,نماد,نام,تعداد,حجم,ارزش,دیروز,اولین,آخرین معامله - مقدار,آخرین معامله - تغییر,آخرین معامله - درصد,قیمت پایانی - مقدار,قیمت پایانی - تغییر,قیمت پایانی - درصد,کمترین,بیشترین,تاریخ
0,پترول,گروه پتروشيمي س. ايرانيان,81886,481148873,8477002732450,17300,18160,18100,800,4.62,17620,320,1.85,16520,18160,1399-7-6
1,زملارد,كشاورزي و دامپروري ملارد شير,59318,10463929,509057488445,46686,49020,49020,2334,5.0,48649,1963,4.2,44352,49020,1399-7-6
2,دارا يكم,صندوق واسطه گري مالي يكم-سهام,47185,17186143,3376826031640,216300,205500,194670,-21630,-10.0,196490,-19810,-9.16,194670,205500,1399-7-6
3,شاروم,پتروشيمي اروميه,37434,1002950,14939943200,14187,14896,14896,709,5.0,14387,200,1.41,14896,14896,1399-7-6
4,صبا,سرمايه گذاري صبا تامين,29560,142944517,1846654510087,12966,13614,12501,-465,-3.59,12919,-47,-0.36,12318,13614,1399-7-6
5,ثاميد,توسعه و عمران اميد,27986,163480803,434995834220,2760,2700,2630,-130,-4.71,2660,-100,-3.62,2630,2700,1399-7-6
6,رافزا,رايان هم افزا,21483,267587,8339348855,29681,31165,31165,1484,5.0,29916,235,0.79,31165,31165,1399-7-6
7,تاپيكو,س. نفت و گاز و پتروشيمي تأمين,21372,163282726,3503489782000,20870,21910,21910,1040,4.98,21460,590,2.83,19830,21910,1399-7-6
8,سيتا,سرمايه گذاري سيمان تامين,20245,30062810,608701137820,20920,21110,19880,-1040,-4.97,20250,-670,-3.2,19880,21110,1399-7-6
9,وسپهر,سرمايه گذاري مالي سپهرصادرات,18966,15610561,173167953173,10565,11093,11093,528,5.0,11093,528,5.0,11093,11093,1399-7-6
10,دي,بانك دي,18835,46346397,2496711380284,56070,58873,53267,-2803,-5.0,53871,-2199,-3.92,53267,58873,1399-7-6
11,ولپارس,ليزينگ پارسيان,18779,1937760,8138592000,4000,4200,4200,200,5.0,4020,20,0.5,4200,4200,1399-7-6
12,مدير,ص.س.مديريت ثروت ص.بازنشستگي-س,18299,62571274,915954643041,14044,14998,15290,1246,8.87,14639,595,4.24,13020,15448,1399-7-6
13,وبملت,بانك ملت,17719,376626727,2151175943500,5970,5970,5680,-290,-4.86,5710,-260,-4.36,5680,5990,1399-7-6
14,وتجارت,بانك تجارت,16502,742331833,2186692974580,3060,3000,2910,-150,-4.9,2950,-110,-3.59,2910,3040,1399-7-6
15,فولاد,فولاد مباركه اصفهان,15092,100078046,1888645817530,19810,19430,18820,-990,-5.0,18870,-940,-4.75,18820,19800,1399-7-6
16,فملي,ملي‌ صنايع‌ مس‌ ايران‌,13835,51584410,1585249502240,32180,31950,30580,-1600,-4.97,30730,-1450,-4.51,30580,31950,1399-7-6
17,آريا,پليمر آريا ساسول,13442,5559750,1004068420068,190088,180700,180584,-9504,-5.0,180596,-9492,-4.99,180584,180900,1399-7-6
18,شگويا,پتروشيمي تندگويان,13177,63761781,1110926749282,17930,18000,17034,-896,-5.0,17423,-507,-2.83,17034,18400,1399-7-6
19,پترولح,ح . گروه پتروشيمي س. ايرانيان,11726,75347856,1203140923590,17150,17200,16300,-850,-4.96,15970,-1180,-6.88,15440,18000,1399-7-6
20,فرابورس,فرابورس ايران,8469,19510676,1217559217168,62434,65555,60000,-2434,-3.9,62405,-29,-0.05,59313,65555,1399-7-6
21,امين,تامين سرمايه امين,7223,6092609,82700892330,14170,14000,13470,-700,-4.94,13570,-600,-4.23,13470,14000,1399-7-6
22,غگيلا,شيرپاستوريزه پگاه گيلان,6483,93778,1533551634,15575,16353,16353,778,5.0,15598,23,0.15,16353,16353,1399-7-6
23,فارس,صنايع پتروشيمي خليج فارس,5942,18904286,608590720410,33570,33570,31900,-1670,-4.97,32190,-1380,-4.11,31900,33570,1399-7-6
24,كمند,صندوق س. با درآمد ثابت كمند,4944,232462414,2357865387550,10130,10140,10140,10,0.1,10140,10,0.1,10140,10160,1399-7-6
25,آگاس,صندوق س.هستي بخش آگاه-س,4528,4246353,310481368671,78405,76000,72185,-6220,-7.93,73117,-5288,-6.74,71750,76000,1399-7-6
26,شسپا,نفت سپاهان,4254,22432511,498969886460,21960,23050,21410,-550,-2.5,22240,280,1.28,20900,23050,1399-7-6
27,خودرو,ايران‌ خودرو,4061,44632756,123632734120,2910,2770,2770,-140,-4.81,2770,-140,-4.81,2770,2770,1399-7-6
28,شبندر,پالايش نفت بندرعباس,3987,7262612,302362998550,43700,42000,41520,-2180,-4.99,41630,-2070,-4.74,41520,42200,1399-7-6
29,شصدفح,ح . صنعتي دوده فام,3947,2727905,53766196318,20605,20700,19575,-1030,-5.0,19710,-895,-4.34,19575,20700,1399-7-6
30,ذوب,سهامي ذوب آهن  اصفهان,3850,42181217,229941908420,5737,5451,5451,-286,-4.99,5451,-286,-4.99,5451,5500,1399-7-6
31,سيمرغ,سيمرغ,3630,15945883,339526810680,21470,22540,21490,20,0.09,21290,-180,-0.84,20400,22540,1399-7-6
32,وتوس,توسعه‌شهري‌توس‌گستر,3587,14870017,393223786430,25980,27270,25430,-550,-2.12,26440,460,1.77,24690,27270,1399-7-6
33,كدماح,ح . معدني‌ دماوند,3565,4508859,527298532840,108330,113750,119160,10830,10.0,116950,8620,7.96,110570,119160,1399-7-6
34,وپارس,بانك‌پارسيان‌,3439,94926302,365573688470,4050,3850,3850,-200,-4.94,3850,-200,-4.94,3850,3900,1399-7-6
35,وغدير,سرمايه‌گذاري‌غدير(هلدينگ‌,3418,21337154,366223799050,18040,17600,17140,-900,-4.99,17160,-880,-4.88,17140,17600,1399-7-6
36,وپاسار,بانك  پاسارگاد,3328,47136593,466156946210,10310,10000,9800,-510,-4.95,9890,-420,-4.07,9800,10200,1399-7-6
37,امين يكم,صندوق درآمد ثابت امين يكم فردا,3287,125943864,1300935163330,10330,10330,10330,0,0.0,10330,0,0.0,10310,10350,1399-7-6
38,تماوند,تامين سرمايه دماوند,3282,51465917,628797918953,11912,12269,12269,357,3.0,12218,306,2.57,11555,12269,1399-7-6
39,فروي,ذوب روي اصفهان,3217,3373178,208243927104,64218,66300,61008,-3210,-5.0,61735,-2483,-3.87,61008,66300,1399-7-6
40,غپينو,پارس‌ مينو,3193,28715163,163756161290,5520,5290,5790,270,4.89,5700,180,3.26,5290,5790,1399-7-6
41,شصدف,صنعتي دوده فام,2906,157497,3193566669,19312,20277,20277,965,5.0,19371,59,0.31,20277,20277,1399-7-6
42,بزاگرسح,ح . نيروگاه زاگرس كوثر,2822,28647498,238781570027,8086,8490,8220,134,1.66,8335,249,3.08,7820,8490,1399-7-6
43,ثباغ,شهر سازي و خانه سازي باغميشه,2782,18897507,379623323729,19785,20774,20379,594,3.0,20089,304,1.54,19780,20774,1399-7-6
44,هرمز,فولاد هرمزگان جنوب,2598,18945505,259307567793,13890,14584,13196,-694,-5.0,13687,-203,-1.46,13196,14584,1399-7-6
45,كيان,صندوق س. با درآمد ثابت كيان,2581,119776011,3031721674330,25320,25330,25310,-10,-0.04,25310,-10,-0.04,25300,25380,1399-7-6
46,ارزش,صندوق س ارزش آفرين بيدار-سهام,2548,14621255,164172614340,12200,11950,11100,-1100,-9.02,11230,-970,-7.95,10990,11950,1399-7-6
47,وملل,اعتباري ملل,2376,23568539,303005184778,13411,13411,12741,-670,-5.0,12856,-555,-4.14,12741,13700,1399-7-6
48,تايرا,تراكتورسازي‌ايران‌,2228,10727404,237752174290,21170,22220,22220,1050,4.96,22160,990,4.68,21310,22220,1399-7-6
49,وتوشه,سرمايه‌ گذاري‌ پارس‌ توشه‌,2196,12318278,279952435720,22510,23630,21760,-750,-3.33,22730,220,0.98,21390,23630,1399-7-6
50,كچاد,معدني‌وصنعتي‌چادرملو,2107,9561999,206249949980,22520,22400,21400,-1120,-4.97,21570,-950,-4.22,21400,22400,1399-7-6
51,حاريا,كشتيراني آريا,2101,14637793,439550916181,30202,31108,30190,-12,-0.04,30028,-174,-0.58,29296,31108,1399-7-6
52,كحافظ,كاشي‌ وسراميك‌ حافظ‌,2062,8057365,132695258570,17070,16800,16220,-850,-4.98,16470,-600,-3.51,16220,17410,1399-7-6
53,شتران,پالايش نفت تهران,2041,8726509,204985696410,24720,23490,23490,-1230,-4.98,23490,-1230,-4.98,23490,23490,1399-7-6
54,وتوكا,سرمايه‌گذاري‌توكافولاد(هلدينگ,2041,11686787,149900091390,12910,13400,12500,-410,-3.18,12830,-80,-0.62,12270,13420,1399-7-6
55,قرن,پديده شيمي قرن,2022,1418596,74835054300,54220,54900,52360,-1860,-3.43,52750,-1470,-2.71,51510,56350,1399-7-6
56,افق,فروشگاههاي زنجيره اي افق كوروش,1980,2921289,220277273340,78990,79000,75140,-3850,-4.87,75400,-3590,-4.54,75050,79000,1399-7-6
57,خساپا,سايپا,1964,17842383,40859057070,2410,2290,2290,-120,-4.98,2370,-40,-1.66,2290,2290,1399-7-6
58,غبشهر,صنعتي‌ بهشهر,1917,8366884,196034152590,22650,23780,23000,350,1.55,23430,780,3.44,21730,23780,1399-7-6
59,لوتوس,تامين سرمايه لوتوس پارسيان,1826,14152238,221846777660,14960,15700,15700,740,4.95,15680,720,4.81,15470,15700,1399-7-6
60,آوا,صندوق س.سهام آواي معيار-س,1825,8071528,81018795829,11014,10700,9919,-1095,-9.94,10038,-976,-8.86,9891,10700,1399-7-6
61,اعتماد,صندوق س.اعتماد آفرين پارسيان-د,1810,60547650,1971091302700,32532,32557,32548,16,0.05,32554,22,0.07,32547,32562,1399-7-6
62,چدن,توليدي چدن سازان,1805,7042067,198562542060,27890,29280,27070,-820,-2.94,28200,310,1.11,26500,29280,1399-7-6
63,سباقر,سيمان باقران,1766,12643328,237512190941,18016,18400,18916,900,5.0,18786,770,4.27,18000,18916,1399-7-6
64,ساينا,صنايع بهداشتي ساينا,1758,667370,142023566258,210708,221243,205100,-5608,-2.66,212811,2103,1.0,200173,221243,1399-7-6
65,شپنا,پالايش نفت اصفهان,1714,2932512,77418316800,27780,26400,26400,-1380,-4.97,26820,-960,-3.46,26400,26400,1399-7-6
66,فخوز,فولاد  خوزستان,1687,5297741,230151476380,45650,43700,43370,-2280,-4.99,43440,-2210,-4.84,43370,44270,1399-7-6
67,بپاس,بيمه پاسارگاد,1687,2367258,150039441523,65495,66000,62221,-3274,-5.0,63381,-2114,-3.23,62221,66200,1399-7-6
68,وآيند,بانك  آينده,1678,108041507,2809619389535,26535,26005,26005,-530,-2.0,26005,-530,-2.0,26005,26005,1399-7-6
69,مارون,پتروشيمي مارون,1647,1239856,176891288791,140124,147130,140000,-124,-0.09,142671,2547,1.82,133118,147130,1399-7-6
70,كويرح,ح. توليدي فولاد سپيد فراب كوير,1616,9683913,93221771090,10630,10020,9590,-1040,-9.78,9630,-1000,-9.41,9570,10390,1399-7-6
71,ارفع,شركت آهن و فولاد ارفع,1601,5566163,113873726712,21207,21207,20147,-1060,-5.0,20458,-749,-3.53,20147,21220,1399-7-6
72,سمگا,گروه سرمايه گذاري ميراث فرهنگي,1581,15851793,280851205697,18520,18150,17594,-926,-5.0,17717,-803,-4.34,17594,18480,1399-7-6
73,طلا,صندوق س.پشتوانه طلاي لوتوس,1556,660400,73773892690,116578,117000,111500,-5078,-4.36,111711,-4867,-4.17,107010,117000,1399-7-6
74,ونفت,سرمايه‌گذاري‌ صنعت‌ نفت‌,1548,13308012,173201313500,13690,13030,13010,-680,-4.97,13010,-680,-4.97,13010,13370,1399-7-6
75,سرو,صندوق س سروسودمند مدبران-سهام,1533,1196855,79320630150,71010,67810,66310,-4700,-6.62,66270,-4740,-6.68,65000,69000,1399-7-6
76,سرچشمه,سرمايه گذاري مس سرچشمه,1516,26450270,263032371908,10460,9940,9937,-523,-5.0,9944,-516,-4.93,9937,10490,1399-7-6
77,هصادر912,اختيارف ت صادرات-3750-99/12/23,1515,78112555,78112555,1,1,1,0,0.0,1,0,0.0,1,1,1399-7-6
78,سامان,بانك سامان,1506,20128798,250888336171,12764,12500,12382,-382,-2.99,12464,-300,-2.35,12382,12990,1399-7-6
79,وخارزم,سرمايه گذاري خوارزمي,1434,9526695,107074676670,11790,11500,11210,-580,-4.92,11240,-550,-4.66,11210,11500,1399-7-6
80,تكشا,گسترش‌صنايع‌وخدمات‌كشاورزي‌,1426,1733854,151386800830,85060,87900,88000,2940,3.46,87310,2250,2.65,82000,89310,1399-7-6
81,شبريز,پالايش نفت تبريز,1380,2337476,77729771940,34920,33240,33180,-1740,-4.98,33540,-1380,-3.95,33180,34900,1399-7-6
82,ومعادن,توسعه‌معادن‌وفلزات‌,1353,7678407,135881452710,18520,18520,17600,-920,-4.97,17700,-820,-4.43,17600,18520,1399-7-6
83,اپرداز,آتيه داده پرداز,1329,3663034,99130597298,26136,27442,27442,1306,5.0,27062,926,3.54,25030,27442,1399-7-6
84,شبصير,توليدات پتروشيمي قائد بصير,1309,2219937,329028180268,147686,155070,140302,-7384,-5.0,148215,529,0.36,140302,155070,1399-7-6
85,غفارس,شير پاستوريزه پگاه فارس,1306,7199333,70901687874,9659,9177,9880,221,2.29,9848,189,1.96,9177,10120,1399-7-6
86,غصينو,صنعتي مينو,1291,5019065,163527023817,31699,32649,32649,950,3.0,32581,882,2.78,31000,32649,1399-7-6
87,وسبحان,سرمايه گذاري سبحان,1290,14674299,135600881183,9663,9640,9341,-322,-3.33,9241,-422,-4.37,9180,9700,1399-7-6
88,شغدير,پتروشيمي غدير,1288,2277722,112257245645,50574,52400,48046,-2528,-5.0,49285,-1289,-2.55,48046,52400,1399-7-6
89,سدبير,س. تدبيرگران فارس وخوزستان,1280,4639445,130921990807,26964,28312,28180,1216,4.51,28219,1255,4.65,27200,28312,1399-7-6
90,وتوكاح,ح . ‌توكافولاد(هلدينگ‌,1229,6546854,65288684490,10487,10690,9800,-687,-6.55,9973,-514,-4.9,9500,10690,1399-7-6
91,دماوند,توليد نيروي برق دماوند,1173,1781126,113852088137,66329,67000,63013,-3316,-5.0,63921,-2408,-3.63,63013,67400,1399-7-6
92,زاگرس,پتروشيمي زاگرس,1168,1773168,306192897074,180985,182500,171936,-9049,-5.0,172681,-8304,-4.59,171936,182500,1399-7-6
93,نوري,پتروشيمي نوري,1154,769386,135894121360,185390,181000,176130,-9260,-4.99,176630,-8760,-4.73,176130,181000,1399-7-6
94,كيان2,صندوق س. با درآمد ثابت كيان,1145,114500000,114500000,25320,1,1,-25319,-100.0,1,-25319,-100.0,1,1,1399-7-6
95,ونوين,بانك‌اقتصادنوين‌,1143,13426365,57000428320,4430,4430,4210,-220,-4.97,4250,-180,-4.06,4210,4430,1399-7-6
96,كساوه,صنايع‌ كاشي‌ و سراميك‌ سينا,1131,2418136,102420272760,40690,42650,42720,2030,4.99,42360,1670,4.1,40650,42720,1399-7-6
97,وساخت,سرمايه‌ گذاري‌ ساختمان‌ايران‌,1128,5680383,228163614800,42270,40210,40160,-2110,-4.99,40170,-2100,-4.97,40160,41980,1399-7-6
98,بجهرم,توسعه مولد نيروگاهي جهرم,1101,9808481,38576755773,4140,3933,3933,-207,-5.0,3966,-174,-4.2,3933,3933,1399-7-6
99,وسكاب,س.ص.بازنشستگي كاركنان بانكها,1076,15723349,103863281980,6900,6900,6560,-340,-4.93,6610,-290,-4.2,6560,6900,1399-7-6
100,آسيا,بيمه آسيا,1074,2759749,75396477120,28390,28900,26980,-1410,-4.97,27320,-1070,-3.77,26980,28900,1399-7-6
101,اتكام,شركت بيمه اتكايي امين,1039,8198642,63786134270,7999,7700,8100,101,1.26,7780,-219,-2.74,7610,8120,1399-7-6
102,تاصيكو,سرمايه گذاري صدرتامين,1003,7284732,90934583320,13040,13100,12390,-650,-4.98,12620,-420,-3.22,12390,13200,1399-7-6
103,شپديس,پتروشيمي پرديس,999,2473194,282280821730,119780,114340,113800,-5980,-4.99,114140,-5640,-4.71,113800,120000,1399-7-6
104,رتاپ,تجارت الكترونيك  پارسيان,989,4138268,27992337280,7320,7050,6700,-620,-8.47,6780,-540,-7.38,6700,7050,1399-7-6
105,عيار,صندوق س. پشتوانه طلاي مفيد,941,935018,35983946035,40451,40000,38460,-1991,-4.92,38485,-1966,-4.86,37458,40000,1399-7-6
106,پارند,صندوق س. پارند پايدار سپهر,935,22682377,269300014430,11720,11820,11840,120,1.02,11870,150,1.28,11800,11940,1399-7-6
107,شپاكسا,پاكسان‌,929,3516677,91142498800,27050,27000,26510,-540,-2.0,25920,-1130,-4.18,25700,27050,1399-7-6
108,كگل,معدني و صنعتي گل گهر,927,3547062,81046271960,24040,22840,22840,-1200,-4.99,23190,-850,-3.54,22840,23230,1399-7-6
109,غدام,خوراك‌  دام‌ پارس‌,918,723381,106979030330,151060,158610,143510,-7550,-5.0,147890,-3170,-2.1,143510,158610,1399-7-6
110,وخاور,بانك خاورميانه,915,13188893,139061173940,11080,11000,10600,-480,-4.33,10540,-540,-4.87,10530,11000,1399-7-6
111,غسالم,سالمين‌,910,6300431,26776831750,4470,4250,4250,-220,-4.92,4340,-130,-2.91,4250,4250,1399-7-6
112,كيميا,معدني كيمياي زنجان گستران,897,1318551,33112109545,25913,27100,24618,-1295,-5.0,25361,-552,-2.13,24618,27100,1399-7-6
113,وصنعت,سرمايه گذاري توسعه صنعت وتجارت,886,7221922,61824261250,9010,8560,8560,-450,-4.99,8560,-450,-4.99,8560,8600,1399-7-6
114,بكهنوج,توليد برق ماهتاب كهنوج,858,987713,58907203320,62778,59640,59640,-3138,-5.0,59640,-3138,-5.0,59640,59640,1399-7-6
115,ومهان,گروه توسعه مالي مهر آيندگان,854,5296081,105941651032,21025,20074,19974,-1051,-5.0,20004,-1021,-4.86,19974,20880,1399-7-6
116,ثبهساز,بهساز كاشانه تهران,853,3203749,11949983770,3920,3730,3730,-190,-4.85,3870,-50,-1.28,3730,3730,1399-7-6
117,تسه9905,امتياز تسهيلات مسكن مرداد99,841,63533,53209661511,865007,825000,900001,34994,4.05,837512,-27495,-3.18,821800,900001,1399-7-6
118,فاسمين,كالسيمين‌,841,1722064,81458472240,49000,49000,46550,-2450,-5.0,47300,-1700,-3.47,46550,49000,1399-7-6
119,كگازح,ح . شيشه‌ و گاز,832,3398940,50873365270,16530,15410,14880,-1650,-9.98,14970,-1560,-9.44,14880,16300,1399-7-6
120,كفرآور,فرآورده هاي سيمان شرق,796,9312684,208956610923,22437,23110,21764,-673,-3.0,22438,1,0.0,21764,23110,1399-7-6
121,جم,پتروشيمي جم,790,2249148,113206207060,52600,52910,49970,-2630,-5.0,50330,-2270,-4.32,49970,52910,1399-7-6
122,قچار,فراوردههاي غذايي وقند چهارمحال,789,340090,65647198300,188677,198110,188699,22,0.01,193029,4352,2.31,179244,198110,1399-7-6
123,فزرين,زرين معدن آسيا,786,3597468,79134911700,22758,23400,21621,-1137,-5.0,21997,-761,-3.34,21621,23400,1399-7-6
124,آتيمس,صندوق س.آرمان آتيه درخشان مس-س,781,512208,117720307949,237056,233100,228001,-9055,-3.82,229829,-7227,-3.05,225400,235000,1399-7-6
125,تملت,تامين سرمايه بانك ملت,769,5186454,53686171950,10890,10360,10350,-540,-4.96,10350,-540,-4.96,10350,10400,1399-7-6
126,فخاسح,ح . فولاد خراسان,768,2195335,67242282720,31960,33050,29520,-2440,-7.63,30630,-1330,-4.16,28760,33050,1399-7-6
127,ثاصفا,شركت‌ ساختمان‌ اصفهان‌,764,1896979,58842766608,29950,30849,31447,1497,5.0,31019,1069,3.57,28953,31447,1399-7-6
128,شاراك,پتروشيمي شازند,743,4766002,121654131350,26860,26200,25520,-1340,-4.99,25530,-1330,-4.95,25520,26200,1399-7-6
129,همراه,شركت ارتباطات سيار ايران,742,2063422,75562534690,38540,36620,36620,-1920,-4.98,36940,-1600,-4.15,36620,36720,1399-7-6
130,زكوثر,سرمايه گذاري كشاورزي كوثر,739,1434440,31854314650,23300,22300,22140,-1160,-4.98,22550,-750,-3.22,22140,22630,1399-7-6
131,شبهرن,نفت‌ بهران‌,734,809515,47966792980,61900,59220,58810,-3090,-4.99,59840,-2060,-3.33,58810,62300,1399-7-6
132,كرازي,كارخانجات‌توليدي‌شيشه‌رازي‌,733,2033685,35243954990,17940,18200,17050,-890,-4.96,17520,-420,-2.34,17050,18320,1399-7-6
133,دتماد,توليدمواداوليه‌داروپخش‌,726,1903707,79100802120,41640,42990,41980,340,0.82,41550,-90,-0.22,39570,43000,1399-7-6
134,رمپنا,گروه مپنا (سهامي عام),718,1733197,49152648750,29600,29570,28120,-1480,-5.0,29090,-510,-1.72,28120,29570,1399-7-6
135,شيران,س. صنايع‌شيميايي‌ايران,716,1964271,56145490780,30010,28530,28510,-1500,-5.0,29140,-870,-2.9,28510,29450,1399-7-6
136,غويتا,ويتانا,714,3035434,216269227856,72020,74200,68419,-3601,-5.0,71248,-772,-1.07,68419,74200,1399-7-6
137,هكوير910,اختيارف ت كوير-16000-99/10/02,711,4000000,5320000000,1129,1330,1330,201,17.8,1330,201,17.8,1330,1330,1399-7-6
138,كاردان,صندوق س تجارت شاخصي كاردان,710,344049,66832132750,211570,200100,193090,-18480,-8.73,194250,-17320,-8.19,191000,200500,1399-7-6
139,خگستر,گسترش‌سرمايه‌گذاري‌ايران‌خودرو,693,2875150,13484453500,4930,4690,4690,-240,-4.87,4890,-40,-0.81,4690,4690,1399-7-6
140,سپ,پرداخت الكترونيك سامان كيش,691,2388166,49314256130,21410,21410,20850,-560,-2.62,20650,-760,-3.55,20360,21590,1399-7-6
141,پارس,پتروشيمي پارس,683,444709,72725307940,171670,170100,163090,-8580,-5.0,165550,-6120,-3.56,163090,171000,1399-7-6
142,وبشهر,توسعه‌ صنايع‌ بهشهر(هلدينگ,681,4999758,86029881020,17960,18000,17110,-850,-4.73,17210,-750,-4.18,17070,18100,1399-7-6
143,شپارسح,ح . بين‌ المللي‌محصولات پارس‌,664,2844001,31445960365,11959,12010,11000,-959,-8.02,11057,-902,-7.54,10760,12450,1399-7-6
144,فولاژ,فولاد آلياژي ايران,664,1115011,32969430700,30680,31000,29150,-1530,-4.99,30160,-520,-1.69,29150,31000,1399-7-6
145,ثعتما,س. ساختماني اعتماد گستر,660,5868062,214133757892,35462,36525,36525,1063,3.0,36491,1029,2.9,34400,36525,1399-7-6
146,خبهمن,گروه‌بهمن‌,655,4104802,97935706940,24740,24570,23510,-1230,-4.97,23860,-880,-3.56,23510,24570,1399-7-6
147,كاما,باما,651,329993,46717109010,149020,141570,141570,-7450,-5.0,142870,-6150,-4.13,141570,141570,1399-7-6
148,وپترو,سرمايه‌گذاري صنايع پتروشيمي‌,645,3972771,60132894210,15900,15110,15800,-100,-0.63,15140,-760,-4.78,15110,15800,1399-7-6
149,بموتو,موتوژن‌,632,942188,43139385010,47110,48980,46200,-910,-1.93,45980,-1130,-2.4,44950,48980,1399-7-6
150,اطلس,صندوق س.توسعه اندوخته آينده-س,630,208769,41791231717,210805,207000,199061,-11744,-5.57,200179,-10626,-5.04,198503,207000,1399-7-6
151,وسينا,بانك سينا,618,10440432,109058229580,10890,10390,10350,-540,-4.96,10450,-440,-4.04,10350,10890,1399-7-6
152,تنوين,تامين سرمايه نوين,609,5542529,56598623270,10720,10230,10190,-530,-4.94,10210,-510,-4.76,10190,10400,1399-7-6
153,پارسان,گسترش نفت و گاز پارسيان,604,3088174,83025742720,28260,27100,26850,-1410,-4.99,27230,-1030,-3.64,26850,27400,1399-7-6
154,اخابر,مخابرات ايران,604,1671383,29349485480,18480,17560,17560,-920,-4.98,18230,-250,-1.35,17560,17560,1399-7-6
155,پارسيان,بيمه پارسيان,595,4457742,50729363390,10890,11430,11430,540,4.96,11360,470,4.32,11000,11430,1399-7-6
156,جم پيلن,پلي پروپيلن جم - جم پيلن,594,706928,68117770450,101110,101310,96060,-5050,-4.99,96910,-4200,-4.15,96060,101310,1399-7-6
157,واميد,گروه مديريت سرمايه گذاري اميد,584,2681963,117292072250,45030,45250,42780,-2250,-5.0,43730,-1300,-2.89,42780,45800,1399-7-6
158,ستران,سيمان‌ تهران‌,559,1702579,55441209860,34270,32560,32560,-1710,-4.99,32560,-1710,-4.99,32560,33420,1399-7-6
159,بركت,گروه دارويي بركت,551,835961,12673168760,15950,15160,15160,-790,-4.95,15730,-220,-1.38,15160,15160,1399-7-6
160,بپيوند,برق و انرژي پيوندگستر پارس,545,252867,6951566697,28937,27491,27491,-1446,-5.0,28718,-219,-0.76,27491,27491,1399-7-6
161,تيپيكو,سرمايه گذاري دارويي تامين,537,1124426,64388049800,60270,57260,57260,-3010,-4.99,58170,-2100,-3.48,57260,58540,1399-7-6
162,سيدكو,سرمايه گذاري توسعه صنايع سيمان,535,6875969,48368282670,7370,7370,7010,-360,-4.88,7030,-340,-4.61,7010,7500,1399-7-6
163,كوير,توليدي فولاد سپيد فراب كوير,534,1589606,20683936160,13680,13340,13000,-680,-4.97,13430,-250,-1.83,13000,13340,1399-7-6
164,افق ملت,صندوق س در سهام افق ملت,527,333114,48091637020,154180,149000,143100,-11080,-7.19,144370,-9810,-6.36,143070,149000,1399-7-6
165,شكلر,نيروكلر,526,1497135,62740323660,43950,42300,41760,-2190,-4.98,41910,-2040,-4.64,41760,44000,1399-7-6
166,فيروزه,صندوق شاخص30 شركت فيروزه- سهام,523,350789,69182539380,208350,206500,193660,-14690,-7.05,197220,-11130,-5.34,191010,206500,1399-7-6
167,مداران,داده‌پردازي‌ايران‌,520,1100184,31217900230,27030,28380,28380,1350,4.99,27860,830,3.07,28100,28380,1399-7-6
168,پرديس,سرمايه گذاري پرديس,515,4417952,34747382860,8240,8290,7830,-410,-4.98,7980,-260,-3.16,7830,8290,1399-7-6
169,كمنگنز,معادن‌منگنزايران‌,514,403409,37550426180,94620,99350,89890,-4730,-5.0,93500,-1120,-1.18,89890,99350,1399-7-6
170,شوينده,مديريت صنعت شوينده ت.ص.بهشهر,506,1583166,58441473720,38690,37000,37010,-1680,-4.34,36910,-1780,-4.6,36760,39500,1399-7-6
171,زر,صندوق س.پشتوانه سكه طلاي زر,503,258121,16282681699,66004,65270,63100,-2904,-4.4,63082,-2922,-4.43,59404,65270,1399-7-6
172,شگل,گلتاش‌,501,2372731,66301573710,29380,28050,28000,-1380,-4.7,27940,-1440,-4.9,27920,28850,1399-7-6
173,ياقوت,صندوق س ياقوت آگاه-ثابت,501,31260658,346389569620,11090,11150,11080,-10,-0.09,11080,-10,-0.09,11080,11150,1399-7-6
174,شلعاب,لعابيران‌,498,1036672,9399198170,9340,9690,9000,-340,-3.64,9290,-50,-0.54,8890,9690,1399-7-6
175,سفارس,سيمان فارس و خوزستان,490,2221547,35008841600,16570,15760,15750,-820,-4.95,15970,-600,-3.62,15750,15950,1399-7-6
176,پكرمان,گروه‌ صنعتي‌ بارز,480,1223779,24412352450,20520,20850,19850,-670,-3.27,20230,-290,-1.41,19540,20850,1399-7-6
177,تليسه,دامداري تليسه نمونه,478,346395,19438994610,59071,56118,56118,-2953,-5.0,57821,-1250,-2.12,56118,56118,1399-7-6
178,ساروم,سيمان‌اروميه‌,474,847877,22468422490,27020,27000,25670,-1350,-5.0,26790,-230,-0.85,25670,27990,1399-7-6
179,كنور,توسعه معدني و صنعتي صبانور,473,1353287,64300031290,50010,47510,47510,-2500,-5.0,47510,-2500,-5.0,47510,47600,1399-7-6
180,دارا,صندوق س. دارا الگوريتم-د,472,17246923,173147883943,10036,10048,10046,10,0.1,10039,3,0.03,10035,10048,1399-7-6
181,وتوسم,سرمايه‌گذاري‌توسعه‌ملي‌,470,3024940,39018342410,13530,13530,13530,0,0.0,13020,-510,-3.77,12860,13530,1399-7-6
182,چكاپا,گروه صنايع كاغذ پارس,462,2598553,23698803360,9600,9120,9120,-480,-5.0,9350,-250,-2.6,9120,9120,1399-7-6
183,دتمادح,ح . توليدمواداوليه‌داروپخش‌,453,689509,24586263620,36830,37500,36000,-830,-2.25,35660,-1170,-3.18,34060,37500,1399-7-6
184,رانفور,خدمات‌انفورماتيك‌,449,3188472,81757118550,26980,25650,25640,-1340,-4.97,25710,-1270,-4.71,25640,26000,1399-7-6
185,شاملاح,ح . معدني‌ املاح‌  ايران‌,443,252543,14680771820,63160,64210,56840,-6320,-10.01,58130,-5030,-7.96,56840,66000,1399-7-6
186,آرمان,بيمه آرمان,441,10337179,56866947922,5500,5390,5610,110,2.0,5501,1,0.02,5390,5610,1399-7-6
187,سخوز,سيمان خوزستان,436,1285605,27632177040,22150,22800,21050,-1100,-4.97,21790,-360,-1.63,21050,22800,1399-7-6
188,كاريس,صندوق س.سپهر كاريزما-س,435,250959,52870320717,221115,216999,207700,-13415,-6.07,210673,-10442,-4.72,207500,217000,1399-7-6
189,وسپه,سرمايه‌گذاري‌ سپه‌,434,1440904,23700802660,17190,16600,16340,-850,-4.94,16810,-380,-2.21,16340,16860,1399-7-6
190,فروس,فروسيليس‌ ايران‌,431,1070233,21430616110,21070,20020,20020,-1050,-4.98,20590,-480,-2.28,20020,20380,1399-7-6
191,حريل,ريل پردازسير,429,5632910,21442919146,4005,3805,3805,-200,-4.99,3911,-94,-2.35,3805,3900,1399-7-6
192,وگردشح,ح . بانك گردشگري,427,27021590,422671710780,16125,15642,15642,-483,-3.0,15642,-483,-3.0,15642,15642,1399-7-6
193,سكه0012پ01,سكه تمام بهارتحويلي 1روزه رفاه,422,125100,165037249500,1332550,1338000,1319001,-13549,-1.02,1319243,-13307,-1.0,1315001,1338000,1399-7-6
194,ختوقا,قطعات‌ اتومبيل‌ ايران‌,407,2715443,10237220110,3960,3770,3770,-190,-4.8,3920,-40,-1.01,3770,3770,1399-7-6
195,غگل,گلوكوزان‌,399,2185065,10947175650,5270,5010,5010,-260,-4.93,5210,-60,-1.14,5010,5010,1399-7-6
196,هغدير912,اختيارف ت غدير-17380-99/12/16,392,9357250,9357250,1,1,1,0,0.0,1,0,0.0,1,1,1399-7-6
197,خراسان,پتروشيمي خراسان,389,379164,33849432050,93950,89260,89260,-4690,-4.99,91470,-2480,-2.64,89260,93940,1399-7-6
198,امين يكم2,صندوق درآمد ثابت امين يكم فردا,387,38700000,38700000,10330,1,1,-10329,-99.99,1,-10329,-99.99,1,1,1399-7-6
199,مبين,مبين انرژي خليج فارس,384,1152901,30565275240,27840,27800,26450,-1390,-4.99,27420,-420,-1.51,26450,27800,1399-7-6
200,تكنار,مجتمع معادن مس تكنار,380,477498,37919530533,75845,79637,79637,3792,5.0,79413,3568,4.7,73100,79637,1399-7-6
201,واحصا,احياء صنايع خراسان,377,1725427,28817966081,15936,16732,16732,796,4.99,16702,766,4.81,15936,16732,1399-7-6
202,فخاس,فولاد خراسان,372,691122,26848682010,40850,38900,38810,-2040,-4.99,40280,-570,-1.4,38810,40000,1399-7-6
203,اميد,تامين سرمايه اميد,367,5222902,78343530000,15780,15000,15000,-780,-4.94,15000,-780,-4.94,15000,15000,1399-7-6
204,ثمسكن,سرمايه‌گذاري‌ مسكن‌,365,4347252,27474632640,6650,6320,6320,-330,-4.96,6460,-190,-2.86,6320,6320,1399-7-6
205,دسبحان,سبحان دارو,363,1504508,25249912920,17660,16780,16780,-880,-4.98,17190,-470,-2.66,16780,16800,1399-7-6
206,شخارك,پتروشيمي‌ خارك‌,363,596789,28433135990,50030,48330,47530,-2500,-5.0,49310,-720,-1.44,47530,48330,1399-7-6
207,پخش,پخش البرز,362,942169,29187847652,32139,32800,30601,-1538,-4.79,31439,-700,-2.18,30533,32800,1399-7-6
208,وسخراج,شركت س استان خراسان جنوبي,358,23120849,53871578170,2220,2330,2330,110,4.95,2320,100,4.5,2330,2330,1399-7-6
209,وصندوق,سرمايه‌گذاري‌صندوق‌بازنشستگي‌,358,2787088,48695468520,18350,17800,17440,-910,-4.96,17980,-370,-2.02,17440,18000,1399-7-6
210,توريل,توکاريل,352,1593948,28246352508,16878,17721,17721,843,4.99,17326,448,2.65,17721,17721,1399-7-6
211,والبر,سرمايه‌ گذاري‌ البرز(هلدينگ‌,347,1051693,18026018020,18040,17140,17140,-900,-4.99,17690,-350,-1.94,17140,17140,1399-7-6
212,وپست,پست بانك ايران,342,2661683,26591099420,10410,9890,9890,-520,-5.0,10170,-240,-2.31,9890,10410,1399-7-6
213,گوهر,صندوق سكه طلاي كيان,341,153204,11157038334,75689,75999,73000,-2689,-3.55,72825,-2864,-3.78,72001,75999,1399-7-6
214,ذوب تبعي9912,اختيارف.تبعي ذوب991224,322,609953,914929500,1052,1500,1500,448,42.59,1500,448,42.59,1500,1500,1399-7-6
215,ونيكي,سرمايه‌گذاري‌ ملي‌ايران‌,322,1310116,42893197840,34460,32740,32740,-1720,-4.99,33650,-810,-2.35,32740,32740,1399-7-6
216,حفاري,حفاري شمال,322,941228,9468753680,10580,10060,10060,-520,-4.91,10470,-110,-1.04,10060,10060,1399-7-6
217,ارفعح,ح.شركت آهن و فولاد ارفع,317,1419579,23954170439,17578,17050,16700,-878,-4.99,16874,-704,-4.01,16700,17580,1399-7-6
218,وبوعلي,سرمايه‌گذاري‌بوعلي‌,315,1618298,14638739530,9510,9100,9040,-470,-4.94,9360,-150,-1.58,9040,9200,1399-7-6
219,فسازان,غلتك سازان سپاهان,310,1060643,44361712400,43980,42000,41790,-2190,-4.98,41950,-2030,-4.62,41790,42140,1399-7-6
220,شفا,سرمايه گذاري شفادارو,307,386515,23185259540,59920,62900,62900,2980,4.97,59950,30,0.05,56930,62900,1399-7-6
221,ختورح,ح . رادياتور ايران‌,302,1010684,24460055210,26700,24800,24030,-2670,-10.0,24200,-2500,-9.36,24030,25550,1399-7-6
222,شلرد,كود شيميايي اوره لردگان,302,2624122,28857469634,11337,10997,10997,-340,-3.0,11089,-248,-2.19,10997,10997,1399-7-6
223,زشگزا,شير و گوشت زاگرس شهركرد,299,417534,39166553110,95349,100090,90582,-4767,-5.0,94176,-1173,-1.23,90582,100090,1399-7-6
224,صايند,صندوق س. گنجينه آينده روشن-د,295,7094930,71538828180,10067,10066,10099,32,0.32,10083,16,0.16,10060,10099,1399-7-6
225,بفجر,فجر انرژي خليج فارس,293,1457028,42669576860,30770,31450,29240,-1530,-4.97,29940,-830,-2.7,29240,31450,1399-7-6
226,سبهان,سيمان‌ بهبهان‌,293,211555,12038184620,59710,57820,56740,-2970,-4.97,59000,-710,-1.19,56730,59850,1399-7-6
227,كبافق,معادن‌ بافق‌,293,520123,14729883360,29810,28320,28320,-1490,-5.0,29330,-480,-1.61,28320,28320,1399-7-6
228,دسينا,داروسازي‌ سينا,293,763957,21617290990,29770,28290,28290,-1480,-4.97,29090,-680,-2.28,28290,28600,1399-7-6
229,آريان,سرمايه گذاري پارس آريان,292,6370713,88094219364,14255,13828,13828,-427,-3.0,13868,-387,-2.71,13828,13828,1399-7-6
230,ملت,بيمه ملت,292,3703821,44190789000,12500,12420,11880,-620,-4.96,11950,-550,-4.4,11880,12420,1399-7-6
231,دسبحا,گروه دارويي سبحان,291,1149011,19647291200,17760,17060,16880,-880,-4.95,17490,-270,-1.52,16880,17780,1399-7-6
232,كرماشا,صنايع پتروشيمي كرمانشاه,288,988422,47655898340,49820,47500,47330,-2490,-5.0,48700,-1120,-2.25,47330,50990,1399-7-6
233,وصنا,گروه‌صنايع‌بهشهرايران‌,288,1184522,12572328320,10930,11090,10390,-540,-4.94,10850,-80,-0.73,10390,11090,1399-7-6
234,دفارا,داروسازي‌ فارابي‌,285,211159,16031010260,79380,79000,75420,-3960,-4.99,78270,-1110,-1.4,75420,79000,1399-7-6
235,آساس,صندوق س.آسمان آرماني سهام-س,282,279877,45959159285,169902,168090,161900,-8002,-4.71,164212,-5690,-3.35,161900,168100,1399-7-6
236,فاما,صنعتي‌ آما,277,798370,15233835610,19570,20430,18600,-970,-4.96,19420,-150,-0.77,18600,20430,1399-7-6
237,ريشمك,توليد و صادرات ريشمك,273,442486,16548533914,39367,37399,37399,-1968,-5.0,38659,-708,-1.8,37399,37399,1399-7-6
238,اتكاي,بيمه اتكايي ايرانيان,271,1356699,20222210182,14972,15280,15250,278,1.86,14945,-27,-0.18,14300,15280,1399-7-6
239,فباهنر,مس‌ شهيدباهنر,270,245890,13166424250,56270,53480,53460,-2810,-4.99,55490,-780,-1.39,53460,54500,1399-7-6
240,غزر,صنعتي زر ماكارون,269,330300,20121876000,64120,60920,60920,-3200,-4.99,62750,-1370,-2.14,60920,60920,1399-7-6
241,فسپا,گروه‌صنعتي‌سپاهان‌,266,1051658,41992703940,42030,39930,39930,-2100,-5.0,40090,-1940,-4.62,39930,39930,1399-7-6
242,ثشرقح,ح. سرمايه گذاري مسكن شمال شرق,265,1483934,5789773280,4300,4100,3870,-430,-10.0,3900,-400,-9.3,3870,4270,1399-7-6
243,دسبحاح,ح .گروه دارويي سبحان,261,458579,6556536380,15450,15000,14300,-1150,-7.44,14300,-1150,-7.44,14110,15000,1399-7-6
244,فجر,فولاد اميركبيركاشان,259,670425,41372189770,64830,63980,61590,-3240,-5.0,62160,-2670,-4.12,61590,63980,1399-7-6
245,كلر,كلر پارس,252,311757,19104493580,64505,61280,61280,-3225,-5.0,63169,-1336,-2.07,61280,61300,1399-7-6
246,فرآور,فرآوري‌موادمعدني‌ايران‌,251,749245,17084055040,23940,23660,22750,-1190,-4.97,23520,-420,-1.75,22750,23660,1399-7-6
247,كخاك,صنايع‌خاك‌چيني‌ايران‌,246,220438,12508672970,57980,60840,55550,-2430,-4.19,57670,-310,-0.53,55100,60840,1399-7-6
248,شپاس,نفت پاسارگاد,245,515236,10802719032,22042,21020,20940,-1102,-5.0,21798,-244,-1.11,20940,22000,1399-7-6
249,بهپاك,صنعتي بهپاك,243,968805,31721774776,34334,32618,32618,-1716,-5.0,33221,-1113,-3.24,32618,34000,1399-7-6
250,دپارس,پارس‌ دارو,242,247833,24171423060,99790,100000,94810,-4980,-4.99,98700,-1090,-1.09,94810,102900,1399-7-6
251,شرانل,نفت ايرانول,240,617094,16088779330,27439,26068,26068,-1371,-5.0,26965,-474,-1.73,26068,26700,1399-7-6
252,دلر,داروسازي‌ اكسير,239,166197,16192668120,101070,97500,97100,-3970,-3.93,99850,-1220,-1.21,96020,99990,1399-7-6
253,خديزل,بهمن  ديزل,238,442447,17691899476,40896,42350,38852,-2044,-5.0,40582,-314,-0.77,38852,42350,1399-7-6
254,دابور,داروسازي‌ ابوريحان‌,235,214509,8529074930,41590,41590,40000,-1590,-3.82,41260,-330,-0.79,39520,41590,1399-7-6
255,بترانس,ايران‌ ترانسفو,234,309211,11335675260,38580,36660,36660,-1920,-4.98,38180,-400,-1.04,36660,36660,1399-7-6
256,ثپرديسح,ح.سرمايه گذاري مسكن پرديس,231,772741,5982814971,8125,7781,7719,-406,-5.0,7742,-383,-4.71,7719,8015,1399-7-6
257,دالبر,البرزدارو,231,607370,11971144930,20730,19820,19700,-1030,-4.97,20470,-260,-1.25,19700,19820,1399-7-6
258,حخزر,كشتيراني درياي خزر,228,594400,13308627830,23549,22410,22372,-1177,-5.0,23215,-334,-1.42,22372,23200,1399-7-6
259,شيراز,پتروشيمي‌شيراز,226,279419,19446521730,72780,70010,69150,-3630,-4.99,72160,-620,-0.85,69150,73100,1399-7-6
260,وارس,سرمايه گذاري ارس صبا,222,740938,79214445417,110217,106911,106911,-3306,-3.0,106911,-3306,-3.0,106911,106915,1399-7-6
261,ولصنم,ليزينگ‌صنعت‌ومعدن‌,217,695748,5997347760,9070,8620,8620,-450,-4.96,9010,-60,-0.66,8620,8620,1399-7-6
262,شپارس,بين‌ المللي‌ محصولات‌  پارس‌,216,358307,5295236110,15290,15330,14530,-760,-4.97,15240,-50,-0.33,14530,15400,1399-7-6
263,آبادا,توليد نيروي برق آبادان,213,132922,3138288420,24850,23610,23610,-1240,-4.99,24770,-80,-0.32,23610,23610,1399-7-6
264,حسينا,توسعه خدمات دريايي وبندري سينا,211,273320,14954246582,57444,58000,54572,-2872,-5.0,56579,-865,-1.51,54572,58000,1399-7-6
265,ماديرا,صنايع ماشين هاي اداري ايران,210,153636,5569919544,38162,36254,36254,-1908,-5.0,37933,-229,-0.6,36254,36254,1399-7-6
266,سجام,مجتمع سيمان غرب آسيا,209,1895728,24524461624,13250,13249,12588,-662,-5.0,12937,-313,-2.36,12588,13249,1399-7-6
267,كاسپين,داروسازي كاسپين تامين,207,575636,14096432014,25771,24500,24483,-1288,-5.0,25390,-381,-1.48,24483,24993,1399-7-6
268,كاذر,فرآورده‌هاي‌نسوزآذر,204,971815,30724506870,32710,31080,31080,-1630,-4.98,32030,-680,-2.08,31080,33900,1399-7-6
269,زپارس,ملي كشت و صنعت و دامپروري پارس,202,161411,11695209820,76070,76010,73990,-2080,-2.73,75190,-880,-1.16,72270,76010,1399-7-6
270,هبركت912,اختيارف ت بركت-22100-99/12/17,202,360000,1395360000,1680,3876,3876,2196,130.71,3876,2196,130.71,3876,3876,1399-7-6
271,كگهر,سنگ آهن گهرزمين,200,319461,14734105839,48542,46115,46115,-2427,-5.0,48227,-315,-0.65,46115,46550,1399-7-6
272,شنفت,نفت‌ پارس‌,198,625703,35072152650,58990,56070,56050,-2940,-4.98,57150,-1840,-3.12,56050,58050,1399-7-6
273,ثزاگرس,سرمايه گذاري توسعه عمران زاگرس,195,1313763,32541204799,24395,23176,25614,1219,5.0,24769,374,1.53,23176,25614,1399-7-6
274,سكه9912پ04,سكه تمام بهارتحويل1روزه صادرات,194,36700,48516451600,1327544,1339999,1319969,-7575,-0.57,1321974,-5570,-0.42,1315000,1339999,1399-7-6
275,زعف9908پ10,زعفران9908نگين طلاي سرخ(پ),191,77272,6334679198,83057,83100,80950,-2107,-2.54,81979,-1078,-1.3,80400,84896,1399-7-6
276,تسه9906,امتياز تسهيلات مسكن شهريور99,191,3009,2638309248,835054,876806,876806,41752,5.0,876806,41752,5.0,876800,876806,1399-7-6
277,درازك,دارويي‌ رازك‌,189,521183,19212526230,38690,37810,36760,-1930,-4.99,37950,-740,-1.91,36760,38000,1399-7-6
278,ولساپا,ليزينگ رايان‌ سايپا,187,1614602,6135487600,4000,3800,3800,-200,-5.0,3970,-30,-0.75,3800,3800,1399-7-6
279,اعتلاح,ح سرمايه گذاري اعتلاء البرز,186,811374,5664064588,7337,7020,6971,-366,-4.99,6981,-356,-4.85,6971,7062,1399-7-6
280,آكورد,صندوق س. آرمان آتي كوثر-د,183,7561599,216380713498,28599,28630,28610,11,0.04,28616,17,0.06,28609,28630,1399-7-6
281,واتي,سرمايه‌ گذاري‌ آتيه‌ دماوند,183,2326400,31406621540,14190,13610,13490,-700,-4.93,13750,-440,-3.1,13490,13900,1399-7-6
282,وبيمهح,ح . سرمايه‌ گذاري‌ صنعت‌ بيمه‌,183,2582549,4984319570,2140,1930,1930,-210,-9.81,1930,-210,-9.81,1930,1930,1399-7-6
283,كوثر,بيمه كوثر,182,690979,9525734154,14497,13773,13773,-724,-4.99,14357,-140,-0.97,13773,14020,1399-7-6
284,ثاخت,بين‌المللي‌توسعه‌ساختمان,181,1799802,7433182260,4340,4130,4130,-210,-4.84,4310,-30,-0.69,4130,4130,1399-7-6
285,گوهران,سرمايه گذاري توسعه گوهران اميد,180,485784,4679486157,10079,9610,9576,-503,-4.99,10035,-44,-0.44,9576,10079,1399-7-6
286,چكارن,كارتن‌ ايران‌,178,1011123,4175937990,4340,4130,4130,-210,-4.84,4320,-20,-0.46,4130,4130,1399-7-6
287,انرژي3,سايراشخاص بورس انرژي,174,16459,6083081810,389040,369590,369590,-19450,-5.0,387710,-1330,-0.34,369590,369590,1399-7-6
288,كمرجان,بازرگاني و توليدي مرجان كار,172,550288,23147314432,40061,42064,42064,2003,5.0,40939,878,2.19,42064,42064,1399-7-6
289,وپخش,داروپخش‌ (هلدينگ‌,172,161421,18305598840,119270,114110,113310,-5960,-5.0,116970,-2300,-1.93,113310,118000,1399-7-6
290,وهور,مديريت انرژي اميد  تابان هور,172,551606,20646453832,39132,38100,37176,-1956,-5.0,38545,-587,-1.5,37176,38930,1399-7-6
291,سكارون,سيمان كارون,171,164428,18427345175,111515,114855,108170,-3345,-3.0,112009,494,0.44,108170,114855,1399-7-6
292,شكربن,كربن‌ ايران‌,167,256846,16068285760,59590,62560,62560,2970,4.98,60480,890,1.49,62560,62560,1399-7-6
293,ثشرق,سرمايه گذاري مسكن شمال شرق,162,4212821,29026336690,7650,6890,6890,-760,-9.93,7160,-490,-6.41,6890,6890,1399-7-6
294,خپارس,پارس‌ خودرو,161,352513,2950533810,8810,8370,8370,-440,-4.99,8790,-20,-0.23,8370,8370,1399-7-6
295,كرمان,س. توسعه و عمران استان كرمان,158,258730,18627007620,75783,71994,71994,-3789,-5.0,74265,-1518,-2.0,71994,71994,1399-7-6
296,سهگمت,سيمان‌هگمتان‌,155,1367602,25203552990,19370,19800,18410,-960,-4.96,18880,-490,-2.53,18410,19800,1399-7-6
297,فاراك,ماشين‌ سازي‌ اراك‌,155,600282,5468569020,9580,9110,9110,-470,-4.91,9520,-60,-0.63,9110,9110,1399-7-6
298,ضچاد7024,اختيارخ كچاد-23300-1399/07/07,154,4238,124973000,263,200,3,-260,-98.86,29,-234,-88.97,3,200,1399-7-6
299,كالا,بورس كالاي ايران,154,321159,14461789770,47390,45030,45030,-2360,-4.98,46660,-730,-1.54,45030,45030,1399-7-6
300,كاسپينح,ح .داروسازي كاسپين تامين,153,271752,5430655974,21033,20000,19982,-1051,-5.0,19984,-1049,-4.99,19982,20010,1399-7-6
301,ودي,بيمه  دي,151,452830,8784449170,20419,19399,19399,-1020,-5.0,20232,-187,-0.92,19399,19399,1399-7-6
302,خمحركه,نيرو محركه‌,151,439601,3657480320,8750,8320,8320,-430,-4.91,8720,-30,-0.34,8320,8320,1399-7-6
303,بگيلان,توسعه مسير برق گيلان,146,63832,2084816952,34379,32661,32661,-1718,-5.0,34315,-64,-0.19,32661,32661,1399-7-6
304,دارو,كارخانجات‌داروپخش‌,146,91554,4600169330,51490,53780,49460,-2030,-3.94,51370,-120,-0.23,49150,53780,1399-7-6
305,كهمدا,شيشه‌ همدان‌,145,284581,6864446310,25380,24120,24120,-1260,-4.96,25190,-190,-0.75,24120,24200,1399-7-6
306,بذر,صندوق س بذر اميد آفرين-سهام,145,97831,11126007830,119480,114000,118880,-600,-0.5,113730,-5750,-4.81,112900,118880,1399-7-6
307,پتاير,ايران‌ تاير,143,42867,4069792980,99930,94940,94940,-4990,-4.99,99480,-450,-0.45,94940,94940,1399-7-6
308,سبجنو,سيمان‌ بجنورد,143,128887,4083876170,32400,33900,30790,-1610,-4.97,32340,-60,-0.19,30780,33900,1399-7-6
309,دارا2,صندوق س. دارا الگوريتم-د,142,14200000,14200000,10036,1,1,-10035,-99.99,1,-10035,-99.99,1,1,1399-7-6
310,كروي,توسعه‌ معادن‌ روي‌ ايران‌,141,120641,3729013310,32530,30910,30910,-1620,-4.98,32400,-130,-0.4,30910,30910,1399-7-6
311,صنوين,صندوق سرمايه‌گذاري صنوين-مختلط,141,58604,6507978540,114340,114340,111040,-3300,-2.89,111050,-3290,-2.88,111000,114340,1399-7-6
312,دمعيار,صندوق س. توازن معيار-د,140,3577046,35802661352,10016,10016,10014,-2,-0.02,10009,-7,-0.07,10000,10020,1399-7-6
313,ثقزوي,شركت عمران و سازندگي قزوين,139,919169,21765002751,22990,23679,23679,689,3.0,23679,689,3.0,23679,23679,1399-7-6
314,خكرمان,گروه اقتصادي كرمان خودرو,138,1948197,12565870650,6649,6450,6450,-199,-2.99,6517,-132,-1.99,6450,6450,1399-7-6
315,بكام,كارخانجات توليدي شهيد قندي,137,2327306,14592208620,6590,6270,6270,-320,-4.86,6490,-100,-1.52,6270,6270,1399-7-6
316,آپ,آسان پرداخت پرشين,135,844473,16686786480,20800,19760,19760,-1040,-5.0,19760,-1040,-5.0,19760,19760,1399-7-6
317,دشيري,شيرين دارو,134,20296,4032622437,200704,206700,194683,-6021,-3.0,200304,-400,-0.2,194683,206700,1399-7-6
318,دزهراوي,داروسازي‌زهراوي‌,134,501161,5457643290,11460,10890,10890,-570,-4.97,11390,-70,-0.61,10890,10890,1399-7-6
319,سيستم,همكاران سيستم,130,190470,4922241220,26770,27890,26400,-370,-1.38,26680,-90,-0.34,25440,27890,1399-7-6
320,شاملا,معدني‌ املاح‌  ايران‌,128,78991,5460898430,70940,74000,67400,-3540,-4.99,70740,-200,-0.28,67400,74400,1399-7-6
321,گپارس,امور رفاهي كارگزاران پارس,126,76599,9042741747,112432,118053,118053,5621,5.0,114830,2398,2.13,118053,118053,1399-7-6
322,نوين,بيمه نوين,125,1486265,8807606390,6237,5926,5926,-311,-4.99,6178,-59,-0.95,5926,5926,1399-7-6
323,ضخود7057,اختيارخ خودرو-4000-1399/07/09,125,8307,8308000,2,2,1,-1,-50.0,1,-1,-50.0,1,2,1399-7-6
324,هاباد912,اختيارف ت آبادا-30100-99/12/12,122,225000,504000000,1020,2240,2240,1220,119.61,2240,1220,119.61,2240,2240,1399-7-6
325,فيروزا,صندوق بادرآمد ثابت فيروزه آسيا,120,2203936,46056551290,20850,20860,20890,40,0.19,20900,50,0.24,20800,20910,1399-7-6
326,ضجار7022,اختيارخ وتجارت-2800-1399/07/22,117,2851,891167000,433,307,310,-123,-28.41,313,-120,-27.71,250,389,1399-7-6
327,دامين,داروسازي‌ امين‌,114,378638,4990619900,13870,13180,13180,-690,-4.97,13800,-70,-0.5,13180,13200,1399-7-6
328,دتوليد,داروسازي توليد دارو,112,511873,17032062202,35025,33274,33274,-1751,-5.0,34373,-652,-1.86,33274,33274,1399-7-6
329,سخند,صندوق س.سپهرخبرگان نفت-د,111,4427890,44589757750,10081,10071,10070,-11,-0.11,10070,-11,-0.11,10070,10085,1399-7-6
330,قنيشا,قند  نيشابور,111,111236,12649757920,119700,113720,113720,-5980,-5.0,118070,-1630,-1.36,113720,113720,1399-7-6
331,درهآور,دارويي ره آورد تامين,109,132361,3698277105,29394,28010,27925,-1469,-5.0,29279,-115,-0.39,27925,28122,1399-7-6
332,هملت911,اختيارف ت ملت-6770-99/11/25,107,1000000,321000000,558,321,321,-237,-42.47,321,-237,-42.47,321,321,1399-7-6
333,واعتبار,سرمايه گذاري اعتبار ايران,107,640167,4737235800,8220,7400,7400,-820,-9.98,8130,-90,-1.09,7400,7400,1399-7-6
334,دانا,بيمه دانا,107,388299,2520060510,6830,6490,6490,-340,-4.98,6810,-20,-0.29,6490,6490,1399-7-6
335,ثشاهد,سرمايه‌ گذاري‌ شاهد,106,43965,2026346850,48510,46090,46090,-2420,-4.99,48440,-70,-0.14,46090,46090,1399-7-6
336,شراز,پالايش نفت شيراز,106,53085,5487927300,108821,103380,103380,-5441,-5.0,108184,-637,-0.59,103380,103380,1399-7-6
337,اخزا815,اسنادخزانه-م15بودجه98-010406,104,110636,81480333991,735790,736001,736000,210,0.03,736472,682,0.09,735500,738000,1399-7-6
338,ضجار7031,اختيارخ وتجارت-4600-1399/07/22,104,2574,26109000,16,10,9,-7,-43.75,10,-6,-37.5,8,26,1399-7-6
339,وپويا,سرمايه گذاري پويا,103,114908,1340057096,12275,11662,11662,-613,-4.99,12258,-17,-0.14,11662,11662,1399-7-6
340,اخزا817,اسنادخزانه-م17بودجه98-010512,103,177183,128158912427,723029,720600,724000,971,0.13,723314,285,0.04,720600,728000,1399-7-6
341,سكه0011پ02,سكه تمام بهارتحويلي 1روزه ملت,101,19000,25101997500,1335866,1338000,1318200,-17666,-1.32,1321158,-14708,-1.1,1315000,1338000,1399-7-6
342,هبهرن912,اختيارف ت شبهرن-74590-99/12/02,98,76776,550100040,7330,7165,7165,-165,-2.25,7165,-165,-2.25,7165,7165,1399-7-6
343,وساپا,سرمايه‌گذاري‌ سايپا,98,208838,2178180340,10970,10430,10430,-540,-4.92,10940,-30,-0.27,10430,10430,1399-7-6
344,تپولا,مهندسي مرآت پولاد,93,952778,16724112234,17042,17553,17553,511,3.0,17450,408,2.39,17553,17553,1399-7-6
345,قثابت,قند ثابت‌ خراسان‌,91,79779,5902050420,77870,73980,73980,-3890,-5.0,77360,-510,-0.65,73980,73980,1399-7-6
346,زفكا,كشت و دامداري فكا,90,108220,4402389600,42821,40680,40680,-2141,-5.0,42619,-202,-0.47,40680,40680,1399-7-6
347,وآفري,بيمه كارآفرين,89,2124288,36979605504,16901,17408,17408,507,3.0,17408,507,3.0,17408,17408,1399-7-6
348,اخزا808,اسنادخزانه-م8بودجه98-000817,89,55378,45859460622,829219,826011,828053,-1166,-0.14,828117,-1102,-0.13,825101,829489,1399-7-6
349,شجم,صنايع پتروشيمي تخت جمشيد,88,427986,3686671404,8880,8614,8614,-266,-3.0,8836,-44,-0.5,8614,8614,1399-7-6
350,سكه0112پ03,سكه تمام بهارتحويلي1روزه سامان,88,17700,23371709600,1338136,1333142,1319000,-19136,-1.43,1320436,-17700,-1.32,1315600,1333142,1399-7-6
351,سهرمز,سيمان‌هرمزگان‌,88,294223,4619449560,16520,15700,15700,-820,-4.96,16440,-80,-0.48,15700,15800,1399-7-6
352,سقاين,سيمان‌ قائن‌,87,180167,7241121890,42300,40190,40190,-2110,-4.99,41980,-320,-0.76,40190,40480,1399-7-6
353,فسرب,ملي‌ سرب‌وروي‌ ايران‌,87,35322,4117132320,122690,116560,116560,-6130,-5.0,122140,-550,-0.45,116560,116560,1399-7-6
354,شكف,كف,86,1108718,52963458860,45933,47770,47770,1837,4.0,47770,1837,4.0,47770,47770,1399-7-6
355,وگردش,بانك گردشگري,86,1433687,29148290397,20959,20331,20331,-628,-3.0,20767,-192,-0.92,20331,20331,1399-7-6
356,ضچاد7020,اختيارخ كچاد-17300-1399/07/07,85,497,921519000,3802,2800,2000,-1802,-47.4,1854,-1948,-51.24,1209,2800,1399-7-6
357,پيزد,مجتمع صنايع لاستيك يزد,84,10414,1084826380,109652,104170,104170,-5482,-5.0,109527,-125,-0.11,104170,104170,1399-7-6
358,وبهمن,سرمايه‌گذاري‌بهمن‌,84,2648305,45153600250,17940,17050,17050,-890,-4.96,17050,-890,-4.96,17050,17050,1399-7-6
359,پرداخت,به پرداخت ملت,82,78646,3024502430,40470,38450,38450,-2020,-4.99,40340,-130,-0.32,38450,40450,1399-7-6
360,فپنتا,سپنتا,81,35868,11467716960,304500,319720,319720,15220,5.0,307800,3300,1.08,319720,319720,1399-7-6
361,شپلي,پلي اكريل ايران,80,295059,2324769861,8293,7879,7879,-414,-4.99,8242,-51,-0.61,7879,7879,1399-7-6
362,الماس,صندوق س.امين تدبيرگران فردا-س,79,55872,6704252157,123524,123000,121330,-2194,-1.78,119993,-3531,-2.86,119000,125000,1399-7-6
363,تصميم,صندوق س با درآمد ثابت تصميم,79,866503,12646093010,14590,14580,14660,70,0.48,14590,0,0.0,14520,14660,1399-7-6
364,داريك,صندوق س.اعتماد داريك-د,77,2123400,21463744360,10128,10140,10081,-47,-0.46,10108,-20,-0.2,10000,10140,1399-7-6
365,غشهداب,كشت و صنعت شهداب ناب خراسان,75,216097,1117437587,5443,5171,5171,-272,-5.0,5437,-6,-0.11,5171,5171,1399-7-6
366,غگرجي,بيسكويت‌  گرجي‌,74,209282,7456717660,37500,35630,35630,-1870,-4.99,37200,-300,-0.8,35630,35630,1399-7-6
367,غمارگ,مارگارين‌,72,193122,5191119360,28290,26880,26880,-1410,-4.98,28130,-160,-0.57,26880,26880,1399-7-6
368,سدشت,صنايع سيمان دشتستان,71,55046,2163307800,37430,39300,39300,1870,5.0,37510,80,0.21,39300,39300,1399-7-6
369,كي بي سي,شركت كي بي سي,70,136225,4740781035,36571,35000,34743,-1828,-5.0,36393,-178,-0.49,34743,35000,1399-7-6
370,وسقم,شركت س استان قم,68,2653147,3740937270,1350,1410,1410,60,4.44,1350,0,0.0,1410,1410,1399-7-6
371,دعبيد,لابراتوارداروسازي‌  دكترعبيدي‌,67,61202,1995185200,34310,32600,32600,-1710,-4.98,34250,-60,-0.17,32600,32600,1399-7-6
372,ثفارس,عمران‌وتوسعه‌فارس‌,67,128369,1202817530,9860,9370,9370,-490,-4.97,9850,-10,-0.1,9370,9370,1399-7-6
373,ما,بيمه  ما,66,422551,2552619720,6350,6040,6040,-310,-4.88,6330,-20,-0.31,6040,6050,1399-7-6
374,كسرا,سراميك‌هاي‌صنعتي‌اردكان‌,66,151324,2996215200,20840,19800,19800,-1040,-4.99,20770,-70,-0.34,19800,19800,1399-7-6
375,شزنگ,تجهيزنيروي‌زنگان‌,66,71884,6428378271,88431,90199,86664,-1767,-2.0,89064,633,0.72,86663,90199,1399-7-6
376,شپترو,پتروشيمي آبادان,65,382367,2335115269,6428,6107,6107,-321,-4.99,6388,-40,-0.62,6107,6107,1399-7-6
377,اخزا818,اسنادخزانه-م18بودجه98-010614,65,121964,86708773048,711329,711500,712000,671,0.09,710937,-392,-0.06,710000,712000,1399-7-6
378,سپاس,صندوق س. پاداش سهامداري توسعه1,64,1205187,12225044370,10150,10190,10140,-10,-0.1,10140,-10,-0.1,10140,10190,1399-7-6
379,فجام,جام‌دارو,63,54920,3213918400,61600,58520,58520,-3080,-5.0,61390,-210,-0.34,58520,58520,1399-7-6
380,دجابر,داروسازي‌ جابرابن‌حيان‌,60,43959,1739636030,41650,39590,39570,-2080,-4.99,41570,-80,-0.19,39570,39950,1399-7-6
381,ساروج,بين المللي ساروج بوشهر,60,908799,21070674705,23900,23183,23183,-717,-3.0,23185,-715,-2.99,23183,23719,1399-7-6
382,مفاخر,توسعه فناوري اطلاعات خوارزمي,59,82319,3529509444,45132,42876,42876,-2256,-5.0,44962,-170,-0.38,42876,42876,1399-7-6
383,خنصير,مهندسي‌نصيرماشين‌,59,245699,11719842300,53000,47700,47700,-5300,-10.0,51620,-1380,-2.6,47700,47700,1399-7-6
384,واحيا,م .صنايع و معادن احياء سپاهان,59,120698,27774661666,237233,230117,230117,-7116,-3.0,235086,-2147,-0.91,230117,230117,1399-7-6
385,كماسه,تامين‌ ماسه‌ ريخته‌گري‌,59,21623,1288298340,62710,59580,59580,-3130,-4.99,62620,-90,-0.14,59580,59580,1399-7-6
386,دتوزيع,توزيع دارو پخش,58,49510,2365835350,50299,47785,47785,-2514,-5.0,50172,-127,-0.25,47785,47785,1399-7-6
387,وبيمه,سرمايه‌ گذاري‌ صنعت‌ بيمه‌,58,520570,1780349400,3590,3420,3420,-170,-4.74,3580,-10,-0.28,3420,3420,1399-7-6
388,زعف9908پ11,زعفران9908نگين سحرخيز(پ),57,16609,1437659045,83744,84050,86990,3246,3.88,86559,2815,3.36,84050,87209,1399-7-6
389,اخزا814,اسنادخزانه-م14بودجه98-010318,57,90084,67039780122,742662,744001,744900,2238,0.3,744192,1530,0.21,742500,745000,1399-7-6
390,شاوان,پالايش نفت لاوان,56,13755,1512458535,115744,109957,109957,-5787,-5.0,115570,-174,-0.15,109957,109957,1399-7-6
391,اخزا811,اسنادخزانه-م11بودجه98-001013,56,112674,90948821554,806783,806000,807578,795,0.1,807185,402,0.05,803959,809000,1399-7-6
392,بخاور,بيمه زندگي خاورميانه,56,452527,3112480706,7240,6878,6878,-362,-5.0,7216,-24,-0.33,6878,6878,1399-7-6
393,سمازن,سيمان‌مازندران‌,55,105393,916919100,9150,8700,8700,-450,-4.92,9140,-10,-0.11,8700,8700,1399-7-6
394,داوه,داروسازي آوه سينا,54,58190,1018499570,18424,17503,17503,-921,-5.0,18404,-20,-0.11,17503,17503,1399-7-6
395,زعف9908پ05,زعفران9908نگين زرين(پ),52,46416,3943711773,86617,86499,83760,-2857,-3.3,84964,-1653,-1.91,83200,86550,1399-7-6
396,ثروتم,صندوق س. ثروت آفرين پارسيان-س,52,37000,3592488750,98897,98500,96000,-2897,-2.93,97094,-1803,-1.82,95000,98500,1399-7-6
397,زعف9908پ08,زعفران9908نگين روستا(پ),51,13677,1131747255,85954,83400,81300,-4654,-5.41,82748,-3206,-3.73,80133,85400,1399-7-6
398,آسام,صندوق س.آرمان سپهر آشنا-م,51,15320,1572312110,106061,106061,101111,-4950,-4.67,102631,-3430,-3.23,101026,106061,1399-7-6
399,تسه9708,امتياز تسهيلات مسكن آبان97,50,1102,943151002,819976,850000,850110,30134,3.67,855854,35878,4.38,831110,860974,1399-7-6
400,همپنا912,اختيارف ت مپنا-23410-99/12/11,49,94374,235368756,3708,2494,2494,-1214,-32.74,2494,-1214,-32.74,2494,2494,1399-7-6
401,افران,صندوق س افرا نماد پايدار-ثابت,49,172504,2019955680,11850,11730,11700,-150,-1.27,11710,-140,-1.18,11620,11750,1399-7-6
402,ضجار7024,اختيارخ وتجارت-3200-1399/07/22,49,1858,209691000,136,130,110,-26,-19.12,113,-23,-16.91,98,199,1399-7-6
403,شتولي,تولي‌پرس‌,49,589306,10620472732,17329,18022,18022,693,4.0,18022,693,4.0,18022,18022,1399-7-6
404,دسانكو,داروسازي سبحان انكولوژي,48,765692,12372051336,17008,16158,16158,-850,-5.0,16783,-225,-1.32,16158,16158,1399-7-6
405,قصفها,قنداصفهان‌,48,7993,1397256330,184010,174810,174810,-9200,-5.0,183740,-270,-0.15,174810,174810,1399-7-6
406,وملي,گروه‌ صنعتي‌ ملي‌ (هلدينگ‌,47,2030,1027464200,532770,506140,506140,-26630,-5.0,532220,-550,-0.1,506140,506140,1399-7-6
407,اخزا703,اسنادخزانه-م3بودجه97-990721,46,12019,11930414329,990889,993909,992500,1611,0.16,992629,1740,0.18,990503,994999,1399-7-6
408,سفانو,سيمان فارس نو,45,41720,1306253200,32950,31310,31310,-1640,-4.98,32900,-50,-0.15,31310,31310,1399-7-6
409,اخزا809,اسنادخزانه-م9بودجه98-000923,45,108678,88530089335,813679,812176,814622,943,0.12,814609,930,0.11,812176,815000,1399-7-6
410,ارمغان,ص سرمايه گذاري ارمغان ايرانيان,44,289013,2924934890,10110,10120,10120,10,0.1,10120,10,0.1,10120,10130,1399-7-6
411,تسه9709,امتياز تسهيلات مسكن آذر97,43,791,682843052,826932,856278,868278,41346,5.0,863266,36334,4.39,840000,868278,1399-7-6
412,ضجار7036,اختيارخ وتجارت-6500-1399/07/22,43,1512,19685000,10,29,10,0,0.0,13,3,30.0,5,39,1399-7-6
413,سخند2,صندوق س.سپهرخبرگان نفت-د,43,4300000,4300000,10081,1,1,-10080,-99.99,1,-10080,-99.99,1,1,1399-7-6
414,فنفت,صنايع تجهيزات نفت,42,503110,7424897380,15214,14758,14758,-456,-3.0,15039,-175,-1.15,14758,14758,1399-7-6
415,تسه9901,امتياز تسهيلات مسكن فروردين99,42,1318,1151232500,848599,810000,891028,42429,5.0,873469,24870,2.93,810000,891028,1399-7-6
416,هرانف912,اختيارف ت رانفور32120-99/12/03,41,117430,277775137,1761,2746,2746,985,55.93,2365,604,34.3,1849,2746,1399-7-6
417,ضخود1041,اختيارخ خودرو-2500-1399/10/07,41,2010,1417490000,1023,1000,700,-323,-31.57,705,-318,-31.09,700,1000,1399-7-6
418,تسه9904,امتياز تسهيلات مسكن تير99,41,566,504671606,859835,880000,902000,42165,4.9,891646,31811,3.7,850210,902826,1399-7-6
419,داناح,ح . بيمه دانا,39,135795,716983750,5830,6410,5250,-580,-9.95,5280,-550,-9.43,5250,6410,1399-7-6
420,سشرق,سيمان‌ شرق‌,38,70838,516409020,7670,7290,7290,-380,-4.95,7670,0,0.0,7290,7290,1399-7-6
421,كفرا,فراورده‌ هاي‌ نسوزايران‌,38,23600,934088000,41660,39580,39580,-2080,-4.99,41620,-40,-0.1,39580,39580,1399-7-6
422,تسه9812,امتياز تسهيلات مسكن اسفند98,37,665,581758486,836618,874350,878448,41830,5.0,874825,38207,4.57,800500,878448,1399-7-6
423,كدما,معدني‌ دماوند,37,34989,5635678230,153400,161070,161070,7670,5.0,154190,790,0.51,161070,161070,1399-7-6
424,كپارس,كاشي‌ پارس‌,37,17688,1415924400,84260,80050,80050,-4210,-5.0,84130,-130,-0.15,80050,80050,1399-7-6
425,تسه9707,امتياز تسهيلات مسكن مهر97,37,674,573193844,811180,851710,851739,40559,5.0,850436,39256,4.84,840000,851739,1399-7-6
426,گنجين,صندوق س. گنجينه يكم آويد-د,36,760659,8630732465,11341,11350,11350,9,0.08,11346,5,0.04,11320,11360,1399-7-6
427,پكوير,كوير تاير,36,36284,480763000,13940,13250,13250,-690,-4.95,13930,-10,-0.07,13250,13250,1399-7-6
428,لپارس,پارس‌ الكتريك‌,36,3618,1319737860,383960,364770,364770,-19190,-5.0,383420,-540,-0.14,364770,364770,1399-7-6
429,كشرق,صنعتي و معدني شمال شرق شاهرود,36,498733,40459714625,85394,81125,81125,-4269,-5.0,81615,-3779,-4.43,81125,81125,1399-7-6
430,ساربيل,سيمان آرتا اردبيل,36,24157,2609922280,113720,108040,108040,-5680,-4.99,113410,-310,-0.27,108040,108040,1399-7-6
431,كساپا,سايپاشيشه‌,35,255540,5113355400,21060,20010,20010,-1050,-4.99,20950,-110,-0.52,20010,20010,1399-7-6
432,ورنا,سرمايه‌گذاري‌ رنا(هلدينگ‌,35,110762,1161893380,11040,10490,10490,-550,-4.98,11030,-10,-0.09,10490,10490,1399-7-6
433,تسه9808,امتياز تسهيلات مسكن آبان98,35,434,378469631,837333,878999,879199,41866,5.0,872050,34717,4.15,825220,879199,1399-7-6
434,ضشنا7053,اختيارخ شپنا-3758-1399/07/28,35,144,1979625000,15002,15619,15500,498,3.32,13747,-1255,-8.37,11110,16500,1399-7-6
435,اوصتا,صندوق انديشه ورزان صباتامين -د,35,494123,8278634405,16783,16759,16790,7,0.04,16754,-29,-0.17,16710,16899,1399-7-6
436,سايرا,ايرانيت‌,34,31073,1144990304,36310,37036,37036,726,2.0,36370,60,0.17,35584,37036,1399-7-6
437,غديس,پاكديس,34,41237,1394099259,35586,33807,33807,-1779,-5.0,35534,-52,-0.15,33807,33807,1399-7-6
438,ضملي8077,اختيارخ فملي -29750-1399/08/06,34,164,546064000,6289,3020,4050,-2239,-35.6,3330,-2959,-47.05,2980,4050,1399-7-6
439,حفارس,حمل و نقل بين المللي خليج فارس,34,63748,333402040,5500,5230,5230,-270,-4.91,5500,0,0.0,5230,5230,1399-7-6
440,شتوكا,توكا رنگ فولاد سپاهان,33,10853,310699684,30134,28628,28628,-1506,-5.0,30124,-10,-0.03,28628,28628,1399-7-6
441,ضجار7026,اختيارخ وتجارت-3600-1399/07/22,33,1476,63638000,93,50,55,-38,-40.86,43,-50,-53.76,29,55,1399-7-6
442,اخزا806,اسنادخزانه-م6بودجه98-000519,33,29886,25798642350,863271,861567,863504,233,0.03,863235,-36,0.0,861567,865000,1399-7-6
443,وسخراش,شركت س استان خراسان شمالي,33,1525541,2151012810,1350,1410,1410,60,4.44,1350,0,0.0,1410,1410,1399-7-6
444,اخزا721,اسنادخزانه-م21بودجه97-000728,33,33241,27818343197,836882,836883,836916,34,0.0,836868,-14,0.0,836000,837100,1399-7-6
445,هترول911,اختيارف ت پترول-14730-99/11/15,33,500000,500000,1,1,1,0,0.0,1,0,0.0,1,1,1399-7-6
446,پست9908-02,پسته فندقي32-30طلاسبززرند9908,32,762,1156873675,1451394,1523963,1452732,1338,0.09,1518207,66813,4.6,1379029,1523963,1399-7-6
447,هفارس912,اختيارف ت فارس-14576-99/12/13,32,867003,867003,1,1,1,0,0.0,1,0,0.0,1,1,1399-7-6
448,تسه9903,امتياز تسهيلات مسكن خرداد99,32,148,129347097,842067,800001,884170,42103,5.0,873967,31900,3.79,800001,884170,1399-7-6
449,مرقام,ايران‌ارقام‌,32,38179,1035032690,28530,27110,27110,-1420,-4.98,28500,-30,-0.11,27110,27110,1399-7-6
450,زگلدشت,كشت و دام گلدشت نمونه اصفهان,32,39112,1430404064,38496,36572,36572,-1924,-5.0,38438,-58,-0.15,36572,36572,1399-7-6
451,غشهد,شهد ايران ‌,32,65275,482382250,7770,7390,7390,-380,-4.89,7770,0,0.0,7390,7390,1399-7-6
452,ضچاد7013,اختيارخ كچاد-10300-1399/07/07,31,272,2246895000,10762,9000,9000,-1762,-16.37,8261,-2501,-23.24,7500,9001,1399-7-6
453,تسه9710,امتياز تسهيلات مسكن دي 97,30,493,427735491,830620,850733,872000,41380,4.98,867618,36998,4.45,836021,872151,1399-7-6
454,اخزا807,اسنادخزانه-م7بودجه98-000719,30,16305,13692946647,843201,838555,839906,-3295,-0.39,839800,-3401,-0.4,838254,848399,1399-7-6
455,اخزا816,اسنادخزانه-م16بودجه98-010503,30,35710,25976013032,726580,724002,726012,-568,-0.08,727416,836,0.12,724002,729990,1399-7-6
456,دقاضي,داروسازي شهيد قاضي,30,19457,1797713728,95224,92368,92368,-2856,-3.0,94962,-262,-0.28,92368,96999,1399-7-6
457,لكما,كارخانجات‌مخابراتي‌ايران‌,29,84853,981918916,11929,11572,11572,-357,-2.99,11911,-18,-0.15,11572,11572,1399-7-6
458,غنوش,نوش‌ مازندران‌,29,5102,416476260,85920,81630,81630,-4290,-4.99,85880,-40,-0.05,81630,81630,1399-7-6
459,صگل1411,ص اجاره گل گهر 1411-3 ماهه 17%,29,11157,11328019869,1030000,1440000,1020000,-10000,-0.97,1015328,-14672,-1.42,1010000,1040000,1399-7-6
460,رنيك,جنرال مكانيك,29,17516,415321876,24958,23711,23711,-1247,-5.0,24947,-11,-0.04,23711,23711,1399-7-6
461,غپونه,نوش پونه مشهد,29,51215,870142850,17515,16990,16990,-525,-3.0,17491,-24,-0.14,16990,16990,1399-7-6
462,سدور,سيمان‌ دورود,28,64781,505939610,8220,7810,7810,-410,-4.99,8220,0,0.0,7810,7810,1399-7-6
463,قاسم,قاسم ايران,28,62638,956106432,16067,15264,15264,-803,-5.0,16051,-16,-0.1,15264,15264,1399-7-6
464,سكرما,سيمان‌ كرمان‌,27,35373,525289050,15630,14850,14850,-780,-4.99,15620,-10,-0.06,14850,14850,1399-7-6
465,هخود911,اختيارف ت خودرو-3680-99/11/20,27,1000000,518000000,457,518,518,61,13.35,518,61,13.35,518,518,1399-7-6
466,سمتاز,سيمان ممتازان كرمان,27,36854,760222224,21220,20584,20584,-636,-3.0,21197,-23,-0.11,20584,21500,1399-7-6
467,ددام,داروسازي زاگرس فارمد پارس,26,27882,358841340,13540,12870,12870,-670,-4.95,13530,-10,-0.07,12870,12870,1399-7-6
468,ختور,رادياتور ايران‌,26,10408,397481520,40200,38190,38190,-2010,-5.0,40180,-20,-0.05,38190,38190,1399-7-6
469,زعف9908پ16,زعفران9908نگين بيرجند(پ),26,10627,891709341,83374,84100,80551,-2823,-3.39,83910,536,0.64,80200,85500,1399-7-6
470,دبالك,مواد اوليه دارويي البرز بالك,26,96428,1598872668,17453,16581,16581,-872,-5.0,17424,-29,-0.17,16581,16581,1399-7-6
471,فنورد,نوردوقطعات‌ فولادي‌,25,15333,1964463960,122020,128120,128120,6100,5.0,122250,230,0.19,128120,128120,1399-7-6
472,تسه9902,امتياز تسهيلات مسكن ارديبهشت99,25,277,244152742,856674,820000,856675,1,0.0,881418,24744,2.89,820000,899507,1399-7-6
473,خاور,ايران خودرو ديزل,25,53452,371544852,7316,6951,6951,-365,-4.99,7309,-7,-0.1,6951,6951,1399-7-6
474,حتايد,تايدواترخاورميانه,25,15252,279264120,19270,18310,18310,-960,-4.98,19260,-10,-0.05,18310,18310,1399-7-6
475,تسه9711,امتياز تسهيلات مسكن بهمن 97,25,563,486497200,835539,811000,877000,41461,4.96,864116,28577,3.42,811000,877000,1399-7-6
476,غاذر,كشت‌وصنعت‌پياذر,24,23506,2061946320,92330,87720,87720,-4610,-4.99,92130,-200,-0.22,87720,87720,1399-7-6
477,هشير911,اختيارف ت شيراز-73480-99/11/27,24,88000,88000,642,1,1,-641,-99.84,1,-641,-99.84,1,1,1399-7-6
478,وشهر,بانك شهر,24,75266,692823530,9588,9205,9205,-383,-3.99,9583,-5,-0.05,9205,9205,1399-7-6
479,آساميد,صندوق س.مشترك آسمان اميد -د,24,37733,406264107,10753,10786,10761,8,0.07,10767,14,0.13,10750,10787,1399-7-6
480,ثجوان,تامين مسكن جوانان,24,441794,3425670676,8162,7754,7754,-408,-5.0,8088,-74,-0.91,7754,7754,1399-7-6
481,تسه9811,امتياز تسهيلات مسكن بهمن98,24,456,398800486,839434,850000,881405,41971,5.0,874562,35128,4.18,840001,881405,1399-7-6
482,اخزا812,اسنادخزانه-م12بودجه98-001111,24,57026,45425100730,796098,796300,796641,543,0.07,796568,470,0.06,795655,799999,1399-7-6
483,وليز,ليزينگ‌ايران‌,24,30984,300854640,10220,9710,9710,-510,-4.99,10220,0,0.0,9710,9710,1399-7-6
484,هجم911,اختيارف ت جم-38645-99/11/28,24,97939,97939,1,1,1,0,0.0,1,0,0.0,1,1,1399-7-6
485,كمينا,شيشه سازي مينا,24,43306,1372800200,33368,31700,31700,-1668,-5.0,33247,-121,-0.36,31700,31700,1399-7-6
486,خرينگ,رينگ‌سازي‌مشهد,24,82250,2210057500,28280,26870,26870,-1410,-4.99,28210,-70,-0.25,26870,26870,1399-7-6
487,تسه9712,امتياز تسهيلات مسكن اسفند97,24,621,537583295,824716,865951,865890,41174,4.99,865674,40958,4.97,865000,865951,1399-7-6
488,بكاب,صنايع‌جوشكاب‌يزد,24,9197,1162500800,133050,126400,126400,-6650,-5.0,132890,-160,-0.12,126400,126400,1399-7-6
489,ديران,ايران‌دارو,24,112767,2489895360,23240,22080,22080,-1160,-4.99,23180,-60,-0.26,22080,22080,1399-7-6
490,ثاژن,سخت آژند,23,585684,5942935548,10354,10147,10147,-207,-2.0,10228,-126,-1.22,10147,10147,1399-7-6
491,كصدف,كاشي صدف سرام استقلال آباده,22,42742,679896994,15596,15907,15907,311,1.99,15616,20,0.13,15907,15907,1399-7-6
492,غالبر,لبنيات‌ كالبر,22,61214,846589620,14550,13830,13830,-720,-4.95,14530,-20,-0.14,13830,13830,1399-7-6
493,خكاوه,سايپا ديزل,22,634197,4012564419,6660,6327,6327,-333,-5.0,6589,-71,-1.07,6327,6327,1399-7-6
494,تسه9806,امتياز تسهيلات مسكن شهريور98,21,530,463311442,835953,876500,877750,41797,5.0,874173,38220,4.57,811032,877750,1399-7-6
495,ولملت,واسپاري ملت,21,153606,1741892040,11930,11340,11340,-590,-4.95,11910,-20,-0.17,11340,11340,1399-7-6
496,تسه9802,امتياز تسهيلات مسكن ارديبهشت98,20,723,630963466,831402,834215,872972,41570,5.0,872702,41300,4.97,834215,872972,1399-7-6
497,تسه9805,امتياز تسهيلات مسكن مرداد98,20,577,508186356,839608,845000,881588,41980,5.0,880739,41131,4.9,845000,881588,1399-7-6
498,اخزا804,اسنادخزانه-م4بودجه98-000421,20,20229,17694319628,874091,874000,874792,701,0.08,874701,610,0.07,874000,875900,1399-7-6
499,بزاگرس,نيروگاه زاگرس كوثر,20,35733,541104819,15939,15143,15143,-796,-4.99,15930,-9,-0.06,15143,15143,1399-7-6
500,سپاها,سيمان‌سپاهان‌,20,58868,551593160,9860,9370,9370,-490,-4.97,9850,-10,-0.1,9370,9370,1399-7-6
501,سكرد,سيمان كردستان,20,38184,405132240,11160,10610,10610,-550,-4.93,11160,0,0.0,10610,10610,1399-7-6
502,اخزا813,اسنادخزانه-م13بودجه98-010219,20,31892,24234311719,754117,761038,759207,5090,0.67,759887,5770,0.77,751103,761038,1399-7-6
503,آكورد2,صندوق س. آرمان آتي كوثر-د,20,2000000,2000000,28599,1,1,-28598,-100.0,1,-28598,-100.0,1,1,1399-7-6
504,تسه9810,امتياز تسهيلات مسكن دي98,20,408,357111502,834498,858000,876222,41724,5.0,875273,40775,4.89,850000,876222,1399-7-6
505,تسه9809,امتياز تسهيلات مسكن آذر98,19,327,289992998,858151,815244,901058,42907,5.0,886829,28678,3.34,815244,901058,1399-7-6
506,وآرين,شركت توسعه اقتصادي آرين,19,56645,286227185,5209,5053,5053,-156,-2.99,5207,-2,-0.04,5053,5053,1399-7-6
507,زنجان,صنايع كشاورزي وكود زنجان,19,34189,230228726,7088,6734,6734,-354,-4.99,7084,-4,-0.06,6734,6734,1399-7-6
508,حتوكا,حمل‌ونقل‌توكا,18,16835,253366750,15840,15050,15050,-790,-4.99,15840,0,0.0,15050,15050,1399-7-6
509,غمينو,شركت صنايع غذايي مينو شرق,18,34553,502296961,15302,14537,14537,-765,-5.0,15294,-8,-0.05,14537,14537,1399-7-6
510,تسه9803,امتياز تسهيلات مسكن خرداد98,18,250,219736408,838405,862170,880325,41920,5.0,878946,40541,4.84,840008,880325,1399-7-6
511,ضخود7053,اختيارخ خودرو-3200-1399/07/09,18,612,2379000,42,10,1,-41,-97.62,4,-38,-90.48,1,10,1399-7-6
512,حآسا,آسيا سير ارس,18,61304,727801088,12496,11872,11872,-624,-4.99,12486,-10,-0.08,11872,11872,1399-7-6
513,اخزا903,اسنادخزانه-م3بودجه99-011110,18,74973,49721667022,662796,664000,660101,-2695,-0.41,663194,398,0.06,660101,664000,1399-7-6
514,گكوثر,هتل پارسيان كوثر اصفهان,18,1879,331188782,185534,176258,176258,-9276,-5.0,185469,-65,-0.04,176258,176258,1399-7-6
515,اخزا704,اسنادخزانه-م4بودجه97-991022,17,71196,68003841392,952868,955500,955406,2538,0.27,955164,2296,0.24,952400,956000,1399-7-6
516,لابسا,آبسال‌,17,7895,244508150,32590,30970,30970,-1620,-4.97,32580,-10,-0.03,30970,30970,1399-7-6
517,ساذري,آذريت‌,17,4232,786838832,180511,185926,185926,5415,3.0,180716,205,0.11,185926,185926,1399-7-6
518,وگستر,گسترش سرمايه گذاري ايرانيان,17,27414,539233380,20705,19670,19670,-1035,-5.0,20693,-12,-0.06,19670,19670,1399-7-6
519,ضخود7055,اختيارخ خودرو-3600-1399/07/09,17,475,1043000,8,3,6,-2,-25.0,2,-6,-75.0,1,13,1399-7-6
520,ساوه,سيمان ساوه,17,3543,247861194,73639,69958,69958,-3681,-5.0,73620,-19,-0.03,69958,69958,1399-7-6
521,وتوصا,گروه س توسعه صنعتي ايران,17,22951,334396070,15330,14570,14570,-760,-4.96,15320,-10,-0.07,14570,14570,1399-7-6
522,خريخت,صنايع‌ريخته‌گري‌ايران‌,17,75776,456171520,6330,6020,6020,-310,-4.9,6330,0,0.0,6020,6020,1399-7-6
523,شفارا,پتروشيمي فارابي,16,110394,580451652,5534,5258,5258,-276,-4.99,5526,-8,-0.14,5258,5258,1399-7-6
524,غبهنوش,بهنوش‌ ايران‌,16,4968,280294560,59380,56420,56420,-2960,-4.98,59360,-20,-0.03,56420,56420,1399-7-6
525,خمهر,مهركام‌پارس‌,16,15734,128546780,8590,8170,8170,-420,-4.89,8590,0,0.0,8170,8170,1399-7-6
526,وايران,ليزينگ ايرانيان,16,18999,205379190,11370,10810,10810,-560,-4.93,11370,0,0.0,10810,10810,1399-7-6
527,اخزا902,اسنادخزانه-م2بودجه99-011019,16,72772,48711048559,668954,671000,670000,1046,0.16,669365,411,0.06,668223,671000,1399-7-6
528,وسرمد,بيمه  سرمد,15,40099,253906868,6527,6332,6332,-195,-2.99,6524,-3,-0.05,6332,6332,1399-7-6
529,اعتلا,شركت سرمايه گذاري اعتلاء البرز,15,186271,2168380711,12253,11641,11641,-612,-4.99,12225,-28,-0.23,11641,11641,1399-7-6
530,ضملت8032,اختيارخ وبملت-5789-1399/08/28,15,228,941427363,1000,800,1000,0,0.0,997,-3,-0.3,800,1000,1399-7-6
531,كهرام,توليدي گرانيت بهسرام,15,3460,190829380,58055,55153,55153,-2902,-5.0,58026,-29,-0.05,55153,55153,1399-7-6
532,قهكمت,قندهكمتان‌,15,126777,5541422670,46010,43710,43710,-2300,-5.0,45740,-270,-0.59,43710,43710,1399-7-6
533,سرود,سيمان‌شاهرود,15,10259,146908880,15070,14320,14320,-750,-4.98,15070,0,0.0,14320,14320,1399-7-6
534,ثتران,سرمايه گذاري مسكن تهران,15,39327,258142428,6909,6564,6564,-345,-4.99,6907,-2,-0.03,6564,6564,1399-7-6
535,غپآذر,شير پگاه آذربايجان شرقي,15,3266,183108290,59015,56065,56065,-2950,-5.0,59004,-11,-0.02,56065,56065,1399-7-6
536,ضجار7023,اختيارخ وتجارت-3000-1399/07/22,14,477,66640000,215,181,140,-75,-34.88,140,-75,-34.88,111,181,1399-7-6
537,ضچاد7023,اختيارخ كچاد-21300-1399/07/07,14,86,123800000,1500,3180,50,-1450,-96.67,1440,-60,-4.0,50,3180,1399-7-6
538,ضپنا1022,اختيارخ رمپنا-18806-1399/10/09,14,472,2667240000,7753,6000,5800,-1953,-25.19,5651,-2102,-27.11,5500,7000,1399-7-6
539,هنفت912,اختيارف ت نفت-15330-99/12/04,14,100000,49000000,453,490,490,37,8.17,490,37,8.17,490,490,1399-7-6
540,فولاي,صنايع فولاد آلياژي يزد,14,3811,191860984,52993,50344,50344,-2649,-5.0,52982,-11,-0.02,50344,50344,1399-7-6
541,زعف9908پ09,زعفران9908نگين نوين(پ),14,2981,248252400,85106,83200,83000,-2106,-2.47,83278,-1828,-2.15,82400,85000,1399-7-6
542,زماهان,مجتمع توليد گوشت مرغ ماهان,14,6231,157469832,26602,25272,25272,-1330,-5.0,26598,-4,-0.02,25272,25272,1399-7-6
543,دشيمي,شيمي‌ داروئي‌ داروپخش‌,14,3904,219365760,59140,56190,56190,-2950,-4.99,59130,-10,-0.02,56190,56190,1399-7-6
544,ولتجار,واسپاري تجارت وسرمايه ايرانيان,14,100728,665610624,6955,6608,6608,-347,-4.99,6943,-12,-0.17,6608,6608,1399-7-6
545,ضصاد8017,اختيارخ وبصادر-3800-1399/08/11,14,182,111801000,750,800,650,-100,-13.33,614,-136,-18.13,601,800,1399-7-6
546,قشرين,قند شيرين خراسان,13,19212,375652236,20157,19553,19553,-604,-3.0,20145,-12,-0.06,19553,19553,1399-7-6
547,ساراب,سيمان‌ داراب‌,13,6244,74865560,12620,11990,11990,-630,-4.99,12620,0,0.0,11990,11990,1399-7-6
548,پسهند,صنايع‌ لاستيكي‌  سهند,13,22051,1016330590,48510,46090,46090,-2420,-4.99,48460,-50,-0.1,46090,46090,1399-7-6
549,تسه9801,امتياز تسهيلات مسكن فروردين98,13,176,155672552,847603,825000,889983,42380,5.0,884503,36900,4.35,825000,889983,1399-7-6
550,ضشنا7076,اختيارخ شپنا-19864-1399/07/28,13,244,109794000,4805,16,500,-4305,-89.59,450,-4355,-90.63,16,750,1399-7-6
551,هجرت,پخش هجرت,12,5093,295485674,61071,58018,58018,-3053,-5.0,61052,-19,-0.03,58018,58018,1399-7-6
552,زمگسا,كشاورزي‌ ودامپروي‌ مگسال‌,12,9244,244596240,27850,26460,26460,-1390,-4.99,27840,-10,-0.04,26460,26460,1399-7-6
553,خاذين,سايپاآذين‌,12,23280,182980800,8270,7860,7860,-410,-4.96,8270,0,0.0,7860,7860,1399-7-6
554,زير0003پ01,زيره سبز0003كيميابذر(پ),12,121,62209928,494307,515000,509996,15689,3.17,514132,19825,4.01,509996,515000,1399-7-6
555,ميهن,بيمه ميهن,12,30404,157036660,5436,5165,5165,-271,-4.99,5435,-1,-0.02,5165,5165,1399-7-6
556,اراد41,مرابحه عام دولت4-ش.خ 0006,12,300000,291240000000,983000,970800,970800,-12200,-1.24,970800,-12200,-1.24,970800,970800,1399-7-6
557,بايكا,كارخانجات كابلسازي ‌ايران‌,12,15472,635404096,43229,41068,41068,-2161,-5.0,43157,-72,-0.17,41068,41068,1399-7-6
558,ضخود7041,اختيارخ خودرو-1700-1399/07/09,12,121,79126000,1157,10,810,-347,-29.99,654,-503,-43.47,10,851,1399-7-6
559,اخزا810,اسنادخزانه-م10بودجه98-001006,12,18435,14931150660,811324,810000,811488,164,0.02,809935,-1389,-0.17,808601,811488,1399-7-6
560,هصند911,اختيارف ت صندوق-19926-99/11/29,12,100000,12800000,149,128,128,-21,-14.09,128,-21,-14.09,128,128,1399-7-6
561,قشير,قند شيروان قوچان و بجنورد,12,8268,213851820,27226,25865,25865,-1361,-5.0,27220,-6,-0.02,25865,25865,1399-7-6
562,ضخود7056,اختيارخ خودرو-3800-1399/07/09,11,409,811000,5,3,1,-4,-80.0,2,-3,-60.0,1,3,1399-7-6
563,ثپرديس,سرمايه گذاري مسكن پرديس,11,14925,199293525,14055,13353,13353,-702,-4.99,14052,-3,-0.02,13353,13353,1399-7-6
564,غگلستا,شير پاستوريزه پگاه گلستان,11,14344,218459120,16031,15230,15230,-801,-5.0,16027,-4,-0.02,15230,15230,1399-7-6
565,خشرق,الكتريك‌ خودرو شرق‌,11,13028,243884160,19700,18720,18720,-980,-4.97,19690,-10,-0.05,18720,18720,1399-7-6
566,ضغدر8047,اختيارخ وغدير-20000-1399/08/26,11,341,166945000,2114,10,875,-1239,-58.61,490,-1624,-76.82,10,3109,1399-7-6
567,ضخود1040,اختيارخ خودرو-2000-1399/10/07,11,609,616360000,1,1150,1000,999,99900.0,1012,1011,101100.0,1000,1150,1399-7-6
568,پلوله,گازلوله‌,11,81453,1635576240,20489,20080,20080,-409,-2.0,20351,-138,-0.67,20080,20080,1399-7-6
569,بمپنا,توليد برق عسلويه  مپنا,11,13526,1279708386,99590,94611,94611,-4979,-5.0,99456,-134,-0.13,94611,94611,1399-7-6
570,غپاك,لبنيات‌ پاك‌,11,6142,103861220,17790,16910,16910,-880,-4.95,17790,0,0.0,16910,16910,1399-7-6
571,وآذر,سرمايه‌گذاري‌توسعه‌آذربايجان‌,11,1389,163096380,123600,117420,117420,-6180,-5.0,123580,-20,-0.02,117420,117420,1399-7-6
572,دكيمي,كيميدارو,11,10371,253259820,25700,24420,24420,-1280,-4.98,25690,-10,-0.04,24420,24420,1399-7-6
573,فسديد,لوله‌وتجهيزات‌ سديد - ورشكسته,11,5036,623492052,125057,123807,123807,-1250,-1.0,124901,-156,-0.12,123807,123807,1399-7-6
574,ضچاد7012,اختيارخ كچاد-9300-1399/07/07,10,64,610048000,11367,10000,9320,-2047,-18.01,9532,-1835,-16.14,8609,10000,1399-7-6
575,خكمك,كمك‌فنرايندامين‌,10,1855,103138000,58520,55600,55600,-2920,-4.99,58510,-10,-0.02,55600,55600,1399-7-6
576,اخزا820,اسنادخزانه-م20بودجه98-020806,10,6744,3981366900,593143,590001,592000,-1143,-0.19,590357,-2786,-0.47,590000,592000,1399-7-6
577,ثعمرا,عمران و توسعه شاهد,10,3736,95144712,26807,25467,25467,-1340,-5.0,26804,-3,-0.01,25467,25467,1399-7-6
578,تسه9807,امتياز تسهيلات مسكن مهر98,10,159,131950858,832364,800000,855000,22636,2.72,829880,-2484,-0.3,800000,873982,1399-7-6
579,كقزوي,شيشه‌ قزوين‌,10,34237,355345823,10700,10379,10379,-321,-3.0,10694,-6,-0.06,10379,10379,1399-7-6
580,نطرين,عطرين نخ قم,10,8068,139068116,18144,17237,17237,-907,-5.0,18141,-3,-0.02,17237,17237,1399-7-6
581,ضفلا8085,اختيارخ فولاد-16775-1399/08/28,10,124,413205000,4534,3500,3200,-1334,-29.42,3332,-1202,-26.51,3200,4800,1399-7-6
582,زبينا,كشاورزي و دامپروري بينالود,10,2265,108919320,50618,48088,48088,-2530,-5.0,50612,-6,-0.01,48088,48088,1399-7-6
583,ضخود7039,اختيارخ خودرو-1500-1399/07/09,10,94,65778000,1009,1250,888,-121,-11.99,700,-309,-30.62,601,1250,1399-7-6
584,بسويچ,پارس‌سويچ‌,10,2843,126399780,46800,44460,44460,-2340,-5.0,46790,-10,-0.02,44460,44460,1399-7-6
585,فبيرا,بسته‌ بندي‌ ايران‌,10,50061,247852011,5211,4951,4951,-260,-4.99,5208,-3,-0.06,4951,4951,1399-7-6
586,ضخود1042,اختيارخ خودرو-3000-1399/10/07,10,322,181100000,769,700,500,-269,-34.98,562,-207,-26.92,500,700,1399-7-6
587,فلوله,لوله‌وماشين‌سازي‌ايران‌,10,87520,2241387200,26950,25610,25610,-1340,-4.97,26890,-60,-0.22,25610,25610,1399-7-6
588,آگاس2,صندوق س.هستي بخش آگاه-س,10,1000000,1000000,78405,1,1,-78404,-100.0,1,-78404,-100.0,1,1,1399-7-6
589,زقيام,كشت و دام قيام اصفهان,10,3994,109359714,28822,27381,27381,-1441,-5.0,28819,-3,-0.01,27381,27381,1399-7-6
590,ثنظام,س. ساختماني نظام مهندسي ايران,9,5481,258061923,49561,47083,47083,-2478,-5.0,49527,-34,-0.07,47083,47083,1399-7-6
591,غچين,كشت‌ و صنعت‌ چين‌ چين,9,4015,189628450,49710,47230,47230,-2480,-4.99,49700,-10,-0.02,47230,47230,1399-7-6
592,لسرما,سرما آفرين‌,9,3199,78183560,25720,24440,24440,-1280,-4.98,25720,0,0.0,24440,24440,1399-7-6
593,فلات,گروه صنايع معادن فلات ايرانيان,9,13712,180861280,13597,13190,13190,-407,-2.99,13593,-4,-0.03,13190,13190,1399-7-6
594,ثنوسا,نوسازي‌وساختمان‌تهران‌,9,27541,325259210,12430,11810,11810,-620,-4.99,12430,0,0.0,11810,11810,1399-7-6
595,ضغدر8043,اختيارخ وغدير-16000-1399/08/26,9,71,202875000,3286,2850,2715,-571,-17.38,2857,-429,-13.06,2715,3000,1399-7-6
596,غگلپا,شير پاستوريزه پگاه گلپايگان,9,1760,129340640,77356,73489,73489,-3867,-5.0,77345,-11,-0.01,73489,73489,1399-7-6
597,ضپيك7033,اختيارخ تاپيكو-21370-99/07/20,9,194,221304000,2000,1003,1500,-500,-25.0,1141,-859,-42.95,1000,1500,1399-7-6
598,رتكو,كنترل‌خوردگي‌تكين‌كو,9,29760,549072000,19420,18450,18450,-970,-4.99,19410,-10,-0.05,18450,18450,1399-7-6
599,سخاش,سيمان‌خاش‌,9,4519,326949650,76150,72350,72350,-3800,-4.99,76120,-30,-0.04,72350,72350,1399-7-6
600,اخزا821,اسنادخزانه-م21بودجه98-020906,8,4860,2836221210,584048,583600,583580,-468,-0.08,583585,-463,-0.08,583580,583600,1399-7-6
601,ضغدر8044,اختيارخ وغدير-17000-1399/08/26,8,112,174469000,3119,10,2001,-1118,-35.84,1558,-1561,-50.05,10,2001,1399-7-6
602,زكشت,كشاورزي مكانيزه اصفهان كشت,8,2696,84826944,33119,31464,31464,-1655,-5.0,33116,-3,-0.01,31464,31464,1399-7-6
603,وزمين,بانك ايران زمين,8,4113,70266492,17432,17084,17084,-348,-2.0,17431,-1,-0.01,17084,17084,1399-7-6
604,آ س پ,آ.س.پ,8,20393,292761908,15111,14356,14356,-755,-5.0,15106,-5,-0.03,14356,14356,1399-7-6
605,آينده,بازرگاني آينده سازان بهشت پارس,8,3633,80358327,23283,22119,22119,-1164,-5.0,23278,-5,-0.02,22119,22119,1399-7-6
606,ركيش,كارت اعتباري ايران كيش,8,6280,102615200,17190,16340,16340,-850,-4.94,17190,0,0.0,16340,16340,1399-7-6
607,ضسپا8018,اختيارخ خساپا-2400-1399/08/26,8,336,131400000,443,400,400,-43,-9.71,391,-52,-11.74,380,400,1399-7-6
608,همعاد911,اختيارف ت معادن-19080-99/11/19,8,100000,100000,25,1,1,-24,-96.0,1,-24,-96.0,1,1,1399-7-6
609,شرنگي,شيميايي رنگين,8,2862,335246094,123302,117137,117137,-6165,-5.0,123193,-109,-0.09,117137,117137,1399-7-6
610,شدوص,دوده‌ صنعتي‌ پارس‌,8,22237,441404450,20890,19850,19850,-1040,-4.98,20880,-10,-0.05,19850,19850,1399-7-6
611,ضجار7019,اختيارخ وتجارت-2200-1399/07/22,8,29,11979000,263,201,755,492,187.07,413,150,57.03,201,800,1399-7-6
612,غشاذر,پگاه‌آذربايجان‌غربي‌,8,14405,317486200,23190,22040,22040,-1150,-4.96,23180,-10,-0.04,22040,22040,1399-7-6
613,هصيكو402,اختيارف ت تاصيكو13500-00/02/20,8,80000,80000,200,1,1,-199,-99.5,1,-199,-99.5,1,1,1399-7-6
614,پلاست,كارخانجات توليدي پلاستيران,8,101997,4323040848,43694,42384,42384,-1310,-3.0,43402,-292,-0.67,42384,42384,1399-7-6
615,ضپيك7030,اختيارخ تاپيكو-17370-99/07/20,8,20,75269000,3996,3700,4000,4,0.1,3763,-233,-5.83,3000,4000,1399-7-6
616,ضفلا8081,اختيارخ فولاد-12775-1399/08/28,8,81,545925000,8400,2575,6900,-1500,-17.86,6740,-1660,-19.76,2575,6900,1399-7-6
617,ولبهمن,شركت بهمن ليزينگ,7,9257,90903740,10336,9820,9820,-516,-4.99,10335,-1,-0.01,9820,9820,1399-7-6
618,سغرب,سيمان‌غرب‌,7,3032,60094240,20860,19820,19820,-1040,-4.99,20860,0,0.0,19820,19820,1399-7-6
619,دكپسول,توليد ژلاتين كپسول ايران,7,1775,68332175,40523,38497,38497,-2026,-5.0,40520,-3,-0.01,38497,38497,1399-7-6
620,زعف9908پ14,زعفران9908پوشالمعمول نوين(پ),7,709,47481550,66704,63969,69998,3294,4.94,66970,266,0.4,63969,69998,1399-7-6
621,ضچاد7016,اختيارخ كچاد-13300-1399/07/07,7,32,184637000,7187,5700,6000,-1187,-16.52,5770,-1417,-19.72,5612,6000,1399-7-6
622,تسه9804,امتياز تسهيلات مسكن تير98,7,84,73916324,840052,879000,882054,42002,5.0,879956,39904,4.75,879000,882054,1399-7-6
623,ضفلا8082,اختيارخ فولاد-13775-1399/08/28,7,19,100540000,6000,5000,5507,-493,-8.22,5292,-708,-11.8,5000,5600,1399-7-6
624,فنوال,نورد آلومينيوم‌,7,2681,97266680,38180,36280,36280,-1900,-4.98,38180,0,0.0,36280,36280,1399-7-6
625,اخزا718,اسنادخزانه-م18بودجه97-000525,7,669,576401940,860714,861500,863000,2286,0.27,861587,873,0.1,861101,863000,1399-7-6
626,بساما,بيمه سامان,7,9514,220239586,24367,23149,23149,-1218,-5.0,24361,-6,-0.02,23149,23149,1399-7-6
627,شفارس,صنايع‌ شيميايي‌ فارس‌,7,4421,147219300,35050,33300,33300,-1750,-4.99,35040,-10,-0.03,33300,33300,1399-7-6
628,قشكر,شكرشاهرود,7,13535,601630750,46780,44450,44450,-2330,-4.98,46750,-30,-0.06,44450,44450,1399-7-6
629,كلوند,كاشي‌ الوند,7,10663,275958440,27240,25880,25880,-1360,-4.99,27230,-10,-0.04,25880,25880,1399-7-6
630,تكمبا,كمباين‌ سازي‌ ايران‌,7,43369,447568080,10860,10320,10320,-540,-4.97,10850,-10,-0.09,10320,10320,1399-7-6
631,دكوثر,داروسازي‌ كوثر,7,3450,87181500,26590,25270,25270,-1320,-4.96,26590,0,0.0,25270,25270,1399-7-6
632,ثغرب,شركت سرمايه گذاري مسكن شمالغرب,7,9637,131805249,14396,13677,13677,-719,-4.99,14394,-2,-0.01,13677,13677,1399-7-6
633,پست9908-04,پسته فندقي32-30سبزدانه9908,7,115,166685520,1473205,1523963,1473205,0,0.0,1449439,-23766,-1.61,1379016,1523963,1399-7-6
634,داسوه,داروسازي‌ اسوه‌,7,6137,190308370,32640,31010,31010,-1630,-4.99,32630,-10,-0.03,31010,31010,1399-7-6
635,ضپاس7021,اختيارخ وپارس-5500-1399/07/30,7,41,5011000,164,52,150,-14,-8.54,122,-42,-25.61,51,150,1399-7-6
636,بنيرو,نيروترانس‌,7,1125,73102500,68400,64980,64980,-3420,-5.0,68390,-10,-0.01,64980,64980,1399-7-6
637,ضملي8082,اختيارخ فملي-39750-1399/08/06,7,60,57989000,2000,1001,1700,-300,-15.0,966,-1034,-51.7,510,1900,1399-7-6
638,كپرور,فرآوري زغال سنگ پروده طبس,7,32793,1356187308,43532,41356,41356,-2176,-5.0,43470,-62,-0.14,41356,41356,1399-7-6
639,ضسپا8033,اختيارخ خساپا-6000-1399/08/26,7,332,18678000,587,60,70,-517,-88.07,56,-531,-90.46,50,70,1399-7-6
640,سشمال,سيمان‌ شمال‌,7,85008,963140640,11920,11330,11330,-590,-4.95,11910,-10,-0.08,11330,11330,1399-7-6
641,ضشنا7075,اختيارخ شپنا-18522-1399/07/28,7,11,12140000,2000,500,1350,-650,-32.5,1104,-896,-44.8,500,1360,1399-7-6
642,سفارود,كارخانه فارسيت درود,7,11185,75912595,7069,6787,6787,-282,-3.99,7067,-2,-0.03,6787,6787,1399-7-6
643,ضخود7048,اختيارخ خودرو-2800-1399/07/09,6,18,433000,112,60,20,-92,-82.14,24,-88,-78.57,20,60,1399-7-6
644,زعف9908پ17,زعفران9908پوشالمعمول بيرجند(پ),6,419,27248071,65847,65999,63369,-2478,-3.76,65031,-816,-1.24,63369,65999,1399-7-6
645,كطبس,ذغال‌سنگ‌ نگين‌ ط‌بس‌,6,2158,108461080,52900,50260,50260,-2640,-4.99,52890,-10,-0.02,50260,50260,1399-7-6
646,فالوم,آلومتك‌,6,13021,434562854,35130,33374,33374,-1756,-5.0,35090,-40,-0.11,33374,33374,1399-7-6
647,سيلام,سيمان‌ ايلام‌,6,2729,27999540,10800,10260,10260,-540,-5.0,10800,0,0.0,10260,10260,1399-7-6
648,قزوين,كارخانجات‌ قند قزوين‌,6,2735,95068600,36580,34760,34760,-1820,-4.98,36580,0,0.0,34760,34760,1399-7-6
649,زدشت,كشت و صنعت دشت خرم دره,6,959,44348955,48678,46245,46245,-2433,-5.0,48676,-2,0.0,46245,46245,1399-7-6
650,ضپيك7022,اختيارخ تاپيكو-9370-99/07/20,6,13,146200000,16000,9000,11800,-4200,-26.25,11246,-4754,-29.71,9000,12800,1399-7-6
651,زشريف,كشت وصنعت شريف آباد,6,2729,72299397,27887,26493,26493,-1394,-5.0,27885,-2,-0.01,26493,26493,1399-7-6
652,اخزا805,اسنادخزانه-م5بودجه98-000422,6,6426,5618559979,874781,873740,874515,-266,-0.03,874348,-433,-0.05,873740,874515,1399-7-6
653,سنوين,سرمايه گذاري اقتصاد نوين,6,4522,49877660,11255,11030,11030,-225,-2.0,11254,-1,-0.01,11030,11030,1399-7-6
654,قشهد,شهد,6,4766,147888980,32660,31030,31030,-1630,-4.99,32650,-10,-0.03,31030,31030,1399-7-6
655,صگل411,ص اجاره گل گهر 411- 3 ماهه 17%,6,46,46030570,1017045,1000000,999990,-17055,-1.68,1000665,-16380,-1.61,997059,1010000,1399-7-6
656,تپمپي,پمپ‌ سازي‌ ايران‌,6,23917,1167867110,51400,48830,48830,-2570,-5.0,51340,-60,-0.12,48830,48830,1399-7-6
657,تبريز112,مشاركت شهرداري تبريز-3ماهه18%,6,545,537725000,1005000,1005000,1000000,-5000,-0.5,986651,-18349,-1.83,975000,1005000,1399-7-6
658,اطلس2,صندوق س.توسعه اندوخته آينده-س,6,60000,60000,210805,1,1,-210804,-100.0,1,-210804,-100.0,1,1,1399-7-6
659,ولانا,شركت ليزينگ آريا دانا,6,3382,77522204,23630,22922,22922,-708,-3.0,23627,-3,-0.01,22922,22922,1399-7-6
660,كرونا2,تامين مالي جمعي صرفا اهداي سود,6,840,8400000,10000,10000,10000,0,0.0,10000,0,0.0,10000,10000,1399-7-6
661,ضخود7040,اختيارخ خودرو-1600-1399/07/09,6,103,92415000,1073,625,910,-163,-15.19,897,-176,-16.4,625,912,1399-7-6
662,كتوكا,توليدي و خدمات صنايع نسوز توكا,6,1601,229227978,150713,143178,143178,-7535,-5.0,150677,-36,-0.02,143178,143178,1399-7-6
663,تشتاد,صنايع توليدي اشتاد ايران‌,6,16041,215173974,13828,13414,13414,-414,-2.99,13823,-5,-0.04,13414,13414,1399-7-6
664,چفيبر,فيبر ايران‌,6,7143,76501530,11270,10710,10710,-560,-4.97,11270,0,0.0,10710,10710,1399-7-6
665,سلار,شركت سيمان لارستان,6,18267,529523796,29884,28988,28988,-896,-3.0,29859,-25,-0.08,28988,28988,1399-7-6
666,بالبر,كابل‌ البرز,6,5558,143896620,27250,25890,25890,-1360,-4.99,27250,0,0.0,25890,25890,1399-7-6
667,پاسا,ايران‌ياساتايرورابر,6,2898,68103000,24730,23500,23500,-1230,-4.97,24730,0,0.0,23500,23500,1399-7-6
668,فنرژي,گسترش صنايع انرژي آذرآب,6,5103,54678645,11161,10715,10715,-446,-4.0,11158,-3,-0.03,10715,10715,1399-7-6
669,ضسپا8016,اختيارخ خساپا-2000-1399/08/26,6,82,17735000,814,121,300,-514,-63.14,216,-598,-73.46,121,300,1399-7-6
670,ضپاس7016,اختيارخ وپارس-4200-1399/07/30,5,37,9219000,282,80,300,18,6.38,249,-33,-11.7,80,500,1399-7-6
671,ضملي8072,اختيارخ فملي -19750-1399/08/06,5,80,535140000,14154,10,3012,-11142,-78.72,6689,-7465,-52.74,10,17700,1399-7-6
672,غشصفا,شيرپاستوريزه‌پگاه‌اصفهان‌,5,5119,137138010,28200,26790,26790,-1410,-5.0,28200,0,0.0,26790,26790,1399-7-6
673,لخزر,پارس‌ خزر,5,1090,228376800,220540,209520,209520,-11020,-5.0,220490,-50,-0.02,209520,209520,1399-7-6
674,وهنر,گروه توسعه هنر ايران,5,25202,123111770,5036,4885,4885,-151,-3.0,5035,-1,-0.02,4885,4885,1399-7-6
675,خكار,ايركا پارت صنعت,5,5290,191392200,38080,36180,36180,-1900,-4.99,38070,-10,-0.03,36180,36180,1399-7-6
676,قپيرا,فرآورده‌هاي‌غدايي‌وقندپيرانشهر,5,703,53526420,80140,76140,76140,-4000,-4.99,80140,0,0.0,76140,76140,1399-7-6
677,سخزر,سيمان‌ خزر,5,1543,45287050,30890,29350,29350,-1540,-4.99,30890,0,0.0,29350,29350,1399-7-6
678,سفار,سيمان‌فارس‌,5,660,66884400,106670,101340,101340,-5330,-5.0,106660,-10,-0.01,101340,101340,1399-7-6
679,اعتماد2,صندوق س.اعتماد آفرين پارسيان-د,5,46000000,46000000,32532,1,1,-32531,-100.0,1,-32531,-100.0,1,1,1399-7-6
680,نمرينو,ايران‌ مرينوس‌,5,2301,145354170,66490,63170,63170,-3320,-4.99,66480,-10,-0.02,63170,63170,1399-7-6
681,خزر,فنرسازي‌زر,5,19817,164877440,8750,8320,8320,-430,-4.91,8750,0,0.0,8320,8320,1399-7-6
682,ولشرق,ليزينگ ايران و شرق,5,37301,317356908,8955,8508,8508,-447,-4.99,8952,-3,-0.03,8508,8508,1399-7-6
683,دفرا,فرآورده‌هاي‌ تزريقي‌ ايران‌,5,2108,56346840,28130,26730,26730,-1400,-4.98,28130,0,0.0,26730,26730,1399-7-6
684,اشاد9,مشاركت دولتي9-شرايط خاص990909,5,40000,39691439300,996544,993001,991001,-5543,-0.56,992286,-4258,-0.43,991001,993001,1399-7-6
685,خعمرا,توسعه و عمران شهرستان نائين,5,102072,1533019368,14582,15019,15019,437,3.0,14614,32,0.22,15019,15019,1399-7-6
686,صايپا908,صكوك مرابحه سايپا908-3ماهه 18%,5,135,135095000,999443,1001000,1000000,557,0.06,1000704,1261,0.13,995000,1001000,1399-7-6
687,كشم0001پ01,كشمش سبز0001خليل آباد(پ),5,100,30996750,304700,300000,319935,15235,5.0,309967,5267,1.73,300000,319935,1399-7-6
688,حپارسا,توسعه حمل و نقل ريلي پارسيان,4,1168,38642112,34825,33084,33084,-1741,-5.0,34824,-1,0.0,33084,33084,1399-7-6
689,ضملي1152,اختيارخ فملي-18252-1399/11/05,4,12,69000000,7000,5750,5750,-1250,-17.86,5750,-1250,-17.86,5750,5750,1399-7-6
690,ضپاس7000,اختيارخ وپارس-1500-1399/07/30,4,4,7043000,3800,1593,1660,-2140,-56.32,1761,-2039,-53.66,1593,2110,1399-7-6
691,ضچاد7017,اختيارخ كچاد-14300-1399/07/07,4,54,259000000,7400,5500,4700,-2700,-36.49,4796,-2604,-35.19,4700,5500,1399-7-6
692,وسالت,بانك قرض الحسنه رسالت,4,5200,22022000,4152,4235,4235,83,2.0,4152,0,0.0,4235,4235,1399-7-6
693,حپترو,حمل و نقل پتروشيمي( سهامي عام,4,722,21970460,32030,30430,30430,-1600,-5.0,32030,0,0.0,30430,30430,1399-7-6
694,زعف9908پ13,زعفران9908پوشالمعمول روستا(پ),4,800,51849877,66998,64000,67000,2,0.0,64812,-2186,-3.26,64000,67000,1399-7-6
695,خچرخش,چرخشگر,4,15590,332690600,22460,21340,21340,-1120,-4.99,22450,-10,-0.04,21340,21340,1399-7-6
696,ضپاس7015,اختيارخ وپارس-4000-1399/07/30,4,53,18206000,689,351,350,-339,-49.2,344,-345,-50.07,300,351,1399-7-6
697,دلقما,دارويي‌ لقمان‌,4,745,25240600,35660,33880,33880,-1780,-4.99,35660,0,0.0,33880,33880,1399-7-6
698,وتجارت2,بانك تجارت,4,390000000,1134900000000,3060,2910,2910,-150,-4.9,2910,-150,-4.9,2910,2910,1399-7-6
699,وثخوز,سرمايه گذاري و توسعه خوزستان,4,1270,45827950,37984,36085,36085,-1899,-5.0,37979,-5,-0.01,36085,36085,1399-7-6
700,ضبدر8056,اختيارخ شبندر-21580-1399/08/18,4,16,224000000,19875,2000,15000,-4875,-24.53,14000,-5875,-29.56,2000,16000,1399-7-6
701,ضجار7025,اختيارخ وتجارت-3400-1399/07/22,4,206,2725000,21,5,100,79,376.19,13,-8,-38.1,5,100,1399-7-6
702,ضملي8085,اختيارخ فملي-51750-1399/08/06,4,36,59301000,447,200,1,-446,-99.78,1647,1200,268.46,1,1950,1399-7-6
703,كمند2,صندوق س. با درآمد ثابت كمند,4,115000000,115000000,10130,1,1,-10129,-99.99,1,-10129,-99.99,1,1,1399-7-6
704,صايپا203,صكوك مرابحه سايپا203-3ماهه 16%,4,316,308860000,970235,950004,992998,22763,2.35,977405,7170,0.74,950000,992998,1399-7-6
705,بشهاب,لامپ‌  پارس‌ شهاب‌,4,342,24107580,74190,70490,70490,-3700,-4.99,74190,0,0.0,70490,70490,1399-7-6
706,هپارس912,اختيارف ت وپارس-5920-99/12/10,4,100000,140900000,1237,1409,1409,172,13.9,1409,172,13.9,1409,1409,1399-7-6
707,وبرق,س.کارکنان صنعت برق زنجان وقزوي,4,382,78993398,213184,206789,206789,-6395,-3.0,213158,-26,-0.01,206789,206789,1399-7-6
708,پلاسك,پلاسكوكار,4,23389,213307680,9590,9120,9120,-470,-4.9,9590,0,0.0,9120,9120,1399-7-6
709,ضخود7044,اختيارخ خودرو-2000-1399/07/09,4,9,6300000,1704,700,700,-1004,-58.92,700,-1004,-58.92,700,700,1399-7-6
710,فافزا,فولاد افزا سپاهان,4,3512,166837560,48974,47505,47505,-1469,-3.0,48961,-13,-0.03,47505,47505,1399-7-6
711,ضفلا8091,اختيارخ فولاد-25775-1399/08/28,4,27,28700000,1000,1000,2700,1700,170.0,1063,63,6.3,1000,2700,1399-7-6
712,سخواف,سيمان مجد خواف,4,2877,47461869,17007,16497,16497,-510,-3.0,17006,-1,-0.01,16497,16497,1399-7-6
713,ضملي1148,اختيارخ فملي-10140-1399/11/05,4,5,77500000,18800,15500,15400,-3400,-18.09,15500,-3300,-17.55,15400,15600,1399-7-6
714,ضجار7028,اختيارخ وتجارت-4000-1399/07/22,4,15,1500000,100,100,100,0,0.0,100,0,0.0,100,100,1399-7-6
715,ضفلا8087,اختيارخ فولاد-18775-1399/08/28,3,9,18003000,3413,2000,2001,-1412,-41.37,2000,-1413,-41.4,2000,2001,1399-7-6
716,ضفلا8089,اختيارخ فولاد-21775-1399/08/28,3,61,80800000,1501,1400,1300,-201,-13.39,1325,-176,-11.73,1300,1400,1399-7-6
717,تملي807,تسهيلات مسكن ب. ملي-مهر98,3,27,7973262,281244,295306,295306,14062,5.0,295306,14062,5.0,295306,295306,1399-7-6
718,ضفلا8088,اختيارخ فولاد-19775-1399/08/28,3,5,9760000,600,2000,1260,660,110.0,1952,1352,225.33,1260,2500,1399-7-6
719,ضخوز7028,اختيارخ فخوز-43470-1399/07/20,3,7,26803000,6231,1001,6000,-231,-3.71,3829,-2402,-38.55,1001,6000,1399-7-6
720,ضملي1154,اختيارخ فملي-24336-1399/11/05,3,9,24899000,2972,2700,2800,-172,-5.79,2767,-205,-6.9,2700,2800,1399-7-6
721,زعف9908پ06,زعفران 9908پوشالمعمول زرين(پ),3,283,18329000,65689,64500,66000,311,0.47,64767,-922,-1.4,64010,66000,1399-7-6
722,ضغدر8040,اختيارخ وغدير-13000-1399/08/26,3,5,11426000,6000,823,3500,-2500,-41.67,2285,-3715,-61.92,823,3500,1399-7-6
723,افران2,صندوق س افرا نماد پايدار-ثابت,3,300000,300000,11850,1,1,-11849,-99.99,1,-11849,-99.99,1,1,1399-7-6
724,ضشنا7057,اختيارخ شپنا-5100-1399/07/28,3,10,100000000,23000,10000,10000,-13000,-56.52,10000,-13000,-56.52,10000,10000,1399-7-6
725,سمگاح,ح. سرمايه گذاري ميراث فرهنگي,3,62320,1029214800,17384,16515,16515,-869,-5.0,16515,-869,-5.0,16515,16515,1399-7-6
726,ثاباد,توريستي ورفاهي آبادگران ايران,3,15183,469762020,32560,30940,30940,-1620,-4.98,32540,-20,-0.06,30940,30940,1399-7-6
727,ضپنا1021,اختيارخ رمپنا-16106-1399/10/09,3,26,224000000,10411,8500,9000,-1411,-13.55,8615,-1796,-17.25,8500,9000,1399-7-6
728,شسم,توليد سموم‌ علف‌ كش,3,5367,431769783,78872,80449,80449,1577,2.0,78939,67,0.08,80449,80449,1399-7-6
729,ضگل8054,اختيارخ كگل-10100-1399/08/21,3,11,110990000,10000,10000,10990,990,9.9,10090,90,0.9,10000,10990,1399-7-6
730,ضپاس7017,اختيارخ وپارس-4400-1399/07/30,3,3,731000,600,30,670,70,11.67,244,-356,-59.33,30,670,1399-7-6
731,ضخود7058,اختيارخ خودرو-4200-1399/07/09,3,4,9000,90,6,1,-89,-98.89,2,-88,-97.78,1,6,1399-7-6
732,دروز,داروسازي‌ روزدارو,3,3238,61133440,19870,18880,18880,-990,-4.98,19870,0,0.0,18880,18880,1399-7-6
733,اخزا720,اسنادخزانه-م20بودجه97-000324,3,5106,4532656467,887090,887647,895000,7910,0.89,887712,622,0.07,887647,895000,1399-7-6
734,شلرد02,كود شيميايي اوره لردگان,3,113,111870000,990000,990000,990000,0,0.0,990000,0,0.0,990000,990000,1399-7-6
735,ضغدر8049,اختيارخ وغدير-24000-1399/08/26,3,53,9824000,3000,10,1400,-1600,-53.33,185,-2815,-93.83,10,1400,1399-7-6
736,ضچاد7018,اختيارخ كچاد-15300-1399/07/07,3,53,175418000,6200,3350,3309,-2891,-46.63,3310,-2890,-46.61,3309,3350,1399-7-6
737,حرهشا,رهشاد سپاهان (سهامي عام,3,900,53250300,62281,59167,59167,-3114,-5.0,62272,-9,-0.01,59167,59167,1399-7-6
738,ضغدر8042,اختيارخ وغدير-15000-1399/08/26,3,11,34905000,4067,3110,3111,-956,-23.51,3173,-894,-21.98,3110,3800,1399-7-6
739,خوساز,محورسازان‌ايران‌خودرو,3,6572,63156920,10110,9610,9610,-500,-4.95,10110,0,0.0,9610,9610,1399-7-6
740,ولراز,ليزينگ رازي,3,810,19559070,24893,24147,24147,-746,-3.0,24892,-1,0.0,24147,24147,1399-7-6
741,ضغدر8045,اختيارخ وغدير-18000-1399/08/26,3,16,30511000,2550,1900,2000,-550,-21.57,1907,-643,-25.22,1900,2000,1399-7-6
742,خفولا,خدمات فني فولاد يزد,3,2988,84177936,29043,28172,28172,-871,-3.0,29039,-4,-0.01,28172,28172,1399-7-6
743,ولغدر,ليزينگ‌خودروغدير,3,106142,1822458140,18070,17170,17170,-900,-4.98,18040,-30,-0.17,17170,17170,1399-7-6
744,نتوس,پشم‌ بافي‌ توس,3,4480,48778240,11224,10888,10888,-336,-2.99,11223,-1,-0.01,10888,10888,1399-7-6
745,ضفلا8076,اختيارخ فولاد-8775-1399/08/28,3,18,162000000,11000,9000,9000,-2000,-18.18,9000,-2000,-18.18,9000,9000,1399-7-6
746,ثرود,سرمايه‌گذاري مسكن زاينده رود,3,5626,69734270,13047,12395,12395,-652,-5.0,13046,-1,-0.01,12395,12395,1399-7-6
747,ضخوز7030,اختيارخ فخوز-51470-1399/07/20,3,45,4545000,1600,101,101,-1499,-93.69,101,-1499,-93.69,101,101,1399-7-6
748,ضخود7050,اختيارخ خودرو-1200-1399/07/09,3,28,36660000,1957,1300,1313,-644,-32.91,1309,-648,-33.11,1300,1313,1399-7-6
749,وپسا,س. پتروشيمي ساختمان  خليج فارس,3,4000,20268000,5333,5067,5067,-266,-4.99,5333,0,0.0,5067,5067,1399-7-6
750,ضشنا7056,اختيارخ شپنا-4765-1399/07/28,3,5,56479000,29562,10,14117,-15445,-52.25,11296,-18266,-61.79,10,14118,1399-7-6
751,تملي712,تسهيلات مسكن ب. ملي-اسفند97,3,30,17322720,549928,577424,577424,27496,5.0,577424,27496,5.0,577424,577424,1399-7-6
752,ضجار7021,اختيارخ وتجارت-2600-1399/07/22,3,20,11700000,642,600,570,-72,-11.21,585,-57,-8.88,570,600,1399-7-6
753,صايپا112,صكوك مرابحه سايپا112-3ماهه 16%,2,24,23520000,980000,980000,980000,0,0.0,980000,0,0.0,980000,980000,1399-7-6
754,غدشت,دشت‌ مرغاب‌,2,69,20082450,306360,291050,291050,-15310,-5.0,306350,-10,0.0,291050,291050,1399-7-6
755,ضخود7054,اختيارخ خودرو-3400-1399/07/09,2,22,44000,4,2,2,-2,-50.0,2,-2,-50.0,2,2,1399-7-6
756,ضبدر8068,اختيارخ شبندر-51580-1399/08/18,2,22,242000,7900,10,12,-7888,-99.85,11,-7889,-99.86,10,12,1399-7-6
757,لپيام,گسترش صنايع پيام,2,2210,69451460,32067,31426,31426,-641,-2.0,32062,-5,-0.02,31426,31426,1399-7-6
758,ضگل8057,اختيارخ كگل-13100-1399/08/21,2,5,22300000,13771,100,11000,-2771,-20.12,4460,-9311,-67.61,100,11000,1399-7-6
759,ضپنا7046,اختيارخ رمپنا-44457-1399/07/13,2,20,39000,10,1,2,-8,-80.0,2,-8,-80.0,1,2,1399-7-6
760,ضگل8058,اختيارخ كگل-14100-1399/08/21,2,2,11800000,14130,5900,5900,-8230,-58.24,5900,-8230,-58.24,5900,5900,1399-7-6
761,كابگن,توليدي و صنعتي آبگينه‌,2,1449,6600195,4510,4555,4555,45,1.0,4510,0,0.0,4555,4555,1399-7-6
762,ضخود7049,اختيارخ خودرو-3000-1399/07/09,2,26,291000,61,12,11,-50,-81.97,11,-50,-81.97,11,12,1399-7-6
763,ضفار1120,اختيارخ فارس-8826-1399/11/07,2,10,195000000,18500,20000,19000,500,2.7,19500,1000,5.41,19000,20000,1399-7-6
764,وسمركز,شركت س استان مركزي,2,100601,147883470,1400,1470,1470,70,5.0,1400,0,0.0,1470,1470,1399-7-6
765,زير0003پ04,زيره سبز0003شركت مينوبذر(پ),2,30,14087760,471914,469592,469592,-2322,-0.49,469592,-2322,-0.49,469592,469592,1399-7-6
766,ضفار8041,اختيارخ فارس-16826-1399/08/06,2,4,6022000,2250,1522,1500,-750,-33.33,1505,-745,-33.11,1500,1522,1399-7-6
767,ثالوند,سرمايه گذاري مسكن الوند,2,3430,45179960,13865,13172,13172,-693,-5.0,13864,-1,-0.01,13172,13172,1399-7-6
768,فمراد,آلومراد,2,730,107952400,155660,147880,147880,-7780,-5.0,155640,-20,-0.01,147880,147880,1399-7-6
769,خلنت,لنت‌ ترمزايران‌,2,164,15124080,97070,92220,92220,-4850,-5.0,97070,0,0.0,92220,92220,1399-7-6
770,شتهران,داروسازي تهران شيمي,2,5000,41935000,8223,8387,8387,164,1.99,8224,1,0.01,8387,8387,1399-7-6
771,ضفلا8086,اختيارخ فولاد-17775-1399/08/28,2,16,33670000,3329,2110,2100,-1229,-36.92,2104,-1225,-36.8,2100,2110,1399-7-6
772,لبوتان,گروه‌صنعتي‌بوتان‌,2,135,10675800,83240,79080,79080,-4160,-5.0,83240,0,0.0,79080,79080,1399-7-6
773,ضملي8069,اختيارخ فملي -16750-1399/08/06,2,15,195000000,17444,13000,13000,-4444,-25.48,13000,-4444,-25.48,13000,13000,1399-7-6
774,كسعدي,كاشي‌ سعدي‌,2,3274,207407900,66680,63350,63350,-3330,-4.99,66670,-10,-0.01,63350,63350,1399-7-6
775,خفنر,فنرسازي‌خاور,2,2431,48498450,21000,19950,19950,-1050,-5.0,21000,0,0.0,19950,19950,1399-7-6
776,تملي802,تسهيلات مسكن ب. ملي-ارديبهشت98,2,12,7300764,579426,608397,608397,28971,5.0,608397,28971,5.0,608397,608397,1399-7-6
777,قمرو,قند مرودشت‌,2,294,10407600,37260,35400,35400,-1860,-4.99,37260,0,0.0,35400,35400,1399-7-6
778,ضپاس7025,اختيارخ وپارس-7500-1399/07/30,2,18,108000,107,5,7,-100,-93.46,6,-101,-94.39,5,7,1399-7-6
779,ضفار8033,اختيارخ فارس-9326-1399/08/06,2,10,120000000,16000,12000,12000,-4000,-25.0,12000,-4000,-25.0,12000,12000,1399-7-6
780,وثنو,سرمايه گذاري ساختماني نوين,2,2278,41124734,18611,18053,18053,-558,-3.0,18610,-1,-0.01,18053,18053,1399-7-6
781,ضفلا8080,اختيارخ فولاد-11775-1399/08/28,2,17,119000000,8990,7000,7000,-1990,-22.14,7000,-1990,-22.14,7000,7000,1399-7-6
782,اشاد10,مشاركت دولتي10-شرايط خاص001226,2,2000,1910000000,968800,955000,955000,-13800,-1.42,955000,-13800,-1.42,955000,955000,1399-7-6
783,ضملت8037,اختيارخ وبملت-8204-1399/08/28,2,4,4633779,361,280,279,-82,-22.71,280,-81,-22.44,279,280,1399-7-6
784,زنگان,صنعت روي زنگان,2,555,86225910,163538,155362,155362,-8176,-5.0,163523,-15,-0.01,155362,155362,1399-7-6
785,پارتا,مجتمع‌صنعتي‌آرتاويل‌تاير,2,249,14926305,63099,59945,59945,-3154,-5.0,63097,-2,0.0,59945,59945,1399-7-6
786,اعتماد4,صندوق س.اعتماد آفرين پارسيان-د,2,87468700,2861556310200,32532,32546,32731,199,0.61,32715,183,0.56,32546,32731,1399-7-6
787,ضچاد7014,اختيارخ كچاد-11300-1399/07/07,2,10,77050000,9100,7705,7705,-1395,-15.33,7705,-1395,-15.33,7705,7705,1399-7-6
788,صايپا012,صكوك مرابحه سايپا012-3ماهه 16%,2,138,135295200,1000000,980400,980400,-19600,-1.96,980400,-19600,-1.96,980400,980400,1399-7-6
789,ضصاد8015,اختيارخ وبصادر-3400-1399/08/11,2,2,2044000,1268,1194,850,-418,-32.97,1022,-246,-19.4,850,1194,1399-7-6
790,ضگل8060,اختيارخ كگل-16100-1399/08/21,2,6,33000000,8490,3000,6000,-2490,-29.33,5500,-2990,-35.22,3000,6000,1399-7-6
791,خفناور,مهندسي صنعتي روان فن آور,2,2215,53917530,25094,24342,24342,-752,-3.0,25092,-2,-0.01,24342,24342,1399-7-6
792,زعف9908پ12,زعفران9908پوشالمعمول سحرخيز(پ),2,150,10338075,68841,68841,69000,159,0.23,68920,79,0.11,68841,69000,1399-7-6
793,ضپاس7020,اختيارخ وپارس-5000-1399/07/30,2,20,3160000,105,60,200,95,90.48,158,53,50.48,60,200,1399-7-6
794,ثامان,سامان‌ گستراصفهان‌,2,743,16056230,22740,21610,21610,-1130,-4.97,22740,0,0.0,21610,21610,1399-7-6
795,كگاز,شيشه‌ و گاز,2,1500,36660000,25720,24440,24440,-1280,-4.98,25720,0,0.0,24440,24440,1399-7-6
796,ضشنا7055,اختيارخ شپنا-4429-1399/07/28,2,6,90000000,16889,15000,15000,-1889,-11.18,15000,-1889,-11.18,15000,15000,1399-7-6
797,افرا,افرانت,2,252,16434180,68647,65215,65215,-3432,-5.0,68646,-1,0.0,65215,65215,1399-7-6
798,ضترا8036,اختيارخ شتران-11633-1399/08/11,2,2,14200000,16000,8500,5700,-10300,-64.38,7100,-8900,-55.63,5700,8500,1399-7-6
799,ضملي8062,اختيارخ فملي -9750-1399/08/06,2,2,8001000,27500,3000,5001,-22499,-81.81,4000,-23500,-85.45,3000,5001,1399-7-6
800,اخزا713,اسنادخزانه-م13بودجه97-000518,2,1860,1606954380,863851,861571,864001,150,0.02,863954,103,0.01,861571,864001,1399-7-6
801,ضپيك7028,اختيارخ تاپيكو-15370-99/07/20,2,2,12400000,6000,6200,6200,200,3.33,6200,200,3.33,6200,6200,1399-7-6
802,ضسپا8007,اختيارخ خساپا-1100-1399/08/26,2,8,5940000,1101,750,740,-361,-32.79,742,-359,-32.61,740,750,1399-7-6
803,ضپار8019,اختيارخ خپارس-3800-1399/08/18,2,27,79742000,2500,3000,2926,426,17.04,2953,453,18.12,2926,3000,1399-7-6
804,ضشنا7085,اختيارخ شپنا-37311-1399/07/28,2,8,76000,100,10,9,-91,-91.0,9,-91,-91.0,9,10,1399-7-6
805,ضگل8066,اختيارخ كگل-25100-1399/08/21,2,5,700000,4600,100,200,-4400,-95.65,140,-4460,-96.96,100,200,1399-7-6
806,ثتوسا,س.توسعه و عمران استان اردبيل,1,404,29819240,76092,73810,73810,-2282,-3.0,76088,-4,-0.01,73810,73810,1399-7-6
807,ضسپا8011,اختيارخ خساپا-1500-1399/08/26,1,4,3200000,2000,800,800,-1200,-60.0,800,-1200,-60.0,800,800,1399-7-6
808,ضگل8070,اختيارخ كگل-32000-1399/08/21,1,9,81000,6800,9,9,-6791,-99.87,9,-6791,-99.87,9,9,1399-7-6
809,تملي709,تسهيلات مسكن ب. ملي-آذر97,1,7,2582230,351324,368890,368890,17566,5.0,368890,17566,5.0,368890,368890,1399-7-6
810,صمسكن912,ص دين مسكن جنوب-ماهانه16درصد,1,85,12340470,152823,145182,145182,-7641,-5.0,145182,-7641,-5.0,145182,145182,1399-7-6
811,ضپيك7032,اختيارخ تاپيكو-19370-99/07/20,1,20,60000000,3000,3000,3000,0,0.0,3000,0,0.0,3000,3000,1399-7-6
812,ضبدر8069,اختيارخ شبندر-55580-1399/08/18,1,2,1002000,4500,501,501,-3999,-88.87,501,-3999,-88.87,501,501,1399-7-6
813,لخانه,لوازم‌ خانگي‌ پارس‌,1,286,16342326,58908,57141,57141,-1767,-3.0,58907,-1,0.0,57141,57141,1399-7-6
814,ضپنا7038,اختيارخ رمپنا-24206-1399/07/13,1,5,250000,3000,50,50,-2950,-98.33,50,-2950,-98.33,50,50,1399-7-6
815,ضغدر8035,اختيارخ وغدير-9000-1399/08/26,1,3,21000000,11500,7000,7000,-4500,-39.13,7000,-4500,-39.13,7000,7000,1399-7-6
816,فن آوا,گروه فن آوا,1,355,5083955,14613,14321,14321,-292,-2.0,14613,0,0.0,14321,14321,1399-7-6
817,ضپنا1020,اختيارخ رمپنا-13406-1399/10/09,1,5,62500000,1,12500,12500,12499,1249900.0,12500,12499,1249900.0,12500,12500,1399-7-6
818,تملي702,تسهيلات مسكن ب. ملي-ارديبهشت97,1,3,1647333,522963,549111,549111,26148,5.0,549111,26148,5.0,549111,549111,1399-7-6
819,افاد81,منفعت دولت8-ش.خاص مهر0205,1,1000,964250000,1015000,964250,964250,-50750,-5.0,964250,-50750,-5.0,964250,964250,1399-7-6
820,لازما,كارخانه هاي صنعتي آزمايش,1,247,7763210,32071,31430,31430,-641,-2.0,32070,-1,0.0,31430,31430,1399-7-6
821,ضگل8061,اختيارخ كگل-17100-1399/08/21,1,2,200000,9000,100,100,-8900,-98.89,100,-8900,-98.89,100,100,1399-7-6
822,زعف9908پ15,زعفران9908پوشالمعمول طلاسرخ(پ),1,90,5760000,67336,64000,64000,-3336,-4.95,64000,-3336,-4.95,64000,64000,1399-7-6
823,تملي805,تسهيلات مسكن ب. ملي-مرداد98,1,10,2178850,207510,217885,217885,10375,5.0,217885,10375,5.0,217885,217885,1399-7-6
824,صخود412,ص مرابحه خودرو412- 3ماهه 18%,1,5,4925010,985002,985002,985002,0,0.0,985002,0,0.0,985002,985002,1399-7-6
825,ضچاد7022,اختيارخ كچاد-19300-1399/07/07,1,1,2500000,2890,2500,2500,-390,-13.49,2500,-390,-13.49,2500,2500,1399-7-6
826,ضملي8076,اختيارخ فملي -27750-1399/08/06,1,1,5501000,10001,5501,5501,-4500,-45.0,5501,-4500,-45.0,5501,5501,1399-7-6
827,ضفار8043,اختيارخ فارس-18826-1399/08/06,1,2,1000000,3000,500,500,-2500,-83.33,500,-2500,-83.33,500,500,1399-7-6
828,اخزا7162,اسنادخزانه-م16بودجه97-000407,1,122516,107936841032,881002,881002,881002,0,0.0,881002,0,0.0,881002,881002,1399-7-6
829,ضگل8064,اختيارخ كگل-21100-1399/08/21,1,5,10000,10000,2,2,-9998,-99.98,2,-9998,-99.98,2,2,1399-7-6
830,كيش1402,اجاره س. و توسعه كيش14020820,1,387,375428700,999929,970100,970100,-29829,-2.98,970100,-29829,-2.98,970100,970100,1399-7-6
831,تملي707,تسهيلات مسكن ب. ملي-مهر97,1,6,2849634,452323,474939,474939,22616,5.0,474939,22616,5.0,474939,474939,1399-7-6
832,ضجار7030,اختيارخ وتجارت-4400-1399/07/22,1,1,4000,46,4,4,-42,-91.3,4,-42,-91.3,4,4,1399-7-6
833,تملي708,تسهيلات مسكن ب. ملي-آبان97,1,11,2112726,182920,192066,192066,9146,5.0,192066,9146,5.0,192066,192066,1399-7-6
834,تملي703,تسهيلات مسكن ب. ملي-خرداد97,1,7,2105369,286445,300767,300767,14322,5.0,300767,14322,5.0,300767,300767,1399-7-6
835,كگل2,معدني و صنعتي گل گهر,1,24800000,566432000000,24040,22840,22840,-1200,-4.99,22840,-1200,-4.99,22840,22840,1399-7-6
836,تملي801,تسهيلات مسكن ب. ملي-فروردين98,1,8,2927128,348468,365891,365891,17423,5.0,365891,17423,5.0,365891,365891,1399-7-6
837,ضخود7059,اختيارخ خودرو-4400-1399/07/09,1,85,85000,4,1,1,-3,-75.0,1,-3,-75.0,1,1,1399-7-6
838,ضملي1149,اختيارخ فملي-12168-1399/11/05,1,8,108000000,16000,13500,13500,-2500,-15.63,13500,-2500,-15.63,13500,13500,1399-7-6
839,ضپنا7037,اختيارخ رمپنا-22856-1399/07/13,1,30,1500000,800,50,50,-750,-93.75,50,-750,-93.75,50,50,1399-7-6
840,ضگل8062,اختيارخ كگل-18100-1399/08/21,1,5,5000000,8733,1000,1000,-7733,-88.55,1000,-7733,-88.55,1000,1000,1399-7-6
841,تملي701,تسهيلات مسكن ب. ملي-فروردين97,1,9,5736762,607065,637418,637418,30353,5.0,637418,30353,5.0,637418,637418,1399-7-6
842,ضترا8027,اختيارخ شتران-6353-1399/08/11,1,3,33000000,25000,11000,11000,-14000,-56.0,11000,-14000,-56.0,11000,11000,1399-7-6
843,ضخود7068,اختيارخ خودرو-8000-1399/07/09,1,1,1000,1,1,1,0,0.0,1,0,0.0,1,1,1399-7-6
844,اراد42,مرابحه عام دولت4-ش.خ 0106,1,500,514000000,1020000,1028000,1028000,8000,0.78,1028000,8000,0.78,1028000,1028000,1399-7-6
845,ضخوز7024,اختيارخ فخوز-33470-1399/07/20,1,1,15000000,2800,15000,15000,12200,435.71,15000,12200,435.71,15000,15000,1399-7-6
846,چدن2,توليدي چدن سازان,1,8000000,223120000000,27890,27890,27890,0,0.0,27890,0,0.0,27890,27890,1399-7-6
847,وسزنجان,شركت س استان زنجان,1,3650,5219500,1000,1430,1430,430,43.0,1430,430,43.0,1430,1430,1399-7-6
848,ضملي8070,اختيارخ فملي -17750-1399/08/06,1,1,1950000,18367,1950,1950,-16417,-89.38,1950,-16417,-89.38,1950,1950,1399-7-6
849,ضشنا7073,اختيارخ شپنا-15837-1399/07/28,1,20,80000000,6000,4000,4000,-2000,-33.33,4000,-2000,-33.33,4000,4000,1399-7-6
850,ضترا8023,اختيارخ شتران-4886-1399/08/11,1,1,10000000,15833,10000,10000,-5833,-36.84,10000,-5833,-36.84,10000,10000,1399-7-6
851,عفولاد2,اوراق سلف ورق گرم فولاد مباركه,1,10,5616170,547384,561617,561617,14233,2.6,561617,14233,2.6,561617,561617,1399-7-6
852,صخابر102,صكوك اجاره مخابرات-3 ماهه 16%,1,2000,2000000000,995000,1000000,1000000,5000,0.5,1000000,5000,0.5,1000000,1000000,1399-7-6
853,فارس2,صنايع پتروشيمي خليج فارس,1,30000000,957000000000,33570,31900,31900,-1670,-4.97,31900,-1670,-4.97,31900,31900,1399-7-6
854,اخزا723,اسنادخزانه-م23بودجه97-000824,1,2803,2307950958,823386,823386,823386,0,0.0,823386,0,0.0,823386,823386,1399-7-6
855,شمواد,توليد مواداوليه الياف مصنوعي,1,100,6335800,65317,63358,63358,-1959,-3.0,65316,-1,0.0,63358,63358,1399-7-6
856,صخود0004,صكوك رهني خودرو0004- 3ماهه 16%,1,10,9950000,970000,995000,995000,25000,2.58,995000,25000,2.58,995000,995000,1399-7-6
857,تملي806,تسهيلات مسكن ب. ملي-شهريور98,1,17,2884254,161583,169662,169662,8079,5.0,169662,8079,5.0,169662,169662,1399-7-6
858,تملي804,تسهيلات مسكن ب. ملي-تير98,1,9,2275488,240793,252832,252832,12039,5.0,252832,12039,5.0,252832,252832,1399-7-6
859,صينا205,صكوك منفعت سينا دارو-3ماهه 19%,1,19,18620000,988202,980000,980000,-8202,-0.83,980000,-8202,-0.83,980000,980000,1399-7-6
860,ضفار8029,اختيارخ فارس-7326-1399/08/06,1,12,180000000,15000,15000,15000,0,0.0,15000,0,0.0,15000,15000,1399-7-6
861,چافست,افست‌,1,200,5164000,27170,25820,25820,-1350,-4.97,27170,0,0.0,25820,25820,1399-7-6
862,پدرخش,درخشان‌ تهران‌,1,23,5034930,230430,218910,218910,-11520,-5.0,230430,0,0.0,218910,218910,1399-7-6
863,ضخود7066,اختيارخ خودرو-7000-1399/07/09,1,5,5000,10,1,1,-9,-90.0,1,-9,-90.0,1,1,1399-7-6
864,ضخود7047,اختيارخ خودرو-2600-1399/07/09,1,25,5000000,419,200,200,-219,-52.27,200,-219,-52.27,200,200,1399-7-6
865,چكاوه,صنايع‌كاغذسازي‌كاوه‌,1,250,9305000,39170,37220,37220,-1950,-4.98,39170,0,0.0,37220,37220,1399-7-6
866,ضچاد1018,اختيارخ كچاد-24000-1399/10/02,1,2,9000000,1,4500,4500,4499,449900.0,4500,4499,449900.0,4500,4500,1399-7-6
867,ضجار7027,اختيارخ وتجارت-3800-1399/07/22,1,14,504000,168,36,36,-132,-78.57,36,-132,-78.57,36,36,1399-7-6
868,اشاد102,مشاركت دولتي10-شرايط خاص001226,1,73,69350000,968800,950000,950000,-18800,-1.94,950000,-18800,-1.94,950000,950000,1399-7-6
869,طفلا8060,اختيارف فولاد-3507-1399/08/28,1,1,3216,100,2,2,-98,-98.0,2,-98,-98.0,2,2,1399-7-6
870,ضترا8050,اختيارخ شتران-32752-1399/08/11,1,15,30000000,6812,2000,2000,-4812,-70.64,2000,-4812,-70.64,2000,2000,1399-7-6
871,ضخود7060,اختيارخ خودرو-4600-1399/07/09,1,7,7000,15,1,1,-14,-93.33,1,-14,-93.33,1,1,1399-7-6
872,ياقوت2,صندوق س ياقوت آگاه-ثابت,1,350000,350000,11090,1,1,-11089,-99.99,1,-11089,-99.99,1,1,1399-7-6
873,ضخود7064,اختيارخ خودرو-6000-1399/07/09,1,8,24000,2,3,3,1,50.0,3,1,50.0,3,3,1399-7-6
874,ضپنا7042,اختيارخ رمپنا-32306-1399/07/13,1,3,57000,10,19,19,9,90.0,19,9,90.0,19,19,1399-7-6
875,اخزا8202,اسنادخزانه-م20بودجه98-020806,1,135000,80190000000,593143,594000,594000,857,0.14,594000,857,0.14,594000,594000,1399-7-6
876,تملي704,تسهيلات مسكن ب. ملي-تير97,1,1,953687,908274,953687,953687,45413,5.0,953687,45413,5.0,953687,953687,1399-7-6
877,سنير,سيمان‌ سفيد ني‌ريز,1,76,6906120,95650,90870,90870,-4780,-5.0,95650,0,0.0,90870,90870,1399-7-6
878,تملي711,تسهيلات مسكن ب. ملي-بهمن97,1,3,1689885,536472,563295,563295,26823,5.0,563295,26823,5.0,563295,563295,1399-7-6
879,ضخود7051,اختيارخ خودرو-1300-1399/07/09,1,10,13000000,1999,1300,1300,-699,-34.97,1300,-699,-34.97,1300,1300,1399-7-6
880,ضشنا7071,اختيارخ شپنا-13153-1399/07/28,1,1,5000000,16396,5000,5000,-11396,-69.5,5000,-11396,-69.5,5000,5000,1399-7-6
881,اشاد104,مشاركت دولتي10-شرايط خاص001226,1,140000,133000000000,968800,950000,950000,-18800,-1.94,950000,-18800,-1.94,950000,950000,1399-7-6
882,ختراك,ريخته‌گري‌ تراكتورسازي‌ ايران‌,1,692,15064840,22910,21770,21770,-1140,-4.98,22910,0,0.0,21770,21770,1399-7-6
883,ضفلا8068,اختيارخ فولاد-4751-1399/08/28,1,3,60300000,14243,12500,12500,-1743,-12.24,12500,-1743,-12.24,12500,12500,1399-7-6
884,ضفلا8093,اختيارخ فولاد-29775-1399/08/28,1,25,20000000,1000,800,800,-200,-20.0,800,-200,-20.0,800,800,1399-7-6
885,سجام2,مجتمع سيمان غرب آسيا,1,18006370,233020434170,13250,12941,12941,-309,-2.33,12941,-309,-2.33,12941,12941,1399-7-6
886,شپنا2,پالايش نفت اصفهان,1,18650000,492360000000,27780,26400,26400,-1380,-4.97,26400,-1380,-4.97,26400,26400,1399-7-6
887,ضگل8063,اختيارخ كگل-19100-1399/08/21,1,10,20000,6667,2,2,-6665,-99.97,2,-6665,-99.97,2,2,1399-7-6
888,غمهرا,توليدي‌مهرام‌,1,475,49813250,110380,104870,104870,-5510,-4.99,110370,-10,-0.01,104870,104870,1399-7-6
889,ضشنا7082,اختيارخ شپنا-29258-1399/07/28,1,3,180000,2000,60,60,-1940,-97.0,60,-1940,-97.0,60,60,1399-7-6
890,سصفها,سيمان‌اصفهان‌,1,112,11952640,112330,106720,106720,-5610,-4.99,112330,0,0.0,106720,106720,1399-7-6
891,زير0003پ02,زيره سبز0003 دانش(پ),1,27,12741705,471914,471915,471915,1,0.0,471915,1,0.0,471915,471915,1399-7-6
892,ضملي8087,اختيارخ فملي-59750-1399/08/06,1,20,3600000,250,180,180,-70,-28.0,180,-70,-28.0,180,180,1399-7-6
893,وايرا,سرمايه گذاري صنايع ايران,1,1000,8892000,9360,8892,8892,-468,-5.0,9360,0,0.0,8892,8892,1399-7-6
894,تملي612,تسهيلات مسكن بانك ملي-اسفند96,1,3,8984166,2852117,2994722,2994722,142605,5.0,2994722,142605,5.0,2994722,2994722,1399-7-6
895,ضخود1043,اختيارخ خودرو-3500-1399/10/07,1,5,3575000,620,715,715,95,15.32,715,95,15.32,715,715,1399-7-6
896,فملي2,ملي‌ صنايع‌ مس‌ ايران‌,1,30000000,917400000000,32180,30580,30580,-1600,-4.97,30580,-1600,-4.97,30580,30580,1399-7-6
897,ضچاد7019,اختيارخ كچاد-16300-1399/07/07,1,1,2890000,8501,2890,2890,-5611,-66.0,2890,-5611,-66.0,2890,2890,1399-7-6
898,تملي710,تسهيلات مسكن ب. ملي-دي97,1,4,1715392,408427,428848,428848,20421,5.0,428848,20421,5.0,428848,428848,1399-7-6
899,تملي803,تسهيلات مسكن ب. ملي-خرداد98,1,5,1004470,191328,200894,200894,9566,5.0,200894,9566,5.0,200894,200894,1399-7-6
900,ضملي1153,اختيارخ فملي-20280-1399/11/05,1,7,59500000,6000,8500,8500,2500,41.67,8500,2500,41.67,8500,8500,1399-7-6
901,تابان02,اجاره تابان لوتوس14021206,1,2000,1810000000,888186,905000,905000,16814,1.89,905000,16814,1.89,905000,905000,1399-7-6
902,تكنو,تكنوتار,1,3400,49810000,15420,14650,14650,-770,-4.99,15420,0,0.0,14650,14650,1399-7-6
903,ضمخا7032,اختيارخ اخابر-4750-1399/07/30,1,11,67177000,14455,6107,6107,-8348,-57.75,6107,-8348,-57.75,6107,6107,1399-7-6
904,ضفلا8084,اختيارخ فولاد-15775-1399/08/28,1,1,3501000,5816,3501,3501,-2315,-39.8,3501,-2315,-39.8,3501,3501,1399-7-6
905,ضپنا7036,اختيارخ رمپنا-21506-1399/07/13,1,3,300000,575,100,100,-475,-82.61,100,-475,-82.61,100,100,1399-7-6
