,نماد,نام,تعداد,حجم,ارزش,دیروز,اولین,آخرین معامله - مقدار,آخرین معامله - تغییر,آخرین معامله - درصد,قیمت پایانی - مقدار,قیمت پایانی - تغییر,قیمت پایانی - درصد,کمترین,بیشترین,تاریخ
0,سپيدار,سپيدار سيستم آسيا,4172382,25999863,1034794547400,1000,39800,39800,38800,3880.0,39800,38800,3880.0,39800,39800,1399-10-17
1,بوعلي,پتروشيمي بوعلي سينا,78000,24597041,1274053116690,54130,53260,51430,-2700,-4.99,51800,-2330,-4.3,51430,53850,1399-10-17
2,چخزر,صنايع چوب خزر كاسپين,71303,1682526,66086256228,37408,39278,39278,1870,5.0,39278,1870,5.0,39278,39278,1399-10-17
3,شستا,سرمايه گذاري تامين اجتماعي,56060,170578376,3346015832290,20430,20000,19410,-1020,-4.99,19620,-810,-3.96,19410,20200,1399-10-17
4,پالايش,صندوق پالايشي يکم-سهام,41702,20683722,1426260815390,73420,71200,67900,-5520,-7.52,68960,-4460,-6.07,67550,71500,1399-10-17
5,وسپهر,سرمايه گذاري مالي سپهرصادرات,38422,112021183,1132048373682,10087,10090,10220,133,1.32,10106,19,0.19,9990,10350,1399-10-17
6,ثبهساز,بهساز كاشانه تهران,32631,243110491,663677924690,2670,2720,2800,130,4.87,2730,60,2.25,2560,2800,1399-10-17
7,دارا يكم,صندوق واسطه گري مالي يكم-سهام,32014,12576792,1819040000160,153380,149990,142960,-10420,-6.79,144630,-8750,-5.7,142000,150000,1399-10-17
8,گشان,توسعه بين المللي پديده شانديز,31971,47928062,2768532307902,58007,59167,56847,-1160,-2.0,57764,-243,-0.42,56847,59167,1399-10-17
9,فولاد,فولاد مباركه اصفهان,28550,191378399,2254561888270,12320,11850,11720,-600,-4.87,11780,-540,-4.38,11710,12280,1399-10-17
10,سيتا,سرمايه گذاري سيمان تامين,26058,73102570,1099006406780,14990,15010,15180,190,1.27,15030,40,0.27,14450,15500,1399-10-17
11,غنوش,نوش‌ مازندران‌,25828,39686651,3240309227200,78660,82590,77150,-1510,-1.92,81650,2990,3.8,75510,82590,1399-10-17
12,كاما,باما,25219,81389314,2034372886710,26000,26570,24700,-1300,-5.0,25000,-1000,-3.85,24700,26570,1399-10-17
13,خساپا,سايپا,24789,765476773,1620437008570,2220,2200,2110,-110,-4.95,2120,-100,-4.5,2110,2200,1399-10-17
14,ثاميد,توسعه و عمران اميد,23990,183046002,353027185660,2020,1970,1930,-90,-4.46,1930,-90,-4.46,1920,1980,1399-10-17
15,خودرو,ايران‌ خودرو,23112,661353880,1855444422320,2940,2860,2800,-140,-4.76,2810,-130,-4.42,2800,2930,1399-10-17
16,فملي,ملي‌ صنايع‌ مس‌ ايران‌,21965,87806338,1130388693960,13440,12900,12800,-640,-4.76,12870,-570,-4.24,12770,13360,1399-10-17
17,امين,تامين سرمايه امين,21703,21586417,233203168930,10930,10930,10690,-240,-2.2,10800,-130,-1.19,10510,10970,1399-10-17
18,آبادا,توليد نيروي برق آبادان,21593,10201915,175815733440,18090,17870,17190,-900,-4.98,17230,-860,-4.75,17190,17870,1399-10-17
19,بگيلان,توسعه مسير برق گيلان,21509,11577130,255621725068,22137,21350,22550,413,1.87,22080,-57,-0.26,21031,23000,1399-10-17
20,وتجارت,بانك تجارت,19731,750919475,2283054912790,3190,3040,3040,-150,-4.7,3040,-150,-4.7,3040,3090,1399-10-17
21,خودكفا,اقتصادي و خودكفايي آزادگان,19397,74173277,2943716938417,40099,41280,38897,-1202,-3.0,39687,-412,-1.03,38897,41280,1399-10-17
22,پترول,گروه پتروشيمي س. ايرانيان,17158,120666038,1250757795820,10500,10310,10530,30,0.29,10370,-130,-1.24,9980,10750,1399-10-17
23,پيزد,مجتمع صنايع لاستيك يزد,17152,1978932,150133686665,74852,73050,76210,1358,1.81,75866,1014,1.35,73050,77799,1399-10-17
24,پتاير,ايران‌ تاير,16885,7480787,1443366342670,185010,190000,194000,8990,4.86,192940,7930,4.29,184900,194260,1399-10-17
25,شگويا,پتروشيمي تندگويان,16408,82585697,823505010526,10138,9700,10200,62,0.61,9972,-166,-1.64,9632,10320,1399-10-17
26,رافزا,رايان هم افزا,15929,93740,3856557340,39182,41141,41141,1959,5.0,39323,141,0.36,41141,41141,1399-10-17
27,شتران,پالايش نفت تهران,15465,89354156,844531538550,9930,9620,9440,-490,-4.93,9450,-480,-4.83,9440,9810,1399-10-17
28,بپيوند,برق و انرژي پيوندگستر پارس,15266,14388705,314519224839,22704,22934,21569,-1135,-5.0,21859,-845,-3.72,21569,23110,1399-10-17
29,كماسه,تامين‌ ماسه‌ ريخته‌گري‌,15181,23121362,1475677977860,66110,62810,63480,-2630,-3.98,63820,-2290,-3.46,62810,68080,1399-10-17
30,وبصادر,بانك صادرات ايران,15048,476227293,1375068097180,3030,3000,2880,-150,-4.95,2890,-140,-4.62,2880,3010,1399-10-17
31,وبملت,بانك ملت,14355,342173645,1565274836790,4810,4610,4570,-240,-4.99,4570,-240,-4.99,4570,4700,1399-10-17
32,غبهنوش,بهنوش‌ ايران‌,13997,11990993,1337905057320,112250,117860,110000,-2250,-2.0,111580,-670,-0.6,106640,117860,1399-10-17
33,خبهمن,گروه‌بهمن‌,13889,69353881,1891703015670,27850,27100,27880,30,0.11,27280,-570,-2.05,26460,28500,1399-10-17
34,ثشاهد,سرمايه‌ گذاري‌ شاهد,13688,46767760,974327427160,20850,21110,20950,100,0.48,20830,-20,-0.1,20010,21650,1399-10-17
35,شپنا,پالايش نفت اصفهان,12953,104153507,1156097769570,11640,11550,11060,-580,-4.98,11100,-540,-4.64,11060,11550,1399-10-17
36,غگل,گلوكوزان‌,12471,125357875,631747464500,5230,5320,4970,-260,-4.97,5040,-190,-3.63,4970,5370,1399-10-17
37,زملارد,كشاورزي و دامپروري ملارد شير,12285,5917018,309106450999,54485,51990,51761,-2724,-5.0,52240,-2245,-4.12,51761,55500,1399-10-17
38,فزرين,زرين معدن آسيا,11708,41854661,1078608452994,24845,25894,26040,1195,4.81,25770,925,3.72,24001,26087,1399-10-17
39,غپينو,پارس‌ مينو,11202,89961274,844262963450,9160,9460,9590,430,4.69,9380,220,2.4,8810,9610,1399-10-17
40,لپارس,پارس‌ الكتريك‌,10941,4682125,656204133680,134960,140000,141700,6740,4.99,140150,5190,3.85,130350,141700,1399-10-17
41,حتوكا,حمل‌ونقل‌توكا,10834,27260258,1125953050510,39820,41800,41810,1990,5.0,41300,1480,3.72,37850,41810,1399-10-17
42,وپارس,بانك‌پارسيان‌,10566,336203830,1145471958660,3570,3550,3400,-170,-4.76,3410,-160,-4.48,3400,3550,1399-10-17
43,كسرام,پارس‌ سرام‌,10467,78689924,993982253260,12740,12490,13110,370,2.9,12630,-110,-0.86,11870,13110,1399-10-17
44,زدشت,كشت و صنعت دشت خرم دره,10287,13545448,612390658885,46088,48350,44160,-1928,-4.18,45210,-878,-1.91,43784,48350,1399-10-17
45,ثنوسا,نوسازي‌وساختمان‌تهران‌,9709,50663709,879704670830,17120,17900,17300,180,1.05,17360,240,1.4,16280,17900,1399-10-17
46,حكشتي,كشتيراني جمهوري اسلامي ايران,9368,33081723,654491899000,20770,20000,19740,-1030,-4.96,19780,-990,-4.77,19740,20400,1399-10-17
47,چكاپا,گروه صنايع كاغذ پارس,9017,88568655,525621643830,6090,6110,5930,-160,-2.63,5930,-160,-2.63,5790,6270,1399-10-17
48,وپويا,سرمايه گذاري پويا,8821,16233620,111235892404,7174,7000,6816,-358,-4.99,6852,-322,-4.49,6816,7040,1399-10-17
49,نوري,پتروشيمي نوري,8532,8662339,586587134290,69850,67500,68950,-900,-1.29,67720,-2130,-3.05,66410,70200,1399-10-17
50,حتايد,تايدواترخاورميانه,8394,42469604,1186656150500,27780,27010,29160,1380,4.97,27940,160,0.58,26400,29160,1399-10-17
51,سفار,سيمان‌فارس‌,8023,3862795,595801474880,153860,161550,160480,6620,4.3,154240,380,0.25,146170,161550,1399-10-17
52,زمگسا,كشاورزي‌ ودامپروي‌ مگسال‌,7958,13805473,606293555780,42940,45080,44750,1810,4.22,43920,980,2.28,41000,45080,1399-10-17
53,بركت,گروه دارويي بركت,7911,23570636,599396140580,26670,25790,25340,-1330,-4.99,25430,-1240,-4.65,25340,26480,1399-10-17
54,تنوينح,ح . تامين سرمايه نوين,7348,39094716,168057426466,4598,4392,4331,-267,-5.81,4299,-299,-6.5,4200,4500,1399-10-17
55,صبا,سرمايه گذاري صبا تامين,7251,20883535,150305931813,7528,7395,7200,-328,-4.36,7197,-331,-4.4,7153,7395,1399-10-17
56,انرژي3,سايراشخاص بورس انرژي,7246,1520076,601715326570,414460,395100,393740,-20720,-5.0,395850,-18610,-4.49,393740,414460,1399-10-17
57,وغدير,سرمايه‌گذاري‌غدير(هلدينگ‌,7194,44587246,493743326440,11550,11170,11040,-510,-4.42,11070,-480,-4.16,10980,11310,1399-10-17
58,كرازي,كارخانجات‌توليدي‌شيشه‌رازي‌,7083,15096793,467280945570,31230,30200,31700,470,1.5,30950,-280,-0.9,29670,32500,1399-10-17
59,ثاخت,بين‌المللي‌توسعه‌ساختمان,7061,114930661,536925762750,4840,4740,4600,-240,-4.96,4670,-170,-3.51,4600,4970,1399-10-17
60,غسالم,سالمين‌,7058,63387554,357260435960,5780,5830,5510,-270,-4.67,5640,-140,-2.42,5500,5980,1399-10-17
61,شبهرن,نفت‌ بهران‌,7053,13740254,886668931230,62050,65150,65150,3100,5.0,64530,2480,4.0,62090,65150,1399-10-17
62,تكشا,گسترش‌صنايع‌وخدمات‌كشاورزي‌,7037,8974984,600270192970,64310,67500,67520,3210,4.99,66880,2570,4.0,62150,67520,1399-10-17
63,شبندر,پالايش نفت بندرعباس,6919,31865734,730161115190,24080,23100,22880,-1200,-4.98,22910,-1170,-4.86,22880,23470,1399-10-17
64,وخارزم,سرمايه گذاري خوارزمي,6864,58336708,493924348580,8870,8620,8430,-440,-4.96,8470,-400,-4.51,8430,8870,1399-10-17
65,وآوا,سرمايه گذاري آوا نوين,6780,40610577,401365274886,9511,9986,9986,475,4.99,9883,372,3.91,9500,9986,1399-10-17
66,شلرد,كود شيميايي اوره لردگان,6768,57392841,533440074165,9203,9420,9477,274,2.98,9295,92,1.0,8983,9479,1399-10-17
67,كترام,توليدي‌ كاشي‌ تكسرام‌,6692,15753620,798089492290,49070,49090,51520,2450,4.99,50660,1590,3.24,49080,51520,1399-10-17
68,توريل,توکاريل,6687,17540776,546055475706,31139,30990,31990,851,2.73,31131,-8,-0.03,29583,32600,1399-10-17
69,بجهرم,توسعه مولد نيروگاهي جهرم,6540,75765678,283352502170,3926,3800,3731,-195,-4.97,3740,-186,-4.74,3730,3910,1399-10-17
70,كوثر,بيمه كوثر,6371,34663264,921030761980,27639,26750,26258,-1381,-5.0,26571,-1068,-3.86,26258,28500,1399-10-17
71,هاي وب,داده گسترعصرنوين-هاي وب,6349,22794690,600248101590,27610,27900,26240,-1370,-4.96,26330,-1280,-4.64,26230,27900,1399-10-17
72,بكاب,صنايع‌جوشكاب‌يزد,6316,1961968,842180610440,410780,431310,431310,20530,5.0,429250,18470,4.5,390250,431310,1399-10-17
73,غگيلا,شيرپاستوريزه پگاه گيلان,6292,490613,10793486000,20953,22000,22000,1047,5.0,21162,209,1.0,22000,22000,1399-10-17
74,ديران,ايران‌دارو,6231,16080323,541782094420,33500,33500,34860,1360,4.06,33690,190,0.57,31830,35050,1399-10-17
75,ثقزوي,شركت عمران و سازندگي قزوين,6218,11696006,463674984924,39363,40191,40350,987,2.51,39644,281,0.71,38200,40540,1399-10-17
76,ولشرق,ليزينگ ايران و شرق,6207,36620599,330519927875,8773,9000,8993,220,2.51,9026,253,2.88,8500,9211,1399-10-17
77,خچرخش,چرخشگر,6188,20617611,459883731960,23280,22130,22150,-1130,-4.85,22310,-970,-4.17,22120,23280,1399-10-17
78,فارس,صنايع پتروشيمي خليج فارس,6167,27649035,321781465980,12060,12050,11600,-460,-3.81,11640,-420,-3.48,11460,12060,1399-10-17
79,ونفت,سرمايه‌گذاري‌ صنعت‌ نفت‌,6163,39282904,779108029530,19130,20080,20080,950,4.97,19830,700,3.66,19150,20080,1399-10-17
80,فرآور,فرآوري‌موادمعدني‌ايران‌,6114,17075640,554715639740,31770,32990,31500,-270,-0.85,32490,720,2.27,30210,33350,1399-10-17
81,ختراك,ريخته‌گري‌ تراكتورسازي‌ ايران‌,6047,25993331,478727795900,18240,19150,19150,910,4.99,18420,180,0.99,17330,19150,1399-10-17
82,چفيبر,فيبر ايران‌,5911,30752250,425772114470,13560,14180,14190,630,4.65,13850,290,2.14,12890,14230,1399-10-17
83,كسعدي,كاشي‌ سعدي‌,5902,24226004,518007239810,20460,21480,21480,1020,4.99,21380,920,4.5,20500,21480,1399-10-17
84,فمراد,آلومراد,5834,3993973,787168981630,189260,198720,198720,9460,5.0,197090,7830,4.14,184000,198720,1399-10-17
85,وساپا,سرمايه‌گذاري‌ سايپا,5822,74359259,594322801440,8400,8170,7980,-420,-5.0,7990,-410,-4.88,7980,8330,1399-10-17
86,وكارح,ح . بانك‌ كارآفرين‌,5720,108680835,338709176920,3200,3260,3020,-180,-5.63,3120,-80,-2.5,2910,3370,1399-10-17
87,فنوال,نورد آلومينيوم‌,5480,17432766,489631036740,27000,28350,28350,1350,5.0,28090,1090,4.04,26110,28350,1399-10-17
88,سبهان,سيمان‌ بهبهان‌,5471,3411642,310274754530,91960,93900,92090,130,0.14,90950,-1010,-1.1,87370,94540,1399-10-17
89,شاروم,پتروشيمي اروميه,5248,7764900,211773921788,28608,27265,27178,-1430,-5.0,27273,-1335,-4.67,27178,27900,1399-10-17
90,تليسه,دامداري تليسه نمونه,5228,49389772,297464790650,6292,6490,5978,-314,-4.99,6023,-269,-4.28,5978,6490,1399-10-17
91,سامان,بانك سامان,5204,43636804,537131116584,12150,12302,12690,540,4.44,12309,159,1.31,11543,12700,1399-10-17
92,سبزوا,سيمان لار سبزوار,5133,43735765,194191806141,4610,4400,4481,-129,-2.8,4440,-170,-3.69,4380,4600,1399-10-17
93,سدور,سيمان‌ دورود,5129,22181544,290843620540,13410,14000,12970,-440,-3.28,13110,-300,-2.24,12740,14000,1399-10-17
94,غصينو,صنعتي مينو,4978,10070156,784774844710,74557,78284,78284,3727,5.0,77931,3374,4.53,75500,78284,1399-10-17
95,ونوين,بانك‌اقتصادنوين‌,4907,124242165,591221821890,4990,4820,4750,-240,-4.81,4760,-230,-4.61,4750,4940,1399-10-17
96,تاپيكو,س. نفت و گاز و پتروشيمي تأمين,4869,30787382,396955523620,13480,13070,12810,-670,-4.97,12890,-590,-4.38,12810,13290,1399-10-17
97,وپست,پست بانك ايران,4838,17586328,350923771600,19590,20250,20100,510,2.6,19950,360,1.84,19110,20500,1399-10-17
98,فرابورس,فرابورس ايران,4788,8883455,412035978571,48715,47100,46280,-2435,-5.0,46382,-2333,-4.79,46280,48027,1399-10-17
99,شبريز,پالايش نفت تبريز,4769,17704502,470808740650,27950,27690,26580,-1370,-4.9,26590,-1360,-4.87,26560,27690,1399-10-17
100,سفاسي,شركت فارسيت اهواز,4769,17125176,295666724981,17647,17360,17118,-529,-3.0,17265,-382,-2.16,17118,17900,1399-10-17
101,شيران,س. صنايع‌شيميايي‌ايران,4689,13479004,500209006050,38450,37010,37040,-1410,-3.67,37110,-1340,-3.49,36530,38480,1399-10-17
102,ختور,رادياتور ايران‌,4673,8114535,296133979760,37350,37460,35690,-1660,-4.44,36490,-860,-2.3,35490,39000,1399-10-17
103,شسينا,صنايع‌شيميايي‌سينا,4669,2619120,464849058370,169480,177950,177950,8470,5.0,177480,8000,4.72,170000,177950,1399-10-17
104,سدبير,س. تدبيرگران فارس وخوزستان,4641,6480973,437031629750,66347,68500,69664,3317,5.0,67433,1086,1.64,63030,69664,1399-10-17
105,فوكا,فولاد كاويان,4609,31906731,449130759987,14483,14100,14049,-434,-3.0,14076,-407,-2.81,14049,14530,1399-10-17
106,بكام,كارخانجات توليدي شهيد قندي,4586,58662347,264827450000,4720,4620,4490,-230,-4.87,4510,-210,-4.45,4490,4680,1399-10-17
107,كساپا,سايپاشيشه‌,4559,9347131,405974016350,43430,45600,44900,1470,3.38,43430,0,0.0,41260,45600,1399-10-17
108,وگردش,بانك گردشگري,4552,25646421,655887927984,25092,25790,25844,752,3.0,25574,482,1.92,24740,25844,1399-10-17
109,تبرك,گروه كارخانجات صنعتي تبرك,4552,10542912,238389552181,23475,24380,22302,-1173,-5.0,22611,-864,-3.68,22302,24380,1399-10-17
110,قشير,قند شيروان قوچان و بجنورد,4547,7513168,261144833114,34562,36290,33920,-642,-1.86,34758,196,0.57,32900,36290,1399-10-17
111,ثنام,س ساختماني ب نام آوران مهندسي,4508,12525280,253452523255,20360,20500,19750,-610,-3.0,20235,-125,-0.61,19750,20960,1399-10-17
112,كوير,توليدي فولاد سپيد فراب كوير,4440,24147708,571202696870,22560,23680,23680,1120,4.96,23650,1090,4.83,23030,23680,1399-10-17
113,كمند,صندوق س. با درآمد ثابت كمند,4431,189630490,1898653029090,10009,10014,10012,3,0.03,10012,3,0.03,10011,10020,1399-10-17
114,زكوثر,سرمايه گذاري كشاورزي كوثر,4409,11047876,287866483660,27230,27230,25870,-1360,-4.99,26060,-1170,-4.3,25870,27530,1399-10-17
115,دماوند,توليد نيروي برق دماوند,4378,4087967,229341300235,58808,56700,55870,-2938,-5.0,56102,-2706,-4.6,55868,58319,1399-10-17
116,اوان,مبين وان كيش,4363,12261125,749886788526,58675,61608,58790,115,0.2,61160,2485,4.24,56009,61608,1399-10-17
117,تكمبا,كمباين‌ سازي‌ ايران‌,4326,28141184,384056320550,14180,14050,13480,-700,-4.94,13650,-530,-3.74,13480,14160,1399-10-17
118,تاپكيش,تجارت الكترونيك پارسيان كيش,4251,11500712,273245777757,23963,25155,23040,-923,-3.85,23759,-204,-0.85,22765,25155,1399-10-17
119,سنير,سيمان‌ سفيد ني‌ريز,4244,2306496,315424500530,133440,139980,140110,6670,5.0,136750,3310,2.48,126770,140110,1399-10-17
120,ساوه,سيمان ساوه,4202,2286223,123593001925,56489,57980,53665,-2824,-5.0,54060,-2429,-4.3,53665,57990,1399-10-17
121,خگستر,گسترش‌سرمايه‌گذاري‌ايران‌خودرو,4089,87067764,295216447110,3560,3390,3390,-170,-4.78,3390,-170,-4.78,3390,3440,1399-10-17
122,خديزل,بهمن  ديزل,4068,12162845,660271556781,51791,54380,54380,2589,5.0,54286,2495,4.82,52325,54380,1399-10-17
123,غشان,شيرپاستوريزه‌پگاه‌خراسان‌,4048,31840586,265345493710,8070,8170,8470,400,4.96,8330,260,3.22,7720,8470,1399-10-17
124,غشهداب,كشت و صنعت شهداب ناب خراسان,4044,41966765,209386769927,5204,5200,4944,-260,-5.0,4989,-215,-4.13,4944,5300,1399-10-17
125,حفاري,حفاري شمال,4020,29739964,335966779320,11870,11410,11280,-590,-4.97,11300,-570,-4.8,11280,11700,1399-10-17
126,قاسم,قاسم ايران,3952,65884720,997439938512,14468,15191,15191,723,5.0,15139,671,4.64,14570,15191,1399-10-17
127,زنجان,صنايع كشاورزي وكود زنجان,3952,60022398,712851265669,11540,11886,11886,346,3.0,11876,336,2.91,11554,11886,1399-10-17
128,قرن,پديده شيمي قرن,3933,4035091,259187829850,65450,65300,64800,-650,-0.99,64230,-1220,-1.86,62510,66350,1399-10-17
129,ثنور,سرمايه گذاري كوه نور,3916,42622690,589111693206,13177,13835,13835,658,4.99,13822,645,4.89,13572,13835,1399-10-17
130,نطرين,عطرين نخ قم,3914,20431019,238799504475,11350,11417,11917,567,5.0,11688,338,2.98,11009,11917,1399-10-17
131,ولغدر,ليزينگ‌خودروغدير,3912,14487163,435304878310,29100,30000,30550,1450,4.98,30050,950,3.26,27800,30550,1399-10-17
132,شسپا,نفت سپاهان,3898,12904037,352389751890,26540,27640,27620,1080,4.07,27310,770,2.9,26650,27640,1399-10-17
133,فسپا,گروه‌صنعتي‌سپاهان‌,3881,9591031,491950743500,49330,51790,49950,620,1.26,51290,1960,3.97,49620,51790,1399-10-17
134,پدرخش,درخشان‌ تهران‌,3868,1866833,314565195160,175740,176000,166960,-8780,-5.0,168500,-7240,-4.12,166960,176000,1399-10-17
135,ومعادن,توسعه‌معادن‌وفلزات‌,3867,23983969,292549349320,12760,12380,12160,-600,-4.7,12200,-560,-4.39,12130,12850,1399-10-17
136,كپارس,كاشي‌ پارس‌,3826,2306739,489377080790,202730,212500,212860,10130,5.0,212150,9420,4.65,200000,212860,1399-10-17
137,آينده,بازرگاني آينده سازان بهشت پارس,3826,9897666,207139264989,21370,21370,20399,-971,-4.54,20928,-442,-2.07,20302,22000,1399-10-17
138,كهمدا,شيشه‌ همدان‌,3788,15124645,214396568120,13950,14550,14100,150,1.08,14180,230,1.65,13290,14560,1399-10-17
139,فخوز,فولاد  خوزستان,3775,17746849,258021177980,15120,14400,14410,-710,-4.7,14540,-580,-3.84,14370,15240,1399-10-17
140,فاهواز,نورد و لوله اهواز,3741,32706470,562628054241,17547,17197,17197,-350,-1.99,17202,-345,-1.97,17197,17500,1399-10-17
141,وساخت,سرمايه‌ گذاري‌ ساختمان‌ايران‌,3727,3914837,255703149960,67980,69000,64590,-3390,-4.99,65320,-2660,-3.91,64590,69000,1399-10-17
142,ساربيل,سيمان آرتا اردبيل,3699,5519672,247240201330,42820,44960,44960,2140,5.0,44790,1970,4.6,43030,44960,1399-10-17
143,شدوص,دوده‌ صنعتي‌ پارس‌,3697,12612235,381705235940,29500,28220,30950,1450,4.92,30260,760,2.58,28220,30970,1399-10-17
144,حپارسا,توسعه حمل و نقل ريلي پارسيان,3676,7816741,342739528754,42795,44934,42130,-665,-1.55,43847,1052,2.46,41210,44934,1399-10-17
145,خرينگ,رينگ‌سازي‌مشهد,3667,4849704,300019714310,64970,61730,61730,-3240,-4.99,61860,-3110,-4.79,61730,63800,1399-10-17
146,كچاد,معدني‌وصنعتي‌چادرملو,3616,18590077,379646223610,21410,20540,20340,-1070,-5.0,20420,-990,-4.62,20340,21000,1399-10-17
147,افق,فروشگاههاي زنجيره اي افق كوروش,3605,2892291,249082300990,88970,88990,84880,-4090,-4.6,86120,-2850,-3.2,84700,89000,1399-10-17
148,بميلا,توسعه بازرگاني آهن وفولادميلاد,3601,29250513,723209041045,23663,24846,24846,1183,5.0,24725,1062,4.49,23000,24846,1399-10-17
149,كيميا,معدني كيمياي زنجان گستران,3594,6273287,267623450117,41052,42000,43104,2052,5.0,42661,1609,3.92,40010,43104,1399-10-17
150,زماهان,مجتمع توليد گوشت مرغ ماهان,3586,6284478,217089880355,33815,35505,33821,6,0.02,34544,729,2.16,32150,35505,1399-10-17
151,ثغرب,شركت سرمايه گذاري مسكن شمالغرب,3570,24002577,230969444363,10008,10300,9508,-500,-5.0,9623,-385,-3.85,9508,10300,1399-10-17
152,خريخت,صنايع‌ريخته‌گري‌ايران‌,3563,52133500,214949948430,4050,4060,4250,200,4.94,4120,70,1.73,3860,4250,1399-10-17
153,اخابر,مخابرات ايران,3530,24657815,316486536400,13460,13050,12790,-670,-4.98,12840,-620,-4.61,12790,13330,1399-10-17
154,پرداخت,به پرداخت ملت,3528,10899118,393866437800,35090,36700,35600,510,1.45,36140,1050,2.99,33340,36840,1399-10-17
155,ودي,بيمه  دي,3513,12332421,329952135701,26920,27870,26700,-220,-0.82,26755,-165,-0.61,25610,27890,1399-10-17
156,شكربن,كربن‌ ايران‌,3512,3689023,438983793960,118860,118990,121320,2460,2.07,119000,140,0.12,113060,122940,1399-10-17
157,بالبر,كابل‌ البرز,3504,9993964,384093021330,37950,38000,39840,1890,4.98,38430,480,1.26,36060,39840,1399-10-17
158,شگل,گلتاش‌,3441,15845183,469338813330,28540,29960,29000,460,1.61,29620,1080,3.78,28760,29960,1399-10-17
159,دامين,داروسازي‌ امين‌,3392,15098703,292448840690,18490,19410,19410,920,4.98,19370,880,4.76,18650,19410,1399-10-17
160,ثعمرا,عمران و توسعه شاهد,3376,20056231,283262697133,13594,14200,14273,679,4.99,14123,529,3.89,13631,14273,1399-10-17
161,سشمال,سيمان‌ شمال‌,3374,16872084,206837483540,12300,12200,11900,-400,-3.25,12260,-40,-0.33,11690,12850,1399-10-17
162,خزر,فنرسازي‌زر,3370,12893612,490437884160,36240,38030,38050,1810,4.99,38040,1800,4.97,38020,38050,1399-10-17
163,قصفها,قنداصفهان‌,3322,1072300,190397488690,180740,186000,175000,-5740,-3.18,177560,-3180,-1.76,172000,186000,1399-10-17
164,ركيش,كارت اعتباري ايران كيش,3319,19609109,470131686020,24750,25500,23520,-1230,-4.97,23980,-770,-3.11,23520,25890,1399-10-17
165,ولساپا,ليزينگ رايان‌ سايپا,3314,60807663,233322634810,4030,3890,3830,-200,-4.96,3840,-190,-4.71,3830,3970,1399-10-17
166,آ س پ,آ.س.پ,3293,15778390,214994115386,13135,13300,13791,656,4.99,13626,491,3.74,12609,13791,1399-10-17
167,كگل,معدني و صنعتي گل گهر,3267,17076400,315076914110,19090,18310,18460,-630,-3.3,18450,-640,-3.35,18140,19300,1399-10-17
168,خاهن,آهنگري‌ تراكتورسازي‌ ايران‌,3259,9613609,369252433990,40100,38200,39200,-900,-2.24,38410,-1690,-4.21,38100,40000,1399-10-17
169,فولاي,صنايع فولاد آلياژي يزد,3220,4850174,208709302963,44772,43000,42535,-2237,-5.0,43031,-1741,-3.89,42534,44500,1399-10-17
170,وپاسار,بانك  پاسارگاد,3217,40310382,467066161340,11920,11570,11450,-470,-3.94,11590,-330,-2.77,11330,11880,1399-10-17
171,شكلر,نيروكلر,3186,6153354,399524502930,66800,69000,67900,1100,1.65,64930,-1870,-2.8,63460,69000,1399-10-17
172,سخاش,سيمان‌خاش‌,3177,1552213,200121964840,132780,126150,129100,-3680,-2.77,128930,-3850,-2.9,126150,137000,1399-10-17
173,غگلستا,شير پاستوريزه پگاه گلستان,3157,10963949,322584323301,28084,29478,29488,1404,5.0,29422,1338,4.76,28490,29488,1399-10-17
174,زگلدشت,كشت و دام گلدشت نمونه اصفهان,3114,3016393,190581849597,61830,64399,64000,2170,3.51,63182,1352,2.19,60210,64740,1399-10-17
175,شفارس,صنايع‌ شيميايي‌ فارس‌,3094,6715724,399194319430,61120,62000,58070,-3050,-4.99,59440,-1680,-2.75,58070,64100,1399-10-17
176,كفپارس,فرآورده‌هاي‌ نسوز پارس‌,3089,22334372,141767555500,6600,6700,6270,-330,-5.0,6350,-250,-3.79,6270,6840,1399-10-17
177,خكار,ايركا پارت صنعت,3075,8852512,232041899680,27350,25990,26080,-1270,-4.64,26210,-1140,-4.17,25990,27340,1399-10-17
178,دلقما,دارويي‌ لقمان‌,3072,6461785,201656576790,29900,31390,31390,1490,4.98,31210,1310,4.38,29900,31390,1399-10-17
179,ثپرديس,سرمايه گذاري مسكن پرديس,3071,20325876,265129936911,12776,13414,13414,638,4.99,13044,268,2.1,12138,13414,1399-10-17
180,فاسمين,كالسيمين‌,3039,14834249,287474911320,20290,19700,19280,-1010,-4.98,19380,-910,-4.48,19280,20000,1399-10-17
181,شپترو,پتروشيمي آبادان,3023,47426113,297663795417,6244,6431,6240,-4,-0.06,6276,32,0.51,6071,6431,1399-10-17
182,سفارس,سيمان فارس و خوزستان,3020,15010821,242322891440,16960,16750,16120,-840,-4.95,16140,-820,-4.83,16120,16750,1399-10-17
183,دزهراوي,داروسازي‌زهراوي‌,3016,13400989,146486827660,11520,11200,10750,-770,-6.68,10930,-590,-5.12,10640,11490,1399-10-17
184,وصنعت,سرمايه گذاري توسعه صنعت وتجارت,2989,20466583,139004998900,7120,7040,6790,-330,-4.63,6790,-330,-4.63,6770,7100,1399-10-17
185,وحكمت,بيمه حكمت صبا,2981,30415445,165906014622,5375,5320,5536,161,3.0,5455,80,1.49,5214,5536,1399-10-17
186,سصفها,سيمان‌اصفهان‌,2976,713632,271714750120,365840,384000,384120,18280,5.0,380750,14910,4.08,366500,384130,1399-10-17
187,غمينو,شركت صنايع غذايي مينو شرق,2906,10198069,155262171381,14659,15391,15391,732,4.99,15225,566,3.86,14710,15391,1399-10-17
188,كشرق,صنعتي و معدني شمال شرق شاهرود,2893,3042865,300048296615,95358,100125,100125,4767,5.0,98607,3249,3.41,93000,100125,1399-10-17
189,فلوله,لوله‌وماشين‌سازي‌ايران‌,2872,7992075,174907627130,22050,21450,22000,-50,-0.23,21890,-160,-0.73,20950,22500,1399-10-17
190,رتاپ,تجارت الكترونيك  پارسيان,2861,15720347,119011745740,7370,7730,7730,360,4.88,7570,200,2.71,7190,7730,1399-10-17
191,كبافق,معادن‌ بافق‌,2850,2717082,161511918320,62020,61390,58920,-3100,-5.0,59440,-2580,-4.16,58920,62170,1399-10-17
192,وهنر,گروه توسعه هنر ايران,2743,35747189,193180043383,5367,5250,5500,133,2.48,5404,37,0.69,5206,5528,1399-10-17
193,ثرود,سرمايه‌گذاري مسكن زاينده رود,2741,14733701,184405789308,12163,12770,12771,608,5.0,12516,353,2.9,11610,12771,1399-10-17
194,وملل,اعتباري ملل,2716,33691601,544068378994,16889,16100,16350,-539,-3.19,16148,-741,-4.39,16045,16885,1399-10-17
195,ثالوند,سرمايه گذاري مسكن الوند,2707,19654591,370289572752,18032,18933,18933,901,5.0,18840,808,4.48,17490,18933,1399-10-17
196,خفنر,فنرسازي‌خاور,2694,10836034,273080902200,24040,25240,25240,1200,4.99,25200,1160,4.83,24600,25240,1399-10-17
197,سخزر,سيمان‌ خزر,2675,5579109,222578218150,38200,40110,40110,1910,5.0,39890,1690,4.42,38420,40110,1399-10-17
198,فاذر,صنايع‌ آذرآب‌,2650,7513656,228408843070,31890,30520,30300,-1590,-4.99,30400,-1490,-4.67,30300,31600,1399-10-17
199,كمينا,شيشه سازي مينا,2647,10954384,423057179468,36878,38721,38721,1843,5.0,38620,1742,4.72,37060,38721,1399-10-17
200,غديس,پاكديس,2642,9652448,123150477772,12557,12950,12680,123,0.98,12758,201,1.6,12216,13100,1399-10-17
201,زبينا,كشاورزي و دامپروري بينالود,2639,3422494,180607363766,54935,55681,52189,-2746,-5.0,52771,-2164,-3.94,52189,55681,1399-10-17
202,سيلام,سيمان‌ ايلام‌,2628,13224271,128185928530,10080,9760,9810,-270,-2.68,9690,-390,-3.87,9580,10070,1399-10-17
203,ومشان,س. فني و مهندسي مشانير,2625,2529580,178671563328,69922,72019,72019,2097,3.0,70633,711,1.02,67825,72019,1399-10-17
204,تملت,تامين سرمايه بانك ملت,2619,11078902,92646641850,8740,8740,8310,-430,-4.92,8360,-380,-4.35,8310,8740,1399-10-17
205,بساما,بيمه سامان,2596,7804516,224961216616,27726,29112,28590,864,3.12,28824,1098,3.96,27000,29112,1399-10-17
206,غمارگ,مارگارين‌,2594,5501106,203668366680,38670,39490,36740,-1930,-4.99,37020,-1650,-4.27,36740,39490,1399-10-17
207,سرو,صندوق س سروسودمند مدبران-سهام,2587,2455955,169904225320,71710,70510,68710,-3000,-4.18,69180,-2530,-3.53,68460,71000,1399-10-17
208,رانفور,خدمات‌انفورماتيك‌,2574,5635504,172564943940,31810,31840,30560,-1250,-3.93,30620,-1190,-3.74,30220,31840,1399-10-17
209,شصدف,صنعتي دوده فام,2567,105959,2929130596,26328,27644,27644,1316,5.0,26401,73,0.28,27644,27644,1399-10-17
210,ولصنم,ليزينگ‌صنعت‌ومعدن‌,2552,21201453,225780642000,10190,10640,10690,500,4.91,10650,460,4.51,10190,10690,1399-10-17
211,غبهار,كشت وصنعت بهاران گلبهار خراسان,2525,2698369,140986737399,53688,52080,52078,-1610,-3.0,52249,-1439,-2.68,52078,53700,1399-10-17
212,فباهنر,مس‌ شهيدباهنر,2522,3224977,174809412650,56230,56350,53420,-2810,-5.0,54200,-2030,-3.61,53420,58800,1399-10-17
213,زشريف,كشت وصنعت شريف آباد,2522,6631738,203239022397,29292,30756,30756,1464,5.0,30646,1354,4.62,29884,30756,1399-10-17
214,ريشمك,توليد و صادرات ريشمك,2514,3453628,208355343669,63051,62000,60510,-2541,-4.03,60329,-2722,-4.32,59899,63300,1399-10-17
215,دكوثر,داروسازي‌ كوثر,2476,6625454,175829315080,25560,26600,26830,1270,4.97,26540,980,3.83,25560,26830,1399-10-17
216,اعتماد,صندوق س.اعتماد آفرين پارسيان-د,2473,79169880,2707268827840,34185,34195,34225,40,0.12,34196,11,0.03,34191,34231,1399-10-17
217,نهال,صندوق س. طلاي سرخ نوويرا,2463,4164598,41645980000,10000,10000,10000,0,0.0,10000,0,0.0,10000,10000,1399-10-17
218,غچين,كشت‌ و صنعت‌ چين‌ چين,2459,2874749,235862018860,85660,87000,81380,-4280,-5.0,82050,-3610,-4.21,81380,87000,1399-10-17
219,حسينا,توسعه خدمات دريايي وبندري سينا,2453,3423299,241706443166,73818,74000,70128,-3690,-5.0,70606,-3212,-4.35,70128,74300,1399-10-17
220,كاوه,فولاد كاوه جنوب كيش,2450,14622558,278988126080,19920,19380,19140,-780,-3.92,19080,-840,-4.22,18980,19500,1399-10-17
221,غمهرا,توليدي‌مهرام‌,2449,1237365,111853558560,93190,96990,88540,-4650,-4.99,90400,-2790,-2.99,88540,96990,1399-10-17
222,حسير,ريل سير كوثر,2421,6643233,118604007754,17173,17999,18031,858,5.0,17853,680,3.96,17200,18031,1399-10-17
223,امين يكم,صندوق درآمد ثابت امين يكم فردا,2417,87252199,890831450979,10199,10208,10210,11,0.11,10210,11,0.11,10204,10219,1399-10-17
224,ثفارس,عمران‌وتوسعه‌فارس‌,2378,17659300,232091363190,12550,13150,13170,620,4.94,13140,590,4.7,12540,13170,1399-10-17
225,غفارس,شير پاستوريزه پگاه فارس,2366,14468776,175626457433,12465,12910,11842,-623,-5.0,12138,-327,-2.62,11842,12910,1399-10-17
226,كساوه,صنايع‌ كاشي‌ و سراميك‌ سينا,2356,2725622,273907056930,98910,101990,100000,1090,1.1,100490,1580,1.6,95010,103000,1399-10-17
227,خزاميا,زامياد,2351,13859112,146323066750,11080,10540,10530,-550,-4.96,10560,-520,-4.69,10530,10900,1399-10-17
228,زاگرس,پتروشيمي زاگرس,2342,1660736,359228027682,216419,212000,220000,3581,1.65,216307,-112,-0.05,205660,225500,1399-10-17
229,ومهان,گروه توسعه مالي مهر آيندگان,2333,9097962,128395294156,14809,14180,14069,-740,-5.0,14113,-696,-4.7,14069,14780,1399-10-17
230,پكوير,كوير تاير,2330,5756521,111292387020,19490,19600,19900,410,2.1,19330,-160,-0.82,18520,20200,1399-10-17
231,خاذين,سايپاآذين‌,2322,27565024,150402422430,5720,5520,5440,-280,-4.9,5460,-260,-4.55,5440,5640,1399-10-17
232,ورازي,بيمه رازي,2321,17609217,212582214898,12586,11957,11957,-629,-5.0,12072,-514,-4.08,11957,12600,1399-10-17
233,تايرا,تراكتورسازي‌ايران‌,2309,11973725,446027612700,35750,36530,37530,1780,4.98,37250,1500,4.2,35750,37530,1399-10-17
234,وهور,مديريت انرژي اميد  تابان هور,2297,4048861,170340311189,43938,42826,42800,-1138,-2.59,42071,-1867,-4.25,41742,43500,1399-10-17
235,خشرق,الكتريك‌ خودرو شرق‌,2293,7970547,183326280840,24100,23210,22900,-1200,-4.98,23000,-1100,-4.56,22900,23840,1399-10-17
236,رتكو,كنترل‌خوردگي‌تكين‌كو,2281,7453290,150307639090,20740,21770,19710,-1030,-4.97,20170,-570,-2.75,19710,21770,1399-10-17
237,ونيكي,سرمايه‌گذاري‌ ملي‌ايران‌,2276,10155229,159933811900,16510,15730,15690,-820,-4.97,15750,-760,-4.6,15690,16510,1399-10-17
238,بسويچ,پارس‌سويچ‌,2246,3206045,169416554730,50510,53010,53030,2520,4.99,52840,2330,4.61,50530,53030,1399-10-17
239,دانا,بيمه دانا,2225,32293535,343441730850,11180,10630,10630,-550,-4.92,10630,-550,-4.92,10630,10900,1399-10-17
240,لسرما,سرما آفرين‌,2224,4615459,136181300910,30400,29710,28890,-1510,-4.97,29510,-890,-2.93,28880,31000,1399-10-17
241,رنيك,جنرال مكانيك,2224,6226461,145487194169,24459,24240,23237,-1222,-5.0,23366,-1093,-4.47,23237,24240,1399-10-17
242,دي,بانك دي,2223,3404437,115175508147,35611,33831,33831,-1780,-5.0,33831,-1780,-5.0,33831,33831,1399-10-17
243,وبيمه,سرمايه‌ گذاري‌ صنعت‌ بيمه‌,2216,62230202,211220827480,3250,3410,3410,160,4.92,3390,140,4.31,3250,3410,1399-10-17
244,ولانا,شركت ليزينگ آريا دانا,2212,4799930,137023024895,29279,28401,28401,-878,-3.0,28547,-732,-2.5,28401,29980,1399-10-17
245,وآرين,شركت توسعه اقتصادي آرين,2206,18032417,97529861964,5255,5517,5422,167,3.18,5409,154,2.93,5100,5517,1399-10-17
246,قجام,فرآوردههاي غذايي وقندتربت‌جام‌,2201,20015238,316697842836,15416,15878,15878,462,3.0,15823,407,2.64,14954,15878,1399-10-17
247,وسنا,سرمايه گذاري نيروگاهي ايران,2191,11848616,242552554770,20050,20010,21052,1002,5.0,20471,421,2.1,19300,21052,1399-10-17
248,حفارس,حمل و نقل بين المللي خليج فارس,2188,25767941,114264126210,4640,4640,4410,-230,-4.96,4430,-210,-4.53,4410,4770,1399-10-17
249,فولاژ,فولاد آلياژي ايران,2185,5851327,123167187410,20890,20990,21110,220,1.05,21050,160,0.77,20000,21830,1399-10-17
250,سكرما,سيمان‌ كرمان‌,2179,9988449,213163248990,20530,21550,21550,1020,4.97,21340,810,3.95,19510,21550,1399-10-17
251,سشرق,سيمان‌ شرق‌,2166,16770256,113027345290,7030,6800,6770,-260,-3.7,6740,-290,-4.13,6680,7030,1399-10-17
252,وبانك,سرمايه گذاري گروه توسعه ملي,2162,14478633,120101335370,8720,8300,8290,-430,-4.93,8300,-420,-4.82,8290,8400,1399-10-17
253,چافست,افست‌,2157,6071585,132836770260,20960,22000,22000,1040,4.96,21880,920,4.39,21000,22000,1399-10-17
254,چدن,توليدي چدن سازان,2109,5410733,194669235080,37220,37000,35360,-1860,-5.0,35980,-1240,-3.33,35360,37220,1399-10-17
255,ختوقا,قطعات‌ اتومبيل‌ ايران‌,2108,28522106,93359628040,3430,3300,3260,-170,-4.96,3270,-160,-4.66,3260,3430,1399-10-17
256,كفرآور,فرآورده هاي سيمان شرق,2106,6630707,171529887552,26580,26700,25783,-797,-3.0,25869,-711,-2.67,25783,27100,1399-10-17
257,كروي,توسعه‌ معادن‌ روي‌ ايران‌,2089,4232593,181954998730,44990,42810,42750,-2240,-4.98,42990,-2000,-4.45,42750,44950,1399-10-17
258,البرز,بيمه البرز,2087,28244234,168455744420,6240,6200,5930,-310,-4.97,5960,-280,-4.49,5930,6200,1399-10-17
259,كگهر,سنگ آهن گهرزمين,2058,3986319,202462081078,53244,50850,50584,-2660,-5.0,50789,-2455,-4.61,50582,53244,1399-10-17
260,فاما,صنعتي‌ آما,2054,7202617,156804208350,20950,21320,21990,1040,4.96,21770,820,3.91,20300,21990,1399-10-17
261,بايكا,كارخانجات كابلسازي ‌ايران‌,2043,3197059,164298376976,52861,51500,51276,-1585,-3.0,51390,-1471,-2.78,51276,52815,1399-10-17
262,افرا,افرانت,2042,3091887,165686450798,55661,56680,52878,-2783,-5.0,53587,-2074,-3.73,52878,57500,1399-10-17
263,نوين,بيمه نوين,2039,17805184,137308334830,8081,8000,7677,-404,-5.0,7712,-369,-4.57,7677,8030,1399-10-17
264,فلامي,لاميران‌,2027,1787567,97635403340,57010,57500,54160,-2850,-5.0,54620,-2390,-4.19,54160,57500,1399-10-17
265,فسا,پتروشيمي فسا,2026,31731745,73287794590,2311,2380,2270,-41,-1.77,2310,-1,-0.04,2242,2380,1399-10-17
266,ارفع,شركت آهن و فولاد ارفع,2013,10568396,142762535203,14187,13600,13480,-707,-4.98,13508,-679,-4.79,13478,13890,1399-10-17
267,خپارس,پارس‌ خودرو,2005,32050830,219260811010,7190,6840,6840,-350,-4.87,6840,-350,-4.87,6840,6990,1399-10-17
268,ثجوان,تامين مسكن جوانان,1979,8770217,140559691110,15345,16110,16112,767,5.0,16027,682,4.44,15500,16112,1399-10-17
269,دتوزيعح,ح . توزيع دارو پخش,1968,5217337,203996497079,37495,38990,39369,1874,5.0,39100,1605,4.28,37640,39369,1399-10-17
270,رمپنا,گروه مپنا (سهامي عام),1955,7531483,127161327710,17610,17060,17340,-270,-1.53,16880,-730,-4.15,16730,17600,1399-10-17
271,آگاس,صندوق س.هستي بخش آگاه-س,1952,2129666,146261571652,71087,70000,68960,-2127,-2.99,68678,-2409,-3.39,68110,70650,1399-10-17
272,خمحركه,نيرو محركه‌,1950,15076653,87509369700,6080,5900,5780,-300,-4.93,5800,-280,-4.61,5780,6000,1399-10-17
273,خفناور,مهندسي صنعتي روان فن آور,1950,7994453,257628722806,31124,32680,32680,1556,5.0,32226,1102,3.54,29600,32680,1399-10-17
274,سيدكو,سرمايه گذاري توسعه صنايع سيمان,1932,9213209,62897108950,6920,6970,6590,-330,-4.77,6830,-90,-1.3,6580,7230,1399-10-17
275,ستران,سيمان‌ تهران‌,1925,4223747,126218242850,31300,30000,29740,-1560,-4.98,29880,-1420,-4.54,29740,31300,1399-10-17
276,بنو,بيمه تجارت نو,1915,7346476,233541744559,32570,32900,31200,-1370,-4.21,31790,-780,-2.39,30943,33100,1399-10-17
277,مرقام,ايران‌ارقام‌,1912,5812393,126264975880,22730,22690,21600,-1130,-4.97,21720,-1010,-4.44,21600,22690,1399-10-17
278,ثمسكن,سرمايه‌گذاري‌ مسكن‌,1894,17349383,101478479450,6090,6280,5800,-290,-4.76,5850,-240,-3.94,5790,6280,1399-10-17
279,هرمز,فولاد هرمزگان جنوب,1892,15903085,215968695205,14274,13691,13561,-713,-5.0,13580,-694,-4.86,13561,13890,1399-10-17
280,شپديس,پتروشيمي پرديس,1862,3565491,338352591060,98760,96160,95700,-3060,-3.1,94900,-3860,-3.91,93830,98700,1399-10-17
281,خوساز,محورسازان‌ايران‌خودرو,1860,19387986,162410115940,8770,8380,8450,-320,-3.65,8380,-390,-4.45,8340,8700,1399-10-17
282,تاصيكو,سرمايه گذاري صدرتامين,1855,13725830,126367780430,9560,9480,9430,-130,-1.36,9210,-350,-3.66,9090,9500,1399-10-17
283,وسكاب,س.ص.بازنشستگي كاركنان بانكها,1842,20625611,127796146330,6480,6360,6160,-320,-4.94,6200,-280,-4.32,6160,6470,1399-10-17
284,شرانل,نفت ايرانول,1839,3625446,132748914517,35731,34600,36890,1159,3.24,36616,885,2.48,34600,37517,1399-10-17
285,تنوين,تامين سرمايه نوين,1820,19508429,120099621480,6430,6400,6110,-320,-4.98,6160,-270,-4.2,6110,6480,1399-10-17
286,كالا,بورس كالاي ايران,1799,2937350,134796242310,47900,46600,45510,-2390,-4.99,45890,-2010,-4.2,45510,47790,1399-10-17
287,پارسان,گسترش نفت و گاز پارسيان,1796,8048739,164570443060,21360,21010,20480,-880,-4.12,20450,-910,-4.26,20300,21180,1399-10-17
288,ثباغ,شهر سازي و خانه سازي باغميشه,1790,5111081,115324758594,23296,23296,22132,-1164,-5.0,22564,-732,-3.14,22132,24036,1399-10-17
289,فروي,ذوب روي اصفهان,1775,1275755,98578829561,81152,79500,77095,-4057,-5.0,77271,-3881,-4.78,77095,79500,1399-10-17
290,پلاسك,پلاسكوكار,1764,11891958,95461773530,8310,8490,8050,-260,-3.13,8030,-280,-3.37,7900,8490,1399-10-17
291,ميدكو,هلدينگ صنايع  معدني خاورميانه,1759,7685247,237303668889,31314,31314,30500,-814,-2.6,30878,-436,-1.39,29800,31469,1399-10-17
292,والبر,سرمايه‌ گذاري‌ البرز(هلدينگ‌,1758,8613998,166340960680,20210,20200,19200,-1010,-5.0,19310,-900,-4.45,19200,20300,1399-10-17
293,شفارا,پتروشيمي فارابي,1747,17594836,86733311015,4842,4969,4987,145,2.99,4929,87,1.8,4710,4987,1399-10-17
294,شپاكسا,پاكسان‌,1742,4147435,154306579810,37390,39000,36500,-890,-2.38,37210,-180,-0.48,36030,39000,1399-10-17
295,وثنو,سرمايه گذاري ساختماني نوين,1734,6336555,127539080555,21049,21197,19997,-1052,-5.0,20128,-921,-4.38,19997,21202,1399-10-17
296,قپيرا,فرآورده‌هاي‌غدايي‌وقندپيرانشهر,1734,947423,114630426910,116330,122140,122140,5810,4.99,120990,4660,4.01,110520,122140,1399-10-17
297,غمينوح,ح . شركت صنايع غذايي مينو شرق,1732,7286413,79590673093,10776,11150,10501,-275,-2.55,10923,147,1.36,10238,11254,1399-10-17
298,بهپاك,صنعتي بهپاك,1731,3497955,160017508944,44176,46359,46360,2184,4.94,45746,1570,3.55,42530,46384,1399-10-17
299,فپنتا,سپنتا,1710,266355,141067493420,552380,579950,524770,-27610,-5.0,529620,-22760,-4.12,524770,579950,1399-10-17
300,ختراكح,ح . ريخته‌گري‌ تراكتورسازي‌,1701,6806543,98933353660,15140,15710,14600,-540,-3.57,14540,-600,-3.96,13650,15710,1399-10-17
301,حريل,ريل پردازسير,1699,25840225,168426586550,6208,6518,6518,310,4.99,6518,310,4.99,6518,6518,1399-10-17
302,فسرب,ملي‌ سرب‌وروي‌ ايران‌,1673,855903,101376567610,124380,122200,118170,-6210,-4.99,118440,-5940,-4.78,118170,122200,1399-10-17
303,زپارس,ملي كشت و صنعت و دامپروري پارس,1664,2441865,287423653470,113220,118880,118880,5660,5.0,117710,4490,3.97,113620,118880,1399-10-17
304,غالبر,لبنيات‌ كالبر,1664,6842986,95860110210,13820,13950,14440,620,4.49,14010,190,1.37,13180,14490,1399-10-17
305,مدير,ص.س.مديريت ثروت ص.بازنشستگي-س,1659,7256976,69059261689,9923,9760,9520,-403,-4.06,9516,-407,-4.1,9351,9890,1399-10-17
306,بورس,بورس اوراق بهادار تهران,1658,2976027,153965425530,54300,53750,51590,-2710,-4.99,51740,-2560,-4.71,51590,53750,1399-10-17
307,دشيمي,شيمي‌ داروئي‌ داروپخش‌,1643,1820785,120888172360,68730,68700,65300,-3430,-4.99,66390,-2340,-3.4,65300,69900,1399-10-17
308,غشهد,شهد ايران ‌,1633,15419507,118587627610,8040,8110,7640,-400,-4.98,7690,-350,-4.35,7640,8210,1399-10-17
309,لازما,كارخانه هاي صنعتي آزمايش,1631,6161510,171050676788,27247,27791,27791,544,2.0,27761,514,1.89,27299,27791,1399-10-17
310,همراه,شركت ارتباطات سيار ايران,1626,2588353,75772677980,30450,30200,29570,-880,-2.89,29480,-970,-3.19,28950,30450,1399-10-17
311,وتوشه,سرمايه‌ گذاري‌ پارس‌ توشه‌,1608,11895713,285722439700,23700,24880,24880,1180,4.98,24020,320,1.35,22520,24880,1399-10-17
312,وپترو,سرمايه‌گذاري صنايع پتروشيمي‌,1596,6621858,120113584830,18720,18700,18320,-400,-2.14,18140,-580,-3.1,17790,18720,1399-10-17
313,ارزش,صندوق س ارزش آفرين بيدار-سهام,1595,11326077,115056841630,10330,10200,10120,-210,-2.03,10160,-170,-1.65,9870,10480,1399-10-17
314,كطبس,ذغال‌سنگ‌ نگين‌ ط‌بس‌,1593,1699805,137028734100,81560,84700,79150,-2410,-2.95,80610,-950,-1.16,77490,84700,1399-10-17
315,خكاوه,سايپا ديزل,1588,31651423,172297728381,5296,5250,5454,158,2.98,5444,148,2.79,5170,5454,1399-10-17
316,وسپه,سرمايه‌گذاري‌ سپه‌,1580,7022790,93931235970,14010,13750,13900,-110,-0.79,13380,-630,-4.5,13310,13950,1399-10-17
317,پاكشو,گروه صنعتي پاكشو,1576,1035461,89369737410,86590,88350,85900,-690,-0.8,86330,-260,-0.3,84900,88350,1399-10-17
318,پاسا,ايران‌ياساتايرورابر,1541,5973505,156462183180,26910,27370,26020,-890,-3.31,26190,-720,-2.68,25590,27370,1399-10-17
319,دابور,داروسازي‌ ابوريحان‌,1541,1894435,91715451390,48410,50830,49920,1510,3.12,48410,0,0.0,46040,50830,1399-10-17
320,وسرمد,بيمه  سرمد,1534,11481225,102774175252,8855,9120,9060,205,2.32,8951,96,1.08,8590,9120,1399-10-17
321,چكاوهح,ح . صنايع‌كاغذسازي‌كاوه‌,1532,6452414,83949481930,13640,13400,12720,-920,-6.74,13010,-630,-4.62,12600,14000,1399-10-17
322,قثابت,قند ثابت‌ خراسان‌,1525,1672061,123570649230,77510,77390,73640,-3870,-4.99,73900,-3610,-4.66,73640,77390,1399-10-17
323,حخزر,كشتيراني درياي خزر,1513,4982581,155903892671,31813,33400,30223,-1590,-5.0,31290,-523,-1.64,30223,33400,1399-10-17
324,وتوكا,سرمايه‌گذاري‌توكافولاد(هلدينگ,1510,9085949,126816731740,14640,14120,14000,-640,-4.37,13960,-680,-4.64,13910,14760,1399-10-17
325,فسازان,غلتك سازان سپاهان,1508,3631045,133520256790,38510,37900,36590,-1920,-4.99,36770,-1740,-4.52,36590,38900,1399-10-17
326,قلرست,قند لرستان‌,1506,2918035,90983879690,30800,30210,30880,80,0.26,31180,380,1.23,29300,32320,1399-10-17
327,ونيرو,سرمايه‌گذاري‌نيرو,1503,16499132,60144713620,3790,3820,3610,-180,-4.75,3650,-140,-3.69,3610,3820,1399-10-17
328,داسوه,داروسازي‌ اسوه‌,1496,3130539,104528722930,33200,34840,33100,-100,-0.3,33390,190,0.57,31540,34840,1399-10-17
329,دسانكو,داروسازي سبحان انكولوژي,1464,4345727,93640513456,22584,22900,21455,-1129,-5.0,21548,-1036,-4.59,21455,22900,1399-10-17
330,حپترو,حمل و نقل پتروشيمي( سهامي عام,1457,2537776,102536065050,39700,40900,41680,1980,4.99,40400,700,1.76,37820,41680,1399-10-17
331,گكوثر,هتل پارسيان كوثر اصفهان,1445,17877997,83268448227,4873,4800,4630,-243,-4.99,4658,-215,-4.41,4630,4800,1399-10-17
332,شجم,صنايع پتروشيمي تخت جمشيد,1443,18330868,219655932443,11694,11739,12044,350,2.99,11983,289,2.47,11738,12044,1399-10-17
333,ثشرق,سرمايه گذاري مسكن شمال شرق,1439,21106798,147942325060,6710,6760,7040,330,4.92,7010,300,4.47,6750,7040,1399-10-17
334,سمازن,سيمان‌مازندران‌,1437,8648629,90847184240,10980,11100,10440,-540,-4.92,10500,-480,-4.37,10440,11100,1399-10-17
335,ثاصفا,شركت‌ ساختمان‌ اصفهان‌,1411,4712430,145962570030,31108,32041,30175,-933,-3.0,30974,-134,-0.43,30175,32041,1399-10-17
336,كحافظ,كاشي‌ وسراميك‌ حافظ‌,1404,6524756,114579364040,18450,17530,17530,-920,-4.99,17560,-890,-4.82,17530,17800,1399-10-17
337,دلرح,ح . داروسازي‌ اكسير,1398,1536567,64971320090,45460,47700,41600,-3860,-8.49,42280,-3180,-7.0,40910,47700,1399-10-17
338,دبالك,مواد اوليه دارويي البرز بالك,1390,3439465,95245146662,29031,28230,27580,-1451,-5.0,27692,-1339,-4.61,27580,28500,1399-10-17
339,اتكام,شركت بيمه اتكايي امين,1374,13673322,88638716778,6791,6855,6595,-196,-2.89,6483,-308,-4.54,6452,6855,1399-10-17
340,وپسا,س. پتروشيمي ساختمان  خليج فارس,1371,19388405,72495249635,3668,3778,3778,110,3.0,3739,71,1.94,3581,3778,1399-10-17
341,مفاخر,توسعه فناوري اطلاعات خوارزمي,1367,3562190,162719025272,43543,45720,45720,2177,5.0,45679,2136,4.91,44334,45720,1399-10-17
342,شوينده,مديريت صنعت شوينده ت.ص.بهشهر,1366,2025875,80769820450,39970,41030,39320,-650,-1.63,39870,-100,-0.25,38970,41330,1399-10-17
343,واعتبار,سرمايه گذاري اعتبار ايران,1365,10255189,77767376950,7260,7620,7620,360,4.96,7580,320,4.41,7260,7620,1399-10-17
344,پكرمان,گروه‌ صنعتي‌ بارز,1355,3225599,95213962530,29420,29200,30350,930,3.16,29520,100,0.34,28210,30850,1399-10-17
345,پرديس,سرمايه گذاري پرديس,1351,8681906,60013787050,7210,7190,6990,-220,-3.05,6910,-300,-4.16,6850,7190,1399-10-17
346,فروس,فروسيليس‌ ايران‌,1350,11771980,71992133230,6370,6400,6060,-310,-4.87,6120,-250,-3.92,6060,6400,1399-10-17
347,ولبهمن,شركت بهمن ليزينگ,1338,11470236,97594617459,8843,8655,8678,-165,-1.87,8509,-334,-3.78,8401,8820,1399-10-17
348,خكمك,كمك‌فنرايندامين‌,1320,3007271,134097406090,45920,44220,43630,-2290,-4.99,44590,-1330,-2.9,43630,47300,1399-10-17
349,تماوند,تامين سرمايه دماوند,1316,9436839,198517341324,21000,21300,21178,178,0.85,21036,36,0.17,20010,21300,1399-10-17
350,آپ,آسان پرداخت پرشين,1316,5210905,123989822840,24950,23710,23710,-1240,-4.97,23790,-1160,-4.65,23710,24520,1399-10-17
351,دتوليد,داروسازي توليد دارو,1309,2703469,91413605390,35400,34590,33630,-1770,-5.0,33813,-1587,-4.48,33630,35200,1399-10-17
352,كهمداح,ح . شيشه‌ همدان‌,1304,7438841,78703958800,10720,10750,10500,-220,-2.05,10580,-140,-1.31,10200,11060,1399-10-17
353,خمحور,توليدمحورخودرو,1302,2511969,199944661620,78830,74920,82770,3940,5.0,79600,770,0.98,74890,82770,1399-10-17
354,تپولا,مهندسي مرآت پولاد,1299,2911110,111790091054,36748,38585,38585,1837,5.0,38401,1653,4.5,37071,38585,1399-10-17
355,وبوعلي,سرمايه‌گذاري‌بوعلي‌,1299,10211099,64925253960,6630,6630,6300,-330,-4.98,6360,-270,-4.07,6300,6660,1399-10-17
356,شغدير,پتروشيمي غدير,1297,2852602,181328953155,66803,66000,63463,-3340,-5.0,63566,-3237,-4.85,63463,66000,1399-10-17
357,ثامان,سامان‌ گستراصفهان‌,1296,4532002,97818646380,20820,20810,21860,1040,5.0,21580,760,3.65,20150,21860,1399-10-17
358,كي بي سي,شركت كي بي سي,1294,2572149,92643548268,37737,37900,36500,-1237,-3.28,36018,-1719,-4.56,35851,37900,1399-10-17
359,اعتلا,شركت سرمايه گذاري اعتلاء البرز,1294,6383360,63059305949,10258,10010,9746,-512,-4.99,9879,-379,-3.69,9746,10483,1399-10-17
360,سخوز,سيمان خوزستان,1290,3209681,72721186670,23250,23970,22300,-950,-4.09,22660,-590,-2.54,22090,23970,1399-10-17
361,سيمرغ,سيمرغ,1270,3210215,63924997210,20920,20920,19880,-1040,-4.97,19910,-1010,-4.83,19880,20920,1399-10-17
362,طلا,صندوق س.پشتوانه طلاي لوتوس,1269,865185,75906753822,87868,89000,88002,134,0.15,87735,-133,-0.15,86220,89000,1399-10-17
363,لبوتان,گروه‌صنعتي‌بوتان‌,1251,831652,66033429830,83000,83000,78850,-4150,-5.0,79400,-3600,-4.34,78850,83190,1399-10-17
364,ددام,داروسازي زاگرس فارمد پارس,1237,4908953,73385730790,15490,16010,14720,-770,-4.97,14950,-540,-3.49,14720,16010,1399-10-17
365,خصدرا,صنعتي‌ دريايي‌ ايران‌,1236,17331007,69310048363,4119,3997,3996,-123,-2.99,3999,-120,-2.91,3996,4090,1399-10-17
366,شاراك,پتروشيمي شازند,1233,5795411,134191163880,23710,23700,23640,-70,-0.3,23150,-560,-2.36,22550,23990,1399-10-17
367,وملي,گروه‌ صنعتي‌ ملي‌ (هلدينگ‌,1233,329763,87177579570,277420,272010,263550,-13870,-5.0,264360,-13060,-4.71,263550,272010,1399-10-17
368,زكشت,كشاورزي مكانيزه اصفهان كشت,1224,2984410,112165747169,39195,40000,37236,-1959,-5.0,37584,-1611,-4.11,37236,40000,1399-10-17
369,تسه9909,امتياز تسهيلات مسكن آذر99,1220,22861,13205379216,594930,624000,565184,-29746,-5.0,577638,-17292,-2.91,565184,624000,1399-10-17
370,وبهمن,سرمايه‌گذاري‌بهمن‌,1217,8037507,188381520700,24380,24600,23300,-1080,-4.43,23440,-940,-3.86,23170,24600,1399-10-17
371,غبشهر,صنعتي‌ بهشهر,1215,4459711,123010405610,28820,27470,27380,-1440,-5.0,27580,-1240,-4.3,27380,29000,1399-10-17
372,ضخود2007,اختيارخ خودرو-3000-1400/02/08,1211,46812,17469187000,447,400,370,-77,-17.23,373,-74,-16.55,350,420,1399-10-17
373,كگاز,شيشه‌ و گاز,1208,2862107,64810748210,22990,23160,22530,-460,-2.0,22640,-350,-1.52,21890,23700,1399-10-17
374,شصفها,پتروشيمي‌ اصفهان‌,1207,1394850,202722910066,143697,145999,142321,-1376,-0.96,145337,1640,1.14,141210,146570,1399-10-17
375,فجر,فولاد اميركبيركاشان,1205,1544318,95406176310,64110,62580,61570,-2540,-3.96,61780,-2330,-3.63,61070,63800,1399-10-17
376,ملت,بيمه ملت,1183,4464294,90191455750,21180,20410,20130,-1050,-4.96,20200,-980,-4.63,20130,21000,1399-10-17
377,دعبيد,لابراتوارداروسازي‌  دكترعبيدي‌,1176,1398328,42305835770,30760,31800,29800,-960,-3.12,30370,-390,-1.27,29300,31970,1399-10-17
378,ما,بيمه  ما,1173,12691504,109453691150,8950,9200,8700,-250,-2.79,8620,-330,-3.69,8510,9200,1399-10-17
379,درهآور,دارويي ره آورد تامين,1171,1740032,75998704919,45796,44000,43507,-2289,-5.0,43677,-2119,-4.63,43507,45800,1399-10-17
380,قشهد,شهد,1169,1551283,54274193110,34030,35690,35730,1700,5.0,34990,960,2.82,33010,35730,1399-10-17
381,لوتوس,تامين سرمايه لوتوس پارسيان,1169,3942866,49863208940,13260,13260,12600,-660,-4.98,12650,-610,-4.6,12600,13260,1399-10-17
382,غگلپا,شير پاستوريزه پگاه گلپايگان,1168,988041,76069887102,77036,80800,76120,-916,-1.19,76991,-45,-0.06,74110,80800,1399-10-17
383,كويرح,ح. توليدي فولاد سپيد فراب كوير,1143,12241430,211789893610,17110,18820,18820,1710,9.99,17300,190,1.11,17000,18820,1399-10-17
384,حاريا,كشتيراني آريا,1139,2784483,91418595945,33219,34160,32223,-996,-3.0,32831,-388,-1.17,32223,34215,1399-10-17
385,سكرد,سيمان كردستان,1134,6451289,53469820640,8500,8500,8350,-150,-1.76,8290,-210,-2.47,8110,8790,1399-10-17
386,فبيرا,بسته‌ بندي‌ ايران‌,1122,18827593,72977604030,3987,3871,3868,-119,-2.98,3876,-111,-2.78,3868,4060,1399-10-17
387,ثتوسا,س.توسعه و عمران استان اردبيل,1119,1607598,79841384455,51162,49628,49628,-1534,-3.0,49665,-1497,-2.93,49628,50435,1399-10-17
388,فايرا,آلومينيوم‌ايران‌,1119,2497675,59182371580,23840,23200,24220,380,1.59,23690,-150,-0.63,22720,24880,1399-10-17
389,آرمان,بيمه آرمان,1119,9378020,87722000406,9604,9604,9316,-288,-3.0,9354,-250,-2.6,9316,9604,1399-10-17
390,پارس,پتروشيمي پارس,1105,1547404,241379663660,158830,160000,164000,5170,3.26,155990,-2840,-1.79,150890,164000,1399-10-17
391,كرماشا,صنايع پتروشيمي كرمانشاه,1084,2154704,87962221140,41590,40500,40980,-610,-1.47,40820,-770,-1.85,39520,42650,1399-10-17
392,وبشهر,توسعه‌ صنايع‌ بهشهر(هلدينگ,1080,6582426,101597943340,16010,16670,15220,-790,-4.93,15430,-580,-3.62,15210,16670,1399-10-17
393,واتي,سرمايه‌ گذاري‌ آتيه‌ دماوند,1076,5821705,72922779510,13130,13090,12480,-650,-4.95,12530,-600,-4.57,12480,13090,1399-10-17
394,بالاس,مهندسي ساختمان تاسيسات راه آهن,1063,1053041,58507336820,57898,55500,55004,-2894,-5.0,55560,-2338,-4.04,55004,57000,1399-10-17
395,فنفت,صنايع تجهيزات نفت,1058,2637210,60461463342,22961,23639,22273,-688,-3.0,22926,-35,-0.15,22273,23639,1399-10-17
396,وسين,بيمه سينا,1056,3658151,79362350519,22723,21819,21587,-1136,-5.0,21695,-1028,-4.52,21587,23000,1399-10-17
397,تكنو,تكنوتار,1056,3464514,74176647360,20570,21500,21590,1020,4.96,21410,840,4.08,20870,21590,1399-10-17
398,وتوسم,سرمايه‌گذاري‌توسعه‌ملي‌,1054,4731102,57192872810,12700,12160,12090,-610,-4.8,12090,-610,-4.8,12070,12600,1399-10-17
399,زقيام,كشت و دام قيام اصفهان,1054,2187482,78421265676,37576,37913,35698,-1878,-5.0,35850,-1726,-4.59,35698,37913,1399-10-17
400,دتماد,توليدمواداوليه‌داروپخش‌,1039,1438268,81931045370,58880,56700,57000,-1880,-3.19,56970,-1910,-3.24,55940,59950,1399-10-17
401,شپلي,پلي اكريل ايران,1033,18504348,209968836756,11017,11347,11347,330,3.0,11347,330,3.0,11347,11347,1399-10-17
402,قزوين,كارخانجات‌ قند قزوين‌,1032,1750425,69479068620,41220,41190,39160,-2060,-5.0,39690,-1530,-3.71,39160,42950,1399-10-17
403,بزاگرس,نيروگاه زاگرس كوثر,1030,5422981,57303415732,10963,11389,10415,-548,-5.0,10567,-396,-3.61,10415,11389,1399-10-17
404,حبندر,دريايي و کشتيراني خط دريابندر,1027,2507668,83877760379,34463,33430,33430,-1033,-3.0,33449,-1014,-2.94,33430,34480,1399-10-17
405,ميهن,بيمه ميهن,1020,7816069,48819869564,6545,6228,6218,-327,-5.0,6246,-299,-4.57,6218,6479,1399-10-17
406,ولراز,ليزينگ رازي,1019,1059853,60075083488,55121,56774,56774,1653,3.0,56682,1561,2.83,55775,56774,1399-10-17
407,شاوان,پالايش نفت لاوان,1012,1272839,116712256389,94326,93980,92290,-2036,-2.16,91694,-2632,-2.79,89610,95100,1399-10-17
408,گوهران,سرمايه گذاري توسعه گوهران اميد,1011,6182070,51717607980,8740,8401,8303,-437,-5.0,8366,-374,-4.28,8303,8949,1399-10-17
409,ثزاگرس,سرمايه گذاري توسعه عمران زاگرس,1004,1208666,62409006272,51100,53655,50580,-520,-1.02,51635,535,1.05,49340,53655,1399-10-17
410,اپرداز,آتيه داده پرداز,1000,3128398,89399610475,29951,28901,28454,-1497,-5.0,28577,-1374,-4.59,28454,30425,1399-10-17
411,كيان,صندوق س. با درآمد ثابت كيان,1000,26322889,700773952693,26603,26622,26627,24,0.09,26622,19,0.07,26621,26628,1399-10-17
412,دكيمي,كيميدارو,995,1251273,36062532760,30050,30500,28550,-1500,-4.99,29050,-1000,-3.33,28550,30990,1399-10-17
413,تيپيكو,سرمايه گذاري دارويي تامين,990,829765,43610366890,54820,53010,53000,-1820,-3.32,53740,-1080,-1.97,52120,54490,1399-10-17
414,غدشت,دشت‌ مرغاب‌,985,356580,96806895580,284200,283100,269990,-14210,-5.0,271490,-12710,-4.47,269990,290000,1399-10-17
415,غپآذر,شير پگاه آذربايجان شرقي,981,1260034,73341549304,60318,61100,58499,-1819,-3.02,58206,-2112,-3.5,57303,62450,1399-10-17
416,سپ,پرداخت الكترونيك سامان كيش,978,3250105,64044834260,20530,20400,19510,-1020,-4.97,19710,-820,-3.99,19510,20400,1399-10-17
417,ولپارس,ليزينگ پارسيان,973,2974759,20555584690,7270,6910,6910,-360,-4.95,7080,-190,-2.61,6910,6910,1399-10-17
418,سغرب,سيمان‌غرب‌,973,3881091,96853744300,23870,23090,25060,1190,4.99,24960,1090,4.57,23090,25060,1399-10-17
419,دلر,داروسازي‌ اكسير,969,1195008,54874679860,48150,49900,45750,-2400,-4.98,45920,-2230,-4.63,45750,49900,1399-10-17
420,بفجر,فجر انرژي خليج فارس,966,3366951,94314415260,28120,28270,28250,130,0.46,28010,-110,-0.39,26720,29000,1399-10-17
421,ساراب,سيمان‌ داراب‌,963,3764562,49680872980,13430,13250,13180,-250,-1.86,13200,-230,-1.71,12760,13960,1399-10-17
422,شفن,پتروشيمي فناوران,959,390925,115244889220,300480,300000,300000,-480,-0.16,294800,-5680,-1.89,286200,310000,1399-10-17
423,وليز,ليزينگ‌ايران‌,957,7832993,60322173440,8010,8000,7610,-400,-4.99,7700,-310,-3.87,7610,8000,1399-10-17
424,وخاور,بانك خاورميانه,956,7496428,75521682260,10290,9900,10130,-160,-1.55,10070,-220,-2.14,9900,10310,1399-10-17
425,كتوكاح,ح.توليدي وخدمات صنايع نسوزتوكا,944,2558569,64753312856,26051,25882,25670,-381,-1.46,25308,-743,-2.85,24750,25883,1399-10-17
426,شستان,پتروشيمي گلستان,943,13211535,50179848201,3736,3690,3810,74,1.98,3798,62,1.66,3690,3810,1399-10-17
427,پخش,پخش البرز,935,1806876,71796370640,41130,41300,39074,-2056,-5.0,39735,-1395,-3.39,39074,41400,1399-10-17
428,قچار,فراوردههاي غذايي وقند چهارمحال,927,1227650,86808821517,73869,73000,70176,-3693,-5.0,70711,-3158,-4.28,70176,73000,1399-10-17
429,پارسيان,بيمه پارسيان,925,6750024,87542872130,13160,13030,13060,-100,-0.76,12970,-190,-1.44,12520,13390,1399-10-17
430,جم پيلن,پلي پروپيلن جم - جم پيلن,922,2324812,188051074460,84430,81100,81220,-3210,-3.8,80890,-3540,-4.19,80210,85700,1399-10-17
431,سپاها,سيمان‌سپاهان‌,918,7470390,64546252780,9050,8780,8600,-450,-4.97,8640,-410,-4.53,8600,9250,1399-10-17
432,كفرا,فراورده‌ هاي‌ نسوزايران‌,908,1150387,66978583410,56160,53810,58960,2800,4.99,58220,2060,3.67,53810,58960,1399-10-17
433,سهگمت,سيمان‌هگمتان‌,888,3984691,102459144160,24860,25150,26100,1240,4.99,25710,850,3.42,24000,26100,1399-10-17
434,دفارا,داروسازي‌ فارابي‌,886,1569053,108285022650,72600,69010,68970,-3630,-5.0,69010,-3590,-4.94,68970,71140,1399-10-17
435,ورنا,سرمايه‌گذاري‌ رنا(هلدينگ‌,872,6040185,46612869750,8080,7850,7680,-400,-4.95,7720,-360,-4.46,7680,7970,1399-10-17
436,سصوفي,سيمان‌ صوفيان‌,869,3299598,55069120910,17520,17510,16650,-870,-4.97,16690,-830,-4.74,16650,17510,1399-10-17
437,كنور,توسعه معدني و صنعتي صبانور,865,2113419,95048124300,46290,46320,45790,-500,-1.08,44970,-1320,-2.85,44300,46840,1399-10-17
438,آريان,سرمايه گذاري پارس آريان,859,17732414,281736222096,16305,16298,15816,-489,-3.0,15888,-417,-2.56,15816,16298,1399-10-17
439,ساروم,سيمان‌اروميه‌,856,1576946,41922676570,27830,28580,26440,-1390,-4.99,26750,-1080,-3.88,26440,28580,1399-10-17
440,كلوند,كاشي‌ الوند,841,2728199,99633827480,34790,36520,36520,1730,4.97,36520,1730,4.97,36520,36520,1399-10-17
441,وصندوق,سرمايه‌گذاري‌صندوق‌بازنشستگي‌,837,4899626,69706613310,14820,14220,14150,-670,-4.52,14450,-370,-2.5,14080,14600,1399-10-17
442,دجابر,داروسازي‌ جابرابن‌حيان‌,821,1841500,40621441330,23030,22110,21900,-1130,-4.91,22120,-910,-3.95,21880,23080,1399-10-17
443,بمپنا,توليد برق عسلويه  مپنا,811,1266974,125684381199,94641,97690,99373,4732,5.0,99200,4559,4.82,96100,99373,1399-10-17
444,دقاضي,داروسازي شهيد قاضي,809,652422,34500251146,51533,53078,53078,1545,3.0,52880,1347,2.61,51533,53078,1399-10-17
445,بكهنوج,توليد برق ماهتاب كهنوج,805,10668888,26640213336,2628,2497,2497,-131,-4.98,2559,-69,-2.63,2497,2497,1399-10-17
446,دسبحان,سبحان دارو,796,2210462,54937613230,24890,25520,25200,310,1.25,24850,-40,-0.16,23890,25850,1399-10-17
447,پارند,صندوق س. پارند پايدار سپهر,792,25949925,290952100399,11209,11230,11215,6,0.05,11212,3,0.03,11210,11230,1399-10-17
448,كپرور,فرآوري زغال سنگ پروده طبس,789,1373853,65231132866,49310,50400,46845,-2465,-5.0,47480,-1830,-3.71,46845,50400,1399-10-17
449,شخارك,پتروشيمي‌ خارك‌,784,1693785,77818839100,46350,45110,45700,-650,-1.4,46030,-320,-0.69,44530,47000,1399-10-17
450,واميد,گروه مديريت سرمايه گذاري اميد,781,4023994,161220537310,40360,40360,39990,-370,-0.92,40060,-300,-0.74,38620,41090,1399-10-17
451,ومعلم,بيمه معلم,781,6808945,46015570471,7088,6800,6734,-354,-4.99,6758,-330,-4.66,6734,7079,1399-10-17
452,سرچشمه,سرمايه گذاري مس سرچشمه,778,15479651,131035245715,8062,8465,8465,403,5.0,8465,403,5.0,8465,8465,1399-10-17
453,تپمپي,پمپ‌ سازي‌ ايران‌,774,2130848,64106183200,31560,30300,29990,-1570,-4.97,30080,-1480,-4.69,29990,30930,1399-10-17
454,غشصفا,شيرپاستوريزه‌پگاه‌اصفهان‌,770,1277727,37857955770,30230,30900,29980,-250,-0.83,29770,-460,-1.52,28860,30900,1399-10-17
455,وصنا,گروه‌صنايع‌بهشهرايران‌,754,7073712,54574511600,8070,7900,7670,-400,-4.96,7720,-350,-4.34,7670,8200,1399-10-17
456,زر,صندوق س.پشتوانه سكه طلاي زر,746,1696601,87861885792,51228,50561,51260,32,0.06,51787,559,1.09,50561,52000,1399-10-17
457,سرود,سيمان‌شاهرود,745,1697026,30389200170,17920,18690,18270,350,1.95,17910,-10,-0.06,17150,18690,1399-10-17
458,سمتاز,سيمان ممتازان كرمان,744,1362018,41928534397,31535,31535,30589,-946,-3.0,30784,-751,-2.38,30589,32000,1399-10-17
459,تسه9908,امتياز تسهيلات مسكن آبان99,743,13199,7643405503,594144,580315,564437,-29707,-5.0,579090,-15054,-2.53,564437,620000,1399-10-17
460,وايران,ليزينگ ايرانيان,738,4771176,65365111200,13050,13700,13700,650,4.98,13700,650,4.98,13700,13700,1399-10-17
461,شپاس,نفت پاسارگاد,738,1863543,41833734379,23425,23010,22254,-1171,-5.0,22627,-798,-3.41,22254,23100,1399-10-17
462,ساينا,صنايع بهداشتي ساينا,735,107280,22447707756,207982,212600,206990,-992,-0.48,208550,568,0.27,203400,217000,1399-10-17
463,دالبر,البرزدارو,722,1345081,29901001950,22540,23000,22600,60,0.27,22350,-190,-0.84,21600,23000,1399-10-17
464,مداران,داده‌پردازي‌ايران‌,718,1789432,46478894590,27050,25760,25720,-1330,-4.92,26060,-990,-3.66,25700,26980,1399-10-17
465,غشوكو,شوكو پارس,712,553487,23835087648,44083,45405,42761,-1322,-3.0,43063,-1020,-2.31,42761,45405,1399-10-17
466,دارو,كارخانجات‌داروپخش‌,707,1160984,33863551650,30380,29600,29300,-1080,-3.55,29460,-920,-3.03,28870,30490,1399-10-17
467,وزمين,بانك ايران زمين,707,12449767,165390745188,12775,13286,13286,511,4.0,13285,510,3.99,12802,13286,1399-10-17
468,وملت,سرمايه گذاري ملت,692,8588678,34745906967,4070,4150,4000,-70,-1.72,4046,-24,-0.59,3989,4151,1399-10-17
469,وكبهمن,مديريت سرمايه گذاري كوثربهمن,680,633601,13744706493,22834,21693,21693,-1141,-5.0,22522,-312,-1.37,21693,21693,1399-10-17
470,كقزوي,شيشه‌ قزوين‌,680,6376448,69068320422,10320,10836,10836,516,5.0,10832,512,4.96,10500,10836,1399-10-17
471,دسبحا,گروه دارويي سبحان,677,1930567,41036783440,21480,22350,21290,-190,-0.88,21280,-200,-0.93,20410,22350,1399-10-17
472,كخاك,صنايع‌خاك‌چيني‌ايران‌,668,1264085,68870690260,57120,55910,54270,-2850,-4.99,54480,-2640,-4.62,54270,57990,1399-10-17
473,مبين,مبين انرژي خليج فارس,664,4403868,69240490010,15980,15220,15950,-30,-0.19,15830,-150,-0.94,15190,16140,1399-10-17
474,شفا,سرمايه گذاري شفادارو,654,915689,54404542310,62150,62150,59050,-3100,-4.99,59410,-2740,-4.41,59050,62700,1399-10-17
475,بخاور,بيمه زندگي خاورميانه,652,6444794,52174487035,8464,8630,8041,-423,-5.0,8096,-368,-4.35,8041,8630,1399-10-17
476,دكپسول,توليد ژلاتين كپسول ايران,651,1103954,47230271366,45000,45000,42750,-2250,-5.0,42783,-2217,-4.93,42750,45000,1399-10-17
477,شبصير,توليدات پتروشيمي قائد بصير,649,512378,59526791442,120222,118816,114221,-6001,-4.99,116177,-4045,-3.36,114211,120000,1399-10-17
478,لخزر,پارس‌ خزر,638,165978,31701100880,197880,199500,187990,-9890,-5.0,193080,-4800,-2.43,187990,199500,1399-10-17
479,غگرجي,بيسكويت‌  گرجي‌,635,1872422,50143461160,25510,26780,26780,1270,4.98,26550,1040,4.08,26780,26780,1399-10-17
480,خلنت,لنت‌ ترمزايران‌,626,443074,51163650760,110080,114900,115580,5500,5.0,114730,4650,4.22,113350,115580,1399-10-17
481,داروح,ح . كارخانجات‌داروپخش,624,923479,24271206280,28120,28580,25870,-2250,-8.0,26280,-1840,-6.54,25650,28580,1399-10-17
482,پسهند,صنايع‌ لاستيكي‌  سهند,615,881503,36957785800,43180,43180,41750,-1430,-3.31,42080,-1100,-2.55,41300,44000,1399-10-17
483,بشهاب,لامپ‌  پارس‌ شهاب‌,608,679252,66773893520,94620,99000,99350,4730,5.0,98310,3690,3.9,90350,99350,1399-10-17
484,دپارس,پارس‌ دارو,607,353864,36476910070,101630,104610,103390,1760,1.73,102720,1090,1.07,97000,106250,1399-10-17
485,كاردان,صندوق س تجارت شاخصي كاردان,600,379896,60522602930,163700,163040,158000,-5700,-3.48,159310,-4390,-2.68,156600,163040,1399-10-17
486,كاسپين,داروسازي كاسپين تامين,598,813598,24916723724,30233,31744,30000,-233,-0.77,30423,190,0.63,28750,31744,1399-10-17
487,وتعاون,بيمه  تعاون,596,6971344,58357120624,8128,8371,8371,243,2.99,8371,243,2.99,8371,8371,1399-10-17
488,خموتور,موتورسازان‌تراكتورسازي‌ايران‌,595,3112326,72454949280,22180,23280,23280,1100,4.96,23280,1100,4.96,23280,23280,1399-10-17
489,ولملت,واسپاري ملت,593,6086511,56507082980,9750,9750,9270,-480,-4.92,9280,-470,-4.82,9270,9750,1399-10-17
490,دتوزيع,توزيع دارو پخش,586,1713972,74602345272,41454,43526,43526,2072,5.0,43526,2072,5.0,43526,43526,1399-10-17
491,قشرين,قند شيرين خراسان,567,2546319,46353488562,18740,18200,18178,-562,-3.0,18204,-536,-2.86,18178,18600,1399-10-17
492,غدام,خوراك‌  دام‌ پارس‌,566,149295,77743878300,495950,520740,520740,24790,5.0,520740,24790,5.0,520740,520740,1399-10-17
493,سهرمز,سيمان‌هرمزگان‌,564,1177878,27411355040,22910,23100,23810,900,3.93,23110,200,0.87,22870,23810,1399-10-17
494,اميد,تامين سرمايه اميد,560,4185951,44654543980,11080,11000,10530,-550,-4.96,10710,-370,-3.34,10530,11200,1399-10-17
495,قهكمت,قندهكمتان‌,552,447399,22134525490,49390,49900,48780,-610,-1.24,49430,40,0.08,47660,51400,1399-10-17
496,وشمال,س. چشم انداز توسعه شمال,550,286508,27346336001,98159,95215,95215,-2944,-3.0,95447,-2712,-2.76,95215,99000,1399-10-17
497,حرهشا,رهشاد سپاهان (سهامي عام,550,761038,52833833473,67428,69450,69450,2022,3.0,69423,1995,2.96,67450,69450,1399-10-17
498,غپاك,لبنيات‌ پاك‌,549,2886050,41991729760,15220,15000,14460,-760,-4.99,14630,-590,-3.88,14460,15100,1399-10-17
499,آوا,صندوق س.سهام آواي معيار-س,542,2121075,15915832539,7872,7698,7494,-378,-4.8,7504,-368,-4.67,7400,7755,1399-10-17
500,عيار,صندوق س. پشتوانه طلاي مفيد,533,571394,17634169827,30982,31290,31000,18,0.06,30862,-120,-0.39,30680,31290,1399-10-17
501,خراسان,پتروشيمي خراسان,530,591974,39512842640,67460,66110,68410,950,1.41,66870,-590,-0.87,64110,70500,1399-10-17
502,غشاذر,پگاه‌آذربايجان‌غربي‌,524,6439296,160145291520,23690,24870,24870,1180,4.98,24870,1180,4.98,24870,24870,1399-10-17
503,شيراز,پتروشيمي‌شيراز,522,2394008,130637283360,55910,54000,54550,-1360,-2.43,54570,-1340,-2.4,53120,56800,1399-10-17
504,جهرم,پتروشيمي جهرم,514,6305048,15622148379,2548,2570,2472,-76,-2.98,2491,-57,-2.24,2472,2570,1399-10-17
505,معيار,سرمايه گذاري معيار صنعت پارس,511,1320226,49255888840,36623,37355,37355,732,2.0,37309,686,1.87,35891,37355,1399-10-17
506,نيرو,نيرو سرمايه,506,906111,51434027464,58300,59000,56620,-1680,-2.88,56763,-1537,-2.64,56551,59000,1399-10-17
507,اتكاي,بيمه اتكايي ايرانيان,504,2287454,36644075847,16816,16500,15976,-840,-5.0,16135,-681,-4.05,15976,16816,1399-10-17
508,قمرو,قند مرودشت‌,498,615747,17917748730,30100,31100,29000,-1100,-3.65,29730,-370,-1.23,28600,31100,1399-10-17
509,وكادو,تكادو,493,3142007,86367488416,26688,27488,27488,800,3.0,27488,800,3.0,27488,27488,1399-10-17
510,شنفت,نفت‌ پارس‌,479,624500,36203888810,58910,58200,58400,-510,-0.87,58320,-590,-1.0,56110,59790,1399-10-17
511,شراز,پالايش نفت شيراز,477,365374,38086633498,108793,103354,104990,-3803,-3.5,104933,-3860,-3.55,103354,110000,1399-10-17
512,دسينا,داروسازي‌ سينا,476,698514,20639752130,29430,30590,29250,-180,-0.61,29480,50,0.17,28500,30590,1399-10-17
513,درازك,دارويي‌ رازك‌,472,522897,25363687280,50260,50700,48940,-1320,-2.63,49340,-920,-1.83,47750,50700,1399-10-17
514,غپونه,نوش پونه مشهد,458,1274012,27939777765,22283,22951,21615,-668,-3.0,21931,-352,-1.58,21615,22951,1399-10-17
515,دروز,داروسازي‌ روزدارو,446,1913111,34858276760,19110,18790,18160,-950,-4.97,18430,-680,-3.56,18160,18800,1399-10-17
516,سخواف,سيمان مجد خواف,442,4145677,81130898890,19000,19570,19570,570,3.0,19570,570,3.0,19570,19570,1399-10-17
517,سجام,مجتمع سيمان غرب آسيا,437,3318037,42474191637,12429,12801,12801,372,2.99,12801,372,2.99,12801,12801,1399-10-17
518,فخاس,فولاد خراسان,431,1473832,40635322830,29000,27800,27550,-1450,-5.0,28340,-660,-2.28,27550,28250,1399-10-17
519,ثعتما,س. ساختماني اعتماد گستر,430,609077,33083235409,52735,54317,54317,1582,3.0,54317,1582,3.0,54317,54317,1399-10-17
520,شپارس,بين‌ المللي‌ محصولات‌  پارس‌,427,2430993,54332693550,21290,22350,22350,1060,4.98,22350,1060,4.98,22350,22350,1399-10-17
521,وشهر,بانك شهر,424,6075601,37710943960,6461,6210,6203,-258,-3.99,6213,-248,-3.84,6203,6380,1399-10-17
522,تاصيكوح,ح . سرمايه گذاري صدرتامين,424,24217084,192529445050,8100,8100,7950,-150,-1.85,7950,-150,-1.85,7950,8100,1399-10-17
523,كهرام,توليدي گرانيت بهسرام,419,319158,29200537343,88830,91494,91494,2664,3.0,91492,2662,3.0,91306,91494,1399-10-17
524,دفرا,فرآورده‌هاي‌ تزريقي‌ ايران‌,419,713919,18752147410,27040,26410,27000,-40,-0.15,26730,-310,-1.15,25690,27180,1399-10-17
525,شكبير,پتروشيمي اميركبير,418,388887,32394492581,85346,82812,83400,-1946,-2.28,84711,-635,-0.74,82802,86970,1399-10-17
526,هجرتح,ح . پخش هجرت,418,620438,19023507534,32254,32150,30669,-1585,-4.91,30661,-1593,-4.94,30642,32150,1399-10-17
527,گدنا,تهيه توزيع غذاي دنا آفرين فدك,414,1180556,50584463488,45103,42848,42848,-2255,-5.0,42848,-2255,-5.0,42848,42848,1399-10-17
528,تشتاد,صنايع توليدي اشتاد ايران‌,413,941739,14718246017,15985,15512,15506,-479,-3.0,15731,-254,-1.59,15506,16197,1399-10-17
529,وپخش,داروپخش‌ (هلدينگ‌,412,286846,34343267880,125760,121200,119480,-6280,-4.99,121190,-4570,-3.63,119480,123000,1399-10-17
530,آساس,صندوق س.آسمان آرماني سهام-س,408,213940,35575212942,172131,170050,164000,-8131,-4.72,166286,-5845,-3.4,163610,171900,1399-10-17
531,سفانو,سيمان فارس نو,402,584021,18696219490,33380,31810,31740,-1640,-4.91,32850,-530,-1.59,31720,34000,1399-10-17
532,وگستر,گسترش سرمايه گذاري ايرانيان,388,1441733,34752085304,25336,24400,24070,-1266,-5.0,24383,-953,-3.76,24070,25000,1399-10-17
533,فجام,جام‌دارو,384,2109021,22060359660,9970,10460,10460,490,4.91,10160,190,1.91,10460,10460,1399-10-17
534,شساخت,مهندسي و ساختمان صنايع نفت,384,967711,41067430748,43451,44754,42148,-1303,-3.0,42478,-973,-2.24,42148,44754,1399-10-17
535,ولتجار,واسپاري تجارت وسرمايه ايرانيان,380,5484650,55131701800,9760,10052,10052,292,2.99,10052,292,2.99,10052,10052,1399-10-17
536,وثوق,سرمايه گذاري وثوق امين,379,1131671,19508876369,16737,17239,17239,502,3.0,17205,468,2.8,17239,17239,1399-10-17
537,زنگان,صنعت روي زنگان,360,347840,37303752960,102138,107244,107244,5106,5.0,105834,3696,3.62,107244,107244,1399-10-17
538,ياقوت,صندوق س ياقوت آگاه-ثابت,358,6010519,70440366576,11710,11714,11720,10,0.09,11720,10,0.09,11714,11733,1399-10-17
539,اطلس,صندوق س.توسعه اندوخته آينده-س,358,73213,15222131644,214140,210000,207800,-6340,-2.96,207916,-6224,-2.91,206000,210000,1399-10-17
540,كاريس,صندوق س.سپهر كاريزما-س,355,2664924,31513017071,12153,12100,11780,-373,-3.07,11825,-328,-2.7,11780,12100,1399-10-17
541,آكورد,صندوق س. آرمان آتي كوثر-د,354,6930698,208866897932,30118,30141,30137,19,0.06,30136,18,0.06,30135,30141,1399-10-17
542,سقاين,سيمان‌ قائن‌,351,778968,41199617520,50380,52890,52890,2510,4.98,52310,1930,3.83,52890,52890,1399-10-17
543,مارون,پتروشيمي مارون,351,250636,37104224289,149530,147900,146201,-3329,-2.23,148962,-568,-0.38,144490,152300,1399-10-17
544,خفولا,خدمات فني فولاد يزد,349,1094056,71113640000,61905,65000,65000,3095,5.0,65000,3095,5.0,65000,65000,1399-10-17
545,هجرت,پخش هجرت,346,655821,23369754624,37457,35605,35585,-1872,-5.0,36586,-871,-2.33,35585,36500,1399-10-17
546,غاذر,كشت‌وصنعت‌پياذر,343,1231162,69388290320,53680,56360,56360,2680,4.99,56360,2680,4.99,56360,56360,1399-10-17
547,فيروزه,صندوق شاخص30 شركت فيروزه- سهام,341,210162,33735398160,167280,166020,158990,-8290,-4.96,160520,-6760,-4.04,157010,166020,1399-10-17
548,تسه9905,امتياز تسهيلات مسكن مرداد99,325,16293,9548292941,602902,572757,572757,-30145,-5.0,586036,-16866,-2.8,572757,595000,1399-10-17
549,شاملا,معدني‌ املاح‌  ايران‌,323,177834,11200018910,65190,65710,63540,-1650,-2.53,64650,-540,-0.83,61940,65710,1399-10-17
550,وكار,بانك‌ كارآفرين‌,313,11550319,40426116500,3340,3500,3500,160,4.79,3450,110,3.29,3500,3500,1399-10-17
551,تسه9907,امتياز تسهيلات مسكن مهر99,312,5795,3331272152,589729,619000,570000,-19729,-3.35,574853,-14876,-2.52,560243,619215,1399-10-17
552,دقاضيح,ح . داروسازي شهيد قاضي,299,236699,10813452163,46566,45171,47000,434,0.93,45684,-882,-1.89,45170,47000,1399-10-17
553,گكيش,توريستي ورفاهي آبادگران كيش,298,582292,39084288892,65169,67124,67124,1955,3.0,67121,1952,3.0,66000,67124,1399-10-17
554,شلعاب,لعابيران‌,298,991370,13710647100,13180,13830,13830,650,4.93,13340,160,1.21,13830,13830,1399-10-17
555,افق ملت,صندوق س در سهام افق ملت,283,118999,16164726190,138990,139000,133100,-5890,-4.24,135840,-3150,-2.27,133000,139000,1399-10-17
556,سكه0012پ01,سكه تمام بهارتحويلي 1روزه رفاه,278,55500,66946685900,1214117,1206500,1207698,-6419,-0.53,1206247,-7870,-0.65,1200000,1213900,1399-10-17
557,ضخود2006,اختيارخ خودرو-2500-1400/02/08,275,12373,8255172000,785,533,592,-193,-24.59,667,-118,-15.03,533,730,1399-10-17
558,چكارن,كارتن‌ ايران‌,273,3340692,14832672480,4670,4440,4440,-230,-4.93,4600,-70,-1.5,4440,4440,1399-10-17
559,نمرينو,ايران‌ مرينوس‌,272,376650,19661298180,54930,52190,52190,-2740,-4.99,53740,-1190,-2.17,52190,53300,1399-10-17
560,ثنظام,س. ساختماني نظام مهندسي ايران,271,425846,21459231632,48925,50392,50392,1467,3.0,50306,1381,2.82,50392,50392,1399-10-17
561,آتيمس,صندوق س.آرمان آتيه درخشان مس-س,257,89762,18468811892,212115,209000,204000,-8115,-3.83,205753,-6362,-3.0,202001,209030,1399-10-17
562,سبجنو,سيمان‌ بجنورد,254,299014,10768848650,37660,37000,36570,-1090,-2.89,37280,-380,-1.01,35790,37000,1399-10-17
563,سيستم,همكاران سيستم,252,1498925,54246095750,34470,36190,36190,1720,4.99,36190,1720,4.99,36190,36190,1399-10-17
564,سپاس,صندوق س. پاداش سهامداري توسعه1,226,3694358,36992560976,10013,10019,10015,2,0.02,10013,0,0.0,10011,10020,1399-10-17
565,ارمغان,ص سرمايه گذاري ارمغان ايرانيان,212,4256863,42628053533,10010,10014,10014,4,0.04,10014,4,0.04,10011,10014,1399-10-17
566,تسه9902,امتياز تسهيلات مسكن ارديبهشت99,196,3628,2062500930,589136,560001,559680,-29456,-5.0,568495,-20641,-3.5,559680,590000,1399-10-17
567,داوه,داروسازي آوه سينا,188,517101,11686482600,21524,22600,22600,1076,5.0,21752,228,1.06,22600,22600,1399-10-17
568,گوهر,صندوق سكه طلاي كيان,186,122904,7456609758,61714,62290,60681,-1033,-1.67,60670,-1044,-1.69,60010,62290,1399-10-17
569,تسه9810,امتياز تسهيلات مسكن دي98,186,2986,1705871680,588062,580000,558659,-29403,-5.0,571290,-16772,-2.85,558659,617000,1399-10-17
570,فلات,گروه صنايع معادن فلات ايرانيان,185,1974867,29798768163,14650,15089,15089,439,3.0,15089,439,3.0,15089,15089,1399-10-17
571,تسه9904,امتياز تسهيلات مسكن تير99,185,4110,2414405408,597107,626962,580000,-17107,-2.86,587447,-9660,-1.62,567252,626962,1399-10-17
572,چكاوه,صنايع‌كاغذسازي‌كاوه‌,182,569669,7006928700,11720,12300,12300,580,4.95,11800,80,0.68,12300,12300,1399-10-17
573,تسه9712,امتياز تسهيلات مسكن اسفند97,182,2489,1452930335,592914,581384,578144,-14770,-2.49,583741,-9173,-1.55,563269,594998,1399-10-17
574,تسه9711,امتياز تسهيلات مسكن بهمن 97,178,2325,1329673321,580049,580049,568990,-11059,-1.91,571902,-8147,-1.4,553000,590000,1399-10-17
575,وايرا,سرمايه گذاري صنايع ايران,178,2526987,32709319728,12567,12944,12944,377,3.0,12944,377,3.0,12944,12944,1399-10-17
576,سباقر,سيمان باقران,174,580863,9880479630,17536,17010,17010,-526,-3.0,17255,-281,-1.6,17010,17010,1399-10-17
577,ضسپا1102,اختيارخ خساپا-2000-1399/11/26,172,5854,1844035000,384,245,315,-69,-17.97,315,-69,-17.97,245,448,1399-10-17
578,سكه9912پ04,سكه تمام بهارتحويل1روزه صادرات,171,62300,74990984100,1207749,1204999,1205102,-2647,-0.22,1203708,-4041,-0.33,1200000,1213957,1399-10-17
579,تابا,تابان نيرو سپاهان,167,297596,12871622192,41993,43252,43252,1259,3.0,42723,730,1.74,43252,43252,1399-10-17
580,سايرا,ايرانيت‌,166,301797,11340625869,36841,37577,37577,736,2.0,37577,736,2.0,37577,37577,1399-10-17
581,صايند,صندوق س. گنجينه آينده روشن-د,163,3069100,30538256500,9933,9950,9951,18,0.18,9950,17,0.17,9932,9959,1399-10-17
582,ضجار1014,اختيارخ وتجارت-3000-1399/10/21,159,5317,188395000,95,70,45,-50,-52.63,35,-60,-63.16,24,70,1399-10-17
583,تسه9906,امتياز تسهيلات مسكن شهريور99,158,1575,911304949,587837,586000,558460,-29377,-5.0,578606,-9231,-1.57,558446,605000,1399-10-17
584,تسه9802,امتياز تسهيلات مسكن ارديبهشت98,157,2217,1297773989,607524,577148,590000,-17524,-2.88,585374,-22150,-3.65,577148,599998,1399-10-17
585,تسه9801,امتياز تسهيلات مسكن فروردين98,156,1237,725131718,605661,576000,580000,-25661,-4.24,586202,-19459,-3.21,575378,599919,1399-10-17
586,گپارس,امور رفاهي كارگزاران پارس,151,88302,14684534298,161456,166299,166299,4843,3.0,164719,3263,2.02,166299,166299,1399-10-17
587,كيان2,صندوق س. با درآمد ثابت كيان,146,14600000,14600000,26603,1,1,-26602,-100.0,1,-26602,-100.0,1,1,1399-10-17
588,واحصا,احياء صنايع خراسان,144,255327,11611250652,44152,45476,45476,1324,3.0,44823,671,1.52,45476,45476,1399-10-17
589,ساروج,بين المللي ساروج بوشهر,144,306024,7013780949,23018,23340,22850,-168,-0.73,22983,-35,-0.15,22400,23697,1399-10-17
590,نتوس,پشم‌ بافي‌ توس,143,743033,12222892850,15971,16450,16450,479,3.0,16239,268,1.68,16450,16450,1399-10-17
591,سفارود,كارخانه فارسيت درود,139,921343,13193631760,14040,14320,14320,280,1.99,14320,280,1.99,14320,14320,1399-10-17
592,ضسپا1101,اختيارخ خساپا-1800-1399/11/26,136,7875,3355463000,514,418,410,-104,-20.23,426,-88,-17.12,410,440,1399-10-17
593,ضصاد1102,اختيارخ وبصادر-3500-1399/11/12,131,6441,382220000,109,90,68,-41,-37.61,59,-50,-45.87,45,90,1399-10-17
594,خپويش,سازه‌ پويش‌,130,180157,8652940710,45750,48030,48030,2280,4.98,46110,360,0.79,48030,48030,1399-10-17
595,وجامي,سرمايه گذاري جامي,130,1009983,12999491193,12497,12871,12871,374,2.99,12718,221,1.77,12871,12871,1399-10-17
596,دارا,صندوق س. دارا الگوريتم-د,130,2483711,25019116436,10069,10080,10075,6,0.06,10073,4,0.04,10064,10080,1399-10-17
597,زعف0008پ10,زعفران0008نگين طلاي سرخ(پ),115,18109,2253294370,126162,124510,124000,-2162,-1.71,124430,-1732,-1.37,123000,126000,1399-10-17
598,سدشت,صنايع سيمان دشتستان,114,98263,3611644740,38190,37690,37280,-910,-2.38,38080,-110,-0.29,36300,37780,1399-10-17
599,اخزا902,اسنادخزانه-م2بودجه99-011019,108,189248,130887192872,689450,710000,687603,-1847,-0.27,691617,2167,0.31,687603,710000,1399-10-17
600,تسه9903,امتياز تسهيلات مسكن خرداد99,107,949,554213971,613182,582523,582523,-30659,-5.0,583998,-29184,-4.76,582523,600000,1399-10-17
601,تصميم,صندوق س با درآمد ثابت تصميم,107,919175,14113215453,15332,15355,15355,23,0.15,15354,22,0.14,15342,15355,1399-10-17
602,ضخود2005,اختيارخ خودرو-2000-1400/02/08,105,3043,3105951000,1129,1030,999,-130,-11.51,1021,-108,-9.57,999,1050,1399-10-17
603,آساميد,صندوق س.مشترك آسمان اميد -د,103,2991277,33972593549,11359,11359,11360,1,0.01,11357,-2,-0.02,11350,11360,1399-10-17
604,كتوكا,توليدي و خدمات صنايع نسوز توكا,100,594799,16678163960,26705,28040,28040,1335,5.0,27123,418,1.57,28040,28040,1399-10-17
605,زفكا,كشت و دامداري فكا,99,500934,5692613976,10823,11364,11364,541,5.0,10881,58,0.54,11364,11364,1399-10-17
606,تسه9803,امتياز تسهيلات مسكن خرداد98,93,371,212917165,597867,567974,570550,-27317,-4.57,573901,-23966,-4.01,567974,589000,1399-10-17
607,ثاژن,سخت آژند,93,561104,5464030752,9548,9738,9738,190,1.99,9646,98,1.03,9738,9738,1399-10-17
608,سكارون,سيمان كارون,92,231547,54165326616,222789,233928,233928,11139,5.0,233928,11139,5.0,233928,233928,1399-10-17
609,وآتوس,س.آرين توسكا قيمت اسمي 350ريال,91,405530,20674324930,48554,50981,50981,2427,5.0,50700,2146,4.42,50981,50981,1399-10-17
610,پلاست,كارخانجات توليدي پلاستيران,91,146014,8212557430,54607,56245,56245,1638,3.0,55220,613,1.12,56245,56245,1399-10-17
611,سخند,صندوق س.سپهرخبرگان نفت-د,90,275450,2758237870,10001,10020,10018,17,0.17,10014,13,0.13,10010,10020,1399-10-17
612,ضپاس1003,اختيارخ وپارس-3500-1399/10/30,87,2676,288997000,187,107,99,-88,-47.06,108,-79,-42.25,90,125,1399-10-17
613,دشيري,شيرين دارو,82,43408,8683249504,194212,200038,200038,5826,3.0,196511,2299,1.18,200038,200038,1399-10-17
614,سلار,شركت سيمان لارستان,78,376154,23196288718,59871,61667,61667,1796,3.0,61643,1772,2.96,61667,61667,1399-10-17
615,ضصاد1101,اختيارخ وبصادر-3000-1399/11/12,77,2555,409145000,253,210,170,-83,-32.81,160,-93,-36.76,140,210,1399-10-17
616,كپشير,پشم‌شيشه‌ايران‌,77,543179,14926558920,26180,27480,27480,1300,4.97,26540,360,1.38,27480,27480,1399-10-17
617,داراب,پتروشيمي داراب,73,764056,1957511472,2641,2562,2562,-79,-2.99,2633,-8,-0.3,2562,2562,1399-10-17
618,تسه9811,امتياز تسهيلات مسكن بهمن98,69,425,248522226,593420,564749,563749,-29671,-5.0,584758,-8662,-1.46,563749,599998,1399-10-17
619,تسه9901,امتياز تسهيلات مسكن فروردين99,69,390,229656430,616079,585276,600000,-16079,-2.61,588863,-27216,-4.42,585276,600000,1399-10-17
620,افران,صندوق س افرا نماد پايدار-ثابت,66,1955995,24268312738,12395,12425,12410,15,0.12,12407,12,0.1,12401,12425,1399-10-17
621,الماس,صندوق س.امين تدبيرگران فردا-س,65,23188,2985487498,129798,129000,128500,-1298,-1.0,128751,-1047,-0.81,128500,129001,1399-10-17
622,غويتا,ويتانا,65,115489,5935914030,52782,50600,52360,-422,-0.8,52605,-177,-0.34,50600,52450,1399-10-17
623,فنرژي,گسترش صنايع انرژي آذرآب,65,197678,2792794784,13851,14128,14128,277,2.0,13923,72,0.52,14128,14128,1399-10-17
624,ضخود2008,اختيارخ خودرو-3500-1400/02/08,64,2536,691047000,309,265,275,-34,-11.0,272,-37,-11.97,255,280,1399-10-17
625,شرنگي,شيميايي رنگين,64,71246,9606454410,130908,134835,134835,3927,3.0,132719,1811,1.38,134835,134835,1399-10-17
626,ضخود2009,اختيارخ خودرو-4000-1400/02/08,64,1865,389580000,245,220,220,-25,-10.2,209,-36,-14.69,195,220,1399-10-17
627,سپر,صندوق س سپر سرمايه بيدار- ثابت,61,518575,5780635729,11144,11150,11150,6,0.05,11147,3,0.03,11145,11160,1399-10-17
628,تسه9812,امتياز تسهيلات مسكن اسفند98,61,979,572427174,615480,584706,584706,-30774,-5.0,584706,-30774,-5.0,584706,584706,1399-10-17
629,اخزا903,اسنادخزانه-م3بودجه99-011110,58,137065,94140679535,684263,689999,686850,2587,0.38,686832,2569,0.38,685513,689999,1399-10-17
630,صنوين,صندوق سرمايه‌گذاري صنوين-مختلط,57,37868,3874251100,102960,102300,102300,-660,-0.64,102310,-650,-0.63,102300,103000,1399-10-17
631,سكه0011پ02,سكه تمام بهارتحويلي 1روزه ملت,55,8700,10485087400,1212652,1204999,1207300,-5352,-0.44,1205182,-7470,-0.62,1201000,1215000,1399-10-17
632,تسه9808,امتياز تسهيلات مسكن آبان98,55,354,202326319,583570,570040,560000,-23570,-4.04,571543,-12027,-2.06,554400,612748,1399-10-17
633,فيروزا,صندوق بادرآمد ثابت فيروزه آسيا,55,142386,3109841579,21845,21721,21851,6,0.03,21841,-4,-0.02,21720,21919,1399-10-17
634,سنوين,سرمايه گذاري اقتصاد نوين,54,360150,3248378196,9100,9010,9099,-1,-0.01,9073,-27,-0.3,8930,9100,1399-10-17
635,تسه9809,امتياز تسهيلات مسكن آذر98,53,1216,694039801,600691,571057,570657,-30034,-5.0,570756,-29935,-4.98,570657,572501,1399-10-17
636,دمعيار,صندوق س. توازن معيار-د,51,1859916,18757006912,10081,10088,10084,3,0.03,10085,4,0.04,10083,10088,1399-10-17
637,اراد66,مرابحه عام دولت66-ش.خ0310,51,10000000,10000000000000,1000000,1000000,1000000,0,0.0,1000000,0,0.0,1000000,1000000,1399-10-17
638,اراد67,مرابحه عام دولت67-ش.خ0310,51,10000000,10000000000000,1000000,1000000,1000000,0,0.0,1000000,0,0.0,1000000,1000000,1399-10-17
639,آسام,صندوق س.آرمان سپهر آشنا-م,50,19430,2155870410,112732,112808,111900,-832,-0.74,110956,-1776,-1.58,109000,112808,1399-10-17
640,ضفلا1156,اختيارخ فولاد-16000-1399/11/28,49,916,141043000,293,120,147,-146,-49.83,154,-139,-47.44,120,200,1399-10-17
641,ضجار2003,اختيارخ وتجارت-3000-1400/02/22,48,1667,991721000,749,600,585,-164,-21.9,595,-154,-20.56,580,650,1399-10-17
642,سكه0112پ03,سكه تمام بهارتحويلي1روزه سامان,47,14100,17024756400,1215153,1200002,1208000,-7153,-0.59,1207429,-7724,-0.64,1200000,1223732,1399-10-17
643,اوصتا,صندوق انديشه ورزان صباتامين -د,47,122886,2158826322,17567,17570,17570,3,0.02,17568,1,0.01,17561,17570,1399-10-17
644,ضجار1015,اختيارخ وتجارت-3500-1399/10/21,44,2559,2774000,11,2,1,-10,-90.91,1,-10,-90.91,1,2,1399-10-17
645,تسه9806,امتياز تسهيلات مسكن شهريور98,42,267,160617670,579771,551184,551060,-28711,-4.95,601564,21793,3.76,551000,608759,1399-10-17
646,اخزا815,اسنادخزانه-م15بودجه98-010406,42,196369,151260992678,771372,771960,770051,-1321,-0.17,770290,-1082,-0.14,770007,771999,1399-10-17
647,غنيلي,مجتمع توليدي نيلي صنعت كرمان,41,2050000,34850000000,17000,17000,17000,0,0.0,17000,0,0.0,17000,17000,1399-10-17
648,ضصاد1104,اختيارخ وبصادر-4500-1399/11/12,38,2676,21245000,13,10,17,4,30.77,8,-5,-38.46,4,17,1399-10-17
649,ضسپا1103,اختيارخ خساپا-2500-1399/11/26,37,948,115562000,143,111,120,-23,-16.08,122,-21,-14.69,105,139,1399-10-17
650,پلوله,گازلوله‌,36,570901,10857966119,18831,19019,19019,188,1.0,19019,188,1.0,19019,19019,1399-10-17
651,ضشنا2001,اختيارخ شپنا-10000-1400/02/27,36,571,1590533000,3250,2800,2700,-550,-16.92,2786,-464,-14.28,2700,2800,1399-10-17
652,زعف0008پ05,زعفران0008نگين زرين(پ),36,20664,2554697502,123851,124500,124000,149,0.12,123630,-221,-0.18,122702,124500,1399-10-17
653,ضشنا1035,اختيارخ شپنا-14000-1399/10/23,36,968,3870000,29,10,3,-26,-89.66,4,-25,-86.21,1,20,1399-10-17
654,هفارس912,اختيارف ت فارس-14576-99/12/13,36,529393,1102196226,2007,2082,2082,75,3.74,2082,75,3.74,2082,2082,1399-10-17
655,اخزا816,اسنادخزانه-م16بودجه98-010503,35,217284,164995322452,759489,762000,760498,1009,0.13,759353,-136,-0.02,759000,762000,1399-10-17
656,اخزا818,اسنادخزانه-م18بودجه98-010614,35,88885,66351461157,747721,745010,744002,-3719,-0.5,746487,-1234,-0.17,744000,750150,1399-10-17
657,اخزا704,اسنادخزانه-م4بودجه97-991022,34,37487,37334461685,994000,998000,995000,1000,0.1,995931,1931,0.19,994001,998000,1399-10-17
658,ضترا1118,اختيارخ شتران-12000-1399/11/14,34,1131,249424000,431,200,200,-231,-53.6,221,-210,-48.72,180,405,1399-10-17
659,اخزا821,اسنادخزانه-م21بودجه98-020906,34,22021,12894642298,582543,583300,585994,3451,0.59,585561,3018,0.52,583300,586989,1399-10-17
660,ضپاس1005,اختيارخ وپارس-4500-1399/10/30,33,1748,7887000,14,2,7,-7,-50.0,5,-9,-64.29,2,7,1399-10-17
661,ضسپا1105,اختيارخ خساپا-3500-1399/11/26,32,1161,35105000,36,22,60,24,66.67,30,-6,-16.67,21,100,1399-10-17
662,ضپاس1002,اختيارخ وپارس-3000-1399/10/30,32,1036,359931000,499,322,327,-172,-34.47,347,-152,-30.46,321,410,1399-10-17
663,اراد50,مرابحه عام دولت5-ش.خ0302,32,685000,685000055000,1000001,1000000,1000000,-1,0.0,1000000,-1,0.0,1000000,1000001,1399-10-17
664,بذر,صندوق س بذر اميد آفرين-سهام,31,8012,835997120,107180,104810,104400,-2780,-2.59,104340,-2840,-2.65,103470,104810,1399-10-17
665,ضصاد1100,اختيارخ وبصادر-2500-1399/11/12,31,920,387948000,512,485,421,-91,-17.77,422,-90,-17.58,400,485,1399-10-17
666,تسه9804,امتياز تسهيلات مسكن تير98,30,221,130953072,621111,590056,600000,-21111,-3.4,592548,-28563,-4.6,590056,600000,1399-10-17
667,اراد68,مرابحه عام دولت68-ش.خ0310,30,6000000,6000000000000,1000000,1000000,1000000,0,0.0,1000000,0,0.0,1000000,1000000,1399-10-17
668,هبركت912,اختيارف ت بركت-22100-99/12/17,30,360000,360000,1,1,1,0,0.0,1,0,0.0,1,1,1399-10-17
669,زعف0008پ11,زعفران0008نگين سحرخيز(پ),28,10272,1272100915,123991,127000,124000,9,0.01,123842,-149,-0.12,123105,127000,1399-10-17
670,ساذري,آذريت‌,28,100920,604308960,5814,5988,5988,174,2.99,5819,5,0.09,5988,5988,1399-10-17
671,هترول911,اختيارف ت پترول-14730-99/11/15,28,110366,442236562,3772,4007,4007,235,6.23,4007,235,6.23,4007,4007,1399-10-17
672,ثروتم,صندوق س. ثروت آفرين پارسيان-س,28,28010,2501151600,91726,91499,89300,-2426,-2.64,89295,-2431,-2.65,89290,91499,1399-10-17
673,اخزا813,اسنادخزانه-م13بودجه98-010219,27,119231,93776884501,786586,786000,787002,416,0.05,786514,-72,-0.01,786000,787010,1399-10-17
674,اراد60,مرابحه عام دولتي6-ش.خ0210,27,5010200,4634885918000,925020,925090,925090,70,0.01,925090,70,0.01,925090,925090,1399-10-17
675,ضسپا1104,اختيارخ خساپا-3000-1399/11/26,26,688,26311000,76,53,45,-31,-40.79,38,-38,-50.0,29,53,1399-10-17
676,ضپاس1004,اختيارخ وپارس-4000-1399/10/30,26,1346,47399000,71,80,25,-46,-64.79,35,-36,-50.7,25,80,1399-10-17
677,اخزا809,اسنادخزانه-م9بودجه98-000923,26,113552,96445010783,848847,849001,849010,163,0.02,849347,500,0.06,849001,851990,1399-10-17
678,ضخود2013,اختيارخ خودرو-7000-1400/02/08,25,791,54874000,73,80,63,-10,-13.7,69,-4,-5.48,63,80,1399-10-17
679,ضخود2010,اختيارخ خودرو-4500-1400/02/08,25,523,78427000,167,153,146,-21,-12.57,150,-17,-10.18,142,168,1399-10-17
680,اخزا901,اسنادخزانه-م1بودجه99-010621,25,5414,3999809763,738733,740000,738999,266,0.04,738790,57,0.01,738000,742000,1399-10-17
681,زعف0008پ18,زعفران0008نگين بهرامن(پ),24,21913,2725280579,123782,125990,124600,818,0.66,124368,586,0.47,122667,125990,1399-10-17
682,اخزا814,اسنادخزانه-م14بودجه98-010318,24,74081,57501233180,777082,775159,777001,-81,-0.01,776194,-888,-0.11,775123,778000,1399-10-17
683,ضشنا2002,اختيارخ شپنا-12000-1400/02/27,22,340,741877000,2273,2500,2100,-173,-7.61,2182,-91,-4.0,2000,2500,1399-10-17
684,ضفلا1157,اختيارخ فولاد-18000-1399/11/28,21,738,30747000,73,51,39,-34,-46.58,42,-31,-42.47,31,51,1399-10-17
685,ضصاد1103,اختيارخ وبصادر-4000-1399/11/12,21,898,11864000,30,21,14,-16,-53.33,13,-17,-56.67,10,21,1399-10-17
686,اخزا904,اسنادخزانه-م4بودجه99-011215,21,177247,118800824434,667337,672999,669000,1663,0.25,670256,2919,0.44,668000,673000,1399-10-17
687,ضپاس1001,اختيارخ وپارس-2500-1399/10/30,21,333,254552000,819,713,800,-19,-2.32,764,-55,-6.72,680,839,1399-10-17
688,اخزا810,اسنادخزانه-م10بودجه98-001006,21,90850,76544393623,838516,840000,847000,8484,1.01,842536,4020,0.48,840000,847000,1399-10-17
689,اخزا817,اسنادخزانه-م17بودجه98-010512,20,97193,73478626336,755645,758000,756000,355,0.05,756007,362,0.05,755142,758000,1399-10-17
690,ضپاس2003,اختيارخ وپارس-3500-1400/02/29,19,567,384700000,1000,650,700,-300,-30.0,678,-322,-32.2,620,700,1399-10-17
691,ضملي1152,اختيارخ فملي-18252-1399/11/05,19,507,5432860,16,13,17,1,6.25,5,-11,-68.75,3,20,1399-10-17
692,تسه9807,امتياز تسهيلات مسكن مهر98,19,109,64159450,597462,605000,567589,-29873,-5.0,588619,-8843,-1.48,567589,610000,1399-10-17
693,وساغربي,شركت س استان آذربايجان غربي,18,390116,288685840,770,740,740,-30,-3.9,770,0,0.0,740,740,1399-10-17
694,ضفار1125,اختيارخ فارس-17826-1399/11/07,18,365,3856000,9,2,10,1,11.11,5,-4,-44.44,2,10,1399-10-17
695,اخزا905,اسنادخزانه-م5بودجه99-020218,18,78118,50215168970,644330,640602,643000,-1330,-0.21,642812,-1518,-0.24,640511,643500,1399-10-17
696,اخزا909,اسنادخزانه-م9بودجه99-020316,17,50429,31831592809,639261,631221,632000,-7261,-1.14,631216,-8045,-1.26,630247,639895,1399-10-17
697,ضغدر1119,اختيارخ وغدير-10000-1399/11/26,17,156,310240000,2273,2000,1900,-373,-16.41,1989,-284,-12.49,1850,2500,1399-10-17
698,ضفلا1158,اختيارخ فولاد-20000-1399/11/28,17,548,35216000,50,49,45,-5,-10.0,64,14,28.0,45,99,1399-10-17
699,اخزا808,اسنادخزانه-م8بودجه98-000817,17,8358,7210385242,862326,862500,862002,-324,-0.04,862693,367,0.04,860502,864999,1399-10-17
700,ضملي1148,اختيارخ فملي-10140-1399/11/05,15,158,855469376,3137,3011,2700,-437,-13.93,2746,-391,-12.46,2700,3011,1399-10-17
701,اخزا908,اسنادخزانه-م8بودجه99-020606,15,38805,23484021113,606119,606999,605000,-1119,-0.18,605180,-939,-0.15,603511,607000,1399-10-17
702,ضملي1153,اختيارخ فملي-20280-1399/11/05,15,504,8814840,3,10,10,7,233.33,9,6,200.0,1,10,1399-10-17
703,زعف0008پ12,زعفران0008پوشالمعمول سحرخيز(پ),14,9160,785359840,83129,80000,86000,2871,3.45,85738,2609,3.14,80000,86000,1399-10-17
704,گنجين,صندوق س. گنجينه يكم آويد-د,14,24040,287492047,11950,11959,11959,9,0.08,11959,9,0.08,11958,11959,1399-10-17
705,زعف0008پ08,زعفران0008نگين روستا(پ),14,7966,986227190,123256,123110,124000,744,0.6,123805,549,0.45,123110,124000,1399-10-17
706,اخزا811,اسنادخزانه-م11بودجه98-001013,12,33468,28054830741,841489,838004,841500,11,0.0,838258,-3231,-0.38,838004,841550,1399-10-17
707,اخزا820,اسنادخزانه-م20بودجه98-020806,12,18012,10701699957,592632,590000,596000,3368,0.57,594143,1511,0.25,590000,596000,1399-10-17
708,ضسپا1100,اختيارخ خساپا-1600-1399/11/26,12,343,204890000,701,575,600,-101,-14.41,597,-104,-14.84,550,600,1399-10-17
709,زعف0008پ16,زعفران0008نگين بيرجند(پ),12,9771,1209232000,123965,123500,124190,225,0.18,123757,-208,-0.17,123201,124190,1399-10-17
710,افقح,ح .فروشگاه زنجيره اي افق كوروش,12,49904,4198004000,85770,88000,84000,-1770,-2.06,84120,-1650,-1.92,84000,88000,1399-10-17
711,نگين,ص.س. زمين و ساختمان نگين شهرري,11,4230,201765940,47580,47530,48000,420,0.88,47700,120,0.25,47530,48000,1399-10-17
712,ضملت1127,اختيارخ وبملت-5000-1399/11/28,11,433,173200000,466,400,400,-66,-14.16,400,-66,-14.16,400,400,1399-10-17
713,اخزا806,اسنادخزانه-م6بودجه98-000519,11,19948,17933898678,899961,899962,900087,126,0.01,899032,-929,-0.1,898103,900087,1399-10-17
714,داريك,صندوق س.اعتماد داريك-د,11,15210,158807610,10441,10441,10441,0,0.0,10441,0,0.0,10441,10441,1399-10-17
715,ضفار1126,اختيارخ فارس-19826-1399/11/07,11,581,2426000,4,2,2,-2,-50.0,2,-2,-50.0,2,3,1399-10-17
716,اخزا713,اسنادخزانه-م13بودجه97-000518,10,12268,11065972947,901381,902000,903000,1619,0.18,902019,638,0.07,897351,903000,1399-10-17
717,فيروزه2,صندوق شاخص30 شركت فيروزه- سهام,10,100000,100000,167280,1,1,-167279,-100.0,1,-167279,-100.0,1,1,1399-10-17
718,زر2,صندوق س.پشتوانه سكه طلاي زر,10,1000000,1000000,51228,1,1,-51227,-100.0,1,-51227,-100.0,1,1,1399-10-17
719,زعف0008پ15,زعفران0008پوشالمعمول طلاسرخ(پ),10,758,63426249,82816,81101,86991,4175,5.04,83676,860,1.04,80002,87000,1399-10-17
720,اخزا807,اسنادخزانه-م7بودجه98-000719,10,30674,26744884232,871978,872000,872301,323,0.04,871907,-71,-0.01,870209,872301,1399-10-17
721,ضمخا1024,اختيارخ اخابر-14000-1399/10/30,9,217,28010000,334,50,160,-174,-52.1,129,-205,-61.38,50,350,1399-10-17
722,اخزا804,اسنادخزانه-م4بودجه98-000421,9,38094,34814711142,910282,912000,914999,4717,0.52,913916,3634,0.4,911001,915000,1399-10-17
723,ضمخا7066,اختيارخ اخابر-12000-1400/07/28,9,57,384870000,3507,6999,6000,2493,71.09,6752,3245,92.53,6000,7000,1399-10-17
724,اخزا721,اسنادخزانه-م21بودجه97-000728,9,6336,5529438252,871606,871111,873000,1394,0.16,872702,1096,0.13,871002,873000,1399-10-17
725,كرونا2,تامين مالي جمعي صرفا اهداي سود,9,330,3300000,10000,10000,10000,0,0.0,10000,0,0.0,10000,10000,1399-10-17
726,تملي701,تسهيلات مسكن ب. ملي-فروردين97,9,154,108691403,726731,690395,760000,33269,4.58,705788,-20943,-2.88,690395,763067,1399-10-17
727,ضملي1151,اختيارخ فملي-16224-1399/11/05,8,81,38805016,405,350,200,-205,-50.62,243,-162,-40.0,200,350,1399-10-17
728,آگاس2,صندوق س.هستي بخش آگاه-س,8,800000,800000,71087,1,1,-71086,-100.0,1,-71086,-100.0,1,1,1399-10-17
729,سپرمي,پرميت‌,8,8975,76000300,8385,8468,8468,83,0.99,8386,1,0.01,8468,8468,1399-10-17
730,ضپاس1006,اختيارخ وپارس-5000-1399/10/30,8,300,600000,10,2,2,-8,-80.0,2,-8,-80.0,2,2,1399-10-17
731,ضشنا1036,اختيارخ شپنا-16000-1399/10/23,8,786,1572000,1,2,2,1,100.0,2,1,100.0,2,2,1399-10-17
732,اشاد10,مشاركت دولتي10-شرايط خاص001226,8,7600,7249124500,955992,958900,959000,3008,0.31,953832,-2160,-0.23,950010,959000,1399-10-17
733,وسيستا,شركت س استان سيستان وبلوچستان,8,143073,108735480,790,760,760,-30,-3.8,790,0,0.0,760,760,1399-10-17
734,ضفلا1154,اختيارخ فولاد-12000-1399/11/28,8,31,38911000,1610,950,1000,-610,-37.89,1255,-355,-22.05,910,2000,1399-10-17
735,وسمازن,س.سهام عدالت استان مازندران,8,53498,50288120,980,940,940,-40,-4.08,980,0,0.0,940,940,1399-10-17
736,اخزا812,اسنادخزانه-م12بودجه98-001111,7,52924,43929636083,829449,829500,831001,1552,0.19,830051,602,0.07,829500,831001,1399-10-17
737,ضشنا1045,اختيارخ شپنا-12000-1399/10/23,7,110,33050000,484,300,300,-184,-38.02,300,-184,-38.02,300,302,1399-10-17
738,ضفلا1153,اختيارخ فولاد-10000-1399/11/28,7,69,162480000,2600,1900,2700,100,3.85,2355,-245,-9.42,1900,2700,1399-10-17
739,ضخوز2014,اختيارخ فخوز-14000-1400/02/15,7,61,205999000,4089,3300,999,-3090,-75.57,3377,-712,-17.41,999,3800,1399-10-17
740,رطب0002پ01,رطب مضافتي0002افشارتعاون بم(پ),6,239,50567676,202253,205164,212364,10111,5.0,211580,9327,4.61,205164,212364,1399-10-17
741,ضخود2011,اختيارخ خودرو-5000-1400/02/08,6,102,14433000,152,122,150,-2,-1.32,141,-11,-7.24,121,179,1399-10-17
742,پست0008پ08,پسته فندقي32-30مه ولات0008(پ),6,101,140541830,1370000,1358000,1399846,29846,2.18,1391503,21503,1.57,1358000,1436670,1399-10-17
743,گواهي ظرفيت,گواهي ظرفيت نقدي,6,65000000,691535000000,10639,10639,10639,0,0.0,10639,0,0.0,10639,10639,1399-10-17
744,اخزا907,اسنادخزانه-م7بودجه99-020704,6,12035,7167987500,595627,596200,595510,-117,-0.02,595595,-32,-0.01,595510,596200,1399-10-17
745,ضملت1129,اختيارخ وبملت-7000-1399/11/28,6,143,6538000,257,11,198,-59,-22.96,46,-211,-82.1,11,198,1399-10-17
746,ضپاس1000,اختيارخ وپارس-2000-1399/10/30,6,49,56952000,1300,1201,1200,-100,-7.69,1162,-138,-10.62,1100,1215,1399-10-17
747,تملي807,تسهيلات مسكن ب. ملي-مهر98,5,38,23821664,615547,646324,646324,30777,5.0,626886,11339,1.84,584770,646324,1399-10-17
748,ضگل1142,اختيارخ كگل-16000-1399/11/21,5,25,87470000,4011,3490,3500,-511,-12.74,3499,-512,-12.76,3490,3500,1399-10-17
749,ضخوز2012,اختيارخ فخوز-10000-1400/02/15,5,26,168000000,6667,6500,6500,-167,-2.5,6462,-205,-3.07,6400,6500,1399-10-17
750,ضفلا1151,اختيارخ فولاد-8000-1399/11/28,5,16,69600000,4603,4600,4200,-403,-8.76,4350,-253,-5.5,4200,4600,1399-10-17
751,ضمخا7070,اختيارخ اخابر-20000-1400/07/28,5,58,167000000,2930,2800,2900,-30,-1.02,2879,-51,-1.74,2800,2900,1399-10-17
752,اخزا723,اسنادخزانه-م23بودجه97-000824,5,2446,2101202990,855200,858000,863000,7800,0.91,859036,3836,0.45,857000,863000,1399-10-17
753,اخزا805,اسنادخزانه-م5بودجه98-000422,5,19965,18181813028,912233,914000,911562,-671,-0.07,910684,-1549,-0.17,910222,914000,1399-10-17
754,ضملت1128,اختيارخ وبملت-6000-1399/11/28,5,24,2638000,269,101,100,-169,-62.83,110,-159,-59.11,100,210,1399-10-17
755,ضفلا1155,اختيارخ فولاد-14000-1399/11/28,5,47,20750000,801,401,422,-379,-47.32,441,-360,-44.94,401,550,1399-10-17
756,ياقوت2,صندوق س ياقوت آگاه-ثابت,5,37627840,37627840,11710,1,1,-11709,-99.99,1,-11709,-99.99,1,1,1399-10-17
757,تملي804,تسهيلات مسكن ب. ملي-تير98,4,27,21760461,848361,805943,805943,-42418,-5.0,805943,-42418,-5.0,805943,805943,1399-10-17
758,اخزا720,اسنادخزانه-م20بودجه97-000324,4,948,875688710,922000,923000,925002,3002,0.33,923722,1722,0.19,923000,929500,1399-10-17
759,كشم0001پ01,كشمش سبز0001خليل آباد(پ),4,34,15242177,431444,453014,444999,13555,3.14,448299,16855,3.91,444999,453015,1399-10-17
760,خعمرا,توسعه و عمران شهرستان نائين,4,5000,111705000,21691,22341,22341,650,3.0,21695,4,0.02,22341,22341,1399-10-17
761,ضسپا1106,اختيارخ خساپا-4000-1399/11/26,4,110,1196000,7,10,11,4,57.14,11,4,57.14,9,11,1399-10-17
762,ضمخا7069,اختيارخ اخابر-18000-1400/07/28,4,4,13000000,4125,4000,3000,-1125,-27.27,3250,-875,-21.21,3000,4000,1399-10-17
763,وسقم,شركت س استان قم,4,13720,18384800,1410,1340,1340,-70,-4.96,1410,0,0.0,1340,1340,1399-10-17
764,وسلرستا,شركت س استان لرستان,4,25820,22205200,900,860,860,-40,-4.44,900,0,0.0,860,860,1399-10-17
765,ضشنا1037,اختيارخ شپنا-18000-1399/10/23,4,34,52000,5,1,1,-4,-80.0,2,-3,-60.0,1,4,1399-10-17
766,وسرضوي,س.سهام عدالت استان خراسان رضوي,4,22000,21560000,1030,980,980,-50,-4.85,1030,0,0.0,980,980,1399-10-17
767,ضغدر1120,اختيارخ وغدير-12000-1399/11/26,4,22,16900000,1300,800,700,-600,-46.15,768,-532,-40.92,700,800,1399-10-17
768,اخزا718,اسنادخزانه-م18بودجه97-000525,3,22366,20062702000,896202,897000,900000,3798,0.42,897018,816,0.09,897000,900000,1399-10-17
769,ضجار2000,اختيارخ وتجارت-1800-1400/02/22,3,75,125750000,1637,1600,1650,13,0.79,1677,40,2.44,1600,1700,1399-10-17
770,ضچاد2003,اختيارخ كچاد-18000-1400/02/05,3,18,82484000,6800,4000,4998,-1802,-26.5,4582,-2218,-32.62,4000,4998,1399-10-17
771,اطلس2,صندوق س.توسعه اندوخته آينده-س,3,30000,30000,214140,1,1,-214139,-100.0,1,-214139,-100.0,1,1,1399-10-17
772,شسم,توليد سموم‌ علف‌ كش,3,2118,188991258,87482,89231,89231,1749,2.0,87514,32,0.04,89231,89231,1399-10-17
773,تملي801,تسهيلات مسكن ب. ملي-فروردين98,3,24,13674144,542625,569756,569756,27131,5.0,569756,27131,5.0,569756,569756,1399-10-17
774,هصيكو402,اختيارف ت تاصيكو13500-00/02/20,3,14750,50946500,2990,3454,3454,464,15.52,3454,464,15.52,3454,3454,1399-10-17
775,مبين014,اجاره اعتماد مبين لوتوس011019,3,4020,3938000300,960000,900015,980000,20000,2.08,979602,19602,2.04,900015,980000,1399-10-17
776,وسصفا,شركت س استان اصفهان,3,22395,22842900,1070,1020,1020,-50,-4.67,1070,0,0.0,1020,1020,1399-10-17
777,وسهمدا,شركت س استان همدان,3,22000,18700000,890,850,850,-40,-4.49,890,0,0.0,850,850,1399-10-17
778,اراد62,مرابحه عام دولت62-ش.خ0309,3,75000,75000000000,1000000,1000000,1000000,0,0.0,1000000,0,0.0,1000000,1000000,1399-10-17
779,كابگن,توليدي و صنعتي آبگينه‌,3,10000,50780000,5028,5078,5078,50,0.99,5029,1,0.02,5078,5078,1399-10-17
780,پست0008پ02,پسته فندقي32-30طلاسبززرند0008,3,100,142653648,1340769,1436670,1310001,-30768,-2.29,1426536,85767,6.4,1310001,1436670,1399-10-17
781,ضچاد2002,اختيارخ كچاد-16000-1400/02/05,3,40,125000000,8000,1000,5500,-2500,-31.25,3125,-4875,-60.94,1000,5500,1399-10-17
782,ضفار1123,اختيارخ فارس-13826-1399/11/07,3,30,6240000,175,101,110,-65,-37.14,104,-71,-40.57,101,110,1399-10-17
783,هاباد912,اختيارف ت آبادا-30100-99/12/12,3,5748,62509500,11656,10875,10875,-781,-6.7,10875,-781,-6.7,10875,10875,1399-10-17
784,ضترا1117,اختيارخ شتران-10000-1399/11/14,3,7,7316000,1086,1053,998,-88,-8.1,1045,-41,-3.78,998,1053,1399-10-17
785,ضشنا1044,اختيارخ شپنا-10000-1399/10/23,3,10,10000000,1430,1000,1000,-430,-30.07,1000,-430,-30.07,1000,1000,1399-10-17
786,اعتماد2,صندوق س.اعتماد آفرين پارسيان-د,3,26500000,26500000,34185,1,1,-34184,-100.0,1,-34184,-100.0,1,1,1399-10-17
787,اخزا7234,اسنادخزانه-م23بودجه97-000824,2,416298,356738453289,855200,858661,855200,0,0.0,856930,1730,0.2,855200,858661,1399-10-17
788,اراد384,مرابحه عام دولت3-ش.خ 0105,2,2131972,2024801100792,972727,949686,959400,-13327,-1.37,949732,-22995,-2.36,949686,959400,1399-10-17
789,افاد74,منفعت دولت7-ش.خاص ساير0204,2,30000,30000000000,1000000,1000000,1000000,0,0.0,1000000,0,0.0,1000000,1000000,1399-10-17
790,پست0008پ04,پسته فندقي32-30سبزدانه0008(پ),2,24,32660000,1449000,1300000,1373000,-76000,-5.24,1360833,-88167,-6.08,1300000,1373000,1399-10-17
791,اخزا8154,اسنادخزانه-م15بودجه98-010406,2,1013288,780858985272,771372,769866,771372,0,0.0,770619,-753,-0.1,769866,771372,1399-10-17
792,افاد44,منفعت دولتي4-شرايط خاص14010729,2,6000000,5818131000000,1032000,958777,980600,-51400,-4.98,969688,-62312,-6.04,958777,980600,1399-10-17
793,اخزا7134,اسنادخزانه-م13بودجه97-000518,2,3271676,2952160850164,901381,903297,901381,0,0.0,902339,958,0.11,901381,903297,1399-10-17
794,اوصتا4,صندوق انديشه ورزان صباتامين -د,2,25648703,450034994135,17567,17550,17545,-22,-0.13,17546,-21,-0.12,17545,17550,1399-10-17
795,اخزا8064,اسنادخزانه-م6بودجه98-000519,2,311086,280170117777,899961,901278,899961,0,0.0,900619,658,0.07,899961,901278,1399-10-17
796,ضجار2001,اختيارخ وتجارت-2000-1400/02/22,2,10,14500000,2000,1450,1450,-550,-27.5,1450,-550,-27.5,1450,1450,1399-10-17
797,ضخوز2015,اختيارخ فخوز-16000-1400/02/15,2,2,3822000,3300,1600,2222,-1078,-32.67,1911,-1389,-42.09,1600,2222,1399-10-17
798,اخزا8124,اسنادخزانه-م12بودجه98-001111,2,1264156,1049121168166,829449,830348,829449,0,0.0,829898,449,0.05,829449,830348,1399-10-17
799,ضبدر1150,اختيارخ شبندر-32000-1399/11/19,2,10,10000000,3000,1000,1000,-2000,-66.67,1000,-2000,-66.67,1000,1000,1399-10-17
800,اخزا722,اسنادخزانه-م22بودجه97-000428,2,10479,9504913479,904513,907001,910001,5488,0.61,907044,2531,0.28,907001,910001,1399-10-17
801,وسخراج,شركت س استان خراسان جنوبي,2,11213,23659430,2220,2110,2110,-110,-4.95,2220,0,0.0,2110,2110,1399-10-17
802,اراد474,مرابحه عام دولت4-ش.خ 0008,2,6437000,6332916502000,980000,985127,983246,3246,0.33,983830,3830,0.39,983246,985127,1399-10-17
803,ضصاد1106,اختيارخ وبصادر-6000-1399/11/12,2,69,276000,5,4,4,-1,-20.0,4,-1,-20.0,4,4,1399-10-17
804,اراد544,مرابحه عام دولت5-ش.خ 0109,2,14000000,13277971000000,944500,948608,948245,3745,0.4,948426,3926,0.42,948245,948608,1399-10-17
805,ضملت1125,اختيارخ وبملت-4000-1399/11/28,2,125,106150000,1050,850,846,-204,-19.43,849,-201,-19.14,846,850,1399-10-17
806,اراد244,مرابحه عام دولت2-ش.خ ساير0212,2,8000000,7535216000000,1025000,941004,942800,-82200,-8.02,941902,-83098,-8.11,941004,942800,1399-10-17
807,اخزا8054,اسنادخزانه-م5بودجه98-000422,2,336400,306976269400,912233,912834,912233,0,0.0,912533,300,0.03,912233,912834,1399-10-17
808,ضبدر1160,اختيارخ شبندر-18000-1399/11/19,2,5,29600000,7709,6000,5800,-1909,-24.76,5920,-1789,-23.21,5800,6000,1399-10-17
809,ضجار1016,اختيارخ وتجارت-4000-1399/10/21,2,32,32000,1,1,1,0,0.0,1,0,0.0,1,1,1399-10-17
810,وسكرمان,س.سهام عدالت استان كرمان,2,17000,16660000,1030,980,980,-50,-4.85,1030,0,0.0,980,980,1399-10-17
811,اراد214,مرابحه عام دولت2ش.خ صادرات0212,2,57612733,54220668209318,1000000,941246,941000,-59000,-5.9,941123,-58877,-5.89,941000,941246,1399-10-17
812,وسكرشا,س.سهام عدالت استان كرمانشاه,2,9315,11178000,1260,1200,1200,-60,-4.76,1260,0,0.0,1200,1200,1399-10-17
813,افاد744,منفعت دولت7-ش.خاص ساير0204,2,4000000,3851872000000,1000000,966136,959800,-40200,-4.02,962968,-37032,-3.7,959800,966136,1399-10-17
814,اخزا8144,اسنادخزانه-م14بودجه98-010318,2,711142,553137981443,777082,778551,777082,0,0.0,777816,734,0.09,777082,778551,1399-10-17
815,پست0008پ09,پسته بادامي30-28مه ولات0008(پ),2,20,28000000,1370000,1400000,1400000,30000,2.19,1400000,30000,2.19,1400000,1400000,1399-10-17
816,ضخود2012,اختيارخ خودرو-6000-1400/02/08,2,12,986000,106,88,81,-25,-23.58,82,-24,-22.64,81,88,1399-10-17
817,اراد344,مرابحه عام دولت3-ش.خ 0305,2,19586388,16799597581384,1000000,857818,857618,-142382,-14.24,857718,-142282,-14.23,857618,857818,1399-10-17
818,افاد614,منفعت دولت6-ش.خاص140109,2,10000000,9764020000000,955483,976634,976170,20687,2.17,976402,20919,2.19,976170,976634,1399-10-17
819,اعتماد4,صندوق س.اعتماد آفرين پارسيان-د,2,56000000,1914920000000,34185,34195,34195,10,0.03,34195,10,0.03,34195,34195,1399-10-17
820,ضگل1141,اختيارخ كگل-14000-1399/11/21,1,10,50000000,6000,5000,5000,-1000,-16.67,5000,-1000,-16.67,5000,5000,1399-10-17
821,وسفارس,شركت س استان فارس,1,10000,9800000,1030,980,980,-50,-4.85,1030,0,0.0,980,980,1399-10-17
822,كمند2,صندوق س. با درآمد ثابت كمند,1,150000000,150000000,10009,1,1,-10008,-99.99,1,-10008,-99.99,1,1,1399-10-17
823,اراد504,مرابحه عام دولت5-ش.خ0302,1,1000000,1000000000000,1000001,1000000,1000000,-1,0.0,1000000,-1,0.0,1000000,1000000,1399-10-17
824,اراد444,مرابحه عام دولت4-ش.خ 0007,1,2050000,2020826450000,1030000,985769,985769,-44231,-4.29,985769,-44231,-4.29,985769,985769,1399-10-17
825,تملي805,تسهيلات مسكن ب. ملي-مرداد98,1,17,8897732,550943,523396,523396,-27547,-5.0,523396,-27547,-5.0,523396,523396,1399-10-17
826,ضملي1154,اختيارخ فملي-24336-1399/11/05,1,56,993888,99,9,9,-90,-90.91,9,-90,-90.91,9,9,1399-10-17
827,صمسكن912,ص دين مسكن جنوب-ماهانه16درصد,1,300,15729900,52433,52433,52433,0,0.0,52433,0,0.0,52433,52433,1399-10-17
828,تسه99032,امتياز تسهيلات مسكن خرداد99,1,1,10,613182,10,10,-613172,-100.0,10,-613172,-100.0,10,10,1399-10-17
829,ضجار1013,اختيارخ وتجارت-2500-1399/10/21,1,4,1600000,600,400,400,-200,-33.33,400,-200,-33.33,400,400,1399-10-17
830,صگل039,صكوك اجاره گل گهر039-3ماهه20%,1,5,4950000,1000000,990000,990000,-10000,-1.0,990000,-10000,-1.0,990000,990000,1399-10-17
831,ضشنا1038,اختيارخ شپنا-20000-1399/10/23,1,85,85000,1,1,1,0,0.0,1,0,0.0,1,1,1399-10-17
832,اراد314,مرابحه عام دولت3-ش.خ 0208,1,10000000,7830000000000,1000000,783000,783000,-217000,-21.7,783000,-217000,-21.7,783000,783000,1399-10-17
833,ضمخا7076,اختيارخ اخابر-10000-1400/07/28,1,1,7000000,1,7000,7000,6999,699900.0,7000,6999,699900.0,7000,7000,1399-10-17
834,وسگيلا,شركت س استان گيلان,1,20000,15800000,830,790,790,-40,-4.82,830,0,0.0,790,790,1399-10-17
835,اراد38,مرابحه عام دولت3-ش.خ 0105,1,1000,997727000,972727,997727,997727,25000,2.57,997727,25000,2.57,997727,997727,1399-10-17
836,اراد434,مرابحه عام دولت4-ش.خ 0205,1,1568000,1343462400000,934500,856800,856800,-77700,-8.31,856800,-77700,-8.31,856800,856800,1399-10-17
837,اراد56,مرابحه عام دولت5-ش.خ 0308,1,1000,970000000,990000,970000,970000,-20000,-2.02,970000,-20000,-2.02,970000,970000,1399-10-17
838,وبملت2,بانك ملت,1,200000000,914000000000,4810,4570,4570,-240,-4.99,4570,-240,-4.99,4570,4570,1399-10-17
839,افاد14,منفعت دولت-با شرايط خاص140006,1,10000000,9920000000000,1000000,992000,992000,-8000,-0.8,992000,-8000,-0.8,992000,992000,1399-10-17
840,وگردش2,بانك گردشگري,1,5000000,129220000000,25092,25844,25844,752,3.0,25844,752,3.0,25844,25844,1399-10-17
841,رايان106,مشاركت رايان سايپا-3ماهه16%,1,39,36908430,955834,946370,946370,-9464,-0.99,946370,-9464,-0.99,946370,946370,1399-10-17
842,ضملي1149,اختيارخ فملي-12168-1399/11/05,1,5,14790000,1850,1500,1500,-350,-18.92,1500,-350,-18.92,1500,1500,1399-10-17
843,وسيزد,شركت س استان يزد,1,4575,5581500,1280,1220,1220,-60,-4.69,1280,0,0.0,1220,1220,1399-10-17
844,ضملت1123,اختيارخ وبملت-3000-1399/11/28,1,1,1810000,2204,1810,1810,-394,-17.88,1810,-394,-17.88,1810,1810,1399-10-17
845,اخزا7212,اسنادخزانه-م21بودجه97-000728,1,234937,205569875000,871606,875000,875000,3394,0.39,875000,3394,0.39,875000,875000,1399-10-17
846,فولاد2,فولاد مباركه اصفهان,1,10000000,118000000000,12320,11800,11800,-520,-4.22,11800,-520,-4.22,11800,11800,1399-10-17
847,ضپار1116,اختيارخ خپارس-6000-1399/11/19,1,4,5060000,1005,1265,1265,260,25.87,1265,260,25.87,1265,1265,1399-10-17
848,اخزا8052,اسنادخزانه-م5بودجه98-000422,1,630774,575896662000,912233,913000,913000,767,0.08,913000,767,0.08,913000,913000,1399-10-17
849,ضبدر1159,اختيارخ شبندر-16000-1399/11/19,1,1,7860000,9200,7860,7860,-1340,-14.57,7860,-1340,-14.57,7860,7860,1399-10-17
850,اراد494,مرابحه عام دولت4-ش.خ 0206,1,5000000,4287000000000,940000,857400,857400,-82600,-8.79,857400,-82600,-8.79,857400,857400,1399-10-17
851,ضچاد2000,اختيارخ كچاد-12000-1400/02/05,1,100,900000000,11999,9000,9000,-2999,-24.99,9000,-2999,-24.99,9000,9000,1399-10-17
852,ضصاد1107,اختيارخ وبصادر-7000-1399/11/12,1,2,4000,9,2,2,-7,-77.78,2,-7,-77.78,2,2,1399-10-17
853,اخزا716,اسنادخزانه-م16بودجه97-000407,1,10544,9721568000,921400,922000,922000,600,0.07,922000,600,0.07,922000,922000,1399-10-17
854,ضمخا1026,اختيارخ اخابر-18000-1399/10/30,1,1,10000,2,10,10,8,400.0,10,8,400.0,10,10,1399-10-17
855,ضجار1011,اختيارخ وتجارت-1800-1399/10/21,1,10,10000000,1323,1000,1000,-323,-24.41,1000,-323,-24.41,1000,1000,1399-10-17
856,اراد22,مرابحه عام دولت2-ش.خ لوتوس0212,1,3000,2850000000,944000,950000,950000,6000,0.64,950000,6000,0.64,950000,950000,1399-10-17
857,وسمركز,شركت س استان مركزي,1,5000,6650000,1400,1330,1330,-70,-5.0,1400,0,0.0,1330,1330,1399-10-17
858,اراد53,مرابحه عام دولت5-ش.خ 0207,1,100,93244000,923211,932440,932440,9229,1.0,932440,9229,1.0,932440,932440,1399-10-17
859,زير0003پ04,زيره سبز0003شركت مينوبذر(پ),1,15,6604560,463312,440304,440304,-23008,-4.97,440304,-23008,-4.97,440304,440304,1399-10-17
860,اراد414,مرابحه عام دولت4-ش.خ 0006,1,2500000,2486925000000,1000980,994770,994770,-6210,-0.62,994770,-6210,-0.62,994770,994770,1399-10-17
861,تسه99022,امتياز تسهيلات مسكن ارديبهشت99,1,5,50,589136,10,10,-589126,-100.0,10,-589126,-100.0,10,10,1399-10-17
862,تماوند2,تامين سرمايه دماوند,1,13070281,275782929100,21000,21100,21100,100,0.48,21100,100,0.48,21100,21100,1399-10-17
863,ضپاس2000,اختيارخ وپارس-2000-1400/02/29,1,5,9000000,1900,1800,1800,-100,-5.26,1800,-100,-5.26,1800,1800,1399-10-17
864,اراد374,مرابحه عام دولت3-ش.خ 0005,1,8165856,8125655490912,1049977,995077,995077,-54900,-5.23,995077,-54900,-5.23,995077,995077,1399-10-17
865,ضفار1120,اختيارخ فارس-8826-1399/11/07,1,1,5980000,3009,2990,2990,-19,-0.63,2990,-19,-0.63,2990,2990,1399-10-17
866,وسخوز,شركت س استان خوزستان,1,5570,5180100,970,930,930,-40,-4.12,970,0,0.0,930,930,1399-10-17
867,تابان02,اجاره تابان لوتوس14021206,1,3000,2880000000,940000,960000,960000,20000,2.13,960000,20000,2.13,960000,960000,1399-10-17
868,اراد454,مرابحه عام دولت4-ش.خ 0107,1,2105000,2007380625000,964324,953625,953625,-10699,-1.11,953625,-10699,-1.11,953625,953625,1399-10-17
869,وسگلستا,شركت س استان گلستان,1,5000,5900000,1240,1180,1180,-60,-4.84,1240,0,0.0,1180,1180,1399-10-17
870,ضمخا1023,اختيارخ اخابر-12000-1399/10/30,1,1,1800000,1400,1800,1800,400,28.57,1800,400,28.57,1800,1800,1399-10-17
871,تسه99012,امتياز تسهيلات مسكن فروردين99,1,6,60,616079,10,10,-616069,-100.0,10,-616069,-100.0,10,10,1399-10-17
872,تبريز112,مشاركت شهرداري تبريز-3ماهه18%,1,10,9025100,950000,902510,902510,-47490,-5.0,902510,-47490,-5.0,902510,902510,1399-10-17
873,اراد35,مرابحه عام دولت3-ش.خ 0103,1,25000,23746375000,949855,949855,949855,0,0.0,949855,0,0.0,949855,949855,1399-10-17
874,اشاد14,مشاركت دولتي1-شرايط خاص001026,1,750100,746349500000,995000,995000,995000,0,0.0,995000,0,0.0,995000,995000,1399-10-17
875,مبين012,اجاره اعتماد مبين تمدن010710,1,100,94900000,939000,949000,949000,10000,1.06,949000,10000,1.06,949000,949000,1399-10-17
876,افاد2,منفعت دولتي2-شرايط خاص14000626,1,100,98500000,1000000,985000,985000,-15000,-1.5,985000,-15000,-1.5,985000,985000,1399-10-17
877,وسكرد,شركت س استان كردستان,1,13284,9963000,780,750,750,-30,-3.85,780,0,0.0,750,750,1399-10-17
878,اراد404,مرابحه عام دولت4-ش.خ 0207,1,1047000,978421500000,997000,934500,934500,-62500,-6.27,934500,-62500,-6.27,934500,934500,1399-10-17
879,اشاد104,مشاركت دولتي10-شرايط خاص001226,1,36300,34702509600,955992,955992,955992,0,0.0,955992,0,0.0,955992,955992,1399-10-17
880,عفولاد3,اوراق سلف موازي ورق گرم فولاد,1,10,8069980,803809,806998,806998,3189,0.4,806998,3189,0.4,806998,806998,1399-10-17
881,زير0003پ01,زيره سبز0003كيميابذر(پ),1,5,2433250,490000,486650,486650,-3350,-0.68,486650,-3350,-0.68,486650,486650,1399-10-17
882,تسه98112,امتياز تسهيلات مسكن بهمن98,1,11,110,593420,10,10,-593410,-100.0,10,-593410,-100.0,10,10,1399-10-17
883,ضمخا7075,اختيارخ اخابر-9000-1400/07/28,1,1,7500000,7850,7500,7500,-350,-4.46,7500,-350,-4.46,7500,7500,1399-10-17
884,صينا205,صكوك منفعت سينا دارو-3ماهه 19%,1,55,55055000,1001000,1001000,1001000,0,0.0,1001000,0,0.0,1001000,1001000,1399-10-17
885,شستا004,اجاره تامين اجتماعي-نوين000523,1,5,4950000,990000,990000,990000,0,0.0,990000,0,0.0,990000,990000,1399-10-17
886,اراد334,مرابحه عام دولت3-ش.خ 0303,1,1597000,1379648300000,890000,863900,863900,-26100,-2.93,863900,-26100,-2.93,863900,863900,1399-10-17
887,تسه98122,امتياز تسهيلات مسكن اسفند98,1,17,170,615480,10,10,-615470,-100.0,10,-615470,-100.0,10,10,1399-10-17
888,اخزا8202,اسنادخزانه-م20بودجه98-020806,1,253570,150874150000,592632,595000,595000,2368,0.4,595000,2368,0.4,595000,595000,1399-10-17
