,نماد,نام,تعداد,حجم,ارزش,دیروز,اولین,آخرین معامله - مقدار,آخرین معامله - تغییر,آخرین معامله - درصد,قیمت پایانی - مقدار,قیمت پایانی - تغییر,قیمت پایانی - درصد,کمترین,بیشترین,تاریخ
0,شستا,سرمايه گذاري تامين اجتماعي,284829,771462399,24752520735720,30990,32530,30500,-490,-1.58,32090,1100,3.55,30000,32530,1399-9-1
1,خودرو,ايران‌ خودرو,133416,3160937292,12548792745220,3990,4090,3800,-190,-4.76,3970,-20,-0.5,3800,4160,1399-9-1
2,خساپا,سايپا,85312,3768781004,10150645534090,2610,2740,2600,-10,-0.38,2690,80,3.07,2520,2740,1399-9-1
3,وسپهر,سرمايه گذاري مالي سپهرصادرات,75568,223549048,2686901097833,12437,12600,11816,-621,-4.99,12019,-418,-3.36,11816,12600,1399-9-1
4,دارا يكم,صندوق واسطه گري مالي يكم-سهام,74706,39121992,7434135206140,192970,193180,185600,-7370,-3.82,190020,-2950,-1.53,185000,194200,1399-9-1
5,فولاد,فولاد مباركه اصفهان,69792,362214809,5059526672080,14210,14700,13500,-710,-5.0,13970,-240,-1.69,13500,14700,1399-9-1
6,وتجارت,بانك تجارت,55056,2262114522,7337641563830,3000,3370,3250,250,8.33,3240,240,8.0,3210,3380,1399-9-1
7,فملي,ملي‌ صنايع‌ مس‌ ايران‌,48016,273211858,7192649309930,25170,26420,26000,830,3.3,26330,1160,4.61,25510,26420,1399-9-1
8,پيزد,مجتمع صنايع لاستيك يزد,42894,4683027,439720538199,97441,98000,92569,-4872,-5.0,93897,-3544,-3.64,92569,98000,1399-9-1
9,خگستر,گسترش‌سرمايه‌گذاري‌ايران‌خودرو,41751,690880783,2636787260250,3810,3970,3620,-190,-4.99,3820,10,0.26,3620,4000,1399-9-1
10,وبصادر,بانك صادرات ايران,40561,989013173,3294982989600,3230,3390,3250,20,0.62,3330,100,3.1,3110,3390,1399-9-1
11,سيتا,سرمايه گذاري سيمان تامين,39385,73381038,1313990531820,18290,19000,17380,-910,-4.98,17910,-380,-2.08,17380,19000,1399-9-1
12,بپيوند,برق و انرژي پيوندگستر پارس,39236,35801452,849339670211,24925,24870,22860,-2065,-8.28,23724,-1201,-4.82,22500,25099,1399-9-1
13,ثاميد,توسعه و عمران اميد,38191,351382228,858993105890,2540,2570,2420,-120,-4.72,2440,-100,-3.94,2420,2570,1399-9-1
14,شبندر,پالايش نفت بندرعباس,35754,164576994,4691896368150,27420,28790,27870,450,1.64,28510,1090,3.98,27020,28790,1399-9-1
15,وبملت,بانك ملت,35621,559807616,2944860329770,5290,5520,5090,-200,-3.78,5260,-30,-0.57,5030,5520,1399-9-1
16,شاروم,پتروشيمي اروميه,33454,14136644,268950578646,19876,19999,18883,-993,-5.0,19025,-851,-4.28,18883,19999,1399-9-1
17,ذوب,سهامي ذوب آهن  اصفهان,31631,476903139,2373409500680,4959,5206,4724,-235,-4.74,4977,18,0.36,4712,5206,1399-9-1
18,دي,بانك دي,31212,104098093,4886111918657,41944,48380,45961,4017,9.58,46938,4994,11.91,45961,50799,1399-9-1
19,زملارد,كشاورزي و دامپروري ملارد شير,28907,3030463,111628472712,37038,38750,35313,-1725,-4.66,36835,-203,-0.55,35187,38750,1399-9-1
20,امين,تامين سرمايه امين,28342,43578305,487443512470,11560,11690,10990,-570,-4.93,11190,-370,-3.2,10990,11690,1399-9-1
21,حكشتي,كشتيراني جمهوري اسلامي ايران,28158,62849457,1721810294580,27800,28970,26410,-1390,-5.0,27400,-400,-1.44,26410,28970,1399-9-1
22,پترول,گروه پتروشيمي س. ايرانيان,26732,131973043,1790579784530,13780,14150,13100,-680,-4.93,13570,-210,-1.52,13100,14170,1399-9-1
23,ثبهساز,بهساز كاشانه تهران,25503,185469377,539808723300,3010,3080,2860,-150,-4.98,2910,-100,-3.32,2860,3080,1399-9-1
24,وپويا,سرمايه گذاري پويا,25223,47484168,453469831293,9870,10040,9377,-493,-4.99,9550,-320,-3.24,9377,10050,1399-9-1
25,بگيلان,توسعه مسير برق گيلان,24554,9855032,254167062714,26583,26900,25550,-1033,-3.89,25791,-792,-2.98,25254,26900,1399-9-1
26,آبادا,توليد نيروي برق آبادان,23981,10826051,190515501090,18150,18700,17250,-900,-4.96,17600,-550,-3.03,17250,18700,1399-9-1
27,خپارس,پارس‌ خودرو,22738,323172506,2526667218680,7720,8100,7430,-290,-3.76,7820,100,1.3,7340,8100,1399-9-1
28,خزاميا,زامياد,21976,130221007,1898217717190,15080,15490,14330,-750,-4.97,14580,-500,-3.32,14330,15500,1399-9-1
29,گدنا,تهيه توزيع غذاي دنا آفرين فدك,20879,2108926,46702166270,21091,22145,22145,1054,5.0,22029,938,4.45,22145,22145,1399-9-1
30,سبزوا,سيمان لار سبزوار,20119,218269662,1275553024135,5767,5490,6055,288,4.99,5844,77,1.34,5490,6055,1399-9-1
31,آريا,پليمر آريا ساسول,19809,5111667,852336544265,171910,172800,163320,-8590,-5.0,166743,-5167,-3.01,163315,172800,1399-9-1
32,غزر,صنعتي زر ماكارون,19581,3702095,185580015470,51700,52800,49120,-2580,-4.99,50130,-1570,-3.04,49120,52800,1399-9-1
33,وغدير,سرمايه‌گذاري‌غدير(هلدينگ‌,19309,204158837,2602635924170,12220,12830,12350,130,1.06,12750,530,4.34,12100,12830,1399-9-1
34,شگويا,پتروشيمي تندگويان,18124,105185250,1240843080018,11437,12008,11360,-77,-0.67,11797,360,3.15,11000,12008,1399-9-1
35,كاما,باما,16908,8265492,1493312472160,186980,187800,177640,-9340,-5.0,180670,-6310,-3.37,177640,188000,1399-9-1
36,وپارس,بانك‌پارسيان‌,16866,668915056,2335370738440,3380,3500,3360,-20,-0.59,3490,110,3.25,3300,3540,1399-9-1
37,ولپارس,ليزينگ پارسيان,16609,5350556,28411452360,5060,5310,5310,250,4.94,5200,140,2.77,5310,5310,1399-9-1
38,رافزا,رايان هم افزا,16482,96029,3434765272,34065,35768,35768,1703,5.0,34176,111,0.33,35768,35768,1399-9-1
39,فارس,صنايع پتروشيمي خليج فارس,16243,66332307,860066900110,13000,13550,12590,-410,-3.15,12970,-30,-0.23,12390,13550,1399-9-1
40,وخارزم,سرمايه گذاري خوارزمي,16139,125939501,1124520943530,9060,9500,8630,-430,-4.75,8930,-130,-1.43,8610,9500,1399-9-1
41,تبرك,گروه كارخانجات صنعتي تبرك,15910,39357092,962777893272,24703,24900,23800,-903,-3.66,24463,-240,-0.97,23468,25900,1399-9-1
42,وساپا,سرمايه‌گذاري‌ سايپا,15344,154257066,1278830494540,8300,8710,7890,-410,-4.94,8290,-10,-0.12,7890,8710,1399-9-1
43,ثشاهد,سرمايه‌ گذاري‌ شاهد,14956,56506301,1450417075420,26880,27330,25540,-1340,-4.99,25670,-1210,-4.5,25540,27330,1399-9-1
44,بركت,گروه دارويي بركت,14270,71693359,1092928230740,14790,15520,14980,190,1.28,15240,450,3.04,14300,15520,1399-9-1
45,تاپيكو,س. نفت و گاز و پتروشيمي تأمين,14078,72856253,1112650099880,15400,16000,14700,-700,-4.55,15270,-130,-0.84,14630,16120,1399-9-1
46,صبا,سرمايه گذاري صبا تامين,13477,51647285,442573119790,8635,9066,8227,-408,-4.72,8569,-66,-0.76,8204,9066,1399-9-1
47,خمحركه,نيرو محركه‌,13270,128123648,791290883890,6100,6400,5900,-200,-3.28,6180,80,1.31,5800,6400,1399-9-1
48,شبريز,پالايش نفت تبريز,12420,44370912,1362297472060,29620,31100,29820,200,0.68,30700,1080,3.65,28540,31100,1399-9-1
49,غگل,گلوكوزان‌,12040,130999557,601509803700,4250,4700,4470,220,5.18,4590,340,8.0,4470,4800,1399-9-1
50,غنوش,نوش‌ مازندران‌,12002,27737326,1737537251520,63070,59920,66220,3150,4.99,62640,-430,-0.68,59920,66220,1399-9-1
51,صباح,ح . سرمايه گذاري صبا تامين,11881,69364731,412124136968,5999,6190,5761,-238,-3.97,5941,-58,-0.97,5700,6190,1399-9-1
52,فخوز,فولاد  خوزستان,11445,36245690,1419096155500,40640,41000,38610,-2030,-5.0,39150,-1490,-3.67,38610,41800,1399-9-1
53,ونوين,بانك‌اقتصادنوين‌,11290,251689235,1236551561310,4980,5160,4750,-230,-4.62,4910,-70,-1.41,4740,5160,1399-9-1
54,گكوثر,هتل پارسيان كوثر اصفهان,10910,6321975,1024367840590,156337,153000,156921,584,0.37,162033,5696,3.64,150020,169960,1399-9-1
55,اخابر,مخابرات ايران,10657,99045322,1396031585440,13590,14260,13600,10,0.07,14090,500,3.68,13080,14260,1399-9-1
56,ومعادن,توسعه‌معادن‌وفلزات‌,10263,125292848,1870131639960,14260,14970,14620,360,2.52,14930,670,4.7,14530,14970,1399-9-1
57,وتوس,توسعه‌شهري‌توس‌گستر,10061,35311197,1122304299440,30800,30660,29740,-1060,-3.44,31780,980,3.18,29310,32340,1399-9-1
58,فاذر,صنايع‌ آذرآب‌,9737,22377508,675648296620,31530,29960,29960,-1570,-4.98,30190,-1340,-4.25,29960,31350,1399-9-1
59,بكام,كارخانجات توليدي شهيد قندي,9728,114507238,515665983570,4510,4730,4290,-220,-4.88,4500,-10,-0.22,4290,4730,1399-9-1
60,كرمان,س. توسعه و عمران استان كرمان,9628,15724876,1140355809045,75443,75440,71671,-3772,-5.0,72519,-2924,-3.88,71671,75500,1399-9-1
61,خاور,ايران خودرو ديزل,8993,101542503,565177863676,5697,5760,5527,-170,-2.98,5566,-131,-2.3,5527,5760,1399-9-1
62,ختور,رادياتور ايران‌,8776,21565288,932032221390,42980,45120,40850,-2130,-4.96,43220,240,0.56,40840,45120,1399-9-1
63,چكاپا,گروه صنايع كاغذ پارس,8756,111925429,647820000180,5620,5900,5580,-40,-0.71,5790,170,3.02,5540,5900,1399-9-1
64,پتاير,ايران‌ تاير,8599,7926402,1119792125110,129800,139780,142780,12980,10.0,141270,11470,8.84,129800,142780,1399-9-1
65,خچرخش,چرخشگر,8523,32542503,589778193500,17420,18290,18290,870,4.99,18120,700,4.02,17050,18290,1399-9-1
66,فاراك,ماشين‌ سازي‌ اراك‌,8425,86552805,622573177440,7010,7360,6900,-110,-1.57,7190,180,2.57,6800,7360,1399-9-1
67,كسعدي,كاشي‌ سعدي‌,7550,20799466,793448641430,39950,40230,37960,-1990,-4.98,38150,-1800,-4.51,37960,40230,1399-9-1
68,سمگا,گروه سرمايه گذاري ميراث فرهنگي,7482,64586065,1312315045111,19574,20552,19900,326,1.67,20319,745,3.81,18620,20552,1399-9-1
69,فروي,ذوب روي اصفهان,7473,8384291,436765108346,52261,54700,49700,-2561,-4.9,52093,-168,-0.32,49648,54790,1399-9-1
70,تكمبا,كمباين‌ سازي‌ ايران‌,7440,72184947,715528415640,9750,9270,10230,480,4.92,9910,160,1.64,9270,10230,1399-9-1
71,شپنا,پالايش نفت اصفهان,7414,106462432,1683171049920,15060,15810,15810,750,4.98,15810,750,4.98,15810,15810,1399-9-1
72,خبهمن,گروه‌بهمن‌,7390,62993907,1378897597810,21010,22060,21510,500,2.38,21890,880,4.19,21010,22060,1399-9-1
73,نوري,پتروشيمي نوري,7306,4033621,752990174600,194050,196000,184350,-9700,-5.0,186680,-7370,-3.8,184350,196000,1399-9-1
74,قاسم,قاسم ايران,7296,37273431,466629135418,12736,12100,12100,-636,-4.99,12519,-217,-1.7,12100,13260,1399-9-1
75,بجهرم,توسعه مولد نيروگاهي جهرم,7090,82006976,318624003849,3831,4022,3735,-96,-2.51,3885,54,1.41,3688,4022,1399-9-1
76,ونيرو,سرمايه‌گذاري‌نيرو,7074,104007028,448518012170,4490,4470,4270,-220,-4.9,4310,-180,-4.01,4270,4490,1399-9-1
77,دلقما,دارويي‌ لقمان‌,7040,17619575,515643354150,29670,29850,28190,-1480,-4.99,29270,-400,-1.35,28190,30970,1399-9-1
78,وپاسار,بانك  پاسارگاد,6515,103053648,1057429880280,10170,10450,10210,40,0.39,10260,90,0.88,10000,10650,1399-9-1
79,لسرما,سرما آفرين‌,6332,20779522,600275396360,28840,27400,27780,-1060,-3.68,28890,50,0.17,27400,30280,1399-9-1
80,آگاس,صندوق س.هستي بخش آگاه-س,6270,8153044,570063030572,68973,71580,67290,-1683,-2.44,69920,947,1.37,66461,72300,1399-9-1
81,وشهر,بانك شهر,6140,109004361,729946188316,6671,6790,6803,132,1.98,6696,25,0.37,6538,6804,1399-9-1
82,ساوه,سيمان ساوه,6116,3901187,181835305655,47538,49000,45162,-2376,-5.0,46610,-928,-1.95,45162,49450,1399-9-1
83,ختوقا,قطعات‌ اتومبيل‌ ايران‌,6075,74829722,248266628140,3390,3490,3230,-160,-4.72,3320,-70,-2.06,3230,3490,1399-9-1
84,دماوند,توليد نيروي برق دماوند,5937,10422070,747914713122,69353,71950,70400,1047,1.51,71763,2410,3.47,70000,72820,1399-9-1
85,زقيام,كشت و دام قيام اصفهان,5865,12662880,460052644230,35160,36200,35210,50,0.14,36331,1171,3.33,34500,38010,1399-9-1
86,تملت,تامين سرمايه بانك ملت,5822,18167054,161308946600,9040,9300,8590,-450,-4.98,8880,-160,-1.77,8590,9300,1399-9-1
87,ورنا,سرمايه‌گذاري‌ رنا(هلدينگ‌,5807,49205977,421690383010,8570,8990,8150,-420,-4.9,8570,0,0.0,8150,8990,1399-9-1
88,نطرين,عطرين نخ قم,5793,24538950,361889563150,15309,14544,14544,-765,-5.0,14748,-561,-3.66,14544,15250,1399-9-1
89,فرابورس,فرابورس ايران,5765,18790069,955871674478,49208,51600,49310,102,0.21,50871,1663,3.38,47660,51668,1399-9-1
90,شيران,س. صنايع‌شيميايي‌ايران,5744,18023955,544656171590,29720,30800,30000,280,0.94,30220,500,1.68,28970,31200,1399-9-1
91,سنير,سيمان‌ سفيد ني‌ريز,5741,3669389,297115438270,81690,77610,82190,500,0.61,80970,-720,-0.88,77610,85700,1399-9-1
92,خزر,فنرسازي‌زر,5726,18693257,309959182290,16750,17560,17130,380,2.27,16580,-170,-1.01,15920,17560,1399-9-1
93,شتران,پالايش نفت تهران,5596,83122942,1049011528040,12020,12620,12620,600,4.99,12620,600,4.99,12620,12620,1399-9-1
94,زشگزا,شير و گوشت زاگرس شهركرد,5572,4135484,556527188372,125116,137176,137627,12511,10.0,134574,9458,7.56,128570,137627,1399-9-1
95,كاوه,فولاد كاوه جنوب كيش,5526,56093623,1142648650020,21390,21200,20330,-1060,-4.96,20370,-1020,-4.77,20330,21200,1399-9-1
96,غشهداب,كشت و صنعت شهداب ناب خراسان,5518,55444241,234019817660,4349,4436,4132,-217,-4.99,4221,-128,-2.94,4132,4440,1399-9-1
97,انرژي3,سايراشخاص بورس انرژي,5339,1854365,538497663980,281030,295050,281030,0,0.0,290390,9360,3.33,278000,295080,1399-9-1
98,ولساپا,ليزينگ رايان‌ سايپا,5187,81014838,324515884690,4150,4150,3950,-200,-4.82,4010,-140,-3.37,3950,4190,1399-9-1
99,ماديرا,صنايع ماشين هاي اداري ايران,5082,12937069,366644132156,28449,29200,27027,-1422,-5.0,28341,-108,-0.38,27027,29850,1399-9-1
100,مدير,ص.س.مديريت ثروت ص.بازنشستگي-س,4946,30965760,328983014167,10856,11053,10191,-665,-6.13,10624,-232,-2.14,10000,11140,1399-9-1
101,زدشت,كشت و صنعت دشت خرم دره,4691,15132302,551593697510,36088,37900,34250,-1838,-5.09,36451,363,1.01,33500,38700,1399-9-1
102,ثاخت,بين‌المللي‌توسعه‌ساختمان,4662,62786867,235952621310,3900,3990,3710,-190,-4.87,3760,-140,-3.59,3710,3990,1399-9-1
103,هاي وب,داده گسترعصرنوين-هاي وب,4659,14901593,352049127600,24060,24590,22860,-1200,-4.99,23620,-440,-1.83,22860,24590,1399-9-1
104,شسپا,نفت سپاهان,4588,17822038,408721262980,22500,23620,21990,-510,-2.27,22930,430,1.91,21700,23620,1399-9-1
105,ارفع,شركت آهن و فولاد ارفع,4472,29099188,433285684388,15611,15611,14831,-780,-5.0,14890,-721,-4.62,14831,15900,1399-9-1
106,قشير,قند شيروان قوچان و بجنورد,4416,13845528,403868656532,27135,28700,28000,865,3.19,29170,2035,7.5,27200,29848,1399-9-1
107,غديس,پاكديس,4385,29123325,310017547460,9101,10700,10350,1249,13.72,10645,1544,16.97,10000,11697,1399-9-1
108,افق,فروشگاههاي زنجيره اي افق كوروش,4384,1360354,96649152500,72490,73000,70060,-2430,-3.35,71050,-1440,-1.99,69700,73000,1399-9-1
109,خكرمان,گروه اقتصادي كرمان خودرو,4375,50169479,235137070297,4591,4820,4519,-72,-1.57,4687,96,2.09,4400,4820,1399-9-1
110,حتوكا,حمل‌ونقل‌توكا,4357,15349195,288358706000,19530,18600,18560,-970,-4.97,18790,-740,-3.79,18560,19530,1399-9-1
111,وساخت,سرمايه‌ گذاري‌ ساختمان‌ايران‌,4296,8129913,496264548460,61420,59020,60990,-430,-0.7,61040,-380,-0.62,59020,62100,1399-9-1
112,ارزش,صندوق س ارزش آفرين بيدار-سهام,4221,32275647,331397536370,10420,10520,9970,-450,-4.32,10270,-150,-1.44,9970,10520,1399-9-1
113,زبينا,كشاورزي و دامپروري بينالود,4142,7011237,337513359498,46114,48419,47300,1186,2.57,48139,2025,4.39,44600,50690,1399-9-1
114,وصنعت,سرمايه گذاري توسعه صنعت وتجارت,4071,25091108,200556750770,8230,8480,7820,-410,-4.98,7990,-240,-2.92,7820,8480,1399-9-1
115,همراه,شركت ارتباطات سيار ايران,4054,18262833,629837389530,33040,34690,33360,320,0.97,34490,1450,4.39,33100,34690,1399-9-1
116,ودي,بيمه  دي,4018,39500834,984965544478,23778,24966,24770,992,4.17,24935,1157,4.87,24250,24966,1399-9-1
117,قنيشا,قند  نيشابور,4006,6756425,521890798830,78790,82720,74860,-3930,-4.99,77240,-1550,-1.97,74860,82720,1399-9-1
118,خريخت,صنايع‌ريخته‌گري‌ايران‌,4002,50440053,209805741870,4320,4400,4110,-210,-4.86,4160,-160,-3.7,4110,4400,1399-9-1
119,نوين,بيمه نوين,3954,35691884,244851917709,6975,6975,6662,-313,-4.49,6860,-115,-1.65,6627,7190,1399-9-1
120,وبانك,سرمايه گذاري گروه توسعه ملي,3944,17579059,169872988010,9770,10150,9290,-480,-4.91,9660,-110,-1.13,9290,10150,1399-9-1
121,خاذين,سايپاآذين‌,3912,39713082,234666456600,6120,6250,5820,-300,-4.9,5910,-210,-3.43,5820,6250,1399-9-1
122,قصفها,قنداصفهان‌,3903,2202519,378033296400,165890,174500,163000,-2890,-1.74,171640,5750,3.47,155000,179900,1399-9-1
123,رانفور,خدمات‌انفورماتيك‌,3891,11659621,390154802630,34960,35240,33220,-1740,-4.98,33460,-1500,-4.29,33220,35290,1399-9-1
124,غسالم,سالمين‌,3803,30452797,137929497250,4610,4800,4380,-230,-4.99,4530,-80,-1.74,4380,4800,1399-9-1
125,وملل,اعتباري ملل,3737,26861590,385237825241,14671,15010,13938,-733,-5.0,14342,-329,-2.24,13938,15010,1399-9-1
126,وتوصا,گروه س توسعه صنعتي ايران,3718,26058051,284739134190,10660,10800,10640,-20,-0.19,10930,270,2.53,10280,11190,1399-9-1
127,هرمز,فولاد هرمزگان جنوب,3690,43360502,568375904224,13669,13699,12986,-683,-5.0,13108,-561,-4.1,12986,13800,1399-9-1
128,كمرجان,بازرگاني و توليدي مرجان كار,3671,3600147,254064307491,70333,73849,68700,-1633,-2.32,70571,238,0.34,66817,73849,1399-9-1
129,كماسه,تامين‌ ماسه‌ ريخته‌گري‌,3662,5089962,233848549590,47800,48900,45410,-2390,-5.0,45940,-1860,-3.89,45410,48900,1399-9-1
130,پارسان,گسترش نفت و گاز پارسيان,3568,30275343,684124529630,21690,22770,21750,60,0.28,22600,910,4.2,21690,22770,1399-9-1
131,فاسمين,كالسيمين‌,3500,18136777,277147299470,14740,15470,14850,110,0.75,15280,540,3.66,14500,15470,1399-9-1
132,حسير,ريل سير كوثر,3496,13587296,254403089815,18135,19000,18320,185,1.02,18724,589,3.25,18136,19041,1399-9-1
133,خفنر,فنرسازي‌خاور,3474,11792583,225283217910,19420,18450,18640,-780,-4.02,19100,-320,-1.65,18450,20250,1399-9-1
134,سفارس,سيمان فارس و خوزستان,3464,21019222,346474582830,15870,16660,15880,10,0.06,16480,610,3.84,15510,16660,1399-9-1
135,زكوثر,سرمايه گذاري كشاورزي كوثر,3437,8014620,146964799660,18950,18610,18010,-940,-4.96,18340,-610,-3.22,18010,19000,1399-9-1
136,پكرمان,گروه‌ صنعتي‌ بارز,3410,10986110,340598864790,29700,32000,30400,700,2.36,31000,1300,4.38,30400,32000,1399-9-1
137,امين يكم,صندوق درآمد ثابت امين يكم فردا,3409,127724666,1295072278973,10260,10130,10142,-118,-1.15,10140,-120,-1.17,10129,10148,1399-9-1
138,غپينو,پارس‌ مينو,3374,23462918,162953944810,7100,7250,6750,-350,-4.93,6950,-150,-2.11,6750,7290,1399-9-1
139,غگيلا,شيرپاستوريزه پگاه گيلان,3320,47675,842178875,16824,17665,17665,841,5.0,16837,13,0.08,17665,17665,1399-9-1
140,تنوينح,ح . تامين سرمايه نوين,3293,12954997,58052085618,4717,4690,4300,-417,-8.84,4481,-236,-5.0,4280,4800,1399-9-1
141,آريان,سرمايه گذاري پارس آريان,3255,127151646,1763685895898,13486,13890,13611,125,0.93,13871,385,2.85,13220,13890,1399-9-1
142,پكوير,كوير تاير,3232,11007512,191831438620,16200,17680,16800,600,3.7,17430,1230,7.59,16800,18250,1399-9-1
143,سرو,صندوق س سروسودمند مدبران-سهام,3223,3540363,220561267720,61610,63500,60190,-1420,-2.3,62300,690,1.12,60120,64000,1399-9-1
144,دتوليد,داروسازي توليد دارو,3181,11025168,314673757679,27319,28684,28684,1365,5.0,28541,1222,4.47,26226,28684,1399-9-1
145,خكاوه,سايپا ديزل,3105,34244011,175902630649,5273,5220,5115,-158,-3.0,5137,-136,-2.58,5115,5350,1399-9-1
146,ومهان,گروه توسعه مالي مهر آيندگان,3080,23162114,361065589436,15355,16000,14951,-404,-2.63,15589,234,1.52,14820,16000,1399-9-1
147,دزهراوي,داروسازي‌زهراوي‌,3063,16041531,173251288600,10850,11100,10360,-490,-4.52,10800,-50,-0.46,10310,11350,1399-9-1
148,كگاز,شيشه‌ و گاز,3055,6816216,152923693900,23190,22700,22040,-1150,-4.96,22440,-750,-3.23,22040,23670,1399-9-1
149,حسينا,توسعه خدمات دريايي وبندري سينا,3031,2891481,203338816944,68682,72000,67990,-692,-1.01,70323,1641,2.39,65414,73389,1399-9-1
150,ونيكي,سرمايه‌گذاري‌ ملي‌ايران‌,3025,13534944,188235385400,13300,13960,13960,660,4.96,13910,610,4.59,13580,13960,1399-9-1
151,خاهن,آهنگري‌ تراكتورسازي‌ ايران‌,2945,6880513,244253864840,34980,36000,34200,-780,-2.23,35500,520,1.49,33240,36720,1399-9-1
152,ثفارس,عمران‌وتوسعه‌فارس‌,2942,24589153,164421827870,6720,6990,6400,-320,-4.76,6690,-30,-0.45,6390,6990,1399-9-1
153,غصينو,صنعتي مينو,2942,4311018,226313987979,52564,54500,50600,-1964,-3.74,52497,-67,-0.13,50200,54500,1399-9-1
154,ميهن,بيمه ميهن,2827,62236850,347771826388,5349,5616,5610,261,4.88,5588,239,4.47,5349,5616,1399-9-1
155,كمند,صندوق س. با درآمد ثابت كمند,2808,119716751,1207838623425,10072,10087,10088,16,0.16,10089,17,0.17,10081,10100,1399-9-1
156,حفارس,حمل و نقل بين المللي خليج فارس,2772,30879711,131926544020,4350,4420,4140,-210,-4.83,4270,-80,-1.84,4140,4420,1399-9-1
157,كوير,توليدي فولاد سپيد فراب كوير,2759,12075436,185255795010,15040,15450,15750,710,4.72,15340,300,1.99,14290,15780,1399-9-1
158,ستران,سيمان‌ تهران‌,2742,7163656,214617447330,28920,30360,29500,580,2.01,29960,1040,3.6,28500,30360,1399-9-1
159,تماوند,تامين سرمايه دماوند,2732,24835800,317624216505,13297,13900,12633,-664,-4.99,12789,-508,-3.82,12633,13900,1399-9-1
160,ثعمرا,عمران و توسعه شاهد,2691,12509539,190618895568,15985,15602,15186,-799,-5.0,15238,-747,-4.67,15186,15900,1399-9-1
161,قرن,پديده شيمي قرن,2669,2222613,114824086890,53560,52800,50890,-2670,-4.99,51660,-1900,-3.55,50890,54000,1399-9-1
162,تنوين,تامين سرمايه نوين,2668,43588506,270249791230,6490,6590,6170,-320,-4.93,6200,-290,-4.47,6170,6600,1399-9-1
163,رمپنا,گروه مپنا (سهامي عام),2659,37116453,702818019700,18080,18980,18600,520,2.88,18940,860,4.76,18100,18980,1399-9-1
164,ثنوسا,نوسازي‌وساختمان‌تهران‌,2655,26493448,232955589140,9180,9100,8730,-450,-4.9,8790,-390,-4.25,8730,9140,1399-9-1
165,كرازي,كارخانجات‌توليدي‌شيشه‌رازي‌,2632,8396194,163030591950,20220,19560,19210,-1010,-5.0,19420,-800,-3.96,19210,20730,1399-9-1
166,شلرد,كود شيميايي اوره لردگان,2582,27091810,214366873487,7718,7949,7949,231,2.99,7913,195,2.53,7710,7949,1399-9-1
167,آوا,صندوق س.سهام آواي معيار-س,2560,14558536,124906348476,8515,8800,8159,-356,-4.18,8580,65,0.76,8101,8880,1399-9-1
168,شصدف,صنعتي دوده فام,2551,104283,2554724934,23332,24498,24498,1166,5.0,23389,57,0.24,24498,24498,1399-9-1
169,وايران,ليزينگ ايرانيان,2549,20343614,193627713430,9870,10350,9380,-490,-4.96,9520,-350,-3.55,9380,10350,1399-9-1
170,وليز,ليزينگ‌ايران‌,2498,14162833,117552593930,8570,8880,8150,-420,-4.9,8300,-270,-3.15,8150,8880,1399-9-1
171,خمهر,مهركام‌پارس‌,2476,22668473,139377638720,6420,6550,6100,-320,-4.98,6150,-270,-4.21,6100,6550,1399-9-1
172,كالا,بورس كالاي ايران,2464,6393558,234427567440,35570,37340,35100,-470,-1.32,36670,1100,3.09,34340,37340,1399-9-1
173,وصندوق,سرمايه‌گذاري‌صندوق‌بازنشستگي‌,2456,22110046,345664203820,15020,15770,15270,250,1.66,15630,610,4.06,14800,15770,1399-9-1
174,خرينگ,رينگ‌سازي‌مشهد,2445,4985558,242031152090,46470,48790,48790,2320,4.99,48550,2080,4.48,46470,48790,1399-9-1
175,چكارن,كارتن‌ ايران‌,2428,20500598,75723526640,3630,3800,3620,-10,-0.28,3690,60,1.65,3500,3800,1399-9-1
176,تاصيكو,سرمايه گذاري صدرتامين,2420,34931294,361416234390,9910,10400,10080,170,1.72,10350,440,4.44,9920,10400,1399-9-1
177,وبوعلي,سرمايه‌گذاري‌بوعلي‌,2408,17335630,118484715750,7090,7190,6740,-350,-4.94,6830,-260,-3.67,6740,7190,1399-9-1
178,كهمداح,ح . شيشه‌ همدان‌,2396,8903724,78355070120,8160,8960,8970,810,9.93,8800,640,7.84,8160,8980,1399-9-1
179,وسينا,بانك سينا,2394,30998429,323174156170,10570,11090,10060,-510,-4.82,10430,-140,-1.32,10050,11090,1399-9-1
180,اعتماد,صندوق س.اعتماد آفرين پارسيان-د,2383,70467710,2356168104200,33389,33434,33436,47,0.14,33436,47,0.14,33434,33444,1399-9-1
181,زمگسا,كشاورزي‌ ودامپروي‌ مگسال‌,2382,7585163,246738525100,30000,32960,32800,2800,9.33,32530,2530,8.43,30600,33000,1399-9-1
182,كبافق,معادن‌ بافق‌,2372,2737222,107137277720,38730,40420,38900,170,0.44,39140,410,1.06,37010,40500,1399-9-1
183,چافست,افست‌,2346,6029790,140214117790,24080,23780,22880,-1200,-4.98,23250,-830,-3.45,22880,24950,1399-9-1
184,مرقام,ايران‌ارقام‌,2320,10579052,231622405780,22600,23640,21470,-1130,-5.0,21890,-710,-3.14,21470,23640,1399-9-1
185,وگردش,بانك گردشگري,2316,14147550,270167544804,18389,19308,19092,703,3.82,19096,707,3.84,17470,19308,1399-9-1
186,شپلي,پلي اكريل ايران,2265,51921473,324433198553,6067,6249,6249,182,3.0,6249,182,3.0,6111,6249,1399-9-1
187,غفارس,شير پاستوريزه پگاه فارس,2238,10708019,98446972831,9247,8785,8890,-357,-3.86,9194,-53,-0.57,8785,9650,1399-9-1
188,قشرين,قند شيرين خراسان,2237,13151482,245870875705,17930,18826,18350,420,2.34,18695,765,4.27,17900,18826,1399-9-1
189,شغدير,پتروشيمي غدير,2236,3136591,159696663212,51904,53000,49600,-2304,-4.44,50914,-990,-1.91,49309,53555,1399-9-1
190,فيروزه,صندوق شاخص30 شركت فيروزه- سهام,2208,1216637,210914131380,171710,179000,165060,-6650,-3.87,173360,1650,0.96,165000,179000,1399-9-1
191,كاردان,صندوق س تجارت شاخصي كاردان,2200,1558633,265206633050,168350,175050,163570,-4780,-2.84,170150,1800,1.07,160000,175050,1399-9-1
192,حريل,ريل پردازسير,2090,25145506,93076529246,3787,3930,3598,-189,-4.99,3702,-85,-2.24,3598,3930,1399-9-1
193,وآرين,شركت توسعه اقتصادي آرين,2087,14447650,75961673605,5192,5347,5147,-45,-0.87,5258,66,1.27,5037,5347,1399-9-1
194,شپترو,پتروشيمي آبادان,2057,25843708,108328561170,4277,4380,4149,-128,-2.99,4192,-85,-1.99,4149,4380,1399-9-1
195,وبيمه,سرمايه‌ گذاري‌ صنعت‌ بيمه‌,2048,36066005,106959222840,2840,2980,2980,140,4.93,2970,130,4.58,2870,2980,1399-9-1
196,زاگرس,پتروشيمي زاگرس,2020,1800834,306032017212,169146,173900,167600,-1546,-0.91,169939,793,0.47,166120,173900,1399-9-1
197,خوساز,محورسازان‌ايران‌خودرو,2006,14107975,104351913090,7720,7800,7340,-380,-4.92,7400,-320,-4.15,7340,7800,1399-9-1
198,وسكاب,س.ص.بازنشستگي كاركنان بانكها,2001,20315695,127248069020,6360,6500,6060,-300,-4.72,6260,-100,-1.57,6050,6500,1399-9-1
199,آسيا,بيمه آسيا,1998,12873430,340785400450,25310,26570,26570,1260,4.98,26470,1160,4.58,25310,26570,1399-9-1
200,كلر,كلر پارس,1990,1832959,100827780573,53092,53510,55695,2603,4.9,55008,1916,3.61,51870,55746,1399-9-1
201,سيمرغ,سيمرغ,1970,6383832,94952516370,15070,15780,14400,-670,-4.45,14870,-200,-1.33,14320,15780,1399-9-1
202,كچاد,معدني‌وصنعتي‌چادرملو,1955,21311006,407679544780,18220,19130,19130,910,4.99,19130,910,4.99,19130,19130,1399-9-1
203,ريشمك,توليد و صادرات ريشمك,1953,5466832,217906998792,38216,40125,38710,494,1.29,39860,1644,4.3,37200,40126,1399-9-1
204,خديزل,بهمن  ديزل,1944,6450664,298193589971,45234,47495,43340,-1894,-4.19,46227,993,2.2,42973,47495,1399-9-1
205,بپاس,بيمه پاسارگاد,1944,4226422,293245024399,68980,69000,69448,468,0.68,69384,404,0.59,68950,69998,1399-9-1
206,ونفت,سرمايه‌گذاري‌ صنعت‌ نفت‌,1942,13475703,173804589790,12440,13060,12600,160,1.29,12900,460,3.7,12440,13060,1399-9-1
207,كنور,توسعه معدني و صنعتي صبانور,1913,4107549,172831753370,35920,41500,41400,5480,15.26,42080,6160,17.15,41020,43570,1399-9-1
208,فايرا,آلومينيوم‌ايران‌,1900,9176214,190175115900,19810,20800,20740,930,4.69,20720,910,4.59,20000,20800,1399-9-1
209,طلا,صندوق س.پشتوانه طلاي لوتوس,1899,1423182,121991144032,83534,85622,84570,1036,1.24,85717,2183,2.61,83160,87000,1399-9-1
210,فجر,فولاد اميركبيركاشان,1890,5593746,314623442080,58010,60800,55110,-2900,-5.0,56250,-1760,-3.03,55110,60800,1399-9-1
211,كوثر,بيمه كوثر,1885,11558449,150707143710,12941,13588,12790,-151,-1.17,13039,98,0.76,12294,13588,1399-9-1
212,فلوله,لوله‌وماشين‌سازي‌ايران‌,1864,6484528,130818394930,20670,21360,19640,-1030,-4.98,20170,-500,-2.42,19640,21500,1399-9-1
213,حآسا,آسيا سير ارس,1863,4936538,96466381404,19522,19669,18546,-976,-5.0,19541,19,0.1,18546,20355,1399-9-1
214,زنجان,صنايع كشاورزي وكود زنجان,1852,20892986,141275231713,6639,6750,6838,199,3.0,6762,123,1.85,6440,6838,1399-9-1
215,شبهرن,نفت‌ بهران‌,1841,2377633,146959709470,62900,65900,59760,-3140,-4.99,61810,-1090,-1.73,59760,65900,1399-9-1
216,وآوا,سرمايه گذاري آوا نوين,1825,12837253,165550782165,12461,12850,13084,623,5.0,12896,435,3.49,12011,13084,1399-9-1
217,واميد,گروه مديريت سرمايه گذاري اميد,1808,22495637,867954137930,36760,38590,38590,1830,4.98,38580,1820,4.95,37530,38590,1399-9-1
218,سكرد,سيمان كردستان,1773,9574296,81766744680,8560,8890,8200,-360,-4.21,8540,-20,-0.23,8140,8890,1399-9-1
219,توريل,توکاريل,1748,6420076,127799798211,20229,21200,19218,-1011,-5.0,19906,-323,-1.6,19218,21200,1399-9-1
220,شاراك,پتروشيمي شازند,1733,5817755,124254803080,21840,22250,20750,-1090,-4.99,21360,-480,-2.2,20750,22540,1399-9-1
221,فنورد,نوردوقطعات‌ فولادي‌,1727,1819792,274944108560,144430,151650,151000,6570,4.55,151090,6660,4.61,144410,151650,1399-9-1
222,ولصنم,ليزينگ‌صنعت‌ومعدن‌,1721,9685589,80395609830,8640,8700,8210,-430,-4.98,8300,-340,-3.94,8210,8700,1399-9-1
223,فزرين,زرين معدن آسيا,1704,6030238,116473295850,19692,20390,18900,-792,-4.02,19315,-377,-1.91,18708,20390,1399-9-1
224,فباهنر,مس‌ شهيدباهنر,1700,2313282,113211866220,49540,50430,47990,-1550,-3.13,48940,-600,-1.21,47210,52000,1399-9-1
225,ثمسكن,سرمايه‌گذاري‌ مسكن‌,1690,14848447,84707866580,5820,5850,5550,-270,-4.64,5700,-120,-2.06,5530,6100,1399-9-1
226,والبر,سرمايه‌ گذاري‌ البرز(هلدينگ‌,1685,13813415,216210426010,14950,15690,15470,520,3.48,15650,700,4.68,15160,15690,1399-9-1
227,بورس,بورس اوراق بهادار تهران,1646,3097341,152890401450,47830,50220,47000,-830,-1.74,49360,1530,3.2,46240,50220,1399-9-1
228,وآذر,سرمايه‌گذاري‌توسعه‌آذربايجان‌,1645,1103567,134478060820,125180,129900,120000,-5180,-4.14,121860,-3320,-2.65,118930,129900,1399-9-1
229,كگل,معدني و صنعتي گل گهر,1642,18052728,333794940720,17610,18490,18490,880,5.0,18490,880,5.0,18490,18490,1399-9-1
230,ولبهمن,شركت بهمن ليزينگ,1639,13969000,121986325278,8627,9058,8600,-27,-0.31,8733,106,1.23,8196,9058,1399-9-1
231,غويتا,ويتانا,1616,5048959,254778774591,50075,51000,47650,-2425,-4.84,50462,387,0.77,47572,51990,1399-9-1
232,اميد,تامين سرمايه اميد,1613,8118364,91028941980,11580,11590,11010,-570,-4.92,11210,-370,-3.2,11010,11650,1399-9-1
233,خشرق,الكتريك‌ خودرو شرق‌,1610,6388212,105970692350,17330,17800,16470,-860,-4.96,16590,-740,-4.27,16470,17800,1399-9-1
234,ولغدر,ليزينگ‌خودروغدير,1599,7444471,123558320780,17280,17000,16420,-860,-4.98,16600,-680,-3.94,16420,17890,1399-9-1
235,شپاكسا,پاكسان‌,1563,4751261,128251372350,26100,27400,26170,70,0.27,26990,890,3.41,25510,27400,1399-9-1
236,وسين,بيمه سينا,1562,12204435,248892881779,20259,21271,19247,-1012,-5.0,20394,135,0.67,19247,21271,1399-9-1
237,شپديس,پتروشيمي پرديس,1559,1795705,181673802650,101700,104000,99500,-2200,-2.16,101170,-530,-0.52,97000,105000,1399-9-1
238,شتوكا,توكا رنگ فولاد سپاهان,1558,2391628,80778436207,32899,34543,34520,1621,4.93,33776,877,2.67,31510,34543,1399-9-1
239,حپارسا,توسعه حمل و نقل ريلي پارسيان,1546,4262696,134159798743,31024,32000,30900,-124,-0.4,31473,449,1.45,29570,32575,1399-9-1
240,شكلر,نيروكلر,1526,3594988,176001047710,47390,49620,49050,1660,3.5,48960,1570,3.31,47740,49750,1399-9-1
241,چدن,توليدي چدن سازان,1518,4223468,112844843500,27330,28190,25970,-1360,-4.98,26720,-610,-2.23,25970,28190,1399-9-1
242,ثتران,سرمايه گذاري مسكن تهران,1514,14774466,70307880054,4849,4950,4607,-242,-4.99,4759,-90,-1.86,4607,4980,1399-9-1
243,ثشرق,سرمايه گذاري مسكن شمال شرق,1514,12973051,66694937770,5220,5400,4960,-260,-4.98,5140,-80,-1.53,4960,5410,1399-9-1
244,شفن,پتروشيمي فناوران,1498,714934,209834163880,286150,299900,280000,-6150,-2.15,293500,7350,2.57,278990,300450,1399-9-1
245,سرچشمه,سرمايه گذاري مس سرچشمه,1490,14983618,122441736489,7841,8233,8001,160,2.04,8172,331,4.22,7841,8233,1399-9-1
246,فسازان,غلتك سازان سپاهان,1485,8424950,217042933950,27030,26100,25680,-1350,-4.99,25760,-1270,-4.7,25680,27500,1399-9-1
247,وبهمن,سرمايه‌گذاري‌بهمن‌,1483,31520039,454440857580,13740,14420,14420,680,4.95,14420,680,4.95,14000,14420,1399-9-1
248,فسپا,گروه‌صنعتي‌سپاهان‌,1483,4561086,192059745200,40800,41010,41180,380,0.93,42110,1310,3.21,39520,42840,1399-9-1
249,غپاك,لبنيات‌ پاك‌,1468,13880421,176583235040,12160,12760,12540,380,3.13,12720,560,4.61,12200,12760,1399-9-1
250,كلوند,كاشي‌ الوند,1466,4433478,98008254890,22920,23170,21780,-1140,-4.97,22110,-810,-3.53,21780,23170,1399-9-1
251,وهور,مديريت انرژي اميد  تابان هور,1446,7402362,330308197164,46970,44622,44622,-2348,-5.0,44622,-2348,-5.0,44622,44622,1399-9-1
252,واتي,سرمايه‌ گذاري‌ آتيه‌ دماوند,1445,9576299,121624532190,12960,13500,12360,-600,-4.63,12700,-260,-2.01,12320,13500,1399-9-1
253,شلعابح,ح . لعابيران‌,1445,18106342,76130072700,4170,4190,4120,-50,-1.2,4200,30,0.72,4010,4400,1399-9-1
254,بخاور,بيمه زندگي خاورميانه,1444,7194058,59059086120,8019,8400,8110,91,1.13,8209,190,2.37,7720,8419,1399-9-1
255,شكربن,كربن‌ ايران‌,1431,4339132,353255743690,77770,81650,81650,3880,4.99,81410,3640,4.68,78320,81650,1399-9-1
256,وتوسم,سرمايه‌گذاري‌توسعه‌ملي‌,1387,4819849,63481525350,13260,13780,12720,-540,-4.07,13170,-90,-0.68,12610,13780,1399-9-1
257,رتاپح,ح.تجارت الكترونيك پارسيان,1379,6363883,28080472940,4550,4560,4290,-260,-5.71,4410,-140,-3.08,4250,4580,1399-9-1
258,اتكام,شركت بيمه اتكايي امين,1376,10292869,66329779905,6618,6500,6300,-318,-4.81,6444,-174,-2.63,6288,6778,1399-9-1
259,كاريس,صندوق س.سپهر كاريزما-س,1338,817834,164944632495,195332,205000,194500,-832,-0.43,201685,6353,3.25,191222,209999,1399-9-1
260,ولتجار,واسپاري تجارت وسرمايه ايرانيان,1332,13502548,76821864061,5941,5644,5644,-297,-5.0,5689,-252,-4.24,5644,5965,1399-9-1
261,تيپيكو,سرمايه گذاري دارويي تامين,1329,1840545,104206650290,54500,56230,54990,490,0.9,56620,2120,3.89,54520,57220,1399-9-1
262,بساما,بيمه سامان,1329,5230117,129155427169,25547,26780,24270,-1277,-5.0,24695,-852,-3.34,24270,26780,1399-9-1
263,آپ,آسان پرداخت پرشين,1329,4822727,78924782950,16800,17290,15980,-820,-4.88,16370,-430,-2.56,15960,17290,1399-9-1
264,وگستر,گسترش سرمايه گذاري ايرانيان,1325,5626143,113956836943,20179,20980,20490,311,1.54,20255,76,0.38,19500,20980,1399-9-1
265,شدوص,دوده‌ صنعتي‌ پارس‌,1311,3953175,89134783290,23120,23050,22890,-230,-0.99,22550,-570,-2.47,21970,23900,1399-9-1
266,خموتور,موتورسازان‌تراكتورسازي‌ايران‌,1292,6643149,65477308360,10220,10250,9710,-510,-4.99,9860,-360,-3.52,9710,10360,1399-9-1
267,ومعلم,بيمه معلم,1289,13285394,85741824813,6197,6506,6260,63,1.02,6454,257,4.15,6018,6506,1399-9-1
268,آ س پ,آ.س.پ,1287,7504969,88623788737,12229,12222,11618,-611,-5.0,11809,-420,-3.43,11618,12640,1399-9-1
269,كمينا,شيشه سازي مينا,1279,3082545,85163061259,28665,27660,27232,-1433,-5.0,27628,-1037,-3.62,27232,29098,1399-9-1
270,اطلس,صندوق س.توسعه اندوخته آينده-س,1274,319110,62655980211,192664,200000,187000,-5664,-2.94,196346,3682,1.91,186000,203000,1399-9-1
271,دفارا,داروسازي‌ فارابي‌,1268,2020690,115262721790,55900,57100,56310,410,0.73,57040,1140,2.04,54200,58690,1399-9-1
272,رنيك,جنرال مكانيك,1260,2958558,62824733799,21878,22500,20785,-1093,-5.0,21235,-643,-2.94,20785,22500,1399-9-1
273,وپترو,سرمايه‌گذاري صنايع پتروشيمي‌,1254,4957735,74652570330,14770,15390,14800,30,0.2,15060,290,1.96,14430,15440,1399-9-1
274,گوهران,سرمايه گذاري توسعه گوهران اميد,1247,12513011,102251886777,7798,8187,8080,282,3.62,8172,374,4.8,8000,8187,1399-9-1
275,بالاس,مهندسي ساختمان تاسيسات راه آهن,1229,1427527,68857554384,50111,49000,47606,-2505,-5.0,48236,-1875,-3.74,47606,50999,1399-9-1
276,پارس,پتروشيمي پارس,1219,793175,119824287000,148360,155400,147000,-1360,-0.92,151070,2710,1.83,146000,155400,1399-9-1
277,وسبحان,سرمايه گذاري سبحان,1214,7302245,58501287142,8146,8201,7810,-336,-4.12,8011,-135,-1.66,7800,8400,1399-9-1
278,زشريف,كشت وصنعت شريف آباد,1198,2700843,55150066297,20653,21500,19621,-1032,-5.0,20420,-233,-1.13,19621,21500,1399-9-1
279,زفكا,كشت و دامداري فكا,1197,3036627,134178667901,42143,44250,44250,2107,5.0,44187,2044,4.85,43000,44250,1399-9-1
280,سصفها,سيمان‌اصفهان‌,1194,947031,167270417520,170540,179060,179060,8520,5.0,176630,6090,3.57,162020,179060,1399-9-1
281,ثالوند,سرمايه گذاري مسكن الوند,1187,5487298,69220715233,13078,13499,12425,-653,-4.99,12615,-463,-3.54,12425,13499,1399-9-1
282,ميدكو,هلدينگ صنايع  معدني خاورميانه,1174,8962128,210392254103,23434,23435,23589,155,0.66,23476,42,0.18,23400,23599,1399-9-1
283,وخاور,بانك خاورميانه,1168,8415645,82349786460,9960,10140,9670,-290,-2.91,9790,-170,-1.71,9580,10140,1399-9-1
284,شرانل,نفت ايرانول,1161,2336369,72135549619,31422,32390,29851,-1571,-5.0,30875,-547,-1.74,29851,32500,1399-9-1
285,رتاپ,تجارت الكترونيك  پارسيان,1158,6966122,43811676160,6240,6500,6250,10,0.16,6280,40,0.64,6150,6500,1399-9-1
286,پرديس,سرمايه گذاري پرديس,1156,12516036,89278701040,6870,7210,7030,160,2.33,7130,260,3.78,6700,7210,1399-9-1
287,اپرداز,آتيه داده پرداز,1153,3401826,95999012741,29321,30039,27855,-1466,-5.0,28220,-1101,-3.75,27855,30039,1399-9-1
288,شاوان,پالايش نفت لاوان,1150,751827,74373185540,97119,101970,93790,-3329,-3.43,98923,1804,1.86,92320,101970,1399-9-1
289,وبشهر,توسعه‌ صنايع‌ بهشهر(هلدينگ,1140,7611046,116339760090,14660,15390,15390,730,4.98,15290,630,4.3,14790,15390,1399-9-1
290,دشيمي,شيمي‌ داروئي‌ داروپخش‌,1134,1818995,108474961240,60870,62000,60600,-270,-0.44,59630,-1240,-2.04,57830,62000,1399-9-1
291,تملتح,ح . تامين سرمايه بانك ملت,1133,87351077,698808616000,1000,8000,8000,7000,700.0,8000,7000,700.0,8000,8000,1399-9-1
292,دانا,بيمه دانا,1131,7408101,45359885710,6100,6340,5950,-150,-2.46,6120,20,0.33,5810,6400,1399-9-1
293,ساروم,سيمان‌اروميه‌,1130,5888518,142886470040,23270,24430,23400,130,0.56,24270,1000,4.3,22600,24430,1399-9-1
294,دمعيار,صندوق س. توازن معيار-د,1105,55890346,558882142506,10100,9998,10000,-100,-0.99,10000,-100,-0.99,9970,10010,1399-9-1
295,كگازح,ح . شيشه‌ و گاز,1103,3327671,60650252570,17960,18670,17510,-450,-2.51,18230,270,1.5,17000,18990,1399-9-1
296,سپح,ح . پرداخت الكترونيك سامان كيش,1095,2653793,27897574580,10490,10700,10160,-330,-3.15,10510,20,0.19,10110,10900,1399-9-1
297,تاپكيش,تجارت الكترونيك پارسيان كيش,1077,8985230,148631163533,15793,16582,16582,789,5.0,16542,749,4.74,15004,16582,1399-9-1
298,سمازن,سيمان‌مازندران‌,1063,4774632,44206921490,9270,9680,9270,0,0.0,9260,-10,-0.11,8910,9680,1399-9-1
299,كهمدا,شيشه‌ همدان‌,1052,7043569,74228855070,10040,10540,10540,500,4.98,10540,500,4.98,10400,10540,1399-9-1
300,ملت,بيمه ملت,1047,6719127,84735350980,12180,12780,12600,420,3.45,12610,430,3.53,12180,12780,1399-9-1
301,تاپكيشح,ح.تجارت الكترونيك پارسيان كيش,1046,6073260,59905789041,9458,9920,9930,472,4.99,9864,406,4.29,9420,9930,1399-9-1
302,ضخود1044,اختيارخ خودرو-4000-1399/10/07,1044,39727,17288281000,425,475,380,-45,-10.59,435,10,2.35,356,499,1399-9-1
303,ثباغ,شهر سازي و خانه سازي باغميشه,1023,3013949,78509323696,27076,26500,25723,-1353,-5.0,26049,-1027,-3.79,25723,27076,1399-9-1
304,دبالك,مواد اوليه دارويي البرز بالك,1012,3656830,55284662630,15213,15800,14570,-643,-4.23,15118,-95,-0.62,14453,15860,1399-9-1
305,دكوثر,داروسازي‌ كوثر,1007,3057655,57501850450,18960,19690,18250,-710,-3.74,18810,-150,-0.79,18020,19690,1399-9-1
306,عيار,صندوق س. پشتوانه طلاي مفيد,998,1261931,38091367779,29486,30000,29861,375,1.27,30185,699,2.37,29771,30450,1399-9-1
307,فاما,صنعتي‌ آما,996,2339241,61895470820,27560,28270,26190,-1370,-4.97,26460,-1100,-3.99,26190,28270,1399-9-1
308,ركيش,كارت اعتباري ايران كيش,989,7303742,109254037150,14940,15210,15010,70,0.47,14960,20,0.13,14200,15400,1399-9-1
309,رتكو,كنترل‌خوردگي‌تكين‌كو,988,8487284,133947249280,15040,15790,15790,750,4.99,15780,740,4.92,15100,15790,1399-9-1
310,خمحور,توليدمحورخودرو,984,2012093,121332909740,59160,62110,56210,-2950,-4.99,60300,1140,1.93,56210,62110,1399-9-1
311,كپشير,پشم‌شيشه‌ايران‌,977,2953218,47073387690,16080,16660,15470,-610,-3.79,15950,-130,-0.81,15280,16660,1399-9-1
312,پارند,صندوق س. پارند پايدار سپهر,976,36883210,420541201184,11404,11400,11407,3,0.03,11402,-2,-0.02,11400,11430,1399-9-1
313,قثابت,قند ثابت‌ خراسان‌,971,1449391,94457119120,67310,70000,63950,-3360,-4.99,65170,-2140,-3.18,63950,70000,1399-9-1
314,حتايد,تايدواترخاورميانه,963,6044478,111203961160,17680,18330,18270,590,3.34,18400,720,4.07,17300,18560,1399-9-1
315,پاكشو,گروه صنعتي پاكشو,952,1566842,129336077280,78620,82550,82550,3930,5.0,82550,3930,5.0,82000,82550,1399-9-1
316,دابور,داروسازي‌ ابوريحان‌,944,1279974,58506404740,45720,47000,45000,-720,-1.57,45710,-10,-0.02,44100,47750,1399-9-1
317,كاذرح,ح . فرآورده‌هاي‌نسوزآذر,932,2895933,40478314490,14380,14350,13680,-700,-4.87,13980,-400,-2.78,13030,14380,1399-9-1
318,غشهد,شهد ايران ‌,930,5850585,35815377280,6000,6220,5940,-60,-1.0,6090,90,1.5,5860,6300,1399-9-1
319,كمنگنز,معادن‌منگنزايران‌,922,747520,68734020030,88900,93340,89900,1000,1.12,91950,3050,3.43,84460,93340,1399-9-1
320,كپشيرح,ح . پشم‌شيشه‌ايران‌,921,3256967,34878718544,11061,11290,10270,-791,-7.15,10709,-352,-3.18,10210,11330,1399-9-1
321,كيان,صندوق س. با درآمد ثابت كيان,920,25332941,658261758021,25961,26000,25990,29,0.11,25984,23,0.09,25960,26000,1399-9-1
322,حبندر,دريايي و کشتيراني خط دريابندر,912,1834801,45200304644,25097,25349,24350,-747,-2.98,24635,-462,-1.84,24345,25510,1399-9-1
323,ولشرق,ليزينگ ايران و شرق,906,5281665,31689546692,5939,6180,5769,-170,-2.86,5977,38,0.64,5701,6195,1399-9-1
324,اعتلا,شركت سرمايه گذاري اعتلاء البرز,904,3401188,29328425713,8649,9081,8223,-426,-4.93,8634,-15,-0.17,8220,9081,1399-9-1
325,سشمال,سيمان‌ شمال‌,892,8040135,64836577530,8410,8800,7990,-420,-4.99,8060,-350,-4.16,7990,8800,1399-9-1
326,درهآور,دارويي ره آورد تامين,881,1933615,62943745177,32317,33190,32000,-317,-0.98,32552,235,0.73,31420,33690,1399-9-1
327,جم,پتروشيمي جم,879,1622504,68656408050,42340,43900,41850,-490,-1.16,42320,-20,-0.05,41290,43900,1399-9-1
328,كيميا,معدني كيمياي زنجان گستران,870,2635783,61191374573,23089,23580,22500,-589,-2.55,23216,127,0.55,22000,24100,1399-9-1
329,فولاژ,فولاد آلياژي ايران,870,1499191,35414261250,23360,24520,22550,-810,-3.47,23520,160,0.68,22300,24520,1399-9-1
330,غگرجي,بيسكويت‌  گرجي‌,860,1647560,45388854550,28100,27750,27000,-1100,-3.91,27590,-510,-1.81,26700,28500,1399-9-1
331,فپنتا,سپنتا,859,168928,54521688170,335700,326010,318920,-16780,-5.0,322750,-12950,-3.86,318920,335000,1399-9-1
332,وصنا,گروه‌صنايع‌بهشهرايران‌,857,5315151,61803149040,11470,12000,11820,350,3.05,11630,160,1.39,11450,12000,1399-9-1
333,غالبر,لبنيات‌ كالبر,857,2897970,34224317610,11730,12310,11340,-390,-3.32,11780,50,0.43,11200,12310,1399-9-1
334,چفيبر,فيبر ايران‌,845,6678397,43215550140,6670,6810,6340,-330,-4.95,6490,-180,-2.7,6340,6810,1399-9-1
335,ختراك,ريخته‌گري‌ تراكتورسازي‌ ايران‌,844,2903552,27845804870,9850,10200,9360,-490,-4.97,9700,-150,-1.52,9360,10200,1399-9-1
336,پخش,پخش البرز,840,2093295,70578217541,34382,36000,32710,-1672,-4.86,33716,-666,-1.94,32663,36000,1399-9-1
337,كرماشا,صنايع پتروشيمي كرمانشاه,834,1206710,47597807700,39890,41750,38110,-1780,-4.46,39510,-380,-0.95,37900,41750,1399-9-1
338,ثترانح,ح سرمايه گذاري مسكن تهران,830,11699090,29040230622,2557,2550,2430,-127,-4.97,2482,-75,-2.93,2430,2680,1399-9-1
339,خفولا,خدمات فني فولاد يزد,827,2344841,64723776395,28361,27511,27511,-850,-3.0,27603,-758,-2.67,27511,28700,1399-9-1
340,آتيمس,صندوق س.آرمان آتيه درخشان مس-س,826,295384,59845841490,201319,204999,192100,-9219,-4.58,202604,1285,0.64,192100,210000,1399-9-1
341,غمارگ,مارگارين‌,821,4269769,112387588680,25110,26360,26360,1250,4.98,26320,1210,4.82,25010,26360,1399-9-1
342,سدبير,س. تدبيرگران فارس وخوزستان,816,1968091,56937876801,28776,30190,28300,-476,-1.65,28931,155,0.54,28001,30190,1399-9-1
343,ما,بيمه  ما,814,6987878,48925463090,6970,7150,7000,30,0.43,7000,30,0.43,6720,7300,1399-9-1
344,تسه9907,امتياز تسهيلات مسكن مهر99,811,16733,13549395395,816856,829999,800000,-16856,-2.06,809741,-7115,-0.87,783050,829999,1399-9-1
345,دتوزيع,توزيع دارو پخش,809,762705,34951049161,46586,47849,44372,-2214,-4.75,46045,-541,-1.16,44310,47849,1399-9-1
346,شپاس,نفت پاسارگاد,807,1707594,32832264767,19650,20588,18668,-982,-5.0,19366,-284,-1.45,18668,20588,1399-9-1
347,جم پيلن,پلي پروپيلن جم - جم پيلن,807,1279412,106091250630,83060,85390,81190,-1870,-2.25,82920,-140,-0.17,80010,85390,1399-9-1
348,افق ملت,صندوق س در سهام افق ملت,807,293544,39698888290,134150,140000,130110,-4040,-3.01,135240,1090,0.81,129990,140000,1399-9-1
349,ولملت,واسپاري ملت,794,4504055,46521478250,10320,10630,10500,180,1.74,10330,10,0.1,9810,10830,1399-9-1
350,واعتبار,سرمايه گذاري اعتبار ايران,782,12484868,57813596470,4670,4880,4510,-160,-3.43,4630,-40,-0.86,4450,4880,1399-9-1
351,غگلستا,شير پاستوريزه پگاه گلستان,772,2545468,35003660871,13626,14245,13990,364,2.67,13713,87,0.64,13200,14270,1399-9-1
352,سخوز,سيمان خوزستان,762,4303194,94166406370,20880,21920,21400,520,2.49,21880,1000,4.79,21000,21920,1399-9-1
353,ختراكح,ح . ريخته‌گري‌ تراكتورسازي‌,759,3573057,28876950200,8060,8100,8140,80,0.99,8080,20,0.25,7810,8340,1399-9-1
354,بنيرو,نيروترانس‌,756,623204,31526279960,52030,53900,49430,-2600,-5.0,51090,-940,-1.81,49430,53900,1399-9-1
355,شبصير,توليدات پتروشيمي قائد بصير,753,648519,65223650939,100324,105340,98000,-2324,-2.32,100573,249,0.25,95308,105340,1399-9-1
356,دعبيد,لابراتوارداروسازي‌  دكترعبيدي‌,735,756346,21309836880,28130,29300,27600,-530,-1.88,28150,20,0.07,27180,29300,1399-9-1
357,شفا,سرمايه گذاري شفادارو,731,696124,39111095990,54610,56000,56900,2290,4.19,55810,1200,2.2,54100,57290,1399-9-1
358,دسانكو,داروسازي سبحان انكولوژي,729,9643388,145084521754,14330,15046,15046,716,5.0,15045,715,4.99,14588,15046,1399-9-1
359,پارسيانح,ح.بيمه پارسيان,724,9050085,82331861090,9230,9110,9010,-220,-2.38,9100,-130,-1.41,8780,9400,1399-9-1
360,بترانس,ايران‌ ترانسفو,719,9491625,290538641250,29160,30610,30610,1450,4.97,30610,1450,4.97,30610,30610,1399-9-1
361,ثعتما,س. ساختماني اعتماد گستر,718,2211181,76538961146,33979,34580,34998,1019,3.0,34615,636,1.87,32990,34998,1399-9-1
362,غچين,كشت‌ و صنعت‌ چين‌ چين,707,1065525,49159253780,47350,44990,44990,-2360,-4.98,46140,-1210,-2.56,44990,47990,1399-9-1
363,بايكا,كارخانجات كابلسازي ‌ايران‌,706,1125471,45123427940,38968,40129,40137,1169,3.0,40093,1125,2.89,38500,40137,1399-9-1
364,ددام,داروسازي زاگرس فارمد پارس,701,2028871,24918359670,12370,12680,11910,-460,-3.72,12330,-40,-0.32,11900,12790,1399-9-1
365,شلعاب,لعابيران‌,700,2466151,18522475450,7560,7340,7320,-240,-3.17,7540,-20,-0.26,7190,7890,1399-9-1
366,داوه,داروسازي آوه سينا,695,1724737,26144452417,14975,15720,14999,24,0.16,15070,95,0.63,14500,15720,1399-9-1
367,اوان,مبين وان كيش,684,1188411,71121015817,61927,63500,58831,-3096,-5.0,59845,-2082,-3.36,58831,63500,1399-9-1
368,سپ,پرداخت الكترونيك سامان كيش,680,1413698,19469684900,13720,14280,13440,-280,-2.04,13740,20,0.15,13110,14280,1399-9-1
369,مبين,مبين انرژي خليج فارس,671,5770612,124370908780,21220,22090,20340,-880,-4.15,21550,330,1.56,20200,22280,1399-9-1
370,شگل,گلتاش‌,667,2243798,52212725450,23070,24220,22250,-820,-3.55,23270,200,0.87,22200,24220,1399-9-1
371,بفجر,فجر انرژي خليج فارس,665,2139730,63672912580,29570,30950,28370,-1200,-4.06,29720,150,0.51,28100,30950,1399-9-1
372,شيراز,پتروشيمي‌شيراز,659,849001,46441259710,53940,56630,53000,-940,-1.74,54290,350,0.65,51400,56630,1399-9-1
373,چكاوه,صنايع‌كاغذسازي‌كاوه‌,650,1183128,34136557850,30010,30400,28510,-1500,-5.0,29190,-820,-2.73,28510,30400,1399-9-1
374,هجرت,پخش هجرت,650,1087440,62448485307,55054,57806,56150,1096,1.99,57427,2373,4.31,55190,57806,1399-9-1
375,پارسيان,بيمه پارسيان,650,3396310,39366969010,11590,12030,11520,-70,-0.6,11590,0,0.0,11140,12030,1399-9-1
376,دتماد,توليدمواداوليه‌داروپخش‌,648,3287311,156698041480,45400,47670,47670,2270,5.0,47670,2270,5.0,47000,47670,1399-9-1
377,لبوتان,گروه‌صنعتي‌بوتان‌,647,619357,37330390520,61530,64000,58460,-3070,-4.99,60570,-960,-1.56,58460,64000,1399-9-1
378,تايرا,تراكتورسازي‌ايران‌,634,8238639,193771258520,22410,23530,23530,1120,5.0,23520,1110,4.95,22520,23530,1399-9-1
379,شپارس,بين‌ المللي‌ محصولات‌  پارس‌,634,3417621,49313818480,14260,14780,14460,200,1.4,14420,160,1.12,14000,14780,1399-9-1
380,كپارس,كاشي‌ پارس‌,627,322904,48158868730,155180,156240,147430,-7750,-4.99,149140,-6040,-3.89,147430,156240,1399-9-1
381,ساراب,سيمان‌ داراب‌,627,2513841,27906880250,11030,11500,10890,-140,-1.27,11070,40,0.36,10850,11500,1399-9-1
382,لابسا,آبسال‌,622,964915,30157114970,31410,32480,30390,-1020,-3.25,31320,-90,-0.29,29840,32480,1399-9-1
383,فخاس,فولاد خراسان,621,937014,28106012870,31160,31100,29610,-1550,-4.97,30820,-340,-1.09,29610,31100,1399-9-1
384,سيدكو,سرمايه گذاري توسعه صنايع سيمان,621,5748212,40591958980,6740,7070,7070,330,4.9,6990,250,3.71,6860,7070,1399-9-1
385,سخزر,سيمان‌ خزر,617,2813393,65351595350,22150,23250,23190,1040,4.7,23230,1080,4.88,23000,23250,1399-9-1
386,دامين,داروسازي‌ امين‌,616,2202083,27152014900,12250,12790,12000,-250,-2.04,12290,40,0.33,11810,12790,1399-9-1
387,آساس,صندوق س.آسمان آرماني سهام-س,614,411778,67129901184,160536,164030,159800,-736,-0.46,163024,2488,1.55,158600,167890,1399-9-1
388,وكار,بانك‌ كارآفرين‌,607,7708908,29752501390,4010,4200,3820,-190,-4.74,3920,-90,-2.24,3810,4200,1399-9-1
389,كحافظ,كاشي‌ وسراميك‌ حافظ‌,600,2615584,56575081920,20600,21630,21630,1030,5.0,21630,1030,5.0,21630,21630,1399-9-1
390,شراز,پالايش نفت شيراز,596,420654,39581185381,94066,98759,89363,-4703,-5.0,94088,22,0.02,89363,98759,1399-9-1
391,كفرا,فراورده‌ هاي‌ نسوزايران‌,592,575061,29471723750,51570,50160,50000,-1570,-3.04,51380,-190,-0.37,49000,52940,1399-9-1
392,پسهند,صنايع‌ لاستيكي‌  سهند,581,1431172,61430730180,45140,44900,42890,-2250,-4.98,42920,-2220,-4.92,42890,44900,1399-9-1
393,لوتوس,تامين سرمايه لوتوس پارسيان,580,2893082,40721163790,13500,14140,13840,340,2.52,13950,450,3.33,13820,14170,1399-9-1
394,فرآور,فرآوري‌موادمعدني‌ايران‌,578,1935090,39861492020,20730,20100,20040,-690,-3.33,20630,-100,-0.48,20000,21690,1399-9-1
395,كشرق,صنعتي و معدني شمال شرق شاهرود,567,857809,59240273849,65932,69228,66500,568,0.86,69060,3128,4.74,65020,69228,1399-9-1
396,سغرب,سيمان‌غرب‌,566,1115577,19470475020,17480,18200,17450,-30,-0.17,17470,-10,-0.06,16610,18200,1399-9-1
397,شوينده,مديريت صنعت شوينده ت.ص.بهشهر,564,794914,30354392830,37040,38890,36500,-540,-1.46,37710,670,1.81,35500,38890,1399-9-1
398,واحصا,احياء صنايع خراسان,558,1497509,35104762361,22839,23980,23980,1141,5.0,23442,603,2.64,21810,23980,1399-9-1
399,دكپسول,توليد ژلاتين كپسول ايران,554,625627,20191662274,32626,33700,31600,-1026,-3.14,32482,-144,-0.44,31151,33700,1399-9-1
400,سلار,شركت سيمان لارستان,554,3623634,98678600565,27251,26434,28068,817,3.0,27232,-19,-0.07,26434,28068,1399-9-1
401,دسبحا,گروه دارويي سبحان,542,1623501,26895972620,16470,17150,16380,-90,-0.55,16520,50,0.3,16110,17290,1399-9-1
402,وهنر,گروه توسعه هنر ايران,541,7475985,29926510589,4119,4239,4052,-67,-1.63,4003,-116,-2.82,3996,4239,1399-9-1
403,زگلدشت,كشت و دام گلدشت نمونه اصفهان,540,573222,19302980859,32870,34450,33400,530,1.61,33173,303,0.92,32871,34450,1399-9-1
404,ولراز,ليزينگ رازي,533,1430645,40362614496,27746,28578,28578,832,3.0,28213,467,1.68,26914,28578,1399-9-1
405,خراسان,پتروشيمي خراسان,532,459325,31042196920,67650,69990,64670,-2980,-4.41,67610,-40,-0.06,64610,69990,1399-9-1
406,سجام,مجتمع سيمان غرب آسيا,524,3210196,45260938612,14035,14190,13751,-284,-2.02,14099,64,0.46,13660,14310,1399-9-1
407,كطبس,ذغال‌سنگ‌ نگين‌ ط‌بس‌,520,1426162,72406244740,48360,50770,50770,2410,4.98,50770,2410,4.98,50770,50770,1399-9-1
408,وتوشه,سرمايه‌ گذاري‌ پارس‌ توشه‌,514,11488808,232146500180,19260,20220,20220,960,4.98,20210,950,4.93,19300,20220,1399-9-1
409,ضخود1042,اختيارخ خودرو-3000-1399/10/07,508,14703,14328604000,1024,1070,899,-125,-12.21,975,-49,-4.79,806,1160,1399-9-1
410,وملل تبعي9912,اختيارف.تبعي ملل 991220,507,6460087,419905655,35,65,65,30,85.71,65,30,85.71,65,65,1399-9-1
411,دارا,صندوق س. دارا الگوريتم-د,504,15048227,150251619057,10114,9994,10000,-114,-1.13,9985,-129,-1.28,9955,10000,1399-9-1
412,سهگمت,سيمان‌هگمتان‌,504,1130872,24795613040,21870,22960,21200,-670,-3.06,21900,30,0.14,21000,22960,1399-9-1
413,تليسه,دامداري تليسه نمونه,497,10954684,66221064780,5496,6045,6045,549,9.99,6045,549,9.99,6045,6045,1399-9-1
414,سباقر,سيمان باقران,497,3138599,42632741535,13651,13950,13550,-101,-0.74,13583,-68,-0.5,13242,14060,1399-9-1
415,سفانو,سيمان فارس نو,497,818369,22716061000,27710,29080,26840,-870,-3.14,27730,20,0.07,26530,29080,1399-9-1
416,درازك,دارويي‌ رازك‌,497,1710552,63649639920,35440,37210,37210,1770,4.99,37210,1770,4.99,37210,37210,1399-9-1
417,كخاك,صنايع‌خاك‌چيني‌ايران‌,497,644120,28497508290,42510,44630,42800,290,0.68,43460,950,2.23,42510,44630,1399-9-1
418,ساينا,صنايع بهداشتي ساينا,478,227180,40578735969,177479,186250,180000,2521,1.42,178399,920,0.52,174000,186250,1399-9-1
419,زر,صندوق س.پشتوانه سكه طلاي زر,468,462780,24112625768,51020,51150,51610,590,1.16,52104,1084,2.12,51150,52490,1399-9-1
420,بهپاك,صنعتي بهپاك,465,2647064,83127051656,29928,31424,31424,1496,5.0,31403,1475,4.93,30110,31424,1399-9-1
421,سبهان,سيمان‌ بهبهان‌,452,328028,17173432800,51730,53690,52000,270,0.52,51940,210,0.41,50520,53690,1399-9-1
422,مداران,داده‌پردازي‌ايران‌,452,1125586,23481115910,21450,22470,20400,-1050,-4.9,21170,-280,-1.31,20380,22470,1399-9-1
423,شنفت,نفت‌ پارس‌,447,3047853,172281019630,53840,56530,56530,2690,5.0,56530,2690,5.0,55610,56530,1399-9-1
424,غبهنوش,بهنوش‌ ايران‌,445,578201,33773005020,55660,58440,58440,2780,4.99,57430,1770,3.18,57000,58440,1399-9-1
425,زماهان,مجتمع توليد گوشت مرغ ماهان,445,1317547,29435634938,21298,22349,22362,1064,5.0,21883,585,2.75,22100,22362,1399-9-1
426,گوهر,صندوق سكه طلاي كيان,439,394776,23610965756,58829,59900,58984,155,0.26,59809,980,1.67,58536,60400,1399-9-1
427,بميلا,توسعه بازرگاني آهن وفولادميلاد,437,4445819,94817565628,20710,21331,21331,621,3.0,21327,617,2.98,20215,21331,1399-9-1
428,وسنا,سرمايه گذاري نيروگاهي ايران,437,1576659,20789235084,13033,13500,12600,-433,-3.32,13186,153,1.17,12500,13550,1399-9-1
429,كروي,توسعه‌ معادن‌ روي‌ ايران‌,436,3670227,102032310600,26480,27800,27800,1320,4.98,27800,1320,4.98,27800,27800,1399-9-1
430,وسپه,سرمايه‌گذاري‌ سپه‌,429,5520339,76015068030,13120,13770,13770,650,4.95,13770,650,4.95,13770,13770,1399-9-1
431,ديران,ايران‌دارو,427,3025675,59272973250,18660,19590,19590,930,4.98,19590,930,4.98,19590,19590,1399-9-1
432,تپولا,مهندسي مرآت پولاد,416,1259287,32578188954,26408,26600,25616,-792,-3.0,25870,-538,-2.04,25616,26800,1399-9-1
433,كپرور,فرآوري زغال سنگ پروده طبس,415,559589,23493169410,42354,43564,41920,-434,-1.02,42178,-176,-0.42,41010,43564,1399-9-1
434,خلنت,لنت‌ ترمزايران‌,415,269600,21833612010,84310,80600,80100,-4210,-4.99,82800,-1510,-1.79,80100,85500,1399-9-1
435,وثنو,سرمايه گذاري ساختماني نوين,413,1853726,23760390946,13196,12915,12801,-395,-2.99,12818,-378,-2.86,12801,13397,1399-9-1
436,سكه0012پ01,سكه تمام بهارتحويلي 1روزه رفاه,408,128500,149792612100,1144931,1170000,1161001,16070,1.4,1165701,20770,1.81,1152660,1179990,1399-9-1
437,سكرما,سيمان‌ كرمان‌,407,1248092,17212036200,13530,14200,13460,-70,-0.52,13620,90,0.67,13400,14200,1399-9-1
438,فلات,گروه صنايع معادن فلات ايرانيان,396,4877000,72131863242,14368,14799,14799,431,3.0,14790,422,2.94,14000,14799,1399-9-1
439,مارون,پتروشيمي مارون,394,123784,15835136354,127575,128170,126250,-1325,-1.04,127630,55,0.04,126100,131280,1399-9-1
440,مفاخر,توسعه فناوري اطلاعات خوارزمي,394,806997,31239540772,40408,40700,38490,-1918,-4.75,39301,-1107,-2.74,38388,40700,1399-9-1
441,زكشت,كشاورزي مكانيزه اصفهان كشت,389,1291932,36791123781,27374,28740,28742,1368,5.0,28155,781,2.85,26880,28742,1399-9-1
442,فلامي,لاميران‌,389,826490,29373454600,33850,35540,35540,1690,4.99,34800,950,2.81,35540,35540,1399-9-1
443,دكيمي,كيميدارو,387,1117966,23825888110,20900,21000,21020,120,0.57,21090,190,0.91,20110,21920,1399-9-1
444,كاسپين,داروسازي كاسپين تامين,380,604393,15175407130,24410,25600,24010,-400,-1.64,24616,206,0.84,24000,25630,1399-9-1
445,شرنگي,شيميايي رنگين,380,224980,22545886036,98296,95348,101244,2948,3.0,100213,1917,1.95,95348,101244,1399-9-1
446,كي بي سي,شركت كي بي سي,380,863881,23234105865,26994,27880,26600,-394,-1.46,26948,-46,-0.17,26000,27880,1399-9-1
447,خصدرا,صنعتي‌ دريايي‌ ايران‌,379,2375514,12146003082,5271,5113,5113,-158,-3.0,5235,-36,-0.68,5113,5113,1399-9-1
448,وبرق,س.کارکنان صنعت برق زنجان وقزوي,376,349172,56378929842,159697,159300,164487,4790,3.0,161465,1768,1.11,159300,164487,1399-9-1
449,لپارس,پارس‌ الكتريك‌,370,207082,27695146680,140770,133740,133740,-7030,-4.99,136670,-4100,-2.91,133740,133740,1399-9-1
450,بالبر,كابل‌ البرز,368,950259,21342780940,22780,23850,21800,-980,-4.3,22640,-140,-0.61,21700,23850,1399-9-1
451,ولانا,شركت ليزينگ آريا دانا,362,846584,16659624941,20258,19990,19651,-607,-3.0,19761,-497,-2.45,19651,20000,1399-9-1
452,دلر,داروسازي‌ اكسير,361,276895,27597058900,101370,101650,98000,-3370,-3.32,100410,-960,-0.95,97720,105000,1399-9-1
453,داسوه,داروسازي‌ اسوه‌,355,1017585,26206005880,24710,25770,25940,1230,4.98,25230,520,2.1,24710,25940,1399-9-1
454,ضصاد1102,اختيارخ وبصادر-3500-1399/11/12,355,10828,4714998000,413,420,400,-13,-3.15,435,22,5.33,389,467,1399-9-1
455,كسرا,سراميك‌هاي‌صنعتي‌اردكان‌,352,1722080,36697524800,20300,21310,21310,1010,4.98,21010,710,3.5,21310,21310,1399-9-1
456,حخزر,كشتيراني درياي خزر,347,3793463,84846485276,21326,22392,22392,1066,5.0,22366,1040,4.88,20330,22392,1399-9-1
457,شتولي,تولي‌پرس‌,346,2186159,49238261764,22817,22361,23273,456,2.0,22523,-294,-1.29,22361,23273,1399-9-1
458,سرود,سيمان‌شاهرود,345,1303986,17781367810,13400,13750,13250,-150,-1.12,13480,80,0.6,13130,14050,1399-9-1
459,تسه9906,امتياز تسهيلات مسكن شهريور99,337,9373,7548014584,814285,782011,789236,-25049,-3.08,805293,-8992,-1.1,781111,820000,1399-9-1
460,پاسا,ايران‌ياساتايرورابر,337,3801701,90670568850,22720,23850,23850,1130,4.97,23850,1130,4.97,23850,23850,1399-9-1
461,دجابر,داروسازي‌ جابرابن‌حيان‌,336,548577,19034230990,34240,35920,33270,-970,-2.83,34410,170,0.5,33010,35950,1399-9-1
462,كخاكح,ح . صنايع‌خاك‌چيني‌ايران‌,328,647541,25190036420,38270,40000,37600,-670,-1.75,38900,630,1.65,37000,40000,1399-9-1
463,ضسپا1103,اختيارخ خساپا-2500-1399/11/26,322,10249,7455483000,841,970,650,-191,-22.71,727,-114,-13.56,600,970,1399-9-1
464,شفارس,صنايع‌ شيميايي‌ فارس‌,320,1373362,60166989220,41730,43810,43810,2080,4.98,43810,2080,4.98,43810,43810,1399-9-1
465,صايند,صندوق س. گنجينه آينده روشن-د,319,14957720,149567518510,10000,9974,9999,-1,-0.01,9999,-1,-0.01,9974,10006,1399-9-1
466,كسرام,پارس‌ سرام‌,313,3433631,23829399140,6610,6940,6940,330,4.99,6760,150,2.27,6940,6940,1399-9-1
467,وپخش,داروپخش‌ (هلدينگ‌,306,284895,34648692550,116040,121800,118890,2850,2.46,119730,3690,3.18,112830,121840,1399-9-1
468,كساپا,سايپاشيشه‌,304,1085941,26735867420,23450,24620,24620,1170,4.99,24050,600,2.56,24620,24620,1399-9-1
469,شزنگ,تجهيزنيروي‌زنگان‌,297,179962,24031054752,127251,133613,133613,6362,5.0,133534,6283,4.94,128500,133613,1399-9-1
470,سصوفي,سيمان‌ صوفيان‌,289,1743381,22873158720,12500,13120,13120,620,4.96,12770,270,2.16,13120,13120,1399-9-1
471,زپارس,ملي كشت و صنعت و دامپروري پارس,287,620868,39763079710,61050,64100,63890,2840,4.65,63320,2270,3.72,61710,64100,1399-9-1
472,قزوين,كارخانجات‌ قند قزوين‌,284,2805890,127780230600,43380,45540,45540,2160,4.98,45540,2160,4.98,45540,45540,1399-9-1
473,فيروزا,صندوق بادرآمد ثابت فيروزه آسيا,284,8484477,179816132887,21123,21087,21204,81,0.38,21194,71,0.34,21040,21230,1399-9-1
474,ضخود1043,اختيارخ خودرو-3500-1399/10/07,284,9383,6691123000,684,840,598,-86,-12.57,713,29,4.24,553,840,1399-9-1
475,پرداخت,به پرداخت ملت,281,395899,16875904320,42420,43490,42550,130,0.31,42490,70,0.17,42000,43890,1399-9-1
476,ثجوان,تامين مسكن جوانان,280,1515280,9684192210,6560,6740,6233,-327,-4.98,6476,-84,-1.28,6232,6740,1399-9-1
477,الماس,صندوق س.امين تدبيرگران فردا-س,269,121900,13927711650,117757,116000,108200,-9557,-8.12,114255,-3502,-2.97,108000,119922,1399-9-1
478,سفار,سيمان‌فارس‌,269,177286,14814188930,87560,83190,83190,-4370,-4.99,86320,-1240,-1.42,83190,86500,1399-9-1
479,تسه9902,امتياز تسهيلات مسكن ارديبهشت99,267,5342,4268457360,810815,820000,774000,-36815,-4.54,799037,-11778,-1.45,770275,820000,1399-9-1
480,وسلرستا,شركت س استان لرستان,266,7470790,6807367090,900,910,910,10,1.11,900,0,0.0,900,920,1399-9-1
481,دپارس,پارس‌ دارو,264,164951,18743416800,114740,116500,111100,-3640,-3.17,114320,-420,-0.37,109300,116990,1399-9-1
482,دارو,كارخانجات‌داروپخش‌,257,231552,12046334950,52150,53920,51500,-650,-1.25,52120,-30,-0.06,51100,53920,1399-9-1
483,وسرمد,بيمه  سرمد,257,4120558,23699010647,5618,5749,5786,168,2.99,5751,133,2.37,5623,5786,1399-9-1
484,قهكمت,قندهكمتان‌,253,959355,43498904940,43200,45360,45360,2160,5.0,44980,1780,4.12,43510,45360,1399-9-1
485,سفاسي,شركت فارسيت اهواز,248,2340760,23988108480,10564,10248,10248,-316,-2.99,10248,-316,-2.99,10248,10248,1399-9-1
486,تشتاد,صنايع توليدي اشتاد ايران‌,247,335377,5041650667,15407,15800,14945,-462,-3.0,15310,-97,-0.63,14945,15800,1399-9-1
487,بمپنا,توليد برق عسلويه  مپنا,246,81605,7304669689,90012,94510,86006,-4006,-4.45,89939,-73,-0.08,85800,94510,1399-9-1
488,دسبحان,سبحان دارو,245,696706,13174710460,18010,18910,18910,900,5.0,18240,230,1.28,18910,18910,1399-9-1
489,زنگان,صنعت روي زنگان,242,215617,21143403020,103221,98060,98060,-5161,-5.0,100924,-2297,-2.23,98060,98060,1399-9-1
490,سامان,بانك سامان,241,5199190,47666173920,8732,9168,9168,436,4.99,9168,436,4.99,9168,9168,1399-9-1
491,دفرا,فرآورده‌هاي‌ تزريقي‌ ايران‌,232,358539,8034608110,23010,22020,22750,-260,-1.13,22910,-100,-0.43,22000,23540,1399-9-1
492,بذر,صندوق س بذر اميد آفرين-سهام,231,93988,10196628300,107350,108000,105000,-2350,-2.19,108490,1140,1.06,105000,116900,1399-9-1
493,تسه9904,امتياز تسهيلات مسكن تير99,230,3248,2624315884,814396,779398,820000,5604,0.69,807979,-6417,-0.79,779398,855115,1399-9-1
494,دسينا,داروسازي‌ سينا,230,454909,11409606260,25030,25000,24600,-430,-1.72,25040,10,0.04,24550,25490,1399-9-1
495,آكورد,صندوق س. آرمان آتي كوثر-د,229,3966800,116762160843,29394,29368,29437,43,0.15,29435,41,0.14,25000,29442,1399-9-1
496,وسناح,ح. سرمايه گذاري نيروگاهي ايران,227,1122732,11555434164,10012,10312,10199,187,1.87,10292,280,2.8,9724,10312,1399-9-1
497,غمهراح,ح . توليدي‌مهرام‌,225,129958,5788130100,43890,46400,42000,-1890,-4.31,44540,650,1.48,42000,47200,1399-9-1
498,وكادو,تكادو,219,1749354,29373403014,16302,16791,16791,489,3.0,16791,489,3.0,16791,16791,1399-9-1
499,دشيري,شيرين دارو,216,185130,29185715540,165799,157510,157510,-8289,-5.0,157650,-8149,-4.91,157510,163880,1399-9-1
500,وثخوز,سرمايه گذاري و توسعه خوزستان,216,407517,13481958428,32335,33300,32662,327,1.01,32828,493,1.52,32410,33305,1399-9-1
501,اتكاي,بيمه اتكايي ايرانيان,215,1217429,15122602891,12415,12406,12498,83,0.67,12417,2,0.02,12046,12559,1399-9-1
502,دروز,داروسازي‌ روزدارو,213,689510,11215882290,17090,17090,16240,-850,-4.97,16900,-190,-1.11,16240,17090,1399-9-1
503,ضخود1048,اختيارخ خودرو-7000-1399/10/07,212,10372,469454000,55,70,39,-16,-29.09,45,-10,-18.18,36,80,1399-9-1
504,فولاي,صنايع فولاد آلياژي يزد,211,755602,24390213362,51311,48746,32000,-19311,-37.64,36553,-14758,-28.76,32000,48746,1399-9-1
505,غالبرح,ح . لبنيات ‌كالبر,211,5616083,96877431750,232,17250,17250,17018,7335.34,17250,17018,7335.34,17250,17250,1399-9-1
506,آبين,كشت و صنعت آبشيرين,209,5578453,17739480540,3088,3180,3180,92,2.98,3167,79,2.56,3180,3180,1399-9-1
507,ثاصفا,شركت‌ ساختمان‌ اصفهان‌,207,674590,19110460110,26980,28329,28329,1349,5.0,28208,1228,4.55,28329,28329,1399-9-1
508,سبجنو,سيمان‌ بجنورد,207,317793,9824422360,30550,32070,29310,-1240,-4.06,30620,70,0.23,29200,32070,1399-9-1
509,قپيرا,فرآورده‌هاي‌غدايي‌وقندپيرانشهر,205,66995,5896560720,88940,85670,86270,-2670,-3.0,88830,-110,-0.12,85410,91490,1399-9-1
510,تسه9903,امتياز تسهيلات مسكن خرداد99,205,4577,3671908195,819760,800088,778772,-40988,-5.0,802252,-17508,-2.14,778772,819999,1399-9-1
511,ياقوت,صندوق س ياقوت آگاه-ثابت,203,4545893,51391273969,11296,11311,11290,-6,-0.05,11305,9,0.08,11290,11340,1399-9-1
512,سكارون,سيمان كارون,203,229524,28113086137,119270,122848,122848,3578,3.0,122484,3214,2.69,116450,122848,1399-9-1
513,تسه9905,امتياز تسهيلات مسكن مرداد99,202,1974,1585330283,815195,790000,800000,-15195,-1.86,803105,-12090,-1.48,780001,840000,1399-9-1
514,گپارس,امور رفاهي كارگزاران پارس,199,168861,21967269840,133301,136587,129302,-3999,-3.0,130091,-3210,-2.41,129302,136587,1399-9-1
515,كگهر,سنگ آهن گهرزمين,197,379168,16183269408,40649,42681,42681,2032,5.0,40910,261,0.64,42681,42681,1399-9-1
516,سخاش,سيمان‌خاش‌,196,109591,9037969770,78550,82470,82470,3920,4.99,79220,670,0.85,82470,82470,1399-9-1
517,سكه9912پ04,سكه تمام بهارتحويل1روزه صادرات,191,52000,60567068900,1139372,1174981,1162000,22628,1.99,1164751,25379,2.23,1157000,1174981,1399-9-1
518,شاملا,معدني‌ املاح‌  ايران‌,190,124690,7688560670,63450,65800,61970,-1480,-2.33,63170,-280,-0.44,60280,65800,1399-9-1
519,ضخود1045,اختيارخ خودرو-4500-1399/10/07,185,8862,2424483000,254,294,235,-19,-7.48,274,20,7.87,208,305,1399-9-1
520,دالبر,البرزدارو,184,768024,15690730320,19460,20430,20430,970,4.98,19750,290,1.49,20430,20430,1399-9-1
521,شجم,صنايع پتروشيمي تخت جمشيد,183,2270734,17530066480,7496,7720,7720,224,2.99,7687,191,2.55,7720,7720,1399-9-1
522,وتعاون,بيمه  تعاون,182,1394908,8503089586,6087,6251,6100,13,0.21,6091,4,0.07,6004,6251,1399-9-1
523,ضپاس1002,اختيارخ وپارس-3000-1399/10/30,178,4936,3545297000,684,864,650,-34,-4.97,718,34,4.97,580,864,1399-9-1
524,سيستم,همكاران سيستم,178,294864,8574900990,29010,29510,29020,10,0.03,29020,10,0.03,28660,29510,1399-9-1
525,سقاين,سيمان‌ قائن‌,178,153499,6129096540,39310,41190,39620,310,0.79,39380,70,0.18,38620,41190,1399-9-1
526,تسه9810,امتياز تسهيلات مسكن دي98,172,3974,3164694784,807826,785121,802000,-5826,-0.72,796350,-11476,-1.42,767435,829000,1399-9-1
527,فسرب,ملي‌ سرب‌وروي‌ ايران‌,172,831909,116791704510,133710,140390,140390,6680,5.0,140390,6680,5.0,140390,140390,1399-9-1
528,وسكرد,شركت س استان كردستان,171,6390721,5756957710,900,870,910,10,1.11,900,0,0.0,870,930,1399-9-1
529,قشهد,شهد,168,203920,5806519890,29200,29490,28500,-700,-2.4,29110,-90,-0.31,27800,29490,1399-9-1
530,وتوكا,سرمايه‌گذاري‌توكافولاد(هلدينگ,164,1483986,14468863500,9290,9750,9750,460,4.95,9420,130,1.4,9750,9750,1399-9-1
531,وسگيلا,شركت س استان گيلان,162,3481660,3252374000,900,940,930,30,3.33,900,0,0.0,910,940,1399-9-1
532,سپاس,صندوق س. پاداش سهامداري توسعه1,161,4361854,44006472074,10074,10089,10089,15,0.15,10089,15,0.15,10088,10095,1399-9-1
533,پكويرح,ح. كوير تاير,158,3333897,50270416730,14540,15500,14540,0,0.0,15080,540,3.71,14540,15540,1399-9-1
534,ضغدر1119,اختيارخ وغدير-10000-1399/11/26,157,2952,11060031000,3489,4499,3500,11,0.32,3747,258,7.39,3333,4500,1399-9-1
535,كفپارس,فرآورده‌هاي‌ نسوز پارس‌,151,721023,6330581940,9240,8780,8780,-460,-4.98,9180,-60,-0.65,8780,8780,1399-9-1
536,قشكر,شكرشاهرود,146,728371,27597977190,36090,37890,37890,1800,4.99,37040,950,2.63,37890,37890,1399-9-1
537,ضجار1014,اختيارخ وتجارت-3000-1399/10/21,143,5045,2969601000,518,780,590,72,13.9,589,71,13.71,534,780,1399-9-1
538,شكبير,پتروشيمي اميركبير,141,127647,6955346667,55483,53935,53860,-1623,-2.93,55395,-88,-0.16,53819,56320,1399-9-1
539,تسه9710,امتياز تسهيلات مسكن دي 97,136,3009,2363869870,813004,801000,772354,-40650,-5.0,785600,-27404,-3.37,772354,804999,1399-9-1
540,وسهمدا,شركت س استان همدان,135,2588508,2387868700,900,940,930,30,3.33,900,0,0.0,910,940,1399-9-1
541,بكاب,صنايع‌جوشكاب‌يزد,132,125491,29832975430,226410,237730,237730,11320,5.0,232840,6430,2.84,237730,237730,1399-9-1
542,تكشا,گسترش‌صنايع‌وخدمات‌كشاورزي‌,128,194549,13661230780,66880,70220,70220,3340,4.99,67750,870,1.3,70220,70220,1399-9-1
543,تسه9901,امتياز تسهيلات مسكن فروردين99,128,1867,1485614675,808342,780411,785112,-23230,-2.87,795723,-12619,-1.56,767925,848750,1399-9-1
544,وملي,گروه‌ صنعتي‌ ملي‌ (هلدينگ‌,124,29706,10283623080,364400,346180,346180,-18220,-5.0,360460,-3940,-1.08,346180,346180,1399-9-1
545,تسه9709,امتياز تسهيلات مسكن آذر97,122,2522,1933963681,797605,773000,757725,-39880,-5.0,766837,-30768,-3.86,757725,799998,1399-9-1
546,ثقزوي,شركت عمران و سازندگي قزوين,121,685130,19122663430,28774,27911,27911,-863,-3.0,27923,-851,-2.96,27911,27911,1399-9-1
547,تشتادح,ح.صنايع توليدي اشتاد ايران‌,120,3202040,33664265601,10497,10980,10600,103,0.98,10513,16,0.15,10200,11126,1399-9-1
548,سكه0011پ02,سكه تمام بهارتحويلي 1روزه ملت,120,32300,37635006300,1140760,1154904,1161000,20240,1.77,1165170,24410,2.14,1154904,1173000,1399-9-1
549,غشاذر,پگاه‌آذربايجان‌غربي‌,119,201012,3770985120,19740,18760,18760,-980,-4.96,19660,-80,-0.41,18760,18760,1399-9-1
550,فنفت,صنايع تجهيزات نفت,119,343707,4533738361,13576,13780,13169,-407,-3.0,13486,-90,-0.66,13169,13780,1399-9-1
551,تسه9712,امتياز تسهيلات مسكن اسفند97,115,1961,1553207394,811409,790010,772010,-39399,-4.86,792049,-19360,-2.39,770839,810000,1399-9-1
552,وآفري,بيمه كارآفرين,115,421637,5964733538,14053,13750,14100,47,0.33,14081,28,0.2,13750,14280,1399-9-1
553,سنوين,سرمايه گذاري اقتصاد نوين,115,710477,6258967139,8709,8882,8881,172,1.97,8771,62,0.71,8795,8882,1399-9-1
554,ضپاس1003,اختيارخ وپارس-3500-1399/10/30,114,2683,1330425000,449,400,448,-1,-0.22,496,47,10.47,400,550,1399-9-1
555,زعف0008پ11,زعفران0008نگين سحرخيز(پ),113,286041,36407062918,121184,127327,127327,6143,5.07,127279,6095,5.03,125000,127327,1399-9-1
556,ارمغان,ص سرمايه گذاري ارمغان ايرانيان,113,3516538,35613589041,10104,10110,10120,16,0.16,10127,23,0.23,10109,10187,1399-9-1
557,تسه9711,امتياز تسهيلات مسكن بهمن 97,112,2220,1752429382,807799,772000,770011,-37788,-4.68,789383,-18416,-2.28,767411,813898,1399-9-1
558,سپر,صندوق س سپر سرمايه بيدار- ثابت,110,442822,4585223055,10337,10320,10344,7,0.07,10355,18,0.17,10320,10440,1399-9-1
559,بموتو,موتوژن‌,109,550563,23844883530,41250,43310,43310,2060,4.99,42190,940,2.28,43310,43310,1399-9-1
560,كيان2,صندوق س. با درآمد ثابت كيان,109,10900000,10900000,25961,1,1,-25960,-100.0,1,-25960,-100.0,1,1,1399-9-1
561,كساوه,صنايع‌ كاشي‌ و سراميك‌ سينا,108,1367759,98261041420,68670,72000,69120,450,0.66,71840,3170,4.62,69100,72000,1399-9-1
562,تسه9812,امتياز تسهيلات مسكن اسفند98,104,1274,1014918190,810333,780000,800000,-10333,-1.28,796639,-13694,-1.69,771000,814989,1399-9-1
563,آسام,صندوق س.آرمان سپهر آشنا-م,102,86450,8727097990,102412,103000,100010,-2402,-2.35,100950,-1462,-1.43,99010,104000,1399-9-1
564,غمهرا,توليدي‌مهرام‌,102,65313,3079197310,48330,46200,46200,-2130,-4.41,48260,-70,-0.14,46200,48330,1399-9-1
565,ضملي1152,اختيارخ فملي-18252-1399/11/05,102,2496,2004854000,817,824,750,-67,-8.2,803,-14,-1.71,726,999,1399-9-1
566,ضصاد1100,اختيارخ وبصادر-2500-1399/11/12,99,1977,1948007000,1003,952,931,-72,-7.18,985,-18,-1.79,900,1110,1399-9-1
567,ضصاد1101,اختيارخ وبصادر-3000-1399/11/12,92,2859,1878468000,680,600,599,-81,-11.91,657,-23,-3.38,534,744,1399-9-1
568,صنوين,صندوق سرمايه‌گذاري صنوين-مختلط,92,46299,4769957960,103500,104900,103000,-500,-0.48,103030,-470,-0.45,102010,104900,1399-9-1
569,وساغربي,شركت س استان آذربايجان غربي,92,1727611,1601419110,900,920,910,10,1.11,900,0,0.0,910,940,1399-9-1
570,اخزا815,اسنادخزانه-م15بودجه98-010406,89,128476,94634404935,738013,735000,737000,-1013,-0.14,736592,-1421,-0.19,731000,739000,1399-9-1
571,ضچاد1014,اختيارخ كچاد-14000-1399/10/02,87,833,4854821000,4247,4999,6490,2243,52.81,5828,1581,37.23,4300,6490,1399-9-1
572,وملت,سرمايه گذاري ملت,86,574589,2620700429,4654,4561,4561,-93,-2.0,4629,-25,-0.54,4561,4561,1399-9-1
573,غدشت,دشت‌ مرغاب‌,86,124338,32404969560,274330,260620,260620,-13710,-5.0,264980,-9350,-3.41,260620,260620,1399-9-1
574,ضخود1046,اختيارخ خودرو-5000-1399/10/07,84,2658,527006000,175,249,180,5,2.86,198,23,13.14,166,249,1399-9-1
575,ضفار1125,اختيارخ فارس-17826-1399/11/07,83,2500,2579382000,528,569,500,-28,-5.3,516,-12,-2.27,480,570,1399-9-1
576,وسيستا,شركت س استان سيستان وبلوچستان,83,2084452,1959384880,900,940,940,40,4.44,900,0,0.0,940,940,1399-9-1
577,ضخود1041,اختيارخ خودرو-2500-1399/10/07,82,1490,1796752000,1476,1396,1190,-286,-19.38,1206,-270,-18.29,1010,1611,1399-9-1
578,ضچاد1015,اختيارخ كچاد-16000-1399/10/02,82,1277,5380569000,2724,3600,4500,1776,65.2,4213,1489,54.66,3600,4750,1399-9-1
579,كاذر,فرآورده‌هاي‌نسوزآذر,81,590555,10795345400,19240,18280,18280,-960,-4.99,19020,-220,-1.14,18280,18280,1399-9-1
580,لپيام,گسترش صنايع پيام,81,680368,18152898608,27506,26681,26681,-825,-3.0,26734,-772,-2.81,26681,26681,1399-9-1
581,تسه9801,امتياز تسهيلات مسكن فروردين98,78,999,783375943,800978,775680,800000,-978,-0.12,784160,-16818,-2.1,760930,800000,1399-9-1
582,ضملي1148,اختيارخ فملي-10140-1399/11/05,75,521,4294223000,7240,7499,7400,160,2.21,8242,1002,13.84,7001,8999,1399-9-1
583,اخزا814,اسنادخزانه-م14بودجه98-010318,74,131879,99037357408,752986,745166,750000,-2986,-0.4,750971,-2015,-0.27,745166,753990,1399-9-1
584,تسه9811,امتياز تسهيلات مسكن بهمن98,74,792,623320897,814697,774226,774210,-40487,-4.97,787021,-27676,-3.4,773963,809990,1399-9-1
585,بزاگرس,نيروگاه زاگرس كوثر,74,194237,2614041546,14166,13458,13458,-708,-5.0,14127,-39,-0.28,13458,13458,1399-9-1
586,گكيش,توريستي ورفاهي آبادگران كيش,73,70043,4433301642,65251,63294,63294,-1957,-3.0,64804,-447,-0.69,63294,63294,1399-9-1
587,تسه9803,امتياز تسهيلات مسكن خرداد98,73,640,516822249,798319,800000,800000,1681,0.21,807535,9216,1.15,775000,838234,1399-9-1
588,شساخت,مهندسي و ساختمان صنايع نفت,73,78854,2905533338,37986,36847,36847,-1139,-3.0,37897,-89,-0.23,36847,36847,1399-9-1
589,شكف,كف,69,199555,14499466745,74141,72659,72659,-1482,-2.0,72659,-1482,-2.0,72659,72659,1399-9-1
590,هترول911,اختيارف ت پترول-14730-99/11/15,68,500000,188000000,874,376,376,-498,-56.98,376,-498,-56.98,376,376,1399-9-1
591,سمتاز,سيمان ممتازان كرمان,66,194247,4187028154,22204,21750,21538,-666,-3.0,22064,-140,-0.63,21538,21780,1399-9-1
592,تسه9809,امتياز تسهيلات مسكن آذر98,66,1098,885372551,809114,800000,820000,10886,1.35,806350,-2764,-0.34,772000,820000,1399-9-1
593,سدشت,صنايع سيمان دشتستان,65,93077,3506327030,38110,38050,37100,-1010,-2.65,38080,-30,-0.08,36410,38080,1399-9-1
594,آساميد,صندوق س.مشترك آسمان اميد -د,63,2040830,22493028155,11010,11010,11022,12,0.11,11022,12,0.11,11010,11031,1399-9-1
595,اخزا808,اسنادخزانه-م8بودجه98-000817,63,80555,68227014815,847818,844901,846700,-1118,-0.13,846962,-856,-0.1,844901,848000,1399-9-1
596,وارس,سرمايه گذاري ارس صبا,61,40346,3219247686,77467,79791,79791,2324,3.0,77830,363,0.47,79791,79791,1399-9-1
597,اخزا809,اسنادخزانه-م9بودجه98-000923,59,141736,117585353644,826236,826236,830000,3764,0.46,829608,3372,0.41,820000,831999,1399-9-1
598,ضشنا1035,اختيارخ شپنا-14000-1399/10/23,59,594,3165853000,4582,5100,4900,318,6.94,5330,748,16.32,4850,5790,1399-9-1
599,تصميم,صندوق س با درآمد ثابت تصميم,58,657243,9818633971,14885,14980,14950,65,0.44,14939,54,0.36,14900,14980,1399-9-1
600,ثپرديس,سرمايه گذاري مسكن پرديس,57,283341,3020981742,11223,10662,10662,-561,-5.0,11187,-36,-0.32,10662,10662,1399-9-1
601,تسه9802,امتياز تسهيلات مسكن ارديبهشت98,57,514,408125434,806129,770011,792000,-14129,-1.75,794018,-12111,-1.5,770011,828000,1399-9-1
602,ضپاس1001,اختيارخ وپارس-2500-1399/10/30,57,1295,1448290000,1043,1085,1000,-43,-4.12,1118,75,7.19,900,1193,1399-9-1
603,نمرينو,ايران‌ مرينوس‌,57,28362,1521763130,56220,53410,53410,-2810,-5.0,56140,-80,-0.14,53410,54460,1399-9-1
604,ضخود1040,اختيارخ خودرو-2000-1399/10/07,56,428,852826000,1951,1900,1797,-154,-7.89,1993,42,2.15,1619,2098,1399-9-1
605,شستا991,اجاره تامين اجتماعي-امين991226,56,4068,4073109079,997901,1010000,1009997,12096,1.21,1001256,3355,0.34,990100,1010000,1399-9-1
606,ثروتم,صندوق س. ثروت آفرين پارسيان-س,56,27800,2580333180,92873,94490,92010,-863,-0.93,92818,-55,-0.06,92000,94490,1399-9-1
607,افران,صندوق س افرا نماد پايدار-ثابت,55,844313,10196974399,12049,12082,12081,32,0.27,12077,28,0.23,12069,12093,1399-9-1
608,تسه9808,امتياز تسهيلات مسكن آبان98,55,493,390647936,812734,772333,778000,-34734,-4.27,792389,-20345,-2.5,772333,800000,1399-9-1
609,آرمان,بيمه آرمان,53,2328144,19521487440,8141,8385,8385,244,3.0,8372,231,2.84,8385,8385,1399-9-1
610,تسه9807,امتياز تسهيلات مسكن مهر98,52,506,404157128,813518,772900,787000,-26518,-3.26,798729,-14789,-1.82,772900,854193,1399-9-1
611,شفارا,پتروشيمي فارابي,52,1169328,5979943392,5272,5114,5114,-158,-3.0,5223,-49,-0.93,5114,5114,1399-9-1
612,هفارس912,اختيارف ت فارس-14576-99/12/13,52,168579,135537516,1283,804,804,-479,-37.33,804,-479,-37.33,804,804,1399-9-1
613,كيسون,شركت كيسون,52,182452,3237793192,18679,17746,17746,-933,-4.99,18595,-84,-0.45,17746,17746,1399-9-1
614,اوصتا,صندوق انديشه ورزان صباتامين -د,51,742145,12662042730,17033,17025,17090,57,0.33,17061,28,0.16,16980,17094,1399-9-1
615,سكه0112پ03,سكه تمام بهارتحويلي1روزه سامان,50,10500,12260046900,1143188,1160001,1161000,17812,1.56,1167623,24435,2.14,1160000,1172000,1399-9-1
616,آكورد2,صندوق س. آرمان آتي كوثر-د,50,5000000,5000000,29394,1,1,-29393,-100.0,1,-29393,-100.0,1,1,1399-9-1
617,كصدف,كاشي صدف سرام استقلال آباده,50,240328,4588822832,18538,19094,19094,556,3.0,18662,124,0.67,19094,19094,1399-9-1
618,اخزا818,اسنادخزانه-م18بودجه98-010614,49,83680,59298055266,708547,708002,707674,-873,-0.12,708629,82,0.01,707674,710000,1399-9-1
619,كهرام,توليدي گرانيت بهسرام,48,118258,7516951512,61713,63564,63564,1851,3.0,62388,675,1.09,63564,63564,1399-9-1
620,تسه9806,امتياز تسهيلات مسكن شهريور98,48,722,576888971,810230,770000,800000,-10230,-1.26,799015,-11215,-1.38,770000,810000,1399-9-1
621,خعمرا,توسعه و عمران شهرستان نائين,46,144481,2461667278,16542,17038,17038,496,3.0,16601,59,0.36,17038,17038,1399-9-1
622,سخند,صندوق س.سپهرخبرگان نفت-د,46,252750,2534912560,10055,10050,10070,15,0.15,10029,-26,-0.26,10020,10078,1399-9-1
623,زعف0008پ05,زعفران0008نگين زرين(پ),43,45914,5842729798,121273,127327,127327,6054,4.99,127254,5981,4.93,126003,127327,1399-9-1
624,اخزا902,اسنادخزانه-م2بودجه99-011019,42,158783,104697515523,657996,658000,661450,3454,0.52,659375,1379,0.21,658000,662000,1399-9-1
625,پلاسك,پلاسكوكار,42,130386,1052215020,8490,8070,8070,-420,-4.95,8480,-10,-0.12,8070,8070,1399-9-1
626,اخزا806,اسنادخزانه-م6بودجه98-000519,41,78855,69483361022,881546,880000,884000,2454,0.28,881153,-393,-0.04,875026,884000,1399-9-1
627,فاهواز,نورد و لوله اهواز,41,47767,927587373,19815,19419,19419,-396,-2.0,19807,-8,-0.04,19419,19419,1399-9-1
628,ضسپا1102,اختيارخ خساپا-2000-1399/11/26,41,1412,1612901000,1052,1250,940,-112,-10.65,1142,90,8.56,940,1250,1399-9-1
629,تكنار,مجتمع معادن مس تكنار,40,27891,2450252241,90568,87851,87851,-2717,-3.0,90225,-343,-0.38,87851,87851,1399-9-1
630,اخزا817,اسنادخزانه-م17بودجه98-010512,37,70617,50873612610,720075,718110,722000,1925,0.27,720416,341,0.05,718110,722000,1399-9-1
631,دقاضي,داروسازي شهيد قاضي,37,8662,732751755,86605,87999,84007,-2598,-3.0,86530,-75,-0.09,84007,87999,1399-9-1
632,كابگن,توليدي و صنعتي آبگينه‌,37,145136,713778848,4870,4918,4918,48,0.99,4877,7,0.14,4918,4918,1399-9-1
633,ضچاد1016,اختيارخ كچاد-18000-1399/10/02,36,406,1236741000,1867,2301,2880,1013,54.26,3046,1179,63.15,2301,4000,1399-9-1
634,ضپيك1020,اختيارخ تاپيكو-14000-99/10/16,36,209,690044000,3100,4200,2500,-600,-19.35,3302,202,6.52,2304,4200,1399-9-1
635,بسويچ,پارس‌سويچ‌,36,25155,1018022850,42600,40470,40470,-2130,-5.0,42550,-50,-0.12,40470,40470,1399-9-1
636,ضترا1118,اختيارخ شتران-12000-1399/11/14,35,554,1865964000,3048,3003,2700,-348,-11.42,3368,320,10.5,2700,3590,1399-9-1
637,پارتا,مجتمع‌صنعتي‌آرتاويل‌تاير,35,14622,890494227,62216,61980,60121,-2095,-3.37,62176,-40,-0.06,60121,61980,1399-9-1
638,خكار,ايركا پارت صنعت,34,59308,1798218560,31910,30320,30320,-1590,-4.98,31850,-60,-0.19,30320,30320,1399-9-1
639,سيلام,سيمان‌ ايلام‌,34,62088,624605280,10580,10060,10060,-520,-4.91,10570,-10,-0.09,10060,10060,1399-9-1
640,غپآذر,شير پگاه آذربايجان شرقي,33,29814,1553458470,54847,52105,52105,-2742,-5.0,54757,-90,-0.16,52105,52105,1399-9-1
641,ضملت1127,اختيارخ وبملت-5000-1399/11/28,33,473,640799000,902,1115,1290,388,43.02,1355,453,50.22,1000,1500,1399-9-1
642,فنوال,نورد آلومينيوم‌,33,52049,1681182700,34000,32300,32300,-1700,-5.0,33940,-60,-0.18,32300,32300,1399-9-1
643,گنجين,صندوق س. گنجينه يكم آويد-د,33,480927,5607033620,11545,11655,11670,125,1.08,11659,114,0.99,11655,11677,1399-9-1
644,اخزا903,اسنادخزانه-م3بودجه99-011110,32,103236,67569432518,651789,647139,656000,4211,0.65,654514,2725,0.42,647139,656000,1399-9-1
645,سمايه,بانك سرمايه,32,110782,996705654,9470,8997,8997,-473,-4.99,9445,-25,-0.26,8997,8997,1399-9-1
646,خكمك,كمك‌فنرايندامين‌,31,28815,1449682650,52950,50310,50310,-2640,-4.99,52870,-80,-0.15,50310,50310,1399-9-1
647,غگلپا,شير پاستوريزه پگاه گلپايگان,30,12630,893319900,74452,70730,70730,-3722,-5.0,74382,-70,-0.09,70730,70730,1399-9-1
648,اخزا816,اسنادخزانه-م16بودجه98-010503,30,80276,58199659609,726619,723528,726700,81,0.01,724994,-1625,-0.22,723528,726700,1399-9-1
649,ضفلا1155,اختيارخ فولاد-14000-1399/11/28,30,393,1129521000,2900,3800,2100,-800,-27.59,2874,-26,-0.9,1500,3800,1399-9-1
650,غپونه,نوش پونه مشهد,29,55416,857507184,15952,15474,15474,-478,-3.0,15931,-21,-0.13,15474,15474,1399-9-1
651,ضشنا1036,اختيارخ شپنا-16000-1399/10/23,29,242,928983000,3454,3850,3000,-454,-13.14,3839,385,11.15,3000,4099,1399-9-1
652,ضچاد1017,اختيارخ كچاد-20000-1399/10/02,27,283,601314000,1042,1700,2050,1008,96.74,2125,1083,103.93,1600,2320,1399-9-1
653,تپمپي,پمپ‌ سازي‌ ايران‌,27,26718,906808920,35720,33940,33940,-1780,-4.98,35690,-30,-0.08,33940,33940,1399-9-1
654,اخزا904,اسنادخزانه-م4بودجه99-011215,27,104677,67183385524,640363,644900,643489,3126,0.49,641816,1453,0.23,640000,644899,1399-9-1
655,اخزا820,اسنادخزانه-م20بودجه98-020806,26,107252,61777846390,575032,576000,579396,4364,0.76,576006,974,0.17,573100,579995,1399-9-1
656,اخزا812,اسنادخزانه-م12بودجه98-001111,25,156625,126243281866,805066,808000,807010,1944,0.24,806023,957,0.12,800002,810000,1399-9-1
657,ساربيل,سيمان آرتا اردبيل,25,16406,965657160,61950,58860,58860,-3090,-4.99,61890,-60,-0.1,58860,58860,1399-9-1
658,غاذر,كشت‌وصنعت‌پياذر,24,27207,1992912750,77100,73250,73250,-3850,-4.99,76940,-160,-0.21,73250,73250,1399-9-1
659,لكما,كارخانجات‌مخابراتي‌ايران‌,24,87530,897532620,10571,10254,10254,-317,-3.0,10556,-15,-0.14,10254,10254,1399-9-1
660,ضفلا1154,اختيارخ فولاد-12000-1399/11/28,24,351,1386322000,4184,4250,3800,-384,-9.18,3950,-234,-5.59,3500,4600,1399-9-1
661,ضملي1153,اختيارخ فملي-20280-1399/11/05,24,743,308489000,429,402,400,-29,-6.76,415,-14,-3.26,400,550,1399-9-1
662,ضچاد1012,اختيارخ كچاد-10000-1399/10/02,24,189,1865045000,8200,9500,9550,1350,16.46,9868,1668,20.34,9204,10000,1399-9-1
663,جهرم,پتروشيمي جهرم,24,306134,965240502,3250,3153,3153,-97,-2.98,3245,-5,-0.15,3153,3153,1399-9-1
664,اخزا813,اسنادخزانه-م13بودجه98-010219,23,22345,17021611349,764706,760558,762010,-2696,-0.35,761764,-2942,-0.38,760558,765000,1399-9-1
665,ساروج,بين المللي ساروج بوشهر,23,20659,370651879,18481,18876,17927,-554,-3.0,18471,-10,-0.05,17927,18876,1399-9-1
666,ضمخا7070,اختيارخ اخابر-20000-1400/07/28,23,93,206685000,2001,2000,2000,-1,-0.05,2222,221,11.04,2000,2400,1399-9-1
667,وايرا,سرمايه گذاري صنايع ايران,22,518338,4510058938,8970,8701,8701,-269,-3.0,8907,-63,-0.7,8701,8701,1399-9-1
668,وشمال,س. چشم انداز توسعه شمال,22,9962,1032302288,106828,103624,103624,-3204,-3.0,106658,-170,-0.16,103624,103624,1399-9-1
669,اخزا811,اسنادخزانه-م11بودجه98-001013,22,36928,30374467642,822074,820006,823000,926,0.11,822532,458,0.06,820006,827990,1399-9-1
670,افرا,افرانت,22,21676,1082391060,52563,49935,49935,-2628,-5.0,52503,-60,-0.11,49935,49935,1399-9-1
671,صگل1411,ص اجاره گل گهر 1411-3 ماهه 17%,22,82811,83388965130,984401,950002,1006900,22499,2.29,1006979,22578,2.29,950002,1007000,1399-9-1
672,داريك,صندوق س.اعتماد داريك-د,22,35533,358178912,10035,10101,10036,1,0.01,10080,45,0.45,10036,10101,1399-9-1
673,ضپاس1000,اختيارخ وپارس-2000-1399/10/30,21,130,214970000,1461,1583,1582,121,8.28,1654,193,13.21,1581,1790,1399-9-1
674,اخزا804,اسنادخزانه-م4بودجه98-000421,21,31315,27984187619,890122,890000,893000,2878,0.32,893635,3513,0.39,890000,895000,1399-9-1
675,ثزاگرس,سرمايه گذاري توسعه عمران زاگرس,21,201301,8351575888,42771,41488,41488,-1283,-3.0,42219,-552,-1.29,41488,41488,1399-9-1
676,صايند2,صندوق س. گنجينه آينده روشن-د,20,9200000,9200000,10000,1,1,-9999,-99.99,1,-9999,-99.99,1,1,1399-9-1
677,ضسپا1100,اختيارخ خساپا-1600-1399/11/26,20,480,708332000,1473,1500,1201,-272,-18.47,1476,3,0.2,1201,1501,1399-9-1
678,لخزر,پارس‌ خزر,20,7490,1505564900,211580,201010,201010,-10570,-5.0,211240,-340,-0.16,201010,201010,1399-9-1
679,اخزا810,اسنادخزانه-م10بودجه98-001006,19,48410,40002598387,825371,825371,827000,1629,0.2,826329,958,0.12,820022,828000,1399-9-1
680,وسيزد,شركت س استان يزد,19,237557,289860540,1280,1220,1220,-60,-4.69,1280,0,0.0,1220,1230,1399-9-1
681,هغدير912,اختيارف ت غدير-17380-99/12/16,19,187,788018,5310,4214,4214,-1096,-20.64,4214,-1096,-20.64,4214,4214,1399-9-1
682,نگين,ص.س. زمين و ساختمان نگين شهرري,19,30999,1526700750,49250,49250,49250,0,0.0,49250,0,0.0,49250,49250,1399-9-1
683,ضصاد1103,اختيارخ وبصادر-4000-1399/11/12,19,1081,308209000,280,328,265,-15,-5.36,285,5,1.79,265,328,1399-9-1
684,فبيرا,بسته‌ بندي‌ ايران‌,18,122884,600165456,5035,4884,4884,-151,-3.0,5030,-5,-0.1,4884,4884,1399-9-1
685,ثنور,سرمايه گذاري كوه نور,18,32925,234426000,7340,7120,7120,-220,-3.0,7337,-3,-0.04,7120,7120,1399-9-1
686,اخزا713,اسنادخزانه-م13بودجه97-000518,17,36548,32184793869,868627,878000,881000,12373,1.42,880617,11990,1.38,870120,883290,1399-9-1
687,كباده,توليد خاك نسوزاستقلال آباده,17,503909,11060298641,21310,21949,21949,639,3.0,21653,343,1.61,21949,21949,1399-9-1
688,اخزا901,اسنادخزانه-م1بودجه99-010621,17,21882,14770350000,1000000,675000,675000,-325000,-32.5,675000,-325000,-32.5,675000,675000,1399-9-1
689,ضفلا1156,اختيارخ فولاد-16000-1399/11/28,16,405,809000000,1872,2000,1800,-72,-3.85,1998,126,6.73,1800,2000,1399-9-1
690,تسه9805,امتياز تسهيلات مسكن مرداد98,16,95,74957420,800413,760500,770000,-30413,-3.8,789025,-11388,-1.42,760500,800000,1399-9-1
691,اخزا821,اسنادخزانه-م21بودجه98-020906,16,14600,8335033737,570113,570100,571200,1087,0.19,570893,780,0.14,570000,571500,1399-9-1
692,پست0008پ09,پسته بادامي30-28مه ولات0008(پ),16,908,1519311948,1665768,1665768,1670000,4232,0.25,1673251,7483,0.45,1620000,1738999,1399-9-1
693,تسه9804,امتياز تسهيلات مسكن تير98,16,202,160244477,817036,799000,795000,-22036,-2.7,793289,-23747,-2.91,776185,799000,1399-9-1
694,فافزا,فولاد افزا سپاهان,15,104911,4790865726,47078,45666,45666,-1412,-3.0,46729,-349,-0.74,45666,45666,1399-9-1
695,ضملي1149,اختيارخ فملي-12168-1399/11/05,15,92,470280000,4733,5200,4080,-653,-13.8,5112,379,8.01,4000,5400,1399-9-1
696,خپويش,سازه‌ پويش‌,15,54933,2052296880,39320,37360,37360,-1960,-4.98,39240,-80,-0.2,37360,37360,1399-9-1
697,ضمخا1025,اختيارخ اخابر-16000-1399/10/30,15,318,519283000,1522,1700,1500,-22,-1.45,1633,111,7.29,1100,1854,1399-9-1
698,داراب,پتروشيمي داراب,15,312663,955185465,3149,3055,3055,-94,-2.99,3144,-5,-0.16,3055,3055,1399-9-1
699,خنصير,مهندسي‌نصيرماشين‌,14,10187,470435660,48610,46180,46180,-2430,-5.0,48590,-20,-0.04,46180,46180,1399-9-1
700,وحكمت,بيمه حكمت صبا,14,18766,106703476,5861,5686,5686,-175,-2.99,5860,-1,-0.02,5686,5686,1399-9-1
701,فسا,پتروشيمي فسا,14,46696,136725888,3018,2928,2928,-90,-2.98,3017,-1,-0.03,2928,2928,1399-9-1
702,وپسا,س. پتروشيمي ساختمان  خليج فارس,14,666083,3311098593,5124,4971,4971,-153,-2.99,5098,-26,-0.51,4971,4971,1399-9-1
703,ضخود1047,اختيارخ خودرو-6000-1399/10/07,14,323,38396000,134,181,100,-34,-25.37,119,-15,-11.19,94,199,1399-9-1
704,زير0003پ02,زيره سبز0003 دانش(پ),13,219,109547870,554731,486525,525000,-29731,-5.36,500219,-54512,-9.83,486491,535490,1399-9-1
705,شستا003,اجاره تامين اجتماعي-سپهر000523,13,1842,1870426870,990197,1040000,1000000,9803,0.99,1015433,25236,2.55,990000,1040000,1399-9-1
706,پلوله,گازلوله‌,13,62963,1176022914,18866,18678,18678,-188,-1.0,18821,-45,-0.24,18678,18678,1399-9-1
707,نيرو,نيرو سرمايه,13,10171,439234635,44520,43185,43185,-1335,-3.0,44490,-30,-0.07,43185,43185,1399-9-1
708,آينده,بازرگاني آينده سازان بهشت پارس,12,202937,4456699457,22640,21961,21961,-679,-3.0,22484,-156,-0.69,21961,21961,1399-9-1
709,كفرآور,فرآورده هاي سيمان شرق,12,18825,358333875,19623,19035,19035,-588,-3.0,19612,-11,-0.06,19035,19035,1399-9-1
710,تابا,تابان نيرو سپاهان,12,17904,592604496,34122,33099,33099,-1023,-3.0,34091,-31,-0.09,33099,33099,1399-9-1
711,ضسپا1101,اختيارخ خساپا-1800-1399/11/26,12,489,597858000,1181,1201,1085,-96,-8.13,1223,42,3.56,1085,1350,1399-9-1
712,ضگل1142,اختيارخ كگل-16000-1399/11/21,11,127,562172000,3900,4500,4201,301,7.72,4427,527,13.51,4000,4796,1399-9-1
713,بشهاب,لامپ‌  پارس‌ شهاب‌,11,1772,111458800,66210,62900,62900,-3310,-5.0,66200,-10,-0.02,62900,62900,1399-9-1
714,ثاژن,سخت آژند,11,21167,173378897,8532,8191,8191,-341,-4.0,8526,-6,-0.07,8191,8191,1399-9-1
715,ضترا1117,اختيارخ شتران-10000-1399/11/14,11,100,522032000,4029,5900,4444,415,10.3,5220,1191,29.56,4444,5900,1399-9-1
716,پدرخش,درخشان‌ تهران‌,10,2939,634001080,227070,215720,215720,-11350,-5.0,226920,-150,-0.07,215720,215720,1399-9-1
717,ضصاد1104,اختيارخ وبصادر-4500-1399/11/12,10,116,18094000,183,150,142,-41,-22.4,156,-27,-14.75,140,198,1399-9-1
718,فالوم,آلومتك‌,10,10003,337121106,34744,33702,33702,-1042,-3.0,34726,-18,-0.05,33702,33702,1399-9-1
719,تكنو,تكنوتار,10,24436,356276880,15340,14580,14580,-760,-4.95,15330,-10,-0.07,14580,14580,1399-9-1
720,وسخراج,شركت س استان خراسان جنوبي,10,621385,1317336200,2230,2120,2120,-110,-4.93,2230,0,0.0,2120,2120,1399-9-1
721,اخزا704,اسنادخزانه-م4بودجه97-991022,10,6920,6754677180,974513,975000,976115,1602,0.16,976109,1596,0.16,975000,977900,1399-9-1
722,ثاباد,توريستي ورفاهي آبادگران ايران,10,29632,904664960,32130,30530,30530,-1600,-4.98,32100,-30,-0.09,30530,30530,1399-9-1
723,هصيكو402,اختيارف ت تاصيكو13500-00/02/20,9,7980,23397360,3391,2932,2932,-459,-13.54,2932,-459,-13.54,2932,2932,1399-9-1
724,سايرا,ايرانيت‌,9,4707,168862569,36265,36040,35790,-475,-1.31,36258,-7,-0.02,35541,36040,1399-9-1
725,تملي703,تسهيلات مسكن ب. ملي-خرداد97,9,67,67187490,1051507,1104081,1008000,-43507,-4.14,1002798,-48709,-4.63,998932,1008000,1399-9-1
726,اخزا807,اسنادخزانه-م7بودجه98-000719,9,24403,20828403240,863528,838000,853500,-10028,-1.16,853518,-10010,-1.16,838000,853530,1399-9-1
727,ثغرب,شركت سرمايه گذاري مسكن شمالغرب,9,11877,151122948,13393,12724,12724,-669,-5.0,13391,-2,-0.01,12724,12724,1399-9-1
728,ضپيك1023,اختيارخ تاپيكو-20000-99/10/16,9,161,130864000,930,1000,806,-124,-13.33,813,-117,-12.58,800,1000,1399-9-1
729,هبركت912,اختيارف ت بركت-22100-99/12/17,8,3527,20308466,6418,5758,5758,-660,-10.28,5758,-660,-10.28,5758,5758,1399-9-1
730,ضپنا1022,اختيارخ رمپنا-18806-1399/10/09,8,138,525024867,2770,3000,2010,-760,-27.44,2569,-201,-7.26,2010,3000,1399-9-1
731,تملي706,تسهيلات مسكن ب. ملي-شهريور97,8,52,47798660,875434,919205,919205,43771,5.0,919205,43771,5.0,919205,919205,1399-9-1
732,وسگلستا,شركت س استان گلستان,8,46339,54680020,1240,1180,1180,-60,-4.84,1240,0,0.0,1180,1180,1399-9-1
733,ضمخا1023,اختيارخ اخابر-12000-1399/10/30,8,41,168505000,3549,4500,3701,152,4.28,4110,561,15.81,3701,4500,1399-9-1
734,وساربيل,شركت س استان اردبيل,8,32043,39092460,1280,1220,1220,-60,-4.69,1280,0,0.0,1220,1220,1399-9-1
735,زعف0008پ10,زعفران0008نگين طلاي سرخ(پ),8,7615,969595105,121264,127327,127327,6063,5.0,127327,6063,5.0,127327,127327,1399-9-1
736,اخزا805,اسنادخزانه-م5بودجه98-000422,8,10605,9381818591,892050,860001,893000,950,0.11,884660,-7390,-0.83,860001,893000,1399-9-1
737,عيار2,صندوق س. پشتوانه طلاي مفيد,8,80000,80000,29486,1,1,-29485,-100.0,1,-29485,-100.0,1,1,1399-9-1
738,حاريا,كشتيراني آريا,8,8473,257791025,31365,30425,30425,-940,-3.0,31353,-12,-0.04,30425,30425,1399-9-1
739,ضخوز1014,اختيارخ فخوز-12191-1399/10/16,8,20,196487000,9812,10000,6600,-3212,-32.74,9824,12,0.12,6600,10000,1399-9-1
740,كرونا2,تامين مالي جمعي صرفا اهداي سود,8,1706,17060000,10000,10000,10000,0,0.0,10000,0,0.0,10000,10000,1399-9-1
741,سنفت2997,سلف نفت خام سبك داخلي2997,8,1399020,1262895354000,735569,902700,902700,167131,22.72,902700,167131,22.72,902700,902700,1399-9-1
742,سخواف,سيمان مجد خواف,8,4775,76848850,16591,16094,16094,-497,-3.0,16589,-2,-0.01,16094,16094,1399-9-1
743,اخزا721,اسنادخزانه-م21بودجه97-000728,8,4098,3506775600,852590,855521,856000,3410,0.4,855729,3139,0.37,855000,857000,1399-9-1
744,فنرژي,گسترش صنايع انرژي آذرآب,8,34000,359142000,10778,10563,10563,-215,-1.99,10770,-8,-0.07,10563,10563,1399-9-1
745,ضفار1122,اختيارخ فارس-11826-1399/11/07,8,41,269266000,2919,3100,3000,81,2.77,3284,365,12.5,2500,3499,1399-9-1
746,تملي705,تسهيلات مسكن ب. ملي-مرداد97,7,45,45339495,1042287,990173,1042287,0,0.0,1007544,-34743,-3.33,990173,1094401,1399-9-1
747,ثامان,سامان‌ گستراصفهان‌,7,3346,71135960,22370,21260,21260,-1110,-4.96,22370,0,0.0,21260,21260,1399-9-1
748,افران2,صندوق س افرا نماد پايدار-ثابت,7,700000,700000,12049,1,1,-12048,-99.99,1,-12048,-99.99,1,1,1399-9-1
749,ضبدر1149,اختيارخ شبندر-28000-1399/11/19,7,65,329526000,4925,5900,4400,-525,-10.66,5070,145,2.94,4400,5900,1399-9-1
750,ثتوسا,س.توسعه و عمران استان اردبيل,7,863,55458106,66249,64262,64262,-1987,-3.0,66243,-6,-0.01,64262,64262,1399-9-1
751,صمسكن912,ص دين مسكن جنوب-ماهانه16درصد,7,720,56156400,82099,77995,77995,-4104,-5.0,77995,-4104,-5.0,77995,77995,1399-9-1
752,وسقم,شركت س استان قم,7,36317,48664780,1410,1340,1340,-70,-4.96,1410,0,0.0,1340,1340,1399-9-1
753,ثنظام,س. ساختماني نظام مهندسي ايران,7,3730,158248980,43738,42426,42426,-1312,-3.0,43727,-11,-0.03,42426,42426,1399-9-1
754,ضگل1143,اختيارخ كگل-18000-1399/11/21,7,121,450900000,2792,4000,3800,1008,36.1,3726,934,33.45,3500,4000,1399-9-1
755,ضفلا1153,اختيارخ فولاد-10000-1399/11/28,7,23,130984000,5989,5500,5000,-989,-16.51,5695,-294,-4.91,5000,6200,1399-9-1
756,ضغدر1118,اختيارخ وغدير-9000-1399/11/26,7,92,491252000,4700,4480,5600,900,19.15,5340,640,13.62,4001,5600,1399-9-1
757,وسمركز,شركت س استان مركزي,7,32502,43227660,1400,1330,1330,-70,-5.0,1400,0,0.0,1330,1330,1399-9-1
758,نتوس,پشم‌ بافي‌ توس,7,4669,50266454,11098,10766,10766,-332,-2.99,11097,-1,-0.01,10766,10766,1399-9-1
759,ضپاس1004,اختيارخ وپارس-4000-1399/10/30,7,245,93830000,292,410,302,10,3.42,383,91,31.16,302,410,1399-9-1
760,ضچاد1013,اختيارخ كچاد-12000-1399/10/02,6,10,77002000,6090,8000,7400,1310,21.51,7700,1610,26.44,7400,8000,1399-9-1
761,ثرود,سرمايه‌گذاري مسكن زاينده رود,6,7655,91438975,12573,11945,11945,-628,-4.99,12572,-1,-0.01,11945,11945,1399-9-1
762,تملي710,تسهيلات مسكن ب. ملي-دي97,6,73,69148329,982918,933773,1032063,49145,5.0,947237,-35681,-3.63,933773,1032063,1399-9-1
763,ضترا1127,اختيارخ شتران-8000-1399/11/14,6,7,47400000,5700,6000,7000,1300,22.81,6771,1071,18.79,6000,7000,1399-9-1
764,خفناور,مهندسي صنعتي روان فن آور,6,4873,116752207,24699,23959,23959,-740,-3.0,24695,-4,-0.02,23959,23959,1399-9-1
765,غشوكو,شوكو پارس,6,769,33434582,44822,43478,43478,-1344,-3.0,44820,-2,0.0,43478,43478,1399-9-1
766,لازما,كارخانه هاي صنعتي آزمايش,6,7660,232580580,30982,30363,30363,-619,-2.0,30967,-15,-0.05,30363,30363,1399-9-1
767,ورازي,بيمه رازي,6,15185,219893985,15243,14481,14481,-762,-5.0,15234,-9,-0.06,14481,14481,1399-9-1
768,فوكا,فولاد كاويان,6,101645,2065629690,20950,20322,20322,-628,-3.0,20923,-27,-0.13,20322,20322,1399-9-1
769,ضغدر1120,اختيارخ وغدير-12000-1399/11/26,6,24,62318000,2548,3000,2510,-38,-1.49,2597,49,1.92,2510,3000,1399-9-1
770,ضمخا7066,اختيارخ اخابر-12000-1400/07/28,5,10,55434000,5850,6000,5000,-850,-14.53,5543,-307,-5.25,5000,6000,1399-9-1
771,وسخراش,شركت س استان خراسان شمالي,5,23869,31268390,1370,1310,1310,-60,-4.38,1370,0,0.0,1310,1310,1399-9-1
772,پست0008پ08,پسته فندقي32-30مه ولات0008(پ),5,14,23607140,1682983,1694562,1744444,61461,3.65,1686224,3241,0.19,1650004,1744444,1399-9-1
773,ضفلا1151,اختيارخ فولاد-8000-1399/11/28,5,18,125140000,6575,6851,6911,336,5.11,6952,377,5.73,6851,7001,1399-9-1
774,وسبوشهر,شركت س استان بوشهر,5,85805,102966000,1260,1200,1200,-60,-4.76,1260,0,0.0,1200,1200,1399-9-1
775,ضپار1115,اختيارخ خپارس-5000-1399/11/19,5,14,54884000,4000,4000,3442,-558,-13.95,3920,-80,-2.0,3442,4000,1399-9-1
776,ومشان,س. فني و مهندسي مشانير,5,1533,86191392,59183,56224,56224,-2959,-5.0,59170,-13,-0.02,56224,56224,1399-9-1
777,سرو2,صندوق س سروسودمند مدبران-سهام,5,500000,500000,61610,1,1,-61609,-100.0,1,-61609,-100.0,1,1,1399-9-1
778,هاباد912,اختيارف ت آبادا-30100-99/12/12,4,20010,198699300,10374,9930,9930,-444,-4.28,9930,-444,-4.28,9930,9930,1399-9-1
779,ياقوت2,صندوق س ياقوت آگاه-ثابت,4,259486000,259486000,11296,1,1,-11295,-99.99,1,-11295,-99.99,1,1,1399-9-1
780,سپرمي,پرميت‌,4,2635,21412010,8291,8126,8126,-165,-1.99,8290,-1,-0.01,8126,8126,1399-9-1
781,فبستم,صنايع ‌بسته‌بندي‌ مشهد,4,35395,28882320,793,816,816,23,2.9,793,0,0.0,816,816,1399-9-1
782,شرق1400,مشاركت ليزينگ ايران وشرق140010,4,532,553280000,1040000,1040000,1040000,0,0.0,1040000,0,0.0,1040000,1040000,1399-9-1
783,وسالت,بانك قرض الحسنه رسالت,4,11216,49552288,4290,4418,4418,128,2.98,4290,0,0.0,4418,4418,1399-9-1
784,وآتوس,س.آرين توسكا قيمت اسمي 350ريال,4,33400,1117931400,34506,33471,33471,-1035,-3.0,34446,-60,-0.17,33471,33471,1399-9-1
785,ضپيك1019,اختيارخ تاپيكو-12000-99/10/16,4,10,37020000,4907,3340,3610,-1297,-26.43,3702,-1205,-24.56,3340,4000,1399-9-1
786,آگاس2,صندوق س.هستي بخش آگاه-س,4,400000,400000,68973,1,1,-68972,-100.0,1,-68972,-100.0,1,1,1399-9-1
787,ضملي1151,اختيارخ فملي-16224-1399/11/05,4,16,16024000,3516,1004,1000,-2516,-71.56,1001,-2515,-71.53,1000,1004,1399-9-1
788,شسم,توليد سموم‌ علف‌ كش,4,840,70866600,82711,84365,84365,1654,2.0,82722,11,0.01,84365,84365,1399-9-1
789,غبهار,كشت وصنعت بهاران گلبهار خراسان,4,562,20466354,37543,36417,36417,-1126,-3.0,37542,-1,0.0,36417,36417,1399-9-1
790,ضگل1141,اختيارخ كگل-14000-1399/11/21,4,19,112754000,5000,6200,5451,451,9.02,5934,934,18.68,5451,6200,1399-9-1
791,ضپنا1021,اختيارخ رمپنا-16106-1399/10/09,3,40,296197038,4116,5000,5000,884,21.48,5000,884,21.48,4999,5000,1399-9-1
792,ضملت1123,اختيارخ وبملت-3000-1399/11/28,3,13,35504000,2886,2900,2656,-230,-7.97,2731,-155,-5.37,2656,2900,1399-9-1
793,اطلس2,صندوق س.توسعه اندوخته آينده-س,3,30000,30000,192664,1,1,-192663,-100.0,1,-192663,-100.0,1,1,1399-9-1
794,وسكهبو,س.عدالت ا. كهگيلويه وبويراحمد,3,54704,59080320,1130,1080,1080,-50,-4.42,1130,0,0.0,1080,1080,1399-9-1
795,ضپنا1020,اختيارخ رمپنا-13406-1399/10/09,3,41,404684731,5668,6000,7251,1583,27.93,6665,997,17.59,6000,7300,1399-9-1
796,بتك,كارخانجات كابل سازي‌ تك‌,3,1731,59470236,33683,34356,34356,673,2.0,33687,4,0.01,34356,34356,1399-9-1
797,لخانه,لوازم‌ خانگي‌ پارس‌,3,1932,109689300,58530,56775,56775,-1755,-3.0,58520,-10,-0.02,56775,56775,1399-9-1
798,ضشنا1037,اختيارخ شپنا-18000-1399/10/23,3,18,53000000,2500,3000,2800,300,12.0,2944,444,17.76,2800,3000,1399-9-1
799,فسديد,لوله‌وتجهيزات‌ سديد - ورشكسته,3,403,44498051,111532,110417,110417,-1115,-1.0,111522,-10,-0.01,110417,110417,1399-9-1
800,ضملت1126,اختيارخ وبملت-4500-1399/11/28,3,17,22442000,1400,1850,1287,-113,-8.07,1320,-80,-5.71,1287,1850,1399-9-1
801,سپ2,پرداخت الكترونيك سامان كيش,3,134700000,1885800000000,13720,14000,14000,280,2.04,14000,280,2.04,14000,14000,1399-9-1
802,عفولاد3,اوراق سلف موازي ورق گرم فولاد,3,324,256226552,804344,790698,790698,-13646,-1.7,790823,-13521,-1.68,790698,790900,1399-9-1
803,ضگل1149,اختيارخ كگل-10000-1399/11/21,3,4,36666000,7968,8000,9693,1725,21.65,9166,1198,15.04,8000,9693,1399-9-1
804,صخابر102,صكوك اجاره مخابرات-3 ماهه 16%,3,3010,2829527245,941177,922724,940100,-1077,-0.11,940042,-1135,-0.12,922724,940100,1399-9-1
805,ذوب تبعي9912,اختيارف.تبعي ذوب991224,3,779,1760540,2030,2260,2260,230,11.33,2260,230,11.33,2260,2260,1399-9-1
806,ضسان1040,اختيارخ پارسان-24000-99/10/14,3,11,14000000,2000,2500,1000,-1000,-50.0,1273,-727,-36.35,1000,2500,1399-9-1
807,پشاهن,توليدي پلاستيك‌ شاهين,2,6265,47551350,7369,7590,7590,221,3.0,7370,1,0.01,7590,7590,1399-9-1
808,ضغدر1121,اختيارخ وغدير-14000-1399/11/26,2,40,68000000,1417,1700,1700,283,19.97,1700,283,19.97,1700,1700,1399-9-1
809,اخزا723,اسنادخزانه-م23بودجه97-000824,2,35400,30010350000,848562,847750,847750,-812,-0.1,847750,-812,-0.1,847750,847750,1399-9-1
810,ضبدر1158,اختيارخ شبندر-24000-1399/11/19,2,14,105000000,5133,7500,7500,2367,46.11,7500,2367,46.11,7500,7500,1399-9-1
811,ضملت1128,اختيارخ وبملت-6000-1399/11/28,2,6,2900000,600,400,500,-100,-16.67,483,-117,-19.5,400,500,1399-9-1
812,شلرد02,كود شيميايي اوره لردگان,2,632,637599600,990000,990000,1009800,19800,2.0,1008860,18860,1.91,990000,1009800,1399-9-1
813,ضصاد1106,اختيارخ وبصادر-6000-1399/11/12,2,11,1100000,108,100,100,-8,-7.41,100,-8,-7.41,100,100,1399-9-1
814,اخزا722,اسنادخزانه-م22بودجه97-000428,2,635,552329145,881855,856352,870025,-11830,-1.34,869810,-12045,-1.37,856352,870025,1399-9-1
815,اشاد9,مشاركت دولتي9-شرايط خاص990909,2,30000,29999460000,999982,999982,999982,0,0.0,999982,0,0.0,999982,999982,1399-9-1
816,ضبدر1157,اختيارخ شبندر-20000-1399/11/19,2,2,20826000,8000,9971,10855,2855,35.69,10413,2413,30.16,9971,10855,1399-9-1
817,ضمخا1024,اختيارخ اخابر-14000-1399/10/30,2,32,96805000,2619,2999,3030,411,15.69,3025,406,15.5,2999,3030,1399-9-1
818,ضپار1116,اختيارخ خپارس-6000-1399/11/19,2,8,21140000,2500,2800,2620,120,4.8,2642,142,5.68,2620,2800,1399-9-1
819,فن آوا,گروه فن آوا,2,1453,20498924,14544,14108,14108,-436,-3.0,14544,0,0.0,14108,14108,1399-9-1
820,صايپا012,صكوك مرابحه سايپا012-3ماهه 16%,2,4994,4994003000,980394,1000001,1000000,19606,2.0,1000001,19607,2.0,1000000,1000001,1399-9-1
821,معيار,سرمايه گذاري معيار صنعت پارس,2,1300,37464700,29407,28819,28819,-588,-2.0,29405,-2,-0.01,28819,28819,1399-9-1
822,ضسپا1104,اختيارخ خساپا-3000-1399/11/26,2,23,10473000,599,500,421,-178,-29.72,455,-144,-24.04,421,500,1399-9-1
823,پلاست,كارخانجات توليدي پلاستيران,2,17675,739292225,43120,41827,41827,-1293,-3.0,43071,-49,-0.11,41827,41827,1399-9-1
824,ضمخا7069,اختيارخ اخابر-18000-1400/07/28,2,15,46005000,3499,2201,3500,1,0.03,3067,-432,-12.35,2201,3500,1399-9-1
825,گندم2,مرابحه گندم2-واجدشرايط خاص1400,2,2100,2002002000,981500,951001,1000000,18500,1.88,953334,-28166,-2.87,951001,1000000,1399-9-1
826,ضترا1119,اختيارخ شتران-14000-1399/11/14,2,2,4000000,2287,1000,3000,713,31.18,2000,-287,-12.55,1000,3000,1399-9-1
827,وسيلام,شركت س استان ايلام,2,9370,11056600,1240,1180,1180,-60,-4.84,1240,0,0.0,1180,1180,1399-9-1
828,وسكرشا,س.سهام عدالت استان كرمانشاه,2,54134,67126160,1300,1240,1240,-60,-4.62,1300,0,0.0,1240,1240,1399-9-1
829,اعتماد4,صندوق س.اعتماد آفرين پارسيان-د,2,22450000,750728000000,33389,33440,33440,51,0.15,33440,51,0.15,33440,33440,1399-9-1
830,كمند2,صندوق س. با درآمد ثابت كمند,1,30000000,30000000,10072,1,1,-10071,-99.99,1,-10071,-99.99,1,1,1399-9-1
831,ضسان1046,اختيارخ پارسان-14000-99/10/14,1,2,17528000,5133,8764,8764,3631,70.74,8764,3631,70.74,8764,8764,1399-9-1
832,ضفار1126,اختيارخ فارس-19826-1399/11/07,1,1,600000,400,300,300,-100,-25.0,300,-100,-25.0,300,300,1399-9-1
833,صايپا203,صكوك مرابحه سايپا203-3ماهه 16%,1,1000,994000000,999999,994000,994000,-5999,-0.6,994000,-5999,-0.6,994000,994000,1399-9-1
834,اراد424,مرابحه عام دولت4-ش.خ 0106,1,500000,521500000000,1043000,1043000,1043000,0,0.0,1043000,0,0.0,1043000,1043000,1399-9-1
835,ضپاس1005,اختيارخ وپارس-4500-1399/10/30,1,2,600000,250,300,300,50,20.0,300,50,20.0,300,300,1399-9-1
836,ضغدر1122,اختيارخ وغدير-16000-1399/11/26,1,5,4000000,950,800,800,-150,-15.79,800,-150,-15.79,800,800,1399-9-1
837,ضپار1118,اختيارخ خپارس-8000-1399/11/19,1,25,42500000,1200,1700,1700,500,41.67,1700,500,41.67,1700,1700,1399-9-1
838,افاد84,منفعت دولت8-ش.خاص ساير0205,1,10000,8800000000,840000,880000,880000,40000,4.76,880000,40000,4.76,880000,880000,1399-9-1
839,ضپنا1023,اختيارخ رمپنا-21506-1399/10/09,1,15,28879500,1000,1300,1300,300,30.0,1300,300,30.0,1300,1300,1399-9-1
840,ضفار1127,اختيارخ فارس-23826-1399/11/07,1,1,1000000,199,500,500,301,151.26,500,301,151.26,500,500,1399-9-1
841,پا ر 8,بار پايه روز 8,1,10000,3900000,715,390,390,-325,-45.45,390,-325,-45.45,390,390,1399-9-1
842,بركت2,گروه دارويي بركت,1,57900000,898608000000,14790,15520,15520,730,4.94,15520,730,4.94,15520,15520,1399-9-1
843,ضشنا1038,اختيارخ شپنا-20000-1399/10/23,1,100,200000000,2700,2000,2000,-700,-25.93,2000,-700,-25.93,2000,2000,1399-9-1
844,اجاد24,اجاره دولتي آپرورش-نوين991118,1,5,5000000,1000000,1000000,1000000,0,0.0,1000000,0,0.0,1000000,1000000,1399-9-1
845,انرژي2,فعالان بورس انرژي,1,1,290000,281030,290000,290000,8970,3.19,281030,0,0.0,290000,290000,1399-9-1
846,وسين2,بيمه سينا,1,9300000,189720000000,20259,20400,20400,141,0.7,20400,141,0.7,20400,20400,1399-9-1
847,صايپا1122,صكوك مرابحه سايپا112-3ماهه 16%,1,201338,197915254000,980000,983000,983000,3000,0.31,983000,3000,0.31,983000,983000,1399-9-1
848,ضملت1125,اختيارخ وبملت-4000-1399/11/28,1,1,1759000,2050,1759,1759,-291,-14.2,1759,-291,-14.2,1759,1759,1399-9-1
849,سنفت001,سلف موازي استاندارد سنفت001,1,188000,200358368000,1064280,1065736,1065736,1456,0.14,1065736,1456,0.14,1065736,1065736,1399-9-1
850,فسازان2,غلتك سازان سپاهان,1,5047047,129608166960,27030,25680,25680,-1350,-4.99,25680,-1350,-4.99,25680,25680,1399-9-1
851,ضبدر1150,اختيارخ شبندر-32000-1399/11/19,1,1,9000000,500,9000,9000,8500,1700.0,9000,8500,1700.0,9000,9000,1399-9-1
852,مشهد0112,مشاركت ش مشهد0112-3ماهه18%,1,200,180000000,915398,900000,900000,-15398,-1.68,900000,-15398,-1.68,900000,900000,1399-9-1
853,شستا2,سرمايه گذاري تامين اجتماعي,1,30000000,975900000000,30990,32530,32530,1540,4.97,32530,1540,4.97,32530,32530,1399-9-1
854,زعف0008پ15,زعفران0008پوشالمعمول طلاسرخ(پ),1,5,508940,96941,101788,101788,4847,5.0,101788,4847,5.0,101788,101788,1399-9-1
855,ضپيك1022,اختيارخ تاپيكو-18000-99/10/16,1,20,38000000,1205,1900,1900,695,57.68,1900,695,57.68,1900,1900,1399-9-1
856,دمعيار2,صندوق س. توازن معيار-د,1,4300000,4300000,10100,1,1,-10099,-99.99,1,-10099,-99.99,1,1,1399-9-1
857,غچين2,كشت‌ و صنعت‌ چين‌ چين,1,2000000,93580000000,47350,46790,46790,-560,-1.18,46790,-560,-1.18,46790,46790,1399-9-1
858,ضپيك1021,اختيارخ تاپيكو-16000-99/10/16,1,1,2550000,2164,2550,2550,386,17.84,2550,386,17.84,2550,2550,1399-9-1
859,ضخوز1013,اختيارخ فخوز-10667-1399/10/16,1,6,83994000,13399,13999,13999,600,4.48,13999,600,4.48,13999,13999,1399-9-1
860,اراد33,مرابحه عام دولت3-ش.خ 0303,1,1000,904400000,921000,904400,904400,-16600,-1.8,904400,-16600,-1.8,904400,904400,1399-9-1
861,ضجار1010,اختيارخ وتجارت-1600-1399/10/21,1,2,3404000,1700,1702,1702,2,0.12,1702,2,0.12,1702,1702,1399-9-1
862,تكنو2,تكنوتار,1,12000000,174960000000,15340,14580,14580,-760,-4.95,14580,-760,-4.95,14580,14580,1399-9-1
863,ضپار1117,اختيارخ خپارس-7000-1399/11/19,1,12,20712000,1070,1726,1726,656,61.31,1726,656,61.31,1726,1726,1399-9-1
864,صخود0004,صكوك رهني خودرو0004- 3ماهه 16%,1,5,4850000,970000,970000,970000,0,0.0,970000,0,0.0,970000,970000,1399-9-1
865,ضفلا1152,اختيارخ فولاد-9000-1399/11/28,1,3,18000000,6099,6000,6000,-99,-1.62,6000,-99,-1.62,6000,6000,1399-9-1
866,شمواد,توليد مواداوليه الياف مصنوعي,1,85,5312075,64427,62495,62495,-1932,-3.0,64426,-1,0.0,62495,62495,1399-9-1
867,ضملي1150,اختيارخ فملي-14196-1399/11/05,1,100,299000000,3495,2990,2990,-505,-14.45,2990,-505,-14.45,2990,2990,1399-9-1
868,ضچاد1019,اختيارخ كچاد-28000-1399/10/02,1,1,1500000,399,1500,1500,1101,275.94,1500,1101,275.94,1500,1500,1399-9-1
869,بساما2,بيمه سامان,1,17000000,425000000000,25547,25000,25000,-547,-2.14,25000,-547,-2.14,25000,25000,1399-9-1
870,وسزنجان,شركت س استان زنجان,1,3780,5103000,1420,1350,1350,-70,-4.93,1420,0,0.0,1350,1350,1399-9-1
871,اجاد34,اجاره دولت-واجدشرايط خاص991118,1,500000,500000000000,999999,1000000,1000000,1,0.0,1000000,1,0.0,1000000,1000000,1399-9-1
872,كباده2,توليد خاك نسوزاستقلال آباده,1,3500000,76821500000,21310,21949,21949,639,3.0,21949,639,3.0,21949,21949,1399-9-1
873,اراد50,مرابحه عام دولت5-ش.خ0302,1,300,294000000,1000000,980000,980000,-20000,-2.0,980000,-20000,-2.0,980000,980000,1399-9-1
874,اخزا9022,اسنادخزانه-م2بودجه99-011019,1,300000,199200000000,657996,664000,664000,6004,0.91,664000,6004,0.91,664000,664000,1399-9-1
875,شسپا2,نفت سپاهان,1,40000000,936000000000,22500,23400,23400,900,4.0,23400,900,4.0,23400,23400,1399-9-1
876,صگل411,ص اجاره گل گهر 411- 3 ماهه 17%,1,10,10000000,986351,1000000,1000000,13649,1.38,1000000,13649,1.38,1000000,1000000,1399-9-1
877,تملي802,تسهيلات مسكن ب. ملي-ارديبهشت98,1,3,3799011,1332985,1266337,1266337,-66648,-5.0,1266337,-66648,-5.0,1266337,1266337,1399-9-1
878,افاد52,منفعت دولت5-ش.خاص سپهر0108,1,3000,2790000000,890886,930000,930000,39114,4.39,930000,39114,4.39,930000,930000,1399-9-1
879,ساينا2,صنايع بهداشتي ساينا,1,500000,88975000000,177479,177950,177950,471,0.27,177950,471,0.27,177950,177950,1399-9-1
