,نماد,نام,تعداد,حجم,ارزش,دیروز,اولین,آخرین معامله - مقدار,آخرین معامله - تغییر,آخرین معامله - درصد,قیمت پایانی - مقدار,قیمت پایانی - تغییر,قیمت پایانی - درصد,کمترین,بیشترین,تاریخ
0,اپال,فرآوري معدني اپال كاني پارس,610221,496256136,8033820507540,15650,16580,15910,260,1.66,16190,540,3.45,15660,16580,1399-12-13
1,كزغال,زغال سنگ پروده طبس,170259,46563456,1508078473919,30666,31900,32505,1839,6.0,32388,1722,5.62,31000,32505,1399-12-13
2,بركت,گروه دارويي بركت,36181,89095746,2518553273990,27220,28700,28850,1630,5.99,28270,1050,3.86,27340,28850,1399-12-13
3,دارا يكم,صندوق واسطه گري مالي يكم-سهام,30336,20445100,2883166269020,144750,148000,138990,-5760,-3.98,141020,-3730,-2.58,138960,148800,1399-12-13
4,پالايش,صندوق پالايشي يکم-سهام,24635,25841939,2144440173030,85500,85550,82080,-3420,-4.0,82980,-2520,-2.95,82080,85580,1399-12-13
5,شستا,سرمايه گذاري تامين اجتماعي,23676,69942639,1297432781660,18900,18800,18550,-350,-1.85,18550,-350,-1.85,18530,19150,1399-12-13
6,وكبهمن,مديريت سرمايه گذاري كوثربهمن,21389,9635966,119125647256,12260,12599,12260,0,0.0,12363,103,0.84,12100,12790,1399-12-13
7,بپيوند,برق و انرژي پيوندگستر پارس,14836,13037936,186880809840,13747,13970,14571,824,5.99,14334,587,4.27,13510,14571,1399-12-13
8,بوعلي,پتروشيمي بوعلي سينا,14204,4497265,189656868170,42220,42200,42030,-190,-0.45,42170,-50,-0.12,41530,42830,1399-12-13
9,ثاميد,توسعه و عمران اميد,12143,65046822,100757389560,1560,1560,1580,20,1.28,1550,-10,-0.64,1530,1590,1399-12-13
10,وسپهر,سرمايه گذاري مالي سپهرصادرات,11616,29478128,297737239763,10101,10101,10101,0,0.0,10100,-1,-0.01,10100,10104,1399-12-13
11,آبادا,توليد نيروي برق آبادان,11401,10868578,159483334010,14180,13900,15030,850,5.99,14670,490,3.46,13900,15030,1399-12-13
12,فملي,ملي‌ صنايع‌ مس‌ ايران‌,10608,124169758,1529492314950,12560,12420,12310,-250,-1.99,12320,-240,-1.91,12310,12600,1399-12-13
13,بگيلان,توسعه مسير برق گيلان,10474,5572394,114959284340,19725,19509,20908,1183,6.0,20630,905,4.59,19509,20908,1399-12-13
14,پيزد,مجتمع صنايع لاستيك يزد,10437,1271636,86679831820,66874,65537,68300,1426,2.13,68164,1290,1.93,65537,70400,1399-12-13
15,وتجارت,بانك تجارت,10176,393657544,993946209430,2570,2590,2520,-50,-1.95,2520,-50,-1.95,2520,2610,1399-12-13
16,آريا,پليمر آريا ساسول,8971,3648305,282312996230,75376,79350,76550,1174,1.56,77382,2006,2.66,75501,79350,1399-12-13
17,فولاد,فولاد مباركه اصفهان,8799,79521076,933915865210,11820,11900,11910,90,0.76,11740,-80,-0.68,11600,11920,1399-12-13
18,سيتا,سرمايه گذاري سيمان تامين,7200,9191925,137935115770,15090,15000,15000,-90,-0.6,15010,-80,-0.53,15000,15090,1399-12-13
19,امين,تامين سرمايه امين,7028,4527750,47091994520,10400,10410,10400,0,0.0,10400,0,0.0,10400,10410,1399-12-13
20,وخارزم,سرمايه گذاري خوارزمي,6522,37412995,301088875510,7970,7880,8050,80,1.0,8050,80,1.0,7840,8180,1399-12-13
21,سصوفي,سيمان‌ صوفيان‌,6432,22266292,456414433010,19470,20630,19900,430,2.21,20500,1030,5.29,19500,20630,1399-12-13
22,امين يكم,صندوق درآمد ثابت امين يكم فردا,5885,235337753,2385889644841,10134,10138,10142,8,0.08,10138,4,0.04,10137,10142,1399-12-13
23,تملت,تامين سرمايه بانك ملت,5550,29499594,164832470260,5650,5540,5680,30,0.53,5590,-60,-1.06,5540,5780,1399-12-13
24,كمند,صندوق س. با درآمد ثابت كمند,5534,238329170,2419992132505,10149,10156,10154,5,0.05,10154,5,0.05,10153,10156,1399-12-13
25,شلعاب,لعابيران‌,5364,15076759,351436873650,22190,23520,23520,1330,5.99,23310,1120,5.05,22560,23520,1399-12-13
26,دماوند,توليد نيروي برق دماوند,5120,8592729,422930253089,49631,48639,48800,-831,-1.67,49220,-411,-0.83,48639,50731,1399-12-13
27,وبملت,بانك ملت,4961,108560146,389588139380,3640,3660,3570,-70,-1.92,3590,-50,-1.37,3570,3690,1399-12-13
28,سغرب,سيمان‌غرب‌,4661,6441587,263776620960,41250,40700,40500,-750,-1.82,40950,-300,-0.73,40430,42450,1399-12-13
29,پترول,گروه پتروشيمي س. ايرانيان,4642,19275288,172554521830,9070,8980,8910,-160,-1.76,8950,-120,-1.32,8890,9180,1399-12-13
30,بجهرم,توسعه مولد نيروگاهي جهرم,4565,54066539,156788482127,2796,2800,2963,167,5.97,2900,104,3.72,2800,2963,1399-12-13
31,خاهن,آهنگري‌ تراكتورسازي‌ ايران‌,4237,9957567,394581783260,38070,38010,39000,930,2.44,39630,1560,4.1,38010,40350,1399-12-13
32,شگويا,پتروشيمي تندگويان,4177,16355295,131868187207,8197,8102,8034,-163,-1.99,8063,-134,-1.63,8034,8380,1399-12-13
33,بزاگرس,نيروگاه زاگرس كوثر,4124,34541220,256139837799,7389,7242,7440,51,0.69,7415,26,0.35,7242,7650,1399-12-13
34,شپنا,پالايش نفت اصفهان,3759,37601595,430547137200,11660,11530,11430,-230,-1.97,11450,-210,-1.8,11430,11700,1399-12-13
35,شتران,پالايش نفت تهران,3693,37392335,308949155760,8420,8260,8260,-160,-1.9,8260,-160,-1.9,8260,8380,1399-12-13
36,ونيرو,سرمايه‌گذاري‌نيرو,3651,63765955,168216592350,2590,2550,2680,90,3.47,2640,50,1.93,2540,2730,1399-12-13
37,سبزوا,سيمان لار سبزوار,3651,33000715,126539943552,3830,3990,3779,-51,-1.33,3834,4,0.1,3754,3990,1399-12-13
38,ساربيل,سيمان آرتا اردبيل,3343,3577756,225437375000,63100,66700,61840,-1260,-2.0,63010,-90,-0.14,61840,66700,1399-12-13
39,صبا,سرمايه گذاري صبا تامين,3011,7047851,48708673720,6963,7005,6910,-53,-0.76,6941,-22,-0.32,6862,7090,1399-12-13
40,كرمان,س. توسعه و عمران استان كرمان,3006,7336654,408406558130,52843,53990,56013,3170,6.0,55667,2824,5.34,53200,56013,1399-12-13
41,وبصادر,بانك صادرات ايران,2966,100640329,231964978390,2340,2350,2300,-40,-1.71,2300,-40,-1.71,2300,2380,1399-12-13
42,وغدير,سرمايه‌گذاري‌غدير(هلدينگ‌,2963,21984012,237371474560,10950,10950,10870,-80,-0.73,10800,-150,-1.37,10740,10950,1399-12-13
43,بمپنا,توليد برق عسلويه  مپنا,2961,6145938,482012283220,79944,78346,78346,-1598,-2.0,78428,-1516,-1.9,78346,79730,1399-12-13
44,سصفها,سيمان‌اصفهان‌,2921,3196431,411567900930,125480,133000,122970,-2510,-2.0,128760,3280,2.61,122970,133000,1399-12-13
45,غگيلا,شيرپاستوريزه پگاه گيلان,2889,61577,1473291302,22572,23926,23926,1354,6.0,22609,37,0.16,23926,23926,1399-12-13
46,سيلام,سيمان‌ ايلام‌,2758,18602606,225486889470,11940,12650,11710,-230,-1.93,12120,180,1.51,11710,12650,1399-12-13
47,تبرك,گروه كارخانجات صنعتي تبرك,2738,8264076,138408688347,16070,16570,17034,964,6.0,16748,678,4.22,15901,17034,1399-12-13
48,بكهنوج,توليد برق ماهتاب كهنوج,2717,58362961,109651639233,1844,1808,1890,46,2.49,1879,35,1.9,1808,1940,1399-12-13
49,شبندر,پالايش نفت بندرعباس,2713,14024022,344767940840,24910,24950,24420,-490,-1.97,24580,-330,-1.32,24420,25160,1399-12-13
50,خودرو,ايران‌ خودرو,2703,72384232,177374463870,2490,2450,2450,-40,-1.61,2450,-40,-1.61,2450,2480,1399-12-13
51,ونوين,بانك‌اقتصادنوين‌,2687,88702643,339080425640,3890,3880,3840,-50,-1.29,3820,-70,-1.8,3820,3880,1399-12-13
52,فخوز,فولاد  خوزستان,2631,22375380,285293393520,12980,12810,12740,-240,-1.85,12750,-230,-1.77,12730,13090,1399-12-13
53,فارس,صنايع پتروشيمي خليج فارس,2451,13989067,117538447820,8560,8600,8390,-170,-1.99,8400,-160,-1.87,8390,8650,1399-12-13
54,سشمال,سيمان‌ شمال‌,2441,9700203,123841182970,12880,13280,12630,-250,-1.94,12770,-110,-0.85,12630,13280,1399-12-13
55,آوا,صندوق س.سهام آواي معيار-س,2333,22581129,150819410685,6919,6924,6643,-276,-3.99,6679,-240,-3.47,6643,6924,1399-12-13
56,وپست,پست بانك ايران,2307,26412709,447006462090,16210,15890,17180,970,5.98,16920,710,4.38,15890,17180,1399-12-13
57,نطرين,عطرين نخ قم,2280,7992577,98731196603,12232,12414,12040,-192,-1.57,12353,121,0.99,11988,12800,1399-12-13
58,امين يكم2,صندوق درآمد ثابت امين يكم فردا,2150,215000000,215000000,10134,1,1,-10133,-99.99,1,-10133,-99.99,1,1,1399-12-13
59,سشرق,سيمان‌ شرق‌,2143,13236474,94425634730,7020,7300,7060,40,0.57,7130,110,1.57,6930,7300,1399-12-13
60,خساپا,سايپا,2057,89380556,201944767810,2290,2270,2250,-40,-1.75,2260,-30,-1.31,2250,2290,1399-12-13
61,كيان,صندوق س. با درآمد ثابت كيان,2029,55617802,1523866387701,27387,27410,27411,24,0.09,27399,12,0.04,27397,27411,1399-12-13
62,غپاك,لبنيات‌ پاك‌,2005,6552242,129368245630,19340,19340,20260,920,4.76,19740,400,2.07,18980,20290,1399-12-13
63,وپاسار,بانك  پاسارگاد,2003,39686577,472254031080,11900,11730,11910,10,0.08,11900,0,0.0,11730,11970,1399-12-13
64,شغدير,پتروشيمي غدير,1978,3127928,200449151018,64923,65500,63626,-1297,-2.0,64084,-839,-1.29,63625,68000,1399-12-13
65,ذوب,سهامي ذوب آهن  اصفهان,1964,25258393,96785885069,3903,3841,3825,-78,-2.0,3832,-71,-1.82,3825,3888,1399-12-13
66,وساخت,سرمايه‌ گذاري‌ ساختمان‌ايران‌,1949,1782798,82747486080,45600,44690,46490,890,1.95,46410,810,1.78,44690,47350,1399-12-13
67,نوري,پتروشيمي نوري,1929,1299909,64798442740,50250,51000,49720,-530,-1.05,49980,-270,-0.54,49480,51700,1399-12-13
68,تسه9911,امتياز تسهيلات مسكن بهمن99,1897,53000,29519289298,557794,560000,561000,3206,0.57,556968,-826,-0.15,544504,561000,1399-12-13
69,سامان,بانك سامان,1817,21326506,215819589151,10285,10500,10199,-86,-0.84,10120,-165,-1.6,10080,10500,1399-12-13
70,اعتماد,صندوق س.اعتماد آفرين پارسيان-د,1770,42050870,1478732827210,35131,35150,35179,48,0.14,35165,34,0.1,35146,35179,1399-12-13
71,كاوه,فولاد كاوه جنوب كيش,1657,14925948,282635364910,19290,19070,18940,-350,-1.81,18940,-350,-1.81,18910,19300,1399-12-13
72,شلرد,كود شيميايي اوره لردگان,1633,9159349,61813353946,6807,6950,6678,-129,-1.9,6749,-58,-0.85,6671,6986,1399-12-13
73,چكاوه,صنايع‌كاغذسازي‌كاوه‌,1632,5524805,94835926220,16560,16580,17550,990,5.98,17170,610,3.68,16230,17550,1399-12-13
74,ستران,سيمان‌ تهران‌,1591,3016280,81975029260,27390,28140,26850,-540,-1.97,27180,-210,-0.77,26850,28590,1399-12-13
75,قرن,پديده شيمي قرن,1591,1229820,75979633790,60400,60600,61720,1320,2.19,61780,1380,2.28,60600,62800,1399-12-13
76,سمازن,سيمان‌مازندران‌,1588,6638426,82328343540,12400,12730,12180,-220,-1.77,12400,0,0.0,12160,12800,1399-12-13
77,وملي,گروه‌ صنعتي‌ ملي‌ (هلدينگ‌,1540,541324,92999585390,174880,175500,171400,-3480,-1.99,171800,-3080,-1.76,171390,175500,1399-12-13
78,شبريز,پالايش نفت تبريز,1538,6889982,191952594180,28380,27850,27820,-560,-1.97,27860,-520,-1.83,27820,28440,1399-12-13
79,پاكشو,گروه صنعتي پاكشو,1532,1008009,82117702240,80400,82100,82000,1600,1.99,81230,830,1.03,80700,83000,1399-12-13
80,فولاژ,فولاد آلياژي ايران,1508,4680834,79930332490,16880,17200,17240,360,2.13,17080,200,1.18,16560,17500,1399-12-13
81,غسالم,سالمين‌,1479,14126706,58411454130,4210,4250,4130,-80,-1.9,4130,-80,-1.9,4130,4270,1399-12-13
82,گكوثر,هتل پارسيان كوثر اصفهان,1434,21814755,56401045765,2623,2580,2571,-52,-1.98,2585,-38,-1.45,2571,2650,1399-12-13
83,شسپا,نفت سپاهان,1418,9101877,136803481170,14500,14700,15370,870,6.0,15030,530,3.66,14220,15370,1399-12-13
84,كچاد,معدني‌وصنعتي‌چادرملو,1392,9758176,194655271960,20000,19740,19880,-120,-0.6,19950,-50,-0.25,19700,20200,1399-12-13
85,سفارس,سيمان فارس و خوزستان,1366,6446075,120645230570,19030,19040,18650,-380,-2.0,18720,-310,-1.63,18650,19390,1399-12-13
86,وسپهح,ح . سرمايه‌گذاري‌ سپه‌,1351,9942931,49325807430,4950,5080,4890,-60,-1.21,4960,10,0.2,4850,5180,1399-12-13
87,كفرآور,فرآورده هاي سيمان شرق,1349,4598635,119113015611,26037,24996,26400,363,1.39,25902,-135,-0.52,24996,26999,1399-12-13
88,فسپا,گروه‌صنعتي‌سپاهان‌,1342,3927450,148742837920,37490,36830,38980,1490,3.97,37870,380,1.01,36750,39000,1399-12-13
89,سرو,صندوق س سروسودمند مدبران-سهام,1319,1584753,100662186120,65150,63560,63520,-1630,-2.5,63520,-1630,-2.5,63180,65000,1399-12-13
90,كگل,معدني و صنعتي گل گهر,1286,7620106,136022506470,17820,17820,18000,180,1.01,17850,30,0.17,17660,18170,1399-12-13
91,شبهرن,نفت‌ بهران‌,1263,1142807,62338163840,52710,54850,55660,2950,5.6,54550,1840,3.49,53000,55750,1399-12-13
92,رتاپ,تجارت الكترونيك  پارسيان,1254,7373925,48058677120,6450,6330,6540,90,1.4,6510,60,0.93,6330,6710,1399-12-13
93,آگاس,صندوق س.هستي بخش آگاه-س,1238,969756,60537137347,63794,64080,62202,-1592,-2.5,62425,-1369,-2.15,62200,64080,1399-12-13
94,بكام,كارخانجات توليدي شهيد قندي,1223,18070865,60516696390,3350,3360,3350,0,0.0,3350,0,0.0,3300,3370,1399-12-13
95,حتايد,تايدواترخاورميانه,1218,3963114,90530720900,23050,23150,23060,10,0.04,22840,-210,-0.91,22590,23710,1399-12-13
96,غالبر,لبنيات‌ كالبر,1190,3427421,63682338530,18890,18520,18520,-370,-1.96,18580,-310,-1.64,18520,19200,1399-12-13
97,شصدف,صنعتي دوده فام,1180,45959,1403909573,28818,30547,30547,1729,6.0,28863,45,0.16,30547,30547,1399-12-13
98,ومعادن,توسعه‌معادن‌وفلزات‌,1101,10964162,119582266180,11120,11000,10910,-210,-1.89,10910,-210,-1.89,10900,11220,1399-12-13
99,بموتو,موتوژن‌,1082,775621,44928244930,56580,59970,56600,20,0.04,57770,1190,2.1,56580,59970,1399-12-13
100,ومهان,گروه توسعه مالي مهر آيندگان,1070,2866579,34615216296,12163,12280,12158,-5,-0.04,12100,-63,-0.52,11950,12280,1399-12-13
101,خكرمان,گروه اقتصادي كرمان خودرو,1056,10712771,41934583030,3980,3935,3903,-77,-1.93,3914,-66,-1.66,3901,4030,1399-12-13
102,سيدكو,سرمايه گذاري توسعه صنايع سيمان,1029,5432387,34337595210,6140,6370,6350,210,3.42,6260,120,1.95,6190,6500,1399-12-13
103,تاپيكو,س. نفت و گاز و پتروشيمي تأمين,999,9420483,101205284080,10950,10760,10740,-210,-1.92,10760,-190,-1.74,10740,10900,1399-12-13
104,سباقر,سيمان باقران,997,2949540,57218705389,18911,19000,19390,479,2.53,19399,488,2.58,19000,19478,1399-12-13
105,پارسيان,بيمه پارسيان,996,11108588,131720841530,12090,11850,11850,-240,-1.99,11860,-230,-1.9,11850,12080,1399-12-13
106,تكشا,گسترش‌صنايع‌وخدمات‌كشاورزي‌,941,1743725,83456308360,48830,47860,47860,-970,-1.99,47860,-970,-1.99,47860,47950,1399-12-13
107,فوكا,فولاد كاويان,934,10047444,128538158927,13030,12840,12770,-260,-2.0,12793,-237,-1.82,12770,13020,1399-12-13
108,سفانو,سيمان فارس نو,933,752127,33178937040,43540,43550,44000,460,1.06,43930,390,0.9,43110,45200,1399-12-13
109,وسين,بيمه سينا,929,4038666,60176659699,15567,15120,14789,-778,-5.0,14900,-667,-4.28,14789,15800,1399-12-13
110,وبانك,سرمايه گذاري گروه توسعه ملي,911,5210356,39181460250,7620,7490,7580,-40,-0.52,7570,-50,-0.66,7470,7640,1399-12-13
111,زفكاح,ح . كشت و دامداري فكا,898,5430235,43500528519,8015,7880,8003,-12,-0.15,8011,-4,-0.05,7880,8137,1399-12-13
112,ساينا,صنايع بهداشتي ساينا,895,272759,43164812609,159362,156175,157806,-1556,-0.98,158381,-981,-0.62,156175,165000,1399-12-13
113,فجر,فولاد اميركبيركاشان,892,1765586,99685274990,57140,58990,56530,-610,-1.07,56460,-680,-1.19,56000,58990,1399-12-13
114,تاصيكو,سرمايه گذاري صدرتامين,888,5818710,54472076700,9420,9430,9320,-100,-1.06,9390,-30,-0.32,9240,9700,1399-12-13
115,مدير,ص.س.مديريت ثروت ص.بازنشستگي-س,885,3877097,33964562208,8998,8819,8735,-263,-2.92,8760,-238,-2.65,8701,8980,1399-12-13
116,نهال,صندوق س. طلاي سرخ نوويرا,882,2594091,24667696985,9420,9301,9509,89,0.94,9509,89,0.94,9301,9750,1399-12-13
117,غگلپا,شير پاستوريزه پگاه گلپايگان,875,713516,50706111773,70784,70784,70040,-744,-1.05,71065,281,0.4,69561,73339,1399-12-13
118,والبر,سرمايه‌ گذاري‌ البرز(هلدينگ‌,875,3131945,51941076190,16800,16800,16490,-310,-1.85,16580,-220,-1.31,16470,17100,1399-12-13
119,كروي,توسعه‌ معادن‌ روي‌ ايران‌,872,1709140,45764358140,27070,26580,26530,-540,-1.99,26800,-270,-1.0,26530,28000,1399-12-13
120,شاروم,پتروشيمي اروميه,867,667175,12722742823,19457,19068,19068,-389,-2.0,19356,-101,-0.52,19068,19152,1399-12-13
121,ضخود2007,اختيارخ خودرو-3000-1400/02/08,859,40179,5088573000,151,162,123,-28,-18.54,127,-24,-15.89,122,162,1399-12-13
122,سپاها,سيمان‌سپاهان‌,856,3774866,33215624270,8880,9120,8710,-170,-1.91,8830,-50,-0.56,8710,9120,1399-12-13
123,فباهنر,مس‌ شهيدباهنر,842,1111525,55502092970,50830,50000,50100,-730,-1.44,49930,-900,-1.77,49820,51000,1399-12-13
124,ارزش,صندوق س ارزش آفرين بيدار-سهام,836,4032764,37363053070,9500,9430,9230,-270,-2.84,9260,-240,-2.53,9200,9430,1399-12-13
125,كپشير,پشم‌شيشه‌ايران‌,805,1832017,76577846490,42450,43320,41610,-840,-1.98,41800,-650,-1.53,41610,43320,1399-12-13
126,زاگرس,پتروشيمي زاگرس,798,350934,64725080485,181948,180000,186560,4612,2.53,183536,1588,0.87,180000,188900,1399-12-13
127,سكرما,سيمان‌ كرمان‌,753,1957869,35438467510,18070,18400,17770,-300,-1.66,18090,20,0.11,17710,18850,1399-12-13
128,وسكاب,س.ص.بازنشستگي كاركنان بانكها,752,5160055,27267146370,5340,5390,5290,-50,-0.94,5310,-30,-0.56,5240,5400,1399-12-13
129,كسعديح,ح . كاشي‌ سعدي‌,738,6147626,85083143840,14410,13840,13840,-570,-3.96,13840,-570,-3.96,13840,13840,1399-12-13
130,اميد,تامين سرمايه اميد,733,7818939,68020004630,8810,8780,8640,-170,-1.93,8700,-110,-1.25,8640,8890,1399-12-13
131,جمح,ح . پتروشيمي جم,728,1479727,35022552820,24080,23410,24000,-80,-0.33,23670,-410,-1.7,23140,24200,1399-12-13
132,نوين,بيمه نوين,697,6427127,39438483988,6261,6136,6136,-125,-2.0,6158,-103,-1.65,6136,6200,1399-12-13
133,دعبيد,لابراتوارداروسازي‌  دكترعبيدي‌,690,1110835,24400041660,22390,22000,21960,-430,-1.92,22170,-220,-0.98,21950,22360,1399-12-13
134,دزهراويح,ح . ‌داروسازي‌زهراوي‌,688,3732751,19471206550,5400,5400,5190,-210,-3.89,5220,-180,-3.33,5190,5400,1399-12-13
135,شفن,پتروشيمي فناوران,664,113552,32392153670,280580,288670,285000,4420,1.58,282070,1490,0.53,279160,288670,1399-12-13
136,ثمسكن,سرمايه‌گذاري‌ مسكن‌,661,10821145,56541460160,5320,5350,5220,-100,-1.88,5230,-90,-1.69,5220,5480,1399-12-13
137,بفجر,فجر انرژي خليج فارس,660,1862708,42360147450,22750,22320,22880,130,0.57,22740,-10,-0.04,22300,23470,1399-12-13
138,كگاز,شيشه‌ و گاز,648,1448404,27521039630,19030,19870,18840,-190,-1.0,19010,-20,-0.11,18650,19870,1399-12-13
139,سخوز,سيمان خوزستان,638,1432089,32114281770,22740,22530,22440,-300,-1.32,22530,-210,-0.92,22290,23460,1399-12-13
140,پارند,صندوق س. پارند پايدار سپهر,629,14965902,170193311429,11361,11370,11372,11,0.1,11372,11,0.1,11370,11380,1399-12-13
141,همراه,شركت ارتباطات سيار ايران,626,2226440,56448035590,25860,25410,25350,-510,-1.97,25560,-300,-1.16,25350,25650,1399-12-13
142,شيران,س. صنايع‌شيميايي‌ايران,624,2254018,59479217050,26870,26400,26340,-530,-1.97,26570,-300,-1.12,26340,26900,1399-12-13
143,تسه9910,امتياز تسهيلات مسكن دي99,623,14414,8033511971,555802,560000,548111,-7691,-1.38,557341,1539,0.28,543666,560500,1399-12-13
144,شكربن,كربن‌ ايران‌,620,527639,50493574790,97630,97630,95680,-1950,-2.0,95700,-1930,-1.98,95680,97630,1399-12-13
145,تكنو,تكنوتار,618,1430693,33764908610,23900,23660,23430,-470,-1.97,23690,-210,-0.88,23430,24490,1399-12-13
146,رمپنا,گروه مپنا (سهامي عام),616,5830544,90061885130,15730,15420,15420,-310,-1.97,15510,-220,-1.4,15420,15940,1399-12-13
147,شبصير,توليدات پتروشيمي قائد بصير,610,380104,34186918573,91606,89774,89774,-1832,-2.0,90502,-1104,-1.21,89774,92900,1399-12-13
148,ميدكو,هلدينگ صنايع  معدني خاورميانه,602,3450454,104889283411,30338,30400,30400,62,0.2,30392,54,0.18,29900,30440,1399-12-13
149,سدور,سيمان‌ دورود,595,3471998,68710840420,20190,19790,19790,-400,-1.98,19790,-400,-1.98,19790,19790,1399-12-13
150,زشگزا,شير و گوشت زاگرس شهركرد,593,3794436,30754832818,8217,8053,8053,-164,-2.0,8145,-72,-0.88,8053,8216,1399-12-13
151,اتكاي,بيمه اتكايي ايرانيان,587,2993440,41137477152,13302,13555,14098,796,5.98,13654,352,2.65,13310,14100,1399-12-13
152,فاسمين,كالسيمين‌,587,3119172,49961990930,16290,16000,15970,-320,-1.96,16020,-270,-1.66,15970,16570,1399-12-13
153,ارفع,شركت آهن و فولاد ارفع,583,2542418,32234821477,12758,12900,12758,0,0.0,12716,-42,-0.33,12520,13000,1399-12-13
154,كرازي,كارخانجات‌توليدي‌شيشه‌رازي‌,579,1482915,33005117130,22670,22410,22220,-450,-1.99,22380,-290,-1.28,22220,22990,1399-12-13
155,مبين,مبين انرژي خليج فارس,570,2323988,34460018970,14780,15020,14930,150,1.01,14790,10,0.07,14490,15160,1399-12-13
156,پارسان,گسترش نفت و گاز پارسيان,559,4268848,75380455600,17970,17650,17620,-350,-1.95,17760,-210,-1.17,17620,18100,1399-12-13
157,تسه9908,امتياز تسهيلات مسكن آبان99,553,12080,6671413205,553130,560000,549000,-4130,-0.75,552269,-861,-0.16,534522,560000,1399-12-13
158,حسينا,توسعه خدمات دريايي وبندري سينا,537,877860,62407515295,71011,69693,71500,489,0.69,71091,80,0.11,69693,71700,1399-12-13
159,ما,بيمه  ما,534,7253872,57584462750,8020,8110,8020,0,0.0,7940,-80,-1.0,7860,8180,1399-12-13
160,خبهمن,گروه‌بهمن‌,531,3324364,67684051040,20770,20360,20360,-410,-1.97,20430,-340,-1.64,20360,20360,1399-12-13
161,وحكمت,بيمه حكمت صبا,519,4712154,18936032445,4086,4040,4007,-79,-1.93,4019,-67,-1.64,4005,4129,1399-12-13
162,بپاس,بيمه پاسارگاد,518,2129592,158714232576,76048,74528,74528,-1520,-2.0,74528,-1520,-2.0,74528,74528,1399-12-13
163,شاراك,پتروشيمي شازند,516,1589425,34992366680,21710,21400,22000,290,1.34,21860,150,0.69,21400,22330,1399-12-13
164,شپديس,پتروشيمي پرديس,515,1156653,101600962500,88110,86390,87790,-320,-0.36,87840,-270,-0.31,86390,88990,1399-12-13
165,ثاخت,بين‌المللي‌توسعه‌ساختمان,512,9555553,25226759430,2690,2640,2640,-50,-1.86,2660,-30,-1.12,2640,2650,1399-12-13
166,دي,بانك دي,501,879349,18534038873,21507,21077,21077,-430,-2.0,21359,-148,-0.69,21077,21077,1399-12-13
167,قچار,فراوردههاي غذايي وقند چهارمحال,499,512790,48973619052,95343,94500,93437,-1906,-2.0,95496,153,0.16,93437,96990,1399-12-13
168,وملل,اعتباري ملل,484,4739967,63835467743,13711,13710,13437,-274,-2.0,13467,-244,-1.78,13437,13990,1399-12-13
169,وايرا,سرمايه گذاري صنايع ايران,482,1648496,17779780188,10800,10600,10900,100,0.93,10787,-13,-0.12,10595,10999,1399-12-13
170,دشيميح,ح . شيمي‌ داروئي‌ داروپخش‌,481,901551,19859156460,22920,22300,22010,-910,-3.97,22030,-890,-3.88,22010,22530,1399-12-13
171,ورازي,بيمه رازي,477,8476406,71388825190,8045,8447,8447,402,5.0,8422,377,4.69,8089,8447,1399-12-13
172,البرز,بيمه البرز,474,9930443,34879854420,3570,3510,3500,-70,-1.96,3530,-40,-1.12,3500,3570,1399-12-13
173,ياقوت,صندوق س ياقوت آگاه-ثابت,473,6253446,74998030082,11981,12000,12003,22,0.18,11993,12,0.1,11983,12003,1399-12-13
174,تسه9909,امتياز تسهيلات مسكن آذر99,464,10699,5942839112,556163,560000,528355,-27808,-5.0,555457,-706,-0.13,528355,560000,1399-12-13
175,آكورد,صندوق س. آرمان آتي كوثر-د,462,7000785,216920973325,30971,30987,30984,13,0.04,30985,14,0.05,30983,30995,1399-12-13
176,غبشهر,صنعتي‌ بهشهر,461,1062429,20739136520,19840,19450,19460,-380,-1.92,19700,-140,-0.71,19450,20440,1399-12-13
177,كهمدا,شيشه‌ همدان‌,459,1652077,16362455510,10090,9990,9890,-200,-1.98,10030,-60,-0.59,9890,10100,1399-12-13
178,رنيك,جنرال مكانيك,453,788180,15856151535,20519,20232,20109,-410,-2.0,20384,-135,-0.66,20109,20400,1399-12-13
179,واحيا,م .صنايع و معادن احياء سپاهان,453,813191,117583460333,142964,146539,144920,1956,1.37,144595,1631,1.14,141535,146539,1399-12-13
180,وسينا,بانك سينا,448,5545365,17870556560,3280,3280,3220,-60,-1.83,3260,-20,-0.61,3220,3280,1399-12-13
181,كمينا,شيشه سازي مينا,448,792681,20519078813,26463,26580,25530,-933,-3.53,25886,-577,-2.18,25520,27000,1399-12-13
182,سحرخيز,صندوق س. گروه زعفران سحرخيز,447,1762765,16726156623,9505,9570,9507,2,0.02,9489,-16,-0.17,9412,9570,1399-12-13
183,چفيبر,فيبر ايران‌,446,1359270,18948223800,14220,13940,13940,-280,-1.97,14110,-110,-0.77,13940,13940,1399-12-13
184,خگستر,گسترش‌سرمايه‌گذاري‌ايران‌خودرو,434,3814210,11099351100,2960,2910,2910,-50,-1.69,2950,-10,-0.34,2910,2910,1399-12-13
185,سهگمت,سيمان‌هگمتان‌,426,716804,18585172790,26020,26000,25870,-150,-0.58,25990,-30,-0.12,25500,26400,1399-12-13
186,وبشهر,توسعه‌ صنايع‌ بهشهر(هلدينگ,424,3523861,40355192260,11540,11380,11310,-230,-1.99,11470,-70,-0.61,11310,11590,1399-12-13
187,هرمز,فولاد هرمزگان جنوب,422,2419916,31318190111,13160,13072,13057,-103,-0.78,13102,-58,-0.44,12897,13200,1399-12-13
188,سكه0012پ01,سكه تمام بهارتحويلي 1روزه رفاه,420,122100,132485786100,1082943,1088900,1082799,-144,-0.01,1085060,2117,0.2,1080000,1091500,1399-12-13
189,پرديس,سرمايه گذاري پرديس,419,2955936,18488277780,6370,6460,6250,-120,-1.88,6330,-40,-0.63,6250,6460,1399-12-13
190,غفارس,شير پاستوريزه پگاه فارس,419,2490695,38083892894,15582,15687,15271,-311,-2.0,15348,-234,-1.5,15271,15700,1399-12-13
191,سكرد,سيمان كردستان,409,1669221,17358041100,10550,10400,10340,-210,-1.99,10500,-50,-0.47,10340,10800,1399-12-13
192,فلوله,لوله‌وماشين‌سازي‌ايران‌,406,1309415,28529937580,21890,21890,21460,-430,-1.96,21830,-60,-0.27,21460,22340,1399-12-13
193,وپارس,بانك‌پارسيان‌,402,34056755,109322183550,3270,3210,3210,-60,-1.83,3210,-60,-1.83,3210,3210,1399-12-13
194,پلاسك,پلاسكوكار,400,2214935,17299650110,7940,8070,7790,-150,-1.89,7890,-50,-0.63,7790,8070,1399-12-13
195,طلا,صندوق س.پشتوانه طلاي لوتوس,393,265562,21052665739,78891,78891,79176,285,0.36,79276,385,0.49,78891,79600,1399-12-13
196,كاما,باما,386,1040666,14558917340,14270,13990,13990,-280,-1.96,14200,-70,-0.49,13990,13990,1399-12-13
197,كاردان,صندوق س تجارت شاخصي كاردان,383,146013,22300128760,153950,151200,151080,-2870,-1.86,152730,-1220,-0.79,149220,155020,1399-12-13
198,بترانس,ايران‌ ترانسفو,381,4821296,13210351040,2790,2740,2740,-50,-1.79,2780,-10,-0.36,2740,2740,1399-12-13
199,كحافظ,كاشي‌ وسراميك‌ حافظ‌,377,1162843,14458809420,12680,12450,12430,-250,-1.97,12610,-70,-0.55,12430,12500,1399-12-13
200,فايرا,آلومينيوم‌ايران‌,374,1230818,31561940010,25670,25200,25900,230,0.9,25650,-20,-0.08,25160,26000,1399-12-13
201,ساروم,سيمان‌اروميه‌,369,1106400,48193748240,41630,44000,43120,1490,3.58,43400,1770,4.25,43120,44000,1399-12-13
202,زر,صندوق س.پشتوانه سكه طلاي زر,366,1167738,56031978178,47732,47650,47821,89,0.19,47983,251,0.53,47320,48300,1399-12-13
203,افران,صندوق س افرا نماد پايدار-ثابت,365,11634424,149038295358,12799,12812,12830,31,0.24,12810,11,0.09,12809,12848,1399-12-13
204,جم,پتروشيمي جم,362,1573920,47759416360,30360,29940,30430,70,0.23,30350,-10,-0.03,29940,30650,1399-12-13
205,غگل,گلوكوزان‌,360,2927159,10157241730,3540,3470,3470,-70,-1.98,3530,-10,-0.28,3470,3470,1399-12-13
206,سپاس,صندوق س. پاداش سهامداري توسعه1,354,11356685,115146791188,10135,10138,10139,4,0.04,10139,4,0.04,10138,10148,1399-12-13
207,حريل,ريل پردازسير,350,2780996,14810461112,5430,5330,5322,-108,-1.99,5399,-31,-0.57,5322,5353,1399-12-13
208,كيان2,صندوق س. با درآمد ثابت كيان,347,34700000,34700000,27387,1,1,-27386,-100.0,1,-27386,-100.0,1,1,1399-12-13
209,خصدرا,صنعتي‌ دريايي‌ ايران‌,342,6465909,19869738357,3201,3073,3073,-128,-4.0,3122,-79,-2.47,3073,3073,1399-12-13
210,اخابر,مخابرات ايران,341,11279547,115164174870,10410,10210,10210,-200,-1.92,10210,-200,-1.92,10210,10210,1399-12-13
211,شصفها,پتروشيمي‌ اصفهان‌,340,287044,37730110744,128891,131468,131468,2577,2.0,131444,2553,1.98,130000,131468,1399-12-13
212,وبوعلي,سرمايه‌گذاري‌بوعلي‌,334,1695943,9570587120,5750,5680,5640,-110,-1.91,5730,-20,-0.35,5640,5690,1399-12-13
213,نمرينو,ايران‌ مرينوس‌,330,725603,53846998630,70010,74210,74210,4200,6.0,73770,3760,5.37,74210,74210,1399-12-13
214,شپترو,پتروشيمي آبادان,328,6151994,28225348472,4455,4588,4588,133,2.99,4588,133,2.99,4588,4588,1399-12-13
215,لوتوس,تامين سرمايه لوتوس پارسيان,325,1017167,10563801570,10310,10230,10410,100,0.97,10330,20,0.19,10230,10700,1399-12-13
216,شاوان,پالايش نفت لاوان,322,189259,14289411875,76312,76000,74840,-1472,-1.93,76073,-239,-0.31,74796,77000,1399-12-13
217,تيپيكو,سرمايه گذاري دارويي تامين,318,1306901,52894043560,41110,40290,40290,-820,-1.99,40630,-480,-1.17,40290,41100,1399-12-13
218,وصنعت,سرمايه گذاري توسعه صنعت وتجارت,316,2504489,17550252720,7140,7000,7000,-140,-1.96,7090,-50,-0.7,7000,7100,1399-12-13
219,بنيرو,نيروترانس‌,314,1026629,15828430400,15490,15510,15190,-300,-1.94,15470,-20,-0.13,15190,16200,1399-12-13
220,فلات,گروه صنايع معادن فلات ايرانيان,313,1496778,19685586244,12769,13152,13152,383,3.0,13143,374,2.93,13090,13152,1399-12-13
221,تنوين,تامين سرمايه نوين,310,4470841,27405645210,6160,6100,6190,30,0.49,6140,-20,-0.32,6100,6220,1399-12-13
222,لبوتان,گروه‌صنعتي‌بوتان‌,298,238713,15058057860,64130,62850,62850,-1280,-2.0,63800,-330,-0.51,62850,64640,1399-12-13
223,بالاس,مهندسي ساختمان تاسيسات راه آهن,297,413224,24078240150,59455,58266,58266,-1189,-2.0,58852,-603,-1.01,58266,58500,1399-12-13
224,وآرين,شركت توسعه اقتصادي آرين,295,5573073,22233794266,4067,3986,3986,-81,-1.99,3990,-77,-1.89,3986,4050,1399-12-13
225,وخاور,بانك خاورميانه,286,1959496,16945811470,8700,8900,8740,40,0.46,8680,-20,-0.23,8590,8900,1399-12-13
226,وصنا,گروه‌صنايع‌بهشهرايران‌,275,2755675,16287771720,6030,5910,5910,-120,-1.99,5990,-40,-0.66,5910,5990,1399-12-13
227,كاريس,صندوق س.سپهر كاريزما-س,270,1486903,15629597749,10698,10600,10520,-178,-1.66,10512,-186,-1.74,10430,10797,1399-12-13
228,تسه9907,امتياز تسهيلات مسكن مهر99,269,6283,3462990093,553189,535111,550000,-3189,-0.58,551168,-2021,-0.37,535111,580847,1399-12-13
229,كرماشا,صنايع پتروشيمي كرمانشاه,261,535782,18163571170,34140,34180,33790,-350,-1.03,34050,-90,-0.26,33740,34980,1399-12-13
230,چكارن,كارتن‌ ايران‌,260,2269010,8077675600,3630,3560,3560,-70,-1.93,3620,-10,-0.28,3560,3560,1399-12-13
231,فروي,ذوب روي اصفهان,253,107549,7076831749,67143,65801,65801,-1342,-2.0,66947,-196,-0.29,65801,65801,1399-12-13
232,كنور,توسعه معدني و صنعتي صبانور,251,765695,32184064650,42860,42050,42010,-850,-1.98,42320,-540,-1.26,42010,42400,1399-12-13
233,سخاش,سيمان‌خاش‌,243,182585,29770484250,166370,163050,163050,-3320,-2.0,164340,-2030,-1.22,163050,163050,1399-12-13
234,پخش,پخش البرز,240,435245,14979688569,35016,35016,34316,-700,-2.0,34834,-182,-0.52,34316,35500,1399-12-13
235,فيروزه,صندوق شاخص30 شركت فيروزه- سهام,239,152266,19967474850,132990,132080,130180,-2810,-2.11,131140,-1850,-1.39,129420,132080,1399-12-13
236,شخارك,پتروشيمي‌ خارك‌,238,249733,10281723090,41340,41000,41010,-330,-0.8,41320,-20,-0.05,40710,41990,1399-12-13
237,كگهر,سنگ آهن گهرزمين,237,284581,13009778494,45818,45000,45800,-18,-0.04,45807,-11,-0.02,44930,46700,1399-12-13
238,پارس,پتروشيمي پارس,236,314327,39619607610,126570,125300,125750,-820,-0.65,126360,-210,-0.17,125300,128860,1399-12-13
239,واعتبار,سرمايه گذاري اعتبار ايران,235,1029731,8957074670,8860,8710,8690,-170,-1.92,8830,-30,-0.34,8690,8800,1399-12-13
240,شرانل,نفت ايرانول,233,986300,34169333406,35344,35000,34638,-706,-2.0,34842,-502,-1.42,34638,35000,1399-12-13
241,هاي وب,داده گسترعصرنوين-هاي وب,226,873028,8267575160,9660,9470,9470,-190,-1.97,9630,-30,-0.31,9470,9470,1399-12-13
242,دتماد,توليدمواداوليه‌داروپخش‌,224,1400573,60813265160,44300,43420,43420,-880,-1.99,43420,-880,-1.99,43420,43780,1399-12-13
243,دكپسولح,ح .توليد ژلاتين كپسول ايران,221,237339,5402756986,23128,22700,23120,-8,-0.03,22764,-364,-1.57,22666,23500,1399-12-13
244,قنقش,قند نقش جهان,220,205641,14194686294,68123,66761,69485,1362,2.0,69027,904,1.33,66761,69485,1399-12-13
245,تماوند,تامين سرمايه دماوند,219,496941,7066287474,14427,14490,14250,-177,-1.23,14346,-81,-0.56,13960,14800,1399-12-13
246,تسه9801,امتياز تسهيلات مسكن فروردين98,218,2516,1377937751,549004,527010,541555,-7449,-1.36,547670,-1334,-0.24,527010,559600,1399-12-13
247,كارين,صندوق س نگين سامان-ثابت,217,8829011,88985219361,10071,10075,10077,6,0.06,10079,8,0.08,10074,10080,1399-12-13
248,اطلس,صندوق س.توسعه اندوخته آينده-س,215,32344,6345304415,196743,199000,196310,-433,-0.22,196182,-561,-0.29,196000,199000,1399-12-13
249,تصميم,صندوق س با درآمد ثابت تصميم,209,1064055,16796365680,15763,15776,15792,29,0.18,15785,22,0.14,15776,15792,1399-12-13
250,سيستم,همكاران سيستم,208,963860,24833462650,26280,25770,25760,-520,-1.98,26010,-270,-1.03,25760,26430,1399-12-13
251,زرين,صندوق س. سهام زرين كوروش-س,203,432942,4040804346,9401,9700,9280,-121,-1.29,9333,-68,-0.72,9210,9700,1399-12-13
252,ضخود2006,اختيارخ خودرو-2500-1400/02/08,203,6486,1698154000,285,282,264,-21,-7.37,262,-23,-8.07,255,282,1399-12-13
253,فسازان,غلتك سازان سپاهان,202,417472,14058048470,34220,33600,33540,-680,-1.99,34060,-160,-0.47,33540,34490,1399-12-13
254,ساراب,سيمان‌ داراب‌,197,699776,10801117160,15660,15370,15350,-310,-1.98,15610,-50,-0.32,15350,15820,1399-12-13
255,جم پيلن,پلي پروپيلن جم - جم پيلن,192,104346,6819201410,65420,64310,65400,-20,-0.03,65410,-10,-0.02,64310,67690,1399-12-13
256,وهور,مديريت انرژي اميد  تابان هور,190,4876203,11366429193,2378,2331,2331,-47,-1.98,2369,-9,-0.38,2331,2331,1399-12-13
257,پكرمان,گروه‌ صنعتي‌ بارز,189,358391,9038806990,25720,25240,25210,-510,-1.98,25630,-90,-0.35,25210,25500,1399-12-13
258,حكشتي,كشتيراني جمهوري اسلامي ايران,189,287457,5677275750,20150,19750,19750,-400,-1.99,20130,-20,-0.1,19750,19750,1399-12-13
259,انرژي3,سايراشخاص بورس انرژي,188,18782,5026626660,273090,267630,267630,-5460,-2.0,272660,-430,-0.16,267630,267630,1399-12-13
260,تسه9902,امتياز تسهيلات مسكن ارديبهشت99,187,3091,1714187249,555259,583021,583020,27761,5.0,554574,-685,-0.12,535100,583021,1399-12-13
261,دسبحان,سبحان دارو,186,404996,8861107650,22110,22110,22080,-30,-0.14,22070,-40,-0.18,21670,22500,1399-12-13
262,فنورد,نوردوقطعات‌ فولادي‌,186,75363,14992405180,202910,200000,198860,-4050,-2.0,201630,-1280,-0.63,198860,204000,1399-12-13
263,تسه9712,امتياز تسهيلات مسكن اسفند97,180,2508,1324055514,531581,531000,534120,2539,0.48,527933,-3648,-0.69,505002,557999,1399-12-13
264,شفارا,پتروشيمي فارابي,180,3263191,12121539101,3784,3710,3709,-75,-1.98,3740,-44,-1.16,3709,3750,1399-12-13
265,غويتاح,ح . ويتانا,180,999912,11105428562,11332,11106,11106,-226,-1.99,11106,-226,-1.99,11106,11291,1399-12-13
266,سرچشمه,سرمايه گذاري مس سرچشمه,178,1275948,8208628611,6563,6432,6432,-131,-2.0,6541,-22,-0.34,6432,6470,1399-12-13
267,دكيمي,كيميدارو,176,416437,10611946840,25920,25700,25410,-510,-1.97,25830,-90,-0.35,25410,26000,1399-12-13
268,تسه9810,امتياز تسهيلات مسكن دي98,166,3167,1737979760,548866,522123,559800,10934,1.99,548778,-88,-0.02,522123,565000,1399-12-13
269,شيراز,پتروشيمي‌شيراز,164,675798,33537790030,50620,50000,50230,-390,-0.77,50280,-340,-0.67,49610,51000,1399-12-13
270,رانفور,خدمات‌انفورماتيك‌,164,208124,4974393600,24380,23900,23900,-480,-1.97,24350,-30,-0.12,23900,23930,1399-12-13
271,فزرين,زرين معدن آسيا,163,552212,15839096796,29268,28683,28683,-585,-2.0,29067,-201,-0.69,28683,28683,1399-12-13
272,ساروج,بين المللي ساروج بوشهر,163,1066578,23770863010,22703,22340,22249,-454,-2.0,22287,-416,-1.83,22249,23000,1399-12-13
273,سپ,پرداخت الكترونيك سامان كيش,163,603505,10242365730,17310,16970,16970,-340,-1.96,17240,-70,-0.4,16970,17270,1399-12-13
274,گشان,توسعه بين المللي پديده شانديز,161,237423,8364174867,35947,35229,35229,-718,-2.0,35660,-287,-0.8,35229,35229,1399-12-13
275,شپاس,نفت پاسارگاد,161,571648,11798949919,21056,20665,20771,-285,-1.35,20954,-102,-0.48,20635,21000,1399-12-13
276,سكه9912پ04,سكه تمام بهارتحويل1روزه صادرات,157,111100,120537205400,1079523,1089490,1083999,4476,0.41,1084943,5420,0.5,1081011,1089499,1399-12-13
277,چخزر,صنايع چوب خزر كاسپين,155,410244,23986966680,59663,58470,58470,-1193,-2.0,59060,-603,-1.01,58470,58470,1399-12-13
278,بميلا,توسعه بازرگاني آهن وفولادميلاد,154,1460893,22947707244,14960,15708,15708,748,5.0,15708,748,5.0,15708,15708,1399-12-13
279,دزهراوي,داروسازي‌زهراوي‌,154,388300,3075336000,8080,7920,7920,-160,-1.98,8070,-10,-0.12,7920,7920,1399-12-13
280,ضجار2002,اختيارخ وتجارت-2500-1400/02/22,152,7827,2344439000,321,320,304,-17,-5.3,300,-21,-6.54,292,320,1399-12-13
281,شپاكسا,پاكسان‌,150,160606,4361666840,27680,27900,27130,-550,-1.99,27630,-50,-0.18,27130,27980,1399-12-13
282,تسه9802,امتياز تسهيلات مسكن ارديبهشت98,146,1378,759408940,559260,550002,550010,-9250,-1.65,551095,-8165,-1.46,532100,563998,1399-12-13
283,كسعدي,كاشي‌ سعدي‌,145,454236,9829667040,22080,21640,21640,-440,-1.99,21990,-90,-0.41,21640,21640,1399-12-13
284,افق,فروشگاههاي زنجيره اي افق كوروش,145,104655,7635628800,74440,72960,72960,-1480,-1.99,74310,-130,-0.17,72960,72960,1399-12-13
285,دسبحا,گروه دارويي سبحان,143,349178,6478854350,18870,18870,18500,-370,-1.96,18830,-40,-0.21,18500,18950,1399-12-13
286,سپيدار,سپيدار سيستم آسيا,142,337620,22896375540,69201,67817,67817,-1384,-2.0,68529,-672,-0.97,67817,67817,1399-12-13
287,غزر,صنعتي زر ماكارون,140,141536,3696920320,26650,26120,26120,-530,-1.99,26610,-40,-0.15,26120,26120,1399-12-13
288,عيار,صندوق س. پشتوانه طلاي مفيد,139,114190,3161625090,27599,27550,27689,90,0.33,27687,88,0.32,27550,27779,1399-12-13
289,شراز,پالايش نفت شيراز,139,191877,19339160964,102805,100749,100749,-2056,-2.0,101992,-813,-0.79,100749,103800,1399-12-13
290,دارا,صندوق س. دارا الگوريتم-د,139,3996505,40043647219,10018,10049,10010,-8,-0.08,10020,2,0.02,10008,10050,1399-12-13
291,آساس,صندوق س.آسمان آرماني سهام-س,139,49367,7593501749,156595,158795,153465,-3130,-2.0,153817,-2778,-1.77,153464,158795,1399-12-13
292,دسانكو,داروسازي سبحان انكولوژي,135,732070,11067864811,15409,15110,15101,-308,-2.0,15345,-64,-0.42,15101,15366,1399-12-13
293,تسه9904,امتياز تسهيلات مسكن تير99,131,2423,1348903164,558564,532637,559000,436,0.08,556708,-1856,-0.33,532222,586491,1399-12-13
294,افق ملت,صندوق س در سهام افق ملت,131,57652,6815636860,116560,118500,118010,1450,1.24,118220,1660,1.42,118000,119000,1399-12-13
295,مارون,پتروشيمي مارون,128,39137,5841933351,148776,150528,147810,-966,-0.65,148805,29,0.02,147810,151999,1399-12-13
296,تسه9906,امتياز تسهيلات مسكن شهريور99,127,1329,732397015,553408,528444,540000,-13408,-2.42,551089,-2319,-0.42,528444,569999,1399-12-13
297,وسپه,سرمايه‌گذاري‌ سپه‌,126,1128489,7414172730,6700,6570,6570,-130,-1.94,6660,-40,-0.6,6570,6570,1399-12-13
298,ثامان,سامان‌ گستراصفهان‌,126,522344,12123604240,23680,23210,23210,-470,-1.98,23570,-110,-0.46,23210,23210,1399-12-13
299,ارمغان,ص سرمايه گذاري ارمغان ايرانيان,124,1305932,13276448971,10153,10164,10174,21,0.21,10166,13,0.13,10158,10175,1399-12-13
300,ضشنا2002,اختيارخ شپنا-12000-1400/02/27,124,4628,5258692000,1376,1260,1035,-341,-24.78,1136,-240,-17.44,1021,1260,1399-12-13
301,قپيرا,فرآورده‌هاي‌غدايي‌وقندپيرانشهر,123,76691,7947186490,105700,103590,103590,-2110,-2.0,105360,-340,-0.32,103590,104190,1399-12-13
302,ضخود2005,اختيارخ خودرو-2000-1400/02/08,123,3319,1920315000,631,748,560,-71,-11.25,579,-52,-8.24,550,748,1399-12-13
303,كپرور,فرآوري زغال سنگ پروده طبس,122,389441,15190897327,39802,39006,39006,-796,-2.0,39549,-253,-0.64,39006,39700,1399-12-13
304,صايند,صندوق س. گنجينه آينده روشن-د,121,758940,7510725920,9911,9910,9908,-3,-0.03,9896,-15,-0.15,9887,9910,1399-12-13
305,خراسان,پتروشيمي خراسان,118,224029,14643347650,65760,65370,64450,-1310,-1.99,65640,-120,-0.18,64450,66650,1399-12-13
306,تسه9803,امتياز تسهيلات مسكن خرداد98,118,867,483531418,564207,569998,559998,-4209,-0.75,557706,-6501,-1.15,539000,578000,1399-12-13
307,ثتوسا,س.توسعه و عمران استان اردبيل,117,176947,7772258028,44820,43924,43924,-896,-2.0,44442,-378,-0.84,43924,44000,1399-12-13
308,آسيا,بيمه آسيا,117,1416784,3343610240,2400,2360,2360,-40,-1.67,2400,0,0.0,2360,2360,1399-12-13
309,زملارد,كشاورزي و دامپروري ملارد شير,115,776403,28608897744,37599,36848,36848,-751,-2.0,37160,-439,-1.17,36848,36848,1399-12-13
310,آتيمس,صندوق س.آرمان آتيه درخشان مس-س,114,22088,3899348813,178693,178010,175141,-3552,-1.99,176537,-2156,-1.21,175000,178990,1399-12-13
311,تسه9905,امتياز تسهيلات مسكن مرداد99,112,1507,837895918,555319,583084,556000,681,0.12,556003,684,0.12,535550,583084,1399-12-13
312,سرود,سيمان‌شاهرود,111,260323,5246614530,20360,20220,19960,-400,-1.96,20340,-20,-0.1,19960,20400,1399-12-13
313,گوهر,صندوق سكه طلاي كيان,111,43067,2351497164,54122,55542,54307,185,0.34,54601,479,0.89,54030,55555,1399-12-13
314,مرقام,ايران‌ارقام‌,108,408739,7210155960,18000,17640,17640,-360,-2.0,17950,-50,-0.28,17640,17640,1399-12-13
315,تسه9903,امتياز تسهيلات مسكن خرداد99,102,1648,917911046,554931,527333,549000,-5931,-1.07,556985,2054,0.37,527333,582676,1399-12-13
316,وصندوق,سرمايه‌گذاري‌صندوق‌بازنشستگي‌,101,1314005,17200325450,13350,13090,13090,-260,-1.95,13310,-40,-0.3,13090,13090,1399-12-13
317,كخاك,صنايع‌خاك‌چيني‌ايران‌,101,151340,6595863590,44430,43550,43720,-710,-1.6,44310,-120,-0.27,43550,44400,1399-12-13
318,درهآور,دارويي ره آورد تامين,99,266128,14122348448,54148,53066,53066,-1082,-2.0,53830,-318,-0.59,53066,53066,1399-12-13
319,ثبهساز,بهساز كاشانه تهران,99,432031,1002311920,2360,2320,2320,-40,-1.69,2360,0,0.0,2320,2320,1399-12-13
320,قصفها,قنداصفهان‌,99,50190,8117730600,165040,161740,161740,-3300,-2.0,164490,-550,-0.33,161740,161740,1399-12-13
321,خمحركه,نيرو محركه‌,98,444725,2148021750,4920,4830,4830,-90,-1.83,4920,0,0.0,4830,4830,1399-12-13
322,ماديرا,صنايع ماشين هاي اداري ايران,98,233478,2130953706,9313,9127,9127,-186,-2.0,9305,-8,-0.09,9127,9127,1399-12-13
323,بورس,بورس اوراق بهادار تهران,98,432889,16878342110,39780,38990,38990,-790,-1.99,39570,-210,-0.53,38990,38990,1399-12-13
324,تسه9901,امتياز تسهيلات مسكن فروردين99,95,1208,682657685,565339,537803,555000,-10339,-1.83,565114,-225,-0.04,537803,593605,1399-12-13
325,شكف,كف,90,22280,1901584566,86170,86960,84447,-1723,-2.0,86006,-164,-0.19,84447,86960,1399-12-13
326,ثشاهد,سرمايه‌ گذاري‌ شاهد,90,226155,4299206550,19390,19010,19010,-380,-1.96,19360,-30,-0.15,19010,19010,1399-12-13
327,خودكفا,اقتصادي و خودكفايي آزادگان,89,117541,2759627598,23957,23478,23478,-479,-2.0,23925,-32,-0.13,23478,23478,1399-12-13
328,ميهن,بيمه ميهن,89,1021205,4959992685,4956,4857,4857,-99,-2.0,4946,-10,-0.2,4857,4857,1399-12-13
329,ومشان,س. فني و مهندسي مشانير,88,99591,7164377358,74935,71938,71938,-2997,-4.0,73755,-1180,-1.57,71938,71938,1399-12-13
330,ونفت,سرمايه‌گذاري‌ صنعت‌ نفت‌,87,961909,15544952580,16480,16160,16160,-320,-1.94,16380,-100,-0.61,16160,16170,1399-12-13
331,پتاير,ايران‌ تاير,87,486890,2273776300,4760,4670,4670,-90,-1.89,4760,0,0.0,4670,4670,1399-12-13
332,تسه9812,امتياز تسهيلات مسكن اسفند98,86,695,384189015,556825,528994,546200,-10625,-1.91,552790,-4035,-0.72,528994,584529,1399-12-13
333,ختراك,ريخته‌گري‌ تراكتورسازي‌ ايران‌,86,413714,6867652400,16930,16600,16600,-330,-1.95,16880,-50,-0.3,16600,16600,1399-12-13
334,فيروزا,صندوق بادرآمد ثابت فيروزه آسيا,85,344362,7660441363,22246,22231,22247,1,0.0,22245,-1,0.0,22112,22399,1399-12-13
335,چكاپا,گروه صنايع كاغذ پارس,83,380501,2005240270,5370,5270,5270,-100,-1.86,5370,0,0.0,5270,5270,1399-12-13
336,فرابورس,فرابورس ايران,83,109083,3591885024,33600,32928,32928,-672,-2.0,33550,-50,-0.15,32928,32928,1399-12-13
337,فاراك,ماشين‌ سازي‌ اراك‌,82,523170,2730947400,5320,5220,5220,-100,-1.88,5310,-10,-0.19,5220,5220,1399-12-13
338,آساميد,صندوق س.مشترك آسمان اميد -د,81,2291119,26618022631,11602,11613,11624,22,0.19,11618,16,0.14,11604,11634,1399-12-13
339,گنجين,صندوق س. گنجينه يكم آويد-د,81,2556764,31558592411,12329,12353,12349,20,0.16,12343,14,0.11,12334,12353,1399-12-13
340,وبيمهح,ح . سرمايه‌ گذاري‌ صنعت‌ بيمه‌,81,2091076,2383916640,1160,1160,1140,-20,-1.72,1140,-20,-1.72,1140,1160,1399-12-13
341,بالبر,كابل‌ البرز,81,42176,2356794880,57020,55880,55880,-1140,-2.0,56960,-60,-0.11,55880,55880,1399-12-13
342,اخزا902,اسنادخزانه-م2بودجه99-011019,81,134634,93254393383,690211,682000,693110,2899,0.42,692651,2440,0.35,682000,694000,1399-12-13
343,خپارس,پارس‌ خودرو,80,1046640,6039112800,5880,5770,5770,-110,-1.87,5870,-10,-0.17,5770,5770,1399-12-13
344,ضخود2009,اختيارخ خودرو-4000-1400/02/08,79,4601,213788000,49,46,45,-4,-8.16,46,-3,-6.12,44,48,1399-12-13
345,زماهان,مجتمع توليد گوشت مرغ ماهان,79,331247,6836606833,21060,20639,20639,-421,-2.0,21001,-59,-0.28,20639,20639,1399-12-13
346,تسه9811,امتياز تسهيلات مسكن بهمن98,78,744,412297939,554860,527145,545200,-9660,-1.74,554164,-696,-0.13,527145,582602,1399-12-13
347,ختوقا,قطعات‌ اتومبيل‌ ايران‌,77,1200450,3253219500,2760,2710,2710,-50,-1.81,2760,0,0.0,2710,2710,1399-12-13
348,دلر,داروسازي‌ اكسير,76,122542,4478960100,37290,36550,36550,-740,-1.98,37220,-70,-0.19,36550,36560,1399-12-13
349,اخزا910,اسنادخزانه-م10بودجه99-020807,76,114584,67392611808,584479,585001,590998,6519,1.12,588150,3671,0.63,585001,590998,1399-12-13
350,تليسه,دامداري تليسه نمونه,75,393923,1746654582,4524,4434,4434,-90,-1.99,4521,-3,-0.07,4434,4434,1399-12-13
351,كماسه,تامين‌ ماسه‌ ريخته‌گري‌,73,36692,1610044960,44770,43880,43880,-890,-1.99,44740,-30,-0.07,43880,43880,1399-12-13
352,شجم,صنايع پتروشيمي تخت جمشيد,73,1351503,13100118579,9411,9693,9693,282,3.0,9558,147,1.56,9693,9693,1399-12-13
353,اخزا809,اسنادخزانه-م9بودجه98-000923,71,145353,125161281559,861700,863992,863000,1300,0.15,861085,-615,-0.07,858000,863992,1399-12-13
354,دتمادح,ح . توليدمواداوليه‌داروپخش‌,71,600000,23119902660,39950,39950,38500,-1450,-3.63,38530,-1420,-3.55,38500,39950,1399-12-13
355,دامين,داروسازي‌ امين‌,70,224759,3106169380,14100,13820,13820,-280,-1.99,14080,-20,-0.14,13820,13820,1399-12-13
356,شكبير,پتروشيمي اميركبير,70,326701,28785872989,89907,88111,88109,-1798,-2.0,89373,-534,-0.59,88109,89906,1399-12-13
357,وهنر,گروه توسعه هنر ايران,70,697187,6236337715,9127,8945,8945,-182,-1.99,9066,-61,-0.67,8945,8945,1399-12-13
358,خاور,ايران خودرو ديزل,69,2130657,12762635430,6112,5990,5990,-122,-2.0,6031,-81,-1.33,5990,5990,1399-12-13
359,شوينده,مديريت صنعت شوينده ت.ص.بهشهر,69,159260,4916356200,31490,30870,30870,-620,-1.97,31430,-60,-0.19,30870,30870,1399-12-13
360,ساوه,سيمان ساوه,67,127293,7741832967,62060,60819,60819,-1241,-2.0,61862,-198,-0.32,60819,60819,1399-12-13
361,وليز,ليزينگ‌ايران‌,65,1538599,14570532530,9660,9470,9470,-190,-1.97,9600,-60,-0.62,9470,9470,1399-12-13
362,فسرب,ملي‌ سرب‌وروي‌ ايران‌,64,24277,1998482640,84000,82320,82320,-1680,-2.0,83930,-70,-0.08,82320,82320,1399-12-13
363,فنوال,نورد آلومينيوم‌,62,129636,3321274320,26140,25620,25620,-520,-1.99,26100,-40,-0.15,25620,25620,1399-12-13
364,فردا,صندوق س آواي فرداي زاگرس-ثابت,62,1004989,10312843003,10253,10260,10262,9,0.09,10262,9,0.09,10260,10270,1399-12-13
365,سپر,صندوق س سپر سرمايه بيدار- ثابت,62,711936,8140595518,11432,11434,11435,3,0.03,11434,2,0.02,11434,11437,1399-12-13
366,كسرا,سراميك‌هاي‌صنعتي‌اردكان‌,61,546263,11985010220,22380,21940,21940,-440,-1.97,22270,-110,-0.49,21940,21940,1399-12-13
367,ريشمك,توليد و صادرات ريشمك,60,78596,4240647180,55056,53955,53955,-1101,-2.0,54960,-96,-0.17,53955,53955,1399-12-13
368,ولبهمن,شركت بهمن ليزينگ,60,871790,7436368700,8704,8530,8530,-174,-2.0,8678,-26,-0.3,8530,8530,1399-12-13
369,سمتاز,سيمان ممتازان كرمان,59,251337,4650488511,17965,18503,18503,538,2.99,18090,125,0.7,18503,18503,1399-12-13
370,غديس,پاكديس,59,329612,4427018772,13705,13431,13431,-274,-2.0,13680,-25,-0.18,13431,13431,1399-12-13
371,اخزا909,اسنادخزانه-م9بودجه99-020316,59,178336,113511968284,635148,632120,638999,3851,0.61,636506,1358,0.21,632116,639000,1399-12-13
372,اخزا908,اسنادخزانه-م8بودجه99-020606,58,95530,57978808634,605502,608000,609000,3498,0.58,606917,1415,0.23,604200,609000,1399-12-13
373,غپينو,پارس‌ مينو,57,290848,1875969600,6580,6450,6450,-130,-1.98,6580,0,0.0,6450,6450,1399-12-13
374,كفپارس,فرآورده‌هاي‌ نسوز پارس‌,57,509935,2386495800,4770,4680,4680,-90,-1.89,4770,0,0.0,4680,4680,1399-12-13
375,ضصاد3001,اختيارخ وبصادر-2000-1400/03/12,57,3891,1951812000,560,522,501,-59,-10.54,502,-58,-10.36,500,522,1399-12-13
376,گوهران,سرمايه گذاري توسعه گوهران اميد,57,836012,6352855188,7754,7599,7599,-155,-2.0,7734,-20,-0.26,7599,7599,1399-12-13
377,تپكو,توليدتجهيزات‌سنگين‌هپكو,57,185226,993922716,5475,5366,5366,-109,-1.99,5473,-2,-0.04,5366,5366,1399-12-13
378,سپح,ح . پرداخت الكترونيك سامان كيش,56,88257,1361896370,14010,15690,15000,990,7.07,15430,1420,10.14,15000,15690,1399-12-13
379,فاذر,صنايع‌ آذرآب‌,56,164393,4016120990,24920,24430,24430,-490,-1.97,24880,-40,-0.16,24430,24430,1399-12-13
380,ولتجار,واسپاري تجارت وسرمايه ايرانيان,55,422962,3711068588,8519,8774,8774,255,2.99,8562,43,0.5,8774,8774,1399-12-13
381,خزاميا,زامياد,55,83867,696096100,8460,8300,8300,-160,-1.89,8460,0,0.0,8300,8300,1399-12-13
382,ضملت3001,اختيارخ وبملت-3500-1400/03/19,54,2770,1547053000,630,639,520,-110,-17.46,559,-71,-11.27,510,639,1399-12-13
383,سقاين,سيمان‌ قائن‌,53,24455,1866161050,77860,76310,76310,-1550,-1.99,77800,-60,-0.08,76310,76310,1399-12-13
384,كبافق,معادن‌ بافق‌,53,37485,2005447500,54590,53500,53500,-1090,-2.0,54550,-40,-0.07,53500,53500,1399-12-13
385,كسرام,پارس‌ سرام‌,52,292900,2433999000,8470,8310,8310,-160,-1.89,8460,-10,-0.12,8310,8310,1399-12-13
386,ضخود2013,اختيارخ خودرو-7000-1400/02/08,52,2530,28110000,13,14,10,-3,-23.08,11,-2,-15.38,10,14,1399-12-13
387,شنفت,نفت‌ پارس‌,52,32162,1558892140,49450,48470,48470,-980,-1.98,49420,-30,-0.06,48470,48470,1399-12-13
388,چدن,توليدي چدن سازان,51,100573,2472084340,25080,24580,24580,-500,-1.99,25050,-30,-0.12,24580,24580,1399-12-13
389,كالا,بورس كالاي ايران,51,57026,1957132320,35020,34320,34320,-700,-2.0,34990,-30,-0.09,34320,34320,1399-12-13
390,خكاوه,سايپا ديزل,51,438243,1561459809,3635,3563,3563,-72,-1.98,3629,-6,-0.17,3563,3563,1399-12-13
391,سدبير,س. تدبيرگران فارس وخوزستان,51,326293,29474372983,92174,90331,90331,-1843,-2.0,91064,-1110,-1.2,90331,90331,1399-12-13
392,ونيكي,سرمايه‌گذاري‌ ملي‌ايران‌,50,556314,6269658780,11500,11270,11270,-230,-2.0,11480,-20,-0.17,11270,11270,1399-12-13
393,كترام,توليدي‌ كاشي‌ تكسرام‌,49,85739,4126618070,49110,48130,48130,-980,-2.0,49030,-80,-0.16,48130,48130,1399-12-13
394,كيميا,معدني كيمياي زنجان گستران,49,113562,2107370034,18935,18557,18557,-378,-2.0,18918,-17,-0.09,18557,18557,1399-12-13
395,زعف0008پ05,زعفران0008نگين زرين(پ),49,51541,6226978790,120867,121700,120924,57,0.05,120816,-51,-0.04,120500,121999,1399-12-13
396,تسه9808,امتياز تسهيلات مسكن آبان98,49,415,225993568,550226,522815,545000,-5226,-0.95,544563,-5663,-1.03,522815,569000,1399-12-13
397,ملت,بيمه ملت,49,70771,1177629440,16970,16640,16640,-330,-1.94,16960,-10,-0.06,16640,16640,1399-12-13
398,تسه9809,امتياز تسهيلات مسكن آذر98,49,472,260307826,546889,574233,540000,-6889,-1.26,551500,4611,0.84,530000,574233,1399-12-13
399,اخزا903,اسنادخزانه-م3بودجه99-011110,49,111283,76177166343,683561,684000,686000,2439,0.36,684535,974,0.14,683641,686000,1399-12-13
400,داسوه,داروسازي‌ اسوه‌,48,567780,21518862000,38670,37900,37900,-770,-1.99,38320,-350,-0.91,37900,37900,1399-12-13
401,سهرمز,سيمان‌هرمزگان‌,48,125471,3090721050,25120,24660,24620,-500,-1.99,25090,-30,-0.12,24620,24660,1399-12-13
402,كساوه,صنايع‌ كاشي‌ و سراميك‌ سينا,47,86036,6249655040,74120,72640,72640,-1480,-2.0,73930,-190,-0.26,72640,72640,1399-12-13
403,فنفت,صنايع تجهيزات نفت,47,155427,5190173811,34074,33393,33393,-681,-2.0,33894,-180,-0.53,33393,33393,1399-12-13
404,زدشت,كشت و صنعت دشت خرم دره,46,372191,10773068495,29535,28945,28945,-590,-2.0,29402,-133,-0.45,28945,28945,1399-12-13
405,خاتم,صندوق س خاتم ايساتيس پويا-ثابت,46,638536,6791442672,10622,10635,10636,14,0.13,10636,14,0.13,10634,10645,1399-12-13
406,زعف0008پ11,زعفران0008نگين سحرخيز(پ),46,153094,18619870173,123255,122900,121200,-2055,-1.67,121624,-1631,-1.32,120500,122900,1399-12-13
407,سكه0112پ03,سكه تمام بهارتحويلي1روزه سامان,44,6300,6831440300,1080867,1087004,1087900,7033,0.65,1084356,3489,0.32,1079500,1089900,1399-12-13
408,اخزا808,اسنادخزانه-م8بودجه98-000817,44,96081,84098472298,875171,877616,876306,1135,0.13,875287,116,0.01,872552,877616,1399-12-13
409,مصفها012,مشاركت ش اصفهان012-3ماهه20%,44,438000,431430000000,985000,985000,985000,0,0.0,985000,0,0.0,985000,985000,1399-12-13
410,واميد,گروه مديريت سرمايه گذاري اميد,43,415927,14873549520,36480,35760,35760,-720,-1.97,36390,-90,-0.25,35760,35760,1399-12-13
411,لپارس,پارس‌ الكتريك‌,43,50660,4890716400,98510,96540,96540,-1970,-2.0,98310,-200,-0.2,96540,96540,1399-12-13
412,اخزا905,اسنادخزانه-م5بودجه99-020218,43,63406,40982422940,644992,646000,649000,4008,0.62,646349,1357,0.21,644001,649890,1399-12-13
413,شساخت,مهندسي و ساختمان صنايع نفت,43,323919,12536960976,40316,38704,38704,-1612,-4.0,39798,-518,-1.28,38704,38704,1399-12-13
414,شدوص,دوده‌ صنعتي‌ پارس‌,43,736135,21951545700,30420,29820,29820,-600,-1.97,30150,-270,-0.89,29820,29820,1399-12-13
415,سفار,سيمان‌فارس‌,42,58538,8991436800,156730,153600,153600,-3130,-2.0,156150,-580,-0.37,153600,153600,1399-12-13
416,غشهداب,كشت و صنعت شهداب ناب خراسان,42,264073,1056820146,4083,4002,4002,-81,-1.98,4081,-2,-0.05,4002,4002,1399-12-13
417,وتوصا,گروه س توسعه صنعتي ايران,42,47663,576245670,12330,12090,12090,-240,-1.95,12330,0,0.0,12090,12090,1399-12-13
418,سدشت,صنايع سيمان دشتستان,41,242167,13498388580,52590,55740,55740,3150,5.99,53370,780,1.48,55740,55740,1399-12-13
419,لسرما,سرما آفرين‌,41,157415,4262798200,27630,27080,27080,-550,-1.99,27580,-50,-0.18,27080,27080,1399-12-13
420,سكه0011پ02,سكه تمام بهارتحويلي 1روزه ملت,41,6700,7289329600,1081509,1089000,1081207,-302,-0.03,1087960,6451,0.6,1081207,1089999,1399-12-13
421,سبجنو,سيمان‌ بجنورد,41,171876,10257559680,60890,59680,59680,-1210,-1.99,60640,-250,-0.41,59680,59680,1399-12-13
422,وتوشه,سرمايه‌ گذاري‌ پارس‌ توشه‌,40,171003,3874927980,23120,22660,22660,-460,-1.99,23080,-40,-0.17,22660,22660,1399-12-13
423,ضجار2000,اختيارخ وتجارت-1800-1400/02/22,40,1366,1385954000,948,930,850,-98,-10.34,1015,67,7.07,800,1390,1399-12-13
424,زعف0008پ20,زعفران0008نگين وحدت جام(پ),40,39822,4843235120,120337,121000,120001,-336,-0.28,121622,1285,1.07,120001,122999,1399-12-13
425,ولساپا,ليزينگ رايان‌ سايپا,40,252410,911200100,3680,3610,3610,-70,-1.9,3680,0,0.0,3610,3610,1399-12-13
426,سخزر,سيمان‌ خزر,40,206208,6287281920,31110,30490,30490,-620,-1.99,31030,-80,-0.26,30490,30490,1399-12-13
427,زكوثر,سرمايه گذاري كشاورزي كوثر,40,85622,1843441660,21960,21530,21530,-430,-1.96,21940,-20,-0.09,21530,21530,1399-12-13
428,ضسپا3004,اختيارخ خساپا-2500-1400/03/26,39,1316,371032000,301,324,275,-26,-8.64,282,-19,-6.31,265,325,1399-12-13
429,حفارس,حمل و نقل بين المللي خليج فارس,38,245235,1167318600,4850,4760,4760,-90,-1.86,4850,0,0.0,4760,4760,1399-12-13
430,غمهرا,توليدي‌مهرام‌,38,58208,7052481280,123630,121160,121160,-2470,-2.0,123270,-360,-0.29,121160,121160,1399-12-13
431,شفا,سرمايه گذاري شفادارو,37,532507,24969253230,47840,46890,46890,-950,-1.99,47370,-470,-0.98,46890,46890,1399-12-13
432,اخزا901,اسنادخزانه-م1بودجه99-010621,37,33463,24693294276,737122,737500,738500,1378,0.19,737928,806,0.11,737500,738500,1399-12-13
433,وپترو,سرمايه‌گذاري صنايع پتروشيمي‌,37,712402,10913998640,15630,15320,15320,-310,-1.98,15560,-70,-0.45,15320,15320,1399-12-13
434,غپآذر,شير پگاه آذربايجان شرقي,37,43084,2798348884,66276,64951,64951,-1325,-2.0,66198,-78,-0.12,64951,64951,1399-12-13
435,اتكام,شركت بيمه اتكايي امين,37,377868,1872335940,5056,4955,4955,-101,-2.0,5052,-4,-0.08,4955,4955,1399-12-13
436,سمگا,گروه سرمايه گذاري ميراث فرهنگي,37,87563,2304833286,26859,26322,26322,-537,-2.0,26834,-25,-0.09,26322,26322,1399-12-13
437,غصينو,صنعتي مينو,37,11941,826699312,70644,69232,69232,-1412,-2.0,70632,-12,-0.02,69232,69232,1399-12-13
438,كمنگنز,معادن‌منگنزايران‌,36,79174,6915848900,89130,87350,87350,-1780,-2.0,88880,-250,-0.28,87350,87350,1399-12-13
439,وسرمد,بيمه  سرمد,36,1196591,7731174451,6730,6461,6461,-269,-4.0,6618,-112,-1.66,6461,6461,1399-12-13
440,اخزا815,اسنادخزانه-م15بودجه98-010406,35,132886,102659857919,770889,772000,773000,2111,0.27,772541,1652,0.21,771001,773000,1399-12-13
441,سيمرغ,سيمرغ,35,51532,825542640,16340,16020,16020,-320,-1.96,16330,-10,-0.06,16020,16020,1399-12-13
442,خرينگ,رينگ‌سازي‌مشهد,35,175960,7993862800,46350,45430,45430,-920,-1.98,46200,-150,-0.32,45430,45430,1399-12-13
443,فروس,فروسيليس‌ ايران‌,35,194714,926838640,4850,4760,4760,-90,-1.86,4850,0,0.0,4760,4760,1399-12-13
444,گدنا,تهيه توزيع غذاي دنا آفرين فدك,34,10989,370757871,34427,33739,33739,-688,-2.0,34422,-5,-0.01,33739,33739,1399-12-13
445,تپمپي,پمپ‌ سازي‌ ايران‌,33,42028,815343200,19790,19400,19400,-390,-1.97,19780,-10,-0.05,19400,19400,1399-12-13
446,وساپا,سرمايه‌گذاري‌ سايپا,33,143328,895800000,6370,6250,6250,-120,-1.88,6370,0,0.0,6250,6250,1399-12-13
447,دجابر,داروسازي‌ جابرابن‌حيان‌,32,376405,7577032650,20540,20130,20130,-410,-2.0,20480,-60,-0.29,20130,20130,1399-12-13
448,تكمبا,كمباين‌ سازي‌ ايران‌,32,342424,2622967840,7810,7660,7660,-150,-1.92,7800,-10,-0.13,7660,7660,1399-12-13
449,ضشنا2001,اختيارخ شپنا-10000-1400/02/27,32,1015,2281610000,2571,2215,2250,-321,-12.49,2248,-323,-12.56,2100,2300,1399-12-13
450,ثفارس,عمران‌وتوسعه‌فارس‌,32,122614,1239627540,10310,10110,10110,-200,-1.94,10300,-10,-0.1,10110,10110,1399-12-13
451,تسه9804,امتياز تسهيلات مسكن تير98,32,361,202869851,549890,547000,550002,112,0.02,561966,12076,2.2,540396,577384,1399-12-13
452,لابسا,آبسال‌,32,61501,3013549000,50000,49000,49000,-1000,-2.0,49940,-60,-0.12,49000,49000,1399-12-13
453,قثابت,قند ثابت‌ خراسان‌,31,5142,362253900,71880,70450,70450,-1430,-1.99,71870,-10,-0.01,70450,70450,1399-12-13
454,معيار,سرمايه گذاري معيار صنعت پارس,31,187144,8746736272,48685,46738,46738,-1947,-4.0,47815,-870,-1.79,46738,46738,1399-12-13
455,غنوش,نوش‌ مازندران‌,31,26095,1558654350,60940,59730,59730,-1210,-1.99,60900,-40,-0.07,59730,59730,1399-12-13
456,آسام,صندوق س.آرمان سپهر آشنا-م,31,21560,2176682160,101520,100355,101900,380,0.37,100959,-561,-0.55,99999,102000,1399-12-13
457,ورنا,سرمايه‌گذاري‌ رنا(هلدينگ‌,31,131465,746721200,5790,5680,5680,-110,-1.9,5790,0,0.0,5680,5680,1399-12-13
458,زنجان,صنايع كشاورزي وكود زنجان,31,291585,2714073180,9497,9308,9308,-189,-1.99,9471,-26,-0.27,9308,9308,1399-12-13
459,خمهر,مهركام‌پارس‌,31,174437,430859390,2520,2470,2470,-50,-1.98,2520,0,0.0,2470,2470,1399-12-13
460,نهال2,صندوق س. طلاي سرخ نوويرا,30,3000000,3000000,9420,1,1,-9419,-99.99,1,-9419,-99.99,1,1,1399-12-13
461,تسه9806,امتياز تسهيلات مسكن شهريور98,30,243,133265457,547061,542000,574414,27353,5.0,548417,1356,0.25,532001,574414,1399-12-13
462,فرآور,فرآوري‌موادمعدني‌ايران‌,30,20798,763910540,37470,36730,36730,-740,-1.97,37460,-10,-0.03,36730,36730,1399-12-13
463,ضغدر3003,اختيارخ وغدير-9200-1400/03/26,30,1194,2447395000,2170,2300,2100,-70,-3.23,2050,-120,-5.53,1988,2350,1399-12-13
464,زشريف,كشت وصنعت شريف آباد,30,53200,268500400,5150,5047,5047,-103,-2.0,5149,-1,-0.02,5047,5047,1399-12-13
465,آكورد2,صندوق س. آرمان آتي كوثر-د,30,3000000,3000000,30971,1,1,-30970,-100.0,1,-30970,-100.0,1,1,1399-12-13
466,بسويچ,پارس‌سويچ‌,29,10516,548304240,53200,52140,52140,-1060,-1.99,53190,-10,-0.02,52140,52140,1399-12-13
467,وسنا,سرمايه گذاري نيروگاهي ايران,29,75899,1126568857,15624,14843,14843,-781,-5.0,15581,-43,-0.28,14843,14843,1399-12-13
468,كفرا,فراورده‌ هاي‌ نسوزايران‌,29,66847,3131781950,47800,46850,46850,-950,-1.99,47740,-60,-0.13,46850,46850,1399-12-13
469,سنوين,سرمايه گذاري اقتصاد نوين,29,1005835,10627652610,10781,10566,10566,-215,-1.99,10664,-117,-1.09,10566,10566,1399-12-13
470,اخزا820,اسنادخزانه-م20بودجه98-020806,29,17451,10354496540,590680,591029,595800,5120,0.87,593347,2667,0.45,590680,596000,1399-12-13
471,وبيمه,سرمايه‌ گذاري‌ صنعت‌ بيمه‌,28,144241,408202030,2880,2830,2830,-50,-1.74,2880,0,0.0,2830,2830,1399-12-13
472,زفكا,كشت و دامداري فكا,28,84440,1102955280,13328,13062,13062,-266,-2.0,13322,-6,-0.05,13062,13062,1399-12-13
473,خزر,فنرسازي‌زر,28,108626,5123888420,48130,47170,47170,-960,-1.99,48030,-100,-0.21,47170,47170,1399-12-13
474,زنگان,صنعت روي زنگان,28,2765,286332340,105669,103556,103556,-2113,-2.0,105657,-12,-0.01,103556,103556,1399-12-13
475,تكنار,مجتمع معادن مس تكنار,27,5433,743033379,142461,136763,136763,-5698,-4.0,142227,-234,-0.16,136763,136763,1399-12-13
476,اخزا814,اسنادخزانه-م14بودجه98-010318,27,118133,92113295152,778876,763009,780500,1624,0.21,779742,866,0.11,763009,781000,1399-12-13
477,وثوق,سرمايه گذاري وثوق امين,27,65607,1558166250,24234,23750,23750,-484,-2.0,24194,-40,-0.17,23750,23750,1399-12-13
478,سبهان,سيمان‌ بهبهان‌,27,4856,692271360,145460,142560,142560,-2900,-1.99,145420,-40,-0.03,142560,142560,1399-12-13
479,قشرين,قند شيرين خراسان,27,62360,975809280,15967,15648,15648,-319,-2.0,15951,-16,-0.1,15648,15648,1399-12-13
480,زگلدشت,كشت و دام گلدشت نمونه اصفهان,27,14916,663776916,45409,44501,44501,-908,-2.0,45397,-12,-0.03,44501,44501,1399-12-13
481,دسينا,داروسازي‌ سينا,27,574310,15437452800,27420,26880,26880,-540,-1.97,27250,-170,-0.62,26880,26880,1399-12-13
482,سنير,سيمان‌ سفيد ني‌ريز,26,3599,899678020,255080,249980,249980,-5100,-2.0,254990,-90,-0.04,249980,249980,1399-12-13
483,كپارس,كاشي‌ پارس‌,26,9105,1410637650,158090,154930,154930,-3160,-2.0,158000,-90,-0.06,154930,154930,1399-12-13
484,اخزا807,اسنادخزانه-م7بودجه98-000719,26,89333,79238773416,889018,889016,894999,5981,0.67,887004,-2014,-0.23,886118,894999,1399-12-13
485,تسه9805,امتياز تسهيلات مسكن مرداد98,26,231,126624637,549578,542000,550000,422,0.08,548159,-1419,-0.26,528555,559790,1399-12-13
486,ثنور,سرمايه گذاري كوه نور,26,159319,1582515627,10135,9933,9933,-202,-1.99,10118,-17,-0.17,9933,9933,1399-12-13
487,ضملي3002,اختيارخ فملي-10000-1400/03/02,26,541,1678700000,3631,3180,3100,-531,-14.62,3103,-528,-14.54,3100,3180,1399-12-13
488,دانا,بيمه دانا,26,163452,1108204560,6910,6780,6780,-130,-1.88,6910,0,0.0,6780,6780,1399-12-13
489,ضخود2008,اختيارخ خودرو-3500-1400/02/08,26,892,63234000,82,77,68,-14,-17.07,71,-11,-13.41,68,80,1399-12-13
490,ضملت3000,اختيارخ وبملت-3000-1400/03/19,25,679,601804000,1000,940,840,-160,-16.0,886,-114,-11.4,840,990,1399-12-13
491,ثالوند,سرمايه گذاري مسكن الوند,25,30699,1044901863,34731,34037,34037,-694,-2.0,34716,-15,-0.04,34037,34037,1399-12-13
492,بذر,صندوق س بذر اميد آفرين-سهام,25,6664,627536360,95810,94940,93920,-1890,-1.97,94170,-1640,-1.71,93400,94940,1399-12-13
493,وثخوز,سرمايه گذاري و توسعه خوزستان,25,24353,1785221018,77164,73306,73306,-3858,-5.0,76753,-411,-0.53,73306,73306,1399-12-13
494,غگرجي,بيسكويت‌  گرجي‌,25,52560,982346400,19070,18690,18690,-380,-1.99,19060,-10,-0.05,18690,18690,1399-12-13
495,وپويا,سرمايه گذاري پويا,25,31393,207068228,6730,6596,6596,-134,-1.99,6729,-1,-0.01,6596,6596,1399-12-13
496,قاسم,قاسم ايران,24,47719,642584054,13740,13466,13466,-274,-1.99,13736,-4,-0.03,13466,13466,1399-12-13
497,آ س پ,آ.س.پ,24,28779,465212535,16494,16165,16165,-329,-1.99,16491,-3,-0.02,16165,16165,1399-12-13
498,وپخش,داروپخش‌ (هلدينگ‌,24,5252,539275360,104770,102680,102680,-2090,-1.99,104750,-20,-0.02,102680,102680,1399-12-13
499,دمعيار,صندوق س. توازن معيار-د,24,314195,3162270160,10059,10065,10064,5,0.05,10065,6,0.06,10064,10068,1399-12-13
500,پارتا,مجتمع‌صنعتي‌آرتاويل‌تاير,24,2740,155736120,57997,56838,56838,-1159,-2.0,57990,-7,-0.01,56838,56838,1399-12-13
501,ضپاس2002,اختيارخ وپارس-3000-1400/02/29,24,490,220389000,491,488,424,-67,-13.65,450,-41,-8.35,424,510,1399-12-13
502,ثباغ,شهر سازي و خانه سازي باغميشه,23,104852,1575611004,15333,15027,15027,-306,-2.0,15323,-10,-0.07,15027,15027,1399-12-13
503,خكار,ايركا پارت صنعت,23,13998,302636760,22060,21620,21620,-440,-1.99,22060,0,0.0,21620,21620,1399-12-13
504,اخزا812,اسنادخزانه-م12بودجه98-001111,23,52611,44346148988,842223,842780,842780,557,0.07,842906,683,0.08,837025,846800,1399-12-13
505,دتوليد,داروسازي توليد دارو,23,19830,541993560,27889,27332,27332,-557,-2.0,27883,-6,-0.02,27332,27332,1399-12-13
506,ضخود2010,اختيارخ خودرو-4500-1400/02/08,23,1140,29180000,29,33,26,-3,-10.34,26,-3,-10.34,24,33,1399-12-13
507,تسه9807,امتياز تسهيلات مسكن مهر98,23,315,172193102,543996,517798,550000,6004,1.1,546645,2649,0.49,517798,571195,1399-12-13
508,كوثر,بيمه كوثر,23,125551,1831412437,14884,14587,14587,-297,-2.0,14873,-11,-0.07,14587,14587,1399-12-13
509,ضفلا3004,اختيارخ فولاد-12000-1400/03/19,22,528,794696000,1548,1420,1501,-47,-3.04,1505,-43,-2.78,1420,1520,1399-12-13
510,غبهنوش,بهنوش‌ ايران‌,22,17212,1284875800,76170,74650,74650,-1520,-2.0,76130,-40,-0.05,74650,74650,1399-12-13
511,قجامح,ح.فرآورده غذايي وقندتربت‌جام,22,44946,310801590,7056,6915,6915,-141,-2.0,6915,-141,-2.0,6915,6915,1399-12-13
512,ثرود,سرمايه‌گذاري مسكن زاينده رود,22,22800,402579600,18017,17657,17657,-360,-2.0,18014,-3,-0.02,17657,17657,1399-12-13
513,سجامح,ح.مجتمع سيمان غرب آسيا,22,119999,278277681,2366,2319,2319,-47,-1.99,2319,-47,-1.99,2319,2319,1399-12-13
514,ثشرق,سرمايه گذاري مسكن شمال شرق,22,101554,695644900,6980,6850,6850,-130,-1.86,6980,0,0.0,6850,6850,1399-12-13
515,وكار,بانك‌ كارآفرين‌,22,263444,648072240,2510,2460,2460,-50,-1.99,2510,0,0.0,2460,2460,1399-12-13
516,غچين,كشت‌ و صنعت‌ چين‌ چين,21,53078,1070052480,20570,20160,20160,-410,-1.99,20560,-10,-0.05,20160,20160,1399-12-13
517,صنوين,صندوق سرمايه‌گذاري صنوين-مختلط,21,1861,188299020,101180,101190,101200,20,0.02,101180,0,0.0,101180,101200,1399-12-13
518,غمينو,شركت صنايع غذايي مينو شرق,21,27342,328951602,12276,12031,12031,-245,-2.0,12274,-2,-0.02,12031,12031,1399-12-13
519,دروز,داروسازي‌ روزدارو,21,257062,7056351900,28010,27450,27450,-560,-2.0,27930,-80,-0.29,27450,27450,1399-12-13
520,قمرو,قند مرودشت‌,21,34338,1247156160,37060,36320,36320,-740,-2.0,37040,-20,-0.05,36320,36320,1399-12-13
521,قشكر,شكرشاهرود,21,85457,329864020,3930,3860,3860,-70,-1.78,3930,0,0.0,3860,3860,1399-12-13
522,غويتا,ويتانا,20,54611,986383882,18430,18062,18062,-368,-2.0,18423,-7,-0.04,18062,18062,1399-12-13
523,غاذر,كشت‌وصنعت‌پياذر,20,43777,2421305870,56430,55310,55310,-1120,-1.98,56370,-60,-0.11,55310,55310,1399-12-13
524,حآسا,آسيا سير ارس,20,20800,943550400,46288,45363,45363,-925,-2.0,46270,-18,-0.04,45363,45363,1399-12-13
525,ثزاگرس,سرمايه گذاري توسعه عمران زاگرس,20,124785,8080078320,68160,64752,64752,-3408,-5.0,66580,-1580,-2.32,64752,64752,1399-12-13
526,فسا,پتروشيمي فسا,20,149016,265546512,1856,1782,1782,-74,-3.99,1855,-1,-0.05,1782,1782,1399-12-13
527,پست0008پ08,پسته فندقي32-30مه ولات0008(پ),20,1513,2101098700,1360000,1359900,1389000,29000,2.13,1388697,28697,2.11,1359900,1389000,1399-12-13
528,كمرجان,بازرگاني و توليدي مرجان كار,20,16909,2442572686,147402,144454,144454,-2948,-2.0,147254,-148,-0.1,144454,144454,1399-12-13
529,دكپسول,توليد ژلاتين كپسول ايران,20,176823,5417326251,31262,30637,30637,-625,-2.0,31192,-70,-0.22,30637,30637,1399-12-13
530,آپ,آسان پرداخت پرشين,20,23030,412467300,18270,17910,17910,-360,-1.97,18270,0,0.0,17910,17910,1399-12-13
531,ثعتما,س. ساختماني اعتماد گستر,20,39871,2628695030,68677,65930,65930,-2747,-4.0,68300,-377,-0.55,65930,65930,1399-12-13
532,كتوكا,توليدي و خدمات صنايع نسوز توكا,20,9535,368194025,39403,38615,38615,-788,-2.0,39397,-6,-0.02,38615,38615,1399-12-13
533,شپارس,بين‌ المللي‌ محصولات‌  پارس‌,19,81438,1601885460,20070,19670,19670,-400,-1.99,20060,-10,-0.05,19670,19670,1399-12-13
534,جهرم,پتروشيمي جهرم,19,92405,176216335,1986,1907,1907,-79,-3.98,1985,-1,-0.05,1907,1907,1399-12-13
535,اخزا816,اسنادخزانه-م16بودجه98-010503,19,120916,91871382698,758233,759000,760010,1777,0.23,759795,1562,0.21,759000,761000,1399-12-13
536,ثروتم,صندوق س. ثروت آفرين پارسيان-س,19,155970,11423136840,75283,75100,74880,-403,-0.54,73239,-2044,-2.72,73100,75100,1399-12-13
537,داريك,صندوق س.اعتماد داريك-د,19,31333,322888187,10303,10305,10392,89,0.86,10305,2,0.02,10210,10397,1399-12-13
538,غشان,شيرپاستوريزه‌پگاه‌خراسان‌,19,255255,1990989000,7950,7800,7800,-150,-1.89,7940,-10,-0.13,7800,7800,1399-12-13
539,شگل,گلتاش‌,19,47152,498868160,10790,10580,10580,-210,-1.95,10790,0,0.0,10580,10580,1399-12-13
540,دشيمي,شيمي‌ داروئي‌ داروپخش‌,19,29078,914212320,32080,31440,31440,-640,-2.0,32070,-10,-0.03,31440,31440,1399-12-13
541,توريل,توکاريل,19,26867,683577081,25962,25443,25443,-519,-2.0,25955,-7,-0.03,25443,25443,1399-12-13
542,خديزل,بهمن  ديزل,18,80691,3373448637,42660,41807,41807,-853,-2.0,42601,-59,-0.14,41807,41807,1399-12-13
543,كلر,كلر پارس,18,12434,1621430902,133064,130403,130403,-2661,-2.0,132975,-89,-0.07,130403,130403,1399-12-13
544,دشيري,شيرين دارو,18,38049,8476518171,227325,222779,222779,-4546,-2.0,225352,-1973,-0.87,222779,222779,1399-12-13
545,خفناور,مهندسي صنعتي روان فن آور,17,60033,3064324452,53170,51044,51044,-2126,-4.0,52830,-340,-0.64,51044,51044,1399-12-13
546,بنو,بيمه تجارت نو,17,28510,992974790,35539,34829,34829,-710,-2.0,35524,-15,-0.04,34829,34829,1399-12-13
547,ثپرديس,سرمايه گذاري مسكن پرديس,17,39656,399375576,10276,10071,10071,-205,-1.99,10274,-2,-0.02,10071,10071,1399-12-13
548,قشير,قند شيروان قوچان و بجنورد,17,21000,534534000,25973,25454,25454,-519,-2.0,25967,-6,-0.02,25454,25454,1399-12-13
549,فپنتا,سپنتا,17,2896,1174501760,413830,405560,405560,-8270,-2.0,413630,-200,-0.05,405560,405560,1399-12-13
550,ديران,ايران‌دارو,17,53676,1514736720,28790,28220,28220,-570,-1.98,28770,-20,-0.07,28220,28220,1399-12-13
551,ضترا3001,اختيارخ شتران-7000-1400/03/09,17,133,256656000,2400,2000,1888,-512,-21.33,1930,-470,-19.58,1888,2000,1399-12-13
552,ومعلم,بيمه معلم,17,156624,737229168,4803,4707,4707,-96,-2.0,4802,-1,-0.02,4707,4707,1399-12-13
553,كوير,توليدي فولاد سپيد فراب كوير,17,30510,681593400,22790,22340,22340,-450,-1.97,22790,0,0.0,22340,22340,1399-12-13
554,ثنوسا,نوسازي‌وساختمان‌تهران‌,17,25741,336434870,13330,13070,13070,-260,-1.95,13330,0,0.0,13070,13070,1399-12-13
555,كلوند,كاشي‌ الوند,16,38246,1805593660,48170,47210,47210,-960,-1.99,48130,-40,-0.08,47210,47210,1399-12-13
556,بايكا,كارخانجات كابلسازي ‌ايران‌,16,14948,630267472,43024,42164,42164,-860,-2.0,42996,-28,-0.07,42164,42164,1399-12-13
557,وآوا,سرمايه گذاري آوا نوين,16,22730,198637470,8917,8739,8739,-178,-2.0,8916,-1,-0.01,8739,8739,1399-12-13
558,داوه,داروسازي آوه سينا,16,6796,134920988,20258,19853,19853,-405,-2.0,20257,-1,0.0,19853,19853,1399-12-13
559,خمحور,توليدمحورخودرو,16,253421,15172315270,61090,59870,59870,-1220,-2.0,60710,-380,-0.62,59870,59870,1399-12-13
560,تايرا,تراكتورسازي‌ايران‌,16,94648,2451383200,26420,25900,25900,-520,-1.97,26390,-30,-0.11,25900,25900,1399-12-13
561,سجام,مجتمع سيمان غرب آسيا,16,20768,105563744,5186,5083,5083,-103,-1.99,5185,-1,-0.02,5083,5083,1399-12-13
562,بهپاك,صنعتي بهپاك,16,73005,3316690155,46358,45431,45431,-927,-2.0,46294,-64,-0.14,45431,45431,1399-12-13
563,اوان,مبين وان كيش,16,15895,858552530,55116,54014,54014,-1102,-2.0,55096,-20,-0.04,54014,54014,1399-12-13
564,زقيام,كشت و دام قيام اصفهان,16,11731,351695380,30591,29980,29980,-611,-2.0,30587,-4,-0.01,29980,29980,1399-12-13
565,لازما,كارخانه هاي صنعتي آزمايش,16,12353,415023741,34996,33597,33597,-1399,-4.0,34966,-30,-0.09,33597,33597,1399-12-13
566,ختور,رادياتور ايران‌,16,12620,295308000,23870,23400,23400,-470,-1.97,23870,0,0.0,23400,23400,1399-12-13
567,اخزا817,اسنادخزانه-م17بودجه98-010512,16,59231,44837856066,755166,755720,757001,1835,0.24,757000,1834,0.24,755720,760000,1399-12-13
568,لخزر,پارس‌ خزر,16,1510,278172200,187970,184220,184220,-3750,-1.99,187950,-20,-0.01,184220,184220,1399-12-13
569,شزنگ,تجهيزنيروي‌زنگان‌,16,1787,405064651,236117,226673,226673,-9444,-4.0,235917,-200,-0.08,226673,226673,1399-12-13
570,شتولي,تولي‌پرس‌,16,134773,4805870407,36386,35659,35659,-727,-2.0,36026,-360,-0.99,35659,35659,1399-12-13
571,مداران,داده‌پردازي‌ايران‌,16,8940,228238200,26050,25530,25530,-520,-2.0,26050,0,0.0,25530,25530,1399-12-13
572,شكلر,نيروكلر,15,12454,660435620,54110,53030,53030,-1080,-2.0,54100,-10,-0.02,53030,53030,1399-12-13
573,ضفار3000,اختيارخ فارس-8000-1400/03/05,15,108,130990000,1644,1400,1200,-444,-27.01,1213,-431,-26.22,1170,1400,1399-12-13
574,دپارس,پارس‌ دارو,15,4630,390586800,86080,84360,84360,-1720,-2.0,86070,-10,-0.01,84360,84360,1399-12-13
575,غشهد,شهد ايران ‌,15,32632,248982160,7780,7630,7630,-150,-1.93,7780,0,0.0,7630,7630,1399-12-13
576,چافست,افست‌,15,13333,217461230,16640,16310,16310,-330,-1.98,16640,0,0.0,16310,16310,1399-12-13
577,ختراكح,ح . ريخته‌گري‌ تراكتورسازي‌,15,119119,1556477000,13500,15000,13000,-500,-3.7,13070,-430,-3.19,13000,15000,1399-12-13
578,بساما,بيمه سامان,15,18049,370022549,20919,20501,20501,-418,-2.0,20916,-3,-0.01,20501,20501,1399-12-13
579,بزاگرسح,ح . نيروگاه زاگرس كوثر,14,2031800,12906000000,6481,6360,6352,-129,-1.99,6352,-129,-1.99,6352,6360,1399-12-13
580,دفرا,فرآورده‌هاي‌ تزريقي‌ ايران‌,14,78241,2057738300,26830,26300,26300,-530,-1.98,26810,-20,-0.07,26300,26300,1399-12-13
581,ولملت,واسپاري ملت,14,91761,744181710,8270,8110,8110,-160,-1.93,8270,0,0.0,8110,8110,1399-12-13
582,خپويش,سازه‌ پويش‌,14,20763,1258030170,61820,60590,60590,-1230,-1.99,61790,-30,-0.05,60590,60590,1399-12-13
583,زعف0008پ15,زعفران0008پوشالمعمول طلاسرخ(پ),14,1786,140615098,80004,79501,82900,2896,3.62,78732,-1272,-1.59,75730,83500,1399-12-13
584,زمگسا,كشاورزي‌ ودامپروي‌ مگسال‌,14,13233,425440950,32800,32150,32150,-650,-1.98,32790,-10,-0.03,32150,32150,1399-12-13
585,غشاذر,پگاه‌آذربايجان‌غربي‌,14,12543,122921400,10000,9800,9800,-200,-2.0,10000,0,0.0,9800,9800,1399-12-13
586,سخند,صندوق س.سپهرخبرگان نفت-د,14,134110,1359703690,10133,10138,10138,5,0.05,10139,6,0.06,10138,10143,1399-12-13
587,ضجار2003,اختيارخ وتجارت-3000-1400/02/22,14,513,103034000,202,177,199,-3,-1.49,201,-1,-0.5,177,205,1399-12-13
588,غمارگ,مارگارين‌,14,47615,1526536900,32710,32060,32060,-650,-1.99,32690,-20,-0.06,32060,32060,1399-12-13
589,واحصا,احياء صنايع خراسان,14,5023,353111877,73228,70299,70299,-2929,-4.0,73174,-54,-0.07,70299,70299,1399-12-13
590,ضملي3004,اختيارخ فملي-14000-1400/03/02,13,262,197119000,1085,800,758,-327,-30.14,752,-333,-30.69,725,800,1399-12-13
591,وتوكا,سرمايه‌گذاري‌توكافولاد(هلدينگ,13,28269,314633970,11350,11130,11130,-220,-1.94,11350,0,0.0,11130,11130,1399-12-13
592,ضصاد3002,اختيارخ وبصادر-2500-1400/03/12,13,440,119151000,294,261,270,-24,-8.16,271,-23,-7.82,261,280,1399-12-13
593,كي بي سي,شركت كي بي سي,13,7158,197181426,28109,27547,27547,-562,-2.0,28107,-2,-0.01,27547,27547,1399-12-13
594,كدما,معدني‌ دماوند,13,1622,381786360,240180,235380,235380,-4800,-2.0,240140,-40,-0.02,235380,235380,1399-12-13
595,رتكو,كنترل‌خوردگي‌تكين‌كو,13,305257,5781567580,19320,18940,18940,-380,-1.97,19270,-50,-0.26,18940,18940,1399-12-13
596,حپارسا,توسعه حمل و نقل ريلي پارسيان,13,64836,2248512480,35387,34680,34680,-707,-2.0,35354,-33,-0.09,34680,34680,1399-12-13
597,نگين,ص.س. زمين و ساختمان نگين شهرري,13,1869,90483480,48640,48260,48990,350,0.72,48410,-230,-0.47,48260,48990,1399-12-13
598,خلنت,لنت‌ ترمزايران‌,13,8923,822075990,94010,92130,92130,-1880,-2.0,93980,-30,-0.03,92130,92130,1399-12-13
599,زعف0008پ16,زعفران0008نگين بيرجند(پ),13,20100,2424580300,120641,121000,120500,-141,-0.12,120626,-15,-0.01,120300,121200,1399-12-13
600,خنصير,مهندسي‌نصيرماشين‌,13,51617,5651545330,111720,109490,109490,-2230,-2.0,111460,-260,-0.23,109490,109490,1399-12-13
601,فاما,صنعتي‌ آما,13,13552,277680480,20900,20490,20490,-410,-1.96,20900,0,0.0,20490,20490,1399-12-13
602,اراد50,مرابحه عام دولت5-ش.خ0302,13,195200,195200125000,1000001,1000000,1000001,0,0.0,1000001,0,0.0,1000000,1000001,1399-12-13
603,ضخود2011,اختيارخ خودرو-5000-1400/02/08,13,596,12980000,23,22,20,-3,-13.04,22,-1,-4.35,20,23,1399-12-13
604,پدرخش,درخشان‌ تهران‌,13,5659,717900740,129440,126860,126860,-2580,-1.99,129400,-40,-0.03,126860,126860,1399-12-13
605,درازك,دارويي‌ رازك‌,13,23395,806425650,35170,34470,34470,-700,-1.99,35160,-10,-0.03,34470,34470,1399-12-13
606,شسينا,صنايع‌شيميايي‌سينا,13,1748,237920280,138880,136110,136110,-2770,-1.99,138870,-10,-0.01,136110,136110,1399-12-13
607,الماس,صندوق س.امين تدبيرگران فردا-س,13,1738,189829260,111198,111990,109199,-1999,-1.8,109223,-1975,-1.78,109002,111990,1399-12-13
608,كساپا,سايپاشيشه‌,12,4187,163627960,39870,39080,39080,-790,-1.98,39870,0,0.0,39080,39080,1399-12-13
609,ولشرق,ليزينگ ايران و شرق,12,41930,370996640,9028,8848,8848,-180,-1.99,9027,-1,-0.01,8848,8848,1399-12-13
610,كصدف,كاشي صدف سرام استقلال آباده,12,4345,107399710,25747,24718,24718,-1029,-4.0,25741,-6,-0.02,24718,24718,1399-12-13
611,اعتلا,شركت سرمايه گذاري اعتلاء البرز,12,25076,208130800,8469,8300,8300,-169,-2.0,8468,-1,-0.01,8300,8300,1399-12-13
612,پسهند,صنايع‌ لاستيكي‌  سهند,12,5217,226156950,44230,43350,43350,-880,-1.99,44230,0,0.0,43350,43350,1399-12-13
613,زكشت,كشاورزي مكانيزه اصفهان كشت,12,14894,592528002,40594,39783,39783,-811,-2.0,40584,-10,-0.02,39783,39783,1399-12-13
614,ثنام,س ساختماني ب نام آوران مهندسي,12,11196,180076464,16754,16084,16084,-670,-4.0,16747,-7,-0.04,16084,16084,1399-12-13
615,غدام,خوراك‌  دام‌ پارس‌,12,377,148824520,402810,394760,394760,-8050,-2.0,402790,-20,0.0,394760,394760,1399-12-13
616,غدشت,دشت‌ مرغاب‌,12,1068,304914000,291320,285500,285500,-5820,-2.0,291280,-40,-0.01,285500,285500,1399-12-13
617,اخزا821,اسنادخزانه-م21بودجه98-020906,12,36494,21331038067,583374,584499,586880,3506,0.6,584508,1134,0.19,581005,586886,1399-12-13
618,ضشنا2003,اختيارخ شپنا-14000-1400/02/27,12,530,319665000,808,600,600,-208,-25.74,603,-205,-25.37,600,610,1399-12-13
619,ددام,داروسازي زاگرس فارمد پارس,12,101903,2315236160,23180,22720,22720,-460,-1.98,23160,-20,-0.09,22720,22720,1399-12-13
620,اخزا721,اسنادخزانه-م21بودجه97-000728,12,17272,15270239227,884140,884137,884137,-3,0.0,884104,-36,0.0,882000,884138,1399-12-13
621,اخزا907,اسنادخزانه-م7بودجه99-020704,12,65530,39443317100,602025,603000,600000,-2025,-0.34,601912,-113,-0.02,600000,603100,1399-12-13
622,بكاب,صنايع‌جوشكاب‌يزد,12,553,196740810,363030,355770,355770,-7260,-2.0,363000,-30,-0.01,355770,355770,1399-12-13
623,اخزا811,اسنادخزانه-م11بودجه98-001013,12,24893,21200268455,852147,852938,852938,791,0.09,851656,-491,-0.06,848001,852938,1399-12-13
624,افرا,افرانت,11,4945,172288745,35552,34841,34841,-711,-2.0,35549,-3,-0.01,34841,34841,1399-12-13
625,ضسپا3003,اختيارخ خساپا-2000-1400/03/26,11,320,167538000,549,548,480,-69,-12.57,524,-25,-4.55,480,550,1399-12-13
626,خموتور,موتورسازان‌تراكتورسازي‌ايران‌,11,66573,991271970,15190,14890,14890,-300,-1.97,15180,-10,-0.07,14890,14890,1399-12-13
627,اخزا813,اسنادخزانه-م13بودجه98-010219,11,16186,12824797532,791185,792000,792510,1325,0.17,792339,1154,0.15,792000,792510,1399-12-13
628,اوصتا,صندوق انديشه ورزان صباتامين -د,11,103379,1861229466,17990,18004,18002,12,0.07,18004,14,0.08,17998,18005,1399-12-13
629,ضفلا3003,اختيارخ فولاد-10000-1400/03/19,11,96,266680000,2837,2740,2780,-57,-2.01,2778,-59,-2.08,2740,2820,1399-12-13
630,غشصفا,شيرپاستوريزه‌پگاه‌اصفهان‌,11,3286,91810840,28510,27940,27940,-570,-2.0,28510,0,0.0,27940,27940,1399-12-13
631,آريان,سرمايه گذاري پارس آريان,11,35969,398788303,11313,11087,11087,-226,-2.0,11312,-1,-0.01,11087,11087,1399-12-13
632,بخاور,بيمه زندگي خاورميانه,11,17668,124824420,7209,7065,7065,-144,-2.0,7209,0,0.0,7065,7065,1399-12-13
633,ضصاد3000,اختيارخ وبصادر-1800-1400/03/12,11,70,46969000,800,717,660,-140,-17.5,671,-129,-16.13,660,790,1399-12-13
634,قهكمت,قندهكمتان‌,11,43671,1989650760,46480,45560,45560,-920,-1.98,46440,-40,-0.09,45560,45560,1399-12-13
635,ثعمرا,عمران و توسعه شاهد,11,41899,539910514,13148,12886,12886,-262,-1.99,13145,-3,-0.02,12886,12886,1399-12-13
636,شتوكا,توكا رنگ فولاد سپاهان,11,3734,199175294,54429,53341,53341,-1088,-2.0,54425,-4,-0.01,53341,53341,1399-12-13
637,وگستر,گسترش سرمايه گذاري ايرانيان,11,16097,307259536,19477,19088,19088,-389,-2.0,19475,-2,-0.01,19088,19088,1399-12-13
638,وتعاون,بيمه  تعاون,11,38658,235968432,6228,6104,6104,-124,-1.99,6226,-2,-0.03,6104,6104,1399-12-13
639,زعف0008پ10,زعفران0008نگين طلاي سرخ(پ),11,1100,132717812,121542,122500,123169,1627,1.34,120653,-889,-0.73,120021,123169,1399-12-13
640,حتوكا,حمل‌ونقل‌توكا,10,22742,690219700,30960,30350,30350,-610,-1.97,30950,-10,-0.03,30350,30350,1399-12-13
641,واتي,سرمايه‌ گذاري‌ آتيه‌ دماوند,10,9895,118641050,12230,11990,11990,-240,-1.96,12230,0,0.0,11990,11990,1399-12-13
642,زپارس,ملي كشت و صنعت و دامپروري پارس,10,19199,3325074810,176720,173190,173190,-3530,-2.0,176470,-250,-0.14,173190,173190,1399-12-13
643,ضملي3003,اختيارخ فملي-12000-1400/03/02,10,129,201262000,1950,1701,1470,-480,-24.62,1560,-390,-20.0,1470,1701,1399-12-13
644,ثغرب,شركت سرمايه گذاري مسكن شمالغرب,10,156633,1230978747,8019,7859,7859,-160,-2.0,8015,-4,-0.05,7859,7859,1399-12-13
645,حپترو,حمل و نقل پتروشيمي( سهامي عام,10,24853,1327150200,54480,53400,53400,-1080,-1.98,54450,-30,-0.06,53400,53400,1399-12-13
646,هجرت,پخش هجرت,10,3170,88601500,28520,27950,27950,-570,-2.0,28519,-1,0.0,27950,27950,1399-12-13
647,وگردش,بانك گردشگري,10,35038,609836390,17760,17405,17405,-355,-2.0,17758,-2,-0.01,17405,17405,1399-12-13
648,وايران,ليزينگ ايرانيان,10,21258,264024360,12670,12420,12420,-250,-1.97,12670,0,0.0,12420,12420,1399-12-13
649,ضمخا7066,اختيارخ اخابر-12000-1400/07/28,10,19,30688000,1899,1621,1611,-288,-15.17,1615,-284,-14.96,1605,1651,1399-12-13
650,ثاباد,توريستي ورفاهي آبادگران ايران,10,1523,82500910,55270,54170,54170,-1100,-1.99,55270,0,0.0,54170,54170,1399-12-13
651,اخزا810,اسنادخزانه-م10بودجه98-001006,10,18461,15795214000,855099,855700,855000,-99,-0.01,855599,500,0.06,855000,860000,1399-12-13
652,زر2,صندوق س.پشتوانه سكه طلاي زر,10,1000000,1000000,47732,1,1,-47731,-100.0,1,-47731,-100.0,1,1,1399-12-13
653,دتوزيع,توزيع دارو پخش,10,187618,8929303474,48564,47593,47593,-971,-2.0,48384,-180,-0.37,47593,47593,1399-12-13
654,اپرداز,آتيه داده پرداز,10,14015,290502920,21151,20728,20728,-423,-2.0,21148,-3,-0.01,20728,20728,1399-12-13
655,خشرق,الكتريك‌ خودرو شرق‌,10,8165,132926200,16610,16280,16280,-330,-1.99,16610,0,0.0,16280,16280,1399-12-13
656,دفارا,داروسازي‌ فارابي‌,10,2232,148762800,68010,66650,66650,-1360,-2.0,68010,0,0.0,66650,66650,1399-12-13
657,دارو,كارخانجات‌داروپخش‌,10,2198,70973420,32940,32290,32290,-650,-1.97,32940,0,0.0,32290,32290,1399-12-13
658,قنيشا,قند  نيشابور,9,17450,1060262000,61990,60760,60760,-1230,-1.98,61960,-30,-0.05,60760,60760,1399-12-13
659,وجامي,سرمايه گذاري جامي,9,17000,267104000,16032,15712,15712,-320,-2.0,16028,-4,-0.02,15712,15712,1399-12-13
660,فخاس,فولاد خراسان,9,4959,149315490,30720,30110,30110,-610,-1.99,30720,0,0.0,30110,30110,1399-12-13
661,ضجار2001,اختيارخ وتجارت-2000-1400/02/22,9,155,101151000,699,680,660,-39,-5.58,653,-46,-6.58,650,680,1399-12-13
662,اخزا904,اسنادخزانه-م4بودجه99-011215,9,46240,31060114306,668449,669601,675000,6551,0.98,671715,3266,0.49,669601,675000,1399-12-13
663,ضپاس2003,اختيارخ وپارس-3500-1400/02/29,9,227,52640000,299,250,235,-64,-21.4,232,-67,-22.41,230,250,1399-12-13
664,نتوس,پشم‌ بافي‌ توس,9,57450,1218399600,22091,21208,21208,-883,-4.0,22035,-56,-0.25,21208,21208,1399-12-13
665,دكوثر,داروسازي‌ كوثر,9,44075,906622750,20980,20570,20570,-410,-1.95,20970,-10,-0.05,20570,20570,1399-12-13
666,تملي804,تسهيلات مسكن ب. ملي-تير98,9,90,82503930,899716,944701,854731,-44985,-5.0,916710,16994,1.89,854731,944701,1399-12-13
667,ركيش,كارت اعتباري ايران كيش,9,5181,134239710,26430,25910,25910,-520,-1.97,26430,0,0.0,25910,25910,1399-12-13
668,شپلي,پلي اكريل ايران,8,81893,857829175,10688,10475,10475,-213,-1.99,10676,-12,-0.11,10475,10475,1399-12-13
669,خچرخش,چرخشگر,8,17475,316821750,18500,18130,18130,-370,-2.0,18500,0,0.0,18130,18130,1399-12-13
670,نيرو,نيرو سرمايه,8,5397,300030024,56726,55592,55592,-1134,-2.0,56709,-17,-0.03,55592,55592,1399-12-13
671,ضغدر3002,اختيارخ وغدير-8200-1400/03/26,8,160,448005000,3000,2801,2800,-200,-6.67,2800,-200,-6.67,2800,2801,1399-12-13
672,خكمك,كمك‌فنرايندامين‌,8,5486,154430900,28720,28150,28150,-570,-1.98,28720,0,0.0,28150,28150,1399-12-13
673,لپيام,گسترش صنايع پيام,8,3987,217443006,55651,54538,54538,-1113,-2.0,55639,-12,-0.02,54538,54538,1399-12-13
674,وشمال,س. چشم انداز توسعه شمال,8,8354,727767064,88893,87116,87116,-1777,-2.0,88827,-66,-0.07,87116,87116,1399-12-13
675,دابور,داروسازي‌ ابوريحان‌,8,3757,149002620,40460,39660,39660,-800,-1.98,40460,0,0.0,39660,39660,1399-12-13
676,پاسا,ايران‌ياساتايرورابر,8,6635,175097650,26920,26390,26390,-530,-1.97,26920,0,0.0,26390,26390,1399-12-13
677,غگلستا,شير پاستوريزه پگاه گلستان,8,8089,231402023,29190,28607,28607,-583,-2.0,29187,-3,-0.01,28607,28607,1399-12-13
678,قلرست,قند لرستان‌,8,22939,812728770,36150,35430,35430,-720,-1.99,36140,-10,-0.03,35430,35430,1399-12-13
679,تاپكيش,تجارت الكترونيك پارسيان كيش,8,2899,60194836,21187,20764,20764,-423,-2.0,21186,-1,0.0,20764,20764,1399-12-13
680,اخزا806,اسنادخزانه-م6بودجه98-000519,7,9100,8348598172,916686,916617,918001,1315,0.14,917428,742,0.08,916617,919990,1399-12-13
681,افران2,صندوق س افرا نماد پايدار-ثابت,7,9800000,9800000,12799,1,1,-12798,-99.99,1,-12798,-99.99,1,1,1399-12-13
682,اخزا818,اسنادخزانه-م18بودجه98-010614,7,15786,11713524152,741862,740093,742120,258,0.03,742020,158,0.02,740093,742310,1399-12-13
683,وملت,سرمايه گذاري ملت,7,14993,66988724,4559,4468,4468,-91,-2.0,4558,-1,-0.02,4468,4468,1399-12-13
684,خعمرا,توسعه و عمران شهرستان نائين,7,7145,165421040,22478,23152,23152,674,3.0,22483,5,0.02,23152,23152,1399-12-13
685,خبازرس,بازرسي مهندسي و صنعتي ايران,7,28415,1044933210,35703,36774,36774,1071,3.0,35754,51,0.14,36774,36774,1399-12-13
686,شاملا,معدني‌ املاح‌  ايران‌,7,20250,1045912500,52700,51650,51650,-1050,-1.99,52680,-20,-0.04,51650,51650,1399-12-13
687,وپسا,س. پتروشيمي ساختمان  خليج فارس,7,57575,172091675,3050,2989,2989,-61,-2.0,3049,-1,-0.03,2989,2989,1399-12-13
688,خاذين,سايپاآذين‌,7,37601,177100710,4800,4710,4710,-90,-1.88,4800,0,0.0,4710,4710,1399-12-13
689,ضشنا2000,اختيارخ شپنا-9000-1400/02/27,7,100,267448000,3341,2674,2676,-665,-19.9,2674,-667,-19.96,2672,2677,1399-12-13
690,دلقما,دارويي‌ لقمان‌,7,5104,124843840,24950,24460,24460,-490,-1.96,24950,0,0.0,24460,24460,1399-12-13
691,ولغدر,ليزينگ‌خودروغدير,7,10769,237994900,22550,22100,22100,-450,-2.0,22550,0,0.0,22100,22100,1399-12-13
692,پست0008پ04,پسته فندقي32-30سبزدانه0008(پ),6,814,1112460900,1345872,1349900,1369000,23128,1.72,1366660,20788,1.54,1349900,1369000,1399-12-13
693,اراد33,مرابحه عام دولت3-ش.خ 0303,6,7000,6245393000,849714,892199,892199,42485,5.0,892199,42485,5.0,892199,892199,1399-12-13
694,فلامي,لاميران‌,6,10621,470828930,45230,44330,44330,-900,-1.99,45220,-10,-0.02,44330,44330,1399-12-13
695,ضترا3002,اختيارخ شتران-8000-1400/03/09,6,410,451000000,1200,1100,1100,-100,-8.33,1100,-100,-8.33,1100,1100,1399-12-13
696,آرمان,بيمه آرمان,6,38251,325439508,8681,8508,8508,-173,-1.99,8678,-3,-0.03,8508,8508,1399-12-13
697,حسير,ريل سير كوثر,6,4487,76826414,17471,17122,17122,-349,-2.0,17470,-1,-0.01,17122,17122,1399-12-13
698,زعف0008پ12,زعفران0008پوشالمعمول سحرخيز(پ),6,399,31637695,79679,79100,79500,-179,-0.22,79292,-387,-0.49,79000,79505,1399-12-13
699,وبهمن,سرمايه‌گذاري‌بهمن‌,6,101471,1679345050,16880,16550,16550,-330,-1.95,16870,-10,-0.06,16550,16550,1399-12-13
700,اخزا716,اسنادخزانه-م16بودجه97-000407,6,1564,1475030800,939834,943000,943000,3166,0.34,943114,3280,0.35,943000,943400,1399-12-13
701,كطبس,ذغال‌سنگ‌ نگين‌ ط‌بس‌,6,1846,150559760,83220,81560,81560,-1660,-1.99,83210,-10,-0.01,81560,81560,1399-12-13
702,مفاخر,توسعه فناوري اطلاعات خوارزمي,6,85152,5631272064,67481,66132,66132,-1349,-2.0,67321,-160,-0.24,66132,66132,1399-12-13
703,بشهاب,لامپ‌  پارس‌ شهاب‌,6,338,49787400,150300,147300,147300,-3000,-2.0,150300,0,0.0,147300,147300,1399-12-13
704,ولصنم,ليزينگ‌صنعت‌ومعدن‌,6,10034,109872300,11170,10950,10950,-220,-1.97,11170,0,0.0,10950,10950,1399-12-13
705,تشتاد,صنايع توليدي اشتاد ايران‌,6,5104,77238832,15763,15133,15133,-630,-4.0,15760,-3,-0.02,15133,15133,1399-12-13
706,پرداخت,به پرداخت ملت,6,1952,69588800,36370,35650,35650,-720,-1.98,36370,0,0.0,35650,35650,1399-12-13
707,صخود412,ص مرابحه خودرو412- 3ماهه 18%,5,1012,1013767022,1000000,980002,1002000,2000,0.2,1001746,1746,0.17,980002,1002000,1399-12-13
708,ضمخا7071,اختيارخ اخابر-24000-1400/07/28,5,93,15991000,200,171,209,9,4.5,172,-28,-14.0,162,210,1399-12-13
709,وسفارس,شركت س استان فارس,5,213650,215786500,1030,1010,1010,-20,-1.94,1030,0,0.0,1010,1010,1399-12-13
710,ضمخا2003,اختيارخ اخابر-14000-1400/02/29,5,17,16563000,2300,1080,720,-1580,-68.7,974,-1326,-57.65,720,1080,1399-12-13
711,ضصاد3003,اختيارخ وبصادر-3000-1400/03/12,5,91,13660000,201,155,150,-51,-25.37,150,-51,-25.37,150,155,1399-12-13
712,ضترا3000,اختيارخ شتران-6000-1400/03/09,5,128,352400000,3800,2800,2750,-1050,-27.63,2753,-1047,-27.55,2750,2800,1399-12-13
713,تملي711,تسهيلات مسكن ب. ملي-بهمن97,5,116,69603728,602679,632812,580000,-22679,-3.76,600032,-2647,-0.44,580000,632812,1399-12-13
714,وزمين,بانك ايران زمين,5,39397,542614881,14054,13773,13773,-281,-2.0,14047,-7,-0.05,13773,13773,1399-12-13
715,سكارون,سيمان كارون,5,1220,213592720,178648,175076,175076,-3572,-2.0,178609,-39,-0.02,175076,175076,1399-12-13
716,اخزا720,اسنادخزانه-م20بودجه97-000324,5,1248,1181355000,947958,947000,947500,-458,-0.05,946599,-1359,-0.14,946500,949000,1399-12-13
717,سفاسي,شركت فارسيت اهواز,5,3350,47707350,14531,14241,14241,-290,-2.0,14530,-1,-0.01,14241,14241,1399-12-13
718,زعف0008پ18,زعفران0008نگين بهرامن(پ),5,3809,460888005,121200,121000,120005,-1195,-0.99,121000,-200,-0.17,120005,121000,1399-12-13
719,اراد404,مرابحه عام دولت4-ش.خ 0207,5,8135000,7595026917000,999000,973000,973000,-26000,-2.6,933623,-65377,-6.54,906120,973000,1399-12-13
720,تپولا,مهندسي مرآت پولاد,5,3293,118989262,36871,36134,36134,-737,-2.0,36866,-5,-0.01,36134,36134,1399-12-13
721,حخزر,كشتيراني درياي خزر,5,3567,102797373,29407,28819,28819,-588,-2.0,29406,-1,0.0,28819,28819,1399-12-13
722,فجام,جام‌دارو,5,3971,40504200,10400,10200,10200,-200,-1.92,10400,0,0.0,10200,10200,1399-12-13
723,خوساز,محورسازان‌ايران‌خودرو,5,15858,125278200,8060,7900,7900,-160,-1.99,8060,0,0.0,7900,7900,1399-12-13
724,اراد334,مرابحه عام دولت3-ش.خ 0303,4,13194000,11504987510000,849714,869530,872300,22586,2.66,871986,22272,2.62,869530,872357,1399-12-13
725,قجام,فرآوردههاي غذايي وقندتربت‌جام‌,4,1260,20604780,16686,16353,16353,-333,-2.0,16685,-1,-0.01,16353,16353,1399-12-13
726,كاسپين,داروسازي كاسپين تامين,4,2522,62205130,25168,24665,24665,-503,-2.0,25167,-1,0.0,24665,24665,1399-12-13
727,سپرمي,پرميت‌,4,25320,225981000,8750,8925,8925,175,2.0,8758,8,0.09,8925,8925,1399-12-13
728,اراد384,مرابحه عام دولت3-ش.خ 0105,4,4020000,3876402400000,1050000,963040,964231,-85769,-8.17,964279,-85721,-8.16,963040,964334,1399-12-13
729,ضسپا3005,اختيارخ خساپا-3000-1400/03/26,4,8,1289000,187,156,199,12,6.42,161,-26,-13.9,155,199,1399-12-13
730,وسكرد,شركت س استان كردستان,4,35347,25803310,740,730,730,-10,-1.35,740,0,0.0,730,730,1399-12-13
731,كشرق,صنعتي و معدني شمال شرق شاهرود,4,822,77058390,95658,93745,93745,-1913,-2.0,95655,-3,0.0,93745,93745,1399-12-13
732,ضپاس2006,اختيارخ وپارس-5000-1400/02/29,4,35,2035000,226,77,44,-182,-80.53,58,-168,-74.34,44,77,1399-12-13
733,حكشتيح,ح . كشتيراني ج. ا. ا,4,1870,35062500,18830,18750,18750,-80,-0.42,18750,-80,-0.42,18750,18750,1399-12-13
734,ضپاس2004,اختيارخ وپارس-4000-1400/02/29,4,124,25626000,199,230,200,1,0.5,207,8,4.02,200,230,1399-12-13
735,كابگن,توليدي و صنعتي آبگينه‌,4,5000,25790000,5107,5158,5158,51,1.0,5107,0,0.0,5158,5158,1399-12-13
736,اراد554,مرابحه عام دولت5-ش.خ 0209,4,32346298,28692938919432,960000,894387,863440,-96560,-10.06,887055,-72945,-7.6,863440,894387,1399-12-13
737,آبين,كشت و صنعت آبشيرين,4,4780,20099900,4290,4205,4205,-85,-1.98,4290,0,0.0,4205,4205,1399-12-13
738,زعف0008پ09,زعفران0008نگين نوين(پ),4,7000,847400000,121769,121000,121200,-569,-0.47,121057,-712,-0.58,121000,121200,1399-12-13
739,ضپاس2001,اختيارخ وپارس-2500-1400/02/29,4,136,105127000,997,778,770,-227,-22.77,773,-224,-22.47,770,778,1399-12-13
740,ضفلا3006,اختيارخ فولاد-16000-1400/03/19,4,255,60900000,200,299,200,0,0.0,239,39,19.5,200,299,1399-12-13
741,تملي612,تسهيلات مسكن بانك ملي-اسفند96,4,45,39317310,832113,873718,873718,41605,5.0,873718,41605,5.0,873718,873718,1399-12-13
742,كشم0001پ01,كشمش سبز0001خليل آباد(پ),4,17,10764312,631338,599772,662904,31566,5.0,633195,1857,0.29,599772,662904,1399-12-13
743,خاتم2,صندوق س خاتم ايساتيس پويا-ثابت,4,3200000,3200000,10622,1,1,-10621,-99.99,1,-10621,-99.99,1,1,1399-12-13
744,تابا,تابان نيرو سپاهان,4,2319,128906253,56721,55587,55587,-1134,-2.0,56714,-7,-0.01,55587,55587,1399-12-13
745,پلاست,كارخانجات توليدي پلاستيران,4,11704,833137536,72636,71184,71184,-1452,-2.0,72574,-62,-0.09,71184,71184,1399-12-13
746,گپارس,امور رفاهي كارگزاران پارس,4,425,87186200,209330,205144,205144,-4186,-2.0,209311,-19,-0.01,205144,205144,1399-12-13
747,فافزا,فولاد افزا سپاهان,4,1192,59779992,51174,50151,50151,-1023,-2.0,51171,-3,-0.01,50151,50151,1399-12-13
748,كقزوي,شيشه‌ قزوين‌,4,11030,111380940,10304,10098,10098,-206,-2.0,10303,-1,-0.01,10098,10098,1399-12-13
749,لخانهح,ح.لوازم‌ خانگي‌ پارس‌,4,770,16742110,22186,21743,21743,-443,-2.0,21743,-443,-2.0,21743,21743,1399-12-13
750,شستا991,اجاره تامين اجتماعي-امين991226,3,19,18973000,998250,1003000,997000,-1250,-0.13,998579,329,0.03,997000,1003000,1399-12-13
751,تملي705,تسهيلات مسكن ب. ملي-مرداد97,3,33,19262967,555931,583726,583727,27796,5.0,583726,27795,5.0,583726,583727,1399-12-13
752,اخزا8144,اسنادخزانه-م14بودجه98-010318,3,1124525,876106466975,778876,779059,779214,338,0.04,779090,214,0.03,779003,779214,1399-12-13
753,افاد14,منفعت دولت-با شرايط خاص140006,3,20000000,20388165000000,1000000,1012112,1022195,22195,2.22,1019408,19408,1.94,1012112,1022195,1399-12-13
754,وسيلام,شركت س استان ايلام,3,12050,14701000,1240,1220,1220,-20,-1.61,1240,0,0.0,1220,1220,1399-12-13
755,فايرا2,آلومينيوم‌ايران‌,3,38000000,975300000000,25670,25670,25670,0,0.0,25666,-4,-0.02,25630,25670,1399-12-13
756,تملي807,تسهيلات مسكن ب. ملي-مهر98,3,36,25197876,682909,648764,717000,34091,4.99,699941,17032,2.49,648764,717000,1399-12-13
757,افاد24,منفعت دولتي2-شرايط خاص14000626,3,10090000,10211706440000,985000,1012156,1011950,26950,2.74,1012062,27062,2.75,1011950,1012156,1399-12-13
758,اراد624,مرابحه عام دولت62-ش.خ0309,3,1100000,1100000000000,1035000,1000000,1000000,-35000,-3.38,1000000,-35000,-3.38,1000000,1000000,1399-12-13
759,وسرضوي,س.سهام عدالت استان خراسان رضوي,3,21900,22119000,1030,1010,1010,-20,-1.94,1030,0,0.0,1010,1010,1399-12-13
760,غشوكو,شوكو پارس,3,426,16740948,40099,39298,39298,-801,-2.0,40098,-1,0.0,39298,39298,1399-12-13
761,حاريا,كشتيراني آريا,3,4473,127386567,29060,28479,28479,-581,-2.0,29056,-4,-0.01,28479,28479,1399-12-13
762,سخواف,سيمان مجد خواف,3,3798,64292544,17273,16928,16928,-345,-2.0,17272,-1,-0.01,16928,16928,1399-12-13
763,زعف0008پ08,زعفران0008نگين روستا(پ),3,1095,132707045,121834,120001,121200,-634,-0.52,121194,-640,-0.53,120001,122140,1399-12-13
764,وسقم,شركت س استان قم,3,18161,25243790,1410,1390,1390,-20,-1.42,1410,0,0.0,1390,1390,1399-12-13
765,اراد314,مرابحه عام دولت3-ش.خ 0208,3,32500000,29226095000000,1000000,899442,899182,-100818,-10.08,899264,-100736,-10.07,899182,899442,1399-12-13
766,اراد40,مرابحه عام دولت4-ش.خ 0207,3,60000,60000000000,999000,1000000,1000000,1000,0.1,1000000,1000,0.1,1000000,1000000,1399-12-13
767,كاذر,فرآورده‌هاي‌نسوزآذر,3,5961,197964810,33880,33210,33210,-670,-1.98,33880,0,0.0,33210,33210,1399-12-13
768,آگاس2,صندوق س.هستي بخش آگاه-س,3,300000,300000,63794,1,1,-63793,-100.0,1,-63793,-100.0,1,1,1399-12-13
769,صگل309,صكوك اجاره گل گهر309-3ماهه20%,3,29000,30530330000,1052153,1052770,1052770,617,0.06,1052770,617,0.06,1052770,1052770,1399-12-13
770,اخزا718,اسنادخزانه-م18بودجه97-000525,3,4617,4219035411,914849,913801,916500,1651,0.18,913804,-1045,-0.11,913801,916500,1399-12-13
771,تملي706,تسهيلات مسكن ب. ملي-شهريور97,3,36,20758608,562564,534436,590692,28128,5.0,576628,14064,2.5,534436,590692,1399-12-13
772,اراد544,مرابحه عام دولت5-ش.خ 0109,3,18646900,17786827290000,1015000,953313,954065,-60935,-6.0,953876,-61124,-6.02,953313,954100,1399-12-13
773,اشاد1,مشاركت دولتي1-شرايط خاص001026,3,1000,999998600,980000,999997,999999,19999,2.04,999999,19999,2.04,999997,999999,1399-12-13
774,اراد374,مرابحه عام دولت3-ش.خ 0005,3,5100000,5104786700000,1000000,1001827,999461,-539,-0.05,1000939,939,0.09,999461,1001827,1399-12-13
775,ضفلا3005,اختيارخ فولاد-14000-1400/03/19,3,64,44880000,749,707,695,-54,-7.21,701,-48,-6.41,695,707,1399-12-13
776,وآتوس,س.آرين توسكا قيمت اسمي 350ريال,3,219,10000197,46594,45663,45663,-931,-2.0,46594,0,0.0,45663,45663,1399-12-13
777,ضخوز2012,اختيارخ فخوز-10000-1400/02/15,3,16,58500000,4016,4000,3500,-516,-12.85,3656,-360,-8.96,3500,4000,1399-12-13
778,گكيش,توريستي ورفاهي آبادگران كيش,3,1219,63673246,53299,52234,52234,-1065,-2.0,53296,-3,-0.01,52234,52234,1399-12-13
779,كشم0006پ02,كشمش تيزابي0006تاكستان(پ),3,125,28607500,229100,229200,227500,-1600,-0.7,228860,-240,-0.1,227500,229200,1399-12-13
780,ضفار3001,اختيارخ فارس-9000-1400/03/05,2,11,7887000,748,717,717,-31,-4.14,717,-31,-4.14,717,717,1399-12-13
781,ضملي3000,اختيارخ فملي-8000-1400/03/02,2,15,80500000,5906,5300,5500,-406,-6.87,5367,-539,-9.13,5300,5500,1399-12-13
782,افاد44,منفعت دولتي4-شرايط خاص14010729,2,6000000,5870853000000,1042700,978681,978270,-64430,-6.18,978475,-64225,-6.16,978270,978681,1399-12-13
783,اخزا7134,اسنادخزانه-م13بودجه97-000518,2,3270000,3000162870000,916124,918872,916090,-34,0.0,917481,1357,0.15,916090,918872,1399-12-13
784,اشاد14,مشاركت دولتي1-شرايط خاص001026,2,1500200,1496168962600,980000,1001496,993130,13130,1.34,997313,17313,1.77,993130,1001496,1399-12-13
785,ضسپا3000,اختيارخ خساپا-1400-1400/03/26,2,51,51499000,1031,999,1010,-21,-2.04,1010,-21,-2.04,999,1010,1399-12-13
786,وسزنجان,شركت س استان زنجان,2,7160,10024000,1420,1400,1400,-20,-1.41,1420,0,0.0,1400,1400,1399-12-13
787,دحاوي,الحاوي,2,1731,20789310,12255,12010,12010,-245,-2.0,12255,0,0.0,12010,12010,1399-12-13
788,اخزا8064,اسنادخزانه-م6بودجه98-000519,2,310000,284591005000,916686,919975,916096,-590,-0.06,918035,1349,0.15,916096,919975,1399-12-13
789,ضفار3002,اختيارخ فارس-10000-1400/03/05,2,2,1665000,981,888,777,-204,-20.8,832,-149,-15.19,777,888,1399-12-13
790,ضپيك2010,اختيارخ تاپيكو-12000-00/02/19,2,110,87810000,919,800,781,-138,-15.02,798,-121,-13.17,781,800,1399-12-13
791,زير0003پ01,زيره سبز0003كيميابذر(پ),2,58,26680000,501498,460000,460000,-41498,-8.27,460000,-41498,-8.27,460000,460000,1399-12-13
792,شستا004,اجاره تامين اجتماعي-نوين000523,2,11,10840500,983002,985500,985500,2498,0.25,985500,2498,0.25,985500,985500,1399-12-13
793,اخزا8154,اسنادخزانه-م15بودجه98-010406,2,1012000,779996470000,770889,770821,770674,-215,-0.03,770747,-142,-0.02,770674,770821,1399-12-13
794,خبهمن2,گروه‌بهمن‌,2,4500000,91620000000,20770,20360,20360,-410,-1.97,20360,-410,-1.97,20360,20360,1399-12-13
795,اشاد104,مشاركت دولتي10-شرايط خاص001226,2,72600,69897174600,968486,957312,968230,-256,-0.03,962771,-5715,-0.59,957312,968230,1399-12-13
796,ضسپا3001,اختيارخ خساپا-1600-1400/03/26,2,91,74618000,890,818,820,-70,-7.87,820,-70,-7.87,818,820,1399-12-13
797,رطب0002پ01,رطب مضافتي0002افشارتعاون بم(پ),2,51,9604100,189100,189100,187500,-1600,-0.85,188316,-784,-0.41,187500,189100,1399-12-13
798,پارس2,پتروشيمي پارس,2,928000,117447680000,126570,126560,126560,-10,-0.01,126560,-10,-0.01,126560,126560,1399-12-13
799,ضملي3005,اختيارخ فملي-16000-1400/03/02,2,2,1044000,600,444,600,0,0.0,522,-78,-13.0,444,600,1399-12-13
800,اخزا804,اسنادخزانه-م4بودجه98-000421,2,106,98721800,932900,931010,936800,3900,0.42,931338,-1562,-0.17,931010,936800,1399-12-13
801,شبريز2,پالايش نفت تبريز,2,2000000,55640000000,28380,27820,27820,-560,-1.97,27820,-560,-1.97,27820,27820,1399-12-13
802,تملي806,تسهيلات مسكن ب. ملي-شهريور98,2,55,36152820,626023,657324,657324,31301,5.0,657324,31301,5.0,657324,657324,1399-12-13
803,تملي704,تسهيلات مسكن ب. ملي-تير97,2,20,13456320,708227,672816,672816,-35411,-5.0,672816,-35411,-5.0,672816,672816,1399-12-13
804,اراد644,مرابحه عام دولتي64-ش.خ0111,2,27110000,25681963800000,944500,947359,947300,2800,0.3,947324,2824,0.3,947300,947359,1399-12-13
805,اخزا7234,اسنادخزانه-م23بودجه97-000824,2,416000,363846704000,873629,875623,873640,11,0.0,874631,1002,0.11,873640,875623,1399-12-13
806,آينده,بازرگاني آينده سازان بهشت پارس,2,509,10051732,20151,19748,19748,-403,-2.0,20151,0,0.0,19748,19748,1399-12-13
807,فمراد,آلومراد,2,110,15893900,147430,144490,144490,-2940,-1.99,147430,0,0.0,144490,144490,1399-12-13
808,ضپنا2004,اختيارخ رمپنا-18000-1400/02/12,2,2,3000000,3300,1500,1500,-1800,-54.55,1500,-1800,-54.55,1500,1500,1399-12-13
809,اخزا8054,اسنادخزانه-م5بودجه98-000422,2,336000,313576704000,929115,931028,935500,6385,0.69,933264,4149,0.45,931028,935500,1399-12-13
810,تاپيكو2,س. نفت و گاز و پتروشيمي تأمين,2,46555000,500000700000,10950,10740,10740,-210,-1.92,10740,-210,-1.92,10740,10740,1399-12-13
811,شپديس2,پتروشيمي پرديس,2,1000000,87660000000,88110,87660,87660,-450,-0.51,87660,-450,-0.51,87660,87660,1399-12-13
812,وسمازن,س.سهام عدالت استان مازندران,2,14470,13891200,970,960,960,-10,-1.03,970,0,0.0,960,960,1399-12-13
813,قزوين,كارخانجات‌ قند قزوين‌,2,21205,834840850,40170,39370,39370,-800,-1.99,40160,-10,-0.02,39370,39370,1399-12-13
814,وحافظ,بيمه حافظ,2,2360,158287560,68439,67071,67071,-1368,-2.0,68416,-23,-0.03,67071,67071,1399-12-13
815,شرق1400,مشاركت ليزينگ ايران وشرق140010,2,55,55550000,1010000,1010000,1010000,0,0.0,1010000,0,0.0,1010000,1010000,1399-12-13
816,غمينوح,ح . شركت صنايع غذايي مينو شرق,2,1403,15475090,8461,11030,11030,2569,30.36,11030,2569,30.36,11030,11030,1399-12-13
817,شپارسح,ح . بين‌ المللي‌محصولات پارس‌,2,10000,159000000,16150,15900,15900,-250,-1.55,15900,-250,-1.55,15900,15900,1399-12-13
818,افاد72,منفعت دولت7-ش.خاص سپهر0204,2,2000,1348200000,642000,674100,674100,32100,5.0,674100,32100,5.0,674100,674100,1399-12-13
819,ضمخا7077,اختيارخ اخابر-7000-1400/07/28,2,3,14400000,1,4800,4800,4799,479900.0,4800,4799,479900.0,4800,4800,1399-12-13
820,اخزا8124,اسنادخزانه-م12بودجه98-001111,2,1264000,1064184352000,842223,841501,842335,112,0.01,841918,-305,-0.04,841501,842335,1399-12-13
821,افاد744,منفعت دولت7-ش.خاص ساير0204,2,4000000,3851712000000,1000000,963046,962810,-37190,-3.72,962928,-37072,-3.71,962810,963046,1399-12-13
822,اراد354,مرابحه عام دولت3-ش.خ 0103,2,17800000,17118500300000,1000000,961767,961660,-38340,-3.83,961713,-38287,-3.83,961660,961767,1399-12-13
823,اراد444,مرابحه عام دولت4-ش.خ 0007,2,4000000,3979344000000,1050000,994927,994745,-55255,-5.26,994836,-55164,-5.25,994745,994927,1399-12-13
824,وسخراش,شركت س استان خراسان شمالي,2,13297,17950950,1370,1350,1350,-20,-1.46,1370,0,0.0,1350,1350,1399-12-13
825,ضچاد2003,اختيارخ كچاد-18000-1400/02/05,2,11,35600000,1647,3600,3200,1553,94.29,3236,1589,96.48,3200,3600,1399-12-13
826,وكادو,تكادو,2,2389,49318516,21065,20644,20644,-421,-2.0,21064,-1,0.0,20644,20644,1399-12-13
827,ضخود2012,اختيارخ خودرو-6000-1400/02/08,2,11,200000,18,18,20,2,11.11,18,0,0.0,18,20,1399-12-13
828,عكاوه2,اوراق سلف شمش فولاد كاوه كيش,2,104000,450216000000,4294502,4329000,4329000,34498,0.8,4329000,34498,0.8,4329000,4329000,1399-12-13
829,وسلرستا,شركت س استان لرستان,2,11310,10065900,900,890,890,-10,-1.11,900,0,0.0,890,890,1399-12-13
830,اراد434,مرابحه عام دولت4-ش.خ 0205,2,3136000,2970477216000,946000,947017,947420,1420,0.15,947218,1218,0.13,947017,947420,1399-12-13
831,اراد51,مرابحه عام دولت5-ش.خ 0010,2,30000,30000000000,1000000,1000000,1000000,0,0.0,1000000,0,0.0,1000000,1000000,1399-12-13
832,هصيكو402,اختيارف ت تاصيكو13500-00/02/20,2,1200,4570800,3712,3809,3809,97,2.61,3809,97,2.61,3809,3809,1399-12-13
833,وساشرقي,شركت س استان آذربايجان شرقي,2,10540,10118400,970,960,960,-10,-1.03,970,0,0.0,960,960,1399-12-13
834,ضملت3004,اختيارخ وبملت-5000-1400/03/19,2,14,2029000,299,145,144,-155,-51.84,145,-154,-51.51,144,145,1399-12-13
835,دقاضي,داروسازي شهيد قاضي,2,327,14465826,45140,44238,44238,-902,-2.0,45139,-1,0.0,44238,44238,1399-12-13
836,خساپا2,سايپا,1,27000000,60750000000,2290,2250,2250,-40,-1.75,2250,-40,-1.75,2250,2250,1399-12-13
837,ضترا3003,اختيارخ شتران-9000-1400/03/09,1,1,888000,900,888,888,-12,-1.33,888,-12,-1.33,888,888,1399-12-13
838,وسيزد,شركت س استان يزد,1,4000,5040000,1280,1260,1260,-20,-1.56,1280,0,0.0,1260,1260,1399-12-13
839,اخزا9082,اسنادخزانه-م8بودجه99-020606,1,238841,144976487000,605502,607000,607000,1498,0.25,607000,1498,0.25,607000,607000,1399-12-13
840,گندم2,مرابحه گندم2-واجدشرايط خاص1400,1,1000,1036901000,1047375,1036901,1036901,-10474,-1.0,1036901,-10474,-1.0,1036901,1036901,1399-12-13
841,مبين014,اجاره اعتماد مبين لوتوس011019,1,5000,4850000000,960423,970000,970000,9577,1.0,970000,9577,1.0,970000,970000,1399-12-13
842,وصندوق2,سرمايه‌گذاري‌صندوق‌بازنشستگي‌,1,3823355,50047716950,13350,13090,13090,-260,-1.95,13090,-260,-1.95,13090,13090,1399-12-13
843,سايرا,ايرانيت‌,1,500,22810000,46551,45620,45620,-931,-2.0,46549,-2,0.0,45620,45620,1399-12-13
844,اراد214,مرابحه عام دولت2ش.خ صادرات0212,1,9300000,8817692700000,1000000,948139,948139,-51861,-5.19,948139,-51861,-5.19,948139,948139,1399-12-13
845,اراد424,مرابحه عام دولت4-ش.خ 0106,1,5000000,4816245000000,1056250,963249,963249,-93001,-8.8,963249,-93001,-8.8,963249,963249,1399-12-13
846,ضملي3001,اختيارخ فملي-9000-1400/03/02,1,2,7688000,4503,3844,3844,-659,-14.63,3844,-659,-14.63,3844,3844,1399-12-13
847,تملي702,تسهيلات مسكن ب. ملي-ارديبهشت97,1,25,15187750,578581,607510,607510,28929,5.0,607510,28929,5.0,607510,607510,1399-12-13
848,اراد344,مرابحه عام دولت3-ش.خ 0305,1,9793000,8462513227000,1000000,864139,864139,-135861,-13.59,864139,-135861,-13.59,864139,864139,1399-12-13
849,اخزا8094,اسنادخزانه-م9بودجه98-000923,1,374042,321783470054,861700,860287,860287,-1413,-0.16,860287,-1413,-0.16,860287,860287,1399-12-13
850,اراد504,مرابحه عام دولت5-ش.خ0302,1,490000,490000000000,1000001,1000000,1000000,-1,0.0,1000000,-1,0.0,1000000,1000000,1399-12-13
851,تملي703,تسهيلات مسكن ب. ملي-خرداد97,1,23,12490012,517185,543044,543044,25859,5.0,543044,25859,5.0,543044,543044,1399-12-13
852,لخانه,لوازم‌ خانگي‌ پارس‌,1,1070,29865840,28481,27912,27912,-569,-2.0,28480,-1,0.0,27912,27912,1399-12-13
853,اخزا9102,اسنادخزانه-م10بودجه99-020807,1,266150,156363125000,584479,587500,587500,3021,0.52,587500,3021,0.52,587500,587500,1399-12-13
854,وبانك2,سرمايه گذاري گروه توسعه ملي,1,15000000,112500000000,7620,7500,7500,-120,-1.57,7500,-120,-1.57,7500,7500,1399-12-13
855,وسگيلا,شركت س استان گيلان,1,9000,6930000,780,770,770,-10,-1.28,780,0,0.0,770,770,1399-12-13
856,فن آوا,گروه فن آوا,1,50000,912150000,18615,18243,18243,-372,-2.0,18597,-18,-0.1,18243,18243,1399-12-13
857,تفيرو,مهندسي فيروزا,1,1541,30046418,19116,19498,19498,382,2.0,19117,1,0.01,19498,19498,1399-12-13
858,تملي805,تسهيلات مسكن ب. ملي-مرداد98,1,22,18928492,905669,860386,860386,-45283,-5.0,860386,-45283,-5.0,860386,860386,1399-12-13
859,كيسون,شركت كيسون,1,419,6050360,14734,14440,14440,-294,-2.0,14734,0,0.0,14440,14440,1399-12-13
860,تملي709,تسهيلات مسكن ب. ملي-آذر97,1,24,13294104,527544,553921,553921,26377,5.0,553921,26377,5.0,553921,553921,1399-12-13
861,اطلس2,صندوق س.توسعه اندوخته آينده-س,1,10000,10000,196743,1,1,-196742,-100.0,1,-196742,-100.0,1,1,1399-12-13
862,غبهار,كشت وصنعت بهاران گلبهار خراسان,1,383,12945400,34489,33800,33800,-689,-2.0,34489,0,0.0,33800,33800,1399-12-13
863,اراد65,مرابحه عام دولتي65-ش.خ0210,1,18100,16804945000,928330,928450,928450,120,0.01,928450,120,0.01,928450,928450,1399-12-13
864,كمند2,صندوق س. با درآمد ثابت كمند,1,130000000,130000000,10149,1,1,-10148,-99.99,1,-10148,-99.99,1,1,1399-12-13
865,اعتماد4,صندوق س.اعتماد آفرين پارسيان-د,1,42638960,1499910695920,35131,35177,35177,46,0.13,35177,46,0.13,35177,35177,1399-12-13
866,ضپنا2002,اختيارخ رمپنا-14000-1400/02/12,1,4,10800000,2900,2700,2700,-200,-6.9,2700,-200,-6.9,2700,2700,1399-12-13
867,مكرج112,مشاركت شهرداري كرج-3ماهه18%,1,1000,998700000,994500,998700,998700,4200,0.42,998700,4200,0.42,998700,998700,1399-12-13
868,شستا2,سرمايه گذاري تامين اجتماعي,1,1200000,22236000000,18900,18530,18530,-370,-1.96,18530,-370,-1.96,18530,18530,1399-12-13
869,اخزا722,اسنادخزانه-م22بودجه97-000428,1,6,5601000,927533,933500,933500,5967,0.64,933500,5967,0.64,933500,933500,1399-12-13
870,شستا994,اجاره تامين اجتماعي-نوين991226,1,5,4975000,997500,995000,995000,-2500,-0.25,995000,-2500,-0.25,995000,995000,1399-12-13
871,اروند01,منفعت صبا اروند اميد14001113,1,1000,901000000,897000,901000,901000,4000,0.45,901000,4000,0.45,901000,901000,1399-12-13
872,تملي712,تسهيلات مسكن ب. ملي-اسفند97,1,12,6760680,593042,563390,563390,-29652,-5.0,563390,-29652,-5.0,563390,563390,1399-12-13
873,ضفلا3002,اختيارخ فولاد-9000-1400/03/19,1,1,3900000,4200,3900,3900,-300,-7.14,3900,-300,-7.14,3900,3900,1399-12-13
874,تصميم2,صندوق س با درآمد ثابت تصميم,1,700000,700000,15763,1,1,-15762,-99.99,1,-15762,-99.99,1,1,1399-12-13
875,زير0003پ02,زيره سبز0003 دانش(پ),1,14,6580000,457577,470000,470000,12423,2.71,470000,12423,2.71,470000,470000,1399-12-13
876,وسخراج,شركت س استان خراسان جنوبي,1,4600,10028000,2220,2180,2180,-40,-1.8,2220,0,0.0,2180,2180,1399-12-13
877,اراد474,مرابحه عام دولت4-ش.خ 0008,1,4400000,4367374000000,980000,992585,992585,12585,1.28,992585,12585,1.28,992585,992585,1399-12-13
878,افاد844,منفعت دولت8-ش.خاص ساير0205,1,5000000,4807325000000,924000,961465,961465,37465,4.05,961465,37465,4.05,961465,961465,1399-12-13
879,ارمغان2,ص سرمايه گذاري ارمغان ايرانيان,1,4914487,4914487,10153,1,1,-10152,-99.99,1,-10152,-99.99,1,1,1399-12-13
880,ومعادن2,توسعه‌معادن‌وفلزات‌,1,4600000,50140000000,11120,10900,10900,-220,-1.98,10900,-220,-1.98,10900,10900,1399-12-13
881,كاسپينح,ح .داروسازي كاسپين تامين,1,2000,43902000,22398,21951,21951,-447,-2.0,21951,-447,-2.0,21951,21951,1399-12-13
882,ضپاس2000,اختيارخ وپارس-2000-1400/02/29,1,2,2440000,1211,1220,1220,9,0.74,1220,9,0.74,1220,1220,1399-12-13
883,ضسپا3002,اختيارخ خساپا-1800-1400/03/26,1,90,57600000,666,640,640,-26,-3.9,640,-26,-3.9,640,640,1399-12-13
884,اخزا7204,اسنادخزانه-م20بودجه97-000324,1,710000,670950000000,947958,945000,945000,-2958,-0.31,945000,-2958,-0.31,945000,945000,1399-12-13
885,ميدكو2,هلدينگ صنايع  معدني خاورميانه,1,30000000,900000000000,30338,30000,30000,-338,-1.11,30000,-338,-1.11,30000,30000,1399-12-13
886,سلامت6,مرابحه سلامت6واجدشرايط خاص1400,1,5000,4999995000,1000000,999999,999999,-1,0.0,999999,-1,0.0,999999,999999,1399-12-13
887,شاملاح,ح . معدني‌ املاح‌  ايران‌,1,161,7486500,46500,46500,46500,0,0.0,46500,0,0.0,46500,46500,1399-12-13
888,دمعيار2,صندوق س. توازن معيار-د,1,2100000,2100000,10059,1,1,-10058,-99.99,1,-10058,-99.99,1,1,1399-12-13
889,رمپنا2,گروه مپنا (سهامي عام),1,6500000,100230000000,15730,15420,15420,-310,-1.97,15420,-310,-1.97,15420,15420,1399-12-13
890,وسصفا,شركت س استان اصفهان,1,20000,21000000,1070,1050,1050,-20,-1.87,1070,0,0.0,1050,1050,1399-12-13
891,اراد494,مرابحه عام دولت4-ش.خ 0206,1,10712000,10092846400000,990000,942200,942200,-47800,-4.83,942200,-47800,-4.83,942200,942200,1399-12-13
892,اخزا8114,اسنادخزانه-م11بودجه98-001013,1,868000,739535132000,852147,851999,851999,-148,-0.02,851999,-148,-0.02,851999,851999,1399-12-13
893,فسديد,لوله‌وتجهيزات‌ سديد - ورشكسته,1,855,99613485,117683,116507,116507,-1176,-1.0,117659,-24,-0.02,116507,116507,1399-12-13
894,ضپيك2012,اختيارخ تاپيكو-16000-00/02/19,1,1,444000,555,444,444,-111,-20.0,444,-111,-20.0,444,444,1399-12-13
895,اراد134,مرابحه عام دولت1-ش.خ ساير0206,1,5000000,4790925000000,885000,958185,958185,73185,8.27,958185,73185,8.27,958185,958185,1399-12-13
896,اعتماد2,صندوق س.اعتماد آفرين پارسيان-د,1,10000000,10000000,35131,1,1,-35130,-100.0,1,-35130,-100.0,1,1,1399-12-13
897,ضمخا2000,اختيارخ اخابر-9000-1400/02/29,1,20,39800000,2300,1990,1990,-310,-13.48,1990,-310,-13.48,1990,1990,1399-12-13
898,ياقوت2,صندوق س ياقوت آگاه-ثابت,1,357000,357000,11981,1,1,-11980,-99.99,1,-11980,-99.99,1,1,1399-12-13
899,وبشهر2,توسعه‌ صنايع‌ بهشهر(هلدينگ,1,15000000,171150000000,11540,11410,11410,-130,-1.13,11410,-130,-1.13,11410,11410,1399-12-13
900,ضپاس2005,اختيارخ وپارس-4500-1400/02/29,1,1,155000,165,155,155,-10,-6.06,155,-10,-6.06,155,155,1399-12-13
901,زعف0008پ19,زعفران0008نگين تروند قاينات(پ),1,2000,240402000,118823,120201,120201,1378,1.16,120201,1378,1.16,120201,120201,1399-12-13
902,عفولاد3,اوراق سلف موازي ورق گرم فولاد,1,6,4961052,843017,826842,826842,-16175,-1.92,826842,-16175,-1.92,826842,826842,1399-12-13
903,آرمانح,ح.بيمه آرمان,1,1000,6937000,7078,6937,6937,-141,-1.99,6937,-141,-1.99,6937,6937,1399-12-13
904,اخزا7214,اسنادخزانه-م21بودجه97-000728,1,430256,381556183872,884140,886812,886812,2672,0.3,886812,2672,0.3,886812,886812,1399-12-13
905,حكمت01,مشاركت حكمت ايرانيان 140107,1,5,4950000,987500,990000,990000,2500,0.25,990000,2500,0.25,990000,990000,1399-12-13
906,افاد54,منفعت دولت5-ش.خاص لوتوس0108,1,5000,4145000000,827000,829000,829000,2000,0.24,829000,2000,0.24,829000,829000,1399-12-13
907,كچاد2,معدني‌وصنعتي‌چادرملو,1,5000000,99700000000,20000,19940,19940,-60,-0.3,19940,-60,-0.3,19940,19940,1399-12-13
908,سخوز2,سيمان خوزستان,1,2200000,49280000000,22740,22400,22400,-340,-1.5,22400,-340,-1.5,22400,22400,1399-12-13
909,اخزا723,اسنادخزانه-م23بودجه97-000824,1,886,774035294,873629,873629,873629,0,0.0,873629,0,0.0,873629,873629,1399-12-13
910,تملي802,تسهيلات مسكن ب. ملي-ارديبهشت98,1,7,5607000,800403,801000,801000,597,0.07,801000,597,0.07,801000,801000,1399-12-13
911,وسبوشهر,شركت س استان بوشهر,1,7547,9358280,1260,1240,1240,-20,-1.59,1260,0,0.0,1240,1240,1399-12-13
912,ضگل3002,اختيارخ كگل-16000-1400/03/23,1,5,20000000,2000,4000,4000,2000,100.0,4000,2000,100.0,4000,4000,1399-12-13
913,ضپيك2009,اختيارخ تاپيكو-10000-00/02/19,1,6,10200000,1904,1700,1700,-204,-10.71,1700,-204,-10.71,1700,1700,1399-12-13
914,اراد524,مرابحه عام دولت5-ش.خ 0108,1,6333000,6044531850000,1000000,954450,954450,-45550,-4.56,954450,-45550,-4.56,954450,954450,1399-12-13
915,ضملت3003,اختيارخ وبملت-4500-1400/03/19,1,1,188000,200,188,188,-12,-6.0,188,-12,-6.0,188,188,1399-12-13
916,رطب0002پ02,رطب مضافتي0002اتحاديه كرمان(پ),1,30,5775300,192510,192510,192510,0,0.0,192510,0,0.0,192510,192510,1399-12-13
