,نماد,نام,تعداد,حجم,ارزش,دیروز,اولین,آخرین معامله - مقدار,آخرین معامله - تغییر,آخرین معامله - درصد,قیمت پایانی - مقدار,قیمت پایانی - تغییر,قیمت پایانی - درصد,کمترین,بیشترین,تاریخ
0,ثاميد,توسعه و عمران اميد,150253,579245045,1598547513150,2630,2760,2760,130,4.94,2760,130,4.94,2680,2760,1399-7-5
1,امين,تامين سرمايه امين,74669,32612737,462212587520,13960,14000,14570,610,4.37,14170,210,1.5,13450,14650,1399-7-5
2,فملي,ملي‌ صنايع‌ مس‌ ايران‌,66412,188074523,6052279378960,33380,33500,32650,-730,-2.19,32180,-1200,-3.59,31720,34200,1399-7-5
3,فولاد,فولاد مباركه اصفهان,59100,258637027,5124398619130,19880,20500,20030,150,0.75,19810,-70,-0.35,19100,20630,1399-7-5
4,آريا,پليمر آريا ساسول,54411,10655406,2025468728757,192140,194000,185010,-7130,-3.71,190088,-2052,-1.07,182551,200000,1399-7-5
5,دارا يكم,صندوق واسطه گري مالي يكم-سهام,52150,17001771,3677470745820,218180,221800,211560,-6620,-3.03,216300,-1880,-0.86,205000,230000,1399-7-5
6,خودرو,ايران‌ خودرو,47789,970102394,2822637176690,2970,3010,2830,-140,-4.71,2910,-60,-2.02,2830,3100,1399-7-5
7,شاروم,پتروشيمي اروميه,42972,685537,10114412898,14052,14754,14754,702,5.0,14187,135,0.96,14607,14754,1399-7-5
8,شبندر,پالايش نفت بندرعباس,40669,82245762,3593922189660,42780,43700,43220,440,1.03,43700,920,2.15,41500,44910,1399-7-5
9,سيتا,سرمايه گذاري سيمان تامين,40402,42872771,896724395200,19970,20930,20960,990,4.96,20920,950,4.76,20000,20960,1399-7-5
10,زملارد,كشاورزي و دامپروري ملارد شير,39516,512033,24526892733,45620,47901,47901,2281,5.0,46686,1066,2.34,46994,47901,1399-7-5
11,وبملت,بانك ملت,38279,612864086,3660122702230,5730,6010,6010,280,4.89,5970,240,4.19,5840,6010,1399-7-5
12,شپنا,پالايش نفت اصفهان,25605,80187780,2227886717470,28520,28500,27100,-1420,-4.98,27780,-740,-2.59,27100,29000,1399-7-5
13,وتجارت,بانك تجارت,24671,485318962,1483498158690,3140,3130,2990,-150,-4.78,3060,-80,-2.55,2990,3230,1399-7-5
14,فارس,صنايع پتروشيمي خليج فارس,23212,83472317,2802116281090,32030,33630,33630,1600,5.0,33570,1540,4.81,32900,33630,1399-7-5
15,ثبهساز,بهساز كاشانه تهران,23113,68445193,268211235790,4050,3970,3850,-200,-4.94,3920,-130,-3.21,3850,4090,1399-7-5
16,رافزا,رايان هم افزا,23099,134768,4183333488,29563,31041,31041,1478,5.0,29681,118,0.4,30928,31041,1399-7-5
17,وغدير,سرمايه‌گذاري‌غدير(هلدينگ‌,20618,89696383,1618408338380,17480,18100,17890,410,2.35,18040,560,3.2,17500,18350,1399-7-5
18,خساپا,سايپا,20039,418145402,1009680547090,2470,2450,2350,-120,-4.86,2410,-60,-2.43,2350,2530,1399-7-5
19,ولپارس,ليزينگ پارسيان,19594,1446959,6033819030,3980,4170,4170,190,4.77,4000,20,0.5,4170,4170,1399-7-5
20,شتران,پالايش نفت تهران,19332,77063401,1904855673270,25780,25000,24500,-1280,-4.97,24720,-1060,-4.11,24500,25500,1399-7-5
21,وپارس,بانك‌پارسيان‌,17622,497521318,2017427118080,4220,4340,4020,-200,-4.74,4050,-170,-4.03,4010,4340,1399-7-5
22,ذوب,سهامي ذوب آهن  اصفهان,15956,142204156,815866998252,5915,5900,5620,-295,-4.99,5737,-178,-3.01,5620,6228,1399-7-5
23,خگستر,گسترش‌سرمايه‌گذاري‌ايران‌خودرو,15658,213883800,1055310238200,5180,4930,4930,-250,-4.83,4930,-250,-4.83,4930,5090,1399-7-5
24,وخارزم,سرمايه گذاري خوارزمي,12718,78565711,926025365120,11430,11860,11690,260,2.27,11790,360,3.15,11260,12000,1399-7-5
25,مدير,ص.س.مديريت ثروت ص.بازنشستگي-س,12265,66681328,936446980564,12832,14115,14115,1283,10.0,14044,1212,9.45,12832,14115,1399-7-5
26,شگويا,پتروشيمي تندگويان,12099,58351089,1046221551421,17085,17939,17939,854,5.0,17930,845,4.95,16650,17939,1399-7-5
27,پترولح,ح . گروه پتروشيمي س. ايرانيان,11359,59587997,1021839678020,15750,16950,17330,1580,10.03,17150,1400,8.89,16420,17330,1399-7-5
28,وسپهر,سرمايه گذاري مالي سپهرصادرات,10950,11927040,126009177600,10062,10565,10565,503,5.0,10565,503,5.0,9500,10565,1399-7-5
29,شبريز,پالايش نفت تبريز,10161,18281281,638337434610,35310,36700,36800,1490,4.22,34920,-390,-1.1,33550,36960,1399-7-5
30,ومعادن,توسعه‌معادن‌وفلزات‌,9447,64098850,1187219978820,17750,18400,18630,880,4.96,18520,770,4.34,18000,18630,1399-7-5
31,فخوز,فولاد  خوزستان,9037,24595024,1122711658530,46590,47990,44770,-1820,-3.91,45650,-940,-2.02,44270,48400,1399-7-5
32,بركت,گروه دارويي بركت,8784,25382927,404831692500,16290,16290,15480,-810,-4.97,15950,-340,-2.09,15480,16960,1399-7-5
33,كگل,معدني و صنعتي گل گهر,7827,31615361,760049100280,24280,24600,23800,-480,-1.98,24040,-240,-0.99,23070,25390,1399-7-5
34,ونوين,بانك‌اقتصادنوين‌,7489,120632962,534104984160,4260,4460,4430,170,3.99,4430,170,3.99,4310,4470,1399-7-5
35,كاوه,فولاد كاوه جنوب كيش,7301,58813932,1476462510260,23930,25120,25120,1190,4.97,25100,1170,4.89,24300,25120,1399-7-5
36,شصدفح,ح . صنعتي دوده فام,7265,1823228,37567813113,20483,21390,20760,277,1.35,20605,122,0.6,19774,21390,1399-7-5
37,غگيلا,شيرپاستوريزه پگاه گيلان,6902,124993,2040135746,15545,16322,16322,777,5.0,15575,30,0.19,16294,16322,1399-7-5
38,دماوند,توليد نيروي برق دماوند,6415,7892201,523484356488,63341,66508,66508,3167,5.0,66329,2988,4.72,62620,66508,1399-7-5
39,فروي,ذوب روي اصفهان,6067,5529420,355087790816,61803,64890,64893,3090,5.0,64218,2415,3.91,59320,64893,1399-7-5
40,كدماح,ح . معدني‌ دماوند,5841,7581307,821262020110,100000,107000,110000,10000,10.0,108330,8330,8.33,101540,110000,1399-7-5
41,ومهان,گروه توسعه مالي مهر آيندگان,5784,30722612,645950133404,20163,21171,20770,607,3.01,21025,862,4.28,18700,21171,1399-7-5
42,بجهرم,توسعه مولد نيروگاهي جهرم,5529,46451917,192315964580,4278,4360,4065,-213,-4.98,4140,-138,-3.23,4065,4422,1399-7-5
43,چكاپا,گروه صنايع كاغذ پارس,5511,41639403,399849920550,9870,9660,9380,-490,-4.96,9600,-270,-2.74,9380,10180,1399-7-5
44,ارفع,شركت آهن و فولاد ارفع,5156,29895684,634006782903,20219,21229,21229,1010,5.0,21207,988,4.89,19370,21229,1399-7-5
45,زاگرس,پتروشيمي زاگرس,5139,4305419,779215163071,180207,183000,182800,2593,1.44,180985,778,0.43,172791,185500,1399-7-5
46,حفاري,حفاري شمال,4945,32867225,347598871650,11060,10800,10510,-550,-4.97,10580,-480,-4.34,10510,10900,1399-7-5
47,خبهمن,گروه‌بهمن‌,4907,22665031,560621432260,24270,24400,24500,230,0.95,24740,470,1.94,23500,25480,1399-7-5
48,كچاد,معدني‌وصنعتي‌چادرملو,4876,29730470,669644511620,21470,22540,22540,1070,4.98,22520,1050,4.89,21900,22540,1399-7-5
49,آگاس,صندوق س.هستي بخش آگاه-س,4837,4569639,358282933296,79577,79999,76800,-2777,-3.49,78405,-1172,-1.47,76502,81000,1399-7-5
50,پارسان,گسترش نفت و گاز پارسيان,4798,18147397,512920652450,29010,28990,28600,-410,-1.41,28260,-750,-2.59,27560,30000,1399-7-5
51,تملت,تامين سرمايه بانك ملت,4690,12256708,133522831060,11220,11320,10670,-550,-4.9,10890,-330,-2.94,10660,11600,1399-7-5
52,بپاس,بيمه پاسارگاد,4680,8118965,531749501076,66403,66403,66500,97,0.15,65495,-908,-1.37,63083,68600,1399-7-5
53,وپاسار,بانك  پاسارگاد,4634,46202378,476193085010,10550,10700,10440,-110,-1.04,10310,-240,-2.27,10030,10850,1399-7-5
54,ولساپا,ليزينگ رايان‌ سايپا,4555,77817143,311438355710,4180,4020,3980,-200,-4.78,4000,-180,-4.31,3980,4180,1399-7-5
55,ختوقا,قطعات‌ اتومبيل‌ ايران‌,4430,42658117,168936802920,4060,4170,3860,-200,-4.93,3960,-100,-2.46,3860,4200,1399-7-5
56,كاما,باما,4364,2400908,357793281690,154690,151000,146960,-7730,-5.0,149020,-5670,-3.67,146960,159000,1399-7-5
57,شلرد,كود شيميايي اوره لردگان,4266,32422738,367572334346,11461,11170,11118,-343,-2.99,11337,-124,-1.08,11118,12290,1399-7-5
58,زكوثر,سرمايه گذاري كشاورزي كوثر,3993,8015700,186728500420,23900,24300,23100,-800,-3.35,23300,-600,-2.51,22710,24900,1399-7-5
59,دي,بانك دي,3917,17706115,992781868050,53400,56070,56070,2670,5.0,56070,2670,5.0,53400,56070,1399-7-5
60,كمند,صندوق س. با درآمد ثابت كمند,3891,177041256,1793998704430,10120,10130,10110,-10,-0.1,10130,10,0.1,10110,10150,1399-7-5
61,وملل,اعتباري ملل,3755,29500461,395637204409,13292,13750,13699,407,3.06,13411,119,0.9,12800,14180,1399-7-5
62,اخابر,مخابرات ايران,3658,19515722,360694764300,19190,18400,18240,-950,-4.95,18480,-710,-3.7,18240,19190,1399-7-5
63,ماديرا,صنايع ماشين هاي اداري ايران,3502,11807774,450607538863,40000,39800,38000,-2000,-5.0,38162,-1838,-4.6,38000,40000,1399-7-5
64,شصدف,صنعتي دوده فام,3302,103620,2096957940,19274,20237,20237,963,5.0,19312,38,0.2,20212,20237,1399-7-5
65,آريان,سرمايه گذاري پارس آريان,3299,42118173,600379338137,14231,13920,13900,-331,-2.33,14255,24,0.17,13850,14657,1399-7-5
66,سمگا,گروه سرمايه گذاري ميراث فرهنگي,3265,19491881,360981398958,19351,19430,18400,-951,-4.91,18520,-831,-4.29,18384,19598,1399-7-5
67,تاصيكو,سرمايه گذاري صدرتامين,3252,32621949,425504794220,12430,13030,13050,620,4.99,13040,610,4.91,12710,13050,1399-7-5
68,شيران,س. صنايع‌شيميايي‌ايران,3169,8691979,260817232220,30400,31000,29650,-750,-2.47,30010,-390,-1.28,29010,31000,1399-7-5
69,بترانس,ايران‌ ترانسفو,3135,6686374,257932291610,39830,39830,37840,-1990,-5.0,38580,-1250,-3.14,37840,40500,1399-7-5
70,پترول,گروه پتروشيمي س. ايرانيان,3125,24180929,418330071700,16480,17300,17300,820,4.98,17300,820,4.98,17300,17300,1399-7-5
71,وسپه,سرمايه‌گذاري‌ سپه‌,3119,11814930,203063334280,17580,18170,17000,-580,-3.3,17190,-390,-2.22,16710,18170,1399-7-5
72,نوري,پتروشيمي نوري,3088,1295402,240155824420,186240,185900,186240,0,0.0,185390,-850,-0.46,180000,192000,1399-7-5
73,وصنعت,سرمايه گذاري توسعه صنعت وتجارت,2972,17693778,159478335690,9340,9290,8880,-460,-4.93,9010,-330,-3.53,8880,9490,1399-7-5
74,سامان,بانك سامان,2927,35654092,455083394835,13120,12727,13100,-20,-0.15,12764,-356,-2.71,12727,13550,1399-7-5
75,شغدير,پتروشيمي غدير,2834,5522235,279279709317,48969,49679,51417,2448,5.0,50574,1605,3.28,46535,51417,1399-7-5
76,سفارس,سيمان فارس و خوزستان,2831,14924529,247229135570,16710,16810,16030,-680,-4.07,16570,-140,-0.84,15880,17540,1399-7-5
77,رمپنا,گروه مپنا (سهامي عام),2803,11373525,336683441600,28370,29700,29780,1410,4.97,29600,1230,4.34,28370,29780,1399-7-5
78,صبا,سرمايه گذاري صبا تامين,2773,12566964,162943255224,12349,12966,12966,617,5.0,12966,617,5.0,12349,12966,1399-7-5
79,هرمز,فولاد هرمزگان جنوب,2728,19408854,269587822596,13895,14298,13977,82,0.59,13890,-5,-0.04,13274,14560,1399-7-5
80,آوا,صندوق س.سهام آواي معيار-س,2704,11790539,129855193785,11015,11200,10690,-325,-2.95,11014,-1,-0.01,10548,11600,1399-7-5
81,امين يكم,صندوق درآمد ثابت امين يكم فردا,2678,95100415,982744479780,10330,10340,10330,0,0.0,10330,0,0.0,10320,10360,1399-7-5
82,اعتماد,صندوق س.اعتماد آفرين پارسيان-د,2640,107568560,3499417595370,32486,32530,32534,48,0.15,32532,46,0.14,32482,32548,1399-7-5
83,طلا,صندوق س.پشتوانه طلاي لوتوس,2603,1687167,196686912461,110627,120000,113300,2673,2.42,116578,5951,5.38,112500,120000,1399-7-5
84,جم,پتروشيمي جم,2575,5922632,311504375750,50380,52890,52890,2510,4.98,52600,2220,4.41,50000,52890,1399-7-5
85,شپديس,پتروشيمي پرديس,2521,2908576,348376862580,121010,121020,120010,-1000,-0.83,119780,-1230,-1.02,117510,123690,1399-7-5
86,ارزش,صندوق س ارزش آفرين بيدار-سهام,2400,12940622,157897158970,12020,12200,12190,170,1.41,12200,180,1.5,12000,12480,1399-7-5
87,تاپيكو,س. نفت و گاز و پتروشيمي تأمين,2385,26188827,546560819490,19880,20870,20870,990,4.98,20870,990,4.98,20870,20870,1399-7-5
88,فاسمين,كالسيمين‌,2376,4858904,238102886390,51190,50100,48700,-2490,-4.86,49000,-2190,-4.28,48640,51500,1399-7-5
89,سرچشمه,سرمايه گذاري مس سرچشمه,2265,15425437,161349367443,10800,11110,10400,-400,-3.7,10460,-340,-3.15,10260,11320,1399-7-5
90,كويرح,ح. توليدي فولاد سپيد فراب كوير,2256,11391682,121068981600,11050,11050,10580,-470,-4.25,10630,-420,-3.8,10300,11300,1399-7-5
91,فخاسح,ح . فولاد خراسان,2245,8808061,281486228480,30740,31330,33470,2730,8.88,31960,1220,3.97,30000,33500,1399-7-5
92,ارفعح,ح.شركت آهن و فولاد ارفع,2230,10812195,190053606499,16761,17570,17599,838,5.0,17578,817,4.87,16300,17599,1399-7-5
93,حريل,ريل پردازسير,2203,22282115,89248215127,4194,4050,3985,-209,-4.98,4005,-189,-4.51,3985,4360,1399-7-5
94,بكهنوج,توليد برق ماهتاب كهنوج,2183,2091865,131322531779,65180,62800,61921,-3259,-5.0,62778,-2402,-3.69,61921,69940,1399-7-5
95,قرن,پديده شيمي قرن,2063,2268458,122991049200,52880,52900,55520,2640,4.99,54220,1340,2.53,51000,55520,1399-7-5
96,افق,فروشگاههاي زنجيره اي افق كوروش,2050,4411975,348492451590,75270,79030,79030,3760,5.0,78990,3720,4.94,76730,79030,1399-7-5
97,غويتا,ويتانا,2049,6878607,495399595227,69538,71880,72400,2862,4.12,72020,2482,3.57,64759,72970,1399-7-5
98,ودي,بيمه  دي,2029,11746388,239849702652,20192,20999,19610,-582,-2.88,20419,227,1.12,19010,21201,1399-7-5
99,غسالم,سالمين‌,2026,10590475,47315402040,4690,4470,4460,-230,-4.9,4470,-220,-4.69,4460,4590,1399-7-5
100,وخاور,بانك خاورميانه,1985,17106615,189512540510,11280,11330,11500,220,1.95,11080,-200,-1.77,10720,11680,1399-7-5
101,شخارك,پتروشيمي‌ خارك‌,1949,2944277,147289797490,50690,51710,50050,-640,-1.26,50030,-660,-1.3,48200,52600,1399-7-5
102,ستران,سيمان‌ تهران‌,1923,3526266,120830119250,35840,35000,34050,-1790,-4.99,34270,-1570,-4.38,34050,36200,1399-7-5
103,وصندوق,سرمايه‌گذاري‌صندوق‌بازنشستگي‌,1920,12012903,220414848210,18320,18450,18120,-200,-1.09,18350,30,0.16,17560,19150,1399-7-5
104,همراه,شركت ارتباطات سيار ايران,1918,5175785,199486438640,40340,39000,38330,-2010,-4.98,38540,-1800,-4.46,38330,40000,1399-7-5
105,والبر,سرمايه‌ گذاري‌ البرز(هلدينگ‌,1903,5054762,91178561390,18750,18500,17840,-910,-4.85,18040,-710,-3.79,17820,19300,1399-7-5
106,ثاخت,بين‌المللي‌توسعه‌ساختمان,1901,17146494,74330074550,4540,4320,4320,-220,-4.85,4340,-200,-4.41,4320,4500,1399-7-5
107,وسينا,بانك سينا,1885,20861239,227152896960,11360,11000,10800,-560,-4.93,10890,-470,-4.14,10800,11380,1399-7-5
108,ونفت,سرمايه‌گذاري‌ صنعت‌ نفت‌,1879,7326451,100306994440,13720,13720,13350,-370,-2.7,13690,-30,-0.22,13070,14400,1399-7-5
109,فسازان,غلتك سازان سپاهان,1875,3836409,168726647560,44350,43010,42810,-1540,-3.47,43980,-370,-0.83,42500,46290,1399-7-5
110,وتوكاح,ح . ‌توكافولاد(هلدينگ‌,1874,11782237,123560962068,9594,10290,10550,956,9.96,10487,893,9.31,10010,10550,1399-7-5
111,كالا,بورس كالاي ايران,1861,3006929,142498065310,48370,49760,45960,-2410,-4.98,47390,-980,-2.03,45960,49900,1399-7-5
112,سرو,صندوق س سروسودمند مدبران-سهام,1828,1792808,127315875130,70540,70800,70000,-540,-0.77,71010,470,0.67,68510,73000,1399-7-5
113,تيپيكو,سرمايه گذاري دارويي تامين,1816,2501822,150795994030,62030,63800,58930,-3100,-5.0,60270,-1760,-2.84,58930,64920,1399-7-5
114,كحافظ,كاشي‌ وسراميك‌ حافظ‌,1806,7545639,128804057730,16260,17070,17070,810,4.98,17070,810,4.98,17070,17070,1399-7-5
115,كوير,توليدي فولاد سپيد فراب كوير,1803,4673027,63920605490,13870,14200,13370,-500,-3.6,13680,-190,-1.37,13180,14320,1399-7-5
116,وبوعلي,سرمايه‌گذاري‌بوعلي‌,1751,8743131,83133961600,9750,9750,9270,-480,-4.92,9510,-240,-2.46,9270,10080,1399-7-5
117,بپيوند,برق و انرژي پيوندگستر پارس,1742,1071440,30428896000,29894,28400,28400,-1494,-5.0,28937,-957,-3.2,28400,31444,1399-7-5
118,غپينو,پارس‌ مينو,1730,13857006,76496097980,5810,5520,5520,-290,-4.99,5520,-290,-4.99,5520,5640,1399-7-5
119,پارند,صندوق س. پارند پايدار سپهر,1717,67606975,792142316870,11950,11960,11920,-30,-0.25,11720,-230,-1.92,11650,12030,1399-7-5
120,جم پيلن,پلي پروپيلن جم - جم پيلن,1711,1897707,191885051620,96490,99490,101310,4820,5.0,101110,4620,4.79,98270,101310,1399-7-5
121,عيار,صندوق س. پشتوانه طلاي مفيد,1689,1323010,53517105489,38647,40510,39313,666,1.72,40451,1804,4.67,39313,41120,1399-7-5
122,پرديس,سرمايه گذاري پرديس,1685,14720827,121369916420,7870,8250,8260,390,4.96,8240,370,4.7,7900,8260,1399-7-5
123,آسيا,بيمه آسيا,1673,4534180,128739919810,27190,28000,28540,1350,4.97,28390,1200,4.41,27690,28540,1399-7-5
124,شاراك,پتروشيمي شازند,1608,3659705,98303281010,26860,27900,27090,230,0.86,26860,0,0.0,26000,27900,1399-7-5
125,تايرا,تراكتورسازي‌ايران‌,1582,10280186,217590793010,22080,20980,22790,710,3.22,21170,-910,-4.12,20980,23150,1399-7-5
126,وسكاب,س.ص.بازنشستگي كاركنان بانكها,1561,14209543,98042289890,7020,7040,6810,-210,-2.99,6900,-120,-1.71,6750,7220,1399-7-5
127,كلر,كلر پارس,1497,794259,51233500761,66456,67000,63134,-3322,-5.0,64505,-1951,-2.94,63134,68990,1399-7-5
128,وساخت,سرمايه‌ گذاري‌ ساختمان‌ايران‌,1480,2886210,122003311300,42460,42000,41200,-1260,-2.97,42270,-190,-0.45,40870,43900,1399-7-5
129,ونيكي,سرمايه‌گذاري‌ ملي‌ايران‌,1463,4638417,159850179120,35990,34510,34200,-1790,-4.97,34460,-1530,-4.25,34200,35500,1399-7-5
130,دفارا,داروسازي‌ فارابي‌,1444,1743554,138395687790,75730,79510,79510,3780,4.99,79380,3650,4.82,77770,79510,1399-7-5
131,قنيشا,قند  نيشابور,1442,1675277,200538467260,122440,127200,116320,-6120,-5.0,119700,-2740,-2.24,116320,127200,1399-7-5
132,فجر,فولاد اميركبيركاشان,1441,2576851,167069237510,63750,66930,64200,450,0.71,64830,1080,1.69,63010,66930,1399-7-5
133,ضخود7057,اختيارخ خودرو-4000-1399/07/09,1437,72729,121399000,13,10,1,-12,-92.31,2,-11,-84.62,1,10,1399-7-5
134,اميد,تامين سرمايه اميد,1424,11643974,183727296930,16400,16330,15580,-820,-5.0,15780,-620,-3.78,15580,16900,1399-7-5
135,ثمسكن,سرمايه‌گذاري‌ مسكن‌,1420,11031496,73308497670,6770,6770,6440,-330,-4.87,6650,-120,-1.77,6440,6980,1399-7-5
136,كرازي,كارخانجات‌توليدي‌شيشه‌رازي‌,1398,7788225,139691548870,17090,17940,17940,850,4.97,17940,850,4.97,17540,17940,1399-7-5
137,پارس,پتروشيمي پارس,1394,825729,141755283930,169240,171240,174000,4760,2.81,171670,2430,1.44,167520,174650,1399-7-5
138,ختورح,ح . رادياتور ايران‌,1379,3135677,83736986150,27340,27620,25700,-1640,-6.0,26700,-640,-2.34,25340,28380,1399-7-5
139,وسبحان,سرمايه گذاري سبحان,1376,9282056,89695684262,9556,9801,9739,183,1.92,9663,107,1.12,9200,9870,1399-7-5
140,خكرمان,گروه اقتصادي كرمان خودرو,1350,12085516,80351106780,6793,6600,6590,-203,-2.99,6649,-144,-2.12,6590,7074,1399-7-5
141,كرماشا,صنايع پتروشيمي كرمانشاه,1324,3477790,173246770480,50200,50800,49210,-990,-1.97,49820,-380,-0.76,48700,51750,1399-7-5
142,كروي,توسعه‌ معادن‌ روي‌ ايران‌,1316,2644596,86029138940,34030,32340,32330,-1700,-5.0,32530,-1500,-4.41,32330,33900,1399-7-5
143,كبافق,معادن‌ بافق‌,1283,1722021,51340269330,30800,30620,29260,-1540,-5.0,29810,-990,-3.21,29260,31500,1399-7-5
144,اتكام,شركت بيمه اتكايي امين,1260,8637633,69089034023,7947,8330,8190,243,3.06,7999,52,0.65,7630,8330,1399-7-5
145,رانفور,خدمات‌انفورماتيك‌,1229,3118160,83895518760,27950,28700,26560,-1390,-4.97,26980,-970,-3.47,26560,28900,1399-7-5
146,شپارس,بين‌ المللي‌ محصولات‌  پارس‌,1228,8455595,129260496430,14600,15330,15330,730,5.0,15290,690,4.73,15000,15330,1399-7-5
147,فروس,فروسيليس‌ ايران‌,1189,2296559,48380215920,21410,21000,20610,-800,-3.74,21070,-340,-1.59,20400,22480,1399-7-5
148,كسرا,سراميك‌هاي‌صنعتي‌اردكان‌,1179,5094784,106159438970,21920,20830,20830,-1090,-4.97,20840,-1080,-4.93,20830,21340,1399-7-5
149,واتي,سرمايه‌ گذاري‌ آتيه‌ دماوند,1175,8659321,122896338920,13660,13850,13970,310,2.27,14190,530,3.88,13710,14340,1399-7-5
150,شپاكسا,پاكسان‌,1172,1889996,51127475290,26800,27520,27940,1140,4.25,27050,250,0.93,26400,27940,1399-7-5
151,شپارسح,ح . بين‌ المللي‌محصولات پارس‌,1159,4630400,55377184213,11467,11800,12610,1143,9.97,11959,492,4.29,10910,12610,1399-7-5
152,كنور,توسعه معدني و صنعتي صبانور,1155,1293883,64711016020,50120,50500,48700,-1420,-2.83,50010,-110,-0.22,48570,51950,1399-7-5
153,بهپاك,صنعتي بهپاك,1152,2747785,94341692781,36096,34292,34702,-1394,-3.86,34334,-1762,-4.88,34292,37110,1399-7-5
154,تنوين,تامين سرمايه نوين,1148,6486306,69549105120,10690,10840,10900,210,1.96,10720,30,0.28,10210,11100,1399-7-5
155,شيراز,پتروشيمي‌شيراز,1140,2214186,161147783030,69720,73200,72400,2680,3.84,72780,3060,4.39,70760,73200,1399-7-5
156,كوثر,بيمه كوثر,1136,4914108,71238763138,14230,13540,14020,-210,-1.48,14497,267,1.88,13540,14971,1399-7-5
157,تليسه,دامداري تليسه نمونه,1130,641400,37528409171,61107,60210,58052,-3055,-5.0,59071,-2036,-3.33,58052,65000,1399-7-5
158,كگازح,ح . شيشه‌ و گاز,1120,3641127,60185451830,17950,17800,16360,-1590,-8.86,16530,-1420,-7.91,16160,17800,1399-7-5
159,ملت,بيمه ملت,1115,6841245,85524288010,13140,13150,12490,-650,-4.95,12500,-640,-4.87,12490,13150,1399-7-5
160,كيميا,معدني كيمياي زنجان گستران,1109,1734592,44905775771,26158,25300,27000,842,3.22,25913,-245,-0.94,25020,27590,1399-7-5
161,شبهرن,نفت‌ بهران‌,1098,1168424,72325798400,61700,64500,62500,800,1.3,61900,200,0.32,59900,64500,1399-7-5
162,وصنا,گروه‌صنايع‌بهشهرايران‌,1091,5992833,65475279380,10610,11120,11070,460,4.34,10930,320,3.02,10500,11140,1399-7-5
163,دزهراوي,داروسازي‌زهراوي‌,1083,2678229,30219259990,11760,11500,11180,-580,-4.93,11460,-300,-2.55,11180,11760,1399-7-5
164,وگردش,بانك گردشگري,1051,9398672,196982730590,21300,21740,20661,-639,-3.0,20959,-341,-1.6,20661,21740,1399-7-5
165,فباهنر,مس‌ شهيدباهنر,1050,1240314,69795952060,57950,59400,55060,-2890,-4.99,56270,-1680,-2.9,55060,59400,1399-7-5
166,وپست,پست بانك ايران,1039,8083073,84169259090,10680,10990,10180,-500,-4.68,10410,-270,-2.53,10150,11190,1399-7-5
167,وهور,مديريت انرژي اميد  تابان هور,1037,1966006,76932975272,39851,41750,38010,-1841,-4.62,39132,-719,-1.8,38000,41750,1399-7-5
168,تكشا,گسترش‌صنايع‌وخدمات‌كشاورزي‌,1025,1207313,102688372860,82040,86140,86140,4100,5.0,85060,3020,3.68,81040,86140,1399-7-5
169,وپترو,سرمايه‌گذاري صنايع پتروشيمي‌,1013,4011814,63777449620,16150,16420,15620,-530,-3.28,15900,-250,-1.55,15350,16700,1399-7-5
170,فولاژ,فولاد آلياژي ايران,1011,3343563,102594320070,29230,30690,30690,1460,4.99,30680,1450,4.96,30300,30690,1399-7-5
171,پتاير,ايران‌ تاير,1002,738572,73804514320,104080,104080,98880,-5200,-5.0,99930,-4150,-3.99,98880,106460,1399-7-5
172,وتوكا,سرمايه‌گذاري‌توكافولاد(هلدينگ,1001,8191860,105756493540,12300,12910,12910,610,4.96,12910,610,4.96,12890,12910,1399-7-5
173,زر,صندوق س.پشتوانه سكه طلاي زر,992,552980,36499168927,64305,66000,64001,-304,-0.47,66004,1699,2.64,64000,66790,1399-7-5
174,ذوب تبعي9912,اختيارف.تبعي ذوب991224,983,2913177,3065158780,850,5915,910,60,7.06,1052,202,23.76,850,5915,1399-7-5
175,فرآور,فرآوري‌موادمعدني‌ايران‌,983,3334214,79804951700,24890,23660,23650,-1240,-4.98,23940,-950,-3.82,23650,25810,1399-7-5
176,كهمدا,شيشه‌ همدان‌,967,2319241,58873174360,26680,25370,25350,-1330,-4.99,25380,-1300,-4.87,25350,26000,1399-7-5
177,ريشمك,توليد و صادرات ريشمك,966,1470161,57875722940,40636,41180,38605,-2031,-5.0,39367,-1269,-3.12,38605,42800,1399-7-5
178,غگل,گلوكوزان‌,957,5645758,29188568860,5440,5170,5170,-270,-4.96,5270,-170,-3.13,5170,5170,1399-7-5
179,آتيمس,صندوق س.آرمان آتيه درخشان مس-س,955,498589,118193684351,240853,239950,235000,-5853,-2.43,237056,-3797,-1.58,233000,245900,1399-7-5
180,وآيند,بانك  آينده,953,7321908,194286126272,27070,26529,26529,-541,-2.0,26535,-535,-1.98,26529,27849,1399-7-5
181,اپرداز,آتيه داده پرداز,952,2621579,68518705320,25350,25350,26617,1267,5.0,26136,786,3.1,24093,27000,1399-7-5
182,فزرين,زرين معدن آسيا,923,3364566,76570188539,21722,22688,22808,1086,5.0,22758,1036,4.77,21010,22808,1399-7-5
183,قثابت,قند ثابت‌ خراسان‌,912,841346,65519056460,81700,77650,77620,-4080,-4.99,77870,-3830,-4.69,77620,81270,1399-7-5
184,اطلس,صندوق س.توسعه اندوخته آينده-س,908,256540,54080044425,212253,214980,208000,-4253,-2.0,210805,-1448,-0.68,205000,214990,1399-7-5
185,بموتو,موتوژن‌,907,1436339,67665051160,45390,47600,47650,2260,4.98,47110,1720,3.79,45670,47650,1399-7-5
186,ساروم,سيمان‌اروميه‌,898,2986488,80695606760,25750,27030,27030,1280,4.97,27020,1270,4.93,26600,27030,1399-7-5
187,واميد,گروه مديريت سرمايه گذاري اميد,893,2093087,94426904070,44750,45500,45250,500,1.12,45030,280,0.63,43020,46160,1399-7-5
188,وتوسم,سرمايه‌گذاري‌توسعه‌ملي‌,876,3657673,49492340040,13380,13500,13500,120,0.9,13530,150,1.12,13310,14000,1399-7-5
189,سپ,پرداخت الكترونيك سامان كيش,862,1399771,29915537540,21460,22310,21680,220,1.03,21410,-50,-0.23,20680,22310,1399-7-5
190,شكلر,نيروكلر,826,1579757,69428267110,44440,44440,44390,-50,-0.11,43950,-490,-1.1,42900,46000,1399-7-5
191,مبين,مبين انرژي خليج فارس,819,2486054,69731029300,27400,28200,27600,200,0.73,27840,440,1.61,27500,28750,1399-7-5
192,كگهر,سنگ آهن گهرزمين,811,1074117,51586772422,48943,50571,47460,-1483,-3.03,48542,-401,-0.82,46900,50571,1399-7-5
193,واحيا,م .صنايع و معادن احياء سپاهان,810,2586056,613498186823,235264,242321,229900,-5364,-2.28,237233,1969,0.84,226440,242321,1399-7-5
194,غفارس,شير پاستوريزه پگاه فارس,805,4450048,42792835726,10002,9502,9502,-500,-5.0,9659,-343,-3.43,9502,10190,1399-7-5
195,دانا,بيمه دانا,798,4736856,31964229760,7000,6940,6650,-350,-5.0,6830,-170,-2.43,6650,7200,1399-7-5
196,هكوير910,اختيارف ت كوير-16000-99/10/02,782,4654713,5255170977,573,1129,1129,556,97.03,1129,556,97.03,1129,1129,1399-7-5
197,ولصنم,ليزينگ‌صنعت‌ومعدن‌,776,3336017,29890587630,9250,9200,8790,-460,-4.97,9070,-180,-1.95,8790,9500,1399-7-5
198,ياقوت,صندوق س ياقوت آگاه-ثابت,773,43849460,486499354290,11090,11090,11120,30,0.27,11090,0,0.0,11080,11160,1399-7-5
199,دتماد,توليدمواداوليه‌داروپخش‌,769,1319686,54957289360,40610,40700,42640,2030,5.0,41640,1030,2.54,40700,42640,1399-7-5
200,تپولا,مهندسي مرآت پولاد,757,8614477,146809334553,16774,16271,17277,503,3.0,17042,268,1.6,16271,17277,1399-7-5
201,شنفت,نفت‌ پارس‌,756,1005722,59329013210,60040,57040,60000,-40,-0.07,58990,-1050,-1.75,57040,63000,1399-7-5
202,خپارس,پارس‌ خودرو,745,4855986,41761479600,9050,8600,8600,-450,-4.97,8810,-240,-2.65,8600,8600,1399-7-5
203,شراز,پالايش نفت شيراز,735,389095,42244564532,110336,115852,104820,-5516,-5.0,108821,-1515,-1.37,104820,115852,1399-7-5
204,شرانل,نفت ايرانول,728,1355511,36918715201,28087,28500,26715,-1372,-4.88,27439,-648,-2.31,26510,29290,1399-7-5
205,ساينا,صنايع بهداشتي ساينا,720,323693,68204744865,200701,210736,210736,10035,5.0,210708,10007,4.99,201509,210736,1399-7-5
206,فخاس,فولاد خراسان,710,968487,39132115160,41150,42160,40610,-540,-1.31,40850,-300,-0.73,39100,42200,1399-7-5
207,شلعاب,لعابيران‌,705,1521333,14343407420,9300,9700,9740,440,4.73,9340,40,0.43,8900,9750,1399-7-5
208,سمازن,سيمان‌مازندران‌,689,5619694,51434323780,9630,9150,9150,-480,-4.98,9150,-480,-4.98,9150,9400,1399-7-5
209,فيروزه,صندوق شاخص30 شركت فيروزه- سهام,685,337869,70394420170,208230,211000,205300,-2930,-1.41,208350,120,0.06,204000,213800,1399-7-5
210,شسينا,صنايع‌شيميايي‌سينا,681,62911,36013247000,600520,571000,570500,-30020,-5.0,579310,-21210,-3.53,570500,589990,1399-7-5
211,زشگزا,شير و گوشت زاگرس شهركرد,674,652302,62196059488,90927,95473,95473,4546,5.0,95349,4422,4.86,87110,95473,1399-7-5
212,خراسان,پتروشيمي خراسان,671,334144,31466526780,93760,97490,93970,210,0.22,93950,190,0.2,90150,97490,1399-7-5
213,فرابورس,فرابورس ايران,662,1116781,69735155983,59470,62443,62443,2973,5.0,62434,2964,4.98,59470,62443,1399-7-5
214,گوهر,صندوق سكه طلاي كيان,661,411308,31131493160,73279,75002,74001,722,0.99,75689,2410,3.29,74000,76950,1399-7-5
215,كاردان,صندوق س تجارت شاخصي كاردان,660,485356,102685052150,210800,212500,207000,-3800,-1.8,211570,770,0.37,206000,218500,1399-7-5
216,شسپا,نفت سپاهان,657,5115772,112342353120,20920,21960,21960,1040,4.97,21960,1040,4.97,21960,21960,1399-7-5
217,پكرمان,گروه‌ صنعتي‌ بارز,649,2594104,53234269980,20590,21310,20870,280,1.36,20520,-70,-0.34,20100,21310,1399-7-5
218,شاملاح,ح . معدني‌ املاح‌  ايران‌,648,361082,22805893770,60080,66090,63810,3730,6.21,63160,3080,5.13,57000,66090,1399-7-5
219,ومللح,ح . اعتباري ملل,646,318808683,3628680429906,11981,11382,11382,-599,-5.0,11382,-599,-5.0,11382,11981,1399-7-5
220,فاما,صنعتي‌ آما,645,2080430,41127038360,18840,19780,19780,940,4.99,19570,730,3.87,19030,19780,1399-7-5
221,لوتوس,تامين سرمايه لوتوس پارسيان,640,2506518,38002277920,14510,15230,15230,720,4.96,14960,450,3.1,15000,15230,1399-7-5
222,بكاب,صنايع‌جوشكاب‌يزد,635,294597,39163541140,133460,140000,126790,-6670,-5.0,133050,-410,-0.31,126790,140000,1399-7-5
223,شاوان,پالايش نفت لاوان,634,389893,45000730236,117627,113120,111746,-5881,-5.0,115744,-1883,-1.6,111746,123230,1399-7-5
224,فسپا,گروه‌صنعتي‌سپاهان‌,633,2167388,91086141770,43910,42600,41720,-2190,-4.99,42030,-1880,-4.28,41720,43900,1399-7-5
225,فاراك,ماشين‌ سازي‌ اراك‌,624,3653912,34529468400,9940,9450,9450,-490,-4.93,9580,-360,-3.62,9450,9450,1399-7-5
226,وارس,سرمايه گذاري ارس صبا,621,1626530,179270771112,112977,109588,109588,-3389,-3.0,110217,-2760,-2.44,107745,116366,1399-7-5
227,پكوير,كوير تاير,612,1964446,26791700400,14340,13630,13630,-710,-4.95,13940,-400,-2.79,13630,14000,1399-7-5
228,غصينو,صنعتي مينو,609,1215096,38845903166,31058,31989,31989,931,3.0,31699,641,2.06,29766,31989,1399-7-5
229,وبشهر,توسعه‌ صنايع‌ بهشهر(هلدينگ,604,4755540,85416736810,17120,17950,17970,850,4.96,17960,840,4.91,17250,17970,1399-7-5
230,سيدكو,سرمايه گذاري توسعه صنايع سيمان,593,3013779,22514094190,7300,7450,7450,150,2.05,7370,70,0.96,7360,7600,1399-7-5
231,رنيك,جنرال مكانيك,587,1986305,49574628695,25941,25300,24644,-1297,-5.0,24958,-983,-3.79,24644,27124,1399-7-5
232,گوهران,سرمايه گذاري توسعه گوهران اميد,585,2396405,23800011159,10221,9851,9740,-481,-4.71,10079,-142,-1.39,9721,10685,1399-7-5
233,شپاس,نفت پاسارگاد,578,1432491,31592059700,22021,22000,22130,109,0.49,22042,21,0.1,21450,22880,1399-7-5
234,دامين,داروسازي‌ امين‌,575,1762351,23911761670,14180,13650,13480,-700,-4.94,13870,-310,-2.19,13480,14490,1399-7-5
235,كاريس,صندوق س.سپهر كاريزما-س,573,379287,83866122291,220316,223000,220600,284,0.13,221115,799,0.36,217001,227000,1399-7-5
236,فسرب,ملي‌ سرب‌وروي‌ ايران‌,570,478409,58695139350,125920,130750,119630,-6290,-5.0,122690,-3230,-2.57,119630,130750,1399-7-5
237,كاذر,فرآورده‌هاي‌نسوزآذر,554,950049,31480710380,32050,33420,33000,950,2.96,32710,660,2.06,31520,33650,1399-7-5
238,شوينده,مديريت صنعت شوينده ت.ص.بهشهر,552,875118,33920827540,38550,40000,39190,640,1.66,38690,140,0.36,37600,40000,1399-7-5
239,مداران,داده‌پردازي‌ايران‌,545,1579566,42480794300,28110,26710,29510,1400,4.98,27030,-1080,-3.84,26710,29510,1399-7-5
240,نوين,بيمه نوين,537,3325931,20143970901,6370,6052,6052,-318,-4.99,6237,-133,-2.09,6052,6749,1399-7-5
241,وبهمن,سرمايه‌گذاري‌بهمن‌,529,8409667,150869425980,18880,17940,17940,-940,-4.98,17940,-940,-4.98,17940,17940,1399-7-5
242,وتوشه,سرمايه‌ گذاري‌ پارس‌ توشه‌,521,10030078,225773399890,21440,22510,22510,1070,4.99,22510,1070,4.99,22100,22510,1399-7-5
243,ثشرقح,ح. سرمايه گذاري مسكن شمال شرق,510,3859699,16592051950,4170,4170,4270,100,2.4,4300,130,3.12,4110,4450,1399-7-5
244,ما,بيمه  ما,503,2126815,13307611490,6390,6100,6080,-310,-4.85,6350,-40,-0.63,6080,6540,1399-7-5
245,افق ملت,صندوق س در سهام افق ملت,501,180848,27883456490,154890,154990,150000,-4890,-3.16,154180,-710,-0.46,147520,159000,1399-7-5
246,غبشهر,صنعتي‌ بهشهر,500,5716401,129476482650,21580,22650,22650,1070,4.96,22650,1070,4.96,22650,22650,1399-7-5
247,دتمادح,ح . توليدمواداوليه‌داروپخش‌,497,668420,24615297250,36680,36000,38190,1510,4.12,36830,150,0.41,35100,38190,1399-7-5
248,سشمال,سيمان‌ شمال‌,474,4535875,54067630000,12540,11920,11920,-620,-4.94,11920,-620,-4.94,11920,11920,1399-7-5
249,چدن,توليدي چدن سازان,468,2039566,56880819740,26590,27910,27910,1320,4.96,27890,1300,4.89,26900,27910,1399-7-5
250,شگل,گلتاش‌,468,594257,17286989060,29530,29590,28710,-820,-2.78,29380,-150,-0.51,28320,29990,1399-7-5
251,سكه0012پ01,سكه تمام بهارتحويلي 1روزه رفاه,466,127200,169500417600,1328662,1342000,1308000,-20662,-1.56,1332550,3888,0.29,1300020,1349000,1399-7-5
252,دتوليد,داروسازي توليد دارو,464,1006029,34745223573,36354,34537,34537,-1817,-5.0,35025,-1329,-3.66,34537,38363,1399-7-5
253,آبادا,توليد نيروي برق آبادان,463,260899,6198960240,25010,23760,23760,-1250,-5.0,24850,-160,-0.64,23760,23760,1399-7-5
254,غزر,صنعتي زر ماكارون,458,137726,8466017220,64700,61470,61470,-3230,-4.99,64120,-580,-0.9,61470,61470,1399-7-5
255,كيان,صندوق س. با درآمد ثابت كيان,448,12151398,307716568940,25300,25280,25330,30,0.12,25320,20,0.08,25280,25350,1399-7-5
256,بفجر,فجر انرژي خليج فارس,442,1010081,31313099260,30620,31570,30820,200,0.65,30770,150,0.49,30620,32000,1399-7-5
257,كمنگنز,معادن‌منگنزايران‌,441,601751,56936153200,90120,94620,94620,4500,4.99,94620,4500,4.99,94020,94620,1399-7-5
258,كساوه,صنايع‌ كاشي‌ و سراميك‌ سينا,437,1465723,59640220050,39570,37600,41540,1970,4.98,40690,1120,2.83,37600,41540,1399-7-5
259,مفاخر,توسعه فناوري اطلاعات خوارزمي,435,494342,21883042296,45850,43575,43558,-2292,-5.0,45132,-718,-1.57,43558,48810,1399-7-5
260,چكارن,كارتن‌ ايران‌,426,2882506,12048875080,4390,4180,4180,-210,-4.78,4340,-50,-1.14,4180,4180,1399-7-5
261,خمحركه,نيرو محركه‌,425,1212082,10181488800,8840,8400,8400,-440,-4.98,8750,-90,-1.02,8400,8400,1399-7-5
262,دسبحان,سبحان دارو,423,978663,16729316550,17970,17100,17080,-890,-4.95,17660,-310,-1.73,17080,17500,1399-7-5
263,ختور,رادياتور ايران‌,421,511196,19981443680,41010,39000,38960,-2050,-5.0,40200,-810,-1.98,38960,41000,1399-7-5
264,دالبر,البرزدارو,421,516930,10470969250,20860,21490,19950,-910,-4.36,20730,-130,-0.62,19950,21490,1399-7-5
265,غدام,خوراك‌  دام‌ پارس‌,412,253594,38789738240,145680,152960,152960,7280,5.0,151060,5380,3.69,152960,152960,1399-7-5
266,دعبيد,لابراتوارداروسازي‌  دكترعبيدي‌,411,285935,9470395520,34540,33230,32820,-1720,-4.98,34310,-230,-0.67,32820,35080,1399-7-5
267,دپارس,پارس‌ دارو,411,301845,30588853250,97580,99990,99100,1520,1.56,99790,2210,2.26,97590,102450,1399-7-5
268,شجم,صنايع پتروشيمي تخت جمشيد,407,2362968,20936911680,9072,8850,8800,-272,-3.0,8880,-192,-2.12,8800,9530,1399-7-5
269,آساس,صندوق س.آسمان آرماني سهام-س,406,235425,39999065748,168366,171360,168051,-315,-0.19,169902,1536,0.91,165700,174900,1399-7-5
270,سكرما,سيمان‌ كرمان‌,405,2697221,41899263380,16340,15530,15530,-810,-4.96,15630,-710,-4.35,15530,16340,1399-7-5
271,اعتلاح,ح سرمايه گذاري اعتلاء البرز,399,1708983,12539288483,7532,7201,7173,-359,-4.77,7337,-195,-2.59,7173,8057,1399-7-5
272,دتوزيع,توزيع دارو پخش,391,270804,13136688288,50981,48440,48432,-2549,-5.0,50299,-682,-1.34,48432,54790,1399-7-5
273,دسينا,داروسازي‌ سينا,390,480187,13832676140,30160,28660,28660,-1500,-4.97,29770,-390,-1.29,28660,30000,1399-7-5
274,ثپرديسح,ح.سرمايه گذاري مسكن پرديس,388,852859,6929653375,8278,0,8090,-188,-2.27,8125,-153,-1.85,7920,8540,1399-7-5
275,درهآور,دارويي ره آورد تامين,387,563920,16028307293,29888,28395,28394,-1494,-5.0,29394,-494,-1.65,28394,29994,1399-7-5
276,دجابر,داروسازي‌ جابرابن‌حيان‌,387,382263,15603289750,42050,42180,40490,-1560,-3.71,41650,-400,-0.95,39950,44000,1399-7-5
277,غمارگ,مارگارين‌,386,2314990,65491067100,29770,28290,28290,-1480,-4.97,28290,-1480,-4.97,28290,28290,1399-7-5
278,سكارون,سيمان كارون,384,827791,92311043885,108384,111635,111635,3251,3.0,111515,3131,2.89,105133,111635,1399-7-5
279,زفكا,كشت و دامداري فكا,376,470798,19637717471,43594,41415,41415,-2179,-5.0,42821,-773,-1.77,41415,45970,1399-7-5
280,زپارس,ملي كشت و صنعت و دامپروري پارس,376,199698,15374639570,75670,79300,77870,2200,2.91,76070,400,0.53,72110,79450,1399-7-5
281,حسينا,توسعه خدمات دريايي وبندري سينا,374,597783,34205931001,57947,60800,57300,-647,-1.12,57444,-503,-0.87,55490,60800,1399-7-5
282,بخاور,بيمه زندگي خاورميانه,369,2241290,15971425625,7296,7010,6932,-364,-4.99,7240,-56,-0.77,6932,7810,1399-7-5
283,شفا,سرمايه گذاري شفادارو,366,510856,31197829950,58230,61000,61140,2910,5.0,59920,1690,2.9,59000,61140,1399-7-5
284,انرژي3,سايراشخاص بورس انرژي,361,45685,17047357750,392780,373150,373150,-19630,-5.0,389040,-3740,-0.95,373150,373150,1399-7-5
285,دسبحاح,ح .گروه دارويي سبحان,353,418016,6458172240,16540,17180,15210,-1330,-8.04,15450,-1090,-6.59,15000,17200,1399-7-5
286,بگيلان,توسعه مسير برق گيلان,346,268331,8832651527,34649,32917,32917,-1732,-5.0,34379,-270,-0.78,32917,33468,1399-7-5
287,سخوز,سيمان خوزستان,344,1406114,31735992980,21500,22570,22570,1070,4.98,22150,650,3.02,22570,22570,1399-7-5
288,ثباغ,شهر سازي و خانه سازي باغميشه,343,2601578,51519049134,18860,19803,19803,943,5.0,19785,925,4.9,18221,19803,1399-7-5
289,حخزر,كشتيراني درياي خزر,340,1151795,26522265217,24208,23300,23220,-988,-4.08,23549,-659,-2.72,22998,24999,1399-7-5
290,درازك,دارويي‌ رازك‌,337,710267,27386428570,38850,38990,38000,-850,-2.19,38690,-160,-0.41,37000,40000,1399-7-5
291,دشيري,شيرين دارو,334,92016,18519537094,195649,201514,201518,5869,3.0,200704,5055,2.58,185495,201518,1399-7-5
292,دسبحا,گروه دارويي سبحان,333,536113,9331570900,17840,18730,17150,-690,-3.87,17760,-80,-0.45,17010,18730,1399-7-5
293,پسهند,صنايع‌ لاستيكي‌  سهند,323,397028,18897025170,49090,46640,46640,-2450,-4.99,48510,-580,-1.18,46640,51540,1399-7-5
294,سيمرغ,سيمرغ,318,1504204,32881899440,20820,21860,21860,1040,5.0,21470,650,3.12,21860,21860,1399-7-5
295,داوه,داروسازي آوه سينا,317,787585,13992926534,18698,17764,17764,-934,-5.0,18424,-274,-1.47,17764,18900,1399-7-5
296,كي بي سي,شركت كي بي سي,311,556139,19995924614,37002,37440,35375,-1627,-4.4,36571,-431,-1.16,35152,38000,1399-7-5
297,وتوس,توسعه‌شهري‌توس‌گستر,306,805531,21531843630,25460,26730,26730,1270,4.99,25980,520,2.04,26730,26730,1399-7-5
298,وپخش,داروپخش‌ (هلدينگ‌,305,219833,25806217370,121420,117010,119000,-2420,-1.99,119270,-2150,-1.77,115360,126500,1399-7-5
299,پخش,پخش البرز,304,570550,18429199375,32045,33000,33000,955,2.98,32139,94,0.29,30443,33647,1399-7-5
300,سهرمز,سيمان‌هرمزگان‌,304,883961,14214990660,16700,16320,15940,-760,-4.55,16520,-180,-1.08,15870,17230,1399-7-5
301,اتكاي,بيمه اتكايي ايرانيان,304,3044551,45624188196,14846,15550,15280,434,2.92,14972,126,0.85,14200,15550,1399-7-5
302,دارا,صندوق س. دارا الگوريتم-د,303,7940492,79691712891,10024,10022,10049,25,0.25,10036,12,0.12,10013,10050,1399-7-5
303,دسانكو,داروسازي سبحان انكولوژي,300,1018501,16753878586,17312,16447,16447,-865,-5.0,17008,-304,-1.76,16447,17640,1399-7-5
304,بزاگرسح,ح . نيروگاه زاگرس كوثر,298,930950,7527661700,7701,8086,8086,385,5.0,8086,385,5.0,7400,8086,1399-7-5
305,خديزل,بهمن  ديزل,295,2705335,110636383904,38959,37880,40906,1947,5.0,40896,1937,4.97,37243,41000,1399-7-5
306,تماوند,تامين سرمايه دماوند,292,1109258,13349920030,11685,12035,12035,350,3.0,11912,227,1.94,11200,12035,1399-7-5
307,سهگمت,سيمان‌هگمتان‌,289,588694,11751209680,19200,20160,19840,640,3.33,19370,170,0.89,19220,20160,1399-7-5
308,زعف9908پ10,زعفران9908نگين طلاي سرخ(پ),289,64227,5334499643,82974,82160,84000,1026,1.24,83057,83,0.1,81000,84779,1399-7-5
309,توريل,توکاريل,280,779321,13634220895,16662,17495,17495,833,5.0,16878,216,1.3,16739,17495,1399-7-5
310,كرمان,س. توسعه و عمران استان كرمان,278,272453,20037828338,77416,73546,73546,-3870,-5.0,75783,-1633,-2.11,73546,75655,1399-7-5
311,كخاك,صنايع‌خاك‌چيني‌ايران‌,275,114234,6792831850,57760,60640,59780,2020,3.5,57980,220,0.38,58050,60640,1399-7-5
312,شاملا,معدني‌ املاح‌  ايران‌,270,191090,13870602360,70340,73500,71900,1560,2.22,70940,600,0.85,70530,73850,1399-7-5
313,دابور,داروسازي‌ ابوريحان‌,270,274243,11529828030,41460,42700,42200,740,1.78,41590,130,0.31,41460,43000,1399-7-5
314,كاسپين,داروسازي كاسپين تامين,266,233293,5943538947,25811,24800,25225,-586,-2.27,25771,-40,-0.15,24635,26500,1399-7-5
315,دلر,داروسازي‌ اكسير,263,128783,13076335430,100910,102010,102000,1090,1.08,101070,160,0.16,99990,104800,1399-7-5
316,غبهنوش,بهنوش‌ ايران‌,261,229135,13114933560,60200,58190,57220,-2980,-4.95,59380,-820,-1.36,57190,59900,1399-7-5
317,فسديد,لوله‌وتجهيزات‌ سديد - ورشكسته,259,494957,61897976922,124216,125458,122974,-1242,-1.0,125057,841,0.68,122974,125458,1399-7-5
318,غشهداب,كشت و صنعت شهداب ناب خراسان,255,1327347,6914150523,5483,5209,5209,-274,-5.0,5443,-40,-0.73,5209,5285,1399-7-5
319,سرود,سيمان‌شاهرود,254,1898815,28025906130,15520,14750,14750,-770,-4.96,15070,-450,-2.9,14750,15450,1399-7-5
320,سدور,سيمان‌ دورود,253,2435922,19439050440,8390,7980,7980,-410,-4.89,8220,-170,-2.03,7980,8200,1399-7-5
321,وآرين,شركت توسعه اقتصادي آرين,251,1811323,9285908426,5284,5126,5126,-158,-2.99,5209,-75,-1.42,5126,5320,1399-7-5
322,سكه9912پ04,سكه تمام بهارتحويل1روزه صادرات,248,70800,93990115500,1323771,1357976,1314990,-8781,-0.66,1327544,3773,0.29,1300010,1357976,1399-7-5
323,ثاصفا,شركت‌ ساختمان‌ اصفهان‌,246,520079,15685062561,29281,30159,30159,878,3.0,29950,669,2.28,29416,30159,1399-7-5
324,وبيمهح,ح . سرمايه‌ گذاري‌ صنعت‌ بيمه‌,246,4742695,10149367300,2380,2140,2140,-240,-10.08,2140,-240,-10.08,2140,2140,1399-7-5
325,سبهان,سيمان‌ بهبهان‌,242,195937,11581074120,59890,60670,59860,-30,-0.05,59710,-180,-0.3,57510,61920,1399-7-5
326,وساپا,سرمايه‌گذاري‌ سايپا,241,1266837,13390467090,11120,10570,10570,-550,-4.95,10970,-150,-1.35,10570,10570,1399-7-5
327,اوان,مبين وان كيش,238,385233,16217400883,44111,43486,41906,-2205,-5.0,43427,-684,-1.55,41906,47000,1399-7-5
328,وسخراج,شركت س استان خراسان جنوبي,236,12166651,27618297770,2170,2270,2270,100,4.61,2220,50,2.3,2270,2270,1399-7-5
329,وپويا,سرمايه گذاري پويا,228,185012,2162420256,12303,11688,11688,-615,-5.0,12275,-28,-0.23,11688,11828,1399-7-5
330,مارون,پتروشيمي مارون,226,757670,106167751080,133452,140124,140124,6672,5.0,140124,6672,5.0,136026,140124,1399-7-5
331,دارو,كارخانجات‌داروپخش‌,219,123977,6508560210,51340,53900,53750,2410,4.69,51490,150,0.29,51500,53900,1399-7-5
332,هصيكو402,اختيارف ت تاصيكو13500-00/02/20,218,2339578,467915600,200,200,200,0,0.0,200,0,0.0,200,200,1399-7-5
333,دكيمي,كيميدارو,215,1162201,29291048030,26490,25180,25170,-1320,-4.98,25700,-790,-2.98,25170,26990,1399-7-5
334,هجرت,پخش هجرت,212,265496,15661645308,62094,58990,58990,-3104,-5.0,61071,-1023,-1.65,58990,59546,1399-7-5
335,ضچاد7024,اختيارخ كچاد-23300-1399/07/07,211,3324,873388000,350,300,299,-51,-14.57,263,-87,-24.86,216,390,1399-7-5
336,پرداخت,به پرداخت ملت,210,192448,7606632210,40640,41100,39450,-1190,-2.93,40470,-170,-0.42,38610,41100,1399-7-5
337,ثشاهد,سرمايه‌ گذاري‌ شاهد,209,114545,5297706250,48680,46250,46250,-2430,-4.99,48510,-170,-0.35,46250,46250,1399-7-5
338,زمگسا,كشاورزي‌ ودامپروي‌ مگسال‌,208,268036,7148681580,28060,26660,26660,-1400,-4.99,27850,-210,-0.75,26660,27350,1399-7-5
339,وبيمه,سرمايه‌ گذاري‌ صنعت‌ بيمه‌,206,1840988,6314588840,3610,3430,3430,-180,-4.99,3590,-20,-0.55,3430,3430,1399-7-5
340,سباقر,سيمان باقران,206,1295528,23340232448,17492,18016,18016,524,3.0,18016,524,3.0,17510,18016,1399-7-5
341,كگاز,شيشه‌ و گاز,206,331302,7805475120,26170,23560,23560,-2610,-9.97,25720,-450,-1.72,23560,23560,1399-7-5
342,شتوكا,توكا رنگ فولاد سپاهان,205,450982,13091310877,30555,29028,29028,-1527,-5.0,30134,-421,-1.38,29028,30470,1399-7-5
343,شبصير,توليدات پتروشيمي قائد بصير,200,748542,110549173812,140654,147686,147686,7032,5.0,147686,7032,5.0,140654,147686,1399-7-5
344,كپارس,كاشي‌ پارس‌,194,406916,33780360990,87320,82960,82960,-4360,-4.99,84260,-3060,-3.5,82960,87100,1399-7-5
345,داسوه,داروسازي‌ اسوه‌,191,702416,22330783010,33380,31720,31720,-1660,-4.97,32640,-740,-2.22,31720,33900,1399-7-5
346,آكورد,صندوق س. آرمان آتي كوثر-د,190,4032039,115313577531,28569,28600,28600,31,0.11,28599,30,0.11,28560,28650,1399-7-5
347,بكام,كارخانجات توليدي شهيد قندي,189,586119,3686688510,6620,6290,6290,-330,-4.98,6590,-30,-0.45,6290,6290,1399-7-5
348,ضجار7036,اختيارخ وتجارت-6500-1399/07/22,188,5912,60994000,18,83,10,-8,-44.44,10,-8,-44.44,7,84,1399-7-5
349,ثفارس,عمران‌وتوسعه‌فارس‌,181,684424,6460962560,9930,9440,9440,-490,-4.93,9860,-70,-0.7,9440,9440,1399-7-5
350,سقاين,سيمان‌ قائن‌,181,184805,7512627700,42610,40700,40480,-2130,-5.0,42300,-310,-0.73,40480,42580,1399-7-5
351,سكه0112پ03,سكه تمام بهارتحويلي1روزه سامان,180,49700,66505342300,1335801,1345000,1309501,-26300,-1.97,1338136,2335,0.17,1309501,1345000,1399-7-5
352,غچين,كشت‌ و صنعت‌ چين‌ چين,179,358859,17261117900,50630,48100,48100,-2530,-5.0,49710,-920,-1.82,48100,48100,1399-7-5
353,سيستم,همكاران سيستم,176,409421,11138100300,26650,26750,27800,1150,4.32,26770,120,0.45,26750,27970,1399-7-5
354,ددام,داروسازي زاگرس فارمد پارس,175,437270,5658273800,13620,12940,12940,-680,-4.99,13540,-80,-0.59,12940,12940,1399-7-5
355,زگلدشت,كشت و دام گلدشت نمونه اصفهان,170,180374,6656662644,38755,36880,36818,-1937,-5.0,38496,-259,-0.67,36818,39400,1399-7-5
356,تسه9906,امتياز تسهيلات مسكن شهريور99,169,6939,5794439422,796914,768355,836759,39845,5.0,835054,38140,4.79,768355,860000,1399-7-5
357,كفرا,فراورده‌ هاي‌ نسوزايران‌,169,164796,6774826950,41750,43700,39670,-2080,-4.98,41660,-90,-0.22,39670,43700,1399-7-5
358,وملي,گروه‌ صنعتي‌ ملي‌ (هلدينگ‌,168,99193,52847054610,560810,532770,532770,-28040,-5.0,532770,-28040,-5.0,532770,532770,1399-7-5
359,چكاوه,صنايع‌كاغذسازي‌كاوه‌,167,148654,5303974720,39640,35680,35680,-3960,-9.99,39170,-470,-1.19,35680,35680,1399-7-5
360,سبجنو,سيمان‌ بجنورد,165,228093,7174539260,32570,31200,32000,-570,-1.75,32400,-170,-0.52,30950,32990,1399-7-5
361,پارسيان,بيمه پارسيان,159,1102411,12446220190,10760,11290,11290,530,4.93,10890,130,1.21,11290,11290,1399-7-5
362,ضجار7022,اختيارخ وتجارت-2800-1399/07/22,157,3463,1500447000,558,600,413,-145,-25.99,433,-125,-22.4,360,600,1399-7-5
363,سفانو,سيمان فارس نو,156,195141,6153145300,33160,32950,31510,-1650,-4.98,32950,-210,-0.63,31510,32950,1399-7-5
364,بذر,صندوق س بذر اميد آفرين-سهام,152,50088,5984368120,122880,123900,117110,-5770,-4.7,119480,-3400,-2.77,117000,123900,1399-7-5
365,كاسپينح,ح .داروسازي كاسپين تامين,150,155751,3275971524,21307,21000,20900,-407,-1.91,21033,-274,-1.29,20550,21900,1399-7-5
366,غگرجي,بيسكويت‌  گرجي‌,148,654648,23927384400,38470,36550,36550,-1920,-4.99,37500,-970,-2.52,36550,36550,1399-7-5
367,سغرب,سيمان‌غرب‌,146,263221,5245994530,20970,19930,19930,-1040,-4.96,20860,-110,-0.52,19930,19930,1399-7-5
368,دمعيار,صندوق س. توازن معيار-د,145,4713499,47210140697,10019,10030,10020,1,0.01,10016,-3,-0.03,10009,10030,1399-7-5
369,سدبير,س. تدبيرگران فارس وخوزستان,140,541216,15105879776,26582,27911,27911,1329,5.0,26964,382,1.44,26001,27911,1399-7-5
370,دبالك,مواد اوليه دارويي البرز بالك,139,241766,4025645666,17527,16651,16651,-876,-5.0,17453,-74,-0.42,16651,17930,1399-7-5
371,ولانا,شركت ليزينگ آريا دانا,138,349851,8023884017,24138,22932,22932,-1206,-5.0,23630,-508,-2.1,22932,23427,1399-7-5
372,شپترو,پتروشيمي آبادان,137,1120518,7064865990,6499,6305,6305,-194,-2.99,6428,-71,-1.09,6305,6499,1399-7-5
373,آرمان,بيمه آرمان,135,2636576,14501168000,4056,5500,5500,1444,35.6,5500,1444,35.6,5500,5500,1399-7-5
374,سجام,مجتمع سيمان غرب آسيا,133,916502,12079957457,13360,13360,12960,-400,-2.99,13250,-110,-0.82,12960,13397,1399-7-5
375,فلات,گروه صنايع معادن فلات ايرانيان,133,1612347,21923863089,14014,14014,13594,-420,-3.0,13597,-417,-2.98,13594,14700,1399-7-5
376,كپشير,پشم‌شيشه‌ايران‌,130,59568,3141020640,55500,52730,52730,-2770,-4.99,55320,-180,-0.32,52730,52730,1399-7-5
377,صنوين,صندوق سرمايه‌گذاري صنوين-مختلط,129,36951,4224951500,113650,118700,112800,-850,-0.75,114340,690,0.61,110180,118700,1399-7-5
378,آبين,كشت و صنعت آبشيرين,128,1814451,7718674554,4385,4254,4254,-131,-2.99,4333,-52,-1.19,4254,4332,1399-7-5
379,صايند,صندوق س. گنجينه آينده روشن-د,128,1829130,18414146900,10059,10061,10078,19,0.19,10067,8,0.08,10031,10100,1399-7-5
380,سشرق,سيمان‌ شرق‌,128,533658,3906376560,7700,7320,7320,-380,-4.94,7670,-30,-0.39,7320,7320,1399-7-5
381,اخزا815,اسنادخزانه-م15بودجه98-010406,127,133084,97921938094,735276,736005,736000,724,0.1,735790,514,0.07,733525,740000,1399-7-5
382,حاريا,كشتيراني آريا,125,1070579,32333626958,28764,30202,30202,1438,5.0,30202,1438,5.0,28944,30202,1399-7-5
383,حتايد,تايدواترخاورميانه,124,495522,9162201780,19460,18490,18490,-970,-4.98,19270,-190,-0.98,18490,18490,1399-7-5
384,شكربن,كربن‌ ايران‌,123,275617,16969738690,58640,61570,61570,2930,5.0,59590,950,1.62,61570,61570,1399-7-5
385,آسام,صندوق س.آرمان سپهر آشنا-م,122,96270,10210453280,108592,105801,106050,-2542,-2.34,106061,-2531,-2.33,105010,111498,1399-7-5
386,ورنا,سرمايه‌گذاري‌ رنا(هلدينگ‌,121,645707,6825122990,11120,10570,10570,-550,-4.95,11040,-80,-0.72,10570,10570,1399-7-5
387,سپاس,صندوق س. پاداش سهامداري توسعه1,119,2457757,24940971660,10110,10140,10150,40,0.4,10150,40,0.4,10130,10160,1399-7-5
388,هبهرن912,اختيارف ت شبهرن-74590-99/12/02,118,65635,481104550,8205,7330,7330,-875,-10.66,7330,-875,-10.66,7330,7330,1399-7-5
389,سكه0011پ02,سكه تمام بهارتحويلي 1روزه ملت,117,32900,43949993000,1330733,1342000,1310001,-20732,-1.56,1335866,5133,0.39,1310000,1345000,1399-7-5
390,آپ,آسان پرداخت پرشين,115,159107,3309425600,21890,20800,20800,-1090,-4.98,21810,-80,-0.37,20800,20800,1399-7-5
391,نمرينو,ايران‌ مرينوس‌,115,238924,15341312040,67580,64210,64210,-3370,-4.99,66490,-1090,-1.61,64210,64220,1399-7-5
392,پيزد,مجتمع صنايع لاستيك يزد,114,12336,1286780496,109801,104311,104311,-5490,-5.0,109652,-149,-0.14,104311,104710,1399-7-5
393,قصفها,قنداصفهان‌,114,39841,7016796920,185380,176120,176120,-9260,-5.0,184010,-1370,-0.74,176120,176120,1399-7-5
394,قچار,فراوردههاي غذايي وقند چهارمحال,112,72567,14184671490,186162,195470,195470,9308,5.0,188677,2515,1.35,192817,195470,1399-7-5
395,فيروزا,صندوق بادرآمد ثابت فيروزه آسيا,111,548977,11447164450,20810,20860,20930,120,0.58,20850,40,0.19,20710,20950,1399-7-5
396,هملت911,اختيارف ت ملت-6770-99/11/25,109,1040000,580320000,798,558,558,-240,-30.08,558,-240,-30.08,558,558,1399-7-5
397,كمرجان,بازرگاني و توليدي مرجان كار,108,134927,5645210753,39847,41839,41839,1992,5.0,40061,214,0.54,40000,41839,1399-7-5
398,كيان2,صندوق س. با درآمد ثابت كيان,102,10200000,10200000,25300,1,1,-25299,-100.0,1,-25299,-100.0,1,1,1399-7-5
399,كماسه,تامين‌ ماسه‌ ريخته‌گري‌,99,126215,7579210750,63210,60050,60050,-3160,-5.0,62710,-500,-0.79,60050,60050,1399-7-5
400,تسه9904,امتياز تسهيلات مسكن تير99,99,4862,4180516684,818992,830000,859941,40949,5.0,859835,40843,4.99,804959,860000,1399-7-5
401,ثقزوي,شركت عمران و سازندگي قزوين,99,509937,11864194242,22589,23266,23266,677,3.0,22990,401,1.78,23206,23266,1399-7-5
402,اخزا817,اسنادخزانه-م17بودجه98-010512,98,234901,169840281276,722586,720009,722803,217,0.03,723029,443,0.06,720000,725000,1399-7-5
403,داريك,صندوق س.اعتماد داريك-د,98,1735119,17573297496,10112,10134,10125,13,0.13,10128,16,0.16,10109,10135,1399-7-5
404,غشهد,شهد ايران ‌,96,732463,5434875460,7810,7420,7420,-390,-4.99,7770,-40,-0.51,7420,7420,1399-7-5
405,قهكمت,قندهكمتان‌,95,193622,8541085100,46420,44120,44100,-2320,-5.0,46010,-410,-0.88,44100,47500,1399-7-5
406,كفرآور,فرآورده هاي سيمان شرق,94,918106,20599544322,21784,22437,22437,653,3.0,22437,653,3.0,21871,22437,1399-7-5
407,ساوه,سيمان ساوه,93,36771,2579412108,73839,70148,70148,-3691,-5.0,73639,-200,-0.27,70148,70710,1399-7-5
408,غپونه,نوش پونه مشهد,91,170321,2909338932,17591,17064,17064,-527,-3.0,17515,-76,-0.43,17064,18290,1399-7-5
409,حآسا,آسيا سير ارس,90,288694,3439500316,12541,11914,11914,-627,-5.0,12496,-45,-0.36,11914,11970,1399-7-5
410,اخزا808,اسنادخزانه-م8بودجه98-000817,89,178662,148149955705,827330,827500,828249,919,0.11,829219,1889,0.23,822135,831000,1399-7-5
411,شكبير,پتروشيمي اميركبير,89,1986910,120661206078,62606,60728,60728,-1878,-3.0,60728,-1878,-3.0,60728,61990,1399-7-5
412,فپنتا,سپنتا,89,27815,8819023900,301970,317060,317060,15090,5.0,304500,2530,0.84,317060,317060,1399-7-5
413,سنير,سيمان‌ سفيد ني‌ريز,88,49603,4311492760,96570,0,86920,-9650,-9.99,95650,-920,-0.95,86920,86920,1399-7-5
414,واحصا,احياء صنايع خراسان,87,339536,5528664688,15809,16283,16283,474,3.0,15936,127,0.8,16176,16283,1399-7-5
415,حفارس,حمل و نقل بين المللي خليج فارس,83,269980,1414695200,5510,5240,5240,-270,-4.9,5500,-10,-0.18,5240,5240,1399-7-5
416,مرقام,ايران‌ارقام‌,83,104401,2838663190,28620,27190,27190,-1430,-5.0,28530,-90,-0.31,27190,27190,1399-7-5
417,سپاها,سيمان‌سپاهان‌,79,191878,1801734420,9880,9390,9390,-490,-4.96,9860,-20,-0.2,9390,9390,1399-7-5
418,وگستر,گسترش سرمايه گذاري ايرانيان,79,161307,3183716259,20775,19737,19737,-1038,-5.0,20705,-70,-0.34,19737,21050,1399-7-5
419,سمتاز,سيمان ممتازان كرمان,75,197776,4103312041,21346,20706,20706,-640,-3.0,21220,-126,-0.59,20706,21594,1399-7-5
420,قشرين,قند شيرين خراسان,74,492028,9667858172,20683,19649,19649,-1034,-5.0,20157,-526,-2.54,19649,20131,1399-7-5
421,خزر,فنرسازي‌زر,74,227856,1900319040,8770,8340,8340,-430,-4.9,8750,-20,-0.23,8340,8340,1399-7-5
422,لپارس,پارس‌ الكتريك‌,74,12733,4667535810,385860,366570,366570,-19290,-5.0,383960,-1900,-0.49,366570,366570,1399-7-5
423,پاسا,ايران‌ياساتايرورابر,73,99161,2336233160,24790,23560,23560,-1230,-4.96,24730,-60,-0.24,23560,23560,1399-7-5
424,ثعتما,س. ساختماني اعتماد گستر,72,465319,16664934666,34109,35814,35814,1705,5.0,35462,1353,3.97,34737,35814,1399-7-5
425,اخزا818,اسنادخزانه-م18بودجه98-010614,71,204594,145533609116,711361,710000,713000,1639,0.23,711329,-32,0.0,708005,713200,1399-7-5
426,غديس,پاكديس,71,110214,3740773374,35727,33941,33941,-1786,-5.0,35586,-141,-0.39,33941,34063,1399-7-5
427,بنيرو,نيروترانس‌,71,46708,3044894520,68620,65190,65190,-3430,-5.0,68400,-220,-0.32,65190,65190,1399-7-5
428,ضجار7031,اختيارخ وتجارت-4600-1399/07/22,70,3400,53494000,39,99,9,-30,-76.92,16,-23,-58.97,5,99,1399-7-5
429,كدما,معدني‌ دماوند,70,269543,41754906130,147540,154910,154910,7370,5.0,153400,5860,3.97,154910,154910,1399-7-5
430,ثجوان,تامين مسكن جوانان,70,588273,4617389277,8262,7849,7849,-413,-5.0,8162,-100,-1.21,7849,8189,1399-7-5
431,دقاضي,داروسازي شهيد قاضي,70,25509,2410357921,95325,96001,92466,-2859,-3.0,95224,-101,-0.11,92466,98000,1399-7-5
432,كصدف,كاشي صدف سرام استقلال آباده,69,604713,9445012347,15313,15619,15619,306,2.0,15596,283,1.85,15529,15619,1399-7-5
433,دفرا,فرآورده‌هاي‌ تزريقي‌ ايران‌,67,145864,3914989760,28250,26840,26840,-1410,-4.99,28130,-120,-0.42,26840,26840,1399-7-5
434,اخزا814,اسنادخزانه-م14بودجه98-010318,67,72547,53877900841,742564,742200,743500,936,0.13,742662,98,0.01,741700,745000,1399-7-5
435,الماس,صندوق س.امين تدبيرگران فردا-س,66,20485,2530389796,125675,121835,123000,-2675,-2.13,123524,-2151,-1.71,121000,129900,1399-7-5
436,ساروج,بين المللي ساروج بوشهر,65,620193,14713245571,24452,25000,23719,-733,-3.0,23900,-552,-2.26,23719,25000,1399-7-5
437,وسقم,شركت س استان قم,65,1849842,2608277220,1350,1410,1410,60,4.44,1350,0,0.0,1410,1410,1399-7-5
438,تسه9710,امتياز تسهيلات مسكن دي 97,62,1581,1313210542,804769,799999,845007,40238,5.0,830620,25851,3.21,780020,850000,1399-7-5
439,حپارسا,توسعه حمل و نقل ريلي پارسيان,61,77248,2562651036,34919,33174,33174,-1745,-5.0,34825,-94,-0.27,33174,35355,1399-7-5
440,وآفري,بيمه كارآفرين,60,1543114,26080169714,16097,16901,16901,804,4.99,16901,804,4.99,16232,16901,1399-7-5
441,دشيمي,شيمي‌ داروئي‌ داروپخش‌,60,41514,2338483620,59290,56330,56330,-2960,-4.99,59140,-150,-0.25,56330,56330,1399-7-5
442,سايرا,ايرانيت‌,59,333894,12123744934,35899,35182,36610,711,1.98,36310,411,1.14,35135,36616,1399-7-5
443,سلار,شركت سيمان لارستان,59,108845,3178303252,30018,29118,29118,-900,-3.0,29884,-134,-0.45,28544,30308,1399-7-5
444,گكوثر,هتل پارسيان كوثر اصفهان,58,24003,4249731150,186368,177050,177050,-9318,-5.0,185534,-834,-0.45,177050,181729,1399-7-5
445,سفار,سيمان‌فارس‌,57,29959,3045631940,107010,101660,101660,-5350,-5.0,106670,-340,-0.32,101660,101660,1399-7-5
446,ولبهمن,شركت بهمن ليزينگ,56,2226943,22394138808,10585,10056,10056,-529,-5.0,10336,-249,-2.35,10056,10064,1399-7-5
447,سصوفي,سيمان‌ صوفيان‌,54,59222,1128179100,20050,19050,19050,-1000,-4.99,20030,-20,-0.1,19050,19050,1399-7-5
448,تسه9902,امتياز تسهيلات مسكن ارديبهشت99,54,830,711039522,820236,844000,861247,41011,5.0,856674,36438,4.44,804639,870000,1399-7-5
449,تسه9708,امتياز تسهيلات مسكن آبان97,53,2126,1743268753,801450,790000,833939,32489,4.05,819976,18526,2.31,782120,834845,1399-7-5
450,وشهر,بانك شهر,52,1482472,13997500624,9634,9442,9442,-192,-1.99,9588,-46,-0.48,9442,9447,1399-7-5
451,شپلي,پلي اكريل ايران,52,159111,1282434660,8309,8060,8060,-249,-3.0,8293,-16,-0.19,8060,8094,1399-7-5
452,ضچاد7020,اختيارخ كچاد-17300-1399/07/07,51,304,1155940000,4220,4500,4600,380,9.0,3802,-418,-9.91,2990,4600,1399-7-5
453,غنوش,نوش‌ مازندران‌,51,16506,1349200440,86040,81740,81740,-4300,-5.0,85920,-120,-0.14,81740,81740,1399-7-5
454,اخزا809,اسنادخزانه-م9بودجه98-000923,50,73724,59987648335,811996,811676,814010,2014,0.25,813679,1683,0.21,808207,816900,1399-7-5
455,غاذر,كشت‌وصنعت‌پياذر,49,38165,3359664950,92660,88030,88030,-4630,-5.0,92330,-330,-0.36,88030,88030,1399-7-5
456,تسه9905,امتياز تسهيلات مسكن مرداد99,49,379,327837645,829358,814737,870825,41467,5.0,865007,35649,4.3,814737,900497,1399-7-5
457,تسه9810,امتياز تسهيلات مسكن دي98,48,1018,849518805,806385,800000,846704,40319,5.0,834498,28113,3.49,791468,860000,1399-7-5
458,ساربيل,سيمان آرتا اردبيل,48,17438,1887837880,113950,108260,108260,-5690,-4.99,113720,-230,-0.2,108260,108260,1399-7-5
459,سخاش,سيمان‌خاش‌,48,87107,6344002810,76660,72830,72830,-3830,-5.0,76150,-510,-0.67,72830,72830,1399-7-5
460,تصميم,صندوق س با درآمد ثابت تصميم,46,323826,4723630950,14580,14640,14600,20,0.14,14590,10,0.07,14560,14640,1399-7-5
461,تسه9809,امتياز تسهيلات مسكن آذر98,45,1403,1203986522,823265,850000,864428,41163,5.0,858151,34886,4.24,790200,875358,1399-7-5
462,خكاوه,سايپا ديزل,45,1461290,9583139820,6760,6558,6558,-202,-2.99,6660,-100,-1.48,6558,6568,1399-7-5
463,تسه9707,امتياز تسهيلات مسكن مهر97,45,1019,826592325,796274,756462,829500,33226,4.17,811180,14906,1.87,750100,829889,1399-7-5
464,ثتران,سرمايه گذاري مسكن تهران,44,229955,1511724170,6920,6574,6574,-346,-5.0,6909,-11,-0.16,6574,6574,1399-7-5
465,اخزا816,اسنادخزانه-م16بودجه98-010503,44,80401,58417737753,725188,726500,727500,2312,0.32,726580,1392,0.19,723508,730000,1399-7-5
466,آساميد,صندوق س.مشترك آسمان اميد -د,43,641698,6900293331,10722,10750,10778,56,0.52,10753,31,0.29,10709,10781,1399-7-5
467,خمهر,مهركام‌پارس‌,43,165756,1354226520,8600,8170,8170,-430,-5.0,8590,-10,-0.12,8170,8170,1399-7-5
468,اخزا703,اسنادخزانه-م3بودجه97-990721,42,11212,11109845117,991001,993810,992000,999,0.1,990889,-112,-0.01,989275,993810,1399-7-5
469,ثنوسا,نوسازي‌وساختمان‌تهران‌,42,230297,2729019450,12470,11850,11850,-620,-4.97,12430,-40,-0.32,11850,11850,1399-7-5
470,هخود911,اختيارف ت خودرو-3680-99/11/20,42,1000000,457000000,511,457,457,-54,-10.57,457,-54,-10.57,457,457,1399-7-5
471,نطرين,عطرين نخ قم,41,94839,1637585013,18175,17267,17267,-908,-5.0,18144,-31,-0.17,17267,17351,1399-7-5
472,تسه9903,امتياز تسهيلات مسكن خرداد99,41,335,282092428,805530,800000,845806,40276,5.0,842067,36537,4.54,800000,845806,1399-7-5
473,افران,صندوق س افرا نماد پايدار-ثابت,41,80260,950922510,11740,12300,11750,10,0.09,11850,110,0.94,11730,12300,1399-7-5
474,ضجار7024,اختيارخ وتجارت-3200-1399/07/22,41,1072,146025000,435,300,169,-266,-61.15,136,-299,-68.74,30,300,1399-7-5
475,شكف,كف,40,226182,10389217806,45033,45933,45933,900,2.0,45933,900,2.0,45033,45933,1399-7-5
476,ساراب,سيمان‌ داراب‌,39,157661,1895085220,12650,12020,12020,-630,-4.98,12620,-30,-0.24,12020,12020,1399-7-5
477,فولاي,صنايع فولاد آلياژي يزد,39,18218,918041456,53044,50392,50392,-2652,-5.0,52993,-51,-0.1,50392,50786,1399-7-5
478,خريخت,صنايع‌ريخته‌گري‌ايران‌,38,244716,1475637480,6340,6030,6030,-310,-4.89,6330,-10,-0.16,6030,6030,1399-7-5
479,غمينو,شركت صنايع غذايي مينو شرق,38,41392,602129424,15312,14547,14547,-765,-5.0,15302,-10,-0.07,14547,14570,1399-7-5
480,كشرق,صنعتي و معدني شمال شرق شاهرود,38,426705,35978912190,88755,84318,84318,-4437,-5.0,85394,-3361,-3.79,84318,84822,1399-7-5
481,تسه9901,امتياز تسهيلات مسكن فروردين99,38,1019,864721984,812492,850000,853116,40624,5.0,848599,36107,4.44,790000,881700,1399-7-5
482,وسخراش,شركت س استان خراسان شمالي,38,1668101,2352022410,1350,1410,1410,60,4.44,1350,0,0.0,1410,1410,1399-7-5
483,بسويچ,پارس‌سويچ‌,38,45983,2049002480,46900,44560,44560,-2340,-4.99,46800,-100,-0.21,44560,44560,1399-7-5
484,تكنار,مجتمع معادن مس تكنار,37,61122,4742089248,75325,77584,77584,2259,3.0,75845,520,0.69,76589,77584,1399-7-5
485,سكرد,سيمان كردستان,37,67569,717582780,11170,10620,10620,-550,-4.92,11160,-10,-0.09,10620,10620,1399-7-5
486,ثروتم,صندوق س. ثروت آفرين پارسيان-س,37,18240,1803875120,98920,98500,98500,-420,-0.42,98897,-23,-0.02,98010,101990,1399-7-5
487,ارمغان,ص سرمايه گذاري ارمغان ايرانيان,37,489953,4954470060,10130,10150,10120,-10,-0.1,10110,-20,-0.2,10110,10150,1399-7-5
488,ولملت,واسپاري ملت,37,307937,3504323060,11970,11380,11380,-590,-4.93,11930,-40,-0.33,11380,11380,1399-7-5
489,تسه9709,امتياز تسهيلات مسكن آذر97,36,1620,1339630401,805229,799704,845000,39771,4.94,826932,21703,2.7,780000,853330,1399-7-5
490,پلوله,گازلوله‌,36,261506,5357996434,20695,20489,20489,-206,-1.0,20489,-206,-1.0,20489,20695,1399-7-5
491,كابگن,توليدي و صنعتي آبگينه‌,35,1211081,5461975310,4422,4510,4510,88,1.99,4510,88,1.99,4465,4510,1399-7-5
492,اخزا821,اسنادخزانه-م21بودجه98-020906,35,101772,59439714942,586079,583580,583690,-2389,-0.41,584048,-2031,-0.35,583501,587890,1399-7-5
493,هرانف912,اختيارف ت رانفور32120-99/12/03,35,100000,176100000,2065,1761,1761,-304,-14.72,1761,-304,-14.72,1761,1761,1399-7-5
494,زبينا,كشاورزي و دامپروري بينالود,34,66673,3217038923,50790,48251,48251,-2539,-5.0,50618,-172,-0.34,48251,48396,1399-7-5
495,اخزا811,اسنادخزانه-م11بودجه98-001013,34,80134,64650791437,804112,805005,807000,2888,0.36,806783,2671,0.33,801600,810999,1399-7-5
496,ضخود1043,اختيارخ خودرو-3500-1399/10/07,34,401,248726000,716,990,580,-136,-18.99,620,-96,-13.41,550,990,1399-7-5
497,وليز,ليزينگ‌ايران‌,34,56440,548596800,10230,9720,9720,-510,-4.99,10220,-10,-0.1,9720,9720,1399-7-5
498,حتوكا,حمل‌ونقل‌توكا,34,84630,1275374100,15860,15070,15070,-790,-4.98,15840,-20,-0.13,15070,15070,1399-7-5
499,بزاگرس,نيروگاه زاگرس كوثر,34,74922,1135892442,15958,15161,15161,-797,-4.99,15939,-19,-0.12,15161,15247,1399-7-5
500,ضخود7055,اختيارخ خودرو-3600-1399/07/09,34,869,6785000,62,3,10,-52,-83.87,8,-54,-87.1,2,15,1399-7-5
501,خاذين,سايپاآذين‌,34,77944,613419280,8280,7870,7870,-410,-4.95,8270,-10,-0.12,7870,7870,1399-7-5
502,تسه9812,امتياز تسهيلات مسكن اسفند98,34,439,367275374,798517,800000,838442,39925,5.0,836618,38101,4.77,792498,875900,1399-7-5
503,سدشت,صنايع سيمان دشتستان,33,40902,1604585460,37370,39230,39230,1860,4.98,37430,60,0.16,39230,39230,1399-7-5
504,ميهن,بيمه ميهن,33,171304,885470376,5441,5169,5169,-272,-5.0,5436,-5,-0.09,5169,5173,1399-7-5
505,شتولي,تولي‌پرس‌,33,84122,1482566128,17279,17624,17624,345,2.0,17329,50,0.29,17412,17624,1399-7-5
506,ضخود1042,اختيارخ خودرو-3000-1399/10/07,33,684,526100000,1074,750,800,-274,-25.51,769,-305,-28.4,700,800,1399-7-5
507,ديران,ايران‌دارو,33,101477,2245686010,23290,22130,22130,-1160,-4.98,23240,-50,-0.21,22130,22130,1399-7-5
508,گنجين,صندوق س. گنجينه يكم آويد-د,32,393386,4461571240,11331,11351,11323,-8,-0.07,11341,10,0.09,11253,11351,1399-7-5
509,اخزا807,اسنادخزانه-م7بودجه98-000719,32,102390,86335404725,843721,843000,841020,-2701,-0.32,843201,-520,-0.06,837001,848490,1399-7-5
510,تسه9811,امتياز تسهيلات مسكن بهمن98,30,450,377745464,801227,790000,841288,40061,5.0,839434,38207,4.77,789785,860000,1399-7-5
511,زماهان,مجتمع توليد گوشت مرغ ماهان,30,72569,1837592218,26654,25322,25322,-1332,-5.0,26602,-52,-0.2,25322,25374,1399-7-5
512,وتوصا,گروه س توسعه صنعتي ايران,30,44927,655035660,15340,14580,14580,-760,-4.95,15330,-10,-0.07,14580,14580,1399-7-5
513,زير0003پ01,زيره سبز0003كيميابذر(پ),30,421,208103413,496751,500000,499998,3247,0.65,494307,-2444,-0.49,471914,500000,1399-7-5
514,شدوص,دوده‌ صنعتي‌ پارس‌,30,130150,2591286500,20950,19910,19910,-1040,-4.96,20890,-60,-0.29,19910,19910,1399-7-5
515,لكما,كارخانجات‌مخابراتي‌ايران‌,30,48444,561029964,11939,11581,11581,-358,-3.0,11929,-10,-0.08,11389,11581,1399-7-5
516,هفارس912,اختيارف ت فارس-14576-99/12/13,30,1000000,1000000,1,1,1,0,0.0,1,0,0.0,1,1,1399-7-5
517,فلوله,لوله‌وماشين‌سازي‌ايران‌,30,68084,1746354600,27000,25650,25650,-1350,-5.0,26950,-50,-0.19,25650,25650,1399-7-5
518,ضجار7026,اختيارخ وتجارت-3600-1399/07/22,30,1157,107215000,157,99,72,-85,-54.14,93,-64,-40.76,72,130,1399-7-5
519,گپارس,امور رفاهي كارگزاران پارس,30,56598,6492922560,111379,114720,114720,3341,3.0,112432,1053,0.95,114316,114720,1399-7-5
520,لابسا,آبسال‌,30,21613,669570740,32610,30980,30980,-1630,-5.0,32590,-20,-0.06,30980,30980,1399-7-5
521,وهنر,گروه توسعه هنر ايران,29,980862,4827802764,5074,4922,4922,-152,-3.0,5036,-38,-0.75,4922,4962,1399-7-5
522,سخزر,سيمان‌ خزر,29,162264,4786788000,31050,29500,29500,-1550,-4.99,30890,-160,-0.52,29500,29500,1399-7-5
523,دكپسول,توليد ژلاتين كپسول ايران,29,48903,1886384322,40604,38574,38574,-2030,-5.0,40523,-81,-0.2,38574,38656,1399-7-5
524,اخزا806,اسنادخزانه-م6بودجه98-000519,29,51595,44540457600,861411,861067,862656,1245,0.14,863271,1860,0.22,859225,865000,1399-7-5
525,زشريف,كشت وصنعت شريف آباد,29,68909,1829120496,27941,26544,26544,-1397,-5.0,27887,-54,-0.19,26544,26571,1399-7-5
526,وگردشح,ح . بانك گردشگري,29,115938,1869500250,16623,16125,16125,-498,-3.0,16125,-498,-3.0,16125,16125,1399-7-5
527,قزوين,كارخانجات‌ قند قزوين‌,28,118612,4140744920,36740,34910,34910,-1830,-4.98,36580,-160,-0.44,34910,34910,1399-7-5
528,اوصتا,صندوق انديشه ورزان صباتامين -د,28,125365,2103961602,16778,16790,16789,11,0.07,16783,5,0.03,16690,16790,1399-7-5
529,هجم911,اختيارف ت جم-38645-99/11/28,27,100000,100000,1,1,1,0,0.0,1,0,0.0,1,1,1399-7-5
530,ثالوند,سرمايه گذاري مسكن الوند,27,143861,1898821339,13893,13199,13199,-694,-5.0,13865,-28,-0.2,13199,13250,1399-7-5
531,وايران,ليزينگ ايرانيان,27,83288,901176160,11380,10820,10820,-560,-4.92,11370,-10,-0.09,10820,10820,1399-7-5
532,قاسم,قاسم ايران,27,22684,346384680,16073,15270,15270,-803,-5.0,16067,-6,-0.04,15270,15282,1399-7-5
533,غپاك,لبنيات‌ پاك‌,27,54744,926268480,17810,16920,16920,-890,-5.0,17790,-20,-0.11,16920,16920,1399-7-5
534,قشكر,شكرشاهرود,26,25082,1115898180,46830,44490,44490,-2340,-5.0,46780,-50,-0.11,44490,44490,1399-7-5
535,دكوثر,داروسازي‌ كوثر,26,22287,563415360,26610,25280,25280,-1330,-5.0,26590,-20,-0.08,25280,25280,1399-7-5
536,خرينگ,رينگ‌سازي‌مشهد,26,27655,743642950,28300,26890,26890,-1410,-4.98,28280,-20,-0.07,26890,26890,1399-7-5
537,اخزا813,اسنادخزانه-م13بودجه98-010219,26,19934,15032566107,755114,754015,756000,886,0.12,754117,-997,-0.13,753000,759999,1399-7-5
538,غگلستا,شير پاستوريزه پگاه گلستان,26,24267,369732012,16037,15236,15236,-801,-4.99,16031,-6,-0.04,15236,15253,1399-7-5
539,فنفت,صنايع تجهيزات نفت,26,38615,570382165,15227,14771,14771,-456,-2.99,15214,-13,-0.09,14771,15362,1399-7-5
540,اعتلا,شركت سرمايه گذاري اعتلاء البرز,25,230680,2692958320,12288,11674,11674,-614,-5.0,12253,-35,-0.28,11674,11759,1399-7-5
541,وسرمد,بيمه  سرمد,25,359833,2286378882,6550,6354,6354,-196,-2.99,6527,-23,-0.35,6354,6354,1399-7-5
542,خاور,ايران خودرو ديزل,25,119341,848156487,7326,7107,7107,-219,-2.99,7316,-10,-0.14,7107,7116,1399-7-5
543,زنجان,صنايع كشاورزي وكود زنجان,25,40327,277409433,7091,6879,6879,-212,-2.99,7088,-3,-0.04,6879,6898,1399-7-5
544,وزمين,بانك ايران زمين,25,31010,529991910,17439,17091,17091,-348,-2.0,17432,-7,-0.04,17091,17799,1399-7-5
545,زعف9908پ08,زعفران9908نگين روستا(پ),24,9041,777108644,85019,83000,86000,981,1.15,85954,935,1.1,83000,87122,1399-7-5
546,همپنا912,اختيارف ت مپنا-23410-99/12/11,24,19233,71315964,4749,3708,3708,-1041,-21.92,3708,-1041,-21.92,3708,3708,1399-7-5
547,زكشت,كشاورزي مكانيزه اصفهان كشت,24,108112,3413852624,33238,31577,31577,-1661,-5.0,33119,-119,-0.36,31577,31626,1399-7-5
548,واعتبار,سرمايه گذاري اعتبار ايران,24,76101,595109820,8230,7820,7820,-410,-4.98,8220,-10,-0.12,7820,7820,1399-7-5
549,زقيام,كشت و دام قيام اصفهان,24,65240,1789728920,28876,27433,27433,-1443,-5.0,28822,-54,-0.19,27433,27814,1399-7-5
550,هترول911,اختيارف ت پترول-14730-99/11/15,23,500000,500000,1,1,1,0,0.0,1,0,0.0,1,1,1399-7-5
551,آ س پ,آ.س.پ,23,45939,659959674,15122,14366,14366,-756,-5.0,15111,-11,-0.07,14366,15370,1399-7-5
552,فجام,جام‌دارو,23,10784,631511040,61640,58560,58560,-3080,-5.0,61600,-40,-0.06,58560,58560,1399-7-5
553,ولشرق,ليزينگ ايران و شرق,22,65861,560608832,8960,8512,8512,-448,-5.0,8955,-5,-0.06,8512,8533,1399-7-5
554,زدشت,كشت و صنعت دشت خرم دره,22,10288,475994896,48702,46267,46267,-2435,-5.0,48678,-24,-0.05,46267,46890,1399-7-5
555,اخزا804,اسنادخزانه-م4بودجه98-000421,22,66688,58291362662,871769,873000,874088,2319,0.27,874091,2322,0.27,870866,879999,1399-7-5
556,شفارس,صنايع‌ شيميايي‌ فارس‌,22,21502,716661660,35080,33330,33330,-1750,-4.99,35050,-30,-0.09,33330,33330,1399-7-5
557,بمپنا,توليد برق عسلويه  مپنا,22,23178,2197969740,99821,94830,94830,-4991,-5.0,99590,-231,-0.23,94830,94982,1399-7-5
558,ولراز,ليزينگ رازي,22,32475,785115600,24923,24176,24176,-747,-3.0,24893,-30,-0.12,24176,24319,1399-7-5
559,ضخود7048,اختيارخ خودرو-2800-1399/07/09,22,284,31856000,307,200,110,-197,-64.17,112,-195,-63.52,100,200,1399-7-5
560,غبهار,كشت وصنعت بهاران گلبهار خراسان,22,111262,4107125468,38856,36914,36914,-1942,-5.0,38436,-420,-1.08,36914,38856,1399-7-5
561,اخزا812,اسنادخزانه-م12بودجه98-001111,21,61256,48765787924,794348,800000,796302,1954,0.25,796098,1750,0.22,792683,800000,1399-7-5
562,ثعمرا,عمران و توسعه شاهد,21,118635,3031005615,26893,25549,25549,-1344,-5.0,26807,-86,-0.32,25549,25572,1399-7-5
563,تكمبا,كمباين‌ سازي‌ ايران‌,21,35967,371179440,10860,10320,10320,-540,-4.97,10860,0,0.0,10320,10320,1399-7-5
564,وثنو,سرمايه گذاري ساختماني نوين,20,27368,484523072,18635,17704,17704,-931,-5.0,18611,-24,-0.13,17704,18103,1399-7-5
565,زعف9908پ05,زعفران9908نگين زرين(پ),20,2480,214811400,87745,84301,85010,-2735,-3.12,86617,-1128,-1.29,84301,87099,1399-7-5
566,تسه9806,امتياز تسهيلات مسكن شهريور98,20,296,247442094,801039,800000,841090,40051,5.0,835953,34914,4.36,791958,841090,1399-7-5
567,ضچاد7013,اختيارخ كچاد-10300-1399/07/07,20,75,807175000,10617,1220,11900,1283,12.08,10762,145,1.37,10000,11900,1399-7-5
568,تسه9803,امتياز تسهيلات مسكن خرداد98,20,305,255713615,801102,841157,841157,40055,5.0,838405,37303,4.66,790000,841157,1399-7-5
569,تسه9712,امتياز تسهيلات مسكن اسفند97,20,223,183911713,796996,785568,836845,39849,5.0,824716,27720,3.48,785568,859965,1399-7-5
570,آكورد2,صندوق س. آرمان آتي كوثر-د,20,2000000,2000000,28569,1,1,-28568,-100.0,1,-28568,-100.0,1,1,1399-7-5
571,ضپاس7020,اختيارخ وپارس-5000-1399/07/30,20,806,84389000,300,101,300,0,0.0,105,-195,-65.0,100,890,1399-7-5
572,قپيرا,فرآورده‌هاي‌غدايي‌وقندپيرانشهر,20,6760,515377170,80180,76300,76180,-4000,-4.99,80140,-40,-0.05,76180,76350,1399-7-5
573,سخند,صندوق س.سپهرخبرگان نفت-د,19,39270,395877160,10070,10085,10070,0,0.0,10081,11,0.11,10060,10086,1399-7-5
574,كقزوي,شيشه‌ قزوين‌,19,84767,881068198,10715,10394,10394,-321,-3.0,10700,-15,-0.14,10394,10400,1399-7-5
575,ضملي8077,اختيارخ فملي -29750-1399/08/06,19,106,666600000,6354,6350,5850,-504,-7.93,6289,-65,-1.02,5500,6700,1399-7-5
576,ضخود1041,اختيارخ خودرو-2500-1399/10/07,19,250,255750000,1,1000,1050,1049,104900.0,1023,1022,102200.0,1000,1050,1399-7-5
577,زير0003پ04,زيره سبز0003شركت مينوبذر(پ),19,304,143461856,487104,471914,471914,-15190,-3.12,471914,-15190,-3.12,471914,471914,1399-7-5
578,شفارا,پتروشيمي فارابي,19,32948,176930760,5536,5370,5370,-166,-3.0,5534,-2,-0.04,5370,5374,1399-7-5
579,ركيش,كارت اعتباري ايران كيش,19,16543,270312620,17190,16340,16340,-850,-4.94,17190,0,0.0,16340,16340,1399-7-5
580,زعف9908پ11,زعفران9908نگين سحرخيز(پ),18,2853,238921450,87901,87122,86990,-911,-1.04,83744,-4157,-4.73,83000,87122,1399-7-5
581,وآذر,سرمايه‌گذاري‌توسعه‌آذربايجان‌,18,7002,822945060,123710,117530,117530,-6180,-5.0,123600,-110,-0.09,117530,117530,1399-7-5
582,خكار,ايركا پارت صنعت,18,8581,310546390,38090,36190,36190,-1900,-4.99,38080,-10,-0.03,36190,36190,1399-7-5
583,ضجار7023,اختيارخ وتجارت-3000-1399/07/22,18,622,133819000,390,280,190,-200,-51.28,215,-175,-44.87,190,299,1399-7-5
584,فنوال,نورد آلومينيوم‌,18,7722,280231380,38190,36290,36290,-1900,-4.98,38180,-10,-0.03,36290,36290,1399-7-5
585,ضپنا1021,اختيارخ رمپنا-16106-1399/10/09,17,268,2790150000,1,10000,10500,10499,1049900.0,10411,10410,1041000.0,10000,11030,1399-7-5
586,بالبر,كابل‌ البرز,17,32599,844640090,27270,25910,25910,-1360,-4.99,27250,-20,-0.07,25910,25910,1399-7-5
587,اخزا820,اسنادخزانه-م20بودجه98-020806,17,6660,3950333636,590656,596999,592990,2334,0.4,593143,2487,0.42,589010,597000,1399-7-5
588,هنفت912,اختيارف ت نفت-15330-99/12/04,17,100000,45300000,171,453,453,282,164.91,453,282,164.91,453,453,1399-7-5
589,كپرور,فرآوري زغال سنگ پروده طبس,17,37390,1548805970,43603,41423,41423,-2180,-5.0,43532,-71,-0.16,41423,41541,1399-7-5
590,صگل411,ص اجاره گل گهر 411- 3 ماهه 17%,17,1251,1272323500,1003980,1249660,984320,-19660,-1.96,1017045,13065,1.3,984320,1249660,1399-7-5
591,بساما,بيمه سامان,17,27216,630431424,24383,23164,23164,-1219,-5.0,24367,-16,-0.07,23164,23909,1399-7-5
592,غپآذر,شير پگاه آذربايجان شرقي,16,2480,139061040,59024,56073,56073,-2951,-5.0,59015,-9,-0.02,56073,58978,1399-7-5
593,تسه9807,امتياز تسهيلات مسكن مهر98,16,285,237223870,808018,808004,821000,12982,1.61,832364,24346,3.01,780000,865000,1399-7-5
594,حپترو,حمل و نقل پتروشيمي( سهامي عام,16,81574,2488822740,32110,30510,30510,-1600,-4.98,32030,-80,-0.25,30510,30510,1399-7-5
595,زعف9908پ17,زعفران9908پوشالمعمول بيرجند(پ),16,4483,295192521,63779,65957,65999,2220,3.48,65847,2068,3.24,62961,67200,1399-7-5
596,ضخود7049,اختيارخ خودرو-3000-1399/07/09,16,392,23830000,288,101,45,-243,-84.38,61,-227,-78.82,45,101,1399-7-5
597,ضسپا8017,اختيارخ خساپا-2200-1399/08/26,16,645,291000000,506,250,440,-66,-13.04,451,-55,-10.87,250,600,1399-7-5
598,غشصفا,شيرپاستوريزه‌پگاه‌اصفهان‌,16,35716,957903120,28230,26820,26820,-1410,-4.99,28200,-30,-0.11,26820,26820,1399-7-5
599,لازما,كارخانه هاي صنعتي آزمايش,16,15207,469120743,32134,30849,30849,-1285,-4.0,32071,-63,-0.2,30849,31517,1399-7-5
600,زعف9908پ16,زعفران9908نگين بيرجند(پ),16,5617,468314510,82203,83000,84100,1897,2.31,83374,1171,1.42,81510,84100,1399-7-5
601,زعف9908پ15,زعفران9908پوشالمعمول طلاسرخ(پ),15,2339,157499229,65047,69255,63367,-1680,-2.58,67336,2289,3.52,63161,69255,1399-7-5
602,ثپرديس,سرمايه گذاري مسكن پرديس,15,19981,266886217,14059,13357,13357,-702,-4.99,14055,-4,-0.03,13357,13369,1399-7-5
603,حبندر,دريايي و کشتيراني خط دريابندر,15,103541,2410848644,24004,23284,23284,-720,-3.0,23915,-89,-0.37,23284,23295,1399-7-5
604,اخزا903,اسنادخزانه-م3بودجه99-011110,15,40865,27085147292,663011,661222,662600,-411,-0.06,662796,-215,-0.03,661222,665000,1399-7-5
605,تسه9808,امتياز تسهيلات مسكن آبان98,15,253,211845200,798812,838752,838752,39940,5.0,837333,38521,4.82,795285,855000,1399-7-5
606,ولتجار,واسپاري تجارت وسرمايه ايرانيان,15,87499,590880747,6961,6753,6753,-208,-2.99,6955,-6,-0.09,6753,6759,1399-7-5
607,خفولا,خدمات فني فولاد يزد,14,10546,297239010,29056,28185,28185,-871,-3.0,29043,-13,-0.04,28185,30123,1399-7-5
608,خوساز,محورسازان‌ايران‌خودرو,14,46140,443405400,10110,9610,9610,-500,-4.95,10110,0,0.0,9610,9610,1399-7-5
609,غدشت,دشت‌ مرغاب‌,14,24071,7058098620,308650,293220,293220,-15430,-5.0,306360,-2290,-0.74,293220,293220,1399-7-5
610,خشرق,الكتريك‌ خودرو شرق‌,14,23848,446673040,19710,18730,18730,-980,-4.97,19700,-10,-0.05,18730,18730,1399-7-5
611,ساذري,آذريت‌,14,32675,6022329250,178942,184310,184310,5368,3.0,180511,1569,0.88,184310,184310,1399-7-5
612,ضخود7041,اختيارخ خودرو-1700-1399/07/09,14,55,63636000,1151,1200,1005,-146,-12.68,1157,6,0.52,1004,1330,1399-7-5
613,وبرق,س.کارکنان صنعت برق زنجان وقزوي,13,2817,583048575,213376,206975,206975,-6401,-3.0,213184,-192,-0.09,203671,206975,1399-7-5
614,چفيبر,فيبر ايران‌,13,82310,882363200,11280,10720,10720,-560,-4.96,11270,-10,-0.09,10720,10720,1399-7-5
615,تسه9804,امتياز تسهيلات مسكن تير98,13,252,211693158,804719,764584,844954,40235,5.0,840052,35333,4.39,764584,844954,1399-7-5
616,هصند911,اختيارف ت صندوق-19926-99/11/29,13,100000,14900000,971,149,149,-822,-84.65,149,-822,-84.65,149,149,1399-7-5
617,فبيرا,بسته‌ بندي‌ ايران‌,13,46500,235150500,5213,5057,5057,-156,-2.99,5211,-2,-0.04,5057,5058,1399-7-5
618,ضپاس7014,اختيارخ وپارس-3800-1399/07/30,13,640,508950000,926,940,730,-196,-21.17,795,-131,-14.15,690,1590,1399-7-5
619,وپسا,س. پتروشيمي ساختمان  خليج فارس,13,33023,170861002,5334,5174,5174,-160,-3.0,5333,-1,-0.02,5174,5175,1399-7-5
620,تسه9802,امتياز تسهيلات مسكن ارديبهشت98,13,262,217827336,794491,834215,834215,39724,5.0,831402,36911,4.65,770002,842964,1399-7-5
621,ثشرق,سرمايه گذاري مسكن شمال شرق,13,19511,141844970,7650,7270,7270,-380,-4.97,7650,0,0.0,7270,7270,1399-7-5
622,غمهرا,توليدي‌مهرام‌,13,1538,161305440,110400,104880,104880,-5520,-5.0,110380,-20,-0.02,104880,104880,1399-7-5
623,خنصير,مهندسي‌نصيرماشين‌,13,12829,646453310,53040,50390,50390,-2650,-5.0,53000,-40,-0.08,50390,50390,1399-7-5
624,كلوند,كاشي‌ الوند,13,17261,446887290,27250,25890,25890,-1360,-4.99,27240,-10,-0.04,25890,25890,1399-7-5
625,كسعدي,كاشي‌ سعدي‌,13,2815,178358400,66690,63360,63360,-3330,-4.99,66680,-10,-0.01,63360,63360,1399-7-5
626,تسه9711,امتياز تسهيلات مسكن بهمن 97,13,109,91073734,803660,790000,843843,40183,5.0,835539,31879,3.97,780000,843843,1399-7-5
627,اخزا723,اسنادخزانه-م23بودجه97-000824,13,19129,15750557261,823527,820570,825000,1473,0.18,823386,-141,-0.02,820570,826000,1399-7-5
628,ضخود7053,اختيارخ خودرو-3200-1399/07/09,12,180,7642000,124,13,49,-75,-60.48,42,-82,-66.13,13,66,1399-7-5
629,تسه9801,امتياز تسهيلات مسكن فروردين98,12,218,184777385,807972,767885,848370,40398,5.0,847603,39631,4.9,767885,848370,1399-7-5
630,ضفار8037,اختيارخ فارس-12826-1399/08/06,12,44,363402000,8500,1500,8402,-98,-1.15,8259,-241,-2.84,1500,9650,1399-7-5
631,ضچاد7012,اختيارخ كچاد-9300-1399/07/07,12,27,306915000,10199,10000,12500,2301,22.56,11367,1168,11.45,10000,12500,1399-7-5
632,رتكو,كنترل‌خوردگي‌تكين‌كو,12,7163,132157350,19420,18450,18450,-970,-4.99,19420,0,0.0,18450,18450,1399-7-5
633,قشير,قند شيروان قوچان و بجنورد,12,3997,103394396,27229,25868,25868,-1361,-5.0,27226,-3,-0.01,25868,25898,1399-7-5
634,اخزا721,اسنادخزانه-م21بودجه97-000728,12,18977,15881506622,839268,842500,835006,-4262,-0.51,836882,-2386,-0.28,834350,842500,1399-7-5
635,غشاذر,پگاه‌آذربايجان‌غربي‌,12,9216,203120640,23190,22040,22040,-1150,-4.96,23190,0,0.0,22040,22040,1399-7-5
636,ضچاد7025,اختيارخ كچاد-26000-1399/07/07,12,270,1263000,56,27,5,-51,-91.07,5,-51,-91.07,1,27,1399-7-5
637,ضخود7040,اختيارخ خودرو-1600-1399/07/09,11,133,142704000,1007,1120,1125,118,11.72,1073,66,6.55,1009,1155,1399-7-5
638,پلاسك,پلاسكوكار,11,35641,325045920,9590,9120,9120,-470,-4.9,9590,0,0.0,9120,9120,1399-7-5
639,كشم0001پ01,كشمش سبز0001خليل آباد(پ),11,300,91410000,100000,300000,310000,210000,210.0,304700,204700,204.7,300000,310000,1399-7-5
640,ختراك,ريخته‌گري‌ تراكتورسازي‌ ايران‌,11,6325,137695250,22910,21770,21770,-1140,-4.98,22910,0,0.0,21770,21770,1399-7-5
641,زعف9908پ09,زعفران9908نگين نوين(پ),11,1138,96850700,85564,86900,83400,-2164,-2.53,85106,-458,-0.54,83400,87100,1399-7-5
642,اخزا805,اسنادخزانه-م5بودجه98-000422,11,51881,45384521259,874806,873541,874784,-22,0.0,874781,-25,0.0,873541,875170,1399-7-5
643,اخزا720,اسنادخزانه-م20بودجه97-000324,10,840,745155232,885811,887147,887051,1240,0.14,887090,1279,0.14,882300,888500,1399-7-5
644,ضچاد7018,اختيارخ كچاد-15300-1399/07/07,10,21,130200000,6000,6000,6400,400,6.67,6200,200,3.33,6000,6400,1399-7-5
645,ولغدر,ليزينگ‌خودروغدير,10,107726,1853964460,18110,17210,17210,-900,-4.97,18070,-40,-0.22,17210,17210,1399-7-5
646,بايكا,كارخانجات كابلسازي ‌ايران‌,10,13306,558439514,43266,41969,41969,-1297,-3.0,43229,-37,-0.09,41969,41990,1399-7-5
647,لبوتان,گروه‌صنعتي‌بوتان‌,10,3263,258103300,83260,79100,79100,-4160,-5.0,83240,-20,-0.02,79100,79100,1399-7-5
648,ضپاس7013,اختيارخ وپارس-3600-1399/07/30,10,160,121600000,1810,760,760,-1050,-58.01,760,-1050,-58.01,760,760,1399-7-5
649,ضپنا1022,اختيارخ رمپنا-18806-1399/10/09,10,135,1046595000,1,7000,8000,7999,799900.0,7753,7752,775200.0,7000,8007,1399-7-5
650,امين يكم2,صندوق درآمد ثابت امين يكم فردا,10,1000000,1000000,10330,1,1,-10329,-99.99,1,-10329,-99.99,1,1,1399-7-5
651,خعمرا,توسعه و عمران شهرستان نائين,10,205796,3077061792,14517,14952,14952,435,3.0,14582,65,0.45,14952,15115,1399-7-5
652,ضفلا8085,اختيارخ فولاد-16775-1399/08/28,10,26,117891000,5240,5000,4051,-1189,-22.69,4534,-706,-13.47,4000,5000,1399-7-5
653,ضخود7056,اختيارخ خودرو-3800-1399/07/09,10,179,871000,27,27,2,-25,-92.59,5,-22,-81.48,1,27,1399-7-5
654,اخزا704,اسنادخزانه-م4بودجه97-991022,10,80,76229482,953118,951975,955206,2088,0.22,952868,-250,-0.03,951975,960000,1399-7-5
655,پست9908-02,پسته فندقي32-30طلاسبززرند9908,10,107,155299140,1403053,1467250,1473205,70152,5.0,1451394,48341,3.45,1350001,1473205,1399-7-5
656,ثامان,سامان‌ گستراصفهان‌,9,6967,150556870,22740,21610,21610,-1130,-4.97,22740,0,0.0,21610,21610,1399-7-5
657,لخزر,پارس‌ خزر,9,887,185879720,220580,209560,209560,-11020,-5.0,220540,-40,-0.02,209560,209560,1399-7-5
658,زعف9908پ12,زعفران9908پوشالمعمول سحرخيز(پ),9,1486,102297580,63500,67000,69255,5755,9.06,68841,5341,8.41,67000,69255,1399-7-5
659,كمينا,شيشه سازي مينا,9,34616,1122389184,33426,32424,32424,-1002,-3.0,33368,-58,-0.17,32424,32462,1399-7-5
660,زعف9908پ06,زعفران 9908پوشالمعمول زرين(پ),9,1149,75476960,65365,63061,66300,935,1.43,65689,324,0.5,63061,66300,1399-7-5
661,افرا,افرانت,9,17709,1156309155,68731,65295,65295,-3436,-5.0,68647,-84,-0.12,65295,65330,1399-7-5
662,تسه9805,امتياز تسهيلات مسكن مرداد98,9,151,126780767,806822,800000,847163,40341,5.0,839608,32786,4.06,780000,860300,1399-7-5
663,كطبس,ذغال‌سنگ‌ نگين‌ ط‌بس‌,9,2231,112152370,52910,50270,50270,-2640,-4.99,52900,-10,-0.02,50270,50270,1399-7-5
664,لپيام,گسترش صنايع پيام,9,8669,272588036,32085,31444,31444,-641,-2.0,32067,-18,-0.06,30832,31444,1399-7-5
665,دلقما,دارويي‌ لقمان‌,9,5392,182734880,35670,33890,33890,-1780,-4.99,35660,-10,-0.03,33890,33890,1399-7-5
666,ضفلا8086,اختيارخ فولاد-17775-1399/08/28,9,37,123180000,2736,3310,3480,744,27.19,3329,593,21.67,3200,3480,1399-7-5
667,ضسپا8018,اختيارخ خساپا-2400-1399/08/26,9,376,166631000,467,461,440,-27,-5.78,443,-24,-5.14,440,550,1399-7-5
668,ضغدر8043,اختيارخ وغدير-16000-1399/08/26,9,130,427170000,3263,3551,3390,127,3.89,3286,23,0.7,3111,3551,1399-7-5
669,خفنر,فنرسازي‌خاور,8,3044,60727800,21000,19950,19950,-1050,-5.0,21000,0,0.0,19950,19950,1399-7-5
670,ثاژن,سخت آژند,8,26537,264069687,10365,9951,9951,-414,-3.99,10354,-11,-0.11,9951,10159,1399-7-5
671,اخزا902,اسنادخزانه-م2بودجه99-011019,8,6432,4302714040,668814,668074,668510,-304,-0.05,668954,140,0.02,668074,670000,1399-7-5
672,همعاد911,اختيارف ت معادن-19080-99/11/19,8,100000,2500000,518,25,25,-493,-95.17,25,-493,-95.17,25,25,1399-7-5
673,اخزا722,اسنادخزانه-م22بودجه97-000428,8,28822,25135702829,871302,872100,872103,801,0.09,872101,799,0.09,872100,872103,1399-7-5
674,ثغرب,شركت سرمايه گذاري مسكن شمالغرب,8,71594,980193454,14411,13691,13691,-720,-5.0,14396,-15,-0.1,13691,13691,1399-7-5
675,غگلپا,شير پاستوريزه پگاه گلپايگان,8,1727,126931046,77366,73498,73498,-3868,-5.0,77356,-10,-0.01,73498,73511,1399-7-5
676,ضخود7039,اختيارخ خودرو-1500-1399/07/09,8,46,46392000,1443,990,1200,-243,-16.84,1009,-434,-30.08,902,1200,1399-7-5
677,سمگاح,ح. سرمايه گذاري ميراث فرهنگي,8,1001091,17402965944,17361,17384,17384,23,0.13,17384,23,0.13,17384,17384,1399-7-5
678,اخزا713,اسنادخزانه-م13بودجه97-000518,8,4787,4135253145,863786,864020,865000,1214,0.14,863851,65,0.01,860911,866000,1399-7-5
679,ثاباد,توريستي ورفاهي آبادگران ايران,8,27948,865549560,32590,30970,30970,-1620,-4.97,32560,-30,-0.09,30970,30970,1399-7-5
680,هپارس912,اختيارف ت وپارس-5920-99/12/10,8,100000,123700000,1108,1237,1237,129,11.64,1237,129,11.64,1237,1237,1399-7-5
681,كتوكا,توليدي و خدمات صنايع نسوز توكا,7,971,139046229,150735,143199,143199,-7536,-5.0,150713,-22,-0.01,143199,143532,1399-7-5
682,زعف9908پ14,زعفران9908پوشالمعمول نوين(پ),7,675,45025000,65958,67500,67500,1542,2.34,66704,746,1.13,66000,67500,1399-7-5
683,فنورد,نوردوقطعات‌ فولادي‌,7,2227,285234160,121990,128080,128080,6090,4.99,122020,30,0.02,128080,128080,1399-7-5
684,لسرما,سرما آفرين‌,7,27945,683534700,25740,24460,24460,-1280,-4.97,25720,-20,-0.08,24460,24460,1399-7-5
685,ضسپا8015,اختيارخ خساپا-1900-1399/08/26,7,79,61300000,2300,900,850,-1450,-63.04,776,-1524,-66.26,750,900,1399-7-5
686,سيلام,سيمان‌ ايلام‌,7,9345,95879700,10800,10260,10260,-540,-5.0,10800,0,0.0,10260,10260,1399-7-5
687,ضملي8082,اختيارخ فملي-39750-1399/08/06,7,9,18000000,2650,2000,2000,-650,-24.53,2000,-650,-24.53,2000,2000,1399-7-5
688,زير0003پ02,زيره سبز0003 دانش(پ),7,106,50022925,477017,471914,471915,-5102,-1.07,471914,-5103,-1.07,471914,471915,1399-7-5
689,ضخود1046,اختيارخ خودرو-5000-1399/10/07,7,277,39300000,462,520,122,-340,-73.59,142,-320,-69.26,100,520,1399-7-5
690,دروز,داروسازي‌ روزدارو,7,104449,1976175080,19910,18920,18920,-990,-4.97,19870,-40,-0.2,18920,18920,1399-7-5
691,كهرام,توليدي گرانيت بهسرام,7,2337,131631525,58067,56325,56325,-1742,-3.0,58055,-12,-0.02,56325,56727,1399-7-5
692,چافست,افست‌,7,4599,118746180,27170,25820,25820,-1350,-4.97,27170,0,0.0,25820,25820,1399-7-5
693,خچرخش,چرخشگر,7,2095,44707300,22460,21340,21340,-1120,-4.99,22460,0,0.0,21340,21340,1399-7-5
694,ثنظام,س. ساختماني نظام مهندسي ايران,6,2627,126316668,49571,48084,48084,-1487,-3.0,49561,-10,-0.02,48084,48122,1399-7-5
695,تپمپي,پمپ‌ سازي‌ ايران‌,6,1716,83792280,51400,48830,48830,-2570,-5.0,51400,0,0.0,48830,48830,1399-7-5
696,ضجار7016,اختيارخ وتجارت-1800-1399/07/22,6,10,14055000,1254,1529,1280,26,2.07,1405,151,12.04,1280,1529,1399-7-5
697,خمحور,توليدمحورخودرو,6,16097,925094590,60490,57470,57470,-3020,-4.99,60430,-60,-0.1,57470,57470,1399-7-5
698,خكمك,كمك‌فنرايندامين‌,6,6658,370317960,58540,55620,55620,-2920,-4.99,58520,-20,-0.03,55620,55620,1399-7-5
699,پست9908-04,پسته فندقي32-30سبزدانه9908,6,23,33883715,1386857,1473205,1473205,86348,6.23,1473205,86348,6.23,1473205,1473205,1399-7-5
700,آينده,بازرگاني آينده سازان بهشت پارس,6,4292,96947696,23286,22588,22588,-698,-3.0,23283,-3,-0.01,22588,22591,1399-7-5
701,عسناسنگ,سلف كنستانتره سنگ آهن سناباد,6,16,107382222,6695079,6703512,6703512,8433,0.13,6711389,16310,0.24,6703512,6829542,1399-7-5
702,خفناور,مهندسي صنعتي روان فن آور,6,15341,373645396,25109,24356,24356,-753,-3.0,25094,-15,-0.06,24356,24356,1399-7-5
703,اخزا810,اسنادخزانه-م10بودجه98-001006,6,30534,24772980210,806348,806747,808052,1704,0.21,811324,4976,0.62,803301,812500,1399-7-5
704,ضخود7059,اختيارخ خودرو-4400-1399/07/09,6,328,1356000,15,7,2,-13,-86.67,4,-11,-73.33,1,9,1399-7-5
705,بشهاب,لامپ‌  پارس‌ شهاب‌,6,1823,128503270,74200,70490,70490,-3710,-5.0,74190,-10,-0.01,70490,70490,1399-7-5
706,پارتا,مجتمع‌صنعتي‌آرتاويل‌تاير,6,15736,964097512,63161,61267,61267,-1894,-3.0,63099,-62,-0.1,61267,61306,1399-7-5
707,اطلس2,صندوق س.توسعه اندوخته آينده-س,6,60000,60000,212253,1,1,-212252,-100.0,1,-212252,-100.0,1,1,1399-7-5
708,اخزا718,اسنادخزانه-م18بودجه97-000525,6,1427,1228238569,858395,860006,860126,1731,0.2,860714,2319,0.27,858300,872999,1399-7-5
709,صايپا203,صكوك مرابحه سايپا203-3ماهه 16%,5,34,32988008,964505,992999,950001,-14504,-1.5,970235,5730,0.59,950001,993000,1399-7-5
710,تملي705,تسهيلات مسكن ب. ملي-مرداد97,5,73,26361541,343921,361117,361117,17196,5.0,361117,17196,5.0,343921,361117,1399-7-5
711,زنگان,صنعت روي زنگان,5,464,72093072,163550,155373,155373,-8177,-5.0,163538,-12,-0.01,155373,155404,1399-7-5
712,ضجار7030,اختيارخ وتجارت-4400-1399/07/22,5,47,2139000,24,99,19,-5,-20.83,46,22,91.67,2,99,1399-7-5
713,قلرست,قند لرستان‌,5,3476,87178080,26400,25080,25080,-1320,-5.0,26400,0,0.0,25080,25080,1399-7-5
714,خموتور,موتورسازان‌تراكتورسازي‌ايران‌,5,26138,345544360,13910,13220,13220,-690,-4.96,13900,-10,-0.07,13220,13220,1399-7-5
715,صگل1411,ص اجاره گل گهر 1411-3 ماهه 17%,5,50,51500000,1020970,1438000,1030000,9030,0.88,1030000,9030,0.88,1030000,1030000,1399-7-5
716,پلاست,كارخانجات توليدي پلاستيران,5,8539,362113373,43718,42407,42407,-1311,-3.0,43694,-24,-0.05,41550,42407,1399-7-5
717,ثتوسا,س.توسعه و عمران استان اردبيل,5,494,36464116,76096,73814,73814,-2282,-3.0,76092,-4,-0.01,72436,73814,1399-7-5
718,ضترا8022,اختيارخ شتران-4593-1399/08/11,5,6,97995000,14500,18000,15995,1495,10.31,16332,1832,12.63,15000,18000,1399-7-5
719,ضپاس7021,اختيارخ وپارس-5500-1399/07/30,5,70,11500000,298,200,150,-148,-49.66,164,-134,-44.97,150,200,1399-7-5
720,فالوم,آلومتك‌,5,1282,43689278,35132,34079,34079,-1053,-3.0,35130,-2,-0.01,34079,34116,1399-7-5
721,وايرا,سرمايه گذاري صنايع ايران,5,81090,737108100,9371,9090,9090,-281,-3.0,9360,-11,-0.12,9090,9090,1399-7-5
722,سصفها,سيمان‌اصفهان‌,5,805,85917650,112340,106730,106730,-5610,-4.99,112330,-10,-0.01,106730,106730,1399-7-5
723,تكنو,تكنوتار,5,53058,777830280,15430,14660,14660,-770,-4.99,15420,-10,-0.06,14660,14660,1399-7-5
724,ضبدر8056,اختيارخ شبندر-21580-1399/08/18,5,8,159000000,20000,20000,19000,-1000,-5.0,19875,-125,-0.63,19000,20000,1399-7-5
725,شرنگي,شيميايي رنگين,5,11389,1365051373,123563,119857,119857,-3706,-3.0,123302,-261,-0.21,119857,119945,1399-7-5
726,ضخود7047,اختيارخ خودرو-2600-1399/07/09,5,19,7954000,300,450,301,1,0.33,419,119,39.67,301,450,1399-7-5
727,ضفار8027,اختيارخ فارس-6326-1399/08/06,5,27,561000000,20010,19800,21800,1790,8.95,20778,768,3.84,19500,21800,1399-7-5
728,پدرخش,درخشان‌ تهران‌,4,124,27146080,230440,218920,218920,-11520,-5.0,230430,-10,0.0,218920,218920,1399-7-5
729,وثخوز,سرمايه گذاري و توسعه خوزستان,4,4134,152354436,37993,36854,36854,-1139,-3.0,37984,-9,-0.02,36854,36854,1399-7-5
730,قشهد,شهد,4,3670,113880100,32660,31030,31030,-1630,-4.99,32660,0,0.0,31030,31030,1399-7-5
731,فماك,ماداكتو استيل كرد,4,76340,2274932000,29790,29800,29800,10,0.03,29800,10,0.03,29790,29800,1399-7-5
732,ضخود7068,اختيارخ خودرو-8000-1399/07/09,4,198,198000,2,1,1,-1,-50.0,1,-1,-50.0,1,1,1399-7-5
733,نتوس,پشم‌ بافي‌ توس,4,3170,34518130,11225,10889,10889,-336,-2.99,11224,-1,-0.01,10677,10889,1399-7-5
734,خلنت,لنت‌ ترمزايران‌,4,3855,355662300,97110,92260,92260,-4850,-4.99,97070,-40,-0.04,92260,92260,1399-7-5
735,ضملي1154,اختيارخ فملي-24336-1399/11/05,4,13,38630000,3562,3000,2980,-582,-16.34,2972,-590,-16.56,2950,3000,1399-7-5
736,ضفار1127,اختيارخ فارس-23826-1399/11/07,4,80,203043000,1,2000,2800,2799,279900.0,2538,2537,253700.0,2000,2949,1399-7-5
737,سخواف,سيمان مجد خواف,4,1025,16909425,17007,16497,16497,-510,-3.0,17007,0,0.0,16497,16501,1399-7-5
738,كرونا2,تامين مالي جمعي صرفا اهداي سود,4,390,3900000,10000,10000,10000,0,0.0,10000,0,0.0,10000,10000,1399-7-5
739,ضملت8037,اختيارخ وبملت-8204-1399/08/28,4,16,23914275,200,599,390,190,95.0,361,161,80.5,299,599,1399-7-5
740,فافزا,فولاد افزا سپاهان,4,1825,86709400,48981,47512,47512,-1469,-3.0,48974,-7,-0.01,47512,47513,1399-7-5
741,فنرژي,گسترش صنايع انرژي آذرآب,4,2500,27347500,11162,10939,10939,-223,-2.0,11161,-1,-0.01,10939,10940,1399-7-5
742,شسم,توليد سموم‌ علف‌ كش,4,3562,291852470,78784,81935,81935,3151,4.0,78872,88,0.11,80347,81935,1399-7-5
743,ضفلا8091,اختيارخ فولاد-25775-1399/08/28,4,15,15000000,1100,1000,1000,-100,-9.09,1000,-100,-9.09,1000,1000,1399-7-5
744,ضچاد7016,اختيارخ كچاد-13300-1399/07/07,3,7,50309000,8000,6005,7660,-340,-4.25,7187,-813,-10.16,6004,7660,1399-7-5
745,ضشنا7055,اختيارخ شپنا-4429-1399/07/28,3,10,168891000,36000,16619,17001,-18999,-52.78,16889,-19111,-53.09,16619,17010,1399-7-5
746,ضملي8085,اختيارخ فملي-51750-1399/08/06,3,17,7600000,1023,2900,120,-903,-88.27,447,-576,-56.3,120,2900,1399-7-5
747,ضترا8038,اختيارخ شتران-13979-1399/08/11,3,3,30150000,22611,10050,10050,-12561,-55.55,10050,-12561,-55.55,10050,10050,1399-7-5
748,ضگل8062,اختيارخ كگل-18100-1399/08/21,3,3,26200000,8400,9700,8000,-400,-4.76,8733,333,3.96,8000,9700,1399-7-5
749,زعف9908پ13,زعفران9908پوشالمعمول روستا(پ),3,334,22377500,69544,67000,66997,-2547,-3.66,66998,-2546,-3.66,66997,67000,1399-7-5
750,ضفلا8083,اختيارخ فولاد-14775-1399/08/28,3,21,138798000,7000,6666,6666,-334,-4.77,6609,-391,-5.59,6600,6666,1399-7-5
751,ضفلا8068,اختيارخ فولاد-4751-1399/08/28,3,12,274840968,12000,14500,14060,2060,17.17,14243,2243,18.69,14060,14500,1399-7-5
752,وسمركز,شركت س استان مركزي,3,216858,318781260,1400,1470,1470,70,5.0,1400,0,0.0,1470,1470,1399-7-5
753,فمراد,آلومراد,3,436,64480040,155670,147890,147890,-7780,-5.0,155660,-10,-0.01,147890,147890,1399-7-5
754,اخزا716,اسنادخزانه-م16بودجه97-000407,3,3011,2652697011,879808,881002,881001,1193,0.14,881002,1194,0.14,881001,881002,1399-7-5
755,ثرود,سرمايه‌گذاري مسكن زاينده رود,3,1220,15121900,13047,12395,12395,-652,-5.0,13047,0,0.0,12395,12395,1399-7-5
756,تملي612,تسهيلات مسكن بانك ملي-اسفند96,3,25,71302925,2716302,2852117,2852117,135815,5.0,2852117,135815,5.0,2716302,2852117,1399-7-5
757,شرق1400,مشاركت ليزينگ ايران وشرق140010,3,31,31410000,1010000,1030000,1010000,0,0.0,1013226,3226,0.32,1010000,1030000,1399-7-5
758,شستا993,اجاره ت.اجتماعي-كاردان991226,3,26,26584360,1020000,1014710,1034900,14900,1.46,1022475,2475,0.24,1014710,1034900,1399-7-5
759,ومشان,س. فني و مهندسي مشانير,3,423,23885964,59440,56468,56468,-2972,-5.0,59436,-4,-0.01,56468,56468,1399-7-5
760,سنوين,سرمايه گذاري اقتصاد نوين,3,6000,66192000,11257,11032,11032,-225,-2.0,11255,-2,-0.02,11032,11059,1399-7-5
761,تبريز112,مشاركت شهرداري تبريز-3ماهه18%,3,34,34170000,1001947,1005000,1005000,3053,0.3,1005000,3053,0.3,1005000,1005000,1399-7-5
762,قمرو,قند مرودشت‌,3,2211,78269400,37260,35400,35400,-1860,-4.99,37260,0,0.0,35400,35400,1399-7-5
763,ضخود1044,اختيارخ خودرو-4000-1399/10/07,3,20,10000000,1,500,500,499,49900.0,500,499,49900.0,500,500,1399-7-5
764,شمواد,توليد مواداوليه الياف مصنوعي,3,315,19958400,65319,63360,63360,-1959,-3.0,65317,-2,0.0,62077,63360,1399-7-5
765,ضپاس7015,اختيارخ وپارس-4000-1399/07/30,3,18,12400000,852,700,500,-352,-41.31,689,-163,-19.13,500,740,1399-7-5
766,ضملي8069,اختيارخ فملي -16750-1399/08/06,3,9,157000000,19000,19000,17000,-2000,-10.53,17444,-1556,-8.19,17000,19000,1399-7-5
767,ياقوت2,صندوق س ياقوت آگاه-ثابت,3,11912000,11912000,11090,1,1,-11089,-99.99,1,-11089,-99.99,1,1,1399-7-5
768,ضملت8032,اختيارخ وبملت-5789-1399/08/28,3,8,33119718,809,999,1000,191,23.61,1000,191,23.61,999,1000,1399-7-5
769,ضخود7064,اختيارخ خودرو-6000-1399/07/09,2,16,40000,6,4,1,-5,-83.33,2,-4,-66.67,1,4,1399-7-5
770,ثزاگرس,سرمايه گذاري توسعه عمران زاگرس,2,250,5916000,24395,23664,23664,-731,-3.0,24395,0,0.0,23664,23666,1399-7-5
771,تملي704,تسهيلات مسكن ب. ملي-تير97,2,2,1816548,865023,908274,908274,43251,5.0,908274,43251,5.0,865023,908274,1399-7-5
772,كساپا,سايپاشيشه‌,2,1250,25012500,21060,20010,20010,-1050,-4.99,21060,0,0.0,20010,20010,1399-7-5
773,ضملي8058,اختيارخ فملي -7750-1399/08/06,2,101,3030000000,29470,30000,30000,530,1.8,30000,530,1.8,30000,30000,1399-7-5
774,ضفار8041,اختيارخ فارس-16826-1399/08/06,2,2,4500000,3111,1500,3000,-111,-3.57,2250,-861,-27.68,1500,3000,1399-7-5
775,شلرد02,كود شيميايي اوره لردگان,2,10,9900000,993590,990000,990000,-3590,-0.36,990000,-3590,-0.36,990000,990000,1399-7-5
776,ضجار7027,اختيارخ وتجارت-3800-1399/07/22,2,6,1011000,144,200,11,-133,-92.36,168,24,16.67,11,200,1399-7-5
777,ضجار7019,اختيارخ وتجارت-2200-1399/07/22,2,10,2630000,1100,550,140,-960,-87.27,263,-837,-76.09,140,550,1399-7-5
778,اخزا9022,اسنادخزانه-م2بودجه99-011019,2,500000,336700000000,668814,673500,673000,4186,0.63,673400,4586,0.69,673000,673500,1399-7-5
779,فارس2,صنايع پتروشيمي خليج فارس,2,26000000,874020000000,32030,33630,33570,1540,4.81,33616,1586,4.95,33570,33630,1399-7-5
780,ضخود7058,اختيارخ خودرو-4200-1399/07/09,2,24,2172000,5,180,1,-4,-80.0,90,85,1700.0,1,180,1399-7-5
781,ضملي1150,اختيارخ فملي-14196-1399/11/05,2,2,20000000,9500,10000,10000,500,5.26,10000,500,5.26,10000,10000,1399-7-5
782,ضملي8087,اختيارخ فملي-59750-1399/08/06,2,14,3500000,530,250,250,-280,-52.83,250,-280,-52.83,250,250,1399-7-5
783,ضخود7067,اختيارخ خودرو-7500-1399/07/09,2,3,29000,2,2,25,23,1150.0,10,8,400.0,2,25,1399-7-5
784,ضخود7054,اختيارخ خودرو-3400-1399/07/09,2,20,90000,122,5,4,-118,-96.72,4,-118,-96.72,4,5,1399-7-5
785,تملي803,تسهيلات مسكن ب. ملي-خرداد98,2,17,3252576,182218,191328,191328,9110,5.0,191328,9110,5.0,182218,191328,1399-7-5
786,ضفلا8079,اختيارخ فولاد-10775-1399/08/28,2,20,182400000,9125,9120,9120,-5,-0.05,9120,-5,-0.05,9120,9120,1399-7-5
787,ضپنا7036,اختيارخ رمپنا-21506-1399/07/13,2,2,1150000,4500,550,600,-3900,-86.67,575,-3925,-87.22,550,600,1399-7-5
788,سفارود,كارخانه فارسيت درود,2,3440,23832320,7069,6928,6928,-141,-1.99,7069,0,0.0,6928,6931,1399-7-5
789,پارسان2,گسترش نفت و گاز پارسيان,2,16000000,458800000000,29010,29010,28340,-670,-2.31,28675,-335,-1.15,28340,29010,1399-7-5
790,سنفت001,سلف موازي استاندارد سنفت001,2,288870,300003049800,1036112,1038540,1038540,2428,0.23,1038540,2428,0.23,1038540,1038540,1399-7-5
791,ضملت8025,اختيارخ وبملت-3616-1399/08/28,2,3,31057500,2022,2500,2500,478,23.64,2500,478,23.64,2500,2500,1399-7-5
792,ضفلا8060,اختيارخ فولاد-3507-1399/08/28,2,4,90048000,16000,14000,14000,-2000,-12.5,14000,-2000,-12.5,14000,14000,1399-7-5
793,ضغدر8045,اختيارخ وغدير-18000-1399/08/26,2,15,38250000,2833,2550,2550,-283,-9.99,2550,-283,-9.99,2550,2550,1399-7-5
794,ضشنا7053,اختيارخ شپنا-3758-1399/07/28,2,3,45007000,20000,15005,15001,-4999,-25.0,15002,-4998,-24.99,15001,15005,1399-7-5
795,ضپنا7039,اختيارخ رمپنا-25556-1399/07/13,2,16,850000,489,100,50,-439,-89.78,53,-436,-89.16,50,100,1399-7-5
796,تملي707,تسهيلات مسكن ب. ملي-مهر97,2,21,9498783,430784,452323,452323,21539,5.0,452323,21539,5.0,430784,452323,1399-7-5
797,ضغدر8040,اختيارخ وغدير-13000-1399/08/26,2,11,66000000,5006,6000,6000,994,19.86,6000,994,19.86,6000,6000,1399-7-5
798,كيش1402,اجاره س. و توسعه كيش14020820,2,1689,1688880000,1000000,980000,1000000,0,0.0,999929,-71,-0.01,980000,1000000,1399-7-5
799,غگز,گز سكه,2,13000,442000000,34000,34000,34000,0,0.0,34000,0,0.0,34000,34000,1399-7-5
800,صايپا012,صكوك مرابحه سايپا012-3ماهه 16%,2,5250,5250000000,1029412,1000000,1000000,-29412,-2.86,1000000,-29412,-2.86,1000000,1000000,1399-7-5
801,ضملي8067,اختيارخ فملي -14750-1399/08/06,2,7,104732000,21360,19000,11933,-9427,-44.13,14962,-6398,-29.95,11933,19000,1399-7-5
802,ضجار7017,اختيارخ وتجارت-1900-1399/07/22,2,6,6402000,1017,1067,1067,50,4.92,1067,50,4.92,1067,1067,1399-7-5
803,شبندر2,پالايش نفت بندرعباس,2,22500000,957325000000,42780,42190,43800,1020,2.38,42548,-232,-0.54,42190,43800,1399-7-5
804,ضجار7028,اختيارخ وتجارت-4000-1399/07/22,2,20,2000000,460,100,100,-360,-78.26,100,-360,-78.26,100,100,1399-7-5
805,ضفلا8081,اختيارخ فولاد-12775-1399/08/28,2,24,201600000,7225,8400,8400,1175,16.26,8400,1175,16.26,8400,8400,1399-7-5
806,تملي709,تسهيلات مسكن ب. ملي-آذر97,1,15,5269860,334595,351324,351324,16729,5.0,351324,16729,5.0,351324,351324,1399-7-5
807,آگاس2,صندوق س.هستي بخش آگاه-س,1,100000,100000,79577,1,1,-79576,-100.0,1,-79576,-100.0,1,1,1399-7-5
808,ضشنا7085,اختيارخ شپنا-37311-1399/07/28,1,1,100000,500,100,100,-400,-80.0,100,-400,-80.0,100,100,1399-7-5
809,وغدير2,سرمايه‌گذاري‌غدير(هلدينگ‌,1,10000000,180600000000,17480,18060,18060,580,3.32,18060,580,3.32,18060,18060,1399-7-5
810,اخزا8122,اسنادخزانه-م12بودجه98-001111,1,137479,109914460500,794348,799500,799500,5152,0.65,799500,5152,0.65,799500,799500,1399-7-5
811,آريان2,سرمايه گذاري پارس آريان,1,87000000,1236444000000,14231,14212,14212,-19,-0.13,14212,-19,-0.13,14212,14212,1399-7-5
812,تملي805,تسهيلات مسكن ب. ملي-مرداد98,1,10,2075100,197629,207510,207510,9881,5.0,207510,9881,5.0,197629,207510,1399-7-5
813,ضگل8061,اختيارخ كگل-17100-1399/08/21,1,1,9000000,10782,9000,9000,-1782,-16.53,9000,-1782,-16.53,9000,9000,1399-7-5
814,صخود412,ص مرابحه خودرو412- 3ماهه 18%,1,10,9850020,985040,985002,985002,-38,0.0,985002,-38,0.0,985002,985002,1399-7-5
815,تملي807,تسهيلات مسكن ب. ملي-مهر98,1,6,1687464,267852,281244,281244,13392,5.0,281244,13392,5.0,267852,281244,1399-7-5
816,تملي702,تسهيلات مسكن ب. ملي-ارديبهشت97,1,10,5229630,498060,522963,522963,24903,5.0,522963,24903,5.0,498060,522963,1399-7-5
817,ضمخا7050,اختيارخ اخابر-14750-1399/07/30,1,17,93500000,5300,5500,5500,200,3.77,5500,200,3.77,5500,5500,1399-7-5
818,اخزا8062,اسنادخزانه-م6بودجه98-000519,1,114714,98815901454,861411,861411,861411,0,0.0,861411,0,0.0,861411,861411,1399-7-5
819,ضفلا8088,اختيارخ فولاد-19775-1399/08/28,1,5,3000000,3001,600,600,-2401,-80.01,600,-2401,-80.01,600,600,1399-7-5
820,ضملي1151,اختيارخ فملي-16224-1399/11/05,1,3,30000000,8388,10000,10000,1612,19.22,10000,1612,19.22,10000,10000,1399-7-5
821,تملي703,تسهيلات مسكن ب. ملي-خرداد97,1,1,286445,272805,286445,286445,13640,5.0,286445,13640,5.0,272805,286445,1399-7-5
822,ضپيك7028,اختيارخ تاپيكو-15370-99/07/20,1,5,30000000,12000,6000,6000,-6000,-50.0,6000,-6000,-50.0,6000,6000,1399-7-5
823,ضخود1045,اختيارخ خودرو-4500-1399/10/07,1,5,2500000,500,500,500,0,0.0,500,0,0.0,500,500,1399-7-5
824,ضچاد7023,اختيارخ كچاد-21300-1399/07/07,1,1,1500000,1500,1500,1500,0,0.0,1500,0,0.0,1500,1500,1399-7-5
825,فولاد2,فولاد مباركه اصفهان,1,20000000,385400000000,19880,19270,19270,-610,-3.07,19270,-610,-3.07,19270,19270,1399-7-5
826,ضجار7015,اختيارخ وتجارت-1700-1399/07/22,1,1,1000000,1251,1000,1000,-251,-20.06,1000,-251,-20.06,1000,1000,1399-7-5
827,نوآور,ص.اعتبارسرمايه نوآفرين35%تاديه,1,1000,420000000,420000,420000,420000,0,0.0,420000,0,0.0,420000,420000,1399-7-5
828,ضترا8030,اختيارخ شتران-8113-1399/08/11,1,1,10001000,14000,10001,10001,-3999,-28.56,10001,-3999,-28.56,10001,10001,1399-7-5
829,تملي801,تسهيلات مسكن ب. ملي-فروردين98,1,7,2439276,331875,348468,348468,16593,5.0,348468,16593,5.0,331875,348468,1399-7-5
830,ضفلا8082,اختيارخ فولاد-13775-1399/08/28,1,4,24000000,6920,6000,6000,-920,-13.29,6000,-920,-13.29,6000,6000,1399-7-5
831,اخزا7032,اسنادخزانه-م3بودجه97-990721,1,290000,287854000000,991001,992600,992600,1599,0.16,992600,1599,0.16,992600,992600,1399-7-5
832,وبملت2,بانك ملت,1,200000000,1182000000000,5730,5910,5910,180,3.14,5910,180,3.14,5910,5910,1399-7-5
833,ضچاد7015,اختيارخ كچاد-12300-1399/07/07,1,1,9000000,9000,9000,9000,0,0.0,9000,0,0.0,9000,9000,1399-7-5
834,صخود0012,ص مرابحه خودرو0012- 3ماهه 18%,1,7,7140000,1020000,1020000,1020000,0,0.0,1020000,0,0.0,1020000,1020000,1399-7-5
835,ضپنا1023,اختيارخ رمپنا-21506-1399/10/09,1,15,90000000,1,6000,6000,5999,599900.0,6000,5999,599900.0,6000,6000,1399-7-5
836,تملي701,تسهيلات مسكن ب. ملي-فروردين97,1,9,5463585,578158,607065,607065,28907,5.0,607065,28907,5.0,578158,607065,1399-7-5
837,آوا2,صندوق س.سهام آواي معيار-س,1,1700000,1700000,11015,1,1,-11014,-99.99,1,-11014,-99.99,1,1,1399-7-5
838,كمند2,صندوق س. با درآمد ثابت كمند,1,15000000,15000000,10120,1,1,-10119,-99.99,1,-10119,-99.99,1,1,1399-7-5
839,اعتماد4,صندوق س.اعتماد آفرين پارسيان-د,1,17217340,560080070200,32486,32530,32530,44,0.14,32530,44,0.14,32472,32530,1399-7-5
840,تملي711,تسهيلات مسكن ب. ملي-بهمن97,1,10,5364720,510926,536472,536472,25546,5.0,536472,25546,5.0,510926,536472,1399-7-5
841,ضغدر8036,اختيارخ وغدير-9500-1399/08/26,1,1,10999000,9999,10999,10999,1000,10.0,10999,1000,10.0,10999,10999,1399-7-5
842,ضخود7065,اختيارخ خودرو-6500-1399/07/09,1,8,8000,10,1,1,-9,-90.0,1,-9,-90.0,1,1,1399-7-5
843,ضپيك7033,اختيارخ تاپيكو-21370-99/07/20,1,1,2000000,1594,2000,2000,406,25.47,2000,406,25.47,2000,2000,1399-7-5
844,ضفلا8076,اختيارخ فولاد-8775-1399/08/28,1,1,11000000,11145,11000,11000,-145,-1.3,11000,-145,-1.3,11000,11000,1399-7-5
845,شپنا2,پالايش نفت اصفهان,1,8000000,222320000000,28520,27790,27790,-730,-2.56,27790,-730,-2.56,27790,27790,1399-7-5
846,ضخود7050,اختيارخ خودرو-1200-1399/07/09,1,1,1957000,1468,1957,1957,489,33.31,1957,489,33.31,1957,1957,1399-7-5
847,ضغدر8048,اختيارخ وغدير-22000-1399/08/26,1,3,4500000,2000,1500,1500,-500,-25.0,1500,-500,-25.0,1500,1500,1399-7-5
848,ضجار7014,اختيارخ وتجارت-1600-1399/07/22,1,10,14500000,1700,1450,1450,-250,-14.71,1450,-250,-14.71,1450,1450,1399-7-5
849,طسان7050,اختيارف پارسان-11000-99/07/15,1,20,1980000,4,99,99,95,2375.0,99,95,2375.0,99,99,1399-7-5
850,تملي706,تسهيلات مسكن ب. ملي-شهريور97,1,2,517050,246215,258525,258525,12310,5.0,258525,12310,5.0,246215,258525,1399-7-5
851,ضملي1153,اختيارخ فملي-20280-1399/11/05,1,1,6000000,7000,6000,6000,-1000,-14.29,6000,-1000,-14.29,6000,6000,1399-7-5
852,تملي712,تسهيلات مسكن ب. ملي-اسفند97,1,10,5499280,523741,549928,549928,26187,5.0,549928,26187,5.0,523741,549928,1399-7-5
853,ضشنا7075,اختيارخ شپنا-18522-1399/07/28,1,1,2000000,9720,2000,2000,-7720,-79.42,2000,-7720,-79.42,2000,2000,1399-7-5
854,كيا,كيا الكترود شرق,1,50000,265000000,4699,5300,5300,601,12.79,5300,601,12.79,5300,5300,1399-7-5
855,تملي710,تسهيلات مسكن ب. ملي-دي97,1,8,3267416,388979,408427,408427,19448,5.0,408427,19448,5.0,388979,408427,1399-7-5
856,فملي2,ملي‌ صنايع‌ مس‌ ايران‌,1,400000,13060000000,33380,32650,32650,-730,-2.19,32650,-730,-2.19,32650,32650,1399-7-5
857,ضغدر8046,اختيارخ وغدير-19000-1399/08/26,1,8,4000000,2450,500,500,-1950,-79.59,500,-1950,-79.59,500,500,1399-7-5
858,ضچاد7017,اختيارخ كچاد-14300-1399/07/07,1,4,29600000,7085,7400,7400,315,4.45,7400,315,4.45,7400,7400,1399-7-5
859,اخزا8112,اسنادخزانه-م11بودجه98-001013,1,172689,139878090000,804112,810000,810000,5888,0.73,810000,5888,0.73,810000,810000,1399-7-5
860,ضغدر8039,اختيارخ وغدير-12000-1399/08/26,1,1,6100000,6000,6100,6100,100,1.67,6100,100,1.67,6100,6100,1399-7-5
861,ضپنا7046,اختيارخ رمپنا-44457-1399/07/13,1,10,100000,50,10,10,-40,-80.0,10,-40,-80.0,10,10,1399-7-5
862,ضسپا8019,اختيارخ خساپا-2600-1399/08/26,1,1,600000,401,600,600,199,49.63,600,199,49.63,600,600,1399-7-5
863,ضملي1152,اختيارخ فملي-18252-1399/11/05,1,1,7000000,6000,7000,7000,1000,16.67,7000,1000,16.67,7000,7000,1399-7-5
864,ارفع2,شركت آهن و فولاد ارفع,1,1086405,21966022695,20219,20219,20219,0,0.0,20219,0,0.0,20219,20219,1399-7-5
865,ضغدر8044,اختيارخ وغدير-17000-1399/08/26,1,6,18714000,2971,3119,3119,148,4.98,3119,148,4.98,3119,3119,1399-7-5
866,اشاد10,مشاركت دولتي10-شرايط خاص001226,1,100,96880000,965000,968800,968800,3800,0.39,968800,3800,0.39,968800,968800,1399-7-5
867,ضخود7063,اختيارخ خودرو-5500-1399/07/09,1,37,185000,3,5,5,2,66.67,5,2,66.67,5,5,1399-7-5
868,ضفلا8080,اختيارخ فولاد-11775-1399/08/28,1,20,179800000,8732,8990,8990,258,2.95,8990,258,2.95,8990,8990,1399-7-5
869,ضپاس7017,اختيارخ وپارس-4400-1399/07/30,1,15,9000000,606,600,600,-6,-0.99,600,-6,-0.99,600,600,1399-7-5
870,ضجار7025,اختيارخ وتجارت-3400-1399/07/22,1,21,441000,389,21,21,-368,-94.6,21,-368,-94.6,21,21,1399-7-5
871,مبين012,اجاره اعتماد مبين تمدن010710,1,200,199400000,982000,997000,997000,15000,1.53,997000,15000,1.53,997000,997000,1399-7-5
872,اخزا8212,اسنادخزانه-م21بودجه98-020906,1,450217,265628030000,586079,590000,590000,3921,0.67,590000,3921,0.67,590000,590000,1399-7-5
873,ضبدر8060,اختيارخ شبندر-29580-1399/08/18,1,2,24000000,13217,12000,12000,-1217,-9.21,12000,-1217,-9.21,12000,12000,1399-7-5
874,ضخود7062,اختيارخ خودرو-5000-1399/07/09,1,71,71000,2,1,1,-1,-50.0,1,-1,-50.0,1,1,1399-7-5
875,تملي802,تسهيلات مسكن ب. ملي-ارديبهشت98,1,10,5794260,551835,579426,579426,27591,5.0,579426,27591,5.0,551835,579426,1399-7-5
876,ضپاس7018,اختيارخ وپارس-4600-1399/07/30,1,100,50000000,545,500,500,-45,-8.26,500,-45,-8.26,500,500,1399-7-5
877,همراه2,شركت ارتباطات سيار ايران,1,4000000,159600000000,40340,39900,39900,-440,-1.09,39900,-440,-1.09,39900,39900,1399-7-5
878,اخزا8092,اسنادخزانه-م9بودجه98-000923,1,111373,91047427500,811996,817500,817500,5504,0.68,817500,5504,0.68,817500,817500,1399-7-5
879,ضخود7046,اختيارخ خودرو-2400-1399/07/09,1,6,2400000,620,400,400,-220,-35.48,400,-220,-35.48,400,400,1399-7-5
880,شتران2,پالايش نفت تهران,1,8500000,210120000000,25780,24720,24720,-1060,-4.11,24720,-1060,-4.11,24720,24720,1399-7-5
881,طفلا8060,اختيارف فولاد-3507-1399/08/28,1,5,804000,75,100,100,25,33.33,100,25,33.33,100,100,1399-7-5
882,ضفار8029,اختيارخ فارس-7326-1399/08/06,1,2,30000000,17087,15000,15000,-2087,-12.21,15000,-2087,-12.21,15000,15000,1399-7-5
883,ضبدر8070,اختيارخ شبندر-59580-1399/08/18,1,4,10000000,1800,2500,2500,700,38.89,2500,700,38.89,2500,2500,1399-7-5
884,ضپاس7019,اختيارخ وپارس-4800-1399/07/30,1,5,505000,880,101,101,-779,-88.52,101,-779,-88.52,101,101,1399-7-5
885,ضغدر8033,اختيارخ وغدير-8010-1399/08/26,1,5,47500000,10000,9500,9500,-500,-5.0,9500,-500,-5.0,9500,9500,1399-7-5
886,تملي804,تسهيلات مسكن ب. ملي-تير98,1,2,481586,229327,240793,240793,11466,5.0,240793,11466,5.0,240793,240793,1399-7-5
887,ضپنا7042,اختيارخ رمپنا-32306-1399/07/13,1,1,10000,20,10,10,-10,-50.0,10,-10,-50.0,10,10,1399-7-5
888,ضفلا8090,اختيارخ فولاد-23775-1399/08/28,1,1,3900000,1500,3900,3900,2400,160.0,3900,2400,160.0,3900,3900,1399-7-5
889,شبريز2,پالايش نفت تبريز,1,7000000,244440000000,35310,34920,34920,-390,-1.1,34920,-390,-1.1,34920,34920,1399-7-5
890,تملي806,تسهيلات مسكن ب. ملي-شهريور98,1,4,646332,153889,161583,161583,7694,5.0,161583,7694,5.0,153889,161583,1399-7-5
891,ضملي8068,اختيارخ فملي -15750-1399/08/06,1,3,32799000,16000,10933,10933,-5067,-31.67,10933,-5067,-31.67,10933,10933,1399-7-5
892,حرهشا,رهشاد سپاهان (سهامي عام,1,88,5316432,62282,60414,60414,-1868,-3.0,62281,-1,0.0,60414,60415,1399-7-5
