,نماد,نام,تعداد,حجم,ارزش,دیروز,اولین,آخرین معامله - مقدار,آخرین معامله - تغییر,آخرین معامله - درصد,قیمت پایانی - مقدار,قیمت پایانی - تغییر,قیمت پایانی - درصد,کمترین,بیشترین,تاریخ
0,دارا يكم,صندوق واسطه گري مالي يكم-سهام,171507,54031352,13245698240570,241180,255200,232200,-8980,-3.72,245150,3970,1.65,230000,262000,1399-6-26
1,امين,تامين سرمايه امين,120094,67767859,1061286118430,15860,16550,15130,-730,-4.6,15660,-200,-1.26,15070,16600,1399-6-26
2,خودرو,ايران‌ خودرو,120082,2593261543,9097595435570,3410,3580,3350,-60,-1.76,3510,100,2.93,3260,3580,1399-6-26
3,فملي,ملي‌ صنايع‌ مس‌ ايران‌,118845,297700691,11010515305520,35390,37150,37130,1740,4.92,36990,1600,4.52,35690,37150,1399-6-26
4,زملارد,كشاورزي و دامپروري ملارد شير,103740,25850921,1023149536208,38907,40852,40852,1945,5.0,39579,672,1.73,36962,40852,1399-6-26
5,سيتا,سرمايه گذاري سيمان تامين,102438,79109077,1745149775170,21830,22920,21260,-570,-2.61,22060,230,1.05,21010,22920,1399-6-26
6,خساپا,سايپا,91015,1826371792,5559674829270,3000,3150,2910,-90,-3.0,3040,40,1.33,2860,3150,1399-6-26
7,وبملت,بانك ملت,89855,1109323077,7046021550470,6280,6540,6270,-10,-0.16,6350,70,1.11,6030,6590,1399-6-26
8,فولاد,فولاد مباركه اصفهان,77447,500745007,10291432370110,19600,20580,20580,980,5.0,20550,950,4.85,20100,20580,1399-6-26
9,غزر,صنعتي زر ماكارون,71339,7718469,563870386550,74450,76800,72200,-2250,-3.02,73050,-1400,-1.88,70730,78170,1399-6-26
10,خگستر,گسترش‌سرمايه‌گذاري‌ايران‌خودرو,69922,685823966,4089340506760,6020,6250,5720,-300,-4.98,5960,-60,-1.0,5720,6310,1399-6-26
11,بگيلان,توسعه مسير برق گيلان,65774,13130137,479351345205,37277,38000,35414,-1863,-5.0,36508,-769,-2.06,35414,39140,1399-6-26
12,وپارس,بانك‌پارسيان‌,63416,1422016445,7519265005740,5490,5550,5220,-270,-4.92,5290,-200,-3.64,5220,5630,1399-6-26
13,وتجارت,بانك تجارت,59486,1151018899,4127653205690,3460,3630,3560,100,2.89,3590,130,3.76,3400,3630,1399-6-26
14,ثبهساز,بهساز كاشانه تهران,58766,80108612,374107218040,4450,4670,4670,220,4.94,4670,220,4.94,4670,4670,1399-6-26
15,آبادا,توليد نيروي برق آبادان,48290,12415486,334314398740,27390,28000,26030,-1360,-4.97,26930,-460,-1.68,26030,28490,1399-6-26
16,آريا,پليمر آريا ساسول,46025,6419595,1123332831075,166653,174985,174985,8332,5.0,174985,8332,5.0,174985,174985,1399-6-26
17,بپيوند,برق و انرژي پيوندگستر پارس,45173,3394799,96833246676,27166,28524,28524,1358,5.0,28524,1358,5.0,28524,28524,1399-6-26
18,رافزا,رايان هم افزا,35149,263329,7833247763,28331,29747,29747,1416,5.0,28539,208,0.73,29747,29747,1399-6-26
19,ذوب,سهامي ذوب آهن  اصفهان,33170,367045103,2577021283426,6744,7081,6930,186,2.76,7021,277,4.11,6792,7081,1399-6-26
20,وبصادر,بانك صادرات ايران,31995,957403658,3981542578740,3970,4160,4160,190,4.79,4160,190,4.79,4040,4160,1399-6-26
21,دي,بانك دي,31567,73540117,3299600840690,43363,45500,44170,807,1.86,44868,1505,3.47,43000,45531,1399-6-26
22,ولپارس,ليزينگ پارسيان,29968,2288511,9176929110,3820,4010,4010,190,4.97,3850,30,0.79,4010,4010,1399-6-26
23,فخوز,فولاد  خوزستان,25856,61075575,3239552953550,51310,53870,51820,510,0.99,53040,1730,3.37,50720,53870,1399-6-26
24,شگويا,پتروشيمي تندگويان,23739,140526255,2378857374877,16134,16940,16940,806,5.0,16928,794,4.92,16501,16940,1399-6-26
25,ثاميد,توسعه و عمران اميد,22605,28895608,63859293680,2110,2210,2210,100,4.74,2210,100,4.74,2210,2210,1399-6-26
26,بركت,گروه دارويي بركت,21873,59535332,1173628473120,20160,20980,19160,-1000,-4.96,19710,-450,-2.23,19160,20990,1399-6-26
27,خپارس,پارس‌ خودرو,21577,149761514,1568583983010,10620,11130,10090,-530,-4.99,10470,-150,-1.41,10090,11150,1399-6-26
28,وخارزم,سرمايه گذاري خوارزمي,19179,238830855,2810639049070,11220,11780,11780,560,4.99,11770,550,4.9,11410,11780,1399-6-26
29,ثاختح,ح . بين‌المللي‌توسعه‌ساختمان,19139,268920547,772601750470,3010,2980,3070,60,1.99,2870,-140,-4.65,2730,3090,1399-6-26
30,شصدفح,ح . صنعتي دوده فام,18131,5049736,98933245630,20294,20700,19600,-694,-3.42,19592,-702,-3.46,19280,20700,1399-6-26
31,تاپيكو,س. نفت و گاز و پتروشيمي تأمين,17820,72047297,1499900344120,20640,21280,20230,-410,-1.99,20820,180,0.87,20090,21570,1399-6-26
32,فارس,صنايع پتروشيمي خليج فارس,15612,78114232,2460663310400,30010,31510,31510,1500,5.0,31500,1490,4.97,30500,31510,1399-6-26
33,چكاپا,گروه صنايع كاغذ پارس,15410,115594035,1311596162810,10830,11370,11370,540,4.99,11350,520,4.8,10950,11370,1399-6-26
34,بجهرم,توسعه مولد نيروگاهي جهرم,14613,119327135,592848479038,4802,5042,4870,68,1.42,4968,166,3.46,4810,5042,1399-6-26
35,غگل,گلوكوزان‌,14489,89182220,578227048150,6610,6850,6280,-330,-4.99,6480,-130,-1.97,6280,6860,1399-6-26
36,كرمان,س. توسعه و عمران استان كرمان,14284,28251988,2480685462766,88969,89530,84521,-4448,-5.0,87806,-1163,-1.31,84521,93410,1399-6-26
37,وغدير,سرمايه‌گذاري‌غدير(هلدينگ‌,13226,124629612,2205908485280,16890,17730,17730,840,4.97,17700,810,4.8,17110,17730,1399-6-26
38,غگيلا,شيرپاستوريزه پگاه گيلان,12781,199357,3195094639,15264,16027,16027,763,5.0,15310,46,0.3,16027,16027,1399-6-26
39,اخابر,مخابرات ايران,11761,54601272,1204189175710,21340,22400,21390,50,0.23,22050,710,3.33,21140,22400,1399-6-26
40,آگاس,صندوق س.هستي بخش آگاه-س,11499,14612388,1200780597850,80026,84000,80790,764,0.95,82176,2150,2.69,80182,84340,1399-6-26
41,تملت,تامين سرمايه بانك ملت,11348,24737168,337294073050,13910,14550,13220,-690,-4.96,13640,-270,-1.94,13220,14550,1399-6-26
42,وساپا,سرمايه‌گذاري‌ سايپا,10934,64133300,794179194020,12640,12950,12010,-630,-4.98,12380,-260,-2.06,12010,13010,1399-6-26
43,دماوند,توليد نيروي برق دماوند,10900,12015620,816337247664,66030,69331,66105,75,0.11,67940,1910,2.89,64285,69331,1399-6-26
44,خبهمن,گروه‌بهمن‌,10871,70222809,1935988152460,28500,29920,27080,-1420,-4.98,27570,-930,-3.26,27080,29920,1399-6-26
45,ختوقا,قطعات‌ اتومبيل‌ ايران‌,10653,106169997,482171118430,4430,4650,4410,-20,-0.45,4540,110,2.48,4290,4650,1399-6-26
46,ثاخت,بين‌المللي‌توسعه‌ساختمان,10562,74586820,394300917960,5170,5420,5170,0,0.0,5290,120,2.32,4980,5420,1399-6-26
47,ماديرا,صنايع ماشين هاي اداري ايران,10533,18063251,735873085819,40144,41300,39100,-1044,-2.6,40739,595,1.48,38900,42151,1399-6-26
48,كدماح,ح . معدني‌ دماوند,10180,10082567,1094659012690,103920,113000,104460,540,0.52,108570,4650,4.47,103920,114290,1399-6-26
49,ومعادن,توسعه‌معادن‌وفلزات‌,10151,104803057,1944093271140,17670,18550,18550,880,4.98,18550,880,4.98,18450,18550,1399-6-26
50,خمحركه,نيرو محركه‌,9646,41613096,399715320320,9770,10130,9290,-480,-4.91,9610,-160,-1.64,9290,10200,1399-6-26
51,ساوه,سيمان ساوه,9027,2619944,197092547120,77519,78100,73644,-3875,-5.0,75228,-2291,-2.96,73644,80200,1399-6-26
52,ولساپا,ليزينگ رايان‌ سايپا,8897,91475252,443955726790,4990,5190,4750,-240,-4.81,4850,-140,-2.81,4750,5190,1399-6-26
53,كاما,باما,8675,6436530,1193103067190,179000,187950,180030,1030,0.58,185360,6360,3.55,179400,187950,1399-6-26
54,نوري,پتروشيمي نوري,8669,5406759,1046149921490,189570,198980,191350,1780,0.94,193490,3920,2.07,186000,199040,1399-6-26
55,وآيند,بانك  آينده,8511,113074323,3148973997877,27388,27450,27935,547,2.0,27849,461,1.68,27051,27935,1399-6-26
56,خكرمان,گروه اقتصادي كرمان خودرو,8127,143959906,1040359448668,7355,7450,7390,35,0.48,7227,-128,-1.74,7135,7499,1399-6-26
57,زكوثر,سرمايه گذاري كشاورزي كوثر,7882,9933855,231850227810,23970,24400,23060,-910,-3.8,23340,-630,-2.63,22780,24900,1399-6-26
58,بترانس,ايران‌ ترانسفو,7813,13529152,587182333630,43720,45400,41990,-1730,-3.96,43400,-320,-0.73,41740,45500,1399-6-26
59,فروي,ذوب روي اصفهان,7750,8218222,503416461084,58652,61584,61584,2932,5.0,61256,2604,4.44,58660,61584,1399-6-26
60,ونوين,بانك‌اقتصادنوين‌,7431,150108623,663372299380,4240,4430,4390,150,3.54,4420,180,4.25,4240,4590,1399-6-26
61,فاراك,ماشين‌ سازي‌ اراك‌,7223,38538505,438147642560,11600,11750,11020,-580,-5.0,11370,-230,-1.98,11020,11970,1399-6-26
62,شصدف,صنعتي دوده فام,7158,284401,5620901364,18823,19764,19764,941,5.0,18923,100,0.53,19764,19764,1399-6-26
63,وپاسار,بانك  پاسارگاد,7120,47658623,535948783700,11000,11530,11130,130,1.18,11250,250,2.27,10900,11550,1399-6-26
64,وگردش,بانك گردشگري,7058,120670695,2383964642218,20000,19512,19410,-590,-2.95,19756,-244,-1.22,19400,20400,1399-6-26
65,پارسان,گسترش نفت و گاز پارسيان,6634,38864354,1125661977020,27640,29020,29020,1380,4.99,28960,1320,4.78,27660,29020,1399-6-26
66,غسالم,سالمين‌,6617,33737699,190891801940,5470,5740,5580,110,2.01,5660,190,3.47,5490,5740,1399-6-26
67,سرو,صندوق س سروسودمند مدبران-سهام,6493,6580832,472667580750,71680,74690,69800,-1880,-2.62,71820,140,0.2,69010,74700,1399-6-26
68,وصنعت,سرمايه گذاري توسعه صنعت وتجارت,6278,30756544,333092368640,10460,10980,10660,200,1.91,10830,370,3.54,10460,10980,1399-6-26
69,چكارن,كارتن‌ ايران‌,6217,39402210,198085308150,5120,5320,4880,-240,-4.69,5030,-90,-1.76,4870,5360,1399-6-26
70,حفاري,حفاري شمال,6167,27818522,367410109420,13490,13550,12820,-670,-4.97,13210,-280,-2.08,12820,13950,1399-6-26
71,غنوش,نوش‌ مازندران‌,6074,8013011,761499994190,97290,96900,92430,-4860,-5.0,95030,-2260,-2.32,92430,100000,1399-6-26
72,ارزش,صندوق س ارزش آفرين بيدار-سهام,6024,30872440,380197363390,12070,12700,11990,-80,-0.66,12320,250,2.07,11800,12890,1399-6-26
73,شيران,س. صنايع‌شيميايي‌ايران,5924,15742940,570573889160,34890,36630,35230,340,0.97,36240,1350,3.87,34900,36630,1399-6-26
74,آريان,سرمايه گذاري پارس آريان,5882,129846644,2055030685437,15985,16300,15700,-285,-1.78,15827,-158,-0.99,15506,16464,1399-6-26
75,شلرد,كود شيميايي اوره لردگان,5838,35161047,463156596166,12062,13200,13020,958,7.94,13172,1110,9.2,12810,13596,1399-6-26
76,كويرح,ح. توليدي فولاد سپيد فراب كوير,5675,23854994,303769201280,12760,13340,12000,-760,-5.96,12730,-30,-0.24,11960,13800,1399-6-26
77,قنيشا,قند  نيشابور,5508,15648698,1549262181470,98630,93700,103560,4930,5.0,99000,370,0.38,93700,103560,1399-6-26
78,وصندوق,سرمايه‌گذاري‌صندوق‌بازنشستگي‌,5278,30791615,580480450210,18460,19300,18370,-90,-0.49,18850,390,2.11,17930,19380,1399-6-26
79,غپينو,پارس‌ مينو,5275,26719224,176534515720,6750,7070,6450,-300,-4.44,6610,-140,-2.07,6420,7070,1399-6-26
80,وتوس,توسعه‌شهري‌توس‌گستر,5179,18959304,563459190720,30810,31200,29270,-1540,-5.0,29720,-1090,-3.54,29270,32330,1399-6-26
81,قرن,پديده شيمي قرن,5123,3123403,184242674930,58860,60500,57010,-1850,-3.14,58990,130,0.22,55920,61700,1399-6-26
82,انرژي3,سايراشخاص بورس انرژي,5070,1230039,542865412260,464560,441340,441340,-23220,-5.0,441340,-23220,-5.0,441340,441340,1399-6-26
83,وبانك,سرمايه گذاري گروه توسعه ملي,4975,38956748,780933450330,19150,20100,20100,950,4.96,20050,900,4.7,19370,20100,1399-6-26
84,غشهداب,كشت و صنعت شهداب ناب خراسان,4952,37098224,211086959720,5859,5900,5567,-292,-4.98,5690,-169,-2.88,5567,6060,1399-6-26
85,وسپه,سرمايه‌گذاري‌ سپه‌,4933,26858759,498741162320,17750,18630,18620,870,4.9,18570,820,4.62,17020,18630,1399-6-26
86,ونيكي,سرمايه‌گذاري‌ ملي‌ايران‌,4859,10539288,448131621590,40810,42850,41990,1180,2.89,42520,1710,4.19,41000,42850,1399-6-26
87,سمگا,گروه سرمايه گذاري ميراث فرهنگي,4844,47058748,895293192685,18670,19000,18230,-440,-2.36,19025,355,1.9,18200,19302,1399-6-26
88,كمند,صندوق س. با درآمد ثابت كمند,4769,298078837,3002338573100,10060,10070,10070,10,0.1,10070,10,0.1,10060,10080,1399-6-26
89,سفارس,سيمان فارس و خوزستان,4677,33467159,621799040880,17780,18660,18450,670,3.77,18580,800,4.5,17980,18660,1399-6-26
90,پاكشو,گروه صنعتي پاكشو,4661,7269122,529842714750,73090,72910,73500,410,0.56,72890,-200,-0.27,70000,75500,1399-6-26
91,دزهراوي,داروسازي‌زهراوي‌,4634,13412548,185027906760,13840,14530,13250,-590,-4.26,13800,-40,-0.29,13150,14530,1399-6-26
92,ورنا,سرمايه‌گذاري‌ رنا(هلدينگ‌,4598,26261384,309922403330,12060,12470,11460,-600,-4.98,11800,-260,-2.16,11460,12500,1399-6-26
93,طلا,صندوق س.پشتوانه طلاي لوتوس,4524,2672173,315558153634,124823,122000,117500,-7323,-5.87,118090,-6733,-5.39,113000,128890,1399-6-26
94,وملل,اعتباري ملل,4452,28824436,452421945992,15277,16040,15310,33,0.22,15696,419,2.74,15010,16040,1399-6-26
95,شاراك,پتروشيمي شازند,4408,25739497,712064816100,26410,27730,27730,1320,5.0,27660,1250,4.73,26850,27730,1399-6-26
96,وخاور,بانك خاورميانه,4373,39140210,462066037640,11290,11790,11540,250,2.21,11810,520,4.61,11450,11850,1399-6-26
97,وليز,ليزينگ‌ايران‌,4319,26264874,270641097500,10740,10210,10210,-530,-4.93,10300,-440,-4.1,10210,10600,1399-6-26
98,آوا,صندوق س.سهام آواي معيار-س,4288,23137675,258394327929,10597,11380,10740,143,1.35,11168,571,5.39,10610,11600,1399-6-26
99,بكهنوج,توليد برق ماهتاب كهنوج,4264,4780056,360756301798,72207,75817,75799,3592,4.97,75471,3264,4.52,72750,75817,1399-6-26
100,ستران,سيمان‌ تهران‌,4236,7219166,304589837310,42900,45000,40790,-2110,-4.92,42190,-710,-1.66,40760,45030,1399-6-26
101,ختور,رادياتور ايران‌,4183,10794690,416370538720,40310,38300,39600,-710,-1.76,38570,-1740,-4.32,38300,39990,1399-6-26
102,پارس,پتروشيمي پارس,4178,2879946,494079374850,166300,174610,169370,3070,1.85,171560,5260,3.16,165510,174610,1399-6-26
103,ومهان,گروه توسعه مالي مهر آيندگان,4166,28029676,526169989669,17911,18806,18806,895,5.0,18772,861,4.81,17240,18806,1399-6-26
104,شسپا,نفت سپاهان,4054,16851013,389272386050,22040,23140,23140,1100,4.99,23100,1060,4.81,22290,23140,1399-6-26
105,شپديس,پتروشيمي پرديس,4024,12627379,1544244204100,116490,122310,122310,5820,5.0,122290,5800,4.98,120600,122310,1399-6-26
106,خاذين,سايپاآذين‌,4018,26602353,222654353340,8620,8500,8190,-430,-4.99,8370,-250,-2.9,8190,8820,1399-6-26
107,فاسمين,كالسيمين‌,3911,9998103,588134148950,56180,58980,58980,2800,4.98,58820,2640,4.7,57000,58980,1399-6-26
108,قثابت,قند ثابت‌ خراسان‌,3908,6592615,657302711660,95070,99820,99820,4750,5.0,99700,4630,4.87,95070,99820,1399-6-26
109,پترول,گروه پتروشيمي س. ايرانيان,3897,19368913,265354108100,13050,13700,13700,650,4.98,13700,650,4.98,13700,13700,1399-6-26
110,همراه,شركت ارتباطات سيار ايران,3890,7487231,346674869960,44660,46890,45100,440,0.99,46300,1640,3.67,44000,46890,1399-6-26
111,حريل,ريل پردازسير,3845,26375571,126390674496,4930,5140,4684,-246,-4.99,4792,-138,-2.8,4684,5140,1399-6-26
112,والبر,سرمايه‌ گذاري‌ البرز(هلدينگ‌,3713,10206540,203352786780,19100,20050,20040,940,4.92,19920,820,4.29,19000,20050,1399-6-26
113,كوير,توليدي فولاد سپيد فراب كوير,3710,8561345,131511841620,15180,15930,14680,-500,-3.29,15360,180,1.19,14430,15930,1399-6-26
114,تاصيكو,سرمايه گذاري صدرتامين,3661,32190606,433585783990,12920,13560,13320,400,3.1,13470,550,4.26,12830,13560,1399-6-26
115,سامان,بانك سامان,3656,45342495,673410324368,14824,15268,14380,-444,-3.0,14852,28,0.19,14380,15268,1399-6-26
116,وسينا,بانك سينا,3620,32684586,435613156990,12880,13520,13060,180,1.4,13330,450,3.49,12600,13520,1399-6-26
117,ختورح,ح . رادياتور ايران‌,3591,11348905,323881019190,26190,27150,28810,2620,10.0,28540,2350,8.97,26740,28810,1399-6-26
118,پتاير,ايران‌ تاير,3425,3001985,333979172580,114680,115100,108950,-5730,-5.0,111250,-3430,-2.99,108950,117000,1399-6-26
119,امين يكم,صندوق درآمد ثابت امين يكم فردا,3390,129947155,1354402590920,10420,10380,10450,30,0.29,10420,0,0.0,10360,10470,1399-6-26
120,وتوكاح,ح . ‌توكافولاد(هلدينگ‌,3370,26257297,266791017683,9751,10550,9850,99,1.02,10161,410,4.2,9500,10600,1399-6-26
121,ثنوسا,نوسازي‌وساختمان‌تهران‌,3324,28759904,367328350900,12960,12900,12320,-640,-4.94,12770,-190,-1.47,12320,13380,1399-6-26
122,ثفارس,عمران‌وتوسعه‌فارس‌,3311,14876219,163515344330,11280,11460,10720,-560,-4.96,10990,-290,-2.57,10720,11460,1399-6-26
123,شاوان,پالايش نفت لاوان,3167,2437410,342166385823,140711,147500,133676,-7035,-5.0,140381,-330,-0.23,133676,147500,1399-6-26
124,كلر,كلر پارس,3101,1375082,101001957632,70763,74301,74301,3538,5.0,73452,2689,3.8,71300,74301,1399-6-26
125,پارند,صندوق س. پارند پايدار سپهر,3070,138586257,1621741809070,11680,11730,11700,20,0.17,11700,20,0.17,11680,11770,1399-6-26
126,پترولح,ح . گروه پتروشيمي س. ايرانيان,3052,7439081,88897017950,10870,11950,11950,1080,9.94,11950,1080,9.94,11950,11950,1399-6-26
127,آسيا,بيمه آسيا,3032,10792941,310264114590,27490,28860,28860,1370,4.98,28750,1260,4.58,27000,28860,1399-6-26
128,وسبحان,سرمايه گذاري سبحان,3021,17870763,180232673408,10234,10350,9829,-405,-3.96,10085,-149,-1.46,9750,10590,1399-6-26
129,ضخود7057,اختيارخ خودرو-4000-1399/07/09,2979,177972,2589298000,157,200,27,-130,-82.8,15,-142,-90.45,5,200,1399-6-26
130,افق,فروشگاههاي زنجيره اي افق كوروش,2924,2893019,212615691220,75730,77290,71950,-3780,-4.99,73490,-2240,-2.96,71950,77290,1399-6-26
131,سشرق,سيمان‌ شرق‌,2821,15010369,122405422570,8380,8550,7970,-410,-4.89,8150,-230,-2.74,7970,8700,1399-6-26
132,عيار,صندوق س. پشتوانه طلاي مفيد,2813,3044758,126795827134,43549,42000,40700,-2849,-6.54,41644,-1905,-4.37,40100,44999,1399-6-26
133,وبوعلي,سرمايه‌گذاري‌بوعلي‌,2794,13445873,127801727180,9460,9840,9770,310,3.28,9500,40,0.42,9000,9900,1399-6-26
134,غويتا,ويتانا,2744,9278646,647442088106,67220,70000,69700,2480,3.69,69778,2558,3.81,65500,70581,1399-6-26
135,ثمسكن,سرمايه‌گذاري‌ مسكن‌,2742,23291348,186029112230,8240,8310,7830,-410,-4.98,7990,-250,-3.03,7830,8390,1399-6-26
136,كسرا,سراميك‌هاي‌صنعتي‌اردكان‌,2718,7257937,187753082840,26600,26300,25270,-1330,-5.0,25870,-730,-2.74,25270,27690,1399-6-26
137,دانا,بيمه دانا,2716,16272074,132697639340,7930,8320,8100,170,2.14,8150,220,2.77,7800,8320,1399-6-26
138,كرماشا,صنايع پتروشيمي كرمانشاه,2709,11424468,550628210640,45990,48280,48000,2010,4.37,48200,2210,4.81,46490,48280,1399-6-26
139,آتيمس,صندوق س.آرمان آتيه درخشان مس-س,2702,1327736,338725597930,254540,264880,251310,-3230,-1.27,255115,575,0.23,245030,264880,1399-6-26
140,ثنور,سرمايه گذاري كوه نور,2678,17799243,150755841783,8661,8600,8490,-171,-1.97,8470,-191,-2.21,8228,9080,1399-6-26
141,وسكاب,س.ص.بازنشستگي كاركنان بانكها,2672,29984995,228635704740,7570,7890,7520,-50,-0.66,7630,60,0.79,7400,7900,1399-6-26
142,وبيمه,سرمايه‌ گذاري‌ صنعت‌ بيمه‌,2668,23532931,95535168720,3650,3970,4040,390,10.68,4060,410,11.23,3850,4160,1399-6-26
143,تنوين,تامين سرمايه نوين,2663,16868551,205168284590,11690,12270,11930,240,2.05,12160,470,4.02,11700,12270,1399-6-26
144,آپ,آسان پرداخت پرشين,2630,6921747,152134807780,21420,22490,21800,380,1.77,21980,560,2.61,20810,22490,1399-6-26
145,سيمرغ,سيمرغ,2620,7303117,143325255940,18980,19920,19200,220,1.16,19630,650,3.42,18900,19920,1399-6-26
146,غمارگ,مارگارين‌,2605,5138237,160697255450,31490,33060,30200,-1290,-4.1,31270,-220,-0.7,29930,33060,1399-6-26
147,فلوله,لوله‌وماشين‌سازي‌ايران‌,2568,8124054,221486111410,28480,27060,27060,-1420,-4.99,27260,-1220,-4.28,27060,28260,1399-6-26
148,كنور,توسعه معدني و صنعتي صبانور,2567,5777950,285468824620,47360,49720,49720,2360,4.98,49410,2050,4.33,47510,49720,1399-6-26
149,فرآور,فرآوري‌موادمعدني‌ايران‌,2549,7446937,196222554590,25150,26200,26400,1250,4.97,26350,1200,4.77,25520,26400,1399-6-26
150,شپترو,پتروشيمي آبادان,2532,17280053,121770889863,7164,7170,6950,-214,-2.99,7047,-117,-1.63,6950,7340,1399-6-26
151,كروي,توسعه‌ معادن‌ روي‌ ايران‌,2512,3470140,146547387570,42200,44310,40580,-1620,-3.84,42230,30,0.07,40100,44310,1399-6-26
152,وبهمن,سرمايه‌گذاري‌بهمن‌,2495,13582261,271478886520,20850,19850,19810,-1040,-4.99,19990,-860,-4.12,19810,20760,1399-6-26
153,رانفور,خدمات‌انفورماتيك‌,2471,7900557,245271169260,29820,31310,31310,1490,5.0,31040,1220,4.09,29900,31310,1399-6-26
154,شبهرن,نفت‌ بهران‌,2464,4520086,326617564630,69230,72690,71900,2670,3.86,72260,3030,4.38,68690,72690,1399-6-26
155,كرازي,كارخانجات‌توليدي‌شيشه‌رازي‌,2463,7443884,140645244210,19550,19500,18580,-970,-4.96,18890,-660,-3.38,18580,20000,1399-6-26
156,كگل,معدني و صنعتي گل گهر,2445,18469926,463041044820,23880,25070,25070,1190,4.98,25070,1190,4.98,25070,25070,1399-6-26
157,تاصيكوح,ح . سرمايه گذاري صدرتامين,2438,15661343,180526753600,11430,11900,11310,-120,-1.05,11530,100,0.87,10510,12300,1399-6-26
158,فزرين,زرين معدن آسيا,2438,11037859,233724584638,20295,21309,20750,455,2.24,21175,880,4.34,20387,21309,1399-6-26
159,جم پيلن,پلي پروپيلن جم - جم پيلن,2429,3167296,297872854760,90800,95340,91000,200,0.22,94050,3250,3.58,90800,95340,1399-6-26
160,اطلس,صندوق س.توسعه اندوخته آينده-س,2427,932025,200489209487,213229,220000,213250,21,0.01,215111,1882,0.88,205200,220050,1399-6-26
161,واميد,گروه مديريت سرمايه گذاري اميد,2423,5000608,225288585450,45630,47400,44120,-1510,-3.31,45050,-580,-1.27,43610,47500,1399-6-26
162,تليسه,دامداري تليسه نمونه,2387,1424231,101741271323,72759,76390,69126,-3633,-4.99,71436,-1323,-1.82,69122,76390,1399-6-26
163,ودي,بيمه  دي,2358,11718709,275808206840,22735,23850,23500,765,3.36,23536,801,3.52,22735,23871,1399-6-26
164,نطرين,عطرين نخ قم,2345,9762283,186182305073,18283,18200,19178,895,4.9,19072,789,4.32,18040,19197,1399-6-26
165,تكمبا,كمباين‌ سازي‌ ايران‌,2309,9287611,101586892290,11190,10900,10640,-550,-4.92,10940,-250,-2.23,10640,11480,1399-6-26
166,ميدكو,هلدينگ صنايع  معدني خاورميانه,2282,15417076,342292225273,21981,22440,22400,419,1.91,22202,221,1.01,21790,22999,1399-6-26
167,خوساز,محورسازان‌ايران‌خودرو,2255,12302637,124869324510,10600,10070,10070,-530,-5.0,10150,-450,-4.25,10070,10480,1399-6-26
168,مبين,مبين انرژي خليج فارس,2213,13826317,397821285880,27630,28450,28270,640,2.32,28770,1140,4.13,27580,29010,1399-6-26
169,ملت,بيمه ملت,2212,10711704,155176607770,14940,15350,14640,-300,-2.01,14490,-450,-3.01,14200,15600,1399-6-26
170,قجام,فرآوردههاي غذايي وقندتربت‌جام‌,2170,7893540,168524653263,21183,20568,21030,-153,-0.72,21350,167,0.79,20548,21818,1399-6-26
171,فيروزه,صندوق شاخص30 شركت فيروزه- سهام,2137,1025021,222725158370,216720,222000,212230,-4490,-2.07,217290,570,0.26,212000,223740,1399-6-26
172,اعتماد,صندوق س.اعتماد آفرين پارسيان-د,2120,75869000,2455992656030,32355,32371,32371,16,0.05,32371,16,0.05,32368,32377,1399-6-26
173,بزاگرسح,ح . نيروگاه زاگرس كوثر,2114,15145000,134851642576,8763,8800,8940,177,2.02,8904,141,1.61,8425,9220,1399-6-26
174,پرديس,سرمايه گذاري پرديس,2109,12917646,118536727610,8910,9350,8930,20,0.22,9180,270,3.03,8820,9350,1399-6-26
175,دتوليد,داروسازي توليد دارو,2090,5406155,214376498574,38551,38790,40729,2178,5.65,39654,1103,2.86,37010,40729,1399-6-26
176,حتايد,تايدواترخاورميانه,2076,13093265,280610915630,20690,21720,20620,-70,-0.34,21430,740,3.58,20000,21720,1399-6-26
177,وساخت,سرمايه‌ گذاري‌ ساختمان‌ايران‌,2055,2620033,124533201850,47760,50140,45890,-1870,-3.92,47530,-230,-0.48,45500,50140,1399-6-26
178,سرچشمه,سرمايه گذاري مس سرچشمه,2047,21860099,223851584367,9763,10251,10251,488,5.0,10240,477,4.89,9898,10251,1399-6-26
179,كبافق,معادن‌ بافق‌,2046,2063004,74290649570,36600,37500,35130,-1470,-4.02,36010,-590,-1.61,34810,38200,1399-6-26
180,فولاژ,فولاد آلياژي ايران,2041,5462857,160612798630,28120,29520,29520,1400,4.98,29400,1280,4.55,28140,29520,1399-6-26
181,وگستر,گسترش سرمايه گذاري ايرانيان,2036,7745677,173245673273,22902,23100,21757,-1145,-5.0,22367,-535,-2.34,21757,23800,1399-6-26
182,فباهنر,مس‌ شهيدباهنر,2026,2098241,142825750910,65430,68700,67000,1570,2.4,68070,2640,4.03,65630,68700,1399-6-26
183,رنيك,جنرال مكانيك,2016,8467313,232192794590,26258,26500,27570,1312,5.0,27422,1164,4.43,26260,27570,1399-6-26
184,افقح,ح .فروشگاه زنجيره اي افق كوروش,2009,2685455,181008904360,69520,70170,66060,-3460,-4.98,67400,-2120,-3.05,65170,72100,1399-6-26
185,كهمدا,شيشه‌ همدان‌,1974,5101282,146450045080,27370,28730,28730,1360,4.97,28710,1340,4.9,28000,28730,1399-6-26
186,چدن,توليدي چدن سازان,1967,4957010,147237108330,29470,30540,28280,-1190,-4.04,29700,230,0.78,28220,30940,1399-6-26
187,كحافظ,كاشي‌ وسراميك‌ حافظ‌,1959,9673464,148319895960,14620,15350,15350,730,4.99,15330,710,4.86,14700,15350,1399-6-26
188,ولصنم,ليزينگ‌صنعت‌ومعدن‌,1943,10005309,110704707880,11450,11850,10880,-570,-4.98,11060,-390,-3.41,10880,11850,1399-6-26
189,ميهن,بيمه ميهن,1942,30255800,173260590661,5900,5705,5605,-295,-5.0,5727,-173,-2.93,5605,6050,1399-6-26
190,نوين,بيمه نوين,1926,10410813,69833328760,6789,7100,6450,-339,-4.99,6708,-81,-1.19,6450,7128,1399-6-26
191,وتوكا,سرمايه‌گذاري‌توكافولاد(هلدينگ,1926,21188345,255090381010,11480,12050,12050,570,4.97,12040,560,4.88,11600,12050,1399-6-26
192,وپترو,سرمايه‌گذاري صنايع پتروشيمي‌,1925,10950845,188769877670,16550,17370,17370,820,4.95,17240,690,4.17,15740,17370,1399-6-26
193,مارون,پتروشيمي مارون,1922,2361456,332924383677,135335,142101,140000,4665,3.45,140983,5648,4.17,135400,142101,1399-6-26
194,وآوا,سرمايه گذاري آوا نوين,1910,4691396,63131229133,13801,14250,13150,-651,-4.72,13457,-344,-2.49,13111,14279,1399-6-26
195,غشان,شيرپاستوريزه‌پگاه‌خراسان‌,1902,2195633,129735822380,59360,59170,60000,640,1.08,59090,-270,-0.45,56600,60500,1399-6-26
196,سصوفي,سيمان‌ صوفيان‌,1892,3429478,69479914330,20750,20110,19720,-1030,-4.96,20260,-490,-2.36,19720,21230,1399-6-26
197,وبشهر,توسعه‌ صنايع‌ بهشهر(هلدينگ,1885,14598043,254657240630,16640,17470,17460,820,4.93,17440,800,4.81,16900,17470,1399-6-26
198,وصنا,گروه‌صنايع‌بهشهرايران‌,1878,10174404,113456983350,11440,11770,11060,-380,-3.32,11150,-290,-2.53,10870,11770,1399-6-26
199,خمهر,مهركام‌پارس‌,1850,9151380,80144084940,8920,9000,8480,-440,-4.93,8760,-160,-1.79,8480,9110,1399-6-26
200,فخاسح,ح . فولاد خراسان,1845,2467764,85900896180,34500,36180,33110,-1390,-4.03,34810,310,0.9,32000,37320,1399-6-26
201,توريل,توکاريل,1822,10402737,182598479550,16741,17578,17578,837,5.0,17553,812,4.85,16800,17578,1399-6-26
202,پكرمان,گروه‌ صنعتي‌ بارز,1814,5394839,118829147700,22500,22610,21380,-1120,-4.98,22030,-470,-2.09,21380,23600,1399-6-26
203,سمازن,سيمان‌مازندران‌,1812,8501740,88060535550,10740,10750,10210,-530,-4.93,10360,-380,-3.54,10210,10990,1399-6-26
204,شراز,پالايش نفت شيراز,1784,2227087,263896860006,115500,121275,114400,-1100,-0.95,118494,2994,2.59,111100,121275,1399-6-26
205,سپاها,سيمان‌سپاهان‌,1773,8971221,91856901370,10510,10880,9990,-520,-4.95,10240,-270,-2.57,9990,10880,1399-6-26
206,دبالك,مواد اوليه دارويي البرز بالك,1755,6050772,116451082756,19682,20000,18700,-982,-4.99,19246,-436,-2.22,18698,20140,1399-6-26
207,وتوسم,سرمايه‌گذاري‌توسعه‌ملي‌,1750,15673982,217215964560,13210,13870,13810,600,4.54,13860,650,4.92,13370,13870,1399-6-26
208,مفاخر,توسعه فناوري اطلاعات خوارزمي,1744,2771557,146720601765,53645,56327,50963,-2682,-5.0,52938,-707,-1.32,50963,56327,1399-6-26
209,پكوير,كوير تاير,1699,3588913,56563481530,16200,17010,15390,-810,-5.0,15760,-440,-2.72,15390,17010,1399-6-26
210,كيميا,معدني كيمياي زنجان گستران,1699,2808741,84356956176,31004,32180,29454,-1550,-5.0,30034,-970,-3.13,29454,32275,1399-6-26
211,آ س پ,آ.س.پ,1698,7326284,118382401826,15512,16287,16287,775,5.0,16159,647,4.17,14900,16287,1399-6-26
212,قزوين,كارخانجات‌ قند قزوين‌,1690,5943718,236656675190,41040,39200,39000,-2040,-4.97,39820,-1220,-2.97,38990,42300,1399-6-26
213,كچاد,معدني‌وصنعتي‌چادرملو,1681,11692096,241207940480,19650,20630,20630,980,4.99,20630,980,4.99,20630,20630,1399-6-26
214,بساما,بيمه سامان,1670,8806884,224857802982,26653,26250,25321,-1332,-5.0,25532,-1121,-4.21,25321,27100,1399-6-26
215,بفجر,فجر انرژي خليج فارس,1635,8746067,277673494960,30250,31750,31760,1510,4.99,31750,1500,4.96,31000,31760,1399-6-26
216,كاردان,صندوق س تجارت شاخصي كاردان,1632,921320,200943005060,212560,222210,212030,-530,-0.25,218100,5540,2.61,212000,227990,1399-6-26
217,وپست,پست بانك ايران,1622,9289901,110847826290,11960,12480,11720,-240,-2.01,11930,-30,-0.25,11510,12510,1399-6-26
218,شپاكسا,پاكسان‌,1579,4471768,137133632410,30000,31360,30550,550,1.83,30670,670,2.23,28800,31500,1399-6-26
219,افق ملت,صندوق س در سهام افق ملت,1576,560584,90643848020,159830,163000,158000,-1830,-1.14,161700,1870,1.17,155000,169000,1399-6-26
220,سپ,پرداخت الكترونيك سامان كيش,1536,2158807,51769427250,23770,24840,23110,-660,-2.78,23980,210,0.88,23000,24950,1399-6-26
221,خرينگ,رينگ‌سازي‌مشهد,1521,2701965,78798383040,29770,28830,28500,-1270,-4.27,29160,-610,-2.05,28290,30500,1399-6-26
222,زر,صندوق س.پشتوانه سكه طلاي زر,1521,1463529,94295461644,64662,64000,63940,-722,-1.12,64430,-232,-0.36,62500,66500,1399-6-26
223,شيراز,پتروشيمي‌شيراز,1509,7449941,529608374800,68040,71440,71440,3400,5.0,71090,3050,4.48,68040,71440,1399-6-26
224,شجم,صنايع پتروشيمي تخت جمشيد,1509,7672245,77845603279,10213,10214,9930,-283,-2.77,10146,-67,-0.66,9907,10519,1399-6-26
225,دتوزيع,توزيع دارو پخش,1503,1226518,67506310193,57376,59000,54508,-2868,-5.0,55039,-2337,-4.07,54508,59000,1399-6-26
226,شپلي,پلي اكريل ايران,1502,15440149,131754833954,8779,8516,8516,-263,-3.0,8533,-246,-2.8,8516,8700,1399-6-26
227,وهور,مديريت انرژي اميد  تابان هور,1501,7058081,307822798064,45562,45000,43284,-2278,-5.0,43613,-1949,-4.28,43284,45562,1399-6-26
228,بپاس,بيمه پاسارگاد,1480,9378173,507290673026,49372,51850,54442,5070,10.27,54093,4721,9.56,51850,54442,1399-6-26
229,كاريس,صندوق س.سپهر كاريزما-س,1470,1635999,380038233211,229706,238500,226001,-3705,-1.61,232297,2591,1.13,226000,240000,1399-6-26
230,وزمين,بانك ايران زمين,1466,7096107,133658490910,18808,19184,18432,-376,-2.0,18835,27,0.14,18432,19184,1399-6-26
231,خكاوه,سايپا ديزل,1446,10503637,71526657677,6910,6940,6703,-207,-3.0,6810,-100,-1.45,6703,6990,1399-6-26
232,فروس,فروسيليس‌ ايران‌,1445,3033212,70667224800,24040,24900,22840,-1200,-4.99,23300,-740,-3.08,22840,25110,1399-6-26
233,قصفها,قنداصفهان‌,1417,477231,93892079360,189100,198550,197010,7910,4.18,196740,7640,4.04,189220,198550,1399-6-26
234,غصينو,صنعتي مينو,1410,3157848,101080342971,32626,33500,31648,-978,-3.0,32009,-617,-1.89,31648,33500,1399-6-26
235,تماوند,تامين سرمايه دماوند,1386,26162727,341498791662,13449,13210,13046,-403,-3.0,13053,-396,-2.94,13046,13300,1399-6-26
236,دعبيد,لابراتوارداروسازي‌  دكترعبيدي‌,1376,1055931,37785627560,35310,36900,34040,-1270,-3.6,35590,280,0.79,34000,36900,1399-6-26
237,اعتلا,شركت سرمايه گذاري اعتلاء البرز,1371,5933925,75591407929,13049,12900,12397,-652,-5.0,12739,-310,-2.38,12397,13600,1399-6-26
238,كگازح,ح . شيشه‌ و گاز,1361,5124989,100023210310,17830,19610,19610,1780,9.98,19520,1690,9.48,18000,19610,1399-6-26
239,دكوثر,داروسازي‌ كوثر,1356,3057570,83626648900,28240,28200,26830,-1410,-4.99,27350,-890,-3.15,26830,28700,1399-6-26
240,ددام,داروسازي زاگرس فارمد پارس,1348,4669038,68958773150,15410,15500,14650,-760,-4.93,14770,-640,-4.15,14640,15790,1399-6-26
241,شپاس,نفت پاسارگاد,1342,3165318,77661648632,25259,26450,23997,-1262,-5.0,24535,-724,-2.87,23997,26450,1399-6-26
242,سيدكو,سرمايه گذاري توسعه صنايع سيمان,1304,7081441,57795562760,7880,8230,8050,170,2.16,8160,280,3.55,7980,8270,1399-6-26
243,دسبحان,سبحان دارو,1292,2380268,47059170110,20330,21340,19600,-730,-3.59,19770,-560,-2.75,19320,21340,1399-6-26
244,ثشاهد,سرمايه‌ گذاري‌ شاهد,1285,1849928,92792388480,52790,50160,50160,-2630,-4.98,50160,-2630,-4.98,50160,50160,1399-6-26
245,واتي,سرمايه‌ گذاري‌ آتيه‌ دماوند,1275,14749513,208519707710,13520,14190,13970,450,3.33,14140,620,4.59,13740,14190,1399-6-26
246,شگل,گلتاش‌,1258,3738218,120657125440,31020,32570,31830,810,2.61,32280,1260,4.06,31020,32570,1399-6-26
247,كيان,صندوق س. با درآمد ثابت كيان,1246,49927036,1262855719410,25250,25250,25300,50,0.2,25290,40,0.16,25250,25400,1399-6-26
248,ركيش,كارت اعتباري ايران كيش,1244,4689036,82628159900,18110,17300,17210,-900,-4.97,17620,-490,-2.71,17210,18600,1399-6-26
249,بهپاك,صنعتي بهپاك,1241,1616843,62042772519,39458,41430,37580,-1878,-4.76,38373,-1085,-2.75,37486,41430,1399-6-26
250,شكربن,كربن‌ ايران‌,1235,1680316,106935976520,65710,66980,62440,-3270,-4.98,63640,-2070,-3.15,62430,68790,1399-6-26
251,فسرب,ملي‌ سرب‌وروي‌ ايران‌,1230,1080467,139943118260,124360,130570,129540,5180,4.17,129520,5160,4.15,118150,130570,1399-6-26
252,داوه,داروسازي آوه سينا,1227,1819298,35649599551,20301,20301,19286,-1015,-5.0,19750,-551,-2.71,19286,20850,1399-6-26
253,دتمادح,ح . توليدمواداوليه‌داروپخش‌,1206,1590620,58561062400,34530,35550,35600,1070,3.1,36820,2290,6.63,34500,37980,1399-6-26
254,شبصير,توليدات پتروشيمي قائد بصير,1201,1448520,180452635916,123188,129000,127300,4112,3.34,124577,1389,1.13,117029,129347,1399-6-26
255,غمينو,شركت صنايع غذايي مينو شرق,1197,3463914,53611996977,16200,15990,15390,-810,-5.0,15477,-723,-4.46,15390,16010,1399-6-26
256,فسپا,گروه‌صنعتي‌سپاهان‌,1195,2355524,116798101580,50640,51200,48110,-2530,-5.0,49580,-1060,-2.09,48110,52840,1399-6-26
257,شپارسح,ح . بين‌ المللي‌محصولات پارس‌,1193,3006541,40565629340,12837,14000,13390,553,4.31,13492,655,5.1,12837,14000,1399-6-26
258,فايرا,آلومينيوم‌ايران‌,1192,7344060,145045759810,18830,19770,19770,940,4.99,19750,920,4.89,19000,19770,1399-6-26
259,هرمز,فولاد هرمزگان جنوب,1185,8313994,116853185670,13386,14055,14055,669,5.0,13942,556,4.15,14055,14055,1399-6-26
260,اپرداز,آتيه داده پرداز,1181,4018192,115202291379,27740,29000,28983,1243,4.48,28670,930,3.35,27220,29127,1399-6-26
261,زشگزا,شير و گوشت زاگرس شهركرد,1179,2082573,202266925202,101971,101000,96874,-5097,-5.0,97124,-4847,-4.75,96873,101000,1399-6-26
262,شپارس,بين‌ المللي‌ محصولات‌  پارس‌,1172,4013197,63946433000,16400,16550,15710,-690,-4.21,15930,-470,-2.87,15580,16980,1399-6-26
263,وايران,ليزينگ ايرانيان,1165,4953323,56860849270,11740,12000,11160,-580,-4.94,11480,-260,-2.21,11160,12000,1399-6-26
264,گكوثر,هتل پارسيان كوثر اصفهان,1162,436286,85254129293,200057,201120,190055,-10002,-5.0,195409,-4648,-2.32,190055,205990,1399-6-26
265,خشرق,الكتريك‌ خودرو شرق‌,1141,2626853,52118247580,20100,20500,19100,-1000,-4.98,19840,-260,-1.29,19100,20960,1399-6-26
266,بموتو,موتوژن‌,1138,1361093,66193170910,48210,50600,48450,240,0.5,48630,420,0.87,47000,50600,1399-6-26
267,وهنر,گروه توسعه هنر ايران,1131,11521452,62377363990,5668,5420,5400,-268,-4.73,5414,-254,-4.48,5385,5755,1399-6-26
268,لوتوس,تامين سرمايه لوتوس پارسيان,1131,4174564,67440001650,15560,16330,16320,760,4.88,16150,590,3.79,15500,16330,1399-6-26
269,زقيام,كشت و دام قيام اصفهان,1126,2168602,67308263358,32461,32000,30838,-1623,-5.0,31038,-1423,-4.38,30838,33000,1399-6-26
270,غشهد,شهد ايران ‌,1105,5117209,40837821920,8280,8110,7870,-410,-4.95,8010,-270,-3.26,7870,8350,1399-6-26
271,خكار,ايركا پارت صنعت,1080,2301391,88779105190,39050,39490,37100,-1950,-4.99,38580,-470,-1.2,37100,39490,1399-6-26
272,فسازان,غلتك سازان سپاهان,1070,2081105,85658281800,39200,41160,41160,1960,5.0,41160,1960,5.0,41160,41160,1399-6-26
273,كالا,بورس كالاي ايران,1040,1565332,74353270000,45240,47500,47500,2260,5.0,47500,2260,5.0,47500,47500,1399-6-26
274,دسانكو,داروسازي سبحان انكولوژي,1026,2050738,38103464857,18819,19750,18260,-559,-2.97,18626,-193,-1.03,17880,19750,1399-6-26
275,زگلدشت,كشت و دام گلدشت نمونه اصفهان,1014,691892,28703240444,42199,43490,40090,-2109,-5.0,41755,-444,-1.05,40090,44128,1399-6-26
276,غبهنوش,بهنوش‌ ايران‌,1006,1513599,100292068970,68950,66000,65510,-3440,-4.99,66260,-2690,-3.9,65510,71300,1399-6-26
277,غبشهر,صنعتي‌ بهشهر,1005,3810774,83535022270,21340,22400,21970,630,2.95,21920,580,2.72,20700,22400,1399-6-26
278,كگهر,سنگ آهن گهرزمين,996,5432506,268099603606,47001,49351,49351,2350,5.0,49351,2350,5.0,49351,49351,1399-6-26
279,كتوكا,توليدي و خدمات صنايع نسوز توكا,989,363324,55389523993,154889,162590,147145,-7744,-5.0,152452,-2437,-1.57,147145,162590,1399-6-26
280,افرا,افرانت,985,2039404,140610028347,68932,68000,65486,-3446,-5.0,68947,15,0.02,65486,72378,1399-6-26
281,دامين,داروسازي‌ امين‌,978,2984243,44054294410,14100,14800,14550,450,3.19,14670,570,4.04,14300,14800,1399-6-26
282,دتماد,توليدمواداوليه‌داروپخش‌,966,1901685,76838767380,38770,40700,40200,1430,3.69,40410,1640,4.23,39000,40700,1399-6-26
283,فخاس,فولاد خراسان,965,2067339,83582515770,38510,40430,40430,1920,4.99,39920,1410,3.66,40430,40430,1399-6-26
284,اميد,تامين سرمايه اميد,960,6460582,113429374790,18430,18300,17510,-920,-4.99,17560,-870,-4.72,17510,18300,1399-6-26
285,اعتلاح,ح سرمايه گذاري اعتلاء البرز,957,4816836,44692606187,9221,9682,8780,-441,-4.78,9278,57,0.62,8760,9682,1399-6-26
286,سقاين,سيمان‌ قائن‌,957,2548736,114984941180,47390,45030,46000,-1390,-2.93,45110,-2280,-4.81,45030,47390,1399-6-26
287,زفكا,كشت و دامداري فكا,956,1046682,49279904037,44994,46999,47243,2249,5.0,46661,1667,3.7,46090,47243,1399-6-26
288,شسينا,صنايع‌شيميايي‌سينا,942,233556,125631074840,515470,541200,541240,25770,5.0,537910,22440,4.35,517000,541240,1399-6-26
289,بكام,كارخانجات توليدي شهيد قندي,936,4678684,32984722200,7420,7050,7050,-370,-4.99,7130,-290,-3.91,7050,7050,1399-6-26
290,سدور,سيمان‌ دورود,928,5539950,48430805630,9060,9000,8610,-450,-4.97,8740,-320,-3.53,8610,9180,1399-6-26
291,فاما,صنعتي‌ آما,893,2383505,46323426450,20040,20480,19040,-1000,-4.99,19460,-580,-2.89,19040,20480,1399-6-26
292,لابسا,آبسال‌,892,1513693,52855280780,36200,36500,34390,-1810,-5.0,34920,-1280,-3.54,34390,36500,1399-6-26
293,ارفع,شركت آهن و فولاد ارفع,883,4798334,84575435084,16787,17626,17626,839,5.0,17626,839,5.0,17626,17626,1399-6-26
294,لسرما,سرما آفرين‌,878,1599155,42000704970,27290,25930,25930,-1360,-4.98,26390,-900,-3.3,25930,27490,1399-6-26
295,كفرآور,فرآورده هاي سيمان شرق,874,3467001,65140502974,18788,19000,19010,222,1.18,18789,1,0.01,18000,19500,1399-6-26
296,غديس,پاكديس,871,1614585,59271884869,37899,38000,36005,-1894,-5.0,36710,-1189,-3.14,36005,39000,1399-6-26
297,غشوكوح,ح . شوكو پارس,870,1775599,41825454466,22902,23589,23589,687,3.0,23556,654,2.86,22902,23589,1399-6-26
298,آساس,صندوق س.آسمان آرماني سهام-س,869,524366,91320724590,173559,178999,172500,-1059,-0.61,174155,596,0.34,170554,179190,1399-6-26
299,سكرد,سيمان كردستان,858,3050430,34069685110,11370,11280,10810,-560,-4.93,11220,-150,-1.32,10810,11550,1399-6-26
300,ثشرقح,ح. سرمايه گذاري مسكن شمال شرق,855,4585755,23699162940,5350,5300,4950,-400,-7.48,5170,-180,-3.36,4900,5640,1399-6-26
301,بزاگرس,نيروگاه زاگرس كوثر,845,3824847,62937297224,17111,16260,16256,-855,-5.0,16455,-656,-3.83,16256,17111,1399-6-26
302,سخزر,سيمان‌ خزر,841,1360555,42814757170,32920,31310,31280,-1640,-4.98,31480,-1440,-4.37,31280,32890,1399-6-26
303,تبرك,گروه كارخانجات صنعتي تبرك,839,1440491,43497066236,31785,30196,30196,-1589,-5.0,30240,-1545,-4.86,30196,30196,1399-6-26
304,تپولا,مهندسي مرآت پولاد,835,5508306,94781013508,16982,17491,16473,-509,-3.0,17207,225,1.32,16473,17491,1399-6-26
305,وسين,بيمه سينا,832,3831760,94018677261,24166,24850,23820,-346,-1.43,24537,371,1.54,23740,24890,1399-6-26
306,دكپسول,توليد ژلاتين كپسول ايران,810,660333,27107034868,41391,42788,39323,-2068,-5.0,41201,-190,-0.46,39322,43460,1399-6-26
307,بخاور,بيمه زندگي خاورميانه,809,3813044,30400366766,8114,8001,7920,-194,-2.39,8026,-88,-1.08,7750,8290,1399-6-26
308,كوثر,بيمه كوثر,804,3090372,47667067139,15699,16290,14915,-784,-4.99,15431,-268,-1.71,14915,16290,1399-6-26
309,وپويا,سرمايه گذاري پويا,795,1389377,17264398602,13080,12426,12426,-654,-5.0,12826,-254,-1.94,12426,12426,1399-6-26
310,سدبير,س. تدبيرگران فارس وخوزستان,795,3765489,97102467279,24633,24500,25864,1231,5.0,25787,1154,4.68,24380,25864,1399-6-26
311,ونفت,سرمايه‌گذاري‌ صنعت‌ نفت‌,790,4231539,63176877270,14220,14930,14930,710,4.99,14930,710,4.99,14930,14930,1399-6-26
312,گوهران,سرمايه گذاري توسعه گوهران اميد,782,12642169,137729078745,10377,10895,10895,518,4.99,10894,517,4.98,10568,10895,1399-6-26
313,ديران,ايران‌دارو,781,1529938,36036369070,25390,24600,23370,-2020,-7.96,23870,-1520,-5.99,23370,24600,1399-6-26
314,لخزر,پارس‌ خزر,776,669762,153314007230,233350,221690,221690,-11660,-5.0,228910,-4440,-1.9,221690,245000,1399-6-26
315,قشكر,شكرشاهرود,774,991658,47490026870,48880,46460,46440,-2440,-4.99,47890,-990,-2.03,46440,51240,1399-6-26
316,سكرما,سيمان‌ كرمان‌,768,3213012,55829030360,18100,17410,17200,-900,-4.97,17380,-720,-3.98,17200,18200,1399-6-26
317,غگلستا,شير پاستوريزه پگاه گلستان,759,2702801,43502757548,18111,16910,16065,-2046,-11.3,16138,-1973,-10.89,16065,16910,1399-6-26
318,تسه9905,امتياز تسهيلات مسكن مرداد99,758,55979,43862500566,800302,840317,780000,-20302,-2.54,783553,-16749,-2.09,771200,840317,1399-6-26
319,وآرين,شركت توسعه اقتصادي آرين,757,4163412,23516702734,5734,5900,5562,-172,-3.0,5648,-86,-1.5,5562,5900,1399-6-26
320,حتوكا,حمل‌ونقل‌توكا,751,2516364,40200964020,16520,16500,15700,-820,-4.96,16010,-510,-3.09,15700,16900,1399-6-26
321,ومعلم,بيمه معلم,751,2553206,44695224359,17994,18300,17095,-899,-5.0,17506,-488,-2.71,17095,18660,1399-6-26
322,دسبحاح,ح .گروه دارويي سبحان,750,869615,14716367290,16350,17990,16200,-150,-0.92,16920,570,3.49,15200,17990,1399-6-26
323,خزر,فنرسازي‌زر,748,3788652,34762282770,9500,9300,9030,-470,-4.95,9250,-250,-2.63,9030,9600,1399-6-26
324,درهآور,دارويي ره آورد تامين,745,702696,22323892780,32876,33000,31233,-1643,-5.0,32340,-536,-1.63,31233,33670,1399-6-26
325,شفا,سرمايه گذاري شفادارو,741,2043906,121842842300,58380,61290,61000,2620,4.49,59610,1230,2.11,55510,61290,1399-6-26
326,حخزر,كشتيراني درياي خزر,740,2846725,77687172017,28545,28450,27118,-1427,-5.0,27290,-1255,-4.4,27118,28990,1399-6-26
327,پخش,پخش البرز,731,1296820,42298626932,31689,33273,32499,810,2.56,32514,825,2.6,30700,33273,1399-6-26
328,تايرا,تراكتورسازي‌ايران‌,728,1332101,33315082800,25670,25970,24390,-1280,-4.99,25190,-480,-1.87,24390,26200,1399-6-26
329,شفارس,صنايع‌ شيميايي‌ فارس‌,726,1211869,42648181660,36160,35610,34360,-1800,-4.98,35200,-960,-2.65,34360,37490,1399-6-26
330,ثپرديسح,ح.سرمايه گذاري مسكن پرديس,726,1556131,13548887260,8504,8929,8505,1,0.01,8707,203,2.39,8400,8929,1399-6-26
331,ارفعح,ح.شركت آهن و فولاد ارفع,721,823003,11400237556,13193,13852,13852,659,5.0,13852,659,5.0,13852,13852,1399-6-26
332,شنفت,نفت‌ پارس‌,720,569598,39034003620,66590,69910,67820,1230,1.85,67690,1100,1.65,64000,69910,1399-6-26
333,بنيرو,نيروترانس‌,716,481296,34428160900,74660,70930,70930,-3730,-5.0,72350,-2310,-3.09,70930,74370,1399-6-26
334,زنجان,صنايع كشاورزي وكود زنجان,708,4085955,29266525881,7330,7266,7111,-219,-2.99,7163,-167,-2.28,7111,7400,1399-6-26
335,كفرا,فراورده‌ هاي‌ نسوزايران‌,705,944794,41043640630,41480,43450,43550,2070,4.99,43090,1610,3.88,42120,43550,1399-6-26
336,مداران,داده‌پردازي‌ايران‌,702,2130214,68624743400,33570,32500,31900,-1670,-4.97,32210,-1360,-4.05,31900,34200,1399-6-26
337,ولشرق,ليزينگ ايران و شرق,700,5328429,48297929432,9272,9350,8809,-463,-4.99,9064,-208,-2.24,8809,9450,1399-6-26
338,ساروم,سيمان‌اروميه‌,700,1965054,50512342910,24490,25710,25710,1220,4.98,25660,1170,4.78,25070,25710,1399-6-26
339,شوينده,مديريت صنعت شوينده ت.ص.بهشهر,698,3150296,124918785670,37820,39710,39710,1890,5.0,39650,1830,4.84,37610,39710,1399-6-26
340,هجرت,پخش هجرت,694,714681,46317548242,67121,63800,63765,-3356,-5.0,64809,-2312,-3.44,63765,68240,1399-6-26
341,اوان,مبين وان كيش,678,864854,43678419914,52169,52290,49561,-2608,-5.0,50519,-1650,-3.16,49561,52800,1399-6-26
342,گوهر,صندوق سكه طلاي كيان,673,667811,50674999458,77565,77000,74996,-2569,-3.31,75882,-1683,-2.17,74001,79000,1399-6-26
343,ساراب,سيمان‌ داراب‌,663,1565819,20032187510,13220,13010,12560,-660,-4.99,13040,-180,-1.36,12560,13460,1399-6-26
344,كاوه,فولاد كاوه جنوب كيش,663,16804482,416078974320,23590,24760,24760,1170,4.96,24760,1170,4.96,24760,24760,1399-6-26
345,سرود,سيمان‌شاهرود,644,1931700,30451121020,16420,17000,15600,-820,-4.99,15980,-440,-2.68,15600,17000,1399-6-26
346,خديزل,بهمن  ديزل,643,2819816,115894703930,41192,42987,40996,-196,-0.48,41100,-92,-0.22,39240,42987,1399-6-26
347,شتوكا,توكا رنگ فولاد سپاهان,642,1136385,38206095008,35072,34111,33319,-1753,-5.0,33846,-1226,-3.5,33319,35699,1399-6-26
348,سغرب,سيمان‌غرب‌,635,1231705,26602309950,22480,22700,21360,-1120,-4.98,21960,-520,-2.31,21360,22880,1399-6-26
349,زپارس,ملي كشت و صنعت و دامپروري پارس,631,886261,67563217370,78640,82490,74710,-3930,-5.0,76230,-2410,-3.06,74710,82490,1399-6-26
350,وشمال,س. چشم انداز توسعه شمال,631,902071,117494747750,126457,130250,130250,3793,3.0,130250,3793,3.0,130250,130250,1399-6-26
351,كطبس,ذغال‌سنگ‌ نگين‌ ط‌بس‌,630,1987039,107049714840,56610,53780,53780,-2830,-5.0,53870,-2740,-4.84,53780,55880,1399-6-26
352,ما,بيمه  ما,621,3321739,21568382880,6750,6700,6420,-330,-4.89,6630,-120,-1.78,6420,6940,1399-6-26
353,دجابر,داروسازي‌ جابرابن‌حيان‌,613,953540,42477853670,42560,44580,44300,1740,4.09,44220,1660,3.9,42580,44680,1399-6-26
354,كاذر,فرآورده‌هاي‌نسوزآذر,601,2394595,79955399050,31800,33390,33390,1590,5.0,33390,1590,5.0,32750,33390,1399-6-26
355,قچار,فراوردههاي غذايي وقند چهارمحال,596,442172,74783102672,166234,165000,173500,7266,4.37,169127,2893,1.74,164000,174000,1399-6-26
356,بذر,صندوق س بذر اميد آفرين-سهام,595,377421,46881441880,124560,126510,122010,-2550,-2.05,124220,-340,-0.27,121000,127500,1399-6-26
357,سفانو,سيمان فارس نو,592,1186050,41649060160,34260,35970,34800,540,1.58,34880,620,1.81,33000,35970,1399-6-26
358,دالبر,البرزدارو,591,1028871,22173668420,21530,22550,21530,0,0.0,21540,10,0.05,20510,22550,1399-6-26
359,شخارك,پتروشيمي‌ خارك‌,588,1178995,58065503750,46910,49250,49250,2340,4.99,48060,1150,2.45,49250,49250,1399-6-26
360,حپارسا,توسعه حمل و نقل ريلي پارسيان,588,1101660,39707078321,37220,38500,35359,-1861,-5.0,36282,-938,-2.52,35359,38700,1399-6-26
361,وتوشه,سرمايه‌ گذاري‌ پارس‌ توشه‌,581,2316723,55918982630,24990,24300,23750,-1240,-4.96,24140,-850,-3.4,23750,25700,1399-6-26
362,حآسا,آسيا سير ارس,579,1158883,14353995106,12797,12510,12158,-639,-4.99,12670,-127,-0.99,12158,13170,1399-6-26
363,نمرينو,ايران‌ مرينوس‌,577,1139503,78198751270,72020,68420,68420,-3600,-5.0,68630,-3390,-4.71,68420,73500,1399-6-26
364,قلرست,قند لرستان‌,573,2632051,72049656130,28740,27310,27310,-1430,-4.98,27370,-1370,-4.77,27310,28680,1399-6-26
365,جم,پتروشيمي جم,563,4448299,216587678310,46380,48690,48690,2310,4.98,48690,2310,4.98,48690,48690,1399-6-26
366,كاسپينح,ح .داروسازي كاسپين تامين,561,1096976,24659093345,22090,23150,21190,-900,-4.07,22479,389,1.76,21062,23150,1399-6-26
367,فلات,گروه صنايع معادن فلات ايرانيان,558,5381880,82524834878,14895,15341,15341,446,2.99,15334,439,2.95,15000,15341,1399-6-26
368,واحيا,م .صنايع و معادن احياء سپاهان,556,1148818,271070500008,229084,235956,235956,6872,3.0,235956,6872,3.0,235956,235956,1399-6-26
369,ثالوند,سرمايه گذاري مسكن الوند,554,2882382,41546627587,15070,14490,14317,-753,-5.0,14457,-613,-4.07,14317,14700,1399-6-26
370,پيزد,مجتمع صنايع لاستيك يزد,551,91349,9762924375,112499,106875,106875,-5624,-5.0,111283,-1216,-1.08,106875,106875,1399-6-26
371,ثجوان,تامين مسكن جوانان,534,2313645,21128571222,9254,9649,9020,-234,-2.53,9132,-122,-1.32,8792,9649,1399-6-26
372,سخاش,سيمان‌خاش‌,528,193599,15119571400,79010,81710,76000,-3010,-3.81,78720,-290,-0.37,75510,81710,1399-6-26
373,زمگسا,كشاورزي‌ ودامپروي‌ مگسال‌,525,903035,26281218620,30130,31000,28630,-1500,-4.98,29530,-600,-1.99,28630,31000,1399-6-26
374,غپآذر,شير پگاه آذربايجان شرقي,519,381844,22877395503,59707,61496,57100,-2607,-4.37,59800,93,0.16,56722,62692,1399-6-26
375,هخود911,اختيارف ت خودرو-3680-99/11/20,511,24464643,24464643,1,1,1,0,0.0,1,0,0.0,1,1,1399-6-26
376,دسبحا,گروه دارويي سبحان,508,1058890,19168223800,17400,18270,17500,100,0.57,17660,260,1.49,17370,18270,1399-6-26
377,سكارون,سيمان كارون,506,3554528,400404200346,118562,112634,112634,-5928,-5.0,112646,-5916,-4.99,112634,118500,1399-6-26
378,شغدير,پتروشيمي غدير,502,1216062,53425251846,41841,43933,43933,2092,5.0,43737,1896,4.53,43933,43933,1399-6-26
379,قهكمت,قندهكمتان‌,497,637008,29841366050,45580,45930,47850,2270,4.98,46400,820,1.8,45580,47850,1399-6-26
380,خمحور,توليدمحورخودرو,497,573155,34560866550,61260,60000,58200,-3060,-5.0,60550,-710,-1.16,58200,64000,1399-6-26
381,داسوه,داروسازي‌ اسوه‌,491,574269,20051029100,36100,37790,36500,400,1.11,35570,-530,-1.47,34300,37790,1399-6-26
382,تصميم,صندوق س با درآمد ثابت تصميم,487,18708988,269504198190,14460,14450,14410,-50,-0.35,14410,-50,-0.35,14210,14460,1399-6-26
383,كمنگنز,معادن‌منگنزايران‌,485,298100,25994155790,86010,90310,86000,-10,-0.01,86630,620,0.72,82200,90310,1399-6-26
384,شدوص,دوده‌ صنعتي‌ پارس‌,482,927717,19122342450,21480,20420,20410,-1070,-4.98,21120,-360,-1.68,20410,21440,1399-6-26
385,كي بي سي,شركت كي بي سي,481,723977,27126270310,35146,36100,37905,2759,7.85,36328,1182,3.36,36100,37905,1399-6-26
386,بالبر,كابل‌ البرز,479,1292302,34969900320,28270,26900,26860,-1410,-4.99,27380,-890,-3.15,26860,28340,1399-6-26
387,ولانا,شركت ليزينگ آريا دانا,478,1101228,27940153892,26013,25235,25233,-780,-3.0,25372,-641,-2.46,25233,26400,1399-6-26
388,كيان2,صندوق س. با درآمد ثابت كيان,476,47600000,47600000,25250,1,1,-25249,-100.0,1,-25249,-100.0,1,1,1399-6-26
389,فرابورس,فرابورس ايران,468,424925,23116344925,51811,54401,54401,2590,5.0,52775,964,1.86,54401,54401,1399-6-26
390,وپخش,داروپخش‌ (هلدينگ‌,465,664779,84540200180,121260,127320,127320,6060,5.0,127170,5910,4.87,124010,127320,1399-6-26
391,كمينا,شيشه سازي مينا,462,992213,34453244312,35421,35000,34359,-1062,-3.0,34724,-697,-1.97,34359,36000,1399-6-26
392,دشيمي,شيمي‌ داروئي‌ داروپخش‌,460,2049602,123890400600,57580,60450,60250,2670,4.64,60450,2870,4.98,60250,60450,1399-6-26
393,سبهان,سيمان‌ بهبهان‌,457,758572,47448680890,59610,62590,62000,2390,4.01,62290,2680,4.5,61000,62590,1399-6-26
394,كساپا,سايپاشيشه‌,457,1060617,21775415250,21520,20450,20450,-1070,-4.97,21070,-450,-2.09,20450,21000,1399-6-26
395,واحصا,احياء صنايع خراسان,457,941225,14962142710,16314,15870,15827,-487,-2.99,15980,-334,-2.05,15825,16190,1399-6-26
396,دكيمي,كيميدارو,449,1290308,35793337590,29030,28200,27580,-1450,-4.99,28000,-1030,-3.55,27580,30000,1399-6-26
397,رتكو,كنترل‌خوردگي‌تكين‌كو,448,1121669,21330248970,19990,19000,19000,-990,-4.95,19530,-460,-2.3,19000,19330,1399-6-26
398,ولملت,واسپاري ملت,446,1422411,17574231480,12850,12210,12210,-640,-4.98,12660,-190,-1.48,12210,12900,1399-6-26
399,فجر,فولاد اميركبيركاشان,443,1413685,87068859150,58660,61590,61590,2930,4.99,61590,2930,4.99,61590,61590,1399-6-26
400,دلر,داروسازي‌ اكسير,440,360599,36982167520,98020,102920,102920,4900,5.0,101160,3140,3.2,99150,102920,1399-6-26
401,درازك,دارويي‌ رازك‌,439,639711,28013352000,42600,44730,42170,-430,-1.01,43270,670,1.57,41000,44730,1399-6-26
402,دارا,صندوق س. دارا الگوريتم-د,434,7753433,78382628257,10122,10110,10103,-19,-0.19,10109,-13,-0.13,10100,10125,1399-6-26
403,ساينا,صنايع بهداشتي ساينا,432,126438,23058784125,174377,183095,183095,8718,5.0,177726,3349,1.92,178272,183095,1399-6-26
404,پرداخت,به پرداخت ملت,429,796152,34795039050,43620,44700,44000,380,0.87,43680,60,0.14,43170,44700,1399-6-26
405,زكشت,كشاورزي مكانيزه اصفهان كشت,429,921360,30877872949,35190,33470,33431,-1759,-5.0,34024,-1166,-3.31,33431,35000,1399-6-26
406,آبين,كشت و صنعت آبشيرين,427,2513063,11170784647,4574,4450,4437,-137,-3.0,4493,-81,-1.77,4437,4500,1399-6-26
407,هملت911,اختيارف ت ملت-6770-99/11/25,426,12670000,12670000,1,1,1,0,0.0,1,0,0.0,1,1,1399-6-26
408,غدشت,دشت‌ مرغاب‌,421,98694,30327222950,313810,327900,298120,-15690,-5.0,309680,-4130,-1.32,298120,329500,1399-6-26
409,زماهان,مجتمع توليد گوشت مرغ ماهان,417,931239,24555925451,27670,26290,26287,-1383,-5.0,26963,-707,-2.56,26287,27670,1399-6-26
410,كپرور,فرآوري زغال سنگ پروده طبس,415,452548,19472667924,44602,44000,42372,-2230,-5.0,43918,-684,-1.53,42372,46100,1399-6-26
411,بسويچ,پارس‌سويچ‌,412,311270,14791699470,49330,51250,46870,-2460,-4.99,48760,-570,-1.16,46870,51250,1399-6-26
412,دپارس,پارس‌ دارو,411,414916,41248368300,95290,97000,100050,4760,5.0,98420,3130,3.28,96930,100050,1399-6-26
413,سيلام,سيمان‌ ايلام‌,411,1096944,11461912750,10930,10550,10390,-540,-4.94,10810,-120,-1.1,10390,10850,1399-6-26
414,كاسپين,داروسازي كاسپين تامين,410,657086,17778851900,28112,28100,26707,-1405,-5.0,27697,-415,-1.48,26707,28100,1399-6-26
415,ولراز,ليزينگ رازي,406,1595761,39628243512,24116,24839,24839,723,3.0,24833,717,2.97,24598,24839,1399-6-26
416,تيپيكو,سرمايه گذاري دارويي تامين,405,1301385,72773449200,53260,55920,55920,2660,4.99,55250,1990,3.74,55920,55920,1399-6-26
417,اتكاي,بيمه اتكايي ايرانيان,405,1276446,20120591005,15522,15810,15605,83,0.53,15614,92,0.59,15530,16000,1399-6-26
418,قشرين,قند شيرين خراسان,402,1697320,37009699080,22442,21771,21769,-673,-3.0,21805,-637,-2.84,21769,22500,1399-6-26
419,ضخود7068,اختيارخ خودرو-8000-1399/07/09,400,23606,65758000,70,200,4,-66,-94.29,3,-67,-95.71,1,200,1399-6-26
420,بكاب,صنايع‌جوشكاب‌يزد,393,185738,22033330900,113870,117980,119560,5690,5.0,116170,2300,2.02,114000,119560,1399-6-26
421,فپنتا,سپنتا,391,197394,52138809490,273220,262100,265000,-8220,-3.01,264140,-9080,-3.32,259560,277000,1399-6-26
422,كمرجان,بازرگاني و توليدي مرجان كار,388,505668,19981156018,40889,41000,38845,-2044,-5.0,40300,-589,-1.44,38845,41280,1399-6-26
423,فاهواز,نورد و لوله اهواز,386,4041605,83002441885,20956,20537,20537,-419,-2.0,20537,-419,-2.0,20537,20537,1399-6-26
424,دفارا,داروسازي‌ فارابي‌,381,813329,58844353150,68910,72350,72350,3440,4.99,72350,3440,4.99,72350,72350,1399-6-26
425,دارو,كارخانجات‌داروپخش‌,378,217159,11460770900,53070,55430,51200,-1870,-3.52,53000,-70,-0.13,50430,55720,1399-6-26
426,قشير,قند شيروان قوچان و بجنورد,376,1527699,41729098185,28752,27315,27315,-1437,-5.0,27380,-1372,-4.77,27315,27315,1399-6-26
427,غفارس,شير پاستوريزه پگاه فارس,368,1175570,12157480909,10657,10650,10125,-532,-4.99,10575,-82,-0.77,10125,10800,1399-6-26
428,زعف9908پ10,زعفران9908نگين طلاي سرخ(پ),363,166747,14397432578,87526,86470,87700,174,0.2,86343,-1183,-1.35,85000,88200,1399-6-26
429,بمپنا,توليد برق عسلويه  مپنا,363,345223,36034918753,109831,104340,104340,-5491,-5.0,105389,-4442,-4.04,104340,107344,1399-6-26
430,پسهند,صنايع‌ لاستيكي‌  سهند,362,300097,15240429970,51810,52000,49250,-2560,-4.94,51460,-350,-0.68,49220,52800,1399-6-26
431,سجام,مجتمع سيمان غرب آسيا,354,2033119,27900280877,13783,13783,13370,-413,-3.0,13723,-60,-0.44,13370,14000,1399-6-26
432,خراسان,پتروشيمي خراسان,349,766518,71293839180,88590,93010,93010,4420,4.99,93010,4420,4.99,93010,93010,1399-6-26
433,ريشمك,توليد و صادرات ريشمك,327,1987181,78881149795,37805,39695,39695,1890,5.0,39695,1890,5.0,39695,39695,1399-6-26
434,شجمح,ح. صنايع پتروشيمي تخت جمشيد,322,4371270,32784565633,7283,7501,7501,218,2.99,7500,217,2.98,7285,7501,1399-6-26
435,سيستم,همكاران سيستم,321,968354,26475642640,26060,27360,27360,1300,4.99,26700,640,2.46,26560,27360,1399-6-26
436,سهرمز,سيمان‌هرمزگان‌,318,2069094,36022926540,16590,17410,17410,820,4.94,17170,580,3.5,17410,17410,1399-6-26
437,سفار,سيمان‌فارس‌,314,221149,23579610820,112230,106620,106620,-5610,-5.0,109430,-2800,-2.49,106620,107000,1399-6-26
438,غدام,خوراك‌  دام‌ پارس‌,314,156793,21330119720,129570,136040,136040,6470,4.99,132030,2460,1.9,136040,136040,1399-6-26
439,زاگرس,پتروشيمي زاگرس,313,703849,112778429119,152601,160231,160231,7630,5.0,160231,7630,5.0,160231,160231,1399-6-26
440,غپونه,نوش پونه مشهد,311,545228,10048118700,18955,18387,18387,-568,-3.0,18673,-282,-1.49,18387,19020,1399-6-26
441,آكورد,صندوق س. آرمان آتي كوثر-د,310,8290158,236272817641,28494,28494,28430,-64,-0.22,28500,6,0.02,28430,28519,1399-6-26
442,بنو,بيمه تجارت نو,307,5281083,140196910401,25283,26547,26547,1264,5.0,26547,1264,5.0,26547,26547,1399-6-26
443,خلنت,لنت‌ ترمزايران‌,306,184649,17423843640,99320,94360,94360,-4960,-4.99,97470,-1850,-1.86,94360,94860,1399-6-26
444,خفولا,خدمات فني فولاد يزد,304,841370,25877474349,31704,30753,30753,-951,-3.0,30756,-948,-2.99,30753,31400,1399-6-26
445,قشهد,شهد,304,526841,17027963980,33890,32930,32200,-1690,-4.99,33300,-590,-1.74,32200,33250,1399-6-26
446,وتوصا,گروه س توسعه صنعتي ايران,299,2248634,34224209480,16020,15220,15220,-800,-4.99,15420,-600,-3.75,15220,15220,1399-6-26
447,شاملا,معدني‌ املاح‌  ايران‌,298,147179,11263530570,74190,77870,75950,1760,2.37,74700,510,0.69,74410,77890,1399-6-26
448,بميلا,توسعه بازرگاني آهن وفولادميلاد,291,506977,18744967598,35898,36974,36974,1076,3.0,36957,1059,2.95,36974,36974,1399-6-26
449,صنوين,صندوق سرمايه‌گذاري صنوين-مختلط,291,97150,11455774490,119830,120000,116900,-2930,-2.45,117920,-1910,-1.59,116000,121200,1399-6-26
450,سنوين,سرمايه گذاري اقتصاد نوين,285,1179441,13382835506,11287,11512,11062,-225,-1.99,11347,60,0.53,11062,11512,1399-6-26
451,شرانل,نفت ايرانول,282,1370656,39324120640,27324,28690,28690,1366,5.0,28296,972,3.56,28690,28690,1399-6-26
452,وملي,گروه‌ صنعتي‌ ملي‌ (هلدينگ‌,276,17528,10007611600,600990,570950,570950,-30040,-5.0,595670,-5320,-0.89,570950,570950,1399-6-26
453,پارتا,مجتمع‌صنعتي‌آرتاويل‌تاير,275,327155,20881164125,64949,63400,63001,-1948,-3.0,64185,-764,-1.18,63001,65640,1399-6-26
454,قنقش,قند نقش جهان,270,851045,65514437311,78539,77000,78420,-119,-0.15,76981,-1558,-1.98,76969,78510,1399-6-26
455,سبجنو,سيمان‌ بجنورد,268,573848,19014726770,33050,34570,33240,190,0.57,33080,30,0.09,31780,34570,1399-6-26
456,لپارس,پارس‌ الكتريك‌,261,44985,17085752850,399800,379810,379810,-19990,-5.0,392310,-7490,-1.87,379810,379810,1399-6-26
457,شفن,پتروشيمي فناوران,250,441680,136576289600,294500,309220,309220,14720,5.0,309220,14720,5.0,309220,309220,1399-6-26
458,وتعاون,بيمه  تعاون,245,1209348,7411189894,6043,6224,5950,-93,-1.54,6074,31,0.51,5862,6224,1399-6-26
459,فنفت,صنايع تجهيزات نفت,241,741454,11889499854,16406,16799,15914,-492,-3.0,16162,-244,-1.49,15914,16800,1399-6-26
460,هپارس912,اختيارف ت وپارس-5920-99/12/10,240,7478625,7478625,1,1,1,0,0.0,1,0,0.0,1,1,1399-6-26
461,دابور,داروسازي‌ ابوريحان‌,236,260625,10813331250,39520,41490,41490,1970,4.98,39920,400,1.01,41490,41490,1399-6-26
462,وآرينح,ح. شركت توسعه اقتصادي آرين,236,1441982,5548796022,3895,3779,3779,-116,-2.98,3848,-47,-1.21,3779,3979,1399-6-26
463,الماس,صندوق س.امين تدبيرگران فردا-س,234,63866,8458098597,134056,136500,127805,-6251,-4.66,132435,-1621,-1.21,127000,140000,1399-6-26
464,سخوز,سيمان خوزستان,234,785636,16050543480,19460,20430,20430,970,4.98,19720,260,1.34,20430,20430,1399-6-26
465,ثاصفا,شركت‌ ساختمان‌ اصفهان‌,230,435687,11423277453,25456,26219,26219,763,3.0,25858,402,1.58,26219,26219,1399-6-26
466,غاذر,كشت‌وصنعت‌پياذر,228,289004,26527677160,96620,91790,91790,-4830,-5.0,94210,-2410,-2.49,91790,91790,1399-6-26
467,شزنگ,تجهيزنيروي‌زنگان‌,228,147907,12728510383,85194,86897,86897,1703,2.0,86058,864,1.01,83491,86897,1399-6-26
468,صايند,صندوق س. گنجينه آينده روشن-د,224,2201780,21899718580,9898,9970,9950,52,0.53,9946,48,0.48,9881,9990,1399-6-26
469,غشصفا,شيرپاستوريزه‌پگاه‌اصفهان‌,221,550798,15059872360,28740,27320,27310,-1430,-4.98,28260,-480,-1.67,27310,28780,1399-6-26
470,حسينا,توسعه خدمات دريايي وبندري سينا,219,1002821,52838638490,50181,52690,52690,2509,5.0,52690,2509,5.0,52690,52690,1399-6-26
471,ثغربح,ح.شركت سرمايه گذاري مسكن شمالغ,218,3063766,25449308776,8242,8654,8242,0,0.0,8307,65,0.79,8242,8654,1399-6-26
472,اتكام,شركت بيمه اتكايي امين,217,1259947,9617802800,7528,8000,7600,72,0.96,7548,20,0.27,7600,8000,1399-6-26
473,ثباغ,شهر سازي و خانه سازي باغميشه,206,1629136,24813370416,14506,15231,15231,725,5.0,14883,377,2.6,15231,15231,1399-6-26
474,خاور,ايران خودرو ديزل,205,1177624,8554260736,7488,7264,7264,-224,-2.99,7383,-105,-1.4,7264,7264,1399-6-26
475,سپاس,صندوق س. پاداش سهامداري توسعه1,196,5380587,54070948340,10030,10020,10060,30,0.3,10050,20,0.2,10010,10080,1399-6-26
476,ولتجار,واسپاري تجارت وسرمايه ايرانيان,186,1260137,8685598325,7102,6889,6889,-213,-3.0,7002,-100,-1.41,6889,7000,1399-6-26
477,وشهر,بانك شهر,186,978053,9304218189,9707,9513,9513,-194,-2.0,9677,-30,-0.31,9513,9513,1399-6-26
478,سمتاز,سيمان ممتازان كرمان,186,488769,10663976644,22258,22889,21800,-458,-2.06,22016,-242,-1.09,21600,22889,1399-6-26
479,آسام,صندوق س.آرمان سپهر آشنا-م,184,92320,10341680750,112739,110040,112200,-539,-0.48,112020,-719,-0.64,110000,114000,1399-6-26
480,ياقوت,صندوق س ياقوت آگاه-ثابت,184,5178152,57082955320,11030,11060,11040,10,0.09,11020,-10,-0.09,11020,11060,1399-6-26
481,كصدف,كاشي صدف سرام استقلال آباده,179,413678,5887783973,14006,14286,14286,280,2.0,14133,127,0.91,13980,14286,1399-6-26
482,شكبير,پتروشيمي اميركبير,171,457399,28300579662,63772,61859,61859,-1913,-3.0,63169,-603,-0.95,61859,63550,1399-6-26
483,ثروتم,صندوق س. ثروت آفرين پارسيان-س,171,104000,10545079410,102092,102000,101000,-1092,-1.07,101395,-697,-0.68,100500,104000,1399-6-26
484,هغدير912,اختيارف ت غدير-17380-99/12/16,170,3799083,3799083,10,1,1,-9,-90.0,1,-9,-90.0,1,1,1399-6-26
485,سهگمت,سيمان‌هگمتان‌,169,700599,13248327090,18010,18910,18910,900,5.0,18230,220,1.22,18910,18910,1399-6-26
486,ثقزوي,شركت عمران و سازندگي قزوين,169,1003437,20329633620,19670,20260,20260,590,3.0,20198,528,2.68,20260,20260,1399-6-26
487,غشاذر,پگاه‌آذربايجان‌غربي‌,160,252883,5619060260,23380,22220,22220,-1160,-4.96,23240,-140,-0.6,22220,22220,1399-6-26
488,دشيري,شيرين دارو,160,39698,7492506567,194456,188640,188623,-5833,-3.0,192176,-2280,-1.17,188623,199970,1399-6-26
489,دسينا,داروسازي‌ سينا,159,422303,13830423250,34470,32750,32750,-1720,-4.99,33960,-510,-1.48,32750,32750,1399-6-26
490,دفرا,فرآورده‌هاي‌ تزريقي‌ ايران‌,145,175528,4829018250,28820,28500,27380,-1440,-5.0,28690,-130,-0.45,27380,28500,1399-6-26
491,وسخراج,شركت س استان خراسان جنوبي,143,6179376,12544133280,1940,2030,2030,90,4.64,1960,20,1.03,2030,2030,1399-6-26
492,فولاي,صنايع فولاد آلياژي يزد,139,102303,5245484022,53972,51274,51274,-2698,-5.0,53666,-306,-0.57,51274,51274,1399-6-26
493,حاريا,كشتيراني آريا,137,610677,15149064339,24085,24807,24807,722,3.0,24554,469,1.95,24807,24807,1399-6-26
494,وآذر,سرمايه‌گذاري‌توسعه‌آذربايجان‌,136,81333,9825839730,127160,120810,120810,-6350,-4.99,125780,-1380,-1.09,120810,120810,1399-6-26
495,دروز,داروسازي‌ روزدارو,134,254028,5029406430,20750,19720,19720,-1030,-4.96,20650,-100,-0.48,19720,20280,1399-6-26
496,زبينا,كشاورزي و دامپروري بينالود,134,584766,31121831286,56022,53221,53221,-2801,-5.0,54034,-1988,-3.55,53221,53221,1399-6-26
497,فيروزا,صندوق بادرآمد ثابت فيروزه آسيا,131,2316226,47711161070,20570,20620,20600,30,0.15,20600,30,0.15,20530,20640,1399-6-26
498,سمايه,بانك سرمايه,129,819237,7815520980,9835,9540,9540,-295,-3.0,9708,-127,-1.29,9540,9540,1399-6-26
499,كگاز,شيشه‌ و گاز,128,119515,2998631350,26410,25090,25090,-1320,-5.0,26330,-80,-0.3,25090,25090,1399-6-26
500,پلاسك,پلاسكوكار,126,617607,5669632260,9660,9180,9180,-480,-4.97,9600,-60,-0.62,9180,9180,1399-6-26
501,ثزاگرس,سرمايه گذاري توسعه عمران زاگرس,123,368367,8868452054,24727,24303,23986,-741,-3.0,24425,-302,-1.22,23986,25000,1399-6-26
502,غمهرا,توليدي‌مهرام‌,122,38925,4119089960,110990,105450,105450,-5540,-4.99,110540,-450,-0.41,105450,110000,1399-6-26
503,دمعيار,صندوق س. توازن معيار-د,122,2459822,24802842740,10074,10080,10100,26,0.26,10083,9,0.09,10074,10100,1399-6-26
504,وجامي,سرمايه گذاري جامي,120,1072972,12327375308,11844,11489,11489,-355,-3.0,11617,-227,-1.92,11489,11489,1399-6-26
505,بالاس,مهندسي ساختمان تاسيسات راه آهن,119,172527,8667238899,52881,50237,50237,-2644,-5.0,52394,-487,-0.92,50237,50237,1399-6-26
506,فجام,جام‌دارو,119,63127,3718180300,62000,58900,58900,-3100,-5.0,61750,-250,-0.4,58900,58900,1399-6-26
507,قاسم,قاسم ايران,116,221313,3402244749,16182,15373,15373,-809,-5.0,16123,-59,-0.36,15373,15373,1399-6-26
508,زشريف,كشت وصنعت شريف آباد,113,246825,6696115425,28556,27129,27129,-1427,-5.0,28344,-212,-0.74,27129,27129,1399-6-26
509,هنفت912,اختيارف ت نفت-15330-99/12/04,112,2000000,2000000,1,1,1,0,0.0,1,0,0.0,1,1,1399-6-26
510,ثعتما,س. ساختماني اعتماد گستر,112,341998,10726767270,30452,31365,31365,913,3.0,30879,427,1.4,31365,31365,1399-6-26
511,داريك,صندوق س.اعتماد داريك-د,110,1969189,19848312738,10031,10089,10035,4,0.04,10079,48,0.48,10010,10132,1399-6-26
512,همعاد911,اختيارف ت معادن-19080-99/11/19,110,1443000,1443000,1,1,1,0,0.0,1,0,0.0,1,1,1399-6-26
513,لكما,كارخانجات‌مخابراتي‌ايران‌,106,237380,2810579200,12206,11840,11840,-366,-3.0,12152,-54,-0.44,11840,11840,1399-6-26
514,دقاضي,داروسازي شهيد قاضي,104,129511,12653548753,100383,97372,97372,-3011,-3.0,98614,-1769,-1.76,97372,100380,1399-6-26
515,كهرام,توليدي گرانيت بهسرام,103,59687,3625089945,62613,60735,60735,-1878,-3.0,62284,-329,-0.53,60735,60735,1399-6-26
516,غبهار,كشت وصنعت بهاران گلبهار خراسان,101,623854,25057095910,41407,40165,40165,-1242,-3.0,40165,-1242,-3.0,40165,40165,1399-6-26
517,شكف,كف,99,776997,31089980961,39229,40013,40013,784,2.0,40013,784,2.0,40013,40013,1399-6-26
518,كدما,معدني‌ دماوند,96,184436,25417125160,131250,137810,137810,6560,5.0,134240,2990,2.28,137810,137810,1399-6-26
519,ضجار7022,اختيارخ وتجارت-2800-1399/07/22,95,1679,1514821000,952,950,871,-81,-8.51,902,-50,-5.25,800,960,1399-6-26
520,ولبهمن,شركت بهمن ليزينگ,95,428941,4465275810,10957,10410,10410,-547,-4.99,10904,-53,-0.48,10410,10410,1399-6-26
521,كيسون,شركت كيسون,95,300169,6714780530,23061,22370,22370,-691,-3.0,22958,-103,-0.45,22370,22370,1399-6-26
522,اخزا815,اسنادخزانه-م15بودجه98-010406,94,154413,113467785081,734998,734008,735001,3,0.0,734833,-165,-0.02,734008,735400,1399-6-26
523,خعمرا,توسعه و عمران شهرستان نائين,92,2307736,32672926288,13746,14158,14158,412,3.0,14158,412,3.0,14158,14158,1399-6-26
524,تشتاد,صنايع توليدي اشتاد ايران‌,91,180647,2439245787,13875,14189,13459,-416,-3.0,13828,-47,-0.34,13459,14189,1399-6-26
525,سدشت,صنايع سيمان دشتستان,89,69313,2683106230,36870,38710,38710,1840,4.99,36960,90,0.24,38710,38710,1399-6-26
526,تسه9904,امتياز تسهيلات مسكن تير99,87,2280,1901144826,800711,840746,840700,39989,4.99,833835,33124,4.14,790009,840746,1399-6-26
527,شفارا,پتروشيمي فارابي,86,393230,2134452440,5595,5428,5428,-167,-2.98,5576,-19,-0.34,5428,5428,1399-6-26
528,ثعمرا,عمران و توسعه شاهد,86,124944,3370489344,28395,26976,26976,-1419,-5.0,28292,-103,-0.36,26976,26976,1399-6-26
529,فنوال,نورد آلومينيوم‌,86,57725,2104653500,38370,36460,36460,-1910,-4.98,38280,-90,-0.23,36460,36460,1399-6-26
530,ضصاد8024,اختيارخ وبصادر-5500-1399/08/11,81,1560,410353000,271,330,269,-2,-0.74,263,-8,-2.95,213,330,1399-6-26
531,سصفها,سيمان‌اصفهان‌,80,76240,8444342400,116580,110760,110760,-5820,-4.99,115420,-1160,-1.0,110760,110760,1399-6-26
532,دارا2,صندوق س. دارا الگوريتم-د,80,8000000,8000000,10122,1,1,-10121,-99.99,1,-10121,-99.99,1,1,1399-6-26
533,فيروزه2,صندوق شاخص30 شركت فيروزه- سهام,80,800000,800000,216720,1,1,-216719,-100.0,1,-216719,-100.0,1,1,1399-6-26
534,قپيرا,فرآورده‌هاي‌غدايي‌وقندپيرانشهر,80,34666,2673310750,80900,77600,76870,-4030,-4.98,80680,-220,-0.27,76860,80500,1399-6-26
535,اخزا808,اسنادخزانه-م8بودجه98-000817,79,49531,40674538220,821358,820003,822003,645,0.08,821194,-164,-0.02,820000,822700,1399-6-26
536,غچين,كشت‌ و صنعت‌ چين‌ چين,77,52194,2833612260,57140,54290,54290,-2850,-4.99,56970,-170,-0.3,54290,54290,1399-6-26
537,ثپرديس,سرمايه گذاري مسكن پرديس,77,147616,2045367296,14585,13856,13856,-729,-5.0,14553,-32,-0.22,13856,13856,1399-6-26
538,ضخود7059,اختيارخ خودرو-4400-1399/07/09,76,4020,63303000,71,424,35,-36,-50.7,16,-55,-77.46,4,424,1399-6-26
539,وثنو,سرمايه گذاري ساختماني نوين,76,433703,7967124110,18938,18370,18370,-568,-3.0,18701,-237,-1.25,18370,18370,1399-6-26
540,آكورد2,صندوق س. آرمان آتي كوثر-د,75,7500000,7500000,28494,1,1,-28493,-100.0,1,-28493,-100.0,1,1,1399-6-26
541,هصند911,اختيارف ت صندوق-19926-99/11/29,74,1200000,1200000,1,1,1,0,0.0,1,0,0.0,1,1,1399-6-26
542,آساميد,صندوق س.مشترك آسمان اميد -د,74,2063805,22028524682,10656,10685,10678,22,0.21,10674,18,0.17,10665,10688,1399-6-26
543,شتولي,تولي‌پرس‌,73,172089,2892846897,17119,16800,16777,-342,-2.0,17022,-97,-0.57,16777,17118,1399-6-26
544,غگلپا,شير پاستوريزه پگاه گلپايگان,70,31450,2323054250,77752,73865,73865,-3887,-5.0,77561,-191,-0.25,73865,73865,1399-6-26
545,ولغدر,ليزينگ‌خودروغدير,69,911851,17097206250,19730,18750,18750,-980,-4.97,19370,-360,-1.82,18750,18750,1399-6-26
546,هجم911,اختيارف ت جم-38645-99/11/28,69,348344,348344,1,1,1,0,0.0,1,0,0.0,1,1,1399-6-26
547,هرانف912,اختيارف ت رانفور32120-99/12/03,67,800000,800000,1,1,1,0,0.0,1,0,0.0,1,1,1399-6-26
548,ساربيل,سيمان آرتا اردبيل,67,33305,3680535550,116320,110510,110510,-5810,-4.99,115860,-460,-0.4,110510,110510,1399-6-26
549,سشمال,سيمان‌ شمال‌,67,214518,2621409960,12860,12220,12220,-640,-4.98,12820,-40,-0.31,12220,12220,1399-6-26
550,ضچاد7024,اختيارخ كچاد-23300-1399/07/07,66,1352,974877000,763,850,700,-63,-8.26,721,-42,-5.5,206,1111,1399-6-26
551,سخواف,سيمان مجد خواف,66,2034717,34626813906,17544,17018,17018,-526,-3.0,17018,-526,-3.0,17018,17018,1399-6-26
552,اخزا818,اسنادخزانه-م18بودجه98-010614,66,95895,67983366888,710567,709504,705200,-5367,-0.76,708935,-1632,-0.23,705200,710500,1399-6-26
553,ضپاس7020,اختيارخ وپارس-5000-1399/07/30,65,2825,2729162000,1002,1013,900,-102,-10.18,966,-36,-3.59,800,3000,1399-6-26
554,اخزا817,اسنادخزانه-م17بودجه98-010512,64,119725,86339534306,720945,721105,721000,55,0.01,721149,204,0.03,721000,722000,1399-6-26
555,اخزا811,اسنادخزانه-م11بودجه98-001013,63,98302,78785689088,802280,801000,801471,-809,-0.1,801466,-814,-0.1,800001,804091,1399-6-26
556,رنيكح,ح.جنرال مكانيك,62,5734355,128914034755,21411,22481,22481,1070,5.0,22481,1070,5.0,22481,22481,1399-6-26
557,ثنظام,س. ساختماني نظام مهندسي ايران,61,73979,3610988969,50320,48811,48811,-1509,-3.0,50012,-308,-0.61,48811,48811,1399-6-26
558,هشير911,اختيارف ت شيراز-73480-99/11/27,61,280000,280000,1,1,1,0,0.0,1,0,0.0,1,1,1399-6-26
559,هبهرن912,اختيارف ت شبهرن-74590-99/12/02,60,224000,224000,1,1,1,0,0.0,1,0,0.0,1,1,1399-6-26
560,كقزوي,شيشه‌ قزوين‌,60,218726,2291373576,10800,10476,10476,-324,-3.0,10761,-39,-0.36,10476,10476,1399-6-26
561,ساروج,بين المللي ساروج بوشهر,59,148321,3591680016,24848,24987,24103,-745,-3.0,24727,-121,-0.49,24103,24989,1399-6-26
562,تسه9708,امتياز تسهيلات مسكن آبان97,58,1681,1362543497,787076,820000,799988,12912,1.64,810555,23479,2.98,787500,826000,1399-6-26
563,اخزا816,اسنادخزانه-م16بودجه98-010503,57,89093,64515238488,724521,725000,724008,-513,-0.07,724134,-387,-0.05,722000,727999,1399-6-26
564,چكاوه,صنايع‌كاغذسازي‌كاوه‌,57,48449,1831856690,39800,37810,37810,-1990,-5.0,39720,-80,-0.2,37810,37810,1399-6-26
565,ثشرق,سرمايه گذاري مسكن شمال شرق,57,174985,1275640650,7670,7290,7290,-380,-4.95,7660,-10,-0.13,7290,7290,1399-6-26
566,وبرق,س.کارکنان صنعت برق زنجان وقزوي,57,9541,2041640426,220604,213986,213986,-6618,-3.0,219890,-714,-0.32,213986,213986,1399-6-26
567,گپارس,امور رفاهي كارگزاران پارس,56,55767,5960823096,103775,106888,106888,3113,3.0,104604,829,0.8,106888,106888,1399-6-26
568,لبوتان,گروه‌صنعتي‌بوتان‌,56,89077,7112798450,84050,79850,79850,-4200,-5.0,83410,-640,-0.76,79850,79850,1399-6-26
569,فبيرا,بسته‌ بندي‌ ايران‌,55,482315,2457877240,5253,5096,5096,-157,-2.99,5232,-21,-0.4,5096,5096,1399-6-26
570,واعتبار,سرمايه گذاري اعتبار ايران,55,298934,2346631900,8260,7850,7850,-410,-4.96,8240,-20,-0.24,7850,7850,1399-6-26
571,شصفها,پتروشيمي‌ اصفهان‌,54,124512,11579616000,91378,93000,93000,1622,1.78,93000,1622,1.78,93000,93000,1399-6-26
572,ثغرب,شركت سرمايه گذاري مسكن شمالغرب,52,58522,802804796,14439,13718,13718,-721,-4.99,14427,-12,-0.08,13718,13718,1399-6-26
573,وآفري,بيمه كارآفرين,52,1262090,17714695240,13628,14036,14036,408,2.99,13941,313,2.3,14036,14036,1399-6-26
574,اخزا814,اسنادخزانه-م14بودجه98-010318,51,74178,54965955702,741649,741000,741702,53,0.01,741001,-648,-0.09,740600,741702,1399-6-26
575,تسه9707,امتياز تسهيلات مسكن مهر97,50,1762,1409437284,775773,808131,780000,4227,0.54,799908,24135,3.11,780000,814500,1399-6-26
576,خفنر,فنرسازي‌خاور,50,56137,1125546850,21100,20050,20050,-1050,-4.98,21070,-30,-0.14,20050,20050,1399-6-26
577,كسعدي,كاشي‌ سعدي‌,49,51088,3297730400,67940,64550,64550,-3390,-4.99,67700,-240,-0.35,64550,64550,1399-6-26
578,فالوم,آلومتك‌,49,202960,7037435040,35746,34674,34674,-1072,-3.0,35335,-411,-1.15,34674,34674,1399-6-26
579,افران,صندوق س افرا نماد پايدار-ثابت,49,972435,11372870800,11690,11690,11720,30,0.26,11700,10,0.09,11690,11720,1399-6-26
580,كلوند,كاشي‌ الوند,48,58320,1513404000,27310,25950,25950,-1360,-4.98,27270,-40,-0.15,25950,25950,1399-6-26
581,وارس,سرمايه گذاري ارس صبا,48,100803,11967936978,122397,118726,118726,-3671,-3.0,120106,-2291,-1.87,118726,118726,1399-6-26
582,ضجار7026,اختيارخ وتجارت-3600-1399/07/22,47,870,337210000,454,451,400,-54,-11.89,388,-66,-14.54,312,470,1399-6-26
583,ضملي8077,اختيارخ فملي -29750-1399/08/06,47,308,2905523000,7513,9800,9601,2088,27.79,9434,1921,25.57,8000,10299,1399-6-26
584,ضخود7055,اختيارخ خودرو-3600-1399/07/09,46,453,210808000,320,371,360,40,12.5,465,145,45.31,200,1200,1399-6-26
585,حبندر,دريايي و کشتيراني خط دريابندر,45,45907,1071239845,24056,23335,23335,-721,-3.0,24015,-41,-0.17,23335,23335,1399-6-26
586,خموتور,موتورسازان‌تراكتورسازي‌ايران‌,45,130241,1726995660,13950,13260,13260,-690,-4.95,13920,-30,-0.22,13260,13260,1399-6-26
587,تكنار,مجتمع معادن مس تكنار,45,115589,8428056346,70791,72914,72914,2123,3.0,71623,832,1.18,72914,72914,1399-6-26
588,اخزا821,اسنادخزانه-م21بودجه98-020906,44,35230,20485357709,582372,581021,582200,-172,-0.03,581475,-897,-0.15,578000,582500,1399-6-26
589,خنصير,مهندسي‌نصيرماشين‌,44,67946,3448259500,53420,50750,50750,-2670,-5.0,53220,-200,-0.37,50750,50750,1399-6-26
590,ضجار7031,اختيارخ وتجارت-4600-1399/07/22,43,2115,283397000,189,210,130,-59,-31.22,134,-55,-29.1,121,210,1399-6-26
591,تسه9710,امتياز تسهيلات مسكن دي 97,43,1298,1059340449,793359,833026,826990,33631,4.24,816133,22774,2.87,789812,833026,1399-6-26
592,كشرق,صنعتي و معدني شمال شرق شاهرود,43,9848,838045104,89576,85098,85098,-4478,-5.0,89496,-80,-0.09,85098,85098,1399-6-26
593,سخند,صندوق س.سپهرخبرگان نفت-د,43,128560,1287191980,10025,10049,10010,-15,-0.15,10012,-13,-0.13,10010,10049,1399-6-26
594,چفيبر,فيبر ايران‌,42,251689,2771095890,11580,11010,11010,-570,-4.92,11550,-30,-0.26,11010,11010,1399-6-26
595,ساذري,آذريت‌,41,23790,4346337840,177375,182696,182696,5321,3.0,178448,1073,0.6,182696,182696,1399-6-26
596,اوصتا,صندوق انديشه ورزان صباتامين -د,41,701692,11711315332,16682,16700,16690,8,0.05,16690,8,0.05,16690,16700,1399-6-26
597,چافست,افست‌,41,87897,2279169210,27290,25930,25930,-1360,-4.98,27220,-70,-0.26,25930,25930,1399-6-26
598,ثامان,سامان‌ گستراصفهان‌,40,73188,1621846080,23320,22160,22160,-1160,-4.97,23280,-40,-0.17,22160,22160,1399-6-26
599,گنجين,صندوق س. گنجينه يكم آويد-د,39,743684,8385621960,11272,11276,11275,3,0.03,11276,4,0.04,10900,11277,1399-6-26
600,ضخود7058,اختيارخ خودرو-4200-1399/07/09,39,1466,36196000,200,203,40,-160,-80.0,25,-175,-87.5,10,203,1399-6-26
601,ضپاس7017,اختيارخ وپارس-4400-1399/07/30,39,681,919503000,1607,259,1200,-407,-25.33,1350,-257,-15.99,259,1495,1399-6-26
602,خكمك,كمك‌فنرايندامين‌,39,17836,1017365440,60040,57040,57040,-3000,-5.0,59980,-60,-0.1,57040,57040,1399-6-26
603,ضصاد8020,اختيارخ وبصادر-4400-1399/08/11,38,629,382396000,657,503,623,-34,-5.18,608,-49,-7.46,503,680,1399-6-26
604,ضجار7024,اختيارخ وتجارت-3200-1399/07/22,38,962,595579000,672,501,610,-62,-9.23,619,-53,-7.89,500,680,1399-6-26
605,تسه9812,امتياز تسهيلات مسكن اسفند98,38,801,669446964,795966,835764,835764,39798,5.0,835764,39798,5.0,835764,835764,1399-6-26
606,داناح,ح . بيمه دانا,37,1000000,5170000000,4700,5170,5170,470,10.0,5170,470,10.0,5170,5170,1399-6-26
607,زعف9908پ08,زعفران9908نگين روستا(پ),37,15798,1376502680,88375,86470,87360,-1015,-1.15,87131,-1244,-1.41,86470,87360,1399-6-26
608,اخزا812,اسنادخزانه-م12بودجه98-001111,36,110991,88090003437,791808,790500,792002,194,0.02,793668,1860,0.23,788385,795000,1399-6-26
609,نگين,ص.س. زمين و ساختمان نگين شهرري,36,24667,1258017000,50920,51000,51000,80,0.16,51000,80,0.16,51000,51000,1399-6-26
610,كپشير,پشم‌شيشه‌ايران‌,36,11702,620206000,55780,53000,53000,-2780,-4.98,55740,-40,-0.07,53000,53000,1399-6-26
611,بشهاب,لامپ‌  پارس‌ شهاب‌,36,32972,2330460960,74400,70680,70680,-3720,-5.0,74210,-190,-0.26,70680,70680,1399-6-26
612,اخزا903,اسنادخزانه-م3بودجه99-011110,35,89129,58893231907,656023,658003,660200,4177,0.64,660764,4741,0.72,658003,664490,1399-6-26
613,ضخود7056,اختيارخ خودرو-3800-1399/07/09,35,952,190556000,294,500,98,-196,-66.67,200,-94,-31.97,98,500,1399-6-26
614,ضغدر8044,اختيارخ وغدير-17000-1399/08/26,35,1593,5864190000,3426,3500,3600,174,5.08,3681,255,7.44,3500,3900,1399-6-26
615,اخزا809,اسنادخزانه-م9بودجه98-000923,35,24965,20203096095,809958,807625,808503,-1455,-0.18,809257,-701,-0.09,807625,811000,1399-6-26
616,ضخود7062,اختيارخ خودرو-5000-1399/07/09,35,1622,10708000,310,299,11,-299,-96.45,7,-303,-97.74,1,299,1399-6-26
617,بايكا,كارخانجات كابلسازي ‌ايران‌,35,46079,1946837750,43556,42250,42250,-1306,-3.0,43424,-132,-0.3,42250,42250,1399-6-26
618,ضملي8082,اختيارخ فملي-39750-1399/08/06,34,206,737293000,3822,4000,4500,678,17.74,3579,-243,-6.36,3000,5500,1399-6-26
619,تسه9902,امتياز تسهيلات مسكن ارديبهشت99,34,414,344622993,812965,853610,790700,-22265,-2.74,832423,19458,2.39,774030,853610,1399-6-26
620,وثوق,سرمايه گذاري وثوق امين,34,70576,1111572000,16237,15750,15750,-487,-3.0,16209,-28,-0.17,15750,15750,1399-6-26
621,ضجار7023,اختيارخ وتجارت-3000-1399/07/22,34,681,510946000,814,670,760,-54,-6.63,750,-64,-7.86,670,790,1399-6-26
622,زعف9908پ16,زعفران9908نگين بيرجند(پ),33,19357,1668643926,87262,85101,85500,-1762,-2.02,86204,-1058,-1.21,84501,89900,1399-6-26
623,دلقما,دارويي‌ لقمان‌,33,14958,518593860,36490,34670,34670,-1820,-4.99,36470,-20,-0.05,34670,34670,1399-6-26
624,پلوله,گازلوله‌,33,80869,1662262295,20352,20555,20555,203,1.0,20417,65,0.32,20555,20555,1399-6-26
625,تسه9903,امتياز تسهيلات مسكن خرداد99,33,410,342677676,796601,836431,797989,1388,0.17,835799,39198,4.92,797989,836431,1399-6-26
626,تسه9709,امتياز تسهيلات مسكن آذر97,32,973,796894568,788573,815781,820000,31427,3.99,819008,30435,3.86,785065,828001,1399-6-26
627,هشفن911,اختيارف ت شفن-318060-99/11/26,32,41334,41334,1,1,1,0,0.0,1,0,0.0,1,1,1399-6-26
628,لپيام,گسترش صنايع پيام,32,26622,842186970,32280,31635,31635,-645,-2.0,32224,-56,-0.17,31635,31635,1399-6-26
629,اخزا718,اسنادخزانه-م18بودجه97-000525,32,49977,43217808640,869990,862200,865000,-4990,-0.57,864754,-5236,-0.6,862200,872000,1399-6-26
630,فنرژي,گسترش صنايع انرژي آذرآب,32,52459,577101459,11225,11001,11001,-224,-2.0,11212,-13,-0.12,11001,11001,1399-6-26
631,زنگان,صنعت روي زنگان,31,3751,583869407,163849,155657,155657,-8192,-5.0,163748,-101,-0.06,155657,155657,1399-6-26
632,استارز,ص.ج.ستاره برتر20%تاديه,31,64950,12990000000,200000,200000,200000,0,0.0,200000,0,0.0,200000,200000,1399-6-26
633,تسه9811,امتياز تسهيلات مسكن بهمن98,30,288,239861952,793195,832854,832854,39659,5.0,832854,39659,5.0,832854,832854,1399-6-26
634,ثاژن,سخت آژند,30,126130,1289805380,10652,10226,10226,-426,-4.0,10593,-59,-0.55,10226,10226,1399-6-26
635,تپمپي,پمپ‌ سازي‌ ايران‌,29,12095,597130150,51960,49370,49370,-2590,-4.98,51930,-30,-0.06,49370,49370,1399-6-26
636,اطلس2,صندوق س.توسعه اندوخته آينده-س,29,290000,290000,213229,1,1,-213228,-100.0,1,-213228,-100.0,1,1,1399-6-26
637,فافزا,فولاد افزا سپاهان,29,9536,444444352,49059,46607,46607,-2452,-5.0,49001,-58,-0.12,46607,46607,1399-6-26
638,تسه9810,امتياز تسهيلات مسكن دي98,29,489,405066965,791167,826114,810000,18833,2.38,828358,37191,4.7,805111,830725,1399-6-26
639,زعف9908پ14,زعفران9908پوشالمعمول نوين(پ),29,4885,332883000,68038,65150,70500,2462,3.62,68144,106,0.16,65150,70500,1399-6-26
640,پست9908-02,پسته فندقي32-30طلاسبززرند9908,29,1806,2715225606,1471856,1440100,1545000,73144,4.97,1503447,31591,2.15,1440000,1545000,1399-6-26
641,صگل411,ص اجاره گل گهر 411- 3 ماهه 17%,28,2382,2395418962,1029740,1544610,1000000,-29740,-2.89,1005633,-24107,-2.34,1000000,1016000,1399-6-26
642,زعف9908پ11,زعفران9908نگين سحرخيز(پ),28,3773,344828052,90824,90000,91902,1078,1.19,91394,570,0.63,89000,91902,1399-6-26
643,اخزا703,اسنادخزانه-م3بودجه97-990721,28,40359,39839636500,987097,987098,987100,3,0.0,987131,34,0.0,987013,988000,1399-6-26
644,نتوس,پشم‌ بافي‌ توس,28,35172,383867208,11251,10914,10914,-337,-3.0,11244,-7,-0.06,10914,10914,1399-6-26
645,وپسا,س. پتروشيمي ساختمان  خليج فارس,27,70825,366944325,5341,5181,5181,-160,-3.0,5338,-3,-0.06,5181,5181,1399-6-26
646,وآتوس,س.آرين توسكا قيمت اسمي 350ريال,27,49993,1692113071,32862,33847,33847,985,3.0,32933,71,0.22,33847,33847,1399-6-26
647,زعف9908پ06,زعفران 9908پوشالمعمول زرين(پ),27,3076,199084929,67271,64751,67200,-71,-0.11,64722,-2549,-3.79,64637,67200,1399-6-26
648,فسديد,لوله‌وتجهيزات‌ سديد - ورشكسته,26,102930,12370436190,118994,120183,120183,1189,1.0,120183,1189,1.0,120183,120183,1399-6-26
649,ارمغان,ص سرمايه گذاري ارمغان ايرانيان,26,237740,2391217180,10050,10060,10050,0,0.0,10060,10,0.1,10050,10060,1399-6-26
650,زير0003پ04,زيره سبز0003شركت مينوبذر(پ),25,860,369362787,431284,451000,430000,-1284,-0.3,429492,-1792,-0.42,427355,451000,1399-6-26
651,سنير,سيمان‌ سفيد ني‌ريز,25,4621,424577480,96710,91880,91880,-4830,-4.99,96670,-40,-0.04,91880,91880,1399-6-26
652,فنورد,نوردوقطعات‌ فولادي‌,25,21780,2661080400,116370,122180,122180,5810,4.99,116660,290,0.25,122180,122180,1399-6-26
653,زعف9908پ15,زعفران9908پوشالمعمول طلاسرخ(پ),25,6795,460648990,67989,66500,69150,1161,1.71,67792,-197,-0.29,64700,69150,1399-6-26
654,تسه9901,امتياز تسهيلات مسكن فروردين99,25,497,417019134,799218,839000,839178,39960,5.0,839073,39855,4.99,839000,839178,1399-6-26
655,اخزا806,اسنادخزانه-م6بودجه98-000519,24,43084,37070980997,865188,860000,860101,-5087,-0.59,860435,-4753,-0.55,860000,864996,1399-6-26
656,زعف9908پ17,زعفران9908پوشالمعمول بيرجند(پ),24,5297,360362864,68011,67000,67000,-1011,-1.49,68031,20,0.03,66500,68500,1399-6-26
657,تسه9802,امتياز تسهيلات مسكن ارديبهشت98,24,608,507017080,801516,820000,841591,40075,5.0,833910,32394,4.04,810000,841591,1399-6-26
658,تسه9711,امتياز تسهيلات مسكن بهمن 97,24,686,541608465,788748,749311,800000,11252,1.43,789517,769,0.1,749311,828185,1399-6-26
659,ضجار7018,اختيارخ وتجارت-2000-1399/07/22,23,531,838600000,1698,1690,1500,-198,-11.66,1579,-119,-7.01,1500,1690,1399-6-26
660,زعف9908پ13,زعفران9908پوشالمعمول روستا(پ),23,19971,1366194910,67389,65100,69000,1611,2.39,68409,1020,1.51,65000,69500,1399-6-26
661,تسه9808,امتياز تسهيلات مسكن آبان98,23,340,275684273,799845,832890,839837,39992,5.0,810836,10991,1.37,759853,839837,1399-6-26
662,ثاباد,توريستي ورفاهي آبادگران ايران,23,31673,1019553870,33880,32190,32190,-1690,-4.99,33840,-40,-0.12,32190,32190,1399-6-26
663,اخزا704,اسنادخزانه-م4بودجه97-991022,22,103861,98673248893,949999,950000,950004,5,0.0,950051,52,0.01,950000,955000,1399-6-26
664,اخزا813,اسنادخزانه-م13بودجه98-010219,22,20753,15589044621,751743,752000,751376,-367,-0.05,751171,-572,-0.08,750001,752000,1399-6-26
665,ضصاد8015,اختيارخ وبصادر-3400-1399/08/11,22,302,363399000,1195,1190,1201,6,0.5,1203,8,0.67,1000,1250,1399-6-26
666,زعف9908پ05,زعفران9908نگين زرين(پ),22,11455,990967200,87702,85000,86400,-1302,-1.48,86510,-1192,-1.36,85000,88700,1399-6-26
667,هصادر912,اختيارف ت صادرات-3750-99/12/23,22,1000000,1000000,1,1,1,0,0.0,1,0,0.0,1,1,1399-6-26
668,ومللح,ح . اعتباري ملل,21,23908,351641850,14200,14910,14500,300,2.11,14708,508,3.58,14500,14910,1399-6-26
669,ضصاد8018,اختيارخ وبصادر-4000-1399/08/11,21,336,313531000,807,900,940,133,16.48,933,126,15.61,800,1100,1399-6-26
670,تصميم2,صندوق س با درآمد ثابت تصميم,21,11000000,11000000,14460,1,1,-14459,-99.99,1,-14459,-99.99,1,1,1399-6-26
671,تكنو,تكنوتار,20,74941,1100133880,15450,14680,14680,-770,-4.98,15430,-20,-0.13,14680,14680,1399-6-26
672,لازما,كارخانه هاي صنعتي آزمايش,20,29199,923009589,32256,31611,31611,-645,-2.0,32194,-62,-0.19,31611,31611,1399-6-26
673,پلاست,كارخانجات توليدي پلاستيران,20,13587,578289894,43878,42562,42562,-1316,-3.0,43839,-39,-0.09,42562,42562,1399-6-26
674,تسه9712,امتياز تسهيلات مسكن اسفند97,20,426,348903711,781906,821001,800500,18594,2.38,819023,37117,4.75,742811,821001,1399-6-26
675,ضفلا8085,اختيارخ فولاد-16775-1399/08/28,19,87,545690000,5817,6000,6010,193,3.32,6272,455,7.82,5500,6999,1399-6-26
676,هفارس912,اختيارف ت فارس-14576-99/12/13,19,900000,900000,1,1,1,0,0.0,1,0,0.0,1,1,1399-6-26
677,تسه9801,امتياز تسهيلات مسكن فروردين98,19,627,511454138,805964,826242,846262,40298,5.0,815716,9752,1.21,780000,846262,1399-6-26
678,خچرخش,چرخشگر,19,19130,411677600,22650,21520,21520,-1130,-4.99,22640,-10,-0.04,21520,21520,1399-6-26
679,غشوكو,شوكو پارس,18,8416,374436256,45866,44491,44491,-1375,-3.0,45839,-27,-0.06,44491,44491,1399-6-26
680,كرونا2,تامين مالي جمعي صرفا اهداي سود,18,2680,26800000,10000,10000,10000,0,0.0,10000,0,0.0,10000,10000,1399-6-26
681,لخانه,لوازم‌ خانگي‌ پارس‌,17,23209,1339066464,59480,57696,57696,-1784,-3.0,59356,-124,-0.21,57696,57696,1399-6-26
682,تسه9809,امتياز تسهيلات مسكن آذر98,17,241,201638783,800190,840199,840000,39810,4.98,836675,36485,4.56,779000,840199,1399-6-26
683,ضپاس7016,اختيارخ وپارس-4200-1399/07/30,17,415,614761000,1747,1500,1460,-287,-16.43,1481,-266,-15.23,1401,1700,1399-6-26
684,اخزا721,اسنادخزانه-م21بودجه97-000728,17,38775,32337750162,833630,833630,833985,355,0.04,833984,354,0.04,833630,834005,1399-6-26
685,ضملت8034,اختيارخ وبملت-6755-1399/08/28,15,512,1898234400,946,700,900,-46,-4.86,895,-51,-5.39,700,900,1399-6-26
686,ثرود,سرمايه‌گذاري مسكن زاينده رود,15,31702,393168204,13054,12402,12402,-652,-4.99,13049,-5,-0.04,12402,12402,1399-6-26
687,فمراد,آلومراد,15,9736,1465754800,158470,150550,150550,-7920,-5.0,158220,-250,-0.16,150550,150550,1399-6-26
688,تسه9803,امتياز تسهيلات مسكن خرداد98,15,77,63206242,785599,823000,800000,14401,1.83,820860,35261,4.49,800000,824878,1399-6-26
689,تسه9806,امتياز تسهيلات مسكن شهريور98,14,253,206033052,817259,858000,785000,-32259,-3.95,814360,-2899,-0.35,777557,858120,1399-6-26
690,زعف9908پ09,زعفران9908نگين نوين(پ),14,1067,93281000,88443,87050,88150,-293,-0.33,87424,-1019,-1.15,86100,89900,1399-6-26
691,ضصاد8017,اختيارخ وبصادر-3800-1399/08/11,14,173,167300000,933,920,1000,67,7.18,967,34,3.64,900,1000,1399-6-26
692,ضخود7063,اختيارخ خودرو-5500-1399/07/09,14,706,7076000,282,283,6,-276,-97.87,10,-272,-96.45,1,283,1399-6-26
693,ضغدر8043,اختيارخ وغدير-16000-1399/08/26,14,283,1159860000,3726,3000,4500,774,20.77,4098,372,9.98,3000,4500,1399-6-26
694,شمواد,توليد مواداوليه الياف مصنوعي,14,4826,308970172,66002,64022,64022,-1980,-3.0,65970,-32,-0.05,64022,64022,1399-6-26
695,تسه9804,امتياز تسهيلات مسكن تير98,14,233,196534800,803409,843000,843000,39591,4.93,843497,40088,4.99,843000,843579,1399-6-26
696,ضملي8079,اختيارخ فملي-33750-1399/08/06,14,46,319222000,6231,6900,7000,769,12.34,6940,709,11.38,6701,7200,1399-6-26
697,زعف9908پ12,زعفران9908پوشالمعمول سحرخيز(پ),13,608,41470170,71830,67000,69000,-2830,-3.94,68208,-3622,-5.04,67000,71439,1399-6-26
698,ضسپا8007,اختيارخ خساپا-1100-1399/08/26,13,64,160044000,2300,2501,2500,200,8.7,2501,201,8.74,2500,2501,1399-6-26
699,كگل2,معدني و صنعتي گل گهر,13,1372235,34401931450,23880,25070,25070,1190,4.98,25070,1190,4.98,25070,25070,1399-6-26
700,زير0003پ01,زيره سبز0003كيميابذر(پ),13,803,367453196,449847,435000,464999,15152,3.37,457600,7753,1.72,435000,464999,1399-6-26
701,قمرو,قند مرودشت‌,13,14937,529217910,37290,35430,35430,-1860,-4.99,37270,-20,-0.05,35430,35430,1399-6-26
702,تسه9807,امتياز تسهيلات مسكن مهر98,12,187,157088238,802329,830376,842445,40116,5.0,840044,37715,4.7,800000,842445,1399-6-26
703,ضملت8032,اختيارخ وبملت-5789-1399/08/28,12,193,990108959,1374,1201,1300,-74,-5.39,1239,-135,-9.83,1200,1399,1399-6-26
704,ضجار7036,اختيارخ وتجارت-6500-1399/07/22,12,526,27388000,56,55,48,-8,-14.29,52,-4,-7.14,46,59,1399-6-26
705,ضملي8087,اختيارخ فملي-59750-1399/08/06,12,206,151915000,650,800,780,130,20.0,737,87,13.38,700,800,1399-6-26
706,ثتوسا,س.توسعه و عمران استان اردبيل,12,8038,595366622,76359,74069,74069,-2290,-3.0,76286,-73,-0.1,74069,74069,1399-6-26
707,پست9908-08,پسته فندقي32-30زرينمه ولات9908,12,181,268712285,1503017,1520000,1545446,42429,2.82,1484598,-18419,-1.23,1398265,1545446,1399-6-26
708,شسم,توليد سموم‌ علف‌ كش,11,4223,338000474,78469,80038,80038,1569,2.0,78519,50,0.06,80038,80038,1399-6-26
709,ضملي8085,اختيارخ فملي-51750-1399/08/06,11,79,195472000,3435,5400,1220,-2215,-64.48,2474,-961,-27.98,1220,5400,1399-6-26
710,وايرا,سرمايه گذاري صنايع ايران,11,24722,224797146,9374,9093,9093,-281,-3.0,9371,-3,-0.03,9093,9093,1399-6-26
711,ضصاد8012,اختيارخ وبصادر-2800-1399/08/11,11,261,397816000,1618,1500,1400,-218,-13.47,1524,-94,-5.81,1366,1600,1399-6-26
712,اخزا720,اسنادخزانه-م20بودجه97-000324,11,6107,5403588887,881905,884000,885000,3095,0.35,884819,2914,0.33,884000,885000,1399-6-26
713,ضچاد7020,اختيارخ كچاد-17300-1399/07/07,11,124,530547000,4675,4000,4121,-554,-11.85,4279,-396,-8.47,3900,4380,1399-6-26
714,كچاد2,معدني‌وصنعتي‌چادرملو,11,7090377,146274502802,19650,20630,20630,980,4.99,20630,980,4.99,20630,20632,1399-6-26
715,سرو2,صندوق س سروسودمند مدبران-سهام,10,1000000,1000000,71680,1,1,-71679,-100.0,1,-71679,-100.0,1,1,1399-6-26
716,ضخود7053,اختيارخ خودرو-3200-1399/07/09,10,33,19153000,714,780,600,-114,-15.97,580,-134,-18.77,398,790,1399-6-26
717,كابگن,توليدي و صنعتي آبگينه‌,10,41785,185441830,4395,4438,4438,43,0.98,4397,2,0.05,4438,4438,1399-6-26
718,پست9908-04,پسته فندقي32-30سبزدانه9908,10,148,223719886,1510826,1545448,1545448,34622,2.29,1511621,795,0.05,1400001,1545448,1399-6-26
719,ضغدر8045,اختيارخ وغدير-18000-1399/08/26,10,126,411700000,2510,3400,3370,860,34.26,3267,757,30.16,3200,3400,1399-6-26
720,ضفلا8093,اختيارخ فولاد-29775-1399/08/28,10,41,82083000,1699,1699,2100,401,23.6,2002,303,17.83,1699,2100,1399-6-26
721,ضصاد8000,اختيارخ وبصادر-1200-1399/08/11,10,313,991515000,3152,3200,3112,-40,-1.27,3168,16,0.51,3100,3200,1399-6-26
722,ضخوز7028,اختيارخ فخوز-43470-1399/07/20,10,36,405426000,10442,12000,12000,1558,14.92,11262,820,7.85,10500,12000,1399-6-26
723,افران2,صندوق س افرا نماد پايدار-ثابت,9,900000,900000,11690,1,1,-11689,-99.99,1,-11689,-99.99,1,1,1399-6-26
724,سلار,شركت سيمان لارستان,9,2979,87588558,30311,29402,29402,-909,-3.0,30307,-4,-0.01,29402,29402,1399-6-26
725,اخزا716,اسنادخزانه-م16بودجه97-000407,9,20526,17986232671,872948,872949,874141,1193,0.14,876266,3318,0.38,872949,880000,1399-6-26
726,ضصاد8013,اختيارخ وبصادر-3000-1399/08/11,9,110,163332000,1485,1400,1100,-385,-25.93,1485,0,0.0,1100,1510,1399-6-26
727,اخزا820,اسنادخزانه-م20بودجه98-020806,9,25092,14754086139,589057,588300,588000,-1057,-0.18,588000,-1057,-0.18,586501,588300,1399-6-26
728,سفارود,كارخانه فارسيت درود,9,12119,84081622,7079,6938,6938,-141,-1.99,7078,-1,-0.01,6938,6938,1399-6-26
729,ضصاد8019,اختيارخ وبصادر-4200-1399/08/11,8,61,46725000,780,750,789,9,1.15,766,-14,-1.79,750,789,1399-6-26
730,وسالت,بانك قرض الحسنه رسالت,8,6365,26949410,4151,4234,4234,83,2.0,4151,0,0.0,4234,4234,1399-6-26
731,ضغدر8042,اختيارخ وغدير-15000-1399/08/26,8,88,428500000,4690,5500,4888,198,4.22,4869,179,3.82,4700,5500,1399-6-26
732,اشاد10,مشاركت دولتي10-شرايط خاص001226,8,28100,27707335100,970819,975200,980000,9181,0.95,986026,15207,1.57,975200,994001,1399-6-26
733,صايند2,صندوق س. گنجينه آينده روشن-د,8,1700000,1700000,9898,1,1,-9897,-99.99,1,-9897,-99.99,1,1,1399-6-26
734,ضفلا8082,اختيارخ فولاد-13775-1399/08/28,8,49,414200000,7042,8500,7600,558,7.92,8453,1411,20.04,7600,9300,1399-6-26
735,خفناور,مهندسي صنعتي روان فن آور,8,22225,542089975,25145,24391,24391,-754,-3.0,25124,-21,-0.08,24391,24391,1399-6-26
736,ضخود7039,اختيارخ خودرو-1500-1399/07/09,8,23,48950000,1800,2000,2000,200,11.11,2128,328,18.22,2000,2300,1399-6-26
737,اخزا713,اسنادخزانه-م13بودجه97-000518,7,2102,1802055164,856079,857500,857107,1028,0.12,857305,1226,0.14,856516,857500,1399-6-26
738,صخود412,ص مرابحه خودرو412- 3ماهه 18%,7,427,423959250,999995,991000,1000000,5,0.0,992879,-7116,-0.71,986012,1000000,1399-6-26
739,وبملت2,بانك ملت,7,1380284366,8668185818480,6280,6280,6280,0,0.0,6280,0,0.0,6280,6280,1399-6-26
740,اخزا810,اسنادخزانه-م10بودجه98-001006,7,28235,22611377931,803860,803053,800951,-2909,-0.36,800828,-3032,-0.38,800518,803053,1399-6-26
741,ضپاس7018,اختيارخ وپارس-4600-1399/07/30,7,360,385280000,1511,1100,1090,-421,-27.86,1070,-441,-29.19,1000,1100,1399-6-26
742,اخزا804,اسنادخزانه-م4بودجه98-000421,7,8477,7357055521,872704,867201,867700,-5004,-0.57,867884,-4820,-0.55,867201,868500,1399-6-26
743,ضپيك7033,اختيارخ تاپيكو-21370-99/07/20,7,81,150828000,2800,3000,1500,-1300,-46.43,1862,-938,-33.5,1500,3000,1399-6-26
744,ضغدر8046,اختيارخ وغدير-19000-1399/08/26,7,240,732900000,2082,3000,3100,1018,48.9,3054,972,46.69,3000,3100,1399-6-26
745,اخزا807,اسنادخزانه-م7بودجه98-000719,6,4686,3915524871,837442,840000,834200,-3242,-0.39,835579,-1863,-0.22,833114,840000,1399-6-26
746,سكه9912پ04,سكه تمام بهارتحويل1روزه صادرات,6,7800,9556599000,1213075,1225205,1225205,12130,1.0,1225205,12130,1.0,1225205,1225205,1399-6-26
747,شرق1400,مشاركت ليزينگ ايران وشرق140010,6,116,117510040,1030000,1010001,1010000,-20000,-1.94,1013018,-16982,-1.65,1010000,1080000,1399-6-26
748,شلرد02,كود شيميايي اوره لردگان,6,266,266266000,1009435,1001000,1001000,-8435,-0.84,1001000,-8435,-0.84,1001000,1001000,1399-6-26
749,اخزا902,اسنادخزانه-م2بودجه99-011019,6,10010,6682704364,665903,671700,667000,1097,0.16,667603,1700,0.26,667000,669998,1399-6-26
750,اخزا723,اسنادخزانه-م23بودجه97-000824,6,10169,8433383833,829358,829358,829358,0,0.0,829323,-35,0.0,829000,829360,1399-6-26
751,ضجار7025,اختيارخ وتجارت-3400-1399/07/22,6,123,59918000,529,402,500,-29,-5.48,487,-42,-7.94,402,500,1399-6-26
752,ضصاد8008,اختيارخ وبصادر-2000-1399/08/11,6,21,46983000,2457,2112,2398,-59,-2.4,2237,-220,-8.95,2110,2399,1399-6-26
753,ضملت8037,اختيارخ وبملت-8204-1399/08/28,6,48,107707410,566,600,500,-66,-11.66,542,-24,-4.24,500,600,1399-6-26
754,ضچاد7025,اختيارخ كچاد-26000-1399/07/07,6,17,2800000,179,170,160,-19,-10.61,165,-14,-7.82,150,170,1399-6-26
755,عسناسنگ,سلف كنستانتره سنگ آهن سناباد,6,43,288911441,6751800,6808911,6675403,-76397,-1.13,6718870,-32930,-0.49,6675403,6808911,1399-6-26
756,شستا993,اجاره ت.اجتماعي-كاردان991226,5,70,71029701,1030295,1014711,1014710,-15585,-1.51,1014710,-15585,-1.51,1014710,1014711,1399-6-26
757,وثخوز,سرمايه گذاري و توسعه خوزستان,5,3748,138293704,38039,36898,36898,-1141,-3.0,38031,-8,-0.02,36898,36898,1399-6-26
758,ضجار7027,اختيارخ وتجارت-3800-1399/07/22,5,90,25005000,350,202,420,70,20.0,278,-72,-20.57,200,487,1399-6-26
759,ضچاد7018,اختيارخ كچاد-15300-1399/07/07,5,24,38200000,6605,6000,5500,-1105,-16.73,1592,-5013,-75.9,760,6000,1399-6-26
760,تسه9805,امتياز تسهيلات مسكن مرداد98,5,21,17367532,796157,835000,835964,39807,5.0,827025,30868,3.88,790000,835964,1399-6-26
761,ضفلا8068,اختيارخ فولاد-4751-1399/08/28,5,16,383996832,14100,15000,15800,1700,12.06,14925,825,5.85,14500,15800,1399-6-26
762,تاپيكو2,س. نفت و گاز و پتروشيمي تأمين,4,419970240,8668185753600,20640,20640,20640,0,0.0,20640,0,0.0,20640,20640,1399-6-26
763,اشاد9,مشاركت دولتي9-شرايط خاص990909,4,12700,12604008500,996961,999995,992001,-4960,-0.5,992442,-4519,-0.45,992001,999995,1399-6-26
764,ضفار8037,اختيارخ فارس-12826-1399/08/06,4,4,28851000,5000,7300,7000,2000,40.0,7213,2213,44.26,7000,7300,1399-6-26
765,سكه0012پ01,سكه تمام بهارتحويلي 1روزه رفاه,4,800,980164000,1213075,1225205,1225205,12130,1.0,1225205,12130,1.0,1225205,1225205,1399-6-26
766,ضچاد7013,اختيارخ كچاد-10300-1399/07/07,4,11,120300000,10111,10500,11500,1389,13.74,10936,825,8.16,10500,11500,1399-6-26
767,ضفلا8079,اختيارخ فولاد-10775-1399/08/28,4,7,69000000,9561,10000,9500,-61,-0.64,9857,296,3.1,9500,11000,1399-6-26
768,ضسپا8017,اختيارخ خساپا-2200-1399/08/26,4,36,45000000,1600,2000,1100,-500,-31.25,1250,-350,-21.88,1100,2000,1399-6-26
769,ضصاد8021,اختيارخ وبصادر-4600-1399/08/11,4,118,59810000,578,520,500,-78,-13.49,507,-71,-12.28,500,520,1399-6-26
770,ضسپا8018,اختيارخ خساپا-2400-1399/08/26,4,17,17500000,650,1000,1000,350,53.85,1029,379,58.31,1000,1100,1399-6-26
771,اعتماد2,صندوق س.اعتماد آفرين پارسيان-د,4,35000000,35000000,32355,1,1,-32354,-100.0,1,-32354,-100.0,1,1,1399-6-26
772,ضملي1148,اختيارخ فملي-10140-1399/11/05,4,7,159999000,1,10000,25600,25599,2559900.0,22857,22856,2285600.0,10000,25600,1399-6-26
773,آگاس2,صندوق س.هستي بخش آگاه-س,4,2500000,2500000,80026,1,1,-80025,-100.0,1,-80025,-100.0,1,1,1399-6-26
774,ضملي8072,اختيارخ فملي -19750-1399/08/06,4,51,918000000,17900,18000,18000,100,0.56,18000,100,0.56,18000,18000,1399-6-26
775,ضصاد8014,اختيارخ وبصادر-3200-1399/08/11,4,100,127550000,1231,1400,1250,19,1.54,1275,44,3.57,1250,1400,1399-6-26
776,وسقم,شركت س استان قم,4,124876,176075160,1350,1410,1410,60,4.44,1350,0,0.0,1410,1410,1399-6-26
777,ضچاد1012,اختيارخ كچاد-10000-1399/10/02,4,24,336000000,13900,14000,14000,100,0.72,14000,100,0.72,14000,14000,1399-6-26
778,تملي801,تسهيلات مسكن ب. ملي-فروردين98,4,66,17162310,247653,260035,260035,12382,5.0,260035,12382,5.0,260035,260035,1399-6-26
779,ضغدر8040,اختيارخ وغدير-13000-1399/08/26,3,50,340000000,6000,6500,7000,1000,16.67,6800,800,13.33,6500,7000,1399-6-26
780,ضخود7041,اختيارخ خودرو-1700-1399/07/09,3,29,45375000,1500,1000,1655,155,10.33,1565,65,4.33,1000,1655,1399-6-26
781,ضصاد8022,اختيارخ وبصادر-4800-1399/08/11,3,23,13300000,550,500,700,150,27.27,578,28,5.09,500,700,1399-6-26
782,ضچاد7023,اختيارخ كچاد-21300-1399/07/07,3,6,5600000,286,650,1500,1214,424.48,933,647,226.22,650,1500,1399-6-26
783,تابا,تابان نيرو سپاهان,3,607,18924439,32817,31177,31177,-1640,-5.0,32815,-2,-0.01,31177,31177,1399-6-26
784,ضگل8062,اختيارخ كگل-18100-1399/08/21,3,12,113000000,8325,9000,9500,1175,14.11,9417,1092,13.12,9000,9500,1399-6-26
785,ضملت8033,اختيارخ وبملت-6272-1399/08/28,3,50,207050000,1072,1000,1000,-72,-6.72,1000,-72,-6.72,1000,1000,1399-6-26
786,شستا003,اجاره تامين اجتماعي-سپهر000523,3,38,39459009,1049000,1001001,1050000,1000,0.1,1038395,-10605,-1.01,1001001,1050000,1399-6-26
787,اخزا819,اسنادخزانه-م19بودجه98-020322,3,264,169488000,642000,642000,642000,0,0.0,642000,0,0.0,642000,642000,1399-6-26
788,ضجار7021,اختيارخ وتجارت-2600-1399/07/22,3,135,148200000,1124,1000,1100,-24,-2.14,1098,-26,-2.31,1000,1100,1399-6-26
789,ضسپا8033,اختيارخ خساپا-6000-1399/08/26,3,5,1000000,307,400,200,-107,-34.85,200,-107,-34.85,200,200,1399-6-26
790,ضپاس7000,اختيارخ وپارس-1500-1399/07/30,3,61,238525000,4001,4000,3500,-501,-12.52,3910,-91,-2.27,3500,4001,1399-6-26
791,ضملت8025,اختيارخ وبملت-3616-1399/08/28,3,12,137721378,3000,3000,2020,-980,-32.67,2771,-229,-7.63,2020,3099,1399-6-26
792,ضفلا8083,اختيارخ فولاد-14775-1399/08/28,3,8,49000000,5902,6000,7000,1098,18.6,6125,223,3.78,6000,7000,1399-6-26
793,تملي711,تسهيلات مسكن ب. ملي-بهمن97,3,29,11609454,381263,400326,400326,19063,5.0,400326,19063,5.0,400326,400326,1399-6-26
794,ضغدر8036,اختيارخ وغدير-9500-1399/08/26,2,5,50000000,11000,10000,10000,-1000,-9.09,10000,-1000,-9.09,10000,10000,1399-6-26
795,ضمخا7036,اختيارخ اخابر-2750-1399/07/30,2,2,34000000,16750,17000,17000,250,1.49,17000,250,1.49,17000,17000,1399-6-26
796,اروند10,منفعت صبا اروند لوتوس 14001222,2,50,50294150,1009805,1009805,1000000,-9805,-0.97,1005883,-3922,-0.39,1000000,1009805,1399-6-26
797,زير0003پ02,زيره سبز0003 دانش(پ),2,21,8974465,436217,427355,427365,-8852,-2.03,427355,-8862,-2.03,427355,427365,1399-6-26
798,صايپا908,صكوك مرابحه سايپا908-3ماهه 18%,2,39,38922000,1000000,998000,998000,-2000,-0.2,998000,-2000,-0.2,998000,998000,1399-6-26
799,طسان7050,اختيارف پارسان-11000-99/07/15,2,3,6000,1,2,2,1,100.0,2,1,100.0,2,2,1399-6-26
800,ضخود7049,اختيارخ خودرو-3000-1399/07/09,2,2,1300000,1744,400,900,-844,-48.39,650,-1094,-62.73,400,900,1399-6-26
801,تملي803,تسهيلات مسكن ب. ملي-خرداد98,2,12,1888902,156969,150000,164817,7848,5.0,157408,439,0.28,150000,164817,1399-6-26
802,ضجار7016,اختيارخ وتجارت-1800-1399/07/22,2,26,46423000,1886,1800,1423,-463,-24.55,1785,-101,-5.36,1423,1800,1399-6-26
803,حكمت01,مشاركت حكمت ايرانيان 140107,2,23,25300000,1096022,1205624,1100000,3978,0.36,1100000,3978,0.36,1100000,1100000,1399-6-26
804,سنفت993,سلف نفت خام سبك داخلي 993,2,307200,269736960000,906100,906100,850000,-56100,-6.19,878050,-28050,-3.1,850000,906100,1399-6-26
805,ياقوت2,صندوق س ياقوت آگاه-ثابت,2,4330000,4330000,11030,1,1,-11029,-99.99,1,-11029,-99.99,1,1,1399-6-26
806,ضپاس7015,اختيارخ وپارس-4000-1399/07/30,2,29,48400000,2150,1800,1600,-550,-25.58,1669,-481,-22.37,1600,1800,1399-6-26
807,ضملي8075,اختيارخ فملي -25750-1399/08/06,2,2,25001000,11999,12501,12500,501,4.18,12500,501,4.18,12500,12501,1399-6-26
808,صپامهر,بار پايه صنعتي مهر,2,300000,131708000,327,441,439,112,34.25,439,112,34.25,439,441,1399-6-26
809,سپرمي,پرميت‌,2,1200,10052400,8461,8377,8377,-84,-0.99,8461,0,0.0,8377,8377,1399-6-26
810,عفولاد3,اوراق سلف موازي ورق گرم فولاد,2,22,17218476,782296,782658,782658,362,0.05,782658,362,0.05,782658,782658,1399-6-26
811,ضفار8041,اختيارخ فارس-16826-1399/08/06,2,2,7110000,1546,3555,3555,2009,129.95,3555,2009,129.95,3555,3555,1399-6-26
812,پسهند2,صنايع‌ لاستيكي‌  سهند,2,1450000,76374000000,51810,53000,51810,0,0.0,52672,862,1.66,51810,53000,1399-6-26
813,كمنگنز2,معادن‌منگنزايران‌,2,1150000,102303000000,86010,90000,86010,0,0.0,88959,2949,3.43,86010,90000,1399-6-26
814,ضپاس7014,اختيارخ وپارس-3800-1399/07/30,2,20,41900000,2076,2090,2100,24,1.16,2095,19,0.92,2090,2100,1399-6-26
815,تملي701,تسهيلات مسكن ب. ملي-فروردين97,2,9,4077036,431433,453004,453004,21571,5.0,453004,21571,5.0,453004,453004,1399-6-26
816,اراد504,مرابحه عام دولت5-ش.خ0302,2,2000000,1944000000000,970000,1000000,944000,-26000,-2.68,972000,2000,0.21,944000,1000000,1399-6-26
817,ضگل8061,اختيارخ كگل-17100-1399/08/21,2,10,89000000,8100,8900,8900,800,9.88,8900,800,9.88,8900,8900,1399-6-26
818,ضگل8066,اختيارخ كگل-25100-1399/08/21,2,26,131501000,3898,4001,5100,1202,30.84,5058,1160,29.76,4001,5100,1399-6-26
819,ضپار8019,اختيارخ خپارس-3800-1399/08/18,2,3,21000000,7423,7000,7000,-423,-5.7,7000,-423,-5.7,7000,7000,1399-6-26
820,صايپا012,صكوك مرابحه سايپا012-3ماهه 16%,2,6,6009552,1021479,1001592,1001592,-19887,-1.95,1001592,-19887,-1.95,1001592,1001592,1399-6-26
821,تملي708,تسهيلات مسكن ب. ملي-آبان97,2,38,6619980,165915,174210,174210,8295,5.0,174210,8295,5.0,174210,174210,1399-6-26
822,ضملي8067,اختيارخ فملي -14750-1399/08/06,2,16,336000000,21010,24000,21000,-10,-0.05,21000,-10,-0.05,21000,21000,1399-6-26
823,ضجار7017,اختيارخ وتجارت-1900-1399/07/22,2,23,39900000,1593,1700,1740,147,9.23,1735,142,8.91,1700,1740,1399-6-26
824,تملي705,تسهيلات مسكن ب. ملي-مرداد97,2,45,12126285,256641,269473,269473,12832,5.0,269473,12832,5.0,269473,269473,1399-6-26
825,ضچاد7015,اختيارخ كچاد-12300-1399/07/07,2,6,54000000,6500,9000,9000,2500,38.46,9000,2500,38.46,9000,9000,1399-6-26
826,صايپا998,صكوك مرابحه سايپا998-3ماهه 18%,2,6702,6702093100,994950,1000000,1004900,9950,1.0,1000014,5064,0.51,1000000,1004900,1399-6-26
827,وگردش2,بانك گردشگري,1,44000000,854040000000,20000,19410,19410,-590,-2.95,19410,-590,-2.95,19410,19410,1399-6-26
828,ضملي8057,اختيارخ فملي -7250-1399/08/06,1,1,30000000,29905,30000,30000,95,0.32,30000,95,0.32,30000,30000,1399-6-26
829,صخود0012,ص مرابحه خودرو0012- 3ماهه 18%,1,5,5100000,1020000,1020000,1020000,0,0.0,1020000,0,0.0,1020000,1020000,1399-6-26
830,ضچاد7016,اختيارخ كچاد-13300-1399/07/07,1,10,80000000,6000,8000,8000,2000,33.33,8000,2000,33.33,8000,8000,1399-6-26
831,ضجار7015,اختيارخ وتجارت-1700-1399/07/22,1,10,19000000,2500,1900,1900,-600,-24.0,1900,-600,-24.0,1900,1900,1399-6-26
832,انرژي1,نهادهاي مالي بورس انرژي,1,500,220670000,464560,441340,441340,-23220,-5.0,464510,-50,-0.01,441340,441340,1399-6-26
833,مبين014,اجاره اعتماد مبين لوتوس011019,1,2000,1924000000,975000,962000,962000,-13000,-1.33,962000,-13000,-1.33,962000,962000,1399-6-26
834,ضگل8055,اختيارخ كگل-11100-1399/08/21,1,1,15000000,11650,15000,15000,3350,28.76,15000,3350,28.76,15000,15000,1399-6-26
835,عفولاد4,اوراق سلف ورق گرم فولاد اصفهان,1,27,23829768,899399,882584,882584,-16815,-1.87,882584,-16815,-1.87,882584,882584,1399-6-26
836,تملي707,تسهيلات مسكن ب. ملي-مهر97,1,1,337533,321460,337533,337533,16073,5.0,337533,16073,5.0,337533,337533,1399-6-26
837,پارسا306,صكوك اجاره پارسيان-6ماهه16%,1,1000,970000000,990083,970000,970000,-20083,-2.03,970000,-20083,-2.03,970000,970000,1399-6-26
838,تملي807,تسهيلات مسكن ب. ملي-مهر98,1,1,209871,199878,209871,209871,9993,5.0,209871,9993,5.0,209871,209871,1399-6-26
839,تملي702,تسهيلات مسكن ب. ملي-ارديبهشت97,1,1,390245,371662,390245,390245,18583,5.0,390245,18583,5.0,390245,390245,1399-6-26
840,ضغدر8035,اختيارخ وغدير-9000-1399/08/26,1,1,11500000,8000,11500,11500,3500,43.75,11500,3500,43.75,11500,11500,1399-6-26
841,سكه0011پ02,سكه تمام بهارتحويلي 1روزه ملت,1,100,122520500,1213075,1225205,1225205,12130,1.0,1225205,12130,1.0,1225205,1225205,1399-6-26
842,ضفار8031,اختيارخ فارس-8326-1399/08/06,1,10,150000000,14000,15000,15000,1000,7.14,15000,1000,7.14,15000,15000,1399-6-26
843,تملي703,تسهيلات مسكن ب. ملي-خرداد97,1,3,641256,203574,213752,213752,10178,5.0,213752,10178,5.0,213752,213752,1399-6-26
844,تملي709,تسهيلات مسكن ب. ملي-آذر97,1,22,6056028,262166,275274,275274,13108,5.0,275274,13108,5.0,275274,275274,1399-6-26
845,صمسكن912,ص دين مسكن جنوب-ماهانه16درصد,1,700,138249300,197564,197499,197499,-65,-0.03,197499,-65,-0.03,197499,197499,1399-6-26
846,ضفلا8081,اختيارخ فولاد-12775-1399/08/28,1,1,7990000,3716,7990,7990,4274,115.02,7990,4274,115.02,7990,7990,1399-6-26
847,ضجار7028,اختيارخ وتجارت-4000-1399/07/22,1,5,2300000,490,460,460,-30,-6.12,460,-30,-6.12,460,460,1399-6-26
848,تملي805,تسهيلات مسكن ب. ملي-مرداد98,1,5,853605,162592,170721,170721,8129,5.0,170721,8129,5.0,170721,170721,1399-6-26
849,ضغدر8041,اختيارخ وغدير-14000-1399/08/26,1,18,90000000,6000,5000,5000,-1000,-16.67,5000,-1000,-16.67,5000,5000,1399-6-26
850,وتوكا2,سرمايه‌گذاري‌توكافولاد(هلدينگ,1,40000000,482000000000,11480,12050,12050,570,4.97,12050,570,4.97,12050,12050,1399-6-26
851,اراد41,مرابحه عام دولت4-ش.خ 0006,1,1000,942141000,958816,942141,942141,-16675,-1.74,942141,-16675,-1.74,942141,942141,1399-6-26
852,ضفلا8078,اختيارخ فولاد-9775-1399/08/28,1,37,407000000,10925,11000,11000,75,0.69,11000,75,0.69,11000,11000,1399-6-26
853,ضملي8068,اختيارخ فملي -15750-1399/08/06,1,3,48000000,17245,16000,16000,-1245,-7.22,16000,-1245,-7.22,16000,16000,1399-6-26
854,ضخوز7021,اختيارخ فخوز-27470-1399/07/20,1,1,33000000,22600,33000,33000,10400,46.02,33000,10400,46.02,33000,33000,1399-6-26
855,تملي704,تسهيلات مسكن ب. ملي-تير97,1,1,677770,645496,677770,677770,32274,5.0,677770,32274,5.0,677770,677770,1399-6-26
856,حرهشا,رهشاد سپاهان (سهامي عام,1,90,5438790,62300,60431,60431,-1869,-3.0,62299,-1,0.0,60431,60431,1399-6-26
857,شتهران,داروسازي تهران شيمي,1,15179,129734913,8219,8547,8547,328,3.99,8223,4,0.05,8547,8547,1399-6-26
858,ضپاس7025,اختيارخ وپارس-7500-1399/07/30,1,3,900000,902,300,300,-602,-66.74,300,-602,-66.74,300,300,1399-6-26
859,تملي802,تسهيلات مسكن ب. ملي-ارديبهشت98,1,1,432380,411791,432380,432380,20589,5.0,432380,20589,5.0,432380,432380,1399-6-26
860,اراد36,مرابحه عام دولت3-ش.خ 0104,1,2000,1830000000,950000,915000,915000,-35000,-3.68,915000,-35000,-3.68,915000,915000,1399-6-26
861,ضملت8021,اختيارخ وبملت-2650-1399/08/28,1,1,18634500,3900,4500,4500,600,15.38,4500,600,15.38,4500,4500,1399-6-26
862,صخابر102,صكوك اجاره مخابرات-3 ماهه 16%,1,2000,1982000000,1010000,991000,991000,-19000,-1.88,991000,-19000,-1.88,991000,991000,1399-6-26
863,ضسپا8038,اختيارخ خساپا-8500-1399/08/26,1,2,700000,117,350,350,233,199.15,350,233,199.15,350,350,1399-6-26
864,ضخوز7024,اختيارخ فخوز-33470-1399/07/20,1,1,18000000,20000,18000,18000,-2000,-10.0,18000,-2000,-10.0,18000,18000,1399-6-26
865,ضغدر8030,اختيارخ وغدير-6510-1399/08/26,1,1,14400000,11750,14400,14400,2650,22.55,14400,2650,22.55,14400,14400,1399-6-26
866,اخزا805,اسنادخزانه-م5بودجه98-000422,1,199,172632699,872276,867501,867501,-4775,-0.55,867501,-4775,-0.55,867501,867501,1399-6-26
867,تملي612,تسهيلات مسكن بانك ملي-اسفند96,1,1,2128296,2026949,2128296,2128296,101347,5.0,2128296,101347,5.0,2128296,2128296,1399-6-26
868,ضگل8057,اختيارخ كگل-13100-1399/08/21,1,2,19200000,9200,9600,9600,400,4.35,9600,400,4.35,9600,9600,1399-6-26
869,ضصاد8016,اختيارخ وبصادر-3600-1399/08/11,1,1,810000,999,810,810,-189,-18.92,810,-189,-18.92,810,810,1399-6-26
870,تملي710,تسهيلات مسكن ب. ملي-دي97,1,48,16935216,336017,352817,352817,16800,5.0,352817,16800,5.0,352817,352817,1399-6-26
871,ضخود7048,اختيارخ خودرو-2800-1399/07/09,1,1,600000,1248,600,600,-648,-51.92,600,-648,-51.92,600,600,1399-6-26
872,ضخوز7031,اختيارخ فخوز-55470-1399/07/20,1,1,5900000,5994,5900,5900,-94,-1.57,5900,-94,-1.57,5900,5900,1399-6-26
873,تملي712,تسهيلات مسكن ب. ملي-اسفند97,1,1,410366,390825,410366,410366,19541,5.0,410366,19541,5.0,410366,410366,1399-6-26
874,اخزا722,اسنادخزانه-م22بودجه97-000428,1,20,17504000,875016,875200,875200,184,0.02,875200,184,0.02,875200,875200,1399-6-26
875,تملي706,تسهيلات مسكن ب. ملي-شهريور97,1,1,192918,183732,192918,192918,9186,5.0,192918,9186,5.0,192918,192918,1399-6-26
876,رهن0104,اوراق رهني بانك مسكن14010423,1,5,5000000,1000000,1000000,1000000,0,0.0,1000000,0,0.0,1000000,1000000,1399-6-26
877,ضپاس7022,اختيارخ وپارس-6000-1399/07/30,1,3,1800000,400,600,600,200,50.0,600,200,50.0,600,600,1399-6-26
878,ضملي1152,اختيارخ فملي-18252-1399/11/05,1,7,115500000,1,16500,16500,16499,1649900.0,16500,16499,1649900.0,16500,16500,1399-6-26
879,ضخوز7023,اختيارخ فخوز-31470-1399/07/20,1,1,22600000,19500,22600,22600,3100,15.9,22600,3100,15.9,22600,22600,1399-6-26
880,افاد1,منفعت دولت-با شرايط خاص140006,1,100,100000600,1001000,1000006,1000006,-994,-0.1,1000006,-994,-0.1,1000006,1000006,1399-6-26
881,اروند11,منفعت صبا اروند سپهر 14001222,1,19,18525228,973002,975012,975012,2010,0.21,975012,2010,0.21,975012,975012,1399-6-26
882,اراد364,مرابحه عام دولت3-ش.خ 0104,1,2496000,2271360000000,950000,910000,910000,-40000,-4.21,910000,-40000,-4.21,910000,910000,1399-6-26
883,ضپاس7013,اختيارخ وپارس-3600-1399/07/30,1,30,59970000,2500,1999,1999,-501,-20.04,1999,-501,-20.04,1999,1999,1399-6-26
884,ضخود7069,اختيارخ خودرو-8500-1399/07/09,1,50,500000,99,10,10,-89,-89.9,10,-89,-89.9,10,10,1399-6-26
885,ضملت8027,اختيارخ وبملت-4100-1399/08/28,1,10,82820000,11429,2000,2000,-9429,-82.5,2000,-9429,-82.5,2000,2000,1399-6-26
886,ضفلا8076,اختيارخ فولاد-8775-1399/08/28,1,1,12000000,12000,12000,12000,0,0.0,12000,0,0.0,12000,12000,1399-6-26
887,ضخود7050,اختيارخ خودرو-1200-1399/07/09,1,31,68200000,2244,2200,2200,-44,-1.96,2200,-44,-1.96,2200,2200,1399-6-26
888,ضخوز7030,اختيارخ فخوز-51470-1399/07/20,1,4,30000000,4147,7500,7500,3353,80.85,7500,3353,80.85,7500,7500,1399-6-26
889,اخزا9032,اسنادخزانه-م3بودجه99-011110,1,150000,99750000000,656023,665000,665000,8977,1.37,665000,8977,1.37,665000,665000,1399-6-26
