,نماد,نام,تعداد,حجم,ارزش,دیروز,اولین,آخرین معامله - مقدار,آخرین معامله - تغییر,آخرین معامله - درصد,قیمت پایانی - مقدار,قیمت پایانی - تغییر,قیمت پایانی - درصد,کمترین,بیشترین,تاریخ
0,پالايش,صندوق پالايشي يکم-سهام,110693,118431343,9809764724580,80430,77220,86880,6450,8.02,82830,2400,2.98,77220,88200,1399-12-5
1,دارا يكم,صندوق واسطه گري مالي يكم-سهام,71510,54387256,7555803781310,136150,130710,145490,9340,6.86,138930,2780,2.04,130710,148800,1399-12-5
2,كزغال,زغال سنگ پروده طبس,53521,19744009,591571053154,30573,29962,29962,-611,-2.0,29962,-611,-2.0,29962,29970,1399-12-5
3,فملي,ملي‌ صنايع‌ مس‌ ايران‌,38589,253881537,3339724266150,12670,12600,13430,760,6.0,13150,480,3.79,12600,13430,1399-12-5
4,شستا,سرمايه گذاري تامين اجتماعي,34085,142028013,2911867303380,20760,20350,20800,40,0.19,20500,-260,-1.25,20350,21100,1399-12-5
5,بوعلي,پتروشيمي بوعلي سينا,31384,5345511,228679453000,41940,42000,43260,1320,3.15,42780,840,2.0,42000,43700,1399-12-5
6,وسپهر,سرمايه گذاري مالي سپهرصادرات,25161,46998866,474836507079,10100,10100,10199,99,0.98,10103,3,0.03,10100,10200,1399-12-5
7,فولاد,فولاد مباركه اصفهان,22624,134965921,1594495542540,11650,11430,12170,520,4.46,11810,160,1.37,11420,12280,1399-12-5
8,شتران,پالايش نفت تهران,21529,186815208,1681414305760,9080,8900,9110,30,0.33,9000,-80,-0.88,8900,9350,1399-12-5
9,خساپا,سايپا,20414,1030086562,2481266848140,2440,2400,2430,-10,-0.41,2410,-30,-1.23,2400,2460,1399-12-5
10,شبندر,پالايش نفت بندرعباس,19559,93202086,2277501298810,24520,24030,24970,450,1.84,24440,-80,-0.33,24030,25350,1399-12-5
11,وكبهمن,مديريت سرمايه گذاري كوثربهمن,16093,4765072,58732553540,12556,12305,12453,-103,-0.82,12326,-230,-1.83,12305,12556,1399-12-5
12,خودرو,ايران‌ خودرو,16041,504496862,1349351892570,2720,2670,2670,-50,-1.84,2670,-50,-1.84,2670,2720,1399-12-5
13,سيتا,سرمايه گذاري سيمان تامين,15739,20130420,302590539290,15000,15000,15010,10,0.07,15030,30,0.2,15000,15280,1399-12-5
14,وتجارت,بانك تجارت,15683,564341258,1543853298220,2780,2730,2740,-40,-1.44,2740,-40,-1.44,2730,2790,1399-12-5
15,امين,تامين سرمايه امين,13313,7570411,78743284390,10400,10400,10400,0,0.0,10400,0,0.0,10400,10420,1399-12-5
16,آريا,پليمر آريا ساسول,12028,2923003,217490875703,73392,72200,75800,2408,3.28,74407,1015,1.38,72020,76500,1399-12-5
17,وپارس,بانك‌پارسيان‌,12011,794256007,2648614941950,3370,3310,3400,30,0.89,3330,-40,-1.19,3310,3460,1399-12-5
18,رافزا,رايان هم افزا,11185,65287,2928970681,42324,44863,44863,2539,6.0,42463,139,0.33,44863,44863,1399-12-5
19,بگيلان,توسعه مسير برق گيلان,11009,2048134,41586248312,20499,20090,20162,-337,-1.64,20331,-168,-0.82,20090,20900,1399-12-5
20,شاروم,پتروشيمي اروميه,10310,9764764,194275884211,20202,19798,19940,-262,-1.3,19896,-306,-1.51,19798,20490,1399-12-5
21,پترول,گروه پتروشيمي س. ايرانيان,9472,44636164,421452567120,9420,9240,9700,280,2.97,9440,20,0.21,9240,9850,1399-12-5
22,بپيوند,برق و انرژي پيوندگستر پارس,9280,6161077,90330388493,14922,14624,14631,-291,-1.95,14661,-261,-1.75,14624,14920,1399-12-5
23,وخارزم,سرمايه گذاري خوارزمي,8996,72914437,617581619420,8570,8400,8590,20,0.23,8470,-100,-1.17,8400,8750,1399-12-5
24,آوا,صندوق س.سهام آواي معيار-س,8307,80812406,559909346095,6669,6450,7192,523,7.84,6929,260,3.9,6421,7300,1399-12-5
25,شگويا,پتروشيمي تندگويان,7952,33090780,269473675050,8101,7939,8385,284,3.51,8143,42,0.52,7939,8500,1399-12-5
26,وبملت,بانك ملت,7629,233994204,895735009990,3880,3810,3820,-60,-1.55,3830,-50,-1.29,3810,3900,1399-12-5
27,انرژي3,سايراشخاص بورس انرژي,7538,2225973,615728014200,281160,275540,278400,-2760,-0.98,276610,-4550,-1.62,275540,285870,1399-12-5
28,وبصادر,بانك صادرات ايران,7432,255735789,640404268830,2550,2500,2510,-40,-1.57,2500,-50,-1.96,2500,2550,1399-12-5
29,شبريز,پالايش نفت تبريز,7381,43933339,1222241017760,28170,27610,28320,150,0.53,27820,-350,-1.24,27610,28790,1399-12-5
30,آبادا,توليد نيروي برق آبادان,7052,1945356,27921562460,14630,14340,14340,-290,-1.98,14470,-160,-1.09,14340,14630,1399-12-5
31,پيزد,مجتمع صنايع لاستيك يزد,6541,745740,52040007510,70925,69507,70180,-745,-1.05,69783,-1142,-1.61,69507,71688,1399-12-5
32,اميد,تامين سرمايه اميد,6244,85354819,767343735550,8570,9080,9080,510,5.95,8990,420,4.9,8650,9080,1399-12-5
33,ذوب,سهامي ذوب آهن  اصفهان,5782,113493103,468025545231,4204,4120,4150,-54,-1.28,4124,-80,-1.9,4120,4180,1399-12-5
34,غسالم,سالمين‌,5392,52909415,236884341110,4280,4410,4520,240,5.61,4480,200,4.67,4340,4520,1399-12-5
35,وغدير,سرمايه‌گذاري‌غدير(هلدينگ‌,5297,49799745,575982573100,11710,11480,11810,100,0.85,11570,-140,-1.2,11480,11880,1399-12-5
36,سشمال,سيمان‌ شمال‌,5201,32124894,421634492890,12430,12700,13170,740,5.95,13120,690,5.55,12500,13170,1399-12-5
37,سغرب,سيمان‌غرب‌,5106,9114628,318051037420,34660,34010,35900,1240,3.58,34890,230,0.66,33970,36600,1399-12-5
38,فارس,صنايع پتروشيمي خليج فارس,5084,33431723,296672864440,8970,8800,8980,10,0.11,8870,-100,-1.11,8800,9240,1399-12-5
39,غگيلا,شيرپاستوريزه پگاه گيلان,4758,71643,1696148025,22335,23675,23675,1340,6.0,22378,43,0.19,23675,23675,1399-12-5
40,وصنعت,سرمايه گذاري توسعه صنعت وتجارت,4381,32873441,245781923690,7520,7550,7550,30,0.4,7480,-40,-0.53,7370,7700,1399-12-5
41,فخوز,فولاد  خوزستان,4263,31292240,394892275670,12740,12490,12920,180,1.41,12620,-120,-0.94,12490,13160,1399-12-5
42,ونوين,بانك‌اقتصادنوين‌,4143,73449411,280439558800,3850,3780,3890,40,1.04,3820,-30,-0.78,3780,3950,1399-12-5
43,كمند,صندوق س. با درآمد ثابت كمند,4024,163011644,1648171277367,10105,10111,10111,6,0.06,10111,6,0.06,10110,10114,1399-12-5
44,بجهرم,توسعه مولد نيروگاهي جهرم,3986,41827093,122931172631,2985,2926,2960,-25,-0.84,2939,-46,-1.54,2926,3003,1399-12-5
45,ومعادن,توسعه‌معادن‌وفلزات‌,3938,24813042,282898254830,11220,11000,11710,490,4.37,11400,180,1.6,11000,11810,1399-12-5
46,فاسمين,كالسيمين‌,3922,19060921,319364669410,16610,16280,17250,640,3.85,16750,140,0.84,16280,17490,1399-12-5
47,وملي,گروه‌ صنعتي‌ ملي‌ (هلدينگ‌,3921,1596875,280595359260,168960,166420,179090,10130,6.0,175720,6760,4.0,166420,179090,1399-12-5
48,سفارس,سيمان فارس و خوزستان,3880,15177721,296696639710,19020,19000,19680,660,3.47,19550,530,2.79,19000,19990,1399-12-5
49,وهنر,گروه توسعه هنر ايران,3843,29228677,284692421486,9893,9696,9696,-197,-1.99,9740,-153,-1.55,9696,10080,1399-12-5
50,صبا,سرمايه گذاري صبا تامين,3834,23723035,171547995227,7332,7186,7270,-62,-0.85,7231,-101,-1.38,7186,7390,1399-12-5
51,فزرين,زرين معدن آسيا,3348,25789263,773460522813,30570,29959,30020,-550,-1.8,29992,-578,-1.89,29959,30570,1399-12-5
52,نطرين,عطرين نخ قم,3270,15171138,192319720384,12551,12462,12920,369,2.94,12677,126,1.0,12300,13096,1399-12-5
53,مرقام,ايران‌ارقام‌,3256,9264172,171336999100,17660,18300,18710,1050,5.95,18490,830,4.7,17810,18710,1399-12-5
54,كاوه,فولاد كاوه جنوب كيش,3201,26890352,484521053740,17370,17030,18410,1040,5.99,18020,650,3.74,17030,18410,1399-12-5
55,اوان,مبين وان كيش,3197,5551155,301195366935,51860,54000,54971,3111,6.0,54258,2398,4.62,50923,54971,1399-12-5
56,سرو,صندوق س سروسودمند مدبران-سهام,3165,4297779,279687841410,62800,63150,66500,3700,5.89,65080,2280,3.63,62260,67150,1399-12-5
57,كسعديح,ح . كاشي‌ سعدي‌,3158,13440727,198972721240,13980,14000,15200,1220,8.73,14800,820,5.87,13990,15300,1399-12-5
58,امين يكم,صندوق درآمد ثابت امين يكم فردا,3134,74732083,754720533698,10099,10106,10103,4,0.04,10099,0,0.0,10095,10106,1399-12-5
59,نوري,پتروشيمي نوري,3101,3218676,164652980660,51570,50540,52400,830,1.61,51160,-410,-0.8,50540,52500,1399-12-5
60,فوكا,فولاد كاويان,3061,22435577,288318972278,12884,12710,12901,17,0.13,12851,-33,-0.26,12627,13190,1399-12-5
61,دي,بانك دي,2985,7683720,173144946480,22993,22534,22534,-459,-2.0,22534,-459,-2.0,22534,22534,1399-12-5
62,حفاري,حفاري شمال,2954,23148032,264209256480,11580,11350,11500,-80,-0.69,11410,-170,-1.47,11350,11800,1399-12-5
63,سبزوا,سيمان لار سبزوار,2901,32639062,126438814767,3945,3867,3867,-78,-1.98,3874,-71,-1.8,3867,3953,1399-12-5
64,تاپيكو,س. نفت و گاز و پتروشيمي تأمين,2898,14589075,168691944170,11610,11380,11780,170,1.46,11560,-50,-0.43,11380,11950,1399-12-5
65,شلعاب,لعابيران‌,2885,11315782,234797381870,20240,19840,21450,1210,5.98,20750,510,2.52,19840,21450,1399-12-5
66,كسعدي,كاشي‌ سعدي‌,2883,14032414,295390695410,19940,20500,21130,1190,5.97,21050,1110,5.57,20200,21130,1399-12-5
67,وتوس,توسعه‌شهري‌توس‌گستر,2873,7217928,117271035830,16260,16800,16000,-260,-1.6,16250,-10,-0.06,15940,16960,1399-12-5
68,ثتوسا,س.توسعه و عمران استان اردبيل,2856,3155956,146198102509,45136,46100,46490,1354,3.0,46325,1189,2.63,45160,46490,1399-12-5
69,شلرد,كود شيميايي اوره لردگان,2844,26382367,183308332405,7098,6815,7040,-58,-0.82,6948,-150,-2.11,6815,7190,1399-12-5
70,غشاذر,پگاه‌آذربايجان‌غربي‌,2840,18938931,191320214540,9970,10560,9870,-100,-1.0,10100,130,1.3,9780,10560,1399-12-5
71,بكام,كارخانجات توليدي شهيد قندي,2822,28482729,96286096710,3370,3420,3370,0,0.0,3380,10,0.3,3350,3460,1399-12-5
72,مدير,ص.س.مديريت ثروت ص.بازنشستگي-س,2818,13346262,121088944712,8599,8590,9329,730,8.49,9073,474,5.51,8420,9379,1399-12-5
73,ساربيل,سيمان آرتا اردبيل,2815,3956924,215500118140,51800,51700,54900,3100,5.98,54460,2660,5.14,51700,54900,1399-12-5
74,فجر,فولاد اميركبيركاشان,2618,6417730,380599952200,59940,58810,60900,960,1.6,59300,-640,-1.07,58750,61500,1399-12-5
75,غگل,گلوكوزان‌,2604,34125551,123356468550,3680,3610,3620,-60,-1.63,3610,-70,-1.9,3610,3680,1399-12-5
76,تملت,تامين سرمايه بانك ملت,2577,14798236,88721915780,6110,5990,5990,-120,-1.96,6000,-110,-1.8,5990,6090,1399-12-5
77,خكرمان,گروه اقتصادي كرمان خودرو,2569,26692187,107226017908,3996,3940,4072,76,1.9,4017,21,0.53,3940,4091,1399-12-5
78,آگاس,صندوق س.هستي بخش آگاه-س,2546,2501151,160732131910,62592,62190,65990,3398,5.43,64263,1671,2.67,62000,66000,1399-12-5
79,غپاك,لبنيات‌ پاك‌,2457,8448463,163268709990,19120,19130,19600,480,2.51,19330,210,1.1,18920,19790,1399-12-5
80,كمينا,شيشه سازي مينا,2448,5316128,140082187115,25910,24615,27205,1295,5.0,26350,440,1.7,24615,27205,1399-12-5
81,ثاخت,بين‌المللي‌توسعه‌ساختمان,2420,53492852,153221774480,2910,2860,2870,-40,-1.37,2860,-50,-1.72,2860,2900,1399-12-5
82,ساروم,سيمان‌اروميه‌,2399,7285783,303759124550,42330,41490,41490,-840,-1.98,41690,-640,-1.51,41490,42800,1399-12-5
83,سشرق,سيمان‌ شرق‌,2353,12661090,89496723190,6980,6980,7120,140,2.01,7070,90,1.29,6980,7180,1399-12-5
84,سمازن,سيمان‌مازندران‌,2343,9901637,116044184110,11530,11300,12120,590,5.12,11720,190,1.65,11300,12150,1399-12-5
85,ثشرق,سرمايه گذاري مسكن شمال شرق,2327,16143604,105679608540,6440,6610,6610,170,2.64,6550,110,1.71,6350,6710,1399-12-5
86,فلوله,لوله‌وماشين‌سازي‌ايران‌,2247,8302755,184691376340,21060,21800,22320,1260,5.98,22240,1180,5.6,21300,22320,1399-12-5
87,ولانا,شركت ليزينگ آريا دانا,2220,3884038,157186371648,41068,41000,40247,-821,-2.0,40470,-598,-1.46,40247,42000,1399-12-5
88,ثرود,سرمايه‌گذاري مسكن زاينده رود,2180,7991726,144780133543,18030,17670,18188,158,0.88,18116,86,0.48,17670,18792,1399-12-5
89,مداران,داده‌پردازي‌ايران‌,2105,6619035,181136724780,26180,25660,27750,1570,6.0,27370,1190,4.55,25660,27750,1399-12-5
90,خكار,ايركا پارت صنعت,2098,11002280,243189512760,22530,22080,22080,-450,-2.0,22100,-430,-1.91,22080,22420,1399-12-5
91,وثخوز,سرمايه گذاري و توسعه خوزستان,2071,2670489,245407966105,89374,93800,89500,126,0.14,91896,2522,2.82,84961,93842,1399-12-5
92,كپشير,پشم‌شيشه‌ايران‌,2067,4748026,178526601940,36920,36190,39130,2210,5.99,37600,680,1.84,36190,39130,1399-12-5
93,دشيمي,شيمي‌ داروئي‌ داروپخش‌,2065,3959367,123023732200,30030,29520,31600,1570,5.23,31070,1040,3.46,29520,31800,1399-12-5
94,سامان,بانك سامان,2063,26045639,245318047672,9223,9180,9499,276,2.99,9419,196,2.13,9070,9499,1399-12-5
95,زدشت,كشت و صنعت دشت خرم دره,1991,3384474,104010035325,31135,30513,31150,15,0.05,30732,-403,-1.29,30513,32000,1399-12-5
96,ضخود2007,اختيارخ خودرو-3000-1400/02/08,1959,93627,15694044000,140,149,188,48,34.29,168,28,20.0,135,200,1399-12-5
97,شصدف,صنعتي دوده فام,1946,149697,4502286972,28374,30076,30076,1702,6.0,28518,144,0.51,30076,30076,1399-12-5
98,كساوه,صنايع‌ كاشي‌ و سراميك‌ سينا,1880,1711731,129463159330,72960,73710,75590,2630,3.6,75630,2670,3.66,73710,77200,1399-12-5
99,فباهنر,مس‌ شهيدباهنر,1852,1638841,86819031290,52820,51770,53830,1010,1.91,52980,160,0.3,51770,54500,1399-12-5
100,ستران,سيمان‌ تهران‌,1844,4111027,112340571440,27790,27240,27300,-490,-1.76,27330,-460,-1.66,27240,28000,1399-12-5
101,ومهان,گروه توسعه مالي مهر آيندگان,1841,12424743,156459061521,12827,12571,12610,-217,-1.69,12593,-234,-1.82,12571,12826,1399-12-5
102,شكربن,كربن‌ ايران‌,1825,1117488,114753574270,103900,101850,101860,-2040,-1.96,102690,-1210,-1.16,101830,106440,1399-12-5
103,سفانو,سيمان فارس نو,1815,2362083,105726358340,45220,44460,45220,0,0.0,44760,-460,-1.02,44320,45990,1399-12-5
104,ارزش,صندوق س ارزش آفرين بيدار-سهام,1812,11512849,109828855450,9180,9080,9820,640,6.97,9540,360,3.92,8970,9880,1399-12-5
105,سحرخيز,صندوق س. گروه زعفران سحرخيز,1793,7466586,69483520734,9110,9024,9598,488,5.36,9306,196,2.15,8810,9801,1399-12-5
106,وسكاب,س.ص.بازنشستگي كاركنان بانكها,1780,18714599,105478880870,5710,5650,5700,-10,-0.18,5640,-70,-1.23,5600,5780,1399-12-5
107,قرن,پديده شيمي قرن,1772,1772274,111144698590,63710,62440,63040,-670,-1.05,62710,-1000,-1.57,62440,65200,1399-12-5
108,فرآور,فرآوري‌موادمعدني‌ايران‌,1771,4839389,183453712170,38510,37740,37750,-760,-1.97,37910,-600,-1.56,37740,38970,1399-12-5
109,اعتماد,صندوق س.اعتماد آفرين پارسيان-د,1767,28489960,997421865880,34994,35013,35009,15,0.04,35010,16,0.05,35008,35015,1399-12-5
110,گكوثر,هتل پارسيان كوثر اصفهان,1744,31818409,78375763874,2498,2449,2449,-49,-1.96,2463,-35,-1.4,2449,2550,1399-12-5
111,كچاد,معدني‌وصنعتي‌چادرملو,1733,5861643,113275790390,19280,18900,19450,170,0.88,19320,40,0.21,18900,19550,1399-12-5
112,وجامي,سرمايه گذاري جامي,1705,7372128,117078543459,15885,15568,16361,476,3.0,15881,-4,-0.03,15568,16361,1399-12-5
113,بركت,گروه دارويي بركت,1688,6419666,175898848400,27950,27400,27400,-550,-1.97,27400,-550,-1.97,27400,27400,1399-12-5
114,بميلا,توسعه بازرگاني آهن وفولادميلاد,1684,5656266,95644799370,17462,16589,17300,-162,-0.93,16910,-552,-3.16,16589,17987,1399-12-5
115,والبر,سرمايه‌ گذاري‌ البرز(هلدينگ‌,1676,5642457,95046550150,16700,16370,16900,200,1.2,16840,140,0.84,16370,17560,1399-12-5
116,زماهان,مجتمع توليد گوشت مرغ ماهان,1627,6094542,121635262277,19635,19243,20600,965,4.91,19958,323,1.65,19243,20811,1399-12-5
117,غفارس,شير پاستوريزه پگاه فارس,1618,10934697,167316412109,15426,15118,15118,-308,-2.0,15301,-125,-0.81,15118,15990,1399-12-5
118,ثمسكن,سرمايه‌گذاري‌ مسكن‌,1590,9923435,54474306540,5440,5590,5450,10,0.18,5490,50,0.92,5380,5600,1399-12-5
119,تسه9911,امتياز تسهيلات مسكن بهمن99,1556,46223,26887665973,563467,563000,591640,28173,5.0,581694,18227,3.23,550000,591640,1399-12-5
120,زپارس,ملي كشت و صنعت و دامپروري پارس,1538,1597547,289848227510,181740,178110,184900,3160,1.74,181430,-310,-0.17,178110,189990,1399-12-5
121,ونيرو,سرمايه‌گذاري‌نيرو,1536,34255727,92584565240,2740,2690,2720,-20,-0.73,2700,-40,-1.46,2690,2790,1399-12-5
122,وكارح,ح . بانك‌ كارآفرين‌,1528,68227914,75311412630,1140,1100,1120,-20,-1.75,1100,-40,-3.51,1100,1130,1399-12-5
123,سهگمت,سيمان‌هگمتان‌,1528,3801071,100838952030,26890,26360,26370,-520,-1.93,26530,-360,-1.34,26360,27900,1399-12-5
124,ارفع,شركت آهن و فولاد ارفع,1501,9231873,117931338011,12588,12337,13160,572,4.54,12774,186,1.48,12337,13320,1399-12-5
125,زفكا,كشت و دامداري فكا,1480,10211319,129872428736,12271,12026,13007,736,6.0,12718,447,3.64,12026,13007,1399-12-5
126,كفپارس,فرآورده‌هاي‌ نسوز پارس‌,1472,36967635,177142798890,4880,4790,4790,-90,-1.84,4790,-90,-1.84,4790,4980,1399-12-5
127,كاردان,صندوق س تجارت شاخصي كاردان,1466,855731,131841468460,147520,145100,157510,9990,6.77,154070,6550,4.44,144250,159980,1399-12-5
128,آ س پ,آ.س.پ,1449,7539626,127294315290,17098,16757,16757,-341,-1.99,16883,-215,-1.26,16757,17400,1399-12-5
129,هرمز,فولاد هرمزگان جنوب,1441,12218359,162972775526,12852,12595,13623,771,6.0,13338,486,3.78,12595,13623,1399-12-5
130,شيران,س. صنايع‌شيميايي‌ايران,1440,4539684,126611332650,28400,27840,27850,-550,-1.94,27890,-510,-1.8,27840,28490,1399-12-5
131,كروي,توسعه‌ معادن‌ روي‌ ايران‌,1424,4219451,115927632110,27800,27250,27730,-70,-0.25,27470,-330,-1.19,27250,28500,1399-12-5
132,فنورد,نوردوقطعات‌ فولادي‌,1422,526277,114562428060,222010,217570,217570,-4440,-2.0,217680,-4330,-1.95,217570,221300,1399-12-5
133,شپترو,پتروشيمي آبادان,1402,22739437,91955681532,4066,3985,4112,46,1.13,4044,-22,-0.54,3985,4187,1399-12-5
134,كحافظ,كاشي‌ وسراميك‌ حافظ‌,1397,5470554,70863303370,13200,12940,12950,-250,-1.89,12950,-250,-1.89,12940,13170,1399-12-5
135,كگل,معدني و صنعتي گل گهر,1390,5420183,94478903180,17550,17200,17680,130,0.74,17450,-100,-0.57,17200,17920,1399-12-5
136,كسرا,سراميك‌هاي‌صنعتي‌اردكان‌,1358,6395019,145070823800,22990,22540,22980,-10,-0.04,22680,-310,-1.35,22540,23200,1399-12-5
137,تاصيكو,سرمايه گذاري صدرتامين,1356,15973478,154996942190,9830,9640,9890,60,0.61,9700,-130,-1.32,9640,9960,1399-12-5
138,سصوفي,سيمان‌ صوفيان‌,1344,5581269,91636105530,16620,16290,16700,80,0.48,16420,-200,-1.2,16290,16980,1399-12-5
139,تبرك,گروه كارخانجات صنعتي تبرك,1297,3880183,63105581724,16557,16230,16301,-256,-1.55,16264,-293,-1.77,16226,16500,1399-12-5
140,فاذر,صنايع‌ آذرآب‌,1295,4783955,120781740950,25740,25230,25240,-500,-1.94,25250,-490,-1.9,25230,25710,1399-12-5
141,لابسا,آبسال‌,1276,2847062,143496663460,49960,49120,51000,1040,2.08,50400,440,0.88,48970,52000,1399-12-5
142,كرازي,كارخانجات‌توليدي‌شيشه‌رازي‌,1257,4061870,97328100060,24420,23940,24000,-420,-1.72,23960,-460,-1.88,23940,24420,1399-12-5
143,كيان,صندوق س. با درآمد ثابت كيان,1254,11239719,306740736918,27275,27290,27291,16,0.06,27291,16,0.06,27288,27294,1399-12-5
144,خريخت,صنايع‌ريخته‌گري‌ايران‌,1226,17842152,65991403280,3750,3680,3740,-10,-0.27,3700,-50,-1.33,3680,3820,1399-12-5
145,البرز,بيمه البرز,1224,16152032,59585544700,3750,3680,3690,-60,-1.6,3690,-60,-1.6,3680,3760,1399-12-5
146,پارسان,گسترش نفت و گاز پارسيان,1222,6158112,115806687070,18740,18370,19000,260,1.39,18810,70,0.37,18370,19500,1399-12-5
147,سپاها,سيمان‌سپاهان‌,1175,5310018,47252284610,8990,8830,8840,-150,-1.67,8900,-90,-1.0,8820,9100,1399-12-5
148,وحكمت,بيمه حكمت صبا,1141,9591367,39285442403,4098,4018,4200,102,2.49,4096,-2,-0.05,4018,4200,1399-12-5
149,تكنو,تكنوتار,1136,4667576,114819268200,23590,23120,25000,1410,5.98,24600,1010,4.28,23120,25000,1399-12-5
150,رنيك,جنرال مكانيك,1133,1794698,38190239762,21474,21050,21670,196,0.91,21322,-152,-0.71,21050,21904,1399-12-5
151,شغدير,پتروشيمي غدير,1109,2256216,126991690040,57105,55963,58000,895,1.57,56285,-820,-1.44,55963,58840,1399-12-5
152,وشهر,بانك شهر,1102,10309737,56659977391,5554,5554,5600,46,0.83,5496,-58,-1.04,5335,5640,1399-12-5
153,زفكاح,ح . كشت و دامداري فكا,1093,8860475,66947971594,7266,7121,7701,435,5.99,7556,290,3.99,7121,7701,1399-12-5
154,همراه,شركت ارتباطات سيار ايران,1089,1676135,45119841890,27100,27100,27300,200,0.74,27020,-80,-0.3,26560,27400,1399-12-5
155,كگاز,شيشه‌ و گاز,1062,2194161,41564893360,18860,18490,19460,600,3.18,18930,70,0.37,18490,19690,1399-12-5
156,سرچشمه,سرمايه گذاري مس سرچشمه,1061,9374240,63445552018,6839,6760,6880,41,0.6,6768,-71,-1.04,6703,7000,1399-12-5
157,افق,فروشگاههاي زنجيره اي افق كوروش,1060,979877,74625847590,77360,75820,77000,-360,-0.47,76380,-980,-1.27,75820,77400,1399-12-5
158,وبوعلي,سرمايه‌گذاري‌بوعلي‌,1037,8142926,47680748940,5820,5910,5870,50,0.86,5850,30,0.52,5750,5960,1399-12-5
159,وسگيلا,شركت س استان گيلان,1030,54931183,42850616590,790,780,780,-10,-1.27,780,-10,-1.27,780,790,1399-12-5
160,زاگرس,پتروشيمي زاگرس,1024,643763,117075031007,182920,179270,187300,4380,2.39,181860,-1060,-0.58,179262,187660,1399-12-5
161,دزهراويح,ح . ‌داروسازي‌زهراوي‌,1022,4592116,28181701050,6370,6120,6140,-230,-3.61,6140,-230,-3.61,6120,6360,1399-12-5
162,خاهن,آهنگري‌ تراكتورسازي‌ ايران‌,1021,1713516,65214979790,38000,38000,38020,20,0.05,38060,60,0.16,38000,38490,1399-12-5
163,غپآذر,شير پگاه آذربايجان شرقي,1014,1260498,86408932958,69342,69800,67956,-1386,-2.0,68551,-791,-1.14,67956,72000,1399-12-5
164,ختراك,ريخته‌گري‌ تراكتورسازي‌ ايران‌,1013,4644014,80815681120,17580,17230,17390,-190,-1.08,17400,-180,-1.02,17230,17890,1399-12-5
165,فيروزه,صندوق شاخص30 شركت فيروزه- سهام,1009,774448,103423366580,128280,128000,136550,8270,6.45,133540,5260,4.1,126510,137480,1399-12-5
166,وملل,اعتباري ملل,988,7453884,105205556787,14391,14104,14104,-287,-1.99,14114,-277,-1.92,14104,14391,1399-12-5
167,شكف,كف,983,810057,71859922349,86338,89791,86910,572,0.66,88710,2372,2.75,83203,89791,1399-12-5
168,خكاوه,سايپا ديزل,981,16137812,61702714865,3898,3821,3821,-77,-1.98,3823,-75,-1.92,3821,3880,1399-12-5
169,دعبيد,لابراتوارداروسازي‌  دكترعبيدي‌,976,2219257,52135400220,23950,23480,23500,-450,-1.88,23490,-460,-1.92,23480,24000,1399-12-5
170,حتايد,تايدواترخاورميانه,976,5137956,126470755710,24980,24490,25000,20,0.08,24610,-370,-1.48,24490,25450,1399-12-5
171,كترام,توليدي‌ كاشي‌ تكسرام‌,973,2655165,125948314330,48330,47860,47370,-960,-1.99,47440,-890,-1.84,47370,48200,1399-12-5
172,ورازي,بيمه رازي,969,20347326,177530196319,8439,8018,8860,421,4.99,8725,286,3.39,8018,8860,1399-12-5
173,شپديس,پتروشيمي پرديس,965,1931327,171681093300,89190,87410,90180,990,1.11,88890,-300,-0.34,87410,93000,1399-12-5
174,سيستم,همكاران سيستم,964,1804117,49804640830,28010,27450,27500,-510,-1.82,27610,-400,-1.43,27450,28270,1399-12-5
175,سباقر,سيمان باقران,936,3677302,69066995374,19126,18744,18752,-374,-1.96,18782,-344,-1.8,18744,19180,1399-12-5
176,فسازان,غلتك سازان سپاهان,923,1557279,51842053320,33710,33040,33860,150,0.44,33290,-420,-1.25,33040,34340,1399-12-5
177,پلاسك,پلاسكوكار,921,4532141,36752151200,8210,8070,8160,-50,-0.61,8140,-70,-0.85,8050,8300,1399-12-5
178,معيار,سرمايه گذاري معيار صنعت پارس,908,1718820,79672855593,44558,46785,46785,2227,5.0,46353,1795,4.03,42776,46785,1399-12-5
179,خگستر,گسترش‌سرمايه‌گذاري‌ايران‌خودرو,906,26674219,84290532040,3220,3160,3160,-60,-1.86,3160,-60,-1.86,3160,3160,1399-12-5
180,حسير,ريل سير كوثر,895,3065388,53720041016,17728,17374,17374,-354,-2.0,17525,-203,-1.15,17374,18031,1399-12-5
181,آريان,سرمايه گذاري پارس آريان,883,22910894,265049595040,12049,11568,11568,-481,-3.99,11569,-480,-3.98,11568,11680,1399-12-5
182,سهرمز,سيمان‌هرمزگان‌,880,1671703,42270672890,25440,25680,24940,-500,-1.97,25310,-130,-0.51,24940,26090,1399-12-5
183,وبانك,سرمايه گذاري گروه توسعه ملي,874,9371565,74131962790,8050,7890,8120,70,0.87,7930,-120,-1.49,7890,8120,1399-12-5
184,حسينا,توسعه خدمات دريايي وبندري سينا,851,1025632,71014651383,68808,67432,69600,792,1.15,69240,432,0.63,67432,70111,1399-12-5
185,طلا,صندوق س.پشتوانه طلاي لوتوس,844,1306533,105231700477,80410,80120,80501,91,0.11,80543,133,0.17,80120,82900,1399-12-5
186,دكپسولح,ح .توليد ژلاتين كپسول ايران,839,1042696,24391218462,23211,22747,23780,569,2.45,23392,181,0.78,22747,24498,1399-12-5
187,فالوم,آلومتك‌,839,2898609,109369175118,36704,35980,37805,1101,3.0,37732,1028,2.8,35980,37805,1399-12-5
188,پرديس,سرمايه گذاري پرديس,833,3846705,25385994150,6530,6460,6590,60,0.92,6570,40,0.61,6460,6700,1399-12-5
189,وصنا,گروه‌صنايع‌بهشهرايران‌,830,4168284,25570290880,6210,6090,6120,-90,-1.45,6170,-40,-0.64,6090,6250,1399-12-5
190,وسين,بيمه سينا,812,8333408,160307212774,20222,19211,19211,-1011,-5.0,19237,-985,-4.87,19211,19779,1399-12-5
191,وتوسم,سرمايه‌گذاري‌توسعه‌ملي‌,805,5366693,66105337170,12510,12270,12490,-20,-0.16,12320,-190,-1.52,12260,12600,1399-12-5
192,پارند,صندوق س. پارند پايدار سپهر,801,27603259,312267138873,11304,11312,11311,7,0.06,11313,9,0.08,11310,11339,1399-12-5
193,ثاباد,توريستي ورفاهي آبادگران ايران,800,2253152,124511962270,56320,55200,55200,-1120,-1.99,55260,-1060,-1.88,55200,56350,1399-12-5
194,بموتو,موتوژن‌,782,1030281,58394817620,57750,56600,56800,-950,-1.65,56680,-1070,-1.85,56600,57400,1399-12-5
195,فولاژ,فولاد آلياژي ايران,777,3030697,46268195340,15380,15080,15360,-20,-0.13,15290,-90,-0.59,15080,15800,1399-12-5
196,پاكشو,گروه صنعتي پاكشو,771,472541,36411337810,78300,76740,78340,40,0.05,77830,-470,-0.6,76740,78490,1399-12-5
197,كهمدا,شيشه‌ همدان‌,762,6524558,66378257440,10280,10080,10290,10,0.1,10170,-110,-1.07,10080,10600,1399-12-5
198,فاما,صنعتي‌ آما,759,3562836,75587054060,21630,21200,21290,-340,-1.57,21220,-410,-1.9,21200,21500,1399-12-5
199,ونفت,سرمايه‌گذاري‌ صنعت‌ نفت‌,757,7205578,124288865830,17590,17240,17240,-350,-1.99,17250,-340,-1.93,17240,17500,1399-12-5
200,جم,پتروشيمي جم,750,2040102,64518630120,31810,31180,31830,20,0.06,31690,-120,-0.38,31180,32930,1399-12-5
201,شبهرن,نفت‌ بهران‌,748,731382,39998194650,54970,53880,55500,530,0.96,54770,-200,-0.36,53880,56500,1399-12-5
202,سكرد,سيمان كردستان,743,5230301,56489309190,11020,10800,10800,-220,-2.0,10800,-220,-2.0,10800,10870,1399-12-5
203,ثبهساز,بهساز كاشانه تهران,731,11484121,27447049190,2430,2390,2390,-40,-1.65,2410,-20,-0.82,2390,2390,1399-12-5
204,فايرا,آلومينيوم‌ايران‌,722,1219594,31798805360,26160,25650,26810,650,2.48,26110,-50,-0.19,25640,26990,1399-12-5
205,زشگزا,شير و گوشت زاگرس شهركرد,718,3603339,30816280155,8664,8491,8720,56,0.65,8593,-71,-0.82,8491,8746,1399-12-5
206,رانفور,خدمات‌انفورماتيك‌,717,2203899,55208022180,25450,24950,25050,-400,-1.57,25190,-260,-1.02,24950,25970,1399-12-5
207,تماوند,تامين سرمايه دماوند,707,3749853,56256624077,15412,14642,15631,219,1.42,15002,-410,-2.66,14642,16100,1399-12-5
208,لخزر,پارس‌ خزر,702,223859,42294548990,192570,188720,188760,-3810,-1.98,189330,-3240,-1.68,188720,192200,1399-12-5
209,كفرآور,فرآورده هاي سيمان شرق,696,4190970,109945678286,27306,26214,26214,-1092,-4.0,26234,-1072,-3.93,26214,27050,1399-12-5
210,غويتاح,ح . ويتانا,696,2978099,37081854449,12614,12362,12501,-113,-0.9,12452,-162,-1.28,12362,12950,1399-12-5
211,ساينا,صنايع بهداشتي ساينا,692,369356,60424758249,165884,171100,162567,-3317,-2.0,163595,-2289,-1.38,162567,171100,1399-12-5
212,كاريس,صندوق س.سپهر كاريزما-س,687,5391540,55983945620,10068,10050,10686,618,6.14,10384,316,3.14,10000,10689,1399-12-5
213,وتوكا,سرمايه‌گذاري‌توكافولاد(هلدينگ,684,9043120,103110838030,11630,11400,11500,-130,-1.12,11400,-230,-1.98,11400,11600,1399-12-5
214,واعتبار,سرمايه گذاري اعتبار ايران,651,5577040,51133407920,9340,9160,9410,70,0.75,9170,-170,-1.82,9160,9430,1399-12-5
215,شفن,پتروشيمي فناوران,651,165659,46314190070,277020,271570,286000,8980,3.24,278240,1220,0.44,271490,288000,1399-12-5
216,دزهراوي,داروسازي‌زهراوي‌,648,2981611,24232894720,8280,8120,8120,-160,-1.93,8200,-80,-0.97,8120,8270,1399-12-5
217,اطلس,صندوق س.توسعه اندوخته آينده-س,634,171084,33182006365,189005,192995,198000,8995,4.76,193952,4947,2.62,189000,198300,1399-12-5
218,سمگا,گروه سرمايه گذاري ميراث فرهنگي,625,6506599,179055097881,28080,27519,27519,-561,-2.0,27519,-561,-2.0,27519,27519,1399-12-5
219,شپارس,بين‌ المللي‌ محصولات‌  پارس‌,625,2912827,59342390670,20740,20550,20330,-410,-1.98,20370,-370,-1.78,20330,21000,1399-12-5
220,فسرب,ملي‌ سرب‌وروي‌ ايران‌,624,424041,36035997980,86260,84540,85150,-1110,-1.29,85300,-960,-1.11,84540,86260,1399-12-5
221,تنوين,تامين سرمايه نوين,617,6218781,39042016890,6330,6210,6280,-50,-0.79,6290,-40,-0.63,6210,6440,1399-12-5
222,غاذر,كشت‌وصنعت‌پياذر,615,905117,51728517000,58200,59100,57040,-1160,-1.99,57170,-1030,-1.77,57040,59100,1399-12-5
223,ثامان,سامان‌ گستراصفهان‌,613,2290877,51209190340,22650,22200,22200,-450,-1.99,22350,-300,-1.32,22200,23050,1399-12-5
224,فنوال,نورد آلومينيوم‌,612,2090411,55700496810,27120,26580,26900,-220,-0.81,26650,-470,-1.73,26580,27090,1399-12-5
225,لسرما,سرما آفرين‌,609,1278218,35734342110,28330,27770,27970,-360,-1.27,28060,-270,-0.95,27770,28900,1399-12-5
226,شاراك,پتروشيمي شازند,605,3223763,70894500610,22350,21910,22400,50,0.22,21990,-360,-1.61,21910,22980,1399-12-5
227,رمپنا,گروه مپنا (سهامي عام),604,6505779,106720861440,16720,16390,16410,-310,-1.85,16430,-290,-1.73,16390,17000,1399-12-5
228,غگلپا,شير پاستوريزه پگاه گلپايگان,591,722377,49232807350,69506,68116,68120,-1386,-1.99,68154,-1352,-1.95,68116,69000,1399-12-5
229,لوتوس,تامين سرمايه لوتوس پارسيان,589,1311053,13521256010,10270,10160,10400,130,1.27,10280,10,0.1,10150,10580,1399-12-5
230,اپرداز,آتيه داده پرداز,588,1759285,37179528884,21539,21109,21109,-430,-2.0,21229,-310,-1.44,21109,21880,1399-12-5
231,شفارا,پتروشيمي فارابي,572,3924982,15449422275,4040,3901,4029,-11,-0.27,3955,-85,-2.1,3879,4173,1399-12-5
232,بترانس,ايران‌ ترانسفو,572,14346466,41461286740,2940,2890,2890,-50,-1.7,2900,-40,-1.36,2890,2890,1399-12-5
233,سخوز,سيمان خوزستان,561,970369,21789819330,22350,22100,22550,200,0.89,22400,50,0.22,21930,22970,1399-12-5
234,جم پيلن,پلي پروپيلن جم - جم پيلن,561,624221,40742786870,64640,63510,66120,1480,2.29,65130,490,0.76,63510,66690,1399-12-5
235,شوينده,مديريت صنعت شوينده ت.ص.بهشهر,559,673945,21642247820,32600,31950,32700,100,0.31,32380,-220,-0.67,31950,33200,1399-12-5
236,وخاور,بانك خاورميانه,551,10015251,89886448800,9120,8940,9120,0,0.0,8970,-150,-1.64,8940,9150,1399-12-5
237,زرين,صندوق س. سهام زرين كوروش-س,550,835036,7711497949,9434,9108,9412,-22,-0.23,9235,-199,-2.11,9070,9478,1399-12-5
238,شپاكسا,پاكسان‌,548,1116325,31369836470,28570,28000,28560,-10,-0.04,28260,-310,-1.09,28000,28790,1399-12-5
239,كاما,باما,544,2565153,37656446040,14970,14680,14680,-290,-1.94,14780,-190,-1.27,14680,14680,1399-12-5
240,شساخت,مهندسي و ساختمان صنايع نفت,529,1356291,56176286982,40339,41000,41549,1210,3.0,41419,1080,2.68,39700,41549,1399-12-5
241,وايرا,سرمايه گذاري صنايع ايران,528,3250324,34492175572,10790,10575,10799,9,0.08,10612,-178,-1.65,10575,10990,1399-12-5
242,پارس,پتروشيمي پارس,527,535283,67800992330,127150,124610,129970,2820,2.22,126810,-340,-0.27,124610,131930,1399-12-5
243,سيدكو,سرمايه گذاري توسعه صنايع سيمان,525,3249441,19972819160,6250,6130,6250,0,0.0,6210,-40,-0.64,6130,6280,1399-12-5
244,رتاپ,تجارت الكترونيك  پارسيان,521,2060510,12790227830,6300,6180,6260,-40,-0.63,6280,-20,-0.32,6180,6300,1399-12-5
245,سپ,پرداخت الكترونيك سامان كيش,516,816653,14155129040,17590,17240,17530,-60,-0.34,17520,-70,-0.4,17240,17650,1399-12-5
246,وصندوق,سرمايه‌گذاري‌صندوق‌بازنشستگي‌,513,5270590,70898913580,13720,13450,13450,-270,-1.97,13560,-160,-1.17,13450,13680,1399-12-5
247,آساميد,صندوق س.مشترك آسمان اميد -د,510,22447253,260306081687,11596,11601,11594,-2,-0.02,11596,0,0.0,11591,11602,1399-12-5
248,شرانل,نفت ايرانول,503,660103,23813515882,36389,35662,37249,860,2.36,36234,-155,-0.43,35662,37300,1399-12-5
249,زنگان,صنعت روي زنگان,493,302693,32029157102,107973,105814,105814,-2159,-2.0,106529,-1444,-1.34,105814,105814,1399-12-5
250,بورس,بورس اوراق بهادار تهران,492,1243158,50509509540,41450,40630,40630,-820,-1.98,40810,-640,-1.54,40630,40630,1399-12-5
251,واحيا,م .صنايع و معادن احياء سپاهان,492,706778,101635544920,146430,143502,145500,-930,-0.64,143801,-2629,-1.8,143502,145500,1399-12-5
252,بالبر,كابل‌ البرز,473,659328,37528949760,53700,56920,56920,3220,6.0,55730,2030,3.78,56920,56920,1399-12-5
253,سمتاز,سيمان ممتازان كرمان,459,1694004,31812295480,19144,18762,19120,-24,-0.13,18779,-365,-1.91,18762,19350,1399-12-5
254,كگهر,سنگ آهن گهرزمين,457,1044106,47886174870,46310,45384,46400,90,0.19,46129,-181,-0.39,45384,47500,1399-12-5
255,آكورد,صندوق س. آرمان آتي كوثر-د,444,5837341,180193706982,30855,30870,30869,14,0.05,30869,14,0.05,30867,30875,1399-12-5
256,كرماشا,صنايع پتروشيمي كرمانشاه,444,741619,25923140610,35210,34510,35020,-190,-0.54,35080,-130,-0.37,34510,36500,1399-12-5
257,وسنا,سرمايه گذاري نيروگاهي ايران,439,2636634,45248651109,18035,17134,17134,-901,-5.0,17162,-873,-4.84,17134,17600,1399-12-5
258,واميد,گروه مديريت سرمايه گذاري اميد,438,2569830,94838793500,37210,36470,37200,-10,-0.03,36970,-240,-0.64,36470,37500,1399-12-5
259,ولتجار,واسپاري تجارت وسرمايه ايرانيان,435,3058923,23923405018,7733,7591,7964,231,2.99,7821,88,1.14,7579,7964,1399-12-5
260,شاوان,پالايش نفت لاوان,434,413158,32872166935,79048,77480,80000,952,1.2,79394,346,0.44,77470,81290,1399-12-5
261,دلرح,ح . داروسازي‌ اكسير,430,946712,26643498520,28070,27310,28290,220,0.78,28140,70,0.25,27310,28590,1399-12-5
262,ساراب,سيمان‌ داراب‌,427,1497494,24101266780,16410,16090,16180,-230,-1.4,16250,-160,-0.98,16090,16370,1399-12-5
263,اتكاي,بيمه اتكايي ايرانيان,423,1715849,23041621098,13596,13325,13327,-269,-1.98,13518,-78,-0.57,13325,13720,1399-12-5
264,ضپاس2002,اختيارخ وپارس-3000-1400/02/29,413,14999,8692289000,545,531,629,84,15.41,580,35,6.42,500,680,1399-12-5
265,ياقوت,صندوق س ياقوت آگاه-ثابت,410,2549269,30434343105,11936,11937,11939,3,0.03,11938,2,0.02,11936,11947,1399-12-5
266,آساس,صندوق س.آسمان آرماني سهام-س,409,738096,114440307913,150424,146410,157500,7076,4.7,155048,4624,3.07,146410,161250,1399-12-5
267,فروي,ذوب روي اصفهان,402,363786,24702888330,69290,67905,67905,-1385,-2.0,68583,-707,-1.02,67905,67905,1399-12-5
268,شپاس,نفت پاسارگاد,394,544001,11777363565,21513,21110,21560,47,0.22,21546,33,0.15,21110,21980,1399-12-5
269,شجم,صنايع پتروشيمي تخت جمشيد,394,3629570,35628827621,9868,9671,9900,32,0.32,9816,-52,-0.53,9671,10150,1399-12-5
270,پكرمان,گروه‌ صنعتي‌ بارز,391,1311509,34774468470,26920,26390,27390,470,1.75,26620,-300,-1.11,26390,27500,1399-12-5
271,فروس,فروسيليس‌ ايران‌,386,3066030,14810035600,4920,4830,4830,-90,-1.83,4890,-30,-0.61,4830,4860,1399-12-5
272,فراز,صندوق س.سهام فراز داريك-س,385,1967440,19674400000,10000,10000,10000,0,0.0,10000,0,0.0,10000,10000,1399-12-5
273,خبهمن,گروه‌بهمن‌,383,3814895,82020242500,21930,21500,21500,-430,-1.96,21520,-410,-1.87,21500,21500,1399-12-5
274,سكرما,سيمان‌ كرمان‌,380,1421916,25882874210,18570,18200,18200,-370,-1.99,18370,-200,-1.08,18200,18390,1399-12-5
275,شبصير,توليدات پتروشيمي قائد بصير,380,328429,28593966937,88540,86770,88130,-410,-0.46,87661,-879,-0.99,86770,89700,1399-12-5
276,ثباغ,شهر سازي و خانه سازي باغميشه,367,3090031,48264949237,15931,15613,15615,-316,-1.98,15620,-311,-1.95,15613,15908,1399-12-5
277,وبشهر,توسعه‌ صنايع‌ بهشهر(هلدينگ,363,1989290,23487161710,12020,11780,11890,-130,-1.08,11920,-100,-0.83,11780,12100,1399-12-5
278,وبيمه,سرمايه‌ گذاري‌ صنعت‌ بيمه‌,359,4590615,13084736890,2900,2850,2850,-50,-1.72,2890,-10,-0.34,2850,2890,1399-12-5
279,حكشتي,كشتيراني جمهوري اسلامي ايران,359,1379345,28028290400,20730,20320,20320,-410,-1.98,20630,-100,-0.48,20320,20320,1399-12-5
280,تسه9910,امتياز تسهيلات مسكن دي99,356,9283,5524481859,596507,566688,597000,493,0.08,595118,-1389,-0.23,566688,598340,1399-12-5
281,شخارك,پتروشيمي‌ خارك‌,355,1890237,79205322000,42670,41820,42600,-70,-0.16,42040,-630,-1.48,41820,42800,1399-12-5
282,كنور,توسعه معدني و صنعتي صبانور,344,690144,29096397260,42800,42450,43180,380,0.89,42420,-380,-0.89,41950,43300,1399-12-5
283,غمهرا,توليدي‌مهرام‌,344,367488,46171192320,128200,125640,125640,-2560,-2.0,125720,-2480,-1.93,125640,125640,1399-12-5
284,اتكام,شركت بيمه اتكايي امين,344,2974564,15052596634,5163,5060,5060,-103,-1.99,5131,-32,-0.62,5060,5090,1399-12-5
285,كبافق,معادن‌ بافق‌,335,562984,30744556240,55720,54610,54610,-1110,-1.99,55020,-700,-1.26,54610,54610,1399-12-5
286,وساخت,سرمايه‌ گذاري‌ ساختمان‌ايران‌,335,1321238,64687812480,49950,48960,48960,-990,-1.98,48960,-990,-1.98,48960,48960,1399-12-5
287,لبوتان,گروه‌صنعتي‌بوتان‌,335,427383,28063337440,66950,65620,65620,-1330,-1.99,66210,-740,-1.11,65620,66890,1399-12-5
288,كرمان,س. توسعه و عمران استان كرمان,334,358426,17316635338,49298,48313,48313,-985,-2.0,48940,-358,-0.73,48313,48313,1399-12-5
289,آتيمس,صندوق س.آرمان آتيه درخشان مس-س,331,90186,16306927391,178598,173330,185000,6402,3.58,180814,2216,1.24,173330,185000,1399-12-5
290,ثشاهد,سرمايه‌ گذاري‌ شاهد,323,1662170,32578532000,19990,19600,19600,-390,-1.95,19720,-270,-1.35,19600,19600,1399-12-5
291,كمنگنز,معادن‌منگنزايران‌,321,248707,22279906690,91330,89510,90000,-1330,-1.46,90530,-800,-0.88,89510,91320,1399-12-5
292,شراز,پالايش نفت شيراز,314,145710,15218830729,106255,104130,104340,-1915,-1.8,105685,-570,-0.54,104130,105926,1399-12-5
293,مارون,پتروشيمي مارون,306,113717,16955013348,148253,148324,150789,2536,1.71,148396,143,0.1,145637,152550,1399-12-5
294,فلات,گروه صنايع معادن فلات ايرانيان,302,1529713,20295858209,13532,13262,13262,-270,-2.0,13268,-264,-1.95,13262,13446,1399-12-5
295,مبين,مبين انرژي خليج فارس,295,2029767,29771104690,14880,14590,14990,110,0.74,14830,-50,-0.34,14590,14990,1399-12-5
296,تسه9908,امتياز تسهيلات مسكن آبان99,287,8777,5165157094,570193,591196,591196,21003,3.68,588488,18295,3.21,542100,591196,1399-12-5
297,شفا,سرمايه گذاري شفادارو,279,403737,18745535220,47350,46410,47020,-330,-0.7,46980,-370,-0.78,46410,47800,1399-12-5
298,شكبير,پتروشيمي اميركبير,278,1400076,124759449042,89739,87945,92431,2692,3.0,89109,-630,-0.7,87945,92431,1399-12-5
299,تصميم,صندوق س با درآمد ثابت تصميم,273,1374947,21608915972,15708,15713,15718,10,0.06,15716,8,0.05,15712,15719,1399-12-5
300,دلر,داروسازي‌ اكسير,271,354790,12612859280,36110,35410,35450,-660,-1.83,35970,-140,-0.39,35390,36000,1399-12-5
301,كتوكاح,ح.توليدي وخدمات صنايع نسوزتوكا,270,771548,17828159636,23578,23107,23107,-471,-2.0,23107,-471,-2.0,23107,23107,1399-12-5
302,زكوثر,سرمايه گذاري كشاورزي كوثر,262,980694,21496812480,22360,21920,21920,-440,-1.97,22160,-200,-0.89,21920,21920,1399-12-5
303,دالبر,البرزدارو,259,302286,6277403360,21000,20580,20580,-420,-2.0,20970,-30,-0.14,20580,21490,1399-12-5
304,ساذريح,ح . آذريت‌,253,11000000,81576000000,6997,7416,7416,419,5.99,7416,419,5.99,7416,7416,1399-12-5
305,پخش,پخش البرز,253,398996,13836153943,35362,34655,34655,-707,-2.0,35164,-198,-0.56,34655,34950,1399-12-5
306,قچار,فراوردههاي غذايي وقند چهارمحال,252,375455,35012305115,95156,93253,93253,-1903,-2.0,93880,-1276,-1.34,93253,93253,1399-12-5
307,كفرا,فراورده‌ هاي‌ نسوزايران‌,249,574754,27829588680,49400,48420,48420,-980,-1.98,48880,-520,-1.05,48420,48420,1399-12-5
308,عيار,صندوق س. پشتوانه طلاي مفيد,249,212385,5993874760,28140,28290,28221,81,0.29,28222,82,0.29,28050,28350,1399-12-5
309,كپرور,فرآوري زغال سنگ پروده طبس,247,417824,17012752353,41542,40712,40712,-830,-2.0,41247,-295,-0.71,40712,41520,1399-12-5
310,سكه0012پ01,سكه تمام بهارتحويلي 1روزه رفاه,244,89100,98115472700,1096501,1100000,1104000,7499,0.68,1101184,4683,0.43,1096000,1107499,1399-12-5
311,ضخود2008,اختيارخ خودرو-3500-1400/02/08,244,9714,939088000,77,97,108,31,40.26,97,20,25.97,70,125,1399-12-5
312,بفجر,فجر انرژي خليج فارس,242,446429,10257505770,23380,22920,23410,30,0.13,23310,-70,-0.3,22920,23420,1399-12-5
313,بكهنوج,توليد برق ماهتاب كهنوج,241,5719742,10627280636,1895,1858,1858,-37,-1.95,1887,-8,-0.42,1858,1858,1399-12-5
314,ضسپا3004,اختيارخ خساپا-2500-1400/03/26,241,12666,3823247000,263,278,341,78,29.66,302,39,14.83,268,398,1399-12-5
315,تكشا,گسترش‌صنايع‌وخدمات‌كشاورزي‌,236,237768,11607595580,49790,48800,48800,-990,-1.99,49560,-230,-0.46,48800,49600,1399-12-5
316,خزاميا,زامياد,235,2472175,20865157000,8610,8440,8440,-170,-1.97,8540,-70,-0.81,8440,8440,1399-12-5
317,ولملت,واسپاري ملت,228,1545018,12638377240,8340,8180,8180,-160,-1.92,8300,-40,-0.48,8180,8190,1399-12-5
318,خپارس,پارس‌ خودرو,224,4185324,24777118080,6040,5920,5920,-120,-1.99,5980,-60,-0.99,5920,5920,1399-12-5
319,كيميا,معدني كيمياي زنجان گستران,217,1937386,37511667732,19757,19362,19362,-395,-2.0,19463,-294,-1.49,19362,19362,1399-12-5
320,سپيدار,سپيدار سيستم آسيا,214,107633,7703939608,73036,71576,71576,-1460,-2.0,72818,-218,-0.3,71576,71576,1399-12-5
321,شيراز,پتروشيمي‌شيراز,213,1898593,97586744070,52280,51240,52400,120,0.23,51400,-880,-1.68,51240,52400,1399-12-5
322,دارو,كارخانجات‌داروپخش‌,207,172738,5741879850,33470,32810,33200,-270,-0.81,33440,-30,-0.09,32810,34350,1399-12-5
323,دكپسول,توليد ژلاتين كپسول ايران,207,205074,6347040300,31581,30950,30950,-631,-2.0,31498,-83,-0.26,30950,30950,1399-12-5
324,ارمغان,ص سرمايه گذاري ارمغان ايرانيان,204,5193888,52513887103,10109,10120,10122,13,0.13,10111,2,0.02,10110,10122,1399-12-5
325,چكارن,كارتن‌ ايران‌,199,5508238,20270315840,3750,3680,3680,-70,-1.87,3720,-30,-0.8,3680,3680,1399-12-5
326,ساروج,بين المللي ساروج بوشهر,195,422250,9394779010,22613,22161,22450,-163,-0.72,22438,-175,-0.77,22161,22900,1399-12-5
327,شگل,گلتاش‌,193,792253,8350346620,9950,10540,10540,590,5.93,10170,220,2.21,10540,10540,1399-12-5
328,دفرا,فرآورده‌هاي‌ تزريقي‌ ايران‌,192,603648,16096168880,27190,26650,26650,-540,-1.99,27020,-170,-0.63,26650,26940,1399-12-5
329,ضفلا3004,اختيارخ فولاد-12000-1400/03/19,191,8930,15416583000,1553,1699,1800,247,15.9,1726,173,11.14,1550,1900,1399-12-5
330,ثاميد,توسعه و عمران اميد,190,2011233,3258197460,1650,1620,1620,-30,-1.82,1650,0,0.0,1620,1620,1399-12-5
331,دسبحا,گروه دارويي سبحان,190,718183,13447131100,19030,18650,19590,560,2.94,18940,-90,-0.47,18650,19590,1399-12-5
332,ما,بيمه  ما,190,2217015,18423207360,8460,8300,8300,-160,-1.89,8400,-60,-0.71,8300,8500,1399-12-5
333,آسيا,بيمه آسيا,190,3187613,7554642810,2410,2370,2370,-40,-1.66,2400,-10,-0.41,2370,2370,1399-12-5
334,تسه9909,امتياز تسهيلات مسكن آذر99,189,6006,3555066860,576473,551000,593758,17285,3.0,591919,15446,2.68,551000,593758,1399-12-5
335,شنفت,نفت‌ پارس‌,188,267721,13332505800,50810,49800,49800,-1010,-1.99,50540,-270,-0.53,49800,49800,1399-12-5
336,غشهداب,كشت و صنعت شهداب ناب خراسان,188,3873039,15720665301,4141,4059,4059,-82,-1.98,4114,-27,-0.65,4059,4059,1399-12-5
337,افق ملت,صندوق س در سهام افق ملت,186,85253,10107568600,117920,118000,121000,3080,2.61,118560,640,0.54,116000,122980,1399-12-5
338,قصفها,قنداصفهان‌,185,119594,19959042660,170290,166890,166890,-3400,-2.0,168870,-1420,-0.83,166890,166890,1399-12-5
339,تليسه,دامداري تليسه نمونه,184,1758174,7881894042,4574,4483,4483,-91,-1.99,4559,-15,-0.33,4483,4483,1399-12-5
340,وآفري,بيمه كارآفرين,183,1017074,18811742767,18872,18495,18740,-132,-0.7,18496,-376,-1.99,18495,18745,1399-12-5
341,ختوقا,قطعات‌ اتومبيل‌ ايران‌,183,3277855,8915765600,2770,2720,2720,-50,-1.81,2760,-10,-0.36,2720,2720,1399-12-5
342,ثالوند,سرمايه گذاري مسكن الوند,181,894983,31121243859,35482,34773,34773,-709,-2.0,35048,-434,-1.22,34773,34773,1399-12-5
343,كالا,بورس كالاي ايران,181,647653,23062923330,36330,35610,35610,-720,-1.98,35980,-350,-0.96,35610,35610,1399-12-5
344,فرابورس,فرابورس ايران,179,457074,15558341886,34733,34039,34039,-694,-2.0,34508,-225,-0.65,34039,34039,1399-12-5
345,كماسه,تامين‌ ماسه‌ ريخته‌گري‌,178,245643,11036739990,45840,44930,44930,-910,-1.99,45630,-210,-0.46,44930,44930,1399-12-5
346,خراسان,پتروشيمي خراسان,177,389303,25877821770,67260,68990,66320,-940,-1.4,66830,-430,-0.64,65920,68990,1399-12-5
347,فيروزا,صندوق بادرآمد ثابت فيروزه آسيا,177,3889555,86064270856,22090,22002,22132,42,0.19,22127,37,0.17,22002,22166,1399-12-5
348,وتعاون,بيمه  تعاون,169,1174786,7279788389,6320,6194,6194,-126,-1.99,6274,-46,-0.73,6194,6330,1399-12-5
349,پتاير,ايران‌ تاير,168,1186121,5586629910,4800,4710,4710,-90,-1.88,4790,-10,-0.21,4710,4710,1399-12-5
350,ضخود2006,اختيارخ خودرو-2500-1400/02/08,168,4740,1668576000,299,369,384,85,28.43,352,53,17.73,300,400,1399-12-5
351,غپينو,پارس‌ مينو,167,1261141,8336142010,6740,6610,6610,-130,-1.93,6720,-20,-0.3,6610,6610,1399-12-5
352,اخابر,مخابرات ايران,166,1934562,20312901000,10710,10500,10500,-210,-1.96,10670,-40,-0.37,10500,10500,1399-12-5
353,كخاك,صنايع‌خاك‌چيني‌ايران‌,163,161329,7186390000,45190,44290,44990,-200,-0.44,45090,-100,-0.22,44290,45160,1399-12-5
354,ضملي3004,اختيارخ فملي-14000-1400/03/02,160,6741,9076048000,1081,1298,1365,284,26.27,1346,265,24.51,1269,1380,1399-12-5
355,خمحركه,نيرو محركه‌,159,1274570,6181664500,4940,4850,4850,-90,-1.82,4930,-10,-0.2,4850,4850,1399-12-5
356,تيپيكو,سرمايه گذاري دارويي تامين,158,829868,36016271200,44280,43400,43400,-880,-1.99,43860,-420,-0.95,43400,43400,1399-12-5
357,خلنت,لنت‌ ترمزايران‌,158,68475,6383676260,94420,92540,93100,-1320,-1.4,94260,-160,-0.17,92540,95000,1399-12-5
358,زر,صندوق س.پشتوانه سكه طلاي زر,157,83444,4068635364,48516,48790,48865,349,0.72,48759,243,0.5,48531,49797,1399-12-5
359,خاور,ايران خودرو ديزل,154,4571544,28800727200,6562,6300,6300,-262,-3.99,6300,-262,-3.99,6300,6300,1399-12-5
360,فاراك,ماشين‌ سازي‌ اراك‌,154,1687182,8908320960,5380,5280,5280,-100,-1.86,5360,-20,-0.37,5280,5280,1399-12-5
361,دسبحان,سبحان دارو,153,391170,8543152800,22280,21840,21840,-440,-1.97,22200,-80,-0.36,21840,21840,1399-12-5
362,وليز,ليزينگ‌ايران‌,149,4437534,42910953780,9860,9670,9670,-190,-1.93,9700,-160,-1.62,9670,9670,1399-12-5
363,وپخش,داروپخش‌ (هلدينگ‌,146,334286,35069944260,107050,104910,104910,-2140,-2.0,105510,-1540,-1.44,104910,104910,1399-12-5
364,سدشت,صنايع سيمان دشتستان,146,213075,11414427750,50540,53570,53570,3030,6.0,51170,630,1.25,53570,53570,1399-12-5
365,ضخود2005,اختيارخ خودرو-2000-1400/02/08,146,4524,3469536000,682,671,799,117,17.16,767,85,12.46,670,836,1399-12-5
366,اخزا903,اسنادخزانه-م3بودجه99-011110,145,237220,162716604610,687679,684500,686069,-1610,-0.23,685931,-1748,-0.25,684500,686489,1399-12-5
367,فنرژي,گسترش صنايع انرژي آذرآب,143,520891,10761087169,20254,20659,20659,405,2.0,20654,400,1.97,20659,20659,1399-12-5
368,ريشمك,توليد و صادرات ريشمك,143,163164,8988554580,56212,55099,55089,-1123,-2.0,56006,-206,-0.37,55089,55100,1399-12-5
369,غزر,صنعتي زر ماكارون,142,220324,5906886440,27350,26810,26810,-540,-1.97,27280,-70,-0.26,26810,26810,1399-12-5
370,ضخود2009,اختيارخ خودرو-4000-1400/02/08,140,6795,344595000,43,40,57,14,32.56,51,8,18.6,40,64,1399-12-5
371,اخزا902,اسنادخزانه-م2بودجه99-011019,140,240775,166993946266,695232,690000,693800,-1432,-0.21,693568,-1664,-0.24,690000,695800,1399-12-5
372,سحرا022,سلف موازي نيروي برق حرارتي022,140,24488360,6999997706000,285850,285850,285850,0,0.0,285850,0,0.0,285850,285850,1399-12-5
373,غصينو,صنعتي مينو,138,63232,4395762176,70936,69518,69518,-1418,-2.0,70872,-64,-0.09,69518,69518,1399-12-5
374,وسينا,بانك سينا,137,5032558,17311999520,3510,3440,3440,-70,-1.99,3480,-30,-0.85,3440,3440,1399-12-5
375,چكاپا,گروه صنايع كاغذ پارس,137,1317346,6995107260,5410,5310,5310,-100,-1.85,5400,-10,-0.18,5310,5310,1399-12-5
376,خودكفا,اقتصادي و خودكفايي آزادگان,134,477649,11629320203,24843,24347,24347,-496,-2.0,24708,-135,-0.54,24347,24347,1399-12-5
377,افران,صندوق س افرا نماد پايدار-ثابت,132,2411065,30750616431,12743,12755,12756,13,0.1,12754,11,0.09,12749,12756,1399-12-5
378,لپارس,پارس‌ الكتريك‌,129,54740,5340434400,99550,97560,97560,-1990,-2.0,99330,-220,-0.22,97560,97560,1399-12-5
379,كارين,صندوق س نگين سامان-ثابت,129,4431596,44466405625,10023,10035,10035,12,0.12,10034,11,0.11,10030,10035,1399-12-5
380,ساوه,سيمان ساوه,128,197213,12198412902,63116,61854,61854,-1262,-2.0,62796,-320,-0.51,61854,61854,1399-12-5
381,تسه9712,امتياز تسهيلات مسكن اسفند97,127,2336,1288616241,544790,517551,570000,25210,4.63,551634,6844,1.26,517551,572029,1399-12-5
382,دارا,صندوق س. دارا الگوريتم-د,126,1119824,11198698810,9990,10010,9990,0,0.0,10000,10,0.1,9985,10010,1399-12-5
383,ميهن,بيمه ميهن,124,1788435,8884945080,5069,4968,4968,-101,-1.99,5052,-17,-0.34,4968,4968,1399-12-5
384,تسه9801,امتياز تسهيلات مسكن فروردين98,124,2411,1391480184,570005,564000,590000,19995,3.51,577138,7133,1.25,542610,594985,1399-12-5
385,تكمبا,كمباين‌ سازي‌ ايران‌,122,1201399,9334870230,7920,7770,7770,-150,-1.89,7890,-30,-0.38,7770,7770,1399-12-5
386,سپر,صندوق س سپر سرمايه بيدار- ثابت,120,1089793,12453080690,11426,11429,11427,1,0.01,11427,1,0.01,11426,11430,1399-12-5
387,چدن,توليدي چدن سازان,119,325552,8119266880,25440,24940,24940,-500,-1.97,25360,-80,-0.31,24940,24940,1399-12-5
388,فسپا,گروه‌صنعتي‌سپاهان‌,119,1149023,45777076320,40650,39840,39840,-810,-1.99,39890,-760,-1.87,39840,39840,1399-12-5
389,ضفلا3003,اختيارخ فولاد-10000-1400/03/19,119,4614,13573433000,2528,2504,3200,672,26.58,2942,414,16.38,2500,3300,1399-12-5
390,شاملا,معدني‌ املاح‌  ايران‌,117,49360,2568808580,53090,52040,52150,-940,-1.77,53030,-60,-0.11,52030,52160,1399-12-5
391,ثفارس,عمران‌وتوسعه‌فارس‌,117,1147147,11746785280,10440,10240,10240,-200,-1.92,10380,-60,-0.57,10240,10240,1399-12-5
392,اعتلا,شركت سرمايه گذاري اعتلاء البرز,116,826304,6445997504,7960,7801,7801,-159,-2.0,7939,-21,-0.26,7801,7801,1399-12-5
393,تسه9907,امتياز تسهيلات مسكن مهر99,115,1299,755872537,566156,538049,593100,26944,4.76,581888,15732,2.78,538049,594462,1399-12-5
394,ثجوان,تامين مسكن جوانان,115,1440558,16729230573,11850,11613,11613,-237,-2.0,11636,-214,-1.81,11613,11614,1399-12-5
395,ماديرا,صنايع ماشين هاي اداري ايران,115,614521,5656051284,9391,9204,9204,-187,-1.99,9369,-22,-0.23,9204,9204,1399-12-5
396,سكه9912پ04,سكه تمام بهارتحويل1روزه صادرات,114,103500,114025235700,1095233,1100999,1102999,7766,0.71,1101693,6460,0.59,1098500,1105555,1399-12-5
397,سبهان,سيمان‌ بهبهان‌,114,21542,3101186320,146890,143960,143960,-2930,-1.99,146700,-190,-0.13,143960,143960,1399-12-5
398,ونيكي,سرمايه‌گذاري‌ ملي‌ايران‌,114,492006,5589188160,11590,11360,11360,-230,-1.98,11570,-20,-0.17,11360,11360,1399-12-5
399,دماوند,توليد نيروي برق دماوند,113,132064,6515377440,50341,49335,49335,-1006,-2.0,50221,-120,-0.24,49335,49335,1399-12-5
400,گوهر,صندوق سكه طلاي كيان,112,50355,2775911802,54729,55999,55316,587,1.07,55127,398,0.73,54089,55999,1399-12-5
401,ضملي3003,اختيارخ فملي-12000-1400/03/02,111,1292,3119337000,2036,2099,2599,563,27.65,2414,378,18.57,2048,2649,1399-12-5
402,تابان04,اجاره تابان سپهر14031126,111,10900000,10900000000000,1000000,1000000,1000000,0,0.0,1000000,0,0.0,1000000,1000000,1399-12-5
403,ولساپا,ليزينگ رايان‌ سايپا,111,1387998,5038432740,3700,3630,3630,-70,-1.89,3690,-10,-0.27,3630,3630,1399-12-5
404,بذر,صندوق س بذر اميد آفرين-سهام,107,43194,4253602710,97000,96140,99000,2000,2.06,98480,1480,1.53,96140,101500,1399-12-5
405,سپاس,صندوق س. پاداش سهامداري توسعه1,107,1382174,13963198682,10095,10100,10109,14,0.14,10102,7,0.07,10099,10113,1399-12-5
406,ضخود2013,اختيارخ خودرو-7000-1400/02/08,107,5330,76345000,13,13,15,2,15.38,14,1,7.69,13,18,1399-12-5
407,بالاس,مهندسي ساختمان تاسيسات راه آهن,107,151796,9020932688,60640,59428,59428,-1212,-2.0,60412,-228,-0.38,59428,59428,1399-12-5
408,سخاش,سيمان‌خاش‌,106,40481,6682198670,168430,165070,165070,-3360,-1.99,167970,-460,-0.27,165070,165070,1399-12-5
409,ولپارس,ليزينگ پارسيان,106,1404543,8146349400,5910,5800,5800,-110,-1.86,5890,-20,-0.34,5800,5800,1399-12-5
410,اخزا904,اسنادخزانه-م4بودجه99-011215,105,24887,16654431390,680059,670000,668510,-11549,-1.7,669202,-10857,-1.6,668510,670020,1399-12-5
411,دانا,بيمه دانا,105,1058431,7239668040,6970,6840,6840,-130,-1.87,6950,-20,-0.29,6840,6840,1399-12-5
412,فردا,صندوق س آواي فرداي زاگرس-ثابت,103,1017452,10398157308,10212,10216,10220,8,0.08,10220,8,0.08,10216,10220,1399-12-5
413,ملت,بيمه ملت,102,386253,6477462810,17110,16770,16770,-340,-1.99,17060,-50,-0.29,16770,16770,1399-12-5
414,وساپا,سرمايه‌گذاري‌ سايپا,101,676178,4239636060,6390,6270,6270,-120,-1.88,6380,-10,-0.16,6270,6270,1399-12-5
415,كسرام,پارس‌ سرام‌,99,371804,3617652920,9920,9730,9730,-190,-1.92,9910,-10,-0.1,9730,9730,1399-12-5
416,آينده,بازرگاني آينده سازان بهشت پارس,98,251635,4978095205,20607,19783,19783,-824,-4.0,20388,-219,-1.06,19783,19783,1399-12-5
417,بخاور,بيمه زندگي خاورميانه,96,767182,5450828110,7249,7105,7105,-144,-1.99,7233,-16,-0.22,7105,7105,1399-12-5
418,زملارد,كشاورزي و دامپروري ملارد شير,94,96676,3615585724,38162,37399,37399,-763,-2.0,38103,-59,-0.15,37399,37399,1399-12-5
419,سقاين,سيمان‌ قائن‌,94,50991,3969649350,79430,77850,77850,-1580,-1.99,79300,-130,-0.16,77850,77850,1399-12-5
420,وثوق,سرمايه گذاري وثوق امين,93,823866,20992105680,26000,25480,25480,-520,-2.0,25480,-520,-2.0,25480,25480,1399-12-5
421,سيلام,سيمان‌ ايلام‌,90,1613077,19244008610,12170,11930,11930,-240,-1.97,12070,-100,-0.82,11930,11930,1399-12-5
422,تسه9906,امتياز تسهيلات مسكن شهريور99,90,718,415281835,562225,534114,590336,28111,5.0,578387,16162,2.87,534114,590336,1399-12-5
423,تسه9904,امتياز تسهيلات مسكن تير99,89,1437,835898181,565493,546200,590000,24507,4.33,581697,16204,2.87,540033,593767,1399-12-5
424,چكاوهح,ح . صنايع‌كاغذسازي‌كاوه‌,88,910780,8852781600,10120,9720,9720,-400,-3.95,9720,-400,-3.95,9720,9720,1399-12-5
425,پارسيان,بيمه پارسيان,88,1818719,22970420970,12880,12630,12630,-250,-1.94,12770,-110,-0.85,12630,12630,1399-12-5
426,ومشان,س. فني و مهندسي مشانير,87,60338,4761452594,80523,78913,78913,-1610,-2.0,80119,-404,-0.5,78913,78913,1399-12-5
427,تسه9902,امتياز تسهيلات مسكن ارديبهشت99,86,1309,765571269,569765,541500,581760,11995,2.11,584852,15087,2.65,541500,598253,1399-12-5
428,جوين,كشت و صنعت جوين,86,2373803,13725328946,5614,5782,5782,168,2.99,5720,106,1.89,5782,5782,1399-12-5
429,زگلدشت,كشت و دام گلدشت نمونه اصفهان,85,100147,4512824114,45981,45062,45062,-919,-2.0,45895,-86,-0.19,45062,45062,1399-12-5
430,گشان,توسعه بين المللي پديده شانديز,85,65941,2467380338,38181,37418,37418,-763,-2.0,38096,-85,-0.22,37418,37418,1399-12-5
431,بسويچ,پارس‌سويچ‌,83,118921,6250261100,53500,52460,52430,-1070,-2.0,53380,-120,-0.22,52430,53490,1399-12-5
432,شفارس,صنايع‌ شيميايي‌ فارس‌,83,113851,6018163860,53930,52860,52860,-1070,-1.98,53800,-130,-0.24,52860,52860,1399-12-5
433,وپست,پست بانك ايران,82,1349443,22967519860,17360,17020,17020,-340,-1.96,17200,-160,-0.92,17020,17020,1399-12-5
434,اخزا908,اسنادخزانه-م8بودجه99-020606,82,55021,33431348257,606690,606014,607450,760,0.13,607611,921,0.15,606014,610000,1399-12-5
435,وپاسار,بانك  پاسارگاد,80,697030,8517706600,12460,12220,12220,-240,-1.93,12440,-20,-0.16,12220,12220,1399-12-5
436,بزاگرس,نيروگاه زاگرس كوثر,79,352095,2555505510,7406,7258,7258,-148,-2.0,7399,-7,-0.09,7258,7258,1399-12-5
437,چكاوه,صنايع‌كاغذسازي‌كاوه‌,78,756515,12134500600,16360,16040,16040,-320,-1.96,16290,-70,-0.43,16040,16040,1399-12-5
438,ضپاس2003,اختيارخ وپارس-3500-1400/02/29,78,4207,1405700000,291,290,360,69,23.71,334,43,14.78,270,370,1399-12-5
439,سدور,سيمان‌ دورود,76,384001,7687700020,20420,20020,20020,-400,-1.96,20360,-60,-0.29,20020,20020,1399-12-5
440,گوهران,سرمايه گذاري توسعه گوهران اميد,76,943375,7288515250,7883,7726,7726,-157,-1.99,7859,-24,-0.3,7726,7726,1399-12-5
441,شتوكا,توكا رنگ فولاد سپاهان,75,217398,11777319252,55279,54174,54174,-1105,-2.0,55009,-270,-0.49,54174,54174,1399-12-5
442,تپكو,توليدتجهيزات‌سنگين‌هپكو,74,424613,2241956640,5499,5280,5280,-219,-3.98,5488,-11,-0.2,5280,5280,1399-12-5
443,سفار,سيمان‌فارس‌,73,29727,4606793190,158130,154970,154970,-3160,-2.0,157830,-300,-0.19,154970,154970,1399-12-5
444,دتوليد,داروسازي توليد دارو,72,221011,6160460614,28442,27874,27874,-568,-2.0,28370,-72,-0.25,27874,27874,1399-12-5
445,وتوصا,گروه س توسعه صنعتي ايران,71,400620,4867533000,12390,12150,12150,-240,-1.94,12370,-20,-0.16,12150,12150,1399-12-5
446,وكار,بانك‌ كارآفرين‌,69,520067,1289766160,2530,2480,2480,-50,-1.98,2530,0,0.0,2480,2480,1399-12-5
447,شكلر,نيروكلر,69,59504,3226306880,55320,54220,54220,-1100,-1.99,55250,-70,-0.13,54220,54220,1399-12-5
448,آپ,آسان پرداخت پرشين,68,234703,4222306970,18350,17990,17990,-360,-1.96,18320,-30,-0.16,17990,17990,1399-12-5
449,غديس,پاكديس,68,437250,5942227500,13867,13590,13590,-277,-2.0,13833,-34,-0.25,13590,13590,1399-12-5
450,ورنا,سرمايه‌گذاري‌ رنا(هلدينگ‌,68,764122,4363136620,5820,5710,5710,-110,-1.89,5810,-10,-0.17,5710,5710,1399-12-5
451,كوير,توليدي فولاد سپيد فراب كوير,67,125747,2867031600,23260,22800,22800,-460,-1.98,23250,-10,-0.04,22800,22800,1399-12-5
452,دتوزيع,توزيع دارو پخش,67,207537,10121994564,49767,48772,48772,-995,-2.0,49555,-212,-0.43,48772,48772,1399-12-5
453,ضسپا3003,اختيارخ خساپا-2000-1400/03/26,66,2922,1736799000,548,598,650,102,18.61,594,46,8.39,540,688,1399-12-5
454,صايند,صندوق س. گنجينه آينده روشن-د,65,323220,3248891380,10051,10051,10050,-1,-0.01,10052,1,0.01,10044,10060,1399-12-5
455,الماس,صندوق س.امين تدبيرگران فردا-س,65,10622,1175306808,108404,108400,112338,3934,3.63,110648,2244,2.07,107003,112350,1399-12-5
456,اخزا815,اسنادخزانه-م15بودجه98-010406,64,86034,66188389207,768555,767000,768904,349,0.05,769328,773,0.1,765000,772300,1399-12-5
457,وگردش,بانك گردشگري,64,1323950,23289604450,17949,17591,17591,-358,-1.99,17864,-85,-0.47,17591,17591,1399-12-5
458,ولغدر,ليزينگ‌خودروغدير,64,1021378,22817584520,22790,22340,22340,-450,-1.97,22590,-200,-0.88,22340,22340,1399-12-5
459,ودي,بيمه  دي,63,298557,7007431347,23950,23471,23471,-479,-2.0,23882,-68,-0.28,23471,23471,1399-12-5
460,سخواف,سيمان مجد خواف,63,195043,3270871110,17468,16770,16770,-698,-4.0,17349,-119,-0.68,16770,16770,1399-12-5
461,حفارس,حمل و نقل بين المللي خليج فارس,62,969569,4634539820,4870,4780,4780,-90,-1.85,4860,-10,-0.21,4780,4780,1399-12-5
462,سنير,سيمان‌ سفيد ني‌ريز,62,10935,2753761050,256960,251830,251830,-5130,-2.0,256670,-290,-0.11,251830,251830,1399-12-5
463,زعف0008پ11,زعفران0008نگين سحرخيز(پ),62,425825,51269386391,123002,123000,119700,-3302,-2.68,120400,-2602,-2.12,119700,123000,1399-12-5
464,پكوير,كوير تاير,61,188164,2705798320,14670,14380,14380,-290,-1.98,14650,-20,-0.14,14380,14380,1399-12-5
465,كپارس,كاشي‌ پارس‌,61,44175,6889533000,159140,155960,155960,-3180,-2.0,158680,-460,-0.29,155960,155960,1399-12-5
466,قشكر,شكرشاهرود,61,365758,1411825880,3930,3860,3860,-70,-1.78,3930,0,0.0,3860,3860,1399-12-5
467,سكه0011پ02,سكه تمام بهارتحويلي 1روزه ملت,61,14600,16071309300,1095073,1098000,1102000,6927,0.63,1100775,5702,0.52,1095000,1105984,1399-12-5
468,كلر,كلر پارس,59,236263,31465270077,135896,133179,133179,-2717,-2.0,134097,-1799,-1.32,133179,133179,1399-12-5
469,وبهمن,سرمايه‌گذاري‌بهمن‌,58,893691,14960387340,17080,16740,16740,-340,-1.99,16980,-100,-0.59,16740,16740,1399-12-5
470,تسه9810,امتياز تسهيلات مسكن دي98,58,794,457849687,563590,535811,591769,28179,5.0,576637,13047,2.31,535811,591769,1399-12-5
471,ثروتم,صندوق س. ثروت آفرين پارسيان-س,58,114220,8964340800,77126,75750,79750,2624,3.4,78483,1357,1.76,75750,80399,1399-12-5
472,اخزا821,اسنادخزانه-م21بودجه98-020906,57,11576,6785728586,587142,590870,587000,-142,-0.02,586189,-953,-0.16,584114,591280,1399-12-5
473,لپيام,گسترش صنايع پيام,56,73088,3992578176,56903,54627,54627,-2276,-4.0,56417,-486,-0.85,54627,54627,1399-12-5
474,گدنا,تهيه توزيع غذاي دنا آفرين فدك,56,30575,1033679600,34497,33808,33808,-689,-2.0,34482,-15,-0.04,33808,33808,1399-12-5
475,خمهر,مهركام‌پارس‌,56,433595,1075315600,2530,2480,2480,-50,-1.98,2530,0,0.0,2480,2480,1399-12-5
476,سيمرغ,سيمرغ,56,152661,2454788880,16400,16080,16080,-320,-1.95,16380,-20,-0.12,16080,16080,1399-12-5
477,شتولي,تولي‌پرس‌,56,123138,4438016658,37542,36041,36041,-1501,-4.0,36840,-702,-1.87,36041,36041,1399-12-5
478,ميدكو,هلدينگ صنايع  معدني خاورميانه,55,122673,3786915510,31500,30870,30870,-630,-2.0,31480,-20,-0.06,30870,30870,1399-12-5
479,چخزر,صنايع چوب خزر كاسپين,55,15357,927823869,61650,60417,60417,-1233,-2.0,61626,-24,-0.04,60417,60417,1399-12-5
480,غدشت,دشت‌ مرغاب‌,55,69052,19907691600,294180,288300,288300,-5880,-2.0,291770,-2410,-0.82,288300,288300,1399-12-5
481,خرينگ,رينگ‌سازي‌مشهد,54,107783,4919216120,46570,45640,45640,-930,-2.0,46480,-90,-0.19,45640,45640,1399-12-5
482,قثابت,قند ثابت‌ خراسان‌,51,30780,2180763000,72290,70850,70850,-1440,-1.99,72230,-60,-0.08,70850,70850,1399-12-5
483,امين يكم2,صندوق درآمد ثابت امين يكم فردا,51,5100000,5100000,10099,1,1,-10098,-99.99,1,-10098,-99.99,1,1,1399-12-5
484,كطبس,ذغال‌سنگ‌ نگين‌ ط‌بس‌,51,324933,27079916220,85040,83340,83340,-1700,-2.0,84080,-960,-1.13,83340,83340,1399-12-5
485,كوثر,بيمه كوثر,51,182229,2675303949,14980,14681,14681,-299,-2.0,14963,-17,-0.11,14681,14681,1399-12-5
486,غگرجي,بيسكويت‌  گرجي‌,50,154506,2895442440,19120,18740,18740,-380,-1.99,19100,-20,-0.1,18740,18740,1399-12-5
487,نيرو,نيرو سرمايه,48,47352,2599293336,57180,54893,54893,-2287,-4.0,56870,-310,-0.54,54893,54893,1399-12-5
488,اخزا910,اسنادخزانه-م10بودجه99-020807,48,79333,46659183916,588137,591990,587306,-831,-0.14,588143,6,0.0,586000,592499,1399-12-5
489,وآوا,سرمايه گذاري آوا نوين,48,306020,2679511120,8934,8756,8756,-178,-1.99,8924,-10,-0.11,8756,8756,1399-12-5
490,اخزا905,اسنادخزانه-م5بودجه99-020218,48,63916,41351230728,647052,652900,647000,-52,-0.01,646962,-90,-0.01,645310,652900,1399-12-5
491,تسه9802,امتياز تسهيلات مسكن ارديبهشت98,48,399,238518275,586596,559150,592302,5706,0.97,597790,11194,1.91,559150,610000,1399-12-5
492,وتوشه,سرمايه‌ گذاري‌ پارس‌ توشه‌,48,114965,2643045350,23450,22990,22990,-460,-1.96,23420,-30,-0.13,22990,22990,1399-12-5
493,دامين,داروسازي‌ امين‌,48,156301,2172583900,14180,13900,13900,-280,-1.97,14170,-10,-0.07,13900,13900,1399-12-5
494,اعتلاح,ح سرمايه گذاري اعتلاء البرز,47,6300150,39949579700,6341,6421,6341,0,0.0,6341,0,0.0,6341,6421,1399-12-5
495,اخزا909,اسنادخزانه-م9بودجه99-020316,47,162728,103586164571,636589,640000,637500,911,0.14,636560,-29,0.0,636000,640000,1399-12-5
496,كلوند,كاشي‌ الوند,47,126345,6053188950,48880,47910,47910,-970,-1.98,48760,-120,-0.25,47910,47910,1399-12-5
497,وآرين,شركت توسعه اقتصادي آرين,47,234757,1016263053,4417,4329,4329,-88,-1.99,4412,-5,-0.11,4329,4329,1399-12-5
498,غالبر,لبنيات‌ كالبر,47,97510,1860490800,19460,19080,19080,-380,-1.95,19450,-10,-0.05,19080,19080,1399-12-5
499,ولشرق,ليزينگ ايران و شرق,46,1430684,12826082060,9147,8965,8965,-182,-1.99,9099,-48,-0.52,8965,8965,1399-12-5
500,شسينا,صنايع‌شيميايي‌سينا,46,18633,2543404500,139280,136500,136500,-2780,-2.0,139140,-140,-0.1,136500,136500,1399-12-5
501,ضملي3002,اختيارخ فملي-10000-1400/03/02,46,411,1637538000,3398,3700,4120,722,21.25,3984,586,17.25,3700,4800,1399-12-5
502,دسانكو,داروسازي سبحان انكولوژي,46,74523,1103014923,15103,14801,14801,-302,-2.0,15096,-7,-0.05,14801,14801,1399-12-5
503,خبازرس,بازرسي مهندسي و صنعتي ايران,46,701471,23061560596,31311,32876,32876,1565,5.0,32876,1565,5.0,32876,32876,1399-12-5
504,ختور,رادياتور ايران‌,46,43312,1015233280,23910,23440,23440,-470,-1.97,23900,-10,-0.04,23440,23440,1399-12-5
505,تسه9905,امتياز تسهيلات مسكن مرداد99,45,463,273328851,571486,543000,593000,21514,3.76,590343,18857,3.3,543000,600060,1399-12-5
506,فن آوا,گروه فن آوا,45,1008687,19805569245,20035,19635,19635,-400,-2.0,19635,-400,-2.0,19635,19635,1399-12-5
507,داوه,داروسازي آوه سينا,45,89229,1778958573,20343,19937,19937,-406,-2.0,20328,-15,-0.07,19937,19937,1399-12-5
508,هجرت,پخش هجرت,44,106405,2998599305,28756,28181,28181,-575,-2.0,28722,-34,-0.12,28181,28181,1399-12-5
509,وآذر,سرمايه‌گذاري‌توسعه‌آذربايجان‌,44,29933,2632906680,89750,87960,87960,-1790,-1.99,89650,-100,-0.11,87960,87960,1399-12-5
510,وپويا,سرمايه گذاري پويا,44,207245,1369267715,6741,6607,6607,-134,-1.99,6737,-4,-0.06,6607,6607,1399-12-5
511,خزر,فنرسازي‌زر,43,39845,1919333650,49150,48170,48170,-980,-1.99,49110,-40,-0.08,48170,48170,1399-12-5
512,وكادو,تكادو,43,68854,1401660878,21205,20357,20357,-848,-4.0,21143,-62,-0.29,20357,20357,1399-12-5
513,غنوش,نوش‌ مازندران‌,42,70877,4246949840,61140,59920,59920,-1220,-2.0,61030,-110,-0.18,59920,59920,1399-12-5
514,تسه9901,امتياز تسهيلات مسكن فروردين99,42,449,266980844,606069,575766,596000,-10069,-1.66,594612,-11457,-1.89,575766,635999,1399-12-5
515,فپنتا,سپنتا,41,10134,4129706340,415820,407510,407510,-8310,-2.0,415120,-700,-0.17,407510,407510,1399-12-5
516,غچين,كشت‌ و صنعت‌ چين‌ چين,41,48171,974981040,20650,20240,20240,-410,-1.99,20640,-10,-0.05,20240,20240,1399-12-5
517,گكيش,توريستي ورفاهي آبادگران كيش,41,52587,2782693692,53995,52916,52916,-1079,-2.0,53841,-154,-0.29,52916,52916,1399-12-5
518,تسه9803,امتياز تسهيلات مسكن خرداد98,41,260,154580999,589335,561020,595811,6476,1.1,594542,5207,0.88,561020,615000,1399-12-5
519,فمراد,آلومراد,41,43035,6251694450,148230,145270,145270,-2960,-2.0,147850,-380,-0.26,145270,145270,1399-12-5
520,تسه9903,امتياز تسهيلات مسكن خرداد99,40,308,179405767,564421,536600,582100,17679,3.13,582486,18065,3.2,536600,590336,1399-12-5
521,دتماد,توليدمواداوليه‌داروپخش‌,40,36843,1646513670,45600,44690,44690,-910,-2.0,45570,-30,-0.07,44690,44690,1399-12-5
522,ضجار2003,اختيارخ وتجارت-3000-1400/02/22,40,1374,354596000,269,270,340,71,26.39,258,-11,-4.09,230,340,1399-12-5
523,كمرجان,بازرگاني و توليدي مرجان كار,39,26449,3847218642,148426,145458,145458,-2968,-2.0,148192,-234,-0.16,145458,145458,1399-12-5
524,تكنار,مجتمع معادن مس تكنار,39,177196,27285348864,157126,153984,153984,-3142,-2.0,153984,-3142,-2.0,153984,153984,1399-12-5
525,بپاس,بيمه پاسارگاد,39,23930,1888388090,80523,78913,78913,-1610,-2.0,80491,-32,-0.04,78913,78913,1399-12-5
526,غدام,خوراك‌  دام‌ پارس‌,39,1176,465990000,404330,396250,396250,-8080,-2.0,404250,-80,-0.02,396250,396250,1399-12-5
527,اخزا812,اسنادخزانه-م12بودجه98-001111,39,120791,102325692457,840761,842000,842000,1239,0.15,847130,6369,0.76,841211,853000,1399-12-5
528,آسام,صندوق س.آرمان سپهر آشنا-م,38,15690,1606635660,101907,102999,102900,993,0.97,102399,492,0.48,101600,102999,1399-12-5
529,سدبير,س. تدبيرگران فارس وخوزستان,38,40253,3658273146,92736,90882,90882,-1854,-2.0,92595,-141,-0.15,90882,90882,1399-12-5
530,پارتا,مجتمع‌صنعتي‌آرتاويل‌تاير,37,104394,5982298170,58474,57305,57305,-1169,-2.0,58220,-254,-0.43,57305,57305,1399-12-5
531,تايرا,تراكتورسازي‌ايران‌,37,91153,2367243410,26490,25970,25970,-520,-1.96,26460,-30,-0.11,25970,25970,1399-12-5
532,غبهنوش,بهنوش‌ ايران‌,37,39028,2923587480,76430,74910,74910,-1520,-1.99,76340,-90,-0.12,74910,74910,1399-12-5
533,خاتم,صندوق س خاتم ايساتيس پويا-ثابت,36,355885,3768913732,10581,10591,10587,6,0.06,10590,9,0.09,10585,10591,1399-12-5
534,درازك,دارويي‌ رازك‌,36,139353,4894077360,35830,35120,35120,-710,-1.98,35760,-70,-0.2,35120,35120,1399-12-5
535,غشهد,شهد ايران ‌,36,274687,2128824250,7900,7750,7750,-150,-1.9,7890,-10,-0.13,7750,7750,1399-12-5
536,تسه9812,امتياز تسهيلات مسكن اسفند98,36,396,238850467,591721,562135,621307,29586,5.0,603158,11437,1.93,562135,621307,1399-12-5
537,غبشهر,صنعتي‌ بهشهر,36,104083,2110803240,20690,20280,20280,-410,-1.98,20670,-20,-0.1,20280,20280,1399-12-5
538,ضترا3003,اختيارخ شتران-9000-1400/03/09,36,2060,2410463000,1400,1000,1580,180,12.86,1170,-230,-16.43,1000,1590,1399-12-5
539,داريك,صندوق س.اعتماد داريك-د,35,343329,3541993865,10318,10320,10320,2,0.02,10317,-1,-0.01,10041,10350,1399-12-5
540,بنو,بيمه تجارت نو,35,58933,2085521004,36110,35388,35388,-722,-2.0,36079,-31,-0.09,35388,35388,1399-12-5
541,وپترو,سرمايه‌گذاري صنايع پتروشيمي‌,35,280466,4336004360,15770,15460,15460,-310,-1.97,15740,-30,-0.19,15460,15460,1399-12-5
542,قمرو,قند مرودشت‌,35,55809,2035354230,37210,36470,36470,-740,-1.99,37180,-30,-0.08,36470,36470,1399-12-5
543,وگستر,گسترش سرمايه گذاري ايرانيان,35,46916,897174668,19513,19123,19123,-390,-2.0,19506,-7,-0.04,19123,19123,1399-12-5
544,اخزا901,اسنادخزانه-م1بودجه99-010621,35,9874,7280138004,737979,736101,738000,21,0.0,737304,-675,-0.09,736100,738000,1399-12-5
545,ثنوسا,نوسازي‌وساختمان‌تهران‌,35,86787,1135173960,13340,13080,13080,-260,-1.95,13330,-10,-0.07,13080,13080,1399-12-5
546,غشان,شيرپاستوريزه‌پگاه‌خراسان‌,35,354426,2768067060,7960,7810,7810,-150,-1.88,7950,-10,-0.13,7810,7810,1399-12-5
547,پدرخش,درخشان‌ تهران‌,34,6345,806195700,129650,127060,127060,-2590,-2.0,129610,-40,-0.03,127060,127060,1399-12-5
548,خپويش,سازه‌ پويش‌,34,61314,3725438640,62000,60760,60760,-1240,-2.0,61910,-90,-0.15,60760,60760,1399-12-5
549,وبيمهح,ح . سرمايه‌ گذاري‌ صنعت‌ بيمه‌,34,1021941,1369400940,1390,1340,1340,-50,-3.6,1340,-50,-3.6,1340,1340,1399-12-5
550,ثپرديس,سرمايه گذاري مسكن پرديس,34,111174,1121300964,10291,10086,10086,-205,-1.99,10286,-5,-0.05,10086,10086,1399-12-5
551,دبالك,مواد اوليه دارويي البرز بالك,34,73590,1569453930,21762,21327,21327,-435,-2.0,21748,-14,-0.06,21327,21327,1399-12-5
552,صنوين,صندوق سرمايه‌گذاري صنوين-مختلط,34,7169,737374020,101980,102490,103640,1660,1.63,102860,880,0.86,101580,103820,1399-12-5
553,قنيشا,قند  نيشابور,33,32624,1990064000,62240,61000,61000,-1240,-1.99,62190,-50,-0.08,61000,61000,1399-12-5
554,گنجين,صندوق س. گنجينه يكم آويد-د,33,416082,5121341390,12290,12290,12292,2,0.02,12308,18,0.15,12288,12500,1399-12-5
555,خچرخش,چرخشگر,33,485191,8854735750,18620,18250,18250,-370,-1.99,18550,-70,-0.38,18250,18250,1399-12-5
556,حآسا,آسيا سير ارس,33,33380,1523196160,46563,45632,45632,-931,-2.0,46534,-29,-0.06,45632,45632,1399-12-5
557,قشرين,قند شيرين خراسان,33,111054,1760205900,16173,15850,15850,-323,-2.0,16144,-29,-0.18,15850,15850,1399-12-5
558,غويتا,ويتانا,32,70748,1281458524,18482,18113,18113,-369,-2.0,18472,-10,-0.05,18113,18113,1399-12-5
559,مفاخر,توسعه فناوري اطلاعات خوارزمي,32,365807,25633925525,71505,70075,70075,-1430,-2.0,70738,-767,-1.07,70075,70075,1399-12-5
560,خشرق,الكتريك‌ خودرو شرق‌,32,96483,1574602560,16650,16320,16320,-330,-1.98,16640,-10,-0.06,16320,16320,1399-12-5
561,ديران,ايران‌دارو,32,105772,3001809360,28950,28380,28380,-570,-1.97,28920,-30,-0.1,28380,28380,1399-12-5
562,ثنور,سرمايه گذاري كوه نور,31,319673,3305099147,10550,10339,10339,-211,-2.0,10514,-36,-0.34,10339,10339,1399-12-5
563,غگلستا,شير پاستوريزه پگاه گلستان,31,45489,1302804960,29224,28640,28640,-584,-2.0,29208,-16,-0.05,28640,28640,1399-12-5
564,دمعيار,صندوق س. توازن معيار-د,31,565218,5665071424,10021,10025,10020,-1,-0.01,10023,2,0.02,10020,10027,1399-12-5
565,واتي,سرمايه‌ گذاري‌ آتيه‌ دماوند,31,298906,3589861060,12250,12010,12010,-240,-1.96,12230,-20,-0.16,12010,12010,1399-12-5
566,كشم0006پ02,كشمش تيزابي0006تاكستان(پ),31,1773,403006628,216878,225000,227721,10843,5.0,227302,10424,4.81,225000,227721,1399-12-5
567,كساپا,سايپاشيشه‌,30,53652,2119254000,40300,39500,39500,-800,-1.99,40270,-30,-0.07,39500,39500,1399-12-5
568,وايران,ليزينگ ايرانيان,30,50172,623136240,12670,12420,12420,-250,-1.97,12670,0,0.0,12420,12420,1399-12-5
569,دابور,داروسازي‌ ابوريحان‌,30,207988,8369437120,41060,40240,40240,-820,-2.0,40920,-140,-0.34,40240,40240,1399-12-5
570,پاسا,ايران‌ياساتايرورابر,29,47266,1250185700,26980,26450,26450,-530,-1.96,26970,-10,-0.04,26450,26450,1399-12-5
571,كتوكا,توليدي و خدمات صنايع نسوز توكا,29,35087,1358568640,39510,38720,38720,-790,-2.0,39488,-22,-0.06,38720,38720,1399-12-5
572,قشير,قند شيروان قوچان و بجنورد,29,89123,2304988149,26390,25863,25863,-527,-2.0,26364,-26,-0.1,25863,25863,1399-12-5
573,ولبهمن,شركت بهمن ليزينگ,29,623023,5345537340,8755,8580,8580,-175,-2.0,8736,-19,-0.22,8580,8580,1399-12-5
574,ثنظام,س. ساختماني نظام مهندسي ايران,29,75261,3576553242,48491,47522,47522,-969,-2.0,48313,-178,-0.37,47522,47522,1399-12-5
575,لكما,كارخانجات‌مخابراتي‌ايران‌,29,74518,473412854,6482,6353,6353,-129,-1.99,6479,-3,-0.05,6353,6353,1399-12-5
576,تپمپي,پمپ‌ سازي‌ ايران‌,29,32217,634674900,20100,19700,19700,-400,-1.99,20090,-10,-0.05,19700,19700,1399-12-5
577,خديزل,بهمن  ديزل,29,674445,28949877180,43800,42924,42924,-876,-2.0,43281,-519,-1.18,42924,42924,1399-12-5
578,توريل,توکاريل,28,312000,8006544000,26185,25662,25662,-523,-2.0,26099,-86,-0.33,25662,25662,1399-12-5
579,بمپنا,توليد برق عسلويه  مپنا,28,41823,3298161780,80469,78860,78860,-1609,-2.0,80360,-109,-0.14,78860,78860,1399-12-5
580,كشرق,صنعتي و معدني شمال شرق شاهرود,28,72234,6840920970,96637,94705,94705,-1932,-2.0,96364,-273,-0.28,94705,94705,1399-12-5
581,غمينو,شركت صنايع غذايي مينو شرق,28,46139,567186727,12543,12293,12293,-250,-1.99,12540,-3,-0.02,12293,12293,1399-12-5
582,ددام,داروسازي زاگرس فارمد پارس,28,53169,1210126440,23220,22760,22760,-460,-1.98,23210,-10,-0.04,22760,22760,1399-12-5
583,دشيري,شيرين دارو,28,10325,2399240900,237114,232372,232372,-4742,-2.0,236541,-573,-0.24,232372,232372,1399-12-5
584,كي بي سي,شركت كي بي سي,27,94481,2658317416,28710,28136,28136,-574,-2.0,28679,-31,-0.11,28136,28136,1399-12-5
585,بشهاب,لامپ‌  پارس‌ شهاب‌,27,13390,1985870900,151330,148310,148310,-3020,-2.0,151210,-120,-0.08,148310,148310,1399-12-5
586,تاپكيش,تجارت الكترونيك پارسيان كيش,27,453524,9621965184,21648,21216,21216,-432,-2.0,21561,-87,-0.4,21216,21216,1399-12-5
587,ضخود2010,اختيارخ خودرو-4500-1400/02/08,27,1285,38900000,32,26,35,3,9.38,30,-2,-6.25,26,35,1399-12-5
588,خاذين,سايپاآذين‌,27,268633,1265261430,4800,4710,4710,-90,-1.88,4800,0,0.0,4710,4710,1399-12-5
589,دكوثر,داروسازي‌ كوثر,27,51241,1054539780,21000,20580,20580,-420,-2.0,20990,-10,-0.05,20580,20580,1399-12-5
590,خنصير,مهندسي‌نصيرماشين‌,26,17540,1947115400,113270,111010,111010,-2260,-2.0,113180,-90,-0.08,111010,111010,1399-12-5
591,سرود,سيمان‌شاهرود,26,300100,6149049000,20900,20490,20490,-410,-1.96,20850,-50,-0.24,20490,20490,1399-12-5
592,افرا,افرانت,26,66877,2333606038,35606,34894,34894,-712,-2.0,35572,-34,-0.1,34894,34894,1399-12-5
593,بكاب,صنايع‌جوشكاب‌يزد,26,2098,747559360,363590,356320,356320,-7270,-2.0,363480,-110,-0.03,356320,356320,1399-12-5
594,سبجنو,سيمان‌ بجنورد,26,27207,1636228980,61360,60140,60140,-1220,-1.99,61320,-40,-0.07,60140,60140,1399-12-5
595,فافزا,فولاد افزا سپاهان,25,124345,6548629425,53739,52665,52665,-1074,-2.0,53375,-364,-0.68,52665,52665,1399-12-5
596,قپيرا,فرآورده‌هاي‌غدايي‌وقندپيرانشهر,25,19216,1999809120,106190,104070,104070,-2120,-2.0,106100,-90,-0.08,104070,104070,1399-12-5
597,سكه0112پ03,سكه تمام بهارتحويلي1روزه سامان,25,9800,10784855400,1095119,1099000,1106000,10881,0.99,1100495,5376,0.49,1097000,1109979,1399-12-5
598,دفارا,داروسازي‌ فارابي‌,25,51841,3488899300,68670,67300,67300,-1370,-2.0,68570,-100,-0.15,67300,67300,1399-12-5
599,اخزا820,اسنادخزانه-م20بودجه98-020806,25,4640,2686276882,594636,596000,592000,-2636,-0.44,578939,-15697,-2.64,564905,596000,1399-12-5
600,ومعلم,بيمه معلم,25,105054,495434664,4812,4716,4716,-96,-2.0,4811,-1,-0.02,4716,4716,1399-12-5
601,دتمادح,ح . توليدمواداوليه‌داروپخش‌,25,144934,5803544500,40700,40600,40000,-700,-1.72,40040,-660,-1.62,40000,40600,1399-12-5
602,ضفلا3005,اختيارخ فولاد-14000-1400/03/19,25,326,275293000,711,750,899,188,26.44,844,133,18.71,750,900,1399-12-5
603,دلقما,دارويي‌ لقمان‌,25,129050,3161725000,24990,24500,24500,-490,-1.96,24960,-30,-0.12,24500,24500,1399-12-5
604,ثعمرا,عمران و توسعه شاهد,24,114866,1482805194,13172,12909,12909,-263,-2.0,13164,-8,-0.06,12909,12909,1399-12-5
605,حپارسا,توسعه حمل و نقل ريلي پارسيان,24,310970,10929040650,35862,35145,35145,-717,-2.0,35700,-162,-0.45,35145,35145,1399-12-5
606,زقيام,كشت و دام قيام اصفهان,24,14799,444221583,30629,30017,30017,-612,-2.0,30623,-6,-0.02,30017,30017,1399-12-5
607,اخزا813,اسنادخزانه-م13بودجه98-010219,24,41966,33175803965,789555,789001,790543,988,0.13,790540,985,0.12,789001,791000,1399-12-5
608,غشصفا,شيرپاستوريزه‌پگاه‌اصفهان‌,24,46794,1317719040,28730,28160,28160,-570,-1.98,28710,-20,-0.07,28160,28160,1399-12-5
609,سخند,صندوق س.سپهرخبرگان نفت-د,23,25930,261923360,10097,10105,10105,8,0.08,10101,4,0.04,10099,10105,1399-12-5
610,غمارگ,مارگارين‌,23,81652,2626744840,32820,32170,32170,-650,-1.98,32790,-30,-0.09,32170,32170,1399-12-5
611,پلاست,كارخانجات توليدي پلاستيران,23,5219,364771567,72805,69893,69893,-2912,-4.0,72750,-55,-0.08,69893,69893,1399-12-5
612,تسه9809,امتياز تسهيلات مسكن آذر98,23,143,84034945,560579,560000,588607,28028,5.0,587657,27078,4.83,533000,588607,1399-12-5
613,تسه9811,امتياز تسهيلات مسكن بهمن98,23,76,45002854,589618,560138,600000,10382,1.76,592143,2525,0.43,560138,600000,1399-12-5
614,خفنر,فنرسازي‌خاور,23,47541,1031639700,22140,21700,21700,-440,-1.99,22130,-10,-0.05,21700,21700,1399-12-5
615,حخزر,كشتيراني درياي خزر,22,316382,9284862554,29945,29347,29347,-598,-2.0,29830,-115,-0.38,29347,29347,1399-12-5
616,چافست,افست‌,22,109292,1784738360,16660,16330,16330,-330,-1.98,16650,-10,-0.06,16330,16330,1399-12-5
617,قاسم,قاسم ايران,22,44276,596884756,13756,13481,13481,-275,-2.0,13753,-3,-0.02,13481,13481,1399-12-5
618,زمگسا,كشاورزي‌ ودامپروي‌ مگسال‌,22,17474,563012280,32870,32220,32220,-650,-1.98,32860,-10,-0.03,32220,32220,1399-12-5
619,زكشت,كشاورزي مكانيزه اصفهان كشت,22,155763,6234881364,40844,40028,40028,-816,-2.0,40740,-104,-0.25,40028,40028,1399-12-5
620,دسينا,داروسازي‌ سينا,22,525054,14617503360,28400,27840,27840,-560,-1.97,28230,-170,-0.6,27840,27840,1399-12-5
621,تسه9808,امتياز تسهيلات مسكن آبان98,21,284,165334243,568223,540015,565000,-3223,-0.57,582163,13940,2.45,540015,596634,1399-12-5
622,ضمخا7071,اختيارخ اخابر-24000-1400/07/28,21,873,201786000,246,340,230,-16,-6.5,231,-15,-6.1,200,340,1399-12-5
623,شزنگ,تجهيزنيروي‌زنگان‌,21,4314,1002336330,237086,232345,232345,-4741,-2.0,236842,-244,-0.1,232345,232345,1399-12-5
624,اخزا811,اسنادخزانه-م11بودجه98-001013,21,132019,112379311322,850521,852700,851400,879,0.1,851236,715,0.08,851000,852700,1399-12-5
625,سخزر,سيمان‌ خزر,20,17600,541904000,31410,30790,30790,-620,-1.97,31400,-10,-0.03,30790,30790,1399-12-5
626,آكورد2,صندوق س. آرمان آتي كوثر-د,20,2000000,2000000,30855,1,1,-30854,-100.0,1,-30854,-100.0,1,1,1399-12-5
627,اوصتا,صندوق انديشه ورزان صباتامين -د,20,25784,462739732,17926,17935,17935,9,0.05,17947,21,0.12,17935,17950,1399-12-5
628,شدوص,دوده‌ صنعتي‌ پارس‌,20,24135,723325950,30580,29970,29970,-610,-1.99,30570,-10,-0.03,29970,29970,1399-12-5
629,وملت,سرمايه گذاري ملت,20,547511,2499387715,4658,4565,4565,-93,-2.0,4633,-25,-0.54,4565,4565,1399-12-5
630,خكمك,كمك‌فنرايندامين‌,20,33691,959856590,29070,28490,28490,-580,-2.0,29060,-10,-0.03,28490,28490,1399-12-5
631,تسه9806,امتياز تسهيلات مسكن شهريور98,19,344,201799381,565279,580000,584999,19720,3.49,586626,21347,3.78,565279,593542,1399-12-5
632,ضجار2002,اختيارخ وتجارت-2500-1400/02/22,19,993,429636000,397,401,500,103,25.94,433,36,9.07,400,520,1399-12-5
633,اخزا809,اسنادخزانه-م9بودجه98-000923,19,24088,20779618091,861553,862423,864250,2697,0.31,862654,1101,0.13,862423,864250,1399-12-5
634,درهآور,دارويي ره آورد تامين,19,23646,1285301976,55465,54356,54356,-1109,-2.0,55436,-29,-0.05,54356,54356,1399-12-5
635,بهپاك,صنعتي بهپاك,19,101533,4714481789,47380,46433,46433,-947,-2.0,47288,-92,-0.19,46433,46433,1399-12-5
636,فولاي,صنايع فولاد آلياژي يزد,19,10786,547928800,51836,50800,50800,-1036,-2.0,51824,-12,-0.02,50800,50800,1399-12-5
637,تسه9807,امتياز تسهيلات مسكن مهر98,19,178,103765480,563595,580000,590000,26405,4.69,582952,19357,3.43,580000,591774,1399-12-5
638,وسرمد,بيمه  سرمد,19,1008413,7016537654,7099,6958,6958,-141,-1.99,7050,-49,-0.69,6958,6958,1399-12-5
639,شپلي,پلي اكريل ايران,19,63717,674317011,10798,10583,10583,-215,-1.99,10788,-10,-0.09,10583,10583,1399-12-5
640,خموتور,موتورسازان‌تراكتورسازي‌ايران‌,19,25367,378221970,15210,14910,14910,-300,-1.97,15210,0,0.0,14910,14910,1399-12-5
641,اخزا817,اسنادخزانه-م17بودجه98-010512,18,49533,37397756095,752621,755000,755000,2379,0.32,755007,2386,0.32,755000,755021,1399-12-5
642,سجامح,ح.مجتمع سيمان غرب آسيا,18,61879,160947279,2654,2601,2601,-53,-2.0,2601,-53,-2.0,2601,2601,1399-12-5
643,اخزا808,اسنادخزانه-م8بودجه98-000817,17,8862,7763565213,875913,876046,876059,146,0.02,876051,138,0.02,876046,876060,1399-12-5
644,زعف0008پ05,زعفران0008نگين زرين(پ),17,9500,1128298744,121624,119502,119599,-2025,-1.66,118768,-2856,-2.35,118100,119999,1399-12-5
645,سكارون,سيمان كارون,16,6547,1131792984,180075,172872,172872,-7203,-4.0,179650,-425,-0.24,172872,172872,1399-12-5
646,حتوكا,حمل‌ونقل‌توكا,15,12887,391378190,30980,30370,30370,-610,-1.97,30980,0,0.0,30370,30370,1399-12-5
647,بنيرو,نيروترانس‌,15,57026,878200400,15710,15400,15400,-310,-1.97,15700,-10,-0.06,15400,15400,1399-12-5
648,كاسپين,داروسازي كاسپين تامين,15,14194,352507990,25341,24835,24835,-506,-2.0,25337,-4,-0.02,24835,24835,1399-12-5
649,فلامي,لاميران‌,15,10904,483701440,45260,44360,44360,-900,-1.99,45250,-10,-0.02,44360,44360,1399-12-5
650,فجام,جام‌دارو,15,22045,224859000,10400,10200,10200,-200,-1.92,10400,0,0.0,10200,10200,1399-12-5
651,تسه9804,امتياز تسهيلات مسكن تير98,15,326,185679867,573305,545000,590250,16945,2.96,569570,-3735,-0.65,545000,600000,1399-12-5
652,ضملت3000,اختيارخ وبملت-3000-1400/03/19,15,716,762590000,932,960,1140,208,22.32,1065,133,14.27,960,1140,1399-12-5
653,ضملت3001,اختيارخ وبملت-3500-1400/03/19,15,488,309681000,614,627,800,186,30.29,635,21,3.42,620,800,1399-12-5
654,اخزا818,اسنادخزانه-م18بودجه98-010614,15,27498,20403643115,740969,742000,742009,1040,0.14,742005,1036,0.14,742000,742015,1399-12-5
655,غبهار,كشت وصنعت بهاران گلبهار خراسان,15,26577,900933723,34590,33899,33899,-691,-2.0,34558,-32,-0.09,33899,33899,1399-12-5
656,دپارس,پارس‌ دارو,14,3791,325646900,87650,85900,85900,-1750,-2.0,87640,-10,-0.01,85900,85900,1399-12-5
657,قشهد,شهد,14,40952,1431272400,35660,34950,34950,-710,-1.99,35640,-20,-0.06,34950,34950,1399-12-5
658,ختراكح,ح . ريخته‌گري‌ تراكتورسازي‌,14,64221,899094000,14000,14000,14000,0,0.0,14000,0,0.0,14000,14000,1399-12-5
659,اخزا721,اسنادخزانه-م21بودجه97-000728,14,2075,1834736848,883110,883000,882570,-540,-0.06,884210,1100,0.12,882567,895000,1399-12-5
660,ضخود2011,اختيارخ خودرو-5000-1400/02/08,14,935,24565000,24,21,30,6,25.0,26,2,8.33,21,39,1399-12-5
661,نتوس,پشم‌ بافي‌ توس,14,20623,449560777,22243,21799,21799,-444,-2.0,22233,-10,-0.04,21799,21799,1399-12-5
662,كدما,معدني‌ دماوند,14,1897,446876290,240370,235570,235570,-4800,-2.0,240330,-40,-0.02,235570,235570,1399-12-5
663,پسهند,صنايع‌ لاستيكي‌  سهند,13,38839,1700371420,44670,43780,43780,-890,-1.99,44640,-30,-0.07,43780,43780,1399-12-5
664,آبين,كشت و صنعت آبشيرين,13,78208,322764416,4298,4127,4127,-171,-3.98,4292,-6,-0.14,4127,4127,1399-12-5
665,سجام,مجتمع سيمان غرب آسيا,13,136722,682516224,5200,4992,4992,-208,-4.0,5193,-7,-0.13,4992,4992,1399-12-5
666,ثغرب,شركت سرمايه گذاري مسكن شمالغرب,13,18519,145651935,8025,7865,7865,-160,-1.99,8025,0,0.0,7865,7865,1399-12-5
667,ضصاد3002,اختيارخ وبصادر-2500-1400/03/12,13,523,183567000,300,530,400,100,33.33,351,51,17.0,310,530,1399-12-5
668,اخزا814,اسنادخزانه-م14بودجه98-010318,13,28876,22507311170,774275,773500,778010,3735,0.48,779447,5172,0.67,773500,779940,1399-12-5
669,اخزا806,اسنادخزانه-م6بودجه98-000519,13,25050,22984380937,917294,915050,918000,706,0.08,917540,246,0.03,915050,918000,1399-12-5
670,لازما,كارخانه هاي صنعتي آزمايش,13,5707,196509131,35135,34433,34433,-702,-2.0,35128,-7,-0.02,34433,34433,1399-12-5
671,واحصا,احياء صنايع خراسان,12,2953,212500833,73429,71961,71961,-1468,-2.0,73414,-15,-0.02,71961,71961,1399-12-5
672,ضمخا7066,اختيارخ اخابر-12000-1400/07/28,12,227,454540000,1787,2300,1999,212,11.86,2002,215,12.03,1990,2300,1399-12-5
673,وسفارس,شركت س استان فارس,12,373695,377431950,1030,1010,1010,-20,-1.94,1030,0,0.0,1010,1010,1399-12-5
674,قهكمت,قندهكمتان‌,12,13296,606430560,46540,45610,45610,-930,-2.0,46530,-10,-0.02,45610,45610,1399-12-5
675,فخاس,فولاد خراسان,12,27629,832185480,30730,30120,30120,-610,-1.99,30720,-10,-0.03,30120,30120,1399-12-5
676,دجابر,داروسازي‌ جابرابن‌حيان‌,12,13790,281040200,20790,20380,20380,-410,-1.97,20790,0,0.0,20380,20380,1399-12-5
677,ضملي3000,اختيارخ فملي-8000-1400/03/02,11,65,383890000,5094,5110,6100,1006,19.75,5906,812,15.94,5110,6200,1399-12-5
678,خمحور,توليدمحورخودرو,11,2451,147819810,61540,60310,60310,-1230,-2.0,61540,0,0.0,60310,60310,1399-12-5
679,تسه9805,امتياز تسهيلات مسكن مرداد98,11,69,40288160,571107,558012,586010,14903,2.61,583886,12779,2.24,558012,599662,1399-12-5
680,داسوه,داروسازي‌ اسوه‌,11,17831,701828160,40160,39360,39360,-800,-1.99,40150,-10,-0.02,39360,39360,1399-12-5
681,اخزا907,اسنادخزانه-م7بودجه99-020704,11,12027,7211786000,604355,606830,606000,1645,0.27,599633,-4722,-0.78,599012,606839,1399-12-5
682,پرداخت,به پرداخت ملت,10,10453,372753980,36380,35660,35660,-720,-1.98,36370,-10,-0.03,35660,35660,1399-12-5
683,قزوين,كارخانجات‌ قند قزوين‌,10,46968,1853826960,40270,39470,39470,-800,-1.99,40240,-30,-0.07,39470,39470,1399-12-5
684,دكيمي,كيميدارو,10,4007,101657590,25880,25370,25370,-510,-1.97,25880,0,0.0,25370,25370,1399-12-5
685,تپولا,مهندسي مرآت پولاد,10,10846,397484208,37395,36648,36648,-747,-2.0,37379,-16,-0.04,36648,36648,1399-12-5
686,خعمرا,توسعه و عمران شهرستان نائين,10,9070,213870600,22458,23580,23580,1122,5.0,22469,11,0.05,23580,23580,1399-12-5
687,نگين,ص.س. زمين و ساختمان نگين شهرري,10,3004,144659200,47780,48890,47580,-200,-0.42,48160,380,0.8,47550,48890,1399-12-5
688,ضپاس2001,اختيارخ وپارس-2500-1400/02/29,10,163,166261000,889,995,1001,112,12.6,1020,131,14.74,995,1100,1399-12-5
689,ثنام,س ساختماني ب نام آوران مهندسي,10,8080,138176080,17449,17101,17101,-348,-1.99,17447,-2,-0.01,17101,17101,1399-12-5
690,غپونه,نوش پونه مشهد,10,24357,531762024,22277,21832,21832,-445,-2.0,22265,-12,-0.05,21832,21832,1399-12-5
691,ضصاد3001,اختيارخ وبصادر-2000-1400/03/12,10,198,132865000,600,650,700,100,16.67,671,71,11.83,631,700,1399-12-5
692,اراد43,مرابحه عام دولت4-ش.خ 0205,10,250000,235000000000,955000,940000,940000,-15000,-1.57,940000,-15000,-1.57,940000,940000,1399-12-5
693,سمايه,بانك سرمايه,9,40686,287121102,7201,7057,7057,-144,-2.0,7199,-2,-0.03,7057,7057,1399-12-5
694,ضپيك2009,اختيارخ تاپيكو-10000-00/02/19,9,289,607210000,2137,2500,2400,263,12.31,2101,-36,-1.68,2050,2500,1399-12-5
695,خوساز,محورسازان‌ايران‌خودرو,9,63583,502305700,8060,7900,7900,-160,-1.99,8060,0,0.0,7900,7900,1399-12-5
696,وحافظ,بيمه حافظ,9,1642,111181462,70532,67711,67711,-2821,-4.0,70499,-33,-0.05,67711,67711,1399-12-5
697,ضگل3001,اختيارخ كگل-14000-1400/03/23,9,31,151000000,5800,4790,4950,-850,-14.66,4871,-929,-16.02,4790,4950,1399-12-5
698,كاذر,فرآورده‌هاي‌نسوزآذر,9,5795,192567850,33900,33230,33230,-670,-1.98,33900,0,0.0,33230,33230,1399-12-5
699,كيسون,شركت كيسون,9,16555,239120420,14738,14444,14444,-294,-1.99,14736,-2,-0.01,14444,14444,1399-12-5
700,جهرم,پتروشيمي جهرم,9,88166,175538506,2031,1991,1991,-40,-1.97,2031,0,0.0,1991,1991,1399-12-5
701,وسرضوي,س.سهام عدالت استان خراسان رضوي,9,60964,61573640,1030,1010,1010,-20,-1.94,1030,0,0.0,1010,1010,1399-12-5
702,ولصنم,ليزينگ‌صنعت‌ومعدن‌,9,13010,142459500,11170,10950,10950,-220,-1.97,11170,0,0.0,10950,10950,1399-12-5
703,طلا2,صندوق س.پشتوانه طلاي لوتوس,8,800000,800000,80410,1,1,-80409,-100.0,1,-80409,-100.0,1,1,1399-12-5
704,قلرست,قند لرستان‌,8,19326,685686480,36200,35480,35480,-720,-1.99,36190,-10,-0.03,35480,35480,1399-12-5
705,رتكو,كنترل‌خوردگي‌تكين‌كو,8,6362,121895920,19550,19160,19160,-390,-1.99,19550,0,0.0,19160,19160,1399-12-5
706,حپترو,حمل و نقل پتروشيمي( سهامي عام,8,1908,102135240,54620,53530,53530,-1090,-2.0,54620,0,0.0,53530,53530,1399-12-5
707,وآتوس,س.آرين توسكا قيمت اسمي 350ريال,8,3263,149396455,46719,45785,45785,-934,-2.0,46712,-7,-0.01,45785,45785,1399-12-5
708,حرهشا,رهشاد سپاهان (سهامي عام,8,2860,179559380,65398,62783,62783,-2615,-4.0,65349,-49,-0.07,62783,62783,1399-12-5
709,سفاسي,شركت فارسيت اهواز,8,7353,104897898,14557,14266,14266,-291,-2.0,14555,-2,-0.01,14266,14266,1399-12-5
710,تملي806,تسهيلات مسكن ب. ملي-شهريور98,8,104,53563340,537654,510772,560000,22346,4.16,515032,-22622,-4.21,510772,560000,1399-12-5
711,اخزا804,اسنادخزانه-م4بودجه98-000421,8,4954,4604929330,929981,929000,930041,60,0.01,929538,-443,-0.05,929000,930041,1399-12-5
712,ضبدر3001,اختيارخ شبندر-16000-1400/03/30,8,15,139118000,9100,9900,11000,1900,20.88,9275,175,1.92,7040,11000,1399-12-5
713,دروز,داروسازي‌ روزدارو,8,6716,187645040,28510,27940,27940,-570,-2.0,28510,0,0.0,27940,27940,1399-12-5
714,آرمان,بيمه آرمان,7,31590,269999730,8721,8547,8547,-174,-2.0,8718,-3,-0.03,8547,8547,1399-12-5
715,اخزا805,اسنادخزانه-م5بودجه98-000422,7,50877,47270121000,934000,929400,930000,-4000,-0.43,929106,-4894,-0.52,929000,934990,1399-12-5
716,اخزا816,اسنادخزانه-م16بودجه98-010503,7,7332,5540286640,754272,755505,756005,1733,0.23,755631,1359,0.18,755505,756005,1399-12-5
717,ضسپا3005,اختيارخ خساپا-3000-1400/03/26,7,585,151203000,236,200,299,63,26.69,258,22,9.32,112,399,1399-12-5
718,بايكا,كارخانجات كابلسازي ‌ايران‌,7,2389,101370048,43297,42432,42432,-865,-2.0,43293,-4,-0.01,42432,42432,1399-12-5
719,زعف0008پ12,زعفران0008پوشالمعمول سحرخيز(پ),7,2500,191743880,80397,77000,79900,-497,-0.62,76698,-3699,-4.6,76394,79900,1399-12-5
720,ثقزوي,شركت عمران و سازندگي قزوين,7,4305,134871345,31968,31329,31329,-639,-2.0,31964,-4,-0.01,31329,31329,1399-12-5
721,ضصاد3000,اختيارخ وبصادر-1800-1400/03/12,7,205,176864000,710,850,875,165,23.24,863,153,21.55,850,875,1399-12-5
722,اخزا722,اسنادخزانه-م22بودجه97-000428,7,4145,3834238560,924382,925001,925000,618,0.07,925027,645,0.07,925000,925250,1399-12-5
723,وپسا,س. پتروشيمي ساختمان  خليج فارس,7,14428,43154148,3052,2991,2991,-61,-2.0,3052,0,0.0,2991,2991,1399-12-5
724,ضپاس2000,اختيارخ وپارس-2000-1400/02/29,7,53,85192000,1535,1500,1650,115,7.49,1607,72,4.69,1500,1650,1399-12-5
725,ضفار3000,اختيارخ فارس-8000-1400/03/05,7,153,233387000,1415,1500,1500,85,6.01,1525,110,7.77,1500,1799,1399-12-5
726,سلار,شركت سيمان لارستان,7,1938,114438900,60255,59050,59050,-1205,-2.0,60248,-7,-0.01,59050,59050,1399-12-5
727,ثعتما,س. ساختماني اعتماد گستر,7,1845,124539345,68878,67501,67501,-1377,-2.0,68869,-9,-0.01,67501,67501,1399-12-5
728,غشوكو,شوكو پارس,6,6141,241992246,40210,39406,39406,-804,-2.0,40200,-10,-0.02,39406,39406,1399-12-5
729,زعف0008پ08,زعفران0008نگين روستا(پ),6,3070,363898208,121144,119000,118200,-2944,-2.43,118534,-2610,-2.15,118200,119000,1399-12-5
730,شستا992,اجاره تامين اجتماعي-سپهر991226,6,140000,140000000000,1000000,1000000,1000000,0,0.0,1000000,0,0.0,1000000,1000000,1399-12-5
731,قنقش,قند نقش جهان,6,2654,186013552,71518,70088,70088,-1430,-2.0,71490,-28,-0.04,70088,70088,1399-12-5
732,شاملاح,ح . معدني‌ املاح‌  ايران‌,6,5726,272579600,48190,47700,47600,-590,-1.22,47600,-590,-1.22,47600,47700,1399-12-5
733,داراب,پتروشيمي داراب,6,42337,101862822,2455,2406,2406,-49,-2.0,2455,0,0.0,2406,2406,1399-12-5
734,ركيش,كارت اعتباري ايران كيش,5,5350,141454000,26970,26440,26440,-530,-1.97,26970,0,0.0,26440,26440,1399-12-5
735,ضملي3005,اختيارخ فملي-16000-1400/03/02,5,122,67598000,1,796,684,683,68300.0,554,553,55300.0,255,796,1399-12-5
736,زعف0008پ19,زعفران0008نگين تروند قاينات(پ),5,3000,356800000,119967,119000,118900,-1067,-0.89,118933,-1034,-0.86,118900,119000,1399-12-5
737,زعف0008پ10,زعفران0008نگين طلاي سرخ(پ),5,500,60914000,122787,122100,124480,1693,1.38,121828,-959,-0.78,121100,124480,1399-12-5
738,اشاد10,مشاركت دولتي10-شرايط خاص001226,5,83300,79305599500,952354,952000,959999,7645,0.8,952048,-306,-0.03,952000,959999,1399-12-5
739,اعتماد2,صندوق س.اعتماد آفرين پارسيان-د,5,43000000,43000000,34994,1,1,-34993,-100.0,1,-34993,-100.0,1,1,1399-12-5
740,ضترا3002,اختيارخ شتران-8000-1400/03/09,5,176,334650000,1900,1650,2200,300,15.79,1901,1,0.05,1650,2200,1399-12-5
741,ضغدر3003,اختيارخ وغدير-9200-1400/03/26,5,130,342730000,3000,2900,3500,500,16.67,2636,-364,-12.13,2500,3500,1399-12-5
742,فسديد,لوله‌وتجهيزات‌ سديد - ورشكسته,5,2033,237997211,118249,117067,117067,-1182,-1.0,118192,-57,-0.05,117067,117067,1399-12-5
743,فسا,پتروشيمي فسا,5,16501,30031820,1857,1820,1820,-37,-1.99,1857,0,0.0,1820,1820,1399-12-5
744,تملي703,تسهيلات مسكن ب. ملي-خرداد97,5,69,30440220,460621,460000,437590,-23031,-5.0,441163,-19458,-4.22,437590,460000,1399-12-5
745,اخزا713,اسنادخزانه-م13بودجه97-000518,5,90,82479840,916001,916500,916400,399,0.04,916443,442,0.05,916400,916500,1399-12-5
746,وساشرقي,شركت س استان آذربايجان شرقي,5,47156,45269760,970,960,960,-10,-1.03,970,0,0.0,960,960,1399-12-5
747,تملي701,تسهيلات مسكن ب. ملي-فروردين97,5,31,17240810,555473,583246,583246,27773,5.0,556155,682,0.12,527700,583246,1399-12-5
748,وسقم,شركت س استان قم,4,44382,61690980,1410,1390,1390,-20,-1.42,1410,0,0.0,1390,1390,1399-12-5
749,ضملي3001,اختيارخ فملي-9000-1400/03/02,4,10,47049000,4475,4950,4999,524,11.71,4705,230,5.14,4450,4999,1399-12-5
750,گپارس,امور رفاهي كارگزاران پارس,4,622,127881956,209793,205598,205598,-4195,-2.0,209766,-27,-0.01,205598,205598,1399-12-5
751,زعف0008پ20,زعفران0008نگين وحدت جام(پ),4,950,113055550,120222,119111,119000,-1222,-1.02,119006,-1216,-1.01,119000,119111,1399-12-5
752,بتك,كارخانجات كابل سازي‌ تك‌,4,1512,52209360,33853,34530,34530,677,2.0,33856,3,0.01,34530,34530,1399-12-5
753,تابا,تابان نيرو سپاهان,4,1080,60064200,56749,55615,55615,-1134,-2.0,56745,-4,-0.01,55615,55615,1399-12-5
754,خاتم2,صندوق س خاتم ايساتيس پويا-ثابت,4,4000000,4000000,10581,1,1,-10580,-99.99,1,-10580,-99.99,1,1,1399-12-5
755,اراد49,مرابحه عام دولت4-ش.خ 0206,4,70000,69294000000,990000,989900,990000,0,0.0,989914,-86,-0.01,989900,990000,1399-12-5
756,پست0008پ08,پسته فندقي32-30مه ولات0008(پ),4,794,1072158260,1301216,1346120,1364853,63637,4.89,1350325,49109,3.77,1346120,1364853,1399-12-5
757,ضفلا3002,اختيارخ فولاد-9000-1400/03/19,4,33,125400000,3591,3800,3800,209,5.82,3800,209,5.82,3800,3800,1399-12-5
758,وسمازن,س.سهام عدالت استان مازندران,4,42000,40320000,970,960,960,-10,-1.03,970,0,0.0,960,960,1399-12-5
759,وسمركز,شركت س استان مركزي,4,29125,40192500,1400,1380,1380,-20,-1.43,1400,0,0.0,1380,1380,1399-12-5
760,وسصفا,شركت س استان اصفهان,4,19807,20797350,1070,1050,1050,-20,-1.87,1070,0,0.0,1050,1050,1399-12-5
761,صمسكن912,ص دين مسكن جنوب-ماهانه16درصد,4,1298,63592092,49293,48804,49293,0,0.0,48992,-301,-0.61,48804,49293,1399-12-5
762,اخزا720,اسنادخزانه-م20بودجه97-000324,4,3398,3220142000,943936,945000,946000,2064,0.22,947658,3722,0.39,945000,948000,1399-12-5
763,وسبوشهر,شركت س استان بوشهر,3,21111,26177640,1260,1240,1240,-20,-1.59,1260,0,0.0,1240,1240,1399-12-5
764,وسزنجان,شركت س استان زنجان,3,24000,33600000,1420,1400,1400,-20,-1.41,1420,0,0.0,1400,1400,1399-12-5
765,اراد50,مرابحه عام دولت5-ش.خ0302,3,5000,5010400000,1000000,1035000,1000000,0,0.0,1002080,2080,0.21,1000000,1035000,1399-12-5
766,ضفار3002,اختيارخ فارس-10000-1400/03/05,3,15,17393000,1137,999,1300,163,14.34,1160,23,2.02,999,1300,1399-12-5
767,ضمخا7075,اختيارخ اخابر-9000-1400/07/28,3,3,9163000,2918,2500,3333,415,14.22,3054,136,4.66,2500,3333,1399-12-5
768,سپرمي,پرميت‌,3,4032,35505792,8719,8806,8806,87,1.0,8720,1,0.01,8806,8806,1399-12-5
769,پست0008پ04,پسته فندقي32-30سبزدانه0008(پ),3,77,103873000,1302328,1349000,1349000,46672,3.58,1349000,46672,3.58,1349000,1349000,1399-12-5
770,ضخوز2012,اختيارخ فخوز-10000-1400/02/15,3,3,9320000,3999,3100,3120,-879,-21.98,3107,-892,-22.31,3100,3120,1399-12-5
771,اخزا906,اسنادخزانه-م6بودجه99-020321,3,24,15855920,669856,663000,658990,-10866,-1.62,660663,-9193,-1.37,658990,663000,1399-12-5
772,اراد62,مرابحه عام دولت62-ش.خ0309,3,600,621000000,1000000,1035000,1035000,35000,3.5,1035000,35000,3.5,1035000,1035000,1399-12-5
773,تملي706,تسهيلات مسكن ب. ملي-شهريور97,3,39,21043569,513885,539579,539579,25694,5.0,539579,25694,5.0,539578,539579,1399-12-5
774,وسيلام,شركت س استان ايلام,3,62111,75775420,1240,1220,1220,-20,-1.61,1240,0,0.0,1220,1220,1399-12-5
775,ضملت3002,اختيارخ وبملت-4000-1400/03/19,3,30,15890000,358,489,600,242,67.6,530,172,48.04,489,600,1399-12-5
776,كباده,توليد خاك نسوزاستقلال آباده,3,1850,16674050,8584,9013,9013,429,5.0,8584,0,0.0,9013,9013,1399-12-5
777,اخزا718,اسنادخزانه-م18بودجه97-000525,3,10247,9352359622,911610,912096,913000,1390,0.15,912692,1082,0.12,912096,913000,1399-12-5
778,وسكهبو,س.عدالت ا. كهگيلويه وبويراحمد,3,19545,21694950,1130,1110,1110,-20,-1.77,1130,0,0.0,1110,1110,1399-12-5
779,شستا991,اجاره تامين اجتماعي-امين991226,3,17904,17903966985,992501,993401,1000000,7499,0.76,999998,7497,0.76,993401,1000000,1399-12-5
780,تشتاد,صنايع توليدي اشتاد ايران‌,3,2644,40863020,15770,15455,15455,-315,-2.0,15769,-1,-0.01,15455,15455,1399-12-5
781,دقاضي,داروسازي شهيد قاضي,3,440,19488480,45195,44292,44292,-903,-2.0,45194,-1,0.0,44292,44292,1399-12-5
782,ساذري,آذريت‌,2,152,929024,5821,6112,6112,291,5.0,5821,0,0.0,6112,6112,1399-12-5
783,وسكرمان,س.سهام عدالت استان كرمان,2,10598,10703980,1030,1010,1010,-20,-1.94,1030,0,0.0,1010,1010,1399-12-5
784,تملي707,تسهيلات مسكن ب. ملي-مهر97,2,25,14854250,625442,594170,594170,-31272,-5.0,594170,-31272,-5.0,594170,594170,1399-12-5
785,اراد73,مرابحه عام دولت73-ش.خ0402,2,41000,41000000000,1000001,1000000,1000000,-1,0.0,1000000,-1,0.0,1000000,1000000,1399-12-5
786,اطلس2,صندوق س.توسعه اندوخته آينده-س,2,20000,20000,189005,1,1,-189004,-100.0,1,-189004,-100.0,1,1,1399-12-5
787,كمند2,صندوق س. با درآمد ثابت كمند,2,80000000,80000000,10105,1,1,-10104,-99.99,1,-10104,-99.99,1,1,1399-12-5
788,ارفعح,ح.شركت آهن و فولاد ارفع,2,1813,21919170,9892,12090,12090,2198,22.22,12090,2198,22.22,12090,12090,1399-12-5
789,فايرا2,آلومينيوم‌ايران‌,2,20000000,517680000000,26160,26160,25700,-460,-1.76,25884,-276,-1.06,25700,26160,1399-12-5
790,تملي708,تسهيلات مسكن ب. ملي-آبان97,2,45,24795960,524783,551021,551022,26239,5.0,551021,26238,5.0,551021,551022,1399-12-5
791,ضسان2008,اختيارخ پارسان-16750-00/02/15,2,11,35800000,4500,2800,3300,-1200,-26.67,3255,-1245,-27.67,2800,3300,1399-12-5
792,پست0008پ09,پسته بادامي30-28مه ولات0008(پ),2,25,34999990,1350001,1399999,1400000,49999,3.7,1400000,49999,3.7,1399999,1400000,1399-12-5
793,استارز,ص.ج.ستاره برتر20%تاديه,2,2500,500000000,200000,200000,200000,0,0.0,200000,0,0.0,200000,200000,1399-12-5
794,اخزا807,اسنادخزانه-م7بودجه98-000719,2,1413,1253961198,886783,887446,887446,663,0.07,887446,663,0.07,887446,887446,1399-12-5
795,تملي710,تسهيلات مسكن ب. ملي-دي97,2,22,13323913,576794,605633,605632,28838,5.0,605632,28838,5.0,605632,605633,1399-12-5
796,شستا994,اجاره تامين اجتماعي-نوين991226,2,70,70210000,985007,1003000,1003000,17993,1.83,1003000,17993,1.83,1003000,1003000,1399-12-5
797,شرق1400,مشاركت ليزينگ ايران وشرق140010,2,17,17170000,1010000,1010000,1010000,0,0.0,1010000,0,0.0,1010000,1010000,1399-12-5
798,تصميم2,صندوق س با درآمد ثابت تصميم,2,1300000,1300000,15708,1,1,-15707,-99.99,1,-15707,-99.99,1,1,1399-12-5
799,زنجان,صنايع كشاورزي وكود زنجان,2,1145,10665675,9505,9315,9315,-190,-2.0,9505,0,0.0,9315,9315,1399-12-5
800,شپارسح,ح . بين‌ المللي‌محصولات پارس‌,2,2305,39876500,18000,17300,17300,-700,-3.89,17300,-700,-3.89,17300,17300,1399-12-5
801,زير0003پ04,زيره سبز0003شركت مينوبذر(پ),2,22,9740544,460000,442752,442752,-17248,-3.75,442752,-17248,-3.75,442752,442752,1399-12-5
802,ضپاس2005,اختيارخ وپارس-4500-1400/02/29,2,33,5456000,237,164,166,-71,-29.96,165,-72,-30.38,164,166,1399-12-5
803,ضملت3003,اختيارخ وبملت-4500-1400/03/19,2,11,3300000,300,300,300,0,0.0,300,0,0.0,300,300,1399-12-5
804,ضفار3001,اختيارخ فارس-9000-1400/03/05,2,10,9470000,850,1500,710,-140,-16.47,947,97,11.41,710,1500,1399-12-5
805,شستا993,اجاره ت.اجتماعي-كاردان991226,2,137,137393000,992500,1000000,1003000,10500,1.06,1002869,10369,1.04,1000000,1003000,1399-12-5
806,وسكرد,شركت س استان كردستان,2,11292,8243160,740,730,730,-10,-1.35,740,0,0.0,730,730,1399-12-5
807,تملي802,تسهيلات مسكن ب. ملي-ارديبهشت98,2,50,38892250,740805,777845,777845,37040,5.0,777845,37040,5.0,777845,777845,1399-12-5
808,دحاوي,الحاوي,2,3786,45481218,12258,12013,12013,-245,-2.0,12257,-1,-0.01,12013,12013,1399-12-5
809,كصدف,كاشي صدف سرام استقلال آباده,1,202,5101308,25769,25254,25254,-515,-2.0,25769,0,0.0,25254,25254,1399-12-5
810,اراد36,مرابحه عام دولت3-ش.خ 0104,1,1000,1000000000,960000,1000000,1000000,40000,4.17,1000000,40000,4.17,1000000,1000000,1399-12-5
811,اخزا8132,اسنادخزانه-م13بودجه98-010219,1,252927,199938793500,789555,790500,790500,945,0.12,790500,945,0.12,790500,790500,1399-12-5
812,ضسپا3000,اختيارخ خساپا-1400-1400/03/26,1,10,12000000,804,1200,1200,396,49.25,1200,396,49.25,1200,1200,1399-12-5
813,اخزا723,اسنادخزانه-م23بودجه97-000824,1,10000,8720590000,871559,872059,872059,500,0.06,872059,500,0.06,872059,872059,1399-12-5
814,رطب0002پ02,رطب مضافتي0002اتحاديه كرمان(پ),1,20,4060000,198485,203000,203000,4515,2.27,203000,4515,2.27,203000,203000,1399-12-5
815,بزاگرسح,ح . نيروگاه زاگرس كوثر,1,857,5399100,7054,6300,6300,-754,-10.69,6300,-754,-10.69,6300,6300,1399-12-5
816,اخزا9072,اسنادخزانه-م7بودجه99-020704,1,232173,140000319000,604355,603000,603000,-1355,-0.22,603000,-1355,-0.22,603000,603000,1399-12-5
817,اراد334,مرابحه عام دولت3-ش.خ 0303,1,5000000,4353500000000,900000,870700,870700,-29300,-3.26,870700,-29300,-3.26,870700,870700,1399-12-5
818,تملي704,تسهيلات مسكن ب. ملي-تير97,1,8,6608320,869515,826040,826040,-43475,-5.0,826040,-43475,-5.0,826040,826040,1399-12-5
819,ياقوت2,صندوق س ياقوت آگاه-ثابت,1,173000,173000,11936,1,1,-11935,-99.99,1,-11935,-99.99,1,1,1399-12-5
820,ضپيك2010,اختيارخ تاپيكو-12000-00/02/19,1,10,13000000,1436,1300,1300,-136,-9.47,1300,-136,-9.47,1300,1300,1399-12-5
821,زير0003پ01,زيره سبز0003كيميابذر(پ),1,11,5382916,489168,489356,489356,188,0.04,489356,188,0.04,489356,489356,1399-12-5
822,اراد384,مرابحه عام دولت3-ش.خ 0105,1,2000000,1927356000000,1050000,963678,963678,-86322,-8.22,963678,-86322,-8.22,963678,963678,1399-12-5
823,رطب0002پ01,رطب مضافتي0002افشارتعاون بم(پ),1,30,5853000,193522,195100,195100,1578,0.82,195100,1578,0.82,195100,195100,1399-12-5
824,اخزا9032,اسنادخزانه-م3بودجه99-011110,1,113892,78136745520,687679,686060,686060,-1619,-0.24,686060,-1619,-0.24,686060,686060,1399-12-5
825,ضجار2005,اختيارخ وتجارت-4000-1400/02/22,1,5,350000,52,70,70,18,34.62,70,18,34.62,70,70,1399-12-5
826,وسيستا,شركت س استان سيستان وبلوچستان,1,13300,10108000,770,760,760,-10,-1.3,770,0,0.0,760,760,1399-12-5
827,رويش,ص.س.جسورانه رويش لوتوس70%تأديه,1,50,81000000,1539302,1620000,1620000,80698,5.24,1620000,80698,5.24,1620000,1620000,1399-12-5
828,ضپاس2004,اختيارخ وپارس-4000-1400/02/29,1,1,332000,246,332,332,86,34.96,332,86,34.96,332,332,1399-12-5
829,سماه001,سلف موازي برق ماهتاب گستر001,1,1000,332732000,284730,332732,332732,48002,16.86,332732,48002,16.86,332732,332732,1399-12-5
830,وسخراج,شركت س استان خراسان جنوبي,1,7000,15260000,2220,2180,2180,-40,-1.8,2220,0,0.0,2180,2180,1399-12-5
831,اتكاي2,بيمه اتكايي ايرانيان,1,39000000,530244000000,13596,13596,13596,0,0.0,13596,0,0.0,13596,13596,1399-12-5
832,اروند102,منفعت صبا اروند لوتوس 14001222,1,2000000,1973000000000,990000,986500,986500,-3500,-0.35,986500,-3500,-0.35,986500,986500,1399-12-5
833,ضترا3000,اختيارخ شتران-6000-1400/03/09,1,10,38000000,3500,3800,3800,300,8.57,3800,300,8.57,3800,3800,1399-12-5
834,وغدير4,سرمايه‌گذاري‌غدير(هلدينگ‌,1,40000000,462800000000,11710,11570,11570,-140,-1.2,11570,-140,-1.2,11570,11570,1399-12-5
835,اراد704,مرابحه عام دولت70-ش.خ0112,1,6500000,6133920000000,943530,943680,943680,150,0.02,943680,150,0.02,943680,943680,1399-12-5
836,وكار2,بانك‌ كارآفرين‌,1,117477914,291345226720,2530,2480,2480,-50,-1.98,2480,-50,-1.98,2480,2480,1399-12-5
837,اراد374,مرابحه عام دولت3-ش.خ 0005,1,1000000,999324000000,1000000,999324,999324,-676,-0.07,999324,-676,-0.07,999324,999324,1399-12-5
838,ضترا3001,اختيارخ شتران-7000-1400/03/09,1,46,117300000,2768,2550,2550,-218,-7.88,2550,-218,-7.88,2550,2550,1399-12-5
839,زعف0008پ15,زعفران0008پوشالمعمول طلاسرخ(پ),1,89,7031000,80442,79000,79000,-1442,-1.79,79000,-1442,-1.79,79000,79000,1399-12-5
840,ضصاد3003,اختيارخ وبصادر-3000-1400/03/12,1,10,2490000,240,249,249,9,3.75,249,9,3.75,249,249,1399-12-5
841,پست0008پ02,پسته فندقي32-30طلاسبززرند0008,1,4,5164000,1300706,1291000,1291000,-9706,-0.75,1291000,-9706,-0.75,1291000,1291000,1399-12-5
842,تهران4122,مشاركت ش تهران412-3ماهه18%,1,2103800,2008077100000,954500,954500,954500,0,0.0,954500,0,0.0,954500,954500,1399-12-5
843,ضجار2004,اختيارخ وتجارت-3500-1400/02/22,1,5,505000,130,101,101,-29,-22.31,101,-29,-22.31,101,101,1399-12-5
844,ضسان2007,اختيارخ پارسان-14750-00/02/15,1,2,10000000,4000,5000,5000,1000,25.0,5000,1000,25.0,5000,5000,1399-12-5
845,ضخود2012,اختيارخ خودرو-6000-1400/02/08,1,1,20000,19,20,20,1,5.26,20,1,5.26,20,20,1399-12-5
846,ضچاد2004,اختيارخ كچاد-20000-1400/02/05,1,3,6447000,1566,2149,2149,583,37.23,2149,583,37.23,2149,2149,1399-12-5
847,ضجار2000,اختيارخ وتجارت-1800-1400/02/22,1,5,5250000,1050,1050,1050,0,0.0,1050,0,0.0,1050,1050,1399-12-5
848,اراد444,مرابحه عام دولت4-ش.خ 0007,1,2000000,1987590000000,1050000,993795,993795,-56205,-5.35,993795,-56205,-5.35,993795,993795,1399-12-5
849,آگاس2,صندوق س.هستي بخش آگاه-س,1,200000,200000,62592,1,1,-62591,-100.0,1,-62591,-100.0,1,1,1399-12-5
850,ضفلا3001,اختيارخ فولاد-8000-1400/03/19,1,1,4800000,6250,4800,4800,-1450,-23.2,4800,-1450,-23.2,4800,4800,1399-12-5
851,وسلرستا,شركت س استان لرستان,1,6000,5340000,900,890,890,-10,-1.11,900,0,0.0,890,890,1399-12-5
852,اراد60,مرابحه عام دولتي6-ش.خ0210,1,100,94600000,946509,946000,946000,-509,-0.05,946000,-509,-0.05,946000,946000,1399-12-5
853,اراد434,مرابحه عام دولت4-ش.خ 0205,1,1000000,969350000000,955000,969350,969350,14350,1.5,969350,14350,1.5,969350,969350,1399-12-5
854,اراد65,مرابحه عام دولتي65-ش.خ0210,1,28000,25983160000,927910,927970,927970,60,0.01,927970,60,0.01,927970,927970,1399-12-5
855,سميعا002,سلف موازي استاندارد سميعا002,1,10000,12822670000,1259128,1282267,1282267,23139,1.84,1282267,23139,1.84,1282267,1282267,1399-12-5
856,ضپنا2002,اختيارخ رمپنا-14000-1400/02/12,1,10,34000000,3200,3400,3400,200,6.25,3400,200,6.25,3400,3400,1399-12-5
857,اخزا810,اسنادخزانه-م10بودجه98-001006,1,20,17111000,854958,855550,855550,592,0.07,855550,592,0.07,855550,855550,1399-12-5
858,تملي705,تسهيلات مسكن ب. ملي-مرداد97,1,25,12938225,492885,517529,517529,24644,5.0,517529,24644,5.0,517529,517529,1399-12-5
859,هصيكو402,اختيارف ت تاصيكو13500-00/02/20,1,3,10104,3090,3368,3368,278,9.0,3368,278,9.0,3368,3368,1399-12-5
860,سپيدار4,سپيدار سيستم آسيا,1,1500000,109227000000,73036,72818,72818,-218,-0.3,72818,-218,-0.3,72818,72818,1399-12-5
