,نماد,نام,تعداد,حجم,ارزش,دیروز,اولین,آخرین معامله - مقدار,آخرین معامله - تغییر,آخرین معامله - درصد,قیمت پایانی - مقدار,قیمت پایانی - تغییر,قیمت پایانی - درصد,کمترین,بیشترین,تاریخ
0,سپيدار,سپيدار سيستم آسيا,34833,339905,20266835625,56786,59625,59625,2839,5.0,57859,1073,1.89,59625,59625,1399-11-19
1,آوا,صندوق س.سهام آواي معيار-س,23573,308828840,2625445982922,7489,7780,8630,1141,15.24,8501,1012,13.51,7780,8675,1399-11-19
2,زملارد,كشاورزي و دامپروري ملارد شير,22006,10999180,388960016281,35596,33817,36770,1174,3.3,35363,-233,-0.65,33817,37360,1399-11-19
3,وسپهر,سرمايه گذاري مالي سپهرصادرات,21996,49401233,506020618002,10002,10150,10251,249,2.49,10243,241,2.41,10103,10365,1399-11-19
4,وكبهمن,مديريت سرمايه گذاري كوثربهمن,20382,12842341,180144788692,13426,13500,14097,671,5.0,14027,601,4.48,13500,14097,1399-11-19
5,غزر,صنعتي زر ماكارون,19939,8352884,245080405180,28820,28210,29180,360,1.25,29340,520,1.8,28210,30220,1399-11-19
6,ولپارس,ليزينگ پارسيان,17110,23829203,137524346520,5540,5530,5810,270,4.87,5770,230,4.15,5350,5810,1399-11-19
7,شاروم,پتروشيمي اروميه,15288,4930418,93534011997,18168,17900,19076,908,5.0,18971,803,4.42,17900,19076,1399-11-19
8,شستا,سرمايه گذاري تامين اجتماعي,14091,57077056,1234093968270,20770,20910,21800,1030,4.96,21620,850,4.09,20910,21800,1399-11-19
9,كزغال,زغال سنگ پروده طبس,13844,1798058,39271384778,20801,21841,21841,1040,5.0,21567,766,3.68,21841,21841,1399-11-19
10,آسيا,بيمه آسيا,12972,297714775,756704514230,2610,2480,2600,-10,-0.38,2540,-70,-2.68,2480,2680,1399-11-19
11,امين,تامين سرمايه امين,12746,6648146,70418307470,10400,10420,10530,130,1.25,10590,190,1.83,10420,10800,1399-11-19
12,بوعلي,پتروشيمي بوعلي سينا,12567,3723068,162865891110,41770,42900,43850,2080,4.98,43750,1980,4.74,42900,43850,1399-11-19
13,ثبهساز,بهساز كاشانه تهران,12469,57388277,143172344380,2390,2500,2500,110,4.6,2490,100,4.18,2390,2500,1399-11-19
14,ثاميد,توسعه و عمران اميد,11493,77357431,135777476100,1680,1740,1760,80,4.76,1760,80,4.76,1680,1760,1399-11-19
15,ثشاهد,سرمايه‌ گذاري‌ شاهد,11465,44293977,935067396360,19460,21000,21590,2130,10.95,21110,1650,8.48,19950,21950,1399-11-19
16,سمگا,گروه سرمايه گذاري ميراث فرهنگي,11243,83299772,2280960225117,28460,27700,27520,-940,-3.3,27383,-1077,-3.78,27037,29410,1399-11-19
17,سيتا,سرمايه گذاري سيمان تامين,10852,24279706,374986048580,15040,15450,15450,410,2.73,15440,400,2.66,15200,15690,1399-11-19
18,پالايش,صندوق پالايشي يکم-سهام,10844,13519862,1082910493310,73060,79500,80360,7300,9.99,80100,7040,9.64,79300,80360,1399-11-19
19,وتوصا,گروه س توسعه صنعتي ايران,10777,73793702,961603772580,13450,12780,13210,-240,-1.78,13030,-420,-3.12,12780,13650,1399-11-19
20,بپيوند,برق و انرژي پيوندگستر پارس,10528,7512713,116151919720,14830,14510,15571,741,5.0,15461,631,4.25,14510,15571,1399-11-19
21,كرمان,س. توسعه و عمران استان كرمان,9978,15597662,885140519009,55323,53800,57903,2580,4.66,56748,1425,2.58,53800,58089,1399-11-19
22,آبادا,توليد نيروي برق آبادان,9950,3308468,50064772880,14520,14120,15240,720,4.96,15130,610,4.2,14120,15240,1399-11-19
23,كاما,باما,9116,61447578,911233406130,14380,14100,15090,710,4.94,14830,450,3.13,13870,15090,1399-11-19
24,توريل,توکاريل,8817,40206138,938609188072,23874,22681,24350,476,1.99,23345,-529,-2.22,22681,24990,1399-11-19
25,دارا يكم,صندوق واسطه گري مالي يكم-سهام,8746,7304742,1022459730790,127500,139000,140250,12750,10.0,139970,12470,9.78,139000,140250,1399-11-19
26,پيزد,مجتمع صنايع لاستيك يزد,8560,2415261,169935035949,70796,72220,68880,-1916,-2.71,70359,-437,-0.62,67400,72900,1399-11-19
27,كمرجان,بازرگاني و توليدي مرجان كار,8499,5071709,755091309799,142588,149650,149717,7129,5.0,148883,6295,4.41,142973,149717,1399-11-19
28,كرازي,كارخانجات‌توليدي‌شيشه‌رازي‌,8233,16596860,448305377400,27420,27900,26510,-910,-3.32,27010,-410,-1.5,26050,28490,1399-11-19
29,كوير,توليدي فولاد سپيد فراب كوير,8212,29385808,747175724610,26480,25160,25480,-1000,-3.78,25430,-1050,-3.97,25160,27000,1399-11-19
30,غگرجي,بيسكويت‌  گرجي‌,8020,24487605,494422894110,20610,19580,20000,-610,-2.96,20190,-420,-2.04,19580,21440,1399-11-19
31,رافزا,رايان هم افزا,7985,47066,2036875282,41217,43277,43277,2060,5.0,41297,80,0.19,43277,43277,1399-11-19
32,بگيلان,توسعه مسير برق گيلان,7968,1839662,38965407962,20765,20090,21080,315,1.52,21096,331,1.59,20090,21500,1399-11-19
33,كلر,كلر پارس,7894,5771416,823353259425,136993,141500,143831,6838,4.99,142661,5668,4.14,138700,143842,1399-11-19
34,خودرو,ايران‌ خودرو,7837,347874581,893470817530,2460,2520,2580,120,4.88,2570,110,4.47,2490,2580,1399-11-19
35,غبهار,كشت وصنعت بهاران گلبهار خراسان,7704,16891065,628487653162,37964,38800,36830,-1134,-2.99,37208,-756,-1.99,36826,38800,1399-11-19
36,آگاس,صندوق س.هستي بخش آگاه-س,7411,17152036,1168169351942,62679,63500,68500,5821,9.29,68107,5428,8.66,63400,68650,1399-11-19
37,قلرست,قند لرستان‌,7313,19978602,652932754200,33440,31770,31770,-1670,-4.99,32680,-760,-2.27,31770,34870,1399-11-19
38,وآذر,سرمايه‌گذاري‌توسعه‌آذربايجان‌,7227,8879342,793647752710,93530,88860,88870,-4660,-4.98,89380,-4150,-4.44,88860,93000,1399-11-19
39,چفيبر,فيبر ايران‌,7097,36537966,529757047900,14610,13880,14470,-140,-0.96,14500,-110,-0.75,13880,15300,1399-11-19
40,خساپا,سايپا,6741,369812588,804299107150,2080,2170,2180,100,4.81,2170,90,4.33,2130,2180,1399-11-19
41,ماديرا,صنايع ماشين هاي اداري ايران,6724,45845034,433327210443,9538,9062,9560,22,0.23,9452,-86,-0.9,9062,9801,1399-11-19
42,شپنا,پالايش نفت اصفهان,6641,69390551,774898976110,10720,10950,11250,530,4.94,11170,450,4.2,10910,11250,1399-11-19
43,حكشتي,كشتيراني جمهوري اسلامي ايران,6491,40472898,849983132560,20180,19600,21180,1000,4.96,21000,820,4.06,19600,21180,1399-11-19
44,غگلستا,شير پاستوريزه پگاه گلستان,6354,24177160,763896841150,32978,31330,31330,-1648,-5.0,31596,-1382,-4.19,31330,32700,1399-11-19
45,غگل,گلوكوزان‌,6318,84667017,338135706680,3830,3940,4020,190,4.96,3990,160,4.18,3840,4020,1399-11-19
46,كمند,صندوق س. با درآمد ثابت كمند,6314,273796370,2744094451793,10019,10023,10023,4,0.04,10022,3,0.03,10019,10026,1399-11-19
47,آريا,پليمر آريا ساسول,6284,2545045,194110657102,72691,75100,76325,3634,5.0,76270,3579,4.92,74500,76325,1399-11-19
48,كسرام,پارس‌ سرام‌,6095,58726164,599886383580,10680,10150,10150,-530,-4.96,10210,-470,-4.4,10150,10500,1399-11-19
49,حفارس,حمل و نقل بين المللي خليج فارس,6087,74490953,391690053660,5300,5040,5130,-170,-3.21,5260,-40,-0.75,5040,5520,1399-11-19
50,وتجارت,بانك تجارت,6075,176921182,497138376290,2690,2740,2820,130,4.83,2810,120,4.46,2730,2820,1399-11-19
51,تكشا,گسترش‌صنايع‌وخدمات‌كشاورزي‌,6068,9748598,472307290680,50720,48190,48210,-2510,-4.95,48450,-2270,-4.48,48190,50000,1399-11-19
52,شتران,پالايش نفت تهران,6056,55755067,484696742210,8340,8430,8750,410,4.92,8690,350,4.2,8420,8750,1399-11-19
53,سرو,صندوق س سروسودمند مدبران-سهام,5973,15032518,1030312552410,63330,65870,69660,6330,10.0,68540,5210,8.23,65870,69660,1399-11-19
54,پدرخش,درخشان‌ تهران‌,5972,3686120,519741998970,140160,137600,147160,7000,4.99,141000,840,0.6,133160,147160,1399-11-19
55,فملي,ملي‌ صنايع‌ مس‌ ايران‌,5839,42842500,425570568850,9470,9930,9940,470,4.96,9930,460,4.86,9570,9940,1399-11-19
56,ثاخت,بين‌المللي‌توسعه‌ساختمان,5721,133295975,414458104750,3000,2910,3150,150,5.0,3110,110,3.67,2910,3150,1399-11-19
57,فمراد,آلومراد,5703,2822588,464383111500,172170,163570,163570,-8600,-5.0,164520,-7650,-4.44,163570,170240,1399-11-19
58,ثنوسا,نوسازي‌وساختمان‌تهران‌,5689,38435953,484605277790,12820,12180,12480,-340,-2.65,12610,-210,-1.64,12180,13300,1399-11-19
59,گكوثر,هتل پارسيان كوثر اصفهان,5529,86079596,237921817893,2824,2683,2740,-84,-2.97,2764,-60,-2.12,2683,2927,1399-11-19
60,درهآور,دارويي ره آورد تامين,5434,7817115,365359699115,48137,45731,46710,-1427,-2.96,46738,-1399,-2.91,45731,49400,1399-11-19
61,خگستر,گسترش‌سرمايه‌گذاري‌ايران‌خودرو,5359,183136227,561577522140,2950,2960,3090,140,4.75,3070,120,4.07,2960,3090,1399-11-19
62,ذوب,سهامي ذوب آهن  اصفهان,5288,90877643,366839404287,3859,3900,4051,192,4.98,4037,178,4.61,3900,4051,1399-11-19
63,خرينگ,رينگ‌سازي‌مشهد,5202,10758777,531726018800,51400,48830,49000,-2400,-4.67,49420,-1980,-3.85,48830,52500,1399-11-19
64,شلعاب,لعابيران‌,5194,21852304,361184309820,16370,17150,15820,-550,-3.36,16530,160,0.98,15660,17180,1399-11-19
65,بركت,گروه دارويي بركت,5166,19611390,430478691670,21110,21220,22160,1050,4.97,21950,840,3.98,21220,22160,1399-11-19
66,شسينا,صنايع‌شيميايي‌سينا,5138,5272206,642029968580,127380,121020,125010,-2370,-1.86,121780,-5600,-4.4,121020,127300,1399-11-19
67,بترانس,ايران‌ ترانسفو,5080,144093330,371200521380,2470,2440,2590,120,4.86,2580,110,4.45,2440,2590,1399-11-19
68,فنورد,نوردوقطعات‌ فولادي‌,5021,2004100,487781711380,240820,240000,237600,-3220,-1.34,243390,2570,1.07,229010,252860,1399-11-19
69,ديران,ايران‌دارو,4885,12857196,367695673890,29820,28330,28330,-1490,-5.0,28600,-1220,-4.09,28330,30770,1399-11-19
70,ساوه,سيمان ساوه,4846,3929556,215146686800,53074,54315,55727,2653,5.0,54751,1677,3.16,52100,55727,1399-11-19
71,ثپرديس,سرمايه گذاري مسكن پرديس,4833,33194822,364959033882,11477,10904,11140,-337,-2.94,10994,-483,-4.21,10904,11450,1399-11-19
72,خنصير,مهندسي‌نصيرماشين‌,4830,5023195,438103660760,90980,86440,86440,-4540,-4.99,87220,-3760,-4.13,86440,94980,1399-11-19
73,وپويا,سرمايه گذاري پويا,4816,4955690,31141555960,5985,6284,6284,299,5.0,6156,171,2.86,6284,6284,1399-11-19
74,حآسا,آسيا سير ارس,4750,13609223,596395088786,45839,43548,43548,-2291,-5.0,43823,-2016,-4.4,43548,45680,1399-11-19
75,چكاپا,گروه صنايع كاغذ پارس,4683,61638422,328150326580,5170,4920,5420,250,4.84,5320,150,2.9,4920,5420,1399-11-19
76,دماوند,توليد نيروي برق دماوند,4681,6469720,346336930309,53269,50606,54810,1541,2.89,53532,263,0.49,50606,55100,1399-11-19
77,فلامي,لاميران‌,4636,5823484,290673887840,49000,51440,48850,-150,-0.31,49910,910,1.86,48100,51450,1399-11-19
78,تليسه,دامداري تليسه نمونه,4636,42862656,191880213406,4414,4194,4600,186,4.21,4477,63,1.43,4194,4621,1399-11-19
79,غنوش,نوش‌ مازندران‌,4622,11570871,678145767800,56420,58700,58600,2180,3.86,58610,2190,3.88,55400,59240,1399-11-19
80,وملي,گروه‌ صنعتي‌ ملي‌ (هلدينگ‌,4592,2374150,425262369710,175090,167230,183840,8750,5.0,179120,4030,2.3,167230,183840,1399-11-19
81,بايكا,كارخانجات كابلسازي ‌ايران‌,4583,6836620,311600388921,46229,48540,43918,-2311,-5.0,45578,-651,-1.41,43918,48540,1399-11-19
82,كسعدي,كاشي‌ سعدي‌,4564,13285033,251968957570,19380,18420,18900,-480,-2.48,18970,-410,-2.12,18420,19940,1399-11-19
83,زشگزا,شير و گوشت زاگرس شهركرد,4475,23825953,220372603864,9605,9125,9240,-365,-3.8,9249,-356,-3.71,9125,10000,1399-11-19
84,كاذر,فرآورده‌هاي‌نسوزآذر,4426,11606753,421441062220,37820,35930,35930,-1890,-5.0,36310,-1510,-3.99,35930,37910,1399-11-19
85,گشان,توسعه بين المللي پديده شانديز,4421,12477696,532361632111,44420,42644,42644,-1776,-4.0,42665,-1755,-3.95,42644,43450,1399-11-19
86,خموتور,موتورسازان‌تراكتورسازي‌ايران‌,4309,23332808,394215081200,17500,16630,16630,-870,-4.97,16900,-600,-3.43,16630,18000,1399-11-19
87,زنگان,صنعت روي زنگان,4288,3614601,435387759194,125025,118774,118774,-6251,-5.0,120453,-4572,-3.66,118774,128000,1399-11-19
88,زدشت,كشت و صنعت دشت خرم دره,4248,7547584,256112798610,34506,32781,33780,-726,-2.1,33933,-573,-1.66,32781,35999,1399-11-19
89,غصينو,صنعتي مينو,4245,4825683,378720990179,75868,79650,79661,3793,5.0,78480,2612,3.44,73000,79661,1399-11-19
90,سبزوا,سيمان لار سبزوار,4235,42051941,164324318493,3808,3705,3998,190,4.99,3908,100,2.63,3621,3998,1399-11-19
91,بالاس,مهندسي ساختمان تاسيسات راه آهن,4165,4726774,255088688359,54453,52300,55040,587,1.08,53967,-486,-0.89,51731,56990,1399-11-19
92,زبينا,كشاورزي و دامپروري بينالود,4145,7643765,264551408853,36060,34257,34290,-1770,-4.91,34610,-1450,-4.02,34257,36700,1399-11-19
93,سفار,سيمان‌فارس‌,4107,2621289,349341027510,131090,125000,137640,6550,5.0,133270,2180,1.66,124600,137640,1399-11-19
94,ولانا,شركت ليزينگ آريا دانا,4086,6446904,220455645723,34101,34898,33330,-771,-2.26,34196,95,0.28,32700,35700,1399-11-19
95,فولاد,فولاد مباركه اصفهان,4029,36586710,395411565080,10300,10800,10810,510,4.95,10810,510,4.95,10500,10810,1399-11-19
96,وبصادر,بانك صادرات ايران,3979,111731468,281972220440,2410,2500,2530,120,4.98,2520,110,4.56,2460,2530,1399-11-19
97,ثاصفا,شركت‌ ساختمان‌ اصفهان‌,3967,12339741,324410447916,26351,25561,26000,-351,-1.33,26290,-61,-0.23,25561,27141,1399-11-19
98,ساراب,سيمان‌ داراب‌,3906,17270817,282148063490,16320,15510,16650,330,2.02,16340,20,0.12,15510,17050,1399-11-19
99,خودكفا,اقتصادي و خودكفايي آزادگان,3884,15909027,429545719251,27743,26911,26911,-832,-3.0,27000,-743,-2.68,26911,27731,1399-11-19
100,خفنر,فنرسازي‌خاور,3864,15016120,320451531840,22120,21020,21710,-410,-1.85,21340,-780,-3.53,21020,22600,1399-11-19
101,فنوال,نورد آلومينيوم‌,3828,13584940,373661519080,28500,28690,27080,-1420,-4.98,27510,-990,-3.47,27080,29770,1399-11-19
102,خكرمان,گروه اقتصادي كرمان خودرو,3804,48623542,213942591769,4466,4333,4377,-89,-1.99,4400,-66,-1.48,4333,4512,1399-11-19
103,ثفارس,عمران‌وتوسعه‌فارس‌,3735,28264103,366042105180,12610,12000,13240,630,5.0,12950,340,2.7,12000,13240,1399-11-19
104,كوثر,بيمه كوثر,3733,22338283,358653551027,16202,15830,15780,-422,-2.6,16056,-146,-0.9,15410,16800,1399-11-19
105,تكمبا,كمباين‌ سازي‌ ايران‌,3717,37928536,332993802450,9160,8710,8880,-280,-3.06,8780,-380,-4.15,8710,9160,1399-11-19
106,زمگسا,كشاورزي‌ ودامپروي‌ مگسال‌,3652,8062669,251461026640,31490,29920,31950,460,1.46,31190,-300,-0.95,29920,32340,1399-11-19
107,وتوس,توسعه‌شهري‌توس‌گستر,3585,14225282,257509614050,18870,17930,17930,-940,-4.98,18100,-770,-4.08,17930,18860,1399-11-19
108,بكاب,صنايع‌جوشكاب‌يزد,3545,756979,296971975780,409870,389380,389380,-20490,-5.0,392310,-17560,-4.28,389380,422750,1399-11-19
109,زكوثر,سرمايه گذاري كشاورزي كوثر,3510,7727099,170424188340,21330,20300,22390,1060,4.97,22060,730,3.42,20300,22390,1399-11-19
110,كپارس,كاشي‌ پارس‌,3493,1477060,221406970220,149490,150000,152000,2510,1.68,149900,410,0.27,143500,156000,1399-11-19
111,شگويا,پتروشيمي تندگويان,3468,16811507,137881318956,7834,7830,8225,391,4.99,8202,368,4.7,7830,8225,1399-11-19
112,فرابورس,فرابورس ايران,3452,11153200,380819672727,33124,31600,34780,1656,5.0,34144,1020,3.08,31600,34780,1399-11-19
113,كترام,توليدي‌ كاشي‌ تكسرام‌,3403,5240815,236555455480,44150,45650,44200,50,0.11,45140,990,2.24,43850,46350,1399-11-19
114,شبندر,پالايش نفت بندرعباس,3394,14886951,300266820510,19290,19410,20250,960,4.98,20170,880,4.56,19410,20250,1399-11-19
115,فاذر,صنايع‌ آذرآب‌,3352,12323175,307637026530,23830,25020,25020,1190,4.99,24960,1130,4.74,24010,25020,1399-11-19
116,غگيلا,شيرپاستوريزه پگاه گيلان,3286,47226,1086386904,21909,23004,23004,1095,5.0,21932,23,0.1,23004,23004,1399-11-19
117,دزهراوي,داروسازي‌زهراوي‌,3273,19947399,165472380830,8150,7750,8550,400,4.91,8300,150,1.84,7750,8550,1399-11-19
118,وگردش,بانك گردشگري,3260,16319876,304026569491,19285,18707,18430,-855,-4.43,18629,-656,-3.4,18321,19980,1399-11-19
119,غمارگ,مارگارين‌,3233,7487315,242269552910,32890,32000,31520,-1370,-4.17,32360,-530,-1.61,31250,34500,1399-11-19
120,فوكا,فولاد كاويان,3121,26177420,340192737088,12699,12400,13079,380,2.99,12996,297,2.34,12400,13079,1399-11-19
121,وبملت,بانك ملت,3110,107440798,406886672840,3620,3700,3800,180,4.97,3790,170,4.7,3680,3800,1399-11-19
122,سكرد,سيمان كردستان,3090,16974682,170295525820,10260,9750,9850,-410,-4.0,10030,-230,-2.24,9750,10600,1399-11-19
123,ثغرب,شركت سرمايه گذاري مسكن شمالغرب,2993,23404911,162082287486,6939,6593,7100,161,2.32,6925,-14,-0.2,6593,7180,1399-11-19
124,ثنور,سرمايه گذاري كوه نور,2955,29351676,358772329735,12771,12133,12133,-638,-5.0,12223,-548,-4.29,12133,13154,1399-11-19
125,امين يكم,صندوق درآمد ثابت امين يكم فردا,2946,105661249,1076477917347,10183,10185,10189,6,0.06,10188,5,0.05,10183,10258,1399-11-19
126,قنيشا,قند  نيشابور,2853,3159987,187776723740,61960,58870,59460,-2500,-4.03,59420,-2540,-4.1,58870,64000,1399-11-19
127,ولصنم,ليزينگ‌صنعت‌ومعدن‌,2835,19886192,211927171870,11120,10570,10660,-460,-4.14,10660,-460,-4.14,10570,11400,1399-11-19
128,سصفها,سيمان‌اصفهان‌,2823,645119,242677029920,379020,360070,370030,-8990,-2.37,376170,-2850,-0.75,360070,395000,1399-11-19
129,اپرداز,آتيه داده پرداز,2811,2915200,67462339371,22365,22365,23478,1113,4.98,23142,777,3.47,22365,23483,1399-11-19
130,تاپكيش,تجارت الكترونيك پارسيان كيش,2803,7933515,170812687292,22300,21185,21300,-1000,-4.48,21531,-769,-3.45,21185,22746,1399-11-19
131,بشهاب,لامپ‌  پارس‌ شهاب‌,2780,1931056,229365170570,123440,119020,117270,-6170,-5.0,118780,-4660,-3.78,117270,128000,1399-11-19
132,شپترو,پتروشيمي آبادان,2774,34549031,157362667431,4625,4487,4520,-105,-2.27,4555,-70,-1.51,4487,4720,1399-11-19
133,ثباغ,شهر سازي و خانه سازي باغميشه,2770,11778571,187578763522,16531,15705,16280,-251,-1.52,15925,-606,-3.67,15705,16520,1399-11-19
134,صبا,سرمايه گذاري صبا تامين,2758,17398477,133874366731,7351,7360,7718,367,4.99,7695,344,4.68,7351,7718,1399-11-19
135,حسير,ريل سير كوثر,2720,11549155,209560607179,18470,17547,18398,-72,-0.39,18145,-325,-1.76,17547,19393,1399-11-19
136,وكارح,ح . بانك‌ كارآفرين‌,2717,117726968,169284943710,1320,1400,1450,130,9.85,1440,120,9.09,1300,1450,1399-11-19
137,وبازار,صندوق س شاخصي بازارآشنا,2699,38620267,386202670000,10000,10000,10000,0,0.0,10000,0,0.0,10000,10000,1399-11-19
138,انرژي3,سايراشخاص بورس انرژي,2684,1145454,341210880820,287890,280000,302280,14390,5.0,297880,9990,3.47,280000,302280,1399-11-19
139,غبهنوش,بهنوش‌ ايران‌,2683,3182393,231201362420,70320,67020,73830,3510,4.99,72650,2330,3.31,67020,73830,1399-11-19
140,وايران,ليزينگ ايرانيان,2665,18066338,210728586170,12180,11580,11580,-600,-4.93,11660,-520,-4.27,11580,12140,1399-11-19
141,دانا,بيمه دانا,2658,27317131,176020673160,6260,6120,6570,310,4.95,6440,180,2.88,6000,6570,1399-11-19
142,كالا,بورس كالاي ايران,2644,6732443,223040268970,31900,30750,33490,1590,4.98,33130,1230,3.86,30750,33490,1399-11-19
143,وپاسار,بانك  پاسارگاد,2624,22157482,264834945430,11480,11490,12020,540,4.7,11950,470,4.09,11250,12020,1399-11-19
144,شيران,س. صنايع‌شيميايي‌ايران,2608,8630593,243695376220,27080,27080,28430,1350,4.99,28240,1160,4.28,27080,28430,1399-11-19
145,چكاوهح,ح . صنايع‌كاغذسازي‌كاوه‌,2603,21436857,214573185710,10800,10200,9720,-1080,-10.0,10010,-790,-7.31,9720,10800,1399-11-19
146,سفارس,سيمان فارس و خوزستان,2602,20068663,382953272830,18240,18200,19150,910,4.99,19080,840,4.61,18200,19150,1399-11-19
147,سشرق,سيمان‌ شرق‌,2565,18854504,138514653920,7220,7170,7400,180,2.49,7350,130,1.8,7050,7540,1399-11-19
148,قشير,قند شيروان قوچان و بجنورد,2557,6745016,166547802272,25545,24268,24800,-745,-2.92,24692,-853,-3.34,24268,26300,1399-11-19
149,قصفها,قنداصفهان‌,2550,1055718,175314918040,166440,160000,167900,1460,0.88,166060,-380,-0.23,158350,173950,1399-11-19
150,ودي,بيمه  دي,2532,10878273,257457067663,23706,22521,24085,379,1.6,23667,-39,-0.16,22521,24700,1399-11-19
151,دبالك,مواد اوليه دارويي البرز بالك,2513,7945590,162344244317,20616,19586,20440,-176,-0.85,20432,-184,-0.89,19586,21300,1399-11-19
152,تسه9910,امتياز تسهيلات مسكن دي99,2502,65245,40801707476,607217,637577,615000,7783,1.28,625361,18144,2.99,578009,637577,1399-11-19
153,چكاوه,صنايع‌كاغذسازي‌كاوه‌,2482,11264681,158691913540,14650,13920,13920,-730,-4.98,14090,-560,-3.82,13920,14700,1399-11-19
154,ميهن,بيمه ميهن,2481,29989092,143362182429,4762,4524,4904,142,2.98,4780,18,0.38,4524,5000,1399-11-19
155,بنيرو,نيروترانس‌,2477,7382544,126397339280,17600,16720,16720,-880,-5.0,17120,-480,-2.73,16720,18350,1399-11-19
156,ختور,رادياتور ايران‌,2450,5441020,127874476740,22840,21700,23980,1140,4.99,23500,660,2.89,21700,23980,1399-11-19
157,شدوص,دوده‌ صنعتي‌ پارس‌,2444,8077178,234961533750,28330,26930,29740,1410,4.98,29090,760,2.68,26930,29740,1399-11-19
158,قشكر,شكرشاهرود,2442,41809661,166013784460,3880,3690,4070,190,4.9,3970,90,2.32,3690,4070,1399-11-19
159,خمحركه,نيرو محركه‌,2439,23353806,115559772430,4750,4620,4980,230,4.84,4950,200,4.21,4620,4980,1399-11-19
160,مرقام,ايران‌ارقام‌,2393,7330171,131758754200,18530,17610,17890,-640,-3.45,17970,-560,-3.02,17610,19200,1399-11-19
161,ثزاگرس,سرمايه گذاري توسعه عمران زاگرس,2387,3342941,213233027395,61872,64350,64965,3093,5.0,63786,1914,3.09,58791,64965,1399-11-19
162,فجر,فولاد اميركبيركاشان,2386,10600733,681516961010,61930,59600,65020,3090,4.99,64290,2360,3.81,59600,65020,1399-11-19
163,خچرخش,چرخشگر,2380,8032183,135462109220,17420,16550,16550,-870,-4.99,16860,-560,-3.21,16550,18000,1399-11-19
164,زپارس,ملي كشت و صنعت و دامپروري پارس,2377,2445456,390907461990,157250,150000,165110,7860,5.0,159850,2600,1.65,149390,165110,1399-11-19
165,پلاسك,پلاسكوكار,2360,15166010,124313745200,8430,8010,8170,-260,-3.08,8200,-230,-2.73,8010,8690,1399-11-19
166,خشرق,الكتريك‌ خودرو شرق‌,2354,10594518,169405242940,16230,15420,16340,110,0.68,15990,-240,-1.48,15420,16690,1399-11-19
167,غسالم,سالمين‌,2330,27279878,119951363880,4210,4300,4420,210,4.99,4400,190,4.51,4160,4420,1399-11-19
168,خپارس,پارس‌ خودرو,2325,37997424,220805412360,5570,5570,5840,270,4.85,5810,240,4.31,5570,5840,1399-11-19
169,تاصيكو,سرمايه گذاري صدرتامين,2286,40063319,427832970170,10990,10570,10610,-380,-3.46,10680,-310,-2.82,10320,10980,1399-11-19
170,ومعلم,بيمه معلم,2258,22443607,105639328196,4628,4397,4740,112,2.42,4707,79,1.71,4397,4859,1399-11-19
171,بميلا,توسعه بازرگاني آهن وفولادميلاد,2233,9366673,197464890032,21683,20599,20930,-753,-3.47,21082,-601,-2.77,20599,22330,1399-11-19
172,خاور,ايران خودرو ديزل,2210,27104324,183209101634,6642,6443,6841,199,3.0,6759,117,1.76,6443,6841,1399-11-19
173,فاما,صنعتي‌ آما,2197,5284032,118045712990,22290,22990,22190,-100,-0.45,22340,50,0.22,21180,22990,1399-11-19
174,فيروزه,صندوق شاخص30 شركت فيروزه- سهام,2179,2824902,409656859980,132780,135000,146050,13270,9.99,145020,12240,9.22,135000,146050,1399-11-19
175,بجهرم,توسعه مولد نيروگاهي جهرم,2176,23179118,66636895749,2756,2717,2893,137,4.97,2875,119,4.32,2700,2893,1399-11-19
176,آريان,سرمايه گذاري پارس آريان,2170,26609504,325169438813,12649,12017,12420,-229,-1.81,12220,-429,-3.39,12017,12814,1399-11-19
177,اعتماد,صندوق س.اعتماد آفرين پارسيان-د,2153,57448530,1995600168750,34720,34735,34739,19,0.05,34737,17,0.05,34735,34742,1399-11-19
178,سامان,بانك سامان,2151,16212146,153128502106,9717,9232,9380,-337,-3.47,9445,-272,-2.8,9232,10000,1399-11-19
179,سقاين,سيمان‌ قائن‌,2146,2663019,208728285700,77400,73530,81270,3870,5.0,78380,980,1.27,73530,81270,1399-11-19
180,كسرا,سراميك‌هاي‌صنعتي‌اردكان‌,2138,8429367,187807764760,21990,20900,22350,360,1.64,22280,290,1.32,20900,23000,1399-11-19
181,دتوليد,داروسازي توليد دارو,2112,3860302,105368213768,26926,25580,27350,424,1.57,27295,369,1.37,25580,28100,1399-11-19
182,غپآذر,شير پگاه آذربايجان شرقي,2105,3106228,187947428001,60736,57700,62100,1364,2.25,60507,-229,-0.38,57700,63750,1399-11-19
183,ثشرق,سرمايه گذاري مسكن شمال شرق,2096,24580179,130252250350,5320,5060,5380,60,1.13,5300,-20,-0.38,5060,5540,1399-11-19
184,وشهر,بانك شهر,2050,32028425,191867899948,5886,5850,6121,235,3.99,5991,105,1.78,5651,6121,1399-11-19
185,افرا,افرانت,2027,3274442,104198160830,32627,30996,31460,-1167,-3.58,31822,-805,-2.47,30996,33590,1399-11-19
186,قثابت,قند ثابت‌ خراسان‌,2018,5058987,320833790230,66490,63170,63170,-3320,-4.99,63420,-3070,-4.62,63170,65060,1399-11-19
187,كماسه,تامين‌ ماسه‌ ريخته‌گري‌,2014,3240054,157416439670,46520,47000,48840,2320,4.99,48580,2060,4.43,46590,48840,1399-11-19
188,فارس,صنايع پتروشيمي خليج فارس,2012,18998865,166220497560,8350,8450,8760,410,4.91,8750,400,4.79,8450,8760,1399-11-19
189,دعبيد,لابراتوارداروسازي‌  دكترعبيدي‌,1989,3606540,88452168640,24460,23240,24200,-260,-1.06,24530,70,0.29,23240,25200,1399-11-19
190,حتايد,تايدواترخاورميانه,1982,6483726,152994340220,22940,21800,24040,1100,4.8,23600,660,2.88,21800,24080,1399-11-19
191,ثامان,سامان‌ گستراصفهان‌,1953,7379348,176524692880,24670,23440,23440,-1230,-4.99,23920,-750,-3.04,23440,25890,1399-11-19
192,فاراك,ماشين‌ سازي‌ اراك‌,1938,24361108,124685218190,4900,4810,5140,240,4.9,5120,220,4.49,4810,5140,1399-11-19
193,وصنا,گروه‌صنايع‌بهشهرايران‌,1931,13276614,83741795620,6390,6080,6390,0,0.0,6310,-80,-1.25,6080,6690,1399-11-19
194,غديس,پاكديس,1926,6704433,87513779471,13255,12920,12740,-515,-3.89,13053,-202,-1.52,12725,13600,1399-11-19
195,وپست,پست بانك ايران,1913,9341534,160079192110,16590,15990,17410,820,4.94,17140,550,3.32,15990,17410,1399-11-19
196,فسرب,ملي‌ سرب‌وروي‌ ايران‌,1876,1597681,128820905470,79790,75810,83770,3980,4.99,80630,840,1.05,75810,83770,1399-11-19
197,خزاميا,زامياد,1872,26909341,218883420520,7780,7900,8160,380,4.88,8130,350,4.5,7900,8160,1399-11-19
198,سخاش,سيمان‌خاش‌,1870,1835822,282619599370,146740,153850,154070,7330,5.0,153950,7210,4.91,148000,154070,1399-11-19
199,ونيرو,سرمايه‌گذاري‌نيرو,1866,47267404,125245209040,2540,2500,2660,120,4.72,2650,110,4.33,2480,2660,1399-11-19
200,شرنگي,شيميايي رنگين,1857,1524888,272159676951,170381,178900,178900,8519,5.0,178478,8097,4.75,173000,178900,1399-11-19
201,لخزر,پارس‌ خزر,1851,742878,133978955800,188290,194000,178880,-9410,-5.0,180350,-7940,-4.22,178880,194000,1399-11-19
202,بكام,كارخانجات توليدي شهيد قندي,1849,26089866,91733575810,3380,3450,3540,160,4.73,3520,140,4.14,3380,3540,1399-11-19
203,پارند,صندوق س. پارند پايدار سپهر,1822,76046017,851771010375,11196,11202,11200,4,0.04,11201,5,0.04,11200,11205,1399-11-19
204,سيمرغ,سيمرغ,1812,5574014,92519349570,16490,15700,16950,460,2.79,16600,110,0.67,15700,17200,1399-11-19
205,وخارزم,سرمايه گذاري خوارزمي,1803,21128439,177990966780,8050,8110,8450,400,4.97,8420,370,4.6,8110,8450,1399-11-19
206,وارس,سرمايه گذاري ارس صبا,1791,6333089,108203356272,17811,16930,16921,-890,-5.0,17085,-726,-4.08,16921,18200,1399-11-19
207,دزهراويح,ح . ‌داروسازي‌زهراوي‌,1790,7895569,48275105890,5700,5800,6270,570,10.0,6110,410,7.19,5340,6270,1399-11-19
208,غشان,شيرپاستوريزه‌پگاه‌خراسان‌,1788,17636075,101434996800,5650,5370,5930,280,4.96,5750,100,1.77,5370,5930,1399-11-19
209,چكارن,كارتن‌ ايران‌,1787,22823541,73237375090,3090,3100,3240,150,4.85,3210,120,3.88,3000,3240,1399-11-19
210,غگلپا,شير پاستوريزه پگاه گلپايگان,1778,2109819,144584601669,69170,68000,67200,-1970,-2.85,68529,-641,-0.93,66000,70500,1399-11-19
211,آتيمس,صندوق س.آرمان آتيه درخشان مس-س,1768,1845960,328723140950,166147,168390,178000,11853,7.13,178077,11930,7.18,168390,183412,1399-11-19
212,غويتا,ويتانا,1766,5157477,101709557118,20170,20950,19162,-1008,-5.0,19721,-449,-2.23,19162,20950,1399-11-19
213,اخابر,مخابرات ايران,1761,21190762,216903467900,9780,9870,10260,480,4.91,10240,460,4.7,9870,10260,1399-11-19
214,حبندر,دريايي و کشتيراني خط دريابندر,1756,3983425,126621897058,31376,30600,31430,54,0.17,31787,411,1.31,30435,32317,1399-11-19
215,خمهر,مهركام‌پارس‌,1754,40954485,105764392010,2590,2470,2610,20,0.77,2580,-10,-0.39,2470,2680,1399-11-19
216,شبريز,پالايش نفت تبريز,1753,8794450,225746615530,24700,24700,25930,1230,4.98,25670,970,3.93,24700,25930,1399-11-19
217,واحيا,م .صنايع و معادن احياء سپاهان,1751,2462750,344337210341,141016,136786,140000,-1016,-0.72,139818,-1198,-0.85,136786,145246,1399-11-19
218,تابا,تابان نيرو سپاهان,1749,3650699,208849769979,57095,55383,58807,1712,3.0,57208,113,0.2,55383,58807,1399-11-19
219,لابسا,آبسال‌,1749,2240643,115061768130,53060,50420,50410,-2650,-4.99,51350,-1710,-3.22,50410,54740,1399-11-19
220,كاريس,صندوق س.سپهر كاريزما-س,1739,17171532,192731730926,10243,10300,11500,1257,12.27,11224,981,9.58,10300,11649,1399-11-19
221,كسعديح,ح . كاشي‌ سعدي‌,1733,5853718,84820767870,13620,13300,14540,920,6.75,14490,870,6.39,13300,14950,1399-11-19
222,حپارسا,توسعه حمل و نقل ريلي پارسيان,1713,3721721,131908758522,34970,33222,36718,1748,5.0,35443,473,1.35,33222,36718,1399-11-19
223,فروي,ذوب روي اصفهان,1701,1226358,79066612382,61512,64000,64587,3075,5.0,64473,2961,4.81,63000,64587,1399-11-19
224,تپولا,مهندسي مرآت پولاد,1693,2513769,91229201107,37310,36191,36191,-1119,-3.0,36292,-1018,-2.73,36191,37040,1399-11-19
225,غاذر,كشت‌وصنعت‌پياذر,1684,1884296,109379646030,55940,53170,58690,2750,4.92,58050,2110,3.77,53150,58730,1399-11-19
226,شلرد,كود شيميايي اوره لردگان,1673,17270297,125875201318,7049,6730,7401,352,4.99,7289,240,3.4,6730,7401,1399-11-19
227,فزرين,زرين معدن آسيا,1670,10178474,237324567388,22209,23319,23319,1110,5.0,23316,1107,4.98,22800,23319,1399-11-19
228,فافزا,فولاد افزا سپاهان,1668,1812917,102820210899,58899,55955,55955,-2944,-5.0,56715,-2184,-3.71,55955,60490,1399-11-19
229,شكربن,كربن‌ ايران‌,1663,1420744,146631835180,100230,102290,105240,5010,5.0,103210,2980,2.97,98000,105240,1399-11-19
230,كلوند,كاشي‌ الوند,1660,4242569,213528497770,47940,50330,50330,2390,4.99,50330,2390,4.99,50330,50330,1399-11-19
231,وغدير,سرمايه‌گذاري‌غدير(هلدينگ‌,1651,15415042,169390589570,10490,10600,11010,520,4.96,10990,500,4.77,10600,11010,1399-11-19
232,خزر,فنرسازي‌زر,1622,3797470,184329193800,46230,48540,48540,2310,5.0,48540,2310,5.0,48540,48540,1399-11-19
233,تپمپي,پمپ‌ سازي‌ ايران‌,1616,3100178,60345725830,19220,18400,19950,730,3.8,19470,250,1.3,18400,20100,1399-11-19
234,سكرما,سيمان‌ كرمان‌,1583,5380524,98501540870,17450,18320,18320,870,4.99,18310,860,4.93,17900,18320,1399-11-19
235,ستران,سيمان‌ تهران‌,1582,5396921,146077392410,25870,25810,27160,1290,4.99,27070,1200,4.64,25810,27160,1399-11-19
236,واميد,گروه مديريت سرمايه گذاري اميد,1568,2943543,109982045700,38290,38290,36990,-1300,-3.4,37420,-870,-2.27,36550,38880,1399-11-19
237,شتوكا,توكا رنگ فولاد سپاهان,1564,3211616,176824844883,57891,54997,54997,-2894,-5.0,55058,-2833,-4.89,54997,55970,1399-11-19
238,فنفت,صنايع تجهيزات نفت,1555,8714657,251513074777,29906,28411,29897,-9,-0.03,28861,-1045,-3.49,28411,29990,1399-11-19
239,فلوله,لوله‌وماشين‌سازي‌ايران‌,1552,7290214,159111276750,20980,21400,22020,1040,4.96,21830,850,4.05,20010,22020,1399-11-19
240,مداران,داده‌پردازي‌ايران‌,1529,3135414,76251201570,24490,23520,23910,-580,-2.37,24320,-170,-0.69,23520,25560,1399-11-19
241,شفارا,پتروشيمي فارابي,1529,17995908,80690711017,4586,4600,4479,-107,-2.33,4484,-102,-2.22,4449,4650,1399-11-19
242,وساپا,سرمايه‌گذاري‌ سايپا,1516,30777073,183205502360,5700,5620,5980,280,4.91,5950,250,4.39,5620,5980,1399-11-19
243,البرز,بيمه البرز,1514,26704060,104290460430,3750,3600,3930,180,4.8,3910,160,4.27,3600,3930,1399-11-19
244,ولشرق,ليزينگ ايران و شرق,1512,11147065,86408648841,7529,7155,7905,376,4.99,7752,223,2.96,7155,7905,1399-11-19
245,خاهن,آهنگري‌ تراكتورسازي‌ ايران‌,1510,2102303,81439912240,38570,39730,38700,130,0.34,38740,170,0.44,38200,39730,1399-11-19
246,زفكا,كشت و دامداري فكا,1502,5397805,63960146433,12136,11591,11566,-570,-4.7,11849,-287,-2.36,11540,12500,1399-11-19
247,ثاباد,توريستي ورفاهي آبادگران ايران,1494,2944151,149105754080,48790,48000,51220,2430,4.98,50640,1850,3.79,47030,51220,1399-11-19
248,سرود,سيمان‌شاهرود,1490,4453596,83430550850,18560,17640,19000,440,2.37,18730,170,0.92,17640,19320,1399-11-19
249,ددام,داروسازي زاگرس فارمد پارس,1481,8834381,187173978180,22030,20950,20930,-1100,-4.99,21190,-840,-3.81,20930,22500,1399-11-19
250,آپ,آسان پرداخت پرشين,1481,5292801,87658050490,16240,15500,16850,610,3.76,16560,320,1.97,15500,17000,1399-11-19
251,ورنا,سرمايه‌گذاري‌ رنا(هلدينگ‌,1478,32922582,184875483350,5370,5270,5630,260,4.84,5620,250,4.66,5260,5630,1399-11-19
252,ولساپا,ليزينگ رايان‌ سايپا,1477,31923446,118246433410,3540,3690,3710,170,4.8,3700,160,4.52,3590,3710,1399-11-19
253,فباهنر,مس‌ شهيدباهنر,1477,2689973,137074858820,48640,46400,51070,2430,5.0,50960,2320,4.77,46400,51070,1399-11-19
254,پكوير,كوير تاير,1465,8400089,119666307990,13660,14200,14340,680,4.98,14250,590,4.32,13870,14340,1399-11-19
255,نوري,پتروشيمي نوري,1460,2671951,139083805370,50010,50030,52510,2500,5.0,52050,2040,4.08,50030,52510,1399-11-19
256,سفانو,سيمان فارس نو,1447,3243148,125029254580,38140,36280,38190,50,0.13,38550,410,1.07,36240,39980,1399-11-19
257,نوين,بيمه نوين,1443,15391806,94677181937,5899,5800,6193,294,4.98,6151,252,4.27,5800,6193,1399-11-19
258,پرداخت,به پرداخت ملت,1441,6071891,229291274910,39660,37680,37680,-1980,-4.99,37760,-1900,-4.79,37680,38800,1399-11-19
259,وآوا,سرمايه گذاري آوا نوين,1424,7506153,56007537874,7218,7129,7578,360,4.99,7462,244,3.38,6900,7578,1399-11-19
260,قرن,پديده شيمي قرن,1421,1172922,73128381120,59520,60000,62490,2970,4.99,62350,2830,4.75,60000,62490,1399-11-19
261,كي بي سي,شركت كي بي سي,1421,2899983,82884519299,29170,27800,28498,-672,-2.3,28581,-589,-2.02,27800,30299,1399-11-19
262,زگلدشت,كشت و دام گلدشت نمونه اصفهان,1418,2539520,129094203866,53371,50703,50703,-2668,-5.0,50834,-2537,-4.75,50703,52030,1399-11-19
263,غشاذر,پگاه‌آذربايجان‌غربي‌,1417,5923103,124646882990,21180,21000,21500,320,1.51,21040,-140,-0.66,20160,21790,1399-11-19
264,شصدف,صنعتي دوده فام,1400,34490,997450800,27543,28920,28920,1377,5.0,27569,26,0.09,28920,28920,1399-11-19
265,تاپيكو,س. نفت و گاز و پتروشيمي تأمين,1397,15462533,174581791540,10770,10900,11300,530,4.92,11290,520,4.83,10900,11300,1399-11-19
266,چافست,افست‌,1394,4405113,69926567960,16470,15650,15850,-620,-3.76,15870,-600,-3.64,15650,17000,1399-11-19
267,دفارا,داروسازي‌ فارابي‌,1394,2060156,123394025740,58440,55520,61360,2920,5.0,59900,1460,2.5,55520,61360,1399-11-19
268,بالبر,كابل‌ البرز,1390,2758250,116576410590,44050,41850,41850,-2200,-4.99,42260,-1790,-4.06,41850,43700,1399-11-19
269,خكار,ايركا پارت صنعت,1370,5409390,100203116950,19180,18230,18230,-950,-4.95,18520,-660,-3.44,18230,19480,1399-11-19
270,ميدكو,هلدينگ صنايع  معدني خاورميانه,1355,3872732,119126058951,30687,29153,31370,683,2.23,30760,73,0.24,29153,31700,1399-11-19
271,ختوقا,قطعات‌ اتومبيل‌ ايران‌,1345,22252554,58346638110,2520,2500,2640,120,4.76,2620,100,3.97,2500,2640,1399-11-19
272,قچار,فراوردههاي غذايي وقند چهارمحال,1344,1849380,170460161389,88900,88900,93345,4445,5.0,92172,3272,3.68,87800,93345,1399-11-19
273,وپارس,بانك‌پارسيان‌,1323,109388404,321601907760,2800,2940,2940,140,5.0,2940,140,5.0,2940,2940,1399-11-19
274,مبين,مبين انرژي خليج فارس,1319,17828472,254791473930,13670,13670,14350,680,4.97,14290,620,4.54,13670,14350,1399-11-19
275,خوساز,محورسازان‌ايران‌خودرو,1318,9509631,81381040870,8270,7860,8680,410,4.96,8560,290,3.51,7860,8680,1399-11-19
276,فولاي,صنايع فولاد آلياژي يزد,1312,5153341,262279990145,48511,50936,50936,2425,5.0,50895,2384,4.91,49322,50936,1399-11-19
277,وبيمه,سرمايه‌ گذاري‌ صنعت‌ بيمه‌,1302,19698873,53697013110,2630,2500,2760,130,4.94,2730,100,3.8,2500,2760,1399-11-19
278,كبافق,معادن‌ بافق‌,1297,1725664,89625317230,49640,50000,52120,2480,5.0,51940,2300,4.63,50000,52120,1399-11-19
279,كيان,صندوق س. با درآمد ثابت كيان,1291,26338045,713308782056,27071,27083,27085,14,0.05,27083,12,0.04,26850,27089,1399-11-19
280,تسه9908,امتياز تسهيلات مسكن آبان99,1286,34257,21303778948,620756,620756,629000,8244,1.33,621881,1125,0.18,590000,651793,1399-11-19
281,لسرما,سرما آفرين‌,1279,2804058,71801405340,25990,25500,25260,-730,-2.81,25610,-380,-1.46,24900,26870,1399-11-19
282,كاردان,صندوق س تجارت شاخصي كاردان,1276,1709707,273045929740,145460,150500,160000,14540,10.0,159700,14240,9.79,150500,160000,1399-11-19
283,اطلس,صندوق س.توسعه اندوخته آينده-س,1270,493876,99481995396,189236,190350,205000,15764,8.33,201431,12195,6.44,190350,207000,1399-11-19
284,تسه9909,امتياز تسهيلات مسكن آذر99,1269,40921,25422540097,609049,609049,630000,20951,3.44,621259,12210,2.0,578597,639501,1399-11-19
285,رانفور,خدمات‌انفورماتيك‌,1249,3613210,95986671250,25570,26000,26840,1270,4.97,26570,1000,3.91,25000,26840,1399-11-19
286,وملل,اعتباري ملل,1247,8082524,119967972050,14532,14000,15070,538,3.7,14843,311,2.14,14000,15180,1399-11-19
287,ملت,بيمه ملت,1247,8582853,131817371830,14720,15190,15450,730,4.96,15360,640,4.35,14800,15450,1399-11-19
288,آساس,صندوق س.آسمان آرماني سهام-س,1246,1036404,172361887581,155803,159000,168500,12697,8.15,166308,10505,6.74,158260,168990,1399-11-19
289,پاكشو,گروه صنعتي پاكشو,1238,1052963,85196561390,78000,79700,81000,3000,3.85,80490,2490,3.19,79500,81900,1399-11-19
290,غمهرا,توليدي‌مهرام‌,1230,866183,97849203690,108770,113600,114200,5430,4.99,112970,4200,3.86,109880,114200,1399-11-19
291,فالوم,آلومتك‌,1222,4231601,169375049163,39073,37901,40245,1172,3.0,40026,953,2.44,37901,40245,1399-11-19
292,ومهان,گروه توسعه مالي مهر آيندگان,1218,8099835,102047083395,12010,12011,12610,600,5.0,12599,589,4.9,12011,12610,1399-11-19
293,افق,فروشگاههاي زنجيره اي افق كوروش,1216,1448828,116682337910,77950,80000,81000,3050,3.91,80540,2590,3.32,79000,81040,1399-11-19
294,ريشمك,توليد و صادرات ريشمك,1211,1803610,103606450409,55331,52600,58097,2766,5.0,57444,2113,3.82,52600,58097,1399-11-19
295,كحافظ,كاشي‌ وسراميك‌ حافظ‌,1166,4342001,57215810080,12730,13100,13360,630,4.95,13180,450,3.53,12710,13360,1399-11-19
296,پسهند,صنايع‌ لاستيكي‌  سهند,1165,2156506,87821264660,40670,41500,40690,20,0.05,40720,50,0.12,39510,42640,1399-11-19
297,رنيك,جنرال مكانيك,1162,2433679,51085397760,20341,20300,21358,1017,5.0,20991,650,3.2,20120,21358,1399-11-19
298,كتوكاح,ح.توليدي وخدمات صنايع نسوزتوكا,1155,3181428,80141762269,24208,23920,25418,1210,5.0,25190,982,4.06,23920,25418,1399-11-19
299,فايرا,آلومينيوم‌ايران‌,1155,7925032,189727381180,22820,22030,23960,1140,5.0,23940,1120,4.91,22030,23960,1399-11-19
300,فخوز,فولاد  خوزستان,1142,12337977,149780292990,11600,11700,12180,580,5.0,12140,540,4.66,11700,12180,1399-11-19
301,خريخت,صنايع‌ريخته‌گري‌ايران‌,1141,15511817,57809128930,3580,3580,3750,170,4.75,3730,150,4.19,3580,3750,1399-11-19
302,حفاري,حفاري شمال,1138,13110975,140817362470,10280,10470,10790,510,4.96,10740,460,4.47,10310,10790,1399-11-19
303,كطبس,ذغال‌سنگ‌ نگين‌ ط‌بس‌,1137,1732963,131742099980,74780,71600,77200,2420,3.24,76020,1240,1.66,71050,77840,1399-11-19
304,سغرب,سيمان‌غرب‌,1134,2514465,68581607620,26030,27330,27330,1300,4.99,27270,1240,4.76,26300,27330,1399-11-19
305,ثعمرا,عمران و توسعه شاهد,1133,8730911,109542187737,12018,12000,12618,600,4.99,12546,528,4.39,12000,12618,1399-11-19
306,وكار,بانك‌ كارآفرين‌,1132,27715267,73368424770,2550,2440,2670,120,4.71,2650,100,3.92,2440,2670,1399-11-19
307,غويتاح,ح . ويتانا,1131,3823155,52428229883,14090,14540,13386,-704,-5.0,13713,-377,-2.68,13386,14650,1399-11-19
308,ومعادن,توسعه‌معادن‌وفلزات‌,1124,11834198,123550557930,9970,10020,10460,490,4.91,10440,470,4.71,10020,10460,1399-11-19
309,خاذين,سايپاآذين‌,1118,18571437,85687054300,4410,4420,4630,220,4.99,4610,200,4.54,4360,4630,1399-11-19
310,بكهنوج,توليد برق ماهتاب كهنوج,1113,33673453,60749758885,1723,1700,1809,86,4.99,1804,81,4.7,1700,1809,1399-11-19
311,خلنت,لنت‌ ترمزايران‌,1109,560894,55751436910,102250,97140,98300,-3950,-3.86,99400,-2850,-2.79,97140,106980,1399-11-19
312,دلقما,دارويي‌ لقمان‌,1107,2049765,45799554650,22320,21220,22150,-170,-0.76,22340,20,0.09,21220,23000,1399-11-19
313,چدن,توليدي چدن سازان,1106,2669085,70463165060,25290,25300,26550,1260,4.98,26400,1110,4.39,25300,26550,1399-11-19
314,غشهداب,كشت و صنعت شهداب ناب خراسان,1094,17792894,65661968154,3530,3533,3706,176,4.99,3690,160,4.53,3533,3706,1399-11-19
315,سمازن,سيمان‌مازندران‌,1091,8017220,83296591770,10050,10000,10550,500,4.98,10390,340,3.38,9720,10550,1399-11-19
316,ركيش,كارت اعتباري ايران كيش,1090,4298679,105482318690,24040,24530,24800,760,3.16,24540,500,2.08,24040,25000,1399-11-19
317,وسينا,بانك سينا,1086,25730436,91117330380,3400,3250,3570,170,5.0,3540,140,4.12,3250,3570,1399-11-19
318,كگل,معدني و صنعتي گل گهر,1085,10327979,176123799180,16250,16800,17060,810,4.98,17050,800,4.92,16560,17060,1399-11-19
319,ثتوسا,س.توسعه و عمران استان اردبيل,1082,2266076,106669070425,46804,48208,45400,-1404,-3.0,47072,268,0.57,45400,48208,1399-11-19
320,خكاوه,سايپا ديزل,1080,15151549,66695146217,4297,4292,4425,128,2.98,4402,105,2.44,4292,4425,1399-11-19
321,ولغدر,ليزينگ‌خودروغدير,1072,7111751,151426781250,22340,21230,21230,-1110,-4.97,21290,-1050,-4.7,21230,21770,1399-11-19
322,وثنو,سرمايه گذاري ساختماني نوين,1069,3572768,62197111921,16683,16000,17517,834,5.0,17409,726,4.35,16000,17517,1399-11-19
323,غپاك,لبنيات‌ پاك‌,1049,8261044,125970281300,14600,14000,15330,730,5.0,15250,650,4.45,14000,15330,1399-11-19
324,ارزش,صندوق س ارزش آفرين بيدار-سهام,1033,12667260,126378306750,9130,9480,10040,910,9.97,9980,850,9.31,9470,10040,1399-11-19
325,ولملت,واسپاري ملت,1027,9447987,86215223740,9530,9060,9060,-470,-4.93,9130,-400,-4.2,9060,9490,1399-11-19
326,ضسپا1102,اختيارخ خساپا-2000-1399/11/26,1026,45493,9124370000,107,116,230,123,114.95,201,94,87.85,109,233,1399-11-19
327,وصنعت,سرمايه گذاري توسعه صنعت وتجارت,1017,9724903,62574334310,6150,6100,6450,300,4.88,6430,280,4.55,6100,6450,1399-11-19
328,وخاور,بانك خاورميانه,1013,7426961,74272927470,9860,9950,9780,-80,-0.81,10000,140,1.42,9740,10280,1399-11-19
329,پارس,پتروشيمي پارس,1011,925826,117377027810,122560,123700,128680,6120,4.99,126780,4220,3.44,123700,128680,1399-11-19
330,اميد,تامين سرمايه اميد,1011,8338989,66849247060,7720,7430,8100,380,4.92,8020,300,3.89,7430,8100,1399-11-19
331,كساوه,صنايع‌ كاشي‌ و سراميك‌ سينا,1006,1408734,96481484320,71560,67990,67990,-3570,-4.99,68490,-3070,-4.29,67990,70910,1399-11-19
332,سپاها,سيمان‌سپاهان‌,1005,5782663,52537187420,8670,8460,9100,430,4.96,9090,420,4.84,8460,9100,1399-11-19
333,فپنتا,سپنتا,999,160233,65691721000,410600,410000,400000,-10600,-2.58,409980,-620,-0.15,398020,420000,1399-11-19
334,خبهمن,گروه‌بهمن‌,996,4743107,95017228280,19120,19990,20070,950,4.97,20030,910,4.76,19500,20070,1399-11-19
335,كشرق,صنعتي و معدني شمال شرق شاهرود,995,757704,72974283342,93110,89800,97765,4655,5.0,96310,3200,3.44,89800,97765,1399-11-19
336,دكوثر,داروسازي‌ كوثر,993,2227278,43149929060,19120,18360,19560,440,2.3,19340,220,1.15,18360,19870,1399-11-19
337,سمتاز,سيمان ممتازان كرمان,989,3395251,65208988851,19431,19660,19670,239,1.23,19206,-225,-1.16,18849,19950,1399-11-19
338,زفكاح,ح . كشت و دامداري فكا,988,5628238,42004405572,7605,7300,7330,-275,-3.62,7463,-142,-1.87,7225,7890,1399-11-19
339,وكادو,تكادو,986,5619092,128866449491,23626,22918,22918,-708,-3.0,22934,-692,-2.93,22918,23300,1399-11-19
340,لبوتان,گروه‌صنعتي‌بوتان‌,983,605115,39054462100,64330,61120,63500,-830,-1.29,64500,170,0.26,61120,67400,1399-11-19
341,كگاز,شيشه‌ و گاز,971,2643308,46648625170,17530,16690,17620,90,0.51,17640,110,0.63,16690,18260,1399-11-19
342,وبهمن,سرمايه‌گذاري‌بهمن‌,970,3204149,52323733920,16170,15370,16800,630,3.9,16330,160,0.99,15370,16900,1399-11-19
343,وحكمت,بيمه حكمت صبا,967,10870266,46086786438,4125,4248,4248,123,2.98,4240,115,2.79,4002,4248,1399-11-19
344,همراه,شركت ارتباطات سيار ايران,967,5122905,134668472750,25060,25300,26310,1250,4.99,26290,1230,4.91,25300,26310,1399-11-19
345,مدير,ص.س.مديريت ثروت ص.بازنشستگي-س,966,8056496,76597477098,8724,9300,9596,872,10.0,9508,784,8.99,8850,9596,1399-11-19
346,بهپاك,صنعتي بهپاك,961,2466916,112532666482,43518,45099,45693,2175,5.0,45617,2099,4.82,44310,45693,1399-11-19
347,شاراك,پتروشيمي شازند,956,5281094,127877938190,23100,24000,24250,1150,4.98,24210,1110,4.81,23190,24250,1399-11-19
348,سخزر,سيمان‌ خزر,955,1695842,49287168830,29820,28600,28330,-1490,-5.0,29060,-760,-2.55,28330,31000,1399-11-19
349,غشوكو,شوكو پارس,952,1177778,49542349157,44032,41831,42700,-1332,-3.03,42064,-1968,-4.47,41831,43809,1399-11-19
350,كمنگنز,معادن‌منگنزايران‌,951,952804,87182542090,87910,86700,92300,4390,4.99,91500,3590,4.08,86700,92300,1399-11-19
351,وتوشه,سرمايه‌ گذاري‌ پارس‌ توشه‌,943,2982194,67250343270,21910,20860,23000,1090,4.97,22550,640,2.92,20860,23000,1399-11-19
352,ولتجار,واسپاري تجارت وسرمايه ايرانيان,931,7906453,62660735704,8313,7898,7898,-415,-4.99,7925,-388,-4.67,7898,8310,1399-11-19
353,رمپنا,گروه مپنا (سهامي عام),929,9514641,156190429670,15680,15680,16460,780,4.97,16420,740,4.72,15680,16460,1399-11-19
354,زقيام,كشت و دام قيام اصفهان,923,3003016,92123659407,29320,30769,30786,1466,5.0,30677,1357,4.63,29790,30786,1399-11-19
355,ونوين,بانك‌اقتصادنوين‌,920,25559831,97050976060,3620,3800,3800,180,4.97,3800,180,4.97,3680,3800,1399-11-19
356,سخواف,سيمان مجد خواف,917,7019392,133891238045,19648,19059,19059,-589,-3.0,19074,-574,-2.92,19059,19468,1399-11-19
357,سجامح,ح.مجتمع سيمان غرب آسيا,905,9112365,30157923785,3395,3294,3294,-101,-2.97,3310,-85,-2.5,3294,3390,1399-11-19
358,داوه,داروسازي آوه سينا,893,2488114,46832708157,19333,19217,18367,-966,-5.0,18842,-491,-2.54,18367,19850,1399-11-19
359,دسانكو,داروسازي سبحان انكولوژي,891,2615564,41321376908,15681,14897,15950,269,1.72,15779,98,0.62,14897,16190,1399-11-19
360,شجم,صنايع پتروشيمي تخت جمشيد,887,6512859,70553962822,11255,10693,11300,45,0.4,10833,-422,-3.75,10693,11300,1399-11-19
361,فروس,فروسيليس‌ ايران‌,886,10521049,51953750400,4740,4570,4970,230,4.85,4940,200,4.22,4570,4970,1399-11-19
362,شفن,پتروشيمي فناوران,866,1029333,296487577380,274350,279990,288060,13710,5.0,288040,13690,4.99,279990,288060,1399-11-19
363,سهرمز,سيمان‌هرمزگان‌,860,2327612,59781309110,26860,25520,25520,-1340,-4.99,25680,-1180,-4.39,25520,26450,1399-11-19
364,ونيكي,سرمايه‌گذاري‌ ملي‌ايران‌,860,6520855,69257995480,10140,10150,10640,500,4.93,10590,450,4.44,10150,10640,1399-11-19
365,ما,بيمه  ما,855,5757278,48763491080,8470,8110,8470,0,0.0,8470,0,0.0,8110,8730,1399-11-19
366,تبرك,گروه كارخانجات صنعتي تبرك,855,5095198,78982063269,14791,15110,15530,739,5.0,15501,710,4.8,14900,15530,1399-11-19
367,سشمال,سيمان‌ شمال‌,850,5683986,61245370830,10280,10790,10790,510,4.96,10780,500,4.86,10400,10790,1399-11-19
368,بنو,بيمه تجارت نو,848,3382810,109279608255,30799,32338,32338,1539,5.0,32304,1505,4.89,32000,32338,1399-11-19
369,دكيمي,كيميدارو,842,1936003,48141593870,25280,24200,24600,-680,-2.69,24870,-410,-1.62,24030,26050,1399-11-19
370,نطرين,عطرين نخ قم,836,5594904,66235396915,11333,11720,11899,566,4.99,11839,506,4.46,11350,11899,1399-11-19
371,سيدكو,سرمايه گذاري توسعه صنايع سيمان,833,4385265,26247033600,5780,5650,6060,280,4.84,5890,110,1.9,5650,6060,1399-11-19
372,كچاد,معدني‌وصنعتي‌چادرملو,832,7225512,138910808050,18330,19000,19240,910,4.96,19230,900,4.91,18700,19240,1399-11-19
373,وپترو,سرمايه‌گذاري صنايع پتروشيمي‌,831,4205545,62126281470,14160,13500,14860,700,4.94,14770,610,4.31,13500,14860,1399-11-19
374,اعتلا,شركت سرمايه گذاري اعتلاء البرز,830,5070373,37243572357,7469,7096,7330,-139,-1.86,7373,-96,-1.29,7096,7700,1399-11-19
375,وگستر,گسترش سرمايه گذاري ايرانيان,828,3448832,69194366658,19238,18310,20199,961,5.0,20063,825,4.29,18310,20199,1399-11-19
376,كپرور,فرآوري زغال سنگ پروده طبس,828,938459,37331847294,39436,37600,39100,-336,-0.85,39698,262,0.66,37600,41000,1399-11-19
377,كروي,توسعه‌ معادن‌ روي‌ ايران‌,820,3263360,86137711580,25200,24000,26460,1260,5.0,26400,1200,4.76,24000,26460,1399-11-19
378,شكبير,پتروشيمي اميركبير,820,1413649,127108455731,90456,87800,88272,-2184,-2.41,89915,-541,-0.6,87800,91496,1399-11-19
379,بورس,بورس اوراق بهادار تهران,813,2141603,87799184780,39490,38020,41460,1970,4.99,41000,1510,3.82,38020,41460,1399-11-19
380,خمحور,توليدمحورخودرو,806,1086886,61686418920,55020,56770,57770,2750,5.0,56760,1740,3.16,53010,57770,1399-11-19
381,بفجر,فجر انرژي خليج فارس,805,3058781,71843713510,23230,23230,23440,210,0.9,23490,260,1.12,23020,24390,1399-11-19
382,پرديس,سرمايه گذاري پرديس,803,5743362,37428315220,6280,6050,6590,310,4.94,6460,180,2.87,6050,6590,1399-11-19
383,وسپهح,ح . سرمايه‌گذاري‌ سپه‌,795,3347167,16059266670,4390,4530,4830,440,10.02,4800,410,9.34,4530,4830,1399-11-19
384,قپيرا,فرآورده‌هاي‌غدايي‌وقندپيرانشهر,788,1764785,180877159850,107870,102480,102480,-5390,-5.0,102490,-5380,-4.99,102480,104910,1399-11-19
385,وبشهر,توسعه‌ صنايع‌ بهشهر(هلدينگ,781,4581160,52968302200,11160,11120,11710,550,4.93,11560,400,3.58,11120,11710,1399-11-19
386,رتاپ,تجارت الكترونيك  پارسيان,779,4011421,24616422830,5990,5990,6210,220,3.67,6060,70,1.17,5890,6260,1399-11-19
387,چخزر,صنايع چوب خزر كاسپين,773,1183025,74185131700,66008,62708,62708,-3300,-5.0,62708,-3300,-5.0,62708,62708,1399-11-19
388,دامين,داروسازي‌ امين‌,766,2723284,41305177910,15230,14470,15120,-110,-0.72,15180,-50,-0.33,14470,15650,1399-11-19
389,حريل,ريل پردازسير,765,12978515,61977507512,4571,4520,4799,228,4.99,4775,204,4.46,4520,4799,1399-11-19
390,وسنا,سرمايه گذاري نيروگاهي ايران,762,3693481,63711685761,17717,16832,17076,-641,-3.62,17250,-467,-2.64,16832,18410,1399-11-19
391,كمينا,شيشه سازي مينا,762,2482408,69510379213,26991,26879,28340,1349,5.0,28001,1010,3.74,26011,28340,1399-11-19
392,اتكاي,بيمه اتكايي ايرانيان,757,4758283,67253525487,14822,14081,14081,-741,-5.0,14134,-688,-4.64,14081,14593,1399-11-19
393,فولاژ,فولاد آلياژي ايران,756,2840319,43690876850,14760,14760,15490,730,4.95,15200,440,2.98,14760,15490,1399-11-19
394,تنوين,تامين سرمايه نوين,756,8980778,57289663270,6100,6100,6400,300,4.92,6380,280,4.59,6100,6400,1399-11-19
395,شبهرن,نفت‌ بهران‌,753,1464396,85178124400,55500,55620,58270,2770,4.99,58170,2670,4.81,55620,58270,1399-11-19
396,هجرت,پخش هجرت,750,1178000,31726111742,27385,26018,27090,-295,-1.08,27090,-295,-1.08,26018,28200,1399-11-19
397,خفناور,مهندسي صنعتي روان فن آور,747,1738456,85753183098,48004,48400,49444,1440,3.0,49327,1323,2.76,48400,49444,1399-11-19
398,كگهر,سنگ آهن گهرزمين,744,1009699,48371616779,46352,46320,48005,1653,3.57,46966,614,1.32,44200,48550,1399-11-19
399,اتكام,شركت بيمه اتكايي امين,744,4874039,25926705779,5101,5100,5340,239,4.69,5210,109,2.14,5100,5356,1399-11-19
400,وساخت,سرمايه‌ گذاري‌ ساختمان‌ايران‌,737,1688654,80149332200,45530,47570,47800,2270,4.99,47460,1930,4.24,46100,47800,1399-11-19
401,وبانك,سرمايه گذاري گروه توسعه ملي,734,6383154,51108190000,7640,7660,8020,380,4.97,7850,210,2.75,7660,8020,1399-11-19
402,واتي,سرمايه‌ گذاري‌ آتيه‌ دماوند,728,4971797,56673064290,11190,10650,11460,270,2.41,11400,210,1.88,10650,11640,1399-11-19
403,فسپا,گروه‌صنعتي‌سپاهان‌,725,3289152,130231197470,37720,37730,39600,1880,4.98,39590,1870,4.96,37730,39600,1399-11-19
404,غبشهر,صنعتي‌ بهشهر,723,2045285,42395055550,20590,19650,20750,160,0.78,20710,120,0.58,19650,21410,1399-11-19
405,ضخود2007,اختيارخ خودرو-3000-1400/02/08,716,30331,7722185000,219,250,252,33,15.07,255,36,16.44,248,279,1399-11-19
406,دارو,كارخانجات‌داروپخش‌,713,651422,21982119640,34310,32600,33120,-1190,-3.47,34050,-260,-0.76,32600,35000,1399-11-19
407,وآرين,شركت توسعه اقتصادي آرين,706,5457828,23631837311,4332,4203,4390,58,1.34,4330,-2,-0.05,4203,4439,1399-11-19
408,بسويچ,پارس‌سويچ‌,703,736809,37734489700,49610,47130,52000,2390,4.82,50790,1180,2.38,47130,52090,1399-11-19
409,كفرا,فراورده‌ هاي‌ نسوزايران‌,701,556938,26144902650,47540,45170,46630,-910,-1.91,47220,-320,-0.67,45170,49800,1399-11-19
410,شپديس,پتروشيمي پرديس,688,2828859,260470348390,87720,89010,92100,4380,4.99,92080,4360,4.97,89010,92100,1399-11-19
411,بموتو,موتوژن‌,685,601174,32775802340,52650,50110,55090,2440,4.63,53890,1240,2.36,50110,55250,1399-11-19
412,غمينو,شركت صنايع غذايي مينو شرق,679,3712402,48384967176,12429,13050,13050,621,5.0,13013,584,4.7,12010,13050,1399-11-19
413,نيرو,نيرو سرمايه,676,987366,60920013242,61090,59258,62890,1800,2.95,61700,610,1.0,59258,62922,1399-11-19
414,تيپيكو,سرمايه گذاري دارويي تامين,671,817695,36824705170,44760,45520,45000,240,0.54,44890,130,0.29,43440,46520,1399-11-19
415,فخاس,فولاد خراسان,668,1017764,26428704260,25840,25180,25670,-170,-0.66,25870,30,0.12,25010,27000,1399-11-19
416,وآفري,بيمه كارآفرين,668,4205068,88630304562,21612,20964,21590,-22,-0.1,21077,-535,-2.48,20964,21612,1399-11-19
417,فرآور,فرآوري‌موادمعدني‌ايران‌,665,2231586,67704182600,29750,28500,31230,1480,4.97,30340,590,1.98,28500,31230,1399-11-19
418,ثجوان,تامين مسكن جوانان,664,2822005,36292316519,13018,12660,12628,-390,-3.0,12860,-158,-1.21,12628,13300,1399-11-19
419,وملت,سرمايه گذاري ملت,658,7661543,34346750324,4399,4486,4486,87,1.98,4483,84,1.91,4420,4486,1399-11-19
420,كساپا,سايپاشيشه‌,657,1706514,66092898230,40710,38680,38680,-2030,-4.99,38730,-1980,-4.86,38680,39360,1399-11-19
421,طلا,صندوق س.پشتوانه طلاي لوتوس,652,454145,35376055884,76849,77400,78506,1657,2.16,77896,1047,1.36,77131,78789,1399-11-19
422,وساشرقي,شركت س استان آذربايجان شرقي,652,28354476,26973772880,990,950,960,-30,-3.03,980,-10,-1.01,950,970,1399-11-19
423,قزوين,كارخانجات‌ قند قزوين‌,650,967367,34180859600,36170,36800,35160,-1010,-2.79,35580,-590,-1.63,34820,36800,1399-11-19
424,تكنو,تكنوتار,645,2569939,63760305620,25840,25470,24550,-1290,-4.99,24810,-1030,-3.99,24550,26210,1399-11-19
425,ضخود2006,اختيارخ خودرو-2500-1400/02/08,641,28603,12271883000,365,381,440,75,20.55,429,64,17.53,381,479,1399-11-19
426,شخارك,پتروشيمي‌ خارك‌,641,971751,41604160350,41900,41900,42940,1040,2.48,42280,380,0.91,41900,43500,1399-11-19
427,كرماشا,صنايع پتروشيمي كرمانشاه,639,1251531,44770406880,34420,34420,36100,1680,4.88,35620,1200,3.49,34420,36140,1399-11-19
428,وسرمد,بيمه  سرمد,637,4808957,29720724619,6363,6173,6226,-137,-2.15,6180,-183,-2.88,6173,6289,1399-11-19
429,فاسمين,كالسيمين‌,637,5553117,78382741630,13510,13600,14180,670,4.96,14120,610,4.52,13500,14180,1399-11-19
430,شپاكسا,پاكسان‌,634,2429320,72698944710,28620,27900,30050,1430,5.0,29930,1310,4.58,27900,30050,1399-11-19
431,سرچشمه,سرمايه گذاري مس سرچشمه,627,5188817,35121566694,6483,6210,6807,324,5.0,6680,197,3.04,6210,6807,1399-11-19
432,جم پيلن,پلي پروپيلن جم - جم پيلن,627,1371653,93799900710,65520,65400,68790,3270,4.99,68380,2860,4.37,65390,68790,1399-11-19
433,شوينده,مديريت صنعت شوينده ت.ص.بهشهر,624,1100938,36212156180,31840,32000,33430,1590,4.99,32610,770,2.42,30530,33430,1399-11-19
434,دسبحان,سبحان دارو,623,1917208,40758042280,20840,20840,21880,1040,4.99,21180,340,1.63,20300,21880,1399-11-19
435,وسپه,سرمايه‌گذاري‌ سپه‌,620,5663321,39338385260,6620,6650,6950,330,4.98,6870,250,3.78,6650,6950,1399-11-19
436,كنور,توسعه معدني و صنعتي صبانور,620,2365011,105692270990,42670,42700,44800,2130,4.99,44690,2020,4.73,42700,44800,1399-11-19
437,پارتا,مجتمع‌صنعتي‌آرتاويل‌تاير,619,926698,58314490364,61585,59738,62330,745,1.21,62927,1342,2.18,59738,63432,1399-11-19
438,فلات,گروه صنايع معادن فلات ايرانيان,618,4119180,54784303570,13924,13228,13228,-696,-5.0,13300,-624,-4.48,13228,14000,1399-11-19
439,قهكمت,قندهكمتان‌,615,834747,36285315140,45010,43000,42920,-2090,-4.64,43840,-1170,-2.6,42760,46000,1399-11-19
440,غشهد,شهد ايران ‌,603,3077091,19908607130,6340,6030,6440,100,1.58,6390,50,0.79,6030,6590,1399-11-19
441,تايرا,تراكتورسازي‌ايران‌,600,2405960,66200173700,27330,27000,27600,270,0.99,27520,190,0.7,26010,28670,1399-11-19
442,پارسان,گسترش نفت و گاز پارسيان,600,5871996,104963097570,17030,17230,17880,850,4.99,17760,730,4.29,17230,17880,1399-11-19
443,بزاگرس,نيروگاه زاگرس كوثر,596,7058482,49002081981,6619,6800,6949,330,4.99,6925,306,4.62,6800,6949,1399-11-19
444,وليز,ليزينگ‌ايران‌,594,7146736,50205911820,6720,6580,7050,330,4.91,7030,310,4.61,6580,7050,1399-11-19
445,اوان,مبين وان كيش,590,1885387,96385265345,48948,47500,51395,2447,5.0,51122,2174,4.44,47500,51395,1399-11-19
446,وصندوق,سرمايه‌گذاري‌صندوق‌بازنشستگي‌,586,5214238,70544412340,12950,13080,13500,550,4.25,13290,340,2.63,13080,13590,1399-11-19
447,شرانل,نفت ايرانول,581,3108688,116984581977,35847,35450,37639,1792,5.0,37631,1784,4.98,35450,37639,1399-11-19
448,وبوعلي,سرمايه‌گذاري‌بوعلي‌,576,5573415,31538153170,5410,5410,5680,270,4.99,5570,160,2.96,5410,5680,1399-11-19
449,شسپا,نفت سپاهان,576,3535703,81265408010,21940,21940,23030,1090,4.97,22980,1040,4.74,21940,23030,1399-11-19
450,وپخش,داروپخش‌ (هلدينگ‌,570,395904,46502698910,121230,115170,115170,-6060,-5.0,117520,-3710,-3.06,115170,122060,1399-11-19
451,حسينا,توسعه خدمات دريايي وبندري سينا,568,1147221,82361893992,69283,66501,72747,3464,5.0,71793,2510,3.62,66501,72747,1399-11-19
452,داروح,ح . كارخانجات‌داروپخش,565,1115406,29564834070,26200,23920,25950,-250,-0.95,26510,310,1.18,23920,28190,1399-11-19
453,خديزل,بهمن  ديزل,563,728688,32360301199,43027,42001,44996,1969,4.58,43925,898,2.09,42001,45000,1399-11-19
454,بخاور,بيمه زندگي خاورميانه,553,4012497,27892222675,6815,6790,6910,95,1.39,6891,76,1.12,6790,7089,1399-11-19
455,وسكاب,س.ص.بازنشستگي كاركنان بانكها,553,10559284,66531398780,6020,6100,6320,300,4.98,6300,280,4.65,6100,6320,1399-11-19
456,واعتبار,سرمايه گذاري اعتبار ايران,552,4089861,35808830960,8370,8310,8780,410,4.9,8640,270,3.23,8310,8780,1399-11-19
457,شپارس,بين‌ المللي‌ محصولات‌  پارس‌,551,1161671,19454494480,16310,16640,16510,200,1.23,16480,170,1.04,16010,17090,1399-11-19
458,وثخوز,سرمايه گذاري و توسعه خوزستان,547,708887,55699522637,75356,75357,79123,3767,5.0,78573,3217,4.27,75357,79123,1399-11-19
459,پكرمان,گروه‌ صنعتي‌ بارز,540,1990206,52003194670,25030,25500,26280,1250,4.99,26130,1100,4.39,25080,26280,1399-11-19
460,لوتوس,تامين سرمايه لوتوس پارسيان,539,1796934,18354426650,9920,9620,10330,410,4.13,10030,110,1.11,9620,10400,1399-11-19
461,تسه9907,امتياز تسهيلات مسكن مهر99,535,14778,9462322254,627473,658846,600005,-27468,-4.38,640298,12825,2.04,597000,658846,1399-11-19
462,قمرو,قند مرودشت‌,534,775441,25017659400,30810,32200,32350,1540,5.0,31470,660,2.14,31000,32350,1399-11-19
463,شفا,سرمايه گذاري شفادارو,534,656326,29589469180,44120,42320,45600,1480,3.35,44680,560,1.27,41960,46080,1399-11-19
464,زاگرس,پتروشيمي زاگرس,534,863518,159316647292,175741,184500,184528,8787,5.0,184497,8756,4.98,180000,184528,1399-11-19
465,وتعاون,بيمه  تعاون,532,2444271,16370800802,6711,6510,6570,-141,-2.1,6700,-11,-0.16,6510,6912,1399-11-19
466,فن آوا,گروه فن آوا,530,2231837,41484146086,18229,18767,18775,546,3.0,18587,358,1.96,17701,18775,1399-11-19
467,فسازان,غلتك سازان سپاهان,529,1308082,46103233630,33730,34000,35410,1680,4.98,35130,1400,4.15,32500,35410,1399-11-19
468,ونفت,سرمايه‌گذاري‌ صنعت‌ نفت‌,522,2210827,35335417720,15390,15390,16150,760,4.94,15810,420,2.73,15390,16150,1399-11-19
469,ساربيل,سيمان آرتا اردبيل,519,1336873,63611689110,45390,47600,47650,2260,4.98,47580,2190,4.82,45600,47650,1399-11-19
470,زر,صندوق س.پشتوانه سكه طلاي زر,517,1570900,74090275991,46495,47050,47300,805,1.73,47164,669,1.44,47000,47340,1399-11-19
471,رتكو,كنترل‌خوردگي‌تكين‌كو,516,3145157,68389218210,22820,22370,21680,-1140,-5.0,21740,-1080,-4.73,21680,22800,1399-11-19
472,دسبحا,گروه دارويي سبحان,513,1450476,27789021460,18890,18890,18960,70,0.37,19040,150,0.79,17960,19820,1399-11-19
473,والبر,سرمايه‌ گذاري‌ البرز(هلدينگ‌,508,2140784,35426208330,15860,15300,16650,790,4.98,16350,490,3.09,15300,16650,1399-11-19
474,ثرود,سرمايه‌گذاري مسكن زاينده رود,504,3629549,56932715554,14947,15694,15694,747,5.0,15686,739,4.94,15540,15694,1399-11-19
475,آ س پ,آ.س.پ,500,4247724,66316818326,14893,15470,15637,744,5.0,15612,719,4.83,15200,15637,1399-11-19
476,امين يكم2,صندوق درآمد ثابت امين يكم فردا,500,50000000,50000000,10183,1,1,-10182,-99.99,1,-10182,-99.99,1,1,1399-11-19
477,ثقزوي,شركت عمران و سازندگي قزوين,499,1324535,41638082260,32408,31436,31436,-972,-3.0,31436,-972,-3.0,31436,31436,1399-11-19
478,سبجنو,سيمان‌ بجنورد,496,671892,35498046210,50550,51420,53070,2520,4.99,52090,1540,3.05,51420,53070,1399-11-19
479,سهگمت,سيمان‌هگمتان‌,493,1145851,26989274960,23400,22460,23520,120,0.51,23480,80,0.34,22460,24300,1399-11-19
480,شراز,پالايش نفت شيراز,491,617708,60079557045,95899,93176,96500,601,0.63,97262,1363,1.42,93176,99900,1399-11-19
481,آكورد,صندوق س. آرمان آتي كوثر-د,491,15178449,464945350612,30619,30634,30628,9,0.03,30632,13,0.04,30625,30638,1399-11-19
482,دسينا,داروسازي‌ سينا,488,840284,22225836840,26890,25600,26530,-360,-1.34,26690,-200,-0.74,25600,26970,1399-11-19
483,دلرح,ح . داروسازي‌ اكسير,487,843037,23076194940,26900,27300,27150,250,0.93,27370,470,1.75,26670,28900,1399-11-19
484,كهمدا,شيشه‌ همدان‌,484,2902578,29218156360,9600,9950,10080,480,5.0,9870,270,2.81,9560,10080,1399-11-19
485,سجام,مجتمع سيمان غرب آسيا,482,3279715,18286190319,5697,5527,5527,-170,-2.98,5582,-115,-2.02,5527,5800,1399-11-19
486,شبصير,توليدات پتروشيمي قائد بصير,480,266288,24679165026,89488,89488,93000,3512,3.92,91084,1596,1.78,89488,93960,1399-11-19
487,ثمسكن,سرمايه‌گذاري‌ مسكن‌,476,7176913,34872070950,4630,4630,4860,230,4.97,4790,160,3.46,4630,4860,1399-11-19
488,سخوز,سيمان خوزستان,476,1538528,35828755620,22720,21700,23310,590,2.6,23130,410,1.8,21700,23670,1399-11-19
489,دلر,داروسازي‌ اكسير,469,771162,27381613090,35090,33700,34990,-100,-0.28,35320,230,0.66,33400,36840,1399-11-19
490,غپينو,پارس‌ مينو,468,8787170,61773805100,6700,7030,7030,330,4.93,7030,330,4.93,7030,7030,1399-11-19
491,ولبهمن,شركت بهمن ليزينگ,459,4973875,40652316595,7807,7815,8197,390,5.0,8087,280,3.59,7815,8197,1399-11-19
492,دتماد,توليدمواداوليه‌داروپخش‌,450,419212,20631181110,48640,46400,49040,400,0.82,48880,240,0.49,46400,50800,1399-11-19
493,سبهان,سيمان‌ بهبهان‌,445,503342,75461032640,142790,149920,149920,7130,4.99,149920,7130,4.99,149920,149920,1399-11-19
494,شساخت,مهندسي و ساختمان صنايع نفت,444,1091301,44973475063,41902,40645,41500,-402,-0.96,41211,-691,-1.65,40645,42890,1399-11-19
495,شاملا,معدني‌ املاح‌  ايران‌,440,380567,20226145870,53650,52540,54140,490,0.91,53440,-210,-0.39,51760,55000,1399-11-19
496,لكما,كارخانجات‌مخابراتي‌ايران‌,440,4583593,32465589219,7302,7083,7083,-219,-3.0,7083,-219,-3.0,7083,7083,1399-11-19
497,آينده,بازرگاني آينده سازان بهشت پارس,439,1743129,42832196588,25331,24572,24572,-759,-3.0,24572,-759,-3.0,24572,24580,1399-11-19
498,خكمك,كمك‌فنرايندامين‌,437,1617529,48121487750,28340,29750,29750,1410,4.98,29570,1230,4.34,29750,29750,1399-11-19
499,غشصفا,شيرپاستوريزه‌پگاه‌اصفهان‌,434,732337,20425718980,28160,27970,27750,-410,-1.46,28050,-110,-0.39,27060,28500,1399-11-19
500,دپارس,پارس‌ دارو,431,254976,21953690860,85690,81440,86600,910,1.06,85870,180,0.21,81440,89000,1399-11-19
501,درازك,دارويي‌ رازك‌,431,727883,26599256610,36410,34800,37000,590,1.62,36480,70,0.19,34600,38050,1399-11-19
502,سپ,پرداخت الكترونيك سامان كيش,428,729495,11424820830,15440,15000,15580,140,0.91,15490,50,0.32,14900,16130,1399-11-19
503,عيار,صندوق س. پشتوانه طلاي مفيد,427,471729,12947630688,27118,27350,27541,423,1.56,27447,329,1.21,27151,27700,1399-11-19
504,كخاك,صنايع‌خاك‌چيني‌ايران‌,426,573883,25135582020,44860,43980,43500,-1360,-3.03,44300,-560,-1.25,42620,46000,1399-11-19
505,تماوند,تامين سرمايه دماوند,425,1381118,24319465613,17320,16660,17450,130,0.75,17609,289,1.67,16660,18157,1399-11-19
506,سيلام,سيمان‌ ايلام‌,420,3791030,40450290100,10170,10670,10670,500,4.92,10540,370,3.64,10670,10670,1399-11-19
507,مارون,پتروشيمي مارون,420,146129,22656449973,151236,152000,151000,-236,-0.16,152080,844,0.56,150000,158797,1399-11-19
508,پخش,پخش البرز,419,1400858,47091191546,32083,32083,33687,1604,5.0,33518,1435,4.47,32083,33687,1399-11-19
509,پارسيان,بيمه پارسيان,419,2057938,22469167610,10710,10180,10800,90,0.84,10800,90,0.84,10180,11240,1399-11-19
510,شغدير,پتروشيمي غدير,414,1359245,75776856910,53195,53200,55854,2659,5.0,55749,2554,4.8,53200,55854,1399-11-19
511,بمپنا,توليد برق عسلويه  مپنا,413,239862,17750074866,75339,71573,73500,-1839,-2.44,74853,-486,-0.65,71573,77000,1399-11-19
512,گدنا,تهيه توزيع غذاي دنا آفرين فدك,410,1167002,34693802458,31293,29729,29729,-1564,-5.0,30149,-1144,-3.66,29729,29729,1399-11-19
513,وزمين,بانك ايران زمين,406,5164250,71724973289,13846,13570,13970,124,0.9,13889,43,0.31,13570,14092,1399-11-19
514,هرمز,فولاد هرمزگان جنوب,405,4811159,58845517561,11651,12233,12233,582,5.0,11936,285,2.45,11820,12233,1399-11-19
515,ارفع,شركت آهن و فولاد ارفع,403,4610007,51585908330,10658,11190,11190,532,4.99,11169,511,4.79,11180,11190,1399-11-19
516,افق ملت,صندوق س در سهام افق ملت,402,312908,39535863770,115060,120500,126560,11500,9.99,126350,11290,9.81,120500,126560,1399-11-19
517,شيراز,پتروشيمي‌شيراز,400,1230495,67528280800,52320,52320,54600,2280,4.36,54050,1730,3.31,52320,54930,1399-11-19
518,شگل,گلتاش‌,380,3065852,77563243260,24100,25300,25300,1200,4.98,25300,1200,4.98,24970,25300,1399-11-19
519,دابور,داروسازي‌ ابوريحان‌,379,450675,17250767360,37650,36300,38210,560,1.49,37870,220,0.58,36300,39500,1399-11-19
520,شنفت,نفت‌ پارس‌,376,756015,39919604980,50450,50450,52970,2520,5.0,52230,1780,3.53,50450,52970,1399-11-19
521,غپونه,نوش پونه مشهد,374,1051307,20817219346,19253,19600,19830,577,3.0,19801,548,2.85,19300,19830,1399-11-19
522,قشهد,شهد,370,371239,12285969760,33140,31490,33500,360,1.09,33130,-10,-0.03,31490,34180,1399-11-19
523,ضخود2005,اختيارخ خودرو-2000-1400/02/08,365,12122,8628525000,558,580,755,197,35.3,712,154,27.6,580,760,1399-11-19
524,قنقش,قند نقش جهان,361,526506,40840775396,76062,77583,77583,1521,2.0,77569,1507,1.98,76501,77583,1399-11-19
525,وتوسم,سرمايه‌گذاري‌توسعه‌ملي‌,360,3283432,37521437280,10920,10620,11460,540,4.95,11300,380,3.48,10620,11460,1399-11-19
526,تسه9904,امتياز تسهيلات مسكن تير99,357,11278,7072860157,619837,650828,650000,30163,4.87,627138,7301,1.18,588846,650828,1399-11-19
527,غفارس,شير پاستوريزه پگاه فارس,356,3492686,43365189376,11825,12416,12416,591,5.0,12300,475,4.02,12416,12416,1399-11-19
528,دالبر,البرزدارو,353,889609,19016408620,20930,20930,21170,240,1.15,21100,170,0.81,20930,21750,1399-11-19
529,بساما,بيمه سامان,352,1371312,29952637869,20911,19875,21956,1045,5.0,21467,556,2.66,19875,21956,1399-11-19
530,كاسپين,داروسازي كاسپين تامين,351,471782,11467080157,25085,23831,24320,-765,-3.05,24900,-185,-0.74,23831,24880,1399-11-19
531,بپاس,بيمه پاسارگاد,350,209045,18447594115,92891,88247,88247,-4644,-5.0,91986,-905,-0.97,88247,88247,1399-11-19
532,خراسان,پتروشيمي خراسان,349,490759,33542058390,66680,65500,67740,1060,1.59,67780,1100,1.65,65500,70000,1399-11-19
533,شپاس,نفت پاسارگاد,348,765788,17271089060,21886,21265,22370,484,2.21,22115,229,1.05,21265,22970,1399-11-19
534,غالبر,لبنيات‌ كالبر,343,1607786,26962571220,15980,16770,16770,790,4.94,16370,390,2.44,16770,16770,1399-11-19
535,هجرتح,ح . پخش هجرت,343,943687,19283531370,20620,21650,20600,-20,-0.1,20434,-186,-0.9,19900,21650,1399-11-19
536,قاسم,قاسم ايران,336,3421585,48268299595,13436,14107,14107,671,4.99,14027,591,4.4,14107,14107,1399-11-19
537,ياقوت,صندوق س ياقوت آگاه-ثابت,325,5306427,62891031847,11837,11843,11862,25,0.21,11852,15,0.13,11842,11862,1399-11-19
538,وهنر,گروه توسعه هنر ايران,323,3542076,32672109024,8956,9224,9224,268,2.99,9224,268,2.99,9224,9224,1399-11-19
539,غدشت,دشت‌ مرغاب‌,312,229909,71591363510,296570,311390,311390,14820,5.0,311390,14820,5.0,311390,311390,1399-11-19
540,تصميم,صندوق س با درآمد ثابت تصميم,308,7746611,120700707354,15576,15591,15585,9,0.06,15581,5,0.03,15527,15591,1399-11-19
541,كفپارس,فرآورده‌هاي‌ نسوز پارس‌,306,4043682,18034821720,4250,4460,4460,210,4.94,4320,70,1.65,4460,4460,1399-11-19
542,پلاست,كارخانجات توليدي پلاستيران,304,222937,17005819301,77590,79890,75263,-2327,-3.0,76491,-1099,-1.42,75263,79890,1399-11-19
543,ساينا,صنايع بهداشتي ساينا,301,52440,8562550881,166943,161070,162500,-4443,-2.66,166299,-644,-0.39,160020,166900,1399-11-19
544,شصفها,پتروشيمي‌ اصفهان‌,297,114766,13683479348,119513,117124,118400,-1113,-0.93,119242,-271,-0.23,117124,121900,1399-11-19
545,سكه0012پ01,سكه تمام بهارتحويلي 1روزه رفاه,289,78100,85115464100,1080318,1088000,1096968,16650,1.54,1089827,9509,0.88,1083555,1096968,1399-11-19
546,ساروم,سيمان‌اروميه‌,288,622491,23088191190,35330,37090,37090,1760,4.98,36070,740,2.09,37090,37090,1399-11-19
547,بذر,صندوق س بذر اميد آفرين-سهام,288,215442,21493906780,92770,95000,102000,9230,9.95,99770,7000,7.55,95000,102040,1399-11-19
548,پاسا,ايران‌ياساتايرورابر,286,1356294,33378395340,23440,24610,24610,1170,4.99,24190,750,3.2,24610,24610,1399-11-19
549,اوصتا2,صندوق انديشه ورزان صباتامين -د,281,28100000,28100000,17836,1,1,-17835,-99.99,1,-17835,-99.99,1,1,1399-11-19
550,فردا,صندوق س آواي فرداي زاگرس-ثابت,280,5366659,54414858747,10122,10139,10142,20,0.2,10139,17,0.17,10139,10143,1399-11-19
551,شاوان,پالايش نفت لاوان,279,705012,56997582146,77084,74250,80938,3854,5.0,80846,3762,4.88,74250,80938,1399-11-19
552,حپترو,حمل و نقل پتروشيمي( سهامي عام,273,497428,23901415400,45770,48050,48050,2280,4.98,46760,990,2.16,48050,48050,1399-11-19
553,سصوفي,سيمان‌ صوفيان‌,271,2873107,42636907880,14140,14840,14840,700,4.95,14730,590,4.17,14840,14840,1399-11-19
554,دارا,صندوق س. دارا الگوريتم-د,271,8542516,85970206030,10059,10093,10069,10,0.1,10064,5,0.05,10045,10118,1399-11-19
555,دفرا,فرآورده‌هاي‌ تزريقي‌ ايران‌,270,314729,8479182070,27470,26200,26650,-820,-2.99,27380,-90,-0.33,26200,27510,1399-11-19
556,تسه9801,امتياز تسهيلات مسكن فروردين98,269,4197,2640263007,618995,630012,629394,10399,1.68,629083,10088,1.63,591020,649944,1399-11-19
557,شپلي,پلي اكريل ايران,264,1363815,16538984505,12374,12127,12127,-247,-2.0,12138,-236,-1.91,12127,12127,1399-11-19
558,تسه9902,امتياز تسهيلات مسكن ارديبهشت99,263,3710,2308677913,616517,647342,621858,5341,0.87,622285,5768,0.94,588011,647342,1399-11-19
559,تسه9906,امتياز تسهيلات مسكن شهريور99,253,3189,1990705258,615358,646125,600010,-15348,-2.49,624241,8883,1.44,588100,646125,1399-11-19
560,دشيري,شيرين دارو,252,84455,22224242902,255552,263218,263218,7666,3.0,263149,7597,2.97,258000,263218,1399-11-19
561,سپاس,صندوق س. پاداش سهامداري توسعه1,251,7628361,76422571275,10011,10020,10011,0,0.0,10018,7,0.07,10011,10021,1399-11-19
562,الماس,صندوق س.امين تدبيرگران فردا-س,250,149393,16900110847,109241,109660,114400,5159,4.72,113125,3884,3.56,109660,117000,1399-11-19
563,دقاضي,داروسازي شهيد قاضي,249,682480,32976179807,47459,48882,47900,441,0.93,48318,859,1.81,47550,48882,1399-11-19
564,تسه9712,امتياز تسهيلات مسكن اسفند97,240,4635,2870466890,609596,640070,613950,4354,0.71,619302,9706,1.59,585000,640075,1399-11-19
565,ضسپا1103,اختيارخ خساپا-2500-1399/11/26,240,15008,276269000,6,9,23,17,283.33,18,12,200.0,9,25,1399-11-19
566,ختراك,ريخته‌گري‌ تراكتورسازي‌ ايران‌,236,1617718,23440733820,13800,14490,14490,690,5.0,14100,300,2.17,14490,14490,1399-11-19
567,تسه9810,امتياز تسهيلات مسكن دي98,236,4372,2688017656,606951,637298,620000,13049,2.15,614826,7875,1.3,576604,637298,1399-11-19
568,ارمغان,ص سرمايه گذاري ارمغان ايرانيان,234,4965682,49794059446,10027,10026,10026,-1,-0.01,10028,1,0.01,10019,10036,1399-11-19
569,زكشت,كشاورزي مكانيزه اصفهان كشت,234,1022839,33860852301,31544,33121,33121,1577,5.0,32551,1007,3.19,32500,33121,1399-11-19
570,ثنظام,س. ساختماني نظام مهندسي ايران,232,399070,20211698290,48236,50647,50647,2411,5.0,50577,2341,4.85,50647,50647,1399-11-19
571,لازما,كارخانه هاي صنعتي آزمايش,231,610007,22060903155,35112,36165,36165,1053,3.0,36165,1053,3.0,36165,36165,1399-11-19
572,كتوكا,توليدي و خدمات صنايع نسوز توكا,229,727605,27454719465,35937,37733,37733,1796,5.0,36844,907,2.52,37733,37733,1399-11-19
573,ثالوند,سرمايه گذاري مسكن الوند,222,1893404,59983038720,30172,31680,31680,1508,5.0,31680,1508,5.0,31680,31680,1399-11-19
574,تسه9802,امتياز تسهيلات مسكن ارديبهشت98,218,3289,2098882898,625967,657264,620010,-5957,-0.95,638152,12185,1.95,610010,657265,1399-11-19
575,حتوكا,حمل‌ونقل‌توكا,216,403585,12688712400,33090,31440,31440,-1650,-4.99,32650,-440,-1.33,31440,31440,1399-11-19
576,ورازي,بيمه رازي,216,1775752,14237022502,7647,8000,8029,382,5.0,7911,264,3.45,7418,8029,1399-11-19
577,شفارس,صنايع‌ شيميايي‌ فارس‌,212,1045103,49088487910,44740,46970,46970,2230,4.98,46900,2160,4.83,46970,46970,1399-11-19
578,حخزر,كشتيراني درياي خزر,212,305131,7118640946,23278,22870,23400,122,0.52,23285,7,0.03,22870,24070,1399-11-19
579,فسديد,لوله‌وتجهيزات‌ سديد - ورشكسته,208,156588,18795160233,118984,120170,120173,1189,1.0,120029,1045,0.88,117795,120173,1399-11-19
580,تسه9803,امتياز تسهيلات مسكن خرداد98,203,3152,1998723779,620422,651443,627000,6578,1.06,634113,13691,2.21,600350,651443,1399-11-19
581,افران,صندوق س افرا نماد پايدار-ثابت,200,6735372,85021553798,12611,12632,12625,14,0.11,12623,12,0.1,12614,12632,1399-11-19
582,وسديد,گروه ‌صنعتي‌سديد,199,1257880,28977781560,23507,23037,23037,-470,-2.0,23136,-371,-1.58,23037,23037,1399-11-19
583,تسه9905,امتياز تسهيلات مسكن مرداد99,198,2203,1371350222,608332,638748,613000,4668,0.77,622492,14160,2.33,578100,638748,1399-11-19
584,سپر,صندوق س سپر سرمايه بيدار- ثابت,196,2733481,31102875476,11396,11396,11397,1,0.01,11378,-18,-0.16,11311,11410,1399-11-19
585,شتولي,تولي‌پرس‌,194,240268,9230856292,37666,38419,38419,753,2.0,38335,669,1.78,38419,38419,1399-11-19
586,كدما,معدني‌ دماوند,186,40740,9591010800,247810,235420,235420,-12390,-5.0,245300,-2510,-1.01,235420,235420,1399-11-19
587,گكيش,توريستي ورفاهي آبادگران كيش,180,169650,15164334900,94090,89386,89386,-4704,-5.0,90333,-3757,-3.99,89386,89386,1399-11-19
588,داسوه,داروسازي‌ اسوه‌,177,613990,25677061800,44020,41820,41820,-2200,-5.0,42800,-1220,-2.77,41820,41820,1399-11-19
589,وتوكا,سرمايه‌گذاري‌توكافولاد(هلدينگ,177,2503389,26485855620,10080,10580,10580,500,4.96,10330,250,2.48,10580,10580,1399-11-19
590,فجام,جام‌دارو,176,816553,8598303090,11080,10530,10530,-550,-4.96,10980,-100,-0.9,10530,10530,1399-11-19
591,كيميا,معدني كيمياي زنجان گستران,170,398124,5990173704,14330,15046,15046,716,5.0,14410,80,0.56,15046,15046,1399-11-19
592,وسين,بيمه سينا,166,1152269,21586607446,17842,18734,18734,892,5.0,18734,892,5.0,18734,18734,1399-11-19
593,صايند,صندوق س. گنجينه آينده روشن-د,157,2120550,21131040330,9949,9945,9975,26,0.26,9965,16,0.16,9945,9979,1399-11-19
594,كفرآور,فرآورده هاي سيمان شرق,155,1270402,30729563608,23488,23488,24192,704,3.0,24189,701,2.98,23488,24192,1399-11-19
595,كپشير,پشم‌شيشه‌ايران‌,154,638856,21395287440,31900,33490,33490,1590,4.98,32540,640,2.01,33490,33490,1399-11-19
596,تسه9903,امتياز تسهيلات مسكن خرداد99,154,1236,774552990,615917,630001,600000,-15917,-2.58,626661,10744,1.74,585122,646712,1399-11-19
597,فيروزا,صندوق بادرآمد ثابت فيروزه آسيا,151,1203238,26799483742,22298,22271,22273,-25,-0.11,22273,-25,-0.11,22130,22300,1399-11-19
598,ضسپا1100,اختيارخ خساپا-1600-1399/11/26,150,8230,4978379000,439,550,620,181,41.23,605,166,37.81,550,620,1399-11-19
599,مفاخر,توسعه فناوري اطلاعات خوارزمي,146,526976,28459865856,51435,54006,54006,2571,5.0,52844,1409,2.74,54006,54006,1399-11-19
600,زعف0008پ10,زعفران0008نگين طلاي سرخ(پ),146,204708,25791551433,125950,125500,126450,500,0.4,125992,42,0.03,125500,126640,1399-11-19
601,آسام,صندوق س.آرمان سپهر آشنا-م,139,103570,10628415410,100447,101000,103000,2553,2.54,102621,2174,2.16,100500,104000,1399-11-19
602,سكه9912پ04,سكه تمام بهارتحويل1روزه صادرات,138,106500,116066313500,1078532,1082100,1097500,18968,1.76,1089824,11292,1.05,1082000,1097999,1399-11-19
603,ضغدر1119,اختيارخ وغدير-10000-1399/11/26,137,4861,4876942000,222,890,1200,978,440.54,1003,781,351.8,890,1200,1399-11-19
604,سباقر,سيمان باقران,134,1573652,26632486448,16432,16924,16924,492,2.99,16924,492,2.99,16924,16924,1399-11-19
605,كيان2,صندوق س. با درآمد ثابت كيان,134,13400000,13400000,27071,1,1,-27070,-100.0,1,-27070,-100.0,1,1,1399-11-19
606,ضشنا2002,اختيارخ شپنا-12000-1400/02/27,132,4778,5990016000,909,1150,1400,491,54.02,1254,345,37.95,1150,1600,1399-11-19
607,گوهر,صندوق سكه طلاي كيان,124,593469,32043524202,53355,54437,54200,845,1.58,53994,639,1.2,53613,54437,1399-11-19
608,ضسپا1101,اختيارخ خساپا-1800-1399/11/26,124,6598,2691605000,261,399,420,159,60.92,408,147,56.32,380,420,1399-11-19
609,دقاضيح,ح . داروسازي شهيد قاضي,120,77474,2808563231,36362,35530,36890,528,1.45,36252,-110,-0.3,35530,37350,1399-11-19
610,كهرام,توليدي گرانيت بهسرام,119,196408,18405197272,90980,93709,93709,2729,3.0,93347,2367,2.6,93709,93709,1399-11-19
611,تسه9901,امتياز تسهيلات مسكن فروردين99,119,883,561443006,610517,641042,601000,-9517,-1.56,635836,25319,4.15,600000,641042,1399-11-19
612,خپويش,سازه‌ پويش‌,116,238389,12422450790,49630,52110,52110,2480,5.0,50210,580,1.17,52110,52110,1399-11-19
613,فسا,پتروشيمي فسا,114,1547382,2833256442,1887,1831,1831,-56,-2.97,1879,-8,-0.42,1831,1831,1399-11-19
614,آساميد,صندوق س.مشترك آسمان اميد -د,114,3826795,44073333747,11504,11507,11520,16,0.14,11517,13,0.11,11507,11527,1399-11-19
615,سايرا,ايرانيت‌,110,207872,10225223680,48226,49190,49190,964,2.0,49178,952,1.97,49190,49190,1399-11-19
616,تسه9812,امتياز تسهيلات مسكن اسفند98,109,999,635797078,609530,640006,640006,30476,5.0,636433,26903,4.41,600000,640006,1399-11-19
617,ثروتم,صندوق س. ثروت آفرين پارسيان-س,107,206390,15954601500,75614,75800,78370,2756,3.64,77303,1689,2.23,75550,78400,1399-11-19
618,ثاژن,سخت آژند,104,1209762,12565797894,9988,10387,10387,399,3.99,10387,399,3.99,10387,10387,1399-11-19
619,آكورد2,صندوق س. آرمان آتي كوثر-د,100,10000000,10000000,30619,1,1,-30618,-100.0,1,-30618,-100.0,1,1,1399-11-19
620,فيروزه2,صندوق شاخص30 شركت فيروزه- سهام,100,1000000,1000000,132780,1,1,-132779,-100.0,1,-132779,-100.0,1,1,1399-11-19
621,معيار,سرمايه گذاري معيار صنعت پارس,94,265802,11636545758,42504,43779,43779,1275,3.0,43214,710,1.67,43779,43779,1399-11-19
622,ضخود2008,اختيارخ خودرو-3500-1400/02/08,92,4068,560574000,117,190,140,23,19.66,138,21,17.95,133,190,1399-11-19
623,آبين,كشت و صنعت آبشيرين,90,2540623,11059331919,4441,4353,4353,-88,-1.98,4353,-88,-1.98,4353,4353,1399-11-19
624,تسه9811,امتياز تسهيلات مسكن بهمن98,89,521,328043247,602628,632759,617600,14972,2.48,629642,27014,4.48,600000,632759,1399-11-19
625,سكه0011پ02,سكه تمام بهارتحويلي 1روزه ملت,89,18100,19720409800,1079379,1085001,1098000,18621,1.73,1089525,10146,0.94,1081400,1099000,1399-11-19
626,دروز,داروسازي‌ روزدارو,87,821856,22412013120,25980,27270,27270,1290,4.97,26520,540,2.08,27270,27270,1399-11-19
627,اخزا901,اسنادخزانه-م1بودجه99-010621,86,54551,40700022047,747565,746000,746000,-1565,-0.21,746091,-1474,-0.2,745500,747565,1399-11-19
628,جهرم,پتروشيمي جهرم,83,822639,1647745917,2064,2003,2003,-61,-2.96,2059,-5,-0.24,2003,2003,1399-11-19
629,وايرا,سرمايه گذاري صنايع ايران,82,1290095,14974132665,11965,11607,11607,-358,-2.99,11686,-279,-2.33,11607,11607,1399-11-19
630,تسه9809,امتياز تسهيلات مسكن آذر98,80,900,558269483,600767,630805,615000,14233,2.37,620299,19532,3.25,572060,630805,1399-11-19
631,اخزا815,اسنادخزانه-م15بودجه98-010406,79,173793,135934002378,780715,779303,783000,2285,0.29,782160,1445,0.19,779300,783001,1399-11-19
632,وبيمهح,ح . سرمايه‌ گذاري‌ صنعت‌ بيمه‌,78,1809479,2895166400,1200,1600,1600,400,33.33,1600,400,33.33,1600,1600,1399-11-19
633,شكف,كف,77,101450,8673366300,83818,85494,85494,1676,2.0,85217,1399,1.67,85494,85494,1399-11-19
634,اخزا903,اسنادخزانه-م3بودجه99-011110,76,203799,142574181398,700958,696211,701000,42,0.01,699582,-1376,-0.2,696211,701000,1399-11-19
635,اخزا902,اسنادخزانه-م2بودجه99-011019,75,247598,174702722879,706295,703873,704500,-1795,-0.25,705590,-705,-0.1,703873,707596,1399-11-19
636,نمرينو,ايران‌ مرينوس‌,67,101138,5850833300,55100,57850,57850,2750,4.99,55410,310,0.56,57850,57850,1399-11-19
637,تسه9808,امتياز تسهيلات مسكن آبان98,67,532,333462388,596961,626809,626809,29848,5.0,626809,29848,5.0,626809,626809,1399-11-19
638,ضشنا2001,اختيارخ شپنا-10000-1400/02/27,66,1182,2809259000,1643,2550,2370,727,44.25,2377,734,44.67,2065,2700,1399-11-19
639,صنوين,صندوق سرمايه‌گذاري صنوين-مختلط,65,34760,3448462060,98300,99000,100000,1700,1.73,99210,910,0.93,99000,100000,1399-11-19
640,گپارس,امور رفاهي كارگزاران پارس,64,36856,7799171872,205449,211612,211612,6163,3.0,207727,2278,1.11,211612,211612,1399-11-19
641,ضسپا1104,اختيارخ خساپا-3000-1399/11/26,64,3636,3637000,1,1,1,0,0.0,1,0,0.0,1,2,1399-11-19
642,تسه9807,امتياز تسهيلات مسكن مهر98,64,675,431071171,626547,657874,657874,31327,5.0,638624,12077,1.93,595220,657874,1399-11-19
643,داراب,پتروشيمي داراب,61,736901,1739823261,2485,2361,2361,-124,-4.99,2474,-11,-0.44,2361,2361,1399-11-19
644,سفاسي,شركت فارسيت اهواز,58,64384,929704960,14886,14440,14440,-446,-3.0,14865,-21,-0.14,14440,14440,1399-11-19
645,زنجان,صنايع كشاورزي وكود زنجان,56,131627,1255721580,9835,9540,9540,-295,-3.0,9816,-19,-0.19,9540,9540,1399-11-19
646,ضخود2009,اختيارخ خودرو-4000-1400/02/08,55,1841,178429000,84,101,95,11,13.1,97,13,15.48,90,101,1399-11-19
647,تسه9806,امتياز تسهيلات مسكن شهريور98,55,557,349068001,596851,626693,626693,29842,5.0,626693,29842,5.0,626693,626693,1399-11-19
648,ضفلا1153,اختيارخ فولاد-10000-1399/11/28,54,1648,1724788000,699,999,1100,401,57.37,1047,348,49.79,999,1100,1399-11-19
649,زعف0008پ05,زعفران0008نگين زرين(پ),53,42261,5240545194,123836,124000,123950,114,0.09,124004,168,0.14,123500,124300,1399-11-19
650,سكارون,سيمان كارون,52,5921,1049491329,182730,177249,177249,-5481,-3.0,182429,-301,-0.16,177249,177249,1399-11-19
651,ضملت1124,اختيارخ وبملت-3500-1399/11/28,51,2900,1120000000,263,500,400,137,52.09,386,123,46.77,350,400,1399-11-19
652,اخزا908,اسنادخزانه-م8بودجه99-020606,50,210234,131119934796,624531,623588,624000,-531,-0.09,623686,-845,-0.14,620000,624580,1399-11-19
653,سنوين,سرمايه گذاري اقتصاد نوين,50,967526,9258256294,9291,9569,9569,278,2.99,9413,122,1.31,9569,9569,1399-11-19
654,سخند,صندوق س.سپهرخبرگان نفت-د,49,284230,2849192220,10017,10020,10021,4,0.04,10024,7,0.07,10020,10030,1399-11-19
655,وپسا,س. پتروشيمي ساختمان  خليج فارس,48,284847,862516716,3089,3028,3028,-61,-1.97,3084,-5,-0.16,3028,3028,1399-11-19
656,زعف0008پ16,زعفران0008نگين بيرجند(پ),47,28880,3580759160,123989,124604,124498,509,0.41,123988,-1,0.0,122400,124604,1399-11-19
657,كارين,صندوق س نگين سامان-ثابت,47,1091366,11038701717,10102,10109,10109,7,0.07,10115,13,0.13,10109,10115,1399-11-19
658,فنرژي,گسترش صنايع انرژي آذرآب,47,402462,7882620732,19202,19586,19586,384,2.0,19494,292,1.52,19586,19586,1399-11-19
659,اوصتا,صندوق انديشه ورزان صباتامين -د,45,527577,9411389993,17836,17839,17840,4,0.02,17839,3,0.02,17831,17850,1399-11-19
660,اخزا821,اسنادخزانه-م21بودجه98-020906,45,32098,19173032104,599464,600000,598000,-1464,-0.24,597328,-2136,-0.36,596700,600000,1399-11-19
661,آگاس2,صندوق س.هستي بخش آگاه-س,43,11100000,11100000,62679,1,1,-62678,-100.0,1,-62678,-100.0,1,1,1399-11-19
662,تشتاد,صنايع توليدي اشتاد ايران‌,43,258759,4089168477,16291,15803,15803,-488,-3.0,16187,-104,-0.64,15803,15803,1399-11-19
663,اراد73,مرابحه عام دولت73-ش.خ0402,41,8000000,8000000000000,1000000,1000000,1000000,0,0.0,1000000,0,0.0,1000000,1000000,1399-11-19
664,تسه9805,امتياز تسهيلات مسكن مرداد98,41,215,140294225,624328,593112,655000,30672,4.91,652531,28203,4.52,593112,655544,1399-11-19
665,ضفلا1155,اختيارخ فولاد-14000-1399/11/28,40,2716,15575000,2,4,8,6,300.0,6,4,200.0,4,8,1399-11-19
666,حاريا,كشتيراني آريا,40,63391,1909083356,31047,30116,30116,-931,-3.0,30955,-92,-0.3,30116,30116,1399-11-19
667,سدشت,صنايع سيمان دشتستان,39,55397,2590363720,44540,46760,46760,2220,4.98,44650,110,0.25,46760,46760,1399-11-19
668,وسكرد,شركت س استان كردستان,38,904726,642355460,740,710,710,-30,-4.05,740,0,0.0,710,710,1399-11-19
669,سمايه,بانك سرمايه,38,182483,1293986953,7310,7091,7091,-219,-3.0,7295,-15,-0.21,7091,7091,1399-11-19
670,ضفلا1154,اختيارخ فولاد-12000-1399/11/28,37,1378,181903000,35,120,248,213,608.57,132,97,277.14,105,248,1399-11-19
671,ضپاس2001,اختيارخ وپارس-2500-1400/02/29,37,571,406024000,509,746,739,230,45.19,711,202,39.69,650,746,1399-11-19
672,وسگيلا,شركت س استان گيلان,36,626956,476486560,800,760,760,-40,-5.0,800,0,0.0,760,760,1399-11-19
673,اخزا817,اسنادخزانه-م17بودجه98-010512,36,73792,56787943244,769471,771000,771000,1529,0.2,769568,97,0.01,767340,771800,1399-11-19
674,كقزوي,شيشه‌ قزوين‌,35,74636,759197392,10486,10172,10172,-314,-2.99,10474,-12,-0.11,10172,10172,1399-11-19
675,سكه0112پ03,سكه تمام بهارتحويلي1روزه سامان,35,10100,11019680000,1078495,1084000,1096500,18005,1.67,1091057,12562,1.16,1082501,1096500,1399-11-19
676,ولراز,ليزينگ رازي,35,10413,604214325,59819,58025,58025,-1794,-3.0,59762,-57,-0.1,58025,58025,1399-11-19
677,وآرينح,ح. شركت توسعه اقتصادي آرين,35,346161,1096391922,3368,3200,3166,-202,-6.0,3167,-201,-5.97,3166,3200,1399-11-19
678,كيسون,شركت كيسون,33,43920,639123840,14848,14552,14552,-296,-1.99,14842,-6,-0.04,14552,14552,1399-11-19
679,تسه9804,امتياز تسهيلات مسكن تير98,33,319,199934176,599909,629904,609000,9091,1.52,626753,26844,4.47,609000,629904,1399-11-19
680,آوا2,صندوق س.سهام آواي معيار-س,33,175000000,175000000,7489,1,1,-7488,-99.99,1,-7488,-99.99,1,1,1399-11-19
681,اخزا907,اسنادخزانه-م7بودجه99-020704,32,110677,67834314472,615985,614370,615985,0,0.0,612903,-3082,-0.5,611000,615999,1399-11-19
682,اخزا808,اسنادخزانه-م8بودجه98-000817,32,12416,10860222920,874222,875000,875003,781,0.09,874696,474,0.05,872001,876000,1399-11-19
683,خاتم,صندوق س خاتم ايساتيس پويا-ثابت,32,573736,6028678257,10502,10508,10508,6,0.06,10508,6,0.06,10505,10510,1399-11-19
684,ضپاس2002,اختيارخ وپارس-3000-1400/02/29,31,834,415687000,336,499,500,164,48.81,498,162,48.21,450,510,1399-11-19
685,نگين,ص.س. زمين و ساختمان نگين شهرري,30,23191,1119502970,47530,48000,47540,10,0.02,48270,740,1.56,47530,49000,1399-11-19
686,اخزا813,اسنادخزانه-م13بودجه98-010219,29,32184,25764002684,800353,798000,800003,-350,-0.04,800522,169,0.02,798000,804000,1399-11-19
687,ضسپا3003,اختيارخ خساپا-2000-1400/03/26,29,1454,759725000,325,399,540,215,66.15,523,198,60.92,399,579,1399-11-19
688,وحافظ,بيمه حافظ,28,33355,2456762525,75158,73655,73655,-1503,-2.0,74781,-377,-0.5,73655,73655,1399-11-19
689,اخزا905,اسنادخزانه-م5بودجه99-020218,28,136527,89952557086,658307,661000,658900,593,0.09,658863,556,0.08,657018,661000,1399-11-19
690,ضپار1115,اختيارخ خپارس-5000-1399/11/19,28,280,197070000,878,350,870,-8,-0.91,704,-174,-19.82,350,880,1399-11-19
691,ضفلا1152,اختيارخ فولاد-9000-1399/11/28,28,1045,2007500000,2800,1920,1920,-880,-31.43,1921,-879,-31.39,1900,2000,1399-11-19
692,گنجين,صندوق س. گنجينه يكم آويد-د,27,59753,727718358,12167,12173,12179,12,0.1,12179,12,0.1,12173,12183,1399-11-19
693,اطلس2,صندوق س.توسعه اندوخته آينده-س,26,260000,260000,189236,1,1,-189235,-100.0,1,-189235,-100.0,1,1,1399-11-19
694,اخزا818,اسنادخزانه-م18بودجه98-010614,26,148522,112984857512,760640,761000,758020,-2620,-0.34,760728,88,0.01,756402,761000,1399-11-19
695,زعف0008پ11,زعفران0008نگين سحرخيز(پ),26,62920,7878735300,125152,125101,125890,738,0.59,125218,66,0.05,125101,125890,1399-11-19
696,ضملت1126,اختيارخ وبملت-4500-1399/11/28,25,1004,32381000,32,40,15,-17,-53.13,32,0,0.0,11,50,1399-11-19
697,ساروج,بين المللي ساروج بوشهر,25,905259,18708082494,21305,20666,20666,-639,-3.0,20666,-639,-3.0,20666,20666,1399-11-19
698,ضملت1123,اختيارخ وبملت-3000-1399/11/28,25,403,342530000,871,850,850,-21,-2.41,850,-21,-2.41,840,850,1399-11-19
699,وسخراج,شركت س استان خراسان جنوبي,23,680983,1436874130,2220,2110,2110,-110,-4.95,2220,0,0.0,2110,2110,1399-11-19
700,وسيستا,شركت س استان سيستان وبلوچستان,22,849574,628684760,770,740,740,-30,-3.9,770,0,0.0,740,740,1399-11-19
701,دمعيار,صندوق س. توازن معيار-د,22,732449,7393934757,10086,10095,10099,13,0.13,10095,9,0.09,10093,10104,1399-11-19
702,اخزا811,اسنادخزانه-م11بودجه98-001013,21,119487,101597412203,851622,849001,855000,3378,0.4,850280,-1342,-0.16,849001,855000,1399-11-19
703,اخزا812,اسنادخزانه-م12بودجه98-001111,21,11722,9839311553,839799,839000,841150,1351,0.16,839388,-411,-0.05,838207,841150,1399-11-19
704,زعف0008پ19,زعفران0008نگين تروند قاينات(پ),21,9700,1198798900,123854,123880,123849,-5,0.0,123588,-266,-0.21,123000,123888,1399-11-19
705,ضملي3002,اختيارخ فملي-10000-1400/03/02,20,252,326751000,1905,271,1900,-5,-0.26,1297,-608,-31.92,260,2000,1399-11-19
706,سرو2,صندوق س سروسودمند مدبران-سهام,20,10000000,10000000,63330,1,1,-63329,-100.0,1,-63329,-100.0,1,1,1399-11-19
707,ضغدر1120,اختيارخ وغدير-12000-1399/11/26,19,682,82363000,51,70,200,149,292.16,121,70,137.25,70,200,1399-11-19
708,ضگل1142,اختيارخ كگل-16000-1399/11/21,19,503,648400000,1990,2500,1200,-790,-39.7,1289,-701,-35.23,1200,2500,1399-11-19
709,اخزا814,اسنادخزانه-م14بودجه98-010318,18,19292,15185479276,790332,786890,788000,-2332,-0.3,787139,-3193,-0.4,786890,788100,1399-11-19
710,اراد50,مرابحه عام دولت5-ش.خ0302,18,438500,438500220000,1000001,1000000,1000001,0,0.0,1000000,-1,0.0,1000000,1000001,1399-11-19
711,دحاوي,الحاوي,18,46055,551692845,12349,11979,11979,-370,-3.0,12338,-11,-0.09,11979,11979,1399-11-19
712,اخزا816,اسنادخزانه-م16بودجه98-010503,17,26726,20593304870,772076,769000,769020,-3056,-0.4,770534,-1542,-0.2,769000,772100,1399-11-19
713,ضمخا2001,اختيارخ اخابر-10000-1400/02/29,17,437,894000000,2244,2200,2000,-244,-10.87,2046,-198,-8.82,2000,2200,1399-11-19
714,ضفلا1151,اختيارخ فولاد-8000-1399/11/28,16,356,1048248000,2112,2900,2950,838,39.68,2945,833,39.44,2900,2950,1399-11-19
715,ضغدر1118,اختيارخ وغدير-9000-1399/11/26,16,110,221185000,1061,1300,2150,1089,102.64,2011,950,89.54,1300,2200,1399-11-19
716,زعف0008پ18,زعفران0008نگين بهرامن(پ),16,10906,1346793054,125148,123001,123999,-1149,-0.92,123491,-1657,-1.32,123000,123999,1399-11-19
717,وسصفا,شركت س استان اصفهان,15,95528,97438560,1070,1020,1020,-50,-4.67,1070,0,0.0,1020,1020,1399-11-19
718,اخزا809,اسنادخزانه-م9بودجه98-000923,15,19491,16781145002,860754,860754,861001,247,0.03,860969,215,0.02,860754,862000,1399-11-19
719,داريك,صندوق س.اعتماد داريك-د,15,32243,334000860,10277,10275,10400,123,1.2,10359,82,0.8,10275,10400,1399-11-19
720,اخزا718,اسنادخزانه-م18بودجه97-000525,14,10063,9158093910,911683,907501,911000,-683,-0.07,910076,-1607,-0.18,907501,911000,1399-11-19
721,اخزا806,اسنادخزانه-م6بودجه98-000519,14,7584,6914186924,913542,912000,912500,-1042,-0.11,911681,-1861,-0.2,910011,912500,1399-11-19
722,ضبدر1159,اختيارخ شبندر-16000-1399/11/19,14,46,196914000,2032,4020,4379,2347,115.5,4281,2249,110.68,4020,4500,1399-11-19
723,ضچاد2003,اختيارخ كچاد-18000-1400/02/05,13,55,211840000,3000,3888,3588,588,19.6,3852,852,28.4,3588,3888,1399-11-19
724,شستا992,اجاره تامين اجتماعي-سپهر991226,12,100025,100024900000,998479,990001,1000000,1521,0.15,999999,1520,0.15,990001,1000000,1399-11-19
725,اخزا721,اسنادخزانه-م21بودجه97-000728,11,4919,4326337584,882122,879501,879536,-2586,-0.29,879516,-2606,-0.3,879501,880000,1399-11-19
726,تاپكيشح,ح.تجارت الكترونيك پارسيان كيش,11,108638,2017297810,18925,19871,18520,-405,-2.14,18569,-356,-1.88,18520,19871,1399-11-19
727,پارسيانح,ح.بيمه پارسيان,11,91877,826893000,9000,9000,9000,0,0.0,9000,0,0.0,9000,9000,1399-11-19
728,ضخوز2013,اختيارخ فخوز-12000-1400/02/15,10,667,1501765000,2238,2199,2260,22,0.98,2252,14,0.63,2199,2265,1399-11-19
729,ضسپا1105,اختيارخ خساپا-3500-1399/11/26,10,1000,1000000,1,1,1,0,0.0,1,0,0.0,1,1,1399-11-19
730,عيار2,صندوق س. پشتوانه طلاي مفيد,10,100000,100000,27118,1,1,-27117,-100.0,1,-27117,-100.0,1,1,1399-11-19
731,ضخود2013,اختيارخ خودرو-7000-1400/02/08,10,621,13840000,14,26,21,7,50.0,22,8,57.14,20,27,1399-11-19
732,اخزا906,اسنادخزانه-م6بودجه99-020321,10,3930,2684776831,671969,700000,695985,24016,3.57,683149,11180,1.66,645175,700000,1399-11-19
733,ضبدر1160,اختيارخ شبندر-18000-1399/11/19,10,162,392190000,314,2000,2500,2186,696.18,2421,2107,671.02,1888,2500,1399-11-19
734,ضجار2002,اختيارخ وتجارت-2500-1400/02/22,10,276,175113000,513,698,655,142,27.68,634,121,23.59,630,699,1399-11-19
735,تملي804,تسهيلات مسكن ب. ملي-تير98,9,356,190346436,562822,534681,534681,-28141,-5.0,534681,-28141,-5.0,534681,534681,1399-11-19
736,زير0003پ01,زيره سبز0003كيميابذر(پ),8,270,134598560,520600,509404,509404,-11196,-2.15,498513,-22087,-4.24,480000,509404,1399-11-19
737,ضشنا2000,اختيارخ شپنا-9000-1400/02/27,8,60,187320000,2186,3050,3100,914,41.81,3122,936,42.82,3050,3150,1399-11-19
738,ضملت1127,اختيارخ وبملت-5000-1399/11/28,8,494,1143000,1,1,3,2,200.0,2,1,100.0,1,3,1399-11-19
739,ضخود2010,اختيارخ خودرو-4500-1400/02/08,8,395,31645000,98,82,77,-21,-21.43,80,-18,-18.37,77,82,1399-11-19
740,تصميم2,صندوق س با درآمد ثابت تصميم,8,7400000,7400000,15576,1,1,-15575,-99.99,1,-15575,-99.99,1,1,1399-11-19
741,اخزا820,اسنادخزانه-م20بودجه98-020806,8,5511,3343638659,605595,606618,609000,3405,0.56,606721,1126,0.19,604850,609000,1399-11-19
742,زعف0008پ20,زعفران0008نگين وحدت جام(پ),8,5646,698932800,123056,123800,123798,742,0.6,123793,737,0.6,123500,123800,1399-11-19
743,وآذر2,سرمايه‌گذاري‌توسعه‌آذربايجان‌,7,9990000,899100000000,93530,90000,90000,-3530,-3.77,90000,-3530,-3.77,90000,90000,1399-11-19
744,اراد65,مرابحه عام دولتي65-ش.خ0210,7,1300000,1205087000000,926920,926990,926990,70,0.01,926990,70,0.01,926990,926990,1399-11-19
745,ضجار2001,اختيارخ وتجارت-2000-1400/02/22,7,65,79376000,797,1250,1160,363,45.55,1221,424,53.2,1160,1250,1399-11-19
746,اراد70,مرابحه عام دولت70-ش.خ0112,7,1100000,1035804000000,941570,941640,941640,70,0.01,941640,70,0.01,941640,941640,1399-11-19
747,ضبدر1157,اختيارخ شبندر-20000-1399/11/19,7,116,52300000,10,60,500,490,4900.0,451,441,4410.0,60,600,1399-11-19
748,خبازرس,بازرسي مهندسي و صنعتي ايران,6,17900,451939200,24513,25248,25248,735,3.0,24529,16,0.07,25248,25248,1399-11-19
749,اخزا807,اسنادخزانه-م7بودجه98-000719,6,2716,2399609274,885764,883502,883525,-2239,-0.25,883509,-2255,-0.25,883502,883525,1399-11-19
750,ضملت1128,اختيارخ وبملت-6000-1399/11/28,6,221,221000,1,1,1,0,0.0,1,0,0.0,1,1,1399-11-19
751,ضپيك2010,اختيارخ تاپيكو-12000-00/02/19,6,41,83900000,1957,1900,2050,93,4.75,2046,89,4.55,1900,2050,1399-11-19
752,تملي701,تسهيلات مسكن ب. ملي-فروردين97,6,109,64880942,566894,595238,595238,28344,5.0,595238,28344,5.0,595238,595238,1399-11-19
753,شستا991,اجاره تامين اجتماعي-امين991226,5,76,74670354,993543,999999,970011,-23532,-2.37,982505,-11038,-1.11,970004,999999,1399-11-19
754,زعف0008پ08,زعفران0008نگين روستا(پ),5,2400,297958000,123953,124100,124399,446,0.36,124149,196,0.16,123500,124399,1399-11-19
755,كرونا2,تامين مالي جمعي صرفا اهداي سود,5,1000,10000000,10000,10000,10000,0,0.0,10000,0,0.0,10000,10000,1399-11-19
756,كاردان2,صندوق س تجارت شاخصي كاردان,5,500000,500000,145460,1,1,-145459,-100.0,1,-145459,-100.0,1,1,1399-11-19
757,تملي806,تسهيلات مسكن ب. ملي-شهريور98,5,86,66211658,733241,769903,769903,36662,5.0,769903,36662,5.0,769903,769903,1399-11-19
758,ضملي3000,اختيارخ فملي-8000-1400/03/02,5,18,54400000,2036,3000,3000,964,47.35,3022,986,48.43,3000,3200,1399-11-19
759,اخزا805,اسنادخزانه-م5بودجه98-000422,5,2643,2439688860,925887,924000,923020,-2867,-0.31,923076,-2811,-0.3,923020,924000,1399-11-19
760,ضغدر1121,اختيارخ وغدير-14000-1399/11/26,5,135,309000,12,2,2,-10,-83.33,2,-10,-83.33,2,5,1399-11-19
761,ضصاد3003,اختيارخ وبصادر-3000-1400/03/12,5,24,9580000,449,399,400,-49,-10.91,399,-50,-11.14,399,400,1399-11-19
762,وسمازن,س.سهام عدالت استان مازندران,5,32474,30200820,970,930,930,-40,-4.12,970,0,0.0,930,930,1399-11-19
763,اخزا904,اسنادخزانه-م4بودجه99-011215,5,47793,32977170000,689511,690000,690000,489,0.07,690000,489,0.07,690000,690000,1399-11-19
764,ضملت1125,اختيارخ وبملت-4000-1399/11/28,4,64,9712000,139,158,150,11,7.91,152,13,9.35,150,158,1399-11-19
765,اخزا909,اسنادخزانه-م9بودجه99-020316,4,3058,1980947500,650051,648550,647500,-2551,-0.39,647792,-2259,-0.35,647500,648550,1399-11-19
766,كابگن,توليدي و صنعتي آبگينه‌,4,2036,10444680,5080,5130,5130,50,0.98,5080,0,0.0,5130,5130,1399-11-19
767,ياقوت2,صندوق س ياقوت آگاه-ثابت,4,36280000,36280000,11837,1,1,-11836,-99.99,1,-11836,-99.99,1,1,1399-11-19
768,ضملت1129,اختيارخ وبملت-7000-1399/11/28,4,305,305000,1,1,1,0,0.0,1,0,0.0,1,1,1399-11-19
769,وسكرشا,س.سهام عدالت استان كرمانشاه,4,50000,60000000,1260,1200,1200,-60,-4.76,1260,0,0.0,1200,1200,1399-11-19
770,ضجار2003,اختيارخ وتجارت-3000-1400/02/22,4,30,14262000,328,485,475,147,44.82,475,147,44.82,474,485,1399-11-19
771,ضگل1141,اختيارخ كگل-14000-1399/11/21,4,9,24700000,4200,3000,2700,-1500,-35.71,2744,-1456,-34.67,2500,3000,1399-11-19
772,ساذري,آذريت‌,3,675,4045950,5820,5994,5994,174,2.99,5820,0,0.0,5994,5994,1399-11-19
773,شسم,توليد سموم‌ علف‌ كش,3,87,7802682,87928,89686,89686,1758,2.0,87929,1,0.0,89686,89686,1399-11-19
774,ضپار1118,اختيارخ خپارس-8000-1399/11/19,3,71,71000,1,1,1,0,0.0,1,0,0.0,1,1,1399-11-19
775,صخود412,ص مرابحه خودرو412- 3ماهه 18%,3,30000,29829600000,994320,994320,994320,0,0.0,994320,0,0.0,994320,994320,1399-11-19
776,ضچاد2004,اختيارخ كچاد-20000-1400/02/05,3,3,6999000,1500,2000,2500,1000,66.67,2333,833,55.53,2000,2500,1399-11-19
777,وسلرستا,شركت س استان لرستان,3,29321,25216060,900,860,860,-40,-4.44,900,0,0.0,860,860,1399-11-19
778,ضفار3001,اختيارخ فارس-9000-1400/03/05,3,22,43400000,1600,1600,1600,0,0.0,1973,373,23.31,1600,2420,1399-11-19
779,اخزا720,اسنادخزانه-م20بودجه97-000324,3,2017,1895651782,937698,940000,935027,-2671,-0.28,939837,2139,0.23,935027,940000,1399-11-19
780,ضخود2011,اختيارخ خودرو-5000-1400/02/08,3,60,3360000,70,56,56,-14,-20.0,56,-14,-20.0,56,56,1399-11-19
781,ضشنا2010,اختيارخ شپنا-8000-1400/02/27,3,40,164000000,3800,4000,4200,400,10.53,4100,300,7.89,4000,4200,1399-11-19
782,ضفلا1157,اختيارخ فولاد-18000-1399/11/28,3,21,21000,1,1,1,0,0.0,1,0,0.0,1,1,1399-11-19
783,ضپاس2003,اختيارخ وپارس-3500-1400/02/29,3,120,48000000,200,400,400,200,100.0,400,200,100.0,400,400,1399-11-19
784,خعمرا,توسعه و عمران شهرستان نائين,3,10600,241807200,22148,22812,22812,664,3.0,22156,8,0.04,22812,22812,1399-11-19
785,پست0008پ02,پسته فندقي32-30طلاسبززرند0008,3,3,4044239,1240000,1378508,1287223,47223,3.81,1348080,108080,8.72,1287223,1378508,1399-11-19
786,تملي711,تسهيلات مسكن ب. ملي-بهمن97,3,9,5840082,683050,648898,648898,-34152,-5.0,648898,-34152,-5.0,648898,648898,1399-11-19
787,اخزا716,اسنادخزانه-م16بودجه97-000407,2,1665,1551780000,932000,932000,932000,0,0.0,932000,0,0.0,932000,932000,1399-11-19
788,وسمركز,شركت س استان مركزي,2,8492,11294360,1400,1330,1330,-70,-5.0,1400,0,0.0,1330,1330,1399-11-19
789,ضجار2005,اختيارخ وتجارت-4000-1400/02/22,2,15,1820000,118,121,122,4,3.39,121,3,2.54,121,122,1399-11-19
790,ضپار1126,اختيارخ خپارس-4500-1399/11/19,2,14,15556000,865,578,1200,335,38.73,1111,246,28.44,578,1200,1399-11-19
791,ضپار1116,اختيارخ خپارس-6000-1399/11/19,2,2,11000,1,10,1,0,0.0,5,4,400.0,1,10,1399-11-19
792,زعف0008پ12,زعفران0008پوشالمعمول سحرخيز(پ),2,200,16599900,80597,82999,83000,2403,2.98,82999,2402,2.98,82999,83000,1399-11-19
793,پست0008پ08,پسته فندقي32-30مه ولات0008(پ),2,125,164250025,1312865,1310001,1315000,2135,0.16,1314000,1135,0.09,1310001,1315000,1399-11-19
794,تملي803,تسهيلات مسكن ب. ملي-خرداد98,2,10,5345710,562706,534571,534571,-28135,-5.0,534571,-28135,-5.0,534571,534571,1399-11-19
795,اخزا722,اسنادخزانه-م22بودجه97-000428,2,12377,11405535268,924000,921511,921510,-2490,-0.27,921510,-2490,-0.27,921510,921511,1399-11-19
796,ضسپا3000,اختيارخ خساپا-1400-1400/03/26,2,150,159800000,983,1000,1098,115,11.7,1065,82,8.34,1000,1098,1399-11-19
797,اخزا723,اسنادخزانه-م23بودجه97-000824,2,101,87799009,870000,869300,869009,-991,-0.11,869297,-703,-0.08,869009,869300,1399-11-19
798,صبا1401,اجاره مهندسي صبا نفت14010225,2,200,194061000,983262,970305,970305,-12957,-1.32,970305,-12957,-1.32,970305,970305,1399-11-19
799,شتهران,داروسازي تهران شيمي,2,7519,60129443,7690,7997,7997,307,3.99,7692,2,0.03,7997,7997,1399-11-19
800,ضپاس2005,اختيارخ وپارس-4500-1400/02/29,2,22,15400000,1,300,1100,1099,109900.0,700,699,69900.0,300,1100,1399-11-19
801,اخزا9062,اسنادخزانه-م6بودجه99-020321,2,456000,296400000000,671969,650000,650000,-21969,-3.27,650000,-21969,-3.27,650000,650000,1399-11-19
802,اخزا804,اسنادخزانه-م4بودجه98-000421,2,31,28706633,926052,926020,926033,-19,0.0,926020,-32,0.0,926020,926033,1399-11-19
803,سپرمي,پرميت‌,2,12432,106629264,8493,8577,8577,84,0.99,8495,2,0.02,8577,8577,1399-11-19
804,ضفلا3001,اختيارخ فولاد-8000-1400/03/19,2,20,80600000,4409,4030,4030,-379,-8.6,4030,-379,-8.6,4030,4030,1399-11-19
805,تملي703,تسهيلات مسكن ب. ملي-خرداد97,2,11,5466604,523119,496964,496964,-26155,-5.0,496964,-26155,-5.0,496964,496964,1399-11-19
806,ضجار2004,اختيارخ وتجارت-3500-1400/02/22,2,3,658000,175,200,229,54,30.86,219,44,25.14,200,229,1399-11-19
807,وسقم,شركت س استان قم,2,59621,79892140,1410,1340,1340,-70,-4.96,1410,0,0.0,1340,1340,1399-11-19
808,اخزا713,اسنادخزانه-م13بودجه97-000518,2,40,36441850,915001,911046,911047,-3954,-0.43,911046,-3955,-0.43,911046,911047,1399-11-19
809,ضجار2000,اختيارخ وتجارت-1800-1400/02/22,2,40,51700000,1090,1240,1310,220,20.18,1292,202,18.53,1240,1310,1399-11-19
810,ضفلا1156,اختيارخ فولاد-16000-1399/11/28,2,8,8000,1,1,1,0,0.0,1,0,0.0,1,1,1399-11-19
811,پا ر 29,بار پايه روز 29,2,31000,11780000,385,380,380,-5,-1.3,380,-5,-1.3,380,380,1399-11-19
812,ضصاد3002,اختيارخ وبصادر-2500-1400/03/12,2,100,45020000,303,455,450,147,48.51,450,147,48.51,450,455,1399-11-19
813,پا ر 32,بار پايه روز 32,2,31000,11780000,385,380,380,-5,-1.3,380,-5,-1.3,380,380,1399-11-19
814,پا ر 30,بار پايه روز 30,2,31000,11780000,385,380,380,-5,-1.3,380,-5,-1.3,380,380,1399-11-19
815,پا ر 31,بار پايه روز 31,2,31000,11780000,385,380,380,-5,-1.3,380,-5,-1.3,380,380,1399-11-19
816,ضفلا3000,اختيارخ فولاد-7000-1400/03/19,1,20,97600000,4100,4880,4880,780,19.02,4880,780,19.02,4880,4880,1399-11-19
817,تسه98012,امتياز تسهيلات مسكن فروردين98,1,108,1080,618995,10,10,-618985,-100.0,10,-618985,-100.0,10,10,1399-11-19
818,اخزا810,اسنادخزانه-م10بودجه98-001006,1,188,160561024,854048,854048,854048,0,0.0,854048,0,0.0,854048,854048,1399-11-19
819,تملي705,تسهيلات مسكن ب. ملي-مرداد97,1,10,5484400,577305,548440,548440,-28865,-5.0,548440,-28865,-5.0,548440,548440,1399-11-19
820,افران2,صندوق س افرا نماد پايدار-ثابت,1,4000000,4000000,12611,1,1,-12610,-99.99,1,-12610,-99.99,1,1,1399-11-19
821,هصيكو402,اختيارف ت تاصيكو13500-00/02/20,1,1000,2146000,1800,2146,2146,346,19.22,2146,346,19.22,2146,2146,1399-11-19
822,تملي707,تسهيلات مسكن ب. ملي-مهر97,1,7,5375146,808292,767878,767878,-40414,-5.0,767878,-40414,-5.0,767878,767878,1399-11-19
823,ضشنا2003,اختيارخ شپنا-14000-1400/02/27,1,31,31000000,696,1000,1000,304,43.68,1000,304,43.68,1000,1000,1399-11-19
824,اراد43,مرابحه عام دولت4-ش.خ 0205,1,10000,9550000000,980000,955000,955000,-25000,-2.55,955000,-25000,-2.55,955000,955000,1399-11-19
825,تملي709,تسهيلات مسكن ب. ملي-آذر97,1,8,5005704,658645,625713,625713,-32932,-5.0,625713,-32932,-5.0,625713,625713,1399-11-19
826,وسخراش,شركت س استان خراسان شمالي,1,4000,5240000,1370,1310,1310,-60,-4.38,1370,0,0.0,1310,1310,1399-11-19
827,خاتم2,صندوق س خاتم ايساتيس پويا-ثابت,1,1000000,1000000,10502,1,1,-10501,-99.99,1,-10501,-99.99,1,1,1399-11-19
828,ضملت1130,اختيارخ وبملت-8000-1399/11/28,1,30,30000,1,1,1,0,0.0,1,0,0.0,1,1,1399-11-19
829,هفارس912,اختيارف ت فارس-14576-99/12/13,1,3200,19318400,5206,6037,6037,831,15.96,6037,831,15.96,6037,6037,1399-11-19
830,حفاري2,حفاري شمال,1,47371000,486973880000,10280,10280,10280,0,0.0,10280,0,0.0,10280,10280,1399-11-19
831,صگل1411,ص اجاره گل گهر 1411-3 ماهه 17%,1,6,5880000,958000,980000,980000,22000,2.3,980000,22000,2.3,980000,980000,1399-11-19
832,پست0008پ09,پسته بادامي30-28مه ولات0008(پ),1,10,13000000,1305000,1300000,1300000,-5000,-0.38,1300000,-5000,-0.38,1300000,1300000,1399-11-19
833,تملي807,تسهيلات مسكن ب. ملي-مهر98,1,8,6068664,798508,758583,758583,-39925,-5.0,758583,-39925,-5.0,758583,758583,1399-11-19
834,تملي702,تسهيلات مسكن ب. ملي-ارديبهشت97,1,8,5229488,688090,653686,653686,-34404,-5.0,653686,-34404,-5.0,653686,653686,1399-11-19
835,تسه98022,امتياز تسهيلات مسكن ارديبهشت98,1,52,520,625967,10,10,-625957,-100.0,10,-625957,-100.0,10,10,1399-11-19
836,بتك,كارخانجات كابل سازي‌ تك‌,1,600,20716800,33851,34528,34528,677,2.0,33852,1,0.0,34528,34528,1399-11-19
837,ضبدر3002,اختيارخ شبندر-18000-1400/03/30,1,10,57000000,3262,5700,5700,2438,74.74,5700,2438,74.74,5700,5700,1399-11-19
838,ضملي3001,اختيارخ فملي-9000-1400/03/02,1,50,120000000,2000,2400,2400,400,20.0,2400,400,20.0,2400,2400,1399-11-19
839,رطب0002پ01,رطب مضافتي0002افشارتعاون بم(پ),1,1,209890,209892,209890,209890,-2,0.0,209890,-2,0.0,209890,209890,1399-11-19
840,شستا004,اجاره تامين اجتماعي-نوين000523,1,13,12870000,990000,990000,990000,0,0.0,990000,0,0.0,990000,990000,1399-11-19
841,شلرد02,كود شيميايي اوره لردگان,1,20,19860000,1002420,993000,993000,-9420,-0.94,993000,-9420,-0.94,993000,993000,1399-11-19
842,ضخوز2014,اختيارخ فخوز-14000-1400/02/15,1,1,2260000,1399,2260,2260,861,61.54,2260,861,61.54,2260,2260,1399-11-19
843,ضگل1149,اختيارخ كگل-10000-1399/11/21,1,1,7588000,7763,7588,7588,-175,-2.25,7588,-175,-2.25,7588,7588,1399-11-19
844,پا ر 33,بار پايه روز 33,1,30000,11400000,385,380,380,-5,-1.3,380,-5,-1.3,380,380,1399-11-19
845,ضصاد3001,اختيارخ وبصادر-2000-1400/03/12,1,20,16000000,552,800,800,248,44.93,800,248,44.93,800,800,1399-11-19
846,اشاد10,مشاركت دولتي10-شرايط خاص001226,1,100,96000000,951002,960000,960000,8998,0.95,960000,8998,0.95,960000,960000,1399-11-19
847,مشير112,مشاركت شهرداري شيراز-3ماهه18%,1,18,17820000,990000,990000,990000,0,0.0,990000,0,0.0,990000,990000,1399-11-19
848,تملي704,تسهيلات مسكن ب. ملي-تير97,1,5,5618595,1182862,1123719,1123719,-59143,-5.0,1123719,-59143,-5.0,1123719,1123719,1399-11-19
849,تملي802,تسهيلات مسكن ب. ملي-ارديبهشت98,1,7,5880819,884333,840117,840117,-44216,-5.0,840117,-44216,-5.0,840117,840117,1399-11-19
850,اوصتا4,صندوق انديشه ورزان صباتامين -د,1,28100000,501107300000,17836,17833,17833,-3,-0.02,17833,-3,-0.02,17833,17833,1399-11-19
851,پا ر 27,بار پايه روز 27,1,30000,11400000,390,380,380,-10,-2.56,380,-10,-2.56,380,380,1399-11-19
852,تفيرو,مهندسي فيروزا,1,100,1948200,19100,19482,19482,382,2.0,19100,0,0.0,19482,19482,1399-11-19
853,وسزنجان,شركت س استان زنجان,1,4500,6075000,1420,1350,1350,-70,-4.93,1420,0,0.0,1350,1350,1399-11-19
854,ضچاد2001,اختيارخ كچاد-14000-1400/02/05,1,5,30000000,5026,6000,6000,974,19.38,6000,974,19.38,6000,6000,1399-11-19
855,ضپيك2009,اختيارخ تاپيكو-10000-00/02/19,1,1,2900000,2000,2900,2900,900,45.0,2900,900,45.0,2900,2900,1399-11-19
856,صگل411,ص اجاره گل گهر 411- 3 ماهه 17%,1,2690,2636200000,980000,980000,980000,0,0.0,980000,0,0.0,980000,980000,1399-11-19
857,تملي706,تسهيلات مسكن ب. ملي-شهريور97,1,10,5355990,563788,535599,535599,-28189,-5.0,535599,-28189,-5.0,535599,535599,1399-11-19
858,فبستم,صنايع ‌بسته‌بندي‌ مشهد,1,1206,984096,793,816,816,23,2.9,793,0,0.0,816,816,1399-11-19
859,پا ر 26,بار پايه روز 26,1,30000,11400000,390,380,380,-10,-2.56,380,-10,-2.56,380,380,1399-11-19
860,كشم0001پ01,كشمش سبز0001خليل آباد(پ),1,7,5334000,761044,762000,762000,956,0.13,762000,956,0.13,762000,762000,1399-11-19
861,تملي710,تسهيلات مسكن ب. ملي-دي97,1,9,5247477,613740,583053,583053,-30687,-5.0,583053,-30687,-5.0,583053,583053,1399-11-19
862,ضترا3001,اختيارخ شتران-7000-1400/03/09,1,20,58000000,1891,2900,2900,1009,53.36,2900,1009,53.36,2900,2900,1399-11-19
863,شستا994,اجاره تامين اجتماعي-نوين991226,1,20,19870000,985014,993500,993500,8486,0.86,993500,8486,0.86,993500,993500,1399-11-19
864,زعف0008پ15,زعفران0008پوشالمعمول طلاسرخ(پ),1,120,9959880,82288,82999,82999,711,0.86,82999,711,0.86,82999,82999,1399-11-19
865,تملي612,تسهيلات مسكن بانك ملي-اسفند96,1,8,5748416,756370,718552,718552,-37818,-5.0,718552,-37818,-5.0,718552,718552,1399-11-19
866,وملل2,اعتباري ملل,1,99000000,1438668000000,14532,14532,14532,0,0.0,14532,0,0.0,14532,14532,1399-11-19
867,تملي712,تسهيلات مسكن ب. ملي-اسفند97,1,7,5647047,849180,806721,806721,-42459,-5.0,806721,-42459,-5.0,806721,806721,1399-11-19
868,ضفلا3002,اختيارخ فولاد-9000-1400/03/19,1,20,64000000,2331,3200,3200,869,37.28,3200,869,37.28,3200,3200,1399-11-19
869,ضپاس2000,اختيارخ وپارس-2000-1400/02/29,1,1,1250000,857,1250,1250,393,45.86,1250,393,45.86,1250,1250,1399-11-19
870,زير0003پ02,زيره سبز0003 دانش(پ),1,11,5390000,480978,490000,490000,9022,1.88,490000,9022,1.88,490000,490000,1399-11-19
871,قلرست4,قند لرستان‌,1,1000000,32680000000,33440,32680,32680,-760,-2.27,32680,-760,-2.27,32680,32680,1399-11-19
872,اخزا8052,اسنادخزانه-م5بودجه98-000422,1,1000000,922500000000,925887,922500,922500,-3387,-0.37,922500,-3387,-0.37,922500,922500,1399-11-19
873,افاد1,منفعت دولت-با شرايط خاص140006,1,20000,20000000000,1000000,1000000,1000000,0,0.0,1000000,0,0.0,1000000,1000000,1399-11-19
874,اراد534,مرابحه عام دولت5-ش.خ 0207,1,3000000,2823000000000,958293,941000,941000,-17293,-1.8,941000,-17293,-1.8,941000,941000,1399-11-19
875,ميدكو2,هلدينگ صنايع  معدني خاورميانه,1,23000000,705801000000,30687,30687,30687,0,0.0,30687,0,0.0,30687,30687,1399-11-19
876,ضچاد2000,اختيارخ كچاد-12000-1400/02/05,1,5,37500000,6500,7500,7500,1000,15.38,7500,1000,15.38,7500,7500,1399-11-19
877,ضصاد3000,اختيارخ وبصادر-1800-1400/03/12,1,10,10500000,776,1050,1050,274,35.31,1050,274,35.31,1050,1050,1399-11-19
878,ضفلا3004,اختيارخ فولاد-12000-1400/03/19,1,10,15000000,1,1500,1500,1499,149900.0,1500,1499,149900.0,1500,1500,1399-11-19
879,پا ر 28,بار پايه روز 28,1,30000,11400000,385,380,380,-5,-1.3,380,-5,-1.3,380,380,1399-11-19
880,اراد22,مرابحه عام دولت2-ش.خ لوتوس0212,1,3000,2970000000,1000000,990000,990000,-10000,-1.0,990000,-10000,-1.0,990000,990000,1399-11-19
