,نماد,نام,تعداد,حجم,ارزش,دیروز,اولین,آخرین معامله - مقدار,آخرین معامله - تغییر,آخرین معامله - درصد,قیمت پایانی - مقدار,قیمت پایانی - تغییر,قیمت پایانی - درصد,کمترین,بیشترین,تاریخ
0,پالايش,صندوق پالايشي يکم-سهام,157053,82845166,8629808131030,100140,100010,105180,5040,5.03,104170,4030,4.02,100000,108000,1399-9-23
1,شستا,سرمايه گذاري تامين اجتماعي,82830,172058561,4807659188390,28880,28100,27700,-1180,-4.09,27940,-940,-3.25,27580,28480,1399-9-23
2,خودرو,ايران‌ خودرو,69566,1312021282,5130617189490,4070,3970,3880,-190,-4.67,3910,-160,-3.93,3870,4070,1399-9-23
3,شپنا,پالايش نفت اصفهان,60037,377202611,6776045119480,17480,16900,18350,870,4.98,17960,480,2.75,16760,18350,1399-9-23
4,وسپهر,سرمايه گذاري مالي سپهرصادرات,55143,159729998,1916282308129,12513,12220,11888,-625,-4.99,11997,-516,-4.12,11888,12400,1399-9-23
5,بپيوند,برق و انرژي پيوندگستر پارس,53295,64399406,2089853817453,32766,31800,33280,514,1.57,32451,-315,-0.96,30510,33800,1399-9-23
6,فولاد,فولاد مباركه اصفهان,51027,277490489,4192208127680,15160,15200,14880,-280,-1.85,15110,-50,-0.33,14800,15460,1399-9-23
7,وتجارت,بانك تجارت,50321,916981711,3386774785500,3830,3730,3680,-150,-3.92,3690,-140,-3.66,3640,3800,1399-9-23
8,خساپا,سايپا,49809,1282306700,3818467156470,3110,3030,2960,-150,-4.82,2980,-130,-4.18,2960,3090,1399-9-23
9,فملي,ملي‌ صنايع‌ مس‌ ايران‌,49303,165469019,2649326401830,16660,16320,15830,-830,-4.98,16010,-650,-3.9,15830,16440,1399-9-23
10,دارا يكم,صندوق واسطه گري مالي يكم-سهام,39213,15078577,2776366327270,188600,185790,184220,-4380,-2.32,184130,-4470,-2.37,182490,186040,1399-9-23
11,شتران,پالايش نفت تهران,36142,194411591,2703117820260,13570,13210,14240,670,4.94,13900,330,2.43,12970,14240,1399-9-23
12,سيتا,سرمايه گذاري سيمان تامين,35530,68194719,1294045309580,18860,18550,18660,-200,-1.06,18980,120,0.64,18200,19600,1399-9-23
13,خگستر,گسترش‌سرمايه‌گذاري‌ايران‌خودرو,35485,529503557,2774023642510,5160,5160,5190,30,0.58,5240,80,1.55,4980,5400,1399-9-23
14,ثاميد,توسعه و عمران اميد,32540,266154287,672596401940,2580,2520,2480,-100,-3.88,2530,-50,-1.94,2460,2620,1399-9-23
15,ذوب,سهامي ذوب آهن  اصفهان,31835,407154596,2487019748126,5903,6000,6070,167,2.83,6108,205,3.47,5810,6198,1399-9-23
16,شبندر,پالايش نفت بندرعباس,31195,121647906,4038099716380,32120,31500,33720,1600,4.98,33190,1070,3.33,31010,33720,1399-9-23
17,دي,بانك دي,30799,50011928,2548658420795,52879,52879,50236,-2643,-5.0,50961,-1918,-3.63,50236,52880,1399-9-23
18,وبصادر,بانك صادرات ايران,28913,549172328,1938084173240,3690,3590,3510,-180,-4.88,3530,-160,-4.34,3510,3610,1399-9-23
19,ثبهساز,بهساز كاشانه تهران,27892,224061826,710551311450,3220,3140,3120,-100,-3.11,3170,-50,-1.55,3070,3300,1399-9-23
20,بركت,گروه دارويي بركت,27315,122638191,2765328487270,21790,20810,22870,1080,4.96,22550,760,3.49,20810,22870,1399-9-23
21,زملارد,كشاورزي و دامپروري ملارد شير,25518,5915664,282473739079,46063,46063,48366,2303,5.0,47750,1687,3.66,43760,48366,1399-9-23
22,بگيلان,توسعه مسير برق گيلان,23329,9376181,264916035891,29375,28122,27907,-1468,-5.0,28254,-1121,-3.82,27907,28950,1399-9-23
23,آبادا,توليد نيروي برق آبادان,20889,12156818,243132962580,20920,20900,19880,-1040,-4.97,20000,-920,-4.4,19880,20900,1399-9-23
24,پترول,گروه پتروشيمي س. ايرانيان,20764,99375107,1335608912140,13890,13750,13310,-580,-4.18,13440,-450,-3.24,13200,13920,1399-9-23
25,امين,تامين سرمايه امين,20737,19555737,234494258720,12420,12170,11890,-530,-4.27,11990,-430,-3.46,11860,12350,1399-9-23
26,پتاير,ايران‌ تاير,20467,8807665,1744095900150,195830,197500,193990,-1840,-0.94,198020,2190,1.12,185000,207970,1399-9-23
27,آريا,پليمر آريا ساسول,20092,4112429,786845169155,190641,193000,189530,-1111,-0.58,191333,692,0.36,185000,198500,1399-9-23
28,نوري,پتروشيمي نوري,19752,31308385,2154615486380,60210,67000,69740,9530,15.83,68820,8610,14.3,65660,70350,1399-9-23
29,وبملت,بانك ملت,19346,246525840,1280100377750,5330,5210,5130,-200,-3.75,5190,-140,-2.63,5120,5320,1399-9-23
30,غزر,صنعتي زر ماكارون,19236,3959769,239597482350,61990,62500,58900,-3090,-4.98,60510,-1480,-2.39,58900,63070,1399-9-23
31,حكشتي,كشتيراني جمهوري اسلامي ايران,18306,42390555,1296195898950,32010,30540,30410,-1600,-5.0,30580,-1430,-4.47,30410,31670,1399-9-23
32,شبريز,پالايش نفت تبريز,18082,61895577,2282452056940,36210,35300,37280,1070,2.95,36880,670,1.85,34400,38020,1399-9-23
33,شگويا,پتروشيمي تندگويان,18001,69630288,885066914186,13071,12610,12700,-371,-2.84,12711,-360,-2.75,12418,13200,1399-9-23
34,وپويا,سرمايه گذاري پويا,17169,36652333,339389078580,9696,9411,9212,-484,-4.99,9260,-436,-4.5,9212,9569,1399-9-23
35,چخزر,صنايع چوب خزر كاسپين,16751,112720,3117722480,26342,27659,27659,1317,5.0,26420,78,0.3,27659,27659,1399-9-23
36,پيزد,مجتمع صنايع لاستيك يزد,16659,2173737,195894041944,93497,91900,90100,-3397,-3.63,90119,-3378,-3.61,88851,92400,1399-9-23
37,زمگسا,كشاورزي‌ ودامپروي‌ مگسال‌,16205,23874373,1515749505410,58870,61810,64750,5880,9.99,63490,4620,7.85,60050,64750,1399-9-23
38,حسينا,توسعه خدمات دريايي وبندري سينا,15482,14954255,1422204704125,89624,85310,98586,8962,10.0,95104,5480,6.11,85145,98586,1399-9-23
39,وكبهمن,مديريت سرمايه گذاري كوثربهمن,15065,3486341,53707083105,14672,15405,15405,733,5.0,15405,733,5.0,15405,15405,1399-9-23
40,ولپارس,ليزينگ پارسيان,14430,4207228,33363318040,7560,7930,7930,370,4.89,7800,240,3.17,7930,7930,1399-9-23
41,غگل,گلوكوزان‌,14311,136243907,768068100480,5780,5650,5780,0,0.0,5640,-140,-2.42,5500,5920,1399-9-23
42,ثشاهد,سرمايه‌ گذاري‌ شاهد,13938,41689401,1255096262870,31600,30020,30020,-1580,-5.0,30110,-1490,-4.72,30020,30750,1399-9-23
43,غسالم,سالمين‌,13127,136385592,902263214240,6330,6640,6640,310,4.9,6620,290,4.58,6350,6640,1399-9-23
44,وخارزم,سرمايه گذاري خوارزمي,12793,68245446,803003312630,11600,11400,11710,110,0.95,11770,170,1.47,11190,12150,1399-9-23
45,تليسه,دامداري تليسه نمونه,12510,77492311,580997126586,7867,7590,7474,-393,-5.0,7497,-370,-4.7,7474,7848,1399-9-23
46,خبهمن,گروه‌بهمن‌,12299,45658461,1388605247040,29790,29500,30030,240,0.81,30410,620,2.08,28990,31270,1399-9-23
47,وغدير,سرمايه‌گذاري‌غدير(هلدينگ‌,11878,69413544,978688881630,14160,14050,13960,-200,-1.41,14100,-60,-0.42,13610,14580,1399-9-23
48,اخابر,مخابرات ايران,11212,74535556,1284153351360,16730,16330,16890,160,0.96,17230,500,2.99,16330,17560,1399-9-23
49,وساپا,سرمايه‌گذاري‌ سايپا,11193,77847214,770172140180,10380,9950,9870,-510,-4.91,9890,-490,-4.72,9870,10250,1399-9-23
50,رافزا,رايان هم افزا,10878,66525,2539458825,36356,38173,38173,1817,5.0,36444,88,0.24,38173,38173,1399-9-23
51,فاراك,ماشين‌ سازي‌ اراك‌,10703,132352062,1148398102100,7970,8400,8820,850,10.66,8680,710,8.91,8240,8820,1399-9-23
52,خپارس,پارس‌ خودرو,10672,95609391,854150520640,9200,8980,8900,-300,-3.26,8930,-270,-2.93,8740,9290,1399-9-23
53,فاذر,صنايع‌ آذرآب‌,10457,21436373,866967599560,39110,39500,40200,1090,2.79,40440,1330,3.4,37200,41060,1399-9-23
54,وملي,گروه‌ صنعتي‌ ملي‌ (هلدينگ‌,10438,3699572,1343438915660,381610,362530,362530,-19080,-5.0,363130,-18480,-4.84,362530,372000,1399-9-23
55,هاي وب,داده گسترعصرنوين-هاي وب,10044,44153066,1425029815830,31420,31220,32480,1060,3.37,32270,850,2.71,30500,32960,1399-9-23
56,فرابورس,فرابورس ايران,9898,14592412,913544414837,64450,63350,62800,-1650,-2.56,62604,-1846,-2.86,61228,65800,1399-9-23
57,البرز,بيمه البرز,9838,145894916,829299242520,5640,5460,5850,210,3.72,5680,40,0.71,5360,5880,1399-9-23
58,هرمز,فولاد هرمزگان جنوب,9838,69510319,1067623284610,14710,15290,15445,735,5.0,15359,649,4.41,14850,15445,1399-9-23
59,ما,بيمه  ما,9731,97075589,976833952540,10160,10190,10000,-160,-1.57,10060,-100,-0.98,9660,10560,1399-9-23
60,خمحركه,نيرو محركه‌,9705,77910727,661320539610,8240,8300,8640,400,4.85,8490,250,3.03,7900,8650,1399-9-23
61,كرمان,س. توسعه و عمران استان كرمان,9639,12297945,1099846206887,88878,86100,88200,-678,-0.76,89433,555,0.62,86100,92000,1399-9-23
62,خزاميا,زامياد,9581,49114817,750931411470,15830,15280,15040,-790,-4.99,15290,-540,-3.41,15040,15770,1399-9-23
63,فارس,صنايع پتروشيمي خليج فارس,9509,46584789,648427203900,13800,13900,13950,150,1.09,13920,120,0.87,13400,14100,1399-9-23
64,بوعلي,پتروشيمي بوعلي سينا,9494,680143,30347980660,42500,44620,44620,2120,4.99,43530,1030,2.42,44620,44620,1399-9-23
65,تاپيكو,س. نفت و گاز و پتروشيمي تأمين,9041,45342450,758056557200,17090,16680,16500,-590,-3.45,16720,-370,-2.17,16300,17290,1399-9-23
66,فروي,ذوب روي اصفهان,8872,5859714,394779497705,69566,67950,66088,-3478,-5.0,67372,-2194,-3.15,66088,69590,1399-9-23
67,صبا,سرمايه گذاري صبا تامين,8559,24767644,226790322716,9555,9220,9078,-477,-4.99,9157,-398,-4.17,9078,9481,1399-9-23
68,غنوش,نوش‌ مازندران‌,8542,9871466,689544095550,66730,69950,70980,4250,6.37,69850,3120,4.68,67000,72000,1399-9-23
69,زدشت,كشت و صنعت دشت خرم دره,8511,17270743,1149599587749,60782,65950,66860,6078,10.0,66563,5781,9.51,64016,66860,1399-9-23
70,لپارس,پارس‌ الكتريك‌,8502,3748083,593296379490,165700,157420,157570,-8130,-4.91,158290,-7410,-4.47,157420,165550,1399-9-23
71,سفاسي,شركت فارسيت اهواز,8361,41230540,620578125863,15062,15100,14652,-410,-2.72,15051,-11,-0.07,14611,15513,1399-9-23
72,بكهنوج,توليد برق ماهتاب كهنوج,8144,169805121,586976255501,3318,3348,3483,165,4.97,3457,139,4.19,3200,3483,1399-9-23
73,كفپارس,فرآورده‌هاي‌ نسوز پارس‌,8107,52789238,473758149340,9270,8860,8810,-460,-4.96,8970,-300,-3.24,8810,9410,1399-9-23
74,ونوين,بانك‌اقتصادنوين‌,7858,156310546,859689283480,5680,5590,5510,-170,-2.99,5500,-180,-3.17,5400,5690,1399-9-23
75,مدير,ص.س.مديريت ثروت ص.بازنشستگي-س,7838,53597056,656023684980,13193,12320,12080,-1113,-8.44,12240,-953,-7.22,11880,12700,1399-9-23
76,تبرك,گروه كارخانجات صنعتي تبرك,7716,20743492,599812077618,28487,27870,28490,3,0.01,28916,429,1.51,27860,29800,1399-9-23
77,قثابت,قند ثابت‌ خراسان‌,7686,13210592,1213058723840,87470,91840,91840,4370,5.0,91820,4350,4.97,87900,91840,1399-9-23
78,حفاري,حفاري شمال,7625,44169540,597235343480,14150,13530,13450,-700,-4.95,13520,-630,-4.45,13450,14000,1399-9-23
79,تاپكيش,تجارت الكترونيك پارسيان كيش,7618,22631656,599827170155,26406,27726,25086,-1320,-5.0,26504,98,0.37,25086,27726,1399-9-23
80,غصينو,صنعتي مينو,7516,12277649,1030363321355,80491,83000,84480,3989,4.96,83922,3431,4.26,81000,84515,1399-9-23
81,ثاخت,بين‌المللي‌توسعه‌ساختمان,7276,156688194,719189154430,4470,4340,4690,220,4.92,4590,120,2.68,4270,4690,1399-9-23
82,شيران,س. صنايع‌شيميايي‌ايران,7226,13960700,562863106540,39520,38500,39900,380,0.96,40320,800,2.02,38210,41110,1399-9-23
83,فاسمين,كالسيمين‌,7080,41126429,815297119200,20730,19700,19720,-1010,-4.87,19820,-910,-4.39,19700,20370,1399-9-23
84,بكام,كارخانجات توليدي شهيد قندي,7026,61028070,305885848970,5200,5200,4940,-260,-5.0,5010,-190,-3.65,4940,5200,1399-9-23
85,بجهرم,توسعه مولد نيروگاهي جهرم,6811,65276619,279732134868,4400,4350,4269,-131,-2.98,4285,-115,-2.61,4230,4380,1399-9-23
86,غديس,پاكديس,6721,31709284,405979054146,12652,12150,13284,632,5.0,12803,151,1.19,12020,13284,1399-9-23
87,ثنوسا,نوسازي‌وساختمان‌تهران‌,6712,51761163,724945460260,13670,13110,14350,680,4.97,14010,340,2.49,13100,14350,1399-9-23
88,غبهار,كشت وصنعت بهاران گلبهار خراسان,6591,12079352,569219476232,47267,47000,45890,-1377,-2.91,47123,-144,-0.3,45849,48685,1399-9-23
89,ومعادن,توسعه‌معادن‌وفلزات‌,6475,34062210,516216291350,15800,15300,15020,-780,-4.94,15160,-640,-4.05,15010,15700,1399-9-23
90,خريخت,صنايع‌ريخته‌گري‌ايران‌,6457,82614832,414226778710,4910,4850,5150,240,4.89,5010,100,2.04,4670,5150,1399-9-23
91,قصفها,قنداصفهان‌,6377,2004524,506347800070,250410,247000,250000,-410,-0.16,252600,2190,0.87,243000,262740,1399-9-23
92,سبزوا,سيمان لار سبزوار,6227,38697216,229706655033,6187,6000,5888,-299,-4.83,5936,-251,-4.06,5878,6150,1399-9-23
93,لسرما,سرما آفرين‌,6128,11784070,408579409290,35510,36000,33740,-1770,-4.98,34670,-840,-2.37,33740,37240,1399-9-23
94,بزاگرس,نيروگاه زاگرس كوثر,6120,30440032,463801086578,14636,14809,15170,534,3.65,15237,601,4.11,14150,15367,1399-9-23
95,كوثر,بيمه كوثر,6060,71891101,1658099317762,22254,22612,23366,1112,5.0,23064,810,3.64,21550,23366,1399-9-23
96,ولساپا,ليزينگ رايان‌ سايپا,5904,84001334,373084519330,4650,4500,4440,-210,-4.52,4440,-210,-4.52,4420,4590,1399-9-23
97,وصنعت,سرمايه گذاري توسعه صنعت وتجارت,5896,36442227,295524518290,8420,8200,8050,-370,-4.39,8110,-310,-3.68,8020,8400,1399-9-23
98,تملت,تامين سرمايه بانك ملت,5869,38376875,393944596490,9900,10190,10390,490,4.95,10270,370,3.74,9910,10390,1399-9-23
99,وپاسار,بانك  پاسارگاد,5764,55950767,689404987000,12320,12400,12390,70,0.57,12320,0,0.0,12100,12590,1399-9-23
100,وملل,اعتباري ملل,5589,36545669,604321438603,16244,15710,16500,256,1.58,16536,292,1.8,15710,17048,1399-9-23
101,تكشا,گسترش‌صنايع‌وخدمات‌كشاورزي‌,5431,7734589,478592803830,59910,61900,62850,2940,4.91,61880,1970,3.29,60100,62900,1399-9-23
102,غشهداب,كشت و صنعت شهداب ناب خراسان,5385,69354729,372054780197,5626,5460,5345,-281,-4.99,5365,-261,-4.64,5345,5600,1399-9-23
103,لكما,كارخانجات‌مخابراتي‌ايران‌,5378,27898741,250105547570,9221,9060,8945,-276,-2.99,8965,-256,-2.78,8945,9200,1399-9-23
104,زكوثر,سرمايه گذاري كشاورزي كوثر,5325,12858551,326553770340,26370,25180,25060,-1310,-4.97,25400,-970,-3.68,25060,26490,1399-9-23
105,غبهنوش,بهنوش‌ ايران‌,5163,4436646,613894204370,127230,135810,139950,12720,10.0,138370,11140,8.76,128760,139950,1399-9-23
106,خاذين,سايپاآذين‌,5154,53949396,374037192020,6670,6800,6980,310,4.65,6930,260,3.9,6570,7000,1399-9-23
107,وتوس,توسعه‌شهري‌توس‌گستر,5127,9488970,273709664340,29120,29690,28000,-1120,-3.85,28850,-270,-0.93,27800,30090,1399-9-23
108,كسرا,سراميك‌هاي‌صنعتي‌اردكان‌,5121,17041611,570835796010,35050,33400,33300,-1750,-4.99,33500,-1550,-4.42,33300,35050,1399-9-23
109,دماوند,توليد نيروي برق دماوند,5102,4520377,333202974232,76381,73700,73060,-3321,-4.35,73711,-2670,-3.5,72562,76547,1399-9-23
110,ساوه,سيمان ساوه,5081,2996834,185249603471,64155,61971,60948,-3207,-5.0,61815,-2340,-3.65,60948,64000,1399-9-23
111,بنو,بيمه تجارت نو,5048,22304086,662945751540,31206,29800,30020,-1186,-3.8,29723,-1483,-4.75,29646,31000,1399-9-23
112,پاسا,ايران‌ياساتايرورابر,5041,12796811,385767587770,29430,29600,30900,1470,4.99,30150,720,2.45,28350,30900,1399-9-23
113,دتوليد,داروسازي توليد دارو,5024,9585453,358150328648,36012,34600,37812,1800,5.0,37364,1352,3.75,34600,37812,1399-9-23
114,غويتا,ويتانا,5023,9574238,500379715406,50437,52000,52958,2521,5.0,52263,1826,3.62,48589,52958,1399-9-23
115,زشگزا,شير و گوشت زاگرس شهركرد,5012,2328128,343941091161,154993,148000,147244,-7749,-5.0,147733,-7260,-4.68,147244,152000,1399-9-23
116,كحافظ,كاشي‌ وسراميك‌ حافظ‌,4987,15573633,308969224950,20710,20070,19680,-1030,-4.97,19840,-870,-4.2,19680,20700,1399-9-23
117,ختوقا,قطعات‌ اتومبيل‌ ايران‌,4972,116975989,533944150340,4380,4440,4590,210,4.79,4560,180,4.11,4350,4590,1399-9-23
118,فنوال,نورد آلومينيوم‌,4909,17646073,580614217770,31400,32970,32970,1570,5.0,32900,1500,4.78,31500,32970,1399-9-23
119,ثقزوي,شركت عمران و سازندگي قزوين,4885,12541678,344412506738,27575,26800,27610,35,0.13,27461,-114,-0.41,26748,28264,1399-9-23
120,كيسون,شركت كيسون,4857,21555620,366346931806,16942,16940,17190,248,1.46,16995,53,0.31,16460,17400,1399-9-23
121,ودي,بيمه  دي,4702,18339282,571914541617,31612,31400,31200,-412,-1.3,31185,-427,-1.35,30348,31980,1399-9-23
122,خصدرا,صنعتي‌ دريايي‌ ايران‌,4687,58007356,310917951034,5508,5452,5345,-163,-2.96,5360,-148,-2.69,5343,5454,1399-9-23
123,خرينگ,رينگ‌سازي‌مشهد,4671,7808881,493314710300,66370,63060,63060,-3310,-4.99,63170,-3200,-4.82,63060,65500,1399-9-23
124,ماديرا,صنايع ماشين هاي اداري ايران,4657,11406029,356066978735,31590,31000,30710,-880,-2.79,31217,-373,-1.18,30320,32580,1399-9-23
125,خكمك,كمك‌فنرايندامين‌,4637,8528828,444082075980,50140,49500,52640,2500,4.99,52070,1930,3.85,49500,52640,1399-9-23
126,زقيام,كشت و دام قيام اصفهان,4622,10571879,467489370204,42610,41000,44740,2130,5.0,44220,1610,3.78,40830,44740,1399-9-23
127,وپارس,بانك‌پارسيان‌,4607,157090117,735181747560,4460,4680,4680,220,4.93,4680,220,4.93,4680,4680,1399-9-23
128,فنورد,نوردوقطعات‌ فولادي‌,4578,3100441,622947162890,192690,202320,202320,9630,5.0,200920,8230,4.27,186000,202320,1399-9-23
129,وشهر,بانك شهر,4563,30931198,247481604654,7894,7831,7999,105,1.33,8001,107,1.36,7775,8180,1399-9-23
130,خكرمان,گروه اقتصادي كرمان خودرو,4521,51999050,308872508318,6035,5870,5854,-181,-3.0,5940,-95,-1.57,5854,6190,1399-9-23
131,نوين,بيمه نوين,4504,27393492,260837516871,9917,9431,9600,-317,-3.2,9522,-395,-3.98,9422,9850,1399-9-23
132,دزهراوي,داروسازي‌زهراوي‌,4495,17759060,246142150390,13780,13140,13880,100,0.73,13860,80,0.58,13100,14350,1399-9-23
133,ريشمك,توليد و صادرات ريشمك,4442,4989994,297036020323,59758,60855,58500,-1258,-2.11,59526,-232,-0.39,56771,61570,1399-9-23
134,ارفع,شركت آهن و فولاد ارفع,4433,19149822,309431720672,15934,15774,15900,-34,-0.21,16158,224,1.41,15773,16700,1399-9-23
135,حسير,ريل سير كوثر,4407,12933175,266052552733,19896,20170,20890,994,5.0,20571,675,3.39,19360,20890,1399-9-23
136,چكاپا,گروه صنايع كاغذ پارس,4344,59049869,404868669780,6660,6600,6990,330,4.95,6860,200,3.0,6370,6990,1399-9-23
137,كالا,بورس كالاي ايران,4333,7052589,351649000420,52280,49690,49670,-2610,-4.99,49860,-2420,-4.63,49670,50980,1399-9-23
138,انرژي3,سايراشخاص بورس انرژي,4222,849542,306736088210,379540,360570,360570,-18970,-5.0,361060,-18480,-4.87,360570,370000,1399-9-23
139,پارسيان,بيمه پارسيان,4193,44211035,758763030520,16380,17190,17190,810,4.95,17160,780,4.76,16670,17190,1399-9-23
140,وكار,بانك‌ كارآفرين‌,4156,168223346,899181979980,5130,5380,5170,40,0.78,5350,220,4.29,5150,5380,1399-9-23
141,ورنا,سرمايه‌گذاري‌ رنا(هلدينگ‌,4147,31198839,295302231800,9870,9520,9380,-490,-4.96,9470,-400,-4.05,9380,9850,1399-9-23
142,كاوه,فولاد كاوه جنوب كيش,4143,19841771,456796473390,23400,23000,22560,-840,-3.59,23020,-380,-1.62,22510,23760,1399-9-23
143,وساخت,سرمايه‌ گذاري‌ ساختمان‌ايران‌,4136,5873260,414810032060,69100,69990,70290,1190,1.72,70630,1530,2.21,67100,72000,1399-9-23
144,غگيلا,شيرپاستوريزه پگاه گيلان,4121,1062752,19334647136,17327,18193,18193,866,5.0,17645,318,1.84,18193,18193,1399-9-23
145,ثمسكن,سرمايه‌گذاري‌ مسكن‌,4118,37634790,262196398550,6880,6600,7100,220,3.2,6970,90,1.31,6600,7210,1399-9-23
146,ونيرو,سرمايه‌گذاري‌نيرو,4016,38791608,187507499120,5060,4840,4810,-250,-4.94,4830,-230,-4.55,4810,4940,1399-9-23
147,كگل,معدني و صنعتي گل گهر,3962,17267917,325221411500,19230,18510,18500,-730,-3.8,18830,-400,-2.08,18500,19200,1399-9-23
148,افرا,افرانت,3894,5017479,246880193658,48097,48500,47490,-607,-1.26,49204,1107,2.3,47000,50501,1399-9-23
149,قنيشا,قند  نيشابور,3751,4459967,334112935610,78290,74380,74380,-3910,-4.99,74910,-3380,-4.32,74380,77500,1399-9-23
150,شفارس,صنايع‌ شيميايي‌ فارس‌,3734,9352306,560127735730,60530,57980,61300,770,1.27,59890,-640,-1.06,57510,62980,1399-9-23
151,پاكشو,گروه صنعتي پاكشو,3708,3739586,311041121430,86860,83700,83700,-3160,-3.64,83180,-3680,-4.24,82520,86860,1399-9-23
152,وبوعلي,سرمايه‌گذاري‌بوعلي‌,3698,22568824,185824293510,8080,8480,8080,0,0.0,8230,150,1.86,8020,8480,1399-9-23
153,پارسان,گسترش نفت و گاز پارسيان,3662,17896828,444402970610,24750,24510,24890,140,0.57,24830,80,0.32,23800,25530,1399-9-23
154,وهور,مديريت انرژي اميد  تابان هور,3661,6537860,299696796441,45265,45000,46000,735,1.62,45840,575,1.27,43822,46503,1399-9-23
155,حريل,ريل پردازسير,3655,59638835,282111225524,4541,4600,4768,227,5.0,4730,189,4.16,4430,4768,1399-9-23
156,كمند,صندوق س. با درآمد ثابت كمند,3637,164908676,1656558177862,10039,10043,10046,7,0.07,10045,6,0.06,10042,10050,1399-9-23
157,فسرب,ملي‌ سرب‌وروي‌ ايران‌,3625,1565420,220439120050,147820,140510,140430,-7390,-5.0,140820,-7000,-4.74,140430,144250,1399-9-23
158,والبر,سرمايه‌ گذاري‌ البرز(هلدينگ‌,3610,12904411,277219245500,20690,19700,21720,1030,4.98,21480,790,3.82,19700,21720,1399-9-23
159,چكارن,كارتن‌ ايران‌,3596,43696567,205282003440,4500,4710,4720,220,4.89,4700,200,4.44,4420,4720,1399-9-23
160,زبينا,كشاورزي و دامپروري بينالود,3587,4252509,225966048438,55517,55990,52742,-2775,-5.0,53137,-2380,-4.29,52742,55990,1399-9-23
161,شجم,صنايع پتروشيمي تخت جمشيد,3516,80371902,872355082130,10568,10885,10719,151,1.43,10854,286,2.71,10470,10885,1399-9-23
162,ونفت,سرمايه‌گذاري‌ صنعت‌ نفت‌,3473,14135086,254204930540,17660,17800,17490,-170,-0.96,17980,320,1.81,17430,18300,1399-9-23
163,تاصيكو,سرمايه گذاري صدرتامين,3442,19635876,241702592130,12090,12500,12000,-90,-0.74,12310,220,1.82,11600,12640,1399-9-23
164,ثنام,س ساختماني ب نام آوران مهندسي,3396,10606163,233301431990,22509,21834,21835,-674,-2.99,21997,-512,-2.27,21834,22900,1399-9-23
165,كچاد,معدني‌وصنعتي‌چادرملو,3388,11441055,231351493290,20710,19820,20150,-560,-2.7,20220,-490,-2.37,19820,20710,1399-9-23
166,كرازي,كارخانجات‌توليدي‌شيشه‌رازي‌,3369,7505060,182887817430,24750,23790,24700,-50,-0.2,24370,-380,-1.54,23750,25300,1399-9-23
167,ورازي,بيمه رازي,3368,20455915,284939073967,13750,13063,14437,687,5.0,13929,179,1.3,13063,14437,1399-9-23
168,وبانك,سرمايه گذاري گروه توسعه ملي,3363,12779986,147787152340,11950,11900,11440,-510,-4.27,11560,-390,-3.26,11360,12100,1399-9-23
169,ميهن,بيمه ميهن,3334,36679752,243671712254,6943,6610,6690,-253,-3.64,6643,-300,-4.32,6596,6943,1399-9-23
170,شپاس,نفت پاسارگاد,3309,15153757,367830500709,23928,23600,25124,1196,5.0,24273,345,1.44,22732,25124,1399-9-23
171,سصوفي,سيمان‌ صوفيان‌,3285,13242169,211455642080,16730,15950,16100,-630,-3.77,15970,-760,-4.54,15900,16400,1399-9-23
172,سفارس,سيمان فارس و خوزستان,3277,13131042,253390011730,20120,19790,19490,-630,-3.13,19300,-820,-4.08,19120,19840,1399-9-23
173,زاگرس,پتروشيمي زاگرس,3224,2269467,445373464485,194730,195150,196190,1460,0.75,196246,1516,0.78,193000,199690,1399-9-23
174,شسپا,نفت سپاهان,3207,25975310,747096743770,27710,27640,29090,1380,4.98,28760,1050,3.79,26800,29090,1399-9-23
175,تپمپي,پمپ‌ سازي‌ ايران‌,3119,5378542,196416259060,36900,36440,36900,0,0.0,36520,-380,-1.03,35420,37450,1399-9-23
176,قشير,قند شيروان قوچان و بجنورد,3115,5703101,194390865263,34979,35000,33610,-1369,-3.91,34085,-894,-2.56,33231,35570,1399-9-23
177,ختور,رادياتور ايران‌,3063,5015302,221766571780,46430,44180,44110,-2320,-5.0,44220,-2210,-4.76,44110,45700,1399-9-23
178,پكرمان,گروه‌ صنعتي‌ بارز,3026,17076553,596739241530,33430,32000,35100,1670,5.0,34940,1510,4.52,32000,35100,1399-9-23
179,بورس,بورس اوراق بهادار تهران,3023,4644511,306225898770,68890,66150,65450,-3440,-4.99,65930,-2960,-4.3,65450,67600,1399-9-23
180,شاراك,پتروشيمي شازند,2990,13406887,363009298200,26100,26650,27380,1280,4.9,27080,980,3.75,25200,27400,1399-9-23
181,سشرق,سيمان‌ شرق‌,2976,19429318,143660260960,7270,7370,7340,70,0.96,7390,120,1.65,7010,7600,1399-9-23
182,آگاس,صندوق س.هستي بخش آگاه-س,2955,2444388,185603067189,77160,76750,75600,-1560,-2.02,75930,-1230,-1.59,75001,77000,1399-9-23
183,رتاپح,ح.تجارت الكترونيك پارسيان,2948,21857727,139014119400,5890,6100,6480,590,10.02,6360,470,7.98,5610,6480,1399-9-23
184,فرآور,فرآوري‌موادمعدني‌ايران‌,2907,7509766,209363119570,28000,27810,28560,560,2.0,27880,-120,-0.43,26600,28800,1399-9-23
185,كسعدي,كاشي‌ سعدي‌,2861,4991324,181420703110,38150,37120,36250,-1900,-4.98,36350,-1800,-4.72,36250,37120,1399-9-23
186,كوير,توليدي فولاد سپيد فراب كوير,2809,9140124,200425971800,22780,22050,21650,-1130,-4.96,21930,-850,-3.73,21650,22700,1399-9-23
187,وشمال,س. چشم انداز توسعه شمال,2783,1703229,170634230300,102207,99141,99141,-3066,-3.0,100183,-2024,-1.98,99141,103950,1399-9-23
188,تكنو,تكنوتار,2777,11383489,180992430730,15420,16000,15390,-30,-0.19,15900,480,3.11,15000,16190,1399-9-23
189,بپاس,بيمه پاسارگاد,2770,3723618,346890041897,93790,94000,93198,-592,-0.63,93159,-631,-0.67,92000,94010,1399-9-23
190,غمينو,شركت صنايع غذايي مينو شرق,2768,14395851,230926912771,15299,16063,16063,764,4.99,16041,742,4.85,15600,16063,1399-9-23
191,ميدكو,هلدينگ صنايع  معدني خاورميانه,2740,5309184,149075220229,27685,28000,28380,695,2.51,28079,394,1.42,26850,28600,1399-9-23
192,ساربيل,سيمان آرتا اردبيل,2723,2311360,126927128330,53420,55500,56090,2670,5.0,54910,1490,2.79,51010,56090,1399-9-23
193,توريل,توکاريل,2716,7506621,182412752617,24444,24000,24300,-144,-0.59,24300,-144,-0.59,23367,25199,1399-9-23
194,فولاي,صنايع فولاد آلياژي يزد,2711,6190302,229346650949,38455,38700,37480,-975,-2.54,37049,-1406,-3.66,36533,38700,1399-9-23
195,كيميا,معدني كيمياي زنجان گستران,2670,5982087,215991529419,34656,35490,36388,1732,5.0,36106,1450,4.18,33400,36388,1399-9-23
196,كلوند,كاشي‌ الوند,2668,6675568,207777997850,30010,31050,31210,1200,4.0,31130,1120,3.73,29160,31510,1399-9-23
197,آريان,سرمايه گذاري پارس آريان,2663,35552239,576194192423,15794,16000,16169,375,2.37,16207,413,2.61,15750,16267,1399-9-23
198,غشان,شيرپاستوريزه‌پگاه‌خراسان‌,2659,14575261,136616431960,9390,9230,9250,-140,-1.49,9370,-20,-0.21,9040,9730,1399-9-23
199,كساوه,صنايع‌ كاشي‌ و سراميك‌ سينا,2644,5266715,521580874120,99610,96000,97000,-2610,-2.62,99030,-580,-0.58,94630,103000,1399-9-23
200,ارزش,صندوق س ارزش آفرين بيدار-سهام,2603,18938972,218795820620,12090,11800,11600,-490,-4.05,11550,-540,-4.47,11050,11800,1399-9-23
201,سپ,پرداخت الكترونيك سامان كيش,2596,4167003,86638155720,20490,21490,20650,160,0.78,20790,300,1.46,19960,21490,1399-9-23
202,دانا,بيمه دانا,2546,18926604,158406289780,8610,8180,9040,430,4.99,8370,-240,-2.79,8180,9040,1399-9-23
203,خمهر,مهركام‌پارس‌,2524,20861413,172214147300,8180,7880,8220,40,0.49,8260,80,0.98,7790,8450,1399-9-23
204,قرن,پديده شيمي قرن,2523,2594729,153889895500,61130,59830,58800,-2330,-3.81,59310,-1820,-2.98,58410,60800,1399-9-23
205,چفيبر,فيبر ايران‌,2523,14640746,123445466250,8480,8500,8480,0,0.0,8430,-50,-0.59,8060,8790,1399-9-23
206,حاريا,كشتيراني آريا,2509,6478236,192070179959,30027,30000,29127,-900,-3.0,29649,-378,-1.26,29127,30896,1399-9-23
207,خديزل,بهمن  ديزل,2487,15269632,887898560368,55659,58441,58000,2341,4.21,58148,2489,4.47,56772,58441,1399-9-23
208,غمينوح,ح . شركت صنايع غذايي مينو شرق,2478,15209051,190935610774,12443,12590,12320,-123,-0.99,12554,111,0.89,12150,13065,1399-9-23
209,ثباغ,شهر سازي و خانه سازي باغميشه,2469,8202630,199806556679,23741,23800,24927,1186,5.0,24359,618,2.6,23340,24928,1399-9-23
210,شكلر,نيروكلر,2463,3127579,191235655960,62070,61000,61560,-510,-0.82,61140,-930,-1.5,59500,64000,1399-9-23
211,مرقام,ايران‌ارقام‌,2452,6060915,160257322710,27240,26300,26020,-1220,-4.48,26440,-800,-2.94,25880,27600,1399-9-23
212,كپارس,كاشي‌ پارس‌,2434,1021325,175375143350,179570,172600,170600,-8970,-5.0,171710,-7860,-4.38,170600,178000,1399-9-23
213,رمپنا,گروه مپنا (سهامي عام),2430,10194117,220176783280,22380,21310,21270,-1110,-4.96,21600,-780,-3.49,21270,22200,1399-9-23
214,پلاسك,پلاسكوكار,2419,15428758,146909317980,9170,9300,9620,450,4.91,9520,350,3.82,8720,9620,1399-9-23
215,سامان,بانك سامان,2419,17347529,211122008603,12367,12050,12380,13,0.11,12170,-197,-1.59,11996,12380,1399-9-23
216,وبيمه,سرمايه‌ گذاري‌ صنعت‌ بيمه‌,2418,26086326,98694267940,3960,3790,3770,-190,-4.8,3780,-180,-4.55,3770,3870,1399-9-23
217,اپرداز,آتيه داده پرداز,2402,3819824,117526377107,31211,31990,30380,-831,-2.66,30767,-444,-1.42,30000,31990,1399-9-23
218,كلر,كلر پارس,2383,2002001,145573395318,76332,73000,72516,-3816,-5.0,72714,-3618,-4.74,72516,74360,1399-9-23
219,شكربن,كربن‌ ايران‌,2374,2756581,240428598840,91620,88000,88150,-3470,-3.79,87220,-4400,-4.8,87040,89900,1399-9-23
220,غمارگ,مارگارين‌,2374,4701087,195611226160,40580,38850,42600,2020,4.98,41610,1030,2.54,38850,42600,1399-9-23
221,ملت,بيمه ملت,2373,13015209,235194097530,18740,18000,18130,-610,-3.26,18070,-670,-3.58,17810,18720,1399-9-23
222,ستران,سيمان‌ تهران‌,2370,3299617,132859330140,40450,40440,39700,-750,-1.85,40270,-180,-0.44,38710,42100,1399-9-23
223,وحافظ,بيمه حافظ,2356,2740098,186263825130,68669,66610,67100,-1569,-2.28,67977,-692,-1.01,66609,70729,1399-9-23
224,رانفور,خدمات‌انفورماتيك‌,2351,4279406,144855978710,34640,34100,33400,-1240,-3.58,33850,-790,-2.28,33000,35210,1399-9-23
225,ومهان,گروه توسعه مالي مهر آيندگان,2346,9393404,164298773939,17795,17661,17330,-465,-2.61,17491,-304,-1.71,17200,17840,1399-9-23
226,وتوصا,گروه س توسعه صنعتي ايران,2342,47797902,840932237080,16770,17600,17600,830,4.95,17590,820,4.89,16770,17600,1399-9-23
227,ثنور,سرمايه گذاري كوه نور,2336,29929390,246644978838,8010,8250,8250,240,3.0,8241,231,2.88,8080,8250,1399-9-23
228,بخاور,بيمه زندگي خاورميانه,2311,23662992,241061167395,9960,10458,10099,139,1.4,10187,227,2.28,9960,10458,1399-9-23
229,سيمرغ,سيمرغ,2310,27107266,553218525600,19450,20420,20420,970,4.99,20410,960,4.94,20000,20420,1399-9-23
230,غالبر,لبنيات‌ كالبر,2306,12673925,176683114780,13370,13680,14030,660,4.94,13940,570,4.26,13350,14030,1399-9-23
231,چدن,توليدي چدن سازان,2282,8071954,294494392110,38250,36900,36340,-1910,-4.99,36480,-1770,-4.63,36340,37890,1399-9-23
232,فبيرا,بسته‌ بندي‌ ايران‌,2278,21328200,106971420176,5143,5000,4989,-154,-2.99,5015,-128,-2.49,4989,5290,1399-9-23
233,ثتران,سرمايه گذاري مسكن تهران,2251,24005096,130645915751,5688,5560,5404,-284,-4.99,5442,-246,-4.32,5404,5630,1399-9-23
234,افق,فروشگاههاي زنجيره اي افق كوروش,2230,1779404,144786211220,81960,81170,81000,-960,-1.17,81370,-590,-0.72,79010,83390,1399-9-23
235,بايكا,كارخانجات كابلسازي ‌ايران‌,2196,3430183,220651412216,63247,65144,65144,1897,3.0,64326,1079,1.71,61350,65144,1399-9-23
236,ولشرق,ليزينگ ايران و شرق,2188,14479031,106950083798,7627,7370,7246,-381,-5.0,7387,-240,-3.15,7246,7712,1399-9-23
237,ثعمرا,عمران و توسعه شاهد,2170,12173678,207791429468,17957,17060,17060,-897,-5.0,17069,-888,-4.95,17060,17390,1399-9-23
238,اتكام,شركت بيمه اتكايي امين,2151,15205480,121334673187,8110,8180,7803,-307,-3.79,7980,-130,-1.6,7705,8280,1399-9-23
239,سرو,صندوق س سروسودمند مدبران-سهام,2138,1783707,130729189640,73880,73680,73600,-280,-0.38,73290,-590,-0.8,72410,74090,1399-9-23
240,سنير,سيمان‌ سفيد ني‌ريز,2122,1400556,129049440770,88170,92490,92570,4400,4.99,92140,3970,4.5,88180,92570,1399-9-23
241,حبندر,دريايي و کشتيراني خط دريابندر,2115,3228604,113654441351,33700,34500,35384,1684,5.0,35202,1502,4.46,32320,35385,1399-9-23
242,شبهرن,نفت‌ بهران‌,2109,2372110,151054693150,63350,63000,63200,-150,-0.24,63680,330,0.52,62010,64940,1399-9-23
243,غپاك,لبنيات‌ پاك‌,2075,13353012,220806696430,15880,15900,16670,790,4.97,16540,660,4.16,15090,16670,1399-9-23
244,دكوثر,داروسازي‌ كوثر,2066,3801390,107096070030,27810,27880,28450,640,2.3,28170,360,1.29,26420,28980,1399-9-23
245,تنوينح,ح . تامين سرمايه نوين,2052,8799175,46279118945,5407,5273,5341,-66,-1.22,5259,-148,-2.74,5120,5360,1399-9-23
246,شپديس,پتروشيمي پرديس,2047,2075464,225912266520,109880,109880,109990,110,0.1,108850,-1030,-0.94,106700,111880,1399-9-23
247,خوساز,محورسازان‌ايران‌خودرو,2042,20105578,174116553490,8360,8310,8770,410,4.9,8660,300,3.59,8010,8770,1399-9-23
248,رتكو,كنترل‌خوردگي‌تكين‌كو,2036,11825664,251105587170,20600,19900,21200,600,2.91,21230,630,3.06,19570,21630,1399-9-23
249,كهمدا,شيشه‌ همدان‌,2030,8282986,110452931480,13910,13220,13390,-520,-3.74,13330,-580,-4.17,13220,14010,1399-9-23
250,سپاها,سيمان‌سپاهان‌,2025,11095082,104511202390,9810,9760,9330,-480,-4.89,9420,-390,-3.98,9320,9760,1399-9-23
251,شبصير,توليدات پتروشيمي قائد بصير,2004,1855068,251889154268,130440,131989,136962,6522,5.0,135784,5344,4.1,129110,136962,1399-9-23
252,حفارس,حمل و نقل بين المللي خليج فارس,1991,19831516,95927512990,5060,4990,4810,-250,-4.94,4840,-220,-4.35,4810,5010,1399-9-23
253,وسرمد,بيمه  سرمد,1961,24787340,197977690013,7787,8010,7990,203,2.61,7987,200,2.57,7555,8020,1399-9-23
254,واتي,سرمايه‌ گذاري‌ آتيه‌ دماوند,1956,9991923,150908333140,15740,15120,14990,-750,-4.76,15100,-640,-4.07,14960,15660,1399-9-23
255,سدور,سيمان‌ دورود,1948,13088126,130932089240,10450,10080,9930,-520,-4.98,10000,-450,-4.31,9930,10420,1399-9-23
256,قشكر,شكرشاهرود,1941,2012791,100771588690,48760,49000,49400,640,1.31,50070,1310,2.69,48310,51000,1399-9-23
257,آپ,آسان پرداخت پرشين,1941,4208011,84114911960,20000,19010,19990,-10,-0.05,19990,-10,-0.05,19010,20530,1399-9-23
258,خفناور,مهندسي صنعتي روان فن آور,1936,7036662,202125253604,28696,27838,28115,-581,-2.02,28725,29,0.1,27836,29460,1399-9-23
259,شاوان,پالايش نفت لاوان,1936,1832511,214136218221,113138,107485,118794,5656,5.0,116854,3716,3.28,107485,118794,1399-9-23
260,همراه,شركت ارتباطات سيار ايران,1935,4738912,180384817810,37860,36260,38090,230,0.61,38060,200,0.53,36260,38850,1399-9-23
261,خاهن,آهنگري‌ تراكتورسازي‌ ايران‌,1935,3959884,153864833750,39240,37900,39000,-240,-0.61,38860,-380,-0.97,37900,39670,1399-9-23
262,كروي,توسعه‌ معادن‌ روي‌ ايران‌,1914,3942895,145026309310,38200,38580,36460,-1740,-4.55,36780,-1420,-3.72,36380,38600,1399-9-23
263,گدنا,تهيه توزيع غذاي دنا آفرين فدك,1903,2511855,92084604300,34915,36660,36660,1745,5.0,36660,1745,5.0,36660,36660,1399-9-23
264,كطبس,ذغال‌سنگ‌ نگين‌ ط‌بس‌,1900,3268898,229814649340,68020,65000,71420,3400,5.0,70300,2280,3.35,65000,71420,1399-9-23
265,شراز,پالايش نفت شيراز,1899,2286648,294143281000,124511,118286,130000,5489,4.41,128635,4124,3.31,118286,130736,1399-9-23
266,چافست,افست‌,1880,4063118,100252974870,24990,24500,24500,-490,-1.96,24670,-320,-1.28,23750,26000,1399-9-23
267,وصنا,گروه‌صنايع‌بهشهرايران‌,1873,9149992,126639087990,13860,14180,13800,-60,-0.43,13840,-20,-0.14,13410,14200,1399-9-23
268,پارند,صندوق س. پارند پايدار سپهر,1867,85137008,960028928543,11276,11278,11276,0,0.0,11276,0,0.0,11276,11283,1399-9-23
269,كبافق,معادن‌ بافق‌,1861,3863567,203065055240,50190,52550,52690,2500,4.98,52560,2370,4.72,51190,52690,1399-9-23
270,حآسا,آسيا سير ارس,1833,6309721,178808629520,27185,28000,28544,1359,5.0,28339,1154,4.24,27470,28544,1399-9-23
271,وآذر,سرمايه‌گذاري‌توسعه‌آذربايجان‌,1828,1250396,151480624170,123310,121000,121790,-1520,-1.23,121150,-2160,-1.75,117160,126490,1399-9-23
272,رنيك,جنرال مكانيك,1821,3240538,89909555594,27890,27500,27001,-889,-3.19,27745,-145,-0.52,27001,28480,1399-9-23
273,دلقما,دارويي‌ لقمان‌,1792,2592320,84958059050,33600,33600,31920,-1680,-5.0,32770,-830,-2.47,31920,34770,1399-9-23
274,تسه9908,امتياز تسهيلات مسكن آبان99,1785,41329,25207904256,601585,631664,620000,18415,3.06,609933,8348,1.39,587500,631664,1399-9-23
275,خفنر,فنرسازي‌خاور,1783,4913207,108678239330,22910,22000,21770,-1140,-4.98,22120,-790,-3.45,21770,23990,1399-9-23
276,سمازن,سيمان‌مازندران‌,1750,7414446,89377851770,12220,12180,11890,-330,-2.7,12050,-170,-1.39,11610,12750,1399-9-23
277,دجابر,داروسازي‌ جابرابن‌حيان‌,1749,5179426,246140759340,49720,49000,47440,-2280,-4.59,47520,-2200,-4.42,47240,49100,1399-9-23
278,وسين,بيمه سينا,1748,9581743,243860581893,26605,25350,25500,-1105,-4.15,25451,-1154,-4.34,25275,26605,1399-9-23
279,شفن,پتروشيمي فناوران,1744,458663,149362151420,337410,320580,324500,-12910,-3.83,325650,-11760,-3.49,320540,337410,1399-9-23
280,اعتماد,صندوق س.اعتماد آفرين پارسيان-د,1737,55422400,1873159216190,33782,33799,33806,24,0.07,33798,16,0.05,33796,33806,1399-9-23
281,ومعلم,بيمه معلم,1733,8924502,72676826684,8507,8120,8082,-425,-5.0,8144,-363,-4.27,8082,8470,1399-9-23
282,سرچشمه,سرمايه گذاري مس سرچشمه,1723,9993207,87130921126,9093,8641,8800,-293,-3.22,8719,-374,-4.11,8641,9000,1399-9-23
283,غاذر,كشت‌وصنعت‌پياذر,1703,1556495,141607892250,95320,94400,92000,-3320,-3.48,90980,-4340,-4.55,90560,94400,1399-9-23
284,وپترو,سرمايه‌گذاري صنايع پتروشيمي‌,1701,6991449,131292680150,19640,19600,18690,-950,-4.84,18780,-860,-4.38,18660,19600,1399-9-23
285,سپح,ح . پرداخت الكترونيك سامان كيش,1695,3420935,64702435260,18750,18210,19100,350,1.87,18910,160,0.85,17640,19340,1399-9-23
286,جهرم,پتروشيمي جهرم,1692,20130152,60949791116,3118,3035,3025,-93,-2.98,3028,-90,-2.89,3025,3111,1399-9-23
287,فلوله,لوله‌وماشين‌سازي‌ايران‌,1683,4336451,111978489980,25740,24700,25700,-40,-0.16,25820,80,0.31,24670,26800,1399-9-23
288,زفكا,كشت و دامداري فكا,1682,1618681,84997284890,53746,53300,51520,-2226,-4.14,52510,-1236,-2.3,51090,54717,1399-9-23
289,آ س پ,آ.س.پ,1671,6494963,75551034491,11896,11800,11500,-396,-3.33,11632,-264,-2.22,11303,12190,1399-9-23
290,فولاژ,فولاد آلياژي ايران,1657,2868111,78895063140,28360,28500,27430,-930,-3.28,27510,-850,-3.0,27000,28500,1399-9-23
291,فمراد,آلومراد,1652,1187632,155153455240,136520,129770,129700,-6820,-5.0,130640,-5880,-4.31,129700,137530,1399-9-23
292,زشريف,كشت وصنعت شريف آباد,1651,3221336,88731426151,27818,26610,27488,-330,-1.19,27545,-273,-0.98,26510,28490,1399-9-23
293,كترام,توليدي‌ كاشي‌ تكسرام‌,1651,2720185,102802851260,38280,36800,38200,-80,-0.21,37790,-490,-1.28,36800,38980,1399-9-23
294,بنيرو,نيروترانس‌,1650,1636184,96516804240,58250,57000,59280,1030,1.77,58990,740,1.27,55560,60000,1399-9-23
295,وپسا,س. پتروشيمي ساختمان  خليج فارس,1643,51541558,213031309195,4045,4132,4166,121,2.99,4133,88,2.18,3924,4166,1399-9-23
296,شصدف,صنعتي دوده فام,1627,49949,1297175530,24734,25970,25970,1236,5.0,24764,30,0.12,25970,25970,1399-9-23
297,خكاوه,سايپا ديزل,1625,18921194,98679916805,5365,5350,5205,-160,-2.98,5215,-150,-2.8,5205,5350,1399-9-23
298,ثپرديس,سرمايه گذاري مسكن پرديس,1623,6524684,74165497905,11749,11740,11221,-528,-4.49,11367,-382,-3.25,11220,11740,1399-9-23
299,بالاس,مهندسي ساختمان تاسيسات راه آهن,1617,1961715,115174614358,61423,58410,58352,-3071,-5.0,58711,-2712,-4.42,58352,60950,1399-9-23
300,زماهان,مجتمع توليد گوشت مرغ ماهان,1608,2948720,88193695013,28617,30047,30047,1430,5.0,29909,1292,4.51,27187,30047,1399-9-23
301,پخش,پخش البرز,1602,3111324,133959927549,44749,43000,42770,-1979,-4.42,43056,-1693,-3.78,42512,44990,1399-9-23
302,شتوكا,توكا رنگ فولاد سپاهان,1585,2494353,116559458710,44721,46600,46957,2236,5.0,46729,2008,4.49,45000,46957,1399-9-23
303,شمواد,توليد مواداوليه الياف مصنوعي,1583,1902437,117604826509,63478,61574,61574,-1904,-3.0,61818,-1660,-2.62,61574,63172,1399-9-23
304,ثشرق,سرمايه گذاري مسكن شمال شرق,1552,18538504,115206856660,6490,6290,6230,-260,-4.01,6210,-280,-4.31,6170,6510,1399-9-23
305,لابسا,آبسال‌,1541,2292343,94752747280,42250,40140,41180,-1070,-2.53,41330,-920,-2.18,40140,43330,1399-9-23
306,وسپه,سرمايه‌گذاري‌ سپه‌,1536,7162263,106096062010,14960,14790,14760,-200,-1.34,14810,-150,-1.0,14480,15080,1399-9-23
307,سفار,سيمان‌فارس‌,1529,1035093,105550912840,103610,106570,105000,1390,1.34,101970,-1640,-1.58,98430,107750,1399-9-23
308,دسبحان,سبحان دارو,1526,2638357,68797926530,25320,26000,25950,630,2.49,26080,760,3.0,25400,26540,1399-9-23
309,حتايد,تايدواترخاورميانه,1521,5792335,129454081290,22540,21600,22660,120,0.53,22350,-190,-0.84,21600,23370,1399-9-23
310,غمهراح,ح . توليدي‌مهرام‌,1517,1233795,75400715550,61470,64000,58500,-2970,-4.83,61110,-360,-0.59,57500,64880,1399-9-23
311,جم,پتروشيمي جم,1509,2596331,131076327950,51780,51700,49200,-2580,-4.98,50490,-1290,-2.49,49200,52500,1399-9-23
312,فايرا,آلومينيوم‌ايران‌,1484,3191805,91455948680,28980,29400,28100,-880,-3.04,28650,-330,-1.14,27710,29950,1399-9-23
313,خچرخش,چرخشگر,1476,7036595,129690503850,19340,18410,18380,-960,-4.96,18430,-910,-4.71,18380,19000,1399-9-23
314,شرانل,نفت ايرانول,1442,2155237,80538340311,37412,36460,36500,-912,-2.44,37369,-43,-0.11,35810,38500,1399-9-23
315,فزرين,زرين معدن آسيا,1440,4569370,128611606094,29580,28101,28101,-1479,-5.0,28146,-1434,-4.85,28101,29300,1399-9-23
316,وگستر,گسترش سرمايه گذاري ايرانيان,1429,3924754,94653593412,24616,23550,23900,-716,-2.91,24117,-499,-2.03,23550,24990,1399-9-23
317,غشصفا,شيرپاستوريزه‌پگاه‌اصفهان‌,1428,2866905,91040534310,31910,33190,30320,-1590,-4.98,31760,-150,-0.47,30320,33190,1399-9-23
318,كاذرح,ح . فرآورده‌هاي‌نسوزآذر,1426,4016721,74327057100,19350,17700,18400,-950,-4.91,18500,-850,-4.39,17630,19300,1399-9-23
319,فسپا,گروه‌صنعتي‌سپاهان‌,1426,2480901,131955024160,53540,52710,52350,-1190,-2.22,53190,-350,-0.65,51250,54990,1399-9-23
320,بالبر,كابل‌ البرز,1412,3270132,89714378030,26850,26850,28190,1340,4.99,27430,580,2.16,25510,28190,1399-9-23
321,كنور,توسعه معدني و صنعتي صبانور,1411,2621940,125820783350,49410,48910,47000,-2410,-4.88,47990,-1420,-2.87,46940,49800,1399-9-23
322,امين يكم,صندوق درآمد ثابت امين يكم فردا,1402,47162487,482888082033,10228,10239,10247,19,0.19,10239,11,0.11,10228,10250,1399-9-23
323,حتوكا,حمل‌ونقل‌توكا,1398,8811109,209247486500,22660,23790,23790,1130,4.99,23750,1090,4.81,22500,23790,1399-9-23
324,وسبحان,سرمايه گذاري سبحان,1393,7739910,69224196991,9169,9021,8940,-229,-2.5,8944,-225,-2.45,8821,9100,1399-9-23
325,پكوير,كوير تاير,1390,7102595,147315929740,19920,20200,20910,990,4.97,20740,820,4.12,19100,20910,1399-9-23
326,دسانكو,داروسازي سبحان انكولوژي,1385,3665943,69866183600,19184,18250,18601,-583,-3.04,19058,-126,-0.66,18250,19900,1399-9-23
327,وبهمن,سرمايه‌گذاري‌بهمن‌,1383,6591531,139663373010,21390,21390,21300,-90,-0.42,21190,-200,-0.94,20330,22200,1399-9-23
328,وصندوق,سرمايه‌گذاري‌صندوق‌بازنشستگي‌,1381,7677528,130060929780,17100,16800,16810,-290,-1.7,16940,-160,-0.94,16490,17300,1399-9-23
329,غشهد,شهد ايران ‌,1371,9790001,80396613320,7940,7850,8330,390,4.91,8210,270,3.4,7550,8330,1399-9-23
330,فجر,فولاد اميركبيركاشان,1367,1880030,122547111440,67660,67790,64280,-3380,-5.0,65180,-2480,-3.67,64280,67790,1399-9-23
331,فافزا,فولاد افزا سپاهان,1367,1453715,63918755462,43086,44378,43560,474,1.1,43969,883,2.05,43100,44378,1399-9-23
332,دسبحا,گروه دارويي سبحان,1364,3915291,97138662060,24090,23010,25290,1200,4.98,24810,720,2.99,22900,25290,1399-9-23
333,وسكاب,س.ص.بازنشستگي كاركنان بانكها,1353,11896909,84385256590,7240,7150,7080,-160,-2.21,7090,-150,-2.07,7030,7230,1399-9-23
334,كاذر,فرآورده‌هاي‌نسوزآذر,1352,3981272,89861694900,23520,22350,22350,-1170,-4.97,22570,-950,-4.04,22350,23900,1399-9-23
335,بساما,بيمه سامان,1351,2905049,101120184229,36596,35133,34767,-1829,-5.0,34808,-1788,-4.89,34767,35490,1399-9-23
336,ثرود,سرمايه‌گذاري مسكن زاينده رود,1345,5779827,66513439927,12013,11415,11670,-343,-2.86,11508,-505,-4.2,11413,11970,1399-9-23
337,ددام,داروسازي زاگرس فارمد پارس,1335,6536726,110950336210,17800,16910,16910,-890,-5.0,16970,-830,-4.66,16910,17330,1399-9-23
338,وارس,سرمايه گذاري ارس صبا,1327,1237687,120978620731,94943,97791,97791,2848,3.0,97746,2803,2.95,95870,97791,1399-9-23
339,شنفت,نفت‌ پارس‌,1327,1349279,83005498820,60620,58000,62470,1850,3.05,61520,900,1.48,57600,63000,1399-9-23
340,وثنو,سرمايه گذاري ساختماني نوين,1314,4260129,77316733922,18249,17420,18290,41,0.22,18149,-100,-0.55,17380,18637,1399-9-23
341,رتاپ,تجارت الكترونيك  پارسيان,1313,10028309,82136394310,7840,8140,8230,390,4.97,8190,350,4.46,7500,8230,1399-9-23
342,ولصنم,ليزينگ‌صنعت‌ومعدن‌,1313,8426929,93981239580,11570,11260,11000,-570,-4.93,11150,-420,-3.63,11000,11980,1399-9-23
343,فخاس,فولاد خراسان,1304,1792392,61795456200,36010,34500,34210,-1800,-5.0,35010,-1000,-2.78,34210,35890,1399-9-23
344,دكپسول,توليد ژلاتين كپسول ايران,1295,2367129,108155517767,45931,47400,44410,-1521,-3.31,45691,-240,-0.52,43635,47400,1399-9-23
345,وتوسم,سرمايه‌گذاري‌توسعه‌ملي‌,1281,5788611,80794006020,14490,14100,13880,-610,-4.21,13960,-530,-3.66,13770,14390,1399-9-23
346,قاسم,قاسم ايران,1274,16630924,270959884572,15535,16311,16311,776,5.0,16293,758,4.88,15630,16311,1399-9-23
347,سخوز,سيمان خوزستان,1266,3413322,90189921580,27740,27840,26360,-1380,-4.97,26420,-1320,-4.76,26360,27840,1399-9-23
348,قشهد,شهد,1264,1840385,57257960490,30080,29700,31580,1500,4.99,31110,1030,3.42,28620,31580,1399-9-23
349,فلامي,لاميران‌,1264,2153168,95388169160,42390,43990,44500,2110,4.98,44300,1910,4.51,41000,44500,1399-9-23
350,وآرين,شركت توسعه اقتصادي آرين,1262,7304354,42643983737,5833,5997,5750,-83,-1.42,5838,5,0.09,5700,5997,1399-9-23
351,فباهنر,مس‌ شهيدباهنر,1256,1377397,73429445200,55210,54800,52520,-2690,-4.87,53310,-1900,-3.44,52450,54800,1399-9-23
352,سمگا,گروه سرمايه گذاري ميراث فرهنگي,1250,21225817,653953941912,29821,31100,30050,229,0.77,30809,988,3.31,28340,31100,1399-9-23
353,طلا,صندوق س.پشتوانه طلاي لوتوس,1249,899945,77472161015,89145,85110,86249,-2896,-3.25,86085,-3060,-3.43,84600,87200,1399-9-23
354,كهمداح,ح . شيشه‌ همدان‌,1238,4795232,53133640960,11380,10780,11040,-340,-2.99,11080,-300,-2.64,10550,11790,1399-9-23
355,درهآور,دارويي ره آورد تامين,1238,3401811,156935282759,43937,46133,46133,2196,5.0,46133,2196,5.0,46123,46133,1399-9-23
356,ثاباد,توريستي ورفاهي آبادگران ايران,1234,2129659,70579115110,34750,33040,33020,-1730,-4.98,33140,-1610,-4.63,33020,34110,1399-9-23
357,پسهند,صنايع‌ لاستيكي‌  سهند,1218,2712729,127290872730,44800,45900,47040,2240,5.0,46920,2120,4.73,44500,47040,1399-9-23
358,سرود,سيمان‌شاهرود,1187,6717836,122712230240,17430,18300,18300,870,4.99,18270,840,4.82,17560,18300,1399-9-23
359,عيار,صندوق س. پشتوانه طلاي مفيد,1186,3141513,91830017473,30572,29300,29150,-1422,-4.65,29231,-1341,-4.39,28900,29900,1399-9-23
360,سباقر,سيمان باقران,1185,4295336,70391520496,16221,16707,16027,-194,-1.2,16388,167,1.03,15735,16707,1399-9-23
361,ركيش,كارت اعتباري ايران كيش,1165,5551780,101403943390,17400,18270,18270,870,5.0,18270,870,5.0,18000,18270,1399-9-23
362,شدوص,دوده‌ صنعتي‌ پارس‌,1159,2482809,59149795430,23790,23790,23680,-110,-0.46,23820,30,0.13,22820,24370,1399-9-23
363,ثامان,سامان‌ گستراصفهان‌,1157,4361198,101602813890,24500,23280,23280,-1220,-4.98,23300,-1200,-4.9,23280,23790,1399-9-23
364,زنگان,صنعت روي زنگان,1155,543822,58100841337,111183,109992,105624,-5559,-5.0,106838,-4345,-3.91,105624,109992,1399-9-23
365,دفارا,داروسازي‌ فارابي‌,1151,1004905,66974778820,66520,65510,65590,-930,-1.4,66650,130,0.2,64550,67500,1399-9-23
366,پرديس,سرمايه گذاري پرديس,1144,6951572,55434092000,8120,8000,7900,-220,-2.71,7970,-150,-1.85,7830,8100,1399-9-23
367,بهپاك,صنعتي بهپاك,1139,1370127,65166098135,46931,44587,47010,79,0.17,47562,631,1.34,44587,48990,1399-9-23
368,تنوين,تامين سرمايه نوين,1135,9897069,72878358610,7650,7400,7340,-310,-4.05,7360,-290,-3.79,7270,7550,1399-9-23
369,ساروم,سيمان‌اروميه‌,1132,2602964,72019086500,28500,28700,27080,-1420,-4.98,27670,-830,-2.91,27080,28870,1399-9-23
370,قزوين,كارخانجات‌ قند قزوين‌,1125,1149392,48120245580,42160,40060,41310,-850,-2.02,41870,-290,-0.69,40060,43010,1399-9-23
371,فلات,گروه صنايع معادن فلات ايرانيان,1113,5900011,102728920074,17102,17000,17600,498,2.91,17412,310,1.81,16589,17615,1399-9-23
372,ثاختح,ح . بين‌المللي‌توسعه‌ساختمان,1105,93682252,317858124360,3120,3120,3430,310,9.94,3390,270,8.65,3120,3430,1399-9-23
373,غدشت,دشت‌ مرغاب‌,1104,288907,74022002050,266290,269700,252980,-13310,-5.0,256210,-10080,-3.79,252980,269700,1399-9-23
374,مداران,داده‌پردازي‌ايران‌,1102,3086200,83437905370,28190,26790,27200,-990,-3.51,27040,-1150,-4.08,26790,28190,1399-9-23
375,شخارك,پتروشيمي‌ خارك‌,1099,1265110,60056335520,47290,48440,47600,310,0.66,47390,100,0.21,47000,48440,1399-9-23
376,جم پيلن,پلي پروپيلن جم - جم پيلن,1094,2418500,207793769230,88800,87010,84630,-4170,-4.7,85920,-2880,-3.24,84370,88900,1399-9-23
377,ولبهمن,شركت بهمن ليزينگ,1089,11883280,127806905064,11224,10800,10663,-561,-5.0,10755,-469,-4.18,10663,11400,1399-9-23
378,غبشهر,صنعتي‌ بهشهر,1088,2611530,70700848570,27800,26470,26920,-880,-3.17,27070,-730,-2.63,26470,27980,1399-9-23
379,دابور,داروسازي‌ ابوريحان‌,1068,944367,46467500610,49570,48520,48300,-1270,-2.56,49220,-350,-0.71,47200,51510,1399-9-23
380,بميلا,توسعه بازرگاني آهن وفولادميلاد,1063,4675281,99789947374,22417,21450,21297,-1120,-5.0,21344,-1073,-4.79,21297,21900,1399-9-23
381,آوا,صندوق س.سهام آواي معيار-س,1046,4556412,44600008673,9946,9889,9750,-196,-1.97,9788,-158,-1.59,9660,9889,1399-9-23
382,كپشير,پشم‌شيشه‌ايران‌,1041,3376051,71219765300,20440,21460,21460,1020,4.99,21100,660,3.23,19420,21460,1399-9-23
383,ونيكي,سرمايه‌گذاري‌ ملي‌ايران‌,1033,4559115,94692818550,19790,20770,20770,980,4.95,20630,840,4.24,20770,20770,1399-9-23
384,پارس,پتروشيمي پارس,1029,862710,137122708430,158680,156200,161960,3280,2.07,158940,260,0.16,156000,162000,1399-9-23
385,تماوند,تامين سرمايه دماوند,1019,10390858,154673630165,15078,14411,15000,-78,-0.52,14886,-192,-1.27,14325,15109,1399-9-23
386,سفارود,كارخانه فارسيت درود,1006,6810484,72478606278,10685,10472,10898,213,1.99,10642,-43,-0.4,10472,10898,1399-9-23
387,سيدكو,سرمايه گذاري توسعه صنايع سيمان,998,6413056,55147514660,8960,8690,8520,-440,-4.91,8600,-360,-4.02,8520,8780,1399-9-23
388,دامين,داروسازي‌ امين‌,988,2781100,44024953460,16140,15570,15700,-440,-2.73,15860,-280,-1.73,15500,16090,1399-9-23
389,سبجنو,سيمان‌ بجنورد,982,990537,37727422390,37860,39170,38990,1130,2.98,38030,170,0.45,35970,39500,1399-9-23
390,وسديد,گروه ‌صنعتي‌سديد,982,9367916,230001073632,23837,24552,24552,715,3.0,24552,715,3.0,24552,24552,1399-9-23
391,غپونه,نوش پونه مشهد,977,3209599,66280117241,20373,20984,20984,611,3.0,20651,278,1.36,19762,20984,1399-9-23
392,شپاكسا,پاكسان‌,972,2230990,71253371940,32600,32700,31800,-800,-2.45,31940,-660,-2.02,31130,32700,1399-9-23
393,سبهان,سيمان‌ بهبهان‌,969,823733,56733561770,66460,69630,69780,3320,5.0,68870,2410,3.63,64010,69780,1399-9-23
394,سكرد,سيمان كردستان,956,4769667,45408238770,9950,9980,9460,-490,-4.92,9550,-400,-4.02,9460,9980,1399-9-23
395,ثالوند,سرمايه گذاري مسكن الوند,951,2592372,44397364961,17316,17320,16900,-416,-2.4,17147,-169,-0.98,16751,17800,1399-9-23
396,كي بي سي,شركت كي بي سي,943,1731825,61312150330,34575,36000,34500,-75,-0.22,35403,828,2.39,34000,36303,1399-9-23
397,شپلي,پلي اكريل ايران,934,8229333,76211158618,9008,9250,9278,270,3.0,9261,253,2.81,9250,9278,1399-9-23
398,كشرق,صنعتي و معدني شمال شرق شاهرود,928,776637,61178293263,82294,78350,80000,-2294,-2.79,78773,-3521,-4.28,78180,82000,1399-9-23
399,اوان,مبين وان كيش,927,1388930,82050194616,61669,58610,58586,-3083,-5.0,59074,-2595,-4.21,58586,62663,1399-9-23
400,فالوم,آلومتك‌,912,3918615,96248459685,23410,24580,24580,1170,5.0,24562,1152,4.92,23996,24580,1399-9-23
401,بشهاب,لامپ‌  پارس‌ شهاب‌,904,555512,42427473780,75330,78850,76140,810,1.08,76180,850,1.13,71950,78850,1399-9-23
402,وبشهر,توسعه‌ صنايع‌ بهشهر(هلدينگ,898,2791089,47633127610,17430,17020,16910,-520,-2.98,17120,-310,-1.78,16640,17530,1399-9-23
403,كپرور,فرآوري زغال سنگ پروده طبس,894,1509640,67666888072,46536,45000,44210,-2326,-5.0,44823,-1713,-3.68,44210,47100,1399-9-23
404,ثجوان,تامين مسكن جوانان,892,9500087,92649087007,9478,9951,9951,473,4.99,9752,274,2.89,9120,9951,1399-9-23
405,تابا,تابان نيرو سپاهان,887,1239019,37245055931,30900,30000,29973,-927,-3.0,30060,-840,-2.72,29973,30800,1399-9-23
406,شوينده,مديريت صنعت شوينده ت.ص.بهشهر,885,1566141,62244925370,40610,39880,40000,-610,-1.5,39740,-870,-2.14,38840,40990,1399-9-23
407,قجام,فرآوردههاي غذايي وقندتربت‌جام‌,880,5639170,70367786400,12850,12780,12466,-384,-2.99,12478,-372,-2.89,12465,12780,1399-9-23
408,كرماشا,صنايع پتروشيمي كرمانشاه,877,1550805,66749417550,43680,42300,42590,-1090,-2.5,43040,-640,-1.47,42300,43900,1399-9-23
409,غپآذر,شير پگاه آذربايجان شرقي,876,1462169,92586678363,60910,61380,63955,3045,5.0,63321,2411,3.96,57867,63955,1399-9-23
410,غگلپا,شير پاستوريزه پگاه گلپايگان,875,651114,48654573762,77485,81190,73890,-3595,-4.64,74761,-2724,-3.52,73611,81190,1399-9-23
411,كيان,صندوق س. با درآمد ثابت كيان,873,25416821,668204617201,26275,26291,26289,14,0.05,26290,15,0.06,26287,26299,1399-9-23
412,غشاذر,پگاه‌آذربايجان‌غربي‌,845,2025121,42621971900,21790,21050,20890,-900,-4.13,21140,-650,-2.98,20710,21800,1399-9-23
413,زكشت,كشاورزي مكانيزه اصفهان كشت,840,1712790,60096310460,33711,34200,35396,1685,5.0,35087,1376,4.08,33000,35396,1399-9-23
414,كاردان,صندوق س تجارت شاخصي كاردان,838,323375,61504966410,193460,193000,190650,-2810,-1.45,190200,-3260,-1.69,189050,193000,1399-9-23
415,شاملا,معدني‌ املاح‌  ايران‌,837,641435,44680660980,71670,73900,68200,-3470,-4.84,69910,-1760,-2.46,68090,73900,1399-9-23
416,ساراب,سيمان‌ داراب‌,831,2561987,35969659870,13910,13550,13850,-60,-0.43,14000,90,0.65,13270,14500,1399-9-23
417,وخاور,بانك خاورميانه,827,7244656,79091765590,11220,10710,10890,-330,-2.94,10920,-300,-2.67,10710,11090,1399-9-23
418,شگل,گلتاش‌,826,1382159,38121970190,28800,27550,27360,-1440,-5.0,27810,-990,-3.44,27360,28500,1399-9-23
419,ديران,ايران‌دارو,823,2541093,76606779840,31690,30340,30110,-1580,-4.99,30150,-1540,-4.86,30110,30810,1399-9-23
420,كفرآور,فرآورده هاي سيمان شرق,820,4512838,90184819274,19582,19390,20169,587,3.0,19984,402,2.05,18995,20169,1399-9-23
421,لخانه,لوازم‌ خانگي‌ پارس‌,812,1150375,69946571012,59037,60808,60808,1771,3.0,60803,1766,2.99,60460,60808,1399-9-23
422,بفجر,فجر انرژي خليج فارس,797,1426249,42378801970,30550,30220,29560,-990,-3.24,30090,-460,-1.51,29030,30500,1399-9-23
423,وسكرد,شركت س استان كردستان,796,36692713,29396952640,830,810,800,-30,-3.61,810,-20,-2.41,790,830,1399-9-23
424,نمرينو,ايران‌ مرينوس‌,796,1595014,100612651490,60080,63080,63080,3000,4.99,63080,3000,4.99,62000,63080,1399-9-23
425,سغرب,سيمان‌غرب‌,789,2174834,46660787730,20710,19700,21740,1030,4.97,21390,680,3.28,19700,21740,1399-9-23
426,دتماد,توليدمواداوليه‌داروپخش‌,769,1086094,55846102300,53220,52250,50830,-2390,-4.49,51420,-1800,-3.38,50600,52990,1399-9-23
427,گوهران,سرمايه گذاري توسعه گوهران اميد,762,3276627,30924613356,9581,9500,9390,-191,-1.99,9489,-92,-0.96,9310,9700,1399-9-23
428,سقاين,سيمان‌ قائن‌,759,754459,38652011550,50030,52490,50000,-30,-0.06,50910,880,1.76,48600,52530,1399-9-23
429,دعبيد,لابراتوارداروسازي‌  دكترعبيدي‌,759,799850,26125423480,33600,32630,32500,-1100,-3.27,33180,-420,-1.25,32000,33430,1399-9-23
430,واعتبار,سرمايه گذاري اعتبار ايران,755,8598087,55910561470,6240,6390,6550,310,4.97,6500,260,4.17,6080,6550,1399-9-23
431,شلرد,كود شيميايي اوره لردگان,754,5181924,57016709772,11343,11003,11003,-340,-3.0,11003,-340,-3.0,11003,11003,1399-9-23
432,زپارس,ملي كشت و صنعت و دامپروري پارس,746,422963,38422812540,90930,93900,90930,0,0.0,90870,-60,-0.07,87510,93900,1399-9-23
433,خراسان,پتروشيمي خراسان,745,723004,52883191850,74350,73000,73000,-1350,-1.82,73140,-1210,-1.63,71520,76500,1399-9-23
434,درازك,دارويي‌ رازك‌,744,1223411,54831792620,44960,44310,44600,-360,-0.8,44820,-140,-0.31,43600,46000,1399-9-23
435,سمايه,بانك سرمايه,738,4673456,41009576400,8520,8775,8775,255,2.99,8775,255,2.99,8775,8775,1399-9-23
436,فن آوا,گروه فن آوا,738,2720026,37293225700,14094,13674,13672,-422,-2.99,13711,-383,-2.72,13672,14020,1399-9-23
437,سشمال,سيمان‌ شمال‌,722,3296120,31458436370,9650,9430,9760,110,1.14,9580,-70,-0.73,9300,9940,1399-9-23
438,سكرما,سيمان‌ كرمان‌,720,1591286,28325863280,17650,18500,17800,150,0.85,17730,80,0.45,17100,18500,1399-9-23
439,وسينا,بانك سينا,720,6281783,82793899940,13870,13180,13180,-690,-4.97,13180,-690,-4.97,13180,13180,1399-9-23
440,آساس,صندوق س.آسمان آرماني سهام-س,715,495014,87365961196,180390,180900,177600,-2790,-1.55,176492,-3898,-2.16,175500,181200,1399-9-23
441,وتعاون,بيمه  تعاون,712,4542764,34657608796,7844,7609,7609,-235,-3.0,7629,-215,-2.74,7609,7750,1399-9-23
442,شفارا,پتروشيمي فارابي,707,7030880,36499204328,5051,5202,5202,151,2.99,5191,140,2.77,5078,5202,1399-9-23
443,كمرجان,بازرگاني و توليدي مرجان كار,702,872414,62896502035,75727,71941,71941,-3786,-5.0,72095,-3632,-4.8,71941,74600,1399-9-23
444,دلر,داروسازي‌ اكسير,700,322747,40244776550,123570,128520,122000,-1570,-1.27,124430,860,0.7,121000,128520,1399-9-23
445,زر,صندوق س.پشتوانه سكه طلاي زر,700,1002246,50457733412,51572,50340,49878,-1694,-3.28,50345,-1227,-2.38,49500,51100,1399-9-23
446,مارون,پتروشيمي مارون,699,239384,35163602107,150123,147120,147410,-2713,-1.81,148920,-1203,-0.8,143150,149850,1399-9-23
447,سخزر,سيمان‌ خزر,698,1344224,38793401980,29880,28700,28390,-1490,-4.99,29070,-810,-2.71,28390,30000,1399-9-23
448,واميد,گروه مديريت سرمايه گذاري اميد,692,2252371,88885999740,39560,39660,38500,-1060,-2.68,39490,-70,-0.18,37650,40290,1399-9-23
449,كمنگنز,معادن‌منگنزايران‌,691,518871,49990816920,100140,99710,95140,-5000,-4.99,96350,-3790,-3.78,95140,99710,1399-9-23
450,دسينا,داروسازي‌ سينا,690,1021607,32112089190,32770,31370,31170,-1600,-4.88,31870,-900,-2.75,31140,32400,1399-9-23
451,كاريس,صندوق س.سپهر كاريزما-س,681,555018,120157742704,219177,216400,216600,-2577,-1.18,216493,-2684,-1.22,214604,219990,1399-9-23
452,لوتوس,تامين سرمايه لوتوس پارسيان,679,3158456,47221280460,15400,14940,15040,-360,-2.34,15010,-390,-2.53,14720,15400,1399-9-23
453,فيروزه,صندوق شاخص30 شركت فيروزه- سهام,650,224368,42042435460,189690,188000,186990,-2700,-1.42,187380,-2310,-1.22,185000,190000,1399-9-23
454,كخاك,صنايع‌خاك‌چيني‌ايران‌,637,991811,50796915640,53580,50950,50910,-2670,-4.98,51220,-2360,-4.4,50910,52500,1399-9-23
455,وتوشه,سرمايه‌ گذاري‌ پارس‌ توشه‌,625,1847378,45801423430,25320,25250,24110,-1210,-4.78,24840,-480,-1.9,24110,25500,1399-9-23
456,شيراز,پتروشيمي‌شيراز,624,1428864,83663820250,59460,57150,58000,-1460,-2.46,58680,-780,-1.31,56490,59810,1399-9-23
457,خاور,ايران خودرو ديزل,618,8158724,59542367752,7086,7298,7298,212,2.99,7298,212,2.99,7298,7298,1399-9-23
458,وسكرمان,س.سهام عدالت استان كرمان,616,24565212,26180752330,1030,1070,1080,50,4.85,1040,10,0.97,1030,1080,1399-9-23
459,نيرو,نيرو سرمايه,615,589236,30624947290,51071,52000,52603,1532,3.0,51974,903,1.77,49539,52603,1399-9-23
460,كقزوي,شيشه‌ قزوين‌,613,3583822,33163428505,8889,9140,9333,444,4.99,9254,365,4.11,8600,9333,1399-9-23
461,ساينا,صنايع بهداشتي ساينا,612,254578,54872328692,206457,210000,216776,10319,5.0,215542,9085,4.4,201313,216779,1399-9-23
462,سصفها,سيمان‌اصفهان‌,606,992712,277180397240,266650,276000,279980,13330,5.0,279220,12570,4.71,275700,279980,1399-9-23
463,داسوه,داروسازي‌ اسوه‌,605,750237,22228111870,29880,28870,29490,-390,-1.31,29770,-110,-0.37,28870,30490,1399-9-23
464,بسويچ,پارس‌سويچ‌,600,852895,42610469230,47740,50100,50120,2380,4.99,49480,1740,3.64,46000,50120,1399-9-23
465,قشرين,قند شيرين خراسان,593,4239060,96072002664,23279,23000,22581,-698,-3.0,22664,-615,-2.64,22581,23150,1399-9-23
466,اتكاي,بيمه اتكايي ايرانيان,591,2260302,34478325884,15242,15243,15250,8,0.05,15250,8,0.05,15241,15698,1399-9-23
467,حپترو,حمل و نقل پتروشيمي( سهامي عام,565,1034824,30736237190,29280,28500,30740,1460,4.99,29540,260,0.89,27830,30740,1399-9-23
468,كمينا,شيشه سازي مينا,561,1194676,46060551031,40382,38500,38363,-2019,-5.0,38555,-1827,-4.52,38363,40244,1399-9-23
469,ولملت,واسپاري ملت,557,1668416,18410219370,11390,11470,11020,-370,-3.25,11250,-140,-1.23,10840,11470,1399-9-23
470,خمحور,توليدمحورخودرو,557,1786741,126602714970,67490,70860,70860,3370,4.99,70860,3370,4.99,70400,70860,1399-9-23
471,اطلس,صندوق س.توسعه اندوخته آينده-س,552,90593,19472668523,216466,217969,215041,-1425,-0.66,214947,-1519,-0.7,213000,217969,1399-9-23
472,ضخود1044,اختيارخ خودرو-4000-1399/10/07,542,19084,6877717000,416,375,319,-97,-23.32,360,-56,-13.46,303,399,1399-9-23
473,ثعتما,س. ساختماني اعتماد گستر,534,704961,30491941564,43884,44300,42568,-1316,-3.0,43253,-631,-1.44,42568,44879,1399-9-23
474,خپويش,سازه‌ پويش‌,521,665640,25385407660,39780,38220,37800,-1980,-4.98,38930,-850,-2.14,37800,40770,1399-9-23
475,قمرو,قند مرودشت‌,504,1042120,29051227440,28940,27510,28000,-940,-3.25,28300,-640,-2.21,27510,29500,1399-9-23
476,قلرست,قند لرستان‌,502,940400,24321378350,26460,25410,25900,-560,-2.12,26160,-300,-1.13,25400,26390,1399-9-23
477,نتوس,پشم‌ بافي‌ توس,494,2700722,30957562108,10935,11481,11481,546,4.99,11463,528,4.83,11250,11481,1399-9-23
478,دكيمي,كيميدارو,494,902163,25448378820,28770,28120,29000,230,0.8,28480,-290,-1.01,27340,29440,1399-9-23
479,وگردش,بانك گردشگري,476,2407006,48439247662,20746,20124,20124,-622,-3.0,20428,-318,-1.53,20124,20555,1399-9-23
480,حخزر,كشتيراني درياي خزر,467,792496,20736588587,26069,26600,25700,-369,-1.42,26107,38,0.15,25500,27200,1399-9-23
481,ولراز,ليزينگ رازي,465,493978,21547631402,42363,43590,43633,1270,3.0,43621,1258,2.97,43369,43633,1399-9-23
482,وپست,پست بانك ايران,463,2150873,40178307640,19660,18680,18680,-980,-4.98,18820,-840,-4.27,18680,18680,1399-9-23
483,سفانو,سيمان فارس نو,460,694924,24314883010,35910,34730,35430,-480,-1.34,35460,-450,-1.25,34120,36100,1399-9-23
484,وسنا,سرمايه گذاري نيروگاهي ايران,446,1563875,31159414473,19003,19953,19953,950,5.0,19924,921,4.85,19354,19953,1399-9-23
485,دشيري,شيرين دارو,446,186877,31986718324,166279,171260,171267,4988,3.0,171165,4886,2.94,169031,171267,1399-9-23
486,دالبر,البرزدارو,442,825489,19774790850,24270,23510,23970,-300,-1.24,24140,-130,-0.54,23330,24880,1399-9-23
487,گشان,توسعه بين المللي پديده شانديز,436,152377,10393330416,69599,68208,68208,-1391,-2.0,69242,-357,-0.51,68208,68208,1399-9-23
488,شفا,سرمايه گذاري شفادارو,429,629592,38435746840,62470,59700,60010,-2460,-3.94,61350,-1120,-1.79,59600,62400,1399-9-23
489,وهنر,گروه توسعه هنر ايران,428,7193493,36580086670,5239,5239,5082,-157,-3.0,5085,-154,-2.94,5082,5239,1399-9-23
490,دپارس,پارس‌ دارو,424,321852,32824541560,103720,101800,102000,-1720,-1.66,102550,-1170,-1.13,100260,103000,1399-9-23
491,سهرمز,سيمان‌هرمزگان‌,423,1449070,31245906850,21360,21380,21950,590,2.76,21480,120,0.56,20730,21990,1399-9-23
492,ثاژن,سخت آژند,421,5159077,41245052537,8061,8099,8124,63,0.78,7995,-66,-0.82,7901,8190,1399-9-23
493,ولتجار,واسپاري تجارت وسرمايه ايرانيان,420,2388525,16843937098,7265,7070,7048,-217,-2.99,7080,-185,-2.55,7048,7200,1399-9-23
494,داراب,پتروشيمي داراب,415,4680172,13498911202,2971,2882,2882,-89,-3.0,2911,-60,-2.02,2882,2948,1399-9-23
495,وآتوس,س.آرين توسكا قيمت اسمي 350ريال,413,669010,22307469462,32626,33604,33604,978,3.0,33344,718,2.2,32000,33604,1399-9-23
496,سجام,مجتمع سيمان غرب آسيا,412,1335369,19052316123,14669,14229,14229,-440,-3.0,14269,-400,-2.73,14229,14580,1399-9-23
497,سمتاز,سيمان ممتازان كرمان,398,1044532,26182973100,23914,25109,25109,1195,5.0,25067,1153,4.82,23500,25109,1399-9-23
498,زعف0008پ10,زعفران0008نگين طلاي سرخ(پ),397,107223,13483812208,126482,124210,124850,-1632,-1.29,125755,-727,-0.57,124210,126700,1399-9-23
499,پارتا,مجتمع‌صنعتي‌آرتاويل‌تاير,387,857326,49688788191,56273,57961,57961,1688,3.0,57958,1685,2.99,57000,57961,1399-9-23
500,مفاخر,توسعه فناوري اطلاعات خوارزمي,385,843365,38404553966,47571,45194,45193,-2378,-5.0,45951,-1620,-3.41,45193,46500,1399-9-23
501,كفرا,فراورده‌ هاي‌ نسوزايران‌,378,1950534,130412703240,63680,66860,66860,3180,4.99,66860,3180,4.99,66860,66860,1399-9-23
502,سپر,صندوق س سپر سرمايه بيدار- ثابت,374,8532159,90689554613,11052,11040,10900,-152,-1.38,10629,-423,-3.83,10511,11040,1399-9-23
503,افق ملت,صندوق س در سهام افق ملت,372,141132,20954159160,149430,146010,148400,-1030,-0.69,148470,-960,-0.64,146010,150500,1399-9-23
504,دشيمي,شيمي‌ داروئي‌ داروپخش‌,370,1020536,66365456080,61940,65030,65030,3090,4.99,65030,3090,4.99,65030,65030,1399-9-23
505,افران,صندوق س افرا نماد پايدار-ثابت,364,16959417,208563692905,12283,12285,12286,3,0.02,12298,15,0.12,12284,12300,1399-9-23
506,پلاست,كارخانجات توليدي پلاستيران,360,367517,16203295310,42819,44103,44103,1284,3.0,43789,970,2.27,43000,44103,1399-9-23
507,دفرا,فرآورده‌هاي‌ تزريقي‌ ايران‌,359,446209,11920499800,26970,26000,26900,-70,-0.26,26910,-60,-0.22,25630,27790,1399-9-23
508,سلار,شركت سيمان لارستان,351,1628864,67665891673,40372,41000,41583,1211,3.0,41542,1170,2.9,39210,41583,1399-9-23
509,تكمبا,كمباين‌ سازي‌ ايران‌,337,4007510,41477728500,9860,10350,10350,490,4.97,10250,390,3.96,10350,10350,1399-9-23
510,سخواف,سيمان مجد خواف,336,1745896,26893781984,14956,15404,15404,448,3.0,15404,448,3.0,15404,15404,1399-9-23
511,ثنظام,س. ساختماني نظام مهندسي ايران,333,348962,15878442614,46895,45489,45489,-1406,-3.0,45793,-1102,-2.35,45489,46500,1399-9-23
512,قهكمت,قندهكمتان‌,333,320304,16684332850,53030,54050,51600,-1430,-2.7,52710,-320,-0.6,50540,54050,1399-9-23
513,وملت,سرمايه گذاري ملت,333,4411304,19203007761,4270,4355,4355,85,1.99,4353,83,1.94,4300,4355,1399-9-23
514,سكه0012پ01,سكه تمام بهارتحويلي 1روزه رفاه,330,76500,90425566800,1213747,1174991,1184994,-28753,-2.37,1182033,-31714,-2.61,1170160,1199920,1399-9-23
515,دارا,صندوق س. دارا الگوريتم-د,326,13047193,131200053364,10058,10060,10060,2,0.02,10056,-2,-0.02,10050,10062,1399-9-23
516,كاسپين,داروسازي كاسپين تامين,324,364449,10706099428,30556,29121,29640,-916,-3.0,30293,-263,-0.86,29100,29800,1399-9-23
517,كساپا,سايپاشيشه‌,324,1701164,51800443800,29000,30450,30450,1450,5.0,30360,1360,4.69,30450,30450,1399-9-23
518,نطرين,عطرين نخ قم,323,2560647,32940163008,12252,12864,12864,612,5.0,12623,371,3.03,12864,12864,1399-9-23
519,ضملت1128,اختيارخ وبملت-6000-1399/11/28,322,7559,4815642000,722,680,629,-93,-12.88,637,-85,-11.77,590,710,1399-9-23
520,سخاش,سيمان‌خاش‌,318,126390,13069568150,98500,103420,103420,4920,4.99,99710,1210,1.23,103000,103420,1399-9-23
521,اميد,تامين سرمايه اميد,317,1760682,23716386540,14170,13470,13470,-700,-4.94,13850,-320,-2.26,13470,13470,1399-9-23
522,كهرام,توليدي گرانيت بهسرام,317,888505,59352840061,65418,67380,67380,1962,3.0,66801,1383,2.11,63456,67380,1399-9-23
523,كماسه,تامين‌ ماسه‌ ريخته‌گري‌,314,1149825,56870344500,47110,49460,49460,2350,4.99,49460,2350,4.99,49460,49460,1399-9-23
524,تسه9907,امتياز تسهيلات مسكن مهر99,312,3645,2240063251,599596,591000,617000,17404,2.9,614558,14962,2.5,575505,629575,1399-9-23
525,قچار,فراوردههاي غذايي وقند چهارمحال,290,484860,29192450880,63376,60208,60208,-3168,-5.0,61343,-2033,-3.21,60208,60208,1399-9-23
526,سيستم,همكاران سيستم,289,322659,10580965390,32420,33480,33000,580,1.79,32500,80,0.25,31400,33480,1399-9-23
527,آرمان,بيمه آرمان,283,4503776,55576595840,11981,12340,12340,359,3.0,12340,359,3.0,12340,12340,1399-9-23
528,لپيام,گسترش صنايع پيام,282,511637,17390541630,32372,33990,33990,1618,5.0,33673,1301,4.02,33990,33990,1399-9-23
529,وسيستا,شركت س استان سيستان وبلوچستان,277,13176882,10704995920,850,810,810,-40,-4.71,840,-10,-1.18,810,830,1399-9-23
530,غدام,خوراك‌  دام‌ پارس‌,276,133225,48051593000,343510,360680,360680,17170,5.0,358840,15330,4.46,360680,360680,1399-9-23
531,فنفت,صنايع تجهيزات نفت,275,2957954,46507910742,15266,15723,15723,457,2.99,15723,457,2.99,15723,15723,1399-9-23
532,تشتاد,صنايع توليدي اشتاد ايران‌,273,637703,10267265631,16117,15710,16600,483,3.0,16108,-9,-0.06,15634,16600,1399-9-23
533,آساميد,صندوق س.مشترك آسمان اميد -د,271,16927386,189538342416,11195,11190,11192,-3,-0.03,11197,2,0.02,11190,11200,1399-9-23
534,دروز,داروسازي‌ روزدارو,270,490365,8349276630,17570,17430,17440,-130,-0.74,17480,-90,-0.51,16770,17490,1399-9-23
535,آتيمس,صندوق س.آرمان آتيه درخشان مس-س,270,59610,13727773030,233375,230537,231800,-1575,-0.67,230293,-3082,-1.32,229000,231850,1399-9-23
536,آكورد,صندوق س. آرمان آتي كوثر-د,268,8930894,265423680477,29702,29719,29720,18,0.06,29720,18,0.06,29719,29724,1399-9-23
537,پلوله,گازلوله‌,265,933254,16849700549,18236,18054,18054,-182,-1.0,18055,-181,-0.99,18054,18299,1399-9-23
538,ساذريح,ح . آذريت‌,261,5191598,28017231321,5240,5397,5397,157,3.0,5397,157,3.0,5128,5397,1399-9-23
539,وسصفا,شركت س استان اصفهان,260,11762553,12115429590,990,1030,1030,40,4.04,1000,10,1.01,1030,1030,1399-9-23
540,فسا,پتروشيمي فسا,253,3486376,9245869152,2734,2652,2652,-82,-3.0,2695,-39,-1.43,2652,2652,1399-9-23
541,وثخوز,سرمايه گذاري و توسعه خوزستان,253,440023,22993219672,50284,48000,52798,2514,5.0,52255,1971,3.92,48000,52798,1399-9-23
542,بمپنا,توليد برق عسلويه  مپنا,247,108156,10771940878,99826,97500,99826,0,0.0,99776,-50,-0.05,96701,102200,1399-9-23
543,ثزاگرس,سرمايه گذاري توسعه عمران زاگرس,247,402959,15941163313,41227,39300,39166,-2061,-5.0,39840,-1387,-3.36,39166,40700,1399-9-23
544,شساخت,مهندسي و ساختمان صنايع نفت,246,699394,33883541118,47036,48447,48447,1411,3.0,48015,979,2.08,48447,48447,1399-9-23
545,شپترو,پتروشيمي آبادان,246,5559441,31127310159,5436,5599,5599,163,3.0,5599,163,3.0,5599,5599,1399-9-23
546,غشوكو,شوكو پارس,245,355905,15942764475,43491,44795,44795,1304,3.0,44490,999,2.3,44795,44795,1399-9-23
547,گوهر,صندوق سكه طلاي كيان,240,392369,23600568771,61073,60990,59950,-1123,-1.84,60149,-924,-1.51,58170,60990,1399-9-23
548,اوصتا,صندوق انديشه ورزان صباتامين -د,232,10648842,184577169094,17303,17310,17335,32,0.18,17333,30,0.17,17310,17399,1399-9-23
549,غفارس,شير پاستوريزه پگاه فارس,225,2662950,27907716000,9981,10480,10480,499,5.0,10243,262,2.62,10480,10480,1399-9-23
550,دبالك,مواد اوليه دارويي البرز بالك,223,638848,13878333952,20690,21724,21724,1034,5.0,20957,267,1.29,21724,21724,1399-9-23
551,سكه9912پ04,سكه تمام بهارتحويل1روزه صادرات,222,133700,157594473900,1210767,1179999,1184000,-26767,-2.21,1178717,-32050,-2.65,1169009,1190000,1399-9-23
552,ياقوت,صندوق س ياقوت آگاه-ثابت,220,6446593,74525739145,11560,11563,11563,3,0.03,11560,0,0.0,11560,11570,1399-9-23
553,سپاس,صندوق س. پاداش سهامداري توسعه1,219,6911081,69318527794,10021,10035,10028,7,0.07,10030,9,0.09,10010,10035,1399-9-23
554,دمعيار,صندوق س. توازن معيار-د,213,9272562,93745509152,10102,10110,10110,8,0.08,10110,8,0.08,10100,10119,1399-9-23
555,فروس,فروسيليس‌ ايران‌,209,2886595,16164932000,5340,5600,5600,260,4.87,5420,80,1.5,5600,5600,1399-9-23
556,دتوزيع,توزيع دارو پخش,208,526371,16269074868,29437,30908,30908,1471,5.0,29875,438,1.49,30908,30908,1399-9-23
557,ساروج,بين المللي ساروج بوشهر,207,2884783,62371893243,20992,21621,21621,629,3.0,21621,629,3.0,21621,21621,1399-9-23
558,معيار,سرمايه گذاري معيار صنعت پارس,200,321193,9811161378,29948,30546,30546,598,2.0,30501,553,1.85,30546,30546,1399-9-23
559,لخزر,پارس‌ خزر,195,494016,104632588800,201720,211800,211800,10080,5.0,211800,10080,5.0,211800,211800,1399-9-23
560,وتوكا,سرمايه‌گذاري‌توكافولاد(هلدينگ,193,3433238,44014111160,12210,12820,12820,610,5.0,12710,500,4.1,12820,12820,1399-9-23
561,وپخش,داروپخش‌ (هلدينگ‌,191,54670,7664010620,143860,137000,140000,-3860,-2.68,143280,-580,-0.4,137000,149490,1399-9-23
562,تسه9904,امتياز تسهيلات مسكن تير99,183,2749,1669370614,607719,577784,600000,-7719,-1.27,607265,-454,-0.07,577334,638104,1399-9-23
563,تسه9906,امتياز تسهيلات مسكن شهريور99,179,1505,920718413,602373,602000,597000,-5373,-0.89,611773,9400,1.56,582010,629000,1399-9-23
564,وكادو,تكادو,178,384406,8296634698,22250,21583,21583,-667,-3.0,21962,-288,-1.29,21583,21583,1399-9-23
565,واحصا,احياء صنايع خراسان,173,654975,20188949400,29357,30824,30824,1467,5.0,30727,1370,4.67,30824,30824,1399-9-23
566,اعتلا,شركت سرمايه گذاري اعتلاء البرز,173,2297902,25028748584,10374,10892,10892,518,4.99,10614,240,2.31,10892,10892,1399-9-23
567,غچين,كشت‌ و صنعت‌ چين‌ چين,167,560156,30724556600,52240,54850,54850,2610,5.0,53770,1530,2.93,54850,54850,1399-9-23
568,شپارس,بين‌ المللي‌ محصولات‌  پارس‌,167,599496,10263371520,16310,17120,17120,810,4.97,16470,160,0.98,17120,17120,1399-9-23
569,شلعاب,لعابيران‌,166,1405495,13534916850,9180,9630,9630,450,4.9,9290,110,1.2,9630,9630,1399-9-23
570,تسه9902,امتياز تسهيلات مسكن ارديبهشت99,164,2367,1432819953,597894,570980,627788,29894,5.0,605332,7438,1.24,568100,627788,1399-9-23
571,وثوق,سرمايه گذاري وثوق امين,164,203964,2415137724,12207,11841,11841,-366,-3.0,12161,-46,-0.38,11841,11841,1399-9-23
572,گپارس,امور رفاهي كارگزاران پارس,164,63168,8426032097,136146,132201,133000,-3146,-2.31,134965,-1181,-0.87,132062,135999,1399-9-23
573,ثاصفا,شركت‌ ساختمان‌ اصفهان‌,163,524214,17033809716,34204,32494,32494,-1710,-5.0,32624,-1580,-4.62,32494,32494,1399-9-23
574,پست0008پ04,پسته فندقي32-30سبزدانه0008(پ),163,34264,60445604966,1777930,1864000,1690009,-87921,-4.95,1764114,-13816,-0.78,1686495,1864000,1399-9-23
575,فنرژي,گسترش صنايع انرژي آذرآب,157,743911,8050284025,10613,10825,10825,212,2.0,10774,161,1.52,10700,10825,1399-9-23
576,تسه9710,امتياز تسهيلات مسكن دي 97,155,2722,1567601665,576383,560000,576100,-283,-0.05,575901,-482,-0.08,547590,589200,1399-9-23
577,فوكا,فولاد كاويان,154,2552069,45273704060,18288,17740,17740,-548,-3.0,17740,-548,-3.0,17740,17740,1399-9-23
578,سكه0011پ02,سكه تمام بهارتحويلي 1روزه ملت,147,61000,71951605100,1212567,1173150,1179012,-33555,-2.77,1179534,-33033,-2.72,1170000,1187000,1399-9-23
579,وايرا,سرمايه گذاري صنايع ايران,147,1308664,12602434320,9350,9630,9630,280,2.99,9518,168,1.8,9630,9630,1399-9-23
580,ضپاس1005,اختيارخ وپارس-4500-1399/10/30,145,3591,2557444000,688,800,734,46,6.69,712,24,3.49,680,1000,1399-9-23
581,ضپاس1002,اختيارخ وپارس-3000-1399/10/30,144,4092,7441457000,1804,1979,1778,-26,-1.44,1819,15,0.83,1750,1979,1399-9-23
582,ضخود1048,اختيارخ خودرو-7000-1399/10/07,143,7893,19273000,3,3,3,0,0.0,2,-1,-33.33,2,3,1399-9-23
583,ضخود1045,اختيارخ خودرو-4500-1399/10/07,143,6019,1027039000,206,227,126,-80,-38.83,171,-35,-16.99,95,227,1399-9-23
584,شزنگ,تجهيزنيروي‌زنگان‌,142,149876,29982693800,190524,200050,200050,9526,5.0,200050,9526,5.0,200050,200050,1399-9-23
585,داوه,داروسازي آوه سينا,142,318886,5819669500,17381,18250,18250,869,5.0,17476,95,0.55,18250,18250,1399-9-23
586,تسه9711,امتياز تسهيلات مسكن بهمن 97,140,2182,1312704695,593866,580220,609011,15145,2.55,601606,7740,1.3,580220,618877,1399-9-23
587,فپنتا,سپنتا,137,46670,17697730700,361160,379210,379210,18050,5.0,367160,6000,1.66,379210,379210,1399-9-23
588,قپيرا,فرآورده‌هاي‌غدايي‌وقندپيرانشهر,136,46748,4087748160,89050,87010,87300,-1750,-1.97,88920,-130,-0.15,87010,89490,1399-9-23
589,تسه9903,امتياز تسهيلات مسكن خرداد99,134,1192,724257162,598806,600000,628746,29940,5.0,607598,8792,1.47,570000,628746,1399-9-23
590,غمهرا,توليدي‌مهرام‌,130,171568,11026675360,61210,64270,64270,3060,5.0,61850,640,1.05,64270,64270,1399-9-23
591,صايند,صندوق س. گنجينه آينده روشن-د,129,952460,9493829550,9983,9999,9978,-5,-0.05,9968,-15,-0.15,9950,9999,1399-9-23
592,ضپاس1003,اختيارخ وپارس-3500-1399/10/30,127,2900,3877504000,1342,1400,1334,-8,-0.6,1337,-5,-0.37,1300,1400,1399-9-23
593,اوصتا2,صندوق انديشه ورزان صباتامين -د,126,12600000,12600000,17303,1,1,-17302,-99.99,1,-17302,-99.99,1,1,1399-9-23
594,الماس,صندوق س.امين تدبيرگران فردا-س,125,37651,5101425488,140066,140800,136030,-4036,-2.88,135492,-4574,-3.27,134000,140828,1399-9-23
595,ضصاد1103,اختيارخ وبصادر-4000-1399/11/12,123,4730,1989669000,464,411,420,-44,-9.48,421,-43,-9.27,400,439,1399-9-23
596,تسه9712,امتياز تسهيلات مسكن اسفند97,122,1343,816752662,597055,590072,592010,-5045,-0.84,608155,11100,1.86,590072,619000,1399-9-23
597,تسه9810,امتياز تسهيلات مسكن دي98,121,2899,1772404918,596122,588001,610000,13878,2.33,611385,15263,2.56,588001,625928,1399-9-23
598,تسه9905,امتياز تسهيلات مسكن مرداد99,120,1381,840542118,597838,595000,603005,5167,0.86,608647,10809,1.81,585805,620000,1399-9-23
599,ضخود1042,اختيارخ خودرو-3000-1399/10/07,120,2396,2379888000,1077,1000,988,-89,-8.26,993,-84,-7.8,910,1080,1399-9-23
600,ضفلا1156,اختيارخ فولاد-16000-1399/11/28,120,2212,3864913000,1798,1621,1625,-173,-9.62,1747,-51,-2.84,1610,1899,1399-9-23
601,آبين,كشت و صنعت آبشيرين,120,1138852,5315022284,4532,4667,4667,135,2.98,4566,34,0.75,4667,4667,1399-9-23
602,خعمرا,توسعه و عمران شهرستان نائين,117,818746,18831158000,16985,23000,23000,6015,35.41,21167,4182,24.62,23000,23000,1399-9-23
603,خلنت,لنت‌ ترمزايران‌,117,139064,12284913760,84140,88340,88340,4200,4.99,85100,960,1.14,88340,88340,1399-9-23
604,كگهر,سنگ آهن گهرزمين,116,244056,11672222256,45549,47826,47826,2277,5.0,45759,210,0.46,47826,47826,1399-9-23
605,ولانا,شركت ليزينگ آريا دانا,114,730552,15298489432,19944,20941,20941,997,5.0,20656,712,3.57,20941,20941,1399-9-23
606,ضجار1014,اختيارخ وتجارت-3000-1399/10/21,110,2038,2005709000,1003,1000,1003,0,0.0,984,-19,-1.89,911,1010,1399-9-23
607,ضخود1046,اختيارخ خودرو-5000-1399/10/07,106,3732,180413000,110,69,42,-68,-61.82,48,-62,-56.36,40,69,1399-9-23
608,ضفلا1157,اختيارخ فولاد-18000-1399/11/28,105,2291,2330298000,938,997,915,-23,-2.45,1017,79,8.42,900,1111,1399-9-23
609,ضصاد1102,اختيارخ وبصادر-3500-1399/11/12,104,2905,1999329000,742,642,690,-52,-7.01,688,-54,-7.28,638,730,1399-9-23
610,كيان2,صندوق س. با درآمد ثابت كيان,100,10000000,10000000,26275,1,1,-26274,-100.0,1,-26274,-100.0,1,1,1399-9-23
611,وسلرستا,شركت س استان لرستان,98,2382314,2048790040,900,860,860,-40,-4.44,900,0,0.0,860,860,1399-9-23
612,شسينا,صنايع‌شيميايي‌سينا,95,274421,42683442340,148140,155540,155540,7400,5.0,153870,5730,3.87,155540,155540,1399-9-23
613,زعف0008پ05,زعفران0008نگين زرين(پ),89,62627,7859568656,125822,125000,125950,128,0.1,125498,-324,-0.26,124500,126200,1399-9-23
614,وجامي,سرمايه گذاري جامي,89,1031037,11034157974,10193,10702,10702,509,4.99,10458,265,2.6,10702,10702,1399-9-23
615,تسه9801,امتياز تسهيلات مسكن فروردين98,87,587,357380386,598400,592127,602600,4200,0.7,608825,10425,1.74,590025,628320,1399-9-23
616,عيار2,صندوق س. پشتوانه طلاي مفيد,80,800000,800000,30572,1,1,-30571,-100.0,1,-30571,-100.0,1,1,1399-9-23
617,وسگيلا,شركت س استان گيلان,79,2559224,2124245920,870,830,830,-40,-4.6,870,0,0.0,830,840,1399-9-23
618,تسه9803,امتياز تسهيلات مسكن خرداد98,78,578,348605358,591298,580000,584900,-6398,-1.08,603123,11825,2.0,580000,620862,1399-9-23
619,تسه9802,امتياز تسهيلات مسكن ارديبهشت98,78,415,248837666,596681,568000,590020,-6661,-1.12,599609,2928,0.49,568000,605001,1399-9-23
620,ضشنا1035,اختيارخ شپنا-14000-1399/10/23,76,592,3009495000,4617,4201,5250,633,13.71,5084,467,10.11,4200,5499,1399-9-23
621,وحكمت,بيمه حكمت صبا,76,211834,1277994522,6219,6033,6033,-186,-2.99,6207,-12,-0.19,6033,6033,1399-9-23
622,ضصاد1104,اختيارخ وبصادر-4500-1399/11/12,76,2795,773853000,304,261,270,-34,-11.18,277,-27,-8.88,260,299,1399-9-23
623,تسه9901,امتياز تسهيلات مسكن فروردين99,76,388,239062884,595636,600000,625417,29781,5.0,616141,20505,3.44,572585,625417,1399-9-23
624,فيروزا,صندوق بادرآمد ثابت فيروزه آسيا,75,539193,11643191881,21591,21541,21610,19,0.09,21594,3,0.01,21541,21660,1399-9-23
625,زعف0008پ09,زعفران0008نگين نوين(پ),73,58824,7342064736,125049,130980,125300,251,0.2,124814,-235,-0.19,123661,125319,1399-9-23
626,شصفها,پتروشيمي‌ اصفهان‌,72,45387,4944459780,106804,108940,108940,2136,2.0,107612,808,0.76,108940,108940,1399-9-23
627,بموتو,موتوژن‌,71,146617,7207691720,46820,49160,49160,2340,5.0,47140,320,0.68,49160,49160,1399-9-23
628,اخزا815,اسنادخزانه-م15بودجه98-010406,71,214985,163419545257,759177,760000,760260,1083,0.14,760144,967,0.13,759002,760948,1399-9-23
629,آسام,صندوق س.آرمان سپهر آشنا-م,71,45910,5064112720,110817,111000,110000,-817,-0.74,110305,-512,-0.46,109005,111005,1399-9-23
630,تسه9812,امتياز تسهيلات مسكن اسفند98,70,749,458109769,598401,600000,587067,-11334,-1.89,611628,13227,2.21,581230,628321,1399-9-23
631,هفارس912,اختيارف ت فارس-14576-99/12/13,69,1000000,164000000,1,164,164,163,16300.0,164,163,16300.0,164,164,1399-9-23
632,ضسپا1104,اختيارخ خساپا-3000-1399/11/26,69,2599,1716446000,695,659,620,-75,-10.79,660,-35,-5.04,600,720,1399-9-23
633,وگردشح,ح . بانك گردشگري,67,363182,6084343616,17757,18000,16692,-1065,-6.0,16753,-1004,-5.65,16692,18000,1399-9-23
634,زعف0008پ11,زعفران0008نگين سحرخيز(پ),66,45914,5776046240,126160,124250,125130,-1030,-0.82,125801,-359,-0.28,124250,127790,1399-9-23
635,سنوين,سرمايه گذاري اقتصاد نوين,66,378621,3741212614,10075,10000,9874,-201,-2.0,10001,-74,-0.73,9874,10150,1399-9-23
636,ضخود1043,اختيارخ خودرو-3500-1399/10/07,65,1657,1084382000,722,820,613,-109,-15.1,654,-68,-9.42,610,820,1399-9-23
637,صنوين,صندوق سرمايه‌گذاري صنوين-مختلط,65,27408,2899897580,106610,106690,105120,-1490,-1.4,105800,-810,-0.76,105060,106690,1399-9-23
638,داريك,صندوق س.اعتماد داريك-د,65,2261475,23412907974,10326,10370,10353,27,0.26,10353,27,0.26,10300,10439,1399-9-23
639,سخند,صندوق س.سپهرخبرگان نفت-د,64,1317820,13231064440,10002,10039,10038,36,0.36,10040,38,0.38,10038,10070,1399-9-23
640,وساغربي,شركت س استان آذربايجان غربي,64,854722,692324820,850,810,810,-40,-4.71,850,0,0.0,810,810,1399-9-23
641,ضجار1016,اختيارخ وتجارت-4000-1399/10/21,62,1854,708341000,433,375,372,-61,-14.09,382,-51,-11.78,365,429,1399-9-23
642,كتوكا,توليدي و خدمات صنايع نسوز توكا,61,56570,1372161920,23101,24256,24256,1155,5.0,23130,29,0.13,24256,24256,1399-9-23
643,تكنار,مجتمع معادن مس تكنار,61,220969,27915455708,120317,126332,126332,6015,5.0,126332,6015,5.0,126332,126332,1399-9-23
644,تسه9811,امتياز تسهيلات مسكن بهمن98,60,583,356113260,596197,626006,601000,4803,0.81,610829,14632,2.45,581115,626006,1399-9-23
645,اخزا812,اسنادخزانه-م12بودجه98-001111,59,91076,75596589732,830793,833000,829999,-794,-0.1,830039,-754,-0.09,826016,833000,1399-9-23
646,ضشنا1036,اختيارخ شپنا-16000-1399/10/23,59,256,957802000,3550,3002,3901,351,9.89,3741,191,5.38,3001,4300,1399-9-23
647,ضفلا1155,اختيارخ فولاد-14000-1399/11/28,58,909,2446373000,2884,2900,2631,-253,-8.77,2691,-193,-6.69,2550,2949,1399-9-23
648,فاهواز,نورد و لوله اهواز,57,74064,1385144928,19083,18702,18702,-381,-2.0,19071,-12,-0.06,18702,18702,1399-9-23
649,اخزا903,اسنادخزانه-م3بودجه99-011110,57,194253,130077222190,669092,666415,669020,-72,-0.01,669628,536,0.08,666114,673930,1399-9-23
650,پست0008پ08,پسته فندقي32-30مه ولات0008(پ),56,2875,5055424679,1766686,1860000,1720000,-46686,-2.64,1758409,-8277,-0.47,1686495,1860000,1399-9-23
651,تسه9808,امتياز تسهيلات مسكن آبان98,54,518,313924467,595506,581104,595130,-376,-0.06,606032,10526,1.77,581104,620000,1399-9-23
652,گكيش,توريستي ورفاهي آبادگران كيش,52,118246,7548351656,65810,63836,63836,-1974,-3.0,65029,-781,-1.19,63836,63836,1399-9-23
653,شكف,كف,51,163250,12018628250,70790,73621,73621,2831,4.0,73621,2831,4.0,73621,73621,1399-9-23
654,شتولي,تولي‌پرس‌,50,113150,3149982850,27294,27839,27839,545,2.0,27460,166,0.61,27839,27839,1399-9-23
655,وسفارس,شركت س استان فارس,50,1234434,1209745320,1030,980,980,-50,-4.85,1030,0,0.0,980,980,1399-9-23
656,تسه9809,امتياز تسهيلات مسكن آذر98,49,431,258154171,597877,570006,580200,-17677,-2.96,598966,1089,0.18,570006,620000,1399-9-23
657,ضجار1015,اختيارخ وتجارت-3500-1399/10/21,49,992,678995000,709,630,680,-29,-4.09,684,-25,-3.53,630,721,1399-9-23
658,پدرخش,درخشان‌ تهران‌,48,32312,6423948720,209270,198810,198810,-10460,-5.0,207850,-1420,-0.68,198810,198810,1399-9-23
659,اخزا814,اسنادخزانه-م14بودجه98-010318,48,79551,61200943704,770165,767000,767601,-2564,-0.33,769330,-835,-0.11,767000,770164,1399-9-23
660,اخزا816,اسنادخزانه-م16بودجه98-010503,45,94027,70429094005,747807,747510,749039,1232,0.16,749031,1224,0.16,747510,749500,1399-9-23
661,اخزا809,اسنادخزانه-م9بودجه98-000923,44,37454,31786860027,847929,846700,850010,2081,0.25,848691,762,0.09,845014,850500,1399-9-23
662,جوين,كشت و صنعت جوين,44,200098,5001849706,24269,24997,24997,728,3.0,24444,175,0.72,24997,24997,1399-9-23
663,ارمغان,ص سرمايه گذاري ارمغان ايرانيان,43,148710,1493484770,10036,10097,10070,34,0.34,10043,7,0.07,10037,10097,1399-9-23
664,سكه0112پ03,سكه تمام بهارتحويلي1روزه سامان,43,10000,11799735800,1211757,1180000,1180000,-31757,-2.62,1179974,-31783,-2.62,1170000,1189995,1399-9-23
665,ضچاد1015,اختيارخ كچاد-16000-1399/10/02,42,751,3042761000,4605,3681,4149,-456,-9.9,4052,-553,-12.01,3681,4749,1399-9-23
666,غشوكوح,ح . شوكو پارس,42,1500000,47880000000,30114,31920,31920,1806,6.0,31920,1806,6.0,31920,31920,1399-9-23
667,ضترا1118,اختيارخ شتران-12000-1399/11/14,40,721,2697865000,3084,3500,3800,716,23.22,3742,658,21.34,3500,4197,1399-9-23
668,تصميم,صندوق س با درآمد ثابت تصميم,40,207288,3142671905,15133,15121,15189,56,0.37,15161,28,0.19,15121,15189,1399-9-23
669,هترول911,اختيارف ت پترول-14730-99/11/15,39,450000,194400000,964,432,432,-532,-55.19,432,-532,-55.19,432,432,1399-9-23
670,وسهمدا,شركت س استان همدان,39,623615,536308900,900,860,860,-40,-4.44,900,0,0.0,860,860,1399-9-23
671,ضپاس1006,اختيارخ وپارس-5000-1399/10/30,37,1310,635841000,489,550,500,11,2.25,485,-4,-0.82,401,550,1399-9-23
672,ضفلا1158,اختيارخ فولاد-20000-1399/11/28,37,1158,685152000,583,635,599,16,2.74,592,9,1.54,580,635,1399-9-23
673,اخزا806,اسنادخزانه-م6بودجه98-000519,37,65440,58575357426,890923,891500,895126,4203,0.47,895100,4177,0.47,889542,899699,1399-9-23
674,زعف0008پ08,زعفران0008نگين روستا(پ),36,13142,1642671891,125716,124025,124800,-916,-0.73,124994,-722,-0.57,124025,126000,1399-9-23
675,اخزا808,اسنادخزانه-م8بودجه98-000817,36,15381,13295734098,862648,865888,865300,2652,0.31,864426,1778,0.21,858574,865999,1399-9-23
676,اخزا902,اسنادخزانه-م2بودجه99-011019,35,122174,82649752641,676442,675001,677479,1037,0.15,676492,50,0.01,675001,678999,1399-9-23
677,ثتوسا,س.توسعه و عمران استان اردبيل,33,9942,561911898,58266,56519,56519,-1747,-3.0,58215,-51,-0.09,56519,56519,1399-9-23
678,ضغدر1119,اختيارخ وغدير-10000-1399/11/26,33,366,1823258000,5130,5005,4960,-170,-3.31,4982,-148,-2.88,4800,5400,1399-9-23
679,تسه9806,امتياز تسهيلات مسكن شهريور98,33,529,321657874,598780,600999,628700,29920,5.0,608049,9269,1.55,570300,628700,1399-9-23
680,زعف0008پ15,زعفران0008پوشالمعمول طلاسرخ(پ),32,17245,1553131561,92206,88001,92998,792,0.86,90063,-2143,-2.32,88001,92999,1399-9-23
681,ثشرقح,ح. سرمايه گذاري مسكن شمال شرق,32,271346,1628076000,6580,6000,6000,-580,-8.81,6000,-580,-8.81,6000,6000,1399-9-23
682,شكبير,پتروشيمي اميركبير,30,140855,9126136305,62904,64791,64791,1887,3.0,63089,185,0.29,64791,64791,1399-9-23
683,ضسپا1105,اختيارخ خساپا-3500-1399/11/26,30,797,308178000,457,400,385,-72,-15.75,387,-70,-15.32,380,400,1399-9-23
684,تسه9805,امتياز تسهيلات مسكن مرداد98,29,212,131457820,590665,620000,620198,29533,5.0,620084,29419,4.98,620000,620198,1399-9-23
685,اخزا820,اسنادخزانه-م20بودجه98-020806,28,44972,26128781411,581239,580009,581000,-239,-0.04,581001,-238,-0.04,580000,584500,1399-9-23
686,اخزا817,اسنادخزانه-م17بودجه98-010512,28,25238,18834088853,745268,745004,746120,852,0.11,746259,991,0.13,745004,748600,1399-9-23
687,ضملت1129,اختيارخ وبملت-7000-1399/11/28,27,1501,446928000,338,330,299,-39,-11.54,298,-40,-11.83,280,330,1399-9-23
688,زعف0008پ12,زعفران0008پوشالمعمول سحرخيز(پ),27,19824,1703595732,86615,86200,85305,-1310,-1.51,85936,-679,-0.78,85305,88000,1399-9-23
689,هبركت912,اختيارف ت بركت-22100-99/12/17,27,332040,332040,1,1,1,0,0.0,1,0,0.0,1,1,1399-9-23
690,ثروت,ص.خ.ثروت آفرين فيروزه 35%تاديه,27,59290,20751500000,350000,350000,350000,0,0.0,350000,0,0.0,350000,350000,1399-9-23
691,ضملي1148,اختيارخ فملي-10140-1399/11/05,26,280,3348759688,6407,5800,6101,-306,-4.78,6065,-342,-5.34,5800,6600,1399-9-23
692,وسخوز,شركت س استان خوزستان,25,375247,348979710,970,930,930,-40,-4.12,970,0,0.0,930,930,1399-9-23
693,ضپاس1001,اختيارخ وپارس-2500-1399/10/30,25,380,903416000,2299,2690,2299,0,0.0,2377,78,3.39,2250,2690,1399-9-23
694,ضچاد1014,اختيارخ كچاد-14000-1399/10/02,25,537,3237004000,6375,6500,6050,-325,-5.1,6028,-347,-5.44,6000,7000,1399-9-23
695,اخزا813,اسنادخزانه-م13بودجه98-010219,24,19131,14970164415,781309,780001,780014,-1295,-0.17,782508,1199,0.15,780000,785000,1399-9-23
696,تسه9804,امتياز تسهيلات مسكن تير98,23,122,75743578,653525,620849,620849,-32676,-5.0,620849,-32676,-5.0,620849,620849,1399-9-23
697,ضملي1152,اختيارخ فملي-18252-1399/11/05,23,260,473116324,1075,995,852,-223,-20.74,923,-152,-14.14,852,1018,1399-9-23
698,كصدف,كاشي صدف سرام استقلال آباده,23,82939,1846636835,21617,22265,22265,648,3.0,21675,58,0.27,22265,22265,1399-9-23
699,ضجار1018,اختيارخ وتجارت-5000-1399/10/21,22,689,71532000,116,100,105,-11,-9.48,104,-12,-10.34,100,106,1399-9-23
700,ثروتم,صندوق س. ثروت آفرين پارسيان-س,21,12950,1284649900,99707,100000,98500,-1207,-1.21,99201,-506,-0.51,98000,100000,1399-9-23
701,تسه9807,امتياز تسهيلات مسكن مهر98,20,186,111671211,597164,620071,600000,2836,0.47,600383,3219,0.54,580005,620071,1399-9-23
702,تملي704,تسهيلات مسكن ب. ملي-تير97,20,287,396946328,1446861,1374518,1446861,0,0.0,1383088,-63773,-4.41,1374518,1519204,1399-9-23
703,اخزا904,اسنادخزانه-م4بودجه99-011215,20,130157,85512202118,656271,656651,657799,1528,0.23,656993,722,0.11,656643,659000,1399-9-23
704,آينده,بازرگاني آينده سازان بهشت پارس,20,36954,766684638,21388,20747,20747,-641,-3.0,21363,-25,-0.12,20747,20747,1399-9-23
705,ضصاد1100,اختيارخ وبصادر-2500-1399/11/12,19,332,439216000,1370,1300,1320,-50,-3.65,1323,-47,-3.43,1300,1351,1399-9-23
706,سايرا,ايرانيت‌,19,83079,2841870074,34904,34206,34206,-698,-2.0,34701,-203,-0.58,34206,34555,1399-9-23
707,اخزا811,اسنادخزانه-م11بودجه98-001013,18,37111,31156630808,838246,838000,841980,3734,0.45,839552,1306,0.16,836101,842000,1399-9-23
708,اخزا901,اسنادخزانه-م1بودجه99-010621,18,6577,4808051118,729729,725000,732000,2271,0.31,731040,1311,0.18,725000,732970,1399-9-23
709,ضملي1151,اختيارخ فملي-16224-1399/11/05,17,150,573852000,2499,1900,1900,-599,-23.97,1940,-559,-22.37,1900,2100,1399-9-23
710,ضترا1117,اختيارخ شتران-10000-1399/11/14,16,104,481965000,4400,4500,5240,840,19.09,4634,234,5.32,4495,5240,1399-9-23
711,اخزا804,اسنادخزانه-م4بودجه98-000421,15,12842,11619300017,905041,902164,905600,559,0.06,904789,-252,-0.03,902163,905900,1399-9-23
712,ضفار1125,اختيارخ فارس-17826-1399/11/07,15,105,153956000,657,850,698,41,6.24,733,76,11.57,689,850,1399-9-23
713,وسرضوي,س.سهام عدالت استان خراسان رضوي,15,90606,88793880,1030,980,980,-50,-4.85,1030,0,0.0,980,980,1399-9-23
714,اخزا818,اسنادخزانه-م18بودجه98-010614,14,99991,73368623333,733750,733692,734010,260,0.04,733752,2,0.0,733692,734010,1399-9-23
715,اخزا807,اسنادخزانه-م7بودجه98-000719,14,16876,14699404898,867054,863000,872001,4947,0.57,871024,3970,0.46,863000,876998,1399-9-23
716,وآفري,بيمه كارآفرين,14,140433,2441427705,16879,17385,17385,506,3.0,16939,60,0.36,17385,17385,1399-9-23
717,ضپاس1004,اختيارخ وپارس-4000-1399/10/30,14,320,354958000,961,1400,1000,39,4.06,1109,148,15.4,951,1400,1399-9-23
718,ضجار1017,اختيارخ وتجارت-4500-1399/10/21,13,468,99508000,270,220,226,-44,-16.3,213,-57,-21.11,200,250,1399-9-23
719,شستا991,اجاره تامين اجتماعي-امين991226,13,318,318720226,1003939,1008983,1004167,228,0.02,1002265,-1674,-0.17,1000021,1008983,1399-9-23
720,ضبدر1150,اختيارخ شبندر-32000-1399/11/19,12,162,951635000,5333,5790,4500,-833,-15.62,5874,541,10.14,4500,6000,1399-9-23
721,اخزا821,اسنادخزانه-م21بودجه98-020906,12,4318,2471903900,570490,571001,573000,2510,0.44,572465,1975,0.35,571001,573000,1399-9-23
722,ضملي1153,اختيارخ فملي-20280-1399/11/05,11,376,313469120,545,550,500,-45,-8.26,423,-122,-22.39,350,550,1399-9-23
723,اخزا905,اسنادخزانه-م5بودجه99-020218,11,50738,32041975036,625375,633800,631500,6125,0.98,631518,6143,0.98,630999,633800,1399-9-23
724,بذر,صندوق س بذر اميد آفرين-سهام,11,4480,529344500,117540,118370,116900,-640,-0.54,118160,620,0.53,116150,118370,1399-9-23
725,گوهر2,صندوق سكه طلاي كيان,10,100000,100000,61073,1,1,-61072,-100.0,1,-61072,-100.0,1,1,1399-9-23
726,اخزا721,اسنادخزانه-م21بودجه97-000728,10,4953,4296543208,869916,869916,870000,84,0.01,867463,-2453,-0.28,860012,870000,1399-9-23
727,ارزش2,صندوق س ارزش آفرين بيدار-سهام,10,10000000,10000000,12090,1,1,-12089,-99.99,1,-12089,-99.99,1,1,1399-9-23
728,ضپيك1020,اختيارخ تاپيكو-14000-99/10/16,10,41,139290000,3547,3500,3105,-442,-12.46,3397,-150,-4.23,3105,3700,1399-9-23
729,زعف0008پ16,زعفران0008نگين بيرجند(پ),10,9571,1194083000,125142,126500,125999,857,0.68,124761,-381,-0.3,124000,126500,1399-9-23
730,ضپنا1022,اختيارخ رمپنا-18806-1399/10/09,10,47,213733477,3467,3300,2945,-522,-15.06,3071,-396,-11.42,2945,3300,1399-9-23
731,آكورد2,صندوق س. آرمان آتي كوثر-د,10,1000000,1000000,29702,1,1,-29701,-100.0,1,-29701,-100.0,1,1,1399-9-23
732,هصيكو402,اختيارف ت تاصيكو13500-00/02/20,9,41131,34303254,1390,834,834,-556,-40.0,834,-556,-40.0,834,834,1399-9-23
733,اخزا810,اسنادخزانه-م10بودجه98-001006,9,3959,3325919713,840377,837550,838427,-1950,-0.23,840091,-286,-0.03,837550,841999,1399-9-23
734,ضمخا1023,اختيارخ اخابر-12000-1399/10/30,9,28,168132000,5555,5998,4899,-656,-11.81,6005,450,8.1,4899,6899,1399-9-23
735,وسخراج,شركت س استان خراسان جنوبي,9,58149,122694390,2220,2110,2110,-110,-4.95,2220,0,0.0,2110,2110,1399-9-23
736,وسزنجان,شركت س استان زنجان,9,94250,127237500,1420,1350,1350,-70,-4.93,1420,0,0.0,1350,1350,1399-9-23
737,ضپار1117,اختيارخ خپارس-7000-1399/11/19,8,53,136750000,2924,2500,2600,-324,-11.08,2580,-344,-11.76,2500,2620,1399-9-23
738,ضمخا1025,اختيارخ اخابر-16000-1399/10/30,8,53,163210000,2577,2555,3100,523,20.29,3079,502,19.48,2555,3100,1399-9-23
739,پست0008پ02,پسته فندقي32-30طلاسبززرند0008,8,117,217372057,1883913,1864000,1860000,-23913,-1.27,1857881,-26032,-1.38,1857000,1864019,1399-9-23
740,فسديد,لوله‌وتجهيزات‌ سديد - ورشكسته,8,5474,626554040,113327,114460,114460,1133,1.0,113465,138,0.12,114460,114460,1399-9-23
741,وسيزد,شركت س استان يزد,8,217647,265529340,1280,1220,1220,-60,-4.69,1280,0,0.0,1220,1220,1399-9-23
742,ضصاد1101,اختيارخ وبصادر-3000-1399/11/12,8,386,338920000,1001,870,900,-101,-10.09,878,-123,-12.29,855,901,1399-9-23
743,انرژي1,نهادهاي مالي بورس انرژي,8,1101,396987570,379540,360570,360570,-18970,-5.0,379450,-90,-0.02,360570,360570,1399-9-23
744,اخزا718,اسنادخزانه-م18بودجه97-000525,8,95033,84778160133,891004,891201,893889,2885,0.32,892092,1088,0.12,891201,893889,1399-9-23
745,ضغدر1120,اختيارخ وغدير-12000-1399/11/26,8,160,498780000,3683,2851,3400,-283,-7.68,3117,-566,-15.37,2851,3500,1399-9-23
746,اخزا713,اسنادخزانه-م13بودجه97-000518,8,102752,91793085732,899405,893300,895000,-4405,-0.49,893346,-6059,-0.67,889941,895001,1399-9-23
747,وسقم,شركت س استان قم,8,140607,188413380,1410,1340,1340,-70,-4.96,1410,0,0.0,1340,1340,1399-9-23
748,گنجين,صندوق س. گنجينه يكم آويد-د,7,16455,194301070,11795,11798,11809,14,0.12,11808,13,0.11,11798,11826,1399-9-23
749,شسم,توليد سموم‌ علف‌ كش,7,2262,203430708,86475,89934,89934,3459,4.0,86542,67,0.08,89934,89934,1399-9-23
750,ضمخا1024,اختيارخ اخابر-14000-1399/10/30,7,35,155044000,3715,4800,4350,635,17.09,4430,715,19.25,3511,4800,1399-9-23
751,اخزا716,اسنادخزانه-م16بودجه97-000407,7,70311,63875406413,910221,908346,912508,2287,0.25,908470,-1751,-0.19,908346,912508,1399-9-23
752,اروند10,منفعت صبا اروند لوتوس 14001222,7,14585,14603650200,1029413,1000002,1003000,-26413,-2.57,1001279,-28134,-2.73,1000000,1003000,1399-9-23
753,ضخود1041,اختيارخ خودرو-2500-1399/10/07,7,156,219882000,1559,1426,1411,-148,-9.49,1409,-150,-9.62,1401,1426,1399-9-23
754,وساربيل,شركت س استان اردبيل,7,58142,70933240,1280,1220,1220,-60,-4.69,1280,0,0.0,1220,1220,1399-9-23
755,ضغدر1118,اختيارخ وغدير-9000-1399/11/26,6,19,107020000,5700,5600,5850,150,2.63,5633,-67,-1.18,5500,5890,1399-9-23
756,ضپيك1023,اختيارخ تاپيكو-20000-99/10/16,6,104,29168000,800,350,800,0,0.0,280,-520,-65.0,101,800,1399-9-23
757,وسخراش,شركت س استان خراسان شمالي,6,26450,34649500,1370,1310,1310,-60,-4.38,1370,0,0.0,1310,1310,1399-9-23
758,ضچاد1017,اختيارخ كچاد-20000-1399/10/02,6,115,132290000,2001,1500,1250,-751,-37.53,1150,-851,-42.53,1013,1500,1399-9-23
759,تملي708,تسهيلات مسكن ب. ملي-آبان97,6,67,43249639,679491,645517,645517,-33974,-5.0,645517,-33974,-5.0,645517,645517,1399-9-23
760,ضشنا1038,اختيارخ شپنا-20000-1399/10/23,6,41,90900000,2284,1900,2800,516,22.59,2217,-67,-2.93,1900,2800,1399-9-23
761,ضملي1149,اختيارخ فملي-12168-1399/11/05,5,42,343477044,4950,3700,4100,-850,-17.17,4147,-803,-16.22,3700,4499,1399-9-23
762,اخزا704,اسنادخزانه-م4بودجه97-991022,5,636,627135900,986999,986000,986500,-499,-0.05,986063,-936,-0.09,986000,988990,1399-9-23
763,زير0003پ01,زيره سبز0003كيميابذر(پ),5,607,359362714,564857,629998,571207,6350,1.12,592031,27174,4.81,571207,629998,1399-9-23
764,زعف0008پ18,زعفران0008نگين بهرامن(پ),5,40200,5088300000,127962,127000,126800,-1162,-0.91,126575,-1387,-1.08,126000,127000,1399-9-23
765,سپرمي,پرميت‌,5,6508,54784344,8335,8418,8418,83,1.0,8336,1,0.01,8418,8418,1399-9-23
766,ضصاد1105,اختيارخ وبصادر-5000-1399/11/12,5,170,26750000,200,100,180,-20,-10.0,157,-43,-21.5,100,180,1399-9-23
767,زير0003پ04,زيره سبز0003شركت مينوبذر(پ),5,295,168506065,510150,571207,571207,61057,11.97,571207,61057,11.97,571207,571207,1399-9-23
768,نگين,ص.س. زمين و ساختمان نگين شهرري,5,1101,52421880,48130,47530,48400,270,0.56,47610,-520,-1.08,47530,48400,1399-9-23
769,تملي612,تسهيلات مسكن بانك ملي-اسفند96,5,30,29132850,924853,971095,971095,46242,5.0,971095,46242,5.0,971095,971095,1399-9-23
770,اخزا722,اسنادخزانه-م22بودجه97-000428,4,21010,18978171828,903833,900198,904011,178,0.02,903292,-541,-0.06,900198,906000,1399-9-23
771,ضسپا1103,اختيارخ خساپا-2500-1399/11/26,4,151,133000000,931,872,900,-31,-3.33,881,-50,-5.37,800,900,1399-9-23
772,ضخود1040,اختيارخ خودرو-2000-1399/10/07,4,84,160565000,2073,1910,1911,-162,-7.81,1911,-162,-7.81,1910,1912,1399-9-23
773,اخزا720,اسنادخزانه-م20بودجه97-000324,4,2790,2555192658,917882,912890,917880,-2,0.0,915840,-2042,-0.22,912890,917880,1399-9-23
774,اراد50,مرابحه عام دولت5-ش.خ0302,4,100000,100000000000,1000001,1000000,1000000,-1,0.0,1000000,-1,0.0,1000000,1000000,1399-9-23
775,ضپاس1000,اختيارخ وپارس-2000-1399/10/30,4,15,42808000,2954,2776,2900,-54,-1.83,2854,-100,-3.39,2776,2900,1399-9-23
776,ضخود1047,اختيارخ خودرو-6000-1399/10/07,3,60,939000,20,15,19,-1,-5.0,16,-4,-20.0,15,19,1399-9-23
777,اطلس2,صندوق س.توسعه اندوخته آينده-س,3,30000,30000,216466,1,1,-216465,-100.0,1,-216465,-100.0,1,1,1399-9-23
778,تملي805,تسهيلات مسكن ب. ملي-مرداد98,3,35,21419755,582851,611993,611993,29142,5.0,611993,29142,5.0,611993,611993,1399-9-23
779,ضملت1130,اختيارخ وبملت-8000-1399/11/28,3,19,2830000,210,280,200,-10,-4.76,149,-61,-29.05,130,280,1399-9-23
780,وسكرشا,س.سهام عدالت استان كرمانشاه,3,14667,17600400,1260,1200,1200,-60,-4.76,1260,0,0.0,1200,1200,1399-9-23
781,ضگل1144,اختيارخ كگل-20000-1399/11/21,3,46,93500000,2460,2300,2000,-460,-18.7,2033,-427,-17.36,2000,2300,1399-9-23
782,صگل3092,صكوك اجاره گل گهر309-3ماهه20%,3,2220000,2337660000000,1020000,1053000,1053000,33000,3.24,1053000,33000,3.24,1053000,1053000,1399-9-23
783,ضملت1127,اختيارخ وبملت-5000-1399/11/28,3,35,48977000,1086,1399,1400,314,28.91,1399,313,28.82,1399,1400,1399-9-23
784,هاباد912,اختيارف ت آبادا-30100-99/12/12,3,11378,86199728,7607,7576,7576,-31,-0.41,7576,-31,-0.41,7576,7576,1399-9-23
785,ضمخا7070,اختيارخ اخابر-20000-1400/07/28,3,3,14900000,4859,5050,4800,-59,-1.21,4967,108,2.22,4800,5050,1399-9-23
786,سلامت4,مرابحه دولتي تعاون-لوتوس991118,3,5000,5008001000,1005000,1000001,1004000,-1000,-0.1,1001600,-3400,-0.34,1000000,1004000,1399-9-23
787,كشم0001پ01,كشمش سبز0001خليل آباد(پ),3,27,10095000,375116,367000,384000,8884,2.37,373889,-1227,-0.33,367000,384000,1399-9-23
788,تملي803,تسهيلات مسكن ب. ملي-خرداد98,3,43,27858840,617029,647880,647880,30851,5.0,647880,30851,5.0,647880,647880,1399-9-23
789,وسگلستا,شركت س استان گلستان,3,24238,28600840,1240,1180,1180,-60,-4.84,1240,0,0.0,1180,1180,1399-9-23
790,زير0003پ02,زيره سبز0003 دانش(پ),3,160,100726650,616225,630000,619999,3774,0.61,629542,13317,2.16,619999,631333,1399-9-23
791,كابگن,توليدي و صنعتي آبگينه‌,3,3050,15222550,4942,4991,4991,49,0.99,4942,0,0.0,4991,4991,1399-9-23
792,ضپيك1022,اختيارخ تاپيكو-18000-99/10/16,3,7,8000000,1874,1000,1500,-374,-19.96,1143,-731,-39.01,1000,1500,1399-9-23
793,غنيلي,مجتمع توليدي نيلي صنعت كرمان,3,45000,765000000,17000,17000,17000,0,0.0,17000,0,0.0,17000,17000,1399-9-23
794,ضبدر1157,اختيارخ شبندر-20000-1399/11/19,2,4,63996000,12999,15999,15999,3000,23.08,15999,3000,23.08,15999,15999,1399-9-23
795,اخزا906,اسنادخزانه-م6بودجه99-020321,2,1336,837320632,626056,626737,626737,681,0.11,626737,681,0.11,626737,626737,1399-9-23
796,ضپار1116,اختيارخ خپارس-6000-1399/11/19,2,13,40012000,3567,3001,4000,433,12.14,3078,-489,-13.71,3001,4000,1399-9-23
797,فبستم,صنايع ‌بسته‌بندي‌ مشهد,2,5808,4739328,793,816,816,23,2.9,793,0,0.0,816,816,1399-9-23
798,ضفلا1151,اختيارخ فولاد-8000-1399/11/28,2,16,120000000,7644,7500,7500,-144,-1.88,7500,-144,-1.88,7500,7500,1399-9-23
799,شلرد02,كود شيميايي اوره لردگان,2,14,14000000,1000000,1000000,1000000,0,0.0,1000000,0,0.0,1000000,1000000,1399-9-23
800,حرهشا,رهشاد سپاهان (سهامي عام,2,200,11881200,61243,59406,59406,-1837,-3.0,61242,-1,0.0,59406,59406,1399-9-23
801,ضملي1150,اختيارخ فملي-14196-1399/11/05,2,20,118320000,3800,3000,3000,-800,-21.05,3000,-800,-21.05,3000,3000,1399-9-23
802,زاگرس2,پتروشيمي زاگرس,2,1750000,343525000000,194730,196300,196300,1570,0.81,196300,1570,0.81,196300,196300,1399-9-23
803,صگل411,ص اجاره گل گهر 411- 3 ماهه 17%,2,69,69689360,980000,1010000,1009990,29990,3.06,1009991,29991,3.06,1009990,1010000,1399-9-23
804,تبريز112,مشاركت شهرداري تبريز-3ماهه18%,2,206,192760000,953182,960000,935000,-18182,-1.91,935728,-17454,-1.83,935000,960000,1399-9-23
805,ضشنا1037,اختيارخ شپنا-18000-1399/10/23,2,8,24267000,2808,2399,3414,606,21.58,3033,225,8.01,2399,3414,1399-9-23
806,ضفار1126,اختيارخ فارس-19826-1399/11/07,2,26,20820000,477,400,401,-76,-15.93,400,-77,-16.14,400,401,1399-9-23
807,شخارك2,پتروشيمي‌ خارك‌,2,31000000,1465090000000,47290,47200,47290,0,0.0,47261,-29,-0.06,47200,47290,1399-9-23
808,ضبدر1149,اختيارخ شبندر-28000-1399/11/19,2,5,41600000,6884,8800,8200,1316,19.12,8320,1436,20.86,8200,8800,1399-9-23
809,فولاد2,فولاد مباركه اصفهان,2,53700000,820240000000,15160,15280,15200,40,0.26,15274,114,0.75,15200,15280,1399-9-23
810,ضترا1119,اختيارخ شتران-14000-1399/11/14,1,2,4000000,2697,2000,2000,-697,-25.84,2000,-697,-25.84,2000,2000,1399-9-23
811,افران2,صندوق س افرا نماد پايدار-ثابت,1,16300000,16300000,12283,1,1,-12282,-99.99,1,-12282,-99.99,1,1,1399-9-23
812,ساذري,آذريت‌,1,40,239360,5810,5984,5984,174,2.99,5810,0,0.0,5984,5984,1399-9-23
813,شپترو2,پتروشيمي آبادان,1,27600000,150033600000,5436,5436,5436,0,0.0,5436,0,0.0,5436,5436,1399-9-23
814,تملي701,تسهيلات مسكن ب. ملي-فروردين97,1,5,5242490,1103682,1048498,1048498,-55184,-5.0,1048498,-55184,-5.0,1048498,1048498,1399-9-23
815,طمخا7071,اختيارف اخابر-24000-1400/07/28,1,2,6000000,4000,3000,3000,-1000,-25.0,3000,-1000,-25.0,3000,3000,1399-9-23
816,ضگل1141,اختيارخ كگل-14000-1399/11/21,1,2,10200000,6113,5100,5100,-1013,-16.57,5100,-1013,-16.57,5100,5100,1399-9-23
817,كمند2,صندوق س. با درآمد ثابت كمند,1,40000000,40000000,10039,1,1,-10038,-99.99,1,-10038,-99.99,1,1,1399-9-23
818,ضپنا1023,اختيارخ رمپنا-21506-1399/10/09,1,20,47392000,1675,1600,1600,-75,-4.48,1600,-75,-4.48,1600,1600,1399-9-23
819,پا ر 32,بار پايه روز 32,1,10000,4000000,498,400,400,-98,-19.68,400,-98,-19.68,400,400,1399-9-23
820,وبملت2,بانك ملت,1,100000000,522000000000,5330,5220,5220,-110,-2.06,5220,-110,-2.06,5220,5220,1399-9-23
821,كباده,توليد خاك نسوزاستقلال آباده,1,1153,27013637,22314,23429,23429,1115,5.0,22315,1,0.0,23429,23429,1399-9-23
822,پادي,بار پايه دي,1,20000,7800000,250000,390,390,-249610,-99.84,390,-249610,-99.84,390,390,1399-9-23
823,صگل1411,ص اجاره گل گهر 1411-3 ماهه 17%,1,6,5880000,980000,980000,980000,0,0.0,980000,0,0.0,980000,980000,1399-9-23
824,پست0008پ09,پسته بادامي30-28مه ولات0008(پ),1,6,8760000,1507065,1460000,1460000,-47065,-3.12,1460000,-47065,-3.12,1460000,1460000,1399-9-23
825,ضجار1012,اختيارخ وتجارت-2000-1399/10/21,1,1,3000000,2371,3000,3000,629,26.53,3000,629,26.53,3000,3000,1399-9-23
826,ضپنا1021,اختيارخ رمپنا-16106-1399/10/09,1,3,26213700,5714,5900,5900,186,3.26,5900,186,3.26,5900,5900,1399-9-23
827,شبندر2,پالايش نفت بندرعباس,1,4000000,134880000000,32120,33720,33720,1600,4.98,33720,1600,4.98,33720,33720,1399-9-23
828,بوعلي4,پتروشيمي بوعلي سينا,1,70000000,3047100000000,42500,43530,43530,1030,2.42,43530,1030,2.42,43530,43530,1399-9-23
829,صمسكن912,ص دين مسكن جنوب-ماهانه16درصد,1,700,42775600,61570,61108,61108,-462,-0.75,61108,-462,-0.75,61108,61108,1399-9-23
830,ضملت1124,اختيارخ وبملت-3500-1399/11/28,1,48,96480000,2467,2010,2010,-457,-18.52,2010,-457,-18.52,2010,2010,1399-9-23
831,ضپنا1020,اختيارخ رمپنا-13406-1399/10/09,1,1,11848000,7275,8000,8000,725,9.97,8000,725,9.97,8000,8000,1399-9-23
832,طمخا7072,اختيارف اخابر-28000-1400/07/28,1,10,50010000,6001,5001,5001,-1000,-16.66,5001,-1000,-16.66,5001,5001,1399-9-23
833,صخود412,ص مرابحه خودرو412- 3ماهه 18%,1,7,6929300,986159,989900,989900,3741,0.38,989900,3741,0.38,989900,989900,1399-9-23
834,اخزا723,اسنادخزانه-م23بودجه97-000824,1,200,171580400,857950,857902,857902,-48,-0.01,857902,-48,-0.01,857902,857902,1399-9-23
835,اخزا805,اسنادخزانه-م5بودجه98-000422,1,5251,4755363361,906486,905611,905611,-875,-0.1,905611,-875,-0.1,905611,905611,1399-9-23
836,ضفار1123,اختيارخ فارس-13826-1399/11/07,1,5,19500000,2186,1950,1950,-236,-10.8,1950,-236,-10.8,1950,1950,1399-9-23
837,اشاد14,مشاركت دولتي1-شرايط خاص001026,1,200000,196000000000,998750,980000,980000,-18750,-1.88,980000,-18750,-1.88,980000,980000,1399-9-23
838,اوصتا4,صندوق انديشه ورزان صباتامين -د,1,23000000,398774000000,17303,17338,17338,35,0.2,17338,35,0.2,17338,17338,1399-9-23
839,كايتا,ايتالران‌,1,194,1889754,9278,9741,9741,463,4.99,9278,0,0.0,9741,9741,1399-9-23
840,ضترا1120,اختيارخ شتران-16000-1399/11/14,1,2,2000000,1,1000,1000,999,99900.0,1000,999,99900.0,1000,1000,1399-9-23
841,شستا993,اجاره ت.اجتماعي-كاردان991226,1,30,30000600,1003148,1000020,1000020,-3128,-0.31,1000020,-3128,-0.31,1000020,1000020,1399-9-23
842,ياقوت2,صندوق س ياقوت آگاه-ثابت,1,287000,287000,11560,1,1,-11559,-99.99,1,-11559,-99.99,1,1,1399-9-23
843,پا ر 33,بار پايه روز 33,1,10000,4000000,498,400,400,-98,-19.68,400,-98,-19.68,400,400,1399-9-23
844,شپاس4,نفت پاسارگاد,1,9920000,240788160000,23928,24273,24273,345,1.44,24273,345,1.44,24273,24273,1399-9-23
845,عفولاد3,اوراق سلف موازي ورق گرم فولاد,1,9,7186446,796722,798494,798494,1772,0.22,798494,1772,0.22,798494,798494,1399-9-23
846,صينا205,صكوك منفعت سينا دارو-3ماهه 19%,1,5,4925105,1002743,985021,985021,-17722,-1.77,985021,-17722,-1.77,985021,985021,1399-9-23
847,اخزا9062,اسنادخزانه-م6بودجه99-020321,1,320000,199040000000,626056,622000,622000,-4056,-0.65,622000,-4056,-0.65,622000,622000,1399-9-23
848,ومعادن2,توسعه‌معادن‌وفلزات‌,1,50000000,767500000000,15800,15350,15350,-450,-2.85,15350,-450,-2.85,15350,15350,1399-9-23
849,افاد73,منفعت دولت7-ش.خاص نوين0204,1,600,570000000,950000,950000,950000,0,0.0,950000,0,0.0,950000,950000,1399-9-23
850,فملي2,ملي‌ صنايع‌ مس‌ ايران‌,1,50000000,817500000000,16660,16350,16350,-310,-1.86,16350,-310,-1.86,16350,16350,1399-9-23
851,وملل2,اعتباري ملل,1,59000000,976273000000,16244,16547,16547,303,1.87,16547,303,1.87,16547,16547,1399-9-23
852,ضصاد1106,اختيارخ وبصادر-6000-1399/11/12,1,1,80000,114,80,80,-34,-29.82,80,-34,-29.82,80,80,1399-9-23
853,شرانل4,نفت ايرانول,1,9980000,372942620000,37412,37369,37369,-43,-0.11,37369,-43,-0.11,37369,37369,1399-9-23
854,جم2,پتروشيمي جم,1,7000000,355950000000,51780,50850,50850,-930,-1.8,50850,-930,-1.8,50850,50850,1399-9-23
855,اشاد1,مشاركت دولتي1-شرايط خاص001026,1,1000,990000000,998750,990000,990000,-8750,-0.88,990000,-8750,-0.88,990000,990000,1399-9-23
856,ضسپا1102,اختيارخ خساپا-2000-1399/11/26,1,3,3750000,1417,1250,1250,-167,-11.79,1250,-167,-11.79,1250,1250,1399-9-23
857,گواهي ظرفيت,گواهي ظرفيت نقدي,1,250000,2659750000,10639,10639,10639,0,0.0,10639,0,0.0,10639,10639,1399-9-23
858,ضچاد1016,اختيارخ كچاد-18000-1399/10/02,1,5,15000000,3300,3000,3000,-300,-9.09,3000,-300,-9.09,3000,3000,1399-9-23
859,ضپيك1019,اختيارخ تاپيكو-12000-99/10/16,1,2,12000000,5700,6000,6000,300,5.26,6000,300,5.26,6000,6000,1399-9-23
860,ضصاد1107,اختيارخ وبصادر-7000-1399/11/12,1,50,3500000,70,70,70,0,0.0,70,0,0.0,70,70,1399-9-23
861,ميدكو2,هلدينگ صنايع  معدني خاورميانه,1,20000000,558200000000,27685,27910,27910,225,0.81,27910,225,0.81,27910,27910,1399-9-23
862,شپديس2,پتروشيمي پرديس,1,1000000,108000000000,109880,108000,108000,-1880,-1.71,108000,-1880,-1.71,108000,108000,1399-9-23
863,سپح2,ح . پرداخت الكترونيك سامان كيش,1,18579257,348361068750,18750,18750,18750,0,0.0,18750,0,0.0,18750,18750,1399-9-23
864,شاراك2,پتروشيمي شازند,1,20000000,524000000000,26100,26200,26200,100,0.38,26200,100,0.38,26200,26200,1399-9-23
865,اخزا9032,اسنادخزانه-م3بودجه99-011110,1,700000,472850000000,669092,675500,675500,6408,0.96,675500,6408,0.96,675500,675500,1399-9-23
866,پارسان2,گسترش نفت و گاز پارسيان,1,10000000,245000000000,24750,24500,24500,-250,-1.01,24500,-250,-1.01,24500,24500,1399-9-23
867,اراد53,مرابحه عام دولت5-ش.خ 0207,1,100,87780000,924000,877800,877800,-46200,-5.0,877800,-46200,-5.0,877800,877800,1399-9-23
868,وسمركز,شركت س استان مركزي,1,6400,8512000,1400,1330,1330,-70,-5.0,1400,0,0.0,1330,1330,1399-9-23
