,نماد,نام,تعداد,حجم,ارزش,دیروز,اولین,آخرین معامله - مقدار,آخرین معامله - تغییر,آخرین معامله - درصد,قیمت پایانی - مقدار,قیمت پایانی - تغییر,قیمت پایانی - درصد,کمترین,بیشترین,تاریخ
0,وكبهمن,مديريت سرمايه گذاري كوثربهمن,82282,39402132,687949546758,17518,17500,17090,-428,-2.44,17460,-58,-0.33,16810,18150,1399-11-4
1,بوعلي,پتروشيمي بوعلي سينا,32625,31528545,1533033715220,46370,48670,48680,2310,4.98,48620,2250,4.85,47100,48680,1399-11-4
2,چخزر,صنايع چوب خزر كاسپين,31504,919223,48392494835,50139,52645,52645,2506,5.0,52449,2310,4.61,52645,52645,1399-11-4
3,سپيدار,سپيدار سيستم آسيا,30491,1294706,61877883858,45518,47793,47793,2275,5.0,47793,2275,5.0,47793,47793,1399-11-4
4,كاما,باما,29485,96066382,1871313461810,19710,19000,19230,-480,-2.44,19480,-230,-1.17,18800,20320,1399-11-4
5,وسپهر,سرمايه گذاري مالي سپهرصادرات,29087,72305522,777898020396,10657,10730,10735,78,0.73,10758,101,0.95,10659,10900,1399-11-4
6,ثبهساز,بهساز كاشانه تهران,28590,432843542,1421869456380,2980,3200,3360,380,12.75,3280,300,10.07,3110,3360,1399-11-4
7,ولپارس,ليزينگ پارسيان,25867,68855701,556627257360,7930,8300,8100,170,2.14,8080,150,1.89,7600,8320,1399-11-4
8,شاروم,پتروشيمي اروميه,24497,22430876,525906940683,23504,24200,23100,-404,-1.72,23446,-58,-0.25,22560,24300,1399-11-4
9,ذوب,سهامي ذوب آهن  اصفهان,22717,357317347,1885008773543,4529,5355,5329,800,17.66,5275,746,16.47,5140,5622,1399-11-4
10,ثاميد,توسعه و عمران اميد,19881,233172009,486423129400,1930,2090,2120,190,9.84,2090,160,8.29,2010,2150,1399-11-4
11,امين,تامين سرمايه امين,16501,18630771,203021316620,9830,10750,11000,1170,11.9,10900,1070,10.89,10740,11120,1399-11-4
12,سيتا,سرمايه گذاري سيمان تامين,14982,33265590,535317492290,15400,15900,16170,770,5.0,16090,690,4.48,15500,16170,1399-11-4
13,آسيا,بيمه آسيا,14606,329841419,1056151616540,3510,3150,3150,-360,-10.26,3200,-310,-8.83,3000,3300,1399-11-4
14,آوا,صندوق س.سهام آواي معيار-س,14034,152594761,1292641410661,7491,8200,8830,1339,17.87,8471,980,13.08,7900,8830,1399-11-4
15,زملارد,كشاورزي و دامپروري ملارد شير,13850,3919841,153014913276,37178,39036,39036,1858,5.0,39036,1858,5.0,39036,39036,1399-11-4
16,وپست,پست بانك ايران,13802,82396663,1784638658610,21890,20800,22340,450,2.06,21660,-230,-1.05,20800,22970,1399-11-4
17,غنوش,نوش‌ مازندران‌,11976,18615288,1183975449540,65340,62080,63900,-1440,-2.2,63600,-1740,-2.66,62080,66410,1399-11-4
18,غزر,صنعتي زر ماكارون,11797,4889470,126695486240,24750,25400,25980,1230,4.97,25910,1160,4.69,24610,25980,1399-11-4
19,كرمان,س. توسعه و عمران استان كرمان,11530,12650288,932220991926,76406,75000,72586,-3820,-5.0,73692,-2714,-3.55,72586,77488,1399-11-4
20,خبهمن,گروه‌بهمن‌,11500,42569254,1045504180630,24530,24400,24600,70,0.29,24560,30,0.12,23810,25490,1399-11-4
21,شتوكا,توكا رنگ فولاد سپاهان,11161,13726714,905549104189,66050,65600,62748,-3302,-5.0,65970,-80,-0.12,62748,68900,1399-11-4
22,گشان,توسعه بين المللي پديده شانديز,10837,23117023,1148608204112,50649,49637,49637,-1012,-2.0,49687,-962,-1.9,49637,50625,1399-11-4
23,بترانس,ايران‌ ترانسفو,10407,239522051,849448666860,3420,3440,3590,170,4.97,3550,130,3.8,3350,3590,1399-11-4
24,سمگا,گروه سرمايه گذاري ميراث فرهنگي,9835,53289324,1596603227048,31015,30110,31000,-15,-0.05,29961,-1054,-3.4,29465,31170,1399-11-4
25,بپيوند,برق و انرژي پيوندگستر پارس,9659,6567420,118344130397,17295,18000,18159,864,5.0,18020,725,4.19,17640,18159,1399-11-4
26,خودكفا,اقتصادي و خودكفايي آزادگان,9388,24814123,832005560353,33516,32750,32576,-940,-2.8,33530,14,0.04,32511,34521,1399-11-4
27,گكوثر,هتل پارسيان كوثر اصفهان,9294,162969505,565759289226,3353,3353,3520,167,4.98,3472,119,3.55,3353,3520,1399-11-4
28,حآسا,آسيا سير ارس,9075,25553332,1142357466389,46314,43999,43999,-2315,-5.0,44705,-1609,-3.47,43999,47500,1399-11-4
29,چفيبر,فيبر ايران‌,8705,57210390,850847792390,14800,15540,14060,-740,-5.0,14870,70,0.47,14060,15540,1399-11-4
30,قثابت,قند ثابت‌ خراسان‌,7831,10125290,588536527960,60630,57900,58470,-2160,-3.56,58130,-2500,-4.12,57600,60630,1399-11-4
31,بگيلان,توسعه مسير برق گيلان,7657,4398805,100340911406,21731,22810,22817,1086,5.0,22811,1080,4.97,22400,22817,1399-11-4
32,پيزد,مجتمع صنايع لاستيك يزد,7608,1226190,92990566228,75354,74500,75050,-304,-0.4,75837,483,0.64,74500,77999,1399-11-4
33,غبهنوش,بهنوش‌ ايران‌,7572,6396631,515845351930,83580,79510,80800,-2780,-3.33,80640,-2940,-3.52,79410,84880,1399-11-4
34,رافزا,رايان هم افزا,7555,44021,1859050851,40220,42231,42231,2011,5.0,40291,71,0.18,42231,42231,1399-11-4
35,آگاس,صندوق س.هستي بخش آگاه-س,7467,16940843,1203755414930,67987,71000,71510,3523,5.18,71056,3069,4.51,70090,72600,1399-11-4
36,وپويا,سرمايه گذاري پويا,7435,19436874,121328137181,5979,6090,6277,298,4.98,6242,263,4.4,6062,6277,1399-11-4
37,زشگزا,شير و گوشت زاگرس شهركرد,7380,38013140,409296823118,11072,10519,10550,-522,-4.71,10767,-305,-2.75,10519,11357,1399-11-4
38,كمند,صندوق س. با درآمد ثابت كمند,7309,337303312,3408751188813,10089,10104,10110,21,0.21,10106,17,0.17,10104,10112,1399-11-4
39,كمرجان,بازرگاني و توليدي مرجان كار,7248,5892488,585262756460,100786,100786,105825,5039,5.0,99324,-1462,-1.45,95747,105825,1399-11-4
40,غگل,گلوكوزان‌,7075,82604821,364336716960,4220,4340,4430,210,4.98,4410,190,4.5,4220,4430,1399-11-4
41,غپينو,پارس‌ مينو,6986,50340036,453358029060,9180,9600,8730,-450,-4.9,9010,-170,-1.85,8730,9600,1399-11-4
42,سرو,صندوق س سروسودمند مدبران-سهام,6824,10550000,736208941660,65530,70700,71910,6380,9.74,69780,4250,6.49,67400,72000,1399-11-4
43,كرازي,كارخانجات‌توليدي‌شيشه‌رازي‌,6741,16466517,502251655490,31850,31030,30260,-1590,-4.99,30500,-1350,-4.24,30260,32500,1399-11-4
44,كماسه,تامين‌ ماسه‌ ريخته‌گري‌,6652,8016049,398484570830,51620,51000,49050,-2570,-4.98,49710,-1910,-3.7,49040,52000,1399-11-4
45,هاي وب,داده گسترعصرنوين-هاي وب,6635,36968774,1018348534630,26560,27100,27880,1320,4.97,27550,990,3.73,26800,27880,1399-11-4
46,فزرين,زرين معدن آسيا,6509,21244523,495299510701,23423,22741,23450,27,0.12,23314,-109,-0.47,22255,24500,1399-11-4
47,بكام,كارخانجات توليدي شهيد قندي,6337,71379358,282784205070,3930,3960,4000,70,1.78,3960,30,0.76,3790,4060,1399-11-4
48,داوه,داروسازي آوه سينا,6188,26568322,628235377422,24167,25375,22959,-1208,-5.0,23646,-521,-2.16,22959,25375,1399-11-4
49,كسرا,سراميك‌هاي‌صنعتي‌اردكان‌,6054,30982523,827939557680,25570,26230,26840,1270,4.97,26720,1150,4.5,26000,26840,1399-11-4
50,كاذر,فرآورده‌هاي‌نسوزآذر,6032,23981526,833692843170,35420,33650,37190,1770,5.0,34760,-660,-1.86,33650,37190,1399-11-4
51,كلر,كلر پارس,5943,6040246,692449168858,109598,112600,115077,5479,5.0,114639,5041,4.6,108050,115077,1399-11-4
52,آريا,پليمر آريا ساسول,5747,1886947,165346219566,83903,88000,88098,4195,5.0,87626,3723,4.44,85455,88098,1399-11-4
53,خاور,ايران خودرو ديزل,5567,62203270,487133179257,8031,7880,7885,-146,-1.82,7831,-200,-2.49,7791,8110,1399-11-4
54,بميلا,توسعه بازرگاني آهن وفولادميلاد,5512,21525755,534816719914,25806,24516,24660,-1146,-4.44,24845,-961,-3.72,24516,26250,1399-11-4
55,فوكا,فولاد كاويان,5456,26221170,335776813505,13029,13390,12639,-390,-2.99,12806,-223,-1.71,12639,13390,1399-11-4
56,غصينو,صنعتي مينو,5386,6754542,592189472531,84586,88800,84500,-86,-0.1,87673,3087,3.65,81000,88815,1399-11-4
57,شستا,سرمايه گذاري تامين اجتماعي,5357,34497631,732729682440,20230,21240,21240,1010,4.99,21240,1010,4.99,21240,21240,1399-11-4
58,خفنر,فنرسازي‌خاور,5313,16299213,377264595980,23000,21860,24030,1030,4.48,23150,150,0.65,21850,24150,1399-11-4
59,تاپكيش,تجارت الكترونيك پارسيان كيش,5273,13950529,314648163988,23000,21860,23400,400,1.74,22555,-445,-1.93,21850,23500,1399-11-4
60,كسعدي,كاشي‌ سعدي‌,5173,13171528,253975900750,19410,19450,18930,-480,-2.47,19280,-130,-0.67,18500,20270,1399-11-4
61,كوثر,بيمه كوثر,5130,40427428,801208815839,20749,19969,19950,-799,-3.85,19818,-931,-4.49,19712,20980,1399-11-4
62,فلامي,لاميران‌,5127,6750570,292656838810,45150,42900,43940,-1210,-2.68,43350,-1800,-3.99,42900,45000,1399-11-4
63,مرقام,ايران‌ارقام‌,5127,14563711,295619807170,20610,19580,20720,110,0.53,20300,-310,-1.5,19580,21200,1399-11-4
64,وپاسار,بانك  پاسارگاد,5098,51000485,622404815310,11840,11850,12320,480,4.05,12200,360,3.04,11840,12420,1399-11-4
65,وآوا,سرمايه گذاري آوا نوين,5080,39474646,367937507671,9682,9198,9198,-484,-5.0,9321,-361,-3.73,9198,9620,1399-11-4
66,پارسان,گسترش نفت و گاز پارسيان,5079,38416705,757717549270,16620,19470,19610,2990,17.99,19720,3100,18.65,19240,20440,1399-11-4
67,ولصنم,ليزينگ‌صنعت‌ومعدن‌,5063,26736409,364435499020,13360,14000,13060,-300,-2.25,13630,270,2.02,12970,14020,1399-11-4
68,دتوزيع,توزيع دارو پخش,4914,6672891,358818254403,52738,54900,55374,2636,5.0,53773,1035,1.96,50360,55374,1399-11-4
69,ختور,رادياتور ايران‌,4675,6918598,224491894990,32360,32370,32360,0,0.0,32450,90,0.28,31050,33800,1399-11-4
70,ثشرق,سرمايه گذاري مسكن شمال شرق,4519,48484197,299305255240,6450,6130,6140,-310,-4.81,6170,-280,-4.34,6130,6380,1399-11-4
71,تكشا,گسترش‌صنايع‌وخدمات‌كشاورزي‌,4465,5737003,379028155230,68780,71500,65350,-3430,-4.99,66070,-2710,-3.94,65350,71500,1399-11-4
72,آ س پ,آ.س.پ,4458,17270751,263226139243,15691,16400,14907,-784,-5.0,15241,-450,-2.87,14907,16400,1399-11-4
73,وايران,ليزينگ ايرانيان,4442,21372075,296643197510,14410,13980,13750,-660,-4.58,13880,-530,-3.68,13690,14700,1399-11-4
74,ثشاهد,سرمايه‌ گذاري‌ شاهد,4374,16994310,330486770790,18770,18700,19700,930,4.95,19450,680,3.62,18300,19700,1399-11-4
75,كپارس,كاشي‌ پارس‌,4221,2757254,495509311710,172490,179810,181110,8620,5.0,179710,7220,4.19,165000,181110,1399-11-4
76,غمينو,شركت صنايع غذايي مينو شرق,4126,15275511,263881662615,17524,17700,16648,-876,-5.0,17275,-249,-1.42,16648,18300,1399-11-4
77,خچرخش,چرخشگر,4084,13220385,248669878960,18690,17800,19220,530,2.84,18810,120,0.64,17760,19600,1399-11-4
78,خزر,فنرسازي‌زر,4070,8731374,354020273610,38780,40600,40700,1920,4.95,40550,1770,4.56,38880,40710,1399-11-4
79,توريل,توکاريل,3999,12181847,369821420429,31349,31000,29782,-1567,-5.0,30358,-991,-3.16,29782,31900,1399-11-4
80,شگويا,پتروشيمي تندگويان,3923,21422826,203865380805,9066,9519,9519,453,5.0,9516,450,4.96,9330,9519,1399-11-4
81,وملي,گروه‌ صنعتي‌ ملي‌ (هلدينگ‌,3922,1619725,353845467580,209700,209720,220180,10480,5.0,218460,8760,4.18,209720,220180,1399-11-4
82,ملت,بيمه ملت,3906,15452060,248652336090,15860,15850,16030,170,1.07,16090,230,1.45,15390,16490,1399-11-4
83,فنورد,نوردوقطعات‌ فولادي‌,3885,1326448,338016137930,265820,255550,252530,-13290,-5.0,254830,-10990,-4.13,252530,269000,1399-11-4
84,وبهمن,سرمايه‌گذاري‌بهمن‌,3848,17140046,390934959290,22870,23620,21730,-1140,-4.98,22810,-60,-0.26,21730,24010,1399-11-4
85,دزهراويح,ح . ‌داروسازي‌زهراوي‌,3821,13698401,108325909570,7420,7500,8160,740,9.97,7910,490,6.6,7210,8160,1399-11-4
86,چكاپا,گروه صنايع كاغذ پارس,3810,36280128,240007446390,6330,6450,6640,310,4.9,6620,290,4.58,6450,6640,1399-11-4
87,پرداخت,به پرداخت ملت,3802,12198532,413616895460,35390,33630,33630,-1760,-4.97,33910,-1480,-4.18,33630,35280,1399-11-4
88,ماديرا,صنايع ماشين هاي اداري ايران,3785,14546227,165982283493,11100,10970,11640,540,4.86,11411,311,2.8,10950,11654,1399-11-4
89,خودرو,ايران‌ خودرو,3718,120727715,323550276200,2560,2680,2680,120,4.69,2680,120,4.69,2680,2680,1399-11-4
90,ولغدر,ليزينگ‌خودروغدير,3696,12966730,340571206270,26410,25090,26650,240,0.91,26270,-140,-0.53,25090,27560,1399-11-4
91,خكرمان,گروه اقتصادي كرمان خودرو,3688,32613100,171192623218,5305,5230,5240,-65,-1.23,5249,-56,-1.06,5150,5420,1399-11-4
92,ودي,بيمه  دي,3666,21665400,564833967761,25001,26000,25651,650,2.6,26071,1070,4.28,25000,26251,1399-11-4
93,زكوثر,سرمايه گذاري كشاورزي كوثر,3632,7407095,170369072150,22340,21600,23450,1110,4.97,23000,660,2.95,21600,23450,1399-11-4
94,قاسم,قاسم ايران,3631,14607372,236073178613,16375,17000,15557,-818,-5.0,16161,-214,-1.31,15557,17150,1399-11-4
95,بايكا,كارخانجات كابلسازي ‌ايران‌,3628,6221688,333814426101,55216,53560,53560,-1656,-3.0,53653,-1563,-2.83,53560,54500,1399-11-4
96,پكوير,كوير تاير,3600,12124731,206352999440,16670,17000,17460,790,4.74,17020,350,2.1,16670,17490,1399-11-4
97,سخزر,سيمان‌ خزر,3596,7232762,244104501240,34430,32710,34000,-430,-1.25,33750,-680,-1.98,32710,35430,1399-11-4
98,ولشرق,ليزينگ ايران و شرق,3595,19496590,162699654435,8548,8220,8133,-415,-4.85,8345,-203,-2.37,8121,8700,1399-11-4
99,تملت,تامين سرمايه بانك ملت,3572,20914531,144891895090,6660,6700,6990,330,4.95,6930,270,4.05,6620,6990,1399-11-4
100,دماوند,توليد نيروي برق دماوند,3569,3680682,191566365199,50191,50210,52700,2509,5.0,52046,1855,3.7,50200,52700,1399-11-4
101,غفارس,شير پاستوريزه پگاه فارس,3561,18527475,213641753730,12008,11408,11408,-600,-5.0,11531,-477,-3.97,11408,11990,1399-11-4
102,كفپارس,فرآورده‌هاي‌ نسوز پارس‌,3442,34423131,170141576900,4810,4840,5050,240,4.99,4940,130,2.7,4700,5050,1399-11-4
103,غپآذر,شير پگاه آذربايجان شرقي,3419,6879765,486333665771,69038,65587,72489,3451,5.0,70690,1652,2.39,65587,72489,1399-11-4
104,وملل,اعتباري ملل,3376,20900634,346095019595,16615,16950,16700,85,0.51,16559,-56,-0.34,16020,16950,1399-11-4
105,امين يكم,صندوق درآمد ثابت امين يكم فردا,3357,87668227,887327911920,10108,10119,10124,16,0.16,10121,13,0.13,10117,10128,1399-11-4
106,وساپا,سرمايه‌گذاري‌ سايپا,3351,38959981,277324283830,6830,7000,7170,340,4.98,7120,290,4.25,6860,7170,1399-11-4
107,كپشير,پشم‌شيشه‌ايران‌,3332,9736086,272555078940,28500,27080,27450,-1050,-3.68,27990,-510,-1.79,27080,29910,1399-11-4
108,چكارن,كارتن‌ ايران‌,3280,43732026,179336664460,3950,3920,4140,190,4.81,4100,150,3.8,3920,4140,1399-11-4
109,شپترو,پتروشيمي آبادان,3262,47834058,261083697604,5211,5471,5471,260,4.99,5458,247,4.74,5220,5471,1399-11-4
110,تكمبا,كمباين‌ سازي‌ ايران‌,3242,20474261,215996294690,10630,10250,10300,-330,-3.1,10550,-80,-0.75,10200,10900,1399-11-4
111,جم,پتروشيمي جم,3239,7770371,332770326330,42050,43130,43090,1040,2.47,42830,780,1.85,42100,43850,1399-11-4
112,دسانكو,داروسازي سبحان انكولوژي,3203,10264481,179204235262,17996,18002,17500,-496,-2.76,17459,-537,-2.98,17097,18350,1399-11-4
113,فخوز,فولاد  خوزستان,3191,32514158,449366075690,13190,13760,13840,650,4.93,13820,630,4.78,13500,13840,1399-11-4
114,جهرم,پتروشيمي جهرم,3116,43675230,97988535051,2306,2191,2192,-114,-4.94,2244,-62,-2.69,2191,2380,1399-11-4
115,زبينا,كشاورزي و دامپروري بينالود,3099,3658800,144350206969,40837,40030,39770,-1067,-2.61,39453,-1384,-3.39,38796,42200,1399-11-4
116,وصنعت,سرمايه گذاري توسعه صنعت وتجارت,3089,29794816,203995511650,6540,6860,6860,320,4.89,6850,310,4.74,6630,6860,1399-11-4
117,كشرق,صنعتي و معدني شمال شرق شاهرود,3084,2813580,297939118084,108622,103191,107000,-1622,-1.49,105893,-2729,-2.51,103191,112890,1399-11-4
118,غگيلا,شيرپاستوريزه پگاه گيلان,3080,94171,2129394652,21536,22612,22612,1076,5.0,21580,44,0.2,22612,22612,1399-11-4
119,پدرخش,درخشان‌ تهران‌,3079,1631492,229660059920,147810,140420,140420,-7390,-5.0,140770,-7040,-4.76,140420,147400,1399-11-4
120,فاراك,ماشين‌ سازي‌ اراك‌,3042,34604510,224493036010,6200,6260,6510,310,5.0,6490,290,4.68,6250,6510,1399-11-4
121,ثباغ,شهر سازي و خانه سازي باغميشه,3041,10853941,207052071938,19941,18944,18944,-997,-5.0,19076,-865,-4.34,18944,19780,1399-11-4
122,غويتا,ويتانا,3038,9930093,222816388770,21402,22472,22471,1069,4.99,22438,1036,4.84,21800,22472,1399-11-4
123,خريخت,صنايع‌ريخته‌گري‌ايران‌,2991,36952819,158637336900,4250,4240,4330,80,1.88,4290,40,0.94,4120,4390,1399-11-4
124,آپ,آسان پرداخت پرشين,2974,7872132,158330286090,19580,19300,20550,970,4.95,20110,530,2.71,19110,20550,1399-11-4
125,غشاذر,پگاه‌آذربايجان‌غربي‌,2964,10859285,277204234940,25220,23990,26480,1260,5.0,25530,310,1.23,23960,26480,1399-11-4
126,فالوم,آلومتك‌,2950,11110650,442679747637,39090,40262,38240,-850,-2.17,39843,753,1.93,37918,40262,1399-11-4
127,پلاسك,پلاسكوكار,2906,20815851,218738557700,10100,10600,10600,500,4.95,10510,410,4.06,10000,10600,1399-11-4
128,زماهان,مجتمع توليد گوشت مرغ ماهان,2880,7437299,292936448520,37630,39511,39511,1881,5.0,39387,1757,4.67,38100,39511,1399-11-4
129,خپويش,سازه‌ پويش‌,2879,2940465,148310547130,50390,52900,49000,-1390,-2.76,50440,50,0.1,47880,52900,1399-11-4
130,خكاوه,سايپا ديزل,2870,36817733,210974246593,5849,5999,5700,-149,-2.55,5730,-119,-2.03,5674,6000,1399-11-4
131,دبالك,مواد اوليه دارويي البرز بالك,2858,6216350,143038427424,22380,23000,23390,1010,4.51,23010,630,2.82,21570,23499,1399-11-4
132,وپسا,س. پتروشيمي ساختمان  خليج فارس,2829,45207023,139906200832,3170,3075,3075,-95,-3.0,3095,-75,-2.37,3075,3230,1399-11-4
133,غشهداب,كشت و صنعت شهداب ناب خراسان,2815,31881136,135534863133,4101,4170,4306,205,5.0,4251,150,3.66,4120,4306,1399-11-4
134,خشرق,الكتريك‌ خودرو شرق‌,2795,7197111,165503694820,23640,23590,22500,-1140,-4.82,23000,-640,-2.71,22460,24130,1399-11-4
135,كهمدا,شيشه‌ همدان‌,2780,12355804,149017204580,12040,12120,12200,160,1.33,12060,20,0.17,11700,12500,1399-11-4
136,غمارگ,مارگارين‌,2765,6061075,195918068460,31850,30410,33430,1580,4.96,32320,470,1.48,30410,33440,1399-11-4
137,افرا,افرانت,2760,4571803,201320408842,44803,43710,43400,-1403,-3.13,44035,-768,-1.71,42563,46540,1399-11-4
138,خگستر,گسترش‌سرمايه‌گذاري‌ايران‌خودرو,2755,56006625,177541001250,3020,3170,3170,150,4.97,3170,150,4.97,3170,3170,1399-11-4
139,كروي,توسعه‌ معادن‌ روي‌ ايران‌,2716,6354395,223915130420,33800,33080,35490,1690,5.0,35240,1440,4.26,33080,35490,1399-11-4
140,وكادو,تكادو,2668,10962414,268561905993,25052,24450,24800,-252,-1.01,24498,-554,-2.21,24301,25730,1399-11-4
141,وكارح,ح . بانك‌ كارآفرين‌,2663,63905213,149880917380,2220,2220,2440,220,9.91,2350,130,5.86,2220,2440,1399-11-4
142,زگلدشت,كشت و دام گلدشت نمونه اصفهان,2662,4398184,262790732303,60132,63138,57126,-3006,-5.0,59750,-382,-0.64,57126,63138,1399-11-4
143,وتوصا,گروه س توسعه صنعتي ايران,2656,22012451,404175993260,21130,19010,18060,-3070,-14.53,18360,-2770,-13.11,18060,19600,1399-11-4
144,صبا,سرمايه گذاري صبا تامين,2656,14710354,110548268500,7166,7523,7524,358,5.0,7473,307,4.28,7360,7524,1399-11-4
145,فولاد,فولاد مباركه اصفهان,2648,34566999,387496058790,10680,11210,11210,530,4.96,11210,530,4.96,11210,11210,1399-11-4
146,انرژي3,سايراشخاص بورس انرژي,2634,665893,256293628030,368830,382000,387270,18440,5.0,384890,16060,4.35,369570,387270,1399-11-4
147,كوير,توليدي فولاد سپيد فراب كوير,2614,6979536,156585021800,22020,22760,22060,40,0.18,22430,410,1.86,21850,23000,1399-11-4
148,خمهر,مهركام‌پارس‌,2611,60519179,180349135160,2920,2930,3060,140,4.79,2980,60,2.05,2840,3060,1399-11-4
149,حريل,ريل پردازسير,2550,30159792,197730484220,6271,6520,6584,313,4.99,6556,285,4.54,6313,6584,1399-11-4
150,فسا,پتروشيمي فسا,2544,52351540,109279543792,2127,2064,2095,-32,-1.5,2087,-40,-1.88,2064,2179,1399-11-4
151,سلار,شركت سيمان لارستان,2537,6228971,410051005258,67743,65711,67400,-343,-0.51,65830,-1913,-2.82,65711,67743,1399-11-4
152,كاريس,صندوق س.سپهر كاريزما-س,2533,22804592,266447419304,11559,12080,11780,221,1.91,11684,125,1.08,11430,12130,1399-11-4
153,ثنور,سرمايه گذاري كوه نور,2506,19383156,270175346517,14296,14550,13868,-428,-2.99,13939,-357,-2.5,13868,14550,1399-11-4
154,وخاور,بانك خاورميانه,2484,19948486,221534747890,10790,11190,10800,10,0.09,11110,320,2.97,10800,11320,1399-11-4
155,وحكمت,بيمه حكمت صبا,2483,21795710,113856859778,5286,5200,5150,-136,-2.57,5224,-62,-1.17,5128,5430,1399-11-4
156,غمهرا,توليدي‌مهرام‌,2472,1951343,151637876800,77370,73670,81230,3860,4.99,77710,340,0.44,73510,81230,1399-11-4
157,ثعمرا,عمران و توسعه شاهد,2463,12996222,160495420571,12042,12000,12644,602,5.0,12349,307,2.55,11440,12644,1399-11-4
158,چافست,افست‌,2436,8173711,150196702490,19320,19000,18290,-1030,-5.33,18380,-940,-4.87,18050,19860,1399-11-4
159,ثغرب,شركت سرمايه گذاري مسكن شمالغرب,2403,13183023,111031179598,8631,8610,8200,-431,-4.99,8422,-209,-2.42,8200,8830,1399-11-4
160,دتوليد,داروسازي توليد دارو,2387,6389287,203295652740,30502,30940,32027,1525,5.0,31818,1316,4.31,29870,32027,1399-11-4
161,فملي,ملي‌ صنايع‌ مس‌ ايران‌,2376,16330390,177837947100,10380,10890,10890,510,4.91,10890,510,4.91,10890,10890,1399-11-4
162,بجهرم,توسعه مولد نيروگاهي جهرم,2355,32332430,108186445441,3193,3300,3352,159,4.98,3346,153,4.79,3240,3352,1399-11-4
163,دزهراوي,داروسازي‌زهراوي‌,2350,11631449,115493166200,9580,9700,10050,470,4.91,9930,350,3.65,9400,10050,1399-11-4
164,ساوه,سيمان ساوه,2321,896775,47737986892,50919,53000,53464,2545,5.0,53032,2113,4.15,50920,53464,1399-11-4
165,شپارس,بين‌ المللي‌ محصولات‌  پارس‌,2291,7475204,159081341780,21500,21800,20660,-840,-3.91,21280,-220,-1.02,20430,22340,1399-11-4
166,پترول,گروه پتروشيمي س. ايرانيان,2278,22603893,226943085720,9570,10040,10040,470,4.91,10040,470,4.91,10040,10040,1399-11-4
167,سخاش,سيمان‌خاش‌,2271,1390088,195334850780,133840,140530,140530,6690,5.0,140520,6680,4.99,140000,140530,1399-11-4
168,سيمرغ,سيمرغ,2249,8035246,136822643520,16340,16480,17150,810,4.96,17030,690,4.22,16250,17150,1399-11-4
169,فيروزه,صندوق شاخص30 شركت فيروزه- سهام,2245,1643479,258665256310,146070,153390,160670,14600,10.0,157390,11320,7.75,150200,160670,1399-11-4
170,دفارا,داروسازي‌ فارابي‌,2244,1957143,109739306380,56590,56850,58130,1540,2.72,56070,-520,-0.92,55000,58490,1399-11-4
171,قشير,قند شيروان قوچان و بجنورد,2240,3389684,101658027558,29958,29000,29630,-328,-1.09,29990,32,0.11,29000,31000,1399-11-4
172,وهور,مديريت انرژي اميد  تابان هور,2236,5786259,226682840764,37612,39000,39492,1880,5.0,39176,1564,4.16,38150,39492,1399-11-4
173,ثرود,سرمايه‌گذاري مسكن زاينده رود,2236,10492328,150146833974,13804,14494,14005,201,1.46,14310,506,3.67,13853,14494,1399-11-4
174,سصفها,سيمان‌اصفهان‌,2229,930413,369778802610,378990,386000,397930,18940,5.0,397440,18450,4.87,386000,397930,1399-11-4
175,زدشت,كشت و صنعت دشت خرم دره,2226,4105218,140107600777,32721,33300,34357,1636,5.0,34129,1408,4.3,32721,34357,1399-11-4
176,بپاس,بيمه پاسارگاد,2226,2461524,245742026130,99380,99390,99850,470,0.47,99833,453,0.46,99390,101000,1399-11-4
177,شسينا,صنايع‌شيميايي‌سينا,2214,1197657,212244435260,168840,177280,177280,8440,5.0,177220,8380,4.96,173200,177280,1399-11-4
178,تبرك,گروه كارخانجات صنعتي تبرك,2213,7911938,139729548936,17021,17500,17872,851,5.0,17661,640,3.76,16650,17872,1399-11-4
179,خساپا,سايپا,2186,95509320,205345038000,2050,2150,2150,100,4.88,2150,100,4.88,2150,2150,1399-11-4
180,اعتماد,صندوق س.اعتماد آفرين پارسيان-د,2165,48279740,1664949912590,34433,34482,34481,48,0.14,34485,52,0.15,34481,34493,1399-11-4
181,سيستم,همكاران سيستم,2158,4049721,154265232700,36830,35800,38670,1840,5.0,38090,1260,3.42,35800,38670,1399-11-4
182,دانا,بيمه دانا,2150,37002120,304774183420,7860,8200,8250,390,4.96,8240,380,4.83,8100,8250,1399-11-4
183,سامان,بانك سامان,2147,20025183,221680148661,10890,10571,11216,326,2.99,11070,180,1.65,10571,11216,1399-11-4
184,كسعديح,ح . كاشي‌ سعدي‌,2147,6747087,112292613630,16250,16520,16630,380,2.34,16640,390,2.4,16210,17350,1399-11-4
185,داسوه,داروسازي‌ اسوه‌,2132,5114219,193952004320,38850,40300,38900,50,0.13,37920,-930,-2.39,36910,40630,1399-11-4
186,بموتو,موتوژن‌,2127,3260926,178928303080,53620,51900,56300,2680,5.0,54870,1250,2.33,51700,56300,1399-11-4
187,وبيمه,سرمايه‌ گذاري‌ صنعت‌ بيمه‌,2116,35745085,125873174710,3530,3610,3430,-100,-2.83,3520,-10,-0.28,3430,3620,1399-11-4
188,زقيام,كشت و دام قيام اصفهان,2106,5026397,152669437874,29362,28620,30830,1468,5.0,30374,1012,3.45,28620,30830,1399-11-4
189,رانفور,خدمات‌انفورماتيك‌,2095,4054067,113893763090,27560,28900,27710,150,0.54,28090,530,1.92,27710,28900,1399-11-4
190,خاهن,آهنگري‌ تراكتورسازي‌ ايران‌,2085,5158755,202734741560,38130,38000,40030,1900,4.98,39300,1170,3.07,38000,40030,1399-11-4
191,پاسا,ايران‌ياساتايرورابر,2055,4823072,124412959660,25640,24360,26450,810,3.16,25800,160,0.62,24360,26900,1399-11-4
192,افق,فروشگاههاي زنجيره اي افق كوروش,2044,3112322,252516183530,77610,81440,81470,3860,4.97,81130,3520,4.54,79650,81490,1399-11-4
193,خكار,ايركا پارت صنعت,2040,5148507,129803028120,26110,25210,24810,-1300,-4.98,25210,-900,-3.45,24810,27250,1399-11-4
194,وتوشه,سرمايه‌ گذاري‌ پارس‌ توشه‌,2037,8665149,221467964840,24350,25560,25560,1210,4.97,25560,1210,4.97,25000,25560,1399-11-4
195,ولساپا,ليزينگ رايان‌ سايپا,2030,43822338,173233277580,3790,3810,3970,180,4.75,3950,160,4.22,3810,3970,1399-11-4
196,سباقر,سيمان باقران,2025,7611097,131078522573,17507,16982,17022,-485,-2.77,17222,-285,-1.63,16982,17900,1399-11-4
197,كالا,بورس كالاي ايران,2020,5032255,210685892300,40210,39200,42220,2010,5.0,41870,1660,4.13,39200,42220,1399-11-4
198,كترام,توليدي‌ كاشي‌ تكسرام‌,2010,4851191,220831825380,47540,45170,45170,-2370,-4.99,45520,-2020,-4.25,45170,47100,1399-11-4
199,وثنو,سرمايه گذاري ساختماني نوين,1980,6905457,134202621222,18915,19860,19169,254,1.34,19434,519,2.74,18620,19860,1399-11-4
200,ميهن,بيمه ميهن,1944,17001046,94987265044,5380,5240,5649,269,5.0,5587,207,3.85,5240,5649,1399-11-4
201,حكشتي,كشتيراني جمهوري اسلامي ايران,1929,7603722,157336045510,19720,20700,20700,980,4.97,20690,970,4.92,20260,20700,1399-11-4
202,شلرد,كود شيميايي اوره لردگان,1909,20098926,167688231768,8108,8220,8351,243,3.0,8343,235,2.9,8220,8351,1399-11-4
203,خنصير,مهندسي‌نصيرماشين‌,1894,2012831,188103407160,97070,94850,92220,-4850,-5.0,93450,-3620,-3.73,92220,98990,1399-11-4
204,تپمپي,پمپ‌ سازي‌ ايران‌,1888,4937192,129583537730,25360,25000,26620,1260,4.97,26250,890,3.51,25000,26620,1399-11-4
205,ورنا,سرمايه‌گذاري‌ رنا(هلدينگ‌,1884,20204097,140968410730,6700,6720,7030,330,4.93,6980,280,4.18,6700,7030,1399-11-4
206,البرز,بيمه البرز,1882,27141393,128836981860,4540,4700,4760,220,4.85,4750,210,4.63,4660,4760,1399-11-4
207,وتجارت,بانك تجارت,1860,32478602,86393081320,2540,2660,2660,120,4.72,2620,80,3.15,2660,2660,1399-11-4
208,كيميا,معدني كيمياي زنجان گستران,1857,4784773,201119412912,40310,42324,41650,1340,3.32,42033,1723,4.27,41055,42325,1399-11-4
209,چدن,توليدي چدن سازان,1856,12035787,378474420540,29960,31450,31450,1490,4.97,31450,1490,4.97,30500,31450,1399-11-4
210,فرابورس,فرابورس ايران,1851,4974792,213584635199,41167,42400,43225,2058,5.0,42933,1766,4.29,41000,43225,1399-11-4
211,زفكا,كشت و دامداري فكا,1848,7364432,99878728148,12959,13606,13606,647,4.99,13562,603,4.65,13050,13606,1399-11-4
212,لپارس,پارس‌ الكتريك‌,1835,911803,97337400910,102900,102480,108040,5140,5.0,106750,3850,3.74,100850,108040,1399-11-4
213,زنگان,صنعت روي زنگان,1826,1186260,129067949763,112966,110181,107318,-5648,-5.0,108802,-4164,-3.69,107318,114500,1399-11-4
214,ولانا,شركت ليزينگ آريا دانا,1821,8204319,235712157001,28401,27549,29253,852,3.0,28730,329,1.16,27549,29253,1399-11-4
215,فسرب,ملي‌ سرب‌وروي‌ ايران‌,1795,828989,84480138070,99320,100290,102200,2880,2.9,101910,2590,2.61,98300,103630,1399-11-4
216,شپنا,پالايش نفت اصفهان,1795,15579912,156422316480,9570,10040,10040,470,4.91,10040,470,4.91,10040,10040,1399-11-4
217,وكار,بانك‌ كارآفرين‌,1786,35529810,115946921870,3140,3150,3290,150,4.78,3260,120,3.82,3140,3290,1399-11-4
218,نوري,پتروشيمي نوري,1771,2957258,177806597470,57280,60140,60140,2860,4.99,60130,2850,4.98,59270,60140,1399-11-4
219,دارا يكم,صندوق واسطه گري مالي يكم-سهام,1764,1228918,160361509820,118630,130490,130490,11860,10.0,130490,11860,10.0,130490,130490,1399-11-4
220,كاردان,صندوق س تجارت شاخصي كاردان,1747,1513267,245749890830,149370,157990,164300,14930,10.0,162400,13030,8.72,156530,164300,1399-11-4
221,بركت,گروه دارويي بركت,1740,10126354,207488993460,19520,20490,20490,970,4.97,20490,970,4.97,20490,20490,1399-11-4
222,فلوله,لوله‌وماشين‌سازي‌ايران‌,1728,9593161,213073816350,21370,20800,22430,1060,4.96,22210,840,3.93,20800,22430,1399-11-4
223,زفكاح,ح . كشت و دامداري فكا,1723,8346876,81634051840,9682,9700,9819,137,1.41,9780,98,1.01,9680,10000,1399-11-4
224,حپارسا,توسعه حمل و نقل ريلي پارسيان,1719,3395086,128384402252,37092,35590,38946,1854,5.0,37815,723,1.95,35590,38946,1399-11-4
225,كساوه,صنايع‌ كاشي‌ و سراميك‌ سينا,1711,9952878,751532203860,72080,70630,75680,3600,4.99,75510,3430,4.76,69010,75680,1399-11-4
226,زاگرس,پتروشيمي زاگرس,1703,1821683,361895999867,189366,198500,198834,9468,5.0,198660,9294,4.91,193510,198834,1399-11-4
227,وبملت,بانك ملت,1694,55488344,219178958800,3770,3950,3950,180,4.77,3950,180,4.77,3950,3950,1399-11-4
228,ديران,ايران‌دارو,1692,3872284,134140321210,36140,35940,34340,-1800,-4.98,34640,-1500,-4.15,34340,35970,1399-11-4
229,غالبر,لبنيات‌ كالبر,1668,5905387,82842160500,14450,14000,13960,-490,-3.39,14030,-420,-2.91,13800,14450,1399-11-4
230,بزاگرس,نيروگاه زاگرس كوثر,1660,14514630,119672796339,7897,8099,8291,394,4.99,8245,348,4.41,7910,8291,1399-11-4
231,مدير,ص.س.مديريت ثروت ص.بازنشستگي-س,1659,12739459,130776143784,9390,10140,10329,939,10.0,10265,875,9.32,10001,10329,1399-11-4
232,ومعلم,بيمه معلم,1656,12241674,73671738008,5784,5822,6073,289,5.0,6018,234,4.05,5822,6073,1399-11-4
233,ركيش,كارت اعتباري ايران كيش,1646,5977133,148977974310,23850,24120,25040,1190,4.99,24920,1070,4.49,24120,25040,1399-11-4
234,ثمسكن,سرمايه‌گذاري‌ مسكن‌,1645,14348596,79249118010,5310,5450,5570,260,4.9,5520,210,3.95,5270,5570,1399-11-4
235,خوساز,محورسازان‌ايران‌خودرو,1644,12015178,102998784990,8260,8300,8670,410,4.96,8570,310,3.75,8300,8670,1399-11-4
236,فخاس,فولاد خراسان,1630,4122754,111961470230,26640,26990,27970,1330,4.99,27160,520,1.95,25970,27970,1399-11-4
237,فجام,جام‌دارو,1617,9972287,112653782010,11010,10560,11560,550,5.0,11300,290,2.63,10560,11560,1399-11-4
238,كمنگنز,معادن‌منگنزايران‌,1607,856696,90487515730,105300,102900,105700,400,0.38,105620,320,0.3,102510,109850,1399-11-4
239,حسينا,توسعه خدمات دريايي وبندري سينا,1605,1841165,131407002451,70708,69500,72150,1442,2.04,71372,664,0.94,69500,73300,1399-11-4
240,دكوثر,داروسازي‌ كوثر,1586,4065221,96812435330,22960,23000,24100,1140,4.97,23810,850,3.7,22650,24100,1399-11-4
241,فافزا,فولاد افزا سپاهان,1577,2192152,112031344082,51076,49700,52608,1532,3.0,51106,30,0.06,49544,52608,1399-11-4
242,پالايش,صندوق پالايشي يکم-سهام,1573,852279,57707811090,61560,67710,67710,6150,9.99,67710,6150,9.99,67710,67710,1399-11-4
243,كپرور,فرآوري زغال سنگ پروده طبس,1573,3175347,139616890410,45906,44010,43611,-2295,-5.0,43969,-1937,-4.22,43611,46800,1399-11-4
244,شفارا,پتروشيمي فارابي,1573,11783171,62573933568,5399,5450,5238,-161,-2.98,5310,-89,-1.65,5238,5500,1399-11-4
245,غشان,شيرپاستوريزه‌پگاه‌خراسان‌,1572,9542567,71733279380,7470,7260,7480,10,0.13,7520,50,0.67,7260,7740,1399-11-4
246,خزاميا,زامياد,1557,17045681,150367826040,8450,8550,8870,420,4.97,8820,370,4.38,8550,8870,1399-11-4
247,دشيمي,شيمي‌ داروئي‌ داروپخش‌,1546,2523757,137066208720,52210,53180,54820,2610,5.0,54310,2100,4.02,52210,54820,1399-11-4
248,وليز,ليزينگ‌ايران‌,1533,10760778,77816272130,6960,7080,7300,340,4.89,7230,270,3.88,6900,7300,1399-11-4
249,كبافق,معادن‌ بافق‌,1528,2365145,122932899320,49640,49500,52120,2480,5.0,51980,2340,4.71,49500,52120,1399-11-4
250,سپ,پرداخت الكترونيك سامان كيش,1523,3500330,66167198070,19380,18430,18870,-510,-2.63,18900,-480,-2.48,18430,19680,1399-11-4
251,ولبهمن,شركت بهمن ليزينگ,1518,15162095,129200805390,8217,8217,8627,410,4.99,8521,304,3.7,8100,8627,1399-11-4
252,كگاز,شيشه‌ و گاز,1517,3451103,64627400970,18140,18240,19040,900,4.96,18730,590,3.25,18150,19040,1399-11-4
253,شلعاب,لعابيران‌,1512,7307243,102174448950,14460,13860,13740,-720,-4.98,13980,-480,-3.32,13740,14940,1399-11-4
254,ارزش,صندوق س ارزش آفرين بيدار-سهام,1509,14926419,154298283620,9450,10020,10390,940,9.95,10340,890,9.42,10000,10390,1399-11-4
255,شكلر,نيروكلر,1497,1911506,121496561210,62490,62000,63100,610,0.98,63560,1070,1.71,60110,65000,1399-11-4
256,خديزل,بهمن  ديزل,1490,2462022,107499421699,44036,41842,44750,714,1.62,43663,-373,-0.85,41842,44800,1399-11-4
257,شيران,س. صنايع‌شيميايي‌ايران,1478,4072556,148361522590,35000,34810,36750,1750,5.0,36430,1430,4.09,34510,36750,1399-11-4
258,وصنا,گروه‌صنايع‌بهشهرايران‌,1478,7128172,51413991330,7030,7080,7380,350,4.98,7210,180,2.56,7050,7380,1399-11-4
259,غشهد,شهد ايران ‌,1478,10961751,79682442070,7060,6910,7250,190,2.69,7270,210,2.97,6910,7410,1399-11-4
260,پارند,صندوق س. پارند پايدار سپهر,1467,64390167,727325332808,11281,11296,11297,16,0.14,11296,15,0.13,11295,11301,1399-11-4
261,شنفت,نفت‌ پارس‌,1463,1662617,103173337190,62200,64480,60830,-1370,-2.2,62050,-150,-0.24,60010,64480,1399-11-4
262,شتران,پالايش نفت تهران,1456,14345379,118923191910,7900,8290,8290,390,4.94,8270,370,4.68,8290,8290,1399-11-4
263,اپرداز,آتيه داده پرداز,1445,2437916,60773876644,24274,25460,25300,1026,4.23,24929,655,2.7,24300,25460,1399-11-4
264,فنفت,صنايع تجهيزات نفت,1444,4919878,123001076321,24718,24671,25260,542,2.19,25001,283,1.14,24000,25459,1399-11-4
265,ومهان,گروه توسعه مالي مهر آيندگان,1440,10724999,144264687788,12822,13440,13463,641,5.0,13451,629,4.91,13070,13463,1399-11-4
266,حسير,ريل سير كوثر,1433,3640388,61959518109,16542,16377,17369,827,5.0,17020,478,2.89,16000,17369,1399-11-4
267,وآرين,شركت توسعه اقتصادي آرين,1427,8943662,44054486216,4990,5060,4950,-40,-0.8,4926,-64,-1.28,4841,5060,1399-11-4
268,ختراك,ريخته‌گري‌ تراكتورسازي‌ ايران‌,1426,7787230,118442485680,15760,14980,14980,-780,-4.95,15210,-550,-3.49,14980,16210,1399-11-4
269,شكربن,كربن‌ ايران‌,1417,1388072,147896005760,102380,102380,107490,5110,4.99,106550,4170,4.07,102380,107490,1399-11-4
270,وبصادر,بانك صادرات ايران,1411,48900658,124696677900,2430,2550,2550,120,4.94,2550,120,4.94,2550,2550,1399-11-4
271,تليسه,دامداري تليسه نمونه,1406,13742994,66938235864,4641,4873,4873,232,5.0,4871,230,4.96,4750,4873,1399-11-4
272,اخابر,مخابرات ايران,1400,15923391,181526241620,10860,11400,11400,540,4.97,11400,540,4.97,11380,11400,1399-11-4
273,دتوزيعح,ح . توزيع دارو پخش,1385,3260418,122099368912,36227,36997,37470,1243,3.43,37449,1222,3.37,35056,38037,1399-11-4
274,تاپيكو,س. نفت و گاز و پتروشيمي تأمين,1377,14067379,163598940160,11080,11630,11630,550,4.96,11630,550,4.96,11550,11630,1399-11-4
275,غاذر,كشت‌وصنعت‌پياذر,1376,2057805,117278567240,57960,60800,55070,-2890,-4.99,56990,-970,-1.67,55070,60800,1399-11-4
276,فاما,صنعتي‌ آما,1373,3614596,79107779200,21710,22010,22170,460,2.12,21890,180,0.83,21190,22490,1399-11-4
277,شصدف,صنعتي دوده فام,1371,114455,3239992140,26960,28308,28308,1348,5.0,27043,83,0.31,28308,28308,1399-11-4
278,دامين,داروسازي‌ امين‌,1366,4202338,71911819820,17170,17400,17050,-120,-0.7,17110,-60,-0.35,16700,17820,1399-11-4
279,ميدكو,هلدينگ صنايع  معدني خاورميانه,1362,9088836,285060420975,31063,31090,31500,437,1.41,31364,301,0.97,31060,31800,1399-11-4
280,پكرمان,گروه‌ صنعتي‌ بارز,1356,4125276,109875777680,27230,27260,26500,-730,-2.68,26630,-600,-2.2,26000,27990,1399-11-4
281,بساما,بيمه سامان,1346,2794849,70273402031,25517,24520,24689,-828,-3.24,25144,-373,-1.46,24520,26027,1399-11-4
282,كي بي سي,شركت كي بي سي,1336,1630595,52501459203,32603,31400,31989,-614,-1.88,32198,-405,-1.24,31012,33500,1399-11-4
283,دلقما,دارويي‌ لقمان‌,1324,3545524,95179240700,25890,25350,27180,1290,4.98,26840,950,3.67,24820,27180,1399-11-4
284,فروس,فروسيليس‌ ايران‌,1319,12694346,66445204190,5000,5250,5250,250,5.0,5230,230,4.6,5090,5250,1399-11-4
285,سپاها,سيمان‌سپاهان‌,1310,6632725,59295271270,8570,8890,8990,420,4.9,8940,370,4.32,8720,8990,1399-11-4
286,آريان,سرمايه گذاري پارس آريان,1306,20211184,289396752264,13952,14000,14370,418,3.0,14319,367,2.63,13850,14370,1399-11-4
287,والبر,سرمايه‌ گذاري‌ البرز(هلدينگ‌,1294,13129559,213089295390,15460,16230,16230,770,4.98,16230,770,4.98,15910,16230,1399-11-4
288,لوتوس,تامين سرمايه لوتوس پارسيان,1284,7481340,87819214350,11340,11110,11900,560,4.94,11740,400,3.53,11110,11900,1399-11-4
289,كمينا,شيشه سازي مينا,1283,3367610,113354127870,33096,32050,34190,1094,3.31,33660,564,1.7,32050,34749,1399-11-4
290,سفار,سيمان‌فارس‌,1283,814090,115565238520,148880,141440,141440,-7440,-5.0,141960,-6920,-4.65,141440,153900,1399-11-4
291,خمحركه,نيرو محركه‌,1281,9166602,50509084710,5260,5500,5520,260,4.94,5500,240,4.56,5380,5520,1399-11-4
292,هجرت,پخش هجرت,1278,1705770,50415805190,29706,29500,29250,-456,-1.54,29556,-150,-0.5,28300,30400,1399-11-4
293,داروح,ح . كارخانجات‌داروپخش,1273,2925608,96136234130,32220,32270,33020,800,2.48,32860,640,1.99,31520,34790,1399-11-4
294,فرآور,فرآوري‌موادمعدني‌ايران‌,1271,5485247,173522395430,30260,31640,31770,1510,4.99,31630,1370,4.53,29500,31770,1399-11-4
295,لبوتان,گروه‌صنعتي‌بوتان‌,1266,865988,69044785840,80680,80680,80010,-670,-0.83,79730,-950,-1.18,77030,82000,1399-11-4
296,اعتلا,شركت سرمايه گذاري اعتلاء البرز,1256,7394974,69253331497,9580,9361,9370,-210,-2.19,9365,-215,-2.24,9160,9829,1399-11-4
297,رتاپ,تجارت الكترونيك  پارسيان,1250,6391557,42609445550,6560,6670,6750,190,2.9,6650,90,1.37,6400,6820,1399-11-4
298,غمينوح,ح . شركت صنايع غذايي مينو شرق,1250,4665576,50688090162,10929,11400,10987,58,0.53,10864,-65,-0.59,10400,11400,1399-11-4
299,لسرما,سرما آفرين‌,1244,4612633,137954652510,28560,29980,29980,1420,4.97,29910,1350,4.73,29000,29980,1399-11-4
300,بنو,بيمه تجارت نو,1243,11342431,306211290408,25712,26997,26997,1285,5.0,26997,1285,5.0,26932,26997,1399-11-4
301,خفولا,خدمات فني فولاد يزد,1242,3502531,250453142445,69434,71517,71517,2083,3.0,71506,2072,2.98,70687,71517,1399-11-4
302,فبيرا,بسته‌ بندي‌ ايران‌,1221,13999521,48388365925,3361,3461,3461,100,2.98,3456,95,2.83,3370,3461,1399-11-4
303,همراه,شركت ارتباطات سيار ايران,1208,5268019,151047890320,27340,28430,28700,1360,4.97,28670,1330,4.86,28180,28700,1399-11-4
304,تسه9908,امتياز تسهيلات مسكن آبان99,1208,68634,37418735434,529573,532000,545000,15427,2.91,545192,15619,2.95,521200,556051,1399-11-4
305,تايرا,تراكتورسازي‌ايران‌,1198,9306303,288345235960,30190,30450,31670,1480,4.9,30980,790,2.62,29020,31690,1399-11-4
306,سيلام,سيمان‌ ايلام‌,1198,8643734,73667296190,8190,8050,8590,400,4.88,8520,330,4.03,8050,8590,1399-11-4
307,پاكشو,گروه صنعتي پاكشو,1188,921562,72642865730,77560,77560,79630,2070,2.67,78460,900,1.16,77560,79900,1399-11-4
308,ونيكي,سرمايه‌گذاري‌ ملي‌ايران‌,1187,7263069,99422773570,13040,13690,13690,650,4.98,13690,650,4.98,13450,13690,1399-11-4
309,شجم,صنايع پتروشيمي تخت جمشيد,1174,8592889,105856831072,12610,12236,12300,-310,-2.46,12319,-291,-2.31,12232,12839,1399-11-4
310,خرينگ,رينگ‌سازي‌مشهد,1172,1321292,81358272220,63690,64960,60510,-3180,-4.99,61570,-2120,-3.33,60510,64960,1399-11-4
311,كچاد,معدني‌وصنعتي‌چادرملو,1168,12048498,239160442500,18910,19850,19850,940,4.97,19850,940,4.97,19700,19850,1399-11-4
312,حاريا,كشتيراني آريا,1164,2748281,102354558720,36242,36600,37329,1087,3.0,37243,1001,2.76,35300,37329,1399-11-4
313,سخوز,سيمان خوزستان,1163,3533346,82781528580,22820,22930,23770,950,4.16,23430,610,2.67,22300,23850,1399-11-4
314,فولاژ,فولاد آلياژي ايران,1159,4473937,79775346660,17110,17700,17960,850,4.97,17830,720,4.21,17140,17960,1399-11-4
315,ثنوسا,نوسازي‌وساختمان‌تهران‌,1158,11053339,167982200980,14540,14680,15260,720,4.95,15200,660,4.54,14680,15260,1399-11-4
316,سكرد,سيمان كردستان,1151,6875440,61022756670,8650,8950,9080,430,4.97,8880,230,2.66,8650,9080,1399-11-4
317,كيان,صندوق س. با درآمد ثابت كيان,1145,19633023,527431392532,26820,26877,26862,42,0.16,26865,45,0.17,26861,26877,1399-11-4
318,اتكاي,بيمه اتكايي ايرانيان,1144,7389230,118356639700,15569,15600,16347,778,5.0,16017,448,2.88,15000,16347,1399-11-4
319,چكاوهح,ح . صنايع‌كاغذسازي‌كاوه‌,1131,7820732,87812760110,10830,10730,11320,490,4.52,11230,400,3.69,10730,11550,1399-11-4
320,مبين,مبين انرژي خليج فارس,1123,4849077,67886983350,14000,14210,14000,0,0.0,14000,0,0.0,13790,14220,1399-11-4
321,زكشت,كشاورزي مكانيزه اصفهان كشت,1122,2120169,76059476648,36067,37670,35290,-777,-2.15,35874,-193,-0.54,34355,37670,1399-11-4
322,پخش,پخش البرز,1122,1792354,59925549107,33260,32300,34140,880,2.65,33434,174,0.52,31730,34400,1399-11-4
323,قصفها,قنداصفهان‌,1115,453802,74424793570,157580,165000,165450,7870,4.99,164000,6420,4.07,160000,165450,1399-11-4
324,پارس,پتروشيمي پارس,1108,890201,122466633120,136300,140980,137370,1070,0.79,137570,1270,0.93,136300,140980,1399-11-4
325,وزمين,بانك ايران زمين,1107,7499265,114165153436,15135,15437,15300,165,1.09,15224,89,0.59,15165,15437,1399-11-4
326,فنوال,نورد آلومينيوم‌,1103,5582869,141813866430,24310,24800,25520,1210,4.98,25400,1090,4.48,24310,25520,1399-11-4
327,سغرب,سيمان‌غرب‌,1102,3209930,89277585290,26510,27750,27830,1320,4.98,27810,1300,4.9,27470,27830,1399-11-4
328,ثجوان,تامين مسكن جوانان,1102,5476158,69933624150,13305,12750,12640,-665,-5.0,12771,-534,-4.01,12640,13300,1399-11-4
329,وسنا,سرمايه گذاري نيروگاهي ايران,1090,4028296,87486501931,21565,22599,21000,-565,-2.62,21718,153,0.71,20830,22622,1399-11-4
330,سبجنو,سيمان‌ بجنورد,1089,1984053,87728176700,42280,44360,44390,2110,4.99,44220,1940,4.59,43150,44390,1399-11-4
331,ختوقا,قطعات‌ اتومبيل‌ ايران‌,1089,20888272,61292807630,2800,2940,2940,140,5.0,2930,130,4.64,2880,2940,1399-11-4
332,قرن,پديده شيمي قرن,1080,2478276,162718811130,62820,65660,65960,3140,5.0,65660,2840,4.52,64000,65960,1399-11-4
333,فپنتا,سپنتا,1077,190767,87471158110,438700,430000,460630,21930,5.0,458520,19820,4.52,430000,460630,1399-11-4
334,غگلپا,شير پاستوريزه پگاه گلپايگان,1075,770007,54523027072,70223,71500,69850,-373,-0.53,70808,585,0.83,68000,73500,1399-11-4
335,سشمال,سيمان‌ شمال‌,1074,5924337,61187064050,9930,9800,10420,490,4.93,10330,400,4.03,9800,10420,1399-11-4
336,آساس,صندوق س.آسمان آرماني سهام-س,1074,771327,131337182064,162813,167208,174000,11187,6.87,170274,7461,4.58,167208,175848,1399-11-4
337,خكمك,كمك‌فنرايندامين‌,1072,2883224,100300795370,36520,34700,34700,-1820,-4.98,34790,-1730,-4.74,34700,35980,1399-11-4
338,پارتا,مجتمع‌صنعتي‌آرتاويل‌تاير,1064,1724034,121530451484,68706,70767,70767,2061,3.0,70492,1786,2.6,68700,70767,1399-11-4
339,تكنار,مجتمع معادن مس تكنار,1046,678239,102261691050,152633,153795,148060,-4573,-3.0,150775,-1858,-1.22,148055,157000,1399-11-4
340,ونيرو,سرمايه‌گذاري‌نيرو,1040,16706662,53463640400,3060,3180,3210,150,4.9,3200,140,4.58,3100,3210,1399-11-4
341,فاذر,صنايع‌ آذرآب‌,1039,5342150,136745735450,24510,24610,25730,1220,4.98,25600,1090,4.45,24610,25730,1399-11-4
342,غسالم,سالمين‌,1030,10799207,50732982750,4480,4700,4700,220,4.91,4690,210,4.69,4600,4700,1399-11-4
343,وبوعلي,سرمايه‌گذاري‌بوعلي‌,1029,10105323,57235664100,5410,5680,5680,270,4.99,5660,250,4.62,5410,5680,1399-11-4
344,فن آوا,گروه فن آوا,1026,6143387,101791095790,16350,16530,16840,490,3.0,16569,219,1.34,15860,16840,1399-11-4
345,خپارس,پارس‌ خودرو,1015,18823164,115231341740,5840,6100,6130,290,4.97,6120,280,4.79,6010,6130,1399-11-4
346,كگهر,سنگ آهن گهرزمين,1010,1897203,87418082236,43992,46191,46191,2199,5.0,45442,1450,3.3,44100,46191,1399-11-4
347,شبندر,پالايش نفت بندرعباس,1006,7696499,160241109180,19830,20820,20820,990,4.99,20820,990,4.99,20820,20820,1399-11-4
348,درهآور,دارويي ره آورد تامين,1005,2458378,97927859965,38047,39900,39949,1902,5.0,39834,1787,4.7,38890,39949,1399-11-4
349,سكرما,سيمان‌ كرمان‌,1003,2441707,43354494410,17650,17800,17210,-440,-2.49,17740,90,0.51,17000,18520,1399-11-4
350,وپترو,سرمايه‌گذاري صنايع پتروشيمي‌,1000,3224950,56231991050,16800,17300,17640,840,5.0,17440,640,3.81,17050,17640,1399-11-4
351,فولاي,صنايع فولاد آلياژي يزد,988,2266776,101348960855,42652,44750,44784,2132,5.0,44711,2059,4.83,43010,44784,1399-11-4
352,خاذين,سايپاآذين‌,983,14388054,71944125100,4800,4880,5040,240,5.0,5000,200,4.17,4790,5040,1399-11-4
353,ستران,سيمان‌ تهران‌,981,2826091,84275955190,28460,29800,29880,1420,4.99,29820,1360,4.78,28600,29880,1399-11-4
354,آتيمس,صندوق س.آرمان آتيه درخشان مس-س,981,583129,115591140512,191474,193444,198100,6626,3.46,198226,6752,3.53,192340,201990,1399-11-4
355,كرماشا,صنايع پتروشيمي كرمانشاه,977,2120248,78805766380,36480,37310,37150,670,1.84,37170,690,1.89,36730,37900,1399-11-4
356,اطلس,صندوق س.توسعه اندوخته آينده-س,966,473961,99375681657,203913,205555,212000,8087,3.97,209671,5758,2.82,205555,215000,1399-11-4
357,فروي,ذوب روي اصفهان,964,554158,38605417070,66348,69665,69665,3317,5.0,68787,2439,3.68,69665,69665,1399-11-4
358,غشصفا,شيرپاستوريزه‌پگاه‌اصفهان‌,953,1645716,54306764090,34050,33500,32350,-1700,-4.99,33000,-1050,-3.08,32350,34650,1399-11-4
359,وخارزم,سرمايه گذاري خوارزمي,946,15038385,146925021450,9310,9770,9770,460,4.94,9770,460,4.94,9770,9770,1399-11-4
360,تيپيكو,سرمايه گذاري دارويي تامين,943,2492656,128828623310,49320,51700,51780,2460,4.99,51680,2360,4.79,50000,51780,1399-11-4
361,ما,بيمه  ما,936,7014127,59183694240,8230,8010,8370,140,1.7,8440,210,2.55,8010,8600,1399-11-4
362,دسبحان,سبحان دارو,935,2462503,51832280440,21220,20170,21150,-70,-0.33,21050,-170,-0.8,20170,21450,1399-11-4
363,وبشهر,توسعه‌ صنايع‌ بهشهر(هلدينگ,933,3662615,51427986920,13630,13900,13940,310,2.27,14040,410,3.01,13770,14300,1399-11-4
364,هرمز,فولاد هرمزگان جنوب,933,12786540,170958248337,12736,13372,13372,636,4.99,13370,634,4.98,13053,13372,1399-11-4
365,طلا,صندوق س.پشتوانه طلاي لوتوس,932,637339,47295604842,75813,75000,73997,-1816,-2.4,74208,-1605,-2.12,73531,76100,1399-11-4
366,دسبحا,گروه دارويي سبحان,931,1900412,35193884200,18800,19470,18300,-500,-2.66,18600,-200,-1.06,18150,19470,1399-11-4
367,سهرمز,سيمان‌هرمزگان‌,927,1798456,43951208510,24350,24150,24720,370,1.52,24430,80,0.33,24000,25150,1399-11-4
368,شدوص,دوده‌ صنعتي‌ پارس‌,925,4703795,139694138360,31070,29520,29520,-1550,-4.99,29700,-1370,-4.41,29520,30960,1399-11-4
369,غپونه,نوش پونه مشهد,921,2528353,54602876079,21020,21650,21610,590,2.81,21596,576,2.74,21001,21650,1399-11-4
370,بخاور,بيمه زندگي خاورميانه,910,6236664,45367595396,6942,7082,7289,347,5.0,7230,288,4.15,7082,7289,1399-11-4
371,بشهاب,لامپ‌  پارس‌ شهاب‌,902,1114654,112756180090,96900,101740,101340,4440,4.58,101160,4260,4.4,95900,101740,1399-11-4
372,پارسيان,بيمه پارسيان,897,3521489,40134693570,11040,11150,11590,550,4.98,11320,280,2.54,11000,11590,1399-11-4
373,وغدير,سرمايه‌گذاري‌غدير(هلدينگ‌,893,19885009,211178795580,10120,10620,10620,500,4.94,10620,500,4.94,10620,10620,1399-11-4
374,وسينا,بانك سينا,892,16562514,62737844240,3610,3790,3790,180,4.99,3790,180,4.99,3660,3790,1399-11-4
375,دتماد,توليدمواداوليه‌داروپخش‌,889,1634103,91618853080,53450,56120,56120,2670,5.0,56070,2620,4.9,55000,56120,1399-11-4
376,شخارك,پتروشيمي‌ خارك‌,866,1428449,59994344490,40570,42000,42500,1930,4.76,41420,850,2.1,41000,42500,1399-11-4
377,شوينده,مديريت صنعت شوينده ت.ص.بهشهر,865,1429744,51556513930,34750,35000,36480,1730,4.98,36050,1300,3.74,35000,36480,1399-11-4
378,وسين,بيمه سينا,864,3550201,63570066336,17128,17699,17984,856,5.0,17906,778,4.54,17200,17984,1399-11-4
379,ارفع,شركت آهن و فولاد ارفع,862,8177003,107161442164,12489,13112,13113,624,5.0,13105,616,4.93,12580,13113,1399-11-4
380,ريشمك,توليد و صادرات ريشمك,855,1708001,95385399860,53287,55950,55951,2664,5.0,55846,2559,4.8,54000,55951,1399-11-4
381,وگردش,بانك گردشگري,854,10199167,235563184019,23784,23071,23071,-713,-3.0,23096,-688,-2.89,23071,23990,1399-11-4
382,نطرين,عطرين نخ قم,851,4144850,55541491065,12808,13300,13448,640,5.0,13400,592,4.62,13040,13448,1399-11-4
383,خراسان,پتروشيمي خراسان,850,970117,64053745580,65960,66010,66690,730,1.11,66030,70,0.11,64000,69000,1399-11-4
384,كگل,معدني و صنعتي گل گهر,846,8274630,142240889700,16380,17190,17190,810,4.95,17190,810,4.95,17190,17190,1399-11-4
385,دارو,كارخانجات‌داروپخش‌,846,1645128,61971971760,35880,37670,37670,1790,4.99,37670,1790,4.99,37670,37670,1399-11-4
386,حبندر,دريايي و کشتيراني خط دريابندر,842,1545135,47624394436,29850,29686,31342,1492,5.0,30822,972,3.26,28955,31342,1399-11-4
387,كحافظ,كاشي‌ وسراميك‌ حافظ‌,833,3831847,52696534820,13160,13450,13810,650,4.94,13750,590,4.48,13200,13810,1399-11-4
388,دعبيد,لابراتوارداروسازي‌  دكترعبيدي‌,828,1353128,37631893230,26620,27750,27950,1330,5.0,27480,860,3.23,27000,27950,1399-11-4
389,دكيمي,كيميدارو,827,1058256,28552691050,26190,27280,27150,960,3.67,26630,440,1.68,25600,27350,1399-11-4
390,ونوين,بانك‌اقتصادنوين‌,825,29713879,126243567240,4050,4250,4250,200,4.94,4250,200,4.94,4160,4250,1399-11-4
391,كلوند,كاشي‌ الوند,821,2304486,75675860110,34540,32820,32820,-1720,-4.98,32840,-1700,-4.92,32820,33500,1399-11-4
392,سنير,سيمان‌ سفيد ني‌ريز,820,1036542,210749719440,193640,203320,203320,9680,5.0,203320,9680,5.0,203320,203320,1399-11-4
393,سشرق,سيمان‌ شرق‌,816,7339842,49762878780,6510,6790,6830,320,4.92,6770,260,3.99,6560,6830,1399-11-4
394,سصوفي,سيمان‌ صوفيان‌,813,4540647,68798485890,14480,14700,15200,720,4.97,15150,670,4.63,14500,15200,1399-11-4
395,آرمانح,ح.بيمه آرمان,808,7462365,56625167253,7820,7600,7586,-234,-2.99,7588,-232,-2.97,7586,7809,1399-11-4
396,غبشهر,صنعتي‌ بهشهر,808,2627457,63933274960,23900,23070,24400,500,2.09,24330,430,1.8,23070,24970,1399-11-4
397,دلرح,ح . داروسازي‌ اكسير,808,2204210,75284700300,33330,33950,35400,2070,6.21,34150,820,2.46,32250,35800,1399-11-4
398,تكنو,تكنوتار,806,3430539,70112506950,19640,19310,20620,980,4.99,20440,800,4.07,19310,20620,1399-11-4
399,تسه9909,امتياز تسهيلات مسكن آذر99,799,14144,7774062567,535862,538665,545000,9138,1.71,549637,13775,2.57,516000,562655,1399-11-4
400,تماوند,تامين سرمايه دماوند,796,13523785,250316139267,17638,18519,18519,881,4.99,18509,871,4.94,16960,18519,1399-11-4
401,ورازي,بيمه رازي,791,9391835,81062585887,8229,8640,8640,411,4.99,8631,402,4.89,8266,8640,1399-11-4
402,دالبر,البرزدارو,791,1817559,39552186990,20920,21960,21700,780,3.73,21560,640,3.06,21460,21960,1399-11-4
403,شفارس,صنايع‌ شيميايي‌ فارس‌,788,2437502,121238250840,47380,49740,49740,2360,4.98,49740,2360,4.98,49600,49740,1399-11-4
404,دابور,داروسازي‌ ابوريحان‌,785,767213,30667466580,39780,40000,39980,200,0.5,39900,120,0.3,39520,41400,1399-11-4
405,قپيرا,فرآورده‌هاي‌غدايي‌وقندپيرانشهر,780,340001,39968096360,115100,115100,117460,2360,2.05,117020,1920,1.67,115000,120000,1399-11-4
406,افق ملت,صندوق س در سهام افق ملت,778,464287,60879356190,129470,135550,132500,3030,2.34,131120,1650,1.27,129000,135550,1399-11-4
407,قنيشا,قند  نيشابور,777,4529373,280104204170,58980,59010,61960,2980,5.05,61840,2860,4.85,59000,61960,1399-11-4
408,بهپاك,صنعتي بهپاك,773,1440874,65771808851,43705,44500,45890,2185,5.0,45647,1942,4.44,44000,45890,1399-11-4
409,وتعاون,بيمه  تعاون,773,6038117,45785960781,7791,7899,7558,-233,-2.99,7583,-208,-2.67,7558,7899,1399-11-4
410,كفرا,فراورده‌ هاي‌ نسوزايران‌,773,665544,36951628050,57130,55700,54600,-2530,-4.43,55910,-1220,-2.14,54280,57600,1399-11-4
411,شفا,سرمايه گذاري شفادارو,772,995086,46701342270,47100,48990,47070,-30,-0.06,46940,-160,-0.34,45010,48990,1399-11-4
412,سايرا,ايرانيت‌,764,1773052,74990672887,42135,41293,41293,-842,-2.0,42295,160,0.38,41293,42977,1399-11-4
413,شبهرن,نفت‌ بهران‌,760,1144601,67292675290,56000,58800,58800,2800,5.0,58790,2790,4.98,58350,58800,1399-11-4
414,قچار,فراوردههاي غذايي وقند چهارمحال,759,1749790,120753284542,66196,66680,69505,3309,5.0,69010,2814,4.25,66500,69505,1399-11-4
415,رمپنا,گروه مپنا (سهامي عام),747,4612856,76566324270,15810,16600,16600,790,5.0,16290,480,3.04,16220,16600,1399-11-4
416,حتايد,تايدواترخاورميانه,745,4121270,119356885170,27650,27800,29030,1380,4.99,28960,1310,4.74,27800,29030,1399-11-4
417,كهرام,توليدي گرانيت بهسرام,744,1305145,109635641155,82830,80346,85314,2484,3.0,84003,1173,1.42,80346,85314,1399-11-4
418,شپاكسا,پاكسان‌,740,2139553,69018300150,31240,31000,32800,1560,4.99,32260,1020,3.27,31000,32800,1399-11-4
419,واميد,گروه مديريت سرمايه گذاري اميد,736,2362368,94938370280,40650,40100,40380,-270,-0.66,40280,-370,-0.91,39230,41290,1399-11-4
420,فاسمين,كالسيمين‌,735,5495926,89781469440,15570,16340,16340,770,4.95,16340,770,4.95,16120,16340,1399-11-4
421,لخزر,پارس‌ خزر,735,337177,51805764100,158850,150910,153000,-5850,-3.68,153650,-5200,-3.27,150910,157810,1399-11-4
422,بكهنوج,توليد برق ماهتاب كهنوج,724,21252215,46457341990,2082,2186,2186,104,5.0,2174,92,4.42,2186,2186,1399-11-4
423,تسه9910,امتياز تسهيلات مسكن دي99,712,14210,7815615231,538665,533800,540000,1335,0.25,550008,11343,2.11,525000,565598,1399-11-4
424,قهكمت,قندهكمتان‌,707,1010144,45056813070,44200,43980,46330,2130,4.82,44560,360,0.81,42100,46410,1399-11-4
425,ثفارس,عمران‌وتوسعه‌فارس‌,696,3738971,48120556770,13540,12870,12870,-670,-4.95,12870,-670,-4.95,12870,12870,1399-11-4
426,دلر,داروسازي‌ اكسير,695,1560624,61987110530,38680,39170,40610,1930,4.99,39720,1040,2.69,38000,40610,1399-11-4
427,بورس,بورس اوراق بهادار تهران,693,1381979,69616696410,48050,50430,50450,2400,4.99,50060,2010,4.18,49340,50450,1399-11-4
428,وبانك,سرمايه گذاري گروه توسعه ملي,693,15884072,128947805630,7740,8110,8120,380,4.91,8120,380,4.91,7980,8120,1399-11-4
429,فلات,گروه صنايع معادن فلات ايرانيان,687,2378876,38682822094,15989,15830,16440,451,2.82,16261,272,1.7,15830,16468,1399-11-4
430,شتولي,تولي‌پرس‌,679,1376393,42202026171,31162,30539,30540,-622,-2.0,30661,-501,-1.61,30539,31600,1399-11-4
431,تابا,تابان نيرو سپاهان,679,1440739,67226292617,44777,44777,47015,2238,5.0,46661,1884,4.21,44777,47015,1399-11-4
432,رتكو,كنترل‌خوردگي‌تكين‌كو,674,2784635,56304134390,19280,20240,20240,960,4.98,20220,940,4.88,19550,20240,1399-11-4
433,قشرين,قند شيرين خراسان,664,2504173,44167675820,18152,17780,17608,-544,-3.0,17638,-514,-2.83,17608,17971,1399-11-4
434,شسپا,نفت سپاهان,662,3760434,97942761190,24840,25800,26080,1240,4.99,26050,1210,4.87,25200,26080,1399-11-4
435,ولتجار,واسپاري تجارت وسرمايه ايرانيان,652,5317553,49949862366,9617,9900,9329,-288,-2.99,9393,-224,-2.33,9329,9900,1399-11-4
436,جم پيلن,پلي پروپيلن جم - جم پيلن,651,1297676,94862658770,71140,73000,73300,2160,3.04,73100,1960,2.76,71520,74420,1399-11-4
437,قزوين,كارخانجات‌ قند قزوين‌,643,1702243,67330439620,38390,38390,40300,1910,4.98,39550,1160,3.02,37420,40300,1399-11-4
438,نوين,بيمه نوين,643,17754025,121311329438,6516,6840,6841,325,4.99,6833,317,4.86,6600,6841,1399-11-4
439,بمپنا,توليد برق عسلويه  مپنا,642,389533,33469866081,84719,81020,86590,1871,2.21,85514,795,0.94,81020,88000,1399-11-4
440,دسينا,داروسازي‌ سينا,640,1358861,40774329360,29770,30500,29600,-170,-0.57,29960,190,0.64,29100,30900,1399-11-4
441,دجابر,داروسازي‌ جابرابن‌حيان‌,639,1114518,23944833220,21140,21770,21720,580,2.74,21300,160,0.76,20510,22090,1399-11-4
442,اوان,مبين وان كيش,637,1171588,64449081656,52791,55370,55430,2639,5.0,55010,2219,4.2,53000,55430,1399-11-4
443,دكپسول,توليد ژلاتين كپسول ايران,633,1316844,57478825728,41728,41720,43814,2086,5.0,43649,1921,4.6,40103,43814,1399-11-4
444,سمازن,سيمان‌مازندران‌,624,7491530,75485715160,9630,9700,10110,480,4.98,10080,450,4.67,9700,10110,1399-11-4
445,سيدكو,سرمايه گذاري توسعه صنايع سيمان,619,6140759,39208568530,6090,6290,6390,300,4.93,6310,220,3.61,6130,6390,1399-11-4
446,عيار,صندوق س. پشتوانه طلاي مفيد,617,729838,18950749895,26897,26970,25880,-1017,-3.78,25966,-931,-3.46,25500,26970,1399-11-4
447,زپارس,ملي كشت و صنعت و دامپروري پارس,615,511460,64078471630,124090,130180,123500,-590,-0.48,125290,1200,0.97,123010,130180,1399-11-4
448,سرچشمه,سرمايه گذاري مس سرچشمه,602,4263530,34054950972,7611,7991,7991,380,4.99,7855,244,3.21,7816,7991,1399-11-4
449,كويرح,ح. توليدي فولاد سپيد فراب كوير,597,2800000,48124091700,17170,18100,17000,-170,-0.99,17190,20,0.12,17000,18890,1399-11-4
450,ثامان,سامان‌ گستراصفهان‌,595,2034103,45114412630,21160,21200,22210,1050,4.96,22040,880,4.16,21200,22210,1399-11-4
451,وآفري,بيمه كارآفرين,594,12801596,252289487826,19623,19426,20211,588,3.0,19708,85,0.43,19035,20211,1399-11-4
452,دارا,صندوق س. دارا الگوريتم-د,590,19373762,193087588467,9950,9990,9949,-1,-0.01,9966,16,0.16,9931,9990,1399-11-4
453,سرود,سيمان‌شاهرود,585,1971994,34906818450,16990,17540,17830,840,4.94,17470,480,2.83,17080,17830,1399-11-4
454,قمرو,قند مرودشت‌,583,1025581,28714408580,29220,29180,27760,-1460,-5.0,28490,-730,-2.5,27760,29180,1399-11-4
455,شگل,گلتاش‌,582,1414251,38698516510,26100,27400,27400,1300,4.98,27030,930,3.56,27000,27400,1399-11-4
456,اتكام,شركت بيمه اتكايي امين,582,6966044,43939566555,6031,6332,6330,299,4.96,6263,232,3.85,6050,6332,1399-11-4
457,وتوكا,سرمايه‌گذاري‌توكافولاد(هلدينگ,581,4792472,60958427210,12150,12550,12750,600,4.94,12720,570,4.69,12210,12750,1399-11-4
458,فباهنر,مس‌ شهيدباهنر,578,990702,52477450940,50450,52970,52970,2520,5.0,52970,2520,5.0,52800,52970,1399-11-4
459,بفجر,فجر انرژي خليج فارس,578,1189331,31300475030,26100,25500,26380,280,1.07,26200,100,0.38,25500,26750,1399-11-4
460,مارون,پتروشيمي مارون,575,151867,23124434358,150910,153990,150000,-910,-0.6,151221,311,0.21,149100,154500,1399-11-4
461,ولملت,واسپاري ملت,571,6259488,66788736960,10170,10670,10670,500,4.92,10670,500,4.92,10670,10670,1399-11-4
462,واتي,سرمايه‌ گذاري‌ آتيه‌ دماوند,570,3302263,38123231260,11000,11030,11550,550,5.0,11400,400,3.64,11030,11550,1399-11-4
463,تپولا,مهندسي مرآت پولاد,565,1194678,47311426303,40707,39486,39486,-1221,-3.0,39602,-1105,-2.71,39486,40000,1399-11-4
464,ساربيل,سيمان آرتا اردبيل,562,1316271,60855232640,44460,43490,46680,2220,4.99,46230,1770,3.98,43490,46680,1399-11-4
465,سفارس,سيمان فارس و خوزستان,545,3444273,57002718150,15770,16550,16550,780,4.95,16550,780,4.95,16550,16550,1399-11-4
466,وپارس,بانك‌پارسيان‌,534,29906047,88521899120,2820,2960,2960,140,4.96,2920,100,3.55,2960,2960,1399-11-4
467,زر,صندوق س.پشتوانه سكه طلاي زر,527,754996,32849721010,44651,44110,43476,-1175,-2.63,43510,-1141,-2.56,42755,44110,1399-11-4
468,دفرا,فرآورده‌هاي‌ تزريقي‌ ايران‌,527,658211,19403480880,28890,29280,29090,200,0.69,29110,220,0.76,29000,29990,1399-11-4
469,ياقوت,صندوق س ياقوت آگاه-ثابت,520,8700641,102597450128,11787,11797,11791,4,0.03,11792,5,0.04,11786,11804,1399-11-4
470,ثزاگرس,سرمايه گذاري توسعه عمران زاگرس,516,649032,33035001422,49522,48678,50961,1439,2.91,50899,1377,2.78,48678,51998,1399-11-4
471,ساروم,سيمان‌اروميه‌,512,2255262,67364044690,28480,29900,29900,1420,4.99,29870,1390,4.88,28510,29900,1399-11-4
472,ساينا,صنايع بهداشتي ساينا,512,107888,18844856509,180456,173002,173600,-6856,-3.8,178203,-2253,-1.25,171600,178990,1399-11-4
473,وگستر,گسترش سرمايه گذاري ايرانيان,510,1965759,45541595589,22100,23205,23205,1105,5.0,23027,927,4.19,22501,23205,1399-11-4
474,كخاك,صنايع‌خاك‌چيني‌ايران‌,500,1230962,63903072810,49460,51930,51930,2470,4.99,51910,2450,4.95,50100,51930,1399-11-4
475,سخواف,سيمان مجد خواف,498,1841274,40556552203,21396,22027,22037,641,3.0,22026,630,2.94,21520,22037,1399-11-4
476,ضسپا1102,اختيارخ خساپا-2000-1399/11/26,493,20296,5620185000,252,280,280,28,11.11,277,25,9.92,260,297,1399-11-4
477,شراز,پالايش نفت شيراز,491,416821,42515715247,97575,97000,102453,4878,5.0,101174,3599,3.69,97000,102453,1399-11-4
478,پرديس,سرمايه گذاري پرديس,485,4938821,32587868390,6300,6610,6610,310,4.92,6490,190,3.02,6450,6610,1399-11-4
479,حپترو,حمل و نقل پتروشيمي( سهامي عام,484,629996,23475969450,37490,35820,36800,-690,-1.84,37380,-110,-0.29,35820,38200,1399-11-4
480,تاصيكو,سرمايه گذاري صدرتامين,477,8766686,85560210860,9300,9760,9760,460,4.95,9630,330,3.55,9700,9760,1399-11-4
481,ثعتما,س. ساختماني اعتماد گستر,473,1755635,115838400563,62902,66047,66047,3145,5.0,65981,3079,4.89,63000,66047,1399-11-4
482,پسهند,صنايع‌ لاستيكي‌  سهند,469,524844,20083051460,37560,36620,37910,350,0.93,37840,280,0.75,36620,39230,1399-11-4
483,وآذر,سرمايه‌گذاري‌توسعه‌آذربايجان‌,467,358499,38742986930,113750,108070,108070,-5680,-4.99,109120,-4630,-4.07,108070,108070,1399-11-4
484,حخزر,كشتيراني درياي خزر,459,910744,23355211290,25585,24910,25620,35,0.14,25613,28,0.11,24900,26300,1399-11-4
485,درازك,دارويي‌ رازك‌,457,715032,29576567900,40350,41700,41350,1000,2.48,40940,590,1.46,39060,42350,1399-11-4
486,كتوكا,توليدي و خدمات صنايع نسوز توكا,452,1047568,30200813794,30270,29000,28757,-1513,-5.0,29356,-914,-3.02,28757,29850,1399-11-4
487,قشهد,شهد,441,695862,23541206670,35290,36000,33530,-1760,-4.99,34570,-720,-2.04,33010,36000,1399-11-4
488,سكه0012پ01,سكه تمام بهارتحويلي 1روزه رفاه,435,208900,214171836400,1039860,1028000,1029950,-9910,-0.95,1025236,-14624,-1.41,1020010,1031900,1399-11-4
489,كدما,معدني‌ دماوند,433,95781,25935579180,285030,270780,270780,-14250,-5.0,277250,-7780,-2.73,270780,270780,1399-11-4
490,اميد,تامين سرمايه اميد,433,3146107,28825343820,8740,9170,9170,430,4.92,8970,230,2.63,8840,9170,1399-11-4
491,هجرتح,ح . پخش هجرت,432,686984,16825597481,23918,23360,24401,483,2.02,24492,574,2.4,23360,25113,1399-11-4
492,ثاژن,سخت آژند,425,3086869,29568011504,9730,9540,9536,-194,-1.99,9579,-151,-1.55,9536,9920,1399-11-4
493,آكورد,صندوق س. آرمان آتي كوثر-د,409,9642787,293221395235,30363,30408,30407,44,0.14,30408,45,0.15,30407,30414,1399-11-4
494,غبهار,كشت وصنعت بهاران گلبهار خراسان,409,559955,23933036655,44062,42741,42741,-1321,-3.0,42741,-1321,-3.0,42741,42741,1399-11-4
495,ضصاد1102,اختيارخ وبصادر-3500-1399/11/12,408,21791,51079000,2,2,10,8,400.0,2,0,0.0,1,10,1399-11-4
496,وپخش,داروپخش‌ (هلدينگ‌,408,186165,21803084450,115790,117000,118000,2210,1.91,116360,570,0.49,114000,120890,1399-11-4
497,سهگمت,سيمان‌هگمتان‌,404,1314766,30210462120,21940,22150,23030,1090,4.97,22540,600,2.73,22150,23030,1399-11-4
498,گپارس,امور رفاهي كارگزاران پارس,402,193689,34210015058,183948,174751,180000,-3948,-2.15,176623,-7325,-3.98,174751,193145,1399-11-4
499,ومعادن,توسعه‌معادن‌وفلزات‌,401,4716409,51974827180,10500,11020,11020,520,4.95,10710,210,2.0,11020,11020,1399-11-4
500,شبصير,توليدات پتروشيمي قائد بصير,398,490961,49320663542,95705,100490,100490,4785,5.0,100171,4466,4.67,99027,100490,1399-11-4
501,مفاخر,توسعه فناوري اطلاعات خوارزمي,391,448974,20499838994,43780,45950,45950,2170,4.96,44519,739,1.69,44610,45968,1399-11-4
502,لخانه,لوازم‌ خانگي‌ پارس‌,386,668153,17486827249,25476,26240,26240,764,3.0,26068,592,2.32,25550,26240,1399-11-4
503,سدشت,صنايع سيمان دشتستان,383,742285,31892820530,41000,43050,43050,2050,5.0,42200,1200,2.93,41500,43050,1399-11-4
504,دپارس,پارس‌ دارو,382,198741,17310110410,88790,88780,87990,-800,-0.9,88190,-600,-0.68,84500,88780,1399-11-4
505,حفارس,حمل و نقل بين المللي خليج فارس,380,7506159,39482396340,5010,5260,5260,250,4.99,5200,190,3.79,5260,5260,1399-11-4
506,ضخود2006,اختيارخ خودرو-2500-1400/02/08,379,14011,7263956000,464,538,529,65,14.01,518,54,11.64,489,560,1399-11-4
507,سدور,سيمان‌ دورود,376,2405311,43031013790,17040,17890,17890,850,4.99,17740,700,4.11,17890,17890,1399-11-4
508,فسازان,غلتك سازان سپاهان,372,1613524,54936305300,32510,33800,34130,1620,4.98,34050,1540,4.74,33000,34130,1399-11-4
509,شپاس,نفت پاسارگاد,364,1971654,44922216603,21703,22788,22788,1085,5.0,22628,925,4.26,22410,22788,1399-11-4
510,كطبس,ذغال‌سنگ‌ نگين‌ ط‌بس‌,360,1396468,98311347200,67050,70400,70400,3350,5.0,70400,3350,5.0,70400,70400,1399-11-4
511,شاملا,معدني‌ املاح‌  ايران‌,344,216567,12157112060,58060,56670,56390,-1670,-2.88,57580,-480,-0.83,55170,57000,1399-11-4
512,كاسپين,داروسازي كاسپين تامين,341,573864,15956350899,27997,28480,28093,96,0.34,27935,-62,-0.22,26668,28480,1399-11-4
513,وهنر,گروه توسعه هنر ايران,332,3341932,23493781960,6826,7030,7030,204,2.99,7030,204,2.99,7030,7030,1399-11-4
514,بالبر,كابل‌ البرز,330,845925,35148183750,39580,41550,41550,1970,4.98,40900,1320,3.34,41550,41550,1399-11-4
515,كفرآور,فرآورده هاي سيمان شرق,328,1472605,32352808225,21351,21287,21991,640,3.0,21970,619,2.9,21287,21991,1399-11-4
516,ثالوند,سرمايه گذاري مسكن الوند,319,2449821,51713271489,20104,21109,21109,1005,5.0,21094,990,4.92,21109,21109,1399-11-4
517,فايرا,آلومينيوم‌ايران‌,318,1464137,32358407810,21060,22110,22110,1050,4.99,21700,640,3.04,21240,22110,1399-11-4
518,شاوان,پالايش نفت لاوان,316,707316,61722742642,83109,87264,87264,4155,5.0,87263,4154,5.0,86900,87264,1399-11-4
519,مداران,داده‌پردازي‌ايران‌,316,1581999,40490905610,24390,25590,25600,1210,4.96,25320,930,3.81,25350,25600,1399-11-4
520,شصفها,پتروشيمي‌ اصفهان‌,309,255430,32657835565,125515,127980,127852,2337,1.86,127854,2339,1.86,126770,128025,1399-11-4
521,شپديس,پتروشيمي پرديس,308,1463978,138785114400,90290,94800,94800,4510,5.0,94800,4510,5.0,94800,94800,1399-11-4
522,زمگسا,كشاورزي‌ ودامپروي‌ مگسال‌,306,444299,15554907990,36850,35010,35010,-1840,-4.99,36250,-600,-1.63,35010,35010,1399-11-4
523,گدنا,تهيه توزيع غذاي دنا آفرين فدك,303,220220,7449161720,35606,33826,33826,-1780,-5.0,35327,-279,-0.78,33826,33826,1399-11-4
524,لپيام,گسترش صنايع پيام,301,505400,25952795400,48906,51351,51351,2445,5.0,51351,2445,5.0,51351,51351,1399-11-4
525,ددام,داروسازي زاگرس فارمد پارس,299,1015956,21660181920,20310,21320,21320,1010,4.97,20730,420,2.07,21320,21320,1399-11-4
526,غديس,پاكديس,294,1536865,18319430800,11353,11920,11920,567,4.99,11551,198,1.74,11920,11920,1399-11-4
527,ساراب,سيمان‌ داراب‌,292,2018788,25941425800,12240,12850,12850,610,4.98,12540,300,2.45,12850,12850,1399-11-4
528,ضخود2007,اختيارخ خودرو-3000-1400/02/08,290,6989,2396428000,289,339,351,62,21.45,343,54,18.69,330,379,1399-11-4
529,سفانو,سيمان فارس نو,287,2017359,75005407620,35410,37180,37180,1770,5.0,37180,1770,5.0,37180,37180,1399-11-4
530,بذر,صندوق س بذر اميد آفرين-سهام,285,142097,14294256450,98010,98010,101890,3880,3.96,100600,2590,2.64,98010,101890,1399-11-4
531,تسه9907,امتياز تسهيلات مسكن مهر99,284,4103,2247052874,533959,560000,510011,-23948,-4.48,547661,13702,2.57,510011,560656,1399-11-4
532,نيرو,نيرو سرمايه,283,440596,27741402273,61133,62966,62966,1833,3.0,62963,1830,2.99,61750,62966,1399-11-4
533,بالاس,مهندسي ساختمان تاسيسات راه آهن,283,451014,30840788334,65125,68381,68381,3256,5.0,67038,1913,2.94,68381,68381,1399-11-4
534,واعتبار,سرمايه گذاري اعتبار ايران,280,3363107,24681034980,7000,7000,7350,350,5.0,7160,160,2.29,7000,7350,1399-11-4
535,شبريز,پالايش نفت تبريز,277,2006474,50021396820,23750,24930,24930,1180,4.97,24340,590,2.48,24930,24930,1399-11-4
536,حفاري,حفاري شمال,277,5391438,58443187920,10330,10840,10840,510,4.94,10840,510,4.94,10840,10840,1399-11-4
537,بسويچ,پارس‌سويچ‌,276,418579,26563023340,60440,63460,63460,3020,5.0,61970,1530,2.53,63460,63460,1399-11-4
538,آرمان,بيمه آرمان,273,3478108,32388537232,9576,9672,9289,-287,-3.0,9312,-264,-2.76,9289,9672,1399-11-4
539,وصندوق,سرمايه‌گذاري‌صندوق‌بازنشستگي‌,270,8737335,110702034450,12070,12670,12670,600,4.97,12600,530,4.39,12670,12670,1399-11-4
540,ضسپا1101,اختيارخ خساپا-1800-1399/11/26,267,12134,4946819000,377,420,415,38,10.08,408,31,8.22,400,430,1399-11-4
541,سدبير,س. تدبيرگران فارس وخوزستان,266,502364,34902743628,66169,69477,69477,3308,5.0,68368,2199,3.32,69477,69477,1399-11-4
542,حتوكا,حمل‌ونقل‌توكا,263,558923,21132878630,39790,37810,37810,-1980,-4.98,38910,-880,-2.21,37810,37810,1399-11-4
543,دقاضي,داروسازي شهيد قاضي,261,265155,13259805881,51010,50700,50001,-1009,-1.98,50332,-678,-1.33,49480,52099,1399-11-4
544,كنور,توسعه معدني و صنعتي صبانور,257,1030295,45449547970,42030,44100,44130,2100,5.0,43830,1800,4.28,43710,44130,1399-11-4
545,تصميم,صندوق س با درآمد ثابت تصميم,256,4617398,71428521748,15442,15469,15475,33,0.21,15469,27,0.17,15450,15478,1399-11-4
546,كاوه,فولاد كاوه جنوب كيش,253,4692274,84460932000,17150,18000,18000,850,4.96,17830,680,3.97,18000,18000,1399-11-4
547,سكه9912پ04,سكه تمام بهارتحويل1روزه صادرات,244,105700,108260724000,1039358,1028400,1027501,-11857,-1.14,1024226,-15132,-1.46,1014201,1029900,1399-11-4
548,سپاس,صندوق س. پاداش سهامداري توسعه1,244,9853821,99381532565,10064,10100,10086,22,0.22,10086,22,0.22,10045,10111,1399-11-4
549,كسرام,پارس‌ سرام‌,241,1412658,15835896180,11790,11210,11210,-580,-4.92,11600,-190,-1.61,11210,11210,1399-11-4
550,وتوس,توسعه‌شهري‌توس‌گستر,236,1612596,33993523680,22180,21080,21080,-1100,-4.96,21390,-790,-3.56,21080,21080,1399-11-4
551,لازما,كارخانه هاي صنعتي آزمايش,231,511855,17513630680,33546,34216,34216,670,2.0,34216,670,2.0,34216,34216,1399-11-4
552,وثوق,سرمايه گذاري وثوق امين,230,705288,16483285848,22691,23371,23371,680,3.0,23235,544,2.4,23371,23371,1399-11-4
553,گوهران,سرمايه گذاري توسعه گوهران اميد,227,2227469,17507906340,7486,7860,7860,374,5.0,7611,125,1.67,7860,7860,1399-11-4
554,غدام,خوراك‌  دام‌ پارس‌,225,63592,26671120720,441480,419410,419410,-22070,-5.0,429090,-12390,-2.81,419410,419410,1399-11-4
555,ونفت,سرمايه‌گذاري‌ صنعت‌ نفت‌,222,2886039,53536023450,17670,18550,18550,880,4.98,18550,880,4.98,18550,18550,1399-11-4
556,غگرجي,بيسكويت‌  گرجي‌,218,360764,8629474880,25170,23920,23920,-1250,-4.97,24940,-230,-0.91,23920,23920,1399-11-4
557,ضخود2005,اختيارخ خودرو-2000-1400/02/08,218,7701,6620525000,749,700,879,130,17.36,860,111,14.82,700,888,1399-11-4
558,خموتور,موتورسازان‌تراكتورسازي‌ايران‌,217,1531474,38149017340,26220,24910,24910,-1310,-5.0,25170,-1050,-4.0,24910,24910,1399-11-4
559,لكما,كارخانجات‌مخابراتي‌ايران‌,216,1154732,9469957132,8454,8201,8201,-253,-2.99,8331,-123,-1.45,8201,8201,1399-11-4
560,ثاباد,توريستي ورفاهي آبادگران ايران,213,894473,44732594730,47630,50010,50010,2380,5.0,49660,2030,4.26,50010,50010,1399-11-4
561,تسه9810,امتياز تسهيلات مسكن دي98,212,3087,1665978422,526323,501100,510018,-16305,-3.1,539676,13353,2.54,501100,552639,1399-11-4
562,شپلي,پلي اكريل ايران,209,2132296,26811489904,13235,12574,12574,-661,-4.99,12574,-661,-4.99,12574,12574,1399-11-4
563,شيراز,پتروشيمي‌شيراز,204,1408237,75902485120,51390,53950,53950,2560,4.98,53210,1820,3.54,48830,53950,1399-11-4
564,وسكاب,س.ص.بازنشستگي كاركنان بانكها,201,7009128,42405224400,5770,6050,6050,280,4.85,6000,230,3.99,6050,6050,1399-11-4
565,تسه9902,امتياز تسهيلات مسكن ارديبهشت99,199,2009,1093285756,530790,520000,521025,-9765,-1.84,544194,13404,2.53,520000,557329,1399-11-4
566,ضسپا1100,اختيارخ خساپا-1600-1399/11/26,196,7752,4429581000,528,550,580,52,9.85,571,43,8.14,550,589,1399-11-4
567,تسه9712,امتياز تسهيلات مسكن اسفند97,193,2743,1475394293,521924,505010,534111,12187,2.34,537876,15952,3.06,500101,548020,1399-11-4
568,تسه9906,امتياز تسهيلات مسكن شهريور99,188,2073,1138764302,540229,567240,513218,-27011,-5.0,549332,9103,1.69,513218,567240,1399-11-4
569,تسه9711,امتياز تسهيلات مسكن بهمن 97,186,1977,997230033,480932,460200,504978,24046,5.0,504416,23484,4.88,460200,504978,1399-11-4
570,تنوين,تامين سرمايه نوين,186,8521739,49340868810,5520,5790,5790,270,4.89,5770,250,4.53,5790,5790,1399-11-4
571,تسه9904,امتياز تسهيلات مسكن تير99,186,1917,1041563836,537452,510580,530510,-6942,-1.29,543330,5878,1.09,510580,564324,1399-11-4
572,رنيك,جنرال مكانيك,186,2666224,59787406976,21357,22424,22424,1067,5.0,22424,1067,5.0,22424,22424,1399-11-4
573,آينده,بازرگاني آينده سازان بهشت پارس,183,710409,15866985015,21685,22335,22335,650,3.0,22186,501,2.31,22335,22335,1399-11-4
574,فسپا,گروه‌صنعتي‌سپاهان‌,183,2453398,105103570320,40800,42840,42840,2040,5.0,42840,2040,5.0,42840,42840,1399-11-4
575,تسه9905,امتياز تسهيلات مسكن مرداد99,182,4481,2462710735,541144,540000,515000,-26144,-4.83,549590,8446,1.56,514110,567999,1399-11-4
576,غدشت,دشت‌ مرغاب‌,180,91629,24693099210,256660,269490,269490,12830,5.0,262690,6030,2.35,269490,269490,1399-11-4
577,واحيا,م .صنايع و معادن احياء سپاهان,179,395055,67874399550,177123,171810,171810,-5313,-3.0,171876,-5247,-2.96,171810,171810,1399-11-4
578,ثروتم,صندوق س. ثروت آفرين پارسيان-س,179,179330,14544728520,79204,79210,82200,2996,3.78,81106,1902,2.4,79200,82300,1399-11-4
579,سپر,صندوق س سپر سرمايه بيدار- ثابت,167,1787327,20172112947,11279,11280,11280,1,0.01,11286,7,0.06,11280,11300,1399-11-4
580,تسه9801,امتياز تسهيلات مسكن فروردين98,165,2215,1213824361,530476,510012,523550,-6926,-1.31,548002,17526,3.3,510012,555000,1399-11-4
581,الماس,صندوق س.امين تدبيرگران فردا-س,164,76412,8982930806,114818,115997,118500,3682,3.21,117559,2741,2.39,115095,118500,1399-11-4
582,شرانل,نفت ايرانول,159,981636,37815563628,36689,38523,38523,1834,5.0,38010,1321,3.6,38523,38523,1399-11-4
583,فمراد,آلومراد,158,59001,11085107880,197760,187880,187880,-9880,-5.0,195450,-2310,-1.17,187880,187880,1399-11-4
584,بكاب,صنايع‌جوشكاب‌يزد,158,28313,12333992190,458550,435630,435630,-22920,-5.0,452600,-5950,-1.3,435630,435630,1399-11-4
585,ثتوسا,س.توسعه و عمران استان اردبيل,156,239694,9801327354,42155,40891,40891,-1264,-3.0,41516,-639,-1.52,40891,40891,1399-11-4
586,سقاين,سيمان‌ قائن‌,154,352223,24303387000,65720,69000,69000,3280,4.99,67240,1520,2.31,69000,69000,1399-11-4
587,لابسا,آبسال‌,154,391638,21281608920,57200,54340,54340,-2860,-5.0,55920,-1280,-2.24,54340,54340,1399-11-4
588,وسديد,گروه ‌صنعتي‌سديد,153,1206152,28504990216,24363,23633,23633,-730,-3.0,23810,-553,-2.27,23633,23633,1399-11-4
589,غشوكو,شوكو پارس,152,190535,9536467285,47668,50051,50051,2383,5.0,48750,1082,2.27,50051,50051,1399-11-4
590,ضملت1128,اختيارخ وبملت-6000-1399/11/28,150,8017,106126000,18,11,16,-2,-11.11,13,-5,-27.78,11,33,1399-11-4
591,وملت,سرمايه گذاري ملت,150,1356201,5582123316,4199,4116,4116,-83,-1.98,4152,-47,-1.12,4116,4116,1399-11-4
592,شاراك,پتروشيمي شازند,145,1417384,30402886800,20430,21450,21450,1020,4.99,20880,450,2.2,21450,21450,1399-11-4
593,گوهر,صندوق سكه طلاي كيان,144,111063,5747740239,52994,53000,51351,-1643,-3.1,51752,-1242,-2.34,51220,53400,1399-11-4
594,فجر,فولاد اميركبيركاشان,143,880338,53190021960,57550,60420,60420,2870,4.99,60420,2870,4.99,60420,60420,1399-11-4
595,غپاك,لبنيات‌ پاك‌,143,1305248,17646952960,12880,13520,13520,640,4.97,13100,220,1.71,13520,13520,1399-11-4
596,شغدير,پتروشيمي غدير,142,1226085,71253929775,55348,58115,58115,2767,5.0,58115,2767,5.0,58115,58115,1399-11-4
597,تسه9903,امتياز تسهيلات مسكن خرداد99,140,1214,658619618,527102,502099,530000,2898,0.55,542520,15418,2.93,502099,553457,1399-11-4
598,سنوين,سرمايه گذاري اقتصاد نوين,140,2401233,21783985776,8895,9072,9072,177,1.99,9072,177,1.99,9072,9072,1399-11-4
599,خفناور,مهندسي صنعتي روان فن آور,140,822671,30711050458,36278,36640,37739,1461,4.03,37331,1053,2.9,36640,37739,1399-11-4
600,نتوس,پشم‌ بافي‌ توس,139,1080533,19842908012,17830,18364,18364,534,2.99,18344,514,2.88,18364,18364,1399-11-4
601,سمايه,بانك سرمايه,136,535497,3896276172,7501,7276,7276,-225,-3.0,7456,-45,-0.6,7276,7276,1399-11-4
602,سفاسي,شركت فارسيت اهواز,132,545171,8805601992,16651,16152,16152,-499,-3.0,16425,-226,-1.36,16152,16152,1399-11-4
603,ارمغان,ص سرمايه گذاري ارمغان ايرانيان,132,2655518,26873678594,10095,10104,10135,40,0.4,10120,25,0.25,10104,10139,1399-11-4
604,آسام,صندوق س.آرمان سپهر آشنا-م,130,83840,8969102610,104974,104900,106935,1961,1.87,106979,2005,1.91,104001,108240,1399-11-4
605,دمعيار,صندوق س. توازن معيار-د,125,3218650,32260838302,10004,10020,10018,14,0.14,10023,19,0.19,10018,10030,1399-11-4
606,وتوسم,سرمايه‌گذاري‌توسعه‌ملي‌,124,2429420,27452446000,10770,11300,11300,530,4.92,11050,280,2.6,11300,11300,1399-11-4
607,ثپرديس,سرمايه گذاري مسكن پرديس,124,1091802,13096454616,12610,12488,11980,-630,-5.0,12441,-169,-1.34,11980,12488,1399-11-4
608,پلاست,كارخانجات توليدي پلاستيران,123,170157,10646553333,60747,62569,62569,1822,3.0,61689,942,1.55,62569,62569,1399-11-4
609,كتوكاح,ح.توليدي وخدمات صنايع نسوزتوكا,123,328213,7505471886,24070,22867,22867,-1203,-5.0,22868,-1202,-4.99,22867,23759,1399-11-4
610,اوصتا,صندوق انديشه ورزان صباتامين -د,122,4065881,72034336310,17670,17677,17725,55,0.31,17717,47,0.27,17677,17725,1399-11-4
611,وجامي,سرمايه گذاري جامي,120,562535,8303579135,14059,14761,14761,702,4.99,14337,278,1.98,14761,14761,1399-11-4
612,تشتاد,صنايع توليدي اشتاد ايران‌,120,705481,12224574768,18240,17328,17328,-912,-5.0,17653,-587,-3.22,17328,17328,1399-11-4
613,ضملي1156,اختيارخ فملي-9126-1399/11/05,120,4584,16764082432,1393,1990,1920,527,37.83,1855,462,33.17,1650,1990,1399-11-4
614,داراب,پتروشيمي داراب,118,1525834,3744396636,2529,2454,2454,-75,-2.97,2515,-14,-0.55,2454,2454,1399-11-4
615,ضپاس2002,اختيارخ وپارس-3000-1400/02/29,112,4773,2924701000,579,705,602,23,3.97,613,34,5.87,588,698,1399-11-4
616,چكاوه,صنايع‌كاغذسازي‌كاوه‌,111,680999,9166246540,12820,13460,13460,640,4.99,12930,110,0.86,13460,13460,1399-11-4
617,تسه9802,امتياز تسهيلات مسكن ارديبهشت98,111,815,443287501,531352,540000,550000,18648,3.51,543911,12559,2.36,513072,557000,1399-11-4
618,آبين,كشت و صنعت آبشيرين,110,1405067,6113446517,4485,4351,4351,-134,-2.99,4443,-42,-0.94,4351,4351,1399-11-4
619,فيروزا,صندوق بادرآمد ثابت فيروزه آسيا,110,483449,10538725876,21784,21769,21795,11,0.05,21799,15,0.07,21751,21881,1399-11-4
620,تسه9901,امتياز تسهيلات مسكن فروردين99,108,811,439315069,528435,505099,540000,11565,2.19,541695,13260,2.51,505099,554856,1399-11-4
621,شفن,پتروشيمي فناوران,108,446409,121878585180,260020,273020,273020,13000,5.0,273020,13000,5.0,273020,273020,1399-11-4
622,صنوين,صندوق سرمايه‌گذاري صنوين-مختلط,107,113657,11331254620,96720,97230,104100,7380,7.63,99700,2980,3.08,97230,104100,1399-11-4
623,تسه9803,امتياز تسهيلات مسكن خرداد98,107,658,354047835,523730,510000,542000,18270,3.49,538067,14337,2.74,510000,549916,1399-11-4
624,ساروج,بين المللي ساروج بوشهر,107,489701,12378580952,24569,25290,25190,621,2.53,24995,426,1.73,24500,25306,1399-11-4
625,افران,صندوق س افرا نماد پايدار-ثابت,106,1059265,13281211854,12497,12521,12530,33,0.26,12538,41,0.33,12521,12544,1399-11-4
626,واحصا,احياء صنايع خراسان,102,262164,15219144528,55288,58052,58052,2764,5.0,57291,2003,3.62,58052,58052,1399-11-4
627,آساميد,صندوق س.مشترك آسمان اميد -د,101,3342567,38185433960,11412,11415,11423,11,0.1,11424,12,0.11,11415,11438,1399-11-4
628,دارا2,صندوق س. دارا الگوريتم-د,100,10000000,10000000,9950,1,1,-9949,-99.99,1,-9949,-99.99,1,1,1399-11-4
629,سفارود,كارخانه فارسيت درود,99,373997,6004147838,15740,16054,16054,314,1.99,15925,185,1.18,16054,16054,1399-11-4
630,تسه9812,امتياز تسهيلات مسكن اسفند98,98,785,422877076,523646,549828,505000,-18646,-3.56,538697,15051,2.87,499077,549828,1399-11-4
631,خاتم,صندوق س خاتم ايساتيس پويا-ثابت,97,2452069,25575907440,10417,10435,10435,18,0.17,10430,13,0.12,10421,10435,1399-11-4
632,ثنام,س ساختماني ب نام آوران مهندسي,96,156122,2885759048,19055,18484,18484,-571,-3.0,18970,-85,-0.45,18484,18484,1399-11-4
633,سكارون,سيمان كارون,94,93287,20196355639,223192,216497,216497,-6695,-3.0,216497,-6695,-3.0,216497,216497,1399-11-4
634,كيسون,شركت كيسون,93,177698,2566669912,14890,14444,14444,-446,-3.0,14851,-39,-0.26,14444,14444,1399-11-4
635,وآتوس,س.آرين توسكا قيمت اسمي 350ريال,92,93792,4452075128,48913,47446,47446,-1467,-3.0,48581,-332,-0.68,47446,48100,1399-11-4
636,دروز,داروسازي‌ روزدارو,91,553510,11950280900,20570,21590,21590,1020,4.96,20800,230,1.12,21590,21590,1399-11-4
637,پلوله,گازلوله‌,90,731932,13593441104,18759,18572,18572,-187,-1.0,18572,-187,-1.0,18572,18572,1399-11-4
638,شساخت,مهندسي و ساختمان صنايع نفت,90,577499,24194320605,40675,41895,41895,1220,3.0,41374,699,1.72,41895,41895,1399-11-4
639,ضصاد1100,اختيارخ وبصادر-2500-1399/11/12,89,3964,871525000,177,230,220,43,24.29,220,43,24.29,199,249,1399-11-4
640,زنجان,صنايع كشاورزي وكود زنجان,87,411842,4351110730,10891,10565,10565,-326,-2.99,10818,-73,-0.67,10565,10565,1399-11-4
641,تسه9811,امتياز تسهيلات مسكن بهمن98,87,699,378074319,521352,530000,547419,26067,5.0,540879,19527,3.75,530000,547419,1399-11-4
642,صايند,صندوق س. گنجينه آينده روشن-د,84,533960,5348388200,10000,10010,10013,13,0.13,10016,16,0.16,10010,10022,1399-11-4
643,اخزا903,اسنادخزانه-م3بودجه99-011110,84,210807,144657996197,685439,685000,683700,-1739,-0.25,686211,772,0.11,683500,690000,1399-11-4
644,وسرمد,بيمه  سرمد,79,287261,2059661370,7391,7170,7170,-221,-2.99,7368,-23,-0.31,7170,7170,1399-11-4
645,شرنگي,شيميايي رنگين,78,58749,8768229501,144902,149249,149249,4347,3.0,146752,1850,1.28,149249,149249,1399-11-4
646,دقاضيح,ح . داروسازي شهيد قاضي,74,50065,2128503735,43818,42510,42504,-1314,-3.0,42515,-1303,-2.97,42504,42850,1399-11-4
647,گنجين,صندوق س. گنجينه يكم آويد-د,73,2803428,33898035589,12070,12084,12095,25,0.21,12092,22,0.18,12084,12118,1399-11-4
648,ضفلا1153,اختيارخ فولاد-10000-1399/11/28,70,3748,6958461000,1724,1850,1850,126,7.31,1857,133,7.71,1751,1900,1399-11-4
649,سكه0011پ02,سكه تمام بهارتحويلي 1روزه ملت,67,14200,14558858400,1046538,1030000,1029998,-16540,-1.58,1025272,-21266,-2.03,1020001,1031999,1399-11-4
650,ضصاد1103,اختيارخ وبصادر-4000-1399/11/12,65,3359,3359000,1,1,1,0,0.0,1,0,0.0,1,1,1399-11-4
651,اخزا902,اسنادخزانه-م2بودجه99-011019,65,97168,67386872083,693081,693081,693230,149,0.02,693509,428,0.06,692610,697880,1399-11-4
652,ضپاس2001,اختيارخ وپارس-2500-1400/02/29,65,1934,1773382000,801,900,948,147,18.35,917,116,14.48,900,950,1399-11-4
653,تسه9808,امتياز تسهيلات مسكن آبان98,64,609,327963996,525276,500215,530000,4724,0.9,538529,13253,2.52,500215,551539,1399-11-4
654,كقزوي,شيشه‌ قزوين‌,64,161937,1818228636,11575,11228,11228,-347,-3.0,11542,-33,-0.29,11228,11228,1399-11-4
655,اخزا821,اسنادخزانه-م21بودجه98-020906,63,28317,17311672427,589140,586150,597000,7860,1.33,611353,22213,3.77,583500,618597,1399-11-4
656,ومشان,س. فني و مهندسي مشانير,63,50284,3887104052,79693,77303,77303,-2390,-3.0,79214,-479,-0.6,77303,77303,1399-11-4
657,كساپا,سايپاشيشه‌,63,187840,7445977600,41720,39640,39640,-2080,-4.99,41390,-330,-0.79,39640,39640,1399-11-4
658,ضخود2009,اختيارخ خودرو-4000-1400/02/08,61,1912,363258000,184,185,210,26,14.13,190,6,3.26,175,218,1399-11-4
659,تسه9809,امتياز تسهيلات مسكن آذر98,61,515,278040210,516521,500110,540000,23479,4.55,539884,23363,4.52,500110,542347,1399-11-4
660,ضجار2002,اختيارخ وتجارت-2500-1400/02/22,58,1833,1406260000,697,750,722,25,3.59,767,70,10.04,722,801,1399-11-4
661,وايرا,سرمايه گذاري صنايع ايران,56,106754,1395061272,13472,13068,13068,-404,-3.0,13443,-29,-0.22,13068,13068,1399-11-4
662,اخزا815,اسنادخزانه-م15بودجه98-010406,55,176353,136676561007,775517,772000,774000,-1517,-0.2,775017,-500,-0.06,772000,776300,1399-11-4
663,زعف0008پ10,زعفران0008نگين طلاي سرخ(پ),55,55137,7005207814,127743,127000,126522,-1221,-0.96,127051,-692,-0.54,126110,128499,1399-11-4
664,اخزا907,اسنادخزانه-م7بودجه99-020704,54,197196,117262176530,594726,596000,595000,274,0.05,594648,-78,-0.01,592000,596002,1399-11-4
665,دشيري,شيرين دارو,54,15402,3453421038,217689,224219,224219,6530,3.0,218784,1095,0.5,224219,224219,1399-11-4
666,ضسپا1104,اختيارخ خساپا-3000-1399/11/26,53,2270,98077000,34,60,31,-3,-8.82,43,9,26.47,5,60,1399-11-4
667,سكه0112پ03,سكه تمام بهارتحويلي1روزه سامان,52,15200,15577240000,1042191,1026000,1028000,-14191,-1.36,1024818,-17373,-1.67,1020001,1032999,1399-11-4
668,شكف,كف,52,44632,3773233912,86266,84541,84541,-1725,-2.0,85602,-664,-0.77,84541,84541,1399-11-4
669,فنرژي,گسترش صنايع انرژي آذرآب,51,161363,2620535120,15922,16240,16240,318,2.0,16004,82,0.52,16240,16240,1399-11-4
670,ضفلا1151,اختيارخ فولاد-8000-1399/11/28,51,1451,5073565000,3230,3800,3440,210,6.5,3497,267,8.27,3415,3800,1399-11-4
671,ضخود2013,اختيارخ خودرو-7000-1400/02/08,51,2177,88065000,44,45,42,-2,-4.55,40,-4,-9.09,37,45,1399-11-4
672,خلنت,لنت‌ ترمزايران‌,49,18757,2315364080,129930,123440,123440,-6490,-4.99,129610,-320,-0.25,123440,123440,1399-11-4
673,ضصاد1101,اختيارخ وبصادر-3000-1399/11/12,49,2183,83982000,31,35,35,4,12.9,38,7,22.58,31,45,1399-11-4
674,اخزا909,اسنادخزانه-م9بودجه99-020316,48,241518,152657810178,632318,632200,632000,-318,-0.05,632076,-242,-0.04,631000,632990,1399-11-4
675,اخزا905,اسنادخزانه-م5بودجه99-020218,48,131563,84410996032,644004,645000,643399,-605,-0.09,641601,-2403,-0.37,640010,645000,1399-11-4
676,ضفلا1155,اختيارخ فولاد-14000-1399/11/28,48,2381,602149000,300,400,270,-30,-10.0,253,-47,-15.67,240,400,1399-11-4
677,كصدف,كاشي صدف سرام استقلال آباده,47,166923,4541974830,26418,27210,27210,792,3.0,26593,175,0.66,27210,27210,1399-11-4
678,قلرست,قند لرستان‌,47,122009,3989694300,34420,32700,32700,-1720,-5.0,34280,-140,-0.41,32700,32700,1399-11-4
679,ضفلا1156,اختيارخ فولاد-16000-1399/11/28,46,1998,145633000,55,90,79,24,43.64,73,18,32.73,62,99,1399-11-4
680,اخزا908,اسنادخزانه-م8بودجه99-020606,45,100922,61111245943,606329,607010,604000,-2329,-0.38,605529,-800,-0.13,604000,607010,1399-11-4
681,شكبير,پتروشيمي اميركبير,45,2257659,178224116778,76643,78942,78942,2299,3.0,78942,2299,3.0,78942,78942,1399-11-4
682,داريك,صندوق س.اعتماد داريك-د,42,1224661,12624079183,10271,10325,10369,98,0.95,10308,37,0.36,10300,10369,1399-11-4
683,زعف0008پ16,زعفران0008نگين بيرجند(پ),42,24954,3115672506,124375,124996,124010,-365,-0.29,124857,482,0.39,124000,126990,1399-11-4
684,زعف0008پ05,زعفران0008نگين زرين(پ),41,36391,4554192712,124656,126500,125500,844,0.68,125146,490,0.39,124060,126500,1399-11-4
685,تسه9804,امتياز تسهيلات مسكن تير98,41,384,204989416,523582,500111,526002,2420,0.46,533827,10245,1.96,500111,549761,1399-11-4
686,ضخود2008,اختيارخ خودرو-3500-1400/02/08,40,634,171288000,240,275,290,50,20.83,270,30,12.5,252,290,1399-11-4
687,تسه9806,امتياز تسهيلات مسكن شهريور98,40,423,231979890,530396,530000,556000,25604,4.83,548416,18020,3.4,510668,556915,1399-11-4
688,تسه9807,امتياز تسهيلات مسكن مهر98,39,408,222012958,531868,505501,544995,13127,2.47,544149,12281,2.31,505501,544996,1399-11-4
689,ضملي1148,اختيارخ فملي-10140-1399/11/05,39,479,905917080,716,970,922,206,28.77,959,243,33.94,750,1100,1399-11-4
690,ضشنا2001,اختيارخ شپنا-10000-1400/02/27,39,660,1887941000,2603,2700,2900,297,11.41,2861,258,9.91,2700,3000,1399-11-4
691,آگاس2,صندوق س.هستي بخش آگاه-س,38,8600000,8600000,67987,1,1,-67986,-100.0,1,-67986,-100.0,1,1,1399-11-4
692,اخزا814,اسنادخزانه-م14بودجه98-010318,36,137929,108161511560,780284,780284,784000,3716,0.48,784182,3898,0.5,779202,785000,1399-11-4
693,اخزا809,اسنادخزانه-م9بودجه98-000923,36,127210,109325836326,853416,879990,856000,2584,0.3,859412,5996,0.7,855153,879990,1399-11-4
694,ضملي1155,اختيارخ فملي-8111-1399/11/05,34,1745,10153828000,2350,3000,2950,600,25.53,2951,601,25.57,2950,3000,1399-11-4
695,ضجار2003,اختيارخ وتجارت-3000-1400/02/22,34,1437,806034000,429,500,550,121,28.21,561,132,30.77,500,600,1399-11-4
696,ضشنا2000,اختيارخ شپنا-9000-1400/02/27,31,467,1698745000,2717,3900,3950,1233,45.38,3638,921,33.9,3400,4400,1399-11-4
697,اطلس2,صندوق س.توسعه اندوخته آينده-س,30,300000,300000,203913,1,1,-203912,-100.0,1,-203912,-100.0,1,1,1399-11-4
698,اخزا820,اسنادخزانه-م20بودجه98-020806,29,17408,10366086010,595101,598989,590040,-5061,-0.85,595478,377,0.06,590040,598989,1399-11-4
699,وسيستا,شركت س استان سيستان وبلوچستان,28,463499,352259240,790,760,760,-30,-3.8,790,0,0.0,760,760,1399-11-4
700,ضصاد3003,اختيارخ وبصادر-3000-1400/03/12,28,1122,474477000,411,420,439,28,6.81,423,12,2.92,415,439,1399-11-4
701,حرهشا,رهشاد سپاهان (سهامي عام,28,13403,865900815,65923,64605,64605,-1318,-2.0,65807,-116,-0.18,64605,64605,1399-11-4
702,اخزا808,اسنادخزانه-م8بودجه98-000817,28,16087,13999172200,869237,870000,870242,1005,0.12,870216,979,0.11,869222,871500,1399-11-4
703,اخزا816,اسنادخزانه-م16بودجه98-010503,27,128591,98739899658,761176,765000,770900,9724,1.28,767860,6684,0.88,763011,770900,1399-11-4
704,كارين,صندوق س نگين سامان-ثابت,27,512073,5133445342,10013,10100,10059,46,0.46,10025,12,0.12,10020,10100,1399-11-4
705,وسگيلا,شركت س استان گيلان,26,703755,555966450,830,790,790,-40,-4.82,830,0,0.0,790,790,1399-11-4
706,كيان2,صندوق س. با درآمد ثابت كيان,25,2500000,2500000,26820,1,1,-26819,-100.0,1,-26819,-100.0,1,1,1399-11-4
707,اخزا811,اسنادخزانه-م11بودجه98-001013,25,51352,43344575965,841119,841500,846000,4881,0.58,844068,2949,0.35,837000,847000,1399-11-4
708,ضجار2005,اختيارخ وتجارت-4000-1400/02/22,25,856,204504000,111,200,300,189,170.27,239,128,115.32,199,450,1399-11-4
709,دحاوي,الحاوي,25,34030,412988080,12511,12136,12136,-375,-3.0,12503,-8,-0.06,12136,12136,1399-11-4
710,فاهواز,نورد و لوله اهواز,24,77120,1244871040,16471,16142,16142,-329,-2.0,16460,-11,-0.07,16142,16142,1399-11-4
711,اخزا901,اسنادخزانه-م1بودجه99-010621,24,22564,16669710965,738003,738001,738610,607,0.08,738775,772,0.1,738001,739500,1399-11-4
712,عيار2,صندوق س. پشتوانه طلاي مفيد,23,230000,230000,26897,1,1,-26896,-100.0,1,-26896,-100.0,1,1,1399-11-4
713,وحافظ,بيمه حافظ,23,16401,1198060248,75307,73048,73048,-2259,-3.0,75167,-140,-0.19,73048,73048,1399-11-4
714,تسه9805,امتياز تسهيلات مسكن مرداد98,23,108,57085716,525250,500001,530000,4750,0.9,528571,3321,0.63,500001,551512,1399-11-4
715,نگين,ص.س. زمين و ساختمان نگين شهرري,22,3388,163294070,48390,49000,48940,550,1.14,48200,-190,-0.39,47540,49000,1399-11-4
716,زعف0008پ11,زعفران0008نگين سحرخيز(پ),22,10879,1362482850,124562,126000,125001,439,0.35,125240,678,0.54,125000,126000,1399-11-4
717,وسكرد,شركت س استان كردستان,22,451500,338625000,780,750,750,-30,-3.85,780,0,0.0,750,750,1399-11-4
718,ضبدر1159,اختيارخ شبندر-16000-1399/11/19,21,59,363776000,5304,6500,6141,837,15.78,6166,862,16.25,6113,6500,1399-11-4
719,آوا2,صندوق س.سهام آواي معيار-س,21,95000000,95000000,7491,1,1,-7490,-99.99,1,-7490,-99.99,1,1,1399-11-4
720,سرو2,صندوق س سروسودمند مدبران-سهام,20,2000000,2000000,65530,1,1,-65529,-100.0,1,-65529,-100.0,1,1,1399-11-4
721,سخند,صندوق س.سپهرخبرگان نفت-د,19,67720,683767580,10081,10100,10094,13,0.13,10097,16,0.16,10094,10100,1399-11-4
722,اخزا721,اسنادخزانه-م21بودجه97-000728,18,36433,31957931400,872792,877000,876100,3308,0.38,877170,4378,0.5,876000,878520,1399-11-4
723,ضسپا1103,اختيارخ خساپا-2500-1399/11/26,17,649,93413000,136,200,133,-3,-2.21,144,8,5.88,119,200,1399-11-4
724,قنقش,قند نقش جهان,17,17930,1303887530,74205,72721,72721,-1484,-2.0,74008,-197,-0.27,72721,72721,1399-11-4
725,زعف0008پ08,زعفران0008نگين روستا(پ),17,5509,688380367,124534,125479,124000,-534,-0.43,124956,422,0.34,124000,125998,1399-11-4
726,ضملي1154,اختيارخ فملي-24336-1399/11/05,16,506,997832,1,1,1,0,0.0,1,0,0.0,1,1,1399-11-4
727,اخزا817,اسنادخزانه-م17بودجه98-010512,16,45694,34798127478,759729,758101,761998,2269,0.3,761547,1818,0.24,758101,762000,1399-11-4
728,اخزا723,اسنادخزانه-م23بودجه97-000824,16,30726,26461921350,860336,861061,864850,4514,0.52,861222,886,0.1,861000,864850,1399-11-4
729,ضخود2011,اختيارخ خودرو-5000-1400/02/08,16,910,97266000,131,101,110,-21,-16.03,107,-24,-18.32,101,110,1399-11-4
730,ضشنا2002,اختيارخ شپنا-12000-1400/02/27,16,484,1040300000,1981,2000,2200,219,11.06,2149,168,8.48,2000,2250,1399-11-4
731,ضفلا1157,اختيارخ فولاد-18000-1399/11/28,16,615,12225000,18,15,40,22,122.22,20,2,11.11,10,40,1399-11-4
732,ضغدر1119,اختيارخ وغدير-10000-1399/11/26,15,140,246889000,1210,1700,1899,689,56.94,1763,553,45.7,1600,1900,1399-11-4
733,ضملي1149,اختيارخ فملي-12168-1399/11/05,15,263,686256,39,5,2,-37,-94.87,1,-38,-97.44,1,5,1399-11-4
734,اخزا818,اسنادخزانه-م18بودجه98-010614,15,46149,34695946777,754042,750101,750802,-3240,-0.43,751824,-2218,-0.29,750100,760000,1399-11-4
735,اخزا806,اسنادخزانه-م6بودجه98-000519,15,12346,11184519300,904302,903503,907005,2703,0.3,905922,1620,0.18,903503,908001,1399-11-4
736,ضملت1129,اختيارخ وبملت-7000-1399/11/28,13,642,9573000,42,11,5,-37,-88.1,15,-27,-64.29,4,20,1399-11-4
737,ضغدر1120,اختيارخ وغدير-12000-1399/11/26,13,121,71650000,372,400,698,326,87.63,592,220,59.14,400,698,1399-11-4
738,ضملت1127,اختيارخ وبملت-5000-1399/11/28,13,414,146111000,74,810,151,77,104.05,353,279,377.03,151,810,1399-11-4
739,ولراز,ليزينگ رازي,12,10249,528950890,53206,51610,51610,-1596,-3.0,53162,-44,-0.08,51610,51610,1399-11-4
740,دسبحاح,ح .گروه دارويي سبحان,12,54361,932985300,17060,17300,17000,-60,-0.35,17160,100,0.59,17000,17300,1399-11-4
741,ضسپا1105,اختيارخ خساپا-3500-1399/11/26,11,715,3906000,7,5,8,1,14.29,5,-2,-28.57,4,8,1399-11-4
742,ضفلا1154,اختيارخ فولاد-12000-1399/11/28,11,146,126387000,693,1369,900,207,29.87,866,173,24.96,601,1369,1399-11-4
743,ضملت1126,اختيارخ وبملت-4500-1399/11/28,10,390,96084000,227,250,201,-26,-11.45,246,19,8.37,200,398,1399-11-4
744,اخزا812,اسنادخزانه-م12بودجه98-001111,10,26483,22081871514,830568,832303,836000,5432,0.65,833813,3245,0.39,832303,836000,1399-11-4
745,عفولاد3,اوراق سلف موازي ورق گرم فولاد,10,93,76958902,827476,813022,829283,1807,0.22,827515,39,0.0,813022,829283,1399-11-4
746,ضچاد2004,اختيارخ كچاد-20000-1400/02/05,10,63,223463000,2312,2800,3850,1538,66.52,3547,1235,53.42,2800,3900,1399-11-4
747,ضترا1118,اختيارخ شتران-12000-1399/11/14,10,360,7266000,12,199,20,8,66.67,20,8,66.67,18,199,1399-11-4
748,فيروزه2,صندوق شاخص30 شركت فيروزه- سهام,10,100000,100000,146070,1,1,-146069,-100.0,1,-146069,-100.0,1,1,1399-11-4
749,وسلرستا,شركت س استان لرستان,9,197763,170076180,900,860,860,-40,-4.44,900,0,0.0,860,860,1399-11-4
750,وسزنجان,شركت س استان زنجان,9,51000,68850000,1420,1350,1350,-70,-4.93,1420,0,0.0,1350,1350,1399-11-4
751,خعمرا,توسعه و عمران شهرستان نائين,9,7534,169379388,21828,22482,22482,654,3.0,21833,5,0.02,22482,22482,1399-11-4
752,كابگن,توليدي و صنعتي آبگينه‌,9,32361,165299988,5058,5108,5108,50,0.99,5060,2,0.04,5108,5108,1399-11-4
753,اخزا807,اسنادخزانه-م7بودجه98-000719,9,7379,6495918538,876993,876001,881002,4009,0.46,880325,3332,0.38,876001,881002,1399-11-4
754,زعف0008پ12,زعفران0008پوشالمعمول سحرخيز(پ),9,5937,498680000,84000,83000,84800,800,0.95,83995,-5,-0.01,83000,84800,1399-11-4
755,ضخود2010,اختيارخ خودرو-4500-1400/02/08,8,161,25613000,153,159,145,-8,-5.23,159,6,3.92,130,190,1399-11-4
756,اخزا904,اسنادخزانه-م4بودجه99-011215,7,51100,34696264450,675653,674500,679000,3347,0.5,678988,3335,0.49,674500,679000,1399-11-4
757,اجاد21,اجاره دولتي آپرورش-تمدن991118,7,2141,2151500000,1042000,1042000,1000000,-42000,-4.03,1004904,-37096,-3.56,1000000,1042000,1399-11-4
758,زير0003پ01,زيره سبز0003كيميابذر(پ),7,60,30550000,501043,525000,510000,8957,1.79,509167,8124,1.62,500000,525000,1399-11-4
759,زعف0008پ18,زعفران0008نگين بهرامن(پ),7,1300,162493500,125800,124050,125000,-800,-0.64,124995,-805,-0.64,124050,125800,1399-11-4
760,ضملي3000,اختيارخ فملي-8000-1400/03/02,7,310,1310541000,2726,4800,4200,1474,54.07,4228,1502,55.1,4200,4800,1399-11-4
761,اخزا813,اسنادخزانه-م13بودجه98-010219,7,10360,8214651960,790333,790301,793500,3167,0.4,792920,2587,0.33,790301,793500,1399-11-4
762,شستا991,اجاره تامين اجتماعي-امين991226,7,111,111995022,1006347,1010000,1006347,0,0.0,1008964,2617,0.26,1006347,1010000,1399-11-4
763,وساشرقي,شركت س استان آذربايجان شرقي,6,71010,67459500,990,950,950,-40,-4.04,990,0,0.0,950,950,1399-11-4
764,ضخود2012,اختيارخ خودرو-6000-1400/02/08,6,290,25190000,101,81,120,19,18.81,87,-14,-13.86,81,120,1399-11-4
765,اخزا804,اسنادخزانه-م4بودجه98-000421,6,3174,2911520314,917679,911254,920000,2321,0.25,917303,-376,-0.04,911254,939000,1399-11-4
766,اخزا720,اسنادخزانه-م20بودجه97-000324,5,3286,3065482926,939363,939000,932805,-6558,-0.7,932892,-6471,-0.69,932805,939363,1399-11-4
767,ضمخا7070,اختيارخ اخابر-20000-1400/07/28,5,48,144285000,2500,2500,3299,799,31.96,3006,506,20.24,2500,3299,1399-11-4
768,هبركت912,اختيارف ت بركت-22100-99/12/17,5,19402,37310046,2679,1923,1923,-756,-28.22,1923,-756,-28.22,1923,1923,1399-11-4
769,ضفلا1159,اختيارخ فولاد-24000-1399/11/28,5,212,2216000,30,12,8,-22,-73.33,10,-20,-66.67,8,12,1399-11-4
770,ضسپا1106,اختيارخ خساپا-4000-1399/11/26,5,301,801000,3,1,2,-1,-33.33,3,0,0.0,1,4,1399-11-4
771,اخزا810,اسنادخزانه-م10بودجه98-001006,5,4161,3536938021,845944,846237,855900,9956,1.18,850021,4077,0.48,846237,855900,1399-11-4
772,كمند2,صندوق س. با درآمد ثابت كمند,5,89000000,89000000,10089,1,1,-10088,-99.99,1,-10088,-99.99,1,1,1399-11-4
773,تملي701,تسهيلات مسكن ب. ملي-فروردين97,4,28,18020971,658902,625957,658902,0,0.0,643606,-15296,-2.32,625957,658902,1399-11-4
774,افران2,صندوق س افرا نماد پايدار-ثابت,4,400000,400000,12497,1,1,-12496,-99.99,1,-12496,-99.99,1,1,1399-11-4
775,وسكرشا,س.سهام عدالت استان كرمانشاه,4,27673,33207600,1260,1200,1200,-60,-4.76,1260,0,0.0,1200,1200,1399-11-4
776,كرونا2,تامين مالي جمعي صرفا اهداي سود,4,154,1540000,10000,10000,10000,0,0.0,10000,0,0.0,10000,10000,1399-11-4
777,زير0003پ04,زيره سبز0003شركت مينوبذر(پ),4,320,156800000,465500,490000,490000,24500,5.26,490000,24500,5.26,490000,490000,1399-11-4
778,اراد53,مرابحه عام دولت5-ش.خ 0207,4,36600,35116000000,958000,959000,960000,2000,0.21,959454,1454,0.15,959000,960000,1399-11-4
779,وسهمدا,شركت س استان همدان,4,30466,25896100,890,850,850,-40,-4.49,890,0,0.0,850,850,1399-11-4
780,پست0008پ08,پسته فندقي32-30مه ولات0008(پ),4,25,33820000,1346938,1360000,1330000,-16938,-1.26,1352800,5862,0.44,1330000,1360000,1399-11-4
781,وسخراج,شركت س استان خراسان جنوبي,4,41974,88565140,2220,2110,2110,-110,-4.95,2220,0,0.0,2110,2110,1399-11-4
782,ضغدر1118,اختيارخ وغدير-9000-1399/11/26,4,32,91040000,897,2790,2850,1953,217.73,2845,1948,217.17,2790,2850,1399-11-4
783,رطب0002پ01,رطب مضافتي0002افشارتعاون بم(پ),4,170,34318070,200871,201871,201871,1000,0.5,201871,1000,0.5,201871,201871,1399-11-4
784,ضترا1117,اختيارخ شتران-10000-1399/11/14,3,140,56000000,400,400,400,0,0.0,400,0,0.0,400,400,1399-11-4
785,ضفلا1158,اختيارخ فولاد-20000-1399/11/28,3,52,2310000,15,80,30,15,100.0,44,29,193.33,30,80,1399-11-4
786,ضپيك2010,اختيارخ تاپيكو-12000-00/02/19,3,15,34700000,578,1980,2480,1902,329.07,2313,1735,300.17,1980,2480,1399-11-4
787,اخزا805,اسنادخزانه-م5بودجه98-000422,3,16051,14732408835,912980,918000,916273,3293,0.36,917850,4870,0.53,916273,918000,1399-11-4
788,وسمازن,س.سهام عدالت استان مازندران,3,20165,18955100,980,940,940,-40,-4.08,980,0,0.0,940,940,1399-11-4
789,ضپنا2003,اختيارخ رمپنا-16000-1400/02/12,3,120,438440000,3200,9,4000,800,25.0,3654,454,14.19,9,4000,1399-11-4
790,زعف0008پ09,زعفران0008نگين نوين(پ),3,3800,471403800,124422,124501,124001,-421,-0.34,124054,-368,-0.3,124001,124501,1399-11-4
791,زعف0008پ15,زعفران0008پوشالمعمول طلاسرخ(پ),3,300,24844400,84500,80000,84444,-56,-0.07,82815,-1685,-1.99,80000,84444,1399-11-4
792,ضجار2001,اختيارخ وتجارت-2000-1400/02/22,3,200,220000000,1009,1100,1100,91,9.02,1100,91,9.02,1100,1100,1399-11-4
793,اخزا722,اسنادخزانه-م22بودجه97-000428,3,858,781140000,917457,910000,917200,-257,-0.03,910420,-7037,-0.77,910000,917200,1399-11-4
794,فبستم,صنايع ‌بسته‌بندي‌ مشهد,3,20773,16950768,793,816,816,23,2.9,793,0,0.0,816,816,1399-11-4
795,كشم0001پ01,كشمش سبز0001خليل آباد(پ),3,77,42059182,523740,524000,549927,26187,5.0,546223,22483,4.29,524000,549927,1399-11-4
796,سنفت001,سلف موازي استاندارد سنفت001,3,255410,280014156120,1094876,1096332,1096332,1456,0.13,1096332,1456,0.13,1096332,1096332,1399-11-4
797,وسمركز,شركت س استان مركزي,3,19474,25900420,1400,1330,1330,-70,-5.0,1400,0,0.0,1330,1330,1399-11-4
798,ضگل1144,اختيارخ كگل-20000-1399/11/21,3,43,42850000,300,1000,1000,700,233.33,997,697,232.33,990,1000,1399-11-4
799,اخزا713,اسنادخزانه-م13بودجه97-000518,3,333,301030095,905574,903501,903753,-1821,-0.2,903994,-1580,-0.17,903501,907050,1399-11-4
800,ضصاد3002,اختيارخ وبصادر-2500-1400/03/12,3,300,240000000,1,800,800,799,79900.0,800,799,79900.0,800,800,1399-11-4
801,وسيلام,شركت س استان ايلام,3,33271,39259780,1240,1180,1180,-60,-4.84,1240,0,0.0,1180,1180,1399-11-4
802,ماهان01,منفعت هواپيمايي ماهان 14011123,3,9,8281804,920001,920200,920201,200,0.02,920200,199,0.02,920200,920201,1399-11-4
803,هترول911,اختيارف ت پترول-14730-99/11/15,3,10447,52987184,5488,5072,5072,-416,-7.58,5072,-416,-7.58,5072,5072,1399-11-4
804,ضگل1141,اختيارخ كگل-14000-1399/11/21,2,5,19940000,2500,3900,4120,1620,64.8,3988,1488,59.52,3900,4120,1399-11-4
805,وسقم,شركت س استان قم,2,4073,5457820,1410,1340,1340,-70,-4.96,1410,0,0.0,1340,1340,1399-11-4
806,پست0008پ09,پسته بادامي30-28مه ولات0008(پ),2,9,11858850,1387000,1317650,1317650,-69350,-5.0,1317650,-69350,-5.0,1317650,1317650,1399-11-4
807,ضترا1127,اختيارخ شتران-8000-1399/11/14,2,13,23044000,313,1888,1588,1275,407.35,1773,1460,466.45,1588,1888,1399-11-4
808,تملي805,تسهيلات مسكن ب. ملي-مرداد98,2,45,28284325,598615,628535,628545,29930,5.0,628541,29926,5.0,628535,628545,1399-11-4
809,سپر2,صندوق س سپر سرمايه بيدار- ثابت,2,4000000,4000000,11279,1,1,-11278,-99.99,1,-11278,-99.99,1,1,1399-11-4
810,صمسكن912,ص دين مسكن جنوب-ماهانه16درصد,2,700,35609700,50688,53222,50871,183,0.36,50871,183,0.36,50871,50871,1399-11-4
811,ضملي3004,اختيارخ فملي-14000-1400/03/02,2,5,6500000,1018,1300,1300,282,27.7,1300,282,27.7,1300,1300,1399-11-4
812,اخزا716,اسنادخزانه-م16بودجه97-000407,2,13,12072000,925319,930000,927000,1681,0.18,928615,3296,0.36,927000,930000,1399-11-4
813,ضپار1116,اختيارخ خپارس-6000-1399/11/19,2,27,21400000,1002,1000,200,-802,-80.04,793,-209,-20.86,200,1000,1399-11-4
814,گواهي ظرفيت,گواهي ظرفيت نقدي,2,27000000,287253000000,10639,10639,10639,0,0.0,10639,0,0.0,10639,10639,1399-11-4
815,ضپيك2008,اختيارخ تاپيكو-9000-00/02/19,2,2,9000000,3598,4500,4500,902,25.07,4500,902,25.07,4500,4500,1399-11-4
816,شرق1400,مشاركت ليزينگ ايران وشرق140010,2,29,28997100,1008434,999900,999900,-8534,-0.85,999900,-8534,-0.85,999900,999900,1399-11-4
817,اراد62,مرابحه عام دولت62-ش.خ0309,2,30000,30000000000,1000000,1000000,1000000,0,0.0,1000000,0,0.0,1000000,1000000,1399-11-4
818,ضپيك2009,اختيارخ تاپيكو-10000-00/02/19,2,6,21000000,2900,3500,3500,600,20.69,3500,600,20.69,3500,3500,1399-11-4
819,ضچاد2002,اختيارخ كچاد-16000-1400/02/05,2,10,58000000,4852,5800,5800,948,19.54,5800,948,19.54,5800,5800,1399-11-4
820,ضمخا7071,اختيارخ اخابر-24000-1400/07/28,2,10,9000000,700,800,1000,300,42.86,900,200,28.57,800,1000,1399-11-4
821,سپرمي,پرميت‌,2,2090,17967730,8429,8597,8597,168,1.99,8430,1,0.01,8597,8597,1399-11-4
822,ضصاد3001,اختيارخ وبصادر-2000-1400/03/12,2,11,11000000,897,1000,1000,103,11.48,1000,103,11.48,1000,1000,1399-11-4
823,شستا993,اجاره ت.اجتماعي-كاردان991226,2,10,9940000,994000,994000,994000,0,0.0,994000,0,0.0,994000,994000,1399-11-4
824,ضصاد1104,اختيارخ وبصادر-4500-1399/11/12,2,113,113000,1,1,1,0,0.0,1,0,0.0,1,1,1399-11-4
825,رطب0002پ02,رطب مضافتي0002اتحاديه كرمان(پ),1,30,6056130,215000,201871,201871,-13129,-6.11,201871,-13129,-6.11,201871,201871,1399-11-4
826,ضپار1117,اختيارخ خپارس-7000-1399/11/19,1,10,5140000,314,514,514,200,63.69,514,200,63.69,514,514,1399-11-4
827,ضترا1128,اختيارخ شتران-9000-1399/11/14,1,2,1600000,3651,800,800,-2851,-78.09,800,-2851,-78.09,800,800,1399-11-4
828,اخزا8162,اسنادخزانه-م16بودجه98-010503,1,295165,226834302500,761176,768500,768500,7324,0.96,768500,7324,0.96,768500,768500,1399-11-4
829,وسبوشهر,شركت س استان بوشهر,1,5000,6000000,1260,1200,1200,-60,-4.76,1260,0,0.0,1200,1200,1399-11-4
830,ضپار1115,اختيارخ خپارس-5000-1399/11/19,1,5,7250000,1184,1450,1450,266,22.47,1450,266,22.47,1450,1450,1399-11-4
831,صبا1401,اجاره مهندسي صبا نفت14010225,1,117,111150000,946656,950000,950000,3344,0.35,950000,3344,0.35,950000,950000,1399-11-4
832,مشير9911,مشاركت شهرداري شيراز-3ماهه16%,1,20,19998000,990000,999900,999900,9900,1.0,999900,9900,1.0,999900,999900,1399-11-4
833,اخزا7232,اسنادخزانه-م23بودجه97-000824,1,162435,140343840000,860336,864000,864000,3664,0.43,864000,3664,0.43,864000,864000,1399-11-4
834,ضپاس2000,اختيارخ وپارس-2000-1400/02/29,1,1,1600000,1316,1600,1600,284,21.58,1600,284,21.58,1600,1600,1399-11-4
835,واميد2,گروه مديريت سرمايه گذاري اميد,1,91195955,3593120627000,40650,39400,39400,-1250,-3.08,39400,-1250,-3.08,39400,39400,1399-11-4
836,ضپاس2003,اختيارخ وپارس-3500-1400/02/29,1,1,360000,350,360,360,10,2.86,360,10,2.86,360,360,1399-11-4
837,دمعيار2,صندوق س. توازن معيار-د,1,800000,800000,10004,1,1,-10003,-99.99,1,-10003,-99.99,1,1,1399-11-4
838,تابان02,اجاره تابان لوتوس14021206,1,3000,3000000000,1020000,1000000,1000000,-20000,-1.96,1000000,-20000,-1.96,1000000,1000000,1399-11-4
839,ضبدر1150,اختيارخ شبندر-32000-1399/11/19,1,14,1596000,41,114,114,73,178.05,114,73,178.05,114,114,1399-11-4
840,ضمخا2001,اختيارخ اخابر-10000-1400/02/29,1,1,2800000,2189,2800,2800,611,27.91,2800,611,27.91,2800,2800,1399-11-4
841,شستا994,اجاره تامين اجتماعي-نوين991226,1,9,9062991,1007999,1006999,1006999,-1000,-0.1,1006999,-1000,-0.1,1006999,1006999,1399-11-4
842,پست0008پ02,پسته فندقي32-30طلاسبززرند0008,1,1,1275412,1214461,1275412,1275412,60951,5.02,1275412,60951,5.02,1275412,1275412,1399-11-4
843,ضملي3003,اختيارخ فملي-12000-1400/03/02,1,1,2000000,2000,2000,2000,0,0.0,2000,0,0.0,2000,2000,1399-11-4
844,سدشت2,صنايع سيمان دشتستان,1,11000000,473000000000,41000,43000,43000,2000,4.88,43000,2000,4.88,43000,43000,1399-11-4
845,اراد22,مرابحه عام دولت2-ش.خ لوتوس0212,1,3000,3000000000,1021000,1000000,1000000,-21000,-2.06,1000000,-21000,-2.06,1000000,1000000,1399-11-4
846,ضچاد2005,اختيارخ كچاد-24000-1400/02/05,1,5,10000000,1000,2000,2000,1000,100.0,2000,1000,100.0,2000,2000,1399-11-4
847,ضخوز2013,اختيارخ فخوز-12000-1400/02/15,1,10,33000000,3117,3300,3300,183,5.87,3300,183,5.87,3300,3300,1399-11-4
848,اكالا,كارگزاران بورس كالاي ايران,1,19,763990,40210,40210,40210,0,0.0,40210,0,0.0,40210,40210,1399-11-4
849,ضملت1130,اختيارخ وبملت-8000-1399/11/28,1,5,5000,3,1,1,-2,-66.67,1,-2,-66.67,1,1,1399-11-4
850,ضبدر1153,اختيارخ شبندر-48000-1399/11/19,1,1,1000,3900,1,1,-3899,-99.97,1,-3899,-99.97,1,1,1399-11-4
851,اراد49,مرابحه عام دولت4-ش.خ 0206,1,2000,1972000000,998000,986000,986000,-12000,-1.2,986000,-12000,-1.2,986000,986000,1399-11-4
852,ضجار2000,اختيارخ وتجارت-1800-1400/02/22,1,100,125000000,1290,1250,1250,-40,-3.1,1250,-40,-3.1,1250,1250,1399-11-4
853,ضچاد2003,اختيارخ كچاد-18000-1400/02/05,1,6,27600000,3625,4600,4600,975,26.9,4600,975,26.9,4600,4600,1399-11-4
854,ونچر,ص.ج.فيروزه10%تاديه,1,1000,130000000,132721,130000,130000,-2721,-2.05,130000,-2721,-2.05,130000,130000,1399-11-4
855,ضگل1142,اختيارخ كگل-16000-1399/11/21,1,20,50000000,1400,2500,2500,1100,78.57,2500,1100,78.57,2500,2500,1399-11-4
856,تملي807,تسهيلات مسكن ب. ملي-مهر98,1,31,29916798,919103,965058,965058,45955,5.0,965058,45955,5.0,965058,965058,1399-11-4
857,ضملي1151,اختيارخ فملي-16224-1399/11/05,1,3,5916,1,1,1,0,0.0,1,0,0.0,1,1,1399-11-4
858,تملي705,تسهيلات مسكن ب. ملي-مرداد97,1,11,5404949,517219,491359,491359,-25860,-5.0,491359,-25860,-5.0,491359,491359,1399-11-4
859,ضمخا7069,اختيارخ اخابر-18000-1400/07/28,1,1,3500000,3000,3500,3500,500,16.67,3500,500,16.67,3500,3500,1399-11-4
860,انرژي12,نهادهاي مالي بورس انرژي,1,978000,360715740000,368830,368830,368830,0,0.0,368830,0,0.0,368830,368830,1399-11-4
861,صخود0012,ص مرابحه خودرو0012- 3ماهه 18%,1,5,5100000,1010000,1020000,1020000,10000,0.99,1020000,10000,0.99,1020000,1020000,1399-11-4
862,پارسا306,صكوك اجاره پارسيان-6ماهه16%,1,100,92229000,943290,922290,922290,-21000,-2.23,922290,-21000,-2.23,922290,922290,1399-11-4
863,ضبدر1149,اختيارخ شبندر-28000-1399/11/19,1,5,1025000,200,205,205,5,2.5,205,5,2.5,205,205,1399-11-4
864,مبين014,اجاره اعتماد مبين لوتوس011019,1,3000,3000000000,1015000,1000000,1000000,-15000,-1.48,1000000,-15000,-1.48,1000000,1000000,1399-11-4
865,اخزا718,اسنادخزانه-م18بودجه97-000525,1,500,452500000,903307,905000,905000,1693,0.19,905000,1693,0.19,905000,905000,1399-11-4
