,نماد,نام,تعداد,حجم,ارزش,دیروز,اولین,آخرین معامله - مقدار,آخرین معامله - تغییر,آخرین معامله - درصد,قیمت پایانی - مقدار,قیمت پایانی - تغییر,قیمت پایانی - درصد,کمترین,بیشترین,تاریخ
0,وسپهر,سرمايه گذاري مالي سپهرصادرات,73463,198220210,2318123042272,12045,12110,11530,-515,-4.28,11695,-350,-2.91,11443,12289,1399-8-6
1,خودرو,ايران‌ خودرو,58292,1441026839,4379242914480,3070,3160,3040,-30,-0.98,3040,-30,-0.98,2920,3220,1399-8-6
2,بپيوند,برق و انرژي پيوندگستر پارس,56410,24488191,496060894146,20022,20060,21023,1001,5.0,20257,235,1.17,19021,21023,1399-8-6
3,دارا يكم,صندوق واسطه گري مالي يكم-سهام,53163,26022228,4885186872240,188820,196500,187980,-840,-0.44,187730,-1090,-0.58,182000,197560,1399-8-6
4,سيتا,سرمايه گذاري سيمان تامين,48320,54133701,882704452060,16560,16600,16770,210,1.27,16310,-250,-1.51,15740,17000,1399-8-6
5,بگيلان,توسعه مسير برق گيلان,43672,17854157,480541859647,26560,26500,27888,1328,5.0,26915,355,1.34,25232,27888,1399-8-6
6,امين,تامين سرمايه امين,42242,37123007,403993452620,11020,11110,11300,280,2.54,10880,-140,-1.27,10470,11470,1399-8-6
7,فولاد,فولاد مباركه اصفهان,30884,272763658,3409012907120,13080,12850,12440,-640,-4.89,12500,-580,-4.43,12430,13190,1399-8-6
8,غزر,صنعتي زر ماكارون,26386,4086380,199497071600,46500,48820,48820,2320,4.99,48820,2320,4.99,48820,48820,1399-8-6
9,آبادا,توليد نيروي برق آبادان,24913,6639716,125575747550,19820,18830,19250,-570,-2.88,18910,-910,-4.59,18830,19590,1399-8-6
10,فملي,ملي‌ صنايع‌ مس‌ ايران‌,23360,136913045,2845911615950,21800,21150,20760,-1040,-4.77,20790,-1010,-4.63,20710,22050,1399-8-6
11,گدنا,تهيه توزيع غذاي دنا آفرين فدك,21834,1212590,18677523770,14670,15403,15403,733,5.0,14922,252,1.72,15403,15403,1399-8-6
12,آريا,پليمر آريا ساسول,20038,4557893,680196439687,153982,156000,150800,-3182,-2.07,149235,-4747,-3.08,146300,158520,1399-8-6
13,ولپارس,ليزينگ پارسيان,17098,1379819,6457552920,4460,4680,4680,220,4.93,4480,20,0.45,4680,4680,1399-8-6
14,وبصادر,بانك صادرات ايران,17059,715449019,2425193014460,3520,3520,3360,-160,-4.55,3390,-130,-3.69,3350,3550,1399-8-6
15,وبملت,بانك ملت,16741,527800628,2447293819800,4850,4830,4640,-210,-4.33,4640,-210,-4.33,4610,4930,1399-8-6
16,رافزا,رايان هم افزا,16666,97266,3318521388,32494,34118,34118,1624,5.0,32596,102,0.31,34118,34118,1399-8-6
17,پترول,گروه پتروشيمي س. ايرانيان,10745,68767607,849262391360,12820,12640,12180,-640,-4.99,12350,-470,-3.67,12180,13180,1399-8-6
18,صباح,ح . سرمايه گذاري صبا تامين,9887,44755008,273691921579,6214,6225,6158,-56,-0.9,6115,-99,-1.59,6006,6501,1399-8-6
19,خساپا,سايپا,9185,273251831,614805198250,2310,2300,2200,-110,-4.76,2250,-60,-2.6,2200,2350,1399-8-6
20,ثبهساز,بهساز كاشانه تهران,8888,52058438,160439576160,3240,3080,3080,-160,-4.94,3080,-160,-4.94,3080,3170,1399-8-6
21,كاوه,فولاد كاوه جنوب كيش,6509,42702939,802120689380,18420,19000,18900,480,2.61,18780,360,1.95,17810,19340,1399-8-6
22,غگيلا,شيرپاستوريزه پگاه گيلان,6210,89303,1524670119,16260,17073,17073,813,5.0,16284,24,0.15,17073,17073,1399-8-6
23,فخوز,فولاد  خوزستان,5718,16902016,541296999740,32600,33010,32510,-90,-0.28,32030,-570,-1.75,31010,33800,1399-8-6
24,انرژي3,سايراشخاص بورس انرژي,4593,1040953,401844533700,399790,402900,379810,-19980,-5.0,386040,-13750,-3.44,379810,412000,1399-8-6
25,ثباغ,شهر سازي و خانه سازي باغميشه,4588,22682941,748515048352,31456,32300,33028,1572,5.0,32999,1543,4.91,32300,33028,1399-8-6
26,ذوب,سهامي ذوب آهن  اصفهان,4283,101219175,444495158793,4622,4391,4400,-222,-4.8,4391,-231,-5.0,4391,4420,1399-8-6
27,وغدير,سرمايه‌گذاري‌غدير(هلدينگ‌,4192,31527650,351134223090,11600,11390,11020,-580,-5.0,11140,-460,-3.97,11020,11490,1399-8-6
28,شصدفح,ح . صنعتي دوده فام,4162,1440214,25241019592,17707,17707,17545,-162,-0.91,17526,-181,-1.02,17305,18110,1399-8-6
29,شگويا,پتروشيمي تندگويان,4082,26163830,307220926217,12338,11722,11722,-616,-4.99,11742,-596,-4.83,11722,11896,1399-8-6
30,خرينگ,رينگ‌سازي‌مشهد,4062,8131218,287321961880,34690,36420,34150,-540,-1.56,35340,650,1.87,32960,36420,1399-8-6
31,وپارس,بانك‌پارسيان‌,3763,89065216,291897859410,3370,3350,3210,-160,-4.75,3280,-90,-2.67,3210,3460,1399-8-6
32,ونوين,بانك‌اقتصادنوين‌,3709,108338593,414515712470,3960,4000,3780,-180,-4.55,3830,-130,-3.28,3770,4090,1399-8-6
33,نوري,پتروشيمي نوري,3290,2410909,368239772280,157700,157760,154000,-3700,-2.35,152740,-4960,-3.15,150000,161990,1399-8-6
34,چكاپا,گروه صنايع كاغذ پارس,3103,42357080,250924754010,6230,5920,5920,-310,-4.98,5920,-310,-4.98,5920,6140,1399-8-6
35,حتايد,تايدواترخاورميانه,2906,11902373,207924222500,17130,17850,16620,-510,-2.98,17470,340,1.98,16400,17980,1399-8-6
36,ومهان,گروه توسعه مالي مهر آيندگان,2726,30200214,416801697516,14453,14650,13732,-721,-4.99,13801,-652,-4.51,13731,14715,1399-8-6
37,شصدف,صنعتي دوده فام,2628,480009,11032526856,21890,22984,22984,1094,5.0,22116,226,1.03,22984,22984,1399-8-6
38,وبانك,سرمايه گذاري گروه توسعه ملي,2599,26991577,242616660500,9440,9450,8970,-470,-4.98,8990,-450,-4.77,8970,9450,1399-8-6
39,پاكشو,گروه صنعتي پاكشو,2582,1823161,157453410160,83700,87400,86960,3260,3.89,86360,2660,3.18,85340,87400,1399-8-6
40,كچاد,معدني‌وصنعتي‌چادرملو,2538,25660071,347747597630,14170,13550,13600,-570,-4.02,13550,-620,-4.38,13470,14380,1399-8-6
41,اعتماد,صندوق س.اعتماد آفرين پارسيان-د,2425,84266710,2783654368290,33015,33030,33036,21,0.06,33034,19,0.06,33028,33037,1399-8-6
42,ارفع,شركت آهن و فولاد ارفع,2373,16266405,192274184232,12352,12600,11800,-552,-4.47,11820,-532,-4.31,11735,12640,1399-8-6
43,رنيك,جنرال مكانيك,2373,4439340,104598310155,23071,24210,24120,1049,4.55,23562,491,2.13,22526,24210,1399-8-6
44,مدير,ص.س.مديريت ثروت ص.بازنشستگي-س,2366,11307044,115992440399,10316,10580,10251,-65,-0.63,10258,-58,-0.56,10100,10688,1399-8-6
45,رانفور,خدمات‌انفورماتيك‌,2350,23469277,644659512260,26880,26000,28220,1340,4.99,27470,590,2.19,25540,28220,1399-8-6
46,كگل,معدني و صنعتي گل گهر,2341,19489121,281752598550,15180,14470,14440,-740,-4.87,14460,-720,-4.74,14430,15180,1399-8-6
47,كاما,باما,2307,1653001,266621616070,169580,161110,161110,-8470,-4.99,161300,-8280,-4.88,161110,168500,1399-8-6
48,كمند,صندوق س. با درآمد ثابت كمند,2255,96643081,980637514910,10140,10150,10150,10,0.1,10150,10,0.1,10130,10160,1399-8-6
49,امين يكم,صندوق درآمد ثابت امين يكم فردا,2236,80013329,816500384150,10210,10210,10210,0,0.0,10200,-10,-0.1,10190,10220,1399-8-6
50,غمينو,شركت صنايع غذايي مينو شرق,2210,6677909,115398786784,16702,17480,17537,835,5.0,17281,579,3.47,16702,17537,1399-8-6
51,آگاس,صندوق س.هستي بخش آگاه-س,2205,4540521,275464705910,61160,62000,60200,-960,-1.57,60668,-492,-0.8,60000,63000,1399-8-6
52,فجر,فولاد اميركبيركاشان,2123,4911824,260474341480,50660,53190,53190,2530,4.99,53030,2370,4.68,52000,53190,1399-8-6
53,قرن,پديده شيمي قرن,2076,1563342,77846672820,51760,52000,49600,-2160,-4.17,49800,-1960,-3.79,49180,53000,1399-8-6
54,ارزش,صندوق س ارزش آفرين بيدار-سهام,2009,10554632,99138128760,9610,9810,9320,-290,-3.02,9390,-220,-2.29,9210,9810,1399-8-6
55,فرابورس,فرابورس ايران,1994,4355770,262197119020,63059,59907,59907,-3152,-5.0,60195,-2864,-4.54,59907,63059,1399-8-6
56,وصنعت,سرمايه گذاري توسعه صنعت وتجارت,1969,16225336,122735365830,7860,7890,7470,-390,-4.96,7560,-300,-3.82,7470,7990,1399-8-6
57,شپنا,پالايش نفت اصفهان,1943,21616235,321433414450,15650,14870,14870,-780,-4.98,14870,-780,-4.98,14870,14870,1399-8-6
58,زاگرس,پتروشيمي زاگرس,1906,1255788,184980586823,147707,153990,150000,2293,1.55,147302,-405,-0.27,142000,153990,1399-8-6
59,دي,بانك دي,1887,19826893,1096982335904,58239,55328,55328,-2911,-5.0,55328,-2911,-5.0,55328,55328,1399-8-6
60,پاسا,ايران‌ياساتايرورابر,1774,9019206,186668196650,21280,22000,21000,-280,-1.32,20700,-580,-2.73,20220,22170,1399-8-6
61,پارند,صندوق س. پارند پايدار سپهر,1774,73883114,864651209670,11720,11750,11720,0,0.0,11700,-20,-0.17,11700,11750,1399-8-6
62,هرمز,فولاد هرمزگان جنوب,1742,19083646,207298414540,11290,11500,10726,-564,-5.0,10863,-427,-3.78,10726,11700,1399-8-6
63,پكرمان,گروه‌ صنعتي‌ بارز,1723,8757466,206943476000,22630,22000,23760,1130,4.99,23630,1000,4.42,22000,23760,1399-8-6
64,طلا,صندوق س.پشتوانه طلاي لوتوس,1721,1833086,163125572502,87378,90000,89260,1882,2.15,88990,1612,1.84,87888,90000,1399-8-6
65,وصندوق,سرمايه‌گذاري‌صندوق‌بازنشستگي‌,1663,39450280,531498015450,14150,14150,13490,-660,-4.66,13470,-680,-4.81,13450,14530,1399-8-6
66,بپاس,بيمه پاسارگاد,1617,5810038,371098708241,63891,63980,63950,59,0.09,63872,-19,-0.03,63000,64100,1399-8-6
67,ولساپا,ليزينگ رايان‌ سايپا,1615,32152300,115505266900,3730,3700,3550,-180,-4.83,3590,-140,-3.75,3550,3760,1399-8-6
68,اخابر,مخابرات ايران,1581,17621185,243018667220,14510,13790,13790,-720,-4.96,13790,-720,-4.96,13790,13900,1399-8-6
69,وسپه,سرمايه‌گذاري‌ سپه‌,1456,11903109,137878443970,12110,12150,11600,-510,-4.21,11580,-530,-4.38,11510,12340,1399-8-6
70,شتران,پالايش نفت تهران,1423,11470303,142805272350,13100,12450,12450,-650,-4.96,12450,-650,-4.96,12450,12450,1399-8-6
71,وپاسار,بانك  پاسارگاد,1390,14577704,134003210320,9440,9440,8970,-470,-4.98,9190,-250,-2.65,8970,9590,1399-8-6
72,ارفعح,ح.شركت آهن و فولاد ارفع,1388,8018314,79627845231,10403,9903,9900,-503,-4.84,9931,-472,-4.54,9883,10300,1399-8-6
73,سرو,صندوق س سروسودمند مدبران-سهام,1380,2113233,114265054600,55470,56500,53970,-1500,-2.7,54070,-1400,-2.52,53200,56800,1399-8-6
74,وسكاب,س.ص.بازنشستگي كاركنان بانكها,1347,16881580,102901092530,6340,6220,6030,-310,-4.89,6100,-240,-3.79,6030,6500,1399-8-6
75,شسينا,صنايع‌شيميايي‌سينا,1342,233323,154108098720,629700,661150,661180,31480,5.0,660490,30790,4.89,630000,661180,1399-8-6
76,خاهن,آهنگري‌ تراكتورسازي‌ ايران‌,1313,4158339,109663595560,27020,26160,25700,-1320,-4.89,26370,-650,-2.41,25670,28340,1399-8-6
77,تاپيكو,س. نفت و گاز و پتروشيمي تأمين,1295,19455036,304471313400,16470,15650,15650,-820,-4.98,15650,-820,-4.98,15650,15650,1399-8-6
78,هاي وب,داده گسترعصرنوين-هاي وب,1266,5574752,134799110530,25270,24060,24010,-1260,-4.99,24180,-1090,-4.31,24010,25250,1399-8-6
79,زر,صندوق س.پشتوانه سكه طلاي زر,1245,2331420,119776815592,50715,50121,51720,1005,1.98,51375,660,1.3,50121,52880,1399-8-6
80,اوصتا2,صندوق انديشه ورزان صباتامين -د,1242,124200000,124200000,16842,1,1,-16841,-99.99,1,-16841,-99.99,1,1,1399-8-6
81,وگردش,بانك گردشگري,1234,18990033,313101741016,16970,16791,16461,-509,-3.0,16488,-482,-2.84,16461,17050,1399-8-6
82,وآرين,شركت توسعه اقتصادي آرين,1189,11171234,62228507949,5660,5800,5377,-283,-5.0,5570,-90,-1.59,5377,5840,1399-8-6
83,افق,فروشگاههاي زنجيره اي افق كوروش,1182,1610087,109975219540,68270,68010,69660,1390,2.04,68300,30,0.04,66010,70220,1399-8-6
84,وخاور,بانك خاورميانه,1178,10185736,104782901450,10070,10550,10100,30,0.3,10290,220,2.18,9850,10560,1399-8-6
85,وبيمهح,ح . سرمايه‌ گذاري‌ صنعت‌ بيمه‌,1130,28406647,37406713300,1380,1400,1320,-60,-4.35,1320,-60,-4.35,1270,1440,1399-8-6
86,فروي,ذوب روي اصفهان,1126,1220477,57626014848,48872,47710,46429,-2443,-5.0,47216,-1656,-3.39,46429,49480,1399-8-6
87,شغدير,پتروشيمي غدير,1054,4170155,164426239117,41383,40000,39550,-1833,-4.43,39429,-1954,-4.72,39314,41273,1399-8-6
88,ولغدر,ليزينگ‌خودروغدير,1046,6390210,94082667040,15290,14530,15330,40,0.26,14720,-570,-3.73,14530,15350,1399-8-6
89,تنوين,تامين سرمايه نوين,1044,9838539,81193771020,8540,8540,8700,160,1.87,8250,-290,-3.4,8120,8740,1399-8-6
90,شبهرن,نفت‌ بهران‌,1036,1429632,75362837760,54780,52830,52250,-2530,-4.62,52710,-2070,-3.78,52050,56680,1399-8-6
91,مبين,مبين انرژي خليج فارس,1020,9303728,197242022890,22150,22360,21870,-280,-1.26,21200,-950,-4.29,21050,23000,1399-8-6
92,سفارس,سيمان فارس و خوزستان,1013,8682889,131493016010,15790,15100,15010,-780,-4.94,15140,-650,-4.12,15010,15800,1399-8-6
93,وتوسم,سرمايه‌گذاري‌توسعه‌ملي‌,1002,5820745,61407381560,11010,11060,10480,-530,-4.81,10550,-460,-4.18,10460,11350,1399-8-6
94,كيان,صندوق س. با درآمد ثابت كيان,1002,31122648,799161276230,25660,25690,25670,10,0.04,25680,20,0.08,25670,25690,1399-8-6
95,ماديرا,صنايع ماشين هاي اداري ايران,991,3796650,108611751939,30101,28596,28596,-1505,-5.0,28607,-1494,-4.96,28596,29000,1399-8-6
96,شبندر,پالايش نفت بندرعباس,980,5539460,165685248600,31480,29910,29910,-1570,-4.99,29910,-1570,-4.99,29910,29910,1399-8-6
97,ميدكو,هلدينگ صنايع  معدني خاورميانه,959,11111931,250064845857,22535,22650,22696,161,0.71,22504,-31,-0.14,21980,23000,1399-8-6
98,حتوكا,حمل‌ونقل‌توكا,908,2857288,47885297860,16250,16970,17060,810,4.98,16760,510,3.14,16250,17060,1399-8-6
99,وبيمه,سرمايه‌ گذاري‌ صنعت‌ بيمه‌,887,6712528,17176781270,2670,2680,2580,-90,-3.37,2630,-40,-1.5,2540,2680,1399-8-6
100,بورس,بورس اوراق بهادار تهران,887,1977325,114654446870,61020,57970,57970,-3050,-5.0,57980,-3040,-4.98,57970,58500,1399-8-6
101,خزر,فنرسازي‌زر,869,4299522,45872852200,10170,10670,10670,500,4.92,10580,410,4.03,10560,10670,1399-8-6
102,تسه9906,امتياز تسهيلات مسكن شهريور99,864,12904,12230372522,929370,975538,948000,18630,2.0,947797,18427,1.98,930001,975538,1399-8-6
103,شپديس,پتروشيمي پرديس,860,1623920,135237082180,85310,87950,83100,-2210,-2.59,83280,-2030,-2.38,81060,89570,1399-8-6
104,تيپيكو,سرمايه گذاري دارويي تامين,836,2185159,101630172250,46970,46210,47900,930,1.98,46510,-460,-0.98,44630,49310,1399-8-6
105,نوين,بيمه نوين,812,9807681,62014938017,6579,6600,6251,-328,-4.99,6323,-256,-3.89,6251,6600,1399-8-6
106,خگستر,گسترش‌سرمايه‌گذاري‌ايران‌خودرو,806,5223491,21520782920,4330,4120,4120,-210,-4.85,4260,-70,-1.62,4120,4120,1399-8-6
107,شسپا,نفت سپاهان,803,4477600,78486651270,18330,18430,17420,-910,-4.96,17530,-800,-4.36,17420,18530,1399-8-6
108,سمگا,گروه سرمايه گذاري ميراث فرهنگي,802,10513883,212431413240,21264,20201,20201,-1063,-5.0,20205,-1059,-4.98,20201,20580,1399-8-6
109,فيروزه,صندوق شاخص30 شركت فيروزه- سهام,801,968728,146827210510,156740,159900,148180,-8560,-5.46,151570,-5170,-3.3,147000,159900,1399-8-6
110,پارس,پتروشيمي پارس,796,1144317,145867361040,132010,137000,130960,-1050,-0.8,127470,-4540,-3.44,125410,138560,1399-8-6
111,آوا,صندوق س.سهام آواي معيار-س,793,3637508,27292295519,7672,7900,7420,-252,-3.28,7503,-169,-2.2,7300,8180,1399-8-6
112,چكارن,كارتن‌ ايران‌,787,6221416,21394703220,3610,3440,3430,-180,-4.99,3530,-80,-2.22,3430,3550,1399-8-6
113,ريشمك,توليد و صادرات ريشمك,786,1466736,45727259308,32298,31000,31390,-908,-2.81,31176,-1122,-3.47,30684,33300,1399-8-6
114,ضخود1044,اختيارخ خودرو-4000-1399/10/07,774,32332,11742264000,363,419,360,-3,-0.83,363,0,0.0,340,419,1399-8-6
115,آپ,آسان پرداخت پرشين,767,2247596,34699616700,16140,16470,15370,-770,-4.77,15590,-550,-3.41,15340,16470,1399-8-6
116,شخارك,پتروشيمي‌ خارك‌,761,2265604,81860918500,37850,37260,36020,-1830,-4.83,36230,-1620,-4.28,35960,38990,1399-8-6
117,بساما,بيمه سامان,761,4597557,95373068532,21587,21200,20508,-1079,-5.0,20744,-843,-3.91,20508,22300,1399-8-6
118,سامان,بانك سامان,758,12598755,118968128835,9673,9673,9383,-290,-3.0,9443,-230,-2.38,9383,9752,1399-8-6
119,بجهرم,توسعه مولد نيروگاهي جهرم,757,8879098,32559652366,3860,3667,3667,-193,-5.0,3717,-143,-3.7,3667,3667,1399-8-6
120,وتوصا,گروه س توسعه صنعتي ايران,757,7300739,63822323250,9190,8740,8740,-450,-4.9,8740,-450,-4.9,8740,8960,1399-8-6
121,وپست,پست بانك ايران,753,5172444,51481458780,10280,10540,9770,-510,-4.96,9950,-330,-3.21,9770,10680,1399-8-6
122,كگازح,ح . شيشه‌ و گاز,752,1839683,25240015230,14140,14990,13600,-540,-3.82,13720,-420,-2.97,13390,14990,1399-8-6
123,واعتبار,سرمايه گذاري اعتبار ايران,742,9258528,43808678010,4960,4730,4720,-240,-4.84,4730,-230,-4.64,4720,4860,1399-8-6
124,وپترو,سرمايه‌گذاري صنايع پتروشيمي‌,736,2942779,44273251140,15670,15060,15350,-320,-2.04,15060,-610,-3.89,14890,15840,1399-8-6
125,ختور,رادياتور ايران‌,719,2059952,95808367520,44300,46510,46510,2210,4.99,46510,2210,4.99,46510,46510,1399-8-6
126,تشتاد,صنايع توليدي اشتاد ايران‌,716,3564382,51487460175,14041,14400,14462,421,3.0,14445,404,2.88,14041,14462,1399-8-6
127,وسرمد,بيمه  سرمد,685,3630267,20323676736,5732,5570,5561,-171,-2.98,5598,-134,-2.34,5561,5720,1399-8-6
128,وآوا,سرمايه گذاري آوا نوين,682,2410758,27122294194,11767,11750,11190,-577,-4.9,11454,-313,-2.66,11179,11921,1399-8-6
129,خپارس,پارس‌ خودرو,680,13219929,93332698740,7430,7060,7060,-370,-4.98,7060,-370,-4.98,7060,7060,1399-8-6
130,رمپنا,گروه مپنا (سهامي عام),678,7985613,128050058620,16860,16080,16020,-840,-4.98,16040,-820,-4.86,16020,16850,1399-8-6
131,ونفت,سرمايه‌گذاري‌ صنعت‌ نفت‌,670,3417709,41292292550,12580,12310,11960,-620,-4.93,12120,-460,-3.66,11960,12600,1399-8-6
132,وآذر,سرمايه‌گذاري‌توسعه‌آذربايجان‌,669,580158,78449547230,138970,132030,137900,-1070,-0.77,135220,-3750,-2.7,132030,144390,1399-8-6
133,پرديس,سرمايه گذاري پرديس,643,3659605,24329701560,6960,6760,6650,-310,-4.45,6790,-170,-2.44,6620,7000,1399-8-6
134,شوينده,مديريت صنعت شوينده ت.ص.بهشهر,633,1577209,55414005710,35230,36990,34820,-410,-1.16,35130,-100,-0.28,34470,36990,1399-8-6
135,كرماشا,صنايع پتروشيمي كرمانشاه,628,2553213,87731020300,36080,34990,34280,-1800,-4.99,34360,-1720,-4.77,34280,37500,1399-8-6
136,صبا,سرمايه گذاري صبا تامين,620,1714676,14905678468,9150,8693,8693,-457,-4.99,9088,-62,-0.68,8693,8693,1399-8-6
137,دارا,صندوق س. دارا الگوريتم-د,618,24895447,248967859618,10006,10018,10002,-4,-0.04,10001,-5,-0.05,9980,10018,1399-8-6
138,شلرد,كود شيميايي اوره لردگان,615,10554035,93846479220,9166,8892,8892,-274,-2.99,8892,-274,-2.99,8892,8892,1399-8-6
139,ثاميد,توسعه و عمران اميد,608,12696610,36185338500,2990,2850,2850,-140,-4.68,2880,-110,-3.68,2850,2850,1399-8-6
140,وسينا,بانك سينا,599,7168622,68230023340,9980,9490,9490,-490,-4.91,9520,-460,-4.61,9490,10230,1399-8-6
141,قثابت,قند ثابت‌ خراسان‌,574,738381,56456611260,72820,76460,76460,3640,5.0,76460,3640,5.0,76460,76460,1399-8-6
142,زنجان,صنايع كشاورزي وكود زنجان,562,7699312,45488132816,6216,5906,5906,-310,-4.99,5908,-308,-4.95,5906,6010,1399-8-6
143,تسه9904,امتياز تسهيلات مسكن تير99,557,6895,6470886090,924730,920000,941000,16270,1.76,938490,13760,1.49,912100,960000,1399-8-6
144,گوهر,صندوق سكه طلاي كيان,552,1604736,102775540735,62507,62700,65900,3393,5.43,64045,1538,2.46,61515,66010,1399-8-6
145,كاردان,صندوق س تجارت شاخصي كاردان,552,399903,59066438860,150510,156000,144900,-5610,-3.73,147700,-2810,-1.87,142260,156000,1399-8-6
146,همراه,شركت ارتباطات سيار ايران,551,3003839,89183979910,31250,29690,29690,-1560,-4.99,29710,-1540,-4.93,29690,29690,1399-8-6
147,اطلس,صندوق س.توسعه اندوخته آينده-س,551,188470,32868168498,175311,171110,174004,-1307,-0.75,174395,-916,-0.52,171110,180000,1399-8-6
148,رتاپ,تجارت الكترونيك  پارسيان,538,3648392,22950600910,6620,6290,6290,-330,-4.98,6450,-170,-2.57,6290,6310,1399-8-6
149,تسه9902,امتياز تسهيلات مسكن ارديبهشت99,532,9692,9087469410,923086,918000,945000,21914,2.37,937626,14540,1.58,912000,969239,1399-8-6
150,فسازان,غلتك سازان سپاهان,529,3880377,112783729370,30580,29060,29060,-1520,-4.97,29070,-1510,-4.94,29060,30700,1399-8-6
151,شلعابح,ح . لعابيران‌,529,3904207,16808643140,4400,4550,4260,-140,-3.18,4310,-90,-2.05,4150,4600,1399-8-6
152,جم پيلن,پلي پروپيلن جم - جم پيلن,525,1236479,89099322270,74070,74070,72360,-1710,-2.31,72060,-2010,-2.71,70400,76990,1399-8-6
153,شفن,پتروشيمي فناوران,524,129862,33078036650,255560,264350,260000,4440,1.74,255250,-310,-0.12,245010,265330,1399-8-6
154,بركت,گروه دارويي بركت,522,2922196,40238638920,14490,13770,13770,-720,-4.97,13830,-660,-4.55,13770,13770,1399-8-6
155,تسه9905,امتياز تسهيلات مسكن مرداد99,519,5720,5382219264,928765,911111,947000,18235,1.96,940947,12182,1.31,911111,952879,1399-8-6
156,غگل,گلوكوزان‌,508,2517044,11955959000,5000,4750,4750,-250,-5.0,4930,-70,-1.4,4750,4750,1399-8-6
157,كپشيرح,ح . پشم‌شيشه‌ايران‌,502,1679668,17298297008,11222,11500,10349,-873,-7.78,10299,-923,-8.22,10100,11850,1399-8-6
158,توريل,توکاريل,502,4248453,84700681953,20976,19930,19928,-1048,-5.0,19937,-1039,-4.95,19928,20430,1399-8-6
159,عيار,صندوق س. پشتوانه طلاي مفيد,498,378089,12229520191,31750,32300,32320,570,1.8,32346,596,1.88,32100,32659,1399-8-6
160,ضخود1042,اختيارخ خودرو-3000-1399/10/07,496,20781,12408139000,619,700,584,-35,-5.65,597,-22,-3.55,570,700,1399-8-6
161,وبوعلي,سرمايه‌گذاري‌بوعلي‌,493,3364829,26428841790,8210,8000,7800,-410,-4.99,8000,-210,-2.56,7800,8200,1399-8-6
162,پتاير,ايران‌ تاير,490,1028789,91316045980,93290,88630,88630,-4660,-5.0,88760,-4530,-4.86,88630,93000,1399-8-6
163,سكارون,سيمان كارون,489,1092944,119710625562,106879,110085,110085,3206,3.0,109530,2651,2.48,103680,110085,1399-8-6
164,كاريس,صندوق س.سپهر كاريزما-س,485,1132557,198275987994,178376,182200,172005,-6371,-3.57,175069,-3307,-1.85,172000,182200,1399-8-6
165,سرچشمه,سرمايه گذاري مس سرچشمه,483,3561216,26588095652,7828,7440,7437,-391,-4.99,7613,-215,-2.75,7437,7700,1399-8-6
166,آرمان,بيمه آرمان,481,7593782,48905326287,6366,6556,6176,-190,-2.98,6440,74,1.16,6176,6556,1399-8-6
167,هبركت912,اختيارف ت بركت-22100-99/12/17,481,762264,4363199136,5361,5724,5724,363,6.77,5724,363,6.77,5724,5724,1399-8-6
168,شاراك,پتروشيمي شازند,475,4035035,74447680220,19380,19000,18420,-960,-4.95,18450,-930,-4.8,18420,19370,1399-8-6
169,وتوكا,سرمايه‌گذاري‌توكافولاد(هلدينگ,475,4196918,41375503310,10300,10000,9790,-510,-4.95,9890,-410,-3.98,9790,10300,1399-8-6
170,حكشتي,كشتيراني جمهوري اسلامي ايران,470,2711845,82765509400,32120,30520,30520,-1600,-4.98,30890,-1230,-3.83,30520,30520,1399-8-6
171,شساخت,مهندسي و ساختمان صنايع نفت,463,909087,36896535310,40488,41702,39274,-1214,-3.0,40577,89,0.22,39274,41702,1399-8-6
172,مارون,پتروشيمي مارون,460,274083,34409338790,131571,127050,128500,-3071,-2.33,129346,-2225,-1.69,124993,131500,1399-8-6
173,فولاژ,فولاد آلياژي ايران,451,2606147,62639209640,25290,24030,24030,-1260,-4.98,24040,-1250,-4.94,24030,24180,1399-8-6
174,تسه9903,امتياز تسهيلات مسكن خرداد99,443,5255,4928021472,924814,911553,940000,15186,1.64,937778,12964,1.4,911111,953000,1399-8-6
175,كطبس,ذغال‌سنگ‌ نگين‌ ط‌بس‌,443,719758,30733490620,44130,45500,41930,-2200,-4.99,43180,-950,-2.15,41930,45900,1399-8-6
176,فسپا,گروه‌صنعتي‌سپاهان‌,439,2412111,88356610740,38380,38500,36480,-1900,-4.95,36630,-1750,-4.56,36470,39900,1399-8-6
177,والبر,سرمايه‌ گذاري‌ البرز(هلدينگ‌,432,2600583,36962561820,14950,14210,14210,-740,-4.95,14330,-620,-4.15,14210,14510,1399-8-6
178,كشرق,صنعتي و معدني شمال شرق شاهرود,431,539199,27730488298,53790,53840,51400,-2390,-4.44,52313,-1477,-2.75,51101,53840,1399-8-6
179,سيدكو,سرمايه گذاري توسعه صنايع سيمان,420,3687349,24558159110,6960,6730,6720,-240,-3.45,6800,-160,-2.3,6620,6990,1399-8-6
180,كفرا,فراورده‌ هاي‌ نسوزايران‌,417,248231,11924003610,48660,50690,46600,-2060,-4.23,48500,-160,-0.33,46230,50690,1399-8-6
181,دانا,بيمه دانا,417,3836855,22172706270,6070,5770,5770,-300,-4.94,5930,-140,-2.31,5770,6050,1399-8-6
182,سكه0012پ01,سكه تمام بهارتحويلي 1روزه رفاه,416,177000,237734253100,1334702,1335111,1338000,3298,0.25,1343131,8429,0.63,1335000,1352000,1399-8-6
183,آساميد,صندوق س.مشترك آسمان اميد -د,415,19502847,212603253613,10883,10892,10905,22,0.2,10901,18,0.17,10891,10905,1399-8-6
184,كنور,توسعه معدني و صنعتي صبانور,413,1830679,63617191990,36560,34740,34740,-1820,-4.98,34750,-1810,-4.95,34740,36000,1399-8-6
185,آسيا,بيمه آسيا,404,1735568,41764215660,25320,24060,24060,-1260,-4.98,24170,-1150,-4.54,24060,24220,1399-8-6
186,شگل,گلتاش‌,390,1936079,47206100490,25260,24300,24020,-1240,-4.91,24380,-880,-3.48,24000,25900,1399-8-6
187,افق ملت,صندوق س در سهام افق ملت,380,243138,28788252350,122730,122000,116000,-6730,-5.48,118400,-4330,-3.53,115010,123000,1399-8-6
188,واميد,گروه مديريت سرمايه گذاري اميد,377,3135815,108373953400,36370,34560,34560,-1810,-4.98,34560,-1810,-4.98,34560,34930,1399-8-6
189,اپرداز,آتيه داده پرداز,377,1187530,36576578606,32304,30690,30689,-1615,-5.0,31044,-1260,-3.9,30689,32839,1399-8-6
190,كرازي,كارخانجات‌توليدي‌شيشه‌رازي‌,367,2112060,32969256600,14870,15610,15610,740,4.98,15340,470,3.16,15610,15610,1399-8-6
191,حآسا,آسيا سير ارس,367,1875781,26503693621,14439,13900,13718,-721,-4.99,14266,-173,-1.2,13718,14730,1399-8-6
192,وآفري,بيمه كارآفرين,364,3196431,49673594454,15994,15515,15515,-479,-2.99,15540,-454,-2.84,15515,16400,1399-8-6
193,تسه9810,امتياز تسهيلات مسكن دي98,362,7830,7327854603,920216,925000,938001,17785,1.93,935869,15653,1.7,910001,954000,1399-8-6
194,اوان,مبين وان كيش,362,1961263,96695166396,49116,49116,48500,-616,-1.25,49302,186,0.38,47050,51250,1399-8-6
195,كگهر,سنگ آهن گهرزمين,360,1573370,60554919421,40510,38485,38485,-2025,-5.0,39427,-1083,-2.67,38485,40486,1399-8-6
196,شيراز,پتروشيمي‌شيراز,359,2852813,130259898560,48040,45860,45640,-2400,-5.0,45660,-2380,-4.95,45640,47000,1399-8-6
197,فاما,صنعتي‌ آما,355,944473,19333311020,21430,20380,20450,-980,-4.57,21020,-410,-1.91,20360,20700,1399-8-6
198,سخوز,سيمان خوزستان,354,1199463,24263018100,20550,20300,19810,-740,-3.6,20390,-160,-0.78,19710,21400,1399-8-6
199,بخاور,بيمه زندگي خاورميانه,354,1570435,11745864891,7713,7713,7540,-173,-2.24,7655,-58,-0.75,7328,7870,1399-8-6
200,كروي,توسعه‌ معادن‌ روي‌ ايران‌,352,1620970,43425786300,28200,26790,26790,-1410,-5.0,26790,-1410,-5.0,26790,26790,1399-8-6
201,دالبر,البرزدارو,350,753644,13758302860,18950,19020,18040,-910,-4.8,18740,-210,-1.11,18010,19470,1399-8-6
202,سدبير,س. تدبيرگران فارس وخوزستان,347,902856,26169027555,29977,28479,28479,-1498,-5.0,29419,-558,-1.86,28479,29999,1399-8-6
203,وثخوز,سرمايه گذاري و توسعه خوزستان,345,564232,19342547036,34023,32322,35010,987,2.9,34271,248,0.73,32322,35724,1399-8-6
204,دكوثر,داروسازي‌ كوثر,344,637756,12747204140,21000,20100,19950,-1050,-5.0,20730,-270,-1.29,19950,20800,1399-8-6
205,وساخت,سرمايه‌ گذاري‌ ساختمان‌ايران‌,328,1310570,55822227930,44820,42580,42580,-2240,-5.0,42590,-2230,-4.98,42580,44450,1399-8-6
206,كلر,كلر پارس,326,245661,14094692966,59940,57311,56943,-2997,-5.0,59144,-796,-1.33,56943,59929,1399-8-6
207,كپارس,كاشي‌ پارس‌,325,392084,36152518840,97040,92190,92190,-4850,-5.0,93220,-3820,-3.94,92190,95000,1399-8-6
208,ضپاس1002,اختيارخ وپارس-3000-1399/10/30,325,13476,7958882000,886,755,600,-286,-32.28,591,-295,-33.3,570,755,1399-8-6
209,شرانل,نفت ايرانول,321,751043,18619070205,25926,25000,24630,-1296,-5.0,25456,-470,-1.81,24630,25800,1399-8-6
210,آتيمس,صندوق س.آرمان آتيه درخشان مس-س,308,119907,21892610540,183130,179600,180050,-3080,-1.68,182580,-550,-0.3,179600,188670,1399-8-6
211,خراسان,پتروشيمي خراسان,303,1351563,92858703830,72190,71500,68590,-3600,-4.99,68700,-3490,-4.83,68590,72100,1399-8-6
212,فاسمين,كالسيمين‌,299,3376796,53826128240,16770,15940,15940,-830,-4.95,15940,-830,-4.95,15940,15940,1399-8-6
213,شپارس,بين‌ المللي‌ محصولات‌  پارس‌,292,1072356,16018665920,15600,15140,15030,-570,-3.65,15370,-230,-1.47,14820,15590,1399-8-6
214,وبشهر,توسعه‌ صنايع‌ بهشهر(هلدينگ,287,1364960,19507905810,15020,14300,14270,-750,-4.99,14720,-300,-2.0,14270,15000,1399-8-6
215,كخاكح,ح . صنايع‌خاك‌چيني‌ايران‌,284,480560,17687380210,35660,34300,37150,1490,4.18,36810,1150,3.22,34300,37150,1399-8-6
216,تسه9901,امتياز تسهيلات مسكن فروردين99,284,4177,3927362701,932773,958100,969999,37226,3.99,940235,7462,0.8,909122,969999,1399-8-6
217,درازك,دارويي‌ رازك‌,281,454600,15018700280,33990,32700,32410,-1580,-4.65,33690,-300,-0.88,32400,35540,1399-8-6
218,حريل,ريل پردازسير,279,2358263,8586435583,3832,3641,3641,-191,-4.98,3796,-36,-0.94,3641,3641,1399-8-6
219,ثمسكن,سرمايه‌گذاري‌ مسكن‌,279,2741694,16318466440,6260,5950,5950,-310,-4.95,6150,-110,-1.76,5950,6020,1399-8-6
220,ما,بيمه  ما,276,4505018,27745715370,6450,6150,6130,-320,-4.96,6290,-160,-2.48,6130,6450,1399-8-6
221,سمازن,سيمان‌مازندران‌,274,1313657,11294337190,9020,8570,8570,-450,-4.99,8920,-100,-1.11,8570,8930,1399-8-6
222,كحافظ,كاشي‌ وسراميك‌ حافظ‌,273,550651,13105493800,25050,23800,23800,-1250,-4.99,24710,-340,-1.36,23800,23800,1399-8-6
223,پارسيانح,ح.بيمه پارسيان,271,1410712,12980362630,9130,9210,9100,-30,-0.33,9200,70,0.77,8670,9600,1399-8-6
224,دامين,داروسازي‌ امين‌,270,1451216,17859236970,12940,12300,12300,-640,-4.95,12700,-240,-1.85,12300,12450,1399-8-6
225,كوير,توليدي فولاد سپيد فراب كوير,268,956598,13401937980,14740,14010,14010,-730,-4.95,14580,-160,-1.09,14010,14010,1399-8-6
226,فايرا,آلومينيوم‌ايران‌,267,2229038,43412108230,19990,19010,19000,-990,-4.95,19510,-480,-2.4,19000,20700,1399-8-6
227,دتمادح,ح . توليدمواداوليه‌داروپخش‌,260,224247,7732714950,35430,35000,35190,-240,-0.68,34480,-950,-2.68,33660,36200,1399-8-6
228,تسه9812,امتياز تسهيلات مسكن اسفند98,259,3019,2828494027,919684,965000,950000,30316,3.3,936898,17214,1.87,912250,965668,1399-8-6
229,گوهران,سرمايه گذاري توسعه گوهران اميد,258,1010812,8505887758,8732,8740,8296,-436,-4.99,8675,-57,-0.65,8296,8740,1399-8-6
230,تايرا,تراكتورسازي‌ايران‌,257,960171,21319378990,23000,21850,21850,-1150,-5.0,22650,-350,-1.52,21850,23800,1399-8-6
231,دسبحانح,ح. سبحان دارو,255,346070,5912404000,15640,16800,17200,1560,9.97,17080,1440,9.21,16800,17200,1399-8-6
232,سكه0112پ03,سكه تمام بهارتحويلي1روزه سامان,254,114700,153432427100,1334008,1334008,1335100,1092,0.08,1337685,3677,0.28,1267308,1350000,1399-8-6
233,ضغدر1119,اختيارخ وغدير-10000-1399/11/26,248,13964,29775267000,1,2200,2132,2131,213100.0,2132,2131,213100.0,2100,2300,1399-8-6
234,فباهنر,مس‌ شهيدباهنر,246,347290,17151695790,51870,49280,49280,-2590,-4.99,50930,-940,-1.81,49280,51870,1399-8-6
235,غسالم,سالمين‌,245,1486009,7028822570,4970,4730,4730,-240,-4.83,4930,-40,-0.8,4730,4730,1399-8-6
236,شبريز,پالايش نفت تبريز,242,2864946,88183037880,32390,30780,30780,-1610,-4.97,30870,-1520,-4.69,30780,30780,1399-8-6
237,شپاكسا,پاكسان‌,241,643114,16972531700,27690,26310,26310,-1380,-4.98,27220,-470,-1.7,26310,27000,1399-8-6
238,پارسان,گسترش نفت و گاز پارسيان,239,7262192,153740604640,22280,21170,21170,-1110,-4.98,21170,-1110,-4.98,21170,21170,1399-8-6
239,كيميا,معدني كيمياي زنجان گستران,234,593836,13917192622,24664,23431,23431,-1233,-5.0,24296,-368,-1.49,23431,23668,1399-8-6
240,بترانس,ايران‌ ترانسفو,233,347580,10055489400,30450,28930,28930,-1520,-4.99,30110,-340,-1.12,28930,28930,1399-8-6
241,هصيكو402,اختيارف ت تاصيكو13500-00/02/20,232,681290,1594899890,2317,2341,2341,24,1.04,2341,24,1.04,2341,2341,1399-8-6
242,كدما,معدني‌ دماوند,227,74232,14873865840,190830,200370,200370,9540,5.0,193330,2500,1.31,200370,200370,1399-8-6
243,زعف9908پ10,زعفران9908نگين طلاي سرخ(پ),226,131551,10164768892,79722,80080,75736,-3986,-5.0,77269,-2453,-3.08,75736,80500,1399-8-6
244,آكورد,صندوق س. آرمان آتي كوثر-د,226,5484329,159440289214,29056,29075,29070,14,0.05,29072,16,0.06,29070,29075,1399-8-6
245,خفولا,خدمات فني فولاد يزد,225,428624,11743802304,28084,28000,27242,-842,-3.0,27655,-429,-1.53,27242,28888,1399-8-6
246,سكه9912پ04,سكه تمام بهارتحويل1روزه صادرات,224,78700,105738508000,1334008,1338000,1340000,5992,0.45,1343564,9556,0.72,1334000,1367350,1399-8-6
247,اتكاي,بيمه اتكايي ايرانيان,222,854552,10465299916,12777,12180,12550,-227,-1.78,12661,-116,-0.91,12139,12775,1399-8-6
248,آساس,صندوق س.آسمان آرماني سهام-س,220,142544,20608466696,148387,147000,144360,-4027,-2.71,144576,-3811,-2.57,143730,153000,1399-8-6
249,تسه9907,امتياز تسهيلات مسكن مهر99,219,7216,6644092425,929370,944000,882902,-46468,-5.0,920744,-8626,-0.93,882902,944000,1399-8-6
250,ملت,بيمه ملت,214,887690,10992352060,12930,12410,12290,-640,-4.95,12800,-130,-1.01,12290,12930,1399-8-6
251,تسه9811,امتياز تسهيلات مسكن بهمن98,212,1945,1817899940,918353,882111,936000,17647,1.92,934653,16300,1.77,882111,950000,1399-8-6
252,اخزا815,اسنادخزانه-م15بودجه98-010406,208,348157,254131285630,729184,726009,730001,817,0.11,729933,749,0.1,723099,734000,1399-8-6
253,شيران,س. صنايع‌شيميايي‌ايران,205,3304540,120615710000,38420,36500,36500,-1920,-5.0,36500,-1920,-5.0,36500,36500,1399-8-6
254,تاپكيشح,ح.تجارت الكترونيك پارسيان كيش,203,874478,5659854423,6747,6540,6410,-337,-4.99,6472,-275,-4.08,6410,6800,1399-8-6
255,سفاسي,شركت فارسيت اهواز,196,1832944,20070736800,11526,10950,10950,-576,-5.0,10950,-576,-5.0,10950,10950,1399-8-6
256,حسينا,توسعه خدمات دريايي وبندري سينا,196,359482,20348605581,59348,56400,56381,-2967,-5.0,58082,-1266,-2.13,56381,59348,1399-8-6
257,مداران,داده‌پردازي‌ايران‌,195,1620621,39981785580,25960,24680,24670,-1290,-4.97,24860,-1100,-4.24,24670,25000,1399-8-6
258,دابور,داروسازي‌ ابوريحان‌,194,772763,32596001150,44390,42180,42180,-2210,-4.98,42790,-1600,-3.6,42180,43500,1399-8-6
259,بنو,بيمه تجارت نو,194,1788843,67117389360,39494,37520,37520,-1974,-5.0,37520,-1974,-5.0,37520,37520,1399-8-6
260,كالا,بورس كالاي ايران,189,402128,18035440800,47210,44850,44850,-2360,-5.0,46260,-950,-2.01,44850,44850,1399-8-6
261,ختوقا,قطعات‌ اتومبيل‌ ايران‌,189,1078633,3980155770,3880,3690,3690,-190,-4.9,3860,-20,-0.52,3690,3690,1399-8-6
262,ددام,داروسازي زاگرس فارمد پارس,188,749040,9864864310,13860,13170,13170,-690,-4.98,13720,-140,-1.01,13170,13180,1399-8-6
263,تسه9708,امتياز تسهيلات مسكن آبان97,187,2654,2449574729,906558,900010,939000,32442,3.58,922975,16417,1.81,900000,950000,1399-8-6
264,قچار,فراوردههاي غذايي وقند چهارمحال,185,112674,22084780044,206322,196006,196006,-10316,-5.0,201503,-4819,-2.34,196006,196006,1399-8-6
265,سمتاز,سيمان ممتازان كرمان,185,207056,4489059630,21156,21780,21790,634,3.0,21271,115,0.54,21300,21790,1399-8-6
266,ساروم,سيمان‌اروميه‌,183,471000,10587552640,23480,22400,22310,-1170,-4.98,23250,-230,-0.98,22310,23890,1399-8-6
267,لسرما,سرما آفرين‌,179,1005529,27993927360,26520,27840,27840,1320,4.98,27210,690,2.6,27840,27840,1399-8-6
268,وتوشه,سرمايه‌ گذاري‌ پارس‌ توشه‌,178,741097,14212829700,20160,19240,19160,-1000,-4.96,19850,-310,-1.54,19160,19450,1399-8-6
269,دسبحان,سبحان دارو,178,1327935,22535864100,17860,16970,16970,-890,-4.98,17430,-430,-2.41,16970,17100,1399-8-6
270,دتوزيع,توزيع دارو پخش,175,220826,9253492704,44109,41904,41904,-2205,-5.0,43677,-432,-0.98,41904,41904,1399-8-6
271,اخزا821,اسنادخزانه-م21بودجه98-020906,174,259060,143263188969,562154,552002,558600,-3554,-0.63,553012,-9142,-1.63,550000,559990,1399-8-6
272,تسه9709,امتياز تسهيلات مسكن آذر97,173,1857,1719706168,913396,900010,944000,30604,3.35,926067,12671,1.39,900000,944000,1399-8-6
273,ومعلم,بيمه معلم,172,1179574,7652549876,6822,6500,6481,-341,-5.0,6772,-50,-0.73,6481,6650,1399-8-6
274,پارسيان,بيمه پارسيان,171,2568614,30157345100,12350,11740,11740,-610,-4.94,11940,-410,-3.32,11740,12000,1399-8-6
275,تسه9802,امتياز تسهيلات مسكن ارديبهشت98,171,2095,1952312054,917251,900600,934100,16849,1.84,931891,14640,1.6,900000,963113,1399-8-6
276,تسه9710,امتياز تسهيلات مسكن دي 97,168,1736,1613483273,916206,900025,944490,28284,3.09,929426,13220,1.44,890010,945000,1399-8-6
277,تاصيكو,سرمايه گذاري صدرتامين,168,5113324,50570774360,10410,9890,9890,-520,-5.0,10180,-230,-2.21,9890,9890,1399-8-6
278,تسه9809,امتياز تسهيلات مسكن آذر98,164,1777,1658887070,921862,900011,937001,15139,1.64,933532,11670,1.27,900011,949990,1399-8-6
279,فخاس,فولاد خراسان,163,501034,16319133890,34280,32570,32700,-1580,-4.61,33980,-300,-0.88,32570,33180,1399-8-6
280,ضصاد8015,اختيارخ وبصادر-3400-1399/08/11,162,6483,351965000,116,150,95,-21,-18.1,54,-62,-53.45,7,160,1399-8-6
281,كيان2,صندوق س. با درآمد ثابت كيان,160,16000000,16000000,25660,1,1,-25659,-100.0,1,-25659,-100.0,1,1,1399-8-6
282,وآيند,بانك  آينده,160,305378,8923755916,29818,29222,29222,-596,-2.0,29763,-55,-0.18,29222,29222,1399-8-6
283,فپنتا,سپنتا,160,21564,7748376480,342210,359320,359320,17110,5.0,344660,2450,0.72,359320,359320,1399-8-6
284,ثجوان,تامين مسكن جوانان,158,1871018,12468099050,7006,6670,6656,-350,-5.0,6766,-240,-3.43,6656,6790,1399-8-6
285,ثاخت,بين‌المللي‌توسعه‌ساختمان,156,1084876,4426294080,4290,4080,4080,-210,-4.9,4270,-20,-0.47,4080,4080,1399-8-6
286,سبجنو,سيمان‌ بجنورد,154,342581,10298561190,31170,29960,30050,-1120,-3.59,30930,-240,-0.77,29690,30900,1399-8-6
287,تسه9803,امتياز تسهيلات مسكن خرداد98,153,1526,1414739568,919754,916500,941000,21246,2.31,927090,7336,0.8,890000,958200,1399-8-6
288,دزهراوي,داروسازي‌زهراوي‌,153,1345928,14118784720,11040,10490,10490,-550,-4.98,10870,-170,-1.54,10490,10490,1399-8-6
289,خكرمان,گروه اقتصادي كرمان خودرو,152,2025246,9956109336,5174,4916,4916,-258,-4.99,5037,-137,-2.65,4916,4916,1399-8-6
290,ضخود1048,اختيارخ خودرو-7000-1399/10/07,151,6471,522601000,105,150,79,-26,-24.76,81,-24,-22.86,78,150,1399-8-6
291,فرآور,فرآوري‌موادمعدني‌ايران‌,151,696105,15458680020,23360,22200,22200,-1160,-4.97,22980,-380,-1.63,22200,22900,1399-8-6
292,داسوه,داروسازي‌ اسوه‌,151,284956,7195139560,26540,25220,25600,-940,-3.54,26340,-200,-0.75,25220,25900,1399-8-6
293,اخزا808,اسنادخزانه-م8بودجه98-000817,150,90839,76213979057,837569,838490,839057,1488,0.18,839001,1432,0.17,836768,841999,1399-8-6
294,ودي,بيمه  دي,149,552460,11661878140,22219,21109,21109,-1110,-5.0,21938,-281,-1.26,21109,21109,1399-8-6
295,وسبوشهر,شركت س استان بوشهر,146,1776945,2315898720,1260,1320,1320,60,4.76,1260,0,0.0,1250,1320,1399-8-6
296,بموتو,موتوژن‌,145,178422,7952602760,46910,44570,44570,-2340,-4.99,46510,-400,-0.85,44570,45000,1399-8-6
297,ثشاهد,سرمايه‌ گذاري‌ شاهد,145,107439,3820530840,37430,35560,35560,-1870,-5.0,37300,-130,-0.35,35560,35560,1399-8-6
298,درهآور,دارويي ره آورد تامين,144,209081,6105890210,30703,29180,29168,-1535,-5.0,30511,-192,-0.63,29168,30498,1399-8-6
299,تسه9711,امتياز تسهيلات مسكن بهمن 97,143,2139,1991792025,918594,915030,932500,13906,1.51,931179,12585,1.37,915021,949000,1399-8-6
300,بزاگرسح,ح . نيروگاه زاگرس كوثر,142,1846181,13578661255,7742,7355,7355,-387,-5.0,7355,-387,-5.0,7355,7355,1399-8-6
301,سهرمز,سيمان‌هرمزگان‌,141,414500,6719919390,16570,15750,15750,-820,-4.95,16520,-50,-0.3,15750,17000,1399-8-6
302,تسه9801,امتياز تسهيلات مسكن فروردين98,141,1272,1182350600,918738,900201,925000,6262,0.68,929521,10783,1.17,900000,954000,1399-8-6
303,آبين,كشت و صنعت آبشيرين,139,3184378,11677162906,3780,3667,3667,-113,-2.99,3709,-71,-1.88,3667,3676,1399-8-6
304,شجم,صنايع پتروشيمي تخت جمشيد,139,1758601,14680801148,8606,8348,8348,-258,-3.0,8431,-175,-2.03,8348,8348,1399-8-6
305,لوتوس,تامين سرمايه لوتوس پارسيان,138,1144938,16716355720,15360,14600,14600,-760,-4.95,15120,-240,-1.56,14600,14630,1399-8-6
306,ضصاد8024,اختيارخ وبصادر-5500-1399/08/11,138,6754,11363000,2,30,1,-1,-50.0,2,0,0.0,1,5,1399-8-6
307,ثفارس,عمران‌وتوسعه‌فارس‌,136,987424,7692032960,8190,7790,7790,-400,-4.88,8120,-70,-0.85,7790,7790,1399-8-6
308,تسه9808,امتياز تسهيلات مسكن آبان98,135,1764,1658158492,918989,920000,940000,21011,2.29,939999,21010,2.29,915001,952400,1399-8-6
309,ضترا1118,اختيارخ شتران-12000-1399/11/14,134,6606,14160668000,2674,0,2230,-444,-16.6,2144,-530,-19.82,2100,2500,1399-8-6
310,فاراك,ماشين‌ سازي‌ اراك‌,132,348511,2599892060,7850,7460,7460,-390,-4.97,7830,-20,-0.25,7460,7460,1399-8-6
311,تسه9806,امتياز تسهيلات مسكن شهريور98,132,2276,2131761975,922435,922435,939001,16566,1.8,936626,14191,1.54,895555,957346,1399-8-6
312,ياقوت,صندوق س ياقوت آگاه-ثابت,129,4071839,45550903900,11180,11180,11190,10,0.09,11190,10,0.09,11170,11190,1399-8-6
313,كمرجان,بازرگاني و توليدي مرجان كار,129,135003,7270451562,51290,53854,53854,2564,5.0,51631,341,0.66,53854,53854,1399-8-6
314,تكنار,مجتمع معادن مس تكنار,127,55394,5366238356,99870,96874,96874,-2996,-3.0,99061,-809,-0.81,96874,96874,1399-8-6
315,دعبيد,لابراتوارداروسازي‌  دكترعبيدي‌,127,480739,14268333520,31240,29680,29680,-1560,-4.99,30820,-420,-1.34,29680,29680,1399-8-6
316,تسه9712,امتياز تسهيلات مسكن اسفند97,127,1326,1232420949,915853,916011,935000,19147,2.09,929428,13575,1.48,916000,949995,1399-8-6
317,بكام,كارخانجات توليدي شهيد قندي,126,551567,3094290870,5900,5610,5610,-290,-4.92,5880,-20,-0.34,5610,5610,1399-8-6
318,اخزا809,اسنادخزانه-م9بودجه98-000923,125,300441,246676947805,820182,820557,822000,1818,0.22,821050,868,0.11,820500,822000,1399-8-6
319,غشهد,شهد ايران ‌,124,646586,4054094220,6590,6270,6270,-320,-4.86,6560,-30,-0.46,6270,6270,1399-8-6
320,اخزا806,اسنادخزانه-م6بودجه98-000519,124,256861,224052133608,869892,869010,872899,3007,0.35,872270,2378,0.27,868319,876000,1399-8-6
321,سخاش,سيمان‌خاش‌,122,75084,5108861610,71620,68040,68040,-3580,-5.0,71230,-390,-0.54,68040,69990,1399-8-6
322,خاتم,صندوق س خاتم ايساتيس پويا-ثابت,120,1294595,12945950000,10000,10000,10000,0,0.0,10000,0,0.0,10000,10000,1399-8-6
323,واحصا,احياء صنايع خراسان,120,454925,8623103375,18403,18955,18955,552,3.0,18633,230,1.25,18955,18955,1399-8-6
324,سكه0011پ02,سكه تمام بهارتحويلي 1روزه ملت,119,34000,45455012800,1334009,1346985,1340000,5991,0.45,1336912,2903,0.22,1321132,1349500,1399-8-6
325,خبهمن,گروه‌بهمن‌,118,875520,17475379200,21010,19960,19960,-1050,-5.0,20780,-230,-1.09,19960,19960,1399-8-6
326,خمحركه,نيرو محركه‌,118,296273,2109463760,7490,7120,7120,-370,-4.94,7470,-20,-0.27,7120,7120,1399-8-6
327,غدام,خوراك‌  دام‌ پارس‌,115,123539,26651068470,205460,215730,215730,10270,5.0,210220,4760,2.32,215730,215730,1399-8-6
328,تاپكيش,تجارت الكترونيك پارسيان كيش,115,666663,7606612174,11974,11500,11376,-598,-4.99,11883,-91,-0.76,11376,11510,1399-8-6
329,اخزا814,اسنادخزانه-م14بودجه98-010318,115,340862,251936418570,738552,740000,739011,459,0.06,739116,564,0.08,735110,742000,1399-8-6
330,ثزاگرس,سرمايه گذاري توسعه عمران زاگرس,114,343721,12216531782,34507,35542,35542,1035,3.0,35094,587,1.7,35542,35542,1399-8-6
331,وارس,سرمايه گذاري ارس صبا,113,346635,27229298370,80980,78551,78551,-2429,-3.0,78553,-2427,-3.0,78551,80000,1399-8-6
332,سقاين,سيمان‌ قائن‌,112,169384,6638167780,40850,39500,39540,-1310,-3.21,40620,-230,-0.56,39040,41990,1399-8-6
333,صايند,صندوق س. گنجينه آينده روشن-د,111,1952450,19682306050,10082,10098,10080,-2,-0.02,10081,-1,-0.01,10074,10099,1399-8-6
334,جم,پتروشيمي جم,109,2022426,84537406800,44000,41800,41800,-2200,-5.0,42040,-1960,-4.45,41800,41800,1399-8-6
335,سيستم,همكاران سيستم,107,837069,24667015540,30960,29420,29420,-1540,-4.97,30160,-800,-2.58,29420,30940,1399-8-6
336,دماوند,توليد نيروي برق دماوند,107,318335,23084699195,76333,72517,72517,-3816,-5.0,75233,-1100,-1.44,72517,72517,1399-8-6
337,دمعيار,صندوق س. توازن معيار-د,106,3193004,31872959896,9980,9999,9980,0,0.0,9982,2,0.02,9968,10000,1399-8-6
338,سبهان,سيمان‌ بهبهان‌,106,252214,14205130520,59280,56320,56320,-2960,-4.99,58390,-890,-1.5,56320,56520,1399-8-6
339,تسه9807,امتياز تسهيلات مسكن مهر98,104,1021,955944297,920037,901222,959000,38963,4.23,936282,16245,1.77,901222,960500,1399-8-6
340,غپينو,پارس‌ مينو,104,554493,3521030550,6680,6350,6350,-330,-4.94,6660,-20,-0.3,6350,6350,1399-8-6
341,دروز,داروسازي‌ روزدارو,103,401600,7252896000,19010,18060,18060,-950,-5.0,18860,-150,-0.79,18060,18060,1399-8-6
342,اخزا818,اسنادخزانه-م18بودجه98-010614,103,259519,182032785549,702900,701000,703899,999,0.14,701424,-1476,-0.21,700000,703998,1399-8-6
343,زكوثر,سرمايه گذاري كشاورزي كوثر,102,431090,8031206700,19610,18630,18630,-980,-5.0,19440,-170,-0.87,18630,18630,1399-8-6
344,دپارس,پارس‌ دارو,101,169680,18440822400,114400,108680,108680,-5720,-5.0,112110,-2290,-2.0,108680,108680,1399-8-6
345,گوهر2,صندوق سكه طلاي كيان,100,1000000,1000000,62507,1,1,-62506,-100.0,1,-62506,-100.0,1,1,1399-8-6
346,زملارد,كشاورزي و دامپروري ملارد شير,100,28343,1292129027,47988,45589,45589,-2399,-5.0,47922,-66,-0.14,45589,45589,1399-8-6
347,تشتادح,ح.صنايع توليدي اشتاد ايران‌,98,1648545,16182117720,10442,9816,9816,-626,-6.0,9816,-626,-6.0,9816,9816,1399-8-6
348,شنفت,نفت‌ پارس‌,98,872539,44612919070,53820,51130,51130,-2690,-5.0,51470,-2350,-4.37,51130,51130,1399-8-6
349,وسكهبو,س.عدالت ا. كهگيلويه وبويراحمد,98,1261751,1488866180,1130,1180,1180,50,4.42,1130,0,0.0,1180,1180,1399-8-6
350,دسانكو,داروسازي سبحان انكولوژي,98,749815,11965547770,16797,15958,15958,-839,-4.99,16572,-225,-1.34,15958,15958,1399-8-6
351,اخزا811,اسنادخزانه-م11بودجه98-001013,97,415025,337462003055,812672,812274,814900,2228,0.27,813112,440,0.05,809522,815999,1399-8-6
352,هترول911,اختيارف ت پترول-14730-99/11/15,95,500000,576000000,575,1152,1152,577,100.35,1152,577,100.35,1152,1152,1399-8-6
353,بفجر,فجر انرژي خليج فارس,95,202251,5896625350,30450,29020,28930,-1520,-4.99,30350,-100,-0.33,28930,30070,1399-8-6
354,شصفها,پتروشيمي‌ اصفهان‌,95,202606,18318041454,92181,90400,90338,-1843,-2.0,90412,-1769,-1.92,90338,92160,1399-8-6
355,دلر,داروسازي‌ اكسير,95,150434,15470615660,106110,100810,100810,-5300,-4.99,105020,-1090,-1.03,100810,108990,1399-8-6
356,دسبحا,گروه دارويي سبحان,95,540579,8919553500,17360,16500,16500,-860,-4.95,17200,-160,-0.92,16500,16500,1399-8-6
357,شپلي,پلي اكريل ايران,95,1518920,9790958320,6645,6446,6446,-199,-2.99,6541,-104,-1.57,6446,6446,1399-8-6
358,ضپاس1003,اختيارخ وپارس-3500-1399/10/30,94,2661,1231454000,530,533,430,-100,-18.87,463,-67,-12.64,386,533,1399-8-6
359,اخزا817,اسنادخزانه-م17بودجه98-010512,91,139769,99917941979,715099,711100,714785,-314,-0.04,714879,-220,-0.03,704342,716600,1399-8-6
360,ضملي8067,اختيارخ فملي -14750-1399/08/06,90,718,3133474000,5037,5000,4498,-539,-10.7,4364,-673,-13.36,4100,5200,1399-8-6
361,ضخود1043,اختيارخ خودرو-3500-1399/10/07,87,2858,1366460000,477,600,460,-17,-3.56,478,1,0.21,435,600,1399-8-6
362,دسينا,داروسازي‌ سينا,87,523349,13288165090,26720,25390,25390,-1330,-4.98,26350,-370,-1.38,25390,25450,1399-8-6
363,غشهداب,كشت و صنعت شهداب ناب خراسان,87,347980,1627502460,4923,4677,4677,-246,-5.0,4915,-8,-0.16,4677,4677,1399-8-6
364,ضصاد8012,اختيارخ وبصادر-2800-1399/08/11,86,2501,908819000,514,501,390,-124,-24.12,363,-151,-29.38,200,501,1399-8-6
365,سپاس,صندوق س. پاداش سهامداري توسعه1,86,2386735,24172999800,10120,10130,10130,10,0.1,10130,10,0.1,10120,10130,1399-8-6
366,گنجين,صندوق س. گنجينه يكم آويد-د,86,3367981,38765595501,11510,11510,11529,19,0.17,11510,0,0.0,11509,11530,1399-8-6
367,ضصاد1102,اختيارخ وبصادر-3500-1399/11/12,85,2785,1551438000,618,570,600,-18,-2.91,557,-61,-9.87,504,600,1399-8-6
368,وساپا,سرمايه‌گذاري‌ سايپا,83,228713,2104159600,9680,9200,9200,-480,-4.96,9660,-20,-0.21,9200,9200,1399-8-6
369,تسه9805,امتياز تسهيلات مسكن مرداد98,81,874,820613041,914916,882466,960661,45745,5.0,938916,24000,2.62,882466,960661,1399-8-6
370,دفرا,فرآورده‌هاي‌ تزريقي‌ ايران‌,80,618867,14711543160,24990,23750,23760,-1230,-4.92,24600,-390,-1.56,23750,25990,1399-8-6
371,اخزا820,اسنادخزانه-م20بودجه98-020806,79,100199,56268752760,570229,568000,561000,-9229,-1.62,561570,-8659,-1.52,559010,575849,1399-8-6
372,ثالوند,سرمايه گذاري مسكن الوند,78,306325,4123761858,14170,13462,13462,-708,-5.0,14105,-65,-0.46,13462,13466,1399-8-6
373,كبافق,معادن‌ بافق‌,76,93276,3066914880,34610,32880,32880,-1730,-5.0,34500,-110,-0.32,32880,32880,1399-8-6
374,كماسه,تامين‌ ماسه‌ ريخته‌گري‌,75,144676,7439239920,54120,51420,51420,-2700,-4.99,53690,-430,-0.79,51420,51420,1399-8-6
375,فيروزا,صندوق بادرآمد ثابت فيروزه آسيا,73,235736,4982468170,21100,21110,21130,30,0.14,21140,40,0.19,21110,21150,1399-8-6
376,فلات,گروه صنايع معادن فلات ايرانيان,72,200270,2634349448,13410,13008,13008,-402,-3.0,13375,-35,-0.26,13008,13789,1399-8-6
377,هاباد912,اختيارف ت آبادا-30100-99/12/12,71,96955,756345955,7613,7801,7801,188,2.47,7801,188,2.47,7801,7801,1399-8-6
378,وسناح,ح. سرمايه گذاري نيروگاهي ايران,70,369106,4358188665,12166,11803,11802,-364,-2.99,11807,-359,-2.95,11802,11825,1399-8-6
379,ثاژن,سخت آژند,70,1526592,13266084480,9052,8690,8690,-362,-4.0,8690,-362,-4.0,8690,8690,1399-8-6
380,ثنوسا,نوسازي‌وساختمان‌تهران‌,69,1840495,16674884700,9530,9060,9060,-470,-4.93,9360,-170,-1.78,9060,9060,1399-8-6
381,غمارگ,مارگارين‌,68,97365,2484754800,26860,25520,25520,-1340,-4.99,26790,-70,-0.26,25520,25520,1399-8-6
382,شفا,سرمايه گذاري شفادارو,67,625599,38982837430,65530,66000,62260,-3270,-4.99,62850,-2680,-4.09,62260,66000,1399-8-6
383,سيمرغ,سيمرغ,66,128435,2106334000,17260,16400,16400,-860,-4.98,17220,-40,-0.23,16400,16400,1399-8-6
384,پرداخت,به پرداخت ملت,66,245818,10462285360,44750,42520,42520,-2230,-4.98,44260,-490,-1.09,42520,44520,1399-8-6
385,دشيري,شيرين دارو,65,46664,8722940795,186314,180725,180725,-5589,-3.0,186582,268,0.14,180725,191890,1399-8-6
386,كسرا,سراميك‌هاي‌صنعتي‌اردكان‌,65,118988,2459481960,21750,20670,20670,-1080,-4.97,21690,-60,-0.28,20670,20670,1399-8-6
387,وهنر,گروه توسعه هنر ايران,64,1116174,4876564206,4504,4369,4369,-135,-3.0,4470,-34,-0.75,4369,4369,1399-8-6
388,بكاب,صنايع‌جوشكاب‌يزد,62,40659,5865060750,151840,144250,144250,-7590,-5.0,150850,-990,-0.65,144250,144250,1399-8-6
389,سدشت,صنايع سيمان دشتستان,62,18678,683231780,37890,36000,36090,-1800,-4.75,37870,-20,-0.05,36000,37500,1399-8-6
390,بذر,صندوق س بذر اميد آفرين-سهام,62,42968,4319090370,101950,100680,100000,-1950,-1.91,100520,-1430,-1.4,95000,104990,1399-8-6
391,وشهر,بانك شهر,62,3827561,30582212390,8153,7990,7990,-163,-2.0,8053,-100,-1.23,7990,7990,1399-8-6
392,ضصاد8020,اختيارخ وبصادر-4400-1399/08/11,61,3670,6216000,4,5,3,-1,-25.0,2,-2,-50.0,1,5,1399-8-6
393,ركيش,كارت اعتباري ايران كيش,60,1800736,23967796160,14010,13310,13310,-700,-5.0,13660,-350,-2.5,13310,13310,1399-8-6
394,وپويا,سرمايه گذاري پويا,60,198678,2194994544,11629,11048,11048,-581,-5.0,11602,-27,-0.23,11048,11048,1399-8-6
395,ضصاد8017,اختيارخ وبصادر-3800-1399/08/11,59,2457,24556000,53,30,6,-47,-88.68,10,-43,-81.13,1,30,1399-8-6
396,قهكمت,قندهكمتان‌,59,186382,7650987350,43210,41050,41050,-2160,-5.0,42860,-350,-0.81,41050,41100,1399-8-6
397,سصوفي,سيمان‌ صوفيان‌,58,122680,1573984400,13500,12830,12830,-670,-4.96,13480,-20,-0.15,12830,12830,1399-8-6
398,سهگمت,سيمان‌هگمتان‌,58,97857,1891575810,20340,19330,19330,-1010,-4.97,20300,-40,-0.2,19330,19330,1399-8-6
399,سنوين,سرمايه گذاري اقتصاد نوين,58,394864,3928068169,10147,9945,9945,-202,-1.99,10065,-82,-0.81,9945,10044,1399-8-6
400,زپارس,ملي كشت و صنعت و دامپروري پارس,58,163487,10146003220,65320,62060,62060,-3260,-4.99,64610,-710,-1.09,62060,62060,1399-8-6
401,سشرق,سيمان‌ شرق‌,57,224555,1441643100,6750,6420,6420,-330,-4.89,6740,-10,-0.15,6420,6420,1399-8-6
402,ونيرو,سرمايه‌گذاري‌نيرو,57,638061,2896796940,4770,4540,4540,-230,-4.82,4760,-10,-0.21,4540,4540,1399-8-6
403,تسه9804,امتياز تسهيلات مسكن تير98,57,990,924169260,925211,900000,936000,10789,1.17,933504,8293,0.9,900000,949000,1399-8-6
404,قشرين,قند شيرين خراسان,56,392840,6312153120,16913,16068,16068,-845,-5.0,16630,-283,-1.67,16068,16068,1399-8-6
405,اخزا812,اسنادخزانه-م12بودجه98-001111,56,274962,220437069531,801358,801628,802000,642,0.08,801700,342,0.04,801600,802000,1399-8-6
406,سبزوا,سيمان لار سبزوار,55,191163,1161506388,6395,6076,6076,-319,-4.99,6387,-8,-0.13,6076,6076,1399-8-6
407,كابگن,توليدي و صنعتي آبگينه‌,55,604200,2874179400,4664,4757,4757,93,1.99,4716,52,1.11,4757,4757,1399-8-6
408,ضخود1045,اختيارخ خودرو-4500-1399/10/07,55,1862,468193000,252,298,222,-30,-11.9,251,-1,-0.4,222,298,1399-8-6
409,اخزا816,اسنادخزانه-م16بودجه98-010503,55,150643,108925883406,725079,719185,723074,-2005,-0.28,723073,-2006,-0.28,707619,729500,1399-8-6
410,ستران,سيمان‌ تهران‌,54,57276,1824240600,33520,31850,31850,-1670,-4.98,33460,-60,-0.18,31850,31850,1399-8-6
411,ضصاد8018,اختيارخ وبصادر-4000-1399/08/11,53,2274,8929000,18,48,4,-14,-77.78,4,-14,-77.78,1,48,1399-8-6
412,ضصاد8014,اختيارخ وبصادر-3200-1399/08/11,53,1982,170131000,248,350,147,-101,-40.73,86,-162,-65.32,15,350,1399-8-6
413,شكبير,پتروشيمي اميركبير,53,122913,7038459593,59031,57261,57261,-1770,-3.0,58880,-151,-0.26,57261,58989,1399-8-6
414,هغدير912,اختيارف ت غدير-17380-99/12/16,53,119409,552147216,3349,4624,4624,1275,38.07,4624,1275,38.07,4624,4624,1399-8-6
415,آكورد2,صندوق س. آرمان آتي كوثر-د,50,5000000,5000000,29056,1,1,-29055,-100.0,1,-29055,-100.0,1,1,1399-8-6
416,كي بي سي,شركت كي بي سي,49,82170,2639794620,33816,32126,32126,-1690,-5.0,33721,-95,-0.28,32126,32130,1399-8-6
417,تصميم,صندوق س با درآمد ثابت تصميم,49,778803,11489857120,14750,14750,14770,20,0.14,14750,0,0.0,14750,14770,1399-8-6
418,شپترو,پتروشيمي آبادان,49,165749,796589694,4954,4806,4806,-148,-2.99,4948,-6,-0.12,4806,4806,1399-8-6
419,سصفها,سيمان‌اصفهان‌,49,37435,4476102950,125860,119570,119570,-6290,-5.0,125260,-600,-0.48,119570,119570,1399-8-6
420,قشهد,شهد,49,229040,6580319200,30240,28730,28730,-1510,-4.99,30030,-210,-0.69,28730,28730,1399-8-6
421,غويتا,ويتانا,49,46437,2421039432,54879,52136,52136,-2743,-5.0,54736,-143,-0.26,52136,52136,1399-8-6
422,حفارس,حمل و نقل بين المللي خليج فارس,47,228546,1010173320,4650,4420,4420,-230,-4.95,4650,0,0.0,4420,4420,1399-8-6
423,ارمغان,ص سرمايه گذاري ارمغان ايرانيان,45,211305,2140123990,10110,10130,10130,20,0.2,10130,20,0.2,10120,10130,1399-8-6
424,قپيرا,فرآورده‌هاي‌غدايي‌وقندپيرانشهر,42,14541,1166144660,81890,78900,81900,10,0.01,81850,-40,-0.05,78900,83000,1399-8-6
425,اخزا810,اسنادخزانه-م10بودجه98-001006,42,59295,48437539661,816650,816071,817000,350,0.04,816891,241,0.03,816071,822000,1399-8-6
426,صنوين,صندوق سرمايه‌گذاري صنوين-مختلط,41,59220,5932368600,101920,101000,100000,-1920,-1.88,100180,-1740,-1.71,100000,101000,1399-8-6
427,غگرجي,بيسكويت‌  گرجي‌,41,60478,1651654180,28740,27310,27310,-1430,-4.98,28690,-50,-0.17,27310,27310,1399-8-6
428,ساوه,سيمان ساوه,41,16432,862729296,55266,52503,52503,-2763,-5.0,55215,-51,-0.09,52503,52503,1399-8-6
429,زشگزا,شير و گوشت زاگرس شهركرد,41,19869,1792442097,94961,90213,90213,-4748,-5.0,94781,-180,-0.19,90213,90213,1399-8-6
430,زعف9908پ05,زعفران9908نگين زرين(پ),41,16605,1349844982,82376,80100,80000,-2376,-2.88,81291,-1085,-1.32,80000,83708,1399-8-6
431,دتوليد,داروسازي توليد دارو,40,147579,5081292549,36243,34431,34431,-1812,-5.0,36047,-196,-0.54,34431,34431,1399-8-6
432,كوثر,بيمه كوثر,40,201602,2695821944,14075,13372,13372,-703,-4.99,14033,-42,-0.3,13372,13372,1399-8-6
433,چدن,توليدي چدن سازان,40,22525,612680000,28630,27200,27200,-1430,-4.99,28610,-20,-0.07,27200,27200,1399-8-6
434,پخش,پخش البرز,40,436258,13130493284,31682,30098,30098,-1584,-5.0,31229,-453,-1.43,30098,30098,1399-8-6
435,سپاها,سيمان‌سپاهان‌,40,141490,1236622600,9190,8740,8740,-450,-4.9,9180,-10,-0.11,8740,8740,1399-8-6
436,اخزا813,اسنادخزانه-م13بودجه98-010219,40,90908,68734075553,756675,750000,756676,1,0.0,756084,-591,-0.08,738038,759999,1399-8-6
437,وصنا,گروه‌صنايع‌بهشهرايران‌,39,317961,3542085540,11720,11140,11140,-580,-4.95,11680,-40,-0.34,11140,11140,1399-8-6
438,ولصنم,ليزينگ‌صنعت‌ومعدن‌,38,136110,1030352700,7960,7570,7570,-390,-4.9,7950,-10,-0.13,7570,7570,1399-8-6
439,مرقام,ايران‌ارقام‌,38,32737,785360630,25250,23990,23990,-1260,-4.99,25230,-20,-0.08,23990,23990,1399-8-6
440,ضصاد8016,اختيارخ وبصادر-3600-1399/08/11,38,832,6389000,58,25,19,-39,-67.24,8,-50,-86.21,2,25,1399-8-6
441,بهپاك,صنعتي بهپاك,37,39336,1252418904,33514,31839,31839,-1675,-5.0,33469,-45,-0.13,31839,31839,1399-8-6
442,ضخود1040,اختيارخ خودرو-2000-1399/10/07,37,628,824181000,1403,1450,1350,-53,-3.78,1312,-91,-6.49,1241,1450,1399-8-6
443,آسام,صندوق س.آرمان سپهر آشنا-م,37,44520,4333319860,98745,101000,98490,-255,-0.26,97334,-1411,-1.43,96000,101000,1399-8-6
444,سخند,صندوق س.سپهرخبرگان نفت-د,37,184650,1865213690,10086,10100,10119,33,0.33,10101,15,0.15,10071,10119,1399-8-6
445,فنفت,صنايع تجهيزات نفت,36,413820,5919281280,14746,14304,14304,-442,-3.0,14608,-138,-0.94,14304,14304,1399-8-6
446,ضخود1046,اختيارخ خودرو-5000-1399/10/07,36,1309,250393000,223,201,200,-23,-10.31,191,-32,-14.35,158,201,1399-8-6
447,قصفها,قنداصفهان‌,36,9235,1478985250,168570,160150,160150,-8420,-4.99,168310,-260,-0.15,160150,160150,1399-8-6
448,فزرين,زرين معدن آسيا,36,31554,595013778,19849,18857,18857,-992,-5.0,19836,-13,-0.07,18857,18857,1399-8-6
449,كشم0001پ01,كشمش سبز0001خليل آباد(پ),36,1107,454121289,390693,410227,410227,19534,5.0,410227,19534,5.0,410227,410227,1399-8-6
450,ضخود1041,اختيارخ خودرو-2500-1399/10/07,35,1103,1184486000,997,1150,984,-13,-1.3,1074,77,7.72,965,1180,1399-8-6
451,وشمال,س. چشم انداز توسعه شمال,35,12583,1340504739,112139,106533,106533,-5606,-5.0,111742,-397,-0.35,106533,106533,1399-8-6
452,ثعمرا,عمران و توسعه شاهد,34,357224,6359658872,18739,17803,17803,-936,-4.99,18610,-129,-0.69,17803,17803,1399-8-6
453,پكوير,كوير تاير,33,87082,1202602420,14530,13810,13810,-720,-4.96,14510,-20,-0.14,13810,13810,1399-8-6
454,غمهرا,توليدي‌مهرام‌,33,10025,475084750,49880,47390,47390,-2490,-4.99,49860,-20,-0.04,47390,47390,1399-8-6
455,افران,صندوق س افرا نماد پايدار-ثابت,33,281605,3346647840,11870,11880,11870,0,0.0,11880,10,0.08,11860,11910,1399-8-6
456,الماس,صندوق س.امين تدبيرگران فردا-س,33,11935,1317191060,112184,110240,110200,-1984,-1.77,110364,-1820,-1.62,110200,111000,1399-8-6
457,شاوان,پالايش نفت لاوان,33,7597,756023052,104753,99516,99516,-5237,-5.0,104669,-84,-0.08,99516,99516,1399-8-6
458,وتوس,توسعه‌شهري‌توس‌گستر,33,39195,1279716750,34360,32650,32650,-1710,-4.98,34310,-50,-0.15,32650,32650,1399-8-6
459,وملي,گروه‌ صنعتي‌ ملي‌ (هلدينگ‌,32,1434,542324460,398090,378190,378190,-19900,-5.0,397860,-230,-0.06,378190,378190,1399-8-6
460,ضصاد8008,اختيارخ وبصادر-2000-1399/08/11,32,715,823570000,1302,1300,1140,-162,-12.44,1152,-150,-11.52,1050,1302,1399-8-6
461,خصدرا,صنعتي‌ دريايي‌ ايران‌,31,188401,1077465319,5895,5719,5719,-176,-2.99,5892,-3,-0.05,5719,5719,1399-8-6
462,ضملي1148,اختيارخ فملي-10140-1399/11/05,31,1278,4081365000,4902,4000,3800,-1102,-22.48,3194,-1708,-34.84,3100,4000,1399-8-6
463,زفكا,كشت و دامداري فكا,30,21654,908385300,44157,41950,41950,-2207,-5.0,44115,-42,-0.1,41950,41950,1399-8-6
464,ثاصفا,شركت‌ ساختمان‌ اصفهان‌,30,25213,679086942,27766,26934,26934,-832,-3.0,27737,-29,-0.1,26934,26934,1399-8-6
465,ضصاد8011,اختيارخ وبصادر-2600-1399/08/11,30,857,560047000,695,700,511,-184,-26.47,653,-42,-6.04,510,850,1399-8-6
466,اعتلا,شركت سرمايه گذاري اعتلاء البرز,29,384363,3701800053,10137,9631,9631,-506,-4.99,10097,-40,-0.39,9631,9631,1399-8-6
467,ورنا,سرمايه‌گذاري‌ رنا(هلدينگ‌,29,46697,430079370,9690,9210,9210,-480,-4.95,9690,0,0.0,9210,9210,1399-8-6
468,وپخش,داروپخش‌ (هلدينگ‌,28,66555,7565972400,119660,113680,113680,-5980,-5.0,118670,-990,-0.83,113680,113680,1399-8-6
469,خمهر,مهركام‌پارس‌,28,109953,761974290,7290,6930,6930,-360,-4.94,7280,-10,-0.14,6930,6930,1399-8-6
470,شفارس,صنايع‌ شيميايي‌ فارس‌,28,49572,1978418520,42010,39910,39910,-2100,-5.0,41920,-90,-0.21,39910,39910,1399-8-6
471,پيزد,مجتمع صنايع لاستيك يزد,28,6980,670519740,101118,96063,96063,-5055,-5.0,101047,-71,-0.07,96063,96063,1399-8-6
472,فسرب,ملي‌ سرب‌وروي‌ ايران‌,28,5504,690641920,132080,125480,125480,-6600,-5.0,131980,-100,-0.08,125480,125480,1399-8-6
473,كايتاح,ح.ايتالران‌,28,113291,1515385694,13002,13391,13392,390,3.0,13376,374,2.88,12650,13392,1399-8-6
474,ضفلا8082,اختيارخ فولاد-13775-1399/08/28,27,84,52432000,931,999,450,-481,-51.66,624,-307,-32.98,450,999,1399-8-6
475,تملي807,تسهيلات مسكن ب. ملي-مهر98,27,379,282812453,710674,746207,746207,35533,5.0,746207,35533,5.0,746207,746207,1399-8-6
476,غنوش,نوش‌ مازندران‌,27,18571,1323555170,75020,71270,71270,-3750,-5.0,74920,-100,-0.13,71270,71270,1399-8-6
477,داريك,صندوق س.اعتماد داريك-د,27,65729,664696004,10001,10117,10117,116,1.16,10113,112,1.12,10011,10119,1399-8-6
478,ضصاد8019,اختيارخ وبصادر-4200-1399/08/11,27,895,9273000,8,50,6,-2,-25.0,10,2,25.0,1,50,1399-8-6
479,ثترانح,ح سرمايه گذاري مسكن تهران,27,401889,1278007020,3347,3180,3180,-167,-4.99,3180,-167,-4.99,3180,3180,1399-8-6
480,ضشنا1035,اختيارخ شپنا-14000-1399/10/23,27,295,786952000,3850,2800,2500,-1350,-35.06,2668,-1182,-30.7,2500,2800,1399-8-6
481,ولملت,واسپاري ملت,25,767120,8492018400,11650,11070,11070,-580,-4.98,11550,-100,-0.86,11070,11070,1399-8-6
482,كخاك,صنايع‌خاك‌چيني‌ايران‌,25,16364,778108200,50050,47550,47550,-2500,-5.0,50010,-40,-0.08,47550,47550,1399-8-6
483,بزاگرس,نيروگاه زاگرس كوثر,25,27561,399992793,15276,14513,14513,-763,-4.99,15270,-6,-0.04,14513,14513,1399-8-6
484,وگستر,گسترش سرمايه گذاري ايرانيان,25,14854,309750462,21950,20853,20853,-1097,-5.0,21943,-7,-0.03,20853,20853,1399-8-6
485,ثروتم,صندوق س. ثروت آفرين پارسيان-س,25,13150,1199225530,92054,93997,90503,-1551,-1.68,91196,-858,-0.93,90501,93997,1399-8-6
486,دفارا,داروسازي‌ فارابي‌,25,9187,599359880,68670,65240,65240,-3430,-4.99,68630,-40,-0.06,65240,65240,1399-8-6
487,زعف9908پ15,زعفران9908پوشالمعمول طلاسرخ(پ),24,5722,472622001,80895,84375,76520,-4375,-5.41,82597,1702,2.1,76520,84375,1399-8-6
488,ضچاد1014,اختيارخ كچاد-14000-1399/10/02,24,422,952585000,2269,2200,2299,30,1.32,2257,-12,-0.53,2000,2490,1399-8-6
489,شكف,كف,24,17370,1257900660,70999,72418,72418,1419,2.0,71169,170,0.24,72418,72418,1399-8-6
490,بمپنا,توليد برق عسلويه  مپنا,24,3871,307399981,83590,79411,79411,-4179,-5.0,83563,-27,-0.03,79411,79411,1399-8-6
491,تملي712,تسهيلات مسكن ب. ملي-اسفند97,24,196,269726418,1389626,1459107,1320145,-69481,-5.0,1376155,-13471,-0.97,1320145,1459107,1399-8-6
492,شلعاب,لعابيران‌,23,50009,399071820,8390,7980,7980,-410,-4.89,8390,0,0.0,7980,7980,1399-8-6
493,تملي702,تسهيلات مسكن ب. ملي-ارديبهشت97,23,196,267573088,1321486,1387560,1387560,66074,5.0,1365169,43683,3.31,1255412,1387560,1399-8-6
494,شبصير,توليدات پتروشيمي قائد بصير,23,36380,3955706540,114455,108733,108733,-5722,-5.0,113972,-483,-0.42,108733,108733,1399-8-6
495,تملي707,تسهيلات مسكن ب. ملي-مهر97,22,229,271714414,1142978,1200126,1200126,57148,5.0,1186526,43548,3.81,1085830,1200126,1399-8-6
496,تملي705,تسهيلات مسكن ب. ملي-مرداد97,22,581,513133964,869056,912508,912508,43452,5.0,883191,14135,1.63,825604,912508,1399-8-6
497,تملي802,تسهيلات مسكن ب. ملي-ارديبهشت98,22,416,616267024,1464165,1537373,1537373,73208,5.0,1481411,17246,1.18,1390957,1537373,1399-8-6
498,شراز,پالايش نفت شيراز,22,6426,637921872,104496,99272,99272,-5224,-5.0,104424,-72,-0.07,99272,99272,1399-8-6
499,ضصاد8010,اختيارخ وبصادر-2400-1399/08/11,22,435,344553000,908,900,850,-58,-6.39,792,-116,-12.78,704,901,1399-8-6
500,ضملي8058,اختيارخ فملي -7750-1399/08/06,22,67,761377000,12333,11501,11300,-1033,-8.38,11364,-969,-7.86,11079,11514,1399-8-6
501,ضصاد8021,اختيارخ وبصادر-4600-1399/08/11,21,935,1308000,6,3,1,-5,-83.33,1,-5,-83.33,1,3,1399-8-6
502,ضشنا1036,اختيارخ شپنا-16000-1399/10/23,21,531,1065675000,2403,2051,1930,-473,-19.68,2007,-396,-16.48,1930,2070,1399-8-6
503,تملي704,تسهيلات مسكن ب. ملي-تير97,21,335,753116364,2295147,2409904,2180390,-114757,-5.0,2248108,-47039,-2.05,2180390,2409904,1399-8-6
504,تكمبا,كمباين‌ سازي‌ ايران‌,21,53415,515454750,10150,9650,9650,-500,-4.93,10140,-10,-0.1,9650,9650,1399-8-6
505,وسگلستا,شركت س استان گلستان,21,155468,183452240,1240,1180,1180,-60,-4.84,1240,0,0.0,1180,1180,1399-8-6
506,وملت,سرمايه گذاري ملت,21,44590,232848980,5328,5222,5222,-106,-1.99,5325,-3,-0.06,5222,5222,1399-8-6
507,وكار,بانك‌ كارآفرين‌,21,46213,210731280,4790,4560,4560,-230,-4.8,4790,0,0.0,4560,4560,1399-8-6
508,گپارس,امور رفاهي كارگزاران پارس,20,16335,2057180895,122269,125937,125937,3668,3.0,122625,356,0.29,125937,125937,1399-8-6
509,اوصتا,صندوق انديشه ورزان صباتامين -د,20,75223,1267511262,16842,16800,16889,47,0.28,16850,8,0.05,16800,16889,1399-8-6
510,زعف9908پ16,زعفران9908نگين بيرجند(پ),20,4280,333819579,81755,79100,77692,-4063,-4.97,77995,-3760,-4.6,77401,79100,1399-8-6
511,اخزا807,اسنادخزانه-م7بودجه98-000719,20,105270,89590407023,851892,852000,851718,-174,-0.02,851054,-838,-0.1,850000,852000,1399-8-6
512,ضملي1153,اختيارخ فملي-20280-1399/11/05,19,160,127499000,897,900,700,-197,-21.96,797,-100,-11.15,251,900,1399-8-6
513,ضصاد8013,اختيارخ وبصادر-3000-1399/08/11,19,432,134242000,417,450,203,-214,-51.32,311,-106,-25.42,101,450,1399-8-6
514,ضفلا8076,اختيارخ فولاد-8775-1399/08/28,19,175,552040000,4775,3751,3000,-1775,-37.17,3155,-1620,-33.93,3000,3800,1399-8-6
515,فجام,جام‌دارو,19,22790,1138132600,52560,49940,49940,-2620,-4.98,52500,-60,-0.11,49940,49940,1399-8-6
516,كلوند,كاشي‌ الوند,19,24514,496898780,21330,20270,20270,-1060,-4.97,21320,-10,-0.05,20270,20270,1399-8-6
517,كساوه,صنايع‌ كاشي‌ و سراميك‌ سينا,19,16678,670955940,42340,40230,40230,-2110,-4.98,42310,-30,-0.07,40230,40230,1399-8-6
518,كصدف,كاشي صدف سرام استقلال آباده,19,33831,626245641,17972,18511,18511,539,3.0,17988,16,0.09,18511,18511,1399-8-6
519,دبالك,مواد اوليه دارويي البرز بالك,19,102211,1508225516,15532,14756,14756,-776,-5.0,15507,-25,-0.16,14756,14756,1399-8-6
520,گكوثر,هتل پارسيان كوثر اصفهان,19,2450,338232300,145319,138054,138054,-7265,-5.0,145267,-52,-0.04,138054,138054,1399-8-6
521,ساينا,صنايع بهداشتي ساينا,19,29567,5270909090,187652,178270,178270,-9382,-5.0,186591,-1061,-0.57,178270,178270,1399-8-6
522,اخزا721,اسنادخزانه-م21بودجه97-000728,19,139993,118645601767,848158,847167,847167,-991,-0.12,847511,-647,-0.08,847167,855000,1399-8-6
523,كمنگنز,معادن‌منگنزايران‌,18,6485,657060200,106650,101320,101320,-5330,-5.0,106580,-70,-0.07,101320,101320,1399-8-6
524,ديران,ايران‌دارو,18,96773,1767074980,19220,18260,18260,-960,-4.99,19180,-40,-0.21,18260,18260,1399-8-6
525,دارو,كارخانجات‌داروپخش‌,18,7121,391512580,57870,54980,54980,-2890,-4.99,57850,-20,-0.03,54980,54980,1399-8-6
526,زعف9908پ11,زعفران9908نگين سحرخيز(پ),18,4060,339854480,82388,83708,83708,1320,1.6,83708,1320,1.6,83708,83708,1399-8-6
527,دلقما,دارويي‌ لقمان‌,18,365347,12198936330,35140,33390,33390,-1750,-4.98,34690,-450,-1.28,33390,33390,1399-8-6
528,وليز,ليزينگ‌ايران‌,18,99261,884415510,9370,8910,8910,-460,-4.91,9360,-10,-0.11,8910,8910,1399-8-6
529,خلنت,لنت‌ ترمزايران‌,18,8765,767375750,92150,87550,87550,-4600,-4.99,92080,-70,-0.08,87550,87550,1399-8-6
530,بميلا,توسعه بازرگاني آهن وفولادميلاد,17,480527,9215066279,19770,19177,19177,-593,-3.0,19325,-445,-2.25,19177,19177,1399-8-6
531,زعف9908پ08,زعفران9908نگين روستا(پ),17,2533,205591864,84584,83708,80000,-4584,-5.42,81165,-3419,-4.04,80000,83708,1399-8-6
532,ضترا8022,اختيارخ شتران-4593-1399/08/11,17,30,241937795,5661,5003,5399,-262,-4.63,4730,-931,-16.45,4033,5900,1399-8-6
533,زعف9908پ17,زعفران9908پوشالمعمول بيرجند(پ),17,6911,530922697,76531,82000,76341,-190,-0.25,76823,292,0.38,76341,82000,1399-8-6
534,بالاس,مهندسي ساختمان تاسيسات راه آهن,17,403456,18834536448,49140,46683,46683,-2457,-5.0,48166,-974,-1.98,46683,46683,1399-8-6
535,ولشرق,ليزينگ ايران و شرق,17,328254,2240005296,7183,6824,6824,-359,-5.0,7166,-17,-0.24,6824,6824,1399-8-6
536,ضچاد1017,اختيارخ كچاد-20000-1399/10/02,17,202,211596000,1200,1300,898,-302,-25.17,1048,-152,-12.67,560,1400,1399-8-6
537,اخزا903,اسنادخزانه-م3بودجه99-011110,17,49870,32369532670,650369,654999,651000,631,0.1,649078,-1291,-0.2,645539,654999,1399-8-6
538,فنورد,نوردوقطعات‌ فولادي‌,17,55400,8193660000,140860,147900,147900,7040,5.0,141950,1090,0.77,147900,147900,1399-8-6
539,ضفلا8085,اختيارخ فولاد-16775-1399/08/28,17,94,21965000,433,335,199,-234,-54.04,234,-199,-45.96,166,335,1399-8-6
540,وسيزد,شركت س استان يزد,16,258097,343269010,1270,1330,1330,60,4.72,1270,0,0.0,1330,1330,1399-8-6
541,لكما,كارخانجات‌مخابراتي‌ايران‌,16,52268,562090072,11086,10754,10754,-332,-2.99,11076,-10,-0.09,10754,10754,1399-8-6
542,پست9908-02,پسته فندقي32-30طلاسبززرند9908,16,2683,3482111335,1325737,1259453,1260612,-65125,-4.91,1297842,-27895,-2.1,1259453,1309831,1399-8-6
543,ساذريح,ح . آذريت‌,16,393777,2567032263,6720,6519,6519,-201,-2.99,6519,-201,-2.99,6519,6519,1399-8-6
544,قاسم,قاسم ايران,16,21314,274204610,13542,12865,12865,-677,-5.0,13538,-4,-0.03,12865,12865,1399-8-6
545,دتماد,توليدمواداوليه‌داروپخش‌,16,153905,6938037400,47450,45080,45080,-2370,-4.99,47090,-360,-0.76,45080,45080,1399-8-6
546,آريان,سرمايه گذاري پارس آريان,16,180576,2480933664,14163,13739,13739,-424,-2.99,14152,-11,-0.08,13739,13739,1399-8-6
547,وساربيل,شركت س استان اردبيل,16,95788,117819240,1290,1230,1230,-60,-4.65,1290,0,0.0,1230,1230,1399-8-6
548,غفارس,شير پاستوريزه پگاه فارس,16,47341,451917186,10048,9546,9546,-502,-5.0,10043,-5,-0.05,9546,9546,1399-8-6
549,ضغدر8036,اختيارخ وغدير-9500-1399/08/26,15,109,129708000,1584,1550,1400,-184,-11.62,1190,-394,-24.87,1100,1550,1399-8-6
550,سرود,سيمان‌شاهرود,15,112769,1585532140,14790,14060,14060,-730,-4.94,14770,-20,-0.14,14060,14060,1399-8-6
551,داوه,داروسازي آوه سينا,15,29019,476840208,17296,16432,16432,-864,-5.0,17287,-9,-0.05,16432,16432,1399-8-6
552,قشكر,شكرشاهرود,15,23908,846343200,37260,35400,35400,-1860,-4.99,37230,-30,-0.08,35400,35400,1399-8-6
553,اخزا804,اسنادخزانه-م4بودجه98-000421,15,16743,14843140880,886222,886395,886895,673,0.08,886528,306,0.03,886395,886895,1399-8-6
554,اخزا718,اسنادخزانه-م18بودجه97-000525,15,199132,173447423642,871051,871051,870969,-82,-0.01,871017,-34,0.0,870969,871051,1399-8-6
555,فلوله,لوله‌وماشين‌سازي‌ايران‌,15,23906,522346100,22990,21850,21850,-1140,-4.96,22980,-10,-0.04,21850,21850,1399-8-6
556,فيروزه2,صندوق شاخص30 شركت فيروزه- سهام,15,150000,150000,156740,1,1,-156739,-100.0,1,-156739,-100.0,1,1,1399-8-6
557,تبرك,گروه كارخانجات صنعتي تبرك,14,31901,850034046,28048,26646,26646,-1402,-5.0,28023,-25,-0.09,26646,26646,1399-8-6
558,قنيشا,قند  نيشابور,14,8421,759489990,94930,90190,90190,-4740,-4.99,94850,-80,-0.08,90190,90190,1399-8-6
559,زدشت,كشت و صنعت دشت خرم دره,14,21154,762390160,37936,36040,36040,-1896,-5.0,37906,-30,-0.08,36040,36040,1399-8-6
560,ضترا8040,اختيارخ شتران-16326-1399/08/11,14,156,1502105,18,13,5,-13,-72.22,6,-12,-66.67,5,13,1399-8-6
561,شتوكا,توكا رنگ فولاد سپاهان,14,15510,400716360,27195,25836,25836,-1359,-5.0,27183,-12,-0.04,25836,25836,1399-8-6
562,شدوص,دوده‌ صنعتي‌ پارس‌,14,43722,868318920,20900,19860,19860,-1040,-4.98,20880,-20,-0.1,19860,19860,1399-8-6
563,لپارس,پارس‌ الكتريك‌,14,575,192987250,353290,335630,335630,-17660,-5.0,353220,-70,-0.02,335630,335630,1399-8-6
564,كپرور,فرآوري زغال سنگ پروده طبس,14,31485,1435180755,47982,45583,45583,-2399,-5.0,47909,-73,-0.15,45583,45583,1399-8-6
565,ضمخا1024,اختيارخ اخابر-14000-1399/10/30,13,244,599602000,2596,2500,2600,4,0.15,2457,-139,-5.35,2300,2600,1399-8-6
566,هصادر912,اختيارف ت صادرات-3750-99/12/23,13,1000000,1000000,1,1,1,0,0.0,1,0,0.0,1,1,1399-8-6
567,دكيمي,كيميدارو,13,4836,106875600,23260,22100,22100,-1160,-4.99,23260,0,0.0,22100,22100,1399-8-6
568,خريخت,صنايع‌ريخته‌گري‌ايران‌,13,85352,413103680,5090,4840,4840,-250,-4.91,5090,0,0.0,4840,4840,1399-8-6
569,زمگسا,كشاورزي‌ ودامپروي‌ مگسال‌,13,25003,649327910,27330,25970,25970,-1360,-4.98,27310,-20,-0.07,25970,25970,1399-8-6
570,اخزا722,اسنادخزانه-م22بودجه97-000428,13,133189,117622863071,883902,884201,882569,-1333,-0.15,883127,-775,-0.09,882568,884201,1399-8-6
571,ثشرق,سرمايه گذاري مسكن شمال شرق,13,145898,819946760,5910,5620,5620,-290,-4.91,5900,-10,-0.17,5620,5620,1399-8-6
572,ضصاد8009,اختيارخ وبصادر-2200-1399/08/11,13,441,414160000,1143,1100,940,-203,-17.76,939,-204,-17.85,901,1100,1399-8-6
573,ضملي1152,اختيارخ فملي-18252-1399/11/05,13,517,535015000,1480,700,1200,-280,-18.92,1035,-445,-30.07,700,1200,1399-8-6
574,ساربيل,سيمان آرتا اردبيل,13,17975,1117326000,65430,62160,62160,-3270,-5.0,65350,-80,-0.12,62160,62160,1399-8-6
575,سباقر,سيمان باقران,13,15790,252450520,16482,15988,15988,-494,-3.0,16475,-7,-0.04,15988,15988,1399-8-6
576,كهرام,توليدي گرانيت بهسرام,13,1866,108216804,59787,57994,57994,-1793,-3.0,59777,-10,-0.02,57994,57994,1399-8-6
577,دشيمي,شيمي‌ داروئي‌ داروپخش‌,13,24283,1488305070,64510,61290,61290,-3220,-4.99,64410,-100,-0.16,61290,61290,1399-8-6
578,شستا991,اجاره تامين اجتماعي-امين991226,13,139,140498949,988424,1019980,1000001,11577,1.17,1010784,22360,2.26,1000000,1019990,1399-8-6
579,وثنو,سرمايه گذاري ساختماني نوين,13,17123,251588239,15147,14693,14693,-454,-3.0,15141,-6,-0.04,14693,14693,1399-8-6
580,سكرد,سيمان كردستان,12,36917,364739960,10400,9880,9880,-520,-5.0,10400,0,0.0,9880,9880,1399-8-6
581,شتولي,تولي‌پرس‌,12,42861,936641433,21425,21853,21853,428,2.0,21464,39,0.18,21853,21853,1399-8-6
582,غگلستا,شير پاستوريزه پگاه گلستان,12,37034,559917046,15914,15119,15119,-795,-5.0,15905,-9,-0.06,15119,15119,1399-8-6
583,تكشا,گسترش‌صنايع‌وخدمات‌كشاورزي‌,12,5827,465810380,84140,79940,79940,-4200,-4.99,84100,-40,-0.05,79940,79940,1399-8-6
584,كرونا2,تامين مالي جمعي صرفا اهداي سود,12,11883,118830000,10000,10000,10000,0,0.0,10000,0,0.0,10000,10000,1399-8-6
585,پست9908-08,پسته فندقي32-30زرينمه ولات9908,12,514,647357844,1326121,1259451,1259451,-66670,-5.03,1259451,-66670,-5.03,1259451,1259452,1399-8-6
586,دجابر,داروسازي‌ جابرابن‌حيان‌,12,13021,480605110,38850,36910,36910,-1940,-4.99,38830,-20,-0.05,36910,36910,1399-8-6
587,ضملي8069,اختيارخ فملي -16750-1399/08/06,12,89,207474000,4332,2600,2400,-1932,-44.6,2331,-2001,-46.19,2200,2600,1399-8-6
588,ميهن,بيمه ميهن,12,26869,134936118,5286,5022,5022,-264,-4.99,5285,-1,-0.02,5022,5022,1399-8-6
589,حخزر,كشتيراني درياي خزر,12,48708,1043715024,22555,21428,21428,-1127,-5.0,22530,-25,-0.11,21428,21428,1399-8-6
590,پكويرح,ح. كوير تاير,12,55577,611347000,11000,11000,11000,0,0.0,11000,0,0.0,11000,11000,1399-8-6
591,پسهند,صنايع‌ لاستيكي‌  سهند,12,4040,199818400,52060,49460,49460,-2600,-4.99,52050,-10,-0.02,49460,49460,1399-8-6
592,سكرما,سيمان‌ كرمان‌,12,19168,264135040,14500,13780,13780,-720,-4.97,14500,0,0.0,13780,13780,1399-8-6
593,زعف9908پ09,زعفران9908نگين نوين(پ),12,2315,187013342,82388,82388,80200,-2188,-2.66,80783,-1605,-1.95,80200,83708,1399-8-6
594,اميد,تامين سرمايه اميد,11,28975,361318250,13120,12470,12470,-650,-4.95,13120,0,0.0,12470,12470,1399-8-6
595,خاور,ايران خودرو ديزل,11,49543,320245952,6663,6464,6464,-199,-2.99,6660,-3,-0.05,6464,6464,1399-8-6
596,زگلدشت,كشت و دام گلدشت نمونه اصفهان,11,3130,105549860,35496,33722,33722,-1774,-5.0,35492,-4,-0.01,33722,33722,1399-8-6
597,تملي706,تسهيلات مسكن ب. ملي-شهريور97,11,207,135225648,622157,653264,653264,31107,5.0,653264,31107,5.0,653264,653264,1399-8-6
598,مفاخر,توسعه فناوري اطلاعات خوارزمي,11,31629,1477865025,49184,46725,46725,-2459,-5.0,49107,-77,-0.16,46725,46725,1399-8-6
599,تملي806,تسهيلات مسكن ب. ملي-شهريور98,11,167,71595405,408300,428715,428715,20415,5.0,428715,20415,5.0,428715,428715,1399-8-6
600,ضگل8060,اختيارخ كگل-16100-1399/08/21,11,228,253404000,1280,1199,300,-980,-76.56,1111,-169,-13.2,300,1200,1399-8-6
601,ضملي8062,اختيارخ فملي -9750-1399/08/06,11,46,464035000,10290,10800,9850,-440,-4.28,10088,-202,-1.96,9500,10800,1399-8-6
602,وكادو,تكادو,11,22919,388774997,17487,16963,16963,-524,-3.0,17476,-11,-0.06,16963,16963,1399-8-6
603,ضملي8072,اختيارخ فملي -19750-1399/08/06,10,171,100000000,1498,999,305,-1193,-79.64,585,-913,-60.95,300,999,1399-8-6
604,ضملي1149,اختيارخ فملي-12168-1399/11/05,10,192,446600000,3027,2300,2500,-527,-17.41,2326,-701,-23.16,2300,2500,1399-8-6
605,غشصفا,شيرپاستوريزه‌پگاه‌اصفهان‌,10,3845,116003650,31750,30170,30170,-1580,-4.98,31750,0,0.0,30170,30170,1399-8-6
606,نطرين,عطرين نخ قم,10,48878,746367060,16073,15270,15270,-803,-5.0,16060,-13,-0.08,15270,15270,1399-8-6
607,لابسا,آبسال‌,10,17477,545631940,32860,31220,31220,-1640,-4.99,32840,-20,-0.06,31220,31220,1399-8-6
608,زر2,صندوق س.پشتوانه سكه طلاي زر,10,1000000,1000000,50715,1,1,-50714,-100.0,1,-50714,-100.0,1,1,1399-8-6
609,اخزا704,اسنادخزانه-م4بودجه97-991022,10,28773,28028219000,970469,974000,974000,3531,0.36,974115,3646,0.38,973000,975000,1399-8-6
610,زقيام,كشت و دام قيام اصفهان,10,4765,127559050,28178,26770,26770,-1408,-5.0,28174,-4,-0.01,26770,26770,1399-8-6
611,ضملت8037,اختيارخ وبملت-8204-1399/08/28,10,279,23566431,21,8,22,1,4.76,20,-1,-4.76,7,22,1399-8-6
612,كاسپين,داروسازي كاسپين تامين,10,54669,1344310710,25884,24590,24590,-1294,-5.0,25847,-37,-0.14,24590,24590,1399-8-6
613,شكربن,كربن‌ ايران‌,10,12037,901450930,78830,74890,74890,-3940,-5.0,78760,-70,-0.09,74890,74890,1399-8-6
614,غالبر,لبنيات‌ كالبر,10,10243,124350020,12770,12140,12140,-630,-4.93,12770,0,0.0,12140,12140,1399-8-6
615,تماوند,تامين سرمايه دماوند,10,32188,504482524,16157,15673,15673,-484,-3.0,16144,-13,-0.08,15673,15673,1399-8-6
616,شرنگي,شيميايي رنگين,10,9645,1084638120,118374,112456,112456,-5918,-5.0,118036,-338,-0.29,112456,112456,1399-8-6
617,غپاك,لبنيات‌ پاك‌,10,7772,100414240,13590,12920,12920,-670,-4.93,13590,0,0.0,12920,12920,1399-8-6
618,سرو2,صندوق س سروسودمند مدبران-سهام,10,1000000,1000000,55470,1,1,-55469,-100.0,1,-55469,-100.0,1,1,1399-8-6
619,زماهان,مجتمع توليد گوشت مرغ ماهان,10,5075,114552900,23759,22572,22572,-1187,-5.0,23756,-3,-0.01,22572,22572,1399-8-6
620,هجرت,پخش هجرت,10,5046,288706890,60226,57215,57215,-3011,-5.0,60208,-18,-0.03,57215,57215,1399-8-6
621,زكشت,كشاورزي مكانيزه اصفهان كشت,10,9310,267988350,30300,28785,28785,-1515,-5.0,30291,-9,-0.03,28785,28785,1399-8-6
622,سشمال,سيمان‌ شمال‌,10,10931,103079330,9920,9430,9430,-490,-4.94,9920,0,0.0,9430,9430,1399-8-6
623,وبهمن,سرمايه‌گذاري‌بهمن‌,10,38943,505480140,13660,12980,12980,-680,-4.98,13650,-10,-0.07,12980,12980,1399-8-6
624,ضصاد8000,اختيارخ وبصادر-1200-1399/08/11,9,128,257372000,2200,2200,1910,-290,-13.18,2011,-189,-8.59,1910,2200,1399-8-6
625,پست9908-04,پسته فندقي32-30سبزدانه9908,9,1177,1540339694,1326319,1325666,1309831,-16488,-1.24,1308700,-17619,-1.33,1259451,1325666,1399-8-6
626,اخزا723,اسنادخزانه-م23بودجه97-000824,9,95093,79144909073,832558,838861,832000,-558,-0.07,832290,-268,-0.03,832000,838861,1399-8-6
627,ضصاد8023,اختيارخ وبصادر-5000-1399/08/11,9,314,632000,3,2,3,0,0.0,2,-1,-33.33,1,3,1399-8-6
628,سدور,سيمان‌ دورود,9,22884,178037520,8180,7780,7780,-400,-4.89,8180,0,0.0,7780,7780,1399-8-6
629,پارتا,مجتمع‌صنعتي‌آرتاويل‌تاير,9,5877,359995635,63149,61255,61255,-1894,-3.0,63126,-23,-0.04,61255,61255,1399-8-6
630,اطلس2,صندوق س.توسعه اندوخته آينده-س,9,90000,90000,175311,1,1,-175310,-100.0,1,-175310,-100.0,1,1,1399-8-6
631,فوكا,فولاد كاويان,9,9369,191408670,21061,20430,20430,-631,-3.0,21059,-2,-0.01,20430,20430,1399-8-6
632,خكاوه,سايپا ديزل,9,38840,222669720,5910,5733,5733,-177,-2.99,5908,-2,-0.03,5733,5733,1399-8-6
633,تملي801,تسهيلات مسكن ب. ملي-فروردين98,9,81,74890575,880548,924575,924575,44027,5.0,924575,44027,5.0,924575,924575,1399-8-6
634,زعف9908پ14,زعفران9908پوشالمعمول نوين(پ),9,749,59584865,80358,82999,76360,-3998,-4.98,79553,-805,-1.0,76360,82999,1399-8-6
635,زبينا,كشاورزي و دامپروري بينالود,9,2963,123939327,44030,41829,41829,-2201,-5.0,44024,-6,-0.01,41829,41829,1399-8-6
636,اخزا902,اسنادخزانه-م2بودجه99-011019,9,9911,6506379666,659600,657650,665890,6290,0.95,656481,-3119,-0.47,655800,665890,1399-8-6
637,بسويچ,پارس‌سويچ‌,9,18581,759033850,42990,40850,40850,-2140,-4.98,42960,-30,-0.07,40850,40850,1399-8-6
638,تملي709,تسهيلات مسكن ب. ملي-آذر97,8,92,70553604,730369,766887,766887,36518,5.0,766887,36518,5.0,766887,766887,1399-8-6
639,فبيرا,بسته‌ بندي‌ ايران‌,8,15567,76589640,5072,4920,4920,-152,-3.0,5071,-1,-0.02,4920,4920,1399-8-6
640,ثنظام,س. ساختماني نظام مهندسي ايران,8,6162,263148210,44025,42705,42705,-1320,-3.0,44007,-18,-0.04,42705,42705,1399-8-6
641,سخواف,سيمان مجد خواف,8,18536,299152504,16638,16139,16139,-499,-3.0,16630,-8,-0.05,16139,16139,1399-8-6
642,ضترا8018,اختيارخ شتران-3421-1399/08/11,8,8,84399205,7100,7501,4500,-2600,-36.62,6188,-912,-12.85,4500,7501,1399-8-6
643,سغرب,سيمان‌غرب‌,8,89862,1657055280,19410,18440,18440,-970,-5.0,19380,-30,-0.15,18440,18440,1399-8-6
644,معيار,سرمايه گذاري معيار صنعت پارس,8,10046,287094588,29768,28578,28578,-1190,-4.0,29732,-36,-0.12,28578,28578,1399-8-6
645,غشاذر,پگاه‌آذربايجان‌غربي‌,8,22447,438165440,20540,19520,19520,-1020,-4.97,20530,-10,-0.05,19520,19520,1399-8-6
646,ضفلا8091,اختيارخ فولاد-25775-1399/08/28,8,202,14817000,100,4,100,0,0.0,73,-27,-27.0,4,100,1399-8-6
647,وسيلام,شركت س استان ايلام,8,54880,64758400,1240,1180,1180,-60,-4.84,1240,0,0.0,1180,1180,1399-8-6
648,كپشير,پشم‌شيشه‌ايران‌,8,3700,63011000,17920,17030,17030,-890,-4.97,17920,0,0.0,17030,17030,1399-8-6
649,ولانا,شركت ليزينگ آريا دانا,8,200000,4562400000,23517,22812,22812,-705,-3.0,23348,-169,-0.72,22812,22812,1399-8-6
650,لبوتان,گروه‌صنعتي‌بوتان‌,8,2740,184265000,70780,67250,67250,-3530,-4.99,70770,-10,-0.01,67250,67250,1399-8-6
651,واتي,سرمايه‌ گذاري‌ آتيه‌ دماوند,8,42022,571919420,14320,13610,13610,-710,-4.96,14310,-10,-0.07,13610,13610,1399-8-6
652,گكيش,توريستي ورفاهي آبادگران كيش,8,2232,154019160,72636,69005,69005,-3631,-5.0,72607,-29,-0.04,69005,69005,1399-8-6
653,ضغدر8030,اختيارخ وغدير-6510-1399/08/26,8,104,367203000,4500,3600,3700,-800,-17.78,3531,-969,-21.53,3500,3700,1399-8-6
654,اخزا805,اسنادخزانه-م5بودجه98-000422,8,28012,24902708255,885194,889000,886901,1707,0.19,889001,3807,0.43,886801,890000,1399-8-6
655,شپاس,نفت پاسارگاد,8,209907,4706954568,23604,22424,22424,-1180,-5.0,23486,-118,-0.5,22424,22424,1399-8-6
656,ضملي8070,اختيارخ فملي -17750-1399/08/06,8,111,140769000,3417,2200,1270,-2147,-62.83,1268,-2149,-62.89,1249,2200,1399-8-6
657,قزوين,كارخانجات‌ قند قزوين‌,8,7542,224072820,31270,29710,29710,-1560,-4.99,31260,-10,-0.03,29710,29710,1399-8-6
658,ضصاد1107,اختيارخ وبصادر-7000-1399/11/12,8,370,43000000,112,150,100,-12,-10.71,116,4,3.57,100,150,1399-8-6
659,ثتران,سرمايه گذاري مسكن تهران,8,20925,116866125,5878,5585,5585,-293,-4.98,5877,-1,-0.02,5585,5585,1399-8-6
660,بنيرو,نيروترانس‌,7,1207,66771240,58230,55320,55320,-2910,-5.0,58230,0,0.0,55320,55320,1399-8-6
661,ضفلا8068,اختيارخ فولاد-4751-1399/08/28,7,84,961600080,7500,7500,7000,-500,-6.67,7119,-381,-5.08,6500,7500,1399-8-6
662,آ س پ,آ.س.پ,7,9983,120484827,12704,12069,12069,-635,-5.0,12702,-2,-0.02,12069,12069,1399-8-6
663,غبهنوش,بهنوش‌ ايران‌,7,1093,64006080,61640,58560,58560,-3080,-5.0,61640,0,0.0,58560,58560,1399-8-6
664,شفارا,پتروشيمي فارابي,7,12667,65729063,5349,5189,5189,-160,-2.99,5348,-1,-0.02,5189,5189,1399-8-6
665,خعمرا,توسعه و عمران شهرستان نائين,7,4546,71090348,15183,15638,15638,455,3.0,15185,2,0.01,15638,15638,1399-8-6
666,وايران,ليزينگ ايرانيان,7,9010,83522700,9750,9270,9270,-480,-4.92,9750,0,0.0,9270,9270,1399-8-6
667,خديزل,بهمن  ديزل,7,6275,277762875,46594,44265,44265,-2329,-5.0,46580,-14,-0.03,44265,44265,1399-8-6
668,ولتجار,واسپاري تجارت وسرمايه ايرانيان,7,121149,706662117,6140,5833,5833,-307,-5.0,6129,-11,-0.18,5833,5833,1399-8-6
669,ضملي8073,اختيارخ فملي -21750-1399/08/06,7,107,376000,800,5,3,-797,-99.63,4,-796,-99.5,3,10,1399-8-6
670,سمايه,بانك سرمايه,7,16346,149010136,9595,9116,9116,-479,-4.99,9591,-4,-0.04,9116,9116,1399-8-6
671,عيار2,صندوق س. پشتوانه طلاي مفيد,7,70000,70000,31750,1,1,-31749,-100.0,1,-31749,-100.0,1,1,1399-8-6
672,خاذين,سايپاآذين‌,7,19430,132706900,7180,6830,6830,-350,-4.87,7180,0,0.0,6830,6830,1399-8-6
673,خوساز,محورسازان‌ايران‌خودرو,7,9619,84070060,9200,8740,8740,-460,-5.0,9200,0,0.0,8740,8740,1399-8-6
674,ضغدر8037,اختيارخ وغدير-10000-1399/08/26,7,79,79008000,620,1000,1001,381,61.45,1000,380,61.29,1000,1001,1399-8-6
675,زشريف,كشت وصنعت شريف آباد,7,5751,136868049,25051,23799,23799,-1252,-5.0,25047,-4,-0.02,23799,23799,1399-8-6
676,ضترا8037,اختيارخ شتران-12806-1399/08/11,7,67,1391280,4790,100,11,-4779,-99.77,12,-4778,-99.75,10,100,1399-8-6
677,زير0003پ01,زيره سبز0003كيميابذر(پ),7,490,223973160,481048,460000,456996,-24052,-5.0,457088,-23960,-4.98,456996,460000,1399-8-6
678,ثعتما,س. ساختماني اعتماد گستر,7,3395,105282345,32643,31011,31011,-1632,-5.0,32634,-9,-0.03,31011,31011,1399-8-6
679,تملي703,تسهيلات مسكن ب. ملي-خرداد97,7,52,39520572,723820,760011,760011,36191,5.0,760011,36191,5.0,760011,760011,1399-8-6
680,صگل1411,ص اجاره گل گهر 1411-3 ماهه 17%,7,34019,33678929990,970010,1019990,990000,19990,2.06,990003,19993,2.06,970010,1019990,1399-8-6
681,كمينا,شيشه سازي مينا,7,2510,74828120,30734,29812,29812,-922,-3.0,30730,-4,-0.01,29812,29812,1399-8-6
682,زعف9908پ06,زعفران 9908پوشالمعمول زرين(پ),6,1250,97854470,83285,84375,78218,-5067,-6.08,78284,-5001,-6.0,77005,84375,1399-8-6
683,وسخراش,شركت س استان خراسان شمالي,6,32540,43278200,1390,1330,1330,-60,-4.32,1390,0,0.0,1330,1330,1399-8-6
684,ضترا8029,اختيارخ شتران-7526-1399/08/11,6,9,37005320,2728,2501,2200,-528,-19.35,2412,-316,-11.58,2200,2501,1399-8-6
685,چفيبر,فيبر ايران‌,6,12309,125305620,10710,10180,10180,-530,-4.95,10710,0,0.0,10180,10180,1399-8-6
686,خشرق,الكتريك‌ خودرو شرق‌,6,3090,59791500,20360,19350,19350,-1010,-4.96,20360,0,0.0,19350,19350,1399-8-6
687,وسكرشا,س.سهام عدالت استان كرمانشاه,6,46550,57722000,1300,1240,1240,-60,-4.62,1300,0,0.0,1240,1240,1399-8-6
688,صايپا203,صكوك مرابحه سايپا203-3ماهه 16%,6,360,348043594,954887,970000,979999,25112,2.63,966788,11901,1.25,918180,979999,1399-8-6
689,ضغدر8043,اختيارخ وغدير-16000-1399/08/26,6,91,4271000,142,50,21,-121,-85.21,47,-95,-66.9,10,50,1399-8-6
690,ضملي8068,اختيارخ فملي -15750-1399/08/06,6,52,230401000,4943,5000,3251,-1692,-34.23,4431,-512,-10.36,3251,5000,1399-8-6
691,وسزنجان,شركت س استان زنجان,6,32247,43855920,1430,1360,1360,-70,-4.9,1430,0,0.0,1360,1360,1399-8-6
692,رتكو,كنترل‌خوردگي‌تكين‌كو,6,23785,367002550,16240,15430,15430,-810,-4.99,16230,-10,-0.06,15430,15430,1399-8-6
693,سفانو,سيمان فارس نو,6,3498,105184860,31650,30070,30070,-1580,-4.99,31650,0,0.0,30070,30070,1399-8-6
694,وسخراج,شركت س استان خراسان جنوبي,6,25943,55518020,2250,2140,2140,-110,-4.89,2250,0,0.0,2140,2140,1399-8-6
695,ضترا8039,اختيارخ شتران-15153-1399/08/11,6,96,1636800,1000,10,10,-990,-99.0,10,-990,-99.0,10,10,1399-8-6
696,ضچاد1016,اختيارخ كچاد-18000-1399/10/02,6,28,17153000,2800,401,800,-2000,-71.43,613,-2187,-78.11,400,800,1399-8-6
697,سيلام,سيمان‌ ايلام‌,6,4521,46159410,10740,10210,10210,-530,-4.93,10740,0,0.0,10210,10210,1399-8-6
698,زعف9908پ13,زعفران9908پوشالمعمول روستا(پ),6,730,56827840,82323,78001,76361,-5962,-7.24,77846,-4477,-5.44,76361,78500,1399-8-6
699,وحكمت,بيمه حكمت صبا,6,13620,77797440,5888,5712,5712,-176,-2.99,5887,-1,-0.02,5712,5712,1399-8-6
700,وسمركز,شركت س استان مركزي,6,51849,68959170,1400,1330,1330,-70,-5.0,1400,0,0.0,1330,1330,1399-8-6
701,ضغدر8046,اختيارخ وغدير-19000-1399/08/26,5,118,1180000,50,10,10,-40,-80.0,10,-40,-80.0,10,10,1399-8-6
702,ضچاد1013,اختيارخ كچاد-12000-1399/10/02,5,120,300050000,11000,2510,2500,-8500,-77.27,2500,-8500,-77.27,2500,2510,1399-8-6
703,ضغدر8044,اختيارخ وغدير-17000-1399/08/26,5,69,840000,105,25,10,-95,-90.48,12,-93,-88.57,10,25,1399-8-6
704,ضغدر8047,اختيارخ وغدير-20000-1399/08/26,5,77,87000,8,2,1,-7,-87.5,1,-7,-87.5,1,2,1399-8-6
705,صينا205,صكوك منفعت سينا دارو-3ماهه 19%,5,722,722000600,1010001,1000000,1000002,-9999,-0.99,1000001,-10000,-0.99,1000000,1000002,1399-8-6
706,قشير,قند شيروان قوچان و بجنورد,5,2514,58287090,24405,23185,23185,-1220,-5.0,24404,-1,0.0,23185,23185,1399-8-6
707,ضخود1047,اختيارخ خودرو-6000-1399/10/07,5,242,36648000,131,121,191,60,45.8,151,20,15.27,121,191,1399-8-6
708,فنوال,نورد آلومينيوم‌,5,1652,55788040,35540,33770,33770,-1770,-4.98,35540,0,0.0,33770,33770,1399-8-6
709,كگاز,شيشه‌ و گاز,5,1632,39004800,25150,23900,23900,-1250,-4.97,25150,0,0.0,23900,23900,1399-8-6
710,ساذري,آذريت‌,5,13111,79701769,5790,6079,6079,289,4.99,5791,1,0.02,6079,6079,1399-8-6
711,ضترا8035,اختيارخ شتران-11046-1399/08/11,5,5,1706705,1500,101,300,-1200,-80.0,200,-1300,-86.67,101,300,1399-8-6
712,ولبهمن,شركت بهمن ليزينگ,5,4750,43324750,9601,9121,9121,-480,-5.0,9601,0,0.0,9121,9121,1399-8-6
713,ضفلا8087,اختيارخ فولاد-18775-1399/08/28,5,94,4815000,50,55,50,0,0.0,51,1,2.0,50,55,1399-8-6
714,جهرم,پتروشيمي جهرم,5,30250,98161250,3345,3245,3245,-100,-2.99,3344,-1,-0.03,3245,3245,1399-8-6
715,غپآذر,شير پگاه آذربايجان شرقي,5,2038,106693376,55107,52352,52352,-2755,-5.0,55101,-6,-0.01,52352,52352,1399-8-6
716,دكپسول,توليد ژلاتين كپسول ايران,5,1963,67627313,36264,34451,34451,-1813,-5.0,36261,-3,-0.01,34451,34451,1399-8-6
717,غشوكو,شوكو پارس,5,1510,66652910,45506,44141,44141,-1365,-3.0,45501,-5,-0.01,44141,44141,1399-8-6
718,ثپرديس,سرمايه گذاري مسكن پرديس,5,12606,139838358,11676,11093,11093,-583,-4.99,11674,-2,-0.02,11093,11093,1399-8-6
719,اخزا713,اسنادخزانه-م13بودجه97-000518,4,24127,20979376240,869633,869475,870020,387,0.04,869539,-94,-0.01,869475,870100,1399-8-6
720,وسين,بيمه سينا,4,6716,134447604,20638,20019,20019,-619,-3.0,20634,-4,-0.02,20019,20019,1399-8-6
721,اراد49,مرابحه عام دولت4-ش.خ 0206,4,750000,703050000000,937030,937400,937400,370,0.04,937400,370,0.04,937400,937400,1399-8-6
722,ضپار8019,اختيارخ خپارس-3800-1399/08/18,4,24,52402000,2800,2200,2500,-300,-10.71,2183,-617,-22.04,2001,2500,1399-8-6
723,فنرژي,گسترش صنايع انرژي آذرآب,4,3435,36572445,10864,10647,10647,-217,-2.0,10863,-1,-0.01,10647,10647,1399-8-6
724,سخزر,سيمان‌ خزر,4,1177,30037040,26860,25520,25520,-1340,-4.99,26860,0,0.0,25520,25520,1399-8-6
725,ثامان,سامان‌ گستراصفهان‌,4,4000,85600000,22520,21400,21400,-1120,-4.97,22520,0,0.0,21400,21400,1399-8-6
726,ضصاد8002,اختيارخ وبصادر-1400-1399/08/11,4,80,149500000,2000,2000,1800,-200,-10.0,1869,-131,-6.55,1800,2000,1399-8-6
727,تملي708,تسهيلات مسكن ب. ملي-آبان97,4,60,29119620,462217,485327,485327,23110,5.0,485327,23110,5.0,485327,485327,1399-8-6
728,خكار,ايركا پارت صنعت,4,1833,59829120,34350,32640,32640,-1710,-4.98,34350,0,0.0,32640,32640,1399-8-6
729,ضغدر1120,اختيارخ وغدير-12000-1399/11/26,4,46,77150000,1,1700,1650,1649,164900.0,1677,1676,167600.0,1650,1700,1399-8-6
730,غبهار,كشت وصنعت بهاران گلبهار خراسان,4,1730,61776570,37588,35709,35709,-1879,-5.0,37582,-6,-0.02,35709,35709,1399-8-6
731,ضگل8062,اختيارخ كگل-18100-1399/08/21,4,36,435000,3570,400,1,-3569,-99.97,12,-3558,-99.66,1,400,1399-8-6
732,چافست,افست‌,4,4262,107274540,26490,25170,25170,-1320,-4.98,26490,0,0.0,25170,25170,1399-8-6
733,ضگل8059,اختيارخ كگل-15100-1399/08/21,4,71,77300000,1000,600,1000,0,0.0,1089,89,8.9,600,1100,1399-8-6
734,ضگل8065,اختيارخ كگل-23100-1399/08/21,4,120,300000,774,10,1,-773,-99.87,2,-772,-99.74,1,10,1399-8-6
735,نيرو,نيرو سرمايه,4,2500,118835000,49004,47534,47534,-1470,-3.0,48995,-9,-0.02,47534,47534,1399-8-6
736,غاذر,كشت‌وصنعت‌پياذر,4,2420,181088600,78760,74830,74830,-3930,-4.99,78750,-10,-0.01,74830,74830,1399-8-6
737,ضبدر8060,اختيارخ شبندر-29580-1399/08/18,4,4,1980000,2000,500,500,-1500,-75.0,495,-1505,-75.25,490,500,1399-8-6
738,ضصاد8001,اختيارخ وبصادر-1300-1399/08/11,4,80,157500000,2100,2100,1900,-200,-9.52,1969,-131,-6.24,1900,2100,1399-8-6
739,ضترا8023,اختيارخ شتران-4886-1399/08/11,4,6,45434840,5492,5074,4500,-992,-18.06,4441,-1051,-19.14,4000,5074,1399-8-6
740,شستا992,اجاره تامين اجتماعي-سپهر991226,4,40,40520000,1020000,1000000,1020000,0,0.0,1013000,-7000,-0.69,1000000,1020000,1399-8-6
741,وپسا,س. پتروشيمي ساختمان  خليج فارس,4,5850,29285100,5160,5006,5006,-154,-2.98,5160,0,0.0,5006,5006,1399-8-6
742,ضگل8058,اختيارخ كگل-14100-1399/08/21,4,237,725000000,1300,3000,5000,3700,284.62,3059,1759,135.31,3000,5000,1399-8-6
743,ساراب,سيمان‌ داراب‌,4,6433,74944450,12260,11650,11650,-610,-4.98,12260,0,0.0,11650,11650,1399-8-6
744,پست0008پ08,پسته فندقي32-30مه ولات0008(پ),4,30,48400000,1672313,1630000,1600000,-72313,-4.32,1613333,-58980,-3.53,1600000,1630000,1399-8-6
745,فولاي,صنايع فولاد آلياژي يزد,4,2530,125065490,52034,49433,49433,-2601,-5.0,52027,-7,-0.01,49433,49433,1399-8-6
746,ضفلا8083,اختيارخ فولاد-14775-1399/08/28,4,8,6322000,642,500,890,248,38.63,790,148,23.05,483,890,1399-8-6
747,ضسپا8020,اختيارخ خساپا-2800-1399/08/26,4,40,2460000,114,65,60,-54,-47.37,61,-53,-46.49,60,65,1399-8-6
748,زير0003پ04,زيره سبز0003شركت مينوبذر(پ),4,120,54899600,471791,460000,456996,-14795,-3.14,457497,-14294,-3.03,456996,460000,1399-8-6
749,سجام,مجتمع سيمان غرب آسيا,4,2082,21804786,10796,10473,10473,-323,-2.99,10796,0,0.0,10473,10473,1399-8-6
750,خكمك,كمك‌فنرايندامين‌,4,2710,143467400,55720,52940,52940,-2780,-4.99,55710,-10,-0.02,52940,52940,1399-8-6
751,ثغرب,شركت سرمايه گذاري مسكن شمالغرب,4,4334,56051622,13613,12933,12933,-680,-5.0,13612,-1,-0.01,12933,12933,1399-8-6
752,اشاد9,مشاركت دولتي9-شرايط خاص990909,4,70700,70485806300,997857,997000,994009,-3848,-0.39,996970,-887,-0.09,994009,997000,1399-8-6
753,ضملت8027,اختيارخ وبملت-4100-1399/08/28,3,15,42321020,890,700,680,-210,-23.6,681,-209,-23.48,680,700,1399-8-6
754,ضملت8025,اختيارخ وبملت-3616-1399/08/28,3,14,64848060,1350,1000,1130,-220,-16.3,1119,-231,-17.11,1000,1130,1399-8-6
755,خنصير,مهندسي‌نصيرماشين‌,3,328,15583280,50010,47510,47510,-2500,-5.0,50010,0,0.0,47510,47510,1399-8-6
756,سنير,سيمان‌ سفيد ني‌ريز,3,604,47498560,82770,78640,78640,-4130,-4.99,82770,0,0.0,78640,78640,1399-8-6
757,لپيام,گسترش صنايع پيام,3,1613,49770728,31810,30856,30856,-954,-3.0,31808,-2,-0.01,30856,30856,1399-8-6
758,ضبدر8058,اختيارخ شبندر-25580-1399/08/18,3,45,80000000,15000,2500,2000,-13000,-86.67,1778,-13222,-88.15,1500,2500,1399-8-6
759,حپارسا,توسعه حمل و نقل ريلي پارسيان,3,918,27165456,31149,29592,29592,-1557,-5.0,31148,-1,0.0,29592,29592,1399-8-6
760,شرق1400,مشاركت ليزينگ ايران وشرق140010,3,950,978950000,1035377,1031000,1030000,-5377,-0.52,1030474,-4903,-0.47,1030000,1031000,1399-8-6
761,ضملي8059,اختيارخ فملي -8250-1399/08/06,3,19,205559000,13400,10714,10815,-2585,-19.29,10819,-2581,-19.26,10714,10840,1399-8-6
762,اخزا720,اسنادخزانه-م20بودجه97-000324,3,7987,7164360288,897000,897000,897003,3,0.0,897003,3,0.0,897000,897003,1399-8-6
763,صگل411,ص اجاره گل گهر 411- 3 ماهه 17%,3,22,21754980,968640,951010,999990,31350,3.24,988863,20223,2.09,951010,1000000,1399-8-6
764,ضفلا8080,اختيارخ فولاد-11775-1399/08/28,3,26,27800000,1946,1100,1050,-896,-46.04,1069,-877,-45.07,1050,1100,1399-8-6
765,ضبدر8056,اختيارخ شبندر-21580-1399/08/18,3,11,67030000,7500,6500,6500,-1000,-13.33,6094,-1406,-18.75,5010,6500,1399-8-6
766,اشاد10,مشاركت دولتي10-شرايط خاص001226,3,6300,6029100000,957000,957000,957000,0,0.0,957000,0,0.0,957000,957000,1399-8-6
767,گكيشح,ح.توريستي ورفاهي آبادگران كيش,3,108909,5445450000,50336,50000,50000,-336,-0.67,50000,-336,-0.67,50000,50000,1399-8-6
768,نمرينو,ايران‌ مرينوس‌,3,3660,200494800,57660,54780,54780,-2880,-4.99,57650,-10,-0.02,54780,54780,1399-8-6
769,تملي804,تسهيلات مسكن ب. ملي-تير98,3,52,31639868,579485,608459,608459,28974,5.0,608459,28974,5.0,608459,608459,1399-8-6
770,ضبدر8070,اختيارخ شبندر-59580-1399/08/18,3,27,71000,16,3,1,-15,-93.75,3,-13,-81.25,1,3,1399-8-6
771,خفنر,فنرسازي‌خاور,3,3796,70681520,19590,18620,18620,-970,-4.95,19590,0,0.0,18620,18620,1399-8-6
772,شمواد,توليد مواداوليه الياف مصنوعي,3,169,10617594,64769,62826,62826,-1943,-3.0,64768,-1,0.0,62826,62826,1399-8-6
773,ضپاس1000,اختيارخ وپارس-2000-1399/10/30,3,150,216600000,1809,1470,1430,-379,-20.95,1444,-365,-20.18,1430,1470,1399-8-6
774,ضترا8027,اختيارخ شتران-6353-1399/08/11,3,11,43000100,3985,2272,2272,-1713,-42.99,2293,-1692,-42.46,2272,2500,1399-8-6
775,ضپنا1021,اختيارخ رمپنا-16106-1399/10/09,3,56,207340000,3500,2500,2500,-1000,-28.57,2500,-1000,-28.57,2500,2500,1399-8-6
776,شسم,توليد سموم‌ علف‌ كش,3,458,37931102,81196,82819,82819,1623,2.0,81202,6,0.01,82819,82819,1399-8-6
777,زعف9908پ12,زعفران9908پوشالمعمول سحرخيز(پ),3,1848,155925000,84133,84375,84375,242,0.29,84375,242,0.29,84375,84375,1399-8-6
778,پلاسك,پلاسكوكار,3,15509,130120510,8830,8390,8390,-440,-4.98,8830,0,0.0,8390,8390,1399-8-6
779,زنگان,صنعت روي زنگان,3,131,20076667,161323,153257,153257,-8066,-5.0,161320,-3,0.0,153257,153257,1399-8-6
780,دقاضي,داروسازي شهيد قاضي,3,2143,193178592,92931,90144,90144,-2787,-3.0,92903,-28,-0.03,90144,90144,1399-8-6
781,ضگل8055,اختيارخ كگل-11100-1399/08/21,3,25,87000000,3000,3000,1500,-1500,-50.0,3480,480,16.0,1500,8000,1399-8-6
782,بالبر,كابل‌ البرز,3,1317,29895900,23890,22700,22700,-1190,-4.98,23890,0,0.0,22700,22700,1399-8-6
783,ضفلا8081,اختيارخ فولاد-12775-1399/08/28,3,3,3217000,1129,1205,811,-318,-28.17,1072,-57,-5.05,811,1205,1399-8-6
784,اتكام,شركت بيمه اتكايي امين,3,21316,169227724,8356,7939,7939,-417,-4.99,8355,-1,-0.01,7939,7939,1399-8-6
785,لازما,كارخانه هاي صنعتي آزمايش,3,699,21059472,31383,30128,30128,-1255,-4.0,31380,-3,-0.01,30128,30128,1399-8-6
786,تملي805,تسهيلات مسكن ب. ملي-مرداد98,3,19,9065451,454409,477129,477129,22720,5.0,477129,22720,5.0,477129,477129,1399-8-6
787,ضفلا8088,اختيارخ فولاد-19775-1399/08/28,3,64,1774000,138,28,30,-108,-78.26,28,-110,-79.71,27,30,1399-8-6
788,قلرست,قند لرستان‌,3,1814,40016840,23220,22060,22060,-1160,-5.0,23220,0,0.0,22060,22060,1399-8-6
789,حاريا,كشتيراني آريا,2,1645,50888075,31891,30935,30935,-956,-3.0,31888,-3,-0.01,30935,30935,1399-8-6
790,ضشنا1037,اختيارخ شپنا-18000-1399/10/23,2,10,11000000,2788,1100,1100,-1688,-60.55,1100,-1688,-60.55,1100,1100,1399-8-6
791,ضخوز1014,اختيارخ فخوز-12191-1399/10/16,2,65,357500000,5517,5500,5500,-17,-0.31,5500,-17,-0.31,5500,5500,1399-8-6
792,پست0008پ09,پسته بادامي30-28مه ولات0008(پ),2,14,21799996,1591229,1540000,1599999,8770,0.55,1557143,-34086,-2.14,1540000,1599999,1399-8-6
793,بتك,كارخانجات كابل سازي‌ تك‌,2,240,8241120,33665,34338,34338,673,2.0,33666,1,0.0,34338,34338,1399-8-6
794,ضملي8066,اختيارخ فملي -13750-1399/08/06,2,40,209330000,5336,5111,5600,264,4.95,5233,-103,-1.93,5111,5600,1399-8-6
795,اراد47,مرابحه عام دولت4-ش.خ 0008,2,41600,39936000000,969000,960000,960000,-9000,-0.93,960000,-9000,-0.93,960000,960000,1399-8-6
796,ضملت8036,اختيارخ وبملت-7721-1399/08/28,2,18,1788912,99,24,24,-75,-75.76,24,-75,-75.76,24,24,1399-8-6
797,ضگل8066,اختيارخ كگل-25100-1399/08/21,2,12,110000,500,10,9,-491,-98.2,9,-491,-98.2,9,10,1399-8-6
798,صمسكن912,ص دين مسكن جنوب-ماهانه16درصد,2,500,46238000,97343,92476,92476,-4867,-5.0,92476,-4867,-5.0,92476,92476,1399-8-6
799,ضترا8031,اختيارخ شتران-8701-1399/08/11,2,3,6439785,8500,1259,1259,-7241,-85.19,1259,-7241,-85.19,1259,1259,1399-8-6
800,اجاد3,اجاره دولت-واجدشرايط خاص991118,2,100000,97605000000,929572,976050,976050,46478,5.0,976050,46478,5.0,976050,976050,1399-8-6
801,كقزوي,شيشه‌ قزوين‌,2,1604,14573944,9366,9086,9086,-280,-2.99,9366,0,0.0,9086,9086,1399-8-6
802,ضبدر8061,اختيارخ شبندر-31580-1399/08/18,2,2,500000,2333,200,300,-2033,-87.14,250,-2083,-89.28,200,300,1399-8-6
803,ضصاد8022,اختيارخ وبصادر-4800-1399/08/11,2,50,100000,2,2,2,0,0.0,2,0,0.0,2,2,1399-8-6
804,ضترا8038,اختيارخ شتران-13979-1399/08/11,2,7,119350,880,10,10,-870,-98.86,10,-870,-98.86,10,10,1399-8-6
805,لخزر,پارس‌ خزر,2,3000,614580000,215640,204860,204860,-10780,-5.0,215500,-140,-0.06,204860,204860,1399-8-6
806,كتوكا,توليدي و خدمات صنايع نسوز توكا,2,91,10977148,126976,120628,120628,-6348,-5.0,126975,-1,0.0,120628,120628,1399-8-6
807,خموتور,موتورسازان‌تراكتورسازي‌ايران‌,2,4734,54914400,12210,11600,11600,-610,-5.0,12210,0,0.0,11600,11600,1399-8-6
808,ضگل1142,اختيارخ كگل-16000-1399/11/21,2,2,4222000,2410,2111,2111,-299,-12.41,2111,-299,-12.41,2111,2111,1399-8-6
809,ضملي8054,اختيارخ فملي -5750-1399/08/06,2,2,27000000,27000,13500,13500,-13500,-50.0,13500,-13500,-50.0,13500,13500,1399-8-6
810,ضملي8079,اختيارخ فملي-33750-1399/08/06,2,44,44000,1,1,1,0,0.0,1,0,0.0,1,1,1399-8-6
811,كساپا,سايپاشيشه‌,2,569,10981700,20310,19300,19300,-1010,-4.97,20310,0,0.0,19300,19300,1399-8-6
812,وتعاون,بيمه  تعاون,2,3260,19974020,6316,6127,6127,-189,-2.99,6316,0,0.0,6127,6127,1399-8-6
813,ضترا8024,اختيارخ شتران-5181-1399/08/11,2,3,23116390,5927,4779,4000,-1927,-32.51,4519,-1408,-23.76,4000,4779,1399-8-6
814,ضخوز1013,اختيارخ فخوز-10667-1399/10/16,2,20,75000000,8998,2500,7500,-1498,-16.65,3750,-5248,-58.32,2500,7500,1399-8-6
815,وسنا,سرمايه گذاري نيروگاهي ايران,2,3720,59196360,16405,15913,15913,-492,-3.0,16404,-1,-0.01,15913,15913,1399-8-6
816,بايكا,كارخانجات كابلسازي ‌ايران‌,2,263,10695158,41923,40666,40666,-1257,-3.0,41922,-1,0.0,40666,40666,1399-8-6
817,پدرخش,درخشان‌ تهران‌,2,148,31950240,227240,215880,215880,-11360,-5.0,227230,-10,0.0,215880,215880,1399-8-6
818,وسالت,بانك قرض الحسنه رسالت,2,2600,11135800,4159,4283,4283,124,2.98,4159,0,0.0,4283,4283,1399-8-6
819,ضترا8017,اختيارخ شتران-3126-1399/08/11,2,2,27283410,8000,8002,8000,0,0.0,8001,1,0.01,8000,8002,1399-8-6
820,خچرخش,چرخشگر,2,888,16241520,19250,18290,18290,-960,-4.99,19250,0,0.0,18290,18290,1399-8-6
821,شستا005,اجاره تامين اجتماعي-امين001220,2,25005,24755324035,968007,1064807,990000,21993,2.27,990015,22008,2.27,990000,1064807,1399-8-6
822,ضغدر8042,اختيارخ وغدير-15000-1399/08/26,2,2,20000,222,10,10,-212,-95.5,10,-212,-95.5,10,10,1399-8-6
823,ضسپا8018,اختيارخ خساپا-2400-1399/08/26,2,16,3200000,196,200,200,4,2.04,200,4,2.04,200,200,1399-8-6
824,ضملت8033,اختيارخ وبملت-6272-1399/08/28,2,31,6203218,49,50,48,-1,-2.04,48,-1,-2.04,48,50,1399-8-6
825,ضملت8024,اختيارخ وبملت-3374-1399/08/28,2,15,80749500,2600,1250,1400,-1200,-46.15,1300,-1300,-50.0,1250,1400,1399-8-6
826,قمرو,قند مرودشت‌,2,300,10041000,35230,33470,33470,-1760,-5.0,35230,0,0.0,33470,33470,1399-8-6
827,ضپيك1022,اختيارخ تاپيكو-18000-99/10/16,2,3,7278000,2497,2439,2400,-97,-3.88,2426,-71,-2.84,2400,2439,1399-8-6
828,ثنام,س ساختماني ب نام آوران مهندسي,2,3290,68349750,21417,20775,20775,-642,-3.0,21415,-2,-0.01,20775,20775,1399-8-6
829,تملي612,تسهيلات مسكن بانك ملي-اسفند96,2,58,46400000,7207145,500000,800000,-6407145,-88.9,800000,-6407145,-88.9,800000,800000,1399-8-6
830,تملي803,تسهيلات مسكن ب. ملي-خرداد98,2,98,35355264,343589,360768,360768,17179,5.0,360768,17179,5.0,360768,360768,1399-8-6
831,ضپيك1023,اختيارخ تاپيكو-20000-99/10/16,2,40,111960000,2000,2799,2799,799,39.95,2799,799,39.95,2799,2799,1399-8-6
832,حسير,ريل سير كوثر,2,392,10247272,27516,26141,26141,-1375,-5.0,27516,0,0.0,26141,26141,1399-8-6
833,ولراز,ليزينگ رازي,2,2288,49807472,22442,21769,21769,-673,-3.0,22440,-2,-0.01,21769,21769,1399-8-6
834,آينده,بازرگاني آينده سازان بهشت پارس,2,500,11030500,22743,22061,22061,-682,-3.0,22743,0,0.0,22061,22061,1399-8-6
835,سنفت001,سلف موازي استاندارد سنفت001,2,75940,80007346400,1050680,1053560,1053560,2880,0.27,1053560,2880,0.27,1053560,1053560,1399-8-6
836,ضپنا1022,اختيارخ رمپنا-18806-1399/10/09,2,128,284352000,2500,1500,1500,-1000,-40.0,1500,-1000,-40.0,1500,1500,1399-8-6
837,اراد22,مرابحه عام دولت2-ش.خ لوتوس0212,1,3000,2460000000,806000,820000,820000,14000,1.74,820000,14000,1.74,820000,820000,1399-8-6
838,اخزا716,اسنادخزانه-م16بودجه97-000407,1,10000,8887950000,892001,888795,888795,-3206,-0.36,888795,-3206,-0.36,888795,888795,1399-8-6
839,ضمخا1026,اختيارخ اخابر-18000-1399/10/30,1,10,45000000,6515,4500,4500,-2015,-30.93,4500,-2015,-30.93,4500,4500,1399-8-6
840,صفارس0372,صكوك اجاره فارس037- 3ماهه18%,1,150000,150000000000,1000000,1000000,1000000,0,0.0,1000000,0,0.0,1000000,1000000,1399-8-6
841,كاوه2,فولاد كاوه جنوب كيش,1,6000000,114000000000,18420,19000,19000,580,3.15,19000,580,3.15,19000,19000,1399-8-6
842,ضفلا8070,اختيارخ فولاد-5775-1399/08/28,1,13,65000000,5500,5000,5000,-500,-9.09,5000,-500,-9.09,5000,5000,1399-8-6
843,تسه99062,امتياز تسهيلات مسكن شهريور99,1,5,50,929370,10,10,-929360,-100.0,10,-929360,-100.0,10,10,1399-8-6
844,فخوز2,فولاد  خوزستان,1,5000000,157500000000,32600,31500,31500,-1100,-3.37,31500,-1100,-3.37,31500,31500,1399-8-6
845,ضپيك1019,اختيارخ تاپيكو-12000-99/10/16,1,15,52500000,11271,3500,3500,-7771,-68.95,3500,-7771,-68.95,3500,3500,1399-8-6
846,ضپاس1004,اختيارخ وپارس-4000-1399/10/30,1,1,300000,501,300,300,-201,-40.12,300,-201,-40.12,300,300,1399-8-6
847,غگلپا,شير پاستوريزه پگاه گلپايگان,1,75,5332575,74843,71101,71101,-3742,-5.0,74843,0,0.0,71101,71101,1399-8-6
848,پارتين,ص.ج.پارتيان15%تاديه,1,2000,340000000,170000,170000,170000,0,0.0,170000,0,0.0,170000,170000,1399-8-6
849,گواهي ظرفيت,گواهي ظرفيت نقدي,1,3277000,34864003000,10639,10639,10639,0,0.0,10639,0,0.0,10639,10639,1399-8-6
850,ضپار1116,اختيارخ خپارس-6000-1399/11/19,1,1,2900000,4667,2900,2900,-1767,-37.86,2900,-1767,-37.86,2900,2900,1399-8-6
851,حپترو,حمل و نقل پتروشيمي( سهامي عام,1,330,9883500,31520,29950,29950,-1570,-4.98,31520,0,0.0,29950,29950,1399-8-6
852,ضفلا8060,اختيارخ فولاد-3507-1399/08/28,1,1,11416800,8850,7100,7100,-1750,-19.77,7100,-1750,-19.77,7100,7100,1399-8-6
853,ضفلا8079,اختيارخ فولاد-10775-1399/08/28,1,6,7200000,2924,1200,1200,-1724,-58.96,1200,-1724,-58.96,1200,1200,1399-8-6
854,تسه99042,امتياز تسهيلات مسكن تير99,1,6,60,924730,10,10,-924720,-100.0,10,-924720,-100.0,10,10,1399-8-6
855,ضملي8077,اختيارخ فملي -29750-1399/08/06,1,2,2000,2,1,1,-1,-50.0,1,-1,-50.0,1,1,1399-8-6
856,خپويش,سازه‌ پويش‌,1,136,5245520,40590,38570,38570,-2020,-4.98,40590,0,0.0,38570,38570,1399-8-6
857,وايرا,سرمايه گذاري صنايع ايران,1,5615,49810665,9145,8871,8871,-274,-3.0,9144,-1,-0.01,8871,8871,1399-8-6
858,اخزا8112,اسنادخزانه-م11بودجه98-001013,1,195000,158583750000,812672,813250,813250,578,0.07,813250,578,0.07,813250,813250,1399-8-6
859,مشهد0012,مشاركت شهرداري مشهد-3ماهه20%,1,6134,6072660000,990100,990000,990000,-100,-0.01,990000,-100,-0.01,990000,990000,1399-8-6
860,اشاد1,مشاركت دولتي1-شرايط خاص001026,1,1000,1025000000,1000000,1025000,1025000,25000,2.5,1025000,25000,2.5,1025000,1025000,1399-8-6
861,خمحور,توليدمحورخودرو,1,200,11216000,59030,56080,56080,-2950,-5.0,59030,0,0.0,56080,56080,1399-8-6
862,شستا002,اجاره تامين اجتماعي-تمدن000523,1,1000,1020100000,1001100,1020100,1020100,19000,1.9,1020100,19000,1.9,1020100,1020100,1399-8-6
863,تسه98052,امتياز تسهيلات مسكن مرداد98,1,10,100,914916,10,10,-914906,-100.0,10,-914906,-100.0,10,10,1399-8-6
864,اوصتا4,صندوق انديشه ورزان صباتامين -د,1,124343524,2094193631208,16842,16842,16842,0,0.0,16842,0,0.0,16842,16842,1399-8-6
865,ضفلا8071,اختيارخ فولاد-6275-1399/08/28,1,1,5000000,3500,5000,5000,1500,42.86,5000,1500,42.86,5000,5000,1399-8-6
866,ساروج,بين المللي ساروج بوشهر,1,260,5062200,20072,19470,19470,-602,-3.0,20072,0,0.0,19470,19470,1399-8-6
867,صخابر102,صكوك اجاره مخابرات-3 ماهه 16%,1,3000,2826000000,950000,942000,942000,-8000,-0.84,942000,-8000,-0.84,942000,942000,1399-8-6
868,سفار,سيمان‌فارس‌,1,113,9884110,92070,87470,87470,-4600,-5.0,92070,0,0.0,87470,87470,1399-8-6
869,مبين012,اجاره اعتماد مبين تمدن010710,1,200,185900000,948000,929500,929500,-18500,-1.95,929500,-18500,-1.95,929500,929500,1399-8-6
870,ضغدر8027,اختيارخ وغدير-5010-1399/08/26,1,10,50000000,13500,5000,5000,-8500,-62.96,5000,-8500,-62.96,5000,5000,1399-8-6
871,خودرو2,ايران‌ خودرو,1,2704,8220160,3070,3040,3040,-30,-0.98,3040,-30,-0.98,3040,3040,1399-8-6
872,اشاد92,مشاركت دولتي9-شرايط خاص990909,1,45,42667605,997857,948169,948169,-49688,-4.98,948169,-49688,-4.98,948169,948169,1399-8-6
873,اخزا7232,اسنادخزانه-م23بودجه97-000824,1,450000,375165000000,832558,833700,833700,1142,0.14,833700,1142,0.14,833700,833700,1399-8-6
874,مشير112,مشاركت شهرداري شيراز-3ماهه18%,1,666,631118250,957101,947625,947625,-9476,-0.99,947625,-9476,-0.99,947625,947625,1399-8-6
875,ضبدر8063,اختيارخ شبندر-35580-1399/08/18,1,1,1000,7000,1,1,-6999,-99.99,1,-6999,-99.99,1,1,1399-8-6
876,غپونه,نوش پونه مشهد,1,1773,28075455,16324,15835,15835,-489,-3.0,16323,-1,-0.01,15835,15835,1399-8-6
877,مصفها2032,مشاركت ش اصفهان203-3ماهه18%,1,1980000,1881000000000,950000,950000,950000,0,0.0,950000,0,0.0,950000,950000,1399-8-6
878,كروي2,توسعه‌ معادن‌ روي‌ ايران‌,1,750000,20475000000,28200,27300,27300,-900,-3.19,27300,-900,-3.19,27300,27300,1399-8-6
879,ياقوت2,صندوق س ياقوت آگاه-ثابت,1,2695000,2695000,11180,1,1,-11179,-99.99,1,-11179,-99.99,1,1,1399-8-6
880,تسه99052,امتياز تسهيلات مسكن مرداد99,1,8,80,928765,10,10,-928755,-100.0,10,-928755,-100.0,10,10,1399-8-6
881,اراد41,مرابحه عام دولت4-ش.خ 0006,1,500,522250000,1036500,1044500,1044500,8000,0.77,1044500,8000,0.77,1044500,1044500,1399-8-6
882,سنفت2991,سلف نفت خام سبك داخلي2991,1,20000,17000000000,851475,850000,850000,-1475,-0.17,850000,-1475,-0.17,850000,850000,1399-8-6
883,چكاوه,صنايع‌كاغذسازي‌كاوه‌,1,141,5025240,37510,35640,35640,-1870,-4.99,37510,0,0.0,35640,35640,1399-8-6
884,اخزا8092,اسنادخزانه-م9بودجه98-000923,1,300000,246750000000,820182,822500,822500,2318,0.28,822500,2318,0.28,822500,822500,1399-8-6
885,ضغدر8033,اختيارخ وغدير-8010-1399/08/26,1,2,2200000,8200,1100,1100,-7100,-86.59,1100,-7100,-86.59,1100,1100,1399-8-6
886,داراب,پتروشيمي داراب,1,15000,46110000,3169,3074,3074,-95,-3.0,3169,0,0.0,3074,3074,1399-8-6
887,ثاميد4,توسعه و عمران اميد,1,530000000,1526400000000,2990,2880,2880,-110,-3.68,2880,-110,-3.68,2880,2880,1399-8-6
888,صخود0012,ص مرابحه خودرو0012- 3ماهه 18%,1,5,5100000,1030000,1020000,1020000,-10000,-0.97,1020000,-10000,-0.97,1020000,1020000,1399-8-6
889,ضملت8031,اختيارخ وبملت-5306-1399/08/28,1,35,43480500,350,300,300,-50,-14.29,300,-50,-14.29,300,300,1399-8-6
890,بشهاب,لامپ‌  پارس‌ شهاب‌,1,96,6041280,66240,62930,62930,-3310,-5.0,66240,0,0.0,62930,62930,1399-8-6
891,مگچسا104,مشاركت گچساران- 3 ماهه 18%,1,993,969168000,985760,976000,976000,-9760,-0.99,976000,-9760,-0.99,976000,976000,1399-8-6
892,ضملي8057,اختيارخ فملي -7250-1399/08/06,1,1,12000000,12584,12000,12000,-584,-4.64,12000,-584,-4.64,12000,12000,1399-8-6
893,كمند2,صندوق س. با درآمد ثابت كمند,1,30000000,30000000,10140,1,1,-10139,-99.99,1,-10139,-99.99,1,1,1399-8-6
894,اعتماد4,صندوق س.اعتماد آفرين پارسيان-د,1,3600000,118908000000,33015,33030,33030,15,0.05,33030,15,0.05,33030,33030,1399-8-6
895,ضگل1141,اختيارخ كگل-14000-1399/11/21,1,5,15500000,7700,3100,3100,-4600,-59.74,3100,-4600,-59.74,3100,3100,1399-8-6
896,ضملت8026,اختيارخ وبملت-3857-1399/08/28,1,5,18634500,1200,900,900,-300,-25.0,900,-300,-25.0,900,900,1399-8-6
897,سايرا,ايرانيت‌,1,842,29912050,36250,35525,35525,-725,-2.0,36248,-2,-0.01,35525,35525,1399-8-6
898,ضغدر8040,اختيارخ وغدير-13000-1399/08/26,1,16,1600000,925,100,100,-825,-89.19,100,-825,-89.19,100,100,1399-8-6
899,گندم2,مرابحه گندم2-واجدشرايط خاص1400,1,4000,3920000000,972465,980000,980000,7535,0.77,980000,7535,0.77,980000,980000,1399-8-6
900,ضبدر1149,اختيارخ شبندر-28000-1399/11/19,1,5,47500000,10500,9500,9500,-1000,-9.52,9500,-1000,-9.52,9500,9500,1399-8-6
901,كيش1402,اجاره س. و توسعه كيش14020820,1,1000,960000000,978000,960000,960000,-18000,-1.84,960000,-18000,-1.84,960000,960000,1399-8-6
902,فسرب2,ملي‌ سرب‌وروي‌ ايران‌,1,162500,21454875000,132080,132030,132030,-50,-0.04,132030,-50,-0.04,132030,132030,1399-8-6
903,مشهد1412,مشاركت ش مشهد1412-3ماهه18%,1,4975,4875500000,980000,980000,980000,0,0.0,980000,0,0.0,980000,980000,1399-8-6
904,ضچاد1012,اختيارخ كچاد-10000-1399/10/02,1,10,50000000,6500,5000,5000,-1500,-23.08,5000,-1500,-23.08,5000,5000,1399-8-6
905,ضمخا7066,اختيارخ اخابر-12000-1400/07/28,1,10,75000000,1,7500,7500,7499,749900.0,7500,7499,749900.0,7500,7500,1399-8-6
906,وسرمد4,بيمه  سرمد,1,1831000,10500785000,5732,5735,5735,3,0.05,5735,3,0.05,5735,5735,1399-8-6
907,ضبدر8069,اختيارخ شبندر-55580-1399/08/18,1,28,28000,13,1,1,-12,-92.31,1,-12,-92.31,1,1,1399-8-6
908,ضغدر8041,اختيارخ وغدير-14000-1399/08/26,1,10,2600000,341,260,260,-81,-23.75,260,-81,-23.75,260,260,1399-8-6
909,ضبدر8071,اختيارخ شبندر-65580-1399/08/18,1,1,10000,10,10,10,0,0.0,10,0,0.0,10,10,1399-8-6
910,آساس2,صندوق س.آسمان آرماني سهام-س,1,100000,100000,148387,1,1,-148386,-100.0,1,-148386,-100.0,1,1,1399-8-6
911,ضملي1154,اختيارخ فملي-24336-1399/11/05,1,10,7800000,403,780,780,377,93.55,780,377,93.55,780,780,1399-8-6
912,افرا,افرانت,1,200,11818200,62201,59091,59091,-3110,-5.0,62200,-1,0.0,59091,59091,1399-8-6
913,ثبهساز4,بهساز كاشانه تهران,1,302000000,930160000000,3240,3080,3080,-160,-4.94,3080,-160,-4.94,3080,3080,1399-8-6
914,ضفلا8089,اختيارخ فولاد-21775-1399/08/28,1,22,858000,10,39,39,29,290.0,39,29,290.0,39,39,1399-8-6
915,ضملي8065,اختيارخ فملي -12750-1399/08/06,1,46,287960000,9299,6260,6260,-3039,-32.68,6260,-3039,-32.68,6260,6260,1399-8-6
