,نماد,نام,تعداد,حجم,ارزش,دیروز,اولین,آخرین معامله - مقدار,آخرین معامله - تغییر,آخرین معامله - درصد,قیمت پایانی - مقدار,قیمت پایانی - تغییر,قیمت پایانی - درصد,کمترین,بیشترین,تاریخ
0,شستا,سرمايه گذاري تامين اجتماعي,136906,347582228,9783787519750,27980,27200,28250,270,0.96,28150,170,0.61,26700,29000,1399-9-8
1,خودرو,ايران‌ خودرو,110912,2664906914,10248475989980,4030,3850,3840,-190,-4.71,3850,-180,-4.47,3830,3980,1399-9-8
2,وتجارت,بانك تجارت,92409,2634206766,9912843453990,3790,3870,3690,-100,-2.64,3760,-30,-0.79,3620,3970,1399-9-8
3,فملي,ملي‌ صنايع‌ مس‌ ايران‌,83831,248837188,6897899648420,27080,27300,27650,570,2.1,27720,640,2.36,26800,28160,1399-9-8
4,دارا يكم,صندوق واسطه گري مالي يكم-سهام,66090,35425003,6899673746470,196090,195000,192290,-3800,-1.94,194770,-1320,-0.67,190500,199100,1399-9-8
5,خساپا,سايپا,63396,2149946354,6091945759410,2960,2850,2820,-140,-4.73,2830,-130,-4.39,2820,2930,1399-9-8
6,وسپهر,سرمايه گذاري مالي سپهرصادرات,62966,139131672,1590222000763,11488,11200,11400,-88,-0.77,11430,-58,-0.5,11200,11700,1399-9-8
7,فولاد,فولاد مباركه اصفهان,59179,462832122,6317418658120,13120,13270,13770,650,4.95,13650,530,4.04,12910,13770,1399-9-8
8,شپنا,پالايش نفت اصفهان,58421,342752046,6336294342280,17790,18000,18670,880,4.95,18490,700,3.93,17400,18670,1399-9-8
9,وبصادر,بانك صادرات ايران,53027,1185817897,4342510907750,3760,3800,3580,-180,-4.79,3660,-100,-2.66,3580,3890,1399-9-8
10,بپيوند,برق و انرژي پيوندگستر پارس,47978,39746348,1012538758456,23596,23600,25955,2359,10.0,25475,1879,7.96,23600,25955,1399-9-8
11,ثاميد,توسعه و عمران اميد,46345,329254398,763959156010,2260,2240,2370,110,4.87,2320,60,2.65,2210,2370,1399-9-8
12,شبندر,پالايش نفت بندرعباس,43513,126031062,3472634049850,27940,26700,27460,-480,-1.72,27550,-390,-1.4,26560,28480,1399-9-8
13,شاروم,پتروشيمي اروميه,37194,10743130,201105726949,18218,17900,19128,910,5.0,18719,501,2.75,17667,19128,1399-9-8
14,وپارس,بانك‌پارسيان‌,35976,1184331831,4923905841660,4060,4260,4010,-50,-1.23,4160,100,2.46,3940,4260,1399-9-8
15,خگستر,گسترش‌سرمايه‌گذاري‌ايران‌خودرو,35676,647505294,2368504334320,3810,3700,3650,-160,-4.2,3660,-150,-3.94,3620,3810,1399-9-8
16,سيتا,سرمايه گذاري سيمان تامين,35183,42421679,733931653020,17150,16770,17470,320,1.87,17300,150,0.87,16750,17610,1399-9-8
17,وبملت,بانك ملت,35164,590053532,3258548643130,5580,5490,5460,-120,-2.15,5520,-60,-1.08,5380,5790,1399-9-8
18,ثبهساز,بهساز كاشانه تهران,34846,181742858,519420522010,2770,2720,2900,130,4.69,2860,90,3.25,2700,2900,1399-9-8
19,بگيلان,توسعه مسير برق گيلان,34207,11840956,310476290645,25351,25100,26618,1267,5.0,26221,870,3.43,25100,26618,1399-9-8
20,غزر,صنعتي زر ماكارون,33229,7641714,401182649880,52000,52800,52760,760,1.46,52500,500,0.96,50000,54350,1399-9-8
21,پيزد,مجتمع صنايع لاستيك يزد,32976,2774437,238778586986,86835,82950,85500,-1335,-1.54,86064,-771,-0.89,82950,89140,1399-9-8
22,زملارد,كشاورزي و دامپروري ملارد شير,29324,4799825,212249322500,42116,44221,44221,2105,5.0,44220,2104,5.0,43700,44221,1399-9-8
23,وپويا,سرمايه گذاري پويا,26306,33498640,294280555486,8841,8611,8700,-141,-1.59,8785,-56,-0.63,8610,8928,1399-9-8
24,شتران,پالايش نفت تهران,25605,133713847,1978815291080,14210,14500,14920,710,5.0,14800,590,4.15,14100,14920,1399-9-8
25,امين,تامين سرمايه امين,22978,15835069,193979595250,11670,12250,12250,580,4.97,12250,580,4.97,12250,12250,1399-9-8
26,خصدرا,صنعتي‌ دريايي‌ ايران‌,21795,374524917,1845782267138,5071,4818,5071,0,0.0,4928,-143,-2.82,4818,5071,1399-9-8
27,دي,بانك دي,21350,67325604,2997604257929,42909,42200,45054,2145,5.0,44524,1615,3.76,42200,45054,1399-9-8
28,ذوب,سهامي ذوب آهن  اصفهان,21101,253897152,1208889615433,4667,4690,4775,108,2.31,4761,94,2.01,4540,4860,1399-9-8
29,وساپا,سرمايه‌گذاري‌ سايپا,20531,262064606,2463098451490,9050,9500,9270,220,2.43,9400,350,3.87,9010,9500,1399-9-8
30,خزاميا,زامياد,19172,109337795,1375151808240,13150,12510,12530,-620,-4.71,12580,-570,-4.33,12500,12970,1399-9-8
31,زشگزا,شير و گوشت زاگرس شهركرد,18732,11330719,2317024365837,187413,204000,196799,9386,5.01,204490,17077,9.11,187912,206154,1399-9-8
32,ولپارس,ليزينگ پارسيان,18618,4271548,25372995120,5660,5940,5940,280,4.95,5800,140,2.47,5940,5940,1399-9-8
33,رافزا,رايان هم افزا,17811,103758,3769113108,34597,36326,36326,1729,5.0,34721,124,0.36,36326,36326,1399-9-8
34,آريا,پليمر آريا ساسول,16781,3608562,618713263397,164714,160000,172949,8235,5.0,171457,6743,4.09,160000,172949,1399-9-8
35,ثشاهد,سرمايه‌ گذاري‌ شاهد,16151,69514553,1727612124660,23790,24390,24970,1180,4.96,24850,1060,4.46,23790,24970,1399-9-8
36,پترول,گروه پتروشيمي س. ايرانيان,14680,107759973,1373898433520,12290,12050,12900,610,4.96,12750,460,3.74,12020,12900,1399-9-8
37,خبهمن,گروه‌بهمن‌,13849,59731039,1528206664950,26150,25600,25550,-600,-2.29,25580,-570,-2.18,24850,26850,1399-9-8
38,فرابورس,فرابورس ايران,13413,26867612,1392638327187,54204,51494,51510,-2694,-4.97,51833,-2371,-4.37,51494,53340,1399-9-8
39,بكهنوج,توليد برق ماهتاب كهنوج,13208,472123903,1468038914086,3082,2928,3236,154,5.0,3109,27,0.88,2928,3236,1399-9-8
40,وغدير,سرمايه‌گذاري‌غدير(هلدينگ‌,12187,77955737,1013475304510,12560,12320,13180,620,4.94,13000,440,3.5,12110,13180,1399-9-8
41,شگويا,پتروشيمي تندگويان,12110,72702934,814457872983,10761,10600,11299,538,5.0,11203,442,4.11,10594,11299,1399-9-8
42,زبينا,كشاورزي و دامپروري بينالود,11958,20759675,1532651540055,68031,68000,70100,2069,3.04,73828,5797,8.52,65000,74834,1399-9-8
43,ونوين,بانك‌اقتصادنوين‌,11564,202566266,1007355401640,5150,5010,4910,-240,-4.66,4970,-180,-3.5,4900,5160,1399-9-8
44,وملي,گروه‌ صنعتي‌ ملي‌ (هلدينگ‌,11054,12698464,3925156951290,313350,297690,329010,15660,5.0,309100,-4250,-1.36,297690,329010,1399-9-8
45,صباح,ح . سرمايه گذاري صبا تامين,10981,42956971,245926278871,5640,5525,5870,230,4.08,5725,85,1.51,5525,5900,1399-9-8
46,تليسه,دامداري تليسه نمونه,10823,107432648,1180522503373,10001,11001,11001,1000,10.0,10988,987,9.87,10500,11001,1399-9-8
47,بزاگرس,نيروگاه زاگرس كوثر,10821,79192911,1128837282810,13992,13293,14691,699,5.0,14254,262,1.87,13293,14691,1399-9-8
48,شبريز,پالايش نفت تبريز,10480,23569419,674831894750,28920,28000,28260,-660,-2.28,28630,-290,-1.0,27510,29500,1399-9-8
49,سبزوا,سيمان لار سبزوار,10409,74866102,450127319155,6183,5910,5916,-267,-4.32,6012,-171,-2.77,5874,6279,1399-9-8
50,وخارزم,سرمايه گذاري خوارزمي,10322,72269065,652692114870,9010,8700,9120,110,1.22,9030,20,0.22,8650,9240,1399-9-8
51,صبا,سرمايه گذاري صبا تامين,10240,34908241,290025013412,8123,7900,8400,277,3.41,8308,185,2.28,7875,8520,1399-9-8
52,ومعادن,توسعه‌معادن‌وفلزات‌,10059,49721233,677903807590,13780,13390,13890,110,0.8,13630,-150,-1.09,13150,14000,1399-9-8
53,خپارس,پارس‌ خودرو,9918,96721174,737038322520,7990,7600,7600,-390,-4.88,7620,-370,-4.63,7600,7800,1399-9-8
54,وتوس,توسعه‌شهري‌توس‌گستر,9630,28835602,770666410720,26880,25610,28220,1340,4.99,26730,-150,-0.56,25540,28220,1399-9-8
55,كحافظ,كاشي‌ وسراميك‌ حافظ‌,9265,28226392,568007341900,20650,20350,19650,-1000,-4.84,20120,-530,-2.57,19620,21430,1399-9-8
56,حفاري,حفاري شمال,9121,50066386,665636404640,13720,13040,13450,-270,-1.97,13300,-420,-3.06,13040,13950,1399-9-8
57,غنوش,نوش‌ مازندران‌,9065,11558475,834182309850,69130,69510,72580,3450,4.99,72170,3040,4.4,67680,72580,1399-9-8
58,خرينگ,رينگ‌سازي‌مشهد,8975,15268887,869218790420,57860,60000,55010,-2850,-4.93,56930,-930,-1.61,54970,60750,1399-9-8
59,فخوز,فولاد  خوزستان,8806,20971227,769202717230,36210,35950,36600,390,1.08,36680,470,1.3,35310,37760,1399-9-8
60,انرژي3,سايراشخاص بورس انرژي,8740,2990698,765302552270,252730,240100,265360,12630,5.0,255890,3160,1.25,240100,265360,1399-9-8
61,كسرام,پارس‌ سرام‌,8648,94011678,675938425060,7190,7540,7350,160,2.23,7190,0,0.0,6840,7540,1399-9-8
62,چكاپا,گروه صنايع كاغذ پارس,8593,79482672,548989527210,6630,6600,6960,330,4.98,6910,280,4.22,6600,6960,1399-9-8
63,قنيشا,قند  نيشابور,8508,11845968,917648385630,74340,74360,78000,3660,4.92,77470,3130,4.21,73000,78050,1399-9-8
64,بجهرم,توسعه مولد نيروگاهي جهرم,8095,106001638,413522650021,3813,3720,4003,190,4.98,3901,88,2.31,3680,4003,1399-9-8
65,غگيلا,شيرپاستوريزه پگاه گيلان,7995,118891,2108056321,16887,17731,17731,844,5.0,16921,34,0.2,17731,17731,1399-9-8
66,ورنا,سرمايه‌گذاري‌ رنا(هلدينگ‌,7903,59244909,541687323400,9170,9330,8980,-190,-2.07,9140,-30,-0.33,8800,9620,1399-9-8
67,سمگا,گروه سرمايه گذاري ميراث فرهنگي,7639,34389546,642167460311,19509,18634,18910,-599,-3.07,18673,-836,-4.29,18534,19300,1399-9-8
68,گكوثر,هتل پارسيان كوثر اصفهان,7351,4684388,794125531918,157524,160000,173276,15752,10.0,169526,12002,7.62,153200,173276,1399-9-8
69,ختور,رادياتور ايران‌,6819,14070070,538614812450,40210,38200,38230,-1980,-4.92,38280,-1930,-4.8,38200,39990,1399-9-8
70,فارس,صنايع پتروشيمي خليج فارس,6800,78747125,985947798770,11960,12350,12550,590,4.93,12520,560,4.68,12040,12550,1399-9-8
71,خاور,ايران خودرو ديزل,6797,82251527,419960107653,5255,5098,5103,-152,-2.89,5106,-149,-2.84,5098,5250,1399-9-8
72,قشير,قند شيروان قوچان و بجنورد,6720,13437398,573791824695,39288,42000,41600,2312,5.88,42701,3413,8.69,40000,43216,1399-9-8
73,وپاسار,بانك  پاسارگاد,6710,91349091,1030620006030,11270,11340,11320,50,0.44,11280,10,0.09,11100,11440,1399-9-8
74,ونيرو,سرمايه‌گذاري‌نيرو,6656,84160464,355100610550,4190,4200,4290,100,2.39,4220,30,0.72,4050,4320,1399-9-8
75,تملت,تامين سرمايه بانك ملت,6478,18371883,159431350870,8470,8250,8890,420,4.96,8680,210,2.48,8250,8890,1399-9-8
76,ثاخت,بين‌المللي‌توسعه‌ساختمان,6312,82506061,329217596230,3960,3990,3990,30,0.76,3990,30,0.76,3810,4100,1399-9-8
77,حكشتي,كشتيراني جمهوري اسلامي ايران,6076,28570965,818899335940,27370,28720,28730,1360,4.97,28660,1290,4.71,27550,28730,1399-9-8
78,لپارس,پارس‌ الكتريك‌,5858,4580919,673838689140,140460,147480,147480,7020,5.0,147100,6640,4.73,140460,147480,1399-9-8
79,غديس,پاكديس,5650,25780154,409895489719,14581,15800,15790,1209,8.29,15900,1319,9.05,15000,16039,1399-9-8
80,دماوند,توليد نيروي برق دماوند,5626,5891064,444579961821,74848,75000,75500,652,0.87,75467,619,0.83,73050,78000,1399-9-8
81,وساخت,سرمايه‌ گذاري‌ ساختمان‌ايران‌,5613,6279064,452128534830,70720,68000,71130,410,0.58,72010,1290,1.82,68000,73990,1399-9-8
82,كچاد,معدني‌وصنعتي‌چادرملو,5388,17644166,348570791720,19800,19400,19420,-380,-1.92,19760,-40,-0.2,19000,20200,1399-9-8
83,ميدكو,هلدينگ صنايع  معدني خاورميانه,5321,22795855,602525757359,26285,26310,26800,515,1.96,26431,146,0.56,26150,27100,1399-9-8
84,غشهداب,كشت و صنعت شهداب ناب خراسان,5312,46639612,205953358005,4372,4451,4347,-25,-0.57,4416,44,1.01,4210,4550,1399-9-8
85,زدشت,كشت و صنعت دشت خرم دره,4972,21204929,1129719645958,48622,53484,53484,4862,10.0,53276,4654,9.57,51053,53484,1399-9-8
86,وبانك,سرمايه گذاري گروه توسعه ملي,4824,43391306,419939779190,9370,9000,9830,460,4.91,9680,310,3.31,8970,9830,1399-9-8
87,زقيام,كشت و دام قيام اصفهان,4736,10521557,522351282614,46126,46200,50738,4612,10.0,49646,3520,7.63,46126,50738,1399-9-8
88,رانفور,خدمات‌انفورماتيك‌,4721,14874478,534132228460,35630,34010,35700,70,0.2,35910,280,0.79,33860,37300,1399-9-8
89,خچرخش,چرخشگر,4719,17555018,349147716190,19280,18350,20240,960,4.98,19890,610,3.16,18350,20240,1399-9-8
90,كرمان,س. توسعه و عمران استان كرمان,4719,11278860,877076094631,74310,76500,78025,3715,5.0,77763,3453,4.65,75800,78025,1399-9-8
91,غشان,شيرپاستوريزه‌پگاه‌خراسان‌,4717,30431975,255012944180,8220,7960,8630,410,4.99,8380,160,1.95,7810,8630,1399-9-8
92,نوين,بيمه نوين,4626,31153719,249255165359,7979,8200,7820,-159,-1.99,8001,22,0.28,7730,8300,1399-9-8
93,كالا,بورس كالاي ايران,4425,7490206,274001630910,37850,36130,36030,-1820,-4.81,36580,-1270,-3.36,35960,38000,1399-9-8
94,تكمبا,كمباين‌ سازي‌ ايران‌,4405,26782579,258357318480,9960,9910,9470,-490,-4.92,9650,-310,-3.11,9470,10150,1399-9-8
95,حسير,ريل سير كوثر,4400,12908241,226025800765,17412,17570,17740,328,1.88,17510,98,0.56,16700,18080,1399-9-8
96,شيران,س. صنايع‌شيميايي‌ايران,4345,9989030,323266707980,32900,32000,31900,-1000,-3.04,32360,-540,-1.64,31800,33490,1399-9-8
97,غاذر,كشت‌وصنعت‌پياذر,4337,3963304,330875221850,83590,85200,84420,830,0.99,83480,-110,-0.13,79420,87700,1399-9-8
98,فاذر,صنايع‌ آذرآب‌,4305,10339150,310505655400,29320,30550,29560,240,0.82,30030,710,2.42,29400,30700,1399-9-8
99,والبر,سرمايه‌ گذاري‌ البرز(هلدينگ‌,4273,17531194,320950789890,17770,18640,18200,430,2.42,18310,540,3.04,17670,18650,1399-9-8
100,افق,فروشگاههاي زنجيره اي افق كوروش,4221,7895649,633621739490,76500,80320,80320,3820,4.99,80250,3750,4.9,78830,80320,1399-9-8
101,فسرب,ملي‌ سرب‌وروي‌ ايران‌,4148,2751249,367579857960,130600,125100,137130,6530,5.0,133600,3000,2.3,124500,137130,1399-9-8
102,غگل,گلوكوزان‌,4147,54304148,259447296220,4600,4670,4830,230,5.0,4780,180,3.91,4600,4830,1399-9-8
103,ماديرا,صنايع ماشين هاي اداري ايران,4095,9023314,279728255883,30180,30000,30610,430,1.42,31001,821,2.72,28690,31680,1399-9-8
104,وپست,پست بانك ايران,4084,36229463,586094329110,15450,14690,16220,770,4.98,16180,730,4.72,14690,16220,1399-9-8
105,كترام,توليدي‌ كاشي‌ تكسرام‌,4059,7233560,260012765370,35650,34630,36870,1220,3.42,35950,300,0.84,34620,37400,1399-9-8
106,ثپرديس,سرمايه گذاري مسكن پرديس,4024,18723906,207313175527,10995,11000,11065,70,0.64,11072,77,0.7,10600,11490,1399-9-8
107,فولاي,صنايع فولاد آلياژي يزد,3952,13155392,471062037192,35761,33973,37549,1788,5.0,35808,47,0.13,33973,37549,1399-9-8
108,وبهمن,سرمايه‌گذاري‌بهمن‌,3859,46356800,843170470390,17390,18250,18230,840,4.83,18190,800,4.6,17500,18250,1399-9-8
109,پتاير,ايران‌ تاير,3813,3259018,529914187210,149840,157330,164820,14980,10.0,162600,12760,8.52,154010,164820,1399-9-8
110,كمند,صندوق س. با درآمد ثابت كمند,3759,327011744,3312293573390,10115,10127,10130,15,0.15,10129,14,0.14,10125,10133,1399-9-8
111,چدن,توليدي چدن سازان,3757,20671707,652334116000,30210,30000,31720,1510,5.0,31560,1350,4.47,30000,31720,1399-9-8
112,چافست,افست‌,3754,12376421,288346977820,22850,21710,23990,1140,4.99,23300,450,1.97,21710,23990,1399-9-8
113,حاريا,كشتيراني آريا,3751,18478835,538971451947,28730,27294,30166,1436,5.0,29167,437,1.52,27294,30166,1399-9-8
114,شفارا,پتروشيمي فارابي,3727,38010259,194096911146,5115,4860,5190,75,1.47,5106,-9,-0.18,4860,5297,1399-9-8
115,ارفع,شركت آهن و فولاد ارفع,3719,15652391,216963741294,13594,13720,13997,403,2.96,13861,267,1.96,13250,14200,1399-9-8
116,ثباغ,شهر سازي و خانه سازي باغميشه,3698,13019498,329698786936,26507,25300,25182,-1325,-5.0,25323,-1184,-4.47,25182,27000,1399-9-8
117,خاهن,آهنگري‌ تراكتورسازي‌ ايران‌,3683,9634694,351146399230,37910,36410,36100,-1810,-4.77,36450,-1460,-3.85,36020,38390,1399-9-8
118,وصنعت,سرمايه گذاري توسعه صنعت وتجارت,3668,24468093,193576170690,7820,7680,8120,300,3.84,7910,90,1.15,7610,8150,1399-9-8
119,تنوينح,ح . تامين سرمايه نوين,3665,13431880,66612046905,4996,4900,4849,-147,-2.94,4959,-37,-0.74,4800,5170,1399-9-8
120,آگاس,صندوق س.هستي بخش آگاه-س,3657,5699492,402188896191,70251,69200,71041,790,1.12,70566,315,0.45,69150,71399,1399-9-8
121,وليز,ليزينگ‌ايران‌,3615,24262311,194224478060,8310,8000,7910,-400,-4.81,8010,-300,-3.61,7900,8400,1399-9-8
122,كگل,معدني و صنعتي گل گهر,3582,12375606,237168179290,18930,18220,19070,140,0.74,19160,230,1.22,18220,19780,1399-9-8
123,قصفها,قنداصفهان‌,3543,1495601,368130307100,228110,239000,250920,22810,10.0,246140,18030,7.9,228500,250920,1399-9-8
124,ودي,بيمه  دي,3541,13941597,347241879830,24820,24820,24381,-439,-1.77,24907,87,0.35,24100,25700,1399-9-8
125,سفارس,سيمان فارس و خوزستان,3518,16177264,285597279940,18050,17150,17520,-530,-2.94,17650,-400,-2.22,17150,18400,1399-9-8
126,بكاب,صنايع‌جوشكاب‌يزد,3440,1100708,293972113740,256760,257430,258000,1240,0.48,267080,10320,4.02,256000,269590,1399-9-8
127,كاوه,فولاد كاوه جنوب كيش,3431,28167129,553526327080,18770,19500,19700,930,4.95,19650,880,4.69,19000,19700,1399-9-8
128,خاذين,سايپاآذين‌,3365,33918182,194643046880,5590,5500,5860,270,4.83,5740,150,2.68,5380,5860,1399-9-8
129,پاكشو,گروه صنعتي پاكشو,3324,3428182,314983104070,89210,90100,93670,4460,5.0,91880,2670,2.99,86560,93670,1399-9-8
130,پارسان,گسترش نفت و گاز پارسيان,3238,17826377,379667136440,20460,19900,21480,1020,4.99,21300,840,4.11,19640,21480,1399-9-8
131,ثعمرا,عمران و توسعه شاهد,3206,13981447,202517160954,14238,14700,14450,212,1.49,14485,247,1.73,14000,14800,1399-9-8
132,كوير,توليدي فولاد سپيد فراب كوير,3200,13767289,234100433050,16760,16200,17590,830,4.95,17000,240,1.43,16130,17590,1399-9-8
133,دلقما,دارويي‌ لقمان‌,3149,7285410,216120854560,29290,27910,30750,1460,4.98,29660,370,1.26,27830,30750,1399-9-8
134,كرازي,كارخانجات‌توليدي‌شيشه‌رازي‌,3143,8818138,169311690960,19750,18780,19060,-690,-3.49,19200,-550,-2.78,18780,20000,1399-9-8
135,اخابر,مخابرات ايران,3130,42322634,599705048960,13590,13250,14260,670,4.93,14170,580,4.27,13250,14260,1399-9-8
136,تاپيكو,س. نفت و گاز و پتروشيمي تأمين,3112,35429519,497836964060,13460,13540,14130,670,4.98,14050,590,4.38,13540,14130,1399-9-8
137,كيسون,شركت كيسون,3082,49813747,650699737846,13168,12773,13563,395,3.0,13063,-105,-0.8,12773,13563,1399-9-8
138,ولساپا,ليزينگ رايان‌ سايپا,3040,143647035,608269791540,4040,4150,4240,200,4.95,4230,190,4.7,4080,4240,1399-9-8
139,ميهن,بيمه ميهن,3008,33909867,193840310422,5937,5641,5720,-217,-3.66,5716,-221,-3.72,5641,5936,1399-9-8
140,تكشا,گسترش‌صنايع‌وخدمات‌كشاورزي‌,2998,3512803,239226850300,69930,66440,68450,-1480,-2.12,68100,-1830,-2.62,66440,71900,1399-9-8
141,شفارس,صنايع‌ شيميايي‌ فارس‌,2983,8434158,406138979380,48000,48000,49400,1400,2.92,48150,150,0.31,46520,49800,1399-9-8
142,غدشت,دشت‌ مرغاب‌,2982,1527990,418877798380,261220,274280,274280,13060,5.0,274140,12920,4.95,262250,274280,1399-9-8
143,مدير,ص.س.مديريت ثروت ص.بازنشستگي-س,2937,16384486,164973906144,10045,9860,10070,25,0.25,10069,24,0.24,9860,10250,1399-9-8
144,غگلپا,شير پاستوريزه پگاه گلپايگان,2922,3060251,222148651606,71421,67850,72000,579,0.81,72592,1171,1.64,67850,74992,1399-9-8
145,بايكا,كارخانجات كابلسازي ‌ايران‌,2921,8091564,386152392710,45670,47953,47953,2283,5.0,47723,2053,4.5,45670,47953,1399-9-8
146,وهور,مديريت انرژي اميد  تابان هور,2912,4968058,200394661827,40253,40255,40550,297,0.74,40337,84,0.21,39330,41500,1399-9-8
147,وملل,اعتباري ملل,2910,17465401,240092428082,13951,13550,13630,-321,-2.3,13747,-204,-1.46,13510,14110,1399-9-8
148,سپح,ح . پرداخت الكترونيك سامان كيش,2845,7163178,104878385720,13500,14300,14850,1350,10.0,14640,1140,8.44,13800,14850,1399-9-8
149,حسينا,توسعه خدمات دريايي وبندري سينا,2844,10444544,839689685395,73158,80473,80473,7315,10.0,80395,7237,9.89,76815,80473,1399-9-8
150,كپارس,كاشي‌ پارس‌,2830,1719692,257707517460,143910,139000,151100,7190,5.0,149860,5950,4.13,139000,151100,1399-9-8
151,ومهان,گروه توسعه مالي مهر آيندگان,2799,11081148,178260842870,15915,15750,16380,465,2.92,16087,172,1.08,15630,16480,1399-9-8
152,اعتماد,صندوق س.اعتماد آفرين پارسيان-د,2761,95376820,3199644715920,33503,33549,33552,49,0.15,33547,44,0.13,33503,33552,1399-9-8
153,شصدف,صنعتي دوده فام,2750,99822,2477082930,23634,24815,24815,1181,5.0,23690,56,0.24,24815,24815,1399-9-8
154,غصينو,صنعتي مينو,2717,5476091,332501431108,58063,60966,60966,2903,5.0,60719,2656,4.57,58360,60966,1399-9-8
155,ساوه,سيمان ساوه,2715,1352547,74868886638,52719,55354,55354,2635,5.0,55354,2635,5.0,55354,55354,1399-9-8
156,آريان,سرمايه گذاري پارس آريان,2711,35174346,556235660087,15683,15410,15930,247,1.57,15814,131,0.84,15410,16153,1399-9-8
157,وسينا,بانك سينا,2661,25084909,297812358450,11350,11750,11910,560,4.93,11870,520,4.58,11470,11910,1399-9-8
158,غويتا,ويتانا,2635,3889109,179501024964,47543,45170,46157,-1386,-2.92,46155,-1388,-2.92,45166,48000,1399-9-8
159,وبوعلي,سرمايه‌گذاري‌بوعلي‌,2630,21326304,140249160320,6430,6430,6690,260,4.04,6580,150,2.33,6240,6700,1399-9-8
160,تسه9908,امتياز تسهيلات مسكن آبان99,2615,57168,36195038564,663987,670000,635102,-28885,-4.35,633135,-30852,-4.65,630788,670000,1399-9-8
161,سشرق,سيمان‌ شرق‌,2537,21559943,142063140210,6340,6350,6650,310,4.89,6590,250,3.94,6300,6650,1399-9-8
162,هرمز,فولاد هرمزگان جنوب,2503,11208946,139569601185,12283,12370,12510,227,1.85,12452,169,1.38,11710,12770,1399-9-8
163,وبيمه,سرمايه‌ گذاري‌ صنعت‌ بيمه‌,2487,26579199,79871540640,3120,2980,3000,-120,-3.85,3010,-110,-3.53,2970,3140,1399-9-8
164,ومعلم,بيمه معلم,2468,30877947,241026697163,7442,7770,7814,372,5.0,7806,364,4.89,7490,7814,1399-9-8
165,ثنوسا,نوسازي‌وساختمان‌تهران‌,2463,28428554,280538090370,9470,9550,9940,470,4.96,9870,400,4.22,9400,9940,1399-9-8
166,شكف,كف,2463,3854043,254189670883,68475,65736,65736,-2739,-4.0,65954,-2521,-3.68,65736,68475,1399-9-8
167,زاگرس,پتروشيمي زاگرس,2450,3350283,605637946673,172499,172501,181123,8624,5.0,180772,8273,4.8,172499,181123,1399-9-8
168,ارزش,صندوق س ارزش آفرين بيدار-سهام,2439,16759924,169291690360,10070,9900,10070,0,0.0,10100,30,0.3,9860,10220,1399-9-8
169,فلوله,لوله‌وماشين‌سازي‌ايران‌,2434,9056540,194506382850,20910,20900,21950,1040,4.97,21480,570,2.73,19870,21950,1399-9-8
170,شسپا,نفت سپاهان,2430,7217949,163216170820,22420,22500,22700,280,1.25,22610,190,0.85,21600,23020,1399-9-8
171,پكوير,كوير تاير,2371,8889119,155813464670,16980,16560,17820,840,4.95,17530,550,3.24,16500,17820,1399-9-8
172,وآتوس,س.آرين توسكا قيمت اسمي 350ريال,2364,7109495,222373279493,31684,30734,30734,-950,-3.0,31278,-406,-1.28,30734,32633,1399-9-8
173,وآوا,سرمايه گذاري آوا نوين,2303,7851753,110207511849,14170,14368,14300,130,0.92,14036,-134,-0.95,13462,14490,1399-9-8
174,سصفها,سيمان‌اصفهان‌,2297,1188164,231892040340,195850,187450,197000,1150,0.59,195170,-680,-0.35,186060,203090,1399-9-8
175,كهمداح,ح . شيشه‌ همدان‌,2285,8073001,90288478210,10830,10890,11270,440,4.06,11180,350,3.23,10400,11550,1399-9-8
176,بورس,بورس اوراق بهادار تهران,2237,2891785,144670335920,51140,49000,49320,-1820,-3.56,50030,-1110,-2.17,48590,52190,1399-9-8
177,سپاها,سيمان‌سپاهان‌,2230,14868626,132504640030,8520,8930,8940,420,4.93,8910,390,4.58,8610,8940,1399-9-8
178,وصندوق,سرمايه‌گذاري‌صندوق‌بازنشستگي‌,2218,18195566,296770645030,16440,15950,16000,-440,-2.68,16310,-130,-0.79,15700,16930,1399-9-8
179,غشاذر,پگاه‌آذربايجان‌غربي‌,2212,4435602,84312935360,18710,19620,19550,840,4.49,19010,300,1.6,18020,19620,1399-9-8
180,قرن,پديده شيمي قرن,2210,4759729,262171219810,52720,53000,55350,2630,4.99,55080,2360,4.48,52100,55350,1399-9-8
181,كوثر,بيمه كوثر,2210,8127010,124312740277,15506,14910,14868,-638,-4.11,15296,-210,-1.35,14731,16140,1399-9-8
182,حريل,ريل پردازسير,2181,20951388,81978105054,3863,3800,3900,37,0.96,3913,50,1.29,3800,4049,1399-9-8
183,سنير,سيمان‌ سفيد ني‌ريز,2170,1158116,114746931390,95110,97400,99860,4750,4.99,99080,3970,4.17,94900,99860,1399-9-8
184,شپاكسا,پاكسان‌,2165,8488120,261339801640,29390,30800,30850,1460,4.97,30790,1400,4.76,29590,30850,1399-9-8
185,ثمسكن,سرمايه‌گذاري‌ مسكن‌,2152,23062373,143052336370,5980,5820,6270,290,4.85,6200,220,3.68,5820,6270,1399-9-8
186,كاذر,فرآورده‌هاي‌نسوزآذر,2144,5815960,114276403290,20410,21290,19390,-1020,-5.0,19650,-760,-3.72,19390,21290,1399-9-8
187,فسپا,گروه‌صنعتي‌سپاهان‌,2111,6139350,268514180930,43280,42890,45440,2160,4.99,43740,460,1.06,41130,45440,1399-9-8
188,شبهرن,نفت‌ بهران‌,2106,3098337,191871430830,61530,61540,62750,1220,1.98,61930,400,0.65,60000,63480,1399-9-8
189,رمپنا,گروه مپنا (سهامي عام),2080,7658556,144513745180,18750,17910,19190,440,2.35,18870,120,0.64,17910,19300,1399-9-8
190,غسالم,سالمين‌,2068,24275363,113781044410,4480,4370,4700,220,4.91,4690,210,4.69,4370,4700,1399-9-8
191,خريخت,صنايع‌ريخته‌گري‌ايران‌,2043,46247150,185265755680,3850,3730,4040,190,4.94,4010,160,4.16,3720,4040,1399-9-8
192,كاذرح,ح . فرآورده‌هاي‌نسوزآذر,2024,6478489,111195446160,17840,16470,17000,-840,-4.71,17160,-680,-3.81,16060,19500,1399-9-8
193,تاپكيشح,ح.تجارت الكترونيك پارسيان كيش,2012,9180598,110228240375,11575,11600,12153,578,4.99,12007,432,3.73,11000,12153,1399-9-8
194,تنوين,تامين سرمايه نوين,1999,18390196,123823558360,6710,6430,6600,-110,-1.64,6730,20,0.3,6430,7030,1399-9-8
195,فسازان,غلتك سازان سپاهان,1998,8165637,219968035570,25780,26430,27060,1280,4.97,26940,1160,4.5,26000,27060,1399-9-8
196,ما,بيمه  ما,1992,15815435,126498698990,7730,7800,8110,380,4.92,8000,270,3.49,7750,8110,1399-9-8
197,قشرين,قند شيرين خراسان,1987,10195527,218706761131,20478,21092,21501,1023,5.0,21451,973,4.75,21000,21501,1399-9-8
198,كساپا,سايپاشيشه‌,1981,4559488,122578529570,26390,26750,27700,1310,4.96,26880,490,1.86,25080,27700,1399-9-8
199,سرو,صندوق س سروسودمند مدبران-سهام,1961,2232623,143239904650,64010,62000,64450,440,0.69,64160,150,0.23,62000,65000,1399-9-8
200,وگردش,بانك گردشگري,1946,13235546,257350382501,19448,19700,19600,152,0.78,19444,-4,-0.02,19055,20000,1399-9-8
201,كساوه,صنايع‌ كاشي‌ و سراميك‌ سينا,1933,4004547,308273808140,73590,74610,77260,3670,4.99,76980,3390,4.61,74610,77260,1399-9-8
202,توريل,توکاريل,1931,5851569,115187113321,20253,19350,19700,-553,-2.73,19685,-568,-2.8,19241,20580,1399-9-8
203,كدما,معدني‌ دماوند,1927,1283635,292989688750,217390,228250,228250,10860,5.0,228250,10860,5.0,228250,228250,1399-9-8
204,دتوزيع,توزيع دارو پخش,1913,2027781,100916442005,51749,50110,49162,-2587,-5.0,49767,-1982,-3.83,49162,52539,1399-9-8
205,غمينو,شركت صنايع غذايي مينو شرق,1912,8666793,94802846906,10512,11037,11037,525,4.99,10939,427,4.06,9987,11037,1399-9-8
206,پكرمان,گروه‌ صنعتي‌ بارز,1911,7192348,229714912070,30920,29400,32460,1540,4.98,31940,1020,3.3,29400,32460,1399-9-8
207,لسرما,سرما آفرين‌,1902,5616180,171273386930,29150,29400,30600,1450,4.97,30500,1350,4.63,29350,30600,1399-9-8
208,دشيمي,شيمي‌ داروئي‌ داروپخش‌,1889,1981854,117876562040,61190,58310,58250,-2940,-4.8,59480,-1710,-2.79,58140,62700,1399-9-8
209,فاراك,ماشين‌ سازي‌ اراك‌,1888,34735570,241741208220,6680,6940,7010,330,4.94,6960,280,4.19,6770,7010,1399-9-8
210,وسكاب,س.ص.بازنشستگي كاركنان بانكها,1823,18980380,122812499050,6490,6480,6450,-40,-0.62,6470,-20,-0.31,6300,6600,1399-9-8
211,حتوكا,حمل‌ونقل‌توكا,1808,4982241,96764723420,18840,19250,19200,360,1.91,19420,580,3.08,18550,19780,1399-9-8
212,دفارا,داروسازي‌ فارابي‌,1802,2391742,143748133400,62070,59100,62000,-70,-0.11,60100,-1970,-3.17,58970,62000,1399-9-8
213,غشصفا,شيرپاستوريزه‌پگاه‌اصفهان‌,1802,3033460,90563167110,29750,30300,29180,-570,-1.92,29850,100,0.34,28310,31000,1399-9-8
214,وصنا,گروه‌صنايع‌بهشهرايران‌,1777,8338681,117186235380,13590,13790,13900,310,2.28,14050,460,3.38,13210,14260,1399-9-8
215,چكاوه,صنايع‌كاغذسازي‌كاوه‌,1747,3131872,96274193290,29600,29550,31080,1480,5.0,30740,1140,3.85,29550,31080,1399-9-8
216,نطرين,عطرين نخ قم,1743,9658217,147813387187,14736,14100,15472,736,4.99,15304,568,3.85,14100,15472,1399-9-8
217,ثنام,س ساختماني ب نام آوران مهندسي,1701,16879912,313180514532,18101,18644,18644,543,3.0,18553,452,2.5,17558,18644,1399-9-8
218,خمهر,مهركام‌پارس‌,1679,20381588,139207291090,6530,6700,6850,320,4.9,6830,300,4.59,6590,6850,1399-9-8
219,پاسا,ايران‌ياساتايرورابر,1665,6848680,176894250030,25690,26000,25400,-290,-1.13,25830,140,0.54,24950,26450,1399-9-8
220,غپونه,نوش پونه مشهد,1658,4040487,75135242646,18572,18499,18015,-557,-3.0,18596,24,0.13,18015,19127,1399-9-8
221,وآيند,بانك  آينده,1657,11697845,283006888409,24686,24193,24193,-493,-2.0,24193,-493,-2.0,24193,24500,1399-9-8
222,خوساز,محورسازان‌ايران‌خودرو,1649,13020370,97091352210,7140,7420,7490,350,4.9,7460,320,4.48,7190,7490,1399-9-8
223,قثابت,قند ثابت‌ خراسان‌,1642,4227919,305144247230,69100,68000,72550,3450,4.99,72170,3070,4.44,66510,72550,1399-9-8
224,خشرق,الكتريك‌ خودرو شرق‌,1642,9799962,182769117050,17830,18360,18720,890,4.99,18650,820,4.6,17000,18720,1399-9-8
225,وثوق,سرمايه گذاري وثوق امين,1642,7204115,76309760504,10574,10257,10891,317,3.0,10593,19,0.18,10257,10891,1399-9-8
226,قشكر,شكرشاهرود,1636,2247418,101779462020,43350,45510,45510,2160,4.98,45290,1940,4.48,43000,45510,1399-9-8
227,سمازن,سيمان‌مازندران‌,1629,6275667,64132763410,10310,9940,10010,-300,-2.91,10220,-90,-0.87,9940,10710,1399-9-8
228,رتاپح,ح.تجارت الكترونيك پارسيان,1623,8410944,40617858580,4540,4620,4970,430,9.47,4830,290,6.39,4450,4980,1399-9-8
229,تكنو,تكنوتار,1622,11218478,158817384260,14800,14060,14080,-720,-4.86,14160,-640,-4.32,14060,14690,1399-9-8
230,امين يكم,صندوق درآمد ثابت امين يكم فردا,1615,48643501,493465377231,10142,10150,10146,4,0.04,10145,3,0.03,10139,10150,1399-9-8
231,كلر,كلر پارس,1604,1168868,67374008756,57032,55123,58300,1268,2.22,57640,608,1.07,55123,58400,1399-9-8
232,بسويچ,پارس‌سويچ‌,1588,2180583,93985944810,42460,40340,44580,2120,4.99,43100,640,1.51,40340,44580,1399-9-8
233,وخاور,بانك خاورميانه,1578,11523295,123839947010,10300,10300,10810,510,4.95,10750,450,4.37,10300,10810,1399-9-8
234,وسپه,سرمايه‌گذاري‌ سپه‌,1575,5575347,78859151100,13890,13350,14050,160,1.15,14140,250,1.8,13350,14500,1399-9-8
235,ختوقا,قطعات‌ اتومبيل‌ ايران‌,1571,33481287,113352965880,3230,3350,3390,160,4.95,3390,160,4.95,3350,3390,1399-9-8
236,لوتوس,تامين سرمايه لوتوس پارسيان,1563,8088693,126830192150,16180,15400,15650,-530,-3.28,15680,-500,-3.09,15380,16410,1399-9-8
237,خمحركه,نيرو محركه‌,1561,16643737,106852791540,6120,6420,6420,300,4.9,6420,300,4.9,6420,6420,1399-9-8
238,كگاز,شيشه‌ و گاز,1560,5605062,136286583290,23280,22920,24440,1160,4.98,24310,1030,4.42,22920,24440,1399-9-8
239,دامين,داروسازي‌ امين‌,1552,5907650,85476036000,14180,14010,14880,700,4.94,14470,290,2.05,13540,14880,1399-9-8
240,حتايد,تايدواترخاورميانه,1552,5017671,100108204340,19990,20000,20300,310,1.55,19950,-40,-0.2,19250,20900,1399-9-8
241,ثرود,سرمايه‌گذاري مسكن زاينده رود,1547,27798179,311515180478,11763,11175,11175,-588,-5.0,11206,-557,-4.74,11175,11478,1399-9-8
242,سدور,سيمان‌ دورود,1542,7231760,62971246450,8830,8410,8480,-350,-3.96,8710,-120,-1.36,8410,9140,1399-9-8
243,خودكفا,اقتصادي و خودكفايي آزادگان,1529,13212045,351664908450,21275,26200,26986,5711,26.84,26617,5342,25.11,26200,26986,1399-9-8
244,ريشمك,توليد و صادرات ريشمك,1529,1923230,81728624498,42944,41000,42140,-804,-1.87,42496,-448,-1.04,41000,43580,1399-9-8
245,تاصيكو,سرمايه گذاري صدرتامين,1524,15460757,163235079800,10090,10000,10590,500,4.96,10560,470,4.66,9730,10590,1399-9-8
246,دلر,داروسازي‌ اكسير,1513,1124329,128256860380,114230,115000,117500,3270,2.86,114070,-160,-0.14,109800,119920,1399-9-8
247,ولبهمن,شركت بهمن ليزينگ,1509,9967695,85702847160,8502,8591,8610,108,1.27,8598,96,1.13,8090,8920,1399-9-8
248,طلا,صندوق س.پشتوانه طلاي لوتوس,1502,925460,72068077627,78951,78480,77526,-1425,-1.8,77873,-1078,-1.37,77510,78480,1399-9-8
249,كگازح,ح . شيشه‌ و گاز,1481,3848007,86441055310,21060,20500,22730,1670,7.93,22460,1400,6.65,20500,22800,1399-9-8
250,وايران,ليزينگ ايرانيان,1475,15547497,159585923870,9800,10200,10290,490,5.0,10260,460,4.69,9850,10290,1399-9-8
251,فروي,ذوب روي اصفهان,1470,2233105,132644203895,56571,59399,59399,2828,5.0,59399,2828,5.0,59399,59399,1399-9-8
252,همراه,شركت ارتباطات سيار ايران,1469,5201820,180434334120,33380,32210,35040,1660,4.97,34690,1310,3.92,32210,35040,1399-9-8
253,كپشيرح,ح . پشم‌شيشه‌ايران‌,1463,7742810,91113505709,11179,11200,12300,1121,10.03,11767,588,5.26,10762,12300,1399-9-8
254,آوا,صندوق س.سهام آواي معيار-س,1449,8770507,78175496188,8892,8729,8894,2,0.02,8913,21,0.24,8729,9040,1399-9-8
255,وآذر,سرمايه‌گذاري‌توسعه‌آذربايجان‌,1447,1441034,188562913520,125150,125000,130300,5150,4.12,130850,5700,4.55,121000,131400,1399-9-8
256,خفنر,فنرسازي‌خاور,1441,4345160,77424252610,18090,17260,17440,-650,-3.59,17820,-270,-1.49,17260,18500,1399-9-8
257,آپ,آسان پرداخت پرشين,1433,5214998,95134102990,17460,17590,18330,870,4.98,18240,780,4.47,17590,18330,1399-9-8
258,شساخت,مهندسي و ساختمان صنايع نفت,1431,1942838,70371560711,36990,36002,35881,-1109,-3.0,36221,-769,-2.08,35881,37990,1399-9-8
259,فجر,فولاد اميركبيركاشان,1417,1726154,104598914500,60800,60000,60150,-650,-1.07,60600,-200,-0.33,58560,62100,1399-9-8
260,سرچشمه,سرمايه گذاري مس سرچشمه,1409,8051789,63616364945,7848,7520,7871,23,0.29,7901,53,0.68,7520,8100,1399-9-8
261,فپنتا,سپنتا,1395,352206,115895103700,313610,329280,329290,15680,5.0,329050,15440,4.92,321450,329290,1399-9-8
262,كفرآور,فرآورده هاي سيمان شرق,1392,4201961,78637309224,18351,18900,18901,550,3.0,18714,363,1.98,18352,18901,1399-9-8
263,خكاوه,سايپا ديزل,1384,18829682,83878709006,4588,4451,4451,-137,-2.99,4455,-133,-2.9,4451,4500,1399-9-8
264,ثشرق,سرمايه گذاري مسكن شمال شرق,1384,14165669,74005315310,5190,5190,5240,50,0.96,5220,30,0.58,5000,5380,1399-9-8
265,شكلر,نيروكلر,1381,1938919,101083635490,51220,51230,52600,1380,2.69,52130,910,1.78,50000,53200,1399-9-8
266,غبشهر,صنعتي‌ بهشهر,1376,3711541,88837612830,23900,23400,23980,80,0.33,23940,40,0.17,23000,24500,1399-9-8
267,شپديس,پتروشيمي پرديس,1360,3216182,351663114980,104250,106100,109460,5210,5.0,109340,5090,4.88,103010,109460,1399-9-8
268,زنگان,صنعت روي زنگان,1351,848692,82790919540,94400,89900,99120,4720,5.0,97551,3151,3.34,89900,99120,1399-9-8
269,جم,پتروشيمي جم,1348,5586212,248917684600,42630,44550,44760,2130,5.0,44560,1930,4.53,43100,44760,1399-9-8
270,وسبحان,سرمايه گذاري سبحان,1347,8935807,74363485433,8449,8111,8410,-39,-0.46,8322,-127,-1.5,8057,8517,1399-9-8
271,شدوص,دوده‌ صنعتي‌ پارس‌,1346,2760463,58905343120,21900,21300,21280,-620,-2.83,21340,-560,-2.56,20810,21890,1399-9-8
272,ملت,بيمه ملت,1337,6935659,104099400220,14320,14990,15030,710,4.96,15010,690,4.82,14510,15030,1399-9-8
273,پارس,پتروشيمي پارس,1324,3302295,516848533160,149970,145000,157460,7490,4.99,156510,6540,4.36,145000,157460,1399-9-8
274,حفارس,حمل و نقل بين المللي خليج فارس,1320,29751821,127284544730,4090,4260,4290,200,4.89,4280,190,4.65,4130,4290,1399-9-8
275,كرماشا,صنايع پتروشيمي كرمانشاه,1312,3063798,125458223330,39840,40500,41830,1990,4.99,40950,1110,2.79,39570,41830,1399-9-8
276,اتكام,شركت بيمه اتكايي امين,1299,7158274,45887580473,6216,6104,6497,281,4.52,6389,173,2.78,6104,6520,1399-9-8
277,سخوز,سيمان خوزستان,1294,4294702,93503597850,21920,21200,21970,50,0.23,21770,-150,-0.68,21100,22300,1399-9-8
278,غالبر,لبنيات‌ كالبر,1292,4629499,61314606070,12700,13290,13330,630,4.96,13240,540,4.25,12830,13330,1399-9-8
279,ولغدر,ليزينگ‌خودروغدير,1292,7913489,159820895280,19430,19820,20400,970,4.99,20200,770,3.96,18460,20400,1399-9-8
280,شفن,پتروشيمي فناوران,1284,307651,86990010390,279580,275020,286000,6420,2.3,282310,2730,0.98,266000,291500,1399-9-8
281,كبافق,معادن‌ بافق‌,1282,1862700,67154584820,34840,34340,36580,1740,4.99,36050,1210,3.47,34340,36580,1399-9-8
282,قاسم,قاسم ايران,1274,8274123,98661214482,11379,11947,11947,568,4.99,11924,545,4.79,11510,11947,1399-9-8
283,وتوسم,سرمايه‌گذاري‌توسعه‌ملي‌,1263,6804579,83554056930,12330,12100,12360,30,0.24,12280,-50,-0.41,11960,12580,1399-9-8
284,فخاس,فولاد خراسان,1263,3094545,94129535600,29530,29460,31000,1470,4.98,30340,810,2.74,28170,31000,1399-9-8
285,دسانكو,داروسازي سبحان انكولوژي,1263,3773337,58549823425,15586,15520,15462,-124,-0.8,15517,-69,-0.44,15020,16000,1399-9-8
286,وايرا,سرمايه گذاري صنايع ايران,1261,13587752,110948606583,8537,8111,8111,-426,-4.99,8165,-372,-4.36,8111,8443,1399-9-8
287,تيپيكو,سرمايه گذاري دارويي تامين,1258,1342158,79511811940,59710,57000,60000,290,0.49,59330,-380,-0.64,56920,60680,1399-9-8
288,زكوثر,سرمايه گذاري كشاورزي كوثر,1258,1771134,38061669660,20470,21490,21490,1020,4.98,21210,740,3.62,21490,21490,1399-9-8
289,آ س پ,آ.س.پ,1246,5237392,65912246725,12037,12530,12638,601,4.99,12585,548,4.55,12000,12638,1399-9-8
290,فباهنر,مس‌ شهيدباهنر,1245,1475382,76882205010,50970,50000,52950,1980,3.88,52110,1140,2.24,50000,53400,1399-9-8
291,وگستر,گسترش سرمايه گذاري ايرانيان,1239,4321031,99908438291,22079,22983,23182,1103,5.0,23121,1042,4.72,21610,23182,1399-9-8
292,كلوند,كاشي‌ الوند,1238,3066010,70076095310,23150,22500,23000,-150,-0.65,22860,-290,-1.25,22400,23750,1399-9-8
293,شكربن,كربن‌ ايران‌,1237,1258455,95114718750,79160,75210,75370,-3790,-4.79,75580,-3580,-4.52,75210,79100,1399-9-8
294,ضخود1044,اختيارخ خودرو-4000-1399/10/07,1231,40870,17220064000,454,449,400,-54,-11.89,421,-33,-7.27,398,450,1399-9-8
295,شاراك,پتروشيمي شازند,1218,9219631,193276968230,20090,19500,21090,1000,4.98,20960,870,4.33,19500,21090,1399-9-8
296,كروي,توسعه‌ معادن‌ روي‌ ايران‌,1217,7540465,230202945100,29100,30550,30550,1450,4.98,30530,1430,4.91,29900,30550,1399-9-8
297,قزوين,كارخانجات‌ قند قزوين‌,1214,1996980,89862504420,45080,43800,44330,-750,-1.66,45000,-80,-0.18,43600,47000,1399-9-8
298,پرديس,سرمايه گذاري پرديس,1213,8506543,60744611650,7020,6850,7320,300,4.27,7140,120,1.71,6840,7350,1399-9-8
299,تاپكيش,تجارت الكترونيك پارسيان كيش,1127,4611757,93499095146,19413,19780,20383,970,5.0,20274,861,4.44,18910,20383,1399-9-8
300,فاسمين,كالسيمين‌,1120,8132610,124677628970,14780,15000,15510,730,4.94,15330,550,3.72,14500,15510,1399-9-8
301,واتي,سرمايه‌ گذاري‌ آتيه‌ دماوند,1120,5893194,77031292190,13410,12740,13000,-410,-3.06,13070,-340,-2.54,12740,13510,1399-9-8
302,وبشهر,توسعه‌ صنايع‌ بهشهر(هلدينگ,1118,3079303,49869038140,16490,15700,16100,-390,-2.37,16210,-280,-1.7,15700,16970,1399-9-8
303,چكارن,كارتن‌ ايران‌,1071,12772485,46296885390,3470,3570,3640,170,4.9,3610,140,4.03,3510,3640,1399-9-8
304,شپارس,بين‌ المللي‌ محصولات‌  پارس‌,1070,4511897,65879797620,14540,14770,14810,270,1.86,14600,60,0.41,13910,15200,1399-9-8
305,شخارك,پتروشيمي‌ خارك‌,1069,2113159,90308639340,41110,40810,43160,2050,4.99,42540,1430,3.48,40810,43160,1399-9-8
306,غگرجي,بيسكويت‌  گرجي‌,1067,3118941,105494640310,32310,33840,33920,1610,4.98,33820,1510,4.67,32500,33920,1399-9-8
307,ونفت,سرمايه‌گذاري‌ صنعت‌ نفت‌,1055,6149307,88049162950,13790,13800,14470,680,4.93,14320,530,3.84,13620,14470,1399-9-8
308,وكادو,تكادو,1054,2963912,51606369705,17398,17850,17201,-197,-1.13,17412,14,0.08,16877,17850,1399-9-8
309,خراسان,پتروشيمي خراسان,1052,758584,54371348770,68730,70800,72160,3430,4.99,71670,2940,4.28,68270,72160,1399-9-8
310,شپاس,نفت پاسارگاد,1043,2832338,52631786068,18460,17880,18800,340,1.84,18582,122,0.66,17840,19150,1399-9-8
311,دفرا,فرآورده‌هاي‌ تزريقي‌ ايران‌,1040,1615446,41805683690,24250,26000,26190,1940,8.0,25530,1280,5.28,24700,26500,1399-9-8
312,اعتلا,شركت سرمايه گذاري اعتلاء البرز,1036,5248301,43470107505,8022,7780,8423,401,5.0,8242,220,2.74,7780,8423,1399-9-8
313,حبندر,دريايي و کشتيراني خط دريابندر,1015,2182188,60358970753,27002,27400,27812,810,3.0,27660,658,2.44,26192,27812,1399-9-8
314,آسيا,بيمه آسيا,1011,3294839,101280875500,29390,30390,30850,1460,4.97,30740,1350,4.59,29590,30850,1399-9-8
315,كاردان,صندوق س تجارت شاخصي كاردان,1010,564161,97394262930,170960,168510,173300,2340,1.37,172640,1680,0.98,168010,175000,1399-9-8
316,دتماد,توليدمواداوليه‌داروپخش‌,1009,1600860,80701153220,50990,49140,51210,220,0.43,50410,-580,-1.14,48450,52000,1399-9-8
317,فايرا,آلومينيوم‌ايران‌,1008,4400115,109323709000,23720,24900,24900,1180,4.97,24850,1130,4.76,23720,24900,1399-9-8
318,شيراز,پتروشيمي‌شيراز,1005,5700605,314796965480,52730,53680,55360,2630,4.99,55220,2490,4.72,51820,55360,1399-9-8
319,غپآذر,شير پگاه آذربايجان شرقي,1005,3163159,166828143624,50230,52741,52741,2511,5.0,52741,2511,5.0,52711,52741,1399-9-8
320,سرود,سيمان‌شاهرود,1004,2724684,37929398050,13790,13410,14090,300,2.18,13890,100,0.73,13410,14450,1399-9-8
321,كنور,توسعه معدني و صنعتي صبانور,1001,2883395,125912521230,42120,41330,44220,2100,4.99,43670,1550,3.68,40900,44220,1399-9-8
322,غپينو,پارس‌ مينو,998,11300603,77298763120,6540,6570,6860,320,4.89,6840,300,4.59,6540,6860,1399-9-8
323,وكار,بانك‌ كارآفرين‌,985,10665011,39923318060,3750,3610,3750,0,0.0,3740,-10,-0.27,3600,3890,1399-9-8
324,فيروزه,صندوق شاخص30 شركت فيروزه- سهام,979,482497,82823655400,171080,165720,172600,1520,0.89,171660,580,0.34,165720,173500,1399-9-8
325,وسين,بيمه سينا,967,8333719,194556622302,22243,23355,23355,1112,5.0,23346,1103,4.96,22830,23355,1399-9-8
326,غفارس,شير پاستوريزه پگاه فارس,962,5056028,48363656696,9214,9600,9674,460,4.99,9542,328,3.56,9221,9674,1399-9-8
327,بنيرو,نيروترانس‌,959,1321171,63404478420,46980,44660,49320,2340,4.98,47990,1010,2.15,44660,49320,1399-9-8
328,فرآور,فرآوري‌موادمعدني‌ايران‌,958,3415520,68156089210,19360,19340,20320,960,4.96,19950,590,3.05,18820,20320,1399-9-8
329,دتوليد,داروسازي توليد دارو,953,2163069,66263134864,29337,29337,30803,1466,5.0,30634,1297,4.42,28770,30803,1399-9-8
330,اميد,تامين سرمايه اميد,932,6875848,73320363310,10220,10700,10730,510,4.99,10660,440,4.31,10010,10730,1399-9-8
331,پارسيان,بيمه پارسيان,930,4584967,63865993380,13660,13920,13670,10,0.07,13930,270,1.98,13330,14340,1399-9-8
332,مرقام,ايران‌ارقام‌,929,4581325,103015226300,21770,22500,22850,1080,4.96,22490,720,3.31,20690,22850,1399-9-8
333,دعبيد,لابراتوارداروسازي‌  دكترعبيدي‌,929,1292669,37978810350,28240,28200,29650,1410,4.99,29060,820,2.9,28200,29650,1399-9-8
334,شوينده,مديريت صنعت شوينده ت.ص.بهشهر,922,6215609,259067142440,39730,41700,41710,1980,4.98,41680,1950,4.91,39780,41710,1399-9-8
335,شنفت,نفت‌ پارس‌,913,976707,58351893390,60140,57140,59200,-940,-1.56,59750,-390,-0.65,57140,62570,1399-9-8
336,بميلا,توسعه بازرگاني آهن وفولادميلاد,908,3139423,76230451573,23374,23800,24542,1168,5.0,24282,908,3.88,22674,24542,1399-9-8
337,سپ,پرداخت الكترونيك سامان كيش,908,7931882,131423065680,15790,16570,16570,780,4.94,16570,780,4.94,16210,16570,1399-9-8
338,خمحور,توليدمحورخودرو,906,1134148,75449794940,64200,60990,67410,3210,5.0,66530,2330,3.63,60990,67410,1399-9-8
339,شغدير,پتروشيمي غدير,898,8163841,448905682852,52400,53000,55020,2620,5.0,54987,2587,4.94,52900,55020,1399-9-8
340,پارند,صندوق س. پارند پايدار سپهر,890,29589378,337446061189,11404,11419,11401,-3,-0.03,11404,0,0.0,11400,11429,1399-9-8
341,تپولا,مهندسي مرآت پولاد,887,1795727,49840604455,27423,27500,26601,-822,-3.0,27755,332,1.21,26601,28245,1399-9-8
342,دابور,داروسازي‌ ابوريحان‌,881,926281,44591926050,47710,45350,47730,20,0.04,48090,380,0.8,45350,49500,1399-9-8
343,لپيام,گسترش صنايع پيام,878,2027246,50208394385,24120,24840,24843,723,3.0,24767,647,2.68,24150,24843,1399-9-8
344,خديزل,بهمن  ديزل,866,1152434,57472958514,50081,50000,50299,218,0.44,49871,-210,-0.42,48030,50985,1399-9-8
345,ساروم,سيمان‌اروميه‌,861,1697741,42772166600,24830,23610,25500,670,2.7,25140,310,1.25,23610,25990,1399-9-8
346,عيار,صندوق س. پشتوانه طلاي مفيد,857,638236,17075565674,27222,27100,26640,-582,-2.14,26754,-468,-1.72,26590,27100,1399-9-8
347,درازك,دارويي‌ رازك‌,853,2088550,85091715020,40320,40000,41310,990,2.46,40740,420,1.04,38350,42310,1399-9-8
348,قلرست,قند لرستان‌,848,1809961,45094052890,24000,24000,25200,1200,5.0,24790,790,3.29,23350,25200,1399-9-8
349,پسهند,صنايع‌ لاستيكي‌  سهند,844,1687230,63973767500,37440,35570,39310,1870,4.99,37920,480,1.28,35570,39310,1399-9-8
350,وپترو,سرمايه‌گذاري صنايع پتروشيمي‌,840,6107895,107673026340,16900,17500,17740,840,4.97,17630,730,4.32,16550,17740,1399-9-8
351,حآسا,آسيا سير ارس,838,6856288,139664812737,19436,19430,20407,971,5.0,20370,934,4.81,19000,20407,1399-9-8
352,هاي وب,داده گسترعصرنوين-هاي وب,838,3096266,81029281220,24930,26170,26170,1240,4.97,26170,1240,4.97,26170,26170,1399-9-8
353,كمنگنز,معادن‌منگنزايران‌,827,498409,43953606550,90460,87200,87630,-2830,-3.13,88410,-2050,-2.27,87140,90500,1399-9-8
354,ولشرق,ليزينگ ايران و شرق,825,13186460,85724279561,6209,6350,6519,310,4.99,6501,292,4.7,6310,6519,1399-9-8
355,لبوتان,گروه‌صنعتي‌بوتان‌,823,1230866,82856344840,64150,67350,67350,3200,4.99,67320,3170,4.94,65950,67350,1399-9-8
356,كيان,صندوق س. با درآمد ثابت كيان,822,17719187,462668379805,26061,26090,26099,38,0.15,26111,50,0.19,26090,26150,1399-9-8
357,دسبحا,گروه دارويي سبحان,810,3102084,58559607410,18050,18950,18950,900,4.99,18880,830,4.6,18520,18950,1399-9-8
358,مارون,پتروشيمي مارون,809,486787,63341878620,126368,126897,132686,6318,5.0,128677,2309,1.83,125002,132686,1399-9-8
359,كپشير,پشم‌شيشه‌ايران‌,807,2954767,50866641610,16620,16960,17450,830,4.99,17200,580,3.49,15900,17450,1399-9-8
360,واميد,گروه مديريت سرمايه گذاري اميد,796,1771224,66197141670,37490,36030,38000,510,1.36,37430,-60,-0.16,36000,38580,1399-9-8
361,فمراد,آلومراد,795,663029,76640491220,110890,108130,116430,5540,5.0,115590,4700,4.24,108130,116430,1399-9-8
362,بركت,گروه دارويي بركت,793,3935543,69193344260,17130,17300,17950,820,4.79,17580,450,2.63,17300,17970,1399-9-8
363,بخاور,بيمه زندگي خاورميانه,788,5822569,45908823907,8032,7970,7799,-233,-2.9,7894,-138,-1.72,7720,8100,1399-9-8
364,ولانا,شركت ليزينگ آريا دانا,787,1743295,31309804183,18017,18200,18100,83,0.46,17960,-57,-0.32,17477,18500,1399-9-8
365,غپاك,لبنيات‌ پاك‌,777,4744956,76735784230,15480,16240,16250,770,4.97,16170,690,4.46,15100,16250,1399-9-8
366,دكوثر,داروسازي‌ كوثر,776,1901994,41785401860,20980,21900,22020,1040,4.96,21770,790,3.77,21400,22020,1399-9-8
367,شبصير,توليدات پتروشيمي قائد بصير,767,751167,72960503039,93927,97300,98623,4696,5.0,97130,3203,3.41,91501,98623,1399-9-8
368,ركيش,كارت اعتباري ايران كيش,755,3730856,59943637070,16050,15250,16150,100,0.62,16070,20,0.12,15250,16650,1399-9-8
369,شراز,پالايش نفت شيراز,754,931323,90383682132,92649,94500,97281,4632,5.0,97049,4400,4.75,93500,97281,1399-9-8
370,فولاژ,فولاد آلياژي ايران,754,2913004,68837214680,22720,23450,23850,1130,4.97,23630,910,4.01,22180,23850,1399-9-8
371,ختراكح,ح . ريخته‌گري‌ تراكتورسازي‌,743,1984111,18847816570,8770,9570,9650,880,10.03,9500,730,8.32,9050,9650,1399-9-8
372,هجرت,پخش هجرت,742,1146022,75665372703,63166,63000,66324,3158,5.0,66024,2858,4.52,62220,66324,1399-9-8
373,گوهران,سرمايه گذاري توسعه گوهران اميد,737,3030515,24963190360,8096,7850,8220,124,1.53,8165,69,0.85,7850,8480,1399-9-8
374,بالبر,كابل‌ البرز,729,2114408,48978778200,22120,23180,23220,1100,4.97,23100,980,4.43,22120,23220,1399-9-8
375,قجام,فرآوردههاي غذايي وقندتربت‌جام‌,729,8579485,107925321977,10768,12250,12570,1802,16.73,12579,1811,16.82,12250,12617,1399-9-8
376,كپرور,فرآوري زغال سنگ پروده طبس,721,1284303,56028700607,42112,42737,44217,2105,5.0,43626,1514,3.6,41500,44217,1399-9-8
377,ثالوند,سرمايه گذاري مسكن الوند,721,2731128,41287276192,14474,15000,15197,723,5.0,14983,509,3.52,14700,15197,1399-9-8
378,كخاكح,ح . صنايع‌خاك‌چيني‌ايران‌,721,1475120,52697223820,35900,35060,35370,-530,-1.48,35720,-180,-0.5,34400,37050,1399-9-8
379,سفار,سيمان‌فارس‌,717,286331,24088532280,83700,79520,87380,3680,4.4,83910,210,0.25,79520,87880,1399-9-8
380,كسرا,سراميك‌هاي‌صنعتي‌اردكان‌,712,3319228,86309688890,24780,26010,26010,1230,4.96,26000,1220,4.92,25300,26010,1399-9-8
381,كطبس,ذغال‌سنگ‌ نگين‌ ط‌بس‌,712,1891777,108075198460,54530,57240,57250,2720,4.99,57130,2600,4.77,54540,57250,1399-9-8
382,بهپاك,صنعتي بهپاك,708,2852014,113120272909,37876,39769,39769,1893,5.0,39663,1787,4.72,38423,39769,1399-9-8
383,غگلستا,شير پاستوريزه پگاه گلستان,708,2561608,38259498505,14496,14400,15220,724,4.99,14823,327,2.26,13852,15220,1399-9-8
384,سخاش,سيمان‌خاش‌,701,260581,22283212990,83810,87700,85000,1190,1.42,84550,740,0.88,81400,87700,1399-9-8
385,جم پيلن,پلي پروپيلن جم - جم پيلن,700,950805,78443889660,82370,80400,82500,130,0.16,82500,130,0.16,80400,83900,1399-9-8
386,سغرب,سيمان‌غرب‌,692,2378288,41030696590,17870,16980,17470,-400,-2.24,17340,-530,-2.97,16980,17980,1399-9-8
387,بپاس,بيمه پاسارگاد,686,2713603,214789818259,75384,79153,79153,3769,5.0,79153,3769,5.0,79153,79153,1399-9-8
388,رتاپ,تجارت الكترونيك  پارسيان,686,5292725,35497796000,6430,6460,6750,320,4.98,6620,190,2.95,6460,6750,1399-9-8
389,وتوشه,سرمايه‌ گذاري‌ پارس‌ توشه‌,680,1454626,31509794400,22230,21900,21500,-730,-3.28,21860,-370,-1.66,21130,22570,1399-9-8
390,دپارس,پارس‌ دارو,670,223680,23753881340,107790,103000,106080,-1710,-1.59,107020,-770,-0.71,103000,108480,1399-9-8
391,حخزر,كشتيراني درياي خزر,669,2136521,53157388877,24778,25099,24990,212,0.86,24880,102,0.41,23540,25710,1399-9-8
392,رتكو,كنترل‌خوردگي‌تكين‌كو,667,6561319,114078961610,16740,16050,17570,830,4.96,17390,650,3.88,16050,17570,1399-9-8
393,خلنت,لنت‌ ترمزايران‌,666,443131,34468790540,78650,74730,78990,340,0.43,78050,-600,-0.76,74720,81200,1399-9-8
394,كفرا,فراورده‌ هاي‌ نسوزايران‌,655,595027,29097494290,50400,51980,48310,-2090,-4.15,49500,-900,-1.79,48000,51980,1399-9-8
395,ثزاگرس,سرمايه گذاري توسعه عمران زاگرس,653,1214634,47170000473,39925,41750,37930,-1995,-5.0,38835,-1090,-2.73,37929,41750,1399-9-8
396,اطلس,صندوق س.توسعه اندوخته آينده-س,647,153959,30411145835,194333,196890,198290,3957,2.04,197528,3195,1.64,194000,200000,1399-9-8
397,سصوفي,سيمان‌ صوفيان‌,644,3413130,48043114120,13460,14130,14130,670,4.98,14030,570,4.23,12800,14130,1399-9-8
398,خزر,فنرسازي‌زر,642,3321531,67925308950,19480,20450,20450,970,4.98,20450,970,4.98,20450,20450,1399-9-8
399,غشهد,شهد ايران ‌,641,5519754,38883195170,6720,7050,7050,330,4.91,6960,240,3.57,6850,7050,1399-9-8
400,ومعادنح,ح . توسعه‌معادن‌وفلزات‌,635,26457637,314531701580,11570,12000,12300,730,6.31,11890,320,2.77,11700,12300,1399-9-8
401,غچين,كشت‌ و صنعت‌ چين‌ چين,632,2338210,107486235460,43850,45500,46040,2190,4.99,45970,2120,4.83,45400,46040,1399-9-8
402,خموتور,موتورسازان‌تراكتورسازي‌ايران‌,618,4007253,42792659200,10210,10420,10720,510,5.0,10590,380,3.72,10210,10720,1399-9-8
403,ولصنم,ليزينگ‌صنعت‌ومعدن‌,611,7053058,61038912970,8290,8650,8700,410,4.95,8650,360,4.34,8300,8700,1399-9-8
404,بكام,كارخانجات توليدي شهيد قندي,609,8028616,35406196560,4200,4410,4410,210,5.0,4340,140,3.33,4410,4410,1399-9-8
405,وشهر,بانك شهر,606,9686037,70146279954,6964,7242,7242,278,3.99,7242,278,3.99,7242,7242,1399-9-8
406,كاريس,صندوق س.سپهر كاريزما-س,605,295871,58450182666,198489,191540,198900,411,0.21,197553,-936,-0.47,191540,201799,1399-9-8
407,فاما,صنعتي‌ آما,593,1428152,37687356280,25910,25800,26360,450,1.74,26260,350,1.35,25000,26840,1399-9-8
408,دسبحان,سبحان دارو,591,3261301,67572472130,19740,20720,20720,980,4.96,20720,980,4.96,20270,20720,1399-9-8
409,تبرك,گروه كارخانجات صنعتي تبرك,584,3047736,72277059240,22586,23715,23715,1129,5.0,23715,1129,5.0,23715,23715,1399-9-8
410,كي بي سي,شركت كي بي سي,582,1737334,52511993949,28788,30227,30227,1439,5.0,30226,1438,5.0,30010,30227,1399-9-8
411,پرداخت,به پرداخت ملت,577,547786,25367001230,44160,45850,46360,2200,4.98,45200,1040,2.36,44780,46360,1399-9-8
412,شجم,صنايع پتروشيمي تخت جمشيد,577,3153974,25034946202,7980,7750,8090,110,1.38,7938,-42,-0.53,7741,8196,1399-9-8
413,پخش,پخش البرز,568,3017630,125725600704,39682,41666,41666,1984,5.0,41664,1982,4.99,41368,41666,1399-9-8
414,ختراك,ريخته‌گري‌ تراكتورسازي‌ ايران‌,567,2906410,30322628710,9950,10440,10440,490,4.92,10230,280,2.81,10270,10440,1399-9-8
415,زر,صندوق س.پشتوانه سكه طلاي زر,563,458922,21424005908,47152,47800,46341,-811,-1.72,46683,-469,-0.99,46330,47800,1399-9-8
416,دالبر,البرزدارو,562,2675459,58479300640,20910,21300,21950,1040,4.97,21860,950,4.54,20920,21950,1399-9-8
417,اوان,مبين وان كيش,560,1234244,76091396857,59795,60990,61490,1695,2.83,61650,1855,3.1,57060,62784,1399-9-8
418,ثجوان,تامين مسكن جوانان,560,7388869,54022771769,6968,7316,7316,348,4.99,7311,343,4.92,7109,7316,1399-9-8
419,كشرق,صنعتي و معدني شمال شرق شاهرود,560,678034,49501837189,69783,72400,73272,3489,5.0,72835,3052,4.37,67320,73272,1399-9-8
420,قمرو,قند مرودشت‌,557,884329,24737186770,26740,27900,28070,1330,4.97,27320,580,2.17,27480,28070,1399-9-8
421,بساما,بيمه سامان,556,2041833,56566728303,26569,26778,27897,1328,5.0,27704,1135,4.27,25241,27897,1399-9-8
422,كيميا,معدني كيمياي زنجان گستران,556,1645955,44185009810,25959,24682,27256,1297,5.0,26716,757,2.92,24682,27256,1399-9-8
423,بفجر,فجر انرژي خليج فارس,555,1450757,41518236400,28390,27730,28630,240,0.85,28520,130,0.46,27730,28950,1399-9-8
424,مبين,مبين انرژي خليج فارس,550,1035843,22713086100,21860,21000,22110,250,1.14,21880,20,0.09,20950,22950,1399-9-8
425,ساراب,سيمان‌ داراب‌,548,2682405,32617202600,11620,12010,12200,580,4.99,11960,340,2.93,11900,12200,1399-9-8
426,ولملت,واسپاري ملت,547,1839630,18319004420,10130,10130,9860,-270,-2.67,10070,-60,-0.59,9700,10380,1399-9-8
427,مداران,داده‌پردازي‌ايران‌,547,1826945,40407837180,21210,21600,22270,1060,5.0,21910,700,3.3,20800,22270,1399-9-8
428,شگل,گلتاش‌,546,2264012,56573090680,24110,23800,25310,1200,4.98,24990,880,3.65,23700,25310,1399-9-8
429,سشمال,سيمان‌ شمال‌,545,3004619,24405859000,8210,7940,8150,-60,-0.73,8170,-40,-0.49,7800,8440,1399-9-8
430,نيرو,نيرو سرمايه,542,624948,27689947066,43639,44940,44000,361,0.83,44308,669,1.53,42330,44948,1399-9-8
431,دزهراوي,داروسازي‌زهراوي‌,535,2755703,33702247690,11650,12230,12230,580,4.98,12020,370,3.18,12230,12230,1399-9-8
432,تشتاد,صنايع توليدي اشتاد ايران‌,531,2293835,34406758420,14914,14467,15130,216,1.45,15000,86,0.58,14467,15361,1399-9-8
433,ساينا,صنايع بهداشتي ساينا,529,68189,12739915175,188161,188000,186600,-1561,-0.83,187820,-341,-0.18,180000,190810,1399-9-8
434,دانا,بيمه دانا,526,5420294,34354024210,6080,6120,6380,300,4.93,6250,170,2.8,6070,6380,1399-9-8
435,شرانل,نفت ايرانول,526,1351928,47208949233,33287,34951,34951,1664,5.0,34757,1470,4.42,33500,34951,1399-9-8
436,سبجنو,سيمان‌ بجنورد,516,753692,23455700690,31540,32980,30500,-1040,-3.3,31340,-200,-0.63,30300,33100,1399-9-8
437,حپارسا,توسعه حمل و نقل ريلي پارسيان,502,1803605,60377480980,31882,33476,33476,1594,5.0,33476,1594,5.0,33476,33476,1399-9-8
438,سكه0012پ01,سكه تمام بهارتحويلي 1روزه رفاه,501,172300,182484622500,1070460,1068500,1057000,-13460,-1.26,1059110,-11350,-1.06,1055001,1070000,1399-9-8
439,وسلرستا,شركت س استان لرستان,489,15099062,12706196810,880,840,840,-40,-4.55,870,-10,-1.14,840,860,1399-9-8
440,دارو,كارخانجات‌داروپخش‌,489,457349,25013364150,55530,54000,55010,-520,-0.94,55100,-430,-0.77,53650,56200,1399-9-8
441,دسينا,داروسازي‌ سينا,486,967971,27146375100,26790,28110,28120,1330,4.96,27440,650,2.43,27700,28120,1399-9-8
442,شفا,سرمايه گذاري شفادارو,479,337914,18710959640,54560,54980,55400,840,1.54,54860,300,0.55,54000,56500,1399-9-8
443,فزرين,زرين معدن آسيا,476,2890109,67325372733,22247,22520,23359,1112,5.0,23295,1048,4.71,22520,23359,1399-9-8
444,سفاسي,شركت فارسيت اهواز,473,1840562,20844364650,10996,11325,11325,329,2.99,11325,329,2.99,11325,11325,1399-9-8
445,سفانو,سيمان فارس نو,472,1270984,38837005320,29220,30480,30680,1460,5.0,30210,990,3.39,29520,30680,1399-9-8
446,آتيمس,صندوق س.آرمان آتيه درخشان مس-س,470,182753,37800971760,206862,197111,206511,-351,-0.17,206842,-20,-0.01,197111,210988,1399-9-8
447,وارس,سرمايه گذاري ارس صبا,470,647013,58721926906,86844,91186,91186,4342,5.0,90758,3914,4.51,86844,91186,1399-9-8
448,وپخش,داروپخش‌ (هلدينگ‌,458,264257,35215232490,128590,122600,134980,6390,4.97,131760,3170,2.47,122600,135010,1399-9-8
449,شتولي,تولي‌پرس‌,451,1300065,30322204689,23571,23880,23700,129,0.55,23324,-247,-1.05,23100,23900,1399-9-8
450,غمهرا,توليدي‌مهرام‌,450,428257,22235540010,51250,51250,52000,750,1.46,51540,290,0.57,48700,53520,1399-9-8
451,افق ملت,صندوق س در سهام افق ملت,450,194031,25311802620,129710,126760,130520,810,0.62,130450,740,0.57,126760,131500,1399-9-8
452,دجابر,داروسازي‌ جابرابن‌حيان‌,450,1215345,43431695710,34250,33300,35960,1710,4.99,35490,1240,3.62,33240,35960,1399-9-8
453,واعتبار,سرمايه گذاري اعتبار ايران,448,8322963,44294436700,5100,5270,5350,250,4.9,5290,190,3.73,4850,5350,1399-9-8
454,رنيك,جنرال مكانيك,443,2182014,54748913274,23897,25091,25091,1194,5.0,25091,1194,5.0,25091,25091,1399-9-8
455,آساس,صندوق س.آسمان آرماني سهام-س,440,272258,44641320579,165337,160000,163998,-1339,-0.81,163967,-1370,-0.83,160000,166985,1399-9-8
456,وثخوز,سرمايه گذاري و توسعه خوزستان,434,765862,27944907100,35039,36790,36790,1751,5.0,36488,1449,4.14,33288,36790,1399-9-8
457,وسناح,ح. سرمايه گذاري نيروگاهي ايران,433,2732517,26047737138,9311,9308,9590,279,3.0,9533,222,2.38,9035,9590,1399-9-8
458,وتعاون,بيمه  تعاون,427,2526061,17015869272,6557,6640,6753,196,2.99,6705,148,2.26,6640,6753,1399-9-8
459,قپيرا,فرآورده‌هاي‌غدايي‌وقندپيرانشهر,425,360710,32109817300,87580,86900,91950,4370,4.99,88490,910,1.04,83510,91950,1399-9-8
460,شپلي,پلي اكريل ايران,418,8261327,58680205681,6897,7103,7103,206,2.99,7103,206,2.99,7103,7103,1399-9-8
461,كسعدي,كاشي‌ سعدي‌,417,1907783,70378114870,35140,36890,36890,1750,4.98,36890,1750,4.98,36890,36890,1399-9-8
462,وآرين,شركت توسعه اقتصادي آرين,414,3860836,23192746005,5731,6017,6017,286,4.99,6007,276,4.82,5900,6017,1399-9-8
463,كخاك,صنايع‌خاك‌چيني‌ايران‌,412,425543,17397207810,41100,40000,41000,-100,-0.24,41020,-80,-0.19,40000,42000,1399-9-8
464,وپسا,س. پتروشيمي ساختمان  خليج فارس,408,23139316,91951181869,5077,3910,4027,-1050,-20.68,3974,-1103,-21.73,3910,4027,1399-9-8
465,لابسا,آبسال‌,404,865676,29824675420,32840,34480,34480,1640,4.99,33760,920,2.8,32000,34480,1399-9-8
466,سلار,شركت سيمان لارستان,402,1081175,32679998760,29643,28755,30532,889,3.0,30226,583,1.97,28754,30532,1399-9-8
467,سكرما,سيمان‌ كرمان‌,400,2089459,30295572660,13930,13900,14620,690,4.95,14260,330,2.37,13500,14620,1399-9-8
468,سباقر,سيمان باقران,391,1484501,21661276515,14184,14000,14609,425,3.0,14592,408,2.88,14000,14609,1399-9-8
469,فلات,گروه صنايع معادن فلات ايرانيان,389,2533212,36675578003,14899,14890,14453,-446,-2.99,14478,-421,-2.83,14453,14910,1399-9-8
470,ضصاد1102,اختيارخ وبصادر-3500-1399/11/12,388,11914,6587055000,555,481,500,-55,-9.91,553,-2,-0.36,481,610,1399-9-8
471,اتكاي,بيمه اتكايي ايرانيان,385,1705300,23674353016,13230,13891,13891,661,5.0,13525,295,2.23,13501,13891,1399-9-8
472,شلعاب,لعابيران‌,381,3967267,31341409300,7530,7900,7900,370,4.91,7750,220,2.92,7900,7900,1399-9-8
473,قشهد,شهد,378,674815,20149803390,28820,28800,30260,1440,5.0,29220,400,1.39,28220,30260,1399-9-8
474,خكرمان,گروه اقتصادي كرمان خودرو,378,6078348,29279402316,4677,4817,4817,140,2.99,4817,140,2.99,4817,4817,1399-9-8
475,زنجان,صنايع كشاورزي وكود زنجان,367,6300387,50220384777,7739,7971,7971,232,3.0,7971,232,3.0,7971,7971,1399-9-8
476,سفارود,كارخانه فارسيت درود,360,2777151,27617052640,9956,10140,9757,-199,-2.0,9944,-12,-0.12,9757,10155,1399-9-8
477,شاوان,پالايش نفت لاوان,353,1251787,132268561893,100654,105686,105686,5032,5.0,105664,5010,4.98,102001,105686,1399-9-8
478,ثفارس,عمران‌وتوسعه‌فارس‌,352,3436124,26286348600,7290,7650,7650,360,4.94,7470,180,2.47,7650,7650,1399-9-8
479,تملتح,ح . تامين سرمايه بانك ملت,347,4602453,36819624000,8000,8000,8000,0,0.0,8000,0,0.0,8000,8000,1399-9-8
480,اپرداز,آتيه داده پرداز,344,1345063,37660989970,26705,26400,28040,1335,5.0,27635,930,3.48,26400,28040,1399-9-8
481,داوه,داروسازي آوه سينا,341,1117229,18217091830,15548,16100,16325,777,5.0,15811,263,1.69,16001,16325,1399-9-8
482,دروز,داروسازي‌ روزدارو,337,541791,8910571620,16370,15590,16600,230,1.41,16380,10,0.06,15590,16890,1399-9-8
483,ضجار1017,اختيارخ وتجارت-4500-1399/10/21,325,20593,4150502000,224,250,195,-29,-12.95,202,-22,-9.82,195,250,1399-9-8
484,شتوكا,توكا رنگ فولاد سپاهان,324,457450,18364730672,38251,40163,40163,1912,5.0,38914,663,1.73,39050,40163,1399-9-8
485,وهنر,گروه توسعه هنر ايران,322,5995639,25101065378,4093,3971,4215,122,2.98,4187,94,2.3,3971,4215,1399-9-8
486,دشيري,شيرين دارو,320,171970,27592957321,155927,160604,160604,4677,3.0,160452,4525,2.9,156540,160604,1399-9-8
487,سجام,مجتمع سيمان غرب آسيا,319,1475948,21337428807,14320,14495,14531,211,1.47,14457,137,0.96,14320,14659,1399-9-8
488,سبهان,سيمان‌ بهبهان‌,317,184003,9733817340,52380,51230,53240,860,1.64,52480,100,0.19,51230,54260,1399-9-8
489,شلرد,كود شيميايي اوره لردگان,317,6609488,57971819248,8516,8771,8771,255,2.99,8771,255,2.99,8771,8771,1399-9-8
490,زعف0008پ11,زعفران0008نگين سحرخيز(پ),316,108058,13472845885,124507,124000,125200,693,0.56,124682,175,0.14,123004,126000,1399-9-8
491,شكبير,پتروشيمي اميركبير,310,429310,23802335591,54069,52600,55680,1611,2.98,54479,410,0.76,52600,55691,1399-9-8
492,كمينا,شيشه سازي مينا,310,1009394,31887757076,30090,31594,31594,1504,5.0,31591,1501,4.99,30595,31594,1399-9-8
493,گوهر,صندوق سكه طلاي كيان,299,167112,9006509955,55080,54000,53653,-1427,-2.59,53895,-1185,-2.15,53650,54490,1399-9-8
494,ضجار1016,اختيارخ وتجارت-4000-1399/10/21,298,13076,4703697000,374,415,340,-34,-9.09,360,-14,-3.74,302,415,1399-9-8
495,ضفلا1156,اختيارخ فولاد-16000-1399/11/28,297,5106,8274128000,1204,1460,1800,596,49.5,1620,416,34.55,1220,1989,1399-9-8
496,ديران,ايران‌دارو,287,942917,22856308080,23090,24240,24240,1150,4.98,23590,500,2.17,24240,24240,1399-9-8
497,بمپنا,توليد برق عسلويه  مپنا,286,107356,9899769772,88981,92980,92950,3969,4.46,89599,618,0.69,88990,93390,1399-9-8
498,سيستم,همكاران سيستم,284,1679135,52957617760,30050,31550,31550,1500,4.99,31540,1490,4.96,30270,31550,1399-9-8
499,بنو,بيمه تجارت نو,282,1918375,44717321250,22200,23310,23310,1110,5.0,23145,945,4.26,23310,23310,1399-9-8
500,گپارس,امور رفاهي كارگزاران پارس,272,163828,20626798574,126324,130113,123500,-2824,-2.24,125905,-419,-0.33,122535,130113,1399-9-8
501,شپترو,پتروشيمي آبادان,270,2963407,12745613507,4176,4301,4301,125,2.99,4253,77,1.84,4301,4301,1399-9-8
502,غمهراح,ح . توليدي‌مهرام‌,267,231672,11359990200,49130,48600,47660,-1470,-2.99,49030,-100,-0.2,47560,50000,1399-9-8
503,زمگسا,كشاورزي‌ ودامپروي‌ مگسال‌,267,935869,40392106040,39240,43160,43160,3920,9.99,42120,2880,7.34,43160,43160,1399-9-8
504,وسكرمان,س.سهام عدالت استان كرمان,266,8205099,8269408630,990,1030,1030,40,4.04,990,0,0.0,960,1030,1399-9-8
505,سامان,بانك سامان,261,4537504,48782705504,10438,10751,10751,313,3.0,10747,309,2.96,10751,10751,1399-9-8
506,سكارون,سيمان كارون,258,236667,33760948485,138868,142900,143034,4166,3.0,142652,3784,2.72,136100,143034,1399-9-8
507,ضپاس1002,اختيارخ وپارس-3000-1399/10/30,254,9119,10537160000,1224,1255,1079,-145,-11.85,1156,-68,-5.56,900,1316,1399-9-8
508,وسنا,سرمايه گذاري نيروگاهي ايران,252,2591018,32252145086,11887,12000,12481,594,5.0,12448,561,4.72,11750,12481,1399-9-8
509,وسديد,گروه ‌صنعتي‌سديد,251,467601,9129909525,20128,19525,19525,-603,-3.0,19951,-177,-0.88,19525,19525,1399-9-8
510,زفكا,كشت و دامداري فكا,249,1763167,94925384946,51275,53838,53838,2563,5.0,53838,2563,5.0,53838,53838,1399-9-8
511,شاملا,معدني‌ املاح‌  ايران‌,249,258705,15569865790,60880,60900,60400,-480,-0.79,60660,-220,-0.36,58640,61000,1399-9-8
512,سدبير,س. تدبيرگران فارس وخوزستان,249,1608217,55714087151,33054,34000,34706,1652,5.0,34643,1589,4.81,33254,34706,1399-9-8
513,خفولا,خدمات فني فولاد يزد,247,517250,16842694500,31614,32562,32562,948,3.0,32389,775,2.45,32562,32562,1399-9-8
514,بالاس,مهندسي ساختمان تاسيسات راه آهن,244,437135,23497754790,51195,53754,53754,2559,5.0,52340,1145,2.24,53754,53754,1399-9-8
515,پلاسك,پلاسكوكار,243,770284,6162272000,8420,8000,8000,-420,-4.99,8370,-50,-0.59,8000,8000,1399-9-8
516,دارا,صندوق س. دارا الگوريتم-د,242,5760227,57652231700,10004,10015,10010,6,0.06,10009,5,0.05,9991,10018,1399-9-8
517,حپترو,حمل و نقل پتروشيمي( سهامي عام,242,861854,23254459440,25720,27000,27000,1280,4.98,26280,560,2.18,26110,27000,1399-9-8
518,ضصاد1104,اختيارخ وبصادر-4500-1399/11/12,242,12040,2501565000,211,160,200,-11,-5.21,208,-3,-1.42,160,250,1399-9-8
519,سهرمز,سيمان‌هرمزگان‌,240,1939437,35326011260,17360,18200,18220,860,4.95,17940,580,3.34,17500,18220,1399-9-8
520,ضخود1042,اختيارخ خودرو-3000-1399/10/07,238,7601,7632364000,1109,961,1020,-89,-8.03,1004,-105,-9.47,950,1090,1399-9-8
521,ولراز,ليزينگ رازي,237,412363,13278088600,31263,32200,32200,937,3.0,31867,604,1.93,32200,32200,1399-9-8
522,واحصا,احياء صنايع خراسان,233,1254497,29070626897,22835,23520,23520,685,3.0,23173,338,1.48,22152,23520,1399-9-8
523,ساذريح,ح . آذريت‌,230,3630164,21434709005,6075,5893,5893,-182,-3.0,5905,-170,-2.8,5893,6160,1399-9-8
524,سيمرغ,سيمرغ,227,795250,13113672500,15710,16490,16490,780,4.96,15900,190,1.21,16490,16490,1399-9-8
525,چفيبر,فيبر ايران‌,226,4139614,28977298000,6670,7000,7000,330,4.95,6850,180,2.7,7000,7000,1399-9-8
526,ددام,داروسازي زاگرس فارمد پارس,225,6163965,82227293100,12710,13340,13340,630,4.96,13340,630,4.96,13340,13340,1399-9-8
527,وآفري,بيمه كارآفرين,222,1197153,16660526107,14076,14000,14070,-6,-0.04,13942,-134,-0.95,13662,14300,1399-9-8
528,زشريف,كشت وصنعت شريف آباد,221,2036185,47677271775,22300,23415,23415,1115,5.0,23313,1013,4.54,23415,23415,1399-9-8
529,فلامي,لاميران‌,218,621364,23649113840,36250,38060,38060,1810,4.99,37070,820,2.26,38060,38060,1399-9-8
530,ياقوت,صندوق س ياقوت آگاه-ثابت,217,6371424,72691904524,11372,11391,11410,38,0.33,11409,37,0.33,11391,11420,1399-9-8
531,دكپسول,توليد ژلاتين كپسول ايران,217,528044,19853338350,35810,37600,37600,1790,5.0,36486,676,1.89,37000,37600,1399-9-8
532,وحافظ,بيمه حافظ,213,527417,27811753244,54362,52732,52732,-1630,-3.0,52732,-1630,-3.0,52732,52732,1399-9-8
533,تايرا,تراكتورسازي‌ايران‌,211,3506401,99476596370,27020,28370,28370,1350,5.0,28370,1350,5.0,28370,28370,1399-9-8
534,غمارگ,مارگارين‌,208,982622,33065230300,32050,33650,33650,1600,4.99,33060,1010,3.15,33650,33650,1399-9-8
535,سمتاز,سيمان ممتازان كرمان,207,577395,12473871971,21788,21135,21472,-316,-1.45,21672,-116,-0.53,21135,22200,1399-9-8
536,كهمدا,شيشه‌ همدان‌,203,3150337,39190192280,11850,12440,12440,590,4.98,12290,440,3.71,12440,12440,1399-9-8
537,داسوه,داروسازي‌ اسوه‌,203,409995,11252240450,26160,27460,27460,1300,4.97,26440,280,1.07,27250,27460,1399-9-8
538,وزمين,بانك ايران زمين,200,3150534,39069772134,12654,12401,12401,-253,-2.0,12401,-253,-2.0,12401,12401,1399-9-8
539,كفپارس,فرآورده‌هاي‌ نسوز پارس‌,198,674036,5810190320,9070,8620,8620,-450,-4.96,9010,-60,-0.66,8620,8620,1399-9-8
540,سكه9912پ04,سكه تمام بهارتحويل1روزه صادرات,193,78200,82778802400,1068418,1058134,1058500,-9918,-0.93,1058552,-9866,-0.92,1051000,1065331,1399-9-8
541,ضپاس1005,اختيارخ وپارس-4500-1399/10/30,193,10123,3664621000,374,400,325,-49,-13.1,362,-12,-3.21,325,400,1399-9-8
542,ثعتما,س. ساختماني اعتماد گستر,192,473839,18926385577,38794,39957,39957,1163,3.0,39850,1056,2.72,39200,39957,1399-9-8
543,ثاصفا,شركت‌ ساختمان‌ اصفهان‌,192,502332,16216783956,31343,32283,32283,940,3.0,32083,740,2.36,32283,32283,1399-9-8
544,ضفلا1155,اختيارخ فولاد-14000-1399/11/28,192,3982,9550745000,1904,2340,2590,686,36.03,2398,494,25.95,2000,2590,1399-9-8
545,ثتران,سرمايه گذاري مسكن تهران,190,3893378,19112592602,4676,4909,4909,233,4.98,4761,85,1.82,4909,4909,1399-9-8
546,آكورد,صندوق س. آرمان آتي كوثر-د,186,2446394,72270282502,29498,29542,29547,49,0.17,29542,44,0.15,29527,29552,1399-9-8
547,سقاين,سيمان‌ قائن‌,184,211943,8621845940,39750,40000,40210,460,1.16,39910,160,0.4,39010,41370,1399-9-8
548,فنفت,صنايع تجهيزات نفت,182,514681,7036590183,13391,13780,13792,401,2.99,13488,97,0.72,13030,13792,1399-9-8
549,كاسپين,داروسازي كاسپين تامين,175,1154214,30331589706,25028,26279,26279,1251,5.0,25751,723,2.89,26279,26279,1399-9-8
550,الماس,صندوق س.امين تدبيرگران فردا-س,174,98428,11350826601,113373,115890,115000,1627,1.44,115321,1948,1.72,112516,119676,1399-9-8
551,ضپاس1003,اختيارخ وپارس-3500-1399/10/30,174,5857,4811806000,884,830,758,-126,-14.25,822,-62,-7.01,732,979,1399-9-8
552,غبهنوش,بهنوش‌ ايران‌,173,519097,42036475060,73620,80980,80980,7360,10.0,79250,5630,7.65,80980,80980,1399-9-8
553,سيلام,سيمان‌ ايلام‌,172,1889008,18531168480,10320,9810,9810,-510,-4.94,10120,-200,-1.94,9810,9810,1399-9-8
554,سيدكو,سرمايه گذاري توسعه صنايع سيمان,171,3081086,24094092520,7450,7820,7820,370,4.97,7620,170,2.28,7820,7820,1399-9-8
555,لكما,كارخانجات‌مخابراتي‌ايران‌,163,1254131,12366985791,10379,9861,9861,-518,-4.99,10042,-337,-3.25,9861,9861,1399-9-8
556,ارمغان,ص سرمايه گذاري ارمغان ايرانيان,163,5562670,56381238652,10131,10137,10134,3,0.03,10136,5,0.05,10132,10146,1399-9-8
557,زعف0008پ05,زعفران0008نگين زرين(پ),162,116928,14495037491,124069,123010,125990,1921,1.55,123965,-104,-0.08,122503,125990,1399-9-8
558,ضجار1014,اختيارخ وتجارت-3000-1399/10/21,162,4423,4188914000,975,1001,860,-115,-11.79,947,-28,-2.87,850,1001,1399-9-8
559,غدام,خوراك‌  دام‌ پارس‌,160,80604,26162446320,309130,324580,324580,15450,5.0,316830,7700,2.49,324580,324580,1399-9-8
560,تسه9907,امتياز تسهيلات مسكن مهر99,159,4178,2758086701,694807,660067,660067,-34740,-5.0,660145,-34662,-4.99,660067,661005,1399-9-8
561,زكشت,كشاورزي مكانيزه اصفهان كشت,157,1076541,33849678663,29946,31443,31443,1497,5.0,30911,965,3.22,31443,31443,1399-9-8
562,صايند,صندوق س. گنجينه آينده روشن-د,150,2138950,21594160170,10088,10101,10115,27,0.27,10096,8,0.08,10082,10115,1399-9-8
563,وسرمد,بيمه  سرمد,149,1748161,11100634534,6197,6382,6382,185,2.99,6280,83,1.34,6270,6382,1399-9-8
564,ضخود1048,اختيارخ خودرو-7000-1399/10/07,137,5064,160604000,37,54,31,-6,-16.22,32,-5,-13.51,30,54,1399-9-8
565,سپاس,صندوق س. پاداش سهامداري توسعه1,136,4191564,42447070561,10115,10130,10123,8,0.08,10127,12,0.12,10123,10130,1399-9-8
566,تسه9710,امتياز تسهيلات مسكن دي 97,135,1457,956760579,677984,684980,645008,-32976,-4.86,656665,-21319,-3.14,645000,684980,1399-9-8
567,درهآور,دارويي ره آورد تامين,135,297232,10783874192,34554,36281,36281,1727,5.0,34909,355,1.03,36281,36281,1399-9-8
568,آبين,كشت و صنعت آبشيرين,133,4376086,15784542202,3502,3607,3607,105,3.0,3582,80,2.28,3607,3607,1399-9-8
569,سخزر,سيمان‌ خزر,133,898723,22791615280,24160,25360,25360,1200,4.97,24680,520,2.15,25360,25360,1399-9-8
570,وتوكا,سرمايه‌گذاري‌توكافولاد(هلدينگ,132,2464051,26414626720,10210,10720,10720,510,5.0,10470,260,2.55,10720,10720,1399-9-8
571,ولتجار,واسپاري تجارت وسرمايه ايرانيان,132,1476707,9013819528,5814,6104,6104,290,4.99,5938,124,2.13,6104,6104,1399-9-8
572,ضفار1125,اختيارخ فارس-17826-1399/11/07,129,2065,2567436000,495,540,700,205,41.41,622,127,25.66,531,700,1399-9-8
573,سكه0011پ02,سكه تمام بهارتحويلي 1روزه ملت,129,28100,29729881300,1069891,1051019,1058994,-10897,-1.02,1058003,-11888,-1.11,1051010,1061999,1399-9-8
574,كگهر,سنگ آهن گهرزمين,128,380142,16565828076,41503,43578,43578,2075,5.0,41776,273,0.66,43578,43578,1399-9-8
575,تسه9904,امتياز تسهيلات مسكن تير99,127,842,554441132,692637,658006,658006,-34631,-5.0,658481,-34156,-4.93,658006,680000,1399-9-8
576,وسصفا,شركت س استان اصفهان,127,5243234,5400531020,990,1030,1030,40,4.04,990,0,0.0,1030,1030,1399-9-8
577,وجامي,سرمايه گذاري جامي,127,829320,7444805640,8716,8977,8977,261,2.99,8810,94,1.08,8977,8977,1399-9-8
578,ضخود1045,اختيارخ خودرو-4500-1399/10/07,125,5806,1547300000,303,273,250,-53,-17.49,267,-36,-11.88,250,300,1399-9-8
579,وملت,سرمايه گذاري ملت,125,631268,2721396348,4398,4311,4311,-87,-1.98,4374,-24,-0.55,4311,4311,1399-9-8
580,دكيمي,كيميدارو,124,419798,10641879300,24150,25350,25350,1200,4.97,24390,240,0.99,25350,25350,1399-9-8
581,تسه9810,امتياز تسهيلات مسكن دي98,124,2954,2027711720,708107,672702,672702,-35405,-5.0,686429,-21678,-3.06,672702,710000,1399-9-8
582,زگلدشت,كشت و دام گلدشت نمونه اصفهان,117,1093134,42921906510,37396,39265,39265,1869,5.0,38924,1528,4.09,39265,39265,1399-9-8
583,زماهان,مجتمع توليد گوشت مرغ ماهان,114,807684,19577452476,23085,24239,24239,1154,5.0,23515,430,1.86,24239,24239,1399-9-8
584,وثنو,سرمايه گذاري ساختماني نوين,111,942864,13387725936,13523,14199,14199,676,5.0,13954,431,3.19,14199,14199,1399-9-8
585,اميدح,ح . تامين سرمايه اميد,110,567514,5675140000,18410,10000,10000,-8410,-45.68,10000,-8410,-45.68,10000,10000,1399-9-8
586,كقزوي,شيشه‌ قزوين‌,109,401533,2946850687,7565,7339,7339,-226,-2.99,7531,-34,-0.45,7339,7339,1399-9-8
587,كمرجان,بازرگاني و توليدي مرجان كار,108,386961,25520077950,62810,65950,65950,3140,5.0,64336,1526,2.43,65950,65950,1399-9-8
588,ضجار1015,اختيارخ وتجارت-3500-1399/10/21,108,4138,2688971000,675,799,570,-105,-15.56,650,-25,-3.7,546,799,1399-9-8
589,تكنار,مجتمع معادن مس تكنار,106,190971,17040533301,86633,89231,89231,2598,3.0,88782,2149,2.48,89231,89231,1399-9-8
590,اخزا817,اسنادخزانه-م17بودجه98-010512,104,126348,92578668596,725485,727900,738000,12515,1.73,732728,7243,1.0,727500,761759,1399-9-8
591,ضخود1043,اختيارخ خودرو-3500-1399/10/07,103,3657,2503808000,756,700,688,-68,-8.99,685,-71,-9.39,620,728,1399-9-8
592,قهكمت,قندهكمتان‌,102,1406119,77153749530,52260,54870,54870,2610,4.99,54870,2610,4.99,54870,54870,1399-9-8
593,غشوكو,شوكو پارس,101,80321,3410028055,44689,42455,42455,-2234,-5.0,44288,-401,-0.9,42455,42455,1399-9-8
594,ثامان,سامان‌ گستراصفهان‌,100,965908,20032931920,21830,20740,20740,-1090,-4.99,21370,-460,-2.11,20740,20740,1399-9-8
595,تسه9712,امتياز تسهيلات مسكن اسفند97,97,1178,777807909,690861,657032,656319,-34542,-5.0,660278,-30583,-4.43,656318,670000,1399-9-8
596,صنوين,صندوق سرمايه‌گذاري صنوين-مختلط,97,31521,3232290920,102800,102500,102700,-100,-0.1,102540,-260,-0.25,102500,103310,1399-9-8
597,سنوين,سرمايه گذاري اقتصاد نوين,96,995087,9390162185,9269,9454,9454,185,2.0,9424,155,1.67,9360,9454,1399-9-8
598,تسه9903,امتياز تسهيلات مسكن خرداد99,95,851,572775054,701980,666881,666881,-35099,-5.0,673061,-28919,-4.12,666881,683335,1399-9-8
599,نمرينو,ايران‌ مرينوس‌,93,157631,9454707380,57130,59980,59980,2850,4.99,57640,510,0.89,59980,59980,1399-9-8
600,بذر,صندوق س بذر اميد آفرين-سهام,92,15724,1700755240,106080,108010,107700,1620,1.53,108160,2080,1.96,106120,109000,1399-9-8
601,وسهمدا,شركت س استان همدان,92,1141009,981385480,900,860,860,-40,-4.44,900,0,0.0,860,880,1399-9-8
602,دمعيار,صندوق س. توازن معيار-د,92,5090895,51088149589,10019,10035,10034,15,0.15,10035,16,0.16,10025,10045,1399-9-8
603,ثنظام,س. ساختماني نظام مهندسي ايران,91,231827,9603433475,43605,41425,41425,-2180,-5.0,42503,-1102,-2.53,41425,41425,1399-9-8
604,فنورد,نوردوقطعات‌ فولادي‌,89,128375,23193511250,172070,180670,180670,8600,5.0,175870,3800,2.21,180670,180670,1399-9-8
605,ثغرب,شركت سرمايه گذاري مسكن شمالغرب,88,2440824,28914001104,12469,11846,11846,-623,-5.0,12090,-379,-3.04,11846,11846,1399-9-8
606,ثقزوي,شركت عمران و سازندگي قزوين,88,163911,4166617620,26206,25420,25420,-786,-3.0,26037,-169,-0.64,25420,25420,1399-9-8
607,بموتو,موتوژن‌,87,214503,9669795240,42940,45080,45080,2140,4.98,43330,390,0.91,45080,45080,1399-9-8
608,آساميد,صندوق س.مشترك آسمان اميد -د,85,3857842,42755637117,11064,11071,11085,21,0.19,11083,19,0.17,11071,11093,1399-9-8
609,وبرق,س.کارکنان صنعت برق زنجان وقزوي,85,47834,8496896922,172460,177633,177633,5173,3.0,174594,2134,1.24,177633,177633,1399-9-8
610,ضپاس1001,اختيارخ وپارس-2500-1399/10/30,83,1424,2234320000,1634,1770,1490,-144,-8.81,1569,-65,-3.98,1400,1770,1399-9-8
611,شرنگي,شيميايي رنگين,82,55246,6002588392,105488,108652,108652,3164,3.0,106410,922,0.87,108652,108652,1399-9-8
612,شصفها,پتروشيمي‌ اصفهان‌,81,127026,12060102492,93081,94942,94942,1861,2.0,94942,1861,2.0,94942,94942,1399-9-8
613,سپر,صندوق س سپر سرمايه بيدار- ثابت,80,282444,2934545540,10371,10382,10400,29,0.28,10390,19,0.18,10382,10400,1399-9-8
614,تصميم,صندوق س با درآمد ثابت تصميم,80,646297,9668980512,14956,14950,14952,-4,-0.03,14961,5,0.03,14950,14982,1399-9-8
615,سخند,صندوق س.سپهرخبرگان نفت-د,78,2717110,27431423110,10091,10120,10110,19,0.19,10096,5,0.05,10084,10129,1399-9-8
616,تسه9711,امتياز تسهيلات مسكن بهمن 97,78,722,479419773,694519,660010,659794,-34725,-5.0,664016,-30503,-4.39,659794,679998,1399-9-8
617,غالبرح,ح . لبنيات ‌كالبر,76,605215,10439958750,17250,17250,17250,0,0.0,17250,0,0.0,17250,17250,1399-9-8
618,سميعا101,سلف موازي استاندارد سميعا101,75,14572400,14999997933200,1029343,1029343,1029343,0,0.0,1029343,0,0.0,1029343,1029343,1399-9-8
619,اخزا815,اسنادخزانه-م15بودجه98-010406,72,114966,86162699200,745684,746000,750000,4316,0.58,749462,3778,0.51,745684,752000,1399-9-8
620,ضسپا1104,اختيارخ خساپا-3000-1399/11/26,72,2215,1033906000,468,467,478,10,2.14,467,-1,-0.21,437,510,1399-9-8
621,تسه9905,امتياز تسهيلات مسكن مرداد99,72,372,260147624,736102,700000,699297,-36805,-5.0,699322,-36780,-5.0,699297,700000,1399-9-8
622,شزنگ,تجهيزنيروي‌زنگان‌,71,54120,8405485440,150789,155312,155312,4523,3.0,152635,1846,1.22,155312,155312,1399-9-8
623,فاهواز,نورد و لوله اهواز,71,156469,2964461674,19735,18946,18946,-789,-4.0,19680,-55,-0.28,18946,18946,1399-9-8
624,فالوم,آلومتك‌,71,562879,12945091242,23709,22998,22998,-711,-3.0,23235,-474,-2.0,22998,22998,1399-9-8
625,خنصير,مهندسي‌نصيرماشين‌,70,309488,13995047360,47590,45220,45220,-2370,-4.98,46890,-700,-1.47,45220,45220,1399-9-8
626,گكيش,توريستي ورفاهي آبادگران كيش,69,57364,3334110408,61181,58122,58122,-3059,-5.0,60644,-537,-0.88,58122,58122,1399-9-8
627,اخزا818,اسنادخزانه-م18بودجه98-010614,68,34253,24470850566,714087,715000,714700,613,0.09,714415,328,0.05,712139,717480,1399-9-8
628,اخزا811,اسنادخزانه-م11بودجه98-001013,68,155383,129231607697,828169,828140,829800,1631,0.2,831697,3528,0.43,828139,836000,1399-9-8
629,افران,صندوق س افرا نماد پايدار-ثابت,66,632691,7682057532,12131,11720,12155,24,0.2,12142,11,0.09,11720,12155,1399-9-8
630,كيان2,صندوق س. با درآمد ثابت كيان,65,6500000,6500000,26061,1,1,-26060,-100.0,1,-26060,-100.0,1,1,1399-9-8
631,ضفلا1157,اختيارخ فولاد-18000-1399/11/28,64,1476,1564147000,751,1000,1100,349,46.47,1060,309,41.15,753,1300,1399-9-8
632,ضترا1118,اختيارخ شتران-12000-1399/11/14,63,858,3200052000,3305,3400,4099,794,24.02,3730,425,12.86,3211,4200,1399-9-8
633,اخزا814,اسنادخزانه-م14بودجه98-010318,63,18347,14037517394,772064,766500,762250,-9814,-1.27,765112,-6952,-0.9,762222,769700,1399-9-8
634,كصدف,كاشي صدف سرام استقلال آباده,62,309833,6148945718,19268,19846,19846,578,3.0,19441,173,0.9,19846,19846,1399-9-8
635,تسه9802,امتياز تسهيلات مسكن ارديبهشت98,62,526,348040644,689229,655000,655000,-34229,-4.97,661674,-27555,-4.0,654768,673126,1399-9-8
636,تسه9906,امتياز تسهيلات مسكن شهريور99,62,614,411243692,705029,669778,669778,-35251,-5.0,669778,-35251,-5.0,669778,669778,1399-9-8
637,فيروزا,صندوق بادرآمد ثابت فيروزه آسيا,61,301793,6463222118,21296,21379,21429,133,0.62,21416,120,0.56,21379,21450,1399-9-8
638,تسه9801,امتياز تسهيلات مسكن فروردين98,60,370,239835515,681904,650637,647809,-34095,-5.0,648204,-33700,-4.94,647809,650637,1399-9-8
639,ثروتم,صندوق س. ثروت آفرين پارسيان-س,60,57390,5559315370,95391,96100,97000,1609,1.69,96869,1478,1.55,96000,97010,1399-9-8
640,ثنور,سرمايه گذاري كوه نور,57,311256,2175368184,7205,6989,6989,-216,-3.0,7181,-24,-0.33,6989,6989,1399-9-8
641,سكه0112پ03,سكه تمام بهارتحويلي1روزه سامان,57,9400,9963667800,1069077,1063000,1057500,-11577,-1.08,1059965,-9112,-0.85,1057500,1064997,1399-9-8
642,دقاضي,داروسازي شهيد قاضي,56,21807,1801349360,84803,82260,82661,-2142,-2.53,84600,-203,-0.24,82259,84160,1399-9-8
643,تسه9812,امتياز تسهيلات مسكن اسفند98,56,480,320336082,686448,652126,652126,-34322,-5.0,667367,-19081,-2.78,652126,720770,1399-9-8
644,اخزا816,اسنادخزانه-م16بودجه98-010503,54,85853,63383436522,731118,732001,744100,12982,1.78,738279,7161,0.98,732001,744100,1399-9-8
645,آرمان,بيمه آرمان,54,1620860,14837352440,8888,9154,9154,266,2.99,9080,192,2.16,9154,9154,1399-9-8
646,اوصتا,صندوق انديشه ورزان صباتامين -د,54,3069310,52738522516,17179,17185,17185,6,0.03,17183,4,0.02,17170,17185,1399-9-8
647,اخزا808,اسنادخزانه-م8بودجه98-000817,54,26530,22698542578,855783,852001,856000,217,0.03,855580,-203,-0.02,852001,858000,1399-9-8
648,اخزا903,اسنادخزانه-م3بودجه99-011110,53,79012,52235954043,660020,663999,660667,647,0.1,661114,1094,0.17,660000,664000,1399-9-8
649,فنرژي,گسترش صنايع انرژي آذرآب,51,363301,3745633310,10739,10310,10310,-429,-3.99,10572,-167,-1.56,10310,10310,1399-9-8
650,تپمپي,پمپ‌ سازي‌ ايران‌,51,40623,1375901010,35650,33870,33870,-1780,-4.99,35600,-50,-0.14,33870,33870,1399-9-8
651,تسه9803,امتياز تسهيلات مسكن خرداد98,50,453,307063332,713520,677844,677844,-35676,-5.0,677844,-35676,-5.0,677844,677844,1399-9-8
652,ضملي1152,اختيارخ فملي-18252-1399/11/05,49,878,990711000,932,1078,1145,213,22.85,1128,196,21.03,1078,1250,1399-9-8
653,ضپيك1020,اختيارخ تاپيكو-14000-99/10/16,49,929,2731960000,2061,2400,3099,1038,50.36,2941,880,42.7,2400,3200,1399-9-8
654,تسه9901,امتياز تسهيلات مسكن فروردين99,48,408,267380760,689836,655345,655345,-34491,-5.0,655345,-34491,-5.0,655345,655345,1399-9-8
655,ضچاد1015,اختيارخ كچاد-16000-1399/10/02,46,293,1354421000,4334,4779,4500,166,3.83,4623,289,6.67,4020,5000,1399-9-8
656,فنوال,نورد آلومينيوم‌,45,99687,3198955830,33770,32090,32090,-1680,-4.97,33660,-110,-0.33,32090,32090,1399-9-8
657,اخزا902,اسنادخزانه-م2بودجه99-011019,45,77120,51681034048,668925,668500,669006,81,0.01,670138,1213,0.18,668250,677777,1399-9-8
658,اخزا809,اسنادخزانه-م9بودجه98-000923,45,30035,25117846823,833778,833000,837150,3372,0.4,836286,2508,0.3,831150,838000,1399-9-8
659,زپارس,ملي كشت و صنعت و دامپروري پارس,44,189318,13242794100,66620,69950,69950,3330,5.0,67460,840,1.26,69950,90310,1399-9-8
660,ضشنا1036,اختيارخ شپنا-16000-1399/10/23,44,400,1442775000,3380,3989,3303,-77,-2.28,3607,227,6.72,3303,4000,1399-9-8
661,ضصاد1100,اختيارخ وبصادر-2500-1399/11/12,44,524,576458000,1273,1399,1050,-223,-17.52,1100,-173,-13.59,1036,1301,1399-9-8
662,ضملي1148,اختيارخ فملي-10140-1399/11/05,44,268,2457333000,8262,7002,9790,1528,18.49,9169,907,10.98,7002,9800,1399-9-8
663,بشهاب,لامپ‌  پارس‌ شهاب‌,43,17003,1068128460,66120,62820,62820,-3300,-4.99,66050,-70,-0.11,62820,62820,1399-9-8
664,ساربيل,سيمان آرتا اردبيل,43,12449,729013440,61640,58560,58560,-3080,-5.0,61590,-50,-0.08,58560,58560,1399-9-8
665,ضپيك1019,اختيارخ تاپيكو-12000-99/10/16,43,581,2341720000,2975,3600,4300,1325,44.54,4030,1055,35.46,3600,4300,1399-9-8
666,تسه9902,امتياز تسهيلات مسكن ارديبهشت99,42,563,399109574,746208,708898,708898,-37310,-5.0,708898,-37310,-5.0,708898,708898,1399-9-8
667,ضصاد1101,اختيارخ وبصادر-3000-1399/11/12,40,839,660122000,922,820,771,-151,-16.38,787,-135,-14.64,693,859,1399-9-8
668,اخزا812,اسنادخزانه-م12بودجه98-001111,39,181831,148933977913,815268,820000,820500,5232,0.64,819079,3811,0.47,816000,821000,1399-9-8
669,ضصاد1103,اختيارخ وبصادر-4000-1399/11/12,39,1704,599715000,375,400,310,-65,-17.33,352,-23,-6.13,310,400,1399-9-8
670,ضغدر1119,اختيارخ وغدير-10000-1399/11/26,37,630,2759081000,3924,4150,4300,376,9.58,4379,455,11.6,4111,4555,1399-9-8
671,خپويش,سازه‌ پويش‌,37,68042,2495780560,38610,36680,36680,-1930,-5.0,38510,-100,-0.26,36680,36680,1399-9-8
672,وحكمت,بيمه حكمت صبا,37,340226,1889955430,5847,5555,5555,-292,-4.99,5818,-29,-0.5,5555,5555,1399-9-8
673,ساروج,بين المللي ساروج بوشهر,36,83682,1480074509,18231,17685,17685,-546,-2.99,18189,-42,-0.23,17685,17749,1399-9-8
674,ضسپا1103,اختيارخ خساپا-2500-1399/11/26,36,1068,759661000,801,850,717,-84,-10.49,711,-90,-11.24,670,850,1399-9-8
675,اخزا806,اسنادخزانه-م6بودجه98-000519,36,42596,37758001421,882675,883702,888800,6125,0.69,886421,3746,0.42,883702,888800,1399-9-8
676,اخزا813,اسنادخزانه-م13بودجه98-010219,35,35565,27425618161,767451,767451,771500,4049,0.53,771141,3690,0.48,767451,771750,1399-9-8
677,دعبيدح,ح . داروسازي‌ دكترعبيدي‌,35,31946,882028900,26500,29150,27600,1100,4.15,27610,1110,4.19,27600,29150,1399-9-8
678,ضشنا1035,اختيارخ شپنا-14000-1399/10/23,33,230,1161281000,4882,5247,5000,118,2.42,5049,167,3.42,4950,5400,1399-9-8
679,ضملي1149,اختيارخ فملي-12168-1399/11/05,33,155,922625000,5100,5100,6700,1600,31.37,5952,852,16.71,5100,6701,1399-9-8
680,سايرا,ايرانيت‌,33,53255,1897258962,36060,35339,35969,-91,-0.25,35977,-83,-0.23,35339,36100,1399-9-8
681,ضخود1040,اختيارخ خودرو-2000-1399/10/07,32,451,819377000,2054,1805,1900,-154,-7.5,1817,-237,-11.54,1752,1920,1399-9-8
682,آسام,صندوق س.آرمان سپهر آشنا-م,31,8220,846290600,101511,102998,104000,2489,2.45,102955,1444,1.42,100005,104000,1399-9-8
683,ورازي,بيمه رازي,31,824380,11352536980,14495,13771,13771,-724,-4.99,14062,-433,-2.99,13771,13771,1399-9-8
684,شستا991,اجاره تامين اجتماعي-امين991226,31,730,735248534,1004092,1001000,1009006,4914,0.49,1007190,3098,0.31,992007,1009998,1399-9-8
685,افرا,افرانت,31,32766,1587545466,51001,48451,48451,-2550,-5.0,50916,-85,-0.17,48451,48451,1399-9-8
686,لازما,كارخانه هاي صنعتي آزمايش,31,91714,2757564838,30680,30067,30067,-613,-2.0,30508,-172,-0.56,30067,30067,1399-9-8
687,پويا,ص.ج.پويا الگوريتم20%تاديه,30,293000,58600000000,200000,200000,200000,0,0.0,200000,0,0.0,200000,200000,1399-9-8
688,زعف0008پ10,زعفران0008نگين طلاي سرخ(پ),28,7086,883895749,123661,120000,126900,3239,2.62,124738,1077,0.87,120000,126990,1399-9-8
689,پست0008پ08,پسته فندقي32-30مه ولات0008(پ),28,409,755979742,1806536,1896000,1860000,53464,2.96,1848361,41825,2.32,1730000,1896000,1399-9-8
690,خكمك,كمك‌فنرايندامين‌,28,9161,456034580,52390,49780,49780,-2610,-4.98,52360,-30,-0.06,49780,49780,1399-9-8
691,ضملي1153,اختيارخ فملي-20280-1399/11/05,27,528,285223000,481,658,538,57,11.85,540,59,12.27,500,658,1399-9-8
692,سمايه,بانك سرمايه,27,90690,826548660,9395,9114,9114,-281,-2.99,9383,-12,-0.13,9114,9114,1399-9-8
693,تسه9809,امتياز تسهيلات مسكن آذر98,27,165,107382660,685056,650804,650804,-34252,-5.0,650804,-34252,-5.0,650804,650804,1399-9-8
694,وسگيلا,شركت س استان گيلان,27,335971,288935060,900,860,860,-40,-4.44,900,0,0.0,860,860,1399-9-8
695,تسه9709,امتياز تسهيلات مسكن آذر97,26,619,390177501,662977,632000,629829,-33148,-5.0,630335,-32642,-4.92,629829,632000,1399-9-8
696,وشمال,س. چشم انداز توسعه شمال,25,43587,4472636418,105787,102614,102614,-3173,-3.0,105055,-732,-0.69,102614,102614,1399-9-8
697,خعمرا,توسعه و عمران شهرستان نائين,24,21030,360916860,16663,17162,17162,499,2.99,16672,9,0.05,17162,17162,1399-9-8
698,ضفار1122,اختيارخ فارس-11826-1399/11/07,24,93,515692000,2311,2600,3100,789,34.14,2773,462,19.99,2600,3100,1399-9-8
699,ضجار1018,اختيارخ وتجارت-5000-1399/10/21,24,1293,197696000,136,130,150,14,10.29,153,17,12.5,120,180,1399-9-8
700,پارتا,مجتمع‌صنعتي‌آرتاويل‌تاير,23,16415,973097615,61114,59281,59281,-1833,-3.0,61051,-63,-0.1,59281,59281,1399-9-8
701,گنجين,صندوق س. گنجينه يكم آويد-د,22,83229,973794802,11697,11700,11700,3,0.03,11700,3,0.03,11700,11705,1399-9-8
702,ضچاد1014,اختيارخ كچاد-14000-1399/10/02,22,202,1168097000,5658,6000,6000,342,6.04,5783,125,2.21,5300,6100,1399-9-8
703,تسه9806,امتياز تسهيلات مسكن شهريور98,22,198,132870672,706383,671064,671064,-35319,-5.0,671064,-35319,-5.0,671064,671064,1399-9-8
704,نتوس,پشم‌ بافي‌ توس,21,30243,311442414,10616,10298,10298,-318,-3.0,10611,-5,-0.05,10298,10298,1399-9-8
705,وسخوز,شركت س استان خوزستان,21,216107,203140580,980,940,940,-40,-4.08,980,0,0.0,940,940,1399-9-8
706,غبهار,كشت وصنعت بهاران گلبهار خراسان,21,22459,813891701,37359,36239,36239,-1120,-3.0,37312,-47,-0.13,36239,36239,1399-9-8
707,خفناور,مهندسي صنعتي روان فن آور,20,26032,622086704,24636,23897,23897,-739,-3.0,24612,-24,-0.1,23897,23897,1399-9-8
708,تسه9804,امتياز تسهيلات مسكن تير98,20,278,179465992,679435,645464,654464,-24971,-3.68,645561,-33874,-4.99,645464,654464,1399-9-8
709,آينده,بازرگاني آينده سازان بهشت پارس,20,18225,396411975,22423,21751,21751,-672,-3.0,22409,-14,-0.06,21751,21751,1399-9-8
710,شمواد,توليد مواداوليه الياف مصنوعي,20,11606,723761766,64289,62361,62361,-1928,-3.0,64217,-72,-0.11,62361,62361,1399-9-8
711,اخزا901,اسنادخزانه-م1بودجه99-010621,19,24269,17443822956,715902,718000,720000,4098,0.57,718770,2868,0.4,716000,720000,1399-9-8
712,اخزا904,اسنادخزانه-م4بودجه99-011215,19,9381,6094682272,648337,652000,653500,5163,0.8,649684,1347,0.21,648230,653500,1399-9-8
713,نگين,ص.س. زمين و ساختمان نگين شهرري,19,6093,299745120,49260,49850,49240,-20,-0.04,49190,-70,-0.14,48500,49850,1399-9-8
714,وسخراش,شركت س استان خراسان شمالي,19,230618,302109580,1370,1310,1310,-60,-4.38,1370,0,0.0,1310,1310,1399-9-8
715,هترول911,اختيارف ت پترول-14730-99/11/15,19,96667,185407306,1506,1918,1918,412,27.36,1918,412,27.36,1918,1918,1399-9-8
716,ضبدر1150,اختيارخ شبندر-32000-1399/11/19,18,359,1183650000,8000,3000,3400,-4600,-57.5,3297,-4703,-58.79,3000,3600,1399-9-8
717,زعف0008پ15,زعفران0008پوشالمعمول طلاسرخ(پ),18,764,73886512,96000,99001,100800,4800,5.0,96710,710,0.74,91200,100800,1399-9-8
718,ضخود1046,اختيارخ خودرو-5000-1399/10/07,18,834,135399000,166,197,147,-19,-11.45,162,-4,-2.41,131,197,1399-9-8
719,سپرمي,پرميت‌,17,59985,500814765,8267,8349,8349,82,0.99,8275,8,0.1,8349,8349,1399-9-8
720,ضمخا1025,اختيارخ اخابر-16000-1399/10/30,17,187,426950000,1371,2000,2700,1329,96.94,2283,912,66.52,2000,2700,1399-9-8
721,داريك,صندوق س.اعتماد داريك-د,17,42384,427783420,10088,10089,10090,2,0.02,10093,5,0.05,10089,10100,1399-9-8
722,اخزا713,اسنادخزانه-م13بودجه97-000518,17,8572,7582033228,880877,877771,887000,6123,0.7,884512,3635,0.41,877771,887000,1399-9-8
723,اخزا810,اسنادخزانه-م10بودجه98-001006,16,20888,17372656600,829358,829141,832001,2643,0.32,831705,2347,0.28,829141,832500,1399-9-8
724,ضپار1117,اختيارخ خپارس-7000-1399/11/19,16,153,227100000,1922,2046,601,-1321,-68.73,1484,-438,-22.79,601,2047,1399-9-8
725,ضخود1041,اختيارخ خودرو-2500-1399/10/07,16,160,219387000,1569,1302,1444,-125,-7.97,1371,-198,-12.62,1302,1488,1399-9-8
726,اخزا804,اسنادخزانه-م4بودجه98-000421,15,6330,5686746046,895530,899500,901000,5470,0.61,898380,2850,0.32,896130,901000,1399-9-8
727,فوكا,فولاد كاويان,15,37356,745438980,20572,19955,19955,-617,-3.0,20562,-10,-0.05,19955,19955,1399-9-8
728,تملي708,تسهيلات مسكن ب. ملي-آبان97,15,141,96288900,650381,682900,682900,32519,5.0,682900,32519,5.0,682900,682900,1399-9-8
729,كايتاح,ح.ايتالران‌,15,125752,1672258140,13590,13650,13340,-250,-1.84,13298,-292,-2.15,13208,13650,1399-9-8
730,كرونا2,تامين مالي جمعي صرفا اهداي سود,14,4414,44140000,10000,10000,10000,0,0.0,10000,0,0.0,10000,10000,1399-9-8
731,ضپاس1000,اختيارخ وپارس-2000-1399/10/30,14,67,133326000,2125,2100,1700,-425,-20.0,1990,-135,-6.35,1700,2440,1399-9-8
732,پدرخش,درخشان‌ تهران‌,14,2364,502917360,223930,212740,212740,-11190,-5.0,223810,-120,-0.05,212740,212740,1399-9-8
733,ضمخا7070,اختيارخ اخابر-20000-1400/07/28,14,68,166494000,2158,2400,2800,642,29.75,2448,290,13.44,2399,2800,1399-9-8
734,وسكرد,شركت س استان كردستان,13,107670,92596200,900,860,860,-40,-4.44,900,0,0.0,860,860,1399-9-8
735,اراد55,مرابحه عام دولت5-ش.خ 0209,13,2450000,2273992000000,927900,928160,928160,260,0.03,928160,260,0.03,928160,928160,1399-9-8
736,ضفلا1154,اختيارخ فولاد-12000-1399/11/28,13,62,243370000,3839,3786,3900,61,1.59,3925,86,2.24,3786,3998,1399-9-8
737,ضپيك1022,اختيارخ تاپيكو-18000-99/10/16,13,78,130288000,1041,801,1210,169,16.23,1670,629,60.42,801,2200,1399-9-8
738,جهرم,پتروشيمي جهرم,13,36891,115911522,3239,3142,3142,-97,-2.99,3238,-1,-0.03,3142,3142,1399-9-8
739,وسقم,شركت س استان قم,12,209318,280486120,1410,1340,1340,-70,-4.96,1410,0,0.0,1340,1340,1399-9-8
740,پلاست,كارخانجات توليدي پلاستيران,12,6101,249201446,42995,40846,40846,-2149,-5.0,42967,-28,-0.07,40846,40846,1399-9-8
741,ضسپا1105,اختيارخ خساپا-3500-1399/11/26,12,605,112630000,1,106,200,199,19900.0,186,185,18500.0,101,330,1399-9-8
742,ضفار1126,اختيارخ فارس-19826-1399/11/07,12,225,103060000,200,210,210,10,5.0,229,29,14.5,210,250,1399-9-8
743,ضغدر1120,اختيارخ وغدير-12000-1399/11/26,12,185,560576000,3238,2964,3248,10,0.31,3030,-208,-6.42,2900,3248,1399-9-8
744,داراب,پتروشيمي داراب,12,124450,378950250,3139,3045,3045,-94,-2.99,3137,-2,-0.06,3045,3045,1399-9-8
745,اخزا720,اسنادخزانه-م20بودجه97-000324,12,2099,1913381600,874194,910000,912000,37806,4.32,911568,37374,4.28,910000,917470,1399-9-8
746,عيار2,صندوق س. پشتوانه طلاي مفيد,11,110000,110000,27222,1,1,-27221,-100.0,1,-27221,-100.0,1,1,1399-9-8
747,وسمازن,س.سهام عدالت استان مازندران,11,84669,79588860,980,940,940,-40,-4.08,980,0,0.0,940,940,1399-9-8
748,تملي710,تسهيلات مسكن ب. ملي-دي97,11,378,337733550,940500,893475,893475,-47025,-5.0,893475,-47025,-5.0,893475,893475,1399-9-8
749,ضمخا1023,اختيارخ اخابر-12000-1399/10/30,11,110,557953000,3100,3499,5450,2350,75.81,5072,1972,63.61,3499,5500,1399-9-8
750,هفارس912,اختيارف ت فارس-14576-99/12/13,11,34164,64740780,1823,1895,1895,72,3.95,1895,72,3.95,1895,1895,1399-9-8
751,فيروزه2,صندوق شاخص30 شركت فيروزه- سهام,10,100000,100000,171080,1,1,-171079,-100.0,1,-171079,-100.0,1,1,1399-9-8
752,تابا,تابان نيرو سپاهان,10,21738,686725158,32568,31591,31591,-977,-3.0,32533,-35,-0.11,31591,31591,1399-9-8
753,فافزا,فولاد افزا سپاهان,10,7100,313173900,45473,44109,44109,-1364,-3.0,45451,-22,-0.05,44109,44109,1399-9-8
754,آكورد2,صندوق س. آرمان آتي كوثر-د,10,1000000,1000000,29498,1,1,-29497,-100.0,1,-29497,-100.0,1,1,1399-9-8
755,تسه9808,امتياز تسهيلات مسكن آبان98,10,180,123046740,719571,683593,683593,-35978,-5.0,683593,-35978,-5.0,683593,683593,1399-9-8
756,پلوله,گازلوله‌,10,9536,175691264,18610,18424,18424,-186,-1.0,18603,-7,-0.04,18424,18424,1399-9-8
757,اعتماد2,صندوق س.اعتماد آفرين پارسيان-د,9,90000000,90000000,33503,1,1,-33502,-100.0,1,-33502,-100.0,1,1,1399-9-8
758,ضملي1150,اختيارخ فملي-14196-1399/11/05,9,800,2895000000,3266,3500,3700,434,13.29,3619,353,10.81,3500,3800,1399-9-8
759,فسديد,لوله‌وتجهيزات‌ سديد - ورشكسته,9,3657,400708461,110679,109573,109573,-1106,-1.0,110589,-90,-0.08,109573,109573,1399-9-8
760,وسگلستا,شركت س استان گلستان,9,178568,210710240,1240,1180,1180,-60,-4.84,1240,0,0.0,1180,1180,1399-9-8
761,كابگن,توليدي و صنعتي آبگينه‌,9,23303,115326547,4900,4949,4949,49,1.0,4901,1,0.02,4949,4949,1399-9-8
762,وسخراج,شركت س استان خراسان جنوبي,9,36276,76905120,2230,2120,2120,-110,-4.93,2230,0,0.0,2120,2120,1399-9-8
763,ثاباد,توريستي ورفاهي آبادگران ايران,9,3284,98585680,31600,30020,30020,-1580,-5.0,31600,0,0.0,30020,30020,1399-9-8
764,لخزر,پارس‌ خزر,9,1679,336303700,210840,200300,200300,-10540,-5.0,210770,-70,-0.03,200300,200300,1399-9-8
765,ساذري,آذريت‌,9,40693,247901756,5802,6092,6092,290,5.0,5805,3,0.05,6092,6092,1399-9-8
766,سخواف,سيمان مجد خواف,9,55906,898521232,16569,16072,16072,-497,-3.0,16546,-23,-0.14,16072,16072,1399-9-8
767,لخانه,لوازم‌ خانگي‌ پارس‌,8,2406,136434636,58459,56706,56706,-1753,-3.0,58447,-12,-0.02,56706,56706,1399-9-8
768,فن آوا,گروه فن آوا,8,28355,391582550,14536,13810,13810,-726,-4.99,14521,-15,-0.1,13810,13810,1399-9-8
769,تملي612,تسهيلات مسكن بانك ملي-اسفند96,8,57,53055486,886475,930798,930798,44323,5.0,930798,44323,5.0,930798,930798,1399-9-8
770,كشم0001پ01,كشمش سبز0001خليل آباد(پ),8,85,33388300,399019,398900,398500,-519,-0.13,392804,-6215,-1.56,379900,400000,1399-9-8
771,اخزا807,اسنادخزانه-م7بودجه98-000719,7,1772,1531910896,862733,862139,867000,4267,0.49,864510,1777,0.21,862139,867000,1399-9-8
772,فسا,پتروشيمي فسا,7,29410,85936020,3012,2922,2922,-90,-2.99,3012,0,0.0,2922,2922,1399-9-8
773,وساغربي,شركت س استان آذربايجان غربي,7,63000,54180000,900,860,860,-40,-4.44,900,0,0.0,860,860,1399-9-8
774,پست0008پ09,پسته بادامي30-28مه ولات0008(پ),7,317,515171800,1604101,1660000,1605000,899,0.06,1625148,21047,1.31,1605000,1660000,1399-9-8
775,تملي709,تسهيلات مسكن ب. ملي-آذر97,7,77,76445399,1015876,965083,1054000,38124,3.75,992797,-23079,-2.27,965083,1054000,1399-9-8
776,ضمخا7066,اختيارخ اخابر-12000-1400/07/28,7,31,167873000,6192,6192,4761,-1431,-23.11,5415,-777,-12.55,3102,6800,1399-9-8
777,وسيلام,شركت س استان ايلام,7,23512,27744160,1240,1180,1180,-60,-4.84,1240,0,0.0,1180,1180,1399-9-8
778,هصيكو402,اختيارف ت تاصيكو13500-00/02/20,6,5714,15873492,2777,2778,2778,1,0.04,2778,1,0.04,2778,2778,1399-9-8
779,وسيزد,شركت س استان يزد,6,99383,121247260,1280,1220,1220,-60,-4.69,1280,0,0.0,1220,1220,1399-9-8
780,اخزا704,اسنادخزانه-م4بودجه97-991022,6,4205,4112844118,976417,977700,978250,1833,0.19,978084,1667,0.17,976306,978250,1399-9-8
781,اخزا721,اسنادخزانه-م21بودجه97-000728,6,50908,43738507000,859500,862000,862000,2500,0.29,859168,-332,-0.04,859000,862000,1399-9-8
782,ضخود1047,اختيارخ خودرو-6000-1399/10/07,6,317,24120000,94,80,73,-21,-22.34,76,-18,-19.15,73,90,1399-9-8
783,تسه9807,امتياز تسهيلات مسكن مهر98,6,80,56188880,739327,702361,702361,-36966,-5.0,702361,-36966,-5.0,702361,702361,1399-9-8
784,تملي804,تسهيلات مسكن ب. ملي-تير98,6,69,62028792,856160,898968,898968,42808,5.0,898968,42808,5.0,898968,898968,1399-9-8
785,تملي803,تسهيلات مسكن ب. ملي-خرداد98,6,132,60777948,438514,460439,460439,21925,5.0,460439,21925,5.0,460439,460439,1399-9-8
786,اخزا821,اسنادخزانه-م21بودجه98-020906,6,450,258655712,574010,574220,575022,1012,0.18,574790,780,0.14,574220,577750,1399-9-8
787,ضغدر1118,اختيارخ وغدير-9000-1399/11/26,6,83,431600000,5000,5200,5200,200,4.0,5200,200,4.0,5200,5200,1399-9-8
788,اخزا716,اسنادخزانه-م16بودجه97-000407,6,4243,3829232017,902534,910000,902482,-52,-0.01,902482,-52,-0.01,902101,910000,1399-9-8
789,وسيستا,شركت س استان سيستان وبلوچستان,6,47028,40444080,900,860,860,-40,-4.44,900,0,0.0,860,860,1399-9-8
790,ضسپا1100,اختيارخ خساپا-1600-1399/11/26,5,116,150850000,1452,1300,1300,-152,-10.47,1300,-152,-10.47,1300,1310,1399-9-8
791,وسالت,بانك قرض الحسنه رسالت,5,10100,44712700,4299,4427,4427,128,2.98,4299,0,0.0,4427,4427,1399-9-8
792,تملي806,تسهيلات مسكن ب. ملي-شهريور98,5,107,50574299,450150,472657,472657,22507,5.0,472657,22507,5.0,472657,472657,1399-9-8
793,وسزنجان,شركت س استان زنجان,5,34410,46453500,1420,1350,1350,-70,-4.93,1420,0,0.0,1350,1350,1399-9-8
794,اطلس2,صندوق س.توسعه اندوخته آينده-س,5,50000,50000,194333,1,1,-194332,-100.0,1,-194332,-100.0,1,1,1399-9-8
795,معيار,سرمايه گذاري معيار صنعت پارس,5,2482,70940524,29165,28582,28582,-583,-2.0,29161,-4,-0.01,28582,28582,1399-9-8
796,ضشنا1037,اختيارخ شپنا-18000-1399/10/23,5,12,27600000,2995,300,2500,-495,-16.53,2300,-695,-23.21,300,3000,1399-9-8
797,وساخت2,سرمايه‌ گذاري‌ ساختمان‌ايران‌,4,15355099,1120922227000,70720,73000,73000,2280,3.22,73000,2280,3.22,73000,73000,1399-9-8
798,ضپنا1020,اختيارخ رمپنا-13406-1399/10/09,4,54,515106610,6300,6500,5600,-700,-11.11,6441,141,2.24,5600,6500,1399-9-8
799,صخود412,ص مرابحه خودرو412- 3ماهه 18%,4,10422,10233937058,987000,971001,982000,-5000,-0.51,981955,-5045,-0.51,971001,982000,1399-9-8
800,وسكرشا,س.سهام عدالت استان كرمانشاه,4,20263,25126120,1300,1240,1240,-60,-4.62,1300,0,0.0,1240,1240,1399-9-8
801,اخزا718,اسنادخزانه-م18بودجه97-000525,4,1589,1404762900,883000,884000,885100,2100,0.24,884055,1055,0.12,884000,885100,1399-9-8
802,اخزا805,اسنادخزانه-م5بودجه98-000422,4,5306,4773115226,897842,899241,899701,1859,0.21,899569,1727,0.19,899241,899701,1399-9-8
803,ثاژن,سخت آژند,4,9878,82323252,8504,8334,8334,-170,-2.0,8503,-1,-0.01,8334,8334,1399-9-8
804,ضسان1039,اختيارخ پارسان-20000-99/10/14,4,50,160000000,3980,3200,3200,-780,-19.6,3200,-780,-19.6,3200,3200,1399-9-8
805,ضغدر1121,اختيارخ وغدير-14000-1399/11/26,4,125,260000000,2000,2000,2400,400,20.0,2080,80,4.0,2000,2400,1399-9-8
806,ضگل1149,اختيارخ كگل-10000-1399/11/21,4,4,41298000,8257,7798,11500,3243,39.28,10324,2067,25.03,7798,11500,1399-9-8
807,ضصاد1107,اختيارخ وبصادر-7000-1399/11/12,4,400,34000000,86,90,80,-6,-6.98,85,-1,-1.16,80,90,1399-9-8
808,ضسپا1102,اختيارخ خساپا-2000-1399/11/26,4,31,32219000,1201,1001,1199,-2,-0.17,1039,-162,-13.49,1001,1199,1399-9-8
809,ضصاد1106,اختيارخ وبصادر-6000-1399/11/12,4,11,1300000,120,100,120,0,0.0,118,-2,-1.67,100,120,1399-9-8
810,ضفلا1151,اختيارخ فولاد-8000-1399/11/28,4,7,48222000,6915,7460,7100,185,2.68,6889,-26,-0.38,6001,7460,1399-9-8
811,فبستم,صنايع ‌بسته‌بندي‌ مشهد,4,40774,33923968,793,832,832,39,4.92,793,0,0.0,832,832,1399-9-8
812,شستا992,اجاره تامين اجتماعي-سپهر991226,3,44,43950515,1003000,990103,1000000,-3000,-0.3,998875,-4125,-0.41,990103,1000000,1399-9-8
813,وساربيل,شركت س استان اردبيل,3,13610,16604200,1280,1220,1220,-60,-4.69,1280,0,0.0,1220,1220,1399-9-8
814,زير0003پ04,زيره سبز0003شركت مينوبذر(پ),3,195,96371145,484970,494211,494211,9241,1.91,494211,9241,1.91,494211,494211,1399-9-8
815,شستا993,اجاره ت.اجتماعي-كاردان991226,3,96,96030000,999987,1000000,1009000,9013,0.9,1000312,325,0.03,990000,1009000,1399-9-8
816,ضترا1117,اختيارخ شتران-10000-1399/11/14,3,20,115250000,5007,5800,5750,743,14.84,5762,755,15.08,5750,5800,1399-9-8
817,ضچاد1017,اختيارخ كچاد-20000-1399/10/02,3,35,79000000,2186,2600,2200,14,0.64,2257,71,3.25,2200,2600,1399-9-8
818,ضپنا1021,اختيارخ رمپنا-16106-1399/10/09,3,153,995172760,3700,3990,4600,900,24.32,4392,692,18.7,3990,4600,1399-9-8
819,مشير99112,مشاركت شهرداري شيراز-3ماهه16%,3,1829924,1829924000000,997910,1000000,1000000,2090,0.21,1000000,2090,0.21,1000000,1000000,1399-9-8
820,ضملت1124,اختيارخ وبملت-3500-1399/11/28,3,20,47000000,2699,2350,2350,-349,-12.93,2350,-349,-12.93,2350,2350,1399-9-8
821,ثتوسا,س.توسعه و عمران استان اردبيل,3,410,25779980,64822,62878,62878,-1944,-3.0,64819,-3,0.0,62878,62878,1399-9-8
822,كرانه99,مرابحه بنا گستر كرانه991222,2,25997,25997000000,986000,1000000,1000000,14000,1.42,1000000,14000,1.42,1000000,1000000,1399-9-8
823,اراد504,مرابحه عام دولت5-ش.خ0302,2,2000000,2000000000000,960000,1000000,1000000,40000,4.17,1000000,40000,4.17,1000000,1000000,1399-9-8
824,ضملي1154,اختيارخ فملي-24336-1399/11/05,2,11,1650000,110,450,120,10,9.09,150,40,36.36,120,450,1399-9-8
825,بتك,كارخانجات كابل سازي‌ تك‌,2,7000,240835000,33731,34405,34405,674,2.0,33747,16,0.05,34405,34405,1399-9-8
826,شيران2,س. صنايع‌شيميايي‌ايران,2,2570000,82754000000,32900,32200,32200,-700,-2.13,32200,-700,-2.13,32200,32200,1399-9-8
827,شسم,توليد سموم‌ علف‌ كش,2,1107,95992398,85014,86714,86714,1700,2.0,85030,16,0.02,86714,86714,1399-9-8
828,مبين014,اجاره اعتماد مبين لوتوس011019,2,44194,39818794000,908361,901000,901000,-7361,-0.81,901000,-7361,-0.81,901000,901000,1399-9-8
829,ضبدر1149,اختيارخ شبندر-28000-1399/11/19,2,7,34999000,4058,4999,5000,942,23.21,5000,942,23.21,4999,5000,1399-9-8
830,شخارك2,پتروشيمي‌ خارك‌,2,48600000,1997946000000,41110,41110,41110,0,0.0,41110,0,0.0,41110,41110,1399-9-8
831,ضمخا7069,اختيارخ اخابر-18000-1400/07/28,2,4,27600000,2101,3900,9900,7799,371.2,6900,4799,228.42,3900,9900,1399-9-8
832,افران2,صندوق س افرا نماد پايدار-ثابت,2,200000,200000,12131,1,1,-12130,-99.99,1,-12130,-99.99,1,1,1399-9-8
833,وسبوشهر,شركت س استان بوشهر,2,8583,10299600,1260,1200,1200,-60,-4.76,1260,0,0.0,1200,1200,1399-9-8
834,زير0003پ01,زيره سبز0003كيميابذر(پ),2,40,21480000,520222,540000,530000,9778,1.88,537000,16778,3.23,530000,540000,1399-9-8
835,صينا205,صكوك منفعت سينا دارو-3ماهه 19%,2,40,40245175,1000002,1049000,1000005,3,0.0,1006129,6127,0.61,1000005,1049000,1399-9-8
836,كرانه992,مرابحه بنا گستر كرانه991222,2,474003,474003000000,986000,1000000,1000000,14000,1.42,1000000,14000,1.42,1000000,1000000,1399-9-8
837,ضمخا1024,اختيارخ اخابر-14000-1399/10/30,2,11,34060000,2059,3990,3010,951,46.19,3096,1037,50.36,3010,3200,1399-9-8
838,ضبدر1157,اختيارخ شبندر-20000-1399/11/19,2,11,111487000,10413,10000,11487,1074,10.31,10135,-278,-2.67,10000,11487,1399-9-8
839,ضچاد1016,اختيارخ كچاد-18000-1399/10/02,2,4,12150000,3423,2250,3300,-123,-3.59,3037,-386,-11.28,2250,3300,1399-9-8
840,ضپاس1004,اختيارخ وپارس-4000-1399/10/30,2,4,2403000,725,750,551,-174,-24.0,601,-124,-17.1,551,750,1399-9-8
841,اخزا820,اسنادخزانه-م20بودجه98-020806,2,1763,1022361807,578062,578007,579900,1838,0.32,579899,1837,0.32,578007,579900,1399-9-8
842,اروند10,منفعت صبا اروند لوتوس 14001222,2,1020,1050001240,1006508,1029413,1029412,22904,2.28,1029413,22905,2.28,1029412,1029413,1399-9-8
843,افاد1,منفعت دولت-با شرايط خاص140006,2,26000,26000000000,1004360,1000000,1000000,-4360,-0.43,1000000,-4360,-0.43,1000000,1000000,1399-9-8
844,تسه99022,امتياز تسهيلات مسكن ارديبهشت99,2,58,580,746208,10,10,-746198,-100.0,10,-746198,-100.0,10,10,1399-9-8
845,زعف0008پ09,زعفران0008نگين نوين(پ),2,80,10110080,125198,122020,130732,5534,4.42,126376,1178,0.94,122020,130732,1399-9-8
846,تملي706,تسهيلات مسكن ب. ملي-شهريور97,2,13,11047608,894543,849816,849816,-44727,-5.0,849816,-44727,-5.0,849816,849816,1399-9-8
847,اخزا722,اسنادخزانه-م22بودجه97-000428,2,15010,13434116010,895000,895011,895101,101,0.01,895011,11,0.0,895011,895101,1399-9-8
848,كاما4,باما,1,143970,100779000,185070,700,700,-184370,-99.62,700,-184370,-99.62,700,700,1399-9-8
849,فملي2,ملي‌ صنايع‌ مس‌ ايران‌,1,66000000,1830840000000,27080,27740,27740,660,2.44,27740,660,2.44,27740,27740,1399-9-8
850,دمعيار2,صندوق س. توازن معيار-د,1,1800000,1800000,10019,1,1,-10018,-99.99,1,-10018,-99.99,1,1,1399-9-8
851,وغدير4,سرمايه‌گذاري‌غدير(هلدينگ‌,1,305999,391678720,12560,1280,1280,-11280,-89.81,1280,-11280,-89.81,1280,1280,1399-9-8
852,صايپا038,صكوك مرابحه سايپا038-3ماهه 18%,1,2000,1880000000,930000,940000,940000,10000,1.08,940000,10000,1.08,940000,940000,1399-9-8
853,اخزا906,اسنادخزانه-م6بودجه99-020321,1,11,6710022,610703,610002,610002,-701,-0.11,610002,-701,-0.11,610002,610002,1399-9-8
854,پارتين,ص.ج.پارتيان15%تاديه,1,5000,850000000,170000,170000,170000,0,0.0,170000,0,0.0,170000,170000,1399-9-8
855,ضسپا1106,اختيارخ خساپا-4000-1399/11/26,1,100,5100000,1,51,51,50,5000.0,51,50,5000.0,51,51,1399-9-8
856,كروي4,توسعه‌ معادن‌ روي‌ ايران‌,1,228768,777811200,29100,3400,3400,-25700,-88.32,3400,-25700,-88.32,3400,3400,1399-9-8
857,ضپنا1022,اختيارخ رمپنا-18806-1399/10/09,1,6,24436500,2575,2750,2750,175,6.8,2750,175,6.8,2750,2750,1399-9-8
858,دپارس2,پارس‌ دارو,1,1100000,121000000000,107790,110000,110000,2210,2.05,110000,2210,2.05,110000,110000,1399-9-8
859,اشاد10,مشاركت دولتي10-شرايط خاص001226,1,24000,22680000000,941029,945000,945000,3971,0.42,945000,3971,0.42,945000,945000,1399-9-8
860,وسينا2,بانك سينا,1,99900000,1188810000000,11350,11900,11900,550,4.85,11900,550,4.85,11900,11900,1399-9-8
861,تسه98112,امتياز تسهيلات مسكن بهمن98,1,320,3200,751997,10,10,-751987,-100.0,10,-751987,-100.0,10,10,1399-9-8
862,ارزش2,صندوق س ارزش آفرين بيدار-سهام,1,3500000,3500000,10070,1,1,-10069,-99.99,1,-10069,-99.99,1,1,1399-9-8
863,ضفلا1152,اختيارخ فولاد-9000-1399/11/28,1,2,12920000,5925,6460,6460,535,9.03,6460,535,9.03,6460,6460,1399-9-8
864,اخزا9062,اسنادخزانه-م6بودجه99-020321,1,330000,201300000000,610703,610000,610000,-703,-0.12,610000,-703,-0.12,610000,610000,1399-9-8
865,ضجار1010,اختيارخ وتجارت-1600-1399/10/21,1,5,11250000,2251,2250,2250,-1,-0.04,2250,-1,-0.04,2250,2250,1399-9-8
866,اراد41,مرابحه عام دولت4-ش.خ 0006,1,100,104333300,1043333,1043333,1043333,0,0.0,1043333,0,0.0,1043333,1043333,1399-9-8
867,ضپار1115,اختيارخ خپارس-5000-1399/11/19,1,2,7920000,4980,3960,3960,-1020,-20.48,3960,-1020,-20.48,3960,3960,1399-9-8
868,تبريز112,مشاركت شهرداري تبريز-3ماهه18%,1,28,27860000,989000,995000,995000,6000,0.61,995000,6000,0.61,995000,995000,1399-9-8
869,دالبر2,البرزدارو,1,5000000,109750000000,20910,21950,21950,1040,4.97,21950,1040,4.97,21950,21950,1399-9-8
870,پارسان4,گسترش نفت و گاز پارسيان,1,149850,376123500,20460,2510,2510,-17950,-87.73,2510,-17950,-87.73,2510,2510,1399-9-8
871,سخند4,صندوق س.سپهرخبرگان نفت-د,1,71500000,721792500000,10091,10095,10095,4,0.04,10095,4,0.04,10095,10095,1399-9-8
872,اراد50,مرابحه عام دولت5-ش.خ0302,1,1000,968000000,960000,968000,968000,8000,0.83,968000,8000,0.83,968000,968000,1399-9-8
873,صگل411,ص اجاره گل گهر 411- 3 ماهه 17%,1,1000,981000000,980000,981000,981000,1000,0.1,981000,1000,0.1,981000,981000,1399-9-8
874,زكشت2,كشاورزي مكانيزه اصفهان كشت,1,2500000,77277500000,29946,30911,30911,965,3.22,30911,965,3.22,30911,30911,1399-9-8
875,آرمان2,بيمه آرمان,1,5000000,44440000000,8888,8888,8888,0,0.0,8888,0,0.0,8888,8888,1399-9-8
876,كرمان02,مرابحه كرمان موتور14020306,1,2500,2500000000,1020000,1000000,1000000,-20000,-1.96,1000000,-20000,-1.96,1000000,1000000,1399-9-8
877,ضفار1121,اختيارخ فارس-9826-1399/11/07,1,1,17000000,3600,8500,8500,4900,136.11,8500,4900,136.11,8500,8500,1399-9-8
878,طخوز1019,اختيارف فخوز-24382-1399/10/16,1,2,52350000,1,26175,26175,26174,2617400.0,26175,26174,2617400.0,26175,26175,1399-9-8
879,پارسا306,صكوك اجاره پارسيان-6ماهه16%,1,250,231500000,926000,926000,926000,0,0.0,926000,0,0.0,926000,926000,1399-9-8
880,تملي801,تسهيلات مسكن ب. ملي-فروردين98,1,6,5371098,938149,895183,895183,-42966,-4.58,895183,-42966,-4.58,895183,895183,1399-9-8
881,شگامرن2,مجتمع پترو صنعت گامرون,1,219500,52241000000,238000,238000,238000,0,0.0,238000,0,0.0,238000,238000,1399-9-8
882,پسهند4,صنايع‌ لاستيكي‌  سهند,1,44366250,70986000000,37440,1600,1600,-35840,-95.73,1600,-35840,-95.73,1600,1600,1399-9-8
883,تملي702,تسهيلات مسكن ب. ملي-ارديبهشت97,1,50,41067450,864577,821349,821349,-43228,-5.0,821349,-43228,-5.0,821349,821349,1399-9-8
884,مبين011,اجاره اعتماد مبين لوتوس010710,1,5680,5538000000,980000,975000,975000,-5000,-0.51,975000,-5000,-0.51,975000,975000,1399-9-8
885,تسه98072,امتياز تسهيلات مسكن مهر98,1,42,420,739327,10,10,-739317,-100.0,10,-739317,-100.0,10,10,1399-9-8
886,بكام2,كارخانجات توليدي شهيد قندي,1,30000000,132300000000,4200,4410,4410,210,5.0,4410,210,5.0,4410,4410,1399-9-8
887,اراد38,مرابحه عام دولت3-ش.خ 0105,1,1000,989675000,989675,989675,989675,0,0.0,989675,0,0.0,989675,989675,1399-9-8
888,تملي703,تسهيلات مسكن ب. ملي-خرداد97,1,7,5810084,873696,830012,830012,-43684,-5.0,830012,-43684,-5.0,830012,830012,1399-9-8
889,ضترا1127,اختيارخ شتران-8000-1399/11/14,1,1,6830000,6838,6830,6830,-8,-0.12,6830,-8,-0.12,6830,6830,1399-9-8
890,صايپا012,صكوك مرابحه سايپا012-3ماهه 16%,1,5,5023265,1004652,1004653,1004653,1,0.0,1004653,1,0.0,1004653,1004653,1399-9-8
891,غيوان,كيوان,1,200,3089400,15295,15447,15447,152,0.99,15295,0,0.0,15447,15447,1399-9-8
892,شدوص4,دوده‌ صنعتي‌ پارس‌,1,102002086,172383525340,21900,1690,1690,-20210,-92.28,1690,-20210,-92.28,1690,1690,1399-9-8
893,كمند2,صندوق س. با درآمد ثابت كمند,1,80000000,80000000,10115,1,1,-10114,-99.99,1,-10114,-99.99,1,1,1399-9-8
894,اعتماد4,صندوق س.اعتماد آفرين پارسيان-د,1,12000000,402588000000,33503,33549,33549,46,0.14,33549,46,0.14,33549,33549,1399-9-8
895,وسكهبو,س.عدالت ا. كهگيلويه وبويراحمد,1,10000,10800000,1130,1080,1080,-50,-4.42,1130,0,0.0,1080,1080,1399-9-8
896,صايپا3082,صكوك مرابحه سايپا308-3ماهه 18%,1,1910000,1838184000000,967200,962400,962400,-4800,-0.5,962400,-4800,-0.5,962400,962400,1399-9-8
