,نماد,نام,تعداد,حجم,ارزش,دیروز,اولین,آخرین معامله - مقدار,آخرین معامله - تغییر,آخرین معامله - درصد,قیمت پایانی - مقدار,قیمت پایانی - تغییر,قیمت پایانی - درصد,کمترین,بیشترین,تاریخ
0,ثاميد,توسعه و عمران اميد,150169,545389615,1476728108420,2740,2610,2790,50,1.82,2710,-30,-1.09,2610,2870,1399-8-10
1,شاروم,پتروشيمي اروميه,92678,56216154,1275604224445,22779,22900,21800,-979,-4.3,22691,-88,-0.39,21641,23917,1399-8-10
2,دارا يكم,صندوق واسطه گري مالي يكم-سهام,68346,33211490,6651172175070,190730,195510,200990,10260,5.38,200270,9540,5.0,195500,203400,1399-8-10
3,وسپهر,سرمايه گذاري مالي سپهرصادرات,60746,129787695,1608203606142,11867,12200,12460,593,5.0,12391,524,4.42,12010,12460,1399-8-10
4,وپويا,سرمايه گذاري پويا,50460,75385921,849351742556,11539,10963,10963,-576,-4.99,11267,-272,-2.36,10963,11775,1399-8-10
5,زملارد,كشاورزي و دامپروري ملارد شير,49825,6052450,280450559572,47533,45157,45157,-2376,-5.0,46337,-1196,-2.52,45157,48500,1399-8-10
6,شپنا,پالايش نفت اصفهان,48173,253787950,3668252008540,14130,14190,14690,560,3.96,14450,320,2.26,13700,14830,1399-8-10
7,بپيوند,برق و انرژي پيوندگستر پارس,41729,45744841,1099428148474,21941,24100,24135,2194,10.0,24034,2093,9.54,23038,24135,1399-8-10
8,خگستر,گسترش‌سرمايه‌گذاري‌ايران‌خودرو,38746,650056154,2726207465260,4050,4010,4250,200,4.94,4190,140,3.46,3950,4250,1399-8-10
9,ثبهساز,بهساز كاشانه تهران,37833,164030056,499920701400,2960,2970,3080,120,4.05,3050,90,3.04,2930,3100,1399-8-10
10,سيتا,سرمايه گذاري سيمان تامين,35258,56847722,1007990664040,16960,17800,17800,840,4.95,17730,770,4.54,17120,17800,1399-8-10
11,شتران,پالايش نفت تهران,32680,133700376,1615775812750,11830,11450,12140,310,2.62,12090,260,2.2,11410,12420,1399-8-10
12,آبادا,توليد نيروي برق آبادان,30752,9570876,186860102450,19220,20000,19460,240,1.25,19520,300,1.56,18260,20180,1399-8-10
13,خساپا,سايپا,30187,871226041,2123601822750,2250,2420,2490,240,10.67,2440,190,8.44,2340,2500,1399-8-10
14,بگيلان,توسعه مسير برق گيلان,29710,15440626,439488345321,28150,28602,28240,90,0.32,28463,313,1.11,27720,29500,1399-8-10
15,فولاد,فولاد مباركه اصفهان,29424,181913059,2367451880040,12440,12900,13060,620,4.98,13010,570,4.58,12450,13060,1399-8-10
16,شبندر,پالايش نفت بندرعباس,27183,55195306,1593422911850,28460,28030,28810,350,1.23,28870,410,1.44,28010,29870,1399-8-10
17,امين,تامين سرمايه امين,25733,30593784,363716185640,11340,11900,11900,560,4.94,11890,550,4.85,11570,11900,1399-8-10
18,گدنا,تهيه توزيع غذاي دنا آفرين فدك,24527,238085,3795551070,15183,15942,15942,759,5.0,15238,55,0.36,15942,15942,1399-8-10
19,غزر,صنعتي زر ماكارون,21612,8501636,447706280560,51260,53820,51750,490,0.96,52660,1400,2.73,50260,53820,1399-8-10
20,فملي,ملي‌ صنايع‌ مس‌ ايران‌,20359,78073449,1681410500120,20580,21300,21600,1020,4.96,21540,960,4.66,20650,21600,1399-8-10
21,آريا,پليمر آريا ساسول,20328,5461676,883188426293,155107,156500,162862,7755,5.0,161706,6599,4.25,156500,162862,1399-8-10
22,شگويا,پتروشيمي تندگويان,19940,86027977,976558275589,11198,11290,11249,51,0.46,11352,154,1.38,10916,11720,1399-8-10
23,وبصادر,بانك صادرات ايران,18869,535809190,1827756566250,3270,3300,3430,160,4.89,3410,140,4.28,3270,3430,1399-8-10
24,وخارزم,سرمايه گذاري خوارزمي,17763,112630774,1166108235500,10690,10160,10540,-150,-1.4,10350,-340,-3.18,10160,10900,1399-8-10
25,رافزا,رايان هم افزا,17492,102520,3519101520,32692,34326,34326,1634,5.0,32802,110,0.34,34326,34326,1399-8-10
26,ولپارس,ليزينگ پارسيان,17014,1406986,6640973920,4500,4720,4720,220,4.89,4520,20,0.44,4720,4720,1399-8-10
27,صبا,سرمايه گذاري صبا تامين,15039,47420100,411424113372,8649,8520,8550,-99,-1.14,8676,27,0.31,8419,8930,1399-8-10
28,پترول,گروه پتروشيمي س. ايرانيان,14066,96520195,1214965414180,12070,12130,12670,600,4.97,12590,520,4.31,12070,12670,1399-8-10
29,خمحركه,نيرو محركه‌,12820,90129650,643667732870,7400,7030,7050,-350,-4.73,7140,-260,-3.51,7030,7610,1399-8-10
30,خودرو,ايران‌ خودرو,11884,414253505,1363787841940,3150,3280,3300,150,4.76,3290,140,4.44,3220,3300,1399-8-10
31,وبملت,بانك ملت,11425,267365540,1284552253330,4590,4770,4810,220,4.79,4800,210,4.58,4630,4810,1399-8-10
32,بركت,گروه دارويي بركت,11153,46748459,643462524610,13230,13580,13890,660,4.99,13760,530,4.01,13300,13890,1399-8-10
33,ساوه,سيمان ساوه,11118,4318809,231143000686,55061,52308,52345,-2716,-4.93,53520,-1541,-2.8,52308,56750,1399-8-10
34,صباح,ح . سرمايه گذاري صبا تامين,9982,47538164,314411363429,6332,6477,6545,213,3.36,6614,282,4.45,6300,6648,1399-8-10
35,وپارس,بانك‌پارسيان‌,8841,254262414,835980972350,3150,3170,3300,150,4.76,3290,140,4.44,3100,3300,1399-8-10
36,وغدير,سرمايه‌گذاري‌غدير(هلدينگ‌,8669,54196627,612254549280,10810,11200,11350,540,5.0,11300,490,4.53,10910,11350,1399-8-10
37,غگل,گلوكوزان‌,8215,59589826,294495165460,4780,4700,4960,180,3.77,4940,160,3.35,4700,5010,1399-8-10
38,چكاپا,گروه صنايع كاغذ پارس,7828,65188277,371986499160,5650,5690,5590,-60,-1.06,5710,60,1.06,5500,5900,1399-8-10
39,ذوب,سهامي ذوب آهن  اصفهان,7676,144387250,676016845406,4461,4684,4684,223,5.0,4682,221,4.95,4610,4684,1399-8-10
40,انرژي3,سايراشخاص بورس انرژي,7454,1800147,692350452980,368380,364510,386790,18410,5.0,384610,16230,4.41,364000,386790,1399-8-10
41,تاپيكو,س. نفت و گاز و پتروشيمي تأمين,7450,24179579,373356624880,15090,15080,15380,290,1.92,15440,350,2.32,15000,15810,1399-8-10
42,شبريز,پالايش نفت تبريز,7318,13799515,415134033030,29330,28450,30500,1170,3.99,30080,750,2.56,28450,30790,1399-8-10
43,فاراك,ماشين‌ سازي‌ اراك‌,6840,60563285,453828963450,7770,7390,7390,-380,-4.89,7490,-280,-3.6,7390,7880,1399-8-10
44,غگيلا,شيرپاستوريزه پگاه گيلان,6585,98329,1683785796,16309,17124,17124,815,5.0,16335,26,0.16,17124,17124,1399-8-10
45,خبهمن,گروه‌بهمن‌,6309,29770595,568598821100,19750,18840,19160,-590,-2.99,19100,-650,-3.29,18770,20530,1399-8-10
46,ثاخت,بين‌المللي‌توسعه‌ساختمان,5919,57717813,236382328830,4170,4040,4020,-150,-3.6,4100,-70,-1.68,3970,4300,1399-8-10
47,كالا,بورس كالاي ايران,5859,10465315,459069689590,44650,42420,43970,-680,-1.52,43870,-780,-1.75,42420,46870,1399-8-10
48,بجهرم,توسعه مولد نيروگاهي جهرم,5305,54916584,211449985088,3689,3840,3873,184,4.99,3850,161,4.36,3755,3873,1399-8-10
49,ختوقا,قطعات‌ اتومبيل‌ ايران‌,5280,81960024,315857690900,3720,3570,3900,180,4.84,3850,130,3.49,3570,3900,1399-8-10
50,شلرد,كود شيميايي اوره لردگان,5110,41551472,346960037299,8466,8350,8280,-186,-2.2,8350,-116,-1.37,8213,8666,1399-8-10
51,فرابورس,فرابورس ايران,5015,6445587,380886915513,57420,59400,58800,1380,2.4,59093,1673,2.91,57200,60291,1399-8-10
52,بترانس,ايران‌ ترانسفو,4961,16065128,446273800510,28910,27570,27780,-1130,-3.91,27780,-1130,-3.91,27470,28860,1399-8-10
53,سفاسي,شركت فارسيت اهواز,4931,51476384,563578955586,10864,10539,11189,325,2.99,10948,84,0.77,10539,11189,1399-8-10
54,بكام,كارخانجات توليدي شهيد قندي,4774,43423035,243503843750,5820,5530,5530,-290,-4.98,5610,-210,-3.61,5530,6080,1399-8-10
55,اخابر,مخابرات ايران,4773,27716285,373270096750,13200,13590,13550,350,2.65,13470,270,2.05,13000,13800,1399-8-10
56,ثفارس,عمران‌وتوسعه‌فارس‌,4421,35678628,276204357540,8030,7630,7790,-240,-2.99,7740,-290,-3.61,7630,8280,1399-8-10
57,كاما,باما,4379,3268436,537438270740,157370,162000,165230,7860,4.99,164430,7060,4.49,157500,165230,1399-8-10
58,فخوز,فولاد  خوزستان,4281,30373751,1064225117480,33420,34390,35090,1670,5.0,35040,1620,4.85,33900,35090,1399-8-10
59,هاي وب,داده گسترعصرنوين-هاي وب,4214,18366605,440611888000,23100,22200,24250,1150,4.98,23990,890,3.85,22200,24250,1399-8-10
60,فارس,صنايع پتروشيمي خليج فارس,4195,50494078,688426624290,14350,13500,13800,-550,-3.83,13630,-720,-5.02,13500,14000,1399-8-10
61,بزاگرسح,ح . نيروگاه زاگرس كوثر,4194,34984442,246774400206,6988,7000,7200,212,3.03,7054,66,0.94,6700,7330,1399-8-10
62,وپاسار,بانك  پاسارگاد,4160,47797135,434696177370,8770,8820,9190,420,4.79,9090,320,3.65,8810,9200,1399-8-10
63,فاسمين,كالسيمين‌,4101,18274825,267878803950,15150,14400,14450,-700,-4.62,14660,-490,-3.23,14400,15500,1399-8-10
64,كاوه,فولاد كاوه جنوب كيش,4023,40244667,814221601670,19320,19890,20280,960,4.97,20230,910,4.71,19320,20280,1399-8-10
65,زدشت,كشت و صنعت دشت خرم دره,3913,12416359,450622197751,37886,35992,36570,-1316,-3.47,36293,-1593,-4.2,35992,37700,1399-8-10
66,غپينو,پارس‌ مينو,3841,30065230,201537012180,6590,6270,6910,320,4.86,6700,110,1.67,6270,6910,1399-8-10
67,شصدفح,ح . صنعتي دوده فام,3775,1281503,23141851097,17845,18000,17870,25,0.14,18058,213,1.19,17840,18600,1399-8-10
68,سمگا,گروه سرمايه گذاري ميراث فرهنگي,3682,14398896,271834296833,19208,19600,18350,-858,-4.47,18879,-329,-1.71,18248,19700,1399-8-10
69,نوري,پتروشيمي نوري,3634,2572530,425908240140,158670,160000,166600,7930,5.0,165560,6890,4.34,159500,166600,1399-8-10
70,زكوثر,سرمايه گذاري كشاورزي كوثر,3597,4337031,81760015370,18520,18100,18770,250,1.35,18850,330,1.78,17900,19400,1399-8-10
71,ثشاهد,سرمايه‌ گذاري‌ شاهد,3489,9926133,308478019670,37300,31900,30310,-6990,-18.74,31080,-6220,-16.68,30310,31900,1399-8-10
72,غسالم,سالمين‌,3341,19128239,92100229340,4760,4620,4810,50,1.05,4810,50,1.05,4620,4930,1399-8-10
73,بنو,بيمه تجارت نو,3239,18353871,639519517008,35847,36000,35300,-547,-1.53,34844,-1003,-2.8,34055,36700,1399-8-10
74,خكرمان,گروه اقتصادي كرمان خودرو,3138,44554197,216455808708,4975,4826,4826,-149,-2.99,4858,-117,-2.35,4826,4970,1399-8-10
75,پاكشو,گروه صنعتي پاكشو,3081,2506735,227411934030,90050,91000,90630,580,0.64,90720,670,0.74,89650,92980,1399-8-10
76,ماديرا,صنايع ماشين هاي اداري ايران,3057,9597562,280625886658,27924,29320,29320,1396,5.0,29239,1315,4.71,28440,29320,1399-8-10
77,مدير,ص.س.مديريت ثروت ص.بازنشستگي-س,3030,16185584,173979783238,10324,10550,10732,408,3.95,10749,425,4.12,10494,10950,1399-8-10
78,تسه9907,امتياز تسهيلات مسكن مهر99,2988,68517,57290057930,878549,855000,834622,-43927,-5.0,836144,-42405,-4.83,834622,855000,1399-8-10
79,حكشتي,كشتيراني جمهوري اسلامي ايران,2937,8026791,231572920350,30360,28850,28850,-1510,-4.97,28850,-1510,-4.97,28850,28850,1399-8-10
80,پارسان,گسترش نفت و گاز پارسيان,2932,14903036,306759849140,20140,19560,20720,580,2.88,20580,440,2.18,19560,21140,1399-8-10
81,تاصيكو,سرمايه گذاري صدرتامين,2856,14486582,141292719260,9680,9500,9640,-40,-0.41,9750,70,0.72,9320,10020,1399-8-10
82,رانفور,خدمات‌انفورماتيك‌,2841,12178593,363492998770,28810,29000,29830,1020,3.54,29850,1040,3.61,27800,30250,1399-8-10
83,شصدف,صنعتي دوده فام,2802,211791,4924564332,22145,23252,23252,1107,5.0,22249,104,0.47,23252,23252,1399-8-10
84,ولساپا,ليزينگ رايان‌ سايپا,2781,50619398,183449126870,3470,3490,3640,170,4.9,3620,150,4.32,3490,3640,1399-8-10
85,آگاس,صندوق س.هستي بخش آگاه-س,2774,3081336,199893569814,61368,63342,65800,4432,7.22,64872,3504,5.71,63342,66000,1399-8-10
86,آريان,سرمايه گذاري پارس آريان,2683,58670302,790318263395,13447,13500,13650,203,1.51,13470,23,0.17,13060,13700,1399-8-10
87,كگل,معدني و صنعتي گل گهر,2653,16090415,245711387070,14570,15000,15290,720,4.94,15270,700,4.8,14600,15290,1399-8-10
88,ارزش,صندوق س ارزش آفرين بيدار-سهام,2649,15259050,151108972060,9450,9450,9990,540,5.71,9900,450,4.76,9450,10110,1399-8-10
89,ثعمرا,عمران و توسعه شاهد,2616,23204064,410608365978,18565,17637,17637,-928,-5.0,17696,-869,-4.68,17637,18109,1399-8-10
90,بورس,بورس اوراق بهادار تهران,2591,3983484,223830573490,55510,54000,56550,1040,1.87,56190,680,1.23,54000,57980,1399-8-10
91,ثنوسا,نوسازي‌وساختمان‌تهران‌,2518,29263828,256549655410,9200,8740,8740,-460,-5.0,8770,-430,-4.67,8740,9150,1399-8-10
92,دي,بانك دي,2483,3454401,172492059534,52562,49934,49934,-2628,-5.0,49934,-2628,-5.0,49934,49934,1399-8-10
93,ومهان,گروه توسعه مالي مهر آيندگان,2479,9811614,141458667681,13780,14300,14469,689,5.0,14417,637,4.62,14000,14469,1399-8-10
94,دتوليد,داروسازي توليد دارو,2436,7576360,251329970810,34773,33035,33035,-1738,-5.0,33173,-1600,-4.6,33035,34700,1399-8-10
95,زبينا,كشاورزي و دامپروري بينالود,2432,6263465,279666417823,43999,41800,46198,2199,5.0,44650,651,1.48,41800,46198,1399-8-10
96,كمند,صندوق س. با درآمد ثابت كمند,2395,108416420,1101289889690,10150,10150,10158,8,0.08,10158,8,0.08,10148,10161,1399-8-10
97,فجر,فولاد اميركبيركاشان,2330,2771166,154809039530,55420,57850,54300,-1120,-2.02,55860,440,0.79,53900,57850,1399-8-10
98,شيران,س. صنايع‌شيميايي‌ايران,2295,6526093,222141568730,34680,35200,32950,-1730,-4.99,34040,-640,-1.85,32950,35390,1399-8-10
99,ودي,بيمه  دي,2283,13055389,286145301797,21005,21140,21710,705,3.36,21918,913,4.35,21140,22055,1399-8-10
100,دزهراوي,داروسازي‌زهراوي‌,2260,6201900,63827374000,10400,10010,10230,-170,-1.63,10290,-110,-1.06,10000,10800,1399-8-10
101,سيمرغ,سيمرغ,2246,11420645,185032039060,16990,16150,16250,-740,-4.36,16200,-790,-4.65,16150,16940,1399-8-10
102,زاگرس,پتروشيمي زاگرس,2206,1367117,215158048734,152662,158000,155500,2838,1.86,157381,4719,3.09,152910,160290,1399-8-10
103,شپلي,پلي اكريل ايران,2189,20384879,125551436571,6218,6200,6032,-186,-2.99,6159,-59,-0.95,6032,6390,1399-8-10
104,وصنعت,سرمايه گذاري توسعه صنعت وتجارت,2127,16848773,128349345510,7300,7320,7660,360,4.93,7620,320,4.38,7320,7660,1399-8-10
105,توريل,توکاريل,2115,8476501,159852709429,19509,19000,18900,-609,-3.12,18858,-651,-3.34,18534,20000,1399-8-10
106,بپاس,بيمه پاسارگاد,2070,5183173,331524360037,63916,64000,64550,634,0.99,63962,46,0.07,62100,64990,1399-8-10
107,چكارن,كارتن‌ ايران‌,2056,14901910,52057308820,3380,3320,3540,160,4.73,3490,110,3.25,3320,3540,1399-8-10
108,وبانك,سرمايه گذاري گروه توسعه ملي,2007,10854047,102347712510,9020,9350,9470,450,4.99,9430,410,4.55,9100,9470,1399-8-10
109,كحافظ,كاشي‌ وسراميك‌ حافظ‌,1986,7584257,186034262220,24140,23140,25340,1200,4.97,24530,390,1.62,23140,25340,1399-8-10
110,قرن,پديده شيمي قرن,1984,2216470,114775659220,49550,51990,52020,2470,4.98,51780,2230,4.5,50590,52020,1399-8-10
111,سرو,صندوق س سروسودمند مدبران-سهام,1980,1952573,112140076860,54320,56010,58500,4180,7.7,57430,3110,5.73,56000,58500,1399-8-10
112,ورنا,سرمايه‌گذاري‌ رنا(هلدينگ‌,1974,16242488,149518448240,9670,9190,9190,-480,-4.96,9210,-460,-4.76,9190,9490,1399-8-10
113,فروي,ذوب روي اصفهان,1943,1752195,83269776924,45453,46900,47725,2272,5.0,47523,2070,4.55,45530,47725,1399-8-10
114,ستران,سيمان‌ تهران‌,1888,4099488,130889209990,33240,31580,31580,-1660,-4.99,31930,-1310,-3.94,31580,33500,1399-8-10
115,رتاپح,ح.تجارت الكترونيك پارسيان,1854,6246773,27528160360,4080,4400,4480,400,9.8,4410,330,8.09,4130,5000,1399-8-10
116,اميد,تامين سرمايه اميد,1851,12503051,149585623060,12470,11850,11850,-620,-4.97,11960,-510,-4.09,11850,12500,1399-8-10
117,وبيمهح,ح . سرمايه‌ گذاري‌ صنعت‌ بيمه‌,1797,41316046,58416365090,1330,1390,1440,110,8.27,1410,80,6.02,1370,1450,1399-8-10
118,همراه,شركت ارتباطات سيار ايران,1792,4485604,127427732110,28440,28600,28820,380,1.34,28410,-30,-0.11,27020,29600,1399-8-10
119,ختور,رادياتور ايران‌,1749,6815614,342583963310,48830,51270,48950,120,0.25,50260,1430,2.93,46390,51270,1399-8-10
120,كوثر,بيمه كوثر,1736,9643922,129396328299,13965,13267,13311,-654,-4.68,13417,-548,-3.92,13267,13922,1399-8-10
121,سشرق,سيمان‌ شرق‌,1733,15303943,95355390580,6530,6240,6210,-320,-4.9,6230,-300,-4.59,6210,6400,1399-8-10
122,هرمز,فولاد هرمزگان جنوب,1724,12552209,146367016757,11164,11351,11722,558,5.0,11661,497,4.45,11351,11722,1399-8-10
123,ركيش,كارت اعتباري ايران كيش,1708,15816488,202924301150,13490,12820,12890,-600,-4.45,12830,-660,-4.89,12820,13490,1399-8-10
124,سامان,بانك سامان,1702,21945139,199215050219,9229,9485,8953,-276,-2.99,9078,-151,-1.64,8953,9485,1399-8-10
125,وپترو,سرمايه‌گذاري صنايع پتروشيمي‌,1702,3813283,56297095780,14580,15260,15200,620,4.25,14760,180,1.23,14300,15260,1399-8-10
126,اعتماد,صندوق س.اعتماد آفرين پارسيان-د,1676,50590200,1674171261030,33059,33093,33094,35,0.11,33093,34,0.1,33092,33100,1399-8-10
127,طلا,صندوق س.پشتوانه طلاي لوتوس,1662,1311249,108661449573,88474,84010,82700,-5774,-6.53,82869,-5605,-6.34,81500,85000,1399-8-10
128,افق,فروشگاههاي زنجيره اي افق كوروش,1654,1734202,129642205290,71390,74870,74950,3560,4.99,74760,3370,4.72,73000,74950,1399-8-10
129,شاوان,پالايش نفت لاوان,1654,2196908,210998711332,99436,94465,94465,-4971,-5.0,96043,-3393,-3.41,94465,102200,1399-8-10
130,سفارس,سيمان فارس و خوزستان,1603,9701136,149724855420,14730,15440,15460,730,4.96,15430,700,4.75,15000,15460,1399-8-10
131,امين يكم,صندوق درآمد ثابت امين يكم فردا,1570,47640286,486413455758,10200,10210,10211,11,0.11,10210,10,0.1,10200,10220,1399-8-10
132,كسرا,سراميك‌هاي‌صنعتي‌اردكان‌,1566,4587248,94517608610,20710,20980,20010,-700,-3.38,20600,-110,-0.53,19750,21600,1399-8-10
133,چدن,توليدي چدن سازان,1518,3848194,106645184630,28040,27000,27130,-910,-3.25,27710,-330,-1.18,26640,29290,1399-8-10
134,ثتران,سرمايه گذاري مسكن تهران,1505,16363470,91677651435,5863,5570,5570,-293,-5.0,5603,-260,-4.43,5570,5750,1399-8-10
135,وگستر,گسترش سرمايه گذاري ايرانيان,1504,5030174,105280571689,21889,20795,20795,-1094,-5.0,20930,-959,-4.38,20795,21700,1399-8-10
136,ثباغ,شهر سازي و خانه سازي باغميشه,1499,4183587,151742884077,34544,36271,36271,1727,5.0,36271,1727,5.0,36271,36271,1399-8-10
137,ومعلم,بيمه معلم,1490,15308572,98899850280,6737,6401,6429,-308,-4.57,6460,-277,-4.11,6401,6727,1399-8-10
138,نوين,بيمه نوين,1479,19599647,123805979871,6056,6045,6358,302,4.99,6317,261,4.31,6045,6358,1399-8-10
139,حريل,ريل پردازسير,1476,14625150,55078075556,3641,3700,3790,149,4.09,3766,125,3.43,3650,3823,1399-8-10
140,وتوصا,گروه س توسعه صنعتي ايران,1474,10534254,92382150560,8390,8650,8800,410,4.89,8770,380,4.53,8500,8800,1399-8-10
141,كوير,توليدي فولاد سپيد فراب كوير,1446,4896179,70163985610,13890,13810,14220,330,2.38,14330,440,3.17,13810,14570,1399-8-10
142,سصوفي,سيمان‌ صوفيان‌,1427,4899296,63435365790,13010,12450,12760,-250,-1.92,12950,-60,-0.46,12450,13460,1399-8-10
143,رنيك,جنرال مكانيك,1422,3180738,81004063953,24424,25600,25400,976,4.0,25467,1043,4.27,24740,25645,1399-8-10
144,غويتا,ويتانا,1408,4694149,241591513031,54131,51425,51499,-2632,-4.86,51467,-2664,-4.92,51425,53005,1399-8-10
145,سپاها,سيمان‌سپاهان‌,1394,8273338,70952382850,9010,8560,8560,-450,-4.99,8580,-430,-4.77,8560,8800,1399-8-10
146,آوا,صندوق س.سهام آواي معيار-س,1369,6734381,53498612923,7477,7700,7977,500,6.69,7944,467,6.25,7600,8090,1399-8-10
147,رمپنا,گروه مپنا (سهامي عام),1347,8394421,136010872950,15490,15520,16260,770,4.97,16200,710,4.58,15520,16260,1399-8-10
148,كروي,توسعه‌ معادن‌ روي‌ ايران‌,1342,2506205,67024373830,25900,25120,26250,350,1.35,26740,840,3.24,25120,27190,1399-8-10
149,وآذر,سرمايه‌گذاري‌توسعه‌آذربايجان‌,1307,1282247,189165628950,140730,147760,147760,7030,5.0,147530,6800,4.83,142530,147760,1399-8-10
150,فزرين,زرين معدن آسيا,1307,4639356,87991174391,19762,18774,18774,-988,-5.0,18966,-796,-4.03,18774,19700,1399-8-10
151,ريشمك,توليد و صادرات ريشمك,1298,3594861,122313758945,32495,34119,34119,1624,5.0,34025,1530,4.71,33000,34119,1399-8-10
152,ولصنم,ليزينگ‌صنعت‌ومعدن‌,1279,6813090,51736493590,7920,7530,7530,-390,-4.92,7590,-330,-4.17,7530,7970,1399-8-10
153,وبيمه,سرمايه‌ گذاري‌ صنعت‌ بيمه‌,1261,9326934,25543903670,2630,2700,2760,130,4.94,2680,50,1.9,2700,2760,1399-8-10
154,شپاكسا,پاكسان‌,1254,995352,26819207320,26400,27690,26930,530,2.01,26690,290,1.1,25120,27690,1399-8-10
155,دشيمي,شيمي‌ داروئي‌ داروپخش‌,1252,3843186,256785747700,64350,61140,67560,3210,4.99,66820,2470,3.84,61140,67560,1399-8-10
156,كلر,كلر پارس,1239,495100,29376632156,57564,58450,59200,1636,2.84,58573,1009,1.75,55690,60442,1399-8-10
157,پارند,صندوق س. پارند پايدار سپهر,1226,45132389,528424163759,11700,11735,11709,9,0.08,11708,8,0.07,11700,11740,1399-8-10
158,پاسا,ايران‌ياساتايرورابر,1202,8279789,172239197460,19870,20580,20700,830,4.18,20800,930,4.68,20000,20860,1399-8-10
159,غمارگ,مارگارين‌,1195,4131542,105378945460,26620,25290,25290,-1330,-5.0,25510,-1110,-4.17,25290,26990,1399-8-10
160,مرقام,ايران‌ارقام‌,1193,2967297,71748611380,25160,23910,23910,-1250,-4.97,24180,-980,-3.9,23910,25100,1399-8-10
161,ثمسكن,سرمايه‌گذاري‌ مسكن‌,1192,9143289,54506748600,5870,5790,5940,70,1.19,5960,90,1.53,5690,6150,1399-8-10
162,وسكاب,س.ص.بازنشستگي كاركنان بانكها,1192,15535737,98599674780,6060,6100,6360,300,4.95,6350,290,4.79,6100,6360,1399-8-10
163,ونفت,سرمايه‌گذاري‌ صنعت‌ نفت‌,1180,5676810,71560353560,12050,12400,12650,600,4.98,12610,560,4.65,12300,12650,1399-8-10
164,وكار,بانك‌ كارآفرين‌,1161,16376644,75075478380,4790,4560,4560,-230,-4.8,4580,-210,-4.38,4560,4800,1399-8-10
165,كبافق,معادن‌ بافق‌,1151,1823704,63854583400,33470,33470,35140,1670,4.99,35010,1540,4.6,33470,35140,1399-8-10
166,گوهران,سرمايه گذاري توسعه گوهران اميد,1135,7305017,59553295031,8422,8001,8010,-412,-4.89,8152,-270,-3.21,8001,8580,1399-8-10
167,والبر,سرمايه‌ گذاري‌ البرز(هلدينگ‌,1130,3113161,43838445800,13740,13600,14080,340,2.47,14030,290,2.11,13600,14390,1399-8-10
168,شفارس,صنايع‌ شيميايي‌ فارس‌,1119,3054114,121578234290,41790,39710,39710,-2080,-4.98,39810,-1980,-4.74,39710,41950,1399-8-10
169,شلعابح,ح . لعابيران‌,1092,7927706,37008166240,4450,4580,4650,200,4.49,4670,220,4.94,4350,4840,1399-8-10
170,دانا,بيمه دانا,1079,8119370,47584626090,5690,5600,5700,10,0.18,5850,160,2.81,5540,5970,1399-8-10
171,پتاير,ايران‌ تاير,1044,771503,71129292540,88200,89900,92610,4410,5.0,92200,4000,4.54,87000,92610,1399-8-10
172,ختراك,ريخته‌گري‌ تراكتورسازي‌ ايران‌,1040,3892317,43368654650,11970,11540,10970,-1000,-8.35,11200,-770,-6.43,10970,11900,1399-8-10
173,حتايد,تايدواترخاورميانه,1031,4021766,67046801580,16620,16100,16300,-320,-1.93,16670,50,0.3,16100,17280,1399-8-10
174,وصنا,گروه‌صنايع‌بهشهرايران‌,1031,4957408,55945576900,11580,11010,11010,-570,-4.92,11290,-290,-2.5,11010,11900,1399-8-10
175,ميدكو,هلدينگ صنايع  معدني خاورميانه,1027,4893344,111147416378,22561,22590,22800,239,1.06,22702,141,0.62,22135,22989,1399-8-10
176,شيراز,پتروشيمي‌شيراز,1027,1404702,68092797140,46410,47000,48730,2320,5.0,47830,1420,3.06,45010,48730,1399-8-10
177,دكوثر,داروسازي‌ كوثر,1022,1953065,39150575110,19930,20130,19930,0,0.0,20020,90,0.45,19000,20850,1399-8-10
178,سرچشمه,سرمايه گذاري مس سرچشمه,1002,6137258,45835292292,7259,7102,7610,351,4.84,7446,187,2.58,7102,7619,1399-8-10
179,كگازح,ح . شيشه‌ و گاز,990,2437674,34160618480,13680,13500,13950,270,1.97,14010,330,2.41,13500,14370,1399-8-10
180,فسازان,غلتك سازان سپاهان,990,3544766,102462210990,27850,27860,29190,1340,4.81,28910,1060,3.81,27860,29240,1399-8-10
181,وسينا,بانك سينا,990,8330958,80819034520,9320,9680,9780,460,4.94,9700,380,4.08,9420,9780,1399-8-10
182,آسيا,بيمه آسيا,990,4285364,103072727760,22980,22300,24120,1140,4.96,24050,1070,4.66,22300,24120,1399-8-10
183,زفكا,كشت و دامداري فكا,984,1698029,69892537282,43212,41052,41580,-1632,-3.78,41161,-2051,-4.75,41052,42000,1399-8-10
184,وآوا,سرمايه گذاري آوا نوين,972,4218089,50425467748,11423,11600,11994,571,5.0,11935,512,4.48,11600,11994,1399-8-10
185,رتاپ,تجارت الكترونيك  پارسيان,970,3503932,22245658790,6300,6110,6350,50,0.79,6320,20,0.32,6110,6540,1399-8-10
186,شپديس,پتروشيمي پرديس,968,2081739,188526614450,86300,90600,90610,4310,4.99,90560,4260,4.94,88300,90610,1399-8-10
187,ارفع,شركت آهن و فولاد ارفع,960,11043095,140845671200,12151,12758,12758,607,5.0,12754,603,4.96,12412,12758,1399-8-10
188,وسپه,سرمايه‌گذاري‌ سپه‌,947,8638276,105073498530,11610,11950,12190,580,5.0,12160,550,4.74,11650,12190,1399-8-10
189,آپ,آسان پرداخت پرشين,946,2044799,31717663880,15210,15770,15500,290,1.91,15400,190,1.25,15000,15780,1399-8-10
190,لپارس,پارس‌ الكتريك‌,941,624647,116184245400,353220,180000,189000,-164220,-46.49,186000,-167220,-47.34,180000,189000,1399-8-10
191,واعتبار,سرمايه گذاري اعتبار ايران,938,10981888,51719644600,4510,4600,4730,220,4.88,4710,200,4.43,4520,4730,1399-8-10
192,اتكام,شركت بيمه اتكايي امين,933,4616335,36885328988,8350,7933,7933,-417,-4.99,8073,-277,-3.32,7933,8300,1399-8-10
193,ثترانح,ح سرمايه گذاري مسكن تهران,927,8636915,26053182653,3021,2960,2951,-70,-2.32,3016,-5,-0.17,2880,3131,1399-8-10
194,پكوير,كوير تاير,927,3577919,51639444770,13820,13160,14510,690,4.99,14430,610,4.41,13160,14510,1399-8-10
195,دتوزيع,توزيع دارو پخش,925,673708,27642651030,42685,40560,40560,-2125,-4.98,41733,-952,-2.23,40551,42680,1399-8-10
196,وگردش,بانك گردشگري,910,5253155,89843061021,16631,17120,17129,498,2.99,17044,413,2.48,16700,17129,1399-8-10
197,فولاژ,فولاد آلياژي ايران,903,1791045,41088194260,22890,22550,22520,-370,-1.62,22930,40,0.17,22000,23660,1399-8-10
198,شسپا,نفت سپاهان,900,7235272,134353767280,17700,18200,18580,880,4.97,18570,870,4.92,17870,18580,1399-8-10
199,وبهمن,سرمايه‌گذاري‌بهمن‌,895,4385754,56899996220,13530,12860,12860,-670,-4.95,12970,-560,-4.14,12860,13860,1399-8-10
200,زقيام,كشت و دام قيام اصفهان,894,2662017,76805430148,27792,27000,29181,1389,5.0,28852,1060,3.81,27000,29181,1399-8-10
201,پرديس,سرمايه گذاري پرديس,889,6076358,42047940110,6770,7000,6750,-20,-0.3,6890,120,1.77,6600,7090,1399-8-10
202,سمازن,سيمان‌مازندران‌,877,4204647,36841301150,8590,8540,8990,400,4.66,8710,120,1.4,8400,9000,1399-8-10
203,كيميا,معدني كيمياي زنجان گستران,877,2122979,48506425033,23483,22600,22850,-633,-2.7,22850,-633,-2.7,22309,23597,1399-8-10
204,كهمدا,شيشه‌ همدان‌,875,2908259,28536526760,9510,9440,9890,380,4.0,9680,170,1.79,9070,9980,1399-8-10
205,وساپا,سرمايه‌گذاري‌ سايپا,873,10398264,94832167680,9590,9120,9120,-470,-4.9,9120,-470,-4.9,9120,9120,1399-8-10
206,فسرب,ملي‌ سرب‌وروي‌ ايران‌,868,847472,104205027020,129130,122680,122680,-6450,-4.99,122960,-6170,-4.78,122680,126000,1399-8-10
207,كرماشا,صنايع پتروشيمي كرمانشاه,865,3065893,112273148890,35140,36890,36770,1630,4.64,36620,1480,4.21,35500,36890,1399-8-10
208,فباهنر,مس‌ شهيدباهنر,851,861915,43577243160,48850,48410,50200,1350,2.76,50290,1440,2.95,48000,51290,1399-8-10
209,اپرداز,آتيه داده پرداز,845,2577221,80463805891,30501,31499,30900,399,1.31,31221,720,2.36,29820,32020,1399-8-10
210,وخاور,بانك خاورميانه,844,5421537,55879776450,10170,10010,10370,200,1.97,10290,120,1.18,10010,10400,1399-8-10
211,كاردان,صندوق س تجارت شاخصي كاردان,842,489203,75867492720,146370,152200,156500,10130,6.92,155080,8710,5.95,151600,158890,1399-8-10
212,قصفها,قنداصفهان‌,827,294584,47189647540,167810,159420,159420,-8390,-5.0,160280,-7530,-4.49,159420,168070,1399-8-10
213,تيپيكو,سرمايه گذاري دارويي تامين,818,1757675,87583570640,47530,49800,49900,2370,4.99,49830,2300,4.84,48000,49900,1399-8-10
214,قشكر,شكرشاهرود,812,1572642,59950596420,36320,38130,38130,1810,4.98,38120,1800,4.96,36900,38130,1399-8-10
215,عيار,صندوق س. پشتوانه طلاي مفيد,809,771846,23170733987,31638,30550,29799,-1839,-5.81,30020,-1618,-5.11,29700,30560,1399-8-10
216,وساخت,سرمايه‌ گذاري‌ ساختمان‌ايران‌,808,1544635,68369409250,42320,43000,44430,2110,4.99,44260,1940,4.58,42400,44430,1399-8-10
217,غشهد,شهد ايران ‌,803,3400654,21249263490,6470,6550,6150,-320,-4.95,6370,-100,-1.55,6150,6550,1399-8-10
218,كچاد,معدني‌وصنعتي‌چادرملو,784,6686589,99028383090,14110,14810,14810,700,4.96,14660,550,3.9,14810,14810,1399-8-10
219,تشتاد,صنايع توليدي اشتاد ايران‌,774,1838546,26774184368,14852,15100,14407,-445,-3.0,14563,-289,-1.95,14407,15100,1399-8-10
220,آبين,كشت و صنعت آبشيرين,764,7156760,25424312055,3623,3731,3515,-108,-2.98,3552,-71,-1.96,3515,3731,1399-8-10
221,وبشهر,توسعه‌ صنايع‌ بهشهر(هلدينگ,762,2957341,43836419140,14190,13660,14890,700,4.93,14720,530,3.74,13660,14890,1399-8-10
222,شخارك,پتروشيمي‌ خارك‌,762,1314024,49888496260,36420,38000,38240,1820,5.0,37270,850,2.33,37000,38240,1399-8-10
223,ونوين,بانك‌اقتصادنوين‌,760,22876671,94709417940,3950,4140,4140,190,4.81,4140,190,4.81,4140,4140,1399-8-10
224,وآيند,بانك  آينده,757,2752969,77088637938,28573,28002,28002,-571,-2.0,28124,-449,-1.57,28002,28002,1399-8-10
225,وبوعلي,سرمايه‌گذاري‌بوعلي‌,745,3880486,31163541760,7760,7980,8020,260,3.35,7920,160,2.06,7840,8120,1399-8-10
226,پارس,پتروشيمي پارس,734,594896,79724323140,127840,133830,134220,6380,4.99,132540,4700,3.68,130250,134230,1399-8-10
227,شراز,پالايش نفت شيراز,725,472992,46029205867,99700,94910,96800,-2900,-2.91,97451,-2249,-2.26,94715,103120,1399-8-10
228,غگرجي,بيسكويت‌  گرجي‌,716,1390277,37986317920,28600,27170,27170,-1430,-5.0,27580,-1020,-3.57,27170,28980,1399-8-10
229,داوه,داروسازي آوه سينا,716,1882398,30769474766,17148,16291,16291,-857,-5.0,16630,-518,-3.02,16291,16700,1399-8-10
230,شبصير,توليدات پتروشيمي قائد بصير,710,1031757,111387154123,113294,107630,107630,-5664,-5.0,107959,-5335,-4.71,107630,112600,1399-8-10
231,آ س پ,آ.س.پ,708,5404348,65222699117,12674,12041,12041,-633,-4.99,12069,-605,-4.77,12041,12290,1399-8-10
232,كسرام,پارس‌ سرام‌,704,6530269,36900589920,6940,5900,5610,-1330,-19.16,5770,-1170,-16.86,5610,5900,1399-8-10
233,وصندوق,سرمايه‌گذاري‌صندوق‌بازنشستگي‌,702,5171206,71444910490,13420,13340,13800,380,2.83,13650,230,1.71,13340,14090,1399-8-10
234,آرمان,بيمه آرمان,697,10300098,65035642783,6484,6290,6290,-194,-2.99,6314,-170,-2.62,6290,6500,1399-8-10
235,وسبحان,سرمايه گذاري سبحان,696,9739582,89808949662,9698,9520,9214,-484,-4.99,9221,-477,-4.92,9214,9520,1399-8-10
236,دامين,داروسازي‌ امين‌,684,2716594,33149059720,12600,11970,12370,-230,-1.83,12330,-270,-2.14,11970,12900,1399-8-10
237,زر,صندوق س.پشتوانه سكه طلاي زر,681,448499,22041182217,51417,50200,48300,-3117,-6.06,49144,-2273,-4.42,48004,50200,1399-8-10
238,شاراك,پتروشيمي شازند,668,3026714,56634638360,17870,17970,18760,890,4.98,18660,790,4.42,17970,18760,1399-8-10
239,كنور,توسعه معدني و صنعتي صبانور,647,1727637,61978432010,34210,34200,35920,1710,5.0,35870,1660,4.85,34000,35920,1399-8-10
240,ضخود1044,اختيارخ خودرو-4000-1399/10/07,639,26783,11315824000,414,402,410,-4,-0.97,423,9,2.17,400,480,1399-8-10
241,جم,پتروشيمي جم,637,892284,36634447940,40160,41960,40550,390,0.97,40480,320,0.8,38680,42000,1399-8-10
242,وآرين,شركت توسعه اقتصادي آرين,632,6090483,35357126488,5638,5807,5807,169,3.0,5805,167,2.96,5640,5807,1399-8-10
243,دعبيد,لابراتوارداروسازي‌  دكترعبيدي‌,629,683178,20126548650,30320,28810,29990,-330,-1.09,29990,-330,-1.09,28810,31400,1399-8-10
244,غپاك,لبنيات‌ پاك‌,626,3342949,43172118650,13580,12910,12910,-670,-4.93,12980,-600,-4.42,12910,13100,1399-8-10
245,كپشيرح,ح . پشم‌شيشه‌ايران‌,624,2357187,25360763084,10474,10480,10780,306,2.92,10759,285,2.72,10480,11200,1399-8-10
246,فيروزه,صندوق شاخص30 شركت فيروزه- سهام,621,401478,63747702130,150950,154990,160410,9460,6.27,158780,7830,5.19,154990,160500,1399-8-10
247,فسپا,گروه‌صنعتي‌سپاهان‌,617,1719443,68459995580,38050,38980,39950,1900,4.99,39820,1770,4.65,38520,39950,1399-8-10
248,فايرا,آلومينيوم‌ايران‌,616,1568610,29485741760,18620,18010,18850,230,1.24,18720,100,0.54,18010,19500,1399-8-10
249,حآسا,آسيا سير ارس,615,2342544,34749272591,14231,14400,14942,711,5.0,14633,402,2.82,14400,14942,1399-8-10
250,اطلس,صندوق س.توسعه اندوخته آينده-س,607,152371,27595331058,174278,174230,180700,6422,3.68,181106,6828,3.92,174230,184001,1399-8-10
251,شرانل,نفت ايرانول,600,3803516,100638303812,25281,24870,26545,1264,5.0,26459,1178,4.66,24870,26545,1399-8-10
252,ولانا,شركت ليزينگ آريا دانا,596,2133965,47495303286,22650,21990,21971,-679,-3.0,22257,-393,-1.74,21971,23327,1399-8-10
253,جم پيلن,پلي پروپيلن جم - جم پيلن,591,604559,46756711140,73780,76980,77460,3680,4.99,76470,2690,3.65,73780,77460,1399-8-10
254,وپست,پست بانك ايران,587,5892905,61693182510,9990,10230,10480,490,4.9,10470,480,4.8,10060,10480,1399-8-10
255,كلوند,كاشي‌ الوند,578,2667199,53865806970,21220,20160,20180,-1040,-4.9,20200,-1020,-4.81,20160,21000,1399-8-10
256,ملت,بيمه ملت,577,2283264,29644035320,12720,12250,12900,180,1.42,12870,150,1.18,12250,13300,1399-8-10
257,كطبس,ذغال‌سنگ‌ نگين‌ ط‌بس‌,576,798123,33948672720,41930,41000,43500,1570,3.74,42340,410,0.98,41000,43900,1399-8-10
258,ساروم,سيمان‌اروميه‌,575,1194503,27424509900,23190,23980,22980,-210,-0.91,23060,-130,-0.56,22310,23990,1399-8-10
259,مبين,مبين انرژي خليج فارس,572,2095547,45682258690,21220,22230,21500,280,1.32,21480,260,1.23,21310,22230,1399-8-10
260,دبالك,مواد اوليه دارويي البرز بالك,571,2751391,39361499178,14947,14223,14210,-737,-4.93,14420,-527,-3.53,14200,15000,1399-8-10
261,كترام,توليدي‌ كاشي‌ تكسرام‌,570,1740800,41927445290,22980,23980,24120,1140,4.96,23860,880,3.83,23400,24120,1399-8-10
262,شوينده,مديريت صنعت شوينده ت.ص.بهشهر,567,1109869,40479367990,34880,35100,36620,1740,4.99,36110,1230,3.53,35010,36620,1399-8-10
263,شنفت,نفت‌ پارس‌,565,910227,46255043530,49850,52170,49550,-300,-0.6,50730,880,1.77,49000,52340,1399-8-10
264,وتوسم,سرمايه‌گذاري‌توسعه‌ملي‌,563,3248671,36663527430,10770,11260,11300,530,4.92,11130,360,3.34,11100,11300,1399-8-10
265,تاپكيش,تجارت الكترونيك پارسيان كيش,550,1951212,23939717308,11742,12200,12329,587,5.0,11984,242,2.06,11859,12329,1399-8-10
266,ساينا,صنايع بهداشتي ساينا,548,179546,31052154763,177372,168513,168504,-8868,-5.0,174554,-2818,-1.59,168504,182000,1399-8-10
267,سدبير,س. تدبيرگران فارس وخوزستان,546,2510548,74845340251,29607,28127,31087,1480,5.0,29812,205,0.69,28127,31087,1399-8-10
268,لابسا,آبسال‌,546,1068017,33765970410,32820,31180,31180,-1640,-5.0,31980,-840,-2.56,31180,34000,1399-8-10
269,سصفها,سيمان‌اصفهان‌,542,205971,25406644500,121470,126900,123220,1750,1.44,122410,940,0.77,115440,126900,1399-8-10
270,خاهن,آهنگري‌ تراكتورسازي‌ ايران‌,536,1868059,52488615400,26770,28100,28100,1330,4.97,28100,1330,4.97,27680,28100,1399-8-10
271,زكشت,كشاورزي مكانيزه اصفهان كشت,532,784981,22546148087,29907,28412,28412,-1495,-5.0,29351,-556,-1.86,28412,29900,1399-8-10
272,كگهر,سنگ آهن گهرزمين,530,881168,35434050325,39070,38510,40270,1200,3.07,39398,328,0.84,38510,40979,1399-8-10
273,ددام,داروسازي زاگرس فارمد پارس,529,1198992,16137189200,13530,12860,12890,-640,-4.73,13510,-20,-0.15,12860,14030,1399-8-10
274,بموتو,موتوژن‌,527,547906,24526605910,45040,43500,44460,-580,-1.29,44900,-140,-0.31,43100,46500,1399-8-10
275,دسانكو,داروسازي سبحان انكولوژي,524,2033552,31651056301,16233,15475,15422,-811,-5.0,15792,-441,-2.72,15422,16480,1399-8-10
276,كخاكح,ح . صنايع‌خاك‌چيني‌ايران‌,524,668917,29064692620,39940,41500,43750,3810,9.54,43450,3510,8.79,41030,43930,1399-8-10
277,زشگزا,شير و گوشت زاگرس شهركرد,521,584984,57504352017,93802,95000,98492,4690,5.0,98301,4499,4.8,95000,98492,1399-8-10
278,شغدير,پتروشيمي غدير,514,1192313,51213589269,40969,42458,43017,2048,5.0,42907,1938,4.73,41400,43017,1399-8-10
279,غبشهر,صنعتي‌ بهشهر,513,1973812,46809797950,24900,23660,23660,-1240,-4.98,23740,-1160,-4.66,23660,24900,1399-8-10
280,كشرق,صنعتي و معدني شمال شرق شاهرود,512,1229976,64706882489,52225,50201,53830,1605,3.07,52608,383,0.73,49656,53836,1399-8-10
281,بهپاك,صنعتي بهپاك,510,969197,30748719726,33341,31674,31674,-1667,-5.0,32297,-1044,-3.13,31674,33000,1399-8-10
282,سكارون,سيمان كارون,507,708400,82243648128,112815,116199,116199,3384,3.0,116098,3283,2.91,112905,116199,1399-8-10
283,مارون,پتروشيمي مارون,498,170469,21913110278,128872,127523,127898,-974,-0.76,128800,-72,-0.06,125000,132090,1399-8-10
284,پارسيانح,ح.بيمه پارسيان,494,3471255,33764441480,9100,9750,9930,830,9.12,9730,630,6.92,9410,9950,1399-8-10
285,غبهنوش,بهنوش‌ ايران‌,494,583721,34940608940,61590,58520,62380,790,1.28,60340,-1250,-2.03,58520,63200,1399-8-10
286,كيان,صندوق س. با درآمد ثابت كيان,487,10496903,270007738634,25690,25730,25722,32,0.12,25723,33,0.13,25720,25730,1399-8-10
287,بخاور,بيمه زندگي خاورميانه,485,3548649,26923752451,7560,7600,7550,-10,-0.13,7575,15,0.2,7300,7780,1399-8-10
288,پكرمان,گروه‌ صنعتي‌ بارز,485,2198215,56955750650,24680,25910,25910,1230,4.98,25910,1230,4.98,25910,25910,1399-8-10
289,دسبحان,سبحان دارو,480,1102709,18857331450,17290,17700,16440,-850,-4.92,17220,-70,-0.4,16440,17700,1399-8-10
290,شلعاب,لعابيران‌,479,1227507,9781440480,8350,7940,7940,-410,-4.91,8270,-80,-0.96,7940,8340,1399-8-10
291,كاريس,صندوق س.سپهر كاريزما-س,474,333016,60226606577,172582,180000,181000,8418,4.88,180852,8270,4.79,175602,183400,1399-8-10
292,ما,بيمه  ما,473,7586740,47504632650,6000,5780,6300,300,5.0,6240,240,4.0,5780,6300,1399-8-10
293,شبهرن,نفت‌ بهران‌,472,1464734,79714104260,51880,54300,54470,2590,4.99,54420,2540,4.9,53000,54470,1399-8-10
294,فرآور,فرآوري‌موادمعدني‌ايران‌,463,1425845,31321093960,22890,21750,21750,-1140,-4.98,22290,-600,-2.62,21750,22720,1399-8-10
295,درهآور,دارويي ره آورد تامين,460,443292,13737785742,30424,31850,30999,575,1.89,30577,153,0.5,29650,31850,1399-8-10
296,زگلدشت,كشت و دام گلدشت نمونه اصفهان,459,777904,26124101821,35204,33444,33500,-1704,-4.84,34316,-888,-2.52,33444,35204,1399-8-10
297,شگل,گلتاش‌,459,961909,23835440390,24240,24900,24260,20,0.08,24490,250,1.03,23500,25450,1399-8-10
298,سيدكو,سرمايه گذاري توسعه صنايع سيمان,456,1919309,13245588270,6800,7000,6870,70,1.03,6830,30,0.44,6530,7090,1399-8-10
299,زماهان,مجتمع توليد گوشت مرغ ماهان,455,1195157,27123028030,23753,22566,22566,-1187,-5.0,23152,-601,-2.53,22566,23900,1399-8-10
300,دتمادح,ح . توليدمواداوليه‌داروپخش‌,452,373863,13758824460,35310,35530,36720,1410,3.99,36800,1490,4.22,35020,37500,1399-8-10
301,سباقر,سيمان باقران,448,3735606,56740501816,15652,15183,15183,-469,-3.0,15189,-463,-2.96,15183,15590,1399-8-10
302,سخوز,سيمان خوزستان,445,1580756,34279096620,21150,22200,21690,540,2.55,21510,360,1.7,21400,22200,1399-8-10
303,بساما,بيمه سامان,444,2143585,46675122503,20814,21790,21853,1039,4.99,21671,857,4.12,20600,21854,1399-8-10
304,غفارس,شير پاستوريزه پگاه فارس,443,1919036,18386735020,10036,9535,9535,-501,-4.99,9861,-175,-1.74,9535,9990,1399-8-10
305,وهنر,گروه توسعه هنر ايران,440,7468928,31805956621,4380,4249,4249,-131,-2.99,4258,-122,-2.79,4249,4494,1399-8-10
306,شتوكا,توكا رنگ فولاد سپاهان,428,697477,18011429964,26787,25448,25448,-1339,-5.0,26427,-360,-1.34,25448,26998,1399-8-10
307,لوتوس,تامين سرمايه لوتوس پارسيان,421,1190949,17504784160,14450,15000,14600,150,1.04,14530,80,0.55,14450,15160,1399-8-10
308,ثالوند,سرمايه گذاري مسكن الوند,418,1184048,15677370384,13721,13049,13035,-686,-5.0,13565,-156,-1.14,13035,13631,1399-8-10
309,ضصاد8015,اختيارخ وبصادر-3400-1399/08/11,416,20863,834391000,26,20,50,24,92.31,40,14,53.85,17,60,1399-8-10
310,ساذريح,ح . آذريت‌,412,5909602,35912013428,6324,6008,6199,-125,-1.98,6077,-247,-3.91,6008,6599,1399-8-10
311,سكرما,سيمان‌ كرمان‌,409,1390741,19046640110,14350,14600,13980,-370,-2.58,14090,-260,-1.81,13640,14600,1399-8-10
312,دارا,صندوق س. دارا الگوريتم-د,409,13953555,139534753858,10000,10005,9999,-1,-0.01,10000,0,0.0,9997,10006,1399-8-10
313,دماوند,توليد نيروي برق دماوند,407,405695,28587703870,74174,70466,70466,-3708,-5.0,72811,-1363,-1.84,70466,70466,1399-8-10
314,بفجر,فجر انرژي خليج فارس,406,1745064,52455745760,29260,30720,29680,420,1.44,29800,540,1.85,29510,30720,1399-8-10
315,كدما,معدني‌ دماوند,404,274940,55810070600,193330,202990,202990,9660,5.0,202990,9660,5.0,202990,202990,1399-8-10
316,تايرا,تراكتورسازي‌ايران‌,400,1156441,25366219900,22070,22100,21900,-170,-0.77,22000,-70,-0.32,21020,23140,1399-8-10
317,آتيمس,صندوق س.آرمان آتيه درخشان مس-س,398,117004,22073140817,182223,186729,188799,6576,3.61,188653,6430,3.53,185500,192000,1399-8-10
318,پخش,پخش البرز,395,1238212,38495165321,29701,30140,31185,1484,5.0,30722,1021,3.44,30123,31186,1399-8-10
319,شجم,صنايع پتروشيمي تخت جمشيد,395,2335177,18957926760,8351,8101,8101,-250,-2.99,8142,-209,-2.5,8101,8500,1399-8-10
320,كپارس,كاشي‌ پارس‌,394,497900,48791776000,93340,98000,98000,4660,4.99,97670,4330,4.64,97200,98000,1399-8-10
321,خراسان,پتروشيمي خراسان,391,379399,26896310050,68730,66700,69250,520,0.76,69860,1130,1.64,66700,72160,1399-8-10
322,كمنگنز,معادن‌منگنزايران‌,386,496683,49912440300,103410,103410,98240,-5170,-5.0,100490,-2920,-2.82,98240,107580,1399-8-10
323,سكه0012پ01,سكه تمام بهارتحويلي 1روزه رفاه,384,214200,265355762800,1305101,1238334,1238334,-66767,-5.12,1238822,-66279,-5.08,1238334,1249000,1399-8-10
324,زنجان,صنايع كشاورزي وكود زنجان,384,4500119,26748707336,5771,5944,5944,173,3.0,5944,173,3.0,5944,5944,1399-8-10
325,واميد,گروه مديريت سرمايه گذاري اميد,382,1250715,44508821870,34640,36200,35950,1310,3.78,34980,340,0.98,34750,36350,1399-8-10
326,ولراز,ليزينگ رازي,381,2297987,52844998851,22437,21316,23558,1121,5.0,22996,559,2.49,21316,23558,1399-8-10
327,غمينو,شركت صنايع غذايي مينو شرق,380,1576476,29986149996,18116,19021,19021,905,5.0,18633,517,2.85,19021,19021,1399-8-10
328,سدور,سيمان‌ دورود,378,2255820,17584116350,8170,7770,7770,-400,-4.9,8030,-140,-1.71,7770,8170,1399-8-10
329,دجابر,داروسازي‌ جابرابن‌حيان‌,377,591433,21858358300,38800,36860,36860,-1940,-5.0,37950,-850,-2.19,36860,38500,1399-8-10
330,پارسيان,بيمه پارسيان,374,3396742,40599865920,11400,11370,11970,570,5.0,11830,430,3.77,11370,11970,1399-8-10
331,ضخود1042,اختيارخ خودرو-3000-1399/10/07,374,11011,8645568000,657,755,814,157,23.9,785,128,19.48,700,824,1399-8-10
332,مداران,داده‌پردازي‌ايران‌,371,959868,22545607220,24440,23330,23720,-720,-2.95,23990,-450,-1.84,23220,24630,1399-8-10
333,افق ملت,صندوق س در سهام افق ملت,369,105468,12907725060,116030,119900,124110,8080,6.96,122390,6360,5.48,118210,124990,1399-8-10
334,دسبحا,گروه دارويي سبحان,367,788640,13269506770,16980,16140,16990,10,0.06,16940,-40,-0.24,16140,17590,1399-8-10
335,بكاب,صنايع‌جوشكاب‌يزد,365,392565,61437061860,149670,143700,157150,7480,5.0,156500,6830,4.56,143700,157150,1399-8-10
336,سيستم,همكاران سيستم,364,1696394,46646579360,28890,27480,27450,-1440,-4.98,27530,-1360,-4.71,27450,28260,1399-8-10
337,ضصاد1102,اختيارخ وبصادر-3500-1399/11/12,364,15270,9489520000,575,540,720,145,25.22,621,46,8.0,540,720,1399-8-10
338,سخاش,سيمان‌خاش‌,358,132802,9486166210,70720,67500,70870,150,0.21,70850,130,0.18,67500,74230,1399-8-10
339,خديزل,بهمن  ديزل,346,1533218,66400300635,45333,43300,43067,-2266,-5.0,43308,-2025,-4.47,43067,45950,1399-8-10
340,وتوشه,سرمايه‌ گذاري‌ پارس‌ توشه‌,345,660321,13379330040,19800,20770,19830,30,0.15,19920,120,0.61,19040,20780,1399-8-10
341,زعف9908پ10,زعفران9908نگين طلاي سرخ(پ),343,302870,22834210422,74409,74980,76992,2583,3.47,75393,984,1.32,72001,77000,1399-8-10
342,دالبر,البرزدارو,329,672105,12744959790,18510,17820,18840,330,1.78,18620,110,0.59,17820,19410,1399-8-10
343,زمگسا,كشاورزي‌ ودامپروي‌ مگسال‌,324,829250,21344448440,27050,25700,25700,-1350,-4.99,26460,-590,-2.18,25700,28000,1399-8-10
344,آساميد,صندوق س.مشترك آسمان اميد -د,324,17880019,195078019450,10898,10912,10914,16,0.15,10910,12,0.11,10896,10917,1399-8-10
345,كساوه,صنايع‌ كاشي‌ و سراميك‌ سينا,323,1157224,48267225400,42020,39920,42030,10,0.02,41720,-300,-0.71,39920,43500,1399-8-10
346,وآفري,بيمه كارآفرين,323,7301637,116716662445,15520,15985,15985,465,3.0,15985,465,3.0,15980,15985,1399-8-10
347,تسه9905,امتياز تسهيلات مسكن مرداد99,321,4634,4134645252,905732,880009,860446,-45286,-5.0,892241,-13491,-1.49,860446,951010,1399-8-10
348,حسينا,توسعه خدمات دريايي وبندري سينا,317,595764,35669887102,57376,57999,58523,1147,2.0,59083,1707,2.98,55181,60244,1399-8-10
349,كفرا,فراورده‌ هاي‌ نسوزايران‌,317,260326,12951070540,48600,50000,48300,-300,-0.62,48890,290,0.6,47610,50920,1399-8-10
350,ضپاس1002,اختيارخ وپارس-3000-1399/10/30,316,13390,9211769000,579,777,708,129,22.28,688,109,18.83,634,850,1399-8-10
351,سپ,پرداخت الكترونيك سامان كيش,316,1738190,25220974640,14580,14580,14600,20,0.14,14540,-40,-0.27,13860,14980,1399-8-10
352,درازك,دارويي‌ رازك‌,313,587017,18841959370,33010,31370,31800,-1210,-3.67,32660,-350,-1.06,31370,33000,1399-8-10
353,مفاخر,توسعه فناوري اطلاعات خوارزمي,312,439230,20171513503,47906,45511,45511,-2395,-5.0,47072,-834,-1.74,45511,47900,1399-8-10
354,وسرمد,بيمه  سرمد,310,5182924,29655553893,5561,5600,5727,166,2.99,5722,161,2.9,5420,5727,1399-8-10
355,تسه9904,امتياز تسهيلات مسكن تير99,308,2360,2041328186,900372,857000,855354,-45018,-5.0,864970,-35402,-3.93,855354,945390,1399-8-10
356,قهكمت,قندهكمتان‌,307,492673,21463613380,41720,43550,42910,1190,2.85,42480,760,1.82,42000,43800,1399-8-10
357,آساس,صندوق س.آسمان آرماني سهام-س,305,177552,26685023284,144731,151296,152000,7269,5.02,150294,5563,3.84,147070,152340,1399-8-10
358,اوان,مبين وان كيش,302,1551853,77066128969,48145,50000,49950,1805,3.75,49661,1516,3.15,45801,50551,1399-8-10
359,گوهر,صندوق سكه طلاي كيان,298,364968,22614828029,64374,62959,62800,-1574,-2.45,61964,-2410,-3.74,60050,62959,1399-8-10
360,شفا,سرمايه گذاري شفادارو,297,213683,12956498950,60570,57550,60000,-570,-0.94,60590,20,0.03,57550,63570,1399-8-10
361,شدوص,دوده‌ صنعتي‌ پارس‌,296,891824,17773165270,20510,19490,20200,-310,-1.51,20300,-210,-1.02,19490,20980,1399-8-10
362,پرداخت,به پرداخت ملت,295,422517,18315855030,43980,41790,42400,-1580,-3.59,43750,-230,-0.52,41790,45990,1399-8-10
363,وپخش,داروپخش‌ (هلدينگ‌,288,222425,25107274230,118320,112410,112420,-5900,-4.99,115460,-2860,-2.42,112410,118500,1399-8-10
364,فخاس,فولاد خراسان,286,380487,12542507010,33760,32090,32870,-890,-2.64,33660,-100,-0.3,32090,34940,1399-8-10
365,وارس,سرمايه گذاري ارس صبا,286,340678,24668904178,74626,72388,72388,-2238,-3.0,72411,-2215,-2.97,72388,74625,1399-8-10
366,قثابت,قند ثابت‌ خراسان‌,285,591801,49882906290,80280,84290,84290,4010,5.0,84090,3810,4.75,84290,84290,1399-8-10
367,خرينگ,رينگ‌سازي‌مشهد,277,673805,25065546000,35430,37200,37200,1770,5.0,36280,850,2.4,37200,37200,1399-8-10
368,كخاك,صنايع‌خاك‌چيني‌ايران‌,277,317778,15925256790,49430,51790,49650,220,0.45,49650,220,0.45,46960,51790,1399-8-10
369,خاتم,صندوق س خاتم ايساتيس پويا-ثابت,275,2105694,21056940000,10000,10000,10000,0,0.0,10000,0,0.0,10000,10000,1399-8-10
370,سرود,سيمان‌شاهرود,274,774959,10833290400,14620,13890,13890,-730,-4.99,14470,-150,-1.03,13890,14620,1399-8-10
371,صايند,صندوق س. گنجينه آينده روشن-د,270,3624640,36609876700,10086,10096,10100,14,0.14,10100,14,0.14,10092,10125,1399-8-10
372,ساراب,سيمان‌ داراب‌,269,665085,7681062840,12110,11510,11510,-600,-4.95,12020,-90,-0.74,11510,12000,1399-8-10
373,هجرت,پخش هجرت,269,207738,11663247351,59052,56100,56100,-2952,-5.0,58339,-713,-1.21,56100,56880,1399-8-10
374,شاملاح,ح . معدني‌ املاح‌  ايران‌,265,162982,9533820410,56240,52700,58600,2360,4.2,58500,2260,4.02,50620,61800,1399-8-10
375,حخزر,كشتيراني درياي خزر,263,811888,17324006946,22252,21140,21140,-1112,-5.0,21922,-330,-1.48,21140,23180,1399-8-10
376,دلر,داروسازي‌ اكسير,259,183717,19464880430,103670,98500,101200,-2470,-2.38,104540,870,0.84,98500,108850,1399-8-10
377,وسنا,سرمايه گذاري نيروگاهي ايران,254,2462305,38362711900,16400,15580,15580,-820,-5.0,15580,-820,-5.0,15580,15580,1399-8-10
378,دسينا,داروسازي‌ سينا,251,260070,6518228600,26250,24940,24960,-1290,-4.91,26090,-160,-0.61,24940,26140,1399-8-10
379,پيزد,مجتمع صنايع لاستيك يزد,250,45641,4372544723,100845,95803,95803,-5042,-5.0,100381,-464,-0.46,95803,95803,1399-8-10
380,ونيرو,سرمايه‌گذاري‌نيرو,248,1740221,7830994500,4730,4500,4500,-230,-4.86,4690,-40,-0.85,4500,4500,1399-8-10
381,بذر,صندوق س بذر اميد آفرين-سهام,245,190689,19805090810,100740,102630,103890,3150,3.13,103860,3120,3.1,101190,109990,1399-8-10
382,هبركت912,اختيارف ت بركت-22100-99/12/17,243,366629,2576679871,5737,6023,7037,1300,22.66,7028,1291,22.5,6023,7037,1399-8-10
383,فاما,صنعتي‌ آما,240,988754,22464490880,21640,22720,22720,1080,4.99,22100,460,2.13,22720,22720,1399-8-10
384,وسيزد,شركت س استان يزد,240,3878376,5137857150,1270,1330,1330,60,4.72,1280,10,0.79,1220,1330,1399-8-10
385,قزوين,كارخانجات‌ قند قزوين‌,238,6356648,214536870000,32150,33750,33750,1600,4.98,33750,1600,4.98,33750,33750,1399-8-10
386,حفارس,حمل و نقل بين المللي خليج فارس,237,1913605,8419862000,4630,4400,4400,-230,-4.97,4590,-40,-0.86,4400,4400,1399-8-10
387,كاسپين,داروسازي كاسپين تامين,237,923061,22358128573,25462,24189,24189,-1273,-5.0,24879,-583,-2.29,24189,24591,1399-8-10
388,وجامي,سرمايه گذاري جامي,236,1104321,15720009435,13821,14235,14235,414,3.0,14137,316,2.29,14235,14235,1399-8-10
389,سشمال,سيمان‌ شمال‌,235,1215977,11211563300,9700,9220,9220,-480,-4.95,9590,-110,-1.13,9220,9700,1399-8-10
390,اتكاي,بيمه اتكايي ايرانيان,234,961872,12177635479,12636,12800,12864,228,1.8,12642,6,0.05,12511,12900,1399-8-10
391,فلات,گروه صنايع معادن فلات ايرانيان,232,732054,9376531935,13071,12690,12978,-93,-0.71,12945,-126,-0.96,12679,13460,1399-8-10
392,سفانو,سيمان فارس نو,226,327582,9835589870,31570,30000,30000,-1570,-4.97,31250,-320,-1.01,30000,31000,1399-8-10
393,تاپكيشح,ح.تجارت الكترونيك پارسيان كيش,220,703487,4720728630,6393,6620,6712,319,4.99,6710,317,4.96,6620,6712,1399-8-10
394,وسبوشهر,شركت س استان بوشهر,220,2801789,3683122310,1260,1320,1320,60,4.76,1260,0,0.0,1260,1320,1399-8-10
395,بزاگرس,نيروگاه زاگرس كوثر,218,1055878,15302839854,15255,14493,14493,-762,-5.0,15010,-245,-1.61,14493,14493,1399-8-10
396,شكربن,كربن‌ ايران‌,216,242930,18127436600,78540,74620,74620,-3920,-4.99,77040,-1500,-1.91,74620,74620,1399-8-10
397,ضپاس1003,اختيارخ وپارس-3500-1399/10/30,212,8497,4094602000,446,552,495,49,10.99,482,36,8.07,450,552,1399-8-10
398,داسوه,داروسازي‌ اسوه‌,211,306748,8098813710,26250,25050,26250,0,0.0,26270,20,0.08,24940,27400,1399-8-10
399,غچين,كشت‌ و صنعت‌ چين‌ چين,207,425796,18493714400,42370,44970,42730,360,0.85,42750,380,0.9,42730,44970,1399-8-10
400,ولغدر,ليزينگ‌خودروغدير,206,2770660,44164320400,15190,15940,15940,750,4.94,15820,630,4.15,15940,15940,1399-8-10
401,وساربيل,شركت س استان اردبيل,205,8055925,10178707570,1290,1230,1230,-60,-4.65,1280,-10,-0.78,1230,1350,1399-8-10
402,سهگمت,سيمان‌هگمتان‌,203,321565,6419884230,20010,20700,19410,-600,-3.0,20000,-10,-0.05,19020,20730,1399-8-10
403,دفرا,فرآورده‌هاي‌ تزريقي‌ ايران‌,202,589575,14296999950,24480,23270,24300,-180,-0.74,24410,-70,-0.29,23260,24500,1399-8-10
404,كرازي,كارخانجات‌توليدي‌شيشه‌رازي‌,201,1476621,24260883030,15650,16430,16430,780,4.98,16010,360,2.3,16430,16430,1399-8-10
405,كي بي سي,شركت كي بي سي,201,262749,8352132345,33283,31619,31619,-1664,-5.0,33021,-262,-0.79,31619,32999,1399-8-10
406,خفولا,خدمات فني فولاد يزد,200,315572,8317170591,27154,26500,26340,-814,-3.0,26812,-342,-1.26,26340,27242,1399-8-10
407,دارو,كارخانجات‌داروپخش‌,197,80035,4389919750,57730,54850,54850,-2880,-4.99,57460,-270,-0.47,54850,54850,1399-8-10
408,خزر,فنرسازي‌زر,196,2228925,25320588000,10820,11360,11360,540,4.99,11080,260,2.4,11360,11360,1399-8-10
409,دكيمي,كيميدارو,189,1105680,24424471200,23250,22090,22090,-1160,-4.99,22650,-600,-2.58,22090,22090,1399-8-10
410,فپنتا,سپنتا,189,50058,18419341680,350440,367960,367960,17520,5.0,356590,6150,1.75,367960,367960,1399-8-10
411,سبزوا,سيمان لار سبزوار,186,716409,4340722131,6377,6059,6059,-318,-4.99,6348,-29,-0.45,6059,6059,1399-8-10
412,آساميد2,صندوق س.مشترك آسمان اميد -د,183,18300000,18300000,10898,1,1,-10897,-99.99,1,-10897,-99.99,1,1,1399-8-10
413,وبرق,س.کارکنان صنعت برق زنجان وقزوي,182,45747,9457277310,213123,206730,206730,-6393,-3.0,210007,-3116,-1.46,206730,206730,1399-8-10
414,دابور,داروسازي‌ ابوريحان‌,182,94658,4010377850,42680,43400,41560,-1120,-2.62,42650,-30,-0.07,41050,43400,1399-8-10
415,تصميم,صندوق س با درآمد ثابت تصميم,182,6579822,97110131252,14740,14780,14740,0,0.0,14759,19,0.13,14730,14790,1399-8-10
416,قاسم,قاسم ايران,178,751483,9673255102,13526,12850,12850,-676,-5.0,13393,-133,-0.98,12850,14202,1399-8-10
417,سهرمز,سيمان‌هرمزگان‌,177,443988,6965918410,16430,15620,15810,-620,-3.77,16320,-110,-0.67,15610,16370,1399-8-10
418,هكوير910,اختيارف ت كوير-16000-99/10/02,175,782768,1171020928,1,1496,1496,1495,149500.0,1496,1495,149500.0,1496,1496,1399-8-10
419,لسرما,سرما آفرين‌,174,500647,14498737120,27590,28960,28960,1370,4.97,27970,380,1.38,28960,28960,1399-8-10
420,دپارس,پارس‌ دارو,174,104447,11108715570,110980,106000,105440,-5540,-4.99,109910,-1070,-0.96,105440,112990,1399-8-10
421,لپيام,گسترش صنايع پيام,172,1004405,30973841390,31791,30838,30838,-953,-3.0,30838,-953,-3.0,30838,30838,1399-8-10
422,هصيكو402,اختيارف ت تاصيكو13500-00/02/20,170,400000,1234000000,2344,3085,3085,741,31.61,3085,741,31.61,3085,3085,1399-8-10
423,زپارس,ملي كشت و صنعت و دامپروري پارس,168,95906,6001329000,63610,60460,62200,-1410,-2.22,63480,-130,-0.2,60450,65970,1399-8-10
424,خصدرا,صنعتي‌ دريايي‌ ايران‌,166,1369006,7704765768,5802,5628,5628,-174,-3.0,5779,-23,-0.4,5628,5628,1399-8-10
425,سبجنو,سيمان‌ بجنورد,166,251763,8034941280,30840,31660,32230,1390,4.51,31010,170,0.55,29420,32380,1399-8-10
426,سكه9912پ04,سكه تمام بهارتحويل1روزه صادرات,164,98400,121879923100,1303509,1238334,1238334,-65175,-5.0,1238617,-64892,-4.98,1238334,1246000,1399-8-10
427,سبهان,سيمان‌ بهبهان‌,163,74080,4270337740,57440,59200,56000,-1440,-2.51,57460,20,0.03,55320,59200,1399-8-10
428,وثخوز,سرمايه گذاري و توسعه خوزستان,163,235384,7791615460,34094,33072,33072,-1022,-3.0,33696,-398,-1.17,33072,34000,1399-8-10
429,تسه9903,امتياز تسهيلات مسكن خرداد99,157,1531,1330984677,904496,930000,859272,-45224,-5.0,869356,-35140,-3.89,859272,930000,1399-8-10
430,شاملا,معدني‌ املاح‌  ايران‌,156,89507,6107202820,70520,70000,67000,-3520,-4.99,70230,-290,-0.41,67000,74040,1399-8-10
431,ديران,ايران‌دارو,156,1271004,23068722600,19100,18150,18150,-950,-4.97,18640,-460,-2.41,18150,18150,1399-8-10
432,پسهند,صنايع‌ لاستيكي‌  سهند,155,269505,13325361870,52010,49410,49410,-2600,-5.0,51290,-720,-1.38,49410,51000,1399-8-10
433,ضخود1043,اختيارخ خودرو-3500-1399/10/07,155,7253,4246411000,528,620,550,22,4.17,585,57,10.8,550,620,1399-8-10
434,كفپارس,فرآورده‌هاي‌ نسوز پارس‌,151,409654,3826168360,9830,9340,9340,-490,-4.98,9790,-40,-0.41,9340,9340,1399-8-10
435,شصفها,پتروشيمي‌ اصفهان‌,149,166851,15067378690,89295,87510,91060,1765,1.98,90304,1009,1.13,87510,91080,1399-8-10
436,كهرام,توليدي گرانيت بهسرام,145,217353,12878506537,57988,58120,59727,1739,3.0,58784,796,1.37,56249,59727,1399-8-10
437,شپترو,پتروشيمي آبادان,145,705741,3351564009,4895,4749,4749,-146,-2.98,4870,-25,-0.51,4749,4749,1399-8-10
438,تسه9901,امتياز تسهيلات مسكن فروردين99,143,1649,1418301229,898745,860122,853808,-44937,-5.0,860098,-38647,-4.3,853808,924988,1399-8-10
439,بمپنا,توليد برق عسلويه  مپنا,143,40068,3184043035,83449,79277,79277,-4172,-5.0,83183,-266,-0.32,79277,81500,1399-8-10
440,دمعيار,صندوق س. توازن معيار-د,142,3670083,36733719760,9999,10028,10002,3,0.03,10009,10,0.1,10000,10028,1399-8-10
441,ضغدر1119,اختيارخ وغدير-10000-1399/11/26,141,5343,17981220000,2708,3150,3550,842,31.09,3365,657,24.26,3000,3590,1399-8-10
442,سپاس,صندوق س. پاداش سهامداري توسعه1,141,3578661,36315786542,10120,10140,10150,30,0.3,10148,28,0.28,10140,10150,1399-8-10
443,اخزا817,اسنادخزانه-م17بودجه98-010512,139,218504,156384746309,714143,714502,716003,1860,0.26,715707,1564,0.22,714502,717000,1399-8-10
444,اخزا815,اسنادخزانه-م15بودجه98-010406,138,235812,172207383701,729470,727359,731050,1580,0.22,730274,804,0.11,726700,732000,1399-8-10
445,تسه9906,امتياز تسهيلات مسكن شهريور99,137,1729,1534447633,930935,885105,884389,-46546,-5.0,887477,-43458,-4.67,884389,900408,1399-8-10
446,ضصاد8012,اختيارخ وبصادر-2800-1399/08/11,136,5402,2778505000,388,440,510,122,31.44,514,126,32.47,440,590,1399-8-10
447,ثجوان,تامين مسكن جوانان,135,408315,2652654807,6509,6700,6360,-149,-2.29,6507,-2,-0.03,6300,6700,1399-8-10
448,تسه9812,امتياز تسهيلات مسكن اسفند98,134,2345,2097004990,905700,860415,950000,44300,4.89,894245,-11455,-1.26,860415,950000,1399-8-10
449,پكويرح,ح. كوير تاير,131,3076107,33920894700,11000,11000,12100,1100,10.0,11030,30,0.27,11000,12100,1399-8-10
450,وسناح,ح. سرمايه گذاري نيروگاهي ايران,131,346087,3854471970,11457,11114,11114,-343,-2.99,11137,-320,-2.79,11114,11650,1399-8-10
451,آكورد,صندوق س. آرمان آتي كوثر-د,131,2454704,71509335527,29087,29140,29131,44,0.15,29132,45,0.15,29130,29140,1399-8-10
452,خريخت,صنايع‌ريخته‌گري‌ايران‌,131,1215036,5880774240,5090,4840,4840,-250,-4.91,5060,-30,-0.59,4840,4840,1399-8-10
453,فيروزا,صندوق بادرآمد ثابت فيروزه آسيا,129,676329,14301262817,21190,21170,21126,-64,-0.3,21145,-45,-0.21,21000,21230,1399-8-10
454,تشتادح,ح.صنايع توليدي اشتاد ايران‌,128,976532,9526984264,10176,10786,9566,-610,-5.99,9756,-420,-4.13,9566,10786,1399-8-10
455,دفارا,داروسازي‌ فارابي‌,127,88259,5743895720,68500,65080,65080,-3420,-4.99,68090,-410,-0.6,65080,65080,1399-8-10
456,غنوش,نوش‌ مازندران‌,126,77800,5502016000,74440,70720,70720,-3720,-5.0,74010,-430,-0.58,70720,70720,1399-8-10
457,وملي,گروه‌ صنعتي‌ ملي‌ (هلدينگ‌,126,5585,2108672600,397430,377560,377560,-19870,-5.0,396550,-880,-0.22,377560,377560,1399-8-10
458,ضشنا1035,اختيارخ شپنا-14000-1399/10/23,125,1528,4433121000,2345,3000,2999,654,27.89,2901,556,23.71,2400,3470,1399-8-10
459,سدشت,صنايع سيمان دشتستان,123,280495,10977579370,37820,35990,39710,1890,5.0,38100,280,0.74,35940,39710,1399-8-10
460,جوين,كشت و صنعت جوين,122,1085303,20121517620,18000,18540,18540,540,3.0,18527,527,2.93,18540,18540,1399-8-10
461,شپاس,نفت پاسارگاد,120,763382,16909674682,23316,22151,22151,-1165,-5.0,22901,-415,-1.78,22151,22151,1399-8-10
462,وتوس,توسعه‌شهري‌توس‌گستر,116,161875,5260937500,34210,32500,32500,-1710,-5.0,34020,-190,-0.56,32500,32500,1399-8-10
463,اخزا808,اسنادخزانه-م8بودجه98-000817,115,92753,78003447826,839368,838711,843010,3642,0.43,840980,1612,0.19,838710,844000,1399-8-10
464,سكرد,سيمان كردستان,114,1698192,16506426240,10230,9720,9720,-510,-4.99,10050,-180,-1.76,9720,9720,1399-8-10
465,هترول911,اختيارف ت پترول-14730-99/11/15,113,500000,965500000,1159,1931,1931,772,66.61,1931,772,66.61,1931,1931,1399-8-10
466,سقاين,سيمان‌ قائن‌,112,142210,5598588340,40540,38580,39280,-1260,-3.11,40400,-140,-0.35,38580,41360,1399-8-10
467,قشهد,شهد,111,118431,3388184190,29870,30880,28900,-970,-3.25,29780,-90,-0.3,28380,30880,1399-8-10
468,ياقوت,صندوق س ياقوت آگاه-ثابت,111,1909158,21355595213,11170,11175,11175,5,0.04,11186,16,0.14,11175,11199,1399-8-10
469,سمتاز,سيمان ممتازان كرمان,110,219633,4800683862,21404,22000,22046,642,3.0,21511,107,0.5,20765,22046,1399-8-10
470,دتماد,توليدمواداوليه‌داروپخش‌,109,127690,5706466100,47040,44690,44690,-2350,-5.0,46760,-280,-0.6,44690,44690,1399-8-10
471,خمهر,مهركام‌پارس‌,108,354145,2443600500,7260,6900,6900,-360,-4.96,7240,-20,-0.28,6900,6900,1399-8-10
472,ضخود1048,اختيارخ خودرو-7000-1399/10/07,105,5966,725700000,99,125,134,35,35.35,122,23,23.23,105,134,1399-8-10
473,غدام,خوراك‌  دام‌ پارس‌,104,129538,28592922740,210220,220730,220730,10510,5.0,215940,5720,2.72,220730,220730,1399-8-10
474,گكوثر,هتل پارسيان كوثر اصفهان,103,32731,4491053241,144432,137211,137211,-7221,-5.0,143749,-683,-0.47,137211,137211,1399-8-10
475,كماسه,تامين‌ ماسه‌ ريخته‌گري‌,102,141911,7238880110,53690,51010,51010,-2680,-4.99,53280,-410,-0.76,51010,51010,1399-8-10
476,تسه9708,امتياز تسهيلات مسكن آبان97,102,1440,1232181157,897108,856010,852253,-44855,-5.0,855681,-41427,-4.62,852253,869998,1399-8-10
477,فنفت,صنايع تجهيزات نفت,98,152222,2157760170,14606,14168,14168,-438,-3.0,14558,-48,-0.33,14168,14300,1399-8-10
478,ثشرق,سرمايه گذاري مسكن شمال شرق,97,1225134,6873001740,5900,5610,5610,-290,-4.92,5860,-40,-0.68,5610,5610,1399-8-10
479,اخزا809,اسنادخزانه-م9بودجه98-000923,97,171194,141055321359,821337,821100,825100,3763,0.46,823950,2613,0.32,821100,825800,1399-8-10
480,ضصاد8014,اختيارخ وبصادر-3200-1399/08/11,95,2972,461036000,91,100,180,89,97.8,155,64,70.33,100,199,1399-8-10
481,تسه9811,امتياز تسهيلات مسكن بهمن98,94,889,760971371,899235,854522,854274,-44961,-5.0,855986,-43249,-4.81,854274,870000,1399-8-10
482,كمرجان,بازرگاني و توليدي مرجان كار,92,95363,5239910761,52331,54947,54947,2616,5.0,52592,261,0.5,54947,54947,1399-8-10
483,تسه9709,امتياز تسهيلات مسكن آذر97,88,761,658373075,906303,875001,860988,-45315,-5.0,865142,-41161,-4.54,860988,878224,1399-8-10
484,خشرق,الكتريك‌ خودرو شرق‌,87,499749,9660148170,20340,19330,19330,-1010,-4.97,20130,-210,-1.03,19330,19330,1399-8-10
485,وكادو,تكادو,85,669432,11097843696,17450,16578,16578,-872,-5.0,16941,-509,-2.92,16578,16578,1399-8-10
486,خاذين,سايپاآذين‌,85,306721,2091837220,7170,6820,6820,-350,-4.88,7150,-20,-0.28,6820,6820,1399-8-10
487,غمهرا,توليدي‌مهرام‌,84,29580,1429602610,49740,47400,49580,-160,-0.32,49700,-40,-0.08,47270,49720,1399-8-10
488,تسه9803,امتياز تسهيلات مسكن خرداد98,83,941,813251087,888085,843681,844000,-44085,-4.96,864241,-23844,-2.68,843681,900000,1399-8-10
489,هصادر912,اختيارف ت صادرات-3750-99/12/23,82,1000000,155000000,1,155,155,154,15400.0,155,154,15400.0,155,155,1399-8-10
490,سنوين,سرمايه گذاري اقتصاد نوين,81,433963,4387990669,10009,9907,10209,200,2.0,10053,44,0.44,9900,10209,1399-8-10
491,وتعاون,بيمه  تعاون,81,493045,3000010394,6268,6080,6080,-188,-3.0,6240,-28,-0.45,6080,6131,1399-8-10
492,سكه0011پ02,سكه تمام بهارتحويلي 1روزه ملت,81,21000,26006283900,1301019,1238334,1238334,-62685,-4.82,1238394,-62625,-4.81,1238334,1248881,1399-8-10
493,ثزاگرس,سرمايه گذاري توسعه عمران زاگرس,80,240495,9011347650,36379,37470,37470,1091,3.0,36856,477,1.31,37470,37470,1399-8-10
494,ضصاد8024,اختيارخ وبصادر-5500-1399/08/11,79,4101,4101000,1,1,1,0,0.0,1,0,0.0,1,1,1399-8-10
495,خكاوه,سايپا ديزل,75,424775,2383837300,5907,5612,5612,-295,-4.99,5870,-37,-0.63,5612,5612,1399-8-10
496,اخزا814,اسنادخزانه-م14بودجه98-010318,74,161663,119725440024,738975,738981,742000,3025,0.41,740586,1611,0.22,738981,742000,1399-8-10
497,فلوله,لوله‌وماشين‌سازي‌ايران‌,74,150500,3282405000,22950,21810,21810,-1140,-4.97,22870,-80,-0.35,21810,21810,1399-8-10
498,اخزا811,اسنادخزانه-م11بودجه98-001013,73,215776,175795800664,813137,813016,815000,1863,0.23,814714,1577,0.19,813016,817001,1399-8-10
499,تسه9710,امتياز تسهيلات مسكن دي 97,73,996,863257049,905566,866500,860288,-45278,-5.0,866724,-38842,-4.29,860288,882050,1399-8-10
500,نگين,ص.س. زمين و ساختمان نگين شهرري,73,149590,7538301630,51000,51000,50010,-990,-1.94,50390,-610,-1.2,50010,51000,1399-8-10
501,اعتلا,شركت سرمايه گذاري اعتلاء البرز,73,529187,5056381785,10057,9555,9555,-502,-4.99,10004,-53,-0.53,9555,9555,1399-8-10
502,واحصا,احياء صنايع خراسان,72,184180,3607717840,19018,19588,19588,570,3.0,19118,100,0.53,19588,19588,1399-8-10
503,سكه0112پ03,سكه تمام بهارتحويلي1روزه سامان,71,27500,34056382900,1301820,1238334,1238334,-63486,-4.88,1238414,-63406,-4.87,1238334,1241000,1399-8-10
504,اخزا818,اسنادخزانه-م18بودجه98-010614,71,186148,130718915119,700770,700775,702203,1433,0.2,702231,1461,0.21,700775,703000,1399-8-10
505,ضصاد8011,اختيارخ وبصادر-2600-1399/08/11,71,4164,2944108000,541,601,730,189,34.94,707,166,30.68,601,750,1399-8-10
506,جهرم,پتروشيمي جهرم,66,2568570,8324735370,3341,3241,3241,-100,-2.99,3298,-43,-1.29,3241,3241,1399-8-10
507,ضملي1148,اختيارخ فملي-10140-1399/11/05,65,766,3829359000,3944,5000,5250,1306,33.11,4999,1055,26.75,4500,5250,1399-8-10
508,ضترا1118,اختيارخ شتران-12000-1399/11/14,65,1577,4245230000,2680,2700,2600,-80,-2.99,2692,12,0.45,2150,3100,1399-8-10
509,تكشا,گسترش‌صنايع‌وخدمات‌كشاورزي‌,65,535546,40653296860,79900,75910,75910,-3990,-4.99,76490,-3410,-4.27,75910,75910,1399-8-10
510,وسكهبو,س.عدالت ا. كهگيلويه وبويراحمد,65,1099604,1187572320,1130,1080,1080,-50,-4.42,1130,0,0.0,1080,1080,1399-8-10
511,وشمال,س. چشم انداز توسعه شمال,65,30231,3260534274,111189,107854,107854,-3335,-3.0,110628,-561,-0.5,107854,107854,1399-8-10
512,اخزا821,اسنادخزانه-م21بودجه98-020906,63,154401,87122668870,559839,556200,561702,1863,0.33,564262,4423,0.79,556200,565000,1399-8-10
513,تسه9801,امتياز تسهيلات مسكن فروردين98,63,432,367957181,895459,850687,852000,-43459,-4.85,851753,-43706,-4.88,850687,875000,1399-8-10
514,شكف,كف,63,98262,7418289690,74015,75495,75495,1480,2.0,75091,1076,1.45,75495,75495,1399-8-10
515,ضصاد8016,اختيارخ وبصادر-3600-1399/08/11,61,2220,5707000,7,3,3,-4,-57.14,3,-4,-57.14,1,5,1399-8-10
516,تكمبا,كمباين‌ سازي‌ ايران‌,59,287127,2765033010,10130,9630,9630,-500,-4.94,10100,-30,-0.3,9630,9630,1399-8-10
517,تبرك,گروه كارخانجات صنعتي تبرك,59,65668,1747228476,28007,26607,26607,-1400,-5.0,27956,-51,-0.18,26607,26607,1399-8-10
518,قشير,قند شيروان قوچان و بجنورد,59,77262,1789078872,24374,23156,23156,-1218,-5.0,24328,-46,-0.19,23156,23156,1399-8-10
519,غشاذر,پگاه‌آذربايجان‌غربي‌,58,116850,2259879000,20350,19340,19340,-1010,-4.96,20300,-50,-0.25,19340,19340,1399-8-10
520,هاباد912,اختيارف ت آبادا-30100-99/12/12,58,25578,216722394,7819,8473,8473,654,8.36,8473,654,8.36,8473,8473,1399-8-10
521,وملت,سرمايه گذاري ملت,58,218627,1116309462,5318,5106,5106,-212,-3.99,5293,-25,-0.47,5106,5106,1399-8-10
522,تسه9902,امتياز تسهيلات مسكن ارديبهشت99,58,1861,1617956427,914230,870111,868519,-45711,-5.0,869402,-44828,-4.9,868519,875209,1399-8-10
523,ضخود1045,اختيارخ خودرو-4500-1399/10/07,57,2632,783141000,276,320,283,7,2.54,298,22,7.97,283,320,1399-8-10
524,اخزا806,اسنادخزانه-م6بودجه98-000519,56,83789,73256450511,874041,873261,875121,1080,0.12,874297,256,0.03,873261,878500,1399-8-10
525,تسه9711,امتياز تسهيلات مسكن بهمن 97,56,746,653836556,918653,880020,872721,-45932,-5.0,876456,-42197,-4.59,872721,887000,1399-8-10
526,اخزا812,اسنادخزانه-م12بودجه98-001111,55,246385,197931351476,802314,802370,803200,886,0.11,803342,1028,0.13,802370,806300,1399-8-10
527,ضخود1040,اختيارخ خودرو-2000-1399/10/07,54,1002,1751746000,1697,1625,1820,123,7.25,1748,51,3.01,1610,1820,1399-8-10
528,واتي,سرمايه‌ گذاري‌ آتيه‌ دماوند,54,269070,3656661300,14300,13590,13590,-710,-4.97,14250,-50,-0.35,13590,13590,1399-8-10
529,تسه9809,امتياز تسهيلات مسكن آذر98,54,434,372037038,902086,856982,860000,-42086,-4.67,857228,-44858,-4.97,856982,860000,1399-8-10
530,ميهن,بيمه ميهن,53,442367,2218028138,5277,5014,5014,-263,-4.98,5265,-12,-0.23,5014,5014,1399-8-10
531,كپرور,فرآوري زغال سنگ پروده طبس,53,99555,4523082315,47824,45433,45433,-2391,-5.0,47596,-228,-0.48,45433,45433,1399-8-10
532,ثاصفا,شركت‌ ساختمان‌ اصفهان‌,53,53845,1435453855,27483,26659,26659,-824,-3.0,27422,-61,-0.22,26659,26659,1399-8-10
533,الماس,صندوق س.امين تدبيرگران فردا-س,52,17560,1968083759,108375,112329,112078,3703,3.42,112078,3703,3.42,111118,114000,1399-8-10
534,ولبهمن,شركت بهمن ليزينگ,52,1128206,10236213038,9550,9073,9073,-477,-4.99,9447,-103,-1.08,9073,9073,1399-8-10
535,ولشرق,ليزينگ ايران و شرق,51,508386,3451432554,7146,6789,6789,-357,-5.0,7120,-26,-0.36,6789,6789,1399-8-10
536,ضصاد8008,اختيارخ وبصادر-2000-1399/08/11,51,803,1053849000,1092,1300,1317,225,20.6,1312,220,20.15,1210,1440,1399-8-10
537,خاور,ايران خودرو ديزل,51,524957,3319303111,6655,6323,6323,-332,-4.99,6597,-58,-0.87,6323,6323,1399-8-10
538,ضصاد8013,اختيارخ وبصادر-3000-1399/08/11,51,1604,534160000,206,300,380,174,84.47,333,127,61.65,300,380,1399-8-10
539,ضشنا1036,اختيارخ شپنا-16000-1399/10/23,50,757,1792528000,2173,2650,2200,27,1.24,2368,195,8.97,2000,2700,1399-8-10
540,تسه9712,امتياز تسهيلات مسكن اسفند97,50,379,338324408,929848,883360,883356,-46492,-5.0,892677,-37171,-4.0,883356,976340,1399-8-10
541,قپيرا,فرآورده‌هاي‌غدايي‌وقندپيرانشهر,50,37988,3268775060,81960,85500,86050,4090,4.99,82210,250,0.31,85500,86050,1399-8-10
542,زعف9908پ17,زعفران9908پوشالمعمول بيرجند(پ),49,29284,2102890630,75576,71798,71798,-3778,-5.0,71810,-3766,-4.98,71798,73000,1399-8-10
543,ضچاد1014,اختيارخ كچاد-14000-1399/10/02,48,875,2483445000,2258,3000,2950,692,30.65,2838,580,25.69,2500,3020,1399-8-10
544,وايران,ليزينگ ايرانيان,47,166829,1546504830,9750,9270,9270,-480,-4.92,9730,-20,-0.21,9270,9270,1399-8-10
545,ارمغان,ص سرمايه گذاري ارمغان ايرانيان,46,1449056,14692217083,10130,10140,10134,4,0.04,10139,9,0.09,10129,10140,1399-8-10
546,تسه9802,امتياز تسهيلات مسكن ارديبهشت98,45,386,338870484,905888,885297,870000,-35888,-3.96,877903,-27985,-3.09,860594,885297,1399-8-10
547,سخزر,سيمان‌ خزر,45,82651,2045612250,26050,24750,24750,-1300,-4.99,25990,-60,-0.23,24750,24750,1399-8-10
548,صنوين,صندوق سرمايه‌گذاري صنوين-مختلط,45,6121,614645040,99190,99270,100020,830,0.84,100420,1230,1.24,99270,102000,1399-8-10
549,قنيشا,قند  نيشابور,44,27090,2435932800,94650,89920,89920,-4730,-5.0,94410,-240,-0.25,89920,89920,1399-8-10
550,اخزا816,اسنادخزانه-م16بودجه98-010503,44,102923,74064451320,718257,718502,719705,1448,0.2,719610,1353,0.19,718502,721839,1399-8-10
551,بميلا,توسعه بازرگاني آهن وفولادميلاد,44,469797,8600573679,18873,18307,18307,-566,-3.0,18622,-251,-1.33,18307,18307,1399-8-10
552,فجام,جام‌دارو,44,31318,1561202300,52470,49850,49850,-2620,-4.99,52380,-90,-0.17,49850,49850,1399-8-10
553,زشريف,كشت وصنعت شريف آباد,43,182569,4343133941,25041,23789,23789,-1252,-5.0,24927,-114,-0.46,23789,23789,1399-8-10
554,غگلستا,شير پاستوريزه پگاه گلستان,43,58351,880808345,15889,15095,15095,-794,-5.0,15874,-15,-0.09,15095,15095,1399-8-10
555,ثپرديس,سرمايه گذاري مسكن پرديس,42,161161,1785663880,11663,11080,11080,-583,-5.0,11641,-22,-0.19,11080,11080,1399-8-10
556,پارتا,مجتمع‌صنعتي‌آرتاويل‌تاير,42,39666,2376509058,63066,59913,59913,-3153,-5.0,62806,-260,-0.41,59913,59913,1399-8-10
557,ثروتم,صندوق س. ثروت آفرين پارسيان-س,41,17540,1603366420,90294,91000,91020,726,0.8,91412,1118,1.24,91000,92430,1399-8-10
558,نطرين,عطرين نخ قم,41,127368,1940324112,16035,15234,15234,-801,-5.0,16002,-33,-0.21,15234,15234,1399-8-10
559,تماوند,تامين سرمايه دماوند,41,78411,1225485519,16112,15629,15629,-483,-3.0,16081,-31,-0.19,15629,15629,1399-8-10
560,ساربيل,سيمان آرتا اردبيل,40,22218,1375294200,65150,61900,61900,-3250,-4.99,65060,-90,-0.14,61900,61900,1399-8-10
561,دارا2,صندوق س. دارا الگوريتم-د,40,4000000,4000000,10000,1,1,-9999,-99.99,1,-9999,-99.99,1,1,1399-8-10
562,شساخت,مهندسي و ساختمان صنايع نفت,40,40183,1579794645,40530,39315,39315,-1215,-3.0,40482,-48,-0.12,39315,39315,1399-8-10
563,تسه9808,امتياز تسهيلات مسكن آبان98,40,417,357103284,900983,856122,855934,-45049,-5.0,856363,-44620,-4.95,855934,866934,1399-8-10
564,ضملي1153,اختيارخ فملي-20280-1399/11/05,40,1463,1075395000,868,900,650,-218,-25.12,735,-133,-15.32,620,900,1399-8-10
565,افران,صندوق س افرا نماد پايدار-ثابت,39,317788,3777057245,11860,11900,11880,20,0.17,11885,25,0.21,11880,11909,1399-8-10
566,كتوكا,توليدي و خدمات صنايع نسوز توكا,39,10199,1229214077,126866,120523,120523,-6343,-5.0,126702,-164,-0.13,120523,120523,1399-8-10
567,هفارس912,اختيارف ت فارس-14576-99/12/13,39,958338,958338,1,1,1,0,0.0,1,0,0.0,1,1,1399-8-10
568,شكبير,پتروشيمي اميركبير,38,23522,1344777376,58821,58749,57058,-1763,-3.0,58794,-27,-0.05,57058,58749,1399-8-10
569,شرنگي,شيميايي رنگين,38,78166,8934920962,117842,114307,114307,-3535,-3.0,116214,-1628,-1.38,114307,114307,1399-8-10
570,تسه9807,امتياز تسهيلات مسكن مهر98,37,324,276323142,895349,850582,850582,-44767,-5.0,852849,-42500,-4.75,850582,880000,1399-8-10
571,خوساز,محورسازان‌ايران‌خودرو,37,89403,781382220,9200,8740,8740,-460,-5.0,9190,-10,-0.11,8740,8740,1399-8-10
572,اخزا813,اسنادخزانه-م13بودجه98-010219,37,39659,29997512243,756091,756111,756511,420,0.06,756386,295,0.04,756111,758500,1399-8-10
573,سفار,سيمان‌فارس‌,36,12409,1079583000,91570,87000,87000,-4570,-4.99,91470,-100,-0.11,87000,87000,1399-8-10
574,وليز,ليزينگ‌ايران‌,36,63269,562461410,9350,8890,8890,-460,-4.92,9340,-10,-0.11,8890,8890,1399-8-10
575,گنجين,صندوق س. گنجينه يكم آويد-د,35,374492,4319979510,11514,11535,11534,20,0.17,11536,22,0.19,11450,11565,1399-8-10
576,اخزا903,اسنادخزانه-م3بودجه99-011110,35,49675,32306472891,652154,650000,650510,-1644,-0.25,650357,-1797,-0.28,649039,651000,1399-8-10
577,ضفار1125,اختيارخ فارس-17826-1399/11/07,34,405,631038000,1832,840,749,-1083,-59.12,779,-1053,-57.48,749,840,1399-8-10
578,نمرينو,ايران‌ مرينوس‌,34,24867,1361970090,57650,54770,54770,-2880,-5.0,57570,-80,-0.14,54770,54800,1399-8-10
579,تكنار,مجتمع معادن مس تكنار,33,15489,1454448078,98844,93902,93902,-4942,-5.0,98466,-378,-0.38,93902,93902,1399-8-10
580,تسه9810,امتياز تسهيلات مسكن دي98,33,554,484070574,919758,873771,873771,-45987,-5.0,873774,-45984,-5.0,873771,873777,1399-8-10
581,ساروج,بين المللي ساروج بوشهر,33,255087,4943591986,19975,19376,19376,-599,-3.0,19823,-152,-0.76,19376,19975,1399-8-10
582,آسام,صندوق س.آرمان سپهر آشنا-م,32,24490,2405732740,96822,99998,98900,2078,2.15,98233,1411,1.46,97000,99998,1399-8-10
583,ولملت,واسپاري ملت,32,163425,1791138000,11530,10960,10960,-570,-4.94,11510,-20,-0.17,10960,10960,1399-8-10
584,ضخود1046,اختيارخ خودرو-5000-1399/10/07,31,1224,276592000,211,225,213,2,0.95,226,15,7.11,213,245,1399-8-10
585,اوصتا,صندوق انديشه ورزان صباتامين -د,31,1006348,16925660101,16842,16710,16860,18,0.11,16819,-23,-0.14,16710,16860,1399-8-10
586,بالبر,كابل‌ البرز,31,34694,787553800,23890,22700,22700,-1190,-4.98,23870,-20,-0.08,22700,22700,1399-8-10
587,كگاز,شيشه‌ و گاز,30,38236,913458040,25140,23890,23890,-1250,-4.97,25120,-20,-0.08,23890,23890,1399-8-10
588,زر2,صندوق س.پشتوانه سكه طلاي زر,30,3000000,3000000,51417,1,1,-51416,-100.0,1,-51416,-100.0,1,1,1399-8-10
589,دكپسول,توليد ژلاتين كپسول ايران,30,23320,803210760,36255,34443,34443,-1812,-5.0,36224,-31,-0.09,34443,34443,1399-8-10
590,كيان2,صندوق س. با درآمد ثابت كيان,30,3000000,3000000,25690,1,1,-25689,-100.0,1,-25689,-100.0,1,1,1399-8-10
591,تسه9806,امتياز تسهيلات مسكن شهريور98,30,345,295560069,899220,854260,854259,-44961,-5.0,856696,-42524,-4.73,854259,860000,1399-8-10
592,حپارسا,توسعه حمل و نقل ريلي پارسيان,30,27183,803312016,31107,29552,29552,-1555,-5.0,31081,-26,-0.08,29552,29552,1399-8-10
593,فولاي,صنايع فولاد آلياژي يزد,28,12272,605979088,51977,49379,49379,-2598,-5.0,51944,-33,-0.06,49379,49379,1399-8-10
594,نيرو,نيرو سرمايه,28,46131,2188131723,48900,47433,47433,-1467,-3.0,48735,-165,-0.34,47433,47433,1399-8-10
595,غپونه,نوش پونه مشهد,28,239849,3797769066,16323,15834,15834,-489,-3.0,16227,-96,-0.59,15834,15834,1399-8-10
596,قلرست,قند لرستان‌,28,55332,1218410640,23170,22020,22020,-1150,-4.96,23140,-30,-0.13,22020,22020,1399-8-10
597,اخزا721,اسنادخزانه-م21بودجه97-000728,28,219376,185982428267,848157,848109,849109,952,0.11,847779,-378,-0.04,846000,849109,1399-8-10
598,لكما,كارخانجات‌مخابراتي‌ايران‌,28,39564,421475292,10982,10653,10653,-329,-3.0,10975,-7,-0.06,10653,10653,1399-8-10
599,كايتاح,ح.ايتالران‌,27,52692,714154467,13721,13400,13400,-321,-2.34,13553,-168,-1.22,13400,14132,1399-8-10
600,لبوتان,گروه‌صنعتي‌بوتان‌,27,10493,705234530,70740,67210,67210,-3530,-4.99,70690,-50,-0.07,67210,67210,1399-8-10
601,شفارا,پتروشيمي فارابي,27,185694,962637696,5344,5184,5184,-160,-2.99,5336,-8,-0.15,5184,5184,1399-8-10
602,بنيرو,نيروترانس‌,27,8662,478921980,58190,55290,55290,-2900,-4.98,58160,-30,-0.05,55290,55290,1399-8-10
603,رتكو,كنترل‌خوردگي‌تكين‌كو,27,39448,607893680,16220,15410,15410,-810,-4.99,16210,-10,-0.06,15410,15410,1399-8-10
604,ضخود1041,اختيارخ خودرو-2500-1399/10/07,27,672,809474000,1142,1100,1250,108,9.46,1205,63,5.52,1020,1260,1399-8-10
605,حپترو,حمل و نقل پتروشيمي( سهامي عام,26,19337,569474650,30990,29450,29450,-1540,-4.97,30970,-20,-0.06,29450,29450,1399-8-10
606,غالبر,لبنيات‌ كالبر,26,33259,403764260,12770,12140,12140,-630,-4.93,12760,-10,-0.08,12140,12140,1399-8-10
607,كمينا,شيشه سازي مينا,26,44431,1323332904,30705,29784,29784,-921,-3.0,30642,-63,-0.21,29784,29784,1399-8-10
608,سخند,صندوق س.سپهرخبرگان نفت-د,25,88550,896626470,10104,10094,10130,26,0.26,10126,22,0.22,10094,10130,1399-8-10
609,گوهر2,صندوق سكه طلاي كيان,25,250000,250000,64374,1,1,-64373,-100.0,1,-64373,-100.0,1,1,1399-8-10
610,كابگن,توليدي و صنعتي آبگينه‌,25,231116,1111436844,4762,4809,4809,47,0.99,4772,10,0.21,4809,4809,1399-8-10
611,ضفلا8079,اختيارخ فولاد-10775-1399/08/28,24,184,564490000,1955,3400,3000,1045,53.45,3068,1113,56.93,3000,3500,1399-8-10
612,خلنت,لنت‌ ترمزايران‌,24,20020,1750148400,92020,87420,87420,-4600,-5.0,91850,-170,-0.18,87420,87420,1399-8-10
613,گپارس,امور رفاهي كارگزاران پارس,24,18315,2428898670,126303,132618,132618,6315,5.0,127033,730,0.58,132618,132618,1399-8-10
614,ضفلا8082,اختيارخ فولاد-13775-1399/08/28,24,129,164682000,824,1000,1214,390,47.33,1277,453,54.98,1000,1500,1399-8-10
615,كپشير,پشم‌شيشه‌ايران‌,24,22105,376448150,17920,17030,17030,-890,-4.97,17910,-10,-0.06,17030,17030,1399-8-10
616,پلاسك,پلاسكوكار,24,61420,515313800,8830,8390,8390,-440,-4.98,8830,0,0.0,8390,8390,1399-8-10
617,شتولي,تولي‌پرس‌,24,183096,4091280120,21907,22345,22345,438,2.0,22083,176,0.8,22345,22345,1399-8-10
618,زعف9908پ15,زعفران9908پوشالمعمول طلاسرخ(پ),24,8521,670056164,75576,75576,79354,3778,5.0,78636,3060,4.05,73000,79354,1399-8-10
619,اخزا704,اسنادخزانه-م4بودجه97-991022,24,8411,8175028953,975099,965391,970000,-5099,-0.52,971945,-3154,-0.32,965391,976900,1399-8-10
620,سايرا,ايرانيت‌,23,117979,4231198096,36179,35456,36256,77,0.21,36045,-134,-0.37,35456,36256,1399-8-10
621,عيار2,صندوق س. پشتوانه طلاي مفيد,23,230000,230000,31638,1,1,-31637,-100.0,1,-31637,-100.0,1,1,1399-8-10
622,سمايه,بانك سرمايه,22,45393,422109507,9586,9299,9299,-287,-2.99,9580,-6,-0.06,9299,9299,1399-8-10
623,ضصاد8018,اختيارخ وبصادر-4000-1399/08/11,22,950,950000,1,1,1,0,0.0,1,0,0.0,1,1,1399-8-10
624,ضصاد1100,اختيارخ وبصادر-2500-1399/11/12,22,1354,2003100000,1327,1500,1500,173,13.04,1479,152,11.45,1400,1500,1399-8-10
625,كقزوي,شيشه‌ قزوين‌,22,40386,366866424,9364,9084,9084,-280,-2.99,9359,-5,-0.05,9084,9084,1399-8-10
626,وسين,بيمه سينا,22,542941,10856105295,20613,19995,19995,-618,-3.0,20267,-346,-1.68,19995,19995,1399-8-10
627,داريك,صندوق س.اعتماد داريك-د,22,32467,326166758,10016,10020,10020,4,0.04,10046,30,0.3,10020,10139,1399-8-10
628,وثنو,سرمايه گذاري ساختماني نوين,21,81874,1199781596,15107,14654,14654,-453,-3.0,15079,-28,-0.19,14654,14654,1399-8-10
629,گكيش,توريستي ورفاهي آبادگران كيش,21,15762,1110007326,72601,70423,70423,-2178,-3.0,72476,-125,-0.17,70423,70423,1399-8-10
630,خفناور,مهندسي صنعتي روان فن آور,21,19208,454134744,24887,23643,23643,-1244,-5.0,24857,-30,-0.12,23643,23643,1399-8-10
631,خكار,ايركا پارت صنعت,21,17424,568545120,34340,32630,32630,-1710,-4.98,34320,-20,-0.06,32630,32630,1399-8-10
632,ضفلا8085,اختيارخ فولاد-16775-1399/08/28,21,60,17206000,379,281,320,-59,-15.57,287,-92,-24.27,250,320,1399-8-10
633,اخزا804,اسنادخزانه-م4بودجه98-000421,21,41630,36944361280,887122,887337,887591,469,0.05,887446,324,0.04,887337,887591,1399-8-10
634,كصدف,كاشي صدف سرام استقلال آباده,20,43593,848014629,18887,19453,19453,566,3.0,18910,23,0.12,19453,19453,1399-8-10
635,غدشت,دشت‌ مرغاب‌,20,3214,866590820,283820,269630,269630,-14190,-5.0,283560,-260,-0.09,269630,269630,1399-8-10
636,ضترا8022,اختيارخ شتران-4593-1399/08/11,20,196,2290116785,5652,6500,7000,1348,23.85,6853,1201,21.25,6400,7000,1399-8-10
637,غشصفا,شيرپاستوريزه‌پگاه‌اصفهان‌,20,26950,812542500,31730,30150,30150,-1580,-4.98,31700,-30,-0.09,30150,30150,1399-8-10
638,فوكا,فولاد كاويان,20,20943,418922829,21055,20003,20003,-1052,-5.0,21046,-9,-0.04,20003,20003,1399-8-10
639,اخزا810,اسنادخزانه-م10بودجه98-001006,20,35153,28799418885,816874,816813,820000,3126,0.38,819259,2385,0.29,816813,820000,1399-8-10
640,بسويچ,پارس‌سويچ‌,19,26432,1078689920,42950,40810,40810,-2140,-4.98,42900,-50,-0.12,40810,40810,1399-8-10
641,كيسون,شركت كيسون,19,142177,2726954860,19773,19180,19180,-593,-3.0,19731,-42,-0.21,19180,19180,1399-8-10
642,سغرب,سيمان‌غرب‌,19,18547,341635740,19380,18420,18420,-960,-4.95,19370,-10,-0.05,18420,18420,1399-8-10
643,سجام,مجتمع سيمان غرب آسيا,19,85821,898631691,10794,10471,10471,-323,-2.99,10779,-15,-0.14,10471,10471,1399-8-10
644,ضصاد8000,اختيارخ وبصادر-1200-1399/08/11,19,310,670770000,2000,2200,2150,150,7.5,2164,164,8.2,2100,2400,1399-8-10
645,سيلام,سيمان‌ ايلام‌,19,65199,665681790,10740,10210,10210,-530,-4.93,10730,-10,-0.09,10210,10210,1399-8-10
646,تپمپي,پمپ‌ سازي‌ ايران‌,19,7874,280314400,37470,35600,35600,-1870,-4.99,37460,-10,-0.03,35600,35600,1399-8-10
647,داراب,پتروشيمي داراب,19,162030,498080220,3169,3074,3074,-95,-3.0,3167,-2,-0.06,3074,3074,1399-8-10
648,ضفلا8078,اختيارخ فولاد-9775-1399/08/28,19,235,935801000,2957,4000,3900,943,31.89,3982,1025,34.66,3500,4000,1399-8-10
649,ضملت8027,اختيارخ وبملت-4100-1399/08/28,18,786,2956052850,681,900,1100,419,61.53,908,227,33.33,900,1100,1399-8-10
650,زعف9908پ09,زعفران9908نگين نوين(پ),18,2111,164739609,78599,78129,78129,-470,-0.6,78039,-560,-0.71,76010,78129,1399-8-10
651,افرا,افرانت,18,2768,163558352,62198,59089,59089,-3109,-5.0,62187,-11,-0.02,59089,59089,1399-8-10
652,فنورد,نوردوقطعات‌ فولادي‌,17,70402,10637742200,143910,151100,151100,7190,5.0,145370,1460,1.01,151100,151100,1399-8-10
653,ضخود1047,اختيارخ خودرو-6000-1399/10/07,17,479,84205000,197,299,186,-11,-5.58,176,-21,-10.66,162,299,1399-8-10
654,زعف9908پ05,زعفران9908نگين زرين(پ),17,4655,363107446,79336,78129,78129,-1207,-1.52,78004,-1332,-1.68,76100,78129,1399-8-10
655,اخزا807,اسنادخزانه-م7بودجه98-000719,16,22018,18787822733,851448,851760,851793,345,0.04,853294,1846,0.22,851760,860390,1399-8-10
656,وايرا,سرمايه گذاري صنايع ايران,16,470668,4154586436,9099,8827,8827,-272,-2.99,9041,-58,-0.64,8827,8827,1399-8-10
657,فسا,پتروشيمي فسا,14,61074,179740782,3034,2943,2943,-91,-3.0,3033,-1,-0.03,2943,2943,1399-8-10
658,ضخوز1014,اختيارخ فخوز-12191-1399/10/16,14,94,684200000,6172,7000,7000,828,13.42,7279,1107,17.94,7000,7500,1399-8-10
659,شستا991,اجاره تامين اجتماعي-امين991226,14,91,92105470,1005093,1019988,990045,-15048,-1.5,1012148,7055,0.7,990045,1019990,1399-8-10
660,ثامان,سامان‌ گستراصفهان‌,13,23830,509723700,22510,21390,21390,-1120,-4.98,22500,-10,-0.04,21390,21390,1399-8-10
661,فنوال,نورد آلومينيوم‌,13,8906,300755620,35540,33770,33770,-1770,-4.98,35530,-10,-0.03,33770,33770,1399-8-10
662,وسگلستا,شركت س استان گلستان,13,82634,97508120,1240,1180,1180,-60,-4.84,1240,0,0.0,1180,1180,1399-8-10
663,اخزا716,اسنادخزانه-م16بودجه97-000407,13,59567,53047743000,889322,891001,892500,3178,0.36,890556,1234,0.14,890000,892500,1399-8-10
664,ضفلا8076,اختيارخ فولاد-8775-1399/08/28,13,71,349915000,4803,5500,4900,97,2.02,4928,125,2.6,4500,5700,1399-8-10
665,حسير,ريل سير كوثر,13,5737,149942232,27511,26136,26136,-1375,-5.0,27507,-4,-0.01,26136,26136,1399-8-10
666,گكيشح,ح.توريستي ورفاهي آبادگران كيش,13,174606,9030971532,51722,51722,51722,0,0.0,51722,0,0.0,51722,51722,1399-8-10
667,دلقما,دارويي‌ لقمان‌,13,18824,620250800,34680,32950,32950,-1730,-4.99,34660,-20,-0.06,32950,32950,1399-8-10
668,غاذر,كشت‌وصنعت‌پياذر,13,2395,179098100,78710,74780,74780,-3930,-4.99,78700,-10,-0.01,74780,74780,1399-8-10
669,ضترا8023,اختيارخ شتران-4886-1399/08/11,12,79,833098805,5515,6000,6500,985,17.86,6185,670,12.15,5001,6850,1399-8-10
670,ذوب تبعي9912,اختيارف.تبعي ذوب991224,12,22270,53335450,2300,4461,2350,50,2.17,2395,95,4.13,2350,2500,1399-8-10
671,غگلپا,شير پاستوريزه پگاه گلپايگان,12,6579,467549793,74807,71067,71067,-3740,-5.0,74770,-37,-0.05,71067,71067,1399-8-10
672,ضپيك1019,اختيارخ تاپيكو-12000-99/10/16,12,132,637500000,5000,5500,5000,0,0.0,4830,-170,-3.4,4500,5500,1399-8-10
673,بالاس,مهندسي ساختمان تاسيسات راه آهن,12,5065,231759205,48165,45757,45757,-2408,-5.0,48153,-12,-0.02,45757,45757,1399-8-10
674,وسخراج,شركت س استان خراسان جنوبي,12,137561,294380540,2250,2140,2140,-110,-4.89,2250,0,0.0,2140,2140,1399-8-10
675,ضترا8030,اختيارخ شتران-8113-1399/08/11,12,100,571447800,1690,2500,4498,2808,166.15,3352,1662,98.34,2500,4498,1399-8-10
676,ساذري,آذريت‌,12,14106,84128184,5791,5964,5964,173,2.99,5792,1,0.02,5964,5964,1399-8-10
677,دشيري,شيرين دارو,12,1505,264574485,181234,175797,175797,-5437,-3.0,181160,-74,-0.04,175797,175797,1399-8-10
678,ضترا8035,اختيارخ شتران-11046-1399/08/11,12,21,19235810,60,400,999,939,1565.0,537,477,795.0,200,999,1399-8-10
679,سخواف,سيمان مجد خواف,12,19715,311457570,16629,15798,15798,-831,-5.0,16615,-14,-0.08,15798,15798,1399-8-10
680,ضترا8036,اختيارخ شتران-11633-1399/08/11,12,54,37189460,7100,500,350,-6750,-95.07,404,-6696,-94.31,200,900,1399-8-10
681,اخزا902,اسنادخزانه-م2بودجه99-011019,12,43066,28342280670,656381,658000,658555,2174,0.33,658113,1732,0.26,658000,659000,1399-8-10
682,زعف9908پ16,زعفران9908نگين بيرجند(پ),12,1936,149398122,75083,74010,78050,2967,3.95,77168,2085,2.78,73150,78098,1399-8-10
683,پست9908-02,پسته فندقي32-30طلاسبززرند9908,12,404,513196087,1303810,1250000,1252001,-51809,-3.97,1270287,-33523,-2.57,1250000,1288164,1399-8-10
684,غپآذر,شير پگاه آذربايجان شرقي,11,4986,260982198,55097,52343,52343,-2754,-5.0,55082,-15,-0.03,52343,52343,1399-8-10
685,وسخراش,شركت س استان خراسان شمالي,11,107242,142631860,1390,1330,1330,-60,-4.32,1390,0,0.0,1330,1330,1399-8-10
686,زعف9908پ14,زعفران9908پوشالمعمول نوين(پ),11,1154,89301578,75576,72000,77497,1921,2.54,77384,1808,2.39,71798,79354,1399-8-10
687,كرونا2,تامين مالي جمعي صرفا اهداي سود,11,1183,11830000,10000,10000,10000,0,0.0,10000,0,0.0,10000,10000,1399-8-10
688,ضبدر1149,اختيارخ شبندر-28000-1399/11/19,11,86,506226000,4529,6000,5700,1171,25.86,5886,1357,29.96,5500,6500,1399-8-10
689,ضملي1152,اختيارخ فملي-18252-1399/11/05,11,366,364960000,1397,1450,1050,-347,-24.84,997,-400,-28.63,950,1450,1399-8-10
690,طمخا7070,اختيارف اخابر-20000-1400/07/28,11,14,28000000,1,2000,2000,1999,199900.0,2000,1999,199900.0,2000,2000,1399-8-10
691,ضچاد1017,اختيارخ كچاد-20000-1399/10/02,11,99,86726000,743,855,920,177,23.82,876,133,17.9,850,920,1399-8-10
692,اخزا805,اسنادخزانه-م5بودجه98-000422,11,12311,10950890692,888107,888107,888251,144,0.02,889521,1414,0.16,888107,900000,1399-8-10
693,ولتجار,واسپاري تجارت وسرمايه ايرانيان,11,22447,133447415,6128,5945,5945,-183,-2.99,6127,-1,-0.02,5945,5945,1399-8-10
694,وسزنجان,شركت س استان زنجان,11,69041,93895760,1430,1360,1360,-70,-4.9,1430,0,0.0,1360,1360,1399-8-10
695,اخزا723,اسنادخزانه-م23بودجه97-000824,10,28546,23947893279,833551,833123,839000,5449,0.65,838923,5372,0.64,833123,843999,1399-8-10
696,خچرخش,چرخشگر,10,12285,224692650,19250,18290,18290,-960,-4.99,19250,0,0.0,18290,18290,1399-8-10
697,ضپيك1021,اختيارخ تاپيكو-16000-99/10/16,10,82,268000000,7500,4000,2500,-5000,-66.67,3268,-4232,-56.43,2500,4000,1399-8-10
698,خفنر,فنرسازي‌خاور,10,9937,184927570,19580,18610,18610,-970,-4.95,19580,0,0.0,18610,18610,1399-8-10
699,وحكمت,بيمه حكمت صبا,10,49147,280580223,5885,5709,5709,-176,-2.99,5882,-3,-0.05,5709,5709,1399-8-10
700,آكورد2,صندوق س. آرمان آتي كوثر-د,10,1000000,1000000,29087,1,1,-29086,-100.0,1,-29086,-100.0,1,1,1399-8-10
701,وسكرشا,س.سهام عدالت استان كرمانشاه,10,126457,156806680,1300,1240,1240,-60,-4.62,1300,0,0.0,1240,1240,1399-8-10
702,وثوق,سرمايه گذاري وثوق امين,10,9029,134252201,15328,14869,14869,-459,-2.99,15325,-3,-0.02,14869,14869,1399-8-10
703,تسه9804,امتياز تسهيلات مسكن تير98,10,38,32605368,903195,858036,858036,-45159,-5.0,858036,-45159,-5.0,858036,858036,1399-8-10
704,ثعتما,س. ساختماني اعتماد گستر,10,4720,147438640,32203,31237,31237,-966,-3.0,32196,-7,-0.02,31237,31237,1399-8-10
705,لخزر,پارس‌ خزر,9,2623,536954330,215480,204710,204710,-10770,-5.0,215360,-120,-0.06,204710,204710,1399-8-10
706,زعف9908پ06,زعفران 9908پوشالمعمول زرين(پ),9,1500,116289740,78284,79000,73013,-5271,-6.73,77526,-758,-0.97,73010,79354,1399-8-10
707,ضغدر1120,اختيارخ وغدير-12000-1399/11/26,9,235,511004000,1800,2000,2300,500,27.78,2174,374,20.78,2000,2300,1399-8-10
708,ضصاد1107,اختيارخ وبصادر-7000-1399/11/12,9,610,73300000,121,121,120,-1,-0.83,120,-1,-0.83,120,121,1399-8-10
709,خكمك,كمك‌فنرايندامين‌,9,5089,269208100,55680,52900,52900,-2780,-4.99,55660,-20,-0.04,52900,52900,1399-8-10
710,وسمركز,شركت س استان مركزي,9,60627,80633910,1400,1330,1330,-70,-5.0,1400,0,0.0,1330,1330,1399-8-10
711,اخزا820,اسنادخزانه-م20بودجه98-020806,8,14123,8049233501,567493,567501,570000,2507,0.44,569938,2445,0.43,567501,570000,1399-8-10
712,خمحور,توليدمحورخودرو,8,3932,220349280,58980,56040,56040,-2940,-4.98,58970,-10,-0.02,56040,56040,1399-8-10
713,ثنام,س ساختماني ب نام آوران مهندسي,8,30112,625486464,21414,20772,20772,-642,-3.0,21393,-21,-0.1,20772,20772,1399-8-10
714,ضترا8024,اختيارخ شتران-5181-1399/08/11,8,28,293433910,5267,6500,6001,734,13.94,6146,879,16.69,5500,7200,1399-8-10
715,قمرو,قند مرودشت‌,8,2166,72496020,35230,33470,33470,-1760,-5.0,35230,0,0.0,33470,33470,1399-8-10
716,ضملت8037,اختيارخ وبملت-8204-1399/08/28,8,436,118598240,20,50,90,70,350.0,66,46,230.0,30,90,1399-8-10
717,خموتور,موتورسازان‌تراكتورسازي‌ايران‌,8,7307,84761200,12210,11600,11600,-610,-5.0,12210,0,0.0,11600,11600,1399-8-10
718,دقاضي,داروسازي شهيد قاضي,8,1722,155167698,92895,90109,90109,-2786,-3.0,92873,-22,-0.02,90109,90109,1399-8-10
719,چفيبر,فيبر ايران‌,8,14890,151580200,10710,10180,10180,-530,-4.95,10710,0,0.0,10180,10180,1399-8-10
720,ضصاد1101,اختيارخ وبصادر-3000-1399/11/12,8,500,555000000,900,1100,1100,200,22.22,1110,210,23.33,1050,1160,1399-8-10
721,پست9908-08,پسته فندقي32-30زرينمه ولات9908,8,49,65514971,1280688,1300000,1359997,79309,6.19,1337040,56352,4.4,1300000,1359997,1399-8-10
722,ضگل1142,اختيارخ كگل-16000-1399/11/21,7,354,922140000,2247,2600,2800,553,24.61,2605,358,15.93,2450,3000,1399-8-10
723,وسيلام,شركت س استان ايلام,7,69033,81458940,1240,1180,1180,-60,-4.84,1240,0,0.0,1180,1180,1399-8-10
724,هغدير912,اختيارف ت غدير-17380-99/12/16,7,11539,53461817,4633,5448,4633,0,0.0,4633,0,0.0,4633,5448,1399-8-10
725,اخزا713,اسنادخزانه-م13بودجه97-000518,7,4483,3908354274,872284,872000,875000,2716,0.31,871817,-467,-0.05,870502,875000,1399-8-10
726,لازما,كارخانه هاي صنعتي آزمايش,7,99123,3048329619,31380,30753,30753,-627,-2.0,31185,-195,-0.62,30753,30753,1399-8-10
727,خودرو2,ايران‌ خودرو,7,50004026,165013285800,3150,3300,3300,150,4.76,3300,150,4.76,3300,3300,1399-8-10
728,چافست,افست‌,7,3487,87767790,26490,25170,25170,-1320,-4.98,26490,0,0.0,25170,25170,1399-8-10
729,تملي704,تسهيلات مسكن ب. ملي-تير97,7,92,186660456,2135703,2028918,2028918,-106785,-5.0,2028918,-106785,-5.0,2028918,2028918,1399-8-10
730,سنير,سيمان‌ سفيد ني‌ريز,7,829,65184270,82760,78630,78630,-4130,-4.99,82750,-10,-0.01,78630,78630,1399-8-10
731,فالوم,آلومتك‌,6,3009,99579846,34835,33094,33094,-1741,-5.0,34826,-9,-0.03,33094,33094,1399-8-10
732,خنصير,مهندسي‌نصيرماشين‌,6,1797,85375470,50010,47510,47510,-2500,-5.0,50010,0,0.0,47510,47510,1399-8-10
733,ثغرب,شركت سرمايه گذاري مسكن شمالغرب,6,14485,187305535,13611,12931,12931,-680,-5.0,13608,-3,-0.02,12931,12931,1399-8-10
734,اخزا722,اسنادخزانه-م22بودجه97-000428,6,63223,55884132220,883929,883510,884060,131,0.01,883921,-8,0.0,883510,884060,1399-8-10
735,خپويش,سازه‌ پويش‌,6,3462,133529340,40590,38570,38570,-2020,-4.98,40580,-10,-0.02,38570,38570,1399-8-10
736,تسه9805,امتياز تسهيلات مسكن مرداد98,6,167,149801171,944224,897013,897013,-47211,-5.0,897013,-47211,-5.0,897013,897013,1399-8-10
737,ضغدر8042,اختيارخ وغدير-15000-1399/08/26,6,485,5830000,10,500,10,0,0.0,12,2,20.0,10,500,1399-8-10
738,بايكا,كارخانجات كابلسازي ‌ايران‌,6,1584,64391184,41908,40651,40651,-1257,-3.0,41904,-4,-0.01,40651,40651,1399-8-10
739,ضصاد8010,اختيارخ وبصادر-2400-1399/08/11,6,59,49352000,798,881,900,102,12.78,836,38,4.76,780,900,1399-8-10
740,كساپا,سايپاشيشه‌,6,2401,46339300,20310,19300,19300,-1010,-4.97,20310,0,0.0,19300,19300,1399-8-10
741,ضصاد8017,اختيارخ وبصادر-3800-1399/08/11,6,69,84000,2,6,1,-1,-50.0,1,-1,-50.0,1,6,1399-8-10
742,صگل1411,ص اجاره گل گهر 1411-3 ماهه 17%,6,72,68860000,970001,930000,951000,-19001,-1.96,956389,-13612,-1.4,930000,1000000,1399-8-10
743,ضغدر8035,اختيارخ وغدير-9000-1399/08/26,6,9,25506000,2752,2900,2900,148,5.38,2834,82,2.98,2699,2900,1399-8-10
744,ضترا8018,اختيارخ شتران-3421-1399/08/11,6,6,83033500,6188,7700,7500,1312,21.2,8117,1929,31.17,7500,9000,1399-8-10
745,ضپنا1020,اختيارخ رمپنا-13406-1399/10/09,6,109,786707200,3412,5200,5000,1588,46.54,4873,1461,42.82,4800,5200,1399-8-10
746,حبندر,دريايي و کشتيراني خط دريابندر,6,15020,344303460,23631,22923,22923,-708,-3.0,23618,-13,-0.06,22923,22923,1399-8-10
747,تملي705,تسهيلات مسكن ب. ملي-مرداد97,6,46,42658100,883191,927350,927350,44159,5.0,927350,44159,5.0,927350,927350,1399-8-10
748,فافزا,فولاد افزا سپاهان,5,983,45569914,48797,46358,46358,-2439,-5.0,48791,-6,-0.01,46358,46358,1399-8-10
749,ورازي,بيمه رازي,5,4346,62986578,15255,14493,14493,-762,-5.0,15252,-3,-0.02,14493,14493,1399-8-10
750,ضمخا7067,اختيارخ اخابر-14000-1400/07/28,5,213,365200000,1,2,5000,4999,499900.0,1715,1714,171400.0,2,5000,1399-8-10
751,تابا,تابان نيرو سپاهان,5,2066,64285656,32753,31116,31116,-1637,-5.0,32747,-6,-0.02,31116,31116,1399-8-10
752,حاريا,كشتيراني آريا,5,1324,40923516,31864,30909,30909,-955,-3.0,31862,-2,-0.01,30909,30909,1399-8-10
753,لخانه,لوازم‌ خانگي‌ پارس‌,5,466,26484644,58591,56834,56834,-1757,-3.0,58589,-2,0.0,56834,56834,1399-8-10
754,ضترا8032,اختيارخ شتران-9286-1399/08/11,5,18,56299100,11144,2000,2000,-9144,-82.05,1834,-9310,-83.54,1255,2000,1399-8-10
755,معيار,سرمايه گذاري معيار صنعت پارس,5,8100,236017800,29732,29138,29138,-594,-2.0,29718,-14,-0.05,29138,29138,1399-8-10
756,فبيرا,بسته‌ بندي‌ ايران‌,5,9202,45264638,5071,4919,4919,-152,-3.0,5071,0,0.0,4919,4919,1399-8-10
757,ضترا8031,اختيارخ شتران-8701-1399/08/11,5,7,25409615,1259,2000,2700,1441,114.46,2129,870,69.1,2000,2700,1399-8-10
758,ثنظام,س. ساختماني نظام مهندسي ايران,5,5103,217275534,43894,42578,42578,-1316,-3.0,43879,-15,-0.03,42578,42578,1399-8-10
759,ضفلا8080,اختيارخ فولاد-11775-1399/08/28,5,32,88770000,1200,2700,2560,1360,113.33,2774,1574,131.17,2560,2880,1399-8-10
760,شمواد,توليد مواداوليه الياف مصنوعي,5,1068,67097100,64768,62825,62825,-1943,-3.0,64761,-7,-0.01,62825,62825,1399-8-10
761,ضترا8037,اختيارخ شتران-12806-1399/08/11,5,46,269390,2,1,1,-1,-50.0,3,1,50.0,1,9,1399-8-10
762,اشاد10,مشاركت دولتي10-شرايط خاص001226,5,23100,22094100000,957000,950000,957000,0,0.0,956455,-545,-0.06,950000,957000,1399-8-10
763,ضترا8033,اختيارخ شتران-9873-1399/08/11,5,17,56056990,11228,1999,882,-10346,-92.14,1934,-9294,-82.78,882,2000,1399-8-10
764,خعمرا,توسعه و عمران شهرستان نائين,5,12503,199747928,15511,15976,15976,465,3.0,15516,5,0.03,15976,15976,1399-8-10
765,فبستم,صنايع ‌بسته‌بندي‌ مشهد,5,18201,14852016,793,816,816,23,2.9,793,0,0.0,816,816,1399-8-10
766,پست9908-04,پسته فندقي32-30سبزدانه9908,5,32,42315948,1281604,1359994,1240003,-41601,-3.25,1322373,40769,3.18,1240003,1359994,1399-8-10
767,ضچاد1013,اختيارخ كچاد-12000-1399/10/02,5,31,124070000,3384,4000,4000,616,18.2,4002,618,18.26,4000,4010,1399-8-10
768,ضغدر8036,اختيارخ وغدير-9500-1399/08/26,4,12,30000000,1492,2500,2500,1008,67.56,2500,1008,67.56,2500,2500,1399-8-10
769,وآتوس,س.آرين توسكا قيمت اسمي 350ريال,4,84292,2959154952,36191,35106,35106,-1085,-3.0,36026,-165,-0.46,35106,35106,1399-8-10
770,زعف9908پ13,زعفران9908پوشالمعمول روستا(پ),4,400,29103600,77846,73012,72001,-5845,-7.51,72759,-5087,-6.53,72001,73012,1399-8-10
771,ضچاد1016,اختيارخ كچاد-18000-1399/10/02,4,65,67950000,990,1050,1000,10,1.01,1045,55,5.56,1000,1090,1399-8-10
772,ضپيك1023,اختيارخ تاپيكو-20000-99/10/16,4,102,205000000,2799,2500,2000,-799,-28.55,2010,-789,-28.19,2000,2500,1399-8-10
773,فمراد,آلومراد,4,300,42732000,149930,142440,142440,-7490,-5.0,149920,-10,-0.01,142440,142440,1399-8-10
774,اشاد9,مشاركت دولتي9-شرايط خاص990909,4,75700,75470800700,994182,994001,997000,2818,0.28,996972,2790,0.28,994001,997000,1399-8-10
775,ضپيك1022,اختيارخ تاپيكو-18000-99/10/16,4,55,114012000,3000,2001,2200,-800,-26.67,2073,-927,-30.9,2000,2200,1399-8-10
776,ضپيك1020,اختيارخ تاپيكو-14000-99/10/16,4,5,21400000,4000,5000,3500,-500,-12.5,4280,280,7.0,2900,5000,1399-8-10
777,پدرخش,درخشان‌ تهران‌,4,297,64113390,227230,215870,215870,-11360,-5.0,227210,-20,-0.01,215870,215870,1399-8-10
778,ضخوز1015,اختيارخ فخوز-13715-1399/10/16,4,6,29999000,5500,5000,5000,-500,-9.09,5000,-500,-9.09,4999,5000,1399-8-10
779,ضبدر8056,اختيارخ شبندر-21580-1399/08/18,4,20,102500000,6094,5000,5500,-594,-9.75,5125,-969,-15.9,5000,5500,1399-8-10
780,شستا993,اجاره ت.اجتماعي-كاردان991226,4,30,29855000,1010000,990000,998000,-12000,-1.19,995167,-14833,-1.47,990000,998000,1399-8-10
781,دروز,داروسازي‌ روزدارو,4,2395,42822600,18820,17880,17880,-940,-4.99,18820,0,0.0,17880,17880,1399-8-10
782,ضصاد8001,اختيارخ وبصادر-1300-1399/08/11,4,140,288500000,1891,2100,2050,159,8.41,2061,170,8.99,2050,2100,1399-8-10
783,پست0008پ09,پسته بادامي30-28مه ولات0008(پ),4,34,53300000,1613571,1600000,1560000,-53571,-3.32,1567647,-45924,-2.85,1560000,1600000,1399-8-10
784,پلاست,كارخانجات توليدي پلاستيران,4,1332,55826784,43208,41912,41912,-1296,-3.0,43204,-4,-0.01,41912,41912,1399-8-10
785,ضبدر8065,اختيارخ شبندر-39580-1399/08/18,4,17,850000,5103,50,50,-5053,-99.02,50,-5053,-99.02,50,50,1399-8-10
786,شسم,توليد سموم‌ علف‌ كش,4,794,67210512,81393,84648,84648,3255,4.0,81414,21,0.03,84648,84648,1399-8-10
787,زنگان,صنعت روي زنگان,4,223,34118554,161050,152998,152998,-8052,-5.0,161044,-6,0.0,152998,152998,1399-8-10
788,ضترا8027,اختيارخ شتران-6353-1399/08/11,4,9,64798525,4000,4001,4800,800,20.0,4223,223,5.58,4001,4800,1399-8-10
789,ضپاس1000,اختيارخ وپارس-2000-1399/10/30,4,160,251750000,1463,1580,1570,107,7.31,1573,110,7.52,1570,1580,1399-8-10
790,اخزا718,اسنادخزانه-م18بودجه97-000525,4,70000,61030475000,871479,871952,871480,1,0.0,871864,385,0.04,871480,871952,1399-8-10
791,ثاباد,توريستي ورفاهي آبادگران ايران,3,603,18433710,32170,30570,30570,-1600,-4.97,32170,0,0.0,30570,30570,1399-8-10
792,ضچاد1015,اختيارخ كچاد-16000-1399/10/02,3,61,130799000,2100,2100,2299,199,9.48,2144,44,2.1,2100,2350,1399-8-10
793,ضملي1149,اختيارخ فملي-12168-1399/11/05,3,21,67400000,2326,3200,3400,1074,46.17,3210,884,38.01,3200,3400,1399-8-10
794,غشوكو,شوكو پارس,3,354,15623436,45498,44134,44134,-1364,-3.0,45497,-1,0.0,44134,44134,1399-8-10
795,صخود412,ص مرابحه خودرو412- 3ماهه 18%,3,923,921737050,993042,971002,999000,5958,0.6,998632,5590,0.56,971002,999000,1399-8-10
796,صگل411,ص اجاره گل گهر 411- 3 ماهه 17%,3,51,49980000,998175,980000,980000,-18175,-1.82,980000,-18175,-1.82,980000,980000,1399-8-10
797,ضسان1039,اختيارخ پارسان-20000-99/10/14,3,125,549000000,9516,4600,3600,-5916,-62.17,4392,-5124,-53.85,3500,4600,1399-8-10
798,ضبدر8060,اختيارخ شبندر-29580-1399/08/18,3,6,8948000,495,700,2999,2504,505.86,1491,996,201.21,700,2999,1399-8-10
799,ثاژن,سخت آژند,3,37100,315943600,8689,8516,8516,-173,-1.99,8683,-6,-0.07,8516,8516,1399-8-10
800,تبريز112,مشاركت شهرداري تبريز-3ماهه18%,3,320,302523500,995000,945500,945250,-49750,-5.0,945386,-49614,-4.99,945250,945500,1399-8-10
801,حريل02,اجاره ريل پردازسير021212,3,212,206502006,953500,983500,973500,20000,2.1,974066,20566,2.16,973500,983501,1399-8-10
802,ضبدر8070,اختيارخ شبندر-59580-1399/08/18,3,69,76000,1,1,8,7,700.0,1,0,0.0,1,8,1399-8-10
803,ضغدر8038,اختيارخ وغدير-11000-1399/08/26,3,23,51337000,994,2399,1114,120,12.07,2232,1238,124.55,1114,2400,1399-8-10
804,ضملت8022,اختيارخ وبملت-2891-1399/08/28,3,150,1291992000,4500,2080,2080,-2420,-53.78,2080,-2420,-53.78,2080,2080,1399-8-10
805,وپسا,س. پتروشيمي ساختمان  خليج فارس,3,3000,15018000,5160,5006,5006,-154,-2.98,5160,0,0.0,5006,5006,1399-8-10
806,ضصاد8009,اختيارخ وبصادر-2200-1399/08/11,3,24,27254000,939,1000,1101,162,17.25,1136,197,20.98,1000,1150,1399-8-10
807,پست0008پ08,پسته فندقي32-30مه ولات0008(پ),3,25,41750000,1621923,1690000,1670000,48077,2.96,1670000,48077,2.96,1630000,1690000,1399-8-10
808,ضفلا8068,اختيارخ فولاد-4751-1399/08/28,3,11,138400560,7350,7000,8314,964,13.12,7825,475,6.46,7000,8314,1399-8-10
809,فسديد,لوله‌وتجهيزات‌ سديد - ورشكسته,3,5531,639051740,116707,115540,115540,-1167,-1.0,116556,-151,-0.13,115540,115540,1399-8-10
810,ضمخا1024,اختيارخ اخابر-14000-1399/10/30,3,26,61800000,2192,2500,2300,108,4.93,2377,185,8.44,2300,2500,1399-8-10
811,ثرود,سرمايه‌گذاري مسكن زاينده رود,3,5086,60808216,12585,11956,11956,-629,-5.0,12584,-1,-0.01,11956,11956,1399-8-10
812,زعف9908پ08,زعفران9908نگين روستا(پ),2,715,55862235,80345,78129,78129,-2216,-2.76,78129,-2216,-2.76,78129,78129,1399-8-10
813,زير0003پ04,زيره سبز0003شركت مينوبذر(پ),2,31,14280000,457497,450000,480000,22503,4.92,460645,3148,0.69,450000,480000,1399-8-10
814,شپنا2,پالايش نفت اصفهان,2,6313313,89382567970,14130,14130,14690,560,3.96,14158,28,0.2,14130,14690,1399-8-10
815,ضغدر8046,اختيارخ وغدير-19000-1399/08/26,2,2,20000,10,10,10,0,0.0,10,0,0.0,10,10,1399-8-10
816,ضفلا8060,اختيارخ فولاد-3507-1399/08/28,2,5,72360000,7214,9000,9000,1786,24.76,9000,1786,24.76,9000,9000,1399-8-10
817,تكنو,تكنوتار,2,700,10220000,15360,14600,14600,-760,-4.95,15360,0,0.0,14600,14600,1399-8-10
818,ضفلا8084,اختيارخ فولاد-15775-1399/08/28,2,22,6600000,612,300,300,-312,-50.98,300,-312,-50.98,300,300,1399-8-10
819,جم2,پتروشيمي جم,2,5008251,201134578050,40160,40160,40550,390,0.97,40161,1,0.0,40160,40550,1399-8-10
820,شرق1400,مشاركت ليزينگ ايران وشرق140010,2,520,535300000,1029343,1040000,1029000,-343,-0.03,1029423,80,0.01,1029000,1040000,1399-8-10
821,ضپاس1001,اختيارخ وپارس-2500-1399/10/30,2,2,2390000,946,1200,1190,244,25.79,1195,249,26.32,1190,1200,1399-8-10
822,زير0003پ01,زيره سبز0003كيميابذر(پ),2,25,12287000,469746,491000,492000,22254,4.74,491480,21734,4.63,491000,492000,1399-8-10
823,ضغدر8047,اختيارخ وغدير-20000-1399/08/26,2,33,250000,10,10,2,-8,-80.0,8,-2,-20.0,2,10,1399-8-10
824,صينا205,صكوك منفعت سينا دارو-3ماهه 19%,2,400,400001200,1000003,1000003,1000003,0,0.0,1000003,0,0.0,1000003,1000003,1399-8-10
825,اراد41,مرابحه عام دولت4-ش.خ 0006,2,200,208900000,1044500,1010484,1078516,34016,3.26,1044500,0,0.0,1010484,1078516,1399-8-10
826,نتوس,پشم‌ بافي‌ توس,2,1500,16194000,11129,10796,10796,-333,-2.99,11129,0,0.0,10796,10796,1399-8-10
827,ضملت8024,اختيارخ وبملت-3374-1399/08/28,2,50,331280000,1300,1600,1600,300,23.08,1600,300,23.08,1600,1600,1399-8-10
828,كچاد2,معدني‌وصنعتي‌چادرملو,2,3019248,44715062880,14110,14810,14810,700,4.96,14810,700,4.96,14810,14810,1399-8-10
829,عفولاد2,اوراق سلف ورق گرم فولاد مباركه,2,2,1118058,568000,559029,559029,-8971,-1.58,559029,-8971,-1.58,559029,559029,1399-8-10
830,ضغدر1121,اختيارخ وغدير-14000-1399/11/26,2,11,22000000,1,1950,2500,2499,249900.0,2000,1999,199900.0,1950,2500,1399-8-10
831,غيوان,كيوان,2,358,5530026,15295,15447,15447,152,0.99,15295,0,0.0,15447,15447,1399-8-10
832,شبندر2,پالايش نفت بندرعباس,2,9200612,261931668440,28460,28460,28870,410,1.44,28469,9,0.03,28460,28870,1399-8-10
833,تملي807,تسهيلات مسكن ب. ملي-مهر98,2,29,23858068,783517,822692,822692,39175,5.0,822692,39175,5.0,822692,822692,1399-8-10
834,طگل1141,اختيارف كگل-14000-1399/11/21,2,2,800000,900,400,400,-500,-55.56,400,-500,-55.56,400,400,1399-8-10
835,ضملت8021,اختيارخ وبملت-2650-1399/08/28,2,19,180961700,1400,2300,2300,900,64.29,2300,900,64.29,2300,2300,1399-8-10
836,صمسكن912,ص دين مسكن جنوب-ماهانه16درصد,2,1000,83465000,87853,83465,83465,-4388,-4.99,83465,-4388,-4.99,83465,83465,1399-8-10
837,ثتوسا,س.توسعه و عمران استان اردبيل,2,779,55735113,73759,71547,71547,-2212,-3.0,73753,-6,-0.01,71547,71547,1399-8-10
838,زعف9908پ12,زعفران9908پوشالمعمول سحرخيز(پ),2,206,16346924,83530,79354,79354,-4176,-5.0,79354,-4176,-5.0,79354,79354,1399-8-10
839,فايرا2,آلومينيوم‌ايران‌,2,13003160,247059566000,18620,19000,18850,230,1.24,19000,380,2.04,18850,19000,1399-8-10
840,افران2,صندوق س افرا نماد پايدار-ثابت,2,200000,200000,11860,1,1,-11859,-99.99,1,-11859,-99.99,1,1,1399-8-10
841,كمند2,صندوق س. با درآمد ثابت كمند,2,35000000,35000000,10150,1,1,-10149,-99.99,1,-10149,-99.99,1,1,1399-8-10
842,اعتماد4,صندوق س.اعتماد آفرين پارسيان-د,2,9372020,310138885840,33059,33092,33092,33,0.1,33092,33,0.1,33092,33092,1399-8-10
843,بشهاب,لامپ‌  پارس‌ شهاب‌,2,245,15417850,66240,62930,62930,-3310,-5.0,66240,0,0.0,62930,62930,1399-8-10
844,ضگل8062,اختيارخ كگل-18100-1399/08/21,2,6,1850000,12,400,290,278,2316.67,308,296,2466.67,290,400,1399-8-10
845,ضفار1126,اختيارخ فارس-19826-1399/11/07,1,3,4980000,1308,830,830,-478,-36.54,830,-478,-36.54,830,830,1399-8-10
846,زبينا4,كشاورزي و دامپروري بينالود,1,3400000,151810000000,43999,44650,44650,651,1.48,44650,651,1.48,44650,44650,1399-8-10
847,مگچسا104,مشاركت گچساران- 3 ماهه 18%,1,993,978859680,976000,985760,985760,9760,1.0,985760,9760,1.0,985760,985760,1399-8-10
848,غبهار,كشت وصنعت بهاران گلبهار خراسان,1,546,19904430,37582,36455,36455,-1127,-3.0,37581,-1,0.0,36455,36455,1399-8-10
849,اطلس2,صندوق س.توسعه اندوخته آينده-س,1,10000,10000,174278,1,1,-174277,-100.0,1,-174277,-100.0,1,1,1399-8-10
850,ضترا8028,اختيارخ شتران-6941-1399/08/11,1,1,6820000,35880,4000,4000,-31880,-88.85,4000,-31880,-88.85,4000,4000,1399-8-10
851,دامين2,داروسازي‌ امين‌,1,10000000,124900000000,12600,12490,12490,-110,-0.87,12490,-110,-0.87,12490,12490,1399-8-10
852,ضترا8038,اختيارخ شتران-13979-1399/08/11,1,1,34100,1,20,20,19,1900.0,20,19,1900.0,20,20,1399-8-10
853,ضگل8054,اختيارخ كگل-10100-1399/08/21,1,10,50000000,4100,5000,5000,900,21.95,5000,900,21.95,5000,5000,1399-8-10
854,ضگل8055,اختيارخ كگل-11100-1399/08/21,1,3,16497000,3480,5499,5499,2019,58.02,5499,2019,58.02,5499,5499,1399-8-10
855,وصندوق2,سرمايه‌گذاري‌صندوق‌بازنشستگي‌,1,22000000,295240000000,13420,13420,13420,0,0.0,13420,0,0.0,13420,13420,1399-8-10
856,ضصاد8002,اختيارخ وبصادر-1400-1399/08/11,1,20,40000000,1869,2000,2000,131,7.01,2000,131,7.01,2000,2000,1399-8-10
857,ضمخا7069,اختيارخ اخابر-18000-1400/07/28,1,1,3000000,6800,3000,3000,-3800,-55.88,3000,-3800,-55.88,3000,3000,1399-8-10
858,وبملت2,بانك ملت,1,20000000,96200000000,4590,4810,4810,220,4.79,4810,220,4.79,4810,4810,1399-8-10
859,بفجر2,فجر انرژي خليج فارس,1,139621,4160705800,29260,29800,29800,540,1.85,29800,540,1.85,29800,29800,1399-8-10
860,اراد44,مرابحه عام دولت4-ش.خ 0007,1,500,491950000,968900,983900,983900,15000,1.55,983900,15000,1.55,983900,983900,1399-8-10
861,ضگل8060,اختيارخ كگل-16100-1399/08/21,1,1,1000000,1111,1000,1000,-111,-9.99,1000,-111,-9.99,1000,1000,1399-8-10
862,زشگزا4,شير و گوشت زاگرس شهركرد,1,1400000,137621400000,93802,98301,98301,4499,4.8,98301,4499,4.8,98301,98301,1399-8-10
863,كگل2,معدني و صنعتي گل گهر,1,10353,158297370,14570,15290,15290,720,4.94,15290,720,4.94,15290,15290,1399-8-10
864,زقيام4,كشت و دام قيام اصفهان,1,4200000,121178400000,27792,28852,28852,1060,3.81,28852,1060,3.81,28852,28852,1399-8-10
865,فولاد2,فولاد مباركه اصفهان,1,153641,2006551460,12440,13060,13060,620,4.98,13060,620,4.98,13060,13060,1399-8-10
866,ضپاس1005,اختيارخ وپارس-4500-1399/10/30,1,4,1000000,705,250,250,-455,-64.54,250,-455,-64.54,250,250,1399-8-10
867,ضغدر1122,اختيارخ وغدير-16000-1399/11/26,1,10,18500000,1,1850,1850,1849,184900.0,1850,1849,184900.0,1850,1850,1399-8-10
868,ضترا8029,اختيارخ شتران-7526-1399/08/11,1,2,13640000,2572,4000,4000,1428,55.52,4000,1428,55.52,4000,4000,1399-8-10
869,ضبدر8071,اختيارخ شبندر-65580-1399/08/18,1,17,170000,10,10,10,0,0.0,10,0,0.0,10,10,1399-8-10
870,فن آوا,گروه فن آوا,1,1000,14117000,14553,14117,14117,-436,-3.0,14553,0,0.0,14117,14117,1399-8-10
871,ضخوز1016,اختيارخ فخوز-15238-1399/10/16,1,1,5500000,8200,5500,5500,-2700,-32.93,5500,-2700,-32.93,5500,5500,1399-8-10
872,ضمخا1028,اختيارخ اخابر-24000-1399/10/30,1,30,60000000,2000,2000,2000,0,0.0,2000,0,0.0,2000,2000,1399-8-10
873,ضغدر1123,اختيارخ وغدير-18000-1399/11/26,1,1,1800000,1,1800,1800,1799,179900.0,1800,1799,179900.0,1800,1800,1399-8-10
874,ضفلا8088,اختيارخ فولاد-19775-1399/08/28,1,2,22000,11,11,11,0,0.0,11,0,0.0,11,11,1399-8-10
875,ضصاد8023,اختيارخ وبصادر-5000-1399/08/11,1,10,10000,1,1,1,0,0.0,1,0,0.0,1,1,1399-8-10
876,خكمك2,كمك‌فنرايندامين‌,1,6500000,343850000000,55680,52900,52900,-2780,-4.99,52900,-2780,-4.99,52900,52900,1399-8-10
877,ضمخا7070,اختيارخ اخابر-20000-1400/07/28,1,10,30000000,3771,3000,3000,-771,-20.45,3000,-771,-20.45,3000,3000,1399-8-10
878,دانا2,بيمه دانا,1,118965,695945250,5690,5850,5850,160,2.81,5850,160,2.81,5850,5850,1399-8-10
879,ضفار1123,اختيارخ فارس-13826-1399/11/07,1,100,159800000,5000,799,799,-4201,-84.02,799,-4201,-84.02,799,799,1399-8-10
880,كبافق2,معادن‌ بافق‌,1,650000,22841000000,33470,35140,35140,1670,4.99,35140,1670,4.99,35140,35140,1399-8-10
881,ضغدر1124,اختيارخ وغدير-20000-1399/11/26,1,1,1700000,1,1700,1700,1699,169900.0,1700,1699,169900.0,1700,1700,1399-8-10
882,زعف9908پ11,زعفران9908نگين سحرخيز(پ),1,500,39064500,81132,78129,78129,-3003,-3.7,78129,-3003,-3.7,78129,78129,1399-8-10
883,خبهمن2,گروه‌بهمن‌,1,11000000,211200000000,19750,19200,19200,-550,-2.78,19200,-550,-2.78,19200,19200,1399-8-10
884,شتران2,پالايش نفت تهران,1,984064,11946536960,11830,12140,12140,310,2.62,12140,310,2.62,12140,12140,1399-8-10
885,ضغدر8043,اختيارخ وغدير-16000-1399/08/26,1,5,750000,6,150,150,144,2400.0,150,144,2400.0,150,150,1399-8-10
886,پرند,صندوق س. پروژه آرمان پرند مپنا,1,1000,5970000,5819,5970,5970,151,2.59,5970,151,2.59,5970,5970,1399-8-10
887,سپرمي,پرميت‌,1,600,5024400,8458,8374,8374,-84,-0.99,8458,0,0.0,8374,8374,1399-8-10
888,ضترا1117,اختيارخ شتران-10000-1399/11/14,1,10,45000000,5000,4500,4500,-500,-10.0,4500,-500,-10.0,4500,4500,1399-8-10
889,ضصاد1103,اختيارخ وبصادر-4000-1399/11/12,1,2,1198000,300,599,599,299,99.67,599,299,99.67,599,599,1399-8-10
890,شبريز2,پالايش نفت تبريز,1,45240,1379820000,29330,30500,30500,1170,3.99,30500,1170,3.99,30500,30500,1399-8-10
891,انرژي22,فعالان بورس انرژي,1,4134000,1522882920000,368380,368380,368380,0,0.0,368380,0,0.0,368380,368380,1399-8-10
892,اخابر2,مخابرات ايران,1,15000000,202500000000,13200,13500,13500,300,2.27,13500,300,2.27,13500,13500,1399-8-10
893,چكاپا2,گروه صنايع كاغذ پارس,1,93000000,537540000000,5650,5780,5780,130,2.3,5780,130,2.3,5780,5780,1399-8-10
894,ضگل8059,اختيارخ كگل-15100-1399/08/21,1,1,1000000,1089,1000,1000,-89,-8.17,1000,-89,-8.17,1000,1000,1399-8-10
895,طخوز1013,اختيارف فخوز-10667-1399/10/16,1,1,250000,1,250,250,249,24900.0,250,249,24900.0,250,250,1399-8-10
896,ضفلا8090,اختيارخ فولاد-23775-1399/08/28,1,11,110000,2,10,10,8,400.0,10,8,400.0,10,10,1399-8-10
897,مشير112,مشاركت شهرداري شيراز-3ماهه18%,1,6,6000000,980000,1000000,1000000,20000,2.04,1000000,20000,2.04,1000000,1000000,1399-8-10
898,شستا992,اجاره تامين اجتماعي-سپهر991226,1,18,18360000,1013000,1020000,1020000,7000,0.69,1020000,7000,0.69,1020000,1020000,1399-8-10
899,وپست2,پست بانك ايران,1,975,10218000,9990,10480,10480,490,4.9,10480,490,4.9,10480,10480,1399-8-10
900,وكار2,بانك‌ كارآفرين‌,1,33000000,151800000000,4790,4600,4600,-190,-3.97,4600,-190,-3.97,4600,4600,1399-8-10
901,ضغدر1118,اختيارخ وغدير-9000-1399/11/26,1,3,12600000,3620,4200,4200,580,16.02,4200,580,16.02,4200,4200,1399-8-10
902,رهن0104,اوراق رهني بانك مسكن14010423,1,6,6000000,1000000,1000000,1000000,0,0.0,1000000,0,0.0,1000000,1000000,1399-8-10
903,دمعيار2,صندوق س. توازن معيار-د,1,3300000,3300000,9999,1,1,-9998,-99.99,1,-9998,-99.99,1,1,1399-8-10
904,رمپنا2,گروه مپنا (سهامي عام),1,469529,7634541540,15490,16260,16260,770,4.97,16260,770,4.97,16260,16260,1399-8-10
905,پلاسك2,پلاسكوكار,1,20000000,167800000000,8830,8390,8390,-440,-4.98,8390,-440,-4.98,8390,8390,1399-8-10
906,خزر2,فنرسازي‌زر,1,16000000,181760000000,10820,11360,11360,540,4.99,11360,540,4.99,11360,11360,1399-8-10
907,مشهد0112,مشاركت ش مشهد0112-3ماهه18%,1,3,2746191,871807,915397,915397,43590,5.0,915397,43590,5.0,915397,915397,1399-8-10
908,كشم0001پ01,كشمش سبز0001خليل آباد(پ),1,20,8181400,430599,409070,409070,-21529,-5.0,409070,-21529,-5.0,409070,409070,1399-8-10
909,صايپا908,صكوك مرابحه سايپا908-3ماهه 18%,1,10,9720250,986483,972025,972025,-14458,-1.47,972025,-14458,-1.47,972025,972025,1399-8-10
910,فولاژ2,فولاد آلياژي ايران,1,159821,3664695530,22890,22930,22930,40,0.17,22930,40,0.17,22930,22930,1399-8-10
911,فملي2,ملي‌ صنايع‌ مس‌ ايران‌,1,60835,1314036000,20580,21600,21600,1020,4.96,21600,1020,4.96,21600,21600,1399-8-10
912,خاذين2,سايپاآذين‌,1,26000000,177320000000,7170,6820,6820,-350,-4.88,6820,-350,-4.88,6820,6820,1399-8-10
913,ضمخا1023,اختيارخ اخابر-12000-1399/10/30,1,2,8000000,2906,4000,4000,1094,37.65,4000,1094,37.65,4000,4000,1399-8-10
914,ضصاد1105,اختيارخ وبصادر-5000-1399/11/12,1,3,603000,742,201,201,-541,-72.91,201,-541,-72.91,201,201,1399-8-10
915,ضصاد8020,اختيارخ وبصادر-4400-1399/08/11,1,10,10000,1,1,1,0,0.0,1,0,0.0,1,1,1399-8-10
916,فخوز2,فولاد  خوزستان,1,11414,400517260,33420,35090,35090,1670,5.0,35090,1670,5.0,35090,35090,1399-8-10
917,شپديس2,پتروشيمي پرديس,1,2000000,176040000000,86300,88020,88020,1720,1.99,88020,1720,1.99,88020,88020,1399-8-10
918,ضغدر1125,اختيارخ وغدير-24000-1399/11/26,1,1,1600000,1,1600,1600,1599,159900.0,1600,1599,159900.0,1600,1600,1399-8-10
919,ضپاس1004,اختيارخ وپارس-4000-1399/10/30,1,1,300000,300,300,300,0,0.0,300,0,0.0,300,300,1399-8-10
920,سنفت001,سلف موازي استاندارد سنفت001,1,56850,60007278450,1053560,1055537,1055537,1977,0.19,1055537,1977,0.19,1055537,1055537,1399-8-10
921,اخزا9032,اسنادخزانه-م3بودجه99-011110,1,288750,190863750000,652154,661000,661000,8846,1.36,661000,8846,1.36,661000,661000,1399-8-10
922,ضترا8034,اختيارخ شتران-10459-1399/08/11,1,5,93775,32000,11,11,-31989,-99.97,11,-31989,-99.97,11,11,1399-8-10
923,ضمخا1026,اختيارخ اخابر-18000-1399/10/30,1,20,52000000,4500,2600,2600,-1900,-42.22,2600,-1900,-42.22,2600,2600,1399-8-10
