,نماد,نام,تعداد,حجم,ارزش,دیروز,اولین,آخرین معامله - مقدار,آخرین معامله - تغییر,آخرین معامله - درصد,قیمت پایانی - مقدار,قیمت پایانی - تغییر,قیمت پایانی - درصد,کمترین,بیشترین,تاریخ
0,وسپهر,سرمايه گذاري مالي سپهرصادرات,81320,237281539,2857989055791,12657,12031,12026,-631,-4.99,12045,-612,-4.84,12025,12289,1399-8-5
1,دارا يكم,صندوق واسطه گري مالي يكم-سهام,67696,34861074,6582353075650,188010,179000,193400,5390,2.87,188820,810,0.43,175730,196610,1399-8-5
2,سيتا,سرمايه گذاري سيمان تامين,50639,52490363,868992214540,17340,16480,16570,-770,-4.44,16560,-780,-4.5,16480,17100,1399-8-5
3,بپيوند,برق و انرژي پيوندگستر پارس,46859,18042613,361240259266,20983,19934,19934,-1049,-5.0,20022,-961,-4.58,19934,20599,1399-8-5
4,خودرو,ايران‌ خودرو,46411,1414877390,4336620458850,3160,3010,3160,0,0.0,3070,-90,-2.85,3010,3260,1399-8-5
5,غزر,صنعتي زر ماكارون,45741,5998387,278905765890,45360,43100,47620,2260,4.98,46500,1140,2.51,43100,47620,1399-8-5
6,فولاد,فولاد مباركه اصفهان,44563,440495689,5762390630260,13740,13060,13060,-680,-4.95,13080,-660,-4.8,13060,13700,1399-8-5
7,فملي,ملي‌ صنايع‌ مس‌ ايران‌,43019,246470643,5372316739110,22900,21760,21770,-1130,-4.93,21800,-1100,-4.8,21760,22700,1399-8-5
8,امين,تامين سرمايه امين,42447,30111707,331717968330,11530,10960,10980,-550,-4.77,11020,-510,-4.42,10960,11380,1399-8-5
9,بگيلان,توسعه مسير برق گيلان,38787,11329095,300898246203,27635,26254,26254,-1381,-5.0,26560,-1075,-3.89,26254,27635,1399-8-5
10,خساپا,سايپا,28256,1050492047,2430254722760,2430,2310,2310,-120,-4.94,2310,-120,-4.94,2310,2390,1399-8-5
11,آريا,پليمر آريا ساسول,23801,4175681,642980457752,159588,152800,155000,-4588,-2.87,153982,-5606,-3.51,152800,158900,1399-8-5
12,گدنا,تهيه توزيع غذاي دنا آفرين فدك,23522,1256523,19016219082,14414,15134,15134,720,5.0,14670,256,1.78,15134,15134,1399-8-5
13,وبصادر,بانك صادرات ايران,21109,765784568,2696804173540,3700,3520,3530,-170,-4.59,3520,-180,-4.86,3520,3580,1399-8-5
14,وبملت,بانك ملت,19436,499666373,2422204500680,5090,4840,4890,-200,-3.93,4850,-240,-4.72,4840,4940,1399-8-5
15,ولپارس,ليزينگ پارسيان,18997,1574463,7336997580,4440,4660,4660,220,4.95,4460,20,0.45,4660,4660,1399-8-5
16,رافزا,رايان هم افزا,17849,165207,5606795166,32322,33938,33938,1616,5.0,32494,172,0.53,33938,33938,1399-8-5
17,ذوب,سهامي ذوب آهن  اصفهان,16279,284829788,1316620228890,4859,4617,4654,-205,-4.22,4622,-237,-4.88,4617,4699,1399-8-5
18,پترول,گروه پتروشيمي س. ايرانيان,15089,116656134,1495428100160,13390,12730,12850,-540,-4.03,12820,-570,-4.26,12730,13440,1399-8-5
19,صباح,ح . سرمايه گذاري صبا تامين,11888,50455508,313523581126,6447,6125,6350,-97,-1.5,6214,-233,-3.61,6125,6397,1399-8-5
20,فخوز,فولاد  خوزستان,10550,36693249,1196371876790,32450,30830,33420,970,2.99,32600,150,0.46,30830,34070,1399-8-5
21,كدماح,ح . معدني‌ دماوند,9217,9323634,889589039530,101550,91400,99100,-2450,-2.41,95410,-6140,-6.05,91400,104900,1399-8-5
22,وپارس,بانك‌پارسيان‌,7887,293789793,989827438640,3530,3360,3390,-140,-3.97,3370,-160,-4.53,3360,3500,1399-8-5
23,انرژي3,سايراشخاص بورس انرژي,7166,2023003,808770033190,417910,397020,400000,-17910,-4.29,399790,-18120,-4.34,397020,420000,1399-8-5
24,غگيلا,شيرپاستوريزه پگاه گيلان,6523,129587,2207773719,16226,17037,17037,811,5.0,16260,34,0.21,17037,17037,1399-8-5
25,كاوه,فولاد كاوه جنوب كيش,5882,60090872,1107077043330,18490,17570,19180,690,3.73,18420,-70,-0.38,17570,19410,1399-8-5
26,ولساپا,ليزينگ رايان‌ سايپا,5608,88463359,329737868910,3880,3690,3750,-130,-3.35,3730,-150,-3.87,3690,3870,1399-8-5
27,كدما,معدني‌ دماوند,5374,1924633,367275224880,183800,180000,192990,9190,5.0,190830,7030,3.82,180000,192990,1399-8-5
28,ونوين,بانك‌اقتصادنوين‌,5194,112231373,444777926010,4120,4000,4040,-80,-1.94,3960,-160,-3.88,3920,4140,1399-8-5
29,ثباغ,شهر سازي و خانه سازي باغميشه,4948,30456003,958016012873,29971,31010,31469,1498,5.0,31456,1485,4.95,31010,31469,1399-8-5
30,نوين,بيمه نوين,4932,53281784,350556751050,6624,6620,6480,-144,-2.17,6579,-45,-0.68,6301,6859,1399-8-5
31,وغدير,سرمايه‌گذاري‌غدير(هلدينگ‌,4586,40405635,468705366000,12210,11600,11600,-610,-5.0,11600,-610,-5.0,11600,11600,1399-8-5
32,ومهان,گروه توسعه مالي مهر آيندگان,4460,52652817,760979545283,15181,14422,14425,-756,-4.98,14453,-728,-4.8,14422,15084,1399-8-5
33,امين يكم,صندوق درآمد ثابت امين يكم فردا,4312,169607965,1731700615300,10210,10230,10200,-10,-0.1,10210,0,0.0,10190,10240,1399-8-5
34,نوري,پتروشيمي نوري,4154,3677419,579947151760,163530,162000,159900,-3630,-2.22,157700,-5830,-3.57,155360,163530,1399-8-5
35,شاروم,پتروشيمي اروميه,3925,11437663,260538525477,21695,22779,22779,1084,5.0,22779,1084,5.0,22779,22779,1399-8-5
36,شصدفح,ح . صنعتي دوده فام,3871,1336832,23671814809,18130,18000,17635,-495,-2.73,17707,-423,-2.33,17604,18000,1399-8-5
37,مدير,ص.س.مديريت ثروت ص.بازنشستگي-س,3628,16534145,170562403161,10587,10080,10470,-117,-1.11,10316,-271,-2.56,10010,10700,1399-8-5
38,كچاد,معدني‌وصنعتي‌چادرملو,3508,27546898,390445395140,14830,14090,14300,-530,-3.57,14170,-660,-4.45,14090,14790,1399-8-5
39,ومعلم,بيمه معلم,3131,25355867,172969973875,6664,6997,6601,-63,-0.95,6822,158,2.37,6425,6997,1399-8-5
40,كگل,معدني و صنعتي گل گهر,3090,21176684,321504123390,15960,15170,15180,-780,-4.89,15180,-780,-4.89,15170,15590,1399-8-5
41,وبانك,سرمايه گذاري گروه توسعه ملي,3085,26149821,246916758260,9930,9440,9450,-480,-4.83,9440,-490,-4.93,9440,9500,1399-8-5
42,هاي وب,داده گسترعصرنوين-هاي وب,3039,15668283,396015040760,26580,25260,25260,-1320,-4.97,25270,-1310,-4.93,25260,25650,1399-8-5
43,شصدف,صنعتي دوده فام,3038,658029,14912911227,21584,22663,22663,1079,5.0,21890,306,1.42,22663,22663,1399-8-5
44,آگاس,صندوق س.هستي بخش آگاه-س,3031,4737911,289771028123,63240,61500,62000,-1240,-1.96,61160,-2080,-3.29,60000,63400,1399-8-5
45,وصنعت,سرمايه گذاري توسعه صنعت وتجارت,2921,20259197,159285367390,8000,7620,7850,-150,-1.88,7860,-140,-1.75,7620,8020,1399-8-5
46,فروي,ذوب روي اصفهان,2857,4107957,200762300579,51384,48815,48815,-2569,-5.0,48872,-2512,-4.89,48815,49843,1399-8-5
47,هرمز,فولاد هرمزگان جنوب,2824,20991308,237000329518,11367,11020,11520,153,1.35,11290,-77,-0.68,10810,11850,1399-8-5
48,پاكشو,گروه صنعتي پاكشو,2774,2828644,236753165090,82240,81000,85340,3100,3.77,83700,1460,1.78,80300,85490,1399-8-5
49,گوهران,سرمايه گذاري توسعه گوهران اميد,2765,18826427,164401176849,8558,8200,8460,-98,-1.15,8732,174,2.03,8200,8985,1399-8-5
50,شسينا,صنايع‌شيميايي‌سينا,2635,314701,198166557290,601700,610180,631780,30080,5.0,629700,28000,4.65,610180,631780,1399-8-5
51,كمند,صندوق س. با درآمد ثابت كمند,2582,115700078,1172954190060,10120,10130,10130,10,0.1,10140,20,0.2,10120,10150,1399-8-5
52,زاگرس,پتروشيمي زاگرس,2488,2317814,342358226114,150432,143100,153640,3208,2.13,147707,-2725,-1.81,142911,153900,1399-8-5
53,ختور,رادياتور ايران‌,2441,4622945,204795441540,42520,43500,44640,2120,4.99,44300,1780,4.19,42800,44640,1399-8-5
54,ارزش,صندوق س ارزش آفرين بيدار-سهام,2437,20067029,192812198080,10030,9570,9680,-350,-3.49,9610,-420,-4.19,9230,9820,1399-8-5
55,ونيكي,سرمايه‌گذاري‌ ملي‌ايران‌,2358,4806598,140713452310,30260,28750,29890,-370,-1.22,29280,-980,-3.24,28750,30790,1399-8-5
56,غمينو,شركت صنايع غذايي مينو شرق,2212,7949450,132774098879,16053,16390,16855,802,5.0,16702,649,4.04,15730,16855,1399-8-5
57,ارفع,شركت آهن و فولاد ارفع,2212,14140080,174654941583,12666,12033,12700,34,0.27,12352,-314,-2.48,12033,12900,1399-8-5
58,وآرين,شركت توسعه اقتصادي آرين,2132,25102821,142070951522,5521,5686,5686,165,2.99,5660,139,2.52,5426,5686,1399-8-5
59,كحافظ,كاشي‌ وسراميك‌ حافظ‌,2123,7386266,185054424440,26120,25800,24820,-1300,-4.98,25050,-1070,-4.1,24820,25800,1399-8-5
60,پاسا,ايران‌ياساتايرورابر,2096,10780704,229420854970,20690,20690,21720,1030,4.98,21280,590,2.85,19660,21720,1399-8-5
61,شپنا,پالايش نفت اصفهان,2053,22011517,344480241050,16470,15650,15650,-820,-4.98,15650,-820,-4.98,15650,15650,1399-8-5
62,بپاس,بيمه پاسارگاد,2037,3904613,249468121891,63700,64790,63950,250,0.39,63891,191,0.3,63750,64800,1399-8-5
63,قرن,پديده شيمي قرن,2006,2156411,111609591850,54440,51720,51740,-2700,-4.96,51760,-2680,-4.92,51720,53180,1399-8-5
64,طلا,صندوق س.پشتوانه طلاي لوتوس,1998,1422970,124336077608,93175,90000,88120,-5055,-5.43,87378,-5797,-6.22,85157,90000,1399-8-5
65,تپولا,مهندسي مرآت پولاد,1981,8784333,242138279211,28174,27330,27329,-845,-3.0,27565,-609,-2.16,27329,28990,1399-8-5
66,وپاسار,بانك  پاسارگاد,1909,37862369,357439506980,9930,9440,9480,-450,-4.53,9440,-490,-4.93,9440,9500,1399-8-5
67,حتايد,تايدواترخاورميانه,1737,7803518,133705076270,16600,16680,17430,830,5.0,17130,530,3.19,15900,17430,1399-8-5
68,سرو,صندوق س سروسودمند مدبران-سهام,1726,2444402,135597207370,58060,55650,55500,-2560,-4.41,55470,-2590,-4.46,53600,57000,1399-8-5
69,وسكاب,س.ص.بازنشستگي كاركنان بانكها,1721,17132021,108592507510,6520,6310,6340,-180,-2.76,6340,-180,-2.76,6220,6500,1399-8-5
70,وصندوق,سرمايه‌گذاري‌صندوق‌بازنشستگي‌,1717,13629366,192923432060,14610,13880,14100,-510,-3.49,14150,-460,-3.15,13880,14650,1399-8-5
71,اعتماد,صندوق س.اعتماد آفرين پارسيان-د,1692,49872320,1646541426540,32998,33021,33019,21,0.06,33015,17,0.05,33009,33021,1399-8-5
72,شسپا,نفت سپاهان,1670,9580445,175576123110,19250,18290,18290,-960,-4.99,18330,-920,-4.78,18290,19000,1399-8-5
73,رمپنا,گروه مپنا (سهامي عام),1643,15346567,258669291480,17690,16810,16910,-780,-4.41,16860,-830,-4.69,16810,17930,1399-8-5
74,وبيمهح,ح . سرمايه‌ گذاري‌ صنعت‌ بيمه‌,1519,42018044,58038677470,1490,1440,1400,-90,-6.04,1380,-110,-7.38,1350,1440,1399-8-5
75,پارند,صندوق س. پارند پايدار سپهر,1428,50979096,597405513230,11760,11750,11710,-50,-0.43,11720,-40,-0.34,11700,11800,1399-8-5
76,كترام,توليدي‌ كاشي‌ تكسرام‌,1403,5102528,113737731380,23460,22290,22290,-1170,-4.99,22290,-1170,-4.99,22290,22450,1399-8-5
77,ونفت,سرمايه‌گذاري‌ صنعت‌ نفت‌,1400,4921628,61903491700,12950,12590,12530,-420,-3.24,12580,-370,-2.86,12320,12950,1399-8-5
78,دكوثر,داروسازي‌ كوثر,1396,3401282,71435929460,21970,22100,20880,-1090,-4.96,21000,-970,-4.42,20880,22100,1399-8-5
79,فجر,فولاد اميركبيركاشان,1393,2567672,130070350780,50340,48000,52590,2250,4.47,50660,320,0.64,47900,52650,1399-8-5
80,شپديس,پتروشيمي پرديس,1387,6439333,549345672840,88710,84280,86430,-2280,-2.57,85310,-3400,-3.83,84280,92540,1399-8-5
81,شتران,پالايش نفت تهران,1377,10872935,142435448500,13780,13100,13100,-680,-4.93,13100,-680,-4.93,13100,13100,1399-8-5
82,ضخود1044,اختيارخ خودرو-4000-1399/10/07,1361,56666,20560622000,357,291,383,26,7.28,363,6,1.68,291,396,1399-8-5
83,كيان,صندوق س. با درآمد ثابت كيان,1345,50754405,1302444236470,25640,25660,25670,30,0.12,25660,20,0.08,25650,25700,1399-8-5
84,تنوين,تامين سرمايه نوين,1328,35596964,304144755710,8980,8540,8780,-200,-2.23,8540,-440,-4.9,8540,8980,1399-8-5
85,افق,فروشگاههاي زنجيره اي افق كوروش,1321,2249309,153569346530,71540,68210,68200,-3340,-4.67,68270,-3270,-4.57,67970,70000,1399-8-5
86,وساخت,سرمايه‌ گذاري‌ ساختمان‌ايران‌,1289,2953130,132353526460,46980,44810,44800,-2180,-4.64,44820,-2160,-4.6,44640,46000,1399-8-5
87,وپست,پست بانك ايران,1277,12882495,132486049110,10760,10260,10460,-300,-2.79,10280,-480,-4.46,10230,10670,1399-8-5
88,ارفعح,ح.شركت آهن و فولاد ارفع,1268,6004889,62466697406,10918,10373,10374,-544,-4.98,10403,-515,-4.72,10373,10850,1399-8-5
89,ونيروح,ح . سرمايه‌گذاري‌نيرو,1267,82460634,195603001190,2620,2650,2360,-260,-9.92,2370,-250,-9.54,2360,2880,1399-8-5
90,ودي,بيمه  دي,1251,9091642,202010522553,23176,22018,22040,-1136,-4.9,22219,-957,-4.13,22018,22850,1399-8-5
91,خاهن,آهنگري‌ تراكتورسازي‌ ايران‌,1240,5650713,152692155410,28310,27000,27510,-800,-2.83,27020,-1290,-4.56,26900,28500,1399-8-5
92,كرازي,كارخانجات‌توليدي‌شيشه‌رازي‌,1219,6421979,95522651480,14630,13950,15360,730,4.99,14870,240,1.64,13950,15360,1399-8-5
93,رنيك,جنرال مكانيك,1212,3138097,72400552490,22023,23120,23124,1101,5.0,23071,1048,4.76,22800,23124,1399-8-5
94,وخاور,بانك خاورميانه,1190,13270911,133700210910,10100,9620,10400,300,2.97,10070,-30,-0.3,9610,10550,1399-8-5
95,كاما,باما,1187,799825,135634323500,178500,169580,169580,-8920,-5.0,169580,-8920,-5.0,169580,169580,1399-8-5
96,شغدير,پتروشيمي غدير,1154,2755923,114047033922,43445,41273,41410,-2035,-4.68,41383,-2062,-4.75,41273,42571,1399-8-5
97,وگردش,بانك گردشگري,1147,11936092,202559969674,16983,16983,16984,1,0.01,16970,-13,-0.08,16474,17100,1399-8-5
98,ميدكو,هلدينگ صنايع  معدني خاورميانه,1140,9959219,224429800661,22512,22550,22700,188,0.84,22535,23,0.1,21510,22970,1399-8-5
99,آوا,صندوق س.سهام آواي معيار-س,1056,5950750,45656977106,8103,7870,7750,-353,-4.36,7672,-431,-5.32,7411,7999,1399-8-5
100,زر,صندوق س.پشتوانه سكه طلاي زر,1050,1081765,54861390519,54368,51011,51000,-3368,-6.19,50715,-3653,-6.72,49900,52997,1399-8-5
101,پارس,پتروشيمي پارس,1034,2374024,313395165500,138310,131600,135580,-2730,-1.97,132010,-6300,-4.55,131400,138990,1399-8-5
102,چكارن,كارتن‌ ايران‌,1033,8404833,29862893630,3730,3550,3550,-180,-4.83,3610,-120,-3.22,3550,3610,1399-8-5
103,وسپه,سرمايه‌گذاري‌ سپه‌,1031,9594185,116216107090,12720,12090,12140,-580,-4.56,12110,-610,-4.8,12090,12500,1399-8-5
104,وسينا,بانك سينا,1023,19855084,198180535400,10500,9980,9980,-520,-4.95,9980,-520,-4.95,9980,10280,1399-8-5
105,خرينگ,رينگ‌سازي‌مشهد,1019,3171623,110010655190,33600,33500,35280,1680,5.0,34690,1090,3.24,31920,35280,1399-8-5
106,تسه9906,امتياز تسهيلات مسكن شهريور99,1017,15561,14461928667,922554,968681,933999,11445,1.24,929370,6816,0.74,900600,968681,1399-8-5
107,شبهرن,نفت‌ بهران‌,1002,2765488,151493259320,57600,54740,54720,-2880,-5.0,54780,-2820,-4.9,54720,56000,1399-8-5
108,خزر,فنرسازي‌زر,989,4624159,47230058230,9830,9990,10320,490,4.98,10170,340,3.46,9820,10320,1399-8-5
109,وتوسم,سرمايه‌گذاري‌توسعه‌ملي‌,986,3282518,35942374300,11200,10750,11000,-200,-1.79,11010,-190,-1.7,10750,11200,1399-8-5
110,وسرمد,بيمه  سرمد,985,3676648,21075712592,5902,5725,5802,-100,-1.69,5732,-170,-2.88,5725,5870,1399-8-5
111,شساخت,مهندسي و ساختمان صنايع نفت,973,6860461,277762944470,39342,39342,40522,1180,3.0,40488,1146,2.91,39342,40522,1399-8-5
112,كگازح,ح . شيشه‌ و گاز,972,2695636,38104878910,13930,13000,14550,620,4.45,14140,210,1.51,13000,14850,1399-8-5
113,بجهرم,توسعه مولد نيروگاهي جهرم,932,7936199,30102002807,3992,3793,3793,-199,-4.98,3860,-132,-3.31,3793,3793,1399-8-5
114,وآذر,سرمايه‌گذاري‌توسعه‌آذربايجان‌,916,394046,54759184450,144700,137470,137470,-7230,-5.0,138970,-5730,-3.96,137470,144100,1399-8-5
115,والبر,سرمايه‌ گذاري‌ البرز(هلدينگ‌,915,6256828,93551972610,15730,14950,15030,-700,-4.45,14950,-780,-4.96,14950,15200,1399-8-5
116,شاراك,پتروشيمي شازند,904,4146428,80351155600,20380,19370,19390,-990,-4.86,19380,-1000,-4.91,19370,19730,1399-8-5
117,شبندر,پالايش نفت بندرعباس,900,7055285,222100371800,33130,31480,31480,-1650,-4.98,31480,-1650,-4.98,31480,31480,1399-8-5
118,وآوا,سرمايه گذاري آوا نوين,882,4477014,52681690120,12250,11638,11750,-500,-4.08,11767,-483,-3.94,11638,12199,1399-8-5
119,پكرمان,گروه‌ صنعتي‌ بارز,881,3099106,70130290840,23330,22170,23030,-300,-1.29,22630,-700,-3.0,22170,23900,1399-8-5
120,آپ,آسان پرداخت پرشين,866,3156666,50935033900,16970,16130,16130,-840,-4.95,16140,-830,-4.89,16130,16630,1399-8-5
121,وبيمه,سرمايه‌ گذاري‌ صنعت‌ بيمه‌,864,10504107,27469342410,2740,2610,2620,-120,-4.38,2670,-70,-2.55,2610,2670,1399-8-5
122,شفن,پتروشيمي فناوران,859,858330,219354233320,267040,253690,265750,-1290,-0.48,255560,-11480,-4.3,253690,275000,1399-8-5
123,تكنار,مجتمع معادن مس تكنار,849,790979,78994919844,97913,100850,94976,-2937,-3.0,99870,1957,2.0,94976,100850,1399-8-5
124,حآسا,آسيا سير ارس,848,5613082,81046475374,14985,14980,14236,-749,-5.0,14439,-546,-3.64,14236,15180,1399-8-5
125,فپنتا,سپنتا,842,80015,27844305230,335640,348950,352420,16780,5.0,342210,6570,1.96,330010,352420,1399-8-5
126,سرچشمه,سرمايه گذاري مس سرچشمه,822,7469143,58471548804,8237,7826,7826,-411,-4.99,7828,-409,-4.97,7826,7928,1399-8-5
127,شگويا,پتروشيمي تندگويان,820,2678511,31863566856,12522,11896,11896,-626,-5.0,12338,-184,-1.47,11896,11896,1399-8-5
128,حتوكا,حمل‌ونقل‌توكا,795,2896998,47083687370,17430,16500,16610,-820,-4.7,16250,-1180,-6.77,15700,16880,1399-8-5
129,شلعابح,ح . لعابيران‌,794,6869264,30199833400,4540,4160,4400,-140,-3.08,4400,-140,-3.08,4160,4580,1399-8-5
130,كنور,توسعه معدني و صنعتي صبانور,771,2403173,87870884930,38370,36460,36460,-1910,-4.98,36560,-1810,-4.72,36460,39800,1399-8-5
131,كطبس,ذغال‌سنگ‌ نگين‌ ط‌بس‌,770,2225146,98188708490,46020,43720,46000,-20,-0.04,44130,-1890,-4.11,43720,47000,1399-8-5
132,شخارك,پتروشيمي‌ خارك‌,770,2343936,88632541800,39550,37590,39100,-450,-1.14,37850,-1700,-4.3,37580,39900,1399-8-5
133,پرديس,سرمايه گذاري پرديس,764,5168968,35611031030,7190,6840,6870,-320,-4.45,6960,-230,-3.2,6840,7050,1399-8-5
134,بساما,بيمه سامان,756,3505175,75666945061,20616,21646,21646,1030,5.0,21587,971,4.71,21000,21646,1399-8-5
135,ثقزوي,شركت عمران و سازندگي قزوين,749,2473063,74538870264,29607,30180,30495,888,3.0,30140,533,1.8,28920,30495,1399-8-5
136,جم پيلن,پلي پروپيلن جم - جم پيلن,747,2489425,184398249590,77880,73990,74800,-3080,-3.95,74070,-3810,-4.89,73990,76000,1399-8-5
137,اخابر,مخابرات ايران,741,18444552,267630449520,15270,14510,14510,-760,-4.98,14510,-760,-4.98,14510,14510,1399-8-5
138,رتاپ,تجارت الكترونيك  پارسيان,736,3334460,21485376550,6770,6440,6440,-330,-4.87,6620,-150,-2.22,6440,6610,1399-8-5
139,تيپيكو,سرمايه گذاري دارويي تامين,727,1387574,64593393650,48640,46210,47010,-1630,-3.35,46970,-1670,-3.43,46210,48100,1399-8-5
140,وتوكا,سرمايه‌گذاري‌توكافولاد(هلدينگ,716,7310488,75320521270,10840,10300,10380,-460,-4.24,10300,-540,-4.98,10300,10380,1399-8-5
141,تسه9904,امتياز تسهيلات مسكن تير99,695,7947,7348830433,914647,910000,935000,20353,2.23,924730,10083,1.1,910000,939977,1399-8-5
142,فسپا,گروه‌صنعتي‌سپاهان‌,692,1623141,62295817380,39630,37770,38850,-780,-1.97,38380,-1250,-3.15,37650,40000,1399-8-5
143,خگستر,گسترش‌سرمايه‌گذاري‌ايران‌خودرو,681,16458677,71266071410,4550,4330,4330,-220,-4.84,4330,-220,-4.84,4330,4330,1399-8-5
144,صبا,سرمايه گذاري صبا تامين,681,2067395,18118649780,9225,8764,8764,-461,-5.0,9150,-75,-0.81,8764,8764,1399-8-5
145,سامان,بانك سامان,680,15204825,147076710645,9972,9673,9673,-299,-3.0,9673,-299,-3.0,9673,9680,1399-8-5
146,تسه9905,امتياز تسهيلات مسكن مرداد99,679,8497,7891717676,915355,904444,920000,4645,0.51,928765,13410,1.47,904444,948799,1399-8-5
147,شوينده,مديريت صنعت شوينده ت.ص.بهشهر,678,4662907,164274896450,37070,35230,35220,-1850,-4.99,35230,-1840,-4.96,35220,36000,1399-8-5
148,كلر,كلر پارس,677,417010,24404595046,61518,58500,58443,-3075,-5.0,59940,-1578,-2.57,58443,60000,1399-8-5
149,دانا,بيمه دانا,670,8155714,49522341770,6380,6070,6070,-310,-4.86,6070,-310,-4.86,6070,6150,1399-8-5
150,مارون,پتروشيمي مارون,663,525952,69038867486,132316,125701,131500,-816,-0.62,131571,-745,-0.56,125701,138000,1399-8-5
151,تسه9902,امتياز تسهيلات مسكن ارديبهشت99,660,12209,11269962911,913483,892555,921000,7517,0.82,923086,9603,1.05,892555,940000,1399-8-5
152,عيار,صندوق س. پشتوانه طلاي مفيد,653,641197,20357826101,33413,32980,31910,-1503,-4.5,31750,-1663,-4.98,31020,32980,1399-8-5
153,آتيمس,صندوق س.آرمان آتيه درخشان مس-س,646,338391,61969675751,191586,188000,185500,-6086,-3.18,183130,-8456,-4.41,175120,188000,1399-8-5
154,تاپيكو,س. نفت و گاز و پتروشيمي تأمين,641,9971800,164235546000,17330,16470,16470,-860,-4.96,16470,-860,-4.96,16470,16470,1399-8-5
155,ثبهساز,بهساز كاشانه تهران,640,13350367,43121685410,3390,3230,3230,-160,-4.72,3240,-150,-4.42,3230,3230,1399-8-5
156,كرماشا,صنايع پتروشيمي كرمانشاه,637,1869543,67452861710,37750,35870,35880,-1870,-4.95,36080,-1670,-4.42,35870,39500,1399-8-5
157,كاردان,صندوق س تجارت شاخصي كاردان,637,326040,49073057420,158130,144600,153000,-5130,-3.24,150510,-7620,-4.82,144600,155000,1399-8-5
158,كپشيرح,ح . پشم‌شيشه‌ايران‌,631,1737044,19493560921,12149,10940,11400,-749,-6.17,11222,-927,-7.63,10940,11980,1399-8-5
159,فيروزه,صندوق شاخص30 شركت فيروزه- سهام,627,455753,71434761150,163240,160000,157500,-5740,-3.52,156740,-6500,-3.98,152940,160170,1399-8-5
160,كاريس,صندوق س.سپهر كاريزما-س,615,983306,175397879023,182652,175630,175500,-7152,-3.92,178376,-4276,-2.34,171002,182651,1399-8-5
161,كشرق,صنعتي و معدني شمال شرق شاهرود,615,891544,47956289594,55669,52886,53850,-1819,-3.27,53790,-1879,-3.38,52886,58000,1399-8-5
162,فرابورس,فرابورس ايران,599,1594521,100548899739,66377,63059,63059,-3318,-5.0,63059,-3318,-5.0,63059,63059,1399-8-5
163,كفرا,فراورده‌ هاي‌ نسوزايران‌,591,709274,34624536370,48280,45870,49290,1010,2.09,48660,380,0.79,45870,50690,1399-8-5
164,كروي,توسعه‌ معادن‌ روي‌ ايران‌,590,2578876,72724329500,29680,28200,28200,-1480,-4.99,28200,-1480,-4.99,28200,28250,1399-8-5
165,ريشمك,توليد و صادرات ريشمك,587,1338362,43083087568,33844,32152,32152,-1692,-5.0,32298,-1546,-4.57,32152,33000,1399-8-5
166,سخوز,سيمان خوزستان,577,2465280,50652412030,21330,20360,20700,-630,-2.95,20550,-780,-3.66,20270,21400,1399-8-5
167,وتوصا,گروه س توسعه صنعتي ايران,571,5125831,47106386890,9670,9190,9190,-480,-4.96,9190,-480,-4.96,9190,9190,1399-8-5
168,فاما,صنعتي‌ آما,564,1880102,40018329430,22310,21200,21220,-1090,-4.89,21430,-880,-3.94,21200,21580,1399-8-5
169,دالبر,البرزدارو,562,3044410,57683303900,19790,18830,19190,-600,-3.03,18950,-840,-4.24,18810,19500,1399-8-5
170,ملت,بيمه ملت,559,2808778,35871306240,13420,12750,12750,-670,-4.99,12930,-490,-3.65,12750,13200,1399-8-5
171,ثاميد,توسعه و عمران اميد,556,7522822,21891412020,3060,2910,2910,-150,-4.9,2990,-70,-2.29,2910,2910,1399-8-5
172,وبوعلي,سرمايه‌گذاري‌بوعلي‌,555,3985979,32226394400,8500,8080,8090,-410,-4.82,8210,-290,-3.41,8080,8160,1399-8-5
173,رانفور,خدمات‌انفورماتيك‌,554,4745254,127552521600,28290,26880,27000,-1290,-4.56,26880,-1410,-4.98,26880,27000,1399-8-5
174,تسه9903,امتياز تسهيلات مسكن خرداد99,550,6579,6084353839,914059,910000,930000,15941,1.74,924814,10755,1.18,896771,939999,1399-8-5
175,اطلس,صندوق س.توسعه اندوخته آينده-س,546,135265,23713470274,181813,176000,177040,-4773,-2.63,175311,-6502,-3.58,173000,178532,1399-8-5
176,ثالوند,سرمايه گذاري مسكن الوند,541,2400354,33612740432,14590,13901,13861,-729,-5.0,14170,-420,-2.88,13861,14819,1399-8-5
177,دارا,صندوق س. دارا الگوريتم-د,519,16421739,164318210982,9985,10020,10000,15,0.15,10006,21,0.21,9985,10020,1399-8-5
178,وبشهر,توسعه‌ صنايع‌ بهشهر(هلدينگ,511,6416116,96370654540,15810,15020,15030,-780,-4.93,15020,-790,-5.0,15020,15040,1399-8-5
179,بفجر,فجر انرژي خليج فارس,510,6320680,192485300700,32050,30450,30960,-1090,-3.4,30450,-1600,-4.99,30450,31000,1399-8-5
180,چكاپا,گروه صنايع كاغذ پارس,499,5197559,31913012260,6460,6140,6140,-320,-4.95,6230,-230,-3.56,6140,6140,1399-8-5
181,شيراز,پتروشيمي‌شيراز,495,3891680,186960281690,50550,48030,48040,-2510,-4.97,48040,-2510,-4.97,48030,48500,1399-8-5
182,غگل,گلوكوزان‌,493,3337936,16155610240,5090,4840,4840,-250,-4.91,5000,-90,-1.77,4840,4840,1399-8-5
183,بركت,گروه دارويي بركت,492,1514192,21350107200,14840,14100,14100,-740,-4.99,14490,-350,-2.36,14100,14100,1399-8-5
184,حكشتي,كشتيراني جمهوري اسلامي ايران,492,3502366,112460972260,33800,32110,32110,-1690,-5.0,32120,-1680,-4.97,32110,32110,1399-8-5
185,تشتاد,صنايع توليدي اشتاد ايران‌,489,3951008,55477512179,13635,14034,14044,409,3.0,14041,406,2.98,13250,14044,1399-8-5
186,ضخود1042,اختيارخ خودرو-3000-1399/10/07,483,16060,9942190000,613,551,700,87,14.19,619,6,0.98,471,719,1399-8-5
187,گوهر,صندوق سكه طلاي كيان,471,1064188,66518994165,63828,61769,64500,672,1.05,62507,-1321,-2.07,60500,65000,1399-8-5
188,خپارس,پارس‌ خودرو,457,13054780,96997015400,7820,7430,7430,-390,-4.99,7430,-390,-4.99,7430,7430,1399-8-5
189,امين يكم2,صندوق درآمد ثابت امين يكم فردا,450,45000000,45000000,10210,1,1,-10209,-99.99,1,-10209,-99.99,1,1,1399-8-5
190,دمعيار,صندوق س. توازن معيار-د,444,21503038,214598574710,9977,9975,9990,13,0.13,9980,3,0.03,9950,10000,1399-8-5
191,سيدكو,سرمايه گذاري توسعه صنايع سيمان,439,2214185,14897408320,7070,6720,6720,-350,-4.95,6960,-110,-1.56,6720,6970,1399-8-5
192,شرانل,نفت ايرانول,438,2179184,56497379386,27277,25914,25914,-1363,-5.0,25926,-1351,-4.95,25914,26580,1399-8-5
193,خراسان,پتروشيمي خراسان,429,2727974,196925401910,75880,72090,72210,-3670,-4.84,72190,-3690,-4.86,72090,79600,1399-8-5
194,كيان2,صندوق س. با درآمد ثابت كيان,425,42500000,42500000,25640,1,1,-25639,-100.0,1,-25639,-100.0,1,1,1399-8-5
195,اپرداز,آتيه داده پرداز,422,1959295,63293257625,33972,32274,32274,-1698,-5.0,32304,-1668,-4.91,32274,33990,1399-8-5
196,افق ملت,صندوق س در سهام افق ملت,421,199351,24466518180,128210,124000,121990,-6220,-4.85,122730,-5480,-4.27,120000,124800,1399-8-5
197,مبين,مبين انرژي خليج فارس,417,4005246,88529568800,23260,22100,22100,-1160,-4.99,22150,-1110,-4.77,22100,22400,1399-8-5
198,شگل,گلتاش‌,416,1172297,29052831730,26060,24760,24760,-1300,-4.99,25260,-800,-3.07,24760,25840,1399-8-5
199,بخاور,بيمه زندگي خاورميانه,411,1809991,13539996880,7807,7417,7699,-108,-1.38,7713,-94,-1.2,7417,7780,1399-8-5
200,فباهنر,مس‌ شهيدباهنر,409,1647129,85437850390,54590,51870,51870,-2720,-4.98,51870,-2720,-4.98,51870,52040,1399-8-5
201,زعف9908پ10,زعفران9908نگين طلاي سرخ(پ),408,323071,25755718420,78465,78099,79541,1076,1.37,79722,1257,1.6,78099,81000,1399-8-5
202,تسه9810,امتياز تسهيلات مسكن دي98,404,6533,6011771772,912677,900100,926000,13323,1.46,920216,7539,0.83,900000,949970,1399-8-5
203,آساميد,صندوق س.مشترك آسمان اميد -د,401,17711220,192757967086,10874,10886,10883,9,0.08,10883,9,0.08,10879,10892,1399-8-5
204,درازك,دارويي‌ رازك‌,388,684537,22860981180,34540,32960,33580,-960,-2.78,33990,-550,-1.59,32850,34900,1399-8-5
205,آساس,صندوق س.آسمان آرماني سهام-س,375,246697,36606652372,151606,152187,148000,-3606,-2.38,148387,-3219,-2.12,144002,152187,1399-8-5
206,خفولا,خدمات فني فولاد يزد,369,706863,19851418402,28558,27750,28750,192,0.67,28084,-474,-1.66,27702,29199,1399-8-5
207,فايرا,آلومينيوم‌ايران‌,368,1260639,24608510240,20520,19500,19500,-1020,-4.97,19990,-530,-2.58,19500,19990,1399-8-5
208,تسه9901,امتياز تسهيلات مسكن فروردين99,367,4967,4633082005,912611,891111,920000,7389,0.81,932773,20162,2.21,891111,958000,1399-8-5
209,تسه9812,امتياز تسهيلات مسكن اسفند98,366,4965,4566230872,911979,886222,930000,18021,1.98,919684,7705,0.84,886222,957000,1399-8-5
210,دعبيد,لابراتوارداروسازي‌  دكترعبيدي‌,358,443567,13336181110,31620,30040,30040,-1580,-5.0,31240,-380,-1.2,30040,30810,1399-8-5
211,هصيكو402,اختيارف ت تاصيكو13500-00/02/20,355,1040000,2409680000,1869,2317,2317,448,23.97,2317,448,23.97,2317,2317,1399-8-5
212,دتمادح,ح . توليدمواداوليه‌داروپخش‌,355,327166,11590706650,37530,34200,36200,-1330,-3.54,35430,-2100,-5.6,34200,37490,1399-8-5
213,واميد,گروه مديريت سرمايه گذاري اميد,342,2037765,72788975800,37590,35720,35720,-1870,-4.97,36370,-1220,-3.25,35720,35730,1399-8-5
214,داسوه,داروسازي‌ اسوه‌,338,560220,14476478270,26850,25610,25920,-930,-3.46,26540,-310,-1.15,25510,26540,1399-8-5
215,سفارس,سيمان فارس و خوزستان,328,3145303,49664334370,16620,15790,15790,-830,-4.99,15790,-830,-4.99,15790,15790,1399-8-5
216,حسينا,توسعه خدمات دريايي وبندري سينا,328,1583040,93949927428,62361,60001,59244,-3117,-5.0,59348,-3013,-4.83,59243,63000,1399-8-5
217,آكورد,صندوق س. آرمان آتي كوثر-د,325,10041006,291748496194,29027,29064,29060,33,0.11,29056,29,0.1,29051,29065,1399-8-5
218,شپارس,بين‌ المللي‌ محصولات‌  پارس‌,322,1032155,15569401060,15850,15060,15590,-260,-1.64,15600,-250,-1.58,15060,15700,1399-8-5
219,غسالم,سالمين‌,318,2520239,12046742420,5030,4780,4780,-250,-4.97,4970,-60,-1.19,4780,4780,1399-8-5
220,فلات,گروه صنايع معادن فلات ايرانيان,313,1714701,22994573652,13708,13297,13660,-48,-0.35,13410,-298,-2.17,13297,13950,1399-8-5
221,غدام,خوراك‌  دام‌ پارس‌,294,262603,53991176800,195810,205600,205600,9790,5.0,205460,9650,4.93,205600,205600,1399-8-5
222,ضپاس1003,اختيارخ وپارس-3500-1399/10/30,294,14408,7637133000,545,500,546,1,0.18,530,-15,-2.75,495,690,1399-8-5
223,ساروم,سيمان‌اروميه‌,293,946461,21614511140,24030,22830,22830,-1200,-4.99,23480,-550,-2.29,22830,23810,1399-8-5
224,تسه9811,امتياز تسهيلات مسكن بهمن98,281,2847,2614550937,912083,882100,925000,12917,1.42,918353,6270,0.69,882100,935000,1399-8-5
225,فخاس,فولاد خراسان,276,1068109,35484138200,34920,33180,33180,-1740,-4.98,34280,-640,-1.83,33180,35000,1399-8-5
226,سكه0012پ01,سكه تمام بهارتحويلي 1روزه رفاه,276,109200,145749465600,1405632,1348000,1334008,-71624,-5.1,1334702,-70930,-5.05,1334008,1348000,1399-8-5
227,پارسيانح,ح.بيمه پارسيان,275,1544833,14105253400,9610,8900,9600,-10,-0.1,9130,-480,-4.99,8840,9990,1399-8-5
228,درهآور,دارويي ره آورد تامين,272,676583,20160568228,31345,29778,29778,-1567,-5.0,30703,-642,-2.05,29778,30000,1399-8-5
229,كخاكح,ح . صنايع‌خاك‌چيني‌ايران‌,264,481942,17185305960,35430,34440,36010,580,1.64,35660,230,0.65,32000,38490,1399-8-5
230,وآفري,بيمه كارآفرين,262,7125581,113968190834,16470,15976,16550,80,0.49,15994,-476,-2.89,15976,16964,1399-8-5
231,آبادا,توليد نيروي برق آبادان,260,435196,8268724000,19990,19000,19000,-990,-4.95,19820,-170,-0.85,19000,19000,1399-8-5
232,ماديرا,صنايع ماشين هاي اداري ايران,251,445755,12932244060,30538,29012,29012,-1526,-5.0,30101,-437,-1.43,29012,29012,1399-8-5
233,بترانس,ايران‌ ترانسفو,247,522620,15380706600,30970,29430,29430,-1540,-4.97,30450,-520,-1.68,29430,29430,1399-8-5
234,دامين,داروسازي‌ امين‌,239,1745227,21974283000,13250,12590,12590,-660,-4.98,12940,-310,-2.34,12590,12980,1399-8-5
235,وتوشه,سرمايه‌ گذاري‌ پارس‌ توشه‌,239,762671,14944059690,20430,19410,19500,-930,-4.55,20160,-270,-1.32,19410,20670,1399-8-5
236,دابور,داروسازي‌ ابوريحان‌,239,666973,29053711390,45780,43500,43520,-2260,-4.94,44390,-1390,-3.04,43500,43850,1399-8-5
237,اوان,مبين وان كيش,231,1171071,57518643013,51626,49100,51000,-626,-1.21,49116,-2510,-4.86,49045,52000,1399-8-5
238,فاسمين,كالسيمين‌,226,2672749,44822000730,17650,16770,16770,-880,-4.99,16770,-880,-4.99,16770,16770,1399-8-5
239,ثشاهد,سرمايه‌ گذاري‌ شاهد,225,288021,10337073690,37770,35890,35890,-1880,-4.98,37430,-340,-0.9,35890,35890,1399-8-5
240,حريل,ريل پردازسير,224,1526331,5590950453,3855,3663,3663,-192,-4.98,3832,-23,-0.6,3663,3663,1399-8-5
241,تسه9808,امتياز تسهيلات مسكن آبان98,216,4289,3941543430,909812,897000,920000,10188,1.12,918989,9177,1.01,897000,937790,1399-8-5
242,وآيند,بانك  آينده,216,388211,11371088401,29888,29291,29291,-597,-2.0,29818,-70,-0.23,29291,29291,1399-8-5
243,واحصا,احياء صنايع خراسان,215,409833,7584917839,18341,18850,18891,550,3.0,18403,62,0.34,17811,18891,1399-8-5
244,وسبوشهر,شركت س استان بوشهر,214,2342176,3090316760,1260,1320,1320,60,4.76,1260,0,0.0,1300,1320,1399-8-5
245,زكوثر,سرمايه گذاري كشاورزي كوثر,212,601002,11340907740,19860,18870,18870,-990,-4.98,19610,-250,-1.26,18870,18870,1399-8-5
246,بورس,بورس اوراق بهادار تهران,211,354371,20776771730,61710,58630,58630,-3080,-4.99,61020,-690,-1.12,58630,58630,1399-8-5
247,سيستم,همكاران سيستم,210,394378,11794687090,31310,29750,29750,-1560,-4.98,30960,-350,-1.12,29750,30880,1399-8-5
248,كالا,بورس كالاي ايران,209,401791,18389974070,48170,45770,45770,-2400,-4.98,47210,-960,-1.99,45770,45770,1399-8-5
249,تسه9802,امتياز تسهيلات مسكن ارديبهشت98,209,2780,2549957873,910566,940000,920001,9435,1.04,917251,6685,0.73,875005,940000,1399-8-5
250,واعتبار,سرمايه گذاري اعتبار ايران,208,9175201,45508996960,5220,4960,4960,-260,-4.98,4960,-260,-4.98,4960,4960,1399-8-5
251,همراه,شركت ارتباطات سيار ايران,206,944218,28477614880,31740,30160,30160,-1580,-4.98,31250,-490,-1.54,30160,30160,1399-8-5
252,بكام,كارخانجات توليدي شهيد قندي,206,1452283,8219921780,5950,5660,5660,-290,-4.87,5900,-50,-0.84,5660,5660,1399-8-5
253,ضخود1043,اختيارخ خودرو-3500-1399/10/07,205,7625,3639970000,471,498,501,30,6.37,477,6,1.27,435,545,1399-8-5
254,ما,بيمه  ما,204,1627252,10248693900,6490,6500,6170,-320,-4.93,6450,-40,-0.62,6170,6500,1399-8-5
255,كوير,توليدي فولاد سپيد فراب كوير,203,1326968,18882754640,14970,14230,14230,-740,-4.94,14740,-230,-1.54,14230,14230,1399-8-5
256,وپترو,سرمايه‌گذاري صنايع پتروشيمي‌,203,1021704,15679021260,15840,15110,15730,-110,-0.69,15670,-170,-1.07,15100,15840,1399-8-5
257,تسه9710,امتياز تسهيلات مسكن دي 97,200,2170,1988166300,905024,900210,930000,24976,2.76,916206,11182,1.24,900210,930000,1399-8-5
258,تاپكيشح,ح.تجارت الكترونيك پارسيان كيش,198,656399,4428400302,7100,6747,6745,-355,-5.0,6747,-353,-4.97,6745,6900,1399-8-5
259,دسانكو,داروسازي سبحان انكولوژي,197,756396,12235461696,17027,16176,16176,-851,-5.0,16797,-230,-1.35,16176,16176,1399-8-5
260,لسرما,سرما آفرين‌,194,403350,11116326000,26250,27560,27560,1310,4.99,26520,270,1.03,27560,27560,1399-8-5
261,دسبحان,سبحان دارو,194,416726,7126982250,18000,17100,17100,-900,-5.0,17860,-140,-0.78,17100,17200,1399-8-5
262,فاراك,ماشين‌ سازي‌ اراك‌,194,786854,5909273540,7900,7510,7510,-390,-4.94,7850,-50,-0.63,7510,7510,1399-8-5
263,تصميم,صندوق س با درآمد ثابت تصميم,193,6457441,95247015700,14760,14800,14750,-10,-0.07,14750,-10,-0.07,14700,14800,1399-8-5
264,شلرد,كود شيميايي اوره لردگان,191,3689648,33819313568,9449,9166,9166,-283,-3.0,9166,-283,-3.0,9166,9166,1399-8-5
265,ضصاد1102,اختيارخ وبصادر-3500-1399/11/12,190,5293,3273085000,731,600,650,-81,-11.08,618,-113,-15.46,599,680,1399-8-5
266,تسه9809,امتياز تسهيلات مسكن آذر98,189,2265,2088016438,917801,900000,940000,22199,2.42,921862,4061,0.44,900000,949900,1399-8-5
267,اخزا815,اسنادخزانه-م15بودجه98-010406,188,273291,199279490962,730563,722000,729171,-1392,-0.19,729184,-1379,-0.19,722000,730500,1399-8-5
268,تسه9803,امتياز تسهيلات مسكن خرداد98,187,1370,1260063530,912603,932000,958080,45477,4.98,919754,7151,0.78,871009,958080,1399-8-5
269,ثفارس,عمران‌وتوسعه‌فارس‌,185,1395183,10994042040,8290,7880,7880,-410,-4.95,8190,-100,-1.21,7880,7880,1399-8-5
270,ختوقا,قطعات‌ اتومبيل‌ ايران‌,185,1161214,4308103940,3900,3710,3710,-190,-4.87,3880,-20,-0.51,3710,3710,1399-8-5
271,شصفها,پتروشيمي‌ اصفهان‌,184,294567,27153549763,94048,92168,92168,-1880,-2.0,92181,-1867,-1.99,92168,93000,1399-8-5
272,كمرجان,بازرگاني و توليدي مرجان كار,179,301610,16005537870,50540,53067,53067,2527,5.0,51290,750,1.48,53067,53067,1399-8-5
273,قثابت,قند ثابت‌ خراسان‌,178,205645,14456843500,74000,70300,70300,-3700,-5.0,72820,-1180,-1.59,70300,70300,1399-8-5
274,سقاين,سيمان‌ قائن‌,178,275293,11128813980,40970,38930,42080,1110,2.71,40850,-120,-0.29,38930,42080,1399-8-5
275,مداران,داده‌پردازي‌ايران‌,177,479162,11972697560,26290,24980,25400,-890,-3.39,25960,-330,-1.26,24980,25670,1399-8-5
276,ثاخت,بين‌المللي‌توسعه‌ساختمان,173,1193005,4891320500,4310,4100,4100,-210,-4.87,4290,-20,-0.46,4100,4100,1399-8-5
277,تسه9801,امتياز تسهيلات مسكن فروردين98,173,1811,1663834532,909061,900000,935000,25939,2.85,918738,9677,1.06,900000,949999,1399-8-5
278,سكه9912پ04,سكه تمام بهارتحويل1روزه صادرات,173,161400,215308891200,1404218,1334008,1334008,-70210,-5.0,1334008,-70210,-5.0,1334008,1334008,1399-8-5
279,تسه9709,امتياز تسهيلات مسكن آذر97,171,1734,1583828678,906255,900110,919777,13522,1.49,913396,7141,0.79,900110,929990,1399-8-5
280,شبريز,پالايش نفت تبريز,170,327828,10142998320,32560,30940,30940,-1620,-4.98,32390,-170,-0.52,30940,30940,1399-8-5
281,تسه9708,امتياز تسهيلات مسكن آبان97,169,2909,2637178366,899095,900010,909998,10903,1.21,906558,7463,0.83,900000,919996,1399-8-5
282,هبركت912,اختيارف ت بركت-22100-99/12/17,164,300000,1608300000,4584,5361,5361,777,16.95,5361,777,16.95,5361,5361,1399-8-5
283,تاپكيش,تجارت الكترونيك پارسيان كيش,161,553365,6342276319,12053,11455,11451,-602,-4.99,11974,-79,-0.66,11451,11799,1399-8-5
284,لوتوس,تامين سرمايه لوتوس پارسيان,160,1379136,20521543680,15660,14880,14880,-780,-4.98,15360,-300,-1.92,14880,14880,1399-8-5
285,تسه9711,امتياز تسهيلات مسكن بهمن 97,156,1411,1296136239,913330,911010,915020,1690,0.19,918594,5264,0.58,911010,929000,1399-8-5
286,سپاس,صندوق س. پاداش سهامداري توسعه1,153,5217478,52786573550,10110,10110,10120,10,0.1,10120,10,0.1,10110,10120,1399-8-5
287,اتكاي,بيمه اتكايي ايرانيان,152,456173,5740441552,12803,12167,12710,-93,-0.73,12777,-26,-0.2,12167,12779,1399-8-5
288,شفا,سرمايه گذاري شفادارو,151,284269,18165017800,66520,66520,63240,-3280,-4.93,65530,-990,-1.49,63200,66520,1399-8-5
289,ضصاد8024,اختيارخ وبصادر-5500-1399/08/11,151,6981,14006000,3,3,3,0,0.0,2,-1,-33.33,1,4,1399-8-5
290,فيروزا,صندوق بادرآمد ثابت فيروزه آسيا,150,2802909,59141379400,21120,21120,21100,-20,-0.09,21100,-20,-0.09,21080,21130,1399-8-5
291,شزنگ,تجهيزنيروي‌زنگان‌,149,224272,26052108336,110632,116163,116163,5531,5.0,116163,5531,5.0,116163,116163,1399-8-5
292,دسبحانح,ح. سبحان دارو,147,281804,4406933810,14750,15400,15830,1080,7.32,15640,890,6.03,15400,15830,1399-8-5
293,سبجنو,سيمان‌ بجنورد,145,401670,12145532860,31490,29960,30250,-1240,-3.94,31170,-320,-1.02,29920,31090,1399-8-5
294,كساوه,صنايع‌ كاشي‌ و سراميك‌ سينا,144,202297,8213819270,42710,40600,40580,-2130,-4.99,42340,-370,-0.87,40580,42600,1399-8-5
295,كبافق,معادن‌ بافق‌,142,293059,9738350570,34970,33230,33230,-1740,-4.98,34610,-360,-1.03,33230,33230,1399-8-5
296,تسه9806,امتياز تسهيلات مسكن شهريور98,142,2422,2234136618,911759,910000,921000,9241,1.01,922435,10676,1.17,890204,957346,1399-8-5
297,دفرا,فرآورده‌هاي‌ تزريقي‌ ايران‌,142,572454,13797289550,25360,24100,24100,-1260,-4.97,24990,-370,-1.46,24100,24500,1399-8-5
298,تسه9712,امتياز تسهيلات مسكن اسفند97,142,1546,1415908379,907109,908000,920000,12891,1.42,915853,8744,0.96,890000,929990,1399-8-5
299,اخزا808,اسنادخزانه-م8بودجه98-000817,141,124042,103893774704,835871,835900,842000,6129,0.73,837569,1698,0.2,828022,843000,1399-8-5
300,خبهمن,گروه‌بهمن‌,139,714679,14393635060,21200,20140,20140,-1060,-5.0,21010,-190,-0.9,20140,20140,1399-8-5
301,پارسيان,بيمه پارسيان,138,1874727,22552965810,12660,12030,12030,-630,-4.98,12350,-310,-2.45,12030,12030,1399-8-5
302,كگهر,سنگ آهن گهرزمين,133,257713,9961897536,40688,38654,38654,-2034,-5.0,40510,-178,-0.44,38654,38671,1399-8-5
303,صايند,صندوق س. گنجينه آينده روشن-د,132,1146020,11554264490,10053,10055,10097,44,0.44,10082,29,0.29,10055,10097,1399-8-5
304,پتاير,ايران‌ تاير,131,87665,7838127650,94110,89410,89410,-4700,-4.99,93290,-820,-0.87,89410,89410,1399-8-5
305,شنفت,نفت‌ پارس‌,131,191906,9908106780,54340,51630,51630,-2710,-4.99,53820,-520,-0.96,51630,51630,1399-8-5
306,شپاكسا,پاكسان‌,130,347666,9237485620,27960,26570,26570,-1390,-4.97,27690,-270,-0.97,26570,26570,1399-8-5
307,غشهد,شهد ايران ‌,129,659605,4148915450,6620,6290,6290,-330,-4.98,6590,-30,-0.45,6290,6290,1399-8-5
308,خمحركه,نيرو محركه‌,129,494588,3536304200,7520,7150,7150,-370,-4.92,7490,-30,-0.4,7150,7150,1399-8-5
309,شيران,س. صنايع‌شيميايي‌ايران,128,297711,10928970810,38640,36710,36710,-1930,-4.99,38420,-220,-0.57,36710,36710,1399-8-5
310,دماوند,توليد نيروي برق دماوند,128,172834,12632264226,76935,73089,73089,-3846,-5.0,76333,-602,-0.78,73089,73089,1399-8-5
311,وسناح,ح. سرمايه گذاري نيروگاهي ايران,127,385639,4691612796,12537,12161,12166,-371,-2.96,12166,-371,-2.96,12161,12200,1399-8-5
312,دارا2,صندوق س. دارا الگوريتم-د,127,12700000,12700000,9985,1,1,-9984,-99.99,1,-9984,-99.99,1,1,1399-8-5
313,آسيا,بيمه آسيا,126,249679,6047225380,25490,24220,24220,-1270,-4.98,25320,-170,-0.67,24220,24220,1399-8-5
314,غمارگ,مارگارين‌,124,369966,9541423140,27140,25790,25790,-1350,-4.97,26860,-280,-1.03,25790,25790,1399-8-5
315,خكرمان,گروه اقتصادي كرمان خودرو,122,730959,3689881032,5204,5048,5048,-156,-3.0,5174,-30,-0.58,5048,5048,1399-8-5
316,ثزاگرس,سرمايه گذاري توسعه عمران زاگرس,121,452197,15720176508,33752,34764,34764,1012,3.0,34507,755,2.24,34764,34764,1399-8-5
317,اخزا809,اسنادخزانه-م9بودجه98-000923,119,210927,172998530308,820055,820150,820185,130,0.02,820182,127,0.02,813223,822000,1399-8-5
318,دزهراوي,داروسازي‌زهراوي‌,117,503424,5311123200,11100,10550,10550,-550,-4.95,11040,-60,-0.54,10550,10550,1399-8-5
319,اخزا816,اسنادخزانه-م16بودجه98-010503,117,249991,181263214884,722173,712023,725000,2827,0.39,725079,2906,0.4,712023,732000,1399-8-5
320,ثجوان,تامين مسكن جوانان,116,1781148,12265964392,7248,6886,6886,-362,-4.99,7006,-242,-3.34,6886,7130,1399-8-5
321,تسه9807,امتياز تسهيلات مسكن مهر98,112,1247,1147285782,916135,892522,930000,13865,1.51,920037,3902,0.43,892522,930000,1399-8-5
322,سشمال,سيمان‌ شمال‌,111,338922,3206202120,9950,9460,9460,-490,-4.92,9920,-30,-0.3,9460,9460,1399-8-5
323,اخزا814,اسنادخزانه-م14بودجه98-010318,111,184572,136316104508,738190,738371,738219,29,0.0,738552,362,0.05,725229,740000,1399-8-5
324,اخزا817,اسنادخزانه-م17بودجه98-010512,111,158623,113431189863,714933,711939,715003,70,0.01,715099,166,0.02,710000,716890,1399-8-5
325,پارسان,گسترش نفت و گاز پارسيان,110,1312485,28139678400,22560,21440,21440,-1120,-4.96,22280,-280,-1.24,21440,21440,1399-8-5
326,زملارد,كشاورزي و دامپروري ملارد شير,109,60898,2784500152,48130,45724,45724,-2406,-5.0,47988,-142,-0.3,45724,45724,1399-8-5
327,ثمسكن,سرمايه‌گذاري‌ مسكن‌,106,652082,3899450360,6290,5980,5980,-310,-4.93,6260,-30,-0.48,5980,5980,1399-8-5
328,سهگمت,سيمان‌هگمتان‌,105,285919,5558300860,20460,19440,19440,-1020,-4.99,20340,-120,-0.59,19440,19500,1399-8-5
329,بزاگرسح,ح . نيروگاه زاگرس كوثر,104,666895,5163101090,8149,7742,7742,-407,-4.99,7742,-407,-4.99,7742,7742,1399-8-5
330,سمگا,گروه سرمايه گذاري ميراث فرهنگي,103,1229317,25556271113,21883,20789,20789,-1094,-5.0,21264,-619,-2.83,20789,20789,1399-8-5
331,غپينو,پارس‌ مينو,102,523919,3337364030,6700,6370,6370,-330,-4.93,6680,-20,-0.3,6370,6370,1399-8-5
332,سبزوا,سيمان لار سبزوار,98,238910,1453767350,6405,6085,6085,-320,-5.0,6395,-10,-0.16,6085,6085,1399-8-5
333,آبين,كشت و صنعت آبشيرين,98,2144531,7964788134,3828,3714,3714,-114,-2.98,3780,-48,-1.25,3714,3714,1399-8-5
334,بذر,صندوق س بذر اميد آفرين-سهام,98,55173,5625145690,103940,101400,102500,-1440,-1.39,101950,-1990,-1.91,101400,103500,1399-8-5
335,كسرا,سراميك‌هاي‌صنعتي‌اردكان‌,97,249107,5176443460,21870,20780,20780,-1090,-4.98,21750,-120,-0.55,20780,20780,1399-8-5
336,فولاژ,فولاد آلياژي ايران,96,231366,5585175240,25410,24140,24140,-1270,-5.0,25290,-120,-0.47,24140,24140,1399-8-5
337,سكه0112پ03,سكه تمام بهارتحويلي1روزه سامان,94,33600,44822669400,1407500,1334008,1334008,-73492,-5.22,1334008,-73492,-5.22,1334008,1334010,1399-8-5
338,ضملي8067,اختيارخ فملي -14750-1399/08/06,93,780,3929174000,5732,4701,5500,-232,-4.05,5037,-695,-12.12,4303,6020,1399-8-5
339,كي بي سي,شركت كي بي سي,92,206123,6669595006,34056,32354,32354,-1702,-5.0,33816,-240,-0.7,32354,32490,1399-8-5
340,سخاش,سيمان‌خاش‌,92,42236,2882607000,71840,68250,68250,-3590,-5.0,71620,-220,-0.31,68250,68250,1399-8-5
341,سصوفي,سيمان‌ صوفيان‌,90,288175,3711694000,13550,12880,12880,-670,-4.94,13500,-50,-0.37,12880,12880,1399-8-5
342,غشهداب,كشت و صنعت شهداب ناب خراسان,90,251113,1175962179,4929,4683,4683,-246,-4.99,4923,-6,-0.12,4683,4683,1399-8-5
343,تاصيكو,سرمايه گذاري صدرتامين,90,355609,3524085190,10430,9910,9910,-520,-4.99,10410,-20,-0.19,9910,9910,1399-8-5
344,سكه0011پ02,سكه تمام بهارتحويلي 1روزه ملت,90,45300,60430599200,1401244,1334008,1334008,-67236,-4.8,1334009,-67235,-4.8,1334008,1334100,1399-8-5
345,شپترو,پتروشيمي آبادان,90,501279,2374057344,4985,4736,4736,-249,-4.99,4954,-31,-0.62,4736,4736,1399-8-5
346,فسازان,غلتك سازان سپاهان,88,383911,11294661620,30960,29420,29420,-1540,-4.97,30580,-380,-1.23,29420,29420,1399-8-5
347,زپارس,ملي كشت و صنعت و دامپروري پارس,86,139135,8715416400,65930,62640,62640,-3290,-4.99,65320,-610,-0.93,62640,62640,1399-8-5
348,دسبحا,گروه دارويي سبحان,86,308428,5118962080,17450,16580,16580,-870,-4.99,17360,-90,-0.52,16580,17000,1399-8-5
349,دپارس,پارس‌ دارو,85,57694,6313665520,115180,109430,109430,-5750,-4.99,114400,-780,-0.68,109430,110000,1399-8-5
350,اخزا811,اسنادخزانه-م11بودجه98-001013,85,225416,183189232992,811754,811853,812404,650,0.08,812672,918,0.11,810000,816000,1399-8-5
351,ضصاد8015,اختيارخ وبصادر-3400-1399/08/11,85,2598,302076000,211,199,150,-61,-28.91,116,-95,-45.02,92,200,1399-8-5
352,ضملي1148,اختيارخ فملي-10140-1399/11/05,83,1047,5132862000,6800,6000,4700,-2100,-30.88,4902,-1898,-27.91,4500,6000,1399-8-5
353,ونيرو,سرمايه‌گذاري‌نيرو,82,557155,2535055250,4780,4550,4550,-230,-4.81,4770,-10,-0.21,4550,4550,1399-8-5
354,غگرجي,بيسكويت‌  گرجي‌,82,262315,7218908800,28960,0,27520,-1440,-4.97,28740,-220,-0.76,27520,27520,1399-8-5
355,هاباد912,اختيارف ت آبادا-30100-99/12/12,81,61200,465915600,7357,7613,7613,256,3.48,7613,256,3.48,7613,7613,1399-8-5
356,تسه9804,امتياز تسهيلات مسكن تير98,81,1272,1176867898,914062,959765,920000,5938,0.65,925211,11149,1.22,881111,959765,1399-8-5
357,چدن,توليدي چدن سازان,80,263960,7235143600,28850,27410,27410,-1440,-4.99,28630,-220,-0.76,27410,27410,1399-8-5
358,شجم,صنايع پتروشيمي تخت جمشيد,79,2151182,18414117920,8824,8560,8560,-264,-2.99,8606,-218,-2.47,8560,8560,1399-8-5
359,گپارس,امور رفاهي كارگزاران پارس,77,44961,5617247496,121298,124936,124936,3638,3.0,122269,971,0.8,124936,124936,1399-8-5
360,بموتو,موتوژن‌,76,61760,2760672000,47050,44700,44700,-2350,-4.99,46910,-140,-0.3,44700,44700,1399-8-5
361,وساپا,سرمايه‌گذاري‌ سايپا,76,264799,2441446780,9700,9220,9220,-480,-4.95,9680,-20,-0.21,9220,9220,1399-8-5
362,سيمرغ,سيمرغ,76,200023,3292378580,17320,16460,16460,-860,-4.97,17260,-60,-0.35,16460,16460,1399-8-5
363,گوهر2,صندوق سكه طلاي كيان,75,750000,750000,63828,1,1,-63827,-100.0,1,-63827,-100.0,1,1,1399-8-5
364,حفارس,حمل و نقل بين المللي خليج فارس,73,300058,1329256940,4660,4430,4430,-230,-4.94,4650,-10,-0.21,4430,4430,1399-8-5
365,توريل,توکاريل,72,1141902,23347328292,21522,20446,20446,-1076,-5.0,20976,-546,-2.54,20446,20446,1399-8-5
366,غويتا,ويتانا,72,339932,18067725732,55948,53151,53151,-2797,-5.0,54879,-1069,-1.91,53151,53151,1399-8-5
367,شپلي,پلي اكريل ايران,71,312543,2021215581,6666,6467,6467,-199,-2.99,6645,-21,-0.32,6467,6467,1399-8-5
368,گنجين,صندوق س. گنجينه يكم آويد-د,70,2392312,27534551976,11515,11530,11508,-7,-0.06,11510,-5,-0.04,11420,11534,1399-8-5
369,بكاب,صنايع‌جوشكاب‌يزد,69,34814,5050118840,152690,145060,145060,-7630,-5.0,151840,-850,-0.56,145060,145060,1399-8-5
370,اخزا806,اسنادخزانه-م6بودجه98-000519,68,83559,72687337363,868088,868500,873000,4912,0.57,869892,1804,0.21,867898,873000,1399-8-5
371,ضخود1040,اختيارخ خودرو-2000-1399/10/07,68,870,1221030000,1376,1376,1440,64,4.65,1403,27,1.96,1310,1640,1399-8-5
372,سنوين,سرمايه گذاري اقتصاد نوين,68,655589,6609217709,10286,10081,10181,-105,-1.02,10147,-139,-1.35,10081,10181,1399-8-5
373,ياقوت,صندوق س ياقوت آگاه-ثابت,67,674202,7536639630,11190,11190,11180,-10,-0.09,11180,-10,-0.09,11170,11190,1399-8-5
374,اخزا818,اسنادخزانه-م18بودجه98-010614,67,146155,102732378845,702743,702743,704150,1407,0.2,702900,157,0.02,696000,705000,1399-8-5
375,صنوين,صندوق سرمايه‌گذاري صنوين-مختلط,66,79482,8100969740,106200,103000,101220,-4980,-4.69,101920,-4280,-4.03,101000,103000,1399-8-5
376,ضچاد1014,اختيارخ كچاد-14000-1399/10/02,66,2680,6080812000,3050,2000,2200,-850,-27.87,2269,-781,-25.61,2000,2310,1399-8-5
377,كيا,كيا الكترود شرق,66,1700000,8656400000,4850,5092,5092,242,4.99,5092,242,4.99,5092,5092,1399-8-5
378,ضخود1048,اختيارخ خودرو-7000-1399/10/07,66,1384,144836000,87,81,101,14,16.09,105,18,20.69,81,172,1399-8-5
379,ثنوسا,نوسازي‌وساختمان‌تهران‌,66,1506794,13847436860,9670,9190,9190,-480,-4.96,9530,-140,-1.45,9190,9190,1399-8-5
380,شكبير,پتروشيمي اميركبير,64,171258,9841420357,59242,57465,57467,-1775,-3.0,59031,-211,-0.36,57465,57800,1399-8-5
381,اخزا903,اسنادخزانه-م3بودجه99-011110,64,52561,34184065891,652954,650863,652997,43,0.01,650369,-2585,-0.4,648220,652997,1399-8-5
382,ضخود1045,اختيارخ خودرو-4500-1399/10/07,63,2481,625242000,240,190,275,35,14.58,252,12,5.0,180,397,1399-8-5
383,شكف,كف,63,76647,5492677314,70257,71662,71662,1405,2.0,70999,742,1.06,71662,71662,1399-8-5
384,كپارس,كاشي‌ پارس‌,63,35394,3275006820,97390,92530,92530,-4860,-4.99,97040,-350,-0.36,92530,92530,1399-8-5
385,فمراد,آلومراد,62,26598,3618125940,151140,136030,136030,-15110,-10.0,149930,-1210,-0.8,136030,136030,1399-8-5
386,فزرين,زرين معدن آسيا,61,83011,1567911768,19882,18888,18888,-994,-5.0,19849,-33,-0.17,18888,18888,1399-8-5
387,وپويا,سرمايه گذاري پويا,60,150249,1662805683,11649,11067,11067,-582,-5.0,11629,-20,-0.17,11067,11067,1399-8-5
388,تسه9805,امتياز تسهيلات مسكن مرداد98,60,495,452883256,909097,900000,923000,13903,1.53,914916,5819,0.64,900000,954500,1399-8-5
389,اخزا821,اسنادخزانه-م21بودجه98-020906,60,151570,85205657093,571028,560005,565000,-6028,-1.06,562154,-8874,-1.55,560000,572000,1399-8-5
390,آكورد2,صندوق س. آرمان آتي كوثر-د,60,6000000,6000000,29027,1,1,-29026,-100.0,1,-29026,-100.0,1,1,1399-8-5
391,ستران,سيمان‌ تهران‌,59,63215,2017822800,33590,31920,31920,-1670,-4.97,33520,-70,-0.21,31920,31920,1399-8-5
392,سشرق,سيمان‌ شرق‌,58,476339,3067623160,6770,6440,6440,-330,-4.87,6750,-20,-0.3,6440,6440,1399-8-5
393,كوثر,بيمه كوثر,58,263130,3531993990,14129,13423,13423,-706,-5.0,14075,-54,-0.38,13423,13423,1399-8-5
394,سمتاز,سيمان ممتازان كرمان,58,66828,1422185062,21147,21500,21210,63,0.3,21156,9,0.04,20701,21500,1399-8-5
395,وصنا,گروه‌صنايع‌بهشهرايران‌,58,489824,5490927040,11790,11210,11210,-580,-4.92,11720,-70,-0.59,11210,11210,1399-8-5
396,ولصنم,ليزينگ‌صنعت‌ومعدن‌,57,328662,2494544580,7980,7590,7590,-390,-4.89,7960,-20,-0.25,7590,7590,1399-8-5
397,هترول911,اختيارف ت پترول-14730-99/11/15,56,500000,287500000,1,575,575,574,57400.0,575,574,57400.0,575,575,1399-8-5
398,قپيرا,فرآورده‌هاي‌غدايي‌وقندپيرانشهر,56,22473,1788450190,81980,80000,83000,1020,1.24,81890,-90,-0.11,78510,83360,1399-8-5
399,ضگل1142,اختيارخ كگل-16000-1399/11/21,54,1760,4241878000,4000,2800,2400,-1600,-40.0,2410,-1590,-39.75,2300,2900,1399-8-5
400,اخزا812,اسنادخزانه-م12بودجه98-001111,54,132910,106508498499,801029,801207,801520,491,0.06,801358,329,0.04,801207,803998,1399-8-5
401,كيميا,معدني كيمياي زنجان گستران,53,397018,9396622024,24913,23668,23668,-1245,-5.0,24664,-249,-1.0,23668,23668,1399-8-5
402,ساوه,سيمان ساوه,53,25698,1351175142,55346,52579,52579,-2767,-5.0,55266,-80,-0.14,52579,52579,1399-8-5
403,زشگزا,شير و گوشت زاگرس شهركرد,51,18322,1655777462,95127,90371,90371,-4756,-5.0,94961,-166,-0.17,90371,90371,1399-8-5
404,سمازن,سيمان‌مازندران‌,51,244706,2102024540,9040,8590,8590,-450,-4.98,9020,-20,-0.22,8590,8590,1399-8-5
405,بهپاك,صنعتي بهپاك,51,38641,1231913721,33558,31881,31881,-1677,-5.0,33514,-44,-0.13,31881,31881,1399-8-5
406,كماسه,تامين‌ ماسه‌ ريخته‌گري‌,51,163787,8497269560,54610,51880,51880,-2730,-5.0,54120,-490,-0.9,51880,51880,1399-8-5
407,دارو,كارخانجات‌داروپخش‌,50,21678,1193373900,57940,55050,55050,-2890,-4.99,57870,-70,-0.12,55050,55050,1399-8-5
408,دسينا,داروسازي‌ سينا,50,98596,2510254160,26790,0,25460,-1330,-4.96,26720,-70,-0.26,25460,25460,1399-8-5
409,سدشت,صنايع سيمان دشتستان,50,29669,1069275110,37930,36040,36040,-1890,-4.98,37890,-40,-0.11,36040,36070,1399-8-5
410,قچار,فراوردههاي غذايي وقند چهارمحال,50,18542,3648379546,207118,196763,196763,-10355,-5.0,206322,-796,-0.38,196763,196763,1399-8-5
411,مرقام,ايران‌ارقام‌,50,110368,2655454080,25320,24060,24060,-1260,-4.98,25250,-70,-0.28,24060,24060,1399-8-5
412,پيزد,مجتمع صنايع لاستيك يزد,50,7408,712168080,101194,0,96135,-5059,-5.0,101118,-76,-0.08,96135,96135,1399-8-5
413,كهرام,توليدي گرانيت بهسرام,49,39147,2295295639,59940,58143,58142,-1798,-3.0,59787,-153,-0.26,58142,59900,1399-8-5
414,ثروتم,صندوق س. ثروت آفرين پارسيان-س,49,19960,1837403350,94978,93000,92000,-2978,-3.14,92054,-2924,-3.08,91551,93000,1399-8-5
415,اخزا810,اسنادخزانه-م10بودجه98-001006,48,101866,83188887130,815550,815650,815950,400,0.05,816650,1100,0.13,815650,819900,1399-8-5
416,سبهان,سيمان‌ بهبهان‌,48,110320,6254040800,59670,56690,56690,-2980,-4.99,59280,-390,-0.65,56690,56690,1399-8-5
417,پخش,پخش البرز,48,487098,14898866526,32196,30587,30587,-1609,-5.0,31682,-514,-1.6,30587,30587,1399-8-5
418,سكرما,سيمان‌ كرمان‌,46,122295,1688893950,14530,13810,13810,-720,-4.96,14500,-30,-0.21,13810,13810,1399-8-5
419,ضخود1041,اختيارخ خودرو-2500-1399/10/07,46,776,773640000,988,1150,1200,212,21.46,997,9,0.91,901,1200,1399-8-5
420,شتوكا,توكا رنگ فولاد سپاهان,46,55250,1437531791,27232,25871,25871,-1361,-5.0,27195,-37,-0.14,25871,26980,1399-8-5
421,اخزا813,اسنادخزانه-م13بودجه98-010219,46,138036,104448443472,755036,755000,755603,567,0.08,756675,1639,0.22,750000,760000,1399-8-5
422,اوصتا,صندوق انديشه ورزان صباتامين -د,45,970411,16343914562,16819,16851,16842,23,0.14,16842,23,0.14,16610,16851,1399-8-5
423,وشهر,بانك شهر,45,139680,1094253120,8160,7834,7834,-326,-4.0,8153,-7,-0.09,7834,7834,1399-8-5
424,ضصاد8017,اختيارخ وبصادر-3800-1399/08/11,45,1485,78137000,129,208,40,-89,-68.99,53,-76,-58.91,30,208,1399-8-5
425,وپخش,داروپخش‌ (هلدينگ‌,45,19853,2262447880,119950,113960,113960,-5990,-4.99,119660,-290,-0.24,113960,113960,1399-8-5
426,خصدرا,صنعتي‌ دريايي‌ ايران‌,44,423145,2422505125,5902,5725,5725,-177,-3.0,5895,-7,-0.12,5725,5725,1399-8-5
427,ضخود1046,اختيارخ خودرو-5000-1399/10/07,44,1434,319646000,189,289,201,12,6.35,223,34,17.99,200,290,1399-8-5
428,وسكهبو,س.عدالت ا. كهگيلويه وبويراحمد,44,860817,1015764060,1130,1180,1180,50,4.42,1130,0,0.0,1180,1180,1399-8-5
429,وتوس,توسعه‌شهري‌توس‌گستر,43,33262,1087002160,34400,32680,32680,-1720,-5.0,34360,-40,-0.12,32680,32680,1399-8-5
430,مفاخر,توسعه فناوري اطلاعات خوارزمي,43,146499,6895268433,49544,47067,47067,-2477,-5.0,49184,-360,-0.73,47067,47067,1399-8-5
431,الماس,صندوق س.امين تدبيرگران فردا-س,42,34369,3855651112,115092,115000,110056,-5036,-4.38,112184,-2908,-2.53,110000,115000,1399-8-5
432,ضفلا8085,اختيارخ فولاد-16775-1399/08/28,42,509,220556000,457,1000,590,133,29.1,433,-24,-5.25,100,1000,1399-8-5
433,ضصاد8012,اختيارخ وبصادر-2800-1399/08/11,41,893,459204000,575,444,600,25,4.35,514,-61,-10.61,444,600,1399-8-5
434,سهرمز,سيمان‌هرمزگان‌,41,114949,1812745730,16600,15770,15770,-830,-5.0,16570,-30,-0.18,15770,15770,1399-8-5
435,تماوند,تامين سرمايه دماوند,41,85374,1315015722,16213,15403,15403,-810,-5.0,16157,-56,-0.35,15403,15403,1399-8-5
436,ضملي1153,اختيارخ فملي-20280-1399/11/05,41,1036,929659000,584,700,856,272,46.58,897,313,53.6,700,1247,1399-8-5
437,غمهرا,توليدي‌مهرام‌,39,7115,337322150,49900,47410,47410,-2490,-4.99,49880,-20,-0.04,47410,47410,1399-8-5
438,وملي,گروه‌ صنعتي‌ ملي‌ (هلدينگ‌,39,3503,1326656160,398650,378720,378720,-19930,-5.0,398090,-560,-0.14,378720,378720,1399-8-5
439,كلوند,كاشي‌ الوند,39,164912,3354310080,21410,20340,20340,-1070,-5.0,21330,-80,-0.37,20340,20340,1399-8-5
440,پرداخت,به پرداخت ملت,38,153241,6560247210,45060,42810,42810,-2250,-4.99,44750,-310,-0.69,42810,42810,1399-8-5
441,دتوليد,داروسازي توليد دارو,37,135548,4690367444,36424,34603,34603,-1821,-5.0,36243,-181,-0.5,34603,34603,1399-8-5
442,خمهر,مهركام‌پارس‌,36,163315,1133406100,7300,6940,6940,-360,-4.93,7290,-10,-0.14,6940,6940,1399-8-5
443,ضخوز1014,اختيارخ فخوز-12191-1399/10/16,35,349,1925548000,6239,6200,5500,-739,-11.84,5517,-722,-11.57,5000,6200,1399-8-5
444,دتوزيع,توزيع دارو پخش,34,24268,1018042600,44157,41950,41950,-2207,-5.0,44109,-48,-0.11,41950,41950,1399-8-5
445,دفارا,داروسازي‌ فارابي‌,34,13070,853471000,68730,65300,65300,-3430,-4.99,68670,-60,-0.09,65300,65300,1399-8-5
446,ثترانح,ح سرمايه گذاري مسكن تهران,34,246741,825842127,3523,3347,3347,-176,-5.0,3347,-176,-5.0,3347,3347,1399-8-5
447,ضملي8058,اختيارخ فملي -7750-1399/08/06,34,99,1220928000,12295,11401,12300,5,0.04,12333,38,0.31,11401,12799,1399-8-5
448,اعتلا,شركت سرمايه گذاري اعتلاء البرز,34,392881,3799159270,10178,9670,9670,-508,-4.99,10137,-41,-0.4,9670,9670,1399-8-5
449,شفارس,صنايع‌ شيميايي‌ فارس‌,33,32243,1288752710,42070,39970,39970,-2100,-4.99,42010,-60,-0.14,39970,39970,1399-8-5
450,ارمغان,ص سرمايه گذاري ارمغان ايرانيان,33,175888,1778954130,10110,10110,10120,10,0.1,10110,0,0.0,10110,10120,1399-8-5
451,زفكا,كشت و دامداري فكا,33,17480,733845360,44191,41982,41982,-2209,-5.0,44157,-34,-0.08,41982,41982,1399-8-5
452,فسرب,ملي‌ سرب‌وروي‌ ايران‌,33,18272,2298252160,132400,125780,125780,-6620,-5.0,132080,-320,-0.24,125780,125780,1399-8-5
453,وهنر,گروه توسعه هنر ايران,33,822252,3612975288,4529,4394,4394,-135,-2.98,4504,-25,-0.55,4394,4394,1399-8-5
454,فرآور,فرآوري‌موادمعدني‌ايران‌,32,154355,3437485850,23440,22270,22270,-1170,-4.99,23360,-80,-0.34,22270,22270,1399-8-5
455,ضصاد8020,اختيارخ وبصادر-4400-1399/08/11,32,1272,5191000,15,5,5,-10,-66.67,4,-11,-73.33,1,10,1399-8-5
456,ضصاد8013,اختيارخ وبصادر-3000-1399/08/11,31,687,286485000,600,500,450,-150,-25.0,417,-183,-30.5,300,500,1399-8-5
457,ورنا,سرمايه‌گذاري‌ رنا(هلدينگ‌,31,185762,1714583260,9710,9230,9230,-480,-4.94,9690,-20,-0.21,9230,9230,1399-8-5
458,شدوص,دوده‌ صنعتي‌ پارس‌,31,64002,1272999780,20930,19890,19890,-1040,-4.97,20900,-30,-0.14,19890,19890,1399-8-5
459,شبصير,توليدات پتروشيمي قائد بصير,31,24142,2632395396,114776,109038,109038,-5738,-5.0,114455,-321,-0.28,109038,109038,1399-8-5
460,ساينا,صنايع بهداشتي ساينا,30,5570,994022200,187852,178460,178460,-9392,-5.0,187652,-200,-0.11,178460,178460,1399-8-5
461,غنوش,نوش‌ مازندران‌,30,39548,2826891040,75240,71480,71480,-3760,-5.0,75020,-220,-0.29,71480,71480,1399-8-5
462,آسام,صندوق س.آرمان سپهر آشنا-م,30,22440,2215844560,100335,97001,100000,-335,-0.33,98745,-1590,-1.58,97001,100500,1399-8-5
463,ضصاد8008,اختيارخ وبصادر-2000-1399/08/11,30,1124,1463668000,1351,1300,1360,9,0.67,1302,-49,-3.63,1200,1360,1399-8-5
464,بزاگرس,نيروگاه زاگرس كوثر,30,72773,1057318917,15293,14529,14529,-764,-5.0,15276,-17,-0.11,14529,14529,1399-8-5
465,سفانو,سيمان فارس نو,30,73160,2205042400,31720,30140,30140,-1580,-4.98,31650,-70,-0.22,30140,30140,1399-8-5
466,اميد,تامين سرمايه اميد,29,41248,514775040,13130,12480,12480,-650,-4.95,13120,-10,-0.08,12480,12480,1399-8-5
467,وگستر,گسترش سرمايه گذاري ايرانيان,29,62667,1308549627,21980,20881,20881,-1099,-5.0,21950,-30,-0.14,20881,20881,1399-8-5
468,وارس,سرمايه گذاري ارس صبا,29,252597,20455305060,83484,80980,80980,-2504,-3.0,80980,-2504,-3.0,80980,80980,1399-8-5
469,گكوثر,هتل پارسيان كوثر اصفهان,29,4481,619023264,145414,138144,138144,-7270,-5.0,145319,-95,-0.07,138144,138144,1399-8-5
470,وكار,بانك‌ كارآفرين‌,28,141093,643384080,4790,4560,4560,-230,-4.8,4790,0,0.0,4560,4560,1399-8-5
471,پكوير,كوير تاير,28,77964,1078242120,14550,13830,13830,-720,-4.95,14530,-20,-0.14,13830,13830,1399-8-5
472,سپاها,سيمان‌سپاهان‌,28,51956,454095440,9190,8740,8740,-450,-4.9,9190,0,0.0,8740,8740,1399-8-5
473,قصفها,قنداصفهان‌,28,2938,470726360,168650,160220,160220,-8430,-5.0,168570,-80,-0.05,160220,160220,1399-8-5
474,ساذريح,ح . آذريت‌,27,198577,1334437440,6927,6720,6720,-207,-2.99,6720,-207,-2.99,6720,6720,1399-8-5
475,ضصاد8019,اختيارخ وبصادر-4200-1399/08/11,27,1364,11561000,20,10,6,-14,-70.0,8,-12,-60.0,6,11,1399-8-5
476,ضشنا1036,اختيارخ شپنا-16000-1399/10/23,27,192,461324000,2695,2600,2195,-500,-18.55,2403,-292,-10.83,2195,2600,1399-8-5
477,وملت,سرمايه گذاري ملت,27,219010,1146298340,5340,5234,5234,-106,-1.99,5328,-12,-0.22,5234,5234,1399-8-5
478,وثنو,سرمايه گذاري ساختماني نوين,27,45854,674466486,15163,14709,14709,-454,-2.99,15147,-16,-0.11,14709,14709,1399-8-5
479,سخند,صندوق س.سپهرخبرگان نفت-د,27,214140,2159819960,10078,10060,10119,41,0.41,10086,8,0.08,10060,10120,1399-8-5
480,اخزا902,اسنادخزانه-م2بودجه99-011019,26,53858,35524711599,655474,630200,659600,4126,0.63,659600,4126,0.63,630200,662600,1399-8-5
481,دلر,داروسازي‌ اكسير,26,19004,1919784080,106330,101020,101020,-5310,-4.99,106110,-220,-0.21,101020,101020,1399-8-5
482,خديزل,بهمن  ديزل,26,802501,36960788557,48481,46057,46057,-2424,-5.0,46594,-1887,-3.89,46057,46057,1399-8-5
483,وسگلستا,شركت س استان گلستان,25,179339,211620020,1240,1180,1180,-60,-4.84,1240,0,0.0,1180,1180,1399-8-5
484,ضملي1152,اختيارخ فملي-18252-1399/11/05,25,557,824220000,1399,1400,1400,1,0.07,1480,81,5.79,1400,1600,1399-8-5
485,ضفلا8082,اختيارخ فولاد-13775-1399/08/28,25,177,164724000,1069,510,1000,-69,-6.45,931,-138,-12.91,510,1250,1399-8-5
486,سدبير,س. تدبيرگران فارس وخوزستان,25,122757,3509377116,30092,28588,28588,-1504,-5.0,29977,-115,-0.38,28588,28588,1399-8-5
487,لابسا,آبسال‌,25,69290,2168084100,32930,31290,31290,-1640,-4.98,32860,-70,-0.21,31290,31290,1399-8-5
488,شتولي,تولي‌پرس‌,24,113654,2471747192,21322,21748,21748,426,2.0,21425,103,0.48,21748,21748,1399-8-5
489,كمنگنز,معادن‌منگنزايران‌,24,14144,1435191680,106810,101470,101470,-5340,-5.0,106650,-160,-0.15,101470,101470,1399-8-5
490,ضصاد8014,اختيارخ وبصادر-3200-1399/08/11,23,389,96642000,219,320,300,81,36.99,248,29,13.24,120,320,1399-8-5
491,شاوان,پالايش نفت لاوان,23,25507,2545215995,105036,99785,99785,-5251,-5.0,104753,-283,-0.27,99785,99785,1399-8-5
492,وبهمن,سرمايه‌گذاري‌بهمن‌,23,63419,823812810,13670,12990,12990,-680,-4.97,13660,-10,-0.07,12990,12990,1399-8-5
493,تايرا,تراكتورسازي‌ايران‌,23,105483,2311132530,23060,21910,21910,-1150,-4.99,23000,-60,-0.26,21910,21910,1399-8-5
494,اخزا804,اسنادخزانه-م4بودجه98-000421,23,23958,21232118065,885501,885874,886280,779,0.09,886222,721,0.08,885874,922400,1399-8-5
495,ضملي8069,اختيارخ فملي -16750-1399/08/06,23,141,610833000,6043,8000,3011,-3032,-50.17,4332,-1711,-28.31,3000,8000,1399-8-5
496,ساربيل,سيمان آرتا اردبيل,22,7400,460206000,65460,62190,62190,-3270,-5.0,65430,-30,-0.05,62190,62190,1399-8-5
497,عيار2,صندوق س. پشتوانه طلاي مفيد,22,220000,220000,33413,1,1,-33412,-100.0,1,-33412,-100.0,1,1,1399-8-5
498,وكادو,تكادو,22,17719,300709149,17495,16971,16971,-524,-3.0,17487,-8,-0.05,16971,16971,1399-8-5
499,وسيزد,شركت س استان يزد,22,239954,319138820,1270,1330,1330,60,4.72,1270,0,0.0,1330,1330,1399-8-5
500,زعف9908پ16,زعفران9908نگين بيرجند(پ),21,2775,226870473,78674,81900,80001,1327,1.69,81755,3081,3.92,80001,82388,1399-8-5
501,دبالك,مواد اوليه دارويي البرز بالك,21,95808,1415850624,15555,14778,14778,-777,-5.0,15532,-23,-0.15,14778,14778,1399-8-5
502,شمواد,توليد مواداوليه الياف مصنوعي,21,7798,480426982,64851,61609,61609,-3242,-5.0,64769,-82,-0.13,61609,61609,1399-8-5
503,خريخت,صنايع‌ريخته‌گري‌ايران‌,21,74502,360589680,5090,4840,4840,-250,-4.91,5090,0,0.0,4840,4840,1399-8-5
504,آريان,سرمايه گذاري پارس آريان,21,630000,8678250000,14201,13775,13775,-426,-3.0,14163,-38,-0.27,13775,13775,1399-8-5
505,وساربيل,شركت س استان اردبيل,21,222021,273085830,1290,1230,1230,-60,-4.65,1290,0,0.0,1230,1230,1399-8-5
506,ضصاد8016,اختيارخ وبصادر-3600-1399/08/11,20,732,42186000,449,52,80,-369,-82.18,58,-391,-87.08,50,98,1399-8-5
507,افران,صندوق س افرا نماد پايدار-ثابت,20,509846,6050842020,11870,11870,11870,0,0.0,11870,0,0.0,10790,11900,1399-8-5
508,ضمخا1025,اختيارخ اخابر-16000-1399/10/30,20,249,532225000,2413,2210,2180,-233,-9.66,2137,-276,-11.44,2000,3499,1399-8-5
509,ثاژن,سخت آژند,20,429920,3844344640,9124,8942,8942,-182,-1.99,9052,-72,-0.79,8942,8942,1399-8-5
510,وسزنجان,شركت س استان زنجان,20,119578,162626080,1430,1360,1360,-70,-4.9,1430,0,0.0,1360,1360,1399-8-5
511,ضصاد8021,اختيارخ وبصادر-4600-1399/08/11,19,608,3692000,25,6,8,-17,-68.0,6,-19,-76.0,2,8,1399-8-5
512,داراب,پتروشيمي داراب,19,839423,2544291113,3190,3031,3031,-159,-4.98,3169,-21,-0.66,3031,3031,1399-8-5
513,ضگل8059,اختيارخ كگل-15100-1399/08/21,19,141,141000000,3800,1000,1000,-2800,-73.68,1000,-2800,-73.68,1000,1000,1399-8-5
514,لپارس,پارس‌ الكتريك‌,19,1367,459024930,353460,335790,335790,-17670,-5.0,353290,-170,-0.05,335790,335790,1399-8-5
515,اخزا807,اسنادخزانه-م7بودجه98-000719,19,45314,38602654338,850377,850797,851131,754,0.09,851892,1515,0.18,850797,855000,1399-8-5
516,ثعمرا,عمران و توسعه شاهد,19,70047,1248657822,18764,17826,17826,-938,-5.0,18739,-25,-0.13,17826,17826,1399-8-5
517,غفارس,شير پاستوريزه پگاه فارس,19,53767,513528617,10053,9551,9551,-502,-4.99,10048,-5,-0.05,9551,9551,1399-8-5
518,ديران,ايران‌دارو,19,86943,1590187470,19250,18290,18290,-960,-4.99,19220,-30,-0.16,18290,18290,1399-8-5
519,وسيلام,شركت س استان ايلام,19,213239,251622020,1240,1180,1180,-60,-4.84,1240,0,0.0,1180,1180,1399-8-5
520,اخزا721,اسنادخزانه-م21بودجه97-000728,19,125518,106459047498,846325,846746,848748,2423,0.29,848158,1833,0.22,846746,848748,1399-8-5
521,فلوله,لوله‌وماشين‌سازي‌ايران‌,18,22375,488893750,23000,21850,21850,-1150,-5.0,22990,-10,-0.04,21850,21850,1399-8-5
522,ضترا1118,اختيارخ شتران-12000-1399/11/14,18,43,115001000,4045,3000,2700,-1345,-33.25,2674,-1371,-33.89,2600,3000,1399-8-5
523,ضملي8062,اختيارخ فملي -9750-1399/08/06,18,81,833461000,10224,10000,10201,-23,-0.22,10290,66,0.65,9750,11111,1399-8-5
524,تكشا,گسترش‌صنايع‌وخدمات‌كشاورزي‌,18,36177,2900671860,84400,80180,80180,-4220,-5.0,84140,-260,-0.31,80180,80180,1399-8-5
525,شراز,پالايش نفت شيراز,18,9771,970993125,104605,99375,99375,-5230,-5.0,104496,-109,-0.1,99375,99375,1399-8-5
526,قاسم,قاسم ايران,18,28829,371029230,13547,12870,12870,-677,-5.0,13542,-5,-0.04,12870,12870,1399-8-5
527,وثخوز,سرمايه گذاري و توسعه خوزستان,18,11793,389428446,34043,33022,33022,-1021,-3.0,34023,-20,-0.06,33022,33022,1399-8-5
528,شلعاب,لعابيران‌,18,25438,202995240,8390,7980,7980,-410,-4.89,8390,0,0.0,7980,7980,1399-8-5
529,كصدف,كاشي صدف سرام استقلال آباده,18,197741,3641202774,17878,18414,18414,536,3.0,17972,94,0.53,18414,18414,1399-8-5
530,بمپنا,توليد برق عسلويه  مپنا,17,2761,219303469,83609,79429,79429,-4180,-5.0,83590,-19,-0.02,79429,79429,1399-8-5
531,دشيمي,شيمي‌ داروئي‌ داروپخش‌,17,14286,876446100,64570,61350,61350,-3220,-4.99,64510,-60,-0.09,61350,61350,1399-8-5
532,دجابر,داروسازي‌ جابرابن‌حيان‌,17,11272,416274960,38870,36930,36930,-1940,-4.99,38850,-20,-0.05,36930,36930,1399-8-5
533,زعف9908پ17,زعفران9908پوشالمعمول بيرجند(پ),17,3648,279184724,77991,77001,81000,3009,3.86,76531,-1460,-1.87,76121,81000,1399-8-5
534,خشرق,الكتريك‌ خودرو شرق‌,17,21526,416743360,20370,19360,19360,-1010,-4.96,20360,-10,-0.05,19360,19360,1399-8-5
535,ولانا,شركت ليزينگ آريا دانا,17,206822,4753390026,23693,22983,22983,-710,-3.0,23517,-176,-0.74,22983,22983,1399-8-5
536,پست9908-02,پسته فندقي32-30طلاسبززرند9908,17,2365,3135367183,1395437,1326000,1325666,-69771,-5.0,1325737,-69700,-4.99,1325666,1326000,1399-8-5
537,غگلستا,شير پاستوريزه پگاه گلستان,16,46955,710429150,15926,15130,15130,-796,-5.0,15914,-12,-0.08,15130,15130,1399-8-5
538,پست9908-08,پسته فندقي32-30زرينمه ولات9908,16,143,189635248,1429784,1330000,1325666,-104118,-7.28,1326121,-103663,-7.25,1325666,1330000,1399-8-5
539,زعف9908پ15,زعفران9908پوشالمعمول طلاسرخ(پ),16,5101,412643079,80595,76121,83099,2504,3.11,80895,300,0.37,76121,83900,1399-8-5
540,ثپرديس,سرمايه گذاري مسكن پرديس,16,33558,372393126,11681,11097,11097,-584,-5.0,11676,-5,-0.04,11097,11097,1399-8-5
541,زعف9908پ14,زعفران9908پوشالمعمول نوين(پ),16,1334,107197434,80127,78900,82800,2673,3.34,80358,231,0.29,77777,82900,1399-8-5
542,ثاصفا,شركت‌ ساختمان‌ اصفهان‌,16,11404,307292184,27779,26946,26946,-833,-3.0,27766,-13,-0.05,26946,26946,1399-8-5
543,زگلدشت,كشت و دام گلدشت نمونه اصفهان,16,37535,1267444345,35544,33767,33767,-1777,-5.0,35496,-48,-0.14,33767,33767,1399-8-5
544,ولغدر,ليزينگ‌خودروغدير,16,32643,474629220,15300,14540,14540,-760,-4.97,15290,-10,-0.07,14540,14540,1399-8-5
545,ضفلا8080,اختيارخ فولاد-11775-1399/08/28,16,150,291966000,2004,1500,2000,-4,-0.2,1946,-58,-2.89,1500,2222,1399-8-5
546,دتماد,توليدمواداوليه‌داروپخش‌,15,3216,145009440,47460,45090,45090,-2370,-4.99,47450,-10,-0.02,45090,45090,1399-8-5
547,قشرين,قند شيرين خراسان,15,35932,590075304,16929,16422,16422,-507,-2.99,16913,-16,-0.09,16422,16422,1399-8-5
548,دكيمي,كيميدارو,15,13005,287540550,23270,22110,22110,-1160,-4.98,23260,-10,-0.04,22110,22110,1399-8-5
549,كمينا,شيشه سازي مينا,15,4486,131027088,30745,29208,29208,-1537,-5.0,30734,-11,-0.04,29208,29208,1399-8-5
550,ضفلا8081,اختيارخ فولاد-12775-1399/08/28,15,66,74482000,1148,1010,1100,-48,-4.18,1129,-19,-1.66,800,1900,1399-8-5
551,ثنظام,س. ساختماني نظام مهندسي ايران,14,22561,964911409,44091,42769,42769,-1322,-3.0,44025,-66,-0.15,42769,42769,1399-8-5
552,پست0008پ09,پسته بادامي30-28مه ولات0008(پ),14,336,534653000,1611058,1618000,1615000,3942,0.24,1591229,-19829,-1.23,1540000,1618000,1399-8-5
553,كايتاح,ح.ايتالران‌,14,38276,497646438,13374,13770,12973,-401,-3.0,13002,-372,-2.78,12973,13770,1399-8-5
554,ضصاد8022,اختيارخ وبصادر-4800-1399/08/11,14,434,1045000,16,1,1,-15,-93.75,2,-14,-87.5,1,3,1399-8-5
555,ثتران,سرمايه گذاري مسكن تهران,14,42952,239929872,5879,5586,5586,-293,-4.98,5878,-1,-0.02,5586,5586,1399-8-5
556,زعف9908پ09,زعفران9908نگين نوين(پ),14,13669,1126161572,84600,82388,82388,-2212,-2.61,82388,-2212,-2.61,82388,82388,1399-8-5
557,غبهنوش,بهنوش‌ ايران‌,14,5983,350484140,61660,58580,58580,-3080,-5.0,61640,-20,-0.03,58580,58580,1399-8-5
558,زكشت,كشاورزي مكانيزه اصفهان كشت,14,8156,234827552,30307,28792,28792,-1515,-5.0,30300,-7,-0.02,28792,28792,1399-8-5
559,خعمرا,توسعه و عمران شهرستان نائين,14,161564,2559981580,15091,15845,15845,754,5.0,15183,92,0.61,15845,15845,1399-8-5
560,داوه,داروسازي آوه سينا,14,13605,223598175,17300,16435,16435,-865,-5.0,17296,-4,-0.02,16435,16435,1399-8-5
561,آرمان,بيمه آرمان,14,218082,1426910526,6353,6543,6543,190,2.99,6366,13,0.2,6543,6543,1399-8-5
562,سفاسي,شركت فارسيت اهواز,13,27528,307928208,11531,11186,11186,-345,-2.99,11526,-5,-0.04,11186,11186,1399-8-5
563,تكمبا,كمباين‌ سازي‌ ايران‌,13,16219,156513350,10150,9650,9650,-500,-4.93,10150,0,0.0,9650,9650,1399-8-5
564,اخزا722,اسنادخزانه-م22بودجه97-000428,13,77214,68249626827,882501,882047,882661,160,0.02,883902,1401,0.16,882047,885002,1399-8-5
565,ثنام,س ساختماني ب نام آوران مهندسي,13,76442,1561710060,21505,20430,20430,-1075,-5.0,21417,-88,-0.41,20430,20430,1399-8-5
566,آ س پ,آ.س.پ,13,22635,273272355,12708,12073,12073,-635,-5.0,12704,-4,-0.03,12073,12073,1399-8-5
567,قهكمت,قندهكمتان‌,13,28837,1185200700,43260,41100,41100,-2160,-4.99,43210,-50,-0.12,41100,41100,1399-8-5
568,ددام,داروسازي زاگرس فارمد پارس,13,11693,153996810,13860,13170,13170,-690,-4.98,13860,0,0.0,13170,13170,1399-8-5
569,فنورد,نوردوقطعات‌ فولادي‌,13,19759,2914254910,140470,147490,147490,7020,5.0,140860,390,0.28,147490,147490,1399-8-5
570,تبرك,گروه كارخانجات صنعتي تبرك,13,8982,239397246,28055,26653,26653,-1402,-5.0,28048,-7,-0.02,26653,26653,1399-8-5
571,جهرم,پتروشيمي جهرم,13,268635,855871110,3353,3186,3186,-167,-4.98,3345,-8,-0.24,3186,3186,1399-8-5
572,تشتادح,ح.صنايع توليدي اشتاد ايران‌,12,49788,519884248,10953,11610,10296,-657,-6.0,10442,-511,-4.67,10296,11610,1399-8-5
573,زعف9908پ05,زعفران9908نگين زرين(پ),12,8149,671281468,83858,79800,82388,-1470,-1.75,82376,-1482,-1.77,79800,82388,1399-8-5
574,پسهند,صنايع‌ لاستيكي‌  سهند,12,3420,169187400,52070,49470,49470,-2600,-4.99,52060,-10,-0.02,49470,49470,1399-8-5
575,وشمال,س. چشم انداز توسعه شمال,12,15564,1697425404,112434,109061,109061,-3373,-3.0,112139,-295,-0.26,109061,109061,1399-8-5
576,ضپاس1002,اختيارخ وپارس-3000-1399/10/30,12,622,551023000,1119,850,950,-169,-15.1,886,-233,-20.82,710,980,1399-8-5
577,سدور,سيمان‌ دورود,12,24435,190104300,8180,7780,7780,-400,-4.89,8180,0,0.0,7780,7780,1399-8-5
578,غالبر,لبنيات‌ كالبر,12,46356,563225400,12780,12150,12150,-630,-4.93,12770,-10,-0.08,12150,12150,1399-8-5
579,زدشت,كشت و صنعت دشت خرم دره,12,6347,228796656,37945,36048,36048,-1897,-5.0,37936,-9,-0.02,36048,36048,1399-8-5
580,شپاس,نفت پاسارگاد,12,242841,5477278755,23742,22555,22555,-1187,-5.0,23604,-138,-0.58,22555,22555,1399-8-5
581,خاذين,سايپاآذين‌,12,55180,376879400,7180,6830,6830,-350,-4.87,7180,0,0.0,6830,6830,1399-8-5
582,شكربن,كربن‌ ايران‌,11,4150,310918000,78860,74920,74920,-3940,-5.0,78830,-30,-0.04,74920,74920,1399-8-5
583,وتعاون,بيمه  تعاون,11,56048,343574240,6319,6130,6130,-189,-2.99,6316,-3,-0.05,6130,6130,1399-8-5
584,ميهن,بيمه ميهن,11,111937,562483425,5289,5025,5025,-264,-4.99,5286,-3,-0.06,5025,5025,1399-8-5
585,كاسپين,داروسازي كاسپين تامين,11,1992,48985272,25885,24591,24591,-1294,-5.0,25884,-1,0.0,24591,24591,1399-8-5
586,واتي,سرمايه‌ گذاري‌ آتيه‌ دماوند,11,9375,127593750,14320,13610,13610,-710,-4.96,14320,0,0.0,13610,13610,1399-8-5
587,شرق1400,مشاركت ليزينگ ايران وشرق140010,11,1122,1161693000,1030000,1133000,1050000,20000,1.94,1035377,5377,0.52,1020000,1133000,1399-8-5
588,زمگسا,كشاورزي‌ ودامپروي‌ مگسال‌,11,9417,244653660,27340,25980,25980,-1360,-4.97,27330,-10,-0.04,25980,25980,1399-8-5
589,ضفلا8076,اختيارخ فولاد-8775-1399/08/28,11,77,367700000,4328,4500,4700,372,8.6,4775,447,10.33,4500,5000,1399-8-5
590,زنجان,صنايع كشاورزي وكود زنجان,11,21787,131397397,6217,6031,6031,-186,-2.99,6216,-1,-0.02,6031,6031,1399-8-5
591,نطرين,عطرين نخ قم,11,27297,416988972,16080,15276,15276,-804,-5.0,16073,-7,-0.04,15276,15276,1399-8-5
592,كپشير,پشم‌شيشه‌ايران‌,11,133167,2273160690,17960,17070,17070,-890,-4.96,17920,-40,-0.22,17070,17070,1399-8-5
593,فنفت,صنايع تجهيزات نفت,11,19705,276264100,14757,14020,14020,-737,-4.99,14746,-11,-0.07,14020,14020,1399-8-5
594,ضملت8037,اختيارخ وبملت-8204-1399/08/28,11,606,53878551,43,20,30,-13,-30.23,21,-22,-51.16,20,30,1399-8-5
595,اخزا704,اسنادخزانه-م4بودجه97-991022,11,5666,5498675000,966902,970000,974000,7098,0.73,970469,3567,0.37,970000,974000,1399-8-5
596,داريك,صندوق س.اعتماد داريك-د,11,28167,281694130,10065,10000,10020,-45,-0.45,10001,-64,-0.64,10000,10020,1399-8-5
597,زقيام,كشت و دام قيام اصفهان,11,5708,152825992,28183,26774,26774,-1409,-5.0,28178,-5,-0.02,26774,26774,1399-8-5
598,كگاز,شيشه‌ و گاز,10,11548,276112680,25160,23910,23910,-1250,-4.97,25150,-10,-0.04,23910,23910,1399-8-5
599,دكپسول,توليد ژلاتين كپسول ايران,10,12131,418107046,36280,34466,34466,-1814,-5.0,36264,-16,-0.04,34466,34466,1399-8-5
600,زعف9908پ06,زعفران 9908پوشالمعمول زرين(پ),10,3091,257432519,80398,76121,84133,3735,4.65,83285,2887,3.59,76121,84133,1399-8-5
601,فيروزه2,صندوق شاخص30 شركت فيروزه- سهام,10,100000,100000,163240,1,1,-163239,-100.0,1,-163239,-100.0,1,1,1399-8-5
602,اخزا820,اسنادخزانه-م20بودجه98-020806,10,17447,9948781809,576516,571000,576514,-2,0.0,570229,-6287,-1.09,570000,576514,1399-8-5
603,سيلام,سيمان‌ ايلام‌,10,7525,76830250,10740,10210,10210,-530,-4.93,10740,0,0.0,10210,10210,1399-8-5
604,وليز,ليزينگ‌ايران‌,10,97216,867166720,9380,8920,8920,-460,-4.9,9370,-10,-0.11,8920,8920,1399-8-5
605,ساراب,سيمان‌ داراب‌,10,12143,141465950,12260,11650,11650,-610,-4.98,12260,0,0.0,11650,11650,1399-8-5
606,ضصاد8018,اختيارخ وبصادر-4000-1399/08/11,10,345,6376000,38,31,18,-20,-52.63,18,-20,-52.63,10,31,1399-8-5
607,ثشرق,سرمايه گذاري مسكن شمال شرق,10,56969,320165780,5910,5620,5620,-290,-4.91,5910,0,0.0,5620,5620,1399-8-5
608,خوساز,محورسازان‌ايران‌خودرو,10,35780,312717200,9200,8740,8740,-460,-5.0,9200,0,0.0,8740,8740,1399-8-5
609,سباقر,سيمان باقران,10,8025,128327775,16485,15991,15991,-494,-3.0,16482,-3,-0.02,15991,15991,1399-8-5
610,قشكر,شكرشاهرود,10,8514,301480740,37270,35410,35410,-1860,-4.99,37260,-10,-0.03,35410,35410,1399-8-5
611,غپاك,لبنيات‌ پاك‌,9,12064,155866880,13590,12920,12920,-670,-4.93,13590,0,0.0,12920,12920,1399-8-5
612,ضمخا7070,اختيارخ اخابر-20000-1400/07/28,9,33,195002000,6900,6000,5000,-1900,-27.54,5909,-991,-14.36,5000,6000,1399-8-5
613,كپرور,فرآوري زغال سنگ پروده طبس,9,47179,2155466973,48091,45687,45687,-2404,-5.0,47982,-109,-0.23,45687,45687,1399-8-5
614,ولشرق,ليزينگ ايران و شرق,9,89983,614493907,7188,6829,6829,-359,-4.99,7183,-5,-0.07,6829,6829,1399-8-5
615,سصفها,سيمان‌اصفهان‌,9,1951,233339600,125890,119600,119600,-6290,-5.0,125860,-30,-0.02,119600,119600,1399-8-5
616,وايران,ليزينگ ايرانيان,9,13590,125979300,9750,9270,9270,-480,-4.92,9750,0,0.0,9270,9270,1399-8-5
617,پست0008پ08,پسته فندقي32-30مه ولات0008(پ),9,52,86960272,1613526,1540010,1690000,76474,4.74,1672313,58787,3.64,1540010,1694202,1399-8-5
618,ضغدر8036,اختيارخ وغدير-9500-1399/08/26,9,45,71295000,3500,1500,1350,-2150,-61.43,1584,-1916,-54.74,1350,2180,1399-8-5
619,شفارا,پتروشيمي فارابي,9,16781,87093390,5350,5190,5190,-160,-2.99,5349,-1,-0.02,5190,5190,1399-8-5
620,خاور,ايران خودرو ديزل,9,157022,1016560428,6674,6474,6474,-200,-3.0,6663,-11,-0.16,6474,6474,1399-8-5
621,ضپار8019,اختيارخ خپارس-3800-1399/08/18,9,25,70000000,2975,2300,3000,25,0.84,2800,-175,-5.88,2300,3000,1399-8-5
622,ولبهمن,شركت بهمن ليزينگ,9,7204,65714888,9602,9122,9122,-480,-5.0,9601,-1,-0.01,9122,9122,1399-8-5
623,اتكام,شركت بيمه اتكايي امين,9,54512,432934304,8360,7942,7942,-418,-5.0,8356,-4,-0.05,7942,7942,1399-8-5
624,زبينا,كشاورزي و دامپروري بينالود,9,8293,347012292,44046,41844,41844,-2202,-5.0,44030,-16,-0.04,41844,41844,1399-8-5
625,كقزوي,شيشه‌ قزوين‌,9,10913,97125700,9368,8900,8900,-468,-5.0,9366,-2,-0.02,8900,8900,1399-8-5
626,ضملي1149,اختيارخ فملي-12168-1399/11/05,9,39,118070000,4000,3500,3051,-949,-23.73,3027,-973,-24.33,3000,3500,1399-8-5
627,پارتا,مجتمع‌صنعتي‌آرتاويل‌تاير,9,10761,659606256,63191,61296,61296,-1895,-3.0,63149,-42,-0.07,61296,61296,1399-8-5
628,قنيشا,قند  نيشابور,8,3179,286809380,94960,90220,90220,-4740,-4.99,94930,-30,-0.03,90220,90220,1399-8-5
629,ساذري,آذريت‌,8,2167,12921821,5790,5963,5963,173,2.99,5790,0,0.0,5963,5963,1399-8-5
630,سكرد,سيمان كردستان,8,5409,53440920,10400,9880,9880,-520,-5.0,10400,0,0.0,9880,9880,1399-8-5
631,لكما,كارخانجات‌مخابراتي‌ايران‌,8,18831,202565067,11089,10757,10757,-332,-2.99,11086,-3,-0.03,10757,10757,1399-8-5
632,خكمك,كمك‌فنرايندامين‌,8,1786,94568700,55730,52950,52950,-2780,-4.99,55720,-10,-0.02,52950,52950,1399-8-5
633,وسمركز,شركت س استان مركزي,8,28036,37287880,1400,1330,1330,-70,-5.0,1400,0,0.0,1330,1330,1399-8-5
634,فسا,پتروشيمي فسا,8,23810,68668040,3035,2884,2884,-151,-4.98,3034,-1,-0.03,2884,2884,1399-8-5
635,ضسپا8018,اختيارخ خساپا-2400-1399/08/26,8,113,22185000,160,199,200,40,25.0,196,36,22.5,175,200,1399-8-5
636,ضصاد8010,اختيارخ وبصادر-2400-1399/08/11,8,215,195256000,901,802,910,9,1.0,908,7,0.78,802,920,1399-8-5
637,ضصاد8023,اختيارخ وبصادر-5000-1399/08/11,8,192,558000,28,4,2,-26,-92.86,3,-25,-89.29,2,4,1399-8-5
638,ولتجار,واسپاري تجارت وسرمايه ايرانيان,8,81686,486930246,6145,5961,5961,-184,-2.99,6140,-5,-0.08,5961,5961,1399-8-5
639,ضملي1150,اختيارخ فملي-14196-1399/11/05,7,129,265500000,1945,2500,2000,55,2.83,2058,113,5.81,2000,2500,1399-8-5
640,سمايه,بانك سرمايه,7,9354,87076386,9596,9309,9309,-287,-2.99,9595,-1,-0.01,9309,9309,1399-8-5
641,اخزا723,اسنادخزانه-م23بودجه97-000824,7,13537,11270344767,831638,831800,833895,2257,0.27,832558,920,0.11,831800,833895,1399-8-5
642,نيرو,نيرو سرمايه,7,2865,136213560,49014,47544,47544,-1470,-3.0,49004,-10,-0.02,47544,47544,1399-8-5
643,ضخوز1013,اختيارخ فخوز-10667-1399/10/16,7,25,224945000,10000,9000,9000,-1000,-10.0,8998,-1002,-10.02,8995,9000,1399-8-5
644,فجام,جام‌دارو,7,2520,125874000,52570,49950,49950,-2620,-4.98,52560,-10,-0.02,49950,49950,1399-8-5
645,ضگل8057,اختيارخ كگل-13100-1399/08/21,7,44,88000000,4193,2000,2000,-2193,-52.3,2000,-2193,-52.3,2000,2000,1399-8-5
646,ضفلا8084,اختيارخ فولاد-15775-1399/08/28,7,26,15910000,1580,500,202,-1378,-87.22,612,-968,-61.27,202,900,1399-8-5
647,هجرت,پخش هجرت,7,3787,216722436,60240,57228,57228,-3012,-5.0,60226,-14,-0.02,57228,57228,1399-8-5
648,رتكو,كنترل‌خوردگي‌تكين‌كو,7,14252,219908360,16240,15430,15430,-810,-4.99,16240,0,0.0,15430,15430,1399-8-5
649,كشم0001پ01,كشمش سبز0001خليل آباد(پ),7,102,39850686,372089,390693,390693,18604,5.0,390693,18604,5.0,390693,390693,1399-8-5
650,سجام,مجتمع سيمان غرب آسيا,7,7572,77681148,10798,10259,10259,-539,-4.99,10796,-2,-0.02,10259,10259,1399-8-5
651,وحكمت,بيمه حكمت صبا,7,48434,276800310,5891,5715,5715,-176,-2.99,5888,-3,-0.05,5715,5715,1399-8-5
652,ولملت,واسپاري ملت,7,142251,1577563590,11670,11090,11090,-580,-4.97,11650,-20,-0.17,11090,11090,1399-8-5
653,فبيرا,بسته‌ بندي‌ ايران‌,7,14673,72205833,5073,4921,4921,-152,-3.0,5072,-1,-0.02,4921,4921,1399-8-5
654,فنوال,نورد آلومينيوم‌,7,3053,103099810,35540,33770,33770,-1770,-4.98,35540,0,0.0,33770,33770,1399-8-5
655,قلرست,قند لرستان‌,7,2297,50671820,23220,22060,22060,-1160,-5.0,23220,0,0.0,22060,22060,1399-8-5
656,كرونا2,تامين مالي جمعي صرفا اهداي سود,6,634,6340000,10000,10000,10000,0,0.0,10000,0,0.0,10000,10000,1399-8-5
657,خموتور,موتورسازان‌تراكتورسازي‌ايران‌,6,67434,782908740,12220,11610,11610,-610,-4.99,12210,-10,-0.08,11610,11610,1399-8-5
658,وسكرشا,س.سهام عدالت استان كرمانشاه,6,61105,75770200,1300,1240,1240,-60,-4.62,1300,0,0.0,1240,1240,1399-8-5
659,خكاوه,سايپا ديزل,6,21680,124313120,5911,5734,5734,-177,-2.99,5910,-1,-0.02,5734,5734,1399-8-5
660,حبندر,دريايي و کشتيراني خط دريابندر,6,4368,98087808,23637,22456,22456,-1181,-5.0,23631,-6,-0.03,22456,22456,1399-8-5
661,دشيري,شيرين دارو,6,1268,229240452,186380,180789,180789,-5591,-3.0,186314,-66,-0.04,180789,180789,1399-8-5
662,بالبر,كابل‌ البرز,6,1771,40201700,23890,22700,22700,-1190,-4.98,23890,0,0.0,22700,22700,1399-8-5
663,ضغدر8041,اختيارخ وغدير-14000-1399/08/26,6,56,19120000,555,411,260,-295,-53.15,341,-214,-38.56,260,411,1399-8-5
664,ساروج,بين المللي ساروج بوشهر,6,2857,58384000,20071,20500,19885,-186,-0.93,20072,1,0.0,19885,20500,1399-8-5
665,ضملي8057,اختيارخ فملي -7250-1399/08/06,6,9,113260000,12750,11750,13010,260,2.04,12584,-166,-1.3,11750,13010,1399-8-5
666,قزوين,كارخانجات‌ قند قزوين‌,6,2765,82148150,31270,29710,29710,-1560,-4.99,31270,0,0.0,29710,29710,1399-8-5
667,زماهان,مجتمع توليد گوشت مرغ ماهان,6,3177,71714421,23761,22573,22573,-1188,-5.0,23759,-2,-0.01,22573,22573,1399-8-5
668,ضصاد8009,اختيارخ وبصادر-2200-1399/08/11,6,33,37725000,1115,1400,1101,-14,-1.26,1143,28,2.51,1003,1400,1399-8-5
669,خمحور,توليدمحورخودرو,6,4768,267484800,59050,56100,56100,-2950,-5.0,59030,-20,-0.03,56100,56100,1399-8-5
670,دلقما,دارويي‌ لقمان‌,6,2610,87147900,35140,33390,33390,-1750,-4.98,35140,0,0.0,33390,33390,1399-8-5
671,وسنا,سرمايه گذاري نيروگاهي ايران,6,11458,182376986,16409,15917,15917,-492,-3.0,16405,-4,-0.02,15917,15917,1399-8-5
672,چكاوه,صنايع‌كاغذسازي‌كاوه‌,6,1180,42055200,37510,35640,35640,-1870,-4.99,37510,0,0.0,35640,35640,1399-8-5
673,زشريف,كشت وصنعت شريف آباد,6,1800,42840000,25052,23800,23800,-1252,-5.0,25051,-1,0.0,23800,23800,1399-8-5
674,ركيش,كارت اعتباري ايران كيش,6,7874,104802940,14010,13310,13310,-700,-5.0,14010,0,0.0,13310,13310,1399-8-5
675,ضبدر8070,اختيارخ شبندر-59580-1399/08/18,5,103,1638000,22,25,10,-12,-54.55,16,-6,-27.27,6,25,1399-8-5
676,لبوتان,گروه‌صنعتي‌بوتان‌,5,1755,118041300,70790,67260,67260,-3530,-4.99,70780,-10,-0.01,67260,67260,1399-8-5
677,غپونه,نوش پونه مشهد,5,8069,125174397,16329,15513,15513,-816,-5.0,16324,-5,-0.03,15513,15513,1399-8-5
678,كابگن,توليدي و صنعتي آبگينه‌,5,30954,145762386,4663,4709,4709,46,0.99,4664,1,0.02,4709,4709,1399-8-5
679,وسخراج,شركت س استان خراسان جنوبي,5,39521,84574940,2250,2140,2140,-110,-4.89,2250,0,0.0,2140,2140,1399-8-5
680,صايپا908,صكوك مرابحه سايپا908-3ماهه 18%,5,37,36820114,998489,999900,990992,-7497,-0.75,995138,-3351,-0.34,990000,999900,1399-8-5
681,اخزا819,اسنادخزانه-م19بودجه98-020322,5,745,439636650,584254,590200,590110,5856,1.0,590116,5862,1.0,590110,590200,1399-8-5
682,حپارسا,توسعه حمل و نقل ريلي پارسيان,5,2045,60519730,31151,29594,29594,-1557,-5.0,31149,-2,-0.01,29594,29594,1399-8-5
683,ضفلا8083,اختيارخ فولاد-14775-1399/08/28,5,36,23100000,1014,410,900,-114,-11.24,642,-372,-36.69,400,1000,1399-8-5
684,سرود,سيمان‌شاهرود,5,8643,121520580,14790,14060,14060,-730,-4.94,14790,0,0.0,14060,14060,1399-8-5
685,اشاد9,مشاركت دولتي9-شرايط خاص990909,5,34400,34326265000,995001,997900,997899,2898,0.29,997857,2856,0.29,997700,997900,1399-8-5
686,ضمخا1024,اختيارخ اخابر-14000-1399/10/30,5,90,233650000,4000,3000,2500,-1500,-37.5,2596,-1404,-35.1,2500,3000,1399-8-5
687,ضترا8023,اختيارخ شتران-4886-1399/08/11,5,16,149821760,5762,5368,5501,-261,-4.53,5492,-270,-4.69,5368,5501,1399-8-5
688,ضسپا8016,اختيارخ خساپا-2000-1399/08/26,5,48,23952000,438,499,499,61,13.93,499,61,13.93,499,499,1399-8-5
689,ضفلا8088,اختيارخ فولاد-19775-1399/08/28,5,30,4134000,14,16,289,275,1964.29,138,124,885.71,16,289,1399-8-5
690,دقاضي,داروسازي شهيد قاضي,5,949,85557095,92943,90155,90155,-2788,-3.0,92931,-12,-0.01,90155,90155,1399-8-5
691,افران2,صندوق س افرا نماد پايدار-ثابت,5,500000,500000,11870,1,1,-11869,-99.99,1,-11869,-99.99,1,1,1399-8-5
692,وسين,بيمه سينا,5,4366,87416052,20641,20022,20022,-619,-3.0,20638,-3,-0.01,20022,20022,1399-8-5
693,غشاذر,پگاه‌آذربايجان‌غربي‌,5,39000,762060000,20560,19540,19540,-1020,-4.96,20540,-20,-0.1,19540,19540,1399-8-5
694,ضپنا1021,اختيارخ رمپنا-16106-1399/10/09,4,35,181422500,3901,3500,3500,-401,-10.28,3500,-401,-10.28,3500,3500,1399-8-5
695,ضصاد1100,اختيارخ وبصادر-2500-1399/11/12,4,68,106795000,2999,1600,1699,-1300,-43.35,1571,-1428,-47.62,1550,1699,1399-8-5
696,حاريا,كشتيراني آريا,4,1014,31370118,31893,30937,30937,-956,-3.0,31891,-2,-0.01,30937,30937,1399-8-5
697,خكار,ايركا پارت صنعت,4,2156,70371840,34350,32640,32640,-1710,-4.98,34350,0,0.0,32640,32640,1399-8-5
698,ضغدر8040,اختيارخ وغدير-13000-1399/08/26,4,51,47150000,1000,500,1100,100,10.0,925,-75,-7.5,500,1100,1399-8-5
699,كتوكا,توليدي و خدمات صنايع نسوز توكا,4,707,85291066,126987,120638,120638,-6349,-5.0,126976,-11,-0.01,120638,120638,1399-8-5
700,افرا,افرانت,4,1600,94555200,62207,59097,59097,-3110,-5.0,62201,-6,-0.01,59097,59097,1399-8-5
701,ضترا8018,اختيارخ شتران-3421-1399/08/11,4,5,60527500,8000,7500,7000,-1000,-12.5,7100,-900,-11.25,7000,7500,1399-8-5
702,اخزا713,اسنادخزانه-م13بودجه97-000518,4,35552,30917193254,873108,869054,870001,-3107,-0.36,869633,-3475,-0.4,869054,870001,1399-8-5
703,ضملي1154,اختيارخ فملي-24336-1399/11/05,4,31,12500000,850,500,400,-450,-52.94,403,-447,-52.59,400,500,1399-8-5
704,ضملي8072,اختيارخ فملي -19750-1399/08/06,4,56,83884000,3600,1500,1500,-2100,-58.33,1498,-2102,-58.39,1488,1500,1399-8-5
705,ضچاد1017,اختيارخ كچاد-20000-1399/10/02,4,25,30000000,1740,1200,1200,-540,-31.03,1200,-540,-31.03,1200,1200,1399-8-5
706,ضترا8027,اختيارخ شتران-6353-1399/08/11,4,34,231039435,4295,4000,4200,-95,-2.21,3985,-310,-7.22,3901,4200,1399-8-5
707,فالوم,آلومتك‌,4,4031,136235707,34842,33797,33797,-1045,-3.0,34835,-7,-0.02,33797,33797,1399-8-5
708,وآتوس,س.آرين توسكا قيمت اسمي 350ريال,4,2250,77375250,36198,34389,34389,-1809,-5.0,36191,-7,-0.02,34389,34389,1399-8-5
709,پست9908-04,پسته فندقي32-30سبزدانه9908,4,522,692338330,1360844,0,1325666,-35178,-2.59,1326319,-34525,-2.54,1325666,1340000,1399-8-5
710,آينده,بازرگاني آينده سازان بهشت پارس,4,1469,32409078,22744,22062,22062,-682,-3.0,22743,-1,0.0,22062,22062,1399-8-5
711,فسديد,لوله‌وتجهيزات‌ سديد - ورشكسته,4,2150,246149200,116824,114488,114488,-2336,-2.0,116707,-117,-0.1,114488,114488,1399-8-5
712,حپترو,حمل و نقل پتروشيمي( سهامي عام,4,737,22073150,31520,29950,29950,-1570,-4.98,31520,0,0.0,29950,29950,1399-8-5
713,خلنت,لنت‌ ترمزايران‌,4,5560,487000400,92200,87590,87590,-4610,-5.0,92150,-50,-0.05,87590,87590,1399-8-5
714,بپيوند2,برق و انرژي پيوندگستر پارس,4,31659761,631105675774,20983,19934,19934,-1049,-5.0,19934,-1049,-5.0,19934,19934,1399-8-5
715,سنير,سيمان‌ سفيد ني‌ريز,4,1064,83683600,82780,78650,78650,-4130,-4.99,82770,-10,-0.01,78650,78650,1399-8-5
716,ضپاس1004,اختيارخ وپارس-4000-1399/10/30,4,37,18550000,578,490,490,-88,-15.22,501,-77,-13.32,490,700,1399-8-5
717,ضفلا8079,اختيارخ فولاد-10775-1399/08/28,4,37,108200000,2383,2900,2100,-283,-11.88,2924,541,22.7,2100,3000,1399-8-5
718,بالاس,مهندسي ساختمان تاسيسات راه آهن,4,1514,70684118,49144,46687,46687,-2457,-5.0,49140,-4,-0.01,46687,46687,1399-8-5
719,خچرخش,چرخشگر,4,1532,28020280,19250,18290,18290,-960,-4.99,19250,0,0.0,18290,18290,1399-8-5
720,اعتماد2,صندوق س.اعتماد آفرين پارسيان-د,4,33500000,33500000,32998,1,1,-32997,-100.0,1,-32997,-100.0,1,1,1399-8-5
721,ضترا1117,اختيارخ شتران-10000-1399/11/14,4,11,55000000,6000,5000,5000,-1000,-16.67,5000,-1000,-16.67,5000,5000,1399-8-5
722,زير0003پ01,زيره سبز0003كيميابذر(پ),4,42,20204000,496622,472000,472000,-24622,-4.96,481048,-15574,-3.14,472000,510000,1399-8-5
723,چافست,افست‌,4,2856,71885520,26490,25170,25170,-1320,-4.98,26490,0,0.0,25170,25170,1399-8-5
724,نتوس,پشم‌ بافي‌ توس,4,15809,167227602,11134,10578,10578,-556,-4.99,11129,-5,-0.04,10578,10578,1399-8-5
725,صگل411,ص اجاره گل گهر 411- 3 ماهه 17%,4,177,171449240,980392,960790,975000,-5392,-0.55,968640,-11752,-1.2,960790,975000,1399-8-5
726,دروز,داروسازي‌ روزدارو,4,2244,40526640,19010,18060,18060,-950,-5.0,19010,0,0.0,18060,18060,1399-8-5
727,دانا2,بيمه دانا,4,400000,2552000000,6380,6380,6380,0,0.0,6380,0,0.0,6380,6380,1399-8-5
728,سفار,سيمان‌فارس‌,4,740,64735200,92080,87480,87480,-4600,-5.0,92070,-10,-0.01,87480,87480,1399-8-5
729,ضسپا8022,اختيارخ خساپا-3200-1399/08/26,4,22,11599000,143,550,300,157,109.79,527,384,268.53,299,550,1399-8-5
730,قمرو,قند مرودشت‌,4,654,21889380,35230,33470,33470,-1760,-5.0,35230,0,0.0,33470,33470,1399-8-5
731,غاذر,كشت‌وصنعت‌پياذر,4,452,33823160,78760,74830,74830,-3930,-4.99,78760,0,0.0,74830,74830,1399-8-5
732,ضملت8033,اختيارخ وبملت-6272-1399/08/28,4,163,33289499,150,51,48,-102,-68.0,49,-101,-67.33,48,51,1399-8-5
733,ضملي8070,اختيارخ فملي -17750-1399/08/06,4,18,61500000,4000,2000,2500,-1500,-37.5,3417,-583,-14.58,2000,4000,1399-8-5
734,اخزا805,اسنادخزانه-م5بودجه98-000422,3,3803,3366394203,884468,884936,885301,833,0.09,885194,726,0.08,884936,885301,1399-8-5
735,ضترا8040,اختيارخ شتران-16326-1399/08/11,3,20,617210,131,12,25,-106,-80.92,18,-113,-86.26,12,26,1399-8-5
736,ضصاد8011,اختيارخ وبصادر-2600-1399/08/11,3,106,73660000,786,610,700,-86,-10.94,695,-91,-11.58,610,700,1399-8-5
737,پكويرح,ح. كوير تاير,3,44025,484275000,11000,11000,11000,0,0.0,11000,0,0.0,11000,11000,1399-8-5
738,شرنگي,شيميايي رنگين,3,263,30200027,118380,114829,114829,-3551,-3.0,118374,-6,-0.01,114829,114829,1399-8-5
739,وسالت,بانك قرض الحسنه رسالت,3,1900,8137700,4159,4283,4283,124,2.98,4159,0,0.0,4283,4283,1399-8-5
740,بايكا,كارخانجات كابلسازي ‌ايران‌,3,2450,99646400,41929,40672,40672,-1257,-3.0,41923,-6,-0.01,40672,40672,1399-8-5
741,ضفلا8078,اختيارخ فولاد-9775-1399/08/28,3,12,40600000,3000,3400,3350,350,11.67,3383,383,12.77,3350,3400,1399-8-5
742,ضغدر8043,اختيارخ وغدير-16000-1399/08/26,3,62,8820000,600,150,110,-490,-81.67,142,-458,-76.33,110,150,1399-8-5
743,ضترا8024,اختيارخ شتران-5181-1399/08/11,3,52,525482705,3373,3200,5001,1628,48.27,5927,2554,75.72,3200,6000,1399-8-5
744,ضفلا8086,اختيارخ فولاد-17775-1399/08/28,3,13,3200000,397,200,300,-97,-24.43,246,-151,-38.04,200,300,1399-8-5
745,كسعدي,كاشي‌ سعدي‌,3,315,18074700,60390,57380,57380,-3010,-4.98,60390,0,0.0,57380,57380,1399-8-5
746,ضمخا1027,اختيارخ اخابر-20000-1399/10/30,3,125,125000000,3006,1000,1000,-2006,-66.73,1000,-2006,-66.73,1000,1000,1399-8-5
747,ضپاس1001,اختيارخ وپارس-2500-1399/10/30,3,10,12000000,1529,1200,1200,-329,-21.52,1200,-329,-21.52,1200,1200,1399-8-5
748,ضپيك1022,اختيارخ تاپيكو-18000-99/10/16,3,6,14985000,2785,2510,2495,-290,-10.41,2497,-288,-10.34,2495,2510,1399-8-5
749,ضغدر8044,اختيارخ وغدير-17000-1399/08/26,3,76,7972000,393,101,249,-144,-36.64,105,-288,-73.28,101,249,1399-8-5
750,لپيام,گسترش صنايع پيام,3,699,21569043,31811,30857,30857,-954,-3.0,31810,-1,0.0,30857,30857,1399-8-5
751,غگلپا,شير پاستوريزه پگاه گلپايگان,3,212,15073624,74844,71102,71102,-3742,-5.0,74843,-1,0.0,71102,71102,1399-8-5
752,ضصاد1107,اختيارخ وبصادر-7000-1399/11/12,3,300,33700000,104,97,120,16,15.38,112,8,7.69,97,120,1399-8-5
753,كخاك,صنايع‌خاك‌چيني‌ايران‌,3,851,40465050,50050,47550,47550,-2500,-5.0,50050,0,0.0,47550,47550,1399-8-5
754,ضغدر8045,اختيارخ وغدير-18000-1399/08/26,3,45,2350000,52,50,100,48,92.31,52,0,0.0,50,100,1399-8-5
755,ضملي8087,اختيارخ فملي-59750-1399/08/06,3,240,240000,8,1,1,-7,-87.5,1,-7,-87.5,1,1,1399-8-5
756,وپسا,س. پتروشيمي ساختمان  خليج فارس,3,3506,17551036,5160,5006,5006,-154,-2.98,5160,0,0.0,5006,5006,1399-8-5
757,ولراز,ليزينگ رازي,3,12000,261336000,22451,21778,21778,-673,-3.0,22442,-9,-0.04,21778,21778,1399-8-5
758,ضسپا8020,اختيارخ خساپا-2800-1399/08/26,3,5,570000,82,60,150,68,82.93,114,32,39.02,60,150,1399-8-5
759,ضپنا1022,اختيارخ رمپنا-18806-1399/10/09,3,5,18512500,3289,2500,2500,-789,-23.99,2500,-789,-23.99,2500,2500,1399-8-5
760,زير0003پ04,زيره سبز0003شركت مينوبذر(پ),3,31,14625521,487737,471791,471791,-15946,-3.27,471791,-15946,-3.27,471791,471791,1399-8-5
761,ضصاد8000,اختيارخ وبصادر-1200-1399/08/11,3,30,66000000,2000,2200,2200,200,10.0,2200,200,10.0,2200,2200,1399-8-5
762,ضملي8082,اختيارخ فملي-39750-1399/08/06,3,80,80000,1,1,1,0,0.0,1,0,0.0,1,1,1399-8-5
763,ثغرب,شركت سرمايه گذاري مسكن شمالغرب,3,1289,16670637,13613,12933,12933,-680,-5.0,13613,0,0.0,12933,12933,1399-8-5
764,سخزر,سيمان‌ خزر,3,815,20798800,26860,25520,25520,-1340,-4.99,26860,0,0.0,25520,25520,1399-8-5
765,اطلس2,صندوق س.توسعه اندوخته آينده-س,3,30000,30000,181813,1,1,-181812,-100.0,1,-181812,-100.0,1,1,1399-8-5
766,اخزا718,اسنادخزانه-م18بودجه97-000525,3,11540,10051933540,871000,871052,871051,51,0.01,871051,51,0.01,871051,871052,1399-8-5
767,گكيش,توريستي ورفاهي آبادگران كيش,3,215,15148685,72638,70459,70459,-2179,-3.0,72636,-2,0.0,70459,70459,1399-8-5
768,ضسپا8015,اختيارخ خساپا-1900-1399/08/26,3,40,21000000,650,500,600,-50,-7.69,525,-125,-19.23,500,600,1399-8-5
769,سغرب,سيمان‌غرب‌,3,870,16042800,19410,18440,18440,-970,-5.0,19410,0,0.0,18440,18440,1399-8-5
770,معيار,سرمايه گذاري معيار صنعت پارس,3,1344,39211200,29770,29175,29175,-595,-2.0,29768,-2,-0.01,29175,29175,1399-8-5
771,ثامان,سامان‌ گستراصفهان‌,3,11879,254329390,22530,21410,21410,-1120,-4.97,22520,-10,-0.04,21410,21410,1399-8-5
772,لخزر,پارس‌ خزر,3,126,25813620,215650,204870,204870,-10780,-5.0,215640,-10,0.0,204870,204870,1399-8-5
773,ضترا8030,اختيارخ شتران-8113-1399/08/11,3,7,27544275,3375,3390,2125,-1250,-37.04,2308,-1067,-31.61,2125,3390,1399-8-5
774,كگل2,معدني و صنعتي گل گهر,3,50013771,758709043780,15960,15170,15180,-780,-4.89,15170,-790,-4.95,15170,15180,1399-8-5
775,شسم,توليد سموم‌ علف‌ كش,3,256,21200896,81193,82816,82816,1623,2.0,81196,3,0.0,82816,82816,1399-8-5
776,ثاباد,توريستي ورفاهي آبادگران ايران,3,700,21399000,32170,30570,30570,-1600,-4.97,32170,0,0.0,30570,30570,1399-8-5
777,ورازي,بيمه رازي,2,946,14004584,15261,14804,14804,-457,-2.99,15261,0,0.0,14804,14804,1399-8-5
778,صايپا012,صكوك مرابحه سايپا012-3ماهه 16%,2,40,39189800,995098,975490,984000,-11098,-1.12,979745,-15353,-1.54,975490,984000,1399-8-5
779,ثعتما,س. ساختماني اعتماد گستر,2,360,11399400,32644,31665,31665,-979,-3.0,32643,-1,0.0,31665,31665,1399-8-5
780,گندم2,مرابحه گندم2-واجدشرايط خاص1400,2,28400,27617993000,1000000,970000,979999,-20001,-2.0,972465,-27535,-2.75,970000,979999,1399-8-5
781,بفجر2,فجر انرژي خليج فارس,2,6820,211147200,32050,30960,30960,-1090,-3.4,30960,-1090,-3.4,30960,30960,1399-8-5
782,لازما,كارخانه هاي صنعتي آزمايش,2,366,11257062,31384,30757,30757,-627,-2.0,31383,-1,0.0,30757,30757,1399-8-5
783,ضسپا8007,اختيارخ خساپا-1100-1399/08/26,2,9,11100000,1522,900,1500,-22,-1.45,1233,-289,-18.99,900,1500,1399-8-5
784,افاد614,منفعت دولت6-ش.خاص140109,2,4000000,3913020000000,985000,996510,960000,-25000,-2.54,978255,-6745,-0.68,960000,996510,1399-8-5
785,شبندر2,پالايش نفت بندرعباس,2,17545,552316600,33130,31480,31480,-1650,-4.98,31480,-1650,-4.98,31480,31480,1399-8-5
786,تابا,تابان نيرو سپاهان,2,725,23035425,32755,31773,31773,-982,-3.0,32754,-1,0.0,31773,31773,1399-8-5
787,پلاست,كارخانجات توليدي پلاستيران,2,6000,246546000,43253,41091,41091,-2162,-5.0,43225,-28,-0.06,41091,41091,1399-8-5
788,ضملي8066,اختيارخ فملي -13750-1399/08/06,2,20,106730000,19875,5501,5172,-14703,-73.98,5336,-14539,-73.15,5172,5501,1399-8-5
789,بتك,كارخانجات كابل سازي‌ تك‌,2,783,26885088,33663,34336,34336,673,2.0,33665,2,0.01,34336,34336,1399-8-5
790,ضبدر8069,اختيارخ شبندر-55580-1399/08/18,2,51,670000,9,10,90,81,900.0,13,4,44.44,10,90,1399-8-5
791,صمسكن912,ص دين مسكن جنوب-ماهانه16درصد,2,500,48671500,102466,97343,97343,-5123,-5.0,97343,-5123,-5.0,97343,97343,1399-8-5
792,وسخراش,شركت س استان خراسان شمالي,2,8074,10738420,1390,1330,1330,-60,-4.32,1390,0,0.0,1330,1330,1399-8-5
793,بسويچ,پارس‌سويچ‌,2,248,10130800,42990,40850,40850,-2140,-4.98,42990,0,0.0,40850,40850,1399-8-5
794,ثتوسا,س.توسعه و عمران استان اردبيل,2,165,11562045,73761,70073,70073,-3688,-5.0,73759,-2,0.0,70073,70073,1399-8-5
795,كمند2,صندوق س. با درآمد ثابت كمند,2,40000000,40000000,10120,1,1,-10119,-99.99,1,-10119,-99.99,1,1,1399-8-5
796,قشير,قند شيروان قوچان و بجنورد,2,1000,23186000,24406,23186,23186,-1220,-5.0,24405,-1,0.0,23186,23186,1399-8-5
797,بشهاب,لامپ‌  پارس‌ شهاب‌,2,1112,69978160,66240,62930,62930,-3310,-5.0,66240,0,0.0,62930,62930,1399-8-5
798,شپنا2,پالايش نفت اصفهان,2,36245,567234250,16470,15650,15650,-820,-4.98,15650,-820,-4.98,15650,15650,1399-8-5
799,بنيرو,نيروترانس‌,2,2109,116690970,58240,55330,55330,-2910,-5.0,58230,-10,-0.02,55330,55330,1399-8-5
800,حسير,ريل سير كوثر,2,450,11763450,27516,26141,26141,-1375,-5.0,27516,0,0.0,26141,26141,1399-8-5
801,ضفلا8060,اختيارخ فولاد-3507-1399/08/28,2,3,42692400,13857,8500,9550,-4307,-31.08,8850,-5007,-36.13,8500,9550,1399-8-5
802,زعف9908پ13,زعفران9908پوشالمعمول روستا(پ),2,180,14818140,80011,82323,82323,2312,2.89,82323,2312,2.89,82323,82323,1399-8-5
803,ضسپا8017,اختيارخ خساپا-2200-1399/08/26,2,19,8100000,995,450,400,-595,-59.8,426,-569,-57.19,400,450,1399-8-5
804,خپويش,سازه‌ پويش‌,2,2000,77140000,40590,38570,38570,-2020,-4.98,40590,0,0.0,38570,38570,1399-8-5
805,ضملي8059,اختيارخ فملي -8250-1399/08/06,2,2,26800000,14289,13400,13400,-889,-6.22,13400,-889,-6.22,13400,13400,1399-8-5
806,رمپنا2,گروه مپنا (سهامي عام),2,94955,1605689050,17690,16910,16910,-780,-4.41,16910,-780,-4.41,16910,16910,1399-8-5
807,دمعيار2,صندوق س. توازن معيار-د,2,12500000,12500000,9977,1,1,-9976,-99.99,1,-9976,-99.99,1,1,1399-8-5
808,ضغدر8042,اختيارخ وغدير-15000-1399/08/26,2,22,4884000,307,222,222,-85,-27.69,222,-85,-27.69,222,222,1399-8-5
809,ضغدر8038,اختيارخ وغدير-11000-1399/08/26,2,6,3996000,1472,666,666,-806,-54.76,666,-806,-54.76,666,666,1399-8-5
810,كساپا,سايپاشيشه‌,2,407,7855100,20310,19300,19300,-1010,-4.97,20310,0,0.0,19300,19300,1399-8-5
811,ضملي8068,اختيارخ فملي -15750-1399/08/06,2,52,257040000,4814,5000,3520,-1294,-26.88,4943,129,2.68,3520,5000,1399-8-5
812,نمرينو,ايران‌ مرينوس‌,2,185,10134300,57660,54780,54780,-2880,-4.99,57660,0,0.0,54780,54780,1399-8-5
813,حخزر,كشتيراني درياي خزر,2,4648,99606640,22557,21430,21430,-1127,-5.0,22555,-2,-0.01,21430,21430,1399-8-5
814,پدرخش,درخشان‌ تهران‌,2,50,10794000,227240,215880,215880,-11360,-5.0,227240,0,0.0,215880,215880,1399-8-5
815,شتران2,پالايش نفت تهران,2,78852,1032961200,13780,13100,13100,-680,-4.93,13100,-680,-4.93,13100,13100,1399-8-5
816,اخزا9022,اسنادخزانه-م2بودجه99-011019,2,1050000,692475000000,655474,667000,656500,1026,0.16,659500,4026,0.61,656500,667000,1399-8-5
817,اخزا720,اسنادخزانه-م20بودجه97-000324,2,748,670956000,896900,897000,897000,100,0.01,897000,100,0.01,897000,897000,1399-8-5
818,اشاد10,مشاركت دولتي10-شرايط خاص001226,2,300,287100000,957000,957000,957000,0,0.0,957000,0,0.0,957000,957000,1399-8-5
819,شستا993,اجاره ت.اجتماعي-كاردان991226,1,30,30300000,999014,1010000,1010000,10986,1.1,1010000,10986,1.1,1010000,1010000,1399-8-5
820,زعف9908پ11,زعفران9908نگين سحرخيز(پ),1,277,22821476,85162,82388,82388,-2774,-3.26,82388,-2774,-3.26,82388,82388,1399-8-5
821,ضملي8073,اختيارخ فملي -21750-1399/08/06,1,10,8000000,13577,800,800,-12777,-94.11,800,-12777,-94.11,800,800,1399-8-5
822,قشهد,شهد,1,175,5027750,30240,28730,28730,-1510,-4.99,30240,0,0.0,28730,28730,1399-8-5
823,ضبدر8056,اختيارخ شبندر-21580-1399/08/18,1,2,15000000,8000,7500,7500,-500,-6.25,7500,-500,-6.25,7500,7500,1399-8-5
824,پا ه 9,بار پايه هفته 9,1,61000,26840000,350,440,440,90,25.71,440,90,25.71,440,440,1399-8-5
825,ضغدر8030,اختيارخ وغدير-6510-1399/08/26,1,3,13500000,4000,4500,4500,500,12.5,4500,500,12.5,4500,4500,1399-8-5
826,اوصتا4,صندوق انديشه ورزان صباتامين -د,1,59380000,1000077960000,16819,16842,16842,23,0.14,16842,23,0.14,16842,16842,1399-8-5
827,عفولاد2,اوراق سلف ورق گرم فولاد مباركه,1,1,568000,568440,568000,568000,-440,-0.08,568000,-440,-0.08,568000,568000,1399-8-5
828,كچاد2,معدني‌وصنعتي‌چادرملو,1,4689,67052700,14830,14300,14300,-530,-3.57,14300,-530,-3.57,14300,14300,1399-8-5
829,ضفلا8071,اختيارخ فولاد-6275-1399/08/28,1,1,3500000,14000,3500,3500,-10500,-75.0,3500,-10500,-75.0,3500,3500,1399-8-5
830,ضبدر8060,اختيارخ شبندر-29580-1399/08/18,1,1,2000000,9500,2000,2000,-7500,-78.95,2000,-7500,-78.95,2000,2000,1399-8-5
831,ضصاد8001,اختيارخ وبصادر-1300-1399/08/11,1,10,21000000,1900,2100,2100,200,10.53,2100,200,10.53,2100,2100,1399-8-5
832,تبريز112,مشاركت شهرداري تبريز-3ماهه18%,1,100,99500000,995000,995000,995000,0,0.0,995000,0,0.0,995000,995000,1399-8-5
833,ثنوسا2,نوسازي‌وساختمان‌تهران‌,1,26300000,254058000000,9670,9660,9660,-10,-0.1,9660,-10,-0.1,9660,9660,1399-8-5
834,ضترا8017,اختيارخ شتران-3126-1399/08/11,1,1,13640000,13000,8000,8000,-5000,-38.46,8000,-5000,-38.46,8000,8000,1399-8-5
835,ضغدر8049,اختيارخ وغدير-24000-1399/08/26,1,3,30000,40,10,10,-30,-75.0,10,-30,-75.0,10,10,1399-8-5
836,ضملت8025,اختيارخ وبملت-3616-1399/08/28,1,25,139758750,1740,1350,1350,-390,-22.41,1350,-390,-22.41,1350,1350,1399-8-5
837,بپاس2,بيمه پاسارگاد,1,1170000,74388600000,63700,63580,63580,-120,-0.19,63580,-120,-0.19,63580,63580,1399-8-5
838,سپرمي,پرميت‌,1,1000,8289000,8458,8289,8289,-169,-2.0,8458,0,0.0,8289,8289,1399-8-5
839,ضغدر8047,اختيارخ وغدير-20000-1399/08/26,1,1,8000,80,8,8,-72,-90.0,8,-72,-90.0,8,8,1399-8-5
840,صينا205,صكوك منفعت سينا دارو-3ماهه 19%,1,5,5050005,1000000,1010001,1010001,10001,1.0,1010001,10001,1.0,1010001,1010001,1399-8-5
841,ياقوت2,صندوق س ياقوت آگاه-ثابت,1,38000,38000,11190,1,1,-11189,-99.99,1,-11189,-99.99,1,1,1399-8-5
842,ضصاد1103,اختيارخ وبصادر-4000-1399/11/12,1,2,600000,571,300,300,-271,-47.46,300,-271,-47.46,300,300,1399-8-5
843,ضغدر8037,اختيارخ وغدير-10000-1399/08/26,1,75,46500000,1100,620,620,-480,-43.64,620,-480,-43.64,620,620,1399-8-5
844,تصميم2,صندوق س با درآمد ثابت تصميم,1,5500000,5500000,14760,1,1,-14759,-99.99,1,-14759,-99.99,1,1,1399-8-5
845,ضملي8078,اختيارخ فملي-31750-1399/08/06,1,2,18000,754,9,9,-745,-98.81,9,-745,-98.81,9,9,1399-8-5
846,شستا992,اجاره تامين اجتماعي-سپهر991226,1,17,17340000,1020000,1020000,1020000,0,0.0,1020000,0,0.0,1020000,1020000,1399-8-5
847,ضسپا8019,اختيارخ خساپا-2600-1399/08/26,1,5,750000,988,150,150,-838,-84.82,150,-838,-84.82,150,150,1399-8-5
848,ضسپا8033,اختيارخ خساپا-6000-1399/08/26,1,1,1000,2,1,1,-1,-50.0,1,-1,-50.0,1,1,1399-8-5
849,تملي706,تسهيلات مسكن ب. ملي-شهريور97,1,8,4977256,592531,622157,622157,29626,5.0,622157,29626,5.0,622157,622157,1399-8-5
850,تكنو,تكنوتار,1,680,9928000,15360,14600,14600,-760,-4.95,15360,0,0.0,14600,14600,1399-8-5
851,ضشنا1035,اختيارخ شپنا-14000-1399/10/23,1,3,11550000,4100,3850,3850,-250,-6.1,3850,-250,-6.1,3850,3850,1399-8-5
852,مكرج112,مشاركت شهرداري كرج-3ماهه18%,1,200,188300000,906500,941500,941500,35000,3.86,941500,35000,3.86,941500,941500,1399-8-5
853,شستا003,اجاره تامين اجتماعي-سپهر000523,1,8,7880024,985000,985003,985003,3,0.0,985003,3,0.0,985003,985003,1399-8-5
854,تابان032,اجاره تابان سپهر14021206,1,303000,293910000000,1000000,970000,970000,-30000,-3.0,970000,-30000,-3.0,970000,970000,1399-8-5
855,اجاد25,اجاره دولتي آپرورش-سپهر991118,1,1220,1220001220,1000001,1000001,1000001,0,0.0,1000001,0,0.0,1000001,1000001,1399-8-5
856,ضملت8029,اختيارخ وبملت-4582-1399/08/28,1,1,2981520,1142,720,720,-422,-36.95,720,-422,-36.95,720,720,1399-8-5
857,البرز02,اجاره ريلي البرزنيرو14020514,1,196,166600000,850000,850000,850000,0,0.0,850000,0,0.0,850000,850000,1399-8-5
858,ضگل8056,اختيارخ كگل-12100-1399/08/21,1,1,3500000,4000,3500,3500,-500,-12.5,3500,-500,-12.5,3500,3500,1399-8-5
859,ضپيك1023,اختيارخ تاپيكو-20000-99/10/16,1,2,4000000,2000,2000,2000,0,0.0,2000,0,0.0,2000,2000,1399-8-5
860,اتكاي2,بيمه اتكايي ايرانيان,1,9400000,120790000000,12803,12850,12850,47,0.37,12850,47,0.37,12850,12850,1399-8-5
861,فخوز2,فولاد  خوزستان,1,4600000,156400000000,32450,34000,34000,1550,4.78,34000,1550,4.78,34000,34000,1399-8-5
862,ضغدر8046,اختيارخ وغدير-19000-1399/08/26,1,70,3500000,20,50,50,30,150.0,50,30,150.0,50,50,1399-8-5
863,ضملت8027,اختيارخ وبملت-4100-1399/08/28,1,15,55282350,2611,890,890,-1721,-65.91,890,-1721,-65.91,890,890,1399-8-5
864,افاد53,منفعت دولت5-ش.خاص كاريزما0108,1,500,416046500,792470,832093,832093,39623,5.0,832093,39623,5.0,832093,832093,1399-8-5
865,ضغدر8048,اختيارخ وغدير-22000-1399/08/26,1,6,30000,50,5,5,-45,-90.0,5,-45,-90.0,5,5,1399-8-5
866,ضفلا8068,اختيارخ فولاد-4751-1399/08/28,1,10,120600000,8500,7500,7500,-1000,-11.76,7500,-1000,-11.76,7500,7500,1399-8-5
867,افاد4,منفعت دولتي4-شرايط خاص14010729,1,500,523767500,1025535,1047535,1047535,22000,2.15,1047535,22000,2.15,1047535,1047535,1399-8-5
868,ضبدر8059,اختيارخ شبندر-27580-1399/08/18,1,2,6000000,10000,3000,3000,-7000,-70.0,3000,-7000,-70.0,3000,3000,1399-8-5
869,ضترا8022,اختيارخ شتران-4593-1399/08/11,1,5,48260025,6016,5661,5661,-355,-5.9,5661,-355,-5.9,5661,5661,1399-8-5
870,تملي711,تسهيلات مسكن ب. ملي-بهمن97,1,18,24401196,1291069,1355622,1355622,64553,5.0,1355622,64553,5.0,1355622,1355622,1399-8-5
871,وبصادر2,بانك صادرات ايران,1,37874,133695220,3700,3530,3530,-170,-4.59,3530,-170,-4.59,3530,3530,1399-8-5
872,اخزا716,اسنادخزانه-م16بودجه97-000407,1,2000,1784002000,894998,892001,892001,-2997,-0.33,892001,-2997,-0.33,892001,892001,1399-8-5
873,ثرود,سرمايه‌گذاري مسكن زاينده رود,1,500,5985000,12599,11970,11970,-629,-4.99,12599,0,0.0,11970,11970,1399-8-5
874,ضملي8079,اختيارخ فملي-33750-1399/08/06,1,2,2000,7074,1,1,-7073,-99.99,1,-7073,-99.99,1,1,1399-8-5
875,ضملي8085,اختيارخ فملي-51750-1399/08/06,1,88,88000,18,1,1,-17,-94.44,1,-17,-94.44,1,1,1399-8-5
876,غبهار,كشت وصنعت بهاران گلبهار خراسان,1,150,5469150,37588,36461,36461,-1127,-3.0,37588,0,0.0,36461,36461,1399-8-5
877,اعتماد4,صندوق س.اعتماد آفرين پارسيان-د,1,5450000,179937200000,32998,33016,33016,18,0.05,33016,18,0.05,33016,33016,1399-8-5
878,ضترا8029,اختيارخ شتران-7526-1399/08/11,1,10,46512400,10000,2728,2728,-7272,-72.72,2728,-7272,-72.72,2728,2728,1399-8-5
879,صفارس307,صكوك اجاره فارس307- 3ماهه18%,1,5000,4850000000,1000000,970000,970000,-30000,-3.0,970000,-30000,-3.0,970000,970000,1399-8-5
880,اجاد3,اجاره دولت-واجدشرايط خاص991118,1,20000,18591440000,885307,929572,929572,44265,5.0,929572,44265,5.0,929572,929572,1399-8-5
881,ضفلا8087,اختيارخ فولاد-18775-1399/08/28,1,14,700000,275,50,50,-225,-81.82,50,-225,-81.82,50,50,1399-8-5
882,دومينو4,اجاره دومينو14040208,1,2000,1795200000,880000,897600,897600,17600,2.0,897600,17600,2.0,897600,897600,1399-8-5
883,ضبدر8071,اختيارخ شبندر-65580-1399/08/18,1,37,370000,100,10,10,-90,-90.0,10,-90,-90.0,10,10,1399-8-5
884,غپآذر,شير پگاه آذربايجان شرقي,1,88,4606976,55107,52352,52352,-2755,-5.0,55107,0,0.0,52352,52352,1399-8-5
885,كايتا,ايتالران‌,1,765,7302690,9268,9546,9546,278,3.0,9268,0,0.0,9546,9546,1399-8-5
886,ضملت8021,اختيارخ وبملت-2650-1399/08/28,1,1,23396650,7667,5650,5650,-2017,-26.31,5650,-2017,-26.31,5650,5650,1399-8-5
887,عكاوه2,اوراق سلف شمش فولاد كاوه كيش,1,2,8058138,3938111,4029069,4029069,90958,2.31,4029069,90958,2.31,4029069,4029069,1399-8-5
888,ضگل8067,اختيارخ كگل-26000-1399/08/21,1,50,10000000,4000,200,200,-3800,-95.0,200,-3800,-95.0,200,200,1399-8-5
889,ضملي8065,اختيارخ فملي -12750-1399/08/06,1,1,9299000,27777,9299,9299,-18478,-66.52,9299,-18478,-66.52,9299,9299,1399-8-5
890,صگل1411,ص اجاره گل گهر 1411-3 ماهه 17%,1,10,9700100,981667,970010,970010,-11657,-1.19,970010,-11657,-1.19,970010,970010,1399-8-5
891,سخواف,سيمان مجد خواف,1,315,5083785,16638,16139,16139,-499,-3.0,16638,0,0.0,16139,16139,1399-8-5
892,ضصاد8002,اختيارخ وبصادر-1400-1399/08/11,1,10,20000000,2257,2000,2000,-257,-11.39,2000,-257,-11.39,2000,2000,1399-8-5
893,فوكا,فولاد كاويان,1,245,5005350,21061,20430,20430,-631,-3.0,21061,0,0.0,20430,20430,1399-8-5
894,ضترا8038,اختيارخ شتران-13979-1399/08/11,1,2,3000800,1002,880,880,-122,-12.18,880,-122,-12.18,880,880,1399-8-5
895,كيش1402,اجاره س. و توسعه كيش14020820,1,10,9780000,965000,978000,978000,13000,1.35,978000,13000,1.35,978000,978000,1399-8-5
896,ضفلا8091,اختيارخ فولاد-25775-1399/08/28,1,11,1100000,100,100,100,0,0.0,100,0,0.0,100,100,1399-8-5
897,غگل2,گلوكوزان‌,1,20000000,100800000000,5090,5040,5040,-50,-0.98,5040,-50,-0.98,5040,5040,1399-8-5
898,ضگل8055,اختيارخ كگل-11100-1399/08/21,1,1,3000000,14500,3000,3000,-11500,-79.31,3000,-11500,-79.31,3000,3000,1399-8-5
899,چفيبر,فيبر ايران‌,1,1000,10180000,10710,10180,10180,-530,-4.95,10710,0,0.0,10180,10180,1399-8-5
900,ضصاد1101,اختيارخ وبصادر-3000-1399/11/12,1,10,11500000,1208,1150,1150,-58,-4.8,1150,-58,-4.8,1150,1150,1399-8-5
901,فنرژي,گسترش صنايع انرژي آذرآب,1,1000,10647000,10864,10647,10647,-217,-2.0,10864,0,0.0,10647,10647,1399-8-5
902,تملي703,تسهيلات مسكن ب. ملي-خرداد97,1,7,5066740,689353,723820,723820,34467,5.0,723820,34467,5.0,723820,723820,1399-8-5
903,پلاسك,پلاسكوكار,1,1200,10068000,8830,8390,8390,-440,-4.98,8830,0,0.0,8390,8390,1399-8-5
904,زعف9908پ12,زعفران9908پوشالمعمول سحرخيز(پ),1,80,6730640,82323,84133,84133,1810,2.2,84133,1810,2.2,84133,84133,1399-8-5
905,عسناسنگ2,سلف كنستانتره سنگ آهن سناباد2,1,2,15058430,7640310,7529215,7529215,-111095,-1.45,7529215,-111095,-1.45,7529215,7529215,1399-8-5
906,ضملت8026,اختيارخ وبملت-3857-1399/08/28,1,4,19876800,2286,1200,1200,-1086,-47.51,1200,-1086,-47.51,1200,1200,1399-8-5
907,جفلز912,آتي ش فلزات اساسي-1399/12/13,1,1,28620390,954013,954013,954013,0,0.0,954013,0,0.0,954013,954013,1399-8-5
908,غشصفا,شيرپاستوريزه‌پگاه‌اصفهان‌,1,200,6034000,31750,30170,30170,-1580,-4.98,31750,0,0.0,30170,30170,1399-8-5
909,ضچاد1015,اختيارخ كچاد-16000-1399/10/02,1,1,2100000,2100,2100,2100,0,0.0,2100,0,0.0,2100,2100,1399-8-5
