,نماد,نام,تعداد,حجم,ارزش,دیروز,اولین,آخرین معامله - مقدار,آخرین معامله - تغییر,آخرین معامله - درصد,قیمت پایانی - مقدار,قیمت پایانی - تغییر,قیمت پایانی - درصد,کمترین,بیشترین,تاریخ
0,اپال,فرآوري معدني اپال كاني پارس,118049,108315016,1733221518780,16000,16200,15950,-50,-0.31,16000,0,0.0,15810,16340,1399-12-19
1,كزغال,زغال سنگ پروده طبس,110154,15613606,501789613238,31691,31300,32000,309,0.98,32138,447,1.41,31300,32650,1399-12-19
2,پالايش,صندوق پالايشي يکم-سهام,107845,131950354,11740823033560,88120,90270,85200,-2920,-3.31,88980,860,0.98,85010,92800,1399-12-19
3,بركت,گروه دارويي بركت,65714,207168457,6557825333210,30370,29770,31750,1380,4.54,31650,1280,4.21,29770,32190,1399-12-19
4,دارا يكم,صندوق واسطه گري مالي يكم-سهام,50132,34018488,5037809555340,146810,150100,142350,-4460,-3.04,148090,1280,0.87,142220,153880,1399-12-19
5,شپنا,پالايش نفت اصفهان,43677,379517014,4870439950910,12170,12500,12610,440,3.62,12830,660,5.42,12400,12900,1399-12-19
6,بوعلي,پتروشيمي بوعلي سينا,29046,4966296,210441675030,42420,42210,41900,-520,-1.23,42370,-50,-0.12,41900,43000,1399-12-19
7,خساپا,سايپا,28456,906452432,2009583947490,2200,2250,2170,-30,-1.36,2220,20,0.91,2160,2320,1399-12-19
8,شستا,سرمايه گذاري تامين اجتماعي,28371,71209319,1374821048950,19190,19480,18860,-330,-1.72,19310,120,0.63,18820,20210,1399-12-19
9,خودرو,ايران‌ خودرو,26610,656499884,1609334250570,2400,2490,2380,-20,-0.83,2450,50,2.08,2370,2540,1399-12-19
10,وسپهر,سرمايه گذاري مالي سپهرصادرات,26067,37245734,376185920917,10100,10100,10100,0,0.0,10100,0,0.0,10100,10102,1399-12-19
11,شاروم,پتروشيمي اروميه,25320,5936701,115359045450,19376,19600,18989,-387,-2.0,19432,56,0.29,18989,20040,1399-12-19
12,وكبهمن,مديريت سرمايه گذاري كوثربهمن,23159,9441562,113087134861,12116,12296,11874,-242,-2.0,11978,-138,-1.14,11874,12296,1399-12-19
13,شبندر,پالايش نفت بندرعباس,22503,90888830,2528788709020,26760,27400,27160,400,1.49,27820,1060,3.96,26880,28360,1399-12-19
14,شتران,پالايش نفت تهران,20311,137766764,1219391976610,8540,8760,8650,110,1.29,8850,310,3.63,8570,9050,1399-12-19
15,فملي,ملي‌ صنايع‌ مس‌ ايران‌,18822,94091491,1167707811960,12350,12580,12170,-180,-1.46,12410,60,0.49,12110,12850,1399-12-19
16,خگستر,گسترش‌سرمايه‌گذاري‌ايران‌خودرو,17985,376656493,1078092770230,2870,2910,2820,-50,-1.74,2860,-10,-0.35,2820,2990,1399-12-19
17,فولاد,فولاد مباركه اصفهان,17137,127413792,1604384493000,12410,12700,12400,-10,-0.08,12590,180,1.45,12240,13000,1399-12-19
18,امين,تامين سرمايه امين,16879,6133587,63808561080,10400,10400,10400,0,0.0,10400,0,0.0,10400,10420,1399-12-19
19,كاما,باما,15056,85503642,1155722057250,13750,13480,13480,-270,-1.96,13520,-230,-1.67,13480,13800,1399-12-19
20,سيتا,سرمايه گذاري سيمان تامين,14404,13451817,201840339140,15000,15000,15000,0,0.0,15000,0,0.0,15000,15090,1399-12-19
21,ولپارس,ليزينگ پارسيان,14394,13482481,69366212640,5180,5080,5080,-100,-1.93,5140,-40,-0.77,5080,5390,1399-12-19
22,وتجارت,بانك تجارت,13527,394609506,995567024940,2510,2560,2510,0,0.0,2520,10,0.4,2460,2610,1399-12-19
23,ثاميد,توسعه و عمران اميد,12215,72998227,114768128630,1590,1580,1560,-30,-1.89,1570,-20,-1.26,1560,1620,1399-12-19
24,رافزا,رايان هم افزا,11928,4817932,406580823744,79614,84390,84390,4776,6.0,84389,4775,6.0,81180,84390,1399-12-19
25,آريا,پليمر آريا ساسول,11855,3360734,276200305677,80290,82000,81130,840,1.05,82185,1895,2.36,80700,84500,1399-12-19
26,حكشتي,كشتيراني جمهوري اسلامي ايران,11787,48993721,962305811430,19930,19540,19540,-390,-1.96,19640,-290,-1.46,19540,20090,1399-12-19
27,بگيلان,توسعه مسير برق گيلان,11714,3881827,81542051432,21230,20806,20806,-424,-2.0,21006,-224,-1.06,20806,21700,1399-12-19
28,بترانس,ايران‌ ترانسفو,10234,212566948,576482743590,2700,2680,2650,-50,-1.85,2710,10,0.37,2650,2850,1399-12-19
29,وپارس,بانك‌پارسيان‌,9477,289388276,872224674090,3040,3040,2980,-60,-1.97,3010,-30,-0.99,2980,3140,1399-12-19
30,خصدرا,صنعتي‌ دريايي‌ ايران‌,8937,141679580,422597444747,3100,2976,2976,-124,-4.0,2983,-117,-3.77,2976,3088,1399-12-19
31,خبهمن,گروه‌بهمن‌,8082,38685652,748947548940,19520,19260,19130,-390,-2.0,19360,-160,-0.82,19130,20200,1399-12-19
32,شبريز,پالايش نفت تبريز,7990,23602407,740402093010,31020,31590,30450,-570,-1.84,31370,350,1.13,30400,32780,1399-12-19
33,ذوب,سهامي ذوب آهن  اصفهان,7807,88703611,337075223149,3813,3880,3737,-76,-1.99,3800,-13,-0.34,3737,3950,1399-12-19
34,وبصادر,بانك صادرات ايران,7221,144288392,330222024550,2290,2330,2250,-40,-1.75,2290,0,0.0,2250,2380,1399-12-19
35,وبملت,بانك ملت,7171,145437118,543547321450,3690,3760,3670,-20,-0.54,3740,50,1.36,3660,3860,1399-12-19
36,چكاپا,گروه صنايع كاغذ پارس,6567,109241416,571790339930,5330,5230,5230,-100,-1.88,5230,-100,-1.88,5230,5320,1399-12-19
37,پترول,گروه پتروشيمي س. ايرانيان,6439,26378236,251060275330,9450,9670,9330,-120,-1.27,9520,70,0.74,9300,9760,1399-12-19
38,حريل,ريل پردازسير,6221,56789697,330000053006,5693,6034,5600,-93,-1.63,5811,118,2.07,5580,6034,1399-12-19
39,شگويا,پتروشيمي تندگويان,6099,24428994,204644741145,8322,8500,8200,-122,-1.47,8377,55,0.66,8157,8652,1399-12-19
40,كمند,صندوق س. با درآمد ثابت كمند,5715,379828712,3806927826442,10017,10022,10023,6,0.06,10023,6,0.06,10022,10025,1399-12-19
41,وغدير,سرمايه‌گذاري‌غدير(هلدينگ‌,5648,33112111,391602595460,11650,12150,11660,10,0.09,11830,180,1.55,11600,12200,1399-12-19
42,غگل,گلوكوزان‌,5602,76244143,267400728400,3470,3410,3600,130,3.75,3510,40,1.15,3410,3660,1399-12-19
43,پيزد,مجتمع صنايع لاستيك يزد,5553,393730,25967468846,67049,66000,65709,-1340,-2.0,66460,-589,-0.88,65709,67100,1399-12-19
44,صبا,سرمايه گذاري صبا تامين,5547,21168455,152710097731,7128,7273,7310,182,2.55,7214,86,1.21,7010,7360,1399-12-19
45,سمگا,گروه سرمايه گذاري ميراث فرهنگي,5171,33121019,866033330469,26542,26610,26655,113,0.43,26148,-394,-1.48,26012,27070,1399-12-19
46,آوا,صندوق س.سهام آواي معيار-س,4846,50920266,347673956271,6787,6900,6622,-165,-2.43,6828,41,0.6,6606,7050,1399-12-19
47,خپارس,پارس‌ خودرو,4783,67653362,387857967040,5800,5690,5690,-110,-1.9,5730,-70,-1.21,5690,5900,1399-12-19
48,نوري,پتروشيمي نوري,4503,5185237,290357725110,53470,54990,55200,1730,3.24,56000,2530,4.73,54000,56670,1399-12-19
49,هاي وب,داده گسترعصرنوين-هاي وب,4457,22879750,221399831820,9830,9800,9640,-190,-1.93,9680,-150,-1.53,9640,9910,1399-12-19
50,تملت,تامين سرمايه بانك ملت,4344,14561924,80731987750,5540,5500,5440,-100,-1.81,5540,0,0.0,5430,5740,1399-12-19
51,ثاخت,بين‌المللي‌توسعه‌ساختمان,4102,60284607,156228396240,2600,2650,2550,-50,-1.92,2590,-10,-0.38,2550,2690,1399-12-19
52,غنوش,نوش‌ مازندران‌,4049,5976017,352064917150,58630,59650,57460,-1170,-2.0,58910,280,0.48,57460,61490,1399-12-19
53,ونوين,بانك‌اقتصادنوين‌,3785,82542967,339635393470,4130,4180,4050,-80,-1.94,4110,-20,-0.48,4050,4260,1399-12-19
54,غپاك,لبنيات‌ پاك‌,3675,11462176,255448007950,22130,21710,22590,460,2.08,22290,160,0.72,21690,22910,1399-12-19
55,ونيكي,سرمايه‌گذاري‌ ملي‌ايران‌,3675,17967781,201822405290,11260,11150,11040,-220,-1.95,11230,-30,-0.27,11040,11450,1399-12-19
56,فخوز,فولاد  خوزستان,3613,26421560,367878373720,13850,14200,13760,-90,-0.65,13920,70,0.51,13700,14210,1399-12-19
57,فارس,صنايع پتروشيمي خليج فارس,3444,22658217,195292040220,8560,8730,8470,-90,-1.05,8620,60,0.7,8400,8830,1399-12-19
58,ثالوند,سرمايه گذاري مسكن الوند,3441,9582828,329782520263,34643,33951,33951,-692,-2.0,34414,-229,-0.66,33951,35900,1399-12-19
59,كپارس,كاشي‌ پارس‌,3427,1138385,178539633080,154710,156050,153400,-1310,-0.85,156840,2130,1.38,151620,163000,1399-12-19
60,بجهرم,توسعه مولد نيروگاهي جهرم,3331,30619092,89333438500,2927,2950,2869,-58,-1.98,2918,-9,-0.31,2869,3016,1399-12-19
61,پارند,صندوق س. پارند پايدار سپهر,3199,61788901,692312373735,11198,11205,11204,6,0.05,11204,6,0.05,11204,11210,1399-12-19
62,اخابر,مخابرات ايران,3163,18329287,181758495750,9800,9720,9710,-90,-0.92,9920,120,1.22,9670,10240,1399-12-19
63,شيران,س. صنايع‌شيميايي‌ايران,2977,6509667,169331023690,25930,25510,25450,-480,-1.85,26010,80,0.31,25450,26800,1399-12-19
64,والبر,سرمايه‌ گذاري‌ البرز(هلدينگ‌,2861,14374378,242320636340,16110,15900,17070,960,5.96,16860,750,4.66,15900,17070,1399-12-19
65,شلعاب,لعابيران‌,2754,6518088,149113778200,22920,23800,22470,-450,-1.96,22880,-40,-0.17,22470,23950,1399-12-19
66,امين يكم,صندوق درآمد ثابت امين يكم فردا,2717,69888513,711147141824,10167,10173,10183,16,0.16,10175,8,0.08,10168,10185,1399-12-19
67,وپست,پست بانك ايران,2696,15022843,282999658180,18040,19110,18410,370,2.05,18840,800,4.43,18210,19120,1399-12-19
68,كرازي,كارخانجات‌توليدي‌شيشه‌رازي‌,2677,7138101,158229109520,21940,22100,22000,60,0.27,22170,230,1.05,21730,22600,1399-12-19
69,پاكشو,گروه صنعتي پاكشو,2655,2956364,242755382850,81190,80000,82000,810,1.0,82110,920,1.13,80000,85000,1399-12-19
70,وپاسار,بانك  پاسارگاد,2627,38877800,469345970780,11820,11820,12100,280,2.37,12070,250,2.12,11820,12110,1399-12-19
71,غسالم,سالمين‌,2604,17702533,74593121900,4150,4170,4170,20,0.48,4210,60,1.45,4150,4290,1399-12-19
72,ومعادن,توسعه‌معادن‌وفلزات‌,2603,21113869,247023555190,11520,11520,11630,110,0.95,11700,180,1.56,11500,12210,1399-12-19
73,مبين,مبين انرژي خليج فارس,2598,21068061,332228811870,14920,15760,15810,890,5.97,15770,850,5.7,15050,15810,1399-12-19
74,چكاوه,صنايع‌كاغذسازي‌كاوه‌,2497,7785568,143723851420,18400,18040,18050,-350,-1.9,18460,60,0.33,18040,19200,1399-12-19
75,فاراك,ماشين‌ سازي‌ اراك‌,2476,26789870,138925098390,5280,5180,5180,-100,-1.89,5190,-90,-1.7,5180,5270,1399-12-19
76,ثزاگرس,سرمايه گذاري توسعه عمران زاگرس,2437,2749106,179656099568,62927,62927,62000,-927,-1.47,65351,2424,3.85,62000,66073,1399-12-19
77,كاوه,فولاد كاوه جنوب كيش,2419,10502102,209645461560,19990,20200,19600,-390,-1.95,19960,-30,-0.15,19600,20590,1399-12-19
78,وبانك,سرمايه گذاري گروه توسعه ملي,2408,15145419,122512649690,7930,8080,8120,190,2.4,8090,160,2.02,7970,8250,1399-12-19
79,ورازي,بيمه رازي,2367,25816023,241859761168,9000,9450,9101,101,1.12,9369,369,4.1,9020,9450,1399-12-19
80,جم پيلن,پلي پروپيلن جم - جم پيلن,2315,6043750,432854814230,69730,70630,72880,3150,4.52,71620,1890,2.71,70500,73090,1399-12-19
81,سرو,صندوق س سروسودمند مدبران-سهام,2295,2706372,180656615060,66180,66700,65520,-660,-1.0,66750,570,0.86,65300,67800,1399-12-19
82,تاصيكو,سرمايه گذاري صدرتامين,2263,18411487,191085781590,9910,10080,10290,380,3.83,10380,470,4.74,10010,10500,1399-12-19
83,اعتماد,صندوق س.اعتماد آفرين پارسيان-د,2233,40197170,1416930539530,35233,35249,35250,17,0.05,35250,17,0.05,35249,35252,1399-12-19
84,تاپيكو,س. نفت و گاز و پتروشيمي تأمين,2202,9523502,108130011870,11320,11570,11130,-190,-1.68,11350,30,0.27,11100,11790,1399-12-19
85,نمرينو,ايران‌ مرينوس‌,2184,4861282,419913650160,86770,91970,85040,-1730,-1.99,86380,-390,-0.45,85040,91970,1399-12-19
86,كيان,صندوق س. با درآمد ثابت كيان,2179,47020894,1292278815211,27472,27483,27484,12,0.04,27483,11,0.04,27476,27491,1399-12-19
87,وگردش,بانك گردشگري,2154,22642517,394502402604,17363,17050,17740,377,2.17,17423,60,0.35,17016,17883,1399-12-19
88,شپترو,پتروشيمي آبادان,2089,29160731,144091359700,4990,5109,4892,-98,-1.96,4941,-49,-0.98,4891,5109,1399-12-19
89,آگاس,صندوق س.هستي بخش آگاه-س,2033,2583972,167977319723,64370,65500,64290,-80,-0.12,65007,637,0.99,64210,66110,1399-12-19
90,غشهداب,كشت و صنعت شهداب ناب خراسان,2030,18427004,72801814195,4000,4000,3920,-80,-2.0,3951,-49,-1.23,3920,4088,1399-12-19
91,زاگرس,پتروشيمي زاگرس,2011,1524885,311156755520,202087,206530,200100,-1987,-0.98,204053,1966,0.97,198051,209212,1399-12-19
92,خودكفا,اقتصادي و خودكفايي آزادگان,1933,12355600,271640697285,22422,21974,22200,-222,-0.99,21985,-437,-1.95,21974,22290,1399-12-19
93,ومهان,گروه توسعه مالي مهر آيندگان,1895,6081219,77778060328,12826,12812,12580,-246,-1.92,12790,-36,-0.28,12570,13100,1399-12-19
94,ورنا,سرمايه‌گذاري‌ رنا(هلدينگ‌,1891,26559126,151258242880,5780,5670,5670,-110,-1.9,5700,-80,-1.38,5670,5840,1399-12-19
95,وصنعت,سرمايه گذاري توسعه صنعت وتجارت,1886,12997533,90048511610,7030,6890,6890,-140,-1.99,6930,-100,-1.42,6890,7180,1399-12-19
96,سامان,بانك سامان,1872,15192760,158504614564,10170,10475,10470,300,2.95,10433,263,2.59,10228,10475,1399-12-19
97,ومشان,س. فني و مهندسي مشانير,1848,1831355,130163766810,73632,70687,70990,-2642,-3.59,71075,-2557,-3.47,70687,75000,1399-12-19
98,كگل,معدني و صنعتي گل گهر,1841,8238942,152464465910,18390,18840,18400,10,0.05,18510,120,0.65,18350,18890,1399-12-19
99,قرن,پديده شيمي قرن,1816,1445808,91376912420,62470,63480,61950,-520,-0.83,63200,730,1.17,61620,65000,1399-12-19
100,فاسمين,كالسيمين‌,1761,9034060,146771516810,16230,16450,15920,-310,-1.91,16250,20,0.12,15910,16780,1399-12-19
101,وملي,گروه‌ صنعتي‌ ملي‌ (هلدينگ‌,1743,637124,112124950710,176580,176760,173050,-3530,-2.0,175990,-590,-0.33,173050,180000,1399-12-19
102,تايرا,تراكتورسازي‌ايران‌,1722,15560185,398518057880,26020,25500,25900,-120,-0.46,25610,-410,-1.58,25500,26820,1399-12-19
103,كچاد,معدني‌وصنعتي‌چادرملو,1685,8741525,177386454070,20120,20250,20300,180,0.89,20290,170,0.84,20120,20590,1399-12-19
104,زدشت,كشت و صنعت دشت خرم دره,1665,2245784,64019985036,28634,28112,28062,-572,-2.0,28507,-127,-0.44,28062,29200,1399-12-19
105,ارزش,صندوق س ارزش آفرين بيدار-سهام,1662,8304380,79759337110,9570,9670,9400,-170,-1.78,9600,30,0.31,9400,9830,1399-12-19
106,ونيرو,سرمايه‌گذاري‌نيرو,1661,30904910,83526866020,2730,2750,2680,-50,-1.83,2700,-30,-1.1,2680,2780,1399-12-19
107,شسپا,نفت سپاهان,1631,11955608,192368750610,16010,16150,16110,100,0.62,16090,80,0.5,15900,16350,1399-12-19
108,ساراب,سيمان‌ داراب‌,1628,7690238,121620482350,15420,15130,16340,920,5.97,15810,390,2.53,15120,16340,1399-12-19
109,مرقام,ايران‌ارقام‌,1598,4665994,81181224620,17570,17900,17220,-350,-1.99,17400,-170,-0.97,17220,17900,1399-12-19
110,بكهنوج,توليد برق ماهتاب كهنوج,1587,28925391,51818752859,1819,1808,1783,-36,-1.98,1791,-28,-1.54,1783,1850,1399-12-19
111,غويتاح,ح . ويتانا,1577,4615793,54725665374,11312,11990,11849,537,4.75,11856,544,4.81,11340,11990,1399-12-19
112,سفارس,سيمان فارس و خوزستان,1577,6803558,127351610780,18940,19150,18570,-370,-1.95,18720,-220,-1.16,18570,19350,1399-12-19
113,گكوثر,هتل پارسيان كوثر اصفهان,1576,23020038,57445615542,2536,2486,2486,-50,-1.97,2495,-41,-1.62,2486,2549,1399-12-19
114,مدير,ص.س.مديريت ثروت ص.بازنشستگي-س,1559,6103998,55703179752,9091,9180,8919,-172,-1.89,9126,35,0.38,8910,9292,1399-12-19
115,كرمان,س. توسعه و عمران استان كرمان,1555,5295365,283143166550,54561,53470,53470,-1091,-2.0,53470,-1091,-2.0,53470,53470,1399-12-19
116,شبهرن,نفت‌ بهران‌,1468,2333020,140499548850,61100,60910,59950,-1150,-1.88,60220,-880,-1.44,59880,61900,1399-12-19
117,بكام,كارخانجات توليدي شهيد قندي,1447,10657934,36611561540,3390,3440,3420,30,0.88,3420,30,0.88,3410,3520,1399-12-19
118,حتايد,تايدواترخاورميانه,1394,5099037,127549785330,25010,25300,24510,-500,-2.0,25010,0,0.0,24510,26200,1399-12-19
119,بمپنا,توليد برق عسلويه  مپنا,1387,2874072,220116824411,78019,76459,76459,-1560,-2.0,76587,-1432,-1.84,76459,79260,1399-12-19
120,حفاري,حفاري شمال,1360,16937627,122289666940,6820,7220,7220,400,5.87,7220,400,5.87,7220,7220,1399-12-19
121,افق,فروشگاههاي زنجيره اي افق كوروش,1345,1720538,122786163570,72630,71420,71180,-1450,-2.0,71360,-1270,-1.75,71180,72970,1399-12-19
122,فوكا,فولاد كاويان,1339,8250945,101127545496,12492,12260,12243,-249,-1.99,12256,-236,-1.89,12243,12599,1399-12-19
123,كحافظ,كاشي‌ وسراميك‌ حافظ‌,1338,3632064,44702482850,12400,12620,12160,-240,-1.94,12320,-80,-0.65,12160,12620,1399-12-19
124,فجر,فولاد اميركبيركاشان,1338,2063113,124821961790,59550,60470,59050,-500,-0.84,60500,950,1.6,58710,62900,1399-12-19
125,جمح,ح . پتروشيمي جم,1335,3125830,87573322380,27170,28000,28000,830,3.05,28020,850,3.13,27270,29010,1399-12-19
126,البرز,بيمه البرز,1335,18059220,63190197610,3520,3600,3450,-70,-1.99,3500,-20,-0.57,3450,3670,1399-12-19
127,پلاسك,پلاسكوكار,1259,5464743,44700620770,8160,8270,8090,-70,-0.86,8180,20,0.25,8030,8330,1399-12-19
128,وسين,بيمه سينا,1235,8041106,119241615664,14876,15322,14579,-297,-2.0,14829,-47,-0.32,14579,15322,1399-12-19
129,وساخت,سرمايه‌ گذاري‌ ساختمان‌ايران‌,1230,1345115,62473103550,45870,48300,45820,-50,-0.11,46440,570,1.24,45500,48300,1399-12-19
130,ارفع,شركت آهن و فولاد ارفع,1226,6770480,91066771232,13114,13739,13222,108,0.82,13451,337,2.57,13211,13739,1399-12-19
131,بالاس,مهندسي ساختمان تاسيسات راه آهن,1221,1042237,60826411615,59125,59200,57943,-1182,-2.0,58361,-764,-1.29,57943,60700,1399-12-19
132,دتماد,توليدمواداوليه‌داروپخش‌,1216,1716241,74293319040,42280,41500,41600,-680,-1.61,43290,1010,2.39,41500,44730,1399-12-19
133,ضخود2007,اختيارخ خودرو-3000-1400/02/08,1192,50048,5995233000,112,132,106,-6,-5.36,120,8,7.14,105,132,1399-12-19
134,سبزوا,سيمان لار سبزوار,1184,8419980,30892685977,3727,3680,3653,-74,-1.99,3690,-37,-0.99,3653,3750,1399-12-19
135,شغدير,پتروشيمي غدير,1183,1822999,117906402011,65171,67000,63868,-1303,-2.0,64677,-494,-0.76,63868,67000,1399-12-19
136,فسپا,گروه‌صنعتي‌سپاهان‌,1172,1912239,73155902780,38190,39000,37530,-660,-1.73,38260,70,0.18,37430,39500,1399-12-19
137,پارسان,گسترش نفت و گاز پارسيان,1161,6375702,122021853210,18740,19540,18800,60,0.32,19120,380,2.03,18740,19760,1399-12-19
138,غبشهر,صنعتي‌ بهشهر,1152,6836496,140153737820,19380,19860,20540,1160,5.99,20500,1120,5.78,19830,20540,1399-12-19
139,چكارن,كارتن‌ ايران‌,1152,14315250,50867364830,3600,3530,3530,-70,-1.94,3550,-50,-1.39,3530,3660,1399-12-19
140,غفارس,شير پاستوريزه پگاه فارس,1149,5924727,97751286210,15570,16504,16504,934,6.0,16499,929,5.97,16006,16504,1399-12-19
141,سرچشمه,سرمايه گذاري مس سرچشمه,1147,5178798,33319598566,6436,6600,6350,-86,-1.34,6435,-1,-0.02,6308,6640,1399-12-19
142,فباهنر,مس‌ شهيدباهنر,1137,1061990,51639762900,49010,49300,48030,-980,-2.0,48630,-380,-0.78,48030,50390,1399-12-19
143,شفن,پتروشيمي فناوران,1130,320971,96615343810,296010,300800,297530,1520,0.51,300540,4530,1.53,297000,303490,1399-12-19
144,جم,پتروشيمي جم,1127,5200835,175469801720,32870,33370,33710,840,2.56,33740,870,2.65,33000,34810,1399-12-19
145,شاراك,پتروشيمي شازند,1126,3840426,93304845020,23910,24000,24330,420,1.76,24300,390,1.63,23870,24840,1399-12-19
146,ونفت,سرمايه‌گذاري‌ صنعت‌ نفت‌,1116,5256556,85004343300,16110,16110,16040,-70,-0.43,16170,60,0.37,15850,16590,1399-12-19
147,تنوين,تامين سرمايه نوين,1107,14982186,102748789010,6700,6740,6870,170,2.54,6860,160,2.39,6740,6960,1399-12-19
148,زشگزا,شير و گوشت زاگرس شهركرد,1106,5900841,46654349788,8024,7867,7864,-160,-1.99,7911,-113,-1.41,7864,8099,1399-12-19
149,وسكاب,س.ص.بازنشستگي كاركنان بانكها,1094,11334478,60354827900,5360,5370,5260,-100,-1.87,5320,-40,-0.75,5260,5450,1399-12-19
150,وسپهح,ح . سرمايه‌گذاري‌ سپه‌,1080,4075174,20773933070,5100,5150,4960,-140,-2.75,5100,0,0.0,4920,5280,1399-12-19
151,كروي,توسعه‌ معادن‌ روي‌ ايران‌,1061,1599645,42391633050,26580,26150,26050,-530,-1.99,26510,-70,-0.26,26050,27450,1399-12-19
152,فايرا,آلومينيوم‌ايران‌,1054,4036895,108978216550,27030,26550,27100,70,0.26,27000,-30,-0.11,26550,27200,1399-12-19
153,تسه9911,امتياز تسهيلات مسكن بهمن99,1030,20195,11357675353,560455,562000,550305,-10150,-1.81,562400,1945,0.35,546005,572999,1399-12-19
154,دزهراويح,ح . ‌داروسازي‌زهراوي‌,1029,2583994,12501034710,4870,4820,4730,-140,-2.87,4840,-30,-0.62,4720,5050,1399-12-19
155,وصنا,گروه‌صنايع‌بهشهرايران‌,1028,6276511,39460175120,6220,6390,6280,60,0.96,6270,50,0.8,6270,6410,1399-12-19
156,گوهران,سرمايه گذاري توسعه گوهران اميد,1018,9814493,73422169846,7623,7471,7471,-152,-1.99,7481,-142,-1.86,7471,7625,1399-12-19
157,خكرمان,گروه اقتصادي كرمان خودرو,1017,20058253,80405797976,3893,4009,4009,116,2.98,4009,116,2.98,3922,4009,1399-12-19
158,شكلر,نيروكلر,1009,2364343,122816796990,53000,51940,51940,-1060,-2.0,51950,-1050,-1.98,51940,52650,1399-12-19
159,همراه,شركت ارتباطات سيار ايران,1008,2861217,73455901600,25290,25940,25100,-190,-0.75,25570,280,1.11,25000,26200,1399-12-19
160,هرمز,فولاد هرمزگان جنوب,1008,8537625,113488689274,13155,13490,13150,-5,-0.04,13283,128,0.97,13010,13590,1399-12-19
161,شپديس,پتروشيمي پرديس,1007,2012663,185890341850,90380,91680,91800,1420,1.57,92360,1980,2.19,90400,94100,1399-12-19
162,ثباغ,شهر سازي و خانه سازي باغميشه,995,3690045,55487802373,15270,14965,14965,-305,-2.0,15037,-233,-1.53,14965,15420,1399-12-19
163,دي,بانك دي,985,2596341,51649011513,20298,19893,19893,-405,-2.0,19893,-405,-2.0,19893,19893,1399-12-19
164,زگلدشت,كشت و دام گلدشت نمونه اصفهان,982,1925889,85761136154,45339,44433,44433,-906,-2.0,44531,-808,-1.78,44433,45459,1399-12-19
165,غالبر,لبنيات‌ كالبر,972,3667842,65550491520,18200,17840,17840,-360,-1.98,17870,-330,-1.81,17840,18240,1399-12-19
166,وسينا,بانك سينا,971,17919619,58975695490,3310,3320,3270,-40,-1.21,3290,-20,-0.6,3250,3350,1399-12-19
167,سشرق,سيمان‌ شرق‌,964,5385507,37928788520,7100,7170,6960,-140,-1.97,7060,-40,-0.56,6960,7190,1399-12-19
168,سنوين,سرمايه گذاري اقتصاد نوين,963,6421646,64571177468,10297,9886,9886,-411,-3.99,10055,-242,-2.35,9886,10790,1399-12-19
169,ستران,سيمان‌ تهران‌,959,1730809,46412477140,27190,27000,26650,-540,-1.99,26840,-350,-1.29,26650,27500,1399-12-19
170,رمپنا,گروه مپنا (سهامي عام),950,6044302,97599873980,16160,16000,16000,-160,-0.99,16150,-10,-0.06,15920,16600,1399-12-19
171,پكوير,كوير تاير,948,4980887,67934782870,13890,13620,13620,-270,-1.94,13640,-250,-1.8,13620,13900,1399-12-19
172,خريخت,صنايع‌ريخته‌گري‌ايران‌,947,7637149,26357176040,3470,3550,3410,-60,-1.73,3460,-10,-0.29,3410,3590,1399-12-19
173,خكاوه,سايپا ديزل,944,8739833,29790761885,3416,3455,3348,-68,-1.99,3409,-7,-0.2,3348,3500,1399-12-19
174,تكنار,مجتمع معادن مس تكنار,939,587109,80944205736,135290,136000,139348,4058,3.0,137869,2579,1.91,132585,139348,1399-12-19
175,نوين,بيمه نوين,936,5745814,33727365340,5943,5940,5825,-118,-1.99,5891,-52,-0.87,5825,6050,1399-12-19
176,رانفور,خدمات‌انفورماتيك‌,932,2946840,69559486720,23790,24120,23320,-470,-1.98,23630,-160,-0.67,23320,24190,1399-12-19
177,فولاژ,فولاد آلياژي ايران,930,2860537,50946988610,17970,18390,17620,-350,-1.95,17860,-110,-0.61,17620,18390,1399-12-19
178,فالوم,آلومتك‌,921,2240484,90580980346,40194,40300,39391,-803,-2.0,40429,235,0.58,39391,41399,1399-12-19
179,غگلپا,شير پاستوريزه پگاه گلپايگان,920,479934,33488443451,68119,71850,69710,1591,2.34,69250,1131,1.66,68200,71850,1399-12-19
180,سمازن,سيمان‌مازندران‌,913,3368539,40117537490,11990,12000,11780,-210,-1.75,11920,-70,-0.58,11760,12180,1399-12-19
181,وملل,اعتباري ملل,912,12441180,172725039262,13793,14000,13550,-243,-1.76,13883,90,0.65,13528,14400,1399-12-19
182,نهال,صندوق س. طلاي سرخ نوويرا,907,1400620,13228912402,9622,9500,9500,-122,-1.27,9445,-177,-1.84,9230,9550,1399-12-19
183,شاوان,پالايش نفت لاوان,899,978780,83257654255,83621,84157,83622,1,0.0,85063,1442,1.72,82130,87679,1399-12-19
184,شلرد,كود شيميايي اوره لردگان,888,11130488,78760125473,6880,6942,7086,206,2.99,7076,196,2.85,6942,7086,1399-12-19
185,شگلح,ح . گلتاش‌,876,3352350,23578012110,6820,7000,6750,-70,-1.03,7030,210,3.08,6730,7490,1399-12-19
186,طلا,صندوق س.پشتوانه طلاي لوتوس,875,464040,34684715659,75598,75491,74502,-1096,-1.45,74745,-853,-1.13,74420,75491,1399-12-19
187,رنيك,جنرال مكانيك,851,1415062,28860976440,20649,20350,20270,-379,-1.84,20503,-146,-0.71,20250,20830,1399-12-19
188,وبوعلي,سرمايه‌گذاري‌بوعلي‌,844,5102192,29122774330,5740,5870,5630,-110,-1.92,5720,-20,-0.35,5630,5870,1399-12-19
189,وسپه,سرمايه‌گذاري‌ سپه‌,834,4423120,29953077170,6620,6800,6580,-40,-0.6,6710,90,1.36,6510,6970,1399-12-19
190,تيپيكو,سرمايه گذاري دارويي تامين,822,1942017,77667278770,40020,40200,39800,-220,-0.55,39990,-30,-0.07,39300,40800,1399-12-19
191,فنوال,نورد آلومينيوم‌,806,1993417,50188368830,25410,24920,24910,-500,-1.97,25180,-230,-0.91,24910,26000,1399-12-19
192,شرانل,نفت ايرانول,802,1275984,47684185903,37898,37170,37141,-757,-2.0,37429,-469,-1.24,37141,38290,1399-12-19
193,ياقوت,صندوق س ياقوت آگاه-ثابت,800,18069191,217175722129,12010,12020,12023,13,0.11,12019,9,0.07,12019,12025,1399-12-19
194,خراسان,پتروشيمي خراسان,792,1091916,75993761950,67520,68500,69540,2020,2.99,69600,2080,3.08,67110,71500,1399-12-19
195,سپاها,سيمان‌سپاهان‌,786,3775365,32950463950,8660,8670,8620,-40,-0.46,8710,50,0.58,8550,8950,1399-12-19
196,شخارك,پتروشيمي‌ خارك‌,782,2242832,96987435610,42400,43500,42310,-90,-0.21,43190,790,1.86,42200,44000,1399-12-19
197,فسازان,غلتك سازان سپاهان,777,1162182,39142728900,33610,33400,32940,-670,-1.99,33670,60,0.18,32940,34400,1399-12-19
198,كاردان,صندوق س تجارت شاخصي كاردان,769,380589,59300930990,154610,155900,152200,-2410,-1.56,155810,1200,0.78,151660,157690,1399-12-19
199,اميد,تامين سرمايه اميد,760,5149557,44010745400,8620,8630,8450,-170,-1.97,8550,-70,-0.81,8450,8750,1399-12-19
200,فافزا,فولاد افزا سپاهان,756,668640,34688191550,50888,51400,52414,1526,3.0,51879,991,1.95,51000,52414,1399-12-19
201,وپترو,سرمايه‌گذاري صنايع پتروشيمي‌,751,3204003,48019052290,15180,15000,14880,-300,-1.98,14990,-190,-1.25,14880,15500,1399-12-19
202,شراز,پالايش نفت شيراز,740,314407,35605815949,113519,118000,111249,-2270,-2.0,113345,-174,-0.15,111249,118000,1399-12-19
203,آريان,سرمايه گذاري پارس آريان,734,10968888,120466242595,11136,11300,10914,-222,-1.99,10983,-153,-1.37,10914,11377,1399-12-19
204,كمينا,شيشه سازي مينا,733,1250761,31376607769,25498,26190,24989,-509,-2.0,25086,-412,-1.62,24989,26190,1399-12-19
205,سيستم,همكاران سيستم,726,1508345,39233764510,26110,25590,26350,240,0.92,26030,-80,-0.31,25590,26500,1399-12-19
206,حسينا,توسعه خدمات دريايي وبندري سينا,726,1925282,135760079220,71791,72510,70356,-1435,-2.0,70514,-1277,-1.78,70356,72510,1399-12-19
207,سباقر,سيمان باقران,721,2092863,39735350803,19041,18800,19110,69,0.36,18986,-55,-0.29,18661,19300,1399-12-19
208,پارس,پتروشيمي پارس,712,987021,133555178860,132680,134120,136050,3370,2.54,135310,2630,1.98,133730,139510,1399-12-19
209,وخاور,بانك خاورميانه,709,4828128,43481148400,8810,9000,9010,200,2.27,8970,160,1.82,8860,9220,1399-12-19
210,ضخود2006,اختيارخ خودرو-2500-1400/02/08,698,23925,5770216000,217,238,225,8,3.69,241,24,11.06,210,270,1399-12-19
211,بساما,بيمه سامان,686,2957822,59928252130,20668,20300,20255,-413,-2.0,20261,-407,-1.97,20255,20990,1399-12-19
212,تسه9910,امتياز تسهيلات مسكن دي99,686,32501,18186958504,559476,560500,531506,-27970,-5.0,559581,105,0.02,531505,560500,1399-12-19
213,وتوكا,سرمايه‌گذاري‌توكافولاد(هلدينگ,684,6210849,68247191360,11150,11000,10930,-220,-1.97,10990,-160,-1.43,10930,11390,1399-12-19
214,وكار,بانك‌ كارآفرين‌,669,11873808,29238058120,2470,2470,2430,-40,-1.62,2470,0,0.0,2430,2550,1399-12-19
215,فاما,صنعتي‌ آما,663,2465972,50379896380,20830,20420,20420,-410,-1.97,20430,-400,-1.92,20420,20790,1399-12-19
216,دشيميح,ح . شيمي‌ داروئي‌ داروپخش‌,661,1126326,23314863490,21280,20710,20430,-850,-3.99,20700,-580,-2.73,20430,21500,1399-12-19
217,اطلس,صندوق س.توسعه اندوخته آينده-س,661,1739715,360857325549,201547,202780,205301,3754,1.86,207423,5876,2.92,202001,208330,1399-12-19
218,زفكاح,ح . كشت و دامداري فكا,653,1956238,15056885529,7623,7595,7700,77,1.01,7697,74,0.97,7595,7770,1399-12-19
219,بميلا,توسعه بازرگاني آهن وفولادميلاد,650,4081200,68911917907,17732,16846,16846,-886,-5.0,16885,-847,-4.78,16846,17199,1399-12-19
220,وايرا,سرمايه گذاري صنايع ايران,644,3641873,41419034576,11592,11361,11361,-231,-1.99,11373,-219,-1.89,11361,11590,1399-12-19
221,تبرك,گروه كارخانجات صنعتي تبرك,638,1063610,17983493105,17101,16844,16759,-342,-2.0,17032,-69,-0.4,16759,17300,1399-12-19
222,شوينده,مديريت صنعت شوينده ت.ص.بهشهر,636,1000409,30403131240,30240,30000,30800,560,1.85,30330,90,0.3,29970,30960,1399-12-19
223,دفرا,فرآورده‌هاي‌ تزريقي‌ ايران‌,633,866404,22696672560,26450,25930,25930,-520,-1.97,26330,-120,-0.45,25930,26990,1399-12-19
224,پسهند,صنايع‌ لاستيكي‌  سهند,629,1056361,45718850040,43690,42820,44600,910,2.08,43310,-380,-0.87,42820,45450,1399-12-19
225,وحكمت,بيمه حكمت صبا,619,6038273,23117359827,3885,3851,3808,-77,-1.98,3828,-57,-1.47,3808,3930,1399-12-19
226,وتوشه,سرمايه‌ گذاري‌ پارس‌ توشه‌,618,1501164,33824390820,22850,22400,22610,-240,-1.05,22630,-220,-0.96,22400,23000,1399-12-19
227,شكربن,كربن‌ ايران‌,610,384771,35619341000,93940,92130,92070,-1870,-1.99,92930,-1010,-1.08,92070,95800,1399-12-19
228,بموتو,موتوژن‌,605,463486,25998009800,57060,56490,55920,-1140,-2.0,56540,-520,-0.91,55920,57450,1399-12-19
229,كپرور,فرآوري زغال سنگ پروده طبس,577,504902,20208763097,39323,41580,39290,-33,-0.08,39603,280,0.71,38537,41682,1399-12-19
230,ميدكو,هلدينگ صنايع  معدني خاورميانه,576,2311235,70070544476,30123,30125,30349,226,0.75,30237,114,0.38,30125,30498,1399-12-19
231,رتاپ,تجارت الكترونيك  پارسيان,576,2221797,14518752230,6540,6800,6480,-60,-0.92,6540,0,0.0,6450,6800,1399-12-19
232,وصندوق,سرمايه‌گذاري‌صندوق‌بازنشستگي‌,572,5249805,69039359550,13150,13340,13200,50,0.38,13150,0,0.0,12890,13460,1399-12-19
233,واعتبار,سرمايه گذاري اعتبار ايران,568,4258154,38593910080,9230,9050,9060,-170,-1.84,9100,-130,-1.41,9050,9280,1399-12-19
234,فيروزه,صندوق شاخص30 شركت فيروزه- سهام,565,267477,36192748770,135170,138400,132520,-2650,-1.96,135310,140,0.1,132160,138400,1399-12-19
235,وبشهر,توسعه‌ صنايع‌ بهشهر(هلدينگ,554,1776853,20418230970,11440,11500,11350,-90,-0.79,11460,20,0.17,11310,11920,1399-12-19
236,بالبر,كابل‌ البرز,553,775988,48429411080,58880,62410,62410,3530,6.0,62000,3120,5.3,62410,62410,1399-12-19
237,كهمدا,شيشه‌ همدان‌,552,1084149,10842434500,9960,10200,9810,-150,-1.51,9970,10,0.1,9800,10240,1399-12-19
238,وآرين,شركت توسعه اقتصادي آرين,550,3842065,15031254649,3955,3904,3876,-79,-2.0,3922,-33,-0.83,3876,4000,1399-12-19
239,زرين,صندوق س. سهام زرين كوروش-س,543,777922,7842474461,9910,10100,9930,20,0.2,10081,171,1.73,9814,10260,1399-12-19
240,سحرخيز,صندوق س. گروه زعفران سحرخيز,541,1185858,11358756001,9652,9649,9515,-137,-1.42,9579,-73,-0.76,9460,9650,1399-12-19
241,غبهنوش,بهنوش‌ ايران‌,538,469593,34529857880,74850,73360,73360,-1490,-1.99,73910,-940,-1.26,73360,74850,1399-12-19
242,قجامح,ح.فرآورده غذايي وقندتربت‌جام,534,5362559,34279282736,6518,6388,6388,-130,-1.99,6392,-126,-1.93,6388,6499,1399-12-19
243,تصميم,صندوق س با درآمد ثابت تصميم,531,9378679,148416133014,15816,15823,15829,13,0.08,15825,9,0.06,15822,15830,1399-12-19
244,سيدكو,سرمايه گذاري توسعه صنايع سيمان,526,2684466,16415151170,6160,6080,6060,-100,-1.62,6140,-20,-0.32,6060,6230,1399-12-19
245,لسرما,سرما آفرين‌,524,2072957,55865403510,27440,26900,26900,-540,-1.97,26950,-490,-1.79,26900,27850,1399-12-19
246,نطرين,عطرين نخ قم,524,1476013,17522184463,12083,12083,11842,-241,-1.99,12006,-77,-0.64,11842,12090,1399-12-19
247,سخوز,سيمان خوزستان,521,1998569,44778018330,22310,22200,22220,-90,-0.4,22400,90,0.4,22200,22900,1399-12-19
248,وتوس,توسعه‌شهري‌توس‌گستر,505,1955370,28120904620,14670,14380,14380,-290,-1.98,14500,-170,-1.16,14380,14470,1399-12-19
249,فلات,گروه صنايع معادن فلات ايرانيان,499,1265704,17160986528,13595,13900,13351,-244,-1.79,13565,-30,-0.22,13324,13900,1399-12-19
250,شنفت,نفت‌ پارس‌,499,346378,17193617670,50200,49230,49200,-1000,-1.99,50010,-190,-0.38,49200,50800,1399-12-19
251,تسه9908,امتياز تسهيلات مسكن آبان99,499,18295,10224903915,559052,560000,559000,-52,-0.01,558891,-161,-0.03,540222,560000,1399-12-19
252,افران,صندوق س افرا نماد پايدار-ثابت,492,15875907,203738174214,12830,12832,12833,3,0.02,12833,3,0.02,12832,12843,1399-12-19
253,كرماشا,صنايع پتروشيمي كرمانشاه,484,972179,34566313940,34330,35310,35390,1060,3.09,35140,810,2.36,34500,36370,1399-12-19
254,ضسپا3004,اختيارخ خساپا-2500-1400/03/26,484,23057,5337403000,221,275,202,-19,-8.6,231,10,4.52,200,275,1399-12-19
255,شپارس,بين‌ المللي‌ محصولات‌  پارس‌,474,1222563,23981806960,19780,19990,19390,-390,-1.97,19700,-80,-0.4,19390,20330,1399-12-19
256,كاريس,صندوق س.سپهر كاريزما-س,464,2513840,26776165606,10578,10680,10580,2,0.02,10651,73,0.69,10500,10797,1399-12-19
257,دتمادح,ح . توليدمواداوليه‌داروپخش‌,457,8429272,305585733770,36250,40600,36290,40,0.11,36250,0,0.0,36250,40600,1399-12-19
258,سكه0012پ01,سكه تمام بهارتحويلي 1روزه رفاه,452,227100,233304184500,1036208,1032999,1028878,-7330,-0.71,1027319,-8889,-0.86,1023000,1033000,1399-12-19
259,آكورد,صندوق س. آرمان آتي كوثر-د,441,3086696,95924540159,31060,31075,31076,16,0.05,31077,17,0.05,31075,31080,1399-12-19
260,واحيا,م .صنايع و معادن احياء سپاهان,439,736931,106273002000,145638,143000,142726,-2912,-2.0,144210,-1428,-0.98,142726,148000,1399-12-19
261,اتكام,شركت بيمه اتكايي امين,437,2728581,13498325700,5005,4905,4905,-100,-2.0,4989,-16,-0.32,4905,5120,1399-12-19
262,وتوسم,سرمايه‌گذاري‌توسعه‌ملي‌,424,3757573,37906124640,10730,10240,10040,-690,-6.43,10100,-630,-5.87,10040,10240,1399-12-19
263,وثنو,سرمايه گذاري ساختماني نوين,422,1876883,10436322114,5788,5621,5640,-148,-2.56,5664,-124,-2.14,5499,6000,1399-12-19
264,گشان,توسعه بين المللي پديده شانديز,415,491124,16243926300,33750,33075,33075,-675,-2.0,33192,-558,-1.65,33075,33075,1399-12-19
265,بپيوند,برق و انرژي پيوندگستر پارس,404,1817637,26277578109,14752,14457,14457,-295,-2.0,14598,-154,-1.04,14457,14457,1399-12-19
266,خزاميا,زامياد,393,3845813,31420292210,8330,8170,8170,-160,-1.92,8230,-100,-1.2,8170,8170,1399-12-19
267,شساخت,مهندسي و ساختمان صنايع نفت,391,1189762,45047768535,39359,37785,37785,-1574,-4.0,37863,-1496,-3.8,37785,38980,1399-12-19
268,شصفها,پتروشيمي‌ اصفهان‌,390,295715,39992729963,137849,135110,135093,-2756,-2.0,135241,-2608,-1.89,135093,137390,1399-12-19
269,سپ,پرداخت الكترونيك سامان كيش,384,572739,9798955160,17100,16770,16760,-340,-1.99,17100,0,0.0,16760,17630,1399-12-19
270,فنورد,نوردوقطعات‌ فولادي‌,380,125593,24604662390,199380,198080,195400,-3980,-2.0,197620,-1760,-0.88,195400,199630,1399-12-19
271,سكرما,سيمان‌ كرمان‌,374,1375721,24077595620,17830,17510,17480,-350,-1.96,17670,-160,-0.9,17480,18000,1399-12-19
272,كگهر,سنگ آهن گهرزمين,371,667613,30933690785,46070,47900,46200,130,0.28,46137,67,0.15,46120,47900,1399-12-19
273,دكپسولح,ح .توليد ژلاتين كپسول ايران,369,360113,8264590609,22809,22630,22539,-270,-1.18,22950,141,0.62,22400,23678,1399-12-19
274,دعبيد,لابراتوارداروسازي‌  دكترعبيدي‌,365,850026,18346756490,21970,21980,21550,-420,-1.91,21820,-150,-0.68,21540,21980,1399-12-19
275,ارمغان,ص سرمايه گذاري ارمغان ايرانيان,364,11732663,117711055244,10019,10026,10034,15,0.15,10033,14,0.14,10021,10041,1399-12-19
276,پكرمان,گروه‌ صنعتي‌ بارز,358,1447803,36716842550,25540,25150,25030,-510,-2.0,25410,-130,-0.51,25030,26480,1399-12-19
277,ساينا,صنايع بهداشتي ساينا,352,77160,12331724706,160246,160246,159960,-286,-0.18,160142,-104,-0.06,158000,163282,1399-12-19
278,شپاس,نفت پاسارگاد,350,706227,15084978137,20960,21599,21063,103,0.49,21078,118,0.56,20930,21600,1399-12-19
279,زپارس,ملي كشت و صنعت و دامپروري پارس,328,178732,30486745700,172560,180000,169110,-3450,-2.0,171310,-1250,-0.72,169110,180000,1399-12-19
280,كگاز,شيشه‌ و گاز,327,785018,14360826140,18660,18290,18290,-370,-1.98,18550,-110,-0.59,18290,18650,1399-12-19
281,شيراز,پتروشيمي‌شيراز,320,460721,23797036520,50640,51070,50300,-340,-0.67,50870,230,0.45,50120,52790,1399-12-19
282,آساميد,صندوق س.مشترك آسمان اميد -د,318,14476946,168639839361,11643,11649,11648,5,0.04,11649,6,0.05,11648,11654,1399-12-19
283,قنقش,قند نقش جهان,317,1075290,80474636221,73418,74886,74886,1468,2.0,74840,1422,1.94,71950,74886,1399-12-19
284,لبوتان,گروه‌صنعتي‌بوتان‌,316,321913,19907487310,63070,61840,61810,-1260,-2.0,62570,-500,-0.79,61810,63000,1399-12-19
285,شجم,صنايع پتروشيمي تخت جمشيد,316,2239844,22072130882,10027,9827,9827,-200,-1.99,9878,-149,-1.49,9827,10100,1399-12-19
286,انرژي3,سايراشخاص بورس انرژي,314,92822,24499438680,269320,263940,263940,-5380,-2.0,267240,-2080,-0.77,263940,263940,1399-12-19
287,سهگمت,سيمان‌هگمتان‌,309,401462,10257679770,25710,25800,25840,130,0.51,25680,-30,-0.12,25210,25960,1399-12-19
288,بفجر,فجر انرژي خليج فارس,306,897005,20317660180,22650,22660,22850,200,0.88,22650,0,0.0,22390,22980,1399-12-19
289,خمحور,توليدمحورخودرو,303,429411,25079749100,59510,58340,58320,-1190,-2.0,58930,-580,-0.97,58320,60250,1399-12-19
290,عيار,صندوق س. پشتوانه طلاي مفيد,302,367595,9566780530,26256,26190,25950,-306,-1.17,26025,-231,-0.88,25810,26197,1399-12-19
291,ختوقا,قطعات‌ اتومبيل‌ ايران‌,298,4817188,12958235720,2740,2690,2690,-50,-1.82,2730,-10,-0.36,2690,2690,1399-12-19
292,فردا,صندوق س آواي فرداي زاگرس-ثابت,290,11088033,114162584621,10288,10296,10300,12,0.12,10296,8,0.08,10296,10300,1399-12-19
293,تسه9909,امتياز تسهيلات مسكن آذر99,290,4337,2410121467,559819,550000,531829,-27990,-5.0,555712,-4107,-0.73,531829,585980,1399-12-19
294,دكيمي,كيميدارو,281,299173,7646443470,25920,26300,25650,-270,-1.04,25860,-60,-0.23,25410,26300,1399-12-19
295,كنور,توسعه معدني و صنعتي صبانور,278,437207,18717628300,42500,44000,42510,10,0.02,42620,120,0.28,42020,44290,1399-12-19
296,ريشمك,توليد و صادرات ريشمك,271,271495,14246957483,53430,52362,52362,-1068,-2.0,53145,-285,-0.53,52362,53000,1399-12-19
297,ماديرا,صنايع ماشين هاي اداري ايران,270,860781,7652343090,9071,8890,8890,-181,-2.0,9042,-29,-0.32,8890,8890,1399-12-19
298,سنفت008,سلف موازي استاندارد سنفت008,265,13197710,19499986060880,1477528,1477528,1477528,0,0.0,1477528,0,0.0,1477528,1477528,1399-12-19
299,دلر,داروسازي‌ اكسير,263,850691,31205668210,36940,37490,36230,-710,-1.92,36780,-160,-0.43,36210,37490,1399-12-19
300,ما,بيمه  ما,254,3430579,26240100920,7730,7610,7580,-150,-1.94,7690,-40,-0.52,7580,7820,1399-12-19
301,فلوله,لوله‌وماشين‌سازي‌ايران‌,252,506815,10507455400,21150,21000,20730,-420,-1.99,21060,-90,-0.43,20730,21000,1399-12-19
302,شكبير,پتروشيمي اميركبير,245,364589,31796323152,87317,89900,85573,-1744,-2.0,87283,-34,-0.04,85573,89936,1399-12-19
303,سفانو,سيمان فارس نو,245,441673,18503510790,42720,41880,41870,-850,-1.99,42400,-320,-0.75,41870,42120,1399-12-19
304,پتاير,ايران‌ تاير,242,11675379,51605175180,4510,4420,4420,-90,-2.0,4420,-90,-2.0,4420,4420,1399-12-19
305,بسويچ,پارس‌سويچ‌,237,250640,13066156480,53170,52110,52110,-1060,-1.99,52890,-280,-0.53,52110,53170,1399-12-19
306,ضشنا2002,اختيارخ شپنا-12000-1400/02/27,236,3012,5466480000,1492,1880,1669,177,11.86,1815,323,21.65,1500,1950,1399-12-19
307,آساس,صندوق س.آسمان آرماني سهام-س,232,97895,15606848597,158035,160000,158285,250,0.16,159424,1389,0.88,158038,160700,1399-12-19
308,ثشاهد,سرمايه‌ گذاري‌ شاهد,228,1302739,24660849270,19310,18930,18930,-380,-1.97,19120,-190,-0.98,18930,18930,1399-12-19
309,بخاور,بيمه زندگي خاورميانه,226,2420300,16906302750,7126,6984,6984,-142,-1.99,7077,-49,-0.69,6984,7070,1399-12-19
310,غپونه,نوش پونه مشهد,220,599834,12901273285,21921,21483,21483,-438,-2.0,21649,-272,-1.24,21483,21750,1399-12-19
311,خمحركه,نيرو محركه‌,214,2173160,10474631200,4910,4820,4820,-90,-1.83,4890,-20,-0.41,4820,4820,1399-12-19
312,پارسيان,بيمه پارسيان,213,4112698,45979963640,11400,11180,11180,-220,-1.93,11190,-210,-1.84,11180,11180,1399-12-19
313,گوهر,صندوق سكه طلاي كيان,210,1430184,72943232098,51572,51499,50901,-671,-1.3,51003,-569,-1.1,50511,51499,1399-12-19
314,جهرم,پتروشيمي جهرم,208,2031627,3863192760,1939,1902,1901,-38,-1.96,1931,-8,-0.41,1901,1920,1399-12-19
315,دارا,صندوق س. دارا الگوريتم-د,207,5823420,58352619004,10027,10042,10026,-1,-0.01,10020,-7,-0.07,10011,10042,1399-12-19
316,دسبحا,گروه دارويي سبحان,207,433513,8010362770,18800,18800,18430,-370,-1.97,18750,-50,-0.27,18430,18800,1399-12-19
317,زر,صندوق س.پشتوانه سكه طلاي زر,206,188884,8503613135,45692,45100,45000,-692,-1.51,45020,-672,-1.47,44900,45486,1399-12-19
318,قثابت,قند ثابت‌ خراسان‌,204,387969,26703906270,70230,68830,68830,-1400,-1.99,69450,-780,-1.11,68830,68830,1399-12-19
319,دالبر,البرزدارو,201,193749,2870118450,15060,15060,14760,-300,-1.99,15040,-20,-0.13,14760,15060,1399-12-19
320,امين يكم2,صندوق درآمد ثابت امين يكم فردا,200,20000000,20000000,10167,1,1,-10166,-99.99,1,-10166,-99.99,1,1,1399-12-19
321,تسه9907,امتياز تسهيلات مسكن مهر99,196,3241,1798109636,554981,530522,531000,-23981,-4.32,554801,-180,-0.03,530112,565000,1399-12-19
322,شپلي,پلي اكريل ايران,194,2248987,23531150981,10676,10463,10463,-213,-2.0,10463,-213,-2.0,10463,10463,1399-12-19
323,فروي,ذوب روي اصفهان,193,203163,13143833448,66016,64696,64696,-1320,-2.0,65657,-359,-0.54,64696,64696,1399-12-19
324,سكه9912پ04,سكه تمام بهارتحويل1روزه صادرات,188,139700,143628035700,1034988,1022999,1028800,-6188,-0.6,1028118,-6870,-0.66,1022999,1033480,1399-12-19
325,سپاس,صندوق س. پاداش سهامداري توسعه1,186,4293050,43019457902,10016,10020,10021,5,0.05,10021,5,0.05,10020,10025,1399-12-19
326,ضخود2005,اختيارخ خودرو-2000-1400/02/08,181,4568,2692590000,545,600,565,20,3.67,589,44,8.07,548,650,1399-12-19
327,بپاس,بيمه پاسارگاد,175,522011,36514669450,71377,69950,69950,-1427,-2.0,70822,-555,-0.78,69950,69950,1399-12-19
328,خبازرس,بازرسي مهندسي و صنعتي ايران,175,523608,18976077528,36980,36241,36241,-739,-2.0,36288,-692,-1.87,36241,36241,1399-12-19
329,شفا,سرمايه گذاري شفادارو,171,133952,6107220630,46510,45590,45580,-930,-2.0,46390,-120,-0.26,45580,45870,1399-12-19
330,وبيمهح,ح . سرمايه‌ گذاري‌ صنعت‌ بيمه‌,171,5104644,5514545230,1100,1090,1060,-40,-3.64,1080,-20,-1.82,1060,1090,1399-12-19
331,خپويش,سازه‌ پويش‌,170,157651,9411734130,60900,59700,59690,-1210,-1.99,60670,-230,-0.38,59690,60200,1399-12-19
332,دانا,بيمه دانا,168,2957773,19698768180,6790,6660,6660,-130,-1.91,6740,-50,-0.74,6660,6660,1399-12-19
333,پخش,پخش البرز,167,360880,12283816699,34690,34690,33997,-693,-2.0,34526,-164,-0.47,33997,34900,1399-12-19
334,آتيمس,صندوق س.آرمان آتيه درخشان مس-س,166,54567,9780308136,178186,179000,177054,-1132,-0.64,179235,1049,0.59,176300,182000,1399-12-19
335,وخارزم,سرمايه گذاري خوارزمي,165,1151794,9810323700,8440,8440,8590,150,1.78,8450,10,0.12,8440,8600,1399-12-19
336,وساپا,سرمايه‌گذاري‌ سايپا,164,2763741,17245743840,6360,6240,6240,-120,-1.89,6320,-40,-0.63,6240,6240,1399-12-19
337,ساروج,بين المللي ساروج بوشهر,164,503227,10467681174,21159,20750,20736,-423,-2.0,20958,-201,-0.95,20736,21759,1399-12-19
338,ثبهساز,بهساز كاشانه تهران,160,1587813,3683726160,2360,2320,2320,-40,-1.69,2360,0,0.0,2320,2320,1399-12-19
339,شگل,گلتاش‌,159,1641511,17334356160,10770,10560,10560,-210,-1.95,10700,-70,-0.65,10560,10560,1399-12-19
340,اطلس2,صندوق س.توسعه اندوخته آينده-س,158,1580000,1580000,201547,1,1,-201546,-100.0,1,-201546,-100.0,1,1,1399-12-19
341,افق ملت,صندوق س در سهام افق ملت,156,48559,5968843150,119760,121000,121010,1250,1.04,122920,3160,2.64,121000,123420,1399-12-19
342,بورس,بورس اوراق بهادار تهران,152,491658,18746919540,38900,38130,38130,-770,-1.98,38660,-240,-0.62,38130,38130,1399-12-19
343,شرنگي,شيميايي رنگين,151,149286,31706554968,206202,212388,212388,6186,3.0,212388,6186,3.0,212388,212388,1399-12-19
344,مارون,پتروشيمي مارون,149,105015,15647807168,149036,149000,148050,-986,-0.66,149031,-5,0.0,148000,150500,1399-12-19
345,غمهرا,توليدي‌مهرام‌,148,82690,9988125100,123250,120790,120790,-2460,-2.0,122750,-500,-0.41,120790,120790,1399-12-19
346,تماوند,تامين سرمايه دماوند,145,1328403,19232618634,14057,14478,14478,421,2.99,14458,401,2.85,14478,14478,1399-12-19
347,سپيدار,سپيدار سيستم آسيا,145,332190,21729876660,66748,65414,65414,-1334,-2.0,66141,-607,-0.91,65414,65414,1399-12-19
348,گوهر2,صندوق سكه طلاي كيان,140,1400000,1400000,51572,1,1,-51571,-100.0,1,-51571,-100.0,1,1,1399-12-19
349,شسينا,صنايع‌شيميايي‌سينا,139,200061,27174285630,138600,135830,135830,-2770,-2.0,137060,-1540,-1.11,135830,135830,1399-12-19
350,فرابورس,فرابورس ايران,137,167810,5479835550,33321,32655,32655,-666,-2.0,33246,-75,-0.23,32655,32655,1399-12-19
351,سقاين,سيمان‌ قائن‌,137,334658,25487553280,77710,76160,76160,-1550,-1.99,76900,-810,-1.04,76160,76160,1399-12-19
352,تسه9802,امتياز تسهيلات مسكن ارديبهشت98,136,2000,1119582651,551147,530142,578703,27556,5.0,559791,8644,1.57,530122,578704,1399-12-19
353,آسيا,بيمه آسيا,135,1319134,3113156240,2400,2360,2360,-40,-1.67,2400,0,0.0,2360,2360,1399-12-19
354,سغرب,سيمان‌غرب‌,134,166450,6388351000,39160,38380,38380,-780,-1.99,39050,-110,-0.28,38380,38380,1399-12-19
355,دسبحان,سبحان دارو,134,215065,4642812650,21860,21860,21430,-430,-1.97,21830,-30,-0.14,21430,21860,1399-12-19
356,فرآور,فرآوري‌موادمعدني‌ايران‌,134,703793,25681406570,37230,36490,36490,-740,-1.99,36840,-390,-1.05,36490,36490,1399-12-19
357,تسه9801,امتياز تسهيلات مسكن فروردين98,134,1847,1002571533,545491,536200,540000,-5491,-1.01,542811,-2680,-0.49,535039,554768,1399-12-19
358,فيروزا,صندوق بادرآمد ثابت فيروزه آسيا,131,407277,9003167577,22147,22122,22147,0,0.0,22106,-41,-0.19,22050,22163,1399-12-19
359,كوثر,بيمه كوثر,129,1027106,14935148346,14837,14541,14541,-296,-2.0,14747,-90,-0.61,14541,14541,1399-12-19
360,تسه9904,امتياز تسهيلات مسكن تير99,129,2857,1605029313,558291,532622,555000,-3291,-0.59,561788,3497,0.63,532622,586205,1399-12-19
361,كيان2,صندوق س. با درآمد ثابت كيان,128,12800000,12800000,27472,1,1,-27471,-100.0,1,-27471,-100.0,1,1,1399-12-19
362,غزر,صنعتي زر ماكارون,126,142009,3687973730,26500,25970,25970,-530,-2.0,26460,-40,-0.15,25970,25970,1399-12-19
363,كالا,بورس كالاي ايران,125,211293,7215655950,34840,34150,34150,-690,-1.98,34740,-100,-0.29,34150,34150,1399-12-19
364,دماوند,توليد نيروي برق دماوند,125,109856,5206954688,48365,47398,47398,-967,-2.0,48269,-96,-0.2,47398,47398,1399-12-19
365,تسه9902,امتياز تسهيلات مسكن ارديبهشت99,124,1656,922683693,556123,530522,570000,13877,2.5,557176,1053,0.19,528317,579998,1399-12-19
366,زملارد,كشاورزي و دامپروري ملارد شير,124,223585,8044811885,36715,35981,35981,-734,-2.0,36593,-122,-0.33,35981,35981,1399-12-19
367,اخزا909,اسنادخزانه-م9بودجه99-020316,123,335377,212933080547,635813,634111,635000,-813,-0.13,634907,-906,-0.14,631112,637000,1399-12-19
368,چدن,توليدي چدن سازان,123,215697,5280262560,24970,24480,24480,-490,-1.96,24920,-50,-0.2,24480,24480,1399-12-19
369,زبينا,كشاورزي و دامپروري بينالود,122,841496,2984786312,3619,3547,3547,-72,-1.99,3615,-4,-0.11,3547,3547,1399-12-19
370,سپح,ح . پرداخت الكترونيك سامان كيش,120,1200000,18276000000,15230,15230,15230,0,0.0,15230,0,0.0,15230,15230,1399-12-19
371,كسرا,سراميك‌هاي‌صنعتي‌اردكان‌,120,1036884,22593702360,22230,21790,21790,-440,-1.98,22030,-200,-0.9,21790,21790,1399-12-19
372,كارين,صندوق س نگين سامان-ثابت,118,3685911,37262898552,10107,10109,10112,5,0.05,10110,3,0.03,10109,10114,1399-12-19
373,تليسه,دامداري تليسه نمونه,115,600808,2649563280,4500,4410,4410,-90,-2.0,4495,-5,-0.11,4410,4410,1399-12-19
374,فسرب,ملي‌ سرب‌وروي‌ ايران‌,115,81705,6695724750,83620,81950,81950,-1670,-2.0,83390,-230,-0.28,81950,81950,1399-12-19
375,شاملاح,ح . معدني‌ املاح‌  ايران‌,114,1248947,55029769410,44200,44200,44000,-200,-0.45,44060,-140,-0.32,44000,44200,1399-12-19
376,فزرين,زرين معدن آسيا,112,178344,4883950440,27943,27385,27385,-558,-2.0,27885,-58,-0.21,27385,27385,1399-12-19
377,فردا2,صندوق س آواي فرداي زاگرس-ثابت,110,11000000,11000000,10288,1,1,-10287,-99.99,1,-10287,-99.99,1,1,1399-12-19
378,تسه9810,امتياز تسهيلات مسكن دي98,110,1640,913850593,556111,545000,562000,5889,1.06,557226,1115,0.2,545000,578000,1399-12-19
379,دزهراوي,داروسازي‌زهراوي‌,109,357235,2807867100,8020,7860,7860,-160,-2.0,8010,-10,-0.12,7860,7860,1399-12-19
380,خفولا,خدمات فني فولاد يزد,109,416714,18889228906,44009,45329,45329,1320,3.0,45188,1179,2.68,45329,45329,1399-12-19
381,سصوفي,سيمان‌ صوفيان‌,108,691624,13362175680,19710,19320,19320,-390,-1.98,19600,-110,-0.56,19320,19320,1399-12-19
382,اوصتا,صندوق انديشه ورزان صباتامين -د,107,2916166,52636345319,18027,18041,18054,27,0.15,18050,23,0.13,18041,18054,1399-12-19
383,اخزا903,اسنادخزانه-م3بودجه99-011110,107,208095,143460948499,687977,685202,689002,1025,0.15,689401,1424,0.21,685202,691278,1399-12-19
384,دامين,داروسازي‌ امين‌,103,447870,6149255100,14010,13730,13730,-280,-2.0,13970,-40,-0.29,13730,13730,1399-12-19
385,ضپاس2002,اختيارخ وپارس-3000-1400/02/29,103,2180,701602000,326,312,279,-47,-14.42,322,-4,-1.23,279,430,1399-12-19
386,تسه9906,امتياز تسهيلات مسكن شهريور99,102,1023,572037749,558416,539444,586336,27920,5.0,559177,761,0.14,531000,586336,1399-12-19
387,كخاك,صنايع‌خاك‌چيني‌ايران‌,102,68924,2992524020,44090,43560,43260,-830,-1.88,44050,-40,-0.09,43210,44500,1399-12-19
388,صايند,صندوق س. گنجينه آينده روشن-د,102,694320,6879532640,9907,9907,9910,3,0.03,9908,1,0.01,9905,9912,1399-12-19
389,خشرق,الكتريك‌ خودرو شرق‌,100,639374,10396221240,16590,16260,16260,-330,-1.99,16520,-70,-0.42,16260,16260,1399-12-19
390,تسه9903,امتياز تسهيلات مسكن خرداد99,98,1252,694371086,553882,527122,526188,-27694,-5.0,554609,727,0.13,526188,581576,1399-12-19
391,ولتجار,واسپاري تجارت وسرمايه ايرانيان,98,846279,7777304010,8923,9190,9190,267,2.99,9020,97,1.09,9190,9190,1399-12-19
392,حفارس,حمل و نقل بين المللي خليج فارس,97,1126935,5364210600,4850,4760,4760,-90,-1.86,4840,-10,-0.21,4760,4760,1399-12-19
393,ولساپا,ليزينگ رايان‌ سايپا,97,1690238,6084856800,3670,3600,3600,-70,-1.91,3660,-10,-0.27,3600,3600,1399-12-19
394,تاپكيش,تجارت الكترونيك پارسيان كيش,92,554839,10548599068,19399,19012,19012,-387,-1.99,19308,-91,-0.47,19012,19012,1399-12-19
395,تسه9905,امتياز تسهيلات مسكن مرداد99,90,851,473349635,556365,530111,530000,-26365,-4.74,556228,-137,-0.02,530000,569880,1399-12-19
396,ثامان,سامان‌ گستراصفهان‌,90,119865,2716140900,23120,22660,22660,-460,-1.99,23090,-30,-0.13,22660,22660,1399-12-19
397,غپينو,پارس‌ مينو,90,367152,2357115840,6550,6420,6420,-130,-1.98,6540,-10,-0.15,6420,6420,1399-12-19
398,خاور,ايران خودرو ديزل,89,516261,3037163463,6003,5883,5883,-120,-2.0,5984,-19,-0.32,5883,5883,1399-12-19
399,زعف0008پ10,زعفران0008نگين طلاي سرخ(پ),89,63441,7416129450,119841,115005,116900,-2941,-2.45,116898,-2943,-2.46,111882,119970,1399-12-19
400,سنفت009,سلف موازي استاندارد سنفت009,85,6768060,9999998155680,1477528,1477528,1477528,0,0.0,1477528,0,0.0,1477528,1477528,1399-12-19
401,پارند2,صندوق س. پارند پايدار سپهر,85,8500000,8500000,11198,1,1,-11197,-99.99,1,-11197,-99.99,1,1,1399-12-19
402,آبادا,توليد نيروي برق آبادان,84,302771,4526426450,15250,14950,14950,-300,-1.97,15220,-30,-0.2,14950,14950,1399-12-19
403,ثرود,سرمايه‌گذاري مسكن زاينده رود,84,575555,10149912425,17994,17635,17635,-359,-2.0,17920,-74,-0.41,17635,17635,1399-12-19
404,سپر,صندوق س سپر سرمايه بيدار- ثابت,83,321607,3653161332,11357,11359,11359,2,0.02,11359,2,0.02,11359,11361,1399-12-19
405,تكنو,تكنوتار,83,477909,10963232460,23400,22940,22940,-460,-1.97,23300,-100,-0.43,22940,22940,1399-12-19
406,تسه9803,امتياز تسهيلات مسكن خرداد98,82,1166,662097386,557431,564888,554511,-2920,-0.52,567836,10405,1.87,547000,580000,1399-12-19
407,قصفها,قنداصفهان‌,82,47914,7671510540,163370,160110,160110,-3260,-2.0,162860,-510,-0.31,160110,160110,1399-12-19
408,گكيشح,ح.توريستي ورفاهي آبادگران كيش,81,134714,5133549398,38884,38107,38107,-777,-2.0,38107,-777,-2.0,38107,38108,1399-12-19
409,زعف0008پ16,زعفران0008نگين بيرجند(پ),81,84222,9712928836,116797,114000,116000,-797,-0.68,115325,-1472,-1.26,113001,117997,1399-12-19
410,كهرام,توليدي گرانيت بهسرام,80,60276,6652059360,107146,110360,110360,3214,3.0,108146,1000,0.93,110360,110360,1399-12-19
411,اخزا902,اسنادخزانه-م2بودجه99-011019,80,194090,135155523961,695762,691123,697900,2138,0.31,696355,593,0.09,691123,699440,1399-12-19
412,تسه9901,امتياز تسهيلات مسكن فروردين99,77,1078,605652911,554741,542522,580000,25259,4.55,561830,7089,1.28,542522,582478,1399-12-19
413,فاذر,صنايع‌ آذرآب‌,76,283482,6877273320,24750,24260,24260,-490,-1.98,24680,-70,-0.28,24260,24260,1399-12-19
414,ضشنا2001,اختيارخ شپنا-10000-1400/02/27,75,609,1919697000,3070,3400,2800,-270,-8.79,3152,82,2.67,2750,3700,1399-12-19
415,ضسپا3003,اختيارخ خساپا-2000-1400/03/26,73,3426,1432843000,447,500,400,-47,-10.51,418,-29,-6.49,381,500,1399-12-19
416,كپشير,پشم‌شيشه‌ايران‌,72,195933,7835360670,40800,39990,39990,-810,-1.99,40670,-130,-0.32,39990,39990,1399-12-19
417,قچار,فراوردههاي غذايي وقند چهارمحال,72,31130,2886747160,94624,92732,92732,-1892,-2.0,94512,-112,-0.12,92732,92732,1399-12-19
418,الماس,صندوق س.امين تدبيرگران فردا-س,72,37673,4109112684,110739,113989,108515,-2224,-2.01,109073,-1666,-1.5,107502,113989,1399-12-19
419,خاتم,صندوق س خاتم ايساتيس پويا-ثابت,71,1559490,16629534558,10658,10663,10663,5,0.05,10663,5,0.05,10662,10667,1399-12-19
420,خاهن,آهنگري‌ تراكتورسازي‌ ايران‌,69,155890,5867699600,38400,37640,37640,-760,-1.98,38310,-90,-0.23,37640,37640,1399-12-19
421,اخزا901,اسنادخزانه-م1بودجه99-010621,69,54644,40652284335,740608,721100,744800,4192,0.57,743948,3340,0.45,721100,753990,1399-12-19
422,دمعيار,صندوق س. توازن معيار-د,69,1354395,13663144261,10080,10090,10085,5,0.05,10088,8,0.08,10084,10090,1399-12-19
423,سنفت013,سلف موازي استاندارد سنفت013,69,6768060,9999998155680,1477528,1477528,1477528,0,0.0,1477528,0,0.0,1477528,1477528,1399-12-19
424,فروس,فروسيليس‌ ايران‌,68,309439,1469835250,4840,4750,4750,-90,-1.86,4840,0,0.0,4750,4750,1399-12-19
425,زماهان,مجتمع توليد گوشت مرغ ماهان,68,336462,6898480386,20921,20503,20503,-418,-2.0,20862,-59,-0.28,20503,20503,1399-12-19
426,اخزا910,اسنادخزانه-م10بودجه99-020807,67,137965,80896442437,586647,586000,587889,1242,0.21,586355,-292,-0.05,582711,587889,1399-12-19
427,سشمال,سيمان‌ شمال‌,66,406511,4943173760,12400,12160,12160,-240,-1.94,12380,-20,-0.16,12160,12160,1399-12-19
428,تسه9812,امتياز تسهيلات مسكن اسفند98,65,696,389893339,561386,534000,555001,-6385,-1.14,560192,-1194,-0.21,534000,589455,1399-12-19
429,كماسه,تامين‌ ماسه‌ ريخته‌گري‌,65,41530,1814445700,44580,43690,43690,-890,-2.0,44550,-30,-0.07,43690,43690,1399-12-19
430,ضشنا2003,اختيارخ شپنا-14000-1400/02/27,65,1597,1317370000,777,810,670,-107,-13.77,825,48,6.18,667,900,1399-12-19
431,ثفارس,عمران‌وتوسعه‌فارس‌,63,504311,5078411770,10270,10070,10070,-200,-1.95,10250,-20,-0.19,10070,10070,1399-12-19
432,گنجين,صندوق س. گنجينه يكم آويد-د,62,159733,1977701275,12374,12388,12385,11,0.09,12381,7,0.06,12378,12388,1399-12-19
433,زكوثر,سرمايه گذاري كشاورزي كوثر,61,60122,1290819340,21900,21470,21470,-430,-1.96,21890,-10,-0.05,21470,21470,1399-12-19
434,ساربيل,سيمان آرتا اردبيل,60,176593,10574388840,61100,59880,59880,-1220,-2.0,60830,-270,-0.44,59880,59880,1399-12-19
435,كساوه,صنايع‌ كاشي‌ و سراميك‌ سينا,60,94609,6817524540,73530,72060,72060,-1470,-2.0,73320,-210,-0.29,72060,72060,1399-12-19
436,ثروتم,صندوق س. ثروت آفرين پارسيان-س,60,78610,5862310100,74105,75500,74200,95,0.13,74575,470,0.63,74200,75680,1399-12-19
437,اخزا814,اسنادخزانه-م14بودجه98-010318,59,203977,160777398368,782724,782800,784120,1396,0.18,788213,5489,0.7,781500,800000,1399-12-19
438,كفپارس,فرآورده‌هاي‌ نسوز پارس‌,59,164071,764570860,4750,4660,4660,-90,-1.89,4750,0,0.0,4660,4660,1399-12-19
439,كسعدي,كاشي‌ سعدي‌,58,384812,8273458000,21930,21500,21500,-430,-1.96,21860,-70,-0.32,21500,21500,1399-12-19
440,لپارس,پارس‌ الكتريك‌,57,48006,4596574500,97700,95750,95750,-1950,-2.0,97520,-180,-0.18,95750,95750,1399-12-19
441,صنوين,صندوق سرمايه‌گذاري صنوين-مختلط,57,9142,940607940,102570,102650,102650,80,0.08,102890,320,0.31,102570,103000,1399-12-19
442,ضملت3001,اختيارخ وبملت-3500-1400/03/19,57,1945,1212024000,691,789,600,-91,-13.17,623,-68,-9.84,577,880,1399-12-19
443,سمتاز,سيمان ممتازان كرمان,56,53255,1027182440,18727,19288,19288,561,3.0,18754,27,0.14,19288,19288,1399-12-19
444,وآذر,سرمايه‌گذاري‌توسعه‌آذربايجان‌,56,81711,6926641470,86490,84770,84770,-1720,-1.99,86240,-250,-0.29,84770,84770,1399-12-19
445,سيلام,سيمان‌ ايلام‌,56,574982,6623792640,11750,11520,11520,-230,-1.96,11720,-30,-0.26,11520,11520,1399-12-19
446,آسام,صندوق س.آرمان سپهر آشنا-م,56,38840,3975978690,101851,100600,102900,1049,1.03,102368,517,0.51,100600,109450,1399-12-19
447,داريك,صندوق س.اعتماد داريك-د,55,39560,408575346,10323,10335,10325,2,0.02,10328,5,0.05,10325,10335,1399-12-19
448,گدنا,تهيه توزيع غذاي دنا آفرين فدك,54,197095,6625151330,34299,33614,33614,-685,-2.0,34206,-93,-0.27,33614,33614,1399-12-19
449,وپخش,داروپخش‌ (هلدينگ‌,53,45279,4618910790,104090,102010,102010,-2080,-2.0,103890,-200,-0.19,102010,102010,1399-12-19
450,غديس,پاكديس,53,350537,4674761432,13608,13336,13336,-272,-2.0,13582,-26,-0.19,13336,13336,1399-12-19
451,كيميا,معدني كيمياي زنجان گستران,53,210302,3856938680,18714,18340,18340,-374,-2.0,18684,-30,-0.16,18340,18340,1399-12-19
452,بزاگرس,نيروگاه زاگرس كوثر,53,313901,2238741932,7277,7132,7132,-145,-1.99,7270,-7,-0.1,7132,7132,1399-12-19
453,پلوله,گازلوله‌,52,274880,5179288960,18294,18842,18842,548,3.0,18842,548,3.0,18842,18842,1399-12-19
454,ميهن,بيمه ميهن,52,838716,4061062872,4940,4842,4842,-98,-1.98,4932,-8,-0.16,4842,4842,1399-12-19
455,ثتوسا,س.توسعه و عمران استان اردبيل,52,225898,9229514586,41690,40857,40857,-833,-2.0,41272,-418,-1.0,40857,40857,1399-12-19
456,اخزا818,اسنادخزانه-م18بودجه98-010614,52,42676,31958636744,756661,743100,757900,1239,0.16,748867,-7794,-1.03,743001,757900,1399-12-19
457,تكشا,گسترش‌صنايع‌وخدمات‌كشاورزي‌,51,48085,2235952500,47440,46500,46500,-940,-1.98,47400,-40,-0.08,46500,46500,1399-12-19
458,تسه9809,امتياز تسهيلات مسكن آذر98,51,754,424182271,551084,523602,542700,-8384,-1.52,562576,11492,2.09,523602,578000,1399-12-19
459,آ س پ,آ.س.پ,50,318958,5147025246,16466,16137,16137,-329,-2.0,16431,-35,-0.21,16137,16137,1399-12-19
460,وتوصا,گروه س توسعه صنعتي ايران,49,142959,1722655950,12290,12050,12050,-240,-1.95,12280,-10,-0.08,12050,12050,1399-12-19
461,ودي,بيمه  دي,49,89488,2065114576,23547,23077,23077,-470,-2.0,23527,-20,-0.08,23077,23077,1399-12-19
462,خرينگ,رينگ‌سازي‌مشهد,49,52543,2377045320,46160,45240,45240,-920,-1.99,46120,-40,-0.09,45240,45240,1399-12-19
463,اخزا815,اسنادخزانه-م15بودجه98-010406,48,63519,49055038062,776466,774813,776010,-456,-0.06,772289,-4177,-0.54,766022,776390,1399-12-19
464,وبيمه,سرمايه‌ گذاري‌ صنعت‌ بيمه‌,48,1042438,2950099540,2880,2830,2830,-50,-1.74,2880,0,0.0,2830,2830,1399-12-19
465,سرود,سيمان‌شاهرود,47,871054,17264290280,20220,19820,19820,-400,-1.98,20080,-140,-0.69,19820,19820,1399-12-19
466,تسه9811,امتياز تسهيلات مسكن بهمن98,47,439,246939342,556902,531333,550000,-6902,-1.24,562504,5602,1.01,531333,584747,1399-12-19
467,سخاش,سيمان‌خاش‌,47,53820,8387308800,159020,155840,155840,-3180,-2.0,158460,-560,-0.35,155840,155840,1399-12-19
468,خمهر,مهركام‌پارس‌,47,669247,1653040090,2520,2470,2470,-50,-1.98,2520,0,0.0,2470,2470,1399-12-19
469,سكرد,سيمان كردستان,47,322261,3316065690,10500,10290,10290,-210,-2.0,10490,-10,-0.1,10290,10290,1399-12-19
470,زنگان,صنعت روي زنگان,46,11927,1234516062,105618,103506,103506,-2112,-2.0,105565,-53,-0.05,103506,103506,1399-12-19
471,ملت,بيمه ملت,46,116269,1925414640,16890,16560,16560,-330,-1.95,16880,-10,-0.06,16560,16560,1399-12-19
472,كاسپين,داروسازي كاسپين تامين,46,65380,1604882860,25047,24547,24547,-500,-2.0,25031,-16,-0.06,24547,24547,1399-12-19
473,غويتا,ويتانا,46,136528,2462419008,18404,18036,18036,-368,-2.0,18385,-19,-0.1,18036,18036,1399-12-19
474,وپويا,سرمايه گذاري پويا,45,165082,1087890380,6724,6590,6590,-134,-1.99,6721,-3,-0.04,6590,6590,1399-12-19
475,ضملي3003,اختيارخ فملي-12000-1400/03/02,45,703,1234433000,1630,1999,1480,-150,-9.2,1756,126,7.73,1450,2000,1399-12-19
476,ضخود2009,اختيارخ خودرو-4000-1400/02/08,45,2133,63613000,32,37,27,-5,-15.63,30,-2,-6.25,27,45,1399-12-19
477,وبهمن,سرمايه‌گذاري‌بهمن‌,45,948600,15424236000,16590,16260,16260,-330,-1.99,16480,-110,-0.66,16260,16260,1399-12-19
478,سنير,سيمان‌ سفيد ني‌ريز,44,26897,6674221580,253200,248140,248140,-5060,-2.0,252510,-690,-0.27,248140,248140,1399-12-19
479,كلر,كلر پارس,44,73676,9486595436,131388,128761,128761,-2627,-2.0,130873,-515,-0.39,128761,128761,1399-12-19
480,ضصاد3001,اختيارخ وبصادر-2000-1400/03/12,44,2548,1223177000,508,510,430,-78,-15.35,480,-28,-5.51,430,540,1399-12-19
481,ضخود2008,اختيارخ خودرو-3500-1400/02/08,44,1655,91406000,54,60,48,-6,-11.11,55,1,1.85,42,70,1399-12-19
482,شكف,كف,44,107394,9073826454,86215,84491,84491,-1724,-2.0,84623,-1592,-1.85,84491,84491,1399-12-19
483,اخزا810,اسنادخزانه-م10بودجه98-001006,43,100762,86171292740,858941,855626,860000,1059,0.12,855196,-3745,-0.44,850010,860000,1399-12-19
484,چفيبر,فيبر ايران‌,42,149690,2052249900,13980,13710,13710,-270,-1.93,13970,-10,-0.07,13710,13710,1399-12-19
485,خديزل,بهمن  ديزل,42,528199,21623410662,41773,40938,40938,-835,-2.0,41397,-376,-0.9,40938,40938,1399-12-19
486,كبافق,معادن‌ بافق‌,42,34047,1817088390,54450,53370,53370,-1080,-1.98,54410,-40,-0.07,53370,53370,1399-12-19
487,ساروم,سيمان‌اروميه‌,42,93722,3935386780,42840,41990,41990,-850,-1.98,42770,-70,-0.16,41990,41990,1399-12-19
488,تسه9806,امتياز تسهيلات مسكن شهريور98,42,967,539239884,555325,527709,575907,20582,3.71,557642,2317,0.42,527709,575907,1399-12-19
489,لكما,كارخانجات‌مخابراتي‌ايران‌,41,118015,740190080,6400,6272,6272,-128,-2.0,6395,-5,-0.08,6272,6272,1399-12-19
490,سيمرغ,سيمرغ,40,103761,1659138390,16310,15990,15990,-320,-1.96,16300,-10,-0.06,15990,15990,1399-12-19
491,كساپا,سايپاشيشه‌,40,136564,5304145760,39630,38840,38840,-790,-1.99,39540,-90,-0.23,38840,38840,1399-12-19
492,اخزا905,اسنادخزانه-م5بودجه99-020218,40,255628,165364670725,644120,644000,648000,3880,0.6,646896,2776,0.43,644000,648100,1399-12-19
493,سكه0011پ02,سكه تمام بهارتحويلي 1روزه ملت,40,4800,4938558700,1040023,1028000,1026250,-13773,-1.32,1028866,-11157,-1.07,1023200,1032999,1399-12-19
494,اخزا813,اسنادخزانه-م13بودجه98-010219,39,199299,159420973069,796228,804000,799500,3272,0.41,799909,3681,0.46,796001,804000,1399-12-19
495,دسينا,داروسازي‌ سينا,39,580101,15233452260,26790,26260,26260,-530,-1.98,26620,-170,-0.63,26260,26260,1399-12-19
496,چخزر,صنايع چوب خزر كاسپين,39,9942,563979834,57884,56727,56727,-1157,-2.0,57870,-14,-0.02,56727,56727,1399-12-19
497,وثخوز,سرمايه گذاري و توسعه خوزستان,39,81106,5606938886,72769,69131,69131,-3638,-5.0,71637,-1132,-1.56,69131,69131,1399-12-19
498,دلقما,دارويي‌ لقمان‌,38,139415,3401726000,24890,24400,24400,-490,-1.97,24860,-30,-0.12,24400,24400,1399-12-19
499,درهآور,دارويي ره آورد تامين,38,50062,2632109774,53650,52577,52577,-1073,-2.0,53592,-58,-0.11,52577,52577,1399-12-19
500,اخزا908,اسنادخزانه-م8بودجه99-020606,37,65819,39922565033,606170,604503,605600,-570,-0.09,606551,381,0.06,600002,608000,1399-12-19
501,شپارسح,ح . بين‌ المللي‌محصولات پارس‌,37,131973,2041786500,15010,15500,15000,-10,-0.07,15470,460,3.06,15000,15500,1399-12-19
502,ختور,رادياتور ايران‌,37,115787,2709415800,23870,23400,23400,-470,-1.97,23840,-30,-0.13,23400,23400,1399-12-19
503,كمنگنز,معادن‌منگنزايران‌,37,14680,1273783600,88540,86770,86770,-1770,-2.0,88490,-50,-0.06,86770,86770,1399-12-19
504,ولبهمن,شركت بهمن ليزينگ,37,1134161,9550769781,8592,8421,8421,-171,-1.99,8558,-34,-0.4,8421,8421,1399-12-19
505,زعف0008پ12,زعفران0008پوشالمعمول سحرخيز(پ),36,20272,1632156609,80152,77009,80800,648,0.81,80513,361,0.45,76650,83197,1399-12-19
506,حكشتيح,ح . كشتيراني ج. ا. ا,36,104164,1739656180,17290,18540,16600,-690,-3.99,16700,-590,-3.41,16600,18540,1399-12-19
507,بذر,صندوق س بذر اميد آفرين-سهام,36,38926,3760360120,95560,96550,96100,540,0.57,96600,1040,1.09,96100,97450,1399-12-19
508,كوير,توليدي فولاد سپيد فراب كوير,36,52548,1171294920,22740,22290,22290,-450,-1.98,22730,-10,-0.04,22290,22290,1399-12-19
509,اخزا821,اسنادخزانه-م21بودجه98-020906,35,26869,15626710494,583056,581011,581022,-2034,-0.35,581589,-1467,-0.25,581010,584500,1399-12-19
510,خكار,ايركا پارت صنعت,35,53495,1155492000,22040,21600,21600,-440,-2.0,22030,-10,-0.05,21600,21600,1399-12-19
511,اخزا817,اسنادخزانه-م17بودجه98-010512,34,116970,90203123270,764359,759010,773400,9041,1.18,771165,6806,0.89,759010,775500,1399-12-19
512,تسه9804,امتياز تسهيلات مسكن تير98,34,306,177639888,560582,538001,566000,5418,0.97,580522,19940,3.56,538001,588611,1399-12-19
513,ضخود2013,اختيارخ خودرو-7000-1400/02/08,34,2093,20216000,11,11,9,-2,-18.18,10,-1,-9.09,9,11,1399-12-19
514,آپ,آسان پرداخت پرشين,33,62089,1110151320,18240,17880,17880,-360,-1.97,18230,-10,-0.05,17880,17880,1399-12-19
515,شاملا,معدني‌ املاح‌  ايران‌,32,59485,3064072350,52560,51510,51510,-1050,-2.0,52490,-70,-0.13,51510,51510,1399-12-19
516,فسا,پتروشيمي فسا,32,386806,686967456,1849,1776,1776,-73,-3.95,1846,-3,-0.16,1776,1776,1399-12-19
517,ساوه,سيمان ساوه,32,36411,2199224400,61632,60400,60400,-1232,-2.0,61576,-56,-0.09,60400,60400,1399-12-19
518,اخزا816,اسنادخزانه-م16بودجه98-010503,31,79901,62023846643,767214,763000,765620,-1594,-0.21,776259,9045,1.18,763000,780500,1399-12-19
519,ضفلا3004,اختيارخ فولاد-12000-1400/03/19,31,387,760688000,1740,1989,1700,-40,-2.3,1966,226,12.99,1700,2180,1399-12-19
520,ختراك,ريخته‌گري‌ تراكتورسازي‌ ايران‌,31,155148,2563044960,16850,16520,16520,-330,-1.96,16830,-20,-0.12,16520,16520,1399-12-19
521,ثاباد,توريستي ورفاهي آبادگران ايران,31,26327,1424290700,55200,54100,54100,-1100,-1.99,55170,-30,-0.05,54100,54100,1399-12-19
522,مداران,داده‌پردازي‌ايران‌,30,55024,1404212480,26040,25520,25520,-520,-2.0,26030,-10,-0.04,25520,25520,1399-12-19
523,كفرآور,فرآورده هاي سيمان شرق,30,103763,2633401177,25896,25379,25379,-517,-2.0,25827,-69,-0.27,25379,25379,1399-12-19
524,دتوليد,داروسازي توليد دارو,30,32886,897985116,27863,27306,27306,-557,-2.0,27853,-10,-0.04,27306,27306,1399-12-19
525,ضخود2010,اختيارخ خودرو-4500-1400/02/08,30,1230,21580000,17,24,16,-1,-5.88,18,1,5.88,16,24,1399-12-19
526,زعف0008پ15,زعفران0008پوشالمعمول طلاسرخ(پ),30,14326,1192444140,81567,77100,80500,-1067,-1.31,83236,1669,2.05,77001,84697,1399-12-19
527,قشكر,شكرشاهرود,30,576456,2213591040,3910,3840,3840,-70,-1.79,3910,0,0.0,3840,3840,1399-12-19
528,تكمبا,كمباين‌ سازي‌ ايران‌,30,664135,5060708700,7770,7620,7620,-150,-1.93,7750,-20,-0.26,7620,7620,1399-12-19
529,خفنر,فنرسازي‌خاور,30,324979,2837066670,8900,8730,8730,-170,-1.91,8890,-10,-0.11,8730,8730,1399-12-19
530,توريل,توکاريل,29,106124,2696610840,25928,25410,25410,-518,-2.0,25899,-29,-0.11,25410,25410,1399-12-19
531,اخزا808,اسنادخزانه-م8بودجه98-000817,29,41628,36649457003,880997,877917,879993,-1004,-0.11,880404,-593,-0.07,877917,881999,1399-12-19
532,شتوكا,توكا رنگ فولاد سپاهان,28,11922,635561820,54397,53310,53310,-1087,-2.0,54383,-14,-0.03,53310,53310,1399-12-19
533,لخانه,لوازم‌ خانگي‌ پارس‌,28,181192,5414016960,30489,29880,29880,-609,-2.0,30332,-157,-0.51,29880,29880,1399-12-19
534,سكه0112پ03,سكه تمام بهارتحويلي1روزه سامان,28,6000,6175938700,1038372,1031000,1028000,-10372,-1.0,1029323,-9049,-0.87,1028000,1031800,1399-12-19
535,ثنور,سرمايه گذاري كوه نور,28,133748,1311131644,10003,9803,9803,-200,-2.0,9989,-14,-0.14,9803,9803,1399-12-19
536,قنيشا,قند  نيشابور,27,24217,1469245390,61900,60670,60670,-1230,-1.99,61860,-40,-0.06,60670,60670,1399-12-19
537,كلوند,كاشي‌ الوند,27,170990,7880929100,47030,46090,46090,-940,-2.0,46880,-150,-0.32,46090,46090,1399-12-19
538,ولشرق,ليزينگ ايران و شرق,26,329979,2916684381,9019,8839,8839,-180,-2.0,9008,-11,-0.12,8839,8839,1399-12-19
539,تسه9808,امتياز تسهيلات مسكن آبان98,26,277,153228105,548450,521143,549000,550,0.1,553170,4720,0.86,521143,575872,1399-12-19
540,اپرداز,آتيه داده پرداز,26,98771,2045448639,21131,20709,20709,-422,-2.0,21113,-18,-0.09,20709,20709,1399-12-19
541,ضملت3000,اختيارخ وبملت-3000-1400/03/19,26,624,590957000,878,1099,804,-74,-8.43,947,69,7.86,804,1100,1399-12-19
542,دتوزيع,توزيع دارو پخش,26,104155,4861330470,47626,46674,46674,-952,-2.0,47530,-96,-0.2,46674,46674,1399-12-19
543,معيار,سرمايه گذاري معيار صنعت پارس,26,198243,8889810849,46711,44843,44843,-1868,-4.0,45826,-885,-1.89,44843,44843,1399-12-19
544,ثشرق,سرمايه گذاري مسكن شمال شرق,25,97114,664259760,6970,6840,6840,-130,-1.87,6970,0,0.0,6840,6840,1399-12-19
545,غگرجي,بيسكويت‌  گرجي‌,25,53326,994529900,19030,18650,18650,-380,-2.0,19020,-10,-0.05,18650,18650,1399-12-19
546,قاسم,قاسم ايران,25,93233,1254543248,13730,13456,13456,-274,-2.0,13723,-7,-0.05,13456,13456,1399-12-19
547,غچين,كشت‌ و صنعت‌ چين‌ چين,25,54761,1101791320,20530,20120,20120,-410,-2.0,20520,-10,-0.05,20120,20120,1399-12-19
548,ضمخا7071,اختيارخ اخابر-24000-1400/07/28,24,2055,402390000,178,234,179,1,0.56,196,18,10.11,179,235,1399-12-19
549,تسه9807,امتياز تسهيلات مسكن مهر98,24,236,130663673,547076,525509,545000,-2076,-0.38,553660,6584,1.2,525509,569999,1399-12-19
550,داسوه,داروسازي‌ اسوه‌,24,8598,315804540,37470,36730,36730,-740,-1.97,37470,0,0.0,36730,36730,1399-12-19
551,كسرام,پارس‌ سرام‌,24,305662,2530881360,8440,8280,8280,-160,-1.9,8430,-10,-0.12,8280,8280,1399-12-19
552,اخزا907,اسنادخزانه-م7بودجه99-020704,24,116609,69945421267,599778,600000,600000,222,0.04,599829,51,0.01,598000,600010,1399-12-19
553,سخند,صندوق س.سپهرخبرگان نفت-د,24,82650,828465740,10018,10021,10024,6,0.06,10024,6,0.06,10020,10025,1399-12-19
554,وثوق,سرمايه گذاري وثوق امين,23,241183,5485948518,23210,22746,22746,-464,-2.0,23075,-135,-0.58,22746,22746,1399-12-19
555,خاذين,سايپاآذين‌,23,190864,898969440,4800,4710,4710,-90,-1.88,4800,0,0.0,4710,4710,1399-12-19
556,وسنا,سرمايه گذاري نيروگاهي ايران,23,65381,955412553,15382,14613,14613,-769,-5.0,15346,-36,-0.23,14613,14613,1399-12-19
557,دشيمي,شيمي‌ داروئي‌ داروپخش‌,22,105308,3279291120,31770,31140,31140,-630,-1.98,31730,-40,-0.13,31140,31140,1399-12-19
558,اعتلا,شركت سرمايه گذاري اعتلاء البرز,22,77160,639810720,8461,8292,8292,-169,-2.0,8459,-2,-0.02,8292,8292,1399-12-19
559,اخزا809,اسنادخزانه-م9بودجه98-000923,22,12656,10948757652,865018,864293,864292,-726,-0.08,865104,86,0.01,864292,866001,1399-12-19
560,اخزا904,اسنادخزانه-م4بودجه99-011215,22,57080,38655759165,674993,677000,675423,430,0.06,677221,2228,0.33,675023,680000,1399-12-19
561,زفكا,كشت و دامداري فكا,22,53641,699800486,13312,13046,13046,-266,-2.0,13308,-4,-0.03,13046,13046,1399-12-19
562,غمينو,شركت صنايع غذايي مينو شرق,22,66613,796491641,12201,11957,11957,-244,-2.0,12197,-4,-0.03,11957,11957,1399-12-19
563,قپيرا,فرآورده‌هاي‌غدايي‌وقندپيرانشهر,22,13551,1391145660,104750,102660,102660,-2090,-2.0,104690,-60,-0.06,102660,102660,1399-12-19
564,قشير,قند شيروان قوچان و بجنورد,22,28271,718564007,25935,25417,25417,-518,-2.0,25927,-8,-0.03,25417,25417,1399-12-19
565,اخزا811,اسنادخزانه-م11بودجه98-001013,21,33535,28645417958,853436,853238,853990,554,0.06,854195,759,0.09,853238,854500,1399-12-19
566,ضمخا7066,اختيارخ اخابر-12000-1400/07/28,21,172,266257000,1511,1989,2222,711,47.05,1548,37,2.45,1100,2222,1399-12-19
567,اخزا716,اسنادخزانه-م16بودجه97-000407,21,54753,51633637010,942145,944000,943000,855,0.09,943028,883,0.09,942900,944000,1399-12-19
568,گواهي ظرفيت,گواهي ظرفيت نقدي,21,91894000,977660266000,10639,10639,10639,0,0.0,10639,0,0.0,10639,10639,1399-12-19
569,اخزا723,اسنادخزانه-م23بودجه97-000824,21,149392,131218987000,875000,879000,878000,3000,0.34,878353,3353,0.38,877000,879000,1399-12-19
570,حآسا,آسيا سير ارس,21,18312,829222296,46207,45283,45283,-924,-2.0,46191,-16,-0.03,45283,45283,1399-12-19
571,بايكا,كارخانجات كابلسازي ‌ايران‌,21,20414,856979720,42836,41980,41980,-856,-2.0,42798,-38,-0.09,41980,41980,1399-12-19
572,واتي,سرمايه‌ گذاري‌ آتيه‌ دماوند,20,131589,1576436220,12220,11980,11980,-240,-1.96,12210,-10,-0.08,11980,11980,1399-12-19
573,غاذر,كشت‌وصنعت‌پياذر,20,8593,474419530,56330,55210,55210,-1120,-1.99,56320,-10,-0.02,55210,55210,1399-12-19
574,هجرت,پخش هجرت,20,146954,4105453898,28507,27937,27937,-570,-2.0,28459,-48,-0.17,27937,27937,1399-12-19
575,سحرخيز2,صندوق س. گروه زعفران سحرخيز,20,2000000,2000000,9652,1,1,-9651,-99.99,1,-9651,-99.99,1,1,1399-12-19
576,كي بي سي,شركت كي بي سي,20,17383,478710437,28101,27539,27539,-562,-2.0,28096,-5,-0.02,27539,27539,1399-12-19
577,كتوكا,توليدي و خدمات صنايع نسوز توكا,20,49019,1891104001,39366,38579,38579,-787,-2.0,39336,-30,-0.08,38579,38579,1399-12-19
578,دسانكو,داروسازي سبحان انكولوژي,20,50789,762799991,15325,15019,15019,-306,-2.0,15320,-5,-0.03,15019,15019,1399-12-19
579,اخزا806,اسنادخزانه-م6بودجه98-000519,19,30332,27964122346,920002,920350,922010,2008,0.22,921935,1933,0.21,920350,922011,1399-12-19
580,تسه9805,امتياز تسهيلات مسكن مرداد98,19,165,93360816,554023,550060,560000,5977,1.08,565823,11800,2.13,550060,581724,1399-12-19
581,بهپاك,صنعتي بهپاك,19,6740,305530940,46256,45331,45331,-925,-2.0,46250,-6,-0.01,45331,45331,1399-12-19
582,تپمپي,پمپ‌ سازي‌ ايران‌,19,29654,572915280,19710,19320,19320,-390,-1.98,19710,0,0.0,19320,19320,1399-12-19
583,پدرخش,درخشان‌ تهران‌,19,13110,1661823600,129340,126760,126760,-2580,-1.99,129250,-90,-0.07,126760,126760,1399-12-19
584,كترام,توليدي‌ كاشي‌ تكسرام‌,19,23145,1111422900,49000,48020,48020,-980,-2.0,48980,-20,-0.04,48020,48020,1399-12-19
585,زشريف,كشت وصنعت شريف آباد,19,50627,255261334,5144,5042,5042,-102,-1.98,5143,-1,-0.02,5042,5042,1399-12-19
586,سدور,سيمان‌ دورود,19,193023,3719553210,19660,19270,19270,-390,-1.98,19630,-30,-0.15,19270,19270,1399-12-19
587,وتعاون,بيمه  تعاون,19,37074,224631366,6182,6059,6059,-123,-1.99,6181,-1,-0.02,6059,6059,1399-12-19
588,اخزا906,اسنادخزانه-م6بودجه99-020321,18,84740,54320810150,637747,665003,641000,3253,0.51,641029,3282,0.51,635000,665003,1399-12-19
589,فمراد,آلومراد,18,2263,326935610,147410,144470,144470,-2940,-1.99,147390,-20,-0.01,144470,144470,1399-12-19
590,خنصير,مهندسي‌نصيرماشين‌,18,50865,5507153550,110470,108270,108270,-2200,-1.99,110220,-250,-0.23,108270,108270,1399-12-19
591,بنيرو,نيروترانس‌,18,24938,377810700,15450,15150,15150,-300,-1.94,15450,0,0.0,15150,15150,1399-12-19
592,ومعلم,بيمه معلم,18,155118,729519954,4798,4703,4703,-95,-1.98,4797,-1,-0.02,4703,4703,1399-12-19
593,خموتور,موتورسازان‌تراكتورسازي‌ايران‌,18,78216,1161507600,15150,14850,14850,-300,-1.98,15140,-10,-0.07,14850,14850,1399-12-19
594,غمارگ,مارگارين‌,18,18326,586798520,32670,32020,32020,-650,-1.99,32660,-10,-0.03,32020,32020,1399-12-19
595,ددام,داروسازي زاگرس فارمد پارس,18,571968,12737727360,22720,22270,22270,-450,-1.98,22600,-120,-0.53,22270,22270,1399-12-19
596,لابسا,آبسال‌,18,18619,909351960,49830,48840,48840,-990,-1.99,49810,-20,-0.04,48840,48840,1399-12-19
597,دبالك,مواد اوليه دارويي البرز بالك,18,64387,1367579880,21673,21240,21240,-433,-2.0,21661,-12,-0.06,21240,21240,1399-12-19
598,ديران,ايران‌دارو,18,15834,445885440,28730,28160,28160,-570,-1.98,28720,-10,-0.03,28160,28160,1399-12-19
599,اخزا718,اسنادخزانه-م18بودجه97-000525,17,45421,41819399594,919185,921900,920000,815,0.09,920706,1521,0.17,920000,921950,1399-12-19
600,زقيام,كشت و دام قيام اصفهان,17,14672,439602464,30573,29962,29962,-611,-2.0,30568,-5,-0.02,29962,29962,1399-12-19
601,ضصاد3002,اختيارخ وبصادر-2500-1400/03/12,17,353,87268000,253,328,221,-32,-12.65,247,-6,-2.37,221,328,1399-12-19
602,لازما,كارخانه هاي صنعتي آزمايش,17,19575,656799975,34951,33553,33553,-1398,-4.0,34903,-48,-0.14,33553,33553,1399-12-19
603,داوه,داروسازي آوه سينا,17,10013,198738024,20253,19848,19848,-405,-2.0,20251,-2,-0.01,19848,19848,1399-12-19
604,ضجار2002,اختيارخ وتجارت-2500-1400/02/22,17,584,192296000,324,375,280,-44,-13.58,329,5,1.54,280,375,1399-12-19
605,ولغدر,ليزينگ‌خودروغدير,17,25544,563245200,22500,22050,22050,-450,-2.0,22490,-10,-0.04,22050,22050,1399-12-19
606,اخزا805,اسنادخزانه-م5بودجه98-000422,17,53709,50261000748,934985,935501,935506,521,0.06,935802,817,0.09,935501,938888,1399-12-19
607,ثنوسا,نوسازي‌وساختمان‌تهران‌,16,135726,1771224300,13310,13050,13050,-260,-1.95,13300,-10,-0.08,13050,13050,1399-12-19
608,غشان,شيرپاستوريزه‌پگاه‌خراسان‌,16,64745,503716100,7930,7780,7780,-150,-1.89,7930,0,0.0,7780,7780,1399-12-19
609,درازك,دارويي‌ رازك‌,16,11317,389983820,35160,34460,34460,-700,-1.99,35150,-10,-0.03,34460,34460,1399-12-19
610,ثعمرا,عمران و توسعه شاهد,16,24055,309347300,13122,12860,12860,-262,-2.0,13120,-2,-0.02,12860,12860,1399-12-19
611,خلنت,لنت‌ ترمزايران‌,16,19266,1773820620,93940,92070,92070,-1870,-1.99,93870,-70,-0.07,92070,92070,1399-12-19
612,اخزا820,اسنادخزانه-م20بودجه98-020806,16,2604,1539783640,592430,591200,591200,-1230,-0.21,591315,-1115,-0.19,591200,592430,1399-12-19
613,غصينو,صنعتي مينو,16,9247,626585967,69143,67761,67761,-1382,-2.0,69134,-9,-0.01,67761,67761,1399-12-19
614,دكپسول,توليد ژلاتين كپسول ايران,15,27598,841131844,31099,30478,30478,-621,-2.0,31088,-11,-0.04,30478,30478,1399-12-19
615,بنو,بيمه تجارت نو,15,41674,1449046654,35480,34771,34771,-709,-2.0,35459,-21,-0.06,34771,34771,1399-12-19
616,شزنگ,تجهيزنيروي‌زنگان‌,15,799,180910379,235855,226421,226421,-9434,-4.0,235766,-89,-0.04,226421,226421,1399-12-19
617,اخزا812,اسنادخزانه-م12بودجه98-001111,15,95129,80363322360,844391,842574,842974,-1417,-0.17,844783,392,0.05,842574,847900,1399-12-19
618,اخزا807,اسنادخزانه-م7بودجه98-000719,15,47845,42698685565,890282,891000,896800,6518,0.73,892438,2156,0.24,891000,896800,1399-12-19
619,فخاس,فولاد خراسان,15,75648,2265657600,30560,29950,29950,-610,-2.0,30550,-10,-0.03,29950,29950,1399-12-19
620,زعف0008پ11,زعفران0008نگين سحرخيز(پ),15,7203,835781070,118783,119999,117800,-983,-0.83,116032,-2751,-2.32,115550,121000,1399-12-19
621,سفار,سيمان‌فارس‌,15,13787,2100173710,155430,152330,152330,-3100,-1.99,155300,-130,-0.08,152330,152330,1399-12-19
622,غپآذر,شير پگاه آذربايجان شرقي,15,15813,1024808904,66130,64808,64808,-1322,-2.0,66102,-28,-0.04,64808,64808,1399-12-19
623,اخزا721,اسنادخزانه-م21بودجه97-000728,15,21792,19353735356,885773,887801,889000,3227,0.36,888112,2339,0.26,887800,889000,1399-12-19
624,قمرو,قند مرودشت‌,14,9222,334666380,37030,36290,36290,-740,-2.0,37020,-10,-0.03,36290,36290,1399-12-19
625,كصدف,كاشي صدف سرام استقلال آباده,14,7546,185873072,25658,24632,24632,-1026,-4.0,25648,-10,-0.04,24632,24632,1399-12-19
626,ضشنا2000,اختيارخ شپنا-9000-1400/02/27,14,87,353100000,3851,4001,3850,-1,-0.03,4059,208,5.4,3850,4150,1399-12-19
627,حپارسا,توسعه حمل و نقل ريلي پارسيان,14,2925,101304450,35340,34634,34634,-706,-2.0,35339,-1,0.0,34634,34634,1399-12-19
628,سصفها,سيمان‌اصفهان‌,14,3000,377880000,128530,125960,125960,-2570,-2.0,128510,-20,-0.02,125960,125960,1399-12-19
629,حتوكا,حمل‌ونقل‌توكا,14,9842,298212600,30910,30300,30300,-610,-1.97,30910,0,0.0,30300,30300,1399-12-19
630,وليز,ليزينگ‌ايران‌,14,70834,662297900,9540,9350,9350,-190,-1.99,9540,0,0.0,9350,9350,1399-12-19
631,فپنتا,سپنتا,14,3065,1239577950,412680,404430,404430,-8250,-2.0,412470,-210,-0.05,404430,404430,1399-12-19
632,غشاذر,پگاه‌آذربايجان‌غربي‌,14,21031,206103800,10000,9800,9800,-200,-2.0,10000,0,0.0,9800,9800,1399-12-19
633,ضفلا3003,اختيارخ فولاد-10000-1400/03/19,14,272,1005875000,3316,3775,3300,-16,-0.48,3698,382,11.52,3300,3775,1399-12-19
634,كمرجان,بازرگاني و توليدي مرجان كار,14,1954,281663238,147088,144147,144147,-2941,-2.0,147071,-17,-0.01,144147,144147,1399-12-19
635,ضملي3004,اختيارخ فملي-14000-1400/03/02,14,243,171900000,690,790,561,-129,-18.7,707,17,2.46,561,790,1399-12-19
636,زعف0008پ20,زعفران0008نگين وحدت جام(پ),13,2320,266429283,116614,114001,116800,186,0.16,114840,-1774,-1.52,111882,117570,1399-12-19
637,دارو,كارخانجات‌داروپخش‌,13,37673,1212693870,32840,32190,32190,-650,-1.98,32820,-20,-0.06,32190,32190,1399-12-19
638,سبجنو,سيمان‌ بجنورد,13,38353,2265128180,60260,59060,59060,-1200,-1.99,60200,-60,-0.1,59060,59060,1399-12-19
639,كفرا,فراورده‌ هاي‌ نسوزايران‌,13,28264,1321342000,47700,46750,46750,-950,-1.99,47670,-30,-0.06,46750,46750,1399-12-19
640,اراد33,مرابحه عام دولت3-ش.خ 0303,13,67000,57989997700,884420,857000,909999,25579,2.89,865522,-18898,-2.14,857000,909999,1399-12-19
641,شدوص,دوده‌ صنعتي‌ پارس‌,13,52124,1517850880,29710,29120,29120,-590,-1.99,29690,-20,-0.07,29120,29120,1399-12-19
642,خكمك,كمك‌فنرايندامين‌,12,12722,357869860,28700,28130,28130,-570,-1.99,28700,0,0.0,28130,28130,1399-12-19
643,پاسا,ايران‌ياساتايرورابر,12,10854,286437060,26920,26390,26390,-530,-1.97,26920,0,0.0,26390,26390,1399-12-19
644,حبندر,دريايي و کشتيراني خط دريابندر,12,10945,385066990,35900,35182,35182,-718,-2.0,35886,-14,-0.04,35182,35182,1399-12-19
645,دپارس,پارس‌ دارو,12,31682,2666673940,85880,84170,84170,-1710,-1.99,85790,-90,-0.1,84170,84170,1399-12-19
646,بكاب,صنايع‌جوشكاب‌يزد,12,1748,621379040,362730,355480,355480,-7250,-2.0,362640,-90,-0.02,355480,355480,1399-12-19
647,فنفت,صنايع تجهيزات نفت,11,19807,644024605,33869,32515,32515,-1354,-4.0,33824,-45,-0.13,32515,32515,1399-12-19
648,واحصا,احياء صنايع خراسان,11,3460,242798580,73096,70173,70173,-2923,-4.0,73059,-37,-0.05,70173,70173,1399-12-19
649,سخواف,سيمان مجد خواف,11,23444,396203600,17244,16900,16900,-344,-1.99,17237,-7,-0.04,16900,16900,1399-12-19
650,زعف0008پ08,زعفران0008نگين روستا(پ),11,8714,998396600,116883,114100,116000,-883,-0.76,114574,-2309,-1.98,114000,118999,1399-12-19
651,وجامي,سرمايه گذاري جامي,11,86652,1352637720,15928,15610,15610,-318,-2.0,15906,-22,-0.14,15610,15610,1399-12-19
652,غشهد,شهد ايران ‌,11,12638,95164140,7680,7530,7530,-150,-1.95,7680,0,0.0,7530,7530,1399-12-19
653,زنجان,صنايع كشاورزي وكود زنجان,11,10228,94885156,9466,9277,9277,-189,-2.0,9465,-1,-0.01,9277,9277,1399-12-19
654,كطبس,ذغال‌سنگ‌ نگين‌ ط‌بس‌,11,25167,2052368850,83210,81550,81550,-1660,-1.99,83140,-70,-0.08,81550,81550,1399-12-19
655,تملي612,تسهيلات مسكن بانك ملي-اسفند96,11,70,62373948,915917,870122,870122,-45795,-5.0,891056,-24861,-2.71,870122,961710,1399-12-19
656,ضپاس2001,اختيارخ وپارس-2500-1400/02/29,11,191,117473000,701,101,665,-36,-5.14,615,-86,-12.27,101,720,1399-12-19
657,عيار2,صندوق س. پشتوانه طلاي مفيد,11,110000,110000,26256,1,1,-26255,-100.0,1,-26255,-100.0,1,1,1399-12-19
658,سمايه,بانك سرمايه,11,35605,250908435,7190,7047,7047,-143,-1.99,7188,-2,-0.03,7047,7047,1399-12-19
659,دجابر,داروسازي‌ جابرابن‌حيان‌,11,10710,213129000,20300,19900,19900,-400,-1.97,20300,0,0.0,19900,19900,1399-12-19
660,خزر,فنرسازي‌زر,11,5544,259958160,47840,46890,46890,-950,-1.99,47830,-10,-0.02,46890,46890,1399-12-19
661,خچرخش,چرخشگر,11,10095,183022350,18500,18130,18130,-370,-2.0,18500,0,0.0,18130,18130,1399-12-19
662,سبهان,سيمان‌ بهبهان‌,11,5050,719019000,145280,142380,142380,-2900,-2.0,145240,-40,-0.03,142380,142380,1399-12-19
663,فجام,جام‌دارو,10,18119,184813800,10400,10200,10200,-200,-1.92,10400,0,0.0,10200,10200,1399-12-19
664,ضسپا3000,اختيارخ خساپا-1400-1400/03/26,10,134,113451000,930,810,850,-80,-8.6,847,-83,-8.92,200,1000,1399-12-19
665,وايران,ليزينگ ايرانيان,10,25241,313493220,12670,12420,12420,-250,-1.97,12670,0,0.0,12420,12420,1399-12-19
666,ضفلا3006,اختيارخ فولاد-16000-1400/03/19,10,901,234950000,299,299,250,-49,-16.39,261,-38,-12.71,212,299,1399-12-19
667,كاسپينح,ح .داروسازي كاسپين تامين,10,10550,218075200,21029,21800,20609,-420,-2.0,20671,-358,-1.7,20609,21800,1399-12-19
668,ولملت,واسپاري ملت,10,134471,1090559810,8270,8110,8110,-160,-1.93,8270,0,0.0,8110,8110,1399-12-19
669,وملت,سرمايه گذاري ملت,10,57495,253265475,4494,4405,4405,-89,-1.98,4492,-2,-0.04,4405,4405,1399-12-19
670,وآوا,سرمايه گذاري آوا نوين,10,13369,116791584,8914,8736,8736,-178,-2.0,8914,0,0.0,8736,8736,1399-12-19
671,قهكمت,قندهكمتان‌,10,9709,441176960,46360,45440,45440,-920,-1.98,46350,-10,-0.02,45440,45440,1399-12-19
672,قلرست,قند لرستان‌,10,47443,1679007770,36110,35390,35390,-720,-1.99,36090,-20,-0.06,35390,35390,1399-12-19
673,افرا,افرانت,10,5481,190914192,35542,34832,34832,-710,-2.0,35539,-3,-0.01,34832,34832,1399-12-19
674,تابا,تابان نيرو سپاهان,10,2581,143415846,56700,55566,55566,-1134,-2.0,56692,-8,-0.01,55566,55566,1399-12-19
675,پارتا,مجتمع‌صنعتي‌آرتاويل‌تاير,10,4919,279192602,57916,56758,56758,-1158,-2.0,57904,-12,-0.02,56758,56758,1399-12-19
676,زر2,صندوق س.پشتوانه سكه طلاي زر,10,1000000,1000000,45692,1,1,-45691,-100.0,1,-45691,-100.0,1,1,1399-12-19
677,بشهاب,لامپ‌  پارس‌ شهاب‌,10,10940,1610477400,150210,147210,147210,-3000,-2.0,150110,-100,-0.07,147210,147210,1399-12-19
678,ثعتما,س. ساختماني اعتماد گستر,9,52974,3472286778,68278,65547,65547,-2731,-4.0,67784,-494,-0.72,65547,65547,1399-12-19
679,سدبير,س. تدبيرگران فارس وخوزستان,9,3904,348166528,91002,89182,89182,-1820,-2.0,90989,-13,-0.01,89182,89182,1399-12-19
680,پلاست,كارخانجات توليدي پلاستيران,9,40700,2893444400,72542,71092,71092,-1450,-2.0,72328,-214,-0.3,71092,71092,1399-12-19
681,كاذر,فرآورده‌هاي‌نسوزآذر,9,21448,711430160,33840,33170,33170,-670,-1.98,33830,-10,-0.03,33170,33170,1399-12-19
682,اخزا713,اسنادخزانه-م13بودجه97-000518,9,20063,18498491648,921353,921000,921921,568,0.06,922020,667,0.07,921000,923998,1399-12-19
683,غدشت,دشت‌ مرغاب‌,9,1448,413215760,291190,285370,285370,-5820,-2.0,291140,-50,-0.02,285370,285370,1399-12-19
684,زعف0008پ05,زعفران0008نگين زرين(پ),9,9518,1102413000,118313,115201,115000,-3313,-2.8,115824,-2489,-2.1,115000,117850,1399-12-19
685,ضخود2011,اختيارخ خودرو-5000-1400/02/08,9,285,4115000,15,16,14,-1,-6.67,14,-1,-6.67,13,16,1399-12-19
686,خوساز,محورسازان‌ايران‌خودرو,9,11151,88092900,8060,7900,7900,-160,-1.99,8060,0,0.0,7900,7900,1399-12-19
687,چافست,افست‌,9,17797,290091100,16630,16300,16300,-330,-1.98,16630,0,0.0,16300,16300,1399-12-19
688,داراب,پتروشيمي داراب,9,49428,116501796,2455,2357,2357,-98,-3.99,2454,-1,-0.04,2357,2357,1399-12-19
689,ركيش,كارت اعتباري ايران كيش,8,7143,184932270,26410,25890,25890,-520,-1.97,26410,0,0.0,25890,25890,1399-12-19
690,سهرمز,سيمان‌هرمزگان‌,8,102956,2531688040,25090,24590,24590,-500,-1.99,25060,-30,-0.12,24590,24590,1399-12-19
691,فلامي,لاميران‌,8,1918,84967400,45200,44300,44300,-900,-1.99,45200,0,0.0,44300,44300,1399-12-19
692,ضپاس2005,اختيارخ وپارس-4500-1400/02/29,8,66,5150000,201,100,66,-135,-67.16,78,-123,-61.19,66,100,1399-12-19
693,ضفار3001,اختيارخ فارس-9000-1400/03/05,8,134,125510000,750,990,800,50,6.67,937,187,24.93,800,990,1399-12-19
694,ثنظام,س. ساختماني نظام مهندسي ايران,8,6548,308489376,48073,47112,47112,-961,-2.0,48058,-15,-0.03,47112,47112,1399-12-19
695,سفاسي,شركت فارسيت اهواز,8,173963,2475319527,14519,14229,14229,-290,-2.0,14482,-37,-0.25,14229,14229,1399-12-19
696,غدام,خوراك‌  دام‌ پارس‌,8,424,167157760,402280,394240,394240,-8040,-2.0,402250,-30,-0.01,394240,394240,1399-12-19
697,فولاي,صنايع فولاد آلياژي يزد,8,3082,156214252,51720,50686,50686,-1034,-2.0,51717,-3,-0.01,50686,50686,1399-12-19
698,وزمين,بانك ايران زمين,8,12900,177504000,14040,13760,13760,-280,-1.99,14038,-2,-0.01,13760,13760,1399-12-19
699,وارس,سرمايه گذاري ارس صبا,8,12445,179382230,14708,14414,14414,-294,-2.0,14705,-3,-0.02,14414,14414,1399-12-19
700,ثپرديس,سرمايه گذاري مسكن پرديس,8,9287,93445794,10267,10062,10062,-205,-2.0,10267,0,0.0,10062,10062,1399-12-19
701,لخانهح,ح.لوازم‌ خانگي‌ پارس‌,8,6540,132127620,20615,20203,20203,-412,-2.0,20203,-412,-2.0,20203,20203,1399-12-19
702,دشيري,شيرين دارو,8,10831,2357312995,222086,217645,217645,-4441,-2.0,221544,-542,-0.24,217645,217645,1399-12-19
703,گپارس,امور رفاهي كارگزاران پارس,8,1044,214044012,209207,205023,205023,-4184,-2.0,209161,-46,-0.02,205023,205023,1399-12-19
704,غشصفا,شيرپاستوريزه‌پگاه‌اصفهان‌,8,3815,106591100,28510,27940,27940,-570,-2.0,28510,0,0.0,27940,27940,1399-12-19
705,دقاضي,داروسازي شهيد قاضي,8,43757,1898616230,44275,43390,43390,-885,-2.0,44188,-87,-0.2,43390,43390,1399-12-19
706,ولصنم,ليزينگ‌صنعت‌ومعدن‌,8,9313,101884220,11160,10940,10940,-220,-1.97,11160,0,0.0,10940,10940,1399-12-19
707,افران2,صندوق س افرا نماد پايدار-ثابت,7,13200000,13200000,12830,1,1,-12829,-99.99,1,-12829,-99.99,1,1,1399-12-19
708,لخزر,پارس‌ خزر,7,3881,714375670,187820,184070,184070,-3750,-2.0,187770,-50,-0.03,184070,184070,1399-12-19
709,سخزر,سيمان‌ خزر,7,43423,1315716900,30910,30300,30300,-610,-1.97,30890,-20,-0.06,30300,30300,1399-12-19
710,دابور,داروسازي‌ ابوريحان‌,7,43109,1699356780,40220,39420,39420,-800,-1.99,40190,-30,-0.07,39420,39420,1399-12-19
711,ضملت3002,اختيارخ وبملت-4000-1400/03/19,7,135,51990000,389,400,420,31,7.97,385,-4,-1.03,350,420,1399-12-19
712,دفارا,داروسازي‌ فارابي‌,7,22430,1488230500,67700,66350,66350,-1350,-1.99,67660,-40,-0.06,66350,66350,1399-12-19
713,خفناور,مهندسي صنعتي روان فن آور,7,1302,66012702,52813,50701,50701,-2112,-4.0,52806,-7,-0.01,50701,50701,1399-12-19
714,ضخود2012,اختيارخ خودرو-6000-1400/02/08,7,241,3155000,14,15,15,1,7.14,13,-1,-7.14,12,15,1399-12-19
715,حسير,ريل سير كوثر,7,4580,78194340,17421,17073,17073,-348,-2.0,17420,-1,-0.01,17073,17073,1399-12-19
716,اخزا722,اسنادخزانه-م22بودجه97-000428,7,7285,6790523368,933191,931292,932380,-811,-0.09,932124,-1067,-0.11,931292,933300,1399-12-19
717,وپسا,س. پتروشيمي ساختمان  خليج فارس,7,33006,98390886,3041,2981,2981,-60,-1.97,3040,-1,-0.03,2981,2981,1399-12-19
718,زكشت,كشاورزي مكانيزه اصفهان كشت,7,6995,278149180,40575,39764,39764,-811,-2.0,40570,-5,-0.01,39764,39764,1399-12-19
719,گكيش,توريستي ورفاهي آبادگران كيش,7,7025,365609100,53106,52044,52044,-1062,-2.0,53086,-20,-0.04,52044,52044,1399-12-19
720,ضملي3002,اختيارخ فملي-10000-1400/03/02,6,14,38960000,2953,3000,2700,-253,-8.57,2783,-170,-5.76,2700,3000,1399-12-19
721,كشم0006پ02,كشمش تيزابي0006تاكستان(پ),6,2099,480628500,228114,234000,228850,736,0.32,228980,866,0.38,228800,234500,1399-12-19
722,اراد50,مرابحه عام دولت5-ش.خ0302,6,120000,120000010000,1000001,1000001,1000000,-1,0.0,1000000,-1,0.0,1000000,1000001,1399-12-19
723,تملي704,تسهيلات مسكن ب. ملي-تير97,6,47,29041502,639176,607218,670000,30824,4.82,617904,-21272,-3.33,607218,670000,1399-12-19
724,ياقوت2,صندوق س ياقوت آگاه-ثابت,6,16433000,16433000,12010,1,1,-12009,-99.99,1,-12009,-99.99,1,1,1399-12-19
725,خعمرا,توسعه و عمران شهرستان نائين,6,5413,125430036,22498,23172,23172,674,3.0,22502,4,0.02,23172,23172,1399-12-19
726,وحافظ,بيمه حافظ,6,1103,73510538,68006,66646,66646,-1360,-2.0,67996,-10,-0.01,66646,66646,1399-12-19
727,زمگسا,كشاورزي‌ ودامپروي‌ مگسال‌,6,1669,53624970,32780,32130,32130,-650,-1.98,32780,0,0.0,32130,32130,1399-12-19
728,سكارون,سيمان كارون,6,935,163402470,178328,174762,174762,-3566,-2.0,178298,-30,-0.02,174762,174762,1399-12-19
729,ثغرب,شركت سرمايه گذاري مسكن شمالغرب,6,20184,158545320,8015,7855,7855,-160,-2.0,8014,-1,-0.01,7855,7855,1399-12-19
730,ارفعح,ح.شركت آهن و فولاد ارفع,6,207450,2551760000,11939,12550,12300,361,3.02,12301,362,3.03,12300,12550,1399-12-19
731,پرداخت,به پرداخت ملت,6,2745,97529850,36250,35530,35530,-720,-1.99,36250,0,0.0,35530,35530,1399-12-19
732,تملي707,تسهيلات مسكن ب. ملي-مهر97,6,102,54559698,509428,534899,534899,25471,5.0,534899,25471,5.0,534899,534899,1399-12-19
733,شتولي,تولي‌پرس‌,6,1599,56129697,35819,35103,35103,-716,-2.0,35815,-4,-0.01,35103,35103,1399-12-19
734,غگلستا,شير پاستوريزه پگاه گلستان,6,6043,172757284,29171,28588,28588,-583,-2.0,29169,-2,-0.01,28588,28588,1399-12-19
735,اوان,مبين وان كيش,6,21872,1180081888,55055,53954,53954,-1101,-2.0,55028,-27,-0.05,53954,53954,1399-12-19
736,سنفت014,سلف موازي استاندارد سنفت014,5,338400,499995475200,1477528,1477528,1477528,0,0.0,1477528,0,0.0,1477528,1477528,1399-12-19
737,وسگيلا,شركت س استان گيلان,5,158700,122199000,780,770,770,-10,-1.28,780,0,0.0,770,770,1399-12-19
738,فن آوا,گروه فن آوا,5,50285,913024745,18527,18157,18157,-370,-2.0,18510,-17,-0.09,18157,18157,1399-12-19
739,آگاس2,صندوق س.هستي بخش آگاه-س,5,5200000,5200000,64370,1,1,-64369,-100.0,1,-64369,-100.0,1,1,1399-12-19
740,دكوثر,داروسازي‌ كوثر,5,10700,219992000,20970,20560,20560,-410,-1.96,20970,0,0.0,20560,20560,1399-12-19
741,تملي711,تسهيلات مسكن ب. ملي-بهمن97,5,101,59190611,570031,589999,598532,28501,5.0,586046,16015,2.81,541530,598532,1399-12-19
742,مفاخر,توسعه فناوري اطلاعات خوارزمي,5,2263,149188275,67270,65925,65925,-1345,-2.0,67266,-4,-0.01,65925,65925,1399-12-19
743,آبين,كشت و صنعت آبشيرين,5,55145,231609000,4285,4200,4200,-85,-1.98,4283,-2,-0.05,4200,4200,1399-12-19
744,حخزر,كشتيراني درياي خزر,5,8356,240769784,29402,28814,28814,-588,-2.0,29399,-3,-0.01,28814,28814,1399-12-19
745,اخزا804,اسنادخزانه-م4بودجه98-000421,5,9630,9030342440,933989,937988,935506,1517,0.16,937730,3741,0.4,935506,937988,1399-12-19
746,ختراكح,ح . ريخته‌گري‌ تراكتورسازي‌,5,3249,40778550,12630,12630,12450,-180,-1.43,12550,-80,-0.63,12450,12630,1399-12-19
747,اخزا720,اسنادخزانه-م20بودجه97-000324,5,2318,2204548824,948607,950001,952999,4392,0.46,951056,2449,0.26,950001,952999,1399-12-19
748,زعف0008پ18,زعفران0008نگين بهرامن(پ),4,349,40822980,121216,114510,119920,-1296,-1.07,116971,-4245,-3.5,114510,119959,1399-12-19
749,ثجوان,تامين مسكن جوانان,4,93187,1048353750,11479,11250,11250,-229,-1.99,11467,-12,-0.1,11250,11250,1399-12-19
750,تملي803,تسهيلات مسكن ب. ملي-خرداد98,4,45,33763950,714581,750310,750310,35729,5.0,750310,35729,5.0,750310,750310,1399-12-19
751,لپيام,گسترش صنايع پيام,4,8482,460920362,55450,54341,54341,-1109,-2.0,55424,-26,-0.05,54341,54341,1399-12-19
752,وآتوس,س.آرين توسكا قيمت اسمي 350ريال,4,1306,57465306,44898,44001,44001,-897,-2.0,44895,-3,-0.01,44001,44001,1399-12-19
753,شجمح,ح. صنايع پتروشيمي تخت جمشيد,4,68212,579802000,7234,8500,8500,1266,17.5,8500,1266,17.5,8500,8500,1399-12-19
754,ضسپا3002,اختيارخ خساپا-1800-1400/03/26,4,53,30420000,554,560,585,31,5.6,574,20,3.61,550,585,1399-12-19
755,قزوين,كارخانجات‌ قند قزوين‌,4,2419,95115080,40120,39320,39320,-800,-1.99,40120,0,0.0,39320,39320,1399-12-19
756,ضصاد3000,اختيارخ وبصادر-1800-1400/03/12,4,40,27600000,666,690,690,24,3.6,690,24,3.6,690,690,1399-12-19
757,آينده,بازرگاني آينده سازان بهشت پارس,4,8373,164830878,20087,19686,19686,-401,-2.0,20084,-3,-0.01,19686,19686,1399-12-19
758,ضجار2000,اختيارخ وتجارت-1800-1400/02/22,4,75,59920000,1030,733,850,-180,-17.48,799,-231,-22.43,733,920,1399-12-19
759,كيسون,شركت كيسون,4,8123,117247382,14728,14434,14434,-294,-2.0,14727,-1,-0.01,14434,14434,1399-12-19
760,كباده,توليد خاك نسوزاستقلال آباده,4,4278,38656008,8606,9036,9036,430,5.0,8607,1,0.01,9036,9036,1399-12-19
761,تملي703,تسهيلات مسكن ب. ملي-خرداد97,4,47,25565355,541687,514603,514605,-27082,-5.0,543944,2257,0.42,514603,568771,1399-12-19
762,ساذري,آذريت‌,4,39055,234837715,5838,6013,6013,175,3.0,5840,2,0.03,6013,6013,1399-12-19
763,كقزوي,شيشه‌ قزوين‌,4,3949,39857257,10298,10093,10093,-205,-1.99,10298,0,0.0,10093,10093,1399-12-19
764,تملي701,تسهيلات مسكن ب. ملي-فروردين97,4,60,34238000,550700,578229,550000,-700,-0.13,570633,19933,3.62,524000,578100,1399-12-19
765,ضمخا2003,اختيارخ اخابر-14000-1400/02/29,4,22,9693000,555,106,300,-255,-45.95,441,-114,-20.54,106,800,1399-12-19
766,غبهار,كشت وصنعت بهاران گلبهار خراسان,3,550,18561950,34437,33749,33749,-688,-2.0,34436,-1,0.0,33749,33749,1399-12-19
767,ضترا3003,اختيارخ شتران-9000-1400/03/09,3,32,31970000,933,1000,999,66,7.07,999,66,7.07,999,1000,1399-12-19
768,وكادو,تكادو,3,1270,26073100,20948,20530,20530,-418,-2.0,20947,-1,0.0,20530,20530,1399-12-19
769,تملي708,تسهيلات مسكن ب. ملي-آبان97,3,59,35752938,637875,605982,605982,-31893,-5.0,605982,-31893,-5.0,605982,605982,1399-12-19
770,غشوكو,شوكو پارس,3,458,17979248,40057,39256,39256,-801,-2.0,40056,-1,0.0,39256,39256,1399-12-19
771,وسرضوي,س.سهام عدالت استان خراسان رضوي,3,39000,39390000,1030,1010,1010,-20,-1.94,1030,0,0.0,1010,1010,1399-12-19
772,فسديد,لوله‌وتجهيزات‌ سديد - ورشكسته,3,2919,339392130,117444,116270,116270,-1174,-1.0,117363,-81,-0.07,116270,116270,1399-12-19
773,تپولا,مهندسي مرآت پولاد,3,781,28037119,36631,35899,35899,-732,-2.0,36630,-1,0.0,35899,35899,1399-12-19
774,وسهمدا,شركت س استان همدان,3,17810,15672800,890,880,880,-10,-1.12,890,0,0.0,880,880,1399-12-19
775,حپترو,حمل و نقل پتروشيمي( سهامي عام,3,786,41878080,54360,53280,53280,-1080,-1.99,54360,0,0.0,53280,53280,1399-12-19
776,ثنام,س ساختماني ب نام آوران مهندسي,3,3954,63568458,16746,16077,16077,-669,-3.99,16744,-2,-0.01,16077,16077,1399-12-19
777,تملي712,تسهيلات مسكن ب. ملي-اسفند97,3,42,22404015,512815,515000,538455,25640,5.0,533429,20614,4.02,515000,538455,1399-12-19
778,ضفلا3002,اختيارخ فولاد-9000-1400/03/19,3,110,473010000,4143,4301,4300,157,3.79,4300,157,3.79,4300,4301,1399-12-19
779,ضصاد3003,اختيارخ وبصادر-3000-1400/03/12,3,93,18341000,150,199,150,0,0.0,197,47,31.33,150,199,1399-12-19
780,رتكو,كنترل‌خوردگي‌تكين‌كو,3,970,18206900,19150,18770,18770,-380,-1.98,19150,0,0.0,18770,18770,1399-12-19
781,نگين,ص.س. زمين و ساختمان نگين شهرري,3,350,16660000,47540,47600,47600,60,0.13,47600,60,0.13,47600,47600,1399-12-19
782,شرق1400,مشاركت ليزينگ ايران وشرق140010,3,40,40319965,1007999,1008000,1007999,0,0.0,1007999,0,0.0,1007999,1008000,1399-12-19
783,ضملت3003,اختيارخ وبملت-4500-1400/03/19,3,151,16672000,155,122,110,-45,-29.03,110,-45,-29.03,110,122,1399-12-19
784,قجام,فرآوردههاي غذايي وقندتربت‌جام‌,3,761,12409627,16639,16307,16307,-332,-2.0,16639,0,0.0,16307,16307,1399-12-19
785,ضفار3002,اختيارخ فارس-10000-1400/03/05,3,27,18070000,832,670,666,-166,-19.95,669,-163,-19.59,666,670,1399-12-19
786,بزاگرسح,ح . نيروگاه زاگرس كوثر,3,11674,72493930,6290,6367,6165,-125,-1.99,6210,-80,-1.27,6165,6367,1399-12-19
787,ضترا3002,اختيارخ شتران-8000-1400/03/09,2,122,198400000,1250,1700,1400,150,12.0,1626,376,30.08,1400,1700,1399-12-19
788,اراد524,مرابحه عام دولت5-ش.خ 0108,2,12666000,11907882903000,1000000,940191,940100,-59900,-5.99,940145,-59855,-5.99,940100,940191,1399-12-19
789,ضچاد2001,اختيارخ كچاد-14000-1400/02/05,2,3,16000000,6200,5000,5500,-700,-11.29,5333,-867,-13.98,5000,5500,1399-12-19
790,قشهد,شهد,2,5255,105520400,20480,20080,20080,-400,-1.95,20480,0,0.0,20080,20080,1399-12-19
791,دروز,داروسازي‌ روزدارو,2,942,25773120,27910,27360,27360,-550,-1.97,27910,0,0.0,27360,27360,1399-12-19
792,ضغدر3003,اختيارخ وغدير-9200-1400/03/26,2,9,25399000,3027,2800,2999,-28,-0.93,2822,-205,-6.77,2800,2999,1399-12-19
793,نيرو,نيرو سرمايه,2,392,21775600,56683,55550,55550,-1133,-2.0,56682,-1,0.0,55550,55550,1399-12-19
794,ضشنا2010,اختيارخ شپنا-8000-1400/02/27,2,17,83300000,4800,4900,4900,100,2.08,4900,100,2.08,4900,4900,1399-12-19
795,كشرق,صنعتي و معدني شمال شرق شاهرود,2,169,15839018,95634,93722,93722,-1912,-2.0,95633,-1,0.0,93722,93722,1399-12-19
796,وسبوشهر,شركت س استان بوشهر,2,10000,12400000,1260,1240,1240,-20,-1.59,1260,0,0.0,1240,1240,1399-12-19
797,ضملي3005,اختيارخ فملي-16000-1400/03/02,2,2,667000,426,334,333,-93,-21.83,333,-93,-21.83,333,334,1399-12-19
798,زعف0008پ19,زعفران0008نگين تروند قاينات(پ),2,142,16542420,122923,113010,117960,-4963,-4.04,116496,-6427,-5.23,113010,117960,1399-12-19
799,پارس2,پتروشيمي پارس,2,1350000,181900000000,132680,134000,135000,2320,1.75,134741,2061,1.55,134000,135000,1399-12-19
800,سپرمي,پرميت‌,2,16160,142951360,8759,8846,8846,87,0.99,8761,2,0.02,8846,8846,1399-12-19
801,تملي804,تسهيلات مسكن ب. ملي-تير98,2,19,16413473,909333,863867,863867,-45466,-5.0,863867,-45466,-5.0,863867,863867,1399-12-19
802,ضفار3010,اختيارخ فارس-7000-1400/03/05,2,10,21000000,2200,2000,2200,0,0.0,2100,-100,-4.55,2000,2200,1399-12-19
803,اراد644,مرابحه عام دولتي64-ش.خ0111,2,14000000,13033286000000,944500,930998,930900,-13600,-1.44,930949,-13551,-1.43,930900,930998,1399-12-19
804,غمينوح,ح . شركت صنايع غذايي مينو شرق,2,10000,105550000,10732,10555,10555,-177,-1.65,10555,-177,-1.65,10555,10555,1399-12-19
805,وسمازن,س.سهام عدالت استان مازندران,2,113248,108718080,970,960,960,-10,-1.03,970,0,0.0,960,960,1399-12-19
806,پست0008پ08,پسته فندقي32-30مه ولات0008(پ),2,20,27600000,1368416,1360000,1400000,31584,2.31,1380000,11584,0.85,1360000,1400000,1399-12-19
807,تملي710,تسهيلات مسكن ب. ملي-دي97,2,123,78096000,630000,598500,650000,20000,3.17,634927,4927,0.78,598500,650000,1399-12-19
808,ضمخا2001,اختيارخ اخابر-10000-1400/02/29,2,6,6019000,910,1020,919,9,0.99,1003,93,10.22,919,1020,1399-12-19
809,ضپاس2006,اختيارخ وپارس-5000-1400/02/29,2,16,456000,89,33,21,-68,-76.4,28,-61,-68.54,21,33,1399-12-19
810,ضفلا3005,اختيارخ فولاد-14000-1400/03/19,2,74,58914000,704,800,514,-190,-26.99,796,92,13.07,514,800,1399-12-19
811,اراد494,مرابحه عام دولت4-ش.خ 0206,2,21424000,19745193936000,990000,921678,921600,-68400,-6.91,921639,-68361,-6.91,921600,921678,1399-12-19
812,ولراز,ليزينگ رازي,2,191,10507483,56135,55013,55013,-1122,-2.0,56134,-1,0.0,55013,55013,1399-12-19
813,نتوس,پشم‌ بافي‌ توس,2,3355,70958250,22031,21150,21150,-881,-4.0,22028,-3,-0.01,21150,21150,1399-12-19
814,صشستا3112,صكوك اجاره شستا311-بدون ضامن,2,3000000,3000000000000,999981,1000000,1000000,19,0.0,1000000,19,0.0,1000000,1000000,1399-12-19
815,زير0003پ04,زيره سبز0003شركت مينوبذر(پ),2,150,70500000,475000,470000,470000,-5000,-1.05,470000,-5000,-1.05,470000,470000,1399-12-19
816,آريان2,سرمايه گذاري پارس آريان,2,44820322,498921444826,11136,11133,11131,-5,-0.04,11132,-4,-0.04,11131,11133,1399-12-19
817,اراد504,مرابحه عام دولت5-ش.خ0302,2,2000000,2010361000000,1000001,1010361,1000000,-1,0.0,1005180,5179,0.52,1000000,1010361,1399-12-19
818,وسخراش,شركت س استان خراسان شمالي,2,9059,12229650,1370,1350,1350,-20,-1.46,1370,0,0.0,1350,1350,1399-12-19
819,تملي709,تسهيلات مسكن ب. ملي-آذر97,2,30,17404890,552537,580163,580163,27626,5.0,580163,27626,5.0,580163,580163,1399-12-19
820,حاريا,كشتيراني آريا,2,1200,34165200,29052,28471,28471,-581,-2.0,29051,-1,0.0,28471,28471,1399-12-19
821,ضصاد3004,اختيارخ وبصادر-3500-1400/03/12,2,2,187000,130,99,88,-42,-32.31,93,-37,-28.46,88,99,1399-12-19
822,ضپاس2007,اختيارخ وپارس-6000-1400/02/29,2,10,220000,220,22,22,-198,-90.0,22,-198,-90.0,22,22,1399-12-19
823,ضغدر3000,اختيارخ وغدير-6200-1400/03/26,2,2,10300000,5033,5000,5300,267,5.3,5150,117,2.32,5000,5300,1399-12-19
824,پا ه 26,بار پايه هفته 26,2,79800,27531000,370,345,345,-25,-6.76,345,-25,-6.76,345,345,1399-12-19
825,ضجار2003,اختيارخ وتجارت-3000-1400/02/22,2,12,2586000,199,220,193,-6,-3.02,215,16,8.04,193,220,1399-12-19
826,وصندوق2,سرمايه‌گذاري‌صندوق‌بازنشستگي‌,2,11716294,153015192600,13150,12900,13150,0,0.0,13060,-90,-0.68,12900,13150,1399-12-19
827,تملي801,تسهيلات مسكن ب. ملي-فروردين98,2,22,14894998,659071,659071,692024,32953,5.0,677045,17974,2.73,659071,692024,1399-12-19
828,ضفلا3000,اختيارخ فولاد-7000-1400/03/19,2,10,56000000,5619,5600,5600,-19,-0.34,5600,-19,-0.34,5600,5600,1399-12-19
829,صايپا203,صكوك مرابحه سايپا203-3ماهه 16%,1,5000,4850000000,974722,970000,970000,-4722,-0.48,970000,-4722,-0.48,970000,970000,1399-12-19
830,وسفارس,شركت س استان فارس,1,13800,13938000,1030,1010,1010,-20,-1.94,1030,0,0.0,1010,1010,1399-12-19
831,گندم2,مرابحه گندم2-واجدشرايط خاص1400,1,1000,1004000000,1015000,1004000,1004000,-11000,-1.08,1004000,-11000,-1.08,1004000,1004000,1399-12-19
832,شخارك2,پتروشيمي‌ خارك‌,1,20280615,859898076000,42400,42400,42400,0,0.0,42400,0,0.0,42400,42400,1399-12-19
833,شسم,توليد سموم‌ علف‌ كش,1,1000,90807000,89027,90807,90807,1780,2.0,89043,16,0.02,90807,90807,1399-12-19
834,فايرا2,آلومينيوم‌ايران‌,1,8000000,216240000000,27030,27030,27030,0,0.0,27030,0,0.0,27030,27030,1399-12-19
835,هصيكو402,اختيارف ت تاصيكو13500-00/02/20,1,1,3342,3798,3342,3342,-456,-12.01,3342,-456,-12.01,3342,3342,1399-12-19
836,وسكرمان,س.سهام عدالت استان كرمان,1,10000,10100000,1030,1010,1010,-20,-1.94,1030,0,0.0,1010,1010,1399-12-19
837,خساپا2,سايپا,1,44642857,99999999680,2200,2240,2240,40,1.82,2240,40,1.82,2240,2240,1399-12-19
838,وسيزد,شركت س استان يزد,1,5000,6300000,1280,1260,1260,-20,-1.56,1280,0,0.0,1260,1260,1399-12-19
839,طلا2,صندوق س.پشتوانه طلاي لوتوس,1,100000,100000,75598,1,1,-75597,-100.0,1,-75597,-100.0,1,1,1399-12-19
840,افاد744,منفعت دولت7-ش.خاص ساير0204,1,980000,980000000000,1000000,1000000,1000000,0,0.0,1000000,0,0.0,1000000,1000000,1399-12-19
841,وگردش2,بانك گردشگري,1,20410251,355199598153,17363,17403,17403,40,0.23,17403,40,0.23,17403,17403,1399-12-19
842,وساشرقي,شركت س استان آذربايجان شرقي,1,8090,7766400,970,960,960,-10,-1.03,970,0,0.0,960,960,1399-12-19
843,وبملت2,بانك ملت,1,26666666,99999997500,3690,3750,3750,60,1.63,3750,60,1.63,3750,3750,1399-12-19
844,تشتاد,صنايع توليدي اشتاد ايران‌,1,580,8956360,15757,15442,15442,-315,-2.0,15757,0,0.0,15442,15442,1399-12-19
845,ضسپا3008,اختيارخ خساپا-4500-1400/03/26,1,3,66000,28,22,22,-6,-21.43,22,-6,-21.43,22,22,1399-12-19
846,غگز,گز سكه,1,700,14140000,20200,20200,20200,0,0.0,20200,0,0.0,20200,20200,1399-12-19
847,كگل2,معدني و صنعتي گل گهر,1,5000000,93750000000,18390,18750,18750,360,1.96,18750,360,1.96,18750,18750,1399-12-19
848,ضملت3006,اختيارخ وبملت-7000-1400/03/19,1,1,100000,1,100,100,99,9900.0,100,99,9900.0,100,100,1399-12-19
849,شگامرن2,مجتمع پترو صنعت گامرون,1,545000,147204500000,270100,270100,270100,0,0.0,270100,0,0.0,270100,270100,1399-12-19
850,وسلرستا,شركت س استان لرستان,1,100000,89000000,900,890,890,-10,-1.11,900,0,0.0,890,890,1399-12-19
851,اراد43,مرابحه عام دولت4-ش.خ 0205,1,1000,955460000,946000,955460,955460,9460,1.0,955460,9460,1.0,955460,955460,1399-12-19
852,اراد45,مرابحه عام دولت4-ش.خ 0107,1,3000,2994000000,974838,998000,998000,23162,2.38,998000,23162,2.38,998000,998000,1399-12-19
853,وغدير2,سرمايه‌گذاري‌غدير(هلدينگ‌,1,700000000,8155000000000,11650,11650,11650,0,0.0,11650,0,0.0,11650,11650,1399-12-19
854,ضچاد2004,اختيارخ كچاد-20000-1400/02/05,1,12,16200000,2100,1350,1350,-750,-35.71,1350,-750,-35.71,1350,1350,1399-12-19
855,اراد58,مرابحه عام دولت5-ش.خ 0110,1,3000,2916861000,944060,972287,972287,28227,2.99,972287,28227,2.99,972287,972287,1399-12-19
856,جم پيلن2,پلي پروپيلن جم - جم پيلن,1,2000000,143000000000,69730,71500,71500,1770,2.54,71500,1770,2.54,71500,71500,1399-12-19
857,وبصادر2,بانك صادرات ايران,1,43478260,99999998000,2290,2300,2300,10,0.44,2300,10,0.44,2300,2300,1399-12-19
858,ضسپا3001,اختيارخ خساپا-1600-1400/03/26,1,4,3400000,784,850,850,66,8.42,850,66,8.42,850,850,1399-12-19
859,ضپيك2012,اختيارخ تاپيكو-16000-00/02/19,1,1,333000,444,333,333,-111,-25.0,333,-111,-25.0,333,333,1399-12-19
860,ضجار2005,اختيارخ وتجارت-4000-1400/02/22,1,5,330000,70,66,66,-4,-5.71,66,-4,-5.71,66,66,1399-12-19
861,تابان022,اجاره تابان لوتوس14021206,1,60000,58320000000,1000001,972000,972000,-28001,-2.8,972000,-28001,-2.8,972000,972000,1399-12-19
862,ضجار2006,اختيارخ وتجارت-4500-1400/02/22,1,10,330000,300,33,33,-267,-89.0,33,-267,-89.0,33,33,1399-12-19
863,ضپاس2004,اختيارخ وپارس-4000-1400/02/29,1,1,200000,207,200,200,-7,-3.38,200,-7,-3.38,200,200,1399-12-19
864,وسيستا,شركت س استان سيستان وبلوچستان,1,15000,11400000,770,760,760,-10,-1.3,770,0,0.0,760,760,1399-12-19
865,شستا994,اجاره تامين اجتماعي-نوين991226,1,6,6000000,995000,1000000,1000000,5000,0.5,1000000,5000,0.5,1000000,1000000,1399-12-19
866,وملل2,اعتباري ملل,1,37000000,510600000000,13793,13800,13800,7,0.05,13800,7,0.05,13800,13800,1399-12-19
867,طمخا2007,اختيارف اخابر-24000-1400/02/29,1,78,978354000,12743,12543,12543,-200,-1.57,12543,-200,-1.57,12543,12543,1399-12-19
868,كيا,كيا الكترود شرق,1,12420,97285860,7833,7833,7833,0,0.0,7833,0,0.0,7833,7833,1399-12-19
869,اراد454,مرابحه عام دولت4-ش.خ 0107,1,2000000,1890100000000,974838,945050,945050,-29788,-3.06,945050,-29788,-3.06,945050,945050,1399-12-19
870,ومعادن2,توسعه‌معادن‌وفلزات‌,1,15000000,180000000000,11520,12000,12000,480,4.17,12000,480,4.17,12000,12000,1399-12-19
871,ضشنا2005,اختيارخ شپنا-18000-1400/02/27,1,1,435000,435,435,435,0,0.0,435,0,0.0,435,435,1399-12-19
872,شپديس2,پتروشيمي پرديس,1,686664,62898422400,90380,91600,91600,1220,1.35,91600,1220,1.35,91600,91600,1399-12-19
873,شيراز2,پتروشيمي‌شيراز,1,1000000,51500000000,50640,51500,51500,860,1.7,51500,860,1.7,51500,51500,1399-12-19
874,وشمال,س. چشم انداز توسعه شمال,1,58,5045536,88767,86992,86992,-1775,-2.0,88767,0,0.0,86992,86992,1399-12-19
875,كابگن,توليدي و صنعتي آبگينه‌,1,45000,232155000,5108,5159,5159,51,1.0,5110,2,0.04,5159,5159,1399-12-19
876,شستا992,اجاره تامين اجتماعي-سپهر991226,1,6,6000000,999998,1000000,1000000,2,0.0,1000000,2,0.0,1000000,1000000,1399-12-19
877,ضترا3000,اختيارخ شتران-6000-1400/03/09,1,2,6000000,2700,3000,3000,300,11.11,3000,300,11.11,3000,3000,1399-12-19
878,ضپيك2011,اختيارخ تاپيكو-14000-00/02/19,1,1,666000,700,666,666,-34,-4.86,666,-34,-4.86,666,666,1399-12-19
879,ضفار3009,اختيارخ فارس-6000-1400/03/05,1,5,15750000,1,3150,3150,3149,314900.0,3150,3149,314900.0,3150,3150,1399-12-19
880,حرهشا,رهشاد سپاهان (سهامي عام,1,80,5119360,65297,63992,63992,-1305,-2.0,65296,-1,0.0,63992,63992,1399-12-19
881,اخزا8202,اسنادخزانه-م20بودجه98-020806,1,186999,111264405000,592430,595000,595000,2570,0.43,595000,2570,0.43,595000,595000,1399-12-19
882,شستا993,اجاره ت.اجتماعي-كاردان991226,1,10,9999990,994000,999999,999999,5999,0.6,999999,5999,0.6,999999,999999,1399-12-19
883,خودرو2,ايران‌ خودرو,1,40816326,99999998700,2400,2450,2450,50,2.08,2450,50,2.08,2450,2450,1399-12-19
884,اراد774,مرابحه عام دولت77-ش.خ000812,1,6000000,5866380000000,1000000,977730,977730,-22270,-2.23,977730,-22270,-2.23,977730,977730,1399-12-19
885,اخزا9042,اسنادخزانه-م4بودجه99-011215,1,1480000,1003277200000,674993,677890,677890,2897,0.43,677890,2897,0.43,677890,677890,1399-12-19
886,وتجارت2,بانك تجارت,1,39525691,99999998230,2510,2530,2530,20,0.8,2530,20,0.8,2530,2530,1399-12-19
887,پرند,صندوق س. پروژه آرمان پرند مپنا,1,50000,319250000,6257,6385,6385,128,2.05,6385,128,2.05,6385,6385,1399-12-19
888,ضمخا7075,اختيارخ اخابر-9000-1400/07/28,1,1,3000000,3000,3000,3000,0,0.0,3000,0,0.0,3000,3000,1399-12-19
889,زير0003پ01,زيره سبز0003كيميابذر(پ),1,11,5373082,451253,488462,488462,37209,8.25,488462,37209,8.25,488462,488462,1399-12-19
890,صخود0004,صكوك رهني خودرو0004- 3ماهه 16%,1,10,9700000,970000,970000,970000,0,0.0,970000,0,0.0,970000,970000,1399-12-19
891,مبين2,مبين انرژي خليج فارس,1,10000000,156000000000,14920,15600,15600,680,4.56,15600,680,4.56,15600,15600,1399-12-19
892,دحاوي,الحاوي,1,456,5469264,12238,11994,11994,-244,-1.99,12238,0,0.0,11994,11994,1399-12-19
893,كچاد2,معدني‌وصنعتي‌چادرملو,1,3000000,61350000000,20120,20450,20450,330,1.64,20450,330,1.64,20450,20450,1399-12-19
894,سفار2,سيمان‌فارس‌,1,1676165,255330214450,155430,152330,152330,-3100,-1.99,152330,-3100,-1.99,152330,152330,1399-12-19
895,تايرا2,تراكتورسازي‌ايران‌,1,6000000,153000000000,26020,25500,25500,-520,-2.0,25500,-520,-2.0,25500,25500,1399-12-19
896,ضغدر3002,اختيارخ وغدير-8200-1400/03/26,1,50,190000000,3460,3800,3800,340,9.83,3800,340,9.83,3800,3800,1399-12-19
897,سمگا2,گروه سرمايه گذاري ميراث فرهنگي,1,13300000,353008600000,26542,26542,26542,0,0.0,26542,0,0.0,26542,26542,1399-12-19
898,اراد584,مرابحه عام دولت5-ش.خ 0110,1,5301000,4954049550000,944060,934550,934550,-9510,-1.01,934550,-9510,-1.01,934550,934550,1399-12-19
899,وسكرد,شركت س استان كردستان,1,8000,5840000,740,730,730,-10,-1.35,740,0,0.0,730,730,1399-12-19
900,ضبدر3001,اختيارخ شبندر-16000-1400/03/30,1,3,37500000,12500,12500,12500,0,0.0,12500,0,0.0,12500,12500,1399-12-19
