,نماد,نام,تعداد,حجم,ارزش,دیروز,اولین,آخرین معامله - مقدار,آخرین معامله - تغییر,آخرین معامله - درصد,قیمت پایانی - مقدار,قیمت پایانی - تغییر,قیمت پایانی - درصد,کمترین,بیشترین,تاریخ
0,پالايش,صندوق پالايشي يکم-سهام,78978,100116479,8692273210600,85620,84300,86800,1180,1.38,86820,1200,1.4,82510,88990,1399-12-23
1,دارا يكم,صندوق واسطه گري مالي يكم-سهام,50772,39646662,5822277334440,142960,142350,148900,5940,4.16,146850,3890,2.72,138890,150860,1399-12-23
2,بركت,گروه دارويي بركت,44691,120720822,4137680800990,32490,33480,34430,1940,5.97,34270,1780,5.48,32850,34430,1399-12-23
3,اپال,فرآوري معدني اپال كاني پارس,32690,54277591,914933700060,16040,16150,17000,960,5.99,16860,820,5.11,16150,17000,1399-12-23
4,شپنا,پالايش نفت اصفهان,31363,265597881,3523586497060,12670,12720,13430,760,6.0,13270,600,4.74,12560,13430,1399-12-23
5,خودرو,ايران‌ خودرو,27183,806979323,1923548455300,2410,2370,2400,-10,-0.41,2380,-30,-1.24,2370,2440,1399-12-23
6,خساپا,سايپا,27089,896559990,1937413842470,2190,2150,2170,-20,-0.91,2160,-30,-1.37,2150,2210,1399-12-23
7,شستا,سرمايه گذاري تامين اجتماعي,26224,79966436,1519027110060,18960,18620,19060,100,0.53,19000,40,0.21,18590,19370,1399-12-23
8,كزغال,زغال سنگ پروده طبس,22108,9680709,342868302463,33419,35424,35424,2005,6.0,35418,1999,5.98,34675,35424,1399-12-23
9,فولاد,فولاد مباركه اصفهان,16928,113400632,1444911020060,12500,12380,12710,210,1.68,12740,240,1.92,12380,13030,1399-12-23
10,شتران,پالايش نفت تهران,16587,109759783,966344140640,8690,8570,8820,130,1.5,8800,110,1.27,8520,9050,1399-12-23
11,ولپارس,ليزينگ پارسيان,16462,18031820,91489212010,5120,5020,5060,-60,-1.17,5070,-50,-0.98,5020,5290,1399-12-23
12,فملي,ملي‌ صنايع‌ مس‌ ايران‌,16383,79412906,990440165680,12230,12180,12540,310,2.53,12470,240,1.96,12170,12700,1399-12-23
13,وكبهمن,مديريت سرمايه گذاري كوثربهمن,15778,7650011,89934170420,11739,11520,11820,81,0.69,11756,17,0.14,11505,12090,1399-12-23
14,بپيوند,برق و انرژي پيوندگستر پارس,15230,12735665,181160026009,14384,14097,14217,-167,-1.16,14225,-159,-1.11,14097,14690,1399-12-23
15,بوعلي,پتروشيمي بوعلي سينا,13901,5145994,219795907770,42100,42100,43000,900,2.14,42710,610,1.45,41510,43600,1399-12-23
16,خگستر,گسترش‌سرمايه‌گذاري‌ايران‌خودرو,13344,296266381,822069888650,2820,2770,2770,-50,-1.77,2770,-50,-1.77,2770,2820,1399-12-23
17,شبندر,پالايش نفت بندرعباس,13096,47363207,1325688853500,27300,27270,28060,760,2.78,27990,690,2.53,26900,28700,1399-12-23
18,شاروم,پتروشيمي اروميه,12996,8189569,157154171093,19418,19030,19030,-388,-2.0,19190,-228,-1.17,19030,19800,1399-12-23
19,وتجارت,بانك تجارت,12909,405975982,1066816384630,2510,2550,2660,150,5.98,2630,120,4.78,2520,2660,1399-12-23
20,ثاميد,توسعه و عمران اميد,12620,85559757,135371850820,1550,1540,1580,30,1.94,1580,30,1.94,1540,1620,1399-12-23
21,وسپهر,سرمايه گذاري مالي سپهرصادرات,12324,30836760,311459680561,10100,10100,10102,2,0.02,10100,0,0.0,10100,10105,1399-12-23
22,آريا,پليمر آريا ساسول,11629,6268513,538503877716,81862,81200,86773,4911,6.0,85906,4044,4.94,81200,86773,1399-12-23
23,كاما,باما,11466,52485456,695761061870,13270,13010,13390,120,0.9,13260,-10,-0.08,13010,13710,1399-12-23
24,ذوب,سهامي ذوب آهن  اصفهان,11171,156013243,578080865446,3733,3659,3740,7,0.19,3705,-28,-0.75,3659,3790,1399-12-23
25,وخارزم,سرمايه گذاري خوارزمي,10394,86809605,730051082630,8450,8510,8440,-10,-0.12,8410,-40,-0.47,8340,8600,1399-12-23
26,خبهمن,گروه‌بهمن‌,9631,41254845,800711815050,19310,19140,19500,190,0.98,19410,100,0.52,19140,19800,1399-12-23
27,امين يكم,صندوق درآمد ثابت امين يكم فردا,9589,654817715,6674253593841,10184,10186,10198,14,0.14,10193,9,0.09,10185,10198,1399-12-23
28,وبملت,بانك ملت,9356,281339188,1109265071600,3770,3780,3990,220,5.84,3940,170,4.51,3730,3990,1399-12-23
29,وغدير,سرمايه‌گذاري‌غدير(هلدينگ‌,9072,82223348,1015335072410,11860,12000,12570,710,5.99,12350,490,4.13,11860,12570,1399-12-23
30,وبصادر,بانك صادرات ايران,9035,254987076,600882874580,2270,2260,2400,130,5.73,2360,90,3.96,2260,2400,1399-12-23
31,امين,تامين سرمايه امين,8868,5223286,54381134320,10410,10410,10420,10,0.1,10410,0,0.0,10400,10500,1399-12-23
32,بگيلان,توسعه مسير برق گيلان,8819,2656024,56386704970,21083,21250,21120,37,0.18,21230,147,0.7,20677,21750,1399-12-23
33,سيتا,سرمايه گذاري سيمان تامين,8239,11659183,174981236240,15000,15000,15000,0,0.0,15010,10,0.07,15000,15040,1399-12-23
34,پترول,گروه پتروشيمي س. ايرانيان,7997,41881356,391153669190,9340,9170,9440,100,1.07,9340,0,0.0,9160,9600,1399-12-23
35,سمگا,گروه سرمايه گذاري ميراث فرهنگي,7081,34914873,959332908993,27539,27900,27540,1,0.0,27476,-63,-0.23,26989,28700,1399-12-23
36,پيزد,مجتمع صنايع لاستيك يزد,7054,940550,62175963300,66367,65040,66310,-57,-0.09,66106,-261,-0.39,65040,67790,1399-12-23
37,وپارس,بانك‌پارسيان‌,6662,287007967,889065341920,2950,2910,3120,170,5.76,3100,150,5.08,2910,3120,1399-12-23
38,كرازي,كارخانجات‌توليدي‌شيشه‌رازي‌,6260,15242708,370672883830,23170,24300,24560,1390,6.0,24320,1150,4.96,23640,24560,1399-12-23
39,شگويا,پتروشيمي تندگويان,5793,23464541,196672924450,8215,8150,8499,284,3.46,8382,167,2.03,8062,8607,1399-12-23
40,امين يكم2,صندوق درآمد ثابت امين يكم فردا,5595,559500000,559500000,10184,1,1,-10183,-99.99,1,-10183,-99.99,1,1,1399-12-23
41,خودكفا,اقتصادي و خودكفايي آزادگان,5408,15319447,351746750832,22529,23204,23060,531,2.36,22961,432,1.92,22529,23204,1399-12-23
42,فخوز,فولاد  خوزستان,5384,40486759,569046930630,13890,13770,14290,400,2.88,14060,170,1.22,13750,14500,1399-12-23
43,صبا,سرمايه گذاري صبا تامين,5086,20713583,155267659289,7204,7175,7619,415,5.76,7496,292,4.05,7115,7630,1399-12-23
44,بترانس,ايران‌ ترانسفو,5067,96189927,252429803170,2670,2620,2640,-30,-1.12,2620,-50,-1.87,2620,2670,1399-12-23
45,غپاك,لبنيات‌ پاك‌,4859,16460327,402776410590,23460,23510,24860,1400,5.97,24470,1010,4.31,23510,24860,1399-12-23
46,ونيكي,سرمايه‌گذاري‌ ملي‌ايران‌,4551,21235960,238582384310,11220,11000,11200,-20,-0.18,11230,10,0.09,11000,11570,1399-12-23
47,غنوش,نوش‌ مازندران‌,4539,5134656,301848874080,58010,59980,59800,1790,3.09,58790,780,1.34,56850,61470,1399-12-23
48,حفاري,حفاري شمال,4484,44541715,333510357510,7130,7020,7550,420,5.89,7490,360,5.05,7020,7550,1399-12-23
49,كمند,صندوق س. با درآمد ثابت كمند,4403,176998664,1777865254091,10028,10044,10044,16,0.16,10045,17,0.17,10044,10047,1399-12-23
50,ثاخت,بين‌المللي‌توسعه‌ساختمان,4333,66069777,167764100450,2540,2540,2580,40,1.57,2540,0,0.0,2490,2620,1399-12-23
51,فارس,صنايع پتروشيمي خليج فارس,4315,41907058,378010967470,8620,8510,9130,510,5.92,9020,400,4.64,8510,9130,1399-12-23
52,شبريز,پالايش نفت تبريز,4175,15822156,499686727040,30760,31450,31580,820,2.67,31580,820,2.67,30160,32160,1399-12-23
53,چكاپا,گروه صنايع كاغذ پارس,3965,40500184,204215212560,5140,5050,5040,-100,-1.95,5040,-100,-1.95,5040,5100,1399-12-23
54,هاي وب,داده گسترعصرنوين-هاي وب,3928,13660404,135114487960,9550,9480,9990,440,4.61,9890,340,3.56,9480,10080,1399-12-23
55,آوا,صندوق س.سهام آواي معيار-س,3822,34639898,232812224845,6581,6610,6760,179,2.72,6721,140,2.13,6500,6888,1399-12-23
56,ومعادن,توسعه‌معادن‌وفلزات‌,3514,25645558,315561828270,11740,11650,12440,700,5.96,12300,560,4.77,11650,12440,1399-12-23
57,كرمان,س. توسعه و عمران استان كرمان,3393,4991258,256316072074,52401,51353,51353,-1048,-2.0,51353,-1048,-2.0,51353,51353,1399-12-23
58,كچاد,معدني‌وصنعتي‌چادرملو,3337,25491514,559266997740,20780,21400,22020,1240,5.97,21940,1160,5.58,20780,22020,1399-12-23
59,جوين,كشت و صنعت جوين,3292,116889630,696311746654,5896,6072,5779,-117,-1.98,5957,61,1.03,5779,6072,1399-12-23
60,رمپنا,گروه مپنا (سهامي عام),3269,24050846,375659001570,15850,15540,15780,-70,-0.44,15620,-230,-1.45,15540,16100,1399-12-23
61,نوري,پتروشيمي نوري,3207,5452573,317721525280,55570,54710,58900,3330,5.99,58270,2700,4.86,54710,58900,1399-12-23
62,ونوين,بانك‌اقتصادنوين‌,2964,55175331,232459131750,4090,4040,4240,150,3.67,4210,120,2.93,4040,4320,1399-12-23
63,بجهرم,توسعه مولد نيروگاهي جهرم,2894,28506909,80888247340,2867,2811,2840,-27,-0.94,2837,-30,-1.05,2810,2920,1399-12-23
64,ومهان,گروه توسعه مالي مهر آيندگان,2791,20160338,264932561373,12541,12352,13293,752,6.0,13141,600,4.78,12350,13293,1399-12-23
65,كگل,معدني و صنعتي گل گهر,2760,9834608,188583445080,18670,18680,19460,790,4.23,19180,510,2.73,18680,19530,1399-12-23
66,پرديس,سرمايه گذاري پرديس,2756,25565590,143143646540,5460,5770,5490,30,0.55,5600,140,2.56,5400,5770,1399-12-23
67,غشهداب,كشت و صنعت شهداب ناب خراسان,2738,25634556,98054620167,3875,3800,3798,-77,-1.99,3825,-50,-1.29,3798,3914,1399-12-23
68,وپاسار,بانك  پاسارگاد,2639,41421952,505223530700,12080,12080,12350,270,2.24,12200,120,0.99,12070,12350,1399-12-23
69,بالاس,مهندسي ساختمان تاسيسات راه آهن,2539,2542728,151013110847,58036,56876,60820,2784,4.8,59390,1354,2.33,56876,61517,1399-12-23
70,غسالم,سالمين‌,2501,21208009,86520784080,4140,4080,4070,-70,-1.69,4080,-60,-1.45,4060,4130,1399-12-23
71,تملت,تامين سرمايه بانك ملت,2485,13714151,75577365930,5440,5440,5490,50,0.92,5510,70,1.29,5370,5600,1399-12-23
72,غگلپا,شير پاستوريزه پگاه گلپايگان,2477,2384614,181050658619,72590,73000,76944,4354,6.0,75925,3335,4.59,72000,76945,1399-12-23
73,اخابر,مخابرات ايران,2472,13474988,129740110340,9760,9570,9750,-10,-0.1,9630,-130,-1.33,9570,9830,1399-12-23
74,اعتماد,صندوق س.اعتماد آفرين پارسيان-د,2465,59747140,2110172007580,35293,35320,35318,25,0.07,35318,25,0.07,35317,35322,1399-12-23
75,شيران,س. صنايع‌شيميايي‌ايران,2400,4937342,128293489360,25510,25300,26330,820,3.21,25980,470,1.84,25100,26530,1399-12-23
76,پارسيان,بيمه پارسيان,2393,16780538,183312845860,10970,10760,11120,150,1.37,10920,-50,-0.46,10760,11500,1399-12-23
77,شبهرن,نفت‌ بهران‌,2339,2957246,182198403900,61210,62000,63160,1950,3.19,61610,400,0.65,60800,63220,1399-12-23
78,تاپيكو,س. نفت و گاز و پتروشيمي تأمين,2307,11418653,134309658580,11390,11470,11980,590,5.18,11760,370,3.25,11190,12070,1399-12-23
79,ساراب,سيمان‌ داراب‌,2274,8633337,143530742770,16590,17350,16260,-330,-1.99,16630,40,0.24,16260,17490,1399-12-23
80,خكرمان,گروه اقتصادي كرمان خودرو,2272,26773409,110499899117,4098,4200,4074,-24,-0.59,4127,29,0.71,4018,4270,1399-12-23
81,سرو,صندوق س سروسودمند مدبران-سهام,2234,2554233,171896959890,65560,65030,67990,2430,3.71,67300,1740,2.65,65030,68200,1399-12-23
82,كيان,صندوق س. با درآمد ثابت كيان,2135,40219759,1107460702607,27496,27540,27534,38,0.14,27535,39,0.14,27480,27540,1399-12-23
83,فاسمين,كالسيمين‌,2108,18130746,305104398390,16030,15820,16990,960,5.99,16830,800,4.99,15820,16990,1399-12-23
84,والبر,سرمايه‌ گذاري‌ البرز(هلدينگ‌,2100,8192407,138753536320,16870,16870,16890,20,0.12,16940,70,0.41,16540,17310,1399-12-23
85,كروي,توسعه‌ معادن‌ روي‌ ايران‌,2095,4339241,119699422710,26390,26950,27970,1580,5.99,27590,1200,4.55,26450,27970,1399-12-23
86,وصنا,گروه‌صنايع‌بهشهرايران‌,2073,18128615,114293287600,6380,6430,6260,-120,-1.88,6300,-80,-1.25,6260,6490,1399-12-23
87,آگاس,صندوق س.هستي بخش آگاه-س,2052,2126427,140773413698,64711,65030,66441,1730,2.67,66202,1491,2.3,64400,67200,1399-12-23
88,تاصيكو,سرمايه گذاري صدرتامين,2036,13927709,154319142540,10630,10800,11060,430,4.05,11080,450,4.23,10600,11250,1399-12-23
89,قشرين,قند شيرين خراسان,2004,7506808,119307663875,15972,16300,15700,-272,-1.7,15893,-79,-0.49,15653,16300,1399-12-23
90,سامان,بانك سامان,1995,37735544,406046033423,10461,10531,10670,209,2.0,10760,299,2.86,10531,10774,1399-12-23
91,وپست,پست بانك ايران,1988,14289096,259760874080,18500,18150,18130,-370,-2.0,18180,-320,-1.73,18130,18550,1399-12-23
92,شفن,پتروشيمي فناوران,1893,496465,156404650930,300720,307000,318760,18040,6.0,315040,14320,4.76,302000,318760,1399-12-23
93,افق,فروشگاههاي زنجيره اي افق كوروش,1887,3454030,243377737650,70960,69550,70500,-460,-0.65,70460,-500,-0.7,69550,72650,1399-12-23
94,كپارس,كاشي‌ پارس‌,1880,1074730,162744355440,154060,150980,150980,-3080,-2.0,151430,-2630,-1.71,150980,155500,1399-12-23
95,مبين,مبين انرژي خليج فارس,1856,13016780,218174720680,15980,16020,16930,950,5.94,16760,780,4.88,15730,16930,1399-12-23
96,وصندوق,سرمايه‌گذاري‌صندوق‌بازنشستگي‌,1828,23512004,321740490290,13100,12920,13880,780,5.95,13680,580,4.43,12920,13880,1399-12-23
97,كاوه,فولاد كاوه جنوب كيش,1820,17095760,343332125470,19730,19410,20300,570,2.89,20080,350,1.77,19410,20450,1399-12-23
98,وسپهح,ح . سرمايه‌گذاري‌ سپه‌,1810,14029659,70619123040,4930,4900,5090,160,3.25,5030,100,2.03,4760,5180,1399-12-23
99,ولانا,شركت ليزينگ آريا دانا,1778,3815262,154201535788,39661,40850,39660,-1,0.0,40417,756,1.91,38868,40850,1399-12-23
100,كپشير,پشم‌شيشه‌ايران‌,1744,2477388,104320951490,42540,43300,41690,-850,-2.0,42110,-430,-1.01,41690,44000,1399-12-23
101,ستران,سيمان‌ تهران‌,1740,3911168,101499340900,26320,26010,25990,-330,-1.25,25950,-370,-1.41,25800,26650,1399-12-23
102,شلرد,كود شيميايي اوره لردگان,1732,22286412,165471484206,7225,7340,7441,216,2.99,7425,200,2.77,7190,7441,1399-12-23
103,دزهراويح,ح . ‌داروسازي‌زهراوي‌,1730,7604469,34019940260,4650,4490,4470,-180,-3.87,4470,-180,-3.87,4470,4550,1399-12-23
104,شلعاب,لعابيران‌,1598,4521159,100589568120,22450,22130,22010,-440,-1.96,22250,-200,-0.89,22010,22890,1399-12-23
105,سفارس,سيمان فارس و خوزستان,1593,11493484,207014412460,18360,18000,18000,-360,-1.96,18010,-350,-1.91,18000,18500,1399-12-23
106,پارسان,گسترش نفت و گاز پارسيان,1589,18808333,379817578640,19150,18790,20290,1140,5.95,20190,1040,5.43,18790,20290,1399-12-23
107,گكوثر,هتل پارسيان كوثر اصفهان,1588,21438679,52251084346,2463,2420,2421,-42,-1.71,2437,-26,-1.06,2414,2490,1399-12-23
108,غفارس,شير پاستوريزه پگاه فارس,1580,5086780,83701478861,16740,16406,16406,-334,-2.0,16455,-285,-1.7,16406,16908,1399-12-23
109,سنوين,سرمايه گذاري اقتصاد نوين,1561,11070842,111453335364,9932,9734,10229,297,2.99,10067,135,1.36,9734,10229,1399-12-23
110,دي,بانك دي,1561,3828263,73487336548,19587,19196,19196,-391,-2.0,19196,-391,-2.0,19196,19196,1399-12-23
111,شاراك,پتروشيمي شازند,1516,4952722,126160071180,24360,24500,25780,1420,5.83,25470,1110,4.56,24500,25820,1399-12-23
112,البرز,بيمه البرز,1486,22141728,76932497700,3480,3420,3460,-20,-0.57,3470,-10,-0.29,3420,3590,1399-12-23
113,وبانك,سرمايه گذاري گروه توسعه ملي,1478,10383834,86797904600,8040,7950,8510,470,5.85,8340,300,3.73,7920,8520,1399-12-23
114,ونفت,سرمايه‌گذاري‌ صنعت‌ نفت‌,1478,6283625,102681866750,16010,15720,16900,890,5.56,16340,330,2.06,15690,16910,1399-12-23
115,وملي,گروه‌ صنعتي‌ ملي‌ (هلدينگ‌,1464,705939,120559732380,173910,170440,170440,-3470,-2.0,170780,-3130,-1.8,170440,176000,1399-12-23
116,خمحور,توليدمحورخودرو,1444,1799588,114126091930,61940,61940,64340,2400,3.87,63420,1480,2.39,60710,65650,1399-12-23
117,ارفع,شركت آهن و فولاد ارفع,1443,11440150,163645078979,13598,13630,14413,815,5.99,14304,706,5.19,13630,14413,1399-12-23
118,سبزوا,سيمان لار سبزوار,1426,15535863,56209572472,3682,3609,3609,-73,-1.98,3618,-64,-1.74,3609,3690,1399-12-23
119,زاگرس,پتروشيمي زاگرس,1425,852516,173617355305,201514,198000,204000,2486,1.23,203653,2139,1.06,198000,206000,1399-12-23
120,تكنار,مجتمع معادن مس تكنار,1413,908915,129139633120,141942,146200,139104,-2838,-2.0,142081,139,0.1,139104,146200,1399-12-23
121,هرمز,فولاد هرمزگان جنوب,1400,9184595,125132713925,13235,12981,13760,525,3.97,13624,389,2.94,12981,14029,1399-12-23
122,قچار,فراوردههاي غذايي وقند چهارمحال,1398,1189138,110305502876,94005,92125,92280,-1725,-1.84,92761,-1244,-1.32,92125,95320,1399-12-23
123,شغدير,پتروشيمي غدير,1393,1972903,129312940949,63593,63250,67300,3707,5.83,65544,1951,3.07,62500,67400,1399-12-23
124,ونيرو,سرمايه‌گذاري‌نيرو,1385,19687843,52468729590,2650,2650,2660,10,0.38,2670,20,0.75,2610,2700,1399-12-23
125,وسكاب,س.ص.بازنشستگي كاركنان بانكها,1354,10422012,54402245360,5260,5200,5310,50,0.95,5220,-40,-0.76,5160,5340,1399-12-23
126,قرن,پديده شيمي قرن,1352,1159779,73085663870,62540,61350,62700,160,0.26,63020,480,0.77,61350,64200,1399-12-23
127,بكهنوج,توليد برق ماهتاب كهنوج,1329,22270303,38977625554,1783,1748,1748,-35,-1.96,1757,-26,-1.46,1748,1778,1399-12-23
128,فافزا,فولاد افزا سپاهان,1317,1235218,67365819700,53303,54800,53430,127,0.24,54538,1235,2.32,52237,54902,1399-12-23
129,تسه9911,امتياز تسهيلات مسكن بهمن99,1299,30874,18699927445,586148,615455,557000,-29148,-4.97,605685,19537,3.33,556841,615455,1399-12-23
130,بكام,كارخانجات توليدي شهيد قندي,1290,15192761,51990193760,3410,3400,3430,20,0.59,3420,10,0.29,3390,3500,1399-12-23
131,شسپا,نفت سپاهان,1281,6293794,100286100350,16010,16010,15970,-40,-0.25,15930,-80,-0.5,15690,16180,1399-12-23
132,فنوال,نورد آلومينيوم‌,1261,3178655,81163446450,24700,24240,26180,1480,5.99,25530,830,3.36,24240,26180,1399-12-23
133,پكوير,كوير تاير,1260,4731186,62894974930,13530,13260,13260,-270,-2.0,13290,-240,-1.77,13260,13600,1399-12-23
134,فجر,فولاد اميركبيركاشان,1253,1988630,119751001800,59530,58350,60220,690,1.16,60220,690,1.16,58340,62400,1399-12-23
135,بميلا,توسعه بازرگاني آهن وفولادميلاد,1244,4476534,78286773376,17518,18000,17410,-108,-0.62,17488,-30,-0.17,16810,18090,1399-12-23
136,مدير,ص.س.مديريت ثروت ص.بازنشستگي-س,1235,6369335,57561678678,8866,8827,9074,208,2.35,9037,171,1.93,8827,9186,1399-12-23
137,جم پيلن,پلي پروپيلن جم - جم پيلن,1220,1793873,137333904670,73050,74000,77000,3950,5.41,76560,3510,4.8,73120,77430,1399-12-23
138,ضخود2007,اختيارخ خودرو-3000-1400/02/08,1211,53209,5399207000,101,98,103,2,1.98,101,0,0.0,87,114,1399-12-23
139,جمح,ح . پتروشيمي جم,1197,2392042,70827351360,28120,29000,29900,1780,6.33,29610,1490,5.3,27600,30430,1399-12-23
140,وساخت,سرمايه‌ گذاري‌ ساختمان‌ايران‌,1179,1658898,74725875530,45910,45020,45000,-910,-1.98,45050,-860,-1.87,45000,45510,1399-12-23
141,سرچشمه,سرمايه گذاري مس سرچشمه,1139,6388045,40593875986,6405,6277,6440,35,0.55,6364,-41,-0.64,6277,6560,1399-12-23
142,شپديس,پتروشيمي پرديس,1131,3364195,318430665590,92260,92700,96260,4000,4.34,94650,2390,2.59,92700,96260,1399-12-23
143,شفارا,پتروشيمي فارابي,1121,14434414,56992800848,3917,4034,3860,-57,-1.46,3948,31,0.79,3839,4034,1399-12-23
144,شستان,پتروشيمي گلستان,1106,19731919,82738467429,4247,4163,4300,53,1.25,4193,-54,-1.27,4163,4331,1399-12-23
145,سمازن,سيمان‌مازندران‌,1083,5636892,66798072360,11820,12000,11840,20,0.17,11850,30,0.25,11720,12000,1399-12-23
146,فسپا,گروه‌صنعتي‌سپاهان‌,1077,2993613,111070016780,37510,36800,37480,-30,-0.08,37100,-410,-1.09,36760,37980,1399-12-23
147,ارزش,صندوق س ارزش آفرين بيدار-سهام,1076,8075597,77044470390,9400,9360,9620,220,2.34,9540,140,1.49,9310,9720,1399-12-23
148,تبرك,گروه كارخانجات صنعتي تبرك,1061,3631297,60713859304,17024,16684,16684,-340,-2.0,16720,-304,-1.79,16684,17150,1399-12-23
149,كنور,توسعه معدني و صنعتي صبانور,1056,2454278,114021803320,43910,44700,46540,2630,5.99,46460,2550,5.81,44700,46540,1399-12-23
150,پارس,پتروشيمي پارس,1055,1411355,205551636910,138160,138360,146440,8280,5.99,145640,7480,5.41,138360,146440,1399-12-23
151,خريخت,صنايع‌ريخته‌گري‌ايران‌,1014,9994010,33962097410,3440,3380,3380,-60,-1.74,3410,-30,-0.87,3380,3490,1399-12-23
152,تماوند,تامين سرمايه دماوند,1006,8615525,133761034731,14891,15431,15632,741,4.98,15526,635,4.26,14478,15635,1399-12-23
153,رتاپ,تجارت الكترونيك  پارسيان,982,5864606,41912286840,6780,7000,7180,400,5.9,7070,290,4.28,6930,7180,1399-12-23
154,تنوين,تامين سرمايه نوين,971,12074232,86270739630,7090,7270,7180,90,1.27,7150,60,0.85,7020,7270,1399-12-23
155,وسپه,سرمايه‌گذاري‌ سپه‌,971,6569810,44020907770,6630,6500,6630,0,0.0,6690,60,0.9,6500,6900,1399-12-23
156,وسينا,بانك سينا,967,14071500,46233061040,3260,3220,3280,20,0.61,3280,20,0.61,3220,3380,1399-12-23
157,آريان,سرمايه گذاري پارس آريان,965,9385973,102853203386,10819,10765,11143,324,2.99,10958,139,1.28,10603,11143,1399-12-23
158,بموتو,موتوژن‌,963,851782,48566468390,56190,55410,57340,1150,2.05,56980,790,1.41,55070,58000,1399-12-23
159,رانفور,خدمات‌انفورماتيك‌,962,2873776,66442491930,23580,23110,23110,-470,-1.99,23190,-390,-1.65,23110,23580,1399-12-23
160,وپترو,سرمايه‌گذاري صنايع پتروشيمي‌,961,3921333,58366963920,14930,14640,14910,-20,-0.13,14880,-50,-0.33,14640,15270,1399-12-23
161,شكربن,كربن‌ ايران‌,959,671206,62354487450,91130,89350,95110,3980,4.37,92900,1770,1.94,89310,95500,1399-12-23
162,طلا,صندوق س.پشتوانه طلاي لوتوس,945,1978019,151571756923,75384,77100,76720,1336,1.77,76628,1244,1.65,75500,77500,1399-12-23
163,دعبيد,لابراتوارداروسازي‌  دكترعبيدي‌,945,2182783,52517758980,22700,24060,24060,1360,5.99,24050,1350,5.95,24060,24060,1399-12-23
164,جم,پتروشيمي جم,929,6591651,236847858130,34110,34000,36150,2040,5.98,35930,1820,5.34,34000,36150,1399-12-23
165,سكه0012پ01,سكه تمام بهارتحويلي 1روزه رفاه,918,356800,377462827300,1037140,1070000,1067900,30760,2.97,1057911,20771,2.0,1048000,1070001,1399-12-23
166,فاراك,ماشين‌ سازي‌ اراك‌,892,9505595,47435216920,5090,4990,4990,-100,-1.96,4990,-100,-1.96,4990,5010,1399-12-23
167,حتايد,تايدواترخاورميانه,868,2714242,65996283100,24520,24030,24480,-40,-0.16,24310,-210,-0.86,24030,25090,1399-12-23
168,قنيشا,قند  نيشابور,866,1137468,67975239590,60910,59720,59700,-1210,-1.99,59760,-1150,-1.89,59700,60620,1399-12-23
169,اميد,تامين سرمايه اميد,858,6454481,54592373630,8470,8460,8470,0,0.0,8460,-10,-0.12,8370,8590,1399-12-23
170,شپارس,بين‌ المللي‌ محصولات‌  پارس‌,852,1697639,33624388520,19670,20700,19450,-220,-1.12,19760,90,0.46,19360,20700,1399-12-23
171,تايرا,تراكتورسازي‌ايران‌,851,3225254,86718008140,25900,26060,27450,1550,5.98,26890,990,3.82,25960,27450,1399-12-23
172,وبشهر,توسعه‌ صنايع‌ بهشهر(هلدينگ,850,4388980,51349106650,11410,11220,11600,190,1.67,11700,290,2.54,11200,12090,1399-12-23
173,شرنگي,شيميايي رنگين,836,575075,128420470175,213320,223986,223986,10666,5.0,223311,9991,4.68,204788,223986,1399-12-23
174,پارند,صندوق س. پارند پايدار سپهر,810,22387755,251582435309,11219,11239,11236,17,0.15,11238,19,0.17,11235,11247,1399-12-23
175,فولاژ,فولاد آلياژي ايران,779,2877438,50132397330,17650,17300,17320,-330,-1.87,17490,-160,-0.91,17300,17840,1399-12-23
176,رنيك,جنرال مكانيك,773,1289001,26301101956,20341,20000,20450,109,0.54,20374,33,0.16,20000,20590,1399-12-23
177,حسينا,توسعه خدمات دريايي وبندري سينا,770,916289,63977402676,70007,69300,70000,-7,-0.01,69822,-185,-0.26,69200,70300,1399-12-23
178,شوينده,مديريت صنعت شوينده ت.ص.بهشهر,764,1175305,35100348160,30360,30050,30000,-360,-1.19,30010,-350,-1.15,29760,30880,1399-12-23
179,وايرا,سرمايه گذاري صنايع ايران,748,3007797,34897858097,11544,11333,11360,-184,-1.59,11602,58,0.5,11333,11850,1399-12-23
180,همراه,شركت ارتباطات سيار ايران,747,1315896,33638535910,25430,24930,25490,60,0.24,25470,40,0.16,24930,25850,1399-12-23
181,تسه9910,امتياز تسهيلات مسكن دي99,744,21614,12769480210,582420,611541,569000,-13420,-2.3,590797,8377,1.44,553299,611541,1399-12-23
182,شخارك,پتروشيمي‌ خارك‌,741,1184067,52638428590,43290,44000,44600,1310,3.03,43890,600,1.39,42900,45480,1399-12-23
183,شپاكسا,پاكسان‌,738,1470402,37906727740,26200,26200,25750,-450,-1.72,25880,-320,-1.22,25680,26350,1399-12-23
184,ضخود2006,اختيارخ خودرو-2500-1400/02/08,732,32593,7104068000,219,213,220,1,0.46,218,-1,-0.46,195,250,1399-12-23
185,ضسپا3004,اختيارخ خساپا-2500-1400/03/26,713,33234,6912155000,202,194,210,8,3.96,208,6,2.97,188,237,1399-12-23
186,واحيا,م .صنايع و معادن احياء سپاهان,707,888085,123866199936,141561,139272,139980,-1581,-1.12,139476,-2085,-1.47,138730,142000,1399-12-23
187,بساما,بيمه سامان,687,1703916,38248859363,21230,22400,22503,1273,6.0,22111,881,4.15,21710,22503,1399-12-23
188,تسه9909,امتياز تسهيلات مسكن آذر99,685,23468,14043847115,579090,600000,551123,-27967,-4.83,598425,19335,3.34,550136,608044,1399-12-23
189,كرماشا,صنايع پتروشيمي كرمانشاه,679,2148890,78950598590,35250,34560,37360,2110,5.99,36740,1490,4.23,34560,37360,1399-12-23
190,وبوعلي,سرمايه‌گذاري‌بوعلي‌,678,3636970,20421498420,5690,5580,5650,-40,-0.7,5660,-30,-0.53,5580,5700,1399-12-23
191,فسازان,غلتك سازان سپاهان,666,1232703,41446800720,33210,33000,34300,1090,3.28,33550,340,1.02,32550,34640,1399-12-23
192,تيپيكو,سرمايه گذاري دارويي تامين,665,967434,38486441460,39930,39350,39970,40,0.1,39850,-80,-0.2,39350,40200,1399-12-23
193,شنفت,نفت‌ پارس‌,664,571367,28483807880,50080,51550,49210,-870,-1.74,49950,-130,-0.26,49120,51550,1399-12-23
194,زدشت,كشت و صنعت دشت خرم دره,659,1727362,47757575338,28207,27643,27643,-564,-2.0,27662,-545,-1.93,27643,27930,1399-12-23
195,ختراك,ريخته‌گري‌ تراكتورسازي‌ ايران‌,647,3517783,58155643250,16820,16490,16490,-330,-1.96,16530,-290,-1.72,16490,16960,1399-12-23
196,فيروزه,صندوق شاخص30 شركت فيروزه- سهام,643,351555,48076709310,134310,131520,137220,2910,2.17,136750,2440,1.82,131520,138500,1399-12-23
197,سخوز,سيمان خوزستان,640,3257143,70486315070,22070,22070,21630,-440,-1.99,21640,-430,-1.95,21630,22070,1399-12-23
198,كهمدا,شيشه‌ همدان‌,638,2250398,22096753980,9920,9790,9850,-70,-0.71,9870,-50,-0.5,9730,10000,1399-12-23
199,دتماد,توليدمواداوليه‌داروپخش‌,634,567862,25114867790,43060,43450,44300,1240,2.88,43630,570,1.32,43210,44600,1399-12-23
200,سپاها,سيمان‌سپاهان‌,631,3436465,29137527550,8640,8640,8500,-140,-1.62,8540,-100,-1.16,8470,8680,1399-12-23
201,بمپنا,توليد برق عسلويه  مپنا,626,2194859,164634978080,76498,74969,74969,-1529,-2.0,75009,-1489,-1.95,74969,76499,1399-12-23
202,وكار,بانك‌ كارآفرين‌,623,12304289,30058258010,2470,2430,2470,0,0.0,2450,-20,-0.81,2430,2500,1399-12-23
203,نهال,صندوق س. طلاي سرخ نوويرا,618,2986047,27827630962,9400,9350,9491,91,0.97,9319,-81,-0.86,9128,9598,1399-12-23
204,وارس,سرمايه گذاري ارس صبا,611,3352211,47003074202,14285,14000,14001,-284,-1.99,14022,-263,-1.84,14000,14284,1399-12-23
205,آساميد,صندوق س.مشترك آسمان اميد -د,606,28607292,333814039621,11659,11669,11669,10,0.09,11669,10,0.09,11665,11673,1399-12-23
206,شفا,سرمايه گذاري شفادارو,602,550246,25155129090,46350,45430,45460,-890,-1.92,46030,-320,-0.69,45430,48850,1399-12-23
207,شرانل,نفت ايرانول,599,1203082,44324877188,37186,36443,37240,54,0.15,36879,-307,-0.83,36443,37990,1399-12-23
208,ياقوت,صندوق س ياقوت آگاه-ثابت,596,11075039,133376213697,12027,12042,12050,23,0.19,12043,16,0.13,12042,12055,1399-12-23
209,كاريس,صندوق س.سپهر كاريزما-س,590,6051152,64985034647,10493,10516,10804,311,2.96,10739,246,2.34,10490,11000,1399-12-23
210,تسه9908,امتياز تسهيلات مسكن آبان99,589,10682,6341878679,573804,580020,545114,-28690,-5.0,593698,19894,3.47,545114,602494,1399-12-23
211,سيدكو,سرمايه گذاري توسعه صنايع سيمان,586,4460862,26755818430,6110,6000,6000,-110,-1.8,6050,-60,-0.98,5990,6110,1399-12-23
212,وشهر,بانك شهر,578,7984453,49335935087,5942,6179,6179,237,3.99,6179,237,3.99,6179,6179,1399-12-23
213,شپاس,نفت پاسارگاد,577,1410299,30970791617,20960,20640,22217,1257,6.0,21551,591,2.82,20640,22217,1399-12-23
214,خكاوه,سايپا ديزل,568,8787648,29011015107,3367,3300,3300,-67,-1.99,3301,-66,-1.96,3300,3350,1399-12-23
215,اطلس,صندوق س.توسعه اندوخته آينده-س,567,1320891,277832111686,204809,207500,210400,5591,2.73,210337,5528,2.7,205420,211000,1399-12-23
216,خراسان,پتروشيمي خراسان,566,801489,58820786230,69730,70830,73910,4180,5.99,73390,3660,5.25,69750,73910,1399-12-23
217,كاردان,صندوق س تجارت شاخصي كاردان,565,285259,44021423770,151520,152800,155510,3990,2.63,154320,2800,1.85,150510,157000,1399-12-23
218,غبشهر,صنعتي‌ بهشهر,564,1273139,25573891290,20320,19920,20330,10,0.05,20200,-120,-0.59,19920,20590,1399-12-23
219,تصميم,صندوق س با درآمد ثابت تصميم,554,3110339,49327807225,15844,15860,15862,18,0.11,15859,15,0.09,15854,15863,1399-12-23
220,اوصتا2,صندوق انديشه ورزان صباتامين -د,552,55200000,55200000,18053,1,1,-18052,-99.99,1,-18052,-99.99,1,1,1399-12-23
221,وخاور,بانك خاورميانه,551,5393166,48439531800,8970,8810,8890,-80,-0.89,8980,10,0.11,8800,9140,1399-12-23
222,شگلح,ح . گلتاش‌,533,2749090,17935548050,6750,6490,6570,-180,-2.67,6520,-230,-3.41,6480,6680,1399-12-23
223,غويتاح,ح . ويتانا,524,2163080,25555634625,12016,11850,11776,-240,-2.0,11814,-202,-1.68,11776,12240,1399-12-23
224,شراز,پالايش نفت شيراز,520,206796,23293288743,112810,110554,112967,157,0.14,112730,-80,-0.07,110554,115000,1399-12-23
225,پسهند,صنايع‌ لاستيكي‌  سهند,518,717278,30954163170,43500,42630,43810,310,0.71,43280,-220,-0.51,42630,44150,1399-12-23
226,پكرمان,گروه‌ صنعتي‌ بارز,517,922027,24020372120,25490,26000,26130,640,2.51,25750,260,1.02,25570,26530,1399-12-23
227,دارو,كارخانجات‌داروپخش‌,514,652771,21603290550,32820,32170,33620,800,2.44,32940,120,0.37,32170,34100,1399-12-23
228,عيار,صندوق س. پشتوانه طلاي مفيد,502,594081,16031841182,26290,27000,26891,601,2.29,26986,696,2.65,26760,27200,1399-12-23
229,وسين,بيمه سينا,499,1609354,23353501253,14598,14450,14331,-267,-1.83,14511,-87,-0.6,14308,14880,1399-12-23
230,وآرين,شركت توسعه اقتصادي آرين,498,3715443,14225036794,3882,3806,3805,-77,-1.98,3844,-38,-0.98,3805,3920,1399-12-23
231,وسرمد,بيمه  سرمد,497,3717057,23707572964,6422,6294,6420,-2,-0.03,6378,-44,-0.69,6294,6614,1399-12-23
232,نوين,بيمه نوين,495,4753205,26988838313,5793,5678,5678,-115,-1.99,5730,-63,-1.09,5678,5705,1399-12-23
233,آكورد,صندوق س. آرمان آتي كوثر-د,492,5246052,163352530221,31093,31144,31137,44,0.14,31138,45,0.14,31136,31144,1399-12-23
234,كگهر,سنگ آهن گهرزمين,492,1008284,46741694380,46152,46199,46239,87,0.19,46232,80,0.17,46152,47995,1399-12-23
235,وحكمت,بيمه حكمت صبا,486,5237406,19343458220,3765,3720,3690,-75,-1.99,3694,-71,-1.89,3690,3740,1399-12-23
236,شكلر,نيروكلر,485,910298,46306891680,51900,50870,50870,-1030,-1.98,50930,-970,-1.87,50870,50920,1399-12-23
237,دالبر,البرزدارو,484,1858719,27666006220,15030,14730,15300,270,1.8,14950,-80,-0.53,14730,15490,1399-12-23
238,فخاس,فولاد خراسان,483,4291890,128502391920,30550,29940,29940,-610,-2.0,29940,-610,-2.0,29940,30110,1399-12-23
239,شاوان,پالايش نفت لاوان,482,480165,41906630589,84865,85000,88300,3435,4.05,86829,1964,2.31,85000,89279,1399-12-23
240,ميدكو,هلدينگ صنايع  معدني خاورميانه,474,2413686,73469398818,30324,30326,30475,151,0.5,30394,70,0.23,30324,30500,1399-12-23
241,شيراز,پتروشيمي‌شيراز,465,1999249,106426144100,50740,52900,53780,3040,5.99,53230,2490,4.91,50740,53780,1399-12-23
242,خصدرا,صنعتي‌ دريايي‌ ايران‌,465,6867136,19722414592,2930,2872,2872,-58,-1.98,2892,-38,-1.3,2872,2872,1399-12-23
243,وملل,اعتباري ملل,460,8868488,118750860720,13663,13390,13390,-273,-2.0,13390,-273,-2.0,13390,13400,1399-12-23
244,سيستم,همكاران سيستم,458,547143,14200872110,25970,25680,25720,-250,-0.96,25970,0,0.0,25470,26400,1399-12-23
245,سحرخيز,صندوق س. گروه زعفران سحرخيز,448,1820263,17362666054,9533,9590,9512,-21,-0.22,9539,6,0.06,9413,9600,1399-12-23
246,دشيميح,ح . شيمي‌ داروئي‌ داروپخش‌,445,800988,15570999250,19900,19170,19400,-500,-2.51,19440,-460,-2.31,19170,20130,1399-12-23
247,دسبحان,سبحان دارو,444,1460655,31566654300,21770,21770,21510,-260,-1.19,21670,-100,-0.46,21340,22000,1399-12-23
248,فنرژي,گسترش صنايع انرژي آذرآب,437,1475424,30516599148,21059,20638,20638,-421,-2.0,20683,-376,-1.79,20638,21407,1399-12-23
249,ثباغ,شهر سازي و خانه سازي باغميشه,425,999845,14644479796,14931,14634,14633,-298,-2.0,14846,-85,-0.57,14633,15080,1399-12-23
250,سشرق,سيمان‌ شرق‌,424,4249427,29117268890,6980,6860,6850,-130,-1.86,6900,-80,-1.15,6850,6970,1399-12-23
251,واعتبار,سرمايه گذاري اعتبار ايران,418,2187559,19393735990,9020,8840,8980,-40,-0.44,8960,-60,-0.67,8840,9000,1399-12-23
252,بفجر,فجر انرژي خليج فارس,414,1320166,30762681870,22690,23150,23500,810,3.57,23000,310,1.37,22750,23580,1399-12-23
253,حكشتي,كشتيراني جمهوري اسلامي ايران,405,559068,10739696280,19600,19210,19210,-390,-1.99,19560,-40,-0.2,19210,19210,1399-12-23
254,دسبحا,گروه دارويي سبحان,401,1263088,24213237490,18720,18720,18900,180,0.96,18930,210,1.12,18380,19800,1399-12-23
255,وتوشه,سرمايه‌ گذاري‌ پارس‌ توشه‌,398,1071781,23923539840,22520,22090,22810,290,1.29,22420,-100,-0.44,22070,22990,1399-12-23
256,ورازي,بيمه رازي,385,5005731,42621618215,8952,8505,8505,-447,-4.99,8515,-437,-4.88,8505,8650,1399-12-23
257,سپيدار,سپيدار سيستم آسيا,385,544599,34797153105,65198,63895,63895,-1303,-2.0,64273,-925,-1.42,63895,63895,1399-12-23
258,زبينا,كشاورزي و دامپروري بينالود,381,6448108,22819854212,3611,3539,3539,-72,-1.99,3577,-34,-0.94,3539,3539,1399-12-23
259,فلات,گروه صنايع معادن فلات ايرانيان,379,1614895,22161407114,13430,13170,13832,402,2.99,13723,293,2.18,13170,13832,1399-12-23
260,وصنعت,سرمايه گذاري توسعه صنعت وتجارت,367,3371796,22793340960,6890,6760,6760,-130,-1.89,6830,-60,-0.87,6760,6760,1399-12-23
261,آسيا,بيمه آسيا,364,13912169,32832718840,2400,2360,2360,-40,-1.67,2370,-30,-1.25,2360,2360,1399-12-23
262,زفكاح,ح . كشت و دامداري فكا,357,1362660,10305563663,7609,7482,7600,-9,-0.12,7563,-46,-0.6,7482,7650,1399-12-23
263,وپخش,داروپخش‌ (هلدينگ‌,351,163367,16617361770,103730,101660,101660,-2070,-2.0,103050,-680,-0.66,101660,104500,1399-12-23
264,ضپاس2002,اختيارخ وپارس-3000-1400/02/29,347,10321,3520961000,265,250,386,121,45.66,341,76,28.68,250,415,1399-12-23
265,دكيمي,كيميدارو,344,485073,12301678540,25760,25250,25300,-460,-1.79,25660,-100,-0.39,25250,25700,1399-12-23
266,كپرور,فرآوري زغال سنگ پروده طبس,339,601229,23202882190,39366,38580,38583,-783,-1.99,39000,-366,-0.93,38579,38880,1399-12-23
267,زرين,صندوق س. سهام زرين كوروش-س,337,3549086,36060502433,9875,9523,10010,135,1.37,10161,286,2.9,9523,10240,1399-12-23
268,ضخود2005,اختيارخ خودرو-2000-1400/02/08,336,11299,5963767000,525,599,529,4,0.76,528,3,0.57,497,599,1399-12-23
269,چكاوه,صنايع‌كاغذسازي‌كاوه‌,326,1534283,27618653260,18360,18000,18000,-360,-1.96,18160,-200,-1.09,18000,18070,1399-12-23
270,پخش,پخش البرز,317,952048,32106088841,34310,33624,33624,-686,-2.0,33927,-383,-1.12,33624,34420,1399-12-23
271,گوهران,سرمايه گذاري توسعه گوهران اميد,313,3383630,24555002910,7405,7257,7257,-148,-2.0,7331,-74,-1.0,7257,7257,1399-12-23
272,پلاسك,پلاسكوكار,309,2738151,21713918470,8090,7930,7930,-160,-1.98,8020,-70,-0.87,7930,7940,1399-12-23
273,شاملا,معدني‌ املاح‌  ايران‌,298,390574,20203112070,52490,51450,51460,-1030,-1.96,52180,-310,-0.59,51450,53900,1399-12-23
274,غپونه,نوش پونه مشهد,293,1091673,22687266536,21647,20782,20782,-865,-4.0,20782,-865,-4.0,20782,20899,1399-12-23
275,كمينا,شيشه سازي مينا,291,803983,19485371304,24720,24226,24226,-494,-2.0,24239,-481,-1.95,24226,24499,1399-12-23
276,لبوتان,گروه‌صنعتي‌بوتان‌,286,246665,15045707280,62220,60990,61300,-920,-1.48,61840,-380,-0.61,60980,62180,1399-12-23
277,تسه9907,امتياز تسهيلات مسكن مهر99,281,4787,2872055953,579559,608536,596998,17439,3.01,599970,20411,3.52,551000,608536,1399-12-23
278,ساينا,صنايع بهداشتي ساينا,276,56539,8885499398,160006,157501,156806,-3200,-2.0,159491,-515,-0.32,156806,159690,1399-12-23
279,نيرو,نيرو سرمايه,271,410667,22374648371,56682,54415,54415,-2267,-4.0,54484,-2198,-3.88,54415,55549,1399-12-23
280,شكف,كف,268,157818,13241984916,84026,84027,83800,-226,-0.27,83907,-119,-0.14,82346,85706,1399-12-23
281,زر,صندوق س.پشتوانه سكه طلاي زر,267,589760,27399914807,45570,46111,46650,1080,2.37,46459,889,1.95,46111,46790,1399-12-23
282,بخاور,بيمه زندگي خاورميانه,266,3230357,22384627784,7070,6929,6929,-141,-1.99,7006,-64,-0.91,6929,6979,1399-12-23
283,شكبير,پتروشيمي اميركبير,266,292877,25996042359,87536,89000,89070,1534,1.75,87850,314,0.36,86910,90000,1399-12-23
284,فردا,صندوق س آواي فرداي زاگرس-ثابت,262,10442088,107731492387,10302,10318,10321,19,0.18,10317,15,0.15,10313,10321,1399-12-23
285,شپترو,پتروشيمي آبادان,255,5999454,31011177726,5019,5169,5169,150,2.99,5169,150,2.99,5169,5169,1399-12-23
286,خفولا,خدمات فني فولاد يزد,254,885975,41926108950,45944,47322,47322,1378,3.0,47322,1378,3.0,47322,47322,1399-12-23
287,قنقش,قند نقش جهان,252,159971,12170641180,75833,77340,74317,-1516,-2.0,76080,247,0.33,74317,77349,1399-12-23
288,ضشنا2002,اختيارخ شپنا-12000-1400/02/27,245,4504,9131215000,1722,1750,2110,388,22.53,2027,305,17.71,1650,2310,1399-12-23
289,وبيمهح,ح . سرمايه‌ گذاري‌ صنعت‌ بيمه‌,243,6293887,6432596370,1050,1170,1010,-40,-3.81,1020,-30,-2.86,1010,1170,1399-12-23
290,پتاير,ايران‌ تاير,241,9555946,40803889420,4350,4270,4270,-80,-1.84,4280,-70,-1.61,4270,4270,1399-12-23
291,آساس,صندوق س.آسمان آرماني سهام-س,235,72586,11695453195,158241,158241,161951,3710,2.34,161125,2884,1.82,158241,162500,1399-12-23
292,سپ,پرداخت الكترونيك سامان كيش,235,539992,9038796500,17070,16730,16730,-340,-1.99,17010,-60,-0.35,16730,16990,1399-12-23
293,انرژي3,سايراشخاص بورس انرژي,233,33851,8848989910,266740,261410,261410,-5330,-2.0,265990,-750,-0.28,261410,261410,1399-12-23
294,سكه9912پ04,سكه تمام بهارتحويل1روزه صادرات,231,134800,143226079200,1040113,1068000,1068000,27887,2.68,1062508,22395,2.15,1053600,1070000,1399-12-23
295,خپارس,پارس‌ خودرو,221,1258449,7072483380,5730,5620,5620,-110,-1.92,5710,-20,-0.35,5620,5620,1399-12-23
296,خاهن,آهنگري‌ تراكتورسازي‌ ايران‌,210,1054049,39484675540,38220,37460,37460,-760,-1.99,37610,-610,-1.6,37460,37460,1399-12-23
297,چكارن,كارتن‌ ايران‌,207,1527734,5301236980,3540,3470,3470,-70,-1.98,3530,-10,-0.28,3470,3470,1399-12-23
298,افران,صندوق س افرا نماد پايدار-ثابت,206,2064777,26564971453,12845,12860,12869,24,0.19,12866,21,0.16,12845,12871,1399-12-23
299,دفرا,فرآورده‌هاي‌ تزريقي‌ ايران‌,204,327295,8452389810,26310,25790,25790,-520,-1.98,26230,-80,-0.3,25790,26310,1399-12-23
300,بالبر,كابل‌ البرز,204,217632,13340841600,62550,61300,61300,-1250,-2.0,62210,-340,-0.54,61300,61300,1399-12-23
301,اتكام,شركت بيمه اتكايي امين,203,3324962,16253876217,4987,4888,4888,-99,-1.99,4954,-33,-0.66,4888,4950,1399-12-23
302,سهگمت,سيمان‌هگمتان‌,199,748556,18894832840,25740,25240,25230,-510,-1.98,25550,-190,-0.74,25230,25380,1399-12-23
303,تپمپي,پمپ‌ سازي‌ ايران‌,199,535003,10336257960,19710,19320,19320,-390,-1.98,19630,-80,-0.41,19320,19320,1399-12-23
304,فروي,ذوب روي اصفهان,192,146364,9405204276,65570,64259,64259,-1311,-2.0,65318,-252,-0.38,64259,64259,1399-12-23
305,مارون,پتروشيمي مارون,192,253398,37889267834,148987,147241,150001,1014,0.68,149190,203,0.14,147241,151100,1399-12-23
306,خبازرس,بازرسي مهندسي و صنعتي ايران,188,572162,19844294646,36128,34683,34683,-1445,-4.0,34683,-1445,-4.0,34683,34683,1399-12-23
307,كفرآور,فرآورده هاي سيمان شرق,185,1140550,27719948183,24794,24328,24299,-495,-2.0,24304,-490,-1.98,24299,24504,1399-12-23
308,تسه9810,امتياز تسهيلات مسكن دي98,183,3388,2008092260,575818,568000,590000,14182,2.46,592707,16889,2.93,547028,604608,1399-12-23
309,كارين,صندوق س نگين سامان-ثابت,182,6794830,68846598921,10117,10132,10135,18,0.18,10132,15,0.15,10131,10135,1399-12-23
310,كالا,بورس كالاي ايران,182,230532,7833477360,34670,33980,33980,-690,-1.99,34560,-110,-0.32,33980,33980,1399-12-23
311,خاور,ايران خودرو ديزل,181,6299262,36869580486,5972,5853,5853,-119,-1.99,5853,-119,-1.99,5853,5853,1399-12-23
312,ضجار2002,اختيارخ وتجارت-2500-1400/02/22,180,9881,3737354000,307,379,400,93,30.29,378,71,23.13,320,400,1399-12-23
313,آتيمس,صندوق س.آرمان آتيه درخشان مس-س,177,45183,8135490815,177543,177543,180520,2977,1.68,180056,2513,1.42,177543,182000,1399-12-23
314,تسه9902,امتياز تسهيلات مسكن ارديبهشت99,168,2224,1322172107,578830,561100,565000,-13830,-2.39,594502,15672,2.71,549889,607771,1399-12-23
315,قلرست,قند لرستان‌,168,215815,7629060250,36070,35350,35350,-720,-2.0,35960,-110,-0.3,35350,35350,1399-12-23
316,گشان,توسعه بين المللي پديده شانديز,167,68124,2206195740,33045,32385,32385,-660,-2.0,32969,-76,-0.23,32385,32385,1399-12-23
317,كخاك,صنايع‌خاك‌چيني‌ايران‌,166,198319,8534629930,43870,43000,43040,-830,-1.89,43720,-150,-0.34,43000,43700,1399-12-23
318,آبادا,توليد نيروي برق آبادان,165,729535,10877366850,15210,14910,14910,-300,-1.97,15140,-70,-0.46,14910,14910,1399-12-23
319,دمعيار,صندوق س. توازن معيار-د,162,11068958,111889471842,10088,10110,10100,12,0.12,10108,20,0.2,10100,10115,1399-12-23
320,گوهر,صندوق سكه طلاي كيان,160,55755,2947050533,51675,54596,52990,1315,2.54,52857,1182,2.29,52122,54596,1399-12-23
321,تسه9906,امتياز تسهيلات مسكن شهريور99,158,1588,942889737,579969,560000,559900,-20069,-3.46,593759,13790,2.38,550971,608967,1399-12-23
322,بنو,بيمه تجارت نو,156,4728497,164301085259,35456,34747,34747,-709,-2.0,34747,-709,-2.0,34747,34747,1399-12-23
323,حكشتيح,ح . كشتيراني ج. ا. ا,154,1521474,23542947410,16100,16040,15460,-640,-3.98,15470,-630,-3.91,15460,16040,1399-12-23
324,كيان2,صندوق س. با درآمد ثابت كيان,153,15300000,15300000,27496,1,1,-27495,-100.0,1,-27495,-100.0,1,1,1399-12-23
325,بورس,بورس اوراق بهادار تهران,152,498392,18769442720,38420,37660,37660,-760,-1.98,38180,-240,-0.62,37660,37660,1399-12-23
326,ماديرا,صنايع ماشين هاي اداري ايران,152,663036,5870520744,9034,8854,8854,-180,-1.99,9012,-22,-0.24,8854,8854,1399-12-23
327,كحافظ,كاشي‌ وسراميك‌ حافظ‌,151,546547,6569494940,12260,12020,12020,-240,-1.96,12230,-30,-0.24,12020,12020,1399-12-23
328,دكپسولح,ح .توليد ژلاتين كپسول ايران,150,115502,2554660812,22549,22100,22099,-450,-2.0,22118,-431,-1.91,22099,22489,1399-12-23
329,حريل,ريل پردازسير,150,2281328,12971631008,5802,5686,5686,-116,-2.0,5771,-31,-0.53,5686,5686,1399-12-23
330,دلر,داروسازي‌ اكسير,148,202958,7370480710,36670,36000,36530,-140,-0.38,36620,-50,-0.14,35940,36690,1399-12-23
331,ثبهساز,بهساز كاشانه تهران,148,1431849,3321889680,2360,2320,2320,-40,-1.69,2360,0,0.0,2320,2320,1399-12-23
332,تسه9801,امتياز تسهيلات مسكن فروردين98,148,2295,1334540053,559358,576009,563295,3937,0.7,581499,22141,3.96,561030,587325,1399-12-23
333,دارا,صندوق س. دارا الگوريتم-د,148,2636898,26439793071,10018,10049,10019,1,0.01,10027,9,0.09,10017,10049,1399-12-23
334,تسه9802,امتياز تسهيلات مسكن ارديبهشت98,146,2296,1367791954,576885,561000,580000,3115,0.54,595728,18843,3.27,561000,605729,1399-12-23
335,ومشان,س. فني و مهندسي مشانير,146,258443,19316546706,72566,74742,74742,2176,3.0,74606,2040,2.81,74742,74742,1399-12-23
336,تسه9904,امتياز تسهيلات مسكن تير99,144,1690,1017282843,581590,552511,561000,-20590,-3.54,601942,20352,3.5,552511,610669,1399-12-23
337,وتوسم,سرمايه‌گذاري‌توسعه‌ملي‌,142,1766607,17348080740,10020,9820,9820,-200,-2.0,9950,-70,-0.7,9820,9820,1399-12-23
338,فرابورس,فرابورس ايران,142,372184,12107517704,33194,32531,32531,-663,-2.0,33030,-164,-0.49,32531,32531,1399-12-23
339,ارمغان,ص سرمايه گذاري ارمغان ايرانيان,141,896225,9002633813,10026,10048,10045,19,0.19,10045,19,0.19,10038,10049,1399-12-23
340,سپاس,صندوق س. پاداش سهامداري توسعه1,141,3549371,35633493901,10025,10052,10040,15,0.15,10039,14,0.14,10039,10052,1399-12-23
341,افق ملت,صندوق س در سهام افق ملت,140,65393,8061253740,121050,122000,124030,2980,2.46,123270,2220,1.83,122000,124340,1399-12-23
342,تسه9905,امتياز تسهيلات مسكن مرداد99,139,1709,1020744708,578761,585000,550000,-28761,-4.97,597276,18515,3.2,549823,607699,1399-12-23
343,فالوم,آلومتك‌,137,1296899,51278089561,40345,39539,39539,-806,-2.0,39539,-806,-2.0,39539,39539,1399-12-23
344,دزهراوي,داروسازي‌زهراوي‌,137,397820,3122887000,8010,7850,7850,-160,-2.0,8000,-10,-0.12,7850,7850,1399-12-23
345,تليسه,دامداري تليسه نمونه,137,1107304,4876566816,4493,4404,4404,-89,-1.98,4484,-9,-0.2,4404,4404,1399-12-23
346,وثنو,سرمايه گذاري ساختماني نوين,135,1720817,10417826118,5766,6054,6054,288,4.99,5909,143,2.48,6054,6054,1399-12-23
347,اخزا910,اسنادخزانه-م10بودجه99-020807,131,246121,144397463178,586671,587977,586500,-171,-0.03,586693,22,0.0,585000,587977,1399-12-23
348,اخزا902,اسنادخزانه-م2بودجه99-011019,130,447181,312856124078,698676,687264,699000,324,0.05,699619,943,0.13,687264,700300,1399-12-23
349,ضسپا3003,اختيارخ خساپا-2000-1400/03/26,129,4520,1899568000,398,398,417,19,4.77,420,22,5.53,398,453,1399-12-23
350,ولساپا,ليزينگ رايان‌ سايپا,123,5452035,19572805650,3660,3590,3590,-70,-1.91,3630,-30,-0.82,3590,3590,1399-12-23
351,صايند,صندوق س. گنجينه آينده روشن-د,123,624380,6190937260,9954,9945,9901,-53,-0.53,9915,-39,-0.39,9900,9946,1399-12-23
352,وتعاون,بيمه  تعاون,121,389875,2313518250,6181,5934,5934,-247,-4.0,6151,-30,-0.49,5934,5934,1399-12-23
353,خزاميا,زامياد,121,694272,5602775040,8230,8070,8070,-160,-1.94,8210,-20,-0.24,8070,8070,1399-12-23
354,زعف0008پ20,زعفران0008نگين وحدت جام(پ),120,56637,6654889227,115182,116649,118500,3318,2.88,117501,2319,2.01,116200,118500,1399-12-23
355,خمحركه,نيرو محركه‌,119,469364,2252947200,4890,4800,4800,-90,-1.84,4890,0,0.0,4800,4800,1399-12-23
356,غپينو,پارس‌ مينو,118,451014,2886489600,6530,6400,6400,-130,-1.99,6520,-10,-0.15,6400,6400,1399-12-23
357,تسه9803,امتياز تسهيلات مسكن خرداد98,117,855,519331983,587326,562500,601032,13706,2.33,607406,20080,3.42,562500,616692,1399-12-23
358,ثشاهد,سرمايه‌ گذاري‌ شاهد,116,230879,4322054880,19100,18720,18720,-380,-1.99,19070,-30,-0.16,18720,18720,1399-12-23
359,اطلس2,صندوق س.توسعه اندوخته آينده-س,116,1160000,1160000,204809,1,1,-204808,-100.0,1,-204808,-100.0,1,1,1399-12-23
360,ختوقا,قطعات‌ اتومبيل‌ ايران‌,115,703129,1884385720,2730,2680,2680,-50,-1.83,2730,0,0.0,2680,2680,1399-12-23
361,دماوند,توليد نيروي برق دماوند,115,161164,7617899952,48232,47268,47268,-964,-2.0,48091,-141,-0.29,47268,47268,1399-12-23
362,چخزر,صنايع چوب خزر كاسپين,114,409348,22989393028,57307,56161,56161,-1146,-2.0,56769,-538,-0.94,56161,56161,1399-12-23
363,تسه9812,امتياز تسهيلات مسكن اسفند98,108,2005,1191384653,579117,565000,560000,-19117,-3.3,594207,15090,2.61,560000,608072,1399-12-23
364,ما,بيمه  ما,107,1368916,10308037480,7680,7530,7530,-150,-1.95,7650,-30,-0.39,7530,7540,1399-12-23
365,سمايه,بانك سرمايه,106,2870477,19415906428,7045,6764,6764,-281,-3.99,6764,-281,-3.99,6764,6764,1399-12-23
366,اخزا908,اسنادخزانه-م8بودجه99-020606,105,357497,216598676949,604695,603551,606000,1305,0.22,605875,1180,0.2,603551,607500,1399-12-23
367,گنجين,صندوق س. گنجينه يكم آويد-د,105,2739617,34000117646,12387,12414,12402,15,0.12,12411,24,0.19,12401,12414,1399-12-23
368,ضفلا3004,اختيارخ فولاد-12000-1400/03/19,104,4286,8715752000,1766,1840,2074,308,17.44,2034,268,15.18,1820,2300,1399-12-23
369,غزر,صنعتي زر ماكارون,104,101873,2640548160,26440,25920,25920,-520,-1.97,26410,-30,-0.11,25920,25920,1399-12-23
370,فيروزا,صندوق بادرآمد ثابت فيروزه آسيا,103,335980,7435848481,22127,22200,22091,-36,-0.16,22132,5,0.02,21730,22239,1399-12-23
371,تسه9903,امتياز تسهيلات مسكن خرداد99,103,917,541911219,578114,582399,551000,-27114,-4.69,590961,12847,2.22,551000,607019,1399-12-23
372,وساپا,سرمايه‌گذاري‌ سايپا,103,2575537,15942574030,6310,6190,6190,-120,-1.9,6270,-40,-0.63,6190,6190,1399-12-23
373,غصينو,صنعتي مينو,102,632252,42797137880,69071,67690,67690,-1381,-2.0,68468,-603,-0.87,67690,67690,1399-12-23
374,وبهمن,سرمايه‌گذاري‌بهمن‌,99,937983,15064006980,16380,16060,16060,-320,-1.95,16280,-100,-0.61,16060,16060,1399-12-23
375,سمتاز,سيمان ممتازان كرمان,98,359923,7117837248,18835,19776,19776,941,5.0,19154,319,1.69,19776,19776,1399-12-23
376,ضملي3004,اختيارخ فملي-14000-1400/03/02,98,4947,3594395000,655,650,799,144,21.98,727,72,10.99,650,820,1399-12-23
377,قجامح,ح.فرآورده غذايي وقندتربت‌جام,96,694556,4264573840,6265,6140,6140,-125,-2.0,6140,-125,-2.0,6140,6140,1399-12-23
378,چدن,توليدي چدن سازان,95,72587,1771848670,24900,24410,24410,-490,-1.97,24880,-20,-0.08,24410,24410,1399-12-23
379,اخزا901,اسنادخزانه-م1بودجه99-010621,95,100430,74553296624,745546,727100,742306,-3240,-0.43,742341,-3205,-0.43,727007,743999,1399-12-23
380,ضشنا2003,اختيارخ شپنا-14000-1400/02/27,95,1950,1803367000,791,798,1001,210,26.55,925,134,16.94,798,1100,1399-12-23
381,اخزا903,اسنادخزانه-م3بودجه99-011110,92,232085,160285545370,690888,685000,690000,-888,-0.13,690633,-255,-0.04,685000,691002,1399-12-23
382,ولتجار,واسپاري تجارت وسرمايه ايرانيان,90,987355,8706496390,8997,8818,8818,-179,-1.99,8917,-80,-0.89,8818,8818,1399-12-23
383,سكه0011پ02,سكه تمام بهارتحويلي 1روزه ملت,89,16800,17814088600,1040375,1070006,1067890,27515,2.64,1060362,19987,1.92,1052000,1070006,1399-12-23
384,تسه9901,امتياز تسهيلات مسكن فروردين99,87,1187,717682503,583538,560000,590000,6462,1.11,604619,21081,3.61,560000,612714,1399-12-23
385,تسه9809,امتياز تسهيلات مسكن آذر98,86,1027,608139837,580165,609173,551157,-29008,-5.0,592152,11987,2.07,551157,609173,1399-12-23
386,سكرد,سيمان كردستان,86,1416427,14490048210,10430,10230,10230,-200,-1.92,10370,-60,-0.58,10230,10230,1399-12-23
387,فسرب,ملي‌ سرب‌وروي‌ ايران‌,85,33193,2711868100,83360,81700,81700,-1660,-1.99,83270,-90,-0.11,81700,81700,1399-12-23
388,تاپكيش,تجارت الكترونيك پارسيان كيش,85,506305,9536760980,19220,18836,18836,-384,-2.0,19145,-75,-0.39,18836,18836,1399-12-23
389,كماسه,تامين‌ ماسه‌ ريخته‌گري‌,82,30269,1321241850,44540,43650,43650,-890,-2.0,44520,-20,-0.04,43650,43650,1399-12-23
390,ضشنا2001,اختيارخ شپنا-10000-1400/02/27,82,1450,5390059000,3051,3444,4000,949,31.1,3717,666,21.83,3444,4010,1399-12-23
391,فوكا,فولاد كاويان,81,402432,4801416192,12174,11931,11931,-243,-2.0,12133,-41,-0.34,11931,11931,1399-12-23
392,شبصير,توليدات پتروشيمي قائد بصير,81,425707,26953212998,59731,63314,63314,3583,6.0,61553,1822,3.05,63314,63314,1399-12-23
393,فزرين,زرين معدن آسيا,79,499924,13653924288,27869,27312,27312,-557,-2.0,27714,-155,-0.56,27312,27312,1399-12-23
394,وتوصا,گروه س توسعه صنعتي ايران,79,977503,11769136120,12280,12040,12040,-240,-1.95,12220,-60,-0.49,12040,12040,1399-12-23
395,سصوفي,سيمان‌ صوفيان‌,78,345160,6564943200,19400,19020,19020,-380,-1.96,19350,-50,-0.26,19020,19020,1399-12-23
396,نمرينو,ايران‌ مرينوس‌,77,606617,51337996710,86350,84630,84630,-1720,-1.99,84630,-1720,-1.99,84630,84630,1399-12-23
397,كبافق,معادن‌ بافق‌,76,152360,8122311600,54390,53310,53310,-1080,-1.99,54210,-180,-0.33,53310,53310,1399-12-23
398,كمنگنز,معادن‌منگنزايران‌,76,37238,3228534600,88460,86700,86700,-1760,-1.99,88340,-120,-0.14,86700,86700,1399-12-23
399,كهرام,توليدي گرانيت بهسرام,75,78902,9134011128,110252,115764,115764,5512,5.0,112649,2397,2.17,115764,115764,1399-12-23
400,زشگزا,شير و گوشت زاگرس شهركرد,74,233088,1802935680,7892,7735,7735,-157,-1.99,7886,-6,-0.08,7735,7735,1399-12-23
401,ملت,بيمه ملت,74,87923,1449850270,16820,16490,16490,-330,-1.96,16810,-10,-0.06,16490,16490,1399-12-23
402,زملارد,كشاورزي و دامپروري ملارد شير,74,116788,4178674640,36510,35780,35780,-730,-2.0,36448,-62,-0.17,35780,35780,1399-12-23
403,ضخود2008,اختيارخ خودرو-3500-1400/02/08,73,3128,165378000,52,50,54,2,3.85,53,1,1.92,40,60,1399-12-23
404,لپارس,پارس‌ الكتريك‌,71,55550,5300025500,97350,95410,95410,-1940,-1.99,97140,-210,-0.22,95410,95410,1399-12-23
405,خديزل,بهمن  ديزل,71,530215,21322066010,41034,40214,40214,-820,-2.0,40677,-357,-0.87,40214,40214,1399-12-23
406,قصفها,قنداصفهان‌,69,10348,1651023400,162800,159550,159550,-3250,-2.0,162690,-110,-0.07,159550,159550,1399-12-23
407,اخزا909,اسنادخزانه-م9بودجه99-020316,69,218735,138979123826,634174,631120,631503,-2671,-0.42,635377,1203,0.19,630000,636400,1399-12-23
408,تسه9811,امتياز تسهيلات مسكن بهمن98,68,779,469480767,577148,590629,606005,28857,5.0,602671,25523,4.42,582577,606005,1399-12-23
409,ساربيل,سيمان آرتا اردبيل,68,259136,15390087040,60600,59390,59390,-1210,-2.0,60220,-380,-0.63,59390,59390,1399-12-23
410,نطرين,عطرين نخ قم,68,206024,2414189232,11957,11718,11718,-239,-2.0,11945,-12,-0.1,11718,11718,1399-12-23
411,اخزا815,اسنادخزانه-م15بودجه98-010406,67,140759,109313313560,774908,774010,777200,2292,0.3,776599,1691,0.22,774010,777500,1399-12-23
412,وپويا,سرمايه گذاري پويا,67,235044,1547999784,6720,6586,6586,-134,-1.99,6716,-4,-0.06,6586,6586,1399-12-23
413,فلوله,لوله‌وماشين‌سازي‌ايران‌,66,143241,2955061830,21050,20630,20630,-420,-2.0,21020,-30,-0.14,20630,20630,1399-12-23
414,سكه0112پ03,سكه تمام بهارتحويلي1روزه سامان,65,20700,21953505200,1040852,1070000,1069898,29046,2.79,1060556,19704,1.89,1053500,1070000,1399-12-23
415,ثروتم,صندوق س. ثروت آفرين پارسيان-س,64,131240,9828084030,73914,73000,75799,1885,2.55,74886,972,1.32,72700,75799,1399-12-23
416,زعف0008پ05,زعفران0008نگين زرين(پ),64,49347,5813581624,115737,117005,118000,2263,1.96,117810,2073,1.79,116500,118000,1399-12-23
417,وتوس,توسعه‌شهري‌توس‌گستر,63,1263910,17821131000,14380,14100,14100,-280,-1.95,14280,-100,-0.7,14100,14100,1399-12-23
418,ثفارس,عمران‌وتوسعه‌فارس‌,61,347600,3489904000,10240,10040,10040,-200,-1.95,10230,-10,-0.1,10040,10040,1399-12-23
419,ورنا,سرمايه‌گذاري‌ رنا(هلدينگ‌,61,193281,1080440790,5700,5590,5590,-110,-1.93,5700,0,0.0,5590,5590,1399-12-23
420,فردا2,صندوق س آواي فرداي زاگرس-ثابت,60,6000000,6000000,10302,1,1,-10301,-99.99,1,-10301,-99.99,1,1,1399-12-23
421,كفپارس,فرآورده‌هاي‌ نسوز پارس‌,60,266809,1243329940,4750,4660,4660,-90,-1.89,4750,0,0.0,4660,4660,1399-12-23
422,بزاگرس,نيروگاه زاگرس كوثر,60,391908,2790384960,7265,7120,7120,-145,-2.0,7257,-8,-0.11,7120,7120,1399-12-23
423,سدشت,صنايع سيمان دشتستان,60,328394,19125666560,54950,58240,58240,3290,5.99,56140,1190,2.17,58240,58240,1399-12-23
424,كگاز,شيشه‌ و گاز,60,165041,2997144560,18530,18160,18160,-370,-2.0,18510,-20,-0.11,18160,18160,1399-12-23
425,تسه9808,امتياز تسهيلات مسكن آبان98,59,859,511060232,572803,570000,601443,28640,5.0,594948,22145,3.87,570000,601443,1399-12-23
426,لسرما,سرما آفرين‌,58,175561,4608476250,26780,26250,26250,-530,-1.98,26730,-50,-0.19,26250,26250,1399-12-23
427,فنورد,نوردوقطعات‌ فولادي‌,57,15287,2959868940,197570,193620,193620,-3950,-2.0,197330,-240,-0.12,193620,193620,1399-12-23
428,غگلستا,شير پاستوريزه پگاه گلستان,56,1247358,35639512776,29155,28572,28572,-583,-2.0,28731,-424,-1.45,28572,28572,1399-12-23
429,فروس,فروسيليس‌ ايران‌,55,507381,2410059750,4840,4750,4750,-90,-1.86,4840,0,0.0,4750,4750,1399-12-23
430,دانا,بيمه دانا,55,881173,5815741800,6730,6600,6600,-130,-1.93,6710,-20,-0.3,6600,6600,1399-12-23
431,ثتوسا,س.توسعه و عمران استان اردبيل,55,84203,3367025361,40803,39987,39987,-816,-2.0,40663,-140,-0.34,39987,39987,1399-12-23
432,ريشمك,توليد و صادرات ريشمك,55,39503,2055420096,53093,52032,52032,-1061,-2.0,53048,-45,-0.08,52032,52032,1399-12-23
433,زكوثر,سرمايه گذاري كشاورزي كوثر,55,43505,933182250,21880,21450,21450,-430,-1.97,21870,-10,-0.05,21450,21450,1399-12-23
434,سشمال,سيمان‌ شمال‌,54,231372,2806542360,12370,12130,12130,-240,-1.94,12360,-10,-0.08,12130,12130,1399-12-23
435,تسه9806,امتياز تسهيلات مسكن شهريور98,53,498,296421688,576335,575010,598100,21765,3.78,595224,18889,3.28,570020,605151,1399-12-23
436,ركيش,كارت اعتباري ايران كيش,53,1637536,42395807040,26410,25890,25890,-520,-1.97,25960,-450,-1.7,25890,25890,1399-12-23
437,صنوين,صندوق سرمايه‌گذاري صنوين-مختلط,53,11662,1207615010,104050,103500,103510,-540,-0.52,103550,-500,-0.48,103500,103890,1399-12-23
438,ارفعح,ح.شركت آهن و فولاد ارفع,52,2041435,25219767250,12103,12800,12250,147,1.21,12354,251,2.07,12250,12800,1399-12-23
439,غالبر,لبنيات‌ كالبر,52,141486,2478834720,17870,17520,17520,-350,-1.96,17850,-20,-0.11,17520,17520,1399-12-23
440,شسينا,صنايع‌شيميايي‌سينا,52,5658,759869400,137040,134300,134300,-2740,-2.0,137000,-40,-0.03,134300,134300,1399-12-23
441,اخزا906,اسنادخزانه-م6بودجه99-020321,51,40438,26815752766,664968,632176,698215,33247,5.0,663132,-1836,-0.28,632151,698215,1399-12-23
442,ومعلم,بيمه معلم,51,1169396,5497330596,4796,4701,4701,-95,-1.98,4785,-11,-0.23,4701,4701,1399-12-23
443,وبيمه,سرمايه‌ گذاري‌ صنعت‌ بيمه‌,50,217228,614755240,2880,2830,2830,-50,-1.74,2880,0,0.0,2830,2830,1399-12-23
444,گدنا,تهيه توزيع غذاي دنا آفرين فدك,50,18932,634430252,34194,33511,33511,-683,-2.0,34185,-9,-0.03,33511,33511,1399-12-23
445,كيميا,معدني كيمياي زنجان گستران,50,440850,8067995850,18674,18301,18301,-373,-2.0,18613,-61,-0.33,18301,18301,1399-12-23
446,كوير,توليدي فولاد سپيد فراب كوير,50,35022,780290160,22730,22280,22280,-450,-1.98,22730,0,0.0,22280,22280,1399-12-23
447,كوثر,بيمه كوثر,49,174731,2523814564,14738,14444,14444,-294,-1.99,14723,-15,-0.1,14444,14444,1399-12-23
448,زعف0008پ16,زعفران0008نگين بيرجند(پ),49,23818,2798806382,116967,117500,118380,1413,1.21,117508,541,0.46,117000,119000,1399-12-23
449,خاتم,صندوق س خاتم ايساتيس پويا-ثابت,49,258710,2764848937,10670,10685,10686,16,0.15,10687,17,0.16,10685,10689,1399-12-23
450,كسرام,پارس‌ سرام‌,49,277582,2292827320,8420,8260,8260,-160,-1.9,8410,-10,-0.12,8260,8260,1399-12-23
451,قثابت,قند ثابت‌ خراسان‌,49,16163,1099892150,69430,68050,68050,-1380,-1.99,69400,-30,-0.04,68050,68050,1399-12-23
452,اخزا814,اسنادخزانه-م14بودجه98-010318,49,226853,178061749030,786032,785000,784990,-1042,-0.13,784921,-1111,-0.14,784000,785010,1399-12-23
453,بپاس,بيمه پاسارگاد,48,19940,1371891940,70205,68801,68801,-1404,-2.0,70185,-20,-0.03,68801,68801,1399-12-23
454,ضملي3003,اختيارخ فملي-12000-1400/03/02,48,2192,3737738000,1648,1600,1711,63,3.82,1705,57,3.46,1580,1900,1399-12-23
455,فاذر,صنايع‌ آذرآب‌,48,38568,932188560,24660,24170,24170,-490,-1.99,24650,-10,-0.04,24170,24170,1399-12-23
456,سقاين,سيمان‌ قائن‌,47,305194,22852926720,76400,74880,74880,-1520,-1.99,75690,-710,-0.93,74880,74880,1399-12-23
457,بذر,صندوق س بذر اميد آفرين-سهام,46,13289,1302677120,95590,97450,98300,2710,2.84,98030,2440,2.55,96170,98320,1399-12-23
458,كسعدي,كاشي‌ سعدي‌,46,256500,5481405000,21800,21370,21370,-430,-1.97,21750,-50,-0.23,21370,21370,1399-12-23
459,دلقما,دارويي‌ لقمان‌,46,42771,1041901560,24850,24360,24360,-490,-1.97,24840,-10,-0.04,24360,24360,1399-12-23
460,زگلدشت,كشت و دام گلدشت نمونه اصفهان,45,22487,980927914,44512,43622,43622,-890,-2.0,44494,-18,-0.04,43622,43622,1399-12-23
461,غچين,كشت‌ و صنعت‌ چين‌ چين,45,186779,3752390110,20500,20090,20090,-410,-2.0,20470,-30,-0.15,20090,20090,1399-12-23
462,قيستو,شركت قند بيستون,44,4902000,75000600000,527,15300,15300,14773,2803.23,15300,14773,2803.23,15300,15300,1399-12-23
463,قشكر,شكرشاهرود,42,293855,1128403200,3910,3840,3840,-70,-1.79,3910,0,0.0,3840,3840,1399-12-23
464,دامين,داروسازي‌ امين‌,42,74020,1013333800,13960,13690,13690,-270,-1.93,13950,-10,-0.07,13690,13690,1399-12-23
465,سغرب,سيمان‌غرب‌,42,40693,1548775580,38830,38060,38060,-770,-1.98,38810,-20,-0.05,38060,38060,1399-12-23
466,ددام,داروسازي زاگرس فارمد پارس,41,515004,11345538120,22470,22030,22030,-440,-1.96,22370,-100,-0.45,22030,22030,1399-12-23
467,ضشنا2000,اختيارخ شپنا-9000-1400/02/27,41,172,777126000,3868,4200,4600,732,18.92,4518,650,16.8,4200,4800,1399-12-23
468,ودي,بيمه  دي,41,65294,1505091994,23521,23051,23051,-470,-2.0,23507,-14,-0.06,23051,23051,1399-12-23
469,سيمرغ,سيمرغ,41,65032,1039211360,16300,15980,15980,-320,-1.96,16290,-10,-0.06,15980,15980,1399-12-23
470,ضخود2013,اختيارخ خودرو-7000-1400/02/08,40,1242,7960000,7,13,8,1,14.29,6,-1,-14.29,6,13,1399-12-23
471,ديران,ايران‌دارو,40,195197,5492843580,28710,28140,28140,-570,-1.99,28650,-60,-0.21,28140,28140,1399-12-23
472,اخزا817,اسنادخزانه-م17بودجه98-010512,39,124278,94678477600,762126,762111,755111,-7015,-0.92,761828,-298,-0.04,750011,762111,1399-12-23
473,ثالوند,سرمايه گذاري مسكن الوند,39,34363,1140026888,33853,33176,33176,-677,-2.0,33837,-16,-0.05,33176,33176,1399-12-23
474,غويتا,ويتانا,39,54332,978519320,18377,18010,18010,-367,-2.0,18370,-7,-0.04,18010,18010,1399-12-23
475,خاذين,سايپاآذين‌,38,200385,943813350,4800,4710,4710,-90,-1.88,4800,0,0.0,4710,4710,1399-12-23
476,شگل,گلتاش‌,38,134413,1409992370,10700,10490,10490,-210,-1.96,10690,-10,-0.09,10490,10490,1399-12-23
477,ثاژن,سخت آژند,38,805824,8126735040,10290,10085,10085,-205,-1.99,10120,-170,-1.65,10085,10085,1399-12-23
478,وآذر,سرمايه‌گذاري‌توسعه‌آذربايجان‌,38,56837,4803294870,86230,84510,84510,-1720,-1.99,86060,-170,-0.2,84510,84510,1399-12-23
479,فرآور,فرآوري‌موادمعدني‌ايران‌,38,63247,2283216700,36830,36100,36100,-730,-1.98,36800,-30,-0.08,36100,36100,1399-12-23
480,لكما,كارخانجات‌مخابراتي‌ايران‌,38,154962,967737690,6372,6245,6245,-127,-1.99,6366,-6,-0.09,6245,6245,1399-12-23
481,اخزا905,اسنادخزانه-م5بودجه99-020218,37,234795,153007498100,650221,650000,650000,-221,-0.03,651664,1443,0.22,650000,653000,1399-12-23
482,دتوليد,داروسازي توليد دارو,36,23633,644968203,27847,27291,27291,-556,-2.0,27840,-7,-0.03,27291,27291,1399-12-23
483,ضخود2009,اختيارخ خودرو-4000-1400/02/08,36,1868,49833000,26,22,28,2,7.69,27,1,3.85,22,30,1399-12-23
484,تكنو,تكنوتار,36,150461,3429006190,23250,22790,22790,-460,-1.98,23220,-30,-0.13,22790,22790,1399-12-23
485,اراد50,مرابحه عام دولت5-ش.خ0302,36,700000,700000000000,1000000,1000000,1000000,0,0.0,1000000,0,0.0,1000000,1000000,1399-12-23
486,حفارس,حمل و نقل بين المللي خليج فارس,36,230358,1094200500,4840,4750,4750,-90,-1.86,4840,0,0.0,4750,4750,1399-12-23
487,الماس,صندوق س.امين تدبيرگران فردا-س,36,12960,1413034575,108385,108100,109948,1563,1.44,109030,645,0.6,108010,109949,1399-12-23
488,شپلي,پلي اكريل ايران,36,65574,671805630,10454,10245,10245,-209,-2.0,10444,-10,-0.1,10245,10245,1399-12-23
489,ساوه,سيمان ساوه,35,12274,740122200,61530,60300,60300,-1230,-2.0,61511,-19,-0.03,60300,60300,1399-12-23
490,شتوكا,توكا رنگ فولاد سپاهان,35,13108,698472888,54373,53286,53286,-1087,-2.0,54358,-15,-0.03,53286,53286,1399-12-23
491,بنيرو,نيروترانس‌,35,79757,1207520980,15440,15140,15140,-300,-1.94,15430,-10,-0.06,15140,15140,1399-12-23
492,غديس,پاكديس,34,286510,3806285350,13556,13285,13285,-271,-2.0,13535,-21,-0.15,13285,13285,1399-12-23
493,كسرا,سراميك‌هاي‌صنعتي‌اردكان‌,34,48161,1039314380,22020,21580,21580,-440,-2.0,22010,-10,-0.05,21580,21580,1399-12-23
494,دسينا,داروسازي‌ سينا,34,532252,13811939400,26470,25950,25950,-520,-1.96,26320,-150,-0.57,25950,25950,1399-12-23
495,واتي,سرمايه‌ گذاري‌ آتيه‌ دماوند,34,392791,4697780360,12200,11960,11960,-240,-1.97,12180,-20,-0.16,11960,11960,1399-12-23
496,غگرجي,بيسكويت‌  گرجي‌,34,113641,2118268240,19020,18640,18640,-380,-2.0,19000,-20,-0.11,18640,18640,1399-12-23
497,اخزا813,اسنادخزانه-م13بودجه98-010219,34,105257,83995175176,797336,798001,798000,664,0.08,798001,665,0.08,798000,798200,1399-12-23
498,وثوق,سرمايه گذاري وثوق امين,33,126427,2850549569,23007,22547,22547,-460,-2.0,22940,-67,-0.29,22547,22547,1399-12-23
499,اوصتا,صندوق انديشه ورزان صباتامين -د,33,153480,2776176429,18053,18081,18080,27,0.15,18088,35,0.19,18080,18090,1399-12-23
500,جهرم,پتروشيمي جهرم,33,273236,517235748,1931,1893,1893,-38,-1.97,1930,-1,-0.05,1893,1893,1399-12-23
501,دشيمي,شيمي‌ داروئي‌ داروپخش‌,33,211919,6548297100,31530,30900,30900,-630,-2.0,31450,-80,-0.25,30900,30900,1399-12-23
502,تسه9807,امتياز تسهيلات مسكن مهر98,33,180,106768754,569570,580000,580000,10430,1.83,593160,23590,4.14,580000,598048,1399-12-23
503,خمهر,مهركام‌پارس‌,33,206527,510121690,2520,2470,2470,-50,-1.98,2520,0,0.0,2470,2470,1399-12-23
504,اخزا821,اسنادخزانه-م21بودجه98-020906,32,11996,6995127256,582380,582100,583800,1420,0.24,583122,742,0.13,580000,584000,1399-12-23
505,شجم,صنايع پتروشيمي تخت جمشيد,32,67377,650727066,9855,9658,9658,-197,-2.0,9850,-5,-0.05,9658,9658,1399-12-23
506,ضفلا3003,اختيارخ فولاد-10000-1400/03/19,32,937,3310931000,3400,3400,3850,450,13.24,3534,134,3.94,3311,3850,1399-12-23
507,دابور,داروسازي‌ ابوريحان‌,32,186980,7355793200,40140,39340,39340,-800,-1.99,40020,-120,-0.3,39340,39340,1399-12-23
508,ثنور,سرمايه گذاري كوه نور,31,94034,918242010,9964,9765,9765,-199,-2.0,9955,-9,-0.09,9765,9765,1399-12-23
509,اخزا818,اسنادخزانه-م18بودجه98-010614,31,27539,20554475138,748823,743010,745500,-3323,-0.44,746377,-2446,-0.33,743000,749500,1399-12-23
510,ضپاس2003,اختيارخ وپارس-3500-1400/02/29,31,578,139628000,199,200,255,56,28.14,242,43,21.61,200,255,1399-12-23
511,آبين,كشت و صنعت آبشيرين,30,206578,849448736,4283,4112,4112,-171,-3.99,4268,-15,-0.35,4112,4112,1399-12-23
512,فاما,صنعتي‌ آما,30,34985,700049850,20410,20010,20010,-400,-1.96,20400,-10,-0.05,20010,20010,1399-12-23
513,كطبس,ذغال‌سنگ‌ نگين‌ ط‌بس‌,29,158888,12944605360,83130,81470,81470,-1660,-2.0,82690,-440,-0.53,81470,81470,1399-12-23
514,زماهان,مجتمع توليد گوشت مرغ ماهان,29,29391,599811528,20824,20408,20408,-416,-2.0,20819,-5,-0.02,20408,20408,1399-12-23
515,سخاش,سيمان‌خاش‌,28,19375,3003706250,158190,155030,155030,-3160,-2.0,158000,-190,-0.12,155030,155030,1399-12-23
516,كاسپينح,ح .داروسازي كاسپين تامين,28,214381,4296596732,20426,21500,20018,-408,-2.0,20042,-384,-1.88,20018,21500,1399-12-23
517,ضملت3001,اختيارخ وبملت-3500-1400/03/19,28,678,579120000,678,795,960,282,41.59,854,176,25.96,603,1050,1399-12-23
518,خرينگ,رينگ‌سازي‌مشهد,28,17656,797698080,46100,45180,45180,-920,-2.0,46090,-10,-0.02,45180,45180,1399-12-23
519,اخزا907,اسنادخزانه-م7بودجه99-020704,28,109650,65789448024,600000,600002,596021,-3979,-0.66,599995,-5,0.0,596021,600002,1399-12-23
520,دسانكو,داروسازي سبحان انكولوژي,27,30854,463211102,15319,15013,15013,-306,-2.0,15316,-3,-0.02,15013,15013,1399-12-23
521,سخند,صندوق س.سپهرخبرگان نفت-د,27,97440,978624050,10025,10039,10045,20,0.2,10043,18,0.18,10039,10045,1399-12-23
522,طلا2,صندوق س.پشتوانه طلاي لوتوس,27,2700000,2700000,75384,1,1,-75383,-100.0,1,-75383,-100.0,1,1,1399-12-23
523,زقيام,كشت و دام قيام اصفهان,27,53942,1615832610,30566,29955,29955,-611,-2.0,30546,-20,-0.07,29955,29955,1399-12-23
524,اخزا904,اسنادخزانه-م4بودجه99-011215,27,57257,38362314019,674638,671700,665527,-9111,-1.35,670002,-4636,-0.69,665527,673627,1399-12-23
525,توريل,توکاريل,27,63318,1607010840,25897,25380,25380,-517,-2.0,25880,-17,-0.07,25380,25380,1399-12-23
526,شدوص,دوده‌ صنعتي‌ پارس‌,27,407744,11791956480,29510,28920,28920,-590,-2.0,29370,-140,-0.47,28920,28920,1399-12-23
527,تكمبا,كمباين‌ سازي‌ ايران‌,27,352005,2671717950,7740,7590,7590,-150,-1.94,7730,-10,-0.13,7590,7590,1399-12-23
528,ثزاگرس,سرمايه گذاري توسعه عمران زاگرس,27,9991,589269180,62084,58980,58980,-3104,-5.0,61988,-96,-0.15,58980,58980,1399-12-23
529,پدرخش,درخشان‌ تهران‌,27,32536,4119382960,129190,126610,126610,-2580,-2.0,128970,-220,-0.17,126610,126610,1399-12-23
530,سدور,سيمان‌ دورود,27,414710,7970726200,19610,19220,19220,-390,-1.99,19550,-60,-0.31,19220,19220,1399-12-23
531,آسام,صندوق س.آرمان سپهر آشنا-م,26,9200,942703450,101126,103000,102200,1074,1.06,102468,1342,1.33,101210,103800,1399-12-23
532,اخزا809,اسنادخزانه-م9بودجه98-000923,26,39546,34161967191,865597,864292,863292,-2305,-0.27,863854,-1743,-0.2,863292,865501,1399-12-23
533,غبهنوش,بهنوش‌ ايران‌,26,10508,760779200,73870,72400,72400,-1470,-1.99,73850,-20,-0.03,72400,72400,1399-12-23
534,زفكا,كشت و دامداري فكا,26,32017,417533697,13307,13041,13041,-266,-2.0,13305,-2,-0.02,13041,13041,1399-12-23
535,تكشا,گسترش‌صنايع‌وخدمات‌كشاورزي‌,26,20675,960353750,47390,46450,46450,-940,-1.98,47370,-20,-0.04,46450,46450,1399-12-23
536,آپ,آسان پرداخت پرشين,26,24576,439173120,18230,17870,17870,-360,-1.97,18230,0,0.0,17870,17870,1399-12-23
537,اخزا808,اسنادخزانه-م8بودجه98-000817,25,9961,8747713990,880470,878001,878027,-2443,-0.28,878196,-2274,-0.26,878001,879000,1399-12-23
538,دتوزيع,توزيع دارو پخش,25,9763,453100830,47357,46410,46410,-947,-2.0,47348,-9,-0.02,46410,46410,1399-12-23
539,كلر,كلر پارس,25,28004,3581711600,130510,127900,127900,-2610,-2.0,130319,-191,-0.15,127900,127900,1399-12-23
540,ساروم,سيمان‌اروميه‌,25,27209,1139240830,42720,41870,41870,-850,-1.99,42700,-20,-0.05,41870,41870,1399-12-23
541,اعتلا,شركت سرمايه گذاري اعتلاء البرز,25,68558,568277262,8458,8289,8289,-169,-2.0,8456,-2,-0.02,8289,8289,1399-12-23
542,قاسم,قاسم ايران,24,477325,6418589275,13721,13447,13447,-274,-2.0,13685,-36,-0.26,13447,13447,1399-12-23
543,وآوا,سرمايه گذاري آوا نوين,24,87520,764574720,8914,8736,8736,-178,-2.0,8911,-3,-0.03,8736,8736,1399-12-23
544,سپر,صندوق س سپر سرمايه بيدار- ثابت,24,170889,1941812151,11361,11363,11363,2,0.02,11363,2,0.02,11363,11364,1399-12-23
545,زنگان,صنعت روي زنگان,24,8289,857430738,105553,103442,103442,-2111,-2.0,105516,-37,-0.04,103442,103442,1399-12-23
546,اخزا816,اسنادخزانه-م16بودجه98-010503,23,86465,66194543760,765102,764001,765300,198,0.03,765565,463,0.06,764001,767000,1399-12-23
547,ولبهمن,شركت بهمن ليزينگ,23,551729,4609695795,8525,8355,8355,-170,-1.99,8509,-16,-0.19,8355,8355,1399-12-23
548,وكادو,تكادو,23,123677,2486773439,20944,20107,20107,-837,-4.0,20836,-108,-0.52,20107,20107,1399-12-23
549,داريك,صندوق س.اعتماد داريك-د,23,30620,316689020,10333,10337,10336,3,0.03,10343,10,0.1,10330,10458,1399-12-23
550,غمينو,شركت صنايع غذايي مينو شرق,23,97279,1161608539,12184,11941,11941,-243,-1.99,12178,-6,-0.05,11941,11941,1399-12-23
551,كلوند,كاشي‌ الوند,23,86092,3946457280,46770,45840,45840,-930,-1.99,46700,-70,-0.15,45840,45840,1399-12-23
552,غاذر,كشت‌وصنعت‌پياذر,23,23442,1293295140,56290,55170,55170,-1120,-1.99,56260,-30,-0.05,55170,55170,1399-12-23
553,خزر,فنرسازي‌زر,22,44338,2078565440,47830,46880,46880,-950,-1.99,47790,-40,-0.08,46880,46880,1399-12-23
554,تسه9805,امتياز تسهيلات مسكن مرداد98,22,110,65164906,581866,594114,553000,-28866,-4.96,592408,10542,1.81,553000,610959,1399-12-23
555,وساربيل,شركت س استان اردبيل,22,431798,544065480,1280,1260,1260,-20,-1.56,1280,0,0.0,1260,1260,1399-12-23
556,ضپاس2001,اختيارخ وپارس-2500-1400/02/29,22,520,412132000,605,665,751,146,24.13,793,188,31.07,665,830,1399-12-23
557,درهآور,دارويي ره آورد تامين,22,84899,4455924015,53556,52485,52485,-1071,-2.0,53459,-97,-0.18,52485,52485,1399-12-23
558,پارتا,مجتمع‌صنعتي‌آرتاويل‌تاير,22,10747,597382742,57902,55586,55586,-2316,-4.0,57850,-52,-0.09,55586,55586,1399-12-23
559,ضصاد3002,اختيارخ وبصادر-2500-1400/03/12,22,498,154550000,289,290,358,69,23.88,310,21,7.27,260,358,1399-12-23
560,وسكرمان,س.سهام عدالت استان كرمان,22,2016633,2036799330,1030,1010,1010,-20,-1.94,1030,0,0.0,1010,1010,1399-12-23
561,كي بي سي,شركت كي بي سي,21,19788,544823004,28094,27533,27533,-561,-2.0,28088,-6,-0.02,27533,27533,1399-12-23
562,دكپسول,توليد ژلاتين كپسول ايران,21,32079,977286735,31086,30465,30465,-621,-2.0,31074,-12,-0.04,30465,30465,1399-12-23
563,دبالك,مواد اوليه دارويي البرز بالك,21,55669,1181240511,21652,21219,21219,-433,-2.0,21642,-10,-0.05,21219,21219,1399-12-23
564,رتكو,كنترل‌خوردگي‌تكين‌كو,21,403362,7522701300,19030,18650,18650,-380,-2.0,18970,-60,-0.32,18650,18650,1399-12-23
565,سبهان,سيمان‌ بهبهان‌,21,1940,276100800,145220,142320,142320,-2900,-2.0,145200,-20,-0.01,142320,142320,1399-12-23
566,كفرا,فراورده‌ هاي‌ نسوزايران‌,21,17024,795191040,47660,46710,46710,-950,-1.99,47640,-20,-0.04,46710,46710,1399-12-23
567,گكيشح,ح.توريستي ورفاهي آبادگران كيش,20,46747,1745766715,38107,37345,37345,-762,-2.0,37345,-762,-2.0,37345,37345,1399-12-23
568,ضصاد3001,اختيارخ وبصادر-2000-1400/03/12,20,436,249818000,504,530,601,97,19.25,573,69,13.69,530,631,1399-12-23
569,اخزا722,اسنادخزانه-م22بودجه97-000428,20,59760,55666568975,932641,935000,934400,1759,0.19,931502,-1139,-0.12,931000,935000,1399-12-23
570,ولملت,واسپاري ملت,20,53782,435634200,8260,8100,8100,-160,-1.94,8260,0,0.0,8100,8100,1399-12-23
571,اخزا812,اسنادخزانه-م12بودجه98-001111,20,97516,82175322408,843006,842780,842780,-226,-0.03,842686,-320,-0.04,838460,842780,1399-12-23
572,هجرت,پخش هجرت,20,16919,471837072,28457,27888,27888,-569,-2.0,28452,-5,-0.02,27888,27888,1399-12-23
573,دفارا,داروسازي‌ فارابي‌,20,71061,4706370030,67580,66230,66230,-1350,-2.0,67450,-130,-0.19,66230,66230,1399-12-23
574,آكورد2,صندوق س. آرمان آتي كوثر-د,20,2000000,2000000,31093,1,1,-31092,-100.0,1,-31092,-100.0,1,1,1399-12-23
575,غشصفا,شيرپاستوريزه‌پگاه‌اصفهان‌,20,108072,3019531680,28510,27940,27940,-570,-2.0,28470,-40,-0.14,27940,27940,1399-12-23
576,وجامي,سرمايه گذاري جامي,20,99154,1513585810,15901,15265,15265,-636,-4.0,15851,-50,-0.31,15265,15265,1399-12-23
577,شتولي,تولي‌پرس‌,20,12722,437306028,35806,34374,34374,-1432,-4.0,35741,-65,-0.18,34374,34374,1399-12-23
578,اخزا806,اسنادخزانه-م6بودجه98-000519,19,6234,5748975458,921840,921029,923999,2159,0.23,922197,357,0.04,921029,926970,1399-12-23
579,ضمخا7071,اختيارخ اخابر-24000-1400/07/28,19,407,85975000,196,200,183,-13,-6.63,211,15,7.65,183,227,1399-12-23
580,وپسا,س. پتروشيمي ساختمان  خليج فارس,19,255049,758260677,3033,2973,2973,-60,-1.98,3028,-5,-0.16,2973,2973,1399-12-23
581,ضصاد3003,اختيارخ وبصادر-3000-1400/03/12,19,941,140558000,147,112,150,3,2.04,149,2,1.36,112,150,1399-12-23
582,فولاي,صنايع فولاد آلياژي يزد,19,214425,10865986875,51709,50675,50675,-1034,-2.0,51480,-229,-0.44,50675,50675,1399-12-23
583,آينده,بازرگاني آينده سازان بهشت پارس,19,24824,478457776,20077,19274,19274,-803,-4.0,20057,-20,-0.1,19274,19274,1399-12-23
584,درازك,دارويي‌ رازك‌,19,4388,151166600,35150,34450,34450,-700,-1.99,35150,0,0.0,34450,34450,1399-12-23
585,دجابر,داروسازي‌ جابرابن‌حيان‌,19,21525,428347500,20300,19900,19900,-400,-1.97,20300,0,0.0,19900,19900,1399-12-23
586,چافست,افست‌,19,92481,1507440300,16630,16300,16300,-330,-1.98,16620,-10,-0.06,16300,16300,1399-12-23
587,ضمخا7075,اختيارخ اخابر-9000-1400/07/28,18,109,327002000,3000,3000,3000,0,0.0,3000,0,0.0,3000,3001,1399-12-23
588,زپارس,ملي كشت و صنعت و دامپروري پارس,18,25322,4243460760,170990,167580,167580,-3410,-1.99,170690,-300,-0.18,167580,167580,1399-12-23
589,غشان,شيرپاستوريزه‌پگاه‌خراسان‌,18,50611,393753580,7930,7780,7780,-150,-1.89,7930,0,0.0,7780,7780,1399-12-23
590,خپويش,سازه‌ پويش‌,18,23011,1367313620,60630,59420,59420,-1210,-2.0,60600,-30,-0.05,59420,59420,1399-12-23
591,فبيرا,بسته‌ بندي‌ ايران‌,18,72030,221996460,3144,3082,3082,-62,-1.97,3143,-1,-0.03,3082,3082,1399-12-23
592,تسه9804,امتياز تسهيلات مسكن تير98,18,191,119648188,600039,600000,602296,2257,0.38,626430,26391,4.4,600000,630040,1399-12-23
593,بكاب,صنايع‌جوشكاب‌يزد,18,1689,600034140,362510,355260,355260,-7250,-2.0,362420,-90,-0.02,355260,355260,1399-12-23
594,كقزوي,شيشه‌ قزوين‌,17,28840,285141080,10298,9887,9887,-411,-3.99,10292,-6,-0.06,9887,9887,1399-12-23
595,ثاباد,توريستي ورفاهي آبادگران ايران,17,15194,821387640,55160,54060,54060,-1100,-1.99,55140,-20,-0.04,54060,54060,1399-12-23
596,غمارگ,مارگارين‌,17,5868,187834680,32660,32010,32010,-650,-1.99,32660,0,0.0,32010,32010,1399-12-23
597,ختور,رادياتور ايران‌,17,13545,316546650,23840,23370,23370,-470,-1.97,23840,0,0.0,23370,23370,1399-12-23
598,زمگسا,كشاورزي‌ ودامپروي‌ مگسال‌,17,9284,298294920,32780,32130,32130,-650,-1.98,32780,0,0.0,32130,32130,1399-12-23
599,اخزا716,اسنادخزانه-م16بودجه97-000407,17,61714,58274780008,944136,944000,942310,-1826,-0.19,944272,136,0.01,942310,945000,1399-12-23
600,اخزا820,اسنادخزانه-م20بودجه98-020806,17,3744,2218684989,591314,592001,592001,687,0.12,592597,1283,0.22,592000,593400,1399-12-23
601,داسوه,داروسازي‌ اسوه‌,17,9546,350529120,37460,36720,36720,-740,-1.98,37450,-10,-0.03,36720,36720,1399-12-23
602,ميهن,بيمه ميهن,17,114123,551670582,4932,4834,4834,-98,-1.99,4931,-1,-0.02,4834,4834,1399-12-23
603,وسنا,سرمايه گذاري نيروگاهي ايران,17,31193,468861983,15337,15031,15031,-306,-2.0,15330,-7,-0.05,15031,15031,1399-12-23
604,كساپا,سايپاشيشه‌,16,89950,3481065000,39480,38700,38700,-780,-1.98,39420,-60,-0.15,38700,38700,1399-12-23
605,سصفها,سيمان‌اصفهان‌,16,1680,211545600,128480,125920,125920,-2560,-1.99,128470,-10,-0.01,125920,125920,1399-12-23
606,داوه,داروسازي آوه سينا,16,9480,188130600,20249,19845,19845,-404,-2.0,20247,-2,-0.01,19845,19845,1399-12-23
607,لخانه,لوازم‌ خانگي‌ پارس‌,16,10398,301739562,30228,29019,29019,-1209,-4.0,30209,-19,-0.06,29019,29019,1399-12-23
608,ضصاد3004,اختيارخ وبصادر-3500-1400/03/12,16,450,35594000,93,88,80,-13,-13.98,79,-14,-15.05,77,88,1399-12-23
609,پاسا,ايران‌ياساتايرورابر,16,28886,762301540,26920,26390,26390,-530,-1.97,26910,-10,-0.04,26390,26390,1399-12-23
610,اپرداز,آتيه داده پرداز,16,7735,160037150,21112,20690,20690,-422,-2.0,21111,-1,0.0,20690,20690,1399-12-23
611,لخزر,پارس‌ خزر,16,4857,893736570,187760,184010,184010,-3750,-2.0,187690,-70,-0.04,184010,184010,1399-12-23
612,دپارس,پارس‌ دارو,16,11704,983253040,85720,84010,84010,-1710,-1.99,85690,-30,-0.03,84010,84010,1399-12-23
613,ثامان,سامان‌ گستراصفهان‌,15,74141,1677069420,23080,22620,22620,-460,-1.99,23060,-20,-0.09,22620,22620,1399-12-23
614,ثپرديس,سرمايه گذاري مسكن پرديس,15,33944,341544528,10267,10062,10062,-205,-2.0,10266,-1,-0.01,10062,10062,1399-12-23
615,زشريف,كشت وصنعت شريف آباد,15,24107,121523387,5143,5041,5041,-102,-1.98,5143,0,0.0,5041,5041,1399-12-23
616,حآسا,آسيا سير ارس,15,15877,718593020,46183,45260,45260,-923,-2.0,46169,-14,-0.03,45260,45260,1399-12-23
617,دكوثر,داروسازي‌ كوثر,14,9120,187507200,20970,20560,20560,-410,-1.96,20970,0,0.0,20560,20560,1399-12-23
618,قهكمت,قندهكمتان‌,14,59017,2680552140,46340,45420,45420,-920,-1.99,46290,-50,-0.11,45420,45420,1399-12-23
619,ضجار2004,اختيارخ وتجارت-3500-1400/02/22,14,598,50988000,93,90,82,-11,-11.83,85,-8,-8.6,80,90,1399-12-23
620,حاريا,كشتيراني آريا,14,35955,1002748995,29051,27889,27889,-1162,-4.0,28990,-61,-0.21,27889,27889,1399-12-23
621,واحصا,احياء صنايع خراسان,14,1758,125853462,73050,71589,71589,-1461,-2.0,73041,-9,-0.01,71589,71589,1399-12-23
622,مداران,داده‌پردازي‌ايران‌,14,23635,602692500,26020,25500,25500,-520,-2.0,26010,-10,-0.04,25500,25500,1399-12-23
623,كتوكا,توليدي و خدمات صنايع نسوز توكا,14,5340,205830300,39331,38545,38545,-786,-2.0,39328,-3,-0.01,38545,38545,1399-12-23
624,فنفت,صنايع تجهيزات نفت,14,17050,564696000,33795,33120,33120,-675,-2.0,33776,-19,-0.06,33120,33120,1399-12-23
625,قشير,قند شيروان قوچان و بجنورد,14,24811,630373077,25925,25407,25407,-518,-2.0,25918,-7,-0.03,25407,25407,1399-12-23
626,پرداخت,به پرداخت ملت,13,22353,794202090,36250,35530,35530,-720,-1.99,36240,-10,-0.03,35530,35530,1399-12-23
627,خموتور,موتورسازان‌تراكتورسازي‌ايران‌,13,63844,946806520,15130,14830,14830,-300,-1.98,15120,-10,-0.07,14830,14830,1399-12-23
628,خشرق,الكتريك‌ خودرو شرق‌,13,33771,546414780,16510,16180,16180,-330,-2.0,16510,0,0.0,16180,16180,1399-12-23
629,پلاست,كارخانجات توليدي پلاستيران,13,2778,192870984,72320,69428,69428,-2892,-4.0,72291,-29,-0.04,69428,69428,1399-12-23
630,ضملي3002,اختيارخ فملي-10000-1400/03/02,13,158,526590000,3000,3200,3330,330,11.0,3333,333,11.1,3200,3500,1399-12-23
631,خلنت,لنت‌ ترمزايران‌,13,2747,252696530,93860,91990,91990,-1870,-1.99,93850,-10,-0.01,91990,91990,1399-12-23
632,فمراد,آلومراد,13,2015,291066750,147390,144450,144450,-2940,-1.99,147370,-20,-0.01,144450,144450,1399-12-23
633,اخزا807,اسنادخزانه-م7بودجه98-000719,13,5040,4502220191,894711,899900,893990,-721,-0.08,893298,-1413,-0.16,889628,899900,1399-12-23
634,غدام,خوراك‌  دام‌ پارس‌,13,1152,454118400,402240,394200,394200,-8040,-2.0,402170,-70,-0.02,394200,394200,1399-12-23
635,كترام,توليدي‌ كاشي‌ تكسرام‌,13,14298,686446980,48980,48010,48010,-970,-1.98,48970,-10,-0.02,48010,48010,1399-12-23
636,خفنر,فنرسازي‌خاور,13,48032,418839040,8890,8720,8720,-170,-1.91,8890,0,0.0,8720,8720,1399-12-23
637,ثنوسا,نوسازي‌وساختمان‌تهران‌,13,90366,1178372640,13300,13040,13040,-260,-1.95,13290,-10,-0.08,13040,13040,1399-12-23
638,قمرو,قند مرودشت‌,13,7146,259256880,37020,36280,36280,-740,-2.0,37020,0,0.0,36280,36280,1399-12-23
639,ضسپا3000,اختيارخ خساپا-1400-1400/03/26,13,131,113233000,819,900,860,41,5.01,864,45,5.49,820,900,1399-12-23
640,خچرخش,چرخشگر,12,99238,1799184940,18500,18130,18130,-370,-2.0,18490,-10,-0.05,18130,18130,1399-12-23
641,زعف0008پ19,زعفران0008نگين تروند قاينات(پ),12,4450,525295650,118970,122905,119960,990,0.83,118044,-926,-0.78,111202,122905,1399-12-23
642,تملي804,تسهيلات مسكن ب. ملي-تير98,12,151,123835606,820674,779641,861700,41026,5.0,820103,-571,-0.07,779641,861700,1399-12-23
643,زعف0008پ11,زعفران0008نگين سحرخيز(پ),12,6230,740619300,117723,116500,120000,2277,1.93,118879,1156,0.98,116500,120900,1399-12-23
644,ثشرق,سرمايه گذاري مسكن شمال شرق,12,72427,495400680,6970,6840,6840,-130,-1.87,6970,0,0.0,6840,6840,1399-12-23
645,خنصير,مهندسي‌نصيرماشين‌,12,1148,123903640,110130,107930,107930,-2200,-2.0,110120,-10,-0.01,107930,107930,1399-12-23
646,غشهد,شهد ايران ‌,12,73185,551083050,7680,7530,7530,-150,-1.95,7680,0,0.0,7530,7530,1399-12-23
647,نهال2,صندوق س. طلاي سرخ نوويرا,12,1200000,1200000,9400,1,1,-9399,-99.99,1,-9399,-99.99,1,1,1399-12-23
648,سرود,سيمان‌شاهرود,12,32894,645051340,20010,19610,19610,-400,-2.0,20000,-10,-0.05,19610,19610,1399-12-23
649,كيسون,شركت كيسون,12,21521,310591072,14726,14432,14432,-294,-2.0,14723,-3,-0.02,14432,14432,1399-12-23
650,بسويچ,پارس‌سويچ‌,12,9718,503586760,52870,51820,51820,-1050,-1.99,52860,-10,-0.02,51820,51820,1399-12-23
651,ضجار2000,اختيارخ وتجارت-1800-1400/02/22,12,127,120650000,889,950,950,61,6.86,950,61,6.86,950,950,1399-12-23
652,ضملت3000,اختيارخ وبملت-3000-1400/03/19,12,120,161352000,1026,1002,1300,274,26.71,1345,319,31.09,1002,1400,1399-12-23
653,فپنتا,سپنتا,12,2717,1097776680,412280,404040,404040,-8240,-2.0,412100,-180,-0.04,404040,404040,1399-12-23
654,قپيرا,فرآورده‌هاي‌غدايي‌وقندپيرانشهر,11,5326,546181300,104640,102550,102550,-2090,-2.0,104620,-20,-0.02,102550,102550,1399-12-23
655,خكار,ايركا پارت صنعت,11,69113,1492149670,22030,21590,21590,-440,-2.0,22020,-10,-0.05,21590,21590,1399-12-23
656,دشيري,شيرين دارو,11,527,113765598,220279,215874,215874,-4405,-2.0,220253,-26,-0.01,215874,215874,1399-12-23
657,سيلام,سيمان‌ ايلام‌,11,35790,411227100,11720,11490,11490,-230,-1.96,11720,0,0.0,11490,11490,1399-12-23
658,حتوكا,حمل‌ونقل‌توكا,11,7995,242248500,30910,30300,30300,-610,-1.97,30910,0,0.0,30300,30300,1399-12-23
659,وحافظ,بيمه حافظ,11,4795,312998420,67995,65276,65276,-2719,-4.0,67906,-89,-0.13,65276,65276,1399-12-23
660,كساوه,صنايع‌ كاشي‌ و سراميك‌ سينا,11,1817,130533280,73300,71840,71840,-1460,-1.99,73300,0,0.0,71840,71840,1399-12-23
661,كاسپين,داروسازي كاسپين تامين,11,11380,278741720,24993,24494,24494,-499,-2.0,24990,-3,-0.01,24494,24494,1399-12-23
662,زعف0008پ10,زعفران0008نگين طلاي سرخ(پ),11,2725,321662250,118074,119990,117900,-174,-0.15,118041,-33,-0.03,117900,119990,1399-12-23
663,اخزا720,اسنادخزانه-م20بودجه97-000324,11,5500,5236223725,955355,952000,954600,-755,-0.08,952041,-3314,-0.35,952000,954600,1399-12-23
664,ختراكح,ح . ريخته‌گري‌ تراكتورسازي‌,11,142617,1789843350,12550,12550,12550,0,0.0,12550,0,0.0,12550,12550,1399-12-23
665,وثخوز,سرمايه گذاري و توسعه خوزستان,10,12195,829284390,71581,68002,68002,-3579,-5.0,71425,-156,-0.22,68002,68002,1399-12-23
666,عيار2,صندوق س. پشتوانه طلاي مفيد,10,100000,100000,26290,1,1,-26289,-100.0,1,-26289,-100.0,1,1,1399-12-23
667,ضچاد2001,اختيارخ كچاد-14000-1400/02/05,10,20,132600000,6556,6500,7000,444,6.77,6630,74,1.13,6000,7800,1399-12-23
668,خوساز,محورسازان‌ايران‌خودرو,10,22979,181534100,8060,7900,7900,-160,-1.99,8060,0,0.0,7900,7900,1399-12-23
669,فلامي,لاميران‌,10,5995,265578500,45200,44300,44300,-900,-1.99,45200,0,0.0,44300,44300,1399-12-23
670,حپارسا,توسعه حمل و نقل ريلي پارسيان,10,2248,77852736,35338,34632,34632,-706,-2.0,35337,-1,0.0,34632,34632,1399-12-23
671,آ س پ,آ.س.پ,10,74020,1190981800,16418,16090,16090,-328,-2.0,16410,-8,-0.05,16090,16090,1399-12-23
672,بهپاك,صنعتي بهپاك,10,3503,158769972,46248,45324,45324,-924,-2.0,46245,-3,-0.01,45324,45324,1399-12-23
673,لابسا,آبسال‌,10,54858,2668841700,49640,48650,48650,-990,-1.99,49590,-50,-0.1,48650,48650,1399-12-23
674,ضملت3002,اختيارخ وبملت-4000-1400/03/19,10,531,279998000,385,450,570,185,48.05,527,142,36.88,450,600,1399-12-23
675,سخزر,سيمان‌ خزر,10,25019,757325130,30880,30270,30270,-610,-1.98,30870,-10,-0.03,30270,30270,1399-12-23
676,اخزا810,اسنادخزانه-م10بودجه98-001006,10,13290,11372851461,856328,855626,855651,-677,-0.08,855745,-583,-0.07,855626,857000,1399-12-23
677,سبجنو,سيمان‌ بجنورد,10,30195,1780297200,60160,58960,58960,-1200,-1.99,60120,-40,-0.07,58960,58960,1399-12-23
678,سخواف,سيمان مجد خواف,10,17873,301910716,17236,16892,16892,-344,-2.0,17231,-5,-0.03,16892,16892,1399-12-23
679,اخزا713,اسنادخزانه-م13بودجه97-000518,9,924,853554350,922699,924000,922000,-699,-0.08,923760,1061,0.11,918003,926410,1399-12-23
680,افرا,افرانت,9,2896,100864784,35539,34829,34829,-710,-2.0,35538,-1,0.0,34829,34829,1399-12-23
681,اخزا811,اسنادخزانه-م11بودجه98-001013,9,16706,14254247888,854549,853238,853240,-1309,-0.15,853241,-1308,-0.15,853238,853500,1399-12-23
682,ضجار2003,اختيارخ وتجارت-3000-1400/02/22,9,330,65698000,150,200,198,48,32.0,199,49,32.67,195,200,1399-12-23
683,شسم,توليد سموم‌ علف‌ كش,9,8663,787128843,89080,90861,90861,1781,2.0,89217,137,0.15,90861,90861,1399-12-23
684,غشاذر,پگاه‌آذربايجان‌غربي‌,9,117259,1149138200,10000,9800,9800,-200,-2.0,10000,0,0.0,9800,9800,1399-12-23
685,اوان,مبين وان كيش,9,11691,630168282,55002,53902,53902,-1100,-2.0,54988,-14,-0.03,53902,53902,1399-12-23
686,ولصنم,ليزينگ‌صنعت‌ومعدن‌,9,10648,116489120,11160,10940,10940,-220,-1.97,11160,0,0.0,10940,10940,1399-12-23
687,ثعمرا,عمران و توسعه شاهد,9,8474,108950218,13119,12857,12857,-262,-2.0,13118,-1,-0.01,12857,12857,1399-12-23
688,غدشت,دشت‌ مرغاب‌,9,835,238217150,291110,285290,285290,-5820,-2.0,291080,-30,-0.01,285290,285290,1399-12-23
689,ضپاس2000,اختيارخ وپارس-2000-1400/02/29,9,303,389088000,933,1280,1285,352,37.73,1284,351,37.62,1273,1290,1399-12-23
690,اخزا804,اسنادخزانه-م4بودجه98-000421,9,3493,3272283632,937040,933011,938999,1959,0.21,936812,-228,-0.02,933010,939991,1399-12-23
691,ثجوان,تامين مسكن جوانان,9,9547,105102923,11467,11009,11009,-458,-3.99,11464,-3,-0.03,11009,11009,1399-12-23
692,قشهد,شهد,9,33649,675671920,20480,20080,20080,-400,-1.95,20470,-10,-0.05,20080,20080,1399-12-23
693,فماك,ماداكتو استيل كرد,9,160000,3579040000,22370,22369,22369,-1,0.0,22369,-1,0.0,22369,22369,1399-12-23
694,كشرق,صنعتي و معدني شمال شرق شاهرود,9,1645,154100310,95589,93678,93678,-1911,-2.0,95583,-6,-0.01,93678,93678,1399-12-23
695,سفار,سيمان‌فارس‌,8,5847,889445640,155220,152120,152120,-3100,-2.0,155160,-60,-0.04,152120,152120,1399-12-23
696,ضغدر3003,اختيارخ وغدير-9200-1400/03/26,8,62,216150000,2841,3300,3550,709,24.96,3486,645,22.7,3300,3700,1399-12-23
697,خعمرا,توسعه و عمران شهرستان نائين,8,12164,287702928,22526,23652,23652,1126,5.0,22541,15,0.07,23652,23652,1399-12-23
698,وايران,ليزينگ ايرانيان,8,10790,134011800,12670,12420,12420,-250,-1.97,12670,0,0.0,12420,12420,1399-12-23
699,فسا,پتروشيمي فسا,8,36980,66933800,1846,1810,1810,-36,-1.95,1846,0,0.0,1810,1810,1399-12-23
700,قزوين,كارخانجات‌ قند قزوين‌,8,26372,1036947040,40120,39320,39320,-800,-1.99,40100,-20,-0.05,39320,39320,1399-12-23
701,حپترو,حمل و نقل پتروشيمي( سهامي عام,8,1502,80026560,54360,53280,53280,-1080,-1.99,54360,0,0.0,53280,53280,1399-12-23
702,گپارس,امور رفاهي كارگزاران پارس,8,454,92912008,208828,204652,204652,-4176,-2.0,208808,-20,-0.01,204652,204652,1399-12-23
703,غپآذر,شير پگاه آذربايجان شرقي,8,1518,98331486,66098,64777,64777,-1321,-2.0,66095,-3,0.0,64777,64777,1399-12-23
704,اخزا721,اسنادخزانه-م21بودجه97-000728,7,3491,3093767161,887818,886010,889838,2020,0.23,886212,-1606,-0.18,886009,889838,1399-12-23
705,لازما,كارخانه هاي صنعتي آزمايش,7,6569,224679507,34901,34203,34203,-698,-2.0,34893,-8,-0.02,34203,34203,1399-12-23
706,زعف0008پ08,زعفران0008نگين روستا(پ),7,2564,301348950,117625,117500,119590,1965,1.67,117531,-94,-0.08,117400,119590,1399-12-23
707,سكارون,سيمان كارون,7,799,136736066,178264,171134,171134,-7130,-4.0,178213,-51,-0.03,171134,171134,1399-12-23
708,ثرود,سرمايه‌گذاري مسكن زاينده رود,7,13120,230203520,17904,17546,17546,-358,-2.0,17902,-2,-0.01,17546,17546,1399-12-23
709,زعف0008پ15,زعفران0008پوشالمعمول طلاسرخ(پ),7,2495,204948600,81500,80000,81990,490,0.6,82144,644,0.79,80000,85000,1399-12-23
710,ضفلا3006,اختيارخ فولاد-16000-1400/03/19,7,296,97799000,261,299,350,89,34.1,330,69,26.44,299,399,1399-12-23
711,پست0008پ08,پسته فندقي32-30مه ولات0008(پ),7,400,550125284,1391111,1375000,1375000,-16111,-1.16,1375313,-15798,-1.14,1375000,1399999,1399-12-23
712,وسخوز,شركت س استان خوزستان,7,227508,218407680,970,960,960,-10,-1.03,970,0,0.0,960,960,1399-12-23
713,ضترا3002,اختيارخ شتران-8000-1400/03/09,7,325,604875000,1735,1860,1835,100,5.76,1861,126,7.26,1835,1870,1399-12-23
714,اخزا805,اسنادخزانه-م5بودجه98-000422,7,16331,15273400310,936002,940000,934750,-1252,-0.13,935240,-762,-0.08,934750,942000,1399-12-23
715,سفاسي,شركت فارسيت اهواز,7,15257,216405288,14473,14184,14184,-289,-2.0,14470,-3,-0.02,14184,14184,1399-12-23
716,كصدف,كاشي صدف سرام استقلال آباده,7,50702,1271149842,25582,25071,25071,-511,-2.0,25549,-33,-0.13,25071,25071,1399-12-23
717,گكيش,توريستي ورفاهي آبادگران كيش,7,5997,311987928,53085,52024,52024,-1061,-2.0,53068,-17,-0.03,52024,52024,1399-12-23
718,قجام,فرآوردههاي غذايي وقندتربت‌جام‌,7,61700,985595800,16639,15974,15974,-665,-4.0,16571,-68,-0.41,15974,15974,1399-12-23
719,ضسپا3001,اختيارخ خساپا-1600-1400/03/26,7,623,439250000,666,750,710,44,6.61,705,39,5.86,700,750,1399-12-23
720,تابان04,اجاره تابان سپهر14031126,6,150000,150000000000,1000000,1000000,1000000,0,0.0,1000000,0,0.0,1000000,1000000,1399-12-23
721,سهرمز,سيمان‌هرمزگان‌,6,5512,135374720,25060,24560,24560,-500,-2.0,25060,0,0.0,24560,24560,1399-12-23
722,ياقوت2,صندوق س ياقوت آگاه-ثابت,6,5342000,5342000,12027,1,1,-12026,-99.99,1,-12026,-99.99,1,1,1399-12-23
723,زعف0008پ18,زعفران0008نگين بهرامن(پ),6,379,44847930,116971,117500,119960,2989,2.56,118332,1361,1.16,117500,119970,1399-12-23
724,فجام,جام‌دارو,6,16982,173216400,10400,10200,10200,-200,-1.92,10400,0,0.0,10200,10200,1399-12-23
725,دروز,داروسازي‌ روزدارو,6,81801,2236439340,27890,27340,27340,-550,-1.97,27860,-30,-0.11,27340,27340,1399-12-23
726,بزاگرسح,ح . نيروگاه زاگرس كوثر,6,5287,31824700,6120,6060,5998,-122,-1.99,6019,-101,-1.65,5998,6060,1399-12-23
727,كبورس,كارگزاران بورس اوراق بهادار,6,527000,20247340000,38420,38420,38420,0,0.0,38420,0,0.0,38420,38420,1399-12-23
728,غمهرا,توليدي‌مهرام‌,6,11462,1378763980,122740,120290,120290,-2450,-2.0,122670,-70,-0.06,120290,120290,1399-12-23
729,زكشت,كشاورزي مكانيزه اصفهان كشت,6,6550,259759900,40467,39658,39658,-809,-2.0,40463,-4,-0.01,39658,39658,1399-12-23
730,وشمال,س. چشم انداز توسعه شمال,6,3221,280169022,88757,86982,86982,-1775,-2.0,88732,-25,-0.03,86982,86982,1399-12-23
731,لپيام,گسترش صنايع پيام,6,2635,143112120,55420,54312,54312,-1108,-2.0,55412,-8,-0.01,54312,54312,1399-12-23
732,تابان02,اجاره تابان لوتوس14021206,6,60000,60000000000,1000001,1000000,1000000,-1,0.0,1000000,-1,0.0,1000000,1000000,1399-12-23
733,ضفلا3007,اختيارخ فولاد-18000-1400/03/19,6,162,16310000,1,111,150,149,14900.0,101,100,10000.0,89,150,1399-12-23
734,ثنظام,س. ساختماني نظام مهندسي ايران,6,2264,106600440,48045,47085,47085,-960,-2.0,48040,-5,-0.01,47085,47085,1399-12-23
735,غبهار,كشت وصنعت بهاران گلبهار خراسان,6,1599,53956656,34432,33744,33744,-688,-2.0,34430,-2,-0.01,33744,33744,1399-12-23
736,ضپنا2002,اختيارخ رمپنا-14000-1400/02/12,6,30,78900000,3000,2700,2600,-400,-13.33,2630,-370,-12.33,2400,2700,1399-12-23
737,ضفار3000,اختيارخ فارس-8000-1400/03/05,5,123,193400000,1509,1500,1900,391,25.91,1572,63,4.17,1500,1900,1399-12-23
738,بشهاب,لامپ‌  پارس‌ شهاب‌,5,5333,784484300,150100,147100,147100,-3000,-2.0,150050,-50,-0.03,147100,147100,1399-12-23
739,كاذر,فرآورده‌هاي‌نسوزآذر,5,15522,514554300,33820,33150,33150,-670,-1.98,33810,-10,-0.03,33150,33150,1399-12-23
740,فن آوا,گروه فن آوا,5,51735,938472900,18510,18140,18140,-370,-2.0,18492,-18,-0.1,18140,18140,1399-12-23
741,وسرضوي,س.سهام عدالت استان خراسان رضوي,5,20000,20200000,1030,1010,1010,-20,-1.94,1030,0,0.0,1010,1010,1399-12-23
742,حبندر,دريايي و کشتيراني خط دريابندر,5,1057,37162006,35875,35158,35158,-717,-2.0,35874,-1,0.0,35158,35158,1399-12-23
743,شزنگ,تجهيزنيروي‌زنگان‌,5,220,50823080,235728,231014,231014,-4714,-2.0,235716,-12,-0.01,231014,231014,1399-12-23
744,زنجان,صنايع كشاورزي وكود زنجان,5,13669,126684292,9457,9268,9268,-189,-2.0,9456,-1,-0.01,9268,9268,1399-12-23
745,حسير,ريل سير كوثر,5,1985,33887920,17420,17072,17072,-348,-2.0,17420,0,0.0,17072,17072,1399-12-23
746,اشاد10,مشاركت دولتي10-شرايط خاص001226,5,3200,3025150500,964448,947000,945100,-19348,-2.01,945359,-19089,-1.98,945100,947000,1399-12-23
747,تملي704,تسهيلات مسكن ب. ملي-تير97,5,49,30341784,635215,603455,639799,4584,0.72,619220,-15995,-2.52,603455,639799,1399-12-23
748,حخزر,كشتيراني درياي خزر,5,2413,69520943,29398,28811,28811,-587,-2.0,29397,-1,0.0,28811,28811,1399-12-23
749,تملي806,تسهيلات مسكن ب. ملي-شهريور98,5,53,42345887,760933,798979,798979,38046,5.0,798979,38046,5.0,798979,798979,1399-12-23
750,تپولا,مهندسي مرآت پولاد,5,1142,40994374,36629,35897,35897,-732,-2.0,36627,-2,-0.01,35897,35897,1399-12-23
751,وسهمدا,شركت س استان همدان,5,58985,51906800,890,880,880,-10,-1.12,890,0,0.0,880,880,1399-12-23
752,اراد48,مرابحه عام دولت4-ش.خ 0009,5,103000,99910000000,999998,970000,970000,-29998,-3.0,970000,-29998,-3.0,970000,970000,1399-12-23
753,ضپيك2010,اختيارخ تاپيكو-12000-00/02/19,4,30,36000000,946,1200,1200,254,26.85,1200,254,26.85,1200,1200,1399-12-23
754,داراب,پتروشيمي داراب,4,8549,20560345,2454,2405,2405,-49,-2.0,2454,0,0.0,2405,2405,1399-12-23
755,ضمخا2000,اختيارخ اخابر-9000-1400/02/29,4,51,84400000,1591,1800,1600,9,0.57,1655,64,4.02,1600,1820,1399-12-23
756,كشم0006پ02,كشمش تيزابي0006تاكستان(پ),4,673,154452356,228993,229940,229940,947,0.41,229498,505,0.22,217554,229940,1399-12-23
757,وسكرد,شركت س استان كردستان,4,34500,25185000,740,730,730,-10,-1.35,740,0,0.0,730,730,1399-12-23
758,ضغدر3002,اختيارخ وغدير-8200-1400/03/26,4,60,250900000,3700,4200,4200,500,13.51,4182,482,13.03,4100,4200,1399-12-23
759,ضفلا3005,اختيارخ فولاد-14000-1400/03/19,4,4,3794000,800,949,948,148,18.5,948,148,18.5,948,949,1399-12-23
760,گواهي ظرفيت,گواهي ظرفيت نقدي,4,15094000,160585066000,10639,10639,10639,0,0.0,10639,0,0.0,10639,10639,1399-12-23
761,ضسپا3002,اختيارخ خساپا-1800-1400/03/26,4,83,49280000,553,560,580,27,4.88,594,41,7.41,560,650,1399-12-23
762,سنير,سيمان‌ سفيد ني‌ريز,4,231,57093960,252200,247160,247160,-5040,-2.0,252190,-10,0.0,247160,247160,1399-12-23
763,وزمين,بانك ايران زمين,4,1945,26759310,14038,13758,13758,-280,-1.99,14038,0,0.0,13758,13758,1399-12-23
764,ضصاد3000,اختيارخ وبصادر-1800-1400/03/12,4,6,4798000,690,798,800,110,15.94,800,110,15.94,798,800,1399-12-23
765,ثغرب,شركت سرمايه گذاري مسكن شمالغرب,4,4373,34345542,8014,7854,7854,-160,-2.0,8014,0,0.0,7854,7854,1399-12-23
766,وآتوس,س.آرين توسكا قيمت اسمي 350ريال,4,629,27674113,44894,43997,43997,-897,-2.0,44893,-1,0.0,43997,43997,1399-12-23
767,شجمح,ح. صنايع پتروشيمي تخت جمشيد,4,4320,38079000,8500,9010,8400,-100,-1.18,8815,315,3.71,8400,9010,1399-12-23
768,تملي712,تسهيلات مسكن ب. ملي-اسفند97,4,39,22936095,560100,588105,588105,28005,5.0,588105,28005,5.0,588105,588105,1399-12-23
769,ضملت3004,اختيارخ وبملت-5000-1400/03/19,4,110,27000000,100,200,250,150,150.0,245,145,145.0,200,250,1399-12-23
770,دقاضي,داروسازي شهيد قاضي,4,780,33623460,43986,43107,43107,-879,-2.0,43984,-2,0.0,43107,43107,1399-12-23
771,لخانهح,ح.لوازم‌ خانگي‌ پارس‌,4,4404,87194796,20203,19799,19799,-404,-2.0,19799,-404,-2.0,19799,19799,1399-12-23
772,ضپنا2001,اختيارخ رمپنا-12000-1400/02/12,4,15,71794000,5200,4300,4500,-700,-13.46,4786,-414,-7.96,4300,5199,1399-12-23
773,وغدير2,سرمايه‌گذاري‌غدير(هلدينگ‌,4,691515684,8104563816480,11860,11720,11720,-140,-1.18,11720,-140,-1.18,11720,11720,1399-12-23
774,تملي701,تسهيلات مسكن ب. ملي-فروردين97,4,22,13839464,599164,629122,629000,29836,4.98,629067,29903,4.99,629000,629122,1399-12-23
775,غشوكو,شوكو پارس,3,485,19033340,40044,39244,39244,-800,-2.0,40043,-1,0.0,39244,39244,1399-12-23
776,شستا991,اجاره تامين اجتماعي-امين991226,3,28,28257488,995200,1000000,1019999,24799,2.49,1009196,13996,1.41,1000000,1019999,1399-12-23
777,تملي707,تسهيلات مسكن ب. ملي-مهر97,3,24,12720000,554348,530000,530000,-24348,-4.39,530000,-24348,-4.39,530000,530000,1399-12-23
778,مفاخر,توسعه فناوري اطلاعات خوارزمي,3,255,16795830,67210,65866,65866,-1344,-2.0,67210,0,0.0,65866,65866,1399-12-23
779,غمينوح,ح . شركت صنايع غذايي مينو شرق,3,10540,106854520,10344,10138,10138,-206,-1.99,10138,-206,-1.99,10138,10138,1399-12-23
780,نبروج,نساجي بروجرد,3,16816,99668432,5811,5927,5927,116,2.0,5812,1,0.02,5927,5927,1399-12-23
781,ضصاد3005,اختيارخ وبصادر-4000-1400/03/12,3,250,8750000,29,35,35,6,20.69,35,6,20.69,35,35,1399-12-23
782,ضجار2005,اختيارخ وتجارت-4000-1400/02/22,3,200,11500000,53,55,60,7,13.21,57,4,7.55,55,60,1399-12-23
783,زير0003پ04,زيره سبز0003شركت مينوبذر(پ),3,124,58280000,474000,470000,470000,-4000,-0.84,470000,-4000,-0.84,470000,470000,1399-12-23
784,وسيستا,شركت س استان سيستان وبلوچستان,3,24287,18458120,770,760,760,-10,-1.3,770,0,0.0,760,760,1399-12-23
785,وسصفا,شركت س استان اصفهان,3,25000,26250000,1070,1050,1050,-20,-1.87,1070,0,0.0,1050,1050,1399-12-23
786,ضخود2010,اختيارخ خودرو-4500-1400/02/08,3,200,3200000,16,16,16,0,0.0,16,0,0.0,16,16,1399-12-23
787,ضمخا7070,اختيارخ اخابر-20000-1400/07/28,3,8,20789000,900,1979,2970,2070,230.0,2599,1699,188.78,1979,2970,1399-12-23
788,اوصتا4,صندوق انديشه ورزان صباتامين -د,3,275660000,5001298700000,18053,18145,18135,82,0.45,18143,90,0.5,18135,18145,1399-12-23
789,اخزا723,اسنادخزانه-م23بودجه97-000824,3,15150,13256193200,875075,873932,876000,925,0.11,874996,-79,-0.01,873932,876000,1399-12-23
790,اعتماد2,صندوق س.اعتماد آفرين پارسيان-د,3,23000000,23000000,35293,1,1,-35292,-100.0,1,-35292,-100.0,1,1,1399-12-23
791,حرهشا,رهشاد سپاهان (سهامي عام,3,2111,132325924,65295,62684,62684,-2611,-4.0,65259,-36,-0.06,62684,62684,1399-12-23
792,رطب0002پ01,رطب مضافتي0002افشارتعاون بم(پ),3,104,17603304,181818,175976,170000,-11818,-6.5,169263,-12555,-6.91,160000,175976,1399-12-23
793,شلرد02,كود شيميايي اوره لردگان,3,32,31776000,1011840,993000,993000,-18840,-1.86,993000,-18840,-1.86,993000,993000,1399-12-23
794,بايكا,كارخانجات كابلسازي ‌ايران‌,3,370,15513730,42784,41929,41929,-855,-2.0,42783,-1,0.0,41929,41929,1399-12-23
795,اراد404,مرابحه عام دولت4-ش.خ 0207,2,1180000,1147668000000,999999,972600,972600,-27399,-2.74,972600,-27399,-2.74,972600,972600,1399-12-23
796,ضغدر3005,اختيارخ وغدير-13200-1400/03/26,2,33,68024000,1,2000,3012,3011,301100.0,2061,2060,206000.0,2000,3012,1399-12-23
797,اراد644,مرابحه عام دولتي64-ش.خ0111,2,14000000,13039544000000,944500,931392,931400,-13100,-1.39,931396,-13104,-1.39,931392,931400,1399-12-23
798,ضملت3003,اختيارخ وبملت-4500-1400/03/19,2,20,5000000,110,200,300,190,172.73,250,140,127.27,200,300,1399-12-23
799,اخزا7184,اسنادخزانه-م18بودجه97-000525,2,2498000,2297616685000,919886,919679,919886,0,0.0,919782,-104,-0.01,919679,919886,1399-12-23
800,اخزا7214,اسنادخزانه-م21بودجه97-000728,2,3164000,2809581376000,887818,888150,887818,0,0.0,887984,166,0.02,887818,888150,1399-12-23
801,اراد584,مرابحه عام دولت5-ش.خ 0110,2,10602000,9912541338000,972287,935038,934900,-37387,-3.85,934969,-37318,-3.84,934900,935038,1399-12-23
802,صخابر102,صكوك اجاره مخابرات-3 ماهه 16%,2,10000,9850851400,985086,985000,985086,0,0.0,985085,-1,0.0,985000,985086,1399-12-23
803,اراد524,مرابحه عام دولت5-ش.خ 0108,2,12666000,11910922743000,1000000,940571,940200,-59800,-5.98,940385,-59615,-5.96,940200,940571,1399-12-23
804,وسناح,ح. سرمايه گذاري نيروگاهي ايران,2,831,11344700,13850,13700,13600,-250,-1.81,13652,-198,-1.43,13600,13700,1399-12-23
805,ضبدر3001,اختيارخ شبندر-16000-1400/03/30,2,2,26500000,12500,13000,13500,1000,8.0,13250,750,6.0,13000,13500,1399-12-23
806,اخزا8074,اسنادخزانه-م7بودجه98-000719,2,177800,158893281400,894711,892615,894711,0,0.0,893663,-1048,-0.12,892615,894711,1399-12-23
807,اراد494,مرابحه عام دولت4-ش.خ 0206,2,21424000,19750057184000,990000,922032,921700,-68300,-6.9,921866,-68134,-6.88,921700,922032,1399-12-23
808,اخزا7204,اسنادخزانه-م20بودجه97-000324,2,1420000,1353777590000,955355,951374,955355,0,0.0,953364,-1991,-0.21,951374,955355,1399-12-23
809,زعف0008پ12,زعفران0008پوشالمعمول سحرخيز(پ),2,813,66706000,82000,83000,82000,0,0.0,82049,49,0.06,82000,83000,1399-12-23
810,ضجار2006,اختيارخ وتجارت-4500-1400/02/22,2,120,4180000,30,34,35,5,16.67,35,5,16.67,34,35,1399-12-23
811,اخزا7224,اسنادخزانه-م22بودجه97-000428,2,1838000,1713802664000,932641,932215,932641,0,0.0,932428,-213,-0.02,932215,932641,1399-12-23
812,اراد554,مرابحه عام دولت5-ش.خ 0209,2,1360000,1170334400000,958772,861756,859324,-99448,-10.37,860540,-98232,-10.25,859324,861756,1399-12-23
813,ضترا3000,اختيارخ شتران-6000-1400/03/09,2,2,7200000,3500,3600,3600,100,2.86,3600,100,2.86,3600,3600,1399-12-23
814,ضگل3003,اختيارخ كگل-18000-1400/03/23,2,110,385000000,3000,3500,3500,500,16.67,3500,500,16.67,3500,3500,1399-12-23
815,شرق1400,مشاركت ليزينگ ايران وشرق140010,2,10,10079900,1007999,1007990,1007990,-9,0.0,1007990,-9,0.0,1007990,1007990,1399-12-23
816,ضمخا2002,اختيارخ اخابر-12000-1400/02/29,2,18,17200000,1980,1000,900,-1080,-54.55,956,-1024,-51.72,900,1000,1399-12-23
817,زعف0008پ09,زعفران0008نگين نوين(پ),2,1080,127019200,117202,118990,117500,298,0.25,117610,408,0.35,117500,118990,1399-12-23
818,اراد474,مرابحه عام دولت4-ش.خ 0008,2,5488000,5373498368000,986667,979422,978850,-7817,-0.79,979136,-7531,-0.76,978850,979422,1399-12-23
819,اراد454,مرابحه عام دولت4-ش.خ 0107,2,6316000,5970941130000,978000,945585,945150,-32850,-3.36,945367,-32633,-3.34,945150,945585,1399-12-23
820,شستا003,اجاره تامين اجتماعي-سپهر000523,2,1684,1667911669,990000,1040000,990001,1,0.0,990446,446,0.05,990001,1040000,1399-12-23
821,ثنام,س ساختماني ب نام آوران مهندسي,2,24509,402168181,16743,16409,16409,-334,-1.99,16736,-7,-0.04,16409,16409,1399-12-23
822,تملي612,تسهيلات مسكن بانك ملي-اسفند96,2,11,9311544,891056,846504,846504,-44552,-5.0,846504,-44552,-5.0,846504,846504,1399-12-23
823,اراد214,مرابحه عام دولت2ش.خ صادرات0212,2,39000000,36041947500000,1000000,924253,924052,-75948,-7.59,924152,-75848,-7.58,924052,924253,1399-12-23
824,اراد424,مرابحه عام دولت4-ش.خ 0106,2,8252600,7849571900100,1056250,951347,950980,-105270,-9.97,951163,-105087,-9.95,950980,951347,1399-12-23
825,ضمخا7066,اختيارخ اخابر-12000-1400/07/28,2,5,12500000,1555,2500,2500,945,60.77,2500,945,60.77,2500,2500,1399-12-23
826,تملي708,تسهيلات مسكن ب. ملي-آبان97,2,35,19141500,575683,546900,546900,-28783,-5.0,546900,-28783,-5.0,546900,546900,1399-12-23
827,خفناور,مهندسي صنعتي روان فن آور,2,443,22466745,51750,50715,50715,-1035,-2.0,51749,-1,0.0,50715,50715,1399-12-23
828,ثعتما,س. ساختماني اعتماد گستر,2,1110,73736190,67784,66429,66429,-1355,-2.0,67779,-5,-0.01,66429,66429,1399-12-23
829,سدبير,س. تدبيرگران فارس وخوزستان,2,230,20509100,90989,89170,89170,-1819,-2.0,90988,-1,0.0,89170,89170,1399-12-23
830,اخزا8134,اسنادخزانه-م13بودجه98-010219,2,434000,345529317000,797336,794965,797336,0,0.0,796150,-1186,-0.15,794965,797336,1399-12-23
831,پا ر 60,بار پايه روز 60,2,20000,7000000,345,350,350,5,1.45,350,5,1.45,350,350,1399-12-23
832,اخزا8094,اسنادخزانه-م9بودجه98-000923,2,670000,580374770000,865597,866865,865597,0,0.0,866231,634,0.07,865597,866865,1399-12-23
833,ضخود2012,اختيارخ خودرو-6000-1400/02/08,2,2,23000,11,9,14,3,27.27,11,0,0.0,9,14,1399-12-23
834,صخود1404,صكوك رهني خودرو1404- 3ماهه 16%,2,20000,18390000000,912500,919500,919500,7000,0.77,919500,7000,0.77,919500,919500,1399-12-23
835,پا ر 1,بار پايه روز 1,2,20000,7000000,345,350,350,5,1.45,350,5,1.45,350,350,1399-12-23
836,وسگيلا,شركت س استان گيلان,2,13000,10010000,780,770,770,-10,-1.28,780,0,0.0,770,770,1399-12-23
837,كباده,توليد خاك نسوزاستقلال آباده,2,1089,9841293,8607,9037,9037,430,5.0,8607,0,0.0,9037,9037,1399-12-23
838,ضغدر3000,اختيارخ وغدير-6200-1400/03/26,2,7,40300000,5150,5700,5900,750,14.56,5757,607,11.79,5700,5900,1399-12-23
839,اخزا718,اسنادخزانه-م18بودجه97-000525,2,4355,3997975000,919886,926500,918000,-1886,-0.21,918019,-1867,-0.2,918000,926500,1399-12-23
840,اعتماد4,صندوق س.اعتماد آفرين پارسيان-د,1,14150000,499749700000,35293,35318,35318,25,0.07,35318,25,0.07,35318,35318,1399-12-23
841,دارا4,صندوق س. دارا الگوريتم-د,1,4500000,45090000000,10018,10020,10020,2,0.02,10020,2,0.02,10020,10020,1399-12-23
842,تملي807,تسهيلات مسكن ب. ملي-مهر98,1,20,13963840,734938,698192,698192,-36746,-5.0,698192,-36746,-5.0,698192,698192,1399-12-23
843,كمرجان,بازرگاني و توليدي مرجان كار,1,48,6918000,147066,144125,144125,-2941,-2.0,147066,0,0.0,144125,144125,1399-12-23
844,ضچاد2004,اختيارخ كچاد-20000-1400/02/05,1,2,5000000,1999,2500,2500,501,25.06,2500,501,25.06,2500,2500,1399-12-23
845,پافروردي,بار پايه فروردين,1,5000,1725000,345,345,345,0,0.0,345,0,0.0,345,345,1399-12-23
846,اراد504,مرابحه عام دولت5-ش.خ0302,1,1000000,1000000000000,1000000,1000000,1000000,0,0.0,1000000,0,0.0,1000000,1000000,1399-12-23
847,آريان2,سرمايه گذاري پارس آريان,1,32000000,345536000000,10819,10798,10798,-21,-0.19,10798,-21,-0.19,10798,10798,1399-12-23
848,اراد47,مرابحه عام دولت4-ش.خ 0008,1,1000,960000000,986667,960000,960000,-26667,-2.7,960000,-26667,-2.7,960000,960000,1399-12-23
849,ضگل3001,اختيارخ كگل-14000-1400/03/23,1,10,57000000,5700,5700,5700,0,0.0,5700,0,0.0,5700,5700,1399-12-23
850,صمسكن912,ص دين مسكن جنوب-ماهانه16درصد,1,400,19717200,49293,49293,49293,0,0.0,49293,0,0.0,49293,49293,1399-12-23
851,وسخراش,شركت س استان خراسان شمالي,1,5000,6750000,1370,1350,1350,-20,-1.46,1370,0,0.0,1350,1350,1399-12-23
852,وساشرقي,شركت س استان آذربايجان شرقي,1,7300,7008000,970,960,960,-10,-1.03,970,0,0.0,960,960,1399-12-23
853,تملي705,تسهيلات مسكن ب. ملي-مرداد97,1,9,5502411,643556,611379,611379,-32177,-5.0,611379,-32177,-5.0,611379,611379,1399-12-23
854,وسلرستا,شركت س استان لرستان,1,10000,8900000,900,890,890,-10,-1.11,900,0,0.0,890,890,1399-12-23
855,وسيلام,شركت س استان ايلام,1,4321,5271620,1240,1220,1220,-20,-1.61,1240,0,0.0,1220,1220,1399-12-23
856,هصيكو402,اختيارف ت تاصيكو13500-00/02/20,1,127,445643,3342,3509,3509,167,5.0,3509,167,5.0,3509,3509,1399-12-23
857,وصندوق2,سرمايه‌گذاري‌صندوق‌بازنشستگي‌,1,4000000,53000000000,13100,13250,13250,150,1.15,13250,150,1.15,13250,13250,1399-12-23
858,مبين014,اجاره اعتماد مبين لوتوس011019,1,5000,4950000000,980000,990000,990000,10000,1.02,990000,10000,1.02,990000,990000,1399-12-23
859,شستا994,اجاره تامين اجتماعي-نوين991226,1,13,13175500,1010000,1013500,1013500,3500,0.35,1013500,3500,0.35,1013500,1013500,1399-12-23
860,ضجار2001,اختيارخ وتجارت-2000-1400/02/22,1,25,20500000,882,820,820,-62,-7.03,820,-62,-7.03,820,820,1399-12-23
861,صايپا112,صكوك مرابحه سايپا112-3ماهه 16%,1,10000,9833710000,983371,983371,983371,0,0.0,983371,0,0.0,983371,983371,1399-12-23
862,فبستم,صنايع ‌بسته‌بندي‌ مشهد,1,6850,5589600,793,816,816,23,2.9,793,0,0.0,816,816,1399-12-23
863,كشم0001پ01,كشمش سبز0001خليل آباد(پ),1,10,6015360,633195,601536,601536,-31659,-5.0,601536,-31659,-5.0,601536,601536,1399-12-23
864,تملي706,تسهيلات مسكن ب. ملي-شهريور97,1,9,5176674,605458,575186,575186,-30272,-5.0,575186,-30272,-5.0,575186,575186,1399-12-23
865,ضپيك2008,اختيارخ تاپيكو-9000-00/02/19,1,19,58900000,2600,3100,3100,500,19.23,3100,500,19.23,3100,3100,1399-12-23
866,وسخراج,شركت س استان خراسان جنوبي,1,2500,5450000,2220,2180,2180,-40,-1.8,2220,0,0.0,2180,2180,1399-12-23
867,نگين,ص.س. زمين و ساختمان نگين شهرري,1,205,9760050,48470,47610,47610,-860,-1.77,47610,-860,-1.77,47610,47610,1399-12-23
868,ضسان2014,اختيارخ پارسان-38750-00/02/15,1,100,16000000,120,160,160,40,33.33,160,40,33.33,160,160,1399-12-23
869,ضسپا3007,اختيارخ خساپا-4000-1400/03/26,1,2,90000,50,45,45,-5,-10.0,45,-5,-10.0,45,45,1399-12-23
870,اراد414,مرابحه عام دولت4-ش.خ 0006,1,190000,190000000000,1000000,1000000,1000000,0,0.0,1000000,0,0.0,1000000,1000000,1399-12-23
871,سنفت001,سلف موازي استاندارد سنفت001,1,53570,60005364100,1119400,1120130,1120130,730,0.07,1120130,730,0.07,1120130,1120130,1399-12-23
872,اراد22,مرابحه عام دولت2-ش.خ لوتوس0212,1,10000,10000000000,990000,1000000,1000000,10000,1.01,1000000,10000,1.01,1000000,1000000,1399-12-23
873,وسمركز,شركت س استان مركزي,1,10000,13800000,1400,1380,1380,-20,-1.43,1400,0,0.0,1380,1380,1399-12-23
874,وبصادر2,بانك صادرات ايران,1,20000000,47600000000,2270,2380,2380,110,4.85,2380,110,4.85,2380,2380,1399-12-23
875,پا ر 2,بار پايه روز 2,1,10000,3500000,345,350,350,5,1.45,350,5,1.45,350,350,1399-12-23
876,فخوز2,فولاد  خوزستان,1,7800000,113100000000,13890,14500,14500,610,4.39,14500,610,4.39,14500,14500,1399-12-23
877,ميدكو2,هلدينگ صنايع  معدني خاورميانه,1,4000000,121296000000,30324,30324,30324,0,0.0,30324,0,0.0,30324,30324,1399-12-23
878,ضسپا3006,اختيارخ خساپا-3500-1400/03/26,1,10,550000,60,55,55,-5,-8.33,55,-5,-8.33,55,55,1399-12-23
879,ضغدر3004,اختيارخ وغدير-11200-1400/03/26,1,12,27000000,1554,2250,2250,696,44.79,2250,696,44.79,2250,2250,1399-12-23
880,وسزنجان,شركت س استان زنجان,1,3600,5040000,1420,1400,1400,-20,-1.41,1420,0,0.0,1400,1400,1399-12-23
881,ضملي3000,اختيارخ فملي-8000-1400/03/02,1,3,15750000,5367,5250,5250,-117,-2.18,5250,-117,-2.18,5250,5250,1399-12-23
882,شسپا2,نفت سپاهان,1,76806801,1229676884010,16010,16010,16010,0,0.0,16010,0,0.0,16010,16010,1399-12-23
883,اخزا9022,اسنادخزانه-م2بودجه99-011019,1,629834,449071642000,698676,713000,713000,14324,2.05,713000,14324,2.05,713000,713000,1399-12-23
884,ضسان2013,اختيارخ پارسان-34750-00/02/15,1,99,17820000,160,180,180,20,12.5,180,20,12.5,180,180,1399-12-23
885,سكه0012پ04,سكه تمام بهارتحويلي1روز صادرات,1,100,107000000,1030815,1070000,1070000,39185,3.8,1070000,39185,3.8,1070000,1070000,1399-12-23
886,ضپنا2000,اختيارخ رمپنا-10000-1400/02/12,1,1,6200000,7200,6200,6200,-1000,-13.89,6200,-1000,-13.89,6200,6200,1399-12-23
887,پا ر 3,بار پايه روز 3,1,40200,14070000,345,350,350,5,1.45,350,5,1.45,350,350,1399-12-23
888,پست0008پ04,پسته فندقي32-30سبزدانه0008(پ),1,30,40767510,1390000,1358917,1358917,-31083,-2.24,1358917,-31083,-2.24,1358917,1358917,1399-12-23
889,اراد33,مرابحه عام دولت3-ش.خ 0303,1,100,86000000,865522,860000,860000,-5522,-0.64,860000,-5522,-0.64,860000,860000,1399-12-23
890,ضسپا3005,اختيارخ خساپا-3000-1400/03/26,1,1,150000,100,150,150,50,50.0,150,50,50.0,150,150,1399-12-23
891,زير0003پ01,زيره سبز0003كيميابذر(پ),1,50,25033700,494549,500674,500674,6125,1.24,500674,6125,1.24,500674,500674,1399-12-23
892,ضملي3005,اختيارخ فملي-16000-1400/03/02,1,1,599000,300,599,599,299,99.67,599,299,99.67,599,599,1399-12-23
