,نماد,نام,تعداد,حجم,ارزش,دیروز,اولین,آخرین معامله - مقدار,آخرین معامله - تغییر,آخرین معامله - درصد,قیمت پایانی - مقدار,قیمت پایانی - تغییر,قیمت پایانی - درصد,کمترین,بیشترین,تاریخ
0,دارا يكم,صندوق واسطه گري مالي يكم-سهام,61645,31902346,5644101249780,173430,176000,180100,6670,3.85,176920,3490,2.01,172000,180910,1399-8-19
1,خودرو,ايران‌ خودرو,54281,1713409749,5317339730300,3190,3150,3160,-30,-0.94,3100,-90,-2.82,3040,3270,1399-8-19
2,شاروم,پتروشيمي اروميه,44724,28714732,513380483668,18665,17732,18160,-505,-2.71,17879,-786,-4.21,17732,18665,1399-8-19
3,فولاد,فولاد مباركه اصفهان,43606,448720148,5177266529360,12040,11440,11730,-310,-2.57,11540,-500,-4.15,11440,12060,1399-8-19
4,بپيوند,برق و انرژي پيوندگستر پارس,39498,34164699,765797851084,21277,21890,23100,1823,8.57,22415,1138,5.35,21550,23300,1399-8-19
5,غزر,صنعتي زر ماكارون,36575,5924337,280352791020,46020,46020,48320,2300,5.0,47320,1300,2.82,44660,48320,1399-8-19
6,سيتا,سرمايه گذاري سيمان تامين,32691,43923507,741742071510,16210,16970,17020,810,5.0,16890,680,4.19,16300,17020,1399-8-19
7,آبادا,توليد نيروي برق آبادان,30623,13154949,219028202880,16250,16200,17060,810,4.98,16650,400,2.46,15810,17060,1399-8-19
8,امين,تامين سرمايه امين,29052,40615975,448373546660,10580,10940,11100,520,4.91,11040,460,4.35,10620,11100,1399-8-19
9,فملي,ملي‌ صنايع‌ مس‌ ايران‌,28337,160667514,3063052360820,19980,18990,19350,-630,-3.15,19060,-920,-4.6,18990,19550,1399-8-19
10,ثبهساز,بهساز كاشانه تهران,28021,122151541,309025995130,2610,2600,2570,-40,-1.53,2530,-80,-3.07,2480,2670,1399-8-19
11,بگيلان,توسعه مسير برق گيلان,28010,10802272,277143200104,24812,24700,26052,1240,5.0,25656,844,3.4,24564,26052,1399-8-19
12,خساپا,سايپا,24712,953214740,1983790268390,2170,2070,2080,-90,-4.15,2080,-90,-4.15,2070,2170,1399-8-19
13,آريا,پليمر آريا ساسول,18565,3925385,600193708156,150173,155000,157231,7058,4.7,152901,2728,1.82,149500,157670,1399-8-19
14,وبملت,بانك ملت,17609,443927476,1893612416750,4430,4280,4370,-60,-1.35,4270,-160,-3.61,4210,4570,1399-8-19
15,وبصادر,بانك صادرات ايران,17473,676927391,1837817748490,2850,2710,2750,-100,-3.51,2710,-140,-4.91,2710,2800,1399-8-19
16,گدنا,تهيه توزيع غذاي دنا آفرين فدك,16930,169433,3061315444,17208,18068,18068,860,5.0,17254,46,0.27,18068,18068,1399-8-19
17,ثاميد,توسعه و عمران اميد,14086,85706926,184509583090,2260,2150,2150,-110,-4.87,2150,-110,-4.87,2150,2210,1399-8-19
18,ولپارس,ليزينگ پارسيان,13717,2941504,14266294400,4620,4850,4850,230,4.98,4660,40,0.87,4850,4850,1399-8-19
19,رافزا,رايان هم افزا,12782,155740,5422711060,33161,34819,34819,1658,5.0,33332,171,0.52,34819,34819,1399-8-19
20,وغدير,سرمايه‌گذاري‌غدير(هلدينگ‌,11281,142736722,1364592411220,10030,9650,9700,-330,-3.29,9560,-470,-4.69,9530,9950,1399-8-19
21,خپارس,پارس‌ خودرو,9647,192070293,1106439735940,5500,5750,5770,270,4.91,5760,260,4.73,5580,5770,1399-8-19
22,ختور,رادياتور ايران‌,8781,14979193,753758046920,52440,50000,51000,-1440,-2.75,50320,-2120,-4.04,47500,52500,1399-8-19
23,بركت,گروه دارويي بركت,8422,69423911,842912290600,11590,12160,12160,570,4.92,12140,550,4.75,11600,12160,1399-8-19
24,شگويا,پتروشيمي تندگويان,7486,80169968,789191443618,10356,9839,9839,-517,-4.99,9844,-512,-4.94,9839,9998,1399-8-19
25,غگل,گلوكوزان‌,7080,70721663,298194148350,4300,4230,4310,10,0.23,4220,-80,-1.86,4090,4490,1399-8-19
26,صباح,ح . سرمايه گذاري صبا تامين,6929,28152434,159719216479,5805,5702,5660,-145,-2.5,5673,-132,-2.27,5526,5901,1399-8-19
27,غصينو,صنعتي مينو,6405,24307057,1151200617486,45670,48900,47400,1730,3.79,47361,1691,3.7,46455,51345,1399-8-19
28,زدشت,كشت و صنعت دشت خرم دره,6285,15032315,506146947222,34665,34744,33089,-1576,-4.55,33671,-994,-2.87,31199,36690,1399-8-19
29,ونوين,بانك‌اقتصادنوين‌,6180,173768081,725342314030,4090,4050,4290,200,4.89,4170,80,1.96,3950,4290,1399-8-19
30,فخوز,فولاد  خوزستان,5800,28380674,897191944400,32530,31150,32140,-390,-1.2,31610,-920,-2.83,30910,33840,1399-8-19
31,هرمز,فولاد هرمزگان جنوب,5346,65458907,738651026982,11858,11266,11400,-458,-3.86,11284,-574,-4.84,11266,11600,1399-8-19
32,خاهن,آهنگري‌ تراكتورسازي‌ ايران‌,5298,17846189,608735736570,32820,32350,34460,1640,5.0,34110,1290,3.93,31900,34460,1399-8-19
33,نوري,پتروشيمي نوري,5245,5966106,949823539030,164740,156510,165000,260,0.16,159200,-5540,-3.36,156510,165970,1399-8-19
34,ذوب,سهامي ذوب آهن  اصفهان,5020,137695856,611048416812,4669,4436,4436,-233,-4.99,4438,-231,-4.95,4436,4488,1399-8-19
35,غگيلا,شيرپاستوريزه پگاه گيلان,4846,269743,4694607172,16576,17404,17404,828,5.0,16649,73,0.44,17404,17404,1399-8-19
36,بجهرم,توسعه مولد نيروگاهي جهرم,4763,46536012,155813782888,3400,3340,3440,40,1.18,3348,-52,-1.53,3230,3500,1399-8-19
37,اعتماد,صندوق س.اعتماد آفرين پارسيان-د,4364,93834190,3120143710190,33236,33260,33246,10,0.03,33252,16,0.05,33238,33261,1399-8-19
38,شبندر,پالايش نفت بندرعباس,4042,30531370,726951919700,25060,23810,23810,-1250,-4.99,23810,-1250,-4.99,23810,23810,1399-8-19
39,كاوه,فولاد كاوه جنوب كيش,3703,55899557,991901355680,18650,17720,17970,-680,-3.65,17740,-910,-4.88,17720,18500,1399-8-19
40,وپارس,بانك‌پارسيان‌,3632,158956302,448436151960,2960,2820,2820,-140,-4.73,2820,-140,-4.73,2820,2890,1399-8-19
41,ساوه,سيمان ساوه,3410,2418377,115104799007,49867,47374,47374,-2493,-5.0,47596,-2271,-4.55,47374,49860,1399-8-19
42,وپاسار,بانك  پاسارگاد,3309,54954510,459319942300,8650,8400,8590,-60,-0.69,8360,-290,-3.35,8220,8700,1399-8-19
43,ماديرا,صنايع ماشين هاي اداري ايران,3286,10833705,269089503103,25700,24600,25220,-480,-1.87,24838,-862,-3.35,24415,26200,1399-8-19
44,پارند,صندوق س. پارند پايدار سپهر,3279,166781393,1914865552212,11481,11478,11493,12,0.1,11481,0,0.0,11451,11496,1399-8-19
45,زقيام,كشت و دام قيام اصفهان,3262,7824119,211032755645,26663,27470,26270,-393,-1.47,26972,309,1.16,25681,28800,1399-8-19
46,كچاد,معدني‌وصنعتي‌چادرملو,3257,31457039,448028709450,14820,14250,14820,0,0.0,14240,-580,-3.91,14080,14900,1399-8-19
47,رانفور,خدمات‌انفورماتيك‌,3255,21006018,670398219730,30420,30800,31940,1520,5.0,31910,1490,4.9,30790,31940,1399-8-19
48,غسالم,سالمين‌,3154,25738148,107494459530,4080,4190,4280,200,4.9,4180,100,2.45,3960,4280,1399-8-19
49,اخابر,مخابرات ايران,3003,50039159,538355916110,11310,10750,11090,-220,-1.95,10760,-550,-4.86,10750,11090,1399-8-19
50,كاما,باما,3003,3032780,418879826480,145250,137990,137990,-7260,-5.0,138120,-7130,-4.91,137990,142860,1399-8-19
51,پارند2,صندوق س. پارند پايدار سپهر,3000,300000000,300000000,11481,1,1,-11480,-99.99,1,-11480,-99.99,1,1,1399-8-19
52,صبا,سرمايه گذاري صبا تامين,2838,21821821,166548463594,8033,7632,7632,-401,-4.99,7632,-401,-4.99,7632,7700,1399-8-19
53,مدير,ص.س.مديريت ثروت ص.بازنشستگي-س,2795,18376249,166815948325,9059,9000,9250,191,2.11,9078,19,0.21,8700,9390,1399-8-19
54,كگل,معدني و صنعتي گل گهر,2787,27209108,371995908400,14370,13670,13900,-470,-3.27,13670,-700,-4.87,13660,14200,1399-8-19
55,بنو,بيمه تجارت نو,2762,6590719,262158366831,38668,40000,40373,1705,4.41,39777,1109,2.87,38710,40500,1399-8-19
56,طلا,صندوق س.پشتوانه طلاي لوتوس,2686,2171553,205638055533,87947,95000,94100,6153,7.0,94696,6749,7.67,93850,96740,1399-8-19
57,ولساپا,ليزينگ رايان‌ سايپا,2603,52638762,179010472980,3300,3330,3460,160,4.85,3400,100,3.03,3260,3460,1399-8-19
58,كپارس,كاشي‌ پارس‌,2586,2022837,246234931780,113660,120000,121500,7840,6.9,121730,8070,7.1,114000,126000,1399-8-19
59,زبينا,كشاورزي و دامپروري بينالود,2586,4295541,173136155129,40326,41500,39380,-946,-2.35,40306,-20,-0.05,38320,42462,1399-8-19
60,دزهراوي,داروسازي‌زهراوي‌,2564,17121484,169271710620,9430,9900,9900,470,4.98,9890,460,4.88,9550,9900,1399-8-19
61,سدبير,س. تدبيرگران فارس وخوزستان,2540,7549938,234689241712,30229,28921,30000,-229,-0.76,31085,856,2.83,28921,31740,1399-8-19
62,سمگا,گروه سرمايه گذاري ميراث فرهنگي,2530,23157595,420673748723,17631,17700,18060,429,2.43,18166,535,3.03,17222,18400,1399-8-19
63,وپست,پست بانك ايران,2526,19159092,195294701850,10650,10120,10880,230,2.16,10190,-460,-4.32,10120,11130,1399-8-19
64,ومهان,گروه توسعه مالي مهر آيندگان,2512,22206267,276802471174,13057,12700,12466,-591,-4.53,12465,-592,-4.53,12405,13000,1399-8-19
65,وصنعت,سرمايه گذاري توسعه صنعت وتجارت,2491,24668682,164531398990,6960,6760,6690,-270,-3.88,6670,-290,-4.17,6620,6910,1399-8-19
66,آگاس,صندوق س.هستي بخش آگاه-س,2447,3450718,204214229485,57204,58500,60100,2896,5.06,59180,1976,3.45,57500,60600,1399-8-19
67,ارفع,شركت آهن و فولاد ارفع,2430,28458024,357949588212,13216,12556,12750,-466,-3.53,12578,-638,-4.83,12556,12800,1399-8-19
68,ارزش,صندوق س ارزش آفرين بيدار-سهام,2426,15716741,137369489300,8530,8690,9000,470,5.51,8740,210,2.46,8350,9010,1399-8-19
69,والبر,سرمايه‌ گذاري‌ البرز(هلدينگ‌,2351,13129403,186255528190,13570,14240,14240,670,4.94,14190,620,4.57,13100,14240,1399-8-19
70,چكاپا,گروه صنايع كاغذ پارس,2232,29268002,141479514150,5070,4830,4820,-250,-4.93,4830,-240,-4.73,4820,4960,1399-8-19
71,قزوين,كارخانجات‌ قند قزوين‌,2183,5768315,216420574770,37510,38100,37400,-110,-0.29,37520,10,0.03,35640,39380,1399-8-19
72,كمند,صندوق س. با درآمد ثابت كمند,2166,88386046,889726349861,10062,10070,10067,5,0.05,10066,4,0.04,10062,10073,1399-8-19
73,شتران,پالايش نفت تهران,2141,17818476,173551956240,10250,9740,9740,-510,-4.98,9740,-510,-4.98,9740,9740,1399-8-19
74,شصدف,صنعتي دوده فام,2120,209240,4958151040,22568,23696,23696,1128,5.0,22674,106,0.47,23696,23696,1399-8-19
75,وبانك,سرمايه گذاري گروه توسعه ملي,2070,15816248,134745431300,8940,8530,8530,-410,-4.59,8520,-420,-4.7,8500,8900,1399-8-19
76,تسه9907,امتياز تسهيلات مسكن مهر99,2000,71666,53098788574,751389,735000,730000,-21389,-2.85,740920,-10469,-1.39,715000,784000,1399-8-19
77,ثالوند,سرمايه گذاري مسكن الوند,1986,17369777,254311059191,14180,14889,14311,131,0.92,14641,461,3.25,13980,14889,1399-8-19
78,زاگرس,پتروشيمي زاگرس,1981,1697597,244953066143,144387,144389,151606,7219,5.0,144294,-93,-0.06,138350,151606,1399-8-19
79,دبالك,مواد اوليه دارويي البرز بالك,1964,12416108,176298833924,13683,14367,14367,684,5.0,14199,516,3.77,13059,14367,1399-8-19
80,كترام,توليدي‌ كاشي‌ تكسرام‌,1908,6198711,167051176770,25970,26000,27260,1290,4.97,26950,980,3.77,25500,27260,1399-8-19
81,لسرما,سرما آفرين‌,1880,4653723,146673696180,30320,30330,31830,1510,4.98,31520,1200,3.96,30330,31830,1399-8-19
82,شغدير,پتروشيمي غدير,1868,6278740,282641761663,47001,44651,44651,-2350,-5.0,45016,-1985,-4.22,44651,47001,1399-8-19
83,فروي,ذوب روي اصفهان,1846,3475185,153641424327,46422,44101,44101,-2321,-5.0,44211,-2211,-4.76,44101,46000,1399-8-19
84,كرازي,كارخانجات‌توليدي‌شيشه‌رازي‌,1802,6286477,102683321650,16310,16640,16600,290,1.78,16330,20,0.12,15860,17060,1399-8-19
85,كلوند,كاشي‌ الوند,1796,6853791,148833836280,20730,21750,21760,1030,4.97,21720,990,4.78,20850,21760,1399-8-19
86,دتوليد,داروسازي توليد دارو,1793,6094892,184935078556,31159,32000,29602,-1557,-5.0,30343,-816,-2.62,29602,32000,1399-8-19
87,وتوصا,گروه س توسعه صنعتي ايران,1785,11862428,97699716670,8190,8050,8530,340,4.15,8240,50,0.61,7940,8570,1399-8-19
88,پاكشو,گروه صنعتي پاكشو,1779,1657387,149283709590,87110,87500,90490,3380,3.88,90070,2960,3.4,87140,90640,1399-8-19
89,هاي وب,داده گسترعصرنوين-هاي وب,1768,12227101,261368173350,22290,20720,21750,-540,-2.42,21380,-910,-4.08,20400,21750,1399-8-19
90,فاما,صنعتي‌ آما,1762,3982397,103709797860,25920,27200,24910,-1010,-3.9,26040,120,0.46,24900,27200,1399-8-19
91,دشيمي,شيمي‌ داروئي‌ داروپخش‌,1728,3051876,212357826260,71560,74000,70000,-1560,-2.18,69580,-1980,-2.77,67990,74000,1399-8-19
92,سفارس,سيمان فارس و خوزستان,1722,13094661,174872014080,14000,13330,13520,-480,-3.43,13350,-650,-4.64,13300,14300,1399-8-19
93,پكرمان,گروه‌ صنعتي‌ بارز,1704,7205770,193591451820,25600,26880,26880,1280,5.0,26870,1270,4.96,26360,26880,1399-8-19
94,چكارن,كارتن‌ ايران‌,1680,14096936,43401309130,3130,3000,3160,30,0.96,3080,-50,-1.6,2980,3180,1399-8-19
95,كيان,صندوق س. با درآمد ثابت كيان,1674,58880183,1522755217984,25834,25850,25851,17,0.07,25862,28,0.11,25846,25949,1399-8-19
96,امين يكم,صندوق درآمد ثابت امين يكم فردا,1661,61562044,629718977585,10223,10224,10230,7,0.07,10229,6,0.06,10220,10236,1399-8-19
97,قرن,پديده شيمي قرن,1660,1865971,93335578610,49450,50000,50030,580,1.17,50020,570,1.15,49100,51000,1399-8-19
98,سرو,صندوق س سروسودمند مدبران-سهام,1653,2272557,117828973340,50700,51500,53200,2500,4.93,51850,1150,2.27,50130,53500,1399-8-19
99,ثاصفا,شركت‌ ساختمان‌ اصفهان‌,1569,3795145,103414657177,27188,26373,27000,-188,-0.69,27249,61,0.22,26373,28003,1399-8-19
100,شدوص,دوده‌ صنعتي‌ پارس‌,1558,10940926,252266262040,21980,23070,23000,1020,4.64,23060,1080,4.91,22500,23070,1399-8-19
101,افق,فروشگاههاي زنجيره اي افق كوروش,1557,805645,56389187130,69570,70900,69800,230,0.33,69850,280,0.4,69100,72000,1399-8-19
102,شپديس,پتروشيمي پرديس,1505,4644631,379480643930,85500,81260,83990,-1510,-1.77,81700,-3800,-4.44,81230,85500,1399-8-19
103,خگستر,گسترش‌سرمايه‌گذاري‌ايران‌خودرو,1481,29853172,95828682120,3370,3210,3210,-160,-4.75,3210,-160,-4.75,3210,3210,1399-8-19
104,وساخت,سرمايه‌ گذاري‌ ساختمان‌ايران‌,1474,3203553,157507439890,49410,49410,49100,-310,-0.63,49170,-240,-0.49,47200,50490,1399-8-19
105,زشگزا,شير و گوشت زاگرس شهركرد,1439,856112,84897098756,94725,97000,100633,5908,6.24,99166,4441,4.69,95100,102997,1399-8-19
106,آوا,صندوق س.سهام آواي معيار-س,1397,9211705,61675747528,6602,6599,6870,268,4.06,6695,93,1.41,6400,6878,1399-8-19
107,تيپيكو,سرمايه گذاري دارويي تامين,1391,2315141,116590686580,49410,51880,49700,290,0.59,50360,950,1.92,46940,51880,1399-8-19
108,تاصيكو,سرمايه گذاري صدرتامين,1341,20789062,186755098310,9440,8970,9040,-400,-4.24,8980,-460,-4.87,8970,9440,1399-8-19
109,ختوقا,قطعات‌ اتومبيل‌ ايران‌,1339,20981409,63932434320,3190,3040,3040,-150,-4.7,3050,-140,-4.39,3040,3180,1399-8-19
110,حريل,ريل پردازسير,1330,14810820,48029068799,3381,3212,3293,-88,-2.6,3243,-138,-4.08,3212,3390,1399-8-19
111,دكوثر,داروسازي‌ كوثر,1308,4007743,73843597930,18390,19200,18980,590,3.21,18430,40,0.22,17480,19200,1399-8-19
112,همراه,شركت ارتباطات سيار ايران,1286,4173788,112563767750,28340,26930,26940,-1400,-4.94,26970,-1370,-4.83,26930,28000,1399-8-19
113,ديران,ايران‌دارو,1274,7186678,125876795560,18360,18600,17460,-900,-4.9,17520,-840,-4.58,17450,18600,1399-8-19
114,زكوثر,سرمايه گذاري كشاورزي كوثر,1243,2580662,42458784340,17110,16350,16260,-850,-4.97,16500,-610,-3.57,16260,17110,1399-8-19
115,گكوثر,هتل پارسيان كوثر اصفهان,1238,2142033,232290718331,120293,108264,108264,-12029,-10.0,108444,-11849,-9.85,108264,111510,1399-8-19
116,ريشمك,توليد و صادرات ريشمك,1227,3296360,105802533806,33450,33450,31779,-1671,-5.0,32097,-1353,-4.04,31778,34543,1399-8-19
117,دتوزيع,توزيع دارو پخش,1223,1344137,55758800747,39700,41685,41685,1985,5.0,41483,1783,4.49,39000,41685,1399-8-19
118,رتاپح,ح.تجارت الكترونيك پارسيان,1216,4409946,16659221560,3600,3440,3960,360,10.0,3780,180,5.0,3440,3960,1399-8-19
119,اپرداز,آتيه داده پرداز,1213,5622803,161243828268,27696,29080,28696,1000,3.61,28677,981,3.54,27300,29080,1399-8-19
120,وخارزم,سرمايه گذاري خوارزمي,1204,22447713,172847390100,8100,7700,7700,-400,-4.94,7700,-400,-4.94,7700,7700,1399-8-19
121,بپاس,بيمه پاسارگاد,1176,1828124,115334960622,63067,63070,63400,333,0.53,63089,22,0.03,61013,64000,1399-8-19
122,توريل,توکاريل,1162,6732843,117062092100,17095,16241,17949,854,5.0,17387,292,1.71,16241,17949,1399-8-19
123,وسكاب,س.ص.بازنشستگي كاركنان بانكها,1141,12280037,70702104410,5830,5660,5760,-70,-1.2,5760,-70,-1.2,5560,5920,1399-8-19
124,پارسان,گسترش نفت و گاز پارسيان,1131,18563555,335473998300,18990,18050,18050,-940,-4.95,18070,-920,-4.84,18050,18800,1399-8-19
125,زر,صندوق س.پشتوانه سكه طلاي زر,1127,1251411,69746228099,51734,55490,55666,3932,7.6,55734,4000,7.73,55200,56229,1399-8-19
126,غدام,خوراك‌  دام‌ پارس‌,1120,452584,114423368900,242530,249000,254650,12120,5.0,252820,10290,4.24,240100,254650,1399-8-19
127,فپنتا,سپنتا,1108,144993,55455851680,397570,377700,377700,-19870,-5.0,382470,-15100,-3.8,377700,400000,1399-8-19
128,وسبحان,سرمايه گذاري سبحان,1095,7621004,56674871539,7619,7650,7451,-168,-2.21,7437,-182,-2.39,7239,7700,1399-8-19
129,سمازن,سيمان‌مازندران‌,1080,5410087,46624694020,8310,8640,8720,410,4.93,8600,290,3.49,8070,8720,1399-8-19
130,حآسا,آسيا سير ارس,1076,4368842,69674592275,16285,15471,16401,116,0.71,15948,-337,-2.07,15471,16760,1399-8-19
131,شاراك,پتروشيمي شازند,1052,10037850,184431169090,19290,18330,18910,-380,-1.97,18370,-920,-4.77,18330,19100,1399-8-19
132,زگلدشت,كشت و دام گلدشت نمونه اصفهان,1020,2500472,80431239832,32817,31177,32930,113,0.34,32166,-651,-1.98,31177,34370,1399-8-19
133,كطبس,ذغال‌سنگ‌ نگين‌ ط‌بس‌,1009,1392194,65982500450,47170,44820,49100,1930,4.09,47390,220,0.47,44820,49500,1399-8-19
134,نوين,بيمه نوين,1008,13558770,79530625626,6162,5854,5854,-308,-5.0,5866,-296,-4.8,5854,6190,1399-8-19
135,عيار,صندوق س. پشتوانه طلاي مفيد,987,1668325,54893771179,30274,32800,32650,2376,7.85,32904,2630,8.69,32610,33300,1399-8-19
136,وسينا,بانك سينا,970,10829051,94590529340,9090,8640,8920,-170,-1.87,8730,-360,-3.96,8640,9150,1399-8-19
137,دتماد,توليدمواداوليه‌داروپخش‌,969,2414865,101116186700,42660,44500,44200,1540,3.61,41870,-790,-1.85,40530,44790,1399-8-19
138,كاردان,صندوق س تجارت شاخصي كاردان,956,536080,72124227890,129020,134000,136490,7470,5.79,134540,5520,4.28,131090,138400,1399-8-19
139,كساوه,صنايع‌ كاشي‌ و سراميك‌ سينا,955,2777718,150535567630,51680,54260,54260,2580,4.99,54190,2510,4.86,53010,54260,1399-8-19
140,درهآور,دارويي ره آورد تامين,943,1773916,56327359442,30667,32000,32200,1533,5.0,31753,1086,3.54,29710,32200,1399-8-19
141,آپ,آسان پرداخت پرشين,941,2512027,37255693920,14490,14100,15210,720,4.97,14740,250,1.73,14100,15210,1399-8-19
142,وبيمهح,ح . سرمايه‌ گذاري‌ صنعت‌ بيمه‌,907,20189867,21724488430,1110,1080,1090,-20,-1.8,1080,-30,-2.7,1050,1100,1399-8-19
143,رمپنا,گروه مپنا (سهامي عام),901,11741405,177689121060,15910,15120,15890,-20,-0.13,15130,-780,-4.9,15120,15900,1399-8-19
144,چفيبر,فيبر ايران‌,887,9653911,70505374470,10710,7100,7180,-3530,-32.96,7300,-3410,-31.84,6810,7450,1399-8-19
145,شلعابح,ح . لعابيران‌,850,6449113,23895235550,3550,3570,3810,260,7.32,3710,160,4.51,3440,3820,1399-8-19
146,ميدكو,هلدينگ صنايع  معدني خاورميانه,838,7968245,178915430414,22448,22448,22467,19,0.08,22454,6,0.03,22026,22996,1399-8-19
147,واعتبار,سرمايه گذاري اعتبار ايران,835,9236689,42052121860,4540,4620,4450,-90,-1.98,4550,10,0.22,4340,4760,1399-8-19
148,دسانكو,داروسازي سبحان انكولوژي,828,5708298,82305579982,14953,15400,14206,-747,-5.0,14419,-534,-3.57,14206,15400,1399-8-19
149,وآوا,سرمايه گذاري آوا نوين,824,1980242,21624840149,11301,10900,11010,-291,-2.57,11124,-177,-1.57,10736,11288,1399-8-19
150,كلر,كلر پارس,816,1057629,55163995205,54856,52114,52162,-2694,-4.91,52158,-2698,-4.92,52114,54582,1399-8-19
151,شپاكسا,پاكسان‌,795,2049038,50720241020,24420,24420,25600,1180,4.83,24750,330,1.35,23550,25600,1399-8-19
152,وسپه,سرمايه‌گذاري‌ سپه‌,791,5186605,57617817310,11610,11050,11120,-490,-4.22,11110,-500,-4.31,11040,11500,1399-8-19
153,دسبحان,سبحان دارو,771,1580070,26798038740,17010,17800,17510,500,2.94,16980,-30,-0.18,16160,17800,1399-8-19
154,پارس,پتروشيمي پارس,764,1161869,140230868230,126370,124790,125000,-1370,-1.08,120690,-5680,-4.49,120060,125100,1399-8-19
155,ركيش,كارت اعتباري ايران كيش,762,4964310,61513097690,11870,12200,12460,590,4.97,12390,520,4.38,12100,12460,1399-8-19
156,كرماشا,صنايع پتروشيمي كرمانشاه,754,2905020,97161030370,34740,33020,33300,-1440,-4.15,33450,-1290,-3.71,33010,35350,1399-8-19
157,داوه,داروسازي آوه سينا,750,2233094,35880052233,16781,16050,16148,-633,-3.77,16257,-524,-3.12,15942,17000,1399-8-19
158,غگرجي,بيسكويت‌  گرجي‌,749,1730595,42926364170,24040,24070,25240,1200,4.99,24720,680,2.83,23550,25240,1399-8-19
159,دي,بانك دي,747,1076755,43966060160,42981,40832,40832,-2149,-5.0,41944,-1037,-2.41,40832,40832,1399-8-19
160,سيمرغ,سيمرغ,742,4973506,69156176560,14630,13900,13900,-730,-4.99,13900,-730,-4.99,13900,14300,1399-8-19
161,دامين,داروسازي‌ امين‌,741,3607946,43129593210,12300,12820,12200,-100,-0.81,12000,-300,-2.44,11690,12820,1399-8-19
162,حسينا,توسعه خدمات دريايي وبندري سينا,738,1084492,61760674219,55009,55000,58200,3191,5.8,56949,1940,3.53,54020,59999,1399-8-19
163,بكاب,صنايع‌جوشكاب‌يزد,735,370400,66133160470,172450,164030,181070,8620,5.0,178550,6100,3.54,164030,181070,1399-8-19
164,دعبيد,لابراتوارداروسازي‌  دكترعبيدي‌,733,1012105,28632258610,29610,30000,28140,-1470,-4.96,28870,-740,-2.5,28130,30000,1399-8-19
165,وگردش,بانك گردشگري,730,12443353,197429292127,16226,15740,16200,-26,-0.16,15866,-360,-2.22,15740,16294,1399-8-19
166,دابور,داروسازي‌ ابوريحان‌,726,1207124,54039579200,42830,44970,44970,2140,5.0,44770,1940,4.53,42830,44970,1399-8-19
167,سكارون,سيمان كارون,719,648590,80012645121,121057,117426,124688,3631,3.0,123364,2307,1.91,117426,124688,1399-8-19
168,ولغدر,ليزينگ‌خودروغدير,716,9497932,157576290910,15820,16610,16610,790,4.99,16590,770,4.87,16100,16610,1399-8-19
169,شخارك,پتروشيمي‌ خارك‌,698,1466959,53314247340,35730,34770,37510,1780,4.98,36100,370,1.04,34770,37510,1399-8-19
170,جم پيلن,پلي پروپيلن جم - جم پيلن,694,1535244,113891524130,73170,73200,74830,1660,2.27,74180,1010,1.38,70620,75500,1399-8-19
171,كپشيرح,ح . پشم‌شيشه‌ايران‌,688,3623808,38193747156,9622,10000,10580,958,9.96,10540,918,9.54,10000,10580,1399-8-19
172,ثباغ,شهر سازي و خانه سازي باغميشه,679,8741082,270213067866,32539,30913,30913,-1626,-5.0,30913,-1626,-5.0,30913,30913,1399-8-19
173,سرچشمه,سرمايه گذاري مس سرچشمه,676,3888588,25731012200,6881,6571,6738,-143,-2.08,6730,-151,-2.19,6540,6987,1399-8-19
174,رنيك,جنرال مكانيك,670,1846605,38425732030,21836,21000,20756,-1080,-4.95,20963,-873,-4.0,20745,21450,1399-8-19
175,خفولا,خدمات فني فولاد يزد,656,1237464,34395721503,27603,28900,28400,797,2.89,27795,192,0.7,26223,28900,1399-8-19
176,دالبر,البرزدارو,633,1263321,23086378380,18460,19330,19140,680,3.68,18370,-90,-0.49,17540,19330,1399-8-19
177,سيدكو,سرمايه گذاري توسعه صنايع سيمان,632,2898128,18903976810,6400,6590,6630,230,3.59,6450,50,0.78,6200,6720,1399-8-19
178,ضخود1042,اختيارخ خودرو-3000-1399/10/07,625,23665,13317551000,489,650,628,139,28.43,563,74,15.13,519,650,1399-8-19
179,سصوفي,سيمان‌ صوفيان‌,620,2748411,30871916520,11800,11220,11260,-540,-4.58,11430,-370,-3.14,11210,11470,1399-8-19
180,رتاپ,تجارت الكترونيك  پارسيان,619,2626557,15293798670,5920,5630,5940,20,0.34,5890,-30,-0.51,5630,5980,1399-8-19
181,حتايد,تايدواترخاورميانه,612,2044407,28745214450,14300,14300,14250,-50,-0.35,14150,-150,-1.05,13610,14910,1399-8-19
182,وتوسم,سرمايه‌گذاري‌توسعه‌ملي‌,605,2187633,23514693450,11260,10700,10960,-300,-2.66,10990,-270,-2.4,10700,10960,1399-8-19
183,ونفت,سرمايه‌گذاري‌ صنعت‌ نفت‌,599,3042293,33672768770,11590,11020,11020,-570,-4.92,11200,-390,-3.36,11020,11590,1399-8-19
184,مبين,مبين انرژي خليج فارس,594,10151691,202526492890,20980,19940,20200,-780,-3.72,19950,-1030,-4.91,19940,20640,1399-8-19
185,ساروم,سيمان‌اروميه‌,594,2206552,47180364380,22490,21370,21380,-1110,-4.94,21390,-1100,-4.89,21370,21800,1399-8-19
186,انرژي3,سايراشخاص بورس انرژي,592,230445,73940582700,337740,320860,320860,-16880,-5.0,321530,-16210,-4.8,320860,320860,1399-8-19
187,بساما,بيمه سامان,572,2106510,42250659352,19675,18820,20658,983,5.0,20012,337,1.71,18730,20658,1399-8-19
188,ما,بيمه  ما,571,4588510,27938241940,6170,5870,6190,20,0.32,6120,-50,-0.81,5870,6390,1399-8-19
189,پرديس,سرمايه گذاري پرديس,562,5135465,32327382170,6490,6200,6240,-250,-3.85,6350,-140,-2.16,6200,6510,1399-8-19
190,اطلس,صندوق س.توسعه اندوخته آينده-س,562,147154,24736635212,164580,164000,170000,5420,3.29,168100,3520,2.14,164000,172000,1399-8-19
191,كهمدا,شيشه‌ همدان‌,555,1797324,16557345560,9440,8980,9600,160,1.69,9360,-80,-0.85,8970,9900,1399-8-19
192,ودي,بيمه  دي,533,4922148,93880039932,20038,19037,19037,-1001,-5.0,19073,-965,-4.82,19037,19780,1399-8-19
193,فيروزه,صندوق شاخص30 شركت فيروزه- سهام,528,298543,40631255890,131690,133320,138000,6310,4.79,136100,4410,3.35,133290,139900,1399-8-19
194,ضصاد1102,اختيارخ وبصادر-3500-1399/11/12,516,18948,4673258000,227,300,278,51,22.47,247,20,8.81,206,305,1399-8-19
195,وبشهر,توسعه‌ صنايع‌ بهشهر(هلدينگ,514,5339490,66724402120,13140,12490,12500,-640,-4.87,12500,-640,-4.87,12490,12660,1399-8-19
196,درازك,دارويي‌ رازك‌,514,1550084,50719839570,32230,33200,33030,800,2.48,32720,490,1.52,31000,33450,1399-8-19
197,كاريس,صندوق س.سپهر كاريزما-س,513,390857,62030271003,156768,157000,159404,2636,1.68,158703,1935,1.23,153200,162000,1399-8-19
198,پكوير,كوير تاير,510,1324757,17417345320,13610,12940,13290,-320,-2.35,13440,-170,-1.25,12930,13700,1399-8-19
199,بموتو,موتوژن‌,507,1215562,48229298720,41730,39650,39990,-1740,-4.17,39680,-2050,-4.91,39650,41000,1399-8-19
200,پتاير,ايران‌ تاير,505,838010,76603045110,87310,86500,91670,4360,4.99,91410,4100,4.7,86500,91670,1399-8-19
201,وخاور,بانك خاورميانه,503,4885666,42969458640,9150,8800,8700,-450,-4.92,8860,-290,-3.17,8700,9000,1399-8-19
202,امين يكم2,صندوق درآمد ثابت امين يكم فردا,500,50000000,50000000,10223,1,1,-10222,-99.99,1,-10222,-99.99,1,1,1399-8-19
203,سخاش,سيمان‌خاش‌,485,165555,12291936930,75010,71260,76000,990,1.32,74820,-190,-0.25,71260,78740,1399-8-19
204,خراسان,پتروشيمي خراسان,477,589639,36140228190,63850,64000,61990,-1860,-2.91,61740,-2110,-3.3,60660,67000,1399-8-19
205,كيميا,معدني كيمياي زنجان گستران,476,1498643,31694096903,22137,21031,21031,-1106,-5.0,21475,-662,-2.99,21031,21659,1399-8-19
206,حكشتي,كشتيراني جمهوري اسلامي ايران,473,2116619,49444219840,24580,23360,23360,-1220,-4.96,24000,-580,-2.36,23360,23360,1399-8-19
207,خكرمان,گروه اقتصادي كرمان خودرو,472,12079896,48802779840,4252,4040,4040,-212,-4.99,4040,-212,-4.99,4040,4040,1399-8-19
208,كبافق,معادن‌ بافق‌,465,889733,28552054660,33770,32090,32090,-1680,-4.97,32720,-1050,-3.11,32090,32190,1399-8-19
209,شوينده,مديريت صنعت شوينده ت.ص.بهشهر,447,1691324,54510652520,32680,32010,32980,300,0.92,32230,-450,-1.38,31310,33500,1399-8-19
210,گوهر,صندوق سكه طلاي كيان,446,719491,47900278918,61772,65100,66450,4678,7.57,66575,4803,7.78,65100,67271,1399-8-19
211,دارو,كارخانجات‌داروپخش‌,445,255009,13144276800,53460,55400,51800,-1660,-3.11,52940,-520,-0.97,50790,55400,1399-8-19
212,ساينا,صنايع بهداشتي ساينا,430,93984,15645142626,170096,162000,169100,-996,-0.59,168926,-1170,-0.69,161592,170000,1399-8-19
213,شفن,پتروشيمي فناوران,413,437790,106556562460,255200,250000,242440,-12760,-5.0,243400,-11800,-4.62,242440,250000,1399-8-19
214,پخش,پخش البرز,412,2940788,92057851297,30358,31515,31875,1517,5.0,31304,946,3.12,28841,31875,1399-8-19
215,كگازح,ح . شيشه‌ و گاز,409,2422476,34433185740,12950,12900,14250,1300,10.04,14210,1260,9.73,12900,14250,1399-8-19
216,ضخود1044,اختيارخ خودرو-4000-1399/10/07,403,13829,4137477000,279,359,320,41,14.7,299,20,7.17,270,360,1399-8-19
217,دانا,بيمه دانا,401,3690920,20022777560,5700,5420,5420,-280,-4.91,5580,-120,-2.11,5420,5540,1399-8-19
218,سپ,پرداخت الكترونيك سامان كيش,399,802844,10410133840,13410,12740,13410,0,0.0,13310,-100,-0.75,12740,13990,1399-8-19
219,دسبحا,گروه دارويي سبحان,385,1337090,21948316780,16740,17490,16710,-30,-0.18,16600,-140,-0.84,15910,17490,1399-8-19
220,غشهد,شهد ايران ‌,385,1910190,11267720350,6190,5890,5980,-210,-3.39,6120,-70,-1.13,5890,5990,1399-8-19
221,وصندوق,سرمايه‌گذاري‌صندوق‌بازنشستگي‌,384,6586432,87624965770,14000,13300,13300,-700,-5.0,13460,-540,-3.86,13300,13600,1399-8-19
222,كحافظ,كاشي‌ وسراميك‌ حافظ‌,377,2003120,50879248000,26730,25400,25400,-1330,-4.98,25400,-1330,-4.98,25400,25400,1399-8-19
223,تسه9906,امتياز تسهيلات مسكن شهريور99,376,3568,2675170468,748138,728555,726002,-22136,-2.96,749767,1629,0.22,714200,785544,1399-8-19
224,خزر,فنرسازي‌زر,373,3200719,41897411710,12470,13090,13090,620,4.97,12930,460,3.69,13090,13090,1399-8-19
225,سخوز,سيمان خوزستان,373,1771084,33347358780,19670,19050,19600,-70,-0.36,19040,-630,-3.2,18690,19870,1399-8-19
226,ثشاهد,سرمايه‌ گذاري‌ شاهد,373,4283089,120226308230,29540,28070,28070,-1470,-4.98,28070,-1470,-4.98,28070,28070,1399-8-19
227,قصفها,قنداصفهان‌,368,220398,31662461100,154230,150000,142500,-11730,-7.61,146880,-7350,-4.77,142500,150000,1399-8-19
228,افق ملت,صندوق س در سهام افق ملت,365,149832,16467161330,107200,108260,112600,5400,5.04,109900,2700,2.52,107210,115000,1399-8-19
229,شگل,گلتاش‌,359,2217651,49623079680,22570,22620,22680,110,0.49,22380,-190,-0.84,21450,23480,1399-8-19
230,دكپسول,توليد ژلاتين كپسول ايران,354,475972,16566187548,36268,34880,34455,-1813,-5.0,35768,-500,-1.38,34455,37168,1399-8-19
231,شاملاح,ح . معدني‌ املاح‌  ايران‌,351,528614,22436295760,43230,39880,43000,-230,-0.53,42440,-790,-1.83,39880,45500,1399-8-19
232,دفارا,داروسازي‌ فارابي‌,346,751264,46774371710,65120,61990,61870,-3250,-4.99,62300,-2820,-4.33,61870,64450,1399-8-19
233,خديزل,بهمن  ديزل,345,905320,36416640655,40428,38407,41300,872,2.16,40275,-153,-0.38,38407,42449,1399-8-19
234,كاسپين,داروسازي كاسپين تامين,338,1032303,25012255393,24922,25000,25300,378,1.52,24571,-351,-1.41,23676,26000,1399-8-19
235,بفجر,فجر انرژي خليج فارس,331,3165146,88309005310,29330,27900,28570,-760,-2.59,27900,-1430,-4.88,27870,29330,1399-8-19
236,تسه9902,امتياز تسهيلات مسكن ارديبهشت99,331,5070,3749373244,746897,717525,709554,-37343,-5.0,739521,-7376,-0.99,709554,784240,1399-8-19
237,وثنو,سرمايه گذاري ساختماني نوين,324,2713851,39440983271,14982,14533,14533,-449,-3.0,14533,-449,-3.0,14533,14553,1399-8-19
238,وصنا,گروه‌صنايع‌بهشهرايران‌,324,2007422,20263923580,10430,9910,10800,370,3.55,10290,-140,-1.34,9910,10800,1399-8-19
239,آسيا,بيمه آسيا,319,723917,15397714590,22380,21270,21270,-1110,-4.96,22010,-370,-1.65,21270,21270,1399-8-19
240,ددام,داروسازي زاگرس فارمد پارس,311,1216737,15645760620,13460,13490,12790,-670,-4.98,13270,-190,-1.41,12790,13490,1399-8-19
241,كمرجان,بازرگاني و توليدي مرجان كار,304,357440,21851379520,58222,61133,61133,2911,5.0,59349,1127,1.94,61133,61133,1399-8-19
242,ولراز,ليزينگ رازي,304,1011866,24953185935,24368,23637,25099,731,3.0,24661,293,1.2,23637,25099,1399-8-19
243,آتيمس,صندوق س.آرمان آتيه درخشان مس-س,303,80958,13947236141,167822,175000,174150,6328,3.77,172277,4455,2.65,169010,179990,1399-8-19
244,زفكا,كشت و دامداري فكا,300,1041962,42281435471,42705,40570,40570,-2135,-5.0,40789,-1916,-4.49,40570,41550,1399-8-19
245,شفا,سرمايه گذاري شفادارو,297,229590,13315261160,60280,62410,58300,-1980,-3.28,59650,-630,-1.05,57270,62410,1399-8-19
246,كنور,توسعه معدني و صنعتي صبانور,296,1367218,46872797620,36060,34260,34260,-1800,-4.99,34280,-1780,-4.94,34260,35800,1399-8-19
247,وپترو,سرمايه‌گذاري صنايع پتروشيمي‌,292,2431850,32962192500,14260,13550,13550,-710,-4.98,13760,-500,-3.51,13550,13790,1399-8-19
248,لوتوس,تامين سرمايه لوتوس پارسيان,291,1760595,22782750290,13620,12940,12940,-680,-4.99,13290,-330,-2.42,12940,13000,1399-8-19
249,دارا,صندوق س. دارا الگوريتم-د,287,9844936,98768166121,10025,10038,10037,12,0.12,10032,7,0.07,10020,10048,1399-8-19
250,وليز,ليزينگ‌ايران‌,281,1518167,12767784470,9340,8410,8410,-930,-9.96,9080,-260,-2.78,8410,8410,1399-8-19
251,شفارس,صنايع‌ شيميايي‌ فارس‌,278,1494173,51344576540,36160,34360,34360,-1800,-4.98,34360,-1800,-4.98,34360,34860,1399-8-19
252,سپاس,صندوق س. پاداش سهامداري توسعه1,278,10369895,104040140264,10026,10023,10033,7,0.07,10033,7,0.07,10023,10039,1399-8-19
253,ولبهمن,شركت بهمن ليزينگ,275,1345957,11485051081,8982,8533,8533,-449,-5.0,8871,-111,-1.24,8533,8533,1399-8-19
254,تايرا,تراكتورسازي‌ايران‌,275,1296862,24560975530,19750,18900,19010,-740,-3.75,19310,-440,-2.23,18770,19990,1399-8-19
255,فايرا,آلومينيوم‌ايران‌,275,1737087,31007002950,18780,17850,17850,-930,-4.95,18170,-610,-3.25,17850,17850,1399-8-19
256,سيستم,همكاران سيستم,274,629886,17797104080,27830,28960,28500,670,2.41,27980,150,0.54,27500,29000,1399-8-19
257,هجرت,پخش هجرت,273,482471,26224422144,56436,55000,53615,-2821,-5.0,55303,-1133,-2.01,53615,56990,1399-8-19
258,فاسمين,كالسيمين‌,272,4043570,50868110600,13240,12580,12580,-660,-4.98,12580,-660,-4.98,12580,12580,1399-8-19
259,ضپاس1002,اختيارخ وپارس-3000-1399/10/30,270,9420,2743000000,294,330,285,-9,-3.06,291,-3,-1.02,281,399,1399-8-19
260,شبريز,پالايش نفت تبريز,257,2687579,68802022400,26940,25600,25600,-1340,-4.97,25920,-1020,-3.79,25600,25600,1399-8-19
261,فولاژ,فولاد آلياژي ايران,255,883878,18933519600,22540,21420,21420,-1120,-4.97,22130,-410,-1.82,21420,21600,1399-8-19
262,وپخش,داروپخش‌ (هلدينگ‌,255,559268,61730176790,111070,114000,108000,-3070,-2.76,110380,-690,-0.62,105520,114000,1399-8-19
263,مارون,پتروشيمي مارون,254,49979,6023308529,123844,120070,120070,-3774,-3.05,123628,-216,-0.17,118436,124750,1399-8-19
264,آساس,صندوق س.آسمان آرماني سهام-س,253,139255,19300107500,137191,136970,140750,3559,2.59,138595,1404,1.02,136950,143500,1399-8-19
265,ياقوت,صندوق س ياقوت آگاه-ثابت,250,14577760,163085571106,11186,11186,11200,14,0.13,11187,1,0.01,11186,11200,1399-8-19
266,سجام,مجتمع سيمان غرب آسيا,245,1886960,23128468720,11900,12257,12257,357,3.0,12257,357,3.0,12257,12257,1399-8-19
267,وارس,سرمايه گذاري ارس صبا,244,225688,16365998881,74714,72473,72473,-2241,-3.0,72869,-1845,-2.47,72473,74650,1399-8-19
268,دسينا,داروسازي‌ سينا,243,347056,8647705190,25790,27000,25150,-640,-2.48,25630,-160,-0.62,24510,27000,1399-8-19
269,تسه9904,امتياز تسهيلات مسكن تير99,243,3555,2722511238,758564,722350,745000,-13564,-1.79,765826,7262,0.96,722350,796000,1399-8-19
270,تسه9905,امتياز تسهيلات مسكن مرداد99,242,2208,1645640364,751329,720629,726558,-24771,-3.3,745308,-6021,-0.8,720629,788895,1399-8-19
271,غگلستا,شير پاستوريزه پگاه گلستان,242,1581995,23060073134,15337,14571,14571,-766,-4.99,14968,-369,-2.41,14571,15000,1399-8-19
272,وتعاون,بيمه  تعاون,241,2105832,12593297865,6145,5961,6000,-145,-2.36,6038,-107,-1.74,5961,6150,1399-8-19
273,حتوكا,حمل‌ونقل‌توكا,237,689677,14490113770,20010,21010,21010,1000,5.0,20290,280,1.4,21010,21010,1399-8-19
274,داسوه,داروسازي‌ اسوه‌,236,459531,11501130520,26080,27360,24780,-1300,-4.98,25830,-250,-0.96,24780,27360,1399-8-19
275,هبركت912,اختيارف ت بركت-22100-99/12/17,235,276091,2428496436,8713,8796,8796,83,0.95,8796,83,0.95,8796,8796,1399-8-19
276,دلر,داروسازي‌ اكسير,234,280084,27130427250,98770,103680,95120,-3650,-3.7,97710,-1060,-1.07,93840,103680,1399-8-19
277,دكيمي,كيميدارو,233,844710,18316224650,22710,21580,22720,10,0.04,22320,-390,-1.72,21580,23600,1399-8-19
278,ملت,بيمه ملت,232,1584372,18140661840,12000,11480,11400,-600,-5.0,11790,-210,-1.75,11400,11980,1399-8-19
279,اتكاي,بيمه اتكايي ايرانيان,232,1151632,14181955748,12139,12299,12488,349,2.88,12189,50,0.41,11890,12590,1399-8-19
280,ثاخت,بين‌المللي‌توسعه‌ساختمان,228,5718142,19727589900,3630,3450,3450,-180,-4.96,3550,-80,-2.2,3450,3450,1399-8-19
281,تسه9810,امتياز تسهيلات مسكن دي98,228,4756,3523218407,758138,720242,725000,-33138,-4.37,740794,-17344,-2.29,720233,779890,1399-8-19
282,اوصتا,صندوق انديشه ورزان صباتامين -د,228,9807870,166118777970,16968,16989,16950,-18,-0.11,16937,-31,-0.18,16812,16992,1399-8-19
283,بترانس,ايران‌ ترانسفو,226,1089056,25701721600,24840,23600,23600,-1240,-4.99,24150,-690,-2.78,23600,23600,1399-8-19
284,ومعلم,بيمه معلم,225,1665186,9273234763,5861,5568,5568,-293,-5.0,5804,-57,-0.97,5568,5790,1399-8-19
285,پارسيانح,ح.بيمه پارسيان,224,1261970,9480750150,7730,7120,7570,-160,-2.07,7510,-220,-2.85,7120,8100,1399-8-19
286,فرابورس,فرابورس ايران,218,414861,19393507167,49207,46747,46747,-2460,-5.0,48296,-911,-1.85,46747,46747,1399-8-19
287,ثترانح,ح سرمايه گذاري مسكن تهران,217,4307054,9972009168,2429,2330,2308,-121,-4.98,2315,-114,-4.69,2308,2400,1399-8-19
288,گپارس,امور رفاهي كارگزاران پارس,214,176419,23479287934,131666,135615,135615,3949,3.0,133088,1422,1.08,127717,135615,1399-8-19
289,ولصنم,ليزينگ‌صنعت‌ومعدن‌,213,2099822,13899512300,6950,6610,6900,-50,-0.72,6850,-100,-1.44,6610,6920,1399-8-19
290,آكورد,صندوق س. آرمان آتي كوثر-د,213,3855886,112840413169,29247,29270,29280,33,0.11,29264,17,0.06,29261,29280,1399-8-19
291,تليسه,دامداري تليسه نمونه,212,2659634,11917819954,4268,4481,4481,213,4.99,4314,46,1.08,4481,4481,1399-8-19
292,فاراك,ماشين‌ سازي‌ اراك‌,211,1300541,7946305510,6430,6110,6110,-320,-4.98,6370,-60,-0.93,6110,6110,1399-8-19
293,كفرا,فراورده‌ هاي‌ نسوزايران‌,210,267616,12143118350,47650,45270,45900,-1750,-3.67,47060,-590,-1.24,45270,46840,1399-8-19
294,كگهر,سنگ آهن گهرزمين,210,948443,34988834417,38794,36855,36855,-1939,-5.0,38193,-601,-1.55,36855,39980,1399-8-19
295,كيان2,صندوق س. با درآمد ثابت كيان,208,20800000,20800000,25834,1,1,-25833,-100.0,1,-25833,-100.0,1,1,1399-8-19
296,شلرد,كود شيميايي اوره لردگان,206,4146070,29872434350,7427,7205,7205,-222,-2.99,7205,-222,-2.99,7205,7205,1399-8-19
297,سهرمز,سيمان‌هرمزگان‌,205,682073,10549366250,15960,15170,15170,-790,-4.95,15850,-110,-0.69,15170,16090,1399-8-19
298,تسه9903,امتياز تسهيلات مسكن خرداد99,205,2024,1517906694,745424,727000,740000,-5424,-0.73,749954,4530,0.61,711222,782695,1399-8-19
299,اعتلا,شركت سرمايه گذاري اعتلاء البرز,199,977310,8942182964,9595,9200,9116,-479,-4.99,9509,-86,-0.9,9116,9569,1399-8-19
300,سكه0012پ01,سكه تمام بهارتحويلي 1روزه رفاه,195,156500,205078539000,1248006,1310406,1310406,62400,5.0,1310406,62400,5.0,1310406,1310406,1399-8-19
301,كسرام,پارس‌ سرام‌,190,1817979,11525986860,6040,6340,6340,300,4.97,6100,60,0.99,6340,6340,1399-8-19
302,اوان,مبين وان كيش,190,498826,24563798410,51704,49119,51000,-704,-1.36,50399,-1305,-2.52,49119,51000,1399-8-19
303,دفرا,فرآورده‌هاي‌ تزريقي‌ ايران‌,184,534753,12256373930,23740,24840,22620,-1120,-4.72,23530,-210,-0.88,22600,24840,1399-8-19
304,تسه9709,امتياز تسهيلات مسكن آذر97,184,2882,2114339416,739007,714444,733636,-5371,-0.73,733636,-5371,-0.73,710010,764990,1399-8-19
305,وبيمه,سرمايه‌ گذاري‌ صنعت‌ بيمه‌,183,2011186,5007853140,2620,2490,2490,-130,-4.96,2610,-10,-0.38,2490,2490,1399-8-19
306,شتوكا,توكا رنگ فولاد سپاهان,182,820478,23300754722,27047,28399,28399,1352,5.0,27626,579,2.14,28399,28399,1399-8-19
307,كسرا,سراميك‌هاي‌صنعتي‌اردكان‌,180,1438582,25563602140,18700,17770,17770,-930,-4.97,18180,-520,-2.78,17770,17770,1399-8-19
308,ضصاد1101,اختيارخ وبصادر-3000-1399/11/12,179,5584,1860646000,337,320,368,31,9.2,333,-4,-1.19,300,440,1399-8-19
309,سفارود,كارخانه فارسيت درود,177,1794349,16647970022,9097,9278,9278,181,1.99,9278,181,1.99,9278,9278,1399-8-19
310,وتوشه,سرمايه‌ گذاري‌ پارس‌ توشه‌,176,496601,8858155850,18760,17830,17870,-890,-4.74,18580,-180,-0.96,17830,18290,1399-8-19
311,قشرين,قند شيرين خراسان,175,1802166,28377425889,15370,15370,15831,461,3.0,15746,376,2.45,15010,15831,1399-8-19
312,غمهراح,ح . توليدي‌مهرام‌,172,69599,2426243730,32190,32190,35410,3220,10.0,34860,2670,8.29,32190,35410,1399-8-19
313,سصفها,سيمان‌اصفهان‌,171,216284,30303551240,133440,140110,140110,6670,5.0,137010,3570,2.68,140110,140110,1399-8-19
314,آساميد,صندوق س.مشترك آسمان اميد -د,162,7082992,77612328681,10954,10955,10960,6,0.05,10958,4,0.04,10955,10960,1399-8-19
315,قشهد,شهد,162,211032,6057376330,29750,29000,29900,150,0.5,29620,-130,-0.44,28270,30700,1399-8-19
316,دجابر,داروسازي‌ جابرابن‌حيان‌,161,474144,16686849190,36870,36700,35030,-1840,-4.99,36280,-590,-1.6,35030,36700,1399-8-19
317,سپر,صندوق س سپر سرمايه بيدار- ثابت,161,628800,6340249771,10192,10140,10050,-142,-1.39,10083,-109,-1.07,10013,10145,1399-8-19
318,هاباد912,اختيارف ت آبادا-30100-99/12/12,159,183375,2128617000,10769,11608,11608,839,7.79,11608,839,7.79,11608,11608,1399-8-19
319,تسه9901,امتياز تسهيلات مسكن فروردين99,158,1550,1169120611,749674,750000,712256,-37418,-4.99,754271,4597,0.61,712255,787157,1399-8-19
320,زعف9908پ10,زعفران9908نگين طلاي سرخ(پ),156,79710,6266634130,81754,77667,78900,-2854,-3.49,78618,-3136,-3.84,77667,79983,1399-8-19
321,كخاكح,ح . صنايع‌خاك‌چيني‌ايران‌,155,460136,16666947410,35860,33550,36790,930,2.59,36220,360,1.0,33550,36950,1399-8-19
322,تسه9712,امتياز تسهيلات مسكن اسفند97,154,1599,1192930466,756366,722100,751000,-5366,-0.71,746048,-10318,-1.36,721100,770000,1399-8-19
323,اخزا904,اسنادخزانه-م4بودجه99-011215,153,513146,328374214960,640449,640001,639550,-899,-0.14,639924,-525,-0.08,638004,642869,1399-8-19
324,زملارد,كشاورزي و دامپروري ملارد شير,150,622042,24293228268,41109,39054,39054,-2055,-5.0,40031,-1078,-2.62,39054,39054,1399-8-19
325,تسه9710,امتياز تسهيلات مسكن دي 97,150,1702,1270812104,746185,710001,750010,3825,0.51,746658,473,0.06,710001,779500,1399-8-19
326,گوهران,سرمايه گذاري توسعه گوهران اميد,148,1463784,10511816745,7539,7200,7163,-376,-4.99,7459,-80,-1.06,7163,7298,1399-8-19
327,تسه9711,امتياز تسهيلات مسكن بهمن 97,145,1927,1441429390,756908,725000,759988,3080,0.41,748017,-8891,-1.17,721388,779000,1399-8-19
328,قشكر,شكرشاهرود,139,373853,12639971500,35580,33810,33820,-1760,-4.95,35100,-480,-1.35,33810,33820,1399-8-19
329,سقاين,سيمان‌ قائن‌,136,257809,9831956630,39900,37910,38870,-1030,-2.58,39540,-360,-0.9,37910,39000,1399-8-19
330,وجامي,سرمايه گذاري جامي,135,540700,7686050500,14654,14215,14215,-439,-3.0,14472,-182,-1.24,14215,14215,1399-8-19
331,زكشت,كشاورزي مكانيزه اصفهان كشت,135,480706,12769342572,27960,26562,26562,-1398,-5.0,27578,-382,-1.37,26562,26850,1399-8-19
332,افران,صندوق س افرا نماد پايدار-ثابت,134,5383040,64104750048,11951,11930,11925,-26,-0.22,11909,-42,-0.35,11900,11950,1399-8-19
333,سكرما,سيمان‌ كرمان‌,134,1312444,16707707180,13390,12730,12740,-650,-4.85,13160,-230,-1.72,12730,13200,1399-8-19
334,پارسيان,بيمه پارسيان,132,2415622,25316168560,11030,10480,10480,-550,-4.99,10730,-300,-2.72,10480,10660,1399-8-19
335,تسه9812,امتياز تسهيلات مسكن اسفند98,132,1489,1102752633,750514,713400,730000,-20514,-2.73,740599,-9915,-1.32,713070,780000,1399-8-19
336,كفرآور,فرآورده هاي سيمان شرق,131,961066,20241972092,20449,21062,21062,613,3.0,21051,602,2.94,21062,21062,1399-8-19
337,كي بي سي,شركت كي بي سي,130,340915,10293027370,31721,30135,30135,-1586,-5.0,31385,-336,-1.06,30135,30999,1399-8-19
338,تاپكيش,تجارت الكترونيك پارسيان كيش,129,687497,10058768607,13935,14631,14631,696,4.99,14061,126,0.9,14631,14631,1399-8-19
339,سكه9912پ04,سكه تمام بهارتحويل1روزه صادرات,129,202500,265357215000,1248006,1310406,1310406,62400,5.0,1310406,62400,5.0,1310406,1310406,1399-8-19
340,كالا,بورس كالاي ايران,128,447406,15766587440,37090,35240,35240,-1850,-4.99,36460,-630,-1.7,35240,35240,1399-8-19
341,تصميم,صندوق س با درآمد ثابت تصميم,128,4253483,62789046612,14785,14770,14800,15,0.1,14762,-23,-0.16,14720,14800,1399-8-19
342,دپارس,پارس‌ دارو,128,123972,12298141080,104380,99310,99170,-5210,-4.99,103040,-1340,-1.28,99170,100000,1399-8-19
343,وبوعلي,سرمايه‌گذاري‌بوعلي‌,125,1944929,13303314360,7200,6840,6840,-360,-5.0,7100,-100,-1.39,6840,6840,1399-8-19
344,مفاخر,توسعه فناوري اطلاعات خوارزمي,124,295905,12283328922,43695,41511,41511,-2184,-5.0,43115,-580,-1.33,41511,41512,1399-8-19
345,بكام,كارخانجات توليدي شهيد قندي,124,650904,3046230720,4920,4680,4680,-240,-4.88,4900,-20,-0.41,4680,4680,1399-8-19
346,واحصا,احياء صنايع خراسان,124,346361,7298823225,20462,21075,21075,613,3.0,20669,207,1.01,20490,21075,1399-8-19
347,هصادر912,اختيارف ت صادرات-3750-99/12/23,123,1000000,596000000,443,596,596,153,34.54,596,153,34.54,596,596,1399-8-19
348,هصيكو402,اختيارف ت تاصيكو13500-00/02/20,121,275083,923728714,3254,3358,3358,104,3.2,3358,104,3.2,3358,3358,1399-8-19
349,بميلا,توسعه بازرگاني آهن وفولادميلاد,120,1242294,22854482718,17862,18397,18397,535,3.0,18397,535,3.0,18397,18397,1399-8-19
350,خمحركه,نيرو محركه‌,120,382529,2302824580,6330,6020,6020,-310,-4.9,6310,-20,-0.32,6020,6020,1399-8-19
351,افرا,افرانت,119,2993329,166824211828,58665,55732,55732,-2933,-5.0,55732,-2933,-5.0,55732,55732,1399-8-19
352,اوصتا2,صندوق انديشه ورزان صباتامين -د,118,11800000,11800000,16968,1,1,-16967,-99.99,1,-16967,-99.99,1,1,1399-8-19
353,تسه9811,امتياز تسهيلات مسكن بهمن98,117,1906,1403573234,744162,750000,724000,-20162,-2.71,736397,-7765,-1.04,715122,769999,1399-8-19
354,ضغدر1119,اختيارخ وغدير-10000-1399/11/26,116,4534,6191899000,1432,1750,1500,68,4.75,1366,-66,-4.61,1302,1800,1399-8-19
355,وسناح,ح. سرمايه گذاري نيروگاهي ايران,114,303878,2882728541,9779,9486,9486,-293,-3.0,9486,-293,-3.0,9486,9500,1399-8-19
356,سشمال,سيمان‌ شمال‌,114,667575,6028905750,9500,9030,9090,-410,-4.32,9440,-60,-0.63,9030,9100,1399-8-19
357,وشهر,بانك شهر,111,3960171,28437987951,7480,7181,7181,-299,-4.0,7290,-190,-2.54,7181,7181,1399-8-19
358,دمعيار,صندوق س. توازن معيار-د,111,4486701,44952772630,10011,10010,10021,10,0.1,10019,8,0.08,10010,10024,1399-8-19
359,ارمغان,ص سرمايه گذاري ارمغان ايرانيان,111,2316538,23230546200,10008,10023,10028,20,0.2,10028,20,0.2,10023,10039,1399-8-19
360,سبهان,سيمان‌ بهبهان‌,110,91831,4936871630,56580,53760,53760,-2820,-4.98,56290,-290,-0.51,53760,53800,1399-8-19
361,تسه9802,امتياز تسهيلات مسكن ارديبهشت98,108,821,608932211,736595,715232,759000,22405,3.04,741696,5101,0.69,699766,773424,1399-8-19
362,ضپاس1001,اختيارخ وپارس-2500-1399/10/30,105,4200,1843955000,465,550,460,-5,-1.08,439,-26,-5.59,420,550,1399-8-19
363,تشتاد,صنايع توليدي اشتاد ايران‌,105,458847,6609232188,14849,14404,14404,-445,-3.0,14696,-153,-1.03,14404,14404,1399-8-19
364,ضصاد1100,اختيارخ وبصادر-2500-1399/11/12,104,2998,1659619000,522,522,550,28,5.36,554,32,6.13,512,649,1399-8-19
365,چدن,توليدي چدن سازان,104,703742,17804672600,26630,25300,25300,-1330,-4.99,26130,-500,-1.88,25300,25300,1399-8-19
366,صايند,صندوق س. گنجينه آينده روشن-د,104,1549940,15396335370,9951,9975,9945,-6,-0.06,9934,-17,-0.17,9920,9975,1399-8-19
367,ثفارس,عمران‌وتوسعه‌فارس‌,102,415628,2680800600,6780,6450,6450,-330,-4.87,6760,-20,-0.29,6450,6450,1399-8-19
368,فخاس,فولاد خراسان,102,506494,16005290400,33260,31600,31600,-1660,-4.99,32980,-280,-0.84,31600,31700,1399-8-19
369,كرمان,س. توسعه و عمران استان كرمان,101,279717,20136267396,75776,71988,71988,-3788,-5.0,74159,-1617,-2.13,71988,71988,1399-8-19
370,ثجوان,تامين مسكن جوانان,100,282849,1698188077,6283,5969,5969,-314,-5.0,6258,-25,-0.4,5969,6275,1399-8-19
371,تاپكيشح,ح.تجارت الكترونيك پارسيان كيش,99,251223,2242165275,8500,8925,8925,425,5.0,8925,425,5.0,8925,8925,1399-8-19
372,ساذريح,ح . آذريت‌,99,760335,4034289199,5419,5260,5304,-115,-2.12,5306,-113,-2.09,5257,5552,1399-8-19
373,كشرق,صنعتي و معدني شمال شرق شاهرود,99,100913,5914208191,55817,58607,58607,2790,5.0,56120,303,0.54,58607,58607,1399-8-19
374,تسه9803,امتياز تسهيلات مسكن خرداد98,99,1044,772078827,738861,703968,735500,-3361,-0.45,739539,678,0.09,703968,775804,1399-8-19
375,اخزا808,اسنادخزانه-م8بودجه98-000817,98,87196,74129787139,848635,844223,847500,-1135,-0.13,850151,1516,0.18,844223,855454,1399-8-19
376,تسه9801,امتياز تسهيلات مسكن فروردين98,97,750,552064088,745118,708973,750002,4884,0.66,736085,-9033,-1.21,708000,780000,1399-8-19
377,سكه0011پ02,سكه تمام بهارتحويلي 1روزه ملت,97,54900,71941289400,1248006,1310406,1310406,62400,5.0,1310406,62400,5.0,1310406,1310406,1399-8-19
378,وآرين,شركت توسعه اقتصادي آرين,96,576283,2991485053,5464,5191,5191,-273,-5.0,5421,-43,-0.79,5191,5191,1399-8-19
379,كوير,توليدي فولاد سپيد فراب كوير,96,850198,11078079940,13710,13030,13030,-680,-4.96,13580,-130,-0.95,13030,13030,1399-8-19
380,شيراز,پتروشيمي‌شيراز,96,1087062,51015819660,49400,46930,46930,-2470,-5.0,48050,-1350,-2.73,46930,46930,1399-8-19
381,ستران,سيمان‌ تهران‌,96,244284,6671396040,28740,27310,27310,-1430,-4.98,28540,-200,-0.7,27310,27310,1399-8-19
382,سفاسي,شركت فارسيت اهواز,95,467178,5376751602,11864,11509,11509,-355,-2.99,11764,-100,-0.84,11509,11509,1399-8-19
383,بورس,بورس اوراق بهادار تهران,94,461538,21166132680,48270,45860,45860,-2410,-4.99,47570,-700,-1.45,45860,45860,1399-8-19
384,وآيند,بانك  آينده,92,159501,4164571110,26642,26110,26110,-532,-2.0,26619,-23,-0.09,26110,26110,1399-8-19
385,آريان,سرمايه گذاري پارس آريان,92,5625102,72687568044,13321,12922,12922,-399,-3.0,13016,-305,-2.29,12922,12922,1399-8-19
386,شيران,س. صنايع‌شيميايي‌ايران,86,206075,6347110000,32420,30800,30800,-1620,-5.0,32310,-110,-0.34,30800,30800,1399-8-19
387,خرينگ,رينگ‌سازي‌مشهد,85,326471,12311221410,39690,37710,37710,-1980,-4.99,39180,-510,-1.28,37710,37710,1399-8-19
388,پرداخت,به پرداخت ملت,83,217808,8779840480,42430,40310,40310,-2120,-5.0,42030,-400,-0.94,40310,40310,1399-8-19
389,پاسا,ايران‌ياساتايرورابر,82,464124,8460980520,19180,18230,18230,-950,-4.95,19010,-170,-0.89,18230,18230,1399-8-19
390,اخزا815,اسنادخزانه-م15بودجه98-010406,82,128327,94880164649,739877,735599,740000,123,0.02,739362,-515,-0.07,735001,740000,1399-8-19
391,فيروزا,صندوق بادرآمد ثابت فيروزه آسيا,82,326804,6887979565,21172,21170,21109,-63,-0.3,21077,-95,-0.45,20790,21177,1399-8-19
392,ضخود1043,اختيارخ خودرو-3500-1399/10/07,81,2673,1036674000,345,370,410,65,18.84,388,43,12.46,353,468,1399-8-19
393,وثخوز,سرمايه گذاري و توسعه خوزستان,81,223097,7252748895,33450,32447,32447,-1003,-3.0,33098,-352,-1.05,32447,33450,1399-8-19
394,زپارس,ملي كشت و صنعت و دامپروري پارس,80,90669,5266132000,61130,58080,58700,-2430,-3.98,60790,-340,-0.56,58080,58700,1399-8-19
395,سبجنو,سيمان‌ بجنورد,77,119588,3601244090,30770,29510,30510,-260,-0.84,30720,-50,-0.16,29500,30510,1399-8-19
396,كساپا,سايپاشيشه‌,76,777583,14719646190,19920,18930,18930,-990,-4.97,19610,-310,-1.56,18930,18930,1399-8-19
397,بذر,صندوق س بذر اميد آفرين-سهام,75,21993,2087144200,93290,94300,95480,2190,2.35,94900,1610,1.73,93580,97630,1399-8-19
398,وآفري,بيمه كارآفرين,75,298118,4345167701,15024,14574,14574,-450,-3.0,14919,-105,-0.7,14574,14600,1399-8-19
399,ثزاگرس,سرمايه گذاري توسعه عمران زاگرس,74,338585,14467059880,41484,42728,42728,1244,3.0,42314,830,2.0,42728,42728,1399-8-19
400,فنورد,نوردوقطعات‌ فولادي‌,74,194582,27609239980,149350,141890,141890,-7460,-4.99,145040,-4310,-2.89,141890,141890,1399-8-19
401,تسه9809,امتياز تسهيلات مسكن آذر98,73,1487,1106338508,767568,729200,745000,-22568,-2.94,744007,-23561,-3.07,729190,805000,1399-8-19
402,سمتاز,سيمان ممتازان كرمان,72,810159,18316770230,21952,22610,22610,658,3.0,22530,578,2.63,22000,22610,1399-8-19
403,آرمان,بيمه آرمان,71,3232775,22687614950,6814,7018,7018,204,2.99,7018,204,2.99,7018,7018,1399-8-19
404,اخزا817,اسنادخزانه-م17بودجه98-010512,70,95223,68981177984,723334,724090,724415,1081,0.15,724417,1083,0.15,722322,726999,1399-8-19
405,فباهنر,مس‌ شهيدباهنر,69,323928,14952516480,48580,46160,46160,-2420,-4.98,47810,-770,-1.59,46160,46160,1399-8-19
406,اخزا809,اسنادخزانه-م9بودجه98-000923,69,111532,92387562454,827533,825802,828500,967,0.12,828350,817,0.1,825802,829000,1399-8-19
407,فجر,فولاد اميركبيركاشان,68,248979,13387600830,56600,53770,53770,-2830,-5.0,55790,-810,-1.43,53770,53770,1399-8-19
408,دماوند,توليد نيروي برق دماوند,68,50079,3278321577,68908,65463,65463,-3445,-5.0,68752,-156,-0.23,65463,65463,1399-8-19
409,سدشت,صنايع سيمان دشتستان,67,81581,2977327000,38040,36150,37800,-240,-0.63,37940,-100,-0.26,36140,38680,1399-8-19
410,ثمسكن,سرمايه‌گذاري‌ مسكن‌,67,298654,1579879660,5560,5290,5290,-270,-4.86,5550,-10,-0.18,5290,5290,1399-8-19
411,غشهداب,كشت و صنعت شهداب ناب خراسان,66,181378,831436752,4825,4584,4584,-241,-4.99,4821,-4,-0.08,4584,4584,1399-8-19
412,وبرق,س.کارکنان صنعت برق زنجان وقزوي,64,17605,3431830675,200963,194935,194935,-6028,-3.0,199870,-1093,-0.54,194935,194935,1399-8-19
413,سشرق,سيمان‌ شرق‌,63,469126,2561427960,5740,5460,5460,-280,-4.88,5720,-20,-0.35,5460,5460,1399-8-19
414,سفانو,سيمان فارس نو,63,238849,6967306560,30700,29170,29170,-1530,-4.98,30480,-220,-0.72,29170,29180,1399-8-19
415,بايكا,كارخانجات كابلسازي ‌ايران‌,62,254409,10124714973,41027,39797,39797,-1230,-3.0,40380,-647,-1.58,39797,39797,1399-8-19
416,سفار,سيمان‌فارس‌,62,84144,7291919040,91220,86660,86660,-4560,-5.0,90520,-700,-0.77,86660,86660,1399-8-19
417,اخزا818,اسنادخزانه-م18بودجه98-010614,61,86155,61680907937,712801,714000,715930,3129,0.44,715929,3128,0.44,711000,720000,1399-8-19
418,اخزا816,اسنادخزانه-م16بودجه98-010503,59,176331,128413217395,726283,725058,728155,1872,0.26,728251,1968,0.27,725058,730000,1399-8-19
419,جوين,كشت و صنعت جوين,59,478098,9708257988,19715,20306,20306,591,3.0,19988,273,1.38,20306,20306,1399-8-19
420,تسه9807,امتياز تسهيلات مسكن مهر98,58,665,485537366,738704,712002,743000,4296,0.58,730131,-8573,-1.16,703000,775639,1399-8-19
421,سامان,بانك سامان,57,1550829,12163151847,8085,7843,7843,-242,-2.99,8003,-82,-1.01,7843,7843,1399-8-19
422,سبزوا,سيمان لار سبزوار,57,146217,872769273,6283,5969,5969,-314,-5.0,6277,-6,-0.1,5969,5969,1399-8-19
423,خعمرا,توسعه و عمران شهرستان نائين,57,261455,4284201630,15909,16386,16386,477,3.0,16006,97,0.61,16386,16386,1399-8-19
424,اخزا811,اسنادخزانه-م11بودجه98-001013,55,129754,107249805928,826585,826800,826499,-86,-0.01,826563,-22,0.0,819909,827897,1399-8-19
425,اخزا810,اسنادخزانه-م10بودجه98-001006,55,133209,110382403783,826506,826506,826926,420,0.05,828641,2135,0.26,826506,834000,1399-8-19
426,اخزا806,اسنادخزانه-م6بودجه98-000519,55,69577,61403522472,879333,879000,881124,1791,0.2,882526,3193,0.36,877354,884999,1399-8-19
427,فسازان,غلتك سازان سپاهان,54,536150,13226820500,25960,24670,24670,-1290,-4.97,25580,-380,-1.46,24670,24670,1399-8-19
428,دلقما,دارويي‌ لقمان‌,54,450200,14082256000,32920,31280,31280,-1640,-4.98,32410,-510,-1.55,31280,31280,1399-8-19
429,كروي,توسعه‌ معادن‌ روي‌ ايران‌,53,189323,4698996860,26120,24820,24820,-1300,-4.98,25990,-130,-0.5,24820,24820,1399-8-19
430,شكبير,پتروشيمي اميركبير,53,209360,12131379447,58277,56529,56529,-1748,-3.0,58229,-48,-0.08,56529,58200,1399-8-19
431,افران2,صندوق س افرا نماد پايدار-ثابت,53,5300000,5300000,11951,1,1,-11950,-99.99,1,-11950,-99.99,1,1,1399-8-19
432,مداران,داده‌پردازي‌ايران‌,52,100088,2209943040,23240,22080,22080,-1160,-4.99,23190,-50,-0.22,22080,22080,1399-8-19
433,ضپاس1003,اختيارخ وپارس-3500-1399/10/30,51,1002,197704000,237,241,240,3,1.27,197,-40,-16.88,150,241,1399-8-19
434,غويتا,ويتانا,50,46960,2156544080,48339,45923,45923,-2416,-5.0,48229,-110,-0.23,45923,45923,1399-8-19
435,اخزا814,اسنادخزانه-م14بودجه98-010318,50,87469,65685236601,749749,749696,749991,242,0.03,750954,1205,0.16,749696,753999,1399-8-19
436,دقاضي,داروسازي شهيد قاضي,49,38583,3391803906,89486,92170,86802,-2684,-3.0,89215,-271,-0.3,86802,92170,1399-8-19
437,تسه9806,امتياز تسهيلات مسكن شهريور98,49,404,298483755,744271,713111,740000,-4271,-0.57,738821,-5450,-0.73,708899,781484,1399-8-19
438,تسه9808,امتياز تسهيلات مسكن آبان98,49,479,356742880,733859,723713,770551,36692,5.0,744766,10907,1.49,723112,770551,1399-8-19
439,نگين,ص.س. زمين و ساختمان نگين شهرري,48,136431,6828372130,50010,15100,50500,490,0.98,50050,40,0.08,50000,50990,1399-8-19
440,تسه9805,امتياز تسهيلات مسكن مرداد98,48,630,460101133,738904,709762,701959,-36945,-5.0,730319,-8585,-1.16,701959,775849,1399-8-19
441,ضملت1126,اختيارخ وبملت-4500-1399/11/28,48,2343,1189300000,571,501,599,28,4.9,508,-63,-11.03,491,599,1399-8-19
442,سكه0112پ03,سكه تمام بهارتحويلي1روزه سامان,48,43200,56609539200,1248011,1310406,1310406,62395,5.0,1310406,62395,5.0,1310406,1310406,1399-8-19
443,غمارگ,مارگارين‌,48,80667,1719013770,22430,21310,21310,-1120,-4.99,22390,-40,-0.18,21310,21310,1399-8-19
444,كايتاح,ح.ايتالران‌,47,1329826,19078287681,13951,13533,14369,418,3.0,14346,395,2.83,13533,14369,1399-8-19
445,ثنام,س ساختماني ب نام آوران مهندسي,47,737326,13977488982,19543,18957,18957,-586,-3.0,19095,-448,-2.29,18957,18957,1399-8-19
446,دروز,داروسازي‌ روزدارو,47,64858,1162489840,18610,18850,17680,-930,-5.0,18590,-20,-0.11,17680,18850,1399-8-19
447,وكار,بانك‌ كارآفرين‌,47,3436449,13299057630,4070,3870,3870,-200,-4.91,4010,-60,-1.47,3870,3870,1399-8-19
448,پيزد,مجتمع صنايع لاستيك يزد,46,10426,990219776,99974,94976,94976,-4998,-5.0,99870,-104,-0.1,94976,94976,1399-8-19
449,ضچاد1014,اختيارخ كچاد-14000-1399/10/02,46,840,1632826000,1886,1955,2000,114,6.04,1944,58,3.08,1800,2199,1399-8-19
450,فزرين,زرين معدن آسيا,45,120807,2087907381,18192,17283,17283,-909,-5.0,18152,-40,-0.22,17283,17283,1399-8-19
451,سرود,سيمان‌شاهرود,45,217899,2976500340,14370,13660,13660,-710,-4.94,14330,-40,-0.28,13660,13660,1399-8-19
452,اخزا812,اسنادخزانه-م12بودجه98-001111,44,165654,133906603406,806063,806063,808000,1937,0.24,808351,2288,0.28,806063,810000,1399-8-19
453,وپويا,سرمايه گذاري پويا,44,65298,682559994,11003,10453,10453,-550,-5.0,10995,-8,-0.07,10453,10453,1399-8-19
454,شپلي,پلي اكريل ايران,44,698699,3839351005,5664,5495,5495,-169,-2.98,5630,-34,-0.6,5495,5495,1399-8-19
455,ضترا1117,اختيارخ شتران-10000-1399/11/14,43,205,285887000,1335,1800,1290,-45,-3.37,1395,60,4.49,1250,1800,1399-8-19
456,وآذر,سرمايه‌گذاري‌توسعه‌آذربايجان‌,43,16601,2059852080,130610,124080,124080,-6530,-5.0,130320,-290,-0.22,124080,124080,1399-8-19
457,خصدرا,صنعتي‌ دريايي‌ ايران‌,42,224175,1251793200,5756,5584,5584,-172,-2.99,5752,-4,-0.07,5584,5584,1399-8-19
458,سخزر,سيمان‌ خزر,41,235510,5729958300,25610,24330,24330,-1280,-5.0,25460,-150,-0.59,24330,24330,1399-8-19
459,ثنوسا,نوسازي‌وساختمان‌تهران‌,40,275603,2191043850,8360,7950,7950,-410,-4.9,8340,-20,-0.24,7950,7950,1399-8-19
460,پكويرح,ح. كوير تاير,40,1103940,11039400000,10500,10000,10000,-500,-4.76,10000,-500,-4.76,10000,10000,1399-8-19
461,سهگمت,سيمان‌هگمتان‌,39,119036,2217640680,19610,18630,18630,-980,-5.0,19560,-50,-0.25,18630,18630,1399-8-19
462,غمينو,شركت صنايع غذايي مينو شرق,39,106438,1876821254,18561,17633,17633,-928,-5.0,18524,-37,-0.2,17633,17633,1399-8-19
463,گكيش,توريستي ورفاهي آبادگران كيش,38,14506,985813254,70060,67959,67959,-2101,-3.0,69950,-110,-0.16,67959,67959,1399-8-19
464,كماسه,تامين‌ ماسه‌ ريخته‌گري‌,38,47068,2331278040,52130,49530,49530,-2600,-4.99,52000,-130,-0.25,49530,49530,1399-8-19
465,وملي,گروه‌ صنعتي‌ ملي‌ (هلدينگ‌,37,31295,11517498850,387390,368030,368030,-19360,-5.0,382610,-4780,-1.23,368030,368030,1399-8-19
466,وساپا,سرمايه‌گذاري‌ سايپا,37,104506,860084380,8660,8230,8230,-430,-4.97,8650,-10,-0.12,8230,8230,1399-8-19
467,حفارس,حمل و نقل بين المللي خليج فارس,37,288482,1252011880,4560,4340,4340,-220,-4.82,4550,-10,-0.22,4340,4340,1399-8-19
468,آبين,كشت و صنعت آبشيرين,37,235030,751860970,3297,3199,3199,-98,-2.97,3293,-4,-0.12,3199,3199,1399-8-19
469,اخزا821,اسنادخزانه-م21بودجه98-020906,36,68312,38957329608,575532,565000,570415,-5117,-0.89,570285,-5247,-0.91,565000,578600,1399-8-19
470,آسام,صندوق س.آرمان سپهر آشنا-م,36,25580,2378825440,92981,93990,93870,889,0.96,92996,15,0.02,92000,93990,1399-8-19
471,شپترو,پتروشيمي آبادان,36,310993,1333226991,4419,4287,4287,-132,-2.99,4410,-9,-0.2,4287,4287,1399-8-19
472,سنوين,سرمايه گذاري اقتصاد نوين,35,1026378,9809098371,9752,9557,9557,-195,-2.0,9557,-195,-2.0,9557,9560,1399-8-19
473,ضخود1048,اختيارخ خودرو-7000-1399/10/07,35,1567,112878000,77,115,80,3,3.9,72,-5,-6.49,70,115,1399-8-19
474,فسپا,گروه‌صنعتي‌سپاهان‌,35,69879,2830798290,42640,40510,40510,-2130,-5.0,42510,-130,-0.3,40510,40510,1399-8-19
475,شكف,كف,34,21083,1642070538,79475,77886,77886,-1589,-2.0,79207,-268,-0.34,77886,77886,1399-8-19
476,شاوان,پالايش نفت لاوان,33,10968,929505096,89207,84747,84747,-4460,-5.0,89120,-87,-0.1,84747,84747,1399-8-19
477,زعف9908پ16,زعفران9908نگين بيرجند(پ),33,4676,373364051,82575,85799,79000,-3575,-4.33,79847,-2728,-3.3,78801,85799,1399-8-19
478,بهپاك,صنعتي بهپاك,33,54640,1633189600,31463,29890,29890,-1573,-5.0,31409,-54,-0.17,29890,29890,1399-8-19
479,سپاها,سيمان‌سپاهان‌,33,164914,1335803400,8520,8100,8100,-420,-4.93,8510,-10,-0.12,8100,8100,1399-8-19
480,كخاك,صنايع‌خاك‌چيني‌ايران‌,32,282406,12860769240,47930,45540,45540,-2390,-4.99,47280,-650,-1.36,45540,45540,1399-8-19
481,بخاور,بيمه زندگي خاورميانه,32,352901,2433958197,7260,6897,6897,-363,-5.0,7241,-19,-0.26,6897,6897,1399-8-19
482,واميد,گروه مديريت سرمايه گذاري اميد,32,37750,1295957500,36130,34330,34330,-1800,-4.98,36110,-20,-0.06,34330,34330,1399-8-19
483,صنوين,صندوق سرمايه‌گذاري صنوين-مختلط,31,14711,1454969250,99710,98900,98920,-790,-0.79,98900,-810,-0.81,98900,99000,1399-8-19
484,شتولي,تولي‌پرس‌,31,28406,663194882,23823,23347,23347,-476,-2.0,23792,-31,-0.13,23347,23347,1399-8-19
485,كيا,كيا الكترود شرق,31,1526758,8168155300,5322,5350,5350,28,0.53,5350,28,0.53,5350,5630,1399-8-19
486,ضملي1153,اختيارخ فملي-20280-1399/11/05,31,495,97907000,167,129,161,-6,-3.59,198,31,18.56,123,270,1399-8-19
487,غبشهر,صنعتي‌ بهشهر,31,67936,1489836480,23080,21930,21930,-1150,-4.98,23040,-40,-0.17,21930,21930,1399-8-19
488,كصدف,كاشي صدف سرام استقلال آباده,30,21678,403340868,19181,18606,18606,-575,-3.0,19169,-12,-0.06,18606,18606,1399-8-19
489,ضملي1148,اختيارخ فملي-10140-1399/11/05,30,337,946165000,2385,2800,2700,315,13.21,2808,423,17.74,2700,2899,1399-8-19
490,لپارس,پارس‌ الكتريك‌,30,45035,7586145750,177310,168450,168450,-8860,-5.0,175880,-1430,-0.81,168450,168450,1399-8-19
491,كفپارس,فرآورده‌هاي‌ نسوز پارس‌,30,57766,534913160,9740,9260,9260,-480,-4.93,9730,-10,-0.1,9260,9260,1399-8-19
492,تسه9804,امتياز تسهيلات مسكن تير98,30,428,317014904,740741,709800,736000,-4741,-0.64,740689,-52,-0.01,709800,777778,1399-8-19
493,آكورد2,صندوق س. آرمان آتي كوثر-د,30,3000000,3000000,29247,1,1,-29246,-100.0,1,-29246,-100.0,1,1,1399-8-19
494,ورنا,سرمايه‌گذاري‌ رنا(هلدينگ‌,29,127900,1051338000,8650,8220,8220,-430,-4.97,8640,-10,-0.12,8220,8220,1399-8-19
495,شلعاب,لعابيران‌,28,61787,481320730,8200,7790,7790,-410,-5.0,8200,0,0.0,7790,7790,1399-8-19
496,هغدير912,اختيارف ت غدير-17380-99/12/16,28,253709,1599127827,5874,6303,6303,429,7.3,6303,429,7.3,6303,6303,1399-8-19
497,اخزا813,اسنادخزانه-م13بودجه98-010219,28,40661,31100718613,760560,760378,761300,740,0.1,764878,4318,0.57,760378,776000,1399-8-19
498,وسيزد,شركت س استان يزد,27,334730,408370600,1280,1220,1220,-60,-4.69,1280,0,0.0,1220,1220,1399-8-19
499,سخند,صندوق س.سپهرخبرگان نفت-د,27,142480,1426699480,10002,10000,10019,17,0.17,10013,11,0.11,10000,10019,1399-8-19
500,غنوش,نوش‌ مازندران‌,27,54917,3812338140,73070,69420,69420,-3650,-5.0,72780,-290,-0.4,69420,69420,1399-8-19
501,زعف9908پ11,زعفران9908نگين سحرخيز(پ),27,15401,1321844941,86299,85841,85841,-458,-0.53,85829,-470,-0.54,85200,85841,1399-8-19
502,اخزا820,اسنادخزانه-م20بودجه98-020806,27,43439,25173066681,581968,578000,580000,-1968,-0.34,579504,-2464,-0.42,576110,580000,1399-8-19
503,شاملا,معدني‌ املاح‌  ايران‌,27,85190,5380600400,66480,63160,63160,-3320,-4.99,66100,-380,-0.57,63160,63160,1399-8-19
504,خريخت,صنايع‌ريخته‌گري‌ايران‌,26,564260,2652022000,4940,4700,4700,-240,-4.86,4930,-10,-0.2,4700,4700,1399-8-19
505,كوثر,بيمه كوثر,25,59561,677923302,11981,11382,11382,-599,-5.0,11972,-9,-0.08,11382,11382,1399-8-19
506,فجام,جام‌دارو,25,29821,1477630550,52150,49550,49550,-2600,-4.99,52070,-80,-0.15,49550,49550,1399-8-19
507,قاسم,قاسم ايران,24,92348,1155181132,13167,12509,12509,-658,-5.0,13151,-16,-0.12,12509,12509,1399-8-19
508,شجم,صنايع پتروشيمي تخت جمشيد,24,530529,3905754498,7589,7362,7362,-227,-2.99,7543,-46,-0.61,7362,7362,1399-8-19
509,غبهنوش,بهنوش‌ ايران‌,24,12622,697870380,58200,55290,55290,-2910,-5.0,58160,-40,-0.07,55290,55290,1399-8-19
510,دشيري,شيرين دارو,24,7733,1314687330,175268,170010,170010,-5258,-3.0,174910,-358,-0.2,170010,170010,1399-8-19
511,ونيرو,سرمايه‌گذاري‌نيرو,24,114782,507336440,4650,4420,4420,-230,-4.95,4650,0,0.0,4420,4420,1399-8-19
512,وتوس,توسعه‌شهري‌توس‌گستر,24,17865,574181100,33830,32140,32140,-1690,-5.0,33810,-20,-0.06,32140,32140,1399-8-19
513,ثروتم,صندوق س. ثروت آفرين پارسيان-س,24,15380,1361002760,88951,89880,88500,-451,-0.51,88492,-459,-0.52,88000,89980,1399-8-19
514,وگستر,گسترش سرمايه گذاري ايرانيان,23,39981,760078791,20011,19011,19011,-1000,-5.0,19995,-16,-0.08,19011,19011,1399-8-19
515,وسرمد,بيمه  سرمد,23,225031,1234295035,5654,5485,5485,-169,-2.99,5643,-11,-0.19,5485,5485,1399-8-19
516,سدور,سيمان‌ دورود,23,143325,1093569750,8030,7630,7630,-400,-4.98,8020,-10,-0.12,7630,7630,1399-8-19
517,وبهمن,سرمايه‌گذاري‌بهمن‌,22,536593,6337163330,12430,11810,11810,-620,-4.99,12350,-80,-0.64,11810,11810,1399-8-19
518,مرقام,ايران‌ارقام‌,22,10320,234367200,23900,22710,22710,-1190,-4.98,23890,-10,-0.04,22710,22710,1399-8-19
519,خپويش,سازه‌ پويش‌,22,87834,3348232080,40120,38120,38120,-2000,-4.99,39980,-140,-0.35,38120,38120,1399-8-19
520,شبصير,توليدات پتروشيمي قائد بصير,22,13367,1361201711,107192,101833,101833,-5359,-5.0,107037,-155,-0.14,101833,101833,1399-8-19
521,كپشير,پشم‌شيشه‌ايران‌,22,78286,1320684820,17750,16870,16870,-880,-4.96,17730,-20,-0.11,16870,16870,1399-8-19
522,اخزا704,اسنادخزانه-م4بودجه97-991022,21,51759,50261138788,972613,970000,975000,2387,0.25,971061,-1552,-0.16,969185,977000,1399-8-19
523,ضمخا7066,اختيارخ اخابر-12000-1400/07/28,21,238,600164000,2392,2980,2351,-41,-1.71,2522,130,5.43,2333,3000,1399-8-19
524,فسرب,ملي‌ سرب‌وروي‌ ايران‌,20,7546,833002940,116200,110390,110390,-5810,-5.0,116100,-100,-0.09,110390,110390,1399-8-19
525,گنجين,صندوق س. گنجينه يكم آويد-د,19,20137,233655602,11585,11595,11597,12,0.1,11603,18,0.16,11590,11610,1399-8-19
526,ولانا,شركت ليزينگ آريا دانا,19,207436,4154320772,20646,20027,20027,-619,-3.0,20512,-134,-0.65,20027,20027,1399-8-19
527,قشير,قند شيروان قوچان و بجنورد,19,153892,3526281288,24120,22914,22914,-1206,-5.0,24030,-90,-0.37,22914,22914,1399-8-19
528,اميد,تامين سرمايه اميد,19,30482,330424880,11410,10840,10840,-570,-5.0,11410,0,0.0,10840,10840,1399-8-19
529,قچار,فراوردههاي غذايي وقند چهارمحال,18,5398,1033328344,201503,191428,191428,-10075,-5.0,201284,-219,-0.11,191428,191428,1399-8-19
530,غفارس,شير پاستوريزه پگاه فارس,18,67694,632803512,9840,9348,9348,-492,-5.0,9833,-7,-0.07,9348,9348,1399-8-19
531,اخزا807,اسنادخزانه-م7بودجه98-000719,18,9579,8226278724,858679,855553,856073,-2606,-0.3,858783,104,0.01,855553,860001,1399-8-19
532,فرآور,فرآوري‌موادمعدني‌ايران‌,18,116249,2344742330,21230,20170,20170,-1060,-4.99,21180,-50,-0.24,20170,20170,1399-8-19
533,تشتادح,ح.صنايع توليدي اشتاد ايران‌,18,41469,506313360,12493,11744,11744,-749,-6.0,12209,-284,-2.27,11744,13200,1399-8-19
534,ضفلا1153,اختيارخ فولاد-10000-1399/11/28,18,185,483784000,3400,2000,2650,-750,-22.06,2615,-785,-23.09,2000,3014,1399-8-19
535,شپارس,بين‌ المللي‌ محصولات‌  پارس‌,18,57055,799340550,14740,14010,14010,-730,-4.95,14730,-10,-0.07,14010,14010,1399-8-19
536,فلات,گروه صنايع معادن فلات ايرانيان,17,154970,1868008380,12426,12054,12054,-372,-2.99,12390,-36,-0.29,12054,12054,1399-8-19
537,سمايه,بانك سرمايه,17,97518,883805634,9539,9063,9063,-476,-4.99,9517,-22,-0.23,9063,9063,1399-8-19
538,غچين,كشت‌ و صنعت‌ چين‌ چين,16,56520,2285103600,42550,40430,40430,-2120,-4.98,42450,-100,-0.24,40430,40430,1399-8-19
539,اتكام,شركت بيمه اتكايي امين,16,35947,271759320,7957,7560,7560,-397,-4.99,7955,-2,-0.03,7560,7560,1399-8-19
540,ضفلا8080,اختيارخ فولاد-11775-1399/08/28,16,150,62728000,168,350,500,332,197.62,418,250,148.81,250,500,1399-8-19
541,سباقر,سيمان باقران,16,13273,190958651,14831,14387,14387,-444,-2.99,14827,-4,-0.03,14387,14387,1399-8-19
542,رتكو,كنترل‌خوردگي‌تكين‌كو,16,83393,1276746830,16110,15310,15310,-800,-4.97,16090,-20,-0.12,15310,15310,1399-8-19
543,شراز,پالايش نفت شيراز,15,2206,200304800,95578,90800,90800,-4778,-5.0,95558,-20,-0.02,90800,90800,1399-8-19
544,بمپنا,توليد برق عسلويه  مپنا,15,43697,3432049774,82675,78542,78542,-4133,-5.0,82376,-299,-0.36,78542,78542,1399-8-19
545,خكار,ايركا پارت صنعت,15,401275,12583984000,33010,31360,31360,-1650,-5.0,32560,-450,-1.36,31360,31360,1399-8-19
546,ضخود1045,اختيارخ خودرو-4500-1399/10/07,15,185,38716000,177,254,180,3,1.69,209,32,18.08,172,254,1399-8-19
547,سغرب,سيمان‌غرب‌,15,212950,3918280000,19360,18400,18400,-960,-4.96,19280,-80,-0.41,18400,18400,1399-8-19
548,بالبر,كابل‌ البرز,15,150963,3420821580,23850,22660,22660,-1190,-4.99,23760,-90,-0.38,22660,22660,1399-8-19
549,كمنگنز,معادن‌منگنزايران‌,14,6943,655141480,99320,94360,94360,-4960,-4.99,99250,-70,-0.07,94360,94360,1399-8-19
550,تبرك,گروه كارخانجات صنعتي تبرك,14,16022,424118362,27864,26471,26471,-1393,-5.0,27852,-12,-0.04,26471,26471,1399-8-19
551,اخزا721,اسنادخزانه-م21بودجه97-000728,14,62336,53553787485,858667,858500,855450,-3217,-0.37,859115,448,0.05,855422,859999,1399-8-19
552,عيار2,صندوق س. پشتوانه طلاي مفيد,14,140000,140000,30274,1,1,-30273,-100.0,1,-30273,-100.0,1,1,1399-8-19
553,ساربيل,سيمان آرتا اردبيل,14,3410,209271700,64600,61370,61370,-3230,-5.0,64590,-10,-0.02,61370,61370,1399-8-19
554,اخزا805,اسنادخزانه-م5بودجه98-000422,14,34042,30388821466,891624,891184,894901,3277,0.37,892686,1062,0.12,891000,894999,1399-8-19
555,زماهان,مجتمع توليد گوشت مرغ ماهان,14,23842,522568956,23071,21918,21918,-1153,-5.0,23058,-13,-0.06,21918,21918,1399-8-19
556,زمگسا,كشاورزي‌ ودامپروي‌ مگسال‌,14,7400,196174000,27900,26510,26510,-1390,-4.98,27890,-10,-0.04,26510,26510,1399-8-19
557,ثعمرا,عمران و توسعه شاهد,14,113884,1786156656,16509,15684,15684,-825,-5.0,16478,-31,-0.19,15684,15684,1399-8-19
558,خمهر,مهركام‌پارس‌,14,90572,620418200,7210,6850,6850,-360,-4.99,7210,0,0.0,6850,6850,1399-8-19
559,خاور,ايران خودرو ديزل,13,53200,339256400,6574,6377,6377,-197,-3.0,6571,-3,-0.05,6377,6377,1399-8-19
560,سنير,سيمان‌ سفيد ني‌ريز,13,17922,1408489980,82720,78590,78590,-4130,-4.99,82600,-120,-0.15,78590,78590,1399-8-19
561,ضغدر8030,اختيارخ وغدير-6510-1399/08/26,13,73,200464000,2625,2600,2800,175,6.67,2746,121,4.61,2600,2800,1399-8-19
562,الماس,صندوق س.امين تدبيرگران فردا-س,13,739,78515120,105880,108000,105510,-370,-0.35,106245,365,0.34,105500,108000,1399-8-19
563,ثتوسا,س.توسعه و عمران استان اردبيل,13,200209,14319348098,73734,71522,71522,-2212,-3.0,72101,-1633,-2.21,71522,71522,1399-8-19
564,ثپرديس,سرمايه گذاري مسكن پرديس,13,22210,242555410,11495,10921,10921,-574,-4.99,11492,-3,-0.03,10921,10921,1399-8-19
565,اخزا903,اسنادخزانه-م3بودجه99-011110,13,10402,6797956643,656256,654478,659599,3343,0.51,653524,-2732,-0.42,650049,659798,1399-8-19
566,ضسپا8016,اختيارخ خساپا-2000-1399/08/26,12,111,18390000,107,100,190,83,77.57,166,59,55.14,34,190,1399-8-19
567,اخزا723,اسنادخزانه-م23بودجه97-000824,12,105411,89597244400,849988,849999,844000,-5988,-0.7,849980,-8,0.0,843800,850000,1399-8-19
568,ضصاد1103,اختيارخ وبصادر-4000-1399/11/12,12,130,23640000,290,150,200,-90,-31.03,182,-108,-37.24,150,200,1399-8-19
569,ولتجار,واسپاري تجارت وسرمايه ايرانيان,12,129388,752391220,6121,5815,5815,-306,-5.0,6109,-12,-0.2,5815,5815,1399-8-19
570,زعف9908پ05,زعفران9908نگين زرين(پ),12,3247,270056750,85234,80500,83990,-1244,-1.46,83171,-2063,-2.42,80400,84990,1399-8-19
571,ضغدر1118,اختيارخ وغدير-9000-1399/11/26,12,68,138954000,2109,2006,2200,91,4.31,2043,-66,-3.13,2000,2200,1399-8-19
572,وملت,سرمايه گذاري ملت,11,109892,563306392,5230,5126,5126,-104,-1.99,5224,-6,-0.11,5126,5126,1399-8-19
573,ضخود1041,اختيارخ خودرو-2500-1399/10/07,11,57,53897000,827,855,1049,222,26.84,946,119,14.39,855,1049,1399-8-19
574,ضفلا8076,اختيارخ فولاد-8775-1399/08/28,11,66,132330000,1403,2000,2000,597,42.55,2005,602,42.91,2000,2100,1399-8-19
575,غالبر,لبنيات‌ كالبر,11,51736,626522960,12740,12110,12110,-630,-4.95,12730,-10,-0.08,12110,12110,1399-8-19
576,آ س پ,آ.س.پ,11,25712,293631040,12021,11420,11420,-601,-5.0,12017,-4,-0.03,11420,11420,1399-8-19
577,بزاگرس,نيروگاه زاگرس كوثر,11,110831,1551744831,14737,14001,14001,-736,-4.99,14713,-24,-0.16,14001,14001,1399-8-19
578,پست9908-02,پسته فندقي32-30طلاسبززرند9908,11,463,559710840,1166781,1200000,1200000,33219,2.85,1208879,42098,3.61,1200000,1225120,1399-8-19
579,ساذري,آذريت‌,11,22077,134316468,5795,6084,6084,289,4.99,5797,2,0.03,6084,6084,1399-8-19
580,ضترا1118,اختيارخ شتران-12000-1399/11/14,11,55,53060000,825,1180,940,115,13.94,965,140,16.97,900,1180,1399-8-19
581,معيار,سرمايه گذاري معيار صنعت پارس,11,78237,2273567220,29653,29060,29060,-593,-2.0,29515,-138,-0.47,29060,29060,1399-8-19
582,وكادو,تكادو,11,24525,389579625,16376,15885,15885,-491,-3.0,16366,-10,-0.06,15885,15885,1399-8-19
583,پست9908-08,پسته فندقي32-30زرينمه ولات9908,11,73,89432440,1170000,1225000,1225120,55120,4.71,1225102,55102,4.71,1225000,1225120,1399-8-19
584,تملي705,تسهيلات مسكن ب. ملي-مرداد97,10,164,152798692,973717,1022402,925032,-48685,-5.0,931699,-42018,-4.32,925032,973717,1399-8-19
585,كتوكا,توليدي و خدمات صنايع نسوز توكا,10,3382,406513018,126525,120199,120199,-6326,-5.0,126471,-54,-0.04,120199,120199,1399-8-19
586,خكاوه,سايپا ديزل,10,49800,282615000,5850,5675,5675,-175,-2.99,5847,-3,-0.05,5675,5675,1399-8-19
587,ضخود1046,اختيارخ خودرو-5000-1399/10/07,10,477,69136000,178,131,155,-23,-12.92,145,-33,-18.54,130,155,1399-8-19
588,سيلام,سيمان‌ ايلام‌,10,6226,63442940,10720,10190,10190,-530,-4.94,10720,0,0.0,10190,10190,1399-8-19
589,ضفلا8070,اختيارخ فولاد-5775-1399/08/28,10,23,100775000,3485,5200,5000,1515,43.47,4382,897,25.74,3923,5200,1399-8-19
590,ختراك,ريخته‌گري‌ تراكتورسازي‌ ايران‌,10,7210,76714400,11190,10640,10640,-550,-4.92,11190,0,0.0,10640,10640,1399-8-19
591,بنيرو,نيروترانس‌,10,2276,125680720,58120,55220,55220,-2900,-4.99,58110,-10,-0.02,55220,55220,1399-8-19
592,وايران,ليزينگ ايرانيان,10,42058,389036500,9730,9250,9250,-480,-4.93,9730,0,0.0,9250,9250,1399-8-19
593,غمهرا,توليدي‌مهرام‌,10,11857,558583270,49580,47110,47110,-2470,-4.98,49550,-30,-0.06,47110,47110,1399-8-19
594,كابگن,توليدي و صنعتي آبگينه‌,9,102550,503417950,4813,4909,4909,96,1.99,4822,9,0.19,4909,4909,1399-8-19
595,ضفلا1154,اختيارخ فولاد-12000-1399/11/28,9,84,135160000,1500,1500,1800,300,20.0,1609,109,7.27,1400,1800,1399-8-19
596,كپرور,فرآوري زغال سنگ پروده طبس,9,2967,133743459,47449,45077,45077,-2372,-5.0,47442,-7,-0.01,45077,45077,1399-8-19
597,ضفلا8068,اختيارخ فولاد-4751-1399/08/28,9,40,351661560,4735,4947,6014,1279,27.01,5467,732,15.46,4947,6014,1399-8-19
598,تماوند,تامين سرمايه دماوند,9,26884,396969144,15222,14766,14766,-456,-3.0,15212,-10,-0.07,14766,14766,1399-8-19
599,وسبوشهر,شركت س استان بوشهر,9,80692,96830400,1260,1200,1200,-60,-4.76,1260,0,0.0,1200,1200,1399-8-19
600,ساروج,بين المللي ساروج بوشهر,9,42870,823318350,19798,19205,19205,-593,-3.0,19773,-25,-0.13,19205,19205,1399-8-19
601,تكمبا,كمباين‌ سازي‌ ايران‌,9,38684,370592720,10080,9580,9580,-500,-4.96,10080,0,0.0,9580,9580,1399-8-19
602,اخزا804,اسنادخزانه-م4بودجه98-000421,9,5129,4572686967,888273,891130,891700,3427,0.39,891536,3263,0.37,891130,892999,1399-8-19
603,غاذر,كشت‌وصنعت‌پياذر,9,2013,147915240,77340,73480,73480,-3860,-4.99,77330,-10,-0.01,73480,73480,1399-8-19
604,شپاس,نفت پاسارگاد,9,14988,314433252,22083,20979,20979,-1104,-5.0,22076,-7,-0.03,20979,20979,1399-8-19
605,واتي,سرمايه‌ گذاري‌ آتيه‌ دماوند,9,81254,1075802960,13930,13240,13240,-690,-4.95,13910,-20,-0.14,13240,13240,1399-8-19
606,ثعتما,س. ساختماني اعتماد گستر,9,21525,656146575,32087,30483,30483,-1604,-5.0,32032,-55,-0.17,30483,30483,1399-8-19
607,غشصفا,شيرپاستوريزه‌پگاه‌اصفهان‌,9,7178,216201360,31700,30120,30120,-1580,-4.98,31690,-10,-0.03,30120,30120,1399-8-19
608,زعف9908پ14,زعفران9908پوشالمعمول نوين(پ),9,1397,108927372,82074,78000,77971,-4103,-5.0,77972,-4102,-5.0,77971,78000,1399-8-19
609,پلاست,كارخانجات توليدي پلاستيران,9,7135,298770990,43169,41874,41874,-1295,-3.0,43149,-20,-0.05,41874,41874,1399-8-19
610,كگاز,شيشه‌ و گاز,8,4440,105672000,25050,23800,23800,-1250,-4.99,25050,0,0.0,23800,23800,1399-8-19
611,خشرق,الكتريك‌ خودرو شرق‌,8,7956,152039160,20110,19110,19110,-1000,-4.97,20110,0,0.0,19110,19110,1399-8-19
612,سكرد,سيمان كردستان,8,12308,117295240,10030,9530,9530,-500,-4.99,10030,0,0.0,9530,9530,1399-8-19
613,ضخود1040,اختيارخ خودرو-2000-1399/10/07,8,46,67835000,1300,1680,1355,55,4.23,1475,175,13.46,1310,1700,1399-8-19
614,ولشرق,ليزينگ ايران و شرق,8,176884,1148154044,6832,6491,6491,-341,-4.99,6824,-8,-0.12,6491,6491,1399-8-19
615,غپاك,لبنيات‌ پاك‌,8,6820,83681400,12910,12270,12270,-640,-4.96,12910,0,0.0,12270,12270,1399-8-19
616,شكربن,كربن‌ ايران‌,8,20765,1495080000,75780,72000,72000,-3780,-4.99,75660,-120,-0.16,72000,72000,1399-8-19
617,زشريف,كشت وصنعت شريف آباد,8,7339,164584414,23606,22426,22426,-1180,-5.0,23602,-4,-0.02,22426,22426,1399-8-19
618,نمرينو,ايران‌ مرينوس‌,8,6277,341406030,57250,54390,54390,-2860,-5.0,57230,-20,-0.03,54390,54390,1399-8-19
619,اخزا902,اسنادخزانه-م2بودجه99-011019,8,9134,6035573061,663577,660575,660800,-2777,-0.42,660781,-2796,-0.42,660575,661021,1399-8-19
620,فلوله,لوله‌وماشين‌سازي‌ايران‌,8,2577,55843590,22810,21670,21670,-1140,-5.0,22810,0,0.0,21670,21670,1399-8-19
621,اشاد9,مشاركت دولتي9-شرايط خاص990909,8,100000,99749986500,997500,997499,997500,0,0.0,997500,0,0.0,997499,997500,1399-8-19
622,غگلپا,شير پاستوريزه پگاه گلپايگان,8,1828,129714880,74694,70960,70960,-3734,-5.0,74684,-10,-0.01,70960,70960,1399-8-19
623,فولاي,صنايع فولاد آلياژي يزد,8,1769,87107329,51832,49241,49241,-2591,-5.0,51827,-5,-0.01,49241,49241,1399-8-19
624,حپترو,حمل و نقل پتروشيمي( سهامي عام,8,30000,882900000,30970,29430,29430,-1540,-4.97,30940,-30,-0.1,29430,29430,1399-8-19
625,ضفلا8060,اختيارخ فولاد-3507-1399/08/28,8,21,208604232,6332,5501,6607,275,4.34,6178,-154,-2.43,5501,6607,1399-8-19
626,وسخراج,شركت س استان خراسان جنوبي,8,38750,82925000,2250,2140,2140,-110,-4.89,2250,0,0.0,2140,2140,1399-8-19
627,ضسپا1102,اختيارخ خساپا-2000-1399/11/26,8,250,124851000,444,500,470,26,5.86,499,55,12.39,441,500,1399-8-19
628,خمحور,توليدمحورخودرو,8,162931,8562024050,55310,52550,52550,-2760,-4.99,54780,-530,-0.96,52550,52550,1399-8-19
629,كشم0001پ01,كشمش سبز0001خليل آباد(پ),8,338,117548626,331217,347777,347777,16560,5.0,347777,16560,5.0,347777,347777,1399-8-19
630,ضفلا8079,اختيارخ فولاد-10775-1399/08/28,7,75,58050000,594,900,690,96,16.16,774,180,30.3,690,900,1399-8-19
631,زير0003پ02,زيره سبز0003 دانش(پ),7,391,179499868,483987,455000,475000,-8987,-1.86,459079,-24908,-5.15,453286,475000,1399-8-19
632,ولملت,واسپاري ملت,7,203320,2203988800,11410,10840,10840,-570,-5.0,11380,-30,-0.26,10840,10840,1399-8-19
633,پست9908-04,پسته فندقي32-30سبزدانه9908,7,63,73153360,1285953,1110000,1225120,-60833,-4.73,1161164,-124789,-9.7,1110000,1225120,1399-8-19
634,زعف9908پ09,زعفران9908نگين نوين(پ),7,4472,368278832,84000,84000,82032,-1968,-2.34,82352,-1648,-1.96,82011,84000,1399-8-19
635,خلنت,لنت‌ ترمزايران‌,7,6203,540529420,91720,87140,87140,-4580,-4.99,91670,-50,-0.05,87140,87140,1399-8-19
636,ضچاد1016,اختيارخ كچاد-18000-1399/10/02,7,129,109060000,531,1000,998,467,87.95,845,314,59.13,700,1000,1399-8-19
637,شساخت,مهندسي و ساختمان صنايع نفت,7,6615,259255080,40404,39192,39192,-1212,-3.0,40396,-8,-0.02,39192,39192,1399-8-19
638,ضملت1127,اختيارخ وبملت-5000-1399/11/28,7,120,59980000,803,499,500,-303,-37.73,500,-303,-37.73,499,500,1399-8-19
639,ضپاس1000,اختيارخ وپارس-2000-1399/10/30,7,25,18887000,1296,950,899,-397,-30.63,755,-541,-41.74,711,950,1399-8-19
640,طلا2,صندوق س.پشتوانه طلاي لوتوس,7,700000,700000,87947,1,1,-87946,-100.0,1,-87946,-100.0,1,1,1399-8-19
641,تملي703,تسهيلات مسكن ب. ملي-خرداد97,7,126,128328984,969985,1018484,1018484,48499,5.0,1018484,48499,5.0,1018484,1018484,1399-8-19
642,وهنر,گروه توسعه هنر ايران,6,47876,190067720,4092,3970,3970,-122,-2.98,4091,-1,-0.02,3970,3970,1399-8-19
643,پست0008پ09,پسته بادامي30-28مه ولات0008(پ),6,16,25957979,1644166,1719990,1600000,-44166,-2.69,1622374,-21792,-1.33,1599000,1719999,1399-8-19
644,وسكهبو,س.عدالت ا. كهگيلويه وبويراحمد,6,51630,55760400,1130,1080,1080,-50,-4.42,1130,0,0.0,1080,1080,1399-8-19
645,ضبدر1149,اختيارخ شبندر-28000-1399/11/19,6,26,37450000,2343,1000,1750,-593,-25.31,1440,-903,-38.54,1000,1900,1399-8-19
646,ضملت8033,اختيارخ وبملت-6272-1399/08/28,6,99,2049795,5,5,5,0,0.0,5,0,0.0,5,5,1399-8-19
647,ضسپا8015,اختيارخ خساپا-1900-1399/08/26,6,100,26160000,200,250,270,70,35.0,262,62,31.0,250,270,1399-8-19
648,كسعدي,كاشي‌ سعدي‌,6,4830,276372600,60230,57220,57220,-3010,-5.0,60210,-20,-0.03,57220,57220,1399-8-19
649,حخزر,كشتيراني درياي خزر,6,6945,143622600,21768,20680,20680,-1088,-5.0,21765,-3,-0.01,20680,20680,1399-8-19
650,هافق406,اختيارف ت افق-90000-00/06/30,6,1589,11354994,1671,7146,7146,5475,327.65,7146,5475,327.65,7146,7146,1399-8-19
651,ضخوز1013,اختيارخ فخوز-10667-1399/10/16,6,6,39000000,5048,8500,5500,452,8.95,6500,1452,28.76,5500,8500,1399-8-19
652,ثتران,سرمايه گذاري مسكن تهران,6,28823,149216671,5449,5177,5177,-272,-4.99,5448,-1,-0.02,5177,5177,1399-8-19
653,زير0003پ04,زيره سبز0003شركت مينوبذر(پ),6,32,14525720,475000,455000,453286,-21714,-4.57,453929,-21071,-4.44,453286,455000,1399-8-19
654,وسمركز,شركت س استان مركزي,6,30819,40989270,1400,1330,1330,-70,-5.0,1400,0,0.0,1330,1330,1399-8-19
655,حپارسا,توسعه حمل و نقل ريلي پارسيان,6,4179,123267963,31049,29497,29497,-1552,-5.0,31045,-4,-0.01,29497,29497,1399-8-19
656,وسگلستا,شركت س استان گلستان,5,33303,39297540,1240,1180,1180,-60,-4.84,1240,0,0.0,1180,1180,1399-8-19
657,ساراب,سيمان‌ داراب‌,5,2735,31124300,11970,11380,11380,-590,-4.93,11970,0,0.0,11380,11380,1399-8-19
658,ضسان1038,اختيارخ پارسان-18000-99/10/14,5,50,150000000,4000,3000,3000,-1000,-25.0,3000,-1000,-25.0,3000,3000,1399-8-19
659,وپسا,س. پتروشيمي ساختمان  خليج فارس,5,23160,115244160,5129,4976,4976,-153,-2.98,5128,-1,-0.02,4976,4976,1399-8-19
660,ضفلا8078,اختيارخ فولاد-9775-1399/08/28,5,33,65991000,1501,1999,1999,498,33.18,2000,499,33.24,1999,2000,1399-8-19
661,ثغرب,شركت سرمايه گذاري مسكن شمالغرب,5,2900,37473800,13602,12922,12922,-680,-5.0,13601,-1,-0.01,12922,12922,1399-8-19
662,زعف9908پ08,زعفران9908نگين روستا(پ),5,512,43521400,86299,85841,85841,-458,-0.53,85003,-1296,-1.5,82000,85841,1399-8-19
663,وآتوس,س.آرين توسكا قيمت اسمي 350ريال,5,10345,361350850,36010,34930,34930,-1080,-3.0,35990,-20,-0.06,34930,34930,1399-8-19
664,شفارا,پتروشيمي فارابي,5,14098,72745680,5319,5160,5160,-159,-2.99,5318,-1,-0.02,5160,5160,1399-8-19
665,ضپار1116,اختيارخ خپارس-6000-1399/11/19,5,60,79000000,1850,1300,1300,-550,-29.73,1317,-533,-28.81,1300,1400,1399-8-19
666,ميهن,بيمه ميهن,5,9209,45998955,5257,4995,4995,-262,-4.98,5257,0,0.0,4995,4995,1399-8-19
667,اعتماد2,صندوق س.اعتماد آفرين پارسيان-د,5,41000000,41000000,33236,1,1,-33235,-100.0,1,-33235,-100.0,1,1,1399-8-19
668,ضغدر8037,اختيارخ وغدير-10000-1399/08/26,5,20,8142000,101,500,400,299,296.04,407,306,302.97,21,500,1399-8-19
669,اخزا9042,اسنادخزانه-م4بودجه99-011215,5,2533725,1614624687500,640449,638000,637500,-2949,-0.46,637253,-3196,-0.5,637000,638000,1399-8-19
670,خاذين,سايپاآذين‌,5,20084,129943480,6810,6470,6470,-340,-4.99,6810,0,0.0,6470,6470,1399-8-19
671,ثنور,سرمايه گذاري كوه نور,5,22911,165509064,7447,7224,7224,-223,-2.99,7445,-2,-0.03,7224,7224,1399-8-19
672,نطرين,عطرين نخ قم,5,24065,364392230,15938,15142,15142,-796,-4.99,15932,-6,-0.04,15142,15142,1399-8-19
673,ضخود1047,اختيارخ خودرو-6000-1399/10/07,5,108,12000000,101,112,100,-1,-0.99,111,10,9.9,100,112,1399-8-19
674,صگل1411,ص اجاره گل گهر 1411-3 ماهه 17%,5,94,93998927,950001,999999,999988,49987,5.26,999989,49988,5.26,999988,999999,1399-8-19
675,اخزا713,اسنادخزانه-م13بودجه97-000518,5,678,596454114,880000,879102,880000,0,0.0,879726,-274,-0.03,879102,880000,1399-8-19
676,تكنار,مجتمع معادن مس تكنار,5,1265,120062415,97846,94911,94911,-2935,-3.0,97828,-18,-0.02,94911,94911,1399-8-19
677,غشاذر,پگاه‌آذربايجان‌غربي‌,5,2837,54442030,20200,19190,19190,-1010,-5.0,20200,0,0.0,19190,19190,1399-8-19
678,فن آوا,گروه فن آوا,5,5460,77078820,14553,14117,14117,-436,-3.0,14551,-2,-0.01,14117,14117,1399-8-19
679,كرونا2,تامين مالي جمعي صرفا اهداي سود,5,1533,15330000,10000,10000,10000,0,0.0,10000,0,0.0,10000,10000,1399-8-19
680,پلاسك,پلاسكوكار,4,7000,57890000,8700,8270,8270,-430,-4.94,8700,0,0.0,8270,8270,1399-8-19
681,ضمخا7067,اختيارخ اخابر-14000-1400/07/28,4,68,125900000,1703,1800,1700,-3,-0.18,1851,148,8.69,1700,2000,1399-8-19
682,وسين,بيمه سينا,4,1540,29276940,19598,19011,19011,-587,-3.0,19597,-1,-0.01,19011,19011,1399-8-19
683,حاريا,كشتيراني آريا,4,1326,40936272,31826,30872,30872,-954,-3.0,31824,-2,-0.01,30872,30872,1399-8-19
684,ضغدر8041,اختيارخ وغدير-14000-1399/08/26,4,14,370000,1,20,20,19,1900.0,26,25,2500.0,10,40,1399-8-19
685,ضفلا8087,اختيارخ فولاد-18775-1399/08/28,4,89,90000,1,2,1,0,0.0,1,0,0.0,1,2,1399-8-19
686,كمينا,شيشه سازي مينا,4,929,27526270,30546,29630,29630,-916,-3.0,30545,-1,0.0,29630,29630,1399-8-19
687,زعف9908پ06,زعفران 9908پوشالمعمول زرين(پ),4,427,34099417,76336,82000,77971,1635,2.14,79858,3522,4.61,77971,82000,1399-8-19
688,داريك,صندوق س.اعتماد داريك-د,4,6515,65160300,10000,10000,10000,0,0.0,10002,2,0.02,10000,10020,1399-8-19
689,تپمپي,پمپ‌ سازي‌ ايران‌,4,770,27381200,37430,35560,35560,-1870,-5.0,37430,0,0.0,35560,35560,1399-8-19
690,ثاژن,سخت آژند,4,4335,35677050,8572,8230,8230,-342,-3.99,8571,-1,-0.01,8230,8230,1399-8-19
691,ضغدر8027,اختيارخ وغدير-5010-1399/08/26,4,29,118802000,4002,4200,4200,198,4.95,4097,95,2.37,4000,4200,1399-8-19
692,غپونه,نوش پونه مشهد,4,4183,65434669,16126,15643,15643,-483,-3.0,16124,-2,-0.01,15643,15643,1399-8-19
693,فماك,ماداكتو استيل كرد,4,200000,5180000000,28000,25900,25900,-2100,-7.5,25900,-2100,-7.5,25900,25900,1399-8-19
694,حرهشا,رهشاد سپاهان (سهامي عام,4,1000,60375000,62242,60375,60375,-1867,-3.0,62236,-6,-0.01,60375,60375,1399-8-19
695,ضملت8032,اختيارخ وبملت-5789-1399/08/28,4,143,2381075,4,4,4,0,0.0,4,0,0.0,4,5,1399-8-19
696,ضغدر8043,اختيارخ وغدير-16000-1399/08/26,4,34,68000,10,2,2,-8,-80.0,2,-8,-80.0,2,2,1399-8-19
697,زير0003پ01,زيره سبز0003كيميابذر(پ),4,125,57131450,477143,455000,475000,-2143,-0.45,457052,-20091,-4.21,453286,475000,1399-8-19
698,ضسپا8020,اختيارخ خساپا-2800-1399/08/26,4,110,1725000,60,10,15,-45,-75.0,16,-44,-73.33,10,20,1399-8-19
699,چافست,افست‌,4,1545,38872200,26480,25160,25160,-1320,-4.98,26480,0,0.0,25160,25160,1399-8-19
700,ضغدر8021,اختيارخ وغدير-3510-1399/08/26,4,20,110040000,5505,5502,5502,-3,-0.05,5502,-3,-0.05,5502,5502,1399-8-19
701,غدشت,دشت‌ مرغاب‌,4,119,32034800,283360,269200,269200,-14160,-5.0,283350,-10,0.0,269200,269200,1399-8-19
702,تكنو,تكنوتار,3,1131,16512600,15360,14600,14600,-760,-4.95,15360,0,0.0,14600,14600,1399-8-19
703,ضغدر8044,اختيارخ وغدير-17000-1399/08/26,3,28,28000,1,1,1,0,0.0,1,0,0.0,1,1,1399-8-19
704,ضملت8025,اختيارخ وبملت-3616-1399/08/28,3,51,98638620,516,400,590,74,14.34,467,-49,-9.5,400,590,1399-8-19
705,حسير,ريل سير كوثر,3,3550,92740200,27498,26124,26124,-1374,-5.0,27495,-3,-0.01,26124,26124,1399-8-19
706,وحكمت,بيمه حكمت صبا,3,8000,45592000,5875,5699,5699,-176,-3.0,5875,0,0.0,5699,5699,1399-8-19
707,ضچاد1013,اختيارخ كچاد-12000-1399/10/02,3,20,70000000,2500,3500,3500,1000,40.0,3500,1000,40.0,3500,3500,1399-8-19
708,اخزا716,اسنادخزانه-م16بودجه97-000407,3,10508,9404682736,894539,895002,895063,524,0.06,895002,463,0.05,895002,895063,1399-8-19
709,ضپار1117,اختيارخ خپارس-7000-1399/11/19,3,201,160600000,1,600,900,899,89900.0,799,798,79800.0,600,900,1399-8-19
710,ضسپا1103,اختيارخ خساپا-2500-1399/11/26,3,40,23130000,285,611,480,195,68.42,578,293,102.81,480,611,1399-8-19
711,داراب,پتروشيمي داراب,3,13233,40638543,3165,3071,3071,-94,-2.97,3165,0,0.0,3071,3071,1399-8-19
712,ياقوت2,صندوق س ياقوت آگاه-ثابت,3,1005000,1005000,11186,1,1,-11185,-99.99,1,-11185,-99.99,1,1,1399-8-19
713,شمواد,توليد مواداوليه الياف مصنوعي,3,995,62494955,64751,62809,62809,-1942,-3.0,64745,-6,-0.01,62809,62809,1399-8-19
714,وسزنجان,شركت س استان زنجان,3,19058,25728300,1420,1350,1350,-70,-4.93,1420,0,0.0,1350,1350,1399-8-19
715,ضگل8059,اختيارخ كگل-15100-1399/08/21,3,32,529000,89,299,1,-88,-98.88,17,-72,-80.9,1,299,1399-8-19
716,نيرو,نيرو سرمايه,3,1720,80934600,48510,47055,47055,-1455,-3.0,48504,-6,-0.01,47055,47055,1399-8-19
717,اخزا720,اسنادخزانه-م20بودجه97-000324,3,1117,1008664111,901760,905000,903001,1241,0.14,903012,1252,0.14,903001,905000,1399-8-19
718,فبيرا,بسته‌ بندي‌ ايران‌,3,12253,60137724,5059,4908,4908,-151,-2.98,5059,0,0.0,4908,4908,1399-8-19
719,غپآذر,شير پگاه آذربايجان شرقي,3,698,36502608,55048,52296,52296,-2752,-5.0,55046,-2,0.0,52296,52296,1399-8-19
720,ضملت8037,اختيارخ وبملت-8204-1399/08/28,3,125,517625,2,1,1,-1,-50.0,1,-1,-50.0,1,1,1399-8-19
721,ثامان,سامان‌ گستراصفهان‌,3,1204,25621120,22400,21280,21280,-1120,-5.0,22400,0,0.0,21280,21280,1399-8-19
722,فوكا,فولاد كاويان,3,748,15257704,21028,20398,20398,-630,-3.0,21028,0,0.0,20398,20398,1399-8-19
723,كيش1402,اجاره س. و توسعه كيش14020820,3,3750,3750375000,1000100,1000100,1000100,0,0.0,1000100,0,0.0,1000100,1000100,1399-8-19
724,تكشا,گسترش‌صنايع‌وخدمات‌كشاورزي‌,3,556,39848520,75440,71670,71670,-3770,-5.0,75440,0,0.0,71670,71670,1399-8-19
725,كيسون,شركت كيسون,3,970,18562890,19728,19137,19137,-591,-3.0,19728,0,0.0,19137,19137,1399-8-19
726,ضگل8060,اختيارخ كگل-16100-1399/08/21,3,5,27000,100,2,10,-90,-90.0,5,-95,-95.0,2,10,1399-8-19
727,زعف9908پ12,زعفران9908پوشالمعمول سحرخيز(پ),3,540,46535580,84349,86177,86177,1828,2.17,86177,1828,2.17,86177,86177,1399-8-19
728,فنفت,صنايع تجهيزات نفت,3,11650,164218400,14531,14096,14096,-435,-2.99,14527,-4,-0.03,14096,14096,1399-8-19
729,شسم,توليد سموم‌ علف‌ كش,2,310,25860510,81786,83421,83421,1635,2.0,81790,4,0.0,83421,83421,1399-8-19
730,ضفلا8085,اختيارخ فولاد-16775-1399/08/28,2,5,15000,2,4,3,1,50.0,3,1,50.0,3,3,1399-8-19
731,ضچاد1015,اختيارخ كچاد-16000-1399/10/02,2,11,17578000,704,1598,1598,894,126.99,1598,894,126.99,1598,1598,1399-8-19
732,غشوكو,شوكو پارس,2,18447,813826299,45481,44117,44117,-1364,-3.0,45424,-57,-0.13,44117,44117,1399-8-19
733,طمخا7072,اختيارف اخابر-28000-1400/07/28,2,3,29550000,9612,9850,9850,238,2.48,9850,238,2.48,9850,9850,1399-8-19
734,تابا,تابان نيرو سپاهان,2,190,6034780,32744,31762,31762,-982,-3.0,32744,0,0.0,31762,31762,1399-8-19
735,ضپنا1020,اختيارخ رمپنا-13406-1399/10/09,2,2,7405000,2500,2500,2500,0,0.0,2500,0,0.0,2500,2500,1399-8-19
736,ضفلا8088,اختيارخ فولاد-19775-1399/08/28,2,38,38000,1,1,1,0,0.0,1,0,0.0,1,1,1399-8-19
737,سخواف,سيمان مجد خواف,2,661,10649371,16609,16111,16111,-498,-3.0,16609,0,0.0,16111,16111,1399-8-19
738,كقزوي,شيشه‌ قزوين‌,2,1872,16949088,9334,9054,9054,-280,-3.0,9334,0,0.0,9054,9054,1399-8-19
739,حبندر,دريايي و کشتيراني خط دريابندر,2,1225,28058625,23613,22905,22905,-708,-3.0,23612,-1,0.0,22905,22905,1399-8-19
740,ضگل8054,اختيارخ كگل-10100-1399/08/21,2,3,7200000,5000,2500,2200,-2800,-56.0,2400,-2600,-52.0,2200,2500,1399-8-19
741,بشهاب,لامپ‌  پارس‌ شهاب‌,2,160,10068800,66240,62930,62930,-3310,-5.0,66240,0,0.0,62930,62930,1399-8-19
742,پارتا,مجتمع‌صنعتي‌آرتاويل‌تاير,2,1600,96264000,62025,60165,60165,-1860,-3.0,62019,-6,-0.01,60165,60165,1399-8-19
743,ضگل8062,اختيارخ كگل-18100-1399/08/21,2,13,13000,308,1,1,-307,-99.68,1,-307,-99.68,1,1,1399-8-19
744,سميعا002,سلف موازي استاندارد سميعا002,2,253960,304029229840,1186405,1197154,1197154,10749,0.91,1197154,10749,0.91,1197154,1197154,1399-8-19
745,ضگل1141,اختيارخ كگل-14000-1399/11/21,2,150,300000000,3800,2000,2000,-1800,-47.37,2000,-1800,-47.37,2000,2000,1399-8-19
746,ثنظام,س. ساختماني نظام مهندسي ايران,2,370,15737580,43849,42534,42534,-1315,-3.0,43848,-1,0.0,42534,42534,1399-8-19
747,ضمخا7070,اختيارخ اخابر-20000-1400/07/28,2,3,3000000,1456,1000,1000,-456,-31.32,1000,-456,-31.32,1000,1000,1399-8-19
748,ضفلا8071,اختيارخ فولاد-6275-1399/08/28,2,2,7944000,3549,4444,3500,-49,-1.38,3972,423,11.92,3500,4444,1399-8-19
749,بذر2,صندوق س بذر اميد آفرين-سهام,2,4000000,4000000,93290,1,1,-93289,-100.0,1,-93289,-100.0,1,1,1399-8-19
750,تملي704,تسهيلات مسكن ب. ملي-تير97,2,16,31492311,2028918,2130363,2000000,-28918,-1.43,1968269,-60649,-2.99,1927473,2000000,1399-8-19
751,ضغدر8038,اختيارخ وغدير-11000-1399/08/26,2,10,500000,59,50,50,-9,-15.25,50,-9,-15.25,50,50,1399-8-19
752,خچرخش,چرخشگر,2,650,11830000,19150,18200,18200,-950,-4.96,19150,0,0.0,18200,18200,1399-8-19
753,سرو2,صندوق س سروسودمند مدبران-سهام,2,200000,200000,50700,1,1,-50699,-100.0,1,-50699,-100.0,1,1,1399-8-19
754,شستا993,اجاره ت.اجتماعي-كاردان991226,2,30,29700000,990000,990000,990000,0,0.0,990000,0,0.0,990000,990000,1399-8-19
755,ضفلا8086,اختيارخ فولاد-17775-1399/08/28,2,27,95000,65,5,3,-62,-95.38,4,-61,-93.85,3,5,1399-8-19
756,خفنر,فنرسازي‌خاور,2,700,13027000,19580,18610,18610,-970,-4.95,19580,0,0.0,18610,18610,1399-8-19
757,خنصير,مهندسي‌نصيرماشين‌,2,1115,52839850,49880,47390,47390,-2490,-4.99,49880,0,0.0,47390,47390,1399-8-19
758,چكاوه,صنايع‌كاغذسازي‌كاوه‌,2,20140,714768600,37350,35490,35490,-1860,-4.98,37320,-30,-0.08,35490,35490,1399-8-19
759,سنفت001,سلف موازي استاندارد سنفت001,2,56620,60012047580,1058937,1059909,1059909,972,0.09,1059909,972,0.09,1059909,1059909,1399-8-19
760,فسديد,لوله‌وتجهيزات‌ سديد - ورشكسته,2,280,31013360,111880,110762,110762,-1118,-1.0,111873,-7,-0.01,110762,110762,1399-8-19
761,ثشرق,سرمايه گذاري مسكن شمال شرق,2,2075,11537000,5850,5560,5560,-290,-4.96,5850,0,0.0,5560,5560,1399-8-19
762,بالاس,مهندسي ساختمان تاسيسات راه آهن,2,221,10108319,48146,45739,45739,-2407,-5.0,48145,-1,0.0,45739,45739,1399-8-19
763,ضغدر8046,اختيارخ وغدير-19000-1399/08/26,2,10,10000,2701,1,1,-2700,-99.96,1,-2700,-99.96,1,1,1399-8-19
764,تصميم2,صندوق س با درآمد ثابت تصميم,2,2000000,2000000,14785,1,1,-14784,-99.99,1,-14784,-99.99,1,1,1399-8-19
765,پسهند,صنايع‌ لاستيكي‌  سهند,2,32083,1534209060,50330,47820,47820,-2510,-4.99,50250,-80,-0.16,47820,47820,1399-8-19
766,پست0008پ08,پسته فندقي32-30مه ولات0008(پ),2,16,23320000,1476667,1440000,1510000,33333,2.26,1457500,-19167,-1.3,1440000,1510000,1399-8-19
767,ضگل8057,اختيارخ كگل-13100-1399/08/21,2,20,47850000,12,570,3000,2988,24900.0,2392,2380,19833.33,570,3000,1399-8-19
768,فسا,پتروشيمي فسا,2,6900,20292900,3031,2941,2941,-90,-2.97,3031,0,0.0,2941,2941,1399-8-19
769,افاد73,منفعت دولت7-ش.خاص نوين0204,2,200,188881200,899435,944406,944406,44971,5.0,944406,44971,5.0,944406,944406,1399-8-19
770,فبستم,صنايع ‌بسته‌بندي‌ مشهد,2,24850,20277600,793,816,816,23,2.9,793,0,0.0,816,816,1399-8-19
771,ضغدر8013,اختيارخ وغدير-1910-1399/08/26,1,14,98028000,7401,7002,7002,-399,-5.39,7002,-399,-5.39,7002,7002,1399-8-19
772,زعف9908پ17,زعفران9908پوشالمعمول بيرجند(پ),1,120,9356520,79785,77971,77971,-1814,-2.27,77971,-1814,-2.27,77971,77971,1399-8-19
773,فملي2,ملي‌ صنايع‌ مس‌ ايران‌,1,5000000,101000000000,19980,20200,20200,220,1.1,20200,220,1.1,20200,20200,1399-8-19
774,لپيام,گسترش صنايع پيام,1,170,5083680,30828,29904,29904,-924,-3.0,30828,0,0.0,29904,29904,1399-8-19
775,شستا003,اجاره تامين اجتماعي-سپهر000523,1,10,9900010,990001,990001,990001,0,0.0,990001,0,0.0,990001,990001,1399-8-19
776,اروند10,منفعت صبا اروند لوتوس 14001222,1,2000,2040000000,992067,1020000,1020000,27933,2.82,1020000,27933,2.82,1020000,1020000,1399-8-19
777,رمپنا2,گروه مپنا (سهامي عام),1,20000000,302400000000,15910,15120,15120,-790,-4.97,15120,-790,-4.97,15120,15120,1399-8-19
778,دمعيار2,صندوق س. توازن معيار-د,1,1300000,1300000,10011,1,1,-10010,-99.99,1,-10010,-99.99,1,1,1399-8-19
779,وايرا,سرمايه گذاري صنايع ايران,1,1700,14902200,9037,8766,8766,-271,-3.0,9037,0,0.0,8766,8766,1399-8-19
780,غنيلي,مجتمع توليدي نيلي صنعت كرمان,1,15000,246150000,16410,16410,16410,0,0.0,16410,0,0.0,16410,16410,1399-8-19
781,فالوم,آلومتك‌,1,206,6952706,34794,33751,33751,-1043,-3.0,34794,0,0.0,33751,33751,1399-8-19
782,ضملت1125,اختيارخ وبملت-4000-1399/11/28,1,10,7250000,725,725,725,0,0.0,725,0,0.0,725,725,1399-8-19
783,ضسپا8023,اختيارخ خساپا-3400-1399/08/26,1,100,1000000,11,10,10,-1,-9.09,10,-1,-9.09,10,10,1399-8-19
784,اراد41,مرابحه عام دولت4-ش.خ 0006,1,500,527250000,1044500,1054500,1054500,10000,0.96,1054500,10000,0.96,1054500,1054500,1399-8-19
785,وسنا,سرمايه گذاري نيروگاهي ايران,1,1500,21949500,15085,14633,14633,-452,-3.0,15085,0,0.0,14633,14633,1399-8-19
786,آينده,بازرگاني آينده سازان بهشت پارس,1,250,5513750,22737,22055,22055,-682,-3.0,22737,0,0.0,22055,22055,1399-8-19
787,فمراد,آلومراد,1,2000,284860000,149920,142430,142430,-7490,-5.0,149880,-40,-0.03,142430,142430,1399-8-19
788,ضصاد1105,اختيارخ وبصادر-5000-1399/11/12,1,4,400000,320,100,100,-220,-68.75,100,-220,-68.75,100,100,1399-8-19
789,ضغدر8036,اختيارخ وغدير-9500-1399/08/26,1,14,7000000,11,500,500,489,4445.45,500,489,4445.45,500,500,1399-8-19
790,ثزاگرس2,سرمايه گذاري توسعه عمران زاگرس,1,660000,28200480000,41484,42728,42728,1244,3.0,42728,1244,3.0,42728,42728,1399-8-19
791,ضصاد1107,اختيارخ وبصادر-7000-1399/11/12,1,64,4736000,71,74,74,3,4.23,74,3,4.23,74,74,1399-8-19
792,ضغدر8047,اختيارخ وغدير-20000-1399/08/26,1,12,12000,1,1,1,0,0.0,1,0,0.0,1,1,1399-8-19
793,صينا205,صكوك منفعت سينا دارو-3ماهه 19%,1,50,50000000,1005650,1000000,1000000,-5650,-0.56,1000000,-5650,-0.56,1000000,1000000,1399-8-19
794,ضمخا7075,اختيارخ اخابر-9000-1400/07/28,1,10,55000000,2899,5500,5500,2601,89.72,5500,2601,89.72,5500,5500,1399-8-19
795,ارزش2,صندوق س ارزش آفرين بيدار-سهام,1,5000000,5000000,8530,1,1,-8529,-99.99,1,-8529,-99.99,1,1,1399-8-19
796,ضغدر8033,اختيارخ وغدير-8010-1399/08/26,1,2,2200000,1800,1100,1100,-700,-38.89,1100,-700,-38.89,1100,1100,1399-8-19
797,شبريز2,پالايش نفت تبريز,1,4000000,103680000000,26940,25920,25920,-1020,-3.79,25920,-1020,-3.79,25920,25920,1399-8-19
798,خودرو2,ايران‌ خودرو,1,33000000,100320000000,3190,3040,3040,-150,-4.7,3040,-150,-4.7,3040,3040,1399-8-19
799,ومشان,س. فني و مهندسي مشانير,1,130,7316270,59241,56279,56279,-2962,-5.0,59240,-1,0.0,56279,56279,1399-8-19
800,فجر2,فولاد اميركبيركاشان,1,2150000,119970000000,56600,55800,55800,-800,-1.41,55800,-800,-1.41,55800,55800,1399-8-19
801,وثخوز2,سرمايه گذاري و توسعه خوزستان,1,700000,22712900000,33450,32447,32447,-1003,-3.0,32447,-1003,-3.0,32447,32447,1399-8-19
802,خوساز,محورسازان‌ايران‌خودرو,1,575,5014000,9170,8720,8720,-450,-4.91,9170,0,0.0,8720,8720,1399-8-19
803,تملي802,تسهيلات مسكن ب. ملي-ارديبهشت98,1,1,1407341,1481411,1407341,1407341,-74070,-5.0,1407341,-74070,-5.0,1407341,1407341,1399-8-19
804,اوصتا4,صندوق انديشه ورزان صباتامين -د,1,11800000,200482000000,16968,16990,16990,22,0.13,16990,22,0.13,16990,16990,1399-8-19
805,ضپار1115,اختيارخ خپارس-5000-1399/11/19,1,10,20000000,800,2000,2000,1200,150.0,2000,1200,150.0,2000,2000,1399-8-19
806,لكما,كارخانجات‌مخابراتي‌ايران‌,1,14094,149255460,10917,10590,10590,-327,-3.0,10914,-3,-0.03,10590,10590,1399-8-19
807,ثروتم2,صندوق س. ثروت آفرين پارسيان-س,1,100000,100000,88951,1,1,-88950,-100.0,1,-88950,-100.0,1,1,1399-8-19
808,صمسكن912,ص دين مسكن جنوب-ماهانه16درصد,1,120,9851880,82099,82099,82099,0,0.0,82099,0,0.0,82099,82099,1399-8-19
809,وسخراش,شركت س استان خراسان شمالي,1,10000,13300000,1390,1330,1330,-60,-4.32,1390,0,0.0,1330,1330,1399-8-19
810,بسويچ,پارس‌سويچ‌,1,127,5173980,42880,40740,40740,-2140,-4.99,42880,0,0.0,40740,40740,1399-8-19
811,طمخا7068,اختيارف اخابر-16000-1400/07/28,1,8,6808000,698,851,851,153,21.92,851,153,21.92,851,851,1399-8-19
812,اخزا718,اسنادخزانه-م18بودجه97-000525,1,700,613446400,875584,876352,876352,768,0.09,876352,768,0.09,876352,876352,1399-8-19
813,كمند2,صندوق س. با درآمد ثابت كمند,1,10000000,10000000,10062,1,1,-10061,-99.99,1,-10061,-99.99,1,1,1399-8-19
814,اطلس2,صندوق س.توسعه اندوخته آينده-س,1,10000,10000,164580,1,1,-164579,-100.0,1,-164579,-100.0,1,1,1399-8-19
815,طمخا7071,اختيارف اخابر-24000-1400/07/28,1,14,116914000,6948,8351,8351,1403,20.19,8351,1403,20.19,8351,8351,1399-8-19
816,خراسان2,پتروشيمي خراسان,1,1600000,99504000000,63850,62190,62190,-1660,-2.6,62190,-1660,-2.6,62190,62190,1399-8-19
817,زنگان,صنعت روي زنگان,1,33,5045073,160927,152881,152881,-8046,-5.0,160926,-1,0.0,152881,152881,1399-8-19
818,فنرژي,گسترش صنايع انرژي آذرآب,1,2000,21278000,10856,10639,10639,-217,-2.0,10856,0,0.0,10639,10639,1399-8-19
819,خساپا2,سايپا,1,50000000,103500000000,2170,2070,2070,-100,-4.61,2070,-100,-4.61,2070,2070,1399-8-19
820,ضچاد1012,اختيارخ كچاد-10000-1399/10/02,1,5,29500000,4000,5900,5900,1900,47.5,5900,1900,47.5,5900,5900,1399-8-19
821,گندم2,مرابحه گندم2-واجدشرايط خاص1400,1,500,500000000,975005,1000000,1000000,24995,2.56,1000000,24995,2.56,1000000,1000000,1399-8-19
822,ضگل8064,اختيارخ كگل-21100-1399/08/21,1,38,38000,1,1,1,0,0.0,1,0,0.0,1,1,1399-8-19
823,ضملت1123,اختيارخ وبملت-3000-1399/11/28,1,1,1599000,2000,1599,1599,-401,-20.05,1599,-401,-20.05,1599,1599,1399-8-19
824,فجوش,جوش‌ و اكسيژن‌ ايران‌,1,40,64280,1531,1607,1607,76,4.96,1531,0,0.0,1607,1607,1399-8-19
825,لخانه,لوازم‌ خانگي‌ پارس‌,1,89,5057870,58587,56830,56830,-1757,-3.0,58587,0,0.0,56830,56830,1399-8-19
826,ضغدر8034,اختيارخ وغدير-8500-1399/08/26,1,1,1111000,504,1111,1111,607,120.44,1111,607,120.44,1111,1111,1399-8-19
827,ضغدر8035,اختيارخ وغدير-9000-1399/08/26,1,2,802000,2890,401,401,-2489,-86.12,401,-2489,-86.12,401,401,1399-8-19
828,اراد314,مرابحه عام دولت3-ش.خ 0208,1,10000000,8919340000000,1000000,891934,891934,-108066,-10.81,891934,-108066,-10.81,891934,891934,1399-8-19
829,بتك,كارخانجات كابل سازي‌ تك‌,1,640,21982720,33675,34348,34348,673,2.0,33676,1,0.0,34348,34348,1399-8-19
830,ضملي1151,اختيارخ فملي-16224-1399/11/05,1,1,2000000,2000,2000,2000,0,0.0,2000,0,0.0,2000,2000,1399-8-19
831,تملي702,تسهيلات مسكن ب. ملي-ارديبهشت97,1,5,6500000,1330923,1300000,1300000,-30923,-2.32,1300000,-30923,-2.32,1300000,1300000,1399-8-19
832,ضملي1154,اختيارخ فملي-24336-1399/11/05,1,10,1990000,51,199,199,148,290.2,199,148,290.2,199,199,1399-8-19
833,زعف9908پ15,زعفران9908پوشالمعمول طلاسرخ(پ),1,66,5146086,76632,77971,77971,1339,1.75,77971,1339,1.75,77971,77971,1399-8-19
834,جهرم,پتروشيمي جهرم,1,2500,7977500,3289,3191,3191,-98,-2.98,3289,0,0.0,3191,3191,1399-8-19
835,اخزا8122,اسنادخزانه-م12بودجه98-001111,1,250000,201600000000,806063,806400,806400,337,0.04,806400,337,0.04,806400,806400,1399-8-19
836,اراد354,مرابحه عام دولت3-ش.خ 0103,1,10000000,9483750000000,949038,948375,948375,-663,-0.07,948375,-663,-0.07,948375,948375,1399-8-19
837,شخارك2,پتروشيمي‌ خارك‌,1,22300000,796779000000,35730,35730,35730,0,0.0,35730,0,0.0,35730,35730,1399-8-19
838,ورازي,بيمه رازي,1,1200,17386800,15251,14489,14489,-762,-5.0,15250,-1,-0.01,14489,14489,1399-8-19
839,صفارس037,صكوك اجاره فارس037- 3ماهه18%,1,10,10600000,1050000,1060000,1060000,10000,0.95,1060000,10000,0.95,1060000,1060000,1399-8-19
840,فنوال,نورد آلومينيوم‌,1,160,5364800,35290,33530,33530,-1760,-4.99,35290,0,0.0,33530,33530,1399-8-19
841,خفناور,مهندسي صنعتي روان فن آور,1,500,12053500,24852,24107,24107,-745,-3.0,24852,0,0.0,24107,24107,1399-8-19
842,صايپا012,صكوك مرابحه سايپا012-3ماهه 16%,1,1,1050000,1019950,1050000,1050000,30050,2.95,1050000,30050,2.95,1050000,1050000,1399-8-19
843,خموتور,موتورسازان‌تراكتورسازي‌ايران‌,1,1000,11600000,12210,11600,11600,-610,-5.0,12210,0,0.0,11600,11600,1399-8-19
844,ضخوز1014,اختيارخ فخوز-12191-1399/10/16,1,1,3300000,2128,3300,3300,1172,55.08,3300,1172,55.08,3300,3300,1399-8-19
