,نماد,نام,تعداد,حجم,ارزش,دیروز,اولین,آخرین معامله - مقدار,آخرین معامله - تغییر,آخرین معامله - درصد,قیمت پایانی - مقدار,قیمت پایانی - تغییر,قیمت پایانی - درصد,کمترین,بیشترین,تاریخ
0,شستا,سرمايه گذاري تامين اجتماعي,79730,411159311,12138989780070,35940,29000,30450,-5490,-15.28,29520,-6420,-17.86,28980,30450,1399-8-27
1,وسپهر,سرمايه گذاري مالي سپهرصادرات,79157,221481918,2712896078716,12214,12101,12250,36,0.29,12249,35,0.29,11855,12500,1399-8-27
2,پيزد,مجتمع صنايع لاستيك يزد,75656,9744386,876222015504,93485,88811,88815,-4670,-5.0,89921,-3564,-3.81,88811,92989,1399-8-27
3,دارا يكم,صندوق واسطه گري مالي يكم-سهام,67913,39579782,7584923090260,189730,189900,191500,1770,0.93,191640,1910,1.01,188910,194480,1399-8-27
4,خزاميا,زامياد,52919,368718007,5330676581770,14760,14030,14800,40,0.27,14460,-300,-2.03,14030,15150,1399-8-27
5,خودرو,ايران‌ خودرو,52048,1621289949,6182573507060,3650,3720,3830,180,4.93,3810,160,4.38,3670,3830,1399-8-27
6,وپويا,سرمايه گذاري پويا,47856,85174465,830606817423,9967,9800,9540,-427,-4.28,9752,-215,-2.16,9469,10200,1399-8-27
7,ثاميد,توسعه و عمران اميد,47072,448859655,1099986088450,2360,2350,2470,110,4.66,2450,90,3.81,2310,2470,1399-8-27
8,بپيوند,برق و انرژي پيوندگستر پارس,39687,40055065,1007507936180,25142,24900,24940,-202,-0.8,25153,11,0.04,24072,26000,1399-8-27
9,سيتا,سرمايه گذاري سيمان تامين,36609,64977291,1141122986930,17250,17000,18000,750,4.35,17560,310,1.8,17000,18000,1399-8-27
10,شاروم,پتروشيمي اروميه,34786,11919063,237651588595,19929,19700,19700,-229,-1.15,19939,10,0.05,19201,20450,1399-8-27
11,زملارد,كشاورزي و دامپروري ملارد شير,33159,3779429,138836237236,36734,35500,36490,-244,-0.66,36735,1,0.0,35360,37570,1399-8-27
12,فولاد,فولاد مباركه اصفهان,32557,235596378,3194374712160,12970,12990,13610,640,4.93,13560,590,4.55,12980,13610,1399-8-27
13,ثبهساز,بهساز كاشانه تهران,30925,233026117,676528469690,2800,2770,2940,140,5.0,2900,100,3.57,2730,2940,1399-8-27
14,امين,تامين سرمايه امين,30872,46328985,529300198400,11450,11400,11480,30,0.26,11420,-30,-0.26,11090,11750,1399-8-27
15,پترول,گروه پتروشيمي س. ايرانيان,26444,138307587,1833799336210,13080,12910,13500,420,3.21,13260,180,1.38,12700,13620,1399-8-27
16,غزر,صنعتي زر ماكارون,26041,5995304,309736316040,49580,52600,52000,2420,4.88,51660,2080,4.2,50330,52800,1399-8-27
17,آبادا,توليد نيروي برق آبادان,25540,10292723,181689324750,17720,17200,17700,-20,-0.11,17650,-70,-0.4,17200,18120,1399-8-27
18,بگيلان,توسعه مسير برق گيلان,25299,8870339,236285260197,26330,26840,26600,270,1.03,26638,308,1.17,26000,27500,1399-8-27
19,صباح,ح . سرمايه گذاري صبا تامين,21934,100811066,581363951019,5768,5580,5790,22,0.38,5767,-1,-0.02,5580,5860,1399-8-27
20,گدنا,تهيه توزيع غذاي دنا آفرين فدك,19661,1613423,34115829335,20139,21145,21145,1006,5.0,20730,591,2.93,21145,21145,1399-8-27
21,خگستر,گسترش‌سرمايه‌گذاري‌ايران‌خودرو,17320,385751969,1402382020580,3480,3540,3650,170,4.89,3640,160,4.6,3500,3650,1399-8-27
22,آريا,پليمر آريا ساسول,16900,3847665,657307952994,168807,168300,171610,2803,1.66,170833,2026,1.2,168000,175000,1399-8-27
23,رافزا,رايان هم افزا,15551,90457,3214389495,33843,35535,35535,1692,5.0,33946,103,0.3,35535,35535,1399-8-27
24,ولپارس,ليزينگ پارسيان,15014,1614670,8477017500,5000,5250,5250,250,5.0,5030,30,0.6,5250,5250,1399-8-27
25,حكشتي,كشتيراني جمهوري اسلامي ايران,14726,63295051,1683414195130,25490,25560,26760,1270,4.98,26600,1110,4.35,24900,26760,1399-8-27
26,فارس,صنايع پتروشيمي خليج فارس,14605,71345830,891473071010,12300,12000,12660,360,2.93,12500,200,1.63,12000,12800,1399-8-27
27,انرژي3,سايراشخاص بورس انرژي,14361,4556170,1232006962710,278860,264920,272400,-6460,-2.32,270400,-8460,-3.03,264920,287000,1399-8-27
28,وساپا,سرمايه‌گذاري‌ سايپا,14226,144471515,1159129310550,8010,7900,8040,30,0.37,8020,10,0.12,7780,8270,1399-8-27
29,بكام,كارخانجات توليدي شهيد قندي,13006,157433577,677553498930,4310,4100,4430,120,2.78,4300,-10,-0.23,4100,4490,1399-8-27
30,وبملت,بانك ملت,12909,325197762,1637458191890,4810,4880,5050,240,4.99,5040,230,4.78,4870,5050,1399-8-27
31,بركت,گروه دارويي بركت,12493,63901092,900302016180,13490,14000,14160,670,4.97,14090,600,4.45,13530,14160,1399-8-27
32,ذوب,سهامي ذوب آهن  اصفهان,12354,264179731,1247649607308,4516,4520,4741,225,4.98,4723,207,4.58,4516,4741,1399-8-27
33,خمحركه,نيرو محركه‌,11434,103756899,607139928880,5880,5730,5830,-50,-0.85,5850,-30,-0.51,5610,6080,1399-8-27
34,ثشاهد,سرمايه‌ گذاري‌ شاهد,10773,57140654,1487321243960,24900,24900,26140,1240,4.98,26030,1130,4.54,24020,26140,1399-8-27
35,ونوين,بانك‌اقتصادنوين‌,10699,251744925,1221710636540,4800,4720,4880,80,1.67,4850,50,1.04,4660,5000,1399-8-27
36,صبا,سرمايه گذاري صبا تامين,10156,46439648,386199358604,7965,8110,8363,398,5.0,8316,351,4.41,7971,8363,1399-8-27
37,تاپيكو,س. نفت و گاز و پتروشيمي تأمين,9703,89610363,1316047578110,14020,14050,14720,700,4.99,14690,670,4.78,14040,14720,1399-8-27
38,شگويا,پتروشيمي تندگويان,9642,54443711,594654815389,10436,10700,10957,521,4.99,10922,486,4.66,10436,10957,1399-8-27
39,غشهداب,كشت و صنعت شهداب ناب خراسان,9536,104780958,448898469562,4373,4180,4299,-74,-1.69,4284,-89,-2.04,4155,4490,1399-8-27
40,ومعادن,توسعه‌معادن‌وفلزات‌,9443,65599473,897483445680,13290,13010,13920,630,4.74,13680,390,2.93,13000,13940,1399-8-27
41,كماسه,تامين‌ ماسه‌ ريخته‌گري‌,9065,16133156,739735461090,46320,44010,47380,1060,2.29,45850,-470,-1.01,44010,48350,1399-8-27
42,ميهن,بيمه ميهن,8607,132507425,676482896737,5209,4949,5222,13,0.25,5105,-104,-2.0,4949,5350,1399-8-27
43,خريخت,صنايع‌ريخته‌گري‌ايران‌,8560,125170928,522298400330,4340,4130,4220,-120,-2.76,4170,-170,-3.92,4130,4290,1399-8-27
44,وبصادر,بانك صادرات ايران,8342,271014822,835703294130,2950,3050,3090,140,4.75,3080,130,4.41,2980,3090,1399-8-27
45,خاذين,سايپاآذين‌,8216,87027098,515122555490,6120,6050,5820,-300,-4.9,5920,-200,-3.27,5820,6110,1399-8-27
46,خزر,فنرسازي‌زر,7788,48341765,779483128100,14170,15810,15980,1810,12.77,16120,1950,13.76,15500,16600,1399-8-27
47,ثباغ,شهر سازي و خانه سازي باغميشه,7636,31207728,886259404739,29518,30993,28043,-1475,-5.0,28399,-1119,-3.79,28043,30993,1399-8-27
48,كترام,توليدي‌ كاشي‌ تكسرام‌,7362,17448233,584536745450,32300,33910,33910,1610,4.98,33500,1200,3.72,32320,33910,1399-8-27
49,ونيرو,سرمايه‌گذاري‌نيرو,7200,155662518,679064752730,4190,4200,4390,200,4.77,4360,170,4.06,4060,4390,1399-8-27
50,حسير,ريل سير كوثر,6802,39500137,701495247318,17600,16720,18480,880,5.0,17759,159,0.9,16720,18480,1399-8-27
51,نوري,پتروشيمي نوري,6747,3021996,575221021390,185520,186000,192190,6670,3.6,190340,4820,2.6,185540,194000,1399-8-27
52,كگاز,شيشه‌ و گاز,6491,18388421,442229992260,23560,22390,24730,1170,4.97,24050,490,2.08,22390,24730,1399-8-27
53,فرابورس,فرابورس ايران,6189,16135082,756170755981,44874,44500,47117,2243,5.0,46865,1991,4.44,43720,47117,1399-8-27
54,وخارزم,سرمايه گذاري خوارزمي,5976,59299324,512834384980,8260,8420,8670,410,4.96,8650,390,4.72,8260,8670,1399-8-27
55,قنيشا,قند  نيشابور,5904,14305581,1080207218560,79040,75090,76450,-2590,-3.28,75510,-3530,-4.47,75090,77600,1399-8-27
56,غگيلا,شيرپاستوريزه پگاه گيلان,5894,88316,1555068128,16770,17608,17608,838,5.0,16795,25,0.15,17608,17608,1399-8-27
57,شيران,س. صنايع‌شيميايي‌ايران,5837,16343347,469556282620,28660,28100,28700,40,0.14,28730,70,0.24,27760,29600,1399-8-27
58,بجهرم,توسعه مولد نيروگاهي جهرم,5586,63820926,236036604628,3594,3595,3740,146,4.06,3698,104,2.89,3550,3768,1399-8-27
59,وايران,ليزينگ ايرانيان,5541,51167496,483374517510,9670,9190,9630,-40,-0.41,9450,-220,-2.28,9190,9900,1399-8-27
60,خاهن,آهنگري‌ تراكتورسازي‌ ايران‌,5524,27538663,924674963390,35100,33350,34000,-1100,-3.13,33580,-1520,-4.33,33350,35470,1399-8-27
61,ورنا,سرمايه‌گذاري‌ رنا(هلدينگ‌,5453,44690897,369049961180,8170,8150,8300,130,1.59,8260,90,1.1,7900,8450,1399-8-27
62,ساوه,سيمان ساوه,5436,3063382,140531562733,43944,42061,46141,2197,5.0,45875,1931,4.39,42061,46141,1399-8-27
63,ولساپا,ليزينگ رايان‌ سايپا,5108,90222158,366269672370,3930,3900,4120,190,4.83,4060,130,3.31,3800,4120,1399-8-27
64,فملي,ملي‌ صنايع‌ مس‌ ايران‌,5025,39210783,940274576340,22840,23980,23980,1140,4.99,23980,1140,4.99,23980,23980,1399-8-27
65,وبيمهح,ح . سرمايه‌ گذاري‌ صنعت‌ بيمه‌,4966,204851822,242700851380,1190,1140,1200,10,0.84,1180,-10,-0.84,1130,1220,1399-8-27
66,زدشت,كشت و صنعت دشت خرم دره,4929,12736556,445027480523,34227,34450,35300,1073,3.13,34941,714,2.09,33000,36200,1399-8-27
67,فخوز,فولاد  خوزستان,4836,18500188,718838790290,37140,38000,38990,1850,4.98,38860,1720,4.63,37140,38990,1399-8-27
68,وملل,اعتباري ملل,4831,35015992,509294174190,14604,14800,14600,-4,-0.03,14545,-59,-0.4,14010,15096,1399-8-27
69,ختوقا,قطعات‌ اتومبيل‌ ايران‌,4828,76952759,249763369060,3130,3120,3280,150,4.79,3250,120,3.83,3070,3280,1399-8-27
70,شبندر,پالايش نفت بندرعباس,4784,33167033,866207493760,24920,25800,26160,1240,4.98,26120,1200,4.82,25400,26160,1399-8-27
71,وساخت,سرمايه‌ گذاري‌ ساختمان‌ايران‌,4560,6058642,384704281770,60790,62800,63820,3030,4.98,63500,2710,4.46,61200,63820,1399-8-27
72,دتوليد,داروسازي توليد دارو,4479,15906626,413872061566,26575,25250,26800,225,0.85,26019,-556,-2.09,25247,27500,1399-8-27
73,كاوه,فولاد كاوه جنوب كيش,4336,40217442,832636780530,19820,19820,20810,990,4.99,20700,880,4.44,19510,20810,1399-8-27
74,وپاسار,بانك  پاسارگاد,4334,55198712,537109800870,9320,9500,9780,460,4.94,9730,410,4.4,9320,9780,1399-8-27
75,فلوله,لوله‌وماشين‌سازي‌ايران‌,4327,17753504,355636161040,20900,19860,20130,-770,-3.68,20030,-870,-4.16,19860,20740,1399-8-27
76,مرقام,ايران‌ارقام‌,4325,12463609,270309360880,21380,20520,22440,1060,4.96,21690,310,1.45,20340,22440,1399-8-27
77,هاي وب,داده گسترعصرنوين-هاي وب,4246,15944488,367054379470,22260,22250,23370,1110,4.99,23020,760,3.41,22130,23370,1399-8-27
78,قشير,قند شيروان قوچان و بجنورد,4164,13913537,343620397344,22737,23999,25010,2273,10.0,24697,1960,8.62,23000,25010,1399-8-27
79,ثاخت,بين‌المللي‌توسعه‌ساختمان,4137,55683867,211467096820,3660,3760,3840,180,4.92,3800,140,3.83,3550,3840,1399-8-27
80,كمند,صندوق س. با درآمد ثابت كمند,4073,183086237,1842998804594,10072,10075,10066,-6,-0.06,10066,-6,-0.06,10060,10075,1399-8-27
81,خوساز,محورسازان‌ايران‌خودرو,3991,25091357,191525022020,7810,7470,7550,-260,-3.33,7630,-180,-2.3,7420,8000,1399-8-27
82,كچاد,معدني‌وصنعتي‌چادرملو,3975,15651972,273777372200,16810,16890,17650,840,5.0,17490,680,4.05,16660,17650,1399-8-27
83,خشرق,الكتريك‌ خودرو شرق‌,3968,18020074,307442700970,17840,16950,16950,-890,-4.99,17060,-780,-4.37,16950,17780,1399-8-27
84,تملت,تامين سرمايه بانك ملت,3946,25434398,223428755270,8020,8500,8920,900,11.22,8780,760,9.48,8500,8920,1399-8-27
85,پكوير,كوير تاير,3938,13543115,219365789320,16140,16150,15810,-330,-2.04,16200,60,0.37,15380,16890,1399-8-27
86,خساپا,سايپا,3929,252926526,629787049740,2380,2490,2490,110,4.62,2490,110,4.62,2490,2490,1399-8-27
87,غپينو,پارس‌ مينو,3908,24877021,170272519370,6850,6620,6870,20,0.29,6840,-10,-0.15,6610,7140,1399-8-27
88,رانفور,خدمات‌انفورماتيك‌,3906,9093020,304896022770,33570,33570,33090,-480,-1.43,33530,-40,-0.12,32550,34600,1399-8-27
89,آگاس,صندوق س.هستي بخش آگاه-س,3789,5924480,386551453291,63625,63894,65988,2363,3.71,65246,1621,2.55,63000,66000,1399-8-27
90,غسالم,سالمين‌,3771,26325756,117815579420,4470,4320,4490,20,0.45,4480,10,0.22,4280,4580,1399-8-27
91,پكرمان,گروه‌ صنعتي‌ بارز,3760,9346170,277559600300,29050,28750,30100,1050,3.61,29700,650,2.24,28500,30440,1399-8-27
92,مدير,ص.س.مديريت ثروت ص.بازنشستگي-س,3753,19267344,204771990018,10450,10492,10690,240,2.3,10628,178,1.7,10320,10860,1399-8-27
93,خموتور,موتورسازان‌تراكتورسازي‌ايران‌,3661,22598139,237882335090,10980,10440,10440,-540,-4.92,10530,-450,-4.1,10440,10950,1399-8-27
94,ثشرق,سرمايه گذاري مسكن شمال شرق,3622,49517074,254961758230,5360,5100,5200,-160,-2.99,5150,-210,-3.92,5100,5280,1399-8-27
95,وشهر,بانك شهر,3597,75182794,505573312643,6594,6725,6725,131,1.99,6725,131,1.99,6600,6725,1399-8-27
96,وپارس,بانك‌پارسيان‌,3539,185056495,595374398990,3080,3100,3230,150,4.87,3220,140,4.55,3080,3230,1399-8-27
97,وپست,پست بانك ايران,3485,30188974,405016665860,12830,13200,13470,640,4.99,13420,590,4.6,13000,13470,1399-8-27
98,ثتران,سرمايه گذاري مسكن تهران,3434,40894347,198853589516,4982,4733,4870,-112,-2.25,4863,-119,-2.39,4733,5099,1399-8-27
99,لپارس,پارس‌ الكتريك‌,3429,2388380,353888147790,155740,147960,147960,-7780,-5.0,148170,-7570,-4.86,147960,150330,1399-8-27
100,خرينگ,رينگ‌سازي‌مشهد,3415,7583512,335836470350,42990,43450,45130,2140,4.98,44290,1300,3.02,41300,45130,1399-8-27
101,بنو,بيمه تجارت نو,3374,11882574,431901140003,36811,36811,35459,-1352,-3.67,36347,-464,-1.26,34971,38000,1399-8-27
102,كگل,معدني و صنعتي گل گهر,3317,16937246,285102849350,16100,16200,16900,800,4.97,16830,730,4.53,16200,16900,1399-8-27
103,خمهر,مهركام‌پارس‌,3296,29232007,185325478790,6280,6100,6270,-10,-0.16,6340,60,0.96,6100,6560,1399-8-27
104,ولغدر,ليزينگ‌خودروغدير,3272,15502623,279942807460,17440,17690,18310,870,4.99,18060,620,3.56,17440,18310,1399-8-27
105,اعتماد,صندوق س.اعتماد آفرين پارسيان-د,3266,64685130,2158539159060,33353,33369,33374,21,0.06,33370,17,0.05,33366,33378,1399-8-27
106,ارزش,صندوق س ارزش آفرين بيدار-سهام,3242,22078900,224575959960,9980,9980,10200,220,2.2,10170,190,1.9,9940,10400,1399-8-27
107,زقيام,كشت و دام قيام اصفهان,3232,6652386,214384729443,30313,30800,33280,2967,9.79,32227,1914,6.31,30530,33300,1399-8-27
108,ارفع,شركت آهن و فولاد ارفع,3230,18603838,280386730971,14441,15000,15163,722,5.0,15071,630,4.36,14000,15163,1399-8-27
109,تنوينح,ح . تامين سرمايه نوين,3153,13622023,65237769287,4631,4850,4810,179,3.87,4789,158,3.41,4581,4865,1399-8-27
110,كالا,بورس كالاي ايران,3091,7195816,244054431470,32550,31600,34170,1620,4.98,33920,1370,4.21,31500,34170,1399-8-27
111,دزهراوي,داروسازي‌زهراوي‌,3038,13349231,139650231970,10500,10500,10350,-150,-1.43,10460,-40,-0.38,10000,10790,1399-8-27
112,ودي,بيمه  دي,3013,14001349,328141313268,23330,23500,23410,80,0.34,23436,106,0.45,23020,24140,1399-8-27
113,وبانك,سرمايه گذاري گروه توسعه ملي,3012,18339710,171895932640,9000,9130,9450,450,5.0,9370,370,4.11,8810,9450,1399-8-27
114,وصنعت,سرمايه گذاري توسعه صنعت وتجارت,2972,18303908,146788250100,7870,7990,8090,220,2.8,8020,150,1.91,7600,8170,1399-8-27
115,فروي,ذوب روي اصفهان,2922,3429645,171781227381,47881,49499,50275,2394,5.0,50087,2206,4.61,48800,50275,1399-8-27
116,گكوثر,هتل پارسيان كوثر اصفهان,2895,2432408,357900557154,134560,140000,148016,13456,10.0,147138,12578,9.35,138000,148016,1399-8-27
117,ثعمرا,عمران و توسعه شاهد,2877,16990289,276989547390,15607,16299,16387,780,5.0,16303,696,4.46,15600,16387,1399-8-27
118,سرو,صندوق س سروسودمند مدبران-سهام,2845,3855947,227225501540,58570,58120,59400,830,1.42,58930,360,0.61,57570,59730,1399-8-27
119,پاكشو,گروه صنعتي پاكشو,2774,2579992,210510858640,85280,84600,81020,-4260,-5.0,81590,-3690,-4.33,81020,85270,1399-8-27
120,سكرد,سيمان كردستان,2758,19050179,163993776580,9010,8560,8560,-450,-4.99,8610,-400,-4.44,8560,8790,1399-8-27
121,نوين,بيمه نوين,2752,24697702,171778409412,6745,6800,7080,335,4.97,6955,210,3.11,6790,7082,1399-8-27
122,واتي,سرمايه‌ گذاري‌ آتيه‌ دماوند,2751,15403610,195969378770,12590,12960,12720,130,1.03,12720,130,1.03,12450,12960,1399-8-27
123,سدور,سيمان‌ دورود,2683,27038129,222868771860,7940,8330,8190,250,3.15,8240,300,3.78,7990,8330,1399-8-27
124,دماوند,توليد نيروي برق دماوند,2654,5329126,352596517578,63052,65600,66204,3152,5.0,66164,3112,4.94,64510,66204,1399-8-27
125,كوير,توليدي فولاد سپيد فراب كوير,2625,10457335,150717116650,14050,14110,14750,700,4.98,14410,360,2.56,13660,14750,1399-8-27
126,غديس,پاكديس,2623,16111516,140911083072,8583,9000,8770,187,2.18,8746,163,1.9,8387,9012,1399-8-27
127,زبينا,كشاورزي و دامپروري بينالود,2599,4669708,199176868015,40867,40869,42920,2053,5.02,42653,1786,4.37,40600,44000,1399-8-27
128,زكوثر,سرمايه گذاري كشاورزي كوثر,2575,8537723,159344719430,17830,18000,18720,890,4.99,18660,830,4.66,17840,18720,1399-8-27
129,شپنا,پالايش نفت اصفهان,2567,31689429,454743306150,13670,14350,14350,680,4.97,14350,680,4.97,14350,14350,1399-8-27
130,حتوكا,حمل‌ونقل‌توكا,2495,13889233,258427991480,18950,19050,19010,60,0.32,18610,-340,-1.79,18010,19600,1399-8-27
131,بورس,بورس اوراق بهادار تهران,2428,4748963,216528991030,43840,42120,46030,2190,5.0,45600,1760,4.01,42120,46030,1399-8-27
132,سشرق,سيمان‌ شرق‌,2416,22956461,120241271130,5250,5200,5260,10,0.19,5240,-10,-0.19,5080,5420,1399-8-27
133,سپاها,سيمان‌سپاهان‌,2356,13666811,103878870480,7610,7570,7590,-20,-0.26,7600,-10,-0.13,7400,7880,1399-8-27
134,توريل,توکاريل,2338,11952353,234406935859,18931,18503,19877,946,5.0,19612,681,3.6,18163,19877,1399-8-27
135,شصدف,صنعتي دوده فام,2334,125340,3056165220,23222,24383,24383,1161,5.0,23289,67,0.29,24383,24383,1399-8-27
136,چفيبر,فيبر ايران‌,2267,23926973,161478833220,7050,6700,6750,-300,-4.26,6750,-300,-4.26,6700,7200,1399-8-27
137,زاگرس,پتروشيمي زاگرس,2206,1306513,217163467302,164148,164149,167000,2852,1.74,166216,2068,1.26,162500,170753,1399-8-27
138,زشگزا,شير و گوشت زاگرس شهركرد,2130,1500801,172490715979,110047,112700,117798,7751,7.04,114932,4885,4.44,108530,119890,1399-8-27
139,بساما,بيمه سامان,2091,6505751,159191209209,23703,23960,24888,1185,5.0,24469,766,3.23,23012,24888,1399-8-27
140,شدوص,دوده‌ صنعتي‌ پارس‌,2078,4891488,118414197630,24220,25080,23500,-720,-2.97,24210,-10,-0.04,23100,25300,1399-8-27
141,چكارن,كارتن‌ ايران‌,2071,18689182,65790865010,3500,3500,3540,40,1.14,3520,20,0.57,3390,3600,1399-8-27
142,وكادو,تكادو,2042,9729450,154000791775,15511,14850,16286,775,5.0,15828,317,2.04,14850,16286,1399-8-27
143,وغدير,سرمايه‌گذاري‌غدير(هلدينگ‌,2034,35073198,408187657570,11090,11640,11640,550,4.96,11640,550,4.96,11410,11640,1399-8-27
144,چكاپا,گروه صنايع كاغذ پارس,2030,26409029,141431751450,5130,5300,5380,250,4.87,5360,230,4.48,5190,5380,1399-8-27
145,وبوعلي,سرمايه‌گذاري‌بوعلي‌,2030,18153753,125225014170,6630,6660,6960,330,4.98,6900,270,4.07,6500,6960,1399-8-27
146,رتاپح,ح.تجارت الكترونيك پارسيان,2013,12141411,56252328960,4690,4310,4600,-90,-1.92,4630,-60,-1.28,4310,4850,1399-8-27
147,غصينو,صنعتي مينو,2011,4981778,251201876687,48473,48200,50896,2423,5.0,50424,1951,4.02,48200,50896,1399-8-27
148,آوا,صندوق س.سهام آواي معيار-س,1944,10766014,86957897976,7831,7940,8129,298,3.81,8077,246,3.14,7702,8200,1399-8-27
149,هرمز,فولاد هرمزگان جنوب,1939,21675496,284860075645,12582,12250,13211,629,5.0,13142,560,4.45,12250,13211,1399-8-27
150,آريان,سرمايه گذاري پارس آريان,1931,74025965,969265518262,12722,12722,13103,381,2.99,13094,372,2.92,12510,13103,1399-8-27
151,قرن,پديده شيمي قرن,1914,1654834,89371516280,54340,54500,53400,-940,-1.73,54010,-330,-0.61,52620,55000,1399-8-27
152,شپديس,پتروشيمي پرديس,1875,3326129,322521071880,92930,95950,97570,4640,4.99,96970,4040,4.35,92940,97570,1399-8-27
153,بپاس,بيمه پاسارگاد,1842,2759973,190255436825,68766,69393,69400,634,0.92,68934,168,0.24,68710,69500,1399-8-27
154,شغدير,پتروشيمي غدير,1828,2661538,132428246707,48892,48200,51285,2393,4.89,49756,864,1.77,47500,51299,1399-8-27
155,وآيند,بانك  آينده,1804,21858206,539657247934,25192,24689,24689,-503,-2.0,24689,-503,-2.0,24689,24689,1399-8-27
156,وبيمه,سرمايه‌ گذاري‌ صنعت‌ بيمه‌,1788,27753404,75235986190,2630,2600,2760,130,4.94,2710,80,3.04,2570,2760,1399-8-27
157,سمگا,گروه سرمايه گذاري ميراث فرهنگي,1774,31551416,588187274862,17818,18000,18708,890,4.99,18642,824,4.62,18000,18708,1399-8-27
158,كگازح,ح . شيشه‌ و گاز,1759,11271153,190663707650,15530,15490,17080,1550,9.98,16920,1390,8.95,14950,17080,1399-8-27
159,شبريز,پالايش نفت تبريز,1718,8659991,244299199200,26900,28200,28240,1340,4.98,28210,1310,4.87,27500,28240,1399-8-27
160,فلامي,لاميران‌,1711,2677411,88432258630,32770,31140,33980,1210,3.69,33030,260,0.79,31140,34000,1399-8-27
161,امين يكم,صندوق درآمد ثابت امين يكم فردا,1691,58618563,601141027790,10258,10264,10251,-7,-0.07,10255,-3,-0.03,10246,10266,1399-8-27
162,ديران,ايران‌دارو,1686,6525560,119393160480,18950,18300,18010,-940,-4.96,18300,-650,-3.43,18010,18950,1399-8-27
163,اتكام,شركت بيمه اتكايي امين,1685,11901038,81487808810,7017,6751,6790,-227,-3.24,6847,-170,-2.42,6667,7190,1399-8-27
164,طلا,صندوق س.پشتوانه طلاي لوتوس,1658,825405,71491334265,87003,88000,86000,-1003,-1.15,86614,-389,-0.45,85800,88250,1399-8-27
165,سكارون,سيمان كارون,1633,2384239,277630533553,120741,114704,123000,2259,1.87,116444,-4297,-3.56,114704,126778,1399-8-27
166,كلوند,كاشي‌ الوند,1631,3533181,81330959070,23170,23900,22590,-580,-2.5,23020,-150,-0.65,22100,23900,1399-8-27
167,وبهمن,سرمايه‌گذاري‌بهمن‌,1601,10203763,136459910000,12770,13390,13400,630,4.93,13370,600,4.7,12980,13400,1399-8-27
168,وپترو,سرمايه‌گذاري صنايع پتروشيمي‌,1596,7928445,112172763690,13520,14130,14190,670,4.96,14150,630,4.66,13230,14190,1399-8-27
169,دبالك,مواد اوليه دارويي البرز بالك,1581,5939370,89761684177,15327,15650,15024,-303,-1.98,15113,-214,-1.4,14561,16000,1399-8-27
170,فجر,فولاد اميركبيركاشان,1581,3815890,212275039240,53670,55980,55250,1580,2.94,55630,1960,3.65,53870,56350,1399-8-27
171,ولصنم,ليزينگ‌صنعت‌ومعدن‌,1559,8058103,69585602620,8010,8890,8710,700,8.74,8640,630,7.87,8450,9000,1399-8-27
172,ولبهمن,شركت بهمن ليزينگ,1555,8133930,67368412333,8208,8430,8300,92,1.12,8282,74,0.9,8010,8530,1399-8-27
173,غويتا,ويتانا,1553,6407707,310351482002,46260,47000,48573,2313,5.0,48434,2174,4.7,45010,48573,1399-8-27
174,كهمداح,ح . شيشه‌ همدان‌,1542,4161870,31215730447,645,7440,7820,7175,1112.4,7500,6855,1062.79,7000,7900,1399-8-27
175,سپح,ح . پرداخت الكترونيك سامان كيش,1527,3228875,33984140720,10630,10040,10340,-290,-2.73,10530,-100,-0.94,10040,11000,1399-8-27
176,كپشير,پشم‌شيشه‌ايران‌,1508,6071876,99982219850,17010,16160,16700,-310,-1.82,16470,-540,-3.17,16160,17450,1399-8-27
177,تاپكيشح,ح.تجارت الكترونيك پارسيان كيش,1492,9578935,86826850945,9009,8559,9290,281,3.12,9064,55,0.61,8559,9450,1399-8-27
178,قصفها,قنداصفهان‌,1491,1642622,248816200910,138190,146000,152000,13810,9.99,151480,13290,9.62,141100,152000,1399-8-27
179,شبهرن,نفت‌ بهران‌,1483,2000421,120628201750,59720,58520,60220,500,0.84,60300,580,0.97,58000,61400,1399-8-27
180,دابور,داروسازي‌ ابوريحان‌,1476,2109568,93292018040,46260,43980,43950,-2310,-4.99,44220,-2040,-4.41,43950,45670,1399-8-27
181,سيمرغ,سيمرغ,1474,5592926,81056441750,14290,14290,14620,330,2.31,14490,200,1.4,13750,14850,1399-8-27
182,كاردان,صندوق س تجارت شاخصي كاردان,1471,1052604,167509786070,155740,155470,160160,4420,2.84,159140,3400,2.18,155000,161700,1399-8-27
183,فاما,صنعتي‌ آما,1454,3895604,108393804100,26660,27850,27990,1330,4.99,27820,1160,4.35,26600,27990,1399-8-27
184,افق,فروشگاههاي زنجيره اي افق كوروش,1440,1248561,91768479070,73200,73720,72650,-550,-0.75,73500,300,0.41,72100,74690,1399-8-27
185,شكلر,نيروكلر,1435,4445076,202365759010,45660,45960,46290,630,1.38,45530,-130,-0.28,44500,46300,1399-8-27
186,وآذر,سرمايه‌گذاري‌توسعه‌آذربايجان‌,1431,1009902,122658955620,121520,123970,119500,-2020,-1.66,121460,-60,-0.05,116000,126000,1399-8-27
187,والبر,سرمايه‌ گذاري‌ البرز(هلدينگ‌,1423,4776032,68125362160,14090,13600,14360,270,1.92,14260,170,1.21,13600,14490,1399-8-27
188,تسه9907,امتياز تسهيلات مسكن مهر99,1411,67477,54461605283,828198,806000,786789,-41409,-5.0,807114,-21084,-2.55,786789,823987,1399-8-27
189,ثفارس,عمران‌وتوسعه‌فارس‌,1402,21092261,136905570570,6210,6300,6520,310,4.99,6490,280,4.51,6210,6520,1399-8-27
190,ثمسكن,سرمايه‌گذاري‌ مسكن‌,1399,14089480,78319210490,5350,5330,5610,260,4.86,5560,210,3.93,5310,5610,1399-8-27
191,ماديرا,صنايع ماشين هاي اداري ايران,1389,5212146,142470561118,26124,26875,27430,1306,5.0,27334,1210,4.63,26650,27430,1399-8-27
192,حريل,ريل پردازسير,1388,21340684,78108712285,3509,3550,3684,175,4.99,3660,151,4.3,3460,3684,1399-8-27
193,وسكاب,س.ص.بازنشستگي كاركنان بانكها,1382,14764868,91029663680,6050,6090,6170,120,1.98,6170,120,1.98,6050,6250,1399-8-27
194,ومهان,گروه توسعه مالي مهر آيندگان,1381,10756936,158573622389,14105,14327,14810,705,5.0,14742,637,4.52,14200,14810,1399-8-27
195,تاپكيش,تجارت الكترونيك پارسيان كيش,1380,11267718,171067648591,14828,14087,15569,741,5.0,15182,354,2.39,14087,15569,1399-8-27
196,حتايد,تايدواترخاورميانه,1373,9652705,163878560700,16270,17000,17080,810,4.98,16980,710,4.36,15460,17080,1399-8-27
197,غالبر,لبنيات‌ كالبر,1365,5603680,64275929630,11570,11020,11460,-110,-0.95,11470,-100,-0.86,11000,11990,1399-8-27
198,تاصيكو,سرمايه گذاري صدرتامين,1351,26091953,246191750070,9000,8800,9450,450,5.0,9440,440,4.89,8800,9450,1399-8-27
199,كاذرح,ح . فرآورده‌هاي‌نسوزآذر,1345,2200165,32406190600,14702,14700,15000,298,2.03,14729,27,0.18,14000,15490,1399-8-27
200,كلر,كلر پارس,1341,682233,35337397023,50642,49710,51800,1158,2.29,51444,802,1.58,49710,52500,1399-8-27
201,شلعابح,ح . لعابيران‌,1340,13077379,55194044280,4160,4150,4220,60,1.44,4220,60,1.44,3960,4350,1399-8-27
202,رتاپ,تجارت الكترونيك  پارسيان,1322,5185974,31850693370,6140,6030,6110,-30,-0.49,6140,0,0.0,5980,6310,1399-8-27
203,عيار,صندوق س. پشتوانه طلاي مفيد,1319,1441882,43847721561,30843,31950,30170,-673,-2.18,30410,-433,-1.4,30000,31950,1399-8-27
204,حآسا,آسيا سير ارس,1317,4836061,90625708102,17964,18480,18860,896,4.99,18740,776,4.32,18000,18862,1399-8-27
205,زمگسا,كشاورزي‌ ودامپروي‌ مگسال‌,1303,4742030,131396729170,25480,26990,28020,2540,9.97,27710,2230,8.75,26700,28020,1399-8-27
206,ختراكح,ح . ريخته‌گري‌ تراكتورسازي‌,1280,5813804,46488154470,8150,7510,7890,-260,-3.19,8000,-150,-1.84,7510,8300,1399-8-27
207,شتران,پالايش نفت تهران,1280,13255431,151774684950,10910,11450,11450,540,4.95,11450,540,4.95,11450,11450,1399-8-27
208,ميدكو,هلدينگ صنايع  معدني خاورميانه,1278,8637852,202009243202,23362,23363,23550,188,0.8,23387,25,0.11,23070,23600,1399-8-27
209,حفارس,حمل و نقل بين المللي خليج فارس,1277,16645192,72050267570,4350,4440,4320,-30,-0.69,4330,-20,-0.46,4220,4440,1399-8-27
210,غپاك,لبنيات‌ پاك‌,1274,7297197,86875470220,11520,11110,12090,570,4.95,11910,390,3.39,11110,12090,1399-8-27
211,فباهنر,مس‌ شهيدباهنر,1248,2390261,112941816520,45330,47480,47590,2260,4.99,47250,1920,4.24,45700,47590,1399-8-27
212,دفارا,داروسازي‌ فارابي‌,1245,1572609,84358490050,53590,50940,53600,10,0.02,53640,50,0.09,50940,55700,1399-8-27
213,غبشهر,صنعتي‌ بهشهر,1233,3913240,93818454270,24460,24990,23410,-1050,-4.29,23970,-490,-2.0,23250,24990,1399-8-27
214,زشريف,كشت وصنعت شريف آباد,1233,2416625,49633984604,20968,20760,20250,-718,-3.42,20539,-429,-2.05,19931,21390,1399-8-27
215,فاراك,ماشين‌ سازي‌ اراك‌,1231,16197442,108244920500,6420,6530,6740,320,4.98,6680,260,4.05,6500,6740,1399-8-27
216,بنيرو,نيروترانس‌,1231,1303767,69302885360,55510,52740,52740,-2770,-4.99,53160,-2350,-4.23,52740,58000,1399-8-27
217,ثالوند,سرمايه گذاري مسكن الوند,1228,6299365,83038716260,13159,12635,12953,-206,-1.57,13182,23,0.17,12635,13700,1399-8-27
218,غگلستا,شير پاستوريزه پگاه گلستان,1227,4238126,57760664535,14144,13437,13450,-694,-4.91,13629,-515,-3.64,13437,14200,1399-8-27
219,چدن,توليدي چدن سازان,1214,4915088,128547574940,25070,25950,26320,1250,4.99,26150,1080,4.31,25100,26320,1399-8-27
220,حفاري,حفاري شمال,1189,11818673,133140551950,10750,11250,11280,530,4.93,11270,520,4.84,10850,11280,1399-8-27
221,ولشرق,ليزينگ ايران و شرق,1179,7916181,46820644784,5931,5950,5900,-31,-0.52,5915,-16,-0.27,5731,6100,1399-8-27
222,حسينا,توسعه خدمات دريايي وبندري سينا,1174,2598135,163732698674,61608,61500,64200,2592,4.21,63019,1411,2.29,60150,66500,1399-8-27
223,اعتلا,شركت سرمايه گذاري اعتلاء البرز,1169,6027346,50175454197,8625,8201,8240,-385,-4.46,8325,-300,-3.48,8194,8780,1399-8-27
224,شلرد,كود شيميايي اوره لردگان,1162,14815754,111050346861,7283,7430,7501,218,2.99,7495,212,2.91,7342,7501,1399-8-27
225,كفرا,فراورده‌ هاي‌ نسوزايران‌,1156,1006377,53040883980,53850,55100,52500,-1350,-2.51,52770,-1080,-2.01,51160,55100,1399-8-27
226,وتوسم,سرمايه‌گذاري‌توسعه‌ملي‌,1153,6132906,78590173260,12570,12490,12780,210,1.67,12810,240,1.91,12200,13150,1399-8-27
227,شاراك,پتروشيمي شازند,1152,6204847,133505503980,20900,20250,21600,700,3.35,21520,620,2.97,20250,21940,1399-8-27
228,پخش,پخش البرز,1145,2468231,81956991836,34153,32650,33000,-1153,-3.38,33205,-948,-2.78,32446,35250,1399-8-27
229,اخابر,مخابرات ايران,1138,16054121,207858233620,12380,12900,12990,610,4.93,12950,570,4.6,12700,12990,1399-8-27
230,رمپنا,گروه مپنا (سهامي عام),1129,11517581,198397106690,16420,16990,17240,820,4.99,17230,810,4.93,16570,17240,1399-8-27
231,كپشيرح,ح . پشم‌شيشه‌ايران‌,1123,5813350,64428963415,10731,10740,11100,369,3.44,11083,352,3.28,10490,11490,1399-8-27
232,شرانل,نفت ايرانول,1106,2174238,65823731783,29930,30000,30230,300,1.0,30274,344,1.15,28648,31250,1399-8-27
233,آپ,آسان پرداخت پرشين,1105,3760322,61697828920,16200,15610,16470,270,1.67,16410,210,1.3,15610,16950,1399-8-27
234,ددام,داروسازي زاگرس فارمد پارس,1083,2637133,32490578260,12750,12120,12200,-550,-4.31,12460,-290,-2.27,12120,12950,1399-8-27
235,پارس,پتروشيمي پارس,1080,2599686,370593443120,136390,136300,143200,6810,4.99,142550,6160,4.52,136300,143200,1399-8-27
236,كبافق,معادن‌ بافق‌,1066,1187606,44599937050,35920,37600,37710,1790,4.98,37150,1230,3.42,36500,37710,1399-8-27
237,فيروزه,صندوق شاخص30 شركت فيروزه- سهام,1059,557701,90680903950,158070,158100,164100,6030,3.81,162600,4530,2.87,158100,164850,1399-8-27
238,شپاكسا,پاكسان‌,1053,4692772,116840047650,24920,25000,24870,-50,-0.2,24900,-20,-0.08,24040,25190,1399-8-27
239,تيپيكو,سرمايه گذاري دارويي تامين,1046,1871288,97616237230,49990,49120,52480,2490,4.98,52170,2180,4.36,49120,52480,1399-8-27
240,درهآور,دارويي ره آورد تامين,1044,2372704,76118744925,33372,31810,32450,-922,-2.76,32081,-1291,-3.87,31704,33169,1399-8-27
241,وسين,بيمه سينا,1037,12061768,232728547478,19372,18791,19953,581,3.0,19295,-77,-0.4,18791,19953,1399-8-27
242,فسرب,ملي‌ سرب‌وروي‌ ايران‌,1031,1276880,170729068480,127500,132000,133870,6370,5.0,133710,6210,4.87,129000,133870,1399-8-27
243,دكپسول,توليد ژلاتين كپسول ايران,1025,1630862,53503219908,33667,31984,32251,-1416,-4.21,32807,-860,-2.55,31984,34800,1399-8-27
244,ما,بيمه  ما,1024,9983616,66992980480,6720,6750,6800,80,1.19,6710,-10,-0.15,6400,6850,1399-8-27
245,داوه,داروسازي آوه سينا,1023,2599501,37631011242,15013,14282,14400,-613,-4.08,14577,-436,-2.9,14263,15010,1399-8-27
246,ستران,سيمان‌ تهران‌,1019,3044916,83956458970,26340,26230,27650,1310,4.97,27570,1230,4.67,26230,27650,1399-8-27
247,پاسا,ايران‌ياساتايرورابر,1019,7929378,174524511710,21010,21950,22060,1050,5.0,22010,1000,4.76,21110,22060,1399-8-27
248,بهپاك,صنعتي بهپاك,1018,2028018,59663853278,29226,28000,29520,294,1.01,29420,194,0.66,27765,30490,1399-8-27
249,فسپا,گروه‌صنعتي‌سپاهان‌,1008,3655111,147772621340,38900,38000,40400,1500,3.86,40430,1530,3.93,37960,40840,1399-8-27
250,فنورد,نوردوقطعات‌ فولادي‌,1008,591240,82204924750,138190,133000,140390,2200,1.59,139040,850,0.62,131350,142000,1399-8-27
251,اطلس,صندوق س.توسعه اندوخته آينده-س,1000,367300,67690257512,178175,179900,187500,9325,5.23,184291,6116,3.43,178000,187500,1399-8-27
252,تكشا,گسترش‌صنايع‌وخدمات‌كشاورزي‌,990,827115,56735319350,71530,69200,67960,-3570,-4.99,68590,-2940,-4.11,67960,71000,1399-8-27
253,دكوثر,داروسازي‌ كوثر,980,2954875,53718500100,18100,17290,18190,90,0.5,18180,80,0.44,17290,18700,1399-8-27
254,غگرجي,بيسكويت‌  گرجي‌,972,2404439,66197154980,26520,25600,27840,1320,4.98,27530,1010,3.81,25600,27840,1399-8-27
255,كهمدا,شيشه‌ همدان‌,956,2653097,26031009590,9820,9950,9710,-110,-1.12,9820,0,0.0,9500,10010,1399-8-27
256,فپنتا,سپنتا,954,127950,44060126870,346400,339570,346000,-400,-0.12,344470,-1930,-0.56,330190,358450,1399-8-27
257,بالاس,مهندسي ساختمان تاسيسات راه آهن,950,1337591,68104819783,48519,50944,50944,2425,5.0,50916,2397,4.94,48003,50944,1399-8-27
258,پارتا,مجتمع‌صنعتي‌آرتاويل‌تاير,943,1403733,87334616819,62664,63400,60785,-1879,-3.0,62216,-448,-0.71,60785,64350,1399-8-27
259,رنيك,جنرال مكانيك,941,2892827,62699371230,20697,20310,21731,1034,5.0,21674,977,4.72,20310,21731,1399-8-27
260,فاسمين,كالسيمين‌,930,6016110,84641740890,13420,14090,14090,670,4.99,14070,650,4.84,13700,14090,1399-8-27
261,خكرمان,گروه اقتصادي كرمان خودرو,925,11940213,53234237498,4331,4460,4460,129,2.98,4458,127,2.93,4358,4460,1399-8-27
262,اپرداز,آتيه داده پرداز,922,1742451,50016988584,28097,29350,28990,893,3.18,28705,608,2.16,28160,29350,1399-8-27
263,اميد,تامين سرمايه اميد,912,5409855,61714024100,10910,11020,11450,540,4.95,11410,500,4.58,11020,11450,1399-8-27
264,درازك,دارويي‌ رازك‌,893,2328412,78608101300,34810,33500,34700,-110,-0.32,33760,-1050,-3.02,33070,34810,1399-8-27
265,زماهان,مجتمع توليد گوشت مرغ ماهان,884,2601140,54611972292,21979,20881,21115,-864,-3.93,20995,-984,-4.48,20881,22000,1399-8-27
266,كپرور,فرآوري زغال سنگ پروده طبس,878,2067273,85537974615,42018,39918,42900,882,2.1,41377,-641,-1.53,39918,43190,1399-8-27
267,وآوا,سرمايه گذاري آوا نوين,878,2592740,31061072095,11869,12000,12190,321,2.7,11936,67,0.56,11600,12200,1399-8-27
268,وكار,بانك‌ كارآفرين‌,872,9278105,36976008360,3960,4080,3980,20,0.51,3980,20,0.51,3860,4080,1399-8-27
269,شپاس,نفت پاسارگاد,866,2383500,45177897184,18430,18051,18980,550,2.98,18936,506,2.75,18051,19351,1399-8-27
270,پارسان,گسترش نفت و گاز پارسيان,853,12090974,249833897330,19710,20690,20690,980,4.97,20660,950,4.82,19720,20690,1399-8-27
271,شلعاب,لعابيران‌,851,2583649,19599392940,7900,7510,7510,-390,-4.94,7770,-130,-1.65,7510,7790,1399-8-27
272,غمارگ,مارگارين‌,851,2657971,65699313640,23590,24760,24760,1170,4.96,24720,1130,4.79,24030,24760,1399-8-27
273,كرمان,س. توسعه و عمران استان كرمان,848,3044434,225735647798,70617,74147,74147,3530,5.0,74147,3530,5.0,74147,74147,1399-8-27
274,خپارس,پارس‌ خودرو,843,18635822,137159649920,7010,7360,7360,350,4.99,7360,350,4.99,7360,7360,1399-8-27
275,ثترانح,ح سرمايه گذاري مسكن تهران,833,11337880,28784788402,2442,2430,2544,102,4.18,2539,97,3.97,2380,2564,1399-8-27
276,شاوان,پالايش نفت لاوان,828,689873,63810024635,88615,87130,93045,4430,5.0,92495,3880,4.38,87130,93045,1399-8-27
277,كرازي,كارخانجات‌توليدي‌شيشه‌رازي‌,823,3242583,65612041280,19400,19340,20370,970,5.0,20230,830,4.28,19340,20370,1399-8-27
278,شسپا,نفت سپاهان,822,7849717,168209294390,20410,21430,21430,1020,5.0,21430,1020,5.0,21000,21430,1399-8-27
279,كپارس,كاشي‌ پارس‌,821,694031,103271825470,141730,148810,148810,7080,5.0,148800,7070,4.99,147070,148810,1399-8-27
280,وسبحان,سرمايه گذاري سبحان,821,4937105,39460566181,7870,8100,8051,181,2.3,7961,91,1.16,7600,8100,1399-8-27
281,وسينا,بانك سينا,819,15554499,156798109110,9610,9680,10090,480,4.99,10080,470,4.89,9650,10090,1399-8-27
282,ونفت,سرمايه‌گذاري‌ صنعت‌ نفت‌,816,4855446,58021765880,11510,11530,12080,570,4.95,11950,440,3.82,11460,12080,1399-8-27
283,شپترو,پتروشيمي آبادان,811,22219409,92270713244,4056,4020,4177,121,2.98,4153,97,2.39,4020,4177,1399-8-27
284,شبصير,توليدات پتروشيمي قائد بصير,805,653519,63125093225,98212,93302,95200,-3012,-3.07,96593,-1619,-1.65,93302,100300,1399-8-27
285,ولملت,واسپاري ملت,799,3219653,32319774800,9790,9520,10170,380,3.88,9970,180,1.84,9520,10270,1399-8-27
286,ختراك,ريخته‌گري‌ تراكتورسازي‌ ايران‌,798,2359907,22779805310,9940,9500,9500,-440,-4.43,9790,-150,-1.51,9450,10000,1399-8-27
287,سپ,پرداخت الكترونيك سامان كيش,797,2150487,29174791050,13610,12960,13600,-10,-0.07,13590,-20,-0.15,12960,13860,1399-8-27
288,پرديس,سرمايه گذاري پرديس,793,5248831,34949275250,6530,6650,6760,230,3.52,6610,80,1.23,6460,6810,1399-8-27
289,وصندوق,سرمايه‌گذاري‌صندوق‌بازنشستگي‌,789,7477321,107927650890,13810,13800,14500,690,5.0,14310,500,3.62,13760,14500,1399-8-27
290,فخاس,فولاد خراسان,786,3384021,105620912830,31890,30400,31900,10,0.03,31210,-680,-2.13,30300,31900,1399-8-27
291,وسنا,سرمايه گذاري نيروگاهي ايران,785,3642527,45924761896,12756,12375,12810,54,0.42,12608,-148,-1.16,12374,12999,1399-8-27
292,كروي,توسعه‌ معادن‌ روي‌ ايران‌,783,3108235,78828441720,24270,24990,25480,1210,4.99,25360,1090,4.49,24280,25480,1399-8-27
293,افق ملت,صندوق س در سهام افق ملت,782,306220,39715590030,128030,127000,129990,1960,1.53,129700,1670,1.3,127000,131970,1399-8-27
294,وخاور,بانك خاورميانه,772,6259989,60975788840,9580,9700,9750,170,1.77,9740,160,1.67,9390,9900,1399-8-27
295,دتوزيع,توزيع دارو پخش,767,506456,23088655718,46150,46680,45739,-411,-0.89,45894,-256,-0.55,44760,46680,1399-8-27
296,ساراب,سيمان‌ داراب‌,761,2876681,31287515950,11370,10810,10870,-500,-4.4,11030,-340,-2.99,10810,11300,1399-8-27
297,غشهد,شهد ايران ‌,760,4498601,26955079480,5990,5940,6000,10,0.17,5990,0,0.0,5840,6090,1399-8-27
298,وملل تبعي9912,اختيارف.تبعي ملل 991220,759,9675214,290256420,40,30,30,-10,-25.0,30,-10,-25.0,30,30,1399-8-27
299,شخارك,پتروشيمي‌ خارك‌,754,1057117,42887506500,39930,39140,40400,470,1.18,40210,280,0.7,39140,41390,1399-8-27
300,ركيش,كارت اعتباري ايران كيش,754,3448104,50850920500,14160,14400,14860,700,4.94,14690,530,3.74,14400,14860,1399-8-27
301,سمازن,سيمان‌مازندران‌,750,2181610,20268465080,9120,9100,9310,190,2.08,9180,60,0.66,9100,9460,1399-8-27
302,وآرين,شركت توسعه اقتصادي آرين,749,6841711,34489831726,4934,5068,5082,148,3.0,5041,107,2.17,4850,5082,1399-8-27
303,كاريس,صندوق س.سپهر كاريزما-س,749,354393,65095562299,176924,181600,186900,9976,5.64,183682,6758,3.82,176020,186900,1399-8-27
304,وگستر,گسترش سرمايه گذاري ايرانيان,745,3774676,73678217375,18620,19551,19551,931,5.0,19519,899,4.83,19120,19551,1399-8-27
305,ومعلم,بيمه معلم,742,7396001,45508969826,5901,5800,6196,295,5.0,6119,218,3.69,5800,6196,1399-8-27
306,آبين,كشت و صنعت آبشيرين,732,5235271,15842204594,3075,2984,3000,-75,-2.44,3034,-41,-1.33,2983,3109,1399-8-27
307,غچين,كشت‌ و صنعت‌ چين‌ چين,732,1564894,72340764020,44030,46230,46230,2200,5.0,46230,2200,5.0,46050,46230,1399-8-27
308,كطبس,ذغال‌سنگ‌ نگين‌ ط‌بس‌,731,2352472,108353503960,44990,43020,47230,2240,4.98,46060,1070,2.38,42830,47230,1399-8-27
309,قشكر,شكرشاهرود,730,1223180,43159607430,34600,35400,35500,900,2.6,35190,590,1.71,34600,36140,1399-8-27
310,دشيمي,شيمي‌ داروئي‌ داروپخش‌,721,775440,49563603110,67050,63700,63700,-3350,-5.0,63920,-3130,-4.67,63700,65500,1399-8-27
311,كيان,صندوق س. با درآمد ثابت كيان,716,18138252,470520021160,25927,25941,25942,15,0.06,25941,14,0.05,25939,25943,1399-8-27
312,كي بي سي,شركت كي بي سي,715,1756818,47174706059,28198,26789,26850,-1348,-4.78,26852,-1346,-4.77,26789,27800,1399-8-27
313,لبوتان,گروه‌صنعتي‌بوتان‌,714,753486,44596033160,61760,58680,58720,-3040,-4.92,59220,-2540,-4.11,58680,61500,1399-8-27
314,دتماد,توليدمواداوليه‌داروپخش‌,702,1436457,62967652890,44130,44000,43540,-590,-1.34,43840,-290,-0.66,42210,45200,1399-8-27
315,ساينا,صنايع بهداشتي ساينا,702,174368,31156697445,180760,189798,176000,-4760,-2.63,179548,-1212,-0.67,171722,189798,1399-8-27
316,فاذر,صنايع‌ آذرآب‌,697,1596416,49153648640,29330,30790,30790,1460,4.98,30790,1460,4.98,30790,30790,1399-8-27
317,خصدرا,صنعتي‌ دريايي‌ ايران‌,696,16363890,88054092090,5547,5381,5381,-166,-2.99,5381,-166,-2.99,5381,5381,1399-8-27
318,سفارس,سيمان فارس و خوزستان,690,5313661,80545120110,14540,14600,15260,720,4.95,15160,620,4.26,14600,15260,1399-8-27
319,كشرق,صنعتي و معدني شمال شرق شاهرود,684,982742,63247497567,61327,64393,64393,3066,5.0,64358,3031,4.94,63500,64393,1399-8-27
320,سدبير,س. تدبيرگران فارس وخوزستان,684,1791619,51733598883,28773,29400,28450,-323,-1.12,28875,102,0.35,28010,30000,1399-8-27
321,كمنگنز,معادن‌منگنزايران‌,678,281277,25135985600,87520,87900,88000,480,0.55,88550,1030,1.18,85070,91490,1399-8-27
322,تنوين,تامين سرمايه نوين,676,21429893,133882707200,5960,6250,6250,290,4.87,6250,290,4.87,6070,6250,1399-8-27
323,دسانكو,داروسازي سبحان انكولوژي,674,2097176,29119894741,13803,14000,14110,307,2.22,13849,46,0.33,13320,14400,1399-8-27
324,خفولا,خدمات فني فولاد يزد,672,1045648,30196184196,28301,27700,28700,399,1.41,28878,577,2.04,27700,29150,1399-8-27
325,پارند,صندوق س. پارند پايدار سپهر,670,22239909,253666529814,11401,11410,11401,0,0.0,11406,5,0.04,11400,11429,1399-8-27
326,دعبيد,لابراتوارداروسازي‌  دكترعبيدي‌,669,836896,23076364970,28020,27430,27500,-520,-1.86,27810,-210,-0.75,26730,28300,1399-8-27
327,سجام,مجتمع سيمان غرب آسيا,669,4230918,58827204081,13860,13860,14000,140,1.01,13904,44,0.32,13445,14110,1399-8-27
328,وصنا,گروه‌صنايع‌بهشهرايران‌,667,3272516,36082971380,10990,10700,11150,160,1.46,11010,20,0.18,10700,11300,1399-8-27
329,سشمال,سيمان‌ شمال‌,665,3853231,32374295820,8680,8250,8250,-430,-4.95,8480,-200,-2.3,8250,8780,1399-8-27
330,كساوه,صنايع‌ كاشي‌ و سراميك‌ سينا,657,4351818,285305188080,62440,65560,65560,3120,5.0,65560,3120,5.0,65560,65560,1399-8-27
331,سخزر,سيمان‌ خزر,657,1612806,34878949850,22540,21420,21420,-1120,-4.97,21810,-730,-3.24,21420,22520,1399-8-27
332,جم پيلن,پلي پروپيلن جم - جم پيلن,655,759282,61786845750,80510,80030,81800,1290,1.6,81330,820,1.02,80030,82360,1399-8-27
333,جم,پتروشيمي جم,655,1037410,43558241150,40700,40500,42300,1600,3.93,41220,520,1.28,40500,42500,1399-8-27
334,دسبحان,سبحان دارو,627,1492963,26947018610,17350,16900,18200,850,4.9,17700,350,2.02,16900,18210,1399-8-27
335,وبشهر,توسعه‌ صنايع‌ بهشهر(هلدينگ,624,4662072,65531065710,13510,13700,14180,670,4.96,14060,550,4.07,13110,14180,1399-8-27
336,كرماشا,صنايع پتروشيمي كرمانشاه,620,1949817,74595320060,36860,35740,38700,1840,4.99,38260,1400,3.8,35740,38700,1399-8-27
337,شپارس,بين‌ المللي‌ محصولات‌  پارس‌,619,3965481,56350456980,14130,13790,14220,90,0.64,14210,80,0.57,13790,14690,1399-8-27
338,ضخود1044,اختيارخ خودرو-4000-1399/10/07,617,22370,8310753000,348,357,380,32,9.2,372,24,6.9,332,385,1399-8-27
339,زر,صندوق س.پشتوانه سكه طلاي زر,614,449992,23651905209,52344,53190,52003,-341,-0.65,52561,217,0.41,51591,53190,1399-8-27
340,كيميا,معدني كيمياي زنجان گستران,613,1180884,27080909401,22244,22900,22900,656,2.95,22580,336,1.51,22244,23300,1399-8-27
341,مداران,داده‌پردازي‌ايران‌,612,1974180,40601550300,21580,20510,20560,-1020,-4.73,20670,-910,-4.22,20510,21550,1399-8-27
342,خبهمن,گروه‌بهمن‌,611,10456677,209238106770,19060,20010,20010,950,4.98,20010,950,4.98,20010,20010,1399-8-27
343,بايكا,كارخانجات كابلسازي ‌ايران‌,611,1993985,76509982013,37580,36789,38707,1127,3.0,38370,790,2.1,36789,38707,1399-8-27
344,كگهر,سنگ آهن گهرزمين,599,445552,18286952210,40154,40400,41501,1347,3.35,40285,131,0.33,39003,41700,1399-8-27
345,وسپه,سرمايه‌گذاري‌ سپه‌,598,4810233,60108724550,11960,11650,12550,590,4.93,12500,540,4.52,11650,12550,1399-8-27
346,ونيكي,سرمايه‌گذاري‌ ملي‌ايران‌,596,3509548,46501511000,12620,13250,13250,630,4.99,12940,320,2.54,13250,13250,1399-8-27
347,زگلدشت,كشت و دام گلدشت نمونه اصفهان,592,1066516,34286177165,32306,30712,32400,94,0.29,32199,-107,-0.33,30712,32800,1399-8-27
348,لابسا,آبسال‌,589,881167,26774842150,30050,30000,31200,1150,3.83,30230,180,0.6,28550,31500,1399-8-27
349,بميلا,توسعه بازرگاني آهن وفولادميلاد,583,2112625,43074779500,20938,20310,20310,-628,-3.0,20389,-549,-2.62,20310,21120,1399-8-27
350,هجرت,پخش هجرت,581,836741,44337831342,52142,49920,53200,1058,2.03,52918,776,1.49,49920,53700,1399-8-27
351,سصفها,سيمان‌اصفهان‌,571,556864,92830332120,158790,166720,166720,7930,4.99,166700,7910,4.98,164950,166720,1399-8-27
352,ريشمك,توليد و صادرات ريشمك,571,1627302,59248961118,34712,36000,36447,1735,5.0,36404,1692,4.87,35220,36447,1399-8-27
353,شتوكا,توكا رنگ فولاد سپاهان,566,777830,25755332855,31744,32730,33331,1587,5.0,32366,622,1.96,31960,33331,1399-8-27
354,سغرب,سيمان‌غرب‌,566,2162030,38042950060,18490,17570,17570,-920,-4.98,17750,-740,-4.0,17570,18000,1399-8-27
355,گوهران,سرمايه گذاري توسعه گوهران اميد,564,3143158,23635718920,7366,7450,7600,234,3.18,7436,70,0.95,7251,7638,1399-8-27
356,كنور,توسعه معدني و صنعتي صبانور,562,1207182,43602600320,35120,35870,36840,1720,4.9,35920,800,2.28,34020,36840,1399-8-27
357,قلرست,قند لرستان‌,557,1522958,32848935390,21580,21480,22290,710,3.29,21570,-10,-0.05,20540,22300,1399-8-27
358,زفكا,كشت و دامداري فكا,556,697083,30381973424,42011,43500,43220,1209,2.88,42874,863,2.05,42640,44050,1399-8-27
359,ثنوسا,نوسازي‌وساختمان‌تهران‌,554,9842069,87224574640,8480,8720,8900,420,4.95,8860,380,4.48,8580,8900,1399-8-27
360,ضخود1042,اختيارخ خودرو-3000-1399/10/07,551,18339,16515534000,836,810,941,105,12.56,901,65,7.78,810,941,1399-8-27
361,شنفت,نفت‌ پارس‌,549,739658,38083347420,51120,50300,51100,-20,-0.04,51390,270,0.53,50300,52790,1399-8-27
362,شراز,پالايش نفت شيراز,548,632861,56703046898,86134,83200,90440,4306,5.0,89598,3464,4.02,83200,90440,1399-8-27
363,كخاك,صنايع‌خاك‌چيني‌ايران‌,546,1405947,57730781320,43140,40990,40990,-2150,-4.98,41060,-2080,-4.82,40990,43000,1399-8-27
364,بالبر,كابل‌ البرز,544,1283668,29587187810,22380,22500,23490,1110,4.96,22780,400,1.79,21410,23490,1399-8-27
365,سيدكو,سرمايه گذاري توسعه صنايع سيمان,537,3100045,20829649630,6640,6550,6790,150,2.26,6670,30,0.45,6550,6870,1399-8-27
366,ساروم,سيمان‌اروميه‌,533,1730551,39571522500,21870,22790,22960,1090,4.98,22590,720,3.29,22220,22960,1399-8-27
367,فايرا,آلومينيوم‌ايران‌,532,2695325,52577663030,18780,19090,19710,930,4.95,19450,670,3.57,18220,19710,1399-8-27
368,شفن,پتروشيمي فناوران,526,402348,109753251020,260650,273000,273680,13030,5.0,272780,12130,4.65,260710,273680,1399-8-27
369,گوهر,صندوق سكه طلاي كيان,526,608522,37396823511,61645,62000,62000,355,0.58,61455,-190,-0.31,60160,62700,1399-8-27
370,شوينده,مديريت صنعت شوينده ت.ص.بهشهر,523,825421,29750615040,35400,35790,35500,100,0.28,35750,350,0.99,35020,37130,1399-8-27
371,فرآور,فرآوري‌موادمعدني‌ايران‌,521,1284672,26482670180,19930,20850,20300,370,1.86,20280,350,1.76,20110,20870,1399-8-27
372,ولانا,شركت ليزينگ آريا دانا,513,827993,17089634529,20325,20930,20720,395,1.94,20587,262,1.29,20000,20934,1399-8-27
373,شگل,گلتاش‌,512,1315173,29368324230,22400,21800,22400,0,0.0,22360,-40,-0.18,21500,22860,1399-8-27
374,فولاژ,فولاد آلياژي ايران,510,2627307,58791035280,21380,20800,22440,1060,4.96,22380,1000,4.68,20710,22440,1399-8-27
375,دامين,داروسازي‌ امين‌,508,1553062,18497031080,11930,11430,11860,-70,-0.59,11920,-10,-0.08,11430,12100,1399-8-27
376,قزوين,كارخانجات‌ قند قزوين‌,504,3957354,167356500660,40280,42290,42290,2010,4.99,42290,2010,4.99,42290,42290,1399-8-27
377,مبين,مبين انرژي خليج فارس,501,3107926,64212704220,19820,20450,20810,990,4.99,20310,490,2.47,20000,20810,1399-8-27
378,سخند2,صندوق س.سپهرخبرگان نفت-د,500,50000000,50000000,10027,1,1,-10026,-99.99,1,-10026,-99.99,1,1,1399-8-27
379,خراسان,پتروشيمي خراسان,494,418867,27572808610,63220,64640,66380,3160,5.0,64550,1330,2.1,63620,66380,1399-8-27
380,سخوز,سيمان خوزستان,494,3091848,61695266820,19080,19580,20030,950,4.98,19950,870,4.56,18540,20030,1399-8-27
381,غبهنوش,بهنوش‌ ايران‌,494,302904,16200251790,55770,52990,53870,-1900,-3.41,54980,-790,-1.42,52990,54730,1399-8-27
382,رتكو,كنترل‌خوردگي‌تكين‌كو,481,1856903,26419671880,14900,14200,14160,-740,-4.97,14500,-400,-2.68,14160,14550,1399-8-27
383,زكشت,كشاورزي مكانيزه اصفهان كشت,479,1595137,43429591353,25934,27230,27230,1296,5.0,27032,1098,4.23,26600,27230,1399-8-27
384,اوان,مبين وان كيش,477,1609979,96543344034,57291,60000,60155,2864,5.0,59966,2675,4.67,58000,60155,1399-8-27
385,سرچشمه,سرمايه گذاري مس سرچشمه,468,6750542,50785144535,7174,7480,7532,358,4.99,7492,318,4.43,7300,7532,1399-8-27
386,پارسيانح,ح.بيمه پارسيان,466,2167881,20419548000,9110,8530,9370,260,2.85,9420,310,3.4,8530,9640,1399-8-27
387,سخاش,سيمان‌خاش‌,461,247797,19776591940,76490,80150,80310,3820,4.99,77720,1230,1.61,77500,80310,1399-8-27
388,خاور,ايران خودرو ديزل,460,7879237,45951710184,6138,5832,5832,-306,-4.99,5832,-306,-4.99,5832,5832,1399-8-27
389,واميد,گروه مديريت سرمايه گذاري اميد,456,2195889,79022132420,35540,35010,35490,-50,-0.14,35830,290,0.82,35010,36480,1399-8-27
390,كسرا,سراميك‌هاي‌صنعتي‌اردكان‌,453,3138400,61014924860,18540,18900,19460,920,4.96,19440,900,4.85,18550,19460,1399-8-27
391,سبهان,سيمان‌ بهبهان‌,453,565863,28645227620,52570,53170,51850,-720,-1.37,51360,-1210,-2.3,49950,53170,1399-8-27
392,فزرين,زرين معدن آسيا,450,1595346,30742550441,18358,19275,19275,917,5.0,18851,493,2.69,18630,19275,1399-8-27
393,سرود,سيمان‌شاهرود,449,1920715,25582585110,13500,12900,13340,-160,-1.19,13400,-100,-0.74,12830,13910,1399-8-27
394,آتيمس,صندوق س.آرمان آتيه درخشان مس-س,440,197346,37760586030,187584,190000,192700,5116,2.73,191342,3758,2.0,186000,192900,1399-8-27
395,لوتوس,تامين سرمايه لوتوس پارسيان,437,1605401,21529332000,12940,12500,13450,510,3.94,13140,200,1.55,12500,13550,1399-8-27
396,آساميد,صندوق س.مشترك آسمان اميد -د,434,20369304,223973989080,10991,10992,10994,3,0.03,10996,5,0.05,10992,10999,1399-8-27
397,دانا,بيمه دانا,426,6121771,36689571850,5720,5890,6000,280,4.9,5900,180,3.15,5820,6000,1399-8-27
398,كفرآور,فرآورده هاي سيمان شرق,422,1966703,38781142566,20712,19677,19677,-1035,-5.0,19719,-993,-4.79,19677,20000,1399-8-27
399,قپيرا,فرآورده‌هاي‌غدايي‌وقندپيرانشهر,419,129253,11759829250,88130,92530,90770,2640,3.0,88770,640,0.73,88130,92530,1399-8-27
400,وتوصا,گروه س توسعه صنعتي ايران,418,5231685,55246593600,10060,10560,10560,500,4.97,10520,460,4.57,10560,10560,1399-8-27
401,كاما,باما,417,1197434,214101199200,170290,178800,178800,8510,5.0,178800,8510,5.0,178800,178800,1399-8-27
402,دالبر,البرزدارو,409,517420,9650861590,18760,18250,18600,-160,-0.85,18740,-20,-0.11,18200,19420,1399-8-27
403,سقاين,سيمان‌ قائن‌,406,469998,18825061610,38640,38550,40500,1860,4.81,39160,520,1.35,37400,40570,1399-8-27
404,كخاكح,ح . صنايع‌خاك‌چيني‌ايران‌,406,873149,31756425640,36970,35760,35630,-1340,-3.62,36370,-600,-1.62,34570,37280,1399-8-27
405,سهگمت,سيمان‌هگمتان‌,403,1622851,35111400330,20710,21740,21610,900,4.35,21290,580,2.8,21070,21740,1399-8-27
406,سفانو,سيمان فارس نو,398,1090242,30421560400,29200,27750,28200,-1000,-3.42,28360,-840,-2.88,27740,28850,1399-8-27
407,زپارس,ملي كشت و صنعت و دامپروري پارس,396,306564,17531407080,59460,57000,57190,-2270,-3.82,58630,-830,-1.4,56490,59010,1399-8-27
408,ختور,رادياتور ايران‌,395,703808,29475479040,44080,41880,41880,-2200,-4.99,42580,-1500,-3.4,41880,41880,1399-8-27
409,سبزوا,سيمان لار سبزوار,387,1845008,10568205824,6029,5728,5728,-301,-4.99,5960,-69,-1.14,5728,5728,1399-8-27
410,كمرجان,بازرگاني و توليدي مرجان كار,386,523808,36343663375,66600,69000,69930,3330,5.0,68392,1792,2.69,67700,69930,1399-8-27
411,شزنگ,تجهيزنيروي‌زنگان‌,386,365104,45276894673,120412,124024,124024,3612,3.0,124011,3599,2.99,121000,124024,1399-8-27
412,وگردش,بانك گردشگري,378,2458741,45202878285,17850,18385,18385,535,3.0,18069,219,1.23,18170,18385,1399-8-27
413,تشتاد,صنايع توليدي اشتاد ايران‌,375,940852,14553251876,15749,15750,15900,151,0.96,15546,-203,-1.29,15277,15900,1399-8-27
414,سكرما,سيمان‌ كرمان‌,374,1113499,14563698630,13180,12530,12900,-280,-2.12,13150,-30,-0.23,12530,13500,1399-8-27
415,شفا,سرمايه گذاري شفادارو,373,362680,20231109090,58380,56010,55470,-2910,-4.98,57270,-1110,-1.9,55470,58350,1399-8-27
416,شجم,صنايع پتروشيمي تخت جمشيد,370,2988140,21825672034,7100,7313,7313,213,3.0,7304,204,2.87,7190,7313,1399-8-27
417,ملت,بيمه ملت,368,2408968,29083988790,11520,12000,12090,570,4.95,11820,300,2.6,11820,12090,1399-8-27
418,مارون,پتروشيمي مارون,363,87476,11351774437,126521,131000,129950,3429,2.71,126872,351,0.28,127200,131000,1399-8-27
419,غمهراح,ح . توليدي‌مهرام‌,360,316278,13185934620,44890,43100,41980,-2910,-6.48,41690,-3200,-7.13,40400,43100,1399-8-27
420,شيراز,پتروشيمي‌شيراز,356,2657447,136537249910,48980,51420,51420,2440,4.98,51380,2400,4.9,50120,51420,1399-8-27
421,پارسيان,بيمه پارسيان,354,1590674,18369277280,11300,11040,11510,210,1.86,11380,80,0.71,11000,11850,1399-8-27
422,آسيا,بيمه آسيا,353,1929975,47014191000,23200,24360,24360,1160,5.0,24110,910,3.92,24360,24360,1399-8-27
423,دارو,كارخانجات‌داروپخش‌,352,143965,7323624450,51450,49370,51020,-430,-0.84,51360,-90,-0.17,49370,51900,1399-8-27
424,شرنگي,شيميايي رنگين,352,115016,11319061626,100695,98000,97800,-2895,-2.88,99284,-1411,-1.4,97675,99998,1399-8-27
425,ضصاد1102,اختيارخ وبصادر-3500-1399/11/12,351,14171,5258627000,372,336,373,1,0.27,371,-1,-0.27,300,387,1399-8-27
426,فسازان,غلتك سازان سپاهان,347,1828118,47321805030,24970,24300,26210,1240,4.97,25780,810,3.24,24300,26210,1399-8-27
427,تليسه,دامداري تليسه نمونه,345,10996711,55115515532,4557,5012,5012,455,9.98,4997,440,9.66,5012,5012,1399-8-27
428,دجابر,داروسازي‌ جابرابن‌حيان‌,341,588312,19490072910,33790,32140,32610,-1180,-3.49,33520,-270,-0.8,32110,34500,1399-8-27
429,وهنر,گروه توسعه هنر ايران,340,5072274,20889893547,4017,3915,4137,120,2.99,4118,101,2.51,3915,4137,1399-8-27
430,گپارس,امور رفاهي كارگزاران پارس,338,122699,16599374018,135638,134561,134696,-942,-0.69,135338,-300,-0.22,131569,139603,1399-8-27
431,پرداخت,به پرداخت ملت,335,338994,14154129300,42230,42300,42860,630,1.49,42090,-140,-0.33,40500,43000,1399-8-27
432,دلر,داروسازي‌ اكسير,335,388729,37825247300,95070,92810,96970,1900,2.0,96750,1680,1.77,91000,99820,1399-8-27
433,آكورد,صندوق س. آرمان آتي كوثر-د,333,10440426,306757901928,29365,29382,29382,17,0.06,29382,17,0.06,29367,29392,1399-8-27
434,آساس,صندوق س.آسمان آرماني سهام-س,329,175133,27286094575,151690,151000,157800,6110,4.03,155802,4112,2.71,151000,158200,1399-8-27
435,فنوال,نورد آلومينيوم‌,326,428678,13589092600,35220,31700,31700,-3520,-9.99,34150,-1070,-3.04,31700,31700,1399-8-27
436,دارا,صندوق س. دارا الگوريتم-د,326,10305922,104092439012,10096,10105,10100,4,0.04,10100,4,0.04,10090,10120,1399-8-27
437,تسه9906,امتياز تسهيلات مسكن شهريور99,326,7889,6405379024,825640,810100,784360,-41280,-5.0,811938,-13702,-1.66,784360,819000,1399-8-27
438,پسهند,صنايع‌ لاستيكي‌  سهند,323,573325,24859814880,45530,43260,43260,-2270,-4.99,44290,-1240,-2.72,43260,44990,1399-8-27
439,ساربيل,سيمان آرتا اردبيل,322,240101,13839421640,64040,57640,57640,-6400,-9.99,62060,-1980,-3.09,57640,57640,1399-8-27
440,مفاخر,توسعه فناوري اطلاعات خوارزمي,321,613233,24878149103,41104,39050,40000,-1104,-2.69,40832,-272,-0.66,39049,41990,1399-8-27
441,وهور,مديريت انرژي اميد  تابان هور,319,6852496,306539556064,42604,44734,44734,2130,5.0,44734,2130,5.0,44734,44734,1399-8-27
442,بفجر,فجر انرژي خليج فارس,318,833558,23781185190,28030,28970,28700,670,2.39,28190,160,0.57,27610,29000,1399-8-27
443,نيرو,نيرو سرمايه,311,438488,19635103313,45773,44400,44400,-1373,-3.0,44779,-994,-2.17,44400,46200,1399-8-27
444,تبرك,گروه كارخانجات صنعتي تبرك,310,1980217,51491582651,27371,26003,26003,-1368,-5.0,26003,-1368,-5.0,26003,26003,1399-8-27
445,سكه0012پ01,سكه تمام بهارتحويلي 1روزه رفاه,304,70400,83549227000,1213482,1197800,1190000,-23482,-1.94,1186779,-26703,-2.2,1152000,1200000,1399-8-27
446,سصوفي,سيمان‌ صوفيان‌,302,1451965,18439955500,12100,12700,12700,600,4.96,12290,190,1.57,12700,12700,1399-8-27
447,پتاير,ايران‌ تاير,300,606609,68807658870,103120,113430,113430,10310,10.0,113430,10310,10.0,113430,113430,1399-8-27
448,دسبحا,گروه دارويي سبحان,298,828275,13137236190,16110,15330,15680,-430,-2.67,16040,-70,-0.43,15330,16190,1399-8-27
449,وسناح,ح. سرمايه گذاري نيروگاهي ايران,297,1298727,12637711719,9489,9773,9773,284,2.99,9731,242,2.55,9205,9773,1399-8-27
450,دكيمي,كيميدارو,295,726334,14805409320,21130,21130,20650,-480,-2.27,20900,-230,-1.09,20080,21130,1399-8-27
451,كحافظ,كاشي‌ وسراميك‌ حافظ‌,288,1141848,23076748080,21270,20210,20210,-1060,-4.98,20690,-580,-2.73,20210,20210,1399-8-27
452,خكاوه,سايپا ديزل,287,2172949,11375388015,5510,5235,5235,-275,-4.99,5336,-174,-3.16,5235,5235,1399-8-27
453,تسه9902,امتياز تسهيلات مسكن ارديبهشت99,286,7216,5803545840,825116,820000,785050,-40066,-4.86,804261,-20855,-2.53,784363,825000,1399-8-27
454,سيستم,همكاران سيستم,283,762179,22065287640,28680,27280,28130,-550,-1.92,28800,120,0.42,27280,29900,1399-8-27
455,دسينا,داروسازي‌ سينا,281,376335,9373708840,24980,23750,24850,-130,-0.52,24970,-10,-0.04,23750,25490,1399-8-27
456,كوثر,بيمه كوثر,281,2936786,36757801852,11925,12521,12521,596,5.0,12325,400,3.35,12210,12521,1399-8-27
457,پكويرح,ح. كوير تاير,280,3622457,52659875660,14440,15880,14440,0,0.0,14540,100,0.69,14440,15880,1399-8-27
458,شاملا,معدني‌ املاح‌  ايران‌,274,207142,12832432130,64390,61180,61960,-2430,-3.77,63730,-660,-1.03,61180,64000,1399-8-27
459,دفرا,فرآورده‌هاي‌ تزريقي‌ ايران‌,272,347396,7757669340,23020,22900,22360,-660,-2.87,22910,-110,-0.48,21870,22900,1399-8-27
460,دپارس,پارس‌ دارو,271,415914,47212750580,111410,108000,114090,2680,2.41,113230,1820,1.63,107100,114750,1399-8-27
461,بخاور,بيمه زندگي خاورميانه,270,4425361,34951501178,7522,7898,7898,376,5.0,7756,234,3.11,7898,7898,1399-8-27
462,ياقوت,صندوق س ياقوت آگاه-ثابت,260,8695645,97919647507,11249,11260,11260,11,0.1,11261,12,0.11,11260,11280,1399-8-27
463,قشهد,شهد,260,602251,17113189890,29680,29680,28970,-710,-2.39,29230,-450,-1.52,28200,30390,1399-8-27
464,سپاس,صندوق س. پاداش سهامداري توسعه1,259,8846028,89071662400,10066,10067,10066,0,0.0,10069,3,0.03,10065,10074,1399-8-27
465,سباقر,سيمان باقران,258,1502009,20408118762,13199,13579,13594,395,2.99,13587,388,2.94,13060,13594,1399-8-27
466,سكه9912پ04,سكه تمام بهارتحويل1روزه صادرات,258,72300,85842419900,1212176,1181020,1191000,-21176,-1.75,1187309,-24867,-2.05,1181010,1197400,1399-8-27
467,وتعاون,بيمه  تعاون,250,1246488,7642033477,6106,6050,6131,25,0.41,6115,9,0.15,6015,6250,1399-8-27
468,بمپنا,توليد برق عسلويه  مپنا,247,700243,61125836554,83275,86900,87438,4163,5.0,87292,4017,4.82,84000,87438,1399-8-27
469,شپلي,پلي اكريل ايران,244,1942571,11729243698,5751,6038,6038,287,4.99,5903,152,2.64,6038,6038,1399-8-27
470,كاسپين,داروسازي كاسپين تامين,238,341322,8061416533,24315,23800,23500,-815,-3.35,24200,-115,-0.47,23200,24400,1399-8-27
471,بكاب,صنايع‌جوشكاب‌يزد,228,182599,41665439820,217320,228180,228180,10860,5.0,225050,7730,3.56,228180,228180,1399-8-27
472,اتكاي,بيمه اتكايي ايرانيان,227,1070242,13373746572,12372,12669,12500,128,1.03,12405,33,0.27,12300,12750,1399-8-27
473,داسوه,داروسازي‌ اسوه‌,225,743459,17969208890,24980,24000,24300,-680,-2.72,24680,-300,-1.2,23870,25600,1399-8-27
474,همراه,شركت ارتباطات سيار ايران,223,2713292,86445483120,30350,31860,31860,1510,4.98,31470,1120,3.69,31860,31860,1399-8-27
475,بترانس,ايران‌ ترانسفو,215,2190447,60850617660,26460,27780,27780,1320,4.99,27780,1320,4.99,27780,27780,1399-8-27
476,حخزر,كشتيراني درياي خزر,215,935120,19497999087,20008,20480,21008,1000,5.0,20342,334,1.67,19494,21008,1399-8-27
477,ضچاد1014,اختيارخ كچاد-14000-1399/10/02,211,2165,8551159000,3262,3509,4450,1188,36.42,3950,688,21.09,3350,4450,1399-8-27
478,تشتادح,ح.صنايع توليدي اشتاد ايران‌,207,1494132,16160539535,10605,11241,10160,-445,-4.2,10816,211,1.99,10160,11241,1399-8-27
479,صايند,صندوق س. گنجينه آينده روشن-د,202,5418100,54027673200,9987,9997,10019,32,0.32,9972,-15,-0.15,9958,10019,1399-8-27
480,وسرمد,بيمه  سرمد,201,959783,5431064562,5611,5759,5621,10,0.18,5624,13,0.23,5531,5778,1399-8-27
481,خمحور,توليدمحورخودرو,200,783038,44703639420,54380,57090,57090,2710,4.98,56570,2190,4.03,57090,57090,1399-8-27
482,ضپاس1002,اختيارخ وپارس-3000-1399/10/30,199,7257,4420218000,529,450,620,91,17.2,609,80,15.12,450,625,1399-8-27
483,وبرق,س.کارکنان صنعت برق زنجان وقزوي,197,131506,21642073926,169660,164571,164571,-5089,-3.0,164571,-5089,-3.0,164571,164571,1399-8-27
484,آ س پ,آ.س.پ,196,1470392,17881437112,11582,12161,12161,579,5.0,11786,204,1.76,12161,12161,1399-8-27
485,وآفري,بيمه كارآفرين,195,1017718,14310211617,14038,13651,14002,-36,-0.26,14055,17,0.12,13651,14429,1399-8-27
486,تسه9810,امتياز تسهيلات مسكن دي98,195,3617,2892383472,823949,818000,783010,-40939,-4.97,799664,-24285,-2.95,782752,818000,1399-8-27
487,وسخراش,شركت س استان خراسان شمالي,191,6579063,8289619380,1390,1260,1260,-130,-9.35,1370,-20,-1.44,1260,1260,1399-8-27
488,تسه9904,امتياز تسهيلات مسكن تير99,191,2112,1694307886,825871,785300,800000,-25871,-3.13,802229,-23642,-2.86,785300,811000,1399-8-27
489,سمتاز,سيمان ممتازان كرمان,188,280600,6210718629,22254,21587,21700,-554,-2.49,22214,-40,-0.18,21587,22918,1399-8-27
490,تايرا,تراكتورسازي‌ايران‌,183,1696195,36992386000,20780,21790,21810,1030,4.96,21450,670,3.22,21420,21810,1399-8-27
491,تسه9905,امتياز تسهيلات مسكن مرداد99,181,1734,1392311549,825004,816112,800000,-25004,-3.03,802948,-22056,-2.67,790200,820000,1399-8-27
492,قهكمت,قندهكمتان‌,177,470635,20591550700,42160,40200,44260,2100,4.98,42790,630,1.49,40200,44260,1399-8-27
493,كسرام,پارس‌ سرام‌,171,1363313,9161463360,6400,6720,6720,320,5.0,6450,50,0.78,6720,6720,1399-8-27
494,غدام,خوراك‌  دام‌ پارس‌,170,99997,31607051760,301030,316080,316080,15050,5.0,309130,8100,2.69,316080,316080,1399-8-27
495,ضسپا1103,اختيارخ خساپا-2500-1399/11/26,170,6226,3876488000,602,600,750,148,24.58,623,21,3.49,600,750,1399-8-27
496,وثخوز,سرمايه گذاري و توسعه خوزستان,170,318346,10366826286,31653,30711,32602,949,3.0,32113,460,1.45,30711,32602,1399-8-27
497,تكمبا,كمباين‌ سازي‌ ايران‌,165,1061673,10000959660,9910,9420,9420,-490,-4.94,9810,-100,-1.01,9420,9420,1399-8-27
498,سكه0011پ02,سكه تمام بهارتحويلي 1روزه ملت,165,32500,38523483900,1212913,1190005,1189000,-23913,-1.97,1185338,-27575,-2.27,1180000,1195000,1399-8-27
499,غشاذر,پگاه‌آذربايجان‌غربي‌,165,562541,10699529820,20020,19020,19020,-1000,-5.0,19790,-230,-1.15,19020,19020,1399-8-27
500,سهرمز,سيمان‌هرمزگان‌,164,380741,5948688450,15780,16200,15640,-140,-0.89,15760,-20,-0.13,15190,16200,1399-8-27
501,ثجوان,تامين مسكن جوانان,162,709426,4727334639,6519,6519,6630,111,1.7,6551,32,0.49,6519,6798,1399-8-27
502,وپخش,داروپخش‌ (هلدينگ‌,160,38157,4300559290,112370,107090,114400,2030,1.81,112400,30,0.03,107090,115900,1399-8-27
503,تسه9903,امتياز تسهيلات مسكن خرداد99,157,2745,2199030644,822944,781997,790000,-32944,-4.0,801104,-21840,-2.65,781997,814434,1399-8-27
504,ساذريح,ح . آذريت‌,156,1590452,8959016116,5469,5633,5633,164,3.0,5633,164,3.0,5633,5633,1399-8-27
505,اوصتا,صندوق انديشه ورزان صباتامين -د,156,6491392,110750210101,17091,17025,17020,-71,-0.42,17061,-30,-0.18,17001,17084,1399-8-27
506,شفارس,صنايع‌ شيميايي‌ فارس‌,155,1486973,59151785940,37890,39780,39780,1890,4.99,39780,1890,4.99,39780,39780,1399-8-27
507,ولراز,ليزينگ رازي,155,485192,12972483170,25965,26743,26743,778,3.0,26431,466,1.79,26101,26743,1399-8-27
508,اخزا815,اسنادخزانه-م15بودجه98-010406,148,295586,217685736337,735169,726555,735200,31,0.0,736455,1286,0.17,726555,739958,1399-8-27
509,غنوش,نوش‌ مازندران‌,148,220594,13628297320,65030,61780,61780,-3250,-5.0,63990,-1040,-1.6,61780,61780,1399-8-27
510,نطرين,عطرين نخ قم,147,1003044,14944352556,15683,14899,14899,-784,-5.0,15433,-250,-1.59,14899,14899,1399-8-27
511,سامان,بانك سامان,147,1741711,15286997447,8522,8777,8777,255,2.99,8619,97,1.14,8777,8777,1399-8-27
512,خلنت,لنت‌ ترمزايران‌,145,101757,8401057920,86900,82560,82560,-4340,-4.99,86110,-790,-0.91,82560,82560,1399-8-27
513,فلات,گروه صنايع معادن فلات ايرانيان,144,1919428,26278793782,13293,13691,13691,398,2.99,13691,398,2.99,13690,13691,1399-8-27
514,سبجنو,سيمان‌ بجنورد,141,322889,9879594800,30630,30800,30950,320,1.04,30620,-10,-0.03,30260,31400,1399-8-27
515,شكربن,كربن‌ ايران‌,140,625045,46559602050,70950,74490,74490,3540,4.99,74210,3260,4.59,74490,74490,1399-8-27
516,كساپا,سايپاشيشه‌,137,809578,18960316760,22310,23420,23420,1110,4.98,22670,360,1.61,23420,23420,1399-8-27
517,وليز,ليزينگ‌ايران‌,135,956062,7954435840,8750,8320,8320,-430,-4.91,8680,-70,-0.8,8320,8320,1399-8-27
518,ثاصفا,شركت‌ ساختمان‌ اصفهان‌,135,379463,10105858616,25857,26632,26632,775,3.0,26248,391,1.51,26632,26632,1399-8-27
519,قشرين,قند شيرين خراسان,134,1169411,20376986675,16918,17425,17425,507,3.0,17408,490,2.9,17425,17425,1399-8-27
520,وملت,سرمايه گذاري ملت,133,2556660,12139021680,4945,4748,4748,-197,-3.98,4748,-197,-3.98,4748,4748,1399-8-27
521,كفپارس,فرآورده‌هاي‌ نسوز پارس‌,130,375813,3340977570,9350,8890,8890,-460,-4.92,9320,-30,-0.32,8890,8890,1399-8-27
522,بذر,صندوق س بذر اميد آفرين-سهام,130,48063,4965252190,100640,100920,103000,2360,2.34,103310,2670,2.65,100260,105530,1399-8-27
523,ضصاد1100,اختيارخ وبصادر-2500-1399/11/12,129,2822,2250900000,720,610,800,80,11.11,798,78,10.83,610,830,1399-8-27
524,حبندر,دريايي و کشتيراني خط دريابندر,128,900649,23244850041,24580,25809,25809,1229,5.0,25809,1229,5.0,25809,25809,1399-8-27
525,وسلرستا,شركت س استان لرستان,124,3323215,2990893500,1000,900,900,-100,-10.0,900,-100,-10.0,900,900,1399-8-27
526,سفار,سيمان‌فارس‌,124,97572,8263236100,89090,84700,84640,-4450,-4.99,88320,-770,-0.86,84640,85000,1399-8-27
527,تسه9710,امتياز تسهيلات مسكن دي 97,124,1796,1450949033,821964,783001,800600,-21364,-2.6,807878,-14086,-1.71,783001,824978,1399-8-27
528,چكاوه,صنايع‌كاغذسازي‌كاوه‌,121,202665,6762931050,37070,33370,33370,-3700,-9.98,36510,-560,-1.51,33370,33370,1399-8-27
529,قاسم,قاسم ايران,119,393940,4869098400,13010,12360,12360,-650,-5.0,12943,-67,-0.51,12360,12360,1399-8-27
530,الماس,صندوق س.امين تدبيرگران فردا-س,118,54082,5915395099,108546,105279,110000,1454,1.34,109378,832,0.77,105279,110258,1399-8-27
531,ضفار1125,اختيارخ فارس-17826-1399/11/07,118,3297,3334696000,510,550,483,-27,-5.29,506,-4,-0.78,477,550,1399-8-27
532,اخزا809,اسنادخزانه-م9بودجه98-000923,115,406701,334568377432,826699,821990,815016,-11683,-1.41,822640,-4059,-0.49,806800,829000,1399-8-27
533,كتوكا,توليدي و خدمات صنايع نسوز توكا,112,260737,29807714577,120337,114321,114321,-6016,-5.0,116372,-3965,-3.29,114321,114321,1399-8-27
534,واحصا,احياء صنايع خراسان,111,342940,7936865688,22475,23149,23149,674,3.0,22721,246,1.09,22790,23149,1399-8-27
535,تسه9709,امتياز تسهيلات مسكن آذر97,111,1718,1364377350,810232,770000,785110,-25122,-3.1,794166,-16066,-1.98,769721,813998,1399-8-27
536,زعف9908پ10,زعفران9908نگين طلاي سرخ(پ),110,141523,11255328896,75946,73050,79743,3797,5.0,79530,3584,4.72,73050,79743,1399-8-27
537,ضخود1043,اختيارخ خودرو-3500-1399/10/07,110,4297,2567867000,543,410,630,87,16.02,598,55,10.13,410,639,1399-8-27
538,حپارسا,توسعه حمل و نقل ريلي پارسيان,105,660190,20556336030,29655,31137,31137,1482,5.0,30260,605,2.04,31137,31137,1399-8-27
539,تسه9712,امتياز تسهيلات مسكن اسفند97,105,1715,1384876027,824596,784050,810000,-14596,-1.77,807508,-17088,-2.07,784050,814830,1399-8-27
540,زنجان,صنايع كشاورزي وكود زنجان,104,4190574,27037583448,6265,6452,6452,187,2.98,6452,187,2.98,6452,6452,1399-8-27
541,ضغدر1119,اختيارخ وغدير-10000-1399/11/26,104,3424,11789120000,3148,3798,3600,452,14.36,3443,295,9.37,3100,3800,1399-8-27
542,ضپاس1003,اختيارخ وپارس-3500-1399/10/30,101,3526,1499335000,393,419,440,47,11.96,425,32,8.14,314,490,1399-8-27
543,بزاگرس,نيروگاه زاگرس كوثر,99,303928,4151656480,14378,13660,13660,-718,-4.99,14314,-64,-0.45,13660,13660,1399-8-27
544,تسه9901,امتياز تسهيلات مسكن فروردين99,99,969,779936085,822930,785614,792010,-30920,-3.76,804888,-18042,-2.19,781784,829001,1399-8-27
545,ضصاد1101,اختيارخ وبصادر-3000-1399/11/12,97,3270,1885165000,494,585,580,86,17.41,577,83,16.8,550,600,1399-8-27
546,سكه0112پ03,سكه تمام بهارتحويلي1روزه سامان,95,22400,26709600500,1216125,1185600,1196997,-19128,-1.57,1192393,-23732,-1.95,1183100,1196997,1399-8-27
547,وملي,گروه‌ صنعتي‌ ملي‌ (هلدينگ‌,95,7074,2523225060,375460,356690,356690,-18770,-5.0,374450,-1010,-0.27,356690,356690,1399-8-27
548,اخزا808,اسنادخزانه-م8بودجه98-000817,94,99914,84632173246,848656,844705,844800,-3856,-0.45,847050,-1606,-0.19,842000,854875,1399-8-27
549,وسكرد,شركت س استان كردستان,93,1953097,1757787300,1000,900,900,-100,-10.0,900,-100,-10.0,900,900,1399-8-27
550,فيروزا,صندوق بادرآمد ثابت فيروزه آسيا,93,859063,18161247679,21106,21120,21151,45,0.21,21141,35,0.17,21100,21170,1399-8-27
551,سپر,صندوق س سپر سرمايه بيدار- ثابت,92,606191,6220618090,10278,10290,10280,2,0.02,10262,-16,-0.16,9251,10390,1399-8-27
552,تسه9711,امتياز تسهيلات مسكن بهمن 97,90,1139,919726828,825028,785000,810000,-15028,-1.82,807486,-17542,-2.13,785000,820000,1399-8-27
553,آكورد2,صندوق س. آرمان آتي كوثر-د,90,9000000,9000000,29365,1,1,-29364,-100.0,1,-29364,-100.0,1,1,1399-8-27
554,دمعيار,صندوق س. توازن معيار-د,89,3536405,35655337140,10047,10082,10090,43,0.43,10082,35,0.35,10080,10090,1399-8-27
555,اخزا902,اسنادخزانه-م2بودجه99-011019,87,235052,154099188674,653629,659999,657900,4271,0.65,655596,1967,0.3,652000,659999,1399-8-27
556,تسه9803,امتياز تسهيلات مسكن خرداد98,87,460,371910459,821666,800000,795000,-26666,-3.25,808501,-13165,-1.6,780583,829000,1399-8-27
557,دروز,داروسازي‌ روزدارو,85,602109,10134062990,17710,16830,16830,-880,-4.97,17510,-200,-1.13,16830,17000,1399-8-27
558,كيان2,صندوق س. با درآمد ثابت كيان,85,8500000,8500000,25927,1,1,-25926,-100.0,1,-25926,-100.0,1,1,1399-8-27
559,وتوشه,سرمايه‌ گذاري‌ پارس‌ توشه‌,85,670833,13155035130,18680,19610,19610,930,4.98,18910,230,1.23,19610,19610,1399-8-27
560,ضچاد1015,اختيارخ كچاد-16000-1399/10/02,85,1298,3286623000,2172,2300,2700,528,24.31,2532,360,16.57,2205,2720,1399-8-27
561,تسه9812,امتياز تسهيلات مسكن اسفند98,83,642,515584630,822865,800000,810000,-12865,-1.56,803091,-19774,-2.4,786009,858000,1399-8-27
562,خفنر,فنرسازي‌خاور,83,177735,3300538950,19540,18570,18570,-970,-4.96,19470,-70,-0.36,18570,18570,1399-8-27
563,وشمال,س. چشم انداز توسعه شمال,83,108275,11461883225,109132,105859,105859,-3273,-3.0,107198,-1934,-1.77,105859,105859,1399-8-27
564,ضپاس1001,اختيارخ وپارس-2500-1399/10/30,82,2556,2372917000,785,899,925,140,17.83,928,143,18.22,899,998,1399-8-27
565,خديزل,بهمن  ديزل,81,1066022,46589425488,41623,43704,43704,2081,5.0,43345,1722,4.14,43704,43704,1399-8-27
566,وسگيلا,شركت س استان گيلان,81,2028380,1825542000,1000,900,900,-100,-10.0,900,-100,-10.0,900,900,1399-8-27
567,ضملي1148,اختيارخ فملي-10140-1399/11/05,81,436,2990437000,5809,5801,6950,1141,19.64,6859,1050,18.08,5800,7200,1399-8-27
568,اخزا817,اسنادخزانه-م17بودجه98-010512,79,277649,199839951291,718923,717500,717000,-1923,-0.27,719757,834,0.12,717000,721980,1399-8-27
569,دشيري,شيرين دارو,79,24280,3945913597,167486,162462,162462,-5024,-3.0,166433,-1053,-0.63,162462,167411,1399-8-27
570,ضخود1048,اختيارخ خودرو-7000-1399/10/07,79,2757,148528000,67,62,48,-19,-28.36,54,-13,-19.4,41,64,1399-8-27
571,غمهرا,توليدي‌مهرام‌,78,125245,5822548650,48890,46930,46450,-2440,-4.99,48600,-290,-0.59,46450,47990,1399-8-27
572,تسه9801,امتياز تسهيلات مسكن فروردين98,78,599,481505721,819298,826990,800000,-19298,-2.36,803849,-15449,-1.89,780000,830000,1399-8-27
573,كاذر,فرآورده‌هاي‌نسوزآذر,78,553075,10353564000,19700,18720,18720,-980,-4.97,19480,-220,-1.12,18720,18720,1399-8-27
574,شكبير,پتروشيمي اميركبير,77,317171,17709580624,57559,55833,55833,-1726,-3.0,57180,-379,-0.66,55833,57000,1399-8-27
575,تسه9811,امتياز تسهيلات مسكن بهمن98,76,544,437066311,821175,812000,786872,-34303,-4.18,803431,-17744,-2.16,780117,828990,1399-8-27
576,ضخود1041,اختيارخ خودرو-2500-1399/10/07,74,2286,2893003000,1236,1220,1330,94,7.61,1266,30,2.43,1200,1350,1399-8-27
577,تسه9802,امتياز تسهيلات مسكن ارديبهشت98,74,474,383724706,823929,782733,790000,-33929,-4.12,809546,-14383,-1.75,782733,865000,1399-8-27
578,هفارس912,اختيارف ت فارس-14576-99/12/13,73,241462,356397912,1379,1476,1476,97,7.03,1476,97,7.03,1476,1476,1399-8-27
579,سنوين,سرمايه گذاري اقتصاد نوين,72,328856,2927981143,8774,8949,8948,174,1.98,8814,40,0.46,8860,8949,1399-8-27
580,سفاسي,شركت فارسيت اهواز,71,240329,2488126137,10673,10353,10353,-320,-3.0,10630,-43,-0.4,10353,10353,1399-8-27
581,زعف9908پ17,زعفران9908پوشالمعمول بيرجند(پ),71,10643,706557391,68981,66086,66086,-2895,-4.2,66387,-2594,-3.76,66086,69000,1399-8-27
582,تصميم,صندوق س با درآمد ثابت تصميم,71,559037,8334827918,14889,14939,14920,31,0.21,14909,20,0.13,14895,14939,1399-8-27
583,ثعتما,س. ساختماني اعتماد گستر,69,399540,13678651440,32606,34236,34236,1630,5.0,33644,1038,3.18,34236,34236,1399-8-27
584,ضشنا1035,اختيارخ شپنا-14000-1399/10/23,69,404,1477358000,2961,3399,3890,929,31.37,3657,696,23.51,3000,3950,1399-8-27
585,تسه9809,امتياز تسهيلات مسكن آذر98,68,1121,897860808,826426,792000,792214,-34212,-4.14,800946,-25480,-3.08,792000,820000,1399-8-27
586,وتوس,توسعه‌شهري‌توس‌گستر,68,61531,1886540460,32270,30660,30660,-1610,-4.99,32200,-70,-0.22,30660,30660,1399-8-27
587,غفارس,شير پاستوريزه پگاه فارس,67,95178,840707274,9297,8833,8833,-464,-4.99,9288,-9,-0.1,8833,8833,1399-8-27
588,ثپرديس,سرمايه گذاري مسكن پرديس,66,303891,3301775715,11436,10865,10865,-571,-4.99,11396,-40,-0.35,10865,10865,1399-8-27
589,زعف0008پ10,زعفران0008نگين طلاي سرخ(پ),65,53776,6210578000,10000,110000,115500,105500,1055.0,115490,105490,1054.9,110000,115500,1399-8-27
590,غپونه,نوش پونه مشهد,62,119517,1823231835,16057,15255,15255,-802,-4.99,15980,-77,-0.48,15255,15255,1399-8-27
591,زعف9908پ15,زعفران9908پوشالمعمول طلاسرخ(پ),62,9335,619501694,68981,66086,67400,-1581,-2.29,66363,-2618,-3.8,66086,68981,1399-8-27
592,اخزا816,اسنادخزانه-م16بودجه98-010503,62,265653,192707807633,725316,722000,725316,0,0.0,725412,96,0.01,722000,730000,1399-8-27
593,اخزا814,اسنادخزانه-م14بودجه98-010318,61,103920,77916967844,751162,747510,747000,-4162,-0.55,749778,-1384,-0.18,745060,755000,1399-8-27
594,اخزا811,اسنادخزانه-م11بودجه98-001013,61,155168,127376260324,821634,820005,820500,-1134,-0.14,820893,-741,-0.09,818000,828700,1399-8-27
595,ضصاد1103,اختيارخ وبصادر-4000-1399/11/12,61,3051,770279000,285,279,250,-35,-12.28,252,-33,-11.58,250,280,1399-8-27
596,ضفلا8079,اختيارخ فولاد-10775-1399/08/28,60,743,1832029000,1636,2000,2599,963,58.86,2466,830,50.73,2000,2600,1399-8-27
597,دلقما,دارويي‌ لقمان‌,58,466754,14058630480,31700,30120,30120,-1580,-4.98,31230,-470,-1.48,30120,30120,1399-8-27
598,تسه9808,امتياز تسهيلات مسكن آبان98,57,775,618948237,823231,810000,800000,-23231,-2.82,798643,-24588,-2.99,783111,810000,1399-8-27
599,اخزا818,اسنادخزانه-م18بودجه98-010614,55,110651,78342570723,707644,708000,708000,356,0.05,708015,371,0.05,705601,709000,1399-8-27
600,وسيزد,شركت س استان يزد,55,919239,1121471580,1280,1220,1220,-60,-4.69,1280,0,0.0,1220,1220,1399-8-27
601,لسرما,سرما آفرين‌,54,49363,1370810510,29230,27770,27770,-1460,-4.99,29180,-50,-0.17,27770,27770,1399-8-27
602,ارمغان,ص سرمايه گذاري ارمغان ايرانيان,54,963711,9721092164,10076,10087,10100,24,0.24,10087,11,0.11,10080,10100,1399-8-27
603,ضخود1040,اختيارخ خودرو-2000-1399/10/07,53,468,872543000,1695,1400,1820,125,7.37,1864,169,9.97,1400,1949,1399-8-27
604,ثنور,سرمايه گذاري كوه نور,53,255432,1795686960,7400,7030,7030,-370,-5.0,7365,-35,-0.47,7030,7030,1399-8-27
605,شستا991,اجاره تامين اجتماعي-امين991226,53,1847,1864649823,998136,1009999,1009168,11032,1.11,1009556,11420,1.14,990100,1010000,1399-8-27
606,صنوين,صندوق سرمايه‌گذاري صنوين-مختلط,52,24450,2482174570,99320,100000,102000,2680,2.7,101520,2200,2.22,100000,102000,1399-8-27
607,ضخود1045,اختيارخ خودرو-4500-1399/10/07,51,2449,569124000,225,230,230,5,2.22,232,7,3.11,210,262,1399-8-27
608,اخزا904,اسنادخزانه-م4بودجه99-011215,50,123904,79311617477,639818,640000,641000,1182,0.18,640105,287,0.04,639000,641000,1399-8-27
609,ضفلا8082,اختيارخ فولاد-13775-1399/08/28,49,675,93024000,73,90,249,176,241.1,138,65,89.04,70,249,1399-8-27
610,بموتو,موتوژن‌,48,81379,3469186770,40600,42630,42630,2030,5.0,40730,130,0.32,42630,42630,1399-8-27
611,اخزا821,اسنادخزانه-م21بودجه98-020906,47,50832,29055091639,575977,571500,572500,-3477,-0.6,571591,-4386,-0.76,570000,574500,1399-8-27
612,اخزا903,اسنادخزانه-م3بودجه99-011110,47,131369,85529974913,651057,638559,652000,943,0.14,651067,10,0.0,638559,654000,1399-8-27
613,وارس,سرمايه گذاري ارس صبا,46,53472,4173756960,75782,78055,78055,2273,3.0,76222,440,0.58,78055,78055,1399-8-27
614,گكيش,توريستي ورفاهي آبادگران كيش,46,41880,2672781600,65793,63820,63820,-1973,-3.0,65506,-287,-0.44,63820,63820,1399-8-27
615,كابگن,توليدي و صنعتي آبگينه‌,46,421176,2058287112,4839,4887,4887,48,0.99,4859,20,0.41,4887,4887,1399-8-27
616,تسه9806,امتياز تسهيلات مسكن شهريور98,46,653,526753552,820734,792000,805000,-15734,-1.92,806667,-14067,-1.71,781000,820000,1399-8-27
617,عيار2,صندوق س. پشتوانه طلاي مفيد,45,450000,450000,30843,1,1,-30842,-100.0,1,-30842,-100.0,1,1,1399-8-27
618,اخزا806,اسنادخزانه-م6بودجه98-000519,45,71384,62857978471,881348,875606,875801,-5547,-0.63,880561,-787,-0.09,875606,885000,1399-8-27
619,شتولي,تولي‌پرس‌,44,43958,985406486,23351,22417,22417,-934,-4.0,23255,-96,-0.41,22417,22417,1399-8-27
620,ضفلا8081,اختيارخ فولاد-12775-1399/08/28,44,621,377852000,250,350,655,405,162.0,608,358,143.2,350,800,1399-8-27
621,كصدف,كاشي صدف سرام استقلال آباده,44,136271,2553445998,18193,18738,18738,545,3.0,18261,68,0.37,18738,18738,1399-8-27
622,سدشت,صنايع سيمان دشتستان,44,62684,2313989920,38190,36350,37070,-1120,-2.93,38130,-60,-0.16,36350,37870,1399-8-27
623,زعف9908پ13,زعفران9908پوشالمعمول روستا(پ),44,7372,496748688,68981,66086,67500,-1481,-2.15,67383,-1598,-2.32,66086,69900,1399-8-27
624,حاريا,كشتيراني آريا,43,223186,6865201360,31711,30760,30760,-951,-3.0,31373,-338,-1.07,30760,30760,1399-8-27
625,ضچاد1016,اختيارخ كچاد-18000-1399/10/02,42,595,869241000,1297,1900,1599,302,23.28,1461,164,12.64,1400,1900,1399-8-27
626,تماوند,تامين سرمايه دماوند,42,684851,9273567391,13959,13541,13541,-418,-2.99,13754,-205,-1.47,13541,13541,1399-8-27
627,وساغربي,شركت س استان آذربايجان غربي,42,793716,714344400,1000,900,900,-100,-10.0,900,-100,-10.0,900,900,1399-8-27
628,فاهواز,نورد و لوله اهواز,40,67092,1305744504,19859,19462,19462,-397,-2.0,19847,-12,-0.06,19462,19462,1399-8-27
629,غدشت,دشت‌ مرغاب‌,40,6219,1624900320,275030,261280,261280,-13750,-5.0,274550,-480,-0.17,261280,261280,1399-8-27
630,آسام,صندوق س.آرمان سپهر آشنا-م,39,19420,1899418260,96900,98980,98200,1300,1.34,97807,907,0.94,97002,98980,1399-8-27
631,تكنار,مجتمع معادن مس تكنار,39,111974,9997822538,93986,89287,89287,-4699,-5.0,91416,-2570,-2.73,89287,89287,1399-8-27
632,ضفار1122,اختيارخ فارس-11826-1399/11/07,39,597,3037738000,2537,2750,2650,113,4.45,2544,7,0.28,2401,2850,1399-8-27
633,دقاضي,داروسازي شهيد قاضي,38,9223,780436174,86793,89179,84359,-2434,-2.8,86705,-88,-0.1,84210,89179,1399-8-27
634,اخزا820,اسنادخزانه-م20بودجه98-020806,38,168466,97209335103,578127,578003,579990,1863,0.32,577026,-1101,-0.19,565001,579990,1399-8-27
635,وسهمدا,شركت س استان همدان,36,840349,756314100,1000,900,900,-100,-10.0,900,-100,-10.0,900,900,1399-8-27
636,كيسون,شركت كيسون,36,90467,1642609319,18718,18157,18157,-561,-3.0,18693,-25,-0.13,18157,18157,1399-8-27
637,اخزا704,اسنادخزانه-م4بودجه97-991022,36,52008,50693261738,973021,968211,975000,1979,0.2,974720,1699,0.17,968211,975500,1399-8-27
638,كمينا,شيشه سازي مينا,35,51237,1448418753,29143,28269,28269,-874,-3.0,29075,-68,-0.23,28269,28269,1399-8-27
639,اخزا812,اسنادخزانه-م12بودجه98-001111,35,93455,75361606374,806683,806683,804201,-2482,-0.31,806395,-288,-0.04,804001,808999,1399-8-27
640,شفارا,پتروشيمي فارابي,34,289314,1487073960,5298,5140,5140,-158,-2.98,5286,-12,-0.23,5140,5140,1399-8-27
641,ضفلا8076,اختيارخ فولاد-8775-1399/08/28,33,409,1875310000,3897,4500,4880,983,25.22,4585,688,17.65,4050,4880,1399-8-27
642,شساخت,مهندسي و ساختمان صنايع نفت,33,73352,2851265592,40073,38871,38871,-1202,-3.0,39985,-88,-0.22,38871,38871,1399-8-27
643,ضفلا8068,اختيارخ فولاد-4751-1399/08/28,33,272,3715919160,7820,8400,8100,280,3.58,8496,676,8.64,8100,8850,1399-8-27
644,آرمان,بيمه آرمان,33,2079003,16565495904,7736,7968,7968,232,3.0,7910,174,2.25,7968,7968,1399-8-27
645,فولاي,صنايع فولاد آلياژي يزد,32,9154,448665002,51592,49013,49013,-2579,-5.0,51568,-24,-0.05,49013,49013,1399-8-27
646,ضفلا8085,اختيارخ فولاد-16775-1399/08/28,32,1164,3344000,1,1,4,3,300.0,3,2,200.0,1,9,1399-8-27
647,لپيام,گسترش صنايع پيام,31,114527,3159112768,28437,27584,27584,-853,-3.0,28286,-151,-0.53,27584,27584,1399-8-27
648,جوين,كشت و صنعت جوين,31,340511,7740496052,22070,22732,22732,662,3.0,22309,239,1.08,22732,22732,1399-8-27
649,كهرام,توليدي گرانيت بهسرام,31,158063,9790896409,60139,61943,61943,1804,3.0,60977,838,1.39,61943,61943,1399-8-27
650,اخزا804,اسنادخزانه-م4بودجه98-000421,30,48535,43232484401,890217,892400,885102,-5115,-0.57,890749,532,0.06,875553,896401,1399-8-27
651,اخزا813,اسنادخزانه-م13بودجه98-010219,30,22944,17587817203,765543,760004,762564,-2979,-0.39,766554,1011,0.13,760003,770000,1399-8-27
652,غشصفا,شيرپاستوريزه‌پگاه‌اصفهان‌,30,246572,7399625720,31580,30010,30010,-1570,-4.97,31330,-250,-0.79,30010,30010,1399-8-27
653,ساروج,بين المللي ساروج بوشهر,30,100949,1818505286,18571,18014,18014,-557,-3.0,18516,-55,-0.3,18014,18015,1399-8-27
654,هترول911,اختيارف ت پترول-14730-99/11/15,30,140840,147318640,1009,1046,1046,37,3.67,1046,37,3.67,1046,1046,1399-8-27
655,گنجين,صندوق س. گنجينه يكم آويد-د,29,134090,1562673964,11639,11640,11650,11,0.09,11654,15,0.13,11640,11660,1399-8-27
656,ضشنا1036,اختيارخ شپنا-16000-1399/10/23,29,296,730447000,2098,2500,2510,412,19.64,2468,370,17.64,2367,2599,1399-8-27
657,تپولا,مهندسي مرآت پولاد,29,134414,3544228352,27183,26368,26368,-815,-3.0,27032,-151,-0.56,26368,26368,1399-8-27
658,تسه9807,امتياز تسهيلات مسكن مهر98,28,103,82327005,823721,783000,810000,-13721,-1.67,799291,-24430,-2.97,783000,820000,1399-8-27
659,هبركت912,اختيارف ت بركت-22100-99/12/17,28,50306,352343224,6461,7004,7004,543,8.4,7004,543,8.4,7004,7004,1399-8-27
660,ثقزوي,شركت عمران و سازندگي قزوين,28,45377,1291792436,29348,28468,28468,-880,-3.0,29288,-60,-0.2,28468,28468,1399-8-27
661,خپويش,سازه‌ پويش‌,27,111494,4201093920,39660,37680,37680,-1980,-4.99,39480,-180,-0.45,37680,37680,1399-8-27
662,ضفلا8080,اختيارخ فولاد-11775-1399/08/28,27,382,596086000,811,1150,1700,889,109.62,1560,749,92.36,1100,1700,1399-8-27
663,لكما,كارخانجات‌مخابراتي‌ايران‌,27,95838,985406316,10600,10282,10282,-318,-3.0,10583,-17,-0.16,10282,10282,1399-8-27
664,اخزا810,اسنادخزانه-م10بودجه98-001006,26,46056,38145581285,827903,827500,829000,1097,0.13,828243,340,0.04,822606,834999,1399-8-27
665,پلاسك,پلاسكوكار,25,44231,365348060,8690,8260,8260,-430,-4.95,8690,0,0.0,8260,8260,1399-8-27
666,ثروتم,صندوق س. ثروت آفرين پارسيان-س,25,11780,1067591070,89904,90501,90510,606,0.67,90627,723,0.8,90501,91960,1399-8-27
667,زعف9908پ16,زعفران9908نگين بيرجند(پ),25,7176,555306256,76299,75500,79743,3444,4.51,77384,1085,1.42,72600,79743,1399-8-27
668,ضترا1117,اختيارخ شتران-10000-1399/11/14,25,296,1006582000,3045,3221,3650,605,19.87,3401,356,11.69,3200,3650,1399-8-27
669,افران,صندوق س افرا نماد پايدار-ثابت,25,166453,2002923546,12016,12035,12038,22,0.18,12033,17,0.14,12021,12038,1399-8-27
670,خنصير,مهندسي‌نصيرماشين‌,24,16661,773570230,48870,46430,46430,-2440,-4.99,48830,-40,-0.08,46430,46430,1399-8-27
671,ثزاگرس,سرمايه گذاري توسعه عمران زاگرس,24,215987,9126746672,44479,42256,42256,-2223,-5.0,43380,-1099,-2.47,42256,42256,1399-8-27
672,هاباد912,اختيارف ت آبادا-30100-99/12/12,24,2268,23326380,10127,10285,10285,158,1.56,10285,158,1.56,10285,10285,1399-8-27
673,فنفت,صنايع تجهيزات نفت,24,35882,494597488,14210,13784,13784,-426,-3.0,14199,-11,-0.08,13784,13784,1399-8-27
674,فوكا,فولاد كاويان,23,28197,561938013,20977,19929,19929,-1048,-5.0,20965,-12,-0.06,19929,19929,1399-8-27
675,ولتجار,واسپاري تجارت وسرمايه ايرانيان,23,45535,263556580,5967,5788,5788,-179,-3.0,5965,-2,-0.03,5788,5788,1399-8-27
676,تملي802,تسهيلات مسكن ب. ملي-ارديبهشت98,23,124,172022348,1366637,1430000,1298306,-68331,-5.0,1387277,20640,1.51,1298306,1434968,1399-8-27
677,ضفلا8078,اختيارخ فولاد-9775-1399/08/28,22,79,252421000,2600,3000,3225,625,24.04,3195,595,22.88,3000,3600,1399-8-27
678,ضپيك1020,اختيارخ تاپيكو-14000-99/10/16,21,153,393880000,2395,2800,2850,455,19.0,2574,179,7.47,2300,2850,1399-8-27
679,فالوم,آلومتك‌,21,8842,292086628,34772,33034,33034,-1738,-5.0,34745,-27,-0.08,33034,33034,1399-8-27
680,خعمرا,توسعه و عمران شهرستان نائين,21,31005,515396115,16139,16623,16623,484,3.0,16151,12,0.07,16623,16623,1399-8-27
681,تسه9805,امتياز تسهيلات مسكن مرداد98,20,109,87381777,822473,781351,800000,-22473,-2.73,801668,-20805,-2.53,781350,863596,1399-8-27
682,زعف9908پ05,زعفران9908نگين زرين(پ),20,11313,901455740,81494,79743,79743,-1751,-2.15,79683,-1811,-2.22,75010,79743,1399-8-27
683,اخزا716,اسنادخزانه-م16بودجه97-000407,20,78815,70740468463,898216,895485,895480,-2736,-0.3,897551,-665,-0.07,895480,902999,1399-8-27
684,سنير,سيمان‌ سفيد ني‌ريز,20,7689,597589080,81810,77720,77720,-4090,-5.0,81760,-50,-0.06,77720,77720,1399-8-27
685,اخزا720,اسنادخزانه-م20بودجه97-000324,20,14042,12887202946,931441,920000,919000,-12441,-1.34,917761,-13680,-1.47,907113,920000,1399-8-27
686,سمايه,بانك سرمايه,20,28842,265548294,9491,9207,9207,-284,-2.99,9487,-4,-0.04,9207,9207,1399-8-27
687,وآتوس,س.آرين توسكا قيمت اسمي 350ريال,19,378450,13208283450,35980,34901,34901,-1079,-3.0,35245,-735,-2.04,34901,34901,1399-8-27
688,زعف0008پ11,زعفران0008نگين سحرخيز(پ),19,38050,4391500000,10000,110000,115500,105500,1055.0,115414,105414,1054.14,110000,115500,1399-8-27
689,فبيرا,بسته‌ بندي‌ ايران‌,19,149987,733736404,5043,4892,4892,-151,-2.99,5037,-6,-0.12,4892,4892,1399-8-27
690,ضملي1149,اختيارخ فملي-12168-1399/11/05,18,445,1986100000,3959,4200,4500,541,13.67,4463,504,12.73,4200,4600,1399-8-27
691,ضفلا8060,اختيارخ فولاد-3507-1399/08/28,18,53,808838472,8519,9500,10000,1481,17.38,9491,972,11.41,9000,10000,1399-8-27
692,وسيستا,شركت س استان سيستان وبلوچستان,17,895889,806300100,1000,900,900,-100,-10.0,900,-100,-10.0,900,900,1399-8-27
693,تسه9804,امتياز تسهيلات مسكن تير98,17,77,62234142,832848,791206,820000,-12848,-1.54,808236,-24612,-2.96,791206,820000,1399-8-27
694,فافزا,فولاد افزا سپاهان,17,101994,4655210148,48044,45642,45642,-2402,-5.0,47446,-598,-1.24,45642,45642,1399-8-27
695,بسويچ,پارس‌سويچ‌,17,5017,203690200,42730,40600,40600,-2130,-4.98,42720,-10,-0.02,40600,40600,1399-8-27
696,پست0008پ09,پسته بادامي30-28مه ولات0008(پ),17,478,776985000,1609111,1530000,1620000,10889,0.68,1625492,16381,1.02,1530000,1689000,1399-8-27
697,زعف9908پ14,زعفران9908پوشالمعمول نوين(پ),17,5944,425648510,69564,71990,67000,-2564,-3.69,71610,2046,2.94,66086,72000,1399-8-27
698,كقزوي,شيشه‌ قزوين‌,16,20724,185645592,9235,8958,8958,-277,-3.0,9232,-3,-0.03,8958,8958,1399-8-27
699,پست9908-08,پسته فندقي32-30زرينمه ولات9908,16,156,194575213,1200002,1246881,1230000,29998,2.5,1247277,47275,3.94,1226833,1350000,1399-8-27
700,شكف,كف,16,4096,299061248,74503,73013,73013,-1490,-2.0,74455,-48,-0.06,73013,73013,1399-8-27
701,ضسپا1100,اختيارخ خساپا-1600-1399/11/26,16,456,611620000,1203,1280,1400,197,16.38,1341,138,11.47,1280,1400,1399-8-27
702,ضملي1152,اختيارخ فملي-18252-1399/11/05,16,361,268879000,738,800,680,-58,-7.86,745,7,0.95,680,900,1399-8-27
703,ضسپا1102,اختيارخ خساپا-2000-1399/11/26,16,278,289480000,1001,990,1100,99,9.89,1041,40,4.0,990,1100,1399-8-27
704,نگين,ص.س. زمين و ساختمان نگين شهرري,16,7741,381716350,49260,49270,49250,-10,-0.02,49310,50,0.1,49250,49700,1399-8-27
705,پلوله,گازلوله‌,16,71730,1348308810,18986,18797,18797,-189,-1.0,18935,-51,-0.27,18797,18797,1399-8-27
706,پست9908-04,پسته فندقي32-30سبزدانه9908,15,184,225913457,1305936,1270000,1226833,-79103,-6.06,1227790,-78146,-5.98,1226833,1270000,1399-8-27
707,خكمك,كمك‌فنرايندامين‌,15,3195,163903500,54000,51300,51300,-2700,-5.0,53990,-10,-0.02,51300,51300,1399-8-27
708,خكار,ايركا پارت صنعت,15,17582,534844440,32020,30420,30420,-1600,-5.0,32000,-20,-0.06,30420,30420,1399-8-27
709,ضپنا1020,اختيارخ رمپنا-13406-1399/10/09,15,113,827803469,3426,4400,4700,1274,37.19,4946,1520,44.37,4400,5000,1399-8-27
710,جهرم,پتروشيمي جهرم,15,119373,380083632,3282,3184,3184,-98,-2.99,3280,-2,-0.06,3184,3184,1399-8-27
711,صمسكن912,ص دين مسكن جنوب-ماهانه16درصد,14,7358,616884830,82739,82929,82929,190,0.23,83839,1100,1.33,82100,86875,1399-8-27
712,اخزا721,اسنادخزانه-م21بودجه97-000728,14,25615,21851808866,857314,864500,853100,-4214,-0.49,853086,-4228,-0.49,851006,864500,1399-8-27
713,سايرا,ايرانيت‌,14,27937,1016276784,36225,35610,35971,-254,-0.7,36240,15,0.04,35580,36949,1399-8-27
714,ضفلا8070,اختيارخ فولاد-5775-1399/08/28,14,127,987293000,7000,7400,8000,1000,14.29,7774,774,11.06,7400,8998,1399-8-27
715,تپمپي,پمپ‌ سازي‌ ايران‌,14,7003,248886620,37410,35540,35540,-1870,-5.0,37400,-10,-0.03,35540,35540,1399-8-27
716,زعف9908پ11,زعفران9908نگين سحرخيز(پ),14,8609,685635587,79550,76010,79743,193,0.24,79642,92,0.12,75500,79743,1399-8-27
717,غاذر,كشت‌وصنعت‌پياذر,13,4570,335072400,77170,73320,73320,-3850,-4.99,77140,-30,-0.04,73320,73320,1399-8-27
718,خچرخش,چرخشگر,13,7633,138691610,19120,18170,18170,-950,-4.97,19120,0,0.0,18170,18170,1399-8-27
719,ضپيك1023,اختيارخ تاپيكو-20000-99/10/16,13,155,144119000,2400,1000,721,-1679,-69.96,930,-1470,-61.25,721,1000,1399-8-27
720,غگلپا,شير پاستوريزه پگاه گلپايگان,13,8048,569814496,74528,70802,70802,-3726,-5.0,74483,-45,-0.06,70802,70802,1399-8-27
721,كشم0001پ01,كشمش سبز0001خليل آباد(پ),13,234,95551651,393697,413381,410000,16303,4.14,408340,14643,3.72,386000,413381,1399-8-27
722,فنرژي,گسترش صنايع انرژي آذرآب,13,166336,1767652672,10843,10627,10627,-216,-1.99,10804,-39,-0.36,10627,10627,1399-8-27
723,سخواف,سيمان مجد خواف,13,8958,141267660,16599,15770,15770,-829,-4.99,16593,-6,-0.04,15770,15770,1399-8-27
724,ضترا1118,اختيارخ شتران-12000-1399/11/14,13,160,419740000,2041,2266,2500,459,22.49,2623,582,28.52,2265,2749,1399-8-27
725,افرا,افرانت,13,7638,381670860,52599,49970,49970,-2629,-5.0,52577,-22,-0.04,49970,49970,1399-8-27
726,وسكهبو,س.عدالت ا. كهگيلويه وبويراحمد,13,120604,130252320,1130,1080,1080,-50,-4.42,1130,0,0.0,1080,1080,1399-8-27
727,ضپاس1000,اختيارخ وپارس-2000-1399/10/30,13,57,80040000,1338,1500,1499,161,12.03,1404,66,4.93,1300,1500,1399-8-27
728,وسقم,شركت س استان قم,12,81089,108659260,1410,1340,1340,-70,-4.96,1410,0,0.0,1340,1340,1399-8-27
729,غپآذر,شير پگاه آذربايجان شرقي,12,4609,240705025,54973,52225,52225,-2748,-5.0,54959,-14,-0.03,52225,52225,1399-8-27
730,كرونا2,تامين مالي جمعي صرفا اهداي سود,12,964,9640000,10000,10000,10000,0,0.0,10000,0,0.0,10000,10000,1399-8-27
731,سخند,صندوق س.سپهرخبرگان نفت-د,12,16150,162099650,10027,10030,10036,9,0.09,10037,10,0.1,10030,10060,1399-8-27
732,سيلام,سيمان‌ ايلام‌,12,22243,223764580,10580,10060,10060,-520,-4.91,10580,0,0.0,10060,10060,1399-8-27
733,ضپيك1019,اختيارخ تاپيكو-12000-99/10/16,12,58,243058000,3945,3980,4350,405,10.27,4191,246,6.24,3980,4400,1399-8-27
734,ضپنا1022,اختيارخ رمپنا-18806-1399/10/09,12,205,474364300,1633,1500,1500,-133,-8.14,1562,-71,-4.35,1500,1670,1399-8-27
735,ضملت8025,اختيارخ وبملت-3616-1399/08/28,12,60,295791630,858,1001,1400,542,63.17,1190,332,38.69,1000,1450,1399-8-27
736,چافست,افست‌,12,10170,255368700,26430,25110,25110,-1320,-4.99,26420,-10,-0.04,25110,25110,1399-8-27
737,نمرينو,ايران‌ مرينوس‌,11,5822,313747580,56720,53890,53890,-2830,-4.99,56700,-20,-0.04,53890,53890,1399-8-27
738,ضملت8027,اختيارخ وبملت-4100-1399/08/28,11,117,549908236,526,899,1300,774,147.15,1135,609,115.78,800,1300,1399-8-27
739,ضملي1153,اختيارخ فملي-20280-1399/11/05,11,143,61202000,369,500,400,31,8.4,428,59,15.99,400,500,1399-8-27
740,اخزا807,اسنادخزانه-م7بودجه98-000719,11,33882,28960281204,860748,850000,852000,-8748,-1.02,854739,-6009,-0.7,850000,865000,1399-8-27
741,معيار,سرمايه گذاري معيار صنعت پارس,11,18600,526287000,29473,28295,28295,-1178,-4.0,29408,-65,-0.22,28295,28295,1399-8-27
742,پست9908-02,پسته فندقي32-30طلاسبززرند9908,11,697,944640862,1291403,1350000,1355973,64570,5.0,1355295,63892,4.95,1241010,1355973,1399-8-27
743,زنگان,صنعت روي زنگان,10,1259,182522266,152604,144974,144974,-7630,-5.0,152573,-31,-0.02,144974,144974,1399-8-27
744,ثاباد,توريستي ورفاهي آبادگران ايران,10,14225,434858250,32170,30570,30570,-1600,-4.97,32160,-10,-0.03,30570,30570,1399-8-27
745,زعف9908پ12,زعفران9908پوشالمعمول سحرخيز(پ),10,1172,77452792,68981,66086,66086,-2895,-4.2,66086,-2895,-4.2,66086,66086,1399-8-27
746,فسا,پتروشيمي فسا,10,136451,400756587,3027,2937,2937,-90,-2.97,3025,-2,-0.07,2937,2937,1399-8-27
747,ضفلا8093,اختيارخ فولاد-29775-1399/08/28,10,391,591000,3,3,1,-2,-66.67,2,-1,-33.33,1,3,1399-8-27
748,ذوب تبعي9912,اختيارف.تبعي ذوب991224,10,4622,10445720,2550,2260,2260,-290,-11.37,2260,-290,-11.37,2260,2260,1399-8-27
749,اخزا805,اسنادخزانه-م5بودجه98-000422,9,78485,69579172115,898547,875063,892000,-6547,-0.73,886528,-12019,-1.34,875063,900000,1399-8-27
750,ضچاد1013,اختيارخ كچاد-12000-1399/10/02,9,68,377303000,4005,5700,5700,1695,42.32,5549,1544,38.55,5000,5900,1399-8-27
751,وسخراج,شركت س استان خراسان جنوبي,9,59520,127372800,2250,2140,2140,-110,-4.89,2250,0,0.0,2140,2140,1399-8-27
752,شستا992,اجاره تامين اجتماعي-سپهر991226,9,4297,4297831561,1000000,1000000,1018899,18899,1.89,1000193,193,0.02,1000000,1018899,1399-8-27
753,ثامان,سامان‌ گستراصفهان‌,9,13851,294610770,22380,21270,21270,-1110,-4.96,22370,-10,-0.04,21270,21270,1399-8-27
754,زعف9908پ06,زعفران 9908پوشالمعمول زرين(پ),9,2057,141597589,70943,73000,72450,1507,2.12,68837,-2106,-2.97,66087,73000,1399-8-27
755,داريك,صندوق س.اعتماد داريك-د,9,157469,1578606475,10024,10010,10025,1,0.01,10025,1,0.01,10010,10025,1399-8-27
756,ضفار1126,اختيارخ فارس-19826-1399/11/07,8,22,16942000,342,450,343,1,0.29,385,43,12.57,300,450,1399-8-27
757,تابا,تابان نيرو سپاهان,8,4530,150522840,34255,33228,33228,-1027,-3.0,34247,-8,-0.02,33228,33228,1399-8-27
758,ساذري,آذريت‌,8,6614,39518650,5801,5975,5975,174,3.0,5801,0,0.0,5975,5975,1399-8-27
759,سلار,شركت سيمان لارستان,8,50873,1347778389,27312,26493,26493,-819,-3.0,27253,-59,-0.22,26493,26493,1399-8-27
760,خفناور,مهندسي صنعتي روان فن آور,8,9537,224281629,24754,23517,23517,-1237,-5.0,24739,-15,-0.06,23517,23517,1399-8-27
761,پست0008پ08,پسته فندقي32-30مه ولات0008(پ),8,150,242080332,1549579,1601000,1601000,51421,3.32,1613869,64290,4.15,1600000,1627057,1399-8-27
762,ضفلا8083,اختيارخ فولاد-14775-1399/08/28,8,154,784000,1,10,3,2,200.0,5,4,400.0,3,10,1399-8-27
763,ضملت1127,اختيارخ وبملت-5000-1399/11/28,8,229,201167000,757,850,900,143,18.89,878,121,15.98,850,900,1399-8-27
764,زعف0008پ05,زعفران0008نگين زرين(پ),8,10020,1157300200,10000,110010,115510,105510,1055.1,115499,105499,1054.99,110010,115510,1399-8-27
765,ضمخا7070,اختيارخ اخابر-20000-1400/07/28,8,96,154304000,1507,1600,1798,291,19.31,1607,100,6.64,1550,1798,1399-8-27
766,ضفلا1155,اختيارخ فولاد-14000-1399/11/28,7,300,580410000,1715,2000,2000,285,16.62,1935,220,12.83,1800,2001,1399-8-27
767,وحكمت,بيمه حكمت صبا,7,32678,185970498,5866,5691,5691,-175,-2.98,5864,-2,-0.03,5691,5691,1399-8-27
768,شسم,توليد سموم‌ علف‌ كش,7,8491,728332507,82478,85777,85777,3299,4.0,82709,231,0.28,85777,85777,1399-8-27
769,وسبوشهر,شركت س استان بوشهر,7,68450,82140000,1260,1200,1200,-60,-4.76,1260,0,0.0,1200,1200,1399-8-27
770,اطلس2,صندوق س.توسعه اندوخته آينده-س,7,70000,70000,178175,1,1,-178174,-100.0,1,-178174,-100.0,1,1,1399-8-27
771,ضخود1047,اختيارخ خودرو-6000-1399/10/07,6,327,42353000,150,132,127,-23,-15.33,130,-20,-13.33,127,132,1399-8-27
772,ثنظام,س. ساختماني نظام مهندسي ايران,6,2105,89331990,43750,42438,42438,-1312,-3.0,43744,-6,-0.01,42438,42438,1399-8-27
773,غشوكو,شوكو پارس,6,1056,45922272,44831,43487,43487,-1344,-3.0,44828,-3,-0.01,43487,43487,1399-8-27
774,اخزا713,اسنادخزانه-م13بودجه97-000518,6,56085,49362631230,881380,882000,880100,-1280,-0.15,880140,-1240,-0.14,880074,883280,1399-8-27
775,وسكرشا,س.سهام عدالت استان كرمانشاه,6,37384,46356160,1300,1240,1240,-60,-4.62,1300,0,0.0,1240,1240,1399-8-27
776,هصيكو402,اختيارف ت تاصيكو13500-00/02/20,6,1636,6260972,3874,3827,3827,-47,-1.21,3827,-47,-1.21,3827,3827,1399-8-27
777,وسمركز,شركت س استان مركزي,6,101820,135420600,1400,1330,1330,-70,-5.0,1400,0,0.0,1330,1330,1399-8-27
778,شستا003,اجاره تامين اجتماعي-سپهر000523,6,528,527920008,990001,1000000,1000000,9999,1.01,999848,9847,0.99,990001,1000000,1399-8-27
779,ضفلا1151,اختيارخ فولاد-8000-1399/11/28,6,16,105208000,5189,5577,7000,1811,34.9,6575,1386,26.71,5577,7000,1399-8-27
780,اخزا722,اسنادخزانه-م22بودجه97-000428,6,72561,63602045000,888596,875248,895250,6654,0.75,876532,-12064,-1.36,875000,895250,1399-8-27
781,وسزنجان,شركت س استان زنجان,6,41592,56149200,1420,1350,1350,-70,-4.93,1420,0,0.0,1350,1350,1399-8-27
782,ضخود1046,اختيارخ خودرو-5000-1399/10/07,6,325,56345000,164,180,165,1,0.61,173,9,5.49,165,189,1399-8-27
783,ضملي1150,اختيارخ فملي-14196-1399/11/05,5,300,622200000,2000,2001,2200,200,10.0,2074,74,3.7,2001,2300,1399-8-27
784,اخزا723,اسنادخزانه-م23بودجه97-000824,5,49996,42296768012,854510,855001,837002,-17508,-2.05,846003,-8507,-1.0,837002,855001,1399-8-27
785,ثاژن,سخت آژند,5,4360,36475760,8536,8366,8366,-170,-1.99,8535,-1,-0.01,8366,8366,1399-8-27
786,پدرخش,درخشان‌ تهران‌,5,258,55663500,227100,215750,215750,-11350,-5.0,227090,-10,0.0,215750,215750,1399-8-27
787,زعف0008پ15,زعفران0008پوشالمعمول طلاسرخ(پ),5,300,27697500,10000,90000,94500,84500,845.0,92325,82325,823.25,90000,94500,1399-8-27
788,وسگلستا,شركت س استان گلستان,5,39833,47002940,1240,1180,1180,-60,-4.84,1240,0,0.0,1180,1180,1399-8-27
789,ضپيك1022,اختيارخ تاپيكو-18000-99/10/16,5,47,47092000,2400,1001,1002,-1398,-58.25,1002,-1398,-58.25,1001,1002,1399-8-27
790,ضفلا1154,اختيارخ فولاد-12000-1399/11/28,5,46,168950000,3446,3500,3850,404,11.72,3673,227,6.59,3500,3850,1399-8-27
791,اشاد9,مشاركت دولتي9-شرايط خاص990909,5,31800,31799440000,999000,999400,1000000,1000,0.1,999982,982,0.1,999400,1000000,1399-8-27
792,زعف9908پ09,زعفران9908نگين نوين(پ),5,6474,516256182,79146,79743,79743,597,0.75,79743,597,0.75,79743,79743,1399-8-27
793,ثرود,سرمايه‌گذاري مسكن زاينده رود,5,3650,43602900,12574,11946,11946,-628,-4.99,12573,-1,-0.01,11946,11946,1399-8-27
794,فمراد,آلومراد,5,408,58062480,149800,142310,142310,-7490,-5.0,149790,-10,-0.01,142310,142310,1399-8-27
795,ورازي,بيمه رازي,5,7773,114962670,15247,14790,14790,-457,-3.0,15244,-3,-0.02,14790,14790,1399-8-27
796,ضترا1127,اختيارخ شتران-8000-1399/11/14,5,14,64750000,3000,3950,5000,2000,66.67,4625,1625,54.17,3950,5000,1399-8-27
797,هغدير912,اختيارف ت غدير-17380-99/12/16,5,5,26550,5702,5310,5310,-392,-6.87,5310,-392,-6.87,5310,5310,1399-8-27
798,ضچاد1017,اختيارخ كچاد-20000-1399/10/02,5,63,53700000,649,1000,820,171,26.35,852,203,31.28,820,1000,1399-8-27
799,ضسپا1101,اختيارخ خساپا-1800-1399/11/26,5,154,181860000,1096,1110,1200,104,9.49,1181,85,7.76,1110,1200,1399-8-27
800,ضغدر1120,اختيارخ وغدير-12000-1399/11/26,5,125,256953000,2012,2190,2190,178,8.85,2056,44,2.19,1901,2190,1399-8-27
801,غبهار,كشت وصنعت بهاران گلبهار خراسان,4,5788,206550568,37564,35686,35686,-1878,-5.0,37544,-20,-0.05,35686,35686,1399-8-27
802,ثتوسا,س.توسعه و عمران استان اردبيل,4,424,27318320,66422,64430,64430,-1992,-3.0,66419,-3,0.0,64430,64430,1399-8-27
803,ضخوز1014,اختيارخ فخوز-12191-1399/10/16,4,10,88100000,7455,8500,8000,545,7.31,8810,1355,18.18,8000,9800,1399-8-27
804,ضسپا1104,اختيارخ خساپا-3000-1399/11/26,4,211,83732000,370,400,400,30,8.11,397,27,7.3,332,400,1399-8-27
805,ضپنا1021,اختيارخ رمپنا-16106-1399/10/09,4,50,222150000,2975,3000,3000,25,0.84,3000,25,0.84,3000,3000,1399-8-27
806,ثغرب,شركت سرمايه گذاري مسكن شمالغرب,4,4656,60118272,13591,12912,12912,-679,-5.0,13590,-1,-0.01,12912,12912,1399-8-27
807,زعف9908پ08,زعفران9908نگين روستا(پ),4,209,16479637,81509,79743,79743,-1766,-2.17,78850,-2659,-3.26,76010,79743,1399-8-27
808,ضملت8029,اختيارخ وبملت-4582-1399/08/28,4,11,22986691,500,500,550,50,10.0,505,5,1.0,500,550,1399-8-27
809,اجاد25,اجاره دولتي آپرورش-سپهر991118,4,13000,13000000000,1000000,1000000,1000000,0,0.0,1000000,0,0.0,1000000,1000000,1399-8-27
810,تملي706,تسهيلات مسكن ب. ملي-شهريور97,4,55,48148870,833747,875434,875434,41687,5.0,875434,41687,5.0,875434,875434,1399-8-27
811,نتوس,پشم‌ بافي‌ توس,4,7934,85552322,11116,10783,10783,-333,-3.0,11115,-1,-0.01,10783,10783,1399-8-27
812,داراب,پتروشيمي داراب,4,20158,61743954,3157,3063,3063,-94,-2.98,3157,0,0.0,3063,3063,1399-8-27
813,ضسان1039,اختيارخ پارسان-20000-99/10/14,4,52,206950000,3075,4000,3750,675,21.95,3980,905,29.43,3200,4000,1399-8-27
814,ضپار1115,اختيارخ خپارس-5000-1399/11/19,4,9,27480000,2961,2970,3340,379,12.8,3053,92,3.11,2970,3350,1399-8-27
815,ضفار1123,اختيارخ فارس-13826-1399/11/07,4,12,50804000,1818,2200,2002,184,10.12,2117,299,16.45,2002,2200,1399-8-27
816,ضپار1117,اختيارخ خپارس-7000-1399/11/19,3,3,8600000,1799,2300,4000,2201,122.35,2867,1068,59.37,2300,4000,1399-8-27
817,شمواد,توليد مواداوليه الياف مصنوعي,3,493,30854898,64521,62586,62586,-1935,-3.0,64518,-3,0.0,62586,62586,1399-8-27
818,حرهشا,رهشاد سپاهان (سهامي عام,3,1170,70534620,62150,60286,60286,-1864,-3.0,62143,-7,-0.01,60286,60286,1399-8-27
819,تملي704,تسهيلات مسكن ب. ملي-تير97,3,15,25313190,1776364,1687546,1687546,-88818,-5.0,1687546,-88818,-5.0,1687546,1687546,1399-8-27
820,تكنو,تكنوتار,3,1370,19988300,15350,14590,14590,-760,-4.95,15350,0,0.0,14590,14590,1399-8-27
821,ضپار1116,اختيارخ خپارس-6000-1399/11/19,3,3,7350000,2183,2500,2400,217,9.94,2450,267,12.23,2400,2500,1399-8-27
822,پارتين,ص.ج.پارتيان15%تاديه,3,13000,2210000000,170000,170000,170000,0,0.0,170000,0,0.0,170000,170000,1399-8-27
823,ضملت8026,اختيارخ وبملت-3857-1399/08/28,3,27,139406765,777,1210,1250,473,60.88,1247,470,60.49,1210,1250,1399-8-27
824,شخارك2,پتروشيمي‌ خارك‌,3,57800000,2309200000000,39930,40000,39930,0,0.0,39952,22,0.06,39930,40000,1399-8-27
825,ضفلا8054,اختيارخ فولاد-2387-1399/08/28,3,8,141860976,9200,11111,11000,1800,19.57,11028,1828,19.87,11000,11111,1399-8-27
826,پا ر 4,بار پايه روز 4,3,90000,35100000,715,390,390,-325,-45.45,390,-325,-45.45,390,390,1399-8-27
827,ضمخا7067,اختيارخ اخابر-14000-1400/07/28,3,4,14497000,1896,2500,3999,2103,110.92,3624,1728,91.14,2500,3999,1399-8-27
828,ضبدر1149,اختيارخ شبندر-28000-1399/11/19,3,200,780000000,2433,3900,3900,1467,60.3,3900,1467,60.3,3900,3900,1399-8-27
829,ضملت1123,اختيارخ وبملت-3000-1399/11/28,3,17,45000000,2266,2600,2650,384,16.95,2647,381,16.81,2600,2650,1399-8-27
830,افران2,صندوق س افرا نماد پايدار-ثابت,3,300000,300000,12016,1,1,-12015,-99.99,1,-12015,-99.99,1,1,1399-8-27
831,ضفار1127,اختيارخ فارس-23826-1399/11/07,3,33,6824000,900,101,104,-796,-88.44,103,-797,-88.56,101,105,1399-8-27
832,پلاست,كارخانجات توليدي پلاستيران,3,960,40173120,43141,41847,41847,-1294,-3.0,43138,-3,-0.01,41847,41847,1399-8-27
833,تملي709,تسهيلات مسكن ب. ملي-آذر97,3,31,30341591,932154,978761,978761,46607,5.0,978761,46607,5.0,978761,978761,1399-8-27
834,ضملت8031,اختيارخ وبملت-5306-1399/08/28,3,87,1441068,1,4,4,3,300.0,4,3,300.0,4,4,1399-8-27
835,ضفار1121,اختيارخ فارس-9826-1399/11/07,3,8,72000000,4500,4500,4500,0,0.0,4500,0,0.0,4500,4500,1399-8-27
836,داريك2,صندوق س.اعتماد داريك-د,2,200000,200000,10024,1,1,-10023,-99.99,1,-10023,-99.99,1,1,1399-8-27
837,اراد354,مرابحه عام دولت3-ش.خ 0103,2,20000000,19024330000000,949038,953653,948780,-258,-0.03,951216,2178,0.23,948780,953653,1399-8-27
838,غاذر4,كشت‌وصنعت‌پياذر,2,2250000,173565000000,77170,77140,77140,-30,-0.04,77140,-30,-0.04,77140,77140,1399-8-27
839,ضملت8023,اختيارخ وبملت-3133-1399/08/28,2,24,188829600,1700,1900,1900,200,11.76,1900,200,11.76,1900,1900,1399-8-27
840,ضمخا7068,اختيارخ اخابر-16000-1400/07/28,2,11,33000000,2500,3000,3000,500,20.0,3000,500,20.0,3000,3000,1399-8-27
841,اراد314,مرابحه عام دولت3-ش.خ 0208,2,20000000,17850980000000,1000000,892788,892310,-107690,-10.77,892549,-107451,-10.75,892310,892788,1399-8-27
842,لخزر,پارس‌ خزر,2,55,11055550,211580,201010,201010,-10570,-5.0,211580,0,0.0,201010,201010,1399-8-27
843,ضچاد1012,اختيارخ كچاد-10000-1399/10/02,2,26,194900000,7000,7400,7500,500,7.14,7496,496,7.09,7400,7500,1399-8-27
844,ضگل1150,اختيارخ كگل-12000-1399/11/21,2,2,9101000,5500,3101,6000,500,9.09,4550,-950,-17.27,3101,6000,1399-8-27
845,وسيلام,شركت س استان ايلام,2,15912,18776160,1240,1180,1180,-60,-4.84,1240,0,0.0,1180,1180,1399-8-27
846,اراد534,مرابحه عام دولت5-ش.خ 0207,2,1072165,998400048000,935250,931200,931200,-4050,-0.43,931200,-4050,-0.43,931200,931200,1399-8-27
847,ضصاد1107,اختيارخ وبصادر-7000-1399/11/12,2,100,6100000,85,61,61,-24,-28.24,61,-24,-28.24,61,61,1399-8-27
848,وپسا,س. پتروشيمي ساختمان  خليج فارس,2,7500,37297500,5126,4973,4973,-153,-2.98,5126,0,0.0,4973,4973,1399-8-27
849,فسديد,لوله‌وتجهيزات‌ سديد - ورشكسته,2,1900,209969000,111626,110510,110510,-1116,-1.0,111579,-47,-0.04,110510,110510,1399-8-27
850,سنفت001,سلف موازي استاندارد سنفت001,2,216210,230002900740,1062822,1063794,1063794,972,0.09,1063794,972,0.09,1063794,1063794,1399-8-27
851,وايرا,سرمايه گذاري صنايع ايران,2,2000,17530000,9036,8765,8765,-271,-3.0,9036,0,0.0,8765,8765,1399-8-27
852,ضفلا8084,اختيارخ فولاد-15775-1399/08/28,2,6,6000,1,1,1,0,0.0,1,0,0.0,1,1,1399-8-27
853,مشهد0112,مشاركت ش مشهد0112-3ماهه18%,2,1735,1588215530,915397,915398,915398,1,0.0,915398,1,0.0,915398,915398,1399-8-27
854,اخزا819,اسنادخزانه-م19بودجه98-020322,2,22,14259410,650611,619000,683141,32530,5.0,648155,-2456,-0.38,619000,683141,1399-8-27
855,ضملت1126,اختيارخ وبملت-4500-1399/11/28,2,11,11595000,1029,1010,1495,466,45.29,1054,25,2.43,1010,1495,1399-8-27
856,ضفلا1153,اختيارخ فولاد-10000-1399/11/28,2,5,25000000,4490,5000,5000,510,11.36,5000,510,11.36,5000,5000,1399-8-27
857,ضملت8032,اختيارخ وبملت-5789-1399/08/28,2,10,41410,1,1,1,0,0.0,1,0,0.0,1,1,1399-8-27
858,ضگل1143,اختيارخ كگل-18000-1399/11/21,2,6,16750000,2500,2790,2800,300,12.0,2792,292,11.68,2790,2800,1399-8-27
859,اراد41,مرابحه عام دولت4-ش.خ 0006,2,1000,1051667200,1051667,1034112,1078000,26333,2.5,1051667,0,0.0,1034112,1078000,1399-8-27
860,وسالت,بانك قرض الحسنه رسالت,2,684,3018492,4285,4413,4413,128,2.99,4285,0,0.0,4413,4413,1399-8-27
861,شاراك2,پتروشيمي شازند,1,17000000,357000000000,20900,21000,21000,100,0.48,21000,100,0.48,21000,21000,1399-8-27
862,سنفت2991,سلف نفت خام سبك داخلي2991,1,1900,1637800000,856000,862000,862000,6000,0.7,862000,6000,0.7,862000,862000,1399-8-27
863,زير0003پ01,زيره سبز0003كيميابذر(پ),1,10,5300000,519374,530000,530000,10626,2.05,530000,10626,2.05,530000,530000,1399-8-27
864,كمينا2,شيشه سازي مينا,1,2400000,67845600000,29143,28269,28269,-874,-3.0,28269,-874,-3.0,28269,28269,1399-8-27
865,سپرمي,پرميت‌,1,800,6567200,8291,8209,8209,-82,-0.99,8291,0,0.0,8209,8209,1399-8-27
866,ضفلا1152,اختيارخ فولاد-9000-1399/11/28,1,1,6099000,4758,6099,6099,1341,28.18,6099,1341,28.18,6099,6099,1399-8-27
867,ضفلا8077,اختيارخ فولاد-9275-1399/08/28,1,5,17500000,3167,3500,3500,333,10.51,3500,333,10.51,3500,3500,1399-8-27
868,طخوز1013,اختيارف فخوز-10667-1399/10/16,1,1,50000,1000,50,50,-950,-95.0,50,-950,-95.0,50,50,1399-8-27
869,مشير112,مشاركت شهرداري شيراز-3ماهه18%,1,71,69580000,980000,980000,980000,0,0.0,980000,0,0.0,980000,980000,1399-8-27
870,ضصاد1104,اختيارخ وبصادر-4500-1399/11/12,1,50,10000000,188,200,200,12,6.38,200,12,6.38,200,200,1399-8-27
871,ضگل1149,اختيارخ كگل-10000-1399/11/21,1,1,7500000,7132,7500,7500,368,5.16,7500,368,5.16,7500,7500,1399-8-27
872,مبين012,اجاره اعتماد مبين تمدن010710,1,200,181400000,917500,907000,907000,-10500,-1.14,907000,-10500,-1.14,907000,907000,1399-8-27
873,سپاها2,سيمان‌سپاهان‌,1,12515644,99999995560,7610,7990,7990,380,4.99,7990,380,4.99,7990,7990,1399-8-27
874,مارون2,پتروشيمي مارون,1,1000000,126800000000,126521,126800,126800,279,0.22,126800,279,0.22,126800,126800,1399-8-27
875,اوصتا4,صندوق انديشه ورزان صباتامين -د,1,48076439,820184049340,17091,17060,17060,-31,-0.18,17060,-31,-0.18,17060,17060,1399-8-27
876,طمخا7070,اختيارف اخابر-20000-1400/07/28,1,17,17000000,3300,1000,1000,-2300,-69.7,1000,-2300,-69.7,1000,1000,1399-8-27
877,سخند4,صندوق س.سپهرخبرگان نفت-د,1,50000000,503550000000,10027,10071,10071,44,0.44,10071,44,0.44,10071,10071,1399-8-27
878,بذر2,صندوق س بذر اميد آفرين-سهام,1,2760000,2760000,100640,1,1,-100639,-100.0,1,-100639,-100.0,1,1,1399-8-27
879,تبريز112,مشاركت شهرداري تبريز-3ماهه18%,1,10,9900000,998499,990000,990000,-8499,-0.85,990000,-8499,-0.85,990000,990000,1399-8-27
880,سفار2,سيمان‌فارس‌,1,1676165,150000005850,89090,89490,89490,400,0.45,89490,400,0.45,89490,89490,1399-8-27
881,تماوند2,تامين سرمايه دماوند,1,10000000,135410000000,13959,13541,13541,-418,-2.99,13541,-418,-2.99,13541,13541,1399-8-27
882,ضسان1038,اختيارخ پارسان-18000-99/10/14,1,32,156800000,3900,4900,4900,1000,25.64,4900,1000,25.64,4900,4900,1399-8-27
883,حكشتي2,كشتيراني جمهوري اسلامي ايران,1,9000000,240840000000,25490,26760,26760,1270,4.98,26760,1270,4.98,26760,26760,1399-8-27
884,پاآذر,بار پايه آذر,1,5000,1950000,410,390,390,-20,-4.88,390,-20,-4.88,390,390,1399-8-27
885,اراد544,مرابحه عام دولت5-ش.خ 0109,1,400000,378200000000,947320,945500,945500,-1820,-0.19,945500,-1820,-0.19,945500,945500,1399-8-27
886,وساربيل,شركت س استان اردبيل,1,12000,14640000,1280,1220,1220,-60,-4.69,1280,0,0.0,1220,1220,1399-8-27
887,ضملت8028,اختيارخ وبملت-4340-1399/08/28,1,1,3105750,300,750,750,450,150.0,750,450,150.0,750,750,1399-8-27
888,فبستم,صنايع ‌بسته‌بندي‌ مشهد,1,16753,13670448,793,816,816,23,2.9,793,0,0.0,816,816,1399-8-27
889,افاد73,منفعت دولت7-ش.خاص نوين0204,1,100,96000000,944406,960000,960000,15594,1.65,960000,15594,1.65,960000,960000,1399-8-27
890,ومعادن2,توسعه‌معادن‌وفلزات‌,1,10000000,136000000000,13290,13600,13600,310,2.33,13600,310,2.33,13600,13600,1399-8-27
891,ضمخا1023,اختيارخ اخابر-12000-1399/10/30,1,2,4400000,2209,2200,2200,-9,-0.41,2200,-9,-0.41,2200,2200,1399-8-27
892,اراد53,مرابحه عام دولت5-ش.خ 0207,1,800,744960000,935250,931200,931200,-4050,-0.43,931200,-4050,-0.43,931200,931200,1399-8-27
893,افاد53,منفعت دولت5-ش.خاص كاريزما0108,1,500,430000000,887250,860000,860000,-27250,-3.07,860000,-27250,-3.07,860000,860000,1399-8-27
894,تيپيكو2,سرمايه گذاري دارويي تامين,1,13500000,695101500000,49990,51489,51489,1499,3.0,51489,1499,3.0,51489,51489,1399-8-27
895,شپنا2,پالايش نفت اصفهان,1,300000000,4305000000000,13670,14350,14350,680,4.97,14350,680,4.97,14350,14350,1399-8-27
896,افاد4,منفعت دولتي4-شرايط خاص14010729,1,1000,1025335000,1047535,1025335,1025335,-22200,-2.12,1025335,-22200,-2.12,1025335,1025335,1399-8-27
897,آينده,بازرگاني آينده سازان بهشت پارس,1,2675,58799175,22660,21981,21981,-679,-3.0,22658,-2,-0.01,21981,21981,1399-8-27
898,اخزا906,اسنادخزانه-م6بودجه99-020321,1,10000,6350000000,1000000,635000,635000,-365000,-36.5,635000,-365000,-36.5,635000,635000,1399-8-27
899,دمعيار2,صندوق س. توازن معيار-د,1,1500000,1500000,10047,1,1,-10046,-99.99,1,-10046,-99.99,1,1,1399-8-27
900,فاراك4,ماشين‌ سازي‌ اراك‌,1,15000000,100200000000,6420,6680,6680,260,4.05,6680,260,4.05,6680,6680,1399-8-27
901,وايرا2,سرمايه گذاري صنايع ايران,1,5960000,52239400000,9036,8765,8765,-271,-3.0,8765,-271,-3.0,8765,8765,1399-8-27
902,ضگل1142,اختيارخ كگل-16000-1399/11/21,1,50,170000000,3076,3400,3400,324,10.53,3400,324,10.53,3400,3400,1399-8-27
903,فولاد2,فولاد مباركه اصفهان,1,300000000,4044000000000,12970,13480,13480,510,3.93,13480,510,3.93,13480,13480,1399-8-27
904,مبين014,اجاره اعتماد مبين لوتوس011019,1,1000,926000000,930532,926000,926000,-4532,-0.49,926000,-4532,-0.49,926000,926000,1399-8-27
905,ضمخا7066,اختيارخ اخابر-12000-1400/07/28,1,1,5399000,4183,5399,5399,1216,29.07,5399,1216,29.07,5399,5399,1399-8-27
906,شكبير2,پتروشيمي اميركبير,1,6000000,334998000000,57559,55833,55833,-1726,-3.0,55833,-1726,-3.0,55833,55833,1399-8-27
907,تملي702,تسهيلات مسكن ب. ملي-ارديبهشت97,1,5,5220775,1099110,1044155,1044155,-54955,-5.0,1044155,-54955,-5.0,1044155,1044155,1399-8-27
908,كباده,توليد خاك نسوزاستقلال آباده,1,10,219420,21303,21942,21942,639,3.0,21303,0,0.0,21942,21942,1399-8-27
909,وساخت2,سرمايه‌ گذاري‌ ساختمان‌ايران‌,1,3800000,239780000000,60790,63100,63100,2310,3.8,63100,2310,3.8,63100,63100,1399-8-27
910,اخزا8142,اسنادخزانه-م14بودجه98-010318,1,220000,164560000000,751162,748000,748000,-3162,-0.42,748000,-3162,-0.42,748000,748000,1399-8-27
911,طمخا7072,اختيارف اخابر-28000-1400/07/28,1,2,14000000,9940,7000,7000,-2940,-29.58,7000,-2940,-29.58,7000,7000,1399-8-27
912,شبندر2,پالايش نفت بندرعباس,1,120000000,3139200000000,24920,26160,26160,1240,4.98,26160,1240,4.98,26160,26160,1399-8-27
913,اراد504,مرابحه عام دولت5-ش.خ0302,1,350000,350000000000,1000000,1000000,1000000,0,0.0,1000000,0,0.0,1000000,1000000,1399-8-27
914,سپر2,صندوق س سپر سرمايه بيدار- ثابت,1,1000000,1000000,10278,1,1,-10277,-99.99,1,-10277,-99.99,1,1,1399-8-27
915,ضملي1154,اختيارخ فملي-24336-1399/11/05,1,24,3600000,51,150,150,99,194.12,150,99,194.12,150,150,1399-8-27
916,وآذر2,سرمايه‌گذاري‌توسعه‌آذربايجان‌,1,2000000,245760000000,121520,122880,122880,1360,1.12,122880,1360,1.12,122880,122880,1399-8-27
917,سفانو2,سيمان فارس نو,1,11884550,349999997500,29200,29450,29450,250,0.86,29450,250,0.86,29450,29450,1399-8-27
918,پا ه 10,بار پايه هفته 10,1,25000,9750000,530,390,390,-140,-26.42,390,-140,-26.42,390,390,1399-8-27
919,ضسان1040,اختيارخ پارسان-24000-99/10/14,1,10,20000000,1573,2000,2000,427,27.15,2000,427,27.15,2000,2000,1399-8-27
920,هاي وب2,داده گسترعصرنوين-هاي وب,1,4450000,99902500000,22260,22450,22450,190,0.85,22450,190,0.85,22450,22450,1399-8-27
921,طمخا7071,اختيارف اخابر-24000-1400/07/28,1,1,4000000,8901,4000,4000,-4901,-55.06,4000,-4901,-55.06,4000,4000,1399-8-27
922,صخود0012,ص مرابحه خودرو0012- 3ماهه 18%,1,5,5050000,1020000,1010000,1010000,-10000,-0.98,1010000,-10000,-0.98,1010000,1010000,1399-8-27
923,اروند062,منفعت صبا اروند ملت 14001113,1,421000,421000000000,1000000,1000000,1000000,0,0.0,1000000,0,0.0,1000000,1000000,1399-8-27
924,شستا0052,اجاره تامين اجتماعي-امين001220,1,541000,541000000000,1000000,1000000,1000000,0,0.0,1000000,0,0.0,1000000,1000000,1399-8-27
925,غگرجي2,بيسكويت‌  گرجي‌,1,2000000,54000000000,26520,27000,27000,480,1.81,27000,480,1.81,27000,27000,1399-8-27
926,ضفلا8075,اختيارخ فولاد-8275-1399/08/28,1,1,4750000,4000,4750,4750,750,18.75,4750,750,18.75,4750,4750,1399-8-27
927,كمند2,صندوق س. با درآمد ثابت كمند,1,15000000,15000000,10072,1,1,-10071,-99.99,1,-10071,-99.99,1,1,1399-8-27
928,اعتماد4,صندوق س.اعتماد آفرين پارسيان-د,1,11076160,369600383040,33353,33369,33369,16,0.05,33369,16,0.05,33369,33369,1399-8-27
