,نماد,نام,تعداد,حجم,ارزش,دیروز,اولین,آخرین معامله - مقدار,آخرین معامله - تغییر,آخرین معامله - درصد,قیمت پایانی - مقدار,قیمت پایانی - تغییر,قیمت پایانی - درصد,کمترین,بیشترین,تاریخ
0,پالايش,صندوق پالايشي يکم-سهام,106262,110479812,10003518688660,96370,90000,86740,-9630,-9.99,90550,-5820,-6.04,86740,96000,1399-11-13
1,دارا يكم,صندوق واسطه گري مالي يكم-سهام,67847,53467258,8424487464880,164000,156600,150640,-13360,-8.15,157560,-6440,-3.93,148500,168000,1399-11-13
2,شستا,سرمايه گذاري تامين اجتماعي,56615,210377524,5004154022590,23790,23460,23200,-590,-2.48,23790,0,0.0,22800,24890,1399-11-13
3,وتجارت,بانك تجارت,44242,1365919154,4176781555870,3000,2990,2990,-10,-0.33,3060,60,2.0,2920,3150,1399-11-13
4,شپنا,پالايش نفت اصفهان,43055,407983897,4996012921310,12520,12170,11910,-610,-4.87,12250,-270,-2.16,11900,12980,1399-11-13
5,وكبهمن,مديريت سرمايه گذاري كوثربهمن,41883,18796144,279006615797,15513,14900,14740,-773,-4.98,14844,-669,-4.31,14738,15400,1399-11-13
6,سپيدار,سپيدار سيستم آسيا,37921,240588,13316305212,52714,55349,55349,2635,5.0,53367,653,1.24,55349,55349,1399-11-13
7,خساپا,سايپا,25342,969519406,2176283594230,2300,2260,2190,-110,-4.78,2240,-60,-2.61,2190,2360,1399-11-13
8,چخزر,صنايع چوب خزر كاسپين,20488,431564,28033534312,61865,64958,64958,3093,5.0,63440,1575,2.55,64958,64958,1399-11-13
9,غزر,صنعتي زر ماكارون,19948,11825529,339244242810,27570,26700,28940,1370,4.97,28690,1120,4.06,26600,28940,1399-11-13
10,خودرو,ايران‌ خودرو,19486,588463504,1579562926360,2770,2680,2640,-130,-4.69,2680,-90,-3.25,2640,2810,1399-11-13
11,بوعلي,پتروشيمي بوعلي سينا,19479,6464539,293157699720,46170,45990,44240,-1930,-4.18,45350,-820,-1.78,43900,47250,1399-11-13
12,شتران,پالايش نفت تهران,16041,139904254,1339476935260,9890,9520,9400,-490,-4.95,9570,-320,-3.24,9400,10090,1399-11-13
13,زملارد,كشاورزي و دامپروري ملارد شير,15820,4131383,154359161460,35940,37000,37737,1797,5.0,37363,1423,3.96,35940,37737,1399-11-13
14,وسپهر,سرمايه گذاري مالي سپهرصادرات,15597,37826053,386442080486,10715,10251,10180,-535,-4.99,10216,-499,-4.66,10180,10449,1399-11-13
15,غنوش,نوش‌ مازندران‌,13379,28178887,1502171394180,52660,50030,54000,1340,2.54,53310,650,1.23,50030,55290,1399-11-13
16,فولاد,فولاد مباركه اصفهان,13359,94614721,1111377127550,12090,12000,11490,-600,-4.96,11750,-340,-2.81,11490,12150,1399-11-13
17,سيتا,سرمايه گذاري سيمان تامين,13042,33300130,499417813280,15130,15020,15010,-120,-0.79,15000,-130,-0.86,14580,15240,1399-11-13
18,فملي,ملي‌ صنايع‌ مس‌ ايران‌,13023,105372151,1135434929020,11220,10940,10660,-560,-4.99,10780,-440,-3.92,10660,11380,1399-11-13
19,وبصادر,بانك صادرات ايران,12707,375648465,1028353893290,2800,2720,2660,-140,-5.0,2740,-60,-2.14,2660,2880,1399-11-13
20,ثاميد,توسعه و عمران اميد,12657,92773827,167874291300,1850,1810,1790,-60,-3.24,1810,-40,-2.16,1780,1880,1399-11-13
21,آبادا,توليد نيروي برق آبادان,12622,6815548,110203793660,16480,16010,16130,-350,-2.12,16170,-310,-1.88,15820,16760,1399-11-13
22,بپيوند,برق و انرژي پيوندگستر پارس,10881,15811951,250430015045,16584,16000,15755,-829,-5.0,15838,-746,-4.5,15755,16440,1399-11-13
23,خگستر,گسترش‌سرمايه‌گذاري‌ايران‌خودرو,10098,212664774,618107042490,3020,2900,2870,-150,-4.97,2910,-110,-3.64,2870,3010,1399-11-13
24,امين,تامين سرمايه امين,10045,11571300,120365653680,10410,10420,10410,0,0.0,10400,-10,-0.1,10400,10450,1399-11-13
25,آوا,صندوق س.سهام آواي معيار-س,9562,92489874,768982852068,8458,8100,8100,-358,-4.23,8314,-144,-1.7,7940,8700,1399-11-13
26,بگيلان,توسعه مسير برق گيلان,9064,2618858,56591136737,22501,21610,21505,-996,-4.43,21609,-892,-3.96,21380,22100,1399-11-13
27,آريا,پليمر آريا ساسول,8919,2964314,234590445996,80942,79000,77920,-3022,-3.73,79138,-1804,-2.23,77770,81500,1399-11-13
28,ماديرا,صنايع ماشين هاي اداري ايران,8552,52058387,571846734159,10795,10836,10640,-155,-1.44,10985,190,1.76,10550,11328,1399-11-13
29,بركت,گروه دارويي بركت,8390,29648144,606821827820,19640,20000,20620,980,4.99,20470,830,4.23,19640,20620,1399-11-13
30,رافزا,رايان هم افزا,8341,48683,2083242936,40755,42792,42792,2037,5.0,40835,80,0.2,42792,42792,1399-11-13
31,شبندر,پالايش نفت بندرعباس,8285,51263138,1143017111610,23190,22160,22040,-1150,-4.96,22300,-890,-3.84,22040,23210,1399-11-13
32,حكشتي,كشتيراني جمهوري اسلامي ايران,8239,57398801,1217750359380,20310,20490,21320,1010,4.97,21220,910,4.48,19620,21320,1399-11-13
33,خفنر,فنرسازي‌خاور,8138,39921434,1006263842590,24930,26170,24000,-930,-3.73,25210,280,1.12,23690,26170,1399-11-13
34,پترول,گروه پتروشيمي س. ايرانيان,8117,59990221,608960877850,10570,10130,10050,-520,-4.92,10150,-420,-3.97,10050,10660,1399-11-13
35,ديران,ايران‌دارو,8107,18831010,560862441690,30150,28650,30700,550,1.82,29780,-370,-1.23,28650,31250,1399-11-13
36,صبا,سرمايه گذاري صبا تامين,7828,71509142,583465267749,7801,8070,8191,390,5.0,8159,358,4.59,7801,8191,1399-11-13
37,وخارزم,سرمايه گذاري خوارزمي,7828,54964406,489919487190,9040,8700,8820,-220,-2.43,8910,-130,-1.44,8650,9250,1399-11-13
38,شگويا,پتروشيمي تندگويان,7790,51776670,453184786605,9095,8900,8643,-452,-4.97,8753,-342,-3.76,8641,9190,1399-11-13
39,زگلدشت,كشت و دام گلدشت نمونه اصفهان,7713,14605574,788160329736,54393,51674,55520,1127,2.07,53963,-430,-0.79,51674,57000,1399-11-13
40,غدام,خوراك‌  دام‌ پارس‌,7701,2615172,973636739000,375740,356960,394520,18780,5.0,372300,-3440,-0.92,356960,394520,1399-11-13
41,سدور,سيمان‌ دورود,7602,63507137,1308465418930,21520,21170,20450,-1070,-4.97,20600,-920,-4.28,20450,21490,1399-11-13
42,وبملت,بانك ملت,7543,209188762,866426241340,4260,4100,4050,-210,-4.93,4140,-120,-2.82,4050,4320,1399-11-13
43,كمرجان,بازرگاني و توليدي مرجان كار,7528,7328906,920973378693,120140,126147,126147,6007,5.0,125663,5523,4.6,120981,126147,1399-11-13
44,ثشاهد,سرمايه‌ گذاري‌ شاهد,7178,38309846,724092420230,18310,18190,19220,910,4.97,18900,590,3.22,17500,19220,1399-11-13
45,فزرين,زرين معدن آسيا,7070,38806363,832516954854,22245,22200,21133,-1112,-5.0,21453,-792,-3.56,21133,22500,1399-11-13
46,زنگان,صنعت روي زنگان,6970,4126657,512007394809,120899,121800,126943,6044,5.0,124073,3174,2.63,114855,126943,1399-11-13
47,كبافق,معادن‌ بافق‌,6633,8422256,475354053280,56510,59330,54080,-2430,-4.3,56440,-70,-0.12,53690,59330,1399-11-13
48,ثبهساز,بهساز كاشانه تهران,6497,118452952,314245227180,2780,2670,2650,-130,-4.68,2650,-130,-4.68,2650,2750,1399-11-13
49,حفارس,حمل و نقل بين المللي خليج فارس,6482,64843380,390495115370,6110,5970,5810,-300,-4.91,6020,-90,-1.47,5810,6370,1399-11-13
50,وپارس,بانك‌پارسيان‌,6476,198479378,616489182980,3210,3080,3050,-160,-4.98,3110,-100,-3.12,3050,3280,1399-11-13
51,ذوب,سهامي ذوب آهن  اصفهان,6470,75894848,336253608514,4574,4470,4346,-228,-4.98,4431,-143,-3.13,4346,4628,1399-11-13
52,گكوثر,هتل پارسيان كوثر اصفهان,6463,149755641,429593671549,2835,2694,2976,141,4.97,2869,34,1.2,2694,2976,1399-11-13
53,پيزد,مجتمع صنايع لاستيك يزد,6436,1168355,78168642313,69996,68651,66502,-3494,-4.99,66905,-3091,-4.42,66497,68651,1399-11-13
54,وپويا,سرمايه گذاري پويا,6402,11403465,61300823629,5502,5502,5260,-242,-4.4,5376,-126,-2.29,5242,5590,1399-11-13
55,سدبير,س. تدبيرگران فارس وخوزستان,6026,6758632,607114639074,88655,84223,93087,4432,5.0,89828,1173,1.32,84223,93087,1399-11-13
56,سقاين,سيمان‌ قائن‌,6024,9227973,793590154450,82420,86540,86540,4120,5.0,86000,3580,4.34,82540,86540,1399-11-13
57,دتوزيع,توزيع دارو پخش,5998,11656716,548501312336,48400,45980,45980,-2420,-5.0,47055,-1345,-2.78,45980,49970,1399-11-13
58,وغدير,سرمايه‌گذاري‌غدير(هلدينگ‌,5986,45785033,549212662410,12120,11860,11630,-490,-4.04,12000,-120,-0.99,11580,12400,1399-11-13
59,كاما,باما,5907,24188646,396418524430,17190,16430,16340,-850,-4.94,16390,-800,-4.65,16340,16800,1399-11-13
60,زشگزا,شير و گوشت زاگرس شهركرد,5874,38698876,385584784895,9853,9365,10345,492,4.99,9964,111,1.13,9361,10345,1399-11-13
61,حريل,ريل پردازسير,5800,65992114,328810100975,5310,5100,4940,-370,-6.97,4983,-327,-6.16,4845,5300,1399-11-13
62,زدشت,كشت و صنعت دشت خرم دره,5789,11787867,413400730331,34660,34000,36393,1733,5.0,35070,410,1.18,32927,36393,1399-11-13
63,وتوصا,گروه س توسعه صنعتي ايران,5763,36071636,525975221230,15190,14690,14440,-750,-4.94,14580,-610,-4.02,14440,15100,1399-11-13
64,ثنور,سرمايه گذاري كوه نور,5726,57229998,700861793206,12167,11559,12775,608,5.0,12246,79,0.65,11559,12775,1399-11-13
65,وپست,پست بانك ايران,5638,33783536,638598582640,18220,17600,19130,910,4.99,18900,680,3.73,17320,19130,1399-11-13
66,خنصير,مهندسي‌نصيرماشين‌,5631,6107540,579397952780,90600,93010,95130,4530,5.0,94870,4270,4.71,91650,95130,1399-11-13
67,خفولا,خدمات فني فولاد يزد,5628,7632606,641100345274,86152,89000,81845,-4307,-5.0,83995,-2157,-2.5,81845,89000,1399-11-13
68,تليسه,دامداري تليسه نمونه,5526,68844168,301367794497,4269,4120,4482,213,4.99,4378,109,2.55,4060,4482,1399-11-13
69,ولپارس,ليزينگ پارسيان,5479,19172512,118221741680,6480,6160,6160,-320,-4.94,6170,-310,-4.78,6160,6300,1399-11-13
70,تاپيكو,س. نفت و گاز و پتروشيمي تأمين,5341,37260926,457439023460,12200,12300,11930,-270,-2.21,12280,80,0.66,11750,12780,1399-11-13
71,كترام,توليدي‌ كاشي‌ تكسرام‌,5283,11106693,465566924490,41100,41500,43150,2050,4.99,41920,820,2.0,39150,43150,1399-11-13
72,پاكشو,گروه صنعتي پاكشو,5262,6513900,519958195740,83210,83400,79050,-4160,-5.0,79820,-3390,-4.07,79050,83400,1399-11-13
73,غبهنوش,بهنوش‌ ايران‌,5179,5543816,423498897710,76600,72770,79450,2850,3.72,76390,-210,-0.27,72770,80000,1399-11-13
74,بنو,بيمه تجارت نو,5098,26497056,821883563143,29763,31251,31250,1487,5.0,31018,1255,4.22,29050,31251,1399-11-13
75,كسعدي,كاشي‌ سعدي‌,4977,16417118,330039997240,19390,19500,20350,960,4.95,20100,710,3.66,18530,20350,1399-11-13
76,زبينا,كشاورزي و دامپروري بينالود,4937,9587919,351898165165,35470,34860,37243,1773,5.0,36702,1232,3.47,34000,37243,1399-11-13
77,وساپا,سرمايه‌گذاري‌ سايپا,4878,74722881,449080868270,6290,6150,5980,-310,-4.93,6010,-280,-4.45,5980,6220,1399-11-13
78,فارس,صنايع پتروشيمي خليج فارس,4829,30101432,288432625410,9880,9540,9430,-450,-4.55,9580,-300,-3.04,9390,10100,1399-11-13
79,انرژي3,سايراشخاص بورس انرژي,4805,1107036,363623817100,341350,333000,324290,-17060,-5.0,328470,-12880,-3.77,324290,341350,1399-11-13
80,سفارس,سيمان فارس و خوزستان,4761,22919589,422643452320,18720,18770,18430,-290,-1.55,18440,-280,-1.5,17790,19370,1399-11-13
81,خفناور,مهندسي صنعتي روان فن آور,4666,10226304,449928678444,43813,45127,42650,-1163,-2.65,43997,184,0.42,42499,45127,1399-11-13
82,شدوص,دوده‌ صنعتي‌ پارس‌,4609,12290059,374436748840,29410,30880,30880,1470,5.0,30470,1060,3.6,27940,30880,1399-11-13
83,دشيمي,شيمي‌ داروئي‌ داروپخش‌,4586,4903963,252587142460,50440,51000,50910,470,0.93,51510,1070,2.12,48100,52930,1399-11-13
84,داسوه,داروسازي‌ اسوه‌,4559,9507305,453297254580,45430,47700,47700,2270,5.0,47680,2250,4.95,45700,47700,1399-11-13
85,فروي,ذوب روي اصفهان,4553,4318804,268966448281,65106,62600,61851,-3255,-5.0,62278,-2828,-4.34,61851,64989,1399-11-13
86,فمراد,آلومراد,4524,2542783,440198318990,174420,166250,180500,6080,3.49,173120,-1300,-0.75,165700,182500,1399-11-13
87,ثتوسا,س.توسعه و عمران استان اردبيل,4496,6088007,255831286728,42102,40839,43106,1004,2.38,42022,-80,-0.19,40839,43365,1399-11-13
88,كپارس,كاشي‌ پارس‌,4490,3158372,474449365870,149910,146600,157400,7490,5.0,150220,310,0.21,142420,157400,1399-11-13
89,سخاش,سيمان‌خاش‌,4391,1585689,225172017900,140950,146800,135800,-5150,-3.65,142000,1050,0.74,134160,147500,1399-11-13
90,تملت,تامين سرمايه بانك ملت,4269,26027112,157116690740,6150,6040,5920,-230,-3.74,6040,-110,-1.79,5850,6270,1399-11-13
91,داوه,داروسازي آوه سينا,4167,16184071,332643219460,20949,19902,20910,-39,-0.19,20554,-395,-1.89,19902,21500,1399-11-13
92,وآذر,سرمايه‌گذاري‌توسعه‌آذربايجان‌,4085,6349357,653439610720,98290,102700,102500,4210,4.28,102910,4620,4.7,97500,103200,1399-11-13
93,ثپرديس,سرمايه گذاري مسكن پرديس,4064,21132822,262090421585,12738,12920,12102,-636,-4.99,12402,-336,-2.64,12102,13143,1399-11-13
94,تاپكيش,تجارت الكترونيك پارسيان كيش,4041,12102599,290962375980,23271,24000,24434,1163,5.0,24041,770,3.31,23300,24434,1399-11-13
95,سصفها,سيمان‌اصفهان‌,3992,861963,349126708430,414570,417700,393850,-20720,-5.0,405040,-9530,-2.3,393850,434180,1399-11-13
96,ثنوسا,نوسازي‌وساختمان‌تهران‌,3986,24766037,349653677980,13550,14000,14220,670,4.94,14120,570,4.21,13550,14220,1399-11-13
97,ومعادن,توسعه‌معادن‌وفلزات‌,3947,33723361,381742643630,11810,11320,11220,-590,-5.0,11320,-490,-4.15,11220,11900,1399-11-13
98,كرمان,س. توسعه و عمران استان كرمان,3822,7301096,433321930554,62360,59242,59242,-3118,-5.0,59350,-3010,-4.83,59242,60280,1399-11-13
99,قنيشا,قند  نيشابور,3821,5972481,412516990310,70220,73500,66710,-3510,-5.0,69070,-1150,-1.64,66710,73500,1399-11-13
100,حآسا,آسيا سير ارس,3746,7440917,342118105420,44008,44443,46208,2200,5.0,45978,1970,4.48,44229,46208,1399-11-13
101,فنورد,نوردوقطعات‌ فولادي‌,3744,1976790,424301612940,209110,198660,219560,10450,5.0,214640,5530,2.64,198660,219560,1399-11-13
102,وصنعت,سرمايه گذاري توسعه صنعت وتجارت,3730,31634536,199465694390,6180,6050,6410,230,3.72,6310,130,2.1,6020,6480,1399-11-13
103,وارس,سرمايه گذاري ارس صبا,3676,16322857,311083124029,18897,17960,19668,771,4.08,19058,161,0.85,17953,19841,1399-11-13
104,كوثر,بيمه كوثر,3666,22535344,360691320226,16719,16070,15884,-835,-4.99,16006,-713,-4.26,15884,16719,1399-11-13
105,سرو,صندوق س سروسودمند مدبران-سهام,3644,4245425,296778984220,71320,69490,68500,-2820,-3.95,69910,-1410,-1.98,67750,72030,1399-11-13
106,زمگسا,كشاورزي‌ ودامپروي‌ مگسال‌,3590,7379107,225992821390,30360,28900,31870,1510,4.97,30630,270,0.89,28850,31870,1399-11-13
107,خبهمن,گروه‌بهمن‌,3588,20483710,437808137840,22370,21350,21260,-1110,-4.96,21370,-1000,-4.47,21260,22350,1399-11-13
108,شبريز,پالايش نفت تبريز,3561,16371264,465300264600,29590,28210,28120,-1470,-4.97,28420,-1170,-3.95,28120,29470,1399-11-13
109,غسالم,سالمين‌,3559,38524427,163378120360,4420,4250,4290,-130,-2.94,4240,-180,-4.07,4200,4410,1399-11-13
110,نوري,پتروشيمي نوري,3536,3753334,208062296990,55880,54500,54790,-1090,-1.95,55430,-450,-0.81,54380,57200,1399-11-13
111,غگيلا,شيرپاستوريزه پگاه گيلان,3532,51796,1184729908,21784,22873,22873,1089,5.0,21808,24,0.11,22873,22873,1399-11-13
112,كتوكا,توليدي و خدمات صنايع نسوز توكا,3382,10014040,324913803132,31062,32615,31520,458,1.47,32446,1384,4.46,31190,32615,1399-11-13
113,غالبر,لبنيات‌ كالبر,3313,13394741,202078471220,14710,15340,14140,-570,-3.87,15090,380,2.58,14140,15440,1399-11-13
114,دانا,بيمه دانا,3291,34490005,234480477860,7130,6830,6780,-350,-4.91,6800,-330,-4.63,6780,7030,1399-11-13
115,دبالك,مواد اوليه دارويي البرز بالك,3285,8266417,163371106614,20011,20000,20720,709,3.54,19763,-248,-1.24,19011,20964,1399-11-13
116,بترانس,ايران‌ ترانسفو,3244,60170047,170731202880,2970,2880,2830,-140,-4.71,2840,-130,-4.38,2830,2900,1399-11-13
117,آگاس,صندوق س.هستي بخش آگاه-س,3215,4181696,280766919077,68985,66600,66000,-2985,-4.33,67142,-1843,-2.67,65550,69350,1399-11-13
118,بجهرم,توسعه مولد نيروگاهي جهرم,3206,35362682,110230982823,3226,3150,3085,-141,-4.37,3117,-109,-3.38,3065,3260,1399-11-13
119,كمند,صندوق س. با درآمد ثابت كمند,3190,138147260,1402795627404,10149,10154,10155,6,0.06,10154,5,0.05,10153,10156,1399-11-13
120,چكاپا,گروه صنايع كاغذ پارس,3184,33412840,195534145410,6130,5870,5830,-300,-4.89,5850,-280,-4.57,5830,6050,1399-11-13
121,خرينگ,رينگ‌سازي‌مشهد,3139,7122020,393123494090,52610,55240,55240,2630,5.0,55200,2590,4.92,53500,55240,1399-11-13
122,فرآور,فرآوري‌موادمعدني‌ايران‌,3109,8346290,286324082750,35970,34180,34180,-1790,-4.98,34310,-1660,-4.61,34180,35130,1399-11-13
123,دزهراويح,ح . ‌داروسازي‌زهراوي‌,3090,14133291,100160500070,6710,6700,7240,530,7.9,7090,380,5.66,6420,7280,1399-11-13
124,وبوعلي,سرمايه‌گذاري‌بوعلي‌,3085,30888227,188471234250,5840,5960,6100,260,4.45,6100,260,4.45,5720,6130,1399-11-13
125,زكوثر,سرمايه گذاري كشاورزي كوثر,3053,6687198,143803273160,20810,20400,21850,1040,5.0,21500,690,3.32,19990,21850,1399-11-13
126,حفاري,حفاري شمال,3029,21676334,246427126260,11780,11690,11200,-580,-4.92,11370,-410,-3.48,11200,11920,1399-11-13
127,غگرجي,بيسكويت‌  گرجي‌,3023,16074742,325342555880,21260,20200,20490,-770,-3.62,20240,-1020,-4.8,20200,20650,1399-11-13
128,وايران,ليزينگ ايرانيان,2957,16645621,212007986460,12230,12490,12840,610,4.99,12740,510,4.17,12000,12840,1399-11-13
129,خپارس,پارس‌ خودرو,2943,31983734,180616922290,5850,5600,5560,-290,-4.96,5650,-200,-3.42,5560,5900,1399-11-13
130,خزاميا,زامياد,2931,20995341,163299815930,8120,7820,7720,-400,-4.93,7780,-340,-4.19,7720,8040,1399-11-13
131,شاروم,پتروشيمي اروميه,2908,4835361,98501539440,21434,20550,20363,-1071,-5.0,20371,-1063,-4.96,20363,20900,1399-11-13
132,فاراك,ماشين‌ سازي‌ اراك‌,2856,28584522,156700448850,5860,5650,5400,-460,-7.85,5480,-380,-6.48,5370,5680,1399-11-13
133,غشهداب,كشت و صنعت شهداب ناب خراسان,2839,33365756,120851206212,3791,3701,3620,-171,-4.51,3622,-169,-4.46,3602,3788,1399-11-13
134,وملي,گروه‌ صنعتي‌ ملي‌ (هلدينگ‌,2833,1002192,177121746840,184030,178130,174830,-9200,-5.0,176730,-7300,-3.97,174830,184580,1399-11-13
135,دكپسول,توليد ژلاتين كپسول ايران,2829,5671512,265893807211,48348,46700,46300,-2048,-4.24,46882,-1466,-3.03,45931,49440,1399-11-13
136,فخوز,فولاد  خوزستان,2790,21503032,284764150670,13670,13660,12990,-680,-4.97,13240,-430,-3.15,12990,13780,1399-11-13
137,سشرق,سيمان‌ شرق‌,2774,26131855,189814125800,7000,7010,7350,350,5.0,7260,260,3.71,6680,7350,1399-11-13
138,غپاك,لبنيات‌ پاك‌,2756,11728492,177964631050,15020,14330,14700,-320,-2.13,15170,150,1.0,14330,15700,1399-11-13
139,دتوليد,داروسازي توليد دارو,2747,6735910,194826270514,27837,28490,28400,563,2.02,28924,1087,3.9,27837,29228,1399-11-13
140,تكمبا,كمباين‌ سازي‌ ايران‌,2717,20263229,192805260420,9900,9450,9410,-490,-4.95,9520,-380,-3.84,9410,10000,1399-11-13
141,ساوه,سيمان ساوه,2622,1866103,98819819505,55068,52400,52315,-2753,-5.0,52955,-2113,-3.84,52315,55100,1399-11-13
142,قاسم,قاسم ايران,2594,12541400,153137985278,12701,12820,12066,-635,-5.0,12211,-490,-3.86,12066,12900,1399-11-13
143,اپرداز,آتيه داده پرداز,2574,19119461,419509537883,20942,20050,21989,1047,5.0,21941,999,4.77,20050,21989,1399-11-13
144,والبر,سرمايه‌ گذاري‌ البرز(هلدينگ‌,2551,11702569,184146390990,15060,15500,15810,750,4.98,15740,680,4.52,15060,15810,1399-11-13
145,سرود,سيمان‌شاهرود,2551,10592590,201398385300,18550,17900,19450,900,4.85,19010,460,2.48,17630,19470,1399-11-13
146,كسرا,سراميك‌هاي‌صنعتي‌اردكان‌,2548,9812323,235236174200,24510,24500,23310,-1200,-4.9,23970,-540,-2.2,23300,24960,1399-11-13
147,پكوير,كوير تاير,2522,11512382,171367445800,14760,14100,15110,350,2.37,14890,130,0.88,14050,15300,1399-11-13
148,فوكا,فولاد كاويان,2494,37600342,476989946522,13076,12685,12684,-392,-3.0,12686,-390,-2.98,12684,13031,1399-11-13
149,پرداخت,به پرداخت ملت,2484,4131386,176433273290,42470,40510,42650,180,0.42,42710,240,0.57,40510,44250,1399-11-13
150,دزهراوي,داروسازي‌زهراوي‌,2471,17188293,148317488450,8310,8080,8720,410,4.93,8630,320,3.85,7980,8720,1399-11-13
151,مدير,ص.س.مديريت ثروت ص.بازنشستگي-س,2454,11801751,115202678599,10189,9681,9500,-689,-6.76,9761,-428,-4.2,9420,10142,1399-11-13
152,كسعديح,ح . كاشي‌ سعدي‌,2434,11639949,193795478690,16410,16400,16450,40,0.24,16650,240,1.46,15550,17300,1399-11-13
153,آ س پ,آ.س.پ,2404,12257994,185790378798,14505,14870,15230,725,5.0,15157,652,4.5,14530,15230,1399-11-13
154,ونيرو,سرمايه‌گذاري‌نيرو,2399,46164949,130883491170,2940,2880,2820,-120,-4.08,2840,-100,-3.4,2800,2980,1399-11-13
155,بكام,كارخانجات توليدي شهيد قندي,2398,35217155,112927341950,3350,3220,3190,-160,-4.78,3210,-140,-4.18,3190,3350,1399-11-13
156,ودي,بيمه  دي,2391,13381687,310907669733,23694,23694,22510,-1184,-5.0,23234,-460,-1.94,22510,24100,1399-11-13
157,وپاسار,بانك  پاسارگاد,2372,17166263,211622411370,12750,12420,12450,-300,-2.35,12330,-420,-3.29,12120,12700,1399-11-13
158,ونوين,بانك‌اقتصادنوين‌,2367,53146713,217992272540,4260,4200,4050,-210,-4.93,4100,-160,-3.76,4050,4370,1399-11-13
159,وشهر,بانك شهر,2343,26499262,163134356079,6040,5900,6160,120,1.99,6156,116,1.92,5830,6273,1399-11-13
160,كالا,بورس كالاي ايران,2335,4487068,160761640670,37510,36440,35640,-1870,-4.99,35830,-1680,-4.48,35640,37000,1399-11-13
161,سفانو,سيمان فارس نو,2331,4683887,185074647520,38070,39750,38230,160,0.42,39510,1440,3.78,38000,39970,1399-11-13
162,بكهنوج,توليد برق ماهتاب كهنوج,2329,49441259,95056792066,2001,1941,1907,-94,-4.7,1923,-78,-3.9,1901,1995,1399-11-13
163,بايكا,كارخانجات كابلسازي ‌ايران‌,2319,4802198,215527734566,47180,44821,44821,-2359,-5.0,44881,-2299,-4.87,44821,45600,1399-11-13
164,سخزر,سيمان‌ خزر,2319,8239209,264864323180,31060,29600,32610,1550,4.99,32150,1090,3.51,29510,32610,1399-11-13
165,كحافظ,كاشي‌ وسراميك‌ حافظ‌,2271,8405676,113227180990,14030,13790,13330,-700,-4.99,13470,-560,-3.99,13330,14100,1399-11-13
166,شلرد,كود شيميايي اوره لردگان,2255,20718109,156293215979,7757,7526,7600,-157,-2.02,7544,-213,-2.75,7525,7720,1399-11-13
167,كطبس,ذغال‌سنگ‌ نگين‌ ط‌بس‌,2241,3241541,260762706510,78370,79500,80000,1630,2.08,80440,2070,2.64,75050,82280,1399-11-13
168,ثاخت,بين‌المللي‌توسعه‌ساختمان,2237,37387733,124958783170,3480,3320,3310,-170,-4.89,3340,-140,-4.02,3310,3450,1399-11-13
169,فاذر,صنايع‌ آذرآب‌,2110,5033539,115161994150,23670,22690,22640,-1030,-4.35,22880,-790,-3.34,22510,24100,1399-11-13
170,ولملت,واسپاري ملت,2103,12134860,124314730310,9930,9910,10170,240,2.42,10240,310,3.12,9770,10420,1399-11-13
171,ريشمك,توليد و صادرات ريشمك,2094,2395422,147691100766,59089,59439,62043,2954,5.0,61656,2567,4.34,59138,62043,1399-11-13
172,قرن,پديده شيمي قرن,2093,1871932,123462423970,67940,65550,65400,-2540,-3.74,65950,-1990,-2.93,64550,68330,1399-11-13
173,وسينا,بانك سينا,2093,71438956,267098605660,3570,3740,3740,170,4.76,3740,170,4.76,3610,3740,1399-11-13
174,ورنا,سرمايه‌گذاري‌ رنا(هلدينگ‌,2092,29373066,173625263490,6130,5880,5830,-300,-4.89,5910,-220,-3.59,5830,6210,1399-11-13
175,حتايد,تايدواترخاورميانه,2086,14188616,329669868430,24350,23140,23710,-640,-2.63,23230,-1120,-4.6,23140,24270,1399-11-13
176,فالوم,آلومتك‌,2085,7359578,300299149007,40059,40620,41140,1081,2.7,40804,745,1.86,38860,41260,1399-11-13
177,ولساپا,ليزينگ رايان‌ سايپا,2067,31444514,117535003540,3780,3750,3690,-90,-2.38,3740,-40,-1.06,3600,3880,1399-11-13
178,امين يكم,صندوق درآمد ثابت امين يكم فردا,2063,68922332,700362083794,10150,10160,10162,12,0.12,10162,12,0.12,10155,10167,1399-11-13
179,فرابورس,فرابورس ايران,2061,4149445,152074440560,38311,37860,36396,-1915,-5.0,36649,-1662,-4.34,36396,37860,1399-11-13
180,اخابر,مخابرات ايران,2052,13568938,152269418300,11310,11000,10940,-370,-3.27,11220,-90,-0.8,10790,11750,1399-11-13
181,وكارح,ح . بانك‌ كارآفرين‌,2045,54820356,92039539160,1830,1690,1650,-180,-9.84,1680,-150,-8.2,1650,1790,1399-11-13
182,آسيا,بيمه آسيا,2021,53565759,153207636410,3010,2860,2860,-150,-4.98,2860,-150,-4.98,2860,2900,1399-11-13
183,چدن,توليدي چدن سازان,2018,4852451,124998657000,26930,26520,25590,-1340,-4.98,25760,-1170,-4.34,25590,26520,1399-11-13
184,واتي,سرمايه‌ گذاري‌ آتيه‌ دماوند,1963,12743883,151116019660,11470,11500,11880,410,3.57,11860,390,3.4,11220,12040,1399-11-13
185,افق,فروشگاههاي زنجيره اي افق كوروش,1955,1714479,138226610740,83460,81840,80670,-2790,-3.34,80620,-2840,-3.4,79290,83000,1399-11-13
186,چفيبر,فيبر ايران‌,1919,13743673,199175601660,13900,14390,14590,690,4.96,14490,590,4.24,13850,14590,1399-11-13
187,كاوه,فولاد كاوه جنوب كيش,1898,10912229,202573396920,18600,18570,17880,-720,-3.87,18560,-40,-0.22,17780,19360,1399-11-13
188,رنيك,جنرال مكانيك,1894,5218628,117462698482,22442,21500,23000,558,2.49,22508,66,0.29,21320,23370,1399-11-13
189,ونيكي,سرمايه‌گذاري‌ ملي‌ايران‌,1876,7339736,85264258570,12160,12020,11560,-600,-4.93,11620,-540,-4.44,11560,12020,1399-11-13
190,ولشرق,ليزينگ ايران و شرق,1838,11607956,94912768109,8464,8054,8041,-423,-5.0,8177,-287,-3.39,8041,8599,1399-11-13
191,خريخت,صنايع‌ريخته‌گري‌ايران‌,1837,28349868,104096201630,3810,3780,3680,-130,-3.41,3670,-140,-3.67,3620,3800,1399-11-13
192,كماسه,تامين‌ ماسه‌ ريخته‌گري‌,1815,3726002,171189539040,44330,43200,46540,2210,4.99,45940,1610,3.63,42610,46540,1399-11-13
193,ختوقا,قطعات‌ اتومبيل‌ ايران‌,1813,24241149,64660577920,2760,2670,2630,-130,-4.71,2670,-90,-3.26,2630,2770,1399-11-13
194,ارزش,صندوق س ارزش آفرين بيدار-سهام,1809,14030014,139400517140,10200,9840,9770,-430,-4.22,9940,-260,-2.55,9700,10340,1399-11-13
195,كچاد,معدني‌وصنعتي‌چادرملو,1808,8097453,164855686600,20490,20110,20450,-40,-0.2,20360,-130,-0.63,20020,20980,1399-11-13
196,فلامي,لاميران‌,1800,2699032,129793989090,50490,48100,47970,-2520,-4.99,48090,-2400,-4.75,47970,50000,1399-11-13
197,فاما,صنعتي‌ آما,1794,5175966,111333777470,22240,21750,21200,-1040,-4.68,21510,-730,-3.28,21130,22950,1399-11-13
198,غشاذر,پگاه‌آذربايجان‌غربي‌,1794,7315339,169506294230,23410,22240,23100,-310,-1.32,23170,-240,-1.03,22240,23990,1399-11-13
199,اوان,مبين وان كيش,1785,5988812,315088703713,53526,54500,50850,-2676,-5.0,52613,-913,-1.71,50850,54650,1399-11-13
200,خاذين,سايپاآذين‌,1780,21755723,91823779050,4400,4270,4250,-150,-3.41,4220,-180,-4.09,4180,4400,1399-11-13
201,قنقش,قند نقش جهان,1766,2088780,156345629252,73208,70280,74836,1628,2.22,74850,1642,2.24,70280,76136,1399-11-13
202,مرقام,ايران‌ارقام‌,1726,10058414,193826957760,18500,18000,19420,920,4.97,19270,770,4.16,17860,19420,1399-11-13
203,سيستم,همكاران سيستم,1715,3119909,109038831770,33540,35010,35210,1670,4.98,34950,1410,4.2,33550,35210,1399-11-13
204,البرز,بيمه البرز,1711,27169792,112486924240,4340,4150,4130,-210,-4.84,4140,-200,-4.61,4130,4240,1399-11-13
205,بالاس,مهندسي ساختمان تاسيسات راه آهن,1686,1861650,107330595883,60477,58100,57454,-3023,-5.0,57653,-2824,-4.67,57454,60469,1399-11-13
206,چافست,افست‌,1684,7213312,118447539540,15760,15750,16540,780,4.95,16420,660,4.19,14980,16540,1399-11-13
207,رانفور,خدمات‌انفورماتيك‌,1682,3791523,108803354230,29660,30450,28180,-1480,-4.99,28700,-960,-3.24,28180,30450,1399-11-13
208,فروس,فروسيليس‌ ايران‌,1681,13906582,64203547910,4830,4620,4590,-240,-4.97,4620,-210,-4.35,4590,4800,1399-11-13
209,ركيش,كارت اعتباري ايران كيش,1651,6230893,135585787630,21250,20210,22310,1060,4.99,21760,510,2.4,20210,22310,1399-11-13
210,دعبيد,لابراتوارداروسازي‌  دكترعبيدي‌,1647,3464929,89883402690,27250,25890,25890,-1360,-4.99,25940,-1310,-4.81,25890,26550,1399-11-13
211,رتاپ,تجارت الكترونيك  پارسيان,1646,12518177,77784268390,5990,5850,6280,290,4.84,6210,220,3.67,5770,6280,1399-11-13
212,وبانك,سرمايه گذاري گروه توسعه ملي,1645,7792085,66853993090,8500,8600,8340,-160,-1.88,8560,60,0.71,8140,8880,1399-11-13
213,كي بي سي,شركت كي بي سي,1642,5758186,183378510109,33377,31709,31709,-1668,-5.0,31847,-1530,-4.58,31709,32650,1399-11-13
214,ستران,سيمان‌ تهران‌,1628,4429949,120361470710,28430,27900,27010,-1420,-4.99,27170,-1260,-4.43,27010,28390,1399-11-13
215,بهپاك,صنعتي بهپاك,1613,3090394,132470515331,41016,39310,43066,2050,5.0,42865,1849,4.51,39310,43066,1399-11-13
216,رتكو,كنترل‌خوردگي‌تكين‌كو,1612,8825385,178556326810,19660,20200,20640,980,4.98,20230,570,2.9,18710,20640,1399-11-13
217,قشرين,قند شيرين خراسان,1608,8821149,156014933857,17283,17590,17750,467,2.7,17686,403,2.33,16830,17801,1399-11-13
218,كيان,صندوق س. با درآمد ثابت كيان,1596,34024834,918725330806,26984,27009,27002,18,0.07,27002,18,0.07,27000,27009,1399-11-13
219,وتوس,توسعه‌شهري‌توس‌گستر,1580,5846035,118668779300,19420,20250,20390,970,4.99,20300,880,4.53,19530,20390,1399-11-13
220,وساخت,سرمايه‌ گذاري‌ ساختمان‌ايران‌,1577,1510477,77865521480,52510,52520,51710,-800,-1.52,51550,-960,-1.83,50050,52850,1399-11-13
221,زفكا,كشت و دامداري فكا,1573,6979476,85331135579,11935,11983,12531,596,4.99,12226,291,2.44,11339,12531,1399-11-13
222,اعتماد,صندوق س.اعتماد آفرين پارسيان-د,1572,35639910,1234394678720,34620,34634,34641,21,0.06,34635,15,0.04,34633,34641,1399-11-13
223,شتولي,تولي‌پرس‌,1556,3060670,107229927729,34590,35281,35281,691,2.0,35035,445,1.29,33899,35281,1399-11-13
224,خمحركه,نيرو محركه‌,1556,14428986,75762088650,5510,5240,5240,-270,-4.9,5250,-260,-4.72,5240,5340,1399-11-13
225,خچرخش,چرخشگر,1555,7066421,123689615200,16720,17550,17550,830,4.96,17500,780,4.67,17170,17550,1399-11-13
226,سصوفي,سيمان‌ صوفيان‌,1551,6794996,98796486970,15030,14500,14400,-630,-4.19,14540,-490,-3.26,14280,15170,1399-11-13
227,فپنتا,سپنتا,1548,222146,96352439050,418900,427400,425000,6100,1.46,433730,14830,3.54,405130,439840,1399-11-13
228,نوين,بيمه نوين,1546,14535924,96995958780,6966,7000,6618,-348,-5.0,6673,-293,-4.21,6618,7000,1399-11-13
229,تبرك,گروه كارخانجات صنعتي تبرك,1541,4284226,71618234323,17116,17000,16261,-855,-5.0,16717,-399,-2.33,16261,17500,1399-11-13
230,ثغرب,شركت سرمايه گذاري مسكن شمالغرب,1525,11209207,80588688440,7551,7174,7174,-377,-4.99,7190,-361,-4.78,7174,7470,1399-11-13
231,زفكاح,ح . كشت و دامداري فكا,1519,14284722,114594419079,7927,7800,8323,396,5.0,8022,95,1.2,7531,8323,1399-11-13
232,دتوزيعح,ح . توزيع دارو پخش,1515,4281012,134774105768,32631,31000,31000,-1631,-5.0,31482,-1149,-3.52,31000,32910,1399-11-13
233,كلر,كلر پارس,1515,1468624,194895924944,126667,133000,133000,6333,5.0,132706,6039,4.77,129200,133000,1399-11-13
234,قچار,فراوردههاي غذايي وقند چهارمحال,1513,1502527,122656806700,83021,84500,80750,-2271,-2.74,81634,-1387,-1.67,80000,84500,1399-11-13
235,تماوند,تامين سرمايه دماوند,1500,11581755,224564420498,18585,18500,18940,355,1.91,19389,804,4.33,18002,19514,1399-11-13
236,كگل,معدني و صنعتي گل گهر,1483,12435398,222684584670,18070,18240,18100,30,0.17,17910,-160,-0.89,17540,18380,1399-11-13
237,خوساز,محورسازان‌ايران‌خودرو,1476,11254322,94456445490,8460,8120,8200,-260,-3.07,8390,-70,-0.83,8120,8700,1399-11-13
238,غگلپا,شير پاستوريزه پگاه گلپايگان,1449,7146591,467469596941,62379,64450,65497,3118,5.0,65412,3033,4.86,61510,65497,1399-11-13
239,ونفت,سرمايه‌گذاري‌ صنعت‌ نفت‌,1428,11457498,197867810820,18040,17800,17150,-890,-4.93,17270,-770,-4.27,17140,17950,1399-11-13
240,غمارگ,مارگارين‌,1417,3425578,107229639750,30260,30260,31770,1510,4.99,31300,1040,3.44,29360,31770,1399-11-13
241,دپارس,پارس‌ دارو,1412,778203,71539208550,88550,92960,91000,2450,2.77,91930,3380,3.82,88000,92960,1399-11-13
242,شصدف,صنعتي دوده فام,1406,78250,2245383750,27329,28695,28695,1366,5.0,27387,58,0.21,28695,28695,1399-11-13
243,شرانل,نفت ايرانول,1395,3924800,152029030807,40515,40000,38490,-2025,-5.0,38735,-1780,-4.39,38490,40635,1399-11-13
244,فباهنر,مس‌ شهيدباهنر,1385,1354730,70898983170,54760,52310,52040,-2720,-4.97,52330,-2430,-4.44,52030,54400,1399-11-13
245,سبجنو,سيمان‌ بجنورد,1381,1946147,90065776710,44760,46250,46990,2230,4.98,46280,1520,3.4,43200,46990,1399-11-13
246,ثعمرا,عمران و توسعه شاهد,1380,11976635,136657164810,11026,11010,11577,551,5.0,11410,384,3.48,10650,11577,1399-11-13
247,خمحور,توليدمحورخودرو,1375,3431687,182352636220,53430,51300,56070,2640,4.94,53140,-290,-0.54,50760,56100,1399-11-13
248,دلقما,دارويي‌ لقمان‌,1367,4791650,107096311300,23300,22160,22440,-860,-3.69,22350,-950,-4.08,22140,23680,1399-11-13
249,نطرين,عطرين نخ قم,1354,5666492,64412022884,11855,11610,11263,-592,-4.99,11367,-488,-4.12,11263,11850,1399-11-13
250,مداران,داده‌پردازي‌ايران‌,1353,4621013,118951920020,26900,25890,25560,-1340,-4.98,25740,-1160,-4.31,25560,26890,1399-11-13
251,دفارا,داروسازي‌ فارابي‌,1353,2124159,123519828660,56370,57200,59180,2810,4.98,58150,1780,3.16,56400,59180,1399-11-13
252,ومهان,گروه توسعه مالي مهر آيندگان,1344,4271780,55542892680,13273,12820,12850,-423,-3.19,13002,-271,-2.04,12730,13265,1399-11-13
253,تسه9910,امتياز تسهيلات مسكن دي99,1318,19082,10009228921,499867,524860,524860,24993,5.0,524538,24671,4.94,520000,524860,1399-11-13
254,غفارس,شير پاستوريزه پگاه فارس,1309,11911631,138176867270,11121,11141,11677,556,5.0,11600,479,4.31,10565,11677,1399-11-13
255,ختراك,ريخته‌گري‌ تراكتورسازي‌ ايران‌,1301,7363855,109121800850,14160,14500,14860,700,4.94,14820,660,4.66,13800,14860,1399-11-13
256,فسازان,غلتك سازان سپاهان,1297,3307880,122993425640,38860,37770,36920,-1940,-4.99,37180,-1680,-4.32,36920,38750,1399-11-13
257,غصينو,صنعتي مينو,1277,3201933,265878948431,87210,82850,82850,-4360,-5.0,83037,-4173,-4.79,82850,87186,1399-11-13
258,كشرق,صنعتي و معدني شمال شرق شاهرود,1275,991511,93468237075,97126,95900,94500,-2626,-2.7,94268,-2858,-2.94,92270,99960,1399-11-13
259,شسپا,نفت سپاهان,1263,6069029,145319206130,25090,24510,23990,-1100,-4.38,23940,-1150,-4.58,23840,24990,1399-11-13
260,سيمرغ,سيمرغ,1261,4170128,67962072230,15740,15700,16520,780,4.96,16300,560,3.56,15400,16520,1399-11-13
261,آپ,آسان پرداخت پرشين,1254,4979316,86102463060,16670,16400,17500,830,4.98,17290,620,3.72,16000,17500,1399-11-13
262,وسكاب,س.ص.بازنشستگي كاركنان بانكها,1245,12018544,79583961360,6600,6660,6600,0,0.0,6620,20,0.3,6280,6800,1399-11-13
263,حپترو,حمل و نقل پتروشيمي( سهامي عام,1239,2901641,117115649880,38760,38760,40690,1930,4.98,40360,1600,4.13,38760,40690,1399-11-13
264,دسانكو,داروسازي سبحان انكولوژي,1237,5721950,92842446676,15556,15556,16333,777,4.99,16226,670,4.31,15556,16333,1399-11-13
265,پارند,صندوق س. پارند پايدار سپهر,1234,52236940,593834575359,11342,11360,11370,28,0.25,11368,26,0.23,11350,11386,1399-11-13
266,فجر,فولاد اميركبيركاشان,1221,2679035,173600857780,67410,67050,65100,-2310,-3.43,64800,-2610,-3.87,64040,67890,1399-11-13
267,چكاوهح,ح . صنايع‌كاغذسازي‌كاوه‌,1200,5226418,61981882800,12050,12040,11650,-400,-3.32,11860,-190,-1.58,11500,12390,1399-11-13
268,ومعلم,بيمه معلم,1197,8326028,41929477675,5254,5010,4992,-262,-4.99,5065,-189,-3.6,4992,5200,1399-11-13
269,شفارس,صنايع‌ شيميايي‌ فارس‌,1182,3242093,156452166480,46030,48300,48330,2300,5.0,48260,2230,4.84,47000,48330,1399-11-13
270,وملل,اعتباري ملل,1181,10761212,158864746641,14936,14210,14620,-316,-2.12,14763,-173,-1.16,14210,15000,1399-11-13
271,دشيري,شيرين دارو,1174,412432,102114195683,251410,254887,243868,-7542,-3.0,247590,-3820,-1.52,243868,256834,1399-11-13
272,خكمك,كمك‌فنرايندامين‌,1170,3441747,96969665390,29470,28000,28000,-1470,-4.99,28170,-1300,-4.41,28000,29200,1399-11-13
273,توريل,توکاريل,1166,4457707,119599269651,28017,26701,26617,-1400,-5.0,26830,-1187,-4.24,26617,27890,1399-11-13
274,بورس,بورس اوراق بهادار تهران,1158,2413112,106916103190,46090,44710,43790,-2300,-4.99,44310,-1780,-3.86,43790,45970,1399-11-13
275,افرا,افرانت,1158,2625879,91563574731,36601,36400,34771,-1830,-5.0,34870,-1731,-4.73,34771,36400,1399-11-13
276,ساروم,سيمان‌اروميه‌,1156,4158339,132546420450,30490,31600,32010,1520,4.99,31870,1380,4.53,31000,32010,1399-11-13
277,مفاخر,توسعه فناوري اطلاعات خوارزمي,1154,2217556,112642824880,48825,51226,51266,2441,5.0,50796,1971,4.04,47848,51266,1399-11-13
278,زاگرس,پتروشيمي زاگرس,1153,468761,89525117974,191953,188510,188200,-3753,-1.96,191100,-853,-0.44,185200,196987,1399-11-13
279,خكرمان,گروه اقتصادي كرمان خودرو,1152,15782556,75468288566,4926,4800,4779,-147,-2.98,4782,-144,-2.92,4779,4899,1399-11-13
280,كاردان,صندوق س تجارت شاخصي كاردان,1143,616594,97703658070,161350,158030,155900,-5450,-3.38,158460,-2890,-1.79,153050,165000,1399-11-13
281,كتوكاح,ح.توليدي وخدمات صنايع نسوزتوكا,1142,5690156,131593981725,23834,24010,22799,-1035,-4.34,23127,-707,-2.97,22643,24600,1399-11-13
282,ثمسكن,سرمايه‌گذاري‌ مسكن‌,1136,10983442,56690522060,5180,5250,5060,-120,-2.32,5160,-20,-0.39,4980,5390,1399-11-13
283,دكيمي,كيميدارو,1133,2171987,58769197820,25980,27100,27270,1290,4.97,27060,1080,4.16,26210,27270,1399-11-13
284,ملت,بيمه ملت,1124,9335600,131677548890,14830,14090,14090,-740,-4.99,14100,-730,-4.92,14090,14450,1399-11-13
285,رمپنا,گروه مپنا (سهامي عام),1114,3939980,68987115370,18050,17900,17300,-750,-4.16,17750,-300,-1.66,17300,18190,1399-11-13
286,وبشهر,توسعه‌ صنايع‌ بهشهر(هلدينگ,1112,6352554,77711330630,12200,12230,12000,-200,-1.64,12230,30,0.25,11800,12600,1399-11-13
287,شپترو,پتروشيمي آبادان,1111,22142352,99152806563,4610,4502,4472,-138,-2.99,4478,-132,-2.86,4472,4598,1399-11-13
288,بموتو,موتوژن‌,1108,1947547,112640869740,60680,58000,57650,-3030,-4.99,57840,-2840,-4.68,57650,59940,1399-11-13
289,كروي,توسعه‌ معادن‌ روي‌ ايران‌,1108,2563034,73757887370,30200,28690,28690,-1510,-5.0,28780,-1420,-4.7,28690,29440,1399-11-13
290,وخاور,بانك خاورميانه,1105,8821620,92855406250,10170,10000,10350,180,1.77,10530,360,3.54,10000,10670,1399-11-13
291,ولبهمن,شركت بهمن ليزينگ,1104,8526395,62984213581,7275,7120,7387,112,1.54,7387,112,1.54,7120,7600,1399-11-13
292,شكبير,پتروشيمي اميركبير,1094,2018261,179426995365,89055,89000,89000,-55,-0.06,88902,-153,-0.17,86384,91500,1399-11-13
293,چكارن,كارتن‌ ايران‌,1086,17630644,60685529480,3590,3440,3420,-170,-4.74,3440,-150,-4.18,3420,3540,1399-11-13
294,شپديس,پتروشيمي پرديس,1079,1405321,136435860180,98810,95000,95000,-3810,-3.86,97090,-1720,-1.74,94620,102750,1399-11-13
295,ارفع,شركت آهن و فولاد ارفع,1075,7692536,93413058203,12224,12240,12000,-224,-1.83,12143,-81,-0.66,11700,12369,1399-11-13
296,غگلستا,شير پاستوريزه پگاه گلستان,1070,3802362,115788009429,29059,30450,30511,1452,5.0,30452,1393,4.79,29640,30511,1399-11-13
297,وآوا,سرمايه گذاري آوا نوين,1055,5782805,46251118842,8368,8050,7950,-418,-5.0,8016,-352,-4.21,7950,8338,1399-11-13
298,كمنگنز,معادن‌منگنزايران‌,1053,612377,60768582360,103280,99010,98120,-5160,-5.0,99230,-4050,-3.92,98120,102800,1399-11-13
299,شاراك,پتروشيمي شازند,1045,4342099,103358087410,24360,23600,24300,-60,-0.25,23800,-560,-2.3,23150,24830,1399-11-13
300,غشوكو,شوكو پارس,1042,1418512,62511589230,45952,43655,44807,-1145,-2.49,44068,-1884,-4.1,43655,45952,1399-11-13
301,لخزر,پارس‌ خزر,1036,539984,90396855500,160480,155000,168500,8020,5.0,167410,6930,4.32,155000,168500,1399-11-13
302,وثخوز,سرمايه گذاري و توسعه خوزستان,1031,1934414,142371718901,70571,67070,74099,3528,5.0,73599,3028,4.29,67070,74099,1399-11-13
303,دسينا,داروسازي‌ سينا,1023,1795720,49911804960,26690,25410,28020,1330,4.98,27780,1090,4.08,25410,28020,1399-11-13
304,واعتبار,سرمايه گذاري اعتبار ايران,1022,12550325,103132778110,8620,8300,8200,-420,-4.87,8220,-400,-4.64,8190,8600,1399-11-13
305,شغدير,پتروشيمي غدير,1019,2160319,128534373549,62204,60090,59094,-3110,-5.0,59498,-2706,-4.35,59094,61900,1399-11-13
306,ساربيل,سيمان آرتا اردبيل,1018,1880800,88239714900,44740,46970,46970,2230,4.98,46920,2180,4.87,45140,46970,1399-11-13
307,فلوله,لوله‌وماشين‌سازي‌ايران‌,1018,3729463,75123254410,21070,21050,20260,-810,-3.84,20140,-930,-4.41,20020,21050,1399-11-13
308,سامان,بانك سامان,1016,7283232,77413731213,10690,11010,10370,-320,-2.99,10629,-61,-0.57,10370,11010,1399-11-13
309,واحيا,م .صنايع و معادن احياء سپاهان,1016,1635566,257928570381,162386,157515,157515,-4871,-3.0,157700,-4686,-2.89,157515,165000,1399-11-13
310,لبوتان,گروه‌صنعتي‌بوتان‌,1015,861706,61056884670,68710,66710,71600,2890,4.21,70860,2150,3.13,66300,72140,1399-11-13
311,فسرب,ملي‌ سرب‌وروي‌ ايران‌,1009,614879,54115408670,92000,90000,87400,-4600,-5.0,88010,-3990,-4.34,87400,91480,1399-11-13
312,وگردش,بانك گردشگري,995,11787165,243460510962,21068,20436,21200,132,0.63,20655,-413,-1.96,20436,21235,1399-11-13
313,پارسان,گسترش نفت و گاز پارسيان,991,8081139,151976565020,18920,18470,18450,-470,-2.48,18810,-110,-0.58,18050,19500,1399-11-13
314,سكرد,سيمان كردستان,989,7307398,69691609970,9100,9550,9550,450,4.95,9540,440,4.84,9150,9550,1399-11-13
315,كگاز,شيشه‌ و گاز,977,1743016,31082477030,17820,17270,17780,-40,-0.22,17830,10,0.06,17070,18430,1399-11-13
316,سپاها,سيمان‌سپاهان‌,973,5408592,46603357450,8750,8590,8520,-230,-2.63,8630,-120,-1.37,8330,8910,1399-11-13
317,وثنو,سرمايه گذاري ساختماني نوين,969,3462628,58913437322,17106,16310,17390,284,1.66,17014,-92,-0.54,16310,17800,1399-11-13
318,وتوشه,سرمايه‌ گذاري‌ پارس‌ توشه‌,955,2834575,63474474650,22330,21520,22500,170,0.76,22390,60,0.27,21500,23090,1399-11-13
319,قشير,قند شيروان قوچان و بجنورد,948,3197530,77058811937,25292,24180,24028,-1264,-5.0,24099,-1193,-4.72,24028,25033,1399-11-13
320,شفن,پتروشيمي فناوران,945,293291,86610925890,292940,284100,290000,-2940,-1.0,295000,2060,0.7,284100,303000,1399-11-13
321,ميدكو,هلدينگ صنايع  معدني خاورميانه,939,1276992,39974049651,31950,31220,31678,-272,-0.85,31732,-218,-0.68,31000,31950,1399-11-13
322,واميد,گروه مديريت سرمايه گذاري اميد,931,2798970,111829785060,39350,39990,40180,830,2.11,39910,560,1.42,38750,41000,1399-11-13
323,فاسمين,كالسيمين‌,929,3802152,58115519620,15960,15210,15170,-790,-4.95,15280,-680,-4.26,15170,15840,1399-11-13
324,كپرور,فرآوري زغال سنگ پروده طبس,929,1593524,64603931138,39177,40000,41135,1958,5.0,40542,1365,3.48,39177,41135,1399-11-13
325,دارو,كارخانجات‌داروپخش‌,928,988395,36679662700,36850,37920,36500,-350,-0.95,37040,190,0.52,36040,38000,1399-11-13
326,فلات,گروه صنايع معادن فلات ايرانيان,924,5475107,77909882953,14539,14103,14250,-289,-1.99,14230,-309,-2.13,14103,14700,1399-11-13
327,غمينوح,ح . شركت صنايع غذايي مينو شرق,921,3444632,30201428195,9221,8950,8760,-461,-5.0,8768,-453,-4.91,8760,8950,1399-11-13
328,پاسا,ايران‌ياساتايرورابر,918,2110289,54265571430,26510,25800,25190,-1320,-4.98,25710,-800,-3.02,25190,26750,1399-11-13
329,شكربن,كربن‌ ايران‌,914,874368,81828539110,97280,93000,92420,-4860,-5.0,93590,-3690,-3.79,92420,98300,1399-11-13
330,كهمدا,شيشه‌ همدان‌,913,3624847,37481906660,10820,10550,10280,-540,-4.99,10460,-360,-3.33,10280,10710,1399-11-13
331,ثفارس,عمران‌وتوسعه‌فارس‌,897,4608910,59086226200,12210,12820,12820,610,5.0,12820,610,5.0,12820,12820,1399-11-13
332,دكوثر,داروسازي‌ كوثر,891,2674307,56025839080,21880,21010,20790,-1090,-4.98,20950,-930,-4.25,20790,22000,1399-11-13
333,وكار,بانك‌ كارآفرين‌,891,18607274,48924174860,2740,2650,2610,-130,-4.74,2630,-110,-4.01,2610,2700,1399-11-13
334,وبيمه,سرمايه‌ گذاري‌ صنعت‌ بيمه‌,886,12249819,35403816320,3030,2910,2880,-150,-4.95,2920,-110,-3.63,2880,2990,1399-11-13
335,وسپه,سرمايه‌گذاري‌ سپه‌,885,5726090,41694961530,7380,7350,7100,-280,-3.79,7300,-80,-1.08,7020,7490,1399-11-13
336,ثباغ,شهر سازي و خانه سازي باغميشه,883,4732298,73094403889,16137,15800,16000,-137,-0.85,15446,-691,-4.28,15331,16000,1399-11-13
337,حسينا,توسعه خدمات دريايي وبندري سينا,875,1045481,77989926403,75634,72600,73370,-2264,-2.99,74597,-1037,-1.37,72600,76700,1399-11-13
338,آريان,سرمايه گذاري پارس آريان,870,11595991,155939594151,13552,13552,13399,-153,-1.13,13448,-104,-0.77,13146,13820,1399-11-13
339,سشمال,سيمان‌ شمال‌,869,2870608,27559563430,9830,9980,9340,-490,-4.98,9700,-130,-1.32,9340,10000,1399-11-13
340,زكشت,كشاورزي مكانيزه اصفهان كشت,863,2138747,67464049912,30932,29600,32478,1546,5.0,31544,612,1.98,29386,32478,1399-11-13
341,خاهن,آهنگري‌ تراكتورسازي‌ ايران‌,859,2737865,104072081300,38140,38040,38110,-30,-0.08,38010,-130,-0.34,38000,38490,1399-11-13
342,وصنا,گروه‌صنايع‌بهشهرايران‌,856,4763262,29491413820,6490,6490,6170,-320,-4.93,6300,-190,-2.93,6170,6490,1399-11-13
343,سرچشمه,سرمايه گذاري مس سرچشمه,855,5734795,39491949412,7141,6902,6830,-311,-4.36,6936,-205,-2.87,6800,7100,1399-11-13
344,خديزل,بهمن  ديزل,854,1522894,72034417153,47024,47992,47500,476,1.01,47301,277,0.59,45214,49000,1399-11-13
345,غشان,شيرپاستوريزه‌پگاه‌خراسان‌,854,6868525,42326814580,6470,6150,6150,-320,-4.95,6180,-290,-4.48,6150,6340,1399-11-13
346,كوير,توليدي فولاد سپيد فراب كوير,852,7552974,186558457800,23530,24700,24700,1170,4.97,24700,1170,4.97,24700,24700,1399-11-13
347,ثاباد,توريستي ورفاهي آبادگران ايران,845,2264580,111116297000,51530,49430,48960,-2570,-4.99,49070,-2460,-4.77,48960,50600,1399-11-13
348,شكلر,نيروكلر,839,1413257,80168452160,59290,58000,56330,-2960,-4.99,56730,-2560,-4.32,56330,58650,1399-11-13
349,ختور,رادياتور ايران‌,837,2425792,61027511190,26400,25080,25080,-1320,-5.0,25160,-1240,-4.7,25080,25820,1399-11-13
350,تنوين,تامين سرمايه نوين,826,9083629,53830102440,6000,6020,6010,10,0.17,5930,-70,-1.17,5770,6100,1399-11-13
351,شپاكسا,پاكسان‌,825,2419366,76057820120,32610,32100,31200,-1410,-4.32,31440,-1170,-3.59,31000,32480,1399-11-13
352,شبهرن,نفت‌ بهران‌,812,1223771,74456105680,61910,60700,60780,-1130,-1.83,60840,-1070,-1.73,60000,62980,1399-11-13
353,دسبحا,گروه دارويي سبحان,806,3040028,58173759710,18260,19170,19170,910,4.98,19140,880,4.82,18700,19170,1399-11-13
354,غديس,پاكديس,801,4213217,51713343095,12888,12810,12244,-644,-5.0,12274,-614,-4.76,12244,12810,1399-11-13
355,تپمپي,پمپ‌ سازي‌ ايران‌,797,1740321,36934188950,22250,21510,21140,-1110,-4.99,21430,-820,-3.69,21140,22250,1399-11-13
356,هرمز,فولاد هرمزگان جنوب,797,4303618,56253199914,13301,12800,12800,-501,-3.77,13193,-108,-0.81,12670,13535,1399-11-13
357,بزاگرس,نيروگاه زاگرس كوثر,792,5074045,34645476687,7147,6810,6790,-357,-5.0,6912,-235,-3.29,6790,7050,1399-11-13
358,تيپيكو,سرمايه گذاري دارويي تامين,787,1115836,53198280290,47430,48150,47920,490,1.03,47590,160,0.34,45720,48150,1399-11-13
359,اميد,تامين سرمايه اميد,782,3504351,28629119890,8330,8130,8010,-320,-3.84,8240,-90,-1.08,7940,8440,1399-11-13
360,فيروزه,صندوق شاخص30 شركت فيروزه- سهام,782,283982,42017383950,152630,145210,144520,-8110,-5.31,147960,-4670,-3.06,142000,153550,1399-11-13
361,خشرق,الكتريك‌ خودرو شرق‌,782,3084975,54934276870,18560,17690,17640,-920,-4.96,17810,-750,-4.04,17640,18370,1399-11-13
362,ولغدر,ليزينگ‌خودروغدير,780,3149026,75334525970,22880,23650,24020,1140,4.98,23920,1040,4.55,23370,24020,1399-11-13
363,ثرود,سرمايه‌گذاري مسكن زاينده رود,773,3482933,46387449154,13966,13670,13268,-698,-5.0,13362,-604,-4.32,13268,13800,1399-11-13
364,ما,بيمه  ما,773,5394452,46376459900,8510,8200,8680,170,2.0,8590,80,0.94,8200,8790,1399-11-13
365,سمازن,سيمان‌مازندران‌,771,4436435,43429592610,10000,9570,9850,-150,-1.5,9820,-180,-1.8,9570,10190,1399-11-13
366,خمهر,مهركام‌پارس‌,771,14769396,40960297510,2890,2810,2750,-140,-4.84,2790,-100,-3.46,2750,2840,1399-11-13
367,فن آوا,گروه فن آوا,771,2630682,47734099152,18444,18000,17920,-524,-2.84,18145,-299,-1.62,17891,18765,1399-11-13
368,هجرت,پخش هجرت,770,1106069,30516424555,28426,29060,27010,-1416,-4.98,27930,-496,-1.74,27005,29060,1399-11-13
369,همراه,شركت ارتباطات سيار ايران,764,1642860,44920725340,27980,27050,26820,-1160,-4.15,27700,-280,-1.0,26720,28600,1399-11-13
370,گوهران,سرمايه گذاري توسعه گوهران اميد,761,4667921,36498381421,7909,7725,7750,-159,-2.01,7843,-66,-0.83,7700,8100,1399-11-13
371,زقيام,كشت و دام قيام اصفهان,759,3461161,93923075099,25885,27179,27179,1294,5.0,27136,1251,4.83,26380,27179,1399-11-13
372,دماوند,توليد نيروي برق دماوند,758,1488454,74791836592,47856,50248,50248,2392,5.0,50248,2392,5.0,50248,50248,1399-11-13
373,غاذر,كشت‌وصنعت‌پياذر,758,970744,53576072610,52830,53530,55470,2640,5.0,55190,2360,4.47,53530,55470,1399-11-13
374,لوتوس,تامين سرمايه لوتوس پارسيان,753,9427219,99125446560,11040,10810,10490,-550,-4.98,10510,-530,-4.8,10490,10890,1399-11-13
375,لسرما,سرما آفرين‌,753,1874154,49703283860,27760,26450,26380,-1380,-4.97,26520,-1240,-4.47,26380,27480,1399-11-13
376,وسين,بيمه سينا,752,3714880,64075716438,17530,17020,17220,-310,-1.77,17248,-282,-1.61,17020,17548,1399-11-13
377,شلعاب,لعابيران‌,749,4012185,60129423540,14280,14990,14990,710,4.97,14990,710,4.97,14910,14990,1399-11-13
378,غبشهر,صنعتي‌ بهشهر,728,1962102,41057900810,21030,21240,21000,-30,-0.14,20950,-80,-0.38,20000,21540,1399-11-13
379,وسرمد,بيمه  سرمد,727,6725385,42900831774,6701,6500,6366,-335,-5.0,6379,-322,-4.81,6366,6600,1399-11-13
380,قشهد,شهد,721,908657,30020165500,32650,33450,33000,350,1.07,32900,250,0.77,32610,33900,1399-11-13
381,بالبر,كابل‌ البرز,721,1436641,64274477600,42830,44920,44970,2140,5.0,44740,1910,4.46,42900,44970,1399-11-13
382,وپخش,داروپخش‌ (هلدينگ‌,720,491203,59411919740,115350,121100,121110,5760,4.99,120950,5600,4.85,119600,121110,1399-11-13
383,سكرما,سيمان‌ كرمان‌,719,3354882,52481430560,16270,15480,15580,-690,-4.24,15640,-630,-3.87,15460,16200,1399-11-13
384,شپارس,بين‌ المللي‌ محصولات‌  پارس‌,717,2104171,37546435000,17630,18300,17600,-30,-0.17,17800,170,0.96,16750,18300,1399-11-13
385,سيدكو,سرمايه گذاري توسعه صنايع سيمان,715,4032526,23849501720,5980,5760,5890,-90,-1.51,5950,-30,-0.5,5740,6130,1399-11-13
386,كگهر,سنگ آهن گهرزمين,710,1078245,50986373923,46403,47680,47330,927,2.0,46764,361,0.78,46439,47889,1399-11-13
387,سغرب,سيمان‌غرب‌,707,1503677,38563803120,26710,26640,25380,-1330,-4.98,25890,-820,-3.07,25380,27100,1399-11-13
388,سنير,سيمان‌ سفيد ني‌ريز,706,355013,90276255770,242190,254290,254290,12100,5.0,254290,12100,5.0,254290,254290,1399-11-13
389,شوينده,مديريت صنعت شوينده ت.ص.بهشهر,705,1420279,48827084060,34300,35000,34070,-230,-0.67,34380,80,0.23,33700,35200,1399-11-13
390,فولاي,صنايع فولاد آلياژي يزد,702,1120480,50940501926,43489,45500,45663,2174,5.0,45291,1802,4.14,44020,45663,1399-11-13
391,حسير,ريل سير كوثر,700,5813337,111611042331,18298,19212,18600,302,1.65,19199,901,4.92,18482,19212,1399-11-13
392,پرديس,سرمايه گذاري پرديس,691,6425150,41182981410,6530,6350,6300,-230,-3.52,6430,-100,-1.53,6290,6600,1399-11-13
393,خاور,ايران خودرو ديزل,690,11150546,75279933663,6950,6742,6742,-208,-2.99,6751,-199,-2.86,6742,6900,1399-11-13
394,ساروج,بين المللي ساروج بوشهر,690,2179889,49816363878,23317,22619,22630,-687,-2.95,22853,-464,-1.99,22618,23781,1399-11-13
395,سپ,پرداخت الكترونيك سامان كيش,683,2817653,44923958640,16270,15710,16300,30,0.18,15950,-320,-1.97,15480,16300,1399-11-13
396,ولانا,شركت ليزينگ آريا دانا,681,1128088,36028424753,30479,32002,32002,1523,5.0,31938,1459,4.79,31197,32002,1399-11-13
397,فافزا,فولاد افزا سپاهان,681,2063385,123716704239,58241,60000,61153,2912,5.0,59958,1717,2.95,55401,61153,1399-11-13
398,وپترو,سرمايه‌گذاري صنايع پتروشيمي‌,679,3024341,46191145720,15940,15270,15150,-790,-4.96,15310,-630,-3.95,15150,15690,1399-11-13
399,غشهد,شهد ايران ‌,679,3760197,25759455480,7020,6700,6780,-240,-3.42,6930,-90,-1.28,6690,7000,1399-11-13
400,وتوسم,سرمايه‌گذاري‌توسعه‌ملي‌,676,2907292,33673462010,11970,11870,11500,-470,-3.93,11710,-260,-2.17,11400,11990,1399-11-13
401,دسبحان,سبحان دارو,675,1098021,23091715190,20260,20500,21260,1000,4.94,20590,330,1.63,20500,21270,1399-11-13
402,سخوز,سيمان خوزستان,669,3737471,88469226840,23990,23250,23990,0,0.0,23670,-320,-1.33,23250,24200,1399-11-13
403,فولاژ,فولاد آلياژي ايران,669,1774969,27767732650,16350,16320,15560,-790,-4.83,16040,-310,-1.9,15540,16320,1399-11-13
404,فايرا,آلومينيوم‌ايران‌,669,2568826,62578856740,24680,23500,24000,-680,-2.76,24360,-320,-1.3,23500,25350,1399-11-13
405,فسپا,گروه‌صنعتي‌سپاهان‌,668,1742657,72586020480,43510,41360,41340,-2170,-4.99,41650,-1860,-4.27,41340,43000,1399-11-13
406,ورازي,بيمه رازي,650,6321413,54440109128,9046,8594,8594,-452,-5.0,8612,-434,-4.8,8594,8855,1399-11-13
407,اتكام,شركت بيمه اتكايي امين,639,11035694,57777345064,5505,5490,5230,-275,-5.0,5235,-270,-4.9,5230,5490,1399-11-13
408,وملت,سرمايه گذاري ملت,627,7616218,31766804701,4120,4185,4202,82,1.99,4171,51,1.24,4038,4202,1399-11-13
409,كنور,توسعه معدني و صنعتي صبانور,623,1020630,46270019210,44910,42930,44280,-630,-1.4,45280,370,0.82,42930,46390,1399-11-13
410,بكاب,صنايع‌جوشكاب‌يزد,619,150969,68642584920,478610,454680,454680,-23930,-5.0,454680,-23930,-5.0,454680,454680,1399-11-13
411,طلا,صندوق س.پشتوانه طلاي لوتوس,617,484804,37744868249,78059,77900,77800,-259,-0.33,77856,-203,-0.26,77400,78499,1399-11-13
412,غدشت,دشت‌ مرغاب‌,613,223102,63150547260,297640,282760,282760,-14880,-5.0,283060,-14580,-4.9,282760,290000,1399-11-13
413,سايرا,ايرانيت‌,608,562178,25527079353,44685,45578,45578,893,2.0,45407,722,1.62,43792,45578,1399-11-13
414,گشان,توسعه بين المللي پديده شانديز,607,391218,17403332730,46338,44485,44485,-1853,-4.0,45118,-1220,-2.63,44485,44485,1399-11-13
415,كپشير,پشم‌شيشه‌ايران‌,607,1917180,58970298870,30040,31300,31540,1500,4.99,30760,720,2.4,28540,31540,1399-11-13
416,سبهان,سيمان‌ بهبهان‌,606,295525,42647212750,137440,144310,144310,6870,5.0,142670,5230,3.81,144310,144310,1399-11-13
417,قثابت,قند ثابت‌ خراسان‌,599,1295067,83428216140,61360,64420,64420,3060,4.99,64420,3060,4.99,64420,64420,1399-11-13
418,وگستر,گسترش سرمايه گذاري ايرانيان,596,1933592,40135457282,21446,21090,20490,-956,-4.46,20879,-567,-2.64,20374,21870,1399-11-13
419,داروح,ح . كارخانجات‌داروپخش,594,1378692,43581851850,31800,30720,31010,-790,-2.48,31610,-190,-0.6,30010,32800,1399-11-13
420,قمرو,قند مرودشت‌,593,901582,25015862830,27370,28000,27750,380,1.39,27550,180,0.66,27000,28300,1399-11-13
421,غمينو,شركت صنايع غذايي مينو شرق,589,2061004,28266511927,14413,14000,13693,-720,-5.0,13967,-446,-3.09,13693,14200,1399-11-13
422,دامين,داروسازي‌ امين‌,589,2033898,30596459200,15400,15160,15000,-400,-2.6,15180,-220,-1.43,14800,15310,1399-11-13
423,سهگمت,سيمان‌هگمتان‌,588,1153680,27215718400,24470,24250,23550,-920,-3.76,23990,-480,-1.96,23250,24790,1399-11-13
424,وآرين,شركت توسعه اقتصادي آرين,578,3311909,15317262584,4760,4640,4618,-142,-2.98,4652,-108,-2.27,4618,4758,1399-11-13
425,آساس,صندوق س.آسمان آرماني سهام-س,576,416735,68564615674,172345,168300,162300,-10045,-5.83,164528,-7817,-4.54,162000,171000,1399-11-13
426,كمينا,شيشه سازي مينا,575,1941005,55751255361,27761,27003,29149,1388,5.0,28723,962,3.47,27003,29149,1399-11-13
427,سبزوا,سيمان لار سبزوار,572,5856262,24326912348,4372,4154,4154,-218,-4.99,4253,-119,-2.72,4154,4154,1399-11-13
428,دلر,داروسازي‌ اكسير,571,1401348,49477168820,36880,37600,35400,-1480,-4.01,35310,-1570,-4.26,35040,37600,1399-11-13
429,دابور,داروسازي‌ ابوريحان‌,567,549193,21306578800,38670,40200,38330,-340,-0.88,38720,50,0.13,37120,40200,1399-11-13
430,وتوكا,سرمايه‌گذاري‌توكافولاد(هلدينگ,565,4396597,47523844180,11270,11000,10710,-560,-4.97,10810,-460,-4.08,10710,11270,1399-11-13
431,نيرو,نيرو سرمايه,564,899636,58113767136,66416,68000,64424,-1992,-3.0,64597,-1819,-2.74,64424,68000,1399-11-13
432,پخش,پخش البرز,564,1135537,37256927601,31348,32840,32915,1567,5.0,32321,973,3.1,31650,32915,1399-11-13
433,سجام,مجتمع سيمان غرب آسيا,556,7578676,45355106100,5811,5985,5985,174,2.99,5985,174,2.99,5890,5985,1399-11-13
434,وسنا,سرمايه گذاري نيروگاهي ايران,552,2758169,46402562221,17198,16430,17199,1,0.01,16824,-374,-2.17,16342,18050,1399-11-13
435,شگل,گلتاش‌,550,1478424,38987803280,26860,26120,26670,-190,-0.71,26460,-400,-1.49,25540,27160,1399-11-13
436,وصندوق,سرمايه‌گذاري‌صندوق‌بازنشستگي‌,541,4709694,64173068360,13820,13750,13330,-490,-3.55,13720,-100,-0.72,13150,13990,1399-11-13
437,اعتلا,شركت سرمايه گذاري اعتلاء البرز,538,2991501,23962584289,8220,8226,7970,-250,-3.04,8116,-104,-1.27,7812,8226,1399-11-13
438,سهرمز,سيمان‌هرمزگان‌,536,1505234,39409779950,25760,25760,26490,730,2.83,26070,310,1.2,25180,26570,1399-11-13
439,بخاور,بيمه زندگي خاورميانه,535,3927672,27556942243,7227,7050,7089,-138,-1.91,7110,-117,-1.62,6920,7134,1399-11-13
440,ولتجار,واسپاري تجارت وسرمايه ايرانيان,532,3178590,26576384528,8516,8288,8400,-116,-1.36,8361,-155,-1.82,8262,8520,1399-11-13
441,ولصنم,ليزينگ‌صنعت‌ومعدن‌,529,3049805,36758453680,12670,12060,12040,-630,-4.97,12190,-480,-3.79,12040,12540,1399-11-13
442,قزوين,كارخانجات‌ قند قزوين‌,524,708668,24790610930,35150,34000,36000,850,2.42,35070,-80,-0.23,33550,36300,1399-11-13
443,بساما,بيمه سامان,523,1510992,34376902193,23862,23799,22669,-1193,-5.0,23107,-755,-3.16,22669,23799,1399-11-13
444,دتماد,توليدمواداوليه‌داروپخش‌,522,1029976,51945041080,52730,51120,50290,-2440,-4.63,50430,-2300,-4.36,50100,52690,1399-11-13
445,وبهمن,سرمايه‌گذاري‌بهمن‌,516,3157433,58336950960,19420,18450,18450,-970,-4.99,18480,-940,-4.84,18450,18800,1399-11-13
446,بپاس,بيمه پاسارگاد,509,571497,52785177411,97224,92363,92363,-4861,-5.0,94448,-2776,-2.86,92363,92363,1399-11-13
447,غشصفا,شيرپاستوريزه‌پگاه‌اصفهان‌,496,1643471,45868465980,26780,26800,28110,1330,4.97,27850,1070,4.0,26140,28110,1399-11-13
448,خپويش,سازه‌ پويش‌,496,723631,33158467230,44020,43000,46220,2200,5.0,45250,1230,2.79,43000,46220,1399-11-13
449,خلنت,لنت‌ ترمزايران‌,494,257624,28776147990,117300,111990,111440,-5860,-5.0,113730,-3570,-3.04,111440,114300,1399-11-13
450,ضسپا1102,اختيارخ خساپا-2000-1399/11/26,489,21819,5841670000,294,290,214,-80,-27.21,268,-26,-8.84,211,339,1399-11-13
451,سباقر,سيمان باقران,489,3065518,47841017302,15426,14970,15888,462,2.99,15606,180,1.17,14964,15888,1399-11-13
452,كاريس,صندوق س.سپهر كاريزما-س,487,3621144,39890873422,11332,11255,10765,-567,-5.0,11016,-316,-2.79,10765,11510,1399-11-13
453,شفا,سرمايه گذاري شفادارو,485,1075591,47270855890,45880,46050,43590,-2290,-4.99,44080,-1800,-3.92,43590,46050,1399-11-13
454,كفپارس,فرآورده‌هاي‌ نسوز پارس‌,485,5413062,21751932530,4220,4030,4010,-210,-4.98,4130,-90,-2.13,4010,4130,1399-11-13
455,شاوان,پالايش نفت لاوان,484,538857,46129250373,89562,86000,85084,-4478,-5.0,85800,-3762,-4.2,85084,88000,1399-11-13
456,مبين,مبين انرژي خليج فارس,482,2012515,27301185970,13890,14000,13500,-390,-2.81,13810,-80,-0.58,13210,14020,1399-11-13
457,صايند,صندوق س. گنجينه آينده روشن-د,479,17234010,171804158450,9923,9925,9940,17,0.17,9969,46,0.46,9907,9985,1399-11-13
458,درازك,دارويي‌ رازك‌,474,846922,33021210840,38440,38090,38100,-340,-0.88,38790,350,0.91,36890,40000,1399-11-13
459,شجم,صنايع پتروشيمي تخت جمشيد,473,4625714,55076605082,12269,11901,11901,-368,-3.0,11907,-362,-2.95,11901,12200,1399-11-13
460,پارس,پتروشيمي پارس,470,414264,54083579500,132390,129750,128440,-3950,-2.98,131400,-990,-0.75,128110,135000,1399-11-13
461,تايرا,تراكتورسازي‌ايران‌,469,1921761,54171048940,29390,28510,27930,-1460,-4.97,28190,-1200,-4.08,27930,29800,1399-11-13
462,كساوه,صنايع‌ كاشي‌ و سراميك‌ سينا,463,1063574,82682444650,81790,77710,77710,-4080,-4.99,77740,-4050,-4.95,77710,79570,1399-11-13
463,كلوند,كاشي‌ الوند,459,817344,37033856640,43160,45310,45310,2150,4.98,44540,1380,3.2,45310,45310,1399-11-13
464,خكاوه,سايپا ديزل,453,6368600,29975550821,4850,4715,4705,-145,-2.99,4707,-143,-2.95,4705,4716,1399-11-13
465,شپاس,نفت پاسارگاد,451,1653774,37221431003,23064,22030,22610,-454,-1.97,22639,-425,-1.84,22030,23498,1399-11-13
466,غپينو,پارس‌ مينو,448,4421962,31705467540,7540,7170,7170,-370,-4.91,7280,-260,-3.45,7170,7170,1399-11-13
467,سخواف,سيمان مجد خواف,442,2041735,41404344065,20906,20279,20279,-627,-3.0,20279,-627,-3.0,20279,20279,1399-11-13
468,جم پيلن,پلي پروپيلن جم - جم پيلن,437,596128,41930961630,71990,68900,69810,-2180,-3.03,70760,-1230,-1.71,68900,71990,1399-11-13
469,كرماشا,صنايع پتروشيمي كرمانشاه,437,689323,25831776650,37680,36700,36990,-690,-1.83,37580,-100,-0.27,36000,38500,1399-11-13
470,سفار,سيمان‌فارس‌,435,478291,67544255020,148650,141220,141220,-7430,-5.0,141220,-7430,-5.0,141220,141220,1399-11-13
471,ياقوت,صندوق س ياقوت آگاه-ثابت,434,7705864,91042462180,11811,11825,11809,-2,-0.02,11815,4,0.03,11807,11827,1399-11-13
472,كاذر,فرآورده‌هاي‌نسوزآذر,434,883825,34257057000,40790,38760,38760,-2030,-4.98,39400,-1390,-3.41,38760,38760,1399-11-13
473,شخارك,پتروشيمي‌ خارك‌,434,719503,31010895670,43490,43980,42870,-620,-1.43,43370,-120,-0.28,42010,44960,1399-11-13
474,آينده,بازرگاني آينده سازان بهشت پارس,433,984161,25509453120,26721,25920,25920,-801,-3.0,25920,-801,-3.0,25920,25920,1399-11-13
475,ثجوان,تامين مسكن جوانان,429,4784936,59808103755,12182,11890,12547,365,3.0,12499,317,2.6,11890,12547,1399-11-13
476,خودكفا,اقتصادي و خودكفايي آزادگان,427,1777379,53340921169,30939,30011,30011,-928,-3.0,30011,-928,-3.0,30011,30011,1399-11-13
477,دالبر,البرزدارو,426,1314129,27660766560,20070,20480,21070,1000,4.98,20570,500,2.49,20480,21070,1399-11-13
478,پارسيان,بيمه پارسيان,425,4019272,44682707710,11650,11310,11070,-580,-4.98,11150,-500,-4.29,11070,11400,1399-11-13
479,ساينا,صنايع بهداشتي ساينا,422,91270,15101875352,172625,164002,167950,-4675,-2.71,170352,-2273,-1.32,164000,172453,1399-11-13
480,شبصير,توليدات پتروشيمي قائد بصير,421,308130,29241680707,97900,98000,93700,-4200,-4.29,96085,-1815,-1.85,93501,98000,1399-11-13
481,كرازي,كارخانجات‌توليدي‌شيشه‌رازي‌,421,697664,17197417600,25940,24650,24650,-1290,-4.97,25440,-500,-1.93,24650,24650,1399-11-13
482,ثامان,سامان‌ گستراصفهان‌,418,1451492,37695247240,24740,25970,25970,1230,4.97,25570,830,3.35,25970,25970,1399-11-13
483,وهنر,گروه توسعه هنر ايران,417,5229582,42051068862,7807,8041,8041,234,3.0,8041,234,3.0,8041,8041,1399-11-13
484,سيلام,سيمان‌ ايلام‌,417,3816246,35289715720,8820,8970,9260,440,4.99,9090,270,3.06,8950,9260,1399-11-13
485,شنفت,نفت‌ پارس‌,406,702471,37578794580,54450,54000,52510,-1940,-3.56,53780,-670,-1.23,52370,55400,1399-11-13
486,شصفها,پتروشيمي‌ اصفهان‌,405,327678,40464952492,121195,123618,123618,2423,2.0,123490,2295,1.89,122154,123618,1399-11-13
487,شراز,پالايش نفت شيراز,404,157034,15300544666,99747,95310,98010,-1737,-1.74,99023,-724,-0.73,95310,101880,1399-11-13
488,ميهن,بيمه ميهن,399,4497427,21238740242,4967,4720,4719,-248,-4.99,4852,-115,-2.32,4719,4822,1399-11-13
489,كخاك,صنايع‌خاك‌چيني‌ايران‌,396,998029,45890417410,48220,47440,46630,-1590,-3.3,46070,-2150,-4.46,45810,47440,1399-11-13
490,ضخود2007,اختيارخ خودرو-3000-1400/02/08,395,13900,3923579000,297,298,270,-27,-9.09,282,-15,-5.05,258,317,1399-11-13
491,سكه0012پ01,سكه تمام بهارتحويلي 1روزه رفاه,392,126100,137782787900,1097891,1085001,1095000,-2891,-0.26,1092647,-5244,-0.48,1085001,1100000,1399-11-13
492,وتعاون,بيمه  تعاون,389,2572450,18359108170,7351,7131,7131,-220,-2.99,7158,-193,-2.63,7131,7350,1399-11-13
493,فخاس,فولاد خراسان,388,653216,16719457030,26390,25230,25420,-970,-3.68,26250,-140,-0.53,25230,26480,1399-11-13
494,آتيمس,صندوق س.آرمان آتيه درخشان مس-س,384,218289,40268969877,190093,185000,180100,-9993,-5.26,184475,-5618,-2.96,179450,187999,1399-11-13
495,كساپا,سايپاشيشه‌,379,1326139,55843713290,40110,42110,42110,2000,4.99,42110,2000,4.99,42110,42110,1399-11-13
496,شساخت,مهندسي و ساختمان صنايع نفت,374,1469696,61318093465,40603,41820,41821,1218,3.0,41722,1119,2.76,41000,41821,1399-11-13
497,غويتا,ويتانا,372,966020,20402342400,22231,21120,21120,-1111,-5.0,21748,-483,-2.17,21120,21120,1399-11-13
498,حخزر,كشتيراني درياي خزر,360,847007,20933016401,24422,23950,24590,168,0.69,24544,122,0.5,23560,25643,1399-11-13
499,تسه9909,امتياز تسهيلات مسكن آذر99,359,3698,1945765960,501315,526380,526380,25065,5.0,526167,24852,4.96,512000,526380,1399-11-13
500,تسه9908,امتياز تسهيلات مسكن آبان99,359,5844,3143407880,514205,512001,539915,25710,5.0,537886,23681,4.61,504850,539915,1399-11-13
501,سمگا,گروه سرمايه گذاري ميراث فرهنگي,349,4125752,113297275672,28906,27461,27461,-1445,-5.0,27461,-1445,-5.0,27461,27461,1399-11-13
502,ساراب,سيمان‌ داراب‌,347,1575824,24078590720,14560,15280,15280,720,4.95,14880,320,2.2,15280,15280,1399-11-13
503,اطلس,صندوق س.توسعه اندوخته آينده-س,347,102694,20690856133,203050,200100,201497,-1553,-0.76,201481,-1569,-0.77,199000,204000,1399-11-13
504,پكرمان,گروه‌ صنعتي‌ بارز,346,631965,17162107840,27950,27040,27030,-920,-3.29,27680,-270,-0.97,26600,27950,1399-11-13
505,تاصيكو,سرمايه گذاري صدرتامين,343,8453937,92570610150,10430,10950,10950,520,4.99,10790,360,3.45,10950,10950,1399-11-13
506,عيار,صندوق س. پشتوانه طلاي مفيد,341,356604,9732057154,27423,27423,27300,-123,-0.45,27291,-132,-0.48,27003,27500,1399-11-13
507,وزمين,بانك ايران زمين,341,2135215,31101385808,14713,15007,14419,-294,-2.0,14566,-147,-1.0,14419,15007,1399-11-13
508,دجابر,داروسازي‌ جابرابن‌حيان‌,338,441442,9276559290,21010,21440,20480,-530,-2.52,21010,0,0.0,20250,21500,1399-11-13
509,بفجر,فجر انرژي خليج فارس,334,581410,14386802590,25160,24570,24620,-540,-2.15,25070,-90,-0.36,24050,25600,1399-11-13
510,سكارون,سيمان كارون,324,162472,30595576729,193845,188030,188030,-5815,-3.0,188313,-5532,-2.85,188030,193000,1399-11-13
511,تكنو,تكنوتار,324,2699464,70132074720,24750,25980,25980,1230,4.97,25980,1230,4.97,25980,25980,1399-11-13
512,شيراز,پتروشيمي‌شيراز,319,1077160,60146474800,57130,54610,55000,-2130,-3.73,56360,-770,-1.35,54610,57800,1399-11-13
513,دارا,صندوق س. دارا الگوريتم-د,319,9647074,96944814799,10052,10061,10050,-2,-0.02,10049,-3,-0.03,10030,10064,1399-11-13
514,كفرا,فراورده‌ هاي‌ نسوزايران‌,315,311510,14596811870,49180,46750,46730,-2450,-4.98,48420,-760,-1.55,46730,48000,1399-11-13
515,شسينا,صنايع‌شيميايي‌سينا,314,162856,22895925040,147980,140590,140590,-7390,-4.99,144190,-3790,-2.56,140590,140590,1399-11-13
516,دلرح,ح . داروسازي‌ اكسير,314,804433,23290374770,29820,31000,28500,-1320,-4.43,28950,-870,-2.92,28000,31000,1399-11-13
517,پسهند,صنايع‌ لاستيكي‌  سهند,314,1456735,54029764340,35480,35490,37250,1770,4.99,37090,1610,4.54,35000,37250,1399-11-13
518,ثالوند,سرمايه گذاري مسكن الوند,313,2409131,63960018919,25285,26549,26549,1264,5.0,26549,1264,5.0,26549,26549,1399-11-13
519,تكشا,گسترش‌صنايع‌وخدمات‌كشاورزي‌,302,383918,20447472680,56060,53260,53260,-2800,-4.99,54740,-1320,-2.35,53260,53260,1399-11-13
520,وليز,ليزينگ‌ايران‌,301,4450497,32177093310,6890,7230,7230,340,4.93,7090,200,2.9,7230,7230,1399-11-13
521,فنوال,نورد آلومينيوم‌,300,1878880,49414544000,25050,26300,26300,1250,4.99,26150,1100,4.39,26300,26300,1399-11-13
522,وآفري,بيمه كارآفرين,299,1556027,30817676830,19243,19520,19820,577,3.0,19805,562,2.92,19520,19820,1399-11-13
523,ضخود2006,اختيارخ خودرو-2500-1400/02/08,298,9496,4501140000,509,520,460,-49,-9.63,474,-35,-6.88,423,529,1399-11-13
524,بشهاب,لامپ‌  پارس‌ شهاب‌,295,347808,41719569600,114240,119950,119950,5710,5.0,118360,4120,3.61,119950,119950,1399-11-13
525,شفارا,پتروشيمي فارابي,294,3420550,14841195920,4537,4321,4311,-226,-4.98,4376,-161,-3.55,4311,4490,1399-11-13
526,بسويچ,پارس‌سويچ‌,293,420896,22561350620,56420,53600,53600,-2820,-5.0,55100,-1320,-2.34,53600,54530,1399-11-13
527,كفرآور,فرآورده هاي سيمان شرق,292,1446460,33177689650,21889,22983,22983,1094,5.0,22937,1048,4.79,22315,22983,1399-11-13
528,آكورد,صندوق س. آرمان آتي كوثر-د,289,5740387,175346695562,30531,30548,30544,13,0.04,30546,15,0.05,30544,30550,1399-11-13
529,خراسان,پتروشيمي خراسان,288,356849,23856877350,68430,66040,66200,-2230,-3.26,67700,-730,-1.07,65500,70500,1399-11-13
530,بمپنا,توليد برق عسلويه  مپنا,288,157396,12040364436,78242,79958,75205,-3037,-3.88,77818,-424,-0.54,74330,79958,1399-11-13
531,قشكر,شكرشاهرود,285,5657279,24382872490,4110,4310,4310,200,4.87,4200,90,2.19,4310,4310,1399-11-13
532,زر,صندوق س.پشتوانه سكه طلاي زر,279,308262,14327190935,46749,46200,46499,-250,-0.53,46477,-272,-0.58,45900,46890,1399-11-13
533,هجرتح,ح . پخش هجرت,270,311142,6872756970,22972,22900,22000,-972,-4.23,22089,-883,-3.84,21824,23440,1399-11-13
534,قصفها,قنداصفهان‌,269,189438,31374721560,157740,165620,165620,7880,5.0,162040,4300,2.73,165620,165620,1399-11-13
535,پلاسك,پلاسكوكار,266,2552133,22816069020,9410,8940,8940,-470,-4.99,9180,-230,-2.44,8940,8940,1399-11-13
536,پدرخش,درخشان‌ تهران‌,263,183223,23080601310,132600,125970,125970,-6630,-5.0,129490,-3110,-2.35,125970,125970,1399-11-13
537,دفرا,فرآورده‌هاي‌ تزريقي‌ ايران‌,262,499613,13596551700,27930,27730,27820,-110,-0.39,27730,-200,-0.72,26540,28000,1399-11-13
538,كاسپين,داروسازي كاسپين تامين,261,355426,8731913573,25729,24444,24847,-882,-3.43,25511,-218,-0.85,24443,25430,1399-11-13
539,حپارسا,توسعه حمل و نقل ريلي پارسيان,258,836714,30347616780,34543,36270,36270,1727,5.0,35511,968,2.8,36270,36270,1399-11-13
540,آساميد,صندوق س.مشترك آسمان اميد -د,256,10988498,126345276774,11499,11505,11492,-7,-0.06,11498,-1,-0.01,11492,11505,1399-11-13
541,ثشرق,سرمايه گذاري مسكن شمال شرق,253,2738657,15284949710,5850,5590,5560,-290,-4.96,5760,-90,-1.54,5560,5770,1399-11-13
542,بميلا,توسعه بازرگاني آهن وفولادميلاد,253,2107691,51221106682,23145,24302,24302,1157,5.0,24302,1157,5.0,24302,24302,1399-11-13
543,درهآور,دارويي ره آورد تامين,244,950628,41789606880,41867,43960,43960,2093,5.0,43452,1585,3.79,43960,43960,1399-11-13
544,فبيرا,بسته‌ بندي‌ ايران‌,237,6210858,20110758204,3144,3238,3238,94,2.99,3238,94,2.99,3238,3238,1399-11-13
545,ثاژن,سخت آژند,232,4847358,46517854131,9229,9598,9598,369,4.0,9597,368,3.99,9359,9598,1399-11-13
546,ضسپا1103,اختيارخ خساپا-2500-1399/11/26,224,12062,835571000,90,54,58,-32,-35.56,69,-21,-23.33,54,100,1399-11-13
547,نتوس,پشم‌ بافي‌ توس,215,976964,21135639176,20604,21634,21634,1030,5.0,21616,1012,4.91,21634,21634,1399-11-13
548,شاملا,معدني‌ املاح‌  ايران‌,202,213252,11294438450,55570,52910,52800,-2770,-4.98,54920,-650,-1.17,52800,54600,1399-11-13
549,زپارس,ملي كشت و صنعت و دامپروري پارس,193,391321,53998384790,131420,137990,137990,6570,5.0,137630,6210,4.73,137990,137990,1399-11-13
550,مارون,پتروشيمي مارون,192,49557,7376250006,152942,151111,147440,-5502,-3.6,152630,-312,-0.2,147440,151910,1399-11-13
551,سمتاز,سيمان ممتازان كرمان,190,282131,5323921990,19425,18843,18843,-582,-3.0,19273,-152,-0.78,18843,19100,1399-11-13
552,خكار,ايركا پارت صنعت,189,628073,12567740730,21060,20010,20010,-1050,-4.99,20760,-300,-1.42,20010,20010,1399-11-13
553,تصميم,صندوق س با درآمد ثابت تصميم,188,1936349,30100710230,15544,15544,15550,6,0.04,15545,1,0.01,15539,15657,1399-11-13
554,دقاضي,داروسازي شهيد قاضي,181,115472,5407223194,46888,46670,46000,-888,-1.89,46871,-17,-0.04,45482,47981,1399-11-13
555,ضشنا2003,اختيارخ شپنا-14000-1400/02/27,178,9031,10106616000,1200,1200,1100,-100,-8.33,1119,-81,-6.75,1001,1253,1399-11-13
556,وحكمت,بيمه حكمت صبا,174,2758297,12130990206,4534,4398,4398,-136,-3.0,4445,-89,-1.96,4398,4398,1399-11-13
557,بنيرو,نيروترانس‌,172,426839,7247726220,17870,16980,16980,-890,-4.98,17720,-150,-0.84,16980,16980,1399-11-13
558,غمهرا,توليدي‌مهرام‌,163,120235,12224292450,96830,101670,101670,4840,5.0,97870,1040,1.07,101670,101670,1399-11-13
559,اخزا909,اسنادخزانه-م9بودجه99-020316,161,669368,433731362389,638064,638600,646325,8261,1.29,647971,9907,1.55,638600,650000,1399-11-13
560,لابسا,آبسال‌,158,290225,15918841250,57730,54850,54850,-2880,-4.99,56760,-970,-1.68,54850,54850,1399-11-13
561,اتكاي,بيمه اتكايي ايرانيان,157,1038249,15125345005,15334,14569,14568,-766,-5.0,15086,-248,-1.62,14568,14631,1399-11-13
562,تسه9712,امتياز تسهيلات مسكن اسفند97,156,2033,1082372910,512398,502000,538017,25619,5.0,532402,20004,3.9,502000,538017,1399-11-13
563,ضپاس2002,اختيارخ وپارس-3000-1400/02/29,156,5011,2880714000,600,570,530,-70,-11.67,575,-25,-4.17,530,634,1399-11-13
564,كيان2,صندوق س. با درآمد ثابت كيان,155,15500000,15500000,26984,1,1,-26983,-100.0,1,-26983,-100.0,1,1,1399-11-13
565,سپر,صندوق س سپر سرمايه بيدار- ثابت,154,1683635,19098727322,11294,11285,11390,96,0.85,11344,50,0.44,11285,11400,1399-11-13
566,تسه9907,امتياز تسهيلات مسكن مهر99,153,1545,838579336,521542,495470,547619,26077,5.0,542770,21228,4.07,495470,547619,1399-11-13
567,تسه9711,امتياز تسهيلات مسكن بهمن 97,151,2154,1091153309,486624,495000,510955,24331,5.0,506571,19947,4.1,465010,510955,1399-11-13
568,غپآذر,شير پگاه آذربايجان شرقي,149,125578,7725935294,64761,61523,61523,-3238,-5.0,64198,-563,-0.87,61523,61523,1399-11-13
569,حتوكا,حمل‌ونقل‌توكا,147,152565,4898862150,33790,32110,32110,-1680,-4.97,33610,-180,-0.53,32110,32110,1399-11-13
570,لخانه,لوازم‌ خانگي‌ پارس‌,143,307907,9008127192,27863,29256,29256,1393,5.0,28445,582,2.09,29256,29256,1399-11-13
571,كسرام,پارس‌ سرام‌,136,371787,3836841840,10860,10320,10320,-540,-4.97,10810,-50,-0.46,10320,10320,1399-11-13
572,گوهر,صندوق سكه طلاي كيان,135,453667,24494350064,54323,54100,53800,-523,-0.96,53992,-331,-0.61,53100,54500,1399-11-13
573,تسه9902,امتياز تسهيلات مسكن ارديبهشت99,134,1945,1041268465,515870,500100,541663,25793,5.0,535357,19487,3.78,500100,541663,1399-11-13
574,تسه9904,امتياز تسهيلات مسكن تير99,134,1828,994385109,520635,510030,546666,26031,5.0,543974,23339,4.48,494613,546666,1399-11-13
575,خموتور,موتورسازان‌تراكتورسازي‌ايران‌,133,1248045,23525648250,19840,18850,18850,-990,-4.99,19300,-540,-2.72,18850,18850,1399-11-13
576,سپاس,صندوق س. پاداش سهامداري توسعه1,132,4002748,40643670835,10148,10156,10154,6,0.06,10154,6,0.06,10150,10156,1399-11-13
577,تسه9810,امتياز تسهيلات مسكن دي98,130,1912,1005142303,505170,495021,530428,25258,5.0,525702,20532,4.06,495021,530428,1399-11-13
578,پلاست,كارخانجات توليدي پلاستيران,129,129974,9449369748,70585,72702,72702,2117,3.0,71501,916,1.3,72702,72702,1399-11-13
579,تسه9906,امتياز تسهيلات مسكن شهريور99,128,1521,809528840,508194,492222,533603,25409,5.0,532235,24041,4.73,492222,533603,1399-11-13
580,تابا,تابان نيرو سپاهان,127,232806,13019209938,54295,55923,55923,1628,3.0,55294,999,1.84,55923,55923,1399-11-13
581,دروز,داروسازي‌ روزدارو,126,626403,15866787990,24130,25330,25330,1200,4.97,24480,350,1.45,25330,25330,1399-11-13
582,وآتوس,س.آرين توسكا قيمت اسمي 350ريال,124,151435,6983377590,47427,46100,46005,-1422,-3.0,46959,-468,-0.99,46005,47930,1399-11-13
583,چكاوه,صنايع‌كاغذسازي‌كاوه‌,121,420068,5990169680,13590,14260,14260,670,4.93,13670,80,0.59,14260,14260,1399-11-13
584,افق ملت,صندوق س در سهام افق ملت,120,42610,5312081110,127280,128000,123600,-3680,-2.89,124670,-2610,-2.05,123500,128000,1399-11-13
585,تسه9801,امتياز تسهيلات مسكن فروردين98,118,1089,584742589,515693,505500,541477,25784,5.0,536954,21261,4.12,505500,541477,1399-11-13
586,فيروزا,صندوق بادرآمد ثابت فيروزه آسيا,118,1649272,36471644672,22110,22140,22180,70,0.32,22114,4,0.02,22032,22198,1399-11-13
587,فنفت,صنايع تجهيزات نفت,118,790389,22217834790,26772,28110,28110,1338,5.0,28110,1338,5.0,28110,28110,1399-11-13
588,تسه9905,امتياز تسهيلات مسكن مرداد99,116,1736,912652010,505892,495010,531186,25294,5.0,525721,19829,3.92,495010,531186,1399-11-13
589,ولراز,ليزينگ رازي,115,143782,8854526906,59790,61583,61583,1793,3.0,60514,724,1.21,61583,61583,1399-11-13
590,ضجار2003,اختيارخ وتجارت-3000-1400/02/22,114,5040,2946251000,592,599,534,-58,-9.8,585,-7,-1.18,523,650,1399-11-13
591,شكف,كف,112,186787,15849250524,86583,84852,84852,-1731,-2.0,84852,-1731,-2.0,84852,84852,1399-11-13
592,تپولا,مهندسي مرآت پولاد,111,338226,13136697840,37709,38840,38840,1131,3.0,38425,716,1.9,38840,38840,1399-11-13
593,غپونه,نوش پونه مشهد,111,411103,8210142327,20582,20200,19965,-617,-3.0,20315,-267,-1.3,19965,20200,1399-11-13
594,كهرام,توليدي گرانيت بهسرام,109,136099,11913834262,84989,87538,87538,2549,3.0,86463,1474,1.73,87538,87538,1399-11-13
595,زعف0008پ10,زعفران0008نگين طلاي سرخ(پ),109,109080,13840196381,127239,128000,127869,630,0.5,126881,-358,-0.28,126010,128050,1399-11-13
596,فجام,جام‌دارو,108,574583,6222733890,11390,10830,10830,-560,-4.92,11310,-80,-0.7,10830,10830,1399-11-13
597,گپارس,امور رفاهي كارگزاران پارس,108,23779,4784429916,195344,201204,201204,5860,3.0,196659,1315,0.67,201204,201204,1399-11-13
598,ضسپا1104,اختيارخ خساپا-3000-1399/11/26,107,6346,24930000,7,5,3,-4,-57.14,4,-3,-42.86,2,7,1399-11-13
599,تسه9903,امتياز تسهيلات مسكن خرداد99,105,909,485810939,511048,488000,536600,25552,5.0,534445,23397,4.58,488000,536600,1399-11-13
600,تسه9803,امتياز تسهيلات مسكن خرداد98,98,638,346946452,523461,515000,549634,26173,5.0,543803,20342,3.89,515000,549634,1399-11-13
601,ثقزوي,شركت عمران و سازندگي قزوين,97,123638,4106017980,34237,33210,33210,-1027,-3.0,34005,-232,-0.68,33210,33210,1399-11-13
602,لكما,كارخانجات‌مخابراتي‌ايران‌,97,372204,2765847924,7660,7431,7431,-229,-2.99,7626,-34,-0.44,7431,7431,1399-11-13
603,اخزا903,اسنادخزانه-م3بودجه99-011110,97,186783,129669680291,691308,690022,697790,6482,0.94,694226,2918,0.42,690021,697790,1399-11-13
604,ضسپا1101,اختيارخ خساپا-1800-1399/11/26,96,4579,1886567000,481,500,380,-101,-21.0,412,-69,-14.35,360,500,1399-11-13
605,شتوكا,توكا رنگ فولاد سپاهان,96,86602,4924969138,59862,56869,56869,-2993,-5.0,59530,-332,-0.55,56869,56869,1399-11-13
606,ارمغان,ص سرمايه گذاري ارمغان ايرانيان,94,1524454,15504729438,10166,10171,10171,5,0.05,10171,5,0.05,10167,10171,1399-11-13
607,سكه9912پ04,سكه تمام بهارتحويل1روزه صادرات,94,42000,45922611600,1097329,1089989,1094000,-3329,-0.3,1093395,-3934,-0.36,1087010,1099800,1399-11-13
608,كدما,معدني‌ دماوند,92,9184,2303990080,264070,250870,250870,-13200,-5.0,263420,-650,-0.25,250870,250870,1399-11-13
609,قپيرا,فرآورده‌هاي‌غدايي‌وقندپيرانشهر,90,56392,5869279360,109550,104080,104080,-5470,-4.99,108850,-700,-0.64,104080,104080,1399-11-13
610,تسه9802,امتياز تسهيلات مسكن ارديبهشت98,89,880,479745315,522843,510015,548985,26142,5.0,545165,22322,4.27,510015,548985,1399-11-13
611,ثزاگرس,سرمايه گذاري توسعه عمران زاگرس,89,353966,19805105632,53288,55952,55952,2664,5.0,55800,2512,4.71,55952,55952,1399-11-13
612,گكيش,توريستي ورفاهي آبادگران كيش,87,181532,16462410952,86368,90686,90686,4318,5.0,89573,3205,3.71,90686,90686,1399-11-13
613,بذر,صندوق س بذر اميد آفرين-سهام,85,42291,4226012050,100110,99920,98250,-1860,-1.86,99930,-180,-0.18,97600,101980,1399-11-13
614,كقزوي,شيشه‌ قزوين‌,85,202115,2028830370,10566,10038,10038,-528,-5.0,10508,-58,-0.55,10038,10038,1399-11-13
615,دسبحاح,ح .گروه دارويي سبحان,80,2162009,36766875000,17000,18700,17000,0,0.0,17010,10,0.06,17000,18700,1399-11-13
616,وكادو,تكادو,80,231983,5836228314,25936,25158,25158,-778,-3.0,25702,-234,-0.9,25158,25158,1399-11-13
617,شرنگي,شيميايي رنگين,74,53672,9093432272,161359,169426,169426,8067,5.0,164785,3426,2.12,169426,169426,1399-11-13
618,افران,صندوق س افرا نماد پايدار-ثابت,74,994283,12510188218,12576,12578,12585,9,0.07,12582,6,0.05,12578,12596,1399-11-13
619,حبندر,دريايي و کشتيراني خط دريابندر,72,138436,4637744436,34537,33501,33501,-1036,-3.0,34287,-250,-0.72,33501,33501,1399-11-13
620,فنرژي,گسترش صنايع انرژي آذرآب,71,781806,14054526462,17625,17977,17977,352,2.0,17977,352,2.0,17977,17977,1399-11-13
621,گدنا,تهيه توزيع غذاي دنا آفرين فدك,70,29648,909600640,32294,30680,30680,-1614,-5.0,32262,-32,-0.1,30680,30680,1399-11-13
622,الماس,صندوق س.امين تدبيرگران فردا-س,69,36985,4130621602,115113,112500,111000,-4113,-3.57,111684,-3429,-2.98,109000,115988,1399-11-13
623,ثنظام,س. ساختماني نظام مهندسي ايران,68,182857,8736358889,50291,47777,47777,-2514,-5.0,49125,-1166,-2.32,47777,47777,1399-11-13
624,غويتاح,ح . ويتانا,67,198175,3050705950,16204,15394,15394,-810,-5.0,15394,-810,-5.0,15394,15394,1399-11-13
625,اخزا902,اسنادخزانه-م2بودجه99-011019,66,158207,111030553982,699415,697518,707000,7585,1.08,701806,2391,0.34,697518,707000,1399-11-13
626,اخزا815,اسنادخزانه-م15بودجه98-010406,66,140492,109304046898,778764,777201,779000,236,0.03,778009,-755,-0.1,777000,782400,1399-11-13
627,ضغدر1119,اختيارخ وغدير-10000-1399/11/26,65,252,456771000,1907,1730,1654,-253,-13.27,1813,-94,-4.93,1551,2200,1399-11-13
628,غبهار,كشت وصنعت بهاران گلبهار خراسان,64,59030,2246858890,39240,38063,38063,-1177,-3.0,39097,-143,-0.36,38063,38063,1399-11-13
629,سكه0011پ02,سكه تمام بهارتحويلي 1روزه ملت,63,10400,11366254600,1096961,1092009,1095000,-1961,-0.18,1092909,-4052,-0.37,1087032,1100000,1399-11-13
630,اخزا908,اسنادخزانه-م8بودجه99-020606,60,166255,103022869095,612125,611007,620000,7875,1.29,619668,7543,1.23,611006,625988,1399-11-13
631,زنجان,صنايع كشاورزي وكود زنجان,59,475254,4592854656,9962,9664,9664,-298,-2.99,9890,-72,-0.72,9664,9664,1399-11-13
632,تسه9811,امتياز تسهيلات مسكن بهمن98,59,381,200072958,501695,481522,526779,25084,5.0,525126,23431,4.67,481522,526779,1399-11-13
633,تسه9901,امتياز تسهيلات مسكن فروردين99,59,432,228202902,506801,490008,532141,25340,5.0,528247,21446,4.23,490008,532141,1399-11-13
634,نمرينو,ايران‌ مرينوس‌,58,113778,6452350380,54010,56710,56710,2700,5.0,54340,330,0.61,56710,56710,1399-11-13
635,ضترا1117,اختيارخ شتران-10000-1399/11/14,57,1739,34444000,50,98,5,-45,-90.0,20,-30,-60.0,2,300,1399-11-13
636,زعف0008پ16,زعفران0008نگين بيرجند(پ),57,70164,8670114850,123611,124000,124000,389,0.31,123569,-42,-0.03,123200,124200,1399-11-13
637,ثروتم,صندوق س. ثروت آفرين پارسيان-س,57,87010,7194693600,83548,82000,81000,-2548,-3.05,82688,-860,-1.03,80660,83210,1399-11-13
638,دمعيار,صندوق س. توازن معيار-د,56,1280604,12901284777,10070,10075,10067,-3,-0.03,10074,4,0.04,10066,10075,1399-11-13
639,داراب,پتروشيمي داراب,55,597156,1416454032,2496,2372,2372,-124,-4.97,2487,-9,-0.36,2372,2372,1399-11-13
640,ضشنا2001,اختيارخ شپنا-10000-1400/02/27,55,537,1779599000,3364,3590,3150,-214,-6.36,3314,-50,-1.49,3000,3690,1399-11-13
641,زعف0008پ11,زعفران0008نگين سحرخيز(پ),54,76050,9509327915,125055,126000,125005,-50,-0.04,125040,-15,-0.01,124949,126000,1399-11-13
642,تسه9812,امتياز تسهيلات مسكن اسفند98,53,301,159769778,510123,485001,535629,25506,5.0,530797,20674,4.05,485001,535629,1399-11-13
643,ضخود2005,اختيارخ خودرو-2000-1400/02/08,51,939,773102000,891,885,798,-93,-10.44,823,-68,-7.63,787,911,1399-11-13
644,مهان01,اجاره مهرآيندگان لوتوس0311,50,5000000,5000000000000,1000000,1000000,1000000,0,0.0,1000000,0,0.0,1000000,1000000,1399-11-13
645,جهرم,پتروشيمي جهرم,49,483622,978367306,2085,2023,2023,-62,-2.97,2082,-3,-0.14,2023,2023,1399-11-13
646,ضشنا2002,اختيارخ شپنا-12000-1400/02/27,49,1900,3995859000,2418,2151,2120,-298,-12.32,2103,-315,-13.03,1950,2151,1399-11-13
647,تسه9808,امتياز تسهيلات مسكن آبان98,49,458,244019355,510166,485101,535674,25508,5.0,532793,22627,4.44,485101,535674,1399-11-13
648,خاتم,صندوق س خاتم ايساتيس پويا-ثابت,49,1019805,10687689506,10475,10480,10484,9,0.09,10480,5,0.05,10478,10484,1399-11-13
649,سكه0112پ03,سكه تمام بهارتحويلي1روزه سامان,47,18000,19651289600,1096244,1098999,1096000,-244,-0.02,1091738,-4506,-0.41,1088000,1100000,1399-11-13
650,پارتا,مجتمع‌صنعتي‌آرتاويل‌تاير,45,288154,18974940900,67886,65850,65850,-2036,-3.0,66666,-1220,-1.8,65850,65850,1399-11-13
651,اخزا808,اسنادخزانه-م8بودجه98-000817,45,29328,25598776086,870616,868001,874950,4334,0.5,872844,2228,0.26,868000,874950,1399-11-13
652,اخزا901,اسنادخزانه-م1بودجه99-010621,45,41170,30648991116,742621,743000,748978,6357,0.86,744450,1829,0.25,742600,748989,1399-11-13
653,دقاضيح,ح . داروسازي شهيد قاضي,43,53953,1945757590,37139,36040,36025,-1114,-3.0,36064,-1075,-2.89,36025,37000,1399-11-13
654,اراد72,مرابحه عام دولت72-ش.خ0311,42,8000000,8000000000000,1000000,1000000,1000000,0,0.0,1000000,0,0.0,1000000,1000000,1399-11-13
655,صنوين,صندوق سرمايه‌گذاري صنوين-مختلط,42,17583,1768965630,101890,100600,100630,-1260,-1.24,100610,-1280,-1.26,100600,101000,1399-11-13
656,تسه9809,امتياز تسهيلات مسكن آذر98,42,393,205864985,505939,491001,531235,25296,5.0,523829,17890,3.54,491001,531235,1399-11-13
657,اخزا904,اسنادخزانه-م4بودجه99-011215,41,73499,50033377712,694630,684444,694480,-150,-0.02,680735,-13895,-2.0,670600,694630,1399-11-13
658,سمايه,بانك سرمايه,41,114248,816187712,7364,7144,7144,-220,-2.99,7355,-9,-0.12,7144,7144,1399-11-13
659,ضسپا1100,اختيارخ خساپا-1600-1399/11/26,39,1520,940244000,654,670,565,-89,-13.61,619,-35,-5.35,555,700,1399-11-13
660,ضسپا1105,اختيارخ خساپا-3500-1399/11/26,39,2100,2100000,2,1,1,-1,-50.0,1,-1,-50.0,1,1,1399-11-13
661,كارين,صندوق س نگين سامان-ثابت,36,1093493,11016215641,10070,10070,10090,20,0.2,10074,4,0.04,10068,10090,1399-11-13
662,ثنام,س ساختماني ب نام آوران مهندسي,34,71566,1181840924,17024,16514,16514,-510,-3.0,16991,-33,-0.19,16514,16514,1399-11-13
663,ضجار2002,اختيارخ وتجارت-2500-1400/02/22,33,547,428028000,879,950,800,-79,-8.99,783,-96,-10.92,691,950,1399-11-13
664,زعف0008پ05,زعفران0008نگين زرين(پ),33,30728,3814820952,124049,124600,124100,51,0.04,124148,99,0.08,123900,124990,1399-11-13
665,ضفلا1155,اختيارخ فولاد-14000-1399/11/28,32,1123,119225000,126,160,82,-44,-34.92,106,-20,-15.87,82,160,1399-11-13
666,پلوله,گازلوله‌,32,109551,1984078161,18480,18111,18111,-369,-2.0,18330,-150,-0.81,18111,18111,1399-11-13
667,فسديد,لوله‌وتجهيزات‌ سديد - ورشكسته,32,49208,5701780168,114724,115871,115871,1147,1.0,115871,1147,1.0,115871,115871,1399-11-13
668,اخزا821,اسنادخزانه-م21بودجه98-020906,32,8615,5155362936,600553,600553,600553,0,0.0,598417,-2136,-0.36,596000,600553,1399-11-13
669,ضجار2000,اختيارخ وتجارت-1800-1400/02/22,32,1114,1622335000,1567,1700,1450,-117,-7.47,1456,-111,-7.08,1200,1740,1399-11-13
670,ضفلا1154,اختيارخ فولاد-12000-1399/11/28,31,424,199070000,591,401,421,-170,-28.76,470,-121,-20.47,401,700,1399-11-13
671,تسه9805,امتياز تسهيلات مسكن مرداد98,29,223,121396266,532523,505897,559149,26626,5.0,544378,11855,2.23,505897,559149,1399-11-13
672,فسا,پتروشيمي فسا,29,452928,844710720,1922,1865,1865,-57,-2.97,1919,-3,-0.16,1865,1865,1399-11-13
673,سفاسي,شركت فارسيت اهواز,29,41218,602236198,15062,14611,14611,-451,-2.99,15048,-14,-0.09,14611,14611,1399-11-13
674,آسام,صندوق س.آرمان سپهر آشنا-م,29,9350,974199510,105218,105899,103890,-1328,-1.26,104192,-1026,-0.98,102500,105900,1399-11-13
675,اخزا809,اسنادخزانه-م9بودجه98-000923,28,55465,47694372782,857498,857498,860000,2502,0.29,859900,2402,0.28,857498,860000,1399-11-13
676,ضخود2008,اختيارخ خودرو-3500-1400/02/08,28,1038,175439000,175,170,170,-5,-2.86,169,-6,-3.43,150,181,1399-11-13
677,ضفلا1153,اختيارخ فولاد-10000-1399/11/28,27,301,579154000,2233,2100,1650,-583,-26.11,1924,-309,-13.84,1650,2150,1399-11-13
678,تسه9806,امتياز تسهيلات مسكن شهريور98,26,369,192570217,505887,500000,531181,25294,5.0,521870,15983,3.16,500000,531181,1399-11-13
679,سدشت,صنايع سيمان دشتستان,25,46306,2110627480,43410,45580,45580,2170,5.0,43500,90,0.21,45580,45580,1399-11-13
680,ضصاد3004,اختيارخ وبصادر-3500-1400/03/12,25,892,149838000,141,102,163,22,15.6,168,27,19.15,102,200,1399-11-13
681,حاريا,كشتيراني آريا,25,119962,3832426014,32935,31947,31947,-988,-3.0,32727,-208,-0.63,31947,31947,1399-11-13
682,اخزا907,اسنادخزانه-م7بودجه99-020704,24,42540,26069759422,603626,606499,612560,8934,1.48,612829,9203,1.52,606499,616490,1399-11-13
683,اخزا814,اسنادخزانه-م14بودجه98-010318,24,76670,60376055856,786803,784999,788000,1197,0.15,787480,677,0.09,784526,789000,1399-11-13
684,مهان02,اجاره مهرآيندگان اميد0311,24,2000000,2000000000000,1000000,1000000,1000000,0,0.0,1000000,0,0.0,1000000,1000000,1399-11-13
685,قلرست,قند لرستان‌,23,113599,3654479830,33860,32170,32170,-1690,-4.99,33730,-130,-0.38,32170,32170,1399-11-13
686,اخزا817,اسنادخزانه-م17بودجه98-010512,22,34734,26767314609,767544,765995,766007,-1537,-0.2,770637,3093,0.4,765995,772998,1399-11-13
687,لخانهح,ح.لوازم‌ خانگي‌ پارس‌,22,26056,646058520,25561,24795,24795,-766,-3.0,24795,-766,-3.0,24795,24795,1399-11-13
688,اخزا820,اسنادخزانه-م20بودجه98-020806,22,7397,4472107142,602690,603999,606998,4308,0.71,604584,1894,0.31,601005,606999,1399-11-13
689,ضشنا2000,اختيارخ شپنا-9000-1400/02/27,22,114,463708000,4404,3500,3800,-604,-13.71,4068,-336,-7.63,3500,4500,1399-11-13
690,ثاصفا,شركت‌ ساختمان‌ اصفهان‌,21,26299,705786263,27667,26837,26837,-830,-3.0,27636,-31,-0.11,26837,26837,1399-11-13
691,تسه9804,امتياز تسهيلات مسكن تير98,21,326,168941305,509168,510022,534626,25458,5.0,518225,9057,1.78,484000,534626,1399-11-13
692,آكورد2,صندوق س. آرمان آتي كوثر-د,20,2000000,2000000,30531,1,1,-30530,-100.0,1,-30530,-100.0,1,1,1399-11-13
693,ضغدر1120,اختيارخ وغدير-12000-1399/11/26,20,246,123080000,349,750,440,91,26.07,500,151,43.27,400,750,1399-11-13
694,هترول911,اختيارف ت پترول-14730-99/11/15,20,214354,888282976,3956,4144,4144,188,4.75,4144,188,4.75,4144,4144,1399-11-13
695,زعف0008پ08,زعفران0008نگين روستا(پ),20,17425,2162489900,124095,124500,124050,-45,-0.04,124103,8,0.01,124000,124700,1399-11-13
696,ضملت1126,اختيارخ وبملت-4500-1399/11/28,20,687,125570000,167,200,130,-37,-22.16,183,16,9.58,130,200,1399-11-13
697,ضفلا1156,اختيارخ فولاد-16000-1399/11/28,20,712,5728000,26,20,7,-19,-73.08,8,-18,-69.23,7,20,1399-11-13
698,اخزا816,اسنادخزانه-م16بودجه98-010503,19,22554,17355685596,767515,765002,770000,2485,0.32,769517,2002,0.26,765002,770000,1399-11-13
699,تسه9807,امتياز تسهيلات مسكن مهر98,19,67,36723705,522015,548115,548115,26100,5.0,548115,26100,5.0,548115,548115,1399-11-13
700,ضخود2013,اختيارخ خودرو-7000-1400/02/08,19,768,14656000,22,17,22,0,0.0,19,-3,-13.64,17,23,1399-11-13
701,گنجين,صندوق س. گنجينه يكم آويد-د,19,220435,2677267049,12135,12137,12148,13,0.11,12145,10,0.08,12137,12150,1399-11-13
702,اوصتا,صندوق انديشه ورزان صباتامين -د,18,76402,1361569366,17818,17830,17823,5,0.03,17821,3,0.02,17818,17830,1399-11-13
703,زعف0008پ20,زعفران0008نگين وحدت جام(پ),18,12793,1576898160,123264,124000,123260,-4,0.0,123263,-1,0.0,123200,124000,1399-11-13
704,اخزا818,اسنادخزانه-م18بودجه98-010614,18,10479,7924417197,756893,753800,755001,-1892,-0.25,756219,-674,-0.09,753800,757999,1399-11-13
705,تشتاد,صنايع توليدي اشتاد ايران‌,18,142453,2326115037,16834,16329,16329,-505,-3.0,16773,-61,-0.36,16329,16329,1399-11-13
706,وسكرد,شركت س استان كردستان,18,2030545,1522908750,780,750,750,-30,-3.85,780,0,0.0,750,750,1399-11-13
707,صايند2,صندوق س. گنجينه آينده روشن-د,18,12600007,12600007,9923,1,1,-9922,-99.99,1,-9922,-99.99,1,1,1399-11-13
708,اخزا812,اسنادخزانه-م12بودجه98-001111,17,37381,31396714834,838091,836500,840000,1909,0.23,839911,1820,0.22,836500,840000,1399-11-13
709,ضملت1125,اختيارخ وبملت-4000-1399/11/28,16,690,231650000,473,400,256,-217,-45.88,336,-137,-28.96,256,400,1399-11-13
710,اخزا905,اسنادخزانه-م5بودجه99-020218,15,89226,58792847522,649699,652000,661900,12201,1.88,658921,9222,1.42,652000,661900,1399-11-13
711,ضپاس2003,اختيارخ وپارس-3500-1400/02/29,15,776,268670000,335,400,305,-30,-8.96,346,11,3.28,300,400,1399-11-13
712,اخزا811,اسنادخزانه-م11بودجه98-001013,15,6175,5251952875,848196,850000,850507,2311,0.27,850519,2323,0.27,849202,851700,1399-11-13
713,ضترا1127,اختيارخ شتران-8000-1399/11/14,15,150,161250000,1300,1112,999,-301,-23.15,1075,-225,-17.31,734,1112,1399-11-13
714,ضپيك2010,اختيارخ تاپيكو-12000-00/02/19,14,183,472973000,2409,3000,2400,-9,-0.37,2585,176,7.31,2250,3000,1399-11-13
715,ضملت1128,اختيارخ وبملت-6000-1399/11/28,13,719,1119000,6,2,1,-5,-83.33,2,-4,-66.67,1,2,1399-11-13
716,زعف0008پ09,زعفران0008نگين نوين(پ),13,14600,1805944130,123698,123650,124000,302,0.24,123695,-3,0.0,123611,124000,1399-11-13
717,سخند,صندوق س.سپهرخبرگان نفت-د,13,65560,665222480,10136,10138,10138,2,0.02,10147,11,0.11,10138,10150,1399-11-13
718,تاپكيشح,ح.تجارت الكترونيك پارسيان كيش,12,17786,351865400,19302,20000,19700,398,2.06,19783,481,2.49,19700,20000,1399-11-13
719,ضپيك2008,اختيارخ تاپيكو-9000-00/02/19,11,110,548566000,4500,5100,4250,-250,-5.56,4987,487,10.82,4144,5299,1399-11-13
720,ضخود2009,اختيارخ خودرو-4000-1400/02/08,11,251,30034000,146,122,120,-26,-17.81,120,-26,-17.81,111,125,1399-11-13
721,اخزا806,اسنادخزانه-م6بودجه98-000519,11,16510,15046997515,909185,910000,910526,1341,0.15,911387,2202,0.24,907007,913000,1399-11-13
722,اخزا718,اسنادخزانه-م18بودجه97-000525,11,252,230700695,904551,905000,915450,10899,1.2,915479,10928,1.21,905000,916000,1399-11-13
723,شستا991,اجاره تامين اجتماعي-امين991226,11,25163,25163129333,980875,989000,1000000,19125,1.95,1000005,19130,1.95,989000,1000600,1399-11-13
724,هفارس912,اختيارف ت فارس-14576-99/12/13,10,27305,121780300,4523,4460,4460,-63,-1.39,4460,-63,-1.39,4460,4460,1399-11-13
725,عيار2,صندوق س. پشتوانه طلاي مفيد,10,100000,100000,27423,1,1,-27422,-100.0,1,-27422,-100.0,1,1,1399-11-13
726,وآرينح,ح. شركت توسعه اقتصادي آرين,10,693891,2428618500,3622,3500,3500,-122,-3.37,3500,-122,-3.37,3500,3500,1399-11-13
727,تملي806,تسهيلات مسكن ب. ملي-شهريور98,10,199,132349328,633402,665072,665072,31670,5.0,665072,31670,5.0,665072,665072,1399-11-13
728,ضگل1143,اختيارخ كگل-18000-1399/11/21,9,409,211200000,600,600,260,-340,-56.67,516,-84,-14.0,260,601,1399-11-13
729,ضمخا2001,اختيارخ اخابر-10000-1400/02/29,9,631,1426420000,2800,2200,2303,-497,-17.75,2261,-539,-19.25,2200,2303,1399-11-13
730,ضخوز2012,اختيارخ فخوز-10000-1400/02/15,8,66,326319000,4999,5300,4601,-398,-7.96,4944,-55,-1.1,4601,5300,1399-11-13
731,اخزا906,اسنادخزانه-م6بودجه99-020321,8,44042,30911007000,696221,690000,710000,13779,1.98,701853,5632,0.81,690000,710000,1399-11-13
732,خبازرس,بازرسي مهندسي و صنعتي ايران,8,12586,315115682,24308,25037,25037,729,3.0,24319,11,0.05,25037,25037,1399-11-13
733,ضفلا1157,اختيارخ فولاد-18000-1399/11/28,8,502,603000,2,1,2,0,0.0,1,-1,-50.0,1,2,1399-11-13
734,اخزا721,اسنادخزانه-م21بودجه97-000728,7,7851,6918623959,879559,878000,882000,2441,0.28,881241,1682,0.19,878000,882000,1399-11-13
735,اخزا804,اسنادخزانه-م4بودجه98-000421,7,4225,3893467609,924008,919000,925200,1192,0.13,921531,-2477,-0.27,919000,925200,1399-11-13
736,كرونا2,تامين مالي جمعي صرفا اهداي سود,7,531,5310000,10000,10000,10000,0,0.0,10000,0,0.0,10000,10000,1399-11-13
737,داريك,صندوق س.اعتماد داريك-د,7,8556,89294640,10439,10440,10440,1,0.01,10436,-3,-0.03,10415,10440,1399-11-13
738,ضصاد3002,اختيارخ وبصادر-2500-1400/03/12,6,206,123978000,690,622,580,-110,-15.94,602,-88,-12.75,580,650,1399-11-13
739,شسم,توليد سموم‌ علف‌ كش,6,3401,310630335,87823,91335,91335,3512,4.0,87928,105,0.12,91335,91335,1399-11-13
740,ضملت1130,اختيارخ وبملت-8000-1399/11/28,6,444,444000,1,1,1,0,0.0,1,0,0.0,1,1,1399-11-13
741,ضترا1126,اختيارخ شتران-7000-1399/11/14,6,206,408390000,1976,2000,2300,324,16.4,1982,6,0.3,1813,2300,1399-11-13
742,زير0003پ01,زيره سبز0003كيميابذر(پ),6,76,37485621,482490,480000,505631,23141,4.8,493232,10742,2.23,480000,505631,1399-11-13
743,ضملت1127,اختيارخ وبملت-5000-1399/11/28,6,87,1014000,80,10,15,-65,-81.25,12,-68,-85.0,10,15,1399-11-13
744,ضپاس2001,اختيارخ وپارس-2500-1400/02/29,6,64,54248000,968,901,815,-153,-15.81,848,-120,-12.4,815,901,1399-11-13
745,شستا003,اجاره تامين اجتماعي-سپهر000523,5,50,49500050,999993,990001,990001,-9992,-1.0,990001,-9992,-1.0,990001,990001,1399-11-13
746,اخزا807,اسنادخزانه-م7بودجه98-000719,5,5702,5043095448,883980,881101,885000,1020,0.12,884443,463,0.05,881101,885000,1399-11-13
747,ضفلا1151,اختيارخ فولاد-8000-1399/11/28,5,60,205508000,3662,4000,3400,-262,-7.15,3425,-237,-6.47,3400,4000,1399-11-13
748,دحاوي,الحاوي,5,20119,241347524,12367,11996,11996,-371,-3.0,12362,-5,-0.04,11996,11996,1399-11-13
749,زعف0008پ18,زعفران0008نگين بهرامن(پ),5,4100,510480900,124470,124600,124599,129,0.1,124508,38,0.03,124400,124600,1399-11-13
750,رطب0002پ01,رطب مضافتي0002افشارتعاون بم(پ),5,130,26641145,213780,209900,210000,-3780,-1.77,204932,-8848,-4.14,203091,210000,1399-11-13
751,ضصاد3001,اختيارخ وبصادر-2000-1400/03/12,5,115,115610000,1058,1000,1040,-18,-1.7,1005,-53,-5.01,1000,1050,1399-11-13
752,تملي708,تسهيلات مسكن ب. ملي-آبان97,5,49,29991913,625483,656757,594209,-31274,-5.0,612080,-13403,-2.14,594209,656757,1399-11-13
753,اخزا813,اسنادخزانه-م13بودجه98-010219,5,7736,6158401625,797762,794000,799000,1238,0.16,796070,-1692,-0.21,794000,799000,1399-11-13
754,ضپار1118,اختيارخ خپارس-8000-1399/11/19,4,46,460000,11,10,10,-1,-9.09,10,-1,-9.09,10,10,1399-11-13
755,اطلس2,صندوق س.توسعه اندوخته آينده-س,4,40000,40000,203050,1,1,-203049,-100.0,1,-203049,-100.0,1,1,1399-11-13
756,ضملي3001,اختيارخ فملي-9000-1400/03/02,4,12,36000000,4050,3000,3000,-1050,-25.93,3000,-1050,-25.93,3000,3000,1399-11-13
757,ضمخا7067,اختيارخ اخابر-14000-1400/07/28,4,33,115470000,6666,3500,3500,-3166,-47.49,3499,-3167,-47.51,3490,3500,1399-11-13
758,وسگيلا,شركت س استان گيلان,4,143860,113649400,830,790,790,-40,-4.82,830,0,0.0,790,790,1399-11-13
759,اخزا713,اسنادخزانه-م13بودجه97-000518,4,1810,1647310550,907554,908110,912111,4557,0.5,910116,2562,0.28,908110,912111,1399-11-13
760,ياقوت2,صندوق س ياقوت آگاه-ثابت,4,1506166,1506166,11811,1,1,-11810,-99.99,1,-11810,-99.99,1,1,1399-11-13
761,زعف0008پ19,زعفران0008نگين تروند قاينات(پ),4,1750,218848000,123542,125000,125476,1934,1.57,125056,1514,1.23,124000,125476,1399-11-13
762,اخزا722,اسنادخزانه-م22بودجه97-000428,4,4068,3742630000,919933,921000,920000,67,0.01,920017,84,0.01,919000,921000,1399-11-13
763,وسيستا,شركت س استان سيستان وبلوچستان,4,46218,35125680,790,760,760,-30,-3.8,790,0,0.0,760,760,1399-11-13
764,ضبدر1159,اختيارخ شبندر-16000-1399/11/19,4,15,86200000,7000,7000,5500,-1500,-21.43,5747,-1253,-17.9,5500,7000,1399-11-13
765,ضملي3003,اختيارخ فملي-12000-1400/03/02,3,24,32040000,1799,1402,1000,-799,-44.41,1335,-464,-25.79,1000,1402,1399-11-13
766,كشم0001پ01,كشمش سبز0001خليل آباد(پ),3,43,30245758,709994,674496,709994,0,0.0,703390,-6604,-0.93,674496,709994,1399-11-13
767,ضجار2001,اختيارخ وتجارت-2000-1400/02/22,3,24,30100000,1200,1190,1300,100,8.33,1254,54,4.5,1190,1300,1399-11-13
768,كابگن,توليدي و صنعتي آبگينه‌,3,14033,71891059,5073,5123,5123,50,0.99,5074,1,0.02,5123,5123,1399-11-13
769,ضترا1128,اختيارخ شتران-9000-1399/11/14,3,32,13122000,800,411,410,-390,-48.75,410,-390,-48.75,410,411,1399-11-13
770,ضمخا2000,اختيارخ اخابر-9000-1400/02/29,3,51,153690000,2995,3690,3000,5,0.17,3014,19,0.63,3000,3690,1399-11-13
771,سرو2,صندوق س سروسودمند مدبران-سهام,3,2100000,2100000,71320,1,1,-71319,-100.0,1,-71319,-100.0,1,1,1399-11-13
772,اخزا805,اسنادخزانه-م5بودجه98-000422,3,15097,13949628000,918271,924000,924000,5729,0.62,924000,5729,0.62,924000,924000,1399-11-13
773,تملي703,تسهيلات مسكن ب. ملي-خرداد97,3,9,5491242,642250,610138,610138,-32112,-5.0,610138,-32112,-5.0,610138,610138,1399-11-13
774,ضملي3004,اختيارخ فملي-14000-1400/03/02,3,16,8270000,690,555,499,-191,-27.68,517,-173,-25.07,499,555,1399-11-13
775,وساشرقي,شركت س استان آذربايجان شرقي,3,15855,15062250,990,950,950,-40,-4.04,990,0,0.0,950,950,1399-11-13
776,اخزا810,اسنادخزانه-م10بودجه98-001006,3,6147,5244660338,850385,853000,854000,3615,0.43,853206,2821,0.33,848534,854000,1399-11-13
777,ضبدر1149,اختيارخ شبندر-28000-1399/11/19,2,18,44000,40,3,1,-39,-97.5,2,-38,-95.0,1,3,1399-11-13
778,آگاس2,صندوق س.هستي بخش آگاه-س,2,200000,200000,68985,1,1,-68984,-100.0,1,-68984,-100.0,1,1,1399-11-13
779,ضخود2012,اختيارخ خودرو-6000-1400/02/08,2,15,670000,51,44,45,-6,-11.76,45,-6,-11.76,44,45,1399-11-13
780,تملي807,تسهيلات مسكن ب. ملي-مهر98,2,145,135043954,978225,965992,929314,-48911,-5.0,931338,-46887,-4.79,929314,965992,1399-11-13
781,اراد60,مرابحه عام دولتي6-ش.خ0210,2,108000,100083600000,926340,926700,926700,360,0.04,926700,360,0.04,926700,926700,1399-11-13
782,وسقم,شركت س استان قم,2,9089,12179260,1410,1340,1340,-70,-4.96,1410,0,0.0,1340,1340,1399-11-13
783,ضسپا3003,اختيارخ خساپا-2000-1400/03/26,2,11,7150000,775,650,650,-125,-16.13,650,-125,-16.13,650,650,1399-11-13
784,وسلرستا,شركت س استان لرستان,2,18000,15480000,900,860,860,-40,-4.44,900,0,0.0,860,860,1399-11-13
785,وسكرشا,س.سهام عدالت استان كرمانشاه,2,5000,6000000,1260,1200,1200,-60,-4.76,1260,0,0.0,1200,1200,1399-11-13
786,اراد214,مرابحه عام دولت2ش.خ صادرات0212,2,56806000,53508957050000,1000000,942175,941738,-58262,-5.83,941960,-58040,-5.8,941738,942175,1399-11-13
787,ضبدر1151,اختيارخ شبندر-36000-1399/11/19,2,67,67000,1100,1,1,-1099,-99.91,1,-1099,-99.91,1,1,1399-11-13
788,اخزا720,اسنادخزانه-م20بودجه97-000324,2,265,247291500,933002,933100,933300,298,0.03,933175,173,0.02,933100,933300,1399-11-13
789,ضمخا7070,اختيارخ اخابر-20000-1400/07/28,2,12,21600000,1746,1800,1800,54,3.09,1800,54,3.09,1800,1800,1399-11-13
790,تملي802,تسهيلات مسكن ب. ملي-ارديبهشت98,2,18,18565938,1085727,1031441,1031441,-54286,-5.0,1031441,-54286,-5.0,1031441,1031441,1399-11-13
791,ضخود2011,اختيارخ خودرو-5000-1400/02/08,2,200,14000000,78,70,70,-8,-10.26,70,-8,-10.26,70,70,1399-11-13
792,ضپار1115,اختيارخ خپارس-5000-1399/11/19,2,45,42675000,1198,890,995,-203,-16.94,948,-250,-20.87,890,995,1399-11-13
793,ضغدر1121,اختيارخ وغدير-14000-1399/11/26,2,70,15000000,271,225,200,-71,-26.2,214,-57,-21.03,200,225,1399-11-13
794,تملي709,تسهيلات مسكن ب. ملي-آذر97,2,8,6145672,808641,768209,768209,-40432,-5.0,768209,-40432,-5.0,768209,768209,1399-11-13
795,شستا993,اجاره ت.اجتماعي-كاردان991226,2,28,27910027,985302,990003,1000000,14698,1.49,996787,11485,1.17,990003,1000000,1399-11-13
796,اشاد10,مشاركت دولتي10-شرايط خاص001226,2,10000,9555000100,955409,955501,955500,91,0.01,955500,91,0.01,955500,955501,1399-11-13
797,نگين,ص.س. زمين و ساختمان نگين شهرري,2,867,41212610,47540,47540,47530,-10,-0.02,47530,-10,-0.02,47530,47540,1399-11-13
798,زير0003پ02,زيره سبز0003 دانش(پ),2,35,16800035,482490,480001,480001,-2489,-0.52,480001,-2489,-0.52,480001,480001,1399-11-13
799,ضصاد3003,اختيارخ وبصادر-3000-1400/03/12,2,160,54800000,417,350,330,-87,-20.86,342,-75,-17.99,330,350,1399-11-13
800,شستا994,اجاره تامين اجتماعي-نوين991226,2,35,34475430,990721,985013,985012,-5709,-0.58,985012,-5709,-0.58,985012,985013,1399-11-13
801,اراد454,مرابحه عام دولت4-ش.خ 0107,2,4210000,4021907725000,960000,955668,954977,-5023,-0.52,955322,-4678,-0.49,954977,955668,1399-11-13
802,ضبدر1150,اختيارخ شبندر-32000-1399/11/19,2,10,50000,10,5,5,-5,-50.0,5,-5,-50.0,5,5,1399-11-13
803,زعف0008پ12,زعفران0008پوشالمعمول سحرخيز(پ),2,100,8200000,83884,82000,82000,-1884,-2.25,82000,-1884,-2.25,82000,82000,1399-11-13
804,ضپار1116,اختيارخ خپارس-6000-1399/11/19,2,2,300000,200,150,150,-50,-25.0,150,-50,-25.0,150,150,1399-11-13
805,زير0003پ04,زيره سبز0003شركت مينوبذر(پ),2,25,11875012,475001,475001,475000,-1,0.0,475000,-1,0.0,475000,475001,1399-11-13
806,ضپار1126,اختيارخ خپارس-4500-1399/11/19,2,6,5346000,1596,1596,750,-846,-53.01,891,-705,-44.17,750,1596,1399-11-13
807,ضجار2005,اختيارخ وتجارت-4000-1400/02/22,1,5,755000,243,151,151,-92,-37.86,151,-92,-37.86,151,151,1399-11-13
808,وسمركز,شركت س استان مركزي,1,5000,6650000,1400,1330,1330,-70,-5.0,1400,0,0.0,1330,1330,1399-11-13
809,اراد22,مرابحه عام دولت2-ش.خ لوتوس0212,1,3000,3000000000,985000,1000000,1000000,15000,1.52,1000000,15000,1.52,1000000,1000000,1399-11-13
810,ضپار1119,اختيارخ خپارس-9000-1399/11/19,1,10,10000,900,1,1,-899,-99.89,1,-899,-99.89,1,1,1399-11-13
811,تملي711,تسهيلات مسكن ب. ملي-بهمن97,1,8,6373392,838604,796674,796674,-41930,-5.0,796674,-41930,-5.0,796674,796674,1399-11-13
812,انرژي2,فعالان بورس انرژي,1,15,5120250,341350,341350,341350,0,0.0,341350,0,0.0,341350,341350,1399-11-13
813,اخزا819,اسنادخزانه-م19بودجه98-020322,1,1000,724357000,717185,724357,724357,7172,1.0,724357,7172,1.0,724357,724357,1399-11-13
814,تملي706,تسهيلات مسكن ب. ملي-شهريور97,1,8,5260584,692182,657573,657573,-34609,-5.0,657573,-34609,-5.0,657573,657573,1399-11-13
815,ضترا3001,اختيارخ شتران-7000-1400/03/09,1,5,13000000,2300,2600,2600,300,13.04,2600,300,13.04,2600,2600,1399-11-13
816,زعف0008پ15,زعفران0008پوشالمعمول طلاسرخ(پ),1,100,8350000,85862,83500,83500,-2362,-2.75,83500,-2362,-2.75,83500,83500,1399-11-13
817,تملي710,تسهيلات مسكن ب. ملي-دي97,1,8,5726680,753510,715835,715835,-37675,-5.0,715835,-37675,-5.0,715835,715835,1399-11-13
818,تملي803,تسهيلات مسكن ب. ملي-خرداد98,1,8,5250488,690853,656311,656311,-34542,-5.0,656311,-34542,-5.0,656311,656311,1399-11-13
819,پست0008پ02,پسته فندقي32-30طلاسبززرند0008,1,10,12400000,1264640,1240000,1240000,-24640,-1.95,1240000,-24640,-1.95,1240000,1240000,1399-11-13
820,تملي712,تسهيلات مسكن ب. ملي-اسفند97,1,8,7923520,1042568,990440,990440,-52128,-5.0,990440,-52128,-5.0,990440,990440,1399-11-13
821,اراد474,مرابحه عام دولت4-ش.خ 0008,1,4437000,4372911972000,980000,985556,985556,5556,0.57,985556,5556,0.57,985556,985556,1399-11-13
822,شستا992,اجاره تامين اجتماعي-سپهر991226,1,10,10009990,1000000,1000999,1000999,999,0.1,1000999,999,0.1,1000999,1000999,1399-11-13
823,اشاد1,مشاركت دولتي1-شرايط خاص001026,1,100,100000000,981001,1000000,1000000,18999,1.94,1000000,18999,1.94,1000000,1000000,1399-11-13
824,خعمرا,توسعه و عمران شهرستان نائين,1,403,9084426,21886,22542,22542,656,3.0,21886,0,0.0,22542,22542,1399-11-13
825,اخزا9042,اسنادخزانه-م4بودجه99-011215,1,1950000,1307670000000,694630,670600,670600,-24030,-3.46,670600,-24030,-3.46,670600,670600,1399-11-13
826,تملي704,تسهيلات مسكن ب. ملي-تير97,1,8,11037040,1452242,1379630,1379630,-72612,-5.0,1379630,-72612,-5.0,1379630,1379630,1399-11-13
827,اخزا8202,اسنادخزانه-م20بودجه98-020806,1,140000,84630000000,602690,604500,604500,1810,0.3,604500,1810,0.3,604500,604500,1399-11-13
828,تملي804,تسهيلات مسكن ب. ملي-تير98,1,8,5251576,690996,656447,656447,-34549,-5.0,656447,-34549,-5.0,656447,656447,1399-11-13
829,شلرد02,كود شيميايي اوره لردگان,1,44,44520960,993000,1011840,1011840,18840,1.9,1011840,18840,1.9,1011840,1011840,1399-11-13
830,اخزا8162,اسنادخزانه-م16بودجه98-010503,1,1203986,925624436800,767515,768800,768800,1285,0.17,768800,1285,0.17,768800,768800,1399-11-13
831,وسخراش,شركت س استان خراسان شمالي,1,3849,5042190,1370,1310,1310,-60,-4.38,1370,0,0.0,1310,1310,1399-11-13
832,وسبوشهر,شركت س استان بوشهر,1,5000,6000000,1260,1200,1200,-60,-4.76,1260,0,0.0,1200,1200,1399-11-13
833,اراد50,مرابحه عام دولت5-ش.خ0302,1,25000,25000025000,1000000,1000001,1000001,1,0.0,1000001,1,0.0,1000001,1000001,1399-11-13
834,ضسپا3000,اختيارخ خساپا-1400-1400/03/26,1,2,2500000,1,1250,1250,1249,124900.0,1250,1249,124900.0,1250,1250,1399-11-13
835,اشاد2,مشاركت دولتي2-شرايط خاص001227,1,100,100000000,962482,1000000,1000000,37518,3.9,1000000,37518,3.9,1000000,1000000,1399-11-13
836,اشاد14,مشاركت دولتي1-شرايط خاص001026,1,149900,147268505500,981001,982445,982445,1444,0.15,982445,1444,0.15,982445,982445,1399-11-13
837,وسيلام,شركت س استان ايلام,1,10000,11800000,1240,1180,1180,-60,-4.84,1240,0,0.0,1180,1180,1399-11-13
838,كمند4,صندوق س. با درآمد ثابت كمند,1,5000,50605000,10149,10121,10121,-28,-0.28,10121,-28,-0.28,10121,10121,1399-11-13
839,صايپا012,صكوك مرابحه سايپا012-3ماهه 16%,1,20,20000020,1000001,1000001,1000001,0,0.0,1000001,0,0.0,1000001,1000001,1399-11-13
840,ونچر,ص.ج.فيروزه10%تاديه,1,1900,237520900,125909,125011,125011,-898,-0.71,125011,-898,-0.71,125011,125011,1399-11-13
841,تملي702,تسهيلات مسكن ب. ملي-ارديبهشت97,1,8,6420424,844792,802553,802553,-42239,-5.0,802553,-42239,-5.0,802553,802553,1399-11-13
842,بتك,كارخانجات كابل سازي‌ تك‌,1,100,3452500,33849,34525,34525,676,2.0,33849,0,0.0,34525,34525,1399-11-13
843,صخود412,ص مرابحه خودرو412- 3ماهه 18%,1,40,39400000,985000,985000,985000,0,0.0,985000,0,0.0,985000,985000,1399-11-13
844,غيوان,كيوان,1,358,5600552,15338,15644,15644,306,2.0,15338,0,0.0,15644,15644,1399-11-13
845,فولاد2,فولاد مباركه اصفهان,1,25000000,295000000000,12090,11800,11800,-290,-2.4,11800,-290,-2.4,11800,11800,1399-11-13
846,تملي707,تسهيلات مسكن ب. ملي-مهر97,1,8,7542000,992368,942750,942750,-49618,-5.0,942750,-49618,-5.0,942750,942750,1399-11-13
847,ثعمرا2,عمران و توسعه شاهد,1,12900000,144131700000,11026,11173,11173,147,1.33,11173,147,1.33,11173,11173,1399-11-13
848,وخاور2,بانك خاورميانه,1,5000000,53050000000,10170,10610,10610,440,4.33,10610,440,4.33,10610,10610,1399-11-13
849,تملي701,تسهيلات مسكن ب. ملي-فروردين97,1,9,5601663,655165,622407,622407,-32758,-5.0,622407,-32758,-5.0,622407,622407,1399-11-13
850,صايپا3082,صكوك مرابحه سايپا308-3ماهه 18%,1,700000,672465500000,995000,960665,960665,-34335,-3.45,960665,-34335,-3.45,960665,960665,1399-11-13
851,كمند2,صندوق س. با درآمد ثابت كمند,1,94000000,94000000,10149,1,1,-10148,-99.99,1,-10148,-99.99,1,1,1399-11-13
852,اعتماد4,صندوق س.اعتماد آفرين پارسيان-د,1,18100000,626893500000,34620,34635,34635,15,0.04,34635,15,0.04,34635,34635,1399-11-13
853,آوا2,صندوق س.سهام آواي معيار-س,1,100000,100000,8458,1,1,-8457,-99.99,1,-8457,-99.99,1,1,1399-11-13
