,نماد,نام,تعداد,حجم,ارزش,دیروز,اولین,آخرین معامله - مقدار,آخرین معامله - تغییر,آخرین معامله - درصد,قیمت پایانی - مقدار,قیمت پایانی - تغییر,قیمت پایانی - درصد,کمترین,بیشترین,تاریخ
0,دارا يكم,صندوق واسطه گري مالي يكم-سهام,54077,20279806,3812857622140,200050,200150,183920,-16130,-8.06,188010,-12040,-6.02,183010,200930,1399-8-3
1,وسپهر,سرمايه گذاري مالي سپهرصادرات,26980,73431322,929453400047,13213,13000,12553,-660,-5.0,12657,-556,-4.21,12553,13349,1399-8-3
2,گدنا,تهيه توزيع غذاي دنا آفرين فدك,21219,1203737,17911606560,14172,14880,14880,708,5.0,14414,242,1.71,14880,14880,1399-8-3
3,شاروم,پتروشيمي اروميه,21169,3361936,72937201520,20662,21695,21695,1033,5.0,21695,1033,5.0,21695,21695,1399-8-3
4,آريا,پليمر آريا ساسول,19784,6056679,966574487421,166667,168005,158334,-8333,-5.0,159588,-7079,-4.25,158334,169990,1399-8-3
5,ولپارس,ليزينگ پارسيان,15688,1162256,5392867840,4420,4640,4640,220,4.98,4440,20,0.45,4640,4640,1399-8-3
6,رافزا,رايان هم افزا,15653,91258,3087988204,32227,33838,33838,1611,5.0,32322,95,0.29,33838,33838,1399-8-3
7,خودرو,ايران‌ خودرو,15490,572628898,1810295980160,3320,3160,3160,-160,-4.82,3160,-160,-4.82,3160,3260,1399-8-3
8,انرژي3,سايراشخاص بورس انرژي,14067,2636097,1101650754610,419080,424500,401260,-17820,-4.25,417910,-1170,-0.28,399060,440030,1399-8-3
9,فولاد,فولاد مباركه اصفهان,10681,65151597,895100745920,14330,13960,13620,-710,-4.95,13740,-590,-4.12,13620,14280,1399-8-3
10,سيتا,سرمايه گذاري سيمان تامين,10258,13061470,226523008610,18160,17460,17260,-900,-4.96,17340,-820,-4.52,17260,17940,1399-8-3
11,كدما,معدني‌ دماوند,9441,4527857,832219682780,176840,176500,185680,8840,5.0,183800,6960,3.94,175000,185680,1399-8-3
12,ولساپا,ليزينگ رايان‌ سايپا,9339,179497673,696319006250,3750,3930,3930,180,4.8,3880,130,3.47,3640,3930,1399-8-3
13,فملي,ملي‌ صنايع‌ مس‌ ايران‌,9270,30119164,689808784080,23990,23260,22800,-1190,-4.96,22900,-1090,-4.54,22800,23730,1399-8-3
14,پترول,گروه پتروشيمي س. ايرانيان,8598,59888553,802053012140,14020,13490,13320,-700,-4.99,13390,-630,-4.49,13320,14090,1399-8-3
15,وتجارت,بانك تجارت,8367,352628208,1057748757930,3140,3020,2990,-150,-4.78,3000,-140,-4.46,2990,3100,1399-8-3
16,صباح,ح . سرمايه گذاري صبا تامين,7336,51289315,330641467307,6769,6750,6432,-337,-4.98,6447,-322,-4.76,6431,6760,1399-8-3
17,بگيلان,توسعه مسير برق گيلان,6589,3431798,94838799043,28900,28111,27455,-1445,-5.0,27635,-1265,-4.38,27455,28700,1399-8-3
18,وبملت,بانك ملت,6402,163472066,832705611750,5340,5200,5080,-260,-4.87,5090,-250,-4.68,5080,5200,1399-8-3
19,غگيلا,شيرپاستوريزه پگاه گيلان,5579,88404,1504017252,16203,17013,17013,810,5.0,16226,23,0.14,17013,17013,1399-8-3
20,ونوين,بانك‌اقتصادنوين‌,5449,107857499,443838621410,4180,4290,4060,-120,-2.87,4120,-60,-1.44,3980,4320,1399-8-3
21,نوين,بيمه نوين,5290,82233453,544734639187,6324,6640,6640,316,5.0,6624,300,4.74,6400,6640,1399-8-3
22,ختور,رادياتور ايران‌,4684,12143253,516271161860,40540,42560,42560,2020,4.98,42520,1980,4.88,40600,42560,1399-8-3
23,بپيوند,برق و انرژي پيوندگستر پارس,4642,3129020,65654830130,22004,21890,20904,-1100,-5.0,20983,-1021,-4.64,20904,21890,1399-8-3
24,كترام,توليدي‌ كاشي‌ تكسرام‌,4401,20138616,472369296450,22620,23750,23750,1130,5.0,23460,840,3.71,21510,23750,1399-8-3
25,ذوب,سهامي ذوب آهن  اصفهان,4350,50101271,243445191992,5089,4950,4835,-254,-4.99,4859,-230,-4.52,4835,5000,1399-8-3
26,نوري,پتروشيمي نوري,4259,3508776,573787246510,165710,167990,164000,-1710,-1.03,163530,-2180,-1.32,158000,169700,1399-8-3
27,امين,تامين سرمايه امين,4142,4791227,55245873450,12090,11530,11490,-600,-4.96,11530,-560,-4.63,11490,11930,1399-8-3
28,غزر,صنعتي زر ماكارون,4094,782445,35044886360,46940,45800,44600,-2340,-4.99,45360,-1580,-3.37,44600,45800,1399-8-3
29,وبصادر,بانك صادرات ايران,3903,105238998,389513028120,3890,3700,3700,-190,-4.88,3700,-190,-4.88,3700,3790,1399-8-3
30,فخوز,فولاد  خوزستان,3892,20352488,660338161930,33880,34400,32190,-1690,-4.99,32450,-1430,-4.22,32190,34400,1399-8-3
31,ودي,بيمه  دي,3870,25106866,581874842286,22938,24084,22590,-348,-1.52,23176,238,1.04,22240,24084,1399-8-3
32,شصدفح,ح . صنعتي دوده فام,3782,2109076,38237887491,18048,18094,18100,52,0.29,18130,82,0.45,17646,18448,1399-8-3
33,ثباغ,شهر سازي و خانه سازي باغميشه,3535,21465998,643357300050,28569,29130,29997,1428,5.0,29971,1402,4.91,29130,29997,1399-8-3
34,امين يكم,صندوق درآمد ثابت امين يكم فردا,3240,114862184,1172737426720,10390,10220,10230,-160,-1.54,10210,-180,-1.73,10190,10230,1399-8-3
35,بپاس,بيمه پاسارگاد,3203,20048151,1277059969675,63677,63677,65000,1323,2.08,63700,23,0.04,60494,65300,1399-8-3
36,مدير,ص.س.مديريت ثروت ص.بازنشستگي-س,3189,11875073,125718070837,11307,10860,10400,-907,-8.02,10587,-720,-6.37,10340,11200,1399-8-3
37,ثبهساز,بهساز كاشانه تهران,3146,24339787,82539089810,3550,3450,3380,-170,-4.79,3390,-160,-4.51,3380,3460,1399-8-3
38,شگويا,پتروشيمي تندگويان,3095,23541310,294784283820,13181,12522,12522,-659,-5.0,12522,-659,-5.0,12522,12522,1399-8-3
39,كمند,صندوق س. با درآمد ثابت كمند,3041,133845837,1354722699730,10100,10110,10120,20,0.2,10120,20,0.2,10100,10140,1399-8-3
40,وصنعت,سرمايه گذاري توسعه صنعت وتجارت,3041,21785109,174260389220,8120,8220,7780,-340,-4.19,8000,-120,-1.48,7770,8390,1399-8-3
41,پترولح,ح . گروه پتروشيمي س. ايرانيان,2980,18913609,188027223060,10980,10060,9880,-1100,-10.02,9940,-1040,-9.47,9880,10970,1399-8-3
42,دكوثر,داروسازي‌ كوثر,2776,7242118,159111937150,21050,22100,22100,1050,4.99,21970,920,4.37,21400,22100,1399-8-3
43,شپنا,پالايش نفت اصفهان,2684,23003500,378867645000,17330,16470,16470,-860,-4.96,16470,-860,-4.96,16470,16470,1399-8-3
44,وپاسار,بانك  پاسارگاد,2649,52517876,521424165100,10030,10030,9530,-500,-4.99,9930,-100,-1.0,9530,10070,1399-8-3
45,آگاس,صندوق س.هستي بخش آگاه-س,2490,4832336,305597074154,67132,65600,63000,-4132,-6.16,63240,-3892,-5.8,63000,67500,1399-8-3
46,شصدف,صنعتي دوده فام,2444,152109,3435990201,21514,22589,22589,1075,5.0,21584,70,0.33,22589,22589,1399-8-3
47,وپارس,بانك‌پارسيان‌,2401,65879600,232487153460,3680,3630,3500,-180,-4.89,3530,-150,-4.08,3500,3640,1399-8-3
48,ارزش,صندوق س ارزش آفرين بيدار-سهام,2334,13945748,139941708370,10560,10440,9900,-660,-6.25,10030,-530,-5.02,9870,10450,1399-8-3
49,وسكاب,س.ص.بازنشستگي كاركنان بانكها,2270,28604330,186568567700,6370,6680,6440,70,1.1,6520,150,2.35,6220,6680,1399-8-3
50,فروي,ذوب روي اصفهان,2188,2134209,109664293312,53601,53350,50921,-2680,-5.0,51384,-2217,-4.14,50921,54000,1399-8-3
51,وپست,پست بانك ايران,2153,18350832,197523157980,10500,11020,10320,-180,-1.71,10760,260,2.48,10200,11020,1399-8-3
52,شسينا,صنايع‌شيميايي‌سينا,2120,429247,258279695130,573920,602610,602610,28690,5.0,601700,27780,4.84,551000,602610,1399-8-3
53,اعتماد,صندوق س.اعتماد آفرين پارسيان-د,2120,63116290,2082680754100,32948,32982,32991,43,0.13,32998,50,0.15,32982,33002,1399-8-3
54,كاما,باما,2079,979844,174903169350,186100,180030,176800,-9300,-5.0,178500,-7600,-4.08,176800,186200,1399-8-3
55,خساپا,سايپا,2014,39938665,96252182650,2530,2410,2410,-120,-4.74,2430,-100,-3.95,2410,2410,1399-8-3
56,طلا,صندوق س.پشتوانه طلاي لوتوس,1974,1342665,125103273327,90734,94840,93781,3047,3.36,93175,2441,2.69,90750,94840,1399-8-3
57,كبافق,معادن‌ بافق‌,1953,2960054,103517165560,35450,36990,33680,-1770,-4.99,34970,-480,-1.35,33680,36990,1399-8-3
58,صبا,سرمايه گذاري صبا تامين,1941,6826649,61581837775,9462,9000,8989,-473,-5.0,9225,-237,-2.5,8989,9300,1399-8-3
59,كگل,معدني و صنعتي گل گهر,1920,15433562,246310418070,16750,16320,15920,-830,-4.96,15960,-790,-4.72,15920,17210,1399-8-3
60,شتران,پالايش نفت تهران,1896,12226997,168488018660,14500,13780,13780,-720,-4.97,13780,-720,-4.97,13780,13780,1399-8-3
61,چكاپا,گروه صنايع كاغذ پارس,1880,19168591,123893988500,6780,6460,6450,-330,-4.87,6460,-320,-4.72,6450,6740,1399-8-3
62,ما,بيمه  ما,1860,16851229,109313461580,6260,6570,6570,310,4.95,6490,230,3.67,6080,6570,1399-8-3
63,چكارن,كارتن‌ ايران‌,1759,12863836,48015474850,3890,3840,3700,-190,-4.88,3730,-160,-4.11,3700,3970,1399-8-3
64,غمينو,شركت صنايع غذايي مينو شرق,1744,5476999,87924831800,15527,15101,16303,776,5.0,16053,526,3.39,15101,16303,1399-8-3
65,وبانك,سرمايه گذاري گروه توسعه ملي,1690,16946065,168341131200,10440,10100,9920,-520,-4.98,9930,-510,-4.89,9920,10120,1399-8-3
66,پارند,صندوق س. پارند پايدار سپهر,1652,62945391,740016824750,11800,11800,11800,0,0.0,11760,-40,-0.34,11710,11900,1399-8-3
67,كچاد,معدني‌وصنعتي‌چادرملو,1631,13356581,198045042660,15540,14900,14770,-770,-4.95,14830,-710,-4.57,14770,15500,1399-8-3
68,كحافظ,كاشي‌ وسراميك‌ حافظ‌,1623,7203908,188166076960,24880,26120,26120,1240,4.98,26120,1240,4.98,26120,26120,1399-8-3
69,سرو,صندوق س سروسودمند مدبران-سهام,1604,2075236,120493111700,61620,60800,57000,-4620,-7.5,58060,-3560,-5.78,56370,60840,1399-8-3
70,كاوه,فولاد كاوه جنوب كيش,1601,22730614,420377405600,19370,19300,18410,-960,-4.96,18490,-880,-4.54,18410,19300,1399-8-3
71,شسپا,نفت سپاهان,1555,7133003,137281913120,20230,19520,19220,-1010,-4.99,19250,-980,-4.84,19220,19990,1399-8-3
72,وگردش,بانك گردشگري,1539,12837954,218030099562,16983,17400,16984,1,0.01,16983,0,0.0,16480,17400,1399-8-3
73,بجهرم,توسعه مولد نيروگاهي جهرم,1491,12281383,49032182296,4178,4021,3970,-208,-4.98,3992,-186,-4.45,3970,4176,1399-8-3
74,وغدير,سرمايه‌گذاري‌غدير(هلدينگ‌,1484,12933628,157930790980,12850,12210,12210,-640,-4.98,12210,-640,-4.98,12210,12340,1399-8-3
75,حتايد,تايدواترخاورميانه,1476,7098607,117856620800,16270,15800,17080,810,4.98,16600,330,2.03,15800,17080,1399-8-3
76,ونفت,سرمايه‌گذاري‌ صنعت‌ نفت‌,1463,7049044,91285507480,13410,13520,13030,-380,-2.83,12950,-460,-3.43,12740,13520,1399-8-3
77,زاگرس,پتروشيمي زاگرس,1460,2129916,320406988289,157912,153000,150017,-7895,-5.0,150432,-7480,-4.74,150017,157900,1399-8-3
78,وساخت,سرمايه‌ گذاري‌ ساختمان‌ايران‌,1440,6625883,311314004820,49340,48000,46890,-2450,-4.97,46980,-2360,-4.78,46880,49700,1399-8-3
79,فرابورس,فرابورس ايران,1417,2908846,193079364698,69445,67180,65973,-3472,-5.0,66377,-3068,-4.42,65973,69770,1399-8-3
80,وبيمهح,ح . سرمايه‌ گذاري‌ صنعت‌ بيمه‌,1355,38564916,57471631570,1600,1530,1450,-150,-9.38,1490,-110,-6.88,1450,1590,1399-8-3
81,كلر,كلر پارس,1349,734223,45073945405,63162,63162,61000,-2162,-3.42,61518,-1644,-2.6,60004,66000,1399-8-3
82,كدماح,ح . معدني‌ دماوند,1287,1249105,126846612750,112830,101550,101550,-11280,-10.0,101550,-11280,-10.0,101550,101550,1399-8-3
83,كپشيرح,ح . پشم‌شيشه‌ايران‌,1258,5729044,69600505490,11232,11450,12100,868,7.73,12149,917,8.16,11450,12360,1399-8-3
84,وآذر,سرمايه‌گذاري‌توسعه‌آذربايجان‌,1230,1146954,165959487570,151230,155000,145900,-5330,-3.52,144700,-6530,-4.32,143670,155000,1399-8-3
85,پارس,پتروشيمي پارس,1210,1040295,143879692960,145530,144200,138260,-7270,-5.0,138310,-7220,-4.96,138260,144200,1399-8-3
86,وتوسم,سرمايه‌گذاري‌توسعه‌ملي‌,1183,8466129,94812107570,11700,12000,11150,-550,-4.7,11200,-500,-4.27,11120,12190,1399-8-3
87,پكرمان,گروه‌ صنعتي‌ بارز,1182,5109403,119210797550,22740,23870,22320,-420,-1.85,23330,590,2.59,22070,23870,1399-8-3
88,درهآور,دارويي ره آورد تامين,1177,2366364,74172676293,30670,32203,30000,-670,-2.18,31345,675,2.2,29137,32203,1399-8-3
89,شبندر,پالايش نفت بندرعباس,1152,7665036,253942642680,34870,33130,33130,-1740,-4.99,33130,-1740,-4.99,33130,33130,1399-8-3
90,تپولا,مهندسي مرآت پولاد,1137,4302841,121226649911,26928,27990,28274,1346,5.0,28174,1246,4.63,27000,28274,1399-8-3
91,پاكشو,گروه صنعتي پاكشو,1108,1643724,135174263280,85710,85000,81430,-4280,-4.99,82240,-3470,-4.05,81430,86800,1399-8-3
92,اعتلاح,ح سرمايه گذاري اعتلاء البرز,1097,5023792,28276730033,5841,5600,5549,-292,-5.0,5629,-212,-3.63,5549,5920,1399-8-3
93,رنيك,جنرال مكانيك,1095,5986643,131842592647,22119,21190,23203,1084,4.9,22023,-96,-0.43,21014,23203,1399-8-3
94,افق,فروشگاههاي زنجيره اي افق كوروش,1076,861166,60803242410,73900,72020,70210,-3690,-4.99,71540,-2360,-3.19,70210,73880,1399-8-3
95,فجر,فولاد اميركبيركاشان,1065,1443013,72644835300,50010,52510,49400,-610,-1.22,50340,330,0.66,48010,52510,1399-8-3
96,وتوكاح,ح . ‌توكافولاد(هلدينگ‌,1064,8790734,58527376182,7391,6740,6650,-741,-10.03,6658,-733,-9.92,6650,7050,1399-8-3
97,تسه9906,امتياز تسهيلات مسكن شهريور99,1057,14381,13267254074,926222,926225,950000,23778,2.57,922554,-3668,-0.4,900000,950000,1399-8-3
98,خرينگ,رينگ‌سازي‌مشهد,1047,4327422,145393653730,32020,33620,33620,1600,5.0,33600,1580,4.93,32060,33620,1399-8-3
99,هرمز,فولاد هرمزگان جنوب,1047,12608299,143319602937,11847,12000,11255,-592,-5.0,11367,-480,-4.05,11255,12120,1399-8-3
100,وخاور,بانك خاورميانه,1032,26834858,271066915480,10590,10080,10090,-500,-4.72,10100,-490,-4.63,10070,10700,1399-8-3
101,خزر,فنرسازي‌زر,1013,3962602,39179992050,9660,10040,10070,410,4.24,9830,170,1.76,9660,10090,1399-8-3
102,اپرداز,آتيه داده پرداز,997,3686197,125225678458,35294,36000,33530,-1764,-5.0,33972,-1322,-3.75,33530,36150,1399-8-3
103,سفارس,سيمان فارس و خوزستان,986,4104524,68200011520,17310,17310,16450,-860,-4.97,16620,-690,-3.99,16450,17560,1399-8-3
104,كطبس,ذغال‌سنگ‌ نگين‌ ط‌بس‌,986,1725573,79416049060,46080,43910,45080,-1000,-2.17,46020,-60,-0.13,43910,48300,1399-8-3
105,وبيمه,سرمايه‌ گذاري‌ صنعت‌ بيمه‌,965,8212058,21972058830,2790,2790,2680,-110,-3.94,2740,-50,-1.79,2660,2790,1399-8-3
106,وآوا,سرمايه گذاري آوا نوين,959,2966838,36033410505,12556,12880,11929,-627,-4.99,12250,-306,-2.44,11929,12880,1399-8-3
107,شساخت,مهندسي و ساختمان صنايع نفت,950,4858259,191131553558,38229,37083,39375,1146,3.0,39342,1113,2.91,37083,39375,1399-8-3
108,سخوز,سيمان خوزستان,944,3570185,76154535460,20620,21650,21350,730,3.54,21330,710,3.44,20030,21650,1399-8-3
109,غدام,خوراك‌  دام‌ پارس‌,938,763544,149510144020,187730,196970,197110,9380,5.0,195810,8080,4.3,187730,197110,1399-8-3
110,زر,صندوق س.پشتوانه سكه طلاي زر,934,646041,35124126008,53660,54000,54651,991,1.85,54368,708,1.32,53001,55997,1399-8-3
111,كرازي,كارخانجات‌توليدي‌شيشه‌رازي‌,917,4309444,63058096910,14930,15000,14380,-550,-3.68,14630,-300,-2.01,14300,15200,1399-8-3
112,آوا,صندوق س.سهام آواي معيار-س,911,3120688,25288386308,8689,8355,7950,-739,-8.51,8103,-586,-6.74,7920,8650,1399-8-3
113,ثالوند,سرمايه گذاري مسكن الوند,895,3877562,56572055328,14915,14170,14352,-563,-3.77,14590,-325,-2.18,14170,15475,1399-8-3
114,ريشمك,توليد و صادرات ريشمك,893,1432611,48484581422,34947,36399,33200,-1747,-5.0,33844,-1103,-3.16,33200,36399,1399-8-3
115,ميدكو,هلدينگ صنايع  معدني خاورميانه,876,6595062,148470568945,22223,23000,22301,78,0.35,22512,289,1.3,22001,23000,1399-8-3
116,كيان,صندوق س. با درآمد ثابت كيان,876,24913655,638670538920,25600,25640,25640,40,0.16,25640,40,0.16,25620,25650,1399-8-3
117,ثقزوي,شركت عمران و سازندگي قزوين,870,3570264,105703949368,28815,29400,29679,864,3.0,29607,792,2.75,28251,29679,1399-8-3
118,زكوثر,سرمايه گذاري كشاورزي كوثر,863,2105204,41559916620,20650,19710,19620,-1030,-4.99,19860,-790,-3.83,19620,20800,1399-8-3
119,عيار,صندوق س. پشتوانه طلاي مفيد,859,1127099,37660100085,32608,34000,33745,1137,3.49,33413,805,2.47,32825,34000,1399-8-3
120,غمارگ,مارگارين‌,852,2968908,80588095140,28500,27660,27080,-1420,-4.98,27140,-1360,-4.77,27080,28990,1399-8-3
121,تسه9904,امتياز تسهيلات مسكن تير99,817,10523,9624834063,926519,929844,935000,8481,0.92,914647,-11872,-1.28,896666,935000,1399-8-3
122,حآسا,آسيا سير ارس,816,2443293,36724804448,14865,14901,15020,155,1.04,14985,120,0.81,14901,15200,1399-8-3
123,ومهان,گروه توسعه مالي مهر آيندگان,814,7344163,111488634510,15941,15500,15144,-797,-5.0,15181,-760,-4.77,15144,15920,1399-8-3
124,حريل,ريل پردازسير,809,8752426,33247889928,3985,3880,3786,-199,-4.99,3855,-130,-3.26,3786,3930,1399-8-3
125,كگازح,ح . شيشه‌ و گاز,801,2753885,38368988940,15360,14500,13840,-1520,-9.9,13930,-1430,-9.31,13820,15000,1399-8-3
126,پرديس,سرمايه گذاري پرديس,793,4868748,34594471600,7390,7500,7030,-360,-4.87,7190,-200,-2.71,7030,7600,1399-8-3
127,خاهن,آهنگري‌ تراكتورسازي‌ ايران‌,782,3449969,97668622390,26970,28310,28310,1340,4.97,28310,1340,4.97,28310,28310,1399-8-3
128,شبهرن,نفت‌ بهران‌,777,1362399,78476607170,60390,61850,57380,-3010,-4.98,57600,-2790,-4.62,57380,61850,1399-8-3
129,ارفع,شركت آهن و فولاد ارفع,776,4879468,61801110097,13272,13000,12609,-663,-5.0,12666,-606,-4.57,12609,13272,1399-8-3
130,تسه9905,امتياز تسهيلات مسكن مرداد99,772,10634,9733882915,915347,920000,930000,14653,1.6,915355,8,0.0,882222,940000,1399-8-3
131,شلعابح,ح . لعابيران‌,771,4761207,21635786910,4910,4880,4420,-490,-9.98,4540,-370,-7.54,4420,4880,1399-8-3
132,فاسمين,كالسيمين‌,769,5213889,92038613800,19040,18000,17100,-1940,-10.19,17650,-1390,-7.3,17100,18000,1399-8-3
133,ملت,بيمه ملت,768,5349100,71807458750,13570,14000,12900,-670,-4.94,13420,-150,-1.11,12900,14000,1399-8-3
134,تسه9902,امتياز تسهيلات مسكن ارديبهشت99,764,15494,14153512969,916573,906000,919888,3315,0.36,913483,-3090,-0.34,882777,940000,1399-8-3
135,ومعلم,بيمه معلم,754,7415259,49533888207,6384,6700,6703,319,5.0,6664,280,4.39,6410,6703,1399-8-3
136,شپديس,پتروشيمي پرديس,751,2923606,259361419690,93260,92850,88600,-4660,-5.0,88710,-4550,-4.88,88600,93000,1399-8-3
137,رتاپ,تجارت الكترونيك  پارسيان,750,4207823,27905576600,6970,6630,6630,-340,-4.88,6770,-200,-2.87,6630,6820,1399-8-3
138,هاي وب,داده گسترعصرنوين-هاي وب,747,3149075,83690388080,27750,26500,26370,-1380,-4.97,26580,-1170,-4.22,26370,27800,1399-8-3
139,وتوصا,گروه س توسعه صنعتي ايران,746,8532900,82535348770,10170,9680,9670,-500,-4.92,9670,-500,-4.92,9670,9960,1399-8-3
140,قرن,پديده شيمي قرن,743,911901,49645678450,57100,56300,54250,-2850,-4.99,54440,-2660,-4.66,54250,56300,1399-8-3
141,وصندوق,سرمايه‌گذاري‌صندوق‌بازنشستگي‌,733,15293245,223382023980,15350,14800,14590,-760,-4.95,14610,-740,-4.82,14590,15500,1399-8-3
142,آبادا,توليد نيروي برق آبادان,732,534428,10261017600,20210,19200,19200,-1010,-5.0,19990,-220,-1.09,19200,19200,1399-8-3
143,وبوعلي,سرمايه‌گذاري‌بوعلي‌,729,3732964,31261562500,8730,8840,8300,-430,-4.93,8500,-230,-2.63,8300,8840,1399-8-3
144,خگستر,گسترش‌سرمايه‌گذاري‌ايران‌خودرو,726,5060978,22217693420,4620,4390,4390,-230,-4.98,4550,-70,-1.52,4390,4390,1399-8-3
145,رانفور,خدمات‌انفورماتيك‌,725,3686331,104282135250,28510,29930,27090,-1420,-4.98,28290,-220,-0.77,27090,29930,1399-8-3
146,فپنتا,سپنتا,724,76701,25972024120,332540,340000,349160,16620,5.0,335640,3100,0.93,317000,349160,1399-8-3
147,بساما,بيمه سامان,723,2236529,46176081777,20316,21300,21140,824,4.06,20616,300,1.48,19500,21300,1399-8-3
148,ونيكي,سرمايه‌گذاري‌ ملي‌ايران‌,700,1144195,33625980550,30860,29870,29320,-1540,-4.99,30260,-600,-1.94,29320,30850,1399-8-3
149,ثاصفا,شركت‌ ساختمان‌ اصفهان‌,686,1179079,32753592777,27741,28573,26909,-832,-3.0,27779,38,0.14,26909,28573,1399-8-3
150,تاپيكو,س. نفت و گاز و پتروشيمي تأمين,684,5846237,100672201140,18120,17220,17220,-900,-4.97,17330,-790,-4.36,17220,17220,1399-8-3
151,غگل,گلوكوزان‌,673,4027709,19896882460,5190,4940,4940,-250,-4.82,5090,-100,-1.93,4940,4940,1399-8-3
152,آريان,سرمايه گذاري پارس آريان,670,26064753,370152617533,14321,14321,13892,-429,-3.0,14201,-120,-0.84,13892,14400,1399-8-3
153,كالا,بورس كالاي ايران,666,1188838,57270918040,50500,49100,47980,-2520,-4.99,48170,-2330,-4.61,47980,49500,1399-8-3
154,فيروزه,صندوق شاخص30 شركت فيروزه- سهام,666,394314,64366911540,174410,172300,158110,-16300,-9.35,163240,-11170,-6.4,157500,172300,1399-8-3
155,تنوين,تامين سرمايه نوين,658,23516380,211066903750,9440,9300,8970,-470,-4.98,8980,-460,-4.87,8970,9300,1399-8-3
156,همراه,شركت ارتباطات سيار ايران,648,1982294,61792986280,32780,31500,31150,-1630,-4.97,31740,-1040,-3.17,31150,32000,1399-8-3
157,سكه0012پ01,سكه تمام بهارتحويلي 1روزه رفاه,639,234800,330042399100,1392301,1419501,1407900,15599,1.12,1405632,13331,0.96,1390000,1425000,1399-8-3
158,ثاميد,توسعه و عمران اميد,639,9787679,29363037000,3150,3000,3000,-150,-4.76,3060,-90,-2.86,3000,3000,1399-8-3
159,حكشتي,كشتيراني جمهوري اسلامي ايران,636,624800,20243520000,34100,32400,32400,-1700,-4.99,33800,-300,-0.88,32400,32400,1399-8-3
160,تيپيكو,سرمايه گذاري دارويي تامين,634,1640382,79558408660,50990,49200,48450,-2540,-4.98,48640,-2350,-4.61,48450,51000,1399-8-3
161,شفن,پتروشيمي فناوران,621,487134,130085484250,280340,266330,266330,-14010,-5.0,267040,-13300,-4.74,266330,284870,1399-8-3
162,ساوه,سيمان ساوه,617,264766,14131487347,56182,53373,53373,-2809,-5.0,55346,-836,-1.49,53373,53390,1399-8-3
163,خبهمن,گروه‌بهمن‌,612,3920358,83036366760,22290,21180,21180,-1110,-4.98,21200,-1090,-4.89,21180,21250,1399-8-3
164,ارفعح,ح.شركت آهن و فولاد ارفع,612,2100770,22935770895,11423,11000,10852,-571,-5.0,10918,-505,-4.42,10852,11590,1399-8-3
165,شاراك,پتروشيمي شازند,604,2706202,54752819700,21160,21000,20110,-1050,-4.96,20380,-780,-3.69,20110,21160,1399-8-3
166,اخابر,مخابرات ايران,593,8353166,127552844820,16070,15270,15270,-800,-4.98,15270,-800,-4.98,15270,15270,1399-8-3
167,بركت,گروه دارويي بركت,593,3109211,46078507020,15590,14820,14820,-770,-4.94,14840,-750,-4.81,14820,14820,1399-8-3
168,ماديرا,صنايع ماشين هاي اداري ايران,590,2622654,80090459164,32130,30524,30524,-1606,-5.0,30538,-1592,-4.95,30524,31500,1399-8-3
169,تسه9903,امتياز تسهيلات مسكن خرداد99,589,7672,7012663874,922450,900000,940000,17550,1.9,914059,-8391,-0.91,891300,940000,1399-8-3
170,شخارك,پتروشيمي‌ خارك‌,588,3582434,141678083140,41570,41360,39500,-2070,-4.98,39550,-2020,-4.86,39500,41500,1399-8-3
171,وپترو,سرمايه‌گذاري صنايع پتروشيمي‌,565,3409529,54010756890,16660,15870,15830,-830,-4.98,15840,-820,-4.92,15830,16300,1399-8-3
172,كاردان,صندوق س تجارت شاخصي كاردان,561,359799,56895071760,169110,164720,153990,-15120,-8.94,158130,-10980,-6.49,153500,169990,1399-8-3
173,دسانكو,داروسازي سبحان انكولوژي,541,2842590,48400436417,17856,16990,16964,-892,-5.0,17027,-829,-4.64,16964,18000,1399-8-3
174,امين يكم2,صندوق درآمد ثابت امين يكم فردا,541,54100000,54100000,10390,1,1,-10389,-99.99,1,-10389,-99.99,1,1,1399-8-3
175,كرماشا,صنايع پتروشيمي كرمانشاه,532,3051914,115220313690,39720,39500,37740,-1980,-4.98,37750,-1970,-4.96,37740,39500,1399-8-3
176,فلات,گروه صنايع معادن فلات ايرانيان,530,2923410,40074685281,13770,14183,13357,-413,-3.0,13708,-62,-0.45,13357,14183,1399-8-3
177,بخاور,بيمه زندگي خاورميانه,523,2563326,19576581404,7924,8200,7528,-396,-5.0,7807,-117,-1.48,7528,8200,1399-8-3
178,كوثر,بيمه كوثر,523,2537513,35383658571,14668,13935,13935,-733,-5.0,14129,-539,-3.67,13935,14206,1399-8-3
179,رمپنا,گروه مپنا (سهامي عام),522,3588200,62006424950,18170,17280,17270,-900,-4.95,17690,-480,-2.64,17270,17650,1399-8-3
180,تسه9810,امتياز تسهيلات مسكن دي98,520,9974,9103035831,913584,900001,940500,26916,2.95,912677,-907,-0.1,890001,948390,1399-8-3
181,بترانس,ايران‌ ترانسفو,520,1364047,41984501710,32380,30770,30770,-1610,-4.97,30970,-1410,-4.35,30770,31500,1399-8-3
182,شپلي,پلي اكريل ايران,520,6546102,43636257892,6852,6770,6647,-205,-2.99,6666,-186,-2.71,6647,6852,1399-8-3
183,دارا,صندوق س. دارا الگوريتم-د,513,15824338,158001559321,10086,9998,9972,-114,-1.13,9985,-101,-1.0,9950,9999,1399-8-3
184,قثابت,قند ثابت‌ خراسان‌,512,613969,45323433140,77330,73500,73470,-3860,-4.99,74000,-3330,-4.31,73470,77450,1399-8-3
185,كوير,توليدي فولاد سپيد فراب كوير,503,2031283,29763461390,15250,14590,14490,-760,-4.98,14970,-280,-1.84,14490,15500,1399-8-3
186,سيدكو,سرمايه گذاري توسعه صنايع سيمان,500,2308802,15808392260,7180,6900,6840,-340,-4.74,7070,-110,-1.53,6830,7180,1399-8-3
187,آتيمس,صندوق س.آرمان آتيه درخشان مس-س,499,233807,44794161188,198919,199000,189998,-8921,-4.48,191586,-7333,-3.69,178500,199000,1399-8-3
188,آپ,آسان پرداخت پرشين,493,2020327,33787172460,17590,16720,16720,-870,-4.95,16970,-620,-3.52,16720,17150,1399-8-3
189,ثاخت,بين‌المللي‌توسعه‌ساختمان,484,4147944,17352329730,4390,4180,4180,-210,-4.78,4310,-80,-1.82,4180,4250,1399-8-3
190,اطلس,صندوق س.توسعه اندوخته آينده-س,483,89211,16219688939,191188,189000,180900,-10288,-5.38,181813,-9375,-4.9,179400,189000,1399-8-3
191,ثفارس,عمران‌وتوسعه‌فارس‌,472,5019679,41323903940,8660,8230,8230,-430,-4.97,8290,-370,-4.27,8230,8380,1399-8-3
192,كروي,توسعه‌ معادن‌ روي‌ ايران‌,469,2052169,60911604320,31240,29680,29680,-1560,-4.99,29680,-1560,-4.99,29680,30000,1399-8-3
193,هبركت912,اختيارف ت بركت-22100-99/12/17,466,896000,4107264000,3855,4584,4584,729,18.91,4584,729,18.91,4584,4584,1399-8-3
194,مارون,پتروشيمي مارون,464,267018,34207404877,134678,138000,127945,-6733,-5.0,132316,-2362,-1.75,127945,138000,1399-8-3
195,درازك,دارويي‌ رازك‌,458,840901,28741759610,35050,35000,33680,-1370,-3.91,34540,-510,-1.46,33420,36000,1399-8-3
196,آسيا,بيمه آسيا,456,1364687,34286609840,26430,25200,25110,-1320,-4.99,25490,-940,-3.56,25110,25800,1399-8-3
197,گوهر,صندوق سكه طلاي كيان,453,832195,53117405389,62180,63900,64000,1820,2.93,63828,1648,2.65,62301,65100,1399-8-3
198,ضخود1044,اختيارخ خودرو-4000-1399/10/07,448,14479,5162199000,441,419,330,-111,-25.17,357,-84,-19.05,320,430,1399-8-3
199,پاسا,ايران‌ياساتايرورابر,445,1995323,41682297470,19900,20890,20890,990,4.97,20690,790,3.97,20890,20890,1399-8-3
200,كسرا,سراميك‌هاي‌صنعتي‌اردكان‌,442,1287246,27673484170,22380,22400,21270,-1110,-4.96,21870,-510,-2.28,21270,22400,1399-8-3
201,پارسيان,بيمه پارسيان,440,1926333,23777416120,12980,12400,12340,-640,-4.93,12660,-320,-2.47,12340,12420,1399-8-3
202,تاپكيش,تجارت الكترونيك پارسيان كيش,434,1142702,13683557678,12083,12520,11479,-604,-5.0,12053,-30,-0.25,11479,12687,1399-8-3
203,فسپا,گروه‌صنعتي‌سپاهان‌,433,2084477,82617681480,41310,42000,39250,-2060,-4.99,39630,-1680,-4.07,39250,42000,1399-8-3
204,فاما,صنعتي‌ آما,431,1075374,23544369050,22710,21590,21920,-790,-3.48,22310,-400,-1.76,21590,23490,1399-8-3
205,ونيروح,ح . سرمايه‌گذاري‌نيرو,426,12311700,32312026070,2850,3140,2650,-200,-7.02,2620,-230,-8.07,2570,3140,1399-8-3
206,كفرا,فراورده‌ هاي‌ نسوزايران‌,421,879327,42206843920,50490,47970,47970,-2520,-4.99,48280,-2210,-4.38,47970,50500,1399-8-3
207,شپارس,بين‌ المللي‌ محصولات‌  پارس‌,416,938871,14415450050,16070,16000,15270,-800,-4.98,15850,-220,-1.37,15270,16400,1399-8-3
208,گوهران,سرمايه گذاري توسعه گوهران اميد,415,3522046,29583252347,8819,8670,8379,-440,-4.99,8558,-261,-2.96,8379,8670,1399-8-3
209,تسه9901,امتياز تسهيلات مسكن فروردين99,402,5087,4642451351,925622,906000,930000,4378,0.47,912611,-13011,-1.41,881122,930000,1399-8-3
210,سدبير,س. تدبيرگران فارس وخوزستان,401,1629975,49049857413,31125,29569,29569,-1556,-5.0,30092,-1033,-3.32,29569,32000,1399-8-3
211,كلوند,كاشي‌ الوند,399,918579,19272411370,21690,22230,20610,-1080,-4.98,21410,-280,-1.29,20610,22700,1399-8-3
212,غسالم,سالمين‌,397,1636478,7887823960,5070,4820,4820,-250,-4.93,5030,-40,-0.79,4820,4820,1399-8-3
213,دالبر,البرزدارو,397,1763479,34410072960,20520,19590,19510,-1010,-4.92,19790,-730,-3.56,19500,19990,1399-8-3
214,فايرا,آلومينيوم‌ايران‌,391,1229456,24648859240,21020,20200,20000,-1020,-4.85,20520,-500,-2.38,19970,21430,1399-8-3
215,سصوفي,سيمان‌ صوفيان‌,390,935463,12199734620,13720,13040,13040,-680,-4.96,13550,-170,-1.24,13040,13200,1399-8-3
216,وبشهر,توسعه‌ صنايع‌ بهشهر(هلدينگ,378,4442467,70239710900,16640,15820,15810,-830,-4.99,15810,-830,-4.99,15810,15850,1399-8-3
217,كنور,توسعه معدني و صنعتي صبانور,374,1485436,56997378800,40380,38370,38370,-2010,-4.98,38370,-2010,-4.98,38370,39400,1399-8-3
218,ارمغان,ص سرمايه گذاري ارمغان ايرانيان,374,17271755,174617257140,10080,10100,10120,40,0.4,10110,30,0.3,10100,10180,1399-8-3
219,خپارس,پارس‌ خودرو,370,10790450,84381319000,8230,7820,7820,-410,-4.98,7820,-410,-4.98,7820,7820,1399-8-3
220,بكاب,صنايع‌جوشكاب‌يزد,363,282410,42906199110,159660,152000,151680,-7980,-5.0,152690,-6970,-4.37,151680,158440,1399-8-3
221,ساروم,سيمان‌اروميه‌,362,781286,18238831930,24460,24990,23240,-1220,-4.99,24030,-430,-1.76,23240,24990,1399-8-3
222,كاريس,صندوق س.سپهر كاريزما-س,347,363979,66481609898,192686,192000,180040,-12646,-6.56,182652,-10034,-5.21,180000,192000,1399-8-3
223,وآيند,بانك  آينده,346,1340248,39576183192,30131,29529,29529,-602,-2.0,29888,-243,-0.81,29529,29529,1399-8-3
224,وسرمد,بيمه  سرمد,344,2740193,16127274817,5974,6050,5850,-124,-2.08,5902,-72,-1.21,5795,6150,1399-8-3
225,پتاير,ايران‌ تاير,341,573498,53973782270,99060,94110,94110,-4950,-5.0,94110,-4950,-5.0,94110,94700,1399-8-3
226,زعف9908پ10,زعفران9908نگين طلاي سرخ(پ),341,120391,9446525885,81107,80000,78010,-3097,-3.82,78465,-2642,-3.26,77777,80290,1399-8-3
227,آبين,كشت و صنعت آبشيرين,340,3309167,12442571435,3956,3759,3759,-197,-4.98,3828,-128,-3.24,3759,3890,1399-8-3
228,افق ملت,صندوق س در سهام افق ملت,338,167412,21464724530,134330,132700,124800,-9530,-7.09,128210,-6120,-4.56,124500,132700,1399-8-3
229,تسه9812,امتياز تسهيلات مسكن اسفند98,338,3162,2883676598,919249,919249,930000,10751,1.17,911979,-7270,-0.79,891000,930000,1399-8-3
230,والبر,سرمايه‌ گذاري‌ البرز(هلدينگ‌,338,1317698,20145694560,16060,15300,15260,-800,-4.98,15730,-330,-2.05,15260,15980,1399-8-3
231,پارسيانح,ح.بيمه پارسيان,333,1416688,13619399620,10510,10500,9600,-910,-8.66,9610,-900,-8.56,9460,10500,1399-8-3
232,دعبيد,لابراتوارداروسازي‌  دكترعبيدي‌,330,482910,14705214800,32050,30450,30460,-1590,-4.96,31620,-430,-1.34,30450,30700,1399-8-3
233,شگل,گلتاش‌,326,945787,24040665250,26720,26560,25390,-1330,-4.98,26060,-660,-2.47,25390,26560,1399-8-3
234,وتوكا,سرمايه‌گذاري‌توكافولاد(هلدينگ,325,3273606,35186304940,11090,10860,10540,-550,-4.96,10840,-250,-2.25,10540,11070,1399-8-3
235,بورس,بورس اوراق بهادار تهران,323,535792,31949276960,62760,59630,59630,-3130,-4.99,61710,-1050,-1.67,59630,59630,1399-8-3
236,خفولا,خدمات فني فولاد يزد,321,386541,10833822640,29247,28430,27790,-1457,-4.98,28558,-689,-2.36,27785,30000,1399-8-3
237,سرچشمه,سرمايه گذاري مس سرچشمه,319,1398602,11127495894,8322,8010,7906,-416,-5.0,8237,-85,-1.02,7906,8297,1399-8-3
238,شرانل,نفت ايرانول,316,908405,24510690039,27574,28410,26196,-1378,-5.0,27277,-297,-1.08,26196,28410,1399-8-3
239,سيستم,همكاران سيستم,315,872640,26921023500,31880,32780,30290,-1590,-4.99,31310,-570,-1.79,30290,32780,1399-8-3
240,كساوه,صنايع‌ كاشي‌ و سراميك‌ سينا,312,325888,13584927100,43110,44800,42900,-210,-0.49,42710,-400,-0.93,40960,44800,1399-8-3
241,دانا,بيمه دانا,310,2789046,17252524750,6490,6190,6170,-320,-4.93,6380,-110,-1.69,6170,6500,1399-8-3
242,جم پيلن,پلي پروپيلن جم - جم پيلن,308,570474,43780176620,80700,78490,76670,-4030,-4.99,77880,-2820,-3.49,76670,78490,1399-8-3
243,كهرام,توليدي گرانيت بهسرام,306,282093,16916242271,59797,61590,58890,-907,-1.52,59940,143,0.24,58004,61590,1399-8-3
244,كشرق,صنعتي و معدني شمال شرق شاهرود,305,705943,38931972006,58026,55126,55125,-2901,-5.0,55669,-2357,-4.06,55125,58020,1399-8-3
245,وسپه,سرمايه‌گذاري‌ سپه‌,305,2145862,26707437930,13060,12720,12410,-650,-4.98,12720,-340,-2.6,12410,12720,1399-8-3
246,ضجار1014,اختيارخ وتجارت-3000-1399/10/21,304,12222,6335327000,567,600,471,-96,-16.93,518,-49,-8.64,470,699,1399-8-3
247,فاراك,ماشين‌ سازي‌ اراك‌,297,1136170,8612168600,7970,7580,7580,-390,-4.89,7900,-70,-0.88,7580,7580,1399-8-3
248,تسه9811,امتياز تسهيلات مسكن بهمن98,295,3057,2788237092,918712,875879,902500,-16212,-1.76,912083,-6629,-0.72,875879,930000,1399-8-3
249,ضپاس1003,اختيارخ وپارس-3500-1399/10/30,291,14821,8070399000,718,600,501,-217,-30.22,545,-173,-24.09,501,600,1399-8-3
250,سمازن,سيمان‌مازندران‌,290,1020045,8884686800,9120,8800,8670,-450,-4.93,9040,-80,-0.88,8670,9110,1399-8-3
251,سمگا,گروه سرمايه گذاري ميراث فرهنگي,286,4552356,99620212852,23007,21878,21857,-1150,-5.0,21883,-1124,-4.89,21857,22350,1399-8-3
252,شيراز,پتروشيمي‌شيراز,284,3012153,152275342670,53210,50610,50550,-2660,-5.0,50550,-2660,-5.0,50550,52000,1399-8-3
253,سكه9912پ04,سكه تمام بهارتحويل1روزه صادرات,282,80900,113601264200,1379577,1410002,1411800,32223,2.34,1404218,24641,1.79,1383004,1428999,1399-8-3
254,شلرد,كود شيميايي اوره لردگان,282,3740580,35344740420,9741,9449,9449,-292,-3.0,9449,-292,-3.0,9449,9449,1399-8-3
255,فولاژ,فولاد آلياژي ايران,281,1108587,27422175270,25980,24690,24690,-1290,-4.97,25410,-570,-2.19,24690,25980,1399-8-3
256,واعتبار,سرمايه گذاري اعتبار ايران,279,9042021,47199349620,5490,5220,5220,-270,-4.92,5220,-270,-4.92,5220,5220,1399-8-3
257,پارسان,گسترش نفت و گاز پارسيان,277,1609167,35031565590,22910,21770,21770,-1140,-4.98,22560,-350,-1.53,21770,21770,1399-8-3
258,دتمادح,ح . توليدمواداوليه‌داروپخش‌,276,338776,12713662650,39150,39000,37150,-2000,-5.11,37530,-1620,-4.14,35320,39000,1399-8-3
259,خراسان,پتروشيمي خراسان,273,818903,62138478620,79860,79500,75870,-3990,-5.0,75880,-3980,-4.98,75870,79500,1399-8-3
260,دزهراوي,داروسازي‌زهراوي‌,272,2647776,28807802880,11450,10880,10880,-570,-4.98,11100,-350,-3.06,10880,10880,1399-8-3
261,فسازان,غلتك سازان سپاهان,267,1482687,45816659570,32370,31090,30760,-1610,-4.97,30960,-1410,-4.36,30760,32370,1399-8-3
262,ضصاد8024,اختيارخ وبصادر-5500-1399/08/11,261,17257,57467000,10,8,5,-5,-50.0,3,-7,-70.0,2,10,1399-8-3
263,وآرين,شركت توسعه اقتصادي آرين,256,3028868,16813246268,5390,5551,5551,161,2.99,5521,131,2.43,5551,5551,1399-8-3
264,تاپكيشح,ح.تجارت الكترونيك پارسيان كيش,252,879296,6242691670,7408,7201,7038,-370,-4.99,7100,-308,-4.16,7038,7325,1399-8-3
265,آكورد,صندوق س. آرمان آتي كوثر-د,247,4419131,128276094897,28982,29030,29026,44,0.15,29027,45,0.16,29010,29040,1399-8-3
266,آساميد,صندوق س.مشترك آسمان اميد -د,242,12597012,136984562721,10868,10878,10884,16,0.15,10874,6,0.06,10867,10887,1399-8-3
267,توريل,توکاريل,239,1569367,33290064789,22236,21350,21125,-1111,-5.0,21522,-714,-3.21,21125,22190,1399-8-3
268,شفا,سرمايه گذاري شفادارو,239,159754,10534923170,66680,63350,63590,-3090,-4.63,66520,-160,-0.24,63350,70000,1399-8-3
269,شوينده,مديريت صنعت شوينده ت.ص.بهشهر,239,2314918,85807082340,39010,37310,37060,-1950,-5.0,37070,-1940,-4.97,37060,38420,1399-8-3
270,سخاش,سيمان‌خاش‌,237,113700,7841261180,72410,69300,68790,-3620,-5.0,71840,-570,-0.79,68790,71790,1399-8-3
271,داسوه,داروسازي‌ اسوه‌,237,1030918,27066474240,27630,26250,26680,-950,-3.44,26850,-780,-2.82,26250,27490,1399-8-3
272,اوان,مبين وان كيش,236,656373,33542741608,52808,53000,50168,-2640,-5.0,51626,-1182,-2.24,50168,53490,1399-8-3
273,بكام,كارخانجات توليدي شهيد قندي,234,1255576,7156783200,5990,5700,5700,-290,-4.84,5950,-40,-0.67,5700,5700,1399-8-3
274,غپينو,پارس‌ مينو,234,1110996,7132594320,6750,6420,6420,-330,-4.89,6700,-50,-0.74,6420,6420,1399-8-3
275,اتكاي,بيمه اتكايي ايرانيان,233,1997477,25583829810,12798,13190,12810,12,0.09,12803,5,0.04,12798,13190,1399-8-3
276,ختوقا,قطعات‌ اتومبيل‌ ايران‌,232,1850457,6920709180,3930,3740,3740,-190,-4.83,3900,-30,-0.76,3740,3740,1399-8-3
277,شبريز,پالايش نفت تبريز,231,594993,18587581320,32880,31240,31240,-1640,-4.99,32560,-320,-0.97,31240,31240,1399-8-3
278,تسه9809,امتياز تسهيلات مسكن آذر98,230,2033,1865888908,910109,877566,920000,9891,1.09,917801,7692,0.85,877566,955614,1399-8-3
279,غبشهر,صنعتي‌ بهشهر,230,1263084,31137039380,25940,24670,24650,-1290,-4.97,25100,-840,-3.24,24650,25990,1399-8-3
280,شتوكا,توكا رنگ فولاد سپاهان,229,483770,12714545685,27577,26324,26199,-1378,-5.0,27232,-345,-1.25,26199,27500,1399-8-3
281,تسه9803,امتياز تسهيلات مسكن خرداد98,229,2198,2005900442,911441,866111,910000,-1441,-0.16,912603,1162,0.13,866111,950000,1399-8-3
282,ثمسكن,سرمايه‌گذاري‌ مسكن‌,226,1756724,10644273150,6360,6060,6050,-310,-4.87,6290,-70,-1.1,6050,6280,1399-8-3
283,ساذريح,ح . آذريت‌,225,2334917,16175005224,1000,7000,6790,5790,579.0,6927,5927,592.7,6790,7210,1399-8-3
284,وتوشه,سرمايه‌ گذاري‌ پارس‌ توشه‌,225,1725244,34849492630,21040,20290,19990,-1050,-4.99,20430,-610,-2.9,19990,21100,1399-8-3
285,ثزاگرس,سرمايه گذاري توسعه عمران زاگرس,224,567544,19185752047,32982,33971,33971,989,3.0,33752,770,2.33,32982,33971,1399-8-3
286,شنفت,نفت‌ پارس‌,223,307739,16144570440,55180,52440,52430,-2750,-4.98,54340,-840,-1.52,52430,54830,1399-8-3
287,غشهد,شهد ايران ‌,222,1347093,8554295510,6680,6350,6350,-330,-4.94,6620,-60,-0.9,6350,6390,1399-8-3
288,ستران,سيمان‌ تهران‌,222,283495,9137043850,33920,32230,32230,-1690,-4.98,33590,-330,-0.97,32230,32230,1399-8-3
289,تسه9808,امتياز تسهيلات مسكن آبان98,219,2257,2053445982,912646,907010,895100,-17546,-1.92,909812,-2834,-0.31,890222,920000,1399-8-3
290,دسبحان,سبحان دارو,219,429570,7406946870,18140,17240,17240,-900,-4.96,18000,-140,-0.77,17240,17300,1399-8-3
291,شغدير,پتروشيمي غدير,216,950870,41034758022,45225,44000,42964,-2261,-5.0,43445,-1780,-3.94,42964,44500,1399-8-3
292,لسرما,سرما آفرين‌,215,462383,12590689090,25940,27230,27230,1290,4.97,26250,310,1.2,27230,27230,1399-8-3
293,سقاين,سيمان‌ قائن‌,213,218243,8701264340,41210,43190,39500,-1710,-4.15,40970,-240,-0.58,39150,43190,1399-8-3
294,دپارس,پارس‌ دارو,210,204361,22930683630,117950,112120,112060,-5890,-4.99,115180,-2770,-2.35,112060,119400,1399-8-3
295,آساس,صندوق س.آسمان آرماني سهام-س,209,134297,20360280833,157293,155306,153305,-3988,-2.54,151606,-5687,-3.62,148231,158401,1399-8-3
296,كپارس,كاشي‌ پارس‌,208,325486,31136329290,100670,96000,95640,-5030,-5.0,97390,-3280,-3.26,95640,96000,1399-8-3
297,دلر,داروسازي‌ اكسير,206,330864,34693231210,110320,104820,104810,-5510,-4.99,106330,-3990,-3.62,104810,109000,1399-8-3
298,شصفها,پتروشيمي‌ اصفهان‌,206,366115,34432280583,95293,97198,93400,-1893,-1.99,94048,-1245,-1.31,93388,97198,1399-8-3
299,ياقوت,صندوق س ياقوت آگاه-ثابت,205,6296119,70433012690,11180,11190,11190,10,0.09,11190,10,0.09,11170,11190,1399-8-3
300,تسه9802,امتياز تسهيلات مسكن ارديبهشت98,205,2204,2006887392,910816,900000,940000,29184,3.2,910566,-250,-0.03,865555,945000,1399-8-3
301,سشرق,سيمان‌ شرق‌,200,1703683,11090976330,6850,6510,6510,-340,-4.96,6770,-80,-1.17,6510,6510,1399-8-3
302,كمرجان,بازرگاني و توليدي مرجان كار,200,551674,28501685536,49204,51664,51664,2460,5.0,50540,1336,2.72,51664,51664,1399-8-3
303,ذوب تبعي9912,اختيارف.تبعي ذوب991224,198,261036,600382800,2000,2300,2300,300,15.0,2300,300,15.0,2300,2300,1399-8-3
304,تسه9708,امتياز تسهيلات مسكن آبان97,196,2487,2236048446,907273,914800,889000,-18273,-2.01,899095,-8178,-0.9,872110,914800,1399-8-3
305,چدن,توليدي چدن سازان,196,423785,11782092360,29190,27750,27740,-1450,-4.97,28850,-340,-1.16,27740,28500,1399-8-3
306,تسه9709,امتياز تسهيلات مسكن آذر97,195,2184,1979261453,915421,904100,900010,-15411,-1.68,906255,-9166,-1.0,890020,930000,1399-8-3
307,تسه9710,امتياز تسهيلات مسكن دي 97,193,2908,2631811266,915050,903200,904996,-10054,-1.1,905024,-10026,-1.1,889000,919888,1399-8-3
308,كخاكح,ح . صنايع‌خاك‌چيني‌ايران‌,192,158129,5603093540,36580,39590,35200,-1380,-3.77,35430,-1150,-3.14,33250,39590,1399-8-3
309,پارتا,مجتمع‌صنعتي‌آرتاويل‌تاير,190,156173,9676205977,63784,61877,61871,-1913,-3.0,63191,-593,-0.93,61871,64499,1399-8-3
310,واحصا,احياء صنايع خراسان,188,655351,12023415261,18332,17785,18881,549,2.99,18341,9,0.05,17785,18881,1399-8-3
311,تسه9711,امتياز تسهيلات مسكن بهمن 97,188,2129,1944480659,910992,902111,910000,-992,-0.11,913330,2338,0.26,902111,930000,1399-8-3
312,كيميا,معدني كيمياي زنجان گستران,188,475741,11400812004,25212,24090,23952,-1260,-5.0,24913,-299,-1.19,23952,24314,1399-8-3
313,مبين,مبين انرژي خليج فارس,183,2319894,52739655630,23910,22800,22720,-1190,-4.98,23260,-650,-2.72,22720,23000,1399-8-3
314,اوصتا,صندوق انديشه ورزان صباتامين -د,180,9111177,153239939840,16814,16800,16849,35,0.21,16819,5,0.03,16700,16849,1399-8-3
315,تسه9801,امتياز تسهيلات مسكن فروردين98,179,1561,1419043786,913829,896500,900000,-13829,-1.51,909061,-4768,-0.52,893333,930000,1399-8-3
316,سشمال,سيمان‌ شمال‌,178,1439424,13818993760,10100,9600,9600,-500,-4.95,9950,-150,-1.49,9600,9700,1399-8-3
317,غگرجي,بيسكويت‌  گرجي‌,178,215779,6061281630,29090,27640,27640,-1450,-4.98,28960,-130,-0.45,27640,29100,1399-8-3
318,ضجار1018,اختيارخ وتجارت-5000-1399/10/21,178,9257,919921000,193,108,98,-95,-49.22,99,-94,-48.7,94,129,1399-8-3
319,بموتو,موتوژن‌,175,252766,11447465740,47610,45270,45230,-2380,-5.0,47050,-560,-1.18,45230,47600,1399-8-3
320,ضخود1042,اختيارخ خودرو-3000-1399/10/07,174,5826,3572957000,855,650,580,-275,-32.16,613,-242,-28.3,568,700,1399-8-3
321,ساينا,صنايع بهداشتي ساينا,173,92973,16894225027,191241,181679,181679,-9562,-5.0,187852,-3389,-1.77,181679,188192,1399-8-3
322,وسينا,بانك سينا,173,1973636,20111350840,10720,10190,10190,-530,-4.94,10500,-220,-2.05,10190,10190,1399-8-3
323,شدوص,دوده‌ صنعتي‌ پارس‌,172,654272,13207738710,21220,21000,20160,-1060,-5.0,20930,-290,-1.37,20160,21000,1399-8-3
324,دماوند,توليد نيروي برق دماوند,171,266144,19689333120,77873,73980,73980,-3893,-5.0,76935,-938,-1.2,73980,73980,1399-8-3
325,حسينا,توسعه خدمات دريايي وبندري سينا,167,472419,28900853906,64188,62011,60979,-3209,-5.0,62361,-1827,-2.85,60979,64188,1399-8-3
326,شجم,صنايع پتروشيمي تخت جمشيد,166,2381412,20920704420,9247,8785,8785,-462,-5.0,8824,-423,-4.57,8785,8785,1399-8-3
327,سكه0011پ02,سكه تمام بهارتحويلي 1روزه ملت,165,46000,64457246300,1372839,1418888,1400000,27161,1.98,1401244,28405,2.07,1383000,1419000,1399-8-3
328,سامان,بانك سامان,164,1662966,16334322025,10056,10000,9755,-301,-2.99,9972,-84,-0.84,9755,10089,1399-8-3
329,شپاكسا,پاكسان‌,162,275773,7385920400,28180,27200,26780,-1400,-4.97,27960,-220,-0.78,26780,27200,1399-8-3
330,خمحركه,نيرو محركه‌,157,662421,4762806990,7560,7190,7190,-370,-4.89,7520,-40,-0.53,7190,7190,1399-8-3
331,تسه9712,امتياز تسهيلات مسكن اسفند97,156,1522,1380619861,909610,871734,903000,-6610,-0.73,907109,-2501,-0.27,871734,925000,1399-8-3
332,غبهنوش,بهنوش‌ ايران‌,155,256326,15266309530,62660,59600,59530,-3130,-5.0,61660,-1000,-1.6,59530,61000,1399-8-3
333,خاور,ايران خودرو ديزل,152,223005,1419426825,6699,6365,6365,-334,-4.99,6674,-25,-0.37,6365,6365,1399-8-3
334,پخش,پخش البرز,150,537058,16723951265,32770,31132,31132,-1638,-5.0,32196,-574,-1.75,31132,32700,1399-8-3
335,كگهر,سنگ آهن گهرزمين,150,240857,9355478800,40853,38962,38811,-2042,-5.0,40688,-165,-0.4,38811,39811,1399-8-3
336,سيمرغ,سيمرغ,148,371547,6152818320,17430,16560,16560,-870,-4.99,17320,-110,-0.63,16560,16560,1399-8-3
337,اخزا815,اسنادخزانه-م15بودجه98-010406,147,166723,121801689743,731426,731000,731076,-350,-0.05,730563,-863,-0.12,721000,732000,1399-8-3
338,تسه9807,امتياز تسهيلات مسكن مهر98,147,1468,1344886060,917080,900000,900000,-17080,-1.86,916135,-945,-0.1,900000,950000,1399-8-3
339,تشتاد,صنايع توليدي اشتاد ايران‌,147,655401,8937643732,13633,13300,14041,408,2.99,13635,2,0.01,13225,14041,1399-8-3
340,سبجنو,سيمان‌ بجنورد,147,206875,6246246750,31690,30150,30500,-1190,-3.76,31490,-200,-0.63,30110,30500,1399-8-3
341,دابور,داروسازي‌ ابوريحان‌,145,514563,22937568070,46900,46000,44560,-2340,-4.99,45780,-1120,-2.39,44560,46000,1399-8-3
342,چفيبر,فيبر ايران‌,144,1572710,15711372900,11100,9990,9990,-1110,-10.0,10710,-390,-3.51,9990,9990,1399-8-3
343,خكرمان,گروه اقتصادي كرمان خودرو,143,1360147,6940830141,5260,5103,5103,-157,-2.98,5204,-56,-1.06,5103,5103,1399-8-3
344,سپاس,صندوق س. پاداش سهامداري توسعه1,140,3995912,40395853040,10090,10100,10110,20,0.2,10110,20,0.2,10100,10110,1399-8-3
345,ولغدر,ليزينگ‌خودروغدير,140,830035,12420210090,15410,14840,14640,-770,-5.0,15300,-110,-0.71,14640,15570,1399-8-3
346,زملارد,كشاورزي و دامپروري ملارد شير,139,86887,3989590379,48333,45917,45917,-2416,-5.0,48130,-203,-0.42,45917,45917,1399-8-3
347,لوتوس,تامين سرمايه لوتوس پارسيان,138,1005309,15172986810,15880,15090,15090,-790,-4.97,15660,-220,-1.39,15090,15360,1399-8-3
348,سهگمت,سيمان‌هگمتان‌,136,266058,5266162680,20540,20840,19520,-1020,-4.97,20460,-80,-0.39,19520,20840,1399-8-3
349,تسه9806,امتياز تسهيلات مسكن شهريور98,135,1228,1119640446,914182,910000,923000,8818,0.96,911759,-2423,-0.27,870000,923000,1399-8-3
350,دسينا,داروسازي‌ سينا,134,216987,5575913290,26930,26900,25590,-1340,-4.98,26790,-140,-0.52,25590,26900,1399-8-3
351,پرداخت,به پرداخت ملت,134,213892,9370083110,45360,43110,45600,240,0.53,45060,-300,-0.66,43100,45600,1399-8-3
352,تاصيكو,سرمايه گذاري صدرتامين,132,1014976,10109160960,10480,9960,9960,-520,-4.96,10430,-50,-0.48,9960,9960,1399-8-3
353,اخزا817,اسنادخزانه-م17بودجه98-010512,131,235022,168025016184,716101,715020,715016,-1085,-0.15,714933,-1168,-0.16,680296,716800,1399-8-3
354,ثترانح,ح سرمايه گذاري مسكن تهران,130,700405,2467299648,3676,3511,3493,-183,-4.98,3523,-153,-4.16,3493,3770,1399-8-3
355,ثجوان,تامين مسكن جوانان,129,1862334,13292311190,7505,7150,7130,-375,-5.0,7248,-257,-3.42,7130,7500,1399-8-3
356,ثنوسا,نوسازي‌وساختمان‌تهران‌,128,2640946,24930530240,9930,9440,9440,-490,-4.93,9670,-260,-2.62,9440,9440,1399-8-3
357,دسبحا,گروه دارويي سبحان,125,646108,10836659050,17650,16770,17000,-650,-3.68,17450,-200,-1.13,16770,17000,1399-8-3
358,سكه0112پ03,سكه تمام بهارتحويلي1روزه سامان,123,26000,36594999200,1392803,1438000,1411000,18197,1.31,1407500,14697,1.06,1390000,1438000,1399-8-3
359,واميد,گروه مديريت سرمايه گذاري اميد,120,1170386,42590346540,38300,36390,36390,-1910,-4.99,37590,-710,-1.85,36390,36390,1399-8-3
360,دتوزيع,توزيع دارو پخش,120,104983,4427233389,44361,42143,42143,-2218,-5.0,44157,-204,-0.46,42143,43200,1399-8-3
361,وصنا,گروه‌صنايع‌بهشهرايران‌,116,553480,6243264400,11870,11280,11280,-590,-4.97,11790,-80,-0.67,11280,11290,1399-8-3
362,اخزا808,اسنادخزانه-م8بودجه98-000817,115,99466,83140751892,835537,835926,835926,389,0.05,835871,334,0.04,818002,835990,1399-8-3
363,بمپنا,توليد برق عسلويه  مپنا,114,62833,5021846230,84044,80700,80000,-4044,-4.81,83609,-435,-0.52,79842,80800,1399-8-3
364,شبصير,توليدات پتروشيمي قائد بصير,114,98178,10864115023,115991,110192,110192,-5799,-5.0,114776,-1215,-1.05,110192,111998,1399-8-3
365,سباقر,سيمان باقران,112,1493204,24615501544,16994,16485,16485,-509,-3.0,16485,-509,-3.0,16485,16488,1399-8-3
366,تايرا,تراكتورسازي‌ايران‌,111,374999,8472426950,23160,23130,22010,-1150,-4.97,23060,-100,-0.43,22010,24000,1399-8-3
367,دارو,كارخانجات‌داروپخش‌,111,99751,5542294040,58250,60400,55340,-2910,-5.0,57940,-310,-0.53,55340,60400,1399-8-3
368,وپخش,داروپخش‌ (هلدينگ‌,108,264673,31183772860,124020,117820,117820,-6200,-5.0,119950,-4070,-3.28,117820,117820,1399-8-3
369,غشهداب,كشت و صنعت شهداب ناب خراسان,108,611742,2873352174,4944,4697,4697,-247,-5.0,4929,-15,-0.3,4697,4697,1399-8-3
370,بهپاك,صنعتي بهپاك,107,197876,6350830220,33784,32095,32095,-1689,-5.0,33558,-226,-0.67,32095,32095,1399-8-3
371,اخزا809,اسنادخزانه-م9بودجه98-000923,106,152927,125408498065,819673,820036,820053,380,0.05,820055,382,0.05,820035,820500,1399-8-3
372,وكار,بانك‌ كارآفرين‌,106,574738,2620805280,4800,4560,4560,-240,-5.0,4790,-10,-0.21,4560,4560,1399-8-3
373,ونيرو,سرمايه‌گذاري‌نيرو,104,622038,2836493280,4790,4560,4560,-230,-4.8,4780,-10,-0.21,4560,4560,1399-8-3
374,فباهنر,مس‌ شهيدباهنر,103,60670,3157266800,54770,52040,52040,-2730,-4.98,54590,-180,-0.33,52040,52040,1399-8-3
375,دتماد,توليدمواداوليه‌داروپخش‌,102,609706,28339134880,48920,46480,46480,-2440,-4.99,47460,-1460,-2.98,46480,46480,1399-8-3
376,زنجان,صنايع كشاورزي وكود زنجان,100,963557,5864209736,6274,6086,6086,-188,-3.0,6217,-57,-0.91,6086,6087,1399-8-3
377,مرقام,ايران‌ارقام‌,99,208339,5037637020,25450,24180,24180,-1270,-4.99,25320,-130,-0.51,24180,24180,1399-8-3
378,شراز,پالايش نفت شيراز,99,219343,22321659738,107122,101766,101766,-5356,-5.0,104605,-2517,-2.35,101766,101766,1399-8-3
379,صايند,صندوق س. گنجينه آينده روشن-د,97,703450,7071919980,10035,10030,10061,26,0.26,10053,18,0.18,10030,10068,1399-8-3
380,ضخود1043,اختيارخ خودرو-3500-1399/10/07,97,4318,2032995000,569,542,441,-128,-22.5,471,-98,-17.22,430,550,1399-8-3
381,گپارس,امور رفاهي كارگزاران پارس,97,73411,9150428282,118713,124648,124648,5935,5.0,121298,2585,2.18,124620,124648,1399-8-3
382,وسناح,ح. سرمايه گذاري نيروگاهي ايران,94,464447,5822690134,12923,12537,12536,-387,-2.99,12537,-386,-2.99,12536,12915,1399-8-3
383,وساپا,سرمايه‌گذاري‌ سايپا,93,258734,2390702160,9720,9240,9240,-480,-4.94,9700,-20,-0.21,9240,9240,1399-8-3
384,زشگزا,شير و گوشت زاگرس شهركرد,93,42273,3845736873,95492,92500,90718,-4774,-5.0,95127,-365,-0.38,90718,95487,1399-8-3
385,فخاس,فولاد خراسان,92,343140,11454013200,35130,33380,33380,-1750,-4.98,34920,-210,-0.6,33380,33380,1399-8-3
386,تسه9805,امتياز تسهيلات مسكن مرداد98,91,806,732731925,915908,871555,905000,-10908,-1.19,909097,-6811,-0.74,871555,930000,1399-8-3
387,وپويا,سرمايه گذاري پويا,90,91873,1017769094,11661,11078,11078,-583,-5.0,11649,-12,-0.1,11078,11078,1399-8-3
388,تسه9804,امتياز تسهيلات مسكن تير98,89,1110,1014609148,917634,900000,920000,2366,0.26,914062,-3572,-0.39,900000,939290,1399-8-3
389,دسبحانح,ح. سبحان دارو,88,351144,5180896920,14290,14360,15400,1110,7.77,14750,460,3.22,14360,15500,1399-8-3
390,فيروزا,صندوق بادرآمد ثابت فيروزه آسيا,88,506728,10702010050,21140,21100,21120,-20,-0.09,21120,-20,-0.09,21050,21190,1399-8-3
391,وبهمن,سرمايه‌گذاري‌بهمن‌,87,408498,5339068860,13750,13070,13070,-680,-4.95,13670,-80,-0.58,13070,13070,1399-8-3
392,بفجر,فجر انرژي خليج فارس,87,1337697,41804005270,32890,31250,31250,-1640,-4.99,32050,-840,-2.55,31250,31870,1399-8-3
393,فزرين,زرين معدن آسيا,87,269659,5121094069,19990,18991,18991,-999,-5.0,19882,-108,-0.54,18991,18991,1399-8-3
394,بزاگرسح,ح . نيروگاه زاگرس كوثر,86,373508,3043716692,8577,8149,8149,-428,-4.99,8149,-428,-4.99,8149,8149,1399-8-3
395,زگلدشت,كشت و دام گلدشت نمونه اصفهان,84,90383,3061904891,35659,33877,33877,-1782,-5.0,35544,-115,-0.32,33877,33877,1399-8-3
396,سبزوا,سيمان لار سبزوار,83,171486,1044692712,6412,6092,6092,-320,-4.99,6405,-7,-0.11,6092,6092,1399-8-3
397,سفانو,سيمان فارس نو,82,101726,3114886060,31800,31000,30210,-1590,-5.0,31720,-80,-0.25,30210,31500,1399-8-3
398,اخزا812,اسنادخزانه-م12بودجه98-001111,82,327597,262414784109,799926,801207,801199,1273,0.16,801029,1103,0.14,790470,801207,1399-8-3
399,ثعمرا,عمران و توسعه شاهد,82,1481661,27189961011,19316,18351,18351,-965,-5.0,18764,-552,-2.86,18351,18351,1399-8-3
400,بذر,صندوق س بذر اميد آفرين-سهام,82,67542,7020283560,108100,103990,104200,-3900,-3.61,103940,-4160,-3.85,103300,104990,1399-8-3
401,وشهر,بانك شهر,82,3892583,31522137134,8263,8098,8098,-165,-2.0,8160,-103,-1.25,8098,8098,1399-8-3
402,دمعيار,صندوق س. توازن معيار-د,82,1734884,17308452561,10070,9997,9960,-110,-1.09,9977,-93,-0.92,9950,9997,1399-8-3
403,دامين,داروسازي‌ امين‌,81,230217,2908013860,13290,12680,12630,-660,-4.97,13250,-40,-0.3,12630,12680,1399-8-3
404,دبالك,مواد اوليه دارويي البرز بالك,81,221977,3302340556,15605,15000,14825,-780,-5.0,15555,-50,-0.32,14825,15210,1399-8-3
405,كمنگنز,معادن‌منگنزايران‌,79,48632,4961182090,107370,102010,102010,-5360,-4.99,106810,-560,-0.52,102010,104780,1399-8-3
406,دفارا,داروسازي‌ فارابي‌,79,45742,2996558420,68950,65510,65510,-3440,-4.99,68730,-220,-0.32,65510,65510,1399-8-3
407,سكرما,سيمان‌ كرمان‌,79,278637,3870598130,14590,13900,13870,-720,-4.93,14530,-60,-0.41,13870,14110,1399-8-3
408,غويتا,ويتانا,76,90103,4813482466,56233,53422,53422,-2811,-5.0,55948,-285,-0.51,53422,53422,1399-8-3
409,كاذر,فرآورده‌هاي‌نسوزآذر,76,131787,4533472800,36210,34400,34400,-1810,-5.0,36040,-170,-0.47,34400,34400,1399-8-3
410,وهنر,گروه توسعه هنر ايران,76,1091500,4832070500,4563,4427,4427,-136,-2.98,4529,-34,-0.75,4427,4427,1399-8-3
411,مداران,داده‌پردازي‌ايران‌,75,181834,4564773560,26420,25100,25100,-1320,-5.0,26290,-130,-0.49,25100,26420,1399-8-3
412,سنوين,سرمايه گذاري اقتصاد نوين,75,492919,5020714190,10392,10185,10285,-107,-1.03,10286,-106,-1.02,10185,10285,1399-8-3
413,زپارس,ملي كشت و صنعت و دامپروري پارس,73,168379,10666809650,66680,63350,63350,-3330,-4.99,65930,-750,-1.12,63350,63350,1399-8-3
414,صنوين,صندوق سرمايه‌گذاري صنوين-مختلط,73,35112,3729014960,107050,107900,105000,-2050,-1.91,106200,-850,-0.79,105000,107900,1399-8-3
415,شزنگ,تجهيزنيروي‌زنگان‌,72,127445,14227704910,108387,111638,111638,3251,3.0,110632,2245,2.07,111638,111638,1399-8-3
416,اخزا814,اسنادخزانه-م14بودجه98-010318,72,68959,50904831231,740379,733267,738172,-2207,-0.3,738190,-2189,-0.3,721050,740000,1399-8-3
417,شپترو,پتروشيمي آبادان,72,382029,1852840650,4999,4850,4850,-149,-2.98,4985,-14,-0.28,4850,4850,1399-8-3
418,سدور,سيمان‌ دورود,72,387054,3019021200,8210,7800,7800,-410,-4.99,8180,-30,-0.37,7800,7800,1399-8-3
419,وساربيل,شركت س استان اردبيل,71,817748,1014420260,1290,1300,1230,-60,-4.65,1290,0,0.0,1230,1300,1399-8-3
420,وكادو,تكادو,71,311012,5241485236,17740,16853,16853,-887,-5.0,17495,-245,-1.38,16853,16853,1399-8-3
421,ولصنم,ليزينگ‌صنعت‌ومعدن‌,70,281594,2140114400,8000,7600,7600,-400,-5.0,7980,-20,-0.25,7600,7600,1399-8-3
422,ضشنا1036,اختيارخ شپنا-16000-1399/10/23,70,978,2635243000,3518,2979,2510,-1008,-28.65,2695,-823,-23.39,2510,2979,1399-8-3
423,سپاها,سيمان‌سپاهان‌,70,292960,2563400000,9210,8750,8750,-460,-4.99,9190,-20,-0.22,8750,8750,1399-8-3
424,قهكمت,قندهكمتان‌,69,177674,7359656210,43600,41430,41420,-2180,-5.0,43260,-340,-0.78,41420,41700,1399-8-3
425,سصفها,سيمان‌اصفهان‌,69,37460,4501568200,126490,120170,120170,-6320,-5.0,125890,-600,-0.47,120170,120170,1399-8-3
426,خصدرا,صنعتي‌ دريايي‌ ايران‌,69,620814,3560368290,5912,5735,5735,-177,-2.99,5902,-10,-0.17,5735,5735,1399-8-3
427,فسرب,ملي‌ سرب‌وروي‌ ايران‌,69,40641,5139867270,133120,126470,126470,-6650,-5.0,132400,-720,-0.54,126470,126470,1399-8-3
428,اخزا811,اسنادخزانه-م11بودجه98-001013,69,232644,188849770344,810932,811853,811853,921,0.11,811754,822,0.1,801110,812000,1399-8-3
429,شلعاب,لعابيران‌,68,212077,1692374460,8400,7980,7980,-420,-5.0,8390,-10,-0.12,7980,7980,1399-8-3
430,دجابر,داروسازي‌ جابرابن‌حيان‌,68,178248,6637284570,39140,37420,37190,-1950,-4.98,38870,-270,-0.69,37190,37420,1399-8-3
431,حفارس,حمل و نقل بين المللي خليج فارس,64,374257,1661701080,4670,4440,4440,-230,-4.93,4660,-10,-0.21,4440,4440,1399-8-3
432,زفكا,كشت و دامداري فكا,64,56981,2398216328,44303,42088,42088,-2215,-5.0,44191,-112,-0.25,42088,42088,1399-8-3
433,كي بي سي,شركت كي بي سي,64,127638,4149887172,34204,32494,32494,-1710,-5.0,34056,-148,-0.43,32494,33300,1399-8-3
434,اخزا816,اسنادخزانه-م16بودجه98-010503,63,138210,99811580329,724055,711571,723500,-555,-0.08,722173,-1882,-0.26,711571,724900,1399-8-3
435,قپيرا,فرآورده‌هاي‌غدايي‌وقندپيرانشهر,62,18407,1471106350,82040,79600,78510,-3530,-4.3,81980,-60,-0.07,77950,83390,1399-8-3
436,وسزنجان,شركت س استان زنجان,61,463559,635710470,1430,1470,1360,-70,-4.9,1430,0,0.0,1360,1470,1399-8-3
437,سهرمز,سيمان‌هرمزگان‌,60,49778,785496840,16610,15780,15780,-830,-5.0,16600,-10,-0.06,15780,15780,1399-8-3
438,كاسپين,داروسازي كاسپين تامين,59,411578,10231417502,26167,24859,24859,-1308,-5.0,25885,-282,-1.08,24859,24859,1399-8-3
439,تصميم,صندوق س با درآمد ثابت تصميم,59,1181770,17442056750,14750,14780,14790,40,0.27,14760,10,0.07,14750,14790,1399-8-3
440,سمتاز,سيمان ممتازان كرمان,58,43379,900377875,21166,20600,21100,-66,-0.31,21147,-19,-0.09,20532,21250,1399-8-3
441,كماسه,تامين‌ ماسه‌ ريخته‌گري‌,58,25251,1312041960,54690,51960,51960,-2730,-4.99,54610,-80,-0.15,51960,51960,1399-8-3
442,گكوثر,هتل پارسيان كوثر اصفهان,58,6241,862936829,145546,138269,138269,-7277,-5.0,145414,-132,-0.09,138269,138269,1399-8-3
443,ضصاد8018,اختيارخ وبصادر-4000-1399/08/11,58,3321,126379000,131,31,43,-88,-67.18,38,-93,-70.99,30,54,1399-8-3
444,شاوان,پالايش نفت لاوان,57,38065,3813618155,105459,100187,100187,-5272,-5.0,105036,-423,-0.4,100187,100187,1399-8-3
445,ديران,ايران‌دارو,56,121476,2226655080,19290,18330,18330,-960,-4.98,19250,-40,-0.21,18330,18330,1399-8-3
446,هغدير912,اختيارف ت غدير-17380-99/12/16,56,157473,527377077,2895,3349,3349,454,15.68,3349,454,15.68,3349,3349,1399-8-3
447,زقيام,كشت و دام قيام اصفهان,56,103898,2789972994,28266,26853,26853,-1413,-5.0,28183,-83,-0.29,26853,26853,1399-8-3
448,اعتلا,شركت سرمايه گذاري اعتلاء البرز,55,417185,4051283535,10222,9711,9711,-511,-5.0,10178,-44,-0.43,9711,9711,1399-8-3
449,وسبوشهر,شركت س استان بوشهر,55,1092827,1442531640,1260,1320,1320,60,4.76,1260,0,0.0,1320,1320,1399-8-3
450,شكف,كف,54,144918,10181793762,68882,70259,70259,1377,2.0,70257,1375,2.0,70259,70259,1399-8-3
451,كابگن,توليدي و صنعتي آبگينه‌,53,1024652,4780001580,4619,4665,4665,46,1.0,4663,44,0.95,4665,4665,1399-8-3
452,شفارس,صنايع‌ شيميايي‌ فارس‌,52,79154,3174075400,42210,40100,40100,-2110,-5.0,42070,-140,-0.33,40100,40100,1399-8-3
453,قصفها,قنداصفهان‌,50,14305,2297526050,169060,160610,160610,-8450,-5.0,168650,-410,-0.24,160610,160610,1399-8-3
454,دارا2,صندوق س. دارا الگوريتم-د,50,5000000,5000000,10086,1,1,-10085,-99.99,1,-10085,-99.99,1,1,1399-8-3
455,تكنار,مجتمع معادن مس تكنار,50,30968,3109063328,97472,100396,100396,2924,3.0,97913,441,0.45,100396,100396,1399-8-3
456,دتوليد,داروسازي توليد دارو,48,162756,5665699116,36643,34811,34811,-1832,-5.0,36424,-219,-0.6,34811,34811,1399-8-3
457,پسهند,صنايع‌ لاستيكي‌  سهند,47,98304,4889011490,52340,49730,49730,-2610,-4.99,52070,-270,-0.52,49730,50160,1399-8-3
458,ساراب,سيمان‌ داراب‌,45,86248,1005651680,12270,11660,11660,-610,-4.97,12260,-10,-0.08,11660,11660,1399-8-3
459,سبهان,سيمان‌ بهبهان‌,45,19169,1088093390,59740,56760,56760,-2980,-4.99,59670,-70,-0.12,56760,56780,1399-8-3
460,فنفت,صنايع تجهيزات نفت,45,1004177,14708180519,15100,14647,14647,-453,-3.0,14757,-343,-2.27,14647,14647,1399-8-3
461,وملي,گروه‌ صنعتي‌ ملي‌ (هلدينگ‌,44,1870,708748700,398950,379010,379010,-19940,-5.0,398650,-300,-0.08,379010,379010,1399-8-3
462,ضخود1048,اختيارخ خودرو-7000-1399/10/07,44,1571,136843000,104,149,84,-20,-19.23,87,-17,-16.35,80,149,1399-8-3
463,زعف9908پ08,زعفران9908نگين روستا(پ),44,5456,461489412,84364,84990,85000,636,0.75,84584,220,0.26,83060,85162,1399-8-3
464,اميد,تامين سرمايه اميد,44,157279,1967560290,13160,12510,12510,-650,-4.94,13130,-30,-0.23,12510,12510,1399-8-3
465,اخزا818,اسنادخزانه-م18بودجه98-010614,43,31456,22105487931,702520,700021,703368,848,0.12,702743,223,0.03,700021,705990,1399-8-3
466,غگلستا,شير پاستوريزه پگاه گلستان,42,58671,888513624,15941,15144,15144,-797,-5.0,15926,-15,-0.09,15144,15144,1399-8-3
467,سخند,صندوق س.سپهرخبرگان نفت-د,42,172120,1734664350,10035,10062,10071,36,0.36,10078,43,0.43,10061,10099,1399-8-3
468,وملت,سرمايه گذاري ملت,41,150397,773491771,5357,5143,5143,-214,-3.99,5340,-17,-0.32,5143,5143,1399-8-3
469,ضصاد8020,اختيارخ وبصادر-4400-1399/08/11,40,1332,19826000,56,26,12,-44,-78.57,15,-41,-73.21,8,30,1399-8-3
470,كخاك,صنايع‌خاك‌چيني‌ايران‌,40,26338,1254215560,50120,47620,47620,-2500,-4.99,50050,-70,-0.14,47620,47620,1399-8-3
471,پيزد,مجتمع صنايع لاستيك يزد,40,8048,774330272,101277,96214,96214,-5063,-5.0,101194,-83,-0.08,96214,96214,1399-8-3
472,تكشا,گسترش‌صنايع‌وخدمات‌كشاورزي‌,40,34480,2772881600,84650,80420,80420,-4230,-5.0,84400,-250,-0.3,80420,80420,1399-8-3
473,كايتاح,ح.ايتالران‌,40,85476,1143140058,13119,13512,13511,392,2.99,13374,255,1.94,12800,13512,1399-8-3
474,كيان2,صندوق س. با درآمد ثابت كيان,39,3900000,3900000,25600,1,1,-25599,-100.0,1,-25599,-100.0,1,1,1399-8-3
475,نيرو,نيرو سرمايه,39,31798,1521002070,49114,48000,47641,-1473,-3.0,49014,-100,-0.2,47641,48000,1399-8-3
476,قشرين,قند شيرين خراسان,39,296412,4904729364,17058,16547,16547,-511,-3.0,16929,-129,-0.76,16547,16547,1399-8-3
477,رتكو,كنترل‌خوردگي‌تكين‌كو,38,41550,641532000,16250,15440,15440,-810,-4.98,16240,-10,-0.06,15440,15440,1399-8-3
478,ضخود1045,اختيارخ خودرو-4500-1399/10/07,37,1319,316433000,307,244,230,-77,-25.08,240,-67,-21.82,230,267,1399-8-3
479,اخزا806,اسنادخزانه-م6بودجه98-000519,37,46765,40596136404,867367,867477,868980,1613,0.19,868088,721,0.08,867477,868980,1399-8-3
480,پكوير,كوير تاير,36,85621,1185850850,14570,13850,13850,-720,-4.94,14550,-20,-0.14,13850,13850,1399-8-3
481,غفارس,شير پاستوريزه پگاه فارس,36,57205,546708185,10059,9557,9557,-502,-4.99,10053,-6,-0.06,9557,9557,1399-8-3
482,هاباد912,اختيارف ت آبادا-30100-99/12/12,36,69797,513496529,7773,7357,7357,-416,-5.35,7357,-416,-5.35,7357,7357,1399-8-3
483,گوهر2,صندوق سكه طلاي كيان,35,350000,350000,62180,1,1,-62179,-100.0,1,-62179,-100.0,1,1,1399-8-3
484,زعف9908پ09,زعفران9908نگين نوين(پ),35,14747,1247596161,80601,83490,84890,4289,5.32,84600,3999,4.96,83000,84900,1399-8-3
485,زعف9908پ14,زعفران9908پوشالمعمول نوين(پ),35,4447,356323715,78403,79990,80999,2596,3.31,80127,1724,2.2,78000,82295,1399-8-3
486,ثروتم,صندوق س. ثروت آفرين پارسيان-س,35,11810,1121696060,96368,83600,95000,-1368,-1.42,94978,-1390,-1.44,83600,97500,1399-8-3
487,فنورد,نوردوقطعات‌ فولادي‌,34,65421,9561933360,139200,146160,146160,6960,5.0,140470,1270,0.91,146160,146160,1399-8-3
488,ورنا,سرمايه‌گذاري‌ رنا(هلدينگ‌,34,73551,679611240,9720,9240,9240,-480,-4.94,9710,-10,-0.1,9240,9240,1399-8-3
489,هترول911,اختيارف ت پترول-14730-99/11/15,33,470000,470000,549,1,1,-548,-99.82,1,-548,-99.82,1,1,1399-8-3
490,ثتران,سرمايه گذاري مسكن تهران,32,148256,828751040,5884,5590,5590,-294,-5.0,5879,-5,-0.08,5590,5590,1399-8-3
491,وگستر,گسترش سرمايه گذاري ايرانيان,32,144658,3030295784,22050,20948,20948,-1102,-5.0,21980,-70,-0.32,20948,20948,1399-8-3
492,آسام,صندوق س.آرمان سپهر آشنا-م,31,31860,3196657750,103199,99001,101500,-1699,-1.65,100335,-2864,-2.78,99000,102000,1399-8-3
493,وسنا,سرمايه گذاري نيروگاهي ايران,31,74287,1161180097,16453,15631,15631,-822,-5.0,16409,-44,-0.27,15631,15631,1399-8-3
494,قچار,فراوردههاي غذايي وقند چهارمحال,31,4251,837174936,207301,196936,196936,-10365,-5.0,207118,-183,-0.09,196936,196936,1399-8-3
495,لابسا,آبسال‌,31,48008,1504570720,32980,31340,31340,-1640,-4.97,32930,-50,-0.15,31340,31340,1399-8-3
496,خكاوه,سايپا ديزل,31,91152,512638848,5919,5624,5624,-295,-4.98,5911,-8,-0.14,5624,5624,1399-8-3
497,ضصاد8019,اختيارخ وبصادر-4200-1399/08/11,30,545,10629000,102,33,23,-79,-77.45,20,-82,-80.39,11,33,1399-8-3
498,الماس,صندوق س.امين تدبيرگران فردا-س,30,12697,1461325068,121224,114100,115100,-6124,-5.05,115092,-6132,-5.06,114100,117500,1399-8-3
499,لبوتان,گروه‌صنعتي‌بوتان‌,30,8110,545721900,70830,67290,67290,-3540,-5.0,70790,-40,-0.06,67290,67290,1399-8-3
500,سدشت,صنايع سيمان دشتستان,29,4387,160944910,37930,37950,36040,-1890,-4.98,37930,0,0.0,36040,37950,1399-8-3
501,دكيمي,كيميدارو,29,23643,522983160,23280,22120,22120,-1160,-4.98,23270,-10,-0.04,22120,22120,1399-8-3
502,وتوس,توسعه‌شهري‌توس‌گستر,29,22080,722236800,34430,32710,32710,-1720,-5.0,34400,-30,-0.09,32710,32710,1399-8-3
503,دشيري,شيرين دارو,28,30883,5762166029,186299,180720,180711,-5588,-3.0,186380,81,0.04,180711,191850,1399-8-3
504,ضجار1016,اختيارخ وتجارت-4000-1399/10/21,28,1403,350955000,316,280,240,-76,-24.05,250,-66,-20.89,240,280,1399-8-3
505,ضصاد8015,اختيارخ وبصادر-3400-1399/08/11,28,979,206792000,491,250,200,-291,-59.27,211,-280,-57.03,200,450,1399-8-3
506,غپاك,لبنيات‌ پاك‌,28,32954,425765680,13600,12920,12920,-680,-5.0,13590,-10,-0.07,12920,12920,1399-8-3
507,زمگسا,كشاورزي‌ ودامپروي‌ مگسال‌,27,39211,1019878110,27370,26010,26010,-1360,-4.97,27340,-30,-0.11,26010,26010,1399-8-3
508,زعف9908پ15,زعفران9908پوشالمعمول طلاسرخ(پ),27,7878,634926944,81917,74500,82300,383,0.47,80595,-1322,-1.61,74500,82323,1399-8-3
509,ضملت8037,اختيارخ وبملت-8204-1399/08/28,27,646,114055563,70,5,60,-10,-14.29,43,-27,-38.57,1,99,1399-8-3
510,داريك,صندوق س.اعتماد داريك-د,27,63964,643775108,10072,10140,10040,-32,-0.32,10065,-7,-0.07,10040,10140,1399-8-3
511,اخزا903,اسنادخزانه-م3بودجه99-011110,26,41923,27373776450,655253,650500,651999,-3254,-0.5,652954,-2299,-0.35,650500,656400,1399-8-3
512,وارس,سرمايه گذاري ارس صبا,26,81562,6673729088,84354,81824,81824,-2530,-3.0,83484,-870,-1.03,81824,81824,1399-8-3
513,سرود,سيمان‌شاهرود,26,54470,765848200,14800,14060,14060,-740,-5.0,14790,-10,-0.07,14060,14060,1399-8-3
514,مفاخر,توسعه فناوري اطلاعات خوارزمي,25,13079,615994742,49576,47098,47098,-2478,-5.0,49544,-32,-0.06,47098,47098,1399-8-3
515,زعف9908پ05,زعفران9908نگين زرين(پ),25,3776,316648180,84364,83750,84650,286,0.34,83858,-506,-0.6,82100,85162,1399-8-3
516,ضصاد8012,اختيارخ وبصادر-2800-1399/08/11,25,356,204597000,965,800,510,-455,-47.15,575,-390,-40.41,510,800,1399-8-3
517,خاذين,سايپاآذين‌,25,249850,1708974000,7190,6840,6840,-350,-4.87,7180,-10,-0.14,6840,6840,1399-8-3
518,فلوله,لوله‌وماشين‌سازي‌ايران‌,25,37520,820562400,23020,21870,21870,-1150,-5.0,23000,-20,-0.09,21870,21870,1399-8-3
519,قشير,قند شيروان قوچان و بجنورد,25,44632,1035997984,24433,23212,23212,-1221,-5.0,24406,-27,-0.11,23212,23212,1399-8-3
520,زعف9908پ16,زعفران9908نگين بيرجند(پ),24,3939,309896238,79558,77922,80000,442,0.56,78674,-884,-1.11,77100,80000,1399-8-3
521,گنجين,صندوق س. گنجينه يكم آويد-د,24,87974,1012993238,11482,11510,11520,38,0.33,11515,33,0.29,11490,11530,1399-8-3
522,شكبير,پتروشيمي اميركبير,24,23074,1326887908,59270,57492,57492,-1778,-3.0,59242,-28,-0.05,57492,58000,1399-8-3
523,وسيلام,شركت س استان ايلام,24,159027,187651860,1240,1180,1180,-60,-4.84,1240,0,0.0,1180,1180,1399-8-3
524,ضفلا8085,اختيارخ فولاد-16775-1399/08/28,24,730,333536000,1177,1000,430,-747,-63.47,457,-720,-61.17,313,1000,1399-8-3
525,اخزا813,اسنادخزانه-م13بودجه98-010219,23,70532,53254199496,755402,755000,755010,-392,-0.05,755036,-366,-0.05,754000,756000,1399-8-3
526,تبرك,گروه كارخانجات صنعتي تبرك,23,9570,255136200,28063,26660,26660,-1403,-5.0,28055,-8,-0.03,26660,26660,1399-8-3
527,پست0008پ09,پسته بادامي30-28مه ولات0008(پ),23,586,944079815,1550000,1500000,1619999,69999,4.52,1611058,61058,3.94,1500000,1620000,1399-8-3
528,دكپسول,توليد ژلاتين كپسول ايران,23,85274,2948263276,36393,34574,34574,-1819,-5.0,36280,-113,-0.31,34574,34574,1399-8-3
529,تماوند,تامين سرمايه دماوند,23,200354,3166594970,16293,15805,15805,-488,-3.0,16213,-80,-0.49,15805,15805,1399-8-3
530,حخزر,كشتيراني درياي خزر,23,101218,2174061422,22609,21479,21479,-1130,-5.0,22557,-52,-0.23,21479,21479,1399-8-3
531,كپرور,فرآوري زغال سنگ پروده طبس,23,30677,1403595458,48162,45754,45754,-2408,-5.0,48091,-71,-0.15,45754,45754,1399-8-3
532,غمهرا,توليدي‌مهرام‌,22,15721,745961450,49940,47450,47450,-2490,-4.99,49900,-40,-0.08,47450,47450,1399-8-3
533,غالبر,لبنيات‌ كالبر,22,41094,499703040,12790,12160,12160,-630,-4.93,12780,-10,-0.08,12160,12160,1399-8-3
534,فجام,جام‌دارو,22,7039,351738830,52590,49970,49970,-2620,-4.98,52570,-20,-0.04,49970,49970,1399-8-3
535,عيار2,صندوق س. پشتوانه طلاي مفيد,22,220000,220000,32608,1,1,-32607,-100.0,1,-32607,-100.0,1,1,1399-8-3
536,ولانا,شركت ليزينگ آريا دانا,22,209360,4772361200,23994,22795,22795,-1199,-5.0,23693,-301,-1.25,22795,22795,1399-8-3
537,غنوش,نوش‌ مازندران‌,21,22525,1613015250,75370,71610,71610,-3760,-4.99,75240,-130,-0.17,71610,71610,1399-8-3
538,قشكر,شكرشاهرود,21,36046,1278191160,37320,35460,35460,-1860,-4.98,37270,-50,-0.13,35460,35460,1399-8-3
539,شپاس,نفت پاسارگاد,21,216534,4909258848,23865,22672,22672,-1193,-5.0,23742,-123,-0.52,22672,22672,1399-8-3
540,ساربيل,سيمان آرتا اردبيل,21,19830,1235012400,65550,62280,62280,-3270,-4.99,65460,-90,-0.14,62280,62280,1399-8-3
541,اخزا804,اسنادخزانه-م4بودجه98-000421,21,21839,19338466590,884909,885353,885523,614,0.07,885501,592,0.07,885353,886000,1399-8-3
542,بزاگرس,نيروگاه زاگرس كوثر,21,51156,743808240,15305,14540,14540,-765,-5.0,15293,-12,-0.08,14540,14540,1399-8-3
543,لپارس,پارس‌ الكتريك‌,21,1819,611202190,353690,336010,336010,-17680,-5.0,353460,-230,-0.07,336010,336010,1399-8-3
544,داوه,داروسازي آوه سينا,21,25728,423045504,17308,16443,16443,-865,-5.0,17300,-8,-0.05,16443,16443,1399-8-3
545,فرآور,فرآوري‌موادمعدني‌ايران‌,21,35657,794794530,23460,22290,22290,-1170,-4.99,23440,-20,-0.09,22290,22290,1399-8-3
546,شكربن,كربن‌ ايران‌,20,2671,200164740,78880,74940,74940,-3940,-4.99,78860,-20,-0.03,74940,74940,1399-8-3
547,ثپرديس,سرمايه گذاري مسكن پرديس,20,67900,754097400,11690,11106,11106,-584,-5.0,11681,-9,-0.08,11106,11106,1399-8-3
548,لكما,كارخانجات‌مخابراتي‌ايران‌,19,95231,1026018794,11107,10774,10774,-333,-3.0,11089,-18,-0.16,10774,10774,1399-8-3
549,شتولي,تولي‌پرس‌,19,33186,720700362,21292,21717,21717,425,2.0,21322,30,0.14,21717,21717,1399-8-3
550,وثنو,سرمايه گذاري ساختماني نوين,19,84251,1241606987,15192,14737,14737,-455,-2.99,15163,-29,-0.19,14737,14737,1399-8-3
551,اخزا821,اسنادخزانه-م21بودجه98-020906,19,3660,2089962464,572914,572200,571000,-1914,-0.33,571028,-1886,-0.33,560140,574000,1399-8-3
552,دفرا,فرآورده‌هاي‌ تزريقي‌ ايران‌,19,650871,15952848210,25790,24510,24510,-1280,-4.96,25360,-430,-1.67,24510,24510,1399-8-3
553,قزوين,كارخانجات‌ قند قزوين‌,19,54589,1624568640,31320,29760,29760,-1560,-4.98,31270,-50,-0.16,29760,29760,1399-8-3
554,خريخت,صنايع‌ريخته‌گري‌ايران‌,18,50910,246404400,5090,4840,4840,-250,-4.91,5090,0,0.0,4840,4840,1399-8-3
555,ضملي1152,اختيارخ فملي-18252-1399/11/05,18,389,544401000,1886,1600,1300,-586,-31.07,1399,-487,-25.82,1300,1600,1399-8-3
556,كصدف,كاشي صدف سرام استقلال آباده,18,101640,1866516960,17830,18364,18364,534,2.99,17878,48,0.27,18364,18364,1399-8-3
557,اخزا723,اسنادخزانه-م23بودجه97-000824,18,52838,43942103828,827612,831890,831600,3988,0.48,831638,4026,0.49,830999,831890,1399-8-3
558,قاسم,قاسم ايران,18,18353,236258169,13550,12873,12873,-677,-5.0,13547,-3,-0.02,12873,12873,1399-8-3
559,پست9908-08,پسته فندقي32-30زرينمه ولات9908,18,126,180152758,1404001,1348125,1350003,-53998,-3.85,1429784,25783,1.84,1348125,1490031,1399-8-3
560,دقاضي,داروسازي شهيد قاضي,18,5297,481196680,92996,90207,90207,-2789,-3.0,92943,-53,-0.06,90207,92980,1399-8-3
561,وسيزد,شركت س استان يزد,17,165553,220185490,1270,1330,1330,60,4.72,1270,0,0.0,1330,1330,1399-8-3
562,شسم,توليد سموم‌ علف‌ كش,17,14094,1184713452,80825,84058,84058,3233,4.0,81193,368,0.46,84058,84058,1399-8-3
563,اخزا721,اسنادخزانه-م21بودجه97-000728,17,123066,104153832450,847279,846325,846325,-954,-0.11,846325,-954,-0.11,846325,846325,1399-8-3
564,كپشير,پشم‌شيشه‌ايران‌,17,21221,362454680,17970,17080,17080,-890,-4.95,17960,-10,-0.06,17080,17080,1399-8-3
565,تكمبا,كمباين‌ سازي‌ ايران‌,17,121970,1178230200,10160,9660,9660,-500,-4.92,10150,-10,-0.1,9660,9660,1399-8-3
566,وسگلستا,شركت س استان گلستان,17,133232,157213760,1240,1180,1180,-60,-4.84,1240,0,0.0,1180,1180,1399-8-3
567,كشم0001پ01,كشمش سبز0001خليل آباد(پ),17,229,85208381,354371,372089,372089,17718,5.0,372089,17718,5.0,372089,372089,1399-8-3
568,زعف9908پ13,زعفران9908پوشالمعمول روستا(پ),17,2249,179943710,81561,81000,82323,762,0.93,80011,-1550,-1.9,77201,82323,1399-8-3
569,وسمركز,شركت س استان مركزي,17,79522,105764260,1400,1330,1330,-70,-5.0,1400,0,0.0,1330,1330,1399-8-3
570,ضجار1015,اختيارخ وتجارت-3500-1399/10/21,17,656,257282000,474,371,379,-95,-20.04,392,-82,-17.3,350,410,1399-8-3
571,سجام,مجتمع سيمان غرب آسيا,17,255172,2683899096,10843,10518,10518,-325,-3.0,10798,-45,-0.42,10518,10518,1399-8-3
572,وآفري,بيمه كارآفرين,16,155280,2445504720,16577,15749,15749,-828,-4.99,16470,-107,-0.65,15749,15749,1399-8-3
573,اخزا807,اسنادخزانه-م7بودجه98-000719,16,49888,42423587776,849976,850376,850377,401,0.05,850377,401,0.05,850376,850377,1399-8-3
574,ضملي8077,اختيارخ فملي -29750-1399/08/06,16,458,688000,5,1,2,-3,-60.0,2,-3,-60.0,1,5,1399-8-3
575,ولشرق,ليزينگ ايران و شرق,16,128892,881105712,7195,6836,6836,-359,-4.99,7188,-7,-0.1,6836,6836,1399-8-3
576,ددام,داروسازي زاگرس فارمد پارس,16,41066,541249880,13870,13180,13180,-690,-4.97,13860,-10,-0.07,13180,13180,1399-8-3
577,اخزا810,اسنادخزانه-م10بودجه98-001006,15,50309,41029504950,815200,815550,815550,350,0.04,815550,350,0.04,815550,815550,1399-8-3
578,ضملي8062,اختيارخ فملي -9750-1399/08/06,15,77,787252000,10787,10250,9252,-1535,-14.23,10224,-563,-5.22,9252,10250,1399-8-3
579,اخزا902,اسنادخزانه-م2بودجه99-011019,15,29624,19417757005,658135,663607,655500,-2635,-0.4,655474,-2661,-0.4,653034,666500,1399-8-3
580,اخزا805,اسنادخزانه-م5بودجه98-000422,15,55361,48965035902,883969,884407,884613,644,0.07,884468,499,0.06,884407,890000,1399-8-3
581,ضخود1041,اختيارخ خودرو-2500-1399/10/07,14,100,98781000,1328,1000,1020,-308,-23.19,988,-340,-25.6,901,1020,1399-8-3
582,سغرب,سيمان‌غرب‌,14,28060,517707000,19420,18450,18450,-970,-4.99,19410,-10,-0.05,18450,18450,1399-8-3
583,ضملي8067,اختيارخ فملي -14750-1399/08/06,14,41,235010000,7971,5500,5700,-2271,-28.49,5732,-2239,-28.09,4460,5990,1399-8-3
584,اخزا704,اسنادخزانه-م4بودجه97-991022,14,5163,4992114200,964588,965000,969800,5212,0.54,966902,2314,0.24,964512,970000,1399-8-3
585,وسين,بيمه سينا,13,10879,217895491,20648,20029,20029,-619,-3.0,20641,-7,-0.03,20029,20029,1399-8-3
586,افران,صندوق س افرا نماد پايدار-ثابت,13,15871,188328250,11880,11880,11860,-20,-0.17,11870,-10,-0.08,11860,11890,1399-8-3
587,وليز,ليزينگ‌ايران‌,13,19426,173279920,9380,8920,8920,-460,-4.9,9380,0,0.0,8920,8920,1399-8-3
588,نمرينو,ايران‌ مرينوس‌,13,2361,129359190,57670,54790,54790,-2880,-4.99,57660,-10,-0.02,54790,54790,1399-8-3
589,ولتجار,واسپاري تجارت وسرمايه ايرانيان,13,78139,466099135,6149,5965,5965,-184,-2.99,6145,-4,-0.07,5965,5965,1399-8-3
590,سفاسي,شركت فارسيت اهواز,12,9527,106588076,11533,11188,11188,-345,-2.99,11531,-2,-0.02,11188,11188,1399-8-3
591,ضفلا8076,اختيارخ فولاد-8775-1399/08/28,12,104,450079000,5935,4200,4470,-1465,-24.68,4328,-1607,-27.08,4200,4500,1399-8-3
592,زير0003پ04,زيره سبز0003شركت مينوبذر(پ),12,246,119983268,492994,485298,515000,22006,4.46,487737,-5257,-1.07,485298,515000,1399-8-3
593,وايران,ليزينگ ايرانيان,12,18200,168714000,9750,9270,9270,-480,-4.92,9750,0,0.0,9270,9270,1399-8-3
594,حپارسا,توسعه حمل و نقل ريلي پارسيان,12,14692,434986044,31165,29607,29607,-1558,-5.0,31151,-14,-0.04,29607,29607,1399-8-3
595,فسا,پتروشيمي فسا,12,90066,265244370,3036,2945,2945,-91,-3.0,3035,-1,-0.03,2945,2945,1399-8-3
596,وسخراش,شركت س استان خراسان شمالي,12,89848,119497840,1390,1330,1330,-60,-4.32,1390,0,0.0,1330,1330,1399-8-3
597,قنيشا,قند  نيشابور,12,6712,605892240,95020,90270,90270,-4750,-5.0,94960,-60,-0.06,90270,90270,1399-8-3
598,كگاز,شيشه‌ و گاز,12,11955,285963600,25170,23920,23920,-1250,-4.97,25160,-10,-0.04,23920,23920,1399-8-3
599,ساذري,آذريت‌,12,8580,51162540,5790,5963,5963,173,2.99,5790,0,0.0,5963,5963,1399-8-3
600,خشرق,الكتريك‌ خودرو شرق‌,12,22811,441849070,20380,19370,19370,-1010,-4.96,20370,-10,-0.05,19370,19370,1399-8-3
601,كقزوي,شيشه‌ قزوين‌,11,27168,246984288,9372,9091,9091,-281,-3.0,9368,-4,-0.04,9091,9091,1399-8-3
602,فوكا,فولاد كاويان,11,11100,222144300,21066,20013,20013,-1053,-5.0,21061,-5,-0.02,20013,20013,1399-8-3
603,ضفلا8081,اختيارخ فولاد-12775-1399/08/28,11,171,196379000,3397,1000,1300,-2097,-61.73,1148,-2249,-66.21,1000,2490,1399-8-3
604,اخزا713,اسنادخزانه-م13بودجه97-000518,11,2440,2130384771,879823,868633,881000,1177,0.13,873108,-6715,-0.76,868633,881000,1399-8-3
605,زماهان,مجتمع توليد گوشت مرغ ماهان,11,29846,674221140,23778,22590,22590,-1188,-5.0,23761,-17,-0.07,22590,22590,1399-8-3
606,هجرت,پخش هجرت,11,20219,1158528481,60314,57299,57299,-3015,-5.0,60240,-74,-0.12,57299,57299,1399-8-3
607,ثشرق,سرمايه گذاري مسكن شمال شرق,11,59305,333294100,5910,5620,5620,-290,-4.91,5910,0,0.0,5620,5620,1399-8-3
608,غپونه,نوش پونه مشهد,11,16270,257814420,16336,15846,15846,-490,-3.0,16329,-7,-0.04,15846,15846,1399-8-3
609,وتعاون,بيمه  تعاون,11,24210,148431510,6320,6131,6131,-189,-2.99,6319,-1,-0.02,6131,6131,1399-8-3
610,ضترا8040,اختيارخ شتران-16326-1399/08/11,11,85,18951075,363,150,12,-351,-96.69,131,-232,-63.91,12,150,1399-8-3
611,شرنگي,شيميايي رنگين,11,3267,375365232,118449,114896,114896,-3553,-3.0,118380,-69,-0.06,114896,114896,1399-8-3
612,اتكام,شركت بيمه اتكايي امين,11,24033,190918152,8362,7944,7944,-418,-5.0,8360,-2,-0.02,7944,7944,1399-8-3
613,پكويرح,ح. كوير تاير,10,119342,1312762000,11170,11000,11000,-170,-1.52,11000,-170,-1.52,11000,11000,1399-8-3
614,خديزل,بهمن  ديزل,10,6010,276886710,48495,46071,46071,-2424,-5.0,48481,-14,-0.03,46071,46071,1399-8-3
615,سپرمي,پرميت‌,10,16767,140440392,8460,8376,8376,-84,-0.99,8458,-2,-0.02,8376,8376,1399-8-3
616,ضملي8058,اختيارخ فملي -7750-1399/08/06,10,45,553259000,12512,12250,12500,-12,-0.1,12295,-217,-1.73,12000,12500,1399-8-3
617,زدشت,كشت و صنعت دشت خرم دره,10,22082,796696478,37977,36079,36079,-1898,-5.0,37945,-32,-0.08,36079,36079,1399-8-3
618,زير0003پ01,زيره سبز0003كيميابذر(پ),10,235,116706092,510839,500000,485298,-25541,-5.0,496622,-14217,-2.78,485298,500000,1399-8-3
619,دشيمي,شيمي‌ داروئي‌ داروپخش‌,10,3770,231364900,64590,61370,61370,-3220,-4.99,64570,-20,-0.03,61370,61370,1399-8-3
620,شستا993,اجاره ت.اجتماعي-كاردان991226,10,659,658349985,966401,990000,1000000,33599,3.48,999014,32613,3.37,990000,1009999,1399-8-3
621,ضخود1040,اختيارخ خودرو-2000-1399/10/07,10,38,52275000,1578,1300,1400,-178,-11.28,1376,-202,-12.8,1300,1580,1399-8-3
622,ضسپا8033,اختيارخ خساپا-6000-1399/08/26,10,359,691000,7,2,1,-6,-85.71,2,-5,-71.43,1,2,1399-8-3
623,ولملت,واسپاري ملت,10,111531,1239109410,11690,11110,11110,-580,-4.96,11670,-20,-0.17,11110,11110,1399-8-3
624,لپيام,گسترش صنايع پيام,10,6784,209401728,31821,30867,30867,-954,-3.0,31811,-10,-0.03,30867,30867,1399-8-3
625,پست0008پ08,پسته فندقي32-30مه ولات0008(پ),10,154,248482980,1568094,1600000,1610000,41906,2.67,1613526,45432,2.9,1600000,1646498,1399-8-3
626,ولراز,ليزينگ رازي,10,48393,1034981091,22512,21387,21387,-1125,-5.0,22451,-61,-0.27,21387,21387,1399-8-3
627,ضفلا8083,اختيارخ فولاد-14775-1399/08/28,10,69,69953000,1500,1200,1008,-492,-32.8,1014,-486,-32.4,1008,1200,1399-8-3
628,زبينا,كشاورزي و دامپروري بينالود,10,3214,134505900,44052,41850,41850,-2202,-5.0,44046,-6,-0.01,41850,41850,1399-8-3
629,كرونا2,تامين مالي جمعي صرفا اهداي سود,10,2225,22250000,10000,10000,10000,0,0.0,10000,0,0.0,10000,10000,1399-8-3
630,بسويچ,پارس‌سويچ‌,10,38561,1577530510,43060,40910,40910,-2150,-4.99,42990,-70,-0.16,40910,40910,1399-8-3
631,جهرم,پتروشيمي جهرم,10,115255,375155025,3355,3255,3255,-100,-2.98,3353,-2,-0.06,3255,3255,1399-8-3
632,شستا991,اجاره تامين اجتماعي-امين991226,10,300,296527264,996971,970106,1010000,13029,1.31,988424,-8547,-0.86,970106,1010000,1399-8-3
633,سخزر,سيمان‌ خزر,9,7134,182131020,26870,25530,25530,-1340,-4.99,26860,-10,-0.04,25530,25530,1399-8-3
634,نطرين,عطرين نخ قم,9,31435,480452540,16088,15284,15284,-804,-5.0,16080,-8,-0.05,15284,15284,1399-8-3
635,كيسون,شركت كيسون,9,17992,346202064,19837,19242,19242,-595,-3.0,19832,-5,-0.03,19242,19242,1399-8-3
636,آ س پ,آ.س.پ,9,20259,244647684,12711,12076,12076,-635,-5.0,12708,-3,-0.02,12076,12076,1399-8-3
637,بنيرو,نيروترانس‌,9,4270,236301800,58250,55340,55340,-2910,-5.0,58240,-10,-0.02,55340,55340,1399-8-3
638,ضملي1153,اختيارخ فملي-20280-1399/11/05,9,161,93953000,1517,200,900,-617,-40.67,584,-933,-61.5,200,900,1399-8-3
639,وشمال,س. چشم انداز توسعه شمال,9,885,96534030,112451,109078,109078,-3373,-3.0,112434,-17,-0.02,109078,109078,1399-8-3
640,واتي,سرمايه‌ گذاري‌ آتيه‌ دماوند,9,12618,171730980,14320,13610,13610,-710,-4.96,14320,0,0.0,13610,13610,1399-8-3
641,آرمان,بيمه آرمان,9,75544,493906672,6348,6538,6538,190,2.99,6353,5,0.08,6538,6538,1399-8-3
642,ضخود1046,اختيارخ خودرو-5000-1399/10/07,9,304,57401000,241,180,200,-41,-17.01,189,-52,-21.58,180,200,1399-8-3
643,سمايه,بانك سرمايه,9,13782,128324202,9598,9311,9311,-287,-2.99,9596,-2,-0.02,9311,9311,1399-8-3
644,سرو2,صندوق س سروسودمند مدبران-سهام,8,800000,800000,61620,1,1,-61619,-100.0,1,-61619,-100.0,1,1,1399-8-3
645,خچرخش,چرخشگر,8,20799,380621700,19260,18300,18300,-960,-4.98,19250,-10,-0.05,18300,18300,1399-8-3
646,ضصاد8008,اختيارخ وبصادر-2000-1399/08/11,8,36,48645000,1679,1300,1311,-368,-21.92,1351,-328,-19.54,1300,1404,1399-8-3
647,هشفن911,اختيارف ت شفن-318060-99/11/26,8,6077,116526475,12472,19175,19175,6703,53.74,19175,6703,53.74,19175,19175,1399-8-3
648,زعف9908پ17,زعفران9908پوشالمعمول بيرجند(پ),8,1129,88051927,77353,77499,78994,1641,2.12,77991,638,0.82,76767,80999,1399-8-3
649,زكشت,كشاورزي مكانيزه اصفهان كشت,8,3366,96923970,30310,28795,28795,-1515,-5.0,30307,-3,-0.01,28795,28795,1399-8-3
650,تشتادح,ح.صنايع توليدي اشتاد ايران‌,8,10696,117153288,11652,10953,10953,-699,-6.0,10953,-699,-6.0,10953,10953,1399-8-3
651,خلنت,لنت‌ ترمزايران‌,8,7242,634761300,92260,87650,87650,-4610,-5.0,92200,-60,-0.07,87650,87650,1399-8-3
652,سيلام,سيمان‌ ايلام‌,8,10071,102824910,10740,10210,10210,-530,-4.93,10740,0,0.0,10210,10210,1399-8-3
653,ضصاد8014,اختيارخ وبصادر-3200-1399/08/11,8,212,46487000,505,301,211,-294,-58.22,219,-286,-56.63,200,301,1399-8-3
654,حاريا,كشتيراني آريا,8,4503,139336329,31900,30943,30943,-957,-3.0,31893,-7,-0.02,30943,30943,1399-8-3
655,فنوال,نورد آلومينيوم‌,8,3870,130689900,35540,33770,33770,-1770,-4.98,35540,0,0.0,33770,33770,1399-8-3
656,ضغدر8035,اختيارخ وغدير-9000-1399/08/26,8,52,143130000,3865,2599,3333,-532,-13.76,2752,-1113,-28.8,2599,3333,1399-8-3
657,سكرد,سيمان كردستان,8,17366,171576080,10400,9880,9880,-520,-5.0,10400,0,0.0,9880,9880,1399-8-3
658,كتوكا,توليدي و خدمات صنايع نسوز توكا,7,742,89522300,126999,120650,120650,-6349,-5.0,126987,-12,-0.01,120650,120650,1399-8-3
659,ثعتما,س. ساختماني اعتماد گستر,7,17866,566227138,32673,31693,31693,-980,-3.0,32644,-29,-0.09,31693,31693,1399-8-3
660,وسكرشا,س.سهام عدالت استان كرمانشاه,7,47295,58645800,1300,1240,1240,-60,-4.62,1300,0,0.0,1240,1240,1399-8-3
661,زعف9908پ06,زعفران 9908پوشالمعمول زرين(پ),7,708,56921784,80952,75499,77120,-3832,-4.73,80398,-554,-0.68,75499,82323,1399-8-3
662,پست9908-02,پسته فندقي32-30طلاسبززرند9908,7,177,246992296,1419078,1348125,1402000,-17078,-1.2,1395437,-23641,-1.67,1348125,1402050,1399-8-3
663,وحكمت,بيمه حكمت صبا,7,133890,766118580,5898,5722,5722,-176,-2.98,5891,-7,-0.12,5722,5722,1399-8-3
664,خعمرا,توسعه و عمران شهرستان نائين,7,131235,2033748795,15046,15497,15497,451,3.0,15091,45,0.3,15497,15497,1399-8-3
665,وسخراج,شركت س استان خراسان جنوبي,7,69876,149534640,2250,2140,2140,-110,-4.89,2250,0,0.0,2140,2140,1399-8-3
666,ضغدر8039,اختيارخ وغدير-12000-1399/08/26,7,43,43010000,1721,1000,1001,-720,-41.84,1000,-721,-41.89,1000,1001,1399-8-3
667,ضملت8028,اختيارخ وبملت-4340-1399/08/28,7,308,1058812290,1060,900,830,-230,-21.7,830,-230,-21.7,810,900,1399-8-3
668,ركيش,كارت اعتباري ايران كيش,7,3910,52042100,14010,13310,13310,-700,-5.0,14010,0,0.0,13310,13310,1399-8-3
669,شمواد,توليد مواداوليه الياف مصنوعي,7,15627,984532254,64950,63002,63002,-1948,-3.0,64851,-99,-0.15,63002,63002,1399-8-3
670,ضفلا8086,اختيارخ فولاد-17775-1399/08/28,7,50,19863000,1000,500,220,-780,-78.0,397,-603,-60.3,206,500,1399-8-3
671,ضگل8065,اختيارخ كگل-23100-1399/08/21,7,91,70410000,2000,1000,600,-1400,-70.0,774,-1226,-61.3,10,1000,1399-8-3
672,ضسپا8038,اختيارخ خساپا-8500-1399/08/26,7,340,371000,2,2,1,-1,-50.0,1,-1,-50.0,1,2,1399-8-3
673,ضصاد8017,اختيارخ وبصادر-3800-1399/08/11,7,286,36906000,232,101,88,-144,-62.07,129,-103,-44.4,51,190,1399-8-3
674,سفار,سيمان‌فارس‌,7,648,56693520,92090,87490,87490,-4600,-5.0,92080,-10,-0.01,87490,87490,1399-8-3
675,ثاژن,سخت آژند,6,110565,990662400,9142,8960,8960,-182,-1.99,9124,-18,-0.2,8960,8960,1399-8-3
676,ضمخا7070,اختيارخ اخابر-20000-1400/07/28,6,11,75902000,9121,7000,6901,-2220,-24.34,6900,-2221,-24.35,6001,7000,1399-8-3
677,ضفلا8080,اختيارخ فولاد-11775-1399/08/28,6,21,42087000,4000,2003,2005,-1995,-49.88,2004,-1996,-49.9,2002,2011,1399-8-3
678,ضصاد8021,اختيارخ وبصادر-4600-1399/08/11,6,433,10698000,40,30,25,-15,-37.5,25,-15,-37.5,5,30,1399-8-3
679,كساپا,سايپاشيشه‌,6,1831,35338300,20310,19300,19300,-1010,-4.97,20310,0,0.0,19300,19300,1399-8-3
680,دلقما,دارويي‌ لقمان‌,6,5429,181328600,35150,33400,33400,-1750,-4.98,35140,-10,-0.03,33400,33400,1399-8-3
681,اخزا722,اسنادخزانه-م22بودجه97-000428,6,30058,26526214664,882370,881526,882400,30,0.0,882501,131,0.01,881526,885000,1399-8-3
682,اخزا820,اسنادخزانه-م20بودجه98-020806,6,813,468707262,575643,576600,576501,858,0.15,576516,873,0.15,576501,576600,1399-8-3
683,سنير,سيمان‌ سفيد ني‌ريز,6,10354,814963340,82850,78710,78710,-4140,-5.0,82780,-70,-0.08,78710,78710,1399-8-3
684,پست9908-04,پسته فندقي32-30سبزدانه9908,6,24,32660269,1429056,1350000,1402049,-27007,-1.89,1360844,-68212,-4.77,1350000,1402049,1399-8-3
685,كمينا,شيشه سازي مينا,6,4753,141781990,30752,29830,29830,-922,-3.0,30745,-7,-0.02,29830,29830,1399-8-3
686,ولبهمن,شركت بهمن ليزينگ,6,15888,144946224,9603,9123,9123,-480,-5.0,9602,-1,-0.01,9123,9123,1399-8-3
687,غشاذر,پگاه‌آذربايجان‌غربي‌,6,51920,1015555200,20580,19560,19560,-1020,-4.96,20560,-20,-0.1,19560,19560,1399-8-3
688,ورازي,بيمه رازي,6,35220,511323960,15282,14518,14518,-764,-5.0,15261,-21,-0.14,14518,14518,1399-8-3
689,ضفلا8082,اختيارخ فولاد-13775-1399/08/28,6,147,157099000,1857,1000,1003,-854,-45.99,1069,-788,-42.43,1000,2100,1399-8-3
690,بالبر,كابل‌ البرز,6,8342,189363400,23890,22700,22700,-1190,-4.98,23890,0,0.0,22700,22700,1399-8-3
691,ضسپا8016,اختيارخ خساپا-2000-1399/08/26,5,57,24965000,1194,420,499,-695,-58.21,438,-756,-63.32,410,499,1399-8-3
692,خكار,ايركا پارت صنعت,5,3290,107385600,34350,32640,32640,-1710,-4.98,34350,0,0.0,32640,32640,1399-8-3
693,قلرست,قند لرستان‌,5,10043,221649010,23230,22070,22070,-1160,-4.99,23220,-10,-0.04,22070,22070,1399-8-3
694,غبهار,كشت وصنعت بهاران گلبهار خراسان,5,3270,119250360,37595,36468,36468,-1127,-3.0,37588,-7,-0.02,36468,36468,1399-8-3
695,چكاوه,صنايع‌كاغذسازي‌كاوه‌,5,2539,90489960,37510,35640,35640,-1870,-4.99,37510,0,0.0,35640,35640,1399-8-3
696,ضمخا1025,اختيارخ اخابر-16000-1399/10/30,5,65,156865000,2950,2339,2500,-450,-15.25,2413,-537,-18.2,2339,2500,1399-8-3
697,غنيلي,مجتمع توليدي نيلي صنعت كرمان,5,115000,2122100000,18950,18940,18380,-570,-3.01,18453,-497,-2.62,18380,18940,1399-8-3
698,صايپا908,صكوك مرابحه سايپا908-3ماهه 18%,5,92,91860972,990121,999990,990012,-109,-0.01,998489,8368,0.85,990002,999990,1399-8-3
699,ضفلا8079,اختيارخ فولاد-10775-1399/08/28,5,53,126315000,3606,2515,3000,-606,-16.81,2383,-1223,-33.92,2160,3000,1399-8-3
700,ضصاد8011,اختيارخ وبصادر-2600-1399/08/11,5,34,26712000,1167,900,702,-465,-39.85,786,-381,-32.65,702,900,1399-8-3
701,ياقوت2,صندوق س ياقوت آگاه-ثابت,5,3870000,3870000,11180,1,1,-11179,-99.99,1,-11179,-99.99,1,1,1399-8-3
702,كسعدي,كاشي‌ سعدي‌,5,493,28288340,60390,57380,57380,-3010,-4.98,60390,0,0.0,57380,57380,1399-8-3
703,داراب,پتروشيمي داراب,5,44182,136787472,3191,3096,3096,-95,-2.98,3190,-1,-0.03,3096,3096,1399-8-3
704,وثخوز,سرمايه گذاري و توسعه خوزستان,5,1000,33024000,34045,33024,33024,-1021,-3.0,34043,-2,-0.01,33024,33024,1399-8-3
705,قشهد,شهد,5,54624,1572078720,30290,28780,28780,-1510,-4.99,30240,-50,-0.17,28780,28780,1399-8-3
706,غاذر,كشت‌وصنعت‌پياذر,5,1099,82249160,78770,74840,74840,-3930,-4.99,78760,-10,-0.01,74840,74840,1399-8-3
707,دانا2,بيمه دانا,5,1500000,9570000000,6490,6380,6380,-110,-1.69,6380,-110,-1.69,6380,6380,1399-8-3
708,ضصاد1102,اختيارخ وبصادر-3500-1399/11/12,4,21,15360000,1080,760,700,-380,-35.19,731,-349,-32.31,700,760,1399-8-3
709,ضجار1013,اختيارخ وتجارت-2500-1399/10/21,4,21,17997000,846,997,850,4,0.47,857,11,1.3,850,997,1399-8-3
710,زشريف,كشت وصنعت شريف آباد,4,3131,74524062,25054,23802,23802,-1252,-5.0,25052,-2,-0.01,23802,23802,1399-8-3
711,شلرد02,كود شيميايي اوره لردگان,4,42,41664000,1008701,992000,992000,-16701,-1.66,992000,-16701,-1.66,992000,992000,1399-8-3
712,ضصاد1103,اختيارخ وبصادر-4000-1399/11/12,4,20,11411000,725,599,520,-205,-28.28,571,-154,-21.24,520,599,1399-8-3
713,پلوله,گازلوله‌,4,8601,161724603,18992,18803,18803,-189,-1.0,18986,-6,-0.03,18803,18803,1399-8-3
714,خوساز,محورسازان‌ايران‌خودرو,4,3700,32338000,9200,8740,8740,-460,-5.0,9200,0,0.0,8740,8740,1399-8-3
715,بالاس,مهندسي ساختمان تاسيسات راه آهن,4,582,27172416,49145,46688,46688,-2457,-5.0,49144,-1,0.0,46688,46688,1399-8-3
716,نتوس,پشم‌ بافي‌ توس,4,11921,128770642,11136,10802,10802,-334,-3.0,11134,-2,-0.02,10802,10802,1399-8-3
717,وسالت,بانك قرض الحسنه رسالت,4,71621,312482423,4156,4363,4363,207,4.98,4159,3,0.07,4363,4363,1399-8-3
718,ضصاد1105,اختيارخ وبصادر-5000-1399/11/12,4,4,1430000,500,310,390,-110,-22.0,357,-143,-28.6,310,390,1399-8-3
719,شفارا,پتروشيمي فارابي,4,7087,36781530,5350,5190,5190,-160,-2.99,5350,0,0.0,5190,5190,1399-8-3
720,حپترو,حمل و نقل پتروشيمي( سهامي عام,4,1996,59780200,31520,29950,29950,-1570,-4.98,31520,0,0.0,29950,29950,1399-8-3
721,ضصاد1107,اختيارخ وبصادر-7000-1399/11/12,4,270,28000000,350,100,100,-250,-71.43,104,-246,-70.29,100,120,1399-8-3
722,كمند2,صندوق س. با درآمد ثابت كمند,4,40000000,40000000,10100,1,1,-10099,-99.99,1,-10099,-99.99,1,1,1399-8-3
723,پلاسك,پلاسكوكار,4,3300,27687000,8830,8390,8390,-440,-4.98,8830,0,0.0,8390,8390,1399-8-3
724,لازما,كارخانه هاي صنعتي آزمايش,4,1680,51676800,31387,30760,30760,-627,-2.0,31384,-3,-0.01,30760,30760,1399-8-3
725,ضترا8030,اختيارخ شتران-8113-1399/08/11,4,8,46035000,5000,4000,1500,-3500,-70.0,3375,-1625,-32.5,1500,4000,1399-8-3
726,غشصفا,شيرپاستوريزه‌پگاه‌اصفهان‌,4,7619,229941420,31760,30180,30180,-1580,-4.97,31750,-10,-0.03,30180,30180,1399-8-3
727,ضپنا1021,اختيارخ رمپنا-16106-1399/10/09,4,100,577738100,5500,4500,3300,-2200,-40.0,3901,-1599,-29.07,3300,4500,1399-8-3
728,لخزر,پارس‌ خزر,4,670,137283000,215680,204900,204900,-10780,-5.0,215650,-30,-0.01,204900,204900,1399-8-3
729,ضصاد8022,اختيارخ وبصادر-4800-1399/08/11,4,130,2050000,20,16,15,-5,-25.0,16,-4,-20.0,15,16,1399-8-3
730,زنگان,صنعت روي زنگان,4,1247,191150136,161355,153288,153288,-8067,-5.0,161323,-32,-0.02,153288,153288,1399-8-3
731,اطلس2,صندوق س.توسعه اندوخته آينده-س,3,30000,30000,191188,1,1,-191187,-100.0,1,-191187,-100.0,1,1,1399-8-3
732,ضپاس1000,اختيارخ وپارس-2000-1399/10/30,3,17,30760000,2150,1810,1805,-345,-16.05,1809,-341,-15.86,1805,1810,1399-8-3
733,ضبدر1149,اختيارخ شبندر-28000-1399/11/19,3,3,31500000,12500,10500,10500,-2000,-16.0,10500,-2000,-16.0,10500,10500,1399-8-3
734,ضفلا8087,اختيارخ فولاد-18775-1399/08/28,3,10,2750000,394,600,400,6,1.52,275,-119,-30.2,110,600,1399-8-3
735,ضگل8060,اختيارخ كگل-16100-1399/08/21,3,61,78050000,1000,50,350,-650,-65.0,1280,280,28.0,50,3500,1399-8-3
736,زعف9908پ12,زعفران9908پوشالمعمول سحرخيز(پ),3,1450,119368350,82477,82323,82323,-154,-0.19,82323,-154,-0.19,82323,82323,1399-8-3
737,سخواف,سيمان مجد خواف,3,900,14227200,16639,15808,15808,-831,-4.99,16638,-1,-0.01,15808,15808,1399-8-3
738,بتك,كارخانجات كابل سازي‌ تك‌,3,1650,56647800,33659,34332,34332,673,2.0,33663,4,0.01,34332,34332,1399-8-3
739,غگلپا,شير پاستوريزه پگاه گلپايگان,3,213,15144939,74845,71103,71103,-3742,-5.0,74844,-1,0.0,71103,71103,1399-8-3
740,ضفلا8070,اختيارخ فولاد-5775-1399/08/28,3,5,27500000,8227,5500,6000,-2227,-27.07,5500,-2727,-33.15,5000,6000,1399-8-3
741,وآتوس,س.آرين توسكا قيمت اسمي 350ريال,3,2032,71355712,36202,35116,35116,-1086,-3.0,36198,-4,-0.01,35116,35116,1399-8-3
742,ثغرب,شركت سرمايه گذاري مسكن شمالغرب,3,6771,87576114,13614,12934,12934,-680,-4.99,13613,-1,-0.01,12934,12934,1399-8-3
743,ضملي8082,اختيارخ فملي-39750-1399/08/06,3,24,35000,2,1,2,0,0.0,1,-1,-50.0,1,2,1399-8-3
744,فالوم,آلومتك‌,3,10300,348304800,34861,33816,33816,-1045,-3.0,34842,-19,-0.05,33816,33816,1399-8-3
745,شستا992,اجاره تامين اجتماعي-سپهر991226,3,19,19380000,1020000,1020000,1020000,0,0.0,1020000,0,0.0,1020000,1020000,1399-8-3
746,ضصاد8009,اختيارخ وبصادر-2200-1399/08/11,3,10,11150000,1022,1650,1000,-22,-2.15,1115,93,9.1,1000,1650,1399-8-3
747,وپسا,س. پتروشيمي ساختمان  خليج فارس,3,8985,44978910,5160,5006,5006,-154,-2.98,5160,0,0.0,5006,5006,1399-8-3
748,ثنام,س ساختماني ب نام آوران مهندسي,3,5572,116254208,21509,20864,20864,-645,-3.0,21505,-4,-0.02,20864,20864,1399-8-3
749,ضغدر8037,اختيارخ وغدير-10000-1399/08/26,3,25,27495000,7500,1500,999,-6501,-86.68,1100,-6400,-85.33,999,1500,1399-8-3
750,عفولاد3,اوراق سلف موازي ورق گرم فولاد,3,1624,1268881747,850000,780777,850000,0,0.0,781331,-68669,-8.08,780777,850000,1399-8-3
751,ضصاد8010,اختيارخ وبصادر-2400-1399/08/11,3,55,49560000,904,902,901,-3,-0.33,901,-3,-0.33,901,902,1399-8-3
752,ضترا8024,اختيارخ شتران-5181-1399/08/11,3,5,28756530,8500,4000,3333,-5167,-60.79,3373,-5127,-60.32,3100,4000,1399-8-3
753,ضملت8021,اختيارخ وبملت-2650-1399/08/28,3,3,95243000,2500,10000,3000,500,20.0,7667,5167,206.68,3000,10000,1399-8-3
754,گكيش,توريستي ورفاهي آبادگران كيش,3,603,42489792,72643,70464,70464,-2179,-3.0,72638,-5,-0.01,70464,70464,1399-8-3
755,قمرو,قند مرودشت‌,3,601,20115470,35230,33470,33470,-1760,-5.0,35230,0,0.0,33470,33470,1399-8-3
756,ضملي1150,اختيارخ فملي-14196-1399/11/05,3,22,42800000,5571,1600,2300,-3271,-58.71,1945,-3626,-65.09,1600,2300,1399-8-3
757,ضصاد8001,اختيارخ وبصادر-1300-1399/08/11,3,58,110200000,2900,1900,1900,-1000,-34.48,1900,-1000,-34.48,1900,1900,1399-8-3
758,دروز,داروسازي‌ روزدارو,3,6516,117678960,19010,18060,18060,-950,-5.0,19010,0,0.0,18060,18060,1399-8-3
759,صگل411,ص اجاره گل گهر 411- 3 ماهه 17%,2,136,133333312,999990,1100000,980392,-19598,-1.96,980392,-19598,-1.96,980392,980392,1399-8-3
760,ضسپا8022,اختيارخ خساپا-3200-1399/08/26,2,115,16485000,649,150,99,-550,-84.75,143,-506,-77.97,99,150,1399-8-3
761,ضغدر8042,اختيارخ وغدير-15000-1399/08/26,2,42,12900000,442,450,250,-192,-43.44,307,-135,-30.54,250,450,1399-8-3
762,ضغدر8038,اختيارخ وغدير-11000-1399/08/26,2,12,17660000,2091,1566,1000,-1091,-52.18,1472,-619,-29.6,1000,1566,1399-8-3
763,تملي710,تسهيلات مسكن ب. ملي-دي97,2,31,30470458,936113,982918,982918,46805,5.0,982918,46805,5.0,982918,982918,1399-8-3
764,ضصاد8013,اختيارخ وبصادر-3000-1399/08/11,2,29,17400000,739,600,600,-139,-18.81,600,-139,-18.81,600,600,1399-8-3
765,وايرا,سرمايه گذاري صنايع ايران,2,2300,20403300,9145,8871,8871,-274,-3.0,9145,0,0.0,8871,8871,1399-8-3
766,ضغدر8044,اختيارخ وغدير-17000-1399/08/26,2,8,3147000,445,799,150,-295,-66.29,393,-52,-11.69,150,799,1399-8-3
767,خمحور,توليدمحورخودرو,2,388,21766800,59050,56100,56100,-2950,-5.0,59050,0,0.0,56100,56100,1399-8-3
768,اخزا904,اسنادخزانه-م4بودجه99-011215,2,35,23800000,670000,680000,680000,10000,1.49,680000,10000,1.49,680000,680000,1399-8-3
769,ضمخا1024,اختيارخ اخابر-14000-1399/10/30,2,20,80000000,4200,4000,4000,-200,-4.76,4000,-200,-4.76,4000,4000,1399-8-3
770,ضفلا8093,اختيارخ فولاد-29775-1399/08/28,2,99,1980000,78,20,20,-58,-74.36,20,-58,-74.36,20,20,1399-8-3
771,ضملي8081,اختيارخ فملي-37750-1399/08/06,2,2,17000,204,9,8,-196,-96.08,8,-196,-96.08,8,9,1399-8-3
772,چافست,افست‌,2,624,15706080,26490,25170,25170,-1320,-4.98,26490,0,0.0,25170,25170,1399-8-3
773,فمراد,آلومراد,2,158,22687220,151140,143590,143590,-7550,-5.0,151140,0,0.0,143590,143590,1399-8-3
774,اخزا716,اسنادخزانه-م16بودجه97-000407,2,4111,3679336329,899548,889539,904500,4952,0.55,894998,-4550,-0.51,889539,904500,1399-8-3
775,آينده,بازرگاني آينده سازان بهشت پارس,2,471,10391202,22744,22062,22062,-682,-3.0,22744,0,0.0,22062,22062,1399-8-3
776,ضترا8022,اختيارخ شتران-4593-1399/08/11,2,14,143595100,7000,6055,6000,-1000,-14.29,6016,-984,-14.06,6000,6055,1399-8-3
777,تملي711,تسهيلات مسكن ب. ملي-بهمن97,2,5,6455345,1229590,1291069,1291069,61479,5.0,1291069,61479,5.0,1291069,1291069,1399-8-3
778,ضپيك1023,اختيارخ تاپيكو-20000-99/10/16,2,2,4000000,3026,2500,1500,-1526,-50.43,2000,-1026,-33.91,1500,2500,1399-8-3
779,ضسپا8020,اختيارخ خساپا-2800-1399/08/26,2,4,330000,100,60,150,50,50.0,82,-18,-18.0,60,150,1399-8-3
780,ضغدر8045,اختيارخ وغدير-18000-1399/08/26,2,24,1250000,200,100,50,-150,-75.0,52,-148,-74.0,50,100,1399-8-3
781,ضفلا8088,اختيارخ فولاد-19775-1399/08/28,2,10,144000,777,12,15,-762,-98.07,14,-763,-98.2,12,15,1399-8-3
782,خفناور,مهندسي صنعتي روان فن آور,2,1340,31686980,24891,23647,23647,-1244,-5.0,24889,-2,-0.01,23647,23647,1399-8-3
783,ضسپا8015,اختيارخ خساپا-1900-1399/08/26,2,28,18200000,608,650,650,42,6.91,650,42,6.91,650,650,1399-8-3
784,ضپار8019,اختيارخ خپارس-3800-1399/08/18,2,8,23800000,4000,3000,2900,-1100,-27.5,2975,-1025,-25.63,2900,3000,1399-8-3
785,معيار,سرمايه گذاري معيار صنعت پارس,2,11857,346176972,29791,29196,29196,-595,-2.0,29770,-21,-0.07,29196,29196,1399-8-3
786,غشوكو,شوكو پارس,2,310,13684020,45507,44142,44142,-1365,-3.0,45506,-1,0.0,44142,44142,1399-8-3
787,افرا,افرانت,2,1265,74764030,62212,59102,59102,-3110,-5.0,62207,-5,-0.01,59102,59102,1399-8-3
788,ضترا8035,اختيارخ شتران-11046-1399/08/11,2,4,10230000,1501,1500,1500,-1,-0.07,1500,-1,-0.07,1500,1500,1399-8-3
789,حبندر,دريايي و کشتيراني خط دريابندر,2,1920,44025600,23639,22930,22930,-709,-3.0,23637,-2,-0.01,22930,22930,1399-8-3
790,جفلز912,آتي ش فلزات اساسي-1399/12/13,2,3,85861170,1004224,954013,954013,-50211,-5.0,954013,-50211,-5.0,954013,954013,1399-8-3
791,ضملي1149,اختيارخ فملي-12168-1399/11/05,2,20,80000000,4685,4000,4000,-685,-14.62,4000,-685,-14.62,4000,4000,1399-8-3
792,تملي701,تسهيلات مسكن ب. ملي-فروردين97,2,2,3068016,1460960,1534008,1534008,73048,5.0,1534008,73048,5.0,1534008,1534008,1399-8-3
793,وسكهبو,س.عدالت ا. كهگيلويه وبويراحمد,2,99962,117955160,1130,1180,1180,50,4.42,1130,0,0.0,1180,1180,1399-8-3
794,فافزا,فولاد افزا سپاهان,2,2145,99465795,48811,46371,46371,-2440,-5.0,48798,-13,-0.03,46371,46371,1399-8-3
795,اخزا718,اسنادخزانه-م18بودجه97-000525,2,9800,8535800000,870000,871000,871000,1000,0.11,871000,1000,0.11,871000,871000,1399-8-3
796,ضمخا7069,اختيارخ اخابر-18000-1400/07/28,1,4,27200000,3200,6800,6800,3600,112.5,6800,3600,112.5,6800,6800,1399-8-3
797,ثامان,سامان‌ گستراصفهان‌,1,466,9977060,22530,21410,21410,-1120,-4.97,22530,0,0.0,21410,21410,1399-8-3
798,تملي705,تسهيلات مسكن ب. ملي-مرداد97,1,1,869056,827673,869056,869056,41383,5.0,869056,41383,5.0,869056,869056,1399-8-3
799,اراد324,مرابحه عام دولت3-ش.خ0211,1,45794392,45794392000000,1000000,1000000,1000000,0,0.0,1000000,0,0.0,1000000,1000000,1399-8-3
800,ضملي8057,اختيارخ فملي -7250-1399/08/06,1,2,25500000,27000,12750,12750,-14250,-52.78,12750,-14250,-52.78,12750,12750,1399-8-3
801,خراسان2,پتروشيمي خراسان,1,3000000,227610000000,79860,75870,75870,-3990,-5.0,75870,-3990,-5.0,75870,75870,1399-8-3
802,بشهاب,لامپ‌  پارس‌ شهاب‌,1,473,29765890,66240,62930,62930,-3310,-5.0,66240,0,0.0,62930,62930,1399-8-3
803,ذوب2,سهامي ذوب آهن  اصفهان,1,24564492,118769318820,5089,4835,4835,-254,-4.99,4835,-254,-4.99,4835,4835,1399-8-3
804,ضترا8027,اختيارخ شتران-6353-1399/08/11,1,6,43937850,5766,4295,4295,-1471,-25.51,4295,-1471,-25.51,4295,4295,1399-8-3
805,ضچاد1015,اختيارخ كچاد-16000-1399/10/02,1,34,71400000,2562,2100,2100,-462,-18.03,2100,-462,-18.03,2100,2100,1399-8-3
806,تملي707,تسهيلات مسكن ب. ملي-مهر97,1,1,1142978,1088551,1142978,1142978,54427,5.0,1142978,54427,5.0,1142978,1142978,1399-8-3
807,ضچاد1014,اختيارخ كچاد-14000-1399/10/02,1,10,30500000,3079,3050,3050,-29,-0.94,3050,-29,-0.94,3050,3050,1399-8-3
808,تملي801,تسهيلات مسكن ب. ملي-فروردين98,1,1,880548,838618,880548,880548,41930,5.0,880548,41930,5.0,880548,880548,1399-8-3
809,فنرژي,گسترش صنايع انرژي آذرآب,1,477,5078619,10864,10647,10647,-217,-2.0,10864,0,0.0,10647,10647,1399-8-3
810,ضغدر8040,اختيارخ وغدير-13000-1399/08/26,1,6,6000000,2350,1000,1000,-1350,-57.45,1000,-1350,-57.45,1000,1000,1399-8-3
811,اخزا8152,اسنادخزانه-م15بودجه98-010406,1,499398,360065958000,731426,721000,721000,-10426,-1.43,721000,-10426,-1.43,721000,721000,1399-8-3
812,ضملي8076,اختيارخ فملي -27750-1399/08/06,1,24,24000,3000,1,1,-2999,-99.97,1,-2999,-99.97,1,1,1399-8-3
813,صخود412,ص مرابحه خودرو412- 3ماهه 18%,1,11,10953800,995000,995800,995800,800,0.08,995800,800,0.08,995800,995800,1399-8-3
814,تملي805,تسهيلات مسكن ب. ملي-مرداد98,1,1,454409,432771,454409,454409,21638,5.0,454409,21638,5.0,454409,454409,1399-8-3
815,ضملي1154,اختيارخ فملي-24336-1399/11/05,1,10,8500000,500,850,850,350,70.0,850,350,70.0,850,850,1399-8-3
816,وغدير2,سرمايه‌گذاري‌غدير(هلدينگ‌,1,24000000,293040000000,12850,12210,12210,-640,-4.98,12210,-640,-4.98,12210,12210,1399-8-3
817,فبيرا,بسته‌ بندي‌ ايران‌,1,50000,246150000,5075,4923,4923,-152,-3.0,5073,-2,-0.04,4923,4923,1399-8-3
818,اراد354,مرابحه عام دولت3-ش.خ 0103,1,20000000,18800000000000,949038,940000,940000,-9038,-0.95,940000,-9038,-0.95,940000,940000,1399-8-3
819,ضغدر8041,اختيارخ وغدير-14000-1399/08/26,1,5,2775000,852,555,555,-297,-34.86,555,-297,-34.86,555,555,1399-8-3
820,تملي709,تسهيلات مسكن ب. ملي-آذر97,1,1,730369,695590,730369,730369,34779,5.0,730369,34779,5.0,730369,730369,1399-8-3
821,ثتوسا,س.توسعه و عمران استان اردبيل,1,292,20892892,73763,71551,71551,-2212,-3.0,73761,-2,0.0,71551,71551,1399-8-3
822,ضملي1148,اختيارخ فملي-10140-1399/11/05,1,4,27200000,10377,6800,6800,-3577,-34.47,6800,-3577,-34.47,6800,6800,1399-8-3
823,ضبدر8069,اختيارخ شبندر-55580-1399/08/18,1,1,9000,18,9,9,-9,-50.0,9,-9,-50.0,9,9,1399-8-3
824,تملي708,تسهيلات مسكن ب. ملي-آبان97,1,1,462217,440207,462217,462217,22010,5.0,462217,22010,5.0,462217,462217,1399-8-3
825,اراد38,مرابحه عام دولت3-ش.خ 0105,1,1000,991175000,965175,991175,991175,26000,2.69,991175,26000,2.69,991175,991175,1399-8-3
826,خموتور,موتورسازان‌تراكتورسازي‌ايران‌,1,700,8127000,12220,11610,11610,-610,-4.99,12220,0,0.0,11610,11610,1399-8-3
827,ضفلا8089,اختيارخ فولاد-21775-1399/08/28,1,2,20000,350,10,10,-340,-97.14,10,-340,-97.14,10,10,1399-8-3
828,تملي807,تسهيلات مسكن ب. ملي-مهر98,1,9,6396066,676833,710674,710674,33841,5.0,710674,33841,5.0,710674,710674,1399-8-3
829,تملي702,تسهيلات مسكن ب. ملي-ارديبهشت97,1,1,1321486,1258559,1321486,1321486,62927,5.0,1321486,62927,5.0,1321486,1321486,1399-8-3
830,ضترا8018,اختيارخ شتران-3421-1399/08/11,1,1,13640000,21000,8000,8000,-13000,-61.9,8000,-13000,-61.9,8000,8000,1399-8-3
831,وبانك2,سرمايه گذاري گروه توسعه ملي,1,6700000,66464000000,10440,9920,9920,-520,-4.98,9920,-520,-4.98,9920,9920,1399-8-3
832,اراد314,مرابحه عام دولت3-ش.خ 0208,1,25000000,25000000000000,1000000,1000000,1000000,0,0.0,1000000,0,0.0,1000000,1000000,1399-8-3
833,حسير,ريل سير كوثر,1,200,5228200,27516,26141,26141,-1375,-5.0,27516,0,0.0,26141,26141,1399-8-3
834,ضغدر8036,اختيارخ وغدير-9500-1399/08/26,1,5,17500000,4000,3500,3500,-500,-12.5,3500,-500,-12.5,3500,3500,1399-8-3
835,اراد364,مرابحه عام دولت3-ش.خ 0104,1,20000000,18640000000000,915000,932000,932000,17000,1.86,932000,17000,1.86,932000,932000,1399-8-3
836,گواهي ظرفيت,گواهي ظرفيت نقدي,1,200000,2127800000,10639,10639,10639,0,0.0,10639,0,0.0,10639,10639,1399-8-3
837,ضگل8056,اختيارخ كگل-12100-1399/08/21,1,1,4000000,4050,4000,4000,-50,-1.23,4000,-50,-1.23,4000,4000,1399-8-3
838,بايكا,كارخانجات كابلسازي ‌ايران‌,1,244,9924212,41930,40673,40673,-1257,-3.0,41929,-1,0.0,40673,40673,1399-8-3
839,ضچاد1018,اختيارخ كچاد-24000-1399/10/02,1,10,110000,3800,11,11,-3789,-99.71,11,-3789,-99.71,11,11,1399-8-3
840,ضصاد8000,اختيارخ وبصادر-1200-1399/08/11,1,2,4000000,2611,2000,2000,-611,-23.4,2000,-611,-23.4,2000,2000,1399-8-3
841,ضفلا8068,اختيارخ فولاد-4751-1399/08/28,1,10,136680000,9001,8500,8500,-501,-5.57,8500,-501,-5.57,8500,8500,1399-8-3
842,فسديد,لوله‌وتجهيزات‌ سديد - ورشكسته,1,50,5782850,116825,115657,115657,-1168,-1.0,116824,-1,0.0,115657,115657,1399-8-3
843,اخزا8182,اسنادخزانه-م18بودجه98-010614,1,141128,98789600000,702520,700000,700000,-2520,-0.36,700000,-2520,-0.36,700000,700000,1399-8-3
844,خكمك,كمك‌فنرايندامين‌,1,95,5030250,55730,52950,52950,-2780,-4.99,55730,0,0.0,52950,52950,1399-8-3
845,پارسان2,گسترش نفت و گاز پارسيان,1,23501233,511621842410,22910,21770,21770,-1140,-4.98,21770,-1140,-4.98,21770,21770,1399-8-3
846,ضغدر8046,اختيارخ وغدير-19000-1399/08/26,1,6,120000,250,20,20,-230,-92.0,20,-230,-92.0,20,20,1399-8-3
847,ضگل8058,اختيارخ كگل-14100-1399/08/21,1,20,26000000,9000,1300,1300,-7700,-85.56,1300,-7700,-85.56,1300,1300,1399-8-3
848,تملي803,تسهيلات مسكن ب. ملي-خرداد98,1,4,1374356,327228,343589,343589,16361,5.0,343589,16361,5.0,343589,343589,1399-8-3
849,تملي612,تسهيلات مسكن بانك ملي-اسفند96,1,1,7207145,6863948,7207145,7207145,343197,5.0,7207145,343197,5.0,7207145,7207145,1399-8-3
850,تملي712,تسهيلات مسكن ب. ملي-اسفند97,1,1,1389626,1323454,1389626,1389626,66172,5.0,1389626,66172,5.0,1389626,1389626,1399-8-3
851,اجاد25,اجاره دولتي آپرورش-سپهر991118,1,1,1000001,1000000,1000001,1000001,1,0.0,1000001,1,0.0,1000001,1000001,1399-8-3
852,شستا003,اجاره تامين اجتماعي-سپهر000523,1,50,49250000,989989,985000,985000,-4989,-0.5,985000,-4989,-0.5,985000,985000,1399-8-3
853,تملي706,تسهيلات مسكن ب. ملي-شهريور97,1,9,5332779,564316,592531,592531,28215,5.0,592531,28215,5.0,592531,592531,1399-8-3
854,تكنو,تكنوتار,1,469,6847400,15360,14600,14600,-760,-4.95,15360,0,0.0,14600,14600,1399-8-3
855,ضشنا1035,اختيارخ شپنا-14000-1399/10/23,1,1,4100000,5023,4100,4100,-923,-18.38,4100,-923,-18.38,4100,4100,1399-8-3
856,اخزا8202,اسنادخزانه-م20بودجه98-020806,1,672671,381404457000,575643,567000,567000,-8643,-1.5,567000,-8643,-1.5,567000,567000,1399-8-3
857,اخزا8172,اسنادخزانه-م17بودجه98-010512,1,297931,211531010000,716101,710000,710000,-6101,-0.85,710000,-6101,-0.85,710000,710000,1399-8-3
858,ضسپا8018,اختيارخ خساپا-2400-1399/08/26,1,10,1600000,355,160,160,-195,-54.93,160,-195,-54.93,160,160,1399-8-3
859,ضچاد1019,اختيارخ كچاد-28000-1399/10/02,1,1,10000,3000,10,10,-2990,-99.67,10,-2990,-99.67,10,10,1399-8-3
860,ضفلا8090,اختيارخ فولاد-23775-1399/08/28,1,6,30000,109,5,5,-104,-95.41,5,-104,-95.41,5,5,1399-8-3
861,اشاد10,مشاركت دولتي10-شرايط خاص001226,1,1200,1148400000,963490,957000,957000,-6490,-0.67,957000,-6490,-0.67,957000,957000,1399-8-3
862,تملي704,تسهيلات مسكن ب. ملي-تير97,1,2,4590294,2185855,2295147,2295147,109292,5.0,2295147,109292,5.0,2295147,2295147,1399-8-3
863,صينا205,صكوك منفعت سينا دارو-3ماهه 19%,1,5,5000000,1009600,1000000,1000000,-9600,-0.95,1000000,-9600,-0.95,1000000,1000000,1399-8-3
864,تملي804,تسهيلات مسكن ب. ملي-تير98,1,1,579485,551891,579485,579485,27594,5.0,579485,27594,5.0,579485,579485,1399-8-3
865,ضملي8075,اختيارخ فملي -25750-1399/08/06,1,10,10000,500,1,1,-499,-99.8,1,-499,-99.8,1,1,1399-8-3
866,اراد41,مرابحه عام دولت4-ش.خ 0006,1,1000,1036500000,1046949,1036500,1036500,-10449,-1.0,1036500,-10449,-1.0,1036500,1036500,1399-8-3
867,اخزا8162,اسنادخزانه-م16بودجه98-010503,1,249960,178721400000,724055,715000,715000,-9055,-1.25,715000,-9055,-1.25,715000,715000,1399-8-3
868,ضفلا8078,اختيارخ فولاد-9775-1399/08/28,1,2,6000000,4400,3000,3000,-1400,-31.82,3000,-1400,-31.82,3000,3000,1399-8-3
869,ضغدر8043,اختيارخ وغدير-16000-1399/08/26,1,1,600000,462,600,600,138,29.87,600,138,29.87,600,600,1399-8-3
870,اشاد102,مشاركت دولتي10-شرايط خاص001226,1,62,57040000,963490,920000,920000,-43490,-4.51,920000,-43490,-4.51,920000,920000,1399-8-3
871,ضملت8032,اختيارخ وبملت-5789-1399/08/28,1,2,1250582,405,151,151,-254,-62.72,151,-254,-62.72,151,151,1399-8-3
872,تملي806,تسهيلات مسكن ب. ملي-شهريور98,1,1,408300,388858,408300,408300,19442,5.0,408300,19442,5.0,408300,408300,1399-8-3
873,اوصتا4,صندوق انديشه ورزان صباتامين -د,1,11000000,185020000000,16814,16820,16820,6,0.04,16820,6,0.04,16820,16820,1399-8-3
874,عفولاد2,اوراق سلف ورق گرم فولاد مباركه,1,20,11368800,556056,568440,568440,12384,2.23,568440,12384,2.23,568440,568440,1399-8-3
875,اخزا720,اسنادخزانه-م20بودجه97-000324,1,20000,17938000000,896884,896900,896900,16,0.0,896900,16,0.0,896900,896900,1399-8-3
876,تملي802,تسهيلات مسكن ب. ملي-ارديبهشت98,1,1,1464165,1394443,1464165,1464165,69722,5.0,1464165,69722,5.0,1464165,1464165,1399-8-3
877,ضترا8023,اختيارخ شتران-4886-1399/08/11,1,2,19648420,9501,5762,5762,-3739,-39.35,5762,-3739,-39.35,5762,5762,1399-8-3
878,غپآذر,شير پگاه آذربايجان شرقي,1,1000,52355000,55110,52355,52355,-2755,-5.0,55107,-3,-0.01,52355,52355,1399-8-3
879,كايتا,ايتالران‌,1,45,437895,9268,9731,9731,463,5.0,9268,0,0.0,9731,9731,1399-8-3
880,ضبدر8054,اختيارخ شبندر-18580-1399/08/18,1,1,3000000,17000,3000,3000,-14000,-82.35,3000,-14000,-82.35,3000,3000,1399-8-3
881,ضملت8033,اختيارخ وبملت-6272-1399/08/28,1,2,1242300,274,150,150,-124,-45.26,150,-124,-45.26,150,150,1399-8-3
882,مبين015,اجاره اعتماد مبين تمدن011019,1,100,95200000,932000,952000,952000,20000,2.15,952000,20000,2.15,952000,952000,1399-8-3
883,ضبدر8056,اختيارخ شبندر-21580-1399/08/18,1,10,80000000,13355,8000,8000,-5355,-40.1,8000,-5355,-40.1,8000,8000,1399-8-3
884,زعف9908پ11,زعفران9908نگين سحرخيز(پ),1,88,7494256,84364,85162,85162,798,0.95,85162,798,0.95,85162,85162,1399-8-3
885,ضغدر8030,اختيارخ وغدير-6510-1399/08/26,1,10,40000000,5812,4000,4000,-1812,-31.18,4000,-1812,-31.18,4000,4000,1399-8-3
886,اخزا8212,اسنادخزانه-م21بودجه98-020906,1,121095,67813200000,572914,560000,560000,-12914,-2.25,560000,-12914,-2.25,560000,560000,1399-8-3
