,نماد,نام,تعداد,حجم,ارزش,دیروز,اولین,آخرین معامله - مقدار,آخرین معامله - تغییر,آخرین معامله - درصد,قیمت پایانی - مقدار,قیمت پایانی - تغییر,قیمت پایانی - درصد,کمترین,بیشترین,تاریخ
0,شاروم,پتروشيمي اروميه,80728,52595692,1087755684639,20494,19470,21518,1024,5.0,20681,187,0.91,19470,21518,1399-8-14
1,ثاميد,توسعه و عمران اميد,69913,409261829,973343959590,2470,2350,2480,10,0.4,2380,-90,-3.64,2350,2500,1399-8-14
2,دارا يكم,صندوق واسطه گري مالي يكم-سهام,46086,24826534,4748578612420,188950,190500,190380,1430,0.76,191270,2320,1.23,188000,194990,1399-8-14
3,وسپهر,سرمايه گذاري مالي سپهرصادرات,44667,88291165,1031660598797,11533,11533,11773,240,2.08,11685,152,1.32,11300,12000,1399-8-14
4,دي,بانك دي,43651,102067274,4574055530952,46023,43800,43722,-2301,-5.0,44814,-1209,-2.63,43722,47900,1399-8-14
5,خودرو,ايران‌ خودرو,35865,988241148,3239837778610,3420,3250,3250,-170,-4.97,3280,-140,-4.09,3250,3490,1399-8-14
6,شپنا,پالايش نفت اصفهان,29014,195019207,2650739720440,13100,13000,13750,650,4.96,13590,490,3.74,12500,13750,1399-8-14
7,بپيوند,برق و انرژي پيوندگستر پارس,27364,22837235,581287906717,24603,25400,25430,827,3.36,25454,851,3.46,24700,26500,1399-8-14
8,ثبهساز,بهساز كاشانه تهران,26691,99679243,283563512640,2780,2800,2910,130,4.68,2840,60,2.16,2710,2910,1399-8-14
9,سيتا,سرمايه گذاري سيمان تامين,25423,28917014,514750591370,17070,17400,17920,850,4.98,17800,730,4.28,17100,17920,1399-8-14
10,زملارد,كشاورزي و دامپروري ملارد شير,23851,4543074,191545934229,43974,41776,41776,-2198,-5.0,42162,-1812,-4.12,41776,43900,1399-8-14
11,آبادا,توليد نيروي برق آبادان,23827,5839857,103997681060,17740,17250,18100,360,2.03,17810,70,0.39,17110,18380,1399-8-14
12,شبندر,پالايش نفت بندرعباس,23570,69735802,1870998138460,26100,26100,27400,1300,4.98,26830,730,2.8,24810,27400,1399-8-14
13,بگيلان,توسعه مسير برق گيلان,22026,5877397,157899409581,26355,26790,27222,867,3.29,26866,511,1.94,26105,27570,1399-8-14
14,امين,تامين سرمايه امين,21151,17680687,202440304580,11370,11420,11540,170,1.5,11450,80,0.7,10950,11750,1399-8-14
15,غزر,صنعتي زر ماكارون,20923,3026116,147576492700,49840,48050,49860,20,0.04,48770,-1070,-2.15,47450,50800,1399-8-14
16,وبصادر,بانك صادرات ايران,20319,417479310,1282649924450,3160,3100,3070,-90,-2.85,3070,-90,-2.85,3010,3250,1399-8-14
17,خساپا,سايپا,20130,542361028,1256171403830,2420,2340,2300,-120,-4.96,2320,-100,-4.13,2300,2440,1399-8-14
18,شتران,پالايش نفت تهران,20004,102238199,1159298833410,10940,11390,11480,540,4.94,11340,400,3.66,10510,11480,1399-8-14
19,گدنا,تهيه توزيع غذاي دنا آفرين فدك,18950,2185581,35146328061,15316,16081,16081,765,4.99,15824,508,3.32,16081,16081,1399-8-14
20,وبملت,بانك ملت,17004,361120853,1744789703030,4750,4750,4870,120,2.53,4830,80,1.68,4630,4980,1399-8-14
21,فولاد,فولاد مباركه اصفهان,14153,155946138,2017339314720,12330,12940,12940,610,4.95,12940,610,4.95,12610,12940,1399-8-14
22,رافزا,رايان هم افزا,13346,79429,2747607968,32945,34592,34592,1647,5.0,33031,86,0.26,34592,34592,1399-8-14
23,ولپارس,ليزينگ پارسيان,13280,983174,4689739980,4550,4770,4770,220,4.84,4560,10,0.22,4770,4770,1399-8-14
24,وخارزم,سرمايه گذاري خوارزمي,11575,89861042,805237167450,9360,8900,9000,-360,-3.85,8960,-400,-4.27,8900,9280,1399-8-14
25,آريا,پليمر آريا ساسول,10569,2238349,370702622576,157754,165641,165641,7887,5.0,165614,7860,4.98,160000,165641,1399-8-14
26,شگويا,پتروشيمي تندگويان,9378,58811024,634137761384,10292,10570,10806,514,4.99,10783,491,4.77,10115,10806,1399-8-14
27,بركت,گروه دارويي بركت,9112,30482021,371029085790,12560,12150,12220,-340,-2.71,12170,-390,-3.11,11940,12950,1399-8-14
28,فملي,ملي‌ صنايع‌ مس‌ ايران‌,8953,80376009,1759996883990,20860,21900,21900,1040,4.99,21900,1040,4.99,21510,21900,1399-8-14
29,پترول,گروه پتروشيمي س. ايرانيان,8746,77823050,948895107600,11640,11970,12220,580,4.98,12190,550,4.73,11660,12220,1399-8-14
30,صبا,سرمايه گذاري صبا تامين,8528,34443830,283573577546,7872,7894,8265,393,4.99,8233,361,4.59,7872,8265,1399-8-14
31,ذوب,سهامي ذوب آهن  اصفهان,8082,222004053,1080633784643,4645,4799,4877,232,4.99,4868,223,4.8,4650,4877,1399-8-14
32,زدشت,كشت و صنعت دشت خرم دره,7980,16773448,686372043696,41153,42000,38660,-2493,-6.06,40920,-233,-0.57,38020,44520,1399-8-14
33,فارس,صنايع پتروشيمي خليج فارس,7751,54936189,705749203440,12370,12500,12980,610,4.93,12850,480,3.88,11760,12980,1399-8-14
34,ساوه,سيمان ساوه,6922,3221092,163057069984,52726,50090,50090,-2636,-5.0,50622,-2104,-3.99,50090,52700,1399-8-14
35,وپارس,بانك‌پارسيان‌,6617,117863949,365370452110,3040,3050,3110,70,2.3,3100,60,1.97,3000,3190,1399-8-14
36,كحافظ,كاشي‌ وسراميك‌ حافظ‌,6555,22849706,633313374020,26660,26900,27990,1330,4.99,27720,1060,3.98,25700,27990,1399-8-14
37,صباح,ح . سرمايه گذاري صبا تامين,6405,30307807,194741018837,6128,6375,6434,306,4.99,6425,297,4.85,6128,6434,1399-8-14
38,انرژي3,سايراشخاص بورس انرژي,6380,1192605,430618250640,356850,360100,373330,16480,4.62,361070,4220,1.18,341000,374600,1399-8-14
39,خگستر,گسترش‌سرمايه‌گذاري‌ايران‌خودرو,6263,106962731,393222316940,3860,3670,3670,-190,-4.92,3680,-180,-4.66,3670,3840,1399-8-14
40,شيران,س. صنايع‌شيميايي‌ايران,6190,21381699,699535532200,33790,32110,32910,-880,-2.6,32720,-1070,-3.17,32110,33770,1399-8-14
41,شبريز,پالايش نفت تبريز,6012,17943135,509992369770,27550,26900,28920,1370,4.97,28420,870,3.16,26400,28920,1399-8-14
42,غگل,گلوكوزان‌,5951,61769111,287823340630,4510,4360,4730,220,4.88,4660,150,3.33,4350,4730,1399-8-14
43,ونوين,بانك‌اقتصادنوين‌,5825,123832678,538180584740,4390,4390,4400,10,0.23,4350,-40,-0.91,4180,4540,1399-8-14
44,گكوثر,هتل پارسيان كوثر اصفهان,5542,2850780,403014639832,149866,143500,135511,-14355,-9.58,141370,-8496,-5.67,135200,153800,1399-8-14
45,فاراك,ماشين‌ سازي‌ اراك‌,5484,41990785,277860735840,6840,6720,6620,-220,-3.22,6620,-220,-3.22,6500,7140,1399-8-14
46,غگيلا,شيرپاستوريزه پگاه گيلان,5027,97319,1674470714,16387,17206,17206,819,5.0,16413,26,0.16,17206,17206,1399-8-14
47,وبرق,س.کارکنان صنعت برق زنجان وقزوي,5022,2886382,594607502975,208035,197634,208000,-35,-0.02,206004,-2031,-0.98,197634,217990,1399-8-14
48,زبينا,كشاورزي و دامپروري بينالود,4313,5609109,275236411562,50471,50455,47000,-3471,-6.88,49070,-1401,-2.78,46250,52800,1399-8-14
49,شصدفح,ح . صنعتي دوده فام,4222,1631508,29706749053,17948,17948,18320,372,2.07,18208,260,1.45,17740,18500,1399-8-14
50,بجهرم,توسعه مولد نيروگاهي جهرم,3682,35507341,132254605668,3645,3700,3776,131,3.59,3725,80,2.19,3567,3820,1399-8-14
51,فرابورس,فرابورس ايران,3671,5575748,287619734941,53782,53450,51093,-2689,-5.0,51584,-2198,-4.09,51093,54600,1399-8-14
52,اخابر,مخابرات ايران,3631,24229684,296117914990,12210,12000,12260,50,0.41,12220,10,0.08,11630,12570,1399-8-14
53,ثنوسا,نوسازي‌وساختمان‌تهران‌,3616,23758976,204413351610,8490,8750,8280,-210,-2.47,8600,110,1.3,8180,8910,1399-8-14
54,زقيام,كشت و دام قيام اصفهان,3524,7179658,231734933863,33248,33248,30850,-2398,-7.21,32277,-971,-2.92,30000,35772,1399-8-14
55,چكاپا,گروه صنايع كاغذ پارس,3511,37269862,202454545300,5200,5190,5460,260,5.0,5430,230,4.42,5110,5460,1399-8-14
56,ثاخت,بين‌المللي‌توسعه‌ساختمان,3493,38225259,141022230390,3810,3700,3690,-120,-3.15,3690,-120,-3.15,3620,3940,1399-8-14
57,كمند,صندوق س. با درآمد ثابت كمند,3484,168092518,1707615290247,10168,10159,10162,-6,-0.06,10159,-9,-0.09,10145,10164,1399-8-14
58,خزر,فنرسازي‌زر,3482,20842854,240767095180,11550,12120,11180,-370,-3.2,11550,0,0.0,10980,12120,1399-8-14
59,كالا,بورس كالاي ايران,3470,7713160,295276682350,39960,38710,38200,-1760,-4.4,38280,-1680,-4.2,37970,40400,1399-8-14
60,شلرد,كود شيميايي اوره لردگان,3385,23746601,187253181039,7907,7680,8050,143,1.81,7885,-22,-0.28,7675,8098,1399-8-14
61,آگاس,صندوق س.هستي بخش آگاه-س,3329,4891356,320057376706,62040,63720,66299,4259,6.86,65433,3393,5.47,63720,66300,1399-8-14
62,لسرما,سرما آفرين‌,3298,13946722,408007496090,28690,27260,30120,1430,4.98,29250,560,1.95,27260,30120,1399-8-14
63,بكام,كارخانجات توليدي شهيد قندي,3297,37809218,188995663490,5250,4990,4990,-260,-4.95,5000,-250,-4.76,4990,5190,1399-8-14
64,تسه9907,امتياز تسهيلات مسكن مهر99,3280,81461,64492641585,798546,780000,780011,-18535,-2.32,791700,-6846,-0.86,773000,800000,1399-8-14
65,هاي وب,داده گسترعصرنوين-هاي وب,3271,8577060,193672816160,21790,20880,22870,1080,4.96,22580,790,3.63,20880,22870,1399-8-14
66,كاما,باما,3195,2316920,371916884030,153630,156900,161310,7680,5.0,160520,6890,4.48,154010,161310,1399-8-14
67,وپاسار,بانك  پاسارگاد,3189,26913611,243925740040,8730,8800,9150,420,4.81,9060,330,3.78,8740,9160,1399-8-14
68,خپارس,پارس‌ خودرو,3067,37963296,217790548120,6030,5730,5730,-300,-4.98,5740,-290,-4.81,5730,6000,1399-8-14
69,دماوند,توليد نيروي برق دماوند,2993,4038459,279668367874,72442,68820,68820,-3622,-5.0,69251,-3191,-4.4,68820,72000,1399-8-14
70,وغدير,سرمايه‌گذاري‌غدير(هلدينگ‌,2956,26463061,290705416510,10470,10980,10990,520,4.97,10990,520,4.97,10600,10990,1399-8-14
71,شپلي,پلي اكريل ايران,2818,30722695,176186137987,5952,5740,5690,-262,-4.4,5735,-217,-3.65,5655,6060,1399-8-14
72,غسالم,سالمين‌,2699,18529999,80312486590,4520,4300,4350,-170,-3.76,4330,-190,-4.2,4300,4500,1399-8-14
73,نوري,پتروشيمي نوري,2687,2408683,439651771850,173850,182540,182540,8690,5.0,182530,8680,4.99,177000,182540,1399-8-14
74,زكوثر,سرمايه گذاري كشاورزي كوثر,2677,5325134,95837672470,17310,17150,18170,860,4.97,18000,690,3.99,17020,18170,1399-8-14
75,زشگزا,شير و گوشت زاگرس شهركرد,2617,1380011,157286967671,114742,118000,109350,-5392,-4.7,113975,-767,-0.67,105001,123000,1399-8-14
76,سمگا,گروه سرمايه گذاري ميراث فرهنگي,2512,37411789,680242648135,17424,17899,18295,871,5.0,18183,759,4.36,17000,18295,1399-8-14
77,ماديرا,صنايع ماشين هاي اداري ايران,2491,11283113,316649047020,26810,27000,28150,1340,5.0,28064,1254,4.68,25600,28150,1399-8-14
78,حتوكا,حمل‌ونقل‌توكا,2467,11292344,229130814450,20270,21280,20000,-270,-1.33,20290,20,0.1,19260,21280,1399-8-14
79,بترانس,ايران‌ ترانسفو,2374,5416068,138139933940,25170,24100,25400,230,0.91,25510,340,1.35,24100,26410,1399-8-14
80,ولساپا,ليزينگ رايان‌ سايپا,2348,35354807,126896053580,3540,3580,3590,50,1.41,3590,50,1.41,3430,3700,1399-8-14
81,فروي,ذوب روي اصفهان,2340,3916697,193542201934,47114,48800,49469,2355,5.0,49415,2301,4.88,48200,49469,1399-8-14
82,ختوقا,قطعات‌ اتومبيل‌ ايران‌,2340,26724764,89767083050,3520,3350,3350,-170,-4.83,3360,-160,-4.55,3350,3450,1399-8-14
83,گكيش,توريستي ورفاهي آبادگران كيش,2268,3860081,278851991757,72304,70135,74473,2169,3.0,72240,-64,-0.09,70135,74473,1399-8-14
84,ختور,رادياتور ايران‌,2243,5685987,298172614060,50260,51000,52770,2510,4.99,52440,2180,4.34,51000,52770,1399-8-14
85,ثفارس,عمران‌وتوسعه‌فارس‌,2239,16910890,116006694760,7160,6840,6810,-350,-4.89,6860,-300,-4.19,6810,7220,1399-8-14
86,ارزش,صندوق س ارزش آفرين بيدار-سهام,2233,16401565,164042739580,9500,9780,10200,700,7.37,10000,500,5.26,9600,10240,1399-8-14
87,شصدف,صنعتي دوده فام,2201,134600,3157043000,22339,23455,23455,1116,5.0,22406,67,0.3,23455,23455,1399-8-14
88,مدير,ص.س.مديريت ثروت ص.بازنشستگي-س,2180,11860449,123946262161,10205,10330,10530,325,3.18,10450,245,2.4,10300,10700,1399-8-14
89,سرو,صندوق س سروسودمند مدبران-سهام,2135,2367658,140162853920,56090,57200,60640,4550,8.11,59200,3110,5.54,57200,60700,1399-8-14
90,شكف,كف,2108,5447605,436411889910,78123,81247,81247,3124,4.0,80111,1988,2.54,74999,81247,1399-8-14
91,وبانك,سرمايه گذاري گروه توسعه ملي,2094,16681107,159449890920,9150,9440,9600,450,4.92,9560,410,4.48,9200,9600,1399-8-14
92,وخاور,بانك خاورميانه,2026,11204208,108619367180,10050,10040,9550,-500,-4.98,9690,-360,-3.58,9550,10110,1399-8-14
93,وتوصا,گروه س توسعه صنعتي ايران,2001,18953495,170299463890,8580,8700,9000,420,4.9,8990,410,4.78,8560,9000,1399-8-14
94,وآيند,بانك  آينده,1956,34231707,916353488575,27861,26747,26747,-1114,-4.0,26769,-1092,-3.92,26747,27304,1399-8-14
95,حكشتي,كشتيراني جمهوري اسلامي ايران,1932,6178369,165642072890,28220,26810,26810,-1410,-5.0,26810,-1410,-5.0,26810,26810,1399-8-14
96,ستران,سيمان‌ تهران‌,1900,3130989,90474728070,29900,28420,28410,-1490,-4.98,28900,-1000,-3.34,28410,30380,1399-8-14
97,بورس,بورس اوراق بهادار تهران,1847,2279792,113707422750,51690,50100,49800,-1890,-3.66,49880,-1810,-3.5,49110,53400,1399-8-14
98,وبوعلي,سرمايه‌گذاري‌بوعلي‌,1834,19364767,140818025160,7640,7260,7280,-360,-4.71,7270,-370,-4.84,7260,7340,1399-8-14
99,امين يكم,صندوق درآمد ثابت امين يكم فردا,1827,71883931,733740464668,10212,10214,10209,-3,-0.03,10207,-5,-0.05,10198,10215,1399-8-14
100,نوين,بيمه نوين,1827,18551257,120673963872,6422,6500,6549,127,1.98,6505,83,1.29,6270,6690,1399-8-14
101,ومهان,گروه توسعه مالي مهر آيندگان,1827,7388915,106536460138,13796,14298,14485,689,4.99,14418,622,4.51,14050,14485,1399-8-14
102,قرن,پديده شيمي قرن,1800,2196088,116905060630,51150,51590,53700,2550,4.99,53230,2080,4.07,51150,53700,1399-8-14
103,اعتماد,صندوق س.اعتماد آفرين پارسيان-د,1777,56100070,1860133398530,33131,33158,33159,28,0.08,33157,26,0.08,33157,33165,1399-8-14
104,فجر,فولاد اميركبيركاشان,1771,5552061,319214473760,54790,57520,57520,2730,4.98,57490,2700,4.93,56500,57520,1399-8-14
105,كاوه,فولاد كاوه جنوب كيش,1769,28374842,570557647840,19170,20120,20120,950,4.96,20110,940,4.9,19500,20120,1399-8-14
106,دزهراوي,داروسازي‌زهراوي‌,1682,6525244,61808157940,9910,9420,9430,-480,-4.84,9470,-440,-4.44,9420,10000,1399-8-14
107,فزرين,زرين معدن آسيا,1623,5926545,108895892947,18548,19119,18700,152,0.82,18374,-174,-0.94,17621,19119,1399-8-14
108,وصنعت,سرمايه گذاري توسعه صنعت وتجارت,1581,14152388,108167641510,7320,7490,7680,360,4.92,7640,320,4.37,7220,7680,1399-8-14
109,فخوز,فولاد  خوزستان,1524,11914826,429384344210,34330,36040,36040,1710,4.98,36040,1710,4.98,34550,36040,1399-8-14
110,آريان,سرمايه گذاري پارس آريان,1517,60024565,814918658320,13247,13644,13644,397,3.0,13576,329,2.48,13255,13644,1399-8-14
111,دشيمي,شيمي‌ داروئي‌ داروپخش‌,1498,5317740,372306305580,66780,66860,70110,3330,4.99,70010,3230,4.84,64100,70110,1399-8-14
112,كمرجان,بازرگاني و توليدي مرجان كار,1469,1794269,97135443082,55032,52281,56200,1168,2.12,54136,-896,-1.63,52281,57700,1399-8-14
113,پاكشو,گروه صنعتي پاكشو,1466,1057526,95647668520,89920,92000,90300,380,0.42,90420,500,0.56,86010,93340,1399-8-14
114,پارسان,گسترش نفت و گاز پارسيان,1425,10718978,216581467830,19290,20010,20250,960,4.98,20210,920,4.77,19300,20250,1399-8-14
115,رانفور,خدمات‌انفورماتيك‌,1423,7188170,220461490490,30140,31440,30000,-140,-0.46,30670,530,1.76,28930,31440,1399-8-14
116,بپاس,بيمه پاسارگاد,1420,4394947,281412150706,63800,63829,65110,1310,2.05,64031,231,0.36,62615,65290,1399-8-14
117,وشهر,بانك شهر,1414,153898112,1175473779456,7793,7638,7638,-155,-1.99,7638,-155,-1.99,7638,7638,1399-8-14
118,رمپنا,گروه مپنا (سهامي عام),1407,10457328,171363494110,15680,15200,16460,780,4.97,16390,710,4.53,15200,16460,1399-8-14
119,چدن,توليدي چدن سازان,1357,3160774,85198934710,26960,25630,27810,850,3.15,26960,0,0.0,25620,28150,1399-8-14
120,دتمادح,ح . توليدمواداوليه‌داروپخش‌,1336,1745713,62437266440,34200,33400,35500,1300,3.8,35770,1570,4.59,32600,37000,1399-8-14
121,شسپا,نفت سپاهان,1321,8951400,176273781710,18930,19050,19870,940,4.97,19690,760,4.01,19000,19870,1399-8-14
122,سفارس,سيمان فارس و خوزستان,1318,6949206,103176401920,14240,14680,14950,710,4.99,14850,610,4.28,14230,14950,1399-8-14
123,خاهن,آهنگري‌ تراكتورسازي‌ ايران‌,1316,4553102,146272998640,30850,31000,32390,1540,4.99,32130,1280,4.15,29310,32390,1399-8-14
124,كلر,كلر پارس,1310,774165,43866148248,55241,53500,58003,2762,5.0,56508,1267,2.29,53500,58003,1399-8-14
125,وسبحان,سرمايه گذاري سبحان,1299,7725197,64583696076,8346,8050,8479,133,1.59,8360,14,0.17,8050,8730,1399-8-14
126,تاصيكو,سرمايه گذاري صدرتامين,1285,14741908,142156672330,9200,9310,9660,460,5.0,9640,440,4.78,9100,9660,1399-8-14
127,كروي,توسعه‌ معادن‌ روي‌ ايران‌,1278,4600746,120942478420,25190,24440,26440,1250,4.96,26290,1100,4.37,24440,26440,1399-8-14
128,چكارن,كارتن‌ ايران‌,1275,9314959,30304761700,3230,3280,3300,70,2.17,3240,10,0.31,3130,3370,1399-8-14
129,كوير,توليدي فولاد سپيد فراب كوير,1256,2707170,37675173420,13600,12930,14000,400,2.94,13800,200,1.47,12930,14230,1399-8-14
130,شبهرن,نفت‌ بهران‌,1250,2336925,140387423680,57580,58500,60450,2870,4.98,60070,2490,4.32,57600,60450,1399-8-14
131,پارس,پتروشيمي پارس,1248,1771493,248035691670,133430,139570,140100,6670,5.0,140020,6590,4.94,137000,140100,1399-8-14
132,كگهر,سنگ آهن گهرزمين,1215,1036140,42651690031,39363,39400,41300,1937,4.92,39971,608,1.54,39363,41331,1399-8-14
133,ودي,بيمه  دي,1210,10649602,223170699619,20070,20089,21073,1003,5.0,20956,886,4.41,19411,21073,1399-8-14
134,وپترو,سرمايه‌گذاري صنايع پتروشيمي‌,1202,3048099,44246631070,13920,13510,14610,690,4.96,14450,530,3.81,13510,14610,1399-8-14
135,پكرمان,گروه‌ صنعتي‌ بارز,1196,3824076,97346422710,24290,24000,25500,1210,4.98,25460,1170,4.82,24000,25500,1399-8-14
136,قصفها,قنداصفهان‌,1154,809164,127628872290,157360,149600,163990,6630,4.21,157730,370,0.24,149500,165220,1399-8-14
137,وسكاب,س.ص.بازنشستگي كاركنان بانكها,1146,13411543,86120678810,6170,6250,6470,300,4.86,6420,250,4.05,6250,6470,1399-8-14
138,همراه,شركت ارتباطات سيار ايران,1145,3857526,112744308750,27880,28020,29270,1390,4.99,29230,1350,4.84,28020,29270,1399-8-14
139,كسرا,سراميك‌هاي‌صنعتي‌اردكان‌,1141,3109094,60433887790,19210,18600,19800,590,3.07,19440,230,1.2,18600,20170,1399-8-14
140,والبر,سرمايه‌ گذاري‌ البرز(هلدينگ‌,1138,4329716,59741944540,13220,13500,13880,660,4.99,13800,580,4.39,13200,13880,1399-8-14
141,ميدكو,هلدينگ صنايع  معدني خاورميانه,1110,5153680,119069391764,22623,22631,23600,977,4.32,23089,466,2.06,22108,23660,1399-8-14
142,شبصير,توليدات پتروشيمي قائد بصير,1100,1253164,135699902524,106970,101622,111890,4920,4.6,108286,1316,1.23,101622,112318,1399-8-14
143,افق,فروشگاههاي زنجيره اي افق كوروش,1090,1382537,101954201140,73430,70570,74350,920,1.25,73740,310,0.42,70570,76000,1399-8-14
144,سشرق,سيمان‌ شرق‌,1087,8508553,49104335480,6020,5800,5720,-300,-4.98,5770,-250,-4.15,5720,6000,1399-8-14
145,ولصنم,ليزينگ‌صنعت‌ومعدن‌,1084,8368533,59850962150,7500,7130,7180,-320,-4.27,7150,-350,-4.67,7130,7530,1399-8-14
146,رتاپح,ح.تجارت الكترونيك پارسيان,1077,3490598,14534970300,4130,4200,4160,30,0.73,4160,30,0.73,3910,4350,1399-8-14
147,شاوان,پالايش نفت لاوان,1073,1472594,131552485380,88983,84800,89000,17,0.02,89334,351,0.39,84534,93000,1399-8-14
148,دتماد,توليدمواداوليه‌داروپخش‌,1073,2451183,106421511580,45350,43090,44500,-850,-1.87,43420,-1930,-4.26,43090,45000,1399-8-14
149,قثابت,قند ثابت‌ خراسان‌,1069,1432231,112989929700,82890,78750,78750,-4140,-4.99,78890,-4000,-4.83,78750,82500,1399-8-14
150,سيمرغ,سيمرغ,1061,3146273,46662371450,14710,14460,14720,10,0.07,14830,120,0.82,14000,15300,1399-8-14
151,حريل,ريل پردازسير,1060,7910133,27762958661,3510,3400,3520,10,0.28,3510,0,0.0,3400,3590,1399-8-14
152,وبشهر,توسعه‌ صنايع‌ بهشهر(هلدينگ,1049,8724199,116862935970,13960,13270,13500,-460,-3.3,13400,-560,-4.01,13270,14390,1399-8-14
153,كگل,معدني و صنعتي گل گهر,1041,11395397,180655616970,15110,15840,15860,750,4.96,15850,740,4.9,15200,15860,1399-8-14
154,ومعلم,بيمه معلم,1030,6579838,38555941456,6130,5824,5824,-306,-4.99,5890,-240,-3.92,5824,6080,1399-8-14
155,رنيك,جنرال مكانيك,1024,1903215,43740172395,23504,22620,23000,-504,-2.14,23019,-485,-2.06,22405,24240,1399-8-14
156,زر,صندوق س.پشتوانه سكه طلاي زر,1020,1912558,121021914603,57576,63333,63150,5574,9.68,63278,5702,9.9,62670,63333,1399-8-14
157,فباهنر,مس‌ شهيدباهنر,1008,1870090,92363922180,47620,49000,50000,2380,5.0,49390,1770,3.72,47700,50000,1399-8-14
158,شفارس,صنايع‌ شيميايي‌ فارس‌,1003,1942306,73788061950,37380,36500,39220,1840,4.92,37990,610,1.63,36500,39240,1399-8-14
159,وپست,پست بانك ايران,997,5533731,63604157940,11180,11190,11500,320,2.86,11490,310,2.77,10700,11730,1399-8-14
160,كبافق,معادن‌ بافق‌,985,1230424,43346817230,34600,33260,35900,1300,3.76,35120,520,1.5,33260,36190,1399-8-14
161,كترام,توليدي‌ كاشي‌ تكسرام‌,979,3114019,74766038290,23300,22500,24460,1160,4.98,24010,710,3.05,22450,24460,1399-8-14
162,شپاس,نفت پاسارگاد,975,4028635,89060740229,22817,21677,21900,-917,-4.02,22107,-710,-3.11,21677,23480,1399-8-14
163,پتاير,ايران‌ تاير,975,1019289,97898858460,91630,94300,96210,4580,5.0,96050,4420,4.82,93010,96210,1399-8-14
164,كچاد,معدني‌وصنعتي‌چادرملو,964,12168247,193815051650,15180,15930,15930,750,4.94,15930,750,4.94,15700,15930,1399-8-14
165,وساخت,سرمايه‌ گذاري‌ ساختمان‌ايران‌,959,2717240,133744690980,46920,48790,49260,2340,4.99,49220,2300,4.9,47220,49260,1399-8-14
166,آوا,صندوق س.سهام آواي معيار-س,932,6170316,48312930676,7568,7800,7939,371,4.9,7830,262,3.46,7602,8000,1399-8-14
167,كگازح,ح . شيشه‌ و گاز,926,2730302,36005689030,12830,12800,13150,320,2.49,13190,360,2.81,12600,13650,1399-8-14
168,ثمسكن,سرمايه‌گذاري‌ مسكن‌,923,8149555,45301378280,5650,5400,5570,-80,-1.42,5560,-90,-1.59,5390,5880,1399-8-14
169,قزوين,كارخانجات‌ قند قزوين‌,905,5823976,218030221630,36000,35000,37800,1800,5.0,37440,1440,4.0,34200,37800,1399-8-14
170,سرچشمه,سرمايه گذاري مس سرچشمه,902,5554394,41171796900,7118,7467,7473,355,4.99,7355,237,3.33,7110,7473,1399-8-14
171,توريل,توکاريل,894,1971927,33989225177,17471,16609,17386,-85,-0.49,17291,-180,-1.03,16609,18100,1399-8-14
172,واميد,گروه مديريت سرمايه گذاري اميد,881,4887176,177264429830,34750,35790,36480,1730,4.98,36270,1520,4.37,34630,36480,1399-8-14
173,شپاكسا,پاكسان‌,880,2430057,65380168330,25720,26010,27000,1280,4.98,26900,1180,4.59,25720,27000,1399-8-14
174,زشريف,كشت وصنعت شريف آباد,875,3310323,79183052741,24909,23664,23664,-1245,-5.0,23920,-989,-3.97,23664,24950,1399-8-14
175,وجامي,سرمايه گذاري جامي,867,4114587,63122600430,14647,15371,15379,732,5.0,15341,694,4.74,14532,15379,1399-8-14
176,وبيمهح,ح . سرمايه‌ گذاري‌ صنعت‌ بيمه‌,863,20394079,26843854300,1310,1300,1320,10,0.76,1320,10,0.76,1270,1370,1399-8-14
177,كيان,صندوق س. با درآمد ثابت كيان,846,28570718,736489858071,25761,25780,25750,-11,-0.04,25778,17,0.07,25676,25789,1399-8-14
178,كرازي,كارخانجات‌توليدي‌شيشه‌رازي‌,845,4388438,77238679610,16910,17450,17750,840,4.97,17600,690,4.08,16930,17750,1399-8-14
179,غمارگ,مارگارين‌,844,2311058,52340204400,23710,22550,22530,-1180,-4.98,22650,-1060,-4.47,22530,23650,1399-8-14
180,سامان,بانك سامان,837,14686549,122546224863,8560,8560,8311,-249,-2.91,8344,-216,-2.52,8304,8790,1399-8-14
181,وآوا,سرمايه گذاري آوا نوين,836,2390885,28153712400,11688,11499,11849,161,1.38,11736,48,0.41,11499,12090,1399-8-14
182,وصندوق,سرمايه‌گذاري‌صندوق‌بازنشستگي‌,829,13993161,197715162700,13550,14220,14220,670,4.94,14130,580,4.28,13610,14220,1399-8-14
183,فولاژ,فولاد آلياژي ايران,824,2419268,55906523300,22170,21090,23270,1100,4.96,23110,940,4.24,21090,23270,1399-8-14
184,وآذر,سرمايه‌گذاري‌توسعه‌آذربايجان‌,824,425237,56338578660,138340,131430,131430,-6910,-4.99,132490,-5850,-4.23,131430,144000,1399-8-14
185,ركيش,كارت اعتباري ايران كيش,805,4793163,55616132170,11960,11370,12030,70,0.59,11600,-360,-3.01,11370,12400,1399-8-14
186,كاردان,صندوق س تجارت شاخصي كاردان,801,398855,61489079930,144550,151000,156190,11640,8.05,154160,9610,6.65,150100,156500,1399-8-14
187,وگردش,بانك گردشگري,799,5060280,84889848379,16978,17487,16700,-278,-1.64,16807,-171,-1.01,16469,17487,1399-8-14
188,زاگرس,پتروشيمي زاگرس,796,2031313,324976718432,152415,159999,160035,7620,5.0,159984,7569,4.97,155600,160035,1399-8-14
189,جم پيلن,پلي پروپيلن جم - جم پيلن,789,2983926,241578847880,77290,79490,81150,3860,4.99,80960,3670,4.75,74520,81150,1399-8-14
190,آسيا,بيمه آسيا,787,1468124,33659246110,22450,22080,22920,470,2.09,22770,320,1.43,22080,23570,1399-8-14
191,ما,بيمه  ما,779,10678299,67593848280,6070,5800,6370,300,4.94,6330,260,4.28,5800,6370,1399-8-14
192,زمگسا,كشاورزي‌ ودامپروي‌ مگسال‌,776,2835889,79357316550,26690,27250,28020,1330,4.98,27980,1290,4.83,27000,28020,1399-8-14
193,وتوسم,سرمايه‌گذاري‌توسعه‌ملي‌,774,4389267,52674544620,11450,12020,12020,570,4.98,11970,520,4.54,11620,12020,1399-8-14
194,فيروزه,صندوق شاخص30 شركت فيروزه- سهام,766,455566,71921276870,149440,156000,159950,10510,7.03,157870,8430,5.64,150030,164000,1399-8-14
195,دكوثر,داروسازي‌ كوثر,765,1749920,32020384120,19060,18120,18370,-690,-3.62,18530,-530,-2.78,18110,19190,1399-8-14
196,تسه9906,امتياز تسهيلات مسكن شهريور99,764,11885,9376406959,803742,777777,791889,-11853,-1.47,788928,-14814,-1.84,771555,820000,1399-8-14
197,وسينا,بانك سينا,760,5330901,50649814930,9230,9400,9640,410,4.44,9500,270,2.93,8860,9660,1399-8-14
198,فايرا,آلومينيوم‌ايران‌,744,3513035,66300874550,18050,18950,18950,900,4.99,18870,820,4.54,18200,18950,1399-8-14
199,قشرين,قند شيرين خراسان,735,3360367,51648596163,15279,14900,15737,458,3.0,15370,91,0.6,14821,15737,1399-8-14
200,كيميا,معدني كيمياي زنجان گستران,707,1558012,35134586185,21801,22891,22891,1090,5.0,22350,549,2.52,21000,22891,1399-8-14
201,خكرمان,گروه اقتصادي كرمان خودرو,705,8094353,35434562113,4509,4374,4374,-135,-2.99,4378,-131,-2.91,4374,4487,1399-8-14
202,ونفت,سرمايه‌گذاري‌ صنعت‌ نفت‌,703,3407934,42442789060,11990,12200,12580,590,4.92,12370,380,3.17,11800,12580,1399-8-14
203,وبيمه,سرمايه‌ گذاري‌ صنعت‌ بيمه‌,701,4955235,13121216730,2660,2610,2650,-10,-0.38,2660,0,0.0,2610,2750,1399-8-14
204,شرانل,نفت ايرانول,699,1943610,55024258953,27432,28360,28803,1371,5.0,28295,863,3.15,26412,28803,1399-8-14
205,كساوه,صنايع‌ كاشي‌ و سراميك‌ سينا,697,3153639,150213948560,43350,46100,48400,5050,11.65,47630,4280,9.87,46100,48400,1399-8-14
206,وسپه,سرمايه‌گذاري‌ سپه‌,697,7428901,93622045520,12010,12490,12610,600,5.0,12600,590,4.91,12050,12610,1399-8-14
207,زفكا,كشت و دامداري فكا,696,1150023,49728747481,42130,40024,43300,1170,2.78,43235,1105,2.62,40024,44236,1399-8-14
208,سصوفي,سيمان‌ صوفيان‌,683,1586637,18483299830,12040,11600,11600,-440,-3.65,11880,-160,-1.33,11440,12500,1399-8-14
209,شراز,پالايش نفت شيراز,679,460637,44013521054,96932,92091,97000,68,0.07,95662,-1270,-1.31,92086,98801,1399-8-14
210,جم,پتروشيمي جم,679,2585273,107668969660,39790,41560,41770,1980,4.98,41650,1860,4.67,40400,41770,1399-8-14
211,پارند,صندوق س. پارند پايدار سپهر,670,22304023,260992000592,11702,11729,11702,0,0.0,11702,0,0.0,11700,11729,1399-8-14
212,گوهر,صندوق سكه طلاي كيان,664,1079026,81415508033,68847,73999,75605,6758,9.82,75453,6606,9.6,73999,75731,1399-8-14
213,كوثر,بيمه كوثر,660,3403210,40901134642,12598,11969,12100,-498,-3.95,12047,-551,-4.37,11969,12450,1399-8-14
214,شپديس,پتروشيمي پرديس,658,4839026,454577974330,89470,93940,93940,4470,5.0,93940,4470,5.0,93900,93940,1399-8-14
215,حآسا,آسيا سير ارس,641,3680246,60251706516,15646,16390,16428,782,5.0,16372,726,4.64,15650,16428,1399-8-14
216,كنور,توسعه معدني و صنعتي صبانور,640,3390174,128323027870,36060,37500,37860,1800,4.99,37850,1790,4.96,36080,37860,1399-8-14
217,غدام,خوراك‌  دام‌ پارس‌,629,513833,122329211410,228830,218000,240270,11440,5.0,238070,9240,4.04,218000,240270,1399-8-14
218,سمازن,سيمان‌مازندران‌,629,2069189,17768026370,8690,8410,8700,10,0.12,8650,-40,-0.46,8350,8930,1399-8-14
219,غگرجي,بيسكويت‌  گرجي‌,621,756608,18930508030,26020,24720,24850,-1170,-4.5,25590,-430,-1.65,24720,26480,1399-8-14
220,اطلس,صندوق س.توسعه اندوخته آينده-س,618,238014,43249786207,174566,180000,183000,8434,4.83,181711,7145,4.09,179510,183300,1399-8-14
221,وآرين,شركت توسعه اقتصادي آرين,616,3686204,20184110256,5584,5417,5417,-167,-2.99,5476,-108,-1.93,5417,5700,1399-8-14
222,شفن,پتروشيمي فناوران,613,265475,74346868350,266900,280240,280240,13340,5.0,276150,9250,3.47,273690,280240,1399-8-14
223,هرمز,فولاد هرمزگان جنوب,610,9349498,112066043495,11419,11989,11989,570,4.99,11949,530,4.64,11601,11989,1399-8-14
224,كلوند,كاشي‌ الوند,606,1632513,32009176560,19060,18110,20010,950,4.98,19440,380,1.99,18110,20010,1399-8-14
225,شوينده,مديريت صنعت شوينده ت.ص.بهشهر,600,1048402,37771535310,35190,35800,36940,1750,4.97,35800,610,1.73,34500,36940,1399-8-14
226,مارون,پتروشيمي مارون,599,919303,119551520406,124427,124555,130648,6221,5.0,130046,5619,4.52,124555,130648,1399-8-14
227,وكادو,تكادو,599,2716811,44608951297,16913,16406,16406,-507,-3.0,16420,-493,-2.91,16406,16913,1399-8-14
228,پرديس,سرمايه گذاري پرديس,591,5773287,40097283510,6650,6760,6980,330,4.96,6880,230,3.46,6450,6980,1399-8-14
229,ارفع,شركت آهن و فولاد ارفع,580,7508378,101625896230,12891,13535,13535,644,5.0,13535,644,5.0,13535,13535,1399-8-14
230,وصنا,گروه‌صنايع‌بهشهرايران‌,580,2007945,21205044240,10770,10240,10740,-30,-0.28,10670,-100,-0.93,10240,11140,1399-8-14
231,شخارك,پتروشيمي‌ خارك‌,577,2287051,89515642680,37290,39000,39150,1860,4.99,39050,1760,4.72,38020,39150,1399-8-14
232,پاسا,ايران‌ياساتايرورابر,574,1850668,36209541740,19000,18950,19690,690,3.63,19420,420,2.21,18450,19950,1399-8-14
233,فسرب,ملي‌ سرب‌وروي‌ ايران‌,572,446920,52105517750,121420,115350,115350,-6070,-5.0,116590,-4830,-3.98,115350,125000,1399-8-14
234,تيپيكو,سرمايه گذاري دارويي تامين,571,651668,32560114640,49290,51000,49000,-290,-0.59,49540,250,0.51,48760,51520,1399-8-14
235,دتوزيع,توزيع دارو پخش,568,428858,16642270392,40483,38466,39004,-1479,-3.65,39869,-614,-1.52,38459,40000,1399-8-14
236,اپرداز,آتيه داده پرداز,565,1314999,38197621623,28459,28002,29585,1126,3.96,28931,472,1.66,27700,29760,1399-8-14
237,رتاپ,تجارت الكترونيك  پارسيان,564,1956579,12098312100,6140,5900,6230,90,1.47,6150,10,0.16,5880,6440,1399-8-14
238,كرماشا,صنايع پتروشيمي كرمانشاه,557,4409815,164739041700,35600,37000,37380,1780,5.0,37360,1760,4.94,36300,37380,1399-8-14
239,واعتبار,سرمايه گذاري اعتبار ايران,556,5359998,24743101350,4590,4680,4610,20,0.44,4600,10,0.22,4510,4740,1399-8-14
240,كاريس,صندوق س.سپهر كاريزما-س,551,315456,56206897717,170936,176980,181500,10564,6.18,178177,7241,4.24,173000,181500,1399-8-14
241,زگلدشت,كشت و دام گلدشت نمونه اصفهان,542,1119048,36561955761,33807,34300,32117,-1690,-5.0,32913,-894,-2.64,32117,34944,1399-8-14
242,ريشمك,توليد و صادرات ريشمك,539,770478,26516494137,33865,34799,34590,725,2.14,34141,276,0.82,33860,35100,1399-8-14
243,ساروم,سيمان‌اروميه‌,524,1165476,26473991820,22330,21540,22770,440,1.97,22540,210,0.94,21540,23440,1399-8-14
244,پكوير,كوير تاير,523,1595765,22344734770,13930,13330,14010,80,0.57,13960,30,0.22,13330,14380,1399-8-14
245,حتايد,تايدواترخاورميانه,517,1520282,23867028600,15490,15010,16000,510,3.29,15600,110,0.71,15010,16260,1399-8-14
246,بفجر,فجر انرژي خليج فارس,513,1646048,50199579720,29860,30480,31320,1460,4.89,30260,400,1.34,29490,31350,1399-8-14
247,ضخود1044,اختيارخ خودرو-4000-1399/10/07,512,22968,8405946000,390,380,400,10,2.56,366,-24,-6.15,340,440,1399-8-14
248,غشهد,شهد ايران ‌,511,2186136,13154132520,6310,6000,6000,-310,-4.91,6230,-80,-1.27,6000,6310,1399-8-14
249,عيار,صندوق س. پشتوانه طلاي مفيد,502,984310,36388956390,33609,36969,36969,3360,10.0,36969,3360,10.0,36969,36969,1399-8-14
250,شلعابح,ح . لعابيران‌,498,3709946,15551486980,4140,4300,4240,100,2.42,4190,50,1.21,4040,4320,1399-8-14
251,آپ,آسان پرداخت پرشين,498,1066738,16143847680,14690,15100,15230,540,3.68,14830,140,0.95,14690,15380,1399-8-14
252,سيدكو,سرمايه گذاري توسعه صنايع سيمان,494,2877465,19991036210,6690,6630,7020,330,4.93,6790,100,1.49,6470,7020,1399-8-14
253,فرآور,فرآوري‌موادمعدني‌ايران‌,494,1596423,33545510870,21910,20820,21200,-710,-3.24,21250,-660,-3.01,20820,22480,1399-8-14
254,دتوليد,داروسازي توليد دارو,492,659758,20077522551,32026,30425,30425,-1601,-5.0,31294,-732,-2.29,30425,30650,1399-8-14
255,كپارس,كاشي‌ پارس‌,490,476925,51972733680,103950,108030,109140,5190,4.99,108420,4470,4.3,103950,109140,1399-8-14
256,ساينا,صنايع بهداشتي ساينا,481,245263,42292153213,164903,159100,173148,8245,5.0,171457,6554,3.97,159100,173148,1399-8-14
257,شاراك,پتروشيمي شازند,480,4010158,79172676300,18810,19500,19750,940,5.0,19740,930,4.94,19500,19750,1399-8-14
258,ثترانح,ح سرمايه گذاري مسكن تهران,480,3180865,8511687392,2745,2628,2700,-45,-1.64,2676,-69,-2.51,2608,2840,1399-8-14
259,ملت,بيمه ملت,478,2916876,35801332350,12380,12000,12300,-80,-0.65,12300,-80,-0.65,11770,12750,1399-8-14
260,بميلا,توسعه بازرگاني آهن وفولادميلاد,467,2131899,37132983480,17929,17392,17392,-537,-3.0,17418,-511,-2.85,17392,18329,1399-8-14
261,غصينو,صنعتي مينو,467,2125294,88040303950,39453,41425,41425,1972,5.0,41425,1972,5.0,41425,41425,1399-8-14
262,شجم,صنايع پتروشيمي تخت جمشيد,461,2335599,17803062348,7817,8049,7583,-234,-2.99,7642,-175,-2.24,7583,8049,1399-8-14
263,خفولا,خدمات فني فولاد يزد,457,698323,18337285879,26085,26750,26867,782,3.0,26250,165,0.63,25303,26867,1399-8-14
264,سخاش,سيمان‌خاش‌,451,178731,13927352190,74660,78360,78390,3730,5.0,75490,830,1.11,71200,78390,1399-8-14
265,گوهران,سرمايه گذاري توسعه گوهران اميد,447,2011312,15426904397,7678,7370,7731,53,0.69,7675,-3,-0.04,7300,7886,1399-8-14
266,لوتوس,تامين سرمايه لوتوس پارسيان,444,1260951,17510549240,14090,13450,13900,-190,-1.35,14020,-70,-0.5,13400,14050,1399-8-14
267,تشتاد,صنايع توليدي اشتاد ايران‌,442,957080,14377006838,14797,15200,15000,203,1.37,14957,160,1.08,14360,15200,1399-8-14
268,ضصاد1102,اختيارخ وبصادر-3500-1399/11/12,435,13383,5645747000,425,380,439,14,3.29,422,-3,-0.71,340,490,1399-8-14
269,طلا,صندوق س.پشتوانه طلاي لوتوس,435,1055693,109324400001,94143,103557,103557,9414,10.0,103557,9414,10.0,103557,103557,1399-8-14
270,آساس,صندوق س.آسمان آرماني سهام-س,434,570296,87613864551,149612,155504,154050,4438,2.97,153629,4017,2.68,151000,157000,1399-8-14
271,تسه9905,امتياز تسهيلات مسكن مرداد99,427,5095,4040273641,807778,768122,800010,-7768,-0.96,792988,-14790,-1.83,768122,848166,1399-8-14
272,وگستر,گسترش سرمايه گذاري ايرانيان,427,1408813,27819311415,20729,19693,19693,-1036,-5.0,20123,-606,-2.92,19693,20700,1399-8-14
273,دعبيد,لابراتوارداروسازي‌  دكترعبيدي‌,426,275390,7856899360,29360,27900,28250,-1110,-3.78,29230,-130,-0.44,27900,30820,1399-8-14
274,سصفها,سيمان‌اصفهان‌,425,504489,62498948330,118370,112510,124280,5910,4.99,123890,5520,4.66,112510,124280,1399-8-14
275,سپ,پرداخت الكترونيك سامان كيش,422,1258936,16962384000,13940,13280,13800,-140,-1.0,13770,-170,-1.22,13250,13890,1399-8-14
276,آبين,كشت و صنعت آبشيرين,420,3935707,13023762469,3407,3309,3305,-102,-2.99,3337,-70,-2.05,3305,3399,1399-8-14
277,حسينا,توسعه خدمات دريايي وبندري سينا,414,3239620,203682950751,59918,62913,62913,2995,5.0,62872,2954,4.93,60540,62913,1399-8-14
278,دسانكو,داروسازي سبحان انكولوژي,412,1311835,19228414458,15425,14654,14654,-771,-5.0,15098,-327,-2.12,14654,14990,1399-8-14
279,كفرآور,فرآورده هاي سيمان شرق,407,4111487,84075408066,21647,21000,20370,-1277,-5.9,20449,-1198,-5.53,20370,21600,1399-8-14
280,آكورد,صندوق س. آرمان آتي كوثر-د,406,15742082,459545612478,29160,29202,29192,32,0.11,29192,32,0.11,29192,29202,1399-8-14
281,ثتران,سرمايه گذاري مسكن تهران,404,4477588,23830824086,5594,5315,5315,-279,-4.99,5451,-143,-2.56,5315,5457,1399-8-14
282,كپشيرح,ح . پشم‌شيشه‌ايران‌,403,1284953,13809527959,10866,10125,10640,-226,-2.08,10747,-119,-1.1,10125,11400,1399-8-14
283,اوان,مبين وان كيش,403,1221047,64892739899,51281,52400,53499,2218,4.33,53145,1864,3.63,50000,53500,1399-8-14
284,تسه9902,امتياز تسهيلات مسكن ارديبهشت99,396,7560,5979013368,810470,771111,799998,-10472,-1.29,790875,-19595,-2.42,769947,810000,1399-8-14
285,دارو,كارخانجات‌داروپخش‌,395,517498,27019639980,54910,53290,52170,-2740,-4.99,53300,-1610,-2.93,52170,54430,1399-8-14
286,شنفت,نفت‌ پارس‌,394,376887,19279512090,51380,50050,51330,-50,-0.1,51300,-80,-0.16,50050,52110,1399-8-14
287,وكار,بانك‌ كارآفرين‌,392,6190857,25566064070,4330,4120,4120,-210,-4.85,4210,-120,-2.77,4120,4310,1399-8-14
288,شغدير,پتروشيمي غدير,390,2066371,100390502293,46270,48583,48583,2313,5.0,48583,2313,5.0,48583,48583,1399-8-14
289,سخوز,سيمان خوزستان,388,5381781,114515777220,21170,21000,21830,660,3.12,21280,110,0.52,20500,22160,1399-8-14
290,تايرا,تراكتورسازي‌ايران‌,380,5252958,109959923500,20970,21000,20500,-470,-2.24,20930,-40,-0.19,20300,21930,1399-8-14
291,افق ملت,صندوق س در سهام افق ملت,378,131977,16304001590,117280,120000,129000,11720,9.99,123540,6260,5.34,120000,129000,1399-8-14
292,مبين,مبين انرژي خليج فارس,378,1826887,40115241490,21290,21700,21940,650,3.05,21550,260,1.22,21300,22340,1399-8-14
293,فسازان,غلتك سازان سپاهان,377,1760938,48301261880,26220,25650,27530,1310,5.0,27410,1190,4.54,25300,27530,1399-8-14
294,بساما,بيمه سامان,376,1168582,24376317677,21002,21050,20410,-592,-2.82,20933,-69,-0.33,20253,21490,1399-8-14
295,دبالك,مواد اوليه دارويي البرز بالك,376,838973,11613922852,13789,13250,13830,41,0.3,13803,14,0.1,13250,14300,1399-8-14
296,كطبس,ذغال‌سنگ‌ نگين‌ ط‌بس‌,371,1337023,62158199270,44280,46490,46490,2210,4.99,46490,2210,4.99,46490,46490,1399-8-14
297,شدوص,دوده‌ صنعتي‌ پارس‌,367,1518547,32802243440,20590,21610,21610,1020,4.95,21220,630,3.06,21040,21610,1399-8-14
298,تسه9904,امتياز تسهيلات مسكن تير99,366,4830,3819798901,800436,763888,770001,-30435,-3.8,790849,-9587,-1.2,761000,839990,1399-8-14
299,هبركت912,اختيارف ت بركت-22100-99/12/17,365,557717,4327883920,7083,7760,7760,677,9.56,7760,677,9.56,7760,7760,1399-8-14
300,سپر,صندوق س سپر سرمايه بيدار- ثابت,363,2038789,20846913151,10181,10210,10241,60,0.59,10225,44,0.43,10150,10250,1399-8-14
301,فاما,صنعتي‌ آما,359,1596044,38212845750,22850,23210,23990,1140,4.99,23600,750,3.28,22300,23990,1399-8-14
302,فلات,گروه صنايع معادن فلات ايرانيان,359,2847476,35991161117,12520,12150,12895,375,3.0,12640,120,0.96,12145,12895,1399-8-14
303,فاسمين,كالسيمين‌,358,2252686,31447496560,13300,13960,13960,660,4.96,13750,450,3.38,13960,13960,1399-8-14
304,درهآور,دارويي ره آورد تامين,352,439929,13493101745,30157,31564,30480,323,1.07,30295,138,0.46,29990,31564,1399-8-14
305,دابور,داروسازي‌ ابوريحان‌,351,465741,19696048610,43040,44810,42640,-400,-0.93,42740,-300,-0.7,40890,45190,1399-8-14
306,پارسيان,بيمه پارسيان,348,1814462,20691762860,11460,11030,11500,40,0.35,11440,-20,-0.17,11000,11990,1399-8-14
307,خراسان,پتروشيمي خراسان,348,1108198,78392096260,67380,70740,70740,3360,4.99,70740,3360,4.99,67550,70740,1399-8-14
308,بموتو,موتوژن‌,347,298331,12839705290,42910,42000,43460,550,1.28,42940,30,0.07,42000,44000,1399-8-14
309,زكشت,كشاورزي مكانيزه اصفهان كشت,345,884610,24585001069,29235,27774,27774,-1461,-5.0,28471,-764,-2.61,27774,29000,1399-8-14
310,قشكر,شكرشاهرود,345,545478,19014003500,36670,34840,34950,-1720,-4.69,35950,-720,-1.96,34840,36490,1399-8-14
311,شيراز,پتروشيمي‌شيراز,340,3164500,159165340980,47920,50000,50310,2390,4.99,50300,2380,4.97,48500,50310,1399-8-14
312,ثشاهد,سرمايه‌ گذاري‌ شاهد,339,558181,16081194610,30320,28810,28810,-1510,-4.98,29790,-530,-1.75,28810,28810,1399-8-14
313,دامين,داروسازي‌ امين‌,328,750591,8689075670,12070,12270,11700,-370,-3.07,11980,-90,-0.75,11470,12270,1399-8-14
314,فخاس,فولاد خراسان,326,309788,10437039250,33370,31710,33700,330,0.99,33400,30,0.09,31710,34400,1399-8-14
315,شاملاح,ح . معدني‌ املاح‌  ايران‌,322,512122,27074969110,51380,52000,51520,140,0.27,52870,1490,2.9,48020,56000,1399-8-14
316,كفرا,فراورده‌ هاي‌ نسوزايران‌,322,252882,12400260480,48310,47500,48170,-140,-0.29,48490,180,0.37,46500,50100,1399-8-14
317,كهمدا,شيشه‌ همدان‌,315,762953,7468988770,9630,9610,9750,120,1.25,9650,20,0.21,9300,9990,1399-8-14
318,وپويا,سرمايه گذاري پويا,312,702490,7420401870,11118,10563,10563,-555,-4.99,11028,-90,-0.81,10563,10563,1399-8-14
319,بخاور,بيمه زندگي خاورميانه,310,1745444,12471832768,7468,7160,7190,-278,-3.72,7383,-85,-1.14,7095,7350,1399-8-14
320,دسبحان,سبحان دارو,307,425358,7021483710,16990,16170,16530,-460,-2.71,16920,-70,-0.41,16160,16970,1399-8-14
321,آتيمس,صندوق س.آرمان آتيه درخشان مس-س,307,80844,15255594954,180650,184919,190500,9850,5.45,188704,8054,4.46,183129,190500,1399-8-14
322,سپاس,صندوق س. پاداش سهامداري توسعه1,303,11460522,116278121173,10153,10160,10130,-23,-0.23,10146,-7,-0.07,10112,10160,1399-8-14
323,خمحركه,نيرو محركه‌,297,1333069,8531641600,6730,6400,6400,-330,-4.9,6660,-70,-1.04,6400,6400,1399-8-14
324,فسپا,گروه‌صنعتي‌سپاهان‌,291,1384544,59388194800,40880,42800,42920,2040,4.99,42890,2010,4.92,40000,42920,1399-8-14
325,تسه9810,امتياز تسهيلات مسكن دي98,289,8486,6842848760,815140,791000,787000,-28140,-3.45,806369,-8771,-1.08,774383,855000,1399-8-14
326,بنو,بيمه تجارت نو,287,1944342,71995095576,35265,37028,37028,1763,5.0,37028,1763,5.0,37028,37028,1399-8-14
327,شپارس,بين‌ المللي‌ محصولات‌  پارس‌,283,988258,14148549100,14930,14190,14190,-740,-4.96,14750,-180,-1.21,14190,14890,1399-8-14
328,ثزاگرس,سرمايه گذاري توسعه عمران زاگرس,280,1319534,51981989602,37595,39474,39474,1879,5.0,39394,1799,4.79,37595,39474,1399-8-14
329,داوه,داروسازي آوه سينا,276,531032,8389279424,16595,15766,15766,-829,-5.0,16450,-145,-0.87,15766,16590,1399-8-14
330,وتوشه,سرمايه‌ گذاري‌ پارس‌ توشه‌,276,552065,10440873130,19550,18590,19000,-550,-2.81,19410,-140,-0.72,18580,19770,1399-8-14
331,سجام,مجتمع سيمان غرب آسيا,275,2837770,32066798711,10971,11300,11300,329,3.0,11300,329,3.0,11299,11300,1399-8-14
332,سفاسي,شركت فارسيت اهواز,275,1338664,16323668816,11614,12194,12194,580,4.99,12036,422,3.63,12194,12194,1399-8-14
333,اتكاي,بيمه اتكايي ايرانيان,274,1517696,18838881396,12284,12799,12395,111,0.9,12333,49,0.4,12203,12799,1399-8-14
334,كرمان,س. توسعه و عمران استان كرمان,265,195490,14396665560,77519,73644,73644,-3875,-5.0,76287,-1232,-1.59,73644,73644,1399-8-14
335,ولانا,شركت ليزينگ آريا دانا,263,768161,15970685820,21812,20722,20722,-1090,-5.0,20924,-888,-4.07,20722,22246,1399-8-14
336,غبشهر,صنعتي‌ بهشهر,259,586284,13108311910,23440,22270,22270,-1170,-4.99,23120,-320,-1.37,22270,23430,1399-8-14
337,شفا,سرمايه گذاري شفادارو,258,295870,17770726620,59330,56370,62000,2670,4.5,59590,260,0.44,56370,62290,1399-8-14
338,پخش,پخش البرز,254,617404,18831913884,30259,30259,31110,851,2.81,30348,89,0.29,29600,31560,1399-8-14
339,اتكام,شركت بيمه اتكايي امين,253,1561053,11961252325,8065,7662,7662,-403,-5.0,7960,-105,-1.3,7662,7685,1399-8-14
340,ثنام,س ساختماني ب نام آوران مهندسي,249,2072425,42971732375,21376,20735,20735,-641,-3.0,20735,-641,-3.0,20735,20735,1399-8-14
341,شگل,گلتاش‌,245,651600,15603235910,23930,23370,24190,260,1.09,23940,10,0.04,23370,24680,1399-8-14
342,تسه9708,امتياز تسهيلات مسكن آبان97,243,2290,1698320782,772548,733921,765500,-7048,-0.91,741625,-30923,-4.0,733921,767998,1399-8-14
343,وهنر,گروه توسعه هنر ايران,243,2280891,9263372862,4185,4060,4061,-124,-2.96,4123,-62,-1.48,4060,4131,1399-8-14
344,تسه9903,امتياز تسهيلات مسكن خرداد99,241,2654,2112865680,799947,785209,790002,-9945,-1.24,796106,-3841,-0.48,764944,830000,1399-8-14
345,زعف9908پ10,زعفران9908نگين طلاي سرخ(پ),241,220147,18244297131,82141,85500,83025,884,1.08,82873,732,0.89,80900,85500,1399-8-14
346,سكارون,سيمان كارون,239,420276,53268301896,123055,126746,126746,3691,3.0,126746,3691,3.0,126746,126746,1399-8-14
347,غمهراح,ح . توليدي‌مهرام‌,239,110002,4351277610,43020,41880,41010,-2010,-4.67,39560,-3460,-8.04,38720,41880,1399-8-14
348,كيان2,صندوق س. با درآمد ثابت كيان,238,23800000,23800000,25761,1,1,-25760,-100.0,1,-25760,-100.0,1,1,1399-8-14
349,ضخود1042,اختيارخ خودرو-3000-1399/10/07,237,7935,5187426000,700,740,631,-69,-9.86,654,-46,-6.57,623,750,1399-8-14
350,ولبهمن,شركت بهمن ليزينگ,230,721482,6335333442,9243,8781,8781,-462,-5.0,9179,-64,-0.69,8781,8781,1399-8-14
351,مفاخر,توسعه فناوري اطلاعات خوارزمي,229,482109,21045372166,45904,43609,43609,-2295,-5.0,44864,-1040,-2.27,43609,44527,1399-8-14
352,درازك,دارويي‌ رازك‌,227,427033,14013951810,32150,33500,32810,660,2.05,32340,190,0.59,31000,33750,1399-8-14
353,پرداخت,به پرداخت ملت,226,283228,12183249960,43370,41210,44000,630,1.45,43280,-90,-0.21,41210,45500,1399-8-14
354,دالبر,البرزدارو,225,339990,6120492360,18410,18410,18100,-310,-1.68,18360,-50,-0.27,17820,18410,1399-8-14
355,كسرام,پارس‌ سرام‌,223,2357079,14448894270,5840,6130,6130,290,4.97,5930,90,1.54,6130,6130,1399-8-14
356,وارس,سرمايه گذاري ارس صبا,219,486571,36199803328,72232,74398,74398,2166,3.0,74398,2166,3.0,74100,74398,1399-8-14
357,صايند,صندوق س. گنجينه آينده روشن-د,218,5516650,54693913620,9914,9907,9910,-4,-0.04,9914,0,0.0,9900,9955,1399-8-14
358,پارسيانح,ح.بيمه پارسيان,215,784967,7283825270,9200,8780,9170,-30,-0.33,9280,80,0.87,8780,9620,1399-8-14
359,سباقر,سيمان باقران,213,1236498,18501719574,14528,14963,14963,435,2.99,14949,421,2.9,14963,14963,1399-8-14
360,ولراز,ليزينگ رازي,211,873172,20770570149,23259,22565,23956,697,3.0,23777,518,2.23,22565,23956,1399-8-14
361,ضپاس1002,اختيارخ وپارس-3000-1399/10/30,208,8926,5210820000,530,471,604,74,13.96,584,54,10.19,470,605,1399-8-14
362,غشهداب,كشت و صنعت شهداب ناب خراسان,207,1382257,6398467653,4872,4629,4629,-243,-4.99,4839,-33,-0.68,4629,4629,1399-8-14
363,سبهان,سيمان‌ بهبهان‌,205,88254,4807225570,56930,54210,54780,-2150,-3.78,56680,-250,-0.44,54090,56300,1399-8-14
364,هجرت,پخش هجرت,200,196181,10648892705,57051,54199,54199,-2852,-5.0,56409,-642,-1.13,54199,56874,1399-8-14
365,شپترو,پتروشيمي آبادان,199,3796012,17389530972,4722,4581,4581,-141,-2.99,4591,-131,-2.77,4581,4581,1399-8-14
366,اميد,تامين سرمايه اميد,197,1726469,19163805900,11680,11100,11100,-580,-4.97,11430,-250,-2.14,11100,11100,1399-8-14
367,لابسا,آبسال‌,194,426596,12752313610,31390,29830,29830,-1560,-4.97,30970,-420,-1.34,29830,31000,1399-8-14
368,كخاكح,ح . صنايع‌خاك‌چيني‌ايران‌,193,199256,8031853880,38750,37000,41000,2250,5.81,40310,1560,4.03,37000,41000,1399-8-14
369,سكرما,سيمان‌ كرمان‌,193,578889,7492708310,13520,13000,13090,-430,-3.18,13420,-100,-0.74,12850,13990,1399-8-14
370,لپارس,پارس‌ الكتريك‌,193,66142,11521936400,183360,174200,174200,-9160,-5.0,179080,-4280,-2.33,174200,174200,1399-8-14
371,هاباد912,اختيارف ت آبادا-30100-99/12/12,189,216921,2174849946,9140,10026,10026,886,9.69,10026,886,9.69,10026,10026,1399-8-14
372,كخاك,صنايع‌خاك‌چيني‌ايران‌,185,251191,11733790620,49000,46550,46770,-2230,-4.55,48430,-570,-1.16,46550,50050,1399-8-14
373,شتولي,تولي‌پرس‌,185,1300744,29965517842,22166,23052,23052,886,4.0,23037,871,3.93,22609,23052,1399-8-14
374,دلر,داروسازي‌ اكسير,181,255031,24946721970,102020,97850,96920,-5100,-5.0,99800,-2220,-2.18,96920,104100,1399-8-14
375,كدما,معدني‌ دماوند,180,109158,23752780800,207240,217600,217600,10360,5.0,211610,4370,2.11,217600,217600,1399-8-14
376,دسبحا,گروه دارويي سبحان,179,341343,5455719670,16770,15940,16100,-670,-4.0,16680,-90,-0.54,15940,16940,1399-8-14
377,ضصاد1101,اختيارخ وبصادر-3000-1399/11/12,179,8260,5009360000,647,620,610,-37,-5.72,606,-41,-6.34,600,700,1399-8-14
378,تسه9712,امتياز تسهيلات مسكن اسفند97,178,1998,1571917288,807299,767322,800001,-7298,-0.9,786745,-20554,-2.55,766935,800001,1399-8-14
379,دجابر,داروسازي‌ جابرابن‌حيان‌,176,516017,18592356950,37920,36030,36040,-1880,-4.96,37160,-760,-2.0,36030,36240,1399-8-14
380,تسه9709,امتياز تسهيلات مسكن آذر97,175,1469,1159285606,796576,760100,800000,3424,0.43,789166,-7410,-0.93,760100,800000,1399-8-14
381,دارا,صندوق س. دارا الگوريتم-د,175,5125817,51262790790,10003,10019,10000,-3,-0.03,10001,-2,-0.02,9971,10019,1399-8-14
382,شتوكا,توكا رنگ فولاد سپاهان,171,181752,4671781489,26119,25220,26000,-119,-0.46,26079,-40,-0.15,25110,26700,1399-8-14
383,سيستم,همكاران سيستم,170,567406,15831609100,27810,27810,28000,190,0.68,27840,30,0.11,27810,28800,1399-8-14
384,تسه9812,امتياز تسهيلات مسكن اسفند98,166,2161,1705951334,815490,774716,856264,40774,5.0,789427,-26063,-3.2,774716,856264,1399-8-14
385,دسينا,داروسازي‌ سينا,166,195896,4839371030,25890,24610,24640,-1250,-4.83,25770,-120,-0.46,24600,25690,1399-8-14
386,غبهنوش,بهنوش‌ ايران‌,165,107998,6157635880,59310,56350,57350,-1960,-3.3,59000,-310,-0.52,56350,59550,1399-8-14
387,وساپا,سرمايه‌گذاري‌ سايپا,165,543826,4633397520,8960,8520,8520,-440,-4.91,8910,-50,-0.56,8520,8520,1399-8-14
388,بهپاك,صنعتي بهپاك,162,480732,14652230628,32083,30479,30479,-1604,-5.0,31569,-514,-1.6,30479,30479,1399-8-14
389,وسيزد,شركت س استان يزد,161,2139981,2861058570,1280,1340,1330,50,3.91,1280,0,0.0,1310,1340,1399-8-14
390,بمپنا,توليد برق عسلويه  مپنا,160,79752,6366512347,83140,82000,79201,-3939,-4.74,82699,-441,-0.53,78983,82500,1399-8-14
391,پسهند,صنايع‌ لاستيكي‌  سهند,156,196074,9484626000,50900,48360,48360,-2540,-4.99,50380,-520,-1.02,48360,49000,1399-8-14
392,مداران,داده‌پردازي‌ايران‌,156,249785,5579769260,23450,22280,22510,-940,-4.01,23310,-140,-0.6,22280,23790,1399-8-14
393,زپارس,ملي كشت و صنعت و دامپروري پارس,153,92820,5636494140,62140,59080,62120,-20,-0.03,61970,-170,-0.27,59080,62500,1399-8-14
394,تاپكيشح,ح.تجارت الكترونيك پارسيان كيش,152,2792608,21533800288,7344,7711,7711,367,5.0,7711,367,5.0,7711,7711,1399-8-14
395,سشمال,سيمان‌ شمال‌,151,739207,6726783700,9570,9100,9100,-470,-4.91,9500,-70,-0.73,9100,9100,1399-8-14
396,دمعيار,صندوق س. توازن معيار-د,151,6035775,60417911925,10000,10010,10005,5,0.05,10010,10,0.1,10005,10020,1399-8-14
397,تسه9901,امتياز تسهيلات مسكن فروردين99,149,1348,1088875049,803731,770722,843917,40186,5.0,807771,4040,0.5,770722,843917,1399-8-14
398,كشرق,صنعتي و معدني شمال شرق شاهرود,149,183320,10243738280,53219,55879,55879,2660,5.0,53728,509,0.96,55879,55879,1399-8-14
399,تاپكيش,تجارت الكترونيك پارسيان كيش,148,3948270,52034250330,12552,13179,13179,627,5.0,13133,581,4.63,13179,13179,1399-8-14
400,دپارس,پارس‌ دارو,148,186545,18913300800,106690,101360,101360,-5330,-5.0,104490,-2200,-2.06,101360,111710,1399-8-14
401,هترول911,اختيارف ت پترول-14730-99/11/15,146,500000,1195000000,1866,2390,2390,524,28.08,2390,524,28.08,2390,2390,1399-8-14
402,وپخش,داروپخش‌ (هلدينگ‌,146,93171,10116325960,113540,107910,109720,-3820,-3.36,112450,-1090,-0.96,107870,111500,1399-8-14
403,تسه9710,امتياز تسهيلات مسكن دي 97,144,1259,998210552,806968,770000,810000,3032,0.38,792860,-14108,-1.75,770000,810000,1399-8-14
404,داسوه,داروسازي‌ اسوه‌,142,203063,5268908340,26030,25010,26030,0,0.0,26020,-10,-0.04,25010,27000,1399-8-14
405,تسه9802,امتياز تسهيلات مسكن ارديبهشت98,140,996,783427889,802779,762641,800000,-2779,-0.35,786574,-16205,-2.02,762641,800000,1399-8-14
406,وسرمد,بيمه  سرمد,140,923405,5181042259,5705,5601,5600,-105,-1.84,5681,-24,-0.42,5600,5768,1399-8-14
407,كاسپين,داروسازي كاسپين تامين,140,156250,3749644722,24612,23382,24385,-227,-0.92,24563,-49,-0.2,23382,25150,1399-8-14
408,ونيرو,سرمايه‌گذاري‌نيرو,140,1198623,5333872350,4680,4450,4450,-230,-4.91,4650,-30,-0.64,4450,4450,1399-8-14
409,خصدرا,صنعتي‌ دريايي‌ ايران‌,139,393722,2159171448,5772,5484,5484,-288,-4.99,5761,-11,-0.19,5484,5484,1399-8-14
410,شرنگي,شيميايي رنگين,136,119909,12819471190,110216,106910,106910,-3306,-3.0,107880,-2336,-2.12,106910,106910,1399-8-14
411,هصيكو402,اختيارف ت تاصيكو13500-00/02/20,135,233323,835296340,3442,3580,3580,138,4.01,3580,138,4.01,3580,3580,1399-8-14
412,وآفري,بيمه كارآفرين,134,436940,6796847665,15723,15970,15799,76,0.48,15666,-57,-0.36,15300,15970,1399-8-14
413,تسه9711,امتياز تسهيلات مسكن بهمن 97,133,1014,801861065,802759,765001,800000,-2759,-0.34,790790,-11969,-1.49,765001,800000,1399-8-14
414,ثالوند,سرمايه گذاري مسكن الوند,132,3420646,47889044000,13334,14000,14000,666,4.99,13959,625,4.69,14000,14000,1399-8-14
415,ياقوت,صندوق س ياقوت آگاه-ثابت,132,3986981,44582553154,11188,11198,11182,-6,-0.05,11182,-6,-0.05,11182,11198,1399-8-14
416,اخزا808,اسنادخزانه-م8بودجه98-000817,129,151881,127949714719,845607,841500,841550,-4057,-0.48,842434,-3173,-0.38,840883,850000,1399-8-14
417,تسه9801,امتياز تسهيلات مسكن فروردين98,128,870,685807124,816159,775352,815000,-1159,-0.14,788284,-27875,-3.42,775352,815159,1399-8-14
418,هفارس912,اختيارف ت فارس-14576-99/12/13,128,1000000,1314000000,650,1314,1314,664,102.15,1314,664,102.15,1314,1314,1399-8-14
419,شصفها,پتروشيمي‌ اصفهان‌,126,264094,23107859486,87363,85616,89110,1747,2.0,87499,136,0.16,85616,89110,1399-8-14
420,اخزا815,اسنادخزانه-م15بودجه98-010406,126,240672,176668692403,734337,732014,735300,963,0.13,734064,-273,-0.04,732014,736990,1399-8-14
421,ثباغ,شهر سازي و خانه سازي باغميشه,125,653632,21863336768,35209,33449,33449,-1760,-5.0,34414,-795,-2.26,33449,33449,1399-8-14
422,اخزا817,اسنادخزانه-م17بودجه98-010512,124,253049,181737571249,717939,716009,718194,255,0.04,718191,252,0.04,701401,721000,1399-8-14
423,قهكمت,قندهكمتان‌,124,73612,3181434860,42410,44190,42830,420,0.99,42460,50,0.12,41000,44200,1399-8-14
424,تسه9803,امتياز تسهيلات مسكن خرداد98,123,939,737355465,796461,756648,799888,3427,0.43,785256,-11205,-1.41,756648,800000,1399-8-14
425,آساميد,صندوق س.مشترك آسمان اميد -د,123,6867907,75056179440,10915,10936,10929,14,0.13,10929,14,0.13,10926,10936,1399-8-14
426,سهگمت,سيمان‌هگمتان‌,123,162777,3133262330,19750,18770,19080,-670,-3.39,19720,-30,-0.15,18770,20640,1399-8-14
427,واحصا,احياء صنايع خراسان,120,259806,5275360830,19339,20305,20305,966,5.0,19578,239,1.24,20305,20305,1399-8-14
428,كماسه,تامين‌ ماسه‌ ريخته‌گري‌,118,196332,9857829720,52850,50210,50210,-2640,-5.0,52290,-560,-1.06,50210,50210,1399-8-14
429,سبزوا,سيمان لار سبزوار,118,363722,2180877112,6311,5996,5996,-315,-4.99,6296,-15,-0.24,5996,5996,1399-8-14
430,ثعمرا,عمران و توسعه شاهد,117,3107779,51492790251,17441,16569,16569,-872,-5.0,16569,-872,-5.0,16569,16569,1399-8-14
431,سهرمز,سيمان‌هرمزگان‌,116,411908,6484969520,16160,16360,15450,-710,-4.39,16100,-60,-0.37,15360,16400,1399-8-14
432,وتعاون,بيمه  تعاون,110,433269,2560778716,6214,5904,5904,-310,-4.99,6173,-41,-0.66,5904,6214,1399-8-14
433,ددام,داروسازي زاگرس فارمد پارس,109,235506,2982818880,13320,12660,12660,-660,-4.95,13280,-40,-0.3,12660,12990,1399-8-14
434,ثجوان,تامين مسكن جوانان,106,395990,2453518414,6432,6151,6130,-302,-4.7,6402,-30,-0.47,6111,6550,1399-8-14
435,سپاها,سيمان‌سپاهان‌,105,405174,3294064620,8550,8130,8130,-420,-4.91,8520,-30,-0.35,8130,8130,1399-8-14
436,بكاب,صنايع‌جوشكاب‌يزد,105,58421,10144806650,165390,173650,173650,8260,4.99,166830,1440,0.87,173650,173650,1399-8-14
437,اعتلا,شركت سرمايه گذاري اعتلاء البرز,104,824639,7770573297,9918,9423,9423,-495,-4.99,9836,-82,-0.83,9423,9423,1399-8-14
438,وبهمن,سرمايه‌گذاري‌بهمن‌,104,1050466,12752657240,12770,12140,12140,-630,-4.93,12590,-180,-1.41,12140,12140,1399-8-14
439,غمينو,شركت صنايع غذايي مينو شرق,102,249274,4421372938,18670,17737,17737,-933,-5.0,18586,-84,-0.45,17737,17737,1399-8-14
440,تسه9811,امتياز تسهيلات مسكن بهمن98,100,949,748942944,795809,760842,810000,14191,1.78,789192,-6617,-0.83,760842,810000,1399-8-14
441,دكيمي,كيميدارو,100,228182,4903631180,22620,21490,21490,-1130,-5.0,22500,-120,-0.53,21490,21490,1399-8-14
442,فپنتا,سپنتا,100,50500,19581880000,369300,387760,387760,18460,5.0,375830,6530,1.77,387760,387760,1399-8-14
443,تسه9809,امتياز تسهيلات مسكن آذر98,99,1530,1203596179,792200,753200,789000,-3200,-0.4,786664,-5536,-0.7,753200,830000,1399-8-14
444,ضخود1043,اختيارخ خودرو-3500-1399/10/07,99,4483,2128490000,508,590,480,-28,-5.51,475,-33,-6.5,460,590,1399-8-14
445,غويتا,ويتانا,97,138314,6413066924,48806,46366,46366,-2440,-5.0,48441,-365,-0.75,46366,46366,1399-8-14
446,بذر,صندوق س بذر اميد آفرين-سهام,95,43068,4373956670,97920,100770,101010,3090,3.16,101560,3640,3.72,99870,102790,1399-8-14
447,اخزا811,اسنادخزانه-م11بودجه98-001013,95,232733,190555965193,819961,815142,816100,-3861,-0.47,818775,-1186,-0.14,815089,822000,1399-8-14
448,دفرا,فرآورده‌هاي‌ تزريقي‌ ايران‌,94,241654,5498621220,23900,22750,22710,-1190,-4.98,23760,-140,-0.59,22710,24930,1399-8-14
449,سدبير,س. تدبيرگران فارس وخوزستان,93,316617,10115596533,30428,31949,31949,1521,5.0,30713,285,0.94,31949,31949,1399-8-14
450,وسناح,ح. سرمايه گذاري نيروگاهي ايران,92,252615,2625248324,10708,10387,10387,-321,-3.0,10392,-316,-2.95,10387,10700,1399-8-14
451,حفارس,حمل و نقل بين المللي خليج فارس,91,374185,1627704750,4570,4350,4350,-220,-4.81,4560,-10,-0.22,4350,4350,1399-8-14
452,دروز,داروسازي‌ روزدارو,91,112113,1974127360,18500,17580,17580,-920,-4.97,18460,-40,-0.22,17580,18000,1399-8-14
453,پيزد,مجتمع صنايع لاستيك يزد,91,17309,1647764873,100207,95197,95197,-5010,-5.0,100032,-175,-0.17,95197,95197,1399-8-14
454,كيا,كيا الكترود شرق,91,2253467,12641949870,5322,5610,5610,288,5.41,5610,288,5.41,5610,5610,1399-8-14
455,سبجنو,سيمان‌ بجنورد,90,58990,1827360120,31070,32000,31000,-70,-0.23,31070,0,0.0,30230,32000,1399-8-14
456,سمتاز,سيمان ممتازان كرمان,90,92132,2050145531,21646,21648,22295,649,3.0,21706,60,0.28,21648,22295,1399-8-14
457,دفارا,داروسازي‌ فارابي‌,89,174310,10991988600,66370,63060,63060,-3310,-4.99,65580,-790,-1.19,63060,63060,1399-8-14
458,سفانو,سيمان فارس نو,89,147078,4319438820,30900,29360,29360,-1540,-4.98,30760,-140,-0.45,29360,29900,1399-8-14
459,ضغدر1119,اختيارخ وغدير-10000-1399/11/26,87,2517,7986804000,2439,2980,3052,613,25.13,3173,734,30.09,2980,3500,1399-8-14
460,تسه9808,امتياز تسهيلات مسكن آبان98,85,1187,936561866,796056,756400,800000,3944,0.5,789016,-7040,-0.88,756400,800000,1399-8-14
461,شلعاب,لعابيران‌,81,420574,3288888680,8230,7820,7820,-410,-4.98,8200,-30,-0.36,7820,7820,1399-8-14
462,مرقام,ايران‌ارقام‌,80,119954,2738549820,24030,22830,22830,-1200,-4.99,23960,-70,-0.29,22830,22830,1399-8-14
463,شاملا,معدني‌ املاح‌  ايران‌,80,285737,18478709820,68070,64670,64670,-3400,-4.99,66700,-1370,-2.01,64670,64710,1399-8-14
464,ورنا,سرمايه‌گذاري‌ رنا(هلدينگ‌,79,300674,2525661600,8840,8400,8400,-440,-4.98,8810,-30,-0.34,8400,8400,1399-8-14
465,بايكا,كارخانجات كابلسازي ‌ايران‌,78,117987,4693168899,41870,39777,39777,-2093,-5.0,41353,-517,-1.23,39777,39777,1399-8-14
466,سخزر,سيمان‌ خزر,76,543118,13415014600,25990,24700,24700,-1290,-4.96,25620,-370,-1.42,24700,24700,1399-8-14
467,سقاين,سيمان‌ قائن‌,76,58330,2244400180,40060,38080,38790,-1270,-3.17,39990,-70,-0.17,38080,39000,1399-8-14
468,واتي,سرمايه‌ گذاري‌ آتيه‌ دماوند,74,1448141,19578866320,14230,13520,13520,-710,-4.99,13940,-290,-2.04,13520,13520,1399-8-14
469,تشتادح,ح.صنايع توليدي اشتاد ايران‌,74,157568,1810281277,10948,11604,11603,655,5.98,11489,541,4.94,10300,11604,1399-8-14
470,ولشرق,ليزينگ ايران و شرق,73,1502382,9951778368,6972,6624,6624,-348,-4.99,6897,-75,-1.08,6624,6624,1399-8-14
471,اخزا814,اسنادخزانه-م14بودجه98-010318,72,197441,147713288224,744387,748176,748100,3713,0.5,748139,3752,0.5,747179,748200,1399-8-14
472,آكورد2,صندوق س. آرمان آتي كوثر-د,70,7000000,7000000,29160,1,1,-29159,-100.0,1,-29159,-100.0,1,1,1399-8-14
473,كصدف,كاشي صدف سرام استقلال آباده,70,276719,5515009670,18981,19930,19930,949,5.0,19229,248,1.31,19930,19930,1399-8-14
474,اخزا816,اسنادخزانه-م16بودجه98-010503,68,137886,99970370938,723801,722005,725030,1229,0.17,725022,1221,0.17,722005,727000,1399-8-14
475,كفپارس,فرآورده‌هاي‌ نسوز پارس‌,68,122940,1140883200,9760,9280,9280,-480,-4.92,9750,-10,-0.1,9280,9280,1399-8-14
476,ضشنا1035,اختيارخ شپنا-14000-1399/10/23,68,590,1550878000,2176,2302,2800,624,28.68,2629,453,20.82,1900,3199,1399-8-14
477,خديزل,بهمن  ديزل,66,263648,10550402016,42123,40017,40017,-2106,-5.0,41620,-503,-1.19,40017,40017,1399-8-14
478,وسنا,سرمايه گذاري نيروگاهي ايران,66,1415890,21388434340,15573,15106,15106,-467,-3.0,15106,-467,-3.0,15106,15106,1399-8-14
479,دشيري,شيرين دارو,66,31898,5565418424,176936,171628,171628,-5308,-3.0,176225,-711,-0.4,171628,176900,1399-8-14
480,ضملي1148,اختيارخ فملي-10140-1399/11/05,65,346,1798810000,4242,5899,5760,1518,35.79,5199,957,22.56,4800,5899,1399-8-14
481,وثنو,سرمايه گذاري ساختماني نوين,63,136142,1949008872,15069,14316,14316,-753,-5.0,14992,-77,-0.51,14316,14316,1399-8-14
482,شكبير,پتروشيمي اميركبير,63,33757,1937534442,58397,56646,56646,-1751,-3.0,58374,-23,-0.04,56646,57990,1399-8-14
483,شكربن,كربن‌ ايران‌,61,48068,3479161840,76180,72380,72380,-3800,-4.99,75890,-290,-0.38,72380,72380,1399-8-14
484,غنوش,نوش‌ مازندران‌,60,15459,1079811150,73520,69850,69850,-3670,-4.99,73440,-80,-0.11,69850,69850,1399-8-14
485,ضچاد1014,اختيارخ كچاد-14000-1399/10/02,60,538,1895496000,2641,2821,3700,1059,40.1,3523,882,33.4,2821,3979,1399-8-14
486,سخند,صندوق س.سپهرخبرگان نفت-د,60,239040,2422199380,10142,10150,10131,-11,-0.11,10133,-9,-0.09,10130,10150,1399-8-14
487,قپيرا,فرآورده‌هاي‌غدايي‌وقندپيرانشهر,59,73207,6628893850,86240,90550,90550,4310,5.0,86760,520,0.6,90550,90550,1399-8-14
488,وسبوشهر,شركت س استان بوشهر,58,621066,745279200,1260,1200,1200,-60,-4.76,1260,0,0.0,1200,1200,1399-8-14
489,وملي,گروه‌ صنعتي‌ ملي‌ (هلدينگ‌,57,5123,1925479550,395630,375850,375850,-19780,-5.0,394820,-810,-0.2,375850,375850,1399-8-14
490,نمرينو,ايران‌ مرينوس‌,57,62325,3459544420,57530,54660,59940,2410,4.19,57380,-150,-0.26,54660,60400,1399-8-14
491,بزاگرس,نيروگاه زاگرس كوثر,57,387097,5471228998,14877,14134,14134,-743,-4.99,14789,-88,-0.59,14134,14134,1399-8-14
492,ثاصفا,شركت‌ ساختمان‌ اصفهان‌,57,105714,2750995422,27392,26023,26023,-1369,-5.0,27193,-199,-0.73,26023,26023,1399-8-14
493,جوين,كشت و صنعت جوين,56,427623,8506704339,18946,19893,19893,947,5.0,19310,364,1.92,19893,19893,1399-8-14
494,سنوين,سرمايه گذاري اقتصاد نوين,56,289022,2926130155,10095,9894,10295,200,1.98,10103,8,0.08,9894,10296,1399-8-14
495,اخزا818,اسنادخزانه-م18بودجه98-010614,56,80643,57055758583,706249,704999,707955,1706,0.24,707510,1261,0.18,703294,711600,1399-8-14
496,الماس,صندوق س.امين تدبيرگران فردا-س,55,14374,1595670261,109906,111900,109962,56,0.05,111011,1105,1.01,108000,113400,1399-8-14
497,غفارس,شير پاستوريزه پگاه فارس,55,110366,1033136126,9853,9361,9361,-492,-4.99,9842,-11,-0.11,9361,9361,1399-8-14
498,خريخت,صنايع‌ريخته‌گري‌ايران‌,54,733343,3483379250,5000,4750,4750,-250,-5.0,4980,-20,-0.4,4750,4750,1399-8-14
499,اخزا809,اسنادخزانه-م9بودجه98-000923,54,61359,50620795887,825285,825283,825001,-284,-0.03,824994,-291,-0.04,824538,825302,1399-8-14
500,ديران,ايران‌دارو,52,138786,2442633600,18520,17600,17600,-920,-4.97,18470,-50,-0.27,17600,17600,1399-8-14
501,اخزا810,اسنادخزانه-م10بودجه98-001006,52,105537,87119052621,820312,818900,820001,-311,-0.04,825483,5171,0.63,818886,830000,1399-8-14
502,فيروزا,صندوق بادرآمد ثابت فيروزه آسيا,51,261623,5514119772,21135,21063,21071,-64,-0.3,21077,-58,-0.27,21063,21170,1399-8-14
503,اخزا821,اسنادخزانه-م21بودجه98-020906,51,59447,33552016110,564210,561666,565000,790,0.14,564402,192,0.03,561600,569890,1399-8-14
504,تسه9806,امتياز تسهيلات مسكن شهريور98,50,499,388871684,793815,754225,799000,5185,0.65,779302,-14513,-1.83,754225,799600,1399-8-14
505,ثپرديس,سرمايه گذاري مسكن پرديس,50,1044092,11543481152,11637,11056,11056,-581,-4.99,11495,-142,-1.22,11056,11056,1399-8-14
506,تسه9807,امتياز تسهيلات مسكن مهر98,49,508,399551667,793209,770000,795000,1791,0.23,786519,-6690,-0.84,768398,799999,1399-8-14
507,قاسم,قاسم ايران,48,101789,1293839979,13380,12711,12711,-669,-5.0,13362,-18,-0.13,12711,12711,1399-8-14
508,وسين,بيمه سينا,48,592910,11388022370,20217,19207,19207,-1010,-5.0,19600,-617,-3.05,19207,19207,1399-8-14
509,اخزا806,اسنادخزانه-م6بودجه98-000519,47,101939,89369996670,879607,875502,876701,-2906,-0.33,876701,-2906,-0.33,875434,881000,1399-8-14
510,صنوين,صندوق سرمايه‌گذاري صنوين-مختلط,47,10803,1087107810,100680,100010,100290,-390,-0.39,100630,-50,-0.05,100010,102000,1399-8-14
511,آرمان,بيمه آرمان,47,1937461,12384250712,6206,6392,6392,186,3.0,6323,117,1.89,6392,6392,1399-8-14
512,فجام,جام‌دارو,46,17129,851482590,52320,49710,49710,-2610,-4.99,52270,-50,-0.1,49710,49710,1399-8-14
513,كي بي سي,شركت كي بي سي,46,157202,4836162328,32383,30764,30764,-1619,-5.0,32214,-169,-0.52,30764,30764,1399-8-14
514,قلرست,قند لرستان‌,45,260531,5716050140,23090,21940,21940,-1150,-4.98,22950,-140,-0.61,21940,21940,1399-8-14
515,خمهر,مهركام‌پارس‌,45,192663,1321668180,7220,6860,6860,-360,-4.99,7210,-10,-0.14,6860,6860,1399-8-14
516,ساراب,سيمان‌ داراب‌,45,173455,1977387000,12000,11400,11400,-600,-5.0,11970,-30,-0.25,11400,11400,1399-8-14
517,سدشت,صنايع سيمان دشتستان,44,10746,405614830,38080,36720,37160,-920,-2.42,38080,0,0.0,36720,38990,1399-8-14
518,وتوس,توسعه‌شهري‌توس‌گستر,44,31739,1022313190,33900,32210,32210,-1690,-4.99,33860,-40,-0.12,32210,32210,1399-8-14
519,اخزا713,اسنادخزانه-م13بودجه97-000518,43,126020,110187611344,881784,872600,874272,-7512,-0.85,874366,-7418,-0.84,872600,879999,1399-8-14
520,نگين,ص.س. زمين و ساختمان نگين شهرري,43,19690,985140030,50050,50010,50020,-30,-0.06,50030,-20,-0.04,50010,50700,1399-8-14
521,ضترا1118,اختيارخ شتران-12000-1399/11/14,41,713,1501085000,1372,2415,2100,728,53.06,2105,733,53.43,1900,2415,1399-8-14
522,تبرك,گروه كارخانجات صنعتي تبرك,40,39577,1048988385,27899,26505,26505,-1394,-5.0,27868,-31,-0.11,26505,26505,1399-8-14
523,قشهد,شهد,39,59930,1685935060,29610,28130,28130,-1480,-5.0,29560,-50,-0.17,28130,28200,1399-8-14
524,غچين,كشت‌ و صنعت‌ چين‌ چين,38,34408,1395244400,42680,40550,40550,-2130,-4.99,42620,-60,-0.14,40550,40550,1399-8-14
525,هصادر912,اختيارف ت صادرات-3750-99/12/23,38,1000000,274000000,170,274,274,104,61.18,274,104,61.18,274,274,1399-8-14
526,ختراك,ريخته‌گري‌ تراكتورسازي‌ ايران‌,38,34877,371091280,11190,10640,10640,-550,-4.92,11190,0,0.0,10640,10640,1399-8-14
527,فلوله,لوله‌وماشين‌سازي‌ايران‌,38,36509,792245300,22840,21700,21700,-1140,-4.99,22820,-20,-0.09,21700,21700,1399-8-14
528,تصميم,صندوق س با درآمد ثابت تصميم,37,682929,10106839225,14779,14790,14780,1,0.01,14799,20,0.14,14770,14829,1399-8-14
529,تسه9805,امتياز تسهيلات مسكن مرداد98,37,241,188970742,810964,770416,785000,-25964,-3.2,784111,-26853,-3.31,770416,800000,1399-8-14
530,غمهرا,توليدي‌مهرام‌,37,21480,1012787100,49630,47150,47150,-2480,-5.0,49580,-50,-0.1,47150,47170,1399-8-14
531,ارمغان,ص سرمايه گذاري ارمغان ايرانيان,37,961661,9760988305,10137,10150,10151,14,0.14,10150,13,0.13,10150,10169,1399-8-14
532,ساذريح,ح . آذريت‌,36,349198,1943286870,5737,5565,5565,-172,-3.0,5565,-172,-3.0,5565,5565,1399-8-14
533,تسه9804,امتياز تسهيلات مسكن تير98,36,297,234368246,795181,770000,799800,4619,0.58,789119,-6062,-0.76,756060,834000,1399-8-14
534,دقاضي,داروسازي شهيد قاضي,36,98657,8658634995,90469,87760,87755,-2714,-3.0,89230,-1239,-1.37,87755,87900,1399-8-14
535,اخزا813,اسنادخزانه-م13بودجه98-010219,35,35138,26692966431,758422,758658,759670,1248,0.16,759661,1239,0.16,758658,760000,1399-8-14
536,غپونه,نوش پونه مشهد,35,74736,1172533104,16174,15689,15689,-485,-3.0,16144,-30,-0.19,15689,15689,1399-8-14
537,ضپاس1003,اختيارخ وپارس-3500-1399/10/30,34,1374,572994000,413,400,430,17,4.12,417,4,0.97,385,449,1399-8-14
538,زماهان,مجتمع توليد گوشت مرغ ماهان,33,36924,810223332,23097,21943,21943,-1154,-5.0,23077,-20,-0.09,21943,21943,1399-8-14
539,غپاك,لبنيات‌ پاك‌,33,81186,997775940,12930,12290,12290,-640,-4.95,12920,-10,-0.08,12290,12290,1399-8-14
540,پارتا,مجتمع‌صنعتي‌آرتاويل‌تاير,32,83595,5057748285,62374,60503,60503,-1871,-3.0,62049,-325,-0.52,60503,60503,1399-8-14
541,غگلستا,شير پاستوريزه پگاه گلستان,31,31624,461330912,15355,14588,14588,-767,-5.0,15347,-8,-0.05,14588,14588,1399-8-14
542,تكمبا,كمباين‌ سازي‌ ايران‌,31,87331,837504290,10090,9590,9590,-500,-4.96,10080,-10,-0.1,9590,9590,1399-8-14
543,ضترا1117,اختيارخ شتران-10000-1399/11/14,31,506,1572668000,2434,3000,3200,766,31.47,3108,674,27.69,2520,3400,1399-8-14
544,اخزا812,اسنادخزانه-م12بودجه98-001111,31,58849,47339000857,803729,804445,804443,714,0.09,804415,686,0.09,800001,804445,1399-8-14
545,ضفار1125,اختيارخ فارس-17826-1399/11/07,31,1375,1758352000,551,600,611,60,10.89,639,88,15.97,600,700,1399-8-14
546,ضملي1153,اختيارخ فملي-20280-1399/11/05,30,593,299462000,329,500,500,171,51.98,505,176,53.5,480,520,1399-8-14
547,ضمخا7070,اختيارخ اخابر-20000-1400/07/28,30,450,889904000,2330,2000,1780,-550,-23.61,1978,-352,-15.11,1600,2000,1399-8-14
548,سمايه,بانك سرمايه,30,39183,363814155,9572,9285,9285,-287,-3.0,9567,-5,-0.05,9285,9285,1399-8-14
549,وثوق,سرمايه گذاري وثوق امين,30,80782,1176024356,15324,14558,14558,-766,-5.0,15277,-47,-0.31,14558,14558,1399-8-14
550,تملي701,تسهيلات مسكن ب. ملي-فروردين97,29,563,810630465,1457308,1530173,1530173,72865,5.0,1439841,-17467,-1.2,1384443,1530173,1399-8-14
551,اخزا903,اسنادخزانه-م3بودجه99-011110,29,64238,41885176526,650688,656267,652001,1313,0.2,652031,1343,0.21,650001,657980,1399-8-14
552,تملي702,تسهيلات مسكن ب. ملي-ارديبهشت97,29,749,996861283,1365169,1433427,1330923,-34246,-2.51,1330923,-34246,-2.51,1296911,1433427,1399-8-14
553,ضمخا1023,اختيارخ اخابر-12000-1399/10/30,29,465,1028096000,2507,2000,2150,-357,-14.24,2211,-296,-11.81,2000,3000,1399-8-14
554,دكپسول,توليد ژلاتين كپسول ايران,28,40726,1392259036,35985,34186,34186,-1799,-5.0,35932,-53,-0.15,34186,34186,1399-8-14
555,قنيشا,قند  نيشابور,27,32575,2870509000,92750,88120,88120,-4630,-4.99,92460,-290,-0.31,88120,88120,1399-8-14
556,خاذين,سايپاآذين‌,27,163721,1075646970,6910,6570,6570,-340,-4.92,6900,-10,-0.14,6570,6570,1399-8-14
557,آسام,صندوق س.آرمان سپهر آشنا-م,27,9430,915160740,95977,98000,97500,1523,1.59,97048,1071,1.12,95900,98000,1399-8-14
558,سرود,سيمان‌شاهرود,26,208686,2856911340,14410,13690,13690,-720,-5.0,14370,-40,-0.28,13690,13690,1399-8-14
559,كگاز,شيشه‌ و گاز,26,62430,1488331200,25090,23840,23840,-1250,-4.98,25050,-40,-0.16,23840,23840,1399-8-14
560,گپارس,امور رفاهي كارگزاران پارس,26,13134,1729025430,127811,131645,131645,3834,3.0,128129,318,0.25,131645,131645,1399-8-14
561,نطرين,عطرين نخ قم,25,37319,566427782,15976,15178,15178,-798,-4.99,15966,-10,-0.06,15178,15178,1399-8-14
562,اخزا807,اسنادخزانه-م7بودجه98-000719,25,46942,40121095711,853265,853934,854083,818,0.1,854695,1430,0.17,853934,862000,1399-8-14
563,كپرور,فرآوري زغال سنگ پروده طبس,25,35459,1602073079,47558,45181,45181,-2377,-5.0,47477,-81,-0.17,45181,45181,1399-8-14
564,لبوتان,گروه‌صنعتي‌بوتان‌,25,13017,873701040,70650,67120,67120,-3530,-5.0,70580,-70,-0.1,67120,67120,1399-8-14
565,شفارا,پتروشيمي فارابي,24,165183,837477810,5336,5070,5070,-266,-4.99,5324,-12,-0.22,5070,5070,1399-8-14
566,اخزا820,اسنادخزانه-م20بودجه98-020806,24,131272,75087946915,579896,572000,576999,-2897,-0.5,572003,-7893,-1.36,572000,576999,1399-8-14
567,نيرو,نيرو سرمايه,23,33732,1561015764,48712,46277,46277,-2435,-5.0,48511,-201,-0.41,46277,46277,1399-8-14
568,لكما,كارخانجات‌مخابراتي‌ايران‌,23,141917,1478633223,10967,10419,10419,-548,-5.0,10924,-43,-0.39,10419,10419,1399-8-14
569,اخزا704,اسنادخزانه-م4بودجه97-991022,23,84016,81425943300,967892,983000,969000,1108,0.11,969172,1280,0.13,967700,983000,1399-8-14
570,اخزا804,اسنادخزانه-م4بودجه98-000421,22,30551,27176383990,889348,889510,889551,203,0.02,889542,194,0.02,889510,889700,1399-8-14
571,رتكو,كنترل‌خوردگي‌تكين‌كو,22,113123,1737569280,16160,15360,15360,-800,-4.95,16130,-30,-0.19,15360,15360,1399-8-14
572,افران,صندوق س افرا نماد پايدار-ثابت,22,46479,554534664,11931,11930,11932,1,0.01,11931,0,0.0,11930,11950,1399-8-14
573,پكويرح,ح. كوير تاير,21,630260,7247990000,11500,11500,11500,0,0.0,11500,0,0.0,11500,11500,1399-8-14
574,غاذر,كشت‌وصنعت‌پياذر,21,14926,1097956560,77430,73560,73560,-3870,-5.0,77340,-90,-0.12,73560,73560,1399-8-14
575,سكرد,سيمان كردستان,21,52034,496924700,10050,9550,9550,-500,-4.98,10040,-10,-0.1,9550,9550,1399-8-14
576,تكنار,مجتمع معادن مس تكنار,21,6279,598143819,98207,95261,95261,-2946,-3.0,98116,-91,-0.09,95261,95261,1399-8-14
577,كپشير,پشم‌شيشه‌ايران‌,21,117412,1985436920,17800,16910,16910,-890,-5.0,17760,-40,-0.22,16910,16910,1399-8-14
578,كايتاح,ح.ايتالران‌,20,19405,262878932,13217,13612,13500,283,2.14,13547,330,2.5,13500,13612,1399-8-14
579,خشرق,الكتريك‌ خودرو شرق‌,20,26074,498534880,20120,19120,19120,-1000,-4.97,20110,-10,-0.05,19120,19120,1399-8-14
580,اخزا902,اسنادخزانه-م2بودجه99-011019,20,45216,29764461299,660873,659082,659000,-1873,-0.28,658273,-2600,-0.39,651659,662000,1399-8-14
581,وملت,سرمايه گذاري ملت,20,70712,363813240,5250,5145,5145,-105,-2.0,5246,-4,-0.08,5145,5145,1399-8-14
582,سكه0012پ01,سكه تمام بهارتحويلي 1روزه رفاه,20,4300,5946173300,1316982,1382831,1382831,65849,5.0,1382831,65849,5.0,1382831,1382831,1399-8-14
583,شساخت,مهندسي و ساختمان صنايع نفت,19,22961,900828913,40446,39233,39233,-1213,-3.0,40418,-28,-0.07,39233,39233,1399-8-14
584,ضشنا1036,اختيارخ شپنا-16000-1399/10/23,19,135,295550000,1493,2399,2150,657,44.01,2189,696,46.62,2000,2400,1399-8-14
585,ضخود1040,اختيارخ خودرو-2000-1399/10/07,19,405,584349000,1617,1450,1429,-188,-11.63,1443,-174,-10.76,1400,1500,1399-8-14
586,تملي704,تسهيلات مسكن ب. ملي-تير97,18,220,468679860,2028918,2130363,2130363,101445,5.0,2130363,101445,5.0,2130363,2130363,1399-8-14
587,سدور,سيمان‌ دورود,18,59749,455884870,8030,7630,7630,-400,-4.98,8030,0,0.0,7630,7630,1399-8-14
588,تماوند,تامين سرمايه دماوند,18,34779,540987345,16036,15555,15555,-481,-3.0,16023,-13,-0.08,15555,15555,1399-8-14
589,ضصاد1107,اختيارخ وبصادر-7000-1399/11/12,18,511,52518000,100,100,107,7,7.0,103,3,3.0,55,120,1399-8-14
590,وليز,ليزينگ‌ايران‌,18,48793,433281840,9340,8880,8880,-460,-4.93,9340,0,0.0,8880,8880,1399-8-14
591,ثشرق,سرمايه گذاري مسكن شمال شرق,18,58225,324313250,5860,5570,5570,-290,-4.95,5860,0,0.0,5570,5570,1399-8-14
592,سايرا,ايرانيت‌,18,14394,528086952,36095,35374,35374,-721,-2.0,36126,31,0.09,35374,36816,1399-8-14
593,كتوكا,توليدي و خدمات صنايع نسوز توكا,18,5676,682890912,126644,120312,120312,-6332,-5.0,126553,-91,-0.07,120312,120312,1399-8-14
594,زعف9908پ16,زعفران9908نگين بيرجند(پ),18,1975,163673700,79138,81500,84000,4862,6.14,82873,3735,4.72,81500,84990,1399-8-14
595,قشير,قند شيروان قوچان و بجنورد,17,18262,421231292,24280,23066,23066,-1214,-5.0,24269,-11,-0.05,23066,23066,1399-8-14
596,بسويچ,پارس‌سويچ‌,17,4485,182763750,42890,40750,40750,-2140,-4.99,42880,-10,-0.02,40750,40750,1399-8-14
597,وپسا,س. پتروشيمي ساختمان  خليج فارس,17,473107,2319170514,5160,4902,4902,-258,-5.0,5129,-31,-0.6,4902,4902,1399-8-14
598,ساروج,بين المللي ساروج بوشهر,17,39431,758139837,19821,19227,19227,-594,-3.0,19798,-23,-0.12,19227,19227,1399-8-14
599,ضفار1123,اختيارخ فارس-13826-1399/11/07,17,152,661774000,1600,2100,1999,399,24.94,2177,577,36.06,1990,2400,1399-8-14
600,سفار,سيمان‌فارس‌,17,3512,304490400,91260,86700,86700,-4560,-5.0,91230,-30,-0.03,86700,86700,1399-8-14
601,فنورد,نوردوقطعات‌ فولادي‌,16,50000,7744000000,147510,154880,154880,7370,5.0,148570,1060,0.72,154880,154880,1399-8-14
602,كمينا,شيشه سازي مينا,15,15411,457568001,30609,29691,29691,-918,-3.0,30587,-22,-0.07,29691,29691,1399-8-14
603,ضخود1045,اختيارخ خودرو-4500-1399/10/07,15,626,137385000,224,398,240,16,7.14,219,-5,-2.23,201,398,1399-8-14
604,ضچاد1015,اختيارخ كچاد-16000-1399/10/02,15,188,468773000,1864,1800,2650,786,42.17,2493,629,33.74,1800,2700,1399-8-14
605,ضفلا8085,اختيارخ فولاد-16775-1399/08/28,15,84,24579000,95,300,294,199,209.47,293,198,208.42,101,350,1399-8-14
606,ضفلا8086,اختيارخ فولاد-17775-1399/08/28,15,412,211161000,237,300,500,263,110.97,513,276,116.46,101,600,1399-8-14
607,خوساز,محورسازان‌ايران‌خودرو,15,85147,744184780,9190,8740,8740,-450,-4.9,9180,-10,-0.11,8740,8740,1399-8-14
608,ضخود1048,اختيارخ خودرو-7000-1399/10/07,15,599,58922000,97,90,108,11,11.34,98,1,1.03,90,108,1399-8-14
609,زعف9908پ05,زعفران9908نگين زرين(پ),15,6349,547092800,82314,86248,86248,3934,4.78,86170,3856,4.68,86000,86248,1399-8-14
610,وايران,ليزينگ ايرانيان,14,44415,410838750,9730,9250,9250,-480,-4.93,9730,0,0.0,9250,9250,1399-8-14
611,غالبر,لبنيات‌ كالبر,14,131287,1592511310,12760,12130,12130,-630,-4.94,12740,-20,-0.16,12130,12130,1399-8-14
612,چكاوه,صنايع‌كاغذسازي‌كاوه‌,14,21930,779830800,37430,35560,35560,-1870,-5.0,37400,-30,-0.08,35560,35560,1399-8-14
613,فوكا,فولاد كاويان,14,18116,369638864,21035,20404,20404,-631,-3.0,21030,-5,-0.02,20404,20404,1399-8-14
614,ضمخا7067,اختيارخ اخابر-14000-1400/07/28,14,52,272000000,4675,5200,6000,1325,28.34,5231,556,11.89,5200,6000,1399-8-14
615,فنوال,نورد آلومينيوم‌,14,21761,730299160,35320,33560,33560,-1760,-4.98,35290,-30,-0.08,33560,33560,1399-8-14
616,ثروتم,صندوق س. ثروت آفرين پارسيان-س,14,1770,160769860,89961,91799,90171,210,0.23,90830,869,0.97,90010,91799,1399-8-14
617,هغدير912,اختيارف ت غدير-17380-99/12/16,13,4612,21431548,4639,5821,4633,-6,-0.13,4647,8,0.17,4633,5821,1399-8-14
618,ضملي1149,اختيارخ فملي-12168-1399/11/05,13,110,380536000,3195,3000,3800,605,18.94,3459,264,8.26,3000,3800,1399-8-14
619,ضفلا8082,اختيارخ فولاد-13775-1399/08/28,13,231,267342000,880,1200,1400,520,59.09,1157,277,31.48,1000,1400,1399-8-14
620,دلقما,دارويي‌ لقمان‌,13,4531,149205830,34660,32930,32930,-1730,-4.99,34650,-10,-0.03,32930,32930,1399-8-14
621,وساربيل,شركت س استان اردبيل,13,163560,199543200,1280,1220,1220,-60,-4.69,1280,0,0.0,1220,1220,1399-8-14
622,بنيرو,نيروترانس‌,13,3016,166603840,58140,55240,55240,-2900,-4.99,58130,-10,-0.02,55240,55240,1399-8-14
623,وحكمت,بيمه حكمت صبا,13,38678,216016630,5878,5585,5585,-293,-4.98,5875,-3,-0.05,5585,5585,1399-8-14
624,فولاي,صنايع فولاد آلياژي يزد,12,4621,227718259,51872,49279,49279,-2593,-5.0,51860,-12,-0.02,49279,49279,1399-8-14
625,ضفلا8076,اختيارخ فولاد-8775-1399/08/28,12,149,806760000,4004,3500,5900,1896,47.35,5414,1410,35.21,3500,5900,1399-8-14
626,ولملت,واسپاري ملت,12,129266,1408999400,11470,10900,10900,-570,-4.97,11450,-20,-0.17,10900,10900,1399-8-14
627,ساربيل,سيمان آرتا اردبيل,12,2102,129882580,65040,61790,61790,-3250,-5.0,65030,-10,-0.02,61790,61790,1399-8-14
628,تكشا,گسترش‌صنايع‌وخدمات‌كشاورزي‌,12,3013,218412370,76300,72490,72490,-3810,-4.99,76280,-20,-0.03,72490,72490,1399-8-14
629,ثعتما,س. ساختماني اعتماد گستر,12,48563,1515262726,32166,31202,31202,-964,-3.0,32091,-75,-0.23,31202,31202,1399-8-14
630,وسخراش,شركت س استان خراسان شمالي,12,72500,96425000,1390,1330,1330,-60,-4.32,1390,0,0.0,1330,1330,1399-8-14
631,معيار,سرمايه گذاري معيار صنعت پارس,12,27491,800647884,29718,29124,29124,-594,-2.0,29669,-49,-0.16,29124,29124,1399-8-14
632,خكاوه,سايپا ديزل,11,25973,147526640,5855,5680,5680,-175,-2.99,5854,-1,-0.02,5680,5680,1399-8-14
633,بالبر,كابل‌ البرز,11,8357,189369620,23850,22660,22660,-1190,-4.99,23850,0,0.0,22660,22660,1399-8-14
634,كقزوي,شيشه‌ قزوين‌,11,11381,103157384,9344,9064,9064,-280,-3.0,9343,-1,-0.01,9064,9064,1399-8-14
635,غشاذر,پگاه‌آذربايجان‌غربي‌,11,10134,195383520,20290,19280,19280,-1010,-4.98,20290,0,0.0,19280,19280,1399-8-14
636,ولتجار,واسپاري تجارت وسرمايه ايرانيان,11,55915,332246930,6125,5942,5942,-183,-2.99,6122,-3,-0.05,5942,5942,1399-8-14
637,حخزر,كشتيراني درياي خزر,11,31355,648985790,21787,20698,20698,-1089,-5.0,21772,-15,-0.07,20698,20698,1399-8-14
638,ثاژن,سخت آژند,11,375590,3195144130,8680,8507,8507,-173,-1.99,8624,-56,-0.65,8507,8507,1399-8-14
639,اخزا721,اسنادخزانه-م21بودجه97-000728,11,32936,28136031979,853795,854999,849283,-4512,-0.53,854264,469,0.05,849283,856000,1399-8-14
640,سكه9912پ04,سكه تمام بهارتحويل1روزه صادرات,11,3000,4148493000,1316982,1382831,1382831,65849,5.0,1382831,65849,5.0,1382831,1382831,1399-8-14
641,ضبدر8058,اختيارخ شبندر-25580-1399/08/18,11,28,38453000,300,1000,1705,1405,468.33,1373,1073,357.67,601,2000,1399-8-14
642,سيلام,سيمان‌ ايلام‌,11,26484,269871960,10720,10190,10190,-530,-4.94,10720,0,0.0,10190,10190,1399-8-14
643,خاور,ايران خودرو ديزل,10,29828,190809716,6594,6397,6397,-197,-2.99,6592,-2,-0.03,6397,6397,1399-8-14
644,آ س پ,آ.س.پ,10,20991,239822175,12026,11425,11425,-601,-5.0,12023,-3,-0.02,11425,11425,1399-8-14
645,فسا,پتروشيمي فسا,10,24868,73161656,3032,2942,2942,-90,-2.97,3032,0,0.0,2942,2942,1399-8-14
646,ضچاد1017,اختيارخ كچاد-20000-1399/10/02,10,165,165347000,797,900,1190,393,49.31,1002,205,25.72,900,1190,1399-8-14
647,عيار2,صندوق س. پشتوانه طلاي مفيد,10,100000,100000,33609,1,1,-33608,-100.0,1,-33608,-100.0,1,1,1399-8-14
648,داراب,پتروشيمي داراب,10,34627,106374144,3166,3072,3072,-94,-2.97,3165,-1,-0.03,3072,3072,1399-8-14
649,فبيرا,بسته‌ بندي‌ ايران‌,10,26571,127806510,5063,4810,4810,-253,-5.0,5061,-2,-0.04,4810,4810,1399-8-14
650,زعف9908پ15,زعفران9908پوشالمعمول طلاسرخ(پ),10,1906,148749333,76253,77825,83499,7246,9.5,78043,1790,2.35,77825,83999,1399-8-14
651,افرا,افرانت,10,11767,660399341,59076,56123,56123,-2953,-5.0,59033,-43,-0.07,56123,56123,1399-8-14
652,اوصتا,صندوق انديشه ورزان صباتامين -د,10,10497,176263546,16800,16860,16703,-97,-0.58,16792,-8,-0.05,16634,16860,1399-8-14
653,حاريا,كشتيراني آريا,9,4936,149314000,31842,30250,30250,-1592,-5.0,31829,-13,-0.04,30250,30250,1399-8-14
654,گنجين,صندوق س. گنجينه يكم آويد-د,9,10950,126751455,11549,11580,11565,16,0.14,11575,26,0.23,11565,11580,1399-8-14
655,سكه0011پ02,سكه تمام بهارتحويلي 1روزه ملت,9,2400,3318794400,1316982,1382831,1382831,65849,5.0,1382831,65849,5.0,1382831,1382831,1399-8-14
656,سغرب,سيمان‌غرب‌,9,19625,361296250,19370,18410,18410,-960,-4.96,19360,-10,-0.05,18410,18410,1399-8-14
657,جهرم,پتروشيمي جهرم,9,70551,225269343,3291,3193,3193,-98,-2.98,3290,-1,-0.03,3193,3193,1399-8-14
658,داريك,صندوق س.اعتماد داريك-د,9,8169,81964130,10021,10145,10020,-1,-0.01,10034,13,0.13,10020,10145,1399-8-14
659,ضخوز1013,اختيارخ فخوز-10667-1399/10/16,9,32,370599000,9819,11999,11000,1181,12.03,11581,1762,17.94,11000,12000,1399-8-14
660,ميهن,بيمه ميهن,9,40142,200589574,5259,4997,4997,-262,-4.98,5258,-1,-0.02,4997,4997,1399-8-14
661,ضبدر8060,اختيارخ شبندر-29580-1399/08/18,9,72,26690000,3000,900,100,-2900,-96.67,371,-2629,-87.63,100,990,1399-8-14
662,وثخوز,سرمايه گذاري و توسعه خوزستان,8,3421,111192763,33508,32503,32503,-1005,-3.0,33502,-6,-0.02,32503,32503,1399-8-14
663,كسعدي,كاشي‌ سعدي‌,8,3589,205542030,60280,57270,57270,-3010,-4.99,60270,-10,-0.02,57270,57270,1399-8-14
664,ضفلا1153,اختيارخ فولاد-10000-1399/11/28,8,124,637500000,1,5500,5200,5199,519900.0,5141,5140,514000.0,5000,5500,1399-8-14
665,كابگن,توليدي و صنعتي آبگينه‌,8,9838,47783166,4809,4857,4857,48,1.0,4809,0,0.0,4857,4857,1399-8-14
666,ضملي1152,اختيارخ فملي-18252-1399/11/05,8,224,221600000,1157,900,1000,-157,-13.57,989,-168,-14.52,900,1000,1399-8-14
667,خلنت,لنت‌ ترمزايران‌,8,1032,90011040,91810,87220,87220,-4590,-5.0,91800,-10,-0.01,87220,87220,1399-8-14
668,زعف9908پ09,زعفران9908نگين نوين(پ),8,9063,781665624,82314,86248,86248,3934,4.78,86248,3934,4.78,86248,86248,1399-8-14
669,ضمخا1024,اختيارخ اخابر-14000-1399/10/30,8,163,170086000,2137,301,1999,-138,-6.46,1043,-1094,-51.19,301,2040,1399-8-14
670,آگاس2,صندوق س.هستي بخش آگاه-س,8,800000,800000,62040,1,1,-62039,-100.0,1,-62039,-100.0,1,1,1399-8-14
671,غشوكو,شوكو پارس,8,2602,114826260,45494,44130,44130,-1364,-3.0,45486,-8,-0.02,44130,44130,1399-8-14
672,ضپنا1021,اختيارخ رمپنا-16106-1399/10/09,8,105,390243500,2500,2600,2500,0,0.0,2510,10,0.4,2500,2600,1399-8-14
673,زنگان,صنعت روي زنگان,8,859,131402089,161022,152971,152971,-8051,-5.0,161000,-22,-0.01,152971,152971,1399-8-14
674,وسكهبو,س.عدالت ا. كهگيلويه وبويراحمد,8,109758,118538640,1130,1080,1080,-50,-4.42,1130,0,0.0,1080,1080,1399-8-14
675,شستا991,اجاره تامين اجتماعي-امين991226,7,106,108117880,1007608,1019980,1019980,12372,1.23,1019980,12372,1.23,1019980,1019980,1399-8-14
676,ثاباد,توريستي ورفاهي آبادگران ايران,7,1480,45243600,32170,30570,30570,-1600,-4.97,32170,0,0.0,30570,30570,1399-8-14
677,وسيلام,شركت س استان ايلام,7,46660,55058800,1240,1180,1180,-60,-4.84,1240,0,0.0,1180,1180,1399-8-14
678,ضبدر1149,اختيارخ شبندر-28000-1399/11/19,7,76,317500000,3383,4100,4200,817,24.15,4178,795,23.5,4100,4200,1399-8-14
679,ضچاد1012,اختيارخ كچاد-10000-1399/10/02,7,19,122501000,6100,7000,7000,900,14.75,6447,347,5.69,6000,7000,1399-8-14
680,خكار,ايركا پارت صنعت,7,5221,168429460,33950,32260,32260,-1690,-4.98,33940,-10,-0.03,32260,32260,1399-8-14
681,ضگل1142,اختيارخ كگل-16000-1399/11/21,7,84,249000000,2400,3000,2800,400,16.67,2964,564,23.5,2500,3000,1399-8-14
682,ثغرب,شركت سرمايه گذاري مسكن شمالغرب,7,23037,297799299,13607,12927,12927,-680,-5.0,13603,-4,-0.03,12927,12927,1399-8-14
683,وسخراج,شركت س استان خراسان جنوبي,7,31669,67771660,2250,2140,2140,-110,-4.89,2250,0,0.0,2140,2140,1399-8-14
684,ضفلا8084,اختيارخ فولاد-15775-1399/08/28,7,145,72500000,204,500,500,296,145.1,500,296,145.1,500,500,1399-8-14
685,خفنر,فنرسازي‌خاور,7,2890,53782900,19580,18610,18610,-970,-4.95,19580,0,0.0,18610,18610,1399-8-14
686,ضسپا1103,اختيارخ خساپا-2500-1399/11/26,6,52,24400000,1,700,500,499,49900.0,469,468,46800.0,400,700,1399-8-14
687,چافست,افست‌,6,1841,46319560,26480,25160,25160,-1320,-4.98,26480,0,0.0,25160,25160,1399-8-14
688,تپمپي,پمپ‌ سازي‌ ايران‌,6,6760,240453200,37440,35570,35570,-1870,-4.99,37430,-10,-0.03,35570,35570,1399-8-14
689,قمرو,قند مرودشت‌,6,1100,36817000,35230,33470,33470,-1760,-5.0,35230,0,0.0,33470,33470,1399-8-14
690,ثنظام,س. ساختماني نظام مهندسي ايران,6,1678,69937362,43872,41679,41679,-2193,-5.0,43864,-8,-0.02,41679,41679,1399-8-14
691,غپآذر,شير پگاه آذربايجان شرقي,6,3665,191727145,55066,52313,52313,-2753,-5.0,55055,-11,-0.02,52313,52313,1399-8-14
692,صايپا908,صكوك مرابحه سايپا908-3ماهه 18%,6,1772,1776575587,999836,982000,981010,-18826,-1.88,1002582,2746,0.27,981010,1009999,1399-8-14
693,حپارسا,توسعه حمل و نقل ريلي پارسيان,6,3319,97970242,31071,29518,29518,-1553,-5.0,31068,-3,-0.01,29518,29518,1399-8-14
694,وسگلستا,شركت س استان گلستان,6,43967,51881060,1240,1180,1180,-60,-4.84,1240,0,0.0,1180,1180,1399-8-14
695,غدشت,دشت‌ مرغاب‌,6,370,99629900,283440,269270,269270,-14170,-5.0,283410,-30,-0.01,269270,269270,1399-8-14
696,ضملت1126,اختيارخ وبملت-4500-1399/11/28,6,30,37895000,1,1200,1290,1289,128900.0,1263,1262,126200.0,1200,1300,1399-8-14
697,اخزا819,اسنادخزانه-م19بودجه98-020322,6,1472,912082112,590116,619621,619621,29505,5.0,619621,29505,5.0,619621,619621,1399-8-14
698,خعمرا,توسعه و عمران شهرستان نائين,6,33230,532344600,15554,16020,16020,466,3.0,15566,12,0.08,16020,16020,1399-8-14
699,خكمك,كمك‌فنرايندامين‌,6,7408,390327520,55460,52690,52690,-2770,-4.99,55440,-20,-0.04,52690,52690,1399-8-14
700,ضسپا8020,اختيارخ خساپا-2800-1399/08/26,6,31,6200000,60,200,200,140,233.33,200,140,233.33,200,200,1399-8-14
701,سنير,سيمان‌ سفيد ني‌ريز,6,671,52754020,82750,78620,78620,-4130,-4.99,82750,0,0.0,78620,78620,1399-8-14
702,كرونا2,تامين مالي جمعي صرفا اهداي سود,6,2000,20000000,10000,10000,10000,0,0.0,10000,0,0.0,10000,10000,1399-8-14
703,ضفلا8081,اختيارخ فولاد-12775-1399/08/28,6,46,79227000,695,920,1980,1285,184.89,1722,1027,147.77,918,1980,1399-8-14
704,ضپار8019,اختيارخ خپارس-3800-1399/08/18,5,22,47400000,2500,2250,2150,-350,-14.0,2155,-345,-13.8,2150,2250,1399-8-14
705,تملي709,تسهيلات مسكن ب. ملي-آذر97,5,87,73557804,805231,845492,845492,40261,5.0,845492,40261,5.0,845492,845492,1399-8-14
706,فنفت,صنايع تجهيزات نفت,5,12473,175919192,14540,14104,14104,-436,-3.0,14536,-4,-0.03,14104,14104,1399-8-14
707,وسكرشا,س.سهام عدالت استان كرمانشاه,5,34715,43046600,1300,1240,1240,-60,-4.62,1300,0,0.0,1240,1240,1399-8-14
708,زعف9908پ14,زعفران9908پوشالمعمول نوين(پ),5,364,30570303,81919,83128,84367,2448,2.99,83984,2065,2.52,83128,84370,1399-8-14
709,شسم,توليد سموم‌ علف‌ كش,5,4069,337930450,81422,83050,83050,1628,2.0,81476,54,0.07,83050,83050,1399-8-14
710,لخزر,پارس‌ خزر,5,189,38663730,215330,204570,204570,-10760,-5.0,215320,-10,0.0,204570,204570,1399-8-14
711,غگلپا,شير پاستوريزه پگاه گلپايگان,5,649,46097172,74766,71028,71028,-3738,-5.0,74762,-4,-0.01,71028,71028,1399-8-14
712,تملي711,تسهيلات مسكن ب. ملي-بهمن97,5,59,83980777,1355622,1423403,1423403,67781,5.0,1423403,67781,5.0,1423403,1423403,1399-8-14
713,حپترو,حمل و نقل پتروشيمي( سهامي عام,5,2416,71102880,30970,29430,29430,-1540,-4.97,30970,0,0.0,29430,29430,1399-8-14
714,بالاس,مهندسي ساختمان تاسيسات راه آهن,5,1022,46750368,48151,45744,45744,-2407,-5.0,48149,-2,0.0,45744,45744,1399-8-14
715,ضفلا8079,اختيارخ فولاد-10775-1399/08/28,5,39,122649000,1504,2000,3604,2100,139.63,3145,1641,109.11,2000,3605,1399-8-14
716,اخزا723,اسنادخزانه-م23بودجه97-000824,5,11639,9857835218,849978,842941,847000,-2978,-0.35,846966,-3012,-0.35,842941,847000,1399-8-14
717,شصفها4,پتروشيمي‌ اصفهان‌,5,69218861,7275663698571,87363,105111,105111,17748,20.32,105111,17748,20.32,105111,105111,1399-8-14
718,ضگل8059,اختيارخ كگل-15100-1399/08/21,5,131,199700000,1200,1500,2300,1100,91.67,1524,324,27.0,1500,2300,1399-8-14
719,اعتماد2,صندوق س.اعتماد آفرين پارسيان-د,4,31000000,31000000,33131,1,1,-33130,-100.0,1,-33130,-100.0,1,1,1399-8-14
720,خچرخش,چرخشگر,4,22701,413385210,19160,18210,18210,-950,-4.96,19150,-10,-0.05,18210,18210,1399-8-14
721,كساپا,سايپاشيشه‌,4,4460,85676600,20220,19210,19210,-1010,-5.0,20220,0,0.0,19210,19210,1399-8-14
722,وسزنجان,شركت س استان زنجان,4,44422,60413920,1430,1360,1360,-70,-4.9,1430,0,0.0,1360,1360,1399-8-14
723,ضبدر8056,اختيارخ شبندر-21580-1399/08/18,4,48,203500000,4271,4000,5440,1169,27.37,4240,-31,-0.73,4000,5440,1399-8-14
724,فبستم,صنايع ‌بسته‌بندي‌ مشهد,4,27261,22681152,793,832,832,39,4.92,793,0,0.0,832,832,1399-8-14
725,اخزا722,اسنادخزانه-م22بودجه97-000428,4,35434,31412417700,887649,887700,887000,-649,-0.07,886505,-1144,-0.13,886010,887700,1399-8-14
726,زعف9908پ17,زعفران9908پوشالمعمول بيرجند(پ),4,249,19967064,79374,82900,80000,626,0.79,80189,815,1.03,77824,82900,1399-8-14
727,ضغدر1118,اختيارخ وغدير-9000-1399/11/26,4,17,65435000,2971,4000,3839,868,29.22,3849,878,29.55,3839,4000,1399-8-14
728,زعف9908پ13,زعفران9908پوشالمعمول روستا(پ),4,259,20552509,81141,81115,77841,-3300,-4.07,79353,-1788,-2.2,77825,81115,1399-8-14
729,اخزا904,اسنادخزانه-م4بودجه99-011215,4,5011,3237116000,680000,646000,646000,-34000,-5.0,646002,-33998,-5.0,646000,647000,1399-8-14
730,فالوم,آلومتك‌,4,1085,36652385,34825,33781,33781,-1044,-3.0,34823,-2,-0.01,33781,33781,1399-8-14
731,پست9908-02,پسته فندقي32-30طلاسبززرند9908,4,144,181452300,1299752,1260000,1260100,-39652,-3.05,1260085,-39667,-3.05,1260000,1260100,1399-8-14
732,طلا2,صندوق س.پشتوانه طلاي لوتوس,4,400000,400000,94143,1,1,-94142,-100.0,1,-94142,-100.0,1,1,1399-8-14
733,تملي801,تسهيلات مسكن ب. ملي-فروردين98,4,26,25240878,924575,970803,970803,46228,5.0,970803,46228,5.0,970803,970803,1399-8-14
734,غشصفا,شيرپاستوريزه‌پگاه‌اصفهان‌,4,4746,142949520,31700,30120,30120,-1580,-4.98,31700,0,0.0,30120,30120,1399-8-14
735,صگل1411,ص اجاره گل گهر 1411-3 ماهه 17%,4,54,51300620,956389,950000,950020,-6369,-0.67,950011,-6378,-0.67,950000,950020,1399-8-14
736,پلاسك,پلاسكوكار,4,13312,111687680,8830,8390,8390,-440,-4.98,8830,0,0.0,8390,8390,1399-8-14
737,اخزا718,اسنادخزانه-م18بودجه97-000525,4,2756,2411913400,874431,874500,875150,719,0.08,875150,719,0.08,874500,875800,1399-8-14
738,تملي703,تسهيلات مسكن ب. ملي-خرداد97,3,24,21115344,837911,879806,879806,41895,5.0,879806,41895,5.0,879806,879806,1399-8-14
739,پست9908-08,پسته فندقي32-30زرينمه ولات9908,3,14,18412996,1280002,1315300,1314999,34997,2.73,1315214,35212,2.75,1314999,1315300,1399-8-14
740,سخواف,سيمان مجد خواف,3,6485,104505775,16613,16115,16115,-498,-3.0,16610,-3,-0.02,16115,16115,1399-8-14
741,ضخوز1014,اختيارخ فخوز-12191-1399/10/16,3,7,41490000,8500,3500,11990,3490,41.06,5927,-2573,-30.27,3500,12000,1399-8-14
742,ضسپا8015,اختيارخ خساپا-1900-1399/08/26,3,28,11290000,600,229,500,-100,-16.67,403,-197,-32.83,229,500,1399-8-14
743,پلاست,كارخانجات توليدي پلاستيران,3,379,15871762,43173,41878,41878,-1295,-3.0,43172,-1,0.0,41878,41878,1399-8-14
744,تملي707,تسهيلات مسكن ب. ملي-مهر97,3,17,21179484,1186526,1245852,1245852,59326,5.0,1245852,59326,5.0,1245852,1245852,1399-8-14
745,فنرژي,گسترش صنايع انرژي آذرآب,3,4482,46720368,10858,10424,10424,-434,-4.0,10856,-2,-0.02,10424,10424,1399-8-14
746,ضفار1122,اختيارخ فارس-11826-1399/11/07,3,100,557000000,2185,2870,2700,515,23.57,2785,600,27.46,2700,2870,1399-8-14
747,ضفار1126,اختيارخ فارس-19826-1399/11/07,3,136,133600000,436,700,430,-6,-1.38,491,55,12.61,430,700,1399-8-14
748,ضسپا1101,اختيارخ خساپا-1800-1399/11/26,3,7,6860000,800,980,980,180,22.5,980,180,22.5,980,980,1399-8-14
749,تملي705,تسهيلات مسكن ب. ملي-مرداد97,3,30,30672060,973717,1022402,1022402,48685,5.0,1022402,48685,5.0,1022402,1022402,1399-8-14
750,ضفار1121,اختيارخ فارس-9826-1399/11/07,3,8,73300000,12000,4600,4575,-7425,-61.88,4581,-7419,-61.83,4575,4600,1399-8-14
751,وسمركز,شركت س استان مركزي,3,19000,25270000,1400,1330,1330,-70,-5.0,1400,0,0.0,1330,1330,1399-8-14
752,زير0003پ04,زيره سبز0003شركت مينوبذر(پ),3,113,51880293,481334,458363,501000,19666,4.09,459118,-22216,-4.62,458363,501000,1399-8-14
753,فسديد,لوله‌وتجهيزات‌ سديد - ورشكسته,3,4104,464232168,114259,113117,113117,-1142,-1.0,114150,-109,-0.1,113117,113117,1399-8-14
754,وسالت,بانك قرض الحسنه رسالت,3,3800,16275400,4159,4283,4283,124,2.98,4159,0,0.0,4283,4283,1399-8-14
755,اراد544,مرابحه عام دولت5-ش.خ 0109,3,12105729,11497900346910,947320,949790,949790,2470,0.26,949790,2470,0.26,949790,949790,1399-8-14
756,ضپاس1001,اختيارخ وپارس-2500-1399/10/30,3,90,90000000,1033,1000,1000,-33,-3.19,1000,-33,-3.19,1000,1000,1399-8-14
757,ضفلا1154,اختيارخ فولاد-12000-1399/11/28,3,34,136500000,1,4500,3400,3399,339900.0,4015,4014,401400.0,3400,4500,1399-8-14
758,خپويش,سازه‌ پويش‌,3,543,20921790,40550,38530,38530,-2020,-4.98,40550,0,0.0,38530,38530,1399-8-14
759,تملي712,تسهيلات مسكن ب. ملي-اسفند97,3,98,134526070,1307348,1372715,1372715,65367,5.0,1372715,65367,5.0,1372715,1372715,1399-8-14
760,ضملت8033,اختيارخ وبملت-6272-1399/08/28,3,51,8137065,15,11,50,35,233.33,39,24,160.0,11,50,1399-8-14
761,ضخود1046,اختيارخ خودرو-5000-1399/10/07,3,49,8417000,172,247,165,-7,-4.07,172,0,0.0,165,247,1399-8-14
762,ضفلا8080,اختيارخ فولاد-11775-1399/08/28,3,40,100000000,1270,2300,2700,1430,112.6,2500,1230,96.85,2300,2700,1399-8-14
763,ضغدر8033,اختيارخ وغدير-8010-1399/08/26,3,7,21800000,2600,3000,3000,400,15.38,3114,514,19.77,3000,3400,1399-8-14
764,ضغدر8043,اختيارخ وغدير-16000-1399/08/26,2,44,177000,13,4,5,-8,-61.54,4,-9,-69.23,4,5,1399-8-14
765,زير0003پ01,زيره سبز0003كيميابذر(پ),2,20,10132200,482487,506610,506610,24123,5.0,506610,24123,5.0,506610,506610,1399-8-14
766,ضگل1143,اختيارخ كگل-18000-1399/11/21,2,40,96000000,2700,2400,2400,-300,-11.11,2400,-300,-11.11,2400,2400,1399-8-14
767,ضغدر8049,اختيارخ وغدير-24000-1399/08/26,2,28,28000,10,1,1,-9,-90.0,1,-9,-90.0,1,1,1399-8-14
768,ضفلا8077,اختيارخ فولاد-9275-1399/08/28,2,2,9200000,5500,4500,4700,-800,-14.55,4600,-900,-16.36,4500,4700,1399-8-14
769,ضملت8032,اختيارخ وبملت-5789-1399/08/28,2,10,4310781,66,99,150,84,127.27,104,38,57.58,99,150,1399-8-14
770,ضبدر8054,اختيارخ شبندر-18580-1399/08/18,2,2,15500000,3000,7500,8000,5000,166.67,7750,4750,158.33,7500,8000,1399-8-14
771,تبريز112,مشاركت شهرداري تبريز-3ماهه18%,2,7,6989495,974390,998499,998500,24110,2.47,998499,24109,2.47,998499,998500,1399-8-14
772,تملي802,تسهيلات مسكن ب. ملي-ارديبهشت98,2,10,15554810,1481411,1555481,1555481,74070,5.0,1555481,74070,5.0,1555481,1555481,1399-8-14
773,لپيام,گسترش صنايع پيام,2,186,5447568,30829,29288,29288,-1541,-5.0,30829,0,0.0,29288,29288,1399-8-14
774,ضفار1120,اختيارخ فارس-8826-1399/11/07,2,2,22860000,5000,6000,5430,430,8.6,5715,715,14.3,5430,6000,1399-8-14
775,ضغدر8021,اختيارخ وغدير-3510-1399/08/26,2,5,37570000,18000,7514,7514,-10486,-58.26,7514,-10486,-58.26,7514,7514,1399-8-14
776,زير0003پ02,زيره سبز0003 دانش(پ),2,120,58078500,501019,460000,488785,-12234,-2.44,483987,-17032,-3.4,460000,488785,1399-8-14
777,ضسپا1102,اختيارخ خساپا-2000-1399/11/26,2,20,17700000,997,950,820,-177,-17.75,885,-112,-11.23,820,950,1399-8-14
778,ضغدر8044,اختيارخ وغدير-17000-1399/08/26,2,28,123000,5,2,69,64,1280.0,4,-1,-20.0,2,69,1399-8-14
779,اراد374,مرابحه عام دولت3-ش.خ 0005,2,8165856,7993361061952,979177,979422,978542,-635,-0.06,978876,-301,-0.03,978542,979422,1399-8-14
780,نتوس,پشم‌ بافي‌ توس,2,970,10470180,11127,10794,10794,-333,-2.99,11127,0,0.0,10794,10794,1399-8-14
781,غپاك2,لبنيات‌ پاك‌,2,8500000,109905000000,12930,12930,12930,0,0.0,12930,0,0.0,12930,12930,1399-8-14
782,اخزا716,اسنادخزانه-م16بودجه97-000407,2,3341,2986454200,894210,892001,894000,-210,-0.02,893880,-330,-0.04,892001,894000,1399-8-14
783,ضغدر8046,اختيارخ وغدير-19000-1399/08/26,2,10,27007000,2,1,9000,8998,449900.0,2701,2699,134950.0,1,9000,1399-8-14
784,انرژي2,فعالان بورس انرژي,2,115,42550000,356850,370000,370000,13150,3.69,356860,10,0.0,370000,370000,1399-8-14
785,ضفلا8083,اختيارخ فولاد-14775-1399/08/28,2,12,9588000,790,799,799,9,1.14,799,9,1.14,799,799,1399-8-14
786,خنصير,مهندسي‌نصيرماشين‌,2,1110,52602900,49880,47390,47390,-2490,-4.99,49880,0,0.0,47390,47390,1399-8-14
787,آينده,بازرگاني آينده سازان بهشت پارس,2,500,10801000,22738,21602,21602,-1136,-5.0,22737,-1,0.0,21602,21602,1399-8-14
788,وآتوس,س.آرين توسكا قيمت اسمي 350ريال,2,1500,52404000,36016,34936,34936,-1080,-3.0,36013,-3,-0.01,34936,34936,1399-8-14
789,ثامان,سامان‌ گستراصفهان‌,2,2440,51923200,22400,21280,21280,-1120,-5.0,22400,0,0.0,21280,21280,1399-8-14
790,ضغدر1120,اختيارخ وغدير-12000-1399/11/26,2,5,9000000,1562,1800,1800,238,15.24,1800,238,15.24,1800,1800,1399-8-14
791,بشهاب,لامپ‌  پارس‌ شهاب‌,2,346,21773780,66240,62930,62930,-3310,-5.0,66240,0,0.0,62930,62930,1399-8-14
792,ضصاد1100,اختيارخ وبصادر-2500-1399/11/12,2,15,18500000,1084,1200,1250,166,15.31,1233,149,13.75,1200,1250,1399-8-14
793,ورازي,بيمه رازي,2,887,13123165,15252,14795,14795,-457,-3.0,15252,0,0.0,14795,14795,1399-8-14
794,غيوان,كيوان,2,320,4943040,15295,15447,15447,152,0.99,15295,0,0.0,15447,15447,1399-8-14
795,دومينو4,اجاره دومينو14040208,2,1500,1346432000,915952,898000,897600,-18352,-2.0,897621,-18331,-2.0,897600,898000,1399-8-14
796,ضپنا1020,اختيارخ رمپنا-13406-1399/10/09,2,70,488730000,4000,5000,4000,0,0.0,4714,714,17.85,4000,5000,1399-8-14
797,ضفلا8088,اختيارخ فولاد-19775-1399/08/28,2,51,820000,9,20,10,1,11.11,16,7,77.78,10,20,1399-8-14
798,خفناور,مهندسي صنعتي روان فن آور,2,1222,29461198,24854,24109,24109,-745,-3.0,24853,-1,0.0,24109,24109,1399-8-14
799,زعف9908پ12,زعفران9908پوشالمعمول سحرخيز(پ),2,120,10321680,81253,86014,86014,4761,5.86,86014,4761,5.86,86014,86014,1399-8-14
800,صايپا012,صكوك مرابحه سايپا012-3ماهه 16%,2,1010,1010100000,985000,1000000,1010000,25000,2.54,1000099,15099,1.53,1000000,1010000,1399-8-14
801,خموتور,موتورسازان‌تراكتورسازي‌ايران‌,2,1408,16332800,12210,11600,11600,-610,-5.0,12210,0,0.0,11600,11600,1399-8-14
802,سكه0112پ03,سكه تمام بهارتحويلي1روزه سامان,2,200,276566200,1316982,1382831,1382831,65849,5.0,1382831,65849,5.0,1382831,1382831,1399-8-14
803,غبهار,كشت وصنعت بهاران گلبهار خراسان,2,1340,48848360,37581,36454,36454,-1127,-3.0,37578,-3,-0.01,36454,36454,1399-8-14
804,پارسيانح2,ح.بيمه پارسيان,1,43858605,403499166000,9200,9200,9200,0,0.0,9200,0,0.0,9200,9200,1399-8-14
805,تملي807,تسهيلات مسكن ب. ملي-مهر98,1,7,6046782,822692,863826,863826,41134,5.0,863826,41134,5.0,863826,863826,1399-8-14
806,پست0008پ09,پسته بادامي30-28مه ولات0008(پ),1,4,6400000,1610490,1600000,1600000,-10490,-0.65,1600000,-10490,-0.65,1600000,1600000,1399-8-14
807,ضملي1151,اختيارخ فملي-16224-1399/11/05,1,50,100000000,4150,2000,2000,-2150,-51.81,2000,-2150,-51.81,2000,2000,1399-8-14
808,ضملت1124,اختيارخ وبملت-3500-1399/11/28,1,50,100000000,1,2000,2000,1999,199900.0,2000,1999,199900.0,2000,2000,1399-8-14
809,ضغدر8035,اختيارخ وغدير-9000-1399/08/26,1,2,5780000,2665,2890,2890,225,8.44,2890,225,8.44,2890,2890,1399-8-14
810,ضفلا8087,اختيارخ فولاد-18775-1399/08/28,1,1,100000,51,100,100,49,96.08,100,49,96.08,100,100,1399-8-14
811,صايپا412,صكوك مرابحه سايپا412-3ماهه 16%,1,1000,916000000,891000,916000,916000,25000,2.81,916000,25000,2.81,916000,916000,1399-8-14
812,اجاد22,اجاره دولتي آپرورش-لوتوس991118,1,977,1006310000,981375,1030000,1030000,48625,4.95,1030000,48625,4.95,1030000,1030000,1399-8-14
813,صمسكن912,ص دين مسكن جنوب-ماهانه16درصد,1,28,2298772,82099,82099,82099,0,0.0,82099,0,0.0,82099,82099,1399-8-14
814,طمخا7068,اختيارف اخابر-16000-1400/07/28,1,8,2408000,214,301,301,87,40.65,301,87,40.65,301,301,1399-8-14
815,پارسيان2,بيمه پارسيان,1,49500000,569250000000,11460,11500,11500,40,0.35,11500,40,0.35,11500,11500,1399-8-14
816,طمخا7072,اختيارف اخابر-28000-1400/07/28,1,23,108192000,3548,4704,4704,1156,32.58,4704,1156,32.58,4704,4704,1399-8-14
817,تابا,تابان نيرو سپاهان,1,400,12705200,32745,31763,31763,-982,-3.0,32744,-1,0.0,31763,31763,1399-8-14
818,اراد444,مرابحه عام دولت4-ش.خ 0007,1,2050000,1997868500000,1032900,974570,974570,-58330,-5.65,974570,-58330,-5.65,974570,974570,1399-8-14
819,صخود412,ص مرابحه خودرو412- 3ماهه 18%,1,6,5994000,998632,999000,999000,368,0.04,999000,368,0.04,999000,999000,1399-8-14
820,انرژي1,نهادهاي مالي بورس انرژي,1,133,45088330,356850,339010,339010,-17840,-5.0,356840,-10,0.0,339010,339010,1399-8-14
821,ساذري,آذريت‌,1,118,704224,5795,5968,5968,173,2.99,5795,0,0.0,5968,5968,1399-8-14
822,ضغدر8040,اختيارخ وغدير-13000-1399/08/26,1,5,4000000,104,800,800,696,669.23,800,696,669.23,800,800,1399-8-14
823,اطلس2,صندوق س.توسعه اندوخته آينده-س,1,10000,10000,174566,1,1,-174565,-100.0,1,-174565,-100.0,1,1,1399-8-14
824,طمخا7071,اختيارف اخابر-24000-1400/07/28,1,14,43218000,2100,3087,3087,987,47.0,3087,987,47.0,3087,3087,1399-8-14
825,فافزا,فولاد افزا سپاهان,1,120,5679240,48790,47327,47327,-1463,-3.0,48790,0,0.0,47327,47327,1399-8-14
826,كرمان00,رهني كرمان موتور14001130,1,200,199461400,1001307,997307,997307,-4000,-0.4,997307,-4000,-0.4,997307,997307,1399-8-14
827,ضچاد1013,اختيارخ كچاد-12000-1399/10/02,1,1,6000000,4650,6000,6000,1350,29.03,6000,1350,29.03,6000,6000,1399-8-14
828,ضفلا8060,اختيارخ فولاد-3507-1399/08/28,1,5,88440000,8667,11000,11000,2333,26.92,11000,2333,26.92,11000,11000,1399-8-14
829,ضپار1116,اختيارخ خپارس-6000-1399/11/19,1,18,33300000,2900,1850,1850,-1050,-36.21,1850,-1050,-36.21,1850,1850,1399-8-14
830,اراد494,مرابحه عام دولت4-ش.خ 0206,1,500000,468910000000,937400,937820,937820,420,0.04,937820,420,0.04,937820,937820,1399-8-14
831,وپاسار2,بانك  پاسارگاد,1,9200000,84272000000,8730,9160,9160,430,4.93,9160,430,4.93,9160,9160,1399-8-14
832,ضچاد1016,اختيارخ كچاد-18000-1399/10/02,1,3,5310000,600,1770,1770,1170,195.0,1770,1170,195.0,1770,1770,1399-8-14
833,ثرود,سرمايه‌گذاري مسكن زاينده رود,1,500,5975500,12579,11951,11951,-628,-4.99,12579,0,0.0,11951,11951,1399-8-14
834,ضغدر8048,اختيارخ وغدير-22000-1399/08/26,1,100,1000000,5,10,10,5,100.0,10,5,100.0,10,10,1399-8-14
835,وبصادر2,بانك صادرات ايران,1,65000000,199550000000,3160,3070,3070,-90,-2.85,3070,-90,-2.85,3070,3070,1399-8-14
836,اراد22,مرابحه عام دولت2-ش.خ لوتوس0212,1,3000,2505000000,850000,835000,835000,-15000,-1.76,835000,-15000,-1.76,835000,835000,1399-8-14
837,ضملت8025,اختيارخ وبملت-3616-1399/08/28,1,1,5383300,1333,1300,1300,-33,-2.48,1300,-33,-2.48,1300,1300,1399-8-14
838,غنيلي,مجتمع توليدي نيلي صنعت كرمان,1,35000,574350000,16918,16410,16410,-508,-3.0,16410,-508,-3.0,16410,16410,1399-8-14
839,زمگسا2,كشاورزي‌ ودامپروي‌ مگسال‌,1,5400000,148824000000,26690,27560,27560,870,3.26,27560,870,3.26,27560,27560,1399-8-14
840,افاد53,منفعت دولت5-ش.خاص كاريزما0108,1,500,422500000,832093,845000,845000,12907,1.55,845000,12907,1.55,845000,845000,1399-8-14
841,اراد414,مرابحه عام دولت4-ش.خ 0006,1,2500000,2443930000000,1044500,977572,977572,-66928,-6.41,977572,-66928,-6.41,977572,977572,1399-8-14
842,اشاد9,مشاركت دولتي9-شرايط خاص990909,1,100,99989900,995405,999899,999899,4494,0.45,999899,4494,0.45,999899,999899,1399-8-14
843,خمحور,توليدمحورخودرو,1,95,5286750,58570,55650,55650,-2920,-4.99,58570,0,0.0,55650,55650,1399-8-14
844,ضغدر8039,اختيارخ وغدير-12000-1399/08/26,1,2,1998000,600,999,999,399,66.5,999,399,66.5,999,999,1399-8-14
845,وايرا,سرمايه گذاري صنايع ايران,1,1000,8586000,9037,8586,8586,-451,-4.99,9037,0,0.0,8586,8586,1399-8-14
846,كشم0001پ01,كشمش سبز0001خليل آباد(پ),1,13,4559464,369187,350728,350728,-18459,-5.0,350728,-18459,-5.0,350728,350728,1399-8-14
847,ضغدر8022,اختيارخ وغدير-3710-1399/08/26,1,1,2200000,1,2200,2200,2199,219900.0,2200,2199,219900.0,2200,2200,1399-8-14
848,تملي706,تسهيلات مسكن ب. ملي-شهريور97,1,10,7562340,720223,756234,756234,36011,5.0,756234,36011,5.0,756234,756234,1399-8-14
849,غبهنوش2,بهنوش‌ ايران‌,1,2600000,154024000000,59310,59240,59240,-70,-0.12,59240,-70,-0.12,59240,59240,1399-8-14
850,تملي612,تسهيلات مسكن بانك ملي-اسفند96,1,6,5292000,840000,882000,882000,42000,5.0,882000,42000,5.0,882000,882000,1399-8-14
851,تملي803,تسهيلات مسكن ب. ملي-خرداد98,1,6,2386476,378806,397746,397746,18940,5.0,397746,18940,5.0,397746,397746,1399-8-14
852,ضغدر8031,اختيارخ وغدير-7010-1399/08/26,1,8,30760000,9800,3845,3845,-5955,-60.77,3845,-5955,-60.77,3845,3845,1399-8-14
853,تكنو,تكنوتار,1,500,7300000,15360,14600,14600,-760,-4.95,15360,0,0.0,14600,14600,1399-8-14
854,طمخا7066,اختيارف اخابر-12000-1400/07/28,1,6,600000,1500,100,100,-1400,-93.33,100,-1400,-93.33,100,100,1399-8-14
855,پست0008پ08,پسته فندقي32-30مه ولات0008(پ),1,4,6400000,1567412,1600000,1600000,32588,2.08,1600000,32588,2.08,1600000,1600000,1399-8-14
856,ضفلا8071,اختيارخ فولاد-6275-1399/08/28,1,1,6999000,5000,6999,6999,1999,39.98,6999,1999,39.98,6999,6999,1399-8-14
857,اخزا720,اسنادخزانه-م20بودجه97-000324,1,211,189900211,901601,900001,900001,-1600,-0.18,900001,-1600,-0.18,900001,900001,1399-8-14
858,ضملت8021,اختيارخ وبملت-2650-1399/08/28,1,2,15512186,1600,1873,1873,273,17.06,1873,273,17.06,1873,1873,1399-8-14
859,صگل411,ص اجاره گل گهر 411- 3 ماهه 17%,1,10,10000000,988747,1000000,1000000,11253,1.14,1000000,11253,1.14,1000000,1000000,1399-8-14
860,ضغدر8027,اختيارخ وغدير-5010-1399/08/26,1,14,81760000,5500,5840,5840,340,6.18,5840,340,6.18,5840,5840,1399-8-14
861,اخزا805,اسنادخزانه-م5بودجه98-000422,1,350,311395350,891958,889701,889701,-2257,-0.25,889701,-2257,-0.25,889701,889701,1399-8-14
862,ضغدر8030,اختيارخ وغدير-6510-1399/08/26,1,1,4444000,3840,4444,4444,604,15.73,4444,604,15.73,4444,4444,1399-8-14
863,ضغدر8023,اختيارخ وغدير-3910-1399/08/26,1,1,2000000,1,2000,2000,1999,199900.0,2000,1999,199900.0,2000,2000,1399-8-14
864,حريل02,اجاره ريل پردازسير021212,1,1000,1014086000,994066,1014086,1014086,20020,2.01,1014086,20020,2.01,1014086,1014086,1399-8-14
865,اخزا8202,اسنادخزانه-م20بودجه98-020806,1,145021,83169543500,579896,573500,573500,-6396,-1.1,573500,-6396,-1.1,573500,573500,1399-8-14
866,طخوز1013,اختيارف فخوز-10667-1399/10/16,1,1,1000000,250,1000,1000,750,300.0,1000,750,300.0,1000,1000,1399-8-14
867,مشير112,مشاركت شهرداري شيراز-3ماهه18%,1,6,5820000,1000000,970000,970000,-30000,-3.0,970000,-30000,-3.0,970000,970000,1399-8-14
868,اشاد10,مشاركت دولتي10-شرايط خاص001226,1,300,285000000,951850,950000,950000,-1850,-0.19,950000,-1850,-0.19,950000,950000,1399-8-14
869,زعف9908پ11,زعفران9908نگين سحرخيز(پ),1,10,862480,82314,86248,86248,3934,4.78,86248,3934,4.78,86248,86248,1399-8-14
870,پدرخش,درخشان‌ تهران‌,1,144,31075200,227150,215800,215800,-11350,-5.0,227140,-10,0.0,215800,215800,1399-8-14
871,عفولاد3,اوراق سلف موازي ورق گرم فولاد,1,7,5492725,783966,784675,784675,709,0.09,784675,709,0.09,784675,784675,1399-8-14
872,تملي804,تسهيلات مسكن ب. ملي-تير98,1,14,9391550,638881,670825,670825,31944,5.0,670825,31944,5.0,670825,670825,1399-8-14
873,شمواد,توليد مواداوليه الياف مصنوعي,1,80,5025440,64760,62818,62818,-1942,-3.0,64759,-1,0.0,62818,62818,1399-8-14
874,سپرمي,پرميت‌,1,1000,8373000,8457,8373,8373,-84,-0.99,8457,0,0.0,8373,8373,1399-8-14
875,صينا205,صكوك منفعت سينا دارو-3ماهه 19%,1,5,4915000,1000002,983000,983000,-17002,-1.7,983000,-17002,-1.7,983000,983000,1399-8-14
876,ضصاد1103,اختيارخ وبصادر-4000-1399/11/12,1,1,354000,350,354,354,4,1.14,354,4,1.14,354,354,1399-8-14
