,نماد,نام,تعداد,حجم,ارزش,دیروز,اولین,آخرین معامله - مقدار,آخرین معامله - تغییر,آخرین معامله - درصد,قیمت پایانی - مقدار,قیمت پایانی - تغییر,قیمت پایانی - درصد,کمترین,بیشترین,تاریخ
0,شستا,سرمايه گذاري تامين اجتماعي,71756,341581540,7028182803900,19860,20030,20850,990,4.98,20580,720,3.63,19120,20850,1399-10-24
1,خودرو,ايران‌ خودرو,42383,1344091585,3416925229430,2630,2540,2640,10,0.38,2540,-90,-3.42,2500,2650,1399-10-24
2,ثبهساز,بهساز كاشانه تهران,41933,329037981,1061884686930,3160,3070,3310,150,4.75,3230,70,2.22,3010,3310,1399-10-24
3,شپنا,پالايش نفت اصفهان,37875,301645431,2960398527690,10250,9740,9740,-510,-4.98,9810,-440,-4.29,9740,10260,1399-10-24
4,خساپا,سايپا,37278,1300911039,2735795205720,2140,2090,2140,0,0.0,2100,-40,-1.87,2040,2200,1399-10-24
5,بوعلي,پتروشيمي بوعلي سينا,35347,10739965,498178703430,48280,46200,46090,-2190,-4.54,46390,-1890,-3.91,45910,47830,1399-10-24
6,وسپهر,سرمايه گذاري مالي سپهرصادرات,35139,119485434,1226016308326,9885,10379,10140,255,2.58,10261,376,3.8,10000,10379,1399-10-24
7,پالايش,صندوق پالايشي يکم-سهام,33041,26256437,1594657748990,63370,61000,60280,-3090,-4.88,60730,-2640,-4.17,59250,63000,1399-10-24
8,چخزر,صنايع چوب خزر كاسپين,32898,1360748,64963470268,45468,47741,47741,2273,5.0,47741,2273,5.0,47741,47741,1399-10-24
9,ولپارس,ليزينگ پارسيان,32204,61673111,453204048370,7090,7350,7440,350,4.94,7350,260,3.67,7090,7440,1399-10-24
10,دارا يكم,صندوق واسطه گري مالي يكم-سهام,30847,18023783,2188101713460,129000,124000,120000,-9000,-6.98,121400,-7600,-5.89,119100,125930,1399-10-24
11,فملي,ملي‌ صنايع‌ مس‌ ايران‌,29999,196466396,2151548877390,11440,11100,10870,-570,-4.98,10950,-490,-4.28,10870,11450,1399-10-24
12,سپيدار,سپيدار سيستم آسيا,28258,181205,8016327995,42133,44239,44239,2106,5.0,42437,304,0.72,44239,44239,1399-10-24
13,بركت,گروه دارويي بركت,27554,141787960,2953484784040,21850,20770,20760,-1090,-4.99,20830,-1020,-4.67,20760,21500,1399-10-24
14,شتران,پالايش نفت تهران,25035,190704391,1559250214070,8570,8150,8150,-420,-4.9,8180,-390,-4.55,8150,8500,1399-10-24
15,بپيوند,برق و انرژي پيوندگستر پارس,22347,24087234,440103646114,18668,17900,18295,-373,-2.0,18271,-397,-2.13,17735,18980,1399-10-24
16,ثاميد,توسعه و عمران اميد,21557,139954258,268170631420,1960,1890,1940,-20,-1.02,1920,-40,-2.04,1870,1980,1399-10-24
17,فولاد,فولاد مباركه اصفهان,21471,148548869,1610977961440,11300,11180,10740,-560,-4.96,10840,-460,-4.07,10740,11500,1399-10-24
18,وتجارت,بانك تجارت,20832,654655186,1771717213020,2840,2700,2700,-140,-4.93,2710,-130,-4.58,2700,2790,1399-10-24
19,سيتا,سرمايه گذاري سيمان تامين,20748,37938598,582319243940,15020,15030,15270,250,1.66,15350,330,2.2,15000,15760,1399-10-24
20,آبادا,توليد نيروي برق آبادان,18706,12884608,220177515490,16510,16820,17330,820,4.97,17090,580,3.51,15860,17330,1399-10-24
21,بگيلان,توسعه مسير برق گيلان,18400,11952030,260345178641,20996,20000,22045,1049,5.0,21783,787,3.75,19947,22045,1399-10-24
22,كسرا,سراميك‌هاي‌صنعتي‌اردكان‌,16238,101133008,2734356532690,26230,27540,27200,970,3.7,27040,810,3.09,25140,27540,1399-10-24
23,حكشتي,كشتيراني جمهوري اسلامي ايران,16090,67096491,1385222242580,21020,20400,20540,-480,-2.28,20650,-370,-1.76,19970,21700,1399-10-24
24,خگستر,گسترش‌سرمايه‌گذاري‌ايران‌خودرو,15738,447930725,1320487501140,3090,2940,2940,-150,-4.85,2950,-140,-4.53,2940,3030,1399-10-24
25,آريا,پليمر آريا ساسول,15261,6869437,572978173574,87661,83278,83278,-4383,-5.0,83410,-4251,-4.85,83278,85775,1399-10-24
26,امين,تامين سرمايه امين,15100,15129086,157898298750,10370,10450,10440,70,0.68,10440,70,0.68,10400,10650,1399-10-24
27,هاي وب,داده گسترعصرنوين-هاي وب,14627,67634575,1962579651910,28350,29760,27960,-390,-1.38,29020,670,2.36,27010,29760,1399-10-24
28,شاروم,پتروشيمي اروميه,14442,12018762,311533588265,27137,26100,25781,-1356,-5.0,25921,-1216,-4.48,25781,26690,1399-10-24
29,وبملت,بانك ملت,13962,291938454,1153981802270,4120,3970,3920,-200,-4.85,3950,-170,-4.13,3920,4100,1399-10-24
30,كلر,كلر پارس,12959,13117612,1669710904561,123706,118500,123600,-106,-0.09,127288,3582,2.9,118493,129891,1399-10-24
31,وبصادر,بانك صادرات ايران,12731,465313386,1151081757890,2600,2470,2470,-130,-5.0,2470,-130,-5.0,2470,2530,1399-10-24
32,فوكا,فولاد كاويان,12683,97748487,1410387718841,14162,14586,14101,-61,-0.43,14429,267,1.89,13880,14586,1399-10-24
33,شبندر,پالايش نفت بندرعباس,12364,54342017,1097726129270,21130,20090,20090,-1040,-4.92,20200,-930,-4.4,20080,21340,1399-10-24
34,پترول,گروه پتروشيمي س. ايرانيان,12257,69860430,698522729160,10480,9990,9960,-520,-4.96,10000,-480,-4.58,9960,10380,1399-10-24
35,شگويا,پتروشيمي تندگويان,10476,49235756,475467848311,10126,9640,9620,-506,-5.0,9657,-469,-4.63,9620,9990,1399-10-24
36,كرمان,س. توسعه و عمران استان كرمان,10023,17856607,1557074243060,91429,86858,86858,-4571,-5.0,87199,-4230,-4.63,86858,89100,1399-10-24
37,حفارس,حمل و نقل بين المللي خليج فارس,9849,130764033,713142321580,5300,5500,5260,-40,-0.75,5450,150,2.83,5110,5560,1399-10-24
38,رافزا,رايان هم افزا,9585,57040,2379765840,39735,41721,41721,1986,5.0,39824,89,0.22,41721,41721,1399-10-24
39,فمراد,آلومراد,9457,3555147,774684891950,214730,225460,222000,7270,3.39,217910,3180,1.48,204000,225460,1399-10-24
40,كوثر,بيمه كوثر,9357,46602619,1083747383337,23020,21869,23999,979,4.25,23255,235,1.02,21869,24060,1399-10-24
41,تكشا,گسترش‌صنايع‌وخدمات‌كشاورزي‌,9313,10945657,833770612460,78790,74860,75470,-3320,-4.21,76170,-2620,-3.33,74860,80990,1399-10-24
42,خزر,فنرسازي‌زر,9248,22324522,890455671510,38060,39960,39960,1900,4.99,39890,1830,4.81,38070,39960,1399-10-24
43,كرازي,كارخانجات‌توليدي‌شيشه‌رازي‌,9214,17900610,639583464670,36340,35000,35510,-830,-2.28,35730,-610,-1.68,34530,37330,1399-10-24
44,غدام,خوراك‌  دام‌ پارس‌,8950,2551245,1314837915030,539510,512540,512540,-26970,-5.0,515370,-24140,-4.47,512540,539550,1399-10-24
45,وپارس,بانك‌پارسيان‌,8418,329283408,967301863860,3080,2930,2930,-150,-4.87,2940,-140,-4.55,2930,3080,1399-10-24
46,پيزد,مجتمع صنايع لاستيك يزد,8226,1725778,135904620909,82690,79000,78556,-4134,-5.0,78750,-3940,-4.76,78556,81036,1399-10-24
47,ديران,ايران‌دارو,8222,14864208,600477572720,39120,39120,41070,1950,4.98,40400,1280,3.27,38040,41070,1399-10-24
48,انرژي3,سايراشخاص بورس انرژي,7997,1981191,753886424250,398320,378410,378410,-19910,-5.0,380520,-17800,-4.47,378410,398000,1399-10-24
49,حتوكا,حمل‌ونقل‌توكا,7913,23042871,1015574430550,45340,43080,43080,-2260,-4.98,44070,-1270,-2.8,43080,47480,1399-10-24
50,صبا,سرمايه گذاري صبا تامين,7586,31797377,232431994278,7323,7110,7270,-53,-0.72,7310,-13,-0.18,6990,7650,1399-10-24
51,سخواف,سيمان مجد خواف,7527,33173969,738669049049,22266,23379,21330,-936,-4.2,22267,1,0.0,21153,23379,1399-10-24
52,حتايد,تايدواترخاورميانه,7473,26221301,774609017240,29940,28450,29780,-160,-0.53,29540,-400,-1.34,28450,31010,1399-10-24
53,چكاپا,گروه صنايع كاغذ پارس,7284,84149407,560747448360,6380,6600,6690,310,4.86,6660,280,4.39,6380,6690,1399-10-24
54,سبهان,سيمان‌ بهبهان‌,7270,5486687,609707340180,106450,105160,111770,5320,5.0,111120,4670,4.39,102100,111770,1399-10-24
55,وخارزم,سرمايه گذاري خوارزمي,7195,67536970,536056211340,8320,7910,7910,-410,-4.93,7940,-380,-4.57,7910,8200,1399-10-24
56,كمرجان,بازرگاني و توليدي مرجان كار,7013,6546778,749172825199,112397,118016,117980,5583,4.97,114434,2037,1.81,106778,118016,1399-10-24
57,دشيمي,شيمي‌ داروئي‌ داروپخش‌,6793,10519793,651481310410,61210,63490,59800,-1410,-2.3,61930,720,1.18,59160,63490,1399-10-24
58,فروي,ذوب روي اصفهان,6608,6943542,446844601793,67568,64190,64190,-3378,-5.0,64354,-3214,-4.76,64190,66880,1399-10-24
59,وايران,ليزينگ ايرانيان,6602,32739513,541748489470,15870,16030,16660,790,4.98,16550,680,4.28,16000,16660,1399-10-24
60,ولصنم,ليزينگ‌صنعت‌ومعدن‌,6375,50173341,622578019650,12720,12800,12110,-610,-4.8,12410,-310,-2.44,12090,13250,1399-10-24
61,وغدير,سرمايه‌گذاري‌غدير(هلدينگ‌,6337,43947233,455282554070,10770,10400,10320,-450,-4.18,10360,-410,-3.81,10250,10770,1399-10-24
62,نوري,پتروشيمي نوري,6300,8591414,527711167750,64510,61290,61290,-3220,-4.99,61420,-3090,-4.79,61290,63000,1399-10-24
63,لپارس,پارس‌ الكتريك‌,6256,3497682,408070414950,120950,114910,114920,-6030,-4.99,116670,-4280,-3.54,114910,122990,1399-10-24
64,فزرين,زرين معدن آسيا,6210,20050030,508293610558,26383,25320,25064,-1319,-5.0,25351,-1032,-3.91,25064,26300,1399-10-24
65,فارس,صنايع پتروشيمي خليج فارس,6113,34906231,351322106540,10560,10060,10040,-520,-4.92,10060,-500,-4.73,10040,10300,1399-10-24
66,وپويا,سرمايه گذاري پويا,6016,17469848,111435490404,6693,6359,6359,-334,-4.99,6379,-314,-4.69,6359,6492,1399-10-24
67,حآسا,آسيا سير ارس,5969,11970689,623556394540,53379,54605,50711,-2668,-5.0,52090,-1289,-2.41,50711,55290,1399-10-24
68,كماسه,تامين‌ ماسه‌ ريخته‌گري‌,5685,7459424,441373783720,61660,58580,58580,-3080,-5.0,59170,-2490,-4.04,58580,61660,1399-10-24
69,وكارح,ح . بانك‌ كارآفرين‌,5473,115150827,274516772070,2510,2260,2390,-120,-4.78,2380,-130,-5.18,2260,2570,1399-10-24
70,تاپيكو,س. نفت و گاز و پتروشيمي تأمين,5324,34963127,412068177940,11990,12430,11540,-450,-3.75,11790,-200,-1.67,11400,12430,1399-10-24
71,سيستم,همكاران سيستم,5203,10969239,459092561900,43010,40860,41290,-1720,-4.0,41850,-1160,-2.7,40860,44500,1399-10-24
72,ثنور,سرمايه گذاري كوه نور,5118,40274982,598734779237,14893,14999,15339,446,2.99,14866,-27,-0.18,14447,15339,1399-10-24
73,شدوص,دوده‌ صنعتي‌ پارس‌,5111,18153524,628479508600,35040,36190,35110,70,0.2,34620,-420,-1.2,33290,36190,1399-10-24
74,قشرين,قند شيرين خراسان,5080,29659437,588535458463,19381,20350,19849,468,2.41,19843,462,2.38,18600,20350,1399-10-24
75,بكام,كارخانجات توليدي شهيد قندي,5057,75034662,337391888130,4700,4700,4470,-230,-4.89,4500,-200,-4.26,4470,4710,1399-10-24
76,بجهرم,توسعه مولد نيروگاهي جهرم,5027,59727180,200644092937,3527,3360,3351,-176,-4.99,3359,-168,-4.76,3351,3420,1399-10-24
77,ثقزوي,شركت عمران و سازندگي قزوين,4885,7013904,279155228023,40815,41148,39591,-1224,-3.0,39800,-1015,-2.49,39591,41148,1399-10-24
78,اخابر,مخابرات ايران,4847,22854494,266650996690,11770,11300,11370,-400,-3.4,11670,-100,-0.85,11300,12150,1399-10-24
79,شبريز,پالايش نفت تبريز,4825,19445941,469709836450,24760,24760,24010,-750,-3.03,24150,-610,-2.46,23530,25180,1399-10-24
80,فنورد,نوردوقطعات‌ فولادي‌,4807,1384432,427815167740,318520,320000,302600,-15920,-5.0,309020,-9500,-2.98,302600,330000,1399-10-24
81,ومعلم,بيمه معلم,4806,42817584,252509118511,5780,5614,6048,268,4.64,5897,117,2.02,5500,6069,1399-10-24
82,خپارس,پارس‌ خودرو,4740,76209532,461723430460,6350,6040,6040,-310,-4.88,6060,-290,-4.57,6040,6290,1399-10-24
83,غمينو,شركت صنايع غذايي مينو شرق,4728,18506868,318724056041,17278,17000,16880,-398,-2.3,17222,-56,-0.32,16510,18050,1399-10-24
84,دماوند,توليد نيروي برق دماوند,4694,5686701,303203088415,54616,52020,54100,-516,-0.94,53318,-1298,-2.38,51886,55500,1399-10-24
85,كسعديح,ح . كاشي‌ سعدي‌,4675,18771275,345489214630,17670,18800,18290,620,3.51,18410,740,4.19,17180,19200,1399-10-24
86,توريل,توکاريل,4673,11758677,403974506335,35577,33801,33799,-1778,-5.0,34355,-1222,-3.43,33799,36970,1399-10-24
87,دتوزيع,توزيع دارو پخش,4626,5429463,254936300126,48374,50600,45956,-2418,-5.0,46954,-1420,-2.94,45956,50690,1399-10-24
88,ونوين,بانك‌اقتصادنوين‌,4443,147688240,635013251930,4510,4290,4290,-220,-4.88,4300,-210,-4.66,4290,4390,1399-10-24
89,خكاوه,سايپا ديزل,4425,57384923,349499233828,6168,6290,5985,-183,-2.97,6090,-78,-1.26,5983,6290,1399-10-24
90,خريخت,صنايع‌ريخته‌گري‌ايران‌,4387,50640773,239411346840,4680,4720,4670,-10,-0.21,4730,50,1.07,4510,4880,1399-10-24
91,شنفت,نفت‌ پارس‌,4264,5197568,354137872420,67300,63940,68000,700,1.04,68140,840,1.25,63940,70020,1399-10-24
92,دزهراوي,داروسازي‌زهراوي‌,4237,19052878,201763559020,10880,11100,10450,-430,-3.95,10590,-290,-2.67,10340,11100,1399-10-24
93,خفنر,فنرسازي‌خاور,4231,15906828,417686389870,25210,25450,26470,1260,5.0,26260,1050,4.17,25220,26470,1399-10-24
94,زرين,صندوق س. سهام زرين كوروش-س,4217,27402419,274024190000,10000,10000,10000,0,0.0,10000,0,0.0,10000,10000,1399-10-24
95,نوين,بيمه نوين,4206,48881674,326486686593,6900,6560,6870,-30,-0.43,6679,-221,-3.2,6555,7060,1399-10-24
96,خزاميا,زامياد,4163,46837715,437746679520,9830,9340,9340,-490,-4.98,9350,-480,-4.88,9340,9480,1399-10-24
97,آ س پ,آ.س.پ,4140,31188733,484337509459,15387,15387,16156,769,5.0,15529,142,0.92,14618,16156,1399-10-24
98,شپلي,پلي اكريل ايران,4091,84111242,1146058860062,13018,13668,13668,650,4.99,13626,608,4.67,12500,13668,1399-10-24
99,غگل,گلوكوزان‌,4067,49378490,208100574190,4430,4210,4210,-220,-4.97,4210,-220,-4.97,4210,4280,1399-10-24
100,غگيلا,شيرپاستوريزه پگاه گيلان,4046,81738,1827089514,21289,22353,22353,1064,5.0,21326,37,0.17,22353,22353,1399-10-24
101,زكوثر,سرمايه گذاري كشاورزي كوثر,3990,8474356,214001348840,26280,25160,24970,-1310,-4.98,25250,-1030,-3.92,24970,26460,1399-10-24
102,خنصير,مهندسي‌نصيرماشين‌,3984,3538716,371403861910,101060,102590,106110,5050,5.0,104950,3890,3.85,100000,106110,1399-10-24
103,پلاسك,پلاسكوكار,3957,39069310,377531997390,9330,9790,9790,460,4.93,9660,330,3.54,9150,9790,1399-10-24
104,بكهنوج,توليد برق ماهتاب كهنوج,3946,76475789,164739735797,2234,2170,2135,-99,-4.43,2154,-80,-3.58,2123,2280,1399-10-24
105,غپينو,پارس‌ مينو,3929,46179150,461812484510,10510,9990,9990,-520,-4.95,10000,-510,-4.85,9990,10150,1399-10-24
106,كسعدي,كاشي‌ سعدي‌,3872,15209643,331352597650,20840,21880,21880,1040,4.99,21790,950,4.56,21000,21880,1399-10-24
107,كترام,توليدي‌ كاشي‌ تكسرام‌,3836,9473821,500154737970,54670,51940,51940,-2730,-4.99,52790,-1880,-3.44,51940,55440,1399-10-24
108,دتوليد,داروسازي توليد دارو,3831,9409633,338723289049,37668,38000,35785,-1883,-5.0,35998,-1670,-4.43,35785,38000,1399-10-24
109,تپمپي,پمپ‌ سازي‌ ايران‌,3819,9968367,278545852210,29290,27830,28280,-1010,-3.45,27940,-1350,-4.61,27830,29000,1399-10-24
110,حفاري,حفاري شمال,3817,20103506,209447394900,10630,10150,10600,-30,-0.28,10420,-210,-1.98,10110,10800,1399-10-24
111,زنگان,صنعت روي زنگان,3817,4160514,514239312069,118461,112610,124384,5923,5.0,123600,5139,4.34,112610,124384,1399-10-24
112,البرز,بيمه البرز,3784,57393201,279058718360,5060,4960,4810,-250,-4.94,4860,-200,-3.95,4810,5050,1399-10-24
113,تملت,تامين سرمايه بانك ملت,3784,27220132,198102185780,7650,7270,7270,-380,-4.97,7280,-370,-4.84,7270,7430,1399-10-24
114,كگل,معدني و صنعتي گل گهر,3749,10424511,174164327880,17080,16710,16660,-420,-2.46,16710,-370,-2.17,16250,17280,1399-10-24
115,تليسه,دامداري تليسه نمونه,3713,33479201,163094929053,5112,4857,4857,-255,-4.99,4872,-240,-4.69,4857,5000,1399-10-24
116,خشرق,الكتريك‌ خودرو شرق‌,3653,11939611,308875768960,26940,25610,25970,-970,-3.6,25870,-1070,-3.97,25600,26940,1399-10-24
117,خاهن,آهنگري‌ تراكتورسازي‌ ايران‌,3633,9988501,400134905020,38700,39690,39100,400,1.03,40060,1360,3.51,38700,40630,1399-10-24
118,سمگا,گروه سرمايه گذاري ميراث فرهنگي,3609,31579385,1111851689887,37044,35192,35192,-1852,-5.0,35208,-1836,-4.96,35192,35780,1399-10-24
119,تاپكيش,تجارت الكترونيك پارسيان كيش,3534,11348180,265294240482,23538,24587,23700,162,0.69,23378,-160,-0.68,22362,24587,1399-10-24
120,وصنعت,سرمايه گذاري توسعه صنعت وتجارت,3516,26397914,175770990670,6530,6360,6620,90,1.38,6660,130,1.99,6300,6850,1399-10-24
121,ونيكي,سرمايه‌گذاري‌ ملي‌ايران‌,3508,23175405,320395794540,14530,13810,13810,-720,-4.96,13820,-710,-4.89,13810,14120,1399-10-24
122,شيران,س. صنايع‌شيميايي‌ايران,3501,8225694,305849319110,38380,37000,36500,-1880,-4.9,37180,-1200,-3.13,36480,38950,1399-10-24
123,خمحركه,نيرو محركه‌,3469,33348921,182113576570,5730,5450,5450,-280,-4.89,5460,-270,-4.71,5450,5600,1399-10-24
124,وسينا,بانك سينا,3428,38319990,144640252560,3900,3710,3720,-180,-4.62,3770,-130,-3.33,3710,4000,1399-10-24
125,خوساز,محورسازان‌ايران‌خودرو,3426,27064770,249069703210,8830,9140,9110,280,3.17,9200,370,4.19,8750,9270,1399-10-24
126,سبزوا,سيمان لار سبزوار,3382,34145742,153813790939,4681,4456,4530,-151,-3.23,4505,-176,-3.76,4447,4695,1399-10-24
127,كچاد,معدني‌وصنعتي‌چادرملو,3381,8568960,164488023810,19720,19300,19010,-710,-3.6,19200,-520,-2.64,18800,20000,1399-10-24
128,ختوقا,قطعات‌ اتومبيل‌ ايران‌,3370,62545366,181914406200,3050,2910,2900,-150,-4.92,2910,-140,-4.59,2900,3000,1399-10-24
129,ولساپا,ليزينگ رايان‌ سايپا,3342,75165770,287651990960,4020,3820,3820,-200,-4.98,3830,-190,-4.73,3820,3940,1399-10-24
130,كمند,صندوق س. با درآمد ثابت كمند,3300,139001229,1396996489696,10045,10051,10049,4,0.04,10050,5,0.05,10049,10054,1399-10-24
131,زفكاح,ح . كشت و دامداري فكا,3292,16794597,189978392831,11790,11600,11201,-589,-5.0,11312,-478,-4.05,11201,11700,1399-10-24
132,وكار,بانك‌ كارآفرين‌,3284,110216822,366615723750,3470,3300,3330,-140,-4.03,3330,-140,-4.03,3300,3460,1399-10-24
133,فرابورس,فرابورس ايران,3266,9593515,436765317182,47855,45463,45463,-2392,-5.0,45527,-2328,-4.86,45463,46370,1399-10-24
134,غصينو,صنعتي مينو,3264,4690241,409487840139,91792,87203,87203,-4589,-5.0,87306,-4486,-4.89,87203,88500,1399-10-24
135,زدشت,كشت و صنعت دشت خرم دره,3244,6419327,236765546909,38719,36784,36784,-1935,-5.0,36883,-1836,-4.74,36784,37490,1399-10-24
136,افرا,افرانت,3227,6807459,338322249283,49180,46721,51639,2459,5.0,49699,519,1.06,46721,51639,1399-10-24
137,كهمداح,ح . شيشه‌ همدان‌,3206,12848718,120490835890,9970,9700,9060,-910,-9.13,9380,-590,-5.92,9000,9830,1399-10-24
138,وساخت,سرمايه‌ گذاري‌ ساختمان‌ايران‌,3200,3759679,228388836490,63610,63000,60940,-2670,-4.2,60750,-2860,-4.5,60430,63000,1399-10-24
139,ومعادن,توسعه‌معادن‌وفلزات‌,3196,17634542,192014454660,11150,11000,10800,-350,-3.14,10890,-260,-2.33,10660,11490,1399-10-24
140,فلوله,لوله‌وماشين‌سازي‌ايران‌,3174,18553992,441996797100,22800,23940,23000,200,0.88,23820,1020,4.47,22600,23940,1399-10-24
141,فباهنر,مس‌ شهيدباهنر,3149,7244975,390666266150,51500,51800,54070,2570,4.99,53920,2420,4.7,51800,54070,1399-10-24
142,فخوز,فولاد  خوزستان,3137,17951406,239470778250,13780,13390,13110,-670,-4.86,13340,-440,-3.19,13100,14000,1399-10-24
143,وشهر,بانك شهر,3136,38775969,250798799688,6537,6769,6511,-26,-0.4,6468,-69,-1.06,6276,6789,1399-10-24
144,سباقر,سيمان باقران,3133,12414038,233428522055,18497,18510,18560,63,0.34,18804,307,1.66,17943,19051,1399-10-24
145,غفارس,شير پاستوريزه پگاه فارس,3052,12932038,173219828606,13841,14380,13149,-692,-5.0,13395,-446,-3.22,13149,14380,1399-10-24
146,گكيش,توريستي ورفاهي آبادگران كيش,3040,3181467,248614901010,76447,80269,78750,2303,3.01,78145,1698,2.22,72625,80269,1399-10-24
147,سقاين,سيمان‌ قائن‌,3028,5561233,336148943140,58130,61030,61030,2900,4.99,60450,2320,3.99,58130,61030,1399-10-24
148,سنير,سيمان‌ سفيد ني‌ريز,3023,2623846,439493625560,159990,167980,167980,7990,4.99,167500,7510,4.69,154000,167980,1399-10-24
149,ونيرو,سرمايه‌گذاري‌نيرو,2992,55702942,177657484470,3340,3180,3180,-160,-4.79,3190,-150,-4.49,3180,3270,1399-10-24
150,ساوه,سيمان ساوه,2976,1724344,93042183574,56512,53700,53687,-2825,-5.0,53958,-2554,-4.52,53687,55290,1399-10-24
151,ثالوند,سرمايه گذاري مسكن الوند,2959,11311228,228045626930,20484,20500,19460,-1024,-5.0,20161,-323,-1.58,19460,21390,1399-10-24
152,كالا,بورس كالاي ايران,2954,6628585,302700352400,47950,45560,45560,-2390,-4.98,45670,-2280,-4.75,45560,46990,1399-10-24
153,وملل,اعتباري ملل,2923,30725510,523441661125,17095,16756,16990,-105,-0.61,17036,-59,-0.35,16260,17299,1399-10-24
154,كهمدا,شيشه‌ همدان‌,2884,13315047,180796883740,14080,13980,13430,-650,-4.62,13580,-500,-3.55,13380,14250,1399-10-24
155,غسالم,سالمين‌,2853,33902196,162066712480,5000,4790,4750,-250,-5.0,4780,-220,-4.4,4750,5000,1399-10-24
156,سغرب,سيمان‌غرب‌,2835,7927297,232516716780,27960,29000,29350,1390,4.97,29330,1370,4.9,28800,29350,1399-10-24
157,وساپا,سرمايه‌گذاري‌ سايپا,2815,39406578,292802532470,7810,7420,7420,-390,-4.99,7430,-380,-4.87,7420,7650,1399-10-24
158,ولشرق,ليزينگ ايران و شرق,2777,14273081,135660425236,9918,9570,9423,-495,-4.99,9505,-413,-4.16,9423,9900,1399-10-24
159,زماهان,مجتمع توليد گوشت مرغ ماهان,2730,3821050,128169180570,33270,31666,33999,729,2.19,33543,273,0.82,31666,34537,1399-10-24
160,سرو,صندوق س سروسودمند مدبران-سهام,2706,3232688,212706521160,67680,66990,65120,-2560,-3.78,65800,-1880,-2.78,64000,69100,1399-10-24
161,فاسمين,كالسيمين‌,2672,23004432,374205925050,17030,16200,16180,-850,-4.99,16270,-760,-4.46,16180,17470,1399-10-24
162,فرآور,فرآوري‌موادمعدني‌ايران‌,2640,8035463,277828041410,36210,34600,34400,-1810,-5.0,34580,-1630,-4.5,34400,36200,1399-10-24
163,بايكا,كارخانجات كابلسازي ‌ايران‌,2628,7385178,454868732868,58687,61621,61621,2934,5.0,61592,2905,4.95,60020,61621,1399-10-24
164,چدن,توليدي چدن سازان,2565,9354465,311988922980,34940,33200,33200,-1740,-4.98,33350,-1590,-4.55,33200,35000,1399-10-24
165,وپاسار,بانك  پاسارگاد,2562,28984865,329956405280,11720,11720,11140,-580,-4.95,11380,-340,-2.9,11140,11770,1399-10-24
166,تبرك,گروه كارخانجات صنعتي تبرك,2539,8648649,165313478304,20009,19009,19009,-1000,-5.0,19114,-895,-4.47,19009,19765,1399-10-24
167,سفارس,سيمان فارس و خوزستان,2531,15758133,244352299560,16220,15510,15410,-810,-4.99,15510,-710,-4.38,15410,16110,1399-10-24
168,رانفور,خدمات‌انفورماتيك‌,2492,6123057,170235083810,28010,26610,27460,-550,-1.96,27800,-210,-0.75,26610,28990,1399-10-24
169,غشان,شيرپاستوريزه‌پگاه‌خراسان‌,2488,15902152,133354095880,8480,8600,8200,-280,-3.3,8390,-90,-1.06,8060,8790,1399-10-24
170,افق,فروشگاههاي زنجيره اي افق كوروش,2484,1998215,166896104410,87350,84050,83000,-4350,-4.98,83520,-3830,-4.38,82990,85650,1399-10-24
171,دفارا,داروسازي‌ فارابي‌,2458,4980704,315993201860,60440,63460,63460,3020,5.0,63440,3000,4.96,62550,63460,1399-10-24
172,كي بي سي,شركت كي بي سي,2455,3612354,134991080168,38876,39601,36933,-1943,-5.0,37369,-1507,-3.88,36933,39601,1399-10-24
173,ومهان,گروه توسعه مالي مهر آيندگان,2432,8532141,111241106473,13558,12931,13000,-558,-4.12,13038,-520,-3.84,12881,13558,1399-10-24
174,زبينا,كشاورزي و دامپروري بينالود,2432,4271538,202954557327,49710,47260,47225,-2485,-5.0,47513,-2197,-4.42,47225,49990,1399-10-24
175,شلرد,كود شيميايي اوره لردگان,2422,19881767,175120272071,9068,8820,8796,-272,-3.0,8808,-260,-2.87,8796,9017,1399-10-24
176,زگلدشت,كشت و دام گلدشت نمونه اصفهان,2390,2922743,185215433296,65233,66800,61972,-3261,-5.0,63370,-1863,-2.86,61972,66800,1399-10-24
177,ثرود,سرمايه‌گذاري مسكن زاينده رود,2375,13184770,180180240616,13328,12900,13994,666,5.0,13666,338,2.54,12900,13994,1399-10-24
178,خفولا,خدمات فني فولاد يزد,2359,5572203,337219296167,61612,61000,59764,-1848,-3.0,60518,-1094,-1.78,59764,63370,1399-10-24
179,قرن,پديده شيمي قرن,2355,3420885,230597615580,70810,67400,67270,-3540,-5.0,67410,-3400,-4.8,67270,68870,1399-10-24
180,كاوه,فولاد كاوه جنوب كيش,2311,16976454,301926836890,18100,17700,17600,-500,-2.76,17790,-310,-1.71,17450,18260,1399-10-24
181,وليز,ليزينگ‌ايران‌,2299,12164538,97066479840,7910,8090,7770,-140,-1.77,7980,70,0.88,7600,8200,1399-10-24
182,كوير,توليدي فولاد سپيد فراب كوير,2296,8016741,196618960930,25660,25050,24380,-1280,-4.99,24530,-1130,-4.4,24380,25660,1399-10-24
183,ختراك,ريخته‌گري‌ تراكتورسازي‌ ايران‌,2283,10285670,172984873760,17250,17450,16390,-860,-4.99,16820,-430,-2.49,16390,17900,1399-10-24
184,ثتوسا,س.توسعه و عمران استان اردبيل,2281,2680308,126005675392,48284,46846,46836,-1448,-3.0,47012,-1272,-2.63,46836,48280,1399-10-24
185,همراه,شركت ارتباطات سيار ايران,2221,5540883,154985239280,27430,27500,27300,-130,-0.47,27970,540,1.97,26200,28800,1399-10-24
186,قنيشا,قند  نيشابور,2194,2836635,176671951890,64940,66690,61700,-3240,-4.99,62280,-2660,-4.1,61700,66690,1399-10-24
187,قصفها,قنداصفهان‌,2178,786232,132782984920,176360,172380,167550,-8810,-5.0,168890,-7470,-4.24,167550,178500,1399-10-24
188,وسنا,سرمايه گذاري نيروگاهي ايران,2176,9736454,219006528598,23213,22053,22390,-823,-3.55,22493,-720,-3.1,22053,24000,1399-10-24
189,ستران,سيمان‌ تهران‌,2170,6038847,170820925020,29610,28520,28130,-1480,-5.0,28290,-1320,-4.46,28130,29300,1399-10-24
190,ماديرا,صنايع ماشين هاي اداري ايران,2164,10782272,131958856113,12844,12202,12202,-642,-5.0,12239,-605,-4.71,12202,12568,1399-10-24
191,سدبير,س. تدبيرگران فارس وخوزستان,2156,2039086,146288846000,70858,74200,71900,1042,1.47,71742,884,1.25,67801,74200,1399-10-24
192,كاما,باما,2148,5629666,112537023340,21040,19990,19990,-1050,-4.99,19990,-1050,-4.99,19990,19990,1399-10-24
193,وبانك,سرمايه گذاري گروه توسعه ملي,2118,11495958,92023115920,8160,7800,7970,-190,-2.33,8000,-160,-1.96,7800,8490,1399-10-24
194,كيميا,معدني كيمياي زنجان گستران,2111,5599984,235232578145,43858,42000,41700,-2158,-4.92,42006,-1852,-4.22,41666,44480,1399-10-24
195,خرينگ,رينگ‌سازي‌مشهد,2107,3069362,207156866300,70770,69980,67240,-3530,-4.99,67490,-3280,-4.63,67240,69980,1399-10-24
196,امين يكم,صندوق درآمد ثابت امين يكم فردا,2101,68432861,700304694687,10232,10239,10242,10,0.1,10233,1,0.01,10229,10242,1399-10-24
197,كمينا,شيشه سازي مينا,2090,4074678,161567769720,39617,38110,38410,-1207,-3.05,39652,35,0.09,38000,41500,1399-10-24
198,ولغدر,ليزينگ‌خودروغدير,2086,9094018,283031170690,32520,30900,30900,-1620,-4.98,31120,-1400,-4.31,30900,32330,1399-10-24
199,فولاي,صنايع فولاد آلياژي يزد,2086,2925805,128322735218,45445,43310,43173,-2272,-5.0,43859,-1586,-3.49,43173,45400,1399-10-24
200,شفارا,پتروشيمي فارابي,2083,28896610,161889270147,5505,5600,5670,165,3.0,5602,97,1.76,5340,5670,1399-10-24
201,شجم,صنايع پتروشيمي تخت جمشيد,2081,12156028,166076873618,13464,13849,13796,332,2.47,13662,198,1.47,13110,13867,1399-10-24
202,ونفت,سرمايه‌گذاري‌ صنعت‌ نفت‌,2078,20123872,377303651180,19690,18930,18770,-920,-4.67,18750,-940,-4.77,18710,19470,1399-10-24
203,لبوتان,گروه‌صنعتي‌بوتان‌,2068,1622935,142119068590,90850,93000,86310,-4540,-5.0,87570,-3280,-3.61,86310,93000,1399-10-24
204,غشهد,شهد ايران ‌,2048,10284120,81064774630,7980,7840,7770,-210,-2.63,7880,-100,-1.25,7650,8260,1399-10-24
205,شغدير,پتروشيمي غدير,2042,6903430,399316100886,60833,57792,57792,-3041,-5.0,57843,-2990,-4.92,57792,60000,1399-10-24
206,فنوال,نورد آلومينيوم‌,2041,6638629,165873431030,26190,24890,24890,-1300,-4.96,24990,-1200,-4.58,24890,26000,1399-10-24
207,والبر,سرمايه‌ گذاري‌ البرز(هلدينگ‌,2040,11223568,182267937790,17070,16220,16220,-850,-4.98,16240,-830,-4.86,16220,16740,1399-10-24
208,غپآذر,شير پگاه آذربايجان شرقي,2033,3117576,205594458819,63714,65000,64320,606,0.95,65947,2233,3.5,62001,66899,1399-10-24
209,خاذين,سايپاآذين‌,2031,22526735,118257239900,5470,5250,5200,-270,-4.94,5250,-220,-4.02,5200,5500,1399-10-24
210,وتعاون,بيمه  تعاون,2030,16489818,142534944783,8869,8603,8603,-266,-3.0,8644,-225,-2.54,8603,8999,1399-10-24
211,رمپنا,گروه مپنا (سهامي عام),2028,10749856,178394902870,16530,16000,16130,-400,-2.42,16600,70,0.42,16000,17340,1399-10-24
212,فروس,فروسيليس‌ ايران‌,2020,21913714,111875635830,5360,5110,5100,-260,-4.85,5110,-250,-4.66,5100,5290,1399-10-24
213,بپاس,بيمه پاسارگاد,2017,2495685,239728092436,96077,96100,96100,23,0.02,96057,-20,-0.02,94500,96500,1399-10-24
214,ثغرب,شركت سرمايه گذاري مسكن شمالغرب,1981,11029760,101873861230,9676,9193,9193,-483,-4.99,9236,-440,-4.55,9193,9599,1399-10-24
215,سشمال,سيمان‌ شمال‌,1970,12164108,131668343690,11130,10580,10620,-510,-4.58,10820,-310,-2.79,10580,11590,1399-10-24
216,فلات,گروه صنايع معادن فلات ايرانيان,1969,12815420,212196137369,16273,16336,16761,488,3.0,16558,285,1.75,15785,16761,1399-10-24
217,ملت,بيمه ملت,1953,12533576,226879078320,19040,18090,18090,-950,-4.99,18100,-940,-4.94,18090,18500,1399-10-24
218,وايرا,سرمايه گذاري صنايع ايران,1949,10934555,145756479389,13101,13470,13494,393,3.0,13330,229,1.75,12800,13494,1399-10-24
219,شپاكسا,پاكسان‌,1918,4425664,149389749330,32690,31800,33520,830,2.54,33760,1070,3.27,31800,34320,1399-10-24
220,فولاژ,فولاد آلياژي ايران,1910,8407267,156676643050,19170,18220,18220,-950,-4.96,18640,-530,-2.76,18220,19970,1399-10-24
221,سمازن,سيمان‌مازندران‌,1906,9597066,103807799510,11280,11500,10720,-560,-4.96,10820,-460,-4.08,10720,11550,1399-10-24
222,غشهداب,كشت و صنعت شهداب ناب خراسان,1904,27013963,119434590892,4650,4418,4418,-232,-4.99,4421,-229,-4.92,4418,4571,1399-10-24
223,وخاور,بانك خاورميانه,1878,18982649,210357953070,11280,10800,11190,-90,-0.8,11080,-200,-1.77,10770,11280,1399-10-24
224,سيمرغ,سيمرغ,1861,6602046,119983123890,19080,18330,18130,-950,-4.98,18170,-910,-4.77,18130,18790,1399-10-24
225,شكربن,كربن‌ ايران‌,1853,3840422,435931167940,117340,111600,111480,-5860,-4.99,113510,-3830,-3.26,111480,119000,1399-10-24
226,كپرور,فرآوري زغال سنگ پروده طبس,1848,2514212,130472138195,51161,53480,51121,-40,-0.08,51894,733,1.43,49001,53480,1399-10-24
227,غالبر,لبنيات‌ كالبر,1810,7831531,115650182170,14870,14200,14990,120,0.81,14770,-100,-0.67,14130,15200,1399-10-24
228,ميدكو,هلدينگ صنايع  معدني خاورميانه,1792,7606951,231050141364,30565,30565,30200,-365,-1.19,30374,-191,-0.62,29335,30570,1399-10-24
229,ثجوان,تامين مسكن جوانان,1786,8777498,138063653803,15053,15805,15805,752,5.0,15729,676,4.49,15060,15805,1399-10-24
230,زنجان,صنايع كشاورزي وكود زنجان,1784,20827435,238005379188,11764,11412,11412,-352,-2.99,11427,-337,-2.86,11412,11760,1399-10-24
231,غچين,كشت‌ و صنعت‌ چين‌ چين,1775,1663263,135094854130,84450,80370,80230,-4220,-5.0,81220,-3230,-3.82,80230,84600,1399-10-24
232,خپويش,سازه‌ پويش‌,1770,2763703,130050157840,46810,44470,49150,2340,5.0,47060,250,0.53,44470,49150,1399-10-24
233,دسينا,داروسازي‌ سينا,1760,4873271,162129784020,33820,34290,32390,-1430,-4.23,33270,-550,-1.63,32130,35180,1399-10-24
234,زپارس,ملي كشت و صنعت و دامپروري پارس,1760,2413031,327397691670,139010,132500,134500,-4510,-3.24,135680,-3330,-2.4,132060,143930,1399-10-24
235,سفانو,سيمان فارس نو,1747,3763478,134229429310,35550,35560,35580,30,0.08,35670,120,0.34,33780,36740,1399-10-24
236,سشرق,سيمان‌ شرق‌,1733,17312834,110229797170,6660,6330,6330,-330,-4.95,6370,-290,-4.35,6330,6600,1399-10-24
237,فاذر,صنايع‌ آذرآب‌,1724,7307132,204999014390,29470,28300,28000,-1470,-4.99,28050,-1420,-4.82,28000,29460,1399-10-24
238,شصدف,صنعتي دوده فام,1709,75462,2106446268,26585,27914,27914,1329,5.0,26638,53,0.2,27914,27914,1399-10-24
239,زملارد,كشاورزي و دامپروري ملارد شير,1705,2386265,101738998181,44864,42621,42621,-2243,-5.0,42635,-2229,-4.97,42621,43470,1399-10-24
240,حسينا,توسعه خدمات دريايي وبندري سينا,1704,2082906,151132875682,73624,70030,73000,-624,-0.85,72559,-1065,-1.45,70030,74070,1399-10-24
241,وبوعلي,سرمايه‌گذاري‌بوعلي‌,1703,13124897,72979078220,5810,5580,5520,-290,-4.99,5560,-250,-4.3,5520,5790,1399-10-24
242,زاگرس,پتروشيمي زاگرس,1696,1195761,228321862953,197950,188500,188300,-9650,-4.87,190943,-7007,-3.54,188210,195580,1399-10-24
243,وثنو,سرمايه گذاري ساختماني نوين,1678,5396931,114910820558,22332,21240,21216,-1116,-5.0,21292,-1040,-4.66,21216,22500,1399-10-24
244,خموتور,موتورسازان‌تراكتورسازي‌ايران‌,1677,10147837,276122644770,25920,27210,27210,1290,4.98,27210,1290,4.98,27210,27210,1399-10-24
245,آگاس,صندوق س.هستي بخش آگاه-س,1660,1769042,114737183432,65982,65000,64140,-1842,-2.79,64858,-1124,-1.7,63503,66948,1399-10-24
246,شوينده,مديريت صنعت شوينده ت.ص.بهشهر,1658,3535799,133366641110,38760,36860,38500,-260,-0.67,37720,-1040,-2.68,36830,39500,1399-10-24
247,بزاگرس,نيروگاه زاگرس كوثر,1657,10551525,92867009707,9254,8792,8792,-462,-4.99,8801,-453,-4.9,8792,8970,1399-10-24
248,غشصفا,شيرپاستوريزه‌پگاه‌اصفهان‌,1648,7503576,267179345350,34170,35870,35870,1700,4.98,35610,1440,4.21,34000,35870,1399-10-24
249,شكلر,نيروكلر,1647,3863028,235381537100,63950,61020,60760,-3190,-4.99,60930,-3020,-4.72,60760,62550,1399-10-24
250,شبهرن,نفت‌ بهران‌,1645,1859586,108306340590,58880,55940,59250,370,0.63,58240,-640,-1.09,55940,60760,1399-10-24
251,غپاك,لبنيات‌ پاك‌,1630,9432652,129675951460,14290,13900,13580,-710,-4.97,13750,-540,-3.78,13580,14430,1399-10-24
252,سرچشمه,سرمايه گذاري مس سرچشمه,1625,18211093,147561295779,8505,8111,8080,-425,-5.0,8103,-402,-4.73,8080,8341,1399-10-24
253,سامان,بانك سامان,1612,20825762,244459438517,12095,11733,11733,-362,-2.99,11738,-357,-2.95,11733,11986,1399-10-24
254,ولانا,شركت ليزينگ آريا دانا,1612,3111080,94545610283,30996,30067,30067,-929,-3.0,30390,-606,-1.96,30067,31287,1399-10-24
255,خكمك,كمك‌فنرايندامين‌,1607,3835936,161427901950,44210,42100,42000,-2210,-5.0,42080,-2130,-4.82,42000,44210,1399-10-24
256,زكشت,كشاورزي مكانيزه اصفهان كشت,1595,2096472,78078216353,36955,37390,36294,-661,-1.79,37243,288,0.78,35108,38610,1399-10-24
257,اتكام,شركت بيمه اتكايي امين,1588,18128414,121878899813,6993,7000,6644,-349,-4.99,6723,-270,-3.86,6644,7100,1399-10-24
258,فالوم,آلومتك‌,1583,8383421,366604388733,43584,44891,42277,-1307,-3.0,43730,146,0.33,42277,44891,1399-10-24
259,فاما,صنعتي‌ آما,1578,3898198,90785363820,22300,22960,23410,1110,4.98,23290,990,4.44,22010,23410,1399-10-24
260,سيلام,سيمان‌ ايلام‌,1569,14225013,130496397860,9590,9250,9120,-470,-4.9,9170,-420,-4.38,9120,9750,1399-10-24
261,وهنر,گروه توسعه هنر ايران,1548,17710774,106742834898,5852,6027,6027,175,2.99,6027,175,2.99,6027,6027,1399-10-24
262,خمهر,مهركام‌پارس‌,1523,50652137,156902481500,2960,3100,3100,140,4.73,3100,140,4.73,2980,3100,1399-10-24
263,ثمسكن,سرمايه‌گذاري‌ مسكن‌,1520,15401518,85726706610,5770,5550,5490,-280,-4.85,5570,-200,-3.47,5490,5900,1399-10-24
264,پارس,پتروشيمي پارس,1488,478803,70785674000,153300,149710,146000,-7300,-4.76,149220,-4080,-2.66,145640,153300,1399-10-24
265,وثخوز,سرمايه گذاري و توسعه خوزستان,1488,1496204,106796277316,74313,70598,70598,-3715,-5.0,71378,-2935,-3.95,70598,75999,1399-10-24
266,ارفع,شركت آهن و فولاد ارفع,1487,8126951,103747749289,13364,12730,12700,-664,-4.97,12766,-598,-4.47,12696,13359,1399-10-24
267,تكنار,مجتمع معادن مس تكنار,1478,870929,145441686825,162797,157920,167680,4883,3.0,166996,4199,2.58,157920,167680,1399-10-24
268,ولتجار,واسپاري تجارت وسرمايه ايرانيان,1467,8096003,83038608619,10260,10490,9961,-299,-2.91,10257,-3,-0.03,9961,10550,1399-10-24
269,رنيك,جنرال مكانيك,1466,4432993,101377343333,24055,22854,22853,-1202,-5.0,22869,-1186,-4.93,22853,23540,1399-10-24
270,كطبس,ذغال‌سنگ‌ نگين‌ ط‌بس‌,1466,1948255,132729468910,69770,68380,67950,-1820,-2.61,68130,-1640,-2.35,66290,71420,1399-10-24
271,ركيش,كارت اعتباري ايران كيش,1461,4550211,118022728840,26910,26100,25570,-1340,-4.98,25940,-970,-3.6,25570,27160,1399-10-24
272,لخزر,پارس‌ خزر,1457,457428,82831963380,183930,192990,179900,-4030,-2.19,181080,-2850,-1.55,174740,192990,1399-10-24
273,پاسا,ايران‌ياساتايرورابر,1456,6683154,185094795990,29040,27590,27590,-1450,-4.99,27700,-1340,-4.61,27590,28500,1399-10-24
274,تاصيكو,سرمايه گذاري صدرتامين,1453,14161073,131490974300,9400,9060,9270,-130,-1.38,9290,-110,-1.17,8960,9570,1399-10-24
275,شخارك,پتروشيمي‌ خارك‌,1436,1963386,86326475510,44050,42500,43100,-950,-2.16,43980,-70,-0.16,42420,45480,1399-10-24
276,شپديس,پتروشيمي پرديس,1429,2344667,212365416520,91540,90500,89160,-2380,-2.6,90570,-970,-1.06,88500,94000,1399-10-24
277,نيرو,نيرو سرمايه,1427,1638117,107984896763,64039,65960,65960,1921,3.0,65920,1881,2.94,64000,65960,1399-10-24
278,ساربيل,سيمان آرتا اردبيل,1424,2089288,104063937920,52300,49690,49690,-2610,-4.99,49810,-2490,-4.76,49690,51950,1399-10-24
279,غگلستا,شير پاستوريزه پگاه گلستان,1418,4897142,144687293656,31046,29515,29494,-1552,-5.0,29545,-1501,-4.83,29494,30180,1399-10-24
280,فسرب,ملي‌ سرب‌وروي‌ ايران‌,1403,968881,108667365650,117820,111930,111930,-5890,-5.0,112160,-5660,-4.8,111930,115930,1399-10-24
281,رتاپ,تجارت الكترونيك  پارسيان,1401,7959048,55341791860,7270,6920,6910,-360,-4.95,6950,-320,-4.4,6910,7200,1399-10-24
282,ددام,داروسازي زاگرس فارمد پارس,1399,8607178,157477607290,17530,18200,18400,870,4.96,18300,770,4.39,17000,18400,1399-10-24
283,شگل,گلتاش‌,1391,4080165,108297650030,26210,26280,26890,680,2.59,26540,330,1.26,25400,27500,1399-10-24
284,هرمز,فولاد هرمزگان جنوب,1387,7644747,100420114031,13594,13110,12950,-644,-4.74,13198,-396,-2.91,12921,13880,1399-10-24
285,سهرمز,سيمان‌هرمزگان‌,1382,5391900,140411618570,26390,25600,25960,-430,-1.63,26040,-350,-1.33,25600,26870,1399-10-24
286,كفرآور,فرآورده هاي سيمان شرق,1336,3806412,92361614301,24769,24100,24026,-743,-3.0,24265,-504,-2.03,24026,25000,1399-10-24
287,قشير,قند شيروان قوچان و بجنورد,1326,2751394,95139776452,36355,34538,34538,-1817,-5.0,34579,-1776,-4.89,34538,35500,1399-10-24
288,قمرو,قند مرودشت‌,1326,1843324,56630964300,30910,31380,29800,-1110,-3.59,30720,-190,-0.61,29370,32400,1399-10-24
289,كتوكاح,ح.توليدي وخدمات صنايع نسوزتوكا,1324,8132421,216447233718,26880,27450,26100,-780,-2.9,26615,-265,-0.99,25536,28000,1399-10-24
290,بورس,بورس اوراق بهادار تهران,1318,3149829,159747263280,53110,50460,50460,-2650,-4.99,50720,-2390,-4.5,50460,53000,1399-10-24
291,مدير,ص.س.مديريت ثروت ص.بازنشستگي-س,1317,6914585,62532203783,9219,9188,9029,-190,-2.06,9044,-175,-1.9,8911,9400,1399-10-24
292,پاكشو,گروه صنعتي پاكشو,1285,1439988,122210339540,84770,84780,84780,10,0.01,84870,100,0.12,84760,85500,1399-10-24
293,لسرما,سرما آفرين‌,1278,3694054,95734417040,27140,26010,25790,-1350,-4.97,25920,-1220,-4.5,25790,26990,1399-10-24
294,بكاب,صنايع‌جوشكاب‌يزد,1277,406832,188498692710,486650,462320,462320,-24330,-5.0,463330,-23320,-4.79,462320,475000,1399-10-24
295,كرماشا,صنايع پتروشيمي كرمانشاه,1273,4968938,182740745110,38170,36410,36270,-1900,-4.98,36780,-1390,-3.64,36270,40070,1399-10-24
296,غگلپا,شير پاستوريزه پگاه گلپايگان,1272,1030858,75264803129,72804,70050,73522,718,0.99,73012,208,0.29,69510,76000,1399-10-24
297,پارسان,گسترش نفت و گاز پارسيان,1262,5110921,94486434720,19210,18600,18500,-710,-3.7,18580,-630,-3.28,18250,19000,1399-10-24
298,تشتاد,صنايع توليدي اشتاد ايران‌,1260,6622992,119064948131,17455,17978,17978,523,3.0,17978,523,3.0,17700,17978,1399-10-24
299,وسكاب,س.ص.بازنشستگي كاركنان بانكها,1259,10656301,63673456040,6090,6000,6020,-70,-1.15,5980,-110,-1.81,5800,6290,1399-10-24
300,تكمبا,كمباين‌ سازي‌ ايران‌,1248,13297745,161966676170,12780,12150,12150,-630,-4.93,12180,-600,-4.69,12150,12640,1399-10-24
301,فپنتا,سپنتا,1240,181938,91896509570,530220,503710,503710,-26510,-5.0,505100,-25120,-4.74,503710,527300,1399-10-24
302,اوان,مبين وان كيش,1226,2545547,132918012329,54728,51994,53551,-1177,-2.15,52216,-2512,-4.59,51992,54728,1399-10-24
303,كگهر,سنگ آهن گهرزمين,1226,2081509,94404591841,46286,46255,45160,-1126,-2.43,45465,-821,-1.77,44001,47160,1399-10-24
304,فسپا,گروه‌صنعتي‌سپاهان‌,1225,4927916,206811035650,44090,41890,41910,-2180,-4.94,41970,-2120,-4.81,41890,43590,1399-10-24
305,كيان,صندوق س. با درآمد ثابت كيان,1218,33217158,887755791153,26704,26719,26730,26,0.1,26726,22,0.08,26719,26730,1399-10-24
306,اعتماد,صندوق س.اعتماد آفرين پارسيان-د,1214,27217420,934342327180,34302,34313,34350,48,0.14,34329,27,0.08,34313,34350,1399-10-24
307,وتوكا,سرمايه‌گذاري‌توكافولاد(هلدينگ,1206,9477592,121702353000,13460,12800,12790,-670,-4.98,12840,-620,-4.61,12790,13460,1399-10-24
308,ارزش,صندوق س ارزش آفرين بيدار-سهام,1205,7307267,68493775570,9620,9230,9200,-420,-4.37,9370,-250,-2.6,9200,9690,1399-10-24
309,غشوكو,شوكو پارس,1195,1518016,70217856241,44464,46687,45520,1056,2.37,46256,1792,4.03,43162,46687,1399-10-24
310,بالاس,مهندسي ساختمان تاسيسات راه آهن,1191,1477639,83002965984,58936,55990,55990,-2946,-5.0,56173,-2763,-4.69,55990,57800,1399-10-24
311,لپيام,گسترش صنايع پيام,1177,2815250,130716926031,45650,46010,47019,1369,3.0,46432,782,1.71,44300,47019,1399-10-24
312,سپاها,سيمان‌سپاهان‌,1169,8996420,74041669440,8650,8220,8220,-430,-4.97,8230,-420,-4.86,8220,8600,1399-10-24
313,تيپيكو,سرمايه گذاري دارويي تامين,1151,2676961,138699215970,50900,53420,51000,100,0.2,51810,910,1.79,49010,53420,1399-10-24
314,شرانل,نفت ايرانول,1150,3527853,126681122954,35793,34400,35800,7,0.02,35909,116,0.32,34370,37270,1399-10-24
315,دلقما,دارويي‌ لقمان‌,1148,2731746,78544662690,30150,28800,28650,-1500,-4.98,28750,-1400,-4.64,28650,30000,1399-10-24
316,واتي,سرمايه‌ گذاري‌ آتيه‌ دماوند,1148,8455649,99198543250,12300,11810,11690,-610,-4.96,11730,-570,-4.63,11690,12530,1399-10-24
317,فنفت,صنايع تجهيزات نفت,1141,4279190,114157580253,26042,26823,26823,781,3.0,26677,635,2.44,25604,26823,1399-10-24
318,شفن,پتروشيمي فناوران,1137,346917,95674278560,282470,269300,275500,-6970,-2.47,275780,-6690,-2.37,269300,289400,1399-10-24
319,فسازان,غلتك سازان سپاهان,1134,2263944,81858079160,36590,35050,35540,-1050,-2.87,36160,-430,-1.18,34770,37890,1399-10-24
320,غمينوح,ح . شركت صنايع غذايي مينو شرق,1132,5690747,64965828582,11742,11200,11201,-541,-4.61,11416,-326,-2.78,11164,11850,1399-10-24
321,ريشمك,توليد و صادرات ريشمك,1115,1748546,98983004724,59504,56932,56529,-2975,-5.0,56609,-2895,-4.87,56529,58640,1399-10-24
322,غمارگ,مارگارين‌,1115,2455540,85263943430,36520,34700,34700,-1820,-4.98,34720,-1800,-4.93,34700,35920,1399-10-24
323,ما,بيمه  ما,1109,14312052,119959104430,8730,8300,8300,-430,-4.93,8380,-350,-4.01,8300,8850,1399-10-24
324,اپرداز,آتيه داده پرداز,1102,3054836,79107809526,27169,27000,25811,-1358,-5.0,25896,-1273,-4.69,25811,27150,1399-10-24
325,تنوين,تامين سرمايه نوين,1098,10831349,59196946120,5690,5410,5440,-250,-4.39,5470,-220,-3.87,5410,5860,1399-10-24
326,دامين,داروسازي‌ امين‌,1097,4135008,68236414900,17270,16550,16410,-860,-4.98,16500,-770,-4.46,16410,17230,1399-10-24
327,حسير,ريل سير كوثر,1085,3760318,65976851539,18408,17488,17488,-920,-5.0,17546,-862,-4.68,17488,18000,1399-10-24
328,خصدرا,صنعتي‌ دريايي‌ ايران‌,1082,19665517,75220602525,3943,3825,3825,-118,-2.99,3825,-118,-2.99,3825,3825,1399-10-24
329,وهور,مديريت انرژي اميد  تابان هور,1080,4287834,168653374722,41403,39333,39333,-2070,-5.0,39333,-2070,-5.0,39333,39333,1399-10-24
330,دابور,داروسازي‌ ابوريحان‌,1075,1937610,84798987690,45770,44510,43500,-2270,-4.96,43760,-2010,-4.39,43490,45000,1399-10-24
331,دلرح,ح . داروسازي‌ اكسير,1039,1409653,52721768960,38290,37500,36830,-1460,-3.81,37400,-890,-2.32,35800,39400,1399-10-24
332,ياقوت,صندوق س ياقوت آگاه-ثابت,1027,32075383,377753477421,11770,11775,11778,8,0.07,11777,7,0.06,11758,11778,1399-10-24
333,وتوشه,سرمايه‌ گذاري‌ پارس‌ توشه‌,1023,4941771,127629936680,27160,25910,25820,-1340,-4.93,25830,-1330,-4.9,25810,26960,1399-10-24
334,پرديس,سرمايه گذاري پرديس,1022,8677501,56597547460,6620,6400,6400,-220,-3.32,6520,-100,-1.51,6370,6730,1399-10-24
335,وپترو,سرمايه‌گذاري صنايع پتروشيمي‌,1010,4241472,73525008970,18140,17400,17240,-900,-4.96,17330,-810,-4.47,17240,18130,1399-10-24
336,زشريف,كشت وصنعت شريف آباد,981,2376742,63107073615,27928,26532,26532,-1396,-5.0,26552,-1376,-4.93,26532,27100,1399-10-24
337,وآتوس,س.آرين توسكا قيمت اسمي 350ريال,972,1123510,57373589404,50252,51759,49565,-687,-1.37,51066,814,1.62,48745,51759,1399-10-24
338,پلاست,كارخانجات توليدي پلاستيران,970,2275148,135005866342,57745,59477,59477,1732,3.0,59339,1594,2.76,56500,59477,1399-10-24
339,دسبحا,گروه دارويي سبحان,968,3019138,61668375030,20220,19600,20790,570,2.82,20430,210,1.04,19600,20980,1399-10-24
340,دعبيد,لابراتوارداروسازي‌  دكترعبيدي‌,948,1131141,31419865630,29150,28150,27700,-1450,-4.97,28290,-860,-2.95,27700,28330,1399-10-24
341,وگستر,گسترش سرمايه گذاري ايرانيان,944,2376851,52221985567,23015,22502,21865,-1150,-5.0,21971,-1044,-4.54,21865,22850,1399-10-24
342,ثباغ,شهر سازي و خانه سازي باغميشه,936,3612190,76830882079,22320,21460,21204,-1116,-5.0,21270,-1050,-4.7,21204,22320,1399-10-24
343,شاوان,پالايش نفت لاوان,934,942308,82449818829,91877,87284,87284,-4593,-5.0,87498,-4379,-4.77,87284,91000,1399-10-24
344,اميد,تامين سرمايه اميد,933,6100145,56119805680,9670,9190,9190,-480,-4.96,9200,-470,-4.86,9190,9500,1399-10-24
345,ثاصفا,شركت‌ ساختمان‌ اصفهان‌,923,1757930,49348744651,28863,27998,27998,-865,-3.0,28072,-791,-2.74,27998,28901,1399-10-24
346,قزوين,كارخانجات‌ قند قزوين‌,921,1999993,81525794430,42460,40340,40340,-2120,-4.99,40760,-1700,-4.0,40340,43900,1399-10-24
347,آريان,سرمايه گذاري پارس آريان,920,17135206,250715443306,15083,14631,14631,-452,-3.0,14632,-451,-2.99,14631,15000,1399-10-24
348,وپسا,س. پتروشيمي ساختمان  خليج فارس,919,13718802,49286638484,3698,3680,3588,-110,-2.97,3593,-105,-2.84,3588,3680,1399-10-24
349,وصندوق,سرمايه‌گذاري‌صندوق‌بازنشستگي‌,915,15520107,200401605810,13540,12950,12870,-670,-4.95,12910,-630,-4.65,12870,13980,1399-10-24
350,تماوند,تامين سرمايه دماوند,914,9954231,193576156399,20334,20500,19318,-1016,-5.0,19447,-887,-4.36,19318,20500,1399-10-24
351,كفرا,فراورده‌ هاي‌ نسوزايران‌,901,901693,55198573250,64070,61000,61000,-3070,-4.79,61220,-2850,-4.45,60870,63180,1399-10-24
352,سكرد,سيمان كردستان,899,6045727,50855869340,8680,8250,8420,-260,-3.0,8410,-270,-3.11,8250,8700,1399-10-24
353,فن آوا,گروه فن آوا,897,9194255,139623841542,14508,15233,15233,725,5.0,15186,678,4.67,14560,15233,1399-10-24
354,وصنا,گروه‌صنايع‌بهشهرايران‌,894,7719843,57748946860,7850,7460,7460,-390,-4.97,7480,-370,-4.71,7460,7680,1399-10-24
355,پكرمان,گروه‌ صنعتي‌ بارز,889,3320635,97869007100,30670,30670,29140,-1530,-4.99,29470,-1200,-3.91,29140,31490,1399-10-24
356,ومشان,س. فني و مهندسي مشانير,888,903120,72882995557,79646,80000,82035,2389,3.0,80701,1055,1.32,77267,82035,1399-10-24
357,نمرينو,ايران‌ مرينوس‌,887,866951,48379141680,55280,58000,57200,1920,3.47,55770,490,0.89,52520,58000,1399-10-24
358,پدرخش,درخشان‌ تهران‌,884,1032176,165096551200,152340,159950,159950,7610,5.0,159950,7610,5.0,159950,159950,1399-10-24
359,فجر,فولاد اميركبيركاشان,881,1617852,93084153970,59230,58500,57980,-1250,-2.11,57540,-1690,-2.85,56270,59000,1399-10-24
360,نطرين,عطرين نخ قم,880,4892714,65058418058,13996,13297,13297,-699,-4.99,13297,-699,-4.99,13297,13297,1399-10-24
361,طلا,صندوق س.پشتوانه طلاي لوتوس,878,472850,36612822613,79377,78002,77370,-2007,-2.53,77430,-1947,-2.45,76605,78699,1399-10-24
362,شفارس,صنايع‌ شيميايي‌ فارس‌,876,2968818,161093399980,57110,54260,54260,-2850,-4.99,54260,-2850,-4.99,54260,54500,1399-10-24
363,شاراك,پتروشيمي شازند,871,2821466,60136891490,21620,20610,21300,-320,-1.48,21350,-270,-1.25,20610,22410,1399-10-24
364,كپارس,كاشي‌ پارس‌,869,500268,99323208720,208980,198540,198540,-10440,-5.0,198540,-10440,-5.0,198540,198540,1399-10-24
365,اعتلا,شركت سرمايه گذاري اعتلاء البرز,868,5314091,52509435816,10365,9950,9847,-518,-5.0,9881,-484,-4.67,9847,10243,1399-10-24
366,كحافظ,كاشي‌ وسراميك‌ حافظ‌,864,3485809,50999215530,15400,14630,14630,-770,-5.0,14630,-770,-5.0,14630,14670,1399-10-24
367,درهآور,دارويي ره آورد تامين,860,1325354,53857234623,42672,40539,40539,-2133,-5.0,40636,-2036,-4.77,40539,41500,1399-10-24
368,بترانس,ايران‌ ترانسفو,855,7518827,28496354330,3980,3790,3790,-190,-4.77,3790,-190,-4.77,3790,3790,1399-10-24
369,وتوسم,سرمايه‌گذاري‌توسعه‌ملي‌,853,3725576,39934201900,11030,10550,10820,-210,-1.9,10750,-280,-2.54,10520,10990,1399-10-24
370,سيدكو,سرمايه گذاري توسعه صنايع سيمان,845,6998659,44242361320,6620,6340,6300,-320,-4.83,6330,-290,-4.38,6290,6600,1399-10-24
371,ساروم,سيمان‌اروميه‌,839,1727852,45601035000,26660,27000,26100,-560,-2.1,26410,-250,-0.94,25980,27400,1399-10-24
372,قپيرا,فرآورده‌هاي‌غدايي‌وقندپيرانشهر,833,621744,74079243110,124840,120000,118600,-6240,-5.0,119150,-5690,-4.56,118600,124840,1399-10-24
373,زقيام,كشت و دام قيام اصفهان,829,3019789,92102558332,32097,30493,30493,-1604,-5.0,30500,-1597,-4.98,30493,31000,1399-10-24
374,واميد,گروه مديريت سرمايه گذاري اميد,827,7425689,300398911490,40590,39200,39260,-1330,-3.28,40450,-140,-0.34,38700,41310,1399-10-24
375,داروح,ح . كارخانجات‌داروپخش,827,1480697,40385493490,25570,24460,27370,1800,7.04,27270,1700,6.65,24460,27850,1399-10-24
376,بخاور,بيمه زندگي خاورميانه,823,4185698,30282396046,7413,7051,7268,-145,-1.96,7292,-121,-1.63,7051,7489,1399-10-24
377,گوهران,سرمايه گذاري توسعه گوهران اميد,817,5189651,41142913634,8338,7922,7922,-416,-4.99,7982,-356,-4.27,7922,8030,1399-10-24
378,سخوز,سيمان خوزستان,813,2484257,56802472630,23000,22070,22580,-420,-1.83,22860,-140,-0.61,21870,23980,1399-10-24
379,دتماد,توليدمواداوليه‌داروپخش‌,812,1785687,93070488670,53740,51090,52750,-990,-1.84,52120,-1620,-3.01,51060,54420,1399-10-24
380,فايرا,آلومينيوم‌ايران‌,809,2392680,50393243440,22030,21000,20930,-1100,-4.99,21060,-970,-4.4,20930,21990,1399-10-24
381,خودكفا,اقتصادي و خودكفايي آزادگان,807,1968155,73183875520,38334,37184,37184,-1150,-3.0,37184,-1150,-3.0,37184,37184,1399-10-24
382,شپاس,نفت پاسارگاد,806,1963669,42810772421,21538,20870,22240,702,3.26,21772,234,1.09,20870,22470,1399-10-24
383,دكپسول,توليد ژلاتين كپسول ايران,795,863363,37460676005,45306,43041,43120,-2186,-4.82,43890,-1416,-3.13,43041,45200,1399-10-24
384,فبيرا,بسته‌ بندي‌ ايران‌,791,9579462,34635284198,3720,3609,3609,-111,-2.98,3616,-104,-2.8,3609,3799,1399-10-24
385,وبشهر,توسعه‌ صنايع‌ بهشهر(هلدينگ,788,5570452,82348556900,15540,14790,14770,-770,-4.95,14780,-760,-4.89,14770,15200,1399-10-24
386,چكاوهح,ح . صنايع‌كاغذسازي‌كاوه‌,779,4440562,49687944370,11420,11050,11140,-280,-2.45,11190,-230,-2.01,10820,11500,1399-10-24
387,فلامي,لاميران‌,771,1093991,55747975740,54120,53500,50830,-3290,-6.08,50960,-3160,-5.84,50830,53500,1399-10-24
388,دلر,داروسازي‌ اكسير,759,787263,32597184800,41630,39650,42000,370,0.89,41470,-160,-0.38,39650,42850,1399-10-24
389,ثامان,سامان‌ گستراصفهان‌,755,3229438,73485745610,23930,22740,22740,-1190,-4.97,22750,-1180,-4.93,22740,23000,1399-10-24
390,غدشت,دشت‌ مرغاب‌,751,299976,78713713420,274130,260480,260900,-13230,-4.83,262400,-11730,-4.28,260430,278100,1399-10-24
391,كدما,معدني‌ دماوند,746,104188,30864653120,311830,296240,296240,-15590,-5.0,301590,-10240,-3.28,296240,296240,1399-10-24
392,بهپاك,صنعتي بهپاك,746,2147237,96785843056,47407,45037,45037,-2370,-5.0,45075,-2332,-4.92,45037,46600,1399-10-24
393,مفاخر,توسعه فناوري اطلاعات خوارزمي,732,2045163,94623085092,48542,46115,46115,-2427,-5.0,46267,-2275,-4.69,46115,48000,1399-10-24
394,ولملت,واسپاري ملت,732,5568126,49343620730,9290,8830,8830,-460,-4.95,8860,-430,-4.63,8830,9200,1399-10-24
395,كاردان,صندوق س تجارت شاخصي كاردان,727,479221,70702480510,150250,147000,144900,-5350,-3.56,147540,-2710,-1.8,142110,152900,1399-10-24
396,حپارسا,توسعه حمل و نقل ريلي پارسيان,725,1271894,50965344495,42150,40043,40043,-2107,-5.0,40070,-2080,-4.93,40043,42000,1399-10-24
397,ضخود2007,اختيارخ خودرو-3000-1400/02/08,722,23041,8433739000,358,400,376,18,5.03,366,8,2.23,320,401,1399-10-24
398,كهرام,توليدي گرانيت بهسرام,715,601263,54226242771,92120,94883,89357,-2763,-3.0,90187,-1933,-2.1,89357,94883,1399-10-24
399,كنور,توسعه معدني و صنعتي صبانور,714,1335425,57528740570,43060,41160,43580,520,1.21,43080,20,0.05,41160,43650,1399-10-24
400,ثاژن,سخت آژند,712,6942809,70057017986,9912,9721,10110,198,2.0,10091,179,1.81,9721,10110,1399-10-24
401,خبهمن,گروه‌بهمن‌,709,3167928,79261558560,26330,25020,25020,-1310,-4.98,25200,-1130,-4.29,25020,25020,1399-10-24
402,خمحور,توليدمحورخودرو,709,1065717,70869995090,69930,66440,66440,-3490,-4.99,66500,-3430,-4.9,66440,68210,1399-10-24
403,واعتبار,سرمايه گذاري اعتبار ايران,693,15034890,106569513980,7410,7100,7140,-270,-3.64,7090,-320,-4.32,7040,7250,1399-10-24
404,وحكمت,بيمه حكمت صبا,678,7100808,41314117106,5951,5810,5773,-178,-2.99,5818,-133,-2.23,5773,6100,1399-10-24
405,كگاز,شيشه‌ و گاز,671,2199175,45048896630,21490,20760,20420,-1070,-4.98,20490,-1000,-4.65,20420,21000,1399-10-24
406,شفا,سرمايه گذاري شفادارو,655,1296636,63362809550,51350,48790,48790,-2560,-4.99,48870,-2480,-4.83,48790,50000,1399-10-24
407,سخاش,سيمان‌خاش‌,645,356159,48743120810,143940,136750,136750,-7190,-5.0,137440,-6500,-4.52,136750,140700,1399-10-24
408,كلوند,كاشي‌ الوند,642,1974506,79579803930,42350,42060,40240,-2110,-4.98,40300,-2050,-4.84,40240,42060,1399-10-24
409,سپ,پرداخت الكترونيك سامان كيش,637,1326611,24383399560,18680,17760,18270,-410,-2.19,18520,-160,-0.86,17750,19490,1399-10-24
410,ثشاهد,سرمايه‌ گذاري‌ شاهد,624,1761030,35484754500,21210,20150,20150,-1060,-5.0,20430,-780,-3.68,20150,20150,1399-10-24
411,كويرح,ح. توليدي فولاد سپيد فراب كوير,618,3545868,65502025560,17830,19610,18000,170,0.95,18470,640,3.59,18000,19610,1399-10-24
412,جم,پتروشيمي جم,617,4132468,178673473850,45430,44190,43160,-2270,-5.0,43240,-2190,-4.82,43160,45230,1399-10-24
413,غديس,پاكديس,616,3806002,43785124996,12037,12002,11436,-601,-4.99,11520,-517,-4.3,11436,12002,1399-10-24
414,تسه9908,امتياز تسهيلات مسكن آبان99,615,37810,20043602862,552474,524851,524851,-27623,-5.0,530114,-22360,-4.05,524851,580097,1399-10-24
415,دالبر,البرزدارو,613,1740707,37478708890,22330,22120,21250,-1080,-4.84,21710,-620,-2.78,21220,22130,1399-10-24
416,پارند,صندوق س. پارند پايدار سپهر,608,27552352,309980874940,11241,11250,11251,10,0.09,11251,10,0.09,11250,11256,1399-10-24
417,زعف0008پ10,زعفران0008نگين طلاي سرخ(پ),601,89330,11275153457,124785,120800,128000,3215,2.58,126219,1434,1.15,120800,129700,1399-10-24
418,دفرا,فرآورده‌هاي‌ تزريقي‌ ايران‌,593,1540225,45317338660,30910,31180,29790,-1120,-3.62,29690,-1220,-3.95,29370,31180,1399-10-24
419,وپخش,داروپخش‌ (هلدينگ‌,582,270073,32673304200,118140,120100,120700,2560,2.17,120000,1860,1.57,114020,124040,1399-10-24
420,غمهرا,توليدي‌مهرام‌,582,594350,46271517580,81740,77660,77660,-4080,-4.99,77850,-3890,-4.76,77660,82000,1399-10-24
421,كمنگنز,معادن‌منگنزايران‌,579,500025,58255123430,122590,116470,116470,-6120,-4.99,116500,-6090,-4.97,116470,119990,1399-10-24
422,آساميد,صندوق س.مشترك آسمان اميد -د,578,28744100,326944974456,11375,11385,11374,-1,-0.01,11374,-1,-0.01,11370,11385,1399-10-24
423,غبشهر,صنعتي‌ بهشهر,567,3099564,79072471450,26840,25500,25500,-1340,-4.99,25510,-1330,-4.96,25500,26000,1399-10-24
424,شزنگ,تجهيزنيروي‌زنگان‌,567,122142,31420487867,260308,267000,252499,-7809,-3.0,257246,-3062,-1.18,252499,267000,1399-10-24
425,مبين,مبين انرژي خليج فارس,563,4010091,57375445290,14990,14260,14250,-740,-4.94,14630,-360,-2.4,14250,14990,1399-10-24
426,جم پيلن,پلي پروپيلن جم - جم پيلن,552,764453,60636847670,80980,78000,77800,-3180,-3.93,79390,-1590,-1.96,77500,81450,1399-10-24
427,سكرما,سيمان‌ كرمان‌,546,2769562,52131157800,19810,18820,18820,-990,-5.0,18820,-990,-5.0,18820,19440,1399-10-24
428,قثابت,قند ثابت‌ خراسان‌,541,849793,54786154710,67860,64470,64470,-3390,-5.0,64470,-3390,-5.0,64470,64470,1399-10-24
429,كبافق,معادن‌ بافق‌,539,775821,42809802780,58080,55180,55180,-2900,-4.99,55410,-2670,-4.6,55180,55180,1399-10-24
430,ضخود2006,اختيارخ خودرو-2500-1400/02/08,539,24264,12000972000,476,450,490,14,2.94,495,19,3.99,450,580,1399-10-24
431,گكوثر,هتل پارسيان كوثر اصفهان,537,7275238,26816527268,3880,3686,3686,-194,-5.0,3749,-131,-3.38,3686,3686,1399-10-24
432,تايرا,تراكتورسازي‌ايران‌,533,4503668,152052364380,35360,35360,33600,-1760,-4.98,33760,-1600,-4.52,33600,35360,1399-10-24
433,هجرت,پخش هجرت,533,1061420,34521975086,34152,32550,32445,-1707,-5.0,32888,-1264,-3.7,32445,33990,1399-10-24
434,لوتوس,تامين سرمايه لوتوس پارسيان,529,2439984,30608780580,13170,12910,12520,-650,-4.94,12780,-390,-2.96,12520,12950,1399-10-24
435,بفجر,فجر انرژي خليج فارس,528,1504633,42021500770,28260,27300,27450,-810,-2.87,28070,-190,-0.67,27000,28700,1399-10-24
436,دسانكو,داروسازي سبحان انكولوژي,528,2386169,48202668021,21207,20237,20147,-1060,-5.0,20201,-1006,-4.74,20147,21013,1399-10-24
437,سرود,سيمان‌شاهرود,524,1813052,30886910020,17770,17020,16890,-880,-4.95,17290,-480,-2.7,16890,17470,1399-10-24
438,ثاخت,بين‌المللي‌توسعه‌ساختمان,521,7765060,30361384600,4110,3910,3910,-200,-4.87,3960,-150,-3.65,3910,3910,1399-10-24
439,ودي,بيمه  دي,520,3586524,91811039324,26903,25558,25558,-1345,-5.0,25599,-1304,-4.85,25558,26500,1399-10-24
440,ساينا,صنايع بهداشتي ساينا,520,179468,35434890253,207383,198114,197014,-10369,-5.0,199943,-7440,-3.59,197014,207000,1399-10-24
441,تسه9909,امتياز تسهيلات مسكن آذر99,519,23648,12798335689,562591,560722,534462,-28129,-5.0,541202,-21389,-3.8,534462,590720,1399-10-24
442,وكبهمن,مديريت سرمايه گذاري كوثربهمن,518,1814831,35009904821,20306,19291,19291,-1015,-5.0,19476,-830,-4.09,19291,19291,1399-10-24
443,آوا,صندوق س.سهام آواي معيار-س,509,2178181,14920648124,7051,7000,6738,-313,-4.44,6850,-201,-2.85,6560,7100,1399-10-24
444,زر,صندوق س.پشتوانه سكه طلاي زر,506,504780,22806897250,46358,46489,44700,-1658,-3.58,45182,-1176,-2.54,44500,46489,1399-10-24
445,تكنو,تكنوتار,502,3058314,66395996940,22850,21710,21710,-1140,-4.99,21710,-1140,-4.99,21710,21710,1399-10-24
446,پسهند,صنايع‌ لاستيكي‌  سهند,498,1269558,49769932430,41210,39200,39150,-2060,-5.0,39200,-2010,-4.88,39150,40860,1399-10-24
447,غپونه,نوش پونه مشهد,495,1204790,25959285330,22028,22687,21368,-660,-3.0,21547,-481,-2.18,21368,22687,1399-10-24
448,كفپارس,فرآورده‌هاي‌ نسوز پارس‌,491,3498168,17945601840,5390,5130,5130,-260,-4.82,5270,-120,-2.23,5130,5130,1399-10-24
449,دپارس,پارس‌ دارو,486,237749,21751941790,94490,97300,90010,-4480,-4.74,93030,-1460,-1.55,89770,97300,1399-10-24
450,كخاك,صنايع‌خاك‌چيني‌ايران‌,484,672242,35009597230,52920,51020,51900,-1020,-1.93,52300,-620,-1.17,50310,54000,1399-10-24
451,سدور,سيمان‌ دورود,472,3319319,48694409730,15440,14670,14670,-770,-4.99,14770,-670,-4.34,14670,14670,1399-10-24
452,دشيري,شيرين دارو,471,377447,80107944069,206065,212246,212246,6181,3.0,212236,6171,2.99,208000,212246,1399-10-24
453,دسبحان,سبحان دارو,469,1065356,24718627850,23870,22850,23130,-740,-3.1,23520,-350,-1.47,22690,24000,1399-10-24
454,دكوثر,داروسازي‌ كوثر,464,1325994,32682913600,25930,24650,24640,-1290,-4.97,25030,-900,-3.47,24640,25440,1399-10-24
455,مداران,داده‌پردازي‌ايران‌,462,761195,18937103560,25920,24660,25000,-920,-3.55,25510,-410,-1.58,24630,25410,1399-10-24
456,دارو,كارخانجات‌داروپخش‌,459,1740104,52930782670,29030,28000,30480,1450,4.99,30420,1390,4.79,28000,30480,1399-10-24
457,دجابر,داروسازي‌ جابرابن‌حيان‌,457,627853,13669306710,21960,21960,21700,-260,-1.18,21910,-50,-0.23,21150,22620,1399-10-24
458,حخزر,كشتيراني درياي خزر,449,1152523,30289562342,27651,26269,26269,-1382,-5.0,26663,-988,-3.57,26269,27614,1399-10-24
459,ختور,رادياتور ايران‌,447,504244,17260272120,36030,34230,34230,-1800,-5.0,35370,-660,-1.83,34230,34230,1399-10-24
460,كارين2,صندوق س نگين سامان-ثابت,443,4430000,4430000,10000,1,1,-9999,-99.99,1,-9999,-99.99,1,1,1399-10-24
461,سكه0012پ01,سكه تمام بهارتحويلي 1روزه رفاه,433,169000,182253005500,1115013,1085555,1079999,-35014,-3.14,1078420,-36593,-3.28,1069002,1090000,1399-10-24
462,وآرين,شركت توسعه اقتصادي آرين,431,3184729,16182452427,5234,5077,5077,-157,-3.0,5102,-132,-2.52,5077,5200,1399-10-24
463,اطلس,صندوق س.توسعه اندوخته آينده-س,430,154701,30988367970,205304,202460,198499,-6805,-3.31,200311,-4993,-2.43,195002,204749,1399-10-24
464,خراسان,پتروشيمي خراسان,428,398633,26162614110,66280,63200,64500,-1780,-2.69,65930,-350,-0.53,63000,69000,1399-10-24
465,گشان,توسعه بين المللي پديده شانديز,427,498718,26281441164,53773,52698,52698,-1075,-2.0,52871,-902,-1.68,52698,52698,1399-10-24
466,ميهن,بيمه ميهن,418,2998991,16572424266,5816,5526,5526,-290,-4.99,5707,-109,-1.87,5526,5526,1399-10-24
467,شيراز,پتروشيمي‌شيراز,417,626758,31992614390,52500,50440,50160,-2340,-4.46,52000,-500,-0.95,49890,53200,1399-10-24
468,دبالك,مواد اوليه دارويي البرز بالك,407,1325643,32042116953,25443,24171,24171,-1272,-5.0,24509,-934,-3.67,24171,24171,1399-10-24
469,سبجنو,سيمان‌ بجنورد,404,845200,35108081930,43620,41440,41440,-2180,-5.0,42310,-1310,-3.0,41440,43450,1399-10-24
470,وثوق,سرمايه گذاري وثوق امين,398,1610083,32773239465,19386,20355,20355,969,5.0,20355,969,5.0,20355,20355,1399-10-24
471,خلنت,لنت‌ ترمزايران‌,395,546661,74021400920,129350,135810,129900,550,0.43,135410,6060,4.68,123000,135810,1399-10-24
472,دكيمي,كيميدارو,390,1001924,27563483420,28950,27510,27510,-1440,-4.97,28110,-840,-2.9,27510,27600,1399-10-24
473,قشهد,شهد,389,571157,19836431320,36530,34710,34710,-1820,-4.98,35810,-720,-1.97,34710,35300,1399-10-24
474,ثعتما,س. ساختماني اعتماد گستر,387,660635,38473544451,59987,58201,58188,-1799,-3.0,58237,-1750,-2.92,58188,59800,1399-10-24
475,خچرخش,چرخشگر,386,1747370,35576453200,21430,20360,20360,-1070,-4.99,20600,-830,-3.87,20360,20360,1399-10-24
476,دتوزيعح,ح . توزيع دارو پخش,381,680673,24097722830,36929,35801,35083,-1846,-5.0,35403,-1526,-4.13,35083,36900,1399-10-24
477,كاذر,فرآورده‌هاي‌نسوزآذر,378,798357,29818633950,39310,37350,37350,-1960,-4.99,38280,-1030,-2.62,37350,37350,1399-10-24
478,كروي,توسعه‌ معادن‌ روي‌ ايران‌,374,1000139,37415199990,39370,37410,37410,-1960,-4.98,37680,-1690,-4.29,37410,37410,1399-10-24
479,بميلا,توسعه بازرگاني آهن وفولادميلاد,368,1644824,45069822424,28843,27401,27401,-1442,-5.0,27401,-1442,-5.0,27401,27401,1399-10-24
480,حپترو,حمل و نقل پتروشيمي( سهامي عام,367,811771,33037751590,38770,40700,40700,1930,4.98,40030,1260,3.25,40500,40700,1399-10-24
481,سهگمت,سيمان‌هگمتان‌,367,1099812,24899226300,23820,22630,22650,-1170,-4.91,23150,-670,-2.81,22630,23000,1399-10-24
482,بنو,بيمه تجارت نو,367,1658777,45045763588,28584,27155,27155,-1429,-5.0,27156,-1428,-5.0,27155,27300,1399-10-24
483,حريل,ريل پردازسير,359,6679969,45630868239,7190,6831,6831,-359,-4.99,6877,-313,-4.35,6831,6831,1399-10-24
484,خكرمان,گروه اقتصادي كرمان خودرو,357,7020517,42003753211,6168,5983,5983,-185,-3.0,5983,-185,-3.0,5983,5983,1399-10-24
485,فيروزه,صندوق شاخص30 شركت فيروزه- سهام,356,231016,34415689680,148440,147100,150500,2060,1.39,148980,540,0.36,143000,153000,1399-10-24
486,شسينا,صنايع‌شيميايي‌سينا,353,145866,24795761340,178930,169990,169990,-8940,-5.0,174300,-4630,-2.59,169990,169990,1399-10-24
487,كاريس,صندوق س.سپهر كاريزما-س,351,2482523,27089409418,11248,11599,10852,-396,-3.52,10912,-336,-2.99,10851,11599,1399-10-24
488,تاصيكوح,ح . سرمايه گذاري صدرتامين,349,18074242,143793933600,8000,8500,8000,0,0.0,7960,-40,-0.5,7940,8800,1399-10-24
489,شساخت,مهندسي و ساختمان صنايع نفت,347,704424,29570814915,42055,41050,42900,845,2.01,42002,-53,-0.13,40794,43180,1399-10-24
490,لازما,كارخانه هاي صنعتي آزمايش,346,1393074,44285822460,30568,31790,31790,1222,4.0,31790,1222,4.0,31790,31790,1399-10-24
491,پخش,پخش البرز,345,999774,36034383382,37938,36042,36042,-1896,-5.0,36432,-1506,-3.97,36042,36080,1399-10-24
492,شراز,پالايش نفت شيراز,343,1029812,99671099946,101878,96785,96785,-5093,-5.0,96786,-5092,-5.0,96785,98000,1399-10-24
493,ساراب,سيمان‌ داراب‌,340,2522204,31726182360,13220,12590,12560,-660,-4.99,12790,-430,-3.25,12560,12880,1399-10-24
494,زفكا,كشت و دامداري فكا,340,1631665,19842678065,11582,12161,12161,579,5.0,11788,206,1.78,12161,12161,1399-10-24
495,حاريا,كشتيراني آريا,335,848857,31238879173,35747,36819,36819,1072,3.0,36801,1054,2.95,35850,36819,1399-10-24
496,چكارن,كارتن‌ ايران‌,329,3943174,16364172100,4360,4150,4150,-210,-4.82,4280,-80,-1.83,4150,4150,1399-10-24
497,وملي,گروه‌ صنعتي‌ ملي‌ (هلدينگ‌,327,138910,32307687800,244820,232580,232580,-12240,-5.0,235830,-8990,-3.67,232580,232580,1399-10-24
498,عيار,صندوق س. پشتوانه طلاي مفيد,325,309090,8462164298,27995,27910,27115,-880,-3.14,27378,-617,-2.2,26937,27910,1399-10-24
499,اتكاي,بيمه اتكايي ايرانيان,324,2519401,38660810790,16152,15345,15345,-807,-5.0,15496,-656,-4.06,15345,15355,1399-10-24
500,دقاضي,داروسازي شهيد قاضي,322,285022,14572002900,51984,50500,51250,-734,-1.41,51337,-647,-1.24,50500,52260,1399-10-24
501,حبندر,دريايي و کشتيراني خط دريابندر,318,889751,27776224476,32174,31209,31209,-965,-3.0,31218,-956,-2.97,31209,31970,1399-10-24
502,درازك,دارويي‌ رازك‌,309,1393055,60425543100,45620,43600,43340,-2280,-5.0,43380,-2240,-4.91,43340,46000,1399-10-24
503,غبهار,كشت وصنعت بهاران گلبهار خراسان,302,527084,26097510092,51044,49513,49513,-1531,-3.0,49513,-1531,-3.0,49513,49513,1399-10-24
504,امين يكم2,صندوق درآمد ثابت امين يكم فردا,300,30000000,30000000,10232,1,1,-10231,-99.99,1,-10231,-99.99,1,1,1399-10-24
505,فجام,جام‌دارو,295,1899862,21335450260,10700,11230,11230,530,4.95,10900,200,1.87,11230,11230,1399-10-24
506,افق ملت,صندوق س در سهام افق ملت,288,163682,21323214870,132520,130510,132000,-520,-0.39,130270,-2250,-1.7,129200,133100,1399-10-24
507,شبصير,توليدات پتروشيمي قائد بصير,287,435142,43923668622,106253,100941,100941,-5312,-5.0,100941,-5312,-5.0,100941,100941,1399-10-24
508,كاسپين,داروسازي كاسپين تامين,286,576528,15841736365,28683,27290,27550,-1133,-3.95,28260,-423,-1.47,27249,28597,1399-10-24
509,آتيمس,صندوق س.آرمان آتيه درخشان مس-س,285,66654,12760491425,198735,192010,189000,-9735,-4.9,191444,-7291,-3.67,181560,196899,1399-10-24
510,شلعاب,لعابيران‌,284,1329079,21132356100,15150,15900,15900,750,4.95,15420,270,1.78,15900,15900,1399-10-24
511,شاملا,معدني‌ املاح‌  ايران‌,284,403038,23425191260,60970,59900,57930,-3040,-4.99,59490,-1480,-2.43,57930,60100,1399-10-24
512,شپترو,پتروشيمي آبادان,282,6200004,37255824036,6194,6009,6009,-185,-2.99,6009,-185,-2.99,6009,6009,1399-10-24
513,شتوكا,توكا رنگ فولاد سپاهان,280,206277,15108758865,77099,73245,73245,-3854,-5.0,76009,-1090,-1.41,73245,73245,1399-10-24
514,وآذر,سرمايه‌گذاري‌توسعه‌آذربايجان‌,275,420605,55616599150,139180,132230,132230,-6950,-4.99,132230,-6950,-4.99,132230,132230,1399-10-24
515,هجرتح,ح . پخش هجرت,274,297344,8312809654,28885,28810,27710,-1175,-4.07,27957,-928,-3.21,27442,29400,1399-10-24
516,رتكو,كنترل‌خوردگي‌تكين‌كو,272,1414541,27438017890,20360,19350,19350,-1010,-4.96,19810,-550,-2.7,19350,20900,1399-10-24
517,تابا,تابان نيرو سپاهان,268,734628,34444503036,45522,46887,46887,1365,3.0,46887,1365,3.0,46887,46887,1399-10-24
518,دانا,بيمه دانا,268,3326020,28304430200,8950,8510,8510,-440,-4.92,8640,-310,-3.46,8510,8510,1399-10-24
519,كيان2,صندوق س. با درآمد ثابت كيان,258,25800000,25800000,26704,1,1,-26703,-100.0,1,-26703,-100.0,1,1,1399-10-24
520,مارون,پتروشيمي مارون,257,92503,13272890878,149198,143600,145400,-3798,-2.55,148411,-787,-0.53,143200,145720,1399-10-24
521,قاسم,قاسم ايران,255,1740259,29523493935,17857,16965,16965,-892,-5.0,17387,-470,-2.63,16965,16965,1399-10-24
522,خفناور,مهندسي صنعتي روان فن آور,254,896108,33142554380,35908,36985,36985,1077,3.0,36985,1077,3.0,36985,36985,1399-10-24
523,غنوش,نوش‌ مازندران‌,250,777832,59099675360,79970,75980,75980,-3990,-4.99,75980,-3990,-4.99,75980,75980,1399-10-24
524,آساس,صندوق س.آسمان آرماني سهام-س,242,100234,16274199783,163081,161002,161240,-1841,-1.13,162362,-719,-0.44,160543,164980,1399-10-24
525,سكه9912پ04,سكه تمام بهارتحويل1روزه صادرات,239,140800,151818655300,1112668,1082000,1078000,-34668,-3.12,1078257,-34411,-3.09,1070002,1095000,1399-10-24
526,بموتو,موتوژن‌,237,688911,38944138830,59500,56530,56530,-2970,-4.99,56910,-2590,-4.35,56530,56530,1399-10-24
527,دارا,صندوق س. دارا الگوريتم-د,236,8279459,83105804146,10055,10065,10035,-20,-0.2,10038,-17,-0.17,10022,10065,1399-10-24
528,آپ,آسان پرداخت پرشين,235,1100575,22715868000,21720,20640,20640,-1080,-4.97,21150,-570,-2.62,20640,20640,1399-10-24
529,گوهر,صندوق سكه طلاي كيان,228,461094,24816468849,55042,54500,54380,-662,-1.2,53821,-1221,-2.22,52050,54900,1399-10-24
530,هبركت912,اختيارف ت بركت-22100-99/12/17,225,2219067,2219067,1,1,1,0,0.0,1,0,0.0,1,1,1399-10-24
531,وملت,سرمايه گذاري ملت,222,2770936,12042487856,4179,4346,4346,167,4.0,4346,167,4.0,4346,4346,1399-10-24
532,شكبير,پتروشيمي اميركبير,220,1157787,92401372376,81993,79534,79534,-2459,-3.0,79851,-2142,-2.61,79534,81993,1399-10-24
533,خكار,ايركا پارت صنعت,220,449926,11954533820,27960,26570,26570,-1390,-4.97,27630,-330,-1.18,26570,26570,1399-10-24
534,وتوس,توسعه‌شهري‌توس‌گستر,219,1635794,41025713520,26390,25080,25080,-1310,-4.96,25260,-1130,-4.28,25080,25080,1399-10-24
535,چفيبر,فيبر ايران‌,216,1226046,18684941040,16040,15240,15240,-800,-4.99,15770,-270,-1.68,15240,15240,1399-10-24
536,غبهنوش,بهنوش‌ ايران‌,216,150201,13448997540,94250,89540,89540,-4710,-5.0,92670,-1580,-1.68,89540,89540,1399-10-24
537,كسرام,پارس‌ سرام‌,207,2316805,27940668300,12690,12060,12060,-630,-4.96,12320,-370,-2.92,12060,12060,1399-10-24
538,بساما,بيمه سامان,207,913339,24335004316,28046,26644,26644,-1402,-5.0,27308,-738,-2.63,26644,26644,1399-10-24
539,صايند,صندوق س. گنجينه آينده روشن-د,207,3230820,32185198560,9956,9960,9960,4,0.04,9962,6,0.06,9900,9990,1399-10-24
540,زمگسا,كشاورزي‌ ودامپروي‌ مگسال‌,206,654174,24956738100,40150,38150,38150,-2000,-4.98,39000,-1150,-2.86,38150,38150,1399-10-24
541,ضشنا2001,اختيارخ شپنا-10000-1400/02/27,205,5538,10513429000,1941,1800,1850,-91,-4.69,1898,-43,-2.22,1800,2350,1399-10-24
542,ورازي,بيمه رازي,205,1155990,10992669463,10007,9507,9507,-500,-5.0,9660,-347,-3.47,9507,9700,1399-10-24
543,ثاباد,توريستي ورفاهي آبادگران ايران,205,743774,37768843720,53450,50780,50780,-2670,-5.0,51520,-1930,-3.61,50780,50780,1399-10-24
544,لكما,كارخانجات‌مخابراتي‌ايران‌,204,1330716,11456134044,8875,8609,8609,-266,-3.0,8722,-153,-1.72,8609,8609,1399-10-24
545,داوه,داروسازي آوه سينا,203,542842,12973380958,22761,23899,23899,1138,5.0,23030,269,1.18,23899,23899,1399-10-24
546,ساروج,بين المللي ساروج بوشهر,199,534751,12804029594,24262,23535,24600,338,1.39,24067,-195,-0.8,23535,24890,1399-10-24
547,چافست,افست‌,198,606519,11341905300,19680,18700,18700,-980,-4.98,19420,-260,-1.32,18700,18700,1399-10-24
548,ثعمرا,عمران و توسعه شاهد,197,1056390,13815468420,13766,13078,13078,-688,-5.0,13561,-205,-1.49,13078,13078,1399-10-24
549,فخاس,فولاد خراسان,195,768922,20707069460,28340,26930,26930,-1410,-4.98,28030,-310,-1.09,26930,26930,1399-10-24
550,بسويچ,پارس‌سويچ‌,194,296598,18160695540,58320,61230,61230,2910,4.99,59230,910,1.56,61230,61230,1399-10-24
551,ولبهمن,شركت بهمن ليزينگ,191,2178145,18710265550,9042,8590,8590,-452,-5.0,8874,-168,-1.86,8590,8590,1399-10-24
552,تصميم,صندوق س با درآمد ثابت تصميم,190,3279449,50468568394,15386,15393,15389,3,0.02,15389,3,0.02,15330,15400,1399-10-24
553,تسه9907,امتياز تسهيلات مسكن مهر99,183,3128,1714189008,555750,550200,528101,-27649,-4.98,548014,-7736,-1.39,528001,580000,1399-10-24
554,آكورد,صندوق س. آرمان آتي كوثر-د,178,1731727,52388821705,30236,30251,30252,16,0.05,30252,16,0.05,30251,30257,1399-10-24
555,نتوس,پشم‌ بافي‌ توس,173,901978,16277996966,17522,18047,18047,525,3.0,17906,384,2.19,18047,18047,1399-10-24
556,سنوين,سرمايه گذاري اقتصاد نوين,171,1393501,12645438127,9257,9163,9079,-178,-1.92,9075,-182,-1.97,9072,9163,1399-10-24
557,چكاوه,صنايع‌كاغذسازي‌كاوه‌,168,783266,9916147560,12060,12660,12660,600,4.98,12170,110,0.91,12660,12660,1399-10-24
558,ضشنا2000,اختيارخ شپنا-9000-1400/02/27,165,5100,12452260000,2550,2350,2350,-200,-7.84,2442,-108,-4.24,2349,3000,1399-10-24
559,شستان,پتروشيمي گلستان,165,3207353,12916010531,3949,4027,4027,78,1.98,4027,78,1.98,4027,4027,1399-10-24
560,قچار,فراوردههاي غذايي وقند چهارمحال,161,472864,31953311936,71130,67574,67574,-3556,-5.0,68752,-2378,-3.34,67574,67574,1399-10-24
561,تپولا,مهندسي مرآت پولاد,160,521335,20880509420,38886,40052,40052,1166,3.0,40052,1166,3.0,40052,40052,1399-10-24
562,سپاس,صندوق س. پاداش سهامداري توسعه1,157,3957992,39759919266,10040,10046,10047,7,0.07,10045,5,0.05,10040,10049,1399-10-24
563,سفارود,كارخانه فارسيت درود,156,885619,14180531428,15397,16012,16012,615,3.99,16012,615,3.99,16012,16012,1399-10-24
564,گدنا,تهيه توزيع غذاي دنا آفرين فدك,155,75975,2750446950,38107,36202,36202,-1905,-5.0,37983,-124,-0.33,36202,36202,1399-10-24
565,شصفها,پتروشيمي‌ اصفهان‌,155,269218,36891755194,139829,137033,137033,-2796,-2.0,137033,-2796,-2.0,137033,137034,1399-10-24
566,سپر,صندوق س سپر سرمايه بيدار- ثابت,152,1481559,16638126636,11207,11210,11240,33,0.29,11230,23,0.21,11210,11388,1399-10-24
567,غگرجي,بيسكويت‌  گرجي‌,151,576452,14872461600,27150,25800,25800,-1350,-4.97,26740,-410,-1.51,25800,25800,1399-10-24
568,بمپنا,توليد برق عسلويه  مپنا,150,332234,30950254972,98061,93158,93158,-4903,-5.0,94829,-3232,-3.3,93158,93158,1399-10-24
569,كقزوي,شيشه‌ قزوين‌,149,821526,9477945462,11893,11537,11537,-356,-2.99,11735,-158,-1.33,11537,11537,1399-10-24
570,لابسا,آبسال‌,148,271499,15749656990,61060,58010,58010,-3050,-5.0,60070,-990,-1.62,58010,58010,1399-10-24
571,ضسپا1102,اختيارخ خساپا-2000-1399/11/26,148,5315,1717462000,309,300,320,11,3.56,323,14,4.53,286,380,1399-10-24
572,ضپاس1003,اختيارخ وپارس-3500-1399/10/30,146,6891,9167000,6,2,1,-5,-83.33,1,-5,-83.33,1,8,1399-10-24
573,وسين,بيمه سينا,146,1604256,32568001056,21369,20301,20301,-1068,-5.0,20301,-1068,-5.0,20301,20301,1399-10-24
574,وگردش,بانك گردشگري,142,1449891,34875678114,24797,24054,24054,-743,-3.0,24521,-276,-1.11,24054,24054,1399-10-24
575,دقاضيح,ح . داروسازي شهيد قاضي,141,74416,3239380024,42512,41502,42050,-462,-1.09,43531,1019,2.4,41502,43787,1399-10-24
576,خديزل,بهمن  ديزل,140,314501,14362317167,48070,45667,45667,-2403,-5.0,47249,-821,-1.71,45667,45667,1399-10-24
577,كپشير,پشم‌شيشه‌ايران‌,140,433313,13588695680,29870,31360,31360,1490,4.99,30210,340,1.14,31360,31360,1399-10-24
578,غاذر,كشت‌وصنعت‌پياذر,136,378533,21148638710,58810,55870,55870,-2940,-5.0,57560,-1250,-2.13,55870,55870,1399-10-24
579,وتوصا,گروه س توسعه صنعتي ايران,135,1196824,25875334880,22750,21620,21620,-1130,-4.97,22040,-710,-3.12,21620,21620,1399-10-24
580,وحافظ,بيمه حافظ,134,88177,6833629323,79895,77499,77499,-2396,-3.0,79046,-849,-1.06,77499,77499,1399-10-24
581,واحصا,احياء صنايع خراسان,132,213803,10972156157,49825,51319,51319,1494,3.0,50541,716,1.44,51319,51319,1399-10-24
582,تسه9801,امتياز تسهيلات مسكن فروردين98,131,1566,850830351,566928,541000,555896,-11032,-1.95,543314,-23614,-4.17,538582,564399,1399-10-24
583,ثنظام,س. ساختماني نظام مهندسي ايران,129,290428,14722376176,52259,50692,50692,-1567,-3.0,51114,-1145,-2.19,50692,50692,1399-10-24
584,ثنام,س ساختماني ب نام آوران مهندسي,126,220451,4166964802,19486,18902,18902,-584,-3.0,19356,-130,-0.67,18902,18902,1399-10-24
585,سمايه,بانك سرمايه,123,488296,3620714840,7805,7415,7415,-390,-5.0,7730,-75,-0.96,7415,7415,1399-10-24
586,كساوه,صنايع‌ كاشي‌ و سراميك‌ سينا,123,404856,33922884240,88200,83790,83790,-4410,-5.0,84610,-3590,-4.07,83790,83790,1399-10-24
587,پارسيان,بيمه پارسيان,121,1477687,17185499810,12240,11630,11630,-610,-4.98,12010,-230,-1.88,11630,11630,1399-10-24
588,ارمغان,ص سرمايه گذاري ارمغان ايرانيان,119,2344894,23572439246,10051,10054,10032,-19,-0.19,10053,2,0.02,10032,10057,1399-10-24
589,تسه9712,امتياز تسهيلات مسكن اسفند97,117,1596,868135647,570485,541961,541961,-28524,-5.0,543945,-26540,-4.65,541961,557115,1399-10-24
590,تسه9810,امتياز تسهيلات مسكن دي98,116,2444,1366380353,569059,550000,540607,-28452,-5.0,559075,-9984,-1.75,540607,590000,1399-10-24
591,پكوير,كوير تاير,115,1082711,19597069100,19050,18100,18100,-950,-4.99,18650,-400,-2.1,18100,18100,1399-10-24
592,سدشت,صنايع سيمان دشتستان,110,403607,16846556180,39760,41740,41740,1980,4.98,40370,610,1.53,41740,41740,1399-10-24
593,ضصاد1103,اختيارخ وبصادر-4000-1399/11/12,109,5904,10136000,1,2,2,1,100.0,2,1,100.0,1,2,1399-10-24
594,سكارون,سيمان كارون,104,83867,19901219765,244634,237295,237295,-7339,-3.0,237435,-7199,-2.94,237295,237295,1399-10-24
595,ضخود2005,اختيارخ خودرو-2000-1400/02/08,98,2714,2240258000,812,830,773,-39,-4.8,825,13,1.6,759,915,1399-10-24
596,تسه9802,امتياز تسهيلات مسكن ارديبهشت98,97,923,510813398,576342,550000,547525,-28817,-5.0,553427,-22915,-3.98,547525,569888,1399-10-24
597,معيار,سرمايه گذاري معيار صنعت پارس,93,264540,10660432920,39508,40298,40298,790,2.0,40288,780,1.97,40298,40298,1399-10-24
598,وجامي,سرمايه گذاري جامي,91,327155,4434586025,13161,13555,13555,394,2.99,13243,82,0.62,13555,13555,1399-10-24
599,قجام,فرآوردههاي غذايي وقندتربت‌جام‌,88,279568,4735881920,17463,16940,16940,-523,-2.99,17347,-116,-0.66,16940,16940,1399-10-24
600,پرداخت,به پرداخت ملت,86,547269,18908143950,36360,34550,34550,-1810,-4.98,35640,-720,-1.98,34550,34550,1399-10-24
601,زعف0008پ05,زعفران0008نگين زرين(پ),84,52472,6538511387,123729,121000,125000,1271,1.03,124610,881,0.71,121000,126000,1399-10-24
602,سصوفي,سيمان‌ صوفيان‌,83,245136,3684394080,15820,15030,15030,-790,-4.99,15760,-60,-0.38,15030,15030,1399-10-24
603,ضپاس1002,اختيارخ وپارس-3000-1399/10/30,82,3441,225595000,38,49,55,17,44.74,66,28,73.68,17,100,1399-10-24
604,اخزا902,اسنادخزانه-م2بودجه99-011019,82,357149,246554866796,689408,689000,691400,1992,0.29,690342,934,0.14,689000,691400,1399-10-24
605,آرمان,بيمه آرمان,80,1601604,15011834292,9100,9373,9373,273,3.0,9304,204,2.24,9373,9373,1399-10-24
606,تسه9711,امتياز تسهيلات مسكن بهمن 97,80,1014,538194504,558059,585961,530157,-27902,-5.0,530764,-27295,-4.89,530157,585961,1399-10-24
607,ضصاد1102,اختيارخ وبصادر-3500-1399/11/12,79,3562,18478000,17,3,6,-11,-64.71,5,-12,-70.59,2,10,1399-10-24
608,وكادو,تكادو,79,266870,6867632580,26529,25734,25734,-795,-3.0,26237,-292,-1.1,25734,25734,1399-10-24
609,تسه9905,امتياز تسهيلات مسكن مرداد99,79,1986,1111122709,566255,565000,550000,-16255,-2.87,559478,-6777,-1.2,537943,589770,1399-10-24
610,ضصاد1100,اختيارخ وبصادر-2500-1399/11/12,78,2444,404775000,201,160,155,-46,-22.89,166,-35,-17.41,135,220,1399-10-24
611,خاتم,صندوق س خاتم ايساتيس پويا-ثابت,77,626417,6506239386,10381,10381,10394,13,0.13,10386,5,0.05,10381,10400,1399-10-24
612,قهكمت,قندهكمتان‌,76,136946,6053850370,46400,46500,44180,-2220,-4.78,46100,-300,-0.65,44180,46500,1399-10-24
613,تسه9906,امتياز تسهيلات مسكن شهريور99,74,1166,662586985,577361,548493,590000,12639,2.19,568256,-9105,-1.58,548493,590000,1399-10-24
614,ضپاس1001,اختيارخ وپارس-2500-1399/10/30,73,2707,762403000,275,300,300,25,9.09,282,7,2.55,221,390,1399-10-24
615,افران,صندوق س افرا نماد پايدار-ثابت,72,1986194,24719735858,12430,12440,12450,20,0.16,12446,16,0.13,12435,12463,1399-10-24
616,تسه9901,امتياز تسهيلات مسكن فروردين99,67,608,349844982,569557,541080,550000,-19557,-3.43,575403,5846,1.03,541080,598034,1399-10-24
617,قلرست,قند لرستان‌,66,68580,2259025200,34670,32940,32940,-1730,-4.99,34600,-70,-0.2,32940,32940,1399-10-24
618,اخزا821,اسنادخزانه-م21بودجه98-020906,66,25871,15191833294,585525,584500,587615,2090,0.36,587215,1690,0.29,584002,589900,1399-10-24
619,ولراز,ليزينگ رازي,65,79338,4121291748,54679,51946,51946,-2733,-5.0,54064,-615,-1.12,51946,51946,1399-10-24
620,سكه0011پ02,سكه تمام بهارتحويلي 1روزه ملت,65,12500,13512978900,1113759,1081111,1080000,-33759,-3.03,1081038,-32721,-2.94,1072101,1091000,1399-10-24
621,كتوكا,توليدي و خدمات صنايع نسوز توكا,65,133978,4077486452,28985,30434,30434,1449,5.0,29090,105,0.36,30434,30434,1399-10-24
622,جهرم,پتروشيمي جهرم,64,490881,1107918417,2326,2257,2257,-69,-2.97,2322,-4,-0.17,2257,2257,1399-10-24
623,تسه9803,امتياز تسهيلات مسكن خرداد98,64,376,204903217,565349,560000,540000,-25349,-4.48,544955,-20394,-3.61,540000,570000,1399-10-24
624,فيروزا,صندوق بادرآمد ثابت فيروزه آسيا,63,551667,12032332980,21790,21785,21802,12,0.06,21811,21,0.1,21780,21850,1399-10-24
625,اخزا820,اسنادخزانه-م20بودجه98-020806,61,133620,79532102405,596931,597100,590055,-6876,-1.15,595211,-1720,-0.29,584010,599980,1399-10-24
626,ضخود2013,اختيارخ خودرو-7000-1400/02/08,61,2506,141462000,60,58,55,-5,-8.33,56,-4,-6.67,50,64,1399-10-24
627,وبهمن,سرمايه‌گذاري‌بهمن‌,60,141458,3236559040,24080,22880,22880,-1200,-4.98,24000,-80,-0.33,22880,22880,1399-10-24
628,ضصاد1101,اختيارخ وبصادر-3000-1399/11/12,60,2213,86362000,56,24,49,-7,-12.5,39,-17,-30.36,20,55,1399-10-24
629,كصدف,كاشي صدف سرام استقلال آباده,59,106154,2775608638,25386,26147,26147,761,3.0,25489,103,0.41,26147,26147,1399-10-24
630,بذر,صندوق س بذر اميد آفرين-سهام,55,44377,4403257250,101690,99560,98000,-3690,-3.63,99220,-2470,-2.43,98000,100580,1399-10-24
631,اخزا903,اسنادخزانه-م3بودجه99-011110,55,147853,100949998489,682068,682068,685000,2932,0.43,682773,705,0.1,682068,685000,1399-10-24
632,سخزر,سيمان‌ خزر,55,323193,11738369760,38230,36320,36320,-1910,-5.0,37740,-490,-1.28,36320,36320,1399-10-24
633,سلار,شركت سيمان لارستان,53,100008,6679734336,68857,66792,66792,-2065,-3.0,68220,-637,-0.93,66792,66792,1399-10-24
634,كساپا,سايپاشيشه‌,52,119592,4887725040,43020,40870,40870,-2150,-5.0,42800,-220,-0.51,40870,40870,1399-10-24
635,زعف0008پ11,زعفران0008نگين سحرخيز(پ),51,13336,1663279685,123818,121010,126000,2182,1.76,124721,903,0.73,121000,126000,1399-10-24
636,داراب,پتروشيمي داراب,50,584176,1420131856,2558,2431,2431,-127,-4.96,2548,-10,-0.39,2431,2431,1399-10-24
637,اخزا815,اسنادخزانه-م15بودجه98-010406,50,120445,92849175736,769970,768003,773000,3030,0.39,770884,914,0.12,768003,773000,1399-10-24
638,تسه9807,امتياز تسهيلات مسكن مهر98,50,464,265620580,556396,557000,584215,27819,5.0,572458,16062,2.89,557000,584215,1399-10-24
639,تسه9809,امتياز تسهيلات مسكن آذر98,50,278,149034101,559518,531543,533500,-26018,-4.65,536094,-23424,-4.19,531543,560000,1399-10-24
640,گپارس,امور رفاهي كارگزاران پارس,49,84261,15467117682,174821,183562,183562,8741,5.0,180887,6066,3.47,183562,183562,1399-10-24
641,الماس,صندوق س.امين تدبيرگران فردا-س,48,31887,3759964085,122419,120000,118500,-3919,-3.2,117915,-4504,-3.68,112150,123580,1399-10-24
642,سكه0112پ03,سكه تمام بهارتحويلي1روزه سامان,47,12300,13281888500,1113800,1083121,1076001,-37799,-3.39,1079828,-33972,-3.05,1062250,1088800,1399-10-24
643,ضخود2009,اختيارخ خودرو-4000-1400/02/08,46,627,119935000,184,179,191,7,3.8,191,7,3.8,153,218,1399-10-24
644,زعف0008پ16,زعفران0008نگين بيرجند(پ),44,15665,1941730215,122903,120000,125000,2097,1.71,123953,1050,0.85,119200,126100,1399-10-24
645,شرنگي,شيميايي رنگين,44,47381,6845938547,140279,144487,144487,4208,3.0,141602,1323,0.94,144487,144487,1399-10-24
646,تسه9812,امتياز تسهيلات مسكن اسفند98,44,273,150372594,562395,535000,534276,-28119,-5.0,550815,-11580,-2.06,534276,563000,1399-10-24
647,اوصتا,صندوق انديشه ورزان صباتامين -د,44,2029592,35700841548,17600,17590,17601,1,0.01,17590,-10,-0.06,17581,17605,1399-10-24
648,فنرژي,گسترش صنايع انرژي آذرآب,43,340916,5129422136,14751,15046,15046,295,2.0,14891,140,0.95,15046,15046,1399-10-24
649,دمعيار,صندوق س. توازن معيار-د,43,689830,6981710843,10112,10120,10122,10,0.1,10121,9,0.09,10119,10122,1399-10-24
650,تسه9904,امتياز تسهيلات مسكن تير99,43,476,261392638,573012,544370,544362,-28650,-5.0,549144,-23868,-4.17,544362,560000,1399-10-24
651,تسه9811,امتياز تسهيلات مسكن بهمن98,43,362,206418502,575425,546654,546654,-28771,-5.0,570217,-5208,-0.91,546654,600000,1399-10-24
652,فسا,پتروشيمي فسا,41,323113,679506639,2168,2103,2103,-65,-3.0,2166,-2,-0.09,2103,2103,1399-10-24
653,ضسپا1104,اختيارخ خساپا-3000-1399/11/26,41,1020,35292000,42,40,40,-2,-4.76,35,-7,-16.67,10,50,1399-10-24
654,زعف0008پ08,زعفران0008نگين روستا(پ),40,27746,3434442560,122952,119101,125000,2048,1.67,123782,830,0.68,119101,125500,1399-10-24
655,ضسپا1105,اختيارخ خساپا-3500-1399/11/26,38,1118,12090000,15,10,17,2,13.33,11,-4,-26.67,7,18,1399-10-24
656,صنوين,صندوق سرمايه‌گذاري صنوين-مختلط,38,7888,786980590,100350,99700,99800,-550,-0.55,99770,-580,-0.58,99700,100000,1399-10-24
657,ضفلا1155,اختيارخ فولاد-14000-1399/11/28,38,930,201835000,333,101,235,-98,-29.43,217,-116,-34.83,101,299,1399-10-24
658,تسه9903,امتياز تسهيلات مسكن خرداد99,38,322,179784728,583841,559999,554649,-29192,-5.0,558338,-25503,-4.37,554649,560000,1399-10-24
659,ضملت1128,اختيارخ وبملت-6000-1399/11/28,35,919,43587000,58,53,20,-38,-65.52,47,-11,-18.97,20,60,1399-10-24
660,تسه9806,امتياز تسهيلات مسكن شهريور98,35,677,362587658,558724,530788,545000,-13724,-2.46,535580,-23144,-4.14,530788,545000,1399-10-24
661,كارين,صندوق س نگين سامان-ثابت,34,159760,1617752263,10000,10100,10130,130,1.3,10126,126,1.26,10100,10201,1399-10-24
662,ضپاس1004,اختيارخ وپارس-4000-1399/10/30,34,1549,1579000,3,1,1,-2,-66.67,1,-2,-66.67,1,2,1399-10-24
663,ضسپا1103,اختيارخ خساپا-2500-1399/11/26,34,1386,173776000,106,110,123,17,16.04,125,19,17.92,110,145,1399-10-24
664,گنجين,صندوق س. گنجينه يكم آويد-د,32,580535,6978952935,12005,12007,12015,10,0.08,12022,17,0.14,12007,12027,1399-10-24
665,ضترا1126,اختيارخ شتران-7000-1399/11/14,31,1445,2349170000,1710,1550,1510,-200,-11.7,1626,-84,-4.91,1400,1920,1399-10-24
666,فافزا,فولاد افزا سپاهان,31,107293,5159183905,49572,48085,48085,-1487,-3.0,49172,-400,-0.81,48085,48085,1399-10-24
667,فاهواز,نورد و لوله اهواز,31,191934,3110482404,16536,16206,16206,-330,-2.0,16508,-28,-0.17,16206,16206,1399-10-24
668,تسه9902,امتياز تسهيلات مسكن ارديبهشت99,31,293,163936347,588368,558950,558950,-29418,-5.0,559510,-28858,-4.9,558950,560000,1399-10-24
669,ضفلا1157,اختيارخ فولاد-18000-1399/11/28,30,1374,27509000,25,45,20,-5,-20.0,20,-5,-20.0,11,45,1399-10-24
670,ضپاس2002,اختيارخ وپارس-3000-1400/02/29,30,688,392333000,585,620,555,-30,-5.13,570,-15,-2.56,555,620,1399-10-24
671,ضفلا1156,اختيارخ فولاد-16000-1399/11/28,29,670,47080000,87,10,40,-47,-54.02,70,-17,-19.54,10,100,1399-10-24
672,كشم0001پ01,كشمش سبز0001خليل آباد(پ),29,925,434890003,452272,429659,474000,21728,4.8,470151,17879,3.95,429659,474885,1399-10-24
673,ضسپا1100,اختيارخ خساپا-1600-1399/11/26,28,654,399586000,576,300,600,24,4.17,611,35,6.08,300,670,1399-10-24
674,تسه9808,امتياز تسهيلات مسكن آبان98,28,201,112739808,584561,559999,559999,-24562,-4.2,560895,-23666,-4.05,559999,580000,1399-10-24
675,ضفلا1158,اختيارخ فولاد-20000-1399/11/28,27,1936,78171000,50,41,41,-9,-18.0,40,-10,-20.0,40,150,1399-10-24
676,ضصاد1104,اختيارخ وبصادر-4500-1399/11/12,26,1423,2323000,2,1,2,0,0.0,2,0,0.0,1,3,1399-10-24
677,دحاوي,الحاوي,26,90873,1106378775,12551,12175,12175,-376,-3.0,12532,-19,-0.15,12175,12175,1399-10-24
678,تسه9805,امتياز تسهيلات مسكن مرداد98,26,145,77129655,553862,526169,529101,-24761,-4.47,531929,-21933,-3.96,526169,544999,1399-10-24
679,ضسپا1101,اختيارخ خساپا-1800-1399/11/26,26,1643,731900000,397,300,420,23,5.79,445,48,12.09,300,490,1399-10-24
680,ضپاس1000,اختيارخ وپارس-2000-1399/10/30,25,531,401686000,664,699,701,37,5.57,756,92,13.86,611,799,1399-10-24
681,اخزا817,اسنادخزانه-م17بودجه98-010512,25,70980,53895974801,756422,757000,756101,-321,-0.04,759312,2890,0.38,756000,761790,1399-10-24
682,گوهر2,صندوق سكه طلاي كيان,25,250000,250000,55042,1,1,-55041,-100.0,1,-55041,-100.0,1,1,1399-10-24
683,آسام,صندوق س.آرمان سپهر آشنا-م,24,21660,2308902580,108656,105113,106600,-2056,-1.89,106598,-2058,-1.89,105000,107999,1399-10-24
684,اخزا814,اسنادخزانه-م14بودجه98-010318,24,22943,17839419436,777840,778000,779000,1160,0.15,777554,-286,-0.04,777002,789990,1399-10-24
685,اخزا818,اسنادخزانه-م18بودجه98-010614,24,55658,41669165623,747254,741009,752000,4746,0.64,748664,1410,0.19,741009,752000,1399-10-24
686,هترول911,اختيارف ت پترول-14730-99/11/15,24,152603,622925446,3535,4082,4082,547,15.47,4082,547,15.47,4082,4082,1399-10-24
687,ضخود2008,اختيارخ خودرو-3500-1400/02/08,23,663,190741000,238,270,242,4,1.68,288,50,21.01,241,300,1399-10-24
688,سايرا,ايرانيت‌,23,280089,11821996512,41381,42208,42208,827,2.0,42208,827,2.0,42208,42208,1399-10-24
689,اخزا812,اسنادخزانه-م12بودجه98-001111,23,63074,52468897018,830609,832000,833899,3290,0.4,831862,1253,0.15,831007,833899,1399-10-24
690,هفارس912,اختيارف ت فارس-14576-99/12/13,22,158297,575409595,3197,3635,3635,438,13.7,3635,438,13.7,3635,3635,1399-10-24
691,ضسپا1106,اختيارخ خساپا-4000-1399/11/26,21,841,1579000,6,2,8,2,33.33,2,-4,-66.67,1,9,1399-10-24
692,اخزا905,اسنادخزانه-م5بودجه99-020218,20,23604,15205747355,640411,644000,644000,3589,0.56,644202,3791,0.59,643000,644900,1399-10-24
693,زعف0008پ18,زعفران0008نگين بهرامن(پ),20,4916,611345694,123636,123299,125000,1364,1.1,124358,722,0.58,123299,125500,1399-10-24
694,اخزا813,اسنادخزانه-م13بودجه98-010219,20,56849,44858708836,788926,789000,789400,474,0.06,789085,159,0.02,788000,789400,1399-10-24
695,وساشرقي,شركت س استان آذربايجان شرقي,20,205334,195067300,990,950,950,-40,-4.04,990,0,0.0,950,950,1399-10-24
696,اخزا806,اسنادخزانه-م6بودجه98-000519,19,11134,10078112690,902861,912000,903800,939,0.1,905165,2304,0.26,901060,912000,1399-10-24
697,اخزا808,اسنادخزانه-م8بودجه98-000817,19,14637,12638469428,865142,862002,866750,1608,0.19,863460,-1682,-0.19,862002,866750,1399-10-24
698,اخزا809,اسنادخزانه-م9بودجه98-000923,19,8909,7579265403,850035,850000,851031,996,0.12,850743,708,0.08,850000,854900,1399-10-24
699,ضجار2002,اختيارخ وتجارت-2500-1400/02/22,18,472,262602000,627,590,550,-77,-12.28,556,-71,-11.32,550,750,1399-10-24
700,وسرمد,بيمه  سرمد,18,91161,695923074,7870,7634,7634,-236,-3.0,7860,-10,-0.13,7634,7634,1399-10-24
701,پلوله,گازلوله‌,18,21761,413045541,19172,18981,18981,-191,-1.0,19156,-16,-0.08,18981,18981,1399-10-24
702,سخند,صندوق س.سپهرخبرگان نفت-د,18,73600,739404900,10051,10060,10045,-6,-0.06,10046,-5,-0.05,10044,10060,1399-10-24
703,اخزا811,اسنادخزانه-م11بودجه98-001013,17,27648,23300711953,843440,840000,846000,2560,0.3,842763,-677,-0.08,840000,846000,1399-10-24
704,اخزا816,اسنادخزانه-م16بودجه98-010503,17,70024,53388542976,760864,764999,765000,4136,0.54,762432,1568,0.21,760000,765000,1399-10-24
705,عيار2,صندوق س. پشتوانه طلاي مفيد,17,170000,170000,27995,1,1,-27994,-100.0,1,-27994,-100.0,1,1,1399-10-24
706,اخزا901,اسنادخزانه-م1بودجه99-010621,16,21031,15470879887,735858,735300,735309,-549,-0.07,735623,-235,-0.03,735252,736255,1399-10-24
707,ضملي3000,اختيارخ فملي-8000-1400/03/02,16,180,761150000,4400,4100,4000,-400,-9.09,4229,-171,-3.89,4000,4700,1399-10-24
708,ضملي3002,اختيارخ فملي-10000-1400/03/02,15,226,568616000,2839,2351,2599,-240,-8.45,2516,-323,-11.38,2350,3199,1399-10-24
709,اخزا904,اسنادخزانه-م4بودجه99-011215,15,80878,54430729399,670795,671502,671705,910,0.14,672998,2203,0.33,671502,675000,1399-10-24
710,ضچاد2003,اختيارخ كچاد-18000-1400/02/05,15,110,402608000,3700,3750,3500,-200,-5.41,3660,-40,-1.08,3500,4000,1399-10-24
711,وسگيلا,شركت س استان گيلان,15,153062,120918980,830,790,790,-40,-4.82,830,0,0.0,790,790,1399-10-24
712,اخزا721,اسنادخزانه-م21بودجه97-000728,15,107557,93982531053,873002,870002,874000,998,0.11,873793,791,0.09,870002,875000,1399-10-24
713,اخزا720,اسنادخزانه-م20بودجه97-000324,14,1908,1770246000,928481,929000,925400,-3081,-0.33,927802,-679,-0.07,925400,929000,1399-10-24
714,اراد50,مرابحه عام دولت5-ش.خ0302,13,240000,240000000100,1000000,1000001,1000000,0,0.0,1000000,0,0.0,1000000,1000001,1399-10-24
715,ضملي1152,اختيارخ فملي-18252-1399/11/05,13,559,1106292,1,1,1,0,0.0,1,0,0.0,1,2,1399-10-24
716,ضفار1125,اختيارخ فارس-17826-1399/11/07,12,801,6220000,1,10,2,1,100.0,4,3,300.0,2,10,1399-10-24
717,اخزا909,اسنادخزانه-م9بودجه99-020316,12,115476,73389676650,633639,636000,635000,1361,0.21,635540,1901,0.3,633000,636000,1399-10-24
718,اخزا907,اسنادخزانه-م7بودجه99-020704,12,14062,8458547000,599301,604989,600000,699,0.12,601518,2217,0.37,600000,604989,1399-10-24
719,ثروتم,صندوق س. ثروت آفرين پارسيان-س,11,17550,1458446600,85295,83110,83600,-1695,-1.99,83102,-2193,-2.57,83100,83600,1399-10-24
720,وسيستا,شركت س استان سيستان وبلوچستان,11,106050,80598000,790,760,760,-30,-3.8,790,0,0.0,760,760,1399-10-24
721,ضپيك2009,اختيارخ تاپيكو-10000-00/02/19,11,120,353370000,3200,2891,3000,-200,-6.25,2945,-255,-7.97,2888,3000,1399-10-24
722,اشاد10,مشاركت دولتي10-شرايط خاص001226,10,74600,72489930000,959000,959700,971900,12900,1.35,971715,12715,1.33,959700,972000,1399-10-24
723,ضپاس2000,اختيارخ وپارس-2000-1400/02/29,10,66,86296000,1200,1300,1249,49,4.08,1308,108,9.0,1249,1330,1399-10-24
724,زعف0008پ15,زعفران0008پوشالمعمول طلاسرخ(پ),10,3487,297806132,84000,82000,86000,2000,2.38,85405,1405,1.67,82000,87780,1399-10-24
725,اطلس2,صندوق س.توسعه اندوخته آينده-س,10,100000,100000,205304,1,1,-205303,-100.0,1,-205303,-100.0,1,1,1399-10-24
726,آكورد2,صندوق س. آرمان آتي كوثر-د,10,1000000,1000000,30236,1,1,-30235,-100.0,1,-30235,-100.0,1,1,1399-10-24
727,شستا991,اجاره تامين اجتماعي-امين991226,9,178,177604050,992819,970000,992000,-819,-0.08,997776,4957,0.5,970000,1009000,1399-10-24
728,اخزا722,اسنادخزانه-م22بودجه97-000428,9,40098,36725685000,914525,915000,915000,475,0.05,915898,1373,0.15,915000,921000,1399-10-24
729,زعف0008پ09,زعفران0008نگين نوين(پ),9,3291,411141640,123070,121501,125000,1930,1.57,124929,1859,1.51,121501,125000,1399-10-24
730,ضغدر1119,اختيارخ وغدير-10000-1399/11/26,9,133,137223000,1283,1100,955,-328,-25.57,1032,-251,-19.56,909,1190,1399-10-24
731,ضپار1115,اختيارخ خپارس-5000-1399/11/19,9,174,223480000,1807,1350,1250,-557,-30.82,1284,-523,-28.94,1250,1350,1399-10-24
732,ياقوت2,صندوق س ياقوت آگاه-ثابت,8,26171000,26171000,11770,1,1,-11769,-99.99,1,-11769,-99.99,1,1,1399-10-24
733,اخزا804,اسنادخزانه-م4بودجه98-000421,8,27458,25080470144,913823,912800,912986,-837,-0.09,913412,-411,-0.04,912800,916000,1399-10-24
734,عفولاد3,اوراق سلف موازي ورق گرم فولاد,8,80,65896740,806998,809998,825668,18670,2.31,823709,16711,2.07,809998,825668,1399-10-24
735,پست0008پ04,پسته فندقي32-30سبزدانه0008(پ),8,419,559049166,1412500,1340000,1330470,-82030,-5.81,1334246,-78254,-5.54,1330470,1340001,1399-10-24
736,ضپيك2008,اختيارخ تاپيكو-9000-00/02/19,8,138,505000000,4000,3667,3500,-500,-12.5,3659,-341,-8.53,3500,3800,1399-10-24
737,وسصفا,شركت س استان اصفهان,8,120158,122561160,1070,1020,1020,-50,-4.67,1070,0,0.0,1020,1020,1399-10-24
738,ضملي1148,اختيارخ فملي-10140-1399/11/05,8,15,34488308,1789,1314,750,-1039,-58.08,1166,-623,-34.82,750,1499,1399-10-24
739,اخزا810,اسنادخزانه-م10بودجه98-001006,7,6285,5301751950,841612,843003,843650,2038,0.24,843556,1944,0.23,843003,853500,1399-10-24
740,تسه9804,امتياز تسهيلات مسكن تير98,7,19,10698618,592316,570000,562701,-29615,-5.0,563085,-29231,-4.94,562701,570000,1399-10-24
741,سپرمي,پرميت‌,7,60000,510060000,8417,8501,8501,84,1.0,8425,8,0.1,8501,8501,1399-10-24
742,ضخود2011,اختيارخ خودرو-5000-1400/02/08,7,200,23487000,118,110,120,2,1.69,117,-1,-0.85,110,130,1399-10-24
743,ضپيك2010,اختيارخ تاپيكو-12000-00/02/19,6,141,322470000,2710,2600,2300,-410,-15.13,2287,-423,-15.61,2201,2600,1399-10-24
744,ضگل1149,اختيارخ كگل-10000-1399/11/21,6,6,43300000,7400,7100,7100,-300,-4.05,7217,-183,-2.47,7000,7400,1399-10-24
745,ضملت1125,اختيارخ وبملت-4000-1399/11/28,6,25,15500000,662,700,600,-62,-9.37,620,-42,-6.34,600,700,1399-10-24
746,پست0008پ08,پسته فندقي32-30مه ولات0008(پ),6,520,693274000,1370000,1340000,1330470,-39530,-2.89,1333219,-36781,-2.68,1330470,1340000,1399-10-24
747,ضپنا2003,اختيارخ رمپنا-16000-1400/02/12,6,112,401800000,3500,3700,3400,-100,-2.86,3587,87,2.49,3400,3800,1399-10-24
748,خعمرا,توسعه و عمران شهرستان نائين,6,43622,977220044,21750,22402,22402,652,3.0,21781,31,0.14,22402,22402,1399-10-24
749,ضگل1150,اختيارخ كگل-12000-1399/11/21,6,22,114520000,5350,5300,5200,-150,-2.8,5205,-145,-2.71,5100,5300,1399-10-24
750,ضجار2003,اختيارخ وتجارت-3000-1400/02/22,6,406,125230000,575,425,300,-275,-47.83,308,-267,-46.43,300,425,1399-10-24
751,تملي807,تسهيلات مسكن ب. ملي-مهر98,6,60,45369060,720144,756151,756151,36007,5.0,756151,36007,5.0,756151,756151,1399-10-24
752,وسفارس,شركت س استان فارس,6,91851,90013980,1030,980,980,-50,-4.85,1030,0,0.0,980,980,1399-10-24
753,داريك,صندوق س.اعتماد داريك-د,6,11543,117883661,10277,10211,10230,-47,-0.46,10213,-64,-0.62,10211,10230,1399-10-24
754,كرونا2,تامين مالي جمعي صرفا اهداي سود,5,1165,11650000,10000,10000,10000,0,0.0,10000,0,0.0,10000,10000,1399-10-24
755,وسرضوي,س.سهام عدالت استان خراسان رضوي,5,29481,28891380,1030,980,980,-50,-4.85,1030,0,0.0,980,980,1399-10-24
756,ضملت1123,اختيارخ وبملت-3000-1399/11/28,5,351,383061000,1280,1170,1060,-220,-17.19,1091,-189,-14.77,1060,1170,1399-10-24
757,ضملي3001,اختيارخ فملي-9000-1400/03/02,5,47,158500000,6000,3500,3200,-2800,-46.67,3372,-2628,-43.8,3200,3500,1399-10-24
758,شسم,توليد سموم‌ علف‌ كش,5,493,44061875,87623,89375,89375,1752,2.0,87631,8,0.01,89375,89375,1399-10-24
759,ضمخا2002,اختيارخ اخابر-12000-1400/02/29,5,61,137300000,1,2300,2200,2199,219900.0,2251,2250,225000.0,2200,2300,1399-10-24
760,نگين,ص.س. زمين و ساختمان نگين شهرري,5,1171,55784730,47540,47530,48490,950,2.0,47640,100,0.21,47530,48490,1399-10-24
761,ضبدر1159,اختيارخ شبندر-16000-1399/11/19,5,28,130670000,5000,4800,4550,-450,-9.0,4667,-333,-6.66,4500,4814,1399-10-24
762,ضغدر1121,اختيارخ وغدير-14000-1399/11/26,5,106,43754000,320,514,490,170,53.13,413,93,29.06,288,514,1399-10-24
763,وسزنجان,شركت س استان زنجان,5,30849,41646150,1420,1350,1350,-70,-4.93,1420,0,0.0,1350,1350,1399-10-24
764,وسكرد,شركت س استان كردستان,4,80726,60544500,780,750,750,-30,-3.85,780,0,0.0,750,750,1399-10-24
765,ضترا1117,اختيارخ شتران-10000-1399/11/14,4,10,3000000,393,300,300,-93,-23.66,300,-93,-23.66,300,300,1399-10-24
766,زعف0008پ12,زعفران0008پوشالمعمول سحرخيز(پ),4,1700,145348600,84911,85499,85500,589,0.69,85499,588,0.69,85499,85500,1399-10-24
767,ضفلا1159,اختيارخ فولاد-24000-1399/11/28,4,400,12000000,232,30,30,-202,-87.07,30,-202,-87.07,30,30,1399-10-24
768,زير0003پ04,زيره سبز0003شركت مينوبذر(پ),4,78,36654196,479348,470000,479000,-348,-0.07,469926,-9422,-1.97,468532,479000,1399-10-24
769,وسهمدا,شركت س استان همدان,4,24976,21229600,890,850,850,-40,-4.49,890,0,0.0,850,850,1399-10-24
770,وساربيل,شركت س استان اردبيل,4,22465,27407300,1280,1220,1220,-60,-4.69,1280,0,0.0,1220,1220,1399-10-24
771,ضپاس1005,اختيارخ وپارس-4500-1399/10/30,4,50,50000,2,1,1,-1,-50.0,1,-1,-50.0,1,1,1399-10-24
772,افران2,صندوق س افرا نماد پايدار-ثابت,4,400000,400000,12430,1,1,-12429,-99.99,1,-12429,-99.99,1,1,1399-10-24
773,وسلرستا,شركت س استان لرستان,4,31500,27090000,900,860,860,-40,-4.44,900,0,0.0,860,860,1399-10-24
774,تملي702,تسهيلات مسكن ب. ملي-ارديبهشت97,4,12,10671048,936056,889254,889254,-46802,-5.0,889254,-46802,-5.0,889254,889254,1399-10-24
775,ضگل1141,اختيارخ كگل-14000-1399/11/21,4,14,49300000,3600,3300,4000,400,11.11,3521,-79,-2.19,3300,4000,1399-10-24
776,اخزا718,اسنادخزانه-م18بودجه97-000525,4,25319,22792265411,899991,899991,900010,19,0.0,900204,213,0.02,899991,900501,1399-10-24
777,ضترا1118,اختيارخ شتران-12000-1399/11/14,3,25,1485000,51,60,37,-14,-27.45,59,8,15.69,37,70,1399-10-24
778,ضملت1129,اختيارخ وبملت-7000-1399/11/28,3,30,732000,19,19,25,6,31.58,24,5,26.32,19,25,1399-10-24
779,اجاد22,اجاره دولتي آپرورش-لوتوس991118,3,7844,7890435356,999677,990001,1009999,10322,1.03,1005920,6243,0.62,990001,1009999,1399-10-24
780,وسكرمان,س.سهام عدالت استان كرمان,3,23099,22637020,1030,980,980,-50,-4.85,1030,0,0.0,980,980,1399-10-24
781,پابهمن,بار پايه بهمن,3,35000,12950000,379,370,370,-9,-2.37,370,-9,-2.37,370,370,1399-10-24
782,وسخراج,شركت س استان خراسان جنوبي,3,11382,24016020,2220,2110,2110,-110,-4.95,2220,0,0.0,2110,2110,1399-10-24
783,ضپاس2003,اختيارخ وپارس-3500-1400/02/29,3,10,3380000,320,340,320,0,0.0,338,18,5.63,320,340,1399-10-24
784,ضمخا1023,اختيارخ اخابر-12000-1399/10/30,3,3,800000,514,300,200,-314,-61.09,267,-247,-48.05,200,300,1399-10-24
785,وسخوز,شركت س استان خوزستان,3,8664,8057520,970,930,930,-40,-4.12,970,0,0.0,930,930,1399-10-24
786,ضمخا1024,اختيارخ اخابر-14000-1399/10/30,3,116,180000,8,5,1,-7,-87.5,2,-6,-75.0,1,5,1399-10-24
787,اخزا716,اسنادخزانه-م16بودجه97-000407,3,1770,1635127770,922724,923801,923801,1077,0.12,923801,1077,0.12,923801,923801,1399-10-24
788,سميعا101,سلف موازي استاندارد سميعا101,3,332080,349996380160,1029343,1053952,1053952,24609,2.39,1053952,24609,2.39,1053952,1053952,1399-10-24
789,زير0003پ01,زيره سبز0003كيميابذر(پ),3,52,26882700,510000,515000,517850,7850,1.54,516975,6975,1.37,515000,517850,1399-10-24
790,اخزا805,اسنادخزانه-م5بودجه98-000422,3,479,438075600,915014,915100,912527,-2487,-0.27,914563,-451,-0.05,912527,915100,1399-10-24
791,اخزا7214,اسنادخزانه-م21بودجه97-000728,2,3164628,2763672984800,873002,873600,873002,0,0.0,873301,299,0.03,873002,873600,1399-10-24
792,اراد404,مرابحه عام دولت4-ش.خ 0207,2,7000000,6548654000000,999000,935154,935890,-63110,-6.32,935522,-63478,-6.35,935154,935890,1399-10-24
793,اخزا7184,اسنادخزانه-م18بودجه97-000525,2,2498613,2252308104115,899991,902855,899991,0,0.0,901423,1432,0.16,899991,902855,1399-10-24
794,اراد334,مرابحه عام دولت3-ش.خ 0303,2,10000000,8644710000000,892000,864502,864440,-27560,-3.09,864471,-27529,-3.09,864440,864502,1399-10-24
795,ضفلا1153,اختيارخ فولاد-10000-1399/11/28,2,3,5100000,1933,1700,1700,-233,-12.05,1700,-233,-12.05,1700,1700,1399-10-24
796,اخزا8074,اسنادخزانه-م7بودجه98-000719,2,668768,585607640688,874860,876441,874860,0,0.0,875651,791,0.09,874860,876441,1399-10-24
797,اخزا7204,اسنادخزانه-م20بودجه97-000324,2,1420558,1316592822584,928481,925148,928481,0,0.0,926814,-1667,-0.18,925148,928481,1399-10-24
798,اخزا906,اسنادخزانه-م6بودجه99-020321,2,980,653590000,650009,660000,667000,16991,2.61,666929,16920,2.6,660000,667000,1399-10-24
799,اخزا7224,اسنادخزانه-م22بودجه97-000428,2,1838013,1675486662125,914525,908625,914525,0,0.0,911575,-2950,-0.32,908625,914525,1399-10-24
800,اخزا908,اسنادخزانه-م8بودجه99-020606,2,2000,1214000000,606770,607000,607000,230,0.04,607000,230,0.04,607000,607000,1399-10-24
801,اخزا8114,اسنادخزانه-م11بودجه98-001013,2,1736571,1467484162863,843440,846653,843440,0,0.0,845047,1607,0.19,843440,846653,1399-10-24
802,اراد53,مرابحه عام دولت5-ش.خ 0207,2,10100,9675800000,932440,958000,958000,25560,2.74,958000,25560,2.74,958000,958000,1399-10-24
803,اخزا7164,اسنادخزانه-م16بودجه97-000407,2,1636330,1506659197710,922724,918787,922724,0,0.0,920755,-1969,-0.21,918787,922724,1399-10-24
804,اخزا807,اسنادخزانه-م7بودجه98-000719,2,2131,1866756000,874860,876000,876000,1140,0.13,876000,1140,0.13,876000,876000,1399-10-24
805,ضبدر1150,اختيارخ شبندر-32000-1399/11/19,2,6,1354000,500,314,208,-292,-58.4,226,-274,-54.8,208,314,1399-10-24
806,ضپاس2001,اختيارخ وپارس-2500-1400/02/29,2,15,13500000,1035,900,900,-135,-13.04,900,-135,-13.04,900,900,1399-10-24
807,كابگن,توليدي و صنعتي آبگينه‌,2,2119,10813257,5053,5103,5103,50,0.99,5053,0,0.0,5103,5103,1399-10-24
808,اراد374,مرابحه عام دولت3-ش.خ 0005,2,2000000,1991202000000,1049977,995252,995950,-54027,-5.15,995601,-54376,-5.18,995252,995950,1399-10-24
809,ضبدر1149,اختيارخ شبندر-28000-1399/11/19,2,3,714000,100,314,200,100,100.0,238,138,138.0,200,314,1399-10-24
810,تملي801,تسهيلات مسكن ب. ملي-فروردين98,2,14,7558810,568331,539915,539915,-28416,-5.0,539915,-28416,-5.0,539915,539915,1399-10-24
811,اخزا8134,اسنادخزانه-م13بودجه98-010219,2,434133,345114395276,788926,800972,788926,0,0.0,794951,6025,0.76,788926,800972,1399-10-24
812,ضفار1122,اختيارخ فارس-11826-1399/11/07,2,2,170000,200,35,50,-150,-75.0,42,-158,-79.0,35,50,1399-10-24
813,اراد354,مرابحه عام دولت3-ش.خ 0103,2,20000000,19136640000000,954000,957194,956470,2470,0.26,956832,2832,0.3,956470,957194,1399-10-24
814,اراد344,مرابحه عام دولت3-ش.خ 0305,2,19586000,16809733465000,1000000,858303,858202,-141798,-14.18,858252,-141748,-14.17,858202,858303,1399-10-24
815,اخزا8094,اسنادخزانه-م9بودجه98-000923,2,670746,571382041772,850035,853682,850035,0,0.0,851860,1825,0.21,850035,853682,1399-10-24
816,ضملي1151,اختيارخ فملي-16224-1399/11/05,2,25,847960,16,20,13,-3,-18.75,17,1,6.25,13,20,1399-10-24
817,اراد314,مرابحه عام دولت3-ش.خ 0208,2,18000000,16031730000000,1000000,890219,891635,-108365,-10.84,890652,-109348,-10.93,890219,891635,1399-10-24
818,پست0008پ09,پسته بادامي30-28مه ولات0008(پ),2,11,16060000,1500000,1480000,1425000,-75000,-5.0,1460000,-40000,-2.67,1425000,1480000,1399-10-24
819,ضشنا2003,اختيارخ شپنا-14000-1400/02/27,2,50,30000000,3100,600,600,-2500,-80.65,600,-2500,-80.65,600,600,1399-10-24
820,اراد60,مرابحه عام دولتي6-ش.خ0210,2,150000,138829500000,925470,925530,925530,60,0.01,925530,60,0.01,925530,925530,1399-10-24
821,ونچر,ص.ج.فيروزه10%تاديه,1,1000,131000000,130000,131000,131000,1000,0.77,131000,1000,0.77,131000,131000,1399-10-24
822,رايان106,مشاركت رايان سايپا-3ماهه16%,1,11,10514174,946370,955834,955834,9464,1.0,955834,9464,1.0,955834,955834,1399-10-24
823,ضسان2007,اختيارخ پارسان-14750-00/02/15,1,10,6100000,1,610,610,609,60900.0,610,609,60900.0,610,610,1399-10-24
824,صخود412,ص مرابحه خودرو412- 3ماهه 18%,1,1000,985000000,981015,985000,985000,3985,0.41,985000,3985,0.41,985000,985000,1399-10-24
825,اراد49,مرابحه عام دولت4-ش.خ 0206,1,1000,960000000,940000,960000,960000,20000,2.13,960000,20000,2.13,960000,960000,1399-10-24
826,آريان2,سرمايه گذاري پارس آريان,1,10000000,146310000000,15083,14631,14631,-452,-3.0,14631,-452,-3.0,14631,14631,1399-10-24
827,طمخا7072,اختيارف اخابر-28000-1400/07/28,1,12,104892000,5001,8741,8741,3740,74.79,8741,3740,74.79,8741,8741,1399-10-24
828,اراد444,مرابحه عام دولت4-ش.خ 0007,1,2050000,2026568500000,1050000,988570,988570,-61430,-5.85,988570,-61430,-5.85,988570,988570,1399-10-24
829,ضملي1154,اختيارخ فملي-24336-1399/11/05,1,1,15776,6,8,8,2,33.33,8,2,33.33,8,8,1399-10-24
830,ضچاد2004,اختيارخ كچاد-20000-1400/02/05,1,1,1706000,6500,1706,1706,-4794,-73.75,1706,-4794,-73.75,1706,1706,1399-10-24
831,ضغدر1123,اختيارخ وغدير-18000-1399/11/26,1,4,400000,1200,100,100,-1100,-91.67,100,-1100,-91.67,100,100,1399-10-24
832,خاتم2,صندوق س خاتم ايساتيس پويا-ثابت,1,1500000,1500000,10381,1,1,-10380,-99.99,1,-10380,-99.99,1,1,1399-10-24
833,صمسكن912,ص دين مسكن جنوب-ماهانه16درصد,1,79,4101206,51914,51914,51914,0,0.0,51914,0,0.0,51914,51914,1399-10-24
834,اراد43,مرابحه عام دولت4-ش.خ 0205,1,2000,1960000000,960000,980000,980000,20000,2.08,980000,20000,2.08,980000,980000,1399-10-24
835,آگاس2,صندوق س.هستي بخش آگاه-س,1,100000,100000,65982,1,1,-65981,-100.0,1,-65981,-100.0,1,1,1399-10-24
836,طمخا7068,اختيارف اخابر-16000-1400/07/28,1,21,41349000,987,1969,1969,982,99.49,1969,982,99.49,1969,1969,1399-10-24
837,طمخا7071,اختيارف اخابر-24000-1400/07/28,1,14,105560000,3500,7540,7540,4040,115.43,7540,4040,115.43,7540,7540,1399-10-24
838,افاد744,منفعت دولت7-ش.خاص ساير0204,1,235000,235000000000,1000000,1000000,1000000,0,0.0,1000000,0,0.0,1000000,1000000,1399-10-24
839,وسكرشا,س.سهام عدالت استان كرمانشاه,1,49815,59778000,1260,1200,1200,-60,-4.76,1260,0,0.0,1200,1200,1399-10-24
840,اراد424,مرابحه عام دولت4-ش.خ 0106,1,9126326,8755997943572,1056250,959422,959422,-96828,-9.17,959422,-96828,-9.17,959422,959422,1399-10-24
841,تملي707,تسهيلات مسكن ب. ملي-مهر97,1,5,5354200,1127200,1070840,1070840,-56360,-5.0,1070840,-56360,-5.0,1070840,1070840,1399-10-24
842,پارسا306,صكوك اجاره پارسيان-6ماهه16%,1,100,92629000,916290,926290,926290,10000,1.09,926290,10000,1.09,926290,926290,1399-10-24
843,كيش1402,اجاره س. و توسعه كيش14020820,1,64,63364736,990074,990074,990074,0,0.0,990074,0,0.0,990074,990074,1399-10-24
844,مبين014,اجاره اعتماد مبين لوتوس011019,1,1000,990000000,990000,990000,990000,0,0.0,990000,0,0.0,990000,990000,1399-10-24
845,ساذري,آذريت‌,1,909,5448546,5820,5994,5994,174,2.99,5820,0,0.0,5994,5994,1399-10-24
846,وپسا2,س. پتروشيمي ساختمان  خليج فارس,1,24900000,89341200000,3698,3588,3588,-110,-2.97,3588,-110,-2.97,3588,3588,1399-10-24
847,ضملت1126,اختيارخ وبملت-4500-1399/11/28,1,2,800000,337,400,400,63,18.69,400,63,18.69,400,400,1399-10-24
848,دمعيار2,صندوق س. توازن معيار-د,1,4000000,4000000,10112,1,1,-10111,-99.99,1,-10111,-99.99,1,1,1399-10-24
849,شفارا2,پتروشيمي فارابي,1,6347500,35546000000,5505,5600,5600,95,1.73,5600,95,1.73,5600,5600,1399-10-24
850,جم2,پتروشيمي جم,1,1500000,64740000000,45430,43160,43160,-2270,-5.0,43160,-2270,-5.0,43160,43160,1399-10-24
851,تابان03,اجاره تابان سپهر14021206,1,2000,2000000000,1015000,1000000,1000000,-15000,-1.48,1000000,-15000,-1.48,1000000,1000000,1399-10-24
852,اراد474,مرابحه عام دولت4-ش.خ 0008,1,2000000,1976220000000,980000,988110,988110,8110,0.83,988110,8110,0.83,988110,988110,1399-10-24
853,تابان032,اجاره تابان سپهر14021206,1,148000,148000000000,1015000,1000000,1000000,-15000,-1.48,1000000,-15000,-1.48,1000000,1000000,1399-10-24
854,شستا994,اجاره تامين اجتماعي-نوين991226,1,5,4950000,990660,990000,990000,-660,-0.07,990000,-660,-0.07,990000,990000,1399-10-24
855,ضفلا1151,اختيارخ فولاد-8000-1399/11/28,1,3,9600000,3800,3200,3200,-600,-15.79,3200,-600,-15.79,3200,3200,1399-10-24
856,ضملي1153,اختيارخ فملي-20280-1399/11/05,1,3,5916,1,1,1,0,0.0,1,0,0.0,1,1,1399-10-24
857,سنفت001,سلف موازي استاندارد سنفت001,1,18330,20006755080,1089533,1091476,1091476,1943,0.18,1091476,1943,0.18,1091476,1091476,1399-10-24
858,وسمركز,شركت س استان مركزي,1,10000,13300000,1400,1330,1330,-70,-5.0,1400,0,0.0,1330,1330,1399-10-24
859,اراد22,مرابحه عام دولت2-ش.خ لوتوس0212,1,3000,3042000000,1000000,1014000,1014000,14000,1.4,1014000,14000,1.4,1014000,1014000,1399-10-24
860,ضفار1124,اختيارخ فارس-15826-1399/11/07,1,20,80000,1,2,2,1,100.0,2,1,100.0,2,2,1399-10-24
861,كاوه2,فولاد كاوه جنوب كيش,1,2700000,47925000000,18100,17750,17750,-350,-1.93,17750,-350,-1.93,17750,17750,1399-10-24
862,ضجار2005,اختيارخ وتجارت-4000-1400/02/22,1,1,268000,205,268,268,63,30.73,268,63,30.73,268,268,1399-10-24
863,ضبدر1160,اختيارخ شبندر-18000-1399/11/19,1,5,14500000,3950,2900,2900,-1050,-26.58,2900,-1050,-26.58,2900,2900,1399-10-24
864,تهران012,مشاركت ش تهران012-3ماهه18%,1,10,9750000,970300,975000,975000,4700,0.48,975000,4700,0.48,975000,975000,1399-10-24
865,اروند10,منفعت صبا اروند لوتوس 14001222,1,1000,981000000,981000,981000,981000,0,0.0,981000,0,0.0,981000,981000,1399-10-24
866,ضپنا2000,اختيارخ رمپنا-10000-1400/02/12,1,1,8900000,7600,8900,8900,1300,17.11,8900,1300,17.11,8900,8900,1399-10-24
867,اراد134,مرابحه عام دولت1-ش.خ ساير0206,1,5000000,4784695000000,885000,956939,956939,71939,8.13,956939,71939,8.13,956939,956939,1399-10-24
868,شلرد02,كود شيميايي اوره لردگان,1,500,496500000,1001642,993000,993000,-8642,-0.86,993000,-8642,-0.86,993000,993000,1399-10-24
869,اراد41,مرابحه عام دولت4-ش.خ 0006,1,1000,1003630000,1000980,1003630,1003630,2650,0.26,1003630,2650,0.26,1003630,1003630,1399-10-24
870,ضپار1117,اختيارخ خپارس-7000-1399/11/19,1,3,942000,400,314,314,-86,-21.5,314,-86,-21.5,314,314,1399-10-24
871,اخزا9062,اسنادخزانه-م6بودجه99-020321,1,450000,285300000000,650009,634000,634000,-16009,-2.46,634000,-16009,-2.46,634000,634000,1399-10-24
872,رطب0002پ01,رطب مضافتي0002افشارتعاون بم(پ),1,27,6161103,240198,228189,228189,-12009,-5.0,228189,-12009,-5.0,228189,228189,1399-10-24
873,پارس2,پتروشيمي پارس,1,1300000,190632000000,153300,146640,146640,-6660,-4.34,146640,-6660,-4.34,146640,146640,1399-10-24
874,اراد524,مرابحه عام دولت5-ش.خ 0108,1,6333000,6019833150000,1000000,950550,950550,-49450,-4.95,950550,-49450,-4.95,950550,950550,1399-10-24
875,ضملي1150,اختيارخ فملي-14196-1399/11/05,1,4,899232,200,114,114,-86,-43.0,114,-86,-43.0,114,114,1399-10-24
876,لوتوسح,ح . تامين سرمايه لوتوس پارسيان,1,5000,55000000,11300,11000,11000,-300,-2.65,11000,-300,-2.65,11000,11000,1399-10-24
877,كايتا,ايتالران‌,1,10,95570,9279,9557,9557,278,3.0,9279,0,0.0,9557,9557,1399-10-24
878,صخابر102,صكوك اجاره مخابرات-3 ماهه 16%,1,10000,9800000000,960000,980000,980000,20000,2.08,980000,20000,2.08,980000,980000,1399-10-24
