,نماد,نام,تعداد,حجم,ارزش,دیروز,اولین,آخرین معامله - مقدار,آخرین معامله - تغییر,آخرین معامله - درصد,قیمت پایانی - مقدار,قیمت پایانی - تغییر,قیمت پایانی - درصد,کمترین,بیشترین,تاریخ
0,پالايش,صندوق پالايشي يکم-سهام,212956,174505196,16817325976120,97750,101100,90750,-7000,-7.16,96370,-1380,-1.41,89020,103800,1399-11-12
1,دارا يكم,صندوق واسطه گري مالي يكم-سهام,92117,70734051,11600413590780,161510,172110,157000,-4510,-2.79,164000,2490,1.54,155000,173890,1399-11-12
2,شستا,سرمايه گذاري تامين اجتماعي,73972,429564887,10219491019530,22690,23820,23600,910,4.01,23790,1100,4.85,23260,23820,1399-11-12
3,شپنا,پالايش نفت اصفهان,69846,709835502,8886342297530,12050,12650,12170,120,1.0,12520,470,3.9,12050,12650,1399-11-12
4,خساپا,سايپا,41703,1759481352,4049396956400,2220,2330,2270,50,2.25,2300,80,3.6,2230,2330,1399-11-12
5,سپيدار,سپيدار سيستم آسيا,37352,245053,13394596980,52058,54660,54660,2602,5.0,52714,656,1.26,54660,54660,1399-11-12
6,وكبهمن,مديريت سرمايه گذاري كوثربهمن,37341,20599990,319565141456,16001,16350,15201,-800,-5.0,15513,-488,-3.05,15201,16600,1399-11-12
7,وتجارت,بانك تجارت,37173,1484360034,4447769346340,2860,3000,3000,140,4.9,3000,140,4.9,2940,3000,1399-11-12
8,شتران,پالايش نفت تهران,35859,292907893,2895691664190,9770,10250,9500,-270,-2.76,9890,120,1.23,9420,10250,1399-11-12
9,خودرو,ايران‌ خودرو,35518,1105299367,3061981481200,2730,2860,2700,-30,-1.1,2770,40,1.47,2650,2860,1399-11-12
10,بوعلي,پتروشيمي بوعلي سينا,24941,11635126,537144675970,46950,48000,46430,-520,-1.11,46170,-780,-1.66,45030,48430,1399-11-12
11,خگستر,گسترش‌سرمايه‌گذاري‌ايران‌خودرو,23130,561989323,1694614727120,2980,3120,2890,-90,-3.02,3020,40,1.34,2860,3120,1399-11-12
12,بركت,گروه دارويي بركت,23106,83592610,1641516178420,18900,19840,19840,940,4.97,19640,740,3.92,18900,19840,1399-11-12
13,فملي,ملي‌ صنايع‌ مس‌ ايران‌,22089,99883582,1121017024970,11290,11750,10930,-360,-3.19,11220,-70,-0.62,10800,11820,1399-11-12
14,شبندر,پالايش نفت بندرعباس,20942,90906378,2107927426130,23600,24650,22440,-1160,-4.92,23190,-410,-1.74,22420,24670,1399-11-12
15,كاما,باما,19924,96009729,1650741711910,16830,17670,16700,-130,-0.77,17190,360,2.14,16130,17670,1399-11-12
16,فولاد,فولاد مباركه اصفهان,18827,104365384,1261326072420,12220,12630,11800,-420,-3.44,12090,-130,-1.06,11760,12700,1399-11-12
17,زملارد,كشاورزي و دامپروري ملارد شير,16942,5597116,201159579974,34275,35988,35988,1713,5.0,35940,1665,4.86,35000,35988,1399-11-12
18,وسپهر,سرمايه گذاري مالي سپهرصادرات,16773,63950096,685229825552,10533,11000,10401,-132,-1.25,10715,182,1.73,10007,11000,1399-11-12
19,ثاميد,توسعه و عمران اميد,16237,116266367,215352938690,1900,1950,1820,-80,-4.21,1850,-50,-2.63,1810,1950,1399-11-12
20,سيتا,سرمايه گذاري سيمان تامين,16026,31775942,480691718430,15500,15800,15030,-470,-3.03,15130,-370,-2.39,15010,15800,1399-11-12
21,وبصادر,بانك صادرات ايران,15999,454747135,1271311284890,2740,2870,2720,-20,-0.73,2800,60,2.19,2680,2870,1399-11-12
22,آوا,صندوق س.سهام آواي معيار-س,14749,140956684,1192234191650,8244,9090,8151,-93,-1.13,8458,214,2.6,8000,9090,1399-11-12
23,حكشتي,كشتيراني جمهوري اسلامي ايران,14013,69473532,1411179941290,19400,20370,20370,970,5.0,20310,910,4.69,19810,20370,1399-11-12
24,غزر,صنعتي زر ماكارون,13686,8611462,237407829030,28580,28870,27180,-1400,-4.9,27570,-1010,-3.53,27160,28870,1399-11-12
25,چخزر,صنايع چوب خزر كاسپين,13225,383219,24342837318,60498,63522,63522,3024,5.0,61865,1367,2.26,63522,63522,1399-11-12
26,ذوب,سهامي ذوب آهن  اصفهان,13072,176266907,806308716304,4669,4860,4440,-229,-4.9,4574,-95,-2.03,4436,4860,1399-11-12
27,بپيوند,برق و انرژي پيوندگستر پارس,12710,11207348,185859082815,16641,17380,16075,-566,-3.4,16584,-57,-0.34,15990,17380,1399-11-12
28,پترول,گروه پتروشيمي س. ايرانيان,12179,69313667,732982548240,10750,11000,10220,-530,-4.93,10570,-180,-1.67,10220,11190,1399-11-12
29,شبريز,پالايش نفت تبريز,11814,49726222,1471265509250,29820,31310,28330,-1490,-5.0,29590,-230,-0.77,28330,31310,1399-11-12
30,كاذر,فرآورده‌هاي‌نسوزآذر,11738,25763989,1050874791840,40430,42450,38540,-1890,-4.67,40790,360,0.89,38410,42450,1399-11-12
31,امين,تامين سرمايه امين,11050,17417212,181228916160,10480,10460,10410,-70,-0.67,10410,-70,-0.67,10400,10490,1399-11-12
32,آريا,پليمر آريا ساسول,10945,3814647,308763853703,83085,85300,80300,-2785,-3.35,80942,-2143,-2.58,79510,85300,1399-11-12
33,وبملت,بانك ملت,10935,251615759,1071459132590,4220,4430,4200,-20,-0.47,4260,40,0.95,4100,4430,1399-11-12
34,آبادا,توليد نيروي برق آبادان,10884,9705742,159935232290,17170,17550,16320,-850,-4.95,16480,-690,-4.02,16320,17550,1399-11-12
35,وخارزم,سرمايه گذاري خوارزمي,10677,80524765,727587801700,9280,9600,8820,-460,-4.96,9040,-240,-2.59,8820,9600,1399-11-12
36,وغدير,سرمايه‌گذاري‌غدير(هلدينگ‌,10545,117581537,1424786725270,11630,12210,11840,210,1.81,12120,490,4.21,11800,12210,1399-11-12
37,شاروم,پتروشيمي اروميه,10524,17777757,381048118487,22400,22212,21280,-1120,-5.0,21434,-966,-4.31,21280,22552,1399-11-12
38,غگل,گلوكوزان‌,10375,108641079,443001496450,4250,4270,4050,-200,-4.71,4080,-170,-4.0,4040,4270,1399-11-12
39,آسيا,بيمه آسيا,10307,236330881,710874235050,3070,3220,2920,-150,-4.89,3010,-60,-1.95,2920,3220,1399-11-12
40,كرمان,س. توسعه و عمران استان كرمان,10306,17127030,1068036123726,64674,67400,61441,-3233,-5.0,62360,-2314,-3.58,61441,67400,1399-11-12
41,خرينگ,رينگ‌سازي‌مشهد,10291,15316184,805801144850,52380,52000,54990,2610,4.98,52610,230,0.44,49770,54990,1399-11-12
42,حفارس,حمل و نقل بين المللي خليج فارس,10190,130258242,795385250310,5880,6170,5980,100,1.7,6110,230,3.91,5880,6170,1399-11-12
43,كساپا,سايپاشيشه‌,9929,24523499,983675181130,41020,38970,42350,1330,3.24,40110,-910,-2.22,38970,42970,1399-11-12
44,بگيلان,توسعه مسير برق گيلان,9890,4270121,96083106161,22976,23390,21900,-1076,-4.68,22501,-475,-2.07,21900,23440,1399-11-12
45,بترانس,ايران‌ ترانسفو,9651,199350774,591692581880,3060,3150,2910,-150,-4.9,2970,-90,-2.94,2910,3190,1399-11-12
46,وپارس,بانك‌پارسيان‌,9572,251868953,807760328710,3210,3340,3130,-80,-2.49,3210,0,0.0,3090,3370,1399-11-12
47,ثبهساز,بهساز كاشانه تهران,8878,109063517,303083670560,2870,2930,2730,-140,-4.88,2780,-90,-3.14,2730,2940,1399-11-12
48,شگويا,پتروشيمي تندگويان,8680,44192807,401936757885,9095,9507,8860,-235,-2.58,9095,0,0.0,8810,9507,1399-11-12
49,صبا,سرمايه گذاري صبا تامين,8322,80475432,627792039227,7446,7818,7818,372,5.0,7801,355,4.77,7551,7818,1399-11-12
50,رافزا,رايان هم افزا,8249,53532,2285816400,40667,42700,42700,2033,5.0,40755,88,0.22,42700,42700,1399-11-12
51,خزاميا,زامياد,8122,71471201,580331426450,8100,8500,7780,-320,-3.95,8120,20,0.25,7700,8500,1399-11-12
52,ثاخت,بين‌المللي‌توسعه‌ساختمان,8078,139811921,486315233930,3460,3620,3390,-70,-2.02,3480,20,0.58,3320,3620,1399-11-12
53,انرژي3,سايراشخاص بورس انرژي,7862,1651807,563838454020,351330,358130,333770,-17560,-5.0,341350,-9980,-2.84,333770,368780,1399-11-12
54,ولپارس,ليزينگ پارسيان,7578,19819194,128333637980,6750,6700,6420,-330,-4.89,6480,-270,-4.0,6420,6810,1399-11-12
55,سفارس,سيمان فارس و خوزستان,7522,73021356,1367118453870,17890,18780,18360,470,2.63,18720,830,4.64,18150,18780,1399-11-12
56,كسعدي,كاشي‌ سعدي‌,7468,28739041,557135066060,18890,19830,19830,940,4.98,19390,500,2.65,17950,19830,1399-11-12
57,ثشاهد,سرمايه‌ گذاري‌ شاهد,7459,29396466,538240001100,17960,18850,18000,40,0.22,18310,350,1.95,17500,18850,1399-11-12
58,سنير,سيمان‌ سفيد ني‌ريز,7300,3938415,953843096230,230850,242390,242390,11540,5.0,242190,11340,4.91,233080,242390,1399-11-12
59,خبهمن,گروه‌بهمن‌,7212,29782779,666117181890,22340,23450,21990,-350,-1.57,22370,30,0.13,21240,23450,1399-11-12
60,پيزد,مجتمع صنايع لاستيك يزد,7106,1039008,72726730842,71160,72000,68150,-3010,-4.23,69996,-1164,-1.64,67800,74000,1399-11-12
61,فروي,ذوب روي اصفهان,6980,5866658,381955139009,67067,68400,63714,-3353,-5.0,65106,-1961,-2.92,63714,69000,1399-11-12
62,وپويا,سرمايه گذاري پويا,6754,13478527,74155022779,5608,5790,5420,-188,-3.35,5502,-106,-1.89,5340,5790,1399-11-12
63,وساپا,سرمايه‌گذاري‌ سايپا,6672,91451686,575214553270,6380,6690,6070,-310,-4.86,6290,-90,-1.41,6070,6690,1399-11-12
64,تاپيكو,س. نفت و گاز و پتروشيمي تأمين,6515,86635232,1056684952700,11620,12200,12200,580,4.99,12200,580,4.99,11910,12200,1399-11-12
65,ثپرديس,سرمايه گذاري مسكن پرديس,6463,41535273,529057708979,12393,12850,12900,507,4.09,12738,345,2.78,11774,13012,1399-11-12
66,بكاب,صنايع‌جوشكاب‌يزد,6431,1298864,621651168070,471150,494700,447600,-23550,-5.0,478610,7460,1.58,447600,494700,1399-11-12
67,آگاس,صندوق س.هستي بخش آگاه-س,6194,7840343,540864368265,70350,72700,66800,-3550,-5.05,68985,-1365,-1.94,66500,72700,1399-11-12
68,فارس,صنايع پتروشيمي خليج فارس,6137,32500363,321251672490,9810,10300,9540,-270,-2.75,9880,70,0.71,9500,10300,1399-11-12
69,سرو,صندوق س سروسودمند مدبران-سهام,5960,9551695,681219759510,72020,74510,69560,-2460,-3.42,71320,-700,-0.97,69140,74600,1399-11-12
70,هاي وب,داده گسترعصرنوين-هاي وب,5711,22484673,517012571840,23990,24110,22800,-1190,-4.96,22990,-1000,-4.17,22800,24470,1399-11-12
71,فزرين,زرين معدن آسيا,5711,54414110,1210454735573,21202,22262,22262,1060,5.0,22245,1043,4.92,21348,22262,1399-11-12
72,وملي,گروه‌ صنعتي‌ ملي‌ (هلدينگ‌,5677,2390905,440002760250,185750,193500,180000,-5750,-3.1,184030,-1720,-0.93,178000,193990,1399-11-12
73,خپارس,پارس‌ خودرو,5669,71556171,418417141850,5790,6070,5640,-150,-2.59,5850,60,1.04,5570,6070,1399-11-12
74,فرابورس,فرابورس ايران,5590,12068242,462342008769,38998,40400,37049,-1949,-5.0,38311,-687,-1.76,37049,40880,1399-11-12
75,پاكشو,گروه صنعتي پاكشو,5328,9799169,815389975740,79370,83330,83330,3960,4.99,83210,3840,4.84,80010,83330,1399-11-12
76,زدشت,كشت و صنعت دشت خرم دره,5249,9306306,322559722364,33910,35605,34120,210,0.62,34660,750,2.21,32215,35605,1399-11-12
77,سدبير,س. تدبيرگران فارس وخوزستان,5214,5781524,512558599996,85037,88890,85700,663,0.78,88655,3618,4.25,83000,89288,1399-11-12
78,كلر,كلر پارس,5181,5292590,670398843018,121425,127496,127496,6071,5.0,126667,5242,4.32,123500,127496,1399-11-12
79,فلامي,لاميران‌,5142,6716806,339136122410,52210,53500,50480,-1730,-3.31,50490,-1720,-3.29,49600,53500,1399-11-12
80,داسوه,داروسازي‌ اسوه‌,5055,12139276,551438603050,43480,45650,45650,2170,4.99,45430,1950,4.48,43600,45650,1399-11-12
81,ومعادن,توسعه‌معادن‌وفلزات‌,4978,36203536,427649086190,12060,12300,11510,-550,-4.56,11810,-250,-2.07,11460,12430,1399-11-12
82,ثنوسا,نوسازي‌وساختمان‌تهران‌,4974,35921336,486650038030,13180,13590,13830,650,4.93,13550,370,2.81,12930,13830,1399-11-12
83,چكاپا,گروه صنايع كاغذ پارس,4940,50275906,307977205140,6090,6390,5920,-170,-2.79,6130,40,0.66,5860,6390,1399-11-12
84,وتوصا,گروه س توسعه صنعتي ايران,4862,29034743,440898914430,15650,16000,14870,-780,-4.98,15190,-460,-2.94,14870,16250,1399-11-12
85,تاپكيش,تجارت الكترونيك پارسيان كيش,4860,15252199,354927371693,23467,22915,23900,433,1.85,23271,-196,-0.84,22294,24000,1399-11-12
86,حفاري,حفاري شمال,4836,28407399,334611249260,11890,12250,11650,-240,-2.02,11780,-110,-0.93,11450,12250,1399-11-12
87,تليسه,دامداري تليسه نمونه,4788,41777366,178352895999,4403,4580,4185,-218,-4.95,4269,-134,-3.04,4183,4580,1399-11-12
88,خمحركه,نيرو محركه‌,4783,41395080,227991771250,5680,5840,5400,-280,-4.93,5510,-170,-2.99,5400,5840,1399-11-12
89,تملت,تامين سرمايه بانك ملت,4729,29683495,182408917760,6340,6490,6030,-310,-4.89,6150,-190,-3.0,6030,6550,1399-11-12
90,پرداخت,به پرداخت ملت,4729,10687819,453858543380,42150,44250,40990,-1160,-2.75,42470,320,0.76,40050,44250,1399-11-12
91,خنصير,مهندسي‌نصيرماشين‌,4703,5835324,528692592130,94900,91000,91650,-3250,-3.42,90600,-4300,-4.53,90160,93500,1399-11-12
92,وتوس,توسعه‌شهري‌توس‌گستر,4475,14765582,286676015230,18600,19530,19530,930,5.0,19420,820,4.41,18730,19530,1399-11-12
93,كالا,بورس كالاي ايران,4447,9948232,373193298860,37600,39450,36300,-1300,-3.46,37510,-90,-0.24,35720,39480,1399-11-12
94,بكام,كارخانجات توليدي شهيد قندي,4445,69860092,234259995560,3490,3570,3320,-170,-4.87,3350,-140,-4.01,3320,3580,1399-11-12
95,وآذر,سرمايه‌گذاري‌توسعه‌آذربايجان‌,4427,4736033,465524862820,102010,102000,101910,-100,-0.1,98290,-3720,-3.65,96910,104590,1399-11-12
96,قنيشا,قند  نيشابور,4421,8470336,594762168950,67070,70420,70420,3350,4.99,70220,3150,4.7,68150,70420,1399-11-12
97,حآسا,آسيا سير ارس,4413,11483266,505360148156,42052,44154,44154,2102,5.0,44008,1956,4.65,42425,44154,1399-11-12
98,غسالم,سالمين‌,4396,46288095,204531032990,4600,4700,4370,-230,-5.0,4420,-180,-3.91,4370,4700,1399-11-12
99,بالاس,مهندسي ساختمان تاسيسات راه آهن,4379,4545654,274907102767,59801,62791,58060,-1741,-2.91,60477,676,1.13,56811,62791,1399-11-12
100,كرازي,كارخانجات‌توليدي‌شيشه‌رازي‌,4353,13041664,338294308750,27000,27480,25650,-1350,-5.0,25940,-1060,-3.93,25650,27480,1399-11-12
101,مدير,ص.س.مديريت ثروت ص.بازنشستگي-س,4316,27035242,275471703278,10158,10700,9790,-368,-3.62,10189,31,0.31,9700,10799,1399-11-12
102,دانا,بيمه دانا,4304,48082929,342809167730,7440,7590,7070,-370,-4.97,7130,-310,-4.17,7070,7590,1399-11-12
103,بجهرم,توسعه مولد نيروگاهي جهرم,4209,51376682,165731871711,3176,3334,3140,-36,-1.13,3226,50,1.57,3130,3334,1399-11-12
104,ولغدر,ليزينگ‌خودروغدير,4146,17090510,391086767470,22260,22260,23370,1110,4.99,22880,620,2.79,21160,23370,1399-11-12
105,كسرا,سراميك‌هاي‌صنعتي‌اردكان‌,4116,16666171,408406988390,23540,24710,24000,460,1.95,24510,970,4.12,23650,24710,1399-11-12
106,كترام,توليدي‌ كاشي‌ تكسرام‌,4073,12615852,518471349420,43080,40930,40930,-2150,-4.99,41100,-1980,-4.6,40930,42580,1399-11-12
107,گكوثر,هتل پارسيان كوثر اصفهان,4063,67383335,191041956180,2960,2960,2812,-148,-5.0,2835,-125,-4.22,2812,2960,1399-11-12
108,كمند,صندوق س. با درآمد ثابت كمند,4061,179339414,1820109552708,10142,10149,10149,7,0.07,10149,7,0.07,10148,10152,1399-11-12
109,ثقزوي,شركت عمران و سازندگي قزوين,4022,9596304,328544847769,34809,34765,33765,-1044,-3.0,34237,-572,-1.64,33765,35400,1399-11-12
110,وپاسار,بانك  پاسارگاد,3989,46787093,596415918850,12620,12630,12720,100,0.79,12750,130,1.03,12630,12970,1399-11-12
111,نوري,پتروشيمي نوري,3984,4114413,229923501430,56830,58400,55050,-1780,-3.13,55880,-950,-1.67,54780,58400,1399-11-12
112,ونيكي,سرمايه‌گذاري‌ ملي‌ايران‌,3964,15466227,188020443220,12420,13010,11800,-620,-4.99,12160,-260,-2.09,11800,13010,1399-11-12
113,كماسه,تامين‌ ماسه‌ ريخته‌گري‌,3935,5291953,234610171920,45940,46200,43650,-2290,-4.98,44330,-1610,-3.5,43650,46880,1399-11-12
114,خفولا,خدمات فني فولاد يزد,3931,7726900,665686622525,84503,87038,87038,2535,3.0,86152,1649,1.95,81968,87038,1399-11-12
115,فخوز,فولاد  خوزستان,3889,24834284,339538541980,13890,14000,13320,-570,-4.1,13670,-220,-1.58,13300,14300,1399-11-12
116,ختوقا,قطعات‌ اتومبيل‌ ايران‌,3881,61333699,169268062460,2760,2870,2670,-90,-3.26,2760,0,0.0,2640,2890,1399-11-12
117,ساوه,سيمان ساوه,3871,2466037,135800345229,54954,57590,53720,-1234,-2.25,55068,114,0.21,52300,57600,1399-11-12
118,كسعديح,ح . كاشي‌ سعدي‌,3796,16667626,273497621320,16810,17150,16050,-760,-4.52,16410,-400,-2.38,15220,17440,1399-11-12
119,زشگزا,شير و گوشت زاگرس شهركرد,3761,25797519,254195718554,9740,10227,9480,-260,-2.67,9853,113,1.16,9450,10227,1399-11-12
120,ارزش,صندوق س ارزش آفرين بيدار-سهام,3685,27565339,281066489940,10310,10660,9910,-400,-3.88,10200,-110,-1.07,9850,10750,1399-11-12
121,ودي,بيمه  دي,3652,17481368,414203182903,24249,25399,23270,-979,-4.04,23694,-555,-2.29,23037,25400,1399-11-12
122,ونيرو,سرمايه‌گذاري‌نيرو,3649,65534566,192584293230,3010,3120,2860,-150,-4.98,2940,-70,-2.33,2860,3160,1399-11-12
123,كي بي سي,شركت كي بي سي,3631,10596428,353675514006,33660,35343,31977,-1683,-5.0,33377,-283,-0.84,31977,35343,1399-11-12
124,كحافظ,كاشي‌ وسراميك‌ حافظ‌,3626,16597526,232863736740,13600,14280,13800,200,1.47,14030,430,3.16,13590,14280,1399-11-12
125,تبرك,گروه كارخانجات صنعتي تبرك,3552,10002806,171206793044,16661,17494,16700,39,0.23,17116,455,2.73,16110,17494,1399-11-12
126,دماوند,توليد نيروي برق دماوند,3538,5094654,243808094004,46214,48450,48524,2310,5.0,47856,1642,3.55,46020,48524,1399-11-12
127,سخاش,سيمان‌خاش‌,3530,1654318,233171438100,134480,141200,141200,6720,5.0,140950,6470,4.81,135500,141200,1399-11-12
128,سمگا,گروه سرمايه گذاري ميراث فرهنگي,3522,19702509,569512751721,30372,28854,28854,-1518,-5.0,28906,-1466,-4.83,28854,29500,1399-11-12
129,غگيلا,شيرپاستوريزه پگاه گيلان,3506,52201,1192584046,21759,22846,22846,1087,5.0,21784,25,0.11,22846,22846,1399-11-12
130,كپارس,كاشي‌ پارس‌,3449,1847169,276905241090,154220,153000,146600,-7620,-4.94,149910,-4310,-2.79,146510,160000,1399-11-12
131,شپديس,پتروشيمي پرديس,3447,3514855,347286460560,97210,102070,96200,-1010,-1.04,98810,1600,1.65,93010,102070,1399-11-12
132,البرز,بيمه البرز,3390,45919027,199497141450,4310,4520,4230,-80,-1.86,4340,30,0.7,4120,4520,1399-11-12
133,ساروم,سيمان‌اروميه‌,3369,9452983,288241543050,29610,31080,31090,1480,5.0,30490,880,2.97,29100,31090,1399-11-12
134,وايران,ليزينگ ايرانيان,3368,19563256,239255015800,12760,12460,12220,-540,-4.23,12230,-530,-4.15,12130,12980,1399-11-12
135,شلعاب,لعابيران‌,3323,17095927,244104740040,14200,13950,14910,710,5.0,14280,80,0.56,13490,14910,1399-11-12
136,شلرد,كود شيميايي اوره لردگان,3323,32708005,253714873375,7667,7897,7530,-137,-1.79,7757,90,1.17,7486,7897,1399-11-12
137,سشرق,سيمان‌ شرق‌,3282,47688709,333754091830,6680,7010,7010,330,4.94,7000,320,4.79,6740,7010,1399-11-12
138,زنگان,صنعت روي زنگان,3274,3883532,469516806200,115187,120946,120946,5759,5.0,120899,5712,4.96,117610,120946,1399-11-12
139,غشهداب,كشت و صنعت شهداب ناب خراسان,3219,38384959,145509005107,3906,3956,3711,-195,-4.99,3791,-115,-2.94,3711,4000,1399-11-12
140,قاسم,قاسم ايران,3212,18938276,240533715146,13195,12950,12820,-375,-2.84,12701,-494,-3.74,12536,13480,1399-11-12
141,ونوين,بانك‌اقتصادنوين‌,3192,58507454,249080751360,4320,4480,4150,-170,-3.94,4260,-60,-1.39,4120,4480,1399-11-12
142,قچار,فراوردههاي غذايي وقند چهارمحال,3159,3762763,312387999914,82882,84000,81654,-1228,-1.48,83021,139,0.17,80000,86500,1399-11-12
143,سفانو,سيمان فارس نو,3140,7203593,274231669360,37970,36700,39800,1830,4.82,38070,100,0.26,36080,39860,1399-11-12
144,رانفور,خدمات‌انفورماتيك‌,3131,7584949,224988641170,28400,29820,29820,1420,5.0,29660,1260,4.44,28510,29820,1399-11-12
145,غصينو,صنعتي مينو,3114,4052753,353441728229,90323,93000,85807,-4516,-5.0,87210,-3113,-3.45,85807,93000,1399-11-12
146,ولساپا,ليزينگ رايان‌ سايپا,3106,58243250,219873095760,3670,3840,3780,110,3.0,3780,110,3.0,3610,3850,1399-11-12
147,كوثر,بيمه كوثر,3045,22082634,369192551810,17353,18000,16486,-867,-5.0,16719,-634,-3.65,16486,18000,1399-11-12
148,زكوثر,سرمايه گذاري كشاورزي كوثر,3021,7607720,158308820990,21000,21110,20400,-600,-2.86,20810,-190,-0.9,20090,21800,1399-11-12
149,دشيمي,شيمي‌ داروئي‌ داروپخش‌,2988,5276618,266157221210,48110,50510,50510,2400,4.99,50440,2330,4.84,48250,50510,1399-11-12
150,وپست,پست بانك ايران,2976,19211461,350040991940,19010,19020,18060,-950,-5.0,18220,-790,-4.16,18060,19300,1399-11-12
151,چدن,توليدي چدن سازان,2877,7424531,199971961830,27920,28160,26530,-1390,-4.98,26930,-990,-3.55,26530,28410,1399-11-12
152,چفيبر,فيبر ايران‌,2860,25165121,349686812810,13250,13910,13910,660,4.98,13900,650,4.91,13000,13910,1399-11-12
153,غنوش,نوش‌ مازندران‌,2836,4200078,221171882590,54240,53100,51530,-2710,-5.0,52660,-1580,-2.91,51530,55440,1399-11-12
154,كچاد,معدني‌وصنعتي‌چادرملو,2819,12671638,259694447700,20820,20580,20700,-120,-0.58,20490,-330,-1.59,19880,21120,1399-11-12
155,كسرام,پارس‌ سرام‌,2794,14043386,152551598720,11050,11000,10500,-550,-4.98,10860,-190,-1.72,10500,11470,1399-11-12
156,ميهن,بيمه ميهن,2789,23294975,115714063108,5065,5200,4822,-243,-4.8,4967,-98,-1.93,4812,5250,1399-11-12
157,ستران,سيمان‌ تهران‌,2740,6456611,183553370140,29210,30660,27750,-1460,-5.0,28430,-780,-2.67,27750,30660,1399-11-12
158,ورنا,سرمايه‌گذاري‌ رنا(هلدينگ‌,2704,34184282,209629694950,6180,6380,5940,-240,-3.88,6130,-50,-0.81,5880,6400,1399-11-12
159,وگردش,بانك گردشگري,2701,10698776,225401312509,20979,21608,20350,-629,-3.0,21068,89,0.42,20350,21608,1399-11-12
160,كاوه,فولاد كاوه جنوب كيش,2648,17243339,320684666940,19400,19790,18430,-970,-5.0,18600,-800,-4.12,18430,19790,1399-11-12
161,زبينا,كشاورزي و دامپروري بينالود,2638,4036782,143186315061,36682,36100,34848,-1834,-5.0,35470,-1212,-3.3,34848,37770,1399-11-12
162,توريل,توکاريل,2623,6637823,185969285597,28397,29750,27052,-1345,-4.74,28017,-380,-1.34,26990,29750,1399-11-12
163,ماديرا,صنايع ماشين هاي اداري ايران,2597,23580182,254544977761,10281,10795,10795,514,5.0,10795,514,5.0,10717,10795,1399-11-12
164,دزهراوي,داروسازي‌زهراوي‌,2583,12881122,107098340110,8680,8780,8250,-430,-4.95,8310,-370,-4.26,8250,8780,1399-11-12
165,آينده,بازرگاني آينده سازان بهشت پارس,2579,13226228,353419876678,26000,26780,26780,780,3.0,26721,721,2.77,26000,26780,1399-11-12
166,ساربيل,سيمان آرتا اردبيل,2554,4523891,202385668470,43060,42650,45210,2150,4.99,44740,1680,3.9,42060,45210,1399-11-12
167,چكارن,كارتن‌ ايران‌,2528,33030332,118495290280,3700,3800,3520,-180,-4.86,3590,-110,-2.97,3520,3800,1399-11-12
168,ولملت,واسپاري ملت,2525,15927748,158174041680,10050,9940,9690,-360,-3.58,9930,-120,-1.19,9550,10350,1399-11-12
169,ومعلم,بيمه معلم,2507,15385227,80837198504,5321,5587,5064,-257,-4.83,5254,-67,-1.26,5056,5587,1399-11-12
170,بكهنوج,توليد برق ماهتاب كهنوج,2497,39152390,78327409560,2025,2116,1957,-68,-3.36,2001,-24,-1.19,1940,2116,1399-11-12
171,فسازان,غلتك سازان سپاهان,2488,5410423,210238559590,39750,40880,37770,-1980,-4.98,38860,-890,-2.24,37770,41000,1399-11-12
172,ختور,رادياتور ايران‌,2488,6124803,161665458230,27510,28000,26140,-1370,-4.98,26400,-1110,-4.03,26140,28200,1399-11-12
173,اخابر,مخابرات ايران,2480,12905849,145995878410,11510,11900,11040,-470,-4.08,11310,-200,-1.74,10950,11980,1399-11-12
174,دتوليد,داروسازي توليد دارو,2476,5461668,152038431844,27959,29000,28390,431,1.54,27837,-122,-0.44,26562,29000,1399-11-12
175,وبوعلي,سرمايه‌گذاري‌بوعلي‌,2442,26838541,156682794070,5600,5830,5880,280,5.0,5840,240,4.29,5690,5880,1399-11-12
176,فوكا,فولاد كاويان,2440,23067570,301636867114,13434,13600,13031,-403,-3.0,13076,-358,-2.66,13031,13600,1399-11-12
177,چكاوهح,ح . صنايع‌كاغذسازي‌كاوه‌,2430,14857426,178973457720,12450,12350,11820,-630,-5.06,12050,-400,-3.21,11700,12570,1399-11-12
178,ختراك,ريخته‌گري‌ تراكتورسازي‌ ايران‌,2425,12689605,179728304570,13630,14310,14310,680,4.99,14160,530,3.89,13620,14310,1399-11-12
179,خكمك,كمك‌فنرايندامين‌,2420,6071269,178902039820,30440,31800,28920,-1520,-4.99,29470,-970,-3.19,28920,31800,1399-11-12
180,شتوكا,توكا رنگ فولاد سپاهان,2410,3521510,210802980094,61055,60765,58003,-3052,-5.0,59862,-1193,-1.95,58003,61990,1399-11-12
181,ولصنم,ليزينگ‌صنعت‌ومعدن‌,2404,12032145,152391102290,13110,13700,12460,-650,-4.96,12670,-440,-3.36,12460,13700,1399-11-12
182,بپاس,بيمه پاسارگاد,2382,2386531,232028544371,99963,99963,94965,-4998,-5.0,97224,-2739,-2.74,94965,100000,1399-11-12
183,فاما,صنعتي‌ آما,2356,5598349,124528285840,22590,23500,21870,-720,-3.19,22240,-350,-1.55,21470,23500,1399-11-12
184,فاذر,صنايع‌ آذرآب‌,2337,7253786,171698920800,24380,25380,23170,-1210,-4.96,23670,-710,-2.91,23170,25490,1399-11-12
185,سبزوا,سيمان لار سبزوار,2335,22545042,98573894432,4569,4410,4341,-228,-4.99,4372,-197,-4.31,4341,4550,1399-11-12
186,فولاي,صنايع فولاد آلياژي يزد,2333,5549055,241324758634,42495,44450,44619,2124,5.0,43489,994,2.34,40371,44619,1399-11-12
187,وكارح,ح . بانك‌ كارآفرين‌,2327,52381055,95810733790,1970,1980,1770,-200,-10.15,1830,-140,-7.11,1770,1990,1399-11-12
188,سكارون,سيمان كارون,2312,2436965,472392566466,203977,193779,193779,-10198,-5.0,193845,-10132,-4.97,193779,199820,1399-11-12
189,نطرين,عطرين نخ قم,2310,10922394,129484177835,12192,12500,11583,-609,-5.0,11855,-337,-2.76,11583,12780,1399-11-12
190,والبر,سرمايه‌ گذاري‌ البرز(هلدينگ‌,2309,12267744,184701959320,14480,15200,15200,720,4.97,15060,580,4.01,14500,15200,1399-11-12
191,تسه9910,امتياز تسهيلات مسكن دي99,2302,65821,32901761595,510134,515650,535640,25506,5.0,499867,-10267,-2.01,485705,535640,1399-11-12
192,خكرمان,گروه اقتصادي كرمان خودرو,2288,26068464,128416504779,4955,5103,4807,-148,-2.99,4926,-29,-0.59,4807,5103,1399-11-12
193,وشهر,بانك شهر,2276,38696410,233722737424,6213,6330,6150,-63,-1.01,6040,-173,-2.78,5965,6330,1399-11-12
194,زقيام,كشت و دام قيام اصفهان,2266,6783518,175589531469,26715,27690,26380,-335,-1.25,25885,-830,-3.11,25380,27690,1399-11-12
195,ولشرق,ليزينگ ايران و شرق,2256,13422089,113608553677,8817,9000,8377,-440,-4.99,8464,-353,-4.0,8377,9000,1399-11-12
196,وآوا,سرمايه گذاري آوا نوين,2246,9837856,82318530591,8506,8910,8150,-356,-4.19,8368,-138,-1.62,8101,8910,1399-11-12
197,سيمرغ,سيمرغ,2236,7856434,123640670860,15190,15940,15600,410,2.7,15740,550,3.62,15210,15940,1399-11-12
198,كاردان,صندوق س تجارت شاخصي كاردان,2232,1781729,287480531600,160300,165010,157930,-2370,-1.48,161350,1050,0.66,156990,167890,1399-11-12
199,ملت,بيمه ملت,2206,9958458,147686463610,15260,16020,14500,-760,-4.98,14830,-430,-2.82,14500,16020,1399-11-12
200,امين يكم,صندوق درآمد ثابت امين يكم فردا,2186,70717438,717813356991,10144,10150,10158,14,0.14,10150,6,0.06,10142,10158,1399-11-12
201,بالبر,كابل‌ البرز,2184,3705881,158737026080,40910,42950,42950,2040,4.99,42830,1920,4.69,40920,42950,1399-11-12
202,كروي,توسعه‌ معادن‌ روي‌ ايران‌,2183,5995910,181070178910,31440,32140,29870,-1570,-4.99,30200,-1240,-3.94,29870,32140,1399-11-12
203,وصنعت,سرمايه گذاري توسعه صنعت وتجارت,2174,15371633,94969250660,6310,6350,6070,-240,-3.8,6180,-130,-2.06,6000,6500,1399-11-12
204,پدرخش,درخشان‌ تهران‌,2162,1201592,159332906610,134250,140960,127540,-6710,-5.0,132600,-1650,-1.23,127540,140960,1399-11-12
205,ثفارس,عمران‌وتوسعه‌فارس‌,2149,17721399,216336310030,11630,12210,12210,580,4.99,12210,580,4.99,12100,12210,1399-11-12
206,سخواف,سيمان مجد خواف,2131,9119690,190655581663,20565,20800,19949,-616,-3.0,20906,341,1.66,19740,21593,1399-11-12
207,ولانا,شركت ليزينگ آريا دانا,2131,4532489,138146876683,30289,30289,31197,908,3.0,30479,190,0.63,29381,31197,1399-11-12
208,فجر,فولاد اميركبيركاشان,2123,3809007,256764683650,67750,69000,65750,-2000,-2.95,67410,-340,-0.5,64780,70130,1399-11-12
209,وبانك,سرمايه گذاري گروه توسعه ملي,2114,14123626,120026271280,8240,8640,8350,110,1.33,8500,260,3.16,8240,8650,1399-11-12
210,ثاباد,توريستي ورفاهي آبادگران ايران,2112,4054721,208930240720,53360,54000,50700,-2660,-4.99,51530,-1830,-3.43,50700,55990,1399-11-12
211,ثرود,سرمايه‌گذاري مسكن زاينده رود,2095,8793973,122814329971,13958,14360,13670,-288,-2.06,13966,8,0.06,13262,14655,1399-11-12
212,آپ,آسان پرداخت پرشين,2092,7440544,124002886750,17240,17700,16400,-840,-4.87,16670,-570,-3.31,16380,17800,1399-11-12
213,وساخت,سرمايه‌ گذاري‌ ساختمان‌ايران‌,2085,3116888,163665871700,54360,57070,51650,-2710,-4.99,52510,-1850,-3.4,51650,57070,1399-11-12
214,افرا,افرانت,2079,3813457,139575612232,37835,37690,35944,-1891,-5.0,36601,-1234,-3.26,35944,39000,1399-11-12
215,خاذين,سايپاآذين‌,2077,25958156,114274077910,4520,4690,4300,-220,-4.87,4400,-120,-2.65,4300,4690,1399-11-12
216,فنورد,نوردوقطعات‌ فولادي‌,2073,736502,154009206410,219330,212010,208370,-10960,-5.0,209110,-10220,-4.66,208370,220000,1399-11-12
217,كگل,معدني و صنعتي گل گهر,2060,9853128,178086920360,18250,18630,18440,190,1.04,18070,-180,-0.99,17650,18630,1399-11-12
218,فاسمين,كالسيمين‌,2052,10214775,163077274230,16490,16700,15670,-820,-4.97,15960,-530,-3.21,15670,17000,1399-11-12
219,خريخت,صنايع‌ريخته‌گري‌ايران‌,2050,33162492,126500229950,3940,4070,3750,-190,-4.82,3810,-130,-3.3,3750,4100,1399-11-12
220,فسرب,ملي‌ سرب‌وروي‌ ايران‌,2026,1492213,137278096980,93470,98000,90500,-2970,-3.18,92000,-1470,-1.57,88800,98000,1399-11-12
221,ريشمك,توليد و صادرات ريشمك,2023,4389886,259394100870,56322,59138,59138,2816,5.0,59089,2767,4.91,57499,59138,1399-11-12
222,حپارسا,توسعه حمل و نقل ريلي پارسيان,2004,4607702,159164200917,34184,34184,35893,1709,5.0,34543,359,1.05,32490,35893,1399-11-12
223,بموتو,موتوژن‌,2004,3035134,184180968890,61250,64310,58190,-3060,-5.0,60680,-570,-0.93,58190,64310,1399-11-12
224,غدشت,دشت‌ مرغاب‌,1951,730193,217333950180,308130,310000,292730,-15400,-5.0,297640,-10490,-3.4,292730,319990,1399-11-12
225,ثغرب,شركت سرمايه گذاري مسكن شمالغرب,1942,15782843,119169788897,7784,8000,7395,-389,-5.0,7551,-233,-2.99,7395,8000,1399-11-12
226,فمراد,آلومراد,1935,940717,164078553260,180280,180280,171270,-9010,-5.0,174420,-5860,-3.25,171270,184990,1399-11-12
227,شفن,پتروشيمي فناوران,1929,493893,144680058400,303370,305000,294500,-8870,-2.92,292940,-10430,-3.44,288210,308000,1399-11-12
228,سصوفي,سيمان‌ صوفيان‌,1915,7754084,116533507720,15550,16150,14780,-770,-4.95,15030,-520,-3.34,14780,16150,1399-11-12
229,تكشا,گسترش‌صنايع‌وخدمات‌كشاورزي‌,1913,2117015,118672225080,58140,57800,55240,-2900,-4.99,56060,-2080,-3.58,55240,57960,1399-11-12
230,دكپسول,توليد ژلاتين كپسول ايران,1912,3350530,161989861429,50468,48500,47945,-2523,-5.0,48348,-2120,-4.2,47945,50800,1399-11-12
231,قرن,پديده شيمي قرن,1903,2131209,144798394360,66840,69000,66710,-130,-0.19,67940,1100,1.65,65750,69020,1399-11-12
232,دزهراويح,ح . ‌داروسازي‌زهراوي‌,1895,7037627,47233689440,7130,7210,6550,-580,-8.13,6710,-420,-5.89,6430,7210,1399-11-12
233,غگلستا,شير پاستوريزه پگاه گلستان,1894,7628478,221675924721,27897,29291,29291,1394,5.0,29059,1162,4.17,28010,29291,1399-11-12
234,سبجنو,سيمان‌ بجنورد,1887,3326060,148882818730,43380,45540,45540,2160,4.98,44760,1380,3.18,42000,45540,1399-11-12
235,نوين,بيمه نوين,1887,15981061,111330213113,7091,7240,6771,-320,-4.51,6966,-125,-1.76,6742,7250,1399-11-12
236,فروس,فروسيليس‌ ايران‌,1881,17869448,86295808870,4990,5090,4750,-240,-4.81,4830,-160,-3.21,4750,5090,1399-11-12
237,غپينو,پارس‌ مينو,1881,14895194,112366887260,7860,7720,7470,-390,-4.96,7540,-320,-4.07,7470,8000,1399-11-12
238,شكربن,كربن‌ ايران‌,1865,1476417,143627614740,101430,98320,96360,-5070,-5.0,97280,-4150,-4.09,96360,101430,1399-11-12
239,سيلام,سيمان‌ ايلام‌,1854,18546785,163661177910,8440,8860,8860,420,4.98,8820,380,4.5,8570,8860,1399-11-12
240,افق,فروشگاههاي زنجيره اي افق كوروش,1839,2362197,197158113380,83310,84980,83000,-310,-0.37,83460,150,0.18,81900,85290,1399-11-12
241,رمپنا,گروه مپنا (سهامي عام),1837,12944543,233651990430,17880,18770,17500,-380,-2.13,18050,170,0.95,17220,18770,1399-11-12
242,واعتبار,سرمايه گذاري اعتبار ايران,1836,11668478,100526948620,8500,8850,8350,-150,-1.76,8620,120,1.41,8250,8900,1399-11-12
243,آ س پ,آ.س.پ,1811,6496565,94234250724,14016,14590,14716,700,4.99,14505,489,3.49,14020,14716,1399-11-12
244,خموتور,موتورسازان‌تراكتورسازي‌ايران‌,1810,8574678,170133757290,20470,19980,19450,-1020,-4.98,19840,-630,-3.08,19450,21000,1399-11-12
245,وبيمه,سرمايه‌ گذاري‌ صنعت‌ بيمه‌,1809,25399649,77037467940,3140,3140,2990,-150,-4.78,3030,-110,-3.5,2990,3210,1399-11-12
246,شپترو,پتروشيمي آبادان,1787,25517459,117640874366,4740,4700,4598,-142,-3.0,4610,-130,-2.74,4598,4770,1399-11-12
247,دبالك,مواد اوليه دارويي البرز بالك,1782,6470229,129478633631,20748,21400,19711,-1037,-5.0,20011,-737,-3.55,19711,21650,1399-11-12
248,تپمپي,پمپ‌ سازي‌ ايران‌,1762,5277334,117410091290,23210,23900,22050,-1160,-5.0,22250,-960,-4.14,22050,23900,1399-11-12
249,غپاك,لبنيات‌ پاك‌,1757,11350634,170487603090,14350,15060,15060,710,4.95,15020,670,4.67,14600,15060,1399-11-12
250,ديران,ايران‌دارو,1754,4521298,136320782570,31070,30360,29520,-1550,-4.99,30150,-920,-2.96,29520,31400,1399-11-12
251,ومهان,گروه توسعه مالي مهر آيندگان,1750,6156179,81709472244,13366,13939,13000,-366,-2.74,13273,-93,-0.7,12830,13950,1399-11-12
252,وسپه,سرمايه‌گذاري‌ سپه‌,1748,14720457,108603050430,7600,7880,7500,-100,-1.32,7380,-220,-2.89,7220,7900,1399-11-12
253,مرقام,ايران‌ارقام‌,1747,5486707,101498277320,18220,18600,18200,-20,-0.11,18500,280,1.54,17600,19130,1399-11-12
254,فالوم,آلومتك‌,1735,5625246,225342470371,38955,38500,40123,1168,3.0,40059,1104,2.83,38500,40123,1399-11-12
255,چافست,افست‌,1732,6242803,98415392120,16290,16700,15540,-750,-4.6,15760,-530,-3.25,15480,16870,1399-11-12
256,غفارس,شير پاستوريزه پگاه فارس,1730,15918322,177022221276,10611,10900,11141,530,4.99,11121,510,4.81,10858,11141,1399-11-12
257,غاذر,كشت‌وصنعت‌پياذر,1703,2747408,145135612330,50990,53500,53530,2540,4.98,52830,1840,3.61,49500,53530,1399-11-12
258,اعتماد,صندوق س.اعتماد آفرين پارسيان-د,1699,41940430,1451966725060,34600,34617,34622,22,0.06,34620,20,0.06,34617,34622,1399-11-12
259,سيستم,همكاران سيستم,1692,3405860,114240167280,32740,33600,34300,1560,4.76,33540,800,2.44,31300,34370,1399-11-12
260,حتايد,تايدواترخاورميانه,1682,9650197,234976705970,25280,25250,24020,-1260,-4.98,24350,-930,-3.68,24020,25540,1399-11-12
261,شغدير,پتروشيمي غدير,1670,2895634,180120568804,64684,65990,61450,-3234,-5.0,62204,-2480,-3.83,61450,65990,1399-11-12
262,تكمبا,كمباين‌ سازي‌ ايران‌,1667,13188589,130506315420,10290,10290,9780,-510,-4.96,9900,-390,-3.79,9780,10440,1399-11-12
263,شرانل,نفت ايرانول,1650,4822798,195397465575,42079,41960,39976,-2103,-5.0,40515,-1564,-3.72,39976,42000,1399-11-12
264,ونفت,سرمايه‌گذاري‌ صنعت‌ نفت‌,1648,8510946,153524347200,18620,18930,17690,-930,-4.99,18040,-580,-3.11,17690,18930,1399-11-12
265,كطبس,ذغال‌سنگ‌ نگين‌ ط‌بس‌,1645,3341981,261900164370,74780,77990,78510,3730,4.99,78370,3590,4.8,75010,78510,1399-11-12
266,بزاگرس,نيروگاه زاگرس كوثر,1632,7120173,50886407387,7333,7600,6967,-366,-4.99,7147,-186,-2.54,6967,7600,1399-11-12
267,سمازن,سيمان‌مازندران‌,1629,11961507,119581701390,9700,10180,9860,160,1.65,10000,300,3.09,9630,10180,1399-11-12
268,خوساز,محورسازان‌ايران‌خودرو,1629,11630893,98411985730,8360,8740,8100,-260,-3.11,8460,100,1.2,7950,8770,1399-11-12
269,شبهرن,نفت‌ بهران‌,1624,4140704,256332003050,63970,64990,61270,-2700,-4.22,61910,-2060,-3.22,60780,65040,1399-11-12
270,بورس,بورس اوراق بهادار تهران,1609,2318032,106846246160,46600,48500,44930,-1670,-3.58,46090,-510,-1.09,44500,48610,1399-11-12
271,قصفها,قنداصفهان‌,1608,1002804,158182492910,150920,158460,158460,7540,5.0,157740,6820,4.52,151000,158460,1399-11-12
272,غديس,پاكديس,1588,6671258,85982437803,13358,13675,12691,-667,-4.99,12888,-470,-3.52,12691,13675,1399-11-12
273,زفكا,كشت و دامداري فكا,1581,6434348,76793741528,12340,12200,11751,-589,-4.77,11935,-405,-3.28,11723,12600,1399-11-12
274,زمگسا,كشاورزي‌ ودامپروي‌ مگسال‌,1555,3581298,108740400480,31380,31590,29820,-1560,-4.97,30360,-1020,-3.25,29820,31800,1399-11-12
275,غمينوح,ح . شركت صنايع غذايي مينو شرق,1551,4307136,39714820375,9552,10015,9075,-477,-4.99,9221,-331,-3.47,9075,10015,1399-11-12
276,شكف,كف,1547,1316400,113977280276,86224,87948,84990,-1234,-1.43,86583,359,0.42,84500,87948,1399-11-12
277,كهمدا,شيشه‌ همدان‌,1539,6967030,75366393850,10750,11280,10480,-270,-2.51,10820,70,0.65,10290,11280,1399-11-12
278,ثمسكن,سرمايه‌گذاري‌ مسكن‌,1518,16039231,83008546030,4960,5200,5200,240,4.84,5180,220,4.44,5020,5200,1399-11-12
279,خودكفا,اقتصادي و خودكفايي آزادگان,1510,4467136,138206879964,31770,31000,30817,-953,-3.0,30939,-831,-2.62,30817,31500,1399-11-12
280,ثعمرا,عمران و توسعه شاهد,1509,8324751,91787764789,11039,11500,10650,-389,-3.52,11026,-13,-0.12,10500,11569,1399-11-12
281,قنقش,قند نقش جهان,1509,1687815,123561579709,73766,72291,72291,-1475,-2.0,73208,-558,-0.76,72291,75241,1399-11-12
282,سامان,بانك سامان,1482,16895380,180604304642,10446,10759,10759,313,3.0,10690,244,2.34,10179,10759,1399-11-12
283,ثشرق,سرمايه گذاري مسكن شمال شرق,1480,14574332,85308236890,6080,6260,5780,-300,-4.93,5850,-230,-3.78,5780,6260,1399-11-12
284,زاگرس,پتروشيمي زاگرس,1478,686432,131762856447,196649,200070,192040,-4609,-2.34,191953,-4696,-2.39,186817,204000,1399-11-12
285,غبهنوش,بهنوش‌ ايران‌,1472,1340699,102703701240,79700,80950,75720,-3980,-4.99,76600,-3100,-3.89,75720,80950,1399-11-12
286,فسپا,گروه‌صنعتي‌سپاهان‌,1468,3149171,137025101340,44310,44900,42280,-2030,-4.58,43510,-800,-1.81,42100,45520,1399-11-12
287,وكار,بانك‌ كارآفرين‌,1458,27191707,74605843260,2860,2810,2730,-130,-4.55,2740,-120,-4.2,2720,2940,1399-11-12
288,خمهر,مهركام‌پارس‌,1455,24212099,70076295630,3000,3070,2850,-150,-5.0,2890,-110,-3.67,2850,3080,1399-11-12
289,غشهد,شهد ايران ‌,1452,15448706,108407262720,6960,7300,6740,-220,-3.16,7020,60,0.86,6640,7300,1399-11-12
290,شصدف,صنعتي دوده فام,1450,33714,966546666,27304,28669,28669,1365,5.0,27329,25,0.09,28669,28669,1399-11-12
291,رنيك,جنرال مكانيك,1432,4753300,106672786111,23190,23400,22031,-1159,-5.0,22442,-748,-3.23,22031,23690,1399-11-12
292,شفارس,صنايع‌ شيميايي‌ فارس‌,1421,3048356,140304356500,44430,45500,46650,2220,5.0,46030,1600,3.6,44500,46650,1399-11-12
293,سپاها,سيمان‌سپاهان‌,1409,10770605,94221726890,8790,9050,8450,-340,-3.87,8750,-40,-0.46,8360,9080,1399-11-12
294,قشير,قند شيروان قوچان و بجنورد,1405,2928250,74061926154,26350,27000,25033,-1317,-5.0,25292,-1058,-4.02,25033,27000,1399-11-12
295,ورازي,بيمه رازي,1404,8770838,79339695201,8950,9397,8769,-181,-2.02,9046,96,1.07,8604,9397,1399-11-12
296,فپنتا,سپنتا,1403,191798,80344045890,417460,438330,427400,9940,2.38,418900,1440,0.34,397590,438330,1399-11-12
297,وايرا,سرمايه گذاري صنايع ايران,1402,7521345,90846994324,12402,12100,12030,-372,-3.0,12079,-323,-2.6,12030,12380,1399-11-12
298,حسينا,توسعه خدمات دريايي وبندري سينا,1391,1114486,84293566498,73845,77537,75000,1155,1.56,75634,1789,2.42,73851,77537,1399-11-12
299,غمارگ,مارگارين‌,1381,4546244,137559304970,30730,32080,30280,-450,-1.46,30260,-470,-1.53,29210,32080,1399-11-12
300,پارسان,گسترش نفت و گاز پارسيان,1370,6769373,128069265310,19160,19870,18560,-600,-3.13,18920,-240,-1.25,18400,19870,1399-11-12
301,فباهنر,مس‌ شهيدباهنر,1368,1354933,74194524890,56100,58000,53800,-2300,-4.1,54760,-1340,-2.39,53700,58000,1399-11-12
302,واتي,سرمايه‌ گذاري‌ آتيه‌ دماوند,1359,22339148,256330893230,10960,11500,11500,540,4.93,11470,510,4.65,11130,11500,1399-11-12
303,رتكو,كنترل‌خوردگي‌تكين‌كو,1341,7928132,155895519290,20020,19980,19800,-220,-1.1,19660,-360,-1.8,19020,20900,1399-11-12
304,ثباغ,شهر سازي و خانه سازي باغميشه,1339,4784742,77213132906,16700,17010,15865,-835,-5.0,16137,-563,-3.37,15865,17210,1399-11-12
305,دشيري,شيرين دارو,1332,676212,170006672724,247464,254887,243400,-4064,-1.64,251410,3946,1.59,240041,254887,1399-11-12
306,حريل,ريل پردازسير,1328,18295817,97156233644,5512,5399,5237,-275,-4.99,5310,-202,-3.66,5237,5490,1399-11-12
307,پكوير,كوير تاير,1327,6832214,100851422690,15270,15500,14510,-760,-4.98,14760,-510,-3.34,14510,15800,1399-11-12
308,خلنت,لنت‌ ترمزايران‌,1312,1028473,120635056040,119980,120000,113990,-5990,-4.99,117300,-2680,-2.23,113990,123500,1399-11-12
309,ارفع,شركت آهن و فولاد ارفع,1309,5009655,61239622006,12507,13090,12000,-507,-4.05,12224,-283,-2.26,11940,13090,1399-11-12
310,دكوثر,داروسازي‌ كوثر,1300,5838949,127745317210,22760,22820,21630,-1130,-4.96,21880,-880,-3.87,21630,23250,1399-11-12
311,كمنگنز,معادن‌منگنزايران‌,1289,993078,102561419230,104010,108800,101350,-2660,-2.56,103280,-730,-0.7,98900,108800,1399-11-12
312,دفارا,داروسازي‌ فارابي‌,1289,2263645,127595744030,53830,56520,56520,2690,5.0,56370,2540,4.72,54110,56520,1399-11-12
313,كشرق,صنعتي و معدني شمال شرق شاهرود,1280,1150576,111750328552,100868,103900,95825,-5043,-5.0,97126,-3742,-3.71,95825,103900,1399-11-12
314,شاراك,پتروشيمي شازند,1263,6243892,152129016000,24800,25590,24100,-700,-2.82,24360,-440,-1.77,23560,25700,1399-11-12
315,وثخوز,سرمايه گذاري و توسعه خوزستان,1257,1122711,79231178387,72856,76488,69214,-3642,-5.0,70571,-2285,-3.14,69214,76488,1399-11-12
316,وسكاب,س.ص.بازنشستگي كاركنان بانكها,1256,13342769,88007323160,6630,6670,6620,-10,-0.15,6600,-30,-0.45,6390,6790,1399-11-12
317,ولبهمن,شركت بهمن ليزينگ,1252,10867198,79054080759,7470,7710,7233,-237,-3.17,7275,-195,-2.61,7144,7710,1399-11-12
318,مفاخر,توسعه فناوري اطلاعات خوارزمي,1250,2850556,139179029191,47564,47564,49942,2378,5.0,48825,1261,2.65,45186,49942,1399-11-12
319,وصندوق,سرمايه‌گذاري‌صندوق‌بازنشستگي‌,1246,16312472,225466155160,13330,13510,13770,440,3.3,13820,490,3.68,13510,13990,1399-11-12
320,سخزر,سيمان‌ خزر,1245,2167977,67327965370,32180,33250,30580,-1600,-4.97,31060,-1120,-3.48,30580,33250,1399-11-12
321,شسپا,نفت سپاهان,1244,3902431,97906885610,25270,26440,24750,-520,-2.06,25090,-180,-0.71,24400,26440,1399-11-12
322,خاور,ايران خودرو ديزل,1243,14695724,102135389577,7129,7219,6916,-213,-2.99,6950,-179,-2.51,6916,7220,1399-11-12
323,خاهن,آهنگري‌ تراكتورسازي‌ ايران‌,1241,4985013,190137254170,38940,39640,38010,-930,-2.39,38140,-800,-2.05,38000,39640,1399-11-12
324,دسانكو,داروسازي سبحان انكولوژي,1235,3597523,55964522987,15760,16350,15200,-560,-3.55,15556,-204,-1.29,14972,16350,1399-11-12
325,فن آوا,گروه فن آوا,1235,7377252,136067845029,18219,18000,18000,-219,-1.2,18444,225,1.23,17673,18765,1399-11-12
326,فيروزه,صندوق شاخص30 شركت فيروزه- سهام,1223,861807,131541611320,151450,156000,146500,-4950,-3.27,152630,1180,0.78,146030,159470,1399-11-12
327,شكلر,نيروكلر,1220,1348310,79940121090,61130,63490,58080,-3050,-4.99,59290,-1840,-3.01,58080,63490,1399-11-12
328,خكاوه,سايپا ديزل,1211,21849273,105962660858,4966,5050,4818,-148,-2.98,4850,-116,-2.34,4818,5050,1399-11-12
329,بساما,بيمه سامان,1211,3561805,84991034993,23067,24220,23250,183,0.79,23862,795,3.45,22511,24220,1399-11-12
330,حپترو,حمل و نقل پتروشيمي( سهامي عام,1198,2506127,97139861180,37180,38900,38000,820,2.21,38760,1580,4.25,37210,39030,1399-11-12
331,فبيرا,بسته‌ بندي‌ ايران‌,1194,19878642,62507627434,3141,3050,3235,94,2.99,3144,3,0.1,3047,3235,1399-11-12
332,فرآور,فرآوري‌موادمعدني‌ايران‌,1190,2972191,106907625420,36980,37000,35140,-1840,-4.98,35970,-1010,-2.73,35140,37300,1399-11-12
333,خچرخش,چرخشگر,1180,5067248,84710786040,15950,16740,16740,790,4.95,16720,770,4.83,16200,16740,1399-11-12
334,فلوله,لوله‌وماشين‌سازي‌ايران‌,1176,5247031,110544284620,21670,21900,20590,-1080,-4.98,21070,-600,-2.77,20590,22430,1399-11-12
335,غمينو,شركت صنايع غذايي مينو شرق,1173,3806710,54867075590,15039,14501,14288,-751,-4.99,14413,-626,-4.16,14288,15000,1399-11-12
336,كفپارس,فرآورده‌هاي‌ نسوز پارس‌,1154,12175769,51414359040,4370,4420,4160,-210,-4.81,4220,-150,-3.43,4160,4420,1399-11-12
337,وتعاون,بيمه  تعاون,1151,8236466,60547489812,7362,7582,7142,-220,-2.99,7351,-11,-0.15,7142,7582,1399-11-12
338,وبهمن,سرمايه‌گذاري‌بهمن‌,1150,5956258,115678005530,20070,20000,19070,-1000,-4.98,19420,-650,-3.24,19070,20480,1399-11-12
339,خشرق,الكتريك‌ خودرو شرق‌,1149,4338702,80508146870,19290,19260,18330,-960,-4.98,18560,-730,-3.78,18330,19760,1399-11-12
340,وملل,اعتباري ملل,1135,6634256,99086512607,14904,15400,14530,-374,-2.51,14936,32,0.21,14400,15498,1399-11-12
341,كمينا,شيشه سازي مينا,1120,3153380,87539782968,28857,28890,27827,-1030,-3.57,27761,-1096,-3.8,27415,29200,1399-11-12
342,شوينده,مديريت صنعت شوينده ت.ص.بهشهر,1118,2417547,82923619850,34080,33860,34940,860,2.52,34300,220,0.65,33060,35220,1399-11-12
343,كگاز,شيشه‌ و گاز,1093,2222484,39376411220,18170,18990,17470,-700,-3.85,17820,-350,-1.93,17270,18990,1399-11-12
344,غشصفا,شيرپاستوريزه‌پگاه‌اصفهان‌,1092,2642818,70772933640,27980,27420,26800,-1180,-4.22,26780,-1200,-4.29,26590,27800,1399-11-12
345,شسينا,صنايع‌شيميايي‌سينا,1084,371848,55024995930,154480,151000,146760,-7720,-5.0,147980,-6500,-4.21,146760,153500,1399-11-12
346,شكبير,پتروشيمي اميركبير,1083,6230299,554839811163,86465,89058,89058,2593,3.0,89055,2590,3.0,86690,89058,1399-11-12
347,كساوه,صنايع‌ كاشي‌ و سراميك‌ سينا,1070,1565051,128002018690,85660,83000,81380,-4280,-5.0,81790,-3870,-4.52,81380,87000,1399-11-12
348,غالبر,لبنيات‌ كالبر,1064,7493469,110220886840,14010,14710,14710,700,5.0,14710,700,5.0,14440,14710,1399-11-12
349,سغرب,سيمان‌غرب‌,1060,2077455,55495313430,26330,27180,26010,-320,-1.22,26710,380,1.44,25200,27550,1399-11-12
350,كاريس,صندوق س.سپهر كاريزما-س,1057,6676758,75659462754,11438,11890,11111,-327,-2.86,11332,-106,-0.93,10980,11950,1399-11-12
351,وصنا,گروه‌صنايع‌بهشهرايران‌,1043,6602011,42669452830,6640,6780,6320,-320,-4.82,6490,-150,-2.26,6310,6790,1399-11-12
352,فنوال,نورد آلومينيوم‌,1037,7883582,197511210130,23890,25080,25080,1190,4.98,25050,1160,4.86,24270,25080,1399-11-12
353,هرمز,فولاد هرمزگان جنوب,1036,5442228,71548063423,13529,13954,12940,-589,-4.35,13301,-228,-1.69,12861,13954,1399-11-12
354,غويتا,ويتانا,1035,2087060,46262473134,23223,23220,22062,-1161,-5.0,22231,-992,-4.27,22062,23221,1399-11-12
355,خپويش,سازه‌ پويش‌,1016,1615476,71107355680,46240,43940,43930,-2310,-5.0,44020,-2220,-4.8,43930,45800,1399-11-12
356,اميد,تامين سرمايه اميد,1016,6852797,57106763550,8240,8650,8380,140,1.7,8330,90,1.09,7990,8650,1399-11-12
357,دلقما,دارويي‌ لقمان‌,1012,2484371,57874405500,24250,25200,23040,-1210,-4.99,23300,-950,-3.92,23040,25200,1399-11-12
358,ميدكو,هلدينگ صنايع  معدني خاورميانه,1009,2566857,82155798287,31831,31832,32015,184,0.58,31950,119,0.37,31105,32227,1399-11-12
359,جم,پتروشيمي جم,1009,1221713,51903653340,43000,44600,41740,-1260,-2.93,42740,-260,-0.6,41500,44600,1399-11-12
360,پاسا,ايران‌ياساتايرورابر,1009,2448758,64924934860,26710,27680,25800,-910,-3.41,26510,-200,-0.75,25700,27700,1399-11-12
361,همراه,شركت ارتباطات سيار ايران,1001,1707843,47522933470,28110,28370,27550,-560,-1.99,27980,-130,-0.46,27040,29190,1399-11-12
362,سرچشمه,سرمايه گذاري مس سرچشمه,994,5519435,39207751444,7270,7500,7020,-250,-3.44,7141,-129,-1.77,6946,7500,1399-11-12
363,سكرما,سيمان‌ كرمان‌,993,3396933,55282673210,16560,17340,15780,-780,-4.71,16270,-290,-1.75,15740,17380,1399-11-12
364,فايرا,آلومينيوم‌ايران‌,983,3453873,85252120390,24400,25030,24400,0,0.0,24680,280,1.15,23520,25490,1399-11-12
365,سرود,سيمان‌شاهرود,982,4152833,77025094600,19260,19000,18300,-960,-4.98,18550,-710,-3.69,18300,19490,1399-11-12
366,زفكاح,ح . كشت و دامداري فكا,980,6284599,49818137919,8292,8061,7878,-414,-4.99,7927,-365,-4.4,7878,8550,1399-11-12
367,دارو,كارخانجات‌داروپخش‌,980,1933318,71233218560,35580,37340,37350,1770,4.97,36850,1270,3.57,34300,37350,1399-11-12
368,شجم,صنايع پتروشيمي تخت جمشيد,975,5802358,71190316916,11954,12312,12140,186,1.56,12269,315,2.64,12000,12312,1399-11-12
369,طلا,صندوق س.پشتوانه طلاي لوتوس,966,953983,74467128752,77164,77400,79255,2091,2.71,78059,895,1.16,77000,79900,1399-11-12
370,سباقر,سيمان باقران,964,5196790,80166688422,15811,15610,15390,-421,-2.66,15426,-385,-2.44,15337,16090,1399-11-12
371,ركيش,كارت اعتباري ايران كيش,962,6812954,144746655060,22240,22000,21130,-1110,-4.99,21250,-990,-4.45,21130,22200,1399-11-12
372,كيان,صندوق س. با درآمد ثابت كيان,941,12712120,343021947781,26974,26980,26987,13,0.05,26984,10,0.04,26980,26989,1399-11-12
373,وارس,سرمايه گذاري ارس صبا,940,8644892,163359893887,19457,18874,18874,-583,-3.0,18897,-560,-2.88,18874,19450,1399-11-12
374,دپارس,پارس‌ دارو,937,1028458,91071785930,86150,90000,90450,4300,4.99,88550,2400,2.79,85500,90450,1399-11-12
375,خديزل,بهمن  ديزل,933,1671632,78606308219,46365,48683,47885,1520,3.28,47024,659,1.42,45001,48683,1399-11-12
376,داروح,ح . كارخانجات‌داروپخش,932,2123173,67521286810,31000,31690,32300,1300,4.19,31800,800,2.58,29410,33200,1399-11-12
377,پرديس,سرمايه گذاري پرديس,931,10136273,66224042560,6490,6810,6430,-60,-0.92,6530,40,0.62,6350,6810,1399-11-12
378,هجرت,پخش هجرت,925,1751501,49905597456,27367,28500,28735,1368,5.0,28426,1059,3.87,27510,28735,1399-11-12
379,پلاسك,پلاسكوكار,925,7893649,74276977320,9830,9850,9340,-490,-4.98,9410,-420,-4.27,9340,9850,1399-11-12
380,آريان,سرمايه گذاري پارس آريان,904,14225978,192794586261,13588,13700,13500,-88,-0.65,13552,-36,-0.26,13200,13900,1399-11-12
381,كوير,توليدي فولاد سپيد فراب كوير,903,6205011,146003908830,22410,23530,23530,1120,5.0,23530,1120,5.0,23530,23530,1399-11-12
382,وتوكا,سرمايه‌گذاري‌توكافولاد(هلدينگ,896,6527945,73573088750,11660,11990,11080,-580,-4.97,11270,-390,-3.34,11080,12000,1399-11-12
383,زماهان,مجتمع توليد گوشت مرغ ماهان,894,1804289,89931662549,47799,50188,49980,2181,4.56,49843,2044,4.28,47800,50188,1399-11-12
384,بخاور,بيمه زندگي خاورميانه,892,7579504,54774624037,7295,7659,7149,-146,-2.0,7227,-68,-0.93,6931,7659,1399-11-12
385,وسين,بيمه سينا,884,4105929,71978990053,17923,18580,17210,-713,-3.98,17530,-393,-2.19,17210,18810,1399-11-12
386,وخاور,بانك خاورميانه,879,5816332,59140250070,10350,10560,10110,-240,-2.32,10170,-180,-1.74,9840,10750,1399-11-12
387,سهگمت,سيمان‌هگمتان‌,872,2120507,51888410780,24900,26100,23690,-1210,-4.86,24470,-430,-1.73,23660,26140,1399-11-12
388,تيپيكو,سرمايه گذاري دارويي تامين,863,1486105,70331000320,48050,49100,47250,-800,-1.66,47430,-620,-1.29,46590,49100,1399-11-12
389,كقزوي,شيشه‌ قزوين‌,863,5932223,62679975071,10726,10405,10405,-321,-2.99,10566,-160,-1.49,10405,10990,1399-11-12
390,آساس,صندوق س.آسمان آرماني سهام-س,858,677408,116747891491,172979,175720,168001,-4978,-2.88,172345,-634,-0.37,166000,177917,1399-11-12
391,واميد,گروه مديريت سرمايه گذاري اميد,855,3338130,131352092180,39710,40200,40580,870,2.19,39350,-360,-0.91,38050,40580,1399-11-12
392,ولتجار,واسپاري تجارت وسرمايه ايرانيان,854,6672155,56820540771,8505,8740,8630,125,1.47,8516,11,0.13,8250,8740,1399-11-12
393,رتاپ,تجارت الكترونيك  پارسيان,854,3444133,20346844790,6040,6190,5850,-190,-3.15,5990,-50,-0.83,5830,6210,1399-11-12
394,وتوسم,سرمايه‌گذاري‌توسعه‌ملي‌,853,3706332,44439379470,11890,12100,11640,-250,-2.1,11970,80,0.67,11620,12450,1399-11-12
395,خكار,ايركا پارت صنعت,853,2854797,60120349500,21860,20830,20770,-1090,-4.99,21060,-800,-3.66,20770,22250,1399-11-12
396,دعبيد,لابراتوارداروسازي‌  دكترعبيدي‌,850,1082285,29626841420,27090,28180,26760,-330,-1.22,27250,160,0.59,26250,28440,1399-11-12
397,غشان,شيرپاستوريزه‌پگاه‌خراسان‌,842,6298263,40512281520,6710,6680,6380,-330,-4.92,6470,-240,-3.58,6380,6700,1399-11-12
398,شاوان,پالايش نفت لاوان,842,695637,62302861304,92248,96000,87636,-4612,-5.0,89562,-2686,-2.91,87636,96000,1399-11-12
399,وثنو,سرمايه گذاري ساختماني نوين,840,2829724,48404096694,17748,17990,16861,-887,-5.0,17106,-642,-3.62,16861,18480,1399-11-12
400,سدور,سيمان‌ دورود,836,6586286,141736874720,20500,21520,21520,1020,4.98,21520,1020,4.98,21520,21520,1399-11-12
401,قشهد,شهد,832,1000540,32357403940,33370,32090,32500,-870,-2.61,32650,-720,-2.16,31710,33830,1399-11-12
402,فولاژ,فولاد آلياژي ايران,822,2349803,37910431690,16650,17200,15860,-790,-4.74,16350,-300,-1.8,15820,17200,1399-11-12
403,لبوتان,گروه‌صنعتي‌بوتان‌,822,550191,37866615670,68390,71700,68390,0,0.0,68710,320,0.47,66300,71700,1399-11-12
404,غپونه,نوش پونه مشهد,820,2298899,47315389996,20806,20300,20202,-604,-2.9,20582,-224,-1.08,20182,21400,1399-11-12
405,وپترو,سرمايه‌گذاري صنايع پتروشيمي‌,820,4446614,70880449020,16310,16860,15580,-730,-4.48,15940,-370,-2.27,15500,16900,1399-11-12
406,شپاكسا,پاكسان‌,811,2977920,97109499760,32010,32360,32010,0,0.0,32610,600,1.87,31570,33420,1399-11-12
407,وآرين,شركت توسعه اقتصادي آرين,808,5951015,28325131206,4890,4894,4744,-146,-2.99,4760,-130,-2.66,4744,4940,1399-11-12
408,سيدكو,سرمايه گذاري توسعه صنايع سيمان,805,5108694,30387268370,6040,6200,5860,-180,-2.98,5980,-60,-0.99,5780,6290,1399-11-12
409,لسرما,سرما آفرين‌,799,2476936,68765686180,28830,28850,27390,-1440,-4.99,27760,-1070,-3.71,27390,29400,1399-11-12
410,وسينا,بانك سينا,792,23189849,82734313960,3400,3570,3570,170,5.0,3570,170,5.0,3470,3570,1399-11-12
411,اعتلا,شركت سرمايه گذاري اعتلاء البرز,787,4362659,35629168799,8362,8610,8140,-222,-2.65,8220,-142,-1.7,7944,8610,1399-11-12
412,واحيا,م .صنايع و معادن احياء سپاهان,785,749141,121650144305,166151,167000,161167,-4984,-3.0,162386,-3765,-2.27,161167,170000,1399-11-12
413,پخش,پخش البرز,782,1982266,62140292868,30451,31670,31973,1522,5.0,31348,897,2.95,29700,31973,1399-11-12
414,كفرا,فراورده‌ هاي‌ نسوزايران‌,768,824097,40360181310,50510,48590,47990,-2520,-4.99,49180,-1330,-2.63,47990,52200,1399-11-12
415,تنوين,تامين سرمايه نوين,761,8322675,49927860310,5980,6170,6020,40,0.67,6000,20,0.33,5690,6170,1399-11-12
416,پارس,پتروشيمي پارس,757,817138,108182922300,134390,140000,129600,-4790,-3.56,132390,-2000,-1.49,129510,140000,1399-11-12
417,مداران,داده‌پردازي‌ايران‌,756,2165257,58242677740,28140,26790,26740,-1400,-4.98,26900,-1240,-4.41,26740,27990,1399-11-12
418,لوتوس,تامين سرمايه لوتوس پارسيان,754,4381983,48475022500,10750,11280,10770,20,0.19,11040,290,2.7,10650,11280,1399-11-12
419,غپآذر,شير پگاه آذربايجان شرقي,739,788646,51073256616,67806,64416,64416,-3390,-5.0,64761,-3045,-4.49,64416,66400,1399-11-12
420,كرماشا,صنايع پتروشيمي كرمانشاه,732,1103530,41718244400,37220,39080,36800,-420,-1.13,37680,460,1.24,36800,39080,1399-11-12
421,اطلس,صندوق س.توسعه اندوخته آينده-س,732,521416,105873588847,206563,209110,200100,-6463,-3.13,203050,-3513,-1.7,199721,210000,1399-11-12
422,بنيرو,نيروترانس‌,732,2164379,38440974480,18390,18000,17480,-910,-4.95,17870,-520,-2.83,17480,18940,1399-11-12
423,بهپاك,صنعتي بهپاك,732,2005561,82260608536,40690,41340,41870,1180,2.9,41016,326,0.8,38910,42650,1399-11-12
424,گشان,توسعه بين المللي پديده شانديز,728,909594,42148766772,47283,46338,46338,-945,-2.0,46338,-945,-2.0,46338,46338,1399-11-12
425,وبشهر,توسعه‌ صنايع‌ بهشهر(هلدينگ,717,2966476,36031315470,12350,12600,12220,-130,-1.05,12200,-150,-1.21,11780,12960,1399-11-12
426,گوهران,سرمايه گذاري توسعه گوهران اميد,716,3350114,26548693248,7891,8170,8038,147,1.86,7909,18,0.23,7722,8170,1399-11-12
427,ما,بيمه  ما,713,4596670,39137325610,8500,8750,8540,40,0.47,8510,10,0.12,8320,8750,1399-11-12
428,سپ,پرداخت الكترونيك سامان كيش,707,1879020,30316598790,16530,16690,15750,-780,-4.72,16270,-260,-1.57,15750,16900,1399-11-12
429,شفارا,پتروشيمي فارابي,705,7832923,35538101863,4661,4690,4522,-139,-2.98,4537,-124,-2.66,4522,4730,1399-11-12
430,اپرداز,آتيه داده پرداز,702,2478342,51900736415,21677,22680,20594,-1083,-5.0,20942,-735,-3.39,20594,22680,1399-11-12
431,زكشت,كشاورزي مكانيزه اصفهان كشت,699,1743061,53917174890,32434,32900,30813,-1621,-5.0,30932,-1502,-4.63,30813,32900,1399-11-12
432,كنور,توسعه معدني و صنعتي صبانور,697,1138488,51147059040,44580,44510,44290,-290,-0.65,44910,330,0.74,44000,45550,1399-11-12
433,وزمين,بانك ايران زمين,691,6214363,91429229183,14606,14898,14600,-6,-0.04,14713,107,0.73,14440,14898,1399-11-12
434,سهرمز,سيمان‌هرمزگان‌,690,1713456,44194190190,25570,26690,25500,-70,-0.27,25760,190,0.74,24900,26690,1399-11-12
435,مبين,مبين انرژي خليج فارس,687,3836827,53736086240,13780,14400,13820,40,0.29,13890,110,0.8,13540,14400,1399-11-12
436,كگهر,سنگ آهن گهرزمين,686,1878293,87305582233,46209,48517,47165,956,2.07,46403,194,0.42,45500,48517,1399-11-12
437,غبشهر,صنعتي‌ بهشهر,686,2912331,61252822960,21320,21500,20270,-1050,-4.92,21030,-290,-1.36,20260,22380,1399-11-12
438,دكيمي,كيميدارو,685,2024557,52592856630,24980,25500,26220,1240,4.96,25980,1000,4.0,24000,26220,1399-11-12
439,پكرمان,گروه‌ صنعتي‌ بارز,685,4027054,112558473170,28460,29600,27360,-1100,-3.87,27950,-510,-1.79,27210,29600,1399-11-12
440,سخوز,سيمان خوزستان,683,1406177,33531538340,24250,24890,23500,-750,-3.09,23990,-260,-1.07,23440,24890,1399-11-12
441,نيرو,نيرو سرمايه,680,984037,65355498016,65418,66990,65889,471,0.72,66416,998,1.53,64300,67380,1399-11-12
442,شگل,گلتاش‌,673,1584864,42402218230,27570,26830,27090,-480,-1.74,26860,-710,-2.58,26220,27500,1399-11-12
443,دامين,داروسازي‌ امين‌,671,2462322,37886545700,15440,15900,15260,-180,-1.17,15400,-40,-0.26,15100,15900,1399-11-12
444,كبافق,معادن‌ بافق‌,666,1115439,63033457890,53820,56510,56510,2690,5.0,56510,2690,5.0,56510,56510,1399-11-12
445,كپرور,فرآوري زغال سنگ پروده طبس,660,803872,31489097795,39185,40600,38100,-1085,-2.77,39177,-8,-0.02,38000,40600,1399-11-12
446,غگلپا,شير پاستوريزه پگاه گلپايگان,659,663851,41447595484,62143,64000,63000,857,1.38,62379,236,0.38,60500,64000,1399-11-12
447,تماوند,تامين سرمايه دماوند,657,3159923,58726850766,18502,18500,18500,-2,-0.01,18585,83,0.45,18000,19250,1399-11-12
448,شپارس,بين‌ المللي‌ محصولات‌  پارس‌,638,2488286,43717311590,18350,18680,17440,-910,-4.96,17630,-720,-3.92,17440,18680,1399-11-12
449,ساينا,صنايع بهداشتي ساينا,637,355209,61317948349,177718,186603,168833,-8885,-5.0,172625,-5093,-2.87,168833,186603,1399-11-12
450,قمرو,قند مرودشت‌,631,564797,15374219080,27440,28810,27400,-40,-0.15,27370,-70,-0.26,26140,28810,1399-11-12
451,داوه,داروسازي آوه سينا,628,1376556,28329505244,21540,20800,20463,-1077,-5.0,20949,-591,-2.74,20463,21259,1399-11-12
452,سشمال,سيمان‌ شمال‌,619,2249503,22135830100,9820,10250,9800,-20,-0.2,9830,10,0.1,9500,10250,1399-11-12
453,سجام,مجتمع سيمان غرب آسيا,618,7748894,45031437380,5658,5827,5827,169,2.99,5811,153,2.7,5600,5827,1399-11-12
454,وگستر,گسترش سرمايه گذاري ايرانيان,618,1360946,28881430762,21755,22000,21000,-755,-3.47,21446,-309,-1.42,20669,22487,1399-11-12
455,وكادو,تكادو,616,2094279,54317695944,26624,26797,25826,-798,-3.0,25936,-688,-2.58,25826,26797,1399-11-12
456,وپخش,داروپخش‌ (هلدينگ‌,612,396364,45858821290,112400,112420,118020,5620,5.0,115350,2950,2.62,109050,118020,1399-11-12
457,سكرد,سيمان كردستان,611,5645086,51465007660,8690,9120,9120,430,4.95,9100,410,4.72,9000,9120,1399-11-12
458,شخارك,پتروشيمي‌ خارك‌,610,1073461,46592713880,43560,44800,43490,-70,-0.16,43490,-70,-0.16,42400,45100,1399-11-12
459,دابور,داروسازي‌ ابوريحان‌,608,839346,33004161770,37640,39500,38880,1240,3.29,38670,1030,2.74,38130,39520,1399-11-12
460,ثجوان,تامين مسكن جوانان,606,3331382,40582053189,12407,12700,12040,-367,-2.96,12182,-225,-1.81,12035,12700,1399-11-12
461,دسبحان,سبحان دارو,597,1706607,34958505950,19820,20810,20810,990,4.99,20260,440,2.22,19820,20810,1399-11-12
462,ضصاد1100,اختيارخ وبصادر-2500-1399/11/12,595,24010,5269435000,229,232,196,-33,-14.41,219,-10,-4.37,152,316,1399-11-12
463,كتوكاح,ح.توليدي وخدمات صنايع نسوزتوكا,593,2530848,60319760746,22723,23859,23859,1136,5.0,23834,1111,4.89,23190,23859,1399-11-12
464,وتوشه,سرمايه‌ گذاري‌ پارس‌ توشه‌,592,1389321,30819187990,22550,23490,21650,-900,-3.99,22330,-220,-0.98,21590,23490,1399-11-12
465,شفا,سرمايه گذاري شفادارو,587,777034,35901951870,45210,47000,46050,840,1.86,45880,670,1.48,44500,47470,1399-11-12
466,ثتوسا,س.توسعه و عمران استان اردبيل,569,724941,30521169912,43663,43000,41480,-2183,-5.0,42102,-1561,-3.58,41480,43000,1399-11-12
467,تايرا,تراكتورسازي‌ايران‌,569,1498274,44135294380,29060,30510,29340,280,0.96,29390,330,1.14,28400,30510,1399-11-12
468,لابسا,آبسال‌,555,866127,49999574990,60550,57530,57530,-3020,-4.99,57730,-2820,-4.66,57530,59900,1399-11-12
469,زر,صندوق س.پشتوانه سكه طلاي زر,553,1081038,50537109074,45969,46740,47010,1041,2.26,46749,780,1.7,46021,47500,1399-11-12
470,دتماد,توليدمواداوليه‌داروپخش‌,551,652145,34188626330,53340,53100,52200,-1140,-2.14,52730,-610,-1.14,51030,54490,1399-11-12
471,دالبر,البرزدارو,550,1769627,35975276090,19510,20380,20480,970,4.97,20070,560,2.87,19510,20480,1399-11-12
472,جهرم,پتروشيمي جهرم,547,7154007,14834792655,2125,2068,2062,-63,-2.96,2085,-40,-1.88,2062,2145,1399-11-12
473,دتوزيع,توزيع دارو پخش,546,914663,44177539974,50594,48222,48065,-2529,-5.0,48400,-2194,-4.34,48065,49600,1399-11-12
474,قثابت,قند ثابت‌ خراسان‌,545,1216555,74647814800,58440,61360,61360,2920,5.0,61360,2920,5.0,61360,61360,1399-11-12
475,اتكام,شركت بيمه اتكايي امين,544,2757732,15007859519,5532,5759,5341,-191,-3.45,5505,-27,-0.49,5300,5759,1399-11-12
476,آتيمس,صندوق س.آرمان آتيه درخشان مس-س,543,286085,54382838286,189650,195600,183000,-6650,-3.51,190093,443,0.23,182201,195600,1399-11-12
477,شبصير,توليدات پتروشيمي قائد بصير,540,380842,37138187794,99041,98050,96040,-3001,-3.03,97900,-1141,-1.15,95020,101740,1399-11-12
478,لخزر,پارس‌ خزر,538,198528,31481675200,164510,164300,156300,-8210,-4.99,160480,-4030,-2.45,156290,164300,1399-11-12
479,سبهان,سيمان‌ بهبهان‌,538,266375,37167303750,132890,139530,139530,6640,5.0,137440,4550,3.42,139530,139530,1399-11-12
480,فخاس,فولاد خراسان,536,720673,18702387750,26490,27550,26100,-390,-1.47,26390,-100,-0.38,25350,27550,1399-11-12
481,دسبحا,گروه دارويي سبحان,535,3115220,56884529980,17430,18300,18300,870,4.99,18260,830,4.76,17680,18300,1399-11-12
482,شيراز,پتروشيمي‌شيراز,534,813825,45953801210,57660,59390,55290,-2370,-4.11,57130,-530,-0.92,55040,59390,1399-11-12
483,اوان,مبين وان كيش,532,7988266,427579371074,50999,52930,53548,2549,5.0,53526,2527,4.95,48450,53548,1399-11-12
484,دسينا,داروسازي‌ سينا,529,1463431,38731584640,27620,28700,26240,-1380,-5.0,26690,-930,-3.37,26240,28700,1399-11-12
485,دلر,داروسازي‌ اكسير,521,718590,26442036510,36970,38000,36910,-60,-0.16,36880,-90,-0.24,35610,38000,1399-11-12
486,پلاست,كارخانجات توليدي پلاستيران,521,925681,65339481453,67356,70723,70723,3367,5.0,70585,3229,4.79,68910,70723,1399-11-12
487,تسه9909,امتياز تسهيلات مسكن آذر99,518,12632,6332615894,515304,500305,525000,9696,1.88,501315,-13989,-2.71,489539,541069,1399-11-12
488,ضسپا1102,اختيارخ خساپا-2000-1399/11/26,516,26733,7866274000,277,299,280,3,1.08,294,17,6.14,262,334,1399-11-12
489,شنفت,نفت‌ پارس‌,513,683746,37182210840,54590,56700,54050,-540,-0.99,54450,-140,-0.26,54000,56700,1399-11-12
490,وحكمت,بيمه حكمت صبا,511,5314508,24095759633,4658,4530,4519,-139,-2.98,4534,-124,-2.66,4519,4675,1399-11-12
491,خمحور,توليدمحورخودرو,507,996682,53256904890,55860,54770,53070,-2790,-4.99,53430,-2430,-4.35,53070,56770,1399-11-12
492,ثامان,سامان‌ گستراصفهان‌,505,2215837,54819807380,23570,24740,24740,1170,4.96,24740,1170,4.96,24740,24740,1399-11-12
493,شپاس,نفت پاسارگاد,503,2656182,61262533772,23425,24237,23280,-145,-0.62,23064,-361,-1.54,22500,24239,1399-11-12
494,دلرح,ح . داروسازي‌ اكسير,483,1007785,30055478840,30860,31750,30100,-760,-2.46,29820,-1040,-3.37,29000,31750,1399-11-12
495,درازك,دارويي‌ رازك‌,480,709078,26893077050,39030,40960,37420,-1610,-4.13,38440,-590,-1.51,37080,40960,1399-11-12
496,سايرا,ايرانيت‌,480,929158,41519074930,43812,44688,44688,876,2.0,44685,873,1.99,44000,44688,1399-11-12
497,دجابر,داروسازي‌ جابرابن‌حيان‌,479,1132414,23881228340,20940,20650,21460,520,2.48,21010,70,0.33,20010,21690,1399-11-12
498,پسهند,صنايع‌ لاستيكي‌  سهند,476,785735,27988039250,35300,36400,36000,700,1.98,35480,180,0.51,34860,36990,1399-11-12
499,پارند,صندوق س. پارند پايدار سپهر,473,13835108,156919108681,11331,11337,11346,15,0.13,11342,11,0.1,11335,11382,1399-11-12
500,وسرمد,بيمه  سرمد,471,5227038,35028739983,6792,6660,6589,-203,-2.99,6701,-91,-1.34,6589,6950,1399-11-12
501,قزوين,كارخانجات‌ قند قزوين‌,469,727104,25315200630,35510,36250,34000,-1510,-4.25,35150,-360,-1.01,33800,36400,1399-11-12
502,ضخود2007,اختيارخ خودرو-3000-1400/02/08,468,14146,4204493000,324,349,284,-40,-12.35,297,-27,-8.33,278,349,1399-11-12
503,كپشير,پشم‌شيشه‌ايران‌,462,1907934,57312203250,28620,30050,30050,1430,5.0,30040,1420,4.96,28650,30050,1399-11-12
504,غويتاح,ح . ويتانا,459,1725970,27967021591,16918,17000,16073,-845,-4.99,16204,-714,-4.22,16073,17000,1399-11-12
505,سمتاز,سيمان ممتازان كرمان,446,844470,16343323685,19753,20290,19161,-592,-3.0,19425,-328,-1.66,19161,20290,1399-11-12
506,بشهاب,لامپ‌  پارس‌ شهاب‌,444,565736,64629043090,108800,114240,114240,5440,5.0,114240,5440,5.0,111000,114240,1399-11-12
507,وآتوس,س.آرين توسكا قيمت اسمي 350ريال,439,531704,25217215834,48120,49563,46677,-1443,-3.0,47427,-693,-1.44,46677,49563,1399-11-12
508,ثاژن,سخت آژند,435,4490022,41440206611,9176,9359,9359,183,1.99,9229,53,0.58,8993,9359,1399-11-12
509,بفجر,فجر انرژي خليج فارس,435,1629191,40527571570,25630,26750,24970,-660,-2.58,25160,-470,-1.83,24350,26750,1399-11-12
510,عيار,صندوق س. پشتوانه طلاي مفيد,432,658763,18065374405,27167,27500,27697,530,1.95,27423,256,0.94,27200,27699,1399-11-12
511,وسنا,سرمايه گذاري نيروگاهي ايران,429,2984077,51321631141,17936,18190,17040,-896,-5.0,17198,-738,-4.11,17040,18190,1399-11-12
512,تسه9908,امتياز تسهيلات مسكن آبان99,429,7454,3832884976,517974,510060,520050,2076,0.4,514205,-3769,-0.73,492083,530000,1399-11-12
513,اتكاي,بيمه اتكايي ايرانيان,416,2033392,30832573773,15630,16220,14849,-781,-5.0,15334,-296,-1.89,14849,16220,1399-11-12
514,ياقوت,صندوق س ياقوت آگاه-ثابت,410,9830180,116105416256,11796,11801,11819,23,0.19,11811,15,0.13,11801,11821,1399-11-12
515,كلوند,كاشي‌ الوند,408,1176007,50932863170,41250,43310,43310,2060,4.99,43160,1910,4.63,43310,43310,1399-11-12
516,بسويچ,پارس‌سويچ‌,399,465211,25690796680,57700,59460,54820,-2880,-4.99,56420,-1280,-2.22,54820,59460,1399-11-12
517,قشرين,قند شيرين خراسان,398,4193944,72483934152,16780,17283,17283,503,3.0,17283,503,3.0,17283,17283,1399-11-12
518,پارسيان,بيمه پارسيان,384,2193903,25193688710,11820,12270,11280,-540,-4.57,11650,-170,-1.44,11230,12270,1399-11-12
519,حاريا,كشتيراني آريا,381,1538270,50662249167,33931,32914,32914,-1017,-3.0,32935,-996,-2.94,32914,33500,1399-11-12
520,وهنر,گروه توسعه هنر ايران,375,3342405,26094155835,7580,7807,7807,227,2.99,7807,227,2.99,7807,7807,1399-11-12
521,ضخود2006,اختيارخ خودرو-2500-1400/02/08,375,13475,6862400000,509,550,498,-11,-2.16,509,0,0.0,490,550,1399-11-12
522,شساخت,مهندسي و ساختمان صنايع نفت,374,1099802,44655400441,39727,40918,40918,1191,3.0,40603,876,2.21,38536,40918,1399-11-12
523,شصفها,پتروشيمي‌ اصفهان‌,366,359578,43579184843,119258,118624,121643,2385,2.0,121195,1937,1.62,118624,121643,1399-11-12
524,شراز,پالايش نفت شيراز,365,224490,22115145786,100747,102500,97045,-3702,-3.67,99747,-1000,-0.99,97000,102500,1399-11-12
525,تاصيكو,سرمايه گذاري صدرتامين,363,8793676,92949155320,10070,10570,10570,500,4.97,10430,360,3.57,10570,10570,1399-11-12
526,جم پيلن,پلي پروپيلن جم - جم پيلن,355,305515,22016979260,71940,72610,70540,-1400,-1.95,71990,50,0.07,70340,74250,1399-11-12
527,مارون,پتروشيمي مارون,353,287417,43443224333,154356,159000,157000,2644,1.71,152942,-1414,-0.92,148000,159000,1399-11-12
528,خراسان,پتروشيمي خراسان,349,386730,26881728250,67350,69330,66510,-840,-1.25,68430,1080,1.6,66040,70710,1399-11-12
529,فجام,جام‌دارو,344,2261683,25172531790,11710,11130,11130,-580,-4.95,11390,-320,-2.73,11130,11130,1399-11-12
530,هجرتح,ح . پخش هجرت,339,569855,13090944765,21922,23018,23018,1096,5.0,22972,1050,4.79,22000,23018,1399-11-12
531,وليز,ليزينگ‌ايران‌,338,4557547,31993979940,6690,7020,7020,330,4.93,6890,200,2.99,7020,7020,1399-11-12
532,شاملا,معدني‌ املاح‌  ايران‌,338,506736,27631690970,57090,57490,54240,-2850,-4.99,55570,-1520,-2.66,54240,57490,1399-11-12
533,سفار,سيمان‌فارس‌,334,603328,89684707200,141580,148650,148650,7070,4.99,148650,7070,4.99,148650,148650,1399-11-12
534,حخزر,كشتيراني درياي خزر,329,733618,17420526785,24804,25300,23564,-1240,-5.0,24422,-382,-1.54,23564,25300,1399-11-12
535,خفنر,فنرسازي‌خاور,324,2006617,50165425000,23810,25000,25000,1190,5.0,24930,1120,4.7,25000,25000,1399-11-12
536,فيروزا,صندوق بادرآمد ثابت فيروزه آسيا,322,11741594,259609379305,22050,22085,22110,60,0.27,22110,60,0.27,22085,22136,1399-11-12
537,افران,صندوق س افرا نماد پايدار-ثابت,321,13229420,166366934765,12570,12580,12590,20,0.16,12576,6,0.05,12575,12590,1399-11-12
538,كاسپين,داروسازي كاسپين تامين,321,582597,14505752459,26098,25660,24801,-1297,-4.97,25729,-369,-1.41,24794,26400,1399-11-12
539,صايند,صندوق س. گنجينه آينده روشن-د,320,6222450,61746580800,9975,9955,9920,-55,-0.55,9923,-52,-0.52,9910,9955,1399-11-12
540,فسا,پتروشيمي فسا,315,5386103,10221400972,1951,1900,1893,-58,-2.97,1922,-29,-1.49,1893,1950,1399-11-12
541,سكه0012پ01,سكه تمام بهارتحويلي 1روزه رفاه,313,127100,139541898900,1084818,1088881,1107000,22182,2.04,1097891,13073,1.21,1088881,1108761,1399-11-12
542,شدوص,دوده‌ صنعتي‌ پارس‌,311,1733729,51040981760,28040,29440,29440,1400,4.99,29410,1370,4.89,29440,29440,1399-11-12
543,بمپنا,توليد برق عسلويه  مپنا,306,156141,12459718536,77748,79000,80000,2252,2.9,78242,494,0.64,79000,81227,1399-11-12
544,تكنو,تكنوتار,303,1913387,47662470170,23730,24910,24910,1180,4.97,24750,1020,4.3,24910,24910,1399-11-12
545,دفرا,فرآورده‌هاي‌ تزريقي‌ ايران‌,302,333656,9109841290,28070,29000,26990,-1080,-3.85,27930,-140,-0.5,26920,29000,1399-11-12
546,فلات,گروه صنايع معادن فلات ايرانيان,299,1454934,21153721432,14909,14801,14462,-447,-3.0,14539,-370,-2.48,14462,15100,1399-11-12
547,وملت,سرمايه گذاري ملت,291,5622516,23166138965,4044,4124,4090,46,1.14,4120,76,1.88,4044,4124,1399-11-12
548,حسير,ريل سير كوثر,288,1689182,31525203666,17775,18663,18663,888,5.0,18298,523,2.94,18663,18663,1399-11-12
549,آساميد,صندوق س.مشترك آسمان اميد -د,288,10576585,121623187818,11494,11493,11499,5,0.04,11499,5,0.04,11493,11508,1399-11-12
550,افق ملت,صندوق س در سهام افق ملت,285,154974,19725353330,128570,132500,124750,-3820,-2.97,127280,-1290,-1.0,124500,132990,1399-11-12
551,كخاك,صنايع‌خاك‌چيني‌ايران‌,282,247616,11802033730,48400,50600,47000,-1400,-2.89,48220,-180,-0.37,46000,50600,1399-11-12
552,ثالوند,سرمايه گذاري مسكن الوند,281,960212,24915580976,24713,25948,25948,1235,5.0,25285,572,2.31,25948,25948,1399-11-12
553,غگرجي,بيسكويت‌  گرجي‌,280,2158385,45887265100,22370,21260,21260,-1110,-4.96,21260,-1110,-4.96,21260,21260,1399-11-12
554,فسديد,لوله‌وتجهيزات‌ سديد - ورشكسته,277,357924,41062573610,114233,115375,115375,1142,1.0,114724,491,0.43,113091,115375,1399-11-12
555,بنو,بيمه تجارت نو,275,3112610,92640611430,28346,29763,29763,1417,5.0,29763,1417,5.0,29763,29763,1399-11-12
556,تصميم,صندوق س با درآمد ثابت تصميم,274,4050919,62967990510,15529,15532,15538,9,0.06,15544,15,0.1,15532,15700,1399-11-12
557,قشكر,شكرشاهرود,274,7909785,33062901300,3990,4180,4180,190,4.76,4110,120,3.01,4180,4180,1399-11-12
558,غمهرا,توليدي‌مهرام‌,266,395981,38885334200,93530,98200,98200,4670,4.99,96830,3300,3.53,98200,98200,1399-11-12
559,قپيرا,فرآورده‌هاي‌غدايي‌وقندپيرانشهر,266,74113,7939892840,110040,113270,104540,-5500,-5.0,109550,-490,-0.45,104540,113380,1399-11-12
560,سپاس,صندوق س. پاداش سهامداري توسعه1,265,11078609,112429361631,10128,10149,10148,20,0.2,10148,20,0.2,10142,10156,1399-11-12
561,آكورد,صندوق س. آرمان آتي كوثر-د,263,4295349,131140804883,30516,30531,30535,19,0.06,30531,15,0.05,30520,30536,1399-11-12
562,زعف0008پ10,زعفران0008نگين طلاي سرخ(پ),253,86589,11017485555,127239,127241,127886,647,0.51,127239,0,0.0,125545,127900,1399-11-12
563,ضپاس2002,اختيارخ وپارس-3000-1400/02/29,244,6816,4087128000,615,669,567,-48,-7.8,600,-15,-2.44,549,669,1399-11-12
564,سقاين,سيمان‌ قائن‌,231,659152,54327307840,78500,82420,82420,3920,4.99,82420,3920,4.99,82420,82420,1399-11-12
565,كمرجان,بازرگاني و توليدي مرجان كار,230,204938,25262912198,117401,123271,123271,5870,5.0,120140,2739,2.33,123271,123271,1399-11-12
566,گوهر,صندوق سكه طلاي كيان,229,156448,8498673150,53996,53060,54700,704,1.3,54323,327,0.61,53060,54999,1399-11-12
567,ساراب,سيمان‌ داراب‌,221,1046017,15753016020,14350,15060,15060,710,4.95,14560,210,1.46,15060,15060,1399-11-12
568,وآفري,بيمه كارآفرين,213,1655500,31856171400,18683,19243,19243,560,3.0,19243,560,3.0,19156,19243,1399-11-12
569,ثنور,سرمايه گذاري كوه نور,212,2896259,35238783253,12543,12167,12167,-376,-3.0,12167,-376,-3.0,12167,12167,1399-11-12
570,دارا,صندوق س. دارا الگوريتم-د,212,6185679,62178304528,10019,10035,10050,31,0.31,10052,33,0.33,10025,10065,1399-11-12
571,خفناور,مهندسي صنعتي روان فن آور,206,1357127,59459805251,42537,43813,43813,1276,3.0,43813,1276,3.0,43813,43813,1399-11-12
572,بميلا,توسعه بازرگاني آهن وفولادميلاد,204,1446212,33472576740,22043,23145,23145,1102,5.0,23145,1102,5.0,23145,23145,1399-11-12
573,كتوكا,توليدي و خدمات صنايع نسوز توكا,203,1571124,49003357560,29705,31190,31190,1485,5.0,31062,1357,4.57,31190,31190,1399-11-12
574,دتوزيعح,ح . توزيع دارو پخش,195,314906,10275687004,34038,33000,32337,-1701,-5.0,32631,-1407,-4.13,32337,33440,1399-11-12
575,تسه9907,امتياز تسهيلات مسكن مهر99,195,3437,1792538728,522967,510000,536000,13033,2.49,521542,-1425,-0.27,496825,536000,1399-11-12
576,درهآور,دارويي ره آورد تامين,191,725724,31006557900,40691,42725,42725,2034,5.0,41867,1176,2.89,42725,42725,1399-11-12
577,لخانه,لوازم‌ خانگي‌ پارس‌,190,511828,14389020564,27295,28113,28113,818,3.0,27863,568,2.08,28113,28113,1399-11-12
578,ساروج,بين المللي ساروج بوشهر,189,405521,9378395945,23500,24100,22902,-598,-2.54,23317,-183,-0.78,22795,24100,1399-11-12
579,ضسپا1103,اختيارخ خساپا-2500-1399/11/26,182,8895,802002000,88,144,84,-4,-4.55,90,2,2.27,70,148,1399-11-12
580,تسه9711,امتياز تسهيلات مسكن بهمن 97,178,2841,1382498453,505834,482000,500000,-5834,-1.15,486624,-19210,-3.8,480543,514998,1399-11-12
581,پارتا,مجتمع‌صنعتي‌آرتاويل‌تاير,178,231025,15459255346,68784,68096,66721,-2063,-3.0,67886,-898,-1.31,66721,68783,1399-11-12
582,غدام,خوراك‌  دام‌ پارس‌,177,52587,19167961500,383680,364500,364500,-19180,-5.0,375740,-7940,-2.07,364500,364500,1399-11-12
583,ولراز,ليزينگ رازي,168,239049,14430910032,58610,60368,60368,1758,3.0,59790,1180,2.01,60368,60368,1399-11-12
584,تسه9902,امتياز تسهيلات مسكن ارديبهشت99,168,2981,1537808302,517433,492500,505000,-12433,-2.4,515870,-1563,-0.3,491562,543304,1399-11-12
585,بذر,صندوق س بذر اميد آفرين-سهام,161,86644,8674000390,102260,102010,97600,-4660,-4.56,100110,-2150,-2.1,97600,103540,1399-11-12
586,تپولا,مهندسي مرآت پولاد,159,298347,11396855400,37088,38200,38200,1112,3.0,37709,621,1.67,38200,38200,1399-11-12
587,كدما,معدني‌ دماوند,157,16613,4186309870,265250,251990,251990,-13260,-5.0,264070,-1180,-0.44,251990,251990,1399-11-12
588,گپارس,امور رفاهي كارگزاران پارس,157,63853,12619332243,191875,197631,197631,5756,3.0,195344,3469,1.81,197631,197631,1399-11-12
589,ضخود2008,اختيارخ خودرو-3500-1400/02/08,155,8728,1531309000,198,214,168,-30,-15.15,175,-23,-11.62,165,214,1399-11-12
590,نتوس,پشم‌ بافي‌ توس,154,397288,8331129360,20360,20970,20970,610,3.0,20604,244,1.2,20970,20970,1399-11-12
591,لكما,كارخانجات‌مخابراتي‌ايران‌,149,818186,6139667744,7736,7504,7504,-232,-3.0,7660,-76,-0.98,7504,7504,1399-11-12
592,چكاوه,صنايع‌كاغذسازي‌كاوه‌,146,856807,12089546770,13440,14110,14110,670,4.99,13590,150,1.12,14110,14110,1399-11-12
593,تسه9712,امتياز تسهيلات مسكن اسفند97,146,1498,767571925,511307,503000,506122,-5185,-1.01,512398,1091,0.21,492001,524997,1399-11-12
594,فافزا,فولاد افزا سپاهان,144,267536,15693126688,56950,58658,58658,1708,3.0,58241,1291,2.27,58658,58658,1399-11-12
595,سكه9912پ04,سكه تمام بهارتحويل1روزه صادرات,144,116200,127509651400,1084791,1094995,1106000,21209,1.96,1097329,12538,1.16,1092007,1110000,1399-11-12
596,تسه9904,امتياز تسهيلات مسكن تير99,134,2159,1124052050,524515,547000,550000,25485,4.86,520635,-3880,-0.74,498290,550000,1399-11-12
597,تسه9810,امتياز تسهيلات مسكن دي98,133,2092,1056815628,515640,490015,524000,8360,1.62,505170,-10470,-2.03,490015,541000,1399-11-12
598,حتوكا,حمل‌ونقل‌توكا,131,162902,5260105580,33980,32290,32290,-1690,-4.97,33790,-190,-0.56,32290,32290,1399-11-12
599,زپارس,ملي كشت و صنعت و دامپروري پارس,130,329997,43790601900,126390,132700,132700,6310,4.99,131420,5030,3.98,132700,132700,1399-11-12
600,غشاذر,پگاه‌آذربايجان‌غربي‌,130,678943,15357690660,23810,22620,22620,-1190,-5.0,23410,-400,-1.68,22620,22620,1399-11-12
601,ضشنا2002,اختيارخ شپنا-12000-1400/02/27,129,2964,7165981000,2263,2250,2150,-113,-4.99,2418,155,6.85,2150,2700,1399-11-12
602,تابا,تابان نيرو سپاهان,127,214080,11772687360,53391,54992,54992,1601,3.0,54295,904,1.69,54992,54992,1399-11-12
603,ثروتم,صندوق س. ثروت آفرين پارسيان-س,123,211320,17655465530,81869,82715,83239,1370,1.67,83548,1679,2.05,82400,85240,1399-11-12
604,تسه9801,امتياز تسهيلات مسكن فروردين98,123,917,472890315,524249,508080,524654,405,0.08,515693,-8556,-1.63,505860,525000,1399-11-12
605,غشوكو,شوكو پارس,122,132244,5953787831,46379,44988,44988,-1391,-3.0,45952,-427,-0.92,44988,46100,1399-11-12
606,دروز,داروسازي‌ روزدارو,120,795465,19783214550,23690,24870,24870,1180,4.98,24130,440,1.86,24870,24870,1399-11-12
607,گدنا,تهيه توزيع غذاي دنا آفرين فدك,118,50685,1557651420,32349,30732,30732,-1617,-5.0,32294,-55,-0.17,30732,30732,1399-11-12
608,ضشنا2001,اختيارخ شپنا-10000-1400/02/27,116,988,3323810000,3367,3500,3150,-217,-6.44,3364,-3,-0.09,3000,3698,1399-11-12
609,لخانهح,ح.لوازم‌ خانگي‌ پارس‌,115,160140,4093319780,26010,26010,25230,-780,-3.0,25561,-449,-1.73,25230,26010,1399-11-12
610,كفرآور,فرآورده هاي سيمان شرق,114,1200480,26277306720,21252,21889,21889,637,3.0,21889,637,3.0,21889,21889,1399-11-12
611,تسه9905,امتياز تسهيلات مسكن مرداد99,113,1823,922240466,517859,492500,500000,-17859,-3.45,505892,-11967,-2.31,491967,543751,1399-11-12
612,تسه9906,امتياز تسهيلات مسكن شهريور99,111,1298,659635945,522372,522320,519000,-3372,-0.65,508194,-14178,-2.71,496254,529000,1399-11-12
613,ضسپا1104,اختيارخ خساپا-3000-1399/11/26,111,7831,51056000,7,5,7,0,0.0,7,0,0.0,4,9,1399-11-12
614,فنفت,صنايع تجهيزات نفت,110,744187,19957606966,26037,26818,26818,781,3.0,26772,735,2.82,26818,26818,1399-11-12
615,تسه9903,امتياز تسهيلات مسكن خرداد99,110,1575,804900101,518574,510000,529000,10426,2.01,511048,-7526,-1.45,492646,539000,1399-11-12
616,تسه9802,امتياز تسهيلات مسكن ارديبهشت98,109,745,389518174,525035,510000,529998,4963,0.95,522843,-2192,-0.42,508010,534998,1399-11-12
617,غبهار,كشت وصنعت بهاران گلبهار خراسان,107,81907,3133434192,39439,38256,38256,-1183,-3.0,39240,-199,-0.5,38256,38256,1399-11-12
618,سپر,صندوق س سپر سرمايه بيدار- ثابت,106,722894,8164008691,11277,11300,11295,18,0.16,11294,17,0.15,11279,11304,1399-11-12
619,حبندر,دريايي و کشتيراني خط دريابندر,104,324454,11057392320,35134,34080,34080,-1054,-3.0,34537,-597,-1.7,34080,34080,1399-11-12
620,دقاضي,داروسازي شهيد قاضي,102,225065,10418960634,47612,46200,46500,-1112,-2.34,46888,-724,-1.52,46184,47900,1399-11-12
621,زگلدشت,كشت و دام گلدشت نمونه اصفهان,102,155008,8079947008,54869,52126,52126,-2743,-5.0,54393,-476,-0.87,52126,52126,1399-11-12
622,تسه9803,امتياز تسهيلات مسكن خرداد98,101,661,346007472,524373,516611,539998,15625,2.98,523461,-912,-0.17,507001,539998,1399-11-12
623,الماس,صندوق س.امين تدبيرگران فردا-س,101,51709,5952376839,115183,121000,112978,-2205,-1.91,115113,-70,-0.06,110000,121000,1399-11-12
624,شتولي,تولي‌پرس‌,101,613346,21215638140,33912,34590,34590,678,2.0,34590,678,2.0,34590,34590,1399-11-12
625,ضخود2005,اختيارخ خودرو-2000-1400/02/08,94,1763,1570842000,895,950,878,-17,-1.9,891,-4,-0.45,850,1000,1399-11-12
626,بايكا,كارخانجات كابلسازي ‌ايران‌,92,135907,6282572889,47656,46227,46227,-1429,-3.0,47180,-476,-1.0,46227,46227,1399-11-12
627,اخزا909,اسنادخزانه-م9بودجه99-020316,86,261504,166856356651,636257,636000,639999,3742,0.59,638064,1807,0.28,634047,641988,1399-11-12
628,گكيش,توريستي ورفاهي آبادگران كيش,84,282794,24424352192,83853,86368,86368,2515,3.0,86368,2515,3.0,86368,86368,1399-11-12
629,تسه9901,امتياز تسهيلات مسكن فروردين99,81,511,258975296,513500,500000,539175,25675,5.0,506801,-6699,-1.3,495500,539175,1399-11-12
630,ضخود2009,اختيارخ خودرو-4000-1400/02/08,78,4634,675715000,145,150,130,-15,-10.34,146,1,0.69,130,160,1399-11-12
631,زعف0008پ11,زعفران0008نگين سحرخيز(پ),77,80825,10107557572,124995,125500,125299,304,0.24,125055,60,0.05,123500,126000,1399-11-12
632,سكه0011پ02,سكه تمام بهارتحويلي 1روزه ملت,77,23800,26107663500,1084253,1085205,1106000,21747,2.01,1096961,12708,1.17,1085205,1106299,1399-11-12
633,اخزا903,اسنادخزانه-م3بودجه99-011110,75,132695,91733135998,692502,690001,693001,499,0.07,691308,-1194,-0.17,689010,693500,1399-11-12
634,دمعيار,صندوق س. توازن معيار-د,74,2614894,26331169140,10047,10060,10069,22,0.22,10070,23,0.23,10060,10072,1399-11-12
635,تسه9812,امتياز تسهيلات مسكن اسفند98,74,480,244859264,521591,496100,500000,-21591,-4.14,510123,-11468,-2.2,495512,547670,1399-11-12
636,اوصتا,صندوق انديشه ورزان صباتامين -د,69,2931328,52230970289,17782,17805,17800,18,0.1,17818,36,0.2,17597,17829,1399-11-12
637,سكه0112پ03,سكه تمام بهارتحويلي1روزه سامان,67,17800,19513142400,1084115,1093800,1105001,20886,1.93,1096244,12129,1.12,1090000,1106000,1399-11-12
638,سفاسي,شركت فارسيت اهواز,62,189289,2778005364,15129,14676,14676,-453,-2.99,15062,-67,-0.44,14676,14676,1399-11-12
639,تسه9811,امتياز تسهيلات مسكن بهمن98,61,595,298508273,511963,487211,520000,8037,1.57,501695,-10268,-2.01,487211,520000,1399-11-12
640,تسه9809,امتياز تسهيلات مسكن آذر98,61,585,295974244,513987,496601,532600,18613,3.62,505939,-8048,-1.57,488289,532600,1399-11-12
641,اخزا815,اسنادخزانه-م15بودجه98-010406,60,111716,87000373350,777302,777800,780000,2698,0.35,778764,1462,0.19,776777,784000,1399-11-12
642,ارمغان,ص سرمايه گذاري ارمغان ايرانيان,59,669817,6809505958,10155,10155,10169,14,0.14,10166,11,0.11,10155,10169,1399-11-12
643,نمرينو,ايران‌ مرينوس‌,58,47350,2678589500,53880,56570,56570,2690,4.99,54010,130,0.24,56570,56570,1399-11-12
644,شرنگي,شيميايي رنگين,57,45967,7557250602,159618,164406,164406,4788,3.0,161359,1741,1.09,164406,164406,1399-11-12
645,سدشت,صنايع سيمان دشتستان,54,124042,5622823860,43180,45330,45330,2150,4.98,43410,230,0.53,45330,45330,1399-11-12
646,ثنام,س ساختماني ب نام آوران مهندسي,53,75852,1255198896,17059,16548,16548,-511,-3.0,17024,-35,-0.21,16548,16548,1399-11-12
647,اخزا902,اسنادخزانه-م2بودجه99-011019,51,170905,119533444212,699319,696501,698791,-528,-0.08,699415,96,0.01,696501,705000,1399-11-12
648,خاتم,صندوق س خاتم ايساتيس پويا-ثابت,46,335742,3516904703,10471,10473,10476,5,0.05,10475,4,0.04,10473,10476,1399-11-12
649,تسه9806,امتياز تسهيلات مسكن شهريور98,45,694,351085609,518126,492253,520000,1874,0.36,505887,-12239,-2.36,492220,520000,1399-11-12
650,اخزا820,اسنادخزانه-م20بودجه98-020806,45,111089,66952198008,601591,601871,602400,809,0.13,602690,1099,0.18,601000,604000,1399-11-12
651,آسام,صندوق س.آرمان سپهر آشنا-م,45,33050,3477448280,104704,106000,105900,1196,1.14,105218,514,0.49,103001,106000,1399-11-12
652,زعف0008پ16,زعفران0008نگين بيرجند(پ),44,39376,4867325500,124114,125000,124000,-114,-0.09,123611,-503,-0.41,123000,125000,1399-11-12
653,گنجين,صندوق س. گنجينه يكم آويد-د,44,183761,2229956144,12140,12144,12134,-6,-0.05,12135,-5,-0.04,12131,12144,1399-11-12
654,ضسپا1101,اختيارخ خساپا-1800-1399/11/26,44,1941,932751000,451,580,469,18,3.99,481,30,6.65,441,580,1399-11-12
655,تسه9808,امتياز تسهيلات مسكن آبان98,43,335,170905668,520141,501940,495000,-25141,-4.83,510166,-9975,-1.92,494134,525000,1399-11-12
656,اخزا901,اسنادخزانه-م1بودجه99-010621,43,35455,26329642300,742120,742100,742350,230,0.03,742621,501,0.07,742010,744000,1399-11-12
657,ضجار2000,اختيارخ وتجارت-1800-1400/02/22,40,1356,2124314000,1500,1800,1690,190,12.67,1567,67,4.47,1250,1880,1399-11-12
658,قلرست,قند لرستان‌,40,88242,2847569340,33960,32270,32270,-1690,-4.98,33860,-100,-0.29,32270,32270,1399-11-12
659,صنوين,صندوق سرمايه‌گذاري صنوين-مختلط,38,11072,1128080900,101860,103500,101750,-110,-0.11,101890,30,0.03,101400,103500,1399-11-12
660,ضغدر1119,اختيارخ وغدير-10000-1399/11/26,38,237,451950000,2209,2000,1710,-499,-22.59,1907,-302,-13.67,1500,2250,1399-11-12
661,ضسپا1100,اختيارخ خساپا-1600-1399/11/26,37,1332,870954000,646,740,660,14,2.17,654,8,1.24,625,740,1399-11-12
662,ضشنا2000,اختيارخ شپنا-9000-1400/02/27,36,360,1585410000,4320,4500,4000,-320,-7.41,4404,84,1.94,3999,4500,1399-11-12
663,تشتاد,صنايع توليدي اشتاد ايران‌,36,210222,3451424796,16925,16418,16418,-507,-3.0,16834,-91,-0.54,16418,16418,1399-11-12
664,ثنظام,س. ساختماني نظام مهندسي ايران,35,56398,2763107214,50508,48993,48993,-1515,-3.0,50291,-217,-0.43,48993,48993,1399-11-12
665,تسه9807,امتياز تسهيلات مسكن مهر98,34,354,184793448,515446,489901,520000,4554,0.88,522015,6569,1.27,489674,541218,1399-11-12
666,ضجار2003,اختيارخ وتجارت-3000-1400/02/22,34,1000,592128000,610,800,560,-50,-8.2,592,-18,-2.95,501,800,1399-11-12
667,اطلس2,صندوق س.توسعه اندوخته آينده-س,33,330000,330000,206563,1,1,-206562,-100.0,1,-206562,-100.0,1,1,1399-11-12
668,كيا,كيا الكترود شرق,33,1614680,12045512800,7105,7460,7460,355,5.0,7460,355,5.0,7460,7460,1399-11-12
669,دقاضيح,ح . داروسازي شهيد قاضي,32,46547,1728715014,38280,37223,37132,-1148,-3.0,37139,-1141,-2.98,37132,37223,1399-11-12
670,زعف0008پ18,زعفران0008نگين بهرامن(پ),32,9952,1238722160,124453,126000,123900,-553,-0.44,124470,17,0.01,123900,126000,1399-11-12
671,فنرژي,گسترش صنايع انرژي آذرآب,32,83336,1493881136,17575,17926,17926,351,2.0,17625,50,0.28,17926,17926,1399-11-12
672,ثاصفا,شركت‌ ساختمان‌ اصفهان‌,29,48613,1307349409,27724,26893,26893,-831,-3.0,27667,-57,-0.21,26893,26893,1399-11-12
673,كارين,صندوق س نگين سامان-ثابت,28,265685,2675392046,10083,10089,10070,-13,-0.13,10070,-13,-0.13,10069,10089,1399-11-12
674,زعف0008پ20,زعفران0008نگين وحدت جام(پ),28,19693,2427430818,125000,123000,124000,-1000,-0.8,123264,-1736,-1.39,121602,124500,1399-11-12
675,اخزا817,اسنادخزانه-م17بودجه98-010512,27,63203,48511080002,764495,767500,764102,-393,-0.05,767544,3049,0.4,764101,770000,1399-11-12
676,ضفلا1154,اختيارخ فولاد-12000-1399/11/28,27,353,208687000,1298,1090,450,-848,-65.33,591,-707,-54.47,450,1090,1399-11-12
677,تسه9805,امتياز تسهيلات مسكن مرداد98,26,150,79878416,507452,530000,532824,25372,5.0,532523,25071,4.94,530000,532824,1399-11-12
678,ضخود2013,اختيارخ خودرو-7000-1400/02/08,26,1444,31393000,28,25,22,-6,-21.43,22,-6,-21.43,19,26,1399-11-12
679,ضپيك2010,اختيارخ تاپيكو-12000-00/02/19,26,437,1052800000,2313,2300,2400,87,3.76,2409,96,4.15,2300,2500,1399-11-12
680,اخزا808,اسنادخزانه-م8بودجه98-000817,26,50162,43671851934,870070,870070,873980,3910,0.45,870616,546,0.06,868006,873980,1399-11-12
681,اخزا814,اسنادخزانه-م14بودجه98-010318,26,46097,36269263542,785812,783021,786000,188,0.02,786803,991,0.13,783021,787500,1399-11-12
682,دسبحاح,ح .گروه دارويي سبحان,26,44731,760427000,16000,17000,17000,1000,6.25,17000,1000,6.25,17000,17000,1399-11-12
683,اخزا818,اسنادخزانه-م18بودجه98-010614,26,23195,17556139174,755549,753720,753751,-1798,-0.24,756893,1344,0.18,753616,758800,1399-11-12
684,زنجان,صنايع كشاورزي وكود زنجان,25,57598,557087856,9971,9672,9672,-299,-3.0,9962,-9,-0.09,9672,9672,1399-11-12
685,ضفلا1156,اختيارخ فولاد-16000-1399/11/28,24,946,24935000,43,21,28,-15,-34.88,26,-17,-39.53,21,36,1399-11-12
686,ضفلا1155,اختيارخ فولاد-14000-1399/11/28,24,617,77716000,193,150,120,-73,-37.82,126,-67,-34.72,110,151,1399-11-12
687,اخزا908,اسنادخزانه-م8بودجه99-020606,23,45399,27789873709,611572,611000,612250,678,0.11,612125,553,0.09,611000,613980,1399-11-12
688,اخزا809,اسنادخزانه-م9بودجه98-000923,21,46991,40294671765,856658,854012,857662,1004,0.12,857498,840,0.1,854006,858000,1399-11-12
689,اخزا906,اسنادخزانه-م6بودجه99-020321,20,85000,59178769800,690000,680000,700000,10000,1.45,696221,6221,0.9,680000,700000,1399-11-12
690,پلوله,گازلوله‌,20,20603,377240930,18494,18310,18310,-184,-0.99,18480,-14,-0.08,18310,18310,1399-11-12
691,داراب,پتروشيمي داراب,20,141833,343661359,2497,2423,2423,-74,-2.96,2496,-1,-0.04,2423,2423,1399-11-12
692,تسه9804,امتياز تسهيلات مسكن تير98,20,128,65173556,509591,500012,503515,-6076,-1.19,509168,-423,-0.08,500012,535070,1399-11-12
693,اخزا806,اسنادخزانه-م6بودجه98-000519,19,34330,31212324995,907480,907010,909185,1705,0.19,909185,1705,0.19,907004,909999,1399-11-12
694,ضملت1128,اختيارخ وبملت-6000-1399/11/28,19,1220,6940000,10,5,2,-8,-80.0,6,-4,-40.0,2,8,1399-11-12
695,تاپكيشح,ح.تجارت الكترونيك پارسيان كيش,19,831424,16048227300,19514,19800,19300,-214,-1.1,19302,-212,-1.09,19300,19800,1399-11-12
696,اخزا905,اسنادخزانه-م5بودجه99-020218,19,40366,26225763272,648590,650000,651000,2410,0.37,649699,1109,0.17,646600,651000,1399-11-12
697,اخزا821,اسنادخزانه-م21بودجه98-020906,19,4436,2664054600,595571,600000,601000,5429,0.91,600553,4982,0.84,593610,602500,1399-11-12
698,زعف0008پ19,زعفران0008نگين تروند قاينات(پ),18,15720,1942078110,124502,123000,124000,-502,-0.4,123542,-960,-0.77,122700,124490,1399-11-12
699,اخزا811,اسنادخزانه-م11بودجه98-001013,18,39760,33724275261,849242,848014,847008,-2234,-0.26,848196,-1046,-0.12,846000,850252,1399-11-12
700,اخزا813,اسنادخزانه-م13بودجه98-010219,18,51485,41072756587,796001,796000,797500,1499,0.19,797762,1761,0.22,796000,799000,1399-11-12
701,هترول911,اختيارف ت پترول-14730-99/11/15,18,129416,511969696,4404,3956,3956,-448,-10.17,3956,-448,-10.17,3956,3956,1399-11-12
702,سخند,صندوق س.سپهرخبرگان نفت-د,17,130240,1320162440,10129,10136,10136,7,0.07,10136,7,0.07,10136,10140,1399-11-12
703,اخزا721,اسنادخزانه-م21بودجه97-000728,17,34561,30398440171,876708,879500,878007,1299,0.15,879559,2851,0.33,877301,880000,1399-11-12
704,ضخود2010,اختيارخ خودرو-4500-1400/02/08,17,944,94181000,101,103,87,-14,-13.86,100,-1,-0.99,85,125,1399-11-12
705,زعف0008پ08,زعفران0008نگين روستا(پ),16,18100,2246124100,124115,124500,124000,-115,-0.09,124095,-20,-0.02,123502,125000,1399-11-12
706,ضفلا1153,اختيارخ فولاد-10000-1399/11/28,15,208,464413000,2361,2590,1900,-461,-19.53,2233,-128,-5.42,1810,2590,1399-11-12
707,ضملي3004,اختيارخ فملي-14000-1400/03/02,14,123,84850000,888,500,600,-288,-32.43,690,-198,-22.3,500,1000,1399-11-12
708,ضخود2011,اختيارخ خودرو-5000-1400/02/08,14,1009,78615000,84,88,70,-14,-16.67,78,-6,-7.14,70,88,1399-11-12
709,اخزا904,اسنادخزانه-م4بودجه99-011215,14,116781,81119559346,687117,690000,700000,12883,1.87,694630,7513,1.09,678213,700000,1399-11-12
710,خبازرس,بازرسي مهندسي و صنعتي ايران,14,86514,2196676974,24182,25391,25391,1209,5.0,24308,126,0.52,25391,25391,1399-11-12
711,ضفلا1151,اختيارخ فولاد-8000-1399/11/28,14,345,1263302000,4142,3509,3750,-392,-9.46,3662,-480,-11.59,3001,4000,1399-11-12
712,ضپاس2001,اختيارخ وپارس-2500-1400/02/29,13,146,141294000,979,1001,950,-29,-2.96,968,-11,-1.12,880,1001,1399-11-12
713,ضملت1126,اختيارخ وبملت-4500-1399/11/28,13,458,76292000,169,150,150,-19,-11.24,167,-2,-1.18,150,190,1399-11-12
714,اراد50,مرابحه عام دولت5-ش.خ0302,13,250000,250000070000,1000000,1000001,1000000,0,0.0,1000000,0,0.0,1000000,1000001,1399-11-12
715,اخزا907,اسنادخزانه-م7بودجه99-020704,13,54529,32915129698,603203,606848,603000,-203,-0.03,603626,423,0.07,603000,606849,1399-11-12
716,وسگيلا,شركت س استان گيلان,13,229499,181304210,830,790,790,-40,-4.82,830,0,0.0,790,790,1399-11-12
717,ضغدر1120,اختيارخ وغدير-12000-1399/11/26,13,148,51666000,784,250,450,-334,-42.6,349,-435,-55.48,250,450,1399-11-12
718,زعف0008پ05,زعفران0008نگين زرين(پ),12,9138,1133563000,123989,124500,124490,501,0.4,124049,60,0.05,123500,124500,1399-11-12
719,عيار2,صندوق س. پشتوانه طلاي مفيد,12,120000,120000,27167,1,1,-27166,-100.0,1,-27166,-100.0,1,1,1399-11-12
720,اخزا804,اسنادخزانه-م4بودجه98-000421,12,12696,11731201520,930289,923000,925001,-5288,-0.57,924008,-6281,-0.68,923000,925001,1399-11-12
721,ضترا1117,اختيارخ شتران-10000-1399/11/14,11,236,11918000,459,120,39,-420,-91.5,50,-409,-89.11,39,200,1399-11-12
722,ضصاد3001,اختيارخ وبصادر-2000-1400/03/12,10,287,303653000,1006,1190,1020,14,1.39,1058,52,5.17,1020,1190,1399-11-12
723,دحاوي,الحاوي,10,11499,137976501,12370,11999,11999,-371,-3.0,12367,-3,-0.02,11999,11999,1399-11-12
724,آكورد2,صندوق س. آرمان آتي كوثر-د,10,1000000,1000000,30516,1,1,-30515,-100.0,1,-30515,-100.0,1,1,1399-11-12
725,اخزا810,اسنادخزانه-م10بودجه98-001006,9,9347,7948547804,849753,848508,853000,3247,0.38,850385,632,0.07,848508,853000,1399-11-12
726,وسكرد,شركت س استان كردستان,9,71874,53905500,780,750,750,-30,-3.85,780,0,0.0,750,750,1399-11-12
727,ضمخا7070,اختيارخ اخابر-20000-1400/07/28,8,41,71597000,1862,1800,1799,-63,-3.38,1746,-116,-6.23,1700,1800,1399-11-12
728,اخزا816,اسنادخزانه-م16بودجه98-010503,8,12110,9294609960,767082,767505,767510,428,0.06,767515,433,0.06,767505,769500,1399-11-12
729,هاباد912,اختيارف ت آبادا-30100-99/12/12,8,104000,1279200000,12288,12300,12300,12,0.1,12300,12,0.1,12300,12300,1399-11-12
730,نگين,ص.س. زمين و ساختمان نگين شهرري,8,2178,103535020,47580,47530,47540,-40,-0.08,47540,-40,-0.08,47530,47550,1399-11-12
731,زعف0008پ09,زعفران0008نگين نوين(پ),7,5650,698891500,124375,123800,123600,-775,-0.62,123698,-677,-0.54,123501,123800,1399-11-12
732,اخزا807,اسنادخزانه-م7بودجه98-000719,7,6296,5565540429,883097,885000,884000,903,0.1,883980,883,0.1,883097,885000,1399-11-12
733,اخزا812,اسنادخزانه-م12بودجه98-001111,7,1027,860719978,841064,841990,836210,-4854,-0.58,838091,-2973,-0.35,836002,841990,1399-11-12
734,وسيستا,شركت س استان سيستان وبلوچستان,7,58600,44536000,790,760,760,-30,-3.8,790,0,0.0,760,760,1399-11-12
735,ضغدر1121,اختيارخ وغدير-14000-1399/11/26,7,207,56070000,405,60,225,-180,-44.44,271,-134,-33.09,60,340,1399-11-12
736,شستا991,اجاره تامين اجتماعي-امين991226,7,105,102991830,996141,996141,986001,-10140,-1.02,980875,-15266,-1.53,970000,996141,1399-11-12
737,تملي807,تسهيلات مسكن ب. ملي-مهر98,6,229,224013510,965992,1014291,965992,0,0.0,978225,12233,1.27,965992,1014291,1399-11-12
738,هفارس912,اختيارف ت فارس-14576-99/12/13,6,136028,615254644,4792,4523,4523,-269,-5.61,4523,-269,-5.61,4523,4523,1399-11-12
739,ضخود2012,اختيارخ خودرو-6000-1400/02/08,6,303,15341000,51,51,45,-6,-11.76,51,0,0.0,45,51,1399-11-12
740,فماك,ماداكتو استيل كرد,6,175000,3919825000,22399,22399,22399,0,0.0,22399,0,0.0,22399,22399,1399-11-12
741,هبركت912,اختيارف ت بركت-22100-99/12/17,6,32438,86349956,3437,2662,2662,-775,-22.55,2662,-775,-22.55,2662,2662,1399-11-12
742,ضملت1125,اختيارخ وبملت-4000-1399/11/28,6,213,100700000,422,590,400,-22,-5.21,473,51,12.09,360,590,1399-11-12
743,ضصاد3000,اختيارخ وبصادر-1800-1400/03/12,5,24,27313000,922,1154,1102,180,19.52,1138,216,23.43,1102,1154,1399-11-12
744,پست0008پ08,پسته فندقي32-30مه ولات0008(پ),5,50,65111220,1338755,1300100,1310999,-27756,-2.07,1302224,-36531,-2.73,1300000,1310999,1399-11-12
745,ضصاد3003,اختيارخ وبصادر-3000-1400/03/12,5,46,19199000,420,420,499,79,18.81,417,-3,-0.71,400,499,1399-11-12
746,شستا003,اجاره تامين اجتماعي-سپهر000523,5,4809,4808964446,992381,990001,1000000,7619,0.77,999993,7612,0.77,990001,1012220,1399-11-12
747,ضپاس2003,اختيارخ وپارس-3500-1400/02/29,5,102,34220000,433,310,360,-73,-16.86,335,-98,-22.63,310,360,1399-11-12
748,كروي2,توسعه‌ معادن‌ روي‌ ايران‌,5,25000000,786000000000,31440,31440,31440,0,0.0,31440,0,0.0,31440,31440,1399-11-12
749,ضصاد3004,اختيارخ وبصادر-3500-1400/03/12,5,28,3960000,133,140,200,67,50.38,141,8,6.02,135,200,1399-11-12
750,وسقم,شركت س استان قم,5,20584,27582560,1410,1340,1340,-70,-4.96,1410,0,0.0,1340,1340,1399-11-12
751,تملي707,تسهيلات مسكن ب. ملي-مهر97,5,215,213359110,966434,1014755,963000,-3434,-0.36,992368,25934,2.68,963000,1014755,1399-11-12
752,داريك,صندوق س.اعتماد داريك-د,5,3596,37537960,10426,10450,10440,14,0.13,10439,13,0.12,10426,10450,1399-11-12
753,ضترا3003,اختيارخ شتران-9000-1400/03/09,4,201,484100000,2400,2410,2400,0,0.0,2408,8,0.33,2400,2600,1399-11-12
754,ضگل1142,اختيارخ كگل-16000-1399/11/21,4,167,332400000,2698,1200,2000,-698,-25.87,1990,-708,-26.24,1200,2000,1399-11-12
755,كرونا2,تامين مالي جمعي صرفا اهداي سود,4,270,2700000,10000,10000,10000,0,0.0,10000,0,0.0,10000,10000,1399-11-12
756,وسخراش,شركت س استان خراسان شمالي,4,17634,23100540,1370,1310,1310,-60,-4.38,1370,0,0.0,1310,1310,1399-11-12
757,ضفلا1157,اختيارخ فولاد-18000-1399/11/28,4,142,284000,1,2,2,1,100.0,2,1,100.0,2,2,1399-11-12
758,ضصاد1109,اختيارخ وبصادر-2000-1399/11/12,4,38,26600000,445,700,700,255,57.3,700,255,57.3,700,700,1399-11-12
759,وسزنجان,شركت س استان زنجان,3,17308,23365800,1420,1350,1350,-70,-4.93,1420,0,0.0,1350,1350,1399-11-12
760,سرو2,صندوق س سروسودمند مدبران-سهام,3,1600000,1600000,72020,1,1,-72019,-100.0,1,-72019,-100.0,1,1,1399-11-12
761,اشاد10,مشاركت دولتي10-شرايط خاص001226,3,1100,1050950000,970000,955400,955500,-14500,-1.49,955409,-14591,-1.5,955400,955500,1399-11-12
762,خعمرا,توسعه و عمران شهرستان نائين,3,903,20750037,21885,22979,22979,1094,5.0,21886,1,0.0,22979,22979,1399-11-12
763,ضغدر1118,اختيارخ وغدير-9000-1399/11/26,3,12,30700000,2300,2500,2520,220,9.57,2558,258,11.22,2500,3000,1399-11-12
764,شستا994,اجاره تامين اجتماعي-نوين991226,3,35,34675250,1006999,1025000,985007,-21992,-2.18,990721,-16278,-1.62,985007,1025000,1399-11-12
765,ضجار2001,اختيارخ وتجارت-2000-1400/02/22,3,25,30000000,1224,1200,1200,-24,-1.96,1200,-24,-1.96,1200,1200,1399-11-12
766,ضبدر1150,اختيارخ شبندر-32000-1399/11/19,3,26,265000,10,11,10,0,0.0,10,0,0.0,10,11,1399-11-12
767,ونچر,ص.ج.فيروزه10%تاديه,3,2400,302180500,126668,126668,125011,-1657,-1.31,125909,-759,-0.6,125011,126668,1399-11-12
768,ضشنا2003,اختيارخ شپنا-14000-1400/02/27,3,3,3601000,1175,1000,1300,125,10.64,1200,25,2.13,1000,1301,1399-11-12
769,شسم,توليد سموم‌ علف‌ كش,3,311,27857514,87818,89574,89574,1756,2.0,87823,5,0.01,89574,89574,1399-11-12
770,ضترا1126,اختيارخ شتران-7000-1399/11/14,3,17,33600000,1808,1800,2000,192,10.62,1976,168,9.29,1800,2000,1399-11-12
771,وساشرقي,شركت س استان آذربايجان شرقي,3,21300,20235000,990,950,950,-40,-4.04,990,0,0.0,950,950,1399-11-12
772,ضسپا1105,اختيارخ خساپا-3500-1399/11/26,2,19,38000,2,2,2,0,0.0,2,0,0.0,2,2,1399-11-12
773,آوا2,صندوق س.سهام آواي معيار-س,2,3000000,3000000,8244,1,1,-8243,-99.99,1,-8243,-99.99,1,1,1399-11-12
774,اخزا713,اسنادخزانه-م13بودجه97-000518,2,467,423827750,909038,907500,908005,-1033,-0.11,907554,-1484,-0.16,907500,908005,1399-11-12
775,پست0008پ09,پسته بادامي30-28مه ولات0008(پ),2,30,39000000,1318064,1300000,1300000,-18064,-1.37,1300000,-18064,-1.37,1300000,1300000,1399-11-12
776,كمند4,صندوق س. با درآمد ثابت كمند,2,10000,101210000,10142,10121,10121,-21,-0.21,10121,-21,-0.21,10121,10121,1399-11-12
777,ضسپا3003,اختيارخ خساپا-2000-1400/03/26,2,2,1550000,1,800,750,749,74900.0,775,774,77400.0,750,800,1399-11-12
778,ضچاد2003,اختيارخ كچاد-18000-1400/02/05,2,5,25488000,5500,5088,5100,-400,-7.27,5098,-402,-7.31,5088,5100,1399-11-12
779,ضترا1127,اختيارخ شتران-8000-1399/11/14,2,20,26010000,2000,1301,1300,-700,-35.0,1300,-700,-35.0,1300,1301,1399-11-12
780,صايپا012,صكوك مرابحه سايپا012-3ماهه 16%,2,28,28000028,1000001,1000001,1000001,0,0.0,1000001,0,0.0,1000001,1000001,1399-11-12
781,اخزا722,اسنادخزانه-م22بودجه97-000428,2,15000,13799000000,917014,919900,920000,2986,0.33,919933,2919,0.32,919900,920000,1399-11-12
782,كشم0001پ01,كشمش سبز0001خليل آباد(پ),2,21,14909880,697132,690000,731988,34856,5.0,709994,12862,1.84,690000,731988,1399-11-12
783,تملي710,تسهيلات مسكن ب. ملي-دي97,2,8,6028080,793168,753510,753510,-39658,-5.0,753510,-39658,-5.0,753510,753510,1399-11-12
784,زعف0008پ15,زعفران0008پوشالمعمول طلاسرخ(پ),2,160,13737940,84568,85900,85799,1231,1.46,85862,1294,1.53,85799,85900,1399-11-12
785,شرق1400,مشاركت ليزينگ ايران وشرق140010,2,11,11109890,1006212,1009990,1009990,3778,0.38,1009990,3778,0.38,1009990,1009990,1399-11-12
786,شستا992,اجاره تامين اجتماعي-سپهر991226,2,45400,45400000000,996500,1000000,1000000,3500,0.35,1000000,3500,0.35,1000000,1000000,1399-11-12
787,پست0008پ04,پسته فندقي32-30سبزدانه0008(پ),2,20,26201040,1325578,1310100,1310004,-15574,-1.17,1310052,-15526,-1.17,1310004,1310100,1399-11-12
788,گواهي ظرفيت,گواهي ظرفيت نقدي,2,3675000,39098325000,10639,10639,10639,0,0.0,10639,0,0.0,10639,10639,1399-11-12
789,زعف0008پ12,زعفران0008پوشالمعمول سحرخيز(پ),2,112,9395000,83842,83120,84500,658,0.78,83884,42,0.05,83120,84500,1399-11-12
790,ضملي3000,اختيارخ فملي-8000-1400/03/02,2,15,68050000,4315,4580,4450,135,3.13,4537,222,5.14,4450,4580,1399-11-12
791,تملي806,تسهيلات مسكن ب. ملي-شهريور98,2,43,27236286,603240,633402,633402,30162,5.0,633402,30162,5.0,633402,633402,1399-11-12
792,سپرمي,پرميت‌,2,1205,10332875,8491,8575,8575,84,0.99,8491,0,0.0,8575,8575,1399-11-12
793,رطب0002پ01,رطب مضافتي0002افشارتعاون بم(پ),2,48,10261427,211901,208058,219999,8098,3.82,213780,1879,0.89,208058,219999,1399-11-12
794,اخزا723,اسنادخزانه-م23بودجه97-000824,2,1369,1185555694,869929,866001,866014,-3915,-0.45,866001,-3928,-0.45,866001,866014,1399-11-12
795,صمسكن912,ص دين مسكن جنوب-ماهانه16درصد,1,250,12717750,52664,50871,50871,-1793,-3.4,50871,-1793,-3.4,50871,50871,1399-11-12
796,تملي709,تسهيلات مسكن ب. ملي-آذر97,1,8,6469128,851201,808641,808641,-42560,-5.0,808641,-42560,-5.0,808641,808641,1399-11-12
797,وسبوشهر,شركت س استان بوشهر,1,4500,5400000,1260,1200,1200,-60,-4.76,1260,0,0.0,1200,1200,1399-11-12
798,تملي804,تسهيلات مسكن ب. ملي-تير98,1,13,8982948,727364,690996,690996,-36368,-5.0,690996,-36368,-5.0,690996,690996,1399-11-12
799,زير0003پ01,زيره سبز0003كيميابذر(پ),1,3,1447470,451712,482490,482490,30778,6.81,482490,30778,6.81,482490,482490,1399-11-12
800,ضگل1143,اختيارخ كگل-18000-1399/11/21,1,10,6000000,1500,600,600,-900,-60.0,600,-900,-60.0,600,600,1399-11-12
801,شستا993,اجاره ت.اجتماعي-كاردان991226,1,19,18720738,1000667,985302,985302,-15365,-1.54,985302,-15365,-1.54,985302,985302,1399-11-12
802,ضپار1116,اختيارخ خپارس-6000-1399/11/19,1,20,4000000,1508,200,200,-1308,-86.74,200,-1308,-86.74,200,200,1399-11-12
803,تملي711,تسهيلات مسكن ب. ملي-بهمن97,1,8,6708832,882741,838604,838604,-44137,-5.0,838604,-44137,-5.0,838604,838604,1399-11-12
804,اراد364,مرابحه عام دولت3-ش.خ 0104,1,250000,237775000000,950400,951100,951100,700,0.07,951100,700,0.07,951100,951100,1399-11-12
805,خفولا2,خدمات فني فولاد يزد,1,400000,34815200000,84503,87038,87038,2535,3.0,87038,2535,3.0,87038,87038,1399-11-12
806,اشاد104,مشاركت دولتي10-شرايط خاص001226,1,193500,185839722000,970000,960412,960412,-9588,-0.99,960412,-9588,-0.99,960412,960412,1399-11-12
807,ضبدر1157,اختيارخ شبندر-20000-1399/11/19,1,11,11000000,3000,1000,1000,-2000,-66.67,1000,-2000,-66.67,1000,1000,1399-11-12
808,ضجار2006,اختيارخ وتجارت-4500-1400/02/22,1,1,101000,1,101,101,100,10000.0,101,100,10000.0,101,101,1399-11-12
809,وسمركز,شركت س استان مركزي,1,15000,19950000,1400,1330,1330,-70,-5.0,1400,0,0.0,1330,1330,1399-11-12
810,زير0003پ04,زيره سبز0003شركت مينوبذر(پ),1,2,950002,468000,475001,475001,7001,1.5,475001,7001,1.5,475001,475001,1399-11-12
811,ضبدر3003,اختيارخ شبندر-20000-1400/03/30,1,10,15000000,1,1500,1500,1499,149900.0,1500,1499,149900.0,1500,1500,1399-11-12
812,اشاد1,مشاركت دولتي1-شرايط خاص001026,1,100,98100100,1000000,981001,981001,-18999,-1.9,981001,-18999,-1.9,981001,981001,1399-11-12
813,وسمازن,س.سهام عدالت استان مازندران,1,5350,5029000,980,940,940,-40,-4.08,980,0,0.0,940,940,1399-11-12
814,زير0003پ02,زيره سبز0003 دانش(پ),1,11,5307390,477858,482490,482490,4632,0.97,482490,4632,0.97,482490,482490,1399-11-12
815,ضمخا2001,اختيارخ اخابر-10000-1400/02/29,1,10,28000000,2800,2800,2800,0,0.0,2800,0,0.0,2800,2800,1399-11-12
816,تملي803,تسهيلات مسكن ب. ملي-خرداد98,1,8,5526824,727213,690853,690853,-36360,-5.0,690853,-36360,-5.0,690853,690853,1399-11-12
817,تملي706,تسهيلات مسكن ب. ملي-شهريور97,1,8,5537456,728612,692182,692182,-36430,-5.0,692182,-36430,-5.0,692182,692182,1399-11-12
818,ضپيك2008,اختيارخ تاپيكو-9000-00/02/19,1,5,22500000,4500,4500,4500,0,0.0,4500,0,0.0,4500,4500,1399-11-12
819,اخزا819,اسنادخزانه-م19بودجه98-020322,1,100,71718500,710085,717185,717185,7100,1.0,717185,7100,1.0,717185,717185,1399-11-12
820,رايان106,مشاركت رايان سايپا-3ماهه16%,1,10,9463700,955834,946370,946370,-9464,-0.99,946370,-9464,-0.99,946370,946370,1399-11-12
821,وسكرشا,س.سهام عدالت استان كرمانشاه,1,10000,12000000,1260,1200,1200,-60,-4.76,1260,0,0.0,1200,1200,1399-11-12
822,ضمخا7067,اختيارخ اخابر-14000-1400/07/28,1,1,6666000,9000,6666,6666,-2334,-25.93,6666,-2334,-25.93,6666,6666,1399-11-12
823,وسيلام,شركت س استان ايلام,1,4500,5310000,1240,1180,1180,-60,-4.84,1240,0,0.0,1180,1180,1399-11-12
824,ضملت1124,اختيارخ وبملت-3500-1399/11/28,1,50,44500000,793,890,890,97,12.23,890,97,12.23,890,890,1399-11-12
825,وبوعلي2,سرمايه‌گذاري‌بوعلي‌,1,30000000,176400000000,5600,5880,5880,280,5.0,5880,280,5.0,5880,5880,1399-11-12
826,تملي703,تسهيلات مسكن ب. ملي-خرداد97,1,8,5138000,676052,642250,642250,-33802,-5.0,642250,-33802,-5.0,642250,642250,1399-11-12
827,زكوثر2,سرمايه گذاري كشاورزي كوثر,1,7775000,162419750000,21000,20890,20890,-110,-0.52,20890,-110,-0.52,20890,20890,1399-11-12
828,صخود412,ص مرابحه خودرو412- 3ماهه 18%,1,3000,2955000000,988770,985000,985000,-3770,-0.38,985000,-3770,-0.38,985000,985000,1399-11-12
829,ضترا1118,اختيارخ شتران-12000-1399/11/14,1,7,35000,4,5,5,1,25.0,5,1,25.0,5,5,1399-11-12
830,صخود0012,ص مرابحه خودرو0012- 3ماهه 18%,1,50,50500000,1020000,1010000,1010000,-10000,-0.98,1010000,-10000,-0.98,1010000,1010000,1399-11-12
831,وآوا2,سرمايه گذاري آوا نوين,1,13000000,106600000000,8506,8200,8200,-306,-3.6,8200,-306,-3.6,8200,8200,1399-11-12
832,كمند2,صندوق س. با درآمد ثابت كمند,1,99000000,99000000,10142,1,1,-10141,-99.99,1,-10141,-99.99,1,1,1399-11-12
833,فاذر4,صنايع‌ آذرآب‌,1,30000000,710100000000,24380,23670,23670,-710,-2.91,23670,-710,-2.91,23670,23670,1399-11-12
834,ضصاد1101,اختيارخ وبصادر-3000-1399/11/12,1,100,100000,1,1,1,0,0.0,1,0,0.0,1,1,1399-11-12
