,نماد,نام,تعداد,حجم,ارزش,دیروز,اولین,آخرین معامله - مقدار,آخرین معامله - تغییر,آخرین معامله - درصد,قیمت پایانی - مقدار,قیمت پایانی - تغییر,قیمت پایانی - درصد,کمترین,بیشترین,تاریخ
0,دارا يكم,صندوق واسطه گري مالي يكم-سهام,59689,22180580,3846880013080,186240,178900,171030,-15210,-8.17,173430,-12810,-6.88,170150,179800,1399-8-18
1,امين,تامين سرمايه امين,26294,37418421,395899844070,10920,10550,11030,110,1.01,10580,-340,-3.11,10380,11350,1399-8-18
2,بپيوند,برق و انرژي پيوندگستر پارس,24150,31339252,666808994087,23391,21052,21510,-1881,-8.04,21277,-2114,-9.04,21052,22400,1399-8-18
3,سيتا,سرمايه گذاري سيمان تامين,19331,37883016,613931130720,16960,16210,16570,-390,-2.3,16210,-750,-4.42,16120,16770,1399-8-18
4,گدنا,تهيه توزيع غذاي دنا آفرين فدك,14404,2367496,41232310336,16587,17416,17416,829,5.0,17208,621,3.74,17416,17416,1399-8-18
5,بگيلان,توسعه مسير برق گيلان,13682,7739412,192028161219,25963,25300,24900,-1063,-4.09,24812,-1151,-4.43,24665,25665,1399-8-18
6,ولپارس,ليزينگ پارسيان,10856,3126574,15007555200,4580,4800,4800,220,4.8,4620,40,0.87,4800,4800,1399-8-18
7,شصدفح,ح . صنعتي دوده فام,10841,4855864,83412350370,17845,17350,17107,-738,-4.14,17178,-667,-3.74,16953,17840,1399-8-18
8,آبادا,توليد نيروي برق آبادان,10292,3718859,60441378090,17070,16220,16280,-790,-4.63,16250,-820,-4.8,16220,16860,1399-8-18
9,رافزا,رايان هم افزا,10042,62406,2168421282,33093,34747,34747,1654,5.0,33161,68,0.21,34747,34747,1399-8-18
10,صباح,ح . سرمايه گذاري صبا تامين,7424,95821353,556220939700,6109,5804,5890,-219,-3.58,5805,-304,-4.98,5804,5900,1399-8-18
11,پارند2,صندوق س. پارند پايدار سپهر,6802,680200000,680200000,11460,1,1,-11459,-99.99,1,-11459,-99.99,1,1,1399-8-18
12,آريا,پليمر آريا ساسول,5863,4007395,601803955768,157586,152990,149707,-7879,-5.0,150173,-7413,-4.7,149707,152990,1399-8-18
13,بركت,گروه دارويي بركت,5484,42863807,496965964430,11660,11080,12240,580,4.97,11590,-70,-0.6,11080,12240,1399-8-18
14,كترام,توليدي‌ كاشي‌ تكسرام‌,4161,14963480,388587633280,24840,25000,26080,1240,4.99,25970,1130,4.55,24200,26080,1399-8-18
15,لسرما,سرما آفرين‌,3937,6969497,211328583570,30500,29500,29210,-1290,-4.23,30320,-180,-0.59,29010,31890,1399-8-18
16,غگيلا,شيرپاستوريزه پگاه گيلان,3914,541391,9339536141,16430,17251,17251,821,5.0,16576,146,0.89,17251,17251,1399-8-18
17,بنو,بيمه تجارت نو,3639,9580748,370467994677,38672,39000,38680,8,0.02,38668,-4,-0.01,36900,40000,1399-8-18
18,خاهن,آهنگري‌ تراكتورسازي‌ ايران‌,3603,9868324,323851610790,33120,31510,32560,-560,-1.69,32820,-300,-0.91,31510,34500,1399-8-18
19,خودرو,ايران‌ خودرو,3584,80965827,258280988130,3350,3190,3190,-160,-4.78,3190,-160,-4.78,3190,3190,1399-8-18
20,وبصادر,بانك صادرات ايران,3283,114870223,327417350150,3000,2850,2850,-150,-5.0,2850,-150,-5.0,2850,2870,1399-8-18
21,اعتماد,صندوق س.اعتماد آفرين پارسيان-د,3138,106300730,3533041155470,33211,33232,33250,39,0.12,33236,25,0.08,33228,33269,1399-8-18
22,خساپا,سايپا,3041,59936184,130061519280,2280,2170,2170,-110,-4.82,2170,-110,-4.82,2170,2170,1399-8-18
23,كساوه,صنايع‌ كاشي‌ و سراميك‌ سينا,2997,5432279,280718816670,49800,50810,52290,2490,5.0,51680,1880,3.78,49860,52290,1399-8-18
24,كمند,صندوق س. با درآمد ثابت كمند,2886,124667467,1254353594176,10037,10055,10059,22,0.22,10062,25,0.25,10052,10079,1399-8-18
25,دتوليد,داروسازي توليد دارو,2816,14576961,454205956425,31135,29579,32691,1556,5.0,31159,24,0.08,29579,32691,1399-8-18
26,پارند,صندوق س. پارند پايدار سپهر,2778,133685530,1534870865572,11460,11500,11480,20,0.17,11481,21,0.18,11450,11500,1399-8-18
27,وبملت,بانك ملت,2685,69737654,308937807220,4660,4430,4430,-230,-4.94,4430,-230,-4.94,4430,4430,1399-8-18
28,طلا,صندوق س.پشتوانه طلاي لوتوس,2614,2858492,251395337630,93202,84515,89390,-3812,-4.09,87947,-5255,-5.64,84515,91500,1399-8-18
29,ثبهساز,بهساز كاشانه تهران,2562,18110692,47268906120,2740,2610,2610,-130,-4.74,2610,-130,-4.74,2610,2610,1399-8-18
30,افق,فروشگاههاي زنجيره اي افق كوروش,2525,977777,67704726760,71000,70000,69000,-2000,-2.82,69570,-1430,-2.01,68000,71000,1399-8-18
31,زقيام,كشت و دام قيام اصفهان,2509,8135150,216905824201,29338,27200,27000,-2338,-7.97,26663,-2675,-9.12,26405,28047,1399-8-18
32,پكرمان,گروه‌ صنعتي‌ بارز,2478,8143850,208500274430,26370,26300,26380,10,0.04,25600,-770,-2.92,25060,26990,1399-8-18
33,ارزش,صندوق س ارزش آفرين بيدار-سهام,2429,17530805,149559106820,9310,9080,8490,-820,-8.81,8530,-780,-8.38,8380,9080,1399-8-18
34,آگاس,صندوق س.هستي بخش آگاه-س,2397,4939053,282531265069,60687,59899,56702,-3985,-6.57,57204,-3483,-5.74,56690,59899,1399-8-18
35,غگل,گلوكوزان‌,2358,27681669,118946001850,4480,4260,4380,-100,-2.23,4300,-180,-4.02,4260,4430,1399-8-18
36,فپنتا,سپنتا,2315,335967,133570503390,385030,404280,401490,16460,4.27,397570,12540,3.26,365780,404280,1399-8-18
37,تسه9907,امتياز تسهيلات مسكن مهر99,2238,46777,35147747785,770047,755000,755700,-14347,-1.86,751389,-18658,-2.42,737222,755700,1399-8-18
38,غدام,خوراك‌  دام‌ پارس‌,2179,914857,221876735420,247050,256000,254000,6950,2.81,242530,-4520,-1.83,234700,259400,1399-8-18
39,امين يكم,صندوق درآمد ثابت امين يكم فردا,2077,77192457,789106225568,10211,10216,10222,11,0.11,10223,12,0.12,10215,10230,1399-8-18
40,بجهرم,توسعه مولد نيروگاهي جهرم,2034,28772449,97834017114,3577,3399,3399,-178,-4.98,3400,-177,-4.95,3399,3450,1399-8-18
41,قزوين,كارخانجات‌ قند قزوين‌,1989,4883600,183184009310,39000,39300,38490,-510,-1.31,37510,-1490,-3.82,37050,39950,1399-8-18
42,مدير,ص.س.مديريت ثروت ص.بازنشستگي-س,1975,9163823,83018147960,9961,9592,8965,-996,-10.0,9059,-902,-9.06,8965,9592,1399-8-18
43,زر,صندوق س.پشتوانه سكه طلاي زر,1955,3283378,169861784093,56952,51257,52710,-4242,-7.45,51734,-5218,-9.16,51257,54908,1399-8-18
44,شصدف,صنعتي دوده فام,1850,145538,3437462022,22495,23619,23619,1124,5.0,22568,73,0.32,23619,23619,1399-8-18
45,زبينا,كشاورزي و دامپروري بينالود,1807,5239625,211294927250,44720,40248,41000,-3720,-8.32,40326,-4394,-9.83,40248,41000,1399-8-18
46,سرو,صندوق س سروسودمند مدبران-سهام,1774,1973295,100055175780,55470,53450,50130,-5340,-9.63,50700,-4770,-8.6,49930,53450,1399-8-18
47,غسالم,سالمين‌,1726,13532142,55211032980,4220,4010,4200,-20,-0.47,4080,-140,-3.32,4010,4250,1399-8-18
48,دفارا,داروسازي‌ فارابي‌,1686,6176916,402213946010,65110,61860,68360,3250,4.99,65120,10,0.02,61860,68360,1399-8-18
49,دشيمي,شيمي‌ داروئي‌ داروپخش‌,1685,4130248,295573923810,70320,70000,73830,3510,4.99,71560,1240,1.76,66810,73830,1399-8-18
50,بپاس,بيمه پاسارگاد,1606,5019609,316572273090,64122,64980,64125,3,0.0,63067,-1055,-1.65,60916,64980,1399-8-18
51,ثالوند,سرمايه گذاري مسكن الوند,1597,11204744,158881304187,13979,13281,14677,698,4.99,14180,201,1.44,13281,14677,1399-8-18
52,ثباغ,شهر سازي و خانه سازي باغميشه,1565,10582416,344344820143,34251,32539,32539,-1712,-5.0,32539,-1712,-5.0,32539,32550,1399-8-18
53,فولاد,فولاد مباركه اصفهان,1530,4022542,47023515980,12300,11690,11690,-610,-4.96,12040,-260,-2.11,11690,11690,1399-8-18
54,ديران,ايران‌دارو,1528,5975049,109721604300,18440,17520,19360,920,4.99,18360,-80,-0.43,17520,19360,1399-8-18
55,عيار,صندوق س. پشتوانه طلاي مفيد,1498,3276442,99192602556,33273,29946,30670,-2603,-7.82,30274,-2999,-9.01,29946,31250,1399-8-18
56,وساخت,سرمايه‌ گذاري‌ ساختمان‌ايران‌,1466,4616967,228110282070,50270,50270,47760,-2510,-4.99,49410,-860,-1.71,47760,51200,1399-8-18
57,فملي,ملي‌ صنايع‌ مس‌ ايران‌,1464,4396264,86914139280,20810,19770,19770,-1040,-5.0,19980,-830,-3.99,19770,19770,1399-8-18
58,هجرت,پخش هجرت,1455,3274851,184818571673,56240,53428,59052,2812,5.0,56436,196,0.35,53428,59052,1399-8-18
59,ونوين,بانك‌اقتصادنوين‌,1438,58072880,237596132430,4290,4110,4080,-210,-4.9,4090,-200,-4.66,4080,4260,1399-8-18
60,كي بي سي,شركت كي بي سي,1367,5466007,173384709871,32120,30514,33595,1475,4.59,31721,-399,-1.24,30514,33700,1399-8-18
61,دزهراوي,داروسازي‌زهراوي‌,1346,8986410,84730895610,9330,8870,9790,460,4.93,9430,100,1.07,8870,9790,1399-8-18
62,ولساپا,ليزينگ رايان‌ سايپا,1344,33686821,111134625290,3460,3290,3330,-130,-3.76,3300,-160,-4.62,3290,3380,1399-8-18
63,بكاب,صنايع‌جوشكاب‌يزد,1340,537193,92637617990,172830,181000,167010,-5820,-3.37,172450,-380,-0.22,164190,181000,1399-8-18
64,ميدكو,هلدينگ صنايع  معدني خاورميانه,1257,12110336,271848175553,23098,23100,22390,-708,-3.07,22448,-650,-2.81,21944,23100,1399-8-18
65,زشگزا,شير و گوشت زاگرس شهركرد,1241,1134369,107453356114,103915,93524,97000,-6915,-6.65,94725,-9190,-8.84,93524,103000,1399-8-18
66,دكپسول,توليد ژلاتين كپسول ايران,1212,2821945,102345471700,35911,34116,37705,1794,5.0,36268,357,0.99,34116,37706,1399-8-18
67,كيان,صندوق س. با درآمد ثابت كيان,1197,34499027,891243951401,25818,25832,25835,17,0.07,25834,16,0.06,25830,25990,1399-8-18
68,ريشمك,توليد و صادرات ريشمك,1177,5503349,184089364183,33003,31353,34653,1650,5.0,33450,447,1.35,31353,34653,1399-8-18
69,شتران,پالايش نفت تهران,1158,11163736,114428294000,10780,10250,10250,-530,-4.92,10250,-530,-4.92,10250,10250,1399-8-18
70,ركيش,كارت اعتباري ايران كيش,1155,5347410,63452189730,12130,12340,12100,-30,-0.25,11870,-260,-2.14,11530,12400,1399-8-18
71,آوا,صندوق س.سهام آواي معيار-س,1147,6646530,43880916739,7337,7050,6530,-807,-11.0,6602,-735,-10.02,6450,7050,1399-8-18
72,كلوند,كاشي‌ الوند,1122,4069591,84372859530,19990,20900,20980,990,4.95,20730,740,3.7,19500,20980,1399-8-18
73,پاكشو,گروه صنعتي پاكشو,1118,921922,80271159240,87310,83940,86990,-320,-0.37,87110,-200,-0.23,83940,88790,1399-8-18
74,وتوصا,گروه س توسعه صنعتي ايران,1110,12417931,101663650570,8560,8140,8400,-160,-1.87,8190,-370,-4.32,8140,8550,1399-8-18
75,رانفور,خدمات‌انفورماتيك‌,1058,9047552,275233771200,30520,29120,31100,580,1.9,30420,-100,-0.33,29000,31900,1399-8-18
76,دسانكو,داروسازي سبحان انكولوژي,1021,9267962,138587138946,14927,14181,15673,746,5.0,14953,26,0.17,14181,15673,1399-8-18
77,كرازي,كارخانجات‌توليدي‌شيشه‌رازي‌,1007,6151708,100362261150,17080,16230,16800,-280,-1.64,16310,-770,-4.51,16230,17000,1399-8-18
78,دبالك,مواد اوليه دارويي البرز بالك,994,5202678,71185801543,13455,12783,14127,672,4.99,13683,228,1.69,12783,14127,1399-8-18
79,واعتبار,سرمايه گذاري اعتبار ايران,992,14122508,64127007140,4470,4370,4690,220,4.92,4540,70,1.57,4250,4690,1399-8-18
80,تيپيكو,سرمايه گذاري دارويي تامين,977,3030777,149748596140,49080,46630,51530,2450,4.99,49410,330,0.67,46630,51530,1399-8-18
81,قرن,پديده شيمي قرن,970,1145154,56622375900,51730,51400,50450,-1280,-2.47,49450,-2280,-4.41,49150,51400,1399-8-18
82,وبيمهح,ح . سرمايه‌ گذاري‌ صنعت‌ بيمه‌,926,24549119,27343218870,1230,1150,1130,-100,-8.13,1110,-120,-9.76,1110,1160,1399-8-18
83,گوهر,صندوق سكه طلاي كيان,920,1908256,117876327088,67941,61147,62600,-5341,-7.86,61772,-6169,-9.08,61147,63444,1399-8-18
84,خگستر,گسترش‌سرمايه‌گذاري‌ايران‌خودرو,917,22903799,77185802630,3540,3370,3370,-170,-4.8,3370,-170,-4.8,3370,3370,1399-8-18
85,سجام,مجتمع سيمان غرب آسيا,911,3189408,37955271803,11512,11850,12087,575,4.99,11900,388,3.37,10960,12087,1399-8-18
86,خرينگ,رينگ‌سازي‌مشهد,838,1905771,75636551020,41250,39360,39190,-2060,-4.99,39690,-1560,-3.78,39190,41250,1399-8-18
87,والبر,سرمايه‌ گذاري‌ البرز(هلدينگ‌,836,5915391,80253073760,13650,12970,14330,680,4.98,13570,-80,-0.59,12970,14330,1399-8-18
88,حسينا,توسعه خدمات دريايي وبندري سينا,834,3137012,172564222422,60696,57410,56000,-4696,-7.74,55009,-5687,-9.37,54627,58900,1399-8-18
89,جم پيلن,پلي پروپيلن جم - جم پيلن,826,2735318,200152759570,76920,73080,74520,-2400,-3.12,73170,-3750,-4.88,73080,75500,1399-8-18
90,كاردان,صندوق س تجارت شاخصي كاردان,822,433331,55908555940,140540,133300,128060,-12480,-8.88,129020,-11520,-8.2,126700,133300,1399-8-18
91,سمازن,سيمان‌مازندران‌,803,6578532,54684803900,8490,8070,8730,240,2.83,8310,-180,-2.12,8070,8770,1399-8-18
92,خفولا,خدمات فني فولاد يزد,793,1690733,46669424688,26979,27788,27788,809,3.0,27603,624,2.31,26960,27788,1399-8-18
93,دتماد,توليدمواداوليه‌داروپخش‌,765,1558797,66503857290,42940,40800,45080,2140,4.98,42660,-280,-0.65,40800,45080,1399-8-18
94,نوري,پتروشيمي نوري,756,662494,109139261560,173410,164740,164740,-8670,-5.0,164740,-8670,-5.0,164740,164740,1399-8-18
95,پخش,پخش البرز,753,5030678,152723133633,30015,28515,31515,1500,5.0,30358,343,1.14,28515,31515,1399-8-18
96,پارس,پتروشيمي پارس,752,898733,113572889210,133020,126370,126370,-6650,-5.0,126370,-6650,-5.0,126370,126370,1399-8-18
97,وسبحان,سرمايه گذاري سبحان,750,9957500,75865014353,7951,7554,7641,-310,-3.9,7619,-332,-4.18,7554,8042,1399-8-18
98,فاما,صنعتي‌ آما,741,2264739,58695281140,24690,25920,25920,1230,4.98,25920,1230,4.98,25300,25920,1399-8-18
99,ذوب,سهامي ذوب آهن  اصفهان,741,5763462,25866417456,4724,4488,4488,-236,-5.0,4669,-55,-1.16,4488,4488,1399-8-18
100,زاگرس,پتروشيمي زاگرس,738,1237867,178732035364,151985,144386,144386,-7599,-5.0,144387,-7598,-5.0,144386,145410,1399-8-18
101,سيدكو,سرمايه گذاري توسعه صنايع سيمان,738,18507441,118440487110,6720,6480,6590,-130,-1.93,6400,-320,-4.76,6390,6680,1399-8-18
102,رتاپح,ح.تجارت الكترونيك پارسيان,738,3039785,10935935900,3920,3630,3590,-330,-8.42,3600,-320,-8.16,3570,3720,1399-8-18
103,شدوص,دوده‌ صنعتي‌ پارس‌,700,3944991,86693708760,21100,20050,22150,1050,4.98,21980,880,4.17,20050,22150,1399-8-18
104,دكوثر,داروسازي‌ كوثر,697,3937183,72419938930,18220,17310,19130,910,4.99,18390,170,0.93,17310,19130,1399-8-18
105,كطبس,ذغال‌سنگ‌ نگين‌ ط‌بس‌,690,858206,40292513860,48020,47900,45620,-2400,-5.0,47170,-850,-1.77,45620,49000,1399-8-18
106,وغدير,سرمايه‌گذاري‌غدير(هلدينگ‌,674,8715729,86547188970,10450,9930,9930,-520,-4.98,10030,-420,-4.02,9930,9930,1399-8-18
107,دعبيد,لابراتوارداروسازي‌  دكترعبيدي‌,667,1301222,38735201730,29200,27740,30660,1460,5.0,29610,410,1.4,27740,30660,1399-8-18
108,شخارك,پتروشيمي‌ خارك‌,663,2971144,106170788690,37610,35730,35730,-1880,-5.0,35730,-1880,-5.0,35730,36490,1399-8-18
109,دامين,داروسازي‌ امين‌,662,4848239,59609943080,11910,11320,12500,590,4.95,12300,390,3.27,11320,12500,1399-8-18
110,چكارن,كارتن‌ ايران‌,658,5478389,16609036990,3180,3030,3030,-150,-4.72,3130,-50,-1.57,3030,3080,1399-8-18
111,وسپه,سرمايه‌گذاري‌ سپه‌,648,13570730,157568086480,12220,11610,11620,-600,-4.91,11610,-610,-4.99,11610,11890,1399-8-18
112,كاريس,صندوق س.سپهر كاريزما-س,646,224266,35157721691,167695,166797,155477,-12218,-7.29,156768,-10927,-6.52,153000,166797,1399-8-18
113,وسكاب,س.ص.بازنشستگي كاركنان بانكها,636,15469422,90220210980,6130,5870,5830,-300,-4.89,5830,-300,-4.89,5830,5920,1399-8-18
114,سمگا,گروه سرمايه گذاري ميراث فرهنگي,636,4439313,78269273716,18507,17600,17582,-925,-5.0,17631,-876,-4.73,17582,18225,1399-8-18
115,داوه,داروسازي آوه سينا,624,3178694,53343023840,16443,15621,17265,822,5.0,16781,338,2.06,15621,17265,1399-8-18
116,دتوزيع,توزيع دارو پخش,615,771027,30805803602,39294,37330,41258,1964,5.0,39700,406,1.03,37330,41258,1399-8-18
117,شپاكسا,پاكسان‌,610,2951552,72073055890,25600,24500,24710,-890,-3.48,24420,-1180,-4.61,24320,25400,1399-8-18
118,دجابر,داروسازي‌ جابرابن‌حيان‌,597,1221682,45015065920,37100,35250,38950,1850,4.99,36870,-230,-0.62,35250,38950,1399-8-18
119,دشيري,شيرين دارو,594,450169,78900047116,176215,170929,179600,3385,1.92,175268,-947,-0.54,170929,181501,1399-8-18
120,شلعابح,ح . لعابيران‌,582,5078772,18035935260,3820,3580,3630,-190,-4.97,3550,-270,-7.07,3450,3760,1399-8-18
121,شتوكا,توكا رنگ فولاد سپاهان,579,1466862,40104301530,26093,25311,27397,1304,5.0,27047,954,3.66,25311,27397,1399-8-18
122,وبانك,سرمايه گذاري گروه توسعه ملي,567,11370615,101653298100,9410,8940,8940,-470,-4.99,8940,-470,-4.99,8940,8940,1399-8-18
123,تليسه,دامداري تليسه نمونه,566,18919763,80749548484,4065,4268,4268,203,4.99,4268,203,4.99,4268,4268,1399-8-18
124,ثاميد,توسعه و عمران اميد,565,5231224,11404068320,2290,2180,2180,-110,-4.8,2260,-30,-1.31,2180,2180,1399-8-18
125,غصينو,صنعتي مينو,546,3786708,172938954360,43496,45670,45670,2174,5.0,45670,2174,5.0,45670,45670,1399-8-18
126,شگويا,پتروشيمي تندگويان,540,3465856,34727877120,10547,10020,10020,-527,-5.0,10356,-191,-1.81,10020,10020,1399-8-18
127,وپارس,بانك‌پارسيان‌,535,7352336,20954157600,2990,2850,2850,-140,-4.68,2960,-30,-1.0,2850,2850,1399-8-18
128,فيروزه,صندوق شاخص30 شركت فيروزه- سهام,535,317571,41821357260,144900,135500,130600,-14300,-9.87,131690,-13210,-9.12,130410,135500,1399-8-18
129,صبا,سرمايه گذاري صبا تامين,530,4543466,35220948432,8160,7752,7752,-408,-5.0,8033,-127,-1.56,7752,7752,1399-8-18
130,ولراز,ليزينگ رازي,528,1135384,27666667997,24466,23900,23750,-716,-2.93,24368,-98,-0.4,23733,25199,1399-8-18
131,وپاسار,بانك  پاسارگاد,525,8997537,76569039870,8950,8510,8510,-440,-4.92,8650,-300,-3.35,8510,8510,1399-8-18
132,سرچشمه,سرمايه گذاري مس سرچشمه,523,4700969,31834071569,7127,6771,6870,-257,-3.61,6881,-246,-3.45,6771,6870,1399-8-18
133,تسه9906,امتياز تسهيلات مسكن شهريور99,521,5112,3824481135,768582,750509,741500,-27082,-3.52,748138,-20444,-2.66,730310,779980,1399-8-18
134,حكشتي,كشتيراني جمهوري اسلامي ايران,517,4428816,108816009120,25860,24570,24570,-1290,-4.99,24580,-1280,-4.95,24570,24570,1399-8-18
135,شبندر,پالايش نفت بندرعباس,515,1505839,36471420580,25490,24220,24220,-1270,-4.98,25060,-430,-1.69,24220,24220,1399-8-18
136,خزر,فنرسازي‌زر,514,5651647,70461687050,11920,12120,12510,590,4.95,12470,550,4.61,12000,12510,1399-8-18
137,دي,بانك دي,514,565549,23388844444,43532,41356,41356,-2176,-5.0,42981,-551,-1.27,41356,41356,1399-8-18
138,دلقما,دارويي‌ لقمان‌,513,1809600,59572032000,34650,32920,32920,-1730,-4.99,32920,-1730,-4.99,32920,32920,1399-8-18
139,زعف9908پ10,زعفران9908نگين طلاي سرخ(پ),508,420016,34338160084,82190,81200,79000,-3190,-3.88,81754,-436,-0.53,78081,84282,1399-8-18
140,آتيمس,صندوق س.آرمان آتيه درخشان مس-س,505,283886,47642334674,174274,175999,170000,-4274,-2.45,167822,-6452,-3.7,160200,175999,1399-8-18
141,وخارزم,سرمايه گذاري خوارزمي,504,9225512,74726647200,8520,8100,8100,-420,-4.93,8100,-420,-4.93,8100,8100,1399-8-18
142,سخند2,صندوق س.سپهرخبرگان نفت-د,500,50000000,50000000,10002,1,1,-10001,-99.99,1,-10001,-99.99,1,1,1399-8-18
143,رتاپ,تجارت الكترونيك  پارسيان,494,3925465,22614920830,6060,5760,5770,-290,-4.79,5920,-140,-2.31,5760,5870,1399-8-18
144,دسبحان,سبحان دارو,486,1529975,26314019250,16810,15970,17650,840,5.0,17010,200,1.19,15970,17650,1399-8-18
145,غگرجي,بيسكويت‌  گرجي‌,483,2131221,51233758680,25200,23940,24750,-450,-1.79,24040,-1160,-4.6,23940,25200,1399-8-18
146,ياقوت,صندوق س ياقوت آگاه-ثابت,473,21365016,238990293491,11184,11199,11190,6,0.05,11186,2,0.02,11186,11199,1399-8-18
147,ددام,داروسازي زاگرس فارمد پارس,472,2226819,30295685690,13260,12600,13920,660,4.98,13460,200,1.51,12600,13920,1399-8-18
148,كپشيرح,ح . پشم‌شيشه‌ايران‌,471,1992301,19170559559,9774,9100,10000,226,2.31,9622,-152,-1.56,9100,10100,1399-8-18
149,آپ,آسان پرداخت پرشين,470,1411280,19890696150,14770,14110,14200,-570,-3.86,14490,-280,-1.9,14040,14690,1399-8-18
150,دروز,داروسازي‌ روزدارو,468,1708362,31945664040,18460,17540,19380,920,4.98,18610,150,0.81,17540,19380,1399-8-18
151,كگل,معدني و صنعتي گل گهر,463,8757969,125852014530,15120,14370,14370,-750,-4.96,14370,-750,-4.96,14370,14370,1399-8-18
152,دالبر,البرزدارو,458,1679114,31186231980,18270,17360,19180,910,4.98,18460,190,1.04,17360,19180,1399-8-18
153,كمرجان,بازرگاني و توليدي مرجان كار,454,466298,27804417144,56789,59628,59628,2839,5.0,58222,1433,2.52,59628,59628,1399-8-18
154,ختوقا,قطعات‌ اتومبيل‌ ايران‌,441,6341439,19658460900,3260,3100,3100,-160,-4.91,3190,-70,-2.15,3100,3100,1399-8-18
155,فخوز,فولاد  خوزستان,441,7862086,255753657580,34240,32530,32530,-1710,-4.99,32530,-1710,-4.99,32530,32530,1399-8-18
156,تسه9902,امتياز تسهيلات مسكن ارديبهشت99,440,9821,7335273303,770645,785000,747068,-23577,-3.06,746897,-23748,-3.08,732113,785000,1399-8-18
157,مارون,پتروشيمي مارون,431,173747,20766654825,125105,118850,120040,-5065,-4.05,123844,-1261,-1.01,118850,121000,1399-8-18
158,انرژي3,سايراشخاص بورس انرژي,430,117289,38575179210,346200,328890,328890,-17310,-5.0,337740,-8460,-2.44,328890,328890,1399-8-18
159,آرمان,بيمه آرمان,423,6801510,46348724699,6503,6800,6828,325,5.0,6814,311,4.78,6511,6828,1399-8-18
160,وخاور,بانك خاورميانه,423,6810141,62333317900,9590,9120,9120,-470,-4.9,9150,-440,-4.59,9120,9400,1399-8-18
161,چكاپا,گروه صنايع كاغذ پارس,418,5281252,26195009920,5220,4960,4960,-260,-4.98,5070,-150,-2.87,4960,4960,1399-8-18
162,ساينا,صنايع بهداشتي ساينا,412,122189,20255438339,173215,175000,164555,-8660,-5.0,170096,-3119,-1.8,164555,175000,1399-8-18
163,اطلس,صندوق س.توسعه اندوخته آينده-س,400,165776,27283337616,170395,168006,162100,-8295,-4.87,164580,-5815,-3.41,161000,170000,1399-8-18
164,شوينده,مديريت صنعت شوينده ت.ص.بهشهر,396,2216374,72438808990,34400,32680,32690,-1710,-4.97,32680,-1720,-5.0,32680,34200,1399-8-18
165,درهآور,دارويي ره آورد تامين,393,1013284,31381580234,30184,28675,31693,1509,5.0,30667,483,1.6,28675,31693,1399-8-18
166,هبركت912,اختيارف ت بركت-22100-99/12/17,389,702717,6122773221,8190,8713,8713,523,6.39,8713,523,6.39,8713,8713,1399-8-18
167,حتوكا,حمل‌ونقل‌توكا,387,1853012,37523493000,19290,20250,20250,960,4.98,20010,720,3.73,20250,20250,1399-8-18
168,پتاير,ايران‌ تاير,384,572687,50000702910,91530,86960,87520,-4010,-4.38,87310,-4220,-4.61,86960,90000,1399-8-18
169,شفا,سرمايه گذاري شفادارو,382,427377,26121297320,59410,56440,62380,2970,5.0,60280,870,1.46,56440,62380,1399-8-18
170,كاما,باما,382,380744,55162190720,152500,144880,144880,-7620,-5.0,145250,-7250,-4.75,144880,144880,1399-8-18
171,زكوثر,سرمايه گذاري كشاورزي كوثر,381,1123815,18644493950,17460,16590,16590,-870,-4.98,17110,-350,-2.0,16590,16610,1399-8-18
172,سفارود,كارخانه فارسيت درود,377,4155123,37799153931,8919,9097,9097,178,2.0,9097,178,2.0,9097,9097,1399-8-18
173,غزر,صنعتي زر ماكارون,362,356978,15881951220,46830,44490,44490,-2340,-5.0,46020,-810,-1.73,44490,44490,1399-8-18
174,وآوا,سرمايه گذاري آوا نوين,359,2054425,22652036432,11558,10981,11290,-268,-2.32,11301,-257,-2.22,10981,11379,1399-8-18
175,دارو,كارخانجات‌داروپخش‌,357,452338,24425848040,52950,50310,55590,2640,4.99,53460,510,0.96,50310,55590,1399-8-18
176,وصنعت,سرمايه گذاري توسعه صنعت وتجارت,356,6372929,44291856550,7310,6950,6950,-360,-4.92,6960,-350,-4.79,6950,6950,1399-8-18
177,سيستم,همكاران سيستم,354,666621,18737069610,27660,26280,28970,1310,4.74,27830,170,0.61,26280,29040,1399-8-18
178,دكيمي,كيميدارو,349,1560013,35577743160,22500,21380,23620,1120,4.98,22710,210,0.93,21380,23620,1399-8-18
179,دابور,داروسازي‌ ابوريحان‌,345,359423,15726907990,42420,40300,44540,2120,5.0,42830,410,0.97,40300,44540,1399-8-18
180,اعتلا,شركت سرمايه گذاري اعتلاء البرز,341,2350282,21992151088,9800,9310,9540,-260,-2.65,9595,-205,-2.09,9310,9598,1399-8-18
181,كگازح,ح . شيشه‌ و گاز,332,1019876,13203931410,13150,13020,13000,-150,-1.14,12950,-200,-1.52,12650,13290,1399-8-18
182,پرديس,سرمايه گذاري پرديس,330,4335969,27583424980,6680,6350,6350,-330,-4.94,6490,-190,-2.84,6350,6530,1399-8-18
183,دسبحا,گروه دارويي سبحان,325,1210398,20448175940,16630,15800,17460,830,4.99,16740,110,0.66,15800,17460,1399-8-18
184,دپارس,پارس‌ دارو,324,333293,34869649390,103840,98650,109030,5190,5.0,104380,540,0.52,98650,109030,1399-8-18
185,ضخود1044,اختيارخ خودرو-4000-1399/10/07,320,12452,3473669000,367,303,280,-87,-23.71,279,-88,-23.98,257,310,1399-8-18
186,شاروم,پتروشيمي اروميه,315,3147925,58756020125,19647,18665,18665,-982,-5.0,18665,-982,-5.0,18665,18665,1399-8-18
187,دانا,بيمه دانا,309,4372827,24312918120,5850,5560,5560,-290,-4.96,5700,-150,-2.56,5560,5560,1399-8-18
188,واحصا,احياء صنايع خراسان,307,1170097,23942110369,20041,20500,20642,601,3.0,20462,421,2.1,19440,20642,1399-8-18
189,تسه9810,امتياز تسهيلات مسكن دي98,306,6856,5197795885,769992,745000,731493,-38499,-5.0,758138,-11854,-1.54,731493,799999,1399-8-18
190,بساما,بيمه سامان,306,9353219,184026579737,20678,19645,19666,-1012,-4.89,19675,-1003,-4.85,19645,20677,1399-8-18
191,كصدف,كاشي صدف سرام استقلال آباده,305,2110928,40489690100,19294,19872,18716,-578,-3.0,19181,-113,-0.59,18716,19872,1399-8-18
192,كاسپين,داروسازي كاسپين تامين,305,1207391,30499924013,24427,23206,25648,1221,5.0,24922,495,2.03,23206,25648,1399-8-18
193,قشهد,شهد,298,502615,15242130180,29510,28070,30980,1470,4.98,29750,240,0.81,28040,30980,1399-8-18
194,صايند,صندوق س. گنجينه آينده روشن-د,296,7273930,72385422990,9910,9902,9960,50,0.5,9951,41,0.41,9902,9979,1399-8-18
195,كهمدا,شيشه‌ همدان‌,296,982876,8926082960,9520,9050,9190,-330,-3.47,9440,-80,-0.84,9050,9200,1399-8-18
196,دارا,صندوق س. دارا الگوريتم-د,295,9955134,99798946866,10024,10035,10030,6,0.06,10025,1,0.01,10021,10040,1399-8-18
197,درازك,دارويي‌ رازك‌,292,1324458,42699047600,32170,30570,33770,1600,4.97,32230,60,0.19,30570,33770,1399-8-18
198,سدبير,س. تدبيرگران فارس وخوزستان,290,1397948,41946827688,31585,30006,30006,-1579,-5.0,30229,-1356,-4.29,30006,30006,1399-8-18
199,تسه9905,امتياز تسهيلات مسكن مرداد99,288,2364,1776142259,777219,750000,750000,-27219,-3.5,751329,-25890,-3.33,738359,816079,1399-8-18
200,حتايد,تايدواترخاورميانه,288,2814014,40006494870,14930,14500,14350,-580,-3.88,14300,-630,-4.22,14190,14500,1399-8-18
201,افق ملت,صندوق س در سهام افق ملت,287,191420,20520641790,116070,116700,106200,-9870,-8.5,107200,-8870,-7.64,105010,116700,1399-8-18
202,ضخود1042,اختيارخ خودرو-3000-1399/10/07,287,10119,4951917000,659,550,510,-149,-22.61,489,-170,-25.8,470,550,1399-8-18
203,كشرق,صنعتي و معدني شمال شرق شاهرود,277,248221,14332906347,55117,57800,57872,2755,5.0,55817,700,1.27,56040,57872,1399-8-18
204,سخوز,سيمان خوزستان,274,1650181,31977894370,20360,19350,19890,-470,-2.31,19670,-690,-3.39,19350,19960,1399-8-18
205,وتوسم,سرمايه‌گذاري‌توسعه‌ملي‌,272,2251397,24765367000,11570,11000,11000,-570,-4.93,11260,-310,-2.68,11000,11000,1399-8-18
206,اخابر,مخابرات ايران,271,5117531,56446366930,11610,11030,11030,-580,-5.0,11310,-300,-2.58,11030,11030,1399-8-18
207,وپخش,داروپخش‌ (هلدينگ‌,271,288522,32157116070,110360,104850,115870,5510,4.99,111070,710,0.64,104850,115870,1399-8-18
208,تماوند,تامين سرمايه دماوند,270,10134872,154273021584,16023,15222,15222,-801,-5.0,15222,-801,-5.0,15222,15222,1399-8-18
209,سپ,پرداخت الكترونيك سامان كيش,268,1297207,16830028280,13650,12970,12970,-680,-4.98,13410,-240,-1.76,12970,13200,1399-8-18
210,تسه9903,امتياز تسهيلات مسكن خرداد99,266,3133,2335414324,766838,740822,729497,-37341,-4.87,745424,-21414,-2.79,728497,755499,1399-8-18
211,وآيند,بانك  آينده,265,339876,8890136532,26690,26157,26157,-533,-2.0,26642,-48,-0.18,26157,26157,1399-8-18
212,رنيك,جنرال مكانيك,264,950160,20151099852,22324,21210,21208,-1116,-5.0,21836,-488,-2.19,21208,21211,1399-8-18
213,شگل,گلتاش‌,263,2234305,50418831610,23700,22640,23000,-700,-2.95,22570,-1130,-4.77,22520,23000,1399-8-18
214,آكورد,صندوق س. آرمان آتي كوثر-د,260,5352336,156538580408,29227,29254,29243,16,0.05,29247,20,0.07,29243,29254,1399-8-18
215,دسينا,داروسازي‌ سينا,260,453936,11839839370,25700,24420,26980,1280,4.98,25790,90,0.35,24420,26980,1399-8-18
216,خراسان,پتروشيمي خراسان,257,1333285,85133671200,67210,63850,63850,-3360,-5.0,63850,-3360,-5.0,63850,66500,1399-8-18
217,وجامي,سرمايه گذاري جامي,254,860441,12478779091,14949,14501,14501,-448,-3.0,14654,-295,-1.97,14501,14920,1399-8-18
218,ضصاد1102,اختيارخ وبصادر-3500-1399/11/12,252,8571,1947659000,370,270,226,-144,-38.92,227,-143,-38.65,214,270,1399-8-18
219,وپست,پست بانك ايران,252,2978922,31278614230,10980,10500,10440,-540,-4.92,10650,-330,-3.01,10440,11000,1399-8-18
220,كچاد,معدني‌وصنعتي‌چادرملو,248,3244205,46684109950,15140,14390,14390,-750,-4.95,14820,-320,-2.11,14390,14390,1399-8-18
221,پارسيانح,ح.بيمه پارسيان,245,785081,6070965270,8560,7830,7700,-860,-10.05,7730,-830,-9.7,7700,8290,1399-8-18
222,تسه9904,امتياز تسهيلات مسكن تير99,240,1933,1466303461,798384,758779,758465,-39919,-5.0,758564,-39820,-4.99,758465,770000,1399-8-18
223,شفن,پتروشيمي فناوران,239,213109,53232497110,262930,249790,249790,-13140,-5.0,255200,-7730,-2.94,249790,249790,1399-8-18
224,تايرا,تراكتورسازي‌ايران‌,238,2133000,41885288530,20660,19630,19850,-810,-3.92,19750,-910,-4.4,19630,19950,1399-8-18
225,كحافظ,كاشي‌ وسراميك‌ حافظ‌,237,955808,24937030720,27460,26090,26090,-1370,-4.99,26730,-730,-2.66,26090,26090,1399-8-18
226,اتكاي,بيمه اتكايي ايرانيان,235,1765737,21322982743,12187,12297,12180,-7,-0.06,12139,-48,-0.39,11735,12340,1399-8-18
227,خپارس,پارس‌ خودرو,234,1744512,9211023360,5550,5280,5280,-270,-4.86,5500,-50,-0.9,5280,5280,1399-8-18
228,دفرا,فرآورده‌هاي‌ تزريقي‌ ايران‌,232,530822,12749629150,23640,22460,24820,1180,4.99,23740,100,0.42,22460,24820,1399-8-18
229,شتولي,تولي‌پرس‌,225,1106871,26368811619,23497,23966,23028,-469,-2.0,23823,326,1.39,23028,23966,1399-8-18
230,سصفها,سيمان‌اصفهان‌,222,314823,42453881550,128430,134850,134850,6420,5.0,133440,5010,3.9,134850,134850,1399-8-18
231,سكه0012پ01,سكه تمام بهارتحويلي 1روزه رفاه,219,102800,128295016800,1313690,1248006,1248006,-65684,-5.0,1248006,-65684,-5.0,1248006,1248006,1399-8-18
232,ملت,بيمه ملت,218,1260645,14745502440,12140,12000,11540,-600,-4.94,12000,-140,-1.15,11540,12250,1399-8-18
233,ولبهمن,شركت بهمن ليزينگ,214,1125048,9701288904,9076,8623,8623,-453,-4.99,8982,-94,-1.04,8623,8623,1399-8-18
234,سپاس,صندوق س. پاداش سهامداري توسعه1,209,6416022,64324105937,10016,10018,10026,10,0.1,10026,10,0.1,10018,10027,1399-8-18
235,دلر,داروسازي‌ اكسير,205,320308,31599618880,98980,94040,103920,4940,4.99,98770,-210,-0.21,94040,103920,1399-8-18
236,سفاسي,شركت فارسيت اهواز,204,1491385,17638610395,12192,11827,11827,-365,-2.99,11864,-328,-2.69,11827,11827,1399-8-18
237,كسرام,پارس‌ سرام‌,199,1088566,6857965800,6000,6300,6300,300,5.0,6040,40,0.67,6300,6300,1399-8-18
238,شسپا,نفت سپاهان,199,2083831,37342251520,18860,17920,17920,-940,-4.98,18090,-770,-4.08,17920,17920,1399-8-18
239,تسه9709,امتياز تسهيلات مسكن آذر97,196,2329,1721146821,767446,731010,731000,-36446,-4.75,739007,-28439,-3.71,730100,750000,1399-8-18
240,آساس,صندوق س.آسمان آرماني سهام-س,194,136429,18716785989,145870,144001,134800,-11070,-7.59,137191,-8679,-5.95,131500,144001,1399-8-18
241,سپر,صندوق س سپر سرمايه بيدار- ثابت,191,849752,8660468284,10239,10240,10140,-99,-0.97,10192,-47,-0.46,10000,10240,1399-8-18
242,داسوه,داروسازي‌ اسوه‌,185,607747,16014026590,25960,24680,27250,1290,4.97,26080,120,0.46,24670,27250,1399-8-18
243,فروي,ذوب روي اصفهان,184,228115,10174841460,46951,44604,44604,-2347,-5.0,46422,-529,-1.13,44604,44604,1399-8-18
244,حريل,ريل پردازسير,182,2902521,9421583166,3416,3246,3246,-170,-4.98,3381,-35,-1.02,3246,3246,1399-8-18
245,ماديرا,صنايع ماشين هاي اداري ايران,180,1348524,34218796500,26710,25375,25375,-1335,-5.0,25700,-1010,-3.78,25375,25375,1399-8-18
246,كدما,معدني‌ دماوند,179,63147,14223861750,214530,225250,225250,10720,5.0,217390,2860,1.33,225250,225250,1399-8-18
247,ومهان,گروه توسعه مالي مهر آيندگان,175,3845046,50100949380,13715,13030,13030,-685,-4.99,13057,-658,-4.8,13030,13030,1399-8-18
248,زدشت,كشت و صنعت دشت خرم دره,169,861381,28912253265,37294,33565,33565,-3729,-10.0,34665,-2629,-7.05,33565,33565,1399-8-18
249,ونفت,سرمايه‌گذاري‌ صنعت‌ نفت‌,166,1760174,19819559240,11850,11260,11260,-590,-4.98,11590,-260,-2.19,11260,11260,1399-8-18
250,تسه9710,امتياز تسهيلات مسكن دي 97,166,1407,1049881962,772355,744780,735020,-37335,-4.83,746185,-26170,-3.39,735000,750000,1399-8-18
251,شبريز,پالايش نفت تبريز,164,1628240,42659888000,27570,26200,26200,-1370,-4.97,26940,-630,-2.29,26200,26200,1399-8-18
252,اپرداز,آتيه داده پرداز,164,643685,17260893825,28218,26830,26808,-1410,-5.0,27696,-522,-1.85,26808,27485,1399-8-18
253,پكوير,كوير تاير,159,700653,9150528180,13740,13060,13060,-680,-4.95,13610,-130,-0.95,13060,13060,1399-8-18
254,تسه9711,امتياز تسهيلات مسكن بهمن 97,159,1218,921913470,775398,762622,746100,-29298,-3.78,756908,-18490,-2.38,742000,780000,1399-8-18
255,سهرمز,سيمان‌هرمزگان‌,156,674484,10570308380,16040,15240,15380,-660,-4.11,15960,-80,-0.5,15240,15940,1399-8-18
256,سمتاز,سيمان ممتازان كرمان,156,408913,9069774985,21770,22357,22423,653,3.0,21952,182,0.84,21320,22423,1399-8-18
257,تسه9901,امتياز تسهيلات مسكن فروردين99,155,1231,922848878,774703,738111,750000,-24703,-3.19,749674,-25029,-3.23,736000,776999,1399-8-18
258,سبجنو,سيمان‌ بجنورد,150,252520,7451256430,31010,29610,29930,-1080,-3.48,30770,-240,-0.77,29460,30490,1399-8-18
259,وگردش,بانك گردشگري,150,2317320,36905638320,16418,15926,15926,-492,-3.0,16226,-192,-1.17,15926,15926,1399-8-18
260,تسه9812,امتياز تسهيلات مسكن اسفند98,148,2082,1562571168,787547,748300,750000,-37547,-4.77,750514,-37033,-4.7,748170,826924,1399-8-18
261,شفارس,صنايع‌ شيميايي‌ فارس‌,143,385206,13436306470,36690,34860,34860,-1830,-4.99,36160,-530,-1.44,34860,35690,1399-8-18
262,لبوتان,گروه‌صنعتي‌بوتان‌,143,193365,12965123250,70570,67050,67050,-3520,-4.99,69610,-960,-1.36,67050,67050,1399-8-18
263,گنجين,صندوق س. گنجينه يكم آويد-د,142,6485568,75135415275,11577,11616,11590,13,0.11,11585,8,0.07,11583,11616,1399-8-18
264,نوين,بيمه نوين,142,2864123,17087357818,6279,5966,5966,-313,-4.98,6162,-117,-1.86,5966,5966,1399-8-18
265,كاوه,فولاد كاوه جنوب كيش,141,2426716,44069162560,19110,18160,18160,-950,-4.97,18650,-460,-2.41,18160,18160,1399-8-18
266,تاپكيش,تجارت الكترونيك پارسيان كيش,140,806690,11679257820,13789,14478,14478,689,5.0,13935,146,1.06,14478,14478,1399-8-18
267,كيان2,صندوق س. با درآمد ثابت كيان,140,14000000,14000000,25818,1,1,-25817,-100.0,1,-25817,-100.0,1,1,1399-8-18
268,هاباد912,اختيارف ت آبادا-30100-99/12/12,139,107685,1159659765,10011,10769,10769,758,7.57,10769,758,7.57,10769,10769,1399-8-18
269,وبيمه,سرمايه‌ گذاري‌ صنعت‌ بيمه‌,138,1322891,3307227500,2630,2500,2500,-130,-4.94,2620,-10,-0.38,2500,2500,1399-8-18
270,شلرد,كود شيميايي اوره لردگان,138,3496749,25945877580,7649,7420,7420,-229,-2.99,7427,-222,-2.9,7420,7420,1399-8-18
271,سفارس,سيمان فارس و خوزستان,136,592712,7954195040,14120,13420,13420,-700,-4.96,14000,-120,-0.85,13420,13420,1399-8-18
272,گكوثر,هتل پارسيان كوثر اصفهان,135,212478,24474065952,127982,115184,115184,-12798,-10.0,120293,-7689,-6.01,115184,115184,1399-8-18
273,تسه9803,امتياز تسهيلات مسكن خرداد98,132,1083,800186170,770734,732198,732198,-38536,-5.0,738861,-31873,-4.14,732198,760000,1399-8-18
274,كفرا,فراورده‌ هاي‌ نسوزايران‌,132,233616,10697278640,48190,45790,45790,-2400,-4.98,47650,-540,-1.12,45790,45800,1399-8-18
275,خكرمان,گروه اقتصادي كرمان خودرو,131,716251,2968144144,4272,4144,4144,-128,-3.0,4252,-20,-0.47,4144,4144,1399-8-18
276,فولاژ,فولاد آلياژي ايران,131,625843,13580793100,22840,21700,21700,-1140,-4.99,22540,-300,-1.31,21700,21700,1399-8-18
277,بترانس,ايران‌ ترانسفو,130,210646,4998629580,24970,23730,23730,-1240,-4.97,24840,-130,-0.52,23730,23730,1399-8-18
278,كسرا,سراميك‌هاي‌صنعتي‌اردكان‌,130,291977,5217628990,18810,17870,17870,-940,-5.0,18700,-110,-0.58,17870,17870,1399-8-18
279,گوهران,سرمايه گذاري توسعه گوهران اميد,130,1424753,10321030120,7621,7240,7240,-381,-5.0,7539,-82,-1.08,7240,7350,1399-8-18
280,همراه,شركت ارتباطات سيار ايران,129,284057,7680901280,28460,27040,27040,-1420,-4.99,28340,-120,-0.42,27040,27040,1399-8-18
281,فرابورس,فرابورس ايران,129,103444,4858144016,49435,46964,46964,-2471,-5.0,49207,-228,-0.46,46964,46964,1399-8-18
282,سكه9912پ04,سكه تمام بهارتحويل1روزه صادرات,129,86300,107702917800,1313690,1248006,1248006,-65684,-5.0,1248006,-65684,-5.0,1248006,1248006,1399-8-18
283,آساميد,صندوق س.مشترك آسمان اميد -د,127,3957224,43348302219,10945,10956,10955,10,0.09,10954,9,0.08,10951,10956,1399-8-18
284,تسه9811,امتياز تسهيلات مسكن بهمن98,126,980,729278694,771414,735555,750000,-21414,-2.78,744162,-27252,-3.53,732844,755000,1399-8-18
285,پارسان,گسترش نفت و گاز پارسيان,125,3072978,56911552560,19490,18520,18520,-970,-4.98,18990,-500,-2.57,18520,18520,1399-8-18
286,تاصيكو,سرمايه گذاري صدرتامين,125,2594995,23536604650,9540,9070,9070,-470,-4.93,9440,-100,-1.05,9070,9070,1399-8-18
287,اخزا815,اسنادخزانه-م15بودجه98-010406,125,280898,207829949320,738846,736255,739877,1031,0.14,739877,1031,0.14,736001,741000,1399-8-18
288,كخاكح,ح . صنايع‌خاك‌چيني‌ايران‌,124,102834,3688052950,38750,38830,36030,-2720,-7.02,35860,-2890,-7.46,35010,38830,1399-8-18
289,بذر,صندوق س بذر اميد آفرين-سهام,123,103312,9638077110,96290,95700,93550,-2740,-2.85,93290,-3000,-3.12,86670,95700,1399-8-18
290,تسه9801,امتياز تسهيلات مسكن فروردين98,123,939,699666156,770515,734334,740000,-30515,-3.96,745118,-25397,-3.3,731990,809040,1399-8-18
291,شاملاح,ح . معدني‌ املاح‌  ايران‌,123,91628,3961532350,47930,45900,43140,-4790,-9.99,43230,-4700,-9.81,43140,45900,1399-8-18
292,وتوشه,سرمايه‌ گذاري‌ پارس‌ توشه‌,122,334656,6004323950,18880,17940,18000,-880,-4.66,18760,-120,-0.64,17940,18650,1399-8-18
293,دقاضي,داروسازي شهيد قاضي,122,205908,18441538759,88630,85972,91288,2658,3.0,89486,856,0.97,85972,91288,1399-8-18
294,فيروزا,صندوق بادرآمد ثابت فيروزه آسيا,119,372751,7891789305,21137,21160,21170,33,0.16,21172,35,0.17,21102,21205,1399-8-18
295,ثزاگرس,سرمايه گذاري توسعه عمران زاگرس,117,389803,16280512098,40550,41766,41766,1216,3.0,41484,934,2.3,41766,41766,1399-8-18
296,خمحور,توليدمحورخودرو,115,475415,25063878800,58570,52720,52720,-5850,-9.99,55310,-3260,-5.57,52720,52720,1399-8-18
297,اوصتا,صندوق انديشه ورزان صباتامين -د,114,2651326,44986390292,16702,16879,16973,271,1.62,16968,266,1.59,16735,16990,1399-8-18
298,ضپاس1002,اختيارخ وپارس-3000-1399/10/30,111,3023,887630000,434,349,290,-144,-33.18,294,-140,-32.26,281,350,1399-8-18
299,اخزا808,اسنادخزانه-م8بودجه98-000817,111,127198,107944682881,846363,844000,844012,-2351,-0.28,848635,2272,0.27,844000,849999,1399-8-18
300,بكام,كارخانجات توليدي شهيد قندي,110,412040,1932467600,4930,4690,4690,-240,-4.87,4920,-10,-0.2,4690,4690,1399-8-18
301,اخزا904,اسنادخزانه-م4بودجه99-011215,110,453966,290742038029,637111,636009,640000,2889,0.45,640449,3338,0.52,636009,645000,1399-8-18
302,فاسمين,كالسيمين‌,110,868536,11056463280,13400,12730,12730,-670,-5.0,13240,-160,-1.19,12730,12730,1399-8-18
303,تصميم,صندوق س با درآمد ثابت تصميم,109,2236901,33071520150,14815,14820,14790,-25,-0.17,14785,-30,-0.2,14721,14860,1399-8-18
304,ثاخت,بين‌المللي‌توسعه‌ساختمان,107,555470,1921926200,3640,3460,3460,-180,-4.95,3630,-10,-0.27,3460,3460,1399-8-18
305,خعمرا,توسعه و عمران شهرستان نائين,107,466857,7658481902,15627,16408,16408,781,5.0,15909,282,1.8,16130,16408,1399-8-18
306,ما,بيمه  ما,107,1246250,7367508820,6220,5920,5910,-310,-4.98,6170,-50,-0.8,5910,6000,1399-8-18
307,تسه9712,امتياز تسهيلات مسكن اسفند97,106,1735,1312294238,795854,756100,756062,-39792,-5.0,756366,-39488,-4.96,756062,760000,1399-8-18
308,سكه0112پ03,سكه تمام بهارتحويلي1روزه سامان,105,39200,48922048900,1382831,1248006,1249000,-133831,-9.68,1248011,-134820,-9.75,1248006,1249000,1399-8-18
309,بميلا,توسعه بازرگاني آهن وفولادميلاد,105,1171345,20922564390,17342,17862,17862,520,3.0,17862,520,3.0,17862,17862,1399-8-18
310,خمحركه,نيرو محركه‌,104,378735,2287559400,6350,6040,6040,-310,-4.88,6330,-20,-0.31,6040,6040,1399-8-18
311,دمعيار,صندوق س. توازن معيار-د,103,3619653,36235926280,10015,10043,10001,-14,-0.14,10011,-4,-0.04,10000,10043,1399-8-18
312,تاپكيشح,ح.تجارت الكترونيك پارسيان كيش,103,324861,2761318500,8096,8500,8500,404,4.99,8500,404,4.99,8500,8500,1399-8-18
313,تسه9802,امتياز تسهيلات مسكن ارديبهشت98,102,626,461108639,765830,736922,727539,-38291,-5.0,736595,-29235,-3.82,727539,749999,1399-8-18
314,كالا,بورس كالاي ايران,101,444274,15927222900,37730,35850,35850,-1880,-4.98,37090,-640,-1.7,35850,35850,1399-8-18
315,كگهر,سنگ آهن گهرزمين,100,1535828,58088086616,39812,37822,37822,-1990,-5.0,38794,-1018,-2.56,37822,37822,1399-8-18
316,تسه9809,امتياز تسهيلات مسكن آذر98,100,1169,897286457,765527,803803,730000,-35527,-4.64,767568,2041,0.27,730000,803803,1399-8-18
317,سكه0011پ02,سكه تمام بهارتحويلي 1روزه ملت,96,58500,73008351000,1313690,1248006,1248006,-65684,-5.0,1248006,-65684,-5.0,1248006,1248006,1399-8-18
318,شپديس,پتروشيمي پرديس,94,926719,78696977480,89380,84920,84920,-4460,-4.99,85500,-3880,-4.34,84920,84920,1399-8-18
319,ساذريح,ح . آذريت‌,93,988228,5354740342,5583,5426,5416,-167,-2.99,5419,-164,-2.94,5416,5570,1399-8-18
320,فاراك,ماشين‌ سازي‌ اراك‌,92,350180,2143101600,6440,6120,6120,-320,-4.97,6430,-10,-0.16,6120,6120,1399-8-18
321,بورس,بورس اوراق بهادار تهران,91,450375,20951445000,48960,46520,46520,-2440,-4.98,48270,-690,-1.41,46520,46520,1399-8-18
322,رمپنا,گروه مپنا (سهامي عام),91,141006,2134830840,15930,15140,15140,-790,-4.96,15910,-20,-0.13,15140,15140,1399-8-18
323,اخزا816,اسنادخزانه-م16بودجه98-010503,90,304162,220907589699,728802,725100,725058,-3744,-0.51,726283,-2519,-0.35,720510,731799,1399-8-18
324,غمهراح,ح . توليدي‌مهرام‌,88,54957,1769126130,35690,32120,32780,-2910,-8.15,32190,-3500,-9.81,32120,33990,1399-8-18
325,وآفري,بيمه كارآفرين,87,692907,10265420595,15273,14815,14815,-458,-3.0,15024,-249,-1.63,14815,14816,1399-8-18
326,تسه9808,امتياز تسهيلات مسكن آبان98,87,1026,752939271,759855,730913,723112,-36743,-4.84,733859,-25996,-3.42,722000,750000,1399-8-18
327,سخاش,سيمان‌خاش‌,85,42236,3020110440,75250,71550,71490,-3760,-5.0,75010,-240,-0.32,71490,71550,1399-8-18
328,كرماشا,صنايع پتروشيمي كرمانشاه,84,607935,20505647550,35500,33730,33730,-1770,-4.99,34740,-760,-2.14,33730,33730,1399-8-18
329,اخزا809,اسنادخزانه-م9بودجه98-000923,81,105240,87089624228,828122,825792,828543,421,0.05,827533,-589,-0.07,825792,829999,1399-8-18
330,پرداخت,به پرداخت ملت,80,167696,6810134560,42740,40610,40610,-2130,-4.98,42430,-310,-0.73,40610,40610,1399-8-18
331,كبافق,معادن‌ بافق‌,79,266565,8634040350,34090,32390,32390,-1700,-4.99,33770,-320,-0.94,32390,32390,1399-8-18
332,ارفع,شركت آهن و فولاد ارفع,78,691898,8750434006,13312,12647,12647,-665,-5.0,13216,-96,-0.72,12647,12647,1399-8-18
333,وكار,بانك‌ كارآفرين‌,76,3705939,14564340270,4130,3930,3930,-200,-4.84,4070,-60,-1.45,3930,3930,1399-8-18
334,ثجوان,تامين مسكن جوانان,76,761801,4606152997,6359,6042,6042,-317,-4.99,6283,-76,-1.2,6042,6246,1399-8-18
335,لوتوس,تامين سرمايه لوتوس پارسيان,75,972789,12762991680,13810,13120,13120,-690,-5.0,13620,-190,-1.38,13120,13120,1399-8-18
336,فنورد,نوردوقطعات‌ فولادي‌,74,27628,3936161160,149960,142470,142470,-7490,-4.99,149350,-610,-0.41,142470,142470,1399-8-18
337,اخزا806,اسنادخزانه-م6بودجه98-000519,74,136440,119976235881,880150,879950,877354,-2796,-0.32,879333,-817,-0.09,877354,885990,1399-8-18
338,ارمغان,ص سرمايه گذاري ارمغان ايرانيان,72,20648100,206655909759,10020,10008,10021,1,0.01,10008,-12,-0.12,10008,10021,1399-8-18
339,مفاخر,توسعه فناوري اطلاعات خوارزمي,71,280935,11810788335,44253,42041,42041,-2212,-5.0,43695,-558,-1.26,42041,42041,1399-8-18
340,ولصنم,ليزينگ‌صنعت‌ومعدن‌,71,584211,3879161040,6980,6640,6640,-340,-4.87,6950,-30,-0.43,6640,6640,1399-8-18
341,اخزا811,اسنادخزانه-م11بودجه98-001013,70,179648,148494343570,822826,819909,820301,-2525,-0.31,826585,3759,0.46,819909,829949,1399-8-18
342,گپارس,امور رفاهي كارگزاران پارس,70,127931,16933203022,128507,132362,132362,3855,3.0,131666,3159,2.46,132362,132362,1399-8-18
343,شبهرن,نفت‌ بهران‌,70,86599,4860801870,59080,56130,56130,-2950,-4.99,58830,-250,-0.42,56130,56130,1399-8-18
344,وسينا,بانك سينا,69,396831,3440524770,9120,8670,8670,-450,-4.93,9090,-30,-0.33,8670,8670,1399-8-18
345,خديزل,بهمن  ديزل,69,192968,7472634296,40754,38717,38717,-2037,-5.0,40428,-326,-0.8,38717,39398,1399-8-18
346,شپترو,پتروشيمي آبادان,69,2977411,12942805617,4575,4347,4347,-228,-4.98,4419,-156,-3.41,4347,4347,1399-8-18
347,ضصاد1100,اختيارخ وبصادر-2500-1399/11/12,67,1959,1022850000,844,600,520,-324,-38.39,522,-322,-38.15,500,600,1399-8-18
348,اخزا817,اسنادخزانه-م17بودجه98-010512,67,70926,51303193615,722467,722000,724008,1541,0.21,723334,867,0.12,722000,724997,1399-8-18
349,تشتادح,ح.صنايع توليدي اشتاد ايران‌,67,86687,1082972659,12178,12907,11448,-730,-5.99,12493,315,2.59,11448,12907,1399-8-18
350,سامان,بانك سامان,65,397113,3122499519,8106,7863,7863,-243,-3.0,8085,-21,-0.26,7863,7863,1399-8-18
351,وارس,سرمايه گذاري ارس صبا,65,22442,1639081071,74867,74799,72621,-2246,-3.0,74714,-153,-0.2,72621,74799,1399-8-18
352,ثشاهد,سرمايه‌ گذاري‌ شاهد,64,87058,2449812120,29620,28140,28140,-1480,-5.0,29540,-80,-0.27,28140,28140,1399-8-18
353,وبوعلي,سرمايه‌گذاري‌بوعلي‌,64,228073,1562300050,7210,6850,6850,-360,-4.99,7200,-10,-0.14,6850,6850,1399-8-18
354,زكشت,كشاورزي مكانيزه اصفهان كشت,63,386091,10369632078,28271,26858,26858,-1413,-5.0,27960,-311,-1.1,26858,26858,1399-8-18
355,ضخود1043,اختيارخ خودرو-3500-1399/10/07,62,1092,377114000,458,410,369,-89,-19.43,345,-113,-24.67,315,410,1399-8-18
356,كشم0001پ01,كشمش سبز0001خليل آباد(پ),61,1961,649516645,333192,316533,349851,16659,5.0,331217,-1975,-0.59,316533,349851,1399-8-18
357,جوين,كشت و صنعت جوين,61,253842,5116947036,19571,20158,20158,587,3.0,19715,144,0.74,20158,20158,1399-8-18
358,هملت911,اختيارف ت ملت-6770-99/11/25,61,219850,388694800,1179,1768,1768,589,49.96,1768,589,49.96,1768,1768,1399-8-18
359,اخزا820,اسنادخزانه-م20بودجه98-020806,59,119478,69532435821,582743,598885,580000,-2743,-0.47,581968,-775,-0.13,580000,598890,1399-8-18
360,آسيا,بيمه آسيا,59,85138,1813439400,22420,21300,21300,-1120,-5.0,22380,-40,-0.18,21300,21300,1399-8-18
361,شاراك,پتروشيمي شازند,57,438560,8091432000,19420,18450,18450,-970,-4.99,19290,-130,-0.67,18450,18450,1399-8-18
362,بفجر,فجر انرژي خليج فارس,56,704412,19899639000,29730,28250,28250,-1480,-4.98,29330,-400,-1.35,28250,28250,1399-8-18
363,غمارگ,مارگارين‌,56,266042,5703940480,22560,21440,21440,-1120,-4.96,22430,-130,-0.58,21440,21440,1399-8-18
364,كايتاح,ح.ايتالران‌,55,2026722,28274560817,13547,13953,13953,406,3.0,13951,404,2.98,13600,13953,1399-8-18
365,ثفارس,عمران‌وتوسعه‌فارس‌,55,212175,1370650500,6790,6460,6460,-330,-4.86,6780,-10,-0.15,6460,6460,1399-8-18
366,زعف9908پ05,زعفران9908نگين زرين(پ),55,10658,908422925,82281,85990,85990,3709,4.51,85234,2953,3.59,80300,86299,1399-8-18
367,كلر,كلر پارس,54,177422,9339671502,55411,52641,52641,-2770,-5.0,54856,-555,-1.0,52641,52641,1399-8-18
368,هصيكو402,اختيارف ت تاصيكو13500-00/02/20,54,126746,412431484,3151,3254,3254,103,3.27,3254,103,3.27,3254,3254,1399-8-18
369,ساوه,سيمان ساوه,53,43613,2070701627,49977,47479,47479,-2498,-5.0,49867,-110,-0.22,47479,47479,1399-8-18
370,سيمرغ,سيمرغ,53,107529,1496803680,14650,13920,13920,-730,-4.98,14630,-20,-0.14,13920,13920,1399-8-18
371,ودي,بيمه  دي,52,275351,5272145597,20154,19147,19147,-1007,-5.0,20038,-116,-0.58,19147,19147,1399-8-18
372,وبشهر,توسعه‌ صنايع‌ بهشهر(هلدينگ,52,164945,2065111400,13170,12520,12520,-650,-4.94,13140,-30,-0.23,12520,12520,1399-8-18
373,هصادر912,اختيارف ت صادرات-3750-99/12/23,51,1000000,443000000,371,443,443,72,19.41,443,72,19.41,443,443,1399-8-18
374,اخزا812,اسنادخزانه-م12بودجه98-001111,51,226672,182711957325,805437,806063,806063,626,0.08,806063,626,0.08,806063,806098,1399-8-18
375,پارسيان,بيمه پارسيان,51,1461889,15583736740,11220,10660,10660,-560,-4.99,11030,-190,-1.69,10660,10660,1399-8-18
376,ضپار8019,اختيارخ خپارس-3800-1399/08/18,51,595,620595000,1343,1300,1001,-342,-25.47,1043,-300,-22.34,1000,1300,1399-8-18
377,مبين,مبين انرژي خليج فارس,51,1079460,21772708200,21230,20170,20170,-1060,-4.99,20980,-250,-1.18,20170,20170,1399-8-18
378,سشرق,سيمان‌ شرق‌,51,416605,2278829350,5750,5470,5470,-280,-4.87,5740,-10,-0.17,5470,5470,1399-8-18
379,كرمان,س. توسعه و عمران استان كرمان,51,54311,3925979257,76091,72287,72287,-3804,-5.0,75776,-315,-0.41,72287,72287,1399-8-18
380,هرمز,فولاد هرمزگان جنوب,50,72999,822625731,11862,11269,11269,-593,-5.0,11858,-4,-0.03,11269,11269,1399-8-18
381,صنوين,صندوق سرمايه‌گذاري صنوين-مختلط,50,20463,2040321390,100090,100000,99000,-1090,-1.09,99710,-380,-0.38,99000,101940,1399-8-18
382,خپويش,سازه‌ پويش‌,49,261344,10069584320,40550,38530,38530,-2020,-4.98,40120,-430,-1.06,38530,38530,1399-8-18
383,تسه9805,امتياز تسهيلات مسكن مرداد98,48,633,467726503,767893,729799,740000,-27893,-3.63,738904,-28989,-3.78,729799,805000,1399-8-18
384,سصوفي,سيمان‌ صوفيان‌,48,105788,1186941360,11810,11220,11220,-590,-5.0,11800,-10,-0.08,11220,11220,1399-8-18
385,سدشت,صنايع سيمان دشتستان,48,20703,759256260,38060,36350,37700,-360,-0.95,38040,-20,-0.05,36160,37700,1399-8-18
386,شكف,كف,48,24146,1887951594,79784,78189,78189,-1595,-2.0,79475,-309,-0.39,78189,78189,1399-8-18
387,اخزا814,اسنادخزانه-م14بودجه98-010318,47,115911,86904135559,749509,749696,749696,187,0.02,749749,240,0.03,749696,751980,1399-8-18
388,وپويا,سرمايه گذاري پويا,47,49114,513683326,11009,10459,10459,-550,-5.0,11003,-6,-0.05,10459,10459,1399-8-18
389,شرانل,نفت ايرانول,47,96976,2582082976,28027,26626,26626,-1401,-5.0,27950,-77,-0.27,26626,26626,1399-8-18
390,ضملت1126,اختيارخ وبملت-4500-1399/11/28,47,2109,1205041000,1299,660,553,-746,-57.43,571,-728,-56.04,553,690,1399-8-18
391,آبين,كشت و صنعت آبشيرين,46,349784,1120707936,3303,3204,3204,-99,-3.0,3297,-6,-0.18,3204,3204,1399-8-18
392,زملارد,كشاورزي و دامپروري ملارد شير,46,14836,579776044,41135,39079,39079,-2056,-5.0,41109,-26,-0.06,39079,39079,1399-8-18
393,هنفت912,اختيارف ت نفت-15330-99/12/04,46,33219,87631722,945,2638,2638,1693,179.15,2638,1693,179.15,2638,2638,1399-8-18
394,اخزا818,اسنادخزانه-م18بودجه98-010614,46,63242,45078979737,713341,711408,713040,-301,-0.04,712801,-540,-0.08,711408,715999,1399-8-18
395,توريل,توکاريل,45,272715,4450163370,17176,16318,16318,-858,-5.0,17095,-81,-0.47,16318,16318,1399-8-18
396,شيران,س. صنايع‌شيميايي‌ايران,44,158000,4879040000,32500,30880,30880,-1620,-4.98,32420,-80,-0.25,30880,30880,1399-8-18
397,ثترانح,ح سرمايه گذاري مسكن تهران,44,345426,839039754,2556,2429,2429,-127,-4.97,2429,-127,-4.97,2429,2429,1399-8-18
398,اخزا821,اسنادخزانه-م21بودجه98-020906,42,51284,29515568153,571724,573000,574400,2676,0.47,575532,3808,0.67,573000,585000,1399-8-18
399,ضپاس1003,اختيارخ وپارس-3500-1399/10/30,42,908,215128000,349,300,219,-130,-37.25,237,-112,-32.09,200,300,1399-8-18
400,ستران,سيمان‌ تهران‌,42,57880,1583596800,28790,27360,27360,-1430,-4.97,28740,-50,-0.17,27360,27360,1399-8-18
401,غشهداب,كشت و صنعت شهداب ناب خراسان,42,285492,1310693772,4832,4591,4591,-241,-4.99,4825,-7,-0.14,4591,4591,1399-8-18
402,ذوب تبعي9912,اختيارف.تبعي ذوب991224,42,68604,173568120,2395,2530,2530,135,5.64,2530,135,5.64,2530,2530,1399-8-18
403,هخود911,اختيارف ت خودرو-3680-99/11/20,42,839218,128400354,271,153,153,-118,-43.54,153,-118,-43.54,153,153,1399-8-18
404,تسه9807,امتياز تسهيلات مسكن مهر98,41,291,214962997,764209,729000,726010,-38199,-5.0,738704,-25505,-3.34,725999,749990,1399-8-18
405,قشكر,شكرشاهرود,41,77175,2616232500,35680,33900,33900,-1780,-4.99,35580,-100,-0.28,33900,33900,1399-8-18
406,كنور,توسعه معدني و صنعتي صبانور,41,62780,2156493000,36150,34350,34350,-1800,-4.98,36060,-90,-0.25,34350,34350,1399-8-18
407,غشهد,شهد ايران ‌,41,209814,1235804460,6200,5890,5890,-310,-5.0,6190,-10,-0.16,5890,5890,1399-8-18
408,كوير,توليدي فولاد سپيد فراب كوير,40,35087,457534480,13720,13040,13040,-680,-4.96,13710,-10,-0.07,13040,13040,1399-8-18
409,آكورد2,صندوق س. آرمان آتي كوثر-د,40,4000000,4000000,29227,1,1,-29226,-100.0,1,-29226,-100.0,1,1,1399-8-18
410,وسناح,ح. سرمايه گذاري نيروگاهي ايران,39,240463,2351488470,10081,9779,9779,-302,-3.0,9779,-302,-3.0,9779,9780,1399-8-18
411,شغدير,پتروشيمي غدير,39,54113,2422584897,47125,44769,44769,-2356,-5.0,47001,-124,-0.26,44769,44769,1399-8-18
412,چدن,توليدي چدن سازان,38,21994,556888080,26650,25320,25320,-1330,-4.99,26630,-20,-0.08,25320,25320,1399-8-18
413,ثنام,س ساختماني ب نام آوران مهندسي,38,547413,10459967604,20113,19108,19108,-1005,-5.0,19543,-570,-2.83,19108,19108,1399-8-18
414,بخاور,بيمه زندگي خاورميانه,38,309638,2140837132,7277,6914,6914,-363,-4.99,7260,-17,-0.23,6914,6914,1399-8-18
415,فجر,فولاد اميركبيركاشان,38,34352,1850885760,56710,53880,53880,-2830,-4.99,56600,-110,-0.19,53880,53880,1399-8-18
416,دماوند,توليد نيروي برق دماوند,38,16658,1091298896,68960,65512,65512,-3448,-5.0,68908,-52,-0.08,65512,65512,1399-8-18
417,كيميا,معدني كيمياي زنجان گستران,37,63136,1329644160,22168,21060,21060,-1108,-5.0,22137,-31,-0.14,21060,21060,1399-8-18
418,لپارس,پارس‌ الكتريك‌,37,3618,609813900,177420,168550,168550,-8870,-5.0,177310,-110,-0.06,168550,168550,1399-8-18
419,تسه9806,امتياز تسهيلات مسكن شهريور98,37,204,151831225,781585,742506,750000,-31585,-4.04,744271,-37314,-4.77,742506,750000,1399-8-18
420,بايكا,كارخانجات كابلسازي ‌ايران‌,36,51724,2065080700,41159,39925,39925,-1234,-3.0,41027,-132,-0.32,39925,39925,1399-8-18
421,اخزا721,اسنادخزانه-م21بودجه97-000728,36,123379,105941420317,858744,854903,854903,-3841,-0.45,858667,-77,-0.01,854902,864500,1399-8-18
422,بموتو,موتوژن‌,35,19850,787846500,41770,39690,39690,-2080,-4.98,41730,-40,-0.1,39690,39690,1399-8-18
423,افران,صندوق س افرا نماد پايدار-ثابت,35,131803,1575159268,11962,11980,11942,-20,-0.17,11951,-11,-0.09,11941,11980,1399-8-18
424,هپارس912,اختيارف ت وپارس-5920-99/12/10,35,83825,216939100,2006,2588,2588,582,29.01,2588,582,29.01,2588,2588,1399-8-18
425,ضمخا7066,اختيارخ اخابر-12000-1400/07/28,35,787,1882885000,7500,2800,2300,-5200,-69.33,2392,-5108,-68.11,2251,3000,1399-8-18
426,وبرق,س.کارکنان صنعت برق زنجان وقزوي,34,6344,1239097392,201358,195318,195318,-6040,-3.0,200963,-395,-0.2,195318,195318,1399-8-18
427,سبزوا,سيمان لار سبزوار,34,86159,514541548,6286,5972,5972,-314,-5.0,6283,-3,-0.05,5972,5972,1399-8-18
428,فسپا,گروه‌صنعتي‌سپاهان‌,33,20947,849400850,42680,40550,40550,-2130,-4.99,42640,-40,-0.09,40550,40550,1399-8-18
429,سخند,صندوق س.سپهرخبرگان نفت-د,33,514550,5146322150,10002,10001,10001,-1,-0.01,10002,0,0.0,10000,10019,1399-8-18
430,تسه9804,امتياز تسهيلات مسكن تير98,32,743,550370527,764335,727000,726119,-38216,-5.0,740741,-23594,-3.09,726119,750000,1399-8-18
431,زفكا,كشت و دامداري فكا,32,18443,748841129,42739,40603,40603,-2136,-5.0,42705,-34,-0.08,40603,40603,1399-8-18
432,كروي,توسعه‌ معادن‌ روي‌ ايران‌,32,48452,1204032200,26150,24850,24850,-1300,-4.97,26120,-30,-0.11,24850,24850,1399-8-18
433,فسازان,غلتك سازان سپاهان,32,106502,2634859480,26040,24740,24740,-1300,-4.99,25960,-80,-0.31,24740,24740,1399-8-18
434,سهگمت,سيمان‌هگمتان‌,32,61937,1155125050,19630,18650,18650,-980,-4.99,19610,-20,-0.1,18650,18650,1399-8-18
435,وساپا,سرمايه‌گذاري‌ سايپا,32,72293,595694320,8670,8240,8240,-430,-4.96,8660,-10,-0.12,8240,8240,1399-8-18
436,وصندوق,سرمايه‌گذاري‌صندوق‌بازنشستگي‌,31,461410,6155209400,14040,13340,13340,-700,-4.99,14000,-40,-0.28,13340,13340,1399-8-18
437,وشهر,بانك شهر,31,251297,1843766089,7486,7337,7337,-149,-1.99,7480,-6,-0.08,7337,7337,1399-8-18
438,ضملي1148,اختيارخ فملي-10140-1399/11/05,31,141,336269000,3635,2400,3000,-635,-17.47,2385,-1250,-34.39,2200,3000,1399-8-18
439,ضپاس1001,اختيارخ وپارس-2500-1399/10/30,31,1271,591460000,899,550,500,-399,-44.38,465,-434,-48.28,440,560,1399-8-18
440,كماسه,تامين‌ ماسه‌ ريخته‌گري‌,31,23000,1140570000,52190,49590,49590,-2600,-4.98,52130,-60,-0.11,49590,49590,1399-8-18
441,اوان,مبين وان كيش,31,87752,4330473448,51946,49349,49349,-2597,-5.0,51704,-242,-0.47,49349,49349,1399-8-18
442,وسخراج,شركت س استان خراسان جنوبي,30,229391,465663730,2250,2030,2030,-220,-9.78,2250,0,0.0,2030,2030,1399-8-18
443,ضملي1153,اختيارخ فملي-20280-1399/11/05,30,718,119730000,211,100,167,-44,-20.85,167,-44,-20.85,90,247,1399-8-18
444,وآذر,سرمايه‌گذاري‌توسعه‌آذربايجان‌,30,4649,577219840,130690,124160,124160,-6530,-5.0,130610,-80,-0.06,124160,124160,1399-8-18
445,سكارون,سيمان كارون,30,91564,10942447384,123202,119506,119506,-3696,-3.0,121057,-2145,-1.74,119506,119506,1399-8-18
446,سكرما,سيمان‌ كرمان‌,29,121277,1545068980,13410,12740,12740,-670,-5.0,13390,-20,-0.15,12740,12740,1399-8-18
447,زپارس,ملي كشت و صنعت و دامپروري پارس,29,75945,4431400750,61420,58350,58350,-3070,-5.0,61130,-290,-0.47,58350,58360,1399-8-18
448,اخزا810,اسنادخزانه-م10بودجه98-001006,29,119027,98376568202,827913,826506,826506,-1407,-0.17,826506,-1407,-0.17,826506,826600,1399-8-18
449,ضصاد1101,اختيارخ وبصادر-3000-1399/11/12,28,616,207843000,448,350,330,-118,-26.34,337,-111,-24.78,320,350,1399-8-18
450,ثروتم,صندوق س. ثروت آفرين پارسيان-س,28,12080,1074525000,90556,89000,88500,-2056,-2.27,88951,-1605,-1.77,88500,89000,1399-8-18
451,الماس,صندوق س.امين تدبيرگران فردا-س,28,10769,1140223000,108014,106000,104990,-3024,-2.8,105880,-2134,-1.98,104000,106000,1399-8-18
452,آسام,صندوق س.آرمان سپهر آشنا-م,28,15690,1458865000,94942,96000,94200,-742,-0.78,92981,-1961,-2.07,91000,96000,1399-8-18
453,وصنا,گروه‌صنايع‌بهشهرايران‌,27,62935,624315200,10440,9920,9920,-520,-4.98,10430,-10,-0.1,9920,9920,1399-8-18
454,شپلي,پلي اكريل ايران,27,183048,1007313144,5673,5503,5503,-170,-3.0,5664,-9,-0.16,5503,5503,1399-8-18
455,فجام,جام‌دارو,27,9839,487817620,52180,49580,49580,-2600,-4.98,52150,-30,-0.06,49580,49580,1399-8-18
456,ساروم,سيمان‌اروميه‌,27,41924,896754360,22510,21390,21390,-1120,-4.98,22490,-20,-0.09,21390,21390,1399-8-18
457,خصدرا,صنعتي‌ دريايي‌ ايران‌,27,148705,830666130,5758,5586,5586,-172,-2.99,5756,-2,-0.03,5586,5586,1399-8-18
458,فباهنر,مس‌ شهيدباهنر,27,45203,2091090780,48690,46260,46260,-2430,-4.99,48580,-110,-0.23,46260,46260,1399-8-18
459,فايرا,آلومينيوم‌ايران‌,27,42686,762371960,18800,17860,17860,-940,-5.0,18780,-20,-0.11,17860,17860,1399-8-18
460,ضخود1045,اختيارخ خودرو-4500-1399/10/07,26,1143,202413000,221,161,185,-36,-16.29,177,-44,-19.91,161,239,1399-8-18
461,هشير911,اختيارف ت شيراز-73480-99/11/27,26,5129,102010681,14263,19889,19889,5626,39.44,19889,5626,39.44,19889,19889,1399-8-18
462,هكاوه911,اختيارف ت كاوه-25477-99/11/18,26,71005,367095850,4974,5170,5170,196,3.94,5170,196,3.94,5170,5170,1399-8-18
463,پيزد,مجتمع صنايع لاستيك يزد,25,2952,280451808,100004,95004,95004,-5000,-5.0,99974,-30,-0.03,95004,95004,1399-8-18
464,غمينو,شركت صنايع غذايي مينو شرق,25,17813,314203507,18567,17639,17639,-928,-5.0,18561,-6,-0.03,17639,17639,1399-8-18
465,اخزا704,اسنادخزانه-م4بودجه97-991022,25,67028,65192294169,971670,973200,971674,4,0.0,972613,943,0.1,971674,973200,1399-8-18
466,هغدير912,اختيارف ت غدير-17380-99/12/16,24,23848,140083152,4633,5874,5874,1241,26.79,5874,1241,26.79,5874,5874,1399-8-18
467,وپترو,سرمايه‌گذاري صنايع پتروشيمي‌,24,109055,1479876350,14280,13570,13570,-710,-4.97,14260,-20,-0.14,13570,13570,1399-8-18
468,ضخود1048,اختيارخ خودرو-7000-1399/10/07,24,938,72339000,86,90,79,-7,-8.14,77,-9,-10.47,69,95,1399-8-18
469,سباقر,سيمان باقران,24,169226,2443792666,14887,14441,14441,-446,-3.0,14831,-56,-0.38,14441,14441,1399-8-18
470,نمرينو,ايران‌ مرينوس‌,24,32242,1757189000,57360,54500,54500,-2860,-4.99,57250,-110,-0.19,54500,54500,1399-8-18
471,ضبدر8056,اختيارخ شبندر-21580-1399/08/18,24,176,103536000,2027,1500,439,-1588,-78.34,588,-1439,-70.99,438,1500,1399-8-18
472,ضترا1117,اختيارخ شتران-10000-1399/11/14,23,133,177620000,2200,1500,1499,-701,-31.86,1335,-865,-39.32,1020,1500,1399-8-18
473,زگلدشت,كشت و دام گلدشت نمونه اصفهان,23,34616,1080434592,32854,31212,31212,-1642,-5.0,32817,-37,-0.11,31212,31212,1399-8-18
474,ضفلا8076,اختيارخ فولاد-8775-1399/08/28,23,73,102445000,1735,1351,1300,-435,-25.07,1403,-332,-19.14,1200,1760,1399-8-18
475,زعف9908پ16,زعفران9908نگين بيرجند(پ),23,12666,1045891125,83111,80010,80000,-3111,-3.74,82575,-536,-0.64,80000,83990,1399-8-18
476,اخزا813,اسنادخزانه-م13بودجه98-010219,23,25553,19434592192,761236,760378,760378,-858,-0.11,760560,-676,-0.09,760378,764998,1399-8-18
477,شنفت,نفت‌ پارس‌,22,22178,1068979600,50730,48200,48200,-2530,-4.99,50670,-60,-0.12,48200,48200,1399-8-18
478,آريان,سرمايه گذاري پارس آريان,22,474280,6140503160,13347,12947,12947,-400,-3.0,13321,-26,-0.19,12947,12947,1399-8-18
479,ثنوسا,نوسازي‌وساختمان‌تهران‌,22,41840,332628000,8360,7950,7950,-410,-4.9,8360,0,0.0,7950,7950,1399-8-18
480,سپاها,سيمان‌سپاهان‌,22,26325,213232500,8520,8100,8100,-420,-4.93,8520,0,0.0,8100,8100,1399-8-18
481,غويتا,ويتانا,21,33959,1562080041,48419,45999,45999,-2420,-5.0,48339,-80,-0.17,45999,45999,1399-8-18
482,پاسا,ايران‌ياساتايرورابر,21,41241,752235840,19200,18240,18240,-960,-5.0,19180,-20,-0.1,18240,18240,1399-8-18
483,اخزا903,اسنادخزانه-م3بودجه99-011110,21,100773,66132882600,656530,656000,659899,3369,0.51,656256,-274,-0.04,653690,659899,1399-8-18
484,تشتاد,صنايع توليدي اشتاد ايران‌,21,79583,1148382690,14876,14430,14430,-446,-3.0,14849,-27,-0.18,14430,14430,1399-8-18
485,غشاذر,پگاه‌آذربايجان‌غربي‌,21,141251,2719081750,20260,19250,19250,-1010,-4.99,20200,-60,-0.3,19250,19250,1399-8-18
486,غنوش,نوش‌ مازندران‌,21,28256,1965487360,73220,69560,69560,-3660,-5.0,73070,-150,-0.2,69560,69560,1399-8-18
487,وسيزد,شركت س استان يزد,20,143630,175228600,1280,1220,1220,-60,-4.69,1280,0,0.0,1220,1220,1399-8-18
488,فزرين,زرين معدن آسيا,20,179744,3116760960,18252,17340,17340,-912,-5.0,18192,-60,-0.33,17340,17340,1399-8-18
489,گوهر2,صندوق سكه طلاي كيان,20,200000,200000,67941,1,1,-67940,-100.0,1,-67940,-100.0,1,1,1399-8-18
490,ورنا,سرمايه‌گذاري‌ رنا(هلدينگ‌,20,133214,1096351220,8660,8230,8230,-430,-4.97,8650,-10,-0.12,8230,8230,1399-8-18
491,ساربيل,سيمان آرتا اردبيل,19,99692,6157974840,65020,61770,61770,-3250,-5.0,64600,-420,-0.65,61770,61770,1399-8-18
492,اخزا902,اسنادخزانه-م2بودجه99-011019,19,48387,32108495535,661440,661000,663000,1560,0.24,663577,2137,0.32,661000,665500,1399-8-18
493,شيراز,پتروشيمي‌شيراز,19,327808,15511874560,49810,47320,47320,-2490,-5.0,49400,-410,-0.82,47320,47320,1399-8-18
494,ضغدر1119,اختيارخ وغدير-10000-1399/11/26,19,1076,1540610000,1669,1300,1300,-369,-22.11,1432,-237,-14.2,1150,1500,1399-8-18
495,واميد,گروه مديريت سرمايه گذاري اميد,19,14222,488383480,36140,34340,34340,-1800,-4.98,36130,-10,-0.03,34340,34340,1399-8-18
496,فسرب,ملي‌ سرب‌وروي‌ ايران‌,19,6749,745629520,116290,110480,110480,-5810,-5.0,116200,-90,-0.08,110480,110480,1399-8-18
497,خكار,ايركا پارت صنعت,18,408000,12974400000,33470,31800,31800,-1670,-4.99,33010,-460,-1.37,31800,31800,1399-8-18
498,ونيرو,سرمايه‌گذاري‌نيرو,18,126522,559227240,4650,4420,4420,-230,-4.95,4650,0,0.0,4420,4420,1399-8-18
499,حفارس,حمل و نقل بين المللي خليج فارس,18,68815,298657100,4560,4340,4340,-220,-4.82,4560,0,0.0,4340,4340,1399-8-18
500,زعف9908پ11,زعفران9908نگين سحرخيز(پ),18,6455,557060045,86940,86299,86299,-641,-0.74,86299,-641,-0.74,86299,86299,1399-8-18
501,ضخود1041,اختيارخ خودرو-2500-1399/10/07,18,337,278636000,1124,950,889,-235,-20.91,827,-297,-26.42,802,950,1399-8-18
502,فرآور,فرآوري‌موادمعدني‌ايران‌,18,22458,453202440,21240,20180,20180,-1060,-4.99,21230,-10,-0.05,20180,20180,1399-8-18
503,كوثر,بيمه كوثر,18,60627,690602157,11990,11391,11391,-599,-5.0,11981,-9,-0.08,11391,11391,1399-8-18
504,كفپارس,فرآورده‌هاي‌ نسوز پارس‌,18,38473,356259980,9740,9260,9260,-480,-4.93,9740,0,0.0,9260,9260,1399-8-18
505,وبهمن,سرمايه‌گذاري‌بهمن‌,17,517908,6157926120,12510,11890,11890,-620,-4.96,12430,-80,-0.64,11890,11890,1399-8-18
506,بهپاك,صنعتي بهپاك,17,30895,924378400,31494,29920,29920,-1574,-5.0,31463,-31,-0.1,29920,29920,1399-8-18
507,اخزا807,اسنادخزانه-م7بودجه98-000719,17,37532,32227930867,855300,855553,855553,253,0.03,858679,3379,0.4,855553,864000,1399-8-18
508,اخزا804,اسنادخزانه-م4بودجه98-000421,17,52250,46412246806,890700,895000,891130,430,0.05,888273,-2427,-0.27,859296,895000,1399-8-18
509,غبشهر,صنعتي‌ بهشهر,17,29659,651015050,23100,21950,21950,-1150,-4.98,23080,-20,-0.09,21950,21950,1399-8-18
510,وملي,گروه‌ صنعتي‌ ملي‌ (هلدينگ‌,17,1999,736271680,387700,368320,368320,-19380,-5.0,387390,-310,-0.08,368320,368320,1399-8-18
511,شلعاب,لعابيران‌,17,15630,121757700,8200,7790,7790,-410,-5.0,8200,0,0.0,7790,7790,1399-8-18
512,فلات,گروه صنايع معادن فلات ايرانيان,17,113395,1369811600,12453,12080,12080,-373,-3.0,12426,-27,-0.22,12080,12080,1399-8-18
513,شاوان,پالايش نفت لاوان,17,3190,270419490,89232,84771,84771,-4461,-5.0,89207,-25,-0.03,84771,84771,1399-8-18
514,سنوين,سرمايه گذاري اقتصاد نوين,16,1003790,9788960080,9951,9752,9752,-199,-2.0,9752,-199,-2.0,9752,9752,1399-8-18
515,حآسا,آسيا سير ارس,16,35089,543177720,16294,15480,15480,-814,-5.0,16285,-9,-0.06,15480,15480,1399-8-18
516,ضملي1150,اختيارخ فملي-14196-1399/11/05,16,212,169150000,1001,800,650,-351,-35.06,798,-203,-20.28,500,800,1399-8-18
517,اميد,تامين سرمايه اميد,16,41029,445164650,11420,10850,10850,-570,-4.99,11410,-10,-0.09,10850,10850,1399-8-18
518,غگلپا,شير پاستوريزه پگاه گلپايگان,15,11673,829039806,74759,71022,71022,-3737,-5.0,74694,-65,-0.09,71022,71022,1399-8-18
519,قاسم,قاسم ايران,15,34599,433006485,13173,12515,12515,-658,-5.0,13167,-6,-0.05,12515,12515,1399-8-18
520,اخزا805,اسنادخزانه-م5بودجه98-000422,15,107350,95715850112,891750,891186,891184,-566,-0.06,891624,-126,-0.01,891184,895000,1399-8-18
521,لابسا,آبسال‌,15,31915,938620150,30950,29410,29410,-1540,-4.98,30920,-30,-0.1,29410,29410,1399-8-18
522,سكرد,سيمان كردستان,15,60690,578982600,10040,9540,9540,-500,-4.98,10030,-10,-0.1,9540,9540,1399-8-18
523,سقاين,سيمان‌ قائن‌,14,6390,242308800,39910,37920,37920,-1990,-4.99,39900,-10,-0.03,37920,37920,1399-8-18
524,قشير,قند شيروان قوچان و بجنورد,14,230473,5311019812,24256,23044,23044,-1212,-5.0,24120,-136,-0.56,23044,23044,1399-8-18
525,سشمال,سيمان‌ شمال‌,14,27219,245787570,9500,9030,9030,-470,-4.95,9500,0,0.0,9030,9030,1399-8-18
526,هشفن911,اختيارف ت شفن-318060-99/11/26,14,2170,84458570,19175,38921,38921,19746,102.98,38921,19746,102.98,38921,38921,1399-8-18
527,كابگن,توليدي و صنعتي آبگينه‌,13,48648,236380632,4811,4859,4859,48,1.0,4813,2,0.04,4859,4859,1399-8-18
528,خلنت,لنت‌ ترمزايران‌,13,6927,604034400,91780,87200,87200,-4580,-4.99,91720,-60,-0.07,87200,87200,1399-8-18
529,خريخت,صنايع‌ريخته‌گري‌ايران‌,13,556500,2621115000,4950,4710,4710,-240,-4.85,4940,-10,-0.2,4710,4710,1399-8-18
530,ضفلا8070,اختيارخ فولاد-5775-1399/08/28,13,33,114994000,5082,4757,4000,-1082,-21.29,3485,-1597,-31.42,700,4757,1399-8-18
531,وسرمد,بيمه  سرمد,13,65844,361351872,5657,5488,5488,-169,-2.99,5654,-3,-0.05,5488,5488,1399-8-18
532,وثخوز,سرمايه گذاري و توسعه خوزستان,13,14554,472568380,33474,32470,32470,-1004,-3.0,33450,-24,-0.07,32470,32470,1399-8-18
533,وهنر,گروه توسعه هنر ايران,13,62064,246518208,4094,3972,3972,-122,-2.98,4092,-2,-0.05,3972,3972,1399-8-18
534,شپارس,بين‌ المللي‌ محصولات‌  پارس‌,13,8734,122363340,14740,14010,14010,-730,-4.95,14740,0,0.0,14010,14010,1399-8-18
535,داريك,صندوق س.اعتماد داريك-د,12,50106,501071200,10018,10000,10000,-18,-0.18,10000,-18,-0.18,10000,10001,1399-8-18
536,اطلس2,صندوق س.توسعه اندوخته آينده-س,12,120000,120000,170395,1,1,-170394,-100.0,1,-170394,-100.0,1,1,1399-8-18
537,آگاس2,صندوق س.هستي بخش آگاه-س,12,3200000,3200000,60687,1,1,-60686,-100.0,1,-60686,-100.0,1,1,1399-8-18
538,اعتماد2,صندوق س.اعتماد آفرين پارسيان-د,12,73100000,73100000,33211,1,1,-33210,-100.0,1,-33210,-100.0,1,1,1399-8-18
539,مرقام,ايران‌ارقام‌,12,16529,375538880,23910,22720,22720,-1190,-4.98,23900,-10,-0.04,22720,22720,1399-8-18
540,وآرين,شركت توسعه اقتصادي آرين,12,32510,172368020,5465,5302,5302,-163,-2.98,5464,-1,-0.02,5302,5302,1399-8-18
541,غبهنوش,بهنوش‌ ايران‌,12,4003,221365900,58210,55300,55300,-2910,-5.0,58200,-10,-0.02,55300,55300,1399-8-18
542,نگين,ص.س. زمين و ساختمان نگين شهرري,12,300726,15038306000,50040,50010,50000,-40,-0.08,50010,-30,-0.06,50000,50020,1399-8-18
543,ومعلم,بيمه معلم,11,28751,160114319,5862,5569,5569,-293,-5.0,5861,-1,-0.02,5569,5569,1399-8-18
544,زمگسا,كشاورزي‌ ودامپروي‌ مگسال‌,11,13156,348897120,27910,26520,26520,-1390,-4.98,27900,-10,-0.04,26520,26520,1399-8-18
545,ضفلا8079,اختيارخ فولاد-10775-1399/08/28,11,51,30300000,1370,621,584,-786,-57.37,594,-776,-56.64,500,820,1399-8-18
546,خاور,ايران خودرو ديزل,11,137782,879875852,6583,6386,6386,-197,-2.99,6574,-9,-0.14,6386,6386,1399-8-18
547,ضملت8027,اختيارخ وبملت-4100-1399/08/28,11,353,189537711,501,300,149,-352,-70.26,130,-371,-74.05,110,300,1399-8-18
548,ضغدر8030,اختيارخ وغدير-6510-1399/08/26,11,57,149643000,3212,2501,2561,-651,-20.27,2625,-587,-18.28,2501,3300,1399-8-18
549,گكيش,توريستي ورفاهي آبادگران كيش,11,1724,117182004,70073,67971,67971,-2102,-3.0,70060,-13,-0.02,67971,67971,1399-8-18
550,شجم,صنايع پتروشيمي تخت جمشيد,11,41057,302425862,7593,7366,7366,-227,-2.99,7589,-4,-0.05,7366,7366,1399-8-18
551,پست9908-02,پسته فندقي32-30طلاسبززرند9908,10,145,169183300,1224718,1175000,1163483,-61235,-5.0,1166781,-57937,-4.73,1163483,1175000,1399-8-18
552,ولانا,شركت ليزينگ آريا دانا,10,208843,4210066037,20782,20159,20159,-623,-3.0,20646,-136,-0.65,20159,20159,1399-8-18
553,غگلستا,شير پاستوريزه پگاه گلستان,10,23685,345232560,15343,14576,14576,-767,-5.0,15337,-6,-0.04,14576,14576,1399-8-18
554,كقزوي,شيشه‌ قزوين‌,10,43326,384561576,9343,8876,8876,-467,-5.0,9334,-9,-0.1,8876,8876,1399-8-18
555,غچين,كشت‌ و صنعت‌ چين‌ چين,10,23395,946795650,42590,40470,40470,-2120,-4.98,42550,-40,-0.09,40470,40470,1399-8-18
556,عيار2,صندوق س. پشتوانه طلاي مفيد,10,100000,100000,33273,1,1,-33272,-100.0,1,-33272,-100.0,1,1,1399-8-18
557,لكما,كارخانجات‌مخابراتي‌ايران‌,10,28601,303027595,10922,10595,10595,-327,-2.99,10917,-5,-0.05,10595,10595,1399-8-18
558,شپاس,نفت پاسارگاد,10,10743,225431112,22088,20984,20984,-1104,-5.0,22083,-5,-0.02,20984,20984,1399-8-18
559,ضغدر8038,اختيارخ وغدير-11000-1399/08/26,10,92,5425000,314,22,100,-214,-68.15,59,-255,-81.21,2,100,1399-8-18
560,ضفلا8068,اختيارخ فولاد-4751-1399/08/28,10,117,890788584,6299,5073,4500,-1799,-28.56,4735,-1564,-24.83,4500,5400,1399-8-18
561,ضملت8025,اختيارخ وبملت-3616-1399/08/28,10,114,243722696,791,700,450,-341,-43.11,516,-275,-34.77,450,700,1399-8-18
562,ضغدر8039,اختيارخ وغدير-12000-1399/08/26,10,69,815000,73,20,20,-53,-72.6,12,-61,-83.56,2,20,1399-8-18
563,ثعمرا,عمران و توسعه شاهد,9,53820,844866360,16524,15698,15698,-826,-5.0,16509,-15,-0.09,15698,15698,1399-8-18
564,ضسپا8018,اختيارخ خساپا-2400-1399/08/26,9,103,14867000,125,239,99,-26,-20.8,144,19,15.2,51,239,1399-8-18
565,ولتجار,واسپاري تجارت وسرمايه ايرانيان,9,20950,124422050,6122,5939,5939,-183,-2.99,6121,-1,-0.02,5939,5939,1399-8-18
566,اتكام,شركت بيمه اتكايي امين,9,27381,207055122,7959,7562,7562,-397,-4.99,7957,-2,-0.03,7562,7562,1399-8-18
567,كتوكا,توليدي و خدمات صنايع نسوز توكا,9,1152,138488832,126543,120216,120216,-6327,-5.0,126525,-18,-0.01,120216,120216,1399-8-18
568,شبصير,توليدات پتروشيمي قائد بصير,9,2783,283484729,107224,101863,101863,-5361,-5.0,107192,-32,-0.03,101863,101863,1399-8-18
569,وسكهبو,س.عدالت ا. كهگيلويه وبويراحمد,8,85196,92011680,1130,1080,1080,-50,-4.42,1130,0,0.0,1080,1080,1399-8-18
570,زعف9908پ15,زعفران9908پوشالمعمول طلاسرخ(پ),8,814,62378126,83283,76317,76317,-6966,-8.36,76632,-6651,-7.99,76317,77269,1399-8-18
571,وثنو,سرمايه گذاري ساختماني نوين,8,19097,277651283,14988,14539,14539,-449,-3.0,14982,-6,-0.04,14539,14539,1399-8-18
572,وگستر,گسترش سرمايه گذاري ايرانيان,8,3492,66389904,20012,19012,19012,-1000,-5.0,20011,-1,0.0,19012,19012,1399-8-18
573,ضخود1046,اختيارخ خودرو-5000-1399/10/07,8,60,10675000,184,285,130,-54,-29.35,178,-6,-3.26,121,285,1399-8-18
574,غپاك,لبنيات‌ پاك‌,8,53906,661965680,12920,12280,12280,-640,-4.95,12910,-10,-0.08,12280,12280,1399-8-18
575,اشاد10,مشاركت دولتي10-شرايط خاص001226,8,3700,3483142100,951325,954700,941000,-10325,-1.09,941390,-9935,-1.04,941000,954700,1399-8-18
576,شلرد02,كود شيميايي اوره لردگان,8,175,177300000,992000,990000,1020000,28000,2.82,1013143,21143,2.13,990000,1020000,1399-8-18
577,حخزر,كشتيراني درياي خزر,8,7647,158170548,21772,20684,20684,-1088,-5.0,21768,-4,-0.02,20684,20684,1399-8-18
578,بزاگرس,نيروگاه زاگرس كوثر,8,53785,753635420,14749,14012,14012,-737,-5.0,14737,-12,-0.08,14012,14012,1399-8-18
579,كسعدي,كاشي‌ سعدي‌,8,1693,96890390,60240,57230,57230,-3010,-5.0,60230,-10,-0.02,57230,57230,1399-8-18
580,كخاك,صنايع‌خاك‌چيني‌ايران‌,8,2476,112781800,47940,45550,45550,-2390,-4.99,47930,-10,-0.02,45550,45550,1399-8-18
581,غفارس,شير پاستوريزه پگاه فارس,8,6359,59450291,9841,9349,9349,-492,-5.0,9840,-1,-0.01,9349,9349,1399-8-18
582,شساخت,مهندسي و ساختمان صنايع نفت,8,5494,210942130,40415,38395,38395,-2020,-5.0,40404,-11,-0.03,38395,38395,1399-8-18
583,فسديد,لوله‌وتجهيزات‌ سديد - ورشكسته,8,43295,4842718930,114136,111854,111854,-2282,-2.0,111880,-2256,-1.98,111854,111854,1399-8-18
584,ضملي1152,اختيارخ فملي-18252-1399/11/05,8,49,13228000,458,420,200,-258,-56.33,270,-188,-41.05,200,420,1399-8-18
585,حپارسا,توسعه حمل و نقل ريلي پارسيان,8,6583,194218249,31055,29503,29503,-1552,-5.0,31049,-6,-0.02,29503,29503,1399-8-18
586,رتكو,كنترل‌خوردگي‌تكين‌كو,8,4110,62924100,16110,15310,15310,-800,-4.97,16110,0,0.0,15310,15310,1399-8-18
587,فخاس,فولاد خراسان,7,8159,257824400,33260,31600,31600,-1660,-4.99,33260,0,0.0,31600,31600,1399-8-18
588,فسا,پتروشيمي فسا,7,28139,81068459,3032,2881,2881,-151,-4.98,3031,-1,-0.03,2881,2881,1399-8-18
589,ضسپا1102,اختيارخ خساپا-2000-1399/11/26,7,72,31951000,750,600,477,-273,-36.4,444,-306,-40.8,337,600,1399-8-18
590,وليز,ليزينگ‌ايران‌,7,13966,124018080,9340,8880,8880,-460,-4.93,9340,0,0.0,8880,8880,1399-8-18
591,شفارا,پتروشيمي فارابي,7,42023,216922726,5321,5162,5162,-159,-2.99,5319,-2,-0.04,5162,5162,1399-8-18
592,خمهر,مهركام‌پارس‌,7,16512,113107200,7210,6850,6850,-360,-4.99,7210,0,0.0,6850,6850,1399-8-18
593,كساپا,سايپاشيشه‌,7,4900,92757000,19920,18930,18930,-990,-4.97,19920,0,0.0,18930,18930,1399-8-18
594,سبهان,سيمان‌ بهبهان‌,7,2864,153997280,56590,53770,53770,-2820,-4.98,56580,-10,-0.02,53770,53770,1399-8-18
595,تكمبا,كمباين‌ سازي‌ ايران‌,7,23068,220991440,10080,9580,9580,-500,-4.96,10080,0,0.0,9580,9580,1399-8-18
596,ضغدر8042,اختيارخ وغدير-15000-1399/08/26,7,179,179000,1,1,1,0,0.0,1,0,0.0,1,1,1399-8-18
597,شراز,پالايش نفت شيراز,7,634,57570370,95584,90805,90805,-4779,-5.0,95578,-6,-0.01,90805,90805,1399-8-18
598,ضبدر8054,اختيارخ شبندر-18580-1399/08/18,7,14,50114000,5000,3048,3511,-1489,-29.78,3580,-1420,-28.4,3048,4199,1399-8-18
599,ضبدر8060,اختيارخ شبندر-29580-1399/08/18,7,48,457000,1,10,7,6,600.0,10,9,900.0,7,10,1399-8-18
600,اخزا723,اسنادخزانه-م23بودجه97-000824,7,5117,4349386954,849940,850000,850001,61,0.01,849988,48,0.01,840991,850001,1399-8-18
601,خاذين,سايپاآذين‌,7,6581,42579070,6810,6470,6470,-340,-4.99,6810,0,0.0,6470,6470,1399-8-18
602,كمنگنز,معادن‌منگنزايران‌,7,1574,148554120,99340,94380,94380,-4960,-4.99,99320,-20,-0.02,94380,94380,1399-8-18
603,تملي807,تسهيلات مسكن ب. ملي-مهر98,7,87,75152862,822692,863826,863826,41134,5.0,863826,41134,5.0,863826,863826,1399-8-18
604,زعف9908پ06,زعفران 9908پوشالمعمول زرين(پ),7,401,30610737,79785,76318,76336,-3449,-4.32,76336,-3449,-4.32,76317,80000,1399-8-18
605,تكنار,مجتمع معادن مس تكنار,7,2085,197949900,97876,94940,94940,-2936,-3.0,97846,-30,-0.03,94940,94940,1399-8-18
606,ضچاد1014,اختيارخ كچاد-14000-1399/10/02,7,14,26398000,2168,2000,1800,-368,-16.97,1886,-282,-13.01,1800,2000,1399-8-18
607,وكادو,تكادو,7,7715,122575920,16379,15888,15888,-491,-3.0,16376,-3,-0.02,15888,15888,1399-8-18
608,وتوس,توسعه‌شهري‌توس‌گستر,7,4666,150011900,33840,32150,32150,-1690,-4.99,33830,-10,-0.03,32150,32150,1399-8-18
609,كمينا,شيشه سازي مينا,6,1215,35261730,30549,29022,29022,-1527,-5.0,30546,-3,-0.01,29022,29022,1399-8-18
610,پلاسك,پلاسكوكار,6,7135,59006450,8700,8270,8270,-430,-4.94,8700,0,0.0,8270,8270,1399-8-18
611,ضفلا8088,اختيارخ فولاد-19775-1399/08/28,6,100,100000,1,1,1,0,0.0,1,0,0.0,1,1,1399-8-18
612,اخزا720,اسنادخزانه-م20بودجه97-000324,6,7387,6661297943,900001,900610,900611,610,0.07,901760,1759,0.2,900610,903800,1399-8-18
613,بمپنا,توليد برق عسلويه  مپنا,6,1904,149566816,82688,78554,78554,-4134,-5.0,82675,-13,-0.02,78554,78554,1399-8-18
614,ضغدر8027,اختيارخ وغدير-5010-1399/08/26,6,47,188094000,5840,4002,4002,-1838,-31.47,4002,-1838,-31.47,4002,4002,1399-8-18
615,ثتوسا,س.توسعه و عمران استان اردبيل,6,758,53103206,73744,70057,70057,-3687,-5.0,73734,-10,-0.01,70057,70057,1399-8-18
616,شكربن,كربن‌ ايران‌,6,2500,180025000,75790,72010,72010,-3780,-4.99,75780,-10,-0.01,72010,72010,1399-8-18
617,ضبدر8053,اختيارخ شبندر-17580-1399/08/18,6,18,103570000,8000,5114,6000,-2000,-25.0,5754,-2246,-28.08,5114,6000,1399-8-18
618,شاملا,معدني‌ املاح‌  ايران‌,6,3544,223909920,66500,63180,63180,-3320,-4.99,66480,-20,-0.03,63180,63180,1399-8-18
619,فولاي,صنايع فولاد آلياژي يزد,6,5243,258238722,51846,49254,49254,-2592,-5.0,51832,-14,-0.03,49254,49254,1399-8-18
620,ختراك,ريخته‌گري‌ تراكتورسازي‌ ايران‌,6,3152,33537280,11190,10640,10640,-550,-4.92,11190,0,0.0,10640,10640,1399-8-18
621,بنيرو,نيروترانس‌,6,1565,86434950,58130,55230,55230,-2900,-4.99,58120,-10,-0.02,55230,55230,1399-8-18
622,ضپار8013,اختيارخ خپارس-2600-1399/08/18,6,9,20530000,2151,2350,2290,139,6.46,2281,130,6.04,2250,2350,1399-8-18
623,ولملت,واسپاري ملت,6,120934,1313343240,11430,10860,10860,-570,-4.99,11410,-20,-0.17,10860,10860,1399-8-18
624,زماهان,مجتمع توليد گوشت مرغ ماهان,6,4271,93620320,23073,21920,21920,-1153,-5.0,23071,-2,-0.01,21920,21920,1399-8-18
625,سفانو,سيمان فارس نو,6,38955,1137875550,30740,29210,29210,-1530,-4.98,30700,-40,-0.13,29210,29210,1399-8-18
626,افاد73,منفعت دولت7-ش.خاص نوين0204,6,25000,22485875000,856605,899435,899435,42830,5.0,899435,42830,5.0,899435,899435,1399-8-18
627,فبستم,صنايع ‌بسته‌بندي‌ مشهد,5,109397,89267952,793,816,816,23,2.9,793,0,0.0,816,816,1399-8-18
628,ضسپا8017,اختيارخ خساپا-2200-1399/08/26,5,129,12900000,266,100,100,-166,-62.41,100,-166,-62.41,100,100,1399-8-18
629,غدشت,دشت‌ مرغاب‌,5,374,100692020,283390,269230,269230,-14160,-5.0,283360,-30,-0.01,269230,269230,1399-8-18
630,ثاصفا,شركت‌ ساختمان‌ اصفهان‌,5,1517,40010875,27190,26375,26375,-815,-3.0,27188,-2,-0.01,26375,26375,1399-8-18
631,ضغدر8044,اختيارخ وغدير-17000-1399/08/26,5,164,164000,2,1,1,-1,-50.0,1,-1,-50.0,1,1,1399-8-18
632,آ س پ,آ.س.پ,5,7500,85657500,12022,11421,11421,-601,-5.0,12021,-1,-0.01,11421,11421,1399-8-18
633,نتوس,پشم‌ بافي‌ توس,5,2605,27537455,11127,10571,10571,-556,-5.0,11126,-1,-0.01,10571,10571,1399-8-18
634,ضفلا8060,اختيارخ فولاد-3507-1399/08/28,5,19,193469736,7500,6500,6300,-1200,-16.0,6332,-1168,-15.57,6300,6500,1399-8-18
635,ضسپا8020,اختيارخ خساپا-2800-1399/08/26,5,207,12520000,200,61,60,-140,-70.0,60,-140,-70.0,60,61,1399-8-18
636,ضخوز1013,اختيارخ فخوز-10667-1399/10/16,5,21,106000000,8000,5000,6000,-2000,-25.0,5048,-2952,-36.9,5000,6000,1399-8-18
637,غپونه,نوش پونه مشهد,5,19391,303469150,16134,15650,15650,-484,-3.0,16126,-8,-0.05,15650,15650,1399-8-18
638,ضگل8059,اختيارخ كگل-15100-1399/08/21,5,102,9050000,100,100,50,-50,-50.0,89,-11,-11.0,20,100,1399-8-18
639,قمرو,قند مرودشت‌,5,1689,55821450,34780,33050,33050,-1730,-4.97,34780,0,0.0,33050,33050,1399-8-18
640,تبرك,گروه كارخانجات صنعتي تبرك,5,1431,37881432,27865,26472,26472,-1393,-5.0,27864,-1,0.0,26472,26472,1399-8-18
641,ضمخا7067,اختيارخ اخابر-14000-1400/07/28,5,22,37470000,2000,1700,1701,-299,-14.95,1703,-297,-14.85,1700,1750,1399-8-18
642,شكبير,پتروشيمي اميركبير,5,2849,161059668,58280,56532,56532,-1748,-3.0,58277,-3,-0.01,56532,56532,1399-8-18
643,زنگان,صنعت روي زنگان,5,2423,370576043,160990,152941,152941,-8049,-5.0,160927,-63,-0.04,152941,152941,1399-8-18
644,مداران,داده‌پردازي‌ايران‌,5,8456,186708480,23240,22080,22080,-1160,-4.99,23240,0,0.0,22080,22080,1399-8-18
645,نطرين,عطرين نخ قم,5,53006,803252924,15951,15154,15154,-797,-5.0,15938,-13,-0.08,15154,15154,1399-8-18
646,خشرق,الكتريك‌ خودرو شرق‌,5,2683,51272130,20110,19110,19110,-1000,-4.97,20110,0,0.0,19110,19110,1399-8-18
647,ضفلا8091,اختيارخ فولاد-25775-1399/08/28,5,147,1250000,5,10,10,5,100.0,9,4,80.0,5,10,1399-8-18
648,تكشا,گسترش‌صنايع‌وخدمات‌كشاورزي‌,4,850,60919500,75440,71670,71670,-3770,-5.0,75440,0,0.0,71670,71670,1399-8-18
649,كگاز,شيشه‌ و گاز,4,1845,43911000,25050,23800,23800,-1250,-4.99,25050,0,0.0,23800,23800,1399-8-18
650,ضفلا8082,اختيارخ فولاد-13775-1399/08/28,4,13,1788000,58,99,199,141,243.1,138,80,137.93,99,199,1399-8-18
651,ضچاد1015,اختيارخ كچاد-16000-1399/10/02,4,102,71850000,1000,701,1149,149,14.9,704,-296,-29.6,700,1149,1399-8-18
652,ثنور,سرمايه گذاري كوه نور,4,4127,29813448,7447,7224,7224,-223,-2.99,7447,0,0.0,7224,7224,1399-8-18
653,خكاوه,سايپا ديزل,4,5100,28942500,5850,5675,5675,-175,-2.99,5850,0,0.0,5675,5675,1399-8-18
654,اخزا713,اسنادخزانه-م13بودجه97-000518,4,431,379280000,878226,880000,880000,1774,0.2,880000,1774,0.2,880000,880000,1399-8-18
655,كرونا2,تامين مالي جمعي صرفا اهداي سود,4,1032,10320000,10000,10000,10000,0,0.0,10000,0,0.0,10000,10000,1399-8-18
656,صگل1411,ص اجاره گل گهر 1411-3 ماهه 17%,4,408,387600490,950011,950010,950010,-1,0.0,950001,-10,0.0,950000,950010,1399-8-18
657,جهرم,پتروشيمي جهرم,4,21500,67209000,3290,3126,3126,-164,-4.98,3289,-1,-0.03,3126,3126,1399-8-18
658,ضفلا8087,اختيارخ فولاد-18775-1399/08/28,4,44,49000,6,1,2,-4,-66.67,1,-5,-83.33,1,2,1399-8-18
659,فلوله,لوله‌وماشين‌سازي‌ايران‌,4,3703,80244010,22810,21670,21670,-1140,-5.0,22810,0,0.0,21670,21670,1399-8-18
660,ضسپا8016,اختيارخ خساپا-2000-1399/08/26,4,31,3330000,282,300,100,-182,-64.54,107,-175,-62.06,100,300,1399-8-18
661,وسزنجان,شركت س استان زنجان,4,17274,23319900,1420,1350,1350,-70,-4.93,1420,0,0.0,1350,1350,1399-8-18
662,ضملت8024,اختيارخ وبملت-3374-1399/08/28,4,55,193094830,1600,902,806,-794,-49.63,848,-752,-47.0,806,902,1399-8-18
663,ثاژن,سخت آژند,4,34457,289645542,8577,8406,8406,-171,-1.99,8572,-5,-0.06,8406,8406,1399-8-18
664,ولشرق,ليزينگ ايران و شرق,4,174066,1131080868,6840,6498,6498,-342,-5.0,6832,-8,-0.12,6498,6498,1399-8-18
665,سرو2,صندوق س سروسودمند مدبران-سهام,4,400000,400000,55470,1,1,-55469,-100.0,1,-55469,-100.0,1,1,1399-8-18
666,صينا205,صكوك منفعت سينا دارو-3ماهه 19%,4,415,417344852,999770,999999,985030,-14740,-1.47,1005650,5880,0.59,985030,1049000,1399-8-18
667,سدور,سيمان‌ دورود,4,8512,64946560,8030,7630,7630,-400,-4.98,8030,0,0.0,7630,7630,1399-8-18
668,داراب,پتروشيمي داراب,4,7000,21049000,3165,3007,3007,-158,-4.99,3165,0,0.0,3007,3007,1399-8-18
669,زشريف,كشت وصنعت شريف آباد,4,1832,41086264,23607,22427,22427,-1180,-5.0,23606,-1,0.0,22427,22427,1399-8-18
670,ضملت8032,اختيارخ وبملت-5789-1399/08/28,4,130,2153320,104,4,4,-100,-96.15,4,-100,-96.15,4,4,1399-8-18
671,وحكمت,بيمه حكمت صبا,4,6122,34889278,5875,5699,5699,-176,-3.0,5875,0,0.0,5699,5699,1399-8-18
672,كپرور,فرآوري زغال سنگ پروده طبس,4,7116,320874672,47465,45092,45092,-2373,-5.0,47449,-16,-0.03,45092,45092,1399-8-18
673,ثتران,سرمايه گذاري مسكن تهران,4,10175,52675975,5449,5177,5177,-272,-4.99,5449,0,0.0,5177,5177,1399-8-18
674,ضملت1125,اختيارخ وبملت-4000-1399/11/28,4,4,2900000,1500,600,900,-600,-40.0,725,-775,-51.67,600,900,1399-8-18
675,ضغدر1118,اختيارخ وغدير-9000-1399/11/26,4,183,386000000,3849,2000,2200,-1649,-42.84,2109,-1740,-45.21,2000,2200,1399-8-18
676,وملت,سرمايه گذاري ملت,4,12391,63528657,5231,5127,5127,-104,-1.99,5230,-1,-0.02,5127,5127,1399-8-18
677,ضپار8014,اختيارخ خپارس-2800-1399/08/18,4,8,17402000,6500,2250,2150,-4350,-66.92,2175,-4325,-66.54,2150,2250,1399-8-18
678,پسهند,صنايع‌ لاستيكي‌  سهند,3,2696,128949680,50340,47830,47830,-2510,-4.99,50330,-10,-0.02,47830,47830,1399-8-18
679,ثشرق,سرمايه گذاري مسكن شمال شرق,3,90952,505693120,5850,5560,5560,-290,-4.96,5850,0,0.0,5560,5560,1399-8-18
680,وساربيل,شركت س استان اردبيل,3,26400,32208000,1280,1220,1220,-60,-4.69,1280,0,0.0,1220,1220,1399-8-18
681,پست0008پ08,پسته فندقي32-30مه ولات0008(پ),3,30,44300000,1450000,1522500,1522500,72500,5.0,1476667,26667,1.84,1385000,1522500,1399-8-18
682,لپيام,گسترش صنايع پيام,3,900,26914500,30829,29905,29905,-924,-3.0,30828,-1,0.0,29905,29905,1399-8-18
683,ضبدر8058,اختيارخ شبندر-25580-1399/08/18,3,4,6000,9,2,1,-8,-88.89,1,-8,-88.89,1,2,1399-8-18
684,ساراب,سيمان‌ داراب‌,3,2886,32842680,11970,11380,11380,-590,-4.93,11970,0,0.0,11380,11380,1399-8-18
685,ضبدر1157,اختيارخ شبندر-20000-1399/11/19,3,7,34002000,4518,4501,5000,482,10.67,4857,339,7.5,4501,5000,1399-8-18
686,حسير,ريل سير كوثر,3,1686,44046750,27499,26125,26125,-1374,-5.0,27498,-1,0.0,26125,26125,1399-8-18
687,ضچاد1016,اختيارخ كچاد-18000-1399/10/02,3,109,57914000,821,500,880,59,7.19,531,-290,-35.32,500,880,1399-8-18
688,حپترو,حمل و نقل پتروشيمي( سهامي عام,3,2032,59801760,30970,29430,29430,-1540,-4.97,30970,0,0.0,29430,29430,1399-8-18
689,وتعاون,بيمه  تعاون,3,78140,466105100,6149,5965,5965,-184,-2.99,6145,-4,-0.07,5965,5965,1399-8-18
690,خفنر,فنرسازي‌خاور,3,1070,19912700,19580,18610,18610,-970,-4.95,19580,0,0.0,18610,18610,1399-8-18
691,زير0003پ01,زيره سبز0003كيميابذر(پ),3,35,16700000,500000,480000,475000,-25000,-5.0,477143,-22857,-4.57,475000,480000,1399-8-18
692,ميهن,بيمه ميهن,3,7317,36548415,5257,4995,4995,-262,-4.98,5257,0,0.0,4995,4995,1399-8-18
693,ضفلا8077,اختيارخ فولاد-9275-1399/08/28,3,17,23590000,4600,2222,1258,-3342,-72.65,1388,-3212,-69.83,1258,2222,1399-8-18
694,وسبوشهر,شركت س استان بوشهر,3,12900,15480000,1260,1200,1200,-60,-4.76,1260,0,0.0,1200,1200,1399-8-18
695,غپآذر,شير پگاه آذربايجان شرقي,3,700,36608600,55050,52298,52298,-2752,-5.0,55048,-2,0.0,52298,52298,1399-8-18
696,لازما,كارخانه هاي صنعتي آزمايش,3,1836,55942920,31091,30470,30470,-621,-2.0,31087,-4,-0.01,30470,30470,1399-8-18
697,ضملي1154,اختيارخ فملي-24336-1399/11/05,3,70,3546000,150,51,50,-100,-66.67,51,-99,-66.0,50,51,1399-8-18
698,ثپرديس,سرمايه گذاري مسكن پرديس,3,1500,16381500,11495,10921,10921,-574,-4.99,11495,0,0.0,10921,10921,1399-8-18
699,ضترا1118,اختيارخ شتران-12000-1399/11/14,3,22,18140000,1238,1100,802,-436,-35.22,825,-413,-33.36,802,1100,1399-8-18
700,سغرب,سيمان‌غرب‌,3,1949,35861600,19360,18400,18400,-960,-4.96,19360,0,0.0,18400,18400,1399-8-18
701,كپشير,پشم‌شيشه‌ايران‌,3,600,10122000,17750,16870,16870,-880,-4.96,17750,0,0.0,16870,16870,1399-8-18
702,حاريا,كشتيراني آريا,3,2038,62923250,31829,30875,30875,-954,-3.0,31826,-3,-0.01,30875,30875,1399-8-18
703,خموتور,موتورسازان‌تراكتورسازي‌ايران‌,3,1950,22620000,12210,11600,11600,-610,-5.0,12210,0,0.0,11600,11600,1399-8-18
704,وسين,بيمه سينا,3,1214,23080568,19599,19012,19012,-587,-3.0,19598,-1,-0.01,19012,19012,1399-8-18
705,شسم,توليد سموم‌ علف‌ كش,3,1360,113428080,81768,83403,83403,1635,2.0,81786,18,0.02,83403,83403,1399-8-18
706,ضبدر1149,اختيارخ شبندر-28000-1399/11/19,3,3,7028000,4178,2500,2214,-1964,-47.01,2343,-1835,-43.92,2214,2500,1399-8-18
707,ضخود1047,اختيارخ خودرو-6000-1399/10/07,3,50,5050000,176,101,101,-75,-42.61,101,-75,-42.61,101,101,1399-8-18
708,ضسپا1101,اختيارخ خساپا-1800-1399/11/26,3,31,17177000,980,800,437,-543,-55.41,554,-426,-43.47,437,800,1399-8-18
709,بالبر,كابل‌ البرز,2,1221,27667860,23850,22660,22660,-1190,-4.99,23850,0,0.0,22660,22660,1399-8-18
710,غشصفا,شيرپاستوريزه‌پگاه‌اصفهان‌,2,1500,45180000,31700,30120,30120,-1580,-4.98,31700,0,0.0,30120,30120,1399-8-18
711,گندم2,مرابحه گندم2-واجدشرايط خاص1400,2,800,780004000,975000,1000000,950010,-24990,-2.56,975005,5,0.0,950010,1000000,1399-8-18
712,ضفلا8085,اختيارخ فولاد-16775-1399/08/28,2,110,210000,10,2,1,-9,-90.0,2,-8,-80.0,1,2,1399-8-18
713,ضملي1149,اختيارخ فملي-12168-1399/11/05,2,21,31500000,3459,1500,1500,-1959,-56.63,1500,-1959,-56.63,1500,1500,1399-8-18
714,ثعتما,س. ساختماني اعتماد گستر,2,1200,37352400,32089,31127,31127,-962,-3.0,32087,-2,-0.01,31127,31127,1399-8-18
715,لخزر,پارس‌ خزر,2,276,56458560,215320,204560,204560,-10760,-5.0,215310,-10,0.0,204560,204560,1399-8-18
716,ضچاد1012,اختيارخ كچاد-10000-1399/10/02,2,25,100000000,5000,4000,4000,-1000,-20.0,4000,-1000,-20.0,4000,4000,1399-8-18
717,ضفلا8054,اختيارخ فولاد-2387-1399/08/28,2,2,26195928,12800,8145,8146,-4654,-36.36,8145,-4655,-36.37,8145,8146,1399-8-18
718,فنوال,نورد آلومينيوم‌,2,400,13412000,35290,33530,33530,-1760,-4.99,35290,0,0.0,33530,33530,1399-8-18
719,ضگل8060,اختيارخ كگل-16100-1399/08/21,2,7,700000,1000,100,100,-900,-90.0,100,-900,-90.0,100,100,1399-8-18
720,زعف9908پ14,زعفران9908پوشالمعمول نوين(پ),2,135,11080000,80333,84000,80000,-333,-0.41,82074,1741,2.17,80000,84000,1399-8-18
721,سخواف,سيمان مجد خواف,2,400,6444400,16609,16111,16111,-498,-3.0,16609,0,0.0,16111,16111,1399-8-18
722,صايپا012,صكوك مرابحه سايپا012-3ماهه 16%,2,2005,2045000005,1025207,1020000,1000001,-25206,-2.46,1019950,-5257,-0.51,1000001,1020000,1399-8-18
723,تملي703,تسهيلات مسكن ب. ملي-خرداد97,2,30,29099550,923796,969985,969985,46189,5.0,969985,46189,5.0,969985,969985,1399-8-18
724,صخود412,ص مرابحه خودرو412- 3ماهه 18%,2,14,13594126,999000,971009,971009,-27991,-2.8,971009,-27991,-2.8,971009,971009,1399-8-18
725,غشوكو,شوكو پارس,2,1200,52945200,45485,44121,44121,-1364,-3.0,45481,-4,-0.01,44121,44121,1399-8-18
726,طمخا7072,اختيارف اخابر-28000-1400/07/28,2,53,509450000,7574,5000,9889,2315,30.57,9612,2038,26.91,5000,9889,1399-8-18
727,اخزا8142,اسنادخزانه-م14بودجه98-010318,2,443306,332479500000,749509,750000,750000,491,0.07,750000,491,0.07,750000,750000,1399-8-18
728,پلاست,كارخانجات توليدي پلاستيران,2,728,29858192,43172,41014,41014,-2158,-5.0,43169,-3,-0.01,41014,41014,1399-8-18
729,پست0008پ09,پسته بادامي30-28مه ولات0008(پ),2,8,13153332,1600000,1644444,1644000,44000,2.75,1644166,44166,2.76,1644000,1644444,1399-8-18
730,ضپنا1020,اختيارخ رمپنا-13406-1399/10/09,2,7,25917500,2600,2500,2500,-100,-3.85,2500,-100,-3.85,2500,2500,1399-8-18
731,دومينو4,اجاره دومينو14040208,2,500,440352020,897621,897601,880000,-17621,-1.96,880704,-16917,-1.88,880000,897601,1399-8-18
732,ضسپا8015,اختيارخ خساپا-1900-1399/08/26,2,30,6000000,403,200,200,-203,-50.37,200,-203,-50.37,200,200,1399-8-18
733,فبيرا,بسته‌ بندي‌ ايران‌,2,3245,15926460,5059,4908,4908,-151,-2.98,5059,0,0.0,4908,4908,1399-8-18
734,كايتا,ايتالران‌,2,5761,54994506,9268,9546,9546,278,3.0,9269,1,0.01,9546,9546,1399-8-18
735,ضگل8066,اختيارخ كگل-25100-1399/08/21,2,27,27000,1,1,1,0,0.0,1,0,0.0,1,1,1399-8-18
736,وسخراش,شركت س استان خراسان شمالي,2,27000,35910000,1390,1330,1330,-60,-4.32,1390,0,0.0,1330,1330,1399-8-18
737,بسويچ,پارس‌سويچ‌,2,1480,60295200,42880,40740,40740,-2140,-4.99,42880,0,0.0,40740,40740,1399-8-18
738,ضچاد1017,اختيارخ كچاد-20000-1399/10/02,2,53,26488000,501,499,500,-1,-0.2,500,-1,-0.2,499,500,1399-8-18
739,ضپار1115,اختيارخ خپارس-5000-1399/11/19,2,17,13600000,9500,800,800,-8700,-91.58,800,-8700,-91.58,800,800,1399-8-18
740,سمايه,بانك سرمايه,2,1085,10039505,9539,9253,9253,-286,-3.0,9539,0,0.0,9253,9253,1399-8-18
741,اوصتا4,صندوق انديشه ورزان صباتامين -د,2,21800000,370382000000,16702,16990,16990,288,1.72,16990,288,1.72,16990,16990,1399-8-18
742,ضگل8065,اختيارخ كگل-23100-1399/08/21,2,15,15000,2,1,1,-1,-50.0,1,-1,-50.0,1,1,1399-8-18
743,ضفلا8080,اختيارخ فولاد-11775-1399/08/28,2,10,1680000,591,200,120,-471,-79.7,168,-423,-71.57,120,200,1399-8-18
744,خوساز,محورسازان‌ايران‌خودرو,2,14570,127050400,9170,8720,8720,-450,-4.91,9170,0,0.0,8720,8720,1399-8-18
745,واتي,سرمايه‌ گذاري‌ آتيه‌ دماوند,2,1000,13240000,13930,13240,13240,-690,-4.95,13930,0,0.0,13240,13240,1399-8-18
746,ضفلا8090,اختيارخ فولاد-23775-1399/08/28,2,10,10000,10,1,1,-9,-90.0,1,-9,-90.0,1,1,1399-8-18
747,ضخود1040,اختيارخ خودرو-2000-1399/10/07,2,6,7800000,1499,1300,1300,-199,-13.28,1300,-199,-13.28,1300,1300,1399-8-18
748,ومشان,س. فني و مهندسي مشانير,2,920,52871480,59246,57469,57469,-1777,-3.0,59241,-5,-0.01,57469,57469,1399-8-18
749,ضسپا8021,اختيارخ خساپا-3000-1399/08/26,2,20,1600000,51,80,80,29,56.86,80,29,56.86,80,80,1399-8-18
750,شستا993,اجاره ت.اجتماعي-كاردان991226,2,342,338580000,997417,990000,990000,-7417,-0.74,990000,-7417,-0.74,990000,990000,1399-8-18
751,ضفلا8078,اختيارخ فولاد-9775-1399/08/28,2,12,18011000,2801,1501,1500,-1301,-46.45,1501,-1300,-46.41,1500,1501,1399-8-18
752,غالبر,لبنيات‌ كالبر,2,2000,24220000,12740,12110,12110,-630,-4.95,12740,0,0.0,12110,12110,1399-8-18
753,چافست,افست‌,2,604,15196640,26480,25160,25160,-1320,-4.98,26480,0,0.0,25160,25160,1399-8-18
754,ضسپا1103,اختيارخ خساپا-2500-1399/11/26,2,30,8540000,529,400,227,-302,-57.09,285,-244,-46.12,227,400,1399-8-18
755,همپنا912,اختيارف ت مپنا-23410-99/12/11,2,1605,9814575,3242,6115,6115,2873,88.62,6115,2873,88.62,6115,6115,1399-8-18
756,پست9908-04,پسته فندقي32-30سبزدانه9908,2,9,11573577,1349960,1285953,1285953,-64007,-4.74,1285953,-64007,-4.74,1285953,1285953,1399-8-18
757,ضصاد1105,اختيارخ وبصادر-5000-1399/11/12,2,20,6400000,164,320,320,156,95.12,320,156,95.12,320,320,1399-8-18
758,سيلام,سيمان‌ ايلام‌,2,1477,15050630,10720,10190,10190,-530,-4.94,10720,0,0.0,10190,10190,1399-8-18
759,سرود,سيمان‌شاهرود,2,3000,40980000,14370,13660,13660,-710,-4.94,14370,0,0.0,13660,13660,1399-8-18
760,وپسا,س. پتروشيمي ساختمان  خليج فارس,2,3050,15176800,5129,4976,4976,-153,-2.98,5129,0,0.0,4976,4976,1399-8-18
761,ضغدر8048,اختيارخ وغدير-22000-1399/08/26,2,15,105000,10,1,10,0,0.0,7,-3,-30.0,1,10,1399-8-18
762,وسمركز,شركت س استان مركزي,2,7800,10374000,1400,1330,1330,-70,-5.0,1400,0,0.0,1330,1330,1399-8-18
763,ثرود,سرمايه‌گذاري مسكن زاينده رود,2,864,10325664,12579,11951,11951,-628,-4.99,12579,0,0.0,11951,11951,1399-8-18
764,خكمك,كمك‌فنرايندامين‌,2,408,21171120,54620,51890,51890,-2730,-5.0,54620,0,0.0,51890,51890,1399-8-18
765,زعف9908پ09,زعفران9908نگين نوين(پ),2,1034,86856000,86853,84000,84000,-2853,-3.28,84000,-2853,-3.28,84000,84000,1399-8-18
766,ثغرب,شركت سرمايه گذاري مسكن شمالغرب,2,1762,22768564,13602,12922,12922,-680,-5.0,13602,0,0.0,12922,12922,1399-8-18
767,ضغدر8013,اختيارخ وغدير-1910-1399/08/26,2,16,118424000,2397,7103,7700,5303,221.23,7401,5004,208.76,7103,7700,1399-8-18
768,تكنو,تكنوتار,2,1250,18250000,15360,14600,14600,-760,-4.95,15360,0,0.0,14600,14600,1399-8-18
769,فملي2,ملي‌ صنايع‌ مس‌ ايران‌,2,7100000,140367000000,20810,19770,19770,-1040,-5.0,19770,-1040,-5.0,19770,19770,1399-8-18
770,ضغدر8031,اختيارخ وغدير-7010-1399/08/26,2,19,38038000,3845,2002,2002,-1843,-47.93,2002,-1843,-47.93,2002,2002,1399-8-18
771,ضسپا8019,اختيارخ خساپا-2600-1399/08/26,2,20,6000000,199,300,300,101,50.75,300,101,50.75,300,300,1399-8-18
772,تصميم2,صندوق س با درآمد ثابت تصميم,2,2000000,2000000,14815,1,1,-14814,-99.99,1,-14814,-99.99,1,1,1399-8-18
773,ضفلا1154,اختيارخ فولاد-12000-1399/11/28,2,33,49497000,1957,1500,1499,-458,-23.4,1500,-457,-23.35,1499,1500,1399-8-18
774,شستا992,اجاره تامين اجتماعي-سپهر991226,2,105,105950005,1000000,990001,1010000,10000,1.0,1009048,9048,0.9,990001,1010000,1399-8-18
775,مشهد0012,مشاركت شهرداري مشهد-3ماهه20%,1,6868,6868000000,990000,1000000,1000000,10000,1.01,1000000,10000,1.01,1000000,1000000,1399-8-18
776,صفارس147,صكوك اجاره فارس147- 3ماهه18%,1,300,315000000,1050000,1050000,1050000,0,0.0,1050000,0,0.0,1050000,1050000,1399-8-18
777,ضبدر8057,اختيارخ شبندر-23580-1399/08/18,1,4,400000,18571,100,100,-18471,-99.46,100,-18471,-99.46,100,100,1399-8-18
778,كگاز2,شيشه‌ و گاز,1,5900000,140420000000,25050,23800,23800,-1250,-4.99,23800,-1250,-4.99,23800,23800,1399-8-18
779,غمهرا,توليدي‌مهرام‌,1,120,5653200,49580,47110,47110,-2470,-4.98,49580,0,0.0,47110,47110,1399-8-18
780,تملي803,تسهيلات مسكن ب. ملي-خرداد98,1,7,2784222,378806,397746,397746,18940,5.0,397746,18940,5.0,397746,397746,1399-8-18
781,وايران,ليزينگ ايرانيان,1,1000,9250000,9730,9250,9250,-480,-4.93,9730,0,0.0,9250,9250,1399-8-18
782,شستا994,اجاره تامين اجتماعي-نوين991226,1,10,9727010,972702,972701,972701,-1,0.0,972701,-1,0.0,972701,972701,1399-8-18
783,ضگل8057,اختيارخ كگل-13100-1399/08/21,1,1,12000,2000,12,12,-1988,-99.4,12,-1988,-99.4,12,12,1399-8-18
784,وسگلستا,شركت س استان گلستان,1,4500,5310000,1240,1180,1180,-60,-4.84,1240,0,0.0,1180,1180,1399-8-18
785,صايپا908,صكوك مرابحه سايپا908-3ماهه 18%,1,5,4950000,1003986,990000,990000,-13986,-1.39,990000,-13986,-1.39,990000,990000,1399-8-18
786,ضغدر8021,اختيارخ وغدير-3510-1399/08/26,1,8,44040000,7514,5505,5505,-2009,-26.74,5505,-2009,-26.74,5505,5505,1399-8-18
787,ضفلا1151,اختيارخ فولاد-8000-1399/11/28,1,1,4800000,1,4800,4800,4799,479900.0,4800,4799,479900.0,4800,4800,1399-8-18
788,ضفلا8084,اختيارخ فولاد-15775-1399/08/28,1,4,120000,174,30,30,-144,-82.76,30,-144,-82.76,30,30,1399-8-18
789,زعف9908پ08,زعفران9908نگين روستا(پ),1,2,172598,86931,86299,86299,-632,-0.73,86299,-632,-0.73,86299,86299,1399-8-18
790,خنصير,مهندسي‌نصيرماشين‌,1,150,7108500,49880,47390,47390,-2490,-4.99,49880,0,0.0,47390,47390,1399-8-18
791,اخزا716,اسنادخزانه-م16بودجه97-000407,1,1219,1090443041,895017,894539,894539,-478,-0.05,894539,-478,-0.05,894539,894539,1399-8-18
792,اراد22,مرابحه عام دولت2-ش.خ لوتوس0212,1,2000,1690000000,835000,845000,845000,10000,1.2,845000,10000,1.2,845000,845000,1399-8-18
793,زير0003پ04,زيره سبز0003شركت مينوبذر(پ),1,15,7125000,497282,475000,475000,-22282,-4.48,475000,-22282,-4.48,475000,475000,1399-8-18
794,افاد53,منفعت دولت5-ش.خاص كاريزما0108,1,500,443625000,845000,887250,887250,42250,5.0,887250,42250,5.0,887250,887250,1399-8-18
795,وسالت,بانك قرض الحسنه رسالت,1,1300,5570500,4161,4285,4285,124,2.98,4161,0,0.0,4285,4285,1399-8-18
796,شپديس2,پتروشيمي پرديس,1,386000,32779120000,89380,84920,84920,-4460,-4.99,84920,-4460,-4.99,84920,84920,1399-8-18
797,وپاسار2,بانك  پاسارگاد,1,10370348,88251661480,8950,8510,8510,-440,-4.92,8510,-440,-4.92,8510,8510,1399-8-18
798,سنير,سيمان‌ سفيد ني‌ريز,1,65,5108350,82720,78590,78590,-4130,-4.99,82720,0,0.0,78590,78590,1399-8-18
799,ضسپا1100,اختيارخ خساپا-1600-1399/11/26,1,9,5850000,1500,650,650,-850,-56.67,650,-850,-56.67,650,650,1399-8-18
800,ضچاد1013,اختيارخ كچاد-12000-1399/10/02,1,20,50000000,6000,2500,2500,-3500,-58.33,2500,-3500,-58.33,2500,2500,1399-8-18
801,ضغدر8045,اختيارخ وغدير-18000-1399/08/26,1,26,26000,1,1,1,0,0.0,1,0,0.0,1,1,1399-8-18
802,سپرمي,پرميت‌,1,700,5801600,8457,8288,8288,-169,-2.0,8457,0,0.0,8288,8288,1399-8-18
803,شمواد,توليد مواداوليه الياف مصنوعي,1,267,16425039,64754,61517,61517,-3237,-5.0,64751,-3,0.0,61517,61517,1399-8-18
804,افاد51,منفعت دولت5-ش.خاص كاردان0108,1,500,500000000,966000,1000000,1000000,34000,3.52,1000000,34000,3.52,1000000,1000000,1399-8-18
805,عفولاد3,اوراق سلف موازي ورق گرم فولاد,1,100,80181300,784675,801813,801813,17138,2.18,801813,17138,2.18,801813,801813,1399-8-18
806,چكاوه,صنايع‌كاغذسازي‌كاوه‌,1,1000,35490000,37350,35490,35490,-1860,-4.98,37350,0,0.0,35490,35490,1399-8-18
807,ضغدر8043,اختيارخ وغدير-16000-1399/08/26,1,10,100000,15,10,10,-5,-33.33,10,-5,-33.33,10,10,1399-8-18
808,ضمخا7075,اختيارخ اخابر-9000-1400/07/28,1,5,14495000,1,2899,2899,2898,289800.0,2899,2898,289800.0,2899,2899,1399-8-18
809,ضغدر8047,اختيارخ وغدير-20000-1399/08/26,1,6,6000,1,1,1,0,0.0,1,0,0.0,1,1,1399-8-18
810,ضغدر8037,اختيارخ وغدير-10000-1399/08/26,1,5,505000,900,101,101,-799,-88.78,101,-799,-88.78,101,101,1399-8-18
811,اخزا9042,اسنادخزانه-م4بودجه99-011215,1,1000000,640000000000,637111,640000,640000,2889,0.45,640000,2889,0.45,640000,640000,1399-8-18
812,شرنگي,شيميايي رنگين,1,50,5214600,107517,104292,104292,-3225,-3.0,107516,-1,0.0,104292,104292,1399-8-18
813,ضملت8033,اختيارخ وبملت-6272-1399/08/28,1,1,20705,19,5,5,-14,-73.68,5,-14,-73.68,5,5,1399-8-18
814,ضفلا8071,اختيارخ فولاد-6275-1399/08/28,1,1,3549000,4080,3549,3549,-531,-13.01,3549,-531,-13.01,3549,3549,1399-8-18
815,سخند4,صندوق س.سپهرخبرگان نفت-د,1,50000000,498650000000,10002,9973,9973,-29,-0.29,9973,-29,-0.29,9973,9973,1399-8-18
816,پكويرح,ح. كوير تاير,1,500,5250000,10510,10500,10500,-10,-0.1,10500,-10,-0.1,10500,10500,1399-8-18
817,صايند2,صندوق س. گنجينه آينده روشن-د,1,1000000,1000000,9910,1,1,-9909,-99.99,1,-9909,-99.99,1,1,1399-8-18
818,ثنظام,س. ساختماني نظام مهندسي ايران,1,1232,52406816,43853,42538,42538,-1315,-3.0,43849,-4,-0.01,42538,42538,1399-8-18
819,طمخا7068,اختيارف اخابر-16000-1400/07/28,1,12,8376000,514,698,698,184,35.8,698,184,35.8,698,698,1399-8-18
820,ضسپا8011,اختيارخ خساپا-1500-1399/08/26,1,3,1356000,1150,452,452,-698,-60.7,452,-698,-60.7,452,452,1399-8-18
821,دسينا2,داروسازي‌ سينا,1,1444628,37126939600,25700,25700,25700,0,0.0,25700,0,0.0,25700,25700,1399-8-18
822,ضغدر8041,اختيارخ وغدير-14000-1399/08/26,1,5,5000,200,1,1,-199,-99.5,1,-199,-99.5,1,1,1399-8-18
823,اجاد3,اجاره دولت-واجدشرايط خاص991118,1,20000,19999980000,976050,999999,999999,23949,2.45,999999,23949,2.45,999999,999999,1399-8-18
824,ضسپا8007,اختيارخ خساپا-1100-1399/08/26,1,30,25590000,1200,853,853,-347,-28.92,853,-347,-28.92,853,853,1399-8-18
825,هصند911,اختيارف ت صندوق-19926-99/11/29,1,48,232368,3146,4841,4841,1695,53.88,4841,1695,53.88,4841,4841,1399-8-18
826,ضگل8067,اختيارخ كگل-26000-1399/08/21,1,100,100000,1,1,1,0,0.0,1,0,0.0,1,1,1399-8-18
827,بتك,كارخانجات كابل سازي‌ تك‌,1,696,23904816,33673,34346,34346,673,2.0,33675,2,0.01,34346,34346,1399-8-18
828,ضترا1127,اختيارخ شتران-8000-1399/11/14,1,5,12500000,1,2500,2500,2499,249900.0,2500,2499,249900.0,2500,2500,1399-8-18
829,اجاد24,اجاره دولتي آپرورش-نوين991118,1,1732,1749320000,1010000,1010000,1010000,0,0.0,1010000,0,0.0,1010000,1010000,1399-8-18
830,لخانه,لوازم‌ خانگي‌ پارس‌,1,125,6957375,58588,55659,55659,-2929,-5.0,58587,-1,0.0,55659,55659,1399-8-18
831,ضمخا7068,اختيارخ اخابر-16000-1400/07/28,1,1,1800000,2500,1800,1800,-700,-28.0,1800,-700,-28.0,1800,1800,1399-8-18
832,ضغدر8034,اختيارخ وغدير-8500-1399/08/26,1,1,504000,2221,504,504,-1717,-77.31,504,-1717,-77.31,504,504,1399-8-18
833,دارا4,صندوق س. دارا الگوريتم-د,1,2000000,20050000000,10024,10025,10025,1,0.01,10025,1,0.01,10025,10025,1399-8-18
834,خفناور,مهندسي صنعتي روان فن آور,1,448,10799936,24852,24107,24107,-745,-3.0,24852,0,0.0,24107,24107,1399-8-18
835,زعف9908پ12,زعفران9908پوشالمعمول سحرخيز(پ),1,72,6073128,88000,84349,84349,-3651,-4.15,84349,-3651,-4.15,84349,84349,1399-8-18
836,فنفت,صنايع تجهيزات نفت,1,400,5638400,14531,14096,14096,-435,-2.99,14531,0,0.0,14096,14096,1399-8-18
837,پست9908-08,پسته فندقي32-30زرينمه ولات9908,1,10,11700000,1200083,1170000,1170000,-30083,-2.51,1170000,-30083,-2.51,1170000,1170000,1399-8-18
838,ضملت8026,اختيارخ وبملت-3857-1399/08/28,1,20,33293640,1143,402,402,-741,-64.83,402,-741,-64.83,402,402,1399-8-18
839,فنرژي,گسترش صنايع انرژي آذرآب,1,936,9958104,10856,10639,10639,-217,-2.0,10856,0,0.0,10639,10639,1399-8-18
840,ساذري,آذريت‌,1,230,1372640,5795,5968,5968,173,2.99,5795,0,0.0,5968,5968,1399-8-18
841,ضملت1123,اختيارخ وبملت-3000-1399/11/28,1,1,2000000,2300,2000,2000,-300,-13.04,2000,-300,-13.04,2000,2000,1399-8-18
842,كيش1402,اجاره س. و توسعه كيش14020820,1,10,10001000,1000093,1000100,1000100,7,0.0,1000100,7,0.0,1000100,1000100,1399-8-18
843,فولاد2,فولاد مباركه اصفهان,1,10000000,116900000000,12300,11690,11690,-610,-4.96,11690,-610,-4.96,11690,11690,1399-8-18
844,سايرا,ايرانيت‌,1,172,6092240,36142,35420,35420,-722,-2.0,36142,0,0.0,35420,35420,1399-8-18
845,اخزا7042,اسنادخزانه-م4بودجه97-991022,1,700000,679980000000,971670,971400,971400,-270,-0.03,971400,-270,-0.03,971400,971400,1399-8-18
846,پارتا,مجتمع‌صنعتي‌آرتاويل‌تاير,1,2800,168490000,62036,60175,60175,-1861,-3.0,62025,-11,-0.02,60175,60175,1399-8-18
847,غبهار,كشت وصنعت بهاران گلبهار خراسان,1,185,6741400,37566,36440,36440,-1126,-3.0,37566,0,0.0,36440,36440,1399-8-18
848,كمند2,صندوق س. با درآمد ثابت كمند,1,10000000,10000000,10037,1,1,-10036,-99.99,1,-10036,-99.99,1,1,1399-8-18
849,سخزر,سيمان‌ خزر,1,220,5352600,25610,24330,24330,-1280,-5.0,25610,0,0.0,24330,24330,1399-8-18
850,طمخا7071,اختيارف اخابر-24000-1400/07/28,1,15,104220000,5421,6948,6948,1527,28.17,6948,1527,28.17,6948,6948,1399-8-18
851,خراسان2,پتروشيمي خراسان,1,1500000,95775000000,67210,63850,63850,-3360,-5.0,63850,-3360,-5.0,63850,63850,1399-8-18
