,نماد,نام,تعداد,حجم,ارزش,دیروز,اولین,آخرین معامله - مقدار,آخرین معامله - تغییر,آخرین معامله - درصد,قیمت پایانی - مقدار,قیمت پایانی - تغییر,قیمت پایانی - درصد,کمترین,بیشترین,تاریخ
0,بپيوند,برق و انرژي پيوندگستر پارس,316161,47164221,1230900364779,25309,25999,26574,1265,5.0,26098,789,3.12,24044,26574,1399-7-16
1,بگيلان,توسعه مسير برق گيلان,212820,26214380,868816874137,33202,33468,33500,298,0.9,33143,-59,-0.18,31542,34800,1399-7-16
2,زملارد,كشاورزي و دامپروري ملارد شير,191982,18539185,807269140400,43841,41649,46033,2192,5.0,43544,-297,-0.68,41649,46033,1399-7-16
3,آبادا,توليد نيروي برق آبادان,112834,21635592,525536829680,23780,24770,24960,1180,4.96,24290,510,2.14,22700,24960,1399-7-16
4,دارا يكم,صندوق واسطه گري مالي يكم-سهام,98818,47451409,10668332641970,220800,230000,221440,640,0.29,224830,4030,1.83,211520,233000,1399-7-16
5,گدنا,تهيه توزيع غذاي دنا آفرين فدك,76949,837752,11463798368,13033,13684,13684,651,5.0,13171,138,1.06,13684,13684,1399-7-16
6,ثبهساز,بهساز كاشانه تهران,64442,285057860,1094368775070,3740,3910,3900,160,4.28,3840,100,2.67,3650,3920,1399-7-16
7,شاروم,پتروشيمي اروميه,56607,988012,15777563628,15209,15969,15969,760,5.0,15431,222,1.46,15969,15969,1399-7-16
8,غزر,صنعتي زر ماكارون,54929,4505390,259486610870,57010,58500,57560,550,0.96,57590,580,1.02,55500,59800,1399-7-16
9,فولاد,فولاد مباركه اصفهان,53829,210699577,3793241143150,17860,18280,18060,200,1.12,18000,140,0.78,17550,18460,1399-7-16
10,امين,تامين سرمايه امين,49253,33426768,464625320080,13580,14000,13820,240,1.77,13900,320,2.36,13210,14250,1399-7-16
11,ثاميد,توسعه و عمران اميد,48128,299943176,832944223100,2650,2780,2780,130,4.91,2780,130,4.91,2650,2780,1399-7-16
12,پترول,گروه پتروشيمي س. ايرانيان,47536,177405862,3068700837890,17640,17700,17050,-590,-3.34,17300,-340,-1.93,16800,18250,1399-7-16
13,وسپهر,سرمايه گذاري مالي سپهرصادرات,47421,73108153,1123526095304,14637,15368,15368,731,4.99,15368,731,4.99,15368,15368,1399-7-16
14,فملي,ملي‌ صنايع‌ مس‌ ايران‌,41359,81883422,2345841349650,28270,28900,28520,250,0.88,28650,380,1.34,28020,29530,1399-7-16
15,رافزا,رايان هم افزا,38983,227324,7330517028,30712,32247,32247,1535,5.0,30923,211,0.69,32247,32247,1399-7-16
16,شگويا,پتروشيمي تندگويان,38430,117387531,1960295231815,17044,17375,16445,-599,-3.51,16699,-345,-2.02,16200,17490,1399-7-16
17,آريا,پليمر آريا ساسول,35517,6264490,1121777030908,171585,177998,180164,8579,5.0,179069,7484,4.36,173000,180164,1399-7-16
18,وتجارت,بانك تجارت,32212,883273864,2945718123890,3210,3290,3370,160,4.98,3330,120,3.74,3220,3370,1399-7-16
19,وبصادر,بانك صادرات ايران,32129,918688650,3962598773290,4180,4320,4380,200,4.78,4310,130,3.11,4120,4380,1399-7-16
20,سيتا,سرمايه گذاري سيمان تامين,28696,84620994,1811745509490,20400,21420,21420,1020,5.0,21410,1010,4.95,20580,21420,1399-7-16
21,ولپارس,ليزينگ پارسيان,28062,2075627,9070489990,4170,4370,4370,200,4.8,4200,30,0.72,4370,4370,1399-7-16
22,چكاپا,گروه صنايع كاغذ پارس,27127,226881476,1929590991060,8530,8680,8790,260,3.05,8500,-30,-0.35,8110,8890,1399-7-16
23,صباح,ح . سرمايه گذاري صبا تامين,26517,102282348,837077876849,7847,8050,8239,392,5.0,8184,337,4.29,7650,8239,1399-7-16
24,شبندر,پالايش نفت بندرعباس,23356,69684041,2619510419250,36000,37500,37800,1800,5.0,37590,1590,4.42,36500,37800,1399-7-16
25,صبا,سرمايه گذاري صبا تامين,19079,72094218,796794932454,10571,11000,11099,528,4.99,11052,481,4.55,10631,11099,1399-7-16
26,وبملت,بانك ملت,18802,663468354,3886232321170,5590,5860,5860,270,4.83,5860,270,4.83,5700,5860,1399-7-16
27,خگستر,گسترش‌سرمايه‌گذاري‌ايران‌خودرو,17676,327981743,1625645162710,4730,4960,4960,230,4.86,4960,230,4.86,4820,4960,1399-7-16
28,وغدير,سرمايه‌گذاري‌غدير(هلدينگ‌,17355,62696051,1009103421600,15960,16400,15960,0,0.0,16100,140,0.88,15500,16600,1399-7-16
29,وتوصا,گروه س توسعه صنعتي ايران,16443,84208818,1075932086460,13080,12430,13730,650,4.97,12780,-300,-2.29,12430,13730,1399-7-16
30,ساوه,سيمان ساوه,15570,6304554,470453758323,73554,77231,73900,346,0.47,74621,1067,1.45,69877,77231,1399-7-16
31,شصدفح,ح . صنعتي دوده فام,13803,4476900,83010726339,17883,18700,18420,537,3.0,18542,659,3.69,18080,18777,1399-7-16
32,وخارزم,سرمايه گذاري خوارزمي,13739,76480099,981247273440,12430,13000,12850,420,3.38,12830,400,3.22,12200,13040,1399-7-16
33,كويرح,ح. توليدي فولاد سپيد فراب كوير,13310,86072320,901199567600,11080,10900,11110,30,0.27,10470,-610,-5.51,9970,12000,1399-7-16
34,دي,بانك دي,12884,41180333,2093732538689,48465,50888,50888,2423,5.0,50843,2378,4.91,49000,50888,1399-7-16
35,ثنوسا,نوسازي‌وساختمان‌تهران‌,12481,100609647,1164618940640,11540,12100,11910,370,3.21,11580,40,0.35,10970,12100,1399-7-16
36,غگيلا,شيرپاستوريزه پگاه گيلان,12352,414349,6868663373,15788,16577,16577,789,5.0,15891,103,0.65,16577,16577,1399-7-16
37,مدير,ص.س.مديريت ثروت ص.بازنشستگي-س,12092,53113394,716736147042,13842,14366,13180,-662,-4.78,13494,-348,-2.51,12900,14700,1399-7-16
38,تاپيكو,س. نفت و گاز و پتروشيمي تأمين,12021,39930173,851120052460,21120,21800,21120,0,0.0,21320,200,0.95,20650,22100,1399-7-16
39,انرژي3,سايراشخاص بورس انرژي,11183,4374997,1521760655340,342520,325400,359640,17120,5.0,347830,5310,1.55,325400,359640,1399-7-16
40,فارس,صنايع پتروشيمي خليج فارس,10436,29011788,861210073390,29080,30000,29830,750,2.58,29680,600,2.06,29080,30350,1399-7-16
41,فاراك,ماشين‌ سازي‌ اراك‌,10296,92534689,841917608290,8730,9160,9160,430,4.93,9100,370,4.24,8790,9160,1399-7-16
42,ذوب,سهامي ذوب آهن  اصفهان,9735,171852116,1047776551805,5807,6097,6097,290,4.99,6097,290,4.99,6070,6097,1399-7-16
43,وساپا,سرمايه‌گذاري‌ سايپا,9399,72033787,783136972190,10410,10930,10930,520,5.0,10870,460,4.42,10480,10930,1399-7-16
44,خپارس,پارس‌ خودرو,9232,106696403,936556577720,8400,8820,8820,420,5.0,8780,380,4.52,8250,8820,1399-7-16
45,خاذين,سايپاآذين‌,8829,68966595,523506793870,7790,7900,7420,-370,-4.75,7590,-200,-2.57,7410,8100,1399-7-16
46,ثفارس,عمران‌وتوسعه‌فارس‌,8572,55657534,525823276090,9630,10110,9350,-280,-2.91,9450,-180,-1.87,9150,10110,1399-7-16
47,غنوش,نوش‌ مازندران‌,8322,14703523,1147491801020,81950,77860,77860,-4090,-4.99,78040,-3910,-4.77,77860,80950,1399-7-16
48,فاسمين,كالسيمين‌,7112,9000919,514226055800,57450,58600,56180,-1270,-2.21,57130,-320,-0.56,56010,59550,1399-7-16
49,شلرد,كود شيميايي اوره لردگان,7053,67424397,632946181138,9563,9300,9419,-144,-1.51,9387,-176,-1.84,9277,9790,1399-7-16
50,پترولح,ح . گروه پتروشيمي س. ايرانيان,6848,33366517,519290605390,15880,16500,15330,-550,-3.46,15560,-320,-2.02,15000,16500,1399-7-16
51,فخوز,فولاد  خوزستان,6590,15309109,614133677580,39930,40300,39920,-10,-0.03,40120,190,0.48,39000,41470,1399-7-16
52,خبهمن,گروه‌بهمن‌,6566,30983150,784066142710,24430,25640,25540,1110,4.54,25310,880,3.6,24300,25650,1399-7-16
53,فروي,ذوب روي اصفهان,6447,4863482,305644571776,60630,63200,63200,2570,4.24,62845,2215,3.65,61000,63300,1399-7-16
54,غشهداب,كشت و صنعت شهداب ناب خراسان,6237,50294512,260652264090,5332,5598,5066,-266,-4.99,5183,-149,-2.79,5066,5598,1399-7-16
55,دماوند,توليد نيروي برق دماوند,6219,11753496,862746365864,70192,73701,73701,3509,5.0,73403,3211,4.57,70406,73701,1399-7-16
56,وبرق,س.کارکنان صنعت برق زنجان وقزوي,5712,4623063,943664642972,203170,197075,209265,6095,3.0,204121,951,0.47,197075,209265,1399-7-16
57,خمحركه,نيرو محركه‌,5620,68683232,564584006050,7850,8240,8240,390,4.97,8220,370,4.71,7900,8240,1399-7-16
58,ورنا,سرمايه‌گذاري‌ رنا(هلدينگ‌,5615,35832260,376095771880,10090,10480,10590,500,4.96,10500,410,4.06,10100,10590,1399-7-16
59,آگاس,صندوق س.هستي بخش آگاه-س,5570,5236439,399228467671,77844,78000,75505,-2339,-3.0,76240,-1604,-2.06,74600,78250,1399-7-16
60,شصدف,صنعتي دوده فام,5486,179780,3919204000,20762,21800,21800,1038,5.0,20839,77,0.37,21800,21800,1399-7-16
61,فرابورس,فرابورس ايران,5397,9034243,561917966117,60069,63040,62000,1931,3.21,62199,2130,3.55,60000,63072,1399-7-16
62,ونيرو,سرمايه‌گذاري‌نيرو,5342,61319346,359907434470,6010,6050,5710,-300,-4.99,5870,-140,-2.33,5710,6100,1399-7-16
63,كاوه,فولاد كاوه جنوب كيش,5335,31353444,725484138360,22410,23000,22870,460,2.05,23140,730,3.26,22450,23530,1399-7-16
64,خريخت,صنايع‌ريخته‌گري‌ايران‌,5335,52716048,289229373310,5620,5560,5600,-20,-0.36,5490,-130,-2.31,5340,5790,1399-7-16
65,وپاسار,بانك  پاسارگاد,5251,50901449,529164878890,10230,10500,10650,420,4.11,10400,170,1.66,9990,10650,1399-7-16
66,تكمبا,كمباين‌ سازي‌ ايران‌,5173,34224508,359680482200,10510,10100,11030,520,4.95,10510,0,0.0,10000,11030,1399-7-16
67,كچاد,معدني‌وصنعتي‌چادرملو,4894,16565686,329474586670,19930,20470,19700,-230,-1.15,19890,-40,-0.2,19510,20470,1399-7-16
68,ونوين,بانك‌اقتصادنوين‌,4848,175215633,868817636110,4740,4970,4970,230,4.85,4960,220,4.64,4880,4970,1399-7-16
69,ارفع,شركت آهن و فولاد ارفع,4812,17550736,303769758988,17500,18000,17051,-449,-2.57,17308,-192,-1.1,16640,18000,1399-7-16
70,وبانك,سرمايه گذاري گروه توسعه ملي,4796,26294528,336580182280,12250,12860,12860,610,4.98,12800,550,4.49,12300,12860,1399-7-16
71,كمند,صندوق س. با درآمد ثابت كمند,4759,213035877,2137139789270,10170,10020,10030,-140,-1.38,10030,-140,-1.38,10010,10050,1399-7-16
72,بپاس,بيمه پاسارگاد,4643,7878037,538846069157,68541,69450,68541,0,0.0,68399,-142,-0.21,67000,69500,1399-7-16
73,حفارس,حمل و نقل بين المللي خليج فارس,4619,38655668,201776170370,5390,5420,5200,-190,-3.53,5220,-170,-3.15,5130,5600,1399-7-16
74,وملل,اعتباري ملل,4536,34059205,540412231460,15447,16200,15740,293,1.9,15867,420,2.72,15360,16219,1399-7-16
75,كگل,معدني و صنعتي گل گهر,4516,15065856,331871395580,21950,22790,21950,0,0.0,22030,80,0.36,21680,22790,1399-7-16
76,گكوثر,هتل پارسيان كوثر اصفهان,4173,2462295,434575214138,175662,166881,182500,6838,3.89,176492,830,0.47,166881,184000,1399-7-16
77,وصنعت,سرمايه گذاري توسعه صنعت وتجارت,4122,24053443,225838200310,9000,9450,9450,450,5.0,9390,390,4.33,8920,9450,1399-7-16
78,وگردش,بانك گردشگري,4096,38573871,759141872440,20101,20200,19640,-461,-2.29,19680,-421,-2.09,19498,20505,1399-7-16
79,سپاها,سيمان‌سپاهان‌,4038,27312211,275288358910,9730,10210,10210,480,4.93,10080,350,3.6,9300,10210,1399-7-16
80,بورس,بورس اوراق بهادار تهران,4027,5598507,299101324100,51510,52000,54080,2570,4.99,53430,1920,3.73,49580,54080,1399-7-16
81,سمگا,گروه سرمايه گذاري ميراث فرهنگي,4014,64199122,1424295894486,21141,22198,22198,1057,5.0,22186,1045,4.94,21150,22198,1399-7-16
82,خودرو,ايران‌ خودرو,3991,182381376,592739472000,3100,3250,3250,150,4.84,3250,150,4.84,3250,3250,1399-7-16
83,وليز,ليزينگ‌ايران‌,3986,21402367,204408334300,9830,9800,9340,-490,-4.98,9550,-280,-2.85,9340,10060,1399-7-16
84,ومهان,گروه توسعه مالي مهر آيندگان,3929,14310547,267462551703,18460,19170,18550,90,0.49,18690,230,1.25,18110,19170,1399-7-16
85,كوير,توليدي فولاد سپيد فراب كوير,3832,18416975,282904757260,14840,15580,15580,740,4.99,15360,520,3.5,14390,15580,1399-7-16
86,كماسه,تامين‌ ماسه‌ ريخته‌گري‌,3813,3770544,233383304060,59420,62000,62390,2970,5.0,61900,2480,4.17,59700,62390,1399-7-16
87,خاهن,آهنگري‌ تراكتورسازي‌ ايران‌,3755,13020490,372342783270,29830,29820,28700,-1130,-3.79,28600,-1230,-4.12,28340,29820,1399-7-16
88,ختوقا,قطعات‌ اتومبيل‌ ايران‌,3750,54436038,224221828400,3940,4130,4130,190,4.82,4120,180,4.57,4000,4130,1399-7-16
89,خساپا,سايپا,3716,153931331,414075280390,2570,2690,2690,120,4.67,2690,120,4.67,2690,2690,1399-7-16
90,اخابر,مخابرات ايران,3573,27032833,464057580860,16410,17050,17230,820,5.0,17170,760,4.63,16680,17230,1399-7-16
91,شبريز,پالايش نفت تبريز,3548,23491280,735890700530,29840,31330,31330,1490,4.99,31330,1490,4.99,30700,31330,1399-7-16
92,خمهر,مهركام‌پارس‌,3537,19092171,149649252510,7870,8050,7960,90,1.14,7840,-30,-0.38,7480,8250,1399-7-16
93,ارزش,صندوق س ارزش آفرين بيدار-سهام,3524,18826337,224968124960,11990,12170,11860,-130,-1.08,11950,-40,-0.33,11710,12250,1399-7-16
94,پارسان,گسترش نفت و گاز پارسيان,3322,12701040,333421380940,25610,26300,25950,340,1.33,26250,640,2.5,25200,26880,1399-7-16
95,ولغدر,ليزينگ‌خودروغدير,3285,20944174,338695248270,17920,16130,16750,-1170,-6.53,16170,-1750,-9.77,16130,16990,1399-7-16
96,اپرداز,آتيه داده پرداز,3255,16902210,561432127212,31759,33346,33346,1587,5.0,33216,1457,4.59,32000,33346,1399-7-16
97,ولساپا,ليزينگ رايان‌ سايپا,3197,76385075,314776225340,3940,4130,4130,190,4.82,4120,180,4.57,3990,4130,1399-7-16
98,كالا,بورس كالاي ايران,3194,8130213,352267067960,41430,43500,43500,2070,5.0,43330,1900,4.59,41930,43500,1399-7-16
99,فلوله,لوله‌وماشين‌سازي‌ايران‌,3193,10899986,260200897570,24900,23660,24400,-500,-2.01,23870,-1030,-4.14,23660,25000,1399-7-16
100,رمپنا,گروه مپنا (سهامي عام),3138,12620734,267245091530,18340,21450,21360,3020,16.47,21180,2840,15.49,20650,21500,1399-7-16
101,زكوثر,سرمايه گذاري كشاورزي كوثر,3110,9437586,229228887970,23190,24340,24340,1150,4.96,24290,1100,4.74,23420,24340,1399-7-16
102,وبيمهح,ح . سرمايه‌ گذاري‌ صنعت‌ بيمه‌,3068,70726201,142009836480,1970,2100,1990,20,1.02,2010,40,2.03,1930,2130,1399-7-16
103,زاگرس,پتروشيمي زاگرس,3025,2217565,388382668811,173937,178200,175150,1213,0.7,175139,1202,0.69,170000,181900,1399-7-16
104,شپترو,پتروشيمي آبادان,3018,37923544,219669802260,5831,5790,5657,-174,-2.98,5792,-39,-0.67,5657,5998,1399-7-16
105,ثباغ,شهر سازي و خانه سازي باغميشه,2954,12046889,300948717375,24188,25397,25397,1209,5.0,24981,793,3.28,24188,25397,1399-7-16
106,ثشرق,سرمايه گذاري مسكن شمال شرق,2890,26554833,181382229630,6970,7310,6700,-270,-3.87,6830,-140,-2.01,6630,7310,1399-7-16
107,شسپا,نفت سپاهان,2823,8040421,188307916020,23320,24080,23100,-220,-0.94,23420,100,0.43,23000,24280,1399-7-16
108,شغدير,پتروشيمي غدير,2735,5124662,267781830983,50649,50000,51830,1181,2.33,52254,1605,3.17,50000,53181,1399-7-16
109,سشرق,سيمان‌ شرق‌,2734,32523555,254756358340,7490,7860,7860,370,4.94,7830,340,4.54,7300,7860,1399-7-16
110,نوري,پتروشيمي نوري,2731,937427,160900283530,170890,173410,170210,-680,-0.4,171640,750,0.44,168000,175350,1399-7-16
111,چكارن,كارتن‌ ايران‌,2715,31165587,129222979500,3970,4160,4160,190,4.79,4150,180,4.53,3970,4160,1399-7-16
112,سكرد,سيمان كردستان,2699,14078090,162391484040,11690,12270,11200,-490,-4.19,11540,-150,-1.28,11110,12270,1399-7-16
113,هرمز,فولاد هرمزگان جنوب,2690,14474936,201530387049,13973,14370,13700,-273,-1.95,13923,-50,-0.36,13400,14370,1399-7-16
114,خشرق,الكتريك‌ خودرو شرق‌,2652,10554052,208751178900,19210,20170,20170,960,5.0,19780,570,2.97,18530,20170,1399-7-16
115,دكوثر,داروسازي‌ كوثر,2624,4983080,121268062230,25240,25240,24210,-1030,-4.08,24340,-900,-3.57,23980,26350,1399-7-16
116,ديران,ايران‌دارو,2585,6019508,132684442820,21980,22500,22500,520,2.37,22040,60,0.27,20890,22950,1399-7-16
117,اميد,تامين سرمايه اميد,2565,11289576,164928138780,14670,15000,15000,330,2.25,14610,-60,-0.41,13940,15010,1399-7-16
118,ثشاهد,سرمايه‌ گذاري‌ شاهد,2495,2969831,118585351830,42030,39930,39930,-2100,-5.0,39930,-2100,-5.0,39930,39930,1399-7-16
119,تملت,تامين سرمايه بانك ملت,2492,7415246,88538037240,11380,11940,11940,560,4.92,11940,560,4.92,11940,11940,1399-7-16
120,وگردشح,ح . بانك گردشگري,2444,16815752,224725087040,13543,13170,13680,137,1.01,13364,-179,-1.32,13137,13780,1399-7-16
121,سيمرغ,سيمرغ,2439,7937423,176228459530,21460,22120,22300,840,3.91,22200,740,3.45,20390,22530,1399-7-16
122,ولشرق,ليزينگ ايران و شرق,2361,22596043,188343192645,8703,8600,8268,-435,-5.0,8335,-368,-4.23,8268,8999,1399-7-16
123,قشرين,قند شيرين خراسان,2351,8608829,164529999289,19170,18212,19110,-60,-0.31,19112,-58,-0.3,18212,20128,1399-7-16
124,وخاور,بانك خاورميانه,2269,16535895,201084752630,11930,12200,12060,130,1.09,12160,230,1.93,12000,12400,1399-7-16
125,سرو,صندوق س سروسودمند مدبران-سهام,2236,2245980,152940749090,68280,69000,67700,-580,-0.85,68100,-180,-0.26,66500,69490,1399-7-16
126,غشاذر,پگاه‌آذربايجان‌غربي‌,2226,4702730,103397033990,23060,21910,21920,-1140,-4.94,21990,-1070,-4.64,21910,23480,1399-7-16
127,ونيكي,سرمايه‌گذاري‌ ملي‌ايران‌,2207,8243106,282738715850,32810,33800,34450,1640,5.0,34300,1490,4.54,33000,34450,1399-7-16
128,قنيشا,قند  نيشابور,2203,3667639,389378578990,101260,106300,106000,4740,4.68,106170,4910,4.85,102320,106320,1399-7-16
129,تاصيكو,سرمايه گذاري صدرتامين,2174,8732928,104818968720,11940,12330,11990,50,0.42,12000,60,0.5,11550,12330,1399-7-16
130,خكرمان,گروه اقتصادي كرمان خودرو,2145,38126313,227291201879,5790,5963,5963,173,2.99,5962,172,2.97,5850,5963,1399-7-16
131,مرقام,ايران‌ارقام‌,2143,10874883,311359102490,27310,28670,28670,1360,4.98,28630,1320,4.83,27800,28670,1399-7-16
132,اعتماد,صندوق س.اعتماد آفرين پارسيان-د,2135,80060670,2618374921350,32670,32704,32705,35,0.11,32705,35,0.11,32701,32714,1399-7-16
133,آوا,صندوق س.سهام آواي معيار-س,2133,11163275,111936428987,10279,10300,9913,-366,-3.56,10027,-252,-2.45,9810,10300,1399-7-16
134,وگستر,گسترش سرمايه گذاري ايرانيان,2129,7289735,142506214286,20405,21117,19499,-906,-4.44,19549,-856,-4.2,19385,21117,1399-7-16
135,خكاوه,سايپا ديزل,2111,17203913,108464544948,6444,6261,6251,-193,-3.0,6305,-139,-2.16,6251,6550,1399-7-16
136,وايران,ليزينگ ايرانيان,2060,8111102,84431924480,10750,10750,10220,-530,-4.93,10410,-340,-3.16,10220,11200,1399-7-16
137,ختورح,ح . رادياتور ايران‌,2048,4464579,118659070280,27060,27100,26400,-660,-2.44,26580,-480,-1.77,25110,28480,1399-7-16
138,ودي,بيمه  دي,2045,19522610,378747235893,18524,19450,19450,926,5.0,19400,876,4.73,18900,19450,1399-7-16
139,پكرمان,گروه‌ صنعتي‌ بارز,2036,4847586,120414898500,25310,26550,24160,-1150,-4.54,24840,-470,-1.86,24050,26550,1399-7-16
140,وبيمه,سرمايه‌ گذاري‌ صنعت‌ بيمه‌,2010,20768530,67092933040,3210,3300,3210,0,0.0,3230,20,0.62,3150,3350,1399-7-16
141,قرن,پديده شيمي قرن,1982,1119475,64209694660,56450,58300,57000,550,0.97,57360,910,1.61,55400,59000,1399-7-16
142,طلا,صندوق س.پشتوانه طلاي لوتوس,1980,910760,96970538275,111210,106770,107300,-3910,-3.52,106472,-4738,-4.26,105200,108150,1399-7-16
143,بترانس,ايران‌ ترانسفو,1973,7199361,265253806550,35130,36880,36880,1750,4.98,36840,1710,4.87,36000,36880,1399-7-16
144,قشير,قند شيروان قوچان و بجنورد,1900,3980134,99619176792,25966,24810,24668,-1298,-5.0,25029,-937,-3.61,24668,26570,1399-7-16
145,وتوكاح,ح . ‌توكافولاد(هلدينگ‌,1847,7966373,86128724850,10367,10980,10799,432,4.17,10812,445,4.29,10400,11200,1399-7-16
146,غپاك,لبنيات‌ پاك‌,1845,10005293,158046951730,16230,16000,15420,-810,-4.99,15800,-430,-2.65,15420,16980,1399-7-16
147,وهور,مديريت انرژي اميد  تابان هور,1837,7291664,291111548234,40144,42000,40000,-144,-0.36,39924,-220,-0.55,38137,42000,1399-7-16
148,ولبهمن,شركت بهمن ليزينگ,1826,11135873,103310102655,9638,9415,9157,-481,-4.99,9277,-361,-3.75,9157,10116,1399-7-16
149,ختور,رادياتور ايران‌,1810,3443240,115711881890,34910,33330,34510,-400,-1.15,33610,-1300,-3.72,33170,35580,1399-7-16
150,سرچشمه,سرمايه گذاري مس سرچشمه,1765,8025041,80984397961,10127,10400,10000,-127,-1.25,10091,-36,-0.36,9800,10551,1399-7-16
151,اعتلا,شركت سرمايه گذاري اعتلاء البرز,1752,5903960,66555981977,11776,11710,11188,-588,-4.99,11273,-503,-4.27,11188,12050,1399-7-16
152,آسيا,بيمه آسيا,1737,5844458,174309404420,28480,29900,29900,1420,4.99,29820,1340,4.71,28900,29900,1399-7-16
153,حتايد,تايدواترخاورميانه,1713,6902090,121302482200,17120,17970,17950,830,4.85,17570,450,2.63,16810,17970,1399-7-16
154,ساراب,سيمان‌ داراب‌,1713,9181612,123052641390,13300,13960,13880,580,4.36,13400,100,0.75,12720,13960,1399-7-16
155,آپ,آسان پرداخت پرشين,1703,5294978,106423404800,19370,20180,20330,960,4.96,20100,730,3.77,19450,20330,1399-7-16
156,وتوكا,سرمايه‌گذاري‌توكافولاد(هلدينگ,1698,11576479,158793067420,13120,13590,13770,650,4.95,13720,600,4.57,13200,13770,1399-7-16
157,سصفها,سيمان‌اصفهان‌,1698,1776225,185154175840,108780,104000,105000,-3780,-3.47,104240,-4540,-4.17,103350,112000,1399-7-16
158,ارفعح,ح.شركت آهن و فولاد ارفع,1689,5670691,83541817474,15141,14530,14600,-541,-3.57,14732,-409,-2.7,14510,15141,1399-7-16
159,وسپه,سرمايه‌گذاري‌ سپه‌,1682,6490520,104162171070,15590,16300,16250,660,4.23,16050,460,2.95,15660,16350,1399-7-16
160,وسبحان,سرمايه گذاري سبحان,1666,12287561,124662809458,9954,10070,10089,135,1.36,10145,191,1.92,9800,10440,1399-7-16
161,شلعابح,ح . لعابيران‌,1663,11428009,65756841870,5470,5880,5880,410,7.5,5750,280,5.12,5500,5980,1399-7-16
162,سدور,سيمان‌ دورود,1662,9396871,74705986290,7980,8370,8080,100,1.25,7950,-30,-0.38,7590,8370,1399-7-16
163,شپديس,پتروشيمي پرديس,1656,2761305,291824817120,106890,109000,107200,310,0.29,105680,-1210,-1.13,102000,110000,1399-7-16
164,ساينا,صنايع بهداشتي ساينا,1652,411377,93556924944,237269,225600,225406,-11863,-5.0,227424,-9845,-4.15,225406,239690,1399-7-16
165,زقيام,كشت و دام قيام اصفهان,1651,2682336,73899739328,28554,29000,27130,-1424,-4.99,27551,-1003,-3.51,27127,29880,1399-7-16
166,زشريف,كشت وصنعت شريف آباد,1642,3122966,82140790272,27634,26254,26280,-1354,-4.9,26302,-1332,-4.82,26253,27600,1399-7-16
167,وآوا,سرمايه گذاري آوا نوين,1632,3786663,45870538741,12103,12300,12001,-102,-0.84,12114,11,0.09,11612,12500,1399-7-16
168,قشكر,شكرشاهرود,1627,2454194,106832868820,44360,43550,42700,-1660,-3.74,43530,-830,-1.87,42150,46570,1399-7-16
169,وبوعلي,سرمايه‌گذاري‌بوعلي‌,1620,10104612,98208776170,9320,9750,9780,460,4.94,9720,400,4.29,9370,9780,1399-7-16
170,شپلي,پلي اكريل ايران,1619,23995638,180103944187,7735,7503,7503,-232,-3.0,7506,-229,-2.96,7503,7650,1399-7-16
171,پاكشو,گروه صنعتي پاكشو,1618,2261947,169986039960,75470,75100,75090,-380,-0.5,75150,-320,-0.42,74310,76660,1399-7-16
172,آ س پ,آ.س.پ,1610,7599556,109776901639,14889,15000,14430,-459,-3.08,14445,-444,-2.98,14145,15490,1399-7-16
173,رنيك,جنرال مكانيك,1607,3593806,89813171286,25610,26190,25230,-380,-1.48,24991,-619,-2.42,24330,26190,1399-7-16
174,وكادو,تكادو,1587,6562309,119768047548,18706,18120,18390,-316,-1.69,18251,-455,-2.43,17771,19641,1399-7-16
175,وساخت,سرمايه‌ گذاري‌ ساختمان‌ايران‌,1574,5220898,238035741140,43480,45650,45650,2170,4.99,45590,2110,4.85,43480,45650,1399-7-16
176,وپارس,بانك‌پارسيان‌,1562,42493593,183572321760,4120,4320,4320,200,4.85,4320,200,4.85,4320,4320,1399-7-16
177,زر,صندوق س.پشتوانه سكه طلاي زر,1553,2271066,135253442854,61666,60800,59440,-2226,-3.61,59555,-2111,-3.42,59000,60957,1399-7-16
178,وسينا,بانك سينا,1551,20259767,252987720500,11930,12450,12520,590,4.95,12490,560,4.69,12010,12520,1399-7-16
179,پارسيانح,ح.بيمه پارسيان,1548,5560884,74175783990,14190,14600,13230,-960,-6.77,13340,-850,-5.99,12770,14600,1399-7-16
180,غمينو,شركت صنايع غذايي مينو شرق,1547,3781592,53521794534,13811,14500,14498,687,4.97,14153,342,2.48,13300,14500,1399-7-16
181,وسكاب,س.ص.بازنشستگي كاركنان بانكها,1533,13169121,95035109550,6990,7250,7260,270,3.86,7220,230,3.29,7050,7330,1399-7-16
182,وپويا,سرمايه گذاري پويا,1519,3506157,39808906578,11951,11354,11354,-597,-5.0,11442,-509,-4.26,11354,11354,1399-7-16
183,پتاير,ايران‌ تاير,1515,1219769,121451494360,95330,100090,100090,4760,4.99,99570,4240,4.45,95430,100090,1399-7-16
184,امين يكم,صندوق درآمد ثابت امين يكم فردا,1496,45199245,467903987460,10340,10340,10330,-10,-0.1,10350,10,0.1,10330,10370,1399-7-16
185,افق,فروشگاههاي زنجيره اي افق كوروش,1486,1485126,116012896590,78220,80000,76620,-1600,-2.05,78120,-100,-0.13,76610,80500,1399-7-16
186,همراه,شركت ارتباطات سيار ايران,1470,3753614,144400525320,36700,38490,38530,1830,4.99,38470,1770,4.82,37290,38530,1399-7-16
187,وبهمن,سرمايه‌گذاري‌بهمن‌,1456,5241965,84474732010,15480,16250,16140,660,4.26,16120,640,4.13,15100,16250,1399-7-16
188,پاسا,ايران‌ياساتايرورابر,1436,7448975,164641428950,24540,22090,22090,-2450,-9.98,22100,-2440,-9.94,22090,23000,1399-7-16
189,فولاژ,فولاد آلياژي ايران,1428,3118358,88590400560,28380,29100,28090,-290,-1.02,28410,30,0.11,27100,29500,1399-7-16
190,فپنتا,سپنتا,1426,231535,78593828250,343850,361040,330030,-13820,-4.02,339450,-4400,-1.28,326660,361040,1399-7-16
191,پارند,صندوق س. پارند پايدار سپهر,1423,46455674,549192868750,11990,11790,11810,-180,-1.5,11820,-170,-1.42,11760,11900,1399-7-16
192,فسپا,گروه‌صنعتي‌سپاهان‌,1422,3014476,139900867940,45840,47890,45110,-730,-1.59,46410,570,1.24,44830,48000,1399-7-16
193,اتكام,شركت بيمه اتكايي امين,1421,7398916,63378760243,8192,8550,8601,409,4.99,8566,374,4.57,8388,8601,1399-7-16
194,كگهر,سنگ آهن گهرزمين,1419,2471628,113226119271,46484,47000,46630,146,0.31,45841,-643,-1.38,44170,47900,1399-7-16
195,غاذر,كشت‌وصنعت‌پياذر,1418,1974930,163603536630,87200,82840,82840,-4360,-5.0,82840,-4360,-5.0,82840,83080,1399-7-16
196,شبهرن,نفت‌ بهران‌,1418,1478818,97864024870,63220,65870,66380,3160,5.0,66180,2960,4.68,65000,66380,1399-7-16
197,وهنر,گروه توسعه هنر ايران,1413,14632237,70182018585,4889,4900,4893,4,0.08,4796,-93,-1.9,4743,4986,1399-7-16
198,شفن,پتروشيمي فناوران,1398,474596,138919781390,289460,303000,290020,560,0.19,292710,3250,1.12,285050,303000,1399-7-16
199,كروي,توسعه‌ معادن‌ روي‌ ايران‌,1386,6430302,204141485150,30270,31780,31780,1510,4.99,31750,1480,4.89,30630,31780,1399-7-16
200,كلوند,كاشي‌ الوند,1359,3321484,82037573860,25890,25900,24700,-1190,-4.6,24700,-1190,-4.6,24600,25900,1399-7-16
201,وصندوق,سرمايه‌گذاري‌صندوق‌بازنشستگي‌,1355,6772951,117381950550,17340,17850,17280,-60,-0.35,17330,-10,-0.06,16880,17850,1399-7-16
202,رتاپ,تجارت الكترونيك  پارسيان,1351,5709454,37967124620,6350,6660,6660,310,4.88,6560,210,3.31,6500,6660,1399-7-16
203,پكوير,كوير تاير,1346,3321635,45263012510,13170,13750,13820,650,4.94,13590,420,3.19,13170,13820,1399-7-16
204,شكربن,كربن‌ ايران‌,1328,2483062,194726812870,75170,78880,78920,3750,4.99,78420,3250,4.32,76300,78920,1399-7-16
205,حريل,ريل پردازسير,1324,30838764,117307041597,3625,3806,3806,181,4.99,3804,179,4.94,3708,3806,1399-7-16
206,كشرق,صنعتي و معدني شمال شرق شاهرود,1316,821649,57673698739,69041,72493,69749,708,1.03,70193,1152,1.67,66200,72493,1399-7-16
207,ثتران,سرمايه گذاري مسكن تهران,1308,8762377,59731551298,7031,7250,6680,-351,-4.99,6817,-214,-3.04,6680,7250,1399-7-16
208,ثترانح,ح سرمايه گذاري مسكن تهران,1288,11628406,46188919685,3820,4011,4011,191,5.0,3972,152,3.98,3800,4011,1399-7-16
209,وآفري,بيمه كارآفرين,1287,8635318,156074124274,18016,17230,17640,-376,-2.09,18074,58,0.32,17121,18900,1399-7-16
210,پارس,پتروشيمي پارس,1280,856054,137739295010,160330,165000,161000,670,0.42,160900,570,0.36,158000,165000,1399-7-16
211,غگرجي,بيسكويت‌  گرجي‌,1278,1983704,63780122110,33020,34330,32300,-720,-2.18,32150,-870,-2.63,31370,34330,1399-7-16
212,بزاگرسح,ح . نيروگاه زاگرس كوثر,1271,11672696,102737579989,8474,8897,8855,381,4.5,8802,328,3.87,8510,8897,1399-7-16
213,خزر,فنرسازي‌زر,1265,7536248,63489351240,8140,8410,8540,400,4.91,8420,280,3.44,8100,8540,1399-7-16
214,خصدرا,صنعتي‌ دريايي‌ ايران‌,1256,13544716,89381580884,6946,6599,6599,-347,-5.0,6599,-347,-5.0,6599,6599,1399-7-16
215,فسازان,غلتك سازان سپاهان,1244,2112376,83667364200,38950,39890,39250,300,0.77,39610,660,1.69,38020,40880,1399-7-16
216,كرازي,كارخانجات‌توليدي‌شيشه‌رازي‌,1239,4167766,67833039540,16130,16750,16080,-50,-0.31,16280,150,0.93,15710,16780,1399-7-16
217,كلر,كلر پارس,1232,890791,55453460755,59299,62263,62263,2964,5.0,62252,2953,4.98,61200,62263,1399-7-16
218,ثشرقح,ح. سرمايه گذاري مسكن شمال شرق,1226,13911212,58096468030,4110,4450,4140,30,0.73,4180,70,1.7,3900,4450,1399-7-16
219,ولصنم,ليزينگ‌صنعت‌ومعدن‌,1219,6092093,54902651280,8670,9100,9100,430,4.96,9010,340,3.92,8610,9100,1399-7-16
220,كتوكا,توليدي و خدمات صنايع نسوز توكا,1209,494321,71773025521,140831,145000,144339,3508,2.49,145195,4364,3.1,140831,147872,1399-7-16
221,وزمين,بانك ايران زمين,1199,26608070,413601625257,15860,15543,15543,-317,-2.0,15544,-316,-1.99,15543,15700,1399-7-16
222,نطرين,عطرين نخ قم,1193,3952116,66207178570,17570,16692,16692,-878,-5.0,16752,-818,-4.66,16692,17300,1399-7-16
223,دتوزيع,توزيع دارو پخش,1180,1064470,54219529973,48719,51154,51154,2435,5.0,50936,2217,4.55,49192,51154,1399-7-16
224,ثالوند,سرمايه گذاري مسكن الوند,1173,5405453,70763794376,12738,13374,13170,432,3.39,13091,353,2.77,12350,13374,1399-7-16
225,كگازح,ح . شيشه‌ و گاز,1173,3572634,60729422700,16940,17320,16950,10,0.06,17000,60,0.35,15600,17810,1399-7-16
226,شاراك,پتروشيمي شازند,1164,2554212,62478162660,24270,24800,24450,180,0.74,24420,150,0.62,24210,24920,1399-7-16
227,ميهن,بيمه ميهن,1162,15782371,81828100818,4966,5214,5214,248,4.99,5185,219,4.41,4900,5214,1399-7-16
228,كنور,توسعه معدني و صنعتي صبانور,1158,1142248,51722904790,45280,46790,45460,180,0.4,45280,0,0.0,43330,46790,1399-7-16
229,واحيا,م .صنايع و معادن احياء سپاهان,1152,969004,196790737070,206517,210000,201895,-4622,-2.24,203086,-3431,-1.66,200322,210000,1399-7-16
230,آريان,سرمايه گذاري پارس آريان,1152,41562264,593204775237,13862,14277,14277,415,2.99,14273,411,2.96,13911,14277,1399-7-16
231,زكشت,كشاورزي مكانيزه اصفهان كشت,1150,1404067,44042751254,32719,31084,31100,-1619,-4.95,31463,-1256,-3.84,31084,33990,1399-7-16
232,تكشا,گسترش‌صنايع‌وخدمات‌كشاورزي‌,1150,1531042,144824732610,95360,95000,95790,430,0.45,94590,-770,-0.81,91010,97800,1399-7-16
233,بجهرم,توسعه مولد نيروگاهي جهرم,1146,15466615,63134722430,3888,4082,4082,194,4.99,4082,194,4.99,4082,4082,1399-7-16
234,ركيش,كارت اعتباري ايران كيش,1145,7170157,106745549630,15230,15030,14470,-760,-4.99,14890,-340,-2.23,14470,15900,1399-7-16
235,تنوين,تامين سرمايه نوين,1136,29175123,311835439910,10190,10650,10690,500,4.91,10690,500,4.91,10500,10690,1399-7-16
236,دعبيد,لابراتوارداروسازي‌  دكترعبيدي‌,1133,1398361,51132701400,36020,37790,36750,730,2.03,36440,420,1.17,34800,37790,1399-7-16
237,پرديس,سرمايه گذاري پرديس,1120,5608735,44063959770,7760,8130,7930,170,2.19,7840,80,1.03,7500,8130,1399-7-16
238,دبالك,مواد اوليه دارويي البرز بالك,1116,3510132,57791081128,16533,17359,16300,-233,-1.41,16464,-69,-0.42,15800,17359,1399-7-16
239,ثمسكن,سرمايه‌گذاري‌ مسكن‌,1111,17259406,121505882150,6720,7050,7050,330,4.91,7040,320,4.76,6760,7050,1399-7-16
240,فزرين,زرين معدن آسيا,1107,5573698,125606795301,21467,22540,22540,1073,5.0,22536,1069,4.98,22010,22540,1399-7-16
241,مارون,پتروشيمي مارون,1091,670412,98760521933,146955,150000,150000,3045,2.07,147313,358,0.24,144000,150000,1399-7-16
242,وآرين,شركت توسعه اقتصادي آرين,1088,9565934,45370164996,4754,4790,4740,-14,-0.29,4743,-11,-0.23,4620,4896,1399-7-16
243,شكلر,نيروكلر,1085,1860838,87151984690,44610,46840,46840,2230,5.0,46830,2220,4.98,46660,46840,1399-7-16
244,وسرمد,بيمه  سرمد,1046,9360701,57955529212,6495,6171,6281,-214,-3.29,6191,-304,-4.68,6171,6489,1399-7-16
245,سشمال,سيمان‌ شمال‌,1044,4646013,50826547410,10720,11250,10940,220,2.05,10940,220,2.05,10300,11250,1399-7-16
246,شاوان,پالايش نفت لاوان,1034,1144934,124063049041,104304,109519,109519,5215,5.0,108358,4054,3.89,104300,109519,1399-7-16
247,ميدكو,هلدينگ صنايع  معدني خاورميانه,1023,7471932,159802862036,20992,21205,21850,858,4.09,21387,395,1.88,20917,21850,1399-7-16
248,شپاكسا,پاكسان‌,1006,4475579,126348784190,26940,28250,28280,1340,4.97,28230,1290,4.79,27200,28280,1399-7-16
249,شپارس,بين‌ المللي‌ محصولات‌  پارس‌,998,6951723,106462138040,14630,14840,15360,730,4.99,15310,680,4.65,14640,15360,1399-7-16
250,فجر,فولاد اميركبيركاشان,991,1909543,110964370830,58110,60450,57400,-710,-1.22,58110,0,0.0,55210,60450,1399-7-16
251,دتمادح,ح . توليدمواداوليه‌داروپخش‌,984,946047,43340129080,42530,45850,46750,4220,9.92,45810,3280,7.71,44000,46750,1399-7-16
252,آبين,كشت و صنعت آبشيرين,984,5370073,22274775192,4259,4171,4132,-127,-2.98,4148,-111,-2.61,4132,4310,1399-7-16
253,سمازن,سيمان‌مازندران‌,983,11523706,104288909300,8620,9050,9050,430,4.99,9050,430,4.99,9020,9050,1399-7-16
254,غگل,گلوكوزان‌,982,10467804,54746614920,4990,5230,5230,240,4.81,5230,240,4.81,5230,5230,1399-7-16
255,اطلس,صندوق س.توسعه اندوخته آينده-س,982,736536,149674736465,204874,206550,203206,-1668,-0.81,203214,-1660,-0.81,201100,208000,1399-7-16
256,شيراز,پتروشيمي‌شيراز,979,3346676,203805794920,61390,62000,61420,30,0.05,60900,-490,-0.8,59500,64000,1399-7-16
257,فايرا,آلومينيوم‌ايران‌,978,7067126,128251377450,17300,18140,18160,860,4.97,18150,850,4.91,18000,18160,1399-7-16
258,سخزر,سيمان‌ خزر,972,3222538,96321785330,28540,29960,29960,1420,4.98,29890,1350,4.73,28600,29960,1399-7-16
259,خفولا,خدمات فني فولاد يزد,960,3655358,105267481036,28611,27753,29469,858,3.0,28798,187,0.65,27753,29469,1399-7-16
260,مبين,مبين انرژي خليج فارس,950,4232737,113412957600,26820,27050,26750,-70,-0.26,26790,-30,-0.11,26450,27500,1399-7-16
261,سيلام,سيمان‌ ايلام‌,948,3991968,45226538380,11770,11900,11190,-580,-4.93,11390,-380,-3.23,11190,11900,1399-7-16
262,واميد,گروه مديريت سرمايه گذاري اميد,942,2608567,112268977980,42890,42490,43220,330,0.77,43030,140,0.33,42150,43700,1399-7-16
263,قصفها,قنداصفهان‌,940,436518,78656637740,171820,180400,180410,8590,5.0,180190,8370,4.87,173530,180410,1399-7-16
264,دانا,بيمه دانا,937,5863088,42593420550,6970,7310,7310,340,4.88,7200,230,3.3,7000,7310,1399-7-16
265,زدشت,كشت و صنعت دشت خرم دره,931,1694239,74531237848,46002,43900,43702,-2300,-5.0,43991,-2011,-4.37,43702,46002,1399-7-16
266,وسناح,ح. سرمايه گذاري نيروگاهي ايران,930,2546989,32821763787,13201,12840,12900,-301,-2.28,12886,-315,-2.39,12805,13095,1399-7-16
267,چدن,توليدي چدن سازان,930,2029879,53992526650,25670,26600,26450,780,3.04,26600,930,3.62,25680,26940,1399-7-16
268,گشان,توسعه بين المللي پديده شانديز,916,139412,33308872688,243800,238924,238924,-4876,-2.0,240542,-3258,-1.34,238924,238924,1399-7-16
269,شخارك,پتروشيمي‌ خارك‌,906,1095155,49670924930,45540,46880,44730,-810,-1.78,45440,-100,-0.22,44440,46880,1399-7-16
270,سپ,پرداخت الكترونيك سامان كيش,904,1208731,28173919640,22390,23500,23300,910,4.06,22850,460,2.05,22800,23500,1399-7-16
271,سغرب,سيمان‌غرب‌,901,1463719,31068784270,21840,22840,20770,-1070,-4.9,21470,-370,-1.69,20750,22840,1399-7-16
272,ددام,داروسازي زاگرس فارمد پارس,900,2817526,37641847100,13270,13930,13900,630,4.75,13340,70,0.53,12700,13930,1399-7-16
273,نوين,بيمه نوين,899,8502562,48342967285,5433,5700,5704,271,4.99,5686,253,4.66,5440,5704,1399-7-16
274,داوه,داروسازي آوه سينا,897,1310030,23556174766,17434,18305,18000,566,3.25,17697,263,1.51,17000,18305,1399-7-16
275,بركت,گروه دارويي بركت,887,3241917,54723558960,16080,16880,16880,800,4.98,16830,750,4.66,16880,16880,1399-7-16
276,غشهد,شهد ايران ‌,884,5096465,37835914490,7080,7430,7430,350,4.94,7350,270,3.81,7200,7430,1399-7-16
277,دكپسول,توليد ژلاتين كپسول ايران,870,977918,36970507647,39509,41049,38290,-1219,-3.09,38160,-1349,-3.41,37534,41049,1399-7-16
278,زماهان,مجتمع توليد گوشت مرغ ماهان,865,1882414,46726650070,26097,24793,24793,-1304,-5.0,24823,-1274,-4.88,24793,25822,1399-7-16
279,جم,پتروشيمي جم,862,1011825,48205732040,47520,47820,47890,370,0.78,47580,60,0.13,47000,48890,1399-7-16
280,سرود,سيمان‌شاهرود,859,2910616,45890914180,15890,16650,15600,-290,-1.83,15780,-110,-0.69,15110,16650,1399-7-16
281,كيان,صندوق س. با درآمد ثابت كيان,843,33335402,848464952060,25420,25450,25460,40,0.16,25450,30,0.12,25430,25470,1399-7-16
282,شلعاب,لعابيران‌,841,2530100,21459381820,8820,9040,8630,-190,-2.15,8660,-160,-1.81,8380,9040,1399-7-16
283,سكرما,سيمان‌ كرمان‌,833,2773378,41601082220,14870,15610,15300,430,2.89,14980,110,0.74,14130,15610,1399-7-16
284,ماديرا,صنايع ماشين هاي اداري ايران,828,4851627,170136855636,33399,35068,35068,1669,5.0,35068,1669,5.0,35068,35068,1399-7-16
285,شوينده,مديريت صنعت شوينده ت.ص.بهشهر,826,2188329,95141053090,41540,43000,43610,2070,4.98,43480,1940,4.67,42000,43610,1399-7-16
286,كحافظ,كاشي‌ وسراميك‌ حافظ‌,823,2932201,61840119090,20090,21090,21090,1000,4.98,21090,1000,4.98,21090,21090,1399-7-16
287,كاردان,صندوق س تجارت شاخصي كاردان,823,314505,61011136460,193490,196000,192000,-1490,-0.77,193990,500,0.26,191400,198970,1399-7-16
288,عيار,صندوق س. پشتوانه طلاي مفيد,820,657509,23683190782,37367,36190,35903,-1464,-3.92,36020,-1347,-3.6,35700,36631,1399-7-16
289,وملل تبعي9912,اختيارف.تبعي ملل 991220,817,9394483,939448300,200,100,100,-100,-50.0,100,-100,-50.0,100,100,1399-7-16
290,بموتو,موتوژن‌,816,1307768,70370605620,52420,53690,53600,1180,2.25,53810,1390,2.65,51000,55030,1399-7-16
291,وتوسم,سرمايه‌گذاري‌توسعه‌ملي‌,815,3294120,43033050190,12560,13130,12990,430,3.42,12960,400,3.18,12700,13180,1399-7-16
292,كرماشا,صنايع پتروشيمي كرمانشاه,809,1747410,76998749250,43780,45500,44010,230,0.53,44060,280,0.64,43000,45500,1399-7-16
293,كاذر,فرآورده‌هاي‌نسوزآذر,804,2158493,77522565260,34220,35930,35930,1710,5.0,35920,1700,4.97,35180,35930,1399-7-16
294,كهمدا,شيشه‌ همدان‌,788,1583926,39485414690,23950,25100,25140,1190,4.97,24680,730,3.05,24400,25140,1399-7-16
295,جم پيلن,پلي پروپيلن جم - جم پيلن,788,664166,64697875170,96880,100440,96370,-510,-0.53,97320,440,0.45,95000,100440,1399-7-16
296,سخاش,سيمان‌خاش‌,787,410995,31844970850,76480,80300,76300,-180,-0.24,77110,630,0.82,74000,80300,1399-7-16
297,كرمان,س. توسعه و عمران استان كرمان,780,1386744,105208107048,72255,75867,75867,3612,5.0,75867,3612,5.0,75867,75867,1399-7-16
298,حپارسا,توسعه حمل و نقل ريلي پارسيان,778,1321820,43624478389,34294,34030,32650,-1644,-4.79,33107,-1187,-3.46,32580,34980,1399-7-16
299,زشگزا,شير و گوشت زاگرس شهركرد,765,680864,68076557344,101619,103700,97000,-4619,-4.55,99986,-1633,-1.61,96539,105999,1399-7-16
300,غبشهر,صنعتي‌ بهشهر,764,4138901,100788241160,23260,24420,24420,1160,4.99,24350,1090,4.69,23000,24420,1399-7-16
301,ونفت,سرمايه‌گذاري‌ صنعت‌ نفت‌,762,4204938,65933427840,14940,15680,15680,740,4.95,15680,740,4.95,15680,15680,1399-7-16
302,تسه9906,امتياز تسهيلات مسكن شهريور99,762,14824,13322876708,872175,915783,915000,42825,4.91,898737,26562,3.05,880000,915783,1399-7-16
303,زگلدشت,كشت و دام گلدشت نمونه اصفهان,760,649275,24401243021,38441,36529,37500,-941,-2.45,38013,-428,-1.11,36529,39397,1399-7-16
304,بكام,كارخانجات توليدي شهيد قندي,753,18570774,101582133780,5210,5470,5470,260,4.99,5470,260,4.99,5470,5470,1399-7-16
305,واتي,سرمايه‌ گذاري‌ آتيه‌ دماوند,739,6471686,86239094370,12870,13390,13510,640,4.97,13330,460,3.57,12810,13510,1399-7-16
306,شسينا,صنايع‌شيميايي‌سينا,725,90477,48362098560,558530,530610,530610,-27920,-5.0,534520,-24010,-4.3,530610,550000,1399-7-16
307,كاريس,صندوق س.سپهر كاريزما-س,725,756353,164141011963,217047,218000,215005,-2042,-0.94,217016,-31,-0.01,211000,219950,1399-7-16
308,فباهنر,مس‌ شهيدباهنر,723,1976330,103371166320,49920,51880,52410,2490,4.99,52300,2380,4.77,51000,52410,1399-7-16
309,سمگاح,ح. سرمايه گذاري ميراث فرهنگي,723,19306997,359476977143,17733,18619,18619,886,5.0,18619,886,5.0,18619,18619,1399-7-16
310,قزوين,كارخانجات‌ قند قزوين‌,723,2132377,75044050290,34410,34730,34000,-410,-1.19,35190,780,2.27,33100,36130,1399-7-16
311,كپرور,فرآوري زغال سنگ پروده طبس,713,1163453,47473034460,39106,41000,40997,1891,4.84,40804,1698,4.34,37183,41061,1399-7-16
312,شپارسح,ح . بين‌ المللي‌محصولات پارس‌,702,2213866,26964084371,11967,12150,12289,322,2.69,12180,213,1.78,11570,12500,1399-7-16
313,لسرما,سرما آفرين‌,701,1261919,29567386850,23590,24000,23540,-50,-0.21,23490,-100,-0.42,22420,24760,1399-7-16
314,لوتوس,تامين سرمايه لوتوس پارسيان,700,2039306,32414545990,15760,16450,15660,-100,-0.63,15840,80,0.51,15360,16500,1399-7-16
315,خديزل,بهمن  ديزل,695,950486,46802883464,48244,50000,48800,556,1.15,49056,812,1.68,47100,50656,1399-7-16
316,آتيمس,صندوق س.آرمان آتيه درخشان مس-س,684,192140,43583340480,226357,228856,226500,143,0.06,226831,474,0.21,221010,230001,1399-7-16
317,ثاصفا,شركت‌ ساختمان‌ اصفهان‌,681,2000959,59577055190,30138,29234,31042,904,3.0,29774,-364,-1.21,29234,31042,1399-7-16
318,شگل,گلتاش‌,680,2550354,70894804460,26910,28000,28250,1340,4.98,27800,890,3.31,26000,28250,1399-7-16
319,فخاس,فولاد خراسان,679,762440,28998698350,38430,39690,37290,-1140,-2.97,38310,-120,-0.31,37280,39690,1399-7-16
320,شراز,پالايش نفت شيراز,678,584366,64085589277,104849,108999,110091,5242,5.0,109667,4818,4.6,105000,110091,1399-7-16
321,فسرب,ملي‌ سرب‌وروي‌ ايران‌,660,1204859,173114141120,136840,143680,143680,6840,5.0,143680,6840,5.0,143680,143680,1399-7-16
322,كپشير,پشم‌شيشه‌ايران‌,657,2089781,36388010470,17480,17000,18350,870,4.98,17410,-70,-0.4,16610,18350,1399-7-16
323,غالبر,لبنيات‌ كالبر,654,2327196,31333978800,14100,14100,13400,-700,-4.96,13670,-430,-3.05,13400,14250,1399-7-16
324,غپينو,پارس‌ مينو,653,6624485,43125397350,6200,6510,6510,310,5.0,6430,230,3.71,6510,6510,1399-7-16
325,كاما,باما,648,4554985,774484099550,161940,170030,170030,8090,5.0,170030,8090,5.0,170030,170030,1399-7-16
326,غچين,كشت‌ و صنعت‌ چين‌ چين,646,558741,26408087910,45930,48220,46990,1060,2.31,46650,720,1.57,45930,48220,1399-7-16
327,وسقم,شركت س استان قم,641,12651867,17855493850,1370,1430,1430,60,4.38,1380,10,0.73,1310,1430,1399-7-16
328,دسانكو,داروسازي سبحان انكولوژي,636,2702844,44229282669,15618,16398,16398,780,4.99,16287,669,4.28,15750,16398,1399-7-16
329,دسبحا,گروه دارويي سبحان,636,1656066,30711458520,17730,18590,18610,880,4.96,18190,460,2.59,18180,18610,1399-7-16
330,بكاب,صنايع‌جوشكاب‌يزد,628,365406,52086784540,135880,142670,142670,6790,5.0,141880,6000,4.42,140020,142670,1399-7-16
331,وشمال,س. چشم انداز توسعه شمال,622,1198454,145329332750,126343,122500,118825,-7518,-5.95,121264,-5079,-4.02,118825,122500,1399-7-16
332,غويتا,ويتانا,620,541149,36289964350,69700,67000,66215,-3485,-5.0,67674,-2026,-2.91,66215,68200,1399-7-16
333,شدوص,دوده‌ صنعتي‌ پارس‌,618,1257429,25731827630,20570,21590,20010,-560,-2.72,20510,-60,-0.29,19550,21590,1399-7-16
334,سفار,سيمان‌فارس‌,618,508268,50833294930,105220,99960,100000,-5220,-4.96,100010,-5210,-4.95,99960,105000,1399-7-16
335,ملت,بيمه ملت,618,4458256,56867301450,12160,12760,12760,600,4.93,12760,600,4.93,12430,12760,1399-7-16
336,ثپرديسح,ح.سرمايه گذاري مسكن پرديس,614,1950516,16244847600,7956,8353,8353,397,4.99,8328,372,4.68,8000,8353,1399-7-16
337,ختراك,ريخته‌گري‌ تراكتورسازي‌ ايران‌,608,1956550,42350744440,22730,21600,21600,-1130,-4.97,21760,-970,-4.27,21600,22920,1399-7-16
338,درهآور,دارويي ره آورد تامين,607,826857,24027743665,27703,29088,29088,1385,5.0,28343,640,2.31,28500,29088,1399-7-16
339,وارس,سرمايه گذاري ارس صبا,607,433780,46065363244,104487,107621,104000,-487,-0.47,106195,1708,1.63,101353,107621,1399-7-16
340,ما,بيمه  ما,605,7451834,41829985490,5380,5550,5640,260,4.83,5600,220,4.09,5410,5640,1399-7-16
341,بالبر,كابل‌ البرز,604,1284135,32755807300,26220,26450,25800,-420,-1.6,25720,-500,-1.91,24910,27520,1399-7-16
342,غپونه,نوش پونه مشهد,602,1415990,23113665106,16591,16110,16199,-392,-2.36,16323,-268,-1.62,16094,17088,1399-7-16
343,دالبر,البرزدارو,600,1187482,24987538950,20120,21120,21120,1000,4.97,20560,440,2.19,20520,21120,1399-7-16
344,رتكو,كنترل‌خوردگي‌تكين‌كو,597,1421999,25846611250,19030,18200,18080,-950,-4.99,18560,-470,-2.47,18080,18890,1399-7-16
345,وصنا,گروه‌صنايع‌بهشهرايران‌,596,3598343,37649690900,10110,10610,10610,500,4.95,10370,260,2.57,10200,10610,1399-7-16
346,ثاخت,بين‌المللي‌توسعه‌ساختمان,593,8180464,35503213760,4140,4340,4340,200,4.83,4280,140,3.38,4340,4340,1399-7-16
347,ومعلم,بيمه معلم,588,8325114,50346989363,5785,5943,6074,289,5.0,6037,252,4.36,5791,6074,1399-7-16
348,تاپكيش,تجارت الكترونيك پارسيان كيش,580,1167129,12531510216,10906,11014,10600,-306,-2.81,10861,-45,-0.41,10401,11014,1399-7-16
349,دسبحاح,ح .گروه دارويي سبحان,578,1176413,19999106260,15510,17060,17060,1550,9.99,17000,1490,9.61,15650,17060,1399-7-16
350,دشيمي,شيمي‌ داروئي‌ داروپخش‌,575,834613,52850684550,62050,64900,64490,2440,3.93,63260,1210,1.95,61000,64900,1399-7-16
351,بفجر,فجر انرژي خليج فارس,574,1551295,49631057050,31160,32000,31930,770,2.47,31660,500,1.6,31000,32700,1399-7-16
352,كخاكح,ح . صنايع‌خاك‌چيني‌ايران‌,571,851544,38735445640,44050,47990,45200,1150,2.61,45490,1440,3.27,44330,47990,1399-7-16
353,تايرا,تراكتورسازي‌ايران‌,570,3393115,75669872450,21340,21980,22400,1060,4.97,22300,960,4.5,20860,22400,1399-7-16
354,ثعتما,س. ساختماني اعتماد گستر,568,2380485,84985065832,35081,34029,36133,1052,3.0,35701,620,1.77,34029,36133,1399-7-16
355,وسخراش,شركت س استان خراسان شمالي,567,12968186,18625120120,1380,1440,1440,60,4.35,1400,20,1.45,1390,1440,1399-7-16
356,فيروزه,صندوق شاخص30 شركت فيروزه- سهام,562,190745,37549955620,195930,201900,196500,570,0.29,196860,930,0.47,192500,201900,1399-7-16
357,شبصير,توليدات پتروشيمي قائد بصير,561,1043521,142097010779,129939,130990,136435,6496,5.0,136171,6232,4.8,130990,136435,1399-7-16
358,دتوليد,داروسازي توليد دارو,561,2725323,105292854105,36796,38635,38635,1839,5.0,38635,1839,5.0,38635,38635,1399-7-16
359,دامين,داروسازي‌ امين‌,559,2142427,29502605640,13170,13820,13820,650,4.94,13510,340,2.58,13300,13820,1399-7-16
360,كبافق,معادن‌ بافق‌,557,972915,28973408700,28370,29780,29780,1410,4.97,29140,770,2.71,29780,29780,1399-7-16
361,سكارون,سيمان كارون,547,666610,67452275612,103606,106712,100498,-3108,-3.0,101187,-2419,-2.33,100498,106712,1399-7-16
362,شيران,س. صنايع‌شيميايي‌ايران,543,3088976,95418468640,29420,30890,30890,1470,5.0,30830,1410,4.79,30890,30890,1399-7-16
363,غشصفا,شيرپاستوريزه‌پگاه‌اصفهان‌,540,2647711,80093385250,28940,30380,30380,1440,4.98,30250,1310,4.53,29190,30380,1399-7-16
364,وپترو,سرمايه‌گذاري صنايع پتروشيمي‌,537,4444157,71773135550,15390,16150,16150,760,4.94,16150,760,4.94,16150,16150,1399-7-16
365,حآسا,آسيا سير ارس,537,1736186,20460585442,11777,12295,11680,-97,-0.82,11780,3,0.03,11403,12295,1399-7-16
366,گوهران,سرمايه گذاري توسعه گوهران اميد,536,2520895,24108956969,9475,9880,9670,195,2.06,9518,43,0.45,9260,9880,1399-7-16
367,تسه9904,امتياز تسهيلات مسكن تير99,531,30333,25964110239,868749,912000,910000,41251,4.75,855969,-12780,-1.47,831100,912186,1399-7-16
368,بنيرو,نيروترانس‌,522,685739,43578822880,66890,63550,63550,-3340,-4.99,63760,-3130,-4.68,63550,63830,1399-7-16
369,كخاك,صنايع‌خاك‌چيني‌ايران‌,512,627577,32663200910,54450,51800,51750,-2700,-4.96,52720,-1730,-3.18,51730,54450,1399-7-16
370,شپاس,نفت پاسارگاد,512,1807816,39484492543,20872,21900,21915,1043,5.0,21600,728,3.49,21280,21915,1399-7-16
371,پيزد,مجتمع صنايع لاستيك يزد,510,127982,13175362954,108365,102947,102947,-5418,-5.0,106851,-1514,-1.4,102947,102947,1399-7-16
372,فرآور,فرآوري‌موادمعدني‌ايران‌,510,2520640,55769483500,21160,21990,22210,1050,4.96,22130,970,4.58,21500,22210,1399-7-16
373,هجرت,پخش هجرت,509,1062364,64150115267,57513,60388,60388,2875,5.0,60384,2871,4.99,58010,60388,1399-7-16
374,كي بي سي,شركت كي بي سي,499,996960,36198548514,34999,35780,36740,1741,4.97,35929,930,2.66,33250,36748,1399-7-16
375,شفا,سرمايه گذاري شفادارو,497,833012,54469580200,65260,66270,65300,40,0.06,65390,130,0.2,62750,66270,1399-7-16
376,ولملت,واسپاري ملت,495,2527493,26147480790,10750,10900,10220,-530,-4.93,10510,-240,-2.23,10220,11100,1399-7-16
377,زفكا,كشت و دامداري فكا,489,1116965,44237817606,37743,39630,39630,1887,5.0,39501,1758,4.66,38510,39630,1399-7-16
378,شنفت,نفت‌ پارس‌,488,345504,19030481680,54250,56950,56000,1750,3.23,54540,290,0.53,52500,56950,1399-7-16
379,كوثر,بيمه كوثر,483,3534964,54809616820,14767,15505,15505,738,5.0,15496,729,4.94,15505,15505,1399-7-16
380,قلرست,قند لرستان‌,482,1585363,39510892190,26230,24920,24920,-1310,-4.99,25140,-1090,-4.16,24920,25080,1399-7-16
381,فلات,گروه صنايع معادن فلات ايرانيان,475,2188704,28374819293,12917,12540,13304,387,3.0,12964,47,0.36,12540,13304,1399-7-16
382,خلنت,لنت‌ ترمزايران‌,475,272728,27078394210,94920,93010,99660,4740,4.99,97220,2300,2.42,93010,99660,1399-7-16
383,افق ملت,صندوق س در سهام افق ملت,470,112769,16603713840,147160,151970,147500,340,0.23,147240,80,0.05,144000,151970,1399-7-16
384,سدبير,س. تدبيرگران فارس وخوزستان,469,1638729,48532302109,28207,29617,29617,1410,5.0,29465,1258,4.46,29435,29617,1399-7-16
385,وآيند,بانك  آينده,468,14853492,411813065700,27182,27725,27725,543,2.0,27725,543,2.0,27725,27725,1399-7-16
386,غفارس,شير پاستوريزه پگاه فارس,466,1125542,11127374093,9787,10150,9793,6,0.06,9809,22,0.22,9790,10240,1399-7-16
387,آساميد,صندوق س.مشترك آسمان اميد -د,465,22693413,244855330935,10776,10794,10800,24,0.22,10790,14,0.13,10774,10825,1399-7-16
388,بسويچ,پارس‌سويچ‌,464,300915,13178224610,45660,46800,43390,-2270,-4.97,45140,-520,-1.14,43380,46800,1399-7-16
389,بساما,بيمه سامان,461,2807786,61558780745,20943,21990,21990,1047,5.0,21924,981,4.68,21050,21990,1399-7-16
390,آساس,صندوق س.آسمان آرماني سهام-س,455,236890,39980643473,163094,170000,168010,4916,3.01,168773,5679,3.48,166100,170880,1399-7-16
391,كفرا,فراورده‌ هاي‌ نسوزايران‌,454,657936,28287318740,41730,43810,43810,2080,4.98,42420,690,1.65,41110,43810,1399-7-16
392,وآتوس,س.آرين توسكا قيمت اسمي 350ريال,446,1764266,69158983609,38604,39762,37446,-1158,-3.0,39200,596,1.54,37446,39762,1399-7-16
393,كفرآور,فرآورده هاي سيمان شرق,444,3500481,70925098014,21209,20149,20710,-499,-2.35,20262,-947,-4.47,20149,21200,1399-7-16
394,اعتلاح,ح سرمايه گذاري اعتلاء البرز,441,2707517,21194986584,7467,7840,7830,363,4.86,7828,361,4.83,7500,7840,1399-7-16
395,تسه9902,امتياز تسهيلات مسكن ارديبهشت99,436,11817,10423190723,871480,900000,915053,43573,5.0,882050,10570,1.21,830522,915054,1399-7-16
396,سكه0011پ02,سكه تمام بهارتحويلي 1روزه ملت,434,201100,283152992400,1434905,1412011,1420000,-14905,-1.04,1408021,-26884,-1.87,1398305,1425000,1399-7-16
397,حسينا,توسعه خدمات دريايي وبندري سينا,431,1511706,87768347052,58719,60410,57300,-1419,-2.42,58059,-660,-1.12,56500,61000,1399-7-16
398,بمپنا,توليد برق عسلويه  مپنا,430,362328,32339232402,92443,90000,90000,-2443,-2.64,90148,-2295,-2.48,87821,95400,1399-7-16
399,ولانا,شركت ليزينگ آريا دانا,426,1269292,27734047668,22988,21839,21839,-1149,-5.0,21850,-1138,-4.95,21839,22932,1399-7-16
400,غسالم,سالمين‌,422,3829343,18495726690,4600,4830,4830,230,5.0,4670,70,1.52,4830,4830,1399-7-16
401,پخش,پخش البرز,413,1437162,44685859784,29623,31104,31104,1481,5.0,30914,1291,4.36,30877,31104,1399-7-16
402,شاملا,معدني‌ املاح‌  ايران‌,406,1194775,88505545820,70620,74000,74150,3530,5.0,74080,3460,4.9,71490,74150,1399-7-16
403,تسه9905,امتياز تسهيلات مسكن مرداد99,406,5010,4494412875,870684,914218,910000,39316,4.52,897088,26404,3.03,860105,914218,1399-7-16
404,داسوه,داروسازي‌ اسوه‌,405,619872,18853129780,30150,31650,30600,450,1.49,30260,110,0.36,29500,31650,1399-7-16
405,سفانو,سيمان فارس نو,405,543227,17758418070,31910,33300,32700,790,2.48,32190,280,0.88,30320,33500,1399-7-16
406,تيپيكو,سرمايه گذاري دارويي تامين,405,3922966,238830170080,57990,60880,60880,2890,4.98,60880,2890,4.98,60880,60880,1399-7-16
407,قچار,فراوردههاي غذايي وقند چهارمحال,401,291135,57775608857,195788,199430,199700,3912,2.0,198450,2662,1.36,190000,205000,1399-7-16
408,خراسان,پتروشيمي خراسان,399,263199,23178483240,87970,88800,87010,-960,-1.09,88000,30,0.03,86610,91530,1399-7-16
409,سهرمز,سيمان‌هرمزگان‌,396,2809179,48306908380,16390,17200,17200,810,4.94,17130,740,4.51,16680,17200,1399-7-16
410,وملي,گروه‌ صنعتي‌ ملي‌ (هلدينگ‌,389,81210,38343301500,496990,472150,472150,-24840,-5.0,476600,-20390,-4.1,472150,472150,1399-7-16
411,پرداخت,به پرداخت ملت,377,613901,26424875400,39620,43000,43220,3600,9.09,41280,1660,4.19,43000,43900,1399-7-16
412,سقاين,سيمان‌ قائن‌,376,451018,19418133930,42970,45000,43800,830,1.93,43000,30,0.07,41510,45050,1399-7-16
413,واحصا,احياء صنايع خراسان,372,530127,9336432818,17876,18412,17350,-526,-2.94,17753,-123,-0.69,17340,18412,1399-7-16
414,شتوكا,توكا رنگ فولاد سپاهان,364,455418,13590749746,28489,29800,29540,1051,3.69,28859,370,1.3,28500,29913,1399-7-16
415,فجام,جام‌دارو,364,257250,14776440000,60460,57440,57440,-3020,-5.0,59510,-950,-1.57,57440,57440,1399-7-16
416,بخاور,بيمه زندگي خاورميانه,356,7392032,53106292814,6843,7185,7185,342,5.0,7184,341,4.98,7020,7185,1399-7-16
417,نمرينو,ايران‌ مرينوس‌,350,324330,19685091670,58780,61580,58780,0,0.0,59610,830,1.41,58780,61710,1399-7-16
418,ثجوان,تامين مسكن جوانان,343,2407661,18217187673,7239,7590,7600,361,4.99,7548,309,4.27,7400,7600,1399-7-16
419,كيميا,معدني كيمياي زنجان گستران,343,2080486,57947746189,26527,27853,27853,1326,5.0,27853,1326,5.0,27798,27853,1399-7-16
420,زبينا,كشاورزي و دامپروري بينالود,342,1076249,51290798593,50165,47657,47657,-2508,-5.0,47657,-2508,-5.0,47657,47657,1399-7-16
421,قثابت,قند ثابت‌ خراسان‌,341,315400,28130526000,84950,89190,89190,4240,4.99,86940,1990,2.34,89190,89190,1399-7-16
422,دسينا,داروسازي‌ سينا,339,309782,8708749820,27310,28600,27890,580,2.12,27450,140,0.51,27270,28670,1399-7-16
423,فروس,فروسيليس‌ ايران‌,337,980973,21983604930,21350,22410,22410,1060,4.96,21750,400,1.87,22410,22410,1399-7-16
424,مداران,داده‌پردازي‌ايران‌,337,2694216,76139125900,26930,28270,28270,1340,4.98,28260,1330,4.94,27110,28270,1399-7-16
425,دارا,صندوق س. دارا الگوريتم-د,335,9507099,95459280383,10050,10021,10041,-9,-0.09,10041,-9,-0.09,10020,10050,1399-7-16
426,سكه9912پ04,سكه تمام بهارتحويل1روزه صادرات,331,91900,129546894500,1434397,1428999,1421900,-12497,-0.87,1409651,-24746,-1.73,1400000,1428999,1399-7-16
427,زپارس,ملي كشت و صنعت و دامپروري پارس,331,312002,21832077530,69510,72850,69500,-10,-0.01,69720,210,0.3,68250,72850,1399-7-16
428,خچرخش,چرخشگر,330,1049995,21188899100,22420,20180,20180,-2240,-9.99,21360,-1060,-4.73,20180,20180,1399-7-16
429,حخزر,كشتيراني درياي خزر,328,576626,13336466207,22751,23700,23180,429,1.89,22849,98,0.43,22252,23888,1399-7-16
430,پسهند,صنايع‌ لاستيكي‌  سهند,328,603953,33104042620,52350,54890,54960,2610,4.99,53780,1430,2.73,52930,54960,1399-7-16
431,سكه0012پ01,سكه تمام بهارتحويلي 1روزه رفاه,326,93900,132608566900,1439906,1425900,1422000,-17906,-1.24,1412232,-27674,-1.92,1390100,1425900,1399-7-16
432,مفاخر,توسعه فناوري اطلاعات خوارزمي,324,1313962,65171957796,47239,49600,49600,2361,5.0,49600,2361,5.0,49269,49600,1399-7-16
433,دجابر,داروسازي‌ جابرابن‌حيان‌,319,709818,30526463420,40970,43010,43010,2040,4.98,42130,1160,2.83,42500,43010,1399-7-16
434,غدام,خوراك‌  دام‌ پارس‌,315,337314,51083310230,144570,145460,151790,7220,4.99,151110,6540,4.52,145460,151790,1399-7-16
435,كاسپينح,ح .داروسازي كاسپين تامين,314,935968,21509304170,21924,23020,23020,1096,5.0,22981,1057,4.82,22066,23020,1399-7-16
436,اخزا815,اسنادخزانه-م15بودجه98-010406,314,478330,350213813554,735599,735800,734500,-1099,-0.15,732159,-3440,-0.47,730129,735800,1399-7-16
437,غبهنوش,بهنوش‌ ايران‌,313,257006,15573014660,57840,60730,60730,2890,5.0,58670,830,1.43,58010,60730,1399-7-16
438,ضخود1044,اختيارخ خودرو-4000-1399/10/07,311,12795,6078175000,285,448,500,215,75.44,475,190,66.67,440,500,1399-7-16
439,دزهراوي,داروسازي‌زهراوي‌,310,1424012,15963174520,10680,11210,11210,530,4.96,10850,170,1.59,11210,11210,1399-7-16
440,والبر,سرمايه‌ گذاري‌ البرز(هلدينگ‌,308,2284423,40594196710,16930,17770,17770,840,4.96,17550,620,3.66,17770,17770,1399-7-16
441,وتوس,توسعه‌شهري‌توس‌گستر,298,1838482,63501168280,32900,34540,34540,1640,4.98,34540,1640,4.98,34540,34540,1399-7-16
442,فمراد,آلومراد,298,82434,11532516600,155440,139900,139900,-15540,-10.0,151450,-3990,-2.57,139900,139900,1399-7-16
443,دپارس,پارس‌ دارو,295,440078,44619756930,97890,102780,101900,4010,4.1,100810,2920,2.98,98030,102780,1399-7-16
444,ثنظام,س. ساختماني نظام مهندسي ايران,294,400652,18030256022,46379,44988,44988,-1391,-3.0,45024,-1355,-2.92,44988,46378,1399-7-16
445,شاملاح,ح . معدني‌ املاح‌  ايران‌,293,443541,26789754010,54940,60430,60430,5490,9.99,60400,5460,9.94,58800,60430,1399-7-16
446,بنو,بيمه تجارت نو,292,2618374,79046092686,28752,30189,30189,1437,5.0,30189,1437,5.0,30189,30189,1399-7-16
447,تپمپي,پمپ‌ سازي‌ ايران‌,291,968131,44553388620,51130,46020,46020,-5110,-9.99,46050,-5080,-9.94,46020,46020,1399-7-16
448,تسه9903,امتياز تسهيلات مسكن خرداد99,289,3757,3336544009,867198,861522,895001,27803,3.21,888087,20889,2.41,850000,910557,1399-7-16
449,دكيمي,كيميدارو,288,339760,8099860320,23920,23570,23300,-620,-2.59,23910,-10,-0.04,23010,24800,1399-7-16
450,سباقر,سيمان باقران,285,824983,16624232433,19565,20151,20151,586,3.0,20021,456,2.33,20151,20151,1399-7-16
451,تاپكيشح,ح.تجارت الكترونيك پارسيان كيش,285,962265,8294440975,9071,8618,8618,-453,-4.99,8620,-451,-4.97,8618,8900,1399-7-16
452,گپارس,امور رفاهي كارگزاران پارس,281,236589,27932337503,116126,120594,124211,8085,6.96,118063,1937,1.67,116977,124211,1399-7-16
453,كمرجان,بازرگاني و توليدي مرجان كار,276,321898,15627826002,46238,48549,48549,2311,5.0,46896,658,1.42,48549,48549,1399-7-16
454,سبجنو,سيمان‌ بجنورد,272,300755,10008580270,32580,34200,33800,1220,3.74,32720,140,0.43,32000,34200,1399-7-16
455,زمگسا,كشاورزي‌ ودامپروي‌ مگسال‌,270,428834,11490380890,26810,28070,26910,100,0.37,26810,0,0.0,25700,28120,1399-7-16
456,سفارس,سيمان فارس و خوزستان,268,1495227,24940386360,15890,16680,16680,790,4.97,16250,360,2.27,16680,16680,1399-7-16
457,قهكمت,قندهكمتان‌,267,339608,15411373140,43510,45600,45180,1670,3.84,44080,570,1.31,42150,45680,1399-7-16
458,كسرا,سراميك‌هاي‌صنعتي‌اردكان‌,264,985131,19948902750,19290,20250,20250,960,4.98,19680,390,2.02,20250,20250,1399-7-16
459,زعف9908پ10,زعفران9908نگين طلاي سرخ(پ),259,182223,16836658820,88463,91500,92886,4423,5.0,92396,3933,4.45,89260,92886,1399-7-16
460,نيرو,نيرو سرمايه,258,664501,34075241870,53958,51261,51261,-2697,-5.0,51279,-2679,-4.96,51261,52360,1399-7-16
461,بذر,صندوق س بذر اميد آفرين-سهام,256,65473,7691371620,113250,117990,118200,4950,4.37,117470,4220,3.73,116300,119970,1399-7-16
462,غپآذر,شير پگاه آذربايجان شرقي,256,126639,6889637286,56806,54100,53966,-2840,-5.0,56451,-355,-0.62,53966,56990,1399-7-16
463,وشهر,بانك شهر,255,6228562,58417682998,9570,9379,9379,-191,-2.0,9379,-191,-2.0,9379,9379,1399-7-16
464,ستران,سيمان‌ تهران‌,255,649117,21524719720,31590,33160,33160,1570,4.97,32220,630,1.99,33160,33160,1399-7-16
465,صايند,صندوق س. گنجينه آينده روشن-د,254,6530420,64785395490,9943,9985,9940,-3,-0.03,9921,-22,-0.22,9900,9985,1399-7-16
466,تسه9810,امتياز تسهيلات مسكن دي98,251,4837,4272634284,868113,835200,911518,43405,5.0,883323,15210,1.75,835200,911518,1399-7-16
467,دروز,داروسازي‌ روزدارو,248,572159,10651194030,19540,18570,18620,-920,-4.71,19330,-210,-1.07,18570,19890,1399-7-16
468,تماوند,تامين سرمايه دماوند,246,1602652,22701565580,13753,14165,14165,412,3.0,14165,412,3.0,14165,14165,1399-7-16
469,بهپاك,صنعتي بهپاك,243,2149778,69252948492,30680,32214,32214,1534,5.0,32214,1534,5.0,32214,32214,1399-7-16
470,خرينگ,رينگ‌سازي‌مشهد,241,737489,19513958940,25200,26460,26460,1260,5.0,25720,520,2.06,26460,26460,1399-7-16
471,وثنو,سرمايه گذاري ساختماني نوين,240,818139,13990176900,17999,17100,17100,-899,-4.99,17316,-683,-3.79,17100,17100,1399-7-16
472,تسه9709,امتياز تسهيلات مسكن آذر97,239,3309,2893509296,864249,862542,885000,20751,2.4,874436,10187,1.18,858110,894999,1399-7-16
473,شرانل,نفت ايرانول,238,2466916,72635874704,28042,29444,29444,1402,5.0,29444,1402,5.0,29444,29444,1399-7-16
474,ضخود1043,اختيارخ خودرو-3500-1399/10/07,237,8771,6222032000,570,790,700,130,22.81,709,139,24.39,600,790,1399-7-16
475,دلر,داروسازي‌ اكسير,236,309885,32504187850,99910,104900,104900,4990,4.99,102930,3020,3.02,104000,104900,1399-7-16
476,سجام,مجتمع سيمان غرب آسيا,236,1234314,14883173414,12370,12725,11999,-371,-3.0,12121,-249,-2.01,11999,12725,1399-7-16
477,توريل,توکاريل,229,1837693,39697844186,20574,21602,21602,1028,5.0,21276,702,3.41,21602,21602,1399-7-16
478,تبرك,گروه كارخانجات صنعتي تبرك,229,203308,5730439288,29669,28186,28186,-1483,-5.0,29488,-181,-0.61,28186,28186,1399-7-16
479,كمينا,شيشه سازي مينا,228,553599,17660572429,32874,31888,31888,-986,-3.0,31980,-894,-2.72,31888,32790,1399-7-16
480,فاما,صنعتي‌ آما,228,798375,17699973750,21120,22170,22170,1050,4.97,21440,320,1.52,22170,22170,1399-7-16
481,وبشهر,توسعه‌ صنايع‌ بهشهر(هلدينگ,228,2482471,44858250970,17210,18070,18070,860,5.0,17860,650,3.78,18070,18070,1399-7-16
482,سصوفي,سيمان‌ صوفيان‌,226,1055073,15087543900,13620,14300,14300,680,4.99,13800,180,1.32,14300,14300,1399-7-16
483,لپارس,پارس‌ الكتريك‌,224,32275,11524111500,375850,357060,357060,-18790,-5.0,371210,-4640,-1.23,357060,357060,1399-7-16
484,كترام,توليدي‌ كاشي‌ تكسرام‌,221,592108,11629001120,18710,19640,19640,930,4.97,18910,200,1.07,19640,19640,1399-7-16
485,سيستم,همكاران سيستم,217,490608,14055324890,27610,28990,28990,1380,5.0,27880,270,0.98,28150,28990,1399-7-16
486,هصيكو402,اختيارف ت تاصيكو13500-00/02/20,215,925308,683802612,845,739,739,-106,-12.54,739,-106,-12.54,739,739,1399-7-16
487,ريشمك,توليد و صادرات ريشمك,210,1004028,37408075224,35484,37258,37258,1774,5.0,36748,1264,3.56,37258,37258,1399-7-16
488,آكورد,صندوق س. آرمان آتي كوثر-د,208,5644996,162516595244,28766,28792,28780,14,0.05,28789,23,0.08,28770,28798,1399-7-16
489,وآذر,سرمايه‌گذاري‌توسعه‌آذربايجان‌,206,421647,59363681130,134090,140790,140790,6700,5.0,140790,6700,5.0,140790,140790,1399-7-16
490,اخزا808,اسنادخزانه-م8بودجه98-000817,206,167103,139053671895,831240,829000,832236,996,0.12,832143,903,0.11,829000,834000,1399-7-16
491,سخوز,سيمان خوزستان,203,2284159,54271617840,22630,23760,23760,1130,4.99,23690,1060,4.68,23760,23760,1399-7-16
492,تسه9710,امتياز تسهيلات مسكن دي 97,203,2817,2501096523,860719,818005,903754,43035,5.0,887858,27139,3.15,818005,903754,1399-7-16
493,تسه9708,امتياز تسهيلات مسكن آبان97,203,3101,2715322568,860284,870284,880000,19716,2.29,875628,15344,1.78,860284,889298,1399-7-16
494,غمارگ,مارگارين‌,202,657247,16391740180,23760,24940,24940,1180,4.97,24150,390,1.64,24940,24940,1399-7-16
495,شجم,صنايع پتروشيمي تخت جمشيد,199,2785857,22534797273,7854,8089,8089,235,2.99,8089,235,2.99,8089,8089,1399-7-16
496,ياقوت,صندوق س ياقوت آگاه-ثابت,199,5960960,66198004050,11110,11110,11110,0,0.0,11110,0,0.0,11100,11130,1399-7-16
497,ضجار7022,اختيارخ وتجارت-2800-1399/07/22,198,5354,2415704000,395,395,490,95,24.05,451,56,14.18,340,519,1399-7-16
498,واعتبار,سرمايه گذاري اعتبار ايران,197,5248428,39783084240,7970,7580,7580,-390,-4.89,7640,-330,-4.14,7580,7580,1399-7-16
499,گوهر,صندوق سكه طلاي كيان,196,118002,8443571512,73142,72907,71698,-1444,-1.97,71554,-1588,-2.17,71010,72907,1399-7-16
500,قشهد,شهد,196,265438,8105938480,31640,30060,30060,-1580,-4.99,31450,-190,-0.6,30060,33000,1399-7-16
501,حتوكا,حمل‌ونقل‌توكا,195,748403,12296261290,15650,16430,16430,780,4.98,15830,180,1.15,16430,16430,1399-7-16
502,شزنگ,تجهيزنيروي‌زنگان‌,195,139465,12750418576,89462,92145,86779,-2683,-3.0,90659,1197,1.34,86779,92145,1399-7-16
503,كيسون,شركت كيسون,194,1838518,38893848290,22268,21155,21155,-1113,-5.0,21253,-1015,-4.56,21155,21155,1399-7-16
504,دابور,داروسازي‌ ابوريحان‌,193,280369,12503531560,42490,44590,44610,2120,4.99,42960,470,1.11,44000,44610,1399-7-16
505,هغدير912,اختيارف ت غدير-17380-99/12/16,189,1574163,157416300,682,100,100,-582,-85.34,100,-582,-85.34,100,100,1399-7-16
506,كاسپين,داروسازي كاسپين تامين,189,1985661,51651963742,24776,26014,26014,1238,5.0,25992,1216,4.91,25001,26014,1399-7-16
507,كمنگنز,معادن‌منگنزايران‌,188,143748,14757169680,97780,102660,102660,4880,4.99,99020,1240,1.27,102660,102660,1399-7-16
508,تسه9901,امتياز تسهيلات مسكن فروردين99,188,3259,2922715281,869927,869927,913423,43496,5.0,896813,26886,3.09,869927,913423,1399-7-16
509,آساميد2,صندوق س.مشترك آسمان اميد -د,185,18500000,18500000,10776,1,1,-10775,-99.99,1,-10775,-99.99,1,1,1399-7-16
510,تسه9812,امتياز تسهيلات مسكن اسفند98,185,2493,2216342218,853539,890000,896215,42676,5.0,889026,35487,4.16,861000,896215,1399-7-16
511,لخزر,پارس‌ خزر,183,68390,14405081240,220250,209240,209240,-11010,-5.0,217350,-2900,-1.32,209240,226000,1399-7-16
512,اخزا817,اسنادخزانه-م17بودجه98-010512,182,267282,191760350525,720135,718940,717500,-2635,-0.37,717446,-2689,-0.37,716000,719003,1399-7-16
513,ضجار1015,اختيارخ وتجارت-3500-1399/10/21,182,5927,3400554000,409,600,635,226,55.26,574,165,40.34,476,669,1399-7-16
514,بزاگرس,نيروگاه زاگرس كوثر,175,569262,8520713616,15755,14968,14968,-787,-5.0,15612,-143,-0.91,14968,14968,1399-7-16
515,ثقزوي,شركت عمران و سازندگي قزوين,173,775715,21682009965,27137,27951,27951,814,3.0,27951,814,3.0,27951,27951,1399-7-16
516,سنير,سيمان‌ سفيد ني‌ريز,173,164199,13700764560,87830,83440,83440,-4390,-5.0,86450,-1380,-1.57,83440,83440,1399-7-16
517,دمعيار,صندوق س. توازن معيار-د,173,2698240,27070661010,9435,10030,10025,590,6.25,10033,598,6.34,10021,10047,1399-7-16
518,وتعاون,بيمه  تعاون,172,1678719,9789501259,5967,5790,6060,93,1.56,5898,-69,-1.16,5788,6120,1399-7-16
519,رانفور,خدمات‌انفورماتيك‌,169,421389,12464686620,28180,29580,29580,1400,4.97,28360,180,0.64,29580,29580,1399-7-16
520,دشيري,شيرين دارو,169,52048,9770844568,196192,186383,186383,-9809,-5.0,191860,-4332,-2.21,186383,206000,1399-7-16
521,سنوين,سرمايه گذاري اقتصاد نوين,168,846251,9911550615,11507,11620,11737,230,2.0,11699,192,1.67,11620,11737,1399-7-16
522,وپست,پست بانك ايران,167,2232077,24753733930,10570,11090,11090,520,4.92,10800,230,2.18,11090,11090,1399-7-16
523,بميلا,توسعه بازرگاني آهن وفولادميلاد,167,618845,22650017748,37681,36551,36551,-1130,-3.0,36600,-1081,-2.87,36551,38000,1399-7-16
524,وپخش,داروپخش‌ (هلدينگ‌,164,126349,16050743340,121040,127090,127090,6050,5.0,122790,1750,1.45,124500,127090,1399-7-16
525,غگلپا,شير پاستوريزه پگاه گلپايگان,162,204355,14966960200,77094,73240,73240,-3854,-5.0,75878,-1216,-1.58,73240,73240,1399-7-16
526,فنفت,صنايع تجهيزات نفت,160,432795,6205528370,14681,15118,14241,-440,-3.0,14573,-108,-0.74,14241,15118,1399-7-16
527,وجامي,سرمايه گذاري جامي,160,1391850,17162902350,11972,12331,12331,359,3.0,12264,292,2.44,12331,12331,1399-7-16
528,تسه9802,امتياز تسهيلات مسكن ارديبهشت98,156,1328,1162153197,866863,840011,910206,43343,5.0,875115,8252,0.95,840011,910206,1399-7-16
529,ضجار7024,اختيارخ وتجارت-3200-1399/07/22,154,6740,989175000,106,170,180,74,69.81,147,41,38.68,105,190,1399-7-16
530,شفارس,صنايع‌ شيميايي‌ فارس‌,154,1436675,57711234750,38260,40170,40170,1910,4.99,40170,1910,4.99,40170,40170,1399-7-16
531,ضخود1042,اختيارخ خودرو-3000-1399/10/07,153,3919,3970527000,716,1059,1070,354,49.44,1013,297,41.48,877,1098,1399-7-16
532,تسه9811,امتياز تسهيلات مسكن بهمن98,148,1742,1544916400,869039,841222,912490,43451,5.0,886864,17825,2.05,841222,912490,1399-7-16
533,پارسيان,بيمه پارسيان,147,4310985,59189824050,13080,13730,13730,650,4.97,13730,650,4.97,13730,13730,1399-7-16
534,ضجار1014,اختيارخ وتجارت-3000-1399/10/21,146,3447,2952088000,669,900,899,230,34.38,856,187,27.95,791,900,1399-7-16
535,سفارود,كارخانه فارسيت درود,145,736539,5568234840,7412,7560,7560,148,2.0,7489,77,1.04,7560,7560,1399-7-16
536,وتوشه,سرمايه‌ گذاري‌ پارس‌ توشه‌,145,1816954,39028171920,20460,21480,21480,1020,4.99,21290,830,4.06,21480,21480,1399-7-16
537,ساروم,سيمان‌اروميه‌,144,358766,9722558600,25810,27100,27100,1290,5.0,26040,230,0.89,27100,27100,1399-7-16
538,تسه9801,امتياز تسهيلات مسكن فروردين98,143,1641,1446071346,853199,880000,895858,42659,5.0,881213,28014,3.28,810540,895858,1399-7-16
539,ضصاد8024,اختيارخ وبصادر-5500-1399/08/11,143,7491,483661000,42,80,89,47,111.9,65,23,54.76,40,100,1399-7-16
540,تسه9711,امتياز تسهيلات مسكن بهمن 97,140,1275,1111617983,833235,835000,874896,41661,5.0,871857,38622,4.64,835000,874896,1399-7-16
541,هملت911,اختيارف ت ملت-6770-99/11/25,137,1000000,733000000,980,733,733,-247,-25.2,733,-247,-25.2,733,733,1399-7-16
542,فنوال,نورد آلومينيوم‌,136,208211,7289467110,36850,35010,35010,-1840,-4.99,36560,-290,-0.79,35010,35010,1399-7-16
543,اخزا809,اسنادخزانه-م9بودجه98-000923,135,201826,164675460142,819085,817002,815921,-3164,-0.39,815928,-3157,-0.39,812131,820000,1399-7-16
544,سپاس,صندوق س. پاداش سهامداري توسعه1,134,3039591,30471377680,10160,10020,10030,-130,-1.28,10020,-140,-1.38,10010,10040,1399-7-16
545,خكمك,كمك‌فنرايندامين‌,134,335593,18514665810,58070,55170,55170,-2900,-4.99,56930,-1140,-1.96,55170,55170,1399-7-16
546,صنوين,صندوق سرمايه‌گذاري صنوين-مختلط,133,27841,3067736540,110880,110690,110150,-730,-0.66,110190,-690,-0.62,110000,111000,1399-7-16
547,اخزا818,اسنادخزانه-م18بودجه98-010614,132,214368,151033419114,708702,709000,704002,-4700,-0.66,704552,-4150,-0.59,700000,709000,1399-7-16
548,تسه9803,امتياز تسهيلات مسكن خرداد98,131,1523,1314997798,822311,863426,863426,41115,5.0,863426,41115,5.0,863426,863426,1399-7-16
549,خفنر,فنرسازي‌خاور,131,74462,1472113740,20810,19770,19770,-1040,-5.0,20780,-30,-0.14,19770,19770,1399-7-16
550,پلوله,گازلوله‌,130,1384027,26908287184,19638,19442,19447,-191,-0.97,19442,-196,-1.0,19442,19447,1399-7-16
551,اخزا814,اسنادخزانه-م14بودجه98-010318,130,339226,253024208688,745528,746000,746301,773,0.1,745887,359,0.05,742014,746490,1399-7-16
552,ثعمرا,عمران و توسعه شاهد,127,825655,19940393905,25422,24151,24151,-1271,-5.0,24860,-562,-2.21,24151,24151,1399-7-16
553,تسه9809,امتياز تسهيلات مسكن آذر98,125,1668,1471377349,867079,825666,910432,43353,5.0,882121,15042,1.73,825666,910432,1399-7-16
554,وسخراج,شركت س استان خراسان جنوبي,124,1195477,2594185090,2280,2170,2170,-110,-4.82,2270,-10,-0.44,2170,2170,1399-7-16
555,ولتجار,واسپاري تجارت وسرمايه ايرانيان,122,1044376,6936745392,6847,6642,6642,-205,-2.99,6773,-74,-1.08,6642,6642,1399-7-16
556,دتماد,توليدمواداوليه‌داروپخش‌,122,141380,6838550600,46070,48370,48370,2300,4.99,46330,260,0.56,48370,48370,1399-7-16
557,كيان2,صندوق س. با درآمد ثابت كيان,121,12018511,12018511,25420,1,1,-25419,-100.0,1,-25419,-100.0,1,1,1399-7-16
558,سبهان,سيمان‌ بهبهان‌,120,771798,47974963680,59200,62160,62160,2960,5.0,61810,2610,4.41,62160,62160,1399-7-16
559,دفرا,فرآورده‌هاي‌ تزريقي‌ ايران‌,118,334197,8858095300,27860,27860,26470,-1390,-4.99,27610,-250,-0.9,26470,27860,1399-7-16
560,تسه9712,امتياز تسهيلات مسكن اسفند97,118,1280,1088339500,810000,850500,850500,40500,5.0,850265,40265,4.97,829000,850500,1399-7-16
561,ثپرديس,سرمايه گذاري مسكن پرديس,117,1676097,22211637444,13949,13252,13252,-697,-5.0,13621,-328,-2.35,13252,13252,1399-7-16
562,سكه0112پ03,سكه تمام بهارتحويلي1روزه سامان,116,56900,80354437200,1428543,1410000,1420000,-8543,-0.6,1412204,-16339,-1.14,1400000,1424999,1399-7-16
563,هبركت912,اختيارف ت بركت-22100-99/12/17,115,107725,417326650,4241,3874,3874,-367,-8.65,3874,-367,-8.65,3874,3874,1399-7-16
564,فيروزا,صندوق بادرآمد ثابت فيروزه آسيا,114,1877220,39592342970,21060,21060,21120,60,0.28,21090,30,0.14,21060,21130,1399-7-16
565,سمتاز,سيمان ممتازان كرمان,114,156682,3346923049,20930,21557,21557,627,3.0,21001,71,0.34,21000,21557,1399-7-16
566,اخزا811,اسنادخزانه-م11بودجه98-001013,113,277918,225771881544,811548,806101,812055,507,0.06,812369,821,0.1,805800,818700,1399-7-16
567,قاسم,قاسم ايران,113,343504,5196528512,15924,15128,15128,-796,-5.0,15836,-88,-0.55,15128,15128,1399-7-16
568,تسه9808,امتياز تسهيلات مسكن آبان98,111,2001,1772867654,868052,900000,900000,31948,3.68,885991,17939,2.07,860001,911000,1399-7-16
569,غگلستا,شير پاستوريزه پگاه گلستان,107,266042,4012179402,15874,15081,15081,-793,-5.0,15806,-68,-0.43,15081,15081,1399-7-16
570,سيدكو,سرمايه گذاري توسعه صنايع سيمان,105,3413958,25468126680,7110,7460,7460,350,4.92,7270,160,2.25,7460,7460,1399-7-16
571,شكبير,پتروشيمي اميركبير,101,149234,8713992228,60193,58388,58390,-1803,-3.0,60006,-187,-0.31,58388,59990,1399-7-16
572,ذوب تبعي9912,اختيارف.تبعي ذوب991224,100,266707,216032670,1600,810,810,-790,-49.38,810,-790,-49.38,810,810,1399-7-16
573,قپيرا,فرآورده‌هاي‌غدايي‌وقندپيرانشهر,100,67653,5592196980,78730,82660,82660,3930,4.99,79150,420,0.53,82660,82660,1399-7-16
574,ضجار7025,اختيارخ وتجارت-3400-1399/07/22,100,7472,583767000,53,60,96,43,81.13,78,25,47.17,50,98,1399-7-16
575,تسه9806,امتياز تسهيلات مسكن شهريور98,97,1741,1534460470,864344,865000,907561,43217,5.0,881367,17023,1.97,830000,907561,1399-7-16
576,دارو,كارخانجات‌داروپخش‌,97,292104,16547691600,53960,56650,56650,2690,4.99,54760,800,1.48,56650,56650,1399-7-16
577,كقزوي,شيشه‌ قزوين‌,93,478120,4915551720,10598,10281,10281,-317,-2.99,10517,-81,-0.76,10281,10281,1399-7-16
578,تسه9707,امتياز تسهيلات مسكن مهر97,91,1032,849354910,841687,800000,883761,42074,5.0,823018,-18669,-2.22,799603,883771,1399-7-16
579,تپولا,مهندسي مرآت پولاد,91,1209138,24524946054,19693,20283,20283,590,3.0,20283,590,3.0,20283,20283,1399-7-16
580,الماس,صندوق س.امين تدبيرگران فردا-س,90,29462,3682813924,124930,122530,123950,-980,-0.78,125002,72,0.06,121120,127000,1399-7-16
581,هشير911,اختيارف ت شيراز-73480-99/11/27,87,45999,329766831,7454,7169,7169,-285,-3.82,7169,-285,-3.82,7169,7169,1399-7-16
582,حاريا,كشتيراني آريا,87,634509,21544118586,32966,33954,33954,988,3.0,33897,931,2.82,33954,33954,1399-7-16
583,ساروج,بين المللي ساروج بوشهر,86,196350,4161906998,21670,22320,21020,-650,-3.0,21569,-101,-0.47,21020,22320,1399-7-16
584,هبهرن912,اختيارف ت شبهرن-74590-99/12/02,86,38269,237152993,7722,6197,6197,-1525,-19.75,6197,-1525,-19.75,6197,6197,1399-7-16
585,ضجار7023,اختيارخ وتجارت-3000-1399/07/22,84,3394,954148000,205,190,296,91,44.39,281,76,37.07,188,329,1399-7-16
586,وثوق,سرمايه گذاري وثوق امين,83,145230,2260940640,16049,15568,15568,-481,-3.0,15993,-56,-0.35,15568,15568,1399-7-16
587,شفارا,پتروشيمي فارابي,83,545299,2891720597,5467,5303,5303,-164,-3.0,5442,-25,-0.46,5303,5303,1399-7-16
588,ضخود1041,اختيارخ خودرو-2500-1399/10/07,83,1211,1575673000,1094,1375,1350,256,23.4,1301,207,18.92,1170,1376,1399-7-16
589,كسعدي,كاشي‌ سعدي‌,82,817240,51355361600,66140,62840,62840,-3300,-4.99,62840,-3300,-4.99,62840,62840,1399-7-16
590,ضخود1045,اختيارخ خودرو-4500-1399/10/07,82,2148,666184000,172,340,369,197,114.53,310,138,80.23,275,369,1399-7-16
591,سهگمت,سيمان‌هگمتان‌,79,1569331,30146848510,18300,19210,19210,910,4.97,18810,510,2.79,19210,19210,1399-7-16
592,تسه9807,امتياز تسهيلات مسكن مهر98,77,1144,1008060604,856287,841000,899101,42814,5.0,881172,24885,2.91,821122,899101,1399-7-16
593,زنجان,صنايع كشاورزي وكود زنجان,77,533993,3634356358,7016,6806,6806,-210,-2.99,6976,-40,-0.57,6806,6806,1399-7-16
594,اخزا806,اسنادخزانه-م6بودجه98-000519,76,129620,112059750649,865398,860000,866000,602,0.07,864525,-873,-0.1,860000,866000,1399-7-16
595,سلار,شركت سيمان لارستان,75,113789,3132171564,28369,27518,27518,-851,-3.0,28229,-140,-0.49,27518,27600,1399-7-16
596,ثزاگرس,سرمايه گذاري توسعه عمران زاگرس,75,215039,5934216244,26793,27596,27596,803,3.0,27011,218,0.81,27596,27596,1399-7-16
597,زعف9908پ14,زعفران9908پوشالمعمول نوين(پ),73,21634,1692957543,74696,77000,78430,3734,5.0,78254,3558,4.76,73000,78430,1399-7-16
598,كگاز,شيشه‌ و گاز,72,92894,2258253140,25580,24310,24310,-1270,-4.96,25520,-60,-0.23,24310,24310,1399-7-16
599,كپارس,كاشي‌ پارس‌,72,1026332,87874545840,81550,85620,85620,4070,4.99,85620,4070,4.99,85620,85620,1399-7-16
600,ثغرب,شركت سرمايه گذاري مسكن شمالغرب,71,1639307,22373261936,14366,13648,13648,-718,-5.0,14027,-339,-2.36,13648,13648,1399-7-16
601,وسنا,سرمايه گذاري نيروگاهي ايران,70,1383544,27878411600,20773,20150,20150,-623,-3.0,20150,-623,-3.0,20150,20150,1399-7-16
602,ثاژن,سخت آژند,70,2855193,26847379779,9794,9403,9403,-391,-3.99,9403,-391,-3.99,9403,9403,1399-7-16
603,ارمغان,ص سرمايه گذاري ارمغان ايرانيان,70,1682873,16866566570,10170,10010,10030,-140,-1.38,10020,-150,-1.47,10000,10030,1399-7-16
604,هاباد912,اختيارف ت آبادا-30100-99/12/12,69,55083,191909172,3647,3484,3484,-163,-4.47,3484,-163,-4.47,3484,3484,1399-7-16
605,اوصتا,صندوق انديشه ورزان صباتامين -د,69,2479100,41731917216,16924,16800,16850,-74,-0.44,16833,-91,-0.54,16761,16850,1399-7-16
606,پست9908-02,پسته فندقي32-30طلاسبززرند9908,68,1676,3032819304,1729937,1816433,1816433,86496,5.0,1809558,79621,4.6,1700045,1816433,1399-7-16
607,گنجين,صندوق س. گنجينه يكم آويد-د,67,1972716,22507327922,11390,11410,11418,28,0.25,11409,19,0.17,11359,11419,1399-7-16
608,تكنار,مجتمع معادن مس تكنار,67,40783,3572794715,85054,87605,87605,2551,3.0,85489,435,0.51,87605,87605,1399-7-16
609,پكويرح,ح. كوير تاير,66,1251787,15021444000,11630,12000,12000,370,3.18,12000,370,3.18,12000,12000,1399-7-16
610,كساپا,سايپاشيشه‌,65,88461,1757720070,20910,19870,19870,-1040,-4.97,20870,-40,-0.19,19870,19870,1399-7-16
611,فولاي,صنايع فولاد آلياژي يزد,64,22431,1123950117,52744,50107,50107,-2637,-5.0,52681,-63,-0.12,50107,50107,1399-7-16
612,هخود911,اختيارف ت خودرو-3680-99/11/20,64,1000000,346000000,484,346,346,-138,-28.51,346,-138,-28.51,346,346,1399-7-16
613,جهرم,پتروشيمي جهرم,63,486834,1596815520,3381,3280,3280,-101,-2.99,3373,-8,-0.24,3280,3280,1399-7-16
614,اخزا816,اسنادخزانه-م16بودجه98-010503,62,180585,130419477443,723631,722151,722450,-1181,-0.16,722205,-1426,-0.2,722000,723000,1399-7-16
615,سخند,صندوق س.سپهرخبرگان نفت-د,62,795800,7960892790,10104,10000,10005,-99,-0.98,10004,-100,-0.99,9905,10019,1399-7-16
616,ضخود1040,اختيارخ خودرو-2000-1399/10/07,62,961,1734350000,1591,1700,1844,253,15.9,1805,214,13.45,1700,1844,1399-7-16
617,شصفها,پتروشيمي‌ اصفهان‌,60,29171,2611417091,87766,89521,89521,1755,2.0,88193,427,0.49,89521,89521,1399-7-16
618,هشفن911,اختيارف ت شفن-318060-99/11/26,60,20000,149000000,1508,7450,7450,5942,394.03,7450,5942,394.03,7450,7450,1399-7-16
619,خكار,ايركا پارت صنعت,58,66187,2331106140,37070,35220,35220,-1850,-4.99,36980,-90,-0.24,35220,35220,1399-7-16
620,ثنور,سرمايه گذاري كوه نور,56,151902,1195772544,8115,7872,7872,-243,-2.99,8100,-15,-0.18,7872,7872,1399-7-16
621,كصدف,كاشي صدف سرام استقلال آباده,56,462816,7766052480,16292,16780,16780,488,3.0,16476,184,1.13,16780,16780,1399-7-16
622,تسه9804,امتياز تسهيلات مسكن تير98,56,812,695610356,815870,856663,856663,40793,5.0,856663,40793,5.0,856663,856663,1399-7-16
623,كيا,كيا الكترود شرق,56,1350000,6547500000,4699,4850,4850,151,3.21,4850,151,3.21,4850,4850,1399-7-16
624,دقاضي,داروسازي شهيد قاضي,55,21038,2007742032,93613,90894,92540,-1073,-1.15,93792,179,0.19,90894,96418,1399-7-16
625,فسا,پتروشيمي فسا,54,517356,1536547320,3061,2970,2970,-91,-2.97,3054,-7,-0.23,2970,2970,1399-7-16
626,ضملي1153,اختيارخ فملي-20280-1399/11/05,53,692,1298738000,1649,2000,1997,348,21.1,1877,228,13.83,1756,2000,1399-7-16
627,نتوس,پشم‌ بافي‌ توس,53,89748,975650508,11207,10871,10871,-336,-3.0,11190,-17,-0.15,10871,10871,1399-7-16
628,فوكا,فولاد كاويان,53,78610,1634380510,21434,20791,20791,-643,-3.0,21413,-21,-0.1,20791,20791,1399-7-16
629,چفيبر,فيبر ايران‌,52,156541,1670292470,11230,10670,10670,-560,-4.99,11210,-20,-0.18,10670,10670,1399-7-16
630,لبوتان,گروه‌صنعتي‌بوتان‌,52,52007,4086710060,82710,78580,78580,-4130,-4.99,82350,-360,-0.44,78580,78580,1399-7-16
631,چكاوه,صنايع‌كاغذسازي‌كاوه‌,50,32023,1187412840,39030,37080,37080,-1950,-5.0,38980,-50,-0.13,37080,37080,1399-7-16
632,پلاسك,پلاسكوكار,50,187007,1699893630,9560,9090,9090,-470,-4.92,9540,-20,-0.21,9090,9090,1399-7-16
633,تصميم,صندوق س با درآمد ثابت تصميم,49,264269,3871295940,14640,14640,14680,40,0.27,14650,10,0.07,14640,14680,1399-7-16
634,ثامان,سامان‌ گستراصفهان‌,49,93118,2008555260,22700,21570,21570,-1130,-4.98,22650,-50,-0.22,21570,21570,1399-7-16
635,كطبس,ذغال‌سنگ‌ نگين‌ ط‌بس‌,48,33948,1684839240,52240,49630,49630,-2610,-5.0,52150,-90,-0.17,49630,49630,1399-7-16
636,خمحور,توليدمحورخودرو,48,28408,1623233120,60140,57140,57140,-3000,-4.99,60040,-100,-0.17,57140,57140,1399-7-16
637,بالاس,مهندسي ساختمان تاسيسات راه آهن,47,29215,1378100765,49653,47171,47171,-2482,-5.0,49577,-76,-0.15,47171,47171,1399-7-16
638,ضجار7026,اختيارخ وتجارت-3600-1399/07/22,47,1719,54442000,28,23,39,11,39.29,32,4,14.29,18,39,1399-7-16
639,شتولي,تولي‌پرس‌,47,186732,3775347576,19822,20218,20218,396,2.0,19961,139,0.7,20218,20218,1399-7-16
640,تسه9805,امتياز تسهيلات مسكن مرداد98,46,461,400718559,855000,897750,897750,42750,5.0,869238,14238,1.67,812255,897750,1399-7-16
641,ضپاس7020,اختيارخ وپارس-5000-1399/07/30,45,2879,264836000,119,110,115,-4,-3.36,92,-27,-22.69,60,119,1399-7-16
642,داريك,صندوق س.اعتماد داريك-د,45,916448,9165239598,10006,10000,10000,-6,-0.06,10001,-5,-0.05,10000,10020,1399-7-16
643,لازما,كارخانه هاي صنعتي آزمايش,44,78745,2408100845,31855,30581,30581,-1274,-4.0,31535,-320,-1.0,30581,30581,1399-7-16
644,وپسا,س. پتروشيمي ساختمان  خليج فارس,44,576558,2934103662,5246,5089,5089,-157,-2.99,5222,-24,-0.46,5089,5089,1399-7-16
645,ضخود1046,اختيارخ خودرو-5000-1399/10/07,44,1157,309614000,221,270,350,129,58.37,268,47,21.27,201,350,1399-7-16
646,آسام,صندوق س.آرمان سپهر آشنا-م,43,6490,680389080,102249,105000,105500,3251,3.18,104837,2588,2.53,103100,105887,1399-7-16
647,اخزا807,اسنادخزانه-م7بودجه98-000719,43,140167,118682120826,845965,841111,847000,1035,0.12,846719,754,0.09,835010,852000,1399-7-16
648,فبيرا,بسته‌ بندي‌ ايران‌,43,233502,1178017590,5201,5045,5045,-156,-3.0,5192,-9,-0.17,5045,5045,1399-7-16
649,كگلح,ح . معدني و صنعتي گل گهر,42,1060541,22060227800,20850,20950,20800,-50,-0.24,20800,-50,-0.24,20800,20950,1399-7-16
650,ضخود1048,اختيارخ خودرو-7000-1399/10/07,42,1262,176679000,106,140,150,44,41.51,140,34,32.08,113,150,1399-7-16
651,خنصير,مهندسي‌نصيرماشين‌,42,41942,2049705540,51440,48870,48870,-2570,-5.0,51330,-110,-0.21,48870,48870,1399-7-16
652,ثروتم,صندوق س. ثروت آفرين پارسيان-س,41,6300,615510120,96168,97300,97710,1542,1.6,97700,1532,1.59,97300,98000,1399-7-16
653,اخزا813,اسنادخزانه-م13بودجه98-010219,40,44956,33959364727,754692,755104,755282,590,0.08,755391,699,0.09,755103,759700,1399-7-16
654,اخزا812,اسنادخزانه-م12بودجه98-001111,40,130264,105085774726,803727,798554,804066,339,0.04,806714,2987,0.37,798554,809999,1399-7-16
655,ثنام,س ساختماني ب نام آوران مهندسي,39,73761,1559528823,21796,21143,21143,-653,-3.0,21744,-52,-0.24,21143,21143,1399-7-16
656,بايكا,كارخانجات كابلسازي ‌ايران‌,38,46470,1921952730,42638,41359,41359,-1279,-3.0,42510,-128,-0.3,41359,41359,1399-7-16
657,آكورد2,صندوق س. آرمان آتي كوثر-د,38,3800000,3800000,28766,1,1,-28765,-100.0,1,-28765,-100.0,1,1,1399-7-16
658,ضصاد8015,اختيارخ وبصادر-3400-1399/08/11,38,1019,954224000,653,900,980,327,50.08,936,283,43.34,860,980,1399-7-16
659,شكف,كف,37,198026,10986878532,54395,55482,55482,1087,2.0,55482,1087,2.0,55482,55482,1399-7-16
660,سايرا,ايرانيت‌,37,51028,1907380613,36777,37512,37512,735,2.0,36890,113,0.31,36042,37512,1399-7-16
661,وثخوز,سرمايه گذاري و توسعه خوزستان,37,172421,6350437851,37970,36831,36831,-1139,-3.0,37597,-373,-0.98,36831,36831,1399-7-16
662,اخزا821,اسنادخزانه-م21بودجه98-020906,36,28002,15988807326,572515,572000,570101,-2414,-0.42,570988,-1527,-0.27,570000,572100,1399-7-16
663,ثرود,سرمايه‌گذاري مسكن زاينده رود,36,295941,3658422642,13012,12362,12362,-650,-5.0,12962,-50,-0.38,12362,12362,1399-7-16
664,غبهار,كشت وصنعت بهاران گلبهار خراسان,36,130609,4733400769,38148,36241,36241,-1907,-5.0,37670,-478,-1.25,36241,36241,1399-7-16
665,حبندر,دريايي و کشتيراني خط دريابندر,35,31294,723329516,23828,23114,23114,-714,-3.0,23801,-27,-0.11,23114,23114,1399-7-16
666,ثاباد,توريستي ورفاهي آبادگران ايران,35,19083,588901380,32480,30860,30860,-1620,-4.99,32460,-20,-0.06,30860,30860,1399-7-16
667,ضچاد1017,اختيارخ كچاد-20000-1399/10/02,34,157,578114000,3999,4000,3660,-339,-8.48,3682,-317,-7.93,3600,4000,1399-7-16
668,غدشت,دشت‌ مرغاب‌,33,8515,2392970450,295820,281030,281030,-14790,-5.0,295050,-770,-0.26,281030,281030,1399-7-16
669,ضجار7016,اختيارخ وتجارت-1800-1399/07/22,33,957,1288567000,1315,1235,1500,185,14.07,1346,31,2.36,1202,1500,1399-7-16
670,كشم0001پ01,كشمش سبز0001خليل آباد(پ),32,954,420318273,436152,457959,414346,-21806,-5.0,440585,4433,1.02,414345,457959,1399-7-16
671,غمهرا,توليدي‌مهرام‌,32,7809,816196680,110020,104520,104520,-5500,-5.0,109930,-90,-0.08,104520,104520,1399-7-16
672,سفاسي,شركت فارسيت اهواز,31,102295,1152046290,11610,11262,11262,-348,-3.0,11589,-21,-0.18,11262,11262,1399-7-16
673,ضپيك7033,اختيارخ تاپيكو-21370-99/07/20,31,266,106062000,395,690,390,-5,-1.27,399,4,1.01,319,690,1399-7-16
674,وسكرشا,س.سهام عدالت استان كرمانشاه,30,617099,839254640,1300,1360,1360,60,4.62,1300,0,0.0,1360,1360,1399-7-16
675,پارتا,مجتمع‌صنعتي‌آرتاويل‌تاير,30,93442,5748084630,63417,61515,61515,-1902,-3.0,63047,-370,-0.58,61515,61515,1399-7-16
676,خموتور,موتورسازان‌تراكتورسازي‌ايران‌,29,51195,674750100,13870,13180,13180,-690,-4.97,13860,-10,-0.07,13180,13180,1399-7-16
677,قمرو,قند مرودشت‌,29,28229,998459730,37230,35370,35370,-1860,-5.0,37190,-40,-0.11,35370,35370,1399-7-16
678,غشوكو,شوكو پارس,29,5340,237346980,45821,44447,44447,-1374,-3.0,45804,-17,-0.04,44447,44447,1399-7-16
679,چافست,افست‌,29,28770,735073500,26890,25550,25550,-1340,-4.98,26870,-20,-0.07,25550,25550,1399-7-16
680,دلقما,دارويي‌ لقمان‌,29,14611,488737950,35210,33450,33450,-1760,-5.0,35190,-20,-0.06,33450,33450,1399-7-16
681,پست9908-04,پسته فندقي32-30سبزدانه9908,29,329,591541180,1673407,1816433,1780000,106593,6.37,1797997,124590,7.45,1775000,1816433,1399-7-16
682,اطلس2,صندوق س.توسعه اندوخته آينده-س,28,280000,280000,204874,1,1,-204873,-100.0,1,-204873,-100.0,1,1,1399-7-16
683,تشتاد,صنايع توليدي اشتاد ايران‌,28,61697,810205004,13538,13132,13132,-406,-3.0,13521,-17,-0.13,13132,13132,1399-7-16
684,سخواف,سيمان مجد خواف,27,46435,759397990,16859,16354,16354,-505,-3.0,16839,-20,-0.12,16354,16354,1399-7-16
685,حپترو,حمل و نقل پتروشيمي( سهامي عام,27,35807,1085310170,31900,30310,30310,-1590,-4.98,31860,-40,-0.13,30310,30310,1399-7-16
686,افران,صندوق س افرا نماد پايدار-ثابت,27,144125,1707647180,11820,12280,11860,40,0.34,11850,30,0.25,11830,12280,1399-7-16
687,اخزا703,اسنادخزانه-م3بودجه97-990721,27,7404,7354823662,995825,995000,996680,855,0.09,993358,-2467,-0.25,993000,996900,1399-7-16
688,آرمان,بيمه آرمان,26,931438,5569067802,5805,5979,5979,174,3.0,5851,46,0.79,5979,5979,1399-7-16
689,وحافظ,بيمه حافظ,26,18257,1073146460,60597,58780,58780,-1817,-3.0,60496,-101,-0.17,58780,58780,1399-7-16
690,اخزا902,اسنادخزانه-م2بودجه99-011019,26,7828,5133563166,668581,660537,658120,-10461,-1.56,655795,-12786,-1.91,636000,668500,1399-7-16
691,اخزا721,اسنادخزانه-م21بودجه97-000728,25,164072,138393515958,840518,842000,843373,2855,0.34,843493,2975,0.35,842000,845000,1399-7-16
692,هفارس912,اختيارف ت فارس-14576-99/12/13,25,1000000,1000000,1,1,1,0,0.0,1,0,0.0,1,1,1399-7-16
693,ورازي,بيمه رازي,25,110653,1654041044,15410,14948,14948,-462,-3.0,15370,-40,-0.26,14948,14948,1399-7-16
694,ضملي8077,اختيارخ فملي -29750-1399/08/06,25,98,219442000,1855,1251,2275,420,22.64,2239,384,20.7,1251,2999,1399-7-16
695,هكاوه911,اختيارف ت كاوه-25477-99/11/18,24,120000,176520000,2178,1471,1471,-707,-32.46,1471,-707,-32.46,1471,1471,1399-7-16
696,هرانف912,اختيارف ت رانفور32120-99/12/03,24,71253,120916341,1992,1697,1697,-295,-14.81,1697,-295,-14.81,1697,1697,1399-7-16
697,ضصاد8014,اختيارخ وبصادر-3200-1399/08/11,24,377,421458000,852,979,1200,348,40.85,1118,266,31.22,979,1200,1399-7-16
698,هترول911,اختيارف ت پترول-14730-99/11/15,24,400000,400000,1,1,1,0,0.0,1,0,0.0,1,1,1399-7-16
699,زعف9908پ16,زعفران9908نگين بيرجند(پ),23,15182,1408440968,90271,91133,92886,2615,2.9,92770,2499,2.77,90501,92886,1399-7-16
700,بشهاب,لامپ‌  پارس‌ شهاب‌,23,11110,776366800,73550,69880,69880,-3670,-4.99,73490,-60,-0.08,69880,69880,1399-7-16
701,زنگان,صنعت روي زنگان,23,15317,2376616354,163328,155162,155162,-8166,-5.0,162919,-409,-0.25,155162,155162,1399-7-16
702,ثتوسا,س.توسعه و عمران استان اردبيل,23,10775,793697275,75939,73661,73661,-2278,-3.0,75846,-93,-0.12,73661,73661,1399-7-16
703,حسير,ريل سير كوثر,23,37342,980526236,27640,26258,26258,-1382,-5.0,27611,-29,-0.1,26258,26258,1399-7-16
704,ضملي1152,اختيارخ فملي-18252-1399/11/05,22,376,1083173000,2626,3400,3000,374,14.24,2881,255,9.71,2750,3400,1399-7-16
705,غنيلي,مجتمع توليدي نيلي صنعت كرمان,22,470000,8549300000,18190,18190,18190,0,0.0,18190,0,0.0,18190,18190,1399-7-16
706,ضصاد8019,اختيارخ وبصادر-4200-1399/08/11,20,141,52270000,270,340,495,225,83.33,371,101,37.41,300,495,1399-7-16
707,ضجار7027,اختيارخ وتجارت-3800-1399/07/22,20,979,10837000,12,6,20,8,66.67,11,-1,-8.33,5,20,1399-7-16
708,ثنورح,ح . سرمايه گذاري كوه نور,20,65821,333815220,5335,5250,5015,-320,-6.0,5072,-263,-4.93,5015,5250,1399-7-16
709,ضصاد8020,اختيارخ وبصادر-4400-1399/08/11,20,631,159538000,165,70,390,225,136.36,253,88,53.33,70,390,1399-7-16
710,بتك,كارخانجات كابل سازي‌ تك‌,20,9493,331808829,33609,34953,34953,1344,4.0,33652,43,0.13,34953,34953,1399-7-16
711,لپيام,گسترش صنايع پيام,19,18225,566123175,32023,31063,31063,-960,-3.0,31995,-28,-0.09,31063,31063,1399-7-16
712,ضسپا8019,اختيارخ خساپا-2600-1399/08/26,18,708,395522000,550,701,540,-10,-1.82,559,9,1.64,540,701,1399-7-16
713,وسمركز,شركت س استان مركزي,18,1242844,1826980680,1400,1470,1470,70,5.0,1400,0,0.0,1470,1470,1399-7-16
714,ضفلا8076,اختيارخ فولاد-8775-1399/08/28,18,126,1142588000,8945,7000,8990,45,0.5,9068,123,1.38,7000,10490,1399-7-16
715,اخزا805,اسنادخزانه-م5بودجه98-000422,18,20053,17667159764,878586,877334,881000,2414,0.27,881023,2437,0.28,875073,885000,1399-7-16
716,هصند911,اختيارف ت صندوق-19926-99/11/29,18,71562,88164384,1883,1232,1232,-651,-34.57,1232,-651,-34.57,1232,1232,1399-7-16
717,زعف9908پ06,زعفران 9908پوشالمعمول زرين(پ),18,5388,422580540,77016,78429,78430,1414,1.84,78430,1414,1.84,78429,78430,1399-7-16
718,هجم911,اختيارف ت جم-38645-99/11/28,17,100000,100000,1,1,1,0,0.0,1,0,0.0,1,1,1399-7-16
719,زعف9908پ15,زعفران9908پوشالمعمول طلاسرخ(پ),17,8582,665459939,72465,72971,78430,5965,8.23,77541,5076,7.0,72971,78430,1399-7-16
720,ضسپا8015,اختيارخ خساپا-1900-1399/08/26,17,119,115023000,921,900,1001,80,8.69,967,46,4.99,900,2000,1399-7-16
721,ضجار7017,اختيارخ وتجارت-1900-1399/07/22,17,617,728577000,1160,1321,1300,140,12.07,1181,21,1.81,608,1321,1399-7-16
722,فنرژي,گسترش صنايع انرژي آذرآب,17,25288,272377048,10990,10771,10771,-219,-1.99,10984,-6,-0.05,10771,10771,1399-7-16
723,وسگلستا,شركت س استان گلستان,17,787842,976924080,1000,1240,1240,240,24.0,1240,240,24.0,1240,1240,1399-7-16
724,فالوم,آلومتك‌,16,17394,590334966,34988,33939,33939,-1049,-3.0,34956,-32,-0.09,33939,33939,1399-7-16
725,ضسپا8018,اختيارخ خساپا-2400-1399/08/26,16,377,255739000,503,620,668,165,32.8,678,175,34.79,620,700,1399-7-16
726,اخزا704,اسنادخزانه-م4بودجه97-991022,16,49443,47440608842,958091,959000,959017,926,0.1,959501,1410,0.15,959000,990000,1399-7-16
727,فن آوا,گروه فن آوا,15,41396,586250152,14600,14162,14162,-438,-3.0,14587,-13,-0.09,14162,14162,1399-7-16
728,آينده,بازرگاني آينده سازان بهشت پارس,15,15587,345361159,22842,22157,22157,-685,-3.0,22830,-12,-0.05,22157,22157,1399-7-16
729,اخزا820,اسنادخزانه-م20بودجه98-020806,15,10191,5815906984,582084,578000,572022,-10062,-1.73,570690,-11394,-1.96,553000,582376,1399-7-16
730,ضصاد8017,اختيارخ وبصادر-3800-1399/08/11,14,393,255134000,631,401,700,69,10.94,649,18,2.85,401,700,1399-7-16
731,افرا,افرانت,14,10513,685006054,68587,65158,65158,-3429,-5.0,68538,-49,-0.07,65158,65158,1399-7-16
732,ضپيك7030,اختيارخ تاپيكو-17370-99/07/20,13,31,99205000,3941,3500,3201,-740,-18.78,3200,-741,-18.8,2600,3500,1399-7-16
733,هكوير910,اختيارف ت كوير-16000-99/10/02,13,300000,83700000,708,279,279,-429,-60.59,279,-429,-60.59,279,279,1399-7-16
734,ضصاد8008,اختيارخ وبصادر-2000-1399/08/11,13,182,393173000,1996,2000,2153,157,7.87,2160,164,8.22,2000,2340,1399-7-16
735,زعف9908پ09,زعفران9908نگين نوين(پ),13,3145,291371470,90813,92886,92886,2073,2.28,92646,1833,2.02,91100,92886,1399-7-16
736,داراب,پتروشيمي داراب,12,55039,171171290,3206,3110,3110,-96,-2.99,3205,-1,-0.03,3110,3110,1399-7-16
737,ضجار1016,اختيارخ وتجارت-4000-1399/10/21,12,493,247650000,1,550,500,499,49900.0,502,501,50100.0,500,550,1399-7-16
738,ضخوز7028,اختيارخ فخوز-43470-1399/07/20,12,82,12976000,490,500,53,-437,-89.18,158,-332,-67.76,53,500,1399-7-16
739,ضپار8019,اختيارخ خپارس-3800-1399/08/18,12,19,95779000,4625,4000,6000,1375,29.73,5041,416,8.99,4000,6000,1399-7-16
740,پست9908-08,پسته فندقي32-30زرينمه ولات9908,11,128,225036927,1742327,1644002,1710500,-31827,-1.83,1758101,15774,0.91,1644002,1816433,1399-7-16
741,اخزا810,اسنادخزانه-م10بودجه98-001006,11,30111,24685421810,812687,825000,812342,-345,-0.04,819814,7127,0.88,810552,825000,1399-7-16
742,ضصاد8012,اختيارخ وبصادر-2800-1399/08/11,11,58,92209000,1343,1200,1599,256,19.06,1590,247,18.39,1200,1600,1399-7-16
743,ضصاد8011,اختيارخ وبصادر-2600-1399/08/11,11,18,31186000,1367,1400,1401,34,2.49,1733,366,26.77,1400,1900,1399-7-16
744,ضملت8033,اختيارخ وبملت-6272-1399/08/28,11,62,166956838,325,595,798,473,145.54,650,325,100.0,501,799,1399-7-16
745,ضجار7021,اختيارخ وتجارت-2600-1399/07/22,11,393,269025000,568,570,690,122,21.48,685,117,20.6,570,692,1399-7-16
746,تملي710,تسهيلات مسكن ب. ملي-دي97,10,162,97755498,574695,603429,603429,28734,5.0,603429,28734,5.0,603429,603429,1399-7-16
747,ضمخا1026,اختيارخ اخابر-18000-1399/10/30,10,54,210600000,1,3800,4000,3999,399900.0,3900,3899,389900.0,3800,4000,1399-7-16
748,هصادر912,اختيارف ت صادرات-3750-99/12/23,10,1000000,1000000,1,1,1,0,0.0,1,0,0.0,1,1,1399-7-16
749,ضفلا8070,اختيارخ فولاد-5775-1399/08/28,10,14,147000000,11460,15000,11000,-460,-4.01,10500,-960,-8.38,10000,15000,1399-7-16
750,ضچاد1016,اختيارخ كچاد-18000-1399/10/02,10,75,386000000,6200,5000,5200,-1000,-16.13,5147,-1053,-16.98,5000,5200,1399-7-16
751,زعف9908پ13,زعفران9908پوشالمعمول روستا(پ),10,942,73714204,72117,76800,78430,6313,8.75,78253,6136,8.51,76800,78430,1399-7-16
752,ضپاس7017,اختيارخ وپارس-4400-1399/07/30,10,178,77739000,489,640,490,1,0.2,437,-52,-10.63,250,640,1399-7-16
753,ضپاس7015,اختيارخ وپارس-4000-1399/07/30,10,48,26252000,515,500,600,85,16.5,547,32,6.21,400,650,1399-7-16
754,شمواد,توليد مواداوليه الياف مصنوعي,10,2331,147573279,65266,63309,63309,-1957,-3.0,65251,-15,-0.02,63309,63309,1399-7-16
755,ضجار1018,اختيارخ وتجارت-5000-1399/10/21,10,301,68318000,213,280,298,85,39.91,227,14,6.57,200,298,1399-7-16
756,ضملي8067,اختيارخ فملي -14750-1399/08/06,10,13,185748000,11750,16249,14950,3200,27.23,14288,2538,21.6,11200,16249,1399-7-16
757,لخانه,لوازم‌ خانگي‌ پارس‌,10,1789,101921119,58732,56971,56971,-1761,-3.0,58723,-9,-0.02,56971,56971,1399-7-16
758,پلاست,كارخانجات توليدي پلاستيران,10,4392,184591368,43328,42029,42029,-1299,-3.0,43316,-12,-0.03,42029,42029,1399-7-16
759,اخزا804,اسنادخزانه-م4بودجه98-000421,9,7857,6935283514,881582,878500,884000,2418,0.27,882688,1106,0.13,878500,885000,1399-7-16
760,فسديد,لوله‌وتجهيزات‌ سديد - ورشكسته,9,63460,7681706080,122270,121048,121048,-1222,-1.0,121048,-1222,-1.0,121048,121048,1399-7-16
761,اروند10,منفعت صبا اروند لوتوس 14001222,9,2460,2577068820,1005883,1105000,1035000,29117,2.89,1047589,41706,4.15,1035000,1106471,1399-7-16
762,زعف9908پ17,زعفران9908پوشالمعمول بيرجند(پ),9,3330,260698850,76674,78390,78430,1756,2.29,78288,1614,2.11,76000,78430,1399-7-16
763,وايرا,سرمايه گذاري صنايع ايران,9,14328,127447560,9170,8895,8895,-275,-3.0,9168,-2,-0.02,8895,8895,1399-7-16
764,ضجار7010,اختيارخ وتجارت-1200-1399/07/22,8,68,136105000,2010,2000,2000,-10,-0.5,2002,-8,-0.4,2000,2100,1399-7-16
765,ضفار8037,اختيارخ فارس-12826-1399/08/06,8,62,225350000,3280,3400,4000,720,21.95,3635,355,10.82,3400,4000,1399-7-16
766,ضپاس7018,اختيارخ وپارس-4600-1399/07/30,8,134,31828000,150,201,250,100,66.67,238,88,58.67,200,250,1399-7-16
767,اخزا720,اسنادخزانه-م20بودجه97-000324,8,3222,2895314881,889127,898998,891851,2724,0.31,898608,9481,1.07,891851,898998,1399-7-16
768,ضخوز7027,اختيارخ فخوز-39470-1399/07/20,8,32,34101000,763,2000,1000,237,31.06,1066,303,39.71,1000,2000,1399-7-16
769,پست0008پ09,پسته بادامي30-28مه ولات0008(پ),8,520,808470616,1524101,1524101,1555890,31789,2.09,1554751,30650,2.01,1524101,1555990,1399-7-16
770,وبملت2,بانك ملت,8,2685157,15735020020,5590,5860,5860,270,4.83,5860,270,4.83,5860,5860,1399-7-16
771,فافزا,فولاد افزا سپاهان,7,3195,151564410,48905,47438,47438,-1467,-3.0,48894,-11,-0.02,47438,47438,1399-7-16
772,اخزا718,اسنادخزانه-م18بودجه97-000525,7,38005,32946053768,871414,865875,871200,-214,-0.02,866887,-4527,-0.52,865875,871200,1399-7-16
773,اخزا713,اسنادخزانه-م13بودجه97-000518,7,27732,23991732363,865021,865021,869999,4978,0.58,865128,107,0.01,865003,869999,1399-7-16
774,فنورد,نوردوقطعات‌ فولادي‌,7,6230,865035500,132240,138850,138850,6610,5.0,132340,100,0.08,138850,138850,1399-7-16
775,ضجار7015,اختيارخ وتجارت-1700-1399/07/22,7,25,36960000,1336,1410,1700,364,27.25,1478,142,10.63,1400,1700,1399-7-16
776,غيوان,كيوان,7,11265,173796420,15276,15428,15428,152,1.0,15281,5,0.03,15428,15428,1399-7-16
777,ضفلا8081,اختيارخ فولاد-12775-1399/08/28,7,16,91220000,4339,6000,6000,1661,38.28,5701,1362,31.39,5051,6000,1399-7-16
778,زعف9908پ05,زعفران9908نگين زرين(پ),7,583,54152538,91012,92886,92886,1874,2.06,92886,1874,2.06,92886,92886,1399-7-16
779,ضجار7036,اختيارخ وتجارت-6500-1399/07/22,7,148,148000,1,1,1,0,0.0,1,0,0.0,1,1,1399-7-16
780,ضصاد8013,اختيارخ وبصادر-3000-1399/08/11,7,264,284500000,1010,1100,1300,290,28.71,1078,68,6.73,200,1300,1399-7-16
781,خعمرا,توسعه و عمران شهرستان نائين,7,5737,87276981,14770,15213,15213,443,3.0,14772,2,0.01,15213,15213,1399-7-16
782,ضصاد8009,اختيارخ وبصادر-2200-1399/08/11,7,79,145740000,1800,1650,2222,422,23.44,1845,45,2.5,1650,2222,1399-7-16
783,ضجار7018,اختيارخ وتجارت-2000-1399/07/22,7,125,160090000,1168,1300,1290,122,10.45,1281,113,9.67,1250,1300,1399-7-16
784,ضصاد8018,اختيارخ وبصادر-4000-1399/08/11,7,186,100257000,213,498,550,337,158.22,539,326,153.05,498,599,1399-7-16
785,زير0003پ01,زيره سبز0003كيميابذر(پ),7,766,376181180,494710,515000,491002,-3708,-0.75,491098,-3612,-0.73,490000,515000,1399-7-16
786,ضپيك7022,اختيارخ تاپيكو-9370-99/07/20,7,16,182903000,10944,12000,10600,-344,-3.14,11431,487,4.45,10003,12000,1399-7-16
787,ومشان,س. فني و مهندسي مشانير,7,2267,130370636,59286,57508,57508,-1778,-3.0,59274,-12,-0.02,57508,57508,1399-7-16
788,ضجار7020,اختيارخ وتجارت-2400-1399/07/22,7,317,262900000,809,650,850,41,5.07,829,20,2.47,650,850,1399-7-16
789,صگل411,ص اجاره گل گهر 411- 3 ماهه 17%,7,34,33400000,974520,960000,1000000,25480,2.61,982353,7833,0.8,960000,1000000,1399-7-16
790,شرنگي,شيميايي رنگين,6,972,115259760,122247,118580,118580,-3667,-3.0,122225,-22,-0.02,118580,118580,1399-7-16
791,ضملت8032,اختيارخ وبملت-5789-1399/08/28,6,11,35678856,1000,850,900,-100,-10.0,783,-217,-21.7,666,900,1399-7-16
792,ضملي8082,اختيارخ فملي-39750-1399/08/06,6,51,14119000,224,300,285,61,27.23,277,53,23.66,220,300,1399-7-16
793,ضغدر8044,اختيارخ وغدير-17000-1399/08/26,6,15,33473000,2300,2500,2070,-230,-10.0,2232,-68,-2.96,2002,2500,1399-7-16
794,ضپاس7000,اختيارخ وپارس-1500-1399/07/30,6,56,147650000,2669,2560,2566,-103,-3.86,2637,-32,-1.2,2560,2702,1399-7-16
795,وساربيل,شركت س استان اردبيل,6,106500,143775000,1290,1350,1350,60,4.65,1290,0,0.0,1350,1350,1399-7-16
796,اپرداز2,آتيه داده پرداز,6,25000000,793975000000,31759,31759,31759,0,0.0,31759,0,0.0,31759,31759,1399-7-16
797,شستا003,اجاره تامين اجتماعي-سپهر000523,6,26,25990000,1001000,1001000,990000,-11000,-1.1,999615,-1385,-0.14,990000,1038000,1399-7-16
798,زعف9908پ08,زعفران9908نگين روستا(پ),6,1322,122795292,90980,92886,92886,1906,2.09,92886,1906,2.09,92886,92886,1399-7-16
799,زير0003پ04,زيره سبز0003شركت مينوبذر(پ),6,230,109322682,485463,479999,495000,9537,1.96,475316,-10147,-2.09,470000,495000,1399-7-16
800,وسيلام,شركت س استان ايلام,6,333232,426536960,1220,1280,1280,60,4.92,1220,0,0.0,1280,1280,1399-7-16
801,شسم,توليد سموم‌ علف‌ كش,5,1714,142388836,79879,83074,83074,3195,4.0,79922,43,0.05,83074,83074,1399-7-16
802,گكيش,توريستي ورفاهي آبادگران كيش,5,1322,93397978,72833,70649,70649,-2184,-3.0,72822,-11,-0.02,70649,70649,1399-7-16
803,ضملت8031,اختيارخ وبملت-5306-1399/08/28,5,20,128371000,1500,1600,1500,0,0.0,1550,50,3.33,1500,1600,1399-7-16
804,اخزا903,اسنادخزانه-م3بودجه99-011110,5,7837,5154672400,656758,659999,658000,1242,0.19,657735,977,0.15,657001,659999,1399-7-16
805,ضصاد8000,اختيارخ وبصادر-1200-1399/08/11,5,35,102274000,2800,2704,3078,278,9.93,2922,122,4.36,2704,3078,1399-7-16
806,شلرد02,كود شيميايي اوره لردگان,5,5144,5102755000,1039500,990000,991000,-48500,-4.67,991982,-47518,-4.57,990000,1039500,1399-7-16
807,ضصاد8021,اختيارخ وبصادر-4600-1399/08/11,5,250,68750000,200,200,310,110,55.0,275,75,37.5,200,333,1399-7-16
808,كهرام,توليدي گرانيت بهسرام,5,6455,362261055,57856,56121,56121,-1735,-3.0,57824,-32,-0.06,56121,56121,1399-7-16
809,وسزنجان,شركت س استان زنجان,5,47168,70752000,1430,1500,1500,70,4.9,1430,0,0.0,1500,1500,1399-7-16
810,تملي704,تسهيلات مسكن ب. ملي-تير97,5,23,32407575,1341929,1409025,1409025,67096,5.0,1409025,67096,5.0,1409025,1409025,1399-7-16
811,زعف9908پ11,زعفران9908نگين سحرخيز(پ),4,150,13932900,91133,92886,92886,1753,1.92,92886,1753,1.92,92886,92886,1399-7-16
812,ضملي8058,اختيارخ فملي -7750-1399/08/06,4,20,374125000,16499,19000,18025,1526,9.25,18706,2207,13.38,18025,19000,1399-7-16
813,ضفلا8078,اختيارخ فولاد-9775-1399/08/28,4,13,101899000,7000,7000,7990,990,14.14,7838,838,11.97,7000,8989,1399-7-16
814,ضفار8040,اختيارخ فارس-15826-1399/08/06,4,105,104995000,1000,1000,1000,0,0.0,1000,0,0.0,999,1000,1399-7-16
815,اخزا716,اسنادخزانه-م16بودجه97-000407,4,13003,11482474009,883283,879921,883063,-220,-0.02,883063,-220,-0.02,879921,883283,1399-7-16
816,ضپيك1023,اختيارخ تاپيكو-20000-99/10/16,4,85,465475000,6200,5500,5495,-705,-11.37,5476,-724,-11.68,5400,5500,1399-7-16
817,كابگن,توليدي و صنعتي آبگينه‌,4,19100,87936400,4514,4604,4604,90,1.99,4516,2,0.04,4604,4604,1399-7-16
818,ضفلا8079,اختيارخ فولاد-10775-1399/08/28,4,101,757500000,7125,7500,7500,375,5.26,7500,375,5.26,7500,7500,1399-7-16
819,ضغدر8039,اختيارخ وغدير-12000-1399/08/26,4,20,101055000,5400,5200,4521,-879,-16.28,5053,-347,-6.43,4521,5290,1399-7-16
820,خساپا2,سايپا,4,172141,463059290,2570,2690,2690,120,4.67,2690,120,4.67,2690,2690,1399-7-16
821,صمسكن912,ص دين مسكن جنوب-ماهانه16درصد,4,942,117256392,131027,124476,124476,-6551,-5.0,124476,-6551,-5.0,124476,124476,1399-7-16
822,معيار,سرمايه گذاري معيار صنعت پارس,4,4270,124795020,29822,29226,29226,-596,-2.0,29814,-8,-0.03,29226,29226,1399-7-16
823,ضغدر8040,اختيارخ وغدير-13000-1399/08/26,4,11,47020000,4604,3500,4390,-214,-4.65,4275,-329,-7.15,3500,4390,1399-7-16
824,زعف9908پ12,زعفران9908پوشالمعمول سحرخيز(پ),4,291,22823130,75602,78430,78430,2828,3.74,78430,2828,3.74,78430,78430,1399-7-16
825,ضخوز1016,اختيارخ فخوز-15238-1399/10/16,3,6,48000000,8864,8000,8000,-864,-9.75,8000,-864,-9.75,8000,8000,1399-7-16
826,صگل1411,ص اجاره گل گهر 1411-3 ماهه 17%,3,20,20519940,980579,1027000,1023989,43410,4.43,1025997,45418,4.63,1023989,1027000,1399-7-16
827,تملي801,تسهيلات مسكن ب. ملي-فروردين98,3,40,21623360,514842,540584,540584,25742,5.0,540584,25742,5.0,540584,540584,1399-7-16
828,ضبدر8071,اختيارخ شبندر-65580-1399/08/18,3,21,6041000,36,41,300,264,733.33,288,252,700.0,41,300,1399-7-16
829,داريك2,صندوق س.اعتماد داريك-د,3,300000,300000,10006,1,1,-10005,-99.99,1,-10005,-99.99,1,1,1399-7-16
830,ضپاس1000,اختيارخ وپارس-2000-1399/10/30,3,100,300000000,2582,3000,3000,418,16.19,3000,418,16.19,3000,3000,1399-7-16
831,ضپاس7014,اختيارخ وپارس-3800-1399/07/30,3,21,14700000,780,700,700,-80,-10.26,700,-80,-10.26,700,700,1399-7-16
832,ضپاس1002,اختيارخ وپارس-3000-1399/10/30,3,55,126500000,1,2300,2300,2299,229900.0,2300,2299,229900.0,2300,2300,1399-7-16
833,ضفار1125,اختيارخ فارس-17826-1399/11/07,3,90,402980000,5500,4400,4500,-1000,-18.18,4478,-1022,-18.58,4400,4500,1399-7-16
834,وپست2,پست بانك ايران,3,11767,130496030,10570,11090,11090,520,4.92,11090,520,4.92,11090,11090,1399-7-16
835,ضمخا7032,اختيارخ اخابر-4750-1399/07/30,3,6,66000000,12780,11000,11000,-1780,-13.93,11000,-1780,-13.93,11000,11000,1399-7-16
836,اخزا722,اسنادخزانه-م22بودجه97-000428,3,30852,26784661740,874998,866576,870000,-4998,-0.57,868166,-6832,-0.78,866576,870000,1399-7-16
837,ضپاس7021,اختيارخ وپارس-5500-1399/07/30,3,115,14700000,100,500,90,-10,-10.0,128,28,28.0,50,500,1399-7-16
838,ضغدر8046,اختيارخ وغدير-19000-1399/08/26,3,123,122600000,409,600,1000,591,144.5,997,588,143.77,600,1000,1399-7-16
839,ضفلا8083,اختيارخ فولاد-14775-1399/08/28,3,10,40000000,3012,4000,4000,988,32.8,4000,988,32.8,4000,4000,1399-7-16
840,ضفلا8060,اختيارخ فولاد-3507-1399/08/28,3,4,92620800,14556,14500,14300,-256,-1.76,14400,-156,-1.07,14300,14500,1399-7-16
841,پارسان2,گسترش نفت و گاز پارسيان,3,4900000,126910000000,25610,25900,25900,290,1.13,25900,290,1.13,25900,25900,1399-7-16
842,ضصاد8010,اختيارخ وبصادر-2400-1399/08/11,3,47,84423000,1694,1500,1849,155,9.15,1796,102,6.02,1500,1849,1399-7-16
843,ضفلا8068,اختيارخ فولاد-4751-1399/08/28,3,3,65606400,13000,12800,14000,1000,7.69,13600,600,4.62,12800,14000,1399-7-16
844,شستا004,اجاره تامين اجتماعي-نوين000523,3,16008,15849144000,1039566,990000,1143000,103434,9.95,990076,-49490,-4.76,990000,1143000,1399-7-16
845,ضپار1120,اختيارخ خپارس-10000-1399/11/19,3,100,200000000,1,2000,2000,1999,199900.0,2000,1999,199900.0,2000,2000,1399-7-16
846,اشاد10,مشاركت دولتي10-شرايط خاص001226,3,32600,31289737400,961172,959800,959899,-1273,-0.13,959808,-1364,-0.14,959800,959899,1399-7-16
847,ضسپا8021,اختيارخ خساپا-3000-1399/08/26,3,3,1425000,398,799,313,-85,-21.36,475,77,19.35,313,799,1399-7-16
848,ضخوز7021,اختيارخ فخوز-27470-1399/07/20,3,11,110002000,10202,10002,10000,-202,-1.98,10000,-202,-1.98,10000,10002,1399-7-16
849,ضغدر8042,اختيارخ وغدير-15000-1399/08/26,3,12,33900000,2972,2200,2950,-22,-0.74,2825,-147,-4.95,2200,2950,1399-7-16
850,ضفلا8080,اختيارخ فولاد-11775-1399/08/28,3,10,65100000,6100,6600,6600,500,8.2,6510,410,6.72,6300,6600,1399-7-16
851,صخابر102,صكوك اجاره مخابرات-3 ماهه 16%,2,12,11644116,985000,965686,975000,-10000,-1.02,970343,-14657,-1.49,965686,975000,1399-7-16
852,ضخوز7024,اختيارخ فخوز-33470-1399/07/20,2,2,12999000,5198,6000,6999,1801,34.65,6499,1301,25.03,6000,6999,1399-7-16
853,ضملي8070,اختيارخ فملي -17750-1399/08/06,2,2,35002000,14341,17500,17502,3161,22.04,17501,3160,22.03,17500,17502,1399-7-16
854,شتهران,داروسازي تهران شيمي,2,320,2684800,8226,8390,8390,164,1.99,8226,0,0.0,8390,8390,1399-7-16
855,ضبدر8070,اختيارخ شبندر-59580-1399/08/18,2,2,1998000,395,999,999,604,152.91,999,604,152.91,999,999,1399-7-16
856,ضفار8027,اختيارخ فارس-6326-1399/08/06,2,2,28000000,14000,14000,14000,0,0.0,14000,0,0.0,14000,14000,1399-7-16
857,وسالت,بانك قرض الحسنه رسالت,2,3900,16692000,4156,4280,4280,124,2.98,4156,0,0.0,4280,4280,1399-7-16
858,ضغدر8043,اختيارخ وغدير-16000-1399/08/26,2,20,44500000,2746,2500,2000,-746,-27.17,2225,-521,-18.97,2000,2500,1399-7-16
859,هنفت912,اختيارف ت نفت-15330-99/12/04,2,80000,80000,15,1,1,-14,-93.33,1,-14,-93.33,1,1,1399-7-16
860,ضفلا8093,اختيارخ فولاد-29775-1399/08/28,2,50,10300000,525,250,200,-325,-61.9,206,-319,-60.76,200,250,1399-7-16
861,ضمخا7052,اختيارخ اخابر-16750-1399/07/30,2,2,4600000,3400,2300,2300,-1100,-32.35,2300,-1100,-32.35,2300,2300,1399-7-16
862,ضجار1011,اختيارخ وتجارت-1800-1399/10/21,2,12,21500000,1700,1800,1790,90,5.29,1792,92,5.41,1790,1800,1399-7-16
863,غشهد4,شهد ايران ‌,2,3250000,23887500000,7080,7350,7350,270,3.81,7350,270,3.81,7350,7350,1399-7-16
864,ضصاد8016,اختيارخ وبصادر-3600-1399/08/11,2,20,16800000,676,840,840,164,24.26,840,164,24.26,840,840,1399-7-16
865,تملي612,تسهيلات مسكن بانك ملي-اسفند96,2,10,44245650,4213872,4424565,4424565,210693,5.0,4424565,210693,5.0,4424565,4424565,1399-7-16
866,تملي803,تسهيلات مسكن ب. ملي-خرداد98,2,41,11589593,269213,282673,282673,13460,5.0,282673,13460,5.0,282673,282673,1399-7-16
867,شرق1400,مشاركت ليزينگ ايران وشرق140010,2,19,19580000,1020250,1020000,1040000,19750,1.94,1030526,10276,1.01,1020000,1040000,1399-7-16
868,لوتوس99,اجاره لوتوس پارسيان990717,2,16,16060000,1002381,1010000,1000000,-2381,-0.24,1003750,1369,0.14,1000000,1010000,1399-7-16
869,ضفلا8084,اختيارخ فولاد-15775-1399/08/28,2,9,22599000,3067,2511,2511,-556,-18.13,2511,-556,-18.13,2511,2511,1399-7-16
870,مشهد0112,مشاركت ش مشهد0112-3ماهه18%,2,106,92568052,882231,926342,870100,-12131,-1.38,873283,-8948,-1.01,870100,926342,1399-7-16
871,هپارس912,اختيارف ت وپارس-5920-99/12/10,2,100000,136700000,1554,1367,1367,-187,-12.03,1367,-187,-12.03,1367,1367,1399-7-16
872,صايپا203,صكوك مرابحه سايپا203-3ماهه 16%,2,20,19020000,951000,951000,951000,0,0.0,951000,0,0.0,951000,951000,1399-7-16
873,كايتا,ايتالران‌,2,1090,10400780,9265,9542,9542,277,2.99,9265,0,0.0,9542,9542,1399-7-16
874,اخزا723,اسنادخزانه-م23بودجه97-000824,2,4970,4124963270,830000,829890,830000,0,0.0,829972,-28,0.0,829890,830000,1399-7-16
875,ضپاس7016,اختيارخ وپارس-4200-1399/07/30,2,5,1450000,317,290,290,-27,-8.52,290,-27,-8.52,290,290,1399-7-16
876,ضجار7028,اختيارخ وتجارت-4000-1399/07/22,2,20,220000,14,11,11,-3,-21.43,11,-3,-21.43,11,11,1399-7-16
877,ضفلا8082,اختيارخ فولاد-13775-1399/08/28,2,17,85000000,4652,5000,5000,348,7.48,5000,348,7.48,5000,5000,1399-7-16
878,صخود1404,صكوك رهني خودرو1404- 3ماهه 16%,2,20000,18250000000,907000,912500,912500,5500,0.61,912500,5500,0.61,912500,912500,1399-7-16
879,ضفلا8088,اختيارخ فولاد-19775-1399/08/28,2,3,5284000,1606,1984,1650,44,2.74,1761,155,9.65,1650,1984,1399-7-16
880,غگز,گز سكه,2,100000,3450000000,34000,34500,34500,500,1.47,34500,500,1.47,34500,34500,1399-7-16
881,تملي703,تسهيلات مسكن ب. ملي-خرداد97,2,2,888732,423206,444366,444366,21160,5.0,444366,21160,5.0,444366,444366,1399-7-16
882,كگل2,معدني و صنعتي گل گهر,1,241,5309230,21950,22030,22030,80,0.36,22030,80,0.36,22030,22030,1399-7-16
883,تملي708,تسهيلات مسكن ب. ملي-آبان97,1,20,5675280,270252,283764,283764,13512,5.0,283764,13512,5.0,283764,283764,1399-7-16
884,تملي807,تسهيلات مسكن ب. ملي-مهر98,1,1,436297,415521,436297,436297,20776,5.0,436297,20776,5.0,436297,436297,1399-7-16
885,تملي702,تسهيلات مسكن ب. ملي-ارديبهشت97,1,1,811282,772650,811282,811282,38632,5.0,811282,38632,5.0,811282,811282,1399-7-16
886,ضفلا8089,اختيارخ فولاد-21775-1399/08/28,1,15,30000000,2000,2000,2000,0,0.0,2000,0,0.0,2000,2000,1399-7-16
887,ضغدر8035,اختيارخ وغدير-9000-1399/08/26,1,1,1000000,6900,1000,1000,-5900,-85.51,1000,-5900,-85.51,1000,1000,1399-7-16
888,وگردشح4,ح . بانك گردشگري,1,447750000,6268500000000,13543,14000,14000,457,3.37,14000,457,3.37,14000,14000,1399-7-16
889,ضچاد1014,اختيارخ كچاد-14000-1399/10/02,1,1,6000000,10000,6000,6000,-4000,-40.0,6000,-4000,-40.0,6000,6000,1399-7-16
890,ضفلا8085,اختيارخ فولاد-16775-1399/08/28,1,1,3150000,3133,3150,3150,17,0.54,3150,17,0.54,3150,3150,1399-7-16
891,تملي707,تسهيلات مسكن ب. ملي-مهر97,1,1,701695,668281,701695,701695,33414,5.0,701695,33414,5.0,701695,701695,1399-7-16
892,پارسا306,صكوك اجاره پارسيان-6ماهه16%,1,19,18620000,980000,980000,980000,0,0.0,980000,0,0.0,980000,980000,1399-7-16
893,ضبدر1149,اختيارخ شبندر-28000-1399/11/19,1,5,85000000,16100,17000,17000,900,5.59,17000,900,5.59,17000,17000,1399-7-16
894,فولاد2,فولاد مباركه اصفهان,1,5392,97379520,17860,18060,18060,200,1.12,18060,200,1.12,18060,18060,1399-7-16
895,ضگل8055,اختيارخ كگل-11100-1399/08/21,1,1,15000000,15000,15000,15000,0,0.0,15000,0,0.0,15000,15000,1399-7-16
896,ضبدر8069,اختيارخ شبندر-55580-1399/08/18,1,2,580000,501,290,290,-211,-42.12,290,-211,-42.12,290,290,1399-7-16
897,تملي709,تسهيلات مسكن ب. ملي-آذر97,1,1,470805,448386,470805,470805,22419,5.0,470805,22419,5.0,470805,470805,1399-7-16
898,صايپا412,صكوك مرابحه سايپا412-3ماهه 16%,1,52,44512000,856000,856000,856000,0,0.0,856000,0,0.0,856000,856000,1399-7-16
899,آگاس2,صندوق س.هستي بخش آگاه-س,1,100000,100000,77844,1,1,-77843,-100.0,1,-77843,-100.0,1,1,1399-7-16
900,ضپيك7032,اختيارخ تاپيكو-19370-99/07/20,1,1,1500000,4000,1500,1500,-2500,-62.5,1500,-2500,-62.5,1500,1500,1399-7-16
901,اخزا8122,اسنادخزانه-م12بودجه98-001111,1,266015,214009067500,803727,804500,804500,773,0.1,804500,773,0.1,804500,804500,1399-7-16
902,تملي805,تسهيلات مسكن ب. ملي-مرداد98,1,1,291982,278079,291982,291982,13903,5.0,291982,13903,5.0,291982,291982,1399-7-16
903,تملي802,تسهيلات مسكن ب. ملي-ارديبهشت98,1,1,898874,856071,898874,898874,42803,5.0,898874,42803,5.0,898874,898874,1399-7-16
904,ضفلا8071,اختيارخ فولاد-6275-1399/08/28,1,1,14000000,12298,14000,14000,1702,13.84,14000,1702,13.84,14000,14000,1399-7-16
905,اخزا7182,اسنادخزانه-م18بودجه97-000525,1,275000,238117000000,871414,865880,865880,-5534,-0.64,865880,-5534,-0.64,865880,865880,1399-7-16
906,ضمخا7033,اختيارخ اخابر-5250-1399/07/30,1,1,10000000,15809,10000,10000,-5809,-36.74,10000,-5809,-36.74,10000,10000,1399-7-16
907,ضپاس7025,اختيارخ وپارس-7500-1399/07/30,1,1,200000,5,200,200,195,3900.0,200,195,3900.0,200,200,1399-7-16
908,ضجار1013,اختيارخ وتجارت-2500-1399/10/21,1,30,42000000,906,1400,1400,494,54.53,1400,494,54.53,1400,1400,1399-7-16
909,تفيرو,مهندسي فيروزا,1,520,10130640,19100,19482,19482,382,2.0,19100,0,0.0,19482,19482,1399-7-16
910,ضملت8021,اختيارخ وبملت-2650-1399/08/28,1,1,10352500,4000,2500,2500,-1500,-37.5,2500,-1500,-37.5,2500,2500,1399-7-16
911,كمند2,صندوق س. با درآمد ثابت كمند,1,30000000,30000000,10170,1,1,-10169,-99.99,1,-10169,-99.99,1,1,1399-7-16
912,مگچسا104,مشاركت گچساران- 3 ماهه 18%,1,6000,5856000000,960000,976000,976000,16000,1.67,976000,16000,1.67,976000,976000,1399-7-16
913,تملي701,تسهيلات مسكن ب. ملي-فروردين97,1,7,6592264,896907,941752,941752,44845,5.0,941752,44845,5.0,941752,941752,1399-7-16
914,بفجر2,فجر انرژي خليج فارس,1,4353,138991290,31160,31930,31930,770,2.47,31930,770,2.47,31930,31930,1399-7-16
915,ضصاد8022,اختيارخ وبصادر-4800-1399/08/11,1,1,90000,52,90,90,38,73.08,90,38,73.08,90,90,1399-7-16
916,تملي705,تسهيلات مسكن ب. ملي-مرداد97,1,1,533529,508123,533529,533529,25406,5.0,533529,25406,5.0,533529,533529,1399-7-16
917,ضملي8085,اختيارخ فملي-51750-1399/08/06,1,1,30000,292,30,30,-262,-89.73,30,-262,-89.73,30,30,1399-7-16
918,ضملت8037,اختيارخ وبملت-8204-1399/08/28,1,1,1118070,158,270,270,112,70.89,270,112,70.89,270,270,1399-7-16
919,ضمخا7049,اختيارخ اخابر-13750-1399/07/30,1,1,3000000,3750,3000,3000,-750,-20.0,3000,-750,-20.0,3000,3000,1399-7-16
920,ضمخا7053,اختيارخ اخابر-17750-1399/07/30,1,1,400000,3000,400,400,-2600,-86.67,400,-2600,-86.67,400,400,1399-7-16
921,ضسان1038,اختيارخ پارسان-18000-99/10/14,1,10,120000000,1,12000,12000,11999,1199900.0,12000,11999,1199900.0,12000,12000,1399-7-16
922,ضخوز7023,اختيارخ فخوز-31470-1399/07/20,1,1,9890000,11500,9890,9890,-1610,-14.0,9890,-1610,-14.0,9890,9890,1399-7-16
923,تملي712,تسهيلات مسكن ب. ملي-اسفند97,1,1,853114,812490,853114,853114,40624,5.0,853114,40624,5.0,853114,853114,1399-7-16
924,ضسپا8017,اختيارخ خساپا-2200-1399/08/26,1,5,4750000,709,950,950,241,33.99,950,241,33.99,950,950,1399-7-16
925,ساراب2,سيمان‌ داراب‌,1,12,166560,13300,13880,13880,580,4.36,13880,580,4.36,13880,13880,1399-7-16
926,فملي2,ملي‌ صنايع‌ مس‌ ايران‌,1,2544,72885600,28270,28650,28650,380,1.34,28650,380,1.34,28650,28650,1399-7-16
927,تپكو4,توليدتجهيزات‌سنگين‌هپكو,1,360000000,64800000000,5590,180,180,-5410,-96.78,180,-5410,-96.78,180,180,1399-7-16
928,صايپا908,صكوك مرابحه سايپا908-3ماهه 18%,1,33,32769066,993002,993002,993002,0,0.0,993002,0,0.0,993002,993002,1399-7-16
929,ضبدر8064,اختيارخ شبندر-37580-1399/08/18,1,1,7002000,8012,7002,7002,-1010,-12.61,7002,-1010,-12.61,7002,7002,1399-7-16
930,ضپار1116,اختيارخ خپارس-6000-1399/11/19,1,5,24400000,4201,4880,4880,679,16.16,4880,679,16.16,4880,4880,1399-7-16
931,افاد61,منفعت دولت6-ش.خاص140109,1,5000,4825015000,965859,965003,965003,-856,-0.09,965003,-856,-0.09,965003,965003,1399-7-16
932,ضسپا8020,اختيارخ خساپا-2800-1399/08/26,1,5,3710000,507,742,742,235,46.35,742,235,46.35,742,742,1399-7-16
933,ضپيك1019,اختيارخ تاپيكو-12000-99/10/16,1,10,117000000,12000,11700,11700,-300,-2.5,11700,-300,-2.5,11700,11700,1399-7-16
934,ضجار7031,اختيارخ وتجارت-4600-1399/07/22,1,10,10000,2,1,1,-1,-50.0,1,-1,-50.0,1,1,1399-7-16
935,جم2,پتروشيمي جم,1,196,9386440,47520,47890,47890,370,0.78,47890,370,0.78,47890,47890,1399-7-16
936,فخوز2,فولاد  خوزستان,1,452,18134240,39930,40120,40120,190,0.48,40120,190,0.48,40120,40120,1399-7-16
937,تملي711,تسهيلات مسكن ب. ملي-بهمن97,1,1,792609,754866,792609,792609,37743,5.0,792609,37743,5.0,792609,792609,1399-7-16
938,ضمخا7036,اختيارخ اخابر-2750-1399/07/30,1,1,10000000,17000,10000,10000,-7000,-41.18,10000,-7000,-41.18,10000,10000,1399-7-16
939,تهران012,مشاركت ش تهران012-3ماهه18%,1,1000,969000000,950000,969000,969000,19000,2.0,969000,19000,2.0,969000,969000,1399-7-16
940,ضپار1119,اختيارخ خپارس-9000-1399/11/19,1,10,26500000,1,2650,2650,2649,264900.0,2650,2649,264900.0,2650,2650,1399-7-16
941,وبصادر2,بانك صادرات ايران,1,20830000,89569000000,4180,4300,4300,120,2.87,4300,120,2.87,4300,4300,1399-7-16
942,ضغدر8048,اختيارخ وغدير-22000-1399/08/26,1,5,1050000,882,210,210,-672,-76.19,210,-672,-76.19,210,210,1399-7-16
943,ضغدر8049,اختيارخ وغدير-24000-1399/08/26,1,5,3000000,299,600,600,301,100.67,600,301,100.67,600,600,1399-7-16
944,ضخوز1013,اختيارخ فخوز-10667-1399/10/16,1,1,14000000,17000,14000,14000,-3000,-17.65,14000,-3000,-17.65,14000,14000,1399-7-16
945,ضجار1010,اختيارخ وتجارت-1600-1399/10/21,1,27,53460000,1833,1980,1980,147,8.02,1980,147,8.02,1980,1980,1399-7-16
946,ضپاس1007,اختيارخ وپارس-6000-1399/10/30,1,1,900000,1,900,900,899,89900.0,900,899,89900.0,900,900,1399-7-16
947,شسپا4,نفت سپاهان,1,8000000,187360000000,23320,23420,23420,100,0.43,23420,100,0.43,23420,23420,1399-7-16
948,ضفار8029,اختيارخ فارس-7326-1399/08/06,1,20,280000000,12000,14000,14000,2000,16.67,14000,2000,16.67,14000,14000,1399-7-16
949,تملي804,تسهيلات مسكن ب. ملي-تير98,1,1,355756,338816,355756,355756,16940,5.0,355756,16940,5.0,355756,355756,1399-7-16
950,اروند05,منفعت صبا اروند لوتوس 14001113,1,34,34000034,1000001,1000001,1000001,0,0.0,1000001,0,0.0,1000001,1000001,1399-7-16
951,سلامت64,مرابحه سلامت6واجدشرايط خاص1400,1,2600000,2470000000000,940001,950000,950000,9999,1.06,950000,9999,1.06,950000,950000,1399-7-16
952,حرهشا,رهشاد سپاهان (سهامي عام,1,247,14919294,62270,60402,60402,-1868,-3.0,62269,-1,0.0,60402,60402,1399-7-16
953,ضفلا8086,اختيارخ فولاد-17775-1399/08/28,1,1,2500000,2002,2500,2500,498,24.88,2500,498,24.88,2500,2500,1399-7-16
954,تملي806,تسهيلات مسكن ب. ملي-شهريور98,1,1,250665,238729,250665,250665,11936,5.0,250665,11936,5.0,250665,250665,1399-7-16
955,ضغدر8038,اختيارخ وغدير-11000-1399/08/26,1,2,12800000,4027,6400,6400,2373,58.93,6400,2373,58.93,6400,6400,1399-7-16
956,مبين013,اجاره اعتماد مبين نوين010710,1,20000,18180000000,893000,909000,909000,16000,1.79,909000,16000,1.79,909000,909000,1399-7-16
957,خودرو2,ايران‌ خودرو,1,22893,74402250,3100,3250,3250,150,4.84,3250,150,4.84,3250,3250,1399-7-16
958,ضجار7033,اختيارخ وتجارت-5000-1399/07/22,1,1,10000,1,10,10,9,900.0,10,9,900.0,10,10,1399-7-16
959,ضبدر8056,اختيارخ شبندر-21580-1399/08/18,1,3,45000000,20000,15000,15000,-5000,-25.0,15000,-5000,-25.0,15000,15000,1399-7-16
960,ونفت4,سرمايه‌گذاري‌ صنعت‌ نفت‌,1,14000000,219520000000,14940,15680,15680,740,4.95,15680,740,4.95,15680,15680,1399-7-16
961,ضبدر8062,اختيارخ شبندر-33580-1399/08/18,1,6,48018000,8002,8003,8003,1,0.01,8003,1,0.01,8003,8003,1399-7-16
962,ضغدر8030,اختيارخ وغدير-6510-1399/08/26,1,1,8500000,8500,8500,8500,0,0.0,8500,0,0.0,8500,8500,1399-7-16
963,حريل02,اجاره ريل پردازسير021212,1,200,190700000,960000,953500,953500,-6500,-0.68,953500,-6500,-0.68,953500,953500,1399-7-16
964,ضبدر1151,اختيارخ شبندر-36000-1399/11/19,1,5,65000000,1,13000,13000,12999,1299900.0,13000,12999,1299900.0,13000,13000,1399-7-16
965,فارس2,صنايع پتروشيمي خليج فارس,1,4773,142378590,29080,29830,29830,750,2.58,29830,750,2.58,29830,29830,1399-7-16
966,ضجار7019,اختيارخ وتجارت-2200-1399/07/22,1,10,12500000,1023,1250,1250,227,22.19,1250,227,22.19,1250,1250,1399-7-16
967,وگردش4,بانك گردشگري,1,298500000,6208800000000,20101,20800,20800,699,3.48,20800,699,3.48,20800,20800,1399-7-16
968,ضبدر8054,اختيارخ شبندر-18580-1399/08/18,1,1,17000000,20000,17000,17000,-3000,-15.0,17000,-3000,-15.0,17000,17000,1399-7-16
969,بذر2,صندوق س بذر اميد آفرين-سهام,1,2550000,2550000,113250,1,1,-113249,-100.0,1,-113249,-100.0,1,1,1399-7-16
970,ضصاد8001,اختيارخ وبصادر-1300-1399/08/11,1,2,5800000,2612,2900,2900,288,11.03,2900,288,11.03,2900,2900,1399-7-16
