,نماد,نام,تعداد,حجم,ارزش,دیروز,اولین,آخرین معامله - مقدار,آخرین معامله - تغییر,آخرین معامله - درصد,قیمت پایانی - مقدار,قیمت پایانی - تغییر,قیمت پایانی - درصد,کمترین,بیشترین,تاریخ
0,شستا,سرمايه گذاري تامين اجتماعي,108144,262984313,6475094493920,25800,24510,24590,-1210,-4.69,24620,-1180,-4.57,24510,25450,1399-9-26
1,ولپارس,ليزينگ پارسيان,96243,338304096,2711562498840,8090,7690,8460,370,4.57,8020,-70,-0.87,7690,8490,1399-9-26
2,خودرو,ايران‌ خودرو,65093,1279409249,4661091553600,3620,3620,3680,60,1.66,3640,20,0.55,3500,3750,1399-9-26
3,پالايش,صندوق پالايشي يکم-سهام,59901,27493062,2605019969040,96980,94300,94440,-2540,-2.62,94750,-2230,-2.3,92500,97580,1399-9-26
4,وسپهر,سرمايه گذاري مالي سپهرصادرات,57510,232523359,2628697217708,11062,10631,11341,279,2.52,11305,243,2.2,10600,11615,1399-9-26
5,خساپا,سايپا,51288,1657976283,4405912757690,2760,2640,2660,-100,-3.62,2660,-100,-3.62,2630,2750,1399-9-26
6,شپنا,پالايش نفت اصفهان,50771,337017238,5304085555280,16550,15730,15730,-820,-4.95,15740,-810,-4.89,15730,15940,1399-9-26
7,دارا يكم,صندوق واسطه گري مالي يكم-سهام,49010,17486724,3110474808990,174940,176150,179820,4880,2.79,177880,2940,1.68,173340,180860,1399-9-26
8,وتجارت,بانك تجارت,48362,1258820763,4377057073330,3580,3410,3510,-70,-1.96,3480,-100,-2.79,3410,3630,1399-9-26
9,فملي,ملي‌ صنايع‌ مس‌ ايران‌,45879,157136363,2352917232200,14600,14060,15330,730,5.0,14970,370,2.53,14060,15330,1399-9-26
10,بپيوند,برق و انرژي پيوندگستر پارس,44793,57672768,1743914263053,30139,30000,31070,931,3.09,30238,99,0.33,27800,31600,1399-9-26
11,شاروم,پتروشيمي اروميه,41607,42857121,1161624487861,27753,26366,28312,559,2.01,27105,-648,-2.33,26366,28980,1399-9-26
12,سيتا,سرمايه گذاري سيمان تامين,34712,59472310,994017800340,17360,16510,16860,-500,-2.88,16710,-650,-3.74,16500,17300,1399-9-26
13,فولاد,فولاد مباركه اصفهان,34433,175432644,2444235889320,13840,13470,14120,280,2.02,13930,90,0.65,13360,14260,1399-9-26
14,ثاميد,توسعه و عمران اميد,31566,248018987,556565188130,2340,2230,2270,-70,-2.99,2240,-100,-4.27,2230,2290,1399-9-26
15,بركت,گروه دارويي بركت,30680,111264232,2479940086720,22490,21370,22890,400,1.78,22290,-200,-0.89,21370,23390,1399-9-26
16,شبندر,پالايش نفت بندرعباس,28151,116492949,3451963318370,31130,29580,29580,-1550,-4.98,29630,-1500,-4.82,29580,30400,1399-9-26
17,ثبهساز,بهساز كاشانه تهران,26402,173553867,487550406000,2930,2790,2810,-120,-4.1,2810,-120,-4.1,2790,2890,1399-9-26
18,بگيلان,توسعه مسير برق گيلان,26317,9510985,243477741109,25815,24560,25883,68,0.26,25600,-215,-0.83,24560,26680,1399-9-26
19,وبصادر,بانك صادرات ايران,25518,650815336,2102099885980,3360,3200,3250,-110,-3.27,3230,-130,-3.87,3200,3320,1399-9-26
20,شتران,پالايش نفت تهران,23655,132010133,1643430699980,13080,12430,12430,-650,-4.97,12450,-630,-4.82,12430,12720,1399-9-26
21,پترول,گروه پتروشيمي س. ايرانيان,22189,106974520,1268982027910,12360,11750,12020,-340,-2.75,11860,-500,-4.05,11750,12120,1399-9-26
22,ذوب,سهامي ذوب آهن  اصفهان,22032,354180751,1921092117627,5611,5331,5511,-100,-1.78,5424,-187,-3.33,5331,5681,1399-9-26
23,امين,تامين سرمايه امين,21741,24307314,278491000190,11170,11110,11650,480,4.3,11460,290,2.6,11110,11690,1399-9-26
24,آبادا,توليد نيروي برق آبادان,21451,9125754,161528079230,18180,17280,18040,-140,-0.77,17700,-480,-2.64,17280,18210,1399-9-26
25,غزر,صنعتي زر ماكارون,21098,5595429,303043138220,56820,53980,54030,-2790,-4.91,54160,-2660,-4.68,53980,55500,1399-9-26
26,غبهنوش,بهنوش‌ ايران‌,19781,14436860,2073957288910,141420,127280,150860,9440,6.68,143660,2240,1.58,127280,154070,1399-9-26
27,آريا,پليمر آريا ساسول,18898,3853026,684294625800,175432,175432,181435,6003,3.42,177599,2167,1.24,167363,183000,1399-9-26
28,دي,بانك دي,18827,51564608,2313911725576,47166,44808,44808,-2358,-5.0,44874,-2292,-4.86,44808,46210,1399-9-26
29,وبملت,بانك ملت,18396,255638438,1267671162530,5030,4810,5010,-20,-0.4,4960,-70,-1.39,4810,5090,1399-9-26
30,حكشتي,كشتيراني جمهوري اسلامي ايران,17717,56116052,1514918703690,28350,26940,26940,-1410,-4.97,27000,-1350,-4.76,26940,27480,1399-9-26
31,وكبهمن,مديريت سرمايه گذاري كوثربهمن,17661,941947,16161926626,16341,17158,17158,817,5.0,16564,223,1.36,17158,17158,1399-9-26
32,چخزر,صنايع چوب خزر كاسپين,17441,117511,3287135203,26641,27973,27973,1332,5.0,26723,82,0.31,27973,27973,1399-9-26
33,زدشت,كشت و صنعت دشت خرم دره,17416,29927076,1785389537047,59753,53778,61500,1747,2.92,59658,-95,-0.16,53778,63700,1399-9-26
34,بوعلي,پتروشيمي بوعلي سينا,17291,1782330,89775962100,47980,50370,50370,2390,4.98,50370,2390,4.98,50370,50370,1399-9-26
35,زملارد,كشاورزي و دامپروري ملارد شير,17266,3839055,169412223298,45529,43253,44300,-1229,-2.7,44129,-1400,-3.07,43253,47805,1399-9-26
36,شگويا,پتروشيمي تندگويان,16663,78934889,883785625995,11704,11119,11279,-425,-3.63,11196,-508,-4.34,11119,11500,1399-9-26
37,گدنا,تهيه توزيع غذاي دنا آفرين فدك,15226,10442944,401757271690,36660,38493,38493,1833,5.0,38472,1812,4.94,36660,38493,1399-9-26
38,ثاخت,بين‌المللي‌توسعه‌ساختمان,14874,318880470,1469740859100,4660,4430,4790,130,2.79,4610,-50,-1.07,4430,4880,1399-9-26
39,پيزد,مجتمع صنايع لاستيك يزد,14500,1913147,156948358561,85069,81100,81581,-3488,-4.1,82037,-3032,-3.56,81031,84869,1399-9-26
40,انرژي3,سايراشخاص بورس انرژي,14068,4647453,1545643457000,331510,314940,348080,16570,5.0,332580,1070,0.32,314940,348080,1399-9-26
41,زمگسا,كشاورزي‌ ودامپروي‌ مگسال‌,13847,24570842,1341152779580,55460,49920,56590,1130,2.04,54580,-880,-1.59,49920,58200,1399-9-26
42,حسينا,توسعه خدمات دريايي وبندري سينا,13205,14372740,1331338627886,89897,86000,95800,5903,6.57,92629,2732,3.04,83510,97000,1399-9-26
43,وغدير,سرمايه‌گذاري‌غدير(هلدينگ‌,13168,105262499,1301519373180,12920,12280,12410,-510,-3.95,12360,-560,-4.33,12280,12680,1399-9-26
44,ونيكي,سرمايه‌گذاري‌ ملي‌ايران‌,12834,84768024,1882962613350,21210,20580,22270,1060,5.0,22210,1000,4.71,20580,22270,1399-9-26
45,پتاير,ايران‌ تاير,12590,6692528,1176141917620,172360,169000,180400,8040,4.66,175740,3380,1.96,157430,183000,1399-9-26
46,وپارس,بانك‌پارسيان‌,12416,606287141,2625547693090,4550,4330,4330,-220,-4.84,4330,-220,-4.84,4330,4390,1399-9-26
47,تليسه,دامداري تليسه نمونه,12258,99604303,711342169777,7488,7114,7117,-371,-4.95,7142,-346,-4.62,7114,7400,1399-9-26
48,وپويا,سرمايه گذاري پويا,12167,30325485,250526512879,8680,8246,8246,-434,-5.0,8261,-419,-4.83,8246,8444,1399-9-26
49,وخارزم,سرمايه گذاري خوارزمي,12160,86069562,891496089160,10810,10270,10430,-380,-3.52,10360,-450,-4.16,10270,10720,1399-9-26
50,صبا,سرمايه گذاري صبا تامين,10751,46079777,388545509210,8479,8066,8713,234,2.76,8432,-47,-0.55,8056,8850,1399-9-26
51,چكاپا,گروه صنايع كاغذ پارس,10491,119958837,855249248550,6830,6810,7170,340,4.98,7130,300,4.39,6720,7170,1399-9-26
52,خزاميا,زامياد,10079,77780969,1056242926680,14270,13560,13560,-710,-4.98,13580,-690,-4.84,13560,13830,1399-9-26
53,خبهمن,گروه‌بهمن‌,10068,57965924,1564272215700,28180,26780,26990,-1190,-4.22,26990,-1190,-4.22,26780,28100,1399-9-26
54,رافزا,رايان هم افزا,9176,53549,2063724911,36704,38539,38539,1835,5.0,36775,71,0.19,38539,38539,1399-9-26
55,فرابورس,فرابورس ايران,9009,21178435,1155691036543,57076,54223,54920,-2156,-3.78,54569,-2507,-4.39,54223,55900,1399-9-26
56,كالا,بورس كالاي ايران,8947,21182062,965161478990,45540,43270,47810,2270,4.98,45570,30,0.07,43270,47810,1399-9-26
57,زشگزا,شير و گوشت زاگرس شهركرد,8919,3891280,531299931833,137534,130658,140170,2636,1.92,136536,-998,-0.73,130658,143990,1399-9-26
58,خپارس,پارس‌ خودرو,8735,115111168,923642538160,8420,8000,8000,-420,-4.99,8020,-400,-4.75,8000,8210,1399-9-26
59,تاپيكو,س. نفت و گاز و پتروشيمي تأمين,8616,52149576,762945562530,15270,14700,14700,-570,-3.73,14630,-640,-4.19,14510,15130,1399-9-26
60,فروي,ذوب روي اصفهان,8592,9474529,574844028302,61723,58637,61720,-3,0.0,60673,-1050,-1.7,58637,64000,1399-9-26
61,هاي وب,داده گسترعصرنوين-هاي وب,8487,32274706,975846397680,31690,30110,30500,-1190,-3.76,30240,-1450,-4.58,30110,30930,1399-9-26
62,ماديرا,صنايع ماشين هاي اداري ايران,8422,37593966,1287452835557,32720,33705,34356,1636,5.0,34246,1526,4.66,32720,34356,1399-9-26
63,بجهرم,توسعه مولد نيروگاهي جهرم,8297,83386474,317778502818,3988,3789,3799,-189,-4.74,3811,-177,-4.44,3789,3916,1399-9-26
64,رتاپح,ح.تجارت الكترونيك پارسيان,8230,59393195,350580764360,6010,5410,6010,0,0.0,5900,-110,-1.83,5410,6390,1399-9-26
65,خاور,ايران خودرو ديزل,8174,90144001,658358194086,7231,7015,7447,216,2.99,7303,72,1.0,7015,7447,1399-9-26
66,ونوين,بانك‌اقتصادنوين‌,7899,170175749,875059601030,5330,5070,5260,-70,-1.31,5140,-190,-3.56,5070,5400,1399-9-26
67,لپارس,پارس‌ الكتريك‌,7806,3255599,471780941740,149420,141950,144250,-5170,-3.46,144910,-4510,-3.02,141950,152900,1399-9-26
68,قثابت,قند ثابت‌ خراسان‌,7535,11816206,1027178929830,91030,86480,86480,-4550,-5.0,86930,-4100,-4.5,86480,91020,1399-9-26
69,قصفها,قنداصفهان‌,7466,2822691,647001266370,228370,207000,233100,4730,2.07,229210,840,0.37,207000,241230,1399-9-26
70,فارس,صنايع پتروشيمي خليج فارس,7266,29894674,380102087860,12920,12510,12660,-260,-2.01,12710,-210,-1.63,12500,13000,1399-9-26
71,كرمان,س. توسعه و عمران استان كرمان,7134,13644664,1084866037404,83452,79280,79280,-4172,-5.0,79508,-3944,-4.73,79280,81780,1399-9-26
72,وآيند,بانك  آينده,6870,60676176,1470675722319,22759,24500,24010,1251,5.5,24238,1479,6.5,24010,24990,1399-9-26
73,حفاري,حفاري شمال,6803,53274014,634400347020,12440,11820,12120,-320,-2.57,11910,-530,-4.26,11820,12300,1399-9-26
74,فاذر,صنايع‌ آذرآب‌,6558,14828860,536555382120,37150,35300,37050,-100,-0.27,36180,-970,-2.61,35300,38420,1399-9-26
75,لوتوس,تامين سرمايه لوتوس پارسيان,6552,35286693,576753126300,15630,16410,16410,780,4.99,16340,710,4.54,15940,16410,1399-9-26
76,خاذين,سايپاآذين‌,6468,61508121,427701406090,7080,6730,7070,-10,-0.14,6950,-130,-1.84,6730,7420,1399-9-26
77,شيران,س. صنايع‌شيميايي‌ايران,6399,14343582,539198271060,36620,35000,38450,1830,5.0,37590,970,2.65,35000,38450,1399-9-26
78,غگل,گلوكوزان‌,6319,70567571,358381173440,5330,5070,5070,-260,-4.88,5080,-250,-4.69,5070,5170,1399-9-26
79,بپاس,بيمه پاسارگاد,6309,9892691,955357737206,93923,94863,98619,4696,5.0,96572,2649,2.82,94500,98619,1399-9-26
80,تملت,تامين سرمايه بانك ملت,6291,30997484,301007327310,9930,9440,10010,80,0.81,9710,-220,-2.22,9440,10180,1399-9-26
81,زقيام,كشت و دام قيام اصفهان,6229,9824760,445977401302,45162,46000,45640,478,1.06,45393,231,0.51,43709,46600,1399-9-26
82,البرز,بيمه البرز,6186,84512526,442258546110,5450,5180,5260,-190,-3.49,5230,-220,-4.04,5180,5390,1399-9-26
83,بكام,كارخانجات توليدي شهيد قندي,6184,68826560,301830347520,4580,4360,4390,-190,-4.15,4390,-190,-4.15,4360,4590,1399-9-26
84,كگل,معدني و صنعتي گل گهر,6126,61141699,1100799778490,17230,16610,18090,860,4.99,18000,770,4.47,16610,18090,1399-9-26
85,شبريز,پالايش نفت تبريز,6123,26681832,872904807790,34430,32710,32710,-1720,-5.0,32720,-1710,-4.97,32710,33200,1399-9-26
86,ومعادن,توسعه‌معادن‌وفلزات‌,6024,35095242,490168253520,13800,13170,14170,370,2.68,13970,170,1.23,13170,14350,1399-9-26
87,غويتا,ويتانا,5985,9681808,509779376081,53695,51011,53695,0,0.0,52653,-1042,-1.94,51011,55590,1399-9-26
88,فاراك,ماشين‌ سازي‌ اراك‌,5915,68440314,532401066480,8140,7740,7870,-270,-3.32,7780,-360,-4.42,7740,8040,1399-9-26
89,وپاسار,بانك  پاسارگاد,5817,82315329,986361162430,12260,11650,12200,-60,-0.49,11980,-280,-2.28,11650,12250,1399-9-26
90,وسديد,گروه ‌صنعتي‌سديد,5661,19397968,489926742214,24695,23965,25435,740,3.0,25257,562,2.28,23965,25435,1399-9-26
91,نوري,پتروشيمي نوري,5606,8655433,622160503740,68820,70510,71600,2780,4.04,71880,3060,4.45,70510,73790,1399-9-26
92,دماوند,توليد نيروي برق دماوند,5439,5782492,386491784127,69448,65976,66601,-2847,-4.1,66838,-2610,-3.76,65976,69448,1399-9-26
93,اخابر,مخابرات ايران,5393,34777847,528940117430,15710,14930,15340,-370,-2.36,15210,-500,-3.18,14930,15680,1399-9-26
94,ختوقا,قطعات‌ اتومبيل‌ ايران‌,5389,149919181,677387459140,4740,4510,4510,-230,-4.85,4520,-220,-4.64,4510,4630,1399-9-26
95,كبافق,معادن‌ بافق‌,5348,10835143,575392977150,52430,49810,55050,2620,5.0,53100,670,1.28,49810,55050,1399-9-26
96,ولساپا,ليزينگ رايان‌ سايپا,5281,114041433,488141335130,4100,4070,4300,200,4.88,4280,180,4.39,4070,4300,1399-9-26
97,فاسمين,كالسيمين‌,5243,19375190,358740700940,18400,17480,19000,600,3.26,18520,120,0.65,17480,19200,1399-9-26
98,كمند,صندوق س. با درآمد ثابت كمند,5195,243758477,2452622240670,10060,10062,10060,0,0.0,10062,2,0.02,10059,10068,1399-9-26
99,وصنعت,سرمايه گذاري توسعه صنعت وتجارت,5172,41379910,302693562710,7670,7290,7320,-350,-4.56,7310,-360,-4.69,7290,7620,1399-9-26
100,كاوه,فولاد كاوه جنوب كيش,5116,34107600,730913653290,20990,20200,21680,690,3.29,21430,440,2.1,20100,22030,1399-9-26
101,قاسم,قاسم ايران,5104,31628912,494716075746,15617,14837,16397,780,4.99,15641,24,0.15,14837,16397,1399-9-26
102,كوثر,بيمه كوثر,5102,40571219,919562864979,22484,21360,23608,1124,5.0,22665,181,0.81,21360,23608,1399-9-26
103,غصينو,صنعتي مينو,5078,14750101,1114916587592,79322,75356,78000,-1322,-1.67,75587,-3735,-4.71,75356,78000,1399-9-26
104,ودي,بيمه  دي,5071,25398493,702325878854,28983,27534,27980,-1003,-3.46,27652,-1331,-4.59,27534,28500,1399-9-26
105,دانا,بيمه دانا,5070,63065260,596523405690,9190,9200,9640,450,4.9,9460,270,2.94,8930,9640,1399-9-26
106,خگستر,گسترش‌سرمايه‌گذاري‌ايران‌خودرو,4824,92539852,432161108840,4910,4670,4670,-240,-4.89,4670,-240,-4.89,4670,4670,1399-9-26
107,وسينا,بانك سينا,4753,45460398,520967388240,12050,11450,11470,-580,-4.81,11460,-590,-4.9,11450,11620,1399-9-26
108,شپلي,پلي اكريل ايران,4726,48885013,447331126540,9045,8774,9316,271,3.0,9151,106,1.17,8774,9316,1399-9-26
109,كوير,توليدي فولاد سپيد فراب كوير,4609,21276306,445328084030,20550,19530,21570,1020,4.96,20930,380,1.85,19530,21570,1399-9-26
110,شغدير,پتروشيمي غدير,4488,13825817,975177053069,74081,70377,71800,-2281,-3.08,70533,-3548,-4.79,70377,73000,1399-9-26
111,مدير,ص.س.مديريت ثروت ص.بازنشستگي-س,4441,25559656,283618523260,10766,10550,11277,511,4.75,11096,330,3.07,10550,11400,1399-9-26
112,كچاد,معدني‌وصنعتي‌چادرملو,4398,27851533,547215125690,18860,18200,19800,940,4.98,19650,790,4.19,18200,19800,1399-9-26
113,خرينگ,رينگ‌سازي‌مشهد,4358,7411405,421479576800,59610,56630,56630,-2980,-5.0,56870,-2740,-4.6,56630,59610,1399-9-26
114,خشرق,الكتريك‌ خودرو شرق‌,4247,16709665,395295197540,24090,22890,24190,100,0.42,23660,-430,-1.78,22890,24800,1399-9-26
115,غشهداب,كشت و صنعت شهداب ناب خراسان,4238,47264429,230562312384,5124,4868,4885,-239,-4.66,4878,-246,-4.8,4868,4998,1399-9-26
116,وساخت,سرمايه‌ گذاري‌ ساختمان‌ايران‌,4228,6021815,381597863380,66190,62890,63240,-2950,-4.46,63370,-2820,-4.26,62890,66190,1399-9-26
117,سفاسي,شركت فارسيت اهواز,4198,23642315,345514151661,14583,14146,15020,437,3.0,14614,31,0.21,14146,15020,1399-9-26
118,رتاپ,تجارت الكترونيك  پارسيان,4137,28899739,245197440180,8300,7920,8710,410,4.94,8480,180,2.17,7890,8710,1399-9-26
119,هرمز,فولاد هرمزگان جنوب,4043,29676370,436206649514,14151,13720,14858,707,5.0,14699,548,3.87,13720,14858,1399-9-26
120,وپست,پست بانك ايران,3912,35712271,596166354890,17440,16570,17300,-140,-0.8,16690,-750,-4.3,16570,17400,1399-9-26
121,زبينا,كشاورزي و دامپروري بينالود,3849,5040190,256381765891,53182,50523,50530,-2652,-4.99,50867,-2315,-4.35,50523,52990,1399-9-26
122,وملل,اعتباري ملل,3846,35213229,544952801083,15461,14700,15600,139,0.9,15476,15,0.1,14700,16150,1399-9-26
123,فزرين,زرين معدن آسيا,3793,10644865,291081786328,26163,26164,27471,1308,5.0,27345,1182,4.52,26164,27471,1399-9-26
124,سيمرغ,سيمرغ,3742,20057040,379181730420,19850,18860,18860,-990,-4.99,18910,-940,-4.74,18860,19350,1399-9-26
125,خريخت,صنايع‌ريخته‌گري‌ايران‌,3707,63857979,299817968510,4880,4640,4710,-170,-3.48,4700,-180,-3.69,4640,4980,1399-9-26
126,وهور,مديريت انرژي اميد  تابان هور,3639,6345806,271470010250,43895,41750,43862,-33,-0.08,42779,-1116,-2.54,41705,43940,1399-9-26
127,وبانك,سرمايه گذاري گروه توسعه ملي,3636,22211650,226371332380,10690,10160,10210,-480,-4.49,10190,-500,-4.68,10160,10470,1399-9-26
128,ثفارس,عمران‌وتوسعه‌فارس‌,3518,35456502,334188774450,9860,9370,9370,-490,-4.97,9430,-430,-4.36,9370,9800,1399-9-26
129,سامان,بانك سامان,3505,44357925,546939050337,12159,11795,12523,364,2.99,12330,171,1.41,11795,12523,1399-9-26
130,غگيلا,شيرپاستوريزه پگاه گيلان,3502,550280,10412398160,18021,18922,18922,901,5.0,18193,172,0.95,18922,18922,1399-9-26
131,كرازي,كارخانجات‌توليدي‌شيشه‌رازي‌,3476,9922715,224149736560,22490,21450,23330,840,3.73,22590,100,0.44,21370,23400,1399-9-26
132,ونفت,سرمايه‌گذاري‌ صنعت‌ نفت‌,3452,23053194,386856457660,16390,15600,17200,810,4.94,16780,390,2.38,15600,17200,1399-9-26
133,كيسون,شركت كيسون,3445,35669067,585148243808,16871,16365,16365,-506,-3.0,16405,-466,-2.76,16365,16860,1399-9-26
134,ختور,رادياتور ايران‌,3423,7650020,304437198870,41820,39730,39730,-2090,-5.0,39800,-2020,-4.83,39730,41000,1399-9-26
135,دشيمي,شيمي‌ داروئي‌ داروپخش‌,3404,5397447,390273575220,69640,73100,73120,3480,5.0,72310,2670,3.83,69830,73120,1399-9-26
136,سفارس,سيمان فارس و خوزستان,3358,18287965,314387329200,17710,16830,17490,-220,-1.24,17190,-520,-2.94,16830,17830,1399-9-26
137,پاكشو,گروه صنعتي پاكشو,3328,2667604,214137613280,77350,77200,81210,3860,4.99,80270,2920,3.78,77200,81210,1399-9-26
138,سرو,صندوق س سروسودمند مدبران-سهام,3322,4801800,331824238830,65990,65900,70750,4760,7.21,69100,3110,4.71,65510,71000,1399-9-26
139,وتوكا,سرمايه‌گذاري‌توكافولاد(هلدينگ,3311,49602866,679756031440,13060,13270,13710,650,4.98,13700,640,4.9,13250,13710,1399-9-26
140,نوين,بيمه نوين,3264,35598065,307989427567,9089,8635,8635,-454,-5.0,8652,-437,-4.81,8635,8899,1399-9-26
141,حسير,ريل سير كوثر,3227,12821316,242771493246,19834,18843,19000,-834,-4.2,18935,-899,-4.53,18843,19834,1399-9-26
142,وبهمن,سرمايه‌گذاري‌بهمن‌,3208,17021520,336663358070,20150,19150,21080,930,4.62,19780,-370,-1.84,19150,21080,1399-9-26
143,حريل,ريل پردازسير,3206,35193572,163198953237,4665,4432,4770,105,2.25,4637,-28,-0.6,4432,4850,1399-9-26
144,ما,بيمه  ما,3195,34363270,302778527470,9150,8700,9150,0,0.0,8810,-340,-3.72,8700,9400,1399-9-26
145,ثنوسا,نوسازي‌وساختمان‌تهران‌,3142,31963841,466084870990,13900,14300,14590,690,4.96,14580,680,4.89,14300,14590,1399-9-26
146,چدن,توليدي چدن سازان,3076,14721197,504994085130,34020,32320,35720,1700,5.0,34300,280,0.82,32320,35720,1399-9-26
147,خكرمان,گروه اقتصادي كرمان خودرو,3072,31035630,168376469678,5680,5396,5460,-220,-3.87,5425,-255,-4.49,5396,5677,1399-9-26
148,ارفع,شركت آهن و فولاد ارفع,3054,21537444,335410077498,14990,14350,15739,749,5.0,15573,583,3.89,14350,15739,1399-9-26
149,بنو,بيمه تجارت نو,3052,11895842,363037478111,29319,30000,30784,1465,5.0,30518,1199,4.09,29690,30784,1399-9-26
150,آگاس,صندوق س.هستي بخش آگاه-س,3021,3150558,230897314647,70848,70071,74443,3595,5.07,73288,2440,3.44,70071,75000,1399-9-26
151,فسرب,ملي‌ سرب‌وروي‌ ايران‌,3018,1889942,238628308880,131160,124610,128600,-2560,-1.95,126260,-4900,-3.74,124610,130400,1399-9-26
152,غديس,پاكديس,3016,14394604,174895914767,12701,12066,12272,-429,-3.38,12150,-551,-4.34,12066,12497,1399-9-26
153,ثقزوي,شركت عمران و سازندگي قزوين,3002,7668678,216574482514,27556,27830,28382,826,3.0,28241,685,2.49,26900,28382,1399-9-26
154,ومهان,گروه توسعه مالي مهر آيندگان,3000,13260293,203795684923,16051,15249,15426,-625,-3.89,15369,-682,-4.25,15249,16100,1399-9-26
155,كمرجان,بازرگاني و توليدي مرجان كار,2983,2737193,184406761156,68159,64752,69799,1640,2.41,67371,-788,-1.16,64752,71500,1399-9-26
156,بورس,بورس اوراق بهادار تهران,2975,5710942,333515377280,60650,57620,60000,-650,-1.07,58400,-2250,-3.71,57620,60600,1399-9-26
157,شسپا,نفت سپاهان,2973,14384958,381754541050,27800,26410,27170,-630,-2.27,26540,-1260,-4.53,26410,27680,1399-9-26
158,قرن,پديده شيمي قرن,2969,3181492,169204696860,54260,51560,54500,240,0.44,53180,-1080,-1.99,51560,54990,1399-9-26
159,فولاي,صنايع فولاد آلياژي يزد,2956,4958782,171005282084,36003,34203,35490,-513,-1.42,34485,-1518,-4.22,34203,35780,1399-9-26
160,افق,فروشگاههاي زنجيره اي افق كوروش,2943,2813468,221692541210,75980,72300,79770,3790,4.99,78800,2820,3.71,72300,79770,1399-9-26
161,غمارگ,مارگارين‌,2936,7503655,304819155840,41910,39820,40500,-1410,-3.36,40620,-1290,-3.08,39820,43400,1399-9-26
162,سشرق,سيمان‌ شرق‌,2874,28243994,194886650730,7170,6820,7040,-130,-1.81,6900,-270,-3.77,6820,7290,1399-9-26
163,سخواف,سيمان مجد خواف,2872,14655892,229075088554,15436,14973,15899,463,3.0,15630,194,1.26,14973,15899,1399-9-26
164,فنوال,نورد آلومينيوم‌,2854,7762004,242776475180,32810,31170,31300,-1510,-4.6,31280,-1530,-4.66,31170,32320,1399-9-26
165,زكوثر,سرمايه گذاري كشاورزي كوثر,2835,11602592,269802551160,24420,23200,23200,-1220,-5.0,23250,-1170,-4.79,23200,24030,1399-9-26
166,وتوصا,گروه س توسعه صنعتي ايران,2794,16390430,311304277160,18170,18710,19070,900,4.95,18990,820,4.51,18180,19070,1399-9-26
167,پكرمان,گروه‌ صنعتي‌ بارز,2785,14083167,464993764710,34680,32950,32970,-1710,-4.93,33020,-1660,-4.79,32950,33590,1399-9-26
168,شفارس,صنايع‌ شيميايي‌ فارس‌,2781,7892649,446022139950,55830,53040,58620,2790,5.0,56510,680,1.22,53040,58620,1399-9-26
169,تنوينح,ح . تامين سرمايه نوين,2776,11764564,58245566259,4786,4600,5019,233,4.87,4951,165,3.45,4600,5099,1399-9-26
170,ورنا,سرمايه‌گذاري‌ رنا(هلدينگ‌,2732,22888806,198595676740,9110,8660,8660,-450,-4.94,8680,-430,-4.72,8660,8950,1399-9-26
171,خاهن,آهنگري‌ تراكتورسازي‌ ايران‌,2714,6006012,237963229390,38230,38550,40140,1910,5.0,39620,1390,3.64,38200,40140,1399-9-26
172,بسويچ,پارس‌سويچ‌,2710,3667534,187110147910,51910,54500,49320,-2590,-4.99,51020,-890,-1.71,49320,54500,1399-9-26
173,ثشاهد,سرمايه‌ گذاري‌ شاهد,2688,9456114,253045610640,28160,26760,26760,-1400,-4.97,26760,-1400,-4.97,26760,26760,1399-9-26
174,ولشرق,ليزينگ ايران و شرق,2610,18652004,132898764982,7042,6790,7394,352,5.0,7125,83,1.18,6710,7394,1399-9-26
175,ورازي,بيمه رازي,2603,16990584,243047859177,13916,13230,14599,683,4.91,14305,389,2.8,13230,14611,1399-9-26
176,قشير,قند شيروان قوچان و بجنورد,2539,5713905,170555475025,31265,29702,29711,-1554,-4.97,29849,-1416,-4.53,29702,30990,1399-9-26
177,توريل,توکاريل,2533,7769498,181093757285,24267,23054,23500,-767,-3.16,23308,-959,-3.95,23054,24190,1399-9-26
178,اعتلا,شركت سرمايه گذاري اعتلاء البرز,2524,16801074,175626778633,10271,9758,10784,513,4.99,10453,182,1.77,9758,10784,1399-9-26
179,غشهد,شهد ايران ‌,2518,22428312,194623874730,8460,8170,8880,420,4.96,8680,220,2.6,8170,8880,1399-9-26
180,مرقام,ايران‌ارقام‌,2511,7477477,172294262680,24130,22930,23300,-830,-3.44,23040,-1090,-4.52,22930,23620,1399-9-26
181,والبر,سرمايه‌ گذاري‌ البرز(هلدينگ‌,2477,12005473,227984482420,19810,18820,19130,-680,-3.43,18990,-820,-4.14,18820,19800,1399-9-26
182,شبهرن,نفت‌ بهران‌,2467,5747710,326190555210,59550,56580,57530,-2020,-3.39,56750,-2800,-4.7,56580,58300,1399-9-26
183,بكهنوج,توليد برق ماهتاب كهنوج,2456,42661963,135157897635,3331,3165,3165,-166,-4.98,3168,-163,-4.89,3165,3215,1399-9-26
184,كيميا,معدني كيمياي زنجان گستران,2453,5746313,204213603778,35661,33878,36700,1039,2.91,35538,-123,-0.34,33878,37200,1399-9-26
185,رانفور,خدمات‌انفورماتيك‌,2452,6384635,193196860590,31540,29980,30050,-1490,-4.72,30260,-1280,-4.06,29970,31450,1399-9-26
186,وسين,بيمه سينا,2409,16076746,371833204830,23353,22186,24392,1039,4.45,23129,-224,-0.96,22186,24520,1399-9-26
187,ميدكو,هلدينگ صنايع  معدني خاورميانه,2392,7818135,223608060610,27823,27266,28970,1147,4.12,28601,778,2.8,27266,28970,1399-9-26
188,دبالك,مواد اوليه دارويي البرز بالك,2390,7603183,161274772880,20658,19626,21690,1032,5.0,21211,553,2.68,19626,21690,1399-9-26
189,سصوفي,سيمان‌ صوفيان‌,2382,8411500,132821923450,15710,14930,16180,470,2.99,15790,80,0.51,14930,16450,1399-9-26
190,زاگرس,پتروشيمي زاگرس,2372,3261788,606698281375,179377,177000,188345,8968,5.0,186002,6625,3.69,177000,188345,1399-9-26
191,شكلر,نيروكلر,2344,2883986,181502357930,62580,61050,62540,-40,-0.06,62930,350,0.56,61000,64500,1399-9-26
192,فنورد,نوردوقطعات‌ فولادي‌,2335,865026,162910268830,189500,180030,190000,500,0.26,188330,-1170,-0.62,180030,198700,1399-9-26
193,تپمپي,پمپ‌ سازي‌ ايران‌,2310,6481131,226068676120,36600,34770,35490,-1110,-3.03,34880,-1720,-4.7,34770,36140,1399-9-26
194,شجم,صنايع پتروشيمي تخت جمشيد,2308,29564708,308568643347,10515,10200,10830,315,3.0,10437,-78,-0.74,10200,10830,1399-9-26
195,واتي,سرمايه‌ گذاري‌ آتيه‌ دماوند,2288,17985766,247125365190,13970,13280,14020,50,0.36,13740,-230,-1.65,13280,14490,1399-9-26
196,فسازان,غلتك سازان سپاهان,2273,10113148,365253866930,37520,35650,36410,-1110,-2.96,36120,-1400,-3.73,35650,37500,1399-9-26
197,خكاوه,سايپا ديزل,2266,39255118,196689973104,5160,5006,5006,-154,-2.98,5011,-149,-2.89,5006,5099,1399-9-26
198,ختراك,ريخته‌گري‌ تراكتورسازي‌ ايران‌,2239,19254092,255074792890,12700,13330,13330,630,4.96,13250,550,4.33,12800,13330,1399-9-26
199,ختراكح,ح . ريخته‌گري‌ تراكتورسازي‌,2230,9970602,123354191360,12560,11300,13000,440,3.5,12370,-190,-1.51,11300,13210,1399-9-26
200,ارزش,صندوق س ارزش آفرين بيدار-سهام,2228,14769027,155684817400,10210,10160,10760,550,5.39,10540,330,3.23,10160,10770,1399-9-26
201,ستران,سيمان‌ تهران‌,2211,6385841,235656595240,38830,36890,36890,-1940,-5.0,36900,-1930,-4.97,36890,37800,1399-9-26
202,شاراك,پتروشيمي شازند,2208,13122478,340444321220,24800,23900,26040,1240,5.0,25940,1140,4.6,23900,26040,1399-9-26
203,كحافظ,كاشي‌ وسراميك‌ حافظ‌,2197,8015551,142225760990,18590,17670,17670,-920,-4.95,17740,-850,-4.57,17670,18200,1399-9-26
204,پكوير,كوير تاير,2174,5477649,111476606400,20760,19730,20350,-410,-1.97,20350,-410,-1.97,19730,21350,1399-9-26
205,شلعاب,لعابيران‌,2160,15062600,156628220710,9940,10430,10430,490,4.93,10400,460,4.63,9940,10430,1399-9-26
206,كلر,كلر پارس,2126,1761137,116249104728,67871,64478,68333,462,0.68,66008,-1863,-2.74,64478,69880,1399-9-26
207,پاسا,ايران‌ياساتايرورابر,2105,5761041,156192249000,28390,26980,27020,-1370,-4.83,27110,-1280,-4.51,26980,28060,1399-9-26
208,خموتور,موتورسازان‌تراكتورسازي‌ايران‌,2086,13134783,165708565550,12400,11780,13020,620,5.0,12620,220,1.77,11780,13020,1399-9-26
209,پارسان,گسترش نفت و گاز پارسيان,2069,8066736,179500078750,22780,21650,22300,-480,-2.11,22250,-530,-2.33,21650,23000,1399-9-26
210,چفيبر,فيبر ايران‌,2066,14808359,120422033830,7920,7530,8310,390,4.92,8130,210,2.65,7530,8310,1399-9-26
211,سدور,سيمان‌ دورود,2058,14728213,137413101730,9500,9030,9700,200,2.11,9330,-170,-1.79,9030,9870,1399-9-26
212,آريان,سرمايه گذاري پارس آريان,2045,32384757,499750973785,15735,15263,15825,90,0.57,15432,-303,-1.93,15263,16000,1399-9-26
213,ساوه,سيمان ساوه,2033,1675413,93588085865,58742,55805,55805,-2937,-5.0,55860,-2882,-4.91,55805,57500,1399-9-26
214,حتايد,تايدواترخاورميانه,2028,10054155,232765468960,22280,22300,23390,1110,4.98,23150,870,3.9,21300,23390,1399-9-26
215,كترام,توليدي‌ كاشي‌ تكسرام‌,2015,5820270,201901720670,36330,34520,34970,-1360,-3.74,34690,-1640,-4.51,34520,36250,1399-9-26
216,وپترو,سرمايه‌گذاري صنايع پتروشيمي‌,2006,7509135,131799132360,17790,16910,18200,410,2.3,17550,-240,-1.35,16910,18480,1399-9-26
217,اميد,تامين سرمايه اميد,2005,18676340,236461330990,13150,12500,13220,70,0.53,12660,-490,-3.73,12500,13220,1399-9-26
218,كفپارس,فرآورده‌هاي‌ نسوز پارس‌,2004,14145883,114229631120,8480,8060,8060,-420,-4.95,8080,-400,-4.72,8060,8360,1399-9-26
219,كروي,توسعه‌ معادن‌ روي‌ ايران‌,1982,4983679,165513046450,33300,31650,34460,1160,3.48,33210,-90,-0.27,31650,34860,1399-9-26
220,حفارس,حمل و نقل بين المللي خليج فارس,1967,22366129,97950452560,4590,4370,4450,-140,-3.05,4380,-210,-4.58,4370,4470,1399-9-26
221,ريشمك,توليد و صادرات ريشمك,1967,2625707,149267680757,54705,52001,57440,2735,5.0,56849,2144,3.92,52001,57440,1399-9-26
222,فرآور,فرآوري‌موادمعدني‌ايران‌,1945,5318327,141999574110,27530,26160,27100,-430,-1.56,26700,-830,-3.01,26160,27980,1399-9-26
223,غپاك,لبنيات‌ پاك‌,1916,10774085,171968310580,16660,15830,15830,-830,-4.98,15960,-700,-4.2,15830,16600,1399-9-26
224,كماسه,تامين‌ ماسه‌ ريخته‌گري‌,1910,4111569,230509727670,53400,56070,56070,2670,5.0,56060,2660,4.98,55180,56070,1399-9-26
225,غشوكو,شوكو پارس,1905,2132112,95679320243,45532,44167,45900,368,0.81,44875,-657,-1.44,44167,46780,1399-9-26
226,تاصيكو,سرمايه گذاري صدرتامين,1905,13827106,152100659310,11200,10640,11250,50,0.45,11000,-200,-1.79,10640,11310,1399-9-26
227,فلامي,لاميران‌,1893,2699194,116860450800,45120,42870,43870,-1250,-2.77,43290,-1830,-4.06,42870,45000,1399-9-26
228,وملت,سرمايه گذاري ملت,1883,19240556,89011824742,4540,4630,4630,90,1.98,4626,86,1.89,4550,4630,1399-9-26
229,خكمك,كمك‌فنرايندامين‌,1874,3324044,162748145940,51440,48870,48870,-2570,-5.0,48960,-2480,-4.82,48870,50350,1399-9-26
230,اپرداز,آتيه داده پرداز,1866,5149759,152461111902,31076,29523,29870,-1206,-3.88,29605,-1471,-4.73,29523,30499,1399-9-26
231,خديزل,بهمن  ديزل,1863,7614662,391025031517,53592,50913,52000,-1592,-2.97,51352,-2240,-4.18,50913,52868,1399-9-26
232,كساوه,صنايع‌ كاشي‌ و سراميك‌ سينا,1847,4577082,424936563150,89960,85520,93000,3040,3.38,92840,2880,3.2,85520,94390,1399-9-26
233,ثمسكن,سرمايه‌گذاري‌ مسكن‌,1840,19913128,125076327680,6590,6270,6270,-320,-4.86,6280,-310,-4.7,6270,6400,1399-9-26
234,بساما,بيمه سامان,1836,5672486,179462755443,31628,30047,33209,1581,5.0,31637,9,0.03,30047,33209,1399-9-26
235,فباهنر,مس‌ شهيدباهنر,1836,2436875,120491833140,48550,46130,50700,2150,4.43,49450,900,1.85,46130,50960,1399-9-26
236,دتوزيع,توزيع دارو پخش,1834,4480771,130170366756,30339,28823,28823,-1516,-5.0,29051,-1288,-4.25,28823,30855,1399-9-26
237,آرمان,بيمه آرمان,1791,15050270,185517468447,12573,12199,12196,-377,-3.0,12327,-246,-1.96,12196,12890,1399-9-26
238,وسپه,سرمايه‌گذاري‌ سپه‌,1788,10645529,147385866530,13510,12840,14180,670,4.96,13840,330,2.44,12840,14180,1399-9-26
239,ملت,بيمه ملت,1772,13646505,255551391990,18150,17500,19050,900,4.96,18730,580,3.2,17500,19050,1399-9-26
240,لبوتان,گروه‌صنعتي‌بوتان‌,1766,2167348,194201921590,89350,84890,93810,4460,4.99,89600,250,0.28,84890,93810,1399-9-26
241,قنيشا,قند  نيشابور,1764,2669585,179661093700,70810,67270,67270,-3540,-5.0,67300,-3510,-4.96,67270,68400,1399-9-26
242,همراه,شركت ارتباطات سيار ايران,1763,3030945,104105287830,34870,33450,34910,40,0.11,34350,-520,-1.49,33450,35060,1399-9-26
243,شتوكا,توكا رنگ فولاد سپاهان,1763,2295440,103068231847,46356,44039,44700,-1656,-3.57,44901,-1455,-3.14,44039,48620,1399-9-26
244,سپح,ح . پرداخت الكترونيك سامان كيش,1762,3558202,68572576800,17780,17500,19560,1780,10.01,19270,1490,8.38,17500,19560,1399-9-26
245,وبيمه,سرمايه‌ گذاري‌ صنعت‌ بيمه‌,1732,20612573,70486552580,3580,3410,3410,-170,-4.75,3420,-160,-4.47,3410,3550,1399-9-26
246,كرماشا,صنايع پتروشيمي كرمانشاه,1717,4709741,193144368620,39190,39190,41140,1950,4.98,41010,1820,4.64,39190,41140,1399-9-26
247,قشكر,شكرشاهرود,1701,2618845,120491564200,47270,44910,45100,-2170,-4.59,46010,-1260,-2.67,44910,49050,1399-9-26
248,اعتماد,صندوق س.اعتماد آفرين پارسيان-د,1690,37926560,1284299198110,33843,33849,33870,27,0.08,33863,20,0.06,33846,33880,1399-9-26
249,غنوش,نوش‌ مازندران‌,1684,2288276,142497138920,65480,62210,62210,-3270,-4.99,62270,-3210,-4.9,62210,63830,1399-9-26
250,غسالم,سالمين‌,1680,21454740,130659366600,6410,6090,6090,-320,-4.99,6090,-320,-4.99,6090,6090,1399-9-26
251,پرداخت,به پرداخت ملت,1661,3824049,96059559380,26130,26200,24830,-1300,-4.98,25120,-1010,-3.87,24830,26600,1399-9-26
252,سيستم,همكاران سيستم,1651,5095160,178924043410,33530,35200,35200,1670,4.98,35120,1590,4.74,33560,35200,1399-9-26
253,رنيك,جنرال مكانيك,1641,3932857,100056258949,25188,24000,26000,812,3.22,25441,253,1.0,24000,26400,1399-9-26
254,شپاس,نفت پاسارگاد,1631,5201912,127291487654,24523,23297,24690,167,0.68,24470,-53,-0.22,23297,25570,1399-9-26
255,ميهن,بيمه ميهن,1631,17176132,108600943137,6623,6292,6292,-331,-5.0,6323,-300,-4.53,6292,6603,1399-9-26
256,وثنو,سرمايه گذاري ساختماني نوين,1628,6493084,112040306856,17129,16273,17982,853,4.98,17255,126,0.74,16273,17985,1399-9-26
257,كاذرح,ح . فرآورده‌هاي‌نسوزآذر,1624,5997401,109539957100,16700,17400,18370,1670,10.0,18260,1560,9.34,16960,18370,1399-9-26
258,ثپرديس,سرمايه گذاري مسكن پرديس,1618,8135815,83308664552,10719,10184,10220,-499,-4.66,10240,-479,-4.47,10184,10690,1399-9-26
259,شفن,پتروشيمي فناوران,1616,818824,242563684240,300630,288500,300000,-630,-0.21,296230,-4400,-1.46,285600,312660,1399-9-26
260,كيان,صندوق س. با درآمد ثابت كيان,1615,54233781,1428218971922,26321,26333,26331,10,0.04,26334,13,0.05,26330,26340,1399-9-26
261,دتوزيعح,ح . توزيع دارو پخش,1613,3046293,74743385103,25699,24415,24415,-1284,-5.0,24536,-1163,-4.53,24415,26490,1399-9-26
262,دزهراوي,داروسازي‌زهراوي‌,1609,7465799,94469901570,13290,12630,12630,-660,-4.97,12650,-640,-4.82,12630,12850,1399-9-26
263,دتوليد,داروسازي توليد دارو,1605,4290582,143867017881,35212,33452,33452,-1760,-5.0,33531,-1681,-4.77,33452,34570,1399-9-26
264,فجر,فولاد اميركبيركاشان,1600,3608555,208116414360,59370,56410,59300,-70,-0.12,57670,-1700,-2.86,56410,60090,1399-9-26
265,امين يكم,صندوق درآمد ثابت امين يكم فردا,1575,53790209,551752476392,10246,10254,10256,10,0.1,10257,11,0.11,10246,10262,1399-9-26
266,ثرود,سرمايه‌گذاري مسكن زاينده رود,1563,9748724,109075767362,11700,11115,11340,-360,-3.08,11189,-511,-4.37,11115,11650,1399-9-26
267,آپ,آسان پرداخت پرشين,1544,5277020,97782540830,19460,18490,18490,-970,-4.98,18530,-930,-4.78,18490,19000,1399-9-26
268,شكربن,كربن‌ ايران‌,1534,1649243,135020004330,84930,80690,82300,-2630,-3.1,81870,-3060,-3.6,80690,85740,1399-9-26
269,قچار,فراوردههاي غذايي وقند چهارمحال,1512,3094612,198844747682,61270,64333,64333,3063,5.0,64255,2985,4.87,61500,64333,1399-9-26
270,پرديس,سرمايه گذاري پرديس,1504,13134694,92753934960,7390,7030,7090,-300,-4.06,7060,-330,-4.47,7030,7360,1399-9-26
271,وخاور,بانك خاورميانه,1504,15522866,156701795800,10260,9750,10400,140,1.36,10090,-170,-1.66,9750,10660,1399-9-26
272,ثنور,سرمايه گذاري كوه نور,1500,16451987,138414771461,8177,8390,8422,245,3.0,8413,236,2.89,8210,8422,1399-9-26
273,تنوين,تامين سرمايه نوين,1472,12581877,83754168680,6970,6630,6680,-290,-4.16,6660,-310,-4.45,6630,6880,1399-9-26
274,تايرا,تراكتورسازي‌ايران‌,1431,6143343,170355283770,28670,27240,27700,-970,-3.38,27730,-940,-3.28,27240,28800,1399-9-26
275,پخش,پخش البرز,1428,3739614,151946567627,39689,37755,41673,1984,5.0,40632,943,2.38,37755,41673,1399-9-26
276,شصدف,صنعتي دوده فام,1422,83827,2189980375,24881,26125,26125,1244,5.0,24932,51,0.2,26125,26125,1399-9-26
277,بزاگرس,نيروگاه زاگرس كوثر,1418,8447433,116159620155,14457,13735,13735,-722,-4.99,13751,-706,-4.88,13735,13990,1399-9-26
278,فايرا,آلومينيوم‌ايران‌,1408,3545998,95366050760,26220,24950,27530,1310,5.0,26890,670,2.56,24920,27530,1399-9-26
279,وتوسم,سرمايه‌گذاري‌توسعه‌ملي‌,1397,7025373,87243950870,13010,12360,12430,-580,-4.46,12420,-590,-4.53,12360,12800,1399-9-26
280,تسه9908,امتياز تسهيلات مسكن آبان99,1391,43025,25489471146,598724,600000,589000,-9724,-1.62,592434,-6290,-1.05,570200,604500,1399-9-26
281,وسبحان,سرمايه گذاري سبحان,1384,10500467,85856274643,8218,8050,8236,18,0.22,8176,-42,-0.51,7930,8449,1399-9-26
282,سرچشمه,سرمايه گذاري مس سرچشمه,1372,12012553,95476883138,8089,7685,8100,11,0.14,7948,-141,-1.74,7685,8169,1399-9-26
283,بالبر,كابل‌ البرز,1370,2623837,71281053190,27940,26550,27000,-940,-3.36,27170,-770,-2.76,26550,28810,1399-9-26
284,وهنر,گروه توسعه هنر ايران,1364,18824534,91250524215,4810,4666,4954,144,2.99,4847,37,0.77,4666,4954,1399-9-26
285,دكوثر,داروسازي‌ كوثر,1363,4215174,105585636800,26280,24970,25010,-1270,-4.83,25050,-1230,-4.68,24970,25800,1399-9-26
286,چافست,افست‌,1358,3796733,90021521890,24810,23570,23660,-1150,-4.64,23710,-1100,-4.43,23570,24850,1399-9-26
287,تشتاد,صنايع توليدي اشتاد ايران‌,1334,4262140,70534348251,16646,17120,16601,-45,-0.27,16549,-97,-0.58,16255,17120,1399-9-26
288,وحافظ,بيمه حافظ,1322,3079381,211406407521,67907,65870,69944,2037,3.0,68652,745,1.1,65870,69944,1399-9-26
289,كاردان,صندوق س تجارت شاخصي كاردان,1320,692933,121933791210,170020,169500,179900,9880,5.81,175970,5950,3.5,169500,181170,1399-9-26
290,غاذر,كشت‌وصنعت‌پياذر,1312,1260923,103980767060,84690,80460,84990,300,0.35,82460,-2230,-2.63,80460,86080,1399-9-26
291,ساربيل,سيمان آرتا اردبيل,1311,1785750,97708843970,53760,51080,56440,2680,4.99,54720,960,1.79,51080,56440,1399-9-26
292,ركيش,كارت اعتباري ايران كيش,1304,5246016,98649034150,18120,17430,19020,900,4.97,18800,680,3.75,17430,19020,1399-9-26
293,وسكاب,س.ص.بازنشستگي كاركنان بانكها,1304,11504462,73533662610,6500,6350,6510,10,0.15,6390,-110,-1.69,6210,6600,1399-9-26
294,وسكرد,شركت س استان كردستان,1296,57057382,45775313500,810,790,830,20,2.47,800,-10,-1.23,780,850,1399-9-26
295,نطرين,عطرين نخ قم,1285,7323530,87147627255,12455,11833,11833,-622,-4.99,11900,-555,-4.46,11833,12440,1399-9-26
296,فخاس,فولاد خراسان,1267,4167928,137005648810,34400,32680,33700,-700,-2.03,32870,-1530,-4.45,32680,34400,1399-9-26
297,ضخود1044,اختيارخ خودرو-4000-1399/10/07,1264,52447,6133093000,93,148,109,16,17.2,117,24,25.81,106,148,1399-9-26
298,زكشت,كشاورزي مكانيزه اصفهان كشت,1261,2939056,100130775246,35690,33906,34240,-1450,-4.06,34069,-1621,-4.54,33906,35050,1399-9-26
299,غمهراح,ح . توليدي‌مهرام‌,1258,1026092,68526550210,62090,66500,68290,6200,9.99,66780,4690,7.55,63000,68290,1399-9-26
300,كهمداح,ح . شيشه‌ همدان‌,1256,5735481,56421628390,9720,9410,10050,330,3.4,9840,120,1.23,9410,10210,1399-9-26
301,سمايه,بانك سرمايه,1255,9126849,77406146610,8719,8458,8458,-261,-2.99,8481,-238,-2.73,8458,8670,1399-9-26
302,ثتران,سرمايه گذاري مسكن تهران,1252,12273883,61304002408,5250,4988,4988,-262,-4.99,4995,-255,-4.86,4988,5149,1399-9-26
303,فمراد,آلومراد,1250,857335,106639788590,130650,124120,124120,-6530,-5.0,124390,-6260,-4.79,124120,130000,1399-9-26
304,كنور,توسعه معدني و صنعتي صبانور,1235,2640154,120042452460,43590,41750,45760,2170,4.98,45470,1880,4.31,41750,45760,1399-9-26
305,سمازن,سيمان‌مازندران‌,1232,9439143,101284137920,11200,10640,10640,-560,-5.0,10730,-470,-4.2,10640,11400,1399-9-26
306,اتكاي,بيمه اتكايي ايرانيان,1217,3833098,62871611828,15814,15973,16604,790,5.0,16402,588,3.72,15973,16604,1399-9-26
307,فسپا,گروه‌صنعتي‌سپاهان‌,1203,3682248,170068302030,48410,45990,47000,-1410,-2.91,46190,-2220,-4.59,45990,47830,1399-9-26
308,كطبس,ذغال‌سنگ‌ نگين‌ ط‌بس‌,1202,1666778,111607969420,68950,65510,67030,-1920,-2.78,66960,-1990,-2.89,65510,72380,1399-9-26
309,شپاكسا,پاكسان‌,1202,3930129,119460303180,31150,29600,30960,-190,-0.61,30400,-750,-2.41,29600,31490,1399-9-26
310,آوا,صندوق س.سهام آواي معيار-س,1199,7141173,63864064670,8710,8646,9118,408,4.68,8943,233,2.68,8610,9140,1399-9-26
311,كگاز,شيشه‌ و گاز,1193,3153727,72926644570,24310,23100,23100,-1210,-4.98,23120,-1190,-4.9,23100,23500,1399-9-26
312,شلرد,كود شيميايي اوره لردگان,1190,14953461,147082242396,10140,9836,9836,-304,-3.0,9836,-304,-3.0,9836,9836,1399-9-26
313,ثنظام,س. ساختماني نظام مهندسي ايران,1182,2025642,88007782719,45597,43318,43318,-2279,-5.0,43447,-2150,-4.72,43318,45000,1399-9-26
314,سنير,سيمان‌ سفيد ني‌ريز,1179,614194,52876502230,87750,83370,86250,-1500,-1.71,86090,-1660,-1.89,83370,90940,1399-9-26
315,سپ,پرداخت الكترونيك سامان كيش,1168,3196751,64601128730,19380,19000,20340,960,4.95,20210,830,4.28,19000,20340,1399-9-26
316,شپترو,پتروشيمي آبادان,1165,24106064,142078664089,5723,5894,5894,171,2.99,5894,171,2.99,5825,5894,1399-9-26
317,سخاش,سيمان‌خاش‌,1161,535079,55044060000,99770,94790,104750,4980,4.99,102870,3100,3.11,94790,104750,1399-9-26
318,ولتجار,واسپاري تجارت وسرمايه ايرانيان,1156,11876742,83421593690,6762,6445,7100,338,5.0,7024,262,3.87,6445,7100,1399-9-26
319,اتكام,شركت بيمه اتكايي امين,1153,10628560,75031428617,7344,6977,7065,-279,-3.8,7059,-285,-3.88,6977,7450,1399-9-26
320,كسعدي,كاشي‌ سعدي‌,1144,3146279,103260876780,34540,32820,32820,-1720,-4.98,32820,-1720,-4.98,32820,32820,1399-9-26
321,ثجوان,تامين مسكن جوانان,1125,10931284,120263099159,10690,11100,11224,534,5.0,11002,312,2.92,10156,11224,1399-9-26
322,وزمين,بانك ايران زمين,1115,13496403,174405750149,12796,12550,13051,255,1.99,12922,126,0.98,12541,13051,1399-9-26
323,شوينده,مديريت صنعت شوينده ت.ص.بهشهر,1098,1629206,57740767560,36880,35050,36330,-550,-1.49,35440,-1440,-3.9,35050,36700,1399-9-26
324,وساپا,سرمايه‌گذاري‌ سايپا,1098,10696347,94448744010,9290,8830,8830,-460,-4.95,8830,-460,-4.95,8830,8830,1399-9-26
325,غبشهر,صنعتي‌ بهشهر,1095,4320695,105417354810,25380,24120,25140,-240,-0.95,24400,-980,-3.86,24120,25290,1399-9-26
326,سخوز,سيمان خوزستان,1084,3300354,76774231440,24430,23210,23450,-980,-4.01,23260,-1170,-4.79,23210,23860,1399-9-26
327,بخاور,بيمه زندگي خاورميانه,1084,10201942,93641961810,9608,9128,9128,-480,-5.0,9179,-429,-4.47,9128,9900,1399-9-26
328,كمينا,شيشه سازي مينا,1083,2702530,91665009140,34915,33170,34659,-256,-0.73,33918,-997,-2.86,33170,35500,1399-9-26
329,شاوان,پالايش نفت لاوان,1083,2297753,233840616620,107079,101726,101728,-5351,-5.0,101769,-5310,-4.96,101726,106970,1399-9-26
330,پارتا,مجتمع‌صنعتي‌آرتاويل‌تاير,1083,3096878,179621326376,57931,56194,59668,1737,3.0,58001,70,0.12,56194,59668,1399-9-26
331,شبصير,توليدات پتروشيمي قائد بصير,1078,951332,119101873031,123945,117748,127650,3705,2.99,125195,1250,1.01,117748,130000,1399-9-26
332,غفارس,شير پاستوريزه پگاه فارس,1075,6161209,69896780265,10876,11290,11419,543,4.99,11345,469,4.31,10911,11419,1399-9-26
333,لكما,كارخانجات‌مخابراتي‌ايران‌,1070,5735394,47024495406,8630,8199,8199,-431,-4.99,8199,-431,-4.99,8199,8199,1399-9-26
334,شدوص,دوده‌ صنعتي‌ پارس‌,1067,1904284,41171117940,22100,21010,21990,-110,-0.5,21650,-450,-2.04,21000,22200,1399-9-26
335,جم,پتروشيمي جم,1065,3387424,159172274310,45710,44500,47370,1660,3.63,46990,1280,2.8,44500,47510,1399-9-26
336,قزوين,كارخانجات‌ قند قزوين‌,1059,2708681,112916394110,40440,38480,42460,2020,5.0,41690,1250,3.09,38480,42460,1399-9-26
337,كهمدا,شيشه‌ همدان‌,1057,5112434,62117991050,12740,12110,12340,-400,-3.14,12150,-590,-4.63,12110,12500,1399-9-26
338,شساخت,مهندسي و ساختمان صنايع نفت,1053,1852704,90221034243,47935,47100,49370,1435,2.99,48697,762,1.59,46600,49373,1399-9-26
339,لابسا,آبسال‌,1051,1934439,75597030600,39060,37140,39100,40,0.1,39080,20,0.05,37110,40890,1399-9-26
340,فالوم,آلومتك‌,1047,7803873,206384626245,25679,26449,26449,770,3.0,26446,767,2.99,26142,26449,1399-9-26
341,تكمبا,كمباين‌ سازي‌ ايران‌,1046,13119379,141462379140,10300,10690,10810,510,4.95,10780,480,4.66,10320,10810,1399-9-26
342,سرود,سيمان‌شاهرود,1045,3622421,64000576470,17020,16510,17870,850,4.99,17670,650,3.82,16170,17870,1399-9-26
343,زنگان,صنعت روي زنگان,1032,729549,72213928848,101828,96737,98500,-3328,-3.27,98984,-2844,-2.79,96737,104940,1399-9-26
344,وملي,گروه‌ صنعتي‌ ملي‌ (هلدينگ‌,1027,367527,122268882360,350180,332680,332680,-17500,-5.0,332680,-17500,-5.0,332680,332680,1399-9-26
345,سپاها,سيمان‌سپاهان‌,1027,7412253,63316524000,8980,8540,8540,-440,-4.9,8540,-440,-4.9,8540,8720,1399-9-26
346,غگلستا,شير پاستوريزه پگاه گلستان,1023,3661967,72844196329,20858,19816,20842,-16,-0.08,19892,-966,-4.63,19816,20842,1399-9-26
347,شرانل,نفت ايرانول,1007,1948908,64883077222,34929,33183,33500,-1429,-4.09,33292,-1637,-4.69,33183,33990,1399-9-26
348,پلاست,كارخانجات توليدي پلاستيران,1003,986572,43181612625,44416,43084,43200,-1216,-2.74,43769,-647,-1.46,43084,45740,1399-9-26
349,بميلا,توسعه بازرگاني آهن وفولادميلاد,998,5799292,107171678728,19423,18452,18500,-923,-4.75,18480,-943,-4.86,18452,18841,1399-9-26
350,وصندوق,سرمايه‌گذاري‌صندوق‌بازنشستگي‌,994,4161437,64213446780,15560,14850,15320,-240,-1.54,15480,-80,-0.51,14840,16110,1399-9-26
351,خمهر,مهركام‌پارس‌,983,14707297,114839433750,8210,7800,7800,-410,-4.99,7810,-400,-4.87,7800,8040,1399-9-26
352,خمحور,توليدمحورخودرو,983,1537155,117097038190,73550,71900,77220,3670,4.99,76180,2630,3.58,71900,77220,1399-9-26
353,پلاسك,پلاسكوكار,967,7602632,67095098140,9260,8800,8800,-460,-4.97,8830,-430,-4.64,8800,9090,1399-9-26
354,دفارا,داروسازي‌ فارابي‌,957,1877153,112952934820,63090,59940,60500,-2590,-4.11,60170,-2920,-4.63,59940,62350,1399-9-26
355,خمحركه,نيرو محركه‌,951,7024473,54299176290,8130,7730,7730,-400,-4.92,7730,-400,-4.92,7730,7730,1399-9-26
356,قجام,فرآوردههاي غذايي وقندتربت‌جام‌,946,7101757,85671145961,11805,11451,12159,354,3.0,12063,258,2.19,11451,12159,1399-9-26
357,ثامان,سامان‌ گستراصفهان‌,941,3732507,77781281560,21860,20770,20770,-1090,-4.99,20840,-1020,-4.67,20770,21590,1399-9-26
358,وبشهر,توسعه‌ صنايع‌ بهشهر(هلدينگ,936,4277554,64855067160,15870,15080,15300,-570,-3.59,15160,-710,-4.47,15080,15450,1399-9-26
359,سيدكو,سرمايه گذاري توسعه صنايع سيمان,934,6865229,53898580370,8150,7750,7910,-240,-2.94,7850,-300,-3.68,7750,8100,1399-9-26
360,سبهان,سيمان‌ بهبهان‌,932,1019735,68320306490,66940,63600,68900,1960,2.93,67000,60,0.09,63600,70280,1399-9-26
361,فبيرا,بسته‌ بندي‌ ايران‌,932,14751291,68433329411,4859,4617,4617,-242,-4.98,4639,-220,-4.53,4617,4837,1399-9-26
362,دابور,داروسازي‌ ابوريحان‌,911,919043,41465815040,46170,43880,44400,-1770,-3.83,45190,-980,-2.12,43880,48000,1399-9-26
363,بكاب,صنايع‌جوشكاب‌يزد,910,317722,95725784700,288300,302490,302710,14410,5.0,301290,12990,4.51,281000,302710,1399-9-26
364,دلر,داروسازي‌ اكسير,903,488433,55637836590,114620,109000,115000,380,0.33,113910,-710,-0.62,109000,120000,1399-9-26
365,وآرين,شركت توسعه اقتصادي آرين,900,17058024,93910436547,5665,5496,5496,-169,-2.98,5505,-160,-2.82,5496,5720,1399-9-26
366,دامين,داروسازي‌ امين‌,895,4754917,69833464670,15380,14620,14940,-440,-2.86,14690,-690,-4.49,14620,15500,1399-9-26
367,شخارك,پتروشيمي‌ خارك‌,892,1404878,62794654280,43850,42500,45040,1190,2.71,44390,540,1.23,42500,46000,1399-9-26
368,دعبيد,لابراتوارداروسازي‌  دكترعبيدي‌,880,1206942,36914416110,31960,30370,30470,-1490,-4.66,31040,-920,-2.88,30370,31800,1399-9-26
369,گوهران,سرمايه گذاري توسعه گوهران اميد,878,3673136,32351835273,9162,8704,8800,-362,-3.95,8907,-255,-2.78,8704,9162,1399-9-26
370,درازك,دارويي‌ رازك‌,878,1521438,63781042260,41690,39620,42480,790,1.89,41920,230,0.55,39620,43750,1399-9-26
371,سفار,سيمان‌فارس‌,874,756506,75390589680,98560,93640,103000,4440,4.5,99660,1100,1.12,93640,103470,1399-9-26
372,طلا,صندوق س.پشتوانه طلاي لوتوس,872,326723,27858397822,86903,86412,85101,-1802,-2.07,85266,-1637,-1.88,84523,86412,1399-9-26
373,تكنو,تكنوتار,869,3632280,51559100880,14870,14130,14140,-730,-4.91,14190,-680,-4.57,14130,14810,1399-9-26
374,غدشت,دشت‌ مرغاب‌,859,254104,58818710380,235660,223880,241700,6040,2.56,231470,-4190,-1.78,223880,245000,1399-9-26
375,دسانكو,داروسازي سبحان انكولوژي,839,2988797,51870923172,18223,17312,17630,-593,-3.25,17355,-868,-4.76,17312,18000,1399-9-26
376,ثعتما,س. ساختماني اعتماد گستر,827,2077109,83772019913,41198,39139,41700,502,1.22,40331,-867,-2.1,39139,42980,1399-9-26
377,سغرب,سيمان‌غرب‌,812,1656673,32446074730,20340,19340,19600,-740,-3.64,19810,-530,-2.61,19330,20990,1399-9-26
378,وآذر,سرمايه‌گذاري‌توسعه‌آذربايجان‌,810,546338,60075039270,115690,109910,109910,-5780,-5.0,109960,-5730,-4.95,109910,113000,1399-9-26
379,سكرد,سيمان كردستان,797,3725953,32194747040,9090,8640,8640,-450,-4.95,8760,-330,-3.63,8640,8720,1399-9-26
380,پارند,صندوق س. پارند پايدار سپهر,796,29510971,332894140201,11286,11292,11289,3,0.03,11280,-6,-0.05,11250,11293,1399-9-26
381,بفجر,فجر انرژي خليج فارس,791,1279543,35828791440,27580,27610,28000,420,1.52,27790,210,0.76,26960,28700,1399-9-26
382,وتوشه,سرمايه‌ گذاري‌ پارس‌ توشه‌,785,2160026,48646078070,23180,22110,22920,-260,-1.12,22520,-660,-2.85,22030,23820,1399-9-26
383,زشريف,كشت وصنعت شريف آباد,781,3737351,95709481092,26756,25419,25900,-856,-3.2,25609,-1147,-4.29,25419,26150,1399-9-26
384,ومعلم,بيمه معلم,770,4375833,32885834901,7891,7497,7497,-394,-4.99,7611,-280,-3.55,7497,7800,1399-9-26
385,وآوا,سرمايه گذاري آوا نوين,768,6569484,53023336012,7690,8074,8074,384,4.99,8071,381,4.95,7710,8074,1399-9-26
386,كاذر,فرآورده‌هاي‌نسوزآذر,766,2570803,55418443380,20560,21580,21580,1020,4.96,21560,1000,4.86,21000,21580,1399-9-26
387,غشان,شيرپاستوريزه‌پگاه‌خراسان‌,764,4583822,39389696870,9020,8570,8830,-190,-2.11,8670,-350,-3.88,8570,8830,1399-9-26
388,تماوند,تامين سرمايه دماوند,756,6907623,101258579994,14108,13680,14813,705,5.0,14659,551,3.91,13680,14813,1399-9-26
389,پارس,پتروشيمي پارس,756,354716,53828729620,151200,156000,151900,700,0.46,151510,310,0.21,147740,156000,1399-9-26
390,آتيمس,صندوق س.آرمان آتيه درخشان مس-س,750,427209,91662170956,213066,205696,217001,3935,1.85,214560,1494,0.7,205696,218000,1399-9-26
391,حتوكا,حمل‌ونقل‌توكا,741,1936536,52635048480,25890,27180,27180,1290,4.98,27000,1110,4.29,27180,27180,1399-9-26
392,بهپاك,صنعتي بهپاك,739,1780531,79757007115,47121,44765,44767,-2354,-5.0,44794,-2327,-4.94,44765,45749,1399-9-26
393,اطلس,صندوق س.توسعه اندوخته آينده-س,734,165550,33661091252,199534,195250,205000,5466,2.74,203329,3795,1.9,195030,208000,1399-9-26
394,وسرمد,بيمه  سرمد,729,5800525,43405791044,7711,7480,7480,-231,-3.0,7483,-228,-2.96,7480,7610,1399-9-26
395,جم پيلن,پلي پروپيلن جم - جم پيلن,726,767338,61185837280,78240,75260,81210,2970,3.8,79680,1440,1.84,75260,81890,1399-9-26
396,دكپسول,توليد ژلاتين كپسول ايران,724,1883915,77885943996,43482,41308,41670,-1812,-4.17,41343,-2139,-4.92,41308,42734,1399-9-26
397,غشاذر,پگاه‌آذربايجان‌غربي‌,723,2085130,40022164990,20160,19160,19160,-1000,-4.96,19280,-880,-4.37,19160,19800,1399-9-26
398,وسصفا,شركت س استان اصفهان,723,15885250,16903068960,1020,1070,1070,50,4.9,1030,10,0.98,970,1070,1399-9-26
399,لخزر,پارس‌ خزر,718,340056,71124198500,202980,194000,212900,9920,4.89,209150,6170,3.04,192870,213120,1399-9-26
400,رتكو,كنترل‌خوردگي‌تكين‌كو,709,3954747,76088891800,20180,19180,19180,-1000,-4.96,19240,-940,-4.66,19180,19800,1399-9-26
401,كمنگنز,معادن‌منگنزايران‌,705,637514,59916054580,89800,87500,94290,4490,5.0,93980,4180,4.65,87500,94290,1399-9-26
402,خصدرا,صنعتي‌ دريايي‌ ايران‌,704,6713007,34008093462,5222,5066,5066,-156,-2.99,5122,-100,-1.91,5066,5066,1399-9-26
403,وساغربي,شركت س استان آذربايجان غربي,699,29155120,23183961960,820,810,790,-30,-3.66,810,-10,-1.22,780,830,1399-9-26
404,ثاختح,ح . بين‌المللي‌توسعه‌ساختمان,689,32105442,104403504300,3480,3360,3250,-230,-6.61,3250,-230,-6.61,3240,3830,1399-9-26
405,دتماد,توليدمواداوليه‌داروپخش‌,687,1064488,50756528080,49060,46900,48500,-560,-1.14,47680,-1380,-2.81,46700,50000,1399-9-26
406,ساروم,سيمان‌اروميه‌,676,1250913,31606916790,25940,24810,25170,-770,-2.97,25470,-470,-1.81,24700,25980,1399-9-26
407,تكشا,گسترش‌صنايع‌وخدمات‌كشاورزي‌,673,775889,43726527320,59290,56330,56330,-2960,-4.99,56560,-2730,-4.6,56330,57000,1399-9-26
408,زپارس,ملي كشت و صنعت و دامپروري پارس,668,515473,45381837550,88470,85210,88470,0,0.0,88080,-390,-0.44,85210,89890,1399-9-26
409,فيروزه,صندوق شاخص30 شركت فيروزه- سهام,667,313285,54239403410,167240,162500,175590,8350,4.99,173130,5890,3.52,162500,177480,1399-9-26
410,دلقما,دارويي‌ لقمان‌,655,1589603,46549416320,30800,29260,29260,-1540,-5.0,29280,-1520,-4.94,29260,29810,1399-9-26
411,قشهد,شهد,655,681831,21243841350,30580,29060,31300,720,2.35,30820,240,0.78,29060,31890,1399-9-26
412,وسكرمان,س.سهام عدالت استان كرمان,652,25811002,26302110260,1040,1020,990,-50,-4.81,1030,-10,-0.96,990,1090,1399-9-26
413,وتعاون,بيمه  تعاون,651,3655020,26138174476,7193,6834,7100,-93,-1.29,7151,-42,-0.58,6834,7480,1399-9-26
414,شمواد,توليد مواداوليه الياف مصنوعي,641,841943,47344264034,57944,56206,56206,-1738,-3.0,56232,-1712,-2.95,56206,57900,1399-9-26
415,ونيرو,سرمايه‌گذاري‌نيرو,641,8886657,38745824520,4580,4360,4360,-220,-4.8,4390,-190,-4.15,4360,4360,1399-9-26
416,لسرما,سرما آفرين‌,640,1453645,45744344400,33020,31370,31370,-1650,-5.0,31480,-1540,-4.66,31370,32450,1399-9-26
417,خراسان,پتروشيمي خراسان,637,584225,39782487420,67660,65200,68000,340,0.5,68010,350,0.52,65200,70950,1399-9-26
418,آبين,كشت و صنعت آبشيرين,633,9342809,43808431401,4833,4689,4689,-144,-2.98,4689,-144,-2.98,4689,4689,1399-9-26
419,افق ملت,صندوق س در سهام افق ملت,631,246657,34112605740,133980,135000,140930,6950,5.19,138300,4320,3.22,134000,142000,1399-9-26
420,وگستر,گسترش سرمايه گذاري ايرانيان,624,2422381,52847657250,22808,21668,21668,-1140,-5.0,21816,-992,-4.35,21668,22499,1399-9-26
421,غشصفا,شيرپاستوريزه‌پگاه‌اصفهان‌,624,1401702,41310034460,30560,29040,29400,-1160,-3.8,29630,-930,-3.04,29040,31460,1399-9-26
422,شگل,گلتاش‌,621,4184053,114015444250,25960,27250,27250,1290,4.97,27250,1290,4.97,27250,27250,1399-9-26
423,زر,صندوق س.پشتوانه سكه طلاي زر,619,489206,23971060006,50223,49510,48500,-1723,-3.43,49000,-1223,-2.44,48500,49510,1399-9-26
424,دالبر,البرزدارو,615,2378123,52780378260,23330,22170,22400,-930,-3.99,22190,-1140,-4.89,22170,22890,1399-9-26
425,كخاك,صنايع‌خاك‌چيني‌ايران‌,612,934058,46627721000,48290,46020,50700,2410,4.99,49920,1630,3.38,46020,50700,1399-9-26
426,دسبحان,سبحان دارو,607,1495593,34835224120,24120,22930,23340,-780,-3.23,23470,-650,-2.69,22930,24100,1399-9-26
427,ثاباد,توريستي ورفاهي آبادگران ايران,606,1991066,69159028420,33100,34750,34750,1650,4.98,34730,1630,4.92,33400,34750,1399-9-26
428,ساراب,سيمان‌ داراب‌,601,2722408,36024484100,13250,12590,13370,120,0.91,13240,-10,-0.08,12590,13690,1399-9-26
429,بشهاب,لامپ‌  پارس‌ شهاب‌,591,275091,18680565150,70000,66500,67220,-2780,-3.97,69160,-840,-1.2,66500,70020,1399-9-26
430,شراز,پالايش نفت شيراز,587,378857,43146220869,119533,113557,113557,-5976,-5.0,114327,-5206,-4.36,113557,117500,1399-9-26
431,نيرو,نيرو سرمايه,586,548725,28974335427,52192,50627,53756,1564,3.0,52803,611,1.17,50627,53757,1399-9-26
432,غالبر,لبنيات‌ كالبر,585,3036217,39684927610,13720,13040,13040,-680,-4.96,13220,-500,-3.64,13040,13570,1399-9-26
433,پسهند,صنايع‌ لاستيكي‌  سهند,585,1564542,67990046020,45680,43400,43900,-1780,-3.9,43460,-2220,-4.86,43400,44900,1399-9-26
434,سخزر,سيمان‌ خزر,585,1155550,30746603390,27680,26300,27000,-680,-2.46,26950,-730,-2.64,26300,28500,1399-9-26
435,پارند2,صندوق س. پارند پايدار سپهر,581,58100000,58100000,11286,1,1,-11285,-99.99,1,-11285,-99.99,1,1,1399-9-26
436,حپترو,حمل و نقل پتروشيمي( سهامي عام,572,1406172,41324546300,30230,28720,30200,-30,-0.1,29520,-710,-2.35,28720,31700,1399-9-26
437,وبوعلي,سرمايه‌گذاري‌بوعلي‌,563,4120333,30449260870,7770,7390,7390,-380,-4.89,7520,-250,-3.22,7390,7390,1399-9-26
438,وسيستا,شركت س استان سيستان وبلوچستان,562,27456492,21951128080,820,790,820,0,0.0,810,-10,-1.22,780,830,1399-9-26
439,شپارس,بين‌ المللي‌ محصولات‌  پارس‌,557,2889402,52394149930,17300,18160,18160,860,4.97,18080,780,4.51,17500,18160,1399-9-26
440,خكار,ايركا پارت صنعت,556,1983940,50312718400,24160,25360,25360,1200,4.97,25360,1200,4.97,25360,25360,1399-9-26
441,فپنتا,سپنتا,553,130887,53325179220,388560,407980,407980,19420,5.0,406140,17580,4.52,399000,407980,1399-9-26
442,كپرور,فرآوري زغال سنگ پروده طبس,551,651795,27515516693,43730,41544,43200,-530,-1.21,42826,-904,-2.07,41544,43500,1399-9-26
443,كشرق,صنعتي و معدني شمال شرق شاهرود,525,313846,23253711714,74686,70952,75100,414,0.55,74382,-304,-0.41,70952,77500,1399-9-26
444,سكرما,سيمان‌ كرمان‌,523,1585464,25573998900,16710,15880,16140,-570,-3.41,16400,-310,-1.86,15880,16710,1399-9-26
445,وثخوز,سرمايه گذاري و توسعه خوزستان,522,907951,53827732606,56589,59397,59418,2829,5.0,59285,2696,4.76,57010,59418,1399-9-26
446,واعتبار,سرمايه گذاري اعتبار ايران,521,6932018,46973598520,6490,6350,6810,320,4.93,6740,250,3.85,6210,6810,1399-9-26
447,كساپا,سايپاشيشه‌,520,2712227,89042412410,31270,32830,32830,1560,4.99,32830,1560,4.99,32830,32830,1399-9-26
448,حپارسا,توسعه حمل و نقل ريلي پارسيان,518,1124759,37458202292,32798,33000,33600,802,2.45,33171,373,1.14,32000,34150,1399-9-26
449,كاريس,صندوق س.سپهر كاريزما-س,516,297211,61162345800,201492,193550,208000,6508,3.23,205788,4296,2.13,193550,210000,1399-9-26
450,واميد,گروه مديريت سرمايه گذاري اميد,515,982122,36816895300,37570,36200,37580,10,0.03,37540,-30,-0.08,35720,38400,1399-9-26
451,شنفت,نفت‌ پارس‌,510,626185,36377435800,59920,56930,57840,-2080,-3.47,58780,-1140,-1.9,56930,59910,1399-9-26
452,آساس,صندوق س.آسمان آرماني سهام-س,505,313763,53013665171,161064,159788,171890,10826,6.72,168961,7897,4.9,159788,171890,1399-9-26
453,مارون,پتروشيمي مارون,503,272845,38515125387,142579,136270,141168,-1411,-0.99,141977,-602,-0.42,136270,142600,1399-9-26
454,غپآذر,شير پگاه آذربايجان شرقي,501,1116801,67564842559,62733,59597,59597,-3136,-5.0,60499,-2234,-3.56,59597,62490,1399-9-26
455,غپينو,پارس‌ مينو,487,7046857,66099518660,9870,9380,9380,-490,-4.96,9380,-490,-4.96,9380,9380,1399-9-26
456,قلرست,قند لرستان‌,485,859620,21197393990,25690,24410,24800,-890,-3.46,25220,-470,-1.83,24410,25450,1399-9-26
457,ولصنم,ليزينگ‌صنعت‌ومعدن‌,482,3221846,31864056940,10410,9890,9890,-520,-5.0,10000,-410,-3.94,9890,9890,1399-9-26
458,خفناور,مهندسي صنعتي روان فن آور,475,1189313,32107709586,27828,26994,26994,-834,-3.0,26997,-831,-2.99,26994,27290,1399-9-26
459,ساينا,صنايع بهداشتي ساينا,468,128165,26205283133,210572,200044,202201,-8371,-3.98,207360,-3212,-1.53,200044,217854,1399-9-26
460,دسبحا,گروه دارويي سبحان,468,1378131,30878827980,23120,21970,22960,-160,-0.69,22640,-480,-2.08,21970,23120,1399-9-26
461,دپارس,پارس‌ دارو,462,876804,88612204650,99700,94720,104630,4930,4.94,101060,1360,1.36,94720,104650,1399-9-26
462,تبرك,گروه كارخانجات صنعتي تبرك,460,915596,24111305064,27719,26334,26334,-1385,-5.0,27028,-691,-2.49,26334,26334,1399-9-26
463,وسگيلا,شركت س استان گيلان,451,22628903,18430453190,850,810,820,-30,-3.53,840,-10,-1.18,810,850,1399-9-26
464,حآسا,آسيا سير ارس,451,1838892,60323013168,31242,32804,32804,1562,5.0,32732,1490,4.77,32804,32804,1399-9-26
465,قمرو,قند مرودشت‌,444,1481465,38975273720,27570,26680,26470,-1100,-3.99,26490,-1080,-3.92,26200,27400,1399-9-26
466,دسينا,داروسازي‌ سينا,444,1002700,29817318080,31240,29680,29770,-1470,-4.71,30250,-990,-3.17,29680,30100,1399-9-26
467,خلنت,لنت‌ ترمزايران‌,443,262125,22737400210,87190,82850,88900,1710,1.96,87000,-190,-0.22,82850,91000,1399-9-26
468,غچين,كشت‌ و صنعت‌ چين‌ چين,439,1129214,70270987220,59270,62230,62230,2960,4.99,62230,2960,4.99,62230,62230,1399-9-26
469,وشهر,بانك شهر,437,5516380,40214410200,7593,7290,7290,-303,-3.99,7325,-268,-3.53,7290,7290,1399-9-26
470,سمتاز,سيمان ممتازان كرمان,436,1640209,40488665285,24515,23780,25250,735,3.0,24685,170,0.69,23780,25250,1399-9-26
471,شفارا,پتروشيمي فارابي,434,5230033,26209385694,5163,5009,5009,-154,-2.98,5011,-152,-2.94,5009,5069,1399-9-26
472,مداران,داده‌پردازي‌ايران‌,426,1467444,36443559370,25990,24700,24700,-1290,-4.96,25080,-910,-3.5,24700,25600,1399-9-26
473,اوصتا,صندوق انديشه ورزان صباتامين -د,422,21103342,366046137292,17328,17320,17345,17,0.1,17345,17,0.1,17311,17350,1399-9-26
474,شيراز,پتروشيمي‌شيراز,418,752768,40896077450,54070,52000,55460,1390,2.57,54190,120,0.22,52000,56650,1399-9-26
475,وثوق,سرمايه گذاري وثوق امين,415,1584060,20860172822,12812,13196,13196,384,3.0,13164,352,2.75,12821,13196,1399-9-26
476,ثشرق,سرمايه گذاري مسكن شمال شرق,413,9079956,51847849540,6010,5710,5710,-300,-4.99,5710,-300,-4.99,5710,5990,1399-9-26
477,سشمال,سيمان‌ شمال‌,413,1958343,17632804860,9330,8870,9190,-140,-1.5,9210,-120,-1.29,8870,9290,1399-9-26
478,عيار,صندوق س. پشتوانه طلاي مفيد,411,337854,9957877999,29822,29950,29319,-503,-1.69,29474,-348,-1.17,29251,29950,1399-9-26
479,سلار,شركت سيمان لارستان,409,2354354,95514673748,40305,39096,41514,1209,3.0,40569,264,0.66,39096,41514,1399-9-26
480,ولانا,شركت ليزينگ آريا دانا,408,1250654,27857157664,21653,21900,22302,649,3.0,22274,621,2.87,21653,22302,1399-9-26
481,نمرينو,ايران‌ مرينوس‌,408,378146,22831866000,63460,60290,60290,-3170,-5.0,62130,-1330,-2.1,60290,61930,1399-9-26
482,شاملا,معدني‌ املاح‌  ايران‌,406,314058,20696022350,67820,64430,68000,180,0.27,67000,-820,-1.21,64430,68600,1399-9-26
483,گشان,توسعه بين المللي پديده شانديز,404,200401,13253520135,68890,66135,66135,-2755,-4.0,67961,-929,-1.35,66135,66135,1399-9-26
484,ضخود1045,اختيارخ خودرو-4500-1399/10/07,403,20537,715193000,20,28,36,16,80.0,35,15,75.0,20,56,1399-9-26
485,سبجنو,سيمان‌ بجنورد,401,469966,16772386050,36710,34890,35950,-760,-2.07,36360,-350,-0.95,34880,36990,1399-9-26
486,كفرآور,فرآورده هاي سيمان شرق,399,2156581,44119483278,19942,19500,20540,598,3.0,20458,516,2.59,19500,20540,1399-9-26
487,تابا,تابان نيرو سپاهان,396,1000349,32669397642,31707,32658,32658,951,3.0,32658,951,3.0,32658,32658,1399-9-26
488,سفانو,سيمان فارس نو,396,794065,25961054100,34390,32680,32680,-1710,-4.97,33430,-960,-2.79,32680,33990,1399-9-26
489,آساميد,صندوق س.مشترك آسمان اميد -د,385,16570409,185559066647,11191,11191,11201,10,0.09,11198,7,0.06,11191,11201,1399-9-26
490,غگلپا,شير پاستوريزه پگاه گلپايگان,384,523087,36522599313,73361,69693,69693,-3668,-5.0,70555,-2806,-3.82,69693,73090,1399-9-26
491,خچرخش,چرخشگر,368,1809888,29772657600,17310,16450,16450,-860,-4.97,16710,-600,-3.47,16450,16450,1399-9-26
492,آكورد,صندوق س. آرمان آتي كوثر-د,367,10922372,325185903149,29756,29773,29774,18,0.06,29772,16,0.05,29770,29778,1399-9-26
493,شفا,سرمايه گذاري شفادارو,364,252360,13888449030,56350,53550,55860,-490,-0.87,55940,-410,-0.73,53550,56140,1399-9-26
494,كي بي سي,شركت كي بي سي,361,697463,21951854226,32654,31022,31600,-1054,-3.23,32111,-543,-1.66,31022,33600,1399-9-26
495,مفاخر,توسعه فناوري اطلاعات خوارزمي,359,1223331,51757963905,44282,42068,42100,-2182,-4.93,42309,-1973,-4.46,42068,44260,1399-9-26
496,قهكمت,قندهكمتان‌,339,402542,19291493410,48310,47900,49990,1680,3.48,48150,-160,-0.33,46060,49990,1399-9-26
497,دكيمي,كيميدارو,338,1020907,26568810590,27320,25960,26880,-440,-1.61,26560,-760,-2.78,25960,27490,1399-9-26
498,ولراز,ليزينگ رازي,336,544555,26420716059,46208,48518,48518,2310,5.0,48518,2310,5.0,48517,48518,1399-9-26
499,تيپيكو,سرمايه گذاري دارويي تامين,325,388747,22821967670,59770,58950,56300,-3470,-5.81,59520,-250,-0.42,56300,58950,1399-9-26
500,سقاين,سيمان‌ قائن‌,325,297990,14164912280,48060,45660,47110,-950,-1.98,47910,-150,-0.31,45660,49880,1399-9-26
501,اوان,مبين وان كيش,323,519663,27746295252,56192,53383,53383,-2809,-5.0,54350,-1842,-3.28,53383,55000,1399-9-26
502,كپارس,كاشي‌ پارس‌,318,131876,20709807040,165300,157040,157040,-8260,-5.0,161540,-3760,-2.27,157040,157040,1399-9-26
503,سهرمز,سيمان‌هرمزگان‌,313,1348797,27533955340,21010,19960,20480,-530,-2.52,20670,-340,-1.62,19960,21840,1399-9-26
504,حاريا,كشتيراني آريا,304,1265285,34681912876,28815,27375,27375,-1440,-5.0,27410,-1405,-4.88,27375,28000,1399-9-26
505,داسوه,داروسازي‌ اسوه‌,300,416424,11237534610,28220,26870,27370,-850,-3.01,27910,-310,-1.1,26810,27980,1399-9-26
506,جهرم,پتروشيمي جهرم,294,2892659,8096552541,2946,2799,2799,-147,-4.99,2880,-66,-2.24,2799,2799,1399-9-26
507,ثاژن,سخت آژند,290,2702653,21084620589,7949,7791,7922,-27,-0.34,7801,-148,-1.86,7791,8050,1399-9-26
508,كيان2,صندوق س. با درآمد ثابت كيان,285,28500000,28500000,26321,1,1,-26320,-100.0,1,-26320,-100.0,1,1,1399-9-26
509,ضخود2009,اختيارخ خودرو-4000-1400/02/08,280,10875,9531500000,737,750,946,209,28.36,876,139,18.86,682,990,1399-9-26
510,بمپنا,توليد برق عسلويه  مپنا,277,120509,11671230175,98345,93428,97800,-545,-0.55,97983,-362,-0.37,93428,99999,1399-9-26
511,حخزر,كشتيراني درياي خزر,277,770879,18720387439,25320,24072,24430,-890,-3.52,24923,-397,-1.57,24054,25317,1399-9-26
512,وگردش,بانك گردشگري,270,1850381,35216451192,20033,19032,19032,-1001,-5.0,19639,-394,-1.97,19032,19032,1399-9-26
513,فنفت,صنايع تجهيزات نفت,270,998403,15386054656,15854,15379,15450,-404,-2.55,15520,-334,-2.11,15379,15850,1399-9-26
514,خپويش,سازه‌ پويش‌,268,285381,10367019820,38210,36300,36300,-1910,-5.0,37790,-420,-1.1,36300,37200,1399-9-26
515,فلوله,لوله‌وماشين‌سازي‌ايران‌,267,887611,21125141800,25050,23800,23800,-1250,-4.99,24500,-550,-2.2,23800,23800,1399-9-26
516,وگردشح,ح . بانك گردشگري,264,2266336,32608541715,15194,14285,14283,-911,-6.0,14388,-806,-5.3,14283,16105,1399-9-26
517,سجام,مجتمع سيمان غرب آسيا,258,1316735,17613805617,13789,13376,13376,-413,-3.0,13385,-404,-2.93,13376,13500,1399-9-26
518,بالاس,مهندسي ساختمان تاسيسات راه آهن,251,440618,23247005680,55536,52760,52760,-2776,-5.0,54021,-1515,-2.73,52760,52760,1399-9-26
519,معيار,سرمايه گذاري معيار صنعت پارس,246,311765,9915352076,31181,31804,31804,623,2.0,31740,559,1.79,31800,31804,1399-9-26
520,ولملت,واسپاري ملت,245,1939312,19956184590,10830,10290,10290,-540,-4.99,10590,-240,-2.22,10290,10400,1399-9-26
521,تصميم,صندوق س با درآمد ثابت تصميم,243,10747774,163310558850,15184,15219,15220,36,0.24,15195,11,0.07,15170,15220,1399-9-26
522,فروس,فروسيليس‌ ايران‌,234,1597168,9583008000,5720,6000,6000,280,4.9,5770,50,0.87,6000,6000,1399-9-26
523,دارا,صندوق س. دارا الگوريتم-د,232,5670244,57007967853,10050,10051,10061,11,0.11,10054,4,0.04,10041,10062,1399-9-26
524,فافزا,فولاد افزا سپاهان,227,400896,17176457084,41760,40509,43012,1252,3.0,42722,962,2.3,40509,43012,1399-9-26
525,خفولا,خدمات فني فولاد يزد,222,987519,42158614368,37517,41600,42848,5331,14.21,42691,5174,13.79,41600,42848,1399-9-26
526,وكار,بانك‌ كارآفرين‌,218,5709276,27461617560,5060,4810,4810,-250,-4.94,4930,-130,-2.57,4810,4810,1399-9-26
527,گپارس,امور رفاهي كارگزاران پارس,215,101388,13778070724,133333,135000,136200,2867,2.15,135095,1762,1.32,129334,137332,1399-9-26
528,كاسپين,داروسازي كاسپين تامين,209,259916,7072057170,28420,27000,27370,-1050,-3.69,28227,-193,-0.68,26999,28420,1399-9-26
529,ساذريح,ح . آذريت‌,207,1376551,7312140833,5337,5189,5450,113,2.12,5312,-25,-0.47,5177,5497,1399-9-26
530,سكه0012پ01,سكه تمام بهارتحويلي 1روزه رفاه,200,53800,63965990200,1201833,1195997,1187998,-13835,-1.15,1188959,-12874,-1.07,1178000,1200000,1399-9-26
531,تاپكيش,تجارت الكترونيك پارسيان كيش,200,935194,22792548168,25654,24372,24372,-1282,-5.0,25051,-603,-2.35,24372,24372,1399-9-26
532,ديران,ايران‌دارو,200,1490480,39706387200,28040,26640,26640,-1400,-4.99,26760,-1280,-4.56,26640,26640,1399-9-26
533,غمينو,شركت صنايع غذايي مينو شرق,199,867790,12872796860,15614,14834,14834,-780,-5.0,15407,-207,-1.33,14834,14834,1399-9-26
534,وليز,ليزينگ‌ايران‌,196,1195788,11144744160,9810,9320,9320,-490,-4.99,9690,-120,-1.22,9320,9320,1399-9-26
535,فلات,گروه صنايع معادن فلات ايرانيان,195,1909181,30962869599,16718,16217,16217,-501,-3.0,16218,-500,-2.99,16217,16613,1399-9-26
536,وايران,ليزينگ ايرانيان,192,1825297,25408134240,14650,13920,13920,-730,-4.98,14260,-390,-2.66,13920,13920,1399-9-26
537,دشيري,شيرين دارو,189,112196,18226678577,167163,162149,162149,-5014,-3.0,162896,-4267,-2.55,162149,167000,1399-9-26
538,وپخش,داروپخش‌ (هلدينگ‌,187,197770,25449043990,135450,128680,128680,-6770,-5.0,131560,-3890,-2.87,128680,128690,1399-9-26
539,ثالوند,سرمايه گذاري مسكن الوند,186,1194710,18549067460,16343,15526,15526,-817,-5.0,16007,-336,-2.06,15526,15526,1399-9-26
540,ثعمرا,عمران و توسعه شاهد,184,1542941,23406414970,15968,15170,15170,-798,-5.0,15536,-432,-2.71,15170,15170,1399-9-26
541,تسه9907,امتياز تسهيلات مسكن مهر99,182,2855,1698593289,605465,595500,576000,-29465,-4.87,594954,-10511,-1.74,575194,635500,1399-9-26
542,ضخود1048,اختيارخ خودرو-7000-1399/10/07,177,10646,34560000,3,3,5,2,66.67,3,0,0.0,2,5,1399-9-26
543,تسه9902,امتياز تسهيلات مسكن ارديبهشت99,175,3935,2324819050,594094,583000,570110,-23984,-4.04,590805,-3289,-0.55,570005,600000,1399-9-26
544,گوهر,صندوق سكه طلاي كيان,172,89148,5307310672,60144,60295,60000,-144,-0.24,59534,-610,-1.01,58800,60295,1399-9-26
545,درهآور,دارويي ره آورد تامين,172,616721,25805456803,44045,41843,41843,-2202,-5.0,42908,-1137,-2.58,41843,41843,1399-9-26
546,ياقوت,صندوق س ياقوت آگاه-ثابت,172,2662059,30834794568,11576,11580,11590,14,0.12,11583,7,0.06,11579,11598,1399-9-26
547,دروز,داروسازي‌ روزدارو,170,220229,3622022560,17300,16440,16440,-860,-4.97,17230,-70,-0.4,16440,16870,1399-9-26
548,كلوند,كاشي‌ الوند,167,648346,18756649780,30450,28930,28930,-1520,-4.99,29880,-570,-1.87,28930,28930,1399-9-26
549,ضخود1042,اختيارخ خودرو-3000-1399/10/07,165,4352,3300004000,562,501,799,237,42.17,758,196,34.88,501,840,1399-9-26
550,ثزاگرس,سرمايه گذاري توسعه عمران زاگرس,163,876017,36143025489,39840,41555,41832,1992,5.0,41258,1418,3.56,37848,41832,1399-9-26
551,زگلدشت,كشت و دام گلدشت نمونه اصفهان,162,310566,14314608072,48517,46092,46092,-2425,-5.0,47744,-773,-1.59,46092,46092,1399-9-26
552,كپشير,پشم‌شيشه‌ايران‌,162,572771,13311198040,22140,23240,23240,1100,4.97,22390,250,1.13,23240,23240,1399-9-26
553,ثغرب,شركت سرمايه گذاري مسكن شمالغرب,160,792692,9353765600,12421,11800,11800,-621,-5.0,12298,-123,-0.99,11800,11800,1399-9-26
554,داوه,داروسازي آوه سينا,155,576525,11281441200,18637,19568,19568,931,5.0,18822,185,0.99,19568,19568,1399-9-26
555,پلوله,گازلوله‌,154,374879,6636201873,17955,17596,17999,44,0.25,17702,-253,-1.41,17596,18314,1399-9-26
556,دفرا,فرآورده‌هاي‌ تزريقي‌ ايران‌,153,123629,3129388110,26380,25100,25900,-480,-1.82,26310,-70,-0.27,25070,26000,1399-9-26
557,ثنام,س ساختماني ب نام آوران مهندسي,150,302608,6356886256,21656,21007,21007,-649,-3.0,21438,-218,-1.01,21007,21007,1399-9-26
558,ضجار1016,اختيارخ وتجارت-4000-1399/10/21,150,6512,1677918000,264,300,250,-14,-5.3,258,-6,-2.27,201,320,1399-9-26
559,ددام,داروسازي زاگرس فارمد پارس,149,824642,12765458160,16290,15480,15480,-810,-4.97,16060,-230,-1.41,15480,15480,1399-9-26
560,شسينا,صنايع‌شيميايي‌سينا,148,355101,63144059820,169360,177820,177820,8460,5.0,177820,8460,5.0,177820,177820,1399-9-26
561,پارسيان,بيمه پارسيان,146,1660081,25166827960,15950,15160,15160,-790,-4.95,15540,-410,-2.57,15160,15160,1399-9-26
562,افرا,افرانت,144,858319,38144554679,46780,44441,44441,-2339,-5.0,44939,-1841,-3.94,44441,44441,1399-9-26
563,ثاصفا,شركت‌ ساختمان‌ اصفهان‌,143,404266,13843684904,33247,34244,34244,997,3.0,33958,711,2.14,34244,34244,1399-9-26
564,بايكا,كارخانجات كابلسازي ‌ايران‌,141,148688,8806492864,61059,59228,59228,-1831,-3.0,60223,-836,-1.37,59228,59228,1399-9-26
565,ضصاد1102,اختيارخ وبصادر-3500-1399/11/12,137,3177,1637265000,451,380,519,68,15.08,515,64,14.19,380,565,1399-9-26
566,واحصا,احياء صنايع خراسان,137,374389,12400512458,32158,33122,33122,964,3.0,32673,515,1.6,33122,33122,1399-9-26
567,سفارود,كارخانه فارسيت درود,136,698043,8032380801,11065,11507,11507,442,3.99,11394,329,2.97,11507,11507,1399-9-26
568,كگهر,سنگ آهن گهرزمين,134,380144,18560530800,46500,48825,48825,2325,5.0,46834,334,0.72,48825,48825,1399-9-26
569,داريك,صندوق س.اعتماد داريك-د,133,4822296,50290704273,10426,10400,10469,43,0.41,10429,3,0.03,10360,10470,1399-9-26
570,قپيرا,فرآورده‌هاي‌غدايي‌وقندپيرانشهر,133,35203,2991683640,88340,83930,85870,-2470,-2.8,88130,-210,-0.24,83930,86600,1399-9-26
571,ولغدر,ليزينگ‌خودروغدير,131,1432746,34428886380,25290,24030,24030,-1260,-4.98,24370,-920,-3.64,24030,24030,1399-9-26
572,زعف0008پ10,زعفران0008نگين طلاي سرخ(پ),125,38898,5021617921,126654,128888,128000,1346,1.06,129097,2443,1.93,126520,129979,1399-9-26
573,ضخود1043,اختيارخ خودرو-3500-1399/10/07,122,4052,1343730000,225,230,345,120,53.33,332,107,47.56,230,380,1399-9-26
574,زماهان,مجتمع توليد گوشت مرغ ماهان,121,551644,15118355464,28848,27406,27406,-1442,-5.0,28403,-445,-1.54,27406,27406,1399-9-26
575,بذر,صندوق س بذر اميد آفرين-سهام,121,48819,5383759580,108170,109090,112430,4260,3.94,110280,2110,1.95,107900,112440,1399-9-26
576,ضصاد1104,اختيارخ وبصادر-4500-1399/11/12,120,5341,1069268000,205,164,200,-5,-2.44,200,-5,-2.44,163,220,1399-9-26
577,وپسا,س. پتروشيمي ساختمان  خليج فارس,120,3456138,13496218890,4025,3905,3905,-120,-2.98,3943,-82,-2.04,3905,3905,1399-9-26
578,ساروج,بين المللي ساروج بوشهر,118,790423,17649355167,21679,22329,22329,650,3.0,22203,524,2.42,22329,22329,1399-9-26
579,تسه9904,امتياز تسهيلات مسكن تير99,117,1291,768565968,598175,595000,580001,-18174,-3.04,595326,-2849,-0.48,580001,628000,1399-9-26
580,قشرين,قند شيرين خراسان,117,1358569,28797587093,21852,21197,21197,-655,-3.0,21197,-655,-3.0,21197,21197,1399-9-26
581,غبهار,كشت وصنعت بهاران گلبهار خراسان,116,561168,24538754304,45080,43728,43728,-1352,-3.0,43728,-1352,-3.0,43728,43728,1399-9-26
582,ولبهمن,شركت بهمن ليزينگ,114,1859136,17983422528,10182,9673,9673,-509,-5.0,9963,-219,-2.15,9673,9673,1399-9-26
583,سپاس,صندوق س. پاداش سهامداري توسعه1,114,1359396,13673378007,10049,10052,10060,11,0.11,10058,9,0.09,10052,10065,1399-9-26
584,خفنر,فنرسازي‌خاور,114,380714,7698037080,21280,20220,20220,-1060,-4.98,21100,-180,-0.85,20220,20220,1399-9-26
585,زعف0008پ11,زعفران0008نگين سحرخيز(پ),113,113361,14388008941,126154,126200,127000,846,0.67,126922,768,0.61,126100,128000,1399-9-26
586,تسه9906,امتياز تسهيلات مسكن شهريور99,111,1857,1138370248,614262,591000,634988,20726,3.37,613016,-1246,-0.2,585000,644975,1399-9-26
587,تسه9710,امتياز تسهيلات مسكن دي 97,110,1523,843693315,564550,545000,555220,-9330,-1.65,553968,-10582,-1.87,545000,563988,1399-9-26
588,هجرت,پخش هجرت,108,1529846,48913766158,30451,31973,31973,1522,5.0,31869,1418,4.66,31973,31973,1399-9-26
589,تسه9810,امتياز تسهيلات مسكن دي98,108,2263,1339550512,595093,610000,581000,-14093,-2.37,591936,-3157,-0.53,571501,624000,1399-9-26
590,كقزوي,شيشه‌ قزوين‌,107,366665,3264785160,9179,8904,8904,-275,-3.0,9135,-44,-0.48,8904,8904,1399-9-26
591,غمينوح,ح . شركت صنايع غذايي مينو شرق,106,594304,6473159168,11465,10892,10892,-573,-5.0,10892,-573,-5.0,10892,10892,1399-9-26
592,الماس,صندوق س.امين تدبيرگران فردا-س,104,28923,3721756971,124612,123000,130000,5388,4.32,128678,4066,3.26,123000,130000,1399-9-26
593,غمهرا,توليدي‌مهرام‌,101,122985,8560985850,66300,69610,69610,3310,4.99,66790,490,0.74,69610,69610,1399-9-26
594,بموتو,موتوژن‌,101,622796,31413830240,48040,50440,50440,2400,5.0,49430,1390,2.89,50440,50440,1399-9-26
595,فيروزا,صندوق بادرآمد ثابت فيروزه آسيا,100,788985,16976142950,21536,21569,21451,-85,-0.39,21516,-20,-0.09,21414,21569,1399-9-26
596,نتوس,پشم‌ بافي‌ توس,100,1072656,13186160208,11935,12293,12293,358,3.0,12143,208,1.74,12293,12293,1399-9-26
597,وسنا,سرمايه گذاري نيروگاهي ايران,100,1073131,19192947935,18826,17885,17885,-941,-5.0,18096,-730,-3.88,17885,17885,1399-9-26
598,ضملت1128,اختيارخ وبملت-6000-1399/11/28,99,4282,2537656000,467,410,553,86,18.42,593,126,26.98,410,660,1399-9-26
599,وايرا,سرمايه گذاري صنايع ايران,98,1594980,16712200440,10173,10478,10478,305,3.0,10396,223,2.19,10478,10478,1399-9-26
600,ضفلا1156,اختيارخ فولاد-16000-1399/11/28,96,1633,2241595000,1194,1350,1470,276,23.12,1373,179,14.99,1250,1549,1399-9-26
601,تسه9711,امتياز تسهيلات مسكن بهمن 97,94,1735,1010143672,584240,580000,575200,-9040,-1.55,582215,-2025,-0.35,570039,587503,1399-9-26
602,سكه9912پ04,سكه تمام بهارتحويل1روزه صادرات,93,30500,36278096400,1201720,1194030,1189989,-11731,-0.98,1189446,-12274,-1.02,1185020,1195000,1399-9-26
603,تسه9905,امتياز تسهيلات مسكن مرداد99,93,778,470720088,602973,633121,580000,-22973,-3.81,605039,2066,0.34,573000,633121,1399-9-26
604,دمعيار,صندوق س. توازن معيار-د,92,3239251,32809672579,10119,10130,10126,7,0.07,10129,10,0.1,10126,10134,1399-9-26
605,آكورد2,صندوق س. آرمان آتي كوثر-د,90,9000000,9000000,29756,1,1,-29755,-100.0,1,-29755,-100.0,1,1,1399-9-26
606,زعف0008پ05,زعفران0008نگين زرين(پ),90,59483,7529841746,125760,124000,127401,1641,1.3,126588,828,0.66,124000,127990,1399-9-26
607,غپونه,نوش پونه مشهد,90,235703,4517483698,19758,19166,19166,-592,-3.0,19620,-138,-0.7,19166,19166,1399-9-26
608,صنوين,صندوق سرمايه‌گذاري صنوين-مختلط,89,27195,2852784400,104460,105000,104710,250,0.24,104900,440,0.42,104020,106000,1399-9-26
609,داراب,پتروشيمي داراب,88,615236,1693744708,2897,2753,2753,-144,-4.97,2884,-13,-0.45,2753,2753,1399-9-26
610,اخزا815,اسنادخزانه-م15بودجه98-010406,87,255755,194565317463,761660,758500,762000,340,0.04,760749,-911,-0.12,758500,762000,1399-9-26
611,وشمال,س. چشم انداز توسعه شمال,87,31497,2892338013,94669,91829,91829,-2840,-3.0,94218,-451,-0.48,91829,91829,1399-9-26
612,فسا,پتروشيمي فسا,86,791611,1999609386,2604,2526,2526,-78,-3.0,2595,-9,-0.35,2526,2526,1399-9-26
613,سپر,صندوق س سپر سرمايه بيدار- ثابت,86,1436187,15128029462,10527,10534,10535,8,0.08,10533,6,0.06,10532,10535,1399-9-26
614,ضچاد1017,اختيارخ كچاد-20000-1399/10/02,83,1148,850155000,3084,201,941,-2143,-69.49,741,-2343,-75.97,201,1298,1399-9-26
615,ضپاس1003,اختيارخ وپارس-3500-1399/10/30,82,1692,1549520000,762,830,900,138,18.11,916,154,20.21,826,990,1399-9-26
616,فنرژي,گسترش صنايع انرژي آذرآب,82,678359,7694626137,11121,11343,11343,222,2.0,11277,156,1.4,11343,11343,1399-9-26
617,تسه9903,امتياز تسهيلات مسكن خرداد99,80,752,447024663,604958,594001,635000,30042,4.97,594448,-10510,-1.74,575000,635000,1399-9-26
618,ارمغان,ص سرمايه گذاري ارمغان ايرانيان,79,1383471,13939637788,10033,10037,10049,16,0.16,10076,43,0.43,10037,10118,1399-9-26
619,شصفها,پتروشيمي‌ اصفهان‌,79,90006,10283995554,109865,114259,114259,4394,4.0,113161,3296,3.0,114259,114259,1399-9-26
620,اراد62,مرابحه عام دولت62-ش.خ0309,77,15000000,15000000000000,1000000,1000000,1000000,0,0.0,1000000,0,0.0,1000000,1000000,1399-9-26
621,ضسپا1103,اختيارخ خساپا-2500-1399/11/26,77,3868,2518967000,638,700,643,5,0.78,651,13,2.04,600,725,1399-9-26
622,شكف,كف,76,93252,7255658364,76282,77807,77807,1525,2.0,77269,987,1.29,77807,77807,1399-9-26
623,ضخود2013,اختيارخ خودرو-7000-1400/02/08,73,3516,837278000,825,1500,200,-625,-75.76,238,-587,-71.15,125,1501,1399-9-26
624,تسه9712,امتياز تسهيلات مسكن اسفند97,72,540,317086215,595585,590120,586000,-9585,-1.61,587197,-8388,-1.41,571033,595000,1399-9-26
625,ضخود1046,اختيارخ خودرو-5000-1399/10/07,69,2676,17333000,10,10,7,-3,-30.0,6,-4,-40.0,3,15,1399-9-26
626,تسه9901,امتياز تسهيلات مسكن فروردين99,68,1233,730608304,599772,571618,590000,-9772,-1.63,592545,-7227,-1.2,571618,629690,1399-9-26
627,ضجار1015,اختيارخ وتجارت-3500-1399/10/21,67,1723,874494000,531,650,480,-51,-9.6,508,-23,-4.33,429,749,1399-9-26
628,لپيام,گسترش صنايع پيام,67,476373,15683151906,33940,32922,32922,-1018,-3.0,33178,-762,-2.25,32922,32922,1399-9-26
629,ضشنا1035,اختيارخ شپنا-14000-1399/10/23,67,670,2107090000,3260,3333,3000,-260,-7.98,3145,-115,-3.53,3000,3500,1399-9-26
630,حبندر,دريايي و کشتيراني خط دريابندر,65,111369,3749460123,34708,33667,33667,-1041,-3.0,34518,-190,-0.55,33667,33667,1399-9-26
631,صايند,صندوق س. گنجينه آينده روشن-د,65,248340,2479462440,9980,9980,9992,12,0.12,9984,4,0.04,9960,9999,1399-9-26
632,تسه9802,امتياز تسهيلات مسكن ارديبهشت98,64,555,325265765,589561,560088,581188,-8373,-1.42,586064,-3497,-0.59,560083,619039,1399-9-26
633,تسه9801,امتياز تسهيلات مسكن فروردين98,64,660,392083342,597622,585011,588003,-9619,-1.61,594066,-3556,-0.6,583020,600000,1399-9-26
634,ضشنا1036,اختيارخ شپنا-16000-1399/10/23,64,711,1499431000,2239,3000,2200,-39,-1.74,2109,-130,-5.81,1800,3000,1399-9-26
635,اخزا817,اسنادخزانه-م17بودجه98-010512,62,112334,84084103580,747359,747401,747050,-309,-0.04,748519,1160,0.16,747050,751996,1399-9-26
636,لخانه,لوازم‌ خانگي‌ پارس‌,61,256800,14453988000,58025,56285,56285,-1740,-3.0,56740,-1285,-2.21,56285,56285,1399-9-26
637,تكنار,مجتمع معادن مس تكنار,59,175349,23689474551,131165,135099,135099,3934,3.0,135099,3934,3.0,135099,135099,1399-9-26
638,سكه0011پ02,سكه تمام بهارتحويلي 1روزه ملت,58,16800,20034135800,1203290,1200000,1186000,-17290,-1.44,1192508,-10782,-0.9,1185005,1200000,1399-9-26
639,كهرام,توليدي گرانيت بهسرام,58,35568,2344215744,67946,65908,65908,-2038,-3.0,67713,-233,-0.34,65908,65908,1399-9-26
640,زعف0008پ08,زعفران0008نگين روستا(پ),57,26770,3377807594,125542,125997,127900,2358,1.88,126179,637,0.51,125000,127900,1399-9-26
641,وجامي,سرمايه گذاري جامي,57,302622,3309171570,10617,10935,10935,318,3.0,10666,49,0.46,10935,10935,1399-9-26
642,سنوين,سرمايه گذاري اقتصاد نوين,56,402526,3937527547,9976,9777,9800,-176,-1.76,9897,-79,-0.79,9777,10000,1399-9-26
643,سكه0112پ03,سكه تمام بهارتحويلي1روزه سامان,55,17200,20408738800,1202526,1190000,1187600,-14926,-1.24,1186555,-15971,-1.33,1180000,1194500,1399-9-26
644,آسام,صندوق س.آرمان سپهر آشنا-م,54,22720,2434458010,106341,105600,108000,1659,1.56,107150,809,0.76,105021,108000,1399-9-26
645,گكيش,توريستي ورفاهي آبادگران كيش,53,25605,1589532795,63998,62079,62079,-1919,-3.0,63834,-164,-0.26,62079,62079,1399-9-26
646,زعف0008پ16,زعفران0008نگين بيرجند(پ),53,30932,3884171117,124975,124810,127498,2523,2.02,125571,596,0.48,124800,127498,1399-9-26
647,شتولي,تولي‌پرس‌,53,136137,3966759906,28018,29138,29138,1120,4.0,28428,410,1.46,29138,29138,1399-9-26
648,اخزا808,اسنادخزانه-م8بودجه98-000817,53,26216,22529705145,864643,860010,855000,-9643,-1.12,859388,-5255,-0.61,852515,864000,1399-9-26
649,اخزا902,اسنادخزانه-م2بودجه99-011019,52,138702,93833478231,675696,676001,676600,904,0.13,676511,815,0.12,676001,676800,1399-9-26
650,تسه9812,امتياز تسهيلات مسكن اسفند98,52,350,205934582,589880,572200,580001,-9879,-1.67,588384,-1496,-0.25,572200,599880,1399-9-26
651,اراد61,مرابحه عام دولت61-ش.خ0309,50,10000000,10000000000000,1000000,1000000,1000000,0,0.0,1000000,0,0.0,1000000,1000000,1399-9-26
652,اراد63,مرابحه عام دولت63-ش.خ0309,50,10000000,10000000000000,1000000,1000000,1000000,0,0.0,1000000,0,0.0,1000000,1000000,1399-9-26
653,كتوكا,توليدي و خدمات صنايع نسوز توكا,50,756898,18576547614,23375,24543,24543,1168,5.0,23773,398,1.7,24543,24543,1399-9-26
654,تسه9803,امتياز تسهيلات مسكن خرداد98,46,402,235317785,591825,570000,589990,-1835,-0.31,585368,-6457,-1.09,562234,600000,1399-9-26
655,ضملي1152,اختيارخ فملي-18252-1399/11/05,46,409,601209556,546,690,845,299,54.76,745,199,36.45,690,860,1399-9-26
656,شزنگ,تجهيزنيروي‌زنگان‌,45,50791,10872219878,207824,214058,214058,6234,3.0,210753,2929,1.41,214058,214058,1399-9-26
657,وسلرستا,شركت س استان لرستان,44,1358579,1168377940,900,860,860,-40,-4.44,900,0,0.0,860,860,1399-9-26
658,ضجار1018,اختيارخ وتجارت-5000-1399/10/21,44,2923,103380000,34,35,32,-2,-5.88,35,1,2.94,32,43,1399-9-26
659,تسه9811,امتياز تسهيلات مسكن بهمن98,44,266,157101571,585466,580000,614739,29273,5.0,590607,5141,0.88,572111,614739,1399-9-26
660,فن آوا,گروه فن آوا,43,247198,3222225930,13438,13035,13035,-403,-3.0,13368,-70,-0.52,13035,13035,1399-9-26
661,ضپاس1005,اختيارخ وپارس-4500-1399/10/30,42,1205,466454000,330,379,424,94,28.48,387,57,17.27,354,430,1399-9-26
662,فوكا,فولاد كاويان,42,111178,1782183340,16525,16030,16030,-495,-3.0,16502,-23,-0.14,16030,16030,1399-9-26
663,اخزا818,اسنادخزانه-م18بودجه98-010614,41,256272,188262977815,734806,734500,734400,-406,-0.06,734622,-184,-0.03,722223,737000,1399-9-26
664,پدرخش,درخشان‌ تهران‌,41,83743,16513282170,207560,197190,197190,-10370,-5.0,203910,-3650,-1.76,197190,197190,1399-9-26
665,كصدف,كاشي صدف سرام استقلال آباده,40,282140,6491194980,21912,23007,23007,1095,5.0,22243,331,1.51,23007,23007,1399-9-26
666,تسه9808,امتياز تسهيلات مسكن آبان98,39,318,192771354,600955,631002,619800,18845,3.14,606199,5244,0.87,575508,631002,1399-9-26
667,افران,صندوق س افرا نماد پايدار-ثابت,38,670660,8245227814,12303,12303,12296,-7,-0.06,12294,-9,-0.07,12285,12303,1399-9-26
668,ضبدر1150,اختيارخ شبندر-32000-1399/11/19,38,499,1640948000,5874,3000,3500,-2374,-40.42,3288,-2586,-44.02,3000,3500,1399-9-26
669,اخزا811,اسنادخزانه-م11بودجه98-001013,38,176333,146848426538,839726,831001,837000,-2726,-0.32,832790,-6936,-0.83,831000,837000,1399-9-26
670,سخند,صندوق س.سپهرخبرگان نفت-د,36,254110,2561349700,10050,10070,10054,4,0.04,10080,30,0.3,10054,10090,1399-9-26
671,اخزا812,اسنادخزانه-م12بودجه98-001111,35,84787,70079704687,831702,826024,822223,-9479,-1.14,826538,-5164,-0.62,822223,830990,1399-9-26
672,تسه9806,امتياز تسهيلات مسكن شهريور98,34,369,217135075,602609,585000,572479,-30130,-5.0,588442,-14167,-2.35,572479,632739,1399-9-26
673,اخزا809,اسنادخزانه-م9بودجه98-000923,34,136938,115774056933,847447,837753,837670,-9777,-1.15,845449,-1998,-0.24,837670,847500,1399-9-26
674,اخزا806,اسنادخزانه-م6بودجه98-000519,34,148105,132408638281,897055,892430,890793,-6262,-0.7,894019,-3036,-0.34,890793,896002,1399-9-26
675,وكادو,تكادو,34,55608,1152197760,21360,20720,20720,-640,-3.0,21320,-40,-0.19,20720,20720,1399-9-26
676,ضسپا1104,اختيارخ خساپا-3000-1399/11/26,34,1259,633371000,386,450,500,114,29.53,503,117,30.31,440,550,1399-9-26
677,ضملي1148,اختيارخ فملي-10140-1399/11/05,34,579,6639154092,5098,5500,6600,1502,29.46,5815,717,14.06,3470,6800,1399-9-26
678,ضخود2005,اختيارخ خودرو-2000-1400/02/08,33,956,2181270000,2127,2200,2290,163,7.66,2282,155,7.29,2200,2450,1399-9-26
679,وآتوس,س.آرين توسكا قيمت اسمي 350ريال,33,122699,4456059583,35260,36317,36317,1057,3.0,35466,206,0.58,36317,36317,1399-9-26
680,ثشرقح,ح. سرمايه گذاري مسكن شمال شرق,33,128438,568980340,4920,4430,4430,-490,-9.96,4430,-490,-9.96,4430,4430,1399-9-26
681,فاهواز,نورد و لوله اهواز,32,50300,936736900,19003,18623,18623,-380,-2.0,18995,-8,-0.04,18623,18623,1399-9-26
682,اخزا904,اسنادخزانه-م4بودجه99-011215,32,119802,78591629743,657110,658000,656000,-1110,-0.17,656013,-1097,-0.17,653778,658000,1399-9-26
683,ضجار1014,اختيارخ وتجارت-3000-1399/10/21,32,429,339130000,746,900,780,34,4.56,791,45,6.03,503,900,1399-9-26
684,اخزا903,اسنادخزانه-م3بودجه99-011110,32,117870,78836307141,669958,669001,668953,-1005,-0.15,668841,-1117,-0.17,667501,669800,1399-9-26
685,تسه9809,امتياز تسهيلات مسكن آذر98,31,168,97844790,588913,561200,573002,-15911,-2.7,582409,-6504,-1.1,561200,600000,1399-9-26
686,وحكمت,بيمه حكمت صبا,31,54955,328356125,6159,5975,5975,-184,-2.99,6156,-3,-0.05,5975,5975,1399-9-26
687,ضصاد1103,اختيارخ وبصادر-4000-1399/11/12,30,781,285743000,344,390,365,21,6.1,366,22,6.4,312,390,1399-9-26
688,هفارس912,اختيارف ت فارس-14576-99/12/13,30,205834,219419044,389,1066,1066,677,174.04,1066,677,174.04,1066,1066,1399-9-26
689,سايرا,ايرانيت‌,30,36015,1181111925,34161,32795,32795,-1366,-4.0,33989,-172,-0.5,32795,32795,1399-9-26
690,ضچاد1015,اختيارخ كچاد-16000-1399/10/02,30,344,1012455000,2470,2100,3900,1430,57.89,2943,473,19.15,2095,3900,1399-9-26
691,ضصاد1101,اختيارخ وبصادر-3000-1399/11/12,29,754,575104000,631,800,711,80,12.68,763,132,20.92,680,899,1399-9-26
692,اخزا814,اسنادخزانه-م14بودجه98-010318,28,86351,66455627545,769931,768721,768500,-1431,-0.19,769599,-332,-0.04,768500,771000,1399-9-26
693,ضصاد1100,اختيارخ وبصادر-2500-1399/11/12,28,728,755206000,1040,1250,1100,60,5.77,1037,-3,-0.29,900,1380,1399-9-26
694,ضفلا1157,اختيارخ فولاد-18000-1399/11/28,27,922,754172000,686,940,800,114,16.62,818,132,19.24,629,950,1399-9-26
695,هبركت912,اختيارف ت بركت-22100-99/12/17,27,330000,330000,1,1,1,0,0.0,1,0,0.0,1,1,1399-9-26
696,زعف0008پ12,زعفران0008پوشالمعمول سحرخيز(پ),26,40051,3326947700,86966,87000,83000,-3966,-4.56,83068,-3898,-4.48,82667,87000,1399-9-26
697,ضفلا1155,اختيارخ فولاد-14000-1399/11/28,26,625,1481077000,1918,1601,2450,532,27.74,2370,452,23.57,1601,2599,1399-9-26
698,وسرضوي,س.سهام عدالت استان خراسان رضوي,26,354799,347703020,1030,980,980,-50,-4.85,1030,0,0.0,980,980,1399-9-26
699,ثتوسا,س.توسعه و عمران استان اردبيل,26,205517,11383792147,57104,55391,55391,-1713,-3.0,56078,-1026,-1.8,55391,55391,1399-9-26
700,اخزا816,اسنادخزانه-م16بودجه98-010503,26,72127,54111292888,750741,746050,750600,-141,-0.02,750222,-519,-0.07,746050,759900,1399-9-26
701,ضخود2008,اختيارخ خودرو-3500-1400/02/08,26,383,452779000,999,1390,1150,151,15.12,1182,183,18.32,1070,1390,1399-9-26
702,ضپيك1019,اختيارخ تاپيكو-12000-99/10/16,25,263,892170000,3575,4000,3500,-75,-2.1,3392,-183,-5.12,3100,4000,1399-9-26
703,ضپاس1002,اختيارخ وپارس-3000-1399/10/30,24,460,610126000,1280,1500,1290,10,0.78,1326,46,3.59,1222,1600,1399-9-26
704,ثروتم,صندوق س. ثروت آفرين پارسيان-س,24,10510,1010326160,97005,96500,96012,-993,-1.02,96130,-875,-0.9,96000,98000,1399-9-26
705,نگين,ص.س. زمين و ساختمان نگين شهرري,22,4488,214871090,47580,48970,47540,-40,-0.08,47880,300,0.63,47540,48970,1399-9-26
706,اخزا821,اسنادخزانه-م21بودجه98-020906,21,12112,6893574102,570210,570000,570001,-209,-0.04,569152,-1058,-0.19,569001,570001,1399-9-26
707,ضچاد1016,اختيارخ كچاد-18000-1399/10/02,21,263,465252000,974,999,2001,1027,105.44,1769,795,81.62,999,2240,1399-9-26
708,اخزا905,اسنادخزانه-م5بودجه99-020218,21,79370,50241618043,633853,632011,634000,147,0.02,633005,-848,-0.13,630041,634900,1399-9-26
709,تسه9807,امتياز تسهيلات مسكن مهر98,21,55,32140495,579363,550495,585000,5637,0.97,584373,5010,0.86,550495,585000,1399-9-26
710,اخزا813,اسنادخزانه-م13بودجه98-010219,21,21815,17018849793,782986,781000,780070,-2916,-0.37,780144,-2842,-0.36,780070,783000,1399-9-26
711,شستا991,اجاره تامين اجتماعي-امين991226,20,168,168660822,1000595,1009997,1000010,-585,-0.06,1003933,3338,0.33,1000010,1009997,1399-9-26
712,ضغدر1119,اختيارخ وغدير-10000-1399/11/26,20,260,907821000,3586,3611,3800,214,5.97,3492,-94,-2.62,3400,3800,1399-9-26
713,پست0008پ04,پسته فندقي32-30سبزدانه0008(پ),20,2304,3842703723,1724683,1700000,1626600,-98083,-5.69,1667840,-56843,-3.3,1626591,1700000,1399-9-26
714,زعف0008پ18,زعفران0008نگين بهرامن(پ),20,73699,9340397100,127839,127000,127000,-839,-0.66,126737,-1102,-0.86,125000,127100,1399-9-26
715,اخزا820,اسنادخزانه-م20بودجه98-020806,20,94268,54622878084,580986,578001,580000,-986,-0.17,579442,-1544,-0.27,576999,581000,1399-9-26
716,ضخود1041,اختيارخ خودرو-2500-1399/10/07,19,504,708536000,981,1390,1500,519,52.91,1406,425,43.32,1289,1500,1399-9-26
717,تسه9804,امتياز تسهيلات مسكن تير98,18,213,126410648,595197,565438,624956,29759,5.0,593477,-1720,-0.29,565438,624956,1399-9-26
718,وسفارس,شركت س استان فارس,18,177371,173823580,1030,980,980,-50,-4.85,1030,0,0.0,980,980,1399-9-26
719,هترول911,اختيارف ت پترول-14730-99/11/15,17,43108,85569380,1347,1985,1985,638,47.36,1985,638,47.36,1985,1985,1399-9-26
720,اخزا810,اسنادخزانه-م10بودجه98-001006,17,105725,88308362046,837809,832380,837800,-9,0.0,835265,-2544,-0.3,832380,839988,1399-9-26
721,ضملت1129,اختيارخ وبملت-7000-1399/11/28,17,855,211985000,221,240,250,29,13.12,248,27,12.22,230,290,1399-9-26
722,ضفلا1154,اختيارخ فولاد-12000-1399/11/28,16,588,2040940000,3522,3280,3500,-22,-0.62,3471,-51,-1.45,3280,3700,1399-9-26
723,ضملت1126,اختيارخ وبملت-4500-1399/11/28,16,292,349557000,1013,1200,1155,142,14.02,1197,184,18.16,1100,1300,1399-9-26
724,وسهمدا,شركت س استان همدان,16,255145,216873250,890,850,850,-40,-4.49,890,0,0.0,850,850,1399-9-26
725,ضملي1153,اختيارخ فملي-20280-1399/11/05,15,88,78998320,311,400,464,153,49.2,455,144,46.3,400,470,1399-9-26
726,اخزا901,اسنادخزانه-م1بودجه99-010621,15,6875,4979870567,728297,728174,700011,-28286,-3.88,724345,-3952,-0.54,700011,733000,1399-9-26
727,اخزا704,اسنادخزانه-م4بودجه97-991022,15,12257,12121766930,988499,989000,988000,-499,-0.05,988967,468,0.05,988000,989000,1399-9-26
728,گنجين,صندوق س. گنجينه يكم آويد-د,14,61045,722110742,11816,11830,11830,14,0.12,11829,13,0.11,11824,11830,1399-9-26
729,تسه9805,امتياز تسهيلات مسكن مرداد98,14,62,37298816,617141,586284,586284,-30857,-5.0,601594,-15547,-2.52,586284,619000,1399-9-26
730,اخزا908,اسنادخزانه-م8بودجه99-020606,14,113044,68337728639,595867,599999,604890,9023,1.51,604523,8656,1.45,599999,604980,1399-9-26
731,آينده,بازرگاني آينده سازان بهشت پارس,13,32608,674333440,21319,20680,20680,-639,-3.0,21297,-22,-0.1,20680,20680,1399-9-26
732,ضسپا1100,اختيارخ خساپا-1600-1399/11/26,13,374,452450000,1001,1200,1300,299,29.87,1210,209,20.88,1100,1370,1399-9-26
733,ومشان,س. فني و مهندسي مشانير,13,51433,2948345292,59096,57324,57324,-1772,-3.0,58827,-269,-0.46,57324,57324,1399-9-26
734,ضپاس1006,اختيارخ وپارس-5000-1399/10/30,13,703,174260000,413,52,235,-178,-43.1,248,-165,-39.95,52,344,1399-9-26
735,ضپيك1020,اختيارخ تاپيكو-14000-99/10/16,13,91,180900000,1964,2200,1950,-14,-0.71,1988,24,1.22,1500,2200,1399-9-26
736,ضملي1149,اختيارخ فملي-12168-1399/11/05,13,156,1291521960,3323,3990,4200,877,26.39,4198,875,26.33,3990,4200,1399-9-26
737,ضترا1118,اختيارخ شتران-12000-1399/11/14,13,140,352958000,2000,2500,2788,788,39.4,2521,521,26.05,2400,2788,1399-9-26
738,ضپاس1004,اختيارخ وپارس-4000-1399/10/30,12,204,139111000,471,666,620,149,31.63,682,211,44.8,561,800,1399-9-26
739,ضپار1116,اختيارخ خپارس-6000-1399/11/19,12,71,198800000,1672,2400,2800,1128,67.46,2800,1128,67.46,2400,3000,1399-9-26
740,خعمرا,توسعه و عمران شهرستان نائين,12,39811,872816364,21286,21924,21924,638,3.0,21308,22,0.1,21924,21924,1399-9-26
741,ضپار1117,اختيارخ خپارس-7000-1399/11/19,11,310,611500000,2580,2000,2100,-480,-18.6,1973,-607,-23.53,1810,2100,1399-9-26
742,ضچاد1014,اختيارخ كچاد-14000-1399/10/02,11,228,1100420000,3920,4200,5500,1580,40.31,4826,906,23.11,4200,5500,1399-9-26
743,تملي702,تسهيلات مسكن ب. ملي-ارديبهشت97,10,145,136541700,917311,963176,963176,45865,5.0,941667,24356,2.66,871446,963176,1399-9-26
744,ضشنا1037,اختيارخ شپنا-18000-1399/10/23,10,45,61725000,1664,1500,1200,-464,-27.88,1372,-292,-17.55,1200,1600,1399-9-26
745,ضفار1122,اختيارخ فارس-11826-1399/11/07,10,71,378600000,350,2600,2400,2050,585.71,2666,2316,661.71,2400,2800,1399-9-26
746,ضغدر1120,اختيارخ وغدير-12000-1399/11/26,10,80,194990000,2705,2300,2300,-405,-14.97,2437,-268,-9.91,2300,2750,1399-9-26
747,عيار2,صندوق س. پشتوانه طلاي مفيد,10,100000,100000,29822,1,1,-29821,-100.0,1,-29821,-100.0,1,1,1399-9-26
748,تصميم2,صندوق س با درآمد ثابت تصميم,10,10000000,10000000,15184,1,1,-15183,-99.99,1,-15183,-99.99,1,1,1399-9-26
749,ضفار1125,اختيارخ فارس-17826-1399/11/07,10,123,119762000,423,499,576,153,36.17,487,64,15.13,303,579,1399-9-26
750,ضپاس1001,اختيارخ وپارس-2500-1399/10/30,8,205,344006000,1380,1502,1650,270,19.57,1678,298,21.59,1502,1750,1399-9-26
751,ضسپا1106,اختيارخ خساپا-4000-1399/11/26,8,428,89325000,64,240,220,156,243.75,209,145,226.56,200,240,1399-9-26
752,ضملت1127,اختيارخ وبملت-5000-1399/11/28,8,321,317732000,1179,511,1100,-79,-6.7,990,-189,-16.03,511,1399,1399-9-26
753,ضسپا1105,اختيارخ خساپا-3500-1399/11/26,8,153,45242000,185,280,338,153,82.7,296,111,60.0,280,338,1399-9-26
754,ضگل1144,اختيارخ كگل-20000-1399/11/21,7,140,289490000,2000,1900,2500,500,25.0,2068,68,3.4,1900,2999,1399-9-26
755,اخزا713,اسنادخزانه-م13بودجه97-000518,7,582,521197450,895489,895000,895500,11,0.0,895528,39,0.0,895000,896000,1399-9-26
756,كباده,توليد خاك نسوزاستقلال آباده,7,204907,4800971010,22315,23430,23430,1115,5.0,22570,255,1.14,23430,23430,1399-9-26
757,اخزا721,اسنادخزانه-م21بودجه97-000728,7,5087,4397993200,869417,864501,868000,-1417,-0.16,864555,-4862,-0.56,864500,868000,1399-9-26
758,كرونا2,تامين مالي جمعي صرفا اهداي سود,7,1122,11220000,10000,10000,10000,0,0.0,10000,0,0.0,10000,10000,1399-9-26
759,ساذري,آذريت‌,7,8398,50278826,5813,5987,5987,174,2.99,5813,0,0.0,5987,5987,1399-9-26
760,اخزا906,اسنادخزانه-م6بودجه99-020321,7,5734,3708956386,635371,646749,648100,12729,2.0,646836,11465,1.8,646749,648100,1399-9-26
761,وسخراج,شركت س استان خراسان جنوبي,7,47187,99564570,2220,2110,2110,-110,-4.95,2220,0,0.0,2110,2110,1399-9-26
762,اخزا807,اسنادخزانه-م7بودجه98-000719,6,1405,1219419510,873000,873000,871000,-2000,-0.23,867914,-5086,-0.58,864242,873000,1399-9-26
763,ضمخا7070,اختيارخ اخابر-20000-1400/07/28,6,36,165300000,3622,4200,4700,1078,29.76,4592,970,26.78,4200,4800,1399-9-26
764,اخزا723,اسنادخزانه-م23بودجه97-000824,6,50191,43063773703,863973,858002,857724,-6249,-0.72,857998,-5975,-0.69,857724,858002,1399-9-26
765,ثروت,ص.خ.ثروت آفرين فيروزه 35%تاديه,6,10900,3815000000,350000,350000,350000,0,0.0,350000,0,0.0,350000,350000,1399-9-26
766,ضخود2007,اختيارخ خودرو-3000-1400/02/08,6,30,46500000,1445,1550,1550,105,7.27,1550,105,7.27,1550,1550,1399-9-26
767,ضملت1124,اختيارخ وبملت-3500-1399/11/28,6,210,461875000,2010,2190,2200,190,9.45,2199,189,9.4,2190,2200,1399-9-26
768,صمسكن912,ص دين مسكن جنوب-ماهانه16درصد,5,1224,75312618,61108,61710,61108,0,0.0,61530,422,0.69,61108,61719,1399-9-26
769,ضخود1040,اختيارخ خودرو-2000-1399/10/07,5,35,56496000,1502,1565,1710,208,13.85,1614,112,7.46,1565,1710,1399-9-26
770,ضترا1117,اختيارخ شتران-10000-1399/11/14,5,11,40690000,2319,3700,3700,1381,59.55,3699,1380,59.51,3690,3700,1399-9-26
771,ضفلا1151,اختيارخ فولاد-8000-1399/11/28,5,105,747000000,7500,7000,7100,-400,-5.33,7114,-386,-5.15,7000,7200,1399-9-26
772,كابگن,توليدي و صنعتي آبگينه‌,5,10955,54862640,4959,5008,5008,49,0.99,4960,1,0.02,5008,5008,1399-9-26
773,ضخود2006,اختيارخ خودرو-2500-1400/02/08,5,35,68000000,1800,1900,2050,250,13.89,1943,143,7.94,1900,2050,1399-9-26
774,ضصاد1105,اختيارخ وبصادر-5000-1399/11/12,4,80,8630000,118,111,101,-17,-14.41,108,-10,-8.47,101,111,1399-9-26
775,شرق1400,مشاركت ليزينگ ايران وشرق140010,4,932,932000000,1002500,1000000,1000000,-2500,-0.25,1000000,-2500,-0.25,1000000,1000000,1399-9-26
776,پست0008پ08,پسته فندقي32-30مه ولات0008(پ),4,1152,1876173732,1689738,1650000,1626591,-63147,-3.74,1628623,-61115,-3.62,1626591,1650000,1399-9-26
777,ياقوت2,صندوق س ياقوت آگاه-ثابت,4,38843000,38843000,11576,1,1,-11575,-99.99,1,-11575,-99.99,1,1,1399-9-26
778,ضغدر1121,اختيارخ وغدير-14000-1399/11/26,4,106,201384000,1348,1898,1900,552,40.95,1900,552,40.95,1898,1900,1399-9-26
779,هاباد912,اختيارف ت آبادا-30100-99/12/12,4,3215,33352410,9415,10374,10374,959,10.19,10374,959,10.19,10374,10374,1399-9-26
780,پادي,بار پايه دي,4,50500,19435000,390,390,380,-10,-2.56,385,-5,-1.28,380,390,1399-9-26
781,وسيزد,شركت س استان يزد,4,24444,29821680,1280,1220,1220,-60,-4.69,1280,0,0.0,1220,1220,1399-9-26
782,ضچاد2003,اختيارخ كچاد-18000-1400/02/05,4,7,40200000,1,5000,5000,4999,499900.0,5743,5742,574200.0,5000,6300,1399-9-26
783,ونچر,ص.ج.فيروزه10%تاديه,4,7760,1154001000,140000,145001,150000,10000,7.14,148711,8711,6.22,145000,150000,1399-9-26
784,شسم,توليد سموم‌ علف‌ كش,4,1038,91647096,86561,88292,88292,1731,2.0,86576,15,0.02,88292,88292,1399-9-26
785,ضبدر1149,اختيارخ شبندر-28000-1399/11/19,4,26,145740000,6000,5000,6000,0,0.0,5605,-395,-6.58,5000,6000,1399-9-26
786,غگز,گز سكه,3,95000,2565000000,27000,27000,27000,0,0.0,27000,0,0.0,27000,27000,1399-9-26
787,ضگل1142,اختيارخ كگل-16000-1399/11/21,3,45,128600000,5750,2700,4200,-1550,-26.96,2858,-2892,-50.3,2700,4200,1399-9-26
788,ضملت1123,اختيارخ وبملت-3000-1399/11/28,3,85,213500000,2700,2600,2500,-200,-7.41,2512,-188,-6.96,2500,2600,1399-9-26
789,هصيكو402,اختيارف ت تاصيكو13500-00/02/20,3,1011,1754085,617,1735,1735,1118,181.2,1735,1118,181.2,1735,1735,1399-9-26
790,ضخود2012,اختيارخ خودرو-6000-1400/02/08,3,3,2997000,500,999,999,499,99.8,999,499,99.8,999,999,1399-9-26
791,ضچاد2004,اختيارخ كچاد-20000-1400/02/05,3,14,65000000,1,4500,5000,4999,499900.0,4643,4642,464200.0,4500,5000,1399-9-26
792,ضفار1121,اختيارخ فارس-9826-1399/11/07,3,22,178000000,5000,4000,4100,-900,-18.0,4045,-955,-19.1,4000,4100,1399-9-26
793,اخزا718,اسنادخزانه-م18بودجه97-000525,3,636,567489500,892573,892700,888183,-4390,-0.49,892279,-294,-0.03,888183,895000,1399-9-26
794,گوهر2,صندوق سكه طلاي كيان,3,30000,30000,60144,1,1,-60143,-100.0,1,-60143,-100.0,1,1,1399-9-26
795,وسزنجان,شركت س استان زنجان,3,47300,63855000,1420,1350,1350,-70,-4.93,1420,0,0.0,1350,1350,1399-9-26
796,ضخود2011,اختيارخ خودرو-5000-1400/02/08,3,23,8440000,511,350,600,89,17.42,367,-144,-28.18,350,600,1399-9-26
797,ضچاد2002,اختيارخ كچاد-16000-1400/02/05,3,10,77800000,1,7600,7800,7799,779900.0,7780,7779,777900.0,7600,7800,1399-9-26
798,ضترا1128,اختيارخ شتران-9000-1399/11/14,3,10,49400000,6800,4400,5000,-1800,-26.47,4940,-1860,-27.35,4400,5000,1399-9-26
799,ضپيك1021,اختيارخ تاپيكو-16000-99/10/16,3,8,12200000,1500,1500,1700,200,13.33,1525,25,1.67,1500,1700,1399-9-26
800,كشم0001پ01,كشمش سبز0001خليل آباد(پ),3,100,35854900,377215,359000,358355,-18860,-5.0,358549,-18666,-4.95,358355,359000,1399-9-26
801,وسخوز,شركت س استان خوزستان,3,26427,24577110,970,930,930,-40,-4.12,970,0,0.0,930,930,1399-9-26
802,اخزا819,اسنادخزانه-م19بودجه98-020322,3,3000,1948353000,636717,649451,649451,12734,2.0,649451,12734,2.0,649451,649451,1399-9-26
803,زعف0008پ09,زعفران0008نگين نوين(پ),3,1500,191049998,125318,126500,127800,2482,1.98,127367,2049,1.64,126500,127800,1399-9-26
804,ضچاد1013,اختيارخ كچاد-12000-1399/10/02,3,30,225000000,7203,7500,7500,297,4.12,7500,297,4.12,7500,7500,1399-9-26
805,ضجار1011,اختيارخ وتجارت-1800-1399/10/21,3,23,41200000,1700,1700,1850,150,8.82,1791,91,5.35,1700,1900,1399-9-26
806,ضصاد1107,اختيارخ وبصادر-7000-1399/11/12,3,201,9731000,70,31,49,-21,-30.0,48,-22,-31.43,31,49,1399-9-26
807,ضجار1017,اختيارخ وتجارت-4500-1399/10/21,3,183,19293000,110,150,101,-9,-8.18,105,-5,-4.55,101,150,1399-9-26
808,اخزا7204,اسنادخزانه-م20بودجه97-000324,2,1421116,1308447081288,919033,922403,919033,0,0.0,920718,1685,0.18,919033,922403,1399-9-26
809,اخزا8074,اسنادخزانه-م7بودجه98-000719,2,669536,585728839808,873000,876656,873000,0,0.0,874828,1828,0.21,873000,876656,1399-9-26
810,ضچاد2000,اختيارخ كچاد-12000-1400/02/05,2,13,143400000,1,10800,11100,11099,1109900.0,11031,11030,1103000.0,10800,11100,1399-9-26
811,افاد4,منفعت دولتي4-شرايط خاص14010729,2,1500,1575000000,1020000,1021000,1064500,44500,4.36,1050000,30000,2.94,1021000,1064500,1399-9-26
812,اخزا7224,اسنادخزانه-م22بودجه97-000428,2,1838026,1667938750012,905370,909554,905370,0,0.0,907462,2092,0.23,905370,909554,1399-9-26
813,اراد404,مرابحه عام دولت4-ش.خ 0207,2,12810000,11991404600000,997000,939448,932060,-64940,-6.51,936097,-60903,-6.11,932060,939448,1399-9-26
814,اخزا8114,اسنادخزانه-م11بودجه98-001013,2,1737142,1460602022165,839726,841889,839726,0,0.0,840807,1081,0.13,839726,841889,1399-9-26
815,واتي2,سرمايه‌ گذاري‌ آتيه‌ دماوند,2,63928000,893074160000,13970,13970,13970,0,0.0,13970,0,0.0,13970,13970,1399-9-26
816,ضملت1125,اختيارخ وبملت-4000-1399/11/28,2,20,34000000,1500,1700,1700,200,13.33,1700,200,13.33,1700,1700,1399-9-26
817,وساربيل,شركت س استان اردبيل,2,9150,11163000,1280,1220,1220,-60,-4.69,1280,0,0.0,1220,1220,1399-9-26
818,ضسپا1102,اختيارخ خساپا-2000-1399/11/26,2,80,79600000,816,995,995,179,21.94,995,179,21.94,995,995,1399-9-26
819,اراد374,مرابحه عام دولت3-ش.خ 0005,2,2000000,1975106000000,1049977,982736,992370,-57607,-5.49,987553,-62424,-5.95,982736,992370,1399-9-26
820,اخزا7164,اسنادخزانه-م16بودجه97-000407,2,1636660,1491462071440,913182,909386,913182,0,0.0,911284,-1898,-0.21,909386,913182,1399-9-26
821,ضفلا1158,اختيارخ فولاد-20000-1399/11/28,2,100,55000000,400,550,550,150,37.5,550,150,37.5,550,550,1399-9-26
822,اخزا7184,اسنادخزانه-م18بودجه97-000525,2,2499226,2235094050577,892573,896056,892573,0,0.0,894314,1741,0.2,892573,896056,1399-9-26
823,اراد334,مرابحه عام دولت3-ش.خ 0303,2,10000000,8589355000000,878400,857773,860098,-18302,-2.08,858935,-19465,-2.22,857773,860098,1399-9-26
824,صخابر102,صكوك اجاره مخابرات-3 ماهه 16%,2,3010,2892340000,959983,934000,961000,1017,0.11,960910,927,0.1,934000,961000,1399-9-26
825,ضپار1115,اختيارخ خپارس-5000-1399/11/19,2,10,18050000,4000,110,3500,-500,-12.5,1805,-2195,-54.88,110,3500,1399-9-26
826,سرو2,صندوق س سروسودمند مدبران-سهام,2,200000,200000,65990,1,1,-65989,-100.0,1,-65989,-100.0,1,1,1399-9-26
827,اخزا7214,اسنادخزانه-م21بودجه97-000728,2,3165256,2753820198840,869417,870613,869417,0,0.0,870015,598,0.07,869417,870613,1399-9-26
828,فماك,ماداكتو استيل كرد,2,100000,2600000000,27740,26000,26000,-1740,-6.27,26000,-1740,-6.27,26000,26000,1399-9-26
829,اعتماد4,صندوق س.اعتماد آفرين پارسيان-د,2,73000000,2470758000000,33843,33846,33846,3,0.01,33846,3,0.01,33846,33846,1399-9-26
830,ضپاس1000,اختيارخ وپارس-2000-1399/10/30,2,8,18251000,2153,2151,2300,147,6.83,2281,128,5.95,2151,2300,1399-9-26
831,طمخا7071,اختيارف اخابر-24000-1400/07/28,2,12,38650000,3000,150,3500,500,16.67,3221,221,7.37,150,3500,1399-9-26
832,دامين2,داروسازي‌ امين‌,2,2700000,39690000000,15380,14700,14700,-680,-4.42,14700,-680,-4.42,14700,14700,1399-9-26
833,اخزا8094,اسنادخزانه-م9بودجه98-000923,2,671492,569948979760,847447,850113,847447,0,0.0,848780,1333,0.16,847447,850113,1399-9-26
834,وسقم,شركت س استان قم,2,28625,38357500,1410,1340,1340,-70,-4.96,1410,0,0.0,1340,1340,1399-9-26
835,ضترا1127,اختيارخ شتران-8000-1399/11/14,2,6,35300000,6000,5300,6000,0,0.0,5883,-117,-1.95,5300,6000,1399-9-26
836,اراد45,مرابحه عام دولت4-ش.خ 0107,2,5000,5101000000,1020000,1030000,1020000,0,0.0,1020200,200,0.02,1020000,1030000,1399-9-26
837,ضملي1154,اختيارخ فملي-24336-1399/11/05,2,15,680340,171,23,23,-148,-86.55,23,-148,-86.55,23,23,1399-9-26
838,اراد444,مرابحه عام دولت4-ش.خ 0007,2,4050000,3962293200000,1050000,978344,978344,-71656,-6.82,978344,-71656,-6.82,978344,978344,1399-9-26
839,اراد354,مرابحه عام دولت3-ش.خ 0103,2,20000000,19044430000000,907823,951473,952970,45147,4.97,952221,44398,4.89,951473,952970,1399-9-26
840,كايتا,ايتالران‌,2,3090,29528040,9278,9556,9556,278,3.0,9278,0,0.0,9556,9556,1399-9-26
841,اخزا8134,اسنادخزانه-م13بودجه98-010219,2,434266,339363028291,782986,779941,782986,0,0.0,781463,-1523,-0.19,779941,782986,1399-9-26
842,ضمخا1032,اختيارخ اخابر-9000-1399/10/30,2,21,64500000,5517,2900,6500,983,17.82,3071,-2446,-44.34,2900,6500,1399-9-26
843,وسكرشا,س.سهام عدالت استان كرمانشاه,2,9488,11385600,1260,1200,1200,-60,-4.76,1260,0,0.0,1200,1200,1399-9-26
844,شخارك2,پتروشيمي‌ خارك‌,2,45600000,1999560000000,43850,43850,43850,0,0.0,43850,0,0.0,43850,43850,1399-9-26
845,ضپار1118,اختيارخ خپارس-8000-1399/11/19,2,20,30000000,2250,1500,1500,-750,-33.33,1500,-750,-33.33,1500,1500,1399-9-26
846,وسيلام,شركت س استان ايلام,2,28444,33563920,1240,1180,1180,-60,-4.84,1240,0,0.0,1180,1180,1399-9-26
847,تملي801,تسهيلات مسكن ب. ملي-فروردين98,2,6,5102544,895183,850424,850424,-44759,-5.0,850424,-44759,-5.0,850424,850424,1399-9-26
848,سيتا4,سرمايه گذاري سيمان تامين,1,55000000,919050000000,17360,16710,16710,-650,-3.74,16710,-650,-3.74,16710,16710,1399-9-26
849,اراد424,مرابحه عام دولت4-ش.خ 0106,1,4000000,3819824000000,1056250,954956,954956,-101294,-9.59,954956,-101294,-9.59,954956,954956,1399-9-26
850,عسناسنگ2,سلف كنستانتره سنگ آهن سناباد2,1,1,7824590,7824590,7824590,7824590,0,0.0,7824590,0,0.0,7824590,7824590,1399-9-26
851,اراد38,مرابحه عام دولت3-ش.خ 0105,1,1000,975000000,948000,975000,975000,27000,2.85,975000,27000,2.85,975000,975000,1399-9-26
852,اراد56,مرابحه عام دولت5-ش.خ 0308,1,1000,972500000,952500,972500,972500,20000,2.1,972500,20000,2.1,972500,972500,1399-9-26
853,تاپيكو4,س. نفت و گاز و پتروشيمي تأمين,1,407500000,5961725000000,15270,14630,14630,-640,-4.19,14630,-640,-4.19,14630,14630,1399-9-26
854,تاصيكو4,سرمايه گذاري صدرتامين,1,155000000,1705000000000,11200,11000,11000,-200,-1.79,11000,-200,-1.79,11000,11000,1399-9-26
855,ضترا1119,اختيارخ شتران-14000-1399/11/14,1,20,20000000,1801,1000,1000,-801,-44.48,1000,-801,-44.48,1000,1000,1399-9-26
856,ضچاد1012,اختيارخ كچاد-10000-1399/10/02,1,5,44575000,8010,8915,8915,905,11.3,8915,905,11.3,8915,8915,1399-9-26
857,هاي وب2,داده گسترعصرنوين-هاي وب,1,35000000,1056650000000,31690,30190,30190,-1500,-4.73,30190,-1500,-4.73,30190,30190,1399-9-26
858,سفارس4,سيمان فارس و خوزستان,1,14496205,249189763950,17710,17190,17190,-520,-2.94,17190,-520,-2.94,17190,17190,1399-9-26
859,ضملت1130,اختيارخ وبملت-8000-1399/11/28,1,1,239000,113,239,239,126,111.5,239,126,111.5,239,239,1399-9-26
860,غيوان,كيوان,1,350,5474000,15334,15640,15640,306,2.0,15334,0,0.0,15640,15640,1399-9-26
861,تملي805,تسهيلات مسكن ب. ملي-مرداد98,1,25,16064800,611993,642592,642592,30599,5.0,642592,30599,5.0,642592,642592,1399-9-26
862,ضشنا1038,اختيارخ شپنا-20000-1399/10/23,1,20,30000000,2021,1500,1500,-521,-25.78,1500,-521,-25.78,1500,1500,1399-9-26
863,اراد314,مرابحه عام دولت3-ش.خ 0208,1,12500000,11114087500000,1000000,889127,889127,-110873,-11.09,889127,-110873,-11.09,889127,889127,1399-9-26
864,صگل1411,ص اجاره گل گهر 1411-3 ماهه 17%,1,6,5940000,956000,990000,990000,34000,3.56,990000,34000,3.56,990000,990000,1399-9-26
865,پست0008پ09,پسته بادامي30-28مه ولات0008(پ),1,6,9063606,1589999,1510601,1510601,-79398,-4.99,1510601,-79398,-4.99,1510601,1510601,1399-9-26
866,عكاوه2,اوراق سلف شمش فولاد كاوه كيش,1,2,8394546,4029069,4197273,4197273,168204,4.17,4197273,168204,4.17,4197273,4197273,1399-9-26
867,اراد504,مرابحه عام دولت5-ش.خ0302,1,1000000,1000000000000,1000000,1000000,1000000,0,0.0,1000000,0,0.0,1000000,1000000,1399-9-26
868,آريان2,سرمايه گذاري پارس آريان,1,27000000,413100000000,15735,15300,15300,-435,-2.76,15300,-435,-2.76,15300,15300,1399-9-26
869,افاد614,منفعت دولت6-ش.خاص140109,1,5000000,4870540000000,980000,974108,974108,-5892,-0.6,974108,-5892,-0.6,974108,974108,1399-9-26
870,صپادي,بار پايه صنعتي دي,1,200000,70000000,350,350,350,0,0.0,350,0,0.0,350,350,1399-9-26
871,اطلس2,صندوق س.توسعه اندوخته آينده-س,1,10000,10000,199534,1,1,-199533,-100.0,1,-199533,-100.0,1,1,1399-9-26
872,شدوص4,دوده‌ صنعتي‌ پارس‌,1,2372610,51367006500,22100,21650,21650,-450,-2.04,21650,-450,-2.04,21650,21650,1399-9-26
873,سرود4,سيمان‌شاهرود,1,2094058,37002004860,17020,17670,17670,650,3.82,17670,650,3.82,17670,17670,1399-9-26
874,تيپيكو4,سرمايه گذاري دارويي تامين,1,21750000,1294560000000,59770,59520,59520,-250,-0.42,59520,-250,-0.42,59520,59520,1399-9-26
875,شستا993,اجاره ت.اجتماعي-كاردان991226,1,4,4000080,1000000,1000020,1000020,20,0.0,1000020,20,0.0,1000020,1000020,1399-9-26
876,تايرا2,تراكتورسازي‌ايران‌,1,6000000,172020000000,28670,28670,28670,0,0.0,28670,0,0.0,28670,28670,1399-9-26
877,مبين015,اجاره اعتماد مبين تمدن011019,1,100,94150000,960500,941500,941500,-19000,-1.98,941500,-19000,-1.98,941500,941500,1399-9-26
878,اراد50,مرابحه عام دولت5-ش.خ0302,1,20000,20000000000,1000000,1000000,1000000,0,0.0,1000000,0,0.0,1000000,1000000,1399-9-26
879,شكلر2,نيروكلر,1,2400000,150000000000,62580,62500,62500,-80,-0.13,62500,-80,-0.13,62500,62500,1399-9-26
880,حرهشا,رهشاد سپاهان (سهامي عام,1,544,32311968,61233,59397,59397,-1836,-3.0,61230,-3,0.0,59397,59397,1399-9-26
881,ضمخا1025,اختيارخ اخابر-16000-1399/10/30,1,2,3700000,1100,1850,1850,750,68.18,1850,750,68.18,1850,1850,1399-9-26
882,ضجار1010,اختيارخ وتجارت-1600-1399/10/21,1,1,2200000,1420,2200,2200,780,54.93,2200,780,54.93,2200,2200,1399-9-26
883,اراد48,مرابحه عام دولت4-ش.خ 0009,1,500,511500000,1000000,1023000,1023000,23000,2.3,1023000,23000,2.3,1023000,1023000,1399-9-26
884,ونيكي2,سرمايه‌گذاري‌ ملي‌ايران‌,1,5000000,110750000000,21210,22150,22150,940,4.43,22150,940,4.43,22150,22150,1399-9-26
885,تنوينح2,ح . تامين سرمايه نوين,1,2999999,14999995000,4786,5000,5000,214,4.47,5000,214,4.47,5000,5000,1399-9-26
886,ضپار1120,اختيارخ خپارس-10000-1399/11/19,1,1,1000000,400,1000,1000,600,150.0,1000,600,150.0,1000,1000,1399-9-26
887,زير0003پ01,زيره سبز0003كيميابذر(پ),1,9,4807701,562304,534189,534189,-28115,-5.0,534189,-28115,-5.0,534189,534189,1399-9-26
888,سپرمي,پرميت‌,1,2000,16850000,8342,8425,8425,83,0.99,8342,0,0.0,8425,8425,1399-9-26
889,اخزا804,اسنادخزانه-م4بودجه98-000421,1,10000,9050000000,906589,905000,905000,-1589,-0.18,905000,-1589,-0.18,905000,905000,1399-9-26
890,تملي804,تسهيلات مسكن ب. ملي-تير98,1,7,6580077,989485,940011,940011,-49474,-5.0,940011,-49474,-5.0,940011,940011,1399-9-26
891,ارزش2,صندوق س ارزش آفرين بيدار-سهام,1,1700000,1700000,10210,1,1,-10209,-99.99,1,-10209,-99.99,1,1,1399-9-26
892,ومعادن2,توسعه‌معادن‌وفلزات‌,1,100000000,1380000000000,13800,13800,13800,0,0.0,13800,0,0.0,13800,13800,1399-9-26
893,سقاين4,سيمان‌ قائن‌,1,663407,31783829370,48060,47910,47910,-150,-0.31,47910,-150,-0.31,47910,47910,1399-9-26
894,ضفار1120,اختيارخ فارس-8826-1399/11/07,1,5,49000000,5000,4900,4900,-100,-2.0,4900,-100,-2.0,4900,4900,1399-9-26
895,اخزا722,اسنادخزانه-م22بودجه97-000428,1,1984,1786455104,905370,900431,900431,-4939,-0.55,900431,-4939,-0.55,900431,900431,1399-9-26
896,رايان911,مشاركت رايان سايپا-3ماهه18%,1,6,5994000,977000,999000,999000,22000,2.25,999000,22000,2.25,999000,999000,1399-9-26
897,سصوفي4,سيمان‌ صوفيان‌,1,3671436,57971974440,15710,15790,15790,80,0.51,15790,80,0.51,15790,15790,1399-9-26
898,وسگلستا,شركت س استان گلستان,1,6670,7870600,1240,1180,1180,-60,-4.84,1240,0,0.0,1180,1180,1399-9-26
899,زعف0008پ15,زعفران0008پوشالمعمول طلاسرخ(پ),1,7,595007,89029,85001,85001,-4028,-4.52,85001,-4028,-4.52,85001,85001,1399-9-26
900,ساروم4,سيمان‌اروميه‌,1,2002912,51014168640,25940,25470,25470,-470,-1.81,25470,-470,-1.81,25470,25470,1399-9-26
901,ضغدر1118,اختيارخ وغدير-9000-1399/11/26,1,2,9200000,5633,4600,4600,-1033,-18.34,4600,-1033,-18.34,4600,4600,1399-9-26
902,اروند102,منفعت صبا اروند لوتوس 14001222,1,4867183,4915854830000,1000001,1010000,1010000,9999,1.0,1010000,9999,1.0,1010000,1010000,1399-9-26
903,اراد474,مرابحه عام دولت4-ش.خ 0008,1,4437671,4358502949360,980000,982160,982160,2160,0.22,982160,2160,0.22,982160,982160,1399-9-26
904,افاد844,منفعت دولت8-ش.خاص ساير0205,1,5000000,4771710000000,880000,954342,954342,74342,8.45,954342,74342,8.45,954342,954342,1399-9-26
905,صبا4,سرمايه گذاري صبا تامين,1,225000000,1897200000000,8479,8432,8432,-47,-0.55,8432,-47,-0.55,8432,8432,1399-9-26
906,وسمركز,شركت س استان مركزي,1,6200,8246000,1400,1330,1330,-70,-5.0,1400,0,0.0,1330,1330,1399-9-26
907,اراد244,مرابحه عام دولت2-ش.خ ساير0212,1,4000000,3737492000000,1025000,934373,934373,-90627,-8.84,934373,-90627,-8.84,934373,934373,1399-9-26
908,شيراز2,پتروشيمي‌شيراز,1,16400000,886748000000,54070,54070,54070,0,0.0,54070,0,0.0,54070,54070,1399-9-26
909,دمعيار2,صندوق س. توازن معيار-د,1,10000000,10000000,10119,1,1,-10118,-99.99,1,-10118,-99.99,1,1,1399-9-26
910,تنوين2,تامين سرمايه نوين,1,4499999,30149993300,6970,6700,6700,-270,-3.87,6700,-270,-3.87,6700,6700,1399-9-26
911,ضپيك1023,اختيارخ تاپيكو-20000-99/10/16,1,20,2020000,201,101,101,-100,-49.75,101,-100,-49.75,101,101,1399-9-26
912,اخزا8052,اسنادخزانه-م5بودجه98-000422,1,400000,362462000000,906155,906155,906155,0,0.0,906155,0,0.0,906155,906155,1399-9-26
