,نماد,نام,تعداد,حجم,ارزش,دیروز,اولین,آخرین معامله - مقدار,آخرین معامله - تغییر,آخرین معامله - درصد,قیمت پایانی - مقدار,قیمت پایانی - تغییر,قیمت پایانی - درصد,کمترین,بیشترین,تاریخ
0,شستا,سرمايه گذاري تامين اجتماعي,44268,180429072,3487450222710,18900,18000,19800,900,4.76,19330,430,2.28,18000,19840,1399-10-30
1,فملي,ملي‌ صنايع‌ مس‌ ايران‌,36765,267389256,2649416188110,9890,9400,10290,400,4.04,9910,20,0.2,9400,10380,1399-10-30
2,وتجارت,بانك تجارت,34040,1136029379,2744584610620,2460,2340,2460,0,0.0,2420,-40,-1.63,2340,2550,1399-10-30
3,خساپا,سايپا,33988,1523987002,2988417801720,1930,1840,2020,90,4.66,1960,30,1.55,1840,2020,1399-10-30
4,وسپهر,سرمايه گذاري مالي سپهرصادرات,32005,122639930,1287825889081,10549,10549,10470,-79,-0.75,10501,-48,-0.46,10241,10710,1399-10-30
5,بركت,گروه دارويي بركت,31853,133928118,2507479501130,19510,18540,18800,-710,-3.64,18720,-790,-4.05,18540,19490,1399-10-30
6,دارا يكم,صندوق واسطه گري مالي يكم-سهام,30464,25406210,2765344617190,101730,100500,111900,10170,10.0,108850,7120,7.0,97110,111900,1399-10-30
7,سپيدار,سپيدار سيستم آسيا,29377,564870,26145572820,44082,46286,46286,2204,5.0,45139,1057,2.4,46286,46286,1399-10-30
8,شتران,پالايش نفت تهران,29315,233431364,1759121316560,7410,7040,7780,370,4.99,7540,130,1.75,7040,7780,1399-10-30
9,پالايش,صندوق پالايشي يکم-سهام,28504,29031399,1624791078950,52750,51990,58020,5270,9.99,55970,3220,6.1,50500,58020,1399-10-30
10,شاروم,پتروشيمي اروميه,23986,29848282,674346746894,23414,22244,22244,-1170,-5.0,22592,-822,-3.51,22244,23980,1399-10-30
11,ثبهساز,بهساز كاشانه تهران,23921,329140839,980801835370,3050,2900,3000,-50,-1.64,2980,-70,-2.3,2900,3170,1399-10-30
12,غزر,صنعتي زر ماكارون,22653,7528724,177520095750,22770,21640,23900,1130,4.96,23580,810,3.56,21640,23900,1399-10-30
13,شپنا,پالايش نفت اصفهان,21886,213786978,1951045064000,8890,8450,9330,440,4.95,9130,240,2.7,8450,9330,1399-10-30
14,بپيوند,برق و انرژي پيوندگستر پارس,20004,26022218,433378496841,17291,16427,16490,-801,-4.63,16654,-637,-3.68,16427,17417,1399-10-30
15,ثاميد,توسعه و عمران اميد,18585,180052380,337086712620,1770,1800,1890,120,6.78,1870,100,5.65,1790,1890,1399-10-30
16,ولپارس,ليزينگ پارسيان,18198,22851113,172908455280,7260,7300,7620,360,4.96,7570,310,4.27,7300,7620,1399-10-30
17,وبصادر,بانك صادرات ايران,16260,458544839,1066189255680,2290,2190,2370,80,3.49,2330,40,1.75,2190,2400,1399-10-30
18,خودرو,ايران‌ خودرو,15803,584507181,1431760984490,2360,2280,2470,110,4.66,2450,90,3.81,2280,2470,1399-10-30
19,بوعلي,پتروشيمي بوعلي سينا,15440,4479860,197853781030,42180,42400,44280,2100,4.98,44170,1990,4.72,42400,44280,1399-10-30
20,سيتا,سرمايه گذاري سيمان تامين,14995,25456746,388392899740,15100,15080,15250,150,0.99,15260,160,1.06,15010,15550,1399-10-30
21,حكشتي,كشتيراني جمهوري اسلامي ايران,14221,60250155,1134634861160,19300,18340,19010,-290,-1.5,18830,-470,-2.44,18340,19940,1399-10-30
22,خگستر,گسترش‌سرمايه‌گذاري‌ايران‌خودرو,13639,384654073,1114512524120,2780,2830,2910,130,4.68,2900,120,4.32,2830,2910,1399-10-30
23,شپلي,پلي اكريل ايران,12945,172849975,2349615096700,13613,13205,13205,-408,-3.0,13593,-20,-0.15,13205,14021,1399-10-30
24,فولاد,فولاد مباركه اصفهان,12768,124121004,1265785927350,9810,9400,10300,490,4.99,10200,390,3.98,9390,10300,1399-10-30
25,كرمان,س. توسعه و عمران استان كرمان,12284,26678022,2060326800629,81054,77002,77002,-4052,-5.0,77229,-3825,-4.72,77002,78940,1399-10-30
26,پترول,گروه پتروشيمي س. ايرانيان,12117,81384277,742918399950,9070,8620,9390,320,3.53,9130,60,0.66,8620,9520,1399-10-30
27,خزر,فنرسازي‌زر,11950,29543606,1095306655960,36830,34990,38480,1650,4.48,37070,240,0.65,34990,38670,1399-10-30
28,وپويا,سرمايه گذاري پويا,11775,25104256,143758485276,5956,5659,5815,-141,-2.37,5726,-230,-3.86,5659,5950,1399-10-30
29,وبملت,بانك ملت,11195,271783870,978443959730,3590,3420,3690,100,2.79,3600,10,0.28,3420,3760,1399-10-30
30,انرژي3,سايراشخاص بورس انرژي,10762,3251654,1144471441080,354620,336890,361900,7280,2.05,351970,-2650,-0.75,336890,372150,1399-10-30
31,نوري,پتروشيمي نوري,10558,18534688,1023858083140,57030,54180,54980,-2050,-3.59,55240,-1790,-3.14,54180,58980,1399-10-30
32,بگيلان,توسعه مسير برق گيلان,10538,6833017,142233084582,19993,20000,20992,999,5.0,20816,823,4.12,20000,20992,1399-10-30
33,فارس,صنايع پتروشيمي خليج فارس,10501,69983537,629680947850,9280,8820,9030,-250,-2.69,9000,-280,-3.02,8820,9400,1399-10-30
34,وپارس,بانك‌پارسيان‌,10131,361445635,975817533600,2720,2590,2760,40,1.47,2700,-20,-0.74,2590,2840,1399-10-30
35,خبهمن,گروه‌بهمن‌,10116,68248065,1610303136980,24740,23510,23510,-1230,-4.97,23590,-1150,-4.65,23510,24500,1399-10-30
36,شگويا,پتروشيمي تندگويان,9932,46300356,401114738362,8729,8293,8849,120,1.37,8663,-66,-0.76,8293,9080,1399-10-30
37,وخارزم,سرمايه گذاري خوارزمي,9496,88936837,789208805320,8500,8530,8920,420,4.94,8870,370,4.35,8530,8920,1399-10-30
38,آريا,پليمر آريا ساسول,9327,3958936,316626968790,76401,76500,80221,3820,5.0,79978,3577,4.68,76500,80221,1399-10-30
39,ثشاهد,سرمايه‌ گذاري‌ شاهد,8599,50855482,969866129360,20020,19020,19020,-1000,-5.0,19070,-950,-4.75,19020,19590,1399-10-30
40,شبندر,پالايش نفت بندرعباس,8591,52040918,984683486590,18270,17360,19180,910,4.98,18920,650,3.56,17360,19180,1399-10-30
41,پيزد,مجتمع صنايع لاستيك يزد,8431,1276596,95424679271,75536,73000,73600,-1936,-2.56,74749,-787,-1.04,72933,77318,1399-10-30
42,خزاميا,زامياد,8410,99321132,847537024300,8890,8450,8450,-440,-4.95,8530,-360,-4.05,8450,8860,1399-10-30
43,رافزا,رايان هم افزا,8319,68473,2878399501,40036,42037,42037,2001,5.0,40145,109,0.27,42037,42037,1399-10-30
44,خپارس,پارس‌ خودرو,8135,121383749,677699315080,5520,5250,5690,170,3.08,5580,60,1.09,5250,5790,1399-10-30
45,وساپا,سرمايه‌گذاري‌ سايپا,7414,118635779,803404674860,7060,6710,6710,-350,-4.96,6770,-290,-4.11,6710,7040,1399-10-30
46,هاي وب,داده گسترعصرنوين-هاي وب,7183,34528909,886259442320,26880,25540,25540,-1340,-4.99,25670,-1210,-4.5,25540,26620,1399-10-30
47,صبا,سرمايه گذاري صبا تامين,7144,33099457,227439934646,6686,6400,6980,294,4.4,6871,185,2.77,6400,7020,1399-10-30
48,وغدير,سرمايه‌گذاري‌غدير(هلدينگ‌,6937,63143951,609216914650,9380,9000,9840,460,4.9,9650,270,2.88,9000,9840,1399-10-30
49,سبهان,سيمان‌ بهبهان‌,6794,3790114,413123951970,107930,105430,112930,5000,4.63,109000,1070,0.99,102540,113000,1399-10-30
50,فرابورس,فرابورس ايران,6731,15301753,621373076844,41529,39453,39780,-1749,-4.21,40608,-921,-2.22,39453,42850,1399-10-30
51,تكشا,گسترش‌صنايع‌وخدمات‌كشاورزي‌,6480,7506008,531726665460,72980,69340,69340,-3640,-4.99,70840,-2140,-2.93,69340,75000,1399-10-30
52,خمحركه,نيرو محركه‌,6438,58161070,292834255400,5190,4940,5020,-170,-3.28,5030,-160,-3.08,4940,5300,1399-10-30
53,ديران,ايران‌دارو,6159,17309479,633089054110,37860,35970,35970,-1890,-4.99,36570,-1290,-3.41,35970,38700,1399-10-30
54,ختوقا,قطعات‌ اتومبيل‌ ايران‌,6153,123941026,333812728450,2770,2640,2730,-40,-1.44,2690,-80,-2.89,2640,2830,1399-10-30
55,ونيكي,سرمايه‌گذاري‌ ملي‌ايران‌,6065,32640096,406251371440,12860,12220,12580,-280,-2.18,12450,-410,-3.19,12220,13300,1399-10-30
56,قثابت,قند ثابت‌ خراسان‌,5858,13810447,843303648620,61220,58160,59900,-1320,-2.16,61060,-160,-0.26,58160,64280,1399-10-30
57,بجهرم,توسعه مولد نيروگاهي جهرم,5773,74845336,228588731794,3130,2974,3070,-60,-1.92,3054,-76,-2.43,2974,3199,1399-10-30
58,چكاپا,گروه صنايع كاغذ پارس,5765,82325668,503507172080,6380,6070,6070,-310,-4.86,6120,-260,-4.08,6070,6350,1399-10-30
59,كرازي,كارخانجات‌توليدي‌شيشه‌رازي‌,5715,13812699,453598175240,34000,32300,32300,-1700,-5.0,32840,-1160,-3.41,32300,35000,1399-10-30
60,غصينو,صنعتي مينو,5690,8282636,668834033830,81803,77713,82480,677,0.83,80751,-1052,-1.29,77713,85200,1399-10-30
61,تملت,تامين سرمايه بانك ملت,5653,40690268,274120746410,7070,6720,6720,-350,-4.95,6740,-330,-4.67,6720,6900,1399-10-30
62,كالا,بورس كالاي ايران,5557,13189923,536258553550,42400,40280,40280,-2120,-5.0,40660,-1740,-4.1,40280,42450,1399-10-30
63,كسرا,سراميك‌هاي‌صنعتي‌اردكان‌,5534,38506924,942962467810,25610,24330,24330,-1280,-5.0,24490,-1120,-4.37,24330,25460,1399-10-30
64,كمند,صندوق س. با درآمد ثابت كمند,5251,238005953,2399776465670,10078,10086,10084,6,0.06,10083,5,0.05,10082,10086,1399-10-30
65,ثنور,سرمايه گذاري كوه نور,4953,44027180,622657751267,14401,13969,13969,-432,-3.0,14143,-258,-1.79,13969,14780,1399-10-30
66,شسينا,صنايع‌شيميايي‌سينا,4759,2394212,387223369640,168320,159910,159910,-8410,-5.0,161730,-6590,-3.92,159910,175060,1399-10-30
67,وپاسار,بانك  پاسارگاد,4698,81538299,920521751670,11160,10610,11550,390,3.49,11290,130,1.16,10610,11590,1399-10-30
68,غسالم,سالمين‌,4656,54046525,231708613840,4460,4240,4280,-180,-4.04,4290,-170,-3.81,4240,4470,1399-10-30
69,تليسه,دامداري تليسه نمونه,4648,53627137,239975675273,4686,4452,4452,-234,-4.99,4475,-211,-4.5,4452,4600,1399-10-30
70,ساوه,سيمان ساوه,4624,3593984,175574481728,50926,48380,48800,-2126,-4.17,48852,-2074,-4.07,48380,50872,1399-10-30
71,تاپيكو,س. نفت و گاز و پتروشيمي تأمين,4576,26781174,283288724850,10660,10130,10610,-50,-0.47,10580,-80,-0.75,10130,11070,1399-10-30
72,فجام,جام‌دارو,4545,31655409,350140254920,11410,10840,10850,-560,-4.91,11060,-350,-3.07,10840,11680,1399-10-30
73,بكام,كارخانجات توليدي شهيد قندي,4500,78267351,314264388200,4190,3990,3990,-200,-4.77,4020,-170,-4.06,3990,4150,1399-10-30
74,شلرد,كود شيميايي اوره لردگان,4494,45706901,362977436240,8145,7901,8030,-115,-1.41,7941,-204,-2.5,7901,8199,1399-10-30
75,ونيرو,سرمايه‌گذاري‌نيرو,4455,85407499,250417444900,3060,2910,2940,-120,-3.92,2930,-130,-4.25,2910,3060,1399-10-30
76,دماوند,توليد نيروي برق دماوند,4364,6054180,292832732610,50442,47920,47920,-2522,-5.0,48369,-2073,-4.11,47920,50240,1399-10-30
77,زنگان,صنعت روي زنگان,4131,3299184,382638193994,121146,115089,115089,-6057,-5.0,115980,-5166,-4.26,115089,122000,1399-10-30
78,فاسمين,كالسيمين‌,4104,40484113,602478684380,15520,14750,14900,-620,-3.99,14880,-640,-4.12,14750,15590,1399-10-30
79,حفاري,حفاري شمال,4092,31738321,312380608820,9540,9100,10010,470,4.93,9840,300,3.14,9100,10010,1399-10-30
80,ورنا,سرمايه‌گذاري‌ رنا(هلدينگ‌,3992,34066894,230868242520,7300,6810,6620,-680,-9.32,6780,-520,-7.12,6510,7150,1399-10-30
81,البرز,بيمه البرز,3989,87617359,382000187800,4550,4330,4330,-220,-4.84,4360,-190,-4.18,4330,4580,1399-10-30
82,غپآذر,شير پگاه آذربايجان شرقي,3953,4994795,362450556037,69673,71000,70111,438,0.63,72566,2893,4.15,69680,73156,1399-10-30
83,بكهنوج,توليد برق ماهتاب كهنوج,3881,78490972,157810447564,2092,1988,1990,-102,-4.88,2011,-81,-3.87,1988,2090,1399-10-30
84,ونوين,بانك‌اقتصادنوين‌,3792,87872656,339927009100,3900,3710,3950,50,1.28,3870,-30,-0.77,3710,4040,1399-10-30
85,آ س پ,آ.س.پ,3713,17408030,261789609709,14840,14098,15582,742,5.0,15038,198,1.33,14098,15582,1399-10-30
86,فاراك,ماشين‌ سازي‌ اراك‌,3695,37617849,232256942830,6460,6140,6140,-320,-4.95,6170,-290,-4.49,6140,6400,1399-10-30
87,خاور,ايران خودرو ديزل,3677,59486352,490876983790,8481,8227,8227,-254,-2.99,8252,-229,-2.7,8227,8481,1399-10-30
88,شيران,س. صنايع‌شيميايي‌ايران,3651,9877822,330335568310,34510,32790,33390,-1120,-3.25,33440,-1070,-3.1,32790,35450,1399-10-30
89,قرن,پديده شيمي قرن,3640,7347020,440570835170,62540,59420,60000,-2540,-4.06,59970,-2570,-4.11,59420,61880,1399-10-30
90,غپينو,پارس‌ مينو,3576,40366598,357843284330,9290,8830,8830,-460,-4.95,8860,-430,-4.63,8830,9080,1399-10-30
91,زدشت,كشت و صنعت دشت خرم دره,3563,6588215,217042450521,34567,32839,32839,-1728,-5.0,32944,-1623,-4.7,32839,34400,1399-10-30
92,توريل,توکاريل,3552,16600814,528898917555,33482,31808,31808,-1674,-5.0,31860,-1622,-4.84,31808,32477,1399-10-30
93,زفكا,كشت و دامداري فكا,3525,17808704,221177000676,12161,11553,12769,608,5.0,12420,259,2.13,11553,12769,1399-10-30
94,غشاذر,پگاه‌آذربايجان‌غربي‌,3519,14705918,367368612960,26070,25100,24770,-1300,-4.99,24980,-1090,-4.18,24770,26500,1399-10-30
95,ستران,سيمان‌ تهران‌,3518,9645573,261747538380,27050,25700,28000,950,3.51,27140,90,0.33,25700,28400,1399-10-30
96,كحافظ,كاشي‌ وسراميك‌ حافظ‌,3462,13348546,175835159970,13700,13020,13020,-680,-4.96,13170,-530,-3.87,13020,13900,1399-10-30
97,ومعلم,بيمه معلم,3453,33463374,184851246118,5778,5490,5531,-247,-4.27,5524,-254,-4.4,5490,5760,1399-10-30
98,شسپا,نفت سپاهان,3415,18692037,448665235910,25090,23840,23900,-1190,-4.74,24000,-1090,-4.34,23840,25000,1399-10-30
99,غگيلا,شيرپاستوريزه پگاه گيلان,3381,48507,1094511948,21490,22564,22564,1074,5.0,21512,22,0.1,22564,22564,1399-10-30
100,خنصير,مهندسي‌نصيرماشين‌,3363,5036729,496529515400,103360,98200,98200,-5160,-4.99,98580,-4780,-4.62,98200,102500,1399-10-30
101,سفارس,سيمان فارس و خوزستان,3351,26838442,407028919830,14620,14210,15350,730,4.99,15170,550,3.76,14210,15350,1399-10-30
102,وكارح,ح . بانك‌ كارآفرين‌,3315,84682556,186586470690,2240,2070,2180,-60,-2.68,2200,-40,-1.79,2020,2370,1399-10-30
103,زكوثر,سرمايه گذاري كشاورزي كوثر,3299,8329014,189290930870,23810,22620,22620,-1190,-5.0,22730,-1080,-4.54,22620,23620,1399-10-30
104,تابا,تابان نيرو سپاهان,3289,6110243,280306117291,45928,44551,44551,-1377,-3.0,45875,-53,-0.12,44551,47305,1399-10-30
105,خمهر,مهركام‌پارس‌,3287,75002913,219214154390,3040,2890,2890,-150,-4.93,2920,-120,-3.95,2890,3090,1399-10-30
106,ولصنم,ليزينگ‌صنعت‌ومعدن‌,3254,21355276,272528184060,12380,12300,12990,610,4.93,12760,380,3.07,12300,12990,1399-10-30
107,سمگا,گروه سرمايه گذاري ميراث فرهنگي,3253,34445759,1092971575745,33390,31721,31721,-1669,-5.0,31730,-1660,-4.97,31721,32140,1399-10-30
108,كبافق,معادن‌ بافق‌,3241,5837694,297988972610,53450,50780,50780,-2670,-5.0,51050,-2400,-4.49,50780,53000,1399-10-30
109,سخاش,سيمان‌خاش‌,3226,1314045,167697330200,125880,124000,132170,6290,5.0,127620,1740,1.38,119600,132170,1399-10-30
110,ولساپا,ليزينگ رايان‌ سايپا,3219,43314533,156742995670,3490,3400,3660,170,4.87,3620,130,3.72,3400,3660,1399-10-30
111,فزرين,زرين معدن آسيا,3216,16993371,387717095489,23969,22771,22771,-1198,-5.0,22816,-1153,-4.81,22771,23230,1399-10-30
112,دتوزيع,توزيع دارو پخش,3156,5799988,291462352723,49201,46750,51661,2460,5.0,50252,1051,2.14,46750,51661,1399-10-30
113,ولملت,واسپاري ملت,3132,18672904,180916093570,9490,9350,9960,470,4.95,9690,200,2.11,9020,9960,1399-10-30
114,كروي,توسعه‌ معادن‌ روي‌ ايران‌,3130,11706791,407685823530,36500,34680,34680,-1820,-4.99,34820,-1680,-4.6,34680,38320,1399-10-30
115,پلاسك,پلاسكوكار,3119,26726829,257128978220,9470,9000,9940,470,4.96,9620,150,1.58,9000,9940,1399-10-30
116,كشرق,صنعتي و معدني شمال شرق شاهرود,3112,3407854,363496478113,110548,105021,111290,742,0.67,106664,-3884,-3.51,105021,113365,1399-10-30
117,تاپكيش,تجارت الكترونيك پارسيان كيش,3107,10302323,235733136365,21996,21020,23095,1099,5.0,22882,886,4.03,21020,23095,1399-10-30
118,دزهراوي,داروسازي‌زهراوي‌,3089,14655169,141181585430,10070,9570,9570,-500,-4.97,9630,-440,-4.37,9570,9980,1399-10-30
119,فنورد,نوردوقطعات‌ فولادي‌,3055,1496198,405211064080,283550,269380,269380,-14170,-5.0,270830,-12720,-4.49,269380,283400,1399-10-30
120,اخابر,مخابرات ايران,3050,20686502,218576884280,10710,10180,10700,-10,-0.09,10570,-140,-1.31,10180,11200,1399-10-30
121,دزهراويح,ح . ‌داروسازي‌زهراوي‌,3018,7371891,53511537702,11500,7300,7310,-4190,-36.43,7259,-4241,-36.88,6900,7800,1399-10-30
122,سصوفي,سيمان‌ صوفيان‌,3004,16259274,237958113650,15310,14550,14560,-750,-4.9,14640,-670,-4.38,14550,15200,1399-10-30
123,كسعديح,ح . كاشي‌ سعدي‌,3000,9860474,157720146570,15560,15010,16140,580,3.73,16000,440,2.83,14420,16900,1399-10-30
124,آگاس,صندوق س.هستي بخش آگاه-س,2999,3951990,247170634964,57768,56600,65000,7232,12.52,62543,4775,8.27,55505,65197,1399-10-30
125,سمازن,سيمان‌مازندران‌,2985,24224692,235389025400,10170,9670,9670,-500,-4.92,9720,-450,-4.42,9670,10000,1399-10-30
126,كتوكا,توليدي و خدمات صنايع نسوز توكا,2952,8089709,242853790735,29471,27998,30930,1459,4.95,30020,549,1.86,27998,30944,1399-10-30
127,لپارس,پارس‌ الكتريك‌,2947,2125966,222199316430,109640,104160,104160,-5480,-5.0,104520,-5120,-4.67,104160,107000,1399-10-30
128,غنوش,نوش‌ مازندران‌,2931,6821915,469052837340,72190,68590,68590,-3600,-4.99,68760,-3430,-4.75,68590,70030,1399-10-30
129,نوين,بيمه نوين,2923,30963894,192231971092,6297,5983,6371,74,1.18,6208,-89,-1.41,5983,6563,1399-10-30
130,فخوز,فولاد  خوزستان,2920,27480803,346585058530,12090,11510,12690,600,4.96,12610,520,4.3,11510,12690,1399-10-30
131,تبرك,گروه كارخانجات صنعتي تبرك,2870,9418904,158015345323,17487,16613,16613,-874,-5.0,16776,-711,-4.07,16613,17375,1399-10-30
132,كماسه,تامين‌ ماسه‌ ريخته‌گري‌,2854,4546563,243112164620,56080,53280,53280,-2800,-4.99,53470,-2610,-4.65,53280,55290,1399-10-30
133,ودي,بيمه  دي,2851,18743980,447536260516,25081,23827,23827,-1254,-5.0,23876,-1205,-4.8,23827,24490,1399-10-30
134,كسعدي,كاشي‌ سعدي‌,2818,10203772,207114810250,20970,19930,19930,-1040,-4.96,20300,-670,-3.2,19930,21500,1399-10-30
135,غمينو,شركت صنايع غذايي مينو شرق,2748,12937141,217735767487,16768,15930,16850,82,0.49,16830,62,0.37,15930,17500,1399-10-30
136,حتايد,تايدواترخاورميانه,2729,15983686,422058762380,27510,26140,26650,-860,-3.13,26410,-1100,-4.0,26140,27380,1399-10-30
137,وايران,ليزينگ ايرانيان,2673,21693768,322929992700,15610,14830,14830,-780,-5.0,14890,-720,-4.61,14830,15380,1399-10-30
138,ساروم,سيمان‌اروميه‌,2662,7023275,192300963880,26490,27810,26990,500,1.89,27380,890,3.36,26490,27810,1399-10-30
139,زاگرس,پتروشيمي زاگرس,2642,4267587,771811727445,172511,171000,181136,8625,5.0,180854,8343,4.84,171000,181136,1399-10-30
140,وهور,مديريت انرژي اميد  تابان هور,2616,7522671,269897152665,35599,33820,37000,1401,3.94,35878,279,0.78,33820,37378,1399-10-30
141,ماديرا,صنايع ماشين هاي اداري ايران,2578,13029740,143049507112,11483,10909,10909,-574,-5.0,10979,-504,-4.39,10909,11380,1399-10-30
142,ملت,بيمه ملت,2568,19537296,319618515820,17180,16330,16330,-850,-4.95,16360,-820,-4.77,16330,16780,1399-10-30
143,غشهداب,كشت و صنعت شهداب ناب خراسان,2561,32702005,133272414013,4280,4066,4066,-214,-5.0,4075,-205,-4.79,4066,4200,1399-10-30
144,مدير,ص.س.مديريت ثروت ص.بازنشستگي-س,2547,24474499,211974751140,8043,7530,8847,804,10.0,8661,618,7.68,7530,8847,1399-10-30
145,قصفها,قنداصفهان‌,2525,1121941,171364422950,158840,150900,151990,-6850,-4.31,152740,-6100,-3.84,150900,161000,1399-10-30
146,فاذر,صنايع‌ آذرآب‌,2510,8675241,217247181050,26210,24900,24900,-1310,-5.0,25040,-1170,-4.46,24900,26000,1399-10-30
147,ومعادن,توسعه‌معادن‌وفلزات‌,2510,19228840,193224733490,9880,9400,10370,490,4.96,10050,170,1.72,9400,10370,1399-10-30
148,ثتوسا,س.توسعه و عمران استان اردبيل,2498,3420457,146976824788,44767,42529,42529,-2238,-5.0,42970,-1797,-4.01,42529,46000,1399-10-30
149,كلوند,كاشي‌ الوند,2493,9214040,328519667510,37390,35530,35530,-1860,-4.97,35650,-1740,-4.65,35530,36990,1399-10-30
150,سيمرغ,سيمرغ,2487,8646428,143796388170,17430,16560,16560,-870,-4.99,16630,-800,-4.59,16560,17300,1399-10-30
151,خاذين,سايپاآذين‌,2487,35054057,168615987780,5030,4780,4800,-230,-4.57,4810,-220,-4.37,4780,5020,1399-10-30
152,افق,فروشگاههاي زنجيره اي افق كوروش,2459,2445953,180868209060,76470,72650,74530,-1940,-2.54,73950,-2520,-3.3,72650,76530,1399-10-30
153,شكلر,نيروكلر,2453,5514669,338569694530,61850,58760,63000,1150,1.86,61390,-460,-0.74,58760,64400,1399-10-30
154,خودكفا,اقتصادي و خودكفايي آزادگان,2442,13110207,451961276118,35540,34474,34474,-1066,-3.0,34474,-1066,-3.0,34474,34474,1399-10-30
155,كوير,توليدي فولاد سپيد فراب كوير,2423,11521999,260825575290,23710,22530,22530,-1180,-4.98,22640,-1070,-4.51,22530,23500,1399-10-30
156,شفارا,پتروشيمي فارابي,2408,35675146,197253351789,5539,5373,5464,-75,-1.35,5529,-10,-0.18,5373,5705,1399-10-30
157,وملل,اعتباري ملل,2394,21881980,348138901912,15776,14988,16350,574,3.64,15910,134,0.85,14988,16559,1399-10-30
158,ومشان,س. فني و مهندسي مشانير,2353,2002358,163200715004,80839,78414,81450,611,0.76,81504,665,0.82,78414,83264,1399-10-30
159,ثنوسا,نوسازي‌وساختمان‌تهران‌,2352,16253677,247850225320,16940,15750,14970,-1970,-11.63,15250,-1690,-9.98,14970,15990,1399-10-30
160,سفار,سيمان‌فارس‌,2340,1882806,293840212710,163830,155640,155640,-8190,-5.0,156070,-7760,-4.74,155640,160640,1399-10-30
161,والبر,سرمايه‌ گذاري‌ البرز(هلدينگ‌,2335,9461367,139996742970,14760,14390,14770,10,0.07,14800,40,0.27,14100,15200,1399-10-30
162,فروس,فروسيليس‌ ايران‌,2326,24322444,117256365340,4960,4720,4760,-200,-4.03,4820,-140,-2.82,4720,5140,1399-10-30
163,وصنعت,سرمايه گذاري توسعه صنعت وتجارت,2321,21964652,136975114520,6040,5780,6340,300,4.97,6240,200,3.31,5760,6340,1399-10-30
164,تكنو,تكنوتار,2310,7919300,160893210550,20760,19730,20400,-360,-1.73,20320,-440,-2.12,19730,21640,1399-10-30
165,سيستم,همكاران سيستم,2302,5206650,194621043710,39000,37050,37050,-1950,-5.0,37380,-1620,-4.15,37050,39000,1399-10-30
166,بپاس,بيمه پاسارگاد,2301,2646462,255019180845,93958,93958,97500,3542,3.77,96362,2404,2.56,93958,98655,1399-10-30
167,وبوعلي,سرمايه‌گذاري‌بوعلي‌,2292,23926784,123977392310,5390,5130,5200,-190,-3.53,5180,-210,-3.9,5130,5360,1399-10-30
168,كپارس,كاشي‌ پارس‌,2291,1525841,261110337210,179960,170970,170970,-8990,-5.0,171130,-8830,-4.91,170970,175000,1399-10-30
169,پدرخش,درخشان‌ تهران‌,2288,1289994,194745077990,152390,144780,152800,410,0.27,150970,-1420,-0.93,144780,159000,1399-10-30
170,وثوق,سرمايه گذاري وثوق امين,2280,11746383,254670862737,21593,22240,22240,647,3.0,21681,88,0.41,20946,22240,1399-10-30
171,چدن,توليدي چدن سازان,2277,8791733,263306490500,31460,29890,29890,-1570,-4.99,29950,-1510,-4.8,29890,30670,1399-10-30
172,رنيك,جنرال مكانيك,2258,6458769,131852820415,21158,20101,20280,-878,-4.15,20415,-743,-3.51,20101,21030,1399-10-30
173,وسينا,بانك سينا,2257,31786506,109582259980,3590,3420,3420,-170,-4.74,3450,-140,-3.9,3420,3580,1399-10-30
174,رانفور,خدمات‌انفورماتيك‌,2257,5947617,156596889330,25830,24660,27120,1290,4.99,26330,500,1.94,24660,27120,1399-10-30
175,كفپارس,فرآورده‌هاي‌ نسوز پارس‌,2236,26997255,133917735640,5210,4950,4950,-260,-4.99,4960,-250,-4.8,4950,5100,1399-10-30
176,سرو,صندوق س سروسودمند مدبران-سهام,2222,3761424,224734834610,56440,53540,62080,5640,9.99,59750,3310,5.86,53540,62080,1399-10-30
177,ومهان,گروه توسعه مالي مهر آيندگان,2219,13263139,163607076509,11828,11355,12419,591,5.0,12335,507,4.29,11350,12419,1399-10-30
178,فرآور,فرآوري‌موادمعدني‌ايران‌,2216,7105510,222305702510,32800,31160,31160,-1640,-5.0,31290,-1510,-4.6,31160,32310,1399-10-30
179,شغدير,پتروشيمي غدير,2192,6287042,331410340563,52219,49609,54600,2381,4.56,52713,494,0.95,49609,54829,1399-10-30
180,شنفت,نفت‌ پارس‌,2190,3407122,210883107750,64000,60800,62000,-2000,-3.13,61890,-2110,-3.3,60800,65980,1399-10-30
181,امين يكم,صندوق درآمد ثابت امين يكم فردا,2188,75162956,770161779684,10241,10259,10255,14,0.14,10247,6,0.06,10235,10259,1399-10-30
182,كمرجان,بازرگاني و توليدي مرجان كار,2181,2063778,218800357748,110618,105088,105088,-5530,-5.0,106019,-4599,-4.16,105088,109200,1399-10-30
183,خشرق,الكتريك‌ خودرو شرق‌,2167,11727803,279976585890,24930,23690,23690,-1240,-4.97,23870,-1060,-4.25,23690,24880,1399-10-30
184,شپارس,بين‌ المللي‌ محصولات‌  پارس‌,2166,10783013,221207321150,20870,19830,21200,330,1.58,20510,-360,-1.72,19830,21910,1399-10-30
185,خكاوه,سايپا ديزل,2154,39422617,221306264866,5766,5594,5594,-172,-2.98,5614,-152,-2.64,5594,5766,1399-10-30
186,خكمك,كمك‌فنرايندامين‌,2138,5749782,219517395360,40140,38140,38140,-2000,-4.98,38180,-1960,-4.88,38140,38810,1399-10-30
187,واميد,گروه مديريت سرمايه گذاري اميد,2130,40745976,1638335674090,39610,37630,40150,540,1.36,40210,600,1.51,37630,41530,1399-10-30
188,فمراد,آلومراد,2106,1054010,216589836000,214970,204230,204230,-10740,-5.0,205490,-9480,-4.41,204230,220000,1399-10-30
189,كيميا,معدني كيمياي زنجان گستران,2105,4480800,172648131661,39844,37852,38000,-1844,-4.63,38531,-1313,-3.3,37852,41000,1399-10-30
190,ارزش,صندوق س ارزش آفرين بيدار-سهام,2073,18825819,163783641460,8060,7980,8860,800,9.93,8700,640,7.94,7860,8860,1399-10-30
191,اتكاي,بيمه اتكايي ايرانيان,2071,18476944,277096729996,15306,14541,15350,44,0.29,14997,-309,-2.02,14541,15650,1399-10-30
192,دتوليد,داروسازي توليد دارو,2051,6349804,200381689970,32996,31347,31347,-1649,-5.0,31557,-1439,-4.36,31347,32700,1399-10-30
193,غالبر,لبنيات‌ كالبر,2040,8231771,119331335850,14330,13620,14600,270,1.88,14500,170,1.19,13620,15040,1399-10-30
194,كگل,معدني و صنعتي گل گهر,2034,14451704,225464818450,15140,14390,15890,750,4.95,15600,460,3.04,14390,15890,1399-10-30
195,كاردان,صندوق س تجارت شاخصي كاردان,2034,2829207,386466568180,126370,131000,139000,12630,9.99,136600,10230,8.1,127370,139000,1399-10-30
196,سامان,بانك سامان,2031,42898107,461994290601,11090,10758,10758,-332,-2.99,10770,-320,-2.89,10758,11040,1399-10-30
197,خرينگ,رينگ‌سازي‌مشهد,2025,3532293,215646427970,64090,60890,60890,-3200,-4.99,61050,-3040,-4.74,60890,62360,1399-10-30
198,سدبير,س. تدبيرگران فارس وخوزستان,2019,4342895,280966347512,66088,62784,64820,-1268,-1.92,64696,-1392,-2.11,62784,69100,1399-10-30
199,زفكاح,ح . كشت و دامداري فكا,2014,15272968,149176193340,10210,9700,9700,-510,-5.0,9767,-443,-4.34,9700,10205,1399-10-30
200,لسرما,سرما آفرين‌,2006,9401452,258550780770,26240,27550,27550,1310,4.99,27500,1260,4.8,26550,27550,1399-10-30
201,شبريز,پالايش نفت تبريز,2004,7112345,163170398920,21980,21720,23070,1090,4.96,22940,960,4.37,21720,23070,1399-10-30
202,كوثر,بيمه كوثر,1994,20054610,421557816481,22101,20996,20996,-1105,-5.0,21020,-1081,-4.89,20996,21520,1399-10-30
203,شپديس,پتروشيمي پرديس,1978,3154103,271398474320,82400,85970,86520,4120,5.0,86050,3650,4.43,82350,86520,1399-10-30
204,ميدكو,هلدينگ صنايع  معدني خاورميانه,1974,31094917,943702318668,30008,28508,31095,1087,3.62,30349,341,1.14,28508,31100,1399-10-30
205,آينده,بازرگاني آينده سازان بهشت پارس,1958,8872527,187049607731,20875,21490,21501,626,3.0,21082,207,0.99,20249,21501,1399-10-30
206,وتوكا,سرمايه‌گذاري‌توكافولاد(هلدينگ,1922,23013495,271197439770,12310,11700,11730,-580,-4.71,11780,-530,-4.31,11700,12370,1399-10-30
207,پلاست,كارخانجات توليدي پلاستيران,1918,3889903,229495780312,60441,58628,59500,-941,-1.56,58998,-1443,-2.39,58628,61300,1399-10-30
208,سپ,پرداخت الكترونيك سامان كيش,1908,5380450,103134033660,18390,19300,19300,910,4.95,19170,780,4.24,18470,19300,1399-10-30
209,غبهنوش,بهنوش‌ ايران‌,1896,2186856,192152803130,92330,87720,87720,-4610,-4.99,87870,-4460,-4.83,87720,89540,1399-10-30
210,لپيام,گسترش صنايع پيام,1894,3355722,159347164557,46392,47770,47783,1391,3.0,47485,1093,2.36,45020,47783,1399-10-30
211,ونفت,سرمايه‌گذاري‌ صنعت‌ نفت‌,1886,11742324,197917765220,17040,16190,17100,60,0.35,16860,-180,-1.06,16190,17800,1399-10-30
212,سرچشمه,سرمايه گذاري مس سرچشمه,1886,22664110,165945797234,7642,7260,7300,-342,-4.48,7322,-320,-4.19,7260,7800,1399-10-30
213,فباهنر,مس‌ شهيدباهنر,1883,3288398,158018065670,49200,46740,49050,-150,-0.3,48050,-1150,-2.34,46740,50390,1399-10-30
214,كمنگنز,معادن‌منگنزايران‌,1874,1783053,192029451250,112880,107240,107240,-5640,-5.0,107700,-5180,-4.59,107240,111300,1399-10-30
215,دفارا,داروسازي‌ فارابي‌,1870,2666717,155240271560,61180,58130,58130,-3050,-4.99,58210,-2970,-4.85,58130,59900,1399-10-30
216,تپمپي,پمپ‌ سازي‌ ايران‌,1868,5901771,148523506340,26410,25090,25090,-1320,-5.0,25170,-1240,-4.7,25090,25740,1399-10-30
217,وكار,بانك‌ كارآفرين‌,1860,51302575,160729299730,3280,3120,3120,-160,-4.88,3130,-150,-4.57,3120,3240,1399-10-30
218,فنوال,نورد آلومينيوم‌,1852,6046200,140557708160,24180,22980,23320,-860,-3.56,23250,-930,-3.85,22980,24260,1399-10-30
219,فن آوا,گروه فن آوا,1837,20757923,333150688188,16110,16593,15950,-160,-0.99,16049,-61,-0.38,15627,16593,1399-10-30
220,خريخت,صنايع‌ريخته‌گري‌ايران‌,1797,35469044,156558095010,4620,4390,4390,-230,-4.98,4410,-210,-4.55,4390,4570,1399-10-30
221,سيلام,سيمان‌ ايلام‌,1796,14444861,118205737130,8550,8130,8130,-420,-4.91,8180,-370,-4.33,8130,8500,1399-10-30
222,شجم,صنايع پتروشيمي تخت جمشيد,1790,23058901,288891295725,12873,12487,12706,-167,-1.3,12528,-345,-2.68,12487,12859,1399-10-30
223,خاهن,آهنگري‌ تراكتورسازي‌ ايران‌,1785,3768671,145124645960,38170,38020,38320,150,0.39,38510,340,0.89,38000,39500,1399-10-30
224,ريشمك,توليد و صادرات ريشمك,1780,2947447,149661707548,51736,49150,52390,654,1.26,50777,-959,-1.85,49150,54153,1399-10-30
225,غشصفا,شيرپاستوريزه‌پگاه‌اصفهان‌,1760,4021336,138925099660,34450,32730,34500,50,0.15,34550,100,0.29,32730,35800,1399-10-30
226,كچاد,معدني‌وصنعتي‌چادرملو,1759,9041838,162860291430,17500,16700,18370,870,4.97,18010,510,2.91,16700,18370,1399-10-30
227,آوا,صندوق س.سهام آواي معيار-س,1749,11472073,75214388790,5851,5700,6820,969,16.56,6556,705,12.05,5550,6900,1399-10-30
228,سپاها,سيمان‌سپاهان‌,1747,8964526,74362918280,7970,8010,8360,390,4.89,8300,330,4.14,8010,8360,1399-10-30
229,غگلپا,شير پاستوريزه پگاه گلپايگان,1734,2081197,139744327436,67536,64160,68390,854,1.26,67146,-390,-0.58,64160,70902,1399-10-30
230,فسازان,غلتك سازان سپاهان,1732,11519627,361052728950,32780,31150,31150,-1630,-4.97,31340,-1440,-4.39,31150,32700,1399-10-30
231,تاصيكو,سرمايه گذاري صدرتامين,1731,15375558,139566888220,8830,8390,9270,440,4.98,9080,250,2.83,8390,9270,1399-10-30
232,غديس,پاكديس,1726,8589019,93633569131,11031,10480,11250,219,1.99,10902,-129,-1.17,10480,11540,1399-10-30
233,سغرب,سيمان‌غرب‌,1714,4062159,110153781710,27830,26460,26900,-930,-3.34,27120,-710,-2.55,26440,28300,1399-10-30
234,كهمدا,شيشه‌ همدان‌,1696,9215213,113037763540,12880,12240,12240,-640,-4.97,12270,-610,-4.74,12240,12520,1399-10-30
235,افرا,افرانت,1690,3353158,155902132062,48120,45714,45714,-2406,-5.0,46494,-1626,-3.38,45714,50526,1399-10-30
236,هرمز,فولاد هرمزگان جنوب,1672,15601642,192079914837,11929,11333,12520,591,4.95,12312,383,3.21,11333,12525,1399-10-30
237,حسينا,توسعه خدمات دريايي وبندري سينا,1664,2719519,190658358781,67426,66526,70797,3371,5.0,70107,2681,3.98,66526,70797,1399-10-30
238,ددام,داروسازي زاگرس فارمد پارس,1657,8385014,166661910130,19430,18500,20400,970,4.99,19880,450,2.32,18500,20400,1399-10-30
239,بورس,بورس اوراق بهادار تهران,1650,3177420,145456907170,46850,44510,46200,-650,-1.39,45780,-1070,-2.28,44510,48840,1399-10-30
240,بسويچ,پارس‌سويچ‌,1647,2716965,157983222250,57720,54840,60600,2880,4.99,58150,430,0.74,54840,60600,1399-10-30
241,وبانك,سرمايه گذاري گروه توسعه ملي,1645,8554999,63462295850,7250,6960,7610,360,4.97,7380,130,1.79,6940,7610,1399-10-30
242,ثامان,سامان‌ گستراصفهان‌,1644,4744879,100500607380,21060,20020,20920,-140,-0.66,21180,120,0.57,20010,22110,1399-10-30
243,خموتور,موتورسازان‌تراكتورسازي‌ايران‌,1629,7177813,195882516770,28720,27290,27290,-1430,-4.98,27290,-1430,-4.98,27290,27290,1399-10-30
244,سشرق,سيمان‌ شرق‌,1617,21932862,138328279040,6010,6290,6310,300,4.99,6310,300,4.99,6210,6310,1399-10-30
245,خوساز,محورسازان‌ايران‌خودرو,1611,14502229,123685460200,8920,8480,8480,-440,-4.93,8530,-390,-4.37,8480,8900,1399-10-30
246,حاريا,كشتيراني آريا,1598,4642279,165680241113,36255,35168,37000,745,2.05,35689,-566,-1.56,35168,37000,1399-10-30
247,رتكو,كنترل‌خوردگي‌تكين‌كو,1590,7557015,140749127140,18150,17700,19050,900,4.96,18620,470,2.59,17250,19050,1399-10-30
248,اعتماد,صندوق س.اعتماد آفرين پارسيان-د,1571,37169830,1279333541190,34400,34415,34425,25,0.07,34419,19,0.06,34414,34425,1399-10-30
249,فولاژ,فولاد آلياژي ايران,1561,13245334,218330097600,17260,16400,16400,-860,-4.98,16480,-780,-4.52,16400,17250,1399-10-30
250,ختور,رادياتور ايران‌,1555,3044728,101066769290,34880,33140,33140,-1740,-4.99,33190,-1690,-4.85,33140,33970,1399-10-30
251,وليز,ليزينگ‌ايران‌,1552,14499080,104676725710,7580,7210,7210,-370,-4.88,7220,-360,-4.75,7210,7430,1399-10-30
252,ولشرق,ليزينگ ايران و شرق,1547,11062022,95245517564,9042,8590,8590,-452,-5.0,8610,-432,-4.78,8590,8786,1399-10-30
253,دشيمي,شيمي‌ داروئي‌ داروپخش‌,1538,3312188,181023577710,57500,54630,54630,-2870,-4.99,54650,-2850,-4.96,54630,55950,1399-10-30
254,دامين,داروسازي‌ امين‌,1534,7089038,116411393630,16120,15320,16890,770,4.78,16420,300,1.86,15320,16920,1399-10-30
255,دتوزيعح,ح . توزيع دارو پخش,1525,2874782,100425151073,34238,32527,35948,1710,4.99,34933,695,2.03,32527,35949,1399-10-30
256,شصدف,صنعتي دوده فام,1499,32804,926319352,26894,28238,28238,1344,5.0,26917,23,0.09,28238,28238,1399-10-30
257,وبشهر,توسعه‌ صنايع‌ بهشهر(هلدينگ,1465,15468608,210438447010,14210,13500,13510,-700,-4.93,13600,-610,-4.29,13500,14430,1399-10-30
258,پاكشو,گروه صنعتي پاكشو,1462,2081966,161918167490,81070,77020,77020,-4050,-5.0,77770,-3300,-4.07,77020,81490,1399-10-30
259,كترام,توليدي‌ كاشي‌ تكسرام‌,1459,3679078,177063248710,50540,48020,48020,-2520,-4.99,48130,-2410,-4.77,48020,49300,1399-10-30
260,وسين,بيمه سينا,1451,10412228,184834800985,18651,17719,17719,-932,-5.0,17752,-899,-4.82,17719,18089,1399-10-30
261,بالاس,مهندسي ساختمان تاسيسات راه آهن,1440,2097584,131203969285,59813,61690,62803,2990,5.0,62550,2737,4.58,60466,62803,1399-10-30
262,آرمان,بيمه آرمان,1416,13676860,127612435992,9114,8842,9387,273,3.0,9331,217,2.38,8842,9387,1399-10-30
263,زقيام,كشت و دام قيام اصفهان,1416,2611579,75297250379,28887,28200,28200,-687,-2.38,28832,-55,-0.19,27600,30000,1399-10-30
264,تماوند,تامين سرمايه دماوند,1407,28861766,486020397491,17587,16708,16708,-879,-5.0,16840,-747,-4.25,16708,17900,1399-10-30
265,لبوتان,گروه‌صنعتي‌بوتان‌,1400,2514588,206382288960,83470,79300,79340,-4130,-4.95,82070,-1400,-1.68,79300,87000,1399-10-30
266,وخاور,بانك خاورميانه,1387,16028770,165348921270,10350,9840,10600,250,2.42,10320,-30,-0.29,9840,10750,1399-10-30
267,ارفع,شركت آهن و فولاد ارفع,1385,7376348,88082499220,11597,11055,12176,579,4.99,11941,344,2.97,11055,12176,1399-10-30
268,غمارگ,مارگارين‌,1381,4112601,132404780060,33840,32150,32150,-1690,-4.99,32190,-1650,-4.88,32150,32900,1399-10-30
269,كاوه,فولاد كاوه جنوب كيش,1380,10628453,179455195270,16150,15550,16950,800,4.95,16880,730,4.52,15550,16950,1399-10-30
270,سشمال,سيمان‌ شمال‌,1368,6148557,61471058340,10110,9610,9870,-240,-2.37,10000,-110,-1.09,9610,10400,1399-10-30
271,ثمسكن,سرمايه‌گذاري‌ مسكن‌,1368,13361727,69812286270,5430,5160,5250,-180,-3.31,5220,-210,-3.87,5160,5450,1399-10-30
272,خفنر,فنرسازي‌خاور,1364,5063069,121663145510,25150,23900,23900,-1250,-4.97,24030,-1120,-4.45,23900,24800,1399-10-30
273,زبينا,كشاورزي و دامپروري بينالود,1359,2734061,116881631328,44923,42677,42677,-2246,-5.0,42750,-2173,-4.84,42677,44080,1399-10-30
274,قچار,فراوردههاي غذايي وقند چهارمحال,1355,3016349,193518622849,66486,63162,65800,-686,-1.03,64157,-2329,-3.5,63162,67149,1399-10-30
275,فسرب,ملي‌ سرب‌وروي‌ ايران‌,1350,1196241,123195860630,108280,102870,102870,-5410,-5.0,102990,-5290,-4.89,102870,106000,1399-10-30
276,طلا,صندوق س.پشتوانه طلاي لوتوس,1347,1071105,78262874615,67850,71300,73820,5970,8.8,73067,5217,7.69,71300,74500,1399-10-30
277,كگهر,سنگ آهن گهرزمين,1341,3896198,165926773201,41411,39350,43000,1589,3.84,42587,1176,2.84,39350,43481,1399-10-30
278,اميد,تامين سرمايه اميد,1341,7806166,66637932080,8760,8330,8580,-180,-2.05,8540,-220,-2.51,8330,8980,1399-10-30
279,ساربيل,سيمان آرتا اردبيل,1336,2276927,105719594800,48760,46330,46330,-2430,-4.98,46430,-2330,-4.78,46330,48280,1399-10-30
280,رمپنا,گروه مپنا (سهامي عام),1312,6615412,99965818520,15010,14270,15200,190,1.27,15100,90,0.6,14270,15590,1399-10-30
281,سكرد,سيمان كردستان,1306,10893618,92143455590,8060,8450,8460,400,4.96,8460,400,4.96,8220,8460,1399-10-30
282,غپاك,لبنيات‌ پاك‌,1304,9206109,117065858390,12470,11850,13090,620,4.97,12720,250,2.0,11850,13090,1399-10-30
283,رتاپ,تجارت الكترونيك  پارسيان,1297,5564489,35763730240,6640,6310,6530,-110,-1.66,6480,-160,-2.41,6310,6710,1399-10-30
284,همراه,شركت ارتباطات سيار ايران,1295,3654905,95460699470,25840,24550,25980,140,0.54,26120,280,1.08,24550,27130,1399-10-30
285,ولغدر,ليزينگ‌خودروغدير,1293,6247655,171350753340,28830,27390,27390,-1440,-4.99,27430,-1400,-4.86,27390,27940,1399-10-30
286,سخزر,سيمان‌ خزر,1284,3440011,121564406760,37160,35310,35310,-1850,-4.98,35340,-1820,-4.9,35310,35850,1399-10-30
287,فروي,ذوب روي اصفهان,1278,1275310,80970707210,60468,63491,63491,3023,5.0,63491,3023,5.0,63491,63491,1399-10-30
288,گوهران,سرمايه گذاري توسعه گوهران اميد,1261,8974976,66004674561,7328,6962,7589,261,3.56,7354,26,0.35,6962,7694,1399-10-30
289,فايرا,آلومينيوم‌ايران‌,1246,12773238,257018280730,19710,18740,20600,890,4.52,20120,410,2.08,18740,20690,1399-10-30
290,فسپا,گروه‌صنعتي‌سپاهان‌,1238,3762722,146201697570,38790,36980,39990,1200,3.09,38860,70,0.18,36980,40580,1399-10-30
291,پاسا,ايران‌ياساتايرورابر,1237,5964791,147001983250,25830,24540,24540,-1290,-4.99,24640,-1190,-4.61,24540,25540,1399-10-30
292,كساوه,صنايع‌ كاشي‌ و سراميك‌ سينا,1231,3076649,230578858150,78710,74780,74780,-3930,-4.99,74940,-3770,-4.79,74780,76480,1399-10-30
293,خپويش,سازه‌ پويش‌,1224,1364398,67748250170,48500,46300,50920,2420,4.99,49650,1150,2.37,46300,50920,1399-10-30
294,شبهرن,نفت‌ بهران‌,1224,1970072,105250512070,52780,50150,55100,2320,4.4,53420,640,1.21,50150,55410,1399-10-30
295,كگاز,شيشه‌ و گاز,1210,3446035,64752200420,19760,18780,18780,-980,-4.96,18790,-970,-4.91,18780,19050,1399-10-30
296,زشريف,كشت وصنعت شريف آباد,1209,4090137,102132921529,26150,24843,24843,-1307,-5.0,24971,-1179,-4.51,24843,25649,1399-10-30
297,بزاگرس,نيروگاه زاگرس كوثر,1203,9300142,76402156555,8634,8203,8203,-431,-4.99,8215,-419,-4.85,8203,8361,1399-10-30
298,شاوان,پالايش نفت لاوان,1191,1490966,118560400498,80795,76756,81000,205,0.25,79519,-1276,-1.58,76756,83990,1399-10-30
299,بشهاب,لامپ‌  پارس‌ شهاب‌,1190,1301853,123051774520,98020,93120,96490,-1530,-1.56,94520,-3500,-3.57,93120,98000,1399-10-30
300,بايكا,كارخانجات كابلسازي ‌ايران‌,1188,1903525,109118134093,58875,57109,57109,-1766,-3.0,57324,-1551,-2.63,57109,58400,1399-10-30
301,شوينده,مديريت صنعت شوينده ت.ص.بهشهر,1188,2296157,78706728070,35500,33730,34200,-1300,-3.66,34280,-1220,-3.44,33730,36300,1399-10-30
302,حپارسا,توسعه حمل و نقل ريلي پارسيان,1187,2652125,97752061478,38759,36822,36822,-1937,-5.0,36858,-1901,-4.9,36822,38000,1399-10-30
303,غچين,كشت‌ و صنعت‌ چين‌ چين,1187,1980183,143996763600,76270,72460,72460,-3810,-5.0,72720,-3550,-4.65,72460,74600,1399-10-30
304,داوه,داروسازي آوه سينا,1186,15092645,356832998660,22529,23000,23655,1126,5.0,23643,1114,4.94,23000,23655,1399-10-30
305,اعتلا,شركت سرمايه گذاري اعتلاء البرز,1182,7348996,70285846978,9641,9159,9740,99,1.03,9564,-77,-0.8,9159,10100,1399-10-30
306,فلامي,لاميران‌,1181,1812901,85824709140,49510,47040,47040,-2470,-4.99,47340,-2170,-4.38,47040,49000,1399-10-30
307,وشهر,بانك شهر,1180,21569990,139071394107,6468,6700,6390,-78,-1.21,6447,-21,-0.32,6220,6700,1399-10-30
308,تپولا,مهندسي مرآت پولاد,1171,4074303,164646054035,40358,39148,41568,1210,3.0,40411,53,0.13,39148,41568,1399-10-30
309,كرماشا,صنايع پتروشيمي كرمانشاه,1170,3792858,136138824430,34210,35920,35920,1710,5.0,35890,1680,4.91,35000,35920,1399-10-30
310,وصنا,گروه‌صنايع‌بهشهرايران‌,1165,7105272,50085356350,7370,7010,7010,-360,-4.88,7050,-320,-4.34,7010,7370,1399-10-30
311,غشهد,شهد ايران ‌,1160,10751483,76633055920,7470,7100,7100,-370,-4.95,7130,-340,-4.55,7100,7340,1399-10-30
312,وپترو,سرمايه‌گذاري صنايع پتروشيمي‌,1159,9557063,153491890710,16830,15990,15990,-840,-4.99,16060,-770,-4.58,15990,16680,1399-10-30
313,كطبس,ذغال‌سنگ‌ نگين‌ ط‌بس‌,1155,1837637,119267507180,64180,60980,64750,570,0.89,64900,720,1.12,60980,66740,1399-10-30
314,ما,بيمه  ما,1150,14131086,114204977480,8160,7760,8190,30,0.37,8080,-80,-0.98,7760,8560,1399-10-30
315,تنوين,تامين سرمايه نوين,1149,12917359,68002225810,5080,4930,5310,230,4.53,5260,180,3.54,4930,5330,1399-10-30
316,تكمبا,كمباين‌ سازي‌ ايران‌,1141,13423185,149399446220,11690,11110,11110,-580,-4.96,11130,-560,-4.79,11110,11510,1399-10-30
317,پرديس,سرمايه گذاري پرديس,1139,10358639,62340981860,6170,5870,6150,-20,-0.32,6020,-150,-2.43,5870,6280,1399-10-30
318,سيدكو,سرمايه گذاري توسعه صنايع سيمان,1137,12717962,74326258330,6080,5780,5850,-230,-3.78,5840,-240,-3.95,5780,6250,1399-10-30
319,تكنار,مجتمع معادن مس تكنار,1133,774311,120086279125,157839,153104,153104,-4735,-3.0,155088,-2751,-1.74,153104,162570,1399-10-30
320,غشان,شيرپاستوريزه‌پگاه‌خراسان‌,1131,9676926,72360397370,7830,7440,7440,-390,-4.98,7480,-350,-4.47,7440,8000,1399-10-30
321,سبجنو,سيمان‌ بجنورد,1112,1789555,72119459840,39310,39110,41270,1960,4.99,40300,990,2.52,37560,41270,1399-10-30
322,آريان,سرمايه گذاري پارس آريان,1111,26418569,365460051138,14256,13829,13829,-427,-3.0,13833,-423,-2.97,13829,14100,1399-10-30
323,سكرما,سيمان‌ كرمان‌,1106,4184212,70761671640,17510,16670,16920,-590,-3.37,16910,-600,-3.43,16640,17780,1399-10-30
324,فخاس,فولاد خراسان,1100,3660947,97433952940,27820,26430,27770,-50,-0.18,26610,-1210,-4.35,26430,28000,1399-10-30
325,وملت,سرمايه گذاري ملت,1098,18373156,78476467059,4289,4204,4204,-85,-1.98,4271,-18,-0.42,4204,4374,1399-10-30
326,شپاكسا,پاكسان‌,1097,4073265,125278912080,32290,30680,30680,-1610,-4.99,30760,-1530,-4.74,30680,31830,1399-10-30
327,وآرين,شركت توسعه اقتصادي آرين,1092,12624791,62225553694,5064,4913,4913,-151,-2.98,4929,-135,-2.67,4913,5190,1399-10-30
328,شبصير,توليدات پتروشيمي قائد بصير,1090,1678133,153320289679,93956,89259,93000,-956,-1.02,91364,-2592,-2.76,89259,97378,1399-10-30
329,فاما,صنعتي‌ آما,1089,3032946,65077455880,21560,20600,22080,520,2.41,21460,-100,-0.46,20490,22400,1399-10-30
330,دلقما,دارويي‌ لقمان‌,1088,2897801,77757713380,28200,26790,26790,-1410,-5.0,26830,-1370,-4.86,26790,27450,1399-10-30
331,فولاي,صنايع فولاد آلياژي يزد,1083,3579217,146030503545,42887,40743,40743,-2144,-5.0,40800,-2087,-4.87,40743,42000,1399-10-30
332,پارسيان,بيمه پارسيان,1080,13998283,155868731310,11650,11070,11070,-580,-4.98,11130,-520,-4.46,11070,12230,1399-10-30
333,وثنو,سرمايه گذاري ساختماني نوين,1064,4878271,90761275197,19540,18563,18563,-977,-5.0,18605,-935,-4.79,18563,19000,1399-10-30
334,دكوثر,داروسازي‌ كوثر,1061,3560438,82813706670,24250,23040,23040,-1210,-4.99,23260,-990,-4.08,23040,25000,1399-10-30
335,پكرمان,گروه‌ صنعتي‌ بارز,1059,5124578,133065738370,27230,25870,25900,-1330,-4.88,25970,-1260,-4.63,25870,27000,1399-10-30
336,واتي,سرمايه‌ گذاري‌ آتيه‌ دماوند,1053,9524869,100072822740,10950,10410,10650,-300,-2.74,10510,-440,-4.02,10410,10830,1399-10-30
337,غمينوح,ح . شركت صنايع غذايي مينو شرق,1043,5560793,58163895008,10388,9869,10562,174,1.68,10460,72,0.69,9869,10907,1399-10-30
338,فلات,گروه صنايع معادن فلات ايرانيان,1025,10029461,155966394613,15901,15424,15600,-301,-1.89,15551,-350,-2.2,15424,16200,1399-10-30
339,فلوله,لوله‌وماشين‌سازي‌ايران‌,1025,5522465,121096062700,23030,21880,21880,-1150,-4.99,21930,-1100,-4.78,21880,22500,1399-10-30
340,چكاوهح,ح . صنايع‌كاغذسازي‌كاوه‌,1022,5762374,62043776610,10740,10740,10700,-40,-0.37,10770,30,0.28,10310,11290,1399-10-30
341,دتماد,توليدمواداوليه‌داروپخش‌,1008,1883939,96533042990,49050,48000,51500,2450,4.99,51240,2190,4.46,48000,51500,1399-10-30
342,دسبحا,گروه دارويي سبحان,1002,4080393,75720537630,19450,18480,18900,-550,-2.83,18560,-890,-4.58,18480,19090,1399-10-30
343,بترانس,ايران‌ ترانسفو,983,8741201,30594203500,3680,3500,3500,-180,-4.89,3570,-110,-2.99,3500,3500,1399-10-30
344,بنو,بيمه تجارت نو,975,5295337,134090370891,25140,23883,26397,1257,5.0,25322,182,0.72,23883,26397,1399-10-30
345,كي بي سي,شركت كي بي سي,966,2127502,70596984615,34853,33111,33111,-1742,-5.0,33183,-1670,-4.79,33111,33824,1399-10-30
346,كيان,صندوق س. با درآمد ثابت كيان,959,16715154,448047334817,26791,26806,26806,15,0.06,26805,14,0.05,26802,26810,1399-10-30
347,بخاور,بيمه زندگي خاورميانه,948,8035333,54906072152,7166,6808,6808,-358,-5.0,6833,-333,-4.65,6808,7090,1399-10-30
348,شفارس,صنايع‌ شيميايي‌ فارس‌,944,2179317,108399512760,52230,49620,49620,-2610,-5.0,49740,-2490,-4.77,49620,50970,1399-10-30
349,ضخود2007,اختيارخ خودرو-3000-1400/02/08,944,32722,9004670000,283,270,265,-18,-6.36,275,-8,-2.83,250,379,1399-10-30
350,داروح,ح . كارخانجات‌داروپخش,941,2146608,67014727880,30370,29100,31190,820,2.7,31220,850,2.8,29100,32040,1399-10-30
351,وزمين,بانك ايران زمين,938,25668028,381314651515,14651,14944,14943,292,1.99,14856,205,1.4,14358,14944,1399-10-30
352,درهآور,دارويي ره آورد تامين,933,2271098,85723617571,39593,37614,37614,-1979,-5.0,37745,-1848,-4.67,37614,38990,1399-10-30
353,دعبيد,لابراتوارداروسازي‌  دكترعبيدي‌,932,1293927,33889923610,27280,25920,25980,-1300,-4.77,26500,-780,-2.86,25920,27280,1399-10-30
354,حسير,ريل سير كوثر,926,3928466,64744128330,17203,16343,16343,-860,-5.0,16481,-722,-4.2,16343,17190,1399-10-30
355,وگستر,گسترش سرمايه گذاري ايرانيان,917,2272313,48173769065,20410,19520,21430,1020,5.0,21199,789,3.87,19520,21430,1399-10-30
356,سنير,سيمان‌ سفيد ني‌ريز,914,664138,122480329960,175640,184420,184420,8780,5.0,184420,8780,5.0,184420,184420,1399-10-30
357,فيروزه,صندوق شاخص30 شركت فيروزه- سهام,893,772716,105000063660,125790,117600,138360,12570,9.99,135880,10090,8.02,117600,138360,1399-10-30
358,كاريس,صندوق س.سپهر كاريزما-س,888,8521542,91854204434,9914,9999,10930,1016,10.25,10779,865,8.73,9666,11000,1399-10-30
359,ساراب,سيمان‌ داراب‌,876,5944317,70584241330,12470,11850,11850,-620,-4.97,11870,-600,-4.81,11850,12300,1399-10-30
360,سخوز,سيمان خوزستان,874,4401341,98304216340,21370,20990,22430,1060,4.96,22340,970,4.54,20990,22430,1399-10-30
361,كتوكاح,ح.توليدي وخدمات صنايع نسوزتوكا,862,3090154,72944035566,24087,22883,23920,-167,-0.69,23605,-482,-2.0,22883,24850,1399-10-30
362,شكربن,كربن‌ ايران‌,855,2023267,207445712090,107810,102420,102420,-5390,-5.0,102530,-5280,-4.9,102420,104450,1399-10-30
363,ثعمرا,عمران و توسعه شاهد,852,6410438,80980864127,13283,12619,12619,-664,-5.0,12633,-650,-4.89,12619,13000,1399-10-30
364,تسه9908,امتياز تسهيلات مسكن آبان99,847,34522,17482549181,492033,467572,467432,-24601,-5.0,506418,14385,2.92,467432,516634,1399-10-30
365,لوتوس,تامين سرمايه لوتوس پارسيان,845,4954961,58020788550,12300,11690,11690,-610,-4.96,11710,-590,-4.8,11690,11980,1399-10-30
366,دارو,كارخانجات‌داروپخش‌,835,1770099,61379809120,33090,34740,34740,1650,4.99,34680,1590,4.81,33560,34740,1399-10-30
367,غبشهر,صنعتي‌ بهشهر,835,4338730,103971338000,25200,23940,23940,-1260,-5.0,23960,-1240,-4.92,23940,24970,1399-10-30
368,مبين,مبين انرژي خليج فارس,832,7630876,104466338950,14380,13670,13670,-710,-4.94,13730,-650,-4.52,13670,14000,1399-10-30
369,شخارك,پتروشيمي‌ خارك‌,824,1692805,67542881420,39720,37750,39780,60,0.15,39850,130,0.33,37750,41200,1399-10-30
370,پارند,صندوق س. پارند پايدار سپهر,823,33526847,378025099022,11270,11276,11279,9,0.08,11275,5,0.04,11275,11279,1399-10-30
371,قشرين,قند شيرين خراسان,823,4870324,90476538317,19115,18542,18542,-573,-3.0,18577,-538,-2.81,18542,18993,1399-10-30
372,تسه9909,امتياز تسهيلات مسكن آذر99,814,21907,11238609195,499318,494460,510000,10682,2.14,513015,13697,2.74,474353,524283,1399-10-30
373,شراز,پالايش نفت شيراز,793,606040,58016792584,91555,96131,96132,4577,5.0,95731,4176,4.56,93420,96132,1399-10-30
374,اوان,مبين وان كيش,792,1385996,70317560498,48760,46500,51198,2438,5.0,50734,1974,4.05,46500,51198,1399-10-30
375,تيپيكو,سرمايه گذاري دارويي تامين,791,849661,40333839220,46820,45150,47600,780,1.67,47140,320,0.68,45150,48700,1399-10-30
376,ياقوت,صندوق س ياقوت آگاه-ثابت,791,19020675,224189260266,11800,11800,11795,-5,-0.04,11787,-13,-0.11,11781,11800,1399-10-30
377,فوكا,فولاد كاويان,781,17071510,228604590410,13805,13391,13391,-414,-3.0,13391,-414,-3.0,13391,13391,1399-10-30
378,بهپاك,صنعتي بهپاك,773,2274126,96579680598,44413,42193,43000,-1413,-3.18,42469,-1944,-4.38,42193,43969,1399-10-30
379,وتوسم,سرمايه‌گذاري‌توسعه‌ملي‌,772,6550575,68615623100,10010,9900,10510,500,5.0,10470,460,4.6,9900,10510,1399-10-30
380,جم پيلن,پلي پروپيلن جم - جم پيلن,768,797825,56376133220,71700,68160,68730,-2970,-4.14,70670,-1030,-1.44,68160,72890,1399-10-30
381,شپاس,نفت پاسارگاد,768,6253992,132088256495,21297,20721,21280,-17,-0.08,21121,-176,-0.83,20690,22300,1399-10-30
382,زپارس,ملي كشت و صنعت و دامپروري پارس,763,1599637,195067529900,128110,121710,121710,-6400,-5.0,121940,-6170,-4.82,121710,126000,1399-10-30
383,وسنا,سرمايه گذاري نيروگاهي ايران,753,5200450,107635513664,21459,20387,20387,-1072,-5.0,20697,-762,-3.55,20387,21850,1399-10-30
384,تايرا,تراكتورسازي‌ايران‌,751,5819367,180129240920,32050,30450,30450,-1600,-4.99,30950,-1100,-3.43,30450,32990,1399-10-30
385,وحكمت,بيمه حكمت صبا,746,9190175,49441713887,5541,5375,5375,-166,-3.0,5380,-161,-2.91,5375,5500,1399-10-30
386,غدشت,دشت‌ مرغاب‌,743,390096,97949695830,240990,228950,253030,12040,5.0,251090,10100,4.19,228950,253030,1399-10-30
387,جم,پتروشيمي جم,743,1552294,62356144130,39840,37880,40240,400,1.0,40060,220,0.55,37880,41500,1399-10-30
388,وتوشه,سرمايه‌ گذاري‌ پارس‌ توشه‌,742,4425209,105138027670,24960,23720,23720,-1240,-4.97,23760,-1200,-4.81,23720,24320,1399-10-30
389,چخزر,صنايع چوب خزر كاسپين,731,1259592,62039944368,51846,49254,49254,-2592,-5.0,49254,-2592,-5.0,49254,49254,1399-10-30
390,دالبر,البرزدارو,730,1563660,32113833630,19780,20370,20760,980,4.95,20290,510,2.58,20090,20760,1399-10-30
391,سقاين,سيمان‌ قائن‌,721,1246614,81017443860,61900,64990,64990,3090,4.99,64990,3090,4.99,64990,64990,1399-10-30
392,زماهان,مجتمع توليد گوشت مرغ ماهان,715,1873804,68508148044,34820,36561,36561,1741,5.0,36561,1741,5.0,36561,36561,1399-10-30
393,بفجر,فجر انرژي خليج فارس,714,3366958,88328910590,27360,26000,26000,-1360,-4.97,26230,-1130,-4.13,26000,27900,1399-10-30
394,پارتا,مجتمع‌صنعتي‌آرتاويل‌تاير,712,1936820,129195587617,66558,64562,68000,1442,2.17,66705,147,0.22,64562,68554,1399-10-30
395,قزوين,كارخانجات‌ قند قزوين‌,712,793282,30493094060,39760,37780,39310,-450,-1.13,38910,-850,-2.14,37780,40450,1399-10-30
396,شاراك,پتروشيمي شازند,710,2420332,47596582930,19300,18380,20070,770,3.99,19570,270,1.4,18380,20260,1399-10-30
397,زكشت,كشاورزي مكانيزه اصفهان كشت,708,1296851,44752282000,36273,34460,34460,-1813,-5.0,34568,-1705,-4.7,34460,35700,1399-10-30
398,ولبهمن,شركت بهمن ليزينگ,707,6629882,55823706830,8854,8412,8412,-442,-4.99,8420,-434,-4.9,8412,8700,1399-10-30
399,زر,صندوق س.پشتوانه سكه طلاي زر,706,1271251,54980781963,39931,41600,43390,3459,8.66,43249,3318,8.31,41510,43924,1399-10-30
400,سرود,سيمان‌شاهرود,704,2364923,39855807320,16350,16000,17160,810,4.95,16760,410,2.51,16000,17160,1399-10-30
401,كنور,توسعه معدني و صنعتي صبانور,704,1654831,67326417620,39250,37600,41210,1960,4.99,40680,1430,3.64,37600,41210,1399-10-30
402,وكبهمن,مديريت سرمايه گذاري كوثربهمن,700,3198210,57263950050,18847,17905,17905,-942,-5.0,17905,-942,-5.0,17905,17905,1399-10-30
403,وسكاب,س.ص.بازنشستگي كاركنان بانكها,689,9685147,55055994760,5470,5260,5740,270,4.94,5680,210,3.84,5260,5740,1399-10-30
404,سفارود,كارخانه فارسيت درود,679,4047820,62907038914,15685,15372,15998,313,2.0,15541,-144,-0.92,15372,15998,1399-10-30
405,پارس,پتروشيمي پارس,669,678227,92034680290,135380,130000,135380,0,0.0,135700,320,0.24,130000,140000,1399-10-30
406,وتعاون,بيمه  تعاون,669,8896618,71275318626,8240,7993,7993,-247,-3.0,8012,-228,-2.77,7993,8222,1399-10-30
407,شفا,سرمايه گذاري شفادارو,667,905380,40591928800,47120,44770,44790,-2330,-4.94,45100,-2020,-4.29,44770,46120,1399-10-30
408,دابور,داروسازي‌ ابوريحان‌,666,870770,34405970170,39830,38400,39680,-150,-0.38,39590,-240,-0.6,38000,40890,1399-10-30
409,سفانو,سيمان فارس نو,652,800902,27198441570,33530,32010,33600,70,0.21,33780,250,0.75,32010,34950,1399-10-30
410,دلر,داروسازي‌ اكسير,651,1479171,57660894120,40510,38490,38510,-2000,-4.94,38980,-1530,-3.78,38490,41500,1399-10-30
411,دكپسول,توليد ژلاتين كپسول ايران,648,1056444,43236784256,42875,40732,40732,-2143,-5.0,41068,-1807,-4.21,40732,43840,1399-10-30
412,ضخود2006,اختيارخ خودرو-2500-1400/02/08,645,29490,12421709000,411,390,419,8,1.95,421,10,2.43,390,560,1399-10-30
413,وملي,گروه‌ صنعتي‌ ملي‌ (هلدينگ‌,644,378075,82620729750,230030,218530,218530,-11500,-5.0,218530,-11500,-5.0,218530,218530,1399-10-30
414,دلرح,ح . داروسازي‌ اكسير,640,1011838,32910388680,31560,30000,32960,1400,4.44,32530,970,3.07,30000,33890,1399-10-30
415,واعتبار,سرمايه گذاري اعتبار ايران,638,5518945,38195274500,6710,6430,7040,330,4.92,6870,160,2.38,6390,7040,1399-10-30
416,اطلس,صندوق س.توسعه اندوخته آينده-س,636,279023,54370667655,185631,182001,199000,13369,7.2,194861,9230,4.97,180001,201999,1399-10-30
417,لخزر,پارس‌ خزر,610,283302,47088400820,173550,173500,164880,-8670,-5.0,166210,-7340,-4.23,164880,173500,1399-10-30
418,فبيرا,بسته‌ بندي‌ ايران‌,609,8898404,30517769426,3529,3424,3424,-105,-2.98,3430,-99,-2.81,3424,3521,1399-10-30
419,وصندوق,سرمايه‌گذاري‌صندوق‌بازنشستگي‌,604,3703322,44671432830,11800,11230,12240,440,3.73,11900,100,0.85,11230,12390,1399-10-30
420,گكوثر,هتل پارسيان كوثر اصفهان,599,8011406,27479122580,3610,3430,3430,-180,-4.99,3502,-108,-2.99,3430,3430,1399-10-30
421,آساس,صندوق س.آسمان آرماني سهام-س,583,796749,121843118596,142572,141146,156829,14257,10.0,152925,10353,7.26,141146,156829,1399-10-30
422,كفرا,فراورده‌ هاي‌ نسوزايران‌,578,599228,33901331650,57930,55040,56070,-1860,-3.21,56940,-990,-1.71,55040,60400,1399-10-30
423,هجرت,پخش هجرت,577,1283179,39511974774,32341,30724,30724,-1617,-5.0,31034,-1307,-4.04,30724,31798,1399-10-30
424,ثجوان,تامين مسكن جوانان,576,4840098,67070963484,14569,13841,13841,-728,-5.0,13857,-712,-4.89,13841,14206,1399-10-30
425,افق ملت,صندوق س در سهام افق ملت,560,584581,72949432010,120200,119000,126110,5910,4.92,124790,4590,3.82,119000,132000,1399-10-30
426,پخش,پخش البرز,558,1657236,55692045909,35359,33592,33592,-1767,-5.0,33605,-1754,-4.96,33592,34592,1399-10-30
427,ضخود2005,اختيارخ خودرو-2000-1400/02/08,552,20381,13788622000,560,550,670,110,19.64,677,117,20.89,550,740,1399-10-30
428,خديزل,بهمن  ديزل,543,3853783,168206066601,45944,43647,43647,-2297,-5.0,43647,-2297,-5.0,43647,43647,1399-10-30
429,پسهند,صنايع‌ لاستيكي‌  سهند,540,663951,24414458230,37770,35890,37500,-270,-0.71,37250,-520,-1.38,35890,38980,1399-10-30
430,سكه0012پ01,سكه تمام بهارتحويلي 1روزه رفاه,531,208100,211477586300,976329,1007555,1024999,48670,4.98,1016231,39902,4.09,1000000,1025331,1399-10-30
431,فجر,فولاد اميركبيركاشان,513,2314894,126879340140,52200,54810,54810,2610,5.0,54810,2610,5.0,54810,54810,1399-10-30
432,سدور,سيمان‌ دورود,508,3799150,62799949500,15750,16530,16530,780,4.95,16530,780,4.95,16530,16530,1399-10-30
433,حپترو,حمل و نقل پتروشيمي( سهامي عام,505,810143,31172416810,39450,37480,37590,-1860,-4.71,38820,-630,-1.6,37480,40210,1399-10-30
434,كپرور,فرآوري زغال سنگ پروده طبس,492,1249769,59250317550,49829,47338,47338,-2491,-5.0,47409,-2420,-4.86,47338,48820,1399-10-30
435,حفارس,حمل و نقل بين المللي خليج فارس,489,10442097,51897222090,5230,4970,4970,-260,-4.97,4970,-260,-4.97,4970,4970,1399-10-30
436,خمحور,توليدمحورخودرو,488,856540,53682016310,65960,62670,62670,-3290,-4.99,62670,-3290,-4.99,62670,64000,1399-10-30
437,مفاخر,توسعه فناوري اطلاعات خوارزمي,487,1243406,52748163319,43876,41683,43000,-876,-2.0,42422,-1454,-3.31,41683,45299,1399-10-30
438,دسبحان,سبحان دارو,478,981973,20594853590,21300,20240,21100,-200,-0.94,21150,-150,-0.7,20240,21680,1399-10-30
439,وآتوس,س.آرين توسكا قيمت اسمي 350ريال,474,957209,47689395178,50994,49465,50987,-7,-0.01,49821,-1173,-2.3,49465,51500,1399-10-30
440,شرانل,نفت ايرانول,470,1419201,50167873717,33818,32900,35508,1690,5.0,35349,1531,4.53,32900,35508,1399-10-30
441,كدما,معدني‌ دماوند,465,77998,22028195160,297280,282420,282420,-14860,-5.0,290290,-6990,-2.35,282420,282420,1399-10-30
442,عيار,صندوق س. پشتوانه طلاي مفيد,458,636277,16360035679,24001,25000,26099,2098,8.74,25712,1711,7.13,25000,26170,1399-10-30
443,تسه9907,امتياز تسهيلات مسكن مهر99,450,17911,9190130296,506294,481219,503000,-3294,-0.65,513100,6806,1.34,481219,531000,1399-10-30
444,مداران,داده‌پردازي‌ايران‌,447,2339328,54406460730,24450,23230,23230,-1220,-4.99,23260,-1190,-4.87,23230,24100,1399-10-30
445,درازك,دارويي‌ رازك‌,443,1015157,40108584020,41140,39090,39090,-2050,-4.98,39700,-1440,-3.5,39090,42000,1399-10-30
446,شيراز,پتروشيمي‌شيراز,442,1716925,85073914840,47370,45600,49000,1630,3.44,49320,1950,4.12,45600,49730,1399-10-30
447,ثاژن,سخت آژند,440,4070110,40129406130,10009,9809,9815,-194,-1.94,9860,-149,-1.49,9809,10100,1399-10-30
448,وسرمد,بيمه  سرمد,437,8044237,60051284866,7841,7449,7449,-392,-5.0,7465,-376,-4.8,7449,7800,1399-10-30
449,دكيمي,كيميدارو,432,1330616,34131804570,27000,25650,25650,-1350,-5.0,25990,-1010,-3.74,25650,26110,1399-10-30
450,خكرمان,گروه اقتصادي كرمان خودرو,431,7418898,40240102752,5591,5424,5424,-167,-2.99,5424,-167,-2.99,5424,5424,1399-10-30
451,غپونه,نوش پونه مشهد,425,2098548,43763788248,21471,20827,20827,-644,-3.0,20854,-617,-2.87,20827,21690,1399-10-30
452,دجابر,داروسازي‌ جابرابن‌حيان‌,419,664465,13710060610,21410,20340,20790,-620,-2.9,21180,-230,-1.07,20340,21400,1399-10-30
453,آتيمس,صندوق س.آرمان آتيه درخشان مس-س,417,163939,29253186472,165197,152000,184000,18803,11.38,178439,13242,8.02,152000,188997,1399-10-30
454,سهگمت,سيمان‌هگمتان‌,416,829683,18294388790,21770,20850,21710,-60,-0.28,21880,110,0.51,20850,22780,1399-10-30
455,دارا,صندوق س. دارا الگوريتم-د,416,13930525,138734996207,10008,10012,9954,-54,-0.54,9959,-49,-0.49,9945,10012,1399-10-30
456,غدام,خوراك‌  دام‌ پارس‌,414,89649,41494936140,487220,462860,462860,-24360,-5.0,464710,-22510,-4.62,462860,462860,1399-10-30
457,زملارد,كشاورزي و دامپروري ملارد شير,411,1538683,56722010112,38804,36864,36864,-1940,-5.0,36864,-1940,-5.0,36864,36864,1399-10-30
458,شگل,گلتاش‌,409,1082857,27574651080,24370,24200,25580,1210,4.97,25000,630,2.59,24200,25580,1399-10-30
459,مارون ت.ف0010,اختيارف.تبعي مارون001030,407,40405000,40405000,1000,1,1,-999,-99.9,1,-999,-99.9,1,1,1399-10-30
460,كخاك,صنايع‌خاك‌چيني‌ايران‌,403,327469,16317913070,48900,46600,50900,2000,4.09,49220,320,0.65,46600,51340,1399-10-30
461,دفرا,فرآورده‌هاي‌ تزريقي‌ ايران‌,401,665379,18671820940,28910,27470,27740,-1170,-4.05,28570,-340,-1.18,27470,29000,1399-10-30
462,نمرينو,ايران‌ مرينوس‌,399,569241,29966457630,55230,52470,52470,-2760,-5.0,53590,-1640,-2.97,52470,55000,1399-10-30
463,گوهر,صندوق سكه طلاي كيان,398,347701,17887402576,48627,51000,51400,2773,5.7,51445,2818,5.8,50505,52900,1399-10-30
464,افران,صندوق س افرا نماد پايدار-ثابت,398,16290945,203582292176,12489,12506,12497,8,0.06,12497,8,0.06,12491,12506,1399-10-30
465,وپسا,س. پتروشيمي ساختمان  خليج فارس,397,6897723,22832381410,3412,3310,3310,-102,-2.99,3310,-102,-2.99,3310,3370,1399-10-30
466,چكارن,كارتن‌ ايران‌,396,5494089,22031296890,4220,4010,4010,-210,-4.98,4120,-100,-2.37,4010,4010,1399-10-30
467,گشان,توسعه بين المللي پديده شانديز,394,288625,14609908875,51652,50619,50619,-1033,-2.0,51150,-502,-0.97,50619,50619,1399-10-30
468,دپارس,پارس‌ دارو,390,234152,20369417220,91520,86950,87000,-4520,-4.94,89550,-1970,-2.15,86950,88230,1399-10-30
469,ساينا,صنايع بهداشتي ساينا,389,122931,21937597945,187238,177877,177877,-9361,-5.0,182920,-4318,-2.31,177877,185318,1399-10-30
470,كاذر,فرآورده‌هاي‌نسوزآذر,379,1171469,41844872680,37600,35720,35720,-1880,-5.0,35910,-1690,-4.49,35720,35720,1399-10-30
471,شفن,پتروشيمي فناوران,374,229026,59975038620,249400,261870,261870,12470,5.0,257280,7880,3.16,261870,261870,1399-10-30
472,قمرو,قند مرودشت‌,371,735908,21314539040,30420,28900,28900,-1520,-5.0,29760,-660,-2.17,28900,29970,1399-10-30
473,آساميد,صندوق س.مشترك آسمان اميد -د,362,15567273,177354053237,11389,11390,11393,4,0.04,11393,4,0.04,11389,11399,1399-10-30
474,ولتجار,واسپاري تجارت وسرمايه ايرانيان,360,3394469,32562250669,9887,9591,9591,-296,-2.99,9593,-294,-2.97,9591,9664,1399-10-30
475,آكورد,صندوق س. آرمان آتي كوثر-د,352,7108019,215704091664,30331,30351,30347,16,0.05,30347,16,0.05,30346,30353,1399-10-30
476,كويرح,ح. توليدي فولاد سپيد فراب كوير,351,3231840,54947546880,16530,18180,17000,470,2.84,17000,470,2.84,17000,18180,1399-10-30
477,قهكمت,قندهكمتان‌,347,438744,19204972970,45810,43520,43520,-2290,-5.0,44990,-820,-1.79,43520,44970,1399-10-30
478,شصفها,پتروشيمي‌ اصفهان‌,341,511672,64663934688,128922,126344,126344,-2578,-2.0,126378,-2544,-1.97,126344,128922,1399-10-30
479,دانا,بيمه دانا,341,2721048,21605121120,8350,7940,7940,-410,-4.91,8160,-190,-2.28,7940,7940,1399-10-30
480,كاسپين,داروسازي كاسپين تامين,335,546294,15155608615,27572,26195,28310,738,2.68,27625,53,0.19,26195,28930,1399-10-30
481,ضسپا1102,اختيارخ خساپا-2000-1399/11/26,330,15492,3503338000,161,184,215,54,33.54,226,65,40.37,165,290,1399-10-30
482,مارون,پتروشيمي مارون,329,363034,51923410998,145130,138000,147000,1870,1.29,143997,-1133,-0.78,138000,147480,1399-10-30
483,ساروج,بين المللي ساروج بوشهر,321,786235,19308486532,24768,24768,24240,-528,-2.13,24569,-199,-0.8,24025,25510,1399-10-30
484,سخواف,سيمان مجد خواف,320,2549230,54191531340,21915,21258,21258,-657,-3.0,21258,-657,-3.0,21258,21258,1399-10-30
485,دسينا,داروسازي‌ سينا,318,892386,26819983050,31400,29830,29830,-1570,-5.0,30600,-800,-2.55,29830,30720,1399-10-30
486,هجرتح,ح . پخش هجرت,314,477339,11622275160,25270,24007,24007,-1263,-5.0,24348,-922,-3.65,24007,25306,1399-10-30
487,تصميم,صندوق س با درآمد ثابت تصميم,308,6594003,101781889111,15430,15444,15435,5,0.03,15436,6,0.04,15341,15445,1399-10-30
488,دقاضي,داروسازي شهيد قاضي,308,200377,10376955394,51014,51015,51014,0,0.0,51412,398,0.78,50290,52540,1399-10-30
489,وپخش,داروپخش‌ (هلدينگ‌,306,105317,11982863380,116860,111020,113990,-2870,-2.46,116080,-780,-0.67,111020,118000,1399-10-30
490,كهرام,توليدي گرانيت بهسرام,297,334933,28574015251,89799,85310,85310,-4489,-5.0,85313,-4486,-5.0,85310,87106,1399-10-30
491,غشوكو,شوكو پارس,282,443503,20892095821,45735,47107,47107,1372,3.0,47107,1372,3.0,47107,47107,1399-10-30
492,زعف0008پ10,زعفران0008نگين طلاي سرخ(پ),271,109991,13883717186,126811,125400,127000,189,0.15,126226,-585,-0.46,124000,128500,1399-10-30
493,دروز,داروسازي‌ روزدارو,270,1931457,39758967660,19620,20000,20600,980,4.99,20370,750,3.82,20000,20600,1399-10-30
494,سپاس,صندوق س. پاداش سهامداري توسعه1,268,9973798,100373880811,10069,10071,10057,-12,-0.12,10064,-5,-0.05,10050,10071,1399-10-30
495,شساخت,مهندسي و ساختمان صنايع نفت,262,461330,18163356810,40456,39243,39969,-487,-1.2,39960,-496,-1.23,39243,40035,1399-10-30
496,دشيري,شيرين دارو,261,201535,43139867354,208600,204000,214858,6258,3.0,214056,5456,2.62,204000,214858,1399-10-30
497,زگلدشت,كشت و دام گلدشت نمونه اصفهان,254,599585,34155359525,59963,56965,56965,-2998,-5.0,57685,-2278,-3.8,56965,56965,1399-10-30
498,سكه9912پ04,سكه تمام بهارتحويل1روزه صادرات,251,130500,132570573400,976989,1000000,1025331,48342,4.95,1015866,38877,3.98,1000000,1025331,1399-10-30
499,آپ,آسان پرداخت پرشين,251,1653574,33054944260,21040,19990,19990,-1050,-4.99,20310,-730,-3.47,19990,19990,1399-10-30
500,ولانا,شركت ليزينگ آريا دانا,248,955054,27368027424,30164,28656,28656,-1508,-5.0,28656,-1508,-5.0,28656,28656,1399-10-30
501,زمگسا,كشاورزي‌ ودامپروي‌ مگسال‌,240,702048,25694956800,38520,36600,36600,-1920,-4.98,37470,-1050,-2.73,36600,36600,1399-10-30
502,قشير,قند شيروان قوچان و بجنورد,237,785379,24092286204,32290,30676,30676,-1614,-5.0,31413,-877,-2.72,30676,30676,1399-10-30
503,ثعتما,س. ساختماني اعتماد گستر,235,561913,34436151868,59572,60990,61359,1787,3.0,61284,1712,2.87,60000,61359,1399-10-30
504,شتوكا,توكا رنگ فولاد سپاهان,235,546977,37645692025,72447,68825,68825,-3622,-5.0,69435,-3012,-4.16,68825,68825,1399-10-30
505,ضپاس1001,اختيارخ وپارس-2500-1399/10/30,225,10237,1395130000,37,69,229,192,518.92,136,99,267.57,69,229,1399-10-30
506,قاسم,قاسم ايران,224,2180369,35725346065,17247,16385,16385,-862,-5.0,16593,-654,-3.79,16385,16385,1399-10-30
507,شكبير,پتروشيمي اميركبير,223,357518,27358629292,75998,73747,77864,1866,2.46,76148,150,0.2,73747,77950,1399-10-30
508,دبالك,مواد اوليه دارويي البرز بالك,221,869185,19514941620,23633,22452,22452,-1181,-5.0,23130,-503,-2.13,22452,22452,1399-10-30
509,ضسپا1101,اختيارخ خساپا-1800-1399/11/26,221,13387,4482786000,282,280,340,58,20.57,335,53,18.79,280,420,1399-10-30
510,تسه9711,امتياز تسهيلات مسكن بهمن 97,219,4241,2003170687,488017,486900,463617,-24400,-5.0,472335,-15682,-3.21,463617,500000,1399-10-30
511,پكوير,كوير تاير,217,3047082,53049697620,18320,17410,17410,-910,-4.97,17410,-910,-4.97,17410,17410,1399-10-30
512,بذر,صندوق س بذر اميد آفرين-سهام,205,228310,21974547300,92000,92200,97980,5980,6.5,96250,4250,4.62,92200,101130,1399-10-30
513,خكار,ايركا پارت صنعت,205,782243,20353962860,27380,26020,26020,-1360,-4.97,26790,-590,-2.15,26020,26020,1399-10-30
514,وهنر,گروه توسعه هنر ايران,200,4321920,28658651520,6438,6631,6631,193,3.0,6631,193,3.0,6631,6631,1399-10-30
515,فافزا,فولاد افزا سپاهان,194,334043,17099327127,49699,51189,51189,1490,3.0,50923,1224,2.46,51189,51189,1399-10-30
516,چكاوه,صنايع‌كاغذسازي‌كاوه‌,191,1926161,25136401050,12430,13050,13050,620,4.99,12720,290,2.33,13050,13050,1399-10-30
517,شاملا,معدني‌ املاح‌  ايران‌,190,131486,7358810470,58250,55340,56690,-1560,-2.68,57890,-360,-0.62,55340,56960,1399-10-30
518,ميهن,بيمه ميهن,189,1755549,9453631365,5668,5385,5385,-283,-4.99,5611,-57,-1.01,5385,5385,1399-10-30
519,شپترو,پتروشيمي آبادان,189,5114257,27473788604,5538,5372,5372,-166,-3.0,5372,-166,-3.0,5372,5372,1399-10-30
520,چفيبر,فيبر ايران‌,188,2079012,29106168000,14730,14000,14000,-730,-4.96,14250,-480,-3.26,14000,14000,1399-10-30
521,غمهرا,توليدي‌مهرام‌,188,164815,12164995150,77690,73810,73810,-3880,-4.99,76690,-1000,-1.29,73810,73810,1399-10-30
522,كلر,كلر پارس,184,170040,18585031920,115050,109298,109298,-5752,-5.0,112560,-2490,-2.16,109298,109298,1399-10-30
523,حريل,ريل پردازسير,182,2040012,12901035888,6656,6324,6324,-332,-4.99,6563,-93,-1.4,6324,6324,1399-10-30
524,شزنگ,تجهيزنيروي‌زنگان‌,182,154613,37519009032,255435,242664,242664,-12771,-5.0,242664,-12771,-5.0,242664,242664,1399-10-30
525,كمينا,شيشه سازي مينا,181,1395045,47474776395,35822,34031,34031,-1791,-5.0,34031,-1791,-5.0,34031,34031,1399-10-30
526,خفولا,خدمات فني فولاد يزد,181,437012,28898729536,64202,66128,66128,1926,3.0,66128,1926,3.0,66128,66128,1399-10-30
527,گدنا,تهيه توزيع غذاي دنا آفرين فدك,180,240922,8657532070,37826,35935,35935,-1891,-5.0,37480,-346,-0.91,35935,35935,1399-10-30
528,نطرين,عطرين نخ قم,178,1351314,16861696092,13134,12478,12478,-656,-4.99,12898,-236,-1.8,12478,12478,1399-10-30
529,وآذر,سرمايه‌گذاري‌توسعه‌آذربايجان‌,177,239533,27879245870,122510,116390,116390,-6120,-5.0,118630,-3880,-3.17,116390,116390,1399-10-30
530,مرقام,ايران‌ارقام‌,175,871785,17740824750,21420,20350,20350,-1070,-5.0,21010,-410,-1.91,20350,20350,1399-10-30
531,فپنتا,سپنتا,175,61532,26873485680,459720,436740,436740,-22980,-5.0,445440,-14280,-3.11,436740,436740,1399-10-30
532,پارند2,صندوق س. پارند پايدار سپهر,174,17400000,17400000,11270,1,1,-11269,-99.99,1,-11269,-99.99,1,1,1399-10-30
533,خچرخش,چرخشگر,172,1063434,20109536940,19900,18910,18910,-990,-4.97,19470,-430,-2.16,18910,18910,1399-10-30
534,الماس,صندوق س.امين تدبيرگران فردا-س,171,169358,19063456142,108496,105030,114000,5504,5.07,112563,4067,3.75,105030,117399,1399-10-30
535,دسانكو,داروسازي سبحان انكولوژي,170,1166948,21215114640,19136,18180,18180,-956,-5.0,18685,-451,-2.36,18180,18180,1399-10-30
536,غگرجي,بيسكويت‌  گرجي‌,166,942612,23508743280,26250,24940,24940,-1310,-4.99,25590,-660,-2.51,24940,24940,1399-10-30
537,بساما,بيمه سامان,163,884151,22540545594,26835,25494,25494,-1341,-5.0,26187,-648,-2.41,25494,25494,1399-10-30
538,تسه9712,امتياز تسهيلات مسكن اسفند97,163,2312,1173320523,505326,480060,506645,1319,0.26,507492,2166,0.43,480060,524300,1399-10-30
539,بموتو,موتوژن‌,161,464370,24616253700,55800,53010,53010,-2790,-5.0,54330,-1470,-2.63,53010,53010,1399-10-30
540,غويتا,ويتانا,151,1796322,37614982680,19323,20940,20940,1617,8.37,20446,1123,5.81,20940,20940,1399-10-30
541,ركيش,كارت اعتباري ايران كيش,151,1672671,41030619630,25820,24530,24530,-1290,-5.0,24700,-1120,-4.34,24530,24530,1399-10-30
542,ثاباد,توريستي ورفاهي آبادگران ايران,149,362311,16289502560,47320,44960,44960,-2360,-4.99,46440,-880,-1.86,44960,44960,1399-10-30
543,تسه9810,امتياز تسهيلات مسكن دي98,149,2857,1450866278,506279,480966,500000,-6279,-1.24,507829,1550,0.31,480966,530000,1399-10-30
544,اپرداز,آتيه داده پرداز,145,360648,8542669176,24933,23687,23687,-1246,-5.0,24700,-233,-0.93,23687,23687,1399-10-30
545,تسه9906,امتياز تسهيلات مسكن شهريور99,143,1607,872740669,559948,531951,579000,19052,3.4,543087,-16861,-3.01,531951,579979,1399-10-30
546,سصفها,سيمان‌اصفهان‌,136,132369,52448568870,417080,396230,396230,-20850,-5.0,396230,-20850,-5.0,396230,396230,1399-10-30
547,فيروزا,صندوق بادرآمد ثابت فيروزه آسيا,133,1541673,33679112325,21854,21820,21833,-21,-0.1,21846,-8,-0.04,21678,21947,1399-10-30
548,كسرام,پارس‌ سرام‌,132,661419,7672460400,12210,11600,11600,-610,-5.0,12110,-100,-0.82,11600,11600,1399-10-30
549,ختراك,ريخته‌گري‌ تراكتورسازي‌ ايران‌,131,1294147,20175751730,16410,15590,15590,-820,-5.0,16050,-360,-2.19,15590,15590,1399-10-30
550,فسا,پتروشيمي فسا,130,2194932,4508390328,2162,2054,2054,-108,-5.0,2136,-26,-1.2,2054,2054,1399-10-30
551,شلعاب,لعابيران‌,130,981919,13894153850,14890,14150,14150,-740,-4.97,14670,-220,-1.48,14150,14150,1399-10-30
552,قپيرا,فرآورده‌هاي‌غدايي‌وقندپيرانشهر,130,105705,11852701650,118030,112130,112130,-5900,-5.0,116540,-1490,-1.26,112130,112130,1399-10-30
553,شدوص,دوده‌ صنعتي‌ پارس‌,129,758411,23806521290,33040,31390,31390,-1650,-4.99,32170,-870,-2.63,31390,31390,1399-10-30
554,تسه9904,امتياز تسهيلات مسكن تير99,129,1747,923250580,523961,497763,520000,-3961,-0.76,528478,4517,0.86,497763,550159,1399-10-30
555,حآسا,آسيا سير ارس,125,184526,8373420828,47766,45378,45378,-2388,-5.0,47307,-459,-0.96,45378,45378,1399-10-30
556,ضسپا1100,اختيارخ خساپا-1600-1399/11/26,125,8861,4359911000,375,360,480,105,28.0,492,117,31.2,410,598,1399-10-30
557,لكما,كارخانجات‌مخابراتي‌ايران‌,123,365153,3046106326,8599,8342,8342,-257,-2.99,8558,-41,-0.48,8342,8342,1399-10-30
558,واحصا,احياء صنايع خراسان,119,145944,8147907576,54203,55829,55829,1626,3.0,54803,600,1.11,55829,55829,1399-10-30
559,ثغرب,شركت سرمايه گذاري مسكن شمالغرب,118,895995,7726164885,9076,8623,8623,-453,-4.99,9001,-75,-0.83,8623,8623,1399-10-30
560,غگلستا,شير پاستوريزه پگاه گلستان,116,1204798,32925924542,28767,27329,27329,-1438,-5.0,27743,-1024,-3.56,27329,27329,1399-10-30
561,ورازي,بيمه رازي,115,2557714,22121668386,9104,8649,8649,-455,-5.0,8649,-455,-5.0,8649,8649,1399-10-30
562,غاذر,كشت‌وصنعت‌پياذر,115,362667,19540497960,56710,53880,53880,-2830,-4.99,55530,-1180,-2.08,53880,53880,1399-10-30
563,تسه9902,امتياز تسهيلات مسكن ارديبهشت99,113,2932,1552191525,540976,513928,514100,-26876,-4.97,529397,-11579,-2.14,513928,564999,1399-10-30
564,غفارس,شير پاستوريزه پگاه فارس,112,779580,9440713800,12747,12110,12110,-637,-5.0,12614,-133,-1.04,12110,12110,1399-10-30
565,سپر,صندوق س سپر سرمايه بيدار- ثابت,111,1372029,15466525016,11246,11270,11298,52,0.46,11273,27,0.24,11246,11300,1399-10-30
566,تسه9801,امتياز تسهيلات مسكن فروردين98,111,1681,862816775,513360,497140,516000,2640,0.51,513276,-84,-0.02,497140,520000,1399-10-30
567,نيرو,نيرو سرمايه,111,308199,18934205565,63335,61435,61435,-1900,-3.0,61435,-1900,-3.0,61435,61435,1399-10-30
568,ثباغ,شهر سازي و خانه سازي باغميشه,110,448161,8654885232,20328,19312,19312,-1016,-5.0,20134,-194,-0.95,19312,19312,1399-10-30
569,كفرآور,فرآورده هاي سيمان شرق,108,1280393,28098224385,23099,21945,21945,-1154,-5.0,21945,-1154,-5.0,21945,21945,1399-10-30
570,سكه0011پ02,سكه تمام بهارتحويلي 1روزه ملت,104,30900,31476444700,975779,1023900,1020000,44221,4.53,1018655,42876,4.39,999999,1025331,1399-10-30
571,ارمغان,ص سرمايه گذاري ارمغان ايرانيان,104,2446919,24675575269,10083,10085,10099,16,0.16,10084,1,0.01,10078,10122,1399-10-30
572,تسه9802,امتياز تسهيلات مسكن ارديبهشت98,104,1690,877603821,518751,519790,520000,1249,0.24,519292,541,0.1,502020,542533,1399-10-30
573,سهرمز,سيمان‌هرمزگان‌,103,515422,12540217260,25610,24330,24330,-1280,-5.0,25270,-340,-1.33,24330,24330,1399-10-30
574,تسه9905,امتياز تسهيلات مسكن مرداد99,102,859,447466328,515533,489757,510000,-5533,-1.07,520915,5382,1.04,489757,541309,1399-10-30
575,دمعيار,صندوق س. توازن معيار-د,101,4948948,50181950744,10140,10145,10149,9,0.09,10140,0,0.0,10100,10151,1399-10-30
576,غبهار,كشت وصنعت بهاران گلبهار خراسان,100,272721,12239991201,46269,44881,44881,-1388,-3.0,45332,-937,-2.03,44881,44881,1399-10-30
577,سنوين,سرمايه گذاري اقتصاد نوين,97,304453,2638745011,8741,8567,8760,19,0.22,8721,-20,-0.23,8567,8777,1399-10-30
578,حتوكا,حمل‌ونقل‌توكا,96,101432,4044093840,41960,39870,39870,-2090,-4.98,41770,-190,-0.45,39870,39870,1399-10-30
579,خلنت,لنت‌ ترمزايران‌,94,61848,7761305520,132090,125490,125490,-6600,-5.0,130980,-1110,-0.84,125490,125490,1399-10-30
580,شرنگي,شيميايي رنگين,94,59971,8587247490,147618,143190,143190,-4428,-3.0,145738,-1880,-1.27,143190,143190,1399-10-30
581,اخزا903,اسنادخزانه-م3بودجه99-011110,94,263939,181242483736,686632,684020,685271,-1361,-0.2,686683,51,0.01,684006,689500,1399-10-30
582,كيسون,شركت كيسون,92,276176,4078014816,15222,14766,14766,-456,-3.0,15160,-62,-0.41,14766,14766,1399-10-30
583,لازما,كارخانه هاي صنعتي آزمايش,92,446165,14673920685,31790,32889,32889,1099,3.46,32889,1099,3.46,32889,32889,1399-10-30
584,كيان2,صندوق س. با درآمد ثابت كيان,90,9000000,9000000,26791,1,1,-26790,-100.0,1,-26790,-100.0,1,1,1399-10-30
585,وجامي,سرمايه گذاري جامي,88,464351,6547349100,13690,14100,14100,410,2.99,13816,126,0.92,14100,14100,1399-10-30
586,سفاسي,شركت فارسيت اهواز,88,111863,1854352951,17089,16577,16577,-512,-3.0,17040,-49,-0.29,16577,16577,1399-10-30
587,ضشنا2000,اختيارخ شپنا-9000-1400/02/27,88,2273,4914689000,1590,1500,2100,510,32.08,2162,572,35.97,1500,2400,1399-10-30
588,قجام,فرآوردههاي غذايي وقندتربت‌جام‌,88,308600,5079247400,17325,16459,16459,-866,-5.0,17093,-232,-1.34,16459,16459,1399-10-30
589,تشتاد,صنايع توليدي اشتاد ايران‌,87,571168,10399826944,18771,18208,18208,-563,-3.0,18482,-289,-1.54,18208,18208,1399-10-30
590,خاتم,صندوق س خاتم ايساتيس پويا-ثابت,86,1330313,13850219714,10410,10415,10411,1,0.01,10411,1,0.01,10410,10415,1399-10-30
591,فالوم,آلومتك‌,86,589269,23034525210,41147,39090,39090,-2057,-5.0,39090,-2057,-5.0,39090,39090,1399-10-30
592,تسه9803,امتياز تسهيلات مسكن خرداد98,86,483,246049826,527294,500930,509700,-17594,-3.34,509420,-17874,-3.39,500930,519990,1399-10-30
593,بمپنا,توليد برق عسلويه  مپنا,85,33480,2837095200,89200,84740,84740,-4460,-5.0,88917,-283,-0.32,84740,84740,1399-10-30
594,ثنام,س ساختماني ب نام آوران مهندسي,83,117582,2189964750,19201,18625,18625,-576,-3.0,19135,-66,-0.34,18625,18625,1399-10-30
595,لابسا,آبسال‌,83,342629,19252323510,59140,56190,56190,-2950,-4.99,57930,-1210,-2.05,56190,56190,1399-10-30
596,لوتوسح,ح . تامين سرمايه لوتوس پارسيان,82,4001535,40015440950,10500,10170,10000,-500,-4.76,10000,-500,-4.76,10000,10170,1399-10-30
597,زنجان,صنايع كشاورزي وكود زنجان,80,579210,6232299600,11092,10760,10760,-332,-2.99,10982,-110,-0.99,10760,10760,1399-10-30
598,تسه9903,امتياز تسهيلات مسكن خرداد99,79,511,262703200,518138,492232,500300,-17838,-3.44,514096,-4042,-0.78,492232,524001,1399-10-30
599,ضصاد1103,اختيارخ وبصادر-4000-1399/11/12,79,7683,12904000,2,2,2,0,0.0,2,0,0.0,1,4,1399-10-30
600,كقزوي,شيشه‌ قزوين‌,79,226645,2521878915,11712,11127,11127,-585,-4.99,11634,-78,-0.67,11127,11127,1399-10-30
601,گپارس,امور رفاهي كارگزاران پارس,78,21313,3831395384,185327,179768,179768,-5559,-3.0,184255,-1072,-0.58,179768,179768,1399-10-30
602,وتوس,توسعه‌شهري‌توس‌گستر,78,1248586,28143128440,23720,22540,22540,-1180,-4.97,22980,-740,-3.12,22540,22540,1399-10-30
603,كپشير,پشم‌شيشه‌ايران‌,78,359291,10002661440,29300,27840,27840,-1460,-4.98,28980,-320,-1.09,27840,27840,1399-10-30
604,سكه0112پ03,سكه تمام بهارتحويلي1روزه سامان,77,18700,18963940300,976663,1022000,1025331,48668,4.98,1014114,37451,3.83,1000000,1025331,1399-10-30
605,آسام,صندوق س.آرمان سپهر آشنا-م,77,47440,4909301730,101542,102500,104000,2458,2.42,103484,1942,1.91,101600,104998,1399-10-30
606,شتولي,تولي‌پرس‌,75,134975,4153450700,31400,30772,30772,-628,-2.0,31125,-275,-0.88,30772,30772,1399-10-30
607,تسه9811,امتياز تسهيلات مسكن بهمن98,74,454,230465679,514631,490000,510501,-4130,-0.8,507634,-6997,-1.36,488900,527000,1399-10-30
608,هبركت912,اختيارف ت بركت-22100-99/12/17,71,360000,674640000,839,1874,1874,1035,123.36,1874,1035,123.36,1874,1874,1399-10-30
609,وبهمن,سرمايه‌گذاري‌بهمن‌,71,216094,4918299440,23950,22760,22760,-1190,-4.97,23830,-120,-0.5,22760,22760,1399-10-30
610,حبندر,دريايي و کشتيراني خط دريابندر,71,124549,3719033140,30783,29860,29860,-923,-3.0,30604,-179,-0.58,29860,29860,1399-10-30
611,آبين,كشت و صنعت آبشيرين,68,2222305,10160378460,4713,4572,4572,-141,-2.99,4637,-76,-1.61,4572,4572,1399-10-30
612,صايند,صندوق س. گنجينه آينده روشن-د,68,685310,6862844570,9998,10049,10000,2,0.02,10014,16,0.16,10000,10049,1399-10-30
613,ضصاد1102,اختيارخ وبصادر-3500-1399/11/12,68,2930,20402000,3,3,5,2,66.67,7,4,133.33,3,10,1399-10-30
614,اخزا902,اسنادخزانه-م2بودجه99-011019,67,192700,134062108015,694004,692600,693999,-5,0.0,695704,1700,0.24,692600,700000,1399-10-30
615,نتوس,پشم‌ بافي‌ توس,66,1146078,20024274816,18012,17472,17472,-540,-3.0,17472,-540,-3.0,17472,17472,1399-10-30
616,وكادو,تكادو,65,94455,2323781910,25362,24602,24602,-760,-3.0,25268,-94,-0.37,24602,24602,1399-10-30
617,اخزا815,اسنادخزانه-م15بودجه98-010406,63,135450,104383070739,772597,769000,771000,-1597,-0.21,770639,-1958,-0.25,769000,773000,1399-10-30
618,دقاضيح,ح . داروسازي شهيد قاضي,62,24835,1120899865,44049,45350,45000,951,2.16,45134,1085,2.46,44049,45370,1399-10-30
619,آكورد2,صندوق س. آرمان آتي كوثر-د,60,6000000,6000000,30331,1,1,-30330,-100.0,1,-30330,-100.0,1,1,1399-10-30
620,تسه9901,امتياز تسهيلات مسكن فروردين99,60,1399,747614575,547660,520277,560000,12340,2.25,534392,-13268,-2.42,520277,574999,1399-10-30
621,سكارون,سيمان كارون,58,48753,10758617028,232290,220676,220676,-11614,-5.0,225568,-6722,-2.89,220676,220676,1399-10-30
622,سباقر,سيمان باقران,58,213845,3831247020,18470,17916,17916,-554,-3.0,18359,-111,-0.6,17916,17916,1399-10-30
623,حرهشا,رهشاد سپاهان (سهامي عام,58,75837,4777731000,69423,63000,63000,-6423,-9.25,66041,-3382,-4.87,63000,63000,1399-10-30
624,اخزا808,اسنادخزانه-م8بودجه98-000817,57,23358,20259939660,867817,868900,868001,184,0.02,867366,-451,-0.05,863077,869997,1399-10-30
625,تسه9809,امتياز تسهيلات مسكن آذر98,56,406,205883035,506291,480977,495000,-11291,-2.23,507101,810,0.16,480977,531605,1399-10-30
626,ضجار2003,اختيارخ وتجارت-3000-1400/02/22,55,1584,531235000,250,200,387,137,54.8,335,85,34.0,200,390,1399-10-30
627,سمايه,بانك سرمايه,55,286394,2141081544,7707,7476,7476,-231,-3.0,7681,-26,-0.34,7476,7476,1399-10-30
628,تسه9812,امتياز تسهيلات مسكن اسفند98,54,312,160644982,539831,513000,525000,-14831,-2.75,514888,-24943,-4.62,512840,539831,1399-10-30
629,ضغدر1119,اختيارخ وغدير-10000-1399/11/26,54,645,489247000,560,499,900,340,60.71,759,199,35.54,499,1000,1399-10-30
630,پرداخت,به پرداخت ملت,54,62216,2104145120,35600,33820,33820,-1780,-5.0,35520,-80,-0.22,33820,33820,1399-10-30
631,فنفت,صنايع تجهيزات نفت,54,335781,8573496273,26322,25533,25533,-789,-3.0,25969,-353,-1.34,25533,25533,1399-10-30
632,ضپاس1000,اختيارخ وپارس-2000-1399/10/30,54,1196,768210000,464,680,776,312,67.24,642,178,38.36,560,785,1399-10-30
633,شكف,كف,53,24324,2107382712,88406,86638,86638,-1768,-2.0,88026,-380,-0.43,86638,86638,1399-10-30
634,اخزا817,اسنادخزانه-م17بودجه98-010512,53,265189,201881153828,758614,758000,759132,518,0.07,761273,2659,0.35,757150,762000,1399-10-30
635,فنرژي,گسترش صنايع انرژي آذرآب,53,235518,3723775098,15501,15811,15811,310,2.0,15610,109,0.7,15811,15811,1399-10-30
636,كساپا,سايپاشيشه‌,53,76830,3093175800,42370,40260,40260,-2110,-4.98,42230,-140,-0.33,40260,40260,1399-10-30
637,وحافظ,بيمه حافظ,53,35833,2638670454,75915,73638,73638,-2277,-3.0,75593,-322,-0.42,73638,73638,1399-10-30
638,سدشت,صنايع سيمان دشتستان,50,111290,4748744300,40640,42670,42670,2030,5.0,40820,180,0.44,42670,42670,1399-10-30
639,تسه9808,امتياز تسهيلات مسكن آبان98,49,456,231547442,516264,490451,515000,-1264,-0.24,507779,-8485,-1.64,490451,539000,1399-10-30
640,ضسپا1103,اختيارخ خساپا-2500-1399/11/26,48,1681,173958000,60,95,92,32,53.33,103,43,71.67,77,170,1399-10-30
641,داريك,صندوق س.اعتماد داريك-د,46,2704751,27695100792,10207,10210,10261,54,0.53,10239,32,0.31,10205,10261,1399-10-30
642,زعف0008پ08,زعفران0008نگين روستا(پ),45,27520,3408994428,124901,124000,124001,-900,-0.72,123873,-1028,-0.82,123456,124100,1399-10-30
643,حخزر,كشتيراني درياي خزر,45,181895,4595759070,26595,25266,25266,-1329,-5.0,26466,-129,-0.49,25266,25266,1399-10-30
644,اخزا908,اسنادخزانه-م8بودجه99-020606,45,146550,88865215759,605745,606002,606101,356,0.06,606382,637,0.11,605000,607000,1399-10-30
645,ضخود2013,اختيارخ خودرو-7000-1400/02/08,43,2925,138106000,41,54,47,6,14.63,47,6,14.63,45,54,1399-10-30
646,ضفلا1156,اختيارخ فولاد-16000-1399/11/28,43,2379,122725000,23,40,50,27,117.39,52,29,126.09,40,66,1399-10-30
647,ضصاد1101,اختيارخ وبصادر-3000-1399/11/12,42,1251,39676000,14,53,30,16,114.29,32,18,128.57,24,54,1399-10-30
648,كارين,صندوق س نگين سامان-ثابت,41,833718,8487691891,10208,10230,10175,-33,-0.32,10181,-27,-0.26,10175,10230,1399-10-30
649,زعف0008پ05,زعفران0008نگين زرين(پ),41,21149,2626074150,125070,122000,124000,-1070,-0.86,124170,-900,-0.72,122000,124999,1399-10-30
650,اخزا901,اسنادخزانه-م1بودجه99-010621,41,64075,47356592632,737661,736016,738803,1142,0.15,739081,1420,0.19,736015,741000,1399-10-30
651,تسه9807,امتياز تسهيلات مسكن مهر98,40,263,135846191,540797,513758,520000,-20797,-3.85,516525,-24272,-4.49,513758,560000,1399-10-30
652,اخزا814,اسنادخزانه-م14بودجه98-010318,40,190118,148529162079,778346,778000,781000,2654,0.34,781247,2901,0.37,778000,783000,1399-10-30
653,تسه9804,امتياز تسهيلات مسكن تير98,39,325,164268794,508191,482786,515000,6809,1.34,505442,-2749,-0.54,482785,533600,1399-10-30
654,صنوين,صندوق سرمايه‌گذاري صنوين-مختلط,38,43807,4237583180,96400,95200,98000,1600,1.66,96730,330,0.34,95000,98000,1399-10-30
655,قلرست,قند لرستان‌,38,28949,950106180,34540,32820,32820,-1720,-4.98,34510,-30,-0.09,32820,32820,1399-10-30
656,داراب,پتروشيمي داراب,38,338126,834494968,2544,2468,2468,-76,-2.99,2541,-3,-0.12,2468,2468,1399-10-30
657,اخزا820,اسنادخزانه-م20بودجه98-020806,38,68264,40599964916,593996,599795,593996,0,0.0,594749,753,0.13,593000,599795,1399-10-30
658,ضملت1128,اختيارخ وبملت-6000-1399/11/28,37,794,27284000,12,166,30,18,150.0,34,22,183.33,20,166,1399-10-30
659,اوصتا,صندوق انديشه ورزان صباتامين -د,37,522801,9225737909,17622,17627,17650,28,0.16,17647,25,0.14,17627,17667,1399-10-30
660,ضسپا1104,اختيارخ خساپا-3000-1399/11/26,37,841,30099000,18,33,40,22,122.22,36,18,100.0,29,50,1399-10-30
661,اخزا816,اسنادخزانه-م16بودجه98-010503,37,199480,152687904740,764595,760006,762000,-2595,-0.34,765430,835,0.11,760006,766000,1399-10-30
662,جهرم,پتروشيمي جهرم,34,202295,454152275,2314,2245,2245,-69,-2.98,2312,-2,-0.09,2245,2245,1399-10-30
663,كصدف,كاشي صدف سرام استقلال آباده,34,151968,4068791232,25995,26774,26774,779,3.0,26146,151,0.58,26774,26774,1399-10-30
664,واحيا,م .صنايع و معادن احياء سپاهان,34,130700,23487966300,185266,179709,179709,-5557,-3.0,183450,-1816,-0.98,179709,179709,1399-10-30
665,اخزا821,اسنادخزانه-م21بودجه98-020906,34,18077,10669372885,590100,589000,590000,-100,-0.02,590218,118,0.02,589000,595000,1399-10-30
666,ضپاس2001,اختيارخ وپارس-2500-1400/02/29,34,1291,859367000,501,699,620,119,23.75,666,165,32.93,620,855,1399-10-30
667,اخزا809,اسنادخزانه-م9بودجه98-000923,33,80542,68723705692,851556,851556,853500,1944,0.23,853265,1709,0.2,848586,855000,1399-10-30
668,ضپاس2000,اختيارخ وپارس-2000-1400/02/29,32,748,774851000,897,1000,1001,104,11.59,1036,139,15.5,1000,1200,1399-10-30
669,كيا,كيا الكترود شرق,31,750000,5075250000,6445,6767,6767,322,5.0,6767,322,5.0,6767,6767,1399-10-30
670,ثتران,سرمايه گذاري مسكن تهران,31,188005,907500135,5081,4827,4827,-254,-5.0,5076,-5,-0.1,4827,4827,1399-10-30
671,ثروتم,صندوق س. ثروت آفرين پارسيان-س,31,29880,2305713200,77800,75400,78640,840,1.08,77166,-634,-0.81,75400,78640,1399-10-30
672,اخزا909,اسنادخزانه-م9بودجه99-020316,29,212930,135330315334,636551,633011,632100,-4451,-0.7,635562,-989,-0.16,632100,636189,1399-10-30
673,تسه9805,امتياز تسهيلات مسكن مرداد98,29,188,95474019,514872,489129,510000,-4872,-0.95,507841,-7031,-1.37,489129,520000,1399-10-30
674,اخزا905,اسنادخزانه-م5بودجه99-020218,28,83983,54106690844,644008,644001,644000,-8,0.0,644258,250,0.04,644000,646829,1399-10-30
675,لخانه,لوازم‌ خانگي‌ پارس‌,28,47557,1188925000,25154,25000,25000,-154,-0.61,25136,-18,-0.07,25000,25000,1399-10-30
676,سخند,صندوق س.سپهرخبرگان نفت-د,28,65590,661047040,10069,10074,10075,6,0.06,10078,9,0.09,10074,10080,1399-10-30
677,ضخود2008,اختيارخ خودرو-3500-1400/02/08,27,641,149455000,175,289,222,47,26.86,233,58,33.14,220,289,1399-10-30
678,تسه9806,امتياز تسهيلات مسكن شهريور98,27,213,109692910,520392,494373,525000,4608,0.89,514990,-5402,-1.04,494373,525000,1399-10-30
679,ضفلا1155,اختيارخ فولاد-14000-1399/11/28,27,971,188564000,119,150,198,79,66.39,194,75,63.03,150,238,1399-10-30
680,سلار,شركت سيمان لارستان,25,12219,805549794,67964,65926,65926,-2038,-3.0,67879,-85,-0.13,65926,65926,1399-10-30
681,طپاس1008,اختيارف وپارس-7000-1399/10/30,25,2500,11000000000,1,4400,4400,4399,439900.0,4400,4399,439900.0,4400,4400,1399-10-30
682,ضچاد2004,اختيارخ كچاد-20000-1400/02/05,25,119,203457000,1000,1480,1850,850,85.0,1710,710,71.0,1400,2300,1399-10-30
683,ضپاس2002,اختيارخ وپارس-3000-1400/02/29,24,1547,851576000,454,415,550,96,21.15,550,96,21.15,415,700,1399-10-30
684,ضچاد2003,اختيارخ كچاد-18000-1400/02/05,23,65,188402000,2306,2599,3000,694,30.1,2898,592,25.67,2599,3150,1399-10-30
685,ضخود2009,اختيارخ خودرو-4000-1400/02/08,23,632,126194000,152,197,195,43,28.29,200,48,31.58,195,228,1399-10-30
686,ضغدر1118,اختيارخ وغدير-9000-1399/11/26,21,222,377920000,1500,1450,1700,200,13.33,1702,202,13.47,1000,1899,1399-10-30
687,اخزا806,اسنادخزانه-م6بودجه98-000519,20,13071,11808400944,903727,902013,903511,-216,-0.02,903405,-322,-0.04,902013,903727,1399-10-30
688,اخزا818,اسنادخزانه-م18بودجه98-010614,19,21144,15839530607,748615,747000,750000,1385,0.19,749126,511,0.07,746500,750000,1399-10-30
689,قنقش,قند نقش جهان,19,52967,3973001703,76539,75009,75009,-1530,-2.0,75922,-617,-0.81,75009,75009,1399-10-30
690,زعف0008پ18,زعفران0008نگين بهرامن(پ),19,5733,710688351,125000,126803,124000,-1000,-0.8,123964,-1036,-0.83,123800,126803,1399-10-30
691,ضصاد3001,اختيارخ وبصادر-2000-1400/03/12,19,466,362850000,543,690,780,237,43.65,779,236,43.46,690,799,1399-10-30
692,اخزا811,اسنادخزانه-م11بودجه98-001013,18,31522,26545502565,844543,841121,842281,-2262,-0.27,842126,-2417,-0.29,841121,845000,1399-10-30
693,سايرا,ايرانيت‌,18,105413,4424078197,42825,41969,41969,-856,-2.0,42444,-381,-0.89,41969,41969,1399-10-30
694,وسفارس,شركت س استان فارس,17,184859,181161820,1030,980,980,-50,-4.85,1030,0,0.0,980,980,1399-10-30
695,اخزا722,اسنادخزانه-م22بودجه97-000428,17,134027,122805708850,916000,916000,916400,400,0.04,916276,276,0.03,915000,917000,1399-10-30
696,اخزا812,اسنادخزانه-م12بودجه98-001111,16,43724,36362769482,833649,833000,831703,-1946,-0.23,831643,-2006,-0.24,830581,833000,1399-10-30
697,ضصاد3000,اختيارخ وبصادر-1800-1400/03/12,16,86,71802000,773,820,949,176,22.77,835,62,8.02,819,999,1399-10-30
698,ضچاد2002,اختيارخ كچاد-16000-1400/02/05,16,97,370700000,3501,3600,4000,499,14.25,3822,321,9.17,3600,4150,1399-10-30
699,گنجين,صندوق س. گنجينه يكم آويد-د,16,286090,3449369671,12035,12066,12060,25,0.21,12057,22,0.18,12050,12066,1399-10-30
700,وسگيلا,شركت س استان گيلان,16,766840,605803600,830,790,790,-40,-4.82,830,0,0.0,790,790,1399-10-30
701,اخزا907,اسنادخزانه-م7بودجه99-020704,15,25186,15022861273,595889,596349,597000,1111,0.19,596477,588,0.1,596210,599000,1399-10-30
702,ضملي3000,اختيارخ فملي-8000-1400/03/02,15,193,526190000,3800,2200,3680,-120,-3.16,2726,-1074,-28.26,2200,3739,1399-10-30
703,گوهر2,صندوق سكه طلاي كيان,15,150000,150000,48627,1,1,-48626,-100.0,1,-48626,-100.0,1,1,1399-10-30
704,ضملي3002,اختيارخ فملي-10000-1400/03/02,15,199,488141000,2000,2499,2399,399,19.95,2453,453,22.65,2100,2600,1399-10-30
705,ثزاگرس,سرمايه گذاري توسعه عمران زاگرس,15,20277,1074681000,51967,53000,53000,1033,1.99,52021,54,0.1,53000,53000,1399-10-30
706,اخزا904,اسنادخزانه-م4بودجه99-011215,15,52301,35518456302,677763,672001,680000,2237,0.33,679116,1353,0.2,672001,684500,1399-10-30
707,وسيستا,شركت س استان سيستان وبلوچستان,15,456243,346744680,790,760,760,-30,-3.8,790,0,0.0,760,760,1399-10-30
708,فاهواز,نورد و لوله اهواز,14,23138,373655562,16478,16149,16149,-329,-2.0,16475,-3,-0.02,16149,16149,1399-10-30
709,اخزا723,اسنادخزانه-م23بودجه97-000824,13,59406,51363018600,863103,861010,865033,1930,0.22,864610,1507,0.17,860121,866500,1399-10-30
710,زعف0008پ16,زعفران0008نگين بيرجند(پ),13,10240,1270376920,124428,124999,123800,-628,-0.5,124060,-368,-0.3,123800,124999,1399-10-30
711,زعف0008پ11,زعفران0008نگين سحرخيز(پ),13,13020,1634893000,125916,125400,125300,-616,-0.49,125568,-348,-0.28,124500,126199,1399-10-30
712,ضفار3000,اختيارخ فارس-8000-1400/03/05,13,91,255436000,4850,2800,2550,-2300,-47.42,2807,-2043,-42.12,2550,3000,1399-10-30
713,اخزا721,اسنادخزانه-م21بودجه97-000728,12,1571,1370603913,874356,877000,872170,-2186,-0.25,872440,-1916,-0.22,871310,877000,1399-10-30
714,اخزا813,اسنادخزانه-م13بودجه98-010219,12,28457,22535196119,789744,789150,791015,1271,0.16,791903,2159,0.27,789150,793500,1399-10-30
715,ضسپا1106,اختيارخ خساپا-4000-1399/11/26,12,701,2405000,3,5,3,0,0.0,3,0,0.0,3,5,1399-10-30
716,ضملي3003,اختيارخ فملي-12000-1400/03/02,12,70,156796000,2500,2400,2000,-500,-20.0,2240,-260,-10.4,1500,2400,1399-10-30
717,ولراز,ليزينگ رازي,12,12248,641758456,54017,52397,52397,-1620,-3.0,53963,-54,-0.1,52397,52397,1399-10-30
718,ضفار3001,اختيارخ فارس-9000-1400/03/05,12,87,181500000,3161,2000,1900,-1261,-39.89,2086,-1075,-34.01,1900,2300,1399-10-30
719,صبا1401,اجاره مهندسي صبا نفت14010225,11,290,273560600,912628,950000,930000,17372,1.9,943312,30684,3.36,930000,950000,1399-10-30
720,دحاوي,الحاوي,11,23433,284617218,12521,12146,12146,-375,-2.99,12515,-6,-0.05,12146,12146,1399-10-30
721,پلوله,گازلوله‌,11,38275,719072425,18976,18787,18787,-189,-1.0,18948,-28,-0.15,18787,18787,1399-10-30
722,عيار2,صندوق س. پشتوانه طلاي مفيد,10,100000,100000,24001,1,1,-24000,-100.0,1,-24000,-100.0,1,1,1399-10-30
723,ضملي1153,اختيارخ فملي-20280-1399/11/05,10,684,2926448,4,1,1,-3,-75.0,2,-2,-50.0,1,3,1399-10-30
724,تملي701,تسهيلات مسكن ب. ملي-فروردين97,10,291,191740636,648759,681196,681196,32437,5.0,658902,10143,1.56,648759,681196,1399-10-30
725,ضجار2000,اختيارخ وتجارت-1800-1400/02/22,10,99,115058000,1029,1200,1030,1,0.1,1162,133,12.93,877,1200,1399-10-30
726,كرونا2,تامين مالي جمعي صرفا اهداي سود,9,100997,1009970000,10000,10000,10000,0,0.0,10000,0,0.0,10000,10000,1399-10-30
727,ضسپا1105,اختيارخ خساپا-3500-1399/11/26,9,352,3236000,9,15,10,1,11.11,9,0,0.0,6,15,1399-10-30
728,اخزا810,اسنادخزانه-م10بودجه98-001006,9,4983,4224009240,844992,846052,846500,1508,0.18,847684,2692,0.32,846052,850000,1399-10-30
729,شستا991,اجاره تامين اجتماعي-امين991226,9,289,288845005,1006113,1005000,991001,-15112,-1.5,999464,-6649,-0.66,986000,1010000,1399-10-30
730,وسصفا,شركت س استان اصفهان,9,60232,61436640,1070,1020,1020,-50,-4.67,1070,0,0.0,1020,1020,1399-10-30
731,ضپاس1002,اختيارخ وپارس-3000-1399/10/30,8,100,100000,1,1,1,0,0.0,1,0,0.0,1,1,1399-10-30
732,اخزا804,اسنادخزانه-م4بودجه98-000421,8,4125,3785424598,919368,920000,916105,-3263,-0.35,917679,-1689,-0.18,916004,920000,1399-10-30
733,وسلرستا,شركت س استان لرستان,8,154312,132708320,900,860,860,-40,-4.44,900,0,0.0,860,860,1399-10-30
734,اخزا713,اسنادخزانه-م13بودجه97-000518,8,99000,89718510206,905955,906001,906500,545,0.06,906248,293,0.03,906000,906500,1399-10-30
735,ضترا1126,اختيارخ شتران-7000-1399/11/14,8,144,212200000,1460,1390,1480,20,1.37,1474,14,0.96,1390,1700,1399-10-30
736,ضملي1148,اختيارخ فملي-10140-1399/11/05,8,27,25079896,149,400,500,351,235.57,471,322,216.11,351,999,1399-10-30
737,اخزا718,اسنادخزانه-م18بودجه97-000525,8,99000,89248509717,901383,901501,901500,117,0.01,901500,117,0.01,901500,901501,1399-10-30
738,مارون2,پتروشيمي مارون,7,40405000,6000142500000,145130,148500,148500,3370,2.32,148500,3370,2.32,148500,148500,1399-10-30
739,ضمخا1025,اختيارخ اخابر-16000-1399/10/30,6,170,170000,1,1,1,0,0.0,1,0,0.0,1,1,1399-10-30
740,ضفلا1153,اختيارخ فولاد-10000-1399/11/28,6,45,38225000,572,599,1300,728,127.27,849,277,48.43,500,2000,1399-10-30
741,ضشنا2001,اختيارخ شپنا-10000-1400/02/27,6,10,17256000,1400,1800,1500,100,7.14,1726,326,23.29,1500,1800,1399-10-30
742,ضصاد1104,اختيارخ وبصادر-4500-1399/11/12,6,467,467000,1,1,1,0,0.0,1,0,0.0,1,1,1399-10-30
743,ضپيك2008,اختيارخ تاپيكو-9000-00/02/19,6,32,96000000,2632,3000,3000,368,13.98,3000,368,13.98,3000,3000,1399-10-30
744,ضخوز2013,اختيارخ فخوز-12000-1400/02/15,6,50,150000000,4400,3000,3000,-1400,-31.82,3000,-1400,-31.82,3000,3000,1399-10-30
745,ضملت1130,اختيارخ وبملت-8000-1399/11/28,5,495,1350000,1,1,10,9,900.0,3,2,200.0,1,10,1399-10-30
746,ونچر,ص.ج.فيروزه10%تاديه,5,6000,796327000,130000,132500,132500,2500,1.92,132721,2721,2.09,132500,133050,1399-10-30
747,تملي807,تسهيلات مسكن ب. ملي-مهر98,5,44,38514828,833655,875337,875337,41682,5.0,875337,41682,5.0,875337,875337,1399-10-30
748,وسكرمان,س.سهام عدالت استان كرمان,5,115660,113346800,1030,980,980,-50,-4.85,1030,0,0.0,980,980,1399-10-30
749,زعف0008پ15,زعفران0008پوشالمعمول طلاسرخ(پ),5,438,36880000,84000,84000,84000,0,0.0,84201,201,0.24,84000,85000,1399-10-30
750,ضمخا1033,اختيارخ اخابر-10000-1399/10/30,5,8,4302000,4250,550,501,-3749,-88.21,538,-3712,-87.34,500,650,1399-10-30
751,كابگن,توليدي و صنعتي آبگينه‌,5,58198,297100790,5055,5105,5105,50,0.99,5058,3,0.06,5105,5105,1399-10-30
752,ضفلا1154,اختيارخ فولاد-12000-1399/11/28,5,43,23610000,144,550,530,386,268.06,549,405,281.25,530,550,1399-10-30
753,سپرمي,پرميت‌,5,17298,147223278,8427,8511,8511,84,1.0,8429,2,0.02,8511,8511,1399-10-30
754,اراد50,مرابحه عام دولت5-ش.خ0302,5,50000,50000000000,1000000,1000000,1000000,0,0.0,1000000,0,0.0,1000000,1000000,1399-10-30
755,ضپيك2009,اختيارخ تاپيكو-10000-00/02/19,5,31,75832000,2300,2500,2222,-78,-3.39,2446,146,6.35,2222,2500,1399-10-30
756,رطب0002پ02,رطب مضافتي0002اتحاديه كرمان(پ),4,110,23650000,100000,215000,215000,115000,115.0,215000,115000,115.0,215000,215000,1399-10-30
757,ضمخا7070,اختيارخ اخابر-20000-1400/07/28,4,4,9700000,2231,2200,2500,269,12.06,2425,194,8.7,2200,2500,1399-10-30
758,ضپار1115,اختيارخ خپارس-5000-1399/11/19,4,14,15100000,1000,1080,1075,75,7.5,1079,79,7.9,1075,1080,1399-10-30
759,ضپيك2010,اختيارخ تاپيكو-12000-00/02/19,4,10,5778000,2287,666,502,-1785,-78.05,578,-1709,-74.73,502,666,1399-10-30
760,پست0008پ04,پسته فندقي32-30سبزدانه0008(پ),4,18,23090382,1300000,1282799,1282799,-17201,-1.32,1282799,-17201,-1.32,1282799,1282799,1399-10-30
761,ضمخا2000,اختيارخ اخابر-9000-1400/02/29,4,54,161730000,1,2700,3010,3009,300900.0,2995,2994,299400.0,2700,3010,1399-10-30
762,نگين,ص.س. زمين و ساختمان نگين شهرري,4,1127,53626280,47540,47540,48000,460,0.97,47580,40,0.08,47530,48000,1399-10-30
763,ضمخا2001,اختيارخ اخابر-10000-1400/02/29,4,19,41600000,1941,2000,2400,459,23.65,2189,248,12.78,2000,2400,1399-10-30
764,ضصاد1105,اختيارخ وبصادر-5000-1399/11/12,4,400,700000,2,1,2,0,0.0,2,0,0.0,1,2,1399-10-30
765,ضمخا7066,اختيارخ اخابر-12000-1400/07/28,4,17,90350000,5182,5500,4000,-1182,-22.81,5315,133,2.57,4000,5500,1399-10-30
766,ضشنا2003,اختيارخ شپنا-14000-1400/02/27,4,114,62700000,600,550,550,-50,-8.33,550,-50,-8.33,550,550,1399-10-30
767,ضصاد1100,اختيارخ وبصادر-2500-1399/11/12,4,18,2902000,108,62,170,62,57.41,161,53,49.07,62,199,1399-10-30
768,تملي801,تسهيلات مسكن ب. ملي-فروردين98,4,80,41033600,539915,512920,512920,-26995,-5.0,512920,-26995,-5.0,512920,512920,1399-10-30
769,دسبحاح,ح .گروه دارويي سبحان,4,11804,200668000,17450,17000,17000,-450,-2.58,17000,-450,-2.58,17000,17000,1399-10-30
770,ضغدر1120,اختيارخ وغدير-12000-1399/11/26,4,40,10900000,93,200,300,207,222.58,272,179,192.47,200,300,1399-10-30
771,ضگل1141,اختيارخ كگل-14000-1399/11/21,3,4,6900000,2200,1600,2200,0,0.0,1725,-475,-21.59,1500,2200,1399-10-30
772,تملي805,تسهيلات مسكن ب. ملي-مرداد98,3,38,21664724,544964,565000,572212,27248,5.0,570124,25160,4.62,565000,572212,1399-10-30
773,ضترا1118,اختيارخ شتران-12000-1399/11/14,3,49,565000,5,15,10,5,100.0,12,7,140.0,10,15,1399-10-30
774,بتك,كارخانجات كابل سازي‌ تك‌,3,1041,36640077,33844,35197,35197,1353,4.0,33849,5,0.01,35197,35197,1399-10-30
775,وسيلام,شركت س استان ايلام,3,33300,39294000,1240,1180,1180,-60,-4.84,1240,0,0.0,1180,1180,1399-10-30
776,پا ر 7,بار پايه روز 7,3,47000,18095000,380,385,385,5,1.32,385,5,1.32,385,385,1399-10-30
777,ضخود2010,اختيارخ خودرو-4500-1400/02/08,3,70,8800000,112,126,125,13,11.61,126,14,12.5,125,126,1399-10-30
778,ضترا3001,اختيارخ شتران-7000-1400/03/09,3,5,11500000,1400,2300,2300,900,64.29,2300,900,64.29,2300,2300,1399-10-30
779,ضپاس2003,اختيارخ وپارس-3500-1400/02/29,3,4,1402000,338,500,200,-138,-40.83,350,12,3.55,200,500,1399-10-30
780,زعف0008پ09,زعفران0008نگين نوين(پ),3,6200,770100000,125170,124000,124500,-670,-0.54,124210,-960,-0.77,124000,124500,1399-10-30
781,شرق1400,مشاركت ليزينگ ايران وشرق140010,3,72,72280000,1003549,990000,1010000,6451,0.64,1003889,340,0.03,990000,1010000,1399-10-30
782,ضفلا1158,اختيارخ فولاد-20000-1399/11/28,3,103,2060000,11,20,20,9,81.82,20,9,81.82,20,20,1399-10-30
783,اخزا720,اسنادخزانه-م20بودجه97-000324,3,3020,2808561963,929000,930009,928050,-950,-0.1,929987,987,0.11,928050,930009,1399-10-30
784,اراد35,مرابحه عام دولت3-ش.خ 0103,3,35300,33686500000,954000,955000,954000,0,0.0,954292,292,0.03,954000,955000,1399-10-30
785,ضفلا1157,اختيارخ فولاد-18000-1399/11/28,3,122,1764000,5,12,15,10,200.0,14,9,180.0,12,15,1399-10-30
786,ضچاد2001,اختيارخ كچاد-14000-1400/02/05,2,10,57500000,5024,5500,6000,976,19.43,5750,726,14.45,5500,6000,1399-10-30
787,ضخود2011,اختيارخ خودرو-5000-1400/02/08,2,30,3687000,96,149,122,26,27.08,123,27,28.13,122,149,1399-10-30
788,ضفار3002,اختيارخ فارس-10000-1400/03/05,2,20,35000000,2833,1800,1700,-1133,-39.99,1750,-1083,-38.23,1700,1800,1399-10-30
789,ضمخا7071,اختيارخ اخابر-24000-1400/07/28,2,15,8250000,385,550,550,165,42.86,550,165,42.86,550,550,1399-10-30
790,ضپنا2000,اختيارخ رمپنا-10000-1400/02/12,2,2,14000000,6300,7000,7000,700,11.11,7000,700,11.11,7000,7000,1399-10-30
791,اراد644,مرابحه عام دولتي64-ش.خ0111,2,3150691,2971574216650,1000000,943150,943150,-56850,-5.69,943150,-56850,-5.69,943150,943150,1399-10-30
792,اراد62,مرابحه عام دولت62-ش.خ0309,2,40000,40000000000,1000000,1000000,1000000,0,0.0,1000000,0,0.0,1000000,1000000,1399-10-30
793,ضصاد1106,اختيارخ وبصادر-6000-1399/11/12,2,100,100000,2,1,1,-1,-50.0,1,-1,-50.0,1,1,1399-10-30
794,ضمخا1023,اختيارخ اخابر-12000-1399/10/30,2,2,2000,1,1,1,0,0.0,1,0,0.0,1,1,1399-10-30
795,صايپا112,صكوك مرابحه سايپا112-3ماهه 16%,2,15000,14750565000,980000,983371,983371,3371,0.34,983371,3371,0.34,983371,983371,1399-10-30
796,پست0008پ08,پسته فندقي32-30مه ولات0008(پ),2,100,128279900,1225723,1282799,1282799,57076,4.66,1282799,57076,4.66,1282799,1282799,1399-10-30
797,وسخوز,شركت س استان خوزستان,2,28892,26869560,970,930,930,-40,-4.12,970,0,0.0,930,930,1399-10-30
798,ضچاد2000,اختيارخ كچاد-12000-1400/02/05,2,15,120000000,7154,8000,8000,846,11.83,8000,846,11.83,8000,8000,1399-10-30
799,زعف0008پ12,زعفران0008پوشالمعمول سحرخيز(پ),2,200,16750000,83009,83500,84000,991,1.19,83750,741,0.89,83500,84000,1399-10-30
800,ضپاس1003,اختيارخ وپارس-3500-1399/10/30,2,2,2000,1,1,1,0,0.0,1,0,0.0,1,1,1399-10-30
801,اخزا716,اسنادخزانه-م16بودجه97-000407,2,10201,9439176000,925305,926000,925305,0,0.0,925319,14,0.0,925305,926000,1399-10-30
802,ضملت1125,اختيارخ وبملت-4000-1399/11/28,2,10,5000000,249,500,500,251,100.8,500,251,100.8,500,500,1399-10-30
803,سنفت001,سلف موازي استاندارد سنفت001,2,82250,90013577500,1091476,1094390,1094390,2914,0.27,1094390,2914,0.27,1094390,1094390,1399-10-30
804,ضجار2002,اختيارخ وتجارت-2500-1400/02/22,2,14,8499000,500,600,699,199,39.8,607,107,21.4,600,699,1399-10-30
805,اطلس2,صندوق س.توسعه اندوخته آينده-س,2,20000,20000,185631,1,1,-185630,-100.0,1,-185630,-100.0,1,1,1399-10-30
806,ضفار1122,اختيارخ فارس-11826-1399/11/07,2,160,1080000,1,4,3,2,200.0,3,2,200.0,3,4,1399-10-30
807,وسقم,شركت س استان قم,2,10555,14143700,1410,1340,1340,-70,-4.96,1410,0,0.0,1340,1340,1399-10-30
808,ضملي3001,اختيارخ فملي-9000-1400/03/02,2,20,60000000,3372,3000,3000,-372,-11.03,3000,-372,-11.03,3000,3000,1399-10-30
809,ضملي1154,اختيارخ فملي-24336-1399/11/05,2,36,433840,24,2,150,126,525.0,6,-18,-75.0,2,150,1399-10-30
810,ضملي3004,اختيارخ فملي-14000-1400/03/02,2,65,123500000,1905,1900,1900,-5,-0.26,1900,-5,-0.26,1900,1900,1399-10-30
811,سميعا002,سلف موازي استاندارد سميعا002,2,396180,500006892600,1260339,1262070,1262070,1731,0.14,1262070,1731,0.14,1262070,1262070,1399-10-30
812,ضپنا2002,اختيارخ رمپنا-14000-1400/02/12,1,50,190000000,4019,3800,3800,-219,-5.45,3800,-219,-5.45,3800,3800,1399-10-30
813,اراد69,مرابحه عام دولت69-ش.خ0310,1,1000,1000000000,1000000,1000000,1000000,0,0.0,1000000,0,0.0,1000000,1000000,1399-10-30
814,صايپا203,صكوك مرابحه سايپا203-3ماهه 16%,1,11,10473441,952200,952131,952131,-69,-0.01,952131,-69,-0.01,952131,952131,1399-10-30
815,اراد65,مرابحه عام دولتي65-ش.خ0210,1,110000,101781900000,1000000,925290,925290,-74710,-7.47,925290,-74710,-7.47,925290,925290,1399-10-30
816,صايپا308,صكوك مرابحه سايپا308-3ماهه 18%,1,20,19900000,970000,995000,995000,25000,2.58,995000,25000,2.58,995000,995000,1399-10-30
817,كمند2,صندوق س. با درآمد ثابت كمند,1,30000000,30000000,10078,1,1,-10077,-99.99,1,-10077,-99.99,1,1,1399-10-30
818,تسه99032,امتياز تسهيلات مسكن خرداد99,1,3,30,518138,10,10,-518128,-100.0,10,-518128,-100.0,10,10,1399-10-30
819,غيوان,كيوان,1,215,3330135,15336,15489,15489,153,1.0,15336,0,0.0,15489,15489,1399-10-30
820,پا ر 8,بار پايه روز 8,1,20000,7700000,380,385,385,5,1.32,385,5,1.32,385,385,1399-10-30
821,ثروتم2,صندوق س. ثروت آفرين پارسيان-س,1,100000,100000,77800,1,1,-77799,-100.0,1,-77799,-100.0,1,1,1399-10-30
822,صمسكن912,ص دين مسكن جنوب-ماهانه16درصد,1,100,5036800,50638,50368,50368,-270,-0.53,50368,-270,-0.53,50368,50368,1399-10-30
823,اخزا8042,اسنادخزانه-م4بودجه98-000421,1,442531,406995760700,919368,919700,919700,332,0.04,919700,332,0.04,919700,919700,1399-10-30
824,مشير99112,مشاركت شهرداري شيراز-3ماهه16%,1,500000,500000000000,970000,1000000,1000000,30000,3.09,1000000,30000,3.09,1000000,1000000,1399-10-30
825,غگز,گز سكه,1,50000,1100000000,23000,22000,22000,-1000,-4.35,22000,-1000,-4.35,22000,22000,1399-10-30
826,تسه99072,امتياز تسهيلات مسكن مهر99,1,2,20,506294,10,10,-506284,-100.0,10,-506284,-100.0,10,10,1399-10-30
827,ضترا1127,اختيارخ شتران-8000-1399/11/14,1,6,1878000,1000,313,313,-687,-68.7,313,-687,-68.7,313,313,1399-10-30
828,صايپا012,صكوك مرابحه سايپا012-3ماهه 16%,1,9,9000009,1000001,1000001,1000001,0,0.0,1000001,0,0.0,1000001,1000001,1399-10-30
829,اراد60,مرابحه عام دولتي6-ش.خ0210,1,100000,92591000000,925840,925910,925910,70,0.01,925910,70,0.01,925910,925910,1399-10-30
830,اراد66,مرابحه عام دولت66-ش.خ0310,1,3000,3000000000,1000000,1000000,1000000,0,0.0,1000000,0,0.0,1000000,1000000,1399-10-30
831,داريك2,صندوق س.اعتماد داريك-د,1,2000000,2000000,10207,1,1,-10206,-99.99,1,-10206,-99.99,1,1,1399-10-30
832,تكالا,توليدكنندگان بورس كالاي ايران,1,36,1526400,42400,42400,42400,0,0.0,42400,0,0.0,42400,42400,1399-10-30
833,افران2,صندوق س افرا نماد پايدار-ثابت,1,9000000,9000000,12489,1,1,-12488,-99.99,1,-12488,-99.99,1,1,1399-10-30
834,ضمخا7069,اختيارخ اخابر-18000-1400/07/28,1,1,2500000,1860,2500,2500,640,34.41,2500,640,34.41,2500,2500,1399-10-30
835,ضمخا7067,اختيارخ اخابر-14000-1400/07/28,1,1,9000000,3400,9000,9000,5600,164.71,9000,5600,164.71,9000,9000,1399-10-30
836,اخزا8152,اسنادخزانه-م15بودجه98-010406,1,500000,384500000000,772597,769000,769000,-3597,-0.47,769000,-3597,-0.47,769000,769000,1399-10-30
837,مبين014,اجاره اعتماد مبين لوتوس011019,1,5000,5075000000,1000000,1015000,1015000,15000,1.5,1015000,15000,1.5,1015000,1015000,1399-10-30
838,پارسا306,صكوك اجاره پارسيان-6ماهه16%,1,100,94329000,941290,943290,943290,2000,0.21,943290,2000,0.21,943290,943290,1399-10-30
839,پا ر 10,بار پايه روز 10,1,20000,7700000,380,385,385,5,1.32,385,5,1.32,385,385,1399-10-30
840,صفارس0372,صكوك اجاره فارس037- 3ماهه18%,1,994990,994990000000,1000000,1000000,1000000,0,0.0,1000000,0,0.0,1000000,1000000,1399-10-30
841,ضپاس1007,اختيارخ وپارس-6000-1399/10/30,1,10,10000,1,1,1,0,0.0,1,0,0.0,1,1,1399-10-30
842,دتوليد2,داروسازي توليد دارو,1,5990000,187768530000,32996,31347,31347,-1649,-5.0,31347,-1649,-5.0,31347,31347,1399-10-30
843,زير0003پ04,زيره سبز0003شركت مينوبذر(پ),1,20,9800000,474214,490000,490000,15786,3.33,490000,15786,3.33,490000,490000,1399-10-30
844,تسه98082,امتياز تسهيلات مسكن آبان98,1,8,80,516264,10,10,-516254,-100.0,10,-516254,-100.0,10,10,1399-10-30
845,ضبدر1159,اختيارخ شبندر-16000-1399/11/19,1,2,7000000,2240,3500,3500,1260,56.25,3500,1260,56.25,3500,3500,1399-10-30
846,كتوكا2,توليدي و خدمات صنايع نسوز توكا,1,3500000,108304000000,29471,30944,30944,1473,5.0,30944,1473,5.0,30944,30944,1399-10-30
847,تسه99062,امتياز تسهيلات مسكن شهريور99,1,2,20,559948,10,10,-559938,-100.0,10,-559938,-100.0,10,10,1399-10-30
848,ضصاد1107,اختيارخ وبصادر-7000-1399/11/12,1,100,100000,1,1,1,0,0.0,1,0,0.0,1,1,1399-10-30
849,اخزا807,اسنادخزانه-م7بودجه98-000719,1,100,87790000,876802,877900,877900,1098,0.13,877900,1098,0.13,877900,877900,1399-10-30
850,ضفلا1151,اختيارخ فولاد-8000-1399/11/28,1,15,42150000,2050,2810,2810,760,37.07,2810,760,37.07,2810,2810,1399-10-30
851,افاد73,منفعت دولت7-ش.خاص نوين0204,1,25000,25500000000,1010000,1020000,1020000,10000,0.99,1020000,10000,0.99,1020000,1020000,1399-10-30
852,كشم0001پ01,كشمش سبز0001خليل آباد(پ),1,1,498800,475048,498800,498800,23752,5.0,498800,23752,5.0,498800,498800,1399-10-30
853,مكرج112,مشاركت شهرداري كرج-3ماهه18%,1,100,93300000,938000,933000,933000,-5000,-0.53,933000,-5000,-0.53,933000,933000,1399-10-30
854,تسه99042,امتياز تسهيلات مسكن تير99,1,2,20,523961,10,10,-523951,-100.0,10,-523951,-100.0,10,10,1399-10-30
855,تملي803,تسهيلات مسكن ب. ملي-خرداد98,1,6,5104284,895488,850714,850714,-44774,-5.0,850714,-44774,-5.0,850714,850714,1399-10-30
856,ضجار2001,اختيارخ وتجارت-2000-1400/02/22,1,10,10000000,950,1000,1000,50,5.26,1000,50,5.26,1000,1000,1399-10-30
857,ضفار1125,اختيارخ فارس-17826-1399/11/07,1,13,26000,1,1,1,0,0.0,1,0,0.0,1,1,1399-10-30
858,دمعيار2,صندوق س. توازن معيار-د,1,5900000,5900000,10140,1,1,-10139,-99.99,1,-10139,-99.99,1,1,1399-10-30
859,نكالا,نهادهاي مالي بورس كالاي ايران,1,25,1060000,42400,42400,42400,0,0.0,42400,0,0.0,42400,42400,1399-10-30
860,مصفها203,مشاركت ش اصفهان203-3ماهه18%,1,200,188000000,950000,940000,940000,-10000,-1.05,940000,-10000,-1.05,940000,940000,1399-10-30
861,شستا992,اجاره تامين اجتماعي-سپهر991226,1,18,17910000,1009876,995000,995000,-14876,-1.47,995000,-14876,-1.47,995000,995000,1399-10-30
862,تسه99022,امتياز تسهيلات مسكن ارديبهشت99,1,7,70,540976,10,10,-540966,-100.0,10,-540966,-100.0,10,10,1399-10-30
863,تسه98122,امتياز تسهيلات مسكن اسفند98,1,4,40,539831,10,10,-539821,-100.0,10,-539821,-100.0,10,10,1399-10-30
864,اشاد10,مشاركت دولتي10-شرايط خاص001226,1,700,666050000,952000,951500,951500,-500,-0.05,951500,-500,-0.05,951500,951500,1399-10-30
865,ياقوت2,صندوق س ياقوت آگاه-ثابت,1,108000,108000,11800,1,1,-11799,-99.99,1,-11799,-99.99,1,1,1399-10-30
866,ضگل1149,اختيارخ كگل-10000-1399/11/21,1,5,29500000,5000,5900,5900,900,18.0,5900,900,18.0,5900,5900,1399-10-30
867,تسه98102,امتياز تسهيلات مسكن دي98,1,2,20,506279,10,10,-506269,-100.0,10,-506269,-100.0,10,10,1399-10-30
868,ضفلا1152,اختيارخ فولاد-9000-1399/11/28,1,5,9750000,1030,1950,1950,920,89.32,1950,920,89.32,1950,1950,1399-10-30
869,رطب0002پ01,رطب مضافتي0002افشارتعاون بم(پ),1,35,7009240,210804,200264,200264,-10540,-5.0,200264,-10540,-5.0,200264,200264,1399-10-30
870,تسه98112,امتياز تسهيلات مسكن بهمن98,1,4,40,514631,10,10,-514621,-100.0,10,-514621,-100.0,10,10,1399-10-30
871,تسه99052,امتياز تسهيلات مسكن مرداد99,1,1,10,515533,10,10,-515523,-100.0,10,-515523,-100.0,10,10,1399-10-30
872,اراد33,مرابحه عام دولت3-ش.خ 0303,1,25000,22750000000,892000,910000,910000,18000,2.02,910000,18000,2.02,910000,910000,1399-10-30
873,اراد41,مرابحه عام دولت4-ش.خ 0006,1,2000,2048860000,1015130,1024430,1024430,9300,0.92,1024430,9300,0.92,1024430,1024430,1399-10-30
874,اشاد102,مشاركت دولتي10-شرايط خاص001226,1,4,3680000,952000,920000,920000,-32000,-3.36,920000,-32000,-3.36,920000,920000,1399-10-30
875,افاد52,منفعت دولت5-ش.خاص سپهر0108,1,2000,2030000000,995000,1015000,1015000,20000,2.01,1015000,20000,2.01,1015000,1015000,1399-10-30
876,تبريز112,مشاركت شهرداري تبريز-3ماهه18%,1,6,5790000,945000,965000,965000,20000,2.12,965000,20000,2.12,965000,965000,1399-10-30
877,تسه99012,امتياز تسهيلات مسكن فروردين99,1,6,60,547660,10,10,-547650,-100.0,10,-547650,-100.0,10,10,1399-10-30
878,مشير9911,مشاركت شهرداري شيراز-3ماهه16%,1,500,495000000,970000,990000,990000,20000,2.06,990000,20000,2.06,990000,990000,1399-10-30
879,اراد36,مرابحه عام دولت3-ش.خ 0104,1,25000,24500000000,965000,980000,980000,15000,1.55,980000,15000,1.55,980000,980000,1399-10-30
880,اراد654,مرابحه عام دولتي65-ش.خ0210,1,540372,500000807880,1000000,925290,925290,-74710,-7.47,925290,-74710,-7.47,925290,925290,1399-10-30
881,اشاد2,مشاركت دولتي2-شرايط خاص001227,1,200,192496400,916650,962482,962482,45832,5.0,962482,45832,5.0,962482,962482,1399-10-30
882,تسه98092,امتياز تسهيلات مسكن آذر98,1,2,20,506291,10,10,-506281,-100.0,10,-506281,-100.0,10,10,1399-10-30
883,ضفار1123,اختيارخ فارس-13826-1399/11/07,1,50,100000,1,1,1,0,0.0,1,0,0.0,1,1,1399-10-30
884,پا ر 9,بار پايه روز 9,1,20000,7700000,380,385,385,5,1.32,385,5,1.32,385,385,1399-10-30
885,وسزنجان,شركت س استان زنجان,1,3750,5062500,1420,1350,1350,-70,-4.93,1420,0,0.0,1350,1350,1399-10-30
886,اخزا805,اسنادخزانه-م5بودجه98-000422,1,3880,3554122680,915000,916011,916011,1011,0.11,916011,1011,0.11,916011,916011,1399-10-30
