,نماد,نام,تعداد,حجم,ارزش,دیروز,اولین,آخرین معامله - مقدار,آخرین معامله - تغییر,آخرین معامله - درصد,قیمت پایانی - مقدار,قیمت پایانی - تغییر,قیمت پایانی - درصد,کمترین,بیشترین,تاریخ
0,پالايش,صندوق پالايشي يکم-سهام,161907,63247256,6703556775890,106170,103510,106440,270,0.25,105990,-180,-0.17,103500,116780,1399-9-15
1,شستا,سرمايه گذاري تامين اجتماعي,87307,209139260,6104906237600,29310,28170,29530,220,0.75,29190,-120,-0.41,28130,29980,1399-9-15
2,خودرو,ايران‌ خودرو,65974,1988364501,8164644520910,3990,3910,4180,190,4.76,4110,120,3.01,3910,4180,1399-9-15
3,بپيوند,برق و انرژي پيوندگستر پارس,61638,55162278,1602296474023,27133,27050,29846,2713,10.0,29047,1914,7.05,27050,29846,1399-9-15
4,وسپهر,سرمايه گذاري مالي سپهرصادرات,56083,133542433,1599582499749,12029,12145,11940,-89,-0.74,11978,-51,-0.42,11800,12147,1399-9-15
5,وتجارت,بانك تجارت,55328,1244438595,4908981210220,3900,3900,3970,70,1.79,3940,40,1.03,3850,4040,1399-9-15
6,شپنا,پالايش نفت اصفهان,49778,228740719,4205221368820,18700,18010,18320,-380,-2.03,18380,-320,-1.71,17780,18930,1399-9-15
7,دارا يكم,صندوق واسطه گري مالي يكم-سهام,43882,25963326,5128011230930,201090,195710,197500,-3590,-1.79,197510,-3580,-1.78,194000,199910,1399-9-15
8,شتران,پالايش نفت تهران,41878,167845522,2416806363960,14760,14200,14350,-410,-2.78,14400,-360,-2.44,14030,14900,1399-9-15
9,ثاميد,توسعه و عمران اميد,39558,284873089,679379893450,2300,2300,2410,110,4.78,2380,80,3.48,2250,2410,1399-9-15
10,چخزر,صنايع چوب خزر كاسپين,36566,246320,6465900000,25000,26250,26250,1250,5.0,25154,154,0.62,26250,26250,1399-9-15
11,فولاد,فولاد مباركه اصفهان,35806,177800363,2544830838080,14320,13900,14390,70,0.49,14310,-10,-0.07,13900,14570,1399-9-15
12,سيتا,سرمايه گذاري سيمان تامين,32140,48418474,867998680530,17490,17200,18030,540,3.09,17930,440,2.52,17200,18300,1399-9-15
13,غزر,صنعتي زر ماكارون,30324,4347628,248004318580,55120,56000,57870,2750,4.99,57040,1920,3.48,55000,57870,1399-9-15
14,شبندر,پالايش نفت بندرعباس,28767,77803799,2295609171470,30190,28980,29260,-930,-3.08,29510,-680,-2.25,28690,30470,1399-9-15
15,ولپارس,ليزينگ پارسيان,28030,78804304,535960480650,6520,6800,6840,320,4.91,6800,280,4.29,6610,6840,1399-9-15
16,پيزد,مجتمع صنايع لاستيك يزد,27713,2568093,231636564841,86759,88490,90985,4226,4.87,90198,3439,3.96,87500,91096,1399-9-15
17,ثبهساز,بهساز كاشانه تهران,27277,125721770,359976872810,2810,2770,2900,90,3.2,2860,50,1.78,2770,2930,1399-9-15
18,امين,تامين سرمايه امين,26119,18495257,233931776130,12470,12590,12600,130,1.04,12650,180,1.44,12500,12840,1399-9-15
19,زملارد,كشاورزي و دامپروري ملارد شير,26076,2596773,112498728046,42058,41000,43620,1562,3.71,43323,1265,3.01,41000,44070,1399-9-15
20,وبصادر,بانك صادرات ايران,25749,563461016,2024194065900,3600,3510,3600,0,0.0,3590,-10,-0.28,3500,3680,1399-9-15
21,شاروم,پتروشيمي اروميه,23976,12656440,295974471098,22287,23401,23401,1114,5.0,23385,1098,4.93,23000,23401,1399-9-15
22,آبادا,توليد نيروي برق آبادان,23921,12693871,261491845470,19660,19900,20640,980,4.98,20600,940,4.78,19760,20640,1399-9-15
23,وبملت,بانك ملت,23821,348904820,1920147268700,5580,5390,5580,0,0.0,5500,-80,-1.43,5340,5660,1399-9-15
24,ذوب,سهامي ذوب آهن  اصفهان,22812,274854739,1580076894288,5557,5560,5834,277,4.98,5749,192,3.46,5411,5834,1399-9-15
25,دي,بانك دي,22655,42343531,2300097163159,51915,54200,54510,2595,5.0,54320,2405,4.63,52400,54510,1399-9-15
26,وپارس,بانك‌پارسيان‌,21871,641301892,2932104459840,4440,4400,4660,220,4.95,4570,130,2.93,4290,4660,1399-9-15
27,پترول,گروه پتروشيمي س. ايرانيان,21474,101897859,1388659586940,13830,13480,13620,-210,-1.52,13630,-200,-1.45,13200,13980,1399-9-15
28,گدنا,تهيه توزيع غذاي دنا آفرين فدك,20981,699433,19721912301,26855,28197,28197,1342,5.0,27359,504,1.88,28197,28197,1399-9-15
29,وپويا,سرمايه گذاري پويا,19592,24226681,219852789507,8995,8800,9150,155,1.72,9075,80,0.89,8751,9194,1399-9-15
30,آريا,پليمر آريا ساسول,19085,3089665,569676213977,183704,180100,186540,2836,1.54,184381,677,0.37,178360,188000,1399-9-15
31,شگويا,پتروشيمي تندگويان,18457,78243216,1031862140693,13199,13199,13070,-129,-0.98,13188,-11,-0.08,12690,13570,1399-9-15
32,حكشتي,كشتيراني جمهوري اسلامي ايران,16347,48882213,1588361277450,31110,31450,32660,1550,4.98,32490,1380,4.44,31380,32660,1399-9-15
33,تليسه,دامداري تليسه نمونه,16341,148818037,1357017492872,8754,8990,9191,437,4.99,9119,365,4.17,8737,9191,1399-9-15
34,البرز,بيمه البرز,15836,354249178,1830492261280,4070,5350,5090,1020,25.06,5170,1100,27.03,5090,5350,1399-9-15
35,غديس,پاكديس,15097,87516712,1185748184235,13767,13079,13985,218,1.58,13549,-218,-1.58,13079,14255,1399-9-15
36,رافزا,رايان هم افزا,14633,85211,3160561201,35325,37091,37091,1766,5.0,35431,106,0.3,37091,37091,1399-9-15
37,وملي,گروه‌ صنعتي‌ ملي‌ (هلدينگ‌,13963,3640515,1140054124740,325160,321490,309300,-15860,-4.88,313160,-12000,-3.69,308910,334910,1399-9-15
38,وآيند,بانك  آينده,13794,97586948,2220976778064,23190,22727,22727,-463,-2.0,22759,-431,-1.86,22727,23100,1399-9-15
39,زشگزا,شير و گوشت زاگرس شهركرد,13606,7400783,1191421362484,160873,160310,158490,-2383,-1.48,160986,113,0.07,156100,165690,1399-9-15
40,كفپارس,فرآورده‌هاي‌ نسوز پارس‌,13410,94405054,756092270410,8380,8100,7970,-410,-4.89,8010,-370,-4.42,7970,8290,1399-9-15
41,تاپيكو,س. نفت و گاز و پتروشيمي تأمين,12935,81835257,1397811224760,16930,16950,17080,150,0.89,17080,150,0.89,16650,17470,1399-9-15
42,حفاري,حفاري شمال,12673,76395306,1146738215420,14680,14900,14940,260,1.77,15010,330,2.25,14730,15310,1399-9-15
43,خبهمن,گروه‌بهمن‌,11959,79780550,2349925871430,28110,28390,29490,1380,4.91,29450,1340,4.77,27500,29510,1399-9-15
44,خگستر,گسترش‌سرمايه‌گذاري‌ايران‌خودرو,11957,347216040,1603726850450,4400,4620,4620,220,5.0,4620,220,5.0,4560,4620,1399-9-15
45,قشير,قند شيروان قوچان و بجنورد,11076,32217404,1107142265335,35404,33634,34800,-604,-1.71,34365,-1039,-2.93,33634,36449,1399-9-15
46,ثشاهد,سرمايه‌ گذاري‌ شاهد,10140,34604068,891400562860,24920,24500,26160,1240,4.98,25760,840,3.37,24500,26160,1399-9-15
47,ورازي,بيمه رازي,9783,97784950,1172339634702,12566,11938,12049,-517,-4.11,11989,-577,-4.59,11938,12320,1399-9-15
48,بكهنوج,توليد برق ماهتاب كهنوج,9615,180715501,613541713381,3508,3480,3333,-175,-4.99,3395,-113,-3.22,3333,3580,1399-9-15
49,زبينا,كشاورزي و دامپروري بينالود,9357,11591824,706020717473,59059,61200,60399,1340,2.27,60907,1848,3.13,58420,62011,1399-9-15
50,خكمك,كمك‌فنرايندامين‌,9318,12912456,649644601080,51010,50850,50020,-990,-1.94,50310,-700,-1.37,48460,52000,1399-9-15
51,شبريز,پالايش نفت تبريز,9198,23055409,750226653800,32100,31000,32950,850,2.65,32540,440,1.37,31000,33400,1399-9-15
52,كيسون,شركت كيسون,9162,89372899,1369144056147,14980,15429,15139,159,1.06,15319,339,2.26,14531,15429,1399-9-15
53,فارس,صنايع پتروشيمي خليج فارس,9118,36419217,519999827830,13920,14060,14430,510,3.66,14280,360,2.59,13870,14480,1399-9-15
54,گكوثر,هتل پارسيان كوثر اصفهان,9054,4367652,744396107908,164843,169998,167410,2567,1.56,170434,5591,3.39,165500,176000,1399-9-15
55,خپارس,پارس‌ خودرو,8487,106527606,842688909540,7700,7600,8080,380,4.94,7910,210,2.73,7320,8080,1399-9-15
56,غگل,گلوكوزان‌,8172,111006833,560332286360,4870,4790,5110,240,4.93,5050,180,3.7,4650,5110,1399-9-15
57,صبا,سرمايه گذاري صبا تامين,8145,27398092,264310906720,9492,9450,9720,228,2.4,9647,155,1.63,9280,9920,1399-9-15
58,بزاگرس,نيروگاه زاگرس كوثر,8051,41221405,544111442289,13481,13010,13610,129,0.96,13200,-281,-2.08,12807,13900,1399-9-15
59,بجهرم,توسعه مولد نيروگاهي جهرم,7780,61436663,267311981171,4289,4200,4385,96,2.24,4351,62,1.45,4200,4432,1399-9-15
60,اخابر,مخابرات ايران,7738,42819220,706305545420,16180,16400,16720,540,3.34,16500,320,1.98,15750,16890,1399-9-15
61,بكام,كارخانجات توليدي شهيد قندي,7516,68236014,354918479590,5110,5260,5150,40,0.78,5200,90,1.76,4950,5330,1399-9-15
62,ولساپا,ليزينگ رايان‌ سايپا,7492,149660460,719288777110,4600,4670,4810,210,4.57,4810,210,4.57,4540,4830,1399-9-15
63,ونوين,بانك‌اقتصادنوين‌,7449,170796331,980514266100,5550,5470,5820,270,4.86,5740,190,3.42,5450,5820,1399-9-15
64,سبزوا,سيمان لار سبزوار,7436,51464127,325200123785,6269,6110,6256,-13,-0.21,6319,50,0.8,6001,6450,1399-9-15
65,ساوه,سيمان ساوه,7347,3744622,222634447620,60174,59000,60410,236,0.39,59454,-720,-1.2,57166,61500,1399-9-15
66,دماوند,توليد نيروي برق دماوند,7125,6679409,516974653648,79384,79386,77031,-2353,-2.96,77398,-1986,-2.5,76000,79900,1399-9-15
67,پتاير,ايران‌ تاير,6975,3172246,554316480980,173000,172200,173600,600,0.35,174740,1740,1.01,168510,178540,1399-9-15
68,تبرك,گروه كارخانجات صنعتي تبرك,6828,15721273,404080540554,25028,24900,26279,1251,5.0,25703,675,2.7,24150,26279,1399-9-15
69,ومعادن,توسعه‌معادن‌وفلزات‌,6584,48325909,729853835160,14820,14380,15190,370,2.5,15100,280,1.89,14200,15450,1399-9-15
70,فخوز,فولاد  خوزستان,6502,13104309,512700206650,38850,39030,38930,80,0.21,39120,270,0.69,38040,39940,1399-9-15
71,قنيشا,قند  نيشابور,6402,5794029,407641094730,71280,70500,69780,-1500,-2.1,70360,-920,-1.29,68370,72990,1399-9-15
72,فاذر,صنايع‌ آذرآب‌,6392,10967257,395224028590,35100,36190,36850,1750,4.99,36040,940,2.68,33600,36850,1399-9-15
73,چكاپا,گروه صنايع كاغذ پارس,6329,42771357,307740980220,7030,6980,7290,260,3.7,7200,170,2.42,6870,7310,1399-9-15
74,فرابورس,فرابورس ايران,6255,10513393,591190101106,54321,54700,57037,2716,5.0,56232,1911,3.52,53120,57037,1399-9-15
75,قصفها,قنداصفهان‌,6208,3783288,886927656580,214870,225610,236350,21480,10.0,234430,19560,9.1,225610,236350,1399-9-15
76,فنوال,نورد آلومينيوم‌,6127,12365833,384045797720,31340,30250,30630,-710,-2.27,31060,-280,-0.89,30010,31900,1399-9-15
77,شيران,س. صنايع‌شيميايي‌ايران,6053,20800109,803649701310,37060,37700,38910,1850,4.99,38640,1580,4.26,37000,38910,1399-9-15
78,تملت,تامين سرمايه بانك ملت,5978,26802634,255399694690,9390,9390,9700,310,3.3,9530,140,1.49,8940,9800,1399-9-15
79,غگيلا,شيرپاستوريزه پگاه گيلان,5974,162297,2909498319,17074,17927,17927,853,5.0,17121,47,0.28,17927,17927,1399-9-15
80,كرمان,س. توسعه و عمران استان كرمان,5932,9814885,845823985858,82688,83480,86822,4134,5.0,86178,3490,4.22,82710,86822,1399-9-15
81,زدشت,كشت و صنعت دشت خرم دره,5914,14140475,771797026675,49990,53700,54989,4999,10.0,54581,4591,9.18,52000,54989,1399-9-15
82,خزاميا,زامياد,5837,39097928,602061778540,15050,14670,15800,750,4.98,15400,350,2.33,14600,15800,1399-9-15
83,كچاد,معدني‌وصنعتي‌چادرملو,5767,27361735,589439508560,20730,20090,21760,1030,4.97,21540,810,3.91,20090,21760,1399-9-15
84,سمايه,بانك سرمايه,5754,35236474,310053965233,9002,9002,8732,-270,-3.0,8799,-203,-2.26,8732,9150,1399-9-15
85,بركت,گروه دارويي بركت,5691,33152854,620248486360,17950,18180,18840,890,4.96,18710,760,4.23,17950,18840,1399-9-15
86,فاراك,ماشين‌ سازي‌ اراك‌,5518,43062054,354002943340,8100,8100,8350,250,3.09,8220,120,1.48,7900,8380,1399-9-15
87,وصنعت,سرمايه گذاري توسعه صنعت وتجارت,5463,32467308,297792093060,9220,9010,9160,-60,-0.65,9170,-50,-0.54,9010,9350,1399-9-15
88,وساپا,سرمايه‌گذاري‌ سايپا,5386,54566177,549653752330,9660,9690,10140,480,4.97,10070,410,4.24,9690,10140,1399-9-15
89,كگل,معدني و صنعتي گل گهر,5368,22575338,467986127160,19980,19950,20970,990,4.95,20730,750,3.75,19470,20970,1399-9-15
90,لپارس,پارس‌ الكتريك‌,5103,2278942,325141544980,149510,142150,142040,-7470,-5.0,142670,-6840,-4.57,142040,148000,1399-9-15
91,تايرا,تراكتورسازي‌ايران‌,5058,39671487,1173878702230,30770,31000,29450,-1320,-4.29,29590,-1180,-3.83,29240,32300,1399-9-15
92,وپاسار,بانك  پاسارگاد,4864,52307232,612957102240,11710,11710,11740,30,0.26,11720,10,0.09,11660,11800,1399-9-15
93,وتوس,توسعه‌شهري‌توس‌گستر,4788,10258416,284411039090,27330,27000,27950,620,2.27,27720,390,1.43,26190,28500,1399-9-15
94,وساخت,سرمايه‌ گذاري‌ ساختمان‌ايران‌,4631,4601290,339851045560,72800,71500,74980,2180,2.99,73860,1060,1.46,70000,75000,1399-9-15
95,قثابت,قند ثابت‌ خراسان‌,4579,5417260,485464599860,86160,90430,90460,4300,4.99,89610,3450,4.0,86450,90460,1399-9-15
96,حسير,ريل سير كوثر,4461,18498643,336928563023,17663,17000,18100,437,2.47,18214,551,3.12,16810,18546,1399-9-15
97,كسرا,سراميك‌هاي‌صنعتي‌اردكان‌,4405,16155135,484465720150,29430,28400,30870,1440,4.89,29990,560,1.9,27960,30900,1399-9-15
98,ثقزوي,شركت عمران و سازندگي قزوين,4377,12576718,316293835548,25793,25980,25030,-763,-2.96,25149,-644,-2.5,25020,25980,1399-9-15
99,ستران,سيمان‌ تهران‌,4345,10241457,378867397970,36500,34680,38320,1820,4.99,36990,490,1.34,34680,38320,1399-9-15
100,ودي,بيمه  دي,4293,21224046,617397024625,28069,27890,29472,1403,5.0,29090,1021,3.64,27150,29472,1399-9-15
101,ماديرا,صنايع ماشين هاي اداري ايران,4284,12403486,379879719746,29538,28510,31014,1476,5.0,30627,1089,3.69,28510,31014,1399-9-15
102,تنوينح,ح . تامين سرمايه نوين,4245,17876912,96169398281,5302,5270,5430,128,2.41,5380,78,1.47,4983,5495,1399-9-15
103,غنوش,نوش‌ مازندران‌,4231,5655662,409906814820,70250,71000,73100,2850,4.06,72480,2230,3.17,69500,73760,1399-9-15
104,خرينگ,رينگ‌سازي‌مشهد,4227,5049233,324340820530,61600,61600,64680,3080,5.0,64240,2640,4.29,61600,64680,1399-9-15
105,خمحركه,نيرو محركه‌,4136,41924581,320491039490,7410,7200,7780,370,4.99,7640,230,3.1,7100,7780,1399-9-15
106,تپمپي,پمپ‌ سازي‌ ايران‌,4032,6555970,220478676790,33470,33050,32990,-480,-1.43,33630,160,0.48,32920,34600,1399-9-15
107,كگاز,شيشه‌ و گاز,3845,8586569,215187400760,25500,25970,24750,-750,-2.94,25060,-440,-1.73,24480,25970,1399-9-15
108,خاذين,سايپاآذين‌,3801,47628848,309575912670,6260,6210,6570,310,4.95,6500,240,3.83,6210,6570,1399-9-15
109,ما,بيمه  ما,3747,33080715,312230795430,9580,9900,9630,50,0.52,9440,-140,-1.46,9110,9900,1399-9-15
110,فسرب,ملي‌ سرب‌وروي‌ ايران‌,3733,2335528,357002563070,146300,150010,153610,7310,5.0,152860,6560,4.48,146300,153610,1399-9-15
111,چدن,توليدي چدن سازان,3717,21219028,767783245530,34500,36220,36220,1720,4.99,36180,1680,4.87,35740,36220,1399-9-15
112,وشهر,بانك شهر,3689,69076337,592575932819,8254,8300,8584,330,4.0,8579,325,3.94,8254,8584,1399-9-15
113,وبانك,سرمايه گذاري گروه توسعه ملي,3685,17799621,199315045910,11230,11450,11220,-10,-0.09,11200,-30,-0.27,11000,11510,1399-9-15
114,انرژي3,سايراشخاص بورس انرژي,3600,1059811,335281048350,303310,314000,318470,15160,5.0,316360,13050,4.3,303340,318470,1399-9-15
115,آريان,سرمايه گذاري پارس آريان,3572,61605603,979959041153,16322,15833,16100,-222,-1.36,15907,-415,-2.54,15833,16149,1399-9-15
116,ومهان,گروه توسعه مالي مهر آيندگان,3554,22432901,394068923624,17007,16650,17857,850,5.0,17567,560,3.29,16350,17857,1399-9-15
117,غدام,خوراك‌  دام‌ پارس‌,3523,1565119,435925152710,286460,272140,289790,3330,1.16,278530,-7930,-2.77,272140,296500,1399-9-15
118,قرن,پديده شيمي قرن,3487,3554194,216764227370,58920,57920,61770,2850,4.84,60990,2070,3.51,57910,61770,1399-9-15
119,چكارن,كارتن‌ ايران‌,3411,39877629,162520301840,3990,3830,4180,190,4.76,4080,90,2.26,3830,4180,1399-9-15
120,ختوقا,قطعات‌ اتومبيل‌ ايران‌,3409,62712601,261989493400,4010,4050,4210,200,4.99,4180,170,4.24,3950,4210,1399-9-15
121,وسين,بيمه سينا,3402,15335915,390425702149,26558,25988,25590,-968,-3.64,25458,-1100,-4.14,25231,26550,1399-9-15
122,آگاس,صندوق س.هستي بخش آگاه-س,3398,3938301,296443692618,74770,73650,76086,1316,1.76,75272,502,0.67,73000,76160,1399-9-15
123,كمند,صندوق س. با درآمد ثابت كمند,3321,146075498,1485019463026,10154,10164,10165,11,0.11,10166,12,0.12,10162,10171,1399-9-15
124,سرو,صندوق س سروسودمند مدبران-سهام,3267,4494127,323316524080,71290,70600,72000,710,1.0,71940,650,0.91,70230,73000,1399-9-15
125,شكلر,نيروكلر,3257,4083607,250226412840,60400,58500,60900,500,0.83,61280,880,1.46,58500,63410,1399-9-15
126,وگردش,بانك گردشگري,3254,16296884,352223988801,21170,21381,21630,460,2.17,21613,443,2.09,20600,21805,1399-9-15
127,ونيرو,سرمايه‌گذاري‌نيرو,3240,59241380,275326326010,4470,4590,4690,220,4.92,4650,180,4.03,4550,4690,1399-9-15
128,بپاس,بيمه پاسارگاد,3189,6402373,562466884179,87845,88500,87847,2,0.0,87853,8,0.01,87500,88500,1399-9-15
129,مدير,ص.س.مديريت ثروت ص.بازنشستگي-س,3142,20289536,221736467003,10757,10689,11110,353,3.28,10929,172,1.6,10545,11112,1399-9-15
130,كاوه,فولاد كاوه جنوب كيش,3058,21080924,465409052750,21130,21050,22180,1050,4.97,22080,950,4.5,21050,22180,1399-9-15
131,لسرما,سرما آفرين‌,2971,5012314,162521674120,31580,32750,33150,1570,4.97,32420,840,2.66,31200,33150,1399-9-15
132,ملت,بيمه ملت,2956,13843985,234933518280,17640,16850,16990,-650,-3.68,16970,-670,-3.8,16760,17480,1399-9-15
133,خاهن,آهنگري‌ تراكتورسازي‌ ايران‌,2952,15491321,615323561430,37900,36360,39790,1890,4.99,39720,1820,4.8,36360,39790,1399-9-15
134,ومعلم,بيمه معلم,2949,20103612,158150381957,7828,7600,8049,221,2.82,7867,39,0.5,7500,8150,1399-9-15
135,پارسان,گسترش نفت و گاز پارسيان,2903,20309234,488088145310,23860,22750,24000,140,0.59,24030,170,0.71,22750,24670,1399-9-15
136,تكشا,گسترش‌صنايع‌وخدمات‌كشاورزي‌,2901,2782693,165752072620,62170,59070,59100,-3070,-4.94,59570,-2600,-4.18,59070,60960,1399-9-15
137,ثفارس,عمران‌وتوسعه‌فارس‌,2872,76695685,663118604140,8250,8660,8660,410,4.97,8650,400,4.85,8400,8660,1399-9-15
138,وپست,پست بانك ايران,2862,30550628,571749472440,17850,18010,18740,890,4.99,18710,860,4.82,18010,18740,1399-9-15
139,هرمز,فولاد هرمزگان جنوب,2853,21905719,295520067403,13048,12772,13700,652,5.0,13491,443,3.4,12750,13700,1399-9-15
140,شغدير,پتروشيمي غدير,2821,10264373,671965097780,62521,64900,65647,3126,5.0,65466,2945,4.71,62700,65647,1399-9-15
141,امين يكم,صندوق درآمد ثابت امين يكم فردا,2801,115969064,1182067580410,10163,10189,10198,35,0.34,10193,30,0.3,10171,10200,1399-9-15
142,وهور,مديريت انرژي اميد  تابان هور,2747,10396357,451396869900,41554,42200,43631,2077,5.0,43419,1865,4.49,41732,43631,1399-9-15
143,شفارا,پتروشيمي فارابي,2719,26289371,124726703365,4886,4645,4791,-95,-1.94,4744,-142,-2.91,4642,4990,1399-9-15
144,بالاس,مهندسي ساختمان تاسيسات راه آهن,2714,3806370,236351258771,59503,60610,62478,2975,5.0,62094,2591,4.35,56528,62478,1399-9-15
145,رنيك,جنرال مكانيك,2699,11889298,345775344460,28089,27002,29493,1404,5.0,29083,994,3.54,26700,29493,1399-9-15
146,خمهر,مهركام‌پارس‌,2626,30030122,227536375700,7460,7200,7830,370,4.96,7580,120,1.61,7090,7830,1399-9-15
147,خنصير,مهندسي‌نصيرماشين‌,2626,5678806,257137651490,45720,43440,46450,730,1.6,45280,-440,-0.96,43440,47500,1399-9-15
148,وبوعلي,سرمايه‌گذاري‌بوعلي‌,2625,20456358,157593363560,7600,7270,7900,300,3.95,7700,100,1.32,7270,7950,1399-9-15
149,افق,فروشگاههاي زنجيره اي افق كوروش,2622,1577875,130984941930,82780,81870,83680,900,1.09,83010,230,0.28,80500,84770,1399-9-15
150,ساربيل,سيمان آرتا اردبيل,2579,4929760,243040307870,51220,48660,49600,-1620,-3.16,49300,-1920,-3.75,48660,51060,1399-9-15
151,كترام,توليدي‌ كاشي‌ تكسرام‌,2565,5906072,221422994560,39220,37260,37260,-1960,-5.0,37490,-1730,-4.41,37260,39000,1399-9-15
152,ثاخت,بين‌المللي‌توسعه‌ساختمان,2559,39457978,166040050260,4050,3980,4250,200,4.94,4210,160,3.95,3980,4250,1399-9-15
153,كالا,بورس كالاي ايران,2554,4172169,183140006730,42780,42210,44910,2130,4.98,43900,1120,2.62,41100,44910,1399-9-15
154,ولغدر,ليزينگ‌خودروغدير,2543,11627293,292721902860,24120,24120,25320,1200,4.98,25180,1060,4.39,24120,25320,1399-9-15
155,مرقام,ايران‌ارقام‌,2540,6484423,171215672960,25360,26150,26620,1260,4.97,26400,1040,4.1,25410,26620,1399-9-15
156,فلامي,لاميران‌,2540,3942126,157010894950,41490,43440,39420,-2070,-4.99,39830,-1660,-4.0,39420,43440,1399-9-15
157,كطبس,ذغال‌سنگ‌ نگين‌ ط‌بس‌,2529,6114344,422447417310,66320,69630,69630,3310,4.99,69090,2770,4.18,66410,69630,1399-9-15
158,رانفور,خدمات‌انفورماتيك‌,2523,4885280,181068048720,37270,37350,36900,-370,-0.99,37060,-210,-0.56,36600,38240,1399-9-15
159,غشهداب,كشت و صنعت شهداب ناب خراسان,2519,32233888,147476635953,4452,4260,4674,222,4.99,4575,123,2.76,4260,4674,1399-9-15
160,سپح,ح . پرداخت الكترونيك سامان كيش,2514,5487617,90099795240,16240,17000,16430,190,1.17,16420,180,1.11,15520,17000,1399-9-15
161,سشرق,سيمان‌ شرق‌,2511,22924984,159081648840,6680,6590,7010,330,4.94,6940,260,3.89,6510,7010,1399-9-15
162,ثنور,سرمايه گذاري كوه نور,2488,21966006,150989117005,6842,6637,7001,159,2.32,6874,32,0.47,6637,7047,1399-9-15
163,غسالم,سالمين‌,2486,26923050,135619578210,4830,4890,5070,240,4.97,5040,210,4.35,4730,5070,1399-9-15
164,تسه9908,امتياز تسهيلات مسكن آبان99,2486,76974,48704350178,641791,641791,609702,-32089,-5.0,632738,-9053,-1.41,609702,660000,1399-9-15
165,نوين,بيمه نوين,2483,34419344,300601918293,8441,8600,8863,422,5.0,8734,293,3.47,8250,8863,1399-9-15
166,كبافق,معادن‌ بافق‌,2441,2929175,130214417600,42620,44600,44750,2130,5.0,44450,1830,4.29,41000,44750,1399-9-15
167,ارزش,صندوق س ارزش آفرين بيدار-سهام,2437,18725090,203786839450,10730,10600,11030,300,2.8,10880,150,1.4,10580,11190,1399-9-15
168,شصدف,صنعتي دوده فام,2430,113351,2859845730,24029,25230,25230,1201,5.0,24094,65,0.27,25230,25230,1399-9-15
169,زاگرس,پتروشيمي زاگرس,2418,1016033,193471050619,184491,184000,192160,7669,4.16,190418,5927,3.21,183700,193000,1399-9-15
170,غويتا,ويتانا,2411,5558460,251721007536,44957,44000,45420,463,1.03,45286,329,0.73,43000,46350,1399-9-15
171,غبهنوش,بهنوش‌ ايران‌,2407,3026777,273947141570,84690,82500,93150,8460,9.99,90510,5820,6.87,77000,93150,1399-9-15
172,ثرود,سرمايه‌گذاري مسكن زاينده رود,2388,14058703,156813108095,11175,11370,11130,-45,-0.4,11154,-21,-0.19,10900,11380,1399-9-15
173,وسكاب,س.ص.بازنشستگي كاركنان بانكها,2370,33962482,243771884320,6920,6880,7260,340,4.91,7180,260,3.76,6860,7260,1399-9-15
174,دشيمي,شيمي‌ داروئي‌ داروپخش‌,2368,3535292,206217994190,56380,57000,59190,2810,4.98,58330,1950,3.46,55020,59190,1399-9-15
175,ارفع,شركت آهن و فولاد ارفع,2341,14338942,214087471188,14456,14400,15178,722,4.99,14930,474,3.28,14099,15178,1399-9-15
176,شسپا,نفت سپاهان,2338,9359894,245416624600,25410,25800,26680,1270,5.0,26220,810,3.19,24810,26680,1399-9-15
177,اميد,تامين سرمايه اميد,2337,22876006,302897056100,12630,13260,13260,630,4.99,13240,610,4.83,12730,13260,1399-9-15
178,كپشيرح,ح . پشم‌شيشه‌ايران‌,2336,8920122,121830521307,13462,13400,13580,118,0.88,13658,196,1.46,12451,14120,1399-9-15
179,وسينا,بانك سينا,2325,17905514,235686430150,13020,13380,13270,250,1.92,13160,140,1.08,13000,13380,1399-9-15
180,تماوند,تامين سرمايه دماوند,2293,18978940,265309870108,14100,13400,14290,190,1.35,13979,-121,-0.86,13395,14440,1399-9-15
181,فنورد,نوردوقطعات‌ فولادي‌,2280,924303,161211151400,174240,165550,180000,5760,3.31,174410,170,0.1,165550,180500,1399-9-15
182,خچرخش,چرخشگر,2247,7336610,135069408820,18400,18500,18410,10,0.05,18410,10,0.05,18000,19050,1399-9-15
183,كپارس,كاشي‌ پارس‌,2245,1824247,285270567560,150660,154400,158190,7530,5.0,156380,5720,3.8,147000,158190,1399-9-15
184,وايران,ليزينگ ايرانيان,2244,16656328,214492773200,12290,12800,12900,610,4.96,12880,590,4.8,12400,12900,1399-9-15
185,ثاباد,توريستي ورفاهي آبادگران ايران,2220,4353253,131528455930,30590,29950,30600,10,0.03,30210,-380,-1.24,29070,31400,1399-9-15
186,ثباغ,شهر سازي و خانه سازي باغميشه,2218,4896941,119837255106,24946,24000,24400,-546,-2.19,24472,-474,-1.9,23710,25300,1399-9-15
187,ميهن,بيمه ميهن,2213,23882544,146894257832,6061,5990,6150,89,1.47,6151,90,1.48,5990,6250,1399-9-15
188,تنوين,تامين سرمايه نوين,2186,38931426,285112403870,7090,6860,7400,310,4.37,7320,230,3.24,6770,7440,1399-9-15
189,خفنر,فنرسازي‌خاور,2183,7550320,150539707440,19980,19210,20320,340,1.7,19940,-40,-0.2,18990,20640,1399-9-15
190,فمراد,آلومراد,2183,1409628,182212824920,132910,133250,126270,-6640,-5.0,129260,-3650,-2.75,126270,139500,1399-9-15
191,ثپرديس,سرمايه گذاري مسكن پرديس,2182,10485671,120620942552,11478,11250,11510,32,0.28,11503,25,0.22,10905,11880,1399-9-15
192,زنگان,صنعت روي زنگان,2169,1502773,173425736516,110082,115586,115586,5504,5.0,115404,5322,4.83,112300,115586,1399-9-15
193,وخارزم,سرمايه گذاري خوارزمي,2159,14342209,158997089920,10620,10860,11150,530,4.99,11090,470,4.43,10670,11150,1399-9-15
194,ثامان,سامان‌ گستراصفهان‌,2131,6499947,136736961070,20760,19750,21790,1030,4.96,21040,280,1.35,19730,21790,1399-9-15
195,زقيام,كشت و دام قيام اصفهان,2122,9228927,380986787917,39327,41293,41293,1966,5.0,41282,1955,4.97,40120,41293,1399-9-15
196,وآذر,سرمايه‌گذاري‌توسعه‌آذربايجان‌,2122,2329127,305493397320,125030,129700,131280,6250,5.0,131160,6130,4.9,125100,131280,1399-9-15
197,وبيمه,سرمايه‌ گذاري‌ صنعت‌ بيمه‌,2116,24647257,85460828330,3450,3450,3500,50,1.45,3470,20,0.58,3300,3580,1399-9-15
198,سفارس,سيمان فارس و خوزستان,2104,13005797,241555557780,17840,17200,18730,890,4.99,18570,730,4.09,17200,18730,1399-9-15
199,غپآذر,شير پگاه آذربايجان شرقي,2102,4427731,251960568664,59049,56097,56900,-2149,-3.64,56905,-2144,-3.63,56097,59049,1399-9-15
200,رمپنا,گروه مپنا (سهامي عام),2051,26384085,527230004910,19100,18300,20050,950,4.97,19980,880,4.61,18300,20050,1399-9-15
201,ثغرب,شركت سرمايه گذاري مسكن شمالغرب,2050,14900557,182633382089,11731,12190,12317,586,5.0,12257,526,4.48,11860,12317,1399-9-15
202,خشرق,الكتريك‌ خودرو شرق‌,2025,7523735,153558102230,19870,19000,20860,990,4.98,20410,540,2.72,19000,20860,1399-9-15
203,پاكشو,گروه صنعتي پاكشو,2001,1148219,108654906780,95630,97540,93500,-2130,-2.23,94630,-1000,-1.05,93220,97550,1399-9-15
204,بكاب,صنايع‌جوشكاب‌يزد,1989,610051,172235917720,273610,286500,287290,13680,5.0,282330,8720,3.19,273650,287290,1399-9-15
205,ثعمرا,عمران و توسعه شاهد,1982,9302776,139525918563,14513,13865,15238,725,5.0,14998,485,3.34,13865,15238,1399-9-15
206,چكاوه,صنايع‌كاغذسازي‌كاوه‌,1972,3633653,100408632260,27820,27500,27500,-320,-1.15,27630,-190,-0.68,27030,28200,1399-9-15
207,غشان,شيرپاستوريزه‌پگاه‌خراسان‌,1971,10290832,89236682360,8660,8410,8600,-60,-0.69,8670,10,0.12,8310,8900,1399-9-15
208,ثنام,س ساختماني ب نام آوران مهندسي,1945,8572883,177243752469,20089,20500,20691,602,3.0,20675,586,2.92,20090,20691,1399-9-15
209,فولاي,صنايع فولاد آلياژي يزد,1927,5096622,193821804031,36499,36690,38323,1824,5.0,38029,1530,4.19,35635,38323,1399-9-15
210,وكار,بانك‌ كارآفرين‌,1920,57212168,244310781960,4140,4100,4340,200,4.83,4270,130,3.14,3940,4340,1399-9-15
211,همراه,شركت ارتباطات سيار ايران,1914,5496028,208036401270,37720,37000,37750,30,0.08,37850,130,0.34,36210,38480,1399-9-15
212,كرماشا,صنايع پتروشيمي كرمانشاه,1907,5322670,242921211920,45610,43400,46490,880,1.93,45640,30,0.07,43400,46950,1399-9-15
213,كلر,كلر پارس,1899,1497732,104678729747,66775,67910,70113,3338,5.0,69891,3116,4.67,67000,70113,1399-9-15
214,شپاكسا,پاكسان‌,1887,4080674,131770423540,31560,31500,32810,1250,3.96,32290,730,2.31,30100,33130,1399-9-15
215,اعتماد,صندوق س.اعتماد آفرين پارسيان-د,1872,51409800,1730702531660,33621,33670,33664,43,0.13,33665,44,0.13,33663,33673,1399-9-15
216,كساوه,صنايع‌ كاشي‌ و سراميك‌ سينا,1864,5883701,491786413640,82260,82200,86350,4090,4.97,83580,1320,1.6,79000,86350,1399-9-15
217,وصندوق,سرمايه‌گذاري‌صندوق‌بازنشستگي‌,1862,25283278,424197134680,16090,15550,16890,800,4.97,16780,690,4.29,15550,16890,1399-9-15
218,سپاها,سيمان‌سپاهان‌,1862,12891085,124078333970,9320,8920,9780,460,4.94,9630,310,3.33,8920,9780,1399-9-15
219,تاصيكو,سرمايه گذاري صدرتامين,1853,20424444,240235750580,11290,10870,11850,560,4.96,11760,470,4.16,10870,11850,1399-9-15
220,غصينو,صنعتي مينو,1850,3944502,297379906935,72055,74900,75657,3602,5.0,75391,3336,4.63,73500,75657,1399-9-15
221,اپرداز,آتيه داده پرداز,1850,6752907,217968672856,31033,30765,32584,1551,5.0,32278,1245,4.01,30100,32584,1399-9-15
222,وسپه,سرمايه‌گذاري‌ سپه‌,1833,11764033,173344781560,14350,14200,15060,710,4.95,14740,390,2.72,13920,15060,1399-9-15
223,پكوير,كوير تاير,1800,5516801,105468263370,19270,18800,19280,10,0.05,19120,-150,-0.78,18310,19700,1399-9-15
224,شاراك,پتروشيمي شازند,1791,8110785,196018297640,24150,23050,24340,190,0.79,24170,20,0.08,23050,24790,1399-9-15
225,زفكا,كشت و دامداري فكا,1783,4110076,222849836341,51724,54300,54310,2586,5.0,54220,2496,4.83,53009,54310,1399-9-15
226,ميدكو,هلدينگ صنايع  معدني خاورميانه,1778,11032077,294628427011,26701,26713,26770,69,0.26,26707,6,0.02,26702,26800,1399-9-15
227,طلا,صندوق س.پشتوانه طلاي لوتوس,1771,1075469,91336773935,84511,84511,84321,-190,-0.22,84927,416,0.49,83764,85880,1399-9-15
228,وسبحان,سرمايه گذاري سبحان,1763,11984911,109587771051,8933,8870,9379,446,4.99,9144,211,2.36,8669,9379,1399-9-15
229,آپ,آسان پرداخت پرشين,1753,5388604,105413399670,18960,19500,19900,940,4.96,19560,600,3.16,18980,19900,1399-9-15
230,كرازي,كارخانجات‌توليدي‌شيشه‌رازي‌,1750,4542397,104478956850,21990,22280,23080,1090,4.96,23000,1010,4.59,22280,23080,1399-9-15
231,سنير,سيمان‌ سفيد ني‌ريز,1750,840953,75631638610,93730,90010,89050,-4680,-4.99,89940,-3790,-4.04,89050,95000,1399-9-15
232,پلاسك,پلاسكوكار,1729,11868224,103074335030,8370,8620,8780,410,4.9,8680,310,3.7,8300,8780,1399-9-15
233,شفارس,صنايع‌ شيميايي‌ فارس‌,1722,5445478,303982531900,53210,54230,55870,2660,5.0,55820,2610,4.91,54230,55870,1399-9-15
234,وبهمن,سرمايه‌گذاري‌بهمن‌,1685,12569318,256045155140,19460,19970,20430,970,4.98,20370,910,4.68,19460,20430,1399-9-15
235,شكربن,كربن‌ ايران‌,1679,1867706,168264402950,90660,91500,89920,-740,-0.82,90090,-570,-0.63,86220,93190,1399-9-15
236,وآرين,شركت توسعه اقتصادي آرين,1657,12155802,73495880389,6216,6031,6030,-186,-2.99,6046,-170,-2.73,6030,6180,1399-9-15
237,فجر,فولاد اميركبيركاشان,1641,1361197,87939204310,64720,62910,64750,30,0.05,64600,-120,-0.19,62910,65900,1399-9-15
238,وآوا,سرمايه گذاري آوا نوين,1633,10767149,176954419068,15856,16173,16648,792,4.99,16435,579,3.65,15300,16648,1399-9-15
239,حپارسا,توسعه حمل و نقل ريلي پارسيان,1632,2969032,102892972001,34891,34000,35140,249,0.71,34655,-236,-0.68,33147,36500,1399-9-15
240,كحافظ,كاشي‌ وسراميك‌ حافظ‌,1623,7149759,149176414480,19990,20390,20980,990,4.95,20860,870,4.35,20210,20980,1399-9-15
241,قجام,فرآوردههاي غذايي وقندتربت‌جام‌,1619,5072587,59129243540,11668,11950,11544,-124,-1.06,11657,-11,-0.09,11400,11950,1399-9-15
242,ختراكح,ح . ريخته‌گري‌ تراكتورسازي‌,1588,5291161,78189599270,13500,14810,14850,1350,10.0,14780,1280,9.48,14010,14850,1399-9-15
243,كهمدا,شيشه‌ همدان‌,1581,6187321,76780106480,12410,12350,12670,260,2.1,12410,0,0.0,11800,12700,1399-9-15
244,چافست,افست‌,1565,3995198,92464618650,23590,23000,22490,-1100,-4.66,23140,-450,-1.91,22420,24100,1399-9-15
245,شاوان,پالايش نفت لاوان,1563,1856147,211544581925,117845,112500,114740,-3105,-2.63,113970,-3875,-3.29,111953,119660,1399-9-15
246,بميلا,توسعه بازرگاني آهن وفولادميلاد,1555,6572850,139858890477,22270,22250,21500,-770,-3.46,21278,-992,-4.45,21157,22250,1399-9-15
247,آ س پ,آ.س.پ,1544,6209612,71477940647,11407,11250,11500,93,0.82,11511,104,0.91,11250,11770,1399-9-15
248,سپ,پرداخت الكترونيك سامان كيش,1543,2903213,51651103390,17330,17500,18050,720,4.15,17790,460,2.65,16700,18160,1399-9-15
249,شفن,پتروشيمي فناوران,1536,672634,201290805460,294190,286000,298770,4580,1.56,299260,5070,1.72,286000,308890,1399-9-15
250,غمينو,شركت صنايع غذايي مينو شرق,1518,7790822,101350927553,12607,12200,13237,630,5.0,13009,402,3.19,12000,13237,1399-9-15
251,حفارس,حمل و نقل بين المللي خليج فارس,1518,20397337,89539131180,4250,4200,4460,210,4.94,4390,140,3.29,4170,4460,1399-9-15
252,خوساز,محورسازان‌ايران‌خودرو,1502,13836388,106403512440,7430,7300,7800,370,4.98,7690,260,3.5,7200,7800,1399-9-15
253,پكرمان,گروه‌ صنعتي‌ بارز,1497,4578131,155973429750,32590,34210,34210,1620,4.97,34070,1480,4.54,32800,34210,1399-9-15
254,ولبهمن,شركت بهمن ليزينگ,1493,37985722,396957255196,9954,10451,10451,497,4.99,10450,496,4.98,10353,10451,1399-9-15
255,كهمداح,ح . شيشه‌ همدان‌,1480,7323789,81111459780,11040,10980,11190,150,1.36,11080,40,0.36,10450,11400,1399-9-15
256,سكرد,سيمان كردستان,1473,7289758,68070901690,9240,8820,9290,50,0.54,9340,100,1.08,8820,9550,1399-9-15
257,حريل,ريل پردازسير,1466,17560075,75072640546,4120,3953,4326,206,5.0,4275,155,3.76,3953,4326,1399-9-15
258,حآسا,آسيا سير ارس,1464,4996705,120965772192,23304,23020,24469,1165,5.0,24209,905,3.88,23020,24469,1399-9-15
259,زمگسا,كشاورزي‌ ودامپروي‌ مگسال‌,1457,5596232,258843003930,42140,45650,46350,4210,9.99,46250,4110,9.75,45020,46350,1399-9-15
260,شبهرن,نفت‌ بهران‌,1449,1898135,120634877140,62120,61010,63600,1480,2.38,63550,1430,2.3,61010,64490,1399-9-15
261,سرچشمه,سرمايه گذاري مس سرچشمه,1445,7762079,67797685282,8587,8250,8999,412,4.8,8734,147,1.71,8250,9000,1399-9-15
262,ختور,رادياتور ايران‌,1443,4236040,170288403730,38580,39100,40500,1920,4.98,40200,1620,4.2,38200,40500,1399-9-15
263,بورس,بورس اوراق بهادار تهران,1441,3308832,192732210420,56540,54420,59360,2820,4.99,58250,1710,3.02,54420,59360,1399-9-15
264,تيپيكو,سرمايه گذاري دارويي تامين,1430,3550638,215552853400,58190,60000,61090,2900,4.98,60710,2520,4.33,56510,61090,1399-9-15
265,خريخت,صنايع‌ريخته‌گري‌ايران‌,1425,30716241,130455370800,4110,4000,4310,200,4.87,4250,140,3.41,4000,4310,1399-9-15
266,غگرجي,بيسكويت‌  گرجي‌,1411,2982184,106222630460,35860,35860,36040,180,0.5,35620,-240,-0.67,34070,36690,1399-9-15
267,واتي,سرمايه‌ گذاري‌ آتيه‌ دماوند,1407,14042195,207269753930,14080,14720,14780,700,4.97,14760,680,4.83,14400,14780,1399-9-15
268,رتاپح,ح.تجارت الكترونيك پارسيان,1391,7933732,40790546030,4970,5000,5200,230,4.63,5140,170,3.42,4960,5280,1399-9-15
269,شوينده,مديريت صنعت شوينده ت.ص.بهشهر,1385,1828162,77946193550,42360,42430,42990,630,1.49,42640,280,0.66,40500,43900,1399-9-15
270,خراسان,پتروشيمي خراسان,1382,1255599,98374763880,76250,76250,80060,3810,5.0,78350,2100,2.75,73210,80060,1399-9-15
271,جم پيلن,پلي پروپيلن جم - جم پيلن,1376,3277149,298306628640,87370,88240,91730,4360,4.99,91030,3660,4.19,87370,91730,1399-9-15
272,ثمسكن,سرمايه‌گذاري‌ مسكن‌,1366,38155633,253912256650,6360,6270,6670,310,4.87,6650,290,4.56,6110,6670,1399-9-15
273,وسديد,گروه ‌صنعتي‌سديد,1364,9411427,192405258323,19889,19310,20485,596,3.0,20444,555,2.79,19310,20485,1399-9-15
274,ثنظام,س. ساختماني نظام مهندسي ايران,1340,2757380,114814252907,40575,40570,41792,1217,3.0,41639,1064,2.62,40000,41792,1399-9-15
275,دفارا,داروسازي‌ فارابي‌,1335,2085419,148416249640,68280,68310,71690,3410,4.99,71170,2890,4.23,68280,71690,1399-9-15
276,حتوكا,حمل‌ونقل‌توكا,1332,5965922,116564398940,18720,19250,19650,930,4.97,19540,820,4.38,18910,19650,1399-9-15
277,شتوكا,توكا رنگ فولاد سپاهان,1328,1598966,65327397920,40621,38610,41440,819,2.02,40856,235,0.58,38590,41949,1399-9-15
278,واميد,گروه مديريت سرمايه گذاري اميد,1322,5142002,200864691220,38100,36810,39800,1700,4.46,39060,960,2.52,36810,39890,1399-9-15
279,غشصفا,شيرپاستوريزه‌پگاه‌اصفهان‌,1300,2325493,74848146380,32300,30710,31780,-520,-1.61,32190,-110,-0.34,30700,33890,1399-9-15
280,وصنا,گروه‌صنايع‌بهشهرايران‌,1289,7951645,112642810890,14180,13510,14310,130,0.92,14170,-10,-0.07,13480,14500,1399-9-15
281,شپديس,پتروشيمي پرديس,1289,1798534,203596817910,112120,114690,112400,280,0.25,113200,1080,0.96,110000,117600,1399-9-15
282,خكاوه,سايپا ديزل,1288,18428835,89609011144,4738,4880,4880,142,3.0,4862,124,2.62,4760,4880,1399-9-15
283,جم,پتروشيمي جم,1277,11264811,549131282780,46670,44480,49000,2330,4.99,48750,2080,4.46,44480,49000,1399-9-15
284,غپاك,لبنيات‌ پاك‌,1255,6630685,100890884980,14580,14790,15300,720,4.94,15220,640,4.39,14790,15300,1399-9-15
285,ساروم,سيمان‌اروميه‌,1242,2765277,76027167640,26290,26980,27600,1310,4.98,27490,1200,4.56,26600,27600,1399-9-15
286,لوتوس,تامين سرمايه لوتوس پارسيان,1241,5185674,78209969940,15640,15170,15190,-450,-2.88,15080,-560,-3.58,14860,15550,1399-9-15
287,دلقما,دارويي‌ لقمان‌,1237,3622390,117850601400,31300,29860,32860,1560,4.98,32530,1230,3.93,29860,32860,1399-9-15
288,بشهاب,لامپ‌  پارس‌ شهاب‌,1234,1384745,91204383350,64900,66200,68140,3240,4.99,65860,960,1.48,61670,68140,1399-9-15
289,ضخود1044,اختيارخ خودرو-4000-1399/10/07,1232,44979,22119236000,462,460,514,52,11.26,492,30,6.49,419,523,1399-9-15
290,تكنو,تكنوتار,1226,3626223,49826150980,13650,13020,13710,60,0.44,13740,90,0.66,13020,14000,1399-9-15
291,پارتا,مجتمع‌صنعتي‌آرتاويل‌تاير,1216,981743,54000410425,56251,55000,54700,-1551,-2.76,55005,-1246,-2.22,54564,56999,1399-9-15
292,واعتبار,سرمايه گذاري اعتبار ايران,1215,12546707,76170560780,6060,6280,5960,-100,-1.65,6070,10,0.17,5770,6280,1399-9-15
293,وگستر,گسترش سرمايه گذاري ايرانيان,1213,4494608,112775771913,24151,23700,25358,1207,5.0,25091,940,3.89,23300,25358,1399-9-15
294,پارس,پتروشيمي پارس,1208,1545570,258096913900,166820,166990,168000,1180,0.71,166990,170,0.1,160410,170000,1399-9-15
295,دپارس,پارس‌ دارو,1203,810873,85148984440,103640,99300,105000,1360,1.31,105010,1370,1.32,99100,108500,1399-9-15
296,رتاپ,تجارت الكترونيك  پارسيان,1197,7686228,55961260970,7030,7030,7380,350,4.98,7280,250,3.56,7000,7380,1399-9-15
297,كسرام,پارس‌ سرام‌,1192,7212552,63965591300,8450,8870,8870,420,4.97,8870,420,4.97,8780,8870,1399-9-15
298,فرآور,فرآوري‌موادمعدني‌ايران‌,1190,4962582,120924423650,23280,24350,24440,1160,4.98,24370,1090,4.68,23500,24440,1399-9-15
299,دعبيد,لابراتوارداروسازي‌  دكترعبيدي‌,1190,1452747,47279027280,31500,31500,32960,1460,4.63,32340,840,2.67,30000,33000,1399-9-15
300,فباهنر,مس‌ شهيدباهنر,1181,1380674,76565194280,55860,55470,55840,-20,-0.04,55450,-410,-0.73,53640,56900,1399-9-15
301,دابور,داروسازي‌ ابوريحان‌,1178,3789000,187585638330,47290,48380,49650,2360,4.99,49510,2220,4.69,47290,49650,1399-9-15
302,اتكاي,بيمه اتكايي ايرانيان,1177,7803530,124129220092,15153,15900,15910,757,5.0,15907,754,4.98,15650,15910,1399-9-15
303,غشهد,شهد ايران ‌,1152,6847372,46943017190,6610,6550,6940,330,4.99,6830,220,3.33,6550,6940,1399-9-15
304,آوا,صندوق س.سهام آواي معيار-س,1148,6113196,57615535246,9284,9151,9547,263,2.83,9425,141,1.52,9150,9547,1399-9-15
305,خمحور,توليدمحورخودرو,1148,2150797,146344681620,64850,68090,68090,3240,5.0,68040,3190,4.92,64900,68090,1399-9-15
306,اتكام,شركت بيمه اتكايي امين,1138,7316938,50395813603,6891,6620,6910,19,0.28,6888,-3,-0.04,6601,7040,1399-9-15
307,عيار,صندوق س. پشتوانه طلاي مفيد,1103,1852371,53424249892,28557,29001,28633,76,0.27,28841,284,0.99,28590,29190,1399-9-15
308,خصدرا,صنعتي‌ دريايي‌ ايران‌,1100,12677254,71880030180,5845,5670,5670,-175,-2.99,5670,-175,-2.99,5670,5670,1399-9-15
309,كفرآور,فرآورده هاي سيمان شرق,1097,5368852,97079541549,18575,18047,18329,-246,-1.32,18082,-493,-2.65,18018,18575,1399-9-15
310,سدبير,س. تدبيرگران فارس وخوزستان,1096,2555492,105818150010,40057,39989,42059,2002,5.0,41408,1351,3.37,38200,42059,1399-9-15
311,كروي,توسعه‌ معادن‌ روي‌ ايران‌,1096,4799194,174002572660,34700,35100,36430,1730,4.99,36260,1560,4.5,34630,36430,1399-9-15
312,سمگا,گروه سرمايه گذاري ميراث فرهنگي,1096,9347568,221369105376,22555,23682,23682,1127,5.0,23682,1127,5.0,23682,23682,1399-9-15
313,ثنوسا,نوسازي‌وساختمان‌تهران‌,1090,13649923,165072091190,11600,11990,12180,580,5.0,12090,490,4.22,11420,12180,1399-9-15
314,لكما,كارخانجات‌مخابراتي‌ايران‌,1086,4838245,45024707970,9593,9306,9306,-287,-2.99,9306,-287,-2.99,9306,9306,1399-9-15
315,وتوسم,سرمايه‌گذاري‌توسعه‌ملي‌,1080,5229798,68077552130,13040,12790,13100,60,0.46,13020,-20,-0.15,12500,13290,1399-9-15
316,دتوليد,داروسازي توليد دارو,1078,3791250,125461404128,32075,30770,33678,1603,5.0,33092,1017,3.17,30770,33678,1399-9-15
317,كاذر,فرآورده‌هاي‌نسوزآذر,1071,2946752,56929904870,19040,18210,19560,520,2.73,19320,280,1.47,18210,19760,1399-9-15
318,فلوله,لوله‌وماشين‌سازي‌ايران‌,1053,6750451,166268051680,23490,23500,24660,1170,4.98,24630,1140,4.85,23500,24660,1399-9-15
319,كساپا,سايپاشيشه‌,1045,2953835,78421566310,26890,25550,26980,90,0.33,26550,-340,-1.26,25550,27500,1399-9-15
320,دانا,بيمه دانا,1044,14105111,104445957830,7170,7100,7520,350,4.88,7400,230,3.21,6940,7520,1399-9-15
321,كمينا,شيشه سازي مينا,1042,2597101,101172290737,37549,37500,39426,1877,5.0,38956,1407,3.75,37000,39426,1399-9-15
322,پرديس,سرمايه گذاري پرديس,1041,5968687,45035421050,7510,7400,7650,140,1.86,7540,30,0.4,7210,7750,1399-9-15
323,فسپا,گروه‌صنعتي‌سپاهان‌,1033,2567443,118364864660,44630,45070,46860,2230,5.0,46100,1470,3.29,43910,46860,1399-9-15
324,شدوص,دوده‌ صنعتي‌ پارس‌,1033,3000705,73944827370,23520,24230,24690,1170,4.97,24640,1120,4.76,23950,24690,1399-9-15
325,لخزر,پارس‌ خزر,1025,235161,42329352680,181030,178000,175000,-6030,-3.33,180150,-880,-0.49,174500,184000,1399-9-15
326,غچين,كشت‌ و صنعت‌ چين‌ چين,1004,1109655,58907255460,52350,52500,52930,580,1.11,53090,740,1.41,50200,54300,1399-9-15
327,افرا,افرانت,1001,1557862,76467998456,47672,47760,50055,2383,5.0,49085,1413,2.96,47100,50055,1399-9-15
328,فولاژ,فولاد آلياژي ايران,995,1465325,40266855120,26930,27390,27900,970,3.6,27270,340,1.26,26310,28000,1399-9-15
329,زكوثر,سرمايه گذاري كشاورزي كوثر,987,3385181,83965953450,23790,24400,24970,1180,4.96,24800,1010,4.25,24000,24970,1399-9-15
330,ثشرق,سرمايه گذاري مسكن شمال شرق,984,17240059,96473497040,5360,5250,5620,260,4.85,5600,240,4.48,5250,5620,1399-9-15
331,غپينو,پارس‌ مينو,980,11819211,95302962010,7720,7990,8100,380,4.92,8060,340,4.4,7810,8100,1399-9-15
332,دتماد,توليدمواداوليه‌داروپخش‌,974,1007303,55413029660,53410,53300,55980,2570,4.81,55010,1600,3.0,51850,56000,1399-9-15
333,تابا,تابان نيرو سپاهان,974,1668326,52623193343,30798,31510,31721,923,3.0,31543,745,2.42,30800,31721,1399-9-15
334,وسلرستا,شركت س استان لرستان,973,28900221,27338340220,940,960,940,0,0.0,940,0,0.0,910,980,1399-9-15
335,چفيبر,فيبر ايران‌,972,7386276,50943332480,6810,6530,7010,200,2.94,6900,90,1.32,6530,7090,1399-9-15
336,كنور,توسعه معدني و صنعتي صبانور,969,3229647,155728873550,46500,46800,48820,2320,4.99,48220,1720,3.7,45500,48820,1399-9-15
337,درازك,دارويي‌ رازك‌,968,4308446,193499927730,42920,41350,45060,2140,4.99,44910,1990,4.64,41350,45060,1399-9-15
338,شگل,گلتاش‌,964,2397588,66137888930,27450,27460,28400,950,3.46,27590,140,0.51,26500,28690,1399-9-15
339,فالوم,آلومتك‌,960,2670920,61302312672,23603,23730,22980,-623,-2.64,22952,-651,-2.76,22895,23730,1399-9-15
340,شخارك,پتروشيمي‌ خارك‌,954,2133881,101152156890,45890,45860,47880,1990,4.34,47370,1480,3.23,45100,48180,1399-9-15
341,فايرا,آلومينيوم‌ايران‌,948,5365355,141604852470,25210,26240,26470,1260,5.0,26390,1180,4.68,24500,26470,1399-9-15
342,والبر,سرمايه‌ گذاري‌ البرز(هلدينگ‌,942,5535911,111543808110,19390,19610,20350,960,4.95,20150,760,3.92,19160,20350,1399-9-15
343,پسهند,صنايع‌ لاستيكي‌  سهند,935,1381736,63775332360,44150,45990,46300,2150,4.87,46160,2010,4.55,45000,46350,1399-9-15
344,هاي وب,داده گسترعصرنوين-هاي وب,932,4370034,136257660120,29700,31180,31180,1480,4.98,31180,1480,4.98,31180,31180,1399-9-15
345,پرداخت,به پرداخت ملت,925,1896711,93268794910,47060,47120,49410,2350,4.99,49170,2110,4.48,46500,49410,1399-9-15
346,وپترو,سرمايه‌گذاري صنايع پتروشيمي‌,916,4084158,83735728620,19610,20470,20590,980,5.0,20500,890,4.54,19800,20590,1399-9-15
347,وليز,ليزينگ‌ايران‌,916,7070001,68373369410,9320,9180,9780,460,4.94,9670,350,3.76,9180,9780,1399-9-15
348,بفجر,فجر انرژي خليج فارس,909,2738746,86088068250,31010,31000,31550,540,1.74,31430,420,1.35,30410,32000,1399-9-15
349,خپويش,سازه‌ پويش‌,902,1011050,36297306440,36360,35110,35500,-860,-2.37,36020,-340,-0.94,34680,37000,1399-9-15
350,دالبر,البرزدارو,900,3047661,73540577550,23120,22910,24270,1150,4.97,24130,1010,4.37,22910,24270,1399-9-15
351,خموتور,موتورسازان‌تراكتورسازي‌ايران‌,898,4500672,47798795430,10230,10120,10740,510,4.99,10590,360,3.52,9990,10740,1399-9-15
352,فپنتا,سپنتا,892,330986,108449104550,324450,330450,328000,3550,1.09,327650,3200,0.99,319600,330450,1399-9-15
353,اوان,مبين وان كيش,890,1997238,132858775667,68655,68655,65223,-3432,-5.0,66521,-2134,-3.11,65223,68655,1399-9-15
354,غدشت,دشت‌ مرغاب‌,887,209466,54022863160,266000,253000,255010,-10990,-4.13,257910,-8090,-3.04,252700,272000,1399-9-15
355,زكشت,كشاورزي مكانيزه اصفهان كشت,883,1765093,55938962910,30287,31000,31801,1514,5.0,31692,1405,4.64,30390,31801,1399-9-15
356,فيروزه,صندوق شاخص30 شركت فيروزه- سهام,881,388844,71187104210,181120,178300,184770,3650,2.02,183070,1950,1.08,178000,185200,1399-9-15
357,فسازان,غلتك سازان سپاهان,878,3037236,99005095180,31560,32000,33130,1570,4.97,32600,1040,3.3,30010,33130,1399-9-15
358,وبشهر,توسعه‌ صنايع‌ بهشهر(هلدينگ,875,5994277,108338611770,17380,17200,18240,860,4.95,18070,690,3.97,17200,18240,1399-9-15
359,غبشهر,صنعتي‌ بهشهر,870,4500965,132640710440,28440,27900,29860,1420,4.99,29470,1030,3.62,27600,29860,1399-9-15
360,وخاور,بانك خاورميانه,863,3733646,40325242810,10830,10420,10910,80,0.74,10810,-20,-0.18,10420,10940,1399-9-15
361,سمازن,سيمان‌مازندران‌,857,5709611,61459430730,10340,10420,10850,510,4.93,10760,420,4.06,10390,10850,1399-9-15
362,وپسا,س. پتروشيمي ساختمان  خليج فارس,857,15828113,62947789032,3864,3979,3979,115,2.98,3977,113,2.92,3870,3979,1399-9-15
363,كاذرح,ح . فرآورده‌هاي‌نسوزآذر,856,2339635,38588991820,16680,15990,16520,-160,-0.96,16490,-190,-1.14,15990,16900,1399-9-15
364,فاما,صنعتي‌ آما,849,1940319,53666946180,26630,27000,27960,1330,4.99,27660,1030,3.87,25850,27960,1399-9-15
365,غفارس,شير پاستوريزه پگاه فارس,849,2282813,21261816023,9319,9050,9370,51,0.55,9317,-2,-0.02,9030,9498,1399-9-15
366,پارسيان,بيمه پارسيان,845,4270906,66250840730,15350,16000,15390,40,0.26,15510,160,1.04,14690,16100,1399-9-15
367,غگلپا,شير پاستوريزه پگاه گلپايگان,844,574584,40508039119,71158,69978,72450,1292,1.82,70620,-538,-0.76,67601,73000,1399-9-15
368,دزهراوي,داروسازي‌زهراوي‌,833,5441178,68886287220,12090,12120,12690,600,4.96,12660,570,4.71,12120,12690,1399-9-15
369,كاردان,صندوق س تجارت شاخصي كاردان,832,537717,100214203220,183870,180220,188300,4430,2.41,186370,2500,1.36,180220,189400,1399-9-15
370,دلر,داروسازي‌ اكسير,828,543598,61520208660,111660,112780,115890,4230,3.79,113170,1510,1.35,106080,116500,1399-9-15
371,بخاور,بيمه زندگي خاورميانه,826,6263627,59756646193,9129,9450,9585,456,5.0,9540,411,4.5,9200,9585,1399-9-15
372,بالبر,كابل‌ البرز,821,1757668,42227408060,23710,24510,23980,270,1.14,23970,260,1.1,23500,24660,1399-9-15
373,ولانا,شركت ليزينگ آريا دانا,814,1507612,29021563011,19255,19825,19500,245,1.27,19250,-5,-0.03,18678,19825,1399-9-15
374,غشاذر,پگاه‌آذربايجان‌غربي‌,811,1814506,38939081930,20640,21670,21670,1030,4.99,21250,610,2.96,20690,21670,1399-9-15
375,دامين,داروسازي‌ امين‌,811,4337135,64178376730,14210,14500,14920,710,5.0,14800,590,4.15,13900,14920,1399-9-15
376,كشرق,صنعتي و معدني شمال شرق شاهرود,811,659802,53853800842,80435,80515,81620,1185,1.47,81621,1186,1.47,80435,84000,1399-9-15
377,شلعاب,لعابيران‌,804,3103543,26122639890,8210,8500,8560,350,4.26,8320,110,1.34,7910,8610,1399-9-15
378,زپارس,ملي كشت و صنعت و دامپروري پارس,800,705403,53805632730,75830,76000,76980,1150,1.52,76280,450,0.59,72040,79620,1399-9-15
379,ولشرق,ليزينگ ايران و شرق,795,10188352,67760726080,6455,6450,6777,322,4.99,6651,196,3.04,6133,6777,1399-9-15
380,گوهران,سرمايه گذاري توسعه گوهران اميد,788,3012102,27189127918,8740,8710,9177,437,5.0,8891,151,1.73,8710,9177,1399-9-15
381,دجابر,داروسازي‌ جابرابن‌حيان‌,783,1078379,44954626870,40720,40740,41690,970,2.38,41570,850,2.09,40720,42550,1399-9-15
382,سشمال,سيمان‌ شمال‌,773,3983205,36159115250,8840,8500,9280,440,4.98,9010,170,1.92,8500,9280,1399-9-15
383,هجرت,پخش هجرت,769,621330,42007051922,65396,65590,68550,3154,4.82,67194,1798,2.75,63220,68660,1399-9-15
384,خديزل,بهمن  ديزل,767,2443058,127146283938,49677,51200,52160,2483,5.0,52044,2367,4.76,50000,52160,1399-9-15
385,كپشير,پشم‌شيشه‌ايران‌,764,1878273,36159538760,18990,19260,19170,180,0.95,19180,190,1.0,18050,19800,1399-9-15
386,قشرين,قند شيرين خراسان,762,4305223,96294296680,21721,22330,22372,651,3.0,22367,646,2.97,21821,22372,1399-9-15
387,قشكر,شكرشاهرود,762,1771081,82725281170,44490,46710,46710,2220,4.99,46710,2220,4.99,46000,46710,1399-9-15
388,سفارود,كارخانه فارسيت درود,752,6465156,62938190868,9572,9763,9763,191,2.0,9735,163,1.7,9410,9763,1399-9-15
389,وايرا,سرمايه گذاري صنايع ايران,750,6975853,56246968960,7956,7720,8194,238,2.99,8063,107,1.34,7720,8194,1399-9-15
390,ولصنم,ليزينگ‌صنعت‌ومعدن‌,750,4864641,51065556010,10030,10180,10530,500,4.99,10490,460,4.59,10030,10530,1399-9-15
391,وتوشه,سرمايه‌ گذاري‌ پارس‌ توشه‌,749,2322937,55997219230,23070,23670,24220,1150,4.98,24110,1040,4.51,23100,24220,1399-9-15
392,كمنگنز,معادن‌منگنزايران‌,742,1161168,122947949480,101160,100000,106210,5050,4.99,105880,4720,4.67,100000,106210,1399-9-15
393,سيدكو,سرمايه گذاري توسعه صنايع سيمان,741,8730756,78419754450,8570,8900,8990,420,4.9,8980,410,4.78,8530,8990,1399-9-15
394,قچار,فراوردههاي غذايي وقند چهارمحال,727,1713529,99785647786,55461,58234,58234,2773,5.0,58234,2773,5.0,58234,58234,1399-9-15
395,سخاش,سيمان‌خاش‌,721,268871,25185533370,89380,93790,93820,4440,4.97,91440,2060,2.3,90100,93840,1399-9-15
396,اطلس,صندوق س.توسعه اندوخته آينده-س,714,179732,37869973560,207945,207670,212500,4555,2.19,210702,2757,1.33,205300,213000,1399-9-15
397,فخاس,فولاد خراسان,709,1182697,38294956380,32330,32330,32880,550,1.7,32350,20,0.06,31210,33000,1399-9-15
398,مارون,پتروشيمي مارون,709,713997,102467825163,137961,139950,144859,6898,5.0,143430,5469,3.96,136310,144859,1399-9-15
399,زگلدشت,كشت و دام گلدشت نمونه اصفهان,702,1517117,66651887645,41851,43890,43943,2092,5.0,43933,2082,4.97,43000,43943,1399-9-15
400,توريل,توکاريل,699,2894088,68210465432,22545,23350,23672,1127,5.0,23569,1024,4.54,23010,23672,1399-9-15
401,سخوز,سيمان خوزستان,685,2419295,61006773190,24060,25100,25260,1200,4.99,25220,1160,4.82,24300,25260,1399-9-15
402,سبهان,سيمان‌ بهبهان‌,684,1101860,65601071190,57010,55250,59860,2850,5.0,59540,2530,4.44,55240,59860,1399-9-15
403,دسبحان,سبحان دارو,674,2491822,57414512920,22020,22100,23120,1100,5.0,23040,1020,4.63,22100,23120,1399-9-15
404,لبوتان,گروه‌صنعتي‌بوتان‌,673,594567,44614268700,71510,74990,75080,3570,4.99,74510,3000,4.2,71000,75080,1399-9-15
405,وآتوس,س.آرين توسكا قيمت اسمي 350ريال,670,1552274,53789043376,35146,36100,35200,54,0.15,34652,-494,-1.41,34092,36100,1399-9-15
406,كفرا,فراورده‌ هاي‌ نسوزايران‌,660,509926,27244335570,52010,50020,53810,1800,3.46,52760,750,1.44,50020,54600,1399-9-15
407,مبين,مبين انرژي خليج فارس,660,2309598,56528803990,24190,24130,24590,400,1.65,24350,160,0.66,23770,24990,1399-9-15
408,وتوصا,گروه س توسعه صنعتي ايران,650,5361184,82776680960,14710,15440,15440,730,4.96,15440,730,4.96,15440,15440,1399-9-15
409,ركيش,كارت اعتباري ايران كيش,648,3421681,57294465240,16800,16700,16800,0,0.0,16740,-60,-0.36,16000,17260,1399-9-15
410,كي بي سي,شركت كي بي سي,642,1603994,51902960440,31198,30540,32757,1559,5.0,32359,1161,3.72,30000,32757,1399-9-15
411,شيراز,پتروشيمي‌شيراز,639,1198153,70001400310,58660,57740,58850,190,0.32,58490,-170,-0.29,56800,59900,1399-9-15
412,وزمين,بانك ايران زمين,632,5600674,71680663746,12549,12799,12799,250,1.99,12799,250,1.99,12700,12799,1399-9-15
413,گوهر,صندوق سكه طلاي كيان,629,950956,55131552726,56988,58410,58300,1312,2.3,57975,987,1.73,57000,59200,1399-9-15
414,غاذر,كشت‌وصنعت‌پياذر,627,1281479,113044556160,84210,84500,88420,4210,5.0,88210,4000,4.75,84500,88420,1399-9-15
415,وپخش,داروپخش‌ (هلدينگ‌,626,495231,69582937280,136000,131500,136000,0,0.0,140510,4510,3.32,131500,142800,1399-9-15
416,ثاژن,سخت آژند,625,3458683,26793338138,7859,7950,7782,-77,-0.98,7747,-112,-1.43,7702,7970,1399-9-15
417,قمرو,قند مرودشت‌,617,1551052,43160974210,26860,27000,28200,1340,4.99,27670,810,3.02,25700,28200,1399-9-15
418,قهكمت,قندهكمتان‌,609,692823,37504235150,51740,54000,54320,2580,4.99,53460,1720,3.32,52020,54320,1399-9-15
419,پارند,صندوق س. پارند پايدار سپهر,606,19296313,220363377774,11403,11412,11420,17,0.15,11420,17,0.15,11401,11441,1399-9-15
420,كيان,صندوق س. با درآمد ثابت كيان,606,10739180,281155790432,26154,26180,26180,26,0.1,26180,26,0.1,26179,26189,1399-9-15
421,معيار,سرمايه گذاري معيار صنعت پارس,598,1418023,38883013460,28523,27383,27383,-1140,-4.0,27421,-1102,-3.86,27383,28210,1399-9-15
422,شرانل,نفت ايرانول,598,1744725,64288740293,35138,36894,36894,1756,5.0,36847,1709,4.86,35490,36894,1399-9-15
423,شراز,پالايش نفت شيراز,598,1445707,156021318294,103524,102000,108700,5176,5.0,107920,4396,4.25,100020,108700,1399-9-15
424,كاريس,صندوق س.سپهر كاريزما-س,597,339965,72459302051,208864,208999,215400,6536,3.13,213138,4274,2.05,204020,215500,1399-9-15
425,آساس,صندوق س.آسمان آرماني سهام-س,596,405911,70520970821,172803,173000,173000,197,0.11,173735,932,0.54,168683,175000,1399-9-15
426,شنفت,نفت‌ پارس‌,593,698114,44461162590,63690,60510,63050,-640,-1.0,63690,0,0.0,60510,66700,1399-9-15
427,سكه0012پ01,سكه تمام بهارتحويلي 1روزه رفاه,585,203400,238490879500,1146459,1162000,1171001,24542,2.14,1172521,26062,2.27,1161500,1180000,1399-9-15
428,دسبحا,گروه دارويي سبحان,579,2660190,55065877660,19830,19110,20820,990,4.99,20700,870,4.39,19100,20820,1399-9-15
429,بسويچ,پارس‌سويچ‌,579,427119,18150521040,43790,42190,43000,-790,-1.8,43310,-480,-1.1,41850,43590,1399-9-15
430,دسانكو,داروسازي سبحان انكولوژي,572,3340318,61121210901,17461,17896,18334,873,5.0,18298,837,4.79,17520,18334,1399-9-15
431,زر,صندوق س.پشتوانه سكه طلاي زر,572,547105,27331014040,49142,50750,49525,383,0.78,49956,814,1.66,49400,50750,1399-9-15
432,آساميد,صندوق س.مشترك آسمان اميد -د,572,26256703,292506117115,11126,11141,11140,14,0.13,11140,14,0.13,11139,11148,1399-9-15
433,نتوس,پشم‌ بافي‌ توس,571,2328162,23401597094,9915,9618,10212,297,3.0,10052,137,1.38,9618,10212,1399-9-15
434,حبندر,دريايي و کشتيراني خط دريابندر,569,1728504,53037741197,29905,30790,30802,897,3.0,30684,779,2.6,29050,30802,1399-9-15
435,دكوثر,داروسازي‌ كوثر,566,1499916,35074696410,22360,23470,23470,1110,4.96,23050,690,3.09,22650,23470,1399-9-15
436,فلات,گروه صنايع معادن فلات ايرانيان,563,3359125,51336931116,15684,15215,15301,-383,-2.44,15283,-401,-2.56,15214,15570,1399-9-15
437,خفناور,مهندسي صنعتي روان فن آور,563,1030940,27293974557,25820,26540,26594,774,3.0,26475,655,2.54,25400,26594,1399-9-15
438,فسديد,لوله‌وتجهيزات‌ سديد - ورشكسته,559,911852,99319878085,109576,108481,108481,-1095,-1.0,108921,-655,-0.6,108481,110671,1399-9-15
439,خودكفا,اقتصادي و خودكفايي آزادگان,558,4037197,126985994438,30538,31454,31454,916,3.0,31454,916,3.0,31454,31454,1399-9-15
440,سصوفي,سيمان‌ صوفيان‌,548,1802883,28931743080,15320,16080,16080,760,4.96,15720,400,2.61,15600,16080,1399-9-15
441,كپرور,فرآوري زغال سنگ پروده طبس,543,780693,36716406937,46374,47390,45540,-834,-1.8,46849,475,1.02,44380,48000,1399-9-15
442,ساراب,سيمان‌ داراب‌,540,3570061,45965855500,12370,12380,12980,610,4.93,12820,450,3.64,12110,12980,1399-9-15
443,خاور,ايران خودرو ديزل,535,7626561,45744112878,5824,5998,5998,174,2.99,5998,174,2.99,5998,5998,1399-9-15
444,سكرما,سيمان‌ كرمان‌,535,1677782,26197308550,15090,14700,15840,750,4.97,15360,270,1.79,14550,15840,1399-9-15
445,شفا,سرمايه گذاري شفادارو,535,378490,22357104070,57890,59000,59000,1110,1.92,58410,520,0.9,56000,59990,1399-9-15
446,حپترو,حمل و نقل پتروشيمي( سهامي عام,531,1116232,30426588310,26320,26470,27630,1310,4.98,26870,550,2.09,26320,27630,1399-9-15
447,ثالوند,سرمايه گذاري مسكن الوند,529,3871299,61602671207,15163,15921,15921,758,5.0,15913,750,4.95,15480,15921,1399-9-15
448,آتيمس,صندوق س.آرمان آتيه درخشان مس-س,529,180044,40180674506,221707,210666,226020,4313,1.95,223171,1464,0.66,210666,226020,1399-9-15
449,حخزر,كشتيراني درياي خزر,529,1109282,29347175231,27008,27899,26010,-998,-3.7,26677,-331,-1.23,25702,27899,1399-9-15
450,دارو,كارخانجات‌داروپخش‌,528,576021,33063321340,55360,56300,58120,2760,4.99,56660,1300,2.35,54210,58120,1399-9-15
451,ولملت,واسپاري ملت,515,2236805,25013346090,11090,11630,11100,10,0.09,11140,50,0.45,10820,11630,1399-9-15
452,ددام,داروسازي زاگرس فارمد پارس,513,3695982,55797458700,14570,14390,15290,720,4.94,15100,530,3.64,14000,15290,1399-9-15
453,سفانو,سيمان فارس نو,512,1075110,38544236760,34330,34000,36040,1710,4.98,35450,1120,3.26,34000,36040,1399-9-15
454,شپلي,پلي اكريل ايران,510,6972889,59213773388,8088,8492,8492,404,5.0,8492,404,5.0,8492,8492,1399-9-15
455,تملتح,ح . تامين سرمايه بانك ملت,502,26038966,208311728000,8000,8000,8000,0,0.0,8000,0,0.0,8000,8000,1399-9-15
456,دروز,داروسازي‌ روزدارو,502,885036,16110545320,17740,18600,18580,840,4.74,17890,150,0.85,17500,18620,1399-9-15
457,داسوه,داروسازي‌ اسوه‌,502,992073,29754083560,28870,30290,30310,1440,4.99,29510,640,2.22,29100,30310,1399-9-15
458,وثوق,سرمايه گذاري وثوق امين,501,1517467,18070390997,11577,11924,11924,347,3.0,11868,291,2.51,11577,11924,1399-9-15
459,قاسم,قاسم ايران,499,4152143,53072691826,12174,12782,12782,608,4.99,12782,608,4.99,12782,12782,1399-9-15
460,خلنت,لنت‌ ترمزايران‌,498,280271,22644741870,78090,79790,81500,3410,4.37,79270,1180,1.51,76610,81990,1399-9-15
461,رتكو,كنترل‌خوردگي‌تكين‌كو,492,3641817,67326185220,17640,18000,18520,880,4.99,18490,850,4.82,17740,18520,1399-9-15
462,شپارس,بين‌ المللي‌ محصولات‌  پارس‌,488,1837068,28236645710,14760,14920,15490,730,4.95,15090,330,2.24,14250,15490,1399-9-15
463,زعف0008پ10,زعفران0008نگين طلاي سرخ(پ),477,284580,37317858206,133302,130300,131500,-1802,-1.35,131133,-2169,-1.63,128166,132594,1399-9-15
464,سجام,مجتمع سيمان غرب آسيا,468,1843502,27469158094,14630,14640,14760,130,0.89,14901,271,1.85,14630,15068,1399-9-15
465,دفرا,فرآورده‌هاي‌ تزريقي‌ ايران‌,462,661302,18554862190,26880,28220,28190,1310,4.87,27300,420,1.56,26820,28220,1399-9-15
466,درهآور,دارويي ره آورد تامين,462,700197,28717186683,39368,41000,41336,1968,5.0,40275,907,2.3,39570,41336,1399-9-15
467,زشريف,كشت وصنعت شريف آباد,461,1474445,37487205909,24253,24720,25465,1212,5.0,25091,838,3.46,24310,25465,1399-9-15
468,تسه9907,امتياز تسهيلات مسكن مهر99,461,6791,4328831254,653296,620632,620632,-32664,-5.0,637436,-15860,-2.43,620632,659000,1399-9-15
469,ومعادنح,ح . توسعه‌معادن‌وفلزات‌,461,15202702,206344712560,14900,14600,13700,-1200,-8.05,13570,-1330,-8.93,13500,14600,1399-9-15
470,وارس,سرمايه گذاري ارس صبا,450,296731,28527316418,96263,95905,96200,-63,-0.07,96139,-124,-0.13,93376,97770,1399-9-15
471,وتعاون,بيمه  تعاون,449,2227028,15755750033,7005,6803,7170,165,2.36,7059,54,0.77,6803,7178,1399-9-15
472,ضجار1016,اختيارخ وتجارت-4000-1399/10/21,448,20223,8745589000,432,440,448,16,3.7,432,0,0.0,401,465,1399-9-15
473,سغرب,سيمان‌غرب‌,446,1593447,32215438440,19260,20220,20220,960,4.98,19850,590,3.06,20010,20220,1399-9-15
474,ريشمك,توليد و صادرات ريشمك,444,1088581,52730057168,46138,48444,48444,2306,5.0,48439,2301,4.99,48012,48444,1399-9-15
475,دبالك,مواد اوليه دارويي البرز بالك,438,1904546,35596674613,17844,18730,18736,892,5.0,18419,575,3.22,18002,18736,1399-9-15
476,ساينا,صنايع بهداشتي ساينا,437,180381,34079323432,188199,180230,190220,2021,1.07,188695,496,0.26,180230,192800,1399-9-15
477,ثجوان,تامين مسكن جوانان,436,2937907,25364865636,8288,8680,8702,414,5.0,8634,346,4.17,7874,8702,1399-9-15
478,كلوند,كاشي‌ الوند,435,1077400,29231484190,25900,26500,27190,1290,4.98,26590,690,2.66,26120,27190,1399-9-15
479,قزوين,كارخانجات‌ قند قزوين‌,426,1269208,52821387690,39670,40600,41650,1980,4.99,41620,1950,4.92,40500,41650,1399-9-15
480,وسفارس,شركت س استان فارس,425,10533833,10871675470,1030,1000,1010,-20,-1.94,1030,0,0.0,980,1080,1399-9-15
481,ثتران,سرمايه گذاري مسكن تهران,420,7276313,37776415035,4976,4985,5224,248,4.98,5132,156,3.14,4810,5224,1399-9-15
482,افق ملت,صندوق س در سهام افق ملت,418,130448,18493271180,139390,137100,143070,3680,2.64,141770,2380,1.71,137100,143900,1399-9-15
483,دسينا,داروسازي‌ سينا,416,1329980,38619993880,27990,27300,29380,1390,4.97,28770,780,2.79,27000,29380,1399-9-15
484,سيستم,همكاران سيستم,416,864407,29389909400,33700,33700,34690,990,2.94,33870,170,0.5,32680,34990,1399-9-15
485,دكيمي,كيميدارو,415,2013942,54278585800,26130,25110,27430,1300,4.98,26950,820,3.14,25000,27430,1399-9-15
486,غمهراح,ح . توليدي‌مهرام‌,415,367073,20668865770,56780,55100,55880,-900,-1.59,56310,-470,-0.83,55100,58400,1399-9-15
487,آسيا,بيمه آسيا,413,1431048,53048949360,35310,37070,37070,1760,4.98,37070,1760,4.98,37070,37070,1399-9-15
488,پخش,پخش البرز,411,1077949,48454390158,43100,44990,45255,2155,5.0,44820,1720,3.99,43001,45255,1399-9-15
489,نيرو,نيرو سرمايه,406,472411,22275094066,45870,47246,47246,1376,3.0,47152,1282,2.79,46420,47246,1399-9-15
490,زماهان,مجتمع توليد گوشت مرغ ماهان,405,625518,16787814137,25595,26150,26874,1279,5.0,25993,398,1.55,26000,26874,1399-9-15
491,گپارس,امور رفاهي كارگزاران پارس,405,161391,21458445137,134099,140800,131000,-3099,-2.31,132959,-1140,-0.85,127395,140801,1399-9-15
492,شبصير,توليدات پتروشيمي قائد بصير,405,1966849,222173296191,107580,112959,112959,5379,5.0,112959,5379,5.0,112959,112959,1399-9-15
493,بمپنا,توليد برق عسلويه  مپنا,404,697983,69450146280,95415,96000,100185,4770,5.0,99501,4086,4.28,95415,100185,1399-9-15
494,گشان,توسعه بين المللي پديده شانديز,393,134092,10009967800,76173,74650,74650,-1523,-2.0,75829,-344,-0.45,74650,74650,1399-9-15
495,ضخود1042,اختيارخ خودرو-3000-1399/10/07,389,12427,14783662000,1105,1149,1259,154,13.94,1190,85,7.69,1050,1270,1399-9-15
496,فاسمين,كالسيمين‌,384,1880924,35549463600,18000,18900,18900,900,5.0,18610,610,3.39,18900,18900,1399-9-15
497,وثخوز,سرمايه گذاري و توسعه خوزستان,365,919097,38332934926,40082,38940,42086,2004,5.0,41707,1625,4.05,38940,42086,1399-9-15
498,سفار,سيمان‌فارس‌,365,155196,13265014640,83360,80000,87520,4160,4.99,83910,550,0.66,80000,87520,1399-9-15
499,كاسپين,داروسازي كاسپين تامين,363,1072170,30153169725,27343,27489,28710,1367,5.0,27801,458,1.68,26000,28710,1399-9-15
500,سباقر,سيمان باقران,363,967463,14015345104,14559,14124,14270,-289,-1.99,14508,-51,-0.35,14124,14750,1399-9-15
501,قشهد,شهد,362,889671,28045117430,30050,31550,31550,1500,4.99,30840,790,2.63,30800,31550,1399-9-15
502,شكف,كف,353,429810,28188985218,64438,63750,65726,1288,2.0,65585,1147,1.78,63750,65726,1399-9-15
503,غپونه,نوش پونه مشهد,352,1188370,20584053502,16854,16405,17359,505,3.0,17321,467,2.77,16405,17359,1399-9-15
504,سكه9912پ04,سكه تمام بهارتحويل1روزه صادرات,352,203500,238734490700,1143406,1171000,1171145,27739,2.43,1173142,29736,2.6,1161000,1179000,1399-9-15
505,زنجان,صنايع كشاورزي وكود زنجان,351,1920067,18056310068,9131,9404,9404,273,2.99,9370,239,2.62,9404,9404,1399-9-15
506,سدور,سيمان‌ دورود,351,5187925,51256699000,9410,9880,9880,470,4.99,9870,460,4.89,9880,9880,1399-9-15
507,شاملا,معدني‌ املاح‌  ايران‌,342,662267,42156922200,63760,64170,63240,-520,-0.82,63670,-90,-0.14,61600,65770,1399-9-15
508,تسه9709,امتياز تسهيلات مسكن آذر97,341,3838,2253250383,571875,553823,600468,28593,5.0,587090,15215,2.66,543300,600468,1399-9-15
509,ولراز,ليزينگ رازي,340,517493,18831009429,35368,36429,36429,1061,3.0,36302,934,2.64,36000,36429,1399-9-15
510,اميدح,ح . تامين سرمايه اميد,334,4737545,49745002840,10510,10500,10500,-10,-0.1,10500,-10,-0.1,10500,11560,1399-9-15
511,سفاسي,شركت فارسيت اهواز,331,1423786,19023204746,12725,13361,13361,636,5.0,13301,576,4.53,13361,13361,1399-9-15
512,آبين,كشت و صنعت آبشيرين,331,6857250,28958166750,4022,4223,4223,201,5.0,4223,201,5.0,4223,4223,1399-9-15
513,سهرمز,سيمان‌هرمزگان‌,321,1789647,35406168020,18980,18120,19920,940,4.95,19530,550,2.9,18120,19920,1399-9-15
514,خزر,فنرسازي‌زر,311,2198557,55601506530,24090,25290,25290,1200,4.98,25290,1200,4.98,25290,25290,1399-9-15
515,دكپسول,توليد ژلاتين كپسول ايران,311,1268702,50326174704,38230,38499,40141,1911,5.0,39624,1394,3.65,36717,40141,1399-9-15
516,بهپاك,صنعتي بهپاك,303,2083360,91332596004,41804,43270,43894,2090,5.0,43839,2035,4.87,43210,43894,1399-9-15
517,مفاخر,توسعه فناوري اطلاعات خوارزمي,301,603159,27790057644,43888,46082,46082,2194,5.0,45045,1157,2.64,44760,46082,1399-9-15
518,شمواد,توليد مواداوليه الياف مصنوعي,297,307157,17986370029,60365,58555,58555,-1810,-3.0,58689,-1676,-2.78,58555,58880,1399-9-15
519,ساروج,بين المللي ساروج بوشهر,294,581304,10831610536,18402,18953,18400,-2,-0.01,18526,124,0.67,17851,18954,1399-9-15
520,غگلستا,شير پاستوريزه پگاه گلستان,294,2168993,38213297442,16787,17300,17626,839,5.0,17392,605,3.6,17300,17626,1399-9-15
521,قلرست,قند لرستان‌,286,999979,29369383230,27980,29370,29370,1390,4.97,28760,780,2.79,29370,29370,1399-9-15
522,تسه9710,امتياز تسهيلات مسكن دي 97,285,2861,1893921920,680782,679700,668000,-12782,-1.88,661979,-18803,-2.76,646743,679700,1399-9-15
523,فزرين,زرين معدن آسيا,284,1791337,49679149021,26413,27733,27733,1320,5.0,27662,1249,4.73,27733,27733,1399-9-15
524,دشيري,شيرين دارو,284,143598,23072635996,158439,162500,162000,3561,2.25,160675,2236,1.41,153686,163192,1399-9-15
525,شلرد,كود شيميايي اوره لردگان,283,4283292,44387754996,10062,10363,10363,301,2.99,10363,301,2.99,10363,10363,1399-9-15
526,دقاضي,داروسازي شهيد قاضي,282,457062,41454528775,88064,90196,90705,2641,3.0,90698,2634,2.99,90196,90705,1399-9-15
527,وسكرمان,س.سهام عدالت استان كرمان,279,8707804,8861464770,990,1020,1030,40,4.04,990,0,0.0,990,1030,1399-9-15
528,نمرينو,ايران‌ مرينوس‌,279,214338,11770794800,56980,54140,55230,-1750,-3.07,56480,-500,-0.88,54140,55950,1399-9-15
529,ياقوت,صندوق س ياقوت آگاه-ثابت,278,9027763,103966265355,11458,11500,11521,63,0.55,11516,58,0.51,11493,11541,1399-9-15
530,دارا,صندوق س. دارا الگوريتم-د,278,7395273,74175180534,10021,10038,10040,19,0.19,10030,9,0.09,10022,10044,1399-9-15
531,وكادو,تكادو,275,2031713,40866238855,19530,20115,20115,585,3.0,20114,584,2.99,19950,20115,1399-9-15
532,كيميا,معدني كيمياي زنجان گستران,275,645836,21118191364,31142,32699,32699,1557,5.0,31768,626,2.01,32699,32699,1399-9-15
533,وساغربي,شركت س استان آذربايجان غربي,273,8308815,7230412220,890,880,880,-10,-1.12,890,0,0.0,860,880,1399-9-15
534,كدما,معدني‌ دماوند,270,93453,26121048030,266200,279510,279510,13310,5.0,272820,6620,2.49,279510,279510,1399-9-15
535,تسه9902,امتياز تسهيلات مسكن ارديبهشت99,260,3639,2299856296,646565,615000,614237,-32328,-5.0,632002,-14563,-2.25,614237,678893,1399-9-15
536,ضپاس1003,اختيارخ وپارس-3500-1399/10/30,256,6996,8090925000,1026,1000,1259,233,22.71,1157,131,12.77,1000,1260,1399-9-15
537,شساخت,مهندسي و ساختمان صنايع نفت,255,1484453,60742669807,39743,39900,40935,1192,3.0,40919,1176,2.96,39794,40935,1399-9-15
538,قپيرا,فرآورده‌هاي‌غدايي‌وقندپيرانشهر,250,156061,13973809250,87210,88000,91450,4240,4.86,87840,630,0.72,84600,91500,1399-9-15
539,ضخود1048,اختيارخ خودرو-7000-1399/10/07,249,14668,362203000,26,34,26,0,0.0,25,-1,-3.85,15,34,1399-9-15
540,غمهرا,توليدي‌مهرام‌,248,263009,15525675990,56230,59040,59040,2810,5.0,57060,830,1.48,58900,59040,1399-9-15
541,تشتاد,صنايع توليدي اشتاد ايران‌,246,866135,13947601094,15674,16144,16144,470,3.0,15965,291,1.86,15832,16144,1399-9-15
542,ونيكي,سرمايه‌گذاري‌ ملي‌ايران‌,245,2238991,37234420330,15840,16630,16630,790,4.99,16120,280,1.77,16630,16630,1399-9-15
543,تسه9906,امتياز تسهيلات مسكن شهريور99,244,3874,2507570946,659088,626660,628000,-31088,-4.72,647282,-11806,-1.79,626660,690000,1399-9-15
544,تصميم,صندوق س با درآمد ثابت تصميم,243,8968145,134526486954,14970,15000,15030,60,0.4,15000,30,0.2,14950,15030,1399-9-15
545,غمارگ,مارگارين‌,242,785061,30601677780,37130,38980,38980,1850,4.98,38210,1080,2.91,38980,38980,1399-9-15
546,ثزاگرس,سرمايه گذاري توسعه عمران زاگرس,242,545086,21532012314,37693,39577,39577,1884,5.0,39502,1809,4.8,38300,39577,1399-9-15
547,خكرمان,گروه اقتصادي كرمان خودرو,236,3682095,20619732000,5437,5600,5600,163,3.0,5600,163,3.0,5600,5600,1399-9-15
548,ضصاد1104,اختيارخ وبصادر-4500-1399/11/12,234,9847,2339238000,225,210,240,15,6.67,238,13,5.78,200,250,1399-9-15
549,فنرژي,گسترش صنايع انرژي آذرآب,229,1177548,11765543048,10194,9991,9991,-203,-1.99,9992,-202,-1.98,9991,10081,1399-9-15
550,ضخود1045,اختيارخ خودرو-4500-1399/10/07,228,8704,2633744000,281,257,314,33,11.74,303,22,7.83,255,314,1399-9-15
551,بايكا,كارخانجات كابلسازي ‌ايران‌,221,315763,17245396245,53025,54615,54615,1590,3.0,54356,1331,2.51,54615,54615,1399-9-15
552,ضخود1043,اختيارخ خودرو-3500-1399/10/07,221,6433,5256810000,774,750,873,99,12.79,817,43,5.56,701,890,1399-9-15
553,تكنار,مجتمع معادن مس تكنار,219,254755,26589504580,101376,104417,104417,3041,3.0,104373,2997,2.96,101710,104417,1399-9-15
554,وسنا,سرمايه گذاري نيروگاهي ايران,218,765711,11956885906,14898,15642,15642,744,4.99,15295,397,2.66,15172,15642,1399-9-15
555,ضپاس1005,اختيارخ وپارس-4500-1399/10/30,216,9798,5133984000,477,470,575,98,20.55,524,47,9.85,470,575,1399-9-15
556,تسه9810,امتياز تسهيلات مسكن دي98,209,4427,2780044294,642128,622844,610500,-31628,-4.93,627975,-14153,-2.2,610022,645000,1399-9-15
557,سكارون,سيمان كارون,208,1505961,230440646259,148563,153019,153019,4456,3.0,153019,4456,3.0,153019,153019,1399-9-15
558,وسگيلا,شركت س استان گيلان,205,5609396,4929923080,900,880,870,-30,-3.33,900,0,0.0,870,900,1399-9-15
559,ضپاس1002,اختيارخ وپارس-3000-1399/10/30,201,6358,10474716000,1477,1420,1720,243,16.45,1647,170,11.51,1400,1730,1399-9-15
560,تسه9904,امتياز تسهيلات مسكن تير99,198,1789,1128484067,654023,661200,628000,-26023,-3.98,630790,-23233,-3.55,624000,661200,1399-9-15
561,حاريا,كشتيراني آريا,195,371700,9833220060,27226,26410,26410,-816,-3.0,26836,-390,-1.43,26410,27100,1399-9-15
562,سمتاز,سيمان ممتازان كرمان,193,914326,19851734702,21104,20590,21737,633,3.0,21690,586,2.78,20590,21737,1399-9-15
563,وشمال,س. چشم انداز توسعه شمال,193,145347,14171041806,102629,97498,97498,-5131,-5.0,98802,-3827,-3.73,97498,97498,1399-9-15
564,آكورد,صندوق س. آرمان آتي كوثر-د,191,3152624,93271168954,29541,29591,29590,49,0.17,29585,44,0.15,29585,29596,1399-9-15
565,اوصتا,صندوق انديشه ورزان صباتامين -د,190,9330678,160787051716,17218,17240,17180,-38,-0.22,17232,14,0.08,17172,17243,1399-9-15
566,واحصا,احياء صنايع خراسان,190,689816,17708917969,25247,26004,26004,757,3.0,25617,370,1.47,24491,26004,1399-9-15
567,فنفت,صنايع تجهيزات نفت,188,2742514,39961943107,14182,14220,14607,425,3.0,14571,389,2.74,14200,14607,1399-9-15
568,سيمرغ,سيمرغ,188,431786,7862823060,17350,18210,18210,860,4.96,17480,130,0.75,18210,18210,1399-9-15
569,لابسا,آبسال‌,187,341073,13254096780,37010,38860,38860,1850,5.0,37480,470,1.27,38860,38860,1399-9-15
570,ثاصفا,شركت‌ ساختمان‌ اصفهان‌,186,587506,21862860778,36130,37213,37213,1083,3.0,37213,1083,3.0,37213,37213,1399-9-15
571,وملت,سرمايه گذاري ملت,183,1066069,4494546904,4302,4216,4216,-86,-2.0,4263,-39,-0.91,4216,4216,1399-9-15
572,فيروزا,صندوق بادرآمد ثابت فيروزه آسيا,180,3184765,69096951102,21447,21600,21699,252,1.17,21696,249,1.16,21580,22300,1399-9-15
573,ضصاد1102,اختيارخ وبصادر-3500-1399/11/12,180,5434,3353500000,599,590,628,29,4.84,617,18,3.01,585,636,1399-9-15
574,ارمغان,ص سرمايه گذاري ارمغان ايرانيان,178,6348898,64463718435,10151,10152,10166,15,0.15,10154,3,0.03,10152,10166,1399-9-15
575,سخزر,سيمان‌ خزر,177,1660623,47626667640,27320,28680,28680,1360,4.98,28550,1230,4.5,28680,28680,1399-9-15
576,بنو,بيمه تجارت نو,169,2882237,79036703014,26117,27422,27422,1305,5.0,27422,1305,5.0,27422,27422,1399-9-15
577,ثعتما,س. ساختماني اعتماد گستر,165,432545,17960998580,40315,41524,41524,1209,3.0,41369,1054,2.61,41524,41524,1399-9-15
578,بساما,بيمه سامان,164,472395,15679262445,31611,33191,33191,1580,5.0,32083,472,1.49,33191,33191,1399-9-15
579,ولتجار,واسپاري تجارت وسرمايه ايرانيان,163,1396953,9214301988,6404,6596,6596,192,3.0,6490,86,1.34,6596,6596,1399-9-15
580,تسه9905,امتياز تسهيلات مسكن مرداد99,163,2078,1314276610,656751,624414,623914,-32837,-5.0,632472,-24279,-3.7,623914,650000,1399-9-15
581,غبهار,كشت وصنعت بهاران گلبهار خراسان,159,663027,26536992648,38119,40024,40024,1905,5.0,40024,1905,5.0,40024,40024,1399-9-15
582,ساذريح,ح . آذريت‌,159,983423,5328025852,5306,5170,5409,103,1.94,5418,112,2.11,5170,5465,1399-9-15
583,لپيام,گسترش صنايع پيام,159,477684,13431996396,27300,28119,28119,819,3.0,27834,534,1.96,28119,28119,1399-9-15
584,وحافظ,بيمه حافظ,159,336197,20452208298,57938,60834,60834,2896,5.0,60758,2820,4.87,60834,60834,1399-9-15
585,شپترو,پتروشيمي آبادان,157,1401661,6810670799,4718,4859,4859,141,2.99,4765,47,1.0,4859,4859,1399-9-15
586,فافزا,فولاد افزا سپاهان,150,262000,10924614000,43891,41697,41697,-2194,-5.0,42630,-1261,-2.87,41697,41697,1399-9-15
587,تسه9711,امتياز تسهيلات مسكن بهمن 97,150,1676,1143819684,686816,721156,660000,-26816,-3.9,682470,-4346,-0.63,660000,721156,1399-9-15
588,وتوكا,سرمايه‌گذاري‌توكافولاد(هلدينگ,149,2161505,24878922550,10970,11510,11510,540,4.92,11230,260,2.37,11510,11510,1399-9-15
589,ضپنا1022,اختيارخ رمپنا-18806-1399/10/09,148,2635,12014492539,3092,3200,3199,107,3.46,3079,-13,-0.42,2850,3200,1399-9-15
590,زعف0008پ11,زعفران0008نگين سحرخيز(پ),146,120860,15113814163,126280,123010,124990,-1290,-1.02,125052,-1228,-0.97,123010,126000,1399-9-15
591,تسه9712,امتياز تسهيلات مسكن اسفند97,146,1202,823082665,701108,720000,690000,-11108,-1.58,684761,-16347,-2.33,670003,735994,1399-9-15
592,سكه0011پ02,سكه تمام بهارتحويلي 1روزه ملت,145,37800,44396182100,1144084,1169999,1175000,30916,2.7,1174502,30418,2.66,1152021,1178800,1399-9-15
593,سقاين,سيمان‌ قائن‌,142,567169,26010370340,43680,45860,45860,2180,4.99,44760,1080,2.47,45860,45860,1399-9-15
594,وسرضوي,س.سهام عدالت استان خراسان رضوي,140,3186457,3122727860,1030,980,980,-50,-4.85,1030,0,0.0,980,980,1399-9-15
595,سصفها,سيمان‌اصفهان‌,139,172066,39296433080,217510,228380,228380,10870,5.0,225650,8140,3.74,228380,228380,1399-9-15
596,وسيستا,شركت س استان سيستان وبلوچستان,139,4663976,4071579380,890,870,890,0,0.0,890,0,0.0,860,890,1399-9-15
597,وهنر,گروه توسعه هنر ايران,135,8840199,40938961569,4497,4631,4631,134,2.98,4631,134,2.98,4631,4631,1399-9-15
598,شپاس,نفت پاسارگاد,134,5220024,112366236624,20501,21526,21526,1025,5.0,21526,1025,5.0,21526,21526,1399-9-15
599,كقزوي,شيشه‌ قزوين‌,133,1089665,8978839600,8000,8240,8240,240,3.0,8105,105,1.31,8240,8240,1399-9-15
600,شجم,صنايع پتروشيمي تخت جمشيد,131,2010808,18505466024,8765,9203,9203,438,5.0,9104,339,3.87,9203,9203,1399-9-15
601,وسهمدا,شركت س استان همدان,128,2610827,2291928500,900,890,890,-10,-1.11,900,0,0.0,870,890,1399-9-15
602,ختراك,ريخته‌گري‌ تراكتورسازي‌ ايران‌,127,2223259,25789804400,11050,11600,11600,550,4.98,11320,270,2.44,11600,11600,1399-9-15
603,گكيش,توريستي ورفاهي آبادگران كيش,127,173689,11068852592,61872,63728,63728,1856,3.0,62869,997,1.61,63728,63728,1399-9-15
604,تسه9903,امتياز تسهيلات مسكن خرداد99,125,965,610040166,653239,620588,620578,-32661,-5.0,632166,-21073,-3.23,620578,650000,1399-9-15
605,تسه9801,امتياز تسهيلات مسكن فروردين98,124,939,629528607,690116,670000,655700,-34416,-4.99,670424,-19692,-2.85,655611,699990,1399-9-15
606,سپاس,صندوق س. پاداش سهامداري توسعه1,122,2853188,29004464180,10160,10165,10173,13,0.13,10166,6,0.06,10164,10173,1399-9-15
607,تسه9803,امتياز تسهيلات مسكن خرداد98,121,1083,692318464,641855,609763,620000,-21855,-3.4,639260,-2595,-0.4,609763,673947,1399-9-15
608,الماس,صندوق س.امين تدبيرگران فردا-س,115,24884,3157192399,127217,127000,128950,1733,1.36,126876,-341,-0.27,120050,129999,1399-9-15
609,صايند,صندوق س. گنجينه آينده روشن-د,112,1352910,13497781220,9995,9955,9980,-15,-0.15,9977,-18,-0.18,9955,9990,1399-9-15
610,وثنو,سرمايه گذاري ساختماني نوين,110,1337075,22089816075,15735,16521,16521,786,5.0,16521,786,5.0,16521,16521,1399-9-15
611,افران,صندوق س افرا نماد پايدار-ثابت,109,1328432,16260387399,12227,12257,12212,-15,-0.12,12240,13,0.11,12210,12259,1399-9-15
612,كخاك,صنايع‌خاك‌چيني‌ايران‌,108,611982,29173181940,45400,47670,47670,2270,5.0,46660,1260,2.78,47670,47670,1399-9-15
613,بذر,صندوق س بذر اميد آفرين-سهام,106,32364,3698516850,113240,111170,115800,2560,2.26,114280,1040,0.92,111170,116000,1399-9-15
614,داوه,داروسازي آوه سينا,105,285851,4969233784,16557,17384,17384,827,4.99,16635,78,0.47,17384,17384,1399-9-15
615,شكبير,پتروشيمي اميركبير,105,288984,16601458045,55776,57449,57449,1673,3.0,56111,335,0.6,57430,57449,1399-9-15
616,زعف0008پ05,زعفران0008نگين زرين(پ),104,88154,11042918507,125959,125210,125400,-559,-0.44,125268,-691,-0.55,124003,125999,1399-9-15
617,اعتلا,شركت سرمايه گذاري اعتلاء البرز,103,2318240,22132237280,9093,9547,9547,454,4.99,9284,191,2.1,9547,9547,1399-9-15
618,سرود,سيمان‌شاهرود,101,898991,13979310050,14810,15550,15550,740,5.0,15010,200,1.35,15550,15550,1399-9-15
619,شستان03,اجاره تجاري شستان14030915,100,10000000,10000000000000,1000000,1000000,1000000,0,0.0,1000000,0,0.0,1000000,1000000,1399-9-15
620,دعبيدح,ح . داروسازي‌ دكترعبيدي‌,97,1809127,54825439200,28700,30000,30400,1700,5.92,30300,1600,5.57,30000,30400,1399-9-15
621,سكه0112پ03,سكه تمام بهارتحويلي1روزه سامان,96,18700,21980567100,1146571,1175000,1174000,27429,2.39,1175431,28860,2.52,1170000,1180000,1399-9-15
622,تسه9901,امتياز تسهيلات مسكن فروردين99,96,735,463121492,651434,622355,622000,-29434,-4.52,630097,-21337,-3.28,621000,680000,1399-9-15
623,صنوين,صندوق سرمايه‌گذاري صنوين-مختلط,95,49533,5119740460,103800,104920,103360,-440,-0.42,103360,-440,-0.42,103020,104920,1399-9-15
624,سپر,صندوق س سپر سرمايه بيدار- ثابت,95,349097,3765421442,10730,10621,10820,90,0.84,10786,56,0.52,10430,11803,1399-9-15
625,ضجار1014,اختيارخ وتجارت-3000-1399/10/21,94,2461,2650699000,1068,1000,1100,32,3.0,1077,9,0.84,968,1119,1399-9-15
626,كگهر,سنگ آهن گهرزمين,94,318882,14338210248,42823,44964,44964,2141,5.0,43067,244,0.57,44964,44964,1399-9-15
627,چخزر4,صنايع چوب خزر كاسپين,92,4309583,107739575000,25000,25000,25000,0,0.0,25000,0,0.0,25000,25000,1399-9-15
628,سبجنو,سيمان‌ بجنورد,92,131789,4749675560,34330,36040,36040,1710,4.98,34480,150,0.44,36040,36040,1399-9-15
629,تسه9812,امتياز تسهيلات مسكن اسفند98,91,852,538473228,633840,606000,623500,-10340,-1.63,632011,-1829,-0.29,606000,650000,1399-9-15
630,بنيرو,نيروترانس‌,88,277631,15561217550,53390,56050,56050,2660,4.98,54180,790,1.48,56050,56050,1399-9-15
631,تسه9802,امتياز تسهيلات مسكن ارديبهشت98,86,398,249824432,649971,618001,622999,-26972,-4.15,627700,-22271,-3.43,618001,651700,1399-9-15
632,تسه9811,امتياز تسهيلات مسكن بهمن98,83,1301,820305625,654409,623000,621690,-32719,-5.0,630519,-23890,-3.65,621689,679890,1399-9-15
633,بموتو,موتوژن‌,81,122177,5765532630,44950,47190,47190,2240,4.98,45200,250,0.56,47190,47190,1399-9-15
634,آينده,بازرگاني آينده سازان بهشت پارس,81,179791,3774352463,22097,20993,20993,-1104,-5.0,21878,-219,-0.99,20993,20993,1399-9-15
635,خفولا,خدمات فني فولاد يزد,78,258640,9257501520,34751,35793,35793,1042,3.0,35219,468,1.35,35793,35793,1399-9-15
636,ضجار1015,اختيارخ وتجارت-3500-1399/10/21,77,2564,1918473000,713,651,750,37,5.19,748,35,4.91,601,793,1399-9-15
637,اخزا817,اسنادخزانه-م17بودجه98-010512,77,294638,219226173778,742413,742001,743100,687,0.09,744053,1640,0.22,742001,748820,1399-9-15
638,وجامي,سرمايه گذاري جامي,77,653059,6270019459,9322,9601,9601,279,2.99,9407,85,0.91,9601,9601,1399-9-15
639,وسخوز,شركت س استان خوزستان,76,2328022,2165060460,970,930,930,-40,-4.12,970,0,0.0,930,930,1399-9-15
640,شرنگي,شيميايي رنگين,75,83743,9919609579,115003,118453,118453,3450,3.0,116664,1661,1.44,118453,118453,1399-9-15
641,تسه9809,امتياز تسهيلات مسكن آذر98,74,737,472297250,645151,620000,630000,-15151,-2.35,640837,-4314,-0.67,614444,677408,1399-9-15
642,اخزا903,اسنادخزانه-م3بودجه99-011110,74,228387,153273860217,666191,665001,682580,16389,2.46,671115,4924,0.74,665001,682630,1399-9-15
643,هبركت912,اختيارف ت بركت-22100-99/12/17,73,203363,567586133,2519,2791,2791,272,10.8,2791,272,10.8,2791,2791,1399-9-15
644,سدشت,صنايع سيمان دشتستان,72,59069,2237968220,38190,36410,38320,130,0.34,38180,-10,-0.03,36410,39490,1399-9-15
645,سلار,شركت سيمان لارستان,72,505179,17382199032,33406,34408,34408,1002,3.0,34251,845,2.53,34408,34408,1399-9-15
646,فوكا,فولاد كاويان,71,187286,3642150842,20470,19447,19447,-1023,-5.0,20390,-80,-0.39,19447,19447,1399-9-15
647,ثروتم,صندوق س. ثروت آفرين پارسيان-س,68,32170,3253220570,100737,101000,100255,-482,-0.48,101126,389,0.39,100000,102888,1399-9-15
648,وسرمد,بيمه  سرمد,66,322566,2199254988,6620,6818,6818,198,2.99,6641,21,0.32,6818,6818,1399-9-15
649,زعف0008پ16,زعفران0008نگين بيرجند(پ),64,29438,3607572728,124362,125000,124990,628,0.5,122548,-1814,-1.46,119966,125999,1399-9-15
650,اخزا904,اسنادخزانه-م4بودجه99-011215,61,227480,149177626323,651648,653000,656200,4552,0.7,655783,4135,0.63,651665,658999,1399-9-15
651,ضچاد1015,اختيارخ كچاد-16000-1399/10/02,61,368,2114734000,5231,5432,6000,769,14.7,5747,516,9.86,5432,6000,1399-9-15
652,سنوين,سرمايه گذاري اقتصاد نوين,59,261271,2638086580,9945,10043,10143,198,1.99,9985,40,0.4,10043,10143,1399-9-15
653,تسه9808,امتياز تسهيلات مسكن آبان98,58,548,349583455,656573,623777,623745,-32828,-5.0,637926,-18647,-2.84,623745,689000,1399-9-15
654,آرمان,بيمه آرمان,57,1483552,15017996896,9829,10123,10123,294,2.99,10043,214,2.18,10123,10123,1399-9-15
655,اخزا815,اسنادخزانه-م15بودجه98-010406,56,53385,40408736447,756128,755010,757103,975,0.13,756931,803,0.11,755010,759920,1399-9-15
656,ضملت1128,اختيارخ وبملت-6000-1399/11/28,56,1220,1134653000,875,711,960,85,9.71,930,55,6.29,711,960,1399-9-15
657,وبرق,س.کارکنان صنعت برق زنجان وقزوي,56,45441,8714584098,186193,191778,191778,5585,3.0,188556,2363,1.27,191778,191778,1399-9-15
658,مداران,داده‌پردازي‌ايران‌,56,181486,4486333920,23550,24720,24720,1170,4.97,23650,100,0.42,24720,24720,1399-9-15
659,ضشنا1036,اختيارخ شپنا-16000-1399/10/23,55,601,2397517000,3909,3210,3990,81,2.07,3989,80,2.05,3220,4190,1399-9-15
660,گوهر2,صندوق سكه طلاي كيان,55,550000,550000,56988,1,1,-56987,-100.0,1,-56987,-100.0,1,1,1399-9-15
661,كتوكا,توليدي و خدمات صنايع نسوز توكا,54,128627,2964723723,21952,23049,23049,1097,5.0,22014,62,0.28,23049,23049,1399-9-15
662,شزنگ,تجهيزنيروي‌زنگان‌,53,45903,7959763812,168354,173404,173404,5050,3.0,170305,1951,1.16,173404,173404,1399-9-15
663,اخزا809,اسنادخزانه-م9بودجه98-000923,53,72336,61159525118,843308,839000,848000,4692,0.56,845492,2184,0.26,839000,849999,1399-9-15
664,اخزا812,اسنادخزانه-م12بودجه98-001111,53,213736,176598668577,824602,823062,826283,1681,0.2,826247,1645,0.2,815001,829998,1399-9-15
665,ضفار1125,اختيارخ فارس-17826-1399/11/07,53,756,1196586000,782,850,806,24,3.07,791,9,1.15,760,850,1399-9-15
666,جوين,كشت و صنعت جوين,52,208968,4977199824,22684,23818,23818,1134,5.0,22953,269,1.19,23818,23818,1399-9-15
667,ضخود1046,اختيارخ خودرو-5000-1399/10/07,52,2154,366505000,149,163,167,18,12.08,170,21,14.09,150,180,1399-9-15
668,ضخود1041,اختيارخ خودرو-2500-1399/10/07,51,1360,2297395000,1567,1556,1738,171,10.91,1689,122,7.79,1526,1744,1399-9-15
669,تسه9807,امتياز تسهيلات مسكن مهر98,50,326,212930495,656609,624000,640000,-16609,-2.53,653161,-3448,-0.53,623779,689439,1399-9-15
670,اخزا808,اسنادخزانه-م8بودجه98-000817,50,57334,49461111197,857703,858000,863000,5297,0.62,862684,4981,0.58,858000,864900,1399-9-15
671,شتولي,تولي‌پرس‌,50,262075,6556592350,24528,25018,25018,490,2.0,24843,315,1.28,25018,25018,1399-9-15
672,شصفها,پتروشيمي‌ اصفهان‌,49,41762,4239177096,99518,101508,101508,1990,2.0,100211,693,0.7,101508,101508,1399-9-15
673,ضپاس1001,اختيارخ وپارس-2500-1399/10/30,48,1345,2831185000,1921,1954,2200,279,14.52,2105,184,9.58,1840,2200,1399-9-15
674,ضفلا1156,اختيارخ فولاد-16000-1399/11/28,48,1159,1908230000,1571,1649,1686,115,7.32,1646,75,4.77,1555,1686,1399-9-15
675,كصدف,كاشي صدف سرام استقلال آباده,48,602288,12612513008,20332,20941,20941,609,3.0,20705,373,1.83,20941,20941,1399-9-15
676,حرهشا,رهشاد سپاهان (سهامي عام,48,72520,4362440600,62015,60155,60155,-1860,-3.0,61597,-418,-0.67,60155,60155,1399-9-15
677,اخزا818,اسنادخزانه-م18بودجه98-010614,48,59489,43250147153,722530,720012,727101,4571,0.63,727028,4498,0.62,720012,729999,1399-9-15
678,فاهواز,نورد و لوله اهواز,45,99550,1902699150,19503,19113,19113,-390,-2.0,19486,-17,-0.09,19113,19113,1399-9-15
679,اخزا902,اسنادخزانه-م2بودجه99-011019,45,95277,64294404596,673193,672999,676500,3307,0.49,674816,1623,0.24,672999,676600,1399-9-15
680,وگردشح,ح . بانك گردشگري,45,186739,3361302000,13364,18000,18000,4636,34.69,18000,4636,34.69,18000,18000,1399-9-15
681,اخزا821,اسنادخزانه-م21بودجه98-020906,44,14467,8297591180,572827,572012,575000,2173,0.38,573553,726,0.13,572012,575000,1399-9-15
682,ضشنا1035,اختيارخ شپنا-14000-1399/10/23,44,319,1793803000,5516,5111,5666,150,2.72,5623,107,1.94,5111,5900,1399-9-15
683,پدرخش,درخشان‌ تهران‌,44,10249,2118365810,217560,206690,206690,-10870,-5.0,217080,-480,-0.22,206690,206690,1399-9-15
684,ضچاد1017,اختيارخ كچاد-20000-1399/10/02,42,298,816049000,2248,2380,2800,552,24.56,2738,490,21.8,2350,2899,1399-9-15
685,ثشرقح,ح. سرمايه گذاري مسكن شمال شرق,41,2011200,8247700000,4020,4100,4500,480,11.94,4100,80,1.99,4100,4500,1399-9-15
686,وحكمت,بيمه حكمت صبا,40,98472,532339632,5573,5406,5406,-167,-3.0,5568,-5,-0.09,5406,5406,1399-9-15
687,ضپنا1023,اختيارخ رمپنا-21506-1399/10/09,40,1726,4301206098,2800,3000,1940,-860,-30.71,1683,-1117,-39.89,1400,3000,1399-9-15
688,ضجار1018,اختيارخ وتجارت-5000-1399/10/21,38,1914,332950000,221,150,180,-41,-18.55,174,-47,-21.27,150,200,1399-9-15
689,اخزا811,اسنادخزانه-م11بودجه98-001013,38,15802,13228574882,836454,833562,840000,3546,0.42,837146,692,0.08,833562,840000,1399-9-15
690,تسه9806,امتياز تسهيلات مسكن شهريور98,38,388,253437374,646551,615000,664999,18448,2.85,653189,6638,1.03,615000,675000,1399-9-15
691,فسا,پتروشيمي فسا,38,167523,476435412,2931,2844,2844,-87,-2.97,2929,-2,-0.07,2844,2844,1399-9-15
692,غشوكوح,ح . شوكو پارس,37,51413,1703277665,35218,34465,33105,-2113,-6.0,33129,-2089,-5.93,33105,34465,1399-9-15
693,ضجار1017,اختيارخ وتجارت-4500-1399/10/21,37,1152,311020000,239,250,263,24,10.04,270,31,12.97,250,290,1399-9-15
694,جهرم,پتروشيمي جهرم,37,264975,801019425,3116,3023,3023,-93,-2.98,3112,-4,-0.13,3023,3023,1399-9-15
695,زعف0008پ08,زعفران0008نگين روستا(پ),37,17006,2112938575,123170,124060,124499,1329,1.08,124247,1077,0.87,123502,125500,1399-9-15
696,هصيكو402,اختيارف ت تاصيكو13500-00/02/20,36,117279,188115516,1553,1604,1604,51,3.28,1604,51,3.28,1604,1604,1399-9-15
697,ضصاد1100,اختيارخ وبصادر-2500-1399/11/12,35,802,1038294000,1246,1397,1235,-11,-0.88,1295,49,3.93,1020,1399,1399-9-15
698,هترول911,اختيارف ت پترول-14730-99/11/15,35,450000,193950000,138,431,431,293,212.32,431,293,212.32,431,431,1399-9-15
699,ضچاد1014,اختيارخ كچاد-14000-1399/10/02,34,342,2521054000,6365,7500,7701,1336,20.99,7372,1007,15.82,7200,8000,1399-9-15
700,هفارس912,اختيارف ت فارس-14576-99/12/13,34,1000000,1000000,1,1,1,0,0.0,1,0,0.0,1,1,1399-9-15
701,اخزا901,اسنادخزانه-م1بودجه99-010621,34,32565,23724465734,729228,720000,730000,772,0.11,728526,-702,-0.1,720000,730999,1399-9-15
702,ضصاد1103,اختيارخ وبصادر-4000-1399/11/12,33,1438,575708000,389,310,440,51,13.11,400,11,2.83,310,449,1399-9-15
703,اراد50,مرابحه عام دولت5-ش.خ0302,32,800000,800000000000,1000000,1000000,1000000,0,0.0,1000000,0,0.0,1000000,1000000,1399-9-15
704,اخزا814,اسنادخزانه-م14بودجه98-010318,32,33769,25852961798,764450,763002,765576,1126,0.15,765583,1133,0.15,763002,768999,1399-9-15
705,اخزا816,اسنادخزانه-م16بودجه98-010503,31,128947,96464731909,745480,747000,745913,433,0.06,748096,2616,0.35,744251,752050,1399-9-15
706,داريك,صندوق س.اعتماد داريك-د,30,452388,4609465500,10184,10210,10210,26,0.26,10189,5,0.05,10170,10210,1399-9-15
707,ضفلا1155,اختيارخ فولاد-14000-1399/11/28,28,427,1048807000,2438,2499,2450,12,0.49,2456,18,0.74,2300,2600,1399-9-15
708,ضخود1040,اختيارخ خودرو-2000-1399/10/07,28,573,1235890000,2029,2098,2278,249,12.27,2157,128,6.31,2041,2298,1399-9-15
709,ضچاد1016,اختيارخ كچاد-18000-1399/10/02,27,314,1251798000,3250,3870,4300,1050,32.31,3987,737,22.68,3507,4300,1399-9-15
710,اخزا813,اسنادخزانه-م13بودجه98-010219,27,28518,22265151658,774888,774502,783000,8112,1.05,780740,5852,0.76,774502,783000,1399-9-15
711,غشوكو,شوكو پارس,27,21358,905002534,43683,42373,42373,-1310,-3.0,43622,-61,-0.14,42373,42373,1399-9-15
712,تسه9804,امتياز تسهيلات مسكن تير98,26,269,169426289,639632,610000,619000,-20632,-3.23,629837,-9795,-1.53,610000,645013,1399-9-15
713,كيان2,صندوق س. با درآمد ثابت كيان,25,2500000,2500000,26154,1,1,-26153,-100.0,1,-26153,-100.0,1,1,1399-9-15
714,گنجين,صندوق س. گنجينه يكم آويد-د,25,418202,4912826256,11743,11768,11747,4,0.03,11747,4,0.03,11747,11768,1399-9-15
715,ضپيك1019,اختيارخ تاپيكو-12000-99/10/16,25,172,935885000,5514,5300,5910,396,7.18,5441,-73,-1.32,5200,5910,1399-9-15
716,آسام,صندوق س.آرمان سپهر آشنا-م,24,5750,619817750,107336,105120,108000,664,0.62,107794,458,0.43,105120,108000,1399-9-15
717,ضشنا1037,اختيارخ شپنا-18000-1399/10/23,24,93,287963000,3015,1261,3050,35,1.16,3096,81,2.69,1261,3500,1399-9-15
718,اخزا806,اسنادخزانه-م6بودجه98-000519,24,47306,42344608255,895278,895278,894000,-1278,-0.14,895121,-157,-0.02,893661,899000,1399-9-15
719,ضترا1118,اختيارخ شتران-12000-1399/11/14,23,232,774357000,3551,2710,3610,59,1.66,3338,-213,-6.0,2703,4199,1399-9-15
720,عيار2,صندوق س. پشتوانه طلاي مفيد,23,230000,230000,28557,1,1,-28556,-100.0,1,-28556,-100.0,1,1,1399-9-15
721,دمعيار,صندوق س. توازن معيار-د,22,453238,4566092420,10052,10075,10070,18,0.18,10074,22,0.22,10070,10084,1399-9-15
722,وآفري,بيمه كارآفرين,22,66994,1089456428,15789,16262,16262,473,3.0,15814,25,0.16,16262,16262,1399-9-15
723,ضبدر1150,اختيارخ شبندر-32000-1399/11/19,22,141,545800000,3359,4500,4400,1041,30.99,3871,512,15.24,3800,4500,1399-9-15
724,هاباد912,اختيارف ت آبادا-30100-99/12/12,20,3786,32873838,10248,8683,8683,-1565,-15.27,8683,-1565,-15.27,8683,8683,1399-9-15
725,سرو2,صندوق س سروسودمند مدبران-سهام,20,2000000,2000000,71290,1,1,-71289,-100.0,1,-71289,-100.0,1,1,1399-9-15
726,آكورد2,صندوق س. آرمان آتي كوثر-د,20,2000000,2000000,29541,1,1,-29540,-100.0,1,-29540,-100.0,1,1,1399-9-15
727,سخند,صندوق س.سپهرخبرگان نفت-د,19,102000,1032989590,10098,10120,10130,32,0.32,10127,29,0.29,10095,10130,1399-9-15
728,نگين,ص.س. زمين و ساختمان نگين شهرري,19,4327,212700080,48660,49840,49000,340,0.7,49160,500,1.03,48550,49840,1399-9-15
729,ضصاد1101,اختيارخ وبصادر-3000-1399/11/12,18,541,511316000,832,939,901,69,8.29,945,113,13.58,901,954,1399-9-15
730,ضخود1047,اختيارخ خودرو-6000-1399/10/07,17,856,83009000,79,99,90,11,13.92,97,18,22.78,90,99,1399-9-15
731,ضپاس1000,اختيارخ وپارس-2000-1399/10/30,16,510,1334240000,2376,3100,2700,324,13.64,2616,240,10.1,2400,2720,1399-9-15
732,ضفار1126,اختيارخ فارس-19826-1399/11/07,16,286,257482000,449,499,480,31,6.9,450,1,0.22,400,480,1399-9-15
733,اخزا810,اسنادخزانه-م10بودجه98-001006,15,33773,28240704660,836813,836062,836001,-812,-0.1,836192,-621,-0.07,836000,837000,1399-9-15
734,وسمازن,س.سهام عدالت استان مازندران,15,225294,211776360,980,940,940,-40,-4.08,980,0,0.0,940,940,1399-9-15
735,اخزا820,اسنادخزانه-م20بودجه98-020806,15,2724,1583090026,580171,581042,584000,3829,0.66,581164,993,0.17,580983,584990,1399-9-15
736,داراب,پتروشيمي داراب,15,146152,442109800,3118,3025,3025,-93,-2.98,3116,-2,-0.06,3025,3025,1399-9-15
737,ضپيك1020,اختيارخ تاپيكو-14000-99/10/16,14,167,651267000,3989,3800,4050,61,1.53,3900,-89,-2.23,3710,4149,1399-9-15
738,ضپاس1006,اختيارخ وپارس-5000-1399/10/30,14,575,221280000,325,359,400,75,23.08,385,60,18.46,359,400,1399-9-15
739,پلوله,گازلوله‌,14,26454,474531852,18304,17938,17938,-366,-2.0,18269,-35,-0.19,17938,17938,1399-9-15
740,ثتوسا,س.توسعه و عمران استان اردبيل,14,2446,151546822,63873,61957,61957,-1916,-3.0,63858,-15,-0.02,61957,61957,1399-9-15
741,كرونا2,تامين مالي جمعي صرفا اهداي سود,14,1522,15220000,10000,10000,10000,0,0.0,10000,0,0.0,10000,10000,1399-9-15
742,ضملت1127,اختيارخ وبملت-5000-1399/11/28,12,75,97962000,1480,980,1450,-30,-2.03,1306,-174,-11.76,980,1480,1399-9-15
743,پست0008پ08,پسته فندقي32-30مه ولات0008(پ),12,1391,2451299323,1770688,1849888,1770000,-688,-0.04,1762257,-8431,-0.48,1751000,1849888,1399-9-15
744,زعف0008پ15,زعفران0008پوشالمعمول طلاسرخ(پ),12,626,66691009,110570,114999,105257,-5313,-4.81,106535,-4035,-3.65,105257,114999,1399-9-15
745,تسه9805,امتياز تسهيلات مسكن مرداد98,11,62,41623700,706684,671350,671350,-35334,-5.0,671350,-35334,-5.0,671350,671350,1399-9-15
746,ضمخا7070,اختيارخ اخابر-20000-1400/07/28,11,181,782090000,3723,4450,4350,627,16.84,4321,598,16.06,4200,4450,1399-9-15
747,وسيلام,شركت س استان ايلام,11,90977,107352860,1240,1180,1180,-60,-4.84,1240,0,0.0,1180,1180,1399-9-15
748,اخزا713,اسنادخزانه-م13بودجه97-000518,10,2316,2058482593,902431,887150,892100,-10331,-1.14,888809,-13622,-1.51,887150,892550,1399-9-15
749,فن آوا,گروه فن آوا,10,61198,859954296,14486,14052,14052,-434,-3.0,14467,-19,-0.13,14052,14052,1399-9-15
750,افران2,صندوق س افرا نماد پايدار-ثابت,10,1000000,1000000,12227,1,1,-12226,-99.99,1,-12226,-99.99,1,1,1399-9-15
751,ضفلا1157,اختيارخ فولاد-18000-1399/11/28,10,61,57908000,759,900,1001,242,31.88,949,190,25.03,900,1099,1399-9-15
752,خعمرا,توسعه و عمران شهرستان نائين,10,39206,675950646,16739,17241,17241,502,3.0,16755,16,0.1,17241,17241,1399-9-15
753,ضفلا1154,اختيارخ فولاد-12000-1399/11/28,10,49,193230000,4023,3990,3900,-123,-3.06,3943,-80,-1.99,3710,4200,1399-9-15
754,ضپاس1004,اختيارخ وپارس-4000-1399/10/30,9,286,231175000,736,800,849,113,15.35,808,72,9.78,750,850,1399-9-15
755,شستا991,اجاره تامين اجتماعي-امين991226,9,160,160618192,995764,1006999,1006999,11235,1.13,1003864,8100,0.81,992244,1006999,1399-9-15
756,سايرا,ايرانيت‌,9,12820,445536983,35461,34752,34753,-708,-2.0,35429,-32,-0.09,34752,34770,1399-9-15
757,اخزا704,اسنادخزانه-م4بودجه97-991022,9,59600,58843035420,986888,995010,987000,112,0.01,987299,411,0.04,985126,995010,1399-9-15
758,ضگل1141,اختيارخ كگل-14000-1399/11/21,8,27,197050000,6630,6900,8250,1620,24.43,7298,668,10.08,6900,8250,1399-9-15
759,ضشنا1038,اختيارخ شپنا-20000-1399/10/23,8,73,209554000,2884,2800,2799,-85,-2.95,2871,-13,-0.45,2789,2900,1399-9-15
760,ضمخا1024,اختيارخ اخابر-14000-1399/10/30,8,51,144621000,2808,3500,2805,-3,-0.11,2836,28,1.0,600,3500,1399-9-15
761,وسمركز,شركت س استان مركزي,8,48188,64090040,1400,1330,1330,-70,-5.0,1400,0,0.0,1330,1330,1399-9-15
762,وساربيل,شركت س استان اردبيل,8,71600,87352000,1280,1220,1220,-60,-4.69,1280,0,0.0,1220,1220,1399-9-15
763,وسگلستا,شركت س استان گلستان,8,129548,152866640,1240,1180,1180,-60,-4.84,1240,0,0.0,1180,1180,1399-9-15
764,وسبوشهر,شركت س استان بوشهر,8,52478,62973600,1260,1200,1200,-60,-4.76,1260,0,0.0,1200,1200,1399-9-15
765,اخزا721,اسنادخزانه-م21بودجه97-000728,8,8101,7022397971,863355,866001,866011,2656,0.31,866856,3501,0.41,866001,867500,1399-9-15
766,ضچاد1019,اختيارخ كچاد-28000-1399/10/02,7,23,6358000,131,299,300,169,129.01,276,145,110.69,230,300,1399-9-15
767,وسكرشا,س.سهام عدالت استان كرمانشاه,7,51202,61442400,1260,1200,1200,-60,-4.76,1260,0,0.0,1200,1200,1399-9-15
768,ضفار1122,اختيارخ فارس-11826-1399/11/07,7,22,159060000,3438,3650,3700,262,7.62,3615,177,5.15,3600,3700,1399-9-15
769,ضچاد1012,اختيارخ كچاد-10000-1399/10/02,7,12,107059000,7250,5005,11012,3762,51.89,8922,1672,23.06,5005,12000,1399-9-15
770,وسيزد,شركت س استان يزد,7,50927,62130940,1280,1220,1220,-60,-4.69,1280,0,0.0,1220,1220,1399-9-15
771,ضفار1121,اختيارخ فارس-9826-1399/11/07,6,9,100800000,4976,5600,5600,624,12.54,5600,624,12.54,5600,5600,1399-9-15
772,تملي702,تسهيلات مسكن ب. ملي-ارديبهشت97,6,120,90561085,741268,704205,778331,37063,5.0,754676,13408,1.81,704205,778331,1399-9-15
773,سپرمي,پرميت‌,6,107000,903936000,8283,8448,8448,165,1.99,8312,29,0.35,8448,8448,1399-9-15
774,وسزنجان,شركت س استان زنجان,6,47365,63942750,1420,1350,1350,-70,-4.93,1420,0,0.0,1350,1350,1399-9-15
775,پست0008پ02,پسته فندقي32-30طلاسبززرند0008,6,43,78943540,1717543,1859222,1850000,132457,7.71,1835896,118353,6.89,1800000,1859222,1399-9-15
776,كشم0001پ01,كشمش سبز0001خليل آباد(پ),6,99,35920026,378215,360001,379999,1784,0.47,362829,-15386,-4.07,360000,379999,1399-9-15
777,كابگن,توليدي و صنعتي آبگينه‌,6,18986,94227518,4914,4963,4963,49,1.0,4915,1,0.02,4963,4963,1399-9-15
778,ضپاس1007,اختيارخ وپارس-6000-1399/10/30,5,142,21700000,5,30,200,195,3900.0,153,148,2960.0,30,200,1399-9-15
779,ضپار1116,اختيارخ خپارس-6000-1399/11/19,5,69,211200000,3041,3000,3300,259,8.52,3061,20,0.66,2980,3300,1399-9-15
780,تملي804,تسهيلات مسكن ب. ملي-تير98,5,84,87415944,991111,1040666,1040666,49555,5.0,1040666,49555,5.0,1040666,1040666,1399-9-15
781,ضپار1117,اختيارخ خپارس-7000-1399/11/19,5,36,76100000,1954,2080,2390,436,22.31,2114,160,8.19,2000,2390,1399-9-15
782,ضترا1117,اختيارخ شتران-10000-1399/11/14,5,22,114202000,4786,5200,5000,214,4.47,5191,405,8.46,5000,5202,1399-9-15
783,شلرد02,كود شيميايي اوره لردگان,5,62,61670700,994308,1003700,1010200,15892,1.6,994689,381,0.04,990000,1010200,1399-9-15
784,ضملت1129,اختيارخ وبملت-7000-1399/11/28,5,20,16649000,538,550,1000,462,85.87,832,294,54.65,550,3000,1399-9-15
785,لخانه,لوازم‌ خانگي‌ پارس‌,5,678,38269710,58190,56445,56445,-1745,-3.0,58187,-3,-0.01,56445,56445,1399-9-15
786,كمند2,صندوق س. با درآمد ثابت كمند,5,45100000,45100000,10154,1,1,-10153,-99.99,1,-10153,-99.99,1,1,1399-9-15
787,وسكهبو,س.عدالت ا. كهگيلويه وبويراحمد,5,19954,21550320,1130,1080,1080,-50,-4.42,1130,0,0.0,1080,1080,1399-9-15
788,اطلس2,صندوق س.توسعه اندوخته آينده-س,4,40000,40000,207945,1,1,-207944,-100.0,1,-207944,-100.0,1,1,1399-9-15
789,ساذري,آذريت‌,4,678,4055796,5808,5982,5982,174,3.0,5808,0,0.0,5982,5982,1399-9-15
790,كباده,توليد خاك نسوزاستقلال آباده,4,3210,74969550,22243,23355,23355,1112,5.0,22247,4,0.02,23355,23355,1399-9-15
791,صخود412,ص مرابحه خودرو412- 3ماهه 18%,4,4438,4360428246,980019,980019,980100,81,0.01,982521,2502,0.26,980001,1009000,1399-9-15
792,ضملت1130,اختيارخ وبملت-8000-1399/11/28,4,42,12978000,294,309,309,15,5.1,309,15,5.1,309,309,1399-9-15
793,اخزا718,اسنادخزانه-م18بودجه97-000525,4,430,384372469,890000,890102,894990,4990,0.56,893889,3889,0.44,890102,894990,1399-9-15
794,ضجار1010,اختيارخ وتجارت-1600-1399/10/21,4,39,96276000,1450,1000,3049,1599,110.28,2469,1019,70.28,1000,3499,1399-9-15
795,اخزا807,اسنادخزانه-م7بودجه98-000719,4,3673,3194286105,869000,869000,868511,-489,-0.06,869667,667,0.08,868511,870999,1399-9-15
796,ضمخا1023,اختيارخ اخابر-12000-1399/10/30,3,5,26697000,5072,4700,5500,428,8.44,5339,267,5.26,4700,5500,1399-9-15
797,زعف0008پ12,زعفران0008پوشالمعمول سحرخيز(پ),3,2100,221235500,110796,105257,106000,-4796,-4.33,105350,-5446,-4.92,105257,106000,1399-9-15
798,سلامت6,مرابحه سلامت6واجدشرايط خاص1400,3,1100,1090075000,993075,993075,970000,-23075,-2.32,990977,-2098,-0.21,970000,993075,1399-9-15
799,وسالت,بانك قرض الحسنه رسالت,3,17450,77251150,4299,4427,4427,128,2.98,4299,0,0.0,4427,4427,1399-9-15
800,ضچاد1013,اختيارخ كچاد-12000-1399/10/02,3,7,66099000,9300,9300,9899,599,6.44,9443,143,1.54,9300,9899,1399-9-15
801,پست0008پ04,پسته فندقي32-30سبزدانه0008(پ),3,15,26999985,1713790,1799999,1799999,86209,5.03,1799999,86209,5.03,1799999,1799999,1399-9-15
802,اخزا804,اسنادخزانه-م4بودجه98-000421,3,2365,2140288496,904996,904910,905011,15,0.0,904985,-11,0.0,904910,905011,1399-9-15
803,اشاد10,مشاركت دولتي10-شرايط خاص001226,3,1400,1335600000,954744,954000,954000,-744,-0.08,954000,-744,-0.08,954000,954000,1399-9-15
804,ومشان,س. فني و مهندسي مشانير,3,588,33735912,59148,57374,57374,-1774,-3.0,59145,-3,-0.01,57374,57374,1399-9-15
805,تملي805,تسهيلات مسكن ب. ملي-مرداد98,3,20,11101932,552335,579951,524719,-27616,-5.0,555097,2762,0.5,524719,579951,1399-9-15
806,ضپنا1021,اختيارخ رمپنا-16106-1399/10/09,3,11,85062716,5200,5000,5406,206,3.96,5221,21,0.4,5000,5406,1399-9-15
807,ضترا1119,اختيارخ شتران-14000-1399/11/14,3,3,8090000,2100,2600,2750,650,30.95,2697,597,28.43,2600,2750,1399-9-15
808,ضپار1118,اختيارخ خپارس-8000-1399/11/19,3,22,35600000,1215,1400,1800,585,48.15,1618,403,33.17,1400,1800,1399-9-15
809,ضبدر1149,اختيارخ شبندر-28000-1399/11/19,2,18,112000000,6400,6400,6000,-400,-6.25,6222,-178,-2.78,6000,6400,1399-9-15
810,ضمخا7066,اختيارخ اخابر-12000-1400/07/28,2,3,22506000,8064,7500,7503,-561,-6.96,7502,-562,-6.97,7500,7503,1399-9-15
811,اعتماد4,صندوق س.اعتماد آفرين پارسيان-د,2,33383000,1123881461000,33621,33665,33667,46,0.14,33666,45,0.13,33665,33667,1399-9-15
812,اتكاي4,بيمه اتكايي ايرانيان,2,4000000,63628000000,15153,15907,15907,754,4.98,15907,754,4.98,15907,15907,1399-9-15
813,غيوان,كيوان,2,637,9865219,15334,15487,15487,153,1.0,15334,0,0.0,15487,15487,1399-9-15
814,بپاس4,بيمه پاسارگاد,2,6000000,527124000000,87845,87854,87854,9,0.01,87854,9,0.01,87854,87854,1399-9-15
815,پلاست,كارخانجات توليدي پلاستيران,2,450,18659700,42748,41466,41466,-1282,-3.0,42747,-1,0.0,41466,41466,1399-9-15
816,بتك,كارخانجات كابل سازي‌ تك‌,2,1400,48258000,33795,34470,34470,675,2.0,33798,3,0.01,34470,34470,1399-9-15
817,ضپنا1020,اختيارخ رمپنا-13406-1399/10/09,2,3,35096738,7100,7200,8249,1149,16.18,7899,799,11.25,7200,8249,1399-9-15
818,اخزا805,اسنادخزانه-م5بودجه98-000422,2,902,816310000,903363,905000,905000,1637,0.18,905000,1637,0.18,905000,905000,1399-9-15
819,اخزا720,اسنادخزانه-م20بودجه97-000324,2,315,286989933,919872,911003,915001,-4871,-0.53,911079,-8793,-0.96,911003,915001,1399-9-15
820,ياقوت2,صندوق س ياقوت آگاه-ثابت,2,1831000,1831000,11458,1,1,-11457,-99.99,1,-11457,-99.99,1,1,1399-9-15
821,ضفلا1153,اختيارخ فولاد-10000-1399/11/28,2,2,11948000,5142,6198,5750,608,11.82,5974,832,16.18,5750,6198,1399-9-15
822,ضچاد1018,اختيارخ كچاد-24000-1399/10/02,2,17,16983000,880,999,999,119,13.52,999,119,13.52,999,999,1399-9-15
823,اخزا819,اسنادخزانه-م19بودجه98-020322,2,3000,1901400000,641540,633800,633800,-7740,-1.21,633800,-7740,-1.21,633800,633800,1399-9-15
824,شستا002,اجاره تامين اجتماعي-تمدن000523,2,29,28710107,1000000,990004,990003,-9997,-1.0,990004,-9996,-1.0,990003,990004,1399-9-15
825,ضفار1120,اختيارخ فارس-8826-1399/11/07,2,2,26000000,5956,6500,6500,544,9.13,6500,544,9.13,6500,6500,1399-9-15
826,دمعيار2,صندوق س. توازن معيار-د,1,1000000,1000000,10052,1,1,-10051,-99.99,1,-10051,-99.99,1,1,1399-9-15
827,زير0003پ02,زيره سبز0003 دانش(پ),1,5,2745010,484970,549002,549002,64032,13.2,549002,64032,13.2,549002,549002,1399-9-15
828,افاد844,منفعت دولت8-ش.خاص ساير0205,1,100000,88000000000,880000,880000,880000,0,0.0,880000,0,0.0,880000,880000,1399-9-15
829,زعف0008پ09,زعفران0008نگين نوين(پ),1,40,5303760,126520,132594,132594,6074,4.8,132594,6074,4.8,132594,132594,1399-9-15
830,خودرو4,ايران‌ خودرو,1,63600000,261396000000,3990,4110,4110,120,3.01,4110,120,3.01,4110,4110,1399-9-15
831,ضفلا1151,اختيارخ فولاد-8000-1399/11/28,1,1,7000000,7453,7000,7000,-453,-6.08,7000,-453,-6.08,7000,7000,1399-9-15
832,افاد73,منفعت دولت7-ش.خاص نوين0204,1,100,97999900,970000,979999,979999,9999,1.03,979999,9999,1.03,979999,979999,1399-9-15
833,تابان02,اجاره تابان لوتوس14021206,1,3000,2811000000,950081,937000,937000,-13081,-1.38,937000,-13081,-1.38,937000,937000,1399-9-15
834,فبستم,صنايع ‌بسته‌بندي‌ مشهد,1,6140,5010240,793,816,816,23,2.9,793,0,0.0,816,816,1399-9-15
835,مكرج112,مشاركت شهرداري كرج-3ماهه18%,1,150,145950000,952500,973000,973000,20500,2.15,973000,20500,2.15,973000,973000,1399-9-15
836,اخزا716,اسنادخزانه-م16بودجه97-000407,1,35,31885000,905000,911000,911000,6000,0.66,911000,6000,0.66,911000,911000,1399-9-15
837,خمحور4,توليدمحورخودرو,1,9000000,612360000000,64850,68040,68040,3190,4.92,68040,3190,4.92,68040,68040,1399-9-15
838,غدشت2,دشت‌ مرغاب‌,1,500000,129400000000,266000,258800,258800,-7200,-2.71,258800,-7200,-2.71,258800,258800,1399-9-15
839,اخزا906,اسنادخزانه-م6بودجه99-020321,1,98,61348000,621924,626000,626000,4076,0.66,626000,4076,0.66,626000,626000,1399-9-15
840,ضصاد1105,اختيارخ وبصادر-5000-1399/11/12,1,5,1000000,103,200,200,97,94.17,200,97,94.17,200,200,1399-9-15
841,اخزا9062,اسنادخزانه-م6بودجه99-020321,1,500000,311000000000,621924,622000,622000,76,0.01,622000,76,0.01,622000,622000,1399-9-15
842,زير0003پ01,زيره سبز0003كيميابذر(پ),1,10,6067900,577896,606790,606790,28894,5.0,606790,28894,5.0,606790,606790,1399-9-15
843,ارزش2,صندوق س ارزش آفرين بيدار-سهام,1,4000000,4000000,10730,1,1,-10729,-99.99,1,-10729,-99.99,1,1,1399-9-15
844,ولغدر4,ليزينگ‌خودروغدير,1,25000000,629500000000,24120,25180,25180,1060,4.39,25180,1060,4.39,25180,25180,1399-9-15
845,ضفلا1152,اختيارخ فولاد-9000-1399/11/28,1,1,6800000,6470,6800,6800,330,5.1,6800,330,5.1,6800,6800,1399-9-15
846,اخزا7132,اسنادخزانه-م13بودجه97-000518,1,175899,156902083899,902431,892001,892001,-10430,-1.16,892001,-10430,-1.16,892001,892001,1399-9-15
847,حريل02,اجاره ريل پردازسير021212,1,200,196540000,999443,982700,982700,-16743,-1.68,982700,-16743,-1.68,982700,982700,1399-9-15
848,صگل411,ص اجاره گل گهر 411- 3 ماهه 17%,1,7,6860000,1009999,980000,980000,-29999,-2.97,980000,-29999,-2.97,980000,980000,1399-9-15
849,طمخا1029,اختيارف اخابر-28000-1399/10/30,1,3,31734000,1,10578,10578,10577,1057700.0,10578,10577,1057700.0,10578,10578,1399-9-15
850,مبين011,اجاره اعتماد مبين لوتوس010710,1,600,576471000,960785,960785,960785,0,0.0,960785,0,0.0,960785,960785,1399-9-15
851,رتكو4,كنترل‌خوردگي‌تكين‌كو,1,10000000,184900000000,17640,18490,18490,850,4.82,18490,850,4.82,18490,18490,1399-9-15
852,آريان2,سرمايه گذاري پارس آريان,1,10891266,172561218504,16322,15844,15844,-478,-2.93,15844,-478,-2.93,15844,15844,1399-9-15
853,طمخا7072,اختيارف اخابر-28000-1400/07/28,1,9,54009000,7000,6001,6001,-999,-14.27,6001,-999,-14.27,6001,6001,1399-9-15
854,دومينو4,اجاره دومينو14040208,1,1000,897060000,915000,897060,897060,-17940,-1.96,897060,-17940,-1.96,897060,897060,1399-9-15
855,اراد45,مرابحه عام دولت4-ش.خ 0107,1,1000,1000000000,964000,1000000,1000000,36000,3.73,1000000,36000,3.73,1000000,1000000,1399-9-15
856,شسم,توليد سموم‌ علف‌ كش,1,340,29536820,85170,86873,86873,1703,2.0,85175,5,0.01,86873,86873,1399-9-15
857,رايان106,مشاركت رايان سايپا-3ماهه16%,1,7500,7090957500,936000,945461,945461,9461,1.01,945461,9461,1.01,945461,945461,1399-9-15
858,غگز,گز سكه,1,50000,1450000000,33400,29000,29000,-4400,-13.17,29000,-4400,-13.17,29000,29000,1399-9-15
859,تملي703,تسهيلات مسكن ب. ملي-خرداد97,1,6,4731072,830012,788512,788512,-41500,-5.0,788512,-41500,-5.0,788512,788512,1399-9-15
860,ضخوز1014,اختيارخ فخوز-12191-1399/10/16,1,1,9999000,10000,9999,9999,-1,-0.01,9999,-1,-0.01,9999,9999,1399-9-15
861,داريك2,صندوق س.اعتماد داريك-د,1,400000,400000,10184,1,1,-10183,-99.99,1,-10183,-99.99,1,1,1399-9-15
862,صايپا203,صكوك مرابحه سايپا203-3ماهه 16%,1,5000,4835000000,975000,967000,967000,-8000,-0.82,967000,-8000,-0.82,967000,967000,1399-9-15
863,افاد744,منفعت دولت7-ش.خاص ساير0204,1,100000,98389000000,983890,983890,983890,0,0.0,983890,0,0.0,983890,983890,1399-9-15
864,طمخا1028,اختيارف اخابر-24000-1399/10/30,1,5,33435000,1,6687,6687,6686,668600.0,6687,6686,668600.0,6687,6687,1399-9-15
