,نماد,نام,تعداد,حجم,ارزش,دیروز,اولین,آخرین معامله - مقدار,آخرین معامله - تغییر,آخرین معامله - درصد,قیمت پایانی - مقدار,قیمت پایانی - تغییر,قیمت پایانی - درصد,کمترین,بیشترین,تاریخ
0,گدنا,تهيه توزيع غذاي دنا آفرين فدك,93540,914690,12090372420,12589,13218,13218,629,5.0,12660,71,0.56,12386,13218,1399-7-9
1,شپنا,پالايش نفت اصفهان,70232,366513070,8544882288590,24210,23000,24330,120,0.5,23310,-900,-3.72,23000,24340,1399-7-9
2,خساپا,سايپا,60455,1635083011,3525850952870,2190,2100,2230,40,1.83,2160,-30,-1.37,2090,2270,1399-7-9
3,امين,تامين سرمايه امين,57912,26990342,341225020890,12840,12750,12880,40,0.31,12640,-200,-1.56,12200,13800,1399-7-9
4,دارا يكم,صندوق واسطه گري مالي يكم-سهام,52266,18109545,3640365280310,189240,197000,206790,17550,9.27,201020,11780,6.22,170100,207340,1399-7-9
5,سيتا,سرمايه گذاري سيمان تامين,51079,39193570,750062645500,19170,19190,19540,370,1.93,19140,-30,-0.16,18300,20510,1399-7-9
6,خودرو,ايران‌ خودرو,46823,1168247911,3047253923480,2520,2590,2640,120,4.76,2610,90,3.57,2480,2640,1399-7-9
7,وبصادر,بانك صادرات ايران,46686,1168660096,4709453341020,4120,4120,4120,0,0.0,4030,-90,-2.18,3920,4220,1399-7-9
8,فولاد,فولاد مباركه اصفهان,42033,172105119,3083679969340,17500,18170,18290,790,4.51,17920,420,2.4,17040,18700,1399-7-9
9,فملي,ملي‌ صنايع‌ مس‌ ايران‌,37619,108934857,3129160522980,28190,29200,29350,1160,4.11,28730,540,1.92,27000,29990,1399-7-9
10,شبندر,پالايش نفت بندرعباس,36414,125117792,4580197313620,37620,37300,38330,710,1.89,36610,-1010,-2.68,35740,38650,1399-7-9
11,صباح,ح . سرمايه گذاري صبا تامين,35982,117469518,1043195182439,1000,9250,8789,7789,778.9,8881,7881,788.1,8788,9290,1399-7-9
12,شاروم,پتروشيمي اروميه,33832,574350,8834651700,14650,15382,15382,732,5.0,14768,118,0.81,15241,15382,1399-7-9
13,وسپهر,سرمايه گذاري مالي سپهرصادرات,33061,56651749,718230608193,12075,12678,12678,603,4.99,12678,603,4.99,11064,12678,1399-7-9
14,آريا,پليمر آريا ساسول,30755,5328491,989041174501,178214,186888,187124,8910,5.0,185614,7400,4.15,169601,187124,1399-7-9
15,وتجارت,بانك تجارت,27951,777892334,2116469368720,2690,2700,2790,100,3.72,2720,30,1.12,2580,2800,1399-7-9
16,تاپيكو,س. نفت و گاز و پتروشيمي تأمين,27622,154849838,3439100143520,21480,21860,22550,1070,4.98,22210,730,3.4,20360,22550,1399-7-9
17,دي,بانك دي,24523,76296534,3584069167706,48620,47000,46189,-2431,-5.0,46976,-1644,-3.38,46189,49950,1399-7-9
18,پترول,گروه پتروشيمي س. ايرانيان,21947,142136957,2513671827650,16930,17560,17770,840,4.96,17680,750,4.43,15910,17770,1399-7-9
19,شگويا,پتروشيمي تندگويان,21885,76127153,1300600924738,16764,17140,17459,695,4.15,17085,321,1.91,16270,17900,1399-7-9
20,رافزا,رايان هم افزا,21437,125550,3978553950,30180,31689,31689,1509,5.0,30292,112,0.37,31543,31689,1399-7-9
21,وبملت,بانك ملت,21090,365642622,1968950376560,5300,5420,5480,180,3.4,5380,80,1.51,5160,5580,1399-7-9
22,ذوب,سهامي ذوب آهن  اصفهان,19419,217394916,1090713081904,4960,5021,5146,186,3.75,5017,57,1.15,4770,5197,1399-7-9
23,صبا,سرمايه گذاري صبا تامين,19194,69658936,822545223328,12202,12290,11592,-610,-5.0,11808,-394,-3.23,11592,12990,1399-7-9
24,ولپارس,ليزينگ پارسيان,19054,1439939,6148539530,4070,4270,4270,200,4.91,4090,20,0.49,4250,4270,1399-7-9
25,وپارس,بانك‌پارسيان‌,15417,374387704,1283176727800,3500,3440,3510,10,0.29,3430,-70,-2.0,3330,3550,1399-7-9
26,مدير,ص.س.مديريت ثروت ص.بازنشستگي-س,14731,51001558,744847249202,15210,15400,14100,-1110,-7.3,14604,-606,-3.98,13750,15880,1399-7-9
27,وغدير,سرمايه‌گذاري‌غدير(هلدينگ‌,13579,55567508,884861164660,15950,16240,16300,350,2.19,15920,-30,-0.19,15300,16910,1399-7-9
28,فارس,صنايع پتروشيمي خليج فارس,11248,28911764,866223492200,29930,30000,30550,620,2.07,29960,30,0.1,28590,31700,1399-7-9
29,بجهرم,توسعه مولد نيروگاهي جهرم,8081,65984045,235926417763,3676,3625,3612,-64,-1.74,3576,-100,-2.72,3493,3750,1399-7-9
30,شبريز,پالايش نفت تبريز,7990,15632524,465498455110,30290,30300,30600,310,1.02,29780,-510,-1.68,28780,31500,1399-7-9
31,وخارزم,سرمايه گذاري خوارزمي,7779,59273540,639169568450,10450,10610,10970,520,4.98,10780,330,3.16,10150,11000,1399-7-9
32,ختوقا,قطعات‌ اتومبيل‌ ايران‌,7407,112680502,415028829200,3840,3650,3720,-120,-3.13,3680,-160,-4.17,3650,3950,1399-7-9
33,حفاري,حفاري شمال,6959,45963347,434562814720,9910,9500,9560,-350,-3.53,9450,-460,-4.64,9420,9910,1399-7-9
34,غگيلا,شيرپاستوريزه پگاه گيلان,6566,98132,1613290080,15658,16440,16440,782,4.99,15682,24,0.15,16406,16440,1399-7-9
35,كاما,باما,6496,4333327,590726347880,134550,130000,141270,6720,4.99,136320,1770,1.32,128010,141270,1399-7-9
36,خگستر,گسترش‌سرمايه‌گذاري‌ايران‌خودرو,6441,96979646,430589628240,4670,4440,4440,-230,-4.93,4440,-230,-4.93,4440,4620,1399-7-9
37,شصدفح,ح . صنعتي دوده فام,6273,2268456,41829694771,18166,18650,18600,434,2.39,18440,274,1.51,17800,19500,1399-7-9
38,پترولح,ح . گروه پتروشيمي س. ايرانيان,6230,50783481,795336140770,14380,15190,15820,1440,10.01,15660,1280,8.9,13000,15870,1399-7-9
39,كچاد,معدني‌وصنعتي‌چادرملو,6090,43070439,904307086910,20290,20700,21300,1010,4.98,21000,710,3.5,19600,21540,1399-7-9
40,تملت,تامين سرمايه بانك ملت,5758,11497987,110381757090,9480,9220,9950,470,4.96,9600,120,1.27,9130,10000,1399-7-9
41,فخوز,فولاد  خوزستان,5533,20152549,831762721250,40170,40600,42170,2000,4.98,41270,1100,2.74,38630,42890,1399-7-9
42,ومعادن,توسعه‌معادن‌وفلزات‌,5061,25983037,437457899940,16680,16820,17200,520,3.12,16840,160,0.96,16110,17900,1399-7-9
43,خبهمن,گروه‌بهمن‌,4821,32041967,716321011020,22650,21870,23200,550,2.43,22360,-290,-1.28,21520,23500,1399-7-9
44,اخابر,مخابرات ايران,4796,29001839,466630125290,16560,15970,16650,90,0.54,16090,-470,-2.84,15740,17390,1399-7-9
45,كگل,معدني و صنعتي گل گهر,4789,32257146,733951790560,21870,22960,22960,1090,4.98,22750,880,4.02,21000,23030,1399-7-9
46,وگردشح,ح . بانك گردشگري,4759,244686666,3421453650678,14718,13983,13983,-735,-4.99,13983,-735,-4.99,13983,14718,1399-7-9
47,آگاس,صندوق س.هستي بخش آگاه-س,4712,7684532,578063507577,73072,76340,75990,2918,3.99,75224,2152,2.95,67400,76980,1399-7-9
48,آريان,سرمايه گذاري پارس آريان,4396,139877310,1886200491677,13736,13150,13890,154,1.12,13485,-251,-1.83,13050,14000,1399-7-9
49,وگردش,بانك گردشگري,4379,63410628,1258629675635,19490,20074,20074,584,3.0,19849,359,1.84,18907,21151,1399-7-9
50,فروي,ذوب روي اصفهان,4306,3416960,201158410293,57331,59500,60197,2866,5.0,58871,1540,2.69,55500,60990,1399-7-9
51,كمند,صندوق س. با درآمد ثابت كمند,4238,196235322,1992230460060,10160,10170,10160,0,0.0,10150,-10,-0.1,10140,10190,1399-7-9
52,ونوين,بانك‌اقتصادنوين‌,4179,111509561,454888437940,3960,4100,4150,190,4.8,4080,120,3.03,3840,4150,1399-7-9
53,دماوند,توليد نيروي برق دماوند,4178,6611223,397212218342,58167,58000,61075,2908,5.0,60082,1915,3.29,57689,61075,1399-7-9
54,چكاپا,گروه صنايع كاغذ پارس,4172,34619105,288256700530,8690,8310,8260,-430,-4.95,8330,-360,-4.14,8260,8690,1399-7-9
55,پارسان,گسترش نفت و گاز پارسيان,4166,18900467,483115424920,25280,25500,26020,740,2.93,25560,280,1.11,24120,26640,1399-7-9
56,وپاسار,بانك  پاسارگاد,4142,56940647,532033183580,9300,9300,9500,200,2.15,9340,40,0.43,9000,9610,1399-7-9
57,ارفع,شركت آهن و فولاد ارفع,4107,17602148,334696454031,18879,19000,19400,521,2.76,19015,136,0.72,18210,20200,1399-7-9
58,وصنعت,سرمايه گذاري توسعه صنعت وتجارت,4014,25886698,209384689140,8090,8110,8310,220,2.72,8090,0,0.0,7690,8580,1399-7-9
59,غسالم,سالمين‌,3989,23116640,93486789040,4100,4080,4090,-10,-0.24,4040,-60,-1.46,3950,4270,1399-7-9
60,زكوثر,سرمايه گذاري كشاورزي كوثر,3823,4818747,101224640820,21060,20550,21390,330,1.57,21010,-50,-0.24,20240,21990,1399-7-9
61,تسه9906,امتياز تسهيلات مسكن شهريور99,3601,68458,54080239061,800820,800020,802900,2080,0.26,789977,-10843,-1.35,761220,836000,1399-7-9
62,فرابورس,فرابورس ايران,3597,4923169,294977254249,58092,58190,60996,2904,5.0,59916,1824,3.14,56500,61500,1399-7-9
63,بپاس,بيمه پاسارگاد,3486,8350611,500632802273,59202,57000,60098,896,1.51,59952,750,1.27,57000,62000,1399-7-9
64,هرمز,فولاد هرمزگان جنوب,3422,23421483,339525497955,13891,14400,14585,694,5.0,14496,605,4.36,12750,14585,1399-7-9
65,شيران,س. صنايع‌شيميايي‌ايران,3412,9919137,261184600090,26340,26310,26850,510,1.94,26330,-10,-0.04,25300,27200,1399-7-9
66,غپينو,پارس‌ مينو,3233,24558987,139415692170,5880,5970,5710,-170,-2.89,5680,-200,-3.4,5590,6100,1399-7-9
67,آوا,صندوق س.سهام آواي معيار-س,3217,19742103,204077643180,10139,10645,10223,84,0.83,10337,198,1.95,9000,10700,1399-7-9
68,ونيكي,سرمايه‌گذاري‌ ملي‌ايران‌,3203,12068607,373239898670,32320,30710,32350,30,0.09,30930,-1390,-4.3,30710,33000,1399-7-9
69,ومهان,گروه توسعه مالي مهر آيندگان,3190,8510133,155073641740,18216,18210,18632,416,2.28,18222,6,0.03,17430,19349,1399-7-9
70,ثاميد,توسعه و عمران اميد,3171,22588101,53533799370,2490,2370,2370,-120,-4.82,2370,-120,-4.82,2370,2450,1399-7-9
71,سمگا,گروه سرمايه گذاري ميراث فرهنگي,3091,35010423,639532876645,17445,18000,18317,872,5.0,18267,822,4.71,16404,18317,1399-7-9
72,وآفري,بيمه كارآفرين,3044,23412039,423384038179,18467,19390,17760,-707,-3.83,18084,-383,-2.07,17544,19390,1399-7-9
73,شفن,پتروشيمي فناوران,2855,1125949,365549932610,323680,338670,326000,2320,0.72,324660,980,0.3,302000,338670,1399-7-9
74,زاگرس,پتروشيمي زاگرس,2831,2694121,489388184084,173589,182268,182268,8679,5.0,181650,8061,4.64,168000,182268,1399-7-9
75,شصدف,صنعتي دوده فام,2780,169086,3629261904,20442,21464,21464,1022,5.0,20509,67,0.33,21355,21464,1399-7-9
76,نوري,پتروشيمي نوري,2740,2004209,347964848170,169630,177740,174790,5160,3.04,173620,3990,2.35,163000,177740,1399-7-9
77,ارزش,صندوق س ارزش آفرين بيدار-سهام,2631,14537260,166179924050,10980,11560,11650,670,6.1,11430,450,4.1,10320,11650,1399-7-9
78,كحافظ,كاشي‌ وسراميك‌ حافظ‌,2604,9954827,170327045110,16500,17320,17320,820,4.97,17110,610,3.7,15540,17320,1399-7-9
79,شلرد,كود شيميايي اوره لردگان,2555,24395226,245505192288,10374,10063,10063,-311,-3.0,10064,-310,-2.99,10063,10374,1399-7-9
80,امين يكم,صندوق درآمد ثابت امين يكم فردا,2535,93630883,966657329040,10350,10330,10320,-30,-0.29,10320,-30,-0.29,10300,10380,1399-7-9
81,حريل,ريل پردازسير,2523,21807799,80588952115,3874,3681,3722,-152,-3.92,3695,-179,-4.62,3681,3800,1399-7-9
82,كويرح,ح. توليدي فولاد سپيد فراب كوير,2519,11059610,102252991610,8840,9300,9560,720,8.14,9250,410,4.64,8010,9600,1399-7-9
83,ارفعح,ح.شركت آهن و فولاد ارفع,2361,9378924,150250967136,15468,15501,16241,773,5.0,16020,552,3.57,15230,16590,1399-7-9
84,وبيمهح,ح . سرمايه‌ گذاري‌ صنعت‌ بيمه‌,2352,36181605,66684802160,1710,1780,1880,170,9.94,1840,130,7.6,1570,1880,1399-7-9
85,فخاسح,ح . فولاد خراسان,2351,11045270,355202158710,30010,30100,33010,3000,10.0,32160,2150,7.16,26100,33010,1399-7-9
86,وملل,اعتباري ملل,2334,20657261,283465015561,13124,13500,13780,656,5.0,13722,598,4.56,12423,13780,1399-7-9
87,غويتا,ويتانا,2325,8042908,570386689130,69684,66500,70000,316,0.45,70918,1234,1.77,66200,73130,1399-7-9
88,طلا,صندوق س.پشتوانه طلاي لوتوس,2219,1209430,142445261401,111378,113110,117414,6036,5.42,117779,6401,5.75,110408,119744,1399-7-9
89,دانا,بيمه دانا,2131,12923327,85524595080,6710,6380,6860,150,2.24,6620,-90,-1.34,6380,6940,1399-7-9
90,شكربن,كربن‌ ايران‌,2120,3279279,228296286000,66420,69740,69740,3320,5.0,69620,3200,4.82,63010,69740,1399-7-9
91,ختور,رادياتور ايران‌,2043,5165232,197090524080,40110,38110,38120,-1990,-4.96,38160,-1950,-4.86,38110,39900,1399-7-9
92,همراه,شركت ارتباطات سيار ايران,2020,5334259,178709996370,34420,33000,34800,380,1.1,33500,-920,-2.67,32700,35000,1399-7-9
93,شسپا,نفت سپاهان,2006,7891076,166163785270,20400,20520,21420,1020,5.0,21060,660,3.24,20080,21500,1399-7-9
94,شپديس,پتروشيمي پرديس,1945,3290905,374806488180,108970,113700,114410,5440,4.99,113890,4920,4.52,103600,114410,1399-7-9
95,افق,فروشگاههاي زنجيره اي افق كوروش,1909,1680287,128775540100,76580,78890,77300,720,0.94,76640,60,0.08,71700,79510,1399-7-9
96,سرو,صندوق س سروسودمند مدبران-سهام,1878,2250912,151527466510,65080,68500,68490,3410,5.24,67320,2240,3.44,60050,68500,1399-7-9
97,سفارس,سيمان فارس و خوزستان,1874,8453564,127807751420,15150,14700,15240,90,0.59,15120,-30,-0.2,14560,15600,1399-7-9
98,شاراك,پتروشيمي شازند,1867,11264719,295282207870,25260,25750,26520,1260,4.99,26210,950,3.76,23550,26520,1399-7-9
99,والبر,سرمايه‌ گذاري‌ البرز(هلدينگ‌,1832,5485563,88286544750,16830,16200,16160,-670,-3.98,16090,-740,-4.4,15990,17600,1399-7-9
100,قرن,پديده شيمي قرن,1825,959957,50546749900,51670,53790,54010,2340,4.53,52660,990,1.92,48100,54200,1399-7-9
101,وسپه,سرمايه‌گذاري‌ سپه‌,1808,5815559,90632007110,15700,15610,15900,200,1.27,15580,-120,-0.76,15000,16900,1399-7-9
102,كلر,كلر پارس,1797,919612,53899330819,60171,60160,58877,-1294,-2.15,58611,-1560,-2.59,57163,62500,1399-7-9
103,اعتماد,صندوق س.اعتماد آفرين پارسيان-د,1789,67991310,2216251151000,32579,32594,32595,16,0.05,32596,17,0.05,32578,32603,1399-7-9
104,پتاير,ايران‌ تاير,1781,2227271,207923298230,97730,92850,95000,-2730,-2.79,93350,-4380,-4.48,92850,97240,1399-7-9
105,فباهنر,مس‌ شهيدباهنر,1756,2847519,143309000770,52850,50210,50520,-2330,-4.41,50330,-2520,-4.77,50210,52200,1399-7-9
106,وبوعلي,سرمايه‌گذاري‌بوعلي‌,1744,11419019,97927812380,8850,8850,8540,-310,-3.5,8580,-270,-3.05,8410,9250,1399-7-9
107,آسيا,بيمه آسيا,1676,4504046,118285705350,25590,26000,26860,1270,4.96,26260,670,2.62,24710,27000,1399-7-9
108,وتوكاح,ح . ‌توكافولاد(هلدينگ‌,1663,7324036,75204807200,9745,10400,10560,815,8.36,10268,523,5.37,8520,10600,1399-7-9
109,شلعابح,ح . لعابيران‌,1655,6415514,36928739242,1304,6000,5950,4646,356.29,5756,4452,341.41,5410,6000,1399-7-9
110,جم,پتروشيمي جم,1634,2537384,128772810740,49480,51900,50500,1020,2.06,50750,1270,2.57,45950,51950,1399-7-9
111,وسينا,بانك سينا,1609,16490564,176784939490,10250,10760,10760,510,4.98,10720,470,4.59,9440,10760,1399-7-9
112,وخاور,بانك خاورميانه,1596,11444745,126152595050,10670,11200,11100,430,4.03,11020,350,3.28,10050,11200,1399-7-9
113,ونفت,سرمايه‌گذاري‌ صنعت‌ نفت‌,1576,11803431,155844279620,12600,13230,13230,630,5.0,13200,600,4.76,11760,13230,1399-7-9
114,خپارس,پارس‌ خودرو,1569,17895182,142803552360,8400,7980,7980,-420,-5.0,7980,-420,-5.0,7980,8340,1399-7-9
115,تاصيكو,سرمايه گذاري صدرتامين,1558,11552099,142331333640,11900,11990,12490,590,4.96,12320,420,3.53,11510,12650,1399-7-9
116,شغدير,پتروشيمي غدير,1536,6337953,325219226116,48870,51313,51313,2443,5.0,51313,2443,5.0,46530,51313,1399-7-9
117,فروس,فروسيليس‌ ايران‌,1535,3788472,72647733500,20020,19180,19330,-690,-3.45,19180,-840,-4.2,19020,20490,1399-7-9
118,سيمرغ,سيمرغ,1534,3153040,64296846310,20100,20850,20800,700,3.48,20390,290,1.44,19260,21330,1399-7-9
119,وتوكا,سرمايه‌گذاري‌توكافولاد(هلدينگ,1527,8412270,110429386320,12630,13120,13260,630,4.99,13130,500,3.96,11970,13260,1399-7-9
120,فزرين,زرين معدن آسيا,1512,5247630,108374321647,21268,21800,21480,212,1.0,20652,-616,-2.9,20205,22490,1399-7-9
121,تسه9904,امتياز تسهيلات مسكن تير99,1505,16908,13287543698,808482,771011,810000,1518,0.19,785873,-22609,-2.8,768058,820000,1399-7-9
122,وپترو,سرمايه‌گذاري صنايع پتروشيمي‌,1501,7788284,108693731460,14570,13850,14270,-300,-2.06,13960,-610,-4.19,13850,15490,1399-7-9
123,كوير,توليدي فولاد سپيد فراب كوير,1459,3678552,48918241200,13150,13700,13360,210,1.6,13280,130,0.99,12560,13790,1399-7-9
124,ثترانح,ح سرمايه گذاري مسكن تهران,1453,6964951,24192994577,169,3400,3570,3401,2012.43,3474,3305,1955.62,3270,3570,1399-7-9
125,پرديس,سرمايه گذاري پرديس,1441,9822716,71577849090,7600,7890,7360,-240,-3.16,7290,-310,-4.08,7220,7920,1399-7-9
126,شاوان,پالايش نفت لاوان,1411,1693637,176771307791,109557,104100,104968,-4589,-4.19,104374,-5183,-4.73,104080,114990,1399-7-9
127,ثمسكن,سرمايه‌گذاري‌ مسكن‌,1403,8915228,53676972920,5990,5970,6130,140,2.34,6020,30,0.5,5680,6200,1399-7-9
128,فسازان,غلتك سازان سپاهان,1398,2755212,107467134470,39400,39290,39500,100,0.25,39010,-390,-0.99,37520,41000,1399-7-9
129,كروي,توسعه‌ معادن‌ روي‌ ايران‌,1350,2654769,80039672300,30020,28530,30900,880,2.93,30150,130,0.43,28530,31520,1399-7-9
130,كگازح,ح . شيشه‌ و گاز,1328,3882213,63232627300,15130,15880,16640,1510,9.98,16290,1160,7.67,13210,16640,1399-7-9
131,كرماشا,صنايع پتروشيمي كرمانشاه,1326,2432279,117414748850,47740,48400,49100,1360,2.85,48270,530,1.11,44200,49900,1399-7-9
132,پارس,پتروشيمي پارس,1323,740247,127328401210,168150,173820,173600,5450,3.24,172010,3860,2.3,154100,173820,1399-7-9
133,دارا,صندوق س. دارا الگوريتم-د,1314,59140050,591602208532,10044,10050,10020,-24,-0.24,10003,-41,-0.41,10000,10068,1399-7-9
134,ميدكو,هلدينگ صنايع  معدني خاورميانه,1296,13507598,268059098687,19808,19800,20490,682,3.44,19845,37,0.19,18818,20498,1399-7-9
135,سرچشمه,سرمايه گذاري مس سرچشمه,1295,8141289,79446938652,9401,9800,9871,470,5.0,9759,358,3.81,9000,9871,1399-7-9
136,اميد,تامين سرمايه اميد,1286,22417508,318104438520,14930,14190,14190,-740,-4.96,14190,-740,-4.96,14190,14240,1399-7-9
137,سفارود,كارخانه فارسيت درود,1271,10885785,76931221058,7067,6926,7208,141,2.0,7067,0,0.0,6926,7208,1399-7-9
138,آپ,آسان پرداخت پرشين,1259,3375605,59633679930,17850,17850,18300,450,2.52,17670,-180,-1.01,16960,18580,1399-7-9
139,وبيمه,سرمايه‌ گذاري‌ صنعت‌ بيمه‌,1258,13325233,45176949210,3560,3390,3390,-170,-4.78,3400,-160,-4.49,3390,3420,1399-7-9
140,رتاپ,تجارت الكترونيك  پارسيان,1205,3597512,22261672650,6310,6100,6360,50,0.79,6210,-100,-1.58,6000,6490,1399-7-9
141,عيار,صندوق س. پشتوانه طلاي مفيد,1191,895832,35496753067,37911,38190,39647,1736,4.58,39624,1713,4.52,37530,40200,1399-7-9
142,ودي,بيمه  دي,1187,22754954,426828901720,19727,18741,18741,-986,-5.0,18758,-969,-4.91,18741,19689,1399-7-9
143,مارون,پتروشيمي مارون,1178,1260140,189012754421,143070,150223,150223,7153,5.0,149993,6923,4.84,137500,150223,1399-7-9
144,تسه9905,امتياز تسهيلات مسكن مرداد99,1172,18310,14523215966,817067,857920,790000,-27067,-3.31,793185,-23882,-2.92,776214,869999,1399-7-9
145,جم پيلن,پلي پروپيلن جم - جم پيلن,1168,1372223,137927158220,96500,99680,101320,4820,4.99,100510,4010,4.16,92440,101320,1399-7-9
146,واتي,سرمايه‌ گذاري‌ آتيه‌ دماوند,1160,9823726,120332942330,12820,12180,12440,-380,-2.96,12250,-570,-4.45,12180,12820,1399-7-9
147,وپست,پست بانك ايران,1154,9778104,96397477480,9520,9430,9990,470,4.94,9860,340,3.57,9120,9990,1399-7-9
148,ختورح,ح . رادياتور ايران‌,1139,3153055,77022358560,22660,23940,24930,2270,10.02,24430,1770,7.81,20000,24930,1399-7-9
149,تايرا,تراكتورسازي‌ايران‌,1127,5813629,117163354980,20930,20090,20710,-220,-1.05,20150,-780,-3.73,19890,21760,1399-7-9
150,زر,صندوق س.پشتوانه سكه طلاي زر,1120,1481979,96348240761,63042,65101,64900,1858,2.95,65013,1971,3.13,62600,65499,1399-7-9
151,هصيكو402,اختيارف ت تاصيكو13500-00/02/20,1113,6699318,5044586454,460,753,753,293,63.7,753,293,63.7,460,753,1399-7-9
152,وساخت,سرمايه‌ گذاري‌ ساختمان‌ايران‌,1096,3004685,113024602310,36580,36000,38400,1820,4.98,37620,1040,2.84,35000,38400,1399-7-9
153,وسبحان,سرمايه گذاري سبحان,1091,6276870,59779419902,9169,9580,9627,458,5.0,9524,355,3.87,8650,9627,1399-7-9
154,ريشمك,توليد و صادرات ريشمك,1090,1476522,52384125127,36871,35304,35330,-1541,-4.18,35478,-1393,-3.78,35028,38590,1399-7-9
155,وصندوق,سرمايه‌گذاري‌صندوق‌بازنشستگي‌,1082,6265979,106448199100,16640,17000,17470,830,4.99,16970,330,1.98,16230,17560,1399-7-9
156,ثبهساز,بهساز كاشانه تهران,1058,5489642,19707814780,3770,3590,3590,-180,-4.77,3690,-80,-2.12,3590,3640,1399-7-9
157,شبهرن,نفت‌ بهران‌,1057,1386676,81316028700,56470,58000,59290,2820,4.99,58640,2170,3.84,54580,60150,1399-7-9
158,فولاژ,فولاد آلياژي ايران,1056,2632841,75171451380,28760,28750,29100,340,1.18,28550,-210,-0.73,27330,30150,1399-7-9
159,وهور,مديريت انرژي اميد  تابان هور,1050,2466501,92647027985,37024,37100,38445,1421,3.84,37562,538,1.45,36564,39980,1399-7-9
160,فيروزه,صندوق شاخص30 شركت فيروزه- سهام,1041,567477,108370121820,188040,194300,193800,5760,3.06,190970,2930,1.56,175010,194300,1399-7-9
161,واحيا,م .صنايع و معادن احياء سپاهان,1039,993707,216058781212,226331,215030,218000,-8331,-3.68,217427,-8904,-3.93,215015,230000,1399-7-9
162,بنو,بيمه تجارت نو,1035,5459749,137932956514,26148,25010,24842,-1306,-4.99,25264,-884,-3.38,24841,27980,1399-7-9
163,بزاگرسح,ح . نيروگاه زاگرس كوثر,1017,6596719,52782885258,7655,7800,8037,382,4.99,8001,346,4.52,7590,8037,1399-7-9
164,بركت,گروه دارويي بركت,1007,2119766,30164270180,14970,14230,14230,-740,-4.94,14460,-510,-3.41,14230,14820,1399-7-9
165,كرازي,كارخانجات‌توليدي‌شيشه‌رازي‌,1004,2940252,50373921200,16860,17500,17210,350,2.08,17130,270,1.6,16400,17600,1399-7-9
166,اطلس,صندوق س.توسعه اندوخته آينده-س,999,373550,75616619564,195341,204504,204505,9164,4.69,202427,7086,3.63,182048,208000,1399-7-9
167,كهمدا,شيشه‌ همدان‌,998,1385275,32614484290,23850,23200,23600,-250,-1.05,23620,-230,-0.96,23000,24880,1399-7-9
168,شخارك,پتروشيمي‌ خارك‌,988,1245860,59131164780,47270,48300,47860,590,1.25,47390,120,0.25,45600,48990,1399-7-9
169,كگهر,سنگ آهن گهرزمين,985,1161162,54181278394,46064,45000,47400,1336,2.9,46347,283,0.61,44282,48000,1399-7-9
170,تيپيكو,سرمايه گذاري دارويي تامين,977,1229652,67387344780,53870,55980,54800,930,1.73,54580,710,1.32,52530,57500,1399-7-9
171,چدن,توليدي چدن سازان,956,2190505,56772617330,26730,25500,25990,-740,-2.77,25920,-810,-3.03,25400,27980,1399-7-9
172,تنوين,تامين سرمايه نوين,927,6673483,64904532760,9410,9600,9880,470,4.99,9730,320,3.4,9220,10100,1399-7-9
173,غفارس,شير پاستوريزه پگاه فارس,923,7527979,74839034702,9825,9500,10159,334,3.4,9941,116,1.18,9255,10316,1399-7-9
174,ساينا,صنايع بهداشتي ساينا,915,289907,59944521202,205431,212338,213600,8169,3.98,206772,1341,0.65,195161,222490,1399-7-9
175,دفارا,داروسازي‌ فارابي‌,911,1171519,83359117840,74830,71090,71090,-3740,-5.0,71150,-3680,-4.92,71090,77880,1399-7-9
176,تسه9902,امتياز تسهيلات مسكن ارديبهشت99,907,14093,11215752197,800344,840361,780000,-20344,-2.54,795838,-4506,-0.56,760327,840361,1399-7-9
177,سمازن,سيمان‌مازندران‌,890,6032594,52385334540,9130,8680,8680,-450,-4.93,8680,-450,-4.93,8680,9000,1399-7-9
178,مبين,مبين انرژي خليج فارس,889,3672248,98660604460,26900,27400,26900,0,0.0,26870,-30,-0.11,25100,27740,1399-7-9
179,شكلر,نيروكلر,889,2208166,86965817720,39620,37750,38700,-920,-2.32,39380,-240,-0.61,37750,41000,1399-7-9
180,سصوفي,سيمان‌ صوفيان‌,886,3861636,48004986040,13080,12430,12430,-650,-4.97,12430,-650,-4.97,12430,13680,1399-7-9
181,وتوسم,سرمايه‌گذاري‌توسعه‌ملي‌,876,5476608,65436938460,12000,12000,12270,270,2.25,11950,-50,-0.42,11560,12500,1399-7-9
182,كنور,توسعه معدني و صنعتي صبانور,858,785822,35722082370,44570,44580,45690,1120,2.51,45160,590,1.32,42890,46980,1399-7-9
183,داناح,ح . بيمه دانا,851,18731191,91790828370,4610,4610,5070,460,9.98,4900,290,6.29,4600,5230,1399-7-9
184,فجر,فولاد اميركبيركاشان,843,1846978,111623263980,59090,61750,61590,2500,4.23,60440,1350,2.28,56220,62010,1399-7-9
185,غمارگ,مارگارين‌,834,3109503,78866072360,26690,25360,25360,-1330,-4.98,25360,-1330,-4.98,25360,26690,1399-7-9
186,مداران,داده‌پردازي‌ايران‌,817,997501,30019029030,29570,30900,29800,230,0.78,29860,290,0.98,27270,31000,1399-7-9
187,تكشا,گسترش‌صنايع‌وخدمات‌كشاورزي‌,816,986066,82270871860,82120,78820,86220,4100,4.99,83430,1310,1.6,78820,86220,1399-7-9
188,فرآور,فرآوري‌موادمعدني‌ايران‌,810,3290120,70201436040,22340,21310,22340,0,0.0,21340,-1000,-4.48,21230,24000,1399-7-9
189,كاوه,فولاد كاوه جنوب كيش,798,8594273,194574340720,21570,22640,22640,1070,4.96,22640,1070,4.96,21570,22640,1399-7-9
190,شپاكسا,پاكسان‌,788,1446566,35687994720,24940,24140,25050,110,0.44,24730,-210,-0.84,23800,26300,1399-7-9
191,ستران,سيمان‌ تهران‌,778,1783758,54728497530,32270,30660,30660,-1610,-4.99,30680,-1590,-4.93,30660,31000,1399-7-9
192,شبصير,توليدات پتروشيمي قائد بصير,776,595917,80637456327,140765,134781,133727,-7038,-5.0,135317,-5448,-3.87,133727,150868,1399-7-9
193,بهپاك,صنعتي بهپاك,773,1379515,41820463768,31590,30011,30800,-790,-2.5,30321,-1269,-4.02,30011,32000,1399-7-9
194,پكرمان,گروه‌ صنعتي‌ بارز,772,5680340,120923189670,20280,21290,21290,1010,4.98,21290,1010,4.98,19100,21290,1399-7-9
195,ملت,بيمه ملت,763,2818877,32017830520,11930,11340,11340,-590,-4.95,11510,-420,-3.52,11340,11900,1399-7-9
196,كيميا,معدني كيمياي زنجان گستران,757,1754023,42156998472,24051,23300,24850,799,3.32,24036,-15,-0.06,23050,24970,1399-7-9
197,اتكام,شركت بيمه اتكايي امين,751,4003936,30707768633,7378,7739,7746,368,4.99,7563,185,2.51,7030,7770,1399-7-9
198,سباقر,سيمان باقران,748,2888337,54432985271,18329,18400,18878,549,3.0,18846,517,2.82,17771,18878,1399-7-9
199,كاريس,صندوق س.سپهر كاريزما-س,739,587850,121628353291,203042,209999,209000,5958,2.93,206904,3862,1.9,195000,210000,1399-7-9
200,لوتوس,تامين سرمايه لوتوس پارسيان,737,2582025,40150857690,14930,15320,15670,740,4.96,15370,440,2.95,14890,15670,1399-7-9
201,وبشهر,توسعه‌ صنايع‌ بهشهر(هلدينگ,734,2596909,40885007290,15630,15720,16160,530,3.39,15720,90,0.58,15190,16500,1399-7-9
202,فخاس,فولاد خراسان,730,2114071,84431470650,38840,36920,40640,1800,4.63,39800,960,2.47,36920,40780,1399-7-9
203,شيراز,پتروشيمي‌شيراز,722,1155779,76545266510,66540,66550,67400,860,1.29,66290,-250,-0.38,63300,68990,1399-7-9
204,كاردان,صندوق س تجارت شاخصي كاردان,720,318929,62179571720,193450,198120,196000,2550,1.32,194960,1510,0.78,177020,200890,1399-7-9
205,پارسيانح,ح.بيمه پارسيان,710,2501830,24930328260,9140,9700,10050,910,9.96,9960,820,8.97,8010,10050,1399-7-9
206,غبشهر,صنعتي‌ بهشهر,708,3203222,71381325220,21420,21200,22490,1070,5.0,22280,860,4.01,21200,22490,1399-7-9
207,وصنا,گروه‌صنايع‌بهشهرايران‌,704,4150918,42607020150,10800,10260,10450,-350,-3.24,10330,-470,-4.35,10260,10450,1399-7-9
208,بفجر,فجر انرژي خليج فارس,695,3084883,90978679460,28360,29760,29770,1410,4.97,29490,1130,3.98,27180,29800,1399-7-9
209,فسرب,ملي‌ سرب‌وروي‌ ايران‌,695,838833,96952981960,121270,115210,115210,-6060,-5.0,115580,-5690,-4.69,115210,121250,1399-7-9
210,كبافق,معادن‌ بافق‌,675,1031793,28410503740,28960,27520,27520,-1440,-4.97,28050,-910,-3.14,27520,27990,1399-7-9
211,فسپا,گروه‌صنعتي‌سپاهان‌,668,1966907,81239759220,39380,41340,41340,1960,4.98,41300,1920,4.88,37020,41340,1399-7-9
212,خراسان,پتروشيمي خراسان,664,1037756,95606546130,88440,92390,92860,4420,5.0,92130,3690,4.17,83800,92860,1399-7-9
213,آتيمس,صندوق س.آرمان آتيه درخشان مس-س,663,215973,48538267243,223932,230000,226132,2200,0.98,224742,810,0.36,212010,230000,1399-7-9
214,شسينا,صنايع‌شيميايي‌سينا,656,86847,50773876000,579310,599990,588230,8920,1.54,584640,5330,0.92,561000,599990,1399-7-9
215,وارس,سرمايه گذاري ارس صبا,641,1037111,99966412214,99031,96061,96061,-2970,-3.0,96389,-2642,-2.67,96061,101000,1399-7-9
216,ثشرقح,ح. سرمايه گذاري مسكن شمال شرق,637,7609625,25920056230,3270,3430,3600,330,10.09,3410,140,4.28,3160,3600,1399-7-9
217,شلعاب,لعابيران‌,634,1568380,13774677430,9170,8720,9000,-170,-1.85,9060,-110,-1.2,8720,9300,1399-7-9
218,زشگزا,شير و گوشت زاگرس شهركرد,634,729381,69732540194,92493,95490,96600,4107,4.44,95605,3112,3.36,89216,98606,1399-7-9
219,تسه9903,امتياز تسهيلات مسكن خرداد99,624,6382,5010623898,807832,768222,770000,-37832,-4.68,785118,-22714,-2.81,767441,874689,1399-7-9
220,گوهران,سرمايه گذاري توسعه گوهران اميد,623,2362005,22569869794,9651,9360,9849,198,2.05,9605,-46,-0.48,9360,10030,1399-7-9
221,ميهن,بيمه ميهن,620,23164737,119437637972,5427,5156,5156,-271,-4.99,5156,-271,-4.99,5156,5163,1399-7-9
222,ساروم,سيمان‌اروميه‌,615,1352125,34054388780,25580,25300,25270,-310,-1.21,25310,-270,-1.06,24310,26740,1399-7-9
223,پارند,صندوق س. پارند پايدار سپهر,611,19227149,229267634720,11890,11920,11930,40,0.34,11920,30,0.25,11870,11950,1399-7-9
224,سيدكو,سرمايه گذاري توسعه صنايع سيمان,610,2761955,17962461760,6510,6510,6640,130,2.0,6510,0,0.0,6220,6890,1399-7-9
225,سدبير,س. تدبيرگران فارس وخوزستان,601,1249288,34067755560,27215,28299,27699,484,1.78,27251,36,0.13,26000,28969,1399-7-9
226,دتماد,توليدمواداوليه‌داروپخش‌,595,857276,34913836260,39980,40950,41600,1620,4.05,40500,520,1.3,38790,41970,1399-7-9
227,فاما,صنعتي‌ آما,589,1595710,30614387540,19080,19400,19520,440,2.31,19140,60,0.31,18310,20200,1399-7-9
228,سخوز,سيمان خوزستان,588,1189230,23973707840,20760,20110,20350,-410,-1.97,20450,-310,-1.49,19730,22240,1399-7-9
229,شگل,گلتاش‌,585,1713476,43943367890,26210,26500,26200,-10,-0.04,25650,-560,-2.14,24900,27460,1399-7-9
230,پاكشو,گروه صنعتي پاكشو,582,800287,56980434400,67810,71200,71200,3390,5.0,71200,3390,5.0,65000,71200,1399-7-9
231,واميد,گروه مديريت سرمايه گذاري اميد,581,2157764,91399000000,41910,41150,42120,210,0.5,42270,360,0.86,40120,42980,1399-7-9
232,شرانل,نفت ايرانول,567,1032591,26570474696,25904,24614,26580,676,2.61,25804,-100,-0.39,24614,26880,1399-7-9
233,سكه9912پ04,سكه تمام بهارتحويل1روزه صادرات,566,211600,295622318300,1341191,1369102,1404000,62809,4.68,1397081,55890,4.17,1332000,1408249,1399-7-9
234,سكارون,سيمان كارون,565,904346,93349460510,108564,103136,103136,-5428,-5.0,103223,-5341,-4.92,103136,114000,1399-7-9
235,شپارسح,ح . بين‌ المللي‌محصولات پارس‌,565,1211323,12931739108,10359,10970,10870,511,4.93,10676,317,3.06,9040,11000,1399-7-9
236,اپرداز,آتيه داده پرداز,558,2080796,58213445724,26645,27977,27977,1332,5.0,27977,1332,5.0,24753,27977,1399-7-9
237,مفاخر,توسعه فناوري اطلاعات خوارزمي,547,808832,34936285139,43448,41550,44750,1302,3.0,43259,-189,-0.44,41276,45700,1399-7-9
238,ثباغ,شهر سازي و خانه سازي باغميشه,543,2597519,56061935446,20583,21602,21612,1029,5.0,21563,980,4.76,19920,21612,1399-7-9
239,تسه9810,امتياز تسهيلات مسكن دي98,536,9888,7756135890,798352,769911,800000,1648,0.21,784399,-13953,-1.75,760001,833300,1399-7-9
240,شوينده,مديريت صنعت شوينده ت.ص.بهشهر,535,816961,30051868570,35880,36200,37670,1790,4.99,36450,570,1.59,34020,37670,1399-7-9
241,دارا2,صندوق س. دارا الگوريتم-د,535,53500000,53500000,10044,1,1,-10043,-99.99,1,-10043,-99.99,1,1,1399-7-9
242,غگرجي,بيسكويت‌  گرجي‌,534,1159310,40088939800,36400,34580,34580,-1820,-5.0,34780,-1620,-4.45,34580,35290,1399-7-9
243,دسبحان,سبحان دارو,531,1355260,22365765430,16920,16080,17200,280,1.65,16720,-200,-1.18,16080,17200,1399-7-9
244,افق ملت,صندوق س در سهام افق ملت,531,273182,40054581410,146510,147000,148400,1890,1.29,146620,110,0.08,140000,152000,1399-7-9
245,پارسيان,بيمه پارسيان,528,4586890,53225667930,11170,11720,11720,550,4.92,11600,430,3.85,10470,11720,1399-7-9
246,ولساپا,ليزينگ رايان‌ سايپا,519,6129968,22496982560,3860,3670,3670,-190,-4.92,3760,-100,-2.59,3670,3740,1399-7-9
247,گوهر,صندوق سكه طلاي كيان,517,345305,25954279981,72797,74000,75395,2598,3.57,75163,2366,3.25,71690,75989,1399-7-9
248,بترانس,ايران‌ ترانسفو,510,867388,30922382200,37520,35650,35650,-1870,-4.98,36440,-1080,-2.88,35650,36040,1399-7-9
249,سكه0012پ01,سكه تمام بهارتحويلي 1روزه رفاه,503,222100,310370130800,1341729,1370000,1408250,66521,4.96,1397434,55705,4.15,1335000,1408250,1399-7-9
250,دجابر,داروسازي‌ جابرابن‌حيان‌,502,1267379,50867124970,41230,39170,41100,-130,-0.32,40140,-1090,-2.64,39170,42500,1399-7-9
251,خديزل,بهمن  ديزل,500,1061099,45680382485,41817,43500,43907,2090,5.0,42836,1019,2.44,38128,43907,1399-7-9
252,تاپكيش,تجارت الكترونيك پارسيان كيش,499,1926773,21244646639,11571,11000,10993,-578,-5.0,11339,-232,-2.01,10993,12600,1399-7-9
253,دامين,داروسازي‌ امين‌,499,1626626,21230406350,13700,13020,13200,-500,-3.65,13400,-300,-2.19,13020,13500,1399-7-9
254,شنفت,نفت‌ پارس‌,494,426856,23231512040,53510,50920,56180,2670,4.99,53900,390,0.73,50920,56500,1399-7-9
255,شراز,پالايش نفت شيراز,490,159158,16213077839,103429,104000,102700,-729,-0.7,102881,-548,-0.53,98275,111254,1399-7-9
256,فاسمين,كالسيمين‌,487,830045,39775756400,45640,47920,47920,2280,5.0,47580,1940,4.25,43130,47920,1399-7-9
257,شجم,صنايع پتروشيمي تخت جمشيد,478,3803223,32324125593,8760,8498,8498,-262,-2.99,8499,-261,-2.98,8389,8750,1399-7-9
258,دتمادح,ح . توليدمواداوليه‌داروپخش‌,478,578201,20701130480,34860,34700,36400,1540,4.42,35800,940,2.7,33300,36980,1399-7-9
259,تسه9812,امتياز تسهيلات مسكن اسفند98,472,4060,3184446608,806951,820000,815000,8049,1.0,784346,-22605,-2.8,766604,820000,1399-7-9
260,درازك,دارويي‌ رازك‌,470,1392822,52369922440,37700,35820,39200,1500,3.98,37600,-100,-0.27,35820,39580,1399-7-9
261,بموتو,موتوژن‌,469,912954,40943110190,44130,43000,45630,1500,3.4,44720,590,1.34,42250,46330,1399-7-9
262,قچار,فراوردههاي غذايي وقند چهارمحال,464,206785,38586991488,191516,181941,182000,-9516,-4.97,187735,-3781,-1.97,181941,198110,1399-7-9
263,انرژي3,سايراشخاص بورس انرژي,458,71247,26008004880,384250,365040,365040,-19210,-5.0,378550,-5700,-1.48,365040,367460,1399-7-9
264,ماديرا,صنايع ماشين هاي اداري ايران,454,1124992,39612093312,37064,35211,35211,-1853,-5.0,35435,-1629,-4.4,35211,35870,1399-7-9
265,شفا,سرمايه گذاري شفادارو,453,969862,58540047060,60160,57160,62930,2770,4.6,60360,200,0.33,56760,63160,1399-7-9
266,بپيوند,برق و انرژي پيوندگستر پارس,451,229242,6205810182,28495,27071,27071,-1424,-5.0,28300,-195,-0.68,27071,27205,1399-7-9
267,وآيند,بانك  آينده,443,6475412,162681775676,24631,25123,25123,492,2.0,25123,492,2.0,24466,25200,1399-7-9
268,حسينا,توسعه خدمات دريايي وبندري سينا,435,787859,43676726472,53462,53176,56130,2668,4.99,55266,1804,3.37,52001,57940,1399-7-9
269,كترام,توليدي‌ كاشي‌ تكسرام‌,432,1659242,30046403050,17260,17510,18120,860,4.98,17840,580,3.36,16980,18120,1399-7-9
270,كيان,صندوق س. با درآمد ثابت كيان,432,11032732,279708418120,25350,25360,25360,10,0.04,25350,0,0.0,25330,25380,1399-7-9
271,كمنگنز,معادن‌منگنزايران‌,429,389143,34014480560,90370,86700,86900,-3470,-3.84,88290,-2080,-2.3,85860,94950,1399-7-9
272,ثپرديسح,ح.سرمايه گذاري مسكن پرديس,424,1267515,8888990100,7025,7000,7160,135,1.92,7013,-12,-0.17,6685,7330,1399-7-9
273,ثاخت,بين‌المللي‌توسعه‌ساختمان,421,2594216,10506574800,4260,4050,4050,-210,-4.93,4210,-50,-1.17,4050,4090,1399-7-9
274,تسه9901,امتياز تسهيلات مسكن فروردين99,417,3925,3099339422,801855,762500,780000,-21855,-2.73,789641,-12214,-1.52,762500,841947,1399-7-9
275,حخزر,كشتيراني درياي خزر,409,914438,20120599954,22922,21776,22996,74,0.32,22515,-407,-1.78,21776,23500,1399-7-9
276,دشيمي,شيمي‌ داروئي‌ داروپخش‌,408,1470689,83707370920,56920,59000,56920,0,0.0,56920,0,0.0,54080,59500,1399-7-9
277,خمحركه,نيرو محركه‌,406,1846381,15195715630,8660,8230,8230,-430,-4.97,8520,-140,-1.62,8230,8270,1399-7-9
278,كاذر,فرآورده‌هاي‌نسوزآذر,403,654216,19661967710,30700,31000,30200,-500,-1.63,30430,-270,-0.88,29300,32000,1399-7-9
279,شپاس,نفت پاسارگاد,400,923670,18980193681,20944,21000,20928,-16,-0.08,20783,-161,-0.77,19900,21800,1399-7-9
280,وتوس,توسعه‌شهري‌توس‌گستر,396,3190009,86959645340,25970,27260,27260,1290,4.97,27260,1290,4.97,24200,27260,1399-7-9
281,نوين,بيمه نوين,394,2973609,17151776712,6071,5768,5768,-303,-4.99,5956,-115,-1.89,5768,5810,1399-7-9
282,بخاور,بيمه زندگي خاورميانه,391,1991598,13316569132,7024,6676,6700,-324,-4.61,6926,-98,-1.4,6673,7450,1399-7-9
283,سهگمت,سيمان‌هگمتان‌,390,774403,13704551810,17800,17000,18270,470,2.64,17770,-30,-0.17,16960,18890,1399-7-9
284,اتكاي,بيمه اتكايي ايرانيان,382,1976779,30693005356,15114,15600,15470,356,2.36,15356,242,1.6,14556,15729,1399-7-9
285,كپارس,كاشي‌ پارس‌,368,528771,40387363220,80140,76140,76140,-4000,-4.99,76670,-3470,-4.33,76140,81000,1399-7-9
286,اعتلاح,ح سرمايه گذاري اعتلاء البرز,367,1725281,11389466378,6335,6150,6651,316,4.99,6602,267,4.21,6150,6651,1399-7-9
287,رانفور,خدمات‌انفورماتيك‌,364,1704742,46914499840,26210,27520,27520,1310,5.0,26870,660,2.52,25230,27520,1399-7-9
288,چكارن,كارتن‌ ايران‌,361,1694048,6911715840,4290,4080,4080,-210,-4.9,4260,-30,-0.7,4080,4100,1399-7-9
289,تسه9809,امتياز تسهيلات مسكن آذر98,361,4293,3358289602,801259,800000,785000,-16259,-2.03,782271,-18988,-2.37,761197,810000,1399-7-9
290,كالا,بورس كالاي ايران,361,891781,38988665320,46020,43720,43720,-2300,-5.0,44040,-1980,-4.3,43720,44230,1399-7-9
291,كوثر,بيمه كوثر,355,814963,10975964970,14135,13429,13429,-706,-4.99,13980,-155,-1.1,13429,14135,1399-7-9
292,فاراك,ماشين‌ سازي‌ اراك‌,354,2248270,20077051100,9390,8930,8930,-460,-4.9,9180,-210,-2.24,8930,9030,1399-7-9
293,دعبيد,لابراتوارداروسازي‌  دكترعبيدي‌,352,455229,14755657150,34110,32410,32410,-1700,-4.98,33680,-430,-1.26,32410,32520,1399-7-9
294,سخند,صندوق س.سپهرخبرگان نفت-د,350,32158300,323837800330,10061,10099,10097,36,0.36,10070,9,0.09,10060,10100,1399-7-9
295,ذوب تبعي9912,اختيارف.تبعي ذوب991224,340,754840,1434196000,1900,1900,1900,0,0.0,1900,0,0.0,1900,1900,1399-7-9
296,دالبر,البرزدارو,339,918506,17740749790,20260,19250,19300,-960,-4.74,19900,-360,-1.78,19250,20000,1399-7-9
297,تسه9803,امتياز تسهيلات مسكن خرداد98,337,2706,2109917786,809115,768660,785000,-24115,-2.98,779718,-29397,-3.63,768660,810000,1399-7-9
298,غزر,صنعتي زر ماكارون,336,131584,7780561920,62240,59130,59130,-3110,-5.0,61710,-530,-0.85,59130,59480,1399-7-9
299,شاملاح,ح . معدني‌ املاح‌  ايران‌,331,224584,12223365810,53530,57630,56660,3130,5.85,54430,900,1.68,47370,57630,1399-7-9
300,خكرمان,گروه اقتصادي كرمان خودرو,329,5121441,31020568137,6244,6057,6057,-187,-2.99,6057,-187,-2.99,6057,6244,1399-7-9
301,تماوند,تامين سرمايه دماوند,327,3634979,45386347794,12123,12486,12486,363,2.99,12486,363,2.99,11855,12486,1399-7-9
302,آساس,صندوق س.آسمان آرماني سهام-س,320,202648,33188952829,160793,166900,164400,3607,2.24,163776,2983,1.86,152010,166900,1399-7-9
303,پخش,پخش البرز,319,635262,19410372804,30531,29944,30510,-21,-0.07,30541,10,0.03,29348,32436,1399-7-9
304,سكرما,سيمان‌ كرمان‌,315,1853823,27692129820,15620,14840,14840,-780,-4.99,15210,-410,-2.62,14840,15620,1399-7-9
305,وسخراج,شركت س استان خراسان جنوبي,313,10976165,24696371250,2360,2250,2250,-110,-4.66,2310,-50,-2.12,2250,2270,1399-7-9
306,سپ,پرداخت الكترونيك سامان كيش,311,572223,12266720010,20440,21460,21460,1020,4.99,20680,240,1.17,19220,21460,1399-7-9
307,زملارد,كشاورزي و دامپروري ملارد شير,309,95201,4177895885,46194,43885,43885,-2309,-5.0,45993,-201,-0.44,43885,44456,1399-7-9
308,تسه9708,امتياز تسهيلات مسكن آبان97,306,3089,2429379261,796412,799900,790010,-6402,-0.8,786461,-9951,-1.25,757500,830000,1399-7-9
309,غدام,خوراك‌  دام‌ پارس‌,303,128874,17769152320,143000,140000,135850,-7150,-5.0,141080,-1920,-1.34,135850,148000,1399-7-9
310,وپخش,داروپخش‌ (هلدينگ‌,298,92954,10939084600,115060,115000,119000,3940,3.42,115650,590,0.51,109990,119860,1399-7-9
311,تسه9707,امتياز تسهيلات مسكن مهر97,297,3581,2734231871,788613,750013,776331,-12282,-1.56,763539,-25074,-3.18,749183,809988,1399-7-9
312,كرمان,س. توسعه و عمران استان كرمان,291,269007,18609635253,72819,69179,69179,-3640,-5.0,71303,-1516,-2.08,69179,69947,1399-7-9
313,دسينا,داروسازي‌ سينا,287,731249,20049436540,28810,27370,27370,-1440,-5.0,28200,-610,-2.12,27370,28900,1399-7-9
314,قثابت,قند ثابت‌ خراسان‌,280,328423,23876352100,76520,72700,72700,-3820,-4.99,74470,-2050,-2.68,72700,73120,1399-7-9
315,آبادا,توليد نيروي برق آبادان,277,228247,5347827210,24660,23430,23430,-1230,-4.99,24520,-140,-0.57,23430,23490,1399-7-9
316,بكام,كارخانجات توليدي شهيد قندي,275,3098080,18526518400,6290,5980,5980,-310,-4.93,6160,-130,-2.07,5980,6080,1399-7-9
317,تسه9801,امتياز تسهيلات مسكن فروردين98,273,2858,2242768779,812143,771536,800000,-12143,-1.5,784734,-27409,-3.37,771536,814999,1399-7-9
318,آكورد,صندوق س. آرمان آتي كوثر-د,271,7461927,214044859706,28665,28720,28749,84,0.29,28685,20,0.07,28625,28750,1399-7-9
319,زعف9908پ10,زعفران9908نگين طلاي سرخ(پ),266,84397,6359079791,75665,74880,75810,145,0.19,75347,-318,-0.42,74000,78000,1399-7-9
320,سكه0011پ02,سكه تمام بهارتحويلي 1روزه ملت,264,86800,121429244400,1339806,1380000,1393000,53194,3.97,1398954,59148,4.41,1335000,1408097,1399-7-9
321,تسه9811,امتياز تسهيلات مسكن بهمن98,258,2041,1616880733,797137,762000,780000,-17137,-2.15,792200,-4937,-0.62,760000,836993,1399-7-9
322,سمگاح,ح. سرمايه گذاري ميراث فرهنگي,247,6308611,99381264358,15027,15700,15778,751,5.0,15753,726,4.83,15000,15778,1399-7-9
323,سبهان,سيمان‌ بهبهان‌,245,274005,15166436230,58080,55260,55300,-2780,-4.79,57180,-900,-1.55,55180,59800,1399-7-9
324,پرداخت,به پرداخت ملت,244,250755,9962148710,39410,38000,40920,1510,3.83,39470,60,0.15,38000,41100,1399-7-9
325,هغدير912,اختيارف ت غدير-17380-99/12/16,243,2620000,138860000,1,53,53,52,5200.0,53,52,5200.0,1,53,1399-7-9
326,ولصنم,ليزينگ‌صنعت‌ومعدن‌,241,1201209,10162228140,8900,8460,8460,-440,-4.94,8800,-100,-1.12,8460,8550,1399-7-9
327,وساپا,سرمايه‌گذاري‌ سايپا,239,568511,5884088850,10890,10350,10350,-540,-4.96,10820,-70,-0.64,10350,10380,1399-7-9
328,دسبحا,گروه دارويي سبحان,239,601999,10052607840,17210,16370,16900,-310,-1.8,17100,-110,-0.64,16350,17600,1399-7-9
329,توريل,توکاريل,232,782467,15064054684,18336,19252,19252,916,5.0,18575,239,1.3,18766,19252,1399-7-9
330,تسه9710,امتياز تسهيلات مسكن دي 97,232,2042,1612249010,819121,819000,790030,-29091,-3.55,789544,-29577,-3.61,778165,827010,1399-7-9
331,دزهراوي,داروسازي‌زهراوي‌,226,703033,7578695740,11340,10780,10780,-560,-4.94,11250,-90,-0.79,10780,10810,1399-7-9
332,زپارس,ملي كشت و صنعت و دامپروري پارس,221,342964,24058201210,73710,70030,72000,-1710,-2.32,71860,-1850,-2.51,70030,74700,1399-7-9
333,سهرمز,سيمان‌هرمزگان‌,218,423324,6607979100,16330,15520,15550,-780,-4.78,16230,-100,-0.61,15520,16200,1399-7-9
334,كخاك,صنايع‌خاك‌چيني‌ايران‌,217,172991,9994918700,57140,59790,58000,860,1.51,57270,130,0.23,54720,59890,1399-7-9
335,هكوير910,اختيارف ت كوير-16000-99/10/02,215,1831566,3465322872,1811,1892,1892,81,4.47,1892,81,4.47,1811,1892,1399-7-9
336,دشيري,شيرين دارو,215,69802,13628118378,199696,189760,189712,-9984,-5.0,196653,-3043,-1.52,189712,205000,1399-7-9
337,غچين,كشت‌ و صنعت‌ چين‌ چين,214,254124,11804059800,48890,46450,46450,-2440,-4.99,48260,-630,-1.29,46450,47190,1399-7-9
338,دسبحاح,ح .گروه دارويي سبحان,214,327234,4739612270,14560,14300,15000,440,3.02,14480,-80,-0.55,13500,15490,1399-7-9
339,واحصا,احياء صنايع خراسان,214,357844,6380782784,17364,17884,17884,520,2.99,17496,132,0.76,16562,17884,1399-7-9
340,تسه9709,امتياز تسهيلات مسكن آذر97,214,2173,1699825747,803238,784444,785210,-18028,-2.24,782248,-20990,-2.61,764555,825000,1399-7-9
341,كاسپين,داروسازي كاسپين تامين,214,328717,7812401077,24960,23712,24020,-940,-3.77,24757,-203,-0.81,23712,25000,1399-7-9
342,شصفها,پتروشيمي‌ اصفهان‌,213,375950,32272252422,87592,85841,85841,-1751,-2.0,85842,-1750,-2.0,85841,87592,1399-7-9
343,سيستم,همكاران سيستم,204,325746,8817124930,26280,27590,26990,710,2.7,26420,140,0.53,25170,27800,1399-7-9
344,وكادو,تكادو,204,1639932,32580116584,20321,19712,19712,-609,-3.0,19867,-454,-2.23,19712,20930,1399-7-9
345,دابور,داروسازي‌ ابوريحان‌,199,306627,11905888780,40560,38540,40000,-560,-1.38,40120,-440,-1.08,38540,40950,1399-7-9
346,هبركت912,اختيارف ت بركت-22100-99/12/17,195,360000,1761840000,4262,4894,4894,632,14.83,4894,632,14.83,4262,4894,1399-7-9
347,تسه9802,امتياز تسهيلات مسكن ارديبهشت98,195,1812,1408847704,796885,770000,800000,3115,0.39,777510,-19375,-2.43,757041,830000,1399-7-9
348,ياقوت,صندوق س ياقوت آگاه-ثابت,194,7597612,84201514360,11060,11050,11080,20,0.18,11080,20,0.18,11040,11090,1399-7-9
349,سنوين,سرمايه گذاري اقتصاد نوين,194,3401098,37496734105,11152,10929,11375,223,2.0,11025,-127,-1.14,10929,11375,1399-7-9
350,سقاين,سيمان‌ قائن‌,194,134062,5405352530,41590,40260,39610,-1980,-4.76,41440,-150,-0.36,39520,43970,1399-7-9
351,غپآذر,شير پگاه آذربايجان شرقي,194,398079,22996934871,58991,56042,57980,-1011,-1.71,58417,-574,-0.97,56042,58998,1399-7-9
352,تسه9808,امتياز تسهيلات مسكن آبان98,190,2515,1960965392,798475,760009,838398,39923,5.0,779708,-18767,-2.35,760000,838398,1399-7-9
353,نيرو,نيرو سرمايه,187,368822,19928821105,57880,55000,53350,-4530,-7.83,54034,-3846,-6.64,53350,56000,1399-7-9
354,غشهداب,كشت و صنعت شهداب ناب خراسان,186,966157,4976674707,5422,5151,5151,-271,-5.0,5393,-29,-0.53,5151,5161,1399-7-9
355,بگيلان,توسعه مسير برق گيلان,180,92705,3011800040,34197,32488,32488,-1709,-5.0,34105,-92,-0.27,32488,32547,1399-7-9
356,ضخود1041,اختيارخ خودرو-2500-1399/10/07,174,5546,4420981000,632,899,840,208,32.91,797,165,26.11,200,899,1399-7-9
357,دپارس,پارس‌ دارو,173,254034,23467223140,97130,92280,92310,-4820,-4.96,94770,-2360,-2.43,92280,96760,1399-7-9
358,تسه9806,امتياز تسهيلات مسكن شهريور98,172,2363,1856066191,799470,839440,799888,418,0.05,785470,-14000,-1.75,759497,839443,1399-7-9
359,صايند,صندوق س. گنجينه آينده روشن-د,170,1150370,11641418890,10097,10110,10130,33,0.33,10120,23,0.23,10080,10130,1399-7-9
360,كاسپينح,ح .داروسازي كاسپين تامين,169,199665,3783550217,18472,18401,19200,728,3.94,18949,477,2.58,18161,19900,1399-7-9
361,شاملا,معدني‌ املاح‌  ايران‌,166,65920,4379509600,69880,66390,66390,-3490,-4.99,69560,-320,-0.46,66390,69850,1399-7-9
362,تسه9711,امتياز تسهيلات مسكن بهمن 97,165,1679,1320800301,796064,758000,784000,-12064,-1.52,786659,-9405,-1.18,758000,835867,1399-7-9
363,زمگسا,كشاورزي‌ ودامپروي‌ مگسال‌,164,283751,7504756130,27820,26430,26430,-1390,-5.0,27600,-220,-0.79,26430,27800,1399-7-9
364,سپاس,صندوق س. پاداش سهامداري توسعه1,162,5532820,56186686410,10150,10150,10170,20,0.2,10160,10,0.1,10140,10180,1399-7-9
365,ضجار7022,اختيارخ وتجارت-2800-1399/07/22,162,4636,930059000,206,212,190,-16,-7.77,201,-5,-2.43,103,390,1399-7-9
366,ثفارس,عمران‌وتوسعه‌فارس‌,161,425300,3972302000,9830,9340,9340,-490,-4.98,9790,-40,-0.41,9340,9350,1399-7-9
367,دتوليد,داروسازي توليد دارو,161,307663,9809219429,33561,31883,31883,-1678,-5.0,33186,-375,-1.12,31883,32239,1399-7-9
368,هبهرن912,اختيارف ت شبهرن-74590-99/12/02,160,97386,1236802200,11685,12700,12700,1015,8.69,12700,1015,8.69,11685,12700,1399-7-9
369,وپويا,سرمايه گذاري پويا,158,149891,1733789197,12175,11567,11567,-608,-4.99,12153,-22,-0.18,11567,11638,1399-7-9
370,اخزا815,اسنادخزانه-م15بودجه98-010406,155,179117,132010438576,736547,737111,737500,953,0.13,737007,460,0.06,734015,738300,1399-7-9
371,كسرا,سراميك‌هاي‌صنعتي‌اردكان‌,152,278171,5468841860,20690,19660,19660,-1030,-4.98,20560,-130,-0.63,19660,19720,1399-7-9
372,خصدرا,صنعتي‌ دريايي‌ ايران‌,148,825387,5607679278,7004,6794,6794,-210,-3.0,6987,-17,-0.24,6794,6794,1399-7-9
373,بكاب,صنايع‌جوشكاب‌يزد,143,179750,21569658960,126300,120010,119990,-6310,-5.0,123280,-3020,-2.39,119990,129750,1399-7-9
374,فنفت,صنايع تجهيزات نفت,143,457494,6580644643,14678,14241,14490,-188,-1.28,14576,-102,-0.69,14238,15118,1399-7-9
375,تسه9712,امتياز تسهيلات مسكن اسفند97,141,1074,846305500,795293,760000,790000,-5293,-0.67,787994,-7299,-0.92,760000,800000,1399-7-9
376,دارو,كارخانجات‌داروپخش‌,140,76616,3778462880,50930,49020,49520,-1410,-2.77,50800,-130,-0.26,48530,51970,1399-7-9
377,زفكا,كشت و دامداري فكا,136,135966,5491394808,42513,40388,40388,-2125,-5.0,42261,-252,-0.59,40388,40462,1399-7-9
378,بذر,صندوق س بذر اميد آفرين-سهام,133,57667,6483074410,111250,111510,113900,2650,2.38,112420,1170,1.05,107500,115990,1399-7-9
379,ثشاهد,سرمايه‌ گذاري‌ شاهد,131,71784,3289142880,48230,45820,45820,-2410,-5.0,48120,-110,-0.23,45820,45950,1399-7-9
380,ضخود1040,اختيارخ خودرو-2000-1399/10/07,126,4213,4959932000,1014,1200,1140,126,12.43,1177,163,16.07,899,1220,1399-7-9
381,پكوير,كوير تاير,125,212388,2803521600,13890,13200,13200,-690,-4.97,13850,-40,-0.29,13200,13230,1399-7-9
382,ضصاد8024,اختيارخ وبصادر-5500-1399/08/11,125,3146,451696000,159,159,146,-13,-8.18,144,-15,-9.43,102,275,1399-7-9
383,دلر,داروسازي‌ اكسير,124,48947,4720040690,98020,93550,98070,50,0.05,97860,-160,-0.16,93550,101000,1399-7-9
384,حاريا,كشتيراني آريا,124,630334,18770085852,28911,29778,29778,867,3.0,29697,786,2.72,28362,30116,1399-7-9
385,اخزا808,اسنادخزانه-م8بودجه98-000817,124,76462,63255247924,826558,826066,828000,1442,0.17,827277,719,0.09,824500,828000,1399-7-9
386,كي بي سي,شركت كي بي سي,123,162529,5533135319,35824,34033,34033,-1791,-5.0,35610,-214,-0.6,34033,34361,1399-7-9
387,فيروزا,صندوق بادرآمد ثابت فيروزه آسيا,120,1480761,31075451440,20990,21000,21000,10,0.05,20990,0,0.0,20870,21270,1399-7-9
388,مرقام,ايران‌ارقام‌,118,191350,5170277000,28440,27020,27020,-1420,-4.99,28280,-160,-0.56,27020,27050,1399-7-9
389,غاذر,كشت‌وصنعت‌پياذر,117,209831,18026581210,90430,85910,85910,-4520,-5.0,88670,-1760,-1.95,85910,87340,1399-7-9
390,تسه9805,امتياز تسهيلات مسكن مرداد98,117,1464,1140302555,799841,800000,810000,10159,1.27,778895,-20946,-2.62,759849,810000,1399-7-9
391,تسه9804,امتياز تسهيلات مسكن تير98,117,1361,1055081821,805740,771000,799000,-6740,-0.84,775225,-30515,-3.79,765453,805740,1399-7-9
392,آساميد,صندوق س.مشترك آسمان اميد -د,116,4308414,46333734375,10752,10801,10770,18,0.17,10754,2,0.02,10728,10801,1399-7-9
393,هشير911,اختيارف ت شيراز-73480-99/11/27,115,100000,177400000,1,1774,1774,1773,177300.0,1774,1773,177300.0,1,1774,1399-7-9
394,تسه9807,امتياز تسهيلات مسكن مهر98,113,617,480096527,799260,760000,790000,-9260,-1.16,778114,-21146,-2.65,760000,800000,1399-7-9
395,پيزد,مجتمع صنايع لاستيك يزد,109,15147,1573440066,109345,103878,103878,-5467,-5.0,109163,-182,-0.17,103878,104006,1399-7-9
396,سشمال,سيمان‌ شمال‌,108,4044564,45784464480,11910,11320,11320,-590,-4.95,11320,-590,-4.95,11320,11320,1399-7-9
397,پسهند,صنايع‌ لاستيكي‌  سهند,108,107016,4910676600,48270,45860,45860,-2410,-4.99,48020,-250,-0.52,45860,46040,1399-7-9
398,وآتوس,س.آرين توسكا قيمت اسمي 350ريال,108,572456,19965547912,33862,34877,34877,1015,3.0,34819,957,2.83,33000,34877,1399-7-9
399,هملت911,اختيارف ت ملت-6770-99/11/25,107,1040000,1040000000,867,1000,1000,133,15.34,1000,133,15.34,867,1000,1399-7-9
400,دابورح,ح . داروسازي‌ ابوريحان‌,106,1550450,52821533730,34290,37720,35000,710,2.07,34070,-220,-0.64,34000,38000,1399-7-9
401,وملي,گروه‌ صنعتي‌ ملي‌ (هلدينگ‌,105,9869,4912985580,524020,497820,497820,-26200,-5.0,521410,-2610,-0.5,497820,499890,1399-7-9
402,غبهنوش,بهنوش‌ ايران‌,103,216447,12198952920,59320,56360,56360,-2960,-4.99,58550,-770,-1.3,56360,56380,1399-7-9
403,شتولي,تولي‌پرس‌,103,304390,5796194380,18669,19042,19042,373,2.0,18865,196,1.05,18382,19042,1399-7-9
404,دتوزيع,توزيع دارو پخش,102,50572,2401967712,49995,47496,47496,-2499,-5.0,49866,-129,-0.26,47496,47589,1399-7-9
405,شپترو,پتروشيمي آبادان,101,543497,3351202502,6356,6166,6166,-190,-2.99,6322,-34,-0.53,6166,6191,1399-7-9
406,وزمين,بانك ايران زمين,101,188519,3132243185,16954,16615,16615,-339,-2.0,16914,-40,-0.24,16615,16954,1399-7-9
407,امين يكم2,صندوق درآمد ثابت امين يكم فردا,100,10000000,10000000,10350,1,1,-10349,-99.99,1,-10349,-99.99,1,1,1399-7-9
408,صنوين,صندوق سرمايه‌گذاري صنوين-مختلط,100,36699,4091539320,111280,110100,111900,620,0.56,111490,210,0.19,110000,114000,1399-7-9
409,دمعيار,صندوق س. توازن معيار-د,100,2526012,25270480419,10001,10019,10001,0,0.0,10004,3,0.03,9998,10020,1399-7-9
410,شكبير,پتروشيمي اميركبير,99,70999,4202455383,60987,59158,59159,-1828,-3.0,60898,-89,-0.15,59158,62830,1399-7-9
411,كماسه,تامين‌ ماسه‌ ريخته‌گري‌,99,49148,2904155320,62200,59090,59090,-3110,-5.0,62010,-190,-0.31,59090,59440,1399-7-9
412,قصفها,قنداصفهان‌,99,66194,11486644820,182660,173530,173530,-9130,-5.0,180420,-2240,-1.23,173530,174420,1399-7-9
413,سكه0112پ03,سكه تمام بهارتحويلي1روزه سامان,98,17200,24087168000,1342532,1393790,1408249,65717,4.9,1400417,57885,4.31,1331335,1408250,1399-7-9
414,هاباد912,اختيارف ت آبادا-30100-99/12/12,96,225000,558450000,2404,2482,2482,78,3.24,2482,78,3.24,2404,2482,1399-7-9
415,ثقزوي,شركت عمران و سازندگي قزوين,96,447766,11714901858,25401,26163,26163,762,3.0,25797,396,1.56,25401,26163,1399-7-9
416,ونيرو,سرمايه‌گذاري‌نيرو,94,1718109,14638288680,8960,8520,8520,-440,-4.91,8900,-60,-0.67,8520,8570,1399-7-9
417,ضخود1042,اختيارخ خودرو-3000-1399/10/07,94,3306,1708538000,448,580,501,53,11.83,517,69,15.4,400,580,1399-7-9
418,وتوشه,سرمايه‌ گذاري‌ پارس‌ توشه‌,92,657080,14114078400,22610,21480,21480,-1130,-5.0,22290,-320,-1.42,21480,21570,1399-7-9
419,ثزاگرس,سرمايه گذاري توسعه عمران زاگرس,91,83359,2165833538,25226,25982,25982,756,3.0,25303,77,0.31,25712,25982,1399-7-9
420,شكف,كف,90,258578,13107577398,49698,50691,50691,993,2.0,50691,993,2.0,49689,50691,1399-7-9
421,وآوا,سرمايه گذاري آوا نوين,89,228207,2902793040,13389,12720,12720,-669,-5.0,13348,-41,-0.31,12720,12791,1399-7-9
422,اخزا820,اسنادخزانه-م20بودجه98-020806,89,168490,98071598905,585114,581302,584799,-315,-0.05,582062,-3052,-0.52,580000,593000,1399-7-9
423,ثجوان,تامين مسكن جوانان,88,646300,4878918700,7946,7549,7549,-397,-5.0,7840,-106,-1.33,7549,7619,1399-7-9
424,فپنتا,سپنتا,87,27749,9543436080,327550,343920,343920,16370,5.0,330290,2740,0.84,301000,343920,1399-7-9
425,كمرجان,بازرگاني و توليدي مرجان كار,86,157448,7260399624,43918,46113,46113,2195,5.0,44193,275,0.63,44523,46113,1399-7-9
426,سشرق,سيمان‌ شرق‌,83,547333,3979110910,7650,7270,7270,-380,-4.97,7620,-30,-0.39,7270,7280,1399-7-9
427,حفارس,حمل و نقل بين المللي خليج فارس,80,294123,1538263290,5500,5230,5230,-270,-4.91,5490,-10,-0.18,5230,5230,1399-7-9
428,سمتاز,سيمان ممتازان كرمان,80,130798,2683097063,21078,20500,20600,-478,-2.27,20999,-79,-0.37,20446,20999,1399-7-9
429,اخزا809,اسنادخزانه-م9بودجه98-000923,78,173438,141415440410,814942,815000,815899,957,0.12,815366,424,0.05,812676,815999,1399-7-9
430,كشرق,صنعتي و معدني شمال شرق شاهرود,76,285291,21004549875,77499,73625,73625,-3874,-5.0,75537,-1962,-2.53,73625,77469,1399-7-9
431,قنيشا,قند  نيشابور,76,143816,15995215520,117070,111220,111220,-5850,-5.0,115010,-2060,-1.76,111220,111770,1399-7-9
432,هخود911,اختيارف ت خودرو-3680-99/11/20,74,1000000,914000000,792,914,914,122,15.4,914,122,15.4,792,914,1399-7-9
433,داوه,داروسازي آوه سينا,74,103236,1800848784,18362,17444,17444,-918,-5.0,18327,-35,-0.19,17444,17459,1399-7-9
434,ثاصفا,شركت‌ ساختمان‌ اصفهان‌,73,129251,3840305712,30630,29712,29712,-918,-3.0,30456,-174,-0.57,29712,31000,1399-7-9
435,قهكمت,قندهكمتان‌,73,120677,5205604150,45390,43130,43130,-2260,-4.98,45140,-250,-0.55,43130,44100,1399-7-9
436,الماس,صندوق س.امين تدبيرگران فردا-س,71,16699,2024753641,119567,121693,122010,2443,2.04,121250,1683,1.41,116000,122900,1399-7-9
437,وتعاون,بيمه  تعاون,70,552643,3381139377,6064,6300,6111,47,0.78,6073,9,0.15,6111,6300,1399-7-9
438,درهآور,دارويي ره آورد تامين,70,151550,4128828200,28677,27244,27244,-1433,-5.0,28547,-130,-0.45,27244,27329,1399-7-9
439,ورنا,سرمايه‌گذاري‌ رنا(هلدينگ‌,70,158989,1666204720,11030,10480,10480,-550,-4.99,11010,-20,-0.18,10480,10480,1399-7-9
440,اخزا814,اسنادخزانه-م14بودجه98-010318,70,94468,70307987317,743721,744011,745000,1279,0.17,744252,531,0.07,743000,745000,1399-7-9
441,ديران,ايران‌دارو,70,634480,13907801600,23070,21920,21920,-1150,-4.98,22730,-340,-1.47,21920,21980,1399-7-9
442,وسقم,شركت س استان قم,69,1533791,2162645310,1350,1410,1410,60,4.44,1350,0,0.0,1410,1410,1399-7-9
443,غنوش,نوش‌ مازندران‌,69,36058,2934400040,85660,81380,81380,-4280,-5.0,85390,-270,-0.32,81380,81500,1399-7-9
444,تصميم,صندوق س با درآمد ثابت تصميم,68,1123127,16409743590,14610,14630,14610,0,0.0,14610,0,0.0,14600,14630,1399-7-9
445,ضجار7023,اختيارخ وتجارت-3000-1399/07/22,67,2331,232410000,124,51,90,-34,-27.42,100,-24,-19.35,58,160,1399-7-9
446,ضخود1043,اختيارخ خودرو-3500-1399/10/07,65,1557,581356000,450,400,350,-100,-22.22,373,-77,-17.11,331,649,1399-7-9
447,سپاها,سيمان‌سپاهان‌,65,264331,2471494850,9840,9350,9350,-490,-4.98,9810,-30,-0.3,9350,9360,1399-7-9
448,اخزا817,اسنادخزانه-م17بودجه98-010512,64,134767,97559251459,722793,722793,725399,2606,0.36,723911,1118,0.15,720690,725399,1399-7-9
449,ضجار7026,اختيارخ وتجارت-3600-1399/07/22,64,3255,93248000,33,93,27,-6,-18.18,29,-4,-12.12,10,93,1399-7-9
450,شپارس,بين‌ المللي‌ محصولات‌  پارس‌,63,127371,1832868690,15140,14390,14390,-750,-4.95,15110,-30,-0.2,14390,14470,1399-7-9
451,كفرا,فراورده‌ هاي‌ نسوزايران‌,63,75256,2975622240,41620,39540,39540,-2080,-5.0,41490,-130,-0.31,39540,39540,1399-7-9
452,خمهر,مهركام‌پارس‌,63,325341,2648275740,8560,8140,8140,-420,-4.91,8540,-20,-0.23,8140,8160,1399-7-9
453,ولملت,واسپاري ملت,61,1122595,12662871600,11870,11280,11280,-590,-4.97,11710,-160,-1.35,11280,11300,1399-7-9
454,وتوصا,گروه س توسعه صنعتي ايران,61,150221,2185715550,15310,14550,14550,-760,-4.96,15270,-40,-0.26,14550,14550,1399-7-9
455,تكنار,مجتمع معادن مس تكنار,61,151096,12796622432,82226,84692,84692,2466,3.0,83629,1403,1.71,84246,84692,1399-7-9
456,ثروتم,صندوق س. ثروت آفرين پارسيان-س,60,38530,3665059890,95387,97390,95900,513,0.54,95122,-265,-0.28,94700,100000,1399-7-9
457,شپلي,پلي اكريل ايران,60,336816,2685097152,8218,7972,7972,-246,-2.99,8184,-34,-0.41,7972,7984,1399-7-9
458,ما,بيمه  ما,58,410604,2463624000,6310,6000,6000,-310,-4.91,6290,-20,-0.32,6000,6010,1399-7-9
459,اخزا811,اسنادخزانه-م11بودجه98-001013,56,113500,91656312561,807226,806000,808000,774,0.1,807545,319,0.04,804457,808999,1399-7-9
460,گنجين,صندوق س. گنجينه يكم آويد-د,56,1246697,14173328250,11355,11386,11350,-5,-0.04,11369,14,0.12,11341,11386,1399-7-9
461,رنيك,جنرال مكانيك,55,102426,2420838510,24878,23635,23635,-1243,-5.0,24812,-66,-0.27,23635,23691,1399-7-9
462,غشهد,شهد ايران ‌,55,153022,1129302360,7760,7380,7380,-380,-4.9,7750,-10,-0.13,7380,7390,1399-7-9
463,ثتران,سرمايه گذاري مسكن تهران,54,141559,928343922,6903,6558,6558,-345,-5.0,6896,-7,-0.1,6558,6560,1399-7-9
464,وبهمن,سرمايه‌گذاري‌بهمن‌,53,432992,7001480640,17020,16170,16170,-850,-4.99,16880,-140,-0.82,16170,16190,1399-7-9
465,آسام,صندوق س.آرمان سپهر آشنا-م,53,14520,1486363480,101488,99600,102899,1411,1.39,102367,879,0.87,99000,103499,1399-7-9
466,ولبهمن,شركت بهمن ليزينگ,53,294219,2873342754,10279,9766,9766,-513,-4.99,10247,-32,-0.31,9766,9819,1399-7-9
467,هرانف912,اختيارف ت رانفور32120-99/12/03,52,100000,356100000,4526,3561,3561,-965,-21.32,3561,-965,-21.32,3561,4526,1399-7-9
468,خاذين,سايپاآذين‌,52,225812,1774882320,8270,7860,7860,-410,-4.96,8250,-20,-0.24,7860,7860,1399-7-9
469,گكوثر,هتل پارسيان كوثر اصفهان,50,13413,2354531433,184779,175541,175541,-9238,-5.0,184317,-462,-0.25,175541,176139,1399-7-9
470,سخزر,سيمان‌ خزر,49,182942,5102252380,29350,27890,27890,-1460,-4.97,29180,-170,-0.58,27890,29350,1399-7-9
471,خودرو2,ايران‌ خودرو,49,15106281,39880581840,2520,2640,2640,120,4.76,2640,120,4.76,2640,2640,1399-7-9
472,زعف9908پ11,زعفران9908نگين سحرخيز(پ),48,68038,5334212382,80838,78000,78500,-2338,-2.89,78400,-2438,-3.02,78000,81912,1399-7-9
473,تپولا,مهندسي مرآت پولاد,48,774860,14846317600,18602,19160,19160,558,3.0,18965,363,1.95,18609,19160,1399-7-9
474,لپارس,پارس‌ الكتريك‌,48,3593,1306486660,382750,363620,363620,-19130,-5.0,382220,-530,-0.14,363620,364020,1399-7-9
475,دقاضي,داروسازي شهيد قاضي,47,102010,9394916980,94946,92098,92098,-2848,-3.0,93561,-1385,-1.46,92098,92113,1399-7-9
476,قپيرا,فرآورده‌هاي‌غدايي‌وقندپيرانشهر,46,27492,2078506740,79520,75700,77830,-1690,-2.13,79350,-170,-0.21,75550,79000,1399-7-9
477,غمينو,شركت صنايع غذايي مينو شرق,46,57715,836982930,15265,14502,14502,-763,-5.0,15252,-13,-0.09,14502,14516,1399-7-9
478,ارمغان,ص سرمايه گذاري ارمغان ايرانيان,46,946435,9590264000,10130,10170,10130,0,0.0,10130,0,0.0,10130,10170,1399-7-9
479,ساوه,سيمان ساوه,46,15206,1061196328,73461,69788,69788,-3673,-5.0,73379,-82,-0.11,69788,69926,1399-7-9
480,كفرآور,فرآورده هاي سيمان شرق,45,193140,4025617020,21939,20843,20843,-1096,-5.0,21708,-231,-1.05,20843,21731,1399-7-9
481,اخزا806,اسنادخزانه-م6بودجه98-000519,44,61690,53278839986,862361,862666,863802,1441,0.17,863654,1293,0.15,862071,864005,1399-7-9
482,زعف9908پ05,زعفران9908نگين زرين(پ),44,16899,1333026208,79003,78000,79448,445,0.56,78882,-121,-0.15,76010,80000,1399-7-9
483,ضجار7024,اختيارخ وتجارت-3200-1399/07/22,43,1739,126259000,86,53,74,-12,-13.95,73,-13,-15.12,53,150,1399-7-9
484,قشرين,قند شيرين خراسان,43,159040,3041480960,20130,19124,19124,-1006,-5.0,19965,-165,-0.82,19124,19537,1399-7-9
485,دسانكو,داروسازي سبحان انكولوژي,43,261741,4142574807,16660,15827,15827,-833,-5.0,16585,-75,-0.45,15827,15890,1399-7-9
486,ددام,داروسازي زاگرس فارمد پارس,42,65942,846695280,13510,12840,12840,-670,-4.96,13500,-10,-0.07,12840,12850,1399-7-9
487,وسرمد,بيمه  سرمد,42,118315,733316370,6524,6198,6198,-326,-5.0,6511,-13,-0.2,6198,6329,1399-7-9
488,بزاگرس,نيروگاه زاگرس كوثر,41,42676,645261120,15915,15120,15120,-795,-5.0,15904,-11,-0.07,15120,15128,1399-7-9
489,وآرين,شركت توسعه اقتصادي آرين,41,172985,865270970,5156,5002,5002,-154,-2.99,5149,-7,-0.14,5002,5005,1399-7-9
490,زقيام,كشت و دام قيام اصفهان,41,37845,1035439200,28799,27360,27360,-1439,-5.0,28768,-31,-0.11,27360,27371,1399-7-9
491,ضخود7039,اختيارخ خودرو-1500-1399/07/09,41,601,607773000,834,900,1250,416,49.88,1011,177,21.22,440,1250,1399-7-9
492,زبينا,كشاورزي و دامپروري بينالود,40,41868,2012427288,50595,48066,48066,-2529,-5.0,50487,-108,-0.21,48066,48076,1399-7-9
493,آ س پ,آ.س.پ,39,178097,2554801465,15100,14345,14345,-755,-5.0,15059,-41,-0.27,14345,14350,1399-7-9
494,هفارس912,اختيارف ت فارس-14576-99/12/13,38,1000000,1000000,1,1,1,0,0.0,1,0,0.0,1,1,1399-7-9
495,اخزا818,اسنادخزانه-م18بودجه98-010614,38,69635,49603754568,711507,710011,712216,709,0.1,712339,832,0.12,710000,714890,1399-7-9
496,ساروج,بين المللي ساروج بوشهر,37,172348,3656137704,21869,21213,21300,-569,-2.6,21731,-138,-0.63,21213,21869,1399-7-9
497,فولاي,صنايع فولاد آلياژي يزد,37,25490,1282019550,52942,50295,50295,-2647,-5.0,52870,-72,-0.14,50295,50331,1399-7-9
498,فجام,جام‌دارو,37,12748,742698480,61320,58260,58260,-3060,-4.99,61270,-50,-0.08,58260,58320,1399-7-9
499,ثاژن,سخت آژند,36,1156999,11352474188,10220,9812,9812,-408,-3.99,9812,-408,-3.99,9812,10020,1399-7-9
500,زعف9908پ13,زعفران9908پوشالمعمول روستا(پ),36,6867,436230355,64367,66979,65000,633,0.98,63526,-841,-1.31,61257,66979,1399-7-9
501,حتايد,تايدواترخاورميانه,36,40400,738512000,19240,18280,18280,-960,-4.99,19220,-20,-0.1,18280,18290,1399-7-9
502,خرينگ,رينگ‌سازي‌مشهد,35,48145,1287878750,28150,26750,26750,-1400,-4.97,28110,-40,-0.14,26750,26780,1399-7-9
503,كيسون,شركت كيسون,35,71123,1555815625,22551,21875,21875,-676,-3.0,22527,-24,-0.11,21875,21875,1399-7-9
504,وآذر,سرمايه‌گذاري‌توسعه‌آذربايجان‌,34,33411,3915100980,123340,117180,117180,-6160,-4.99,122830,-510,-0.41,117180,117270,1399-7-9
505,لبوتان,گروه‌صنعتي‌بوتان‌,34,5004,395716320,83240,79080,79080,-4160,-5.0,83210,-30,-0.04,79080,79080,1399-7-9
506,اخزا821,اسنادخزانه-م21بودجه98-020906,33,20642,11899712300,579861,578500,579998,137,0.02,576481,-3380,-0.58,560849,585555,1399-7-9
507,تبرك,گروه كارخانجات صنعتي تبرك,33,17759,506078223,29996,28497,28497,-1499,-5.0,29980,-16,-0.05,28497,28530,1399-7-9
508,وسخراش,شركت س استان خراسان شمالي,33,1425544,2010017040,1350,1410,1410,60,4.44,1350,0,0.0,1410,1410,1399-7-9
509,دبالك,مواد اوليه دارويي البرز بالك,33,95911,1581764212,17359,16492,16492,-867,-4.99,17330,-29,-0.17,16492,16531,1399-7-9
510,سكرد,سيمان كردستان,32,81374,862564400,11150,10600,10600,-550,-4.93,11140,-10,-0.09,10600,10600,1399-7-9
511,وگستر,گسترش سرمايه گذاري ايرانيان,32,89477,1755896648,20656,19624,19624,-1032,-5.0,20618,-38,-0.18,19624,19655,1399-7-9
512,سدور,سيمان‌ دورود,32,96042,750088020,8220,7810,7810,-410,-4.99,8210,-10,-0.12,7810,7810,1399-7-9
513,فسا,پتروشيمي فسا,31,160311,477887091,3073,2981,2981,-92,-2.99,3071,-2,-0.07,2981,2983,1399-7-9
514,خريخت,صنايع‌ريخته‌گري‌ايران‌,31,126439,761162780,6330,6020,6020,-310,-4.9,6330,0,0.0,6020,6020,1399-7-9
515,خاور,ايران خودرو ديزل,30,155098,1099179526,7306,7087,7087,-219,-3.0,7294,-12,-0.16,7087,7088,1399-7-9
516,اخزا703,اسنادخزانه-م3بودجه97-990721,30,68747,68335294403,993955,994451,994500,545,0.05,994011,56,0.01,993042,995000,1399-7-9
517,شفارس,صنايع‌ شيميايي‌ فارس‌,30,25999,864986730,35020,33270,33270,-1750,-5.0,34990,-30,-0.09,33270,33290,1399-7-9
518,حآسا,آسيا سير ارس,30,78131,924602254,12456,11834,11834,-622,-4.99,12444,-12,-0.1,11834,11856,1399-7-9
519,نطرين,عطرين نخ قم,30,39077,673023171,18129,17223,17223,-906,-5.0,18116,-13,-0.07,17223,17230,1399-7-9
520,آكورد2,صندوق س. آرمان آتي كوثر-د,30,3000000,3000000,28665,1,1,-28664,-100.0,1,-28664,-100.0,1,1,1399-7-9
521,سايرا,ايرانيت‌,29,32889,1227675486,36610,37342,37342,732,2.0,36695,85,0.23,35878,37342,1399-7-9
522,ضچاد1017,اختيارخ كچاد-20000-1399/10/02,29,259,1362959000,4890,4250,5000,110,2.25,5262,372,7.61,4250,5500,1399-7-9
523,اخزا721,اسنادخزانه-م21بودجه97-000728,29,39133,32778425196,836976,836000,837616,640,0.08,837616,640,0.08,835583,840000,1399-7-9
524,واعتبار,سرمايه گذاري اعتبار ايران,29,67473,520891560,8120,7720,7720,-400,-4.93,8120,0,0.0,7720,7730,1399-7-9
525,هصند911,اختيارف ت صندوق-19926-99/11/29,29,100000,186600000,1237,1866,1866,629,50.85,1866,629,50.85,1237,1866,1399-7-9
526,حتوكا,حمل‌ونقل‌توكا,29,45898,690305920,15830,15040,15040,-790,-4.99,15820,-10,-0.06,15040,15050,1399-7-9
527,ثنوسا,نوسازي‌وساختمان‌تهران‌,29,97044,1143178320,12400,11780,11780,-620,-5.0,12380,-20,-0.16,11780,11800,1399-7-9
528,هجرت,پخش هجرت,29,8396,483643184,60635,57604,57604,-3031,-5.0,60603,-32,-0.05,57604,57988,1399-7-9
529,افران,صندوق س افرا نماد پايدار-ثابت,28,843209,9891405900,11720,11750,11750,30,0.26,11730,10,0.09,11720,11750,1399-7-9
530,سخاش,سيمان‌خاش‌,28,13393,967644250,76050,72250,72250,-3800,-5.0,75970,-80,-0.11,72250,72310,1399-7-9
531,شتوكا,توكا رنگ فولاد سپاهان,28,80968,2316737384,30118,28613,28613,-1505,-5.0,30044,-74,-0.25,28613,28617,1399-7-9
532,سدشت,صنايع سيمان دشتستان,28,28846,1142301600,37720,39600,39600,1880,4.98,37760,40,0.11,39540,39600,1399-7-9
533,جهرم,پتروشيمي جهرم,28,169061,557055995,3396,3295,3295,-101,-2.97,3393,-3,-0.09,3295,3306,1399-7-9
534,لازما,كارخانه هاي صنعتي آزمايش,28,43397,1335933248,32066,30784,30784,-1282,-4.0,31887,-179,-0.56,30784,31428,1399-7-9
535,لكما,كارخانجات‌مخابراتي‌ايران‌,28,41185,473874610,11861,11506,11506,-355,-2.99,11852,-9,-0.08,11315,11506,1399-7-9
536,خكاوه,سايپا ديزل,28,102011,651340235,6582,6385,6385,-197,-2.99,6575,-7,-0.11,6385,6390,1399-7-9
537,خشرق,الكتريك‌ خودرو شرق‌,27,32058,599484600,19680,18700,18700,-980,-4.98,19670,-10,-0.05,18700,18700,1399-7-9
538,اخزا813,اسنادخزانه-م13بودجه98-010219,27,34210,25809455250,752933,752933,754300,1367,0.18,754442,1509,0.2,752000,757500,1399-7-9
539,شدوص,دوده‌ صنعتي‌ پارس‌,27,55086,1092355380,20870,19830,19830,-1040,-4.98,20850,-20,-0.1,19830,19840,1399-7-9
540,قاسم,قاسم ايران,27,59792,910990912,16037,15236,15236,-801,-4.99,16022,-15,-0.09,15236,15242,1399-7-9
541,وايران,ليزينگ ايرانيان,27,73238,791702780,11370,10810,10810,-560,-4.93,11360,-10,-0.09,10810,10810,1399-7-9
542,زگلدشت,كشت و دام گلدشت نمونه اصفهان,27,31934,1165654868,38423,36502,36502,-1921,-5.0,38375,-48,-0.12,36502,36511,1399-7-9
543,خلنت,لنت‌ ترمزايران‌,27,44405,4094585050,97060,92210,92210,-4850,-5.0,96640,-420,-0.43,92210,92220,1399-7-9
544,سفانو,سيمان فارس نو,26,19710,615937500,32890,31250,31250,-1640,-4.99,32870,-20,-0.06,31250,31260,1399-7-9
545,اخزا807,اسنادخزانه-م7بودجه98-000719,26,118523,99567637815,839247,839999,840000,753,0.09,840070,823,0.1,839117,842988,1399-7-9
546,سبجنو,سيمان‌ بجنورد,26,39438,1208774700,32260,30650,30650,-1610,-4.99,32220,-40,-0.12,30650,31500,1399-7-9
547,ولانا,شركت ليزينگ آريا دانا,26,26855,602653055,23622,22441,22441,-1181,-5.0,23584,-38,-0.16,22441,22916,1399-7-9
548,وثنو,سرمايه گذاري ساختماني نوين,26,37684,665800912,18597,17668,17668,-929,-5.0,18564,-33,-0.18,17668,18049,1399-7-9
549,زعف9908پ14,زعفران9908پوشالمعمول نوين(پ),25,6169,400162344,64481,64452,65999,1518,2.35,64867,386,0.6,63500,66664,1399-7-9
550,غدشت,دشت‌ مرغاب‌,25,2476,720565520,306330,291020,291020,-15310,-5.0,306100,-230,-0.08,291020,291040,1399-7-9
551,كپرور,فرآوري زغال سنگ پروده طبس,25,41190,1696204200,43347,41180,41180,-2167,-5.0,43269,-78,-0.18,41180,41219,1399-7-9
552,داراب,پتروشيمي داراب,25,114716,358028636,3217,3121,3121,-96,-2.98,3215,-2,-0.06,3121,3122,1399-7-9
553,ضخود7047,اختيارخ خودرو-2600-1399/07/09,24,496,13629000,49,12,39,-10,-20.41,27,-22,-44.9,2,50,1399-7-9
554,قشكر,شكرشاهرود,24,8174,362843860,46720,44390,44390,-2330,-4.99,46700,-20,-0.04,44390,44400,1399-7-9
555,بسويچ,پارس‌سويچ‌,24,24397,1084202680,46770,44440,44440,-2330,-4.98,46720,-50,-0.11,44440,44460,1399-7-9
556,فلوله,لوله‌وماشين‌سازي‌ايران‌,23,23605,602871700,26880,25540,25540,-1340,-4.99,26860,-20,-0.07,25540,25550,1399-7-9
557,صگل1411,ص اجاره گل گهر 1411-3 ماهه 17%,23,227,231738894,979882,990000,1000000,20118,2.05,1020876,40994,4.18,970030,1029970,1399-7-9
558,ضخود7041,اختيارخ خودرو-1700-1399/07/09,23,277,237436000,696,760,900,204,29.31,857,161,23.13,570,900,1399-7-9
559,بساما,بيمه سامان,23,808918,18170725034,23645,22463,22463,-1182,-5.0,23179,-466,-1.97,22463,23142,1399-7-9
560,بمپنا,توليد برق عسلويه  مپنا,23,3644,343989956,99367,94399,94399,-4968,-5.0,99331,-36,-0.04,94399,94413,1399-7-9
561,پلوله,گازلوله‌,23,80678,1622192546,20310,20107,20107,-203,-1.0,20242,-68,-0.33,20107,20135,1399-7-9
562,غگلپا,شير پاستوريزه پگاه گلپايگان,23,16831,1236085471,77306,73441,73441,-3865,-5.0,77205,-101,-0.13,73441,73469,1399-7-9
563,ضجار7031,اختيارخ وتجارت-4600-1399/07/22,22,645,3757000,8,18,5,-3,-37.5,6,-2,-25.0,4,18,1399-7-9
564,ضجار7036,اختيارخ وتجارت-6500-1399/07/22,22,346,1564000,9,48,4,-5,-55.56,5,-4,-44.44,4,13,1399-7-9
565,ضخود7050,اختيارخ خودرو-1200-1399/07/09,22,359,490792000,1121,1100,1490,369,32.92,1367,246,21.94,1003,1490,1399-7-9
566,وليز,ليزينگ‌ايران‌,22,45904,444809760,10200,9690,9690,-510,-5.0,10200,0,0.0,9690,9700,1399-7-9
567,ضصاد8017,اختيارخ وبصادر-3800-1399/08/11,22,532,332675000,614,550,679,65,10.59,625,11,1.79,550,679,1399-7-9
568,فنوال,نورد آلومينيوم‌,22,32823,1172437560,37590,35720,35720,-1870,-4.97,37540,-50,-0.13,34370,35720,1399-7-9
569,پست9908-08,پسته فندقي32-30زرينمه ولات9908,22,622,995255916,1577296,1461009,1610001,32705,2.07,1600090,22794,1.45,1461009,1665748,1399-7-9
570,كمينا,شيشه سازي مينا,21,16319,526173517,33240,32243,32243,-997,-3.0,33213,-27,-0.08,32243,32249,1399-7-9
571,فلات,گروه صنايع معادن فلات ايرانيان,21,158868,2049556068,13300,12901,12901,-399,-3.0,13256,-44,-0.33,12901,12908,1399-7-9
572,ضسپا8015,اختيارخ خساپا-1900-1399/08/26,21,298,167350000,776,450,640,-136,-17.53,562,-214,-27.58,450,640,1399-7-9
573,غپونه,نوش پونه مشهد,21,32392,548882440,17469,16945,16945,-524,-3.0,17454,-15,-0.09,16613,16945,1399-7-9
574,كلوند,كاشي‌ الوند,21,4266,110062800,27150,25800,25800,-1350,-4.97,27150,0,0.0,25800,25870,1399-7-9
575,ضجار7027,اختيارخ وتجارت-3800-1399/07/22,20,331,10331000,43,34,25,-18,-41.86,31,-12,-27.91,25,79,1399-7-9
576,هكاوه911,اختيارف ت كاوه-25477-99/11/18,20,100000,222500000,3233,2225,2225,-1008,-31.18,2225,-1008,-31.18,2225,3233,1399-7-9
577,داسوه,داروسازي‌ اسوه‌,20,20076,622155240,32620,30990,30990,-1630,-5.0,32600,-20,-0.06,30990,31000,1399-7-9
578,اخزا812,اسنادخزانه-م12بودجه98-001111,20,55049,43888230978,796121,796755,797205,1084,0.14,797258,1137,0.14,795000,797700,1399-7-9
579,كيان2,صندوق س. با درآمد ثابت كيان,20,2000000,2000000,25350,1,1,-25349,-100.0,1,-25349,-100.0,1,1,1399-7-9
580,اخزا816,اسنادخزانه-م16بودجه98-010503,20,80446,58542490847,727410,726114,727115,-295,-0.04,727724,314,0.04,725000,730000,1399-7-9
581,ضخود7040,اختيارخ خودرو-1600-1399/07/09,20,145,131556000,814,750,1088,274,33.66,907,93,11.43,650,1111,1399-7-9
582,اخزا810,اسنادخزانه-م10بودجه98-001006,20,61637,49807084603,808197,781247,814989,6792,0.84,808071,-126,-0.02,781247,814989,1399-7-9
583,كتوكا,توليدي و خدمات صنايع نسوز توكا,20,4373,625592634,150587,143058,143058,-7529,-5.0,150488,-99,-0.07,143058,143107,1399-7-9
584,وهنر,گروه توسعه هنر ايران,19,64891,316927644,5035,4884,4884,-151,-3.0,5033,-2,-0.04,4884,4884,1399-7-9
585,ثنور,سرمايه گذاري كوه نور,19,33536,264867328,8142,7898,7898,-244,-3.0,8139,-3,-0.04,7898,7901,1399-7-9
586,غگلستا,شير پاستوريزه پگاه گلستان,19,23406,356309538,16024,15223,15223,-801,-5.0,16018,-6,-0.04,15223,15225,1399-7-9
587,اوصتا,صندوق انديشه ورزان صباتامين -د,19,120197,2015844683,16778,16702,16785,7,0.04,16771,-7,-0.04,16701,16785,1399-7-9
588,كرونا2,تامين مالي جمعي صرفا اهداي سود,19,2162,21620000,10000,10000,10000,0,0.0,10000,0,0.0,10000,10000,1399-7-9
589,ثنظام,س. ساختماني نظام مهندسي ايران,19,100455,4824954105,49516,48031,48031,-1485,-3.0,49146,-370,-0.75,48031,48041,1399-7-9
590,زعف9908پ09,زعفران9908نگين نوين(پ),19,6438,491898658,76650,78900,77000,350,0.46,76406,-244,-0.32,75000,79700,1399-7-9
591,ركيش,كارت اعتباري ايران كيش,19,21461,338439970,16600,15770,15770,-830,-5.0,16590,-10,-0.06,15770,16340,1399-7-9
592,خزر,فنرسازي‌زر,19,33267,276781440,8750,8320,8320,-430,-4.91,8750,0,0.0,8320,8320,1399-7-9
593,ولشرق,ليزينگ ايران و شرق,18,83173,705806078,8932,8486,8486,-446,-4.99,8925,-7,-0.08,8486,8505,1399-7-9
594,سرود,سيمان‌شاهرود,18,38905,557119600,15070,14320,14320,-750,-4.98,15060,-10,-0.07,14320,14320,1399-7-9
595,ساراب,سيمان‌ داراب‌,18,16156,193710440,12620,11990,11990,-630,-4.99,12620,0,0.0,11990,11990,1399-7-9
596,رتكو,كنترل‌خوردگي‌تكين‌كو,18,11713,215870590,19400,18430,18430,-970,-5.0,19400,0,0.0,18430,18430,1399-7-9
597,دكپسول,توليد ژلاتين كپسول ايران,18,8102,311781164,40507,38482,38482,-2025,-5.0,40494,-13,-0.03,38482,38489,1399-7-9
598,ضخود7044,اختيارخ خودرو-2000-1399/07/09,18,158,89394000,473,401,590,117,24.74,566,93,19.66,350,600,1399-7-9
599,كگاز,شيشه‌ و گاز,17,8383,204796690,25710,24430,24430,-1280,-4.98,25700,-10,-0.04,24430,24440,1399-7-9
600,خكار,ايركا پارت صنعت,17,20537,742207180,38040,36140,36140,-1900,-4.99,38010,-30,-0.08,36140,36150,1399-7-9
601,هجم911,اختيارف ت جم-38645-99/11/28,17,84300,84300,1,1,1,0,0.0,1,0,0.0,1,1,1399-7-9
602,ضسپا8016,اختيارخ خساپا-2000-1399/08/26,17,373,199661000,350,351,550,200,57.14,535,185,52.86,350,550,1399-7-9
603,زنجان,صنايع كشاورزي وكود زنجان,17,61957,425272848,7076,6864,6864,-212,-3.0,7071,-5,-0.07,6864,6870,1399-7-9
604,قزوين,كارخانجات‌ قند قزوين‌,17,27685,962330600,36580,34760,34760,-1820,-4.98,36540,-40,-0.11,34760,34760,1399-7-9
605,ضصاد8012,اختيارخ وبصادر-2800-1399/08/11,17,204,249376000,1440,1300,1246,-194,-13.47,1222,-218,-15.14,1110,1500,1399-7-9
606,غالبر,لبنيات‌ كالبر,17,38772,534278160,14500,13780,13780,-720,-4.97,14480,-20,-0.14,13780,13800,1399-7-9
607,اعتلا,شركت سرمايه گذاري اعتلاء البرز,17,180461,2086490082,12170,11562,11562,-608,-5.0,12143,-27,-0.22,11562,11590,1399-7-9
608,اخزا723,اسنادخزانه-م23بودجه97-000824,16,405,335291792,824052,827859,827881,3829,0.46,827881,3829,0.46,824051,829000,1399-7-9
609,همعاد911,اختيارف ت معادن-19080-99/11/19,16,100000,113100000,402,1131,1131,729,181.34,1131,729,181.34,402,1131,1399-7-9
610,ضغدر8042,اختيارخ وغدير-15000-1399/08/26,16,310,930000000,3143,3000,3000,-143,-4.55,3000,-143,-4.55,3000,3399,1399-7-9
611,سجام,مجتمع سيمان غرب آسيا,16,18128,227361376,12929,12542,12542,-387,-2.99,12924,-5,-0.04,12542,12546,1399-7-9
612,ثشرق,سرمايه گذاري مسكن شمال شرق,16,425392,2896919520,7160,6810,6810,-350,-4.89,7140,-20,-0.28,6810,6810,1399-7-9
613,هشفن911,اختيارف ت شفن-318060-99/11/26,16,14000,14000,1,1,1,0,0.0,1,0,0.0,1,1,1399-7-9
614,ضصاد8014,اختيارخ وبصادر-3200-1399/08/11,16,119,124811000,1130,1100,970,-160,-14.16,1049,-81,-7.17,950,1189,1399-7-9
615,هپارس912,اختيارف ت وپارس-5920-99/12/10,16,100000,196800000,1785,1968,1968,183,10.25,1968,183,10.25,1785,1968,1399-7-9
616,ثعتما,س. ساختماني اعتماد گستر,15,6163,220524466,36888,35782,35782,-1106,-3.0,36876,-12,-0.03,35782,36069,1399-7-9
617,اخزا902,اسنادخزانه-م2بودجه99-011019,15,121533,81590233052,669855,668000,671900,2045,0.31,671342,1487,0.22,666539,683999,1399-7-9
618,لابسا,آبسال‌,15,13069,404224170,32550,30930,30930,-1620,-4.98,32540,-10,-0.03,30930,30960,1399-7-9
619,پاسا,ايران‌ياساتايرورابر,15,13075,307131750,24720,23490,23490,-1230,-4.98,24710,-10,-0.04,23490,23500,1399-7-9
620,كطبس,ذغال‌سنگ‌ نگين‌ ط‌بس‌,15,19403,974806720,52880,50240,50240,-2640,-4.99,52830,-50,-0.09,50240,50250,1399-7-9
621,ضفلا8084,اختيارخ فولاد-15775-1399/08/28,15,410,1709000000,3613,4000,4200,587,16.25,4168,555,15.36,3200,4200,1399-7-9
622,حپارسا,توسعه حمل و نقل ريلي پارسيان,15,8714,288206836,34814,33074,33074,-1740,-5.0,34803,-11,-0.03,33074,33080,1399-7-9
623,ثالوند,سرمايه گذاري مسكن الوند,15,10970,144431020,13858,13166,13166,-692,-4.99,13856,-2,-0.01,13166,13171,1399-7-9
624,ضغدر8043,اختيارخ وغدير-16000-1399/08/26,15,62,183744000,2834,3250,2714,-120,-4.23,2964,130,4.59,2550,3250,1399-7-9
625,چكاوه,صنايع‌كاغذسازي‌كاوه‌,14,10990,408937900,39160,37210,37210,-1950,-4.98,39140,-20,-0.05,37210,37220,1399-7-9
626,حپترو,حمل و نقل پتروشيمي( سهامي عام,14,5672,172598960,32030,30430,30430,-1600,-5.0,32020,-10,-0.03,30430,30430,1399-7-9
627,ثعمرا,عمران و توسعه شاهد,14,29877,760548912,26795,25456,25456,-1339,-5.0,26773,-22,-0.08,25456,25462,1399-7-9
628,خمحور,توليدمحورخودرو,14,12712,729795920,60430,57410,57410,-3020,-5.0,60380,-50,-0.08,57410,57410,1399-7-9
629,شسم,توليد سموم‌ علف‌ كش,14,16970,1393627310,78965,82123,82123,3158,4.0,79387,422,0.53,80531,82123,1399-7-9
630,هترول911,اختيارف ت پترول-14730-99/11/15,14,350000,350000,1,1,1,0,0.0,1,0,0.0,1,1,1399-7-9
631,پست9908-02,پسته فندقي32-30طلاسبززرند9908,14,347,558984030,1535907,1612699,1612702,76795,5.0,1610905,74998,4.88,1488000,1663988,1399-7-9
632,داريك,صندوق س.اعتماد داريك-د,13,14631,146337190,10048,10005,10002,-46,-0.46,10002,-46,-0.46,10000,10070,1399-7-9
633,قشير,قند شيروان قوچان و بجنورد,13,8035,207640470,27202,25842,25842,-1360,-5.0,27196,-6,-0.02,25842,25858,1399-7-9
634,پلاسك,پلاسكوكار,13,24871,226823520,9590,9120,9120,-470,-4.9,9590,0,0.0,9120,9120,1399-7-9
635,ثپرديس,سرمايه گذاري مسكن پرديس,13,9446,126056870,14047,13345,13345,-702,-5.0,14045,-2,-0.01,13345,13347,1399-7-9
636,زعف9908پ15,زعفران9908پوشالمعمول طلاسرخ(پ),13,3678,247828280,62298,66000,67700,5402,8.67,67381,5083,8.16,62284,67700,1399-7-9
637,زكشت,كشاورزي مكانيزه اصفهان كشت,13,6388,200940928,33111,31456,31456,-1655,-5.0,33104,-7,-0.02,31456,31460,1399-7-9
638,ولراز,ليزينگ رازي,13,117820,2786796460,24384,23653,23653,-731,-3.0,24277,-107,-0.44,23653,24144,1399-7-9
639,هصادر912,اختيارف ت صادرات-3750-99/12/23,13,1000000,1000000,1,1,1,0,0.0,1,0,0.0,1,1,1399-7-9
640,فالوم,آلومتك‌,13,11226,382065684,35086,34034,34034,-1052,-3.0,35065,-21,-0.06,34034,34038,1399-7-9
641,زشريف,كشت وصنعت شريف آباد,13,5989,158576742,27871,26478,26478,-1393,-5.0,27866,-5,-0.02,26478,26487,1399-7-9
642,تكمبا,كمباين‌ سازي‌ ايران‌,13,13683,141071730,10850,10310,10310,-540,-4.98,10850,0,0.0,10310,10310,1399-7-9
643,اخزا804,اسنادخزانه-م4بودجه98-000421,13,48486,42488788618,874710,874710,876100,1390,0.16,876310,1600,0.18,873343,878000,1399-7-9
644,سفاسي,شركت فارسيت اهواز,13,45902,520941798,11700,11349,11349,-351,-3.0,11691,-9,-0.08,11349,11351,1399-7-9
645,غپاك,لبنيات‌ پاك‌,12,7268,122901880,17790,16910,16910,-880,-4.95,17790,0,0.0,16910,16910,1399-7-9
646,شرنگي,شيميايي رنگين,12,9155,1093949260,123187,119492,119492,-3695,-3.0,122978,-209,-0.17,119492,119498,1399-7-9
647,وسنا,سرمايه گذاري نيروگاهي ايران,12,48734,1015957698,21491,20847,20847,-644,-3.0,21468,-23,-0.11,20847,20853,1399-7-9
648,پدرخش,درخشان‌ تهران‌,12,7492,1639848960,230390,218880,218880,-11510,-5.0,229990,-400,-0.17,218880,218910,1399-7-9
649,ضملي8082,اختيارخ فملي-39750-1399/08/06,12,104,132350000,900,2000,1600,700,77.78,1273,373,41.44,900,2000,1399-7-9
650,دكيمي,كيميدارو,12,7052,172139320,25690,24410,24410,-1280,-4.98,25690,0,0.0,24410,24410,1399-7-9
651,فسديد,لوله‌وتجهيزات‌ سديد - ورشكسته,12,9570,1164659430,122928,121699,121699,-1229,-1.0,122636,-292,-0.24,121699,122363,1399-7-9
652,حسير,ريل سير كوثر,12,19506,514178160,27747,26360,26360,-1387,-5.0,27732,-15,-0.05,26360,26365,1399-7-9
653,سصفها,سيمان‌اصفهان‌,12,1058,112909760,112330,106720,106720,-5610,-4.99,112320,-10,-0.01,106720,106720,1399-7-9
654,ضشنا7053,اختيارخ شپنا-3758-1399/07/28,12,109,1808237000,15448,15000,16002,554,3.59,16589,1141,7.39,14501,19007,1399-7-9
655,زماهان,مجتمع توليد گوشت مرغ ماهان,12,12052,304433520,26589,25260,25260,-1329,-5.0,26580,-9,-0.03,25260,25264,1399-7-9
656,آگاس2,صندوق س.هستي بخش آگاه-س,12,2600000,2600000,73072,1,1,-73071,-100.0,1,-73071,-100.0,1,1,1399-7-9
657,ضفلا8085,اختيارخ فولاد-16775-1399/08/28,12,204,751100000,3373,3000,3700,327,9.69,3682,309,9.16,2250,4000,1399-7-9
658,ضپيك7030,اختيارخ تاپيكو-17370-99/07/20,11,62,312868000,4633,4633,5300,667,14.4,5046,413,8.91,2900,5700,1399-7-9
659,ضشنا7066,اختيارخ شپنا-9798-1399/07/28,11,64,651400000,19000,10000,10350,-8650,-45.53,10178,-8822,-46.43,10000,10500,1399-7-9
660,اخزا903,اسنادخزانه-م3بودجه99-011110,11,34446,22874566260,661657,661010,667998,6341,0.96,664070,2413,0.36,661010,667999,1399-7-9
661,زعف9908پ17,زعفران9908پوشالمعمول بيرجند(پ),11,3013,191444108,64668,65500,65400,732,1.13,63539,-1129,-1.75,61257,66000,1399-7-9
662,بنيرو,نيروترانس‌,11,5068,329217280,68370,64960,64960,-3410,-4.99,68350,-20,-0.03,64960,64970,1399-7-9
663,وسمركز,شركت س استان مركزي,11,620692,912417240,1400,1470,1470,70,5.0,1400,0,0.0,1470,1470,1399-7-9
664,شفارا,پتروشيمي فارابي,11,52331,280494160,5525,5360,5360,-165,-2.99,5523,-2,-0.04,5360,5360,1399-7-9
665,ولغدر,ليزينگ‌خودروغدير,11,20842,356606620,18010,17110,17110,-900,-5.0,18000,-10,-0.06,17110,17110,1399-7-9
666,زير0003پ01,زيره سبز0003كيميابذر(پ),11,466,225582000,478068,490000,475000,-3068,-0.64,484082,6014,1.26,466492,500000,1399-7-9
667,خوساز,محورسازان‌ايران‌خودرو,11,42208,405618880,10110,9610,9610,-500,-4.95,10110,0,0.0,9610,9610,1399-7-9
668,زدشت,كشت و صنعت دشت خرم دره,10,6913,319553425,48657,46225,46225,-2432,-5.0,48641,-16,-0.03,46225,46232,1399-7-9
669,دكوثر,داروسازي‌ كوثر,10,4797,121220190,26590,25270,25270,-1320,-4.96,26590,0,0.0,25270,25270,1399-7-9
670,هنفت912,اختيارف ت نفت-15330-99/12/04,10,100000,160200000,1824,1602,1602,-222,-12.17,1602,-222,-12.17,1602,1824,1399-7-9
671,سيلام,سيمان‌ ايلام‌,10,16353,167781780,10800,10260,10260,-540,-5.0,10800,0,0.0,10260,10260,1399-7-9
672,زير0003پ02,زيره سبز0003 دانش(پ),10,435,198227497,470235,454165,454209,-16026,-3.41,455695,-14540,-3.09,454165,499999,1399-7-9
673,سغرب,سيمان‌غرب‌,10,5307,105184740,20860,19820,19820,-1040,-4.99,20860,0,0.0,19820,19820,1399-7-9
674,پلاست,كارخانجات توليدي پلاستيران,10,3937,165574472,43356,42056,42056,-1300,-3.0,43345,-11,-0.03,41230,42056,1399-7-9
675,ضملي1148,اختيارخ فملي-10140-1399/11/05,10,20,289000000,16500,15000,14250,-2250,-13.64,14450,-2050,-12.42,14250,16500,1399-7-9
676,فنورد,نوردوقطعات‌ فولادي‌,10,1061,137208520,123170,129320,129320,6150,4.99,123190,20,0.02,128540,129320,1399-7-9
677,غشاذر,پگاه‌آذربايجان‌غربي‌,9,18280,402708400,23180,22030,22030,-1150,-4.96,23170,-10,-0.04,22030,22030,1399-7-9
678,ضچاد1015,اختيارخ كچاد-16000-1399/10/02,9,60,514556000,1,9000,8200,8199,819900.0,8576,8575,857500.0,8200,9000,1399-7-9
679,غشصفا,شيرپاستوريزه‌پگاه‌اصفهان‌,9,2506,67135740,28190,26790,26790,-1400,-4.97,28190,0,0.0,26790,26790,1399-7-9
680,كقزوي,شيشه‌ قزوين‌,9,6644,68858416,10684,10364,10364,-320,-3.0,10683,-1,-0.01,10159,10364,1399-7-9
681,فنرژي,گسترش صنايع انرژي آذرآب,9,12108,132400980,11158,10935,10935,-223,-2.0,11155,-3,-0.03,10935,10935,1399-7-9
682,چفيبر,فيبر ايران‌,9,19036,203685200,11260,10700,10700,-560,-4.97,11260,0,0.0,10700,10710,1399-7-9
683,افرا,افرانت,9,2224,145018144,68637,65206,65206,-3431,-5.0,68627,-10,-0.01,65206,65213,1399-7-9
684,سنير,سيمان‌ سفيد ني‌ريز,9,2117,192308280,95620,90840,90840,-4780,-5.0,95600,-20,-0.02,90840,90840,1399-7-9
685,ضصاد8020,اختيارخ وبصادر-4400-1399/08/11,9,97,45822000,583,620,490,-93,-15.95,472,-111,-19.04,320,620,1399-7-9
686,افق ملت2,صندوق س در سهام افق ملت,9,900000,900000,146510,1,1,-146509,-100.0,1,-146509,-100.0,1,1,1399-7-9
687,ضجار7016,اختيارخ وتجارت-1800-1399/07/22,9,143,137285000,860,701,999,139,16.16,960,100,11.63,650,1099,1399-7-9
688,تپمپي,پمپ‌ سازي‌ ايران‌,9,1365,66584700,51340,48780,48780,-2560,-4.99,51340,0,0.0,48780,48780,1399-7-9
689,قمرو,قند مرودشت‌,8,2180,77172000,37260,35400,35400,-1860,-4.99,37260,0,0.0,35400,35400,1399-7-9
690,ضگل8059,اختيارخ كگل-15100-1399/08/21,8,63,631979000,8542,8989,10000,1458,17.07,10031,1489,17.43,8989,10800,1399-7-9
691,ولتجار,واسپاري تجارت وسرمايه ايرانيان,8,43729,294383628,6940,6732,6732,-208,-3.0,6937,-3,-0.04,6732,6734,1399-7-9
692,ختراك,ريخته‌گري‌ تراكتورسازي‌ ايران‌,8,15399,335236230,22910,21770,21770,-1140,-4.98,22900,-10,-0.04,21770,21770,1399-7-9
693,چافست,افست‌,8,3261,83448990,26930,25590,25590,-1340,-4.98,26930,0,0.0,24460,25590,1399-7-9
694,پست9908-04,پسته فندقي32-30سبزدانه9908,8,203,310715715,1548835,1510010,1560875,12040,0.78,1530619,-18216,-1.18,1507120,1665748,1399-7-9
695,خنصير,مهندسي‌نصيرماشين‌,8,7333,359536990,51610,49030,49030,-2580,-5.0,51590,-20,-0.04,49030,49030,1399-7-9
696,ضپيك1019,اختيارخ تاپيكو-12000-99/10/16,8,102,1276400000,1,12500,13200,13199,1319900.0,12514,12513,1251300.0,12500,13200,1399-7-9
697,ضبدر8071,اختيارخ شبندر-65580-1399/08/18,8,30,26395000,5000,1000,900,-4100,-82.0,880,-4120,-82.4,500,1000,1399-7-9
698,بالبر,كابل‌ البرز,8,2356,60996840,27250,25890,25890,-1360,-4.99,27250,0,0.0,25890,25890,1399-7-9
699,خموتور,موتورسازان‌تراكتورسازي‌ايران‌,8,5453,72034130,13900,13210,13210,-690,-4.96,13900,0,0.0,13210,13210,1399-7-9
700,لسرما,سرما آفرين‌,8,106010,2560141500,25420,24150,24150,-1270,-5.0,25350,-70,-0.28,24150,24310,1399-7-9
701,زعف9908پ16,زعفران9908نگين بيرجند(پ),8,684,52280860,79564,79448,74700,-4864,-6.11,76434,-3130,-3.93,74600,81000,1399-7-9
702,غبهار,كشت وصنعت بهاران گلبهار خراسان,8,1962,71622810,38426,36505,36505,-1921,-5.0,38419,-7,-0.02,36505,37276,1399-7-9
703,اخزا704,اسنادخزانه-م4بودجه97-991022,7,50257,48071125006,955906,956506,956506,600,0.06,956506,600,0.06,955906,957000,1399-7-9
704,ثامان,سامان‌ گستراصفهان‌,7,6946,150103060,22740,21610,21610,-1130,-4.97,22740,0,0.0,21610,21610,1399-7-9
705,وبملت2,بانك ملت,7,2000677285,10815711521800,5300,5406,5480,180,3.4,5406,106,2.0,5406,5480,1399-7-9
706,افران2,صندوق س افرا نماد پايدار-ثابت,7,700000,700000,11720,1,1,-11719,-99.99,1,-11719,-99.99,1,1,1399-7-9
707,وبرق,س.کارکنان صنعت برق زنجان وقزوي,7,315,64974420,212647,206268,206268,-6379,-3.0,212626,-21,-0.01,202455,206268,1399-7-9
708,ضپاس7018,اختيارخ وپارس-4600-1399/07/30,7,85,26550000,450,330,300,-150,-33.33,312,-138,-30.67,10,550,1399-7-9
709,ميدكوح,ح.هلدينگ صنايع معدن خاورميانه,7,26600,518700000,19138,19500,19500,362,1.89,19500,362,1.89,19500,19500,1399-7-9
710,زعف9908پ06,زعفران 9908پوشالمعمول زرين(پ),7,2210,146674850,63510,65005,65000,1490,2.35,66369,2859,4.5,62284,66779,1399-7-9
711,آينده,بازرگاني آينده سازان بهشت پارس,7,2614,58997980,23268,22570,22570,-698,-3.0,23266,-2,-0.01,22570,22580,1399-7-9
712,خكمك,كمك‌فنرايندامين‌,7,1347,74852790,58490,55570,55570,-2920,-4.99,58490,0,0.0,55570,55580,1399-7-9
713,زير0003پ04,زيره سبز0003شركت مينوبذر(پ),7,1016,461887151,466492,455001,460000,-6492,-1.39,454613,-11879,-2.55,454165,466493,1399-7-9
714,بايكا,كارخانجات كابلسازي ‌ايران‌,7,10274,429638132,43111,41818,41818,-1293,-3.0,43082,-29,-0.07,41818,41843,1399-7-9
715,ضسپا8018,اختيارخ خساپا-2400-1399/08/26,7,223,90795000,322,420,479,157,48.76,407,85,26.4,171,479,1399-7-9
716,كسعدي,كاشي‌ سعدي‌,7,1599,100864920,66390,63080,63080,-3310,-4.99,66380,-10,-0.02,63080,63340,1399-7-9
717,اخزا805,اسنادخزانه-م5بودجه98-000422,7,19508,17075564710,874241,874840,875449,1208,0.14,875311,1070,0.12,872150,885000,1399-7-9
718,سرو2,صندوق س سروسودمند مدبران-سهام,6,600000,600000,65080,1,1,-65079,-100.0,1,-65079,-100.0,1,1,1399-7-9
719,ضجار7019,اختيارخ وتجارت-2200-1399/07/22,6,104,76400000,730,700,750,20,2.74,735,5,0.68,675,800,1399-7-9
720,قشهد,شهد,6,7301,226477020,32650,31020,31020,-1630,-4.99,32640,-10,-0.03,31020,31020,1399-7-9
721,دلقما,دارويي‌ لقمان‌,6,2263,76647810,35650,33870,33870,-1780,-4.99,35650,0,0.0,33870,33880,1399-7-9
722,خفنر,فنرسازي‌خاور,6,3694,73695300,21000,19950,19950,-1050,-5.0,21000,0,0.0,19950,19950,1399-7-9
723,صينا205,صكوك منفعت سينا دارو-3ماهه 19%,6,57,57755946,980100,1000000,1027998,47898,4.89,1013262,33162,3.38,980100,1027998,1399-7-9
724,ضپيك7022,اختيارخ تاپيكو-9370-99/07/20,6,19,240199000,11939,12200,13000,1061,8.89,12642,703,5.89,10500,13000,1399-7-9
725,ضبدر8070,اختيارخ شبندر-59580-1399/08/18,6,33,53501000,2500,2000,1001,-1499,-59.96,1621,-879,-35.16,1001,2000,1399-7-9
726,ضجار7018,اختيارخ وتجارت-2000-1399/07/22,6,119,90626000,653,700,750,97,14.85,762,109,16.69,250,900,1399-7-9
727,فملي2,ملي‌ صنايع‌ مس‌ ايران‌,6,14534243,426580032050,28190,29350,29350,1160,4.11,29350,1160,4.11,29350,29350,1399-7-9
728,غشوكو,شوكو پارس,6,580,25783900,45829,44455,44455,-1374,-3.0,45827,-2,0.0,44455,44458,1399-7-9
729,ضغدر8040,اختيارخ وغدير-13000-1399/08/26,6,165,792000000,4950,5000,4690,-260,-5.25,4800,-150,-3.03,4500,5400,1399-7-9
730,ضشنا7055,اختيارخ شپنا-4429-1399/07/28,6,47,724018000,15500,14999,15500,0,0.0,15405,-95,-0.61,14999,17508,1399-7-9
731,قلرست,قند لرستان‌,6,11986,300608880,26400,25080,25080,-1320,-5.0,26390,-10,-0.04,25080,25080,1399-7-9
732,لخزر,پارس‌ خزر,6,703,147257410,220490,209470,209470,-11020,-5.0,220460,-30,-0.01,209470,209470,1399-7-9
733,سخواف,سيمان مجد خواف,5,14871,245222790,17000,16490,16490,-510,-3.0,16994,-6,-0.04,16490,16494,1399-7-9
734,زعف9908پ12,زعفران9908پوشالمعمول سحرخيز(پ),5,675,42525000,65934,62000,67000,1066,1.62,63000,-2934,-4.45,62000,68800,1399-7-9
735,ضفلا8082,اختيارخ فولاد-13775-1399/08/28,5,215,1355986000,5817,6400,5900,83,1.43,6307,490,8.42,4500,6400,1399-7-9
736,فبيرا,بسته‌ بندي‌ ايران‌,5,23732,119894064,5208,5052,5052,-156,-3.0,5207,-1,-0.02,5052,5052,1399-7-9
737,گكيش,توريستي ورفاهي آبادگران كيش,5,696,49182144,72849,70664,70664,-2185,-3.0,72843,-6,-0.01,70664,70681,1399-7-9
738,ثتوسا,س.توسعه و عمران استان اردبيل,5,1603,118293385,76077,73795,73795,-2282,-3.0,76063,-14,-0.02,73795,73806,1399-7-9
739,ضجار7021,اختيارخ وتجارت-2600-1399/07/22,5,71,24241000,373,340,350,-23,-6.17,341,-32,-8.58,150,450,1399-7-9
740,مارون4,پتروشيمي مارون,5,600000,87000000000,143070,145000,145000,1930,1.35,145000,1930,1.35,145000,145000,1399-7-9
741,غمهرا,توليدي‌مهرام‌,5,1562,163791320,110370,104860,104860,-5510,-4.99,110350,-20,-0.02,104860,104860,1399-7-9
742,جم2,پتروشيمي جم,5,1134262,57563796500,49480,50750,50750,1270,2.57,50750,1270,2.57,48150,50750,1399-7-9
743,ضغدر8039,اختيارخ وغدير-12000-1399/08/26,5,27,144400000,6100,5100,5700,-400,-6.56,5348,-752,-12.33,5100,5700,1399-7-9
744,بالاس,مهندسي ساختمان تاسيسات راه آهن,5,1280,63541760,52254,49642,49642,-2612,-5.0,52251,-3,-0.01,49642,49649,1399-7-9
745,ضملي8078,اختيارخ فملي-31750-1399/08/06,5,75,300400000,7865,4000,4400,-3465,-44.06,4005,-3860,-49.08,4000,4400,1399-7-9
746,غنيلي,مجتمع توليدي نيلي صنعت كرمان,5,28500,493770000,16925,16925,17770,845,4.99,17325,400,2.36,16925,17770,1399-7-9
747,دفرا,فرآورده‌هاي‌ تزريقي‌ ايران‌,5,1271,33973830,28130,26730,26730,-1400,-4.98,28130,0,0.0,26730,26730,1399-7-9
748,ضچاد1016,اختيارخ كچاد-18000-1399/10/02,5,122,786800000,5200,7000,6400,1200,23.08,6449,1249,24.02,5200,7000,1399-7-9
749,خفولا,خدمات فني فولاد يزد,5,1361,38314872,29022,28152,28152,-870,-3.0,29020,-2,-0.01,27588,28152,1399-7-9
750,كساپا,سايپاشيشه‌,5,2789,55501100,20940,19900,19900,-1040,-4.97,20940,0,0.0,19900,19900,1399-7-9
751,نمرينو,ايران‌ مرينوس‌,5,660,41685600,66480,63160,63160,-3320,-4.99,66480,0,0.0,63160,63160,1399-7-9
752,ضخود7068,اختيارخ خودرو-8000-1399/07/09,5,103,103000,1,1,1,0,0.0,1,0,0.0,1,1,1399-7-9
753,خچرخش,چرخشگر,5,5075,108249750,22450,21330,21330,-1120,-4.99,22450,0,0.0,21330,21330,1399-7-9
754,صخابر102,صكوك اجاره مخابرات-3 ماهه 16%,4,38,38210000,1010000,1000000,1040000,30000,2.97,1005526,-4474,-0.44,1000000,1040000,1399-7-9
755,ثنورح,ح . سرمايه گذاري كوه نور,4,41660,249960000,4161,6000,6000,1839,44.2,6000,1839,44.2,6000,6000,1399-7-9
756,ضملي8058,اختيارخ فملي -7750-1399/08/06,4,8,131995000,30000,12665,21000,-9000,-30.0,16499,-13501,-45.0,12665,21000,1399-7-9
757,نتوس,پشم‌ بافي‌ توس,4,1881,20469042,11218,10882,10882,-336,-3.0,11218,0,0.0,10661,10882,1399-7-9
758,اشاد9,مشاركت دولتي9-شرايط خاص990909,4,75000,74550025000,991001,994001,994000,2999,0.3,994000,2999,0.3,991001,994001,1399-7-9
759,ضپاس7013,اختيارخ وپارس-3600-1399/07/30,4,10,1055000,600,101,110,-490,-81.67,105,-495,-82.5,101,600,1399-7-9
760,ضخود7046,اختيارخ خودرو-2400-1399/07/09,4,23,4273000,10,91,200,190,1900.0,186,176,1760.0,10,200,1399-7-9
761,وپسا,س. پتروشيمي ساختمان  خليج فارس,4,10783,55694195,5324,5165,5165,-159,-2.99,5324,0,0.0,5165,5174,1399-7-9
762,ضفلا8070,اختيارخ فولاد-5775-1399/08/28,4,5,58002000,12000,12000,11500,-500,-4.17,11600,-400,-3.33,11500,12000,1399-7-9
763,ثرود,سرمايه‌گذاري مسكن زاينده رود,4,5609,69506728,13044,12392,12392,-652,-5.0,13043,-1,-0.01,12392,12393,1399-7-9
764,ضشنا7071,اختيارخ شپنا-13153-1399/07/28,4,5,29528000,3750,6007,5500,1750,46.67,5906,2156,57.49,3000,6007,1399-7-9
765,تاپيكو2,س. نفت و گاز و پتروشيمي تأمين,4,493495824,10812000008016,21480,21909,21909,429,2.0,21909,429,2.0,21909,21909,1399-7-9
766,ضفار8037,اختيارخ فارس-12826-1399/08/06,4,35,215000000,8259,7000,6000,-2259,-27.35,6143,-2116,-25.62,6000,7000,1399-7-9
767,اخزا819,اسنادخزانه-م19بودجه98-020322,4,200,129400000,647000,647000,647000,0,0.0,647000,0,0.0,647000,647000,1399-7-9
768,خعمرا,توسعه و عمران شهرستان نائين,4,180873,2738055474,14698,15138,15138,440,2.99,14756,58,0.39,15138,15382,1399-7-9
769,ضصاد8018,اختيارخ وبصادر-4000-1399/08/11,4,83,52023000,700,652,600,-100,-14.29,627,-73,-10.43,600,700,1399-7-9
770,ضملي8077,اختيارخ فملي -29750-1399/08/06,4,21,54847000,3327,2600,3997,670,20.14,2612,-715,-21.49,2500,3997,1399-7-9
771,كشم0001پ01,كشمش سبز0001خليل آباد(پ),4,132,47364768,341738,358824,358824,17086,5.0,358824,17086,5.0,341738,358824,1399-7-9
772,ضصاد8016,اختيارخ وبصادر-3600-1399/08/11,4,4,2451000,400,500,700,300,75.0,613,213,53.25,400,700,1399-7-9
773,ضشنا7075,اختيارخ شپنا-18522-1399/07/28,4,21,39004000,1664,1000,2001,337,20.25,1857,193,11.6,702,2001,1399-7-9
774,عسناسنگ,سلف كنستانتره سنگ آهن سناباد,4,9,61372869,6711945,6714756,6849051,137106,2.04,6819207,107262,1.6,6711945,6849051,1399-7-9
775,ضغدر8041,اختيارخ وغدير-14000-1399/08/26,4,12,120694000,3784,8700,4400,616,16.28,10058,6274,165.8,3200,14999,1399-7-9
776,معيار,سرمايه گذاري معيار صنعت پارس,4,17200,503581600,29875,29278,29278,-597,-2.0,29844,-31,-0.1,27963,29278,1399-7-9
777,صخود412,ص مرابحه خودرو412- 3ماهه 18%,4,70,70273908,1004968,985002,1013997,9029,0.9,1003913,-1055,-0.1,985002,1013997,1399-7-9
778,ضفلا8088,اختيارخ فولاد-19775-1399/08/28,4,17,35500000,121,2000,2000,1879,1552.89,2088,1967,1625.62,2000,2500,1399-7-9
779,سلار,شركت سيمان لارستان,4,60182,1713562086,29353,28473,28473,-880,-3.0,29274,-79,-0.27,27893,28473,1399-7-9
780,حبندر,دريايي و کشتيراني خط دريابندر,4,2922,67729038,23895,23179,23179,-716,-3.0,23892,-3,-0.01,22718,23179,1399-7-9
781,ضگل8060,اختيارخ كگل-16100-1399/08/21,4,30,240000000,3700,8000,8000,4300,116.22,8000,4300,116.22,100,8000,1399-7-9
782,اخزا713,اسنادخزانه-م13بودجه97-000518,4,97,83907590,863067,875000,864251,1184,0.14,865027,1960,0.23,861844,879000,1399-7-9
783,زنگان,صنعت روي زنگان,4,789,122545902,163492,155318,155318,-8174,-5.0,163471,-21,-0.01,155318,155338,1399-7-9
784,بشهاب,لامپ‌  پارس‌ شهاب‌,4,2409,169786320,74180,70480,70480,-3700,-4.99,74170,-10,-0.01,70480,70490,1399-7-9
785,فافزا,فولاد افزا سپاهان,3,969,46011996,48952,47484,47484,-1468,-3.0,48949,-3,-0.01,47484,47493,1399-7-9
786,تشتاد,صنايع توليدي اشتاد ايران‌,3,2400,32174400,13820,13406,13406,-414,-3.0,13819,-1,-0.01,13406,13406,1399-7-9
787,ضفار1126,اختيارخ فارس-19826-1399/11/07,3,30,135000000,4500,4500,4500,0,0.0,4500,0,0.0,4500,4500,1399-7-9
788,لخانه,لوازم‌ خانگي‌ پارس‌,3,2212,126238840,58835,57070,57070,-1765,-3.0,58823,-12,-0.02,55962,57070,1399-7-9
789,ضخود1045,اختيارخ خودرو-4500-1399/10/07,3,161,48239000,303,300,299,-4,-1.32,300,-3,-0.99,299,499,1399-7-9
790,آريان2,سرمايه گذاري پارس آريان,3,131000000,1770860000000,13736,13500,13736,0,0.0,13518,-218,-1.59,13500,13736,1399-7-9
791,ضفلا8081,اختيارخ فولاد-12775-1399/08/28,3,205,1516500000,8905,7400,7300,-1605,-18.02,7398,-1507,-16.92,7300,8905,1399-7-9
792,ضفلا8087,اختيارخ فولاد-18775-1399/08/28,3,20,38000000,2554,1800,2000,-554,-21.69,1900,-654,-25.61,1800,3250,1399-7-9
793,ضملت8021,اختيارخ وبملت-2650-1399/08/28,3,4,66256000,4000,4000,4000,0,0.0,4000,0,0.0,4000,4000,1399-7-9
794,تملي612,تسهيلات مسكن بانك ملي-اسفند96,3,8,27734112,3301680,3466764,3466764,165084,5.0,3466764,165084,5.0,3301680,3466764,1399-7-9
795,تكنو,تكنوتار,3,1353,19821450,15420,14650,14650,-770,-4.99,15420,0,0.0,14650,14650,1399-7-9
796,ضغدر8044,اختيارخ وغدير-17000-1399/08/26,3,8,19850000,2892,2350,2500,-392,-13.55,2481,-411,-14.21,2350,2900,1399-7-9
797,ضصاد8009,اختيارخ وبصادر-2200-1399/08/11,3,9,34000000,2600,2000,4000,1400,53.85,3778,1178,45.31,2000,4000,1399-7-9
798,شرق1400,مشاركت ليزينگ ايران وشرق140010,3,86,88480000,1023103,1030000,1010000,-13103,-1.28,1028837,5734,0.56,1010000,1030000,1399-7-9
799,ضفار1125,اختيارخ فارس-17826-1399/11/07,3,22,121000000,4000,5500,5500,1500,37.5,5500,1500,37.5,4000,5500,1399-7-9
800,ضخود7042,اختيارخ خودرو-1800-1399/07/09,3,15,12000000,700,800,800,100,14.29,800,100,14.29,700,800,1399-7-9
801,فخوز2,فولاد  خوزستان,3,535038,22562552460,40170,42170,42170,2000,4.98,42170,2000,4.98,42170,42170,1399-7-9
802,ضملي8087,اختيارخ فملي-59750-1399/08/06,3,60,2950000,10,50,25,15,150.0,49,39,390.0,10,50,1399-7-9
803,ضپاس7021,اختيارخ وپارس-5500-1399/07/30,3,41,801000,50,20,1,-49,-98.0,20,-30,-60.0,1,50,1399-7-9
804,كهرام,توليدي گرانيت بهسرام,3,300,16881900,58013,56273,56273,-1740,-3.0,58011,-2,0.0,56273,56286,1399-7-9
805,ضخود7052,اختيارخ خودرو-1400-1399/07/09,3,40,47900000,1025,1100,1200,175,17.07,1197,172,16.78,1000,1200,1399-7-9
806,شمواد,توليد مواداوليه الياف مصنوعي,3,590,37364700,65288,63330,63330,-1958,-3.0,65284,-4,-0.01,62050,63330,1399-7-9
807,ضجار7020,اختيارخ وتجارت-2400-1399/07/22,3,14,5420000,545,120,400,-145,-26.61,387,-158,-28.99,120,590,1399-7-9
808,شستا993,اجاره ت.اجتماعي-كاردان991226,3,30,30542775,1026637,1014711,1035000,8363,0.81,1018092,-8545,-0.83,1014711,1035000,1399-7-9
809,ضگل8068,اختيارخ كگل-28000-1399/08/21,2,15,55500000,4500,3700,3700,-800,-17.78,3700,-800,-17.78,3700,3700,1399-7-9
810,مشير112,مشاركت شهرداري شيراز-3ماهه18%,2,110,105281110,950000,957101,957101,7101,0.75,957101,7101,0.75,957101,957101,1399-7-9
811,ضصاد8008,اختيارخ وبصادر-2000-1399/08/11,2,6,12248000,2003,1520,2098,95,4.74,2041,38,1.9,2000,2098,1399-7-9
812,ضخوز7024,اختيارخ فخوز-33470-1399/07/20,2,5,47500000,2000,9500,9500,7500,375.0,9500,7500,375.0,9500,9500,1399-7-9
813,ضغدر8030,اختيارخ وغدير-6510-1399/08/26,2,12,120000000,8727,10000,10000,1273,14.59,10000,1273,14.59,10000,10000,1399-7-9
814,ضخود7063,اختيارخ خودرو-5500-1399/07/09,2,98,98000,1,1,1,0,0.0,1,0,0.0,1,1,1399-7-9
815,فارس2,صنايع پتروشيمي خليج فارس,2,216455,6612700250,29930,30550,30550,620,2.07,30550,620,2.07,30550,30550,1399-7-9
816,اخزا720,اسنادخزانه-م20بودجه97-000324,2,10273,9130098481,888147,888747,888748,601,0.07,888747,600,0.07,888147,888748,1399-7-9
817,كچاد2,معدني‌وصنعتي‌چادرملو,2,61396,1307734800,20290,21300,21300,1010,4.98,21300,1010,4.98,21300,21300,1399-7-9
818,ضفلا8080,اختيارخ فولاد-11775-1399/08/28,2,3,23100000,6183,7700,7700,1517,24.54,7700,1517,24.54,6000,7700,1399-7-9
819,دروز,داروسازي‌ روزدارو,2,775,14484750,19670,18690,18690,-980,-4.98,19670,0,0.0,18690,18870,1399-7-9
820,شبريز2,پالايش نفت تبريز,2,1000000,30600000000,30290,30600,30600,310,1.02,30600,310,1.02,30600,30600,1399-7-9
821,ضچاد1019,اختيارخ كچاد-28000-1399/10/02,2,2,6000000,5000,3000,3000,-2000,-40.0,3000,-2000,-40.0,3000,3000,1399-7-9
822,ضخود7045,اختيارخ خودرو-2200-1399/07/09,2,2,1110000,1844,555,555,-1289,-69.9,555,-1289,-69.9,555,555,1399-7-9
823,ضصاد8019,اختيارخ وبصادر-4200-1399/08/11,2,7,4199000,500,600,599,99,19.8,600,100,20.0,500,600,1399-7-9
824,ضغدر8046,اختيارخ وغدير-19000-1399/08/26,2,2,2440000,1000,1000,1440,440,44.0,1220,220,22.0,1000,1440,1399-7-9
825,تسه99062,امتياز تسهيلات مسكن شهريور99,2,1258,12580,800820,10,10,-800810,-100.0,10,-800810,-100.0,10,10,1399-7-9
826,پارتين,ص.ج.پارتيان15%تاديه,2,2780,472600000,150000,170000,170000,20000,13.33,170000,20000,13.33,170000,170000,1399-7-9
827,ثغرب,شركت سرمايه گذاري مسكن شمالغرب,2,767,10487958,14393,13674,13674,-719,-5.0,14393,0,0.0,13674,13675,1399-7-9
828,فمراد,آلومراد,2,68,10051080,155580,147810,147810,-7770,-4.99,155580,0,0.0,147810,147840,1399-7-9
829,وسپهر4,سرمايه گذاري مالي سپهرصادرات,2,1500000000,19017000000000,12075,12678,12678,603,4.99,12678,603,4.99,12678,12678,1399-7-9
830,وساربيل,شركت س استان اردبيل,2,42962,55420980,1000,1290,1290,290,29.0,1290,290,29.0,1290,1290,1399-7-9
831,ضشنا7056,اختيارخ شپنا-4765-1399/07/28,2,3,47999000,11158,15999,16000,4842,43.39,16000,4842,43.39,11020,16000,1399-7-9
832,ضسپا8019,اختيارخ خساپا-2600-1399/08/26,2,15,2720000,600,30,257,-343,-57.17,181,-419,-69.83,30,257,1399-7-9
833,ضملي1152,اختيارخ فملي-18252-1399/11/05,2,2,11000000,5750,5500,5500,-250,-4.35,5500,-250,-4.35,5500,5500,1399-7-9
834,اخزا722,اسنادخزانه-م22بودجه97-000428,2,1875,1637095168,872104,873101,877500,5396,0.62,873117,1013,0.12,872101,877500,1399-7-9
835,ضخود7067,اختيارخ خودرو-7500-1399/07/09,2,3,3000,10,1,1,-9,-90.0,1,-9,-90.0,1,1,1399-7-9
836,ضبدر8068,اختيارخ شبندر-51580-1399/08/18,2,12,2100000,11,100,1000,989,8990.91,175,164,1490.91,100,1000,1399-7-9
837,ضجار7010,اختيارخ وتجارت-1200-1399/07/22,2,21,34430000,1432,1650,1430,-2,-0.14,1640,208,14.53,1400,1750,1399-7-9
838,ضصاد8023,اختيارخ وبصادر-5000-1399/08/11,2,4,300000,326,50,100,-226,-69.33,75,-251,-76.99,50,100,1399-7-9
839,ضپيك1024,اختيارخ تاپيكو-24000-99/10/16,2,5,25000000,1,5000,5000,4999,499900.0,5000,4999,499900.0,5000,5000,1399-7-9
840,كگل2,معدني و صنعتي گل گهر,2,35113,806194480,21870,22960,22960,1090,4.98,22960,1090,4.98,22960,22960,1399-7-9
841,ثاباد,توريستي ورفاهي آبادگران ايران,2,410,12677200,32540,30920,30920,-1620,-4.98,32540,0,0.0,30920,30920,1399-7-9
842,ضفلا8089,اختيارخ فولاد-21775-1399/08/28,2,6,12000000,1325,2000,2000,675,50.94,2000,675,50.94,2000,2000,1399-7-9
843,طخود1042,اختيارف خودرو-3000-1399/10/07,2,40,19000000,1,500,400,399,39900.0,475,474,47400.0,400,500,1399-7-9
844,ضبدر1149,اختيارخ شبندر-28000-1399/11/19,2,5,90000000,1,18000,18000,17999,1799900.0,18000,17999,1799900.0,18000,18000,1399-7-9
845,فولاد2,فولاد مباركه اصفهان,2,207431,3793912990,17500,18290,18290,790,4.51,18290,790,4.51,18290,18290,1399-7-9
846,تملي707,تسهيلات مسكن ب. ملي-مهر97,2,5,2748995,523619,549799,549799,26180,5.0,549799,26180,5.0,523619,549799,1399-7-9
847,صايپا203,صكوك مرابحه سايپا203-3ماهه 16%,2,40,38400000,960000,960000,960000,0,0.0,960000,0,0.0,960000,960000,1399-7-9
848,ضپاس7014,اختيارخ وپارس-3800-1399/07/30,2,18,423000,547,21,26,-521,-95.25,23,-524,-95.8,21,590,1399-7-9
849,تملي701,تسهيلات مسكن ب. ملي-فروردين97,2,30,22136670,702752,737889,737889,35137,5.0,737889,35137,5.0,702752,737889,1399-7-9
850,ضگل8054,اختيارخ كگل-10100-1399/08/21,2,6,81100000,10090,13500,13600,3510,34.79,13517,3427,33.96,13500,13600,1399-7-9
851,ضملت8037,اختيارخ وبملت-8204-1399/08/28,2,50,39339500,264,190,190,-74,-28.03,190,-74,-28.03,190,190,1399-7-9
852,وگردش2,بانك گردشگري,1,20000000,400080000000,19490,20004,20004,514,2.64,20004,514,2.64,20004,20004,1399-7-9
853,صايپا998,صكوك مرابحه سايپا998-3ماهه 18%,1,10000,10000000000,1000000,1000000,1000000,0,0.0,1000000,0,0.0,1000000,1000000,1399-7-9
854,آوا2,صندوق س.سهام آواي معيار-س,1,5000000,5000000,10139,1,1,-10138,-99.99,1,-10138,-99.99,1,1,1399-7-9
855,پارتا,مجتمع‌صنعتي‌آرتاويل‌تاير,1,100,6119800,63090,61198,61198,-1892,-3.0,63090,0,0.0,61198,61198,1399-7-9
856,ضملت8031,اختيارخ وبملت-5306-1399/08/28,1,1,6211500,1696,1500,1500,-196,-11.56,1500,-196,-11.56,1500,1500,1399-7-9
857,تملي705,تسهيلات مسكن ب. ملي-مرداد97,1,1,418036,398130,418036,418036,19906,5.0,418036,19906,5.0,398130,418036,1399-7-9
858,ضپاس7020,اختيارخ وپارس-5000-1399/07/30,1,10,1000000,150,100,100,-50,-33.33,100,-50,-33.33,100,150,1399-7-9
859,ورازي4,بيمه رازي,1,259999996,178619997252,15619,687,687,-14932,-95.6,687,-14932,-95.6,687,687,1399-7-9
860,ضفلا8075,اختيارخ فولاد-8275-1399/08/28,1,2,21700000,14000,10850,10850,-3150,-22.5,10850,-3150,-22.5,10850,10850,1399-7-9
861,اخزا718,اسنادخزانه-م18بودجه97-000525,1,7,6089993,862033,869999,869999,7966,0.92,869999,7966,0.92,860020,869999,1399-7-9
862,پارسا306,صكوك اجاره پارسيان-6ماهه16%,1,300,297000000,1000000,990000,990000,-10000,-1.0,990000,-10000,-1.0,990000,990000,1399-7-9
863,مبين014,اجاره اعتماد مبين لوتوس011019,1,2000,1970000000,970000,985000,985000,15000,1.55,985000,15000,1.55,970000,985000,1399-7-9
864,ضفلا8091,اختيارخ فولاد-25775-1399/08/28,1,9,9000000,1063,1000,1000,-63,-5.93,1000,-63,-5.93,1000,1000,1399-7-9
865,ضچاد1014,اختيارخ كچاد-14000-1399/10/02,1,2,20000000,9000,10000,10000,1000,11.11,10000,1000,11.11,10000,10000,1399-7-9
866,ضبدر8066,اختيارخ شبندر-43580-1399/08/18,1,1,5000000,5000,5000,5000,0,0.0,5000,0,0.0,5000,5000,1399-7-9
867,ضچاد1012,اختيارخ كچاد-10000-1399/10/02,1,3,40500000,13205,13500,13500,295,2.23,13500,295,2.23,13000,13500,1399-7-9
868,ضخود7057,اختيارخ خودرو-4000-1399/07/09,1,1,1000,1,1,1,0,0.0,1,0,0.0,1,1,1399-7-9
869,ضصاد8022,اختيارخ وبصادر-4800-1399/08/11,1,1,102000,20,102,102,82,410.0,102,82,410.0,20,102,1399-7-9
870,تملي703,تسهيلات مسكن ب. ملي-خرداد97,1,1,348174,331595,348174,348174,16579,5.0,348174,16579,5.0,331595,348174,1399-7-9
871,عكاوه2,اوراق سلف شمش فولاد كاوه كيش,1,2,8023436,4008282,4011718,4011718,3436,0.09,4011718,3436,0.09,4011718,4011718,1399-7-9
872,تملي807,تسهيلات مسكن ب. ملي-مهر98,1,5,1709260,325574,341852,341852,16278,5.0,341852,16278,5.0,325574,341852,1399-7-9
873,تملي702,تسهيلات مسكن ب. ملي-ارديبهشت97,1,3,1906989,605394,635663,635663,30269,5.0,635663,30269,5.0,605394,635663,1399-7-9
874,بتك,كارخانجات كابل سازي‌ تك‌,1,70,2398340,33591,34262,34262,671,2.0,33591,0,0.0,34262,34262,1399-7-9
875,ضغدر8034,اختيارخ وغدير-8500-1399/08/26,1,5,40500000,9308,8100,8100,-1208,-12.98,8100,-1208,-12.98,8100,8100,1399-7-9
876,تملي801,تسهيلات مسكن ب. ملي-فروردين98,1,5,2117815,403394,423563,423563,20169,5.0,423563,20169,5.0,403394,423563,1399-7-9
877,تملي708,تسهيلات مسكن ب. ملي-آبان97,1,1,222339,211752,222339,222339,10587,5.0,222339,10587,5.0,211752,222339,1399-7-9
878,اجاد22,اجاره دولتي آپرورش-لوتوس991118,1,2000,2000000000,1000004,1000000,1000000,-4,0.0,1000000,-4,0.0,1000000,1000000,1399-7-9
879,صمسكن912,ص دين مسكن جنوب-ماهانه16درصد,1,360,47169720,137923,131027,131027,-6896,-5.0,131027,-6896,-5.0,131027,131027,1399-7-9
880,تملي709,تسهيلات مسكن ب. ملي-آذر97,1,2,854070,406700,427035,427035,20335,5.0,427035,20335,5.0,406700,427035,1399-7-9
881,ضگل8066,اختيارخ كگل-25100-1399/08/21,1,1,2300000,140,2300,2300,2160,1542.86,2300,2160,1542.86,2300,2300,1399-7-9
882,كايتا,ايتالران‌,1,73,696566,9265,9542,9542,277,2.99,9265,0,0.0,9541,9542,1399-7-9
883,پا ر 19,بار پايه روز 19,1,10000,4980000,709,498,498,-211,-29.76,498,-211,-29.76,498,498,1399-7-9
884,تابا,تابان نيرو سپاهان,1,1,31815,32798,31815,31815,-983,-3.0,32798,0,0.0,31815,31819,1399-7-9
885,ضملت8036,اختيارخ وبملت-7721-1399/08/28,1,3,2484600,580,200,200,-380,-65.52,200,-380,-65.52,200,200,1399-7-9
886,ضخوز7028,اختيارخ فخوز-43470-1399/07/20,1,3,10350000,100,3450,3450,3350,3350.0,3450,3350,3350.0,100,3450,1399-7-9
887,ضفلا8092,اختيارخ فولاد-27775-1399/08/28,1,69,51750000,800,750,750,-50,-6.25,750,-50,-6.25,750,800,1399-7-9
888,ضملت8035,اختيارخ وبملت-7238-1399/08/28,1,5,10352500,220,500,500,280,127.27,500,280,127.27,500,500,1399-7-9
889,پا ر 17,بار پايه روز 17,1,10000,4980000,709,498,498,-211,-29.76,498,-211,-29.76,498,498,1399-7-9
890,ضملي1154,اختيارخ فملي-24336-1399/11/05,1,2,4800000,2400,2400,2400,0,0.0,2400,0,0.0,2400,2400,1399-7-9
891,ضملي8072,اختيارخ فملي -19750-1399/08/06,1,16,160000000,6689,10000,10000,3311,49.5,10000,3311,49.5,10000,10000,1399-7-9
892,شبندر2,پالايش نفت بندرعباس,1,20361,780437130,37620,38330,38330,710,1.89,38330,710,1.89,38330,38330,1399-7-9
893,ضپيك7032,اختيارخ تاپيكو-19370-99/07/20,1,20,80000000,3000,4000,4000,1000,33.33,4000,1000,33.33,4000,4000,1399-7-9
894,فولاژ2,فولاد آلياژي ايران,1,12146,353448600,28760,29100,29100,340,1.18,29100,340,1.18,29100,29100,1399-7-9
895,ضسپا8017,اختيارخ خساپا-2200-1399/08/26,1,1,314000,90,314,314,224,248.89,314,224,248.89,314,314,1399-7-9
896,ساراب2,سيمان‌ داراب‌,1,880,11105600,12620,12620,12620,0,0.0,12620,0,0.0,12620,12620,1399-7-9
897,تملي712,تسهيلات مسكن ب. ملي-اسفند97,1,4,2673756,636609,668439,668439,31830,5.0,668439,31830,5.0,636609,668439,1399-7-9
898,تملي710,تسهيلات مسكن ب. ملي-دي97,1,4,1985776,472804,496444,496444,23640,5.0,496444,23640,5.0,472804,496444,1399-7-9
899,تملي803,تسهيلات مسكن ب. ملي-خرداد98,1,4,930232,221484,232558,232558,11074,5.0,232558,11074,5.0,221484,232558,1399-7-9
900,طسان7050,اختيارف پارسان-11000-99/07/15,1,3,15000,10,5,5,-5,-50.0,5,-5,-50.0,1,10,1399-7-9
901,تملي706,تسهيلات مسكن ب. ملي-شهريور97,1,1,299274,285023,299274,299274,14251,5.0,299274,14251,5.0,285023,299274,1399-7-9
902,شستا003,اجاره تامين اجتماعي-سپهر000523,1,5,5005000,1001000,1001000,1001000,0,0.0,1001000,0,0.0,1001000,1001000,1399-7-9
903,تسه99042,امتياز تسهيلات مسكن تير99,1,601,6010,808482,10,10,-808472,-100.0,10,-808472,-100.0,10,10,1399-7-9
904,صايپا908,صكوك مرابحه سايپا908-3ماهه 18%,1,7,6999993,995002,999999,999999,4997,0.5,999999,4997,0.5,999999,999999,1399-7-9
905,پا ر 18,بار پايه روز 18,1,10000,4980000,709,498,498,-211,-29.76,498,-211,-29.76,498,498,1399-7-9
906,ضسپا8033,اختيارخ خساپا-6000-1399/08/26,1,45,135000,56,3,3,-53,-94.64,3,-53,-94.64,3,3,1399-7-9
907,ضخوز7023,اختيارخ فخوز-31470-1399/07/20,1,5,57500000,15000,11500,11500,-3500,-23.33,11500,-3500,-23.33,11500,11500,1399-7-9
908,ضخود7049,اختيارخ خودرو-3000-1399/07/09,1,100,100000,1,1,1,0,0.0,1,0,0.0,1,1,1399-7-9
909,پا ر 16,بار پايه روز 16,1,10000,4980000,709,498,498,-211,-29.76,498,-211,-29.76,498,498,1399-7-9
910,ضگل8058,اختيارخ كگل-14100-1399/08/21,1,1,6000000,1209,6000,6000,4791,396.28,6000,4791,396.28,120,6001,1399-7-9
911,كابگن,توليدي و صنعتي آبگينه‌,1,2100,9664200,4512,4602,4602,90,1.99,4512,0,0.0,4555,4602,1399-7-9
912,شپنا2,پالايش نفت اصفهان,1,32041,779557530,24210,24330,24330,120,0.5,24330,120,0.5,24330,24330,1399-7-9
913,ضفلا8076,اختيارخ فولاد-8775-1399/08/28,1,1,10000000,8669,10000,10000,1331,15.35,10000,1331,15.35,7012,10000,1399-7-9
914,اخزا8182,اسنادخزانه-م18بودجه98-010614,1,170073,122452560000,711507,720000,720000,8493,1.19,720000,8493,1.19,720000,720000,1399-7-9
915,ضپيك7029,اختيارخ تاپيكو-16370-99/07/20,1,6,33000000,3900,5500,5500,1600,41.03,5500,1600,41.03,5500,5500,1399-7-9
916,تملي711,تسهيلات مسكن ب. ملي-بهمن97,1,4,2608328,621031,652082,652082,31051,5.0,652082,31051,5.0,621031,652082,1399-7-9
917,اخزا716,اسنادخزانه-م16بودجه97-000407,1,437,385303337,881370,881701,881701,331,0.04,881701,331,0.04,881000,882000,1399-7-9
918,ضچاد1013,اختيارخ كچاد-12000-1399/10/02,1,4,44000000,10683,11000,11000,317,2.97,11000,317,2.97,10500,11600,1399-7-9
919,ضخود7051,اختيارخ خودرو-1300-1399/07/09,1,44,61600000,1056,1400,1400,344,32.58,1400,344,32.58,904,1400,1399-7-9
920,ضشنا7076,اختيارخ شپنا-19864-1399/07/28,1,7,10430000,1027,1490,1490,463,45.08,1490,463,45.08,1490,1490,1399-7-9
921,ضصاد8013,اختيارخ وبصادر-3000-1399/08/11,1,8,6920000,1275,865,865,-410,-32.16,865,-410,-32.16,865,865,1399-7-9
922,ضملت8025,اختيارخ وبملت-3616-1399/08/28,1,1,28987000,2500,7000,7000,4500,180.0,7000,4500,180.0,7000,7000,1399-7-9
923,ضصاد8000,اختيارخ وبصادر-1200-1399/08/11,1,5,14000000,3000,2800,2800,-200,-6.67,2800,-200,-6.67,2800,2800,1399-7-9
924,ضمخا1025,اختيارخ اخابر-16000-1399/10/30,1,1,4200000,1,4200,4200,4199,419900.0,4200,4199,419900.0,4200,4200,1399-7-9
925,وتجارت2,بانك تجارت,1,153816,429146640,2690,2790,2790,100,3.72,2790,100,3.72,2790,2790,1399-7-9
926,تسه99052,امتياز تسهيلات مسكن مرداد99,1,748,7480,817067,10,10,-817057,-100.0,10,-817057,-100.0,10,10,1399-7-9
927,عفولاد3,اوراق سلف موازي ورق گرم فولاد,1,13,10240334,786995,787718,787718,723,0.09,787718,723,0.09,787718,787718,1399-7-9
928,ضصاد8010,اختيارخ وبصادر-2400-1399/08/11,1,4,6800000,2086,1700,1700,-386,-18.5,1700,-386,-18.5,1700,1700,1399-7-9
929,تملي804,تسهيلات مسكن ب. ملي-تير98,1,5,1463415,278746,292683,292683,13937,5.0,292683,13937,5.0,278746,292683,1399-7-9
930,ضخود7053,اختيارخ خودرو-3200-1399/07/09,1,1,1000,1,1,1,0,0.0,1,0,0.0,1,1,1399-7-9
931,حرهشا,رهشاد سپاهان (سهامي عام,1,84,5073936,62272,60404,60404,-1868,-3.0,62272,0,0.0,60404,60404,1399-7-9
932,ضفلا8086,اختيارخ فولاد-17775-1399/08/28,1,2,2000000,3200,1000,1000,-2200,-68.75,1000,-2200,-68.75,1000,3200,1399-7-9
933,ياقوت2,صندوق س ياقوت آگاه-ثابت,1,5000000,5000000,11060,1,1,-11059,-99.99,1,-11059,-99.99,1,1,1399-7-9
934,شتهران,داروسازي تهران شيمي,1,20,167760,8224,8388,8388,164,1.99,8224,0,0.0,8388,8388,1399-7-9
935,ضصاد8021,اختيارخ وبصادر-4600-1399/08/11,1,60,18000000,390,300,300,-90,-23.08,300,-90,-23.08,300,300,1399-7-9
936,تملي806,تسهيلات مسكن ب. ملي-شهريور98,1,4,785616,187052,196404,196404,9352,5.0,196404,9352,5.0,187052,196404,1399-7-9
937,سخند4,صندوق س.سپهرخبرگان نفت-د,1,23000000,231771000000,10061,10077,10077,16,0.16,10077,16,0.16,10077,10077,1399-7-9
938,اخزا9022,اسنادخزانه-م2بودجه99-011019,1,300000,202050000000,669855,673500,673500,3645,0.54,673500,3645,0.54,673500,673500,1399-7-9
939,ضسپا8038,اختيارخ خساپا-8500-1399/08/26,1,3,6000,350,2,2,-348,-99.43,2,-348,-99.43,2,2,1399-7-9
940,ضپاس7017,اختيارخ وپارس-4400-1399/07/30,1,9,243000,219,27,27,-192,-87.67,27,-192,-87.67,27,300,1399-7-9
941,ضبدر8056,اختيارخ شبندر-21580-1399/08/18,1,1,17000000,15000,17000,17000,2000,13.33,17000,2000,13.33,15000,17000,1399-7-9
942,عفولاد2,اوراق سلف ورق گرم فولاد مباركه,1,10,5890000,561617,589000,589000,27383,4.88,589000,27383,4.88,589000,589000,1399-7-9
943,تملي802,تسهيلات مسكن ب. ملي-ارديبهشت98,1,4,2817172,670756,704293,704293,33537,5.0,704293,33537,5.0,670756,704293,1399-7-9
944,ضبدر8060,اختيارخ شبندر-29580-1399/08/18,1,3,41700000,12000,13900,13900,1900,15.83,13900,1900,15.83,13900,13900,1399-7-9
945,ضجار7025,اختيارخ وتجارت-3400-1399/07/22,1,9,45000,54,5,5,-49,-90.74,5,-49,-90.74,5,100,1399-7-9
946,ضخود1046,اختيارخ خودرو-5000-1399/10/07,1,5,1050000,200,210,210,10,5.0,210,10,5.0,200,210,1399-7-9
947,تملي704,تسهيلات مسكن ب. ملي-تير97,1,1,1104010,1051439,1104010,1104010,52571,5.0,1104010,52571,5.0,1051439,1104010,1399-7-9
948,ضخوز7021,اختيارخ فخوز-27470-1399/07/20,1,4,110000000,33000,27500,27500,-5500,-16.67,27500,-5500,-16.67,27500,27500,1399-7-9
949,ضغدر8038,اختيارخ وغدير-11000-1399/08/26,1,9,107991000,4000,11999,11999,7999,199.98,11999,7999,199.98,11999,11999,1399-7-9
950,ضصاد8011,اختيارخ وبصادر-2600-1399/08/11,1,5,7200000,1899,1440,1440,-459,-24.17,1440,-459,-24.17,1440,1440,1399-7-9
951,اشاد10,مشاركت دولتي10-شرايط خاص001226,1,1600,1528000000,955000,955000,955000,0,0.0,955000,0,0.0,955000,955000,1399-7-9
