,نماد,نام,تعداد,حجم,ارزش,دیروز,اولین,آخرین معامله - مقدار,آخرین معامله - تغییر,آخرین معامله - درصد,قیمت پایانی - مقدار,قیمت پایانی - تغییر,قیمت پایانی - درصد,کمترین,بیشترین,تاریخ
0,بوعلي,پتروشيمي بوعلي سينا,507703,85944794,5042767599160,61390,58330,58330,-3060,-4.98,58670,-2720,-4.43,58330,61050,1399-10-10
1,وكبهمن,مديريت سرمايه گذاري كوثربهمن,400470,62891628,1359180251706,21787,22500,20698,-1089,-5.0,21611,-176,-0.81,20698,22876,1399-10-10
2,ولپارس,ليزينگ پارسيان,104888,260013998,2252955219160,8850,8410,8410,-440,-4.97,8660,-190,-2.15,8410,9200,1399-10-10
3,شاروم,پتروشيمي اروميه,83761,82781348,2709843845904,32482,30858,33910,1428,4.4,32735,253,0.78,30858,34106,1399-10-10
4,شستا,سرمايه گذاري تامين اجتماعي,52348,138861717,3153403040620,23660,23120,22480,-1180,-4.99,22710,-950,-4.02,22480,23400,1399-10-10
5,كاما,باما,52321,171867130,4519773529200,26940,25600,25880,-1060,-3.93,26300,-640,-2.38,25600,27700,1399-10-10
6,چخزر,صنايع چوب خزر كاسپين,51490,1854173,57067736594,29313,30778,30778,1465,5.0,30778,1465,5.0,30778,30778,1399-10-10
7,خودرو,ايران‌ خودرو,45272,908791566,2824067586210,3190,3220,3070,-120,-3.76,3110,-80,-2.51,3040,3260,1399-10-10
8,وسپهر,سرمايه گذاري مالي سپهرصادرات,44367,103135099,1080295675415,10761,10570,10280,-481,-4.47,10475,-286,-2.66,10250,10617,1399-10-10
9,پالايش,صندوق پالايشي يکم-سهام,43569,23335119,1891981951040,83710,82550,80000,-3710,-4.43,81080,-2630,-3.14,79400,83700,1399-10-10
10,شپنا,پالايش نفت اصفهان,42179,231210626,2972144134290,13320,13150,12660,-660,-4.95,12850,-470,-3.53,12660,13410,1399-10-10
11,سيتا,سرمايه گذاري سيمان تامين,35358,46515071,735585879890,16320,16350,15800,-520,-3.19,15810,-510,-3.13,15510,16350,1399-10-10
12,دارا يكم,صندوق واسطه گري مالي يكم-سهام,33525,9705338,1583640432890,169700,168200,161500,-8200,-4.83,163170,-6530,-3.85,160500,168200,1399-10-10
13,بپيوند,برق و انرژي پيوندگستر پارس,32757,33443204,843019520429,27138,26020,24425,-2713,-10.0,25207,-1931,-7.12,24425,27000,1399-10-10
14,ثاميد,توسعه و عمران اميد,32558,145663938,300636771770,2110,2110,2030,-80,-3.79,2060,-50,-2.37,2010,2130,1399-10-10
15,خساپا,سايپا,31554,725282139,1634883233270,2310,2330,2240,-70,-3.03,2250,-60,-2.6,2200,2360,1399-10-10
16,زملارد,كشاورزي و دامپروري ملارد شير,29658,6213087,285657317168,43857,45990,46049,2192,5.0,45977,2120,4.83,45000,46049,1399-10-10
17,آبادا,توليد نيروي برق آبادان,27117,9199599,158015027270,17140,16970,16920,-220,-1.28,17180,40,0.23,16520,17800,1399-10-10
18,بگيلان,توسعه مسير برق گيلان,27094,6152446,151869909208,24640,25010,24635,-5,-0.02,24684,44,0.18,24200,25139,1399-10-10
19,ثبهساز,بهساز كاشانه تهران,26751,108582554,283950028460,2700,2660,2600,-100,-3.7,2620,-80,-2.96,2570,2700,1399-10-10
20,امين,تامين سرمايه امين,25707,19431663,205258512020,10730,10890,10510,-220,-2.05,10560,-170,-1.58,10410,10890,1399-10-10
21,كچاد,معدني‌وصنعتي‌چادرملو,23432,32985131,733426426680,21710,22500,22300,590,2.72,22240,530,2.44,21280,22710,1399-10-10
22,فولاد,فولاد مباركه اصفهان,23202,121632790,1607648908800,13360,13510,12920,-440,-3.29,13220,-140,-1.05,12850,13610,1399-10-10
23,فملي,ملي‌ صنايع‌ مس‌ ايران‌,22895,73916792,1049970581850,14570,14570,14020,-550,-3.77,14200,-370,-2.54,13870,14900,1399-10-10
24,غزر,صنعتي زر ماكارون,22826,4454527,236789018780,54400,56360,51900,-2500,-4.6,53160,-1240,-2.28,51680,56360,1399-10-10
25,خگستر,گسترش‌سرمايه‌گذاري‌ايران‌خودرو,22295,364161726,1454431279440,4100,4080,3900,-200,-4.88,3990,-110,-2.68,3900,4180,1399-10-10
26,كگل,معدني و صنعتي گل گهر,21564,30056912,611770354970,19770,19700,20400,630,3.19,20350,580,2.93,19700,20700,1399-10-10
27,كوثر,بيمه كوثر,20768,179096529,5003859222116,27473,28846,26100,-1373,-5.0,27939,466,1.7,26100,28846,1399-10-10
28,پيزد,مجتمع صنايع لاستيك يزد,18586,1388213,116538307518,82839,85800,85000,2161,2.61,83948,1109,1.34,82118,85800,1399-10-10
29,خبهمن,گروه‌بهمن‌,17622,63346831,2107220176000,33290,34770,32000,-1290,-3.88,33260,-30,-0.09,31770,34770,1399-10-10
30,شتران,پالايش نفت تهران,17550,74908739,805423504960,11180,10910,10630,-550,-4.92,10750,-430,-3.85,10630,11210,1399-10-10
31,پترول,گروه پتروشيمي س. ايرانيان,17335,82965922,941864813310,11800,11650,11270,-530,-4.49,11350,-450,-3.81,11210,11720,1399-10-10
32,پتاير,ايران‌ تاير,16797,8822263,1660409196730,180720,189750,184470,3750,2.08,188210,7490,4.14,182000,189750,1399-10-10
33,انرژي3,سايراشخاص بورس انرژي,16466,2840650,1148900025500,411940,418000,391990,-19950,-4.84,404450,-7490,-1.82,391350,427000,1399-10-10
34,آريا,پليمر آريا ساسول,16447,2118597,381763722581,183279,181062,179651,-3628,-1.98,180196,-3083,-1.68,179501,182440,1399-10-10
35,رافزا,رايان هم افزا,15930,93058,3738512092,38261,40174,40174,1913,5.0,38393,132,0.34,40174,40174,1399-10-10
36,شبندر,پالايش نفت بندرعباس,15278,61095359,1603308701340,27340,26220,25980,-1360,-4.97,26240,-1100,-4.02,25980,27330,1399-10-10
37,ثشاهد,سرمايه‌ گذاري‌ شاهد,14933,42959102,1029251180480,23530,23600,23110,-420,-1.78,23960,430,1.83,22960,24690,1399-10-10
38,گكوثر,هتل پارسيان كوثر اصفهان,13610,172196599,917975680611,5786,5700,5208,-578,-9.99,5331,-455,-7.86,5208,5700,1399-10-10
39,ذوب,سهامي ذوب آهن  اصفهان,13355,140470831,678034469979,4956,4940,4709,-247,-4.98,4827,-129,-2.6,4709,4978,1399-10-10
40,شگويا,پتروشيمي تندگويان,13158,49237988,551024031279,11250,11010,10805,-445,-3.96,11191,-59,-0.52,10790,11600,1399-10-10
41,زدشت,كشت و صنعت دشت خرم دره,13113,18596180,935720666772,54355,52500,48920,-5435,-10.0,50318,-4037,-7.43,48920,53898,1399-10-10
42,حكشتي,كشتيراني جمهوري اسلامي ايران,13064,35488675,827373786310,24350,23630,23140,-1210,-4.97,23310,-1040,-4.27,23140,24450,1399-10-10
43,وپويا,سرمايه گذاري پويا,12926,23529120,183514845806,8049,8060,7647,-402,-4.99,7799,-250,-3.11,7647,8060,1399-10-10
44,وپارس,بانك‌پارسيان‌,12897,292497805,1071234242420,3820,3780,3630,-190,-4.97,3660,-160,-4.19,3630,3860,1399-10-10
45,سفاسي,شركت فارسيت اهواز,12806,73826892,1327857812723,17562,17604,18088,526,3.0,17986,424,2.41,17150,18088,1399-10-10
46,غگل,گلوكوزان‌,12630,119402739,663197420910,5590,5710,5490,-100,-1.79,5550,-40,-0.72,5350,5790,1399-10-10
47,ونيكي,سرمايه‌گذاري‌ ملي‌ايران‌,12538,49713965,917664251150,17870,17400,18760,890,4.98,18460,590,3.3,16980,18760,1399-10-10
48,فوكا,فولاد كاويان,12534,97127806,1579960405529,15873,16199,16021,148,0.93,16267,394,2.48,15450,16349,1399-10-10
49,وآذر,سرمايه‌گذاري‌توسعه‌آذربايجان‌,11207,19938485,2728179724870,130530,137050,137040,6510,4.99,136830,6300,4.83,132000,137050,1399-10-10
50,خپارس,پارس‌ خودرو,11151,136157051,1085242004920,8340,8040,7930,-410,-4.92,7970,-370,-4.44,7930,8310,1399-10-10
51,هاي وب,داده گسترعصرنوين-هاي وب,10968,30673330,871501201140,27670,28090,27740,70,0.25,28410,740,2.67,27160,29000,1399-10-10
52,كبافق,معادن‌ بافق‌,10866,21077015,1321405527220,61880,58790,64970,3090,4.99,62690,810,1.31,58790,64970,1399-10-10
53,كرمان,س. توسعه و عمران استان كرمان,10761,15026717,1209646955580,84206,82000,79996,-4210,-5.0,80500,-3706,-4.4,79996,85400,1399-10-10
54,وتوصا,گروه س توسعه صنعتي ايران,10722,53375074,1234205893950,23310,23300,22750,-560,-2.4,23120,-190,-0.82,22150,24400,1399-10-10
55,فروي,ذوب روي اصفهان,10718,8992075,672816503306,72132,72100,73950,1818,2.52,74823,2691,3.73,72100,75738,1399-10-10
56,ملت,بيمه ملت,10385,30219123,714500991360,23730,24300,22650,-1080,-4.55,23640,-90,-0.38,22550,24530,1399-10-10
57,سمگا,گروه سرمايه گذاري ميراث فرهنگي,10128,48560321,1909053970529,39067,40010,38000,-1067,-2.73,39313,246,0.63,37550,40620,1399-10-10
58,زكوثر,سرمايه گذاري كشاورزي كوثر,9278,17696712,505665213730,27620,28740,27810,190,0.69,28570,950,3.44,27350,29000,1399-10-10
59,خزاميا,زامياد,9161,52705024,667815196730,13190,12900,12540,-650,-4.93,12670,-520,-3.94,12540,13290,1399-10-10
60,وخارزم,سرمايه گذاري خوارزمي,9011,48131772,479380147350,10310,10220,9800,-510,-4.95,9960,-350,-3.39,9800,10500,1399-10-10
61,ثفارس,عمران‌وتوسعه‌فارس‌,8532,56799093,715790979710,12080,12600,12350,270,2.24,12600,520,4.3,12120,12680,1399-10-10
62,غسالم,سالمين‌,8418,71444891,456293781810,6520,6690,6200,-320,-4.91,6390,-130,-1.99,6200,6800,1399-10-10
63,فروس,فروسيليس‌ ايران‌,8333,86309272,584040046660,6960,7050,6620,-340,-4.89,6770,-190,-2.73,6620,7090,1399-10-10
64,غپينو,پارس‌ مينو,7988,69012076,717206277870,10810,11100,10270,-540,-5.0,10390,-420,-3.89,10270,11260,1399-10-10
65,دانا,بيمه دانا,7982,50879717,615333040240,12340,12600,11730,-610,-4.94,12090,-250,-2.03,11730,12700,1399-10-10
66,وغدير,سرمايه‌گذاري‌غدير(هلدينگ‌,7882,43264106,521441152800,12340,12100,11940,-400,-3.24,12050,-290,-2.35,11740,12480,1399-10-10
67,زمگسا,كشاورزي‌ ودامپروي‌ مگسال‌,7668,14191408,658873243300,47420,45050,45050,-2370,-5.0,46430,-990,-2.09,45050,49300,1399-10-10
68,تليسه,دامداري تليسه نمونه,7578,42767820,280678562719,6773,6773,6435,-338,-4.99,6563,-210,-3.1,6435,6890,1399-10-10
69,شكربن,كربن‌ ايران‌,7319,11898344,1255436217200,103580,108750,104000,420,0.41,105510,1930,1.86,99500,108750,1399-10-10
70,پدرخش,درخشان‌ تهران‌,7270,5429893,889022989300,163750,171930,159990,-3760,-2.3,163730,-20,-0.01,155570,171930,1399-10-10
71,فارس,صنايع پتروشيمي خليج فارس,7204,23268726,290857388230,12450,12100,12230,-220,-1.77,12500,50,0.4,12020,12870,1399-10-10
72,ورنا,سرمايه‌گذاري‌ رنا(هلدينگ‌,7118,77896126,662141715290,8170,8100,8570,400,4.9,8500,330,4.04,8030,8570,1399-10-10
73,غبهنوش,بهنوش‌ ايران‌,7000,4643023,548441608210,122100,122500,116000,-6100,-5.0,118120,-3980,-3.26,116000,125570,1399-10-10
74,ختوقا,قطعات‌ اتومبيل‌ ايران‌,6977,91937486,348957668820,3950,3830,3760,-190,-4.81,3800,-150,-3.8,3760,3990,1399-10-10
75,وساپا,سرمايه‌گذاري‌ سايپا,6951,53013663,453172226720,8640,8770,8420,-220,-2.55,8550,-90,-1.04,8360,8850,1399-10-10
76,صبا,سرمايه گذاري صبا تامين,6945,19092928,151504458942,8179,8088,7795,-384,-4.69,7935,-244,-2.98,7790,8110,1399-10-10
77,چكاپا,گروه صنايع كاغذ پارس,6704,57447580,402909355950,7170,7340,6830,-340,-4.74,7010,-160,-2.23,6820,7340,1399-10-10
78,قصفها,قنداصفهان‌,6567,2448765,480315244750,188360,185000,196950,8590,4.56,196150,7790,4.14,183000,197770,1399-10-10
79,كالا,بورس كالاي ايران,6541,7956686,438812468160,56350,55930,53540,-2810,-4.99,55150,-1200,-2.13,53540,57990,1399-10-10
80,شبريز,پالايش نفت تبريز,6509,23899217,752874506550,33020,31680,31370,-1650,-5.0,31500,-1520,-4.6,31370,32890,1399-10-10
81,بكام,كارخانجات توليدي شهيد قندي,6405,65928247,296504283320,4500,4500,4420,-80,-1.78,4500,0,0.0,4350,4660,1399-10-10
82,بجهرم,توسعه مولد نيروگاهي جهرم,6356,60807928,244897390313,4125,4090,3929,-196,-4.75,4027,-98,-2.38,3919,4200,1399-10-10
83,نوري,پتروشيمي نوري,6202,5870601,414446114900,71860,72000,70410,-1450,-2.02,70600,-1260,-1.75,68900,72500,1399-10-10
84,غگيلا,شيرپاستوريزه پگاه گيلان,6114,90165,1919703015,20278,21291,21291,1013,5.0,20313,35,0.17,21291,21291,1399-10-10
85,ومعلم,بيمه معلم,6095,44993031,332235650972,7550,7192,7173,-377,-4.99,7384,-166,-2.2,7173,7920,1399-10-10
86,لكما,كارخانجات‌مخابراتي‌ايران‌,6040,56429895,432809573423,7460,7683,7683,223,2.99,7670,210,2.82,7470,7683,1399-10-10
87,غصينو,صنعتي مينو,5943,7019676,577394742536,83511,87350,79336,-4175,-5.0,82254,-1257,-1.51,79336,87350,1399-10-10
88,ساوه,سيمان ساوه,5878,2630298,146273790457,58216,57632,55306,-2910,-5.0,55611,-2605,-4.47,55306,59200,1399-10-10
89,ونيرو,سرمايه‌گذاري‌نيرو,5875,66648903,255161118100,3980,3980,3790,-190,-4.77,3830,-150,-3.77,3790,3980,1399-10-10
90,غنوش,نوش‌ مازندران‌,5863,15092900,982657003880,64010,62200,67210,3200,5.0,65110,1100,1.72,61310,67210,1399-10-10
91,فرابورس,فرابورس ايران,5839,7258942,399960254350,56167,57000,53395,-2772,-4.94,55099,-1068,-1.9,53395,57700,1399-10-10
92,وسبحان,سرمايه گذاري سبحان,5759,31621809,309872973774,9503,9699,9810,307,3.23,9799,296,3.11,9500,9968,1399-10-10
93,والبر,سرمايه‌ گذاري‌ البرز(هلدينگ‌,5758,19166026,417166599230,21410,22480,21030,-380,-1.77,21770,360,1.68,20850,22480,1399-10-10
94,دتوليد,داروسازي توليد دارو,5729,12250398,482023752613,37716,39570,39601,1885,5.0,39348,1632,4.33,38000,39601,1399-10-10
95,حآسا,آسيا سير ارس,5709,10292960,528227760782,48924,51000,51370,2446,5.0,51319,2395,4.9,50020,51370,1399-10-10
96,فنورد,نوردوقطعات‌ فولادي‌,5703,1857589,458509524020,244070,256270,231870,-12200,-5.0,246830,2760,1.13,231870,256270,1399-10-10
97,وحكمت,بيمه حكمت صبا,5649,43971948,248016697103,5839,5700,5560,-279,-4.78,5640,-199,-3.41,5548,5970,1399-10-10
98,حسينا,توسعه خدمات دريايي وبندري سينا,5577,5221046,409214896958,77460,75000,77020,-440,-0.57,78378,918,1.19,73510,82665,1399-10-10
99,خرينگ,رينگ‌سازي‌مشهد,5559,4843063,369146209600,74440,70750,76890,2450,3.29,76220,1780,2.39,70750,78000,1399-10-10
100,لپارس,پارس‌ الكتريك‌,5530,1935007,267616750720,144750,145000,137520,-7230,-4.99,138300,-6450,-4.46,137520,145000,1399-10-10
101,چدن,توليدي چدن سازان,5523,15200080,568665386590,38290,38270,36390,-1900,-4.96,37410,-880,-2.3,36380,39880,1399-10-10
102,ونوين,بانك‌اقتصادنوين‌,5496,74396574,408418356630,5720,5610,5440,-280,-4.9,5490,-230,-4.02,5440,5690,1399-10-10
103,ومعادن,توسعه‌معادن‌وفلزات‌,5410,35477246,467882032700,13570,13560,12930,-640,-4.72,13190,-380,-2.8,12900,13810,1399-10-10
104,تاپيكو,س. نفت و گاز و پتروشيمي تأمين,5370,26381868,372372504490,14580,14010,13900,-680,-4.66,14110,-470,-3.22,13860,14840,1399-10-10
105,حريل,ريل پردازسير,5269,53544610,307412228449,5845,5900,5553,-292,-5.0,5741,-104,-1.78,5553,5960,1399-10-10
106,حفاري,حفاري شمال,5240,29333466,348996028330,12410,12150,11790,-620,-5.0,11900,-510,-4.11,11790,12410,1399-10-10
107,رتكو,كنترل‌خوردگي‌تكين‌كو,5238,29311511,576450464600,20490,19470,19470,-1020,-4.98,19670,-820,-4.0,19470,20400,1399-10-10
108,دماوند,توليد نيروي برق دماوند,5179,5127152,309281215072,62719,62040,59584,-3135,-5.0,60322,-2397,-3.82,59584,63035,1399-10-10
109,غشهداب,كشت و صنعت شهداب ناب خراسان,5174,54883092,297980565690,5643,5710,5361,-282,-5.0,5429,-214,-3.79,5361,5770,1399-10-10
110,البرز,بيمه البرز,5167,65772261,387829177800,5770,5890,5800,30,0.52,5900,130,2.25,5600,6010,1399-10-10
111,خزر,فنرسازي‌زر,5139,26357227,792760290210,30200,28690,31710,1510,5.0,30080,-120,-0.4,28690,31710,1399-10-10
112,بركت,گروه دارويي بركت,5128,35276380,971511505200,26230,27540,27540,1310,4.99,27540,1310,4.99,27540,27540,1399-10-10
113,سبزوا,سيمان لار سبزوار,5039,36289828,189003310506,5439,5381,5168,-271,-4.98,5208,-231,-4.25,5168,5430,1399-10-10
114,شيران,س. صنايع‌شيميايي‌ايران,5006,9697550,371459052000,37190,37310,37960,770,2.07,38300,1110,2.98,36710,39040,1399-10-10
115,ولغدر,ليزينگ‌خودروغدير,4953,19763622,586470373980,30410,29500,29460,-950,-3.12,29670,-740,-2.43,28890,31300,1399-10-10
116,شسينا,صنايع‌شيميايي‌سينا,4946,2702477,462364679560,163240,169700,171400,8160,5.0,171090,7850,4.81,166400,171400,1399-10-10
117,شپاكسا,پاكسان‌,4942,13458031,509927414270,36250,38000,38060,1810,4.99,37890,1640,4.52,36310,38060,1399-10-10
118,سصوفي,سيمان‌ صوفيان‌,4934,19190552,357334662870,17850,18740,18580,730,4.09,18620,770,4.31,17910,18740,1399-10-10
119,تملت,تامين سرمايه بانك ملت,4904,18674667,167326511050,9300,9000,8840,-460,-4.95,8960,-340,-3.66,8840,9290,1399-10-10
120,فاراك,ماشين‌ سازي‌ اراك‌,4843,42965712,326950177800,7940,7750,7550,-390,-4.91,7610,-330,-4.16,7550,7940,1399-10-10
121,كلر,كلر پارس,4827,5375101,531313271464,94420,97510,99141,4721,5.0,98847,4427,4.69,95350,99141,1399-10-10
122,تكمبا,كمباين‌ سازي‌ ايران‌,4767,34138431,461079363540,13070,13200,12990,-80,-0.61,13510,440,3.37,12560,13720,1399-10-10
123,ختراك,ريخته‌گري‌ تراكتورسازي‌ ايران‌,4766,32943309,505315945650,15200,14440,15960,760,5.0,15340,140,0.92,14440,15960,1399-10-10
124,خمحركه,نيرو محركه‌,4725,37485733,241325479360,6710,6650,6380,-330,-4.92,6440,-270,-4.02,6380,6800,1399-10-10
125,تپمپي,پمپ‌ سازي‌ ايران‌,4714,9551767,327770714120,34570,35560,33790,-780,-2.26,34320,-250,-0.72,32850,35900,1399-10-10
126,كروي,توسعه‌ معادن‌ روي‌ ايران‌,4699,8427601,322345429240,38120,37000,38120,0,0.0,38250,130,0.34,36220,40000,1399-10-10
127,شتوكا,توكا رنگ فولاد سپاهان,4681,5740384,324836987240,55219,52550,57979,2760,5.0,56588,1369,2.48,52485,57979,1399-10-10
128,سيمرغ,سيمرغ,4669,16429774,320589461220,20200,19300,19190,-1010,-5.0,19510,-690,-3.42,19190,20970,1399-10-10
129,قرن,پديده شيمي قرن,4623,5593991,375355687950,67820,68380,65840,-1980,-2.92,67100,-720,-1.06,65010,69970,1399-10-10
130,غگرجي,بيسكويت‌  گرجي‌,4598,10081830,220226943870,20910,21800,21450,540,2.58,21840,930,4.45,20970,21950,1399-10-10
131,فاسمين,كالسيمين‌,4556,20772632,412709963310,20750,20060,19720,-1030,-4.96,19870,-880,-4.24,19720,20700,1399-10-10
132,بكهنوج,توليد برق ماهتاب كهنوج,4507,74372478,183241248750,2581,2540,2452,-129,-5.0,2464,-117,-4.53,2452,2540,1399-10-10
133,ختور,رادياتور ايران‌,4470,6988604,244287438670,36450,36450,34640,-1810,-4.97,34960,-1490,-4.09,34630,36450,1399-10-10
134,شلرد,كود شيميايي اوره لردگان,4402,28942691,260507141431,9235,8958,8958,-277,-3.0,9001,-234,-2.53,8958,9450,1399-10-10
135,دسانكو,داروسازي سبحان انكولوژي,4348,14552192,332278501238,22530,23656,22250,-280,-1.24,22834,304,1.35,21420,23656,1399-10-10
136,تبرك,گروه كارخانجات صنعتي تبرك,4278,8808930,213983492241,25320,25790,24054,-1266,-5.0,24292,-1028,-4.06,24054,25790,1399-10-10
137,شغدير,پتروشيمي غدير,4246,6871437,528375188680,78742,78900,74930,-3812,-4.84,76894,-1848,-2.35,74805,80990,1399-10-10
138,كرازي,كارخانجات‌توليدي‌شيشه‌رازي‌,4208,10476436,283983076090,28110,27630,27390,-720,-2.56,27110,-1000,-3.56,26710,28700,1399-10-10
139,فاذر,صنايع‌ آذرآب‌,4199,7789274,262697522020,34780,35600,33050,-1730,-4.97,33730,-1050,-3.02,33050,35600,1399-10-10
140,سدور,سيمان‌ دورود,4176,20011105,241289379820,11590,12160,12150,560,4.83,12060,470,4.06,11610,12160,1399-10-10
141,غگلستا,شير پاستوريزه پگاه گلستان,4138,16607678,464606792997,26720,28050,27840,1120,4.19,27975,1255,4.7,26500,28056,1399-10-10
142,كحافظ,كاشي‌ وسراميك‌ حافظ‌,4083,14752292,236578223660,15540,15540,16310,770,4.95,16040,500,3.22,14810,16310,1399-10-10
143,كگهر,سنگ آهن گهرزمين,4063,6409148,335690836113,54048,54500,51346,-2702,-5.0,52377,-1671,-3.09,51346,54750,1399-10-10
144,سفارس,سيمان فارس و خوزستان,4059,20274827,371086419620,18950,19230,18010,-940,-4.96,18300,-650,-3.43,18010,19300,1399-10-10
145,وثخوز,سرمايه گذاري و توسعه خوزستان,4044,5183172,336904260123,64721,61485,67957,3236,5.0,65000,279,0.43,61485,67957,1399-10-10
146,فخوز,فولاد  خوزستان,4011,10043023,151237977750,15240,15300,14700,-540,-3.54,15060,-180,-1.18,14550,15590,1399-10-10
147,كاذر,فرآورده‌هاي‌نسوزآذر,3992,9644628,290222233260,28910,28890,30350,1440,4.98,30090,1180,4.08,28200,30350,1399-10-10
148,خكار,ايركا پارت صنعت,3979,12062407,333754659190,28610,27180,27180,-1430,-5.0,27670,-940,-3.29,27180,29040,1399-10-10
149,شلعاب,لعابيران‌,3979,20592667,249943833860,11990,11400,12530,540,4.5,12140,150,1.25,11400,12580,1399-10-10
150,دبالك,مواد اوليه دارويي البرز بالك,3955,12928712,375102766311,27645,29027,29027,1382,5.0,29013,1368,4.95,27900,29027,1399-10-10
151,غبهار,كشت وصنعت بهاران گلبهار خراسان,3947,7055093,360373496439,49662,51149,51151,1489,3.0,51080,1418,2.86,50000,51151,1399-10-10
152,ولساپا,ليزينگ رايان‌ سايپا,3946,55803809,227366795520,4150,4160,3970,-180,-4.34,4070,-80,-1.93,3950,4250,1399-10-10
153,غچين,كشت‌ و صنعت‌ چين‌ چين,3840,3660124,302126294600,81790,80000,80490,-1300,-1.59,82550,760,0.93,79000,85870,1399-10-10
154,خصدرا,صنعتي‌ دريايي‌ ايران‌,3804,44566965,209691125728,4835,4710,4690,-145,-3.0,4705,-130,-2.69,4690,4877,1399-10-10
155,اخابر,مخابرات ايران,3784,20474168,276364655590,13450,13700,13490,40,0.3,13500,50,0.37,13100,13840,1399-10-10
156,ثقزوي,شركت عمران و سازندگي قزوين,3774,6211325,230565188058,35446,37000,37218,1772,5.0,37120,1674,4.72,36100,37218,1399-10-10
157,زقيام,كشت و دام قيام اصفهان,3734,6522956,230383914416,35887,35300,34093,-1794,-5.0,35319,-568,-1.58,34093,37010,1399-10-10
158,قنيشا,قند  نيشابور,3710,3932383,251512508250,66880,65000,63540,-3340,-4.99,63960,-2920,-4.37,63540,66000,1399-10-10
159,غويتا,ويتانا,3690,3889093,215832026590,56287,57789,55000,-1287,-2.29,55497,-790,-1.4,53473,57789,1399-10-10
160,وپاسار,بانك  پاسارگاد,3682,44817223,537573903890,12060,12060,11990,-70,-0.58,11990,-70,-0.58,11920,12080,1399-10-10
161,ونفت,سرمايه‌گذاري‌ صنعت‌ نفت‌,3681,15871061,290313481930,18850,18050,17910,-940,-4.99,18290,-560,-2.97,17910,19340,1399-10-10
162,ثنوسا,نوسازي‌وساختمان‌تهران‌,3671,61092100,925027476680,14430,14800,15150,720,4.99,15140,710,4.92,14600,15150,1399-10-10
163,وصنعت,سرمايه گذاري توسعه صنعت وتجارت,3654,22528413,158037087630,7180,7090,6950,-230,-3.2,7020,-160,-2.23,6880,7180,1399-10-10
164,وملل,اعتباري ملل,3649,34204825,538288288607,16420,16350,15599,-821,-5.0,15737,-683,-4.16,15599,16590,1399-10-10
165,ريشمك,توليد و صادرات ريشمك,3638,3262390,223195589398,66735,70012,66280,-455,-0.68,68415,1680,2.52,65657,70012,1399-10-10
166,وساخت,سرمايه‌ گذاري‌ ساختمان‌ايران‌,3601,4730756,302385555430,61340,60900,64360,3020,4.92,63920,2580,4.21,60900,64400,1399-10-10
167,ودي,بيمه  دي,3549,9893451,280158376605,28060,28100,27550,-510,-1.82,28318,258,0.92,27212,29000,1399-10-10
168,سشرق,سيمان‌ شرق‌,3533,18352950,140306676500,7710,7980,7380,-330,-4.28,7640,-70,-0.91,7330,8000,1399-10-10
169,نوين,بيمه نوين,3527,24512489,210003844895,8407,8500,8270,-137,-1.63,8567,160,1.9,8080,8820,1399-10-10
170,كلوند,كاشي‌ الوند,3476,6208897,212166241030,33020,34670,32570,-450,-1.36,34170,1150,3.48,32010,34670,1399-10-10
171,كپارس,كاشي‌ پارس‌,3407,1911897,357833227850,190530,182300,190000,-530,-0.28,187160,-3370,-1.77,181010,192860,1399-10-10
172,فولاژ,فولاد آلياژي ايران,3378,8754826,188412441400,21680,22400,20770,-910,-4.2,21520,-160,-0.74,20600,22400,1399-10-10
173,خچرخش,چرخشگر,3370,12063480,238576853030,18980,19850,19920,940,4.95,19780,800,4.21,19210,19920,1399-10-10
174,دشيمي,شيمي‌ داروئي‌ داروپخش‌,3349,3217757,244220243550,78740,77100,74810,-3930,-4.99,75900,-2840,-3.61,74810,81470,1399-10-10
175,آپ,آسان پرداخت پرشين,3339,10937967,246871344510,21680,21450,22760,1080,4.98,22570,890,4.11,21210,22760,1399-10-10
176,غمينو,شركت صنايع غذايي مينو شرق,3321,11716546,189545328563,16019,15705,15940,-79,-0.49,16178,159,0.99,15400,16670,1399-10-10
177,بنو,بيمه تجارت نو,3303,8277596,269707777463,31820,33400,31820,0,0.0,32583,763,2.4,31820,33400,1399-10-10
178,زگلدشت,كشت و دام گلدشت نمونه اصفهان,3296,8080891,468136507772,55707,58492,57612,1905,3.42,57931,2224,3.99,54600,58492,1399-10-10
179,وسرمد,بيمه  سرمد,3296,40801865,361759401199,8913,8681,8646,-267,-3.0,8866,-47,-0.53,8646,9180,1399-10-10
180,چكاوهح,ح . صنايع‌كاغذسازي‌كاوه‌,3267,16153681,209549211573,1703,12500,13330,11627,682.74,12972,11269,661.71,12410,13490,1399-10-10
181,كوير,توليدي فولاد سپيد فراب كوير,3245,11117526,264590314840,23780,24010,23900,120,0.5,23800,20,0.08,23230,24500,1399-10-10
182,بزاگرس,نيروگاه زاگرس كوثر,3243,12107335,135690318969,11487,11700,10913,-574,-5.0,11207,-280,-2.44,10913,11895,1399-10-10
183,خكرمان,گروه اقتصادي كرمان خودرو,3218,25102187,154676358775,6096,5950,6070,-26,-0.43,6162,66,1.08,5950,6269,1399-10-10
184,وبانك,سرمايه گذاري گروه توسعه ملي,3193,15337342,147233256920,9920,9740,9650,-270,-2.72,9600,-320,-3.23,9500,9980,1399-10-10
185,سنير,سيمان‌ سفيد ني‌ريز,3181,1888195,226252384200,114370,120000,120080,5710,4.99,119820,5450,4.77,113000,120080,1399-10-10
186,كفپارس,فرآورده‌هاي‌ نسوز پارس‌,3181,17942687,127374260140,7290,7290,6930,-360,-4.94,7100,-190,-2.61,6930,7500,1399-10-10
187,كمنگنز,معادن‌منگنزايران‌,3174,2935990,346873169520,116530,110710,122350,5820,4.99,118150,1620,1.39,110710,122350,1399-10-10
188,كيسون,شركت كيسون,3170,19793353,309922774341,15966,16400,15488,-478,-2.99,15658,-308,-1.93,15488,16400,1399-10-10
189,وسينا,بانك سينا,3134,23747225,251633380630,10890,11000,10450,-440,-4.04,10600,-290,-2.66,10350,11100,1399-10-10
190,حاريا,كشتيراني آريا,3113,7834454,250165719424,31281,30460,31110,-171,-0.55,31931,650,2.08,30460,32219,1399-10-10
191,كترام,توليدي‌ كاشي‌ تكسرام‌,3097,9152238,405656905220,44590,43150,44700,110,0.25,44320,-270,-0.61,42370,45780,1399-10-10
192,پاكشو,گروه صنعتي پاكشو,3086,2436843,217239021480,88820,89000,88880,60,0.07,89150,330,0.37,87100,91200,1399-10-10
193,حتوكا,حمل‌ونقل‌توكا,3066,12248989,415933913870,32450,32000,34070,1620,4.99,33960,1510,4.65,32000,34070,1399-10-10
194,دفارا,داروسازي‌ فارابي‌,3038,2934067,226397507440,79200,82000,75240,-3960,-5.0,77160,-2040,-2.58,75240,82000,1399-10-10
195,ميهن,بيمه ميهن,3032,21429449,148752612637,6894,6950,6670,-224,-3.25,6942,48,0.7,6563,7209,1399-10-10
196,اپرداز,آتيه داده پرداز,3019,7497019,219357484343,28221,27180,29290,1069,3.79,29259,1038,3.68,27180,29632,1399-10-10
197,ثغرب,شركت سرمايه گذاري مسكن شمالغرب,3012,16698272,166002266363,10439,9918,9918,-521,-4.99,9941,-498,-4.77,9918,10274,1399-10-10
198,وشهر,بانك شهر,3006,26751112,181921444413,6699,6966,6700,1,0.01,6801,102,1.52,6512,6966,1399-10-10
199,فولاي,صنايع فولاد آلياژي يزد,3003,3215625,143086904004,46083,47500,43779,-2304,-5.0,44497,-1586,-3.44,43779,47500,1399-10-10
200,وبوعلي,سرمايه‌گذاري‌بوعلي‌,3001,19760070,133385988830,6940,6800,6610,-330,-4.76,6750,-190,-2.74,6600,7070,1399-10-10
201,فنوال,نورد آلومينيوم‌,2983,7339091,198950545300,27350,27220,26550,-800,-2.93,27110,-240,-0.88,26120,28320,1399-10-10
202,ثنام,س ساختماني ب نام آوران مهندسي,2967,8670168,199514756847,22403,23075,23075,672,3.0,23012,609,2.72,22403,23075,1399-10-10
203,كاوه,فولاد كاوه جنوب كيش,2963,14084014,307470101130,22090,22500,21450,-640,-2.9,21830,-260,-1.18,21030,22500,1399-10-10
204,سكارون,سيمان كارون,2935,5351949,1048425506089,191846,197601,197601,5755,3.0,195896,4050,2.11,186091,197601,1399-10-10
205,خاذين,سايپاآذين‌,2934,29307927,174070593550,6120,6200,5820,-300,-4.9,5940,-180,-2.94,5820,6250,1399-10-10
206,تكشا,گسترش‌صنايع‌وخدمات‌كشاورزي‌,2917,2849867,171897969500,61400,60000,58330,-3070,-5.0,60320,-1080,-1.76,58330,63100,1399-10-10
207,خريخت,صنايع‌ريخته‌گري‌ايران‌,2895,34159962,152488420740,4550,4530,4330,-220,-4.84,4460,-90,-1.98,4330,4700,1399-10-10
208,تاپكيش,تجارت الكترونيك پارسيان كيش,2889,16309738,390743166372,22829,23970,23970,1141,5.0,23958,1129,4.95,23413,23970,1399-10-10
209,رانفور,خدمات‌انفورماتيك‌,2885,5852584,197387863470,34910,33930,33170,-1740,-4.98,33730,-1180,-3.38,33170,35980,1399-10-10
210,فرآور,فرآوري‌موادمعدني‌ايران‌,2881,9344367,277883040430,28640,27300,29870,1230,4.29,29740,1100,3.84,27300,30070,1399-10-10
211,رنيك,جنرال مكانيك,2870,5178300,142474897563,28074,27670,26680,-1394,-4.97,27514,-560,-1.99,26671,28970,1399-10-10
212,سصفها,سيمان‌اصفهان‌,2858,1797723,626050934430,356070,340000,338270,-17800,-5.0,348250,-7820,-2.2,338270,373860,1399-10-10
213,پلاسك,پلاسكوكار,2854,20350269,170456635570,8080,8270,8260,180,2.23,8380,300,3.71,7910,8480,1399-10-10
214,فالوم,آلومتك‌,2844,11909946,445554208539,35861,37650,37654,1793,5.0,37410,1549,4.32,35880,37654,1399-10-10
215,فاما,صنعتي‌ آما,2837,7643730,174859822880,21930,23020,22580,650,2.96,22880,950,4.33,22150,23020,1399-10-10
216,بموتو,موتوژن‌,2834,4272678,249683995090,60330,60000,57320,-3010,-4.99,58440,-1890,-3.13,57320,60330,1399-10-10
217,كساوه,صنايع‌ كاشي‌ و سراميك‌ سينا,2825,5159014,518927747380,105420,101200,100150,-5270,-5.0,100590,-4830,-4.58,100150,104900,1399-10-10
218,غمارگ,مارگارين‌,2805,4921686,212730479850,44560,44700,42340,-2220,-4.98,43220,-1340,-3.01,42340,44700,1399-10-10
219,وتوكا,سرمايه‌گذاري‌توكافولاد(هلدينگ,2801,18635639,264721096220,14090,14000,13700,-390,-2.77,14210,120,0.85,13390,14700,1399-10-10
220,وپست,پست بانك ايران,2779,18403829,327871030500,17310,17700,18170,860,4.97,17820,510,2.95,16880,18170,1399-10-10
221,خكاوه,سايپا ديزل,2777,33883192,186942613376,5411,5520,5402,-9,-0.17,5517,106,1.96,5288,5573,1399-10-10
222,وايران,ليزينگ ايرانيان,2749,13102779,170637342410,12950,12700,13180,230,1.78,13020,70,0.54,12610,13400,1399-10-10
223,سپاها,سيمان‌سپاهان‌,2739,13169227,132962649080,10180,10670,9680,-500,-4.91,10100,-80,-0.79,9680,10670,1399-10-10
224,خشرق,الكتريك‌ خودرو شرق‌,2733,9261593,211073243330,21930,22350,22510,580,2.64,22790,860,3.92,22000,23020,1399-10-10
225,درهآور,دارويي ره آورد تامين,2718,3456618,156696035767,46781,48300,44442,-2339,-5.0,45332,-1449,-3.1,44442,48399,1399-10-10
226,فباهنر,مس‌ شهيدباهنر,2705,2570757,152194724950,58660,59160,58600,-60,-0.1,59200,540,0.92,57560,60500,1399-10-10
227,ستران,سيمان‌ تهران‌,2653,4324460,153012714970,35890,37450,34450,-1440,-4.01,35380,-510,-1.42,34100,37450,1399-10-10
228,ثرود,سرمايه‌گذاري مسكن زاينده رود,2644,13825167,165943727122,11549,12126,11650,101,0.87,12003,454,3.93,11620,12126,1399-10-10
229,حفارس,حمل و نقل بين المللي خليج فارس,2636,33324131,150886909180,4580,4620,4390,-190,-4.15,4530,-50,-1.09,4360,4740,1399-10-10
230,وكادو,تكادو,2629,10191739,240892377643,24249,23800,23522,-727,-3.0,23636,-613,-2.53,23522,24970,1399-10-10
231,شفا,سرمايه گذاري شفادارو,2624,2597104,176699724310,68020,70980,64620,-3400,-5.0,68040,20,0.03,64620,70980,1399-10-10
232,آريان,سرمايه گذاري پارس آريان,2622,29836748,520193556463,17848,17495,17313,-535,-3.0,17435,-413,-2.31,17313,17990,1399-10-10
233,سبهان,سيمان‌ بهبهان‌,2589,1750782,136090771420,74140,77840,77830,3690,4.98,77730,3590,4.84,76600,77840,1399-10-10
234,وهنر,گروه توسعه هنر ايران,2549,34915172,200271818687,5759,5620,5690,-69,-1.2,5736,-23,-0.4,5587,5930,1399-10-10
235,ثعمرا,عمران و توسعه شاهد,2540,12369224,170706144943,14253,13700,13541,-712,-5.0,13801,-452,-3.17,13541,14400,1399-10-10
236,قاسم,قاسم ايران,2524,13991686,218435596522,16358,16000,15541,-817,-4.99,15612,-746,-4.56,15541,16300,1399-10-10
237,كسعدي,كاشي‌ سعدي‌,2522,17577593,327448577270,17750,18630,18630,880,4.96,18630,880,4.96,18350,18630,1399-10-10
238,وبهمن,سرمايه‌گذاري‌بهمن‌,2520,8226490,213099262310,25470,25840,25200,-270,-1.06,25900,430,1.69,25000,26590,1399-10-10
239,تماوند,تامين سرمايه دماوند,2518,20654669,405810248667,19000,19130,19610,610,3.21,19647,647,3.41,18820,19950,1399-10-10
240,ثالوند,سرمايه گذاري مسكن الوند,2505,10953212,173616300565,16401,15581,15581,-820,-5.0,15851,-550,-3.35,15581,16680,1399-10-10
241,وسين,بيمه سينا,2504,9014408,205548879128,23476,22500,22303,-1173,-5.0,22802,-674,-2.87,22303,24000,1399-10-10
242,دجابر,داروسازي‌ جابرابن‌حيان‌,2499,5880243,148843790270,26360,27000,25050,-1310,-4.97,25310,-1050,-3.98,25050,27000,1399-10-10
243,غديس,پاكديس,2491,12739154,159294982964,12984,13000,12335,-649,-5.0,12504,-480,-3.7,12335,13430,1399-10-10
244,شصدف,صنعتي دوده فام,2451,66809,1824553790,26010,27310,27310,1300,5.0,26054,44,0.17,27310,27310,1399-10-10
245,سپح,ح . پرداخت الكترونيك سامان كيش,2448,2593823,56346512020,22000,22000,21200,-800,-3.64,21720,-280,-1.27,20140,23000,1399-10-10
246,ومهان,گروه توسعه مالي مهر آيندگان,2446,8571451,134560350323,16135,15910,15460,-675,-4.18,15699,-436,-2.7,15330,16440,1399-10-10
247,ثمسكن,سرمايه‌گذاري‌ مسكن‌,2436,28687360,174728519590,6280,6150,5970,-310,-4.94,6090,-190,-3.03,5970,6430,1399-10-10
248,لسرما,سرما آفرين‌,2419,6559445,183983356640,28830,28690,27970,-860,-2.98,28050,-780,-2.71,27390,29590,1399-10-10
249,دلر,داروسازي‌ اكسير,2417,2472941,124079899180,50850,52900,48310,-2540,-5.0,50180,-670,-1.32,48310,53150,1399-10-10
250,ديران,ايران‌دارو,2410,7694500,249010044940,31080,32140,32630,1550,4.99,32360,1280,4.12,31460,32630,1399-10-10
251,قچار,فراوردههاي غذايي وقند چهارمحال,2408,2635460,190942484314,74395,71040,70720,-3675,-4.94,72451,-1944,-2.61,70700,76000,1399-10-10
252,دامين,داروسازي‌ امين‌,2402,5366050,95978168820,18030,18730,17910,-120,-0.67,17890,-140,-0.78,17130,18730,1399-10-10
253,اعتلا,شركت سرمايه گذاري اعتلاء البرز,2392,10981003,126132866605,10997,11540,11291,294,2.67,11486,489,4.45,10970,11546,1399-10-10
254,پكوير,كوير تاير,2390,7723003,178813977770,22690,23700,22680,-10,-0.04,23150,460,2.03,22480,23700,1399-10-10
255,خنصير,مهندسي‌نصيرماشين‌,2367,5371513,424545807980,75970,76890,79760,3790,4.99,79040,3070,4.04,73500,79760,1399-10-10
256,شفارس,صنايع‌ شيميايي‌ فارس‌,2343,4288831,272737440860,65360,65420,62100,-3260,-4.99,63590,-1770,-2.71,62100,67700,1399-10-10
257,ولشرق,ليزينگ ايران و شرق,2324,13437084,110268977556,8201,8010,8010,-191,-2.33,8206,5,0.06,7861,8490,1399-10-10
258,زبينا,كشاورزي و دامپروري بينالود,2319,2343699,114044690604,49587,49409,47110,-2477,-5.0,48660,-927,-1.87,47108,51030,1399-10-10
259,سرو,صندوق س سروسودمند مدبران-سهام,2293,1748326,126995146800,73420,73460,71740,-1680,-2.29,72640,-780,-1.06,71630,73800,1399-10-10
260,هرمز,فولاد هرمزگان جنوب,2275,10115659,153805318687,15293,15011,14750,-543,-3.55,15205,-88,-0.58,14700,15590,1399-10-10
261,فبيرا,بسته‌ بندي‌ ايران‌,2261,25438669,107234499448,4415,4195,4195,-220,-4.98,4215,-200,-4.53,4195,4355,1399-10-10
262,آرمان,بيمه آرمان,2243,22881556,203526609614,8787,8530,9050,263,2.99,8895,108,1.23,8524,9050,1399-10-10
263,شپترو,پتروشيمي آبادان,2208,25811852,162385516300,6310,6155,6131,-179,-2.84,6291,-19,-0.3,6130,6393,1399-10-10
264,خمهر,مهركام‌پارس‌,2201,20288420,140436084120,7220,6950,6860,-360,-4.99,6920,-300,-4.16,6860,7200,1399-10-10
265,وهور,مديريت انرژي اميد  تابان هور,2186,3846053,164372007302,43338,44000,42320,-1018,-2.35,42738,-600,-1.38,42000,44500,1399-10-10
266,شكلر,نيروكلر,2143,2204079,136435016790,61260,63000,61400,140,0.23,61900,640,1.04,60800,63000,1399-10-10
267,ولبهمن,شركت بهمن ليزينگ,2142,16620992,152408944243,9576,9250,9098,-478,-4.99,9170,-406,-4.24,9098,9700,1399-10-10
268,كمند,صندوق س. با درآمد ثابت كمند,2137,90470183,917282859079,10134,10138,10140,6,0.06,10139,5,0.05,10137,10144,1399-10-10
269,سامان,بانك سامان,2128,22361252,257062084678,11821,11501,11467,-354,-2.99,11496,-325,-2.75,11467,11810,1399-10-10
270,دكوثر,داروسازي‌ كوثر,2118,4047254,106828898830,26530,27600,25700,-830,-3.13,26400,-130,-0.49,25210,27800,1399-10-10
271,تكنو,تكنوتار,2118,7099583,123111197720,16890,17530,17730,840,4.97,17340,450,2.66,16100,17730,1399-10-10
272,نطرين,عطرين نخ قم,2114,8266554,92922023452,11447,11610,10875,-572,-5.0,11241,-206,-1.8,10875,11883,1399-10-10
273,كساپا,سايپاشيشه‌,2110,4070245,162080010520,40550,41700,38530,-2020,-4.98,39820,-730,-1.8,38530,42400,1399-10-10
274,فسپا,گروه‌صنعتي‌سپاهان‌,2092,4170762,211490253540,50070,52000,49480,-590,-1.18,50710,640,1.28,48510,52570,1399-10-10
275,حتايد,تايدواترخاورميانه,2085,14105372,329584497370,24310,23650,23200,-1110,-4.57,23370,-940,-3.87,23100,24880,1399-10-10
276,رتاپ,تجارت الكترونيك  پارسيان,2080,8924713,65663941240,7340,7200,7330,-10,-0.14,7360,20,0.27,7080,7600,1399-10-10
277,چفيبر,فيبر ايران‌,2080,11938194,134897454950,10790,11200,11320,530,4.91,11300,510,4.73,10810,11320,1399-10-10
278,ولصنم,ليزينگ‌صنعت‌ومعدن‌,2078,10411978,97381288300,9770,9980,9310,-460,-4.71,9350,-420,-4.3,9290,9980,1399-10-10
279,امين يكم,صندوق درآمد ثابت امين يكم فردا,2051,71639789,728339639370,10163,10165,10169,6,0.06,10167,4,0.04,10159,10172,1399-10-10
280,سيلام,سيمان‌ ايلام‌,2034,11057735,116818143810,10850,11300,10310,-540,-4.98,10560,-290,-2.67,10310,11300,1399-10-10
281,ختراكح,ح . ريخته‌گري‌ تراكتورسازي‌,2022,8593754,119901049610,12910,12200,14200,1290,9.99,13950,1040,8.06,12200,14200,1399-10-10
282,رمپنا,گروه مپنا (سهامي عام),2013,7941420,144003513400,18510,18500,17700,-810,-4.38,18130,-380,-2.05,17590,18860,1399-10-10
283,فسازان,غلتك سازان سپاهان,2012,4543044,177581322200,38720,37910,38490,-230,-0.59,39090,370,0.96,37910,40300,1399-10-10
284,افرا,افرانت,1989,3547855,166636764386,45554,47790,47831,2277,5.0,46968,1414,3.1,44830,47831,1399-10-10
285,تنوينح,ح . تامين سرمايه نوين,1985,8755231,42579198894,4923,5000,4710,-213,-4.33,4863,-60,-1.22,4490,5018,1399-10-10
286,آ س پ,آ.س.پ,1980,8395248,102840704010,12303,12500,11950,-353,-2.87,12250,-53,-0.43,11720,12630,1399-10-10
287,توريل,توکاريل,1977,8058255,229192610973,29818,29040,28400,-1418,-4.76,28442,-1376,-4.61,28328,29500,1399-10-10
288,شسپا,نفت سپاهان,1974,7465056,188855282600,26360,26490,25050,-1310,-4.97,25300,-1060,-4.02,25050,26800,1399-10-10
289,وآوا,سرمايه گذاري آوا نوين,1970,18748477,154829902591,7992,8190,8391,399,4.99,8258,266,3.33,7810,8391,1399-10-10
290,دتماد,توليدمواداوليه‌داروپخش‌,1959,3769669,216399449430,59630,60390,56650,-2980,-5.0,57410,-2220,-3.72,56650,60470,1399-10-10
291,ارفع,شركت آهن و فولاد ارفع,1955,7752375,117915208874,15251,15400,14915,-336,-2.2,15210,-41,-0.27,14800,15650,1399-10-10
292,وگستر,گسترش سرمايه گذاري ايرانيان,1952,7852452,210762390608,25657,26935,26939,1282,5.0,26840,1183,4.61,25781,26939,1399-10-10
293,دكيمي,كيميدارو,1950,2505359,81482643700,32130,33110,31600,-530,-1.65,32520,390,1.21,31400,33120,1399-10-10
294,ورازي,بيمه رازي,1929,12343577,155933915040,13222,12561,12561,-661,-5.0,12633,-589,-4.45,12561,12928,1399-10-10
295,تيپيكو,سرمايه گذاري دارويي تامين,1916,3373192,193655799140,59050,58010,58990,-60,-0.1,57410,-1640,-2.78,56100,61520,1399-10-10
296,غشهد,شهد ايران ‌,1905,10351455,84052323020,8070,8200,7960,-110,-1.36,8120,50,0.62,7780,8460,1399-10-10
297,فجر,فولاد اميركبيركاشان,1903,2936888,191029873650,63180,64000,65100,1920,3.04,65040,1860,2.94,63590,66330,1399-10-10
298,زاگرس,پتروشيمي زاگرس,1897,1183717,258750189790,224929,217801,218000,-6929,-3.08,218591,-6338,-2.82,217710,230000,1399-10-10
299,مدير,ص.س.مديريت ثروت ص.بازنشستگي-س,1876,8290166,85246315701,10531,10460,10060,-471,-4.47,10283,-248,-2.35,10030,10600,1399-10-10
300,بايكا,كارخانجات كابلسازي ‌ايران‌,1875,2610436,143769973735,57679,54796,54796,-2883,-5.0,55075,-2604,-4.51,54796,56990,1399-10-10
301,شرانل,نفت ايرانول,1870,4868906,175660073839,37479,36150,35606,-1873,-5.0,36078,-1401,-3.74,35606,38000,1399-10-10
302,شوينده,مديريت صنعت شوينده ت.ص.بهشهر,1864,2629399,103844541310,38230,39060,38800,570,1.49,39490,1260,3.3,37230,40140,1399-10-10
303,سپ,پرداخت الكترونيك سامان كيش,1864,4004493,87204550740,22770,22250,21650,-1120,-4.92,21780,-990,-4.35,21640,22550,1399-10-10
304,ثنور,سرمايه گذاري كوه نور,1858,22211722,255987171063,11231,11500,11567,336,2.99,11525,294,2.62,11000,11567,1399-10-10
305,اميد,تامين سرمايه اميد,1857,10205432,110230657830,11270,10800,10710,-560,-4.97,10800,-470,-4.17,10710,11200,1399-10-10
306,ثباغ,شهر سازي و خانه سازي باغميشه,1856,4133587,92233323048,21535,21520,22120,585,2.72,22313,778,3.61,21000,22611,1399-10-10
307,پارسيان,بيمه پارسيان,1850,11573670,157608416500,13030,13550,13680,650,4.99,13620,590,4.53,13300,13680,1399-10-10
308,كطبس,ذغال‌سنگ‌ نگين‌ ط‌بس‌,1844,1835232,141745540740,78710,81000,77500,-1210,-1.54,77240,-1470,-1.87,75030,81000,1399-10-10
309,آگاس,صندوق س.هستي بخش آگاه-س,1839,1294553,94981898769,74619,74120,72510,-2109,-2.83,73370,-1249,-1.67,72370,74261,1399-10-10
310,حسير,ريل سير كوثر,1818,4569325,78077664717,17585,17300,16706,-879,-5.0,17087,-498,-2.83,16706,17760,1399-10-10
311,ثپرديس,سرمايه گذاري مسكن پرديس,1817,11059234,130837836164,11568,11550,11550,-18,-0.16,11831,263,2.27,11331,12050,1399-10-10
312,معيار,سرمايه گذاري معيار صنعت پارس,1805,2818683,107194553416,37757,39267,36247,-1510,-4.0,38030,273,0.72,36247,39267,1399-10-10
313,ميدكو,هلدينگ صنايع  معدني خاورميانه,1796,8196955,257244646440,31403,31410,31375,-28,-0.09,31383,-20,-0.06,31245,31700,1399-10-10
314,تاصيكو,سرمايه گذاري صدرتامين,1790,13388986,143282220110,11090,10880,10710,-380,-3.43,10700,-390,-3.52,10560,11180,1399-10-10
315,فسرب,ملي‌ سرب‌وروي‌ ايران‌,1788,916634,120448830930,130110,126800,131100,990,0.76,131400,1290,0.99,126800,134990,1399-10-10
316,دعبيد,لابراتوارداروسازي‌  دكترعبيدي‌,1783,2429712,80005418830,33860,34900,32170,-1690,-4.99,32930,-930,-2.75,32170,35000,1399-10-10
317,اتكاي,بيمه اتكايي ايرانيان,1779,9071635,169575941020,19439,19160,18470,-969,-4.98,18693,-746,-3.84,18468,19439,1399-10-10
318,سمازن,سيمان‌مازندران‌,1768,8668342,104777141000,12460,12650,11840,-620,-4.98,12090,-370,-2.97,11840,12960,1399-10-10
319,زكشت,كشاورزي مكانيزه اصفهان كشت,1759,4840847,196511580466,38959,40700,40903,1944,4.99,40594,1635,4.2,39000,40906,1399-10-10
320,گوهران,سرمايه گذاري توسعه گوهران اميد,1759,7344957,69894121783,9669,9380,9186,-483,-5.0,9516,-153,-1.58,9186,9970,1399-10-10
321,كهمدا,شيشه‌ همدان‌,1755,14118272,177704540200,12030,12300,12630,600,4.99,12590,560,4.66,12090,12630,1399-10-10
322,دابور,داروسازي‌ ابوريحان‌,1744,2299081,116288352410,51080,53000,48600,-2480,-4.86,50580,-500,-0.98,48530,53000,1399-10-10
323,كگاز,شيشه‌ و گاز,1744,3756852,90245863940,25210,23950,23950,-1260,-5.0,24020,-1190,-4.72,23950,24920,1399-10-10
324,وپترو,سرمايه‌گذاري صنايع پتروشيمي‌,1732,7117679,128309772090,17740,18400,17970,230,1.3,18030,290,1.63,17500,18610,1399-10-10
325,پارسان,گسترش نفت و گاز پارسيان,1726,10509461,242284236680,23260,22550,22630,-630,-2.71,23050,-210,-0.9,22550,23890,1399-10-10
326,لابسا,آبسال‌,1720,2605672,136736130110,50040,52500,52540,2500,5.0,52480,2440,4.88,51010,52540,1399-10-10
327,پاسا,ايران‌ياساتايرورابر,1720,4721677,130282565040,28010,28840,26860,-1150,-4.11,27590,-420,-1.5,26620,28840,1399-10-10
328,فپنتا,سپنتا,1713,421325,199695066240,456650,479450,479480,22830,5.0,473970,17320,3.79,434070,479480,1399-10-10
329,داروح,ح . كارخانجات‌داروپخش,1706,2463411,74809779510,30600,32000,29000,-1600,-5.23,30370,-230,-0.75,28630,32690,1399-10-10
330,وسكاب,س.ص.بازنشستگي كاركنان بانكها,1688,13704224,92083070330,6830,6700,6750,-80,-1.17,6720,-110,-1.61,6590,6890,1399-10-10
331,زشريف,كشت وصنعت شريف آباد,1677,3021751,87368665076,29433,28800,28300,-1133,-3.85,28913,-520,-1.77,28250,29940,1399-10-10
332,بورس,بورس اوراق بهادار تهران,1666,2539841,150915566610,60740,59210,58700,-2040,-3.36,59420,-1320,-2.17,58500,61160,1399-10-10
333,خاهن,آهنگري‌ تراكتورسازي‌ ايران‌,1661,9266358,371813745090,40360,40100,40110,-250,-0.62,40130,-230,-0.57,40010,40840,1399-10-10
334,دسبحان,سبحان دارو,1661,3328302,86190440520,26470,27730,25160,-1310,-4.95,25900,-570,-2.15,25150,27730,1399-10-10
335,شپديس,پتروشيمي پرديس,1650,3184287,323032190630,100750,99000,100250,-500,-0.5,101450,700,0.69,99000,104780,1399-10-10
336,غدشت,دشت‌ مرغاب‌,1630,572729,175893908120,292940,307580,305000,12060,4.12,307120,14180,4.84,299000,307580,1399-10-10
337,غشاذر,پگاه‌آذربايجان‌غربي‌,1618,4052436,95480913870,24460,24810,23240,-1220,-4.99,23560,-900,-3.68,23240,24810,1399-10-10
338,كهمداح,ح . شيشه‌ همدان‌,1611,7626211,78922229120,9820,10000,10350,530,5.4,10350,530,5.4,10000,10650,1399-10-10
339,غمينوح,ح . شركت صنايع غذايي مينو شرق,1610,5543390,60525647304,10476,10999,10810,334,3.19,10919,443,4.23,10617,10999,1399-10-10
340,كقزوي,شيشه‌ قزوين‌,1610,7155262,71235125097,9999,10290,9630,-369,-3.69,9956,-43,-0.43,9561,10400,1399-10-10
341,همراه,شركت ارتباطات سيار ايران,1608,4014920,128600503960,31880,31860,31190,-690,-2.16,32030,150,0.47,30880,33460,1399-10-10
342,شپارس,بين‌ المللي‌ محصولات‌  پارس‌,1600,4865306,104205793180,21870,22580,20780,-1090,-4.98,21420,-450,-2.06,20780,22580,1399-10-10
343,سخزر,سيمان‌ خزر,1593,3199329,113775370580,34480,36000,35100,620,1.8,35560,1080,3.13,34500,36200,1399-10-10
344,افق,فروشگاههاي زنجيره اي افق كوروش,1576,941285,77424938100,83010,82000,81900,-1110,-1.34,82420,-590,-0.71,81600,83700,1399-10-10
345,غشان,شيرپاستوريزه‌پگاه‌خراسان‌,1572,7398589,58516459950,8210,8200,7800,-410,-4.99,7910,-300,-3.65,7800,8200,1399-10-10
346,وليز,ليزينگ‌ايران‌,1568,10281326,89829457870,9120,9000,8680,-440,-4.82,8740,-380,-4.17,8670,9090,1399-10-10
347,قشير,قند شيروان قوچان و بجنورد,1568,2591679,81971800390,31976,32430,30960,-1016,-3.18,31629,-347,-1.09,30700,32574,1399-10-10
348,دلقما,دارويي‌ لقمان‌,1562,2239467,70582952350,32560,31800,30940,-1620,-4.98,31520,-1040,-3.19,30940,33800,1399-10-10
349,ركيش,كارت اعتباري ايران كيش,1554,5823853,119797933640,19810,19930,20290,480,2.42,20570,760,3.84,19930,20800,1399-10-10
350,خديزل,بهمن  ديزل,1542,3937966,227138559683,56868,58480,56142,-726,-1.28,57679,811,1.43,55110,59711,1399-10-10
351,لوتوس,تامين سرمايه لوتوس پارسيان,1529,6490800,93054629690,14720,15020,14030,-690,-4.69,14340,-380,-2.58,14000,15200,1399-10-10
352,وصنا,گروه‌صنايع‌بهشهرايران‌,1524,15060679,135647912540,9390,9250,8930,-460,-4.9,9010,-380,-4.05,8930,9710,1399-10-10
353,وسپه,سرمايه‌گذاري‌ سپه‌,1524,9274782,134648216000,14300,14220,14570,270,1.89,14520,220,1.54,14220,14670,1399-10-10
354,واتي,سرمايه‌ گذاري‌ آتيه‌ دماوند,1514,7302860,97916666470,13890,13830,13230,-660,-4.75,13410,-480,-3.46,13200,14070,1399-10-10
355,سخاش,سيمان‌خاش‌,1508,937002,116448783500,118390,124300,124300,5910,4.99,124280,5890,4.98,121900,124300,1399-10-10
356,حپارسا,توسعه حمل و نقل ريلي پارسيان,1506,3068466,119383327307,37989,36800,38300,311,0.82,38907,918,2.42,36350,39888,1399-10-10
357,دارو,كارخانجات‌داروپخش‌,1495,2146630,69991065990,33520,34590,31850,-1670,-4.98,32610,-910,-2.71,31850,34590,1399-10-10
358,سشمال,سيمان‌ شمال‌,1479,5940418,66646040820,10780,11170,11210,430,3.99,11220,440,4.08,10780,11310,1399-10-10
359,شگل,گلتاش‌,1470,3437421,97242903850,28040,28390,28390,350,1.25,28290,250,0.89,27250,29140,1399-10-10
360,دكپسول,توليد ژلاتين كپسول ايران,1469,1765291,83286491716,47721,48219,45751,-1970,-4.13,47180,-541,-1.13,45335,49629,1399-10-10
361,حبندر,دريايي و کشتيراني خط دريابندر,1463,2918649,94239746755,31607,32393,31000,-607,-1.92,32289,682,2.16,30810,32555,1399-10-10
362,فايرا,آلومينيوم‌ايران‌,1453,4426295,115786096810,25010,24850,26260,1250,5.0,26160,1150,4.6,24850,26260,1399-10-10
363,وثنو,سرمايه گذاري ساختماني نوين,1452,4957028,91613572023,18257,18800,18255,-2,-0.01,18482,225,1.23,17610,18990,1399-10-10
364,پخش,پخش البرز,1440,1550970,69733544740,45308,47300,43740,-1568,-3.46,44961,-347,-0.77,43111,47300,1399-10-10
365,ثتران,سرمايه گذاري مسكن تهران,1436,14688763,77434351071,5424,5438,5153,-271,-5.0,5272,-152,-2.8,5153,5680,1399-10-10
366,ددام,داروسازي زاگرس فارمد پارس,1428,3655585,60372869210,16910,17430,16070,-840,-4.97,16520,-390,-2.31,16070,17430,1399-10-10
367,خوساز,محورسازان‌ايران‌خودرو,1419,9424084,76946022860,8480,8480,8060,-420,-4.95,8160,-320,-3.77,8060,8500,1399-10-10
368,بالاس,مهندسي ساختمان تاسيسات راه آهن,1407,1696123,87995274481,53405,52850,50735,-2670,-5.0,51880,-1525,-2.86,50735,54700,1399-10-10
369,پرديس,سرمايه گذاري پرديس,1382,8487284,62324218760,7560,7600,7280,-280,-3.7,7340,-220,-2.91,7190,7690,1399-10-10
370,سكرد,سيمان كردستان,1379,6856396,62747694370,9160,9000,8780,-380,-4.15,9150,-10,-0.11,8720,9500,1399-10-10
371,وبيمه,سرمايه‌ گذاري‌ صنعت‌ بيمه‌,1375,14036048,46063448780,3380,3310,3220,-160,-4.73,3280,-100,-2.96,3220,3450,1399-10-10
372,قمرو,قند مرودشت‌,1372,2100807,63646242850,30350,29010,31650,1300,4.28,30300,-50,-0.16,28840,31860,1399-10-10
373,بساما,بيمه سامان,1359,3186675,92512327886,29748,29010,28261,-1487,-5.0,29031,-717,-2.41,28261,30370,1399-10-10
374,اعتماد,صندوق س.اعتماد آفرين پارسيان-د,1353,39932000,1362179362260,34072,34079,34120,48,0.14,34112,40,0.12,34079,34123,1399-10-10
375,دالبر,البرزدارو,1338,3784326,87967057350,24030,24960,22830,-1200,-4.99,23250,-780,-3.25,22830,24960,1399-10-10
376,تنوين,تامين سرمايه نوين,1331,9010358,60414199790,6840,6900,6610,-230,-3.36,6700,-140,-2.05,6500,7040,1399-10-10
377,ارزش,صندوق س ارزش آفرين بيدار-سهام,1294,7555981,80264279370,10770,10680,10520,-250,-2.32,10620,-150,-1.39,10500,10850,1399-10-10
378,كاذرح,ح . فرآورده‌هاي‌نسوزآذر,1289,4051474,90609213620,21560,20610,22250,690,3.2,22360,800,3.71,20610,23000,1399-10-10
379,شجم,صنايع پتروشيمي تخت جمشيد,1283,15879182,183431484393,11799,12060,11446,-353,-2.99,11552,-247,-2.09,11446,12060,1399-10-10
380,شراز,پالايش نفت شيراز,1275,1157824,134315181372,112312,110150,112800,488,0.43,116007,3695,3.29,106697,117927,1399-10-10
381,ثشرق,سرمايه گذاري مسكن شمال شرق,1272,12079659,76703778340,6220,6100,6200,-20,-0.32,6350,130,2.09,6100,6510,1399-10-10
382,سرچشمه,سرمايه گذاري مس سرچشمه,1257,8089983,61481716226,7838,7810,7447,-391,-4.99,7600,-238,-3.04,7447,7830,1399-10-10
383,سفار,سيمان‌فارس‌,1253,1063423,134631535460,120590,126610,126610,6020,4.99,126600,6010,4.98,126000,126610,1399-10-10
384,كشرق,صنعتي و معدني شمال شرق شاهرود,1248,1203887,98644784923,83305,84200,85240,1935,2.32,81939,-1366,-1.64,79140,85500,1399-10-10
385,كويرح,ح. توليدي فولاد سپيد فراب كوير,1246,8516787,148918892890,17570,19330,18000,430,2.45,17490,-80,-0.46,17200,19330,1399-10-10
386,دتوزيعح,ح . توزيع دارو پخش,1243,3547132,120934375506,32515,34140,34140,1625,5.0,34094,1579,4.86,33001,34140,1399-10-10
387,تايرا,تراكتورسازي‌ايران‌,1238,7783665,285634487840,36930,37300,36970,40,0.11,36700,-230,-0.62,35110,37600,1399-10-10
388,ما,بيمه  ما,1235,9037268,80192687140,8990,8990,8700,-290,-3.23,8870,-120,-1.33,8600,9200,1399-10-10
389,شبهرن,نفت‌ بهران‌,1221,1638259,91625219720,56190,55930,56000,-190,-0.34,55930,-260,-0.46,54500,57980,1399-10-10
390,وبشهر,توسعه‌ صنايع‌ بهشهر(هلدينگ,1212,4792485,80491125860,17450,17020,16580,-870,-4.99,16800,-650,-3.72,16580,17800,1399-10-10
391,شدوص,دوده‌ صنعتي‌ پارس‌,1208,5243528,129339983130,23580,23570,24750,1170,4.96,24670,1090,4.62,23010,24750,1399-10-10
392,وپسا,س. پتروشيمي ساختمان  خليج فارس,1202,13113679,48591051393,3823,3700,3632,-191,-5.0,3705,-118,-3.09,3632,3820,1399-10-10
393,زنگان,صنعت روي زنگان,1197,745878,77615927806,109412,103942,103942,-5470,-5.0,104060,-5352,-4.89,103942,106814,1399-10-10
394,خموتور,موتورسازان‌تراكتورسازي‌ايران‌,1193,9399188,175611160300,17800,18690,18690,890,5.0,18680,880,4.94,18070,18690,1399-10-10
395,كي بي سي,شركت كي بي سي,1188,2306123,94228336590,42709,43500,40574,-2135,-5.0,40860,-1849,-4.33,40574,43500,1399-10-10
396,شاراك,پتروشيمي شازند,1177,4016955,96667177160,24170,23600,23960,-210,-0.87,24060,-110,-0.46,23600,25290,1399-10-10
397,فخاس,فولاد خراسان,1148,1913323,58983118350,32270,30750,30660,-1610,-4.99,31410,-860,-2.67,30660,32000,1399-10-10
398,وآرين,شركت توسعه اقتصادي آرين,1147,10259836,51337158070,5148,5020,5000,-148,-2.87,5004,-144,-2.8,4994,5160,1399-10-10
399,كرماشا,صنايع پتروشيمي كرمانشاه,1142,2777712,117534856610,41310,41900,42130,820,1.98,42310,1000,2.42,41200,42990,1399-10-10
400,بخاور,بيمه زندگي خاورميانه,1141,5298201,47699401818,8913,9300,8550,-363,-4.07,9003,90,1.01,8510,9300,1399-10-10
401,ساروم,سيمان‌اروميه‌,1132,2543670,69915745600,28400,29480,27000,-1400,-4.93,27490,-910,-3.2,26980,29480,1399-10-10
402,سغرب,سيمان‌غرب‌,1123,3503192,82357977950,22520,23630,23400,880,3.91,23510,990,4.4,22870,23640,1399-10-10
403,كيميا,معدني كيمياي زنجان گستران,1120,3059144,120856549644,37850,36500,39742,1892,5.0,39507,1657,4.38,36500,39742,1399-10-10
404,وكار,بانك‌ كارآفرين‌,1113,15006447,46357225930,3240,3110,3080,-160,-4.94,3090,-150,-4.63,3080,3210,1399-10-10
405,غبشهر,صنعتي‌ بهشهر,1107,2862851,77373370770,27090,27750,26950,-140,-0.52,27030,-60,-0.22,26200,27850,1399-10-10
406,كمينا,شيشه سازي مينا,1105,2323898,77406163708,34776,33733,33038,-1738,-5.0,33309,-1467,-4.22,33038,35599,1399-10-10
407,قزوين,كارخانجات‌ قند قزوين‌,1101,1998944,81990820280,42960,42980,40820,-2140,-4.98,41020,-1940,-4.52,40820,42980,1399-10-10
408,ساينا,صنايع بهداشتي ساينا,1098,475314,99750285983,211144,217000,205004,-6140,-2.91,209862,-1282,-0.61,200700,217500,1399-10-10
409,زماهان,مجتمع توليد گوشت مرغ ماهان,1097,1534025,45379768953,28373,28400,29791,1418,5.0,29438,1065,3.75,28400,29791,1399-10-10
410,فلوله,لوله‌وماشين‌سازي‌ايران‌,1095,3050600,72931363100,24540,24400,23450,-1090,-4.44,23910,-630,-2.57,23320,25000,1399-10-10
411,خودكفا,اقتصادي و خودكفايي آزادگان,1087,1261752,54588438528,44602,43264,43264,-1338,-3.0,43643,-959,-2.15,43264,43264,1399-10-10
412,ثامان,سامان‌ گستراصفهان‌,1076,3257314,65099764120,20680,20240,19650,-1030,-4.98,19990,-690,-3.34,19650,21000,1399-10-10
413,ثتوسا,س.توسعه و عمران استان اردبيل,1057,1312508,61195685500,45267,46625,46625,1358,3.0,46625,1358,3.0,46625,46625,1399-10-10
414,شفن,پتروشيمي فناوران,1054,384668,115021268080,302000,300000,299890,-2110,-0.7,299010,-2990,-0.99,290000,315190,1399-10-10
415,ثنظام,س. ساختماني نظام مهندسي ايران,1054,1670548,73858622296,42981,43590,44260,1279,2.98,44212,1231,2.86,43410,44270,1399-10-10
416,ضخود2007,اختيارخ خودرو-3000-1400/02/08,1049,43384,29936897000,789,910,660,-129,-16.35,690,-99,-12.55,640,910,1399-10-10
417,پكرمان,گروه‌ صنعتي‌ بارز,1041,3128210,102458825830,33010,33000,31980,-1030,-3.12,32750,-260,-0.79,31610,34000,1399-10-10
418,درازك,دارويي‌ رازك‌,1035,1568885,78438777090,50570,51510,50180,-390,-0.77,50000,-570,-1.13,48800,51860,1399-10-10
419,پسهند,صنايع‌ لاستيكي‌  سهند,1031,1125856,56025773620,49130,49130,47800,-1330,-2.71,49760,630,1.28,47100,51300,1399-10-10
420,كمرجان,بازرگاني و توليدي مرجان كار,1028,981787,92326199554,89578,94056,94056,4478,5.0,94039,4461,4.98,92906,94056,1399-10-10
421,كاسپين,داروسازي كاسپين تامين,1021,1454232,43367793519,29908,31403,28413,-1495,-5.0,29832,-76,-0.25,28413,31403,1399-10-10
422,ثاصفا,شركت‌ ساختمان‌ اصفهان‌,1020,3452708,112638854970,33604,32596,32596,-1008,-3.0,32623,-981,-2.92,32596,33600,1399-10-10
423,اتكام,شركت بيمه اتكايي امين,1016,9143660,59397139497,6779,6661,6441,-338,-4.99,6496,-283,-4.17,6441,6705,1399-10-10
424,شاوان,پالايش نفت لاوان,998,681171,68328168690,104993,100800,99744,-5249,-5.0,100310,-4683,-4.46,99744,105000,1399-10-10
425,وخاور,بانك خاورميانه,977,7664201,74617732080,9700,9800,9750,50,0.52,9740,40,0.41,9460,10140,1399-10-10
426,چافست,افست‌,955,1692479,37460803850,22770,21900,21640,-1130,-4.96,22290,-480,-2.11,21640,23200,1399-10-10
427,غپاك,لبنيات‌ پاك‌,953,3267632,50031327430,15920,15840,15130,-790,-4.96,15310,-610,-3.83,15130,15840,1399-10-10
428,هجرت,پخش هجرت,942,1967708,71678240763,37938,38950,36042,-1896,-5.0,36427,-1511,-3.98,36042,38950,1399-10-10
429,سخوز,سيمان خوزستان,933,2923220,69652621690,24510,24000,23500,-1010,-4.12,23830,-680,-2.77,23470,25150,1399-10-10
430,غپونه,نوش پونه مشهد,923,1720856,33486036017,19143,19680,19600,457,2.39,19459,316,1.65,18630,19717,1399-10-10
431,وايرا,سرمايه گذاري صنايع ايران,922,6680126,73171535878,10789,10798,11112,323,2.99,10954,165,1.53,10510,11112,1399-10-10
432,شمواد,توليد مواداوليه الياف مصنوعي,918,1340770,76783440226,55904,54800,57100,1196,2.14,57268,1364,2.44,54228,57581,1399-10-10
433,شخارك,پتروشيمي‌ خارك‌,918,1772490,82575363200,46080,46980,46530,450,0.98,46510,430,0.93,44500,48300,1399-10-10
434,پارتا,مجتمع‌صنعتي‌آرتاويل‌تاير,916,2688380,177078091311,63988,65500,65907,1919,3.0,65868,1880,2.94,62501,65907,1399-10-10
435,كپرور,فرآوري زغال سنگ پروده طبس,914,1655343,79323485153,50176,47920,47668,-2508,-5.0,47920,-2256,-4.5,47668,50000,1399-10-10
436,وتوسم,سرمايه‌گذاري‌توسعه‌ملي‌,912,3085191,42017518200,13690,14000,13460,-230,-1.68,13630,-60,-0.44,13210,14000,1399-10-10
437,هجرتح,ح . پخش هجرت,911,1603051,51511190196,33737,32200,32051,-1686,-5.0,32133,-1604,-4.75,32051,34380,1399-10-10
438,كتوكاح,ح.توليدي وخدمات صنايع نسوزتوكا,906,1864864,49602338775,26388,26750,26210,-178,-0.67,26598,210,0.8,25700,27027,1399-10-10
439,بالبر,كابل‌ البرز,885,1683649,57173507430,32380,33970,33990,1610,4.97,33870,1490,4.6,32920,33990,1399-10-10
440,خاور,ايران خودرو ديزل,871,9584459,78755499603,7978,8217,8217,239,3.0,8217,239,3.0,8217,8217,1399-10-10
441,داسوه,داروسازي‌ اسوه‌,871,1534393,48639792000,32670,33000,31040,-1630,-4.99,31710,-960,-2.94,31040,33600,1399-10-10
442,كنور,توسعه معدني و صنعتي صبانور,864,1245595,59227628670,48100,48900,46550,-1550,-3.22,47550,-550,-1.14,46510,49310,1399-10-10
443,دسبحا,گروه دارويي سبحان,864,2165577,51262602600,24350,24340,23140,-1210,-4.97,23670,-680,-2.79,23140,25230,1399-10-10
444,تابا,تابان نيرو سپاهان,861,1239140,48312771097,37878,39014,39000,1122,2.96,38989,1111,2.93,38073,39014,1399-10-10
445,بهپاك,صنعتي بهپاك,842,989370,47022570832,48939,50000,46493,-2446,-5.0,47552,-1387,-2.83,46493,50300,1399-10-10
446,كيان,صندوق س. با درآمد ثابت كيان,838,23101521,612680117157,26509,26522,26526,17,0.06,26521,12,0.05,26509,26527,1399-10-10
447,خمحور,توليدمحورخودرو,831,865805,68349982700,78690,78440,75700,-2990,-3.8,78940,250,0.32,75000,82500,1399-10-10
448,وسنا,سرمايه گذاري نيروگاهي ايران,828,4863379,84052754876,16636,16403,16800,164,0.99,17283,647,3.89,16400,17467,1399-10-10
449,جم,پتروشيمي جم,828,3866823,185193684170,48010,47370,47120,-890,-1.85,47890,-120,-0.25,46800,49490,1399-10-10
450,كفرآور,فرآورده هاي سيمان شرق,828,2498782,64262517154,25054,25200,25805,751,3.0,25718,664,2.65,25110,25805,1399-10-10
451,مبين,مبين انرژي خليج فارس,826,3813791,62196149880,16030,16430,15990,-40,-0.25,16170,140,0.87,15850,16700,1399-10-10
452,ولملت,واسپاري ملت,821,4100015,41347959920,10080,10190,9860,-220,-2.18,10080,0,0.0,9750,10500,1399-10-10
453,كفرا,فراورده‌ هاي‌ نسوزايران‌,820,547774,36268356320,65940,68380,63800,-2140,-3.25,66130,190,0.29,63320,68400,1399-10-10
454,بفجر,فجر انرژي خليج فارس,818,2421353,68382630090,27930,28300,28300,370,1.32,28220,290,1.04,27200,29300,1399-10-10
455,حپترو,حمل و نقل پتروشيمي( سهامي عام,812,1197121,43502581100,34850,36500,36590,1740,4.99,35990,1140,3.27,34860,36590,1399-10-10
456,دروز,داروسازي‌ روزدارو,805,1965740,39735446570,19270,20220,20230,960,4.98,19980,710,3.68,19800,20230,1399-10-10
457,ثجوان,تامين مسكن جوانان,788,7376492,102532031177,13249,13911,13911,662,5.0,13900,651,4.91,13500,13911,1399-10-10
458,ساربيل,سيمان آرتا اردبيل,785,932835,41647561760,46820,45500,44480,-2340,-5.0,44790,-2030,-4.34,44480,47300,1399-10-10
459,شبصير,توليدات پتروشيمي قائد بصير,778,643381,75966604152,121154,119000,115120,-6034,-4.98,118074,-3080,-2.54,115110,122000,1399-10-10
460,لبوتان,گروه‌صنعتي‌بوتان‌,774,452770,43026292540,99870,96000,94880,-4990,-5.0,95030,-4840,-4.85,94880,98720,1399-10-10
461,سكرما,سيمان‌ كرمان‌,773,2649167,51607733460,20390,19500,19380,-1010,-4.95,19480,-910,-4.46,19380,20940,1399-10-10
462,پارس,پتروشيمي پارس,773,1223716,197294852080,161810,158200,160000,-1810,-1.12,161230,-580,-0.36,158040,166000,1399-10-10
463,سخواف,سيمان مجد خواف,767,4851796,80530751968,16125,16608,16608,483,3.0,16598,473,2.93,16010,16608,1399-10-10
464,قلرست,قند لرستان‌,766,1609946,44180809100,28350,28750,26940,-1410,-4.97,27600,-750,-2.65,26940,28750,1399-10-10
465,حخزر,كشتيراني درياي خزر,765,1930442,55625920900,29697,31000,28213,-1484,-5.0,28844,-853,-2.87,28213,31000,1399-10-10
466,فنفت,صنايع تجهيزات نفت,755,2816480,56913179876,19992,20500,20591,599,3.0,20207,215,1.08,19393,20591,1399-10-10
467,آوا,صندوق س.سهام آواي معيار-س,751,6535529,55654322294,8668,8605,8510,-158,-1.82,8516,-152,-1.75,8210,8648,1399-10-10
468,اوان,مبين وان كيش,734,1147662,56680995647,51024,49100,48473,-2551,-5.0,49388,-1636,-3.21,48473,51900,1399-10-10
469,جم پيلن,پلي پروپيلن جم - جم پيلن,728,896440,74904348780,82880,84460,84000,1120,1.35,83560,680,0.82,81930,86300,1399-10-10
470,وتوشه,سرمايه‌ گذاري‌ پارس‌ توشه‌,726,1494965,35529557050,24130,23990,23550,-580,-2.4,23870,-260,-1.08,23030,24220,1399-10-10
471,شيراز,پتروشيمي‌شيراز,723,2042666,119938437880,59160,56220,58900,-260,-0.44,58720,-440,-0.74,56210,60770,1399-10-10
472,ساراب,سيمان‌ داراب‌,723,2211823,30856385510,13930,14550,13430,-500,-3.59,13940,10,0.07,13430,14550,1399-10-10
473,وزمين,بانك ايران زمين,715,5612193,68617637166,12304,12550,12250,-54,-0.44,12227,-77,-0.63,12058,12550,1399-10-10
474,خراسان,پتروشيمي خراسان,707,1864063,132638406710,72840,74300,72000,-840,-1.15,71160,-1680,-2.31,69350,76300,1399-10-10
475,خكمك,كمك‌فنرايندامين‌,701,2025798,88547630580,41630,43710,43710,2080,5.0,43710,2080,5.0,43710,43710,1399-10-10
476,مداران,داده‌پردازي‌ايران‌,699,1489376,37914451150,26660,26120,25330,-1330,-4.99,25670,-990,-3.71,25330,26970,1399-10-10
477,سهگمت,سيمان‌هگمتان‌,686,1287579,33280993340,25710,25000,24960,-750,-2.92,25800,90,0.35,24510,26780,1399-10-10
478,غپآذر,شير پگاه آذربايجان شرقي,682,866349,51498598908,61867,59500,58774,-3093,-5.0,59443,-2424,-3.92,58774,62560,1399-10-10
479,سرود,سيمان‌شاهرود,680,1671397,30645017150,18580,18700,17760,-820,-4.41,18420,-160,-0.86,17760,19380,1399-10-10
480,غالبر,لبنيات‌ كالبر,678,3241531,45189449590,14390,14400,13680,-710,-4.93,13970,-420,-2.92,13680,14400,1399-10-10
481,طلا,صندوق س.پشتوانه طلاي لوتوس,677,238418,19625845305,83139,83297,82040,-1099,-1.32,82317,-822,-0.99,82001,83297,1399-10-10
482,واعتبار,سرمايه گذاري اعتبار ايران,674,4065246,29910267490,7240,7400,7250,10,0.14,7310,70,0.97,6980,7590,1399-10-10
483,واميد,گروه مديريت سرمايه گذاري اميد,672,3340113,130619536240,38280,39150,39160,880,2.3,39110,830,2.17,37740,39900,1399-10-10
484,كخاك,صنايع‌خاك‌چيني‌ايران‌,668,669208,34755183680,54020,53780,52350,-1670,-3.09,52370,-1650,-3.05,51320,54000,1399-10-10
485,دپارس,پارس‌ دارو,659,337829,35867754570,107950,112000,102560,-5390,-4.99,106510,-1440,-1.33,102560,112810,1399-10-10
486,دفرا,فرآورده‌هاي‌ تزريقي‌ ايران‌,654,1512117,42609756820,29540,30000,28070,-1470,-4.98,28340,-1200,-4.06,28070,30000,1399-10-10
487,غفارس,شير پاستوريزه پگاه فارس,650,3935089,52357303718,13943,13400,13246,-697,-5.0,13305,-638,-4.58,13246,13850,1399-10-10
488,شكبير,پتروشيمي اميركبير,649,2969318,237034873700,81945,80000,80000,-1945,-2.37,79828,-2117,-2.58,79487,81980,1399-10-10
489,ولانا,شركت ليزينگ آريا دانا,648,1468556,41201588874,28659,29300,27800,-859,-3.0,28056,-603,-2.1,27800,29300,1399-10-10
490,وثوق,سرمايه گذاري وثوق امين,643,1845973,30445632689,16013,16493,16493,480,3.0,16493,480,3.0,16493,16493,1399-10-10
491,ثاباد,توريستي ورفاهي آبادگران ايران,638,1340686,59177183130,42290,44200,44400,2110,4.99,44140,1850,4.37,42580,44400,1399-10-10
492,سدبير,س. تدبيرگران فارس وخوزستان,631,2571497,142868838995,53331,55857,55997,2666,5.0,55559,2228,4.18,54242,55997,1399-10-10
493,وملت,سرمايه گذاري ملت,624,7191985,30275702386,4276,4290,4191,-85,-1.99,4210,-66,-1.54,4191,4360,1399-10-10
494,تشتاد,صنايع توليدي اشتاد ايران‌,617,2991678,45341323823,15050,14600,15200,150,1.0,15156,106,0.7,14599,15501,1399-10-10
495,فزرين,زرين معدن آسيا,599,3102356,67234259232,20640,21672,21672,1032,5.0,21672,1032,5.0,21672,21672,1399-10-10
496,پرداخت,به پرداخت ملت,598,5052865,163561240050,30830,32370,32370,1540,5.0,32370,1540,5.0,32370,32370,1399-10-10
497,كاريس,صندوق س.سپهر كاريزما-س,579,4799221,61126093097,12906,12860,12600,-306,-2.37,12737,-169,-1.31,12600,12860,1399-10-10
498,غگلپا,شير پاستوريزه پگاه گلپايگان,573,403223,28655916624,72347,71000,70142,-2205,-3.05,71532,-815,-1.13,70000,72999,1399-10-10
499,دسينا,داروسازي‌ سينا,570,970899,29693128180,31110,32200,29710,-1400,-4.5,30780,-330,-1.06,29560,32200,1399-10-10
500,سفانو,سيمان فارس نو,568,1252987,41416800400,34160,32800,32490,-1670,-4.89,33180,-980,-2.87,32460,34180,1399-10-10
501,افران,صندوق س افرا نماد پايدار-ثابت,564,25176462,310980285405,12366,12360,12374,8,0.06,12352,-14,-0.11,12340,12377,1399-10-10
502,لخانه,لوازم‌ خانگي‌ پارس‌,560,537530,26613993551,50983,50667,49454,-1529,-3.0,49512,-1471,-2.89,49454,50667,1399-10-10
503,زر,صندوق س.پشتوانه سكه طلاي زر,556,934233,44218844890,47502,48000,46960,-542,-1.14,47332,-170,-0.36,46954,48000,1399-10-10
504,شپاس,نفت پاسارگاد,549,1131780,24430259481,22326,21630,21280,-1046,-4.69,21925,-401,-1.8,21240,22560,1399-10-10
505,غشصفا,شيرپاستوريزه‌پگاه‌اصفهان‌,544,1151327,34501468460,30420,29500,29450,-970,-3.19,30080,-340,-1.12,29450,31080,1399-10-10
506,خلنت,لنت‌ ترمزايران‌,542,658699,64144181020,93670,91310,98350,4680,5.0,97380,3710,3.96,89870,98350,1399-10-10
507,وصندوق,سرمايه‌گذاري‌صندوق‌بازنشستگي‌,536,2837259,43162086820,15480,15160,15160,-320,-2.07,15380,-100,-0.65,15100,15500,1399-10-10
508,قشهد,شهد,534,697744,22910661630,34230,32650,32520,-1710,-5.0,33610,-620,-1.81,32520,33800,1399-10-10
509,كاردان,صندوق س تجارت شاخصي كاردان,532,329488,56384882180,173180,172340,170800,-2380,-1.37,171130,-2050,-1.18,168530,175810,1399-10-10
510,وگردش,بانك گردشگري,528,3946819,93807993992,23076,23768,23768,692,3.0,23632,556,2.41,23768,23768,1399-10-10
511,وآيند,بانك  آينده,526,7853610,162067095960,21057,20636,20636,-421,-2.0,20636,-421,-2.0,20636,20636,1399-10-10
512,مفاخر,توسعه فناوري اطلاعات خوارزمي,504,1108388,47360687368,44339,45000,42123,-2216,-5.0,42806,-1533,-3.46,42123,45000,1399-10-10
513,بسويچ,پارس‌سويچ‌,483,672360,31289303260,48800,47570,46370,-2430,-4.98,47220,-1580,-3.24,46360,47700,1399-10-10
514,سبجنو,سيمان‌ بجنورد,476,755824,29148517620,38450,36600,38500,50,0.13,38520,70,0.18,36600,39780,1399-10-10
515,سهرمز,سيمان‌هرمزگان‌,473,1252587,28819007770,22750,23300,23150,400,1.76,22890,140,0.62,22200,23300,1399-10-10
516,نمرينو,ايران‌ مرينوس‌,464,513342,29311124620,59090,56180,56140,-2950,-4.99,57880,-1210,-2.05,56140,58750,1399-10-10
517,گكيش,توريستي ورفاهي آبادگران كيش,452,476150,28274564672,57938,59676,59676,1738,3.0,59382,1444,2.49,56301,59676,1399-10-10
518,سلار,شركت سيمان لارستان,448,750225,39364830414,50945,52473,52473,1528,3.0,52471,1526,3.0,51800,52473,1399-10-10
519,ثعتما,س. ساختماني اعتماد گستر,431,1188719,62619804529,51237,52770,52774,1537,3.0,52678,1441,2.81,49900,52774,1399-10-10
520,ولتجار,واسپاري تجارت وسرمايه ايرانيان,426,4623808,40232560053,8452,8705,8705,253,2.99,8701,249,2.95,8561,8705,1399-10-10
521,نيرو,نيرو سرمايه,426,295383,17383437251,58188,59920,58500,312,0.54,58773,585,1.01,56710,59930,1399-10-10
522,شساخت,مهندسي و ساختمان صنايع نفت,417,938843,40503098811,44107,42900,42785,-1322,-3.0,43207,-900,-2.04,42784,44980,1399-10-10
523,فيروزه,صندوق شاخص30 شركت فيروزه- سهام,417,198231,33241469050,170500,169050,166720,-3780,-2.22,167690,-2810,-1.65,166710,172000,1399-10-10
524,دارا,صندوق س. دارا الگوريتم-د,406,17113065,172059795973,10043,10050,10051,8,0.08,10054,11,0.11,10050,10062,1399-10-10
525,لخزر,پارس‌ خزر,404,67137,13784803600,212050,207660,206460,-5590,-2.64,210070,-1980,-0.93,201500,211920,1399-10-10
526,تسه9909,امتياز تسهيلات مسكن آذر99,393,4725,2704056111,545201,536100,572461,27260,5.0,572287,27086,4.97,536100,572461,1399-10-10
527,فسا,پتروشيمي فسا,393,6160610,14041190010,2347,2300,2277,-70,-2.98,2293,-54,-2.3,2277,2300,1399-10-10
528,قهكمت,قندهكمتان‌,392,301212,14954374680,52000,49410,49400,-2600,-5.0,51280,-720,-1.38,49400,51000,1399-10-10
529,لپيام,گسترش صنايع پيام,390,967086,35451438588,35591,36658,36658,1067,3.0,36658,1067,3.0,36658,36658,1399-10-10
530,وپخش,داروپخش‌ (هلدينگ‌,388,163939,21320018640,133850,136000,127160,-6690,-5.0,132060,-1790,-1.34,127160,136000,1399-10-10
531,دشيري,شيرين دارو,385,195403,35529684333,176556,181852,181852,5296,3.0,181828,5272,2.99,180000,181852,1399-10-10
532,دتوزيع,توزيع دارو پخش,383,1458702,51667224840,33734,35420,35420,1686,5.0,35215,1481,4.39,35420,35420,1399-10-10
533,پارند,صندوق س. پارند پايدار سپهر,383,898465617,10230030261507,11390,11372,11419,29,0.25,11386,-4,-0.04,11372,11426,1399-10-10
534,سيستم,همكاران سيستم,381,878336,29368706100,33510,34200,32660,-850,-2.54,33470,-40,-0.12,32130,34200,1399-10-10
535,گشان,توسعه بين المللي پديده شانديز,350,291503,17797424162,62300,61054,61054,-1246,-2.0,61689,-611,-0.98,61054,61054,1399-10-10
536,خفنر,فنرسازي‌خاور,348,926086,20679500380,21270,22330,22330,1060,4.98,21680,410,1.93,22330,22330,1399-10-10
537,مارون,پتروشيمي مارون,347,138864,21058727331,152412,153000,150000,-2412,-1.58,152246,-166,-0.11,146255,155000,1399-10-10
538,پلاست,كارخانجات توليدي پلاستيران,346,343866,17824294110,49367,51835,51835,2468,5.0,51279,1912,3.87,51835,51835,1399-10-10
539,اطلس,صندوق س.توسعه اندوخته آينده-س,346,267527,56968095596,213838,215000,212015,-1823,-0.85,212943,-895,-0.42,212003,215000,1399-10-10
540,ياقوت,صندوق س ياقوت آگاه-ثابت,337,7458402,87172354968,11666,11670,11688,22,0.19,11688,22,0.19,11670,11688,1399-10-10
541,قپيرا,فرآورده‌هاي‌غدايي‌وقندپيرانشهر,337,258789,27461595390,101070,106120,106120,5050,5.0,103460,2390,2.36,105000,106120,1399-10-10
542,لازما,كارخانه هاي صنعتي آزمايش,333,649156,17054626432,26808,26272,26272,-536,-2.0,26272,-536,-2.0,26272,26272,1399-10-10
543,فلامي,لاميران‌,318,308466,15432553980,52660,50030,50030,-2630,-4.99,51840,-820,-1.56,50030,50030,1399-10-10
544,سقاين,سيمان‌ قائن‌,315,516406,25751970550,48910,50500,50100,1190,2.43,49390,480,0.98,47980,50700,1399-10-10
545,كهرام,توليدي گرانيت بهسرام,313,204526,16680351507,79209,81585,81585,2376,3.0,80952,1743,2.2,79537,81585,1399-10-10
546,سمتاز,سيمان ممتازان كرمان,294,956521,27953840235,28477,27970,29331,854,3.0,29224,747,2.62,27970,29331,1399-10-10
547,وشمال,س. چشم انداز توسعه شمال,288,209109,19894212042,100145,95138,95138,-5007,-5.0,95138,-5007,-5.0,95138,95138,1399-10-10
548,وسديد,گروه ‌صنعتي‌سديد,283,539520,14629084800,27953,27115,27115,-838,-3.0,27669,-284,-1.02,27115,27115,1399-10-10
549,سباقر,سيمان باقران,282,1550110,28540625320,17876,18412,18412,536,3.0,18412,536,3.0,18412,18412,1399-10-10
550,ضخود2009,اختيارخ خودرو-4000-1400/02/08,279,9156,4589437000,516,560,495,-21,-4.07,501,-15,-2.91,454,580,1399-10-10
551,دقاضي,داروسازي شهيد قاضي,276,279361,14339924245,52886,51300,51300,-1586,-3.0,51766,-1120,-2.12,51300,52990,1399-10-10
552,شاملا,معدني‌ املاح‌  ايران‌,272,184573,12365431150,69020,66900,66850,-2170,-3.14,68510,-510,-0.74,65570,69020,1399-10-10
553,سجام,مجتمع سيمان غرب آسيا,271,630090,8016243977,13109,12716,12716,-393,-3.0,12951,-158,-1.21,12716,12950,1399-10-10
554,آتيمس,صندوق س.آرمان آتيه درخشان مس-س,264,61072,13644511094,224267,225111,221010,-3257,-1.45,223417,-850,-0.38,221010,226700,1399-10-10
555,وبرق,س.کارکنان صنعت برق زنجان وقزوي,249,381622,91463344740,232690,239670,239670,6980,3.0,239670,6980,3.0,239670,239670,1399-10-10
556,جهرم,پتروشيمي جهرم,246,2481229,6245818565,2591,2551,2514,-77,-2.97,2565,-26,-1.0,2514,2551,1399-10-10
557,آساس,صندوق س.آسمان آرماني سهام-س,242,67863,11858633657,173719,175899,173005,-714,-0.41,174744,1025,0.59,172800,176500,1399-10-10
558,بشهاب,لامپ‌  پارس‌ شهاب‌,242,261455,22903458000,83430,87600,87600,4170,5.0,85070,1640,1.97,87600,87600,1399-10-10
559,داراب,پتروشيمي داراب,238,2759205,7604368980,2841,2756,2756,-85,-2.99,2806,-35,-1.23,2756,2756,1399-10-10
560,ثاژن,سخت آژند,237,1896077,17441985408,9019,9199,9199,180,2.0,9199,180,2.0,9120,9199,1399-10-10
561,افق ملت,صندوق س در سهام افق ملت,237,85301,12106112450,144170,143000,140460,-3710,-2.57,141920,-2250,-1.56,140010,144300,1399-10-10
562,ضسپا1102,اختيارخ خساپا-2000-1399/11/26,231,6948,3276619000,556,580,450,-106,-19.06,472,-84,-15.11,410,580,1399-10-10
563,عيار,صندوق س. پشتوانه طلاي مفيد,231,192446,5476151660,28508,28550,28200,-308,-1.08,28456,-52,-0.18,28200,28550,1399-10-10
564,سكه0012پ01,سكه تمام بهارتحويلي 1روزه رفاه,229,111600,129714848500,1160366,1167500,1160000,-366,-0.03,1162319,1953,0.17,1152000,1167500,1399-10-10
565,خفولا,خدمات فني فولاد يزد,227,394425,21366396675,52594,54171,54171,1577,3.0,54024,1430,2.72,54171,54171,1399-10-10
566,خفناور,مهندسي صنعتي روان فن آور,224,697457,19441613875,27064,27875,27875,811,3.0,27812,748,2.76,27875,27875,1399-10-10
567,چكاوه,صنايع‌كاغذسازي‌كاوه‌,223,444889,5303076880,11360,11920,11920,560,4.93,11420,60,0.53,11920,11920,1399-10-10
568,بمپنا,توليد برق عسلويه  مپنا,219,151415,14312645666,99220,94751,94259,-4961,-5.0,97834,-1386,-1.4,94259,98220,1399-10-10
569,قشرين,قند شيرين خراسان,217,1395385,27415129095,20254,19647,19647,-607,-3.0,19647,-607,-3.0,19647,19647,1399-10-10
570,سكه0011پ02,سكه تمام بهارتحويلي 1روزه ملت,216,73200,84852362400,1160833,1172000,1161500,667,0.06,1159185,-1648,-0.14,1150000,1172000,1399-10-10
571,تسه9908,امتياز تسهيلات مسكن آبان99,214,4219,2428991656,548545,555020,575972,27427,5.0,575727,27182,4.96,555020,575972,1399-10-10
572,فاهواز,نورد و لوله اهواز,213,818284,14628463068,18621,17877,17877,-744,-4.0,18352,-269,-1.44,17877,17877,1399-10-10
573,خپويش,سازه‌ پويش‌,210,346282,15541136160,42750,44880,44880,2130,4.98,43350,600,1.4,44880,44880,1399-10-10
574,آكورد,صندوق س. آرمان آتي كوثر-د,205,3311299,99379077388,29994,30012,30012,18,0.06,30012,18,0.06,30011,30015,1399-10-10
575,زعف0008پ10,زعفران0008نگين طلاي سرخ(پ),201,79039,9752680779,126806,131000,122850,-3956,-3.12,123391,-3415,-2.69,120000,131000,1399-10-10
576,سپر,صندوق س سپر سرمايه بيدار- ثابت,195,2082505,23155349048,11093,11110,11115,22,0.2,11119,26,0.23,11093,11130,1399-10-10
577,شفارا,پتروشيمي فارابي,193,3366258,17116010958,5241,5084,5084,-157,-3.0,5109,-132,-2.52,5084,5198,1399-10-10
578,غشوكو,شوكو پارس,170,199293,8892406684,46912,44567,44567,-2345,-5.0,45821,-1091,-2.33,44567,45990,1399-10-10
579,آساميد,صندوق س.مشترك آسمان اميد -د,169,8303675,94077224816,11312,11319,11330,18,0.16,11330,18,0.16,11318,11330,1399-10-10
580,زعف0008پ11,زعفران0008نگين سحرخيز(پ),165,130397,15678580254,124751,121200,119136,-5615,-4.5,120237,-4514,-3.62,119136,123999,1399-10-10
581,پلوله,گازلوله‌,163,451575,8212902839,18011,18191,18191,180,1.0,18187,176,0.98,18000,18191,1399-10-10
582,غاذر,كشت‌وصنعت‌پياذر,156,538366,24926345800,44100,46300,46300,2200,4.99,46300,2200,4.99,46300,46300,1399-10-10
583,داوه,داروسازي آوه سينا,152,569258,12104702112,20252,21264,21264,1012,5.0,20477,225,1.11,21264,21264,1399-10-10
584,فلات,گروه صنايع معادن فلات ايرانيان,150,832787,11831404909,14954,14207,14207,-747,-5.0,14468,-486,-3.25,14207,14207,1399-10-10
585,سدشت,صنايع سيمان دشتستان,147,112026,4293921710,38710,37100,37680,-1030,-2.66,38680,-30,-0.08,37100,39990,1399-10-10
586,قجام,فرآوردههاي غذايي وقندتربت‌جام‌,142,936069,13881903270,14399,14830,14830,431,2.99,14661,262,1.82,14830,14830,1399-10-10
587,تصميم,صندوق س با درآمد ثابت تصميم,133,909609,13919552278,15279,15284,15290,11,0.07,15303,24,0.16,15284,15305,1399-10-10
588,واحصا,احياء صنايع خراسان,130,492504,19643522040,38724,39885,39885,1161,3.0,39709,985,2.54,39885,39885,1399-10-10
589,سفارود,كارخانه فارسيت درود,130,791123,10414343172,12906,13164,13164,258,2.0,13150,244,1.89,13164,13164,1399-10-10
590,ساروج,بين المللي ساروج بوشهر,129,477720,10976703160,23006,22350,23010,4,0.02,22990,-16,-0.07,22350,23369,1399-10-10
591,وتعاون,بيمه  تعاون,125,990150,7168686000,7030,7240,7240,210,2.99,7103,73,1.04,7240,7240,1399-10-10
592,نتوس,پشم‌ بافي‌ توس,123,524584,8046593976,14893,15339,15339,446,2.99,15049,156,1.05,15339,15339,1399-10-10
593,ضپاس1003,اختيارخ وپارس-3500-1399/10/30,122,3292,954742000,498,580,277,-221,-44.38,290,-208,-41.77,216,580,1399-10-10
594,اوصتا,صندوق انديشه ورزان صباتامين -د,122,6913946,120899909453,17481,17491,17490,9,0.05,17486,5,0.03,17485,17507,1399-10-10
595,سپاس,صندوق س. پاداش سهامداري توسعه1,121,2383282,24155657866,10130,10135,10141,11,0.11,10135,5,0.05,10132,10143,1399-10-10
596,فيروزا,صندوق بادرآمد ثابت فيروزه آسيا,119,5259513,114350674395,21716,21780,21751,35,0.16,21742,26,0.12,21702,21780,1399-10-10
597,كيان2,صندوق س. با درآمد ثابت كيان,115,11500000,11500000,26509,1,1,-26508,-100.0,1,-26508,-100.0,1,1,1399-10-10
598,كپشير,پشم‌شيشه‌ايران‌,110,306621,8180648280,25410,26680,26680,1270,5.0,25590,180,0.71,26680,26680,1399-10-10
599,فنرژي,گسترش صنايع انرژي آذرآب,109,590622,7835782074,12757,13267,13267,510,4.0,13118,361,2.83,13267,13267,1399-10-10
600,ضخود2005,اختيارخ خودرو-2000-1400/02/08,101,1874,2699229000,1577,1360,1370,-207,-13.13,1440,-137,-8.69,1340,1600,1399-10-10
601,حرهشا,رهشاد سپاهان (سهامي عام,101,102817,6357072293,63741,61829,61829,-1912,-3.0,63128,-613,-0.96,61829,61829,1399-10-10
602,ضشنا2002,اختيارخ شپنا-12000-1400/02/27,100,2132,7686640000,3781,3500,3002,-779,-20.6,3605,-176,-4.65,3002,3950,1399-10-10
603,امين يكم2,صندوق درآمد ثابت امين يكم فردا,100,10000000,10000000,10163,1,1,-10162,-99.99,1,-10162,-99.99,1,1,1399-10-10
604,ثپرديسح,ح.سرمايه گذاري مسكن پرديس,100,3682342,35338276017,10006,10506,9542,-464,-4.64,9597,-409,-4.09,9542,10506,1399-10-10
605,ضخود2008,اختيارخ خودرو-3500-1400/02/08,98,2027,1238685000,623,840,580,-43,-6.9,611,-12,-1.93,550,840,1399-10-10
606,سكه9912پ04,سكه تمام بهارتحويل1روزه صادرات,96,22500,26114919700,1161721,1160738,1158011,-3710,-0.32,1160663,-1058,-0.09,1156101,1167000,1399-10-10
607,زفكا,كشت و دامداري فكا,90,396225,4404833325,10588,11117,11117,529,5.0,10632,44,0.42,11117,11117,1399-10-10
608,زعف0008پ05,زعفران0008نگين زرين(پ),89,81103,9704218791,124596,123000,119136,-5460,-4.38,119653,-4943,-3.97,119136,123000,1399-10-10
609,سنوين,سرمايه گذاري اقتصاد نوين,85,949693,8777674985,9399,9400,9212,-187,-1.99,9252,-147,-1.56,9212,9400,1399-10-10
610,گوهر,صندوق سكه طلاي كيان,83,41968,2413702415,57761,57511,57500,-261,-0.45,57513,-248,-0.43,57500,57980,1399-10-10
611,ضسپا1104,اختيارخ خساپا-3000-1399/11/26,83,3107,451989000,165,166,150,-15,-9.09,145,-20,-12.12,103,186,1399-10-10
612,اخزا903,اسنادخزانه-م3بودجه99-011110,82,256315,173630813242,678265,675001,677501,-764,-0.11,677412,-853,-0.13,675001,679500,1399-10-10
613,بميلا,توسعه بازرگاني آهن وفولادميلاد,81,346556,7104398000,19982,20500,20500,518,2.59,20150,168,0.84,20500,20500,1399-10-10
614,وجامي,سرمايه گذاري جامي,78,285527,3430321378,11665,12014,12014,349,2.99,11721,56,0.48,12014,12014,1399-10-10
615,الماس,صندوق س.امين تدبيرگران فردا-س,75,26283,3448270807,131514,131000,131000,-514,-0.39,131198,-316,-0.24,131000,133979,1399-10-10
616,گپارس,امور رفاهي كارگزاران پارس,72,15798,2475025266,152104,156667,156667,4563,3.0,152592,488,0.32,156667,156667,1399-10-10
617,صايند,صندوق س. گنجينه آينده روشن-د,71,826790,8327670220,10063,10044,10071,8,0.08,10072,9,0.09,10044,10088,1399-10-10
618,تپولا,مهندسي مرآت پولاد,71,181373,5931078473,33712,32701,32701,-1011,-3.0,33400,-312,-0.93,32701,32701,1399-10-10
619,ضخود2013,اختيارخ خودرو-7000-1400/02/08,70,4339,424012000,94,102,100,6,6.38,98,4,4.26,95,120,1399-10-10
620,تسه9710,امتياز تسهيلات مسكن دي 97,70,932,387646760,396124,415930,415930,19806,5.0,415930,19806,5.0,415930,415930,1399-10-10
621,شصفها,پتروشيمي‌ اصفهان‌,69,50776,6884819392,132934,135592,135592,2658,2.0,134059,1125,0.85,135592,135592,1399-10-10
622,ارمغان,ص سرمايه گذاري ارمغان ايرانيان,69,2110414,21405745413,10139,10148,10144,5,0.05,10143,4,0.04,10135,10150,1399-10-10
623,هترول911,اختيارف ت پترول-14730-99/11/15,69,232665,617260245,2195,2653,2653,458,20.87,2653,458,20.87,2653,2653,1399-10-10
624,زعف0008پ16,زعفران0008نگين بيرجند(پ),66,57199,6881284711,124671,122500,119136,-5535,-4.44,120304,-4367,-3.5,119136,122500,1399-10-10
625,كتوكا,توليدي و خدمات صنايع نسوز توكا,65,145412,4005664364,26236,27547,27547,1311,5.0,26332,96,0.37,27547,27547,1399-10-10
626,بذر,صندوق س بذر اميد آفرين-سهام,63,33212,3629998460,111700,110960,108000,-3700,-3.31,109300,-2400,-2.15,107710,111690,1399-10-10
627,ضپاس1002,اختيارخ وپارس-3000-1399/10/30,61,1817,1118810000,819,850,521,-298,-36.39,616,-203,-24.79,461,850,1399-10-10
628,ومشان,س. فني و مهندسي مشانير,60,55643,3641444849,67467,65443,65443,-2024,-3.0,67124,-343,-0.51,65443,65443,1399-10-10
629,اخزا902,اسنادخزانه-م2بودجه99-011019,59,139884,95367928919,681600,678900,683800,2200,0.32,681764,164,0.02,677670,684000,1399-10-10
630,تسه9907,امتياز تسهيلات مسكن مهر99,57,602,346196956,547694,575078,575078,27384,5.0,575078,27384,5.0,575078,575078,1399-10-10
631,ضپاس1005,اختيارخ وپارس-4500-1399/10/30,57,1533,73599000,76,90,30,-46,-60.53,48,-28,-36.84,30,90,1399-10-10
632,سايرا,ايرانيت‌,57,127457,4389854901,33885,33757,34562,677,2.0,34131,246,0.73,33208,34562,1399-10-10
633,ضشنا1036,اختيارخ شپنا-16000-1399/10/23,55,992,208678000,352,301,189,-163,-46.31,210,-142,-40.34,96,470,1399-10-10
634,ضپاس1001,اختيارخ وپارس-2500-1399/10/30,55,1070,991170000,1205,1130,900,-305,-25.31,926,-279,-23.15,800,1190,1399-10-10
635,تسه9902,امتياز تسهيلات مسكن ارديبهشت99,55,796,457187376,547006,574356,574356,27350,5.0,574356,27350,5.0,574356,574356,1399-10-10
636,ضخود2011,اختيارخ خودرو-5000-1400/02/08,53,1781,386529000,204,222,202,-2,-0.98,217,13,6.37,190,239,1399-10-10
637,تسه9904,امتياز تسهيلات مسكن تير99,52,750,433382984,550370,577888,577888,27518,5.0,577844,27474,4.99,570000,577888,1399-10-10
638,صنوين,صندوق سرمايه‌گذاري صنوين-مختلط,52,11443,1201810330,105050,105000,105000,-50,-0.05,105030,-20,-0.02,105000,105200,1399-10-10
639,آسام,صندوق س.آرمان سپهر آشنا-م,50,12580,1443592340,114869,114000,114950,81,0.07,114753,-116,-0.1,114000,114999,1399-10-10
640,ولراز,ليزينگ رازي,50,40885,2124834335,54706,51971,51971,-2735,-5.0,54403,-303,-0.55,51971,51971,1399-10-10
641,ضسپا1103,اختيارخ خساپا-2500-1399/11/26,47,740,204927000,303,305,298,-5,-1.65,277,-26,-8.58,204,319,1399-10-10
642,تسه9810,امتياز تسهيلات مسكن دي98,47,699,395837017,542518,540350,569643,27125,5.0,566290,23772,4.38,540350,569643,1399-10-10
643,سكه0112پ03,سكه تمام بهارتحويلي1روزه سامان,46,18400,21365257500,1162811,1161050,1160000,-2811,-0.24,1161155,-1656,-0.14,1159990,1164999,1399-10-10
644,فن آوا,گروه فن آوا,44,259009,3191767907,12704,12323,12323,-381,-3.0,12639,-65,-0.51,12323,12323,1399-10-10
645,ضملي1152,اختيارخ فملي-18252-1399/11/05,43,1287,217700912,148,103,60,-88,-59.46,86,-62,-41.89,60,110,1399-10-10
646,تسه9906,امتياز تسهيلات مسكن شهريور99,40,356,205143256,551831,579422,579422,27591,5.0,576245,24414,4.42,545150,579422,1399-10-10
647,وآتوس,س.آرين توسكا قيمت اسمي 350ريال,40,45657,2044885716,43484,44788,44788,1304,3.0,43602,118,0.27,44788,44788,1399-10-10
648,اخزا907,اسنادخزانه-م7بودجه99-020704,40,89593,52709277437,594105,590010,589999,-4106,-0.69,588319,-5786,-0.97,580000,591000,1399-10-10
649,زعف0008پ08,زعفران0008نگين روستا(پ),38,25952,3103336382,124972,121000,119136,-5836,-4.67,119580,-5392,-4.31,119136,122000,1399-10-10
650,جوين,كشت و صنعت جوين,38,192269,5461016407,27051,28403,28403,1352,5.0,27387,336,1.24,28403,28403,1399-10-10
651,اخزا904,اسنادخزانه-م4بودجه99-011215,37,37263,24855303020,665579,664000,666000,421,0.06,667024,1445,0.22,661800,678857,1399-10-10
652,ضشنا1035,اختيارخ شپنا-14000-1399/10/23,36,364,280540000,834,770,450,-384,-46.04,771,-63,-7.55,450,950,1399-10-10
653,اخزا815,اسنادخزانه-م15بودجه98-010406,36,40733,31330125669,768982,766000,769010,28,0.0,769158,176,0.02,766000,771000,1399-10-10
654,تسه9712,امتياز تسهيلات مسكن اسفند97,36,524,295498253,537075,563928,563928,26853,5.0,563928,26853,5.0,563927,563928,1399-10-10
655,تسه9903,امتياز تسهيلات مسكن خرداد99,33,125,71262568,545159,572416,572416,27257,5.0,570101,24942,4.58,550158,572416,1399-10-10
656,ضپاس1004,اختيارخ وپارس-4000-1399/10/30,33,979,100885000,265,200,100,-165,-62.26,103,-162,-61.13,70,240,1399-10-10
657,تسه9812,امتياز تسهيلات مسكن اسفند98,32,569,312607917,539075,514323,566028,26953,5.0,549399,10324,1.92,514323,566028,1399-10-10
658,طمخا1029,اختيارف اخابر-28000-1399/10/30,32,3162,45902754000,10578,14517,14517,3939,37.24,14517,3939,37.24,14517,14517,1399-10-10
659,ثروتم,صندوق س. ثروت آفرين پارسيان-س,32,45430,4297454200,95842,96880,94710,-1132,-1.18,94595,-1247,-1.3,94500,96880,1399-10-10
660,ضخود2006,اختيارخ خودرو-2500-1400/02/08,31,698,683987000,1111,1001,940,-171,-15.39,980,-131,-11.79,920,1050,1399-10-10
661,آينده,بازرگاني آينده سازان بهشت پارس,31,53487,1081239705,20840,20215,20215,-625,-3.0,20805,-35,-0.17,20215,20215,1399-10-10
662,تسه9711,امتياز تسهيلات مسكن بهمن 97,30,440,240296885,520148,546155,546155,26007,5.0,546129,25981,4.99,546000,546155,1399-10-10
663,اخزا906,اسنادخزانه-م6بودجه99-020321,29,97591,61593936238,632000,632000,630000,-2000,-0.32,631144,-856,-0.14,629000,633000,1399-10-10
664,اخزا821,اسنادخزانه-م21بودجه98-020906,29,44031,25316046047,573974,575002,575100,1126,0.2,574960,986,0.17,574011,576800,1399-10-10
665,اخزا808,اسنادخزانه-م8بودجه98-000817,28,9686,8338205623,862103,858400,862005,-98,-0.01,860851,-1252,-0.15,858363,862005,1399-10-10
666,تسه9809,امتياز تسهيلات مسكن آذر98,28,483,264687080,531743,513009,558330,26587,5.0,548006,16263,3.06,513009,558330,1399-10-10
667,تسه9905,امتياز تسهيلات مسكن مرداد99,28,141,80393760,548602,554888,576032,27430,5.0,570168,21566,3.93,554888,576032,1399-10-10
668,ضملي1149,اختيارخ فملي-12168-1399/11/05,27,212,1035471564,2792,2889,2210,-582,-20.85,2477,-315,-11.28,2210,2889,1399-10-10
669,ضپاس1000,اختيارخ وپارس-2000-1399/10/30,27,312,480151000,1695,1600,1400,-295,-17.4,1539,-156,-9.2,1400,1650,1399-10-10
670,اخزا820,اسنادخزانه-م20بودجه98-020806,27,77334,45298212474,583483,586000,585000,1517,0.26,585748,2265,0.39,583200,586000,1399-10-10
671,اخزا908,اسنادخزانه-م8بودجه99-020606,26,114266,68990159878,603947,601501,602510,-1437,-0.24,603768,-179,-0.03,601500,604000,1399-10-10
672,تسه9811,امتياز تسهيلات مسكن بهمن98,26,587,330148078,538402,530000,565322,26920,5.0,562433,24031,4.46,530000,565322,1399-10-10
673,ضشنا1044,اختيارخ شپنا-10000-1399/10/23,25,124,392728000,4134,3400,2900,-1234,-29.85,3167,-967,-23.39,2900,3500,1399-10-10
674,زعف0008پ09,زعفران0008نگين نوين(پ),24,14622,1749509912,123029,121300,119500,-3529,-2.87,119649,-3380,-2.75,119136,121300,1399-10-10
675,اخزا809,اسنادخزانه-م9بودجه98-000923,24,20231,17164743043,847201,846102,848201,1000,0.12,848438,1237,0.15,846102,850000,1399-10-10
676,دمعيار,صندوق س. توازن معيار-د,24,636902,6403699834,10045,10060,10055,10,0.1,10054,9,0.09,10050,10060,1399-10-10
677,ضسپا1101,اختيارخ خساپا-1800-1399/11/26,23,778,526142000,719,680,632,-87,-12.1,676,-43,-5.98,632,700,1399-10-10
678,اخزا814,اسنادخزانه-م14بودجه98-010318,22,20600,16004049706,775278,775000,776000,722,0.09,776896,1618,0.21,775000,777999,1399-10-10
679,سخند,صندوق س.سپهرخبرگان نفت-د,22,226960,2298505500,10118,10135,10140,22,0.22,10127,9,0.09,10123,10140,1399-10-10
680,تسه9801,امتياز تسهيلات مسكن فروردين98,22,242,139199570,548391,527000,575810,27419,5.0,575205,26814,4.89,527000,575810,1399-10-10
681,تسه9803,امتياز تسهيلات مسكن خرداد98,21,70,38808076,531126,521000,557682,26556,5.0,554401,23275,4.38,521000,557682,1399-10-10
682,اخزا813,اسنادخزانه-م13بودجه98-010219,21,45585,35826461726,794891,785410,785900,-8991,-1.13,785927,-8964,-1.13,785410,786023,1399-10-10
683,آكورد2,صندوق س. آرمان آتي كوثر-د,20,2000000,2000000,29994,1,1,-29993,-100.0,1,-29993,-100.0,1,1,1399-10-10
684,اخزا817,اسنادخزانه-م17بودجه98-010512,20,41659,31531032473,756905,756000,754003,-2902,-0.38,756884,-21,0.0,754003,757500,1399-10-10
685,اخزا721,اسنادخزانه-م21بودجه97-000728,20,30026,26033345917,866967,866350,867500,533,0.06,867027,60,0.01,866350,868700,1399-10-10
686,ضفلا1156,اختيارخ فولاد-16000-1399/11/28,20,443,257617000,742,770,585,-157,-21.16,582,-160,-21.56,502,770,1399-10-10
687,وساغربي,شركت س استان آذربايجان غربي,19,201555,149150700,770,740,740,-30,-3.9,770,0,0.0,740,740,1399-10-10
688,ضملي1153,اختيارخ فملي-20280-1399/11/05,19,319,27960988,65,50,48,-17,-26.15,44,-21,-32.31,39,50,1399-10-10
689,تسه9808,امتياز تسهيلات مسكن آبان98,19,105,58355507,536795,520157,563634,26839,5.0,555767,18972,3.53,520157,563634,1399-10-10
690,اخزا704,اسنادخزانه-م4بودجه97-991022,19,110142,109431032119,992999,993500,994000,1001,0.1,993545,546,0.05,993000,994000,1399-10-10
691,هفارس912,اختيارف ت فارس-14576-99/12/13,19,59467,97525880,1382,1640,1640,258,18.67,1640,258,18.67,1640,1640,1399-10-10
692,تسه9901,امتياز تسهيلات مسكن فروردين99,18,124,70476392,541294,568358,568358,27064,5.0,568358,27064,5.0,568358,568358,1399-10-10
693,گنجين,صندوق س. گنجينه يكم آويد-د,17,36654,436756792,11908,11925,11916,8,0.07,11916,8,0.07,11914,11925,1399-10-10
694,ضسپا1106,اختيارخ خساپا-4000-1399/11/26,17,399,24191000,60,67,50,-10,-16.67,61,1,1.67,50,80,1399-10-10
695,وسخوز,شركت س استان خوزستان,17,800550,744511500,970,930,930,-40,-4.12,970,0,0.0,930,930,1399-10-10
696,كابگن,توليدي و صنعتي آبگينه‌,16,98796,505242744,5014,5114,5114,100,1.99,5024,10,0.2,5114,5114,1399-10-10
697,وسمازن,س.سهام عدالت استان مازندران,16,252322,237182680,980,940,940,-40,-4.08,980,0,0.0,940,940,1399-10-10
698,ضشنا2001,اختيارخ شپنا-10000-1400/02/27,16,370,1841507000,1,4810,4650,4649,464900.0,4977,4976,497600.0,4650,5500,1399-10-10
699,ضملي1148,اختيارخ فملي-10140-1399/11/05,15,93,605607116,4298,4000,4000,-298,-6.93,3302,-996,-23.17,2013,4297,1399-10-10
700,ضگل1142,اختيارخ كگل-16000-1399/11/21,15,63,320888000,4898,5300,4900,2,0.04,5093,195,3.98,4500,5399,1399-10-10
701,پست0008پ09,پسته بادامي30-28مه ولات0008(پ),15,1153,1500546000,1302505,1300000,1330000,27495,2.11,1301428,-1077,-0.08,1300000,1350000,1399-10-10
702,تملي807,تسهيلات مسكن ب. ملي-مهر98,14,157,117502882,787816,748426,748426,-39390,-5.0,748426,-39390,-5.0,748426,748426,1399-10-10
703,اخزا806,اسنادخزانه-م6بودجه98-000519,14,19162,17200226250,897226,895901,898100,874,0.1,897622,396,0.04,895901,898100,1399-10-10
704,اخزا811,اسنادخزانه-م11بودجه98-001013,14,38069,31922351000,840225,835221,840225,0,0.0,838539,-1686,-0.2,835221,840225,1399-10-10
705,تسه9802,امتياز تسهيلات مسكن ارديبهشت98,14,33,18639434,538621,565552,565552,26931,5.0,564831,26210,4.87,552874,565552,1399-10-10
706,ضفار1125,اختيارخ فارس-17826-1399/11/07,13,328,20938000,94,30,25,-69,-73.4,32,-62,-65.96,25,44,1399-10-10
707,ضفلا1157,اختيارخ فولاد-18000-1399/11/28,13,572,74663000,331,389,121,-210,-63.44,131,-200,-60.42,110,389,1399-10-10
708,اخزا901,اسنادخزانه-م1بودجه99-010621,13,19159,14111191336,737995,737995,736000,-1995,-0.27,736531,-1464,-0.2,734500,737995,1399-10-10
709,زعف0008پ18,زعفران0008نگين بهرامن(پ),13,8667,1062879849,124376,120009,119136,-5240,-4.21,122635,-1741,-1.4,119136,124000,1399-10-10
710,ضپيك2011,اختيارخ تاپيكو-14000-00/02/19,12,475,1631750000,4500,3500,3350,-1150,-25.56,3435,-1065,-23.67,3350,3500,1399-10-10
711,اخزا818,اسنادخزانه-م18بودجه98-010614,12,21241,15763018431,742012,740001,742107,95,0.01,742103,91,0.01,740001,744000,1399-10-10
712,وسفارس,شركت س استان فارس,12,75835,74318300,1030,980,980,-50,-4.85,1030,0,0.0,980,980,1399-10-10
713,وسلرستا,شركت س استان لرستان,11,134908,116020880,900,860,860,-40,-4.44,900,0,0.0,860,860,1399-10-10
714,وسكرد,شركت س استان كردستان,11,189793,142344750,780,750,750,-30,-3.85,780,0,0.0,750,750,1399-10-10
715,نگين,ص.س. زمين و ساختمان نگين شهرري,11,5175,251712240,47620,48980,47650,30,0.06,48640,1020,2.14,47530,48980,1399-10-10
716,كشم0001پ01,كشمش سبز0001خليل آباد(پ),10,124,46037486,374095,355391,382500,8405,2.25,371270,-2825,-0.76,355391,382500,1399-10-10
717,عيار2,صندوق س. پشتوانه طلاي مفيد,10,100000,100000,28508,1,1,-28507,-100.0,1,-28507,-100.0,1,1,1399-10-10
718,فيروزه2,صندوق شاخص30 شركت فيروزه- سهام,10,100000,100000,170500,1,1,-170499,-100.0,1,-170499,-100.0,1,1,1399-10-10
719,وسيلام,شركت س استان ايلام,9,201090,237286200,1240,1180,1180,-60,-4.84,1240,0,0.0,1180,1180,1399-10-10
720,شستا991,اجاره تامين اجتماعي-امين991226,9,190,189162668,1002854,990000,992020,-10834,-1.08,995593,-7261,-0.72,990000,1008000,1399-10-10
721,ضفلا1155,اختيارخ فولاد-14000-1399/11/28,9,113,178350000,1730,1600,1400,-330,-19.08,1578,-152,-8.79,1300,1600,1399-10-10
722,خعمرا,توسعه و عمران شهرستان نائين,9,16521,373771104,21547,22624,22624,1077,5.0,21566,19,0.09,22624,22624,1399-10-10
723,هبركت912,اختيارف ت بركت-22100-99/12/17,9,154697,154697,1,1,1,0,0.0,1,0,0.0,1,1,1399-10-10
724,وسصفا,شركت س استان اصفهان,8,68774,70149480,1070,1020,1020,-50,-4.67,1070,0,0.0,1020,1020,1399-10-10
725,ضمخا1024,اختيارخ اخابر-14000-1399/10/30,8,63,44252000,996,750,500,-496,-49.8,702,-294,-29.52,500,750,1399-10-10
726,تسه9806,امتياز تسهيلات مسكن شهريور98,8,27,14901813,525638,551919,551919,26281,5.0,551919,26281,5.0,551919,551919,1399-10-10
727,اخزا807,اسنادخزانه-م7بودجه98-000719,8,29355,25589303320,869787,870160,873000,3213,0.37,871719,1932,0.22,870160,873000,1399-10-10
728,ياقوت2,صندوق س ياقوت آگاه-ثابت,8,14070443,14070443,11666,1,1,-11665,-99.99,1,-11665,-99.99,1,1,1399-10-10
729,ضپار1117,اختيارخ خپارس-7000-1399/11/19,8,35,47061000,1167,1189,1190,23,1.97,1345,178,15.25,1189,1655,1399-10-10
730,وسكرمان,س.سهام عدالت استان كرمان,8,163487,160217260,1030,980,980,-50,-4.85,1030,0,0.0,980,980,1399-10-10
731,كرونا2,تامين مالي جمعي صرفا اهداي سود,8,1553,15530000,10000,10000,10000,0,0.0,10000,0,0.0,10000,10000,1399-10-10
732,اخزا713,اسنادخزانه-م13بودجه97-000518,8,1905,1713146883,899988,900000,898002,-1986,-0.22,899290,-698,-0.08,898001,900000,1399-10-10
733,ضگل1141,اختيارخ كگل-14000-1399/11/21,8,71,441570000,6133,5120,6300,167,2.72,6219,86,1.4,5120,6999,1399-10-10
734,ضسپا1105,اختيارخ خساپا-3500-1399/11/26,7,185,21235000,114,115,120,6,5.26,115,1,0.88,95,120,1399-10-10
735,اشاد10,مشاركت دولتي10-شرايط خاص001226,7,71000,67450000000,940033,950000,950000,9967,1.06,950000,9967,1.06,950000,950000,1399-10-10
736,اخزا816,اسنادخزانه-م16بودجه98-010503,7,64941,49404152960,758683,760000,758990,307,0.04,760754,2071,0.27,758990,761000,1399-10-10
737,ضمخا1023,اختيارخ اخابر-12000-1399/10/30,7,89,172502000,1001,801,1800,799,79.82,1938,937,93.61,1100,2100,1399-10-10
738,ضپيك1022,اختيارخ تاپيكو-18000-99/10/16,7,50,142000,37,2,2,-35,-94.59,3,-34,-91.89,2,6,1399-10-10
739,ضخود2010,اختيارخ خودرو-4500-1400/02/08,7,173,60676000,438,351,350,-88,-20.09,351,-87,-19.86,350,362,1399-10-10
740,اخزا905,اسنادخزانه-م5بودجه99-020218,7,30349,19262570448,644990,634100,634710,-10280,-1.59,634702,-10288,-1.6,634003,634710,1399-10-10
741,زير0003پ04,زيره سبز0003شركت مينوبذر(پ),6,230,107340650,471113,470000,467500,-3613,-0.77,466698,-4415,-0.94,465945,470000,1399-10-10
742,وسهمدا,شركت س استان همدان,6,32389,27530650,890,850,850,-40,-4.49,890,0,0.0,850,850,1399-10-10
743,تسه9805,امتياز تسهيلات مسكن مرداد98,6,19,10203112,522873,530000,549016,26143,5.0,537006,14133,2.7,530000,549016,1399-10-10
744,ضمخا7070,اختيارخ اخابر-20000-1400/07/28,6,27,97800000,3413,3700,3300,-113,-3.31,3622,209,6.12,3300,3700,1399-10-10
745,هاباد912,اختيارف ت آبادا-30100-99/12/12,6,666,7783542,10947,11687,11687,740,6.76,11687,740,6.76,11687,11687,1399-10-10
746,تسه9807,امتياز تسهيلات مسكن مهر98,6,10,5587060,532101,558706,558706,26605,5.0,558706,26605,5.0,558706,558706,1399-10-10
747,اخزا804,اسنادخزانه-م4بودجه98-000421,6,3273,2972337639,908941,908000,908142,-799,-0.09,908139,-802,-0.09,908000,908142,1399-10-10
748,پست0008پ04,پسته فندقي32-30سبزدانه0008(پ),6,64,87800203,1400606,1360051,1370000,-30606,-2.19,1371878,-28728,-2.05,1360051,1400000,1399-10-10
749,ضپيك2010,اختيارخ تاپيكو-12000-00/02/19,6,510,2185000000,6900,4500,4300,-2600,-37.68,4284,-2616,-37.91,4200,4500,1399-10-10
750,تملي801,تسهيلات مسكن ب. ملي-فروردين98,6,50,29694250,625142,593885,593885,-31257,-5.0,593885,-31257,-5.0,593885,593885,1399-10-10
751,داريك,صندوق س.اعتماد داريك-د,5,10940,114137020,10432,10433,10433,1,0.01,10433,1,0.01,10433,10433,1399-10-10
752,ضگل1144,اختيارخ كگل-20000-1399/11/21,5,60,111720000,1983,2000,1850,-133,-6.71,1862,-121,-6.1,1790,2000,1399-10-10
753,اراد58,مرابحه عام دولت5-ش.خ 0110,5,1000000,943760000000,943530,943760,943760,230,0.02,943760,230,0.02,943760,943760,1399-10-10
754,ضترا1118,اختيارخ شتران-12000-1399/11/14,5,56,55100000,1802,1000,1000,-802,-44.51,984,-818,-45.39,775,1000,1399-10-10
755,وسرضوي,س.سهام عدالت استان خراسان رضوي,5,151696,148662080,1030,980,980,-50,-4.85,1030,0,0.0,980,980,1399-10-10
756,ضمخا1025,اختيارخ اخابر-16000-1399/10/30,5,14,2510000,705,201,201,-504,-71.49,179,-526,-74.61,101,201,1399-10-10
757,ضفلا1154,اختيارخ فولاد-12000-1399/11/28,5,111,254150000,2536,2300,2273,-263,-10.37,2290,-246,-9.7,2273,2300,1399-10-10
758,ضفلا1151,اختيارخ فولاد-8000-1399/11/28,4,12,68503000,5963,5800,5501,-462,-7.75,5709,-254,-4.26,5501,5800,1399-10-10
759,اخزا812,اسنادخزانه-م12بودجه98-001111,4,10876,9011746400,828479,827650,827700,-779,-0.09,828590,111,0.01,827650,829000,1399-10-10
760,اخزا716,اسنادخزانه-م16بودجه97-000407,4,13280,12107784420,911811,913000,917001,5190,0.57,911731,-80,-0.01,910162,917001,1399-10-10
761,وسيستا,شركت س استان سيستان وبلوچستان,4,94597,71893720,790,760,760,-30,-3.8,790,0,0.0,760,760,1399-10-10
762,زعف0008پ12,زعفران0008پوشالمعمول سحرخيز(پ),4,865,70568000,82439,81201,83500,1061,1.29,81581,-858,-1.04,81200,83500,1399-10-10
763,سلامت6,مرابحه سلامت6واجدشرايط خاص1400,4,74600,72809609200,980000,976000,976002,-3998,-0.41,976000,-4000,-0.41,976000,976002,1399-10-10
764,ضپاس1006,اختيارخ وپارس-5000-1399/10/30,4,99,1027000,38,12,10,-28,-73.68,10,-28,-73.68,10,12,1399-10-10
765,ضملي1150,اختيارخ فملي-14196-1399/11/05,4,33,96706880,2449,1500,1400,-1049,-42.83,1486,-963,-39.32,1400,1510,1399-10-10
766,وسگيلا,شركت س استان گيلان,4,35850,28321500,830,790,790,-40,-4.82,830,0,0.0,790,790,1399-10-10
767,وسكرشا,س.سهام عدالت استان كرمانشاه,4,14500,17400000,1260,1200,1200,-60,-4.76,1260,0,0.0,1200,1200,1399-10-10
768,ضفار1126,اختيارخ فارس-19826-1399/11/07,4,110,2204000,38,12,10,-28,-73.68,10,-28,-73.68,10,12,1399-10-10
769,اخزا810,اسنادخزانه-م10بودجه98-001006,4,1475,1244162500,842669,844000,843500,831,0.1,843500,831,0.1,843000,844000,1399-10-10
770,ساذري,آذريت‌,4,2776,16941928,5813,6103,6103,290,4.99,5813,0,0.0,6103,6103,1399-10-10
771,تسه9804,امتياز تسهيلات مسكن تير98,3,6,3372118,540980,550001,568029,27049,5.0,562020,21040,3.89,550001,568029,1399-10-10
772,ضفار1122,اختيارخ فارس-11826-1399/11/07,3,28,56076000,1794,1002,1001,-793,-44.2,1001,-793,-44.2,1001,1002,1399-10-10
773,تملي701,تسهيلات مسكن ب. ملي-فروردين97,3,74,46455646,660820,627779,627779,-33041,-5.0,627779,-33041,-5.0,627779,627779,1399-10-10
774,ضشنا1037,اختيارخ شپنا-18000-1399/10/23,3,14,1050000,140,80,10,-130,-92.86,75,-65,-46.43,10,80,1399-10-10
775,صمسكن912,ص دين مسكن جنوب-ماهانه16درصد,3,1270,66065460,51743,52432,51914,171,0.33,52020,277,0.54,51914,52432,1399-10-10
776,ضفار1123,اختيارخ فارس-13826-1399/11/07,3,3,3008000,902,502,501,-401,-44.46,501,-401,-44.46,501,502,1399-10-10
777,صخابر102,صكوك اجاره مخابرات-3 ماهه 16%,3,30000,28650000000,955000,955000,955000,0,0.0,955000,0,0.0,955000,955000,1399-10-10
778,اعتماد2,صندوق س.اعتماد آفرين پارسيان-د,3,29000000,29000000,34072,1,1,-34071,-100.0,1,-34071,-100.0,1,1,1399-10-10
779,ضپيك1020,اختيارخ تاپيكو-14000-99/10/16,3,17,7700000,754,350,400,-354,-46.95,453,-301,-39.92,350,600,1399-10-10
780,ضفلا1158,اختيارخ فولاد-20000-1399/11/28,3,138,9380000,258,70,65,-193,-74.81,68,-190,-73.64,60,70,1399-10-10
781,وسمركز,شركت س استان مركزي,3,21490,28581700,1400,1330,1330,-70,-5.0,1400,0,0.0,1330,1330,1399-10-10
782,ويسرو,ص.ج.سرو رشد پايداريكم 20%تاديه,3,12060,2412000000,200000,200000,200000,0,0.0,200000,0,0.0,200000,200000,1399-10-10
783,پست0008پ02,پسته فندقي32-30طلاسبززرند0008,3,12,17379042,1562755,1470829,1340000,-222755,-14.25,1448253,-114502,-7.33,1330752,1470829,1399-10-10
784,وسگلستا,شركت س استان گلستان,2,11718,13827240,1240,1180,1180,-60,-4.84,1240,0,0.0,1180,1180,1399-10-10
785,اخزا7164,اسنادخزانه-م16بودجه97-000407,2,1636660,1499163375070,911811,920168,911811,0,0.0,915989,4178,0.46,911811,920168,1399-10-10
786,اخزا819,اسنادخزانه-م19بودجه98-020322,2,3000,1987320000,649451,662440,662440,12989,2.0,662440,12989,2.0,662440,662440,1399-10-10
787,تابان02,اجاره تابان لوتوس14021206,2,3006,2915820000,942000,970000,970000,28000,2.97,970000,28000,2.97,970000,970000,1399-10-10
788,فبستم,صنايع ‌بسته‌بندي‌ مشهد,2,5875,4888000,793,832,832,39,4.92,793,0,0.0,832,832,1399-10-10
789,وسخراج,شركت س استان خراسان جنوبي,2,8209,17320990,2220,2110,2110,-110,-4.95,2220,0,0.0,2110,2110,1399-10-10
790,اراد374,مرابحه عام دولت3-ش.خ 0005,2,2000000,1987550000000,1049977,994290,993260,-56717,-5.4,993775,-56202,-5.35,993260,994290,1399-10-10
791,اراد22,مرابحه عام دولت2-ش.خ لوتوس0212,2,32000,28672000000,895000,896000,896000,1000,0.11,896000,1000,0.11,896000,896000,1399-10-10
792,اخزا7224,اسنادخزانه-م22بودجه97-000428,2,1838026,1667110719299,901727,912296,901727,0,0.0,907011,5284,0.59,901727,912296,1399-10-10
793,اراد404,مرابحه عام دولت4-ش.خ 0207,2,9310000,8689698570000,997000,932747,934411,-62589,-6.28,933373,-63627,-6.38,932747,934411,1399-10-10
794,ضپاس1007,اختيارخ وپارس-6000-1399/10/30,2,32,480000,62,15,15,-47,-75.81,15,-47,-75.81,15,15,1399-10-10
795,اخزا8114,اسنادخزانه-م11بودجه98-001013,2,1737142,1464736420125,840225,846150,840225,0,0.0,843187,2962,0.35,840225,846150,1399-10-10
796,ضپيك1023,اختيارخ تاپيكو-20000-99/10/16,2,27,27000,2,1,1,-1,-50.0,1,-1,-50.0,1,1,1399-10-10
797,اخزا8074,اسنادخزانه-م7بودجه98-000719,2,669536,585665233888,869787,879679,869787,0,0.0,874733,4946,0.57,869787,879679,1399-10-10
798,ضپيك1019,اختيارخ تاپيكو-12000-99/10/16,2,23,36536000,2000,1512,1600,-400,-20.0,1589,-411,-20.55,1512,1600,1399-10-10
799,اخزا7204,اسنادخزانه-م20بودجه97-000324,2,1421116,1310402536904,918124,926064,918124,0,0.0,922094,3970,0.43,918124,926064,1399-10-10
800,شلرد02,كود شيميايي اوره لردگان,2,11,10960000,1013739,992000,1000000,-13739,-1.36,996364,-17375,-1.71,992000,1000000,1399-10-10
801,ضخوز1013,اختيارخ فخوز-10667-1399/10/16,2,21,220500000,4000,4000,4000,0,0.0,4000,0,0.0,4000,4000,1399-10-10
802,ضخوز2014,اختيارخ فخوز-14000-1400/02/15,2,3,15290000,1,5100,5090,5089,508900.0,5097,5096,509600.0,5090,5100,1399-10-10
803,اخزا7184,اسنادخزانه-م18بودجه97-000525,2,2499226,2243556429813,896000,899401,896000,0,0.0,897700,1700,0.19,896000,899401,1399-10-10
804,اراد334,مرابحه عام دولت3-ش.خ 0303,2,10000000,8622560000000,878400,861255,863257,-15143,-1.72,862256,-16144,-1.84,861255,863257,1399-10-10
805,اخزا7214,اسنادخزانه-م21بودجه97-000728,2,3165256,2758575995980,866967,876068,866967,0,0.0,871517,4550,0.52,866967,876068,1399-10-10
806,اخزا723,اسنادخزانه-م23بودجه97-000824,2,214,183291000,856500,856500,856500,0,0.0,856500,0,0.0,856500,856500,1399-10-10
807,اخزا720,اسنادخزانه-م20بودجه97-000324,2,6287,5786815000,918124,920000,925000,6876,0.75,920441,2317,0.25,920000,925000,1399-10-10
808,وآذر2,سرمايه‌گذاري‌توسعه‌آذربايجان‌,2,9000000,1232190000000,130530,136910,136910,6380,4.89,136910,6380,4.89,136910,136910,1399-10-10
809,اراد354,مرابحه عام دولت3-ش.خ 0103,2,20000000,19099450000000,925000,954712,955233,30233,3.27,954972,29972,3.24,954712,955233,1399-10-10
810,آگاس2,صندوق س.هستي بخش آگاه-س,2,200000,200000,74619,1,1,-74618,-100.0,1,-74618,-100.0,1,1,1399-10-10
811,سپر2,صندوق س سپر سرمايه بيدار- ثابت,2,2000000,2000000,11093,1,1,-11092,-99.99,1,-11092,-99.99,1,1,1399-10-10
812,صخود412,ص مرابحه خودرو412- 3ماهه 18%,2,2001,1980980026,989999,980026,990000,1,0.0,989995,-4,0.0,980026,990000,1399-10-10
813,اخزا8094,اسنادخزانه-م9بودجه98-000923,2,671492,571147928726,847201,853930,847201,0,0.0,850565,3364,0.4,847201,853930,1399-10-10
814,اراد314,مرابحه عام دولت3-ش.خ 0208,2,25000000,22239600000000,1000000,890498,888670,-111330,-11.13,889584,-110416,-11.04,888670,890498,1399-10-10
815,اخزا8134,اسنادخزانه-م13بودجه98-010219,2,434266,343909793311,794891,788976,794891,0,0.0,791933,-2958,-0.37,788976,794891,1399-10-10
816,شسم,توليد سموم‌ علف‌ كش,2,1104,98295744,87291,89036,89036,1745,2.0,87308,17,0.02,89036,89036,1399-10-10
817,اراد424,مرابحه عام دولت4-ش.خ 0106,2,13126326,12569370772812,1056250,956218,958162,-98088,-9.29,957570,-98680,-9.34,956218,958162,1399-10-10
818,وسيزد,شركت س استان يزد,1,1000,1220000,1280,1220,1220,-60,-4.69,1280,0,0.0,1220,1220,1399-10-10
819,افران2,صندوق س افرا نماد پايدار-ثابت,1,25000000,25000000,12366,1,1,-12365,-99.99,1,-12365,-99.99,1,1,1399-10-10
820,تملي705,تسهيلات مسكن ب. ملي-مرداد97,1,8,5347424,703608,668428,668428,-35180,-5.0,668428,-35180,-5.0,668428,668428,1399-10-10
821,اراد324,مرابحه عام دولت3-ش.خ0211,1,420000,361200000000,1000000,860000,860000,-140000,-14.0,860000,-140000,-14.0,860000,860000,1399-10-10
822,صخود0012,ص مرابحه خودرو0012- 3ماهه 18%,1,5,5050000,1010000,1010000,1010000,0,0.0,1010000,0,0.0,1010000,1010000,1399-10-10
823,وسقم,شركت س استان قم,1,16622,22273480,1410,1340,1340,-70,-4.96,1410,0,0.0,1340,1340,1399-10-10
824,اراد60,مرابحه عام دولتي6-ش.خ0210,1,200000,184926000000,924500,924630,924630,130,0.01,924630,130,0.01,924630,924630,1399-10-10
825,ضشنا2003,اختيارخ شپنا-14000-1400/02/27,1,2,6200000,1,3100,3100,3099,309900.0,3100,3099,309900.0,3100,3100,1399-10-10
826,بهپاك4,صنعتي بهپاك,1,4000000,190256000000,48939,47564,47564,-1375,-2.81,47564,-1375,-2.81,47564,47564,1399-10-10
827,ونچر,ص.ج.فيروزه10%تاديه,1,2000,260002000,128776,130001,130001,1225,0.95,130001,1225,0.95,130001,130001,1399-10-10
828,ضملي1154,اختيارخ فملي-24336-1399/11/05,1,45,1774800,350,20,20,-330,-94.29,20,-330,-94.29,20,20,1399-10-10
829,ضچاد2004,اختيارخ كچاد-20000-1400/02/05,1,50,325000000,5407,6500,6500,1093,20.21,6500,1093,20.21,6500,6500,1399-10-10
830,اراد504,مرابحه عام دولت5-ش.خ0302,1,2000000,2000000000000,1000037,1000000,1000000,-37,0.0,1000000,-37,0.0,1000000,1000000,1399-10-10
831,ضخوز2013,اختيارخ فخوز-12000-1400/02/15,1,1,6200000,1,6200,6200,6199,619900.0,6200,6199,619900.0,6200,6200,1399-10-10
832,اراد45,مرابحه عام دولت4-ش.خ 0107,1,500,498750000,1050000,997500,997500,-52500,-5.0,997500,-52500,-5.0,997500,997500,1399-10-10
833,پا ر 48,بار پايه روز 48,1,10000,3800000,720,380,380,-340,-47.22,380,-340,-47.22,380,380,1399-10-10
834,اراد35,مرابحه عام دولت3-ش.خ 0103,1,1000,923000000,925000,923000,923000,-2000,-0.22,923000,-2000,-0.22,923000,923000,1399-10-10
835,ضسان2013,اختيارخ پارسان-34750-00/02/15,1,1,111000,1,111,111,110,11000.0,111,110,11000.0,111,111,1399-10-10
836,ضترا1120,اختيارخ شتران-16000-1399/11/14,1,2,44000,4000,22,22,-3978,-99.45,22,-3978,-99.45,22,22,1399-10-10
837,وسبوشهر,شركت س استان بوشهر,1,4953,5943600,1260,1200,1200,-60,-4.76,1260,0,0.0,1200,1200,1399-10-10
838,ضپار1115,اختيارخ خپارس-5000-1399/11/19,1,10,32700000,4000,3270,3270,-730,-18.25,3270,-730,-18.25,3270,3270,1399-10-10
839,شپاكسا4,پاكسان‌,1,2000000,75780000000,36250,37890,37890,1640,4.52,37890,1640,4.52,37890,37890,1399-10-10
840,صمعاد4122,صكوك اجاره معادن412-6ماهه21%,1,153000,148410000000,980100,970000,970000,-10100,-1.03,970000,-10100,-1.03,970000,970000,1399-10-10
841,ضغدر1119,اختيارخ وغدير-10000-1399/11/26,1,10,28000000,3303,2800,2800,-503,-15.23,2800,-503,-15.23,2800,2800,1399-10-10
842,قنيشا4,قند  نيشابور,1,1000000,63960000000,66880,63960,63960,-2920,-4.37,63960,-2920,-4.37,63960,63960,1399-10-10
843,اخزا805,اسنادخزانه-م5بودجه98-000422,1,243,221130000,909763,910000,910000,237,0.03,910000,237,0.03,910000,910000,1399-10-10
844,غمارگ4,مارگارين‌,1,6000000,259320000000,44560,43220,43220,-1340,-3.01,43220,-1340,-3.01,43220,43220,1399-10-10
845,كفرآور4,فرآورده هاي سيمان شرق,1,1000000,25054000000,25054,25054,25054,0,0.0,25054,0,0.0,25054,25054,1399-10-10
846,ضفلا1153,اختيارخ فولاد-10000-1399/11/28,1,13,51350000,3180,3950,3950,770,24.21,3950,770,24.21,3950,3950,1399-10-10
847,ضسان2012,اختيارخ پارسان-30750-00/02/15,1,1,160000,1,160,160,159,15900.0,160,159,15900.0,160,160,1399-10-10
848,ضپيك1021,اختيارخ تاپيكو-16000-99/10/16,1,10,250000,126,25,25,-101,-80.16,25,-101,-80.16,25,25,1399-10-10
849,خبازرس4,بازرسي مهندسي و صنعتي ايران,1,4970000,169596280000,34124,34124,34124,0,0.0,34124,0,0.0,34124,34124,1399-10-10
850,ضچاد2007,اختيارخ كچاد-32000-1400/02/05,1,1,120000,1,120,120,119,11900.0,120,119,11900.0,120,120,1399-10-10
851,پا ر 49,بار پايه روز 49,1,10000,3800000,720,380,380,-340,-47.22,380,-340,-47.22,380,380,1399-10-10
852,سپرمي,پرميت‌,1,771,6520347,8374,8457,8457,83,0.99,8374,0,0.0,8457,8457,1399-10-10
853,صينا205,صكوك منفعت سينا دارو-3ماهه 19%,1,95,95095000,990501,1001000,1001000,10499,1.06,1001000,10499,1.06,1001000,1001000,1399-10-10
854,ضمخا7075,اختيارخ اخابر-9000-1400/07/28,1,4,31916000,7913,7979,7979,66,0.83,7979,66,0.83,7979,7979,1399-10-10
855,تنوينح2,ح . تامين سرمايه نوين,1,7250719,34875958390,4923,4810,4810,-113,-2.3,4810,-113,-2.3,4810,4810,1399-10-10
856,واتي2,سرمايه‌ گذاري‌ آتيه‌ دماوند,1,28000000,375760000000,13890,13420,13420,-470,-3.38,13420,-470,-3.38,13420,13420,1399-10-10
857,ضمخا1026,اختيارخ اخابر-18000-1399/10/30,1,2,4000,11,2,2,-9,-81.82,2,-9,-81.82,2,2,1399-10-10
858,ضچاد2008,اختيارخ كچاد-36000-1400/02/05,1,1,100000,1,100,100,99,9900.0,100,99,9900.0,100,100,1399-10-10
859,كسعدي2,كاشي‌ سعدي‌,1,20000000,372600000000,17750,18630,18630,880,4.96,18630,880,4.96,18630,18630,1399-10-10
860,اجاد42,اجاره دولت-واجدشرايط خاص991224,1,4000,3964000000,980000,991000,991000,11000,1.12,991000,11000,1.12,991000,991000,1399-10-10
861,ضپنا2004,اختيارخ رمپنا-18000-1400/02/12,1,2,8000000,4000,4000,4000,0,0.0,4000,0,0.0,4000,4000,1399-10-10
862,ضسان2014,اختيارخ پارسان-38750-00/02/15,1,1,125000,1,125,125,124,12400.0,125,124,12400.0,125,125,1399-10-10
863,وساربيل,شركت س استان اردبيل,1,10000,12200000,1280,1220,1220,-60,-4.69,1280,0,0.0,1220,1220,1399-10-10
864,شرق1400,مشاركت ليزينگ ايران وشرق140010,1,20,19780000,1000000,989000,989000,-11000,-1.1,989000,-11000,-1.1,989000,989000,1399-10-10
865,ضپنا2003,اختيارخ رمپنا-16000-1400/02/12,1,2,12400000,5700,6200,6200,500,8.77,6200,500,8.77,6200,6200,1399-10-10
866,اراد474,مرابحه عام دولت4-ش.خ 0008,1,4437671,4366938961931,980000,984061,984061,4061,0.41,984061,4061,0.41,984061,984061,1399-10-10
867,اجاد21,اجاره دولتي آپرورش-تمدن991118,1,30,31050000,1009501,1035000,1035000,25499,2.53,1035000,25499,2.53,1035000,1035000,1399-10-10
868,پست0008پ08,پسته فندقي32-30مه ولات0008(پ),1,5,7150000,1430000,1430000,1430000,0,0.0,1430000,0,0.0,1430000,1430000,1399-10-10
869,پا ر 47,بار پايه روز 47,1,10000,3800000,720,380,380,-340,-47.22,380,-340,-47.22,380,380,1399-10-10
