,نماد,نام,تعداد,حجم,ارزش,دیروز,اولین,آخرین معامله - مقدار,آخرین معامله - تغییر,آخرین معامله - درصد,قیمت پایانی - مقدار,قیمت پایانی - تغییر,قیمت پایانی - درصد,کمترین,بیشترین,تاریخ
0,پالايش,صندوق پالايشي يکم-سهام,54825,75859161,7286231141620,99360,95800,95390,-3970,-4.0,96050,-3310,-3.33,95390,98200,1399-11-27
1,چخزر,صنايع چوب خزر كاسپين,41618,16387213,1080638778670,62989,66760,64000,1011,1.61,65944,2955,4.69,63570,66768,1399-11-27
2,فملي,ملي‌ صنايع‌ مس‌ ايران‌,38865,260421097,3245044923510,12160,12260,12420,260,2.14,12460,300,2.47,11940,12880,1399-11-27
3,خساپا,سايپا,37568,1683247814,4346652947200,2600,2600,2560,-40,-1.54,2580,-20,-0.77,2550,2680,1399-11-27
4,شپنا,پالايش نفت اصفهان,31982,308597740,4103619809740,13400,13210,13150,-250,-1.87,13300,-100,-0.75,13140,13740,1399-11-27
5,دارا يكم,صندوق واسطه گري مالي يكم-سهام,30200,23880707,3928905145200,170180,165100,163380,-6800,-4.0,164520,-5660,-3.33,163380,167770,1399-11-27
6,بركت,گروه دارويي بركت,29803,110255338,2857241123460,24800,24810,26280,1480,5.97,25910,1110,4.48,24800,26280,1399-11-27
7,كزغال,زغال سنگ پروده طبس,29427,3984487,110633266042,26195,27766,27766,1571,6.0,27766,1571,6.0,27766,27766,1399-11-27
8,شبندر,پالايش نفت بندرعباس,27022,141431881,3621611031050,24450,24820,25910,1460,5.97,25610,1160,4.74,24020,25910,1399-11-27
9,گدنا,تهيه توزيع غذاي دنا آفرين فدك,22572,2620816,83742933648,30145,31953,31953,1808,6.0,31953,1808,6.0,31953,31953,1399-11-27
10,فولاد,فولاد مباركه اصفهان,20063,156503255,1981417466800,12770,12600,12540,-230,-1.8,12660,-110,-0.86,12520,13030,1399-11-27
11,وسپهر,سرمايه گذاري مالي سپهرصادرات,16469,70510450,712174392770,10103,10101,10100,-3,-0.03,10100,-3,-0.03,10100,10103,1399-11-27
12,شستا,سرمايه گذاري تامين اجتماعي,16404,84606104,1941476521120,23400,22940,22940,-460,-1.97,22950,-450,-1.92,22940,23210,1399-11-27
13,شاروم,پتروشيمي اروميه,15186,15063330,324300763604,21126,21500,21160,34,0.16,21529,403,1.91,20704,22250,1399-11-27
14,شتران,پالايش نفت تهران,13016,128717390,1246759371910,9830,9640,9640,-190,-1.93,9690,-140,-1.42,9640,9930,1399-11-27
15,خودرو,ايران‌ خودرو,12592,349086495,995025470870,2890,2860,2840,-50,-1.73,2850,-40,-1.38,2840,2900,1399-11-27
16,زملارد,كشاورزي و دامپروري ملارد شير,11756,4372796,161573396686,36695,36200,37400,705,1.92,36950,255,0.69,35962,38000,1399-11-27
17,بترانس,ايران‌ ترانسفو,10162,189690442,591145580370,3120,3130,3100,-20,-0.64,3120,0,0.0,3060,3250,1399-11-27
18,سيتا,سرمايه گذاري سيمان تامين,10048,21888801,328511937770,15020,15030,15000,-20,-0.13,15010,-10,-0.07,15000,15190,1399-11-27
19,امين,تامين سرمايه امين,8980,9403227,97788071640,10590,10380,10440,-150,-1.42,10400,-190,-1.79,10380,10450,1399-11-27
20,ساوه,سيمان ساوه,8451,9664153,602542386672,59526,63097,63097,3571,6.0,62348,2822,4.74,60000,63097,1399-11-27
21,آوا,صندوق س.سهام آواي معيار-س,8225,76007536,588115081227,7887,7700,7660,-227,-2.88,7738,-149,-1.89,7530,7940,1399-11-27
22,وكبهمن,مديريت سرمايه گذاري كوثربهمن,7873,5337791,72512868340,13838,13562,13562,-276,-1.99,13585,-253,-1.83,13562,13787,1399-11-27
23,شتوكا,توكا رنگ فولاد سپاهان,7692,10736099,624510519746,58205,59800,57041,-1164,-2.0,58169,-36,-0.06,57041,61000,1399-11-27
24,سنير,سيمان‌ سفيد ني‌ريز,7614,2395520,645499453120,273470,268010,268010,-5460,-2.0,269460,-4010,-1.47,268010,278000,1399-11-27
25,درهآور,دارويي ره آورد تامين,7560,8709958,500203633564,56580,57310,55449,-1131,-2.0,57429,849,1.5,55449,59974,1399-11-27
26,آريا,پليمر آريا ساسول,7289,3641089,287245670763,80382,78780,78790,-1592,-1.98,78890,-1492,-1.86,78775,79790,1399-11-27
27,غزر,صنعتي زر ماكارون,7006,3095475,86758644980,28580,28100,28010,-570,-1.99,28030,-550,-1.92,28010,28480,1399-11-27
28,بگيلان,توسعه مسير برق گيلان,6982,1755151,37828920847,21644,21300,21255,-389,-1.8,21576,-68,-0.31,21212,22130,1399-11-27
29,آبادا,توليد نيروي برق آبادان,6897,3446734,51880758670,15320,15050,15020,-300,-1.96,15050,-270,-1.76,15020,15310,1399-11-27
30,ولپارس,ليزينگ پارسيان,6856,11784109,62968653640,5440,5370,5340,-100,-1.84,5340,-100,-1.84,5340,5490,1399-11-27
31,قثابت,قند ثابت‌ خراسان‌,6767,13030556,947359681680,70440,70510,73100,2660,3.78,72700,2260,3.21,70440,74430,1399-11-27
32,كسرام,پارس‌ سرام‌,6640,36358395,362884935790,9920,10000,9730,-190,-1.92,9980,60,0.6,9730,10410,1399-11-27
33,بوعلي,پتروشيمي بوعلي سينا,6323,4025358,179547095300,45510,44600,44600,-910,-2.0,44600,-910,-2.0,44600,45180,1399-11-27
34,وساپا,سرمايه‌گذاري‌ سايپا,6320,79745814,519197094370,6380,6500,6500,120,1.88,6510,130,2.04,6260,6750,1399-11-27
35,ثبهساز,بهساز كاشانه تهران,6313,64631274,163206306470,2570,2520,2520,-50,-1.95,2530,-40,-1.56,2520,2550,1399-11-27
36,خنصير,مهندسي‌نصيرماشين‌,6031,5114788,522578264210,97500,100000,103350,5850,6.0,102170,4670,4.79,98700,103350,1399-11-27
37,ثاميد,توسعه و عمران اميد,5922,48028438,85168765730,1800,1770,1770,-30,-1.67,1770,-30,-1.67,1770,1790,1399-11-27
38,سفار,سيمان‌فارس‌,5644,2882811,454097341000,156080,154500,152960,-3120,-2.0,157520,1440,0.92,152960,164440,1399-11-27
39,پيزد,مجتمع صنايع لاستيك يزد,5620,829307,60267401151,72891,72700,72590,-301,-0.41,72672,-219,-0.3,71500,74490,1399-11-27
40,خگستر,گسترش‌سرمايه‌گذاري‌ايران‌خودرو,5536,168209894,557022160690,3370,3310,3310,-60,-1.78,3310,-60,-1.78,3310,3350,1399-11-27
41,كالا,بورس كالاي ايران,5071,10184960,387400408620,36590,37500,38780,2190,5.99,38040,1450,3.96,35920,38780,1399-11-27
42,غنوش,نوش‌ مازندران‌,4995,8725255,553893354750,60270,63320,62790,2520,4.18,63480,3210,5.33,61540,63880,1399-11-27
43,پترول,گروه پتروشيمي س. ايرانيان,4982,35415998,366867860570,10550,10340,10340,-210,-1.99,10360,-190,-1.8,10340,10600,1399-11-27
44,فرآور,فرآوري‌موادمعدني‌ايران‌,4892,11694356,452220833490,36990,37730,39200,2210,5.97,38670,1680,4.54,37000,39200,1399-11-27
45,بپيوند,برق و انرژي پيوندگستر پارس,4797,4538219,71505722170,16067,15750,15746,-321,-2.0,15756,-311,-1.94,15746,16000,1399-11-27
46,غالبر,لبنيات‌ كالبر,4590,23014180,432520462420,18240,17880,19330,1090,5.98,18790,550,3.02,17880,19330,1399-11-27
47,شگويا,پتروشيمي تندگويان,4571,22494608,200746848426,9068,9000,8887,-181,-2.0,8924,-144,-1.59,8887,9110,1399-11-27
48,چفيبر,فيبر ايران‌,4409,16632714,235514229710,14030,14400,13750,-280,-2.0,14160,130,0.93,13750,14790,1399-11-27
49,حفاري,حفاري شمال,4360,22088876,269449017260,11910,11750,12430,520,4.37,12200,290,2.43,11720,12490,1399-11-27
50,فارس,صنايع پتروشيمي خليج فارس,4340,20917952,201968070430,9740,9560,9550,-190,-1.95,9660,-80,-0.82,9550,9980,1399-11-27
51,ذوب,سهامي ذوب آهن  اصفهان,4270,82131674,362217152799,4498,4409,4409,-89,-1.98,4410,-88,-1.96,4409,4450,1399-11-27
52,حريل,ريل پردازسير,4142,70633333,427993533238,5761,5810,6106,345,5.99,6059,298,5.17,5750,6106,1399-11-27
53,فاسمين,كالسيمين‌,4137,24782187,433244087060,17280,17200,17340,60,0.35,17480,200,1.16,16940,18290,1399-11-27
54,بالبر,كابل‌ البرز,4120,5541266,246395100080,43470,44000,44850,1380,3.17,44470,1000,2.3,42810,45990,1399-11-27
55,فرابورس,فرابورس ايران,4070,8394467,305739278625,36151,35900,36090,-61,-0.17,36422,271,0.75,35428,38000,1399-11-27
56,ثپرديس,سرمايه گذاري مسكن پرديس,4046,25466418,263850982026,10113,9911,10719,606,5.99,10361,248,2.45,9911,10719,1399-11-27
57,ساروم,سيمان‌اروميه‌,4040,7641554,300116286820,39210,38430,38590,-620,-1.58,39270,60,0.15,38430,41000,1399-11-27
58,كترام,توليدي‌ كاشي‌ تكسرام‌,3990,8962680,424011969990,45050,47400,46980,1930,4.28,47310,2260,5.02,46050,47750,1399-11-27
59,وسكاب,س.ص.بازنشستگي كاركنان بانكها,3972,45666034,324972515540,7080,7050,6990,-90,-1.27,7120,40,0.56,6950,7330,1399-11-27
60,ثنور,سرمايه گذاري كوه نور,3959,43832312,477078181130,10831,10615,11155,324,2.99,10884,53,0.49,10615,11155,1399-11-27
61,هاي وب,داده گسترعصرنوين-هاي وب,3947,21726254,482076669870,22620,22170,22170,-450,-1.99,22190,-430,-1.9,22170,22460,1399-11-27
62,سمگا,گروه سرمايه گذاري ميراث فرهنگي,3944,35375912,1069934888515,30839,30223,30223,-616,-2.0,30245,-594,-1.93,30223,30690,1399-11-27
63,شبريز,پالايش نفت تبريز,3834,17140193,477456248950,28230,27710,27760,-470,-1.66,27860,-370,-1.31,27670,28720,1399-11-27
64,ومعادن,توسعه‌معادن‌وفلزات‌,3767,31761363,385249848660,12310,12150,12110,-200,-1.62,12130,-180,-1.46,12070,12530,1399-11-27
65,حآسا,آسيا سير ارس,3760,6682189,293630727182,43660,44130,43700,40,0.09,43942,282,0.65,42787,45500,1399-11-27
66,سحرخيز,صندوق س. گروه زعفران سحرخيز,3741,15696036,154006731727,10486,10150,9950,-536,-5.11,9812,-674,-6.43,9450,10150,1399-11-27
67,كسعدي,كاشي‌ سعدي‌,3634,12121897,220988945720,17750,17410,18810,1060,5.97,18230,480,2.7,17400,18810,1399-11-27
68,فروي,ذوب روي اصفهان,3594,3198726,233074937099,73566,74100,72095,-1471,-2.0,72865,-701,-0.95,72095,75000,1399-11-27
69,وايران,ليزينگ ايرانيان,3588,17570039,193662644450,10700,10490,11280,580,5.42,11020,320,2.99,10490,11300,1399-11-27
70,قجامح,ح.فرآورده غذايي وقندتربت‌جام,3512,34175492,257301071786,7501,7651,7600,99,1.32,7529,28,0.37,7351,7651,1399-11-27
71,وآذر,سرمايه‌گذاري‌توسعه‌آذربايجان‌,3449,3233618,292449146360,89670,90000,89150,-520,-0.58,90440,770,0.86,87880,94400,1399-11-27
72,ثشاهد,سرمايه‌ گذاري‌ شاهد,3407,10102259,210171872460,21000,20600,20580,-420,-2.0,20800,-200,-0.95,20580,21430,1399-11-27
73,وغدير,سرمايه‌گذاري‌غدير(هلدينگ‌,3356,30375502,379768462370,12730,12480,12480,-250,-1.96,12500,-230,-1.81,12480,12730,1399-11-27
74,غگل,گلوكوزان‌,3296,46788986,175993907960,3830,3760,3770,-60,-1.57,3760,-70,-1.83,3760,3800,1399-11-27
75,ثرود,سرمايه‌گذاري مسكن زاينده رود,3283,17010734,300534532630,17015,16675,17990,975,5.73,17667,652,3.83,16675,18035,1399-11-27
76,ملت,بيمه ملت,3277,15922947,290224580100,17920,17800,18360,440,2.46,18230,310,1.73,17570,18780,1399-11-27
77,زشگزا,شير و گوشت زاگرس شهركرد,3180,17647982,150158502619,8454,8285,8670,216,2.56,8509,55,0.65,8285,8777,1399-11-27
78,وخارزم,سرمايه گذاري خوارزمي,3164,26195897,243401141650,9460,9280,9280,-180,-1.9,9290,-170,-1.8,9280,9440,1399-11-27
79,كسعديح,ح . كاشي‌ سعدي‌,3152,15127057,216194547870,13920,13430,14750,830,5.96,14290,370,2.66,13370,15220,1399-11-27
80,ثاخت,بين‌المللي‌توسعه‌ساختمان,3134,114394053,356120171280,3170,3110,3110,-60,-1.89,3110,-60,-1.89,3110,3230,1399-11-27
81,شلرد,كود شيميايي اوره لردگان,3111,27393051,193876943658,7117,6975,7210,93,1.31,7078,-39,-0.55,6975,7240,1399-11-27
82,امين يكم,صندوق درآمد ثابت امين يكم فردا,3062,111120352,1137627680155,10231,10240,10234,3,0.03,10238,7,0.07,10231,10243,1399-11-27
83,غشهداب,كشت و صنعت شهداب ناب خراسان,3060,31716528,129292989633,4103,4021,4035,-68,-1.66,4077,-26,-0.63,4021,4210,1399-11-27
84,قشرين,قند شيرين خراسان,3013,13893116,224811617779,16800,16128,16301,-499,-2.97,16182,-618,-3.68,16128,16611,1399-11-27
85,كمند,صندوق س. با درآمد ثابت كمند,3009,122218806,1230390342545,10061,10066,10066,5,0.05,10067,6,0.06,10066,10070,1399-11-27
86,تاپيكو,س. نفت و گاز و پتروشيمي تأمين,2994,21950129,278125495370,12860,12610,12610,-250,-1.94,12670,-190,-1.48,12610,13020,1399-11-27
87,دانا,بيمه دانا,2992,24543043,165743515780,6660,6570,6790,130,1.95,6750,90,1.35,6530,6950,1399-11-27
88,نهال,صندوق س. طلاي سرخ نوويرا,2948,9328847,89035237011,9972,9612,9720,-252,-2.53,9544,-428,-4.29,9001,9900,1399-11-27
89,حسير,ريل سير كوثر,2874,11455177,207658053189,17370,17960,17920,550,3.17,18128,758,4.36,17380,18412,1399-11-27
90,كيميا,معدني كيمياي زنجان گستران,2851,23615113,444471377116,17798,18865,18865,1067,6.0,18821,1023,5.75,18299,18865,1399-11-27
91,دبالك,مواد اوليه دارويي البرز بالك,2840,8177743,169755335281,19978,19950,21176,1198,6.0,20758,780,3.9,19579,21176,1399-11-27
92,سرو,صندوق س سروسودمند مدبران-سهام,2829,3743560,254776495270,68420,67500,68030,-390,-0.57,68060,-360,-0.53,66200,69000,1399-11-27
93,پتاير,ايران‌ تاير,2683,39177899,190574284200,5590,4900,4810,-780,-13.95,4860,-730,-13.06,4810,4990,1399-11-27
94,وصنعت,سرمايه گذاري توسعه صنعت وتجارت,2653,40578433,304738414300,7090,7510,7510,420,5.92,7510,420,5.92,7450,7510,1399-11-27
95,چكارن,كارتن‌ ايران‌,2651,61349928,241121517520,3720,3750,3940,220,5.91,3930,210,5.65,3700,3940,1399-11-27
96,غچين,كشت‌ و صنعت‌ چين‌ چين,2575,5962116,126557661890,20880,20670,21000,120,0.57,21230,350,1.68,20470,22000,1399-11-27
97,خزاميا,زامياد,2531,28624515,254008512500,9050,8870,8870,-180,-1.99,8870,-180,-1.99,8870,8950,1399-11-27
98,غگيلا,شيرپاستوريزه پگاه گيلان,2490,36675,862596000,22189,23520,23520,1331,6.0,22210,21,0.09,23520,23520,1399-11-27
99,زكوثر,سرمايه گذاري كشاورزي كوثر,2442,5032022,109475850580,21960,21530,21530,-430,-1.96,21760,-200,-0.91,21530,22320,1399-11-27
100,زكشت,كشاورزي مكانيزه اصفهان كشت,2409,7552150,305955745366,38333,40632,40632,2299,6.0,40512,2179,5.68,39220,40632,1399-11-27
101,كطبس,ذغال‌سنگ‌ نگين‌ ط‌بس‌,2408,3897353,330072823230,80790,79200,85630,4840,5.99,84690,3900,4.83,79180,85630,1399-11-27
102,آپ,آسان پرداخت پرشين,2361,11918609,223974232610,17830,17840,18890,1060,5.95,18790,960,5.38,17520,18890,1399-11-27
103,سرود,سيمان‌شاهرود,2316,9555881,206677697240,20590,20780,21820,1230,5.97,21630,1040,5.05,20700,21820,1399-11-27
104,غديس,پاكديس,2306,9851405,141294223616,14219,14300,13935,-284,-2.0,14343,124,0.87,13935,14880,1399-11-27
105,صبا,سرمايه گذاري صبا تامين,2304,14810875,115579165502,7956,7850,7797,-159,-2.0,7810,-146,-1.84,7797,7900,1399-11-27
106,آگاس,صندوق س.هستي بخش آگاه-س,2284,3909749,259820474558,67168,66628,66440,-728,-1.08,66455,-713,-1.06,65000,67150,1399-11-27
107,والبر,سرمايه‌ گذاري‌ البرز(هلدينگ‌,2245,9281370,163213287110,17010,17290,17440,430,2.53,17590,580,3.41,17010,18020,1399-11-27
108,ولغدر,ليزينگ‌خودروغدير,2221,6951251,141959998200,20270,20000,20470,200,0.99,20420,150,0.74,19870,21000,1399-11-27
109,كپرور,فرآوري زغال سنگ پروده طبس,2218,3625850,157620048498,42244,43400,42999,755,1.79,43471,1227,2.9,42240,44768,1399-11-27
110,فخوز,فولاد  خوزستان,2217,18464270,253815610120,13970,13700,13700,-270,-1.93,13750,-220,-1.57,13700,14000,1399-11-27
111,فزرين,زرين معدن آسيا,2192,10930790,305201843584,26511,27313,28101,1590,6.0,27921,1410,5.32,26500,28101,1399-11-27
112,ديران,ايران‌دارو,2160,6554060,169285528550,26260,25900,25740,-520,-1.98,25830,-430,-1.64,25740,26510,1399-11-27
113,نطرين,عطرين نخ قم,2159,8899970,107335995277,11929,12010,12029,100,0.84,12060,131,1.1,11691,12350,1399-11-27
114,كساوه,صنايع‌ كاشي‌ و سراميك‌ سينا,2147,2193964,144531251160,65130,66900,65210,80,0.12,65880,750,1.15,63830,67500,1399-11-27
115,ثالوند,سرمايه گذاري مسكن الوند,2144,5549413,186495362951,34021,33400,33341,-680,-2.0,33606,-415,-1.22,33341,35490,1399-11-27
116,خبهمن,گروه‌بهمن‌,2103,13780397,311661271890,23050,22590,22590,-460,-2.0,22620,-430,-1.87,22590,22990,1399-11-27
117,نوري,پتروشيمي نوري,2088,2216406,122700454000,56200,55080,55080,-1120,-1.99,55360,-840,-1.49,55080,56860,1399-11-27
118,سغرب,سيمان‌غرب‌,2057,4846026,145935092130,30650,30040,30040,-610,-1.99,30110,-540,-1.76,30040,31000,1399-11-27
119,شلعاب,لعابيران‌,2051,9984515,171840456890,17190,16850,17530,340,1.98,17210,20,0.12,16850,17930,1399-11-27
120,ستران,سيمان‌ تهران‌,2043,4190306,114355954930,27590,27200,27040,-550,-1.99,27290,-300,-1.09,27040,28000,1399-11-27
121,ثعمرا,عمران و توسعه شاهد,2037,13927661,183359323198,12486,12650,13235,749,6.0,13165,679,5.44,12500,13235,1399-11-27
122,دفارا,داروسازي‌ فارابي‌,2033,2586603,177889488460,67500,69880,67000,-500,-0.74,68770,1270,1.88,66300,71540,1399-11-27
123,ثباغ,شهر سازي و خانه سازي باغميشه,2021,10405920,171479079214,15615,16500,16551,936,5.99,16479,864,5.53,15927,16551,1399-11-27
124,خفنر,فنرسازي‌خاور,2014,9452258,212209075160,21360,21110,22640,1280,5.99,22450,1090,5.1,21110,22640,1399-11-27
125,غگلپا,شير پاستوريزه پگاه گلپايگان,2013,2982863,222703313801,72867,74800,73200,333,0.46,74661,1794,2.46,71410,77239,1399-11-27
126,وپست,پست بانك ايران,2004,9904059,183303471900,17970,18100,18350,380,2.11,18510,540,3.01,18050,18890,1399-11-27
127,سصوفي,سيمان‌ صوفيان‌,1991,10834523,177077504910,16640,16310,16310,-330,-1.98,16340,-300,-1.8,16310,16620,1399-11-27
128,مفاخر,توسعه فناوري اطلاعات خوارزمي,1972,4126925,278355682450,63968,67500,67806,3838,6.0,67449,3481,5.44,64000,67806,1399-11-27
129,لخزر,پارس‌ خزر,1966,791119,151927662520,187390,188000,192000,4610,2.46,192040,4650,2.48,183650,197900,1399-11-27
130,ونفت,سرمايه‌گذاري‌ صنعت‌ نفت‌,1963,14965460,268904030770,17030,17010,18050,1020,5.99,17970,940,5.52,16850,18050,1399-11-27
131,سباقر,سيمان باقران,1955,11310962,217952707711,18838,19403,18800,-38,-0.2,19269,431,2.29,18500,19403,1399-11-27
132,تبرك,گروه كارخانجات صنعتي تبرك,1927,3978294,68061093233,17013,17000,17020,7,0.04,17108,95,0.56,16673,17500,1399-11-27
133,كروي,توسعه‌ معادن‌ روي‌ ايران‌,1864,7061893,210933576570,30330,29730,29730,-600,-1.98,29870,-460,-1.52,29730,31000,1399-11-27
134,ودي,بيمه  دي,1862,11077149,245674344273,22540,22090,22668,128,0.57,22178,-362,-1.61,22090,22800,1399-11-27
135,وتوكا,سرمايه‌گذاري‌توكافولاد(هلدينگ,1862,13051998,157335104160,12030,12090,12010,-20,-0.17,12050,20,0.17,11790,12450,1399-11-27
136,سمازن,سيمان‌مازندران‌,1852,16498005,194827267020,11210,11360,11880,670,5.98,11810,600,5.35,11360,11880,1399-11-27
137,كپارس,كاشي‌ پارس‌,1847,907562,153704549410,170770,171480,167360,-3410,-2.0,169360,-1410,-0.83,167360,174450,1399-11-27
138,فسرب,ملي‌ سرب‌وروي‌ ايران‌,1828,800259,71100492240,88830,90500,88870,40,0.05,88850,20,0.02,87060,91250,1399-11-27
139,فپنتا,سپنتا,1787,745927,313977349990,397290,421120,421120,23830,6.0,420920,23630,5.95,405900,421120,1399-11-27
140,كاوه,فولاد كاوه جنوب كيش,1785,13587407,251250316470,18810,18820,18440,-370,-1.97,18490,-320,-1.7,18440,18820,1399-11-27
141,اعتماد,صندوق س.اعتماد آفرين پارسيان-د,1780,48148800,1679211702850,34856,34873,34878,22,0.06,34875,19,0.05,34872,34878,1399-11-27
142,سفارس,سيمان فارس و خوزستان,1780,7755769,146257072200,19110,19400,18740,-370,-1.94,18860,-250,-1.31,18730,19400,1399-11-27
143,فالوم,آلومتك‌,1779,5210088,191501981725,36272,35557,37360,1088,3.0,36756,484,1.33,35550,37360,1399-11-27
144,وتجارت,بانك تجارت,1771,36885183,108442938020,2990,2940,2940,-50,-1.67,2950,-40,-1.34,2940,2950,1399-11-27
145,ورنا,سرمايه‌گذاري‌ رنا(هلدينگ‌,1694,21620396,129691242100,6050,5940,5930,-120,-1.98,6000,-50,-0.83,5930,6190,1399-11-27
146,تليسه,دامداري تليسه نمونه,1687,15169347,64660016618,4346,4260,4260,-86,-1.98,4263,-83,-1.91,4260,4341,1399-11-27
147,لپارس,پارس‌ الكتريك‌,1667,1067006,107613635730,102410,101000,100370,-2040,-1.99,100860,-1550,-1.51,100370,104480,1399-11-27
148,غويتاح,ح . ويتانا,1663,7300994,101136964130,14021,14200,13950,-71,-0.51,13852,-169,-1.21,13741,14200,1399-11-27
149,زمگسا,كشاورزي‌ ودامپروي‌ مگسال‌,1660,3980000,127904675330,30540,31000,32370,1830,5.99,32140,1600,5.24,29960,32370,1399-11-27
150,خشرق,الكتريك‌ خودرو شرق‌,1640,4790625,81986101210,16670,16360,17150,480,2.88,17110,440,2.64,16340,17640,1399-11-27
151,فاراك,ماشين‌ سازي‌ اراك‌,1632,20775930,113793380740,5580,5500,5470,-110,-1.97,5480,-100,-1.79,5470,5640,1399-11-27
152,خپارس,پارس‌ خودرو,1623,28147517,174753589860,6320,6200,6200,-120,-1.9,6210,-110,-1.74,6200,6330,1399-11-27
153,ارفع,شركت آهن و فولاد ارفع,1607,10890206,145493167972,13480,13300,13214,-266,-1.97,13360,-120,-0.89,13211,13690,1399-11-27
154,وثنو,سرمايه گذاري ساختماني نوين,1580,5954627,106142219499,17114,17150,17969,855,5.0,17825,711,4.15,16750,17969,1399-11-27
155,مدير,ص.س.مديريت ثروت ص.بازنشستگي-س,1574,8797645,86073175599,10134,9792,9729,-405,-4.0,9784,-350,-3.45,9729,9950,1399-11-27
156,آريان,سرمايه گذاري پارس آريان,1573,32458767,414508614169,12431,12599,12690,259,2.08,12770,339,2.73,12184,12803,1399-11-27
157,بشهاب,لامپ‌  پارس‌ شهاب‌,1568,1474477,211040216880,139110,136330,147450,8340,6.0,143130,4020,2.89,136330,147450,1399-11-27
158,كاسپين,داروسازي كاسپين تامين,1565,3983442,102722063487,24486,25250,25955,1469,6.0,25787,1301,5.31,24900,25955,1399-11-27
159,ساراب,سيمان‌ داراب‌,1549,6969606,115434008880,16580,16250,16250,-330,-1.99,16560,-20,-0.12,16250,17490,1399-11-27
160,ونوين,بانك‌اقتصادنوين‌,1532,33953726,140116198910,4200,4120,4120,-80,-1.9,4130,-70,-1.67,4120,4220,1399-11-27
161,ونيرو,سرمايه‌گذاري‌نيرو,1520,28562667,80874598100,2870,2830,2820,-50,-1.74,2830,-40,-1.39,2820,2900,1399-11-27
162,افرا,افرانت,1516,2541488,84955882403,32174,31531,34104,1930,6.0,33428,1254,3.9,31531,34104,1399-11-27
163,دتوليد,داروسازي توليد دارو,1514,3386390,97167128265,28872,28872,28300,-572,-1.98,28693,-179,-0.62,28295,29690,1399-11-27
164,وسين,بيمه سينا,1506,10003658,199885641586,20446,19424,20750,304,1.49,19981,-465,-2.27,19424,21400,1399-11-27
165,ددام,داروسازي زاگرس فارمد پارس,1456,7181146,154614527610,21000,20580,22260,1260,6.0,21530,530,2.52,20580,22260,1399-11-27
166,سقاين,سيمان‌ قائن‌,1449,784872,65359556100,83450,82050,82500,-950,-1.14,83270,-180,-0.22,82050,85900,1399-11-27
167,قصفها,قنداصفهان‌,1436,461389,82822146000,181890,178260,178260,-3630,-2.0,179510,-2380,-1.31,178260,186450,1399-11-27
168,ميهن,بيمه ميهن,1419,11259822,52359163615,4658,4575,4577,-81,-1.74,4650,-8,-0.17,4565,4776,1399-11-27
169,پارسان,گسترش نفت و گاز پارسيان,1415,9149596,180044537920,20020,19640,19620,-400,-2.0,19680,-340,-1.7,19620,20480,1399-11-27
170,كچاد,معدني‌وصنعتي‌چادرملو,1411,9678046,196306630870,20610,20620,20210,-400,-1.94,20280,-330,-1.6,20200,20740,1399-11-27
171,پكوير,كوير تاير,1377,4160849,60733340030,14600,14310,14360,-240,-1.64,14600,0,0.0,14310,14880,1399-11-27
172,دزهراوي,داروسازي‌زهراوي‌,1365,5597024,46579038240,8390,8250,8240,-150,-1.79,8330,-60,-0.72,8230,8600,1399-11-27
173,وليز,ليزينگ‌ايران‌,1353,10634523,88235488300,7930,8000,8400,470,5.93,8300,370,4.67,8000,8400,1399-11-27
174,خپويش,سازه‌ پويش‌,1341,1204809,67149636210,54650,53750,57920,3270,5.98,55730,1080,1.98,53560,57920,1399-11-27
175,ارزش,صندوق س ارزش آفرين بيدار-سهام,1340,10233694,105692126590,10530,10280,10230,-300,-2.85,10330,-200,-1.9,10160,10520,1399-11-27
176,ختوقا,قطعات‌ اتومبيل‌ ايران‌,1340,23159107,64936474190,2850,2800,2800,-50,-1.75,2800,-50,-1.75,2800,2840,1399-11-27
177,قهكمت,قندهكمتان‌,1336,1973761,92779654890,46310,46310,46510,200,0.43,47010,700,1.51,45390,48490,1399-11-27
178,وشهر,بانك شهر,1319,20086623,114608052188,5933,5830,5696,-237,-3.99,5706,-227,-3.83,5696,5840,1399-11-27
179,سكرد,سيمان كردستان,1317,9354979,104724648810,10730,11000,11370,640,5.96,11190,460,4.29,10520,11370,1399-11-27
180,وثوق,سرمايه گذاري وثوق امين,1304,7778161,207468485258,25914,26691,26691,777,3.0,26673,759,2.93,25420,26691,1399-11-27
181,چكاوهح,ح . صنايع‌كاغذسازي‌كاوه‌,1304,6559175,71553268860,11030,11220,10890,-140,-1.27,10910,-120,-1.09,10590,11290,1399-11-27
182,شيران,س. صنايع‌شيميايي‌ايران,1301,5326950,161148633030,30860,30250,30250,-610,-1.98,30250,-610,-1.98,30250,30440,1399-11-27
183,گكوثر,هتل پارسيان كوثر اصفهان,1287,25007250,64428349336,2628,2576,2576,-52,-1.98,2576,-52,-1.98,2576,2600,1399-11-27
184,تپمپي,پمپ‌ سازي‌ ايران‌,1284,4276341,88418991000,20880,21440,20470,-410,-1.96,20680,-200,-0.96,20470,21440,1399-11-27
185,لپيام,گسترش صنايع پيام,1284,4823673,268803494469,56433,56433,55305,-1128,-2.0,55726,-707,-1.25,55305,57995,1399-11-27
186,كيان,صندوق س. با درآمد ثابت كيان,1281,29318886,796852107735,27166,27181,27177,11,0.04,27179,13,0.05,27177,27184,1399-11-27
187,نوين,بيمه نوين,1264,10572813,64463009992,6116,6001,6127,11,0.18,6097,-19,-0.31,6001,6193,1399-11-27
188,قرن,پديده شيمي قرن,1255,1219667,78853994960,65940,64630,64630,-1310,-1.99,64650,-1290,-1.96,64630,65190,1399-11-27
189,بكهنوج,توليد برق ماهتاب كهنوج,1248,21088833,41679773060,2008,1980,1968,-40,-1.99,1983,-25,-1.25,1968,2040,1399-11-27
190,كگل,معدني و صنعتي گل گهر,1241,5742439,103717481270,18150,18150,18200,50,0.28,18070,-80,-0.44,17790,18260,1399-11-27
191,خودكفا,اقتصادي و خودكفايي آزادگان,1231,4005793,102780994784,26098,26000,25577,-521,-2.0,25658,-440,-1.69,25577,26300,1399-11-27
192,ضخود2007,اختيارخ خودرو-3000-1400/02/08,1223,57095,15965864000,302,300,261,-41,-13.58,280,-22,-7.28,257,320,1399-11-27
193,زفكا,كشت و دامداري فكا,1219,3769993,44426365780,11710,11492,11899,189,1.61,11776,66,0.56,11476,12350,1399-11-27
194,مرقام,ايران‌ارقام‌,1213,3416374,63010213420,18460,18780,18300,-160,-0.87,18440,-20,-0.11,18130,19220,1399-11-27
195,بورس,بورس اوراق بهادار تهران,1212,2157332,93201692850,43700,43800,42900,-800,-1.83,43200,-500,-1.14,42830,44990,1399-11-27
196,دعبيد,لابراتوارداروسازي‌  دكترعبيدي‌,1211,2410144,57715305820,24250,24370,23780,-470,-1.94,23950,-300,-1.24,23770,24490,1399-11-27
197,سخاش,سيمان‌خاش‌,1205,362090,63032159590,177210,178670,173670,-3540,-2.0,174080,-3130,-1.77,173670,180000,1399-11-27
198,دروز,داروسازي‌ روزدارو,1197,8935763,266094172320,28140,28790,29820,1680,5.97,29780,1640,5.83,28530,29820,1399-11-27
199,تسه9910,امتياز تسهيلات مسكن دي99,1178,33423,21388532736,650332,640000,642998,-7334,-1.13,639935,-10397,-1.6,630000,643000,1399-11-27
200,وتوس,توسعه‌شهري‌توس‌گستر,1167,6107561,97136891660,16220,15900,15900,-320,-1.97,15900,-320,-1.97,15900,16160,1399-11-27
201,غپونه,نوش پونه مشهد,1166,5696503,132528337785,22598,23275,23275,677,3.0,23265,667,2.95,22720,23275,1399-11-27
202,تسه9908,امتياز تسهيلات مسكن آبان99,1163,35862,22783962925,647403,640000,640500,-6903,-1.07,635323,-12080,-1.87,615032,640500,1399-11-27
203,ومهان,گروه توسعه مالي مهر آيندگان,1160,9248040,125623240530,13817,13541,13541,-276,-2.0,13584,-233,-1.69,13541,13990,1399-11-27
204,حبندر,دريايي و کشتيراني خط دريابندر,1154,2335884,77817331326,32583,33500,33560,977,3.0,33314,731,2.24,32000,33560,1399-11-27
205,ونيكي,سرمايه‌گذاري‌ ملي‌ايران‌,1154,5961794,69383680970,11860,11700,11630,-230,-1.94,11670,-190,-1.6,11630,11760,1399-11-27
206,ريشمك,توليد و صادرات ريشمك,1150,1913149,110935856096,58808,57642,58200,-608,-1.03,57986,-822,-1.4,57632,59440,1399-11-27
207,پاكشو,گروه صنعتي پاكشو,1150,1400584,112134700630,79880,79800,80210,330,0.41,80060,180,0.23,78300,81630,1399-11-27
208,سپاها,سيمان‌سپاهان‌,1146,6879026,64490200480,9440,9350,9260,-180,-1.91,9370,-70,-0.74,9260,9590,1399-11-27
209,وثخوز,سرمايه گذاري و توسعه خوزستان,1145,1317889,128207766079,93596,98275,98275,4679,5.0,97283,3687,3.94,94000,98275,1399-11-27
210,ولشرق,ليزينگ ايران و شرق,1144,15006912,128466129853,8096,8390,8581,485,5.99,8560,464,5.73,8174,8581,1399-11-27
211,فباهنر,مس‌ شهيدباهنر,1139,1270679,67916168600,54290,53210,53210,-1080,-1.99,53450,-840,-1.55,53210,54290,1399-11-27
212,بجهرم,توسعه مولد نيروگاهي جهرم,1132,16957473,52746130430,3173,3110,3110,-63,-1.99,3110,-63,-1.99,3110,3126,1399-11-27
213,ركيش,كارت اعتباري ايران كيش,1120,2497128,67635095720,26330,26990,27190,860,3.27,27090,760,2.89,26500,27590,1399-11-27
214,رانفور,خدمات‌انفورماتيك‌,1115,3716167,95366898270,26160,25650,25700,-460,-1.76,25660,-500,-1.91,25640,26500,1399-11-27
215,وبصادر,بانك صادرات ايران,1103,28940230,77853023230,2740,2690,2690,-50,-1.82,2710,-30,-1.09,2690,2710,1399-11-27
216,خريخت,صنايع‌ريخته‌گري‌ايران‌,1103,12355165,45374688260,3730,3660,3670,-60,-1.61,3680,-50,-1.34,3660,3750,1399-11-27
217,ولملت,واسپاري ملت,1101,7819168,65753789800,8530,8360,8360,-170,-1.99,8410,-120,-1.41,8360,8740,1399-11-27
218,شصدف,صنعتي دوده فام,1092,110091,3266399970,27991,29670,29670,1679,6.0,28093,102,0.36,29670,29670,1399-11-27
219,خكار,ايركا پارت صنعت,1090,5505333,115105747290,19920,20160,21110,1190,5.97,20910,990,4.97,20160,21110,1399-11-27
220,سشمال,سيمان‌ شمال‌,1088,3929064,45178007230,11640,11930,11410,-230,-1.98,11520,-120,-1.03,11410,11930,1399-11-27
221,وصنا,گروه‌صنايع‌بهشهرايران‌,1077,7603087,47028790460,6090,6140,6200,110,1.81,6180,90,1.48,5970,6370,1399-11-27
222,رنيك,جنرال مكانيك,1071,1674197,37074573183,22200,22000,22010,-190,-0.86,22162,-38,-0.17,21770,22500,1399-11-27
223,غگرجي,بيسكويت‌  گرجي‌,1071,3143814,61106714140,19790,19400,19400,-390,-1.97,19440,-350,-1.77,19400,19900,1399-11-27
224,جم,پتروشيمي جم,1059,1434416,47272400880,33150,32890,33030,-120,-0.36,33060,-90,-0.27,32490,34990,1399-11-27
225,خاهن,آهنگري‌ تراكتورسازي‌ ايران‌,1055,2993802,113838123640,38000,38200,38000,0,0.0,38020,20,0.05,38000,38380,1399-11-27
226,تپولا,مهندسي مرآت پولاد,1031,1797567,68634623414,37665,36912,38794,1129,3.0,38182,517,1.37,36912,38794,1399-11-27
227,كاردان,صندوق س تجارت شاخصي كاردان,1023,491834,80248852900,164520,163430,162010,-2510,-1.53,163160,-1360,-0.83,160010,166970,1399-11-27
228,لسرما,سرما آفرين‌,1020,2264872,61451179270,27410,27120,26870,-540,-1.97,27130,-280,-1.02,26870,28250,1399-11-27
229,فسازان,غلتك سازان سپاهان,1019,1387282,50495225820,36500,37000,35820,-680,-1.86,36400,-100,-0.27,35770,37490,1399-11-27
230,بسويچ,پارس‌سويچ‌,1017,1231599,66692334010,51650,54000,54740,3090,5.98,54150,2500,4.84,51850,54740,1399-11-27
231,افق,فروشگاههاي زنجيره اي افق كوروش,1016,544398,43312245330,79340,80000,79690,350,0.44,79440,100,0.13,78110,80500,1399-11-27
232,سشرق,سيمان‌ شرق‌,1015,10149341,74747118820,7480,7340,7340,-140,-1.87,7360,-120,-1.6,7340,7530,1399-11-27
233,وملل,اعتباري ملل,1007,9526765,150059188208,15859,15980,15542,-317,-2.0,15751,-108,-0.68,15542,15980,1399-11-27
234,دزهراويح,ح . ‌داروسازي‌زهراوي‌,1001,9469942,62772741290,6880,6950,6610,-270,-3.92,6630,-250,-3.63,6610,6950,1399-11-27
235,تاصيكو,سرمايه گذاري صدرتامين,1000,20487267,214589199170,10680,10470,10470,-210,-1.97,10470,-210,-1.97,10470,10650,1399-11-27
236,غسالم,سالمين‌,993,11452198,50514856320,4500,4410,4410,-90,-2.0,4410,-90,-2.0,4410,4460,1399-11-27
237,بميلا,توسعه بازرگاني آهن وفولادميلاد,992,3458855,70442495762,21360,20550,20292,-1068,-5.0,20366,-994,-4.65,20292,21299,1399-11-27
238,شسپا,نفت سپاهان,985,4532727,105847489270,23800,23500,23340,-460,-1.93,23350,-450,-1.89,23330,23600,1399-11-27
239,ولساپا,ليزينگ رايان‌ سايپا,977,17947866,67857101170,3850,3780,3780,-70,-1.82,3780,-70,-1.82,3780,3810,1399-11-27
240,واحيا,م .صنايع و معادن احياء سپاهان,972,818716,122443603133,147394,144500,151814,4420,3.0,149556,2162,1.47,144500,151815,1399-11-27
241,پلاسك,پلاسكوكار,966,5313010,42987996540,8180,8020,8020,-160,-1.96,8100,-80,-0.98,8020,8380,1399-11-27
242,وآفري,بيمه كارآفرين,962,3099397,64334391616,20299,20907,20879,580,2.86,20757,458,2.26,20300,20907,1399-11-27
243,كمينا,شيشه سازي مينا,960,2770646,74575999091,27231,25910,26980,-251,-0.92,26916,-315,-1.16,25870,28400,1399-11-27
244,وبانك,سرمايه گذاري گروه توسعه ملي,955,7480897,63161212600,8610,8440,8440,-170,-1.97,8500,-110,-1.28,8440,8690,1399-11-27
245,كرمان,س. توسعه و عمران استان كرمان,952,1171025,60738304532,52903,51845,51845,-1058,-2.0,51868,-1035,-1.96,51845,52579,1399-11-27
246,فنوال,نورد آلومينيوم‌,946,5105311,145471335870,29050,28800,28470,-580,-2.0,28490,-560,-1.93,28470,29190,1399-11-27
247,غفارس,شير پاستوريزه پگاه فارس,942,8229469,131671504000,15095,16000,16000,905,6.0,16000,905,6.0,16000,16000,1399-11-27
248,بمپنا,توليد برق عسلويه  مپنا,941,6048476,491626177756,76681,81281,81281,4600,6.0,81281,4600,6.0,81281,81281,1399-11-27
249,اپرداز,آتيه داده پرداز,941,3034139,67109606248,22113,22113,21671,-442,-2.0,22118,5,0.02,21671,23000,1399-11-27
250,فايرا,آلومينيوم‌ايران‌,919,2738672,74820759220,27090,26550,27090,0,0.0,27320,230,0.85,26550,28220,1399-11-27
251,شپارس,بين‌ المللي‌ محصولات‌  پارس‌,917,3582335,66588589190,17590,18480,18640,1050,5.97,18590,1000,5.69,18000,18640,1399-11-27
252,حخزر,كشتيراني درياي خزر,916,5634217,155295304742,26658,26125,28257,1599,6.0,27563,905,3.39,26125,28257,1399-11-27
253,فلوله,لوله‌وماشين‌سازي‌ايران‌,914,3659069,80396797710,22340,21900,21900,-440,-1.97,21970,-370,-1.66,21900,22600,1399-11-27
254,بساما,بيمه سامان,907,2200034,55279993763,23880,24500,25312,1432,6.0,25089,1209,5.06,23518,25312,1399-11-27
255,ولتجار,واسپاري تجارت وسرمايه ايرانيان,905,10916733,82511143291,7436,7289,7659,223,3.0,7558,122,1.64,7288,7659,1399-11-27
256,زاگرس,پتروشيمي زاگرس,905,814777,158750894031,198599,196600,194628,-3971,-2.0,194840,-3759,-1.89,194628,199000,1399-11-27
257,وسپهح,ح . سرمايه‌گذاري‌ سپه‌,901,7459407,40545509870,5620,5400,5400,-220,-3.91,5440,-180,-3.2,5400,5580,1399-11-27
258,سيدكو,سرمايه گذاري توسعه صنايع سيمان,893,4383702,27774025430,6100,6260,6400,300,4.92,6220,120,1.97,6100,6450,1399-11-27
259,وملي,گروه‌ صنعتي‌ ملي‌ (هلدينگ‌,891,376312,66607596620,180540,176950,176930,-3610,-2.0,177000,-3540,-1.96,176930,179500,1399-11-27
260,تاپكيش,تجارت الكترونيك پارسيان كيش,890,3262530,65629333928,20397,20397,20180,-217,-1.06,20116,-281,-1.38,19990,20397,1399-11-27
261,شپديس,پتروشيمي پرديس,888,2008821,192946207140,97230,97000,95350,-1880,-1.93,96050,-1180,-1.21,95290,98500,1399-11-27
262,تسه9909,امتياز تسهيلات مسكن آذر99,881,23633,15094761919,647067,640000,632450,-14617,-2.26,638715,-8352,-1.29,625001,642000,1399-11-27
263,اتكاي,بيمه اتكايي ايرانيان,876,3895520,52864834930,13487,13640,13620,133,0.99,13571,84,0.62,13487,13880,1399-11-27
264,وساخت,سرمايه‌ گذاري‌ ساختمان‌ايران‌,876,2246658,109868142240,49820,48840,48830,-990,-1.99,48900,-920,-1.85,48830,50000,1399-11-27
265,سهگمت,سيمان‌هگمتان‌,862,1251998,32295039890,24930,26010,25170,240,0.96,25440,510,2.05,25100,26400,1399-11-27
266,مبين,مبين انرژي خليج فارس,858,5235194,79284815930,15080,14790,15190,110,0.73,15120,40,0.27,14780,15400,1399-11-27
267,چافست,افست‌,857,2534029,40395470850,15810,16190,15930,120,0.76,15910,100,0.63,15550,16220,1399-11-27
268,دلقما,دارويي‌ لقمان‌,855,1758244,42337869680,24240,23790,24210,-30,-0.12,24110,-130,-0.54,23760,24930,1399-11-27
269,شفن,پتروشيمي فناوران,851,298119,85692767370,291670,285870,290000,-1670,-0.57,288030,-3640,-1.25,285840,297300,1399-11-27
270,پارند,صندوق س. پارند پايدار سپهر,844,28752463,323491196933,11247,11251,11250,3,0.03,11251,4,0.04,11250,11254,1399-11-27
271,زرين,صندوق س. سهام زرين كوروش-س,842,1980636,19912614750,10000,10050,10051,51,0.51,10054,54,0.54,10050,10090,1399-11-27
272,وسپه,سرمايه‌گذاري‌ سپه‌,821,8919620,69079572410,7840,7710,7690,-150,-1.91,7740,-100,-1.28,7690,7990,1399-11-27
273,فلات,گروه صنايع معادن فلات ايرانيان,818,4277885,54718902727,12965,13078,13090,125,0.96,12791,-174,-1.34,12706,13150,1399-11-27
274,قلرست,قند لرستان‌,815,2173477,79389545060,37260,36520,36520,-740,-1.99,36530,-730,-1.96,36520,37000,1399-11-27
275,زفكاح,ح . كشت و دامداري فكا,808,3561704,26393637218,7417,7310,7415,-2,-0.03,7410,-7,-0.09,7269,7680,1399-11-27
276,سرچشمه,سرمايه گذاري مس سرچشمه,806,5017732,35496021865,7176,7100,7033,-143,-1.99,7106,-70,-0.98,7033,7180,1399-11-27
277,طلا,صندوق س.پشتوانه طلاي لوتوس,789,657008,56048345502,86727,85702,85300,-1427,-1.65,85308,-1419,-1.64,85001,85702,1399-11-27
278,تكنو,تكنوتار,788,2972162,73848036920,25320,25020,24820,-500,-1.97,24850,-470,-1.86,24820,25500,1399-11-27
279,ثشرق,سرمايه گذاري مسكن شمال شرق,788,15012816,84363852130,5320,5600,5630,310,5.83,5620,300,5.64,5520,5630,1399-11-27
280,كاما,باما,787,2202237,33848382690,15680,15370,15370,-310,-1.98,15510,-170,-1.08,15370,15370,1399-11-27
281,رمپنا,گروه مپنا (سهامي عام),782,6493341,113957305550,17870,17560,17520,-350,-1.96,17580,-290,-1.62,17520,18100,1399-11-27
282,دابور,داروسازي‌ ابوريحان‌,780,1526731,61066157790,38100,37400,40380,2280,5.98,40000,1900,4.99,37400,40380,1399-11-27
283,ميدكو,هلدينگ صنايع  معدني خاورميانه,780,10271812,325526170078,31690,31700,31690,0,0.0,31691,1,0.0,31680,31960,1399-11-27
284,سخزر,سيمان‌ خزر,768,1515294,48517140860,32580,31930,31930,-650,-2.0,32040,-540,-1.66,31930,33000,1399-11-27
285,شغدير,پتروشيمي غدير,766,2043727,125901316111,62814,61600,61558,-1256,-2.0,61604,-1210,-1.93,61558,62850,1399-11-27
286,وتوصا,گروه س توسعه صنعتي ايران,764,5948564,76494736700,13110,12900,12850,-260,-1.98,12860,-250,-1.91,12850,13070,1399-11-27
287,انرژي3,سايراشخاص بورس انرژي,757,189943,56401674420,303000,296940,296940,-6060,-2.0,298200,-4800,-1.58,296940,296940,1399-11-27
288,سخوز,سيمان خوزستان,755,3940390,90692064690,23450,22990,22990,-460,-1.96,23020,-430,-1.83,22990,23450,1399-11-27
289,ثمسكن,سرمايه‌گذاري‌ مسكن‌,754,11647620,63127620570,5150,5150,5450,300,5.83,5420,270,5.24,5070,5450,1399-11-27
290,بكام,كارخانجات توليدي شهيد قندي,750,10454789,34826053230,3390,3360,3330,-60,-1.77,3350,-40,-1.18,3330,3360,1399-11-27
291,قشكر,شكرشاهرود,746,13137644,51733073700,4010,3940,3970,-40,-1.0,3940,-70,-1.75,3930,4000,1399-11-27
292,وپارس,بانك‌پارسيان‌,742,37480741,121812408250,3310,3250,3250,-60,-1.81,3250,-60,-1.81,3250,3250,1399-11-27
293,ثغرب,شركت سرمايه گذاري مسكن شمالغرب,741,8855619,71082121034,7589,8044,8044,455,6.0,8027,438,5.77,7651,8044,1399-11-27
294,پخش,پخش البرز,740,1175401,42855190335,36325,37590,35710,-615,-1.69,36437,112,0.31,35599,37590,1399-11-27
295,شوينده,مديريت صنعت شوينده ت.ص.بهشهر,740,997446,32811060800,32590,32120,32310,-280,-0.86,32780,190,0.58,31980,33600,1399-11-27
296,شجم,صنايع پتروشيمي تخت جمشيد,737,6473907,68022140102,10386,10179,10697,311,2.99,10507,121,1.17,10179,10697,1399-11-27
297,واعتبار,سرمايه گذاري اعتبار ايران,735,4383988,38389921650,8460,8370,8780,320,3.78,8670,210,2.48,8370,8910,1399-11-27
298,سدشت,صنايع سيمان دشتستان,735,1160182,55119170410,46470,46470,49250,2780,5.98,47510,1040,2.24,45550,49250,1399-11-27
299,خرينگ,رينگ‌سازي‌مشهد,726,910554,42900998610,48050,47150,47090,-960,-2.0,47270,-780,-1.62,47090,48000,1399-11-27
300,كهمدا,شيشه‌ همدان‌,723,3341842,35373760540,10780,10590,10580,-200,-1.86,10640,-140,-1.3,10570,10780,1399-11-27
301,دكپسول,توليد ژلاتين كپسول ايران,716,1298832,42140973254,32822,32166,32166,-656,-2.0,32513,-309,-0.94,32166,33549,1399-11-27
302,وبشهر,توسعه‌ صنايع‌ بهشهر(هلدينگ,715,5047144,63625692720,12760,12550,12590,-170,-1.33,12610,-150,-1.18,12510,12940,1399-11-27
303,وخاور,بانك خاورميانه,712,9519014,93521089560,9920,9780,9730,-190,-1.92,9820,-100,-1.01,9730,10350,1399-11-27
304,فيروزه,صندوق شاخص30 شركت فيروزه- سهام,701,654749,96324489140,148520,145990,146090,-2430,-1.64,147120,-1400,-0.94,143100,150000,1399-11-27
305,حفارس,حمل و نقل بين المللي خليج فارس,697,10282544,50520057870,5010,4950,4910,-100,-2.0,4910,-100,-2.0,4910,5000,1399-11-27
306,اخابر,مخابرات ايران,689,5341871,57330235880,10940,10730,10730,-210,-1.92,10840,-100,-0.91,10730,10910,1399-11-27
307,كسرا,سراميك‌هاي‌صنعتي‌اردكان‌,686,3648699,84148376850,23350,22920,23360,10,0.04,23060,-290,-1.24,22890,23800,1399-11-27
308,خكرمان,گروه اقتصادي كرمان خودرو,680,11502042,48129900434,4269,4184,4184,-85,-1.99,4184,-85,-1.99,4184,4237,1399-11-27
309,وكارح,ح . بانك‌ كارآفرين‌,679,27752491,37785565990,1410,1370,1360,-50,-3.55,1360,-50,-3.55,1360,1400,1399-11-27
310,فنورد,نوردوقطعات‌ فولادي‌,677,388970,85840111850,223680,219210,227000,3320,1.48,220690,-2990,-1.34,219210,230000,1399-11-27
311,پسهند,صنايع‌ لاستيكي‌  سهند,674,1376180,64026607080,47320,47880,46380,-940,-1.99,46520,-800,-1.69,46380,47880,1399-11-27
312,تماوند,تامين سرمايه دماوند,665,3260419,60151612975,18435,18500,18070,-365,-1.98,18449,14,0.08,17530,19200,1399-11-27
313,وبوعلي,سرمايه‌گذاري‌بوعلي‌,662,8450497,50649898390,6100,6050,5980,-120,-1.97,6000,-100,-1.64,5980,6100,1399-11-27
314,كاريس,صندوق س.سپهر كاريزما-س,662,5489069,61511010044,11470,11225,11205,-265,-2.31,11206,-264,-2.3,11083,11499,1399-11-27
315,دكوثر,داروسازي‌ كوثر,658,1908790,36392709640,19420,19040,19040,-380,-1.96,19160,-260,-1.34,19040,19490,1399-11-27
316,اعتلا,شركت سرمايه گذاري اعتلاء البرز,657,3915138,29113417198,7324,7324,7460,136,1.86,7386,62,0.85,7178,7690,1399-11-27
317,غپآذر,شير پگاه آذربايجان شرقي,656,630659,41913586110,67191,65848,65848,-1343,-2.0,66595,-596,-0.89,65848,67999,1399-11-27
318,خچرخش,چرخشگر,653,3356132,61513352370,17350,18300,18390,1040,5.99,18330,980,5.65,17900,18390,1399-11-27
319,همراه,شركت ارتباطات سيار ايران,648,1761048,46645208150,26990,27270,26460,-530,-1.96,26760,-230,-0.85,26460,27270,1399-11-27
320,وحكمت,بيمه حكمت صبا,646,5878847,23980608592,4157,4074,4100,-57,-1.37,4079,-78,-1.88,4074,4185,1399-11-27
321,آتيمس,صندوق س.آرمان آتيه درخشان مس-س,635,596110,110792497329,182745,179010,185989,3244,1.78,185859,3114,1.7,176000,188399,1399-11-27
322,دماوند,توليد نيروي برق دماوند,635,680053,32904082336,49324,48400,48338,-986,-2.0,48745,-579,-1.17,48338,48989,1399-11-27
323,هجرت,پخش هجرت,630,1011060,26415654674,26114,26700,25840,-274,-1.05,26121,7,0.03,25700,26700,1399-11-27
324,سامان,بانك سامان,630,11025566,102094195724,9444,9286,9256,-188,-1.99,9260,-184,-1.95,9256,9410,1399-11-27
325,چكاپا,گروه صنايع كاغذ پارس,629,8501270,46693169360,5580,5580,5470,-110,-1.97,5500,-80,-1.43,5470,5580,1399-11-27
326,خزر,فنرسازي‌زر,628,858265,44071907750,52390,51350,51350,-1040,-1.99,51490,-900,-1.72,51350,51350,1399-11-27
327,فاما,صنعتي‌ آما,628,2449888,56209722210,23370,23370,22910,-460,-1.97,22940,-430,-1.84,22910,23550,1399-11-27
328,وآرين,شركت توسعه اقتصادي آرين,625,5660814,23676618376,4233,4260,4149,-84,-1.98,4183,-50,-1.18,4149,4260,1399-11-27
329,شكلر,نيروكلر,622,1207715,68287509690,57510,57100,56360,-1150,-2.0,56540,-970,-1.69,56360,58110,1399-11-27
330,قنيشا,قند  نيشابور,616,613227,38609548430,63280,64700,62020,-1260,-1.99,63040,-240,-0.38,62020,64700,1399-11-27
331,هرمز,فولاد هرمزگان جنوب,612,6542801,87805856712,13681,13410,13408,-273,-2.0,13495,-186,-1.36,13408,13649,1399-11-27
332,ثجوان,تامين مسكن جوانان,612,2566523,31871003210,12209,11965,12570,361,2.96,12418,209,1.71,11965,12575,1399-11-27
333,پرديس,سرمايه گذاري پرديس,610,3950868,26693066790,6730,6670,6700,-30,-0.45,6740,10,0.15,6610,6860,1399-11-27
334,سفانو,سيمان فارس نو,609,1438063,57365092620,40600,39820,39790,-810,-2.0,39890,-710,-1.75,39790,41120,1399-11-27
335,حكشتي,كشتيراني جمهوري اسلامي ايران,605,2761992,58940909280,21770,21340,21340,-430,-1.98,21560,-210,-0.96,21340,21340,1399-11-27
336,ختراك,ريخته‌گري‌ تراكتورسازي‌ ايران‌,604,3196873,50781372080,16200,15880,15880,-320,-1.98,15890,-310,-1.91,15880,16000,1399-11-27
337,غبهنوش,بهنوش‌ ايران‌,603,483591,37931868190,80020,78440,78420,-1600,-2.0,78860,-1160,-1.45,78420,80000,1399-11-27
338,فن آوا,گروه فن آوا,599,3175152,68696077800,21018,21630,21648,630,3.0,21636,618,2.94,21100,21648,1399-11-27
339,وگردش,بانك گردشگري,595,8551714,156701607336,18697,18324,18324,-373,-1.99,18324,-373,-1.99,18324,18324,1399-11-27
340,ولانا,شركت ليزينگ آريا دانا,591,1322182,49072137145,35554,36800,37331,1777,5.0,37115,1561,4.39,35602,37331,1399-11-27
341,قپيرا,فرآورده‌هاي‌غدايي‌وقندپيرانشهر,588,283729,30547615770,108370,106210,106300,-2070,-1.91,107940,-430,-0.4,106210,114080,1399-11-27
342,وپترو,سرمايه‌گذاري صنايع پتروشيمي‌,586,4250986,68520278270,16420,16140,16110,-310,-1.89,16120,-300,-1.83,16100,16400,1399-11-27
343,بزاگرس,نيروگاه زاگرس كوثر,583,3448986,22894444495,6760,6790,6625,-135,-2.0,6704,-56,-0.83,6625,6790,1399-11-27
344,غبشهر,صنعتي‌ بهشهر,582,2258587,47857127350,21550,21120,21700,150,0.7,21220,-330,-1.53,21120,21700,1399-11-27
345,فروس,فروسيليس‌ ايران‌,580,6869017,34779507140,5160,5060,5060,-100,-1.94,5090,-70,-1.36,5060,5100,1399-11-27
346,سبهان,سيمان‌ بهبهان‌,568,230730,34565661300,152860,149810,149810,-3050,-2.0,150740,-2120,-1.39,149810,149810,1399-11-27
347,دكيمي,كيميدارو,568,1115635,28961412900,25810,26000,25900,90,0.35,25900,90,0.35,25410,26500,1399-11-27
348,شاوان,پالايش نفت لاوان,567,782468,64071527382,80543,81800,81250,707,0.88,81884,1341,1.66,78934,83740,1399-11-27
349,شخارك,پتروشيمي‌ خارك‌,562,1264136,54262962810,43410,43200,42550,-860,-1.98,43150,-260,-0.6,42550,44800,1399-11-27
350,البرز,بيمه البرز,560,15883652,62180785420,3980,4000,3910,-70,-1.76,3910,-70,-1.76,3910,4020,1399-11-27
351,تنوين,تامين سرمايه نوين,560,10865529,69615620190,6410,6450,6430,20,0.31,6410,0,0.0,6290,6450,1399-11-27
352,شبهرن,نفت‌ بهران‌,555,652385,38344582470,59860,58690,58680,-1180,-1.97,59180,-680,-1.14,58670,60000,1399-11-27
353,شاراك,پتروشيمي شازند,551,3831082,92179874540,24510,24030,24020,-490,-2.0,24060,-450,-1.84,24020,24700,1399-11-27
354,وبملت,بانك ملت,549,18230910,75111349200,4200,4120,4120,-80,-1.9,4150,-50,-1.19,4120,4120,1399-11-27
355,خصدرا,صنعتي‌ دريايي‌ ايران‌,545,15575312,54498016688,3570,3499,3499,-71,-1.99,3499,-71,-1.99,3499,3499,1399-11-27
356,شرانل,نفت ايرانول,544,1430982,53906955814,38332,37566,37566,-766,-2.0,37671,-661,-1.72,37566,38798,1399-11-27
357,ختور,رادياتور ايران‌,540,1354246,32227401640,24260,23780,23780,-480,-1.98,23970,-290,-1.2,23780,24250,1399-11-27
358,ياقوت,صندوق س ياقوت آگاه-ثابت,539,14670387,174422507112,11885,11899,11901,16,0.13,11889,4,0.03,11889,11901,1399-11-27
359,كبافق,معادن‌ بافق‌,538,627838,35168224940,57100,55960,55960,-1140,-2.0,56350,-750,-1.31,55960,57910,1399-11-27
360,وبهمن,سرمايه‌گذاري‌بهمن‌,529,1523682,26304649610,17430,17100,17450,20,0.11,17350,-80,-0.46,17090,17550,1399-11-27
361,وتوسم,سرمايه‌گذاري‌توسعه‌ملي‌,525,3561125,44244086360,12500,12780,12410,-90,-0.72,12440,-60,-0.48,12250,12780,1399-11-27
362,پارسيان,بيمه پارسيان,512,2515104,27980147470,11190,11260,11400,210,1.88,11160,-30,-0.27,10970,11700,1399-11-27
363,بخاور,بيمه زندگي خاورميانه,509,3197979,23833979995,7353,7574,7360,7,0.1,7396,43,0.58,7208,7642,1399-11-27
364,تيپيكو,سرمايه گذاري دارويي تامين,507,813660,36032109820,44780,44800,44170,-610,-1.36,44550,-230,-0.51,43890,45000,1399-11-27
365,سپاس,صندوق س. پاداش سهامداري توسعه1,502,22045097,221713675227,10055,10062,10057,2,0.02,10057,2,0.02,10057,10062,1399-11-27
366,خمحركه,نيرو محركه‌,500,3305759,16266054310,5020,4920,4920,-100,-1.99,4990,-30,-0.6,4920,4930,1399-11-27
367,پارتا,مجتمع‌صنعتي‌آرتاويل‌تاير,500,1170993,69882870900,60511,59301,59860,-651,-1.08,59678,-833,-1.38,59301,60999,1399-11-27
368,دقاضي,داروسازي شهيد قاضي,497,399445,18480240259,46192,46000,45269,-923,-2.0,46260,68,0.15,45269,47550,1399-11-27
369,قنقش,قند نقش جهان,496,417724,31622231492,76584,78110,75053,-1531,-2.0,75701,-883,-1.15,75053,78110,1399-11-27
370,وسينا,بانك سينا,487,7112020,25426268140,3640,3570,3570,-70,-1.92,3610,-30,-0.82,3570,3680,1399-11-27
371,دتماد,توليدمواداوليه‌داروپخش‌,487,543773,24921873850,45980,45090,45070,-910,-1.98,45910,-70,-0.15,45070,47500,1399-11-27
372,درازك,دارويي‌ رازك‌,484,795084,28462466950,36270,36800,35550,-720,-1.99,36000,-270,-0.74,35550,36800,1399-11-27
373,كگهر,سنگ آهن گهرزمين,482,1033126,48290557017,46483,47500,46970,487,1.05,46587,104,0.22,45950,47670,1399-11-27
374,بموتو,موتوژن‌,476,713694,41837666280,59760,58580,58570,-1190,-1.99,58820,-940,-1.57,58570,59440,1399-11-27
375,دارو,كارخانجات‌داروپخش‌,474,834082,28320432650,34310,33650,33650,-660,-1.92,34110,-200,-0.58,33630,35800,1399-11-27
376,ضخود2006,اختيارخ خودرو-2500-1400/02/08,473,16105,8433256000,561,550,502,-59,-10.52,524,-37,-6.6,472,551,1399-11-27
377,كگاز,شيشه‌ و گاز,471,1128739,19845821000,17720,17730,17570,-150,-0.85,17670,-50,-0.28,17400,17990,1399-11-27
378,سدور,سيمان‌ دورود,466,4303154,93034189480,22060,21620,21620,-440,-1.99,21620,-440,-1.99,21620,21620,1399-11-27
379,شكربن,كربن‌ ايران‌,461,1241928,127621828890,104320,104000,102240,-2080,-1.99,102760,-1560,-1.5,102240,106990,1399-11-27
380,غشان,شيرپاستوريزه‌پگاه‌خراسان‌,460,6317306,45136980800,6790,7010,7190,400,5.89,7070,280,4.12,7010,7190,1399-11-27
381,مداران,داده‌پردازي‌ايران‌,458,1121892,26115181360,23730,23260,23260,-470,-1.98,23490,-240,-1.01,23260,23880,1399-11-27
382,وملت,سرمايه گذاري ملت,452,3273881,16124963303,4834,4930,4930,96,1.99,4925,91,1.88,4879,4930,1399-11-27
383,شپاكسا,پاكسان‌,451,1152230,33638407830,29590,29550,29330,-260,-0.88,29320,-270,-0.91,29000,30240,1399-11-27
384,هجرتح,ح . پخش هجرت,450,678452,13457656377,20129,20000,19727,-402,-2.0,19836,-293,-1.46,19727,20000,1399-11-27
385,دلر,داروسازي‌ اكسير,449,752366,27477670990,36140,35900,37190,1050,2.91,36340,200,0.55,35420,37350,1399-11-27
386,كمنگنز,معادن‌منگنزايران‌,447,450876,42307715640,95720,93810,93810,-1910,-2.0,94110,-1610,-1.68,93810,95480,1399-11-27
387,خمحور,توليدمحورخودرو,444,325460,19794726890,61750,61000,60520,-1230,-1.99,61390,-360,-0.58,60520,63900,1399-11-27
388,غاذر,كشت‌وصنعت‌پياذر,444,587030,31815710790,55110,54200,54010,-1100,-2.0,54540,-570,-1.03,54010,55980,1399-11-27
389,فنفت,صنايع تجهيزات نفت,442,1184314,39189794619,32259,32999,33226,967,3.0,33091,832,2.58,32260,33226,1399-11-27
390,زپارس,ملي كشت و صنعت و دامپروري پارس,441,201086,36596914420,175910,180000,183600,7690,4.37,180040,4130,2.35,177010,185000,1399-11-27
391,ما,بيمه  ما,439,1934856,16787005790,8780,8880,8610,-170,-1.94,8750,-30,-0.34,8610,8880,1399-11-27
392,دلرح,ح . داروسازي‌ اكسير,439,1430315,41081963500,29580,28980,29000,-580,-1.96,28720,-860,-2.91,28400,30440,1399-11-27
393,واتي,سرمايه‌ گذاري‌ آتيه‌ دماوند,436,2472845,30419682620,12530,12280,12280,-250,-2.0,12390,-140,-1.12,12280,12510,1399-11-27
394,دسانكو,داروسازي سبحان انكولوژي,436,1597633,24261602928,15481,15481,15172,-309,-2.0,15336,-145,-0.94,15172,15485,1399-11-27
395,حسينا,توسعه خدمات دريايي وبندري سينا,434,440447,30962838247,70820,72000,70052,-768,-1.08,70491,-329,-0.46,69580,72000,1399-11-27
396,خمهر,مهركام‌پارس‌,432,4890715,11749877490,2440,2460,2400,-40,-1.64,2430,-10,-0.41,2400,2460,1399-11-27
397,تكمبا,كمباين‌ سازي‌ ايران‌,432,3724979,29804426930,8160,8000,8000,-160,-1.96,8060,-100,-1.23,8000,8140,1399-11-27
398,جم پيلن,پلي پروپيلن جم - جم پيلن,429,574255,39884446360,70810,69400,69400,-1410,-1.99,69840,-970,-1.37,69400,71350,1399-11-27
399,كفرآور,فرآورده هاي سيمان شرق,429,2154826,58749724585,26491,27000,27285,794,3.0,27264,773,2.92,26751,27285,1399-11-27
400,لابسا,آبسال‌,428,745403,36188713540,49440,49000,48460,-980,-1.98,48810,-630,-1.27,48460,49490,1399-11-27
401,حتايد,تايدواترخاورميانه,428,2483176,56328285550,23140,23000,22680,-460,-1.99,22680,-460,-1.99,22680,23000,1399-11-27
402,ضسپا3004,اختيارخ خساپا-2500-1400/03/26,427,20047,9996749000,552,540,460,-92,-16.67,499,-53,-9.6,450,605,1399-11-27
403,شساخت,مهندسي و ساختمان صنايع نفت,426,1468225,54445597381,37625,37000,36900,-725,-1.93,37083,-542,-1.44,36873,38200,1399-11-27
404,رتاپ,تجارت الكترونيك  پارسيان,425,1321678,8112009070,6150,6110,6120,-30,-0.49,6150,0,0.0,6070,6250,1399-11-27
405,كلر,كلر پارس,420,327113,47665925021,148690,145717,145717,-2973,-2.0,145911,-2779,-1.87,145717,145717,1399-11-27
406,سيستم,همكاران سيستم,420,1193357,31193416830,26630,26100,26100,-530,-1.99,26340,-290,-1.09,26100,26610,1399-11-27
407,وبيمه,سرمايه‌ گذاري‌ صنعت‌ بيمه‌,418,7742403,22464184670,2950,2900,2900,-50,-1.69,2930,-20,-0.68,2900,2930,1399-11-27
408,حپترو,حمل و نقل پتروشيمي( سهامي عام,415,1601264,89986785310,53090,56260,56270,3180,5.99,56200,3110,5.86,54300,56270,1399-11-27
409,اتكام,شركت بيمه اتكايي امين,406,6170289,32371726733,5352,5245,5245,-107,-2.0,5283,-69,-1.29,5245,5370,1399-11-27
410,آسيا,بيمه آسيا,405,9472127,22922547340,2460,2420,2420,-40,-1.63,2440,-20,-0.81,2420,2420,1399-11-27
411,وجامي,سرمايه گذاري جامي,405,6574300,106194830276,15730,16201,15450,-280,-1.78,16153,423,2.69,15416,16201,1399-11-27
412,دالبر,البرزدارو,404,915745,19362331410,21430,21430,21040,-390,-1.82,21320,-110,-0.51,21010,21590,1399-11-27
413,امين يكم2,صندوق درآمد ثابت امين يكم فردا,400,40000000,40000000,10231,1,1,-10230,-99.99,1,-10230,-99.99,1,1,1399-11-27
414,غپاك,لبنيات‌ پاك‌,399,3009644,54053206240,16950,17960,17960,1010,5.96,17880,930,5.49,17960,17960,1399-11-27
415,وصندوق,سرمايه‌گذاري‌صندوق‌بازنشستگي‌,398,3384448,46875001700,14120,13840,13840,-280,-1.98,14020,-100,-0.71,13840,13980,1399-11-27
416,وآوا,سرمايه گذاري آوا نوين,392,2307322,20479804868,9023,9150,8843,-180,-1.99,8968,-55,-0.61,8843,9300,1399-11-27
417,غشصفا,شيرپاستوريزه‌پگاه‌اصفهان‌,392,2448909,71484834680,29740,29150,29150,-590,-1.98,29190,-550,-1.85,29150,30000,1399-11-27
418,آساس,صندوق س.آسمان آرماني سهام-س,390,314672,52867676135,170849,168301,167900,-2949,-1.73,168009,-2840,-1.66,165095,170000,1399-11-27
419,سبزوا,سيمان لار سبزوار,390,2643840,9724043520,3753,3678,3678,-75,-2.0,3738,-15,-0.4,3678,3678,1399-11-27
420,شرنگي,شيميايي رنگين,388,473887,92731942035,186390,195709,195709,9319,5.0,195684,9294,4.99,190011,195709,1399-11-27
421,ماديرا,صنايع ماشين هاي اداري ايران,387,2688338,25280739924,9594,9403,9403,-191,-1.99,9500,-94,-0.98,9403,9500,1399-11-27
422,وپخش,داروپخش‌ (هلدينگ‌,382,203029,21569245000,108270,106110,106110,-2160,-2.0,107380,-890,-0.82,106110,108270,1399-11-27
423,سمتاز,سيمان ممتازان كرمان,382,1499294,30395972663,19904,19509,20501,597,3.0,20274,370,1.86,19509,20501,1399-11-27
424,لوتوس,تامين سرمايه لوتوس پارسيان,381,2444677,24951207690,10340,10250,10200,-140,-1.35,10270,-70,-0.68,10140,10450,1399-11-27
425,بنو,بيمه تجارت نو,380,1055454,38307996399,37034,36311,36294,-740,-2.0,36479,-555,-1.5,36294,36311,1399-11-27
426,تسه9907,امتياز تسهيلات مسكن مهر99,379,8109,5155028539,650193,682702,640000,-10193,-1.57,635717,-14476,-2.23,617683,682702,1399-11-27
427,شبصير,توليدات پتروشيمي قائد بصير,377,313508,28732019089,93275,91622,91434,-1841,-1.97,92350,-925,-0.99,91410,94950,1399-11-27
428,لبوتان,گروه‌صنعتي‌بوتان‌,373,612960,37354907600,62160,61000,60920,-1240,-1.99,61240,-920,-1.48,60920,62200,1399-11-27
429,كنور,توسعه معدني و صنعتي صبانور,373,1010901,45462264510,45670,44900,44800,-870,-1.9,45070,-600,-1.31,44760,47270,1399-11-27
430,بنيرو,نيروترانس‌,372,1029796,16124755320,15950,15900,15640,-310,-1.94,15850,-100,-0.63,15640,16000,1399-11-27
431,تملت,تامين سرمايه بانك ملت,372,2835449,17693201760,6360,6240,6240,-120,-1.89,6320,-40,-0.63,6240,6240,1399-11-27
432,رتكو,كنترل‌خوردگي‌تكين‌كو,369,1845275,36964376570,20430,20030,20030,-400,-1.96,20140,-290,-1.42,20030,20320,1399-11-27
433,وكار,بانك‌ كارآفرين‌,365,6886038,17794785120,2630,2580,2580,-50,-1.9,2610,-20,-0.76,2580,2640,1399-11-27
434,زدشت,كشت و صنعت دشت خرم دره,362,880036,28185793008,32681,32028,32028,-653,-2.0,32305,-376,-1.15,32028,32028,1399-11-27
435,عيار,صندوق س. پشتوانه طلاي مفيد,358,465834,13678700738,29941,29480,29350,-591,-1.97,29364,-577,-1.93,29250,29550,1399-11-27
436,بفجر,فجر انرژي خليج فارس,357,807911,19400962410,23820,23830,23970,150,0.63,23880,60,0.25,23450,24520,1399-11-27
437,كرماشا,صنايع پتروشيمي كرمانشاه,357,829390,30493982990,37250,36860,36550,-700,-1.88,36970,-280,-0.75,36510,37270,1399-11-27
438,كفپارس,فرآورده‌هاي‌ نسوز پارس‌,354,4654908,23460736320,4760,5040,5040,280,5.88,4880,120,2.52,5040,5040,1399-11-27
439,شكبير,پتروشيمي اميركبير,353,968220,87711647244,91442,90000,91630,188,0.21,90711,-731,-0.8,89614,92000,1399-11-27
440,كرازي,كارخانجات‌توليدي‌شيشه‌رازي‌,351,1192054,28072871700,24030,23550,23550,-480,-2.0,23750,-280,-1.17,23550,23550,1399-11-27
441,دسبحان,سبحان دارو,350,718970,16159146650,22080,22080,22300,220,1.0,22200,120,0.54,21650,23000,1399-11-27
442,سپ,پرداخت الكترونيك سامان كيش,345,698512,10976117310,15520,15500,15660,140,0.9,15560,40,0.26,15260,15900,1399-11-27
443,فنرژي,گسترش صنايع انرژي آذرآب,340,2009129,37572898838,19082,18701,18701,-381,-2.0,18701,-381,-2.0,18701,19000,1399-11-27
444,آرمان,بيمه آرمان,340,3847179,36683349471,9696,9510,9503,-193,-1.99,9535,-161,-1.66,9503,9984,1399-11-27
445,آكورد,صندوق س. آرمان آتي كوثر-د,339,7379400,226882213267,30730,30746,30749,19,0.06,30745,15,0.05,30745,30749,1399-11-27
446,كوثر,بيمه كوثر,339,2383348,36663042284,15696,15383,15383,-313,-1.99,15471,-225,-1.43,15383,15383,1399-11-27
447,فولاژ,فولاد آلياژي ايران,336,1150527,17896383120,15860,15550,15550,-310,-1.95,15770,-90,-0.57,15550,15700,1399-11-27
448,اطلس,صندوق س.توسعه اندوخته آينده-س,333,100490,20665451881,208081,205000,205500,-2581,-1.24,205647,-2434,-1.17,203200,207000,1399-11-27
449,فخاس,فولاد خراسان,330,1554210,47325694500,28730,30450,30450,1720,5.99,29420,690,2.4,30450,30450,1399-11-27
450,پكرمان,گروه‌ صنعتي‌ بارز,330,627328,16794330150,26980,26800,27120,140,0.52,26910,-70,-0.26,26450,27300,1399-11-27
451,افران,صندوق س افرا نماد پايدار-ثابت,326,6086074,77162752398,12670,12671,12682,12,0.09,12679,9,0.07,12671,12682,1399-11-27
452,شاملا,معدني‌ املاح‌  ايران‌,319,311782,16641374820,53950,54870,52880,-1070,-1.98,53760,-190,-0.35,52880,55300,1399-11-27
453,قزوين,كارخانجات‌ قند قزوين‌,313,631979,23577743750,38050,37550,37540,-510,-1.34,37690,-360,-0.95,37290,37710,1399-11-27
454,بالاس,مهندسي ساختمان تاسيسات راه آهن,313,414834,25199135014,61982,60743,60743,-1239,-2.0,61373,-609,-0.98,60743,61599,1399-11-27
455,پارس,پتروشيمي پارس,311,204354,26899194920,132560,132620,130870,-1690,-1.27,132310,-250,-0.19,129920,133790,1399-11-27
456,چدن,توليدي چدن سازان,309,674207,17361503920,26270,25750,25750,-520,-1.98,26090,-180,-0.69,25750,26000,1399-11-27
457,شنفت,نفت‌ پارس‌,307,563982,29398360270,53030,52000,51970,-1060,-2.0,52520,-510,-0.96,51970,53710,1399-11-27
458,شسينا,صنايع‌شيميايي‌سينا,305,132578,18373931010,141400,138580,138580,-2820,-1.99,140450,-950,-0.67,138580,140000,1399-11-27
459,دفرا,فرآورده‌هاي‌ تزريقي‌ ايران‌,301,594137,16098578640,27640,27090,27090,-550,-1.99,27460,-180,-0.65,27090,27470,1399-11-27
460,سكه0012پ01,سكه تمام بهارتحويلي 1روزه رفاه,300,136000,159720472700,1192814,1174777,1173115,-19699,-1.65,1174415,-18399,-1.54,1169000,1178999,1399-11-27
461,پاسا,ايران‌ياساتايرورابر,300,1725959,47623284330,28150,27590,27590,-560,-1.99,27640,-510,-1.81,27590,28000,1399-11-27
462,دپارس,پارس‌ دارو,299,130110,10790297860,84040,82360,82360,-1680,-2.0,83800,-240,-0.29,82360,84650,1399-11-27
463,كماسه,تامين‌ ماسه‌ ريخته‌گري‌,289,273094,12554131180,46900,45970,45970,-930,-1.98,46670,-230,-0.49,45970,45970,1399-11-27
464,تسه9904,امتياز تسهيلات مسكن تير99,288,6142,3909730088,651833,684424,660020,8187,1.26,636556,-15277,-2.34,620020,684424,1399-11-27
465,شپاس,نفت پاسارگاد,287,1308553,29530555191,22868,22500,22720,-148,-0.65,22695,-173,-0.76,22411,23170,1399-11-27
466,غشهد,شهد ايران ‌,287,6271473,47224191690,7110,7530,7530,420,5.91,7470,360,5.06,7530,7530,1399-11-27
467,غپينو,پارس‌ مينو,284,1268072,8622889600,6930,6800,6800,-130,-1.88,6910,-20,-0.29,6800,6800,1399-11-27
468,غمهرا,توليدي‌مهرام‌,284,400714,49383993360,116270,123240,123240,6970,5.99,122760,6490,5.58,123240,123240,1399-11-27
469,دسينا,داروسازي‌ سينا,284,473848,12294442050,26420,26420,26000,-420,-1.59,26300,-120,-0.45,25900,26580,1399-11-27
470,كحافظ,كاشي‌ وسراميك‌ حافظ‌,284,2003156,26862321960,13680,13410,13410,-270,-1.97,13530,-150,-1.1,13410,13410,1399-11-27
471,پدرخش,درخشان‌ تهران‌,281,199730,25990864900,132780,130130,130130,-2650,-2.0,131330,-1450,-1.09,130130,130130,1399-11-27
472,وسرمد,بيمه  سرمد,281,4185767,27544681596,6320,6580,6636,316,5.0,6581,261,4.13,6300,6636,1399-11-27
473,خراسان,پتروشيمي خراسان,278,399609,27810182320,70770,70860,70000,-770,-1.09,70130,-640,-0.9,69360,71490,1399-11-27
474,گوهران,سرمايه گذاري توسعه گوهران اميد,267,11710031,88399024019,7122,7549,7549,427,6.0,7549,427,6.0,7549,7549,1399-11-27
475,تصميم,صندوق س با درآمد ثابت تصميم,267,2007206,31427862550,15644,15655,15655,11,0.07,15658,14,0.09,15653,15665,1399-11-27
476,سكرما,سيمان‌ كرمان‌,259,1237543,23575194150,19430,19050,19050,-380,-1.96,19250,-180,-0.93,19050,19050,1399-11-27
477,شپترو,پتروشيمي آبادان,255,5131140,22571884860,4488,4399,4399,-89,-1.98,4399,-89,-1.98,4399,4399,1399-11-27
478,شفا,سرمايه گذاري شفادارو,251,527940,23647282700,45670,44790,44760,-910,-1.99,45250,-420,-0.92,44760,45480,1399-11-27
479,شيراز,پتروشيمي‌شيراز,247,1835433,99322415490,55180,54200,54080,-1100,-1.99,54120,-1060,-1.92,54080,55680,1399-11-27
480,تسه9902,امتياز تسهيلات مسكن ارديبهشت99,245,3287,2089774088,642581,653902,630000,-12581,-1.96,635769,-6812,-1.06,614005,674710,1399-11-27
481,تسه9906,امتياز تسهيلات مسكن شهريور99,242,3122,1979130250,647050,678000,620476,-26574,-4.11,633930,-13120,-2.03,614697,679000,1399-11-27
482,واحصا,احياء صنايع خراسان,236,582027,37906254456,63232,65128,65128,1896,3.0,65128,1896,3.0,65128,65128,1399-11-27
483,كمرجان,بازرگاني و توليدي مرجان كار,233,110209,16254725410,150499,147490,147490,-3009,-2.0,149518,-981,-0.65,147490,147490,1399-11-27
484,خكاوه,سايپا ديزل,232,4848017,20052991581,4220,4136,4136,-84,-1.99,4136,-84,-1.99,4136,4141,1399-11-27
485,دقاضيح,ح . داروسازي شهيد قاضي,226,1341544,47198793383,34190,33508,35215,1025,3.0,35182,992,2.9,33508,35215,1399-11-27
486,خلنت,لنت‌ ترمزايران‌,225,92635,8621800150,94960,93860,93070,-1890,-1.99,94620,-340,-0.36,93070,93860,1399-11-27
487,خديزل,بهمن  ديزل,223,404438,17622626317,44457,43570,43568,-889,-2.0,44143,-314,-0.71,43568,44575,1399-11-27
488,تسه9801,امتياز تسهيلات مسكن فروردين98,222,2322,1471984386,636948,632000,630000,-6948,-1.09,633930,-3018,-0.47,616000,664998,1399-11-27
489,وآرينح,ح. شركت توسعه اقتصادي آرين,221,15900297,44192519883,2888,2900,2773,-115,-3.98,2779,-109,-3.77,2773,2900,1399-11-27
490,شراز,پالايش نفت شيراز,219,154841,15733126297,103358,101801,101291,-2067,-2.0,102817,-541,-0.52,101291,104409,1399-11-27
491,ضسپا3003,اختيارخ خساپا-2000-1400/03/26,216,8457,6603751000,789,780,793,4,0.51,781,-8,-1.01,748,860,1399-11-27
492,حتوكا,حمل‌ونقل‌توكا,211,304164,9310460040,31230,30610,30610,-620,-1.99,31110,-120,-0.38,30610,30610,1399-11-27
493,كخاك,صنايع‌خاك‌چيني‌ايران‌,207,198864,9191598410,45840,45300,46140,300,0.65,45910,70,0.15,45030,47700,1399-11-27
494,زر,صندوق س.پشتوانه سكه طلاي زر,205,240606,12266179963,52021,51013,50805,-1216,-2.34,50980,-1041,-2.0,50763,51112,1399-11-27
495,غصينو,صنعتي مينو,205,242447,17150700780,72183,70740,70740,-1443,-2.0,71929,-254,-0.35,70740,70740,1399-11-27
496,ساروج,بين المللي ساروج بوشهر,202,1282890,28066169330,21244,21881,21881,637,3.0,21877,633,2.98,21175,21881,1399-11-27
497,سكه9912پ04,سكه تمام بهارتحويل1روزه صادرات,195,101800,119384752700,1192903,1169500,1172950,-19953,-1.67,1172738,-20165,-1.69,1167000,1180000,1399-11-27
498,تسه9905,امتياز تسهيلات مسكن مرداد99,195,2548,1623648898,647372,679740,640000,-7372,-1.14,637225,-10147,-1.57,615003,679740,1399-11-27
499,مارون,پتروشيمي مارون,194,96259,14225926305,149401,146600,146550,-2851,-1.91,149169,-232,-0.16,146500,151300,1399-11-27
500,شپلي,پلي اكريل ايران,191,2102789,23523900543,11653,11187,11187,-466,-4.0,11187,-466,-4.0,11187,11187,1399-11-27
501,وپويا,سرمايه گذاري پويا,189,2372534,16173564278,6956,6817,6817,-139,-2.0,6913,-43,-0.62,6817,6817,1399-11-27
502,اميد,تامين سرمايه اميد,186,1514948,11377259480,7660,7510,7510,-150,-1.96,7620,-40,-0.52,7510,7510,1399-11-27
503,واميد,گروه مديريت سرمايه گذاري اميد,185,680356,25118900540,37670,36920,36920,-750,-1.99,37510,-160,-0.42,36920,37000,1399-11-27
504,وتعاون,بيمه  تعاون,183,1018560,6175722984,6186,6063,6063,-123,-1.99,6146,-40,-0.65,6063,6180,1399-11-27
505,ضفلا1155,اختيارخ فولاد-14000-1399/11/28,181,8185,20079000,45,7,1,-44,-97.78,2,-43,-95.56,1,12,1399-11-27
506,سبجنو,سيمان‌ بجنورد,181,181869,11310433110,58670,62190,62190,3520,6.0,59360,690,1.18,62190,62190,1399-11-27
507,شصفها,پتروشيمي‌ اصفهان‌,179,123221,14058344279,116043,113723,113730,-2313,-1.99,114090,-1953,-1.68,113723,118363,1399-11-27
508,سنوين,سرمايه گذاري اقتصاد نوين,177,2129865,22492670657,10254,10561,10561,307,2.99,10561,307,2.99,10452,10561,1399-11-27
509,زنگان,صنعت روي زنگان,176,135754,14785103894,111133,108911,108911,-2222,-2.0,110448,-685,-0.62,108911,108911,1399-11-27
510,ضخود2008,اختيارخ خودرو-3500-1400/02/08,176,6809,1125986000,171,180,160,-11,-6.43,165,-6,-3.51,137,188,1399-11-27
511,كيان2,صندوق س. با درآمد ثابت كيان,175,17500000,17500000,27166,1,1,-27165,-100.0,1,-27165,-100.0,1,1,1399-11-27
512,كپشير,پشم‌شيشه‌ايران‌,175,519191,19386591940,38100,37340,37340,-760,-1.99,37820,-280,-0.73,37340,37340,1399-11-27
513,فاذر,صنايع‌ آذرآب‌,175,596675,15292780250,26150,25630,25630,-520,-1.99,25990,-160,-0.61,25630,25630,1399-11-27
514,ثنظام,س. ساختماني نظام مهندسي ايران,175,159016,7653122048,50133,48128,48128,-2005,-4.0,49321,-812,-1.62,48128,48128,1399-11-27
515,ضخود2005,اختيارخ خودرو-2000-1400/02/08,174,4476,4032495000,917,975,885,-32,-3.49,901,-16,-1.74,840,975,1399-11-27
516,غويتا,ويتانا,171,210136,3825525880,18576,18205,18205,-371,-2.0,18547,-29,-0.16,18205,18205,1399-11-27
517,چكاوه,صنايع‌كاغذسازي‌كاوه‌,169,1251096,18891549600,14250,15100,15100,850,5.96,14540,290,2.04,15100,15100,1399-11-27
518,تسه9810,امتياز تسهيلات مسكن دي98,167,2841,1813512794,639232,671193,650000,10768,1.68,638336,-896,-0.14,620009,671193,1399-11-27
519,ساينا,صنايع بهداشتي ساينا,166,79988,12732679648,162383,159137,159136,-3247,-2.0,161552,-831,-0.51,159136,161974,1399-11-27
520,تسه9903,امتياز تسهيلات مسكن خرداد99,166,2382,1531782895,645352,613666,620000,-25352,-3.93,643066,-2286,-0.35,613666,676000,1399-11-27
521,تسه9712,امتياز تسهيلات مسكن اسفند97,165,2543,1586836796,634711,603100,615100,-19611,-3.09,624002,-10709,-1.69,603010,643695,1399-11-27
522,قمرو,قند مرودشت‌,164,1060665,38258186550,34030,36070,36070,2040,5.99,35460,1430,4.2,36070,36070,1399-11-27
523,سدبير,س. تدبيرگران فارس وخوزستان,161,232682,21808585814,95639,93727,93727,-1912,-2.0,94800,-839,-0.88,93727,93727,1399-11-27
524,تايرا,تراكتورسازي‌ايران‌,158,846506,22442587740,27050,26510,26510,-540,-2.0,26800,-250,-0.92,26510,27480,1399-11-27
525,دارا,صندوق س. دارا الگوريتم-د,156,3110487,31503679153,10123,10122,10130,7,0.07,10128,5,0.05,10110,10141,1399-11-27
526,قشير,قند شيروان قوچان و بجنورد,156,593896,15710330888,26992,26453,26453,-539,-2.0,26827,-165,-0.61,26453,26453,1399-11-27
527,گشان,توسعه بين المللي پديده شانديز,153,131350,5120811100,39781,38986,38986,-795,-2.0,39605,-176,-0.44,38986,38986,1399-11-27
528,تكنار,مجتمع معادن مس تكنار,150,135623,23517299446,176940,173402,173402,-3538,-2.0,173402,-3538,-2.0,173402,173402,1399-11-27
529,سصفها,سيمان‌اصفهان‌,148,162094,53306232840,335570,328860,328860,-6710,-2.0,328860,-6710,-2.0,328860,328860,1399-11-27
530,تسه9803,امتياز تسهيلات مسكن خرداد98,148,1586,1017485243,644211,650560,639000,-5211,-0.81,641542,-2669,-0.41,621022,650800,1399-11-27
531,ثاباد,توريستي ورفاهي آبادگران ايران,147,449760,25119096000,56980,55850,55850,-1130,-1.98,56430,-550,-0.97,55850,55850,1399-11-27
532,تسه9802,امتياز تسهيلات مسكن ارديبهشت98,141,1279,811582525,639011,637602,628310,-10701,-1.67,634545,-4466,-0.7,626030,645000,1399-11-27
533,آكورد2,صندوق س. آرمان آتي كوثر-د,140,14000000,14000000,30730,1,1,-30729,-100.0,1,-30729,-100.0,1,1,1399-11-27
534,خاذين,سايپاآذين‌,139,1702894,8054688620,4820,4730,4730,-90,-1.87,4810,-10,-0.21,4730,4730,1399-11-27
535,بذر,صندوق س بذر اميد آفرين-سهام,139,46115,4650852040,99100,100700,100860,1760,1.78,100850,1750,1.77,98000,102990,1399-11-27
536,توريل,توکاريل,136,711805,18514759855,26541,26011,26011,-530,-2.0,26349,-192,-0.72,26011,26011,1399-11-27
537,وگستر,گسترش سرمايه گذاري ايرانيان,136,357800,6952602181,19827,19433,19431,-396,-2.0,19772,-55,-0.28,19431,19440,1399-11-27
538,اخزا910,اسنادخزانه-م10بودجه99-020807,131,424600,248436830012,586392,580000,590000,3608,0.62,585108,-1284,-0.22,580000,590000,1399-11-27
539,اخزا909,اسنادخزانه-م9بودجه99-020316,130,429335,273784527122,639487,639806,635100,-4387,-0.69,637694,-1793,-0.28,623245,641446,1399-11-27
540,تسه9901,امتياز تسهيلات مسكن فروردين99,130,1447,916069243,643334,612555,631050,-12284,-1.91,633082,-10252,-1.59,612555,646000,1399-11-27
541,وتوشه,سرمايه‌ گذاري‌ پارس‌ توشه‌,129,244194,5761118810,24010,24010,23530,-480,-2.0,23960,-50,-0.21,23530,24010,1399-11-27
542,ضفلا1154,اختيارخ فولاد-12000-1399/11/28,129,2270,1072399000,659,400,345,-314,-47.65,472,-187,-28.38,280,980,1399-11-27
543,تسه9812,امتياز تسهيلات مسكن اسفند98,128,1486,952843412,639287,640000,622000,-17287,-2.7,641214,1927,0.3,610000,671251,1399-11-27
544,دجابر,داروسازي‌ جابرابن‌حيان‌,127,469277,9699955590,21090,20670,20670,-420,-1.99,21010,-80,-0.38,20670,20670,1399-11-27
545,بپاس,بيمه پاسارگاد,125,890701,75533226202,86532,84802,84802,-1730,-2.0,85146,-1386,-1.6,84802,84802,1399-11-27
546,شفارس,صنايع‌ شيميايي‌ فارس‌,124,194218,10408142620,54680,53590,53590,-1090,-1.99,54460,-220,-0.4,53590,53590,1399-11-27
547,سيلام,سيمان‌ ايلام‌,124,1267417,16539791850,12320,13050,13050,730,5.93,12530,210,1.7,13050,13050,1399-11-27
548,خفولا,خدمات فني فولاد يزد,123,133535,10689209680,81681,80048,80048,-1633,-2.0,80789,-892,-1.09,80048,80048,1399-11-27
549,قچار,فراوردههاي غذايي وقند چهارمحال,123,415124,35801124008,88002,86242,86242,-1760,-2.0,86677,-1325,-1.51,86242,86242,1399-11-27
550,سيمرغ,سيمرغ,122,392912,6361245280,16520,16190,16190,-330,-2.0,16480,-40,-0.24,16190,16190,1399-11-27
551,پارسيانح,ح.بيمه پارسيان,121,1414876,12752058400,8900,9960,9000,100,1.12,9010,110,1.24,9000,9960,1399-11-27
552,دمعيار,صندوق س. توازن معيار-د,120,4986142,50535550095,10130,10135,10135,5,0.05,10135,5,0.05,10135,10139,1399-11-27
553,زگلدشت,كشت و دام گلدشت نمونه اصفهان,120,247119,11358577716,46902,45964,45964,-938,-2.0,46680,-222,-0.47,45964,45964,1399-11-27
554,گوهر,صندوق سكه طلاي كيان,119,38848,2247406438,58832,57506,57711,-1121,-1.91,57851,-981,-1.67,57506,58000,1399-11-27
555,اخزا809,اسنادخزانه-م9بودجه98-000923,117,47028,40045577863,841476,848199,860617,19141,2.27,851526,10050,1.19,839825,860617,1399-11-27
556,فسپا,گروه‌صنعتي‌سپاهان‌,114,616083,25093060590,41560,40730,40730,-830,-2.0,41150,-410,-0.99,40730,40730,1399-11-27
557,حپارسا,توسعه حمل و نقل ريلي پارسيان,114,371430,13676424030,37572,36821,36821,-751,-2.0,37361,-211,-0.56,36821,36821,1399-11-27
558,زقيام,كشت و دام قيام اصفهان,113,486329,15003249650,31479,30850,30850,-629,-2.0,31282,-197,-0.63,30850,30850,1399-11-27
559,سكه0011پ02,سكه تمام بهارتحويلي 1روزه ملت,110,43300,50773260600,1191811,1168888,1175805,-16006,-1.34,1172593,-19218,-1.61,1168888,1177800,1399-11-27
560,وهنر,گروه توسعه هنر ايران,106,1511142,14448028662,9756,9561,9561,-195,-2.0,9610,-146,-1.5,9561,9561,1399-11-27
561,خاتم,صندوق س خاتم ايساتيس پويا-ثابت,105,3917020,41290626595,10540,10549,10542,2,0.02,10541,1,0.01,10540,10549,1399-11-27
562,فمراد,آلومراد,105,94809,13946403900,150100,147100,147100,-3000,-2.0,149240,-860,-0.57,147100,147100,1399-11-27
563,فجر,فولاد اميركبيركاشان,104,379086,24390393240,65650,64340,64340,-1310,-2.0,64990,-660,-1.01,64340,64340,1399-11-27
564,كلوند,كاشي‌ الوند,104,379021,18609931100,50100,49100,49100,-1000,-2.0,49710,-390,-0.78,49100,49100,1399-11-27
565,شدوص,دوده‌ صنعتي‌ پارس‌,103,643830,19810649100,31390,30770,30770,-620,-1.98,31130,-260,-0.83,30770,30770,1399-11-27
566,افق ملت,صندوق س در سهام افق ملت,103,39114,4890468670,126210,128590,124500,-1710,-1.35,125030,-1180,-0.93,124010,128590,1399-11-27
567,ضپاس2002,اختيارخ وپارس-3000-1400/02/29,102,3215,1934673000,629,600,541,-88,-13.99,602,-27,-4.29,541,630,1399-11-27
568,تسه9811,امتياز تسهيلات مسكن بهمن98,100,779,499146843,639607,671587,620000,-19607,-3.07,640753,1146,0.18,608079,671587,1399-11-27
569,كتوكا,توليدي و خدمات صنايع نسوز توكا,98,162594,6418398150,40280,39475,39475,-805,-2.0,40179,-101,-0.25,39475,39475,1399-11-27
570,دامين,داروسازي‌ امين‌,98,322485,4592186400,14530,14240,14240,-290,-2.0,14500,-30,-0.21,14240,14240,1399-11-27
571,آ س پ,آ.س.پ,97,1551949,25959450923,17068,16727,16727,-341,-2.0,16887,-181,-1.06,16727,16727,1399-11-27
572,ضخود2009,اختيارخ خودرو-4000-1400/02/08,95,3897,447420000,127,103,106,-21,-16.54,115,-12,-9.45,103,137,1399-11-27
573,قشهد,شهد,95,476711,16794528530,35940,35230,35230,-710,-1.98,35720,-220,-0.61,35230,35230,1399-11-27
574,سپر,صندوق س سپر سرمايه بيدار- ثابت,93,1559895,17804044033,11411,11414,11413,2,0.02,11414,3,0.03,11413,11415,1399-11-27
575,ورازي,بيمه رازي,93,1789309,15869381521,8447,8869,8869,422,5.0,8770,323,3.82,8869,8869,1399-11-27
576,فردا,صندوق س آواي فرداي زاگرس-ثابت,92,872568,8881733148,10178,10178,10179,1,0.01,10179,1,0.01,10178,10181,1399-11-27
577,ارمغان,ص سرمايه گذاري ارمغان ايرانيان,89,1201411,12100316182,10066,10074,10074,8,0.08,10072,6,0.06,10067,10074,1399-11-27
578,خكمك,كمك‌فنرايندامين‌,88,223899,6311712810,28760,28190,28190,-570,-1.98,28690,-70,-0.24,28190,28190,1399-11-27
579,سفارود,كارخانه فارسيت درود,87,574129,10194808653,17409,17757,17757,348,2.0,17757,348,2.0,17757,17757,1399-11-27
580,فيروزا,صندوق بادرآمد ثابت فيروزه آسيا,87,935663,20660047730,22094,22219,22115,21,0.1,22081,-13,-0.06,22032,22219,1399-11-27
581,ثنوسا,نوسازي‌وساختمان‌تهران‌,86,944847,12471980400,13460,13200,13200,-260,-1.93,13390,-70,-0.52,13200,13200,1399-11-27
582,دشيمي,شيمي‌ داروئي‌ داروپخش‌,84,311039,9240968690,30310,29710,29710,-600,-1.98,30200,-110,-0.36,29710,29710,1399-11-27
583,كفرا,فراورده‌ هاي‌ نسوزايران‌,84,85612,3860245080,46010,45090,45090,-920,-2.0,45940,-70,-0.15,45090,45090,1399-11-27
584,اوان,مبين وان كيش,84,401948,19923759464,50579,49568,49568,-1011,-2.0,50173,-406,-0.8,49568,49569,1399-11-27
585,داروح,ح . كارخانجات‌داروپخش,83,175282,4581871480,27220,26140,26140,-1080,-3.97,26140,-1080,-3.97,26140,26140,1399-11-27
586,لازما,كارخانه هاي صنعتي آزمايش,82,75411,2682972558,37060,35578,35578,-1482,-4.0,36852,-208,-0.56,35578,35578,1399-11-27
587,اخزا903,اسنادخزانه-م3بودجه99-011110,81,204880,139560412541,678223,677007,681600,3377,0.5,681181,2958,0.44,677007,683000,1399-11-27
588,تسه9808,امتياز تسهيلات مسكن آبان98,81,944,604819503,641808,610000,673895,32087,5.0,640699,-1109,-0.17,609717,673895,1399-11-27
589,لكما,كارخانجات‌مخابراتي‌ايران‌,81,379272,2447062944,6583,6452,6452,-131,-1.99,6567,-16,-0.24,6452,6452,1399-11-27
590,اخزا815,اسنادخزانه-م15بودجه98-010406,80,98381,75613411777,770895,767560,767016,-3879,-0.5,768577,-2318,-0.3,767001,771400,1399-11-27
591,جوين,كشت و صنعت جوين,80,1923680,10157030400,5127,5280,5280,153,2.98,5201,74,1.44,5280,5280,1399-11-27
592,شفارا,پتروشيمي فارابي,80,1426474,5724440162,4094,4013,4013,-81,-1.98,4070,-24,-0.59,4013,4013,1399-11-27
593,زعف0008پ10,زعفران0008نگين طلاي سرخ(پ),79,44245,5574154840,129896,125700,126259,-3637,-2.8,125984,-3912,-3.01,125700,126610,1399-11-27
594,سكه0112پ03,سكه تمام بهارتحويلي1روزه سامان,79,18900,22189389600,1193107,1182380,1177500,-15607,-1.31,1174042,-19065,-1.6,1169500,1182380,1399-11-27
595,تپكو,توليدتجهيزات‌سنگين‌هپكو,78,389399,2114825969,5541,5431,5431,-110,-1.99,5536,-5,-0.09,5431,5431,1399-11-27
596,صايند,صندوق س. گنجينه آينده روشن-د,77,621570,6207629300,9975,9974,9988,13,0.13,9987,12,0.12,9974,9996,1399-11-27
597,كشرق,صنعتي و معدني شمال شرق شاهرود,77,84824,8347445016,100417,98409,98409,-2008,-2.0,100075,-342,-0.34,98409,98409,1399-11-27
598,ضملت1125,اختيارخ وبملت-4000-1399/11/28,77,3137,241400000,137,150,35,-102,-74.45,77,-60,-43.8,35,150,1399-11-27
599,ومعلم,بيمه معلم,77,513901,2440515849,4845,4749,4749,-96,-1.98,4840,-5,-0.1,4749,4749,1399-11-27
600,ومشان,س. فني و مهندسي مشانير,75,93210,7659904590,83856,82179,82179,-1677,-2.0,83201,-655,-0.78,82179,82179,1399-11-27
601,ضشنا2001,اختيارخ شپنا-10000-1400/02/27,74,1012,3777609000,3594,3306,3870,276,7.68,3733,139,3.87,3300,4000,1399-11-27
602,غمينو,شركت صنايع غذايي مينو شرق,74,144095,1776114970,12577,12326,12326,-251,-2.0,12568,-9,-0.07,12326,12326,1399-11-27
603,خموتور,موتورسازان‌تراكتورسازي‌ايران‌,73,563333,8483794980,15360,15060,15060,-300,-1.95,15310,-50,-0.33,15060,15060,1399-11-27
604,داسوه,داروسازي‌ اسوه‌,71,494287,20142195250,41580,40750,40750,-830,-2.0,41230,-350,-0.84,40750,40750,1399-11-27
605,ساذريح,ح . آذريت‌,71,1120336,6496639457,5563,5896,5896,333,5.99,5799,236,4.24,5643,5896,1399-11-27
606,اخزا902,اسنادخزانه-م2بودجه99-011019,69,201722,139214750815,687196,688500,690421,3225,0.47,690132,2936,0.43,688500,691680,1399-11-27
607,كهرام,توليدي گرانيت بهسرام,68,28931,2924519066,98142,101086,101086,2944,3.0,98556,414,0.42,101086,101086,1399-11-27
608,غدشت,دشت‌ مرغاب‌,68,55661,16554694620,303480,297420,297420,-6060,-2.0,301390,-2090,-0.69,297420,297420,1399-11-27
609,اوصتا,صندوق انديشه ورزان صباتامين -د,68,465170,8345223610,17896,33700,17921,25,0.14,17940,44,0.25,17907,18300,1399-11-27
610,تكشا,گسترش‌صنايع‌وخدمات‌كشاورزي‌,68,62158,3079928900,50560,49550,49550,-1010,-2.0,50500,-60,-0.12,49550,49550,1399-11-27
611,غدام,خوراك‌  دام‌ پارس‌,67,23974,9569941320,407320,399180,399180,-8140,-2.0,405710,-1610,-0.4,399180,399180,1399-11-27
612,فولاي,صنايع فولاد آلياژي يزد,67,51503,2643133960,52367,51320,51320,-1047,-2.0,52310,-57,-0.11,51320,51320,1399-11-27
613,ضملت1124,اختيارخ وبملت-3500-1399/11/28,65,1946,898349000,450,500,469,19,4.22,462,12,2.67,420,550,1399-11-27
614,شزنگ,تجهيزنيروي‌زنگان‌,64,5526,1295504388,239222,234438,234438,-4784,-2.0,238906,-316,-0.13,234438,234438,1399-11-27
615,اخزا908,اسنادخزانه-م8بودجه99-020606,63,219767,132606679324,602632,600000,606000,3368,0.56,603397,765,0.13,600000,610000,1399-11-27
616,كي بي سي,شركت كي بي سي,62,328267,9307682518,28932,28354,28354,-578,-2.0,28824,-108,-0.37,28354,28354,1399-11-27
617,تسه9809,امتياز تسهيلات مسكن آذر98,61,498,313880090,640380,611113,639940,-440,-0.07,630281,-10099,-1.58,611113,649987,1399-11-27
618,اخزا907,اسنادخزانه-م7بودجه99-020704,61,124181,74194462819,599920,600000,600000,80,0.01,597470,-2450,-0.41,593180,602000,1399-11-27
619,فجام,جام‌دارو,61,195592,2002862080,10440,10240,10240,-200,-1.92,10430,-10,-0.1,10240,10240,1399-11-27
620,قاسم,قاسم ايران,61,420362,5700529082,13837,13561,13561,-276,-1.99,13804,-33,-0.24,13561,13561,1399-11-27
621,فافزا,فولاد افزا سپاهان,59,190209,10543284870,56561,55430,55430,-1131,-2.0,55945,-616,-1.09,55430,55430,1399-11-27
622,شكف,كف,58,170568,14647697568,87628,85876,85876,-1752,-2.0,85876,-1752,-2.0,85876,85876,1399-11-27
623,ضمخا7071,اختيارخ اخابر-24000-1400/07/28,57,2184,459849000,224,249,217,-7,-3.13,211,-13,-5.8,200,249,1399-11-27
624,ضشنا2002,اختيارخ شپنا-12000-1400/02/27,57,1390,3340440000,2362,2100,2400,38,1.61,2403,41,1.74,2100,2660,1399-11-27
625,وسديد,گروه ‌صنعتي‌سديد,56,164937,3686506887,22807,22351,22351,-456,-2.0,22760,-47,-0.21,22351,22351,1399-11-27
626,وسنا,سرمايه گذاري نيروگاهي ايران,56,156047,2382213502,16069,15266,15266,-803,-5.0,15978,-91,-0.57,15266,15266,1399-11-27
627,اخزا901,اسنادخزانه-م1بودجه99-010621,55,64999,47772295695,730907,736000,735101,4194,0.57,734970,4063,0.56,730000,736900,1399-11-27
628,دشيري,شيرين دارو,55,62889,14633830077,242388,232693,232693,-9695,-4.0,234739,-7649,-3.16,232693,232693,1399-11-27
629,غگلستا,شير پاستوريزه پگاه گلستان,54,184123,5438625174,30140,29538,29538,-602,-2.0,30075,-65,-0.22,29538,29538,1399-11-27
630,ولبهمن,شركت بهمن ليزينگ,54,905275,7720185200,8702,8528,8528,-174,-2.0,8675,-27,-0.31,8528,8528,1399-11-27
631,اخزا808,اسنادخزانه-م8بودجه98-000817,54,21364,18503990372,865043,860000,871001,5958,0.69,866129,1086,0.13,857485,872900,1399-11-27
632,خوساز,محورسازان‌ايران‌خودرو,53,226818,1796398560,8080,7920,7920,-160,-1.98,8070,-10,-0.12,7920,7920,1399-11-27
633,آساميد,صندوق س.مشترك آسمان اميد -د,53,1369351,15852416615,11570,11574,11572,2,0.02,11577,7,0.06,11572,11580,1399-11-27
634,زعف0008پ16,زعفران0008نگين بيرجند(پ),53,40821,5067893241,124130,124480,124000,-130,-0.1,124149,19,0.02,123400,124700,1399-11-27
635,بكاب,صنايع‌جوشكاب‌يزد,53,11440,4091516000,364940,357650,357650,-7290,-2.0,364330,-610,-0.17,357650,357650,1399-11-27
636,كدما,معدني‌ دماوند,51,5084,1199824000,240810,236000,236000,-4810,-2.0,240690,-120,-0.05,236000,236000,1399-11-27
637,ثعتما,س. ساختماني اعتماد گستر,50,251812,17570937736,71202,69778,69778,-1424,-2.0,69925,-1277,-1.79,69778,69778,1399-11-27
638,كساپا,سايپاشيشه‌,49,138327,5504031330,40600,39790,39790,-810,-2.0,40510,-90,-0.22,39790,39790,1399-11-27
639,سپرمي,پرميت‌,48,338673,2937988275,8505,8675,8675,170,2.0,8603,98,1.15,8675,8675,1399-11-27
640,داوه,داروسازي آوه سينا,48,140400,2616213600,19014,18634,18634,-380,-2.0,18994,-20,-0.11,18634,18634,1399-11-27
641,تسه9806,امتياز تسهيلات مسكن شهريور98,47,304,191811488,638797,610001,632000,-6797,-1.06,630959,-7838,-1.23,610001,646000,1399-11-27
642,بهپاك,صنعتي بهپاك,47,159265,7586429010,48606,47634,47634,-972,-2.0,48456,-150,-0.31,47634,47634,1399-11-27
643,ثتوسا,س.توسعه و عمران استان اردبيل,47,67557,3039592101,45911,44993,44993,-918,-2.0,45768,-143,-0.31,44993,44993,1399-11-27
644,غبهار,كشت وصنعت بهاران گلبهار خراسان,46,51653,1763846644,34844,34148,34148,-696,-2.0,34779,-65,-0.19,34148,34148,1399-11-27
645,ثروتم,صندوق س. ثروت آفرين پارسيان-س,45,24020,2005477100,84138,85000,83100,-1038,-1.23,83492,-646,-0.77,83100,85000,1399-11-27
646,وكادو,تكادو,45,66736,1403791760,21464,21035,21035,-429,-2.0,21432,-32,-0.15,21035,21035,1399-11-27
647,اخزا905,اسنادخزانه-م5بودجه99-020218,44,128665,82923006009,643936,649978,646000,2064,0.32,644488,552,0.09,635310,649978,1399-11-27
648,ضپاس2001,اختيارخ وپارس-2500-1400/02/29,44,1466,1411529000,947,920,940,-7,-0.74,963,16,1.69,920,1000,1399-11-27
649,تسه9807,امتياز تسهيلات مسكن مهر98,43,316,203196585,637953,650000,639999,2046,0.32,643027,5074,0.8,607601,660000,1399-11-27
650,فلامي,لاميران‌,42,21986,977497560,45360,44460,44460,-900,-1.98,45340,-20,-0.04,44460,44460,1399-11-27
651,وارس,سرمايه گذاري ارس صبا,42,184973,2953093945,16290,15965,15965,-325,-2.0,16242,-48,-0.29,15965,15965,1399-11-27
652,سخند,صندوق س.سپهرخبرگان نفت-د,41,175370,1764338430,10055,10059,10062,7,0.07,10061,6,0.06,10059,10063,1399-11-27
653,ضفلا1151,اختيارخ فولاد-8000-1399/11/28,41,510,2207710000,4227,4400,4201,-26,-0.62,4329,102,2.41,4170,4600,1399-11-27
654,نمرينو,ايران‌ مرينوس‌,40,33863,2041261640,56870,60280,60280,3410,6.0,57000,130,0.23,60280,60280,1399-11-27
655,كقزوي,شيشه‌ قزوين‌,40,65833,652405030,10322,9910,9910,-412,-3.99,10308,-14,-0.14,9910,9910,1399-11-27
656,كاذر,فرآورده‌هاي‌نسوزآذر,40,46208,1539650560,34000,33320,33320,-680,-2.0,33980,-20,-0.06,33320,33320,1399-11-27
657,سخواف,سيمان مجد خواف,39,156090,2711907660,17728,17374,17374,-354,-2.0,17676,-52,-0.29,17374,17374,1399-11-27
658,غمارگ,مارگارين‌,38,139830,4536085200,33100,32440,32440,-660,-1.99,33040,-60,-0.18,32440,32440,1399-11-27
659,تسه9804,امتياز تسهيلات مسكن تير98,38,377,239725128,640329,615110,649000,8671,1.35,635876,-4453,-0.7,615110,672345,1399-11-27
660,كارين,صندوق س نگين سامان-ثابت,38,520049,5283589490,10151,10160,10155,4,0.04,10160,9,0.09,10155,10160,1399-11-27
661,ضفلا1153,اختيارخ فولاد-10000-1399/11/28,37,808,1811714000,2775,2000,2300,-475,-17.12,2242,-533,-19.21,2000,2775,1399-11-27
662,ثقزوي,شركت عمران و سازندگي قزوين,36,67257,2141597394,32491,31842,31842,-649,-2.0,32420,-71,-0.22,31842,31842,1399-11-27
663,صنوين,صندوق سرمايه‌گذاري صنوين-مختلط,36,8483,866403740,102770,102000,102180,-590,-0.57,102130,-640,-0.62,102000,102400,1399-11-27
664,فسا,پتروشيمي فسا,35,310159,554564292,1862,1788,1788,-74,-3.97,1860,-2,-0.11,1788,1788,1399-11-27
665,نيرو,نيرو سرمايه,35,143554,8609794704,61199,59976,59976,-1223,-2.0,60655,-544,-0.89,59976,59976,1399-11-27
666,ضملت1126,اختيارخ وبملت-4500-1399/11/28,34,1646,1952000,40,2,1,-39,-97.5,1,-39,-97.5,1,2,1399-11-27
667,تشتاد,صنايع توليدي اشتاد ايران‌,34,100960,1536207360,15850,15216,15216,-634,-4.0,15799,-51,-0.32,15216,15216,1399-11-27
668,داريك,صندوق س.اعتماد داريك-د,33,1221572,12580582190,10356,10360,10390,34,0.33,10299,-57,-0.55,10114,10400,1399-11-27
669,اخزا718,اسنادخزانه-م18بودجه97-000525,33,122005,110469790853,899897,900010,910000,10103,1.12,905453,5556,0.62,900000,910000,1399-11-27
670,زعف0008پ11,زعفران0008نگين سحرخيز(پ),33,119750,15027172000,125467,125500,125350,-117,-0.09,125488,21,0.02,125350,125600,1399-11-27
671,اخزا812,اسنادخزانه-م12بودجه98-001111,32,186313,155178527285,828334,826102,835000,6666,0.8,832892,4558,0.55,826101,836772,1399-11-27
672,ضخود2013,اختيارخ خودرو-7000-1400/02/08,32,1689,34026000,32,32,20,-12,-37.5,20,-12,-37.5,18,32,1399-11-27
673,سجام,مجتمع سيمان غرب آسيا,32,105295,540479235,5237,5133,5133,-104,-1.99,5234,-3,-0.06,5133,5133,1399-11-27
674,تابا,تابان نيرو سپاهان,32,27078,1617964656,60971,59752,59752,-1219,-2.0,60870,-101,-0.17,59752,59752,1399-11-27
675,تسه9805,امتياز تسهيلات مسكن مرداد98,31,246,154731526,637422,632000,621001,-16421,-2.58,628990,-8432,-1.32,610001,639900,1399-11-27
676,آسام,صندوق س.آرمان سپهر آشنا-م,31,13200,1384602790,105127,103500,105499,372,0.35,104894,-233,-0.22,102063,105990,1399-11-27
677,تاپكيشح,ح.تجارت الكترونيك پارسيان كيش,31,314412,5212525154,16744,17748,16410,-334,-1.99,16579,-165,-0.99,16410,17748,1399-11-27
678,كصدف,كاشي صدف سرام استقلال آباده,31,29037,720059526,25831,24798,24798,-1033,-4.0,25791,-40,-0.15,24798,24798,1399-11-27
679,بايكا,كارخانجات كابلسازي ‌ايران‌,31,21782,931550794,43639,42767,42767,-872,-2.0,43596,-43,-0.1,42767,42767,1399-11-27
680,الماس,صندوق س.امين تدبيرگران فردا-س,31,22233,2521778905,113889,114000,113000,-889,-0.78,113425,-464,-0.41,111713,114000,1399-11-27
681,اخزا821,اسنادخزانه-م21بودجه98-020906,29,23196,13780597316,592133,594990,588001,-4132,-0.7,594094,1961,0.33,588001,595000,1399-11-27
682,آينده,بازرگاني آينده سازان بهشت پارس,29,679125,14677928625,22054,21613,21613,-441,-2.0,21712,-342,-1.55,21613,21613,1399-11-27
683,زنجان,صنايع كشاورزي وكود زنجان,29,158593,1492835909,9605,9413,9413,-192,-2.0,9590,-15,-0.16,9413,9413,1399-11-27
684,اخزا817,اسنادخزانه-م17بودجه98-010512,29,23369,17534928985,748789,750000,755000,6211,0.83,750350,1561,0.21,747255,755000,1399-11-27
685,جهرم,پتروشيمي جهرم,27,162338,316883776,2033,1952,1952,-81,-3.98,2032,-1,-0.05,1952,1952,1399-11-27
686,اخزا806,اسنادخزانه-م6بودجه98-000519,27,24122,21920527206,902953,908450,914990,12037,1.33,908736,5783,0.64,908401,914990,1399-11-27
687,اخزا816,اسنادخزانه-م16بودجه98-010503,27,27973,21026851491,752560,751193,755000,2440,0.32,751684,-876,-0.12,744253,758996,1399-11-27
688,ضفلا3005,اختيارخ فولاد-14000-1400/03/19,25,57,81598000,1364,1500,1300,-64,-4.69,1432,68,4.99,1300,1500,1399-11-27
689,معيار,سرمايه گذاري معيار صنعت پارس,25,156270,6522866070,42592,41741,41741,-851,-2.0,42295,-297,-0.7,41741,41741,1399-11-27
690,اخزا814,اسنادخزانه-م14بودجه98-010318,24,14943,11539158408,772539,772539,775000,2461,0.32,772212,-327,-0.04,770253,778001,1399-11-27
691,ضملت1123,اختيارخ وبملت-3000-1399/11/28,24,352,345387000,1250,1000,1000,-250,-20.0,981,-269,-21.52,919,1300,1399-11-27
692,شتولي,تولي‌پرس‌,24,39866,1530216544,39167,38384,38384,-783,-2.0,39043,-124,-0.32,38384,38384,1399-11-27
693,اخزا813,اسنادخزانه-م13بودجه98-010219,24,15890,12474071340,784017,785000,783195,-822,-0.1,785026,1009,0.13,762076,789998,1399-11-27
694,ضغدر3000,اختيارخ وغدير-6200-1400/03/26,23,504,3325092000,7300,6700,6250,-1050,-14.38,6597,-703,-9.63,6250,6700,1399-11-27
695,زعف0008پ05,زعفران0008نگين زرين(پ),23,33561,4186307480,124839,124999,124100,-739,-0.59,124737,-102,-0.08,124100,125417,1399-11-27
696,ضشنا2000,اختيارخ شپنا-9000-1400/02/27,23,177,791788000,4198,3900,4500,302,7.19,4473,275,6.55,3900,4849,1399-11-27
697,اخزا904,اسنادخزانه-م4بودجه99-011215,22,32490,21671872229,666936,670000,670000,3064,0.46,667032,96,0.01,665210,670000,1399-11-27
698,لخانه,لوازم‌ خانگي‌ پارس‌,22,167256,4822492248,29421,28833,28833,-588,-2.0,29277,-144,-0.49,28833,28833,1399-11-27
699,غشوكو,شوكو پارس,21,15397,615341105,40780,39965,39965,-815,-2.0,40754,-26,-0.06,39965,39965,1399-11-27
700,سايرا,ايرانيت‌,21,92763,4330084077,47631,46679,46679,-952,-2.0,47200,-431,-0.9,46679,46679,1399-11-27
701,ضپاس2003,اختيارخ وپارس-3500-1400/02/29,21,508,201959000,374,388,465,91,24.33,398,24,6.42,300,468,1399-11-27
702,گپارس,امور رفاهي كارگزاران پارس,20,2177,453270993,212458,208209,208209,-4249,-2.0,212360,-98,-0.05,208209,208209,1399-11-27
703,پست0008پ08,پسته فندقي32-30مه ولات0008(پ),19,1414,1910431160,1329898,1377770,1376000,46102,3.47,1351083,21185,1.59,1320000,1377770,1399-11-27
704,كتوكاح,ح.توليدي وخدمات صنايع نسوزتوكا,19,15558,397693596,26083,25562,25562,-521,-2.0,25562,-521,-2.0,25562,25562,1399-11-27
705,قجام,فرآوردههاي غذايي وقندتربت‌جام‌,19,115283,1904129311,16854,16517,16517,-337,-2.0,16788,-66,-0.39,16517,16517,1399-11-27
706,ثاژن,سخت آژند,19,190099,1986724649,10664,10451,10451,-213,-2.0,10621,-43,-0.4,10451,10451,1399-11-27
707,ضخود2010,اختيارخ خودرو-4500-1400/02/08,18,755,59600000,97,83,71,-26,-26.8,79,-18,-18.56,71,85,1399-11-27
708,پلاست,كارخانجات توليدي پلاستيران,18,3447,247087854,73144,71682,71682,-1462,-2.0,73125,-19,-0.03,71682,71682,1399-11-27
709,زعف0008پ08,زعفران0008نگين روستا(پ),16,9120,1133694250,124822,125000,124000,-822,-0.66,124309,-513,-0.41,124000,125000,1399-11-27
710,اخزا720,اسنادخزانه-م20بودجه97-000324,16,79717,74768694065,938472,938001,938500,28,0.0,937927,-545,-0.06,937550,939990,1399-11-27
711,سفاسي,شركت فارسيت اهواز,16,43844,629336776,14646,14354,14354,-292,-1.99,14637,-9,-0.06,14354,14354,1399-11-27
712,خبازرس,بازرسي مهندسي و صنعتي ايران,15,771000,21059094000,26519,27314,27314,795,3.0,27307,788,2.97,27314,27314,1399-11-27
713,گنجين,صندوق س. گنجينه يكم آويد-د,15,63303,773991878,12227,12238,12224,-3,-0.02,12227,0,0.0,12224,12238,1399-11-27
714,ضملي3004,اختيارخ فملي-14000-1400/03/02,14,78,75875000,875,988,1000,125,14.29,973,98,11.2,900,1000,1399-11-27
715,ضملي3000,اختيارخ فملي-8000-1400/03/02,14,130,638369000,4983,5000,4500,-483,-9.69,4911,-72,-1.44,4500,5010,1399-11-27
716,ضفلا1152,اختيارخ فولاد-9000-1399/11/28,13,74,250564000,2904,3500,3280,376,12.95,3386,482,16.6,3280,3840,1399-11-27
717,وسكرد,شركت س استان كردستان,13,136775,99845750,740,730,730,-10,-1.35,740,0,0.0,730,730,1399-11-27
718,وآتوس,س.آرين توسكا قيمت اسمي 350ريال,13,4964,228001484,46868,45931,45931,-937,-2.0,46857,-11,-0.02,45931,45931,1399-11-27
719,آبين,كشت و صنعت آبشيرين,13,48594,205649808,4318,4232,4232,-86,-1.99,4316,-2,-0.05,4232,4232,1399-11-27
720,حاريا,كشتيراني آريا,13,9421,269346390,29173,28590,28590,-583,-2.0,29165,-8,-0.03,28590,28590,1399-11-27
721,وبيمهح,ح . سرمايه‌ گذاري‌ صنعت‌ بيمه‌,13,293538,472596180,1670,1610,1610,-60,-3.59,1610,-60,-3.59,1610,1610,1399-11-27
722,پرداخت,به پرداخت ملت,13,6553,233942100,36420,35700,35700,-720,-1.98,36420,0,0.0,35700,35700,1399-11-27
723,سكارون,سيمان كارون,12,2223,393922269,180819,177203,177203,-3616,-2.0,180746,-73,-0.04,177203,177203,1399-11-27
724,سمايه,بانك سرمايه,12,20787,147026451,7217,7073,7073,-144,-2.0,7216,-1,-0.01,7073,7073,1399-11-27
725,زعف0008پ19,زعفران0008نگين تروند قاينات(پ),11,13131,1618209031,124000,124000,122901,-1099,-0.89,123236,-764,-0.62,122901,124000,1399-11-27
726,سجامح,ح.مجتمع سيمان غرب آسيا,11,32634,95748156,2993,2934,2934,-59,-1.97,2934,-59,-1.97,2934,2934,1399-11-27
727,ضپاس2000,اختيارخ وپارس-2000-1400/02/29,11,293,410563000,1422,1300,1390,-32,-2.25,1401,-21,-1.48,1300,1440,1399-11-27
728,سلار,شركت سيمان لارستان,11,3750,230475000,64020,61460,61460,-2560,-4.0,63989,-31,-0.05,61460,61460,1399-11-27
729,اخزا810,اسنادخزانه-م10بودجه98-001006,11,9965,8455453564,842008,841985,844113,2105,0.25,848515,6507,0.77,838383,850000,1399-11-27
730,زعف0008پ20,زعفران0008نگين وحدت جام(پ),11,23095,2844063000,123350,123500,123000,-350,-0.28,123146,-204,-0.17,123000,123500,1399-11-27
731,آگاس2,صندوق س.هستي بخش آگاه-س,10,2300000,2300000,67168,1,1,-67167,-100.0,1,-67167,-100.0,1,1,1399-11-27
732,اخزا818,اسنادخزانه-م18بودجه98-010614,10,17566,12914094831,735101,734801,742800,7699,1.05,735176,75,0.01,734801,742800,1399-11-27
733,اخزا807,اسنادخزانه-م7بودجه98-000719,10,11001,9711215759,881636,880500,885442,3806,0.43,882758,1122,0.13,880500,887990,1399-11-27
734,اخزا716,اسنادخزانه-م16بودجه97-000407,10,123256,115003086230,929721,933000,934001,4280,0.46,933042,3321,0.36,933000,934001,1399-11-27
735,ضجار2005,اختيارخ وتجارت-4000-1400/02/22,10,178,20860000,117,116,140,23,19.66,117,0,0.0,101,140,1399-11-27
736,ضصاد3001,اختيارخ وبصادر-2000-1400/03/12,10,56,43125000,772,772,751,-21,-2.72,770,-2,-0.26,751,772,1399-11-27
737,خعمرا,توسعه و عمران شهرستان نائين,9,42745,986383620,22404,23076,23076,672,3.0,22436,32,0.14,23076,23076,1399-11-27
738,شپارسح,ح . بين‌ المللي‌محصولات پارس‌,9,14350,243950000,10480,17000,17000,6520,62.21,17000,6520,62.21,17000,17000,1399-11-27
739,نگين,ص.س. زمين و ساختمان نگين شهرري,9,410,19491990,47790,47530,47540,-250,-0.52,47540,-250,-0.52,47530,47810,1399-11-27
740,اخزا811,اسنادخزانه-م11بودجه98-001013,9,7886,6659499808,843902,844000,847000,3098,0.37,844471,569,0.07,844000,852499,1399-11-27
741,ضملت3000,اختيارخ وبملت-3000-1400/03/19,9,290,360610000,1492,1205,1280,-212,-14.21,1243,-249,-16.69,1205,1280,1399-11-27
742,كيسون,شركت كيسون,9,10296,148808088,14747,14453,14453,-294,-1.99,14745,-2,-0.01,14453,14453,1399-11-27
743,ضشنا2003,اختيارخ شپنا-14000-1400/02/27,8,78,110602000,1352,1400,1350,-2,-0.15,1418,66,4.88,1350,1550,1399-11-27
744,ضجار2003,اختيارخ وتجارت-3000-1400/02/22,8,91,36103000,469,350,430,-39,-8.32,397,-72,-15.35,350,471,1399-11-27
745,ضملت3001,اختيارخ وبملت-3500-1400/03/19,8,307,311800000,1080,940,994,-86,-7.96,1016,-64,-5.93,940,1060,1399-11-27
746,وساشرقي,شركت س استان آذربايجان شرقي,8,58307,55974720,970,960,960,-10,-1.03,970,0,0.0,960,960,1399-11-27
747,ياقوت2,صندوق س ياقوت آگاه-ثابت,8,11879000,11879000,11885,1,1,-11884,-99.99,1,-11884,-99.99,1,1,1399-11-27
748,اخزا721,اسنادخزانه-م21بودجه97-000728,8,11849,10414560100,875788,876000,871100,-4688,-0.54,878940,3152,0.36,871100,880000,1399-11-27
749,ختراكح,ح . ريخته‌گري‌ تراكتورسازي‌,8,109474,1614741500,12040,14750,14750,2710,22.51,14750,2710,22.51,14750,14750,1399-11-27
750,ضسپا3005,اختيارخ خساپا-3000-1400/03/26,7,111,42285000,1,390,281,280,28000.0,381,380,38000.0,281,390,1399-11-27
751,ضجار2002,اختيارخ وتجارت-2500-1400/02/22,7,117,76409000,738,700,602,-136,-18.43,653,-85,-11.52,602,700,1399-11-27
752,ضملت3002,اختيارخ وبملت-4000-1400/03/19,7,330,257280000,786,800,795,9,1.15,780,-6,-0.76,764,800,1399-11-27
753,ضفار3000,اختيارخ فارس-8000-1400/03/05,7,22,59621000,3000,3000,2520,-480,-16.0,2710,-290,-9.67,2520,3000,1399-11-27
754,اخزا713,اسنادخزانه-م13بودجه97-000518,6,15200,13931392500,909061,910318,920000,10939,1.2,916539,7478,0.82,910318,920000,1399-11-27
755,تملي701,تسهيلات مسكن ب. ملي-فروردين97,6,74,44605946,600494,630500,570469,-30025,-5.0,602783,2289,0.38,570469,630500,1399-11-27
756,وسيلام,شركت س استان ايلام,6,40923,49926060,1240,1220,1220,-20,-1.61,1240,0,0.0,1220,1220,1399-11-27
757,شسم,توليد سموم‌ علف‌ كش,6,14899,1367311028,88243,91772,91772,3529,4.0,88707,464,0.53,91772,91772,1399-11-27
758,فسديد,لوله‌وتجهيزات‌ سديد - ورشكسته,6,1768,207966304,118816,117628,117628,-1188,-1.0,118766,-50,-0.04,117628,117628,1399-11-27
759,ولراز,ليزينگ رازي,6,8550,489068550,58368,57201,57201,-1167,-2.0,58339,-29,-0.05,57201,57201,1399-11-27
760,وسصفا,شركت س استان اصفهان,6,65234,68495700,1070,1050,1050,-20,-1.87,1070,0,0.0,1050,1050,1399-11-27
761,كابگن,توليدي و صنعتي آبگينه‌,6,190652,978998020,5085,5135,5135,50,0.98,5095,10,0.2,5135,5135,1399-11-27
762,ضسپا3001,اختيارخ خساپا-1600-1400/03/26,6,235,264290000,850,1200,1120,270,31.76,1125,275,32.35,1120,1200,1399-11-27
763,اخزا804,اسنادخزانه-م4بودجه98-000421,6,2944,2708988604,928942,915001,922104,-6838,-0.74,920173,-8769,-0.94,915001,925000,1399-11-27
764,ضفار3001,اختيارخ فارس-9000-1400/03/05,6,23,42500000,1975,1900,1800,-175,-8.86,1848,-127,-6.43,1800,1900,1399-11-27
765,دحاوي,الحاوي,6,3915,47128770,12283,12038,12038,-245,-1.99,12282,-1,-0.01,12038,12038,1399-11-27
766,عيار2,صندوق س. پشتوانه طلاي مفيد,6,60000,60000,29941,1,1,-29940,-100.0,1,-29940,-100.0,1,1,1399-11-27
767,ضبدر3001,اختيارخ شبندر-16000-1400/03/30,6,67,303000000,5000,7000,9450,4450,89.0,4522,-478,-9.56,2500,9500,1399-11-27
768,اراد50,مرابحه عام دولت5-ش.خ0302,5,99500,99500018000,1000001,1000001,1000000,-1,0.0,1000000,-1,0.0,1000000,1000001,1399-11-27
769,رطب0002پ01,رطب مضافتي0002افشارتعاون بم(پ),5,184,36525747,195410,200000,205170,9760,4.99,198509,3099,1.59,195500,205170,1399-11-27
770,وحافظ,بيمه حافظ,5,400,28440400,72552,71101,71101,-1451,-2.0,72548,-4,-0.01,71101,71101,1399-11-27
771,اخزا906,اسنادخزانه-م6بودجه99-020321,5,164,112058814,694805,665001,684970,-9835,-1.42,683285,-11520,-1.66,665001,685000,1399-11-27
772,شستا991,اجاره تامين اجتماعي-امين991226,5,156,155840558,980002,999998,1000000,19998,2.04,998978,18976,1.94,980101,1000000,1399-11-27
773,پست0008پ09,پسته بادامي30-28مه ولات0008(پ),5,170,232900000,1370000,1370000,1370000,0,0.0,1370000,0,0.0,1370000,1370000,1399-11-27
774,ضفلا3003,اختيارخ فولاد-10000-1400/03/19,5,56,267000000,3550,4800,4200,650,18.31,4768,1218,34.31,4200,4800,1399-11-27
775,تملي805,تسهيلات مسكن ب. ملي-مرداد98,5,41,35510100,824858,866100,866100,41242,5.0,866100,41242,5.0,866100,866100,1399-11-27
776,هفارس912,اختيارف ت فارس-14576-99/12/13,4,1072,5048048,5114,4709,4709,-405,-7.92,4709,-405,-7.92,4709,4709,1399-11-27
777,تملي703,تسهيلات مسكن ب. ملي-خرداد97,4,154,69070386,472115,448509,448509,-23606,-5.0,448509,-23606,-5.0,448509,448509,1399-11-27
778,ضملي3001,اختيارخ فملي-9000-1400/03/02,4,36,154200000,3446,4200,4200,754,21.88,4283,837,24.29,4200,4500,1399-11-27
779,وسگيلا,شركت س استان گيلان,4,42950,33930500,800,790,790,-10,-1.25,800,0,0.0,790,790,1399-11-27
780,تملي705,تسهيلات مسكن ب. ملي-مرداد97,4,145,68181610,494967,470218,470218,-24749,-5.0,470218,-24749,-5.0,470218,470218,1399-11-27
781,ضبدر3004,اختيارخ شبندر-24000-1400/03/30,4,251,1380530000,1,5350,5530,5529,552900.0,5500,5499,549900.0,5350,5600,1399-11-27
782,اراد65,مرابحه عام دولتي65-ش.خ0210,4,309500,287058155000,927420,927490,927490,70,0.01,927490,70,0.01,927490,927490,1399-11-27
783,ضجار2006,اختيارخ وتجارت-4500-1400/02/22,4,33,3532000,101,300,101,0,0.0,107,6,5.94,101,300,1399-11-27
784,اخزا722,اسنادخزانه-م22بودجه97-000428,4,58809,54344937500,920001,922500,924093,4092,0.44,924092,4091,0.44,922500,924500,1399-11-27
785,اراد62,مرابحه عام دولت62-ش.خ0309,4,100000,100000000000,1000000,1000000,1000000,0,0.0,1000000,0,0.0,1000000,1000000,1399-11-27
786,پست0008پ04,پسته فندقي32-30سبزدانه0008(پ),4,430,589831600,1331138,1377000,1380000,48862,3.67,1371701,40563,3.05,1304080,1380000,1399-11-27
787,تملي804,تسهيلات مسكن ب. ملي-تير98,4,44,26794504,579968,608966,608966,28998,5.0,608966,28998,5.0,608966,608966,1399-11-27
788,زعف0008پ18,زعفران0008نگين بهرامن(پ),3,510,63853700,125012,124999,125490,478,0.38,125203,191,0.15,124999,125500,1399-11-27
789,ضمخا2000,اختيارخ اخابر-9000-1400/02/29,3,15,37550000,1683,2500,2500,817,48.54,2503,820,48.72,2500,2550,1399-11-27
790,وسزنجان,شركت س استان زنجان,3,11559,16182600,1420,1400,1400,-20,-1.41,1420,0,0.0,1400,1400,1399-11-27
791,ضترا3002,اختيارخ شتران-8000-1400/03/09,3,9,27059000,3150,3033,2999,-151,-4.79,3007,-143,-4.54,2999,3033,1399-11-27
792,اخزا805,اسنادخزانه-م5بودجه98-000422,3,7264,6740738122,922166,928000,925773,3607,0.39,927965,5799,0.63,925773,928000,1399-11-27
793,ضخود2011,اختيارخ خودرو-5000-1400/02/08,3,210,11120000,55,53,52,-3,-5.45,53,-2,-3.64,52,53,1399-11-27
794,ضسان2009,اختيارخ پارسان-18750-00/02/15,3,7,28000000,4000,4000,4000,0,0.0,4000,0,0.0,4000,4000,1399-11-27
795,اخزا723,اسنادخزانه-م23بودجه97-000824,3,10296,8922239776,862923,863331,863631,708,0.08,866573,3650,0.42,863331,869990,1399-11-27
796,ضملي3002,اختيارخ فملي-10000-1400/03/02,3,12,39200000,3410,3100,3300,-110,-3.23,3267,-143,-4.19,3100,3300,1399-11-27
797,ضشنا2005,اختيارخ شپنا-18000-1400/02/27,3,9,15000000,1,1000,1000,999,99900.0,1667,1666,166600.0,1000,3000,1399-11-27
798,تملي711,تسهيلات مسكن ب. ملي-بهمن97,3,9,5548077,648898,616453,616453,-32445,-5.0,616453,-32445,-5.0,616453,616453,1399-11-27
799,ضملي3003,اختيارخ فملي-12000-1400/03/02,3,29,63140000,2336,2400,2060,-276,-11.82,2177,-159,-6.81,2060,2400,1399-11-27
800,وسفارس,شركت س استان فارس,3,18230,18412300,1030,1010,1010,-20,-1.94,1030,0,0.0,1010,1010,1399-11-27
801,ضفلا3000,اختيارخ فولاد-7000-1400/03/19,3,92,621600000,5750,6700,6500,750,13.04,6757,1007,17.51,6500,6900,1399-11-27
802,ضمخا7069,اختيارخ اخابر-18000-1400/07/28,3,5,5005000,3500,1001,1001,-2499,-71.4,1001,-2499,-71.4,1001,1001,1399-11-27
803,ضترا3003,اختيارخ شتران-9000-1400/03/09,3,51,102200000,2222,2000,2200,-22,-0.99,2004,-218,-9.81,2000,2200,1399-11-27
804,اراد60,مرابحه عام دولتي6-ش.خ0210,3,2000,1870760000,929000,939700,934900,5900,0.64,935380,6380,0.69,934900,939700,1399-11-27
805,ضملت1130,اختيارخ وبملت-8000-1399/11/28,3,141,141000,1,1,1,0,0.0,1,0,0.0,1,1,1399-11-27
806,تملي709,تسهيلات مسكن ب. ملي-آذر97,3,21,12012028,573367,602035,544698,-28669,-5.0,572001,-1366,-0.24,544698,602035,1399-11-27
807,وسخراش,شركت س استان خراسان شمالي,2,19810,26743500,1370,1350,1350,-20,-1.46,1370,0,0.0,1350,1350,1399-11-27
808,اراد344,مرابحه عام دولت3-ش.خ 0305,2,19586000,16865063915000,1000000,861255,860900,-139100,-13.91,861077,-138923,-13.89,860900,861255,1399-11-27
809,ضخود2012,اختيارخ خودرو-6000-1400/02/08,2,150,5050000,50,35,31,-19,-38.0,34,-16,-32.0,31,35,1399-11-27
810,ضجار2000,اختيارخ وتجارت-1800-1400/02/22,2,23,31050000,1394,1350,1350,-44,-3.16,1350,-44,-3.16,1350,1350,1399-11-27
811,ضجار2004,اختيارخ وتجارت-3500-1400/02/22,2,90,31500000,360,350,350,-10,-2.78,350,-10,-2.78,350,350,1399-11-27
812,وسقم,شركت س استان قم,2,27953,38854670,1410,1390,1390,-20,-1.42,1410,0,0.0,1390,1390,1399-11-27
813,اراد314,مرابحه عام دولت3-ش.خ 0208,2,4200000,3771392100000,1000000,898021,897880,-102120,-10.21,897950,-102050,-10.21,897880,898021,1399-11-27
814,وسلرستا,شركت س استان لرستان,2,13617,12119130,900,890,890,-10,-1.11,900,0,0.0,890,890,1399-11-27
815,ساذري,آذريت‌,2,525,3147375,5821,5995,5995,174,2.99,5821,0,0.0,5995,5995,1399-11-27
816,اراد214,مرابحه عام دولت2ش.خ صادرات0212,2,56000000,52985100000000,1000000,946399,945926,-54074,-5.41,946162,-53838,-5.38,945926,946399,1399-11-27
817,اراد424,مرابحه عام دولت4-ش.خ 0106,2,18252000,17545775364000,1056250,961647,960967,-95283,-9.02,961307,-94943,-8.99,960967,961647,1399-11-27
818,پااسفند,بار پايه اسفند,2,27000,9450000,370,350,350,-20,-5.41,350,-20,-5.41,350,350,1399-11-27
819,تملي707,تسهيلات مسكن ب. ملي-مهر97,2,10,6930090,729484,693009,693009,-36475,-5.0,693009,-36475,-5.0,693009,693009,1399-11-27
820,اطلس2,صندوق س.توسعه اندوخته آينده-س,2,20000,20000,208081,1,1,-208080,-100.0,1,-208080,-100.0,1,1,1399-11-27
821,زعف0008پ12,زعفران0008پوشالمعمول سحرخيز(پ),2,118,9676000,83001,82000,82000,-1001,-1.21,82000,-1001,-1.21,82000,82000,1399-11-27
822,صپااسفند,بار پايه صنعتي اسفند,2,401500,136540000,360,340,360,0,0.0,340,-20,-5.56,340,360,1399-11-27
823,اخزا820,اسنادخزانه-م20بودجه98-020806,2,200,120000000,594573,600000,600000,5427,0.91,600000,5427,0.91,600000,600000,1399-11-27
824,اراد494,مرابحه عام دولت4-ش.خ 0206,2,9584000,9023882288000,983405,941614,941500,-41905,-4.26,941557,-41848,-4.26,941500,941614,1399-11-27
825,دمعيار2,صندوق س. توازن معيار-د,2,17900000,17900000,10130,1,1,-10129,-99.99,1,-10129,-99.99,1,1,1399-11-27
826,اراد544,مرابحه عام دولت5-ش.خ 0109,2,21142000,20125101513000,964500,952003,951800,-12700,-1.32,951901,-12599,-1.31,951800,952003,1399-11-27
827,اراد454,مرابحه عام دولت4-ش.خ 0107,2,4210000,4198595110000,960000,957723,1036859,76859,8.01,997291,37291,3.88,957723,1036859,1399-11-27
828,تملي706,تسهيلات مسكن ب. ملي-شهريور97,2,10,5094630,536277,509463,509463,-26814,-5.0,509463,-26814,-5.0,509463,509463,1399-11-27
829,ضپيك2008,اختيارخ تاپيكو-9000-00/02/19,2,2,8399000,4499,4499,3900,-599,-13.31,4199,-300,-6.67,3900,4499,1399-11-27
830,اراد604,مرابحه عام دولتي6-ش.خ0210,2,6600000,6084549900000,929000,912803,931000,2000,0.22,921901,-7099,-0.76,912803,931000,1399-11-27
831,صايپا112,صكوك مرابحه سايپا112-3ماهه 16%,2,20000,19667420000,983371,983371,983371,0,0.0,983371,0,0.0,983371,983371,1399-11-27
832,ضفلا1156,اختيارخ فولاد-16000-1399/11/28,2,50,50000,1,1,1,0,0.0,1,0,0.0,1,1,1399-11-27
833,اراد36,مرابحه عام دولت3-ش.خ 0104,2,50000,48000000000,950400,960000,960000,9600,1.01,960000,9600,1.01,960000,960000,1399-11-27
834,اراد524,مرابحه عام دولت5-ش.خ 0108,2,12666000,12075777066000,1000000,953302,953500,-46500,-4.65,953401,-46599,-4.66,953302,953500,1399-11-27
835,پا ه 24,بار پايه هفته 24,2,48500,16975000,350,350,350,0,0.0,350,0,0.0,350,350,1399-11-27
836,ضفار3002,اختيارخ فارس-10000-1400/03/05,2,6,6900000,750,1250,1050,300,40.0,1150,400,53.33,1050,1250,1399-11-27
837,ضملت3003,اختيارخ وبملت-4500-1400/03/19,2,200,79900000,400,400,399,-1,-0.25,399,-1,-0.25,399,400,1399-11-27
838,اراد41,مرابحه عام دولت4-ش.خ 0006,2,1000,1000000000,1050000,1000000,1000000,-50000,-4.76,1000000,-50000,-4.76,1000000,1000000,1399-11-27
839,داراب,پتروشيمي داراب,2,6400,15417600,2458,2409,2409,-49,-1.99,2458,0,0.0,2409,2409,1399-11-27
840,صخود0004,صكوك رهني خودرو0004- 3ماهه 16%,1,15,14550000,970000,970000,970000,0,0.0,970000,0,0.0,970000,970000,1399-11-27
841,تملي806,تسهيلات مسكن ب. ملي-شهريور98,1,8,5016728,660096,627091,627091,-33005,-5.0,627091,-33005,-5.0,627091,627091,1399-11-27
842,اشاد10,مشاركت دولتي10-شرايط خاص001226,1,100,94600100,968900,946001,946001,-22899,-2.36,946001,-22899,-2.36,946001,946001,1399-11-27
843,ضپاس2005,اختيارخ وپارس-4500-1400/02/29,1,11,3289000,150,299,299,149,99.33,299,149,99.33,299,299,1399-11-27
844,ضملت1127,اختيارخ وبملت-5000-1399/11/28,1,20,20000,1,1,1,0,0.0,1,0,0.0,1,1,1399-11-27
845,پا ه 25,بار پايه هفته 25,1,28500,9975000,350,350,350,0,0.0,350,0,0.0,350,350,1399-11-27
846,ضغدر3003,اختيارخ وغدير-9200-1400/03/26,1,100,320000000,2731,3200,3200,469,17.17,3200,469,17.17,3200,3200,1399-11-27
847,ضسپا3000,اختيارخ خساپا-1400-1400/03/26,1,20,27000000,1550,1350,1350,-200,-12.9,1350,-200,-12.9,1350,1350,1399-11-27
848,تملي802,تسهيلات مسكن ب. ملي-ارديبهشت98,1,8,5762360,758206,720295,720295,-37911,-5.0,720295,-37911,-5.0,720295,720295,1399-11-27
849,ضمخا7070,اختيارخ اخابر-20000-1400/07/28,1,3,5250000,1856,1750,1750,-106,-5.71,1750,-106,-5.71,1750,1750,1399-11-27
850,وسبوشهر,شركت س استان بوشهر,1,12000,14880000,1260,1240,1240,-20,-1.59,1260,0,0.0,1240,1240,1399-11-27
851,ضصاد3003,اختيارخ وبصادر-3000-1400/03/12,1,1,419000,385,419,419,34,8.83,419,34,8.83,419,419,1399-11-27
852,تملي712,تسهيلات مسكن ب. ملي-اسفند97,1,8,5824512,766384,728064,728064,-38320,-5.0,728064,-38320,-5.0,728064,728064,1399-11-27
853,پا ه 23,بار پايه هفته 23,1,20000,7000000,350,350,350,0,0.0,350,0,0.0,350,350,1399-11-27
854,تابان02,اجاره تابان لوتوس14021206,1,8018,8018008018,1000000,1000001,1000001,1,0.0,1000001,1,0.0,1000001,1000001,1399-11-27
855,ومعادن2,توسعه‌معادن‌وفلزات‌,1,28595525,347721584000,12310,12160,12160,-150,-1.22,12160,-150,-1.22,12160,12160,1399-11-27
856,ضگل3003,اختيارخ كگل-18000-1400/03/23,1,10,30000000,2009,3000,3000,991,49.33,3000,991,49.33,3000,3000,1399-11-27
857,وكار2,بانك‌ كارآفرين‌,1,390000000,1014000000000,2630,2600,2600,-30,-1.14,2600,-30,-1.14,2600,2600,1399-11-27
858,وسمازن,س.سهام عدالت استان مازندران,1,6000,5760000,970,960,960,-10,-1.03,970,0,0.0,960,960,1399-11-27
859,اروند10,منفعت صبا اروند لوتوس 14001222,1,3000,2970000000,1000000,990000,990000,-10000,-1.0,990000,-10000,-1.0,990000,990000,1399-11-27
860,طمخا2008,اختيارف اخابر-28000-1400/02/29,1,5,79395000,1,15879,15879,15878,1587800.0,15879,15878,1587800.0,15879,15879,1399-11-27
861,زعف0008پ09,زعفران0008نگين نوين(پ),1,100,12400000,125537,124000,124000,-1537,-1.22,124000,-1537,-1.22,124000,124000,1399-11-27
862,تابان03,اجاره تابان سپهر14021206,1,2000,2000000000,1000000,1000000,1000000,0,0.0,1000000,0,0.0,1000000,1000000,1399-11-27
863,زير0003پ04,زيره سبز0003شركت مينوبذر(پ),1,11,5298260,497415,481660,481660,-15755,-3.17,481660,-15755,-3.17,481660,481660,1399-11-27
864,صايپا1122,صكوك مرابحه سايپا112-3ماهه 16%,1,500000,500000000000,983371,1000000,1000000,16629,1.69,1000000,16629,1.69,1000000,1000000,1399-11-27
865,ضپاس2006,اختيارخ وپارس-5000-1400/02/29,1,10,2490000,1,249,249,248,24800.0,249,248,24800.0,249,249,1399-11-27
866,اراد534,مرابحه عام دولت5-ش.خ 0207,1,2640000,2500740000000,958293,947250,947250,-11043,-1.15,947250,-11043,-1.15,947250,947250,1399-11-27
867,وسيستا,شركت س استان سيستان وبلوچستان,1,6587,5006120,770,760,760,-10,-1.3,770,0,0.0,760,760,1399-11-27
868,ضسپا3002,اختيارخ خساپا-1800-1400/03/26,1,10,9000000,1000,900,900,-100,-10.0,900,-100,-10.0,900,900,1399-11-27
869,غديس2,پاكديس,1,11650000,165651350000,14219,14219,14219,0,0.0,14219,0,0.0,14219,14219,1399-11-27
870,مبين014,اجاره اعتماد مبين لوتوس011019,1,5000,5000000000,1000000,1000000,1000000,0,0.0,1000000,0,0.0,1000000,1000000,1399-11-27
871,افران2,صندوق س افرا نماد پايدار-ثابت,1,1000000,1000000,12670,1,1,-12669,-99.99,1,-12669,-99.99,1,1,1399-11-27
872,پا ه 26,بار پايه هفته 26,1,28500,9975000,280000,350,350,-279650,-99.88,350,-279650,-99.88,350,350,1399-11-27
873,ضفلا3001,اختيارخ فولاد-8000-1400/03/19,1,12,75000000,4030,6250,6250,2220,55.09,6250,2220,55.09,6250,6250,1399-11-27
874,وسكرشا,س.سهام عدالت استان كرمانشاه,1,6190,7675600,1260,1240,1240,-20,-1.59,1260,0,0.0,1240,1240,1399-11-27
875,ضصاد3004,اختيارخ وبصادر-3500-1400/03/12,1,1,250000,222,250,250,28,12.61,250,28,12.61,250,250,1399-11-27
876,تملي807,تسهيلات مسكن ب. ملي-مهر98,1,7,5044571,758583,720653,720653,-37930,-5.0,720653,-37930,-5.0,720653,720653,1399-11-27
877,تملي702,تسهيلات مسكن ب. ملي-ارديبهشت97,1,10,5913620,622487,591362,591362,-31125,-5.0,591362,-31125,-5.0,591362,591362,1399-11-27
878,اراد49,مرابحه عام دولت4-ش.خ 0206,1,18000,17820000000,983405,990000,990000,6595,0.67,990000,6595,0.67,990000,990000,1399-11-27
879,ما2,بيمه  ما,1,10000000,87800000000,8780,8780,8780,0,0.0,8780,0,0.0,8780,8780,1399-11-27
880,پا ر 34,بار پايه روز 34,1,20000,7000000,440,350,350,-90,-20.45,350,-90,-20.45,350,350,1399-11-27
881,افاد55,منفعت دولت5-ش.خاص ساير0108,1,6000,5838954000,971000,973159,973159,2159,0.22,973159,2159,0.22,973159,973159,1399-11-27
882,كمند2,صندوق س. با درآمد ثابت كمند,1,40000000,40000000,10061,1,1,-10060,-99.99,1,-10060,-99.99,1,1,1399-11-27
883,صايپا3082,صكوك مرابحه سايپا308-3ماهه 18%,1,550000,528434500000,995000,960790,960790,-34210,-3.44,960790,-34210,-3.44,960790,960790,1399-11-27
