,نماد,نام,تعداد,حجم,ارزش,دیروز,اولین,آخرین معامله - مقدار,آخرین معامله - تغییر,آخرین معامله - درصد,قیمت پایانی - مقدار,قیمت پایانی - تغییر,قیمت پایانی - درصد,کمترین,بیشترین,تاریخ
0,شپنا,پالايش نفت اصفهان,90743,458658113,7026237421750,15740,15550,15150,-590,-3.75,15320,-420,-2.67,14960,16490,1399-9-29
1,شستا,سرمايه گذاري تامين اجتماعي,51795,158396868,4037667315410,24620,25020,25850,1230,5.0,25490,870,3.53,24250,25850,1399-9-29
2,پالايش,صندوق پالايشي يکم-سهام,48180,22964331,2176036863540,94750,96020,94130,-620,-0.65,94760,10,0.01,93000,97000,1399-9-29
3,خگستر,گسترش‌سرمايه‌گذاري‌ايران‌خودرو,47031,842946918,3809125104510,4670,4510,4450,-220,-4.71,4520,-150,-3.21,4440,4750,1399-9-29
4,كاما,باما,43039,198515751,4418118246470,18510,22550,22270,3760,20.31,22260,3750,20.26,21430,23000,1399-9-29
5,بپيوند,برق و انرژي پيوندگستر پارس,42585,33245503,1082449101055,30238,32000,33261,3023,10.0,32559,2321,7.68,31099,33261,1399-9-29
6,خودرو,ايران‌ خودرو,41254,781890161,2864070414290,3640,3730,3640,0,0.0,3660,20,0.55,3550,3780,1399-9-29
7,وسپهر,سرمايه گذاري مالي سپهرصادرات,40613,201477940,2355445341272,11305,11600,11602,297,2.63,11691,386,3.41,11032,11870,1399-9-29
8,وتجارت,بانك تجارت,31578,598307730,2096434912830,3480,3580,3470,-10,-0.29,3500,20,0.57,3420,3600,1399-9-29
9,خساپا,سايپا,31558,772165860,2059952545600,2660,2660,2650,-10,-0.38,2670,10,0.38,2560,2750,1399-9-29
10,فولاد,فولاد مباركه اصفهان,30191,294540609,4299569893910,13930,14550,14620,690,4.95,14600,670,4.81,14300,14620,1399-9-29
11,دارا يكم,صندوق واسطه گري مالي يكم-سهام,30132,11215076,2026766025770,177880,182200,180510,2630,1.48,180720,2840,1.6,177910,184000,1399-9-29
12,ثاميد,توسعه و عمران اميد,27991,165727590,385162191720,2240,2290,2350,110,4.91,2320,80,3.57,2230,2350,1399-9-29
13,وپارس,بانك‌پارسيان‌,26570,619588063,2618748737010,4330,4330,4190,-140,-3.23,4230,-100,-2.31,4120,4400,1399-9-29
14,ثبهساز,بهساز كاشانه تهران,26534,128373659,372127230200,2810,2870,2950,140,4.98,2900,90,3.2,2750,2950,1399-9-29
15,فملي,ملي‌ صنايع‌ مس‌ ايران‌,25707,154879830,2432309022020,14970,15710,15710,740,4.94,15700,730,4.88,15410,15710,1399-9-29
16,سيتا,سرمايه گذاري سيمان تامين,25347,32227394,548989858240,16710,17170,17120,410,2.45,17030,320,1.92,16630,17290,1399-9-29
17,دي,بانك دي,25137,65779394,3036008180287,44874,44700,47117,2243,5.0,46154,1280,2.85,43708,47117,1399-9-29
18,غزر,صنعتي زر ماكارون,24416,4029781,226149565000,54160,53330,56860,2700,4.99,56120,1960,3.62,53330,56860,1399-9-29
19,شبندر,پالايش نفت بندرعباس,23745,87535795,2558490611320,29630,29000,29430,-200,-0.67,29230,-400,-1.35,28150,30360,1399-9-29
20,شاروم,پتروشيمي اروميه,22790,8979351,255428344358,27105,28460,28460,1355,5.0,28446,1341,4.95,27647,28460,1399-9-29
21,شتران,پالايش نفت تهران,22636,91746731,1128211637910,12450,12500,12250,-200,-1.61,12300,-150,-1.2,11900,12830,1399-9-29
22,آبادا,توليد نيروي برق آبادان,22539,8268657,153094347650,17700,18240,18580,880,4.97,18520,820,4.63,18110,18580,1399-9-29
23,گدنا,تهيه توزيع غذاي دنا آفرين فدك,21815,1721776,69551141520,38472,40395,40395,1923,5.0,40395,1923,5.0,40395,40395,1399-9-29
24,زملارد,كشاورزي و دامپروري ملارد شير,21574,2928343,131920450671,44129,44000,46000,1871,4.24,45050,921,2.09,43630,46200,1399-9-29
25,بگيلان,توسعه مسير برق گيلان,21546,6432944,168501869470,25600,26400,26399,799,3.12,26194,594,2.32,25510,26500,1399-9-29
26,چخزر,صنايع چوب خزر كاسپين,20947,142464,3997397376,26723,28059,28059,1336,5.0,26825,102,0.38,28059,28059,1399-9-29
27,وكبهمن,مديريت سرمايه گذاري كوثربهمن,19100,1015710,17665228320,16564,17392,17392,828,5.0,16843,279,1.68,17392,17392,1399-9-29
28,ونيكي,سرمايه‌گذاري‌ ملي‌ايران‌,18965,70389980,1519175136270,22210,22890,21100,-1110,-5.0,21580,-630,-2.84,21100,22890,1399-9-29
29,امين,تامين سرمايه امين,18712,16384488,189521616880,11460,11850,11560,100,0.87,11570,110,0.96,11440,11890,1399-9-29
30,وبصادر,بانك صادرات ايران,18127,329193418,1060998809280,3230,3270,3220,-10,-0.31,3220,-10,-0.31,3100,3310,1399-9-29
31,وپويا,سرمايه گذاري پويا,18104,29943282,255266509505,8261,8360,8674,413,5.0,8525,264,3.2,8050,8674,1399-9-29
32,ثشاهد,سرمايه‌ گذاري‌ شاهد,17903,53746708,1413886802750,26760,26200,26180,-580,-2.17,26310,-450,-1.68,25430,28000,1399-9-29
33,بوعلي,پتروشيمي بوعلي سينا,17189,2245301,118731516880,50370,52880,52880,2510,4.98,52880,2510,4.98,52880,52880,1399-9-29
34,حكشتي,كشتيراني جمهوري اسلامي ايران,15879,35995005,998013435960,27000,27500,27650,650,2.41,27730,730,2.7,27000,28350,1399-9-29
35,پيزد,مجتمع صنايع لاستيك يزد,15696,1651239,137732427591,82037,82100,84800,2763,3.37,83412,1375,1.68,81001,85997,1399-9-29
36,ولپارس,ليزينگ پارسيان,15429,6169718,51949025560,8020,8420,8420,400,4.99,8420,400,4.99,8420,8420,1399-9-29
37,وبملت,بانك ملت,14689,203458421,1023270534220,4960,5060,5040,80,1.61,5030,70,1.41,4900,5140,1399-9-29
38,پترول,گروه پتروشيمي س. ايرانيان,14302,77375730,954540914390,11860,12290,12440,580,4.89,12340,480,4.05,11910,12450,1399-9-29
39,نوري,پتروشيمي نوري,13956,14622702,1056959720880,71880,73790,72100,220,0.31,72280,400,0.56,69740,73790,1399-9-29
40,سمگا,گروه سرمايه گذاري ميراث فرهنگي,13708,84450491,2619579186206,30809,31200,30030,-779,-2.53,31019,210,0.68,30010,32349,1399-9-29
41,ماديرا,صنايع ماشين هاي اداري ايران,13530,45698056,1512410327309,34246,34246,32534,-1712,-5.0,33096,-1150,-3.36,32534,35585,1399-9-29
42,شبريز,پالايش نفت تبريز,12563,37484526,1197429448780,32720,33010,32200,-520,-1.59,31940,-780,-2.38,31090,33990,1399-9-29
43,آريا,پليمر آريا ساسول,12289,2483427,462395024332,177599,186390,186478,8879,5.0,186192,8593,4.84,175000,186478,1399-9-29
44,وساپا,سرمايه‌گذاري‌ سايپا,11496,76982206,671512246700,8830,8500,8770,-60,-0.68,8720,-110,-1.25,8390,9000,1399-9-29
45,تليسه,دامداري تليسه نمونه,11465,69870718,501815627180,7142,7200,7130,-12,-0.17,7182,40,0.56,6885,7400,1399-9-29
46,رافزا,رايان هم افزا,11279,65865,2543245245,36775,38613,38613,1838,5.0,36864,89,0.24,38613,38613,1399-9-29
47,وملي,گروه‌ صنعتي‌ ملي‌ (هلدينگ‌,11135,4048528,1331636100010,332680,317140,331600,-1080,-0.32,328920,-3760,-1.13,316050,345000,1399-9-29
48,لكما,كارخانجات‌مخابراتي‌ايران‌,10848,72275267,577236061853,8199,7954,7962,-237,-2.89,7987,-212,-2.59,7954,8380,1399-9-29
49,وخارزم,سرمايه گذاري خوارزمي,9846,62166273,660343833360,10360,10770,10870,510,4.92,10620,260,2.51,10100,10870,1399-9-29
50,ثاخت,بين‌المللي‌توسعه‌ساختمان,9732,246354894,1191290091470,4610,4840,4840,230,4.99,4840,230,4.99,4670,4840,1399-9-29
51,ختوقا,قطعات‌ اتومبيل‌ ايران‌,9627,175681770,822282510150,4520,4410,4610,90,1.99,4680,160,3.54,4410,4740,1399-9-29
52,رتاپح,ح.تجارت الكترونيك پارسيان,9550,63984818,357638350710,5900,6090,5320,-580,-9.83,5590,-310,-5.25,5310,6220,1399-9-29
53,بكهنوج,توليد برق ماهتاب كهنوج,9354,174602670,531106108168,3168,3140,3058,-110,-3.47,3042,-126,-3.98,3010,3250,1399-9-29
54,غگل,گلوكوزان‌,9186,83228443,422621980350,5080,5160,5060,-20,-0.39,5080,0,0.0,4860,5260,1399-9-29
55,خزاميا,زامياد,9172,50126618,678029600010,13580,13550,13300,-280,-2.06,13530,-50,-0.37,13100,14100,1399-9-29
56,شگويا,پتروشيمي تندگويان,8960,42113005,488710647593,11196,11500,11755,559,4.99,11605,409,3.65,11102,11755,1399-9-29
57,قصفها,قنداصفهان‌,8885,3662605,907202038680,229210,241000,252130,22920,10.0,247690,18480,8.06,234000,252130,1399-9-29
58,كگل,معدني و صنعتي گل گهر,8739,51393107,960287193530,18000,18900,18640,640,3.56,18690,690,3.83,18150,18900,1399-9-29
59,حسينا,توسعه خدمات دريايي وبندري سينا,8544,9343239,929728812976,92629,97000,101891,9262,10.0,99508,6879,7.43,95000,101891,1399-9-29
60,زدشت,كشت و صنعت دشت خرم دره,8519,14698973,953824468718,59658,64140,65623,5965,10.0,64891,5233,8.77,62000,65623,1399-9-29
61,هاي وب,داده گسترعصرنوين-هاي وب,8507,29414166,929025557710,30240,30950,31110,870,2.88,31580,1340,4.43,30300,31750,1399-9-29
62,خپارس,پارس‌ خودرو,8412,71906113,574281632640,8020,8150,7900,-120,-1.5,7990,-30,-0.37,7680,8190,1399-9-29
63,ونيرو,سرمايه‌گذاري‌نيرو,8279,100355302,432715774010,4390,4250,4320,-70,-1.59,4310,-80,-1.82,4180,4590,1399-9-29
64,تبرك,گروه كارخانجات صنعتي تبرك,8260,23453546,608837128918,27028,25697,25800,-1228,-4.54,25959,-1069,-3.96,25677,27500,1399-9-29
65,پتاير,ايران‌ تاير,8247,3844005,729852537480,175740,185980,193310,17570,10.0,189870,14130,8.04,183000,193310,1399-9-29
66,خمحركه,نيرو محركه‌,7524,54227378,413298818750,7730,7600,7600,-130,-1.68,7620,-110,-1.42,7350,8020,1399-9-29
67,ذوب,سهامي ذوب آهن  اصفهان,7520,144105585,819707336596,5424,5680,5695,271,5.0,5688,264,4.87,5570,5695,1399-9-29
68,غنوش,نوش‌ مازندران‌,7237,9075976,546204881190,62270,61500,59160,-3110,-4.99,60180,-2090,-3.36,59160,64900,1399-9-29
69,غسالم,سالمين‌,7219,94658254,589369053590,6090,5820,6390,300,4.93,6230,140,2.3,5820,6390,1399-9-29
70,غبهار,كشت وصنعت بهاران گلبهار خراسان,7038,14529189,640084832184,43728,41542,45914,2186,5.0,44055,327,0.75,41542,45914,1399-9-29
71,قنيشا,قند  نيشابور,7023,7558605,490529678970,67300,64650,64350,-2950,-4.38,64900,-2400,-3.57,63940,68990,1399-9-29
72,وغدير,سرمايه‌گذاري‌غدير(هلدينگ‌,6967,54970387,709682740870,12360,12700,12970,610,4.94,12910,550,4.45,12610,12970,1399-9-29
73,ومعادن,توسعه‌معادن‌وفلزات‌,6909,67947157,993029077110,13970,14600,14660,690,4.94,14610,640,4.58,14270,14660,1399-9-29
74,صبا,سرمايه گذاري صبا تامين,6698,29707220,261598377781,8432,8798,8853,421,4.99,8806,374,4.44,8450,8853,1399-9-29
75,بجهرم,توسعه مولد نيروگاهي جهرم,6532,65314074,257331819391,3811,3887,3995,184,4.83,3940,129,3.38,3750,4001,1399-9-29
76,فارس,صنايع پتروشيمي خليج فارس,6499,38954248,508256147380,12710,12850,13050,340,2.68,13050,340,2.68,12850,13250,1399-9-29
77,ونوين,بانك‌اقتصادنوين‌,6454,128681982,687772314500,5140,5280,5280,140,2.72,5340,200,3.89,5140,5390,1399-9-29
78,زكوثر,سرمايه گذاري كشاورزي كوثر,6385,17517767,411590252730,23250,23270,24150,900,3.87,23500,250,1.08,22610,24300,1399-9-29
79,وايران,ليزينگ ايرانيان,6346,54056442,791662886240,14260,13550,14970,710,4.98,14650,390,2.73,13550,14970,1399-9-29
80,بركت,گروه دارويي بركت,6297,33375484,780958090300,22290,23400,23400,1110,4.98,23400,1110,4.98,23120,23400,1399-9-29
81,وتوكا,سرمايه‌گذاري‌توكافولاد(هلدينگ,6277,48968672,691611036800,13700,14380,13680,-20,-0.15,14120,420,3.07,13600,14380,1399-9-29
82,افرا,افرانت,6211,14409953,631174697181,44939,42693,46200,1261,2.81,43801,-1138,-2.53,42693,46500,1399-9-29
83,تاپيكو,س. نفت و گاز و پتروشيمي تأمين,6177,35152112,524038577050,14630,15100,15050,420,2.87,14910,280,1.91,14220,15280,1399-9-29
84,لپارس,پارس‌ الكتريك‌,5847,2450100,364177858400,144910,144500,152150,7240,5.0,148640,3730,2.57,141000,152150,1399-9-29
85,كفپارس,فرآورده‌هاي‌ نسوز پارس‌,5758,39085939,315470256880,8080,8200,8080,0,0.0,8070,-10,-0.12,7900,8350,1399-9-29
86,زقيام,كشت و دام قيام اصفهان,5735,9957790,434182884806,45393,45670,43124,-2269,-5.0,43602,-1791,-3.95,43124,46700,1399-9-29
87,ودي,بيمه  دي,5590,27180260,783569019990,27652,28899,29010,1358,4.91,28829,1177,4.26,28000,29034,1399-9-29
88,كرمان,س. توسعه و عمران استان كرمان,5540,11233694,925845617988,79508,80900,83483,3975,5.0,82417,2909,3.66,78400,83483,1399-9-29
89,زمگسا,كشاورزي‌ ودامپروي‌ مگسال‌,5406,12823569,767095071990,54580,58000,60030,5450,9.99,59820,5240,9.6,58000,60030,1399-9-29
90,خبهمن,گروه‌بهمن‌,5355,51988673,1472390033390,26990,28000,28330,1340,4.96,28320,1330,4.93,27900,28330,1399-9-29
91,غويتا,ويتانا,4958,7539486,386048656213,52653,54800,50021,-2632,-5.0,51204,-1449,-2.75,50021,55190,1399-9-29
92,حفاري,حفاري شمال,4917,41611339,518076157400,11910,12380,12500,590,4.95,12450,540,4.53,12060,12500,1399-9-29
93,البرز,بيمه البرز,4863,93749576,509375092420,5230,5300,5490,260,4.97,5430,200,3.82,5200,5490,1399-9-29
94,ثغرب,شركت سرمايه گذاري مسكن شمالغرب,4700,29632838,348308677188,12298,11684,11684,-614,-4.99,11754,-544,-4.42,11684,12260,1399-9-29
95,ثعمرا,عمران و توسعه شاهد,4687,22626367,337207756226,15536,14770,14760,-776,-4.99,14903,-633,-4.07,14760,15500,1399-9-29
96,خاذين,سايپاآذين‌,4679,37339163,260888016530,6950,7190,6870,-80,-1.15,6990,40,0.58,6800,7260,1399-9-29
97,ولغدر,ليزينگ‌خودروغدير,4566,23065543,580706821970,24370,23160,25580,1210,4.97,25180,810,3.32,23160,25580,1399-9-29
98,وآيند,بانك  آينده,4559,19687038,468920879921,24238,23754,23754,-484,-2.0,23819,-419,-1.73,23754,24238,1399-9-29
99,خكمك,كمك‌فنرايندامين‌,4532,6122120,287766701650,48960,47030,46520,-2440,-4.98,47000,-1960,-4.0,46520,50500,1399-9-29
100,فاراك,ماشين‌ سازي‌ اراك‌,4525,33074657,261488325870,7780,7840,7930,150,1.93,7910,130,1.67,7450,8100,1399-9-29
101,دماوند,توليد نيروي برق دماوند,4512,5188113,360710537257,66838,70170,69470,2632,3.94,69526,2688,4.02,67950,70179,1399-9-29
102,غگيلا,شيرپاستوريزه پگاه گيلان,4499,565066,10793890732,18193,19102,19102,909,5.0,18380,187,1.03,19102,19102,1399-9-29
103,افق,فروشگاههاي زنجيره اي افق كوروش,4345,1767624,145642798300,78800,80010,82740,3940,5.0,82390,3590,4.56,80010,82740,1399-9-29
104,خصدرا,صنعتي‌ دريايي‌ ايران‌,4294,55547986,297030096335,5122,5211,5378,256,5.0,5347,225,4.39,5201,5378,1399-9-29
105,ورنا,سرمايه‌گذاري‌ رنا(هلدينگ‌,4258,30114193,262144606040,8680,8500,8710,30,0.35,8710,30,0.35,8300,8990,1399-9-29
106,وكار,بانك‌ كارآفرين‌,4220,80665464,381916133870,4930,4700,4690,-240,-4.87,4730,-200,-4.06,4690,4900,1399-9-29
107,بزاگرس,نيروگاه زاگرس كوثر,4166,17643644,235581188572,13751,13265,13200,-551,-4.01,13352,-399,-2.9,13064,13900,1399-9-29
108,رتاپ,تجارت الكترونيك  پارسيان,4132,22506250,195927751270,8480,8900,8760,280,3.3,8710,230,2.71,8530,8900,1399-9-29
109,لوتوس,تامين سرمايه لوتوس پارسيان,4084,15764269,265991248720,16340,17130,16720,380,2.33,16870,530,3.24,16590,17140,1399-9-29
110,كچاد,معدني‌وصنعتي‌چادرملو,4050,40573587,835143309550,19650,20570,20630,980,4.99,20580,930,4.73,20110,20630,1399-9-29
111,بكام,كارخانجات توليدي شهيد قندي,4038,38772791,173221630750,4390,4430,4460,70,1.59,4470,80,1.82,4310,4590,1399-9-29
112,ساوه,سيمان ساوه,4017,2216193,129653204923,55860,55910,58653,2793,5.0,58503,2643,4.73,55080,58653,1399-9-29
113,فاذر,صنايع‌ آذرآب‌,3964,8177239,307279157120,36180,37970,37980,1800,4.98,37580,1400,3.87,36700,37980,1399-9-29
114,وسينا,بانك سينا,3957,23744117,271941893870,11460,12020,11390,-70,-0.61,11450,-10,-0.09,11070,12020,1399-9-29
115,غمينو,شركت صنايع غذايي مينو شرق,3901,18764117,292871500852,15407,14637,16177,770,5.0,15608,201,1.3,14637,16177,1399-9-29
116,كمند,صندوق س. با درآمد ثابت كمند,3800,170454461,1717537198458,10062,10077,10080,18,0.18,10076,14,0.14,10075,10080,1399-9-29
117,خاهن,آهنگري‌ تراكتورسازي‌ ايران‌,3761,6797987,280625697450,39620,41600,41200,1580,3.99,41280,1660,4.19,40250,41600,1399-9-29
118,فرابورس,فرابورس ايران,3722,8513748,486294217615,54569,56990,57297,2728,5.0,57119,2550,4.67,55555,57297,1399-9-29
119,غشهداب,كشت و صنعت شهداب ناب خراسان,3700,38202808,192121146141,4878,4895,5121,243,4.98,5029,151,3.1,4710,5121,1399-9-29
120,وپسا,س. پتروشيمي ساختمان  خليج فارس,3661,75299115,283882581421,3943,3746,3800,-143,-3.63,3770,-173,-4.39,3746,4055,1399-9-29
121,ولساپا,ليزينگ رايان‌ سايپا,3661,101714065,455908449920,4280,4480,4490,210,4.91,4480,200,4.67,4330,4490,1399-9-29
122,خريخت,صنايع‌ريخته‌گري‌ايران‌,3637,43785106,203516106490,4700,4650,4540,-160,-3.4,4650,-50,-1.06,4480,4860,1399-9-29
123,شغدير,پتروشيمي غدير,3613,11004231,814597510584,70533,73950,74059,3526,5.0,74026,3493,4.95,71500,74059,1399-9-29
124,وشهر,بانك شهر,3588,32108897,234626669015,7325,7618,7181,-144,-1.97,7307,-18,-0.25,7052,7618,1399-9-29
125,اخابر,مخابرات ايران,3566,19175148,294833583550,15210,15650,15340,130,0.85,15380,170,1.12,15120,15710,1399-9-29
126,وساخت,سرمايه‌ گذاري‌ ساختمان‌ايران‌,3456,3518403,221611159460,63370,60850,61750,-1620,-2.56,62990,-380,-0.6,60210,65400,1399-9-29
127,تملت,تامين سرمايه بانك ملت,3441,14250769,144481238820,9710,10160,10190,480,4.94,10140,430,4.43,9910,10190,1399-9-29
128,كيسون,شركت كيسون,3429,17597684,282589419102,16405,16500,15933,-472,-2.88,16058,-347,-2.12,15913,16800,1399-9-29
129,وپاسار,بانك  پاسارگاد,3417,26594539,320303079760,11980,11990,12110,130,1.09,12040,60,0.5,11980,12330,1399-9-29
130,قشرين,قند شيرين خراسان,3393,16507243,335433785773,21197,20200,20300,-897,-4.23,20320,-877,-4.14,20138,21100,1399-9-29
131,وشمال,س. چشم انداز توسعه شمال,3331,2947717,268409959477,94218,89508,91080,-3138,-3.33,91057,-3161,-3.35,89508,96342,1399-9-29
132,مدير,ص.س.مديريت ثروت ص.بازنشستگي-س,3318,20575580,237996476238,11096,11580,11670,574,5.17,11567,471,4.24,11290,11760,1399-9-29
133,كلوند,كاشي‌ الوند,3311,11870905,338376296730,29880,28390,28390,-1490,-4.99,28500,-1380,-4.62,28390,29690,1399-9-29
134,دتوليد,داروسازي توليد دارو,3294,6302066,209778909929,33531,32400,34110,579,1.73,33287,-244,-0.73,31855,34520,1399-9-29
135,خچرخش,چرخشگر,3287,10126052,162745670660,16710,15900,15880,-830,-4.97,16070,-640,-3.83,15880,17380,1399-9-29
136,نوين,بيمه نوين,3283,31625381,285459580905,8652,8890,9037,385,4.45,9026,374,4.32,8790,9084,1399-9-29
137,ختور,رادياتور ايران‌,3282,5361865,214875336320,39800,38100,40500,700,1.76,40070,270,0.68,38100,41200,1399-9-29
138,غپينو,پارس‌ مينو,3279,42316897,414348045940,9380,9250,9840,460,4.9,9790,410,4.37,9250,9840,1399-9-29
139,حبندر,دريايي و کشتيراني خط دريابندر,3258,6916725,231539264526,34518,32793,32830,-1688,-4.89,33475,-1043,-3.02,32793,35240,1399-9-29
140,تكشا,گسترش‌صنايع‌وخدمات‌كشاورزي‌,3235,4661430,261331309440,56560,54120,59380,2820,4.99,56060,-500,-0.88,53740,59380,1399-9-29
141,فنوال,نورد آلومينيوم‌,3220,7264006,222125753880,31280,31300,29990,-1290,-4.12,30580,-700,-2.24,29780,32520,1399-9-29
142,آگاس,صندوق س.هستي بخش آگاه-س,3136,4110723,312891867541,73288,75120,76960,3672,5.01,76116,2828,3.86,74500,76999,1399-9-29
143,وملل,اعتباري ملل,3136,35528461,575654810300,15476,16100,16249,773,4.99,16203,727,4.7,15700,16249,1399-9-29
144,دتوزيع,توزيع دارو پخش,3101,6976600,195782678384,29051,29499,28000,-1051,-3.62,28063,-988,-3.4,27599,29499,1399-9-29
145,سرو,صندوق س سروسودمند مدبران-سهام,3100,4147505,303932288640,69100,72500,73600,4500,6.51,73280,4180,6.05,72500,73600,1399-9-29
146,شيران,س. صنايع‌شيميايي‌ايران,3063,10310866,406406878690,37590,39450,39460,1870,4.97,39420,1830,4.87,38670,39460,1399-9-29
147,خمهر,مهركام‌پارس‌,3014,29959862,226255491860,7810,7810,7500,-310,-3.97,7550,-260,-3.33,7420,7880,1399-9-29
148,وليز,ليزينگ‌ايران‌,3008,24765215,230846404750,9690,9210,9210,-480,-4.95,9320,-370,-3.82,9210,9870,1399-9-29
149,ديران,ايران‌دارو,2977,13074493,350440432040,26760,25430,28090,1330,4.97,26800,40,0.15,25430,28090,1399-9-29
150,وصنعت,سرمايه گذاري توسعه صنعت وتجارت,2934,24095664,182746114270,7310,7320,7670,360,4.92,7580,270,3.69,7320,7670,1399-9-29
151,تپمپي,پمپ‌ سازي‌ ايران‌,2926,7490639,273817039260,34880,35950,36620,1740,4.99,36550,1670,4.79,35100,36620,1399-9-29
152,وبوعلي,سرمايه‌گذاري‌بوعلي‌,2916,16030759,119388005000,7520,7800,7400,-120,-1.6,7450,-70,-0.93,7150,7800,1399-9-29
153,خشرق,الكتريك‌ خودرو شرق‌,2899,9092493,213448974490,23660,24730,23150,-510,-2.16,23480,-180,-0.76,22510,24730,1399-9-29
154,وسنا,سرمايه گذاري نيروگاهي ايران,2887,13276600,230613647725,18096,17192,17193,-903,-4.99,17370,-726,-4.01,17192,17920,1399-9-29
155,وبانك,سرمايه گذاري گروه توسعه ملي,2806,11827915,121143026910,10190,10210,10290,100,0.98,10240,50,0.49,9920,10470,1399-9-29
156,زبينا,كشاورزي و دامپروري بينالود,2790,3021915,155903683369,50867,51070,51110,243,0.48,51591,724,1.42,49510,52905,1399-9-29
157,ثنام,س ساختماني ب نام آوران مهندسي,2741,10503470,215499215046,21438,20367,20367,-1071,-5.0,20517,-921,-4.3,20367,21900,1399-9-29
158,سيمرغ,سيمرغ,2721,8510525,165268348230,18910,19390,19850,940,4.97,19420,510,2.7,18200,19850,1399-9-29
159,ولصنم,ليزينگ‌صنعت‌ومعدن‌,2629,15042130,149640776250,10000,9890,10240,240,2.4,9950,-50,-0.5,9500,10490,1399-9-29
160,غشان,شيرپاستوريزه‌پگاه‌خراسان‌,2623,14433596,121038455810,8670,8990,8240,-430,-4.96,8390,-280,-3.23,8240,9090,1399-9-29
161,اتكاي,بيمه اتكايي ايرانيان,2609,23496965,401341343704,16402,16420,17222,820,5.0,17081,679,4.14,16420,17222,1399-9-29
162,فاسمين,كالسيمين‌,2596,22560169,438421355450,18520,19440,19440,920,4.97,19430,910,4.91,19000,19440,1399-9-29
163,كاوه,فولاد كاوه جنوب كيش,2593,30874692,694570285320,21430,22500,22500,1070,4.99,22500,1070,4.99,22150,22500,1399-9-29
164,ومهان,گروه توسعه مالي مهر آيندگان,2590,11178143,178817831784,15369,15550,16137,768,5.0,15997,628,4.09,15500,16137,1399-9-29
165,شلعاب,لعابيران‌,2578,11143904,119312714570,10400,10920,10920,520,5.0,10710,310,2.98,10280,10920,1399-9-29
166,تنوينح,ح . تامين سرمايه نوين,2567,10594386,54230557787,4951,5030,5110,159,3.21,5119,168,3.39,4973,5222,1399-9-29
167,چكاپا,گروه صنايع كاغذ پارس,2513,35649896,266612027100,7130,7480,7480,350,4.91,7480,350,4.91,7310,7480,1399-9-29
168,غمينوح,ح . شركت صنايع غذايي مينو شرق,2487,9340338,105264197253,10892,10348,11436,544,4.99,11270,378,3.47,10348,11436,1399-9-29
169,قشكر,شكرشاهرود,2483,3207633,151526097000,46010,46000,48310,2300,5.0,47240,1230,2.67,44440,48310,1399-9-29
170,ميدكو,هلدينگ صنايع  معدني خاورميانه,2473,5875466,172671576085,28601,28610,29450,849,2.97,29389,788,2.76,28610,29998,1399-9-29
171,بالاس,مهندسي ساختمان تاسيسات راه آهن,2466,2689937,142092713796,54021,51340,52322,-1699,-3.15,52824,-1197,-2.22,51320,55997,1399-9-29
172,ولبهمن,شركت بهمن ليزينگ,2466,20270825,194095431609,9963,9963,9472,-491,-4.93,9575,-388,-3.89,9465,10163,1399-9-29
173,شلرد,كود شيميايي اوره لردگان,2439,29760421,300384585466,9836,9999,10131,295,3.0,10093,257,2.61,9900,10131,1399-9-29
174,وسديد,گروه ‌صنعتي‌سديد,2415,9704692,252434027732,25257,26010,26014,757,3.0,26012,755,2.99,25500,26014,1399-9-29
175,كوير,توليدي فولاد سپيد فراب كوير,2409,12409629,272481299120,20930,21970,21970,1040,4.97,21960,1030,4.92,21600,21970,1399-9-29
176,سامان,بانك سامان,2404,20527472,257513757359,12330,12649,12699,369,2.99,12545,215,1.74,12123,12699,1399-9-29
177,وپست,پست بانك ايران,2395,15972095,279403892400,16690,17460,17520,830,4.97,17490,800,4.79,16840,17520,1399-9-29
178,اميد,تامين سرمايه اميد,2386,10526983,133124171890,12660,13290,12730,70,0.55,12650,-10,-0.08,12200,13290,1399-9-29
179,وآذر,سرمايه‌گذاري‌توسعه‌آذربايجان‌,2373,2190930,229498231130,109960,104470,104520,-5440,-4.95,104750,-5210,-4.74,104470,108420,1399-9-29
180,نطرين,عطرين نخ قم,2333,11209617,129395631979,11900,12010,11305,-595,-5.0,11543,-357,-3.0,11305,12260,1399-9-29
181,دتوزيعح,ح . توزيع دارو پخش,2326,1890510,46347545685,24536,23910,24720,184,0.75,24516,-20,-0.08,23401,25750,1399-9-29
182,زگلدشت,كشت و دام گلدشت نمونه اصفهان,2307,2713774,124664650639,47744,46000,45500,-2244,-4.7,45938,-1806,-3.78,45357,49969,1399-9-29
183,غديس,پاكديس,2299,11765921,147293634378,12150,12500,12757,607,5.0,12519,369,3.04,11630,12757,1399-9-29
184,لخانه,لوازم‌ خانگي‌ پارس‌,2284,2073203,113454453432,56740,53905,53903,-2837,-5.0,54724,-2016,-3.55,53903,59004,1399-9-29
185,ونفت,سرمايه‌گذاري‌ صنعت‌ نفت‌,2280,11103762,194919548060,16780,17500,17610,830,4.95,17550,770,4.59,17010,17610,1399-9-29
186,لسرما,سرما آفرين‌,2275,4331444,133894461340,31480,30300,30640,-840,-2.67,30910,-570,-1.81,30010,32470,1399-9-29
187,پاكشو,گروه صنعتي پاكشو,2272,2083351,174848934060,80270,82690,84280,4010,5.0,83930,3660,4.56,81210,84280,1399-9-29
188,كگاز,شيشه‌ و گاز,2260,4724598,109923699880,23120,22490,23300,180,0.78,23270,150,0.65,22490,24080,1399-9-29
189,اعتلا,شركت سرمايه گذاري اعتلاء البرز,2255,12291529,129362062907,10453,10975,10228,-225,-2.15,10524,71,0.68,10032,10975,1399-9-29
190,غشهد,شهد ايران ‌,2228,26972900,245124006090,8680,8680,9110,430,4.95,9090,410,4.72,8680,9110,1399-9-29
191,اعتماد,صندوق س.اعتماد آفرين پارسيان-د,2207,69730310,2363629421610,33863,33896,33900,37,0.11,33897,34,0.1,33894,33905,1399-9-29
192,سفارس,سيمان فارس و خوزستان,2201,13280170,237865185060,17190,18000,18040,850,4.94,17910,720,4.19,17230,18040,1399-9-29
193,غبهنوش,بهنوش‌ ايران‌,2196,2452842,386336213870,143660,157500,158020,14360,10.0,157510,13850,9.64,151000,158020,1399-9-29
194,فروي,ذوب روي اصفهان,2140,2139687,136308023281,60673,63706,63706,3033,5.0,63705,3032,5.0,63210,63706,1399-9-29
195,سيستم,همكاران سيستم,2139,3742661,132839617830,35120,36870,35590,470,1.34,35490,370,1.05,34100,36870,1399-9-29
196,حفارس,حمل و نقل بين المللي خليج فارس,2072,31761663,144908716780,4380,4400,4590,210,4.79,4560,180,4.11,4380,4590,1399-9-29
197,شكلر,نيروكلر,2067,2381374,150624599850,62930,63000,62300,-630,-1.0,63250,320,0.51,62000,64300,1399-9-29
198,حسير,ريل سير كوثر,2030,6728789,128722692702,18935,18949,18935,0,0.0,19130,195,1.03,18400,19640,1399-9-29
199,ثفارس,عمران‌وتوسعه‌فارس‌,2028,22487840,221690052490,9430,9360,9900,470,4.98,9860,430,4.56,9360,9900,1399-9-29
200,ستران,سيمان‌ تهران‌,1996,3054426,112821650110,36900,35610,36990,90,0.24,36940,40,0.11,35610,37740,1399-9-29
201,قرن,پديده شيمي قرن,1972,1970642,108848861900,53180,54800,55830,2650,4.98,55240,2060,3.87,53300,55830,1399-9-29
202,خكاوه,سايپا ديزل,1954,29463802,151726387985,5011,5100,5140,129,2.57,5150,139,2.77,5050,5161,1399-9-29
203,والبر,سرمايه‌ گذاري‌ البرز(هلدينگ‌,1935,8095823,160302458760,18990,19160,19930,940,4.95,19800,810,4.27,19160,19930,1399-9-29
204,پكوير,كوير تاير,1933,6738869,142959319170,20350,20200,21360,1010,4.96,21210,860,4.23,20000,21360,1399-9-29
205,ما,بيمه  ما,1921,20318159,184564219540,8810,9220,9250,440,4.99,9080,270,3.06,8580,9250,1399-9-29
206,ثمسكن,سرمايه‌گذاري‌ مسكن‌,1912,16130589,100396876690,6280,6160,6210,-70,-1.11,6220,-60,-0.96,5980,6400,1399-9-29
207,پارسان,گسترش نفت و گاز پارسيان,1902,15067692,349499745800,22250,22300,23360,1110,4.99,23200,950,4.27,22000,23360,1399-9-29
208,ثرود,سرمايه‌گذاري مسكن زاينده رود,1899,10533084,113042195261,11189,11650,10630,-559,-5.0,10732,-457,-4.08,10630,11700,1399-9-29
209,وهور,مديريت انرژي اميد  تابان هور,1889,3997484,177663773252,42779,44400,44750,1971,4.61,44444,1665,3.89,42120,44909,1399-9-29
210,دزهراوي,داروسازي‌زهراوي‌,1869,8828040,116274362020,12650,12700,13280,630,4.98,13170,520,4.11,12700,13280,1399-9-29
211,وبيمه,سرمايه‌ گذاري‌ صنعت‌ بيمه‌,1855,22451622,79194721860,3420,3370,3590,170,4.97,3530,110,3.22,3300,3590,1399-9-29
212,ثالوند,سرمايه گذاري مسكن الوند,1847,9818121,153152264789,16007,15220,15750,-257,-1.61,15599,-408,-2.55,15207,16245,1399-9-29
213,كترام,توليدي‌ كاشي‌ تكسرام‌,1830,5641486,197003317830,34690,36380,36080,1390,4.01,34920,230,0.66,33010,36380,1399-9-29
214,ارزش,صندوق س ارزش آفرين بيدار-سهام,1828,12006299,132733227080,10540,11070,11200,660,6.26,11060,520,4.93,10810,11210,1399-9-29
215,سصوفي,سيمان‌ صوفيان‌,1827,6214367,99776536870,15790,16520,15790,0,0.0,16060,270,1.71,15380,16550,1399-9-29
216,سشرق,سيمان‌ شرق‌,1790,18684053,134288643120,6900,7080,7240,340,4.93,7190,290,4.2,6900,7240,1399-9-29
217,ساربيل,سيمان آرتا اردبيل,1787,1874143,102188894500,54720,57100,53250,-1470,-2.69,54530,-190,-0.35,52500,57100,1399-9-29
218,خرينگ,رينگ‌سازي‌مشهد,1787,3607330,215153127300,56870,56300,59710,2840,4.99,59640,2770,4.87,56300,59710,1399-9-29
219,آپ,آسان پرداخت پرشين,1786,4861384,93118020410,18530,18400,19450,920,4.96,19150,620,3.35,18070,19450,1399-9-29
220,ومعلم,بيمه معلم,1786,8397007,62623926080,7611,7450,7350,-261,-3.43,7458,-153,-2.01,7231,7850,1399-9-29
221,شصدف,صنعتي دوده فام,1782,62656,1640208768,24932,26178,26178,1246,5.0,24971,39,0.16,26178,26178,1399-9-29
222,حتايد,تايدواترخاورميانه,1775,6546472,154350479750,23150,24280,23000,-150,-0.65,23580,430,1.86,22500,24280,1399-9-29
223,قشير,قند شيروان قوچان و بجنورد,1774,3143332,97344606861,29849,29980,31341,1492,5.0,30969,1120,3.75,28840,31341,1399-9-29
224,ددام,داروسازي زاگرس فارمد پارس,1773,7797705,129100971550,16060,15260,16860,800,4.98,16560,500,3.11,15260,16860,1399-9-29
225,پلاسك,پلاسكوكار,1769,10163084,90022763430,8830,8390,9000,170,1.93,8860,30,0.34,8390,9220,1399-9-29
226,ميهن,بيمه ميهن,1763,18321293,116250795537,6323,6500,6380,57,0.9,6345,22,0.35,6110,6599,1399-9-29
227,شاراك,پتروشيمي شازند,1758,13199448,358820453580,25940,27210,27230,1290,4.97,27180,1240,4.78,26100,27230,1399-9-29
228,امين يكم,صندوق درآمد ثابت امين يكم فردا,1756,62565281,642260543448,10257,10264,10266,9,0.09,10265,8,0.08,10259,10276,1399-9-29
229,مرقام,ايران‌ارقام‌,1746,3847571,90071933810,23040,23960,23390,350,1.52,23410,370,1.61,22500,23960,1399-9-29
230,درهآور,دارويي ره آورد تامين,1742,2495431,109524608348,42908,41190,45053,2145,5.0,43890,982,2.29,41000,45053,1399-9-29
231,غمارگ,مارگارين‌,1737,4091743,170725396930,40620,41000,42650,2030,5.0,41720,1100,2.71,39920,42650,1399-9-29
232,آريان,سرمايه گذاري پارس آريان,1732,27942238,443997468829,15432,15894,15894,462,2.99,15890,458,2.97,15500,15894,1399-9-29
233,تاپكيش,تجارت الكترونيك پارسيان كيش,1723,9311525,242759256278,25051,26190,26303,1252,5.0,26071,1020,4.07,24066,26303,1399-9-29
234,كاذرح,ح . فرآورده‌هاي‌نسوزآذر,1715,5695734,112121927580,18260,19790,20090,1830,10.02,19690,1430,7.83,19000,20090,1399-9-29
235,دشيمي,شيمي‌ داروئي‌ داروپخش‌,1712,3670590,278092478260,72310,75880,75920,3610,4.99,75760,3450,4.77,72410,75920,1399-9-29
236,شسپا,نفت سپاهان,1698,6272708,173805441490,26540,27170,27860,1320,4.97,27710,1170,4.41,26650,27860,1399-9-29
237,رانفور,خدمات‌انفورماتيك‌,1694,14631983,448451917700,30260,31450,31770,1510,4.99,30650,390,1.29,30000,31770,1399-9-29
238,سخواف,سيمان مجد خواف,1669,9039310,138703147844,15630,16080,15162,-468,-2.99,15344,-286,-1.83,15162,16080,1399-9-29
239,كهمداح,ح . شيشه‌ همدان‌,1667,6703580,70964352610,9840,10160,10820,980,9.96,10590,750,7.62,10020,10820,1399-9-29
240,دكوثر,داروسازي‌ كوثر,1663,3938374,97570459260,25050,24910,24780,-270,-1.08,24770,-280,-1.12,23800,26000,1399-9-29
241,شبهرن,نفت‌ بهران‌,1660,3082183,183081289300,56750,59490,59390,2640,4.65,59400,2650,4.67,57760,59580,1399-9-29
242,تيپيكو,سرمايه گذاري دارويي تامين,1632,3432286,202356445570,59520,57000,59390,-130,-0.22,58960,-560,-0.94,57000,60990,1399-9-29
243,وآرين,شركت توسعه اقتصادي آرين,1626,13631402,72731906581,5505,5410,5360,-145,-2.63,5336,-169,-3.07,5230,5570,1399-9-29
244,وايرا,سرمايه گذاري صنايع ايران,1626,15903531,169299688881,10396,10707,10660,264,2.54,10645,249,2.4,10396,10707,1399-9-29
245,چافست,افست‌,1625,3195338,73857475560,23710,23700,22740,-970,-4.09,23110,-600,-2.53,22530,24480,1399-9-29
246,پكرمان,گروه‌ صنعتي‌ بارز,1618,5074592,174683545760,33020,34000,34670,1650,5.0,34420,1400,4.24,33160,34670,1399-9-29
247,ثنظام,س. ساختماني نظام مهندسي ايران,1616,2752133,120371160347,43447,43400,43090,-357,-0.82,43737,290,0.67,42201,44750,1399-9-29
248,خفناور,مهندسي صنعتي روان فن آور,1589,3476519,90409382789,26997,25648,25648,-1349,-5.0,26006,-991,-3.67,25648,27990,1399-9-29
249,سبزوا,سيمان لار سبزوار,1582,13807717,77063900579,5502,5620,5530,28,0.51,5581,79,1.44,5500,5759,1399-9-29
250,سپاها,سيمان‌سپاهان‌,1576,11305185,98783634170,8540,8270,8930,390,4.57,8740,200,2.34,8270,8960,1399-9-29
251,فلوله,لوله‌وماشين‌سازي‌ايران‌,1562,3258006,78993198640,24500,23510,23890,-610,-2.49,24250,-250,-1.02,23510,25000,1399-9-29
252,غالبر,لبنيات‌ كالبر,1560,6736312,89477110240,13220,12700,13340,120,0.91,13280,60,0.45,12570,13800,1399-9-29
253,زماهان,مجتمع توليد گوشت مرغ ماهان,1560,3638578,99775167757,28403,26983,27490,-913,-3.21,27421,-982,-3.46,26983,28403,1399-9-29
254,وبهمن,سرمايه‌گذاري‌بهمن‌,1541,5671314,117139085330,19780,20760,20690,910,4.6,20650,870,4.4,20110,20760,1399-9-29
255,سپح,ح . پرداخت الكترونيك سامان كيش,1537,2524404,50372920020,19270,20610,20280,1010,5.24,19950,680,3.53,19250,20630,1399-9-29
256,غپاك,لبنيات‌ پاك‌,1533,5967535,96835471990,15960,16000,16190,230,1.44,16230,270,1.69,15550,16700,1399-9-29
257,وسكاب,س.ص.بازنشستگي كاركنان بانكها,1528,20516975,136711817990,6390,6420,6700,310,4.85,6660,270,4.23,6420,6700,1399-9-29
258,سفار,سيمان‌فارس‌,1525,1378809,144134651240,99660,104000,104640,4980,5.0,104540,4880,4.9,103270,104640,1399-9-29
259,جم,پتروشيمي جم,1514,5259458,258278645550,46990,47540,49300,2310,4.92,49110,2120,4.51,47540,49330,1399-9-29
260,شپديس,پتروشيمي پرديس,1512,1564717,162468252730,102050,105000,103900,1850,1.81,103830,1780,1.74,102000,107000,1399-9-29
261,پرديس,سرمايه گذاري پرديس,1490,10529819,77111601360,7060,7190,7410,350,4.96,7320,260,3.68,7050,7410,1399-9-29
262,پرداخت,به پرداخت ملت,1489,4215630,102342050620,25120,24020,23890,-1230,-4.9,24280,-840,-3.34,23870,26370,1399-9-29
263,ثجوان,تامين مسكن جوانان,1456,10467301,120746223136,11002,11552,11552,550,5.0,11536,534,4.85,11110,11552,1399-9-29
264,شمواد,توليد مواداوليه الياف مصنوعي,1456,1627237,89590141257,56232,54560,54552,-1680,-2.99,55057,-1175,-2.09,54546,57500,1399-9-29
265,پاسا,ايران‌ياساتايرورابر,1452,3160978,86957162020,27110,27110,27800,690,2.55,27510,400,1.48,26100,28390,1399-9-29
266,زكشت,كشاورزي مكانيزه اصفهان كشت,1446,2060800,67743683129,34069,34500,32700,-1369,-4.02,32873,-1196,-3.51,32366,34880,1399-9-29
267,پارسيان,بيمه پارسيان,1420,11216123,165950227360,15540,14770,14770,-770,-4.95,14800,-740,-4.76,14770,15160,1399-9-29
268,كروي,توسعه‌ معادن‌ روي‌ ايران‌,1418,6697356,233535091820,33210,34870,34870,1660,5.0,34870,1660,5.0,34800,34870,1399-9-29
269,خكرمان,گروه اقتصادي كرمان خودرو,1418,14771328,82389386377,5425,5400,5587,162,2.99,5578,153,2.82,5400,5587,1399-9-29
270,كحافظ,كاشي‌ وسراميك‌ حافظ‌,1400,6450797,119136807710,17740,18620,18620,880,4.96,18470,730,4.11,17740,18620,1399-9-29
271,شتوكا,توكا رنگ فولاد سپاهان,1400,1696536,75778466054,44901,46600,43990,-911,-2.03,44667,-234,-0.52,43600,46600,1399-9-29
272,ثپرديس,سرمايه گذاري مسكن پرديس,1388,8624469,92012728777,10240,10388,10752,512,5.0,10669,429,4.19,10072,10752,1399-9-29
273,ثقزوي,شركت عمران و سازندگي قزوين,1374,3841359,111612909362,28241,29088,29088,847,3.0,29056,815,2.89,28590,29088,1399-9-29
274,فلات,گروه صنايع معادن فلات ايرانيان,1359,6174088,97194976002,16218,15408,15790,-428,-2.64,15742,-476,-2.94,15408,16512,1399-9-29
275,تاصيكو,سرمايه گذاري صدرتامين,1354,28841998,333059662140,11000,11450,11550,550,5.0,11550,550,5.0,11310,11550,1399-9-29
276,تسه9908,امتياز تسهيلات مسكن آبان99,1350,35648,20713759946,592434,616000,563000,-29434,-4.97,581064,-11370,-1.92,562813,620000,1399-9-29
277,حريل,ريل پردازسير,1342,22963374,111129981408,4637,4860,4868,231,4.98,4839,202,4.36,4650,4868,1399-9-29
278,فسرب,ملي‌ سرب‌وروي‌ ايران‌,1335,1110376,146977458850,126260,132400,132570,6310,5.0,132370,6110,4.84,129900,132570,1399-9-29
279,ثتران,سرمايه گذاري مسكن تهران,1316,14667937,73840407186,4995,4750,5099,104,2.08,5034,39,0.78,4750,5199,1399-9-29
280,كهمدا,شيشه‌ همدان‌,1312,5142098,64740252420,12150,12150,12750,600,4.94,12590,440,3.62,11960,12750,1399-9-29
281,بورس,بورس اوراق بهادار تهران,1309,2236844,137043703110,58400,61320,61320,2920,5.0,61270,2870,4.91,60240,61320,1399-9-29
282,رنيك,جنرال مكانيك,1299,4989594,133185336052,25441,26100,26713,1272,5.0,26693,1252,4.92,26100,26713,1399-9-29
283,وخاور,بانك خاورميانه,1295,6438396,65570809240,10090,10530,10120,30,0.3,10180,90,0.89,10000,10530,1399-9-29
284,كقزوي,شيشه‌ قزوين‌,1290,6161915,54239242853,9135,8681,8731,-404,-4.42,8802,-333,-3.65,8679,9591,1399-9-29
285,شاوان,پالايش نفت لاوان,1289,1494056,148387182847,101769,97000,102200,431,0.42,99318,-2451,-2.41,96681,103490,1399-9-29
286,قجام,فرآوردههاي غذايي وقندتربت‌جام‌,1272,7394850,91824671144,12063,12424,12424,361,2.99,12417,354,2.93,12063,12424,1399-9-29
287,اپرداز,آتيه داده پرداز,1271,2317401,69863494955,29605,29605,30000,395,1.33,30147,542,1.83,28910,31000,1399-9-29
288,همراه,شركت ارتباطات سيار ايران,1249,3158373,110015961600,34350,35200,34890,540,1.57,34830,480,1.4,34350,35400,1399-9-29
289,سپ,پرداخت الكترونيك سامان كيش,1246,3152290,66348422320,20210,21220,21220,1010,5.0,21050,840,4.16,20500,21220,1399-9-29
290,شبصير,توليدات پتروشيمي قائد بصير,1244,1256614,164444418026,125195,131454,131452,6257,5.0,130863,5668,4.53,127320,131454,1399-9-29
291,سمازن,سيمان‌مازندران‌,1244,7043348,74610232450,10730,10600,10610,-120,-1.12,10590,-140,-1.3,10200,11040,1399-9-29
292,ثنوسا,نوسازي‌وساختمان‌تهران‌,1230,11191304,171211583590,14580,15300,15300,720,4.94,15300,720,4.94,15100,15300,1399-9-29
293,كرازي,كارخانجات‌توليدي‌شيشه‌رازي‌,1217,3716971,88028827780,22590,23500,23710,1120,4.96,23680,1090,4.83,23200,23710,1399-9-29
294,وآوا,سرمايه گذاري آوا نوين,1198,8043363,68143546065,8071,8474,8474,403,4.99,8472,401,4.97,8260,8474,1399-9-29
295,وسكرد,شركت س استان كردستان,1190,47470887,37137988150,800,800,780,-20,-2.5,790,-10,-1.25,770,820,1399-9-29
296,حپارسا,توسعه حمل و نقل ريلي پارسيان,1186,2532643,80905937194,33171,34110,32410,-761,-2.29,31945,-1226,-3.7,31513,34110,1399-9-29
297,ثشرق,سرمايه گذاري مسكن شمال شرق,1185,12705297,73920650280,5710,5670,5990,280,4.9,5820,110,1.93,5580,5990,1399-9-29
298,كساوه,صنايع‌ كاشي‌ و سراميك‌ سينا,1185,2104412,202265459490,92840,97000,94790,1950,2.1,96110,3270,3.52,92840,97090,1399-9-29
299,واتي,سرمايه‌ گذاري‌ آتيه‌ دماوند,1183,7068033,101813875520,13740,14420,14420,680,4.95,14400,660,4.8,14100,14420,1399-9-29
300,فسپا,گروه‌صنعتي‌سپاهان‌,1171,3092387,149780723300,46190,47350,48490,2300,4.98,48440,2250,4.87,47340,48490,1399-9-29
301,تايرا,تراكتورسازي‌ايران‌,1171,7199825,205440392140,27730,26800,29080,1350,4.87,28530,800,2.88,26800,29110,1399-9-29
302,اتكام,شركت بيمه اتكايي امين,1169,20902596,151341729390,7059,7340,7190,131,1.86,7240,181,2.56,6800,7350,1399-9-29
303,وگستر,گسترش سرمايه گذاري ايرانيان,1165,9271114,210575582418,21816,20764,22906,1090,5.0,22713,897,4.11,20764,22906,1399-9-29
304,خفنر,فنرسازي‌خاور,1146,4318502,87142827800,21100,20060,20050,-1050,-4.98,20180,-920,-4.36,20050,21800,1399-9-29
305,فالوم,آلومتك‌,1134,5182682,143865268370,26446,27768,27768,1322,5.0,27759,1313,4.96,26700,27768,1399-9-29
306,دلقما,دارويي‌ لقمان‌,1129,1858452,54454039970,29280,28100,29480,200,0.68,29300,20,0.07,28100,30300,1399-9-29
307,شپاس,نفت پاسارگاد,1129,5552145,142320559896,24470,25180,25693,1223,5.0,25633,1163,4.75,24110,25693,1399-9-29
308,ركيش,كارت اعتباري ايران كيش,1126,6441602,127140865650,18800,19730,19740,940,5.0,19740,940,5.0,19050,19740,1399-9-29
309,غمهراح,ح . توليدي‌مهرام‌,1120,853863,56740737620,66780,70290,66500,-280,-0.42,66450,-330,-0.49,61510,70680,1399-9-29
310,ثاختح,ح . بين‌المللي‌توسعه‌ساختمان,1114,103018338,348528306090,3250,3300,3400,150,4.62,3380,130,4.0,3300,3450,1399-9-29
311,تنوين,تامين سرمايه نوين,1093,6531520,44498910410,6660,6660,6740,80,1.2,6790,130,1.95,6660,6970,1399-9-29
312,بالبر,كابل‌ البرز,1083,1913800,51367066300,27170,28290,27490,320,1.18,26840,-330,-1.21,26010,28290,1399-9-29
313,سكرد,سيمان كردستان,1079,5225676,44617508900,8760,8370,8540,-220,-2.51,8560,-200,-2.28,8330,8800,1399-9-29
314,شپاكسا,پاكسان‌,1079,3255895,103306012970,30400,31800,31920,1520,5.0,31730,1330,4.38,30400,31920,1399-9-29
315,دفارا,داروسازي‌ فارابي‌,1077,3053988,191639197700,60170,60180,63170,3000,4.99,62750,2580,4.29,60120,63170,1399-9-29
316,شجم,صنايع پتروشيمي تخت جمشيد,1070,9276596,98627876939,10437,10750,10514,77,0.74,10632,195,1.87,10430,10750,1399-9-29
317,سرچشمه,سرمايه گذاري مس سرچشمه,1070,7227445,60200835711,7948,8340,8345,397,4.99,8329,381,4.79,8101,8345,1399-9-29
318,زنگان,صنعت روي زنگان,1065,720437,72079955631,98984,96400,100200,1216,1.23,100050,1066,1.08,96400,103900,1399-9-29
319,بسويچ,پارس‌سويچ‌,1064,1154157,56337916220,51020,50800,48470,-2550,-5.0,48810,-2210,-4.33,48470,50800,1399-9-29
320,غپآذر,شير پگاه آذربايجان شرقي,1057,1263172,73688152064,60499,59579,59648,-851,-1.41,58336,-2163,-3.58,57475,61001,1399-9-29
321,سخوز,سيمان خوزستان,1053,3739614,90306800570,23260,22500,24420,1160,4.99,24150,890,3.83,22500,24420,1399-9-29
322,آرمان,بيمه آرمان,1052,6531520,78419927802,12327,11975,11958,-369,-2.99,12006,-321,-2.6,11958,12600,1399-9-29
323,كطبس,ذغال‌سنگ‌ نگين‌ ط‌بس‌,1045,1618830,111672421270,66960,69000,69000,2040,3.05,68980,2020,3.02,67010,70190,1399-9-29
324,كاردان,صندوق س تجارت شاخصي كاردان,1037,460144,84708140720,175970,183990,187500,11530,6.55,184090,8120,4.61,180000,188000,1399-9-29
325,پلاست,كارخانجات توليدي پلاستيران,1033,1006400,43767031037,43769,45082,43460,-309,-0.71,43489,-280,-0.64,42456,45082,1399-9-29
326,بخاور,بيمه زندگي خاورميانه,1027,6227182,58380047123,9179,9020,9550,371,4.04,9375,196,2.14,9020,9630,1399-9-29
327,فرآور,فرآوري‌موادمعدني‌ايران‌,1021,3596920,100782063840,26700,28000,28030,1330,4.98,28020,1320,4.94,27600,28030,1399-9-29
328,كلر,كلر پارس,1018,891859,61797559330,66008,69290,69308,3300,5.0,69291,3283,4.97,68333,69308,1399-9-29
329,توريل,توکاريل,1015,5344889,130752213046,23308,23866,24473,1165,5.0,24463,1155,4.96,23600,24473,1399-9-29
330,غبشهر,صنعتي‌ بهشهر,1013,6711379,170977882330,24400,25610,25620,1220,5.0,25480,1080,4.43,24690,25620,1399-9-29
331,شفارا,پتروشيمي فارابي,979,9014701,44062158025,5011,4880,4939,-72,-1.44,4888,-123,-2.45,4861,5159,1399-9-29
332,ختراكح,ح . ريخته‌گري‌ تراكتورسازي‌,969,3707894,49783818720,12370,13500,13610,1240,10.02,13430,1060,8.57,13000,13610,1399-9-29
333,لبوتان,گروه‌صنعتي‌بوتان‌,964,1202036,113026655890,89600,94080,94080,4480,5.0,94030,4430,4.94,91050,94080,1399-9-29
334,تكنو,تكنوتار,950,2643618,37766334140,14190,14050,14110,-80,-0.56,14260,70,0.49,13890,14800,1399-9-29
335,كيميا,معدني كيمياي زنجان گستران,947,2000547,74553598535,35538,37227,37314,1776,5.0,37267,1729,4.87,36705,37314,1399-9-29
336,ضخود1044,اختيارخ خودرو-4000-1399/10/07,944,39392,3417619000,117,188,95,-22,-18.8,87,-30,-25.64,66,188,1399-9-29
337,فايرا,آلومينيوم‌ايران‌,937,1941879,54476450970,26890,28230,28200,1310,4.87,27980,1090,4.05,27010,28230,1399-9-29
338,غصينو,صنعتي مينو,930,3008401,238764753766,75587,79366,79366,3779,5.0,79366,3779,5.0,79366,79366,1399-9-29
339,سمايه,بانك سرمايه,925,5184222,42983074559,8481,8280,8227,-254,-2.99,8291,-190,-2.24,8227,8470,1399-9-29
340,خديزل,بهمن  ديزل,920,4463898,239654452976,51352,51352,53919,2567,5.0,53687,2335,4.55,51352,53919,1399-9-29
341,بهپاك,صنعتي بهپاك,917,1426992,64800046811,44794,45000,46800,2006,4.48,45410,616,1.38,42570,46880,1399-9-29
342,فولاي,صنايع فولاد آلياژي يزد,913,1362932,49124726584,34485,35780,36209,1724,5.0,35950,1465,4.25,35001,36209,1399-9-29
343,كيان,صندوق س. با درآمد ثابت كيان,908,21956966,578980310976,26334,26368,26380,46,0.17,26369,35,0.13,26365,26380,1399-9-29
344,تپولا,مهندسي مرآت پولاد,900,3146082,95080939711,30295,29400,31203,908,3.0,30222,-73,-0.24,29387,31203,1399-9-29
345,ارفع,شركت آهن و فولاد ارفع,898,11220009,183458367159,15573,16351,16351,778,5.0,16351,778,5.0,16351,16351,1399-9-29
346,وپخش,داروپخش‌ (هلدينگ‌,894,645809,82215017570,131560,137990,128000,-3560,-2.71,127310,-4250,-3.23,125010,137990,1399-9-29
347,وپترو,سرمايه‌گذاري صنايع پتروشيمي‌,891,6164019,113525567880,17550,18420,18420,870,4.96,18420,870,4.96,18330,18420,1399-9-29
348,طلا,صندوق س.پشتوانه طلاي لوتوس,891,492960,41581885904,85266,83200,84277,-989,-1.16,84351,-915,-1.07,83200,84989,1399-9-29
349,حاريا,كشتيراني آريا,887,3856509,102801798416,27410,26588,26588,-822,-3.0,26657,-753,-2.75,26588,27420,1399-9-29
350,آوا,صندوق س.سهام آواي معيار-س,887,5887165,55126687325,8943,9204,9440,497,5.56,9364,421,4.71,9193,9450,1399-9-29
351,غشاذر,پگاه‌آذربايجان‌غربي‌,881,1877034,35708061630,19280,18500,19020,-260,-1.35,19090,-190,-0.99,18500,19540,1399-9-29
352,اوان,مبين وان كيش,879,1736221,90298333417,54350,52500,51633,-2717,-5.0,52009,-2341,-4.31,51633,54340,1399-9-29
353,هرمز,فولاد هرمزگان جنوب,877,11001117,169780238661,14699,15433,15433,734,4.99,15433,734,4.99,15433,15433,1399-9-29
354,فنورد,نوردوقطعات‌ فولادي‌,874,622463,122179155190,188330,192010,197740,9410,5.0,196280,7950,4.22,190000,197740,1399-9-29
355,شكربن,كربن‌ ايران‌,861,660099,55472208840,81870,84800,83200,1330,1.62,84040,2170,2.65,82500,85500,1399-9-29
356,شرانل,نفت ايرانول,860,1603862,55054188216,33292,33000,34940,1648,4.95,34326,1034,3.11,32700,34950,1399-9-29
357,بشهاب,لامپ‌  پارس‌ شهاب‌,854,970733,68264949410,69160,70000,72610,3450,4.99,70320,1160,1.68,66000,72610,1399-9-29
358,وتوصا,گروه س توسعه صنعتي ايران,849,5816606,115924957580,18990,19930,19930,940,4.95,19930,940,4.95,19930,19930,1399-9-29
359,پارس,پتروشيمي پارس,848,817570,128933695500,151510,151890,159080,7570,5.0,157700,6190,4.09,151890,159080,1399-9-29
360,قزوين,كارخانجات‌ قند قزوين‌,848,1309568,56698175170,41690,43000,43770,2080,4.99,43300,1610,3.86,42480,43770,1399-9-29
361,دسانكو,داروسازي سبحان انكولوژي,840,2554561,43807999986,17355,16689,17300,-55,-0.32,17172,-183,-1.05,16689,17630,1399-9-29
362,زشريف,كشت وصنعت شريف آباد,838,2518400,65579592622,25609,25000,26350,741,2.89,26040,431,1.68,25000,26500,1399-9-29
363,رتكو,كنترل‌خوردگي‌تكين‌كو,835,8756443,173126150750,19240,19000,20200,960,4.99,19770,530,2.75,18280,20200,1399-9-29
364,دابور,داروسازي‌ ابوريحان‌,828,823029,36932870270,45190,46890,44900,-290,-0.64,44960,-230,-0.51,43830,46890,1399-9-29
365,غاذر,كشت‌وصنعت‌پياذر,822,850365,73485412260,82460,86560,86580,4120,5.0,86420,3960,4.8,80500,86580,1399-9-29
366,شگل,گلتاش‌,821,6287240,179860839350,27250,28610,28610,1360,4.99,28610,1360,4.99,27250,28610,1399-9-29
367,شوينده,مديريت صنعت شوينده ت.ص.بهشهر,819,2314931,85700853770,35440,35450,37210,1770,4.99,37020,1580,4.46,35450,37210,1399-9-29
368,سرود,سيمان‌شاهرود,817,2138140,37970690420,17670,18260,17710,40,0.23,17740,70,0.4,17050,18400,1399-9-29
369,فبيرا,بسته‌ بندي‌ ايران‌,811,15235811,68606628221,4639,4500,4500,-139,-3.0,4503,-136,-2.93,4500,4600,1399-9-29
370,ولشرق,ليزينگ ايران و شرق,808,5605641,41580853477,7125,7479,7481,356,5.0,7359,234,3.28,7074,7481,1399-9-29
371,كرماشا,صنايع پتروشيمي كرمانشاه,801,7675030,330345089780,41010,42450,43060,2050,5.0,43040,2030,4.95,41350,43060,1399-9-29
372,وصندوق,سرمايه‌گذاري‌صندوق‌بازنشستگي‌,796,5377093,84669954640,15480,15150,15790,310,2.0,15660,180,1.16,15150,16090,1399-9-29
373,سيدكو,سرمايه گذاري توسعه صنايع سيمان,782,4155139,33307515000,7850,8060,8010,160,2.04,7960,110,1.4,7870,8230,1399-9-29
374,سبهان,سيمان‌ بهبهان‌,781,573809,40305959090,67000,70330,70350,3350,5.0,69490,2490,3.72,67120,70350,1399-9-29
375,سشمال,سيمان‌ شمال‌,778,5007807,47522255320,9210,9210,9670,460,4.99,9470,260,2.82,8890,9670,1399-9-29
376,وتوسم,سرمايه‌گذاري‌توسعه‌ملي‌,777,3326529,42426508520,12420,12800,12700,280,2.25,12700,280,2.25,12520,12940,1399-9-29
377,غگلستا,شير پاستوريزه پگاه گلستان,777,4994955,104305644344,19892,20886,20886,994,5.0,20882,990,4.98,20001,20886,1399-9-29
378,چفيبر,فيبر ايران‌,766,6927914,59094992540,8130,8530,8530,400,4.92,8530,400,4.92,8520,8530,1399-9-29
379,سنير,سيمان‌ سفيد ني‌ريز,761,579064,52185517750,86090,90230,90390,4300,4.99,90110,4020,4.67,86550,90390,1399-9-29
380,فخاس,فولاد خراسان,754,941051,31490634880,32870,34260,33280,410,1.25,33050,180,0.55,32930,34260,1399-9-29
381,پسهند,صنايع‌ لاستيكي‌  سهند,749,1256418,54814046820,43460,44960,43550,90,0.21,43630,170,0.39,41300,44960,1399-9-29
382,شفا,سرمايه گذاري شفادارو,741,493207,28715693660,55940,58730,58000,2060,3.68,57200,1260,2.25,57000,58730,1399-9-29
383,وبشهر,توسعه‌ صنايع‌ بهشهر(هلدينگ,736,6559166,104119003410,15160,15020,15910,750,4.95,15870,710,4.68,15020,15910,1399-9-29
384,فمراد,آلومراد,720,610077,79532145650,124390,127000,130600,6210,4.99,130360,5970,4.8,124500,130600,1399-9-29
385,كمينا,شيشه سازي مينا,713,1546895,52199581014,33918,33100,33228,-690,-2.03,33745,-173,-0.51,33000,35398,1399-9-29
386,فسازان,غلتك سازان سپاهان,705,2264623,85820805680,36120,37870,37920,1800,4.98,37900,1780,4.93,37120,37920,1399-9-29
387,دروز,داروسازي‌ روزدارو,704,4424586,78162305590,17230,16440,18090,860,4.99,17670,440,2.55,16370,18090,1399-9-29
388,درازك,دارويي‌ رازك‌,701,1463489,63780868750,41920,43990,44010,2090,4.99,43580,1660,3.96,42000,44010,1399-9-29
389,ريشمك,توليد و صادرات ريشمك,699,1133161,67639513251,56849,59691,59691,2842,5.0,59691,2842,5.0,59691,59691,1399-9-29
390,دعبيد,لابراتوارداروسازي‌  دكترعبيدي‌,687,743259,23793251160,31040,32590,31500,460,1.48,31440,400,1.29,30720,32590,1399-9-29
391,شفن,پتروشيمي فناوران,685,2081134,647260448060,296230,311040,311040,14810,5.0,311010,14780,4.99,303010,311040,1399-9-29
392,فلامي,لاميران‌,685,1242809,56431194560,43290,45390,45450,2160,4.99,45410,2120,4.9,43600,45450,1399-9-29
393,بفجر,فجر انرژي خليج فارس,684,1807308,50341673450,27790,28880,28100,310,1.12,27830,40,0.14,27270,28880,1399-9-29
394,شراز,پالايش نفت شيراز,672,400096,46063839858,114327,110500,116090,1763,1.54,115063,736,0.64,108611,120043,1399-9-29
395,بساما,بيمه سامان,668,1494372,49628196047,31637,33218,33218,1581,5.0,33124,1487,4.7,32600,33218,1399-9-29
396,بميلا,توسعه بازرگاني آهن وفولادميلاد,668,2612461,50453116885,18480,19402,19404,924,5.0,19312,832,4.5,18830,19404,1399-9-29
397,وسپه,سرمايه‌گذاري‌ سپه‌,663,5914826,85803265760,13840,14530,14530,690,4.99,14510,670,4.84,14010,14530,1399-9-29
398,سدور,سيمان‌ دورود,660,5761945,56340275450,9330,9790,9790,460,4.93,9780,450,4.82,9500,9790,1399-9-29
399,گوهران,سرمايه گذاري توسعه گوهران اميد,659,2965425,26683239205,8907,8723,8923,16,0.18,8955,48,0.54,8723,9130,1399-9-29
400,دسبحان,سبحان دارو,658,1989929,48373874780,23470,24460,24640,1170,4.99,24250,780,3.32,23050,24640,1399-9-29
401,وساغربي,شركت س استان آذربايجان غربي,656,30044983,23429719020,810,790,770,-40,-4.94,800,-10,-1.23,770,810,1399-9-29
402,لابسا,آبسال‌,656,1165365,47728266620,39080,40970,41030,1950,4.99,40790,1710,4.38,39500,41030,1399-9-29
403,وملت,سرمايه گذاري ملت,653,5920790,26886303180,4626,4700,4534,-92,-1.99,4541,-85,-1.84,4534,4700,1399-9-29
404,شساخت,مهندسي و ساختمان صنايع نفت,645,1737840,87095575490,48697,50157,50157,1460,3.0,50117,1420,2.92,49160,50157,1399-9-29
405,كنور,توسعه معدني و صنعتي صبانور,643,2707202,128929454310,45470,46950,47740,2270,4.99,47620,2150,4.73,45760,47740,1399-9-29
406,سخزر,سيمان‌ خزر,641,2385921,67095217140,26950,25900,28290,1340,4.97,28120,1170,4.34,25900,28290,1399-9-29
407,انرژي3,سايراشخاص بورس انرژي,639,240653,84036027600,332580,349200,349200,16620,5.0,349200,16620,5.0,349200,349200,1399-9-29
408,وسيستا,شركت س استان سيستان وبلوچستان,639,24883948,19572394360,810,790,780,-30,-3.7,800,-10,-1.23,770,820,1399-9-29
409,دپارس,پارس‌ دارو,638,468724,48783922190,101060,106110,105830,4770,4.72,103920,2860,2.83,101060,106110,1399-9-29
410,وكادو,تكادو,637,2866905,59335401951,21320,20681,20681,-639,-3.0,20697,-623,-2.92,20681,20990,1399-9-29
411,شدوص,دوده‌ صنعتي‌ پارس‌,635,1489100,33032422890,21650,22700,22550,900,4.16,21990,340,1.57,21710,22700,1399-9-29
412,لخزر,پارس‌ خزر,630,206719,44575779390,209150,209150,216000,6850,3.28,214760,5610,2.68,207010,219560,1399-9-29
413,فباهنر,مس‌ شهيدباهنر,630,2898968,150505110600,49450,51920,51920,2470,4.99,51920,2470,4.99,51690,51920,1399-9-29
414,كمنگنز,معادن‌منگنزايران‌,622,1331568,131385814560,93980,98670,98670,4690,4.99,98670,4690,4.99,98670,98670,1399-9-29
415,فن آوا,گروه فن آوا,618,1724215,22921681362,13368,12967,13290,-78,-0.58,13294,-74,-0.55,12967,13700,1399-9-29
416,مداران,داده‌پردازي‌ايران‌,615,1264344,31925241680,25080,25600,24400,-680,-2.71,25190,110,0.44,23830,26330,1399-9-29
417,حپترو,حمل و نقل پتروشيمي( سهامي عام,615,2664231,82537496370,29520,30090,30990,1470,4.98,30980,1460,4.95,30090,30990,1399-9-29
418,ساراب,سيمان‌ داراب‌,610,2783203,37827402270,13240,13600,13700,460,3.47,13500,260,1.96,13030,13900,1399-9-29
419,شيراز,پتروشيمي‌شيراز,608,1553623,86491274030,54190,56110,56890,2700,4.98,55440,1250,2.31,54520,56890,1399-9-29
420,وهنر,گروه توسعه هنر ايران,608,6696004,33392117633,4847,4980,4992,145,2.99,4987,140,2.89,4853,4992,1399-9-29
421,دكپسول,توليد ژلاتين كپسول ايران,605,643754,26182462859,41343,42200,41000,-343,-0.83,40986,-357,-0.86,40000,42300,1399-9-29
422,پارند,صندوق س. پارند پايدار سپهر,598,18859113,213605140534,11280,11300,11399,119,1.05,11326,46,0.41,11300,11400,1399-9-29
423,جم پيلن,پلي پروپيلن جم - جم پيلن,597,1458994,121830254670,79680,83500,83660,3980,4.99,83500,3820,4.79,81220,83660,1399-9-29
424,خراسان,پتروشيمي خراسان,587,1162736,82827854930,68010,71300,71410,3400,5.0,71240,3230,4.75,68200,71410,1399-9-29
425,ولملت,واسپاري ملت,584,2755046,28302455500,10590,10100,10250,-340,-3.21,10400,-190,-1.79,10080,10920,1399-9-29
426,كشرق,صنعتي و معدني شمال شرق شاهرود,577,889993,68348007404,74382,78085,78000,3618,4.86,76796,2414,3.25,75000,78085,1399-9-29
427,فيروزه,صندوق شاخص30 شركت فيروزه- سهام,575,278886,50131287120,173130,180000,180990,7860,4.54,179760,6630,3.83,176580,181500,1399-9-29
428,كالا,بورس كالاي ايران,566,1211976,57980931840,45570,47840,47840,2270,4.98,47840,2270,4.98,47840,47840,1399-9-29
429,غشصفا,شيرپاستوريزه‌پگاه‌اصفهان‌,559,857234,25031963850,29630,30640,28800,-830,-2.8,29410,-220,-0.74,28520,30640,1399-9-29
430,وسرمد,بيمه  سرمد,552,12299603,96587243544,7483,7540,7857,374,5.0,7853,370,4.94,7540,7857,1399-9-29
431,دتماد,توليدمواداوليه‌داروپخش‌,548,567356,27785688720,47680,49040,49390,1710,3.59,48380,700,1.47,48000,50000,1399-9-29
432,سكرما,سيمان‌ كرمان‌,544,1701957,28694495390,16400,15730,16990,590,3.6,16660,260,1.59,15730,17220,1399-9-29
433,شنفت,نفت‌ پارس‌,544,514615,29999186770,58780,58800,58750,-30,-0.05,58530,-250,-0.43,57350,59450,1399-9-29
434,وحافظ,بيمه حافظ,537,665185,46691334040,68652,70700,70711,2059,3.0,70193,1541,2.24,67001,70711,1399-9-29
435,دامين,داروسازي‌ امين‌,533,1812344,27085610950,14690,15190,14900,210,1.43,14830,140,0.95,14550,15200,1399-9-29
436,افران,صندوق س افرا نماد پايدار-ثابت,532,28955482,356469833096,12294,12303,12320,26,0.21,12311,17,0.14,12300,12350,1399-9-29
437,دسبحا,گروه دارويي سبحان,530,2154800,50813288570,22640,22150,23500,860,3.8,23560,920,4.06,22000,23770,1399-9-29
438,ساروم,سيمان‌اروميه‌,526,2818882,75158976000,25470,25040,26740,1270,4.99,26660,1190,4.67,25040,26740,1399-9-29
439,دانا,بيمه دانا,522,10583916,105098285880,9460,9930,9930,470,4.97,9930,470,4.97,9930,9930,1399-9-29
440,واحصا,احياء صنايع خراسان,521,1566977,49258128645,32673,33122,31040,-1633,-5.0,31435,-1238,-3.79,31040,33700,1399-9-29
441,اطلس,صندوق س.توسعه اندوخته آينده-س,520,126686,26707439644,203329,205700,212100,8771,4.31,210816,7487,3.68,205700,213000,1399-9-29
442,سغرب,سيمان‌غرب‌,518,1281617,25413257460,19810,18950,20050,240,1.21,19820,10,0.05,18950,20210,1399-9-29
443,كاريس,صندوق س.سپهر كاريزما-س,517,337889,71456680009,205788,214498,213995,8207,3.99,211480,5692,2.77,208050,214498,1399-9-29
444,واميد,گروه مديريت سرمايه گذاري اميد,511,1829936,69807779470,37540,36660,38390,850,2.26,37890,350,0.93,36660,38840,1399-9-29
445,چدن,توليدي چدن سازان,501,3512045,126468740450,34300,36010,36010,1710,4.99,36010,1710,4.99,36010,36010,1399-9-29
446,وثخوز,سرمايه گذاري و توسعه خوزستان,496,896983,55836287679,59285,62249,62249,2964,5.0,62249,2964,5.0,62245,62249,1399-9-29
447,مفاخر,توسعه فناوري اطلاعات خوارزمي,491,791110,34033142170,42309,41400,42307,-2,0.0,42785,476,1.13,41200,44424,1399-9-29
448,ياقوت,صندوق س ياقوت آگاه-ثابت,490,13500940,156798450746,11583,11617,11618,35,0.3,11614,31,0.27,11598,11618,1399-9-29
449,وتوشه,سرمايه‌ گذاري‌ پارس‌ توشه‌,489,1221647,27859795890,22520,22520,22650,130,0.58,22680,160,0.71,22520,23440,1399-9-29
450,خودكفا,اقتصادي و خودكفايي آزادگان,485,3822786,142089132834,36087,37169,37169,1082,3.0,37169,1082,3.0,37169,37169,1399-9-29
451,قاسم,قاسم ايران,482,4147718,68117972714,15641,16423,16423,782,5.0,16423,782,5.0,16423,16423,1399-9-29
452,قچار,فراوردههاي غذايي وقند چهارمحال,480,1515346,102235848582,64255,67467,67467,3212,5.0,67467,3212,5.0,67467,67467,1399-9-29
453,خلنت,لنت‌ ترمزايران‌,478,277488,24949682540,87000,85110,89490,2490,2.86,88410,1410,1.62,84150,91340,1399-9-29
454,قهكمت,قندهكمتان‌,477,817232,41265005270,48150,50500,50550,2400,4.98,49990,1840,3.82,49600,50550,1399-9-29
455,خپويش,سازه‌ پويش‌,476,510252,18427999050,37790,35920,35950,-1840,-4.87,37140,-650,-1.72,35910,37700,1399-9-29
456,وتعاون,بيمه  تعاون,476,2481911,18155675490,7151,7150,7364,213,2.98,7297,146,2.04,7010,7365,1399-9-29
457,سهگمت,سيمان‌هگمتان‌,475,1706965,41556186210,23210,24370,24370,1160,5.0,24110,900,3.88,23000,24370,1399-9-29
458,افق ملت,صندوق س در سهام افق ملت,473,211053,30503070780,138300,146500,146000,7700,5.57,144530,6230,4.5,141100,147400,1399-9-29
459,واعتبار,سرمايه گذاري اعتبار ايران,470,6624293,46726918290,6740,7070,7070,330,4.9,7020,280,4.15,6600,7070,1399-9-29
460,آبين,كشت و صنعت آبشيرين,468,8379290,40461680410,4689,4829,4829,140,2.99,4829,140,2.99,4700,4829,1399-9-29
461,زاگرس,پتروشيمي زاگرس,466,992674,193871217548,186002,195302,195302,9300,5.0,195302,9300,5.0,195302,195302,1399-9-29
462,تشتاد,صنايع توليدي اشتاد ايران‌,464,1102723,17804666766,16549,16100,16053,-496,-3.0,16181,-368,-2.22,16053,16549,1399-9-29
463,دالبر,البرزدارو,462,946373,21218043530,22190,22720,22550,360,1.62,22290,100,0.45,21210,22910,1399-9-29
464,وثنو,سرمايه گذاري ساختماني نوين,454,3164255,57323923097,17255,18117,18117,862,5.0,18116,861,4.99,18000,18117,1399-9-29
465,آساس,صندوق س.آسمان آرماني سهام-س,453,246397,43185829476,168961,171890,176879,7918,4.69,175269,6308,3.73,171890,177000,1399-9-29
466,كبافق,معادن‌ بافق‌,452,721477,40222342750,53100,55750,55750,2650,4.99,55130,2030,3.82,55750,55750,1399-9-29
467,ثشرقح,ح. سرمايه گذاري مسكن شمال شرق,450,18052000,75445237650,4430,4500,4430,0,0.0,4180,-250,-5.64,4100,4870,1399-9-29
468,فجر,فولاد اميركبيركاشان,445,1788390,108287014500,57670,60550,60550,2880,4.99,60550,2880,4.99,60550,60550,1399-9-29
469,كخاك,صنايع‌خاك‌چيني‌ايران‌,443,1231992,64567995740,49920,52410,52410,2490,4.99,52410,2490,4.99,52040,52410,1399-9-29
470,فسا,پتروشيمي فسا,437,7181880,18098328140,2595,2518,2518,-77,-2.97,2525,-70,-2.7,2518,2550,1399-9-29
471,شپلي,پلي اكريل ايران,436,2882672,27169183600,9151,9425,9425,274,2.99,9425,274,2.99,9425,9425,1399-9-29
472,عيار,صندوق س. پشتوانه طلاي مفيد,432,680949,19744169409,29474,29250,29030,-444,-1.51,28995,-479,-1.63,28500,29300,1399-9-29
473,ولتجار,واسپاري تجارت وسرمايه ايرانيان,421,4692594,33930479461,7024,7234,7234,210,2.99,7231,207,2.95,6935,7234,1399-9-29
474,آكورد,صندوق س. آرمان آتي كوثر-د,417,12973825,386865870533,29772,29830,29840,68,0.23,29819,47,0.16,29810,29840,1399-9-29
475,غگلپا,شير پاستوريزه پگاه گلپايگان,408,302021,21271521615,70555,71500,70500,-55,-0.08,70502,-53,-0.08,67700,72800,1399-9-29
476,سجام,مجتمع سيمان غرب آسيا,408,1081268,14121234423,13385,13385,13000,-385,-2.88,13150,-235,-1.76,12984,13385,1399-9-29
477,آتيمس,صندوق س.آرمان آتيه درخشان مس-س,408,183777,40866177378,214560,216001,223798,9238,4.31,222368,7808,3.64,216001,224400,1399-9-29
478,زپارس,ملي كشت و صنعت و دامپروري پارس,407,870161,80359285540,88080,88080,92480,4400,5.0,92350,4270,4.85,87000,92480,1399-9-29
479,وگردشح,ح . بانك گردشگري,406,2687246,36610568258,14388,15251,13525,-863,-6.0,13624,-764,-5.31,13525,15251,1399-9-29
480,كمرجان,بازرگاني و توليدي مرجان كار,405,607520,42973112517,67371,70739,70739,3368,5.0,70125,2754,4.09,69000,70739,1399-9-29
481,سفانو,سيمان فارس نو,404,806530,26408654140,33430,31850,33270,-160,-0.48,33060,-370,-1.11,31850,33440,1399-9-29
482,مارون,پتروشيمي مارون,402,451849,67334139921,141977,148500,149075,7098,5.0,146495,4518,3.18,142600,149075,1399-9-29
483,حخزر,كشتيراني درياي خزر,399,1384552,34237293391,24923,24030,25000,77,0.31,24788,-135,-0.54,23677,25790,1399-9-29
484,تماوند,تامين سرمايه دماوند,392,5472272,84223738352,14659,15391,15391,732,4.99,15391,732,4.99,15391,15391,1399-9-29
485,ثزاگرس,سرمايه گذاري توسعه عمران زاگرس,390,978266,42362574876,41258,43320,43320,2062,5.0,43304,2046,4.96,42010,43320,1399-9-29
486,كپرور,فرآوري زغال سنگ پروده طبس,388,751398,33544828317,42826,44400,44967,2141,5.0,43996,1170,2.73,43200,44967,1399-9-29
487,قلرست,قند لرستان‌,386,653682,16436089180,25220,25450,25070,-150,-0.59,25190,-30,-0.12,24500,26190,1399-9-29
488,سقاين,سيمان‌ قائن‌,384,484521,23159832600,47910,46000,47890,-20,-0.04,47860,-50,-0.1,46000,49940,1399-9-29
489,كپارس,كاشي‌ پارس‌,383,218083,33469198010,161540,153470,153470,-8070,-5.0,155850,-5690,-3.52,153470,153470,1399-9-29
490,سهرمز,سيمان‌هرمزگان‌,381,999945,20643721080,20670,20510,20670,0,0.0,20660,-10,-0.05,19730,21280,1399-9-29
491,حتوكا,حمل‌ونقل‌توكا,379,1220955,34614074250,27000,28350,28350,1350,5.0,27890,890,3.3,28350,28350,1399-9-29
492,گكيش,توريستي ورفاهي آبادگران كيش,378,416098,25982574180,63834,61919,61919,-1915,-3.0,62443,-1391,-2.18,61919,63834,1399-9-29
493,آ س پ,آ.س.پ,374,2704377,32080604654,11331,11600,11897,566,5.0,11657,326,2.88,11600,11897,1399-9-29
494,شخارك,پتروشيمي‌ خارك‌,373,1589707,74080346200,44390,46600,46600,2210,4.98,45950,1560,3.51,46600,46600,1399-9-29
495,نمرينو,ايران‌ مرينوس‌,369,393548,23414558520,62130,59150,59030,-3100,-4.99,60840,-1290,-2.08,59030,63000,1399-9-29
496,داسوه,داروسازي‌ اسوه‌,358,355467,9781799520,27910,27790,27490,-420,-1.5,27830,-80,-0.29,27030,28410,1399-9-29
497,خموتور,موتورسازان‌تراكتورسازي‌ايران‌,358,3070182,40679911500,12620,13250,13250,630,4.99,13110,490,3.88,13250,13250,1399-9-29
498,ثامان,سامان‌ گستراصفهان‌,357,1968332,42652880620,20840,20000,21880,1040,4.99,21520,680,3.26,20000,21880,1399-9-29
499,صايند,صندوق س. گنجينه آينده روشن-د,356,21249010,212481490250,9984,9999,10000,16,0.16,10000,16,0.16,9981,10008,1399-9-29
500,سبجنو,سيمان‌ بجنورد,353,536522,19927253540,36360,35950,37000,640,1.76,36660,300,0.83,35410,38150,1399-9-29
501,ساينا,صنايع بهداشتي ساينا,352,62827,13034412053,207360,207360,207496,136,0.07,207387,27,0.01,200600,214977,1399-9-29
502,بايكا,كارخانجات كابلسازي ‌ايران‌,349,360866,21080709122,60223,58417,58417,-1806,-3.0,58417,-1806,-3.0,58417,58417,1399-9-29
503,قشهد,شهد,347,421089,13107482110,30820,31470,31300,480,1.56,30900,80,0.26,30100,31690,1399-9-29
504,سفاسي,شركت فارسيت اهواز,342,1898975,28583371700,14614,15052,15052,438,3.0,15052,438,3.0,15052,15052,1399-9-29
505,كي بي سي,شركت كي بي سي,341,709041,23157571376,32111,30800,32960,849,2.64,32361,250,0.78,30800,33499,1399-9-29
506,غپونه,نوش پونه مشهد,340,830787,15846703952,19620,19032,19032,-588,-3.0,19175,-445,-2.27,19032,19989,1399-9-29
507,كوثر,بيمه كوثر,331,7274645,173122001710,22665,23798,23798,1133,5.0,23798,1133,5.0,23798,23798,1399-9-29
508,سكه0012پ01,سكه تمام بهارتحويلي 1روزه رفاه,329,126800,147596711400,1188959,1169988,1167501,-21458,-1.8,1164012,-24947,-2.1,1150011,1169988,1399-9-29
509,خكار,ايركا پارت صنعت,327,4189960,111536735200,25360,26620,26620,1260,4.97,26620,1260,4.97,26620,26620,1399-9-29
510,غشوكو,شوكو پارس,325,479436,22159678942,44875,46221,46221,1346,3.0,46220,1345,3.0,45900,46221,1399-9-29
511,قمرو,قند مرودشت‌,321,302655,8085469240,26490,25210,26650,160,0.6,26530,40,0.15,25210,27800,1399-9-29
512,دسينا,داروسازي‌ سينا,315,490510,14636170540,30250,30800,29990,-260,-0.86,30130,-120,-0.4,29310,30800,1399-9-29
513,ختراك,ريخته‌گري‌ تراكتورسازي‌ ايران‌,314,3249222,45196678020,13250,13910,13910,660,4.98,13820,570,4.3,13910,13910,1399-9-29
514,تكمبا,كمباين‌ سازي‌ ايران‌,302,4384956,49593852360,10780,11310,11310,530,4.92,11280,500,4.64,11310,11310,1399-9-29
515,ملت,بيمه ملت,301,2610530,51323019800,18730,19660,19660,930,4.97,19640,910,4.86,19660,19660,1399-9-29
516,زر,صندوق س.پشتوانه سكه طلاي زر,297,219443,10693499536,49000,48616,48750,-250,-0.51,48730,-270,-0.55,48500,49150,1399-9-29
517,آساميد,صندوق س.مشترك آسمان اميد -د,295,13577693,152340270840,11198,11197,11223,25,0.22,11220,22,0.2,11197,11228,1399-9-29
518,تسه9907,امتياز تسهيلات مسكن مهر99,295,4881,2832082280,594954,590000,570000,-24954,-4.19,580226,-14728,-2.48,565207,620000,1399-9-29
519,غدشت,دشت‌ مرغاب‌,293,86511,21025633440,231470,243040,243040,11570,5.0,236100,4630,2.0,243040,243040,1399-9-29
520,دبالك,مواد اوليه دارويي البرز بالك,291,1158667,25804672757,21211,22271,22271,1060,5.0,21732,521,2.46,22271,22271,1399-9-29
521,سمتاز,سيمان ممتازان كرمان,289,701750,17742891600,24685,25425,25425,740,3.0,25204,519,2.1,24005,25425,1399-9-29
522,حآسا,آسيا سير ارس,280,1769092,60800153856,32732,34368,34368,1636,5.0,34368,1636,5.0,34368,34368,1399-9-29
523,شفارس,صنايع‌ شيميايي‌ فارس‌,278,885923,52561811590,56510,59330,59330,2820,4.99,59330,2820,4.99,59330,59330,1399-9-29
524,كاسپين,داروسازي كاسپين تامين,278,340851,9350383084,28227,27359,27351,-876,-3.1,28074,-153,-0.54,27000,28680,1399-9-29
525,گشان,توسعه بين المللي پديده شانديز,276,237551,15821371702,67961,66602,66602,-1359,-2.0,67418,-543,-0.8,66602,66602,1399-9-29
526,كماسه,تامين‌ ماسه‌ ريخته‌گري‌,273,654998,38553182280,56060,58860,58860,2800,4.99,58120,2060,3.67,58860,58860,1399-9-29
527,پلوله,گازلوله‌,269,803482,14276982374,17702,17879,17879,177,1.0,17769,67,0.38,17525,17879,1399-9-29
528,شپترو,پتروشيمي آبادان,264,6303075,38259665250,5894,6070,6070,176,2.99,6070,176,2.99,6070,6070,1399-9-29
529,سخاش,سيمان‌خاش‌,262,132891,14353556910,102870,108010,108010,5140,5.0,104280,1410,1.37,108010,108010,1399-9-29
530,تابا,تابان نيرو سپاهان,261,724167,24358805379,32658,33637,33637,979,3.0,33637,979,3.0,33637,33637,1399-9-29
531,جهرم,پتروشيمي جهرم,259,3534268,9874744792,2880,2794,2794,-86,-2.99,2836,-44,-1.53,2794,2794,1399-9-29
532,شاملا,معدني‌ املاح‌  ايران‌,259,199175,13661422390,67000,70300,67800,800,1.19,67420,420,0.63,66500,70300,1399-9-29
533,دشيري,شيرين دارو,254,60788,9844918291,162896,167000,160010,-2886,-1.77,162430,-466,-0.29,158010,167000,1399-9-29
534,دكيمي,كيميدارو,249,425639,11395799280,26560,26560,26700,140,0.53,26610,50,0.19,25360,27490,1399-9-29
535,ولراز,ليزينگ رازي,248,362136,18097022328,48518,49973,49973,1455,3.0,49796,1278,2.63,49973,49973,1399-9-29
536,وثوق,سرمايه گذاري وثوق امين,245,918662,12697746164,13164,13822,13822,658,5.0,13562,398,3.02,13822,13822,1399-9-29
537,غچين,كشت‌ و صنعت‌ چين‌ چين,240,619523,40479632820,62230,65340,65340,3110,5.0,64630,2400,3.86,65340,65340,1399-9-29
538,سپاس,صندوق س. پاداش سهامداري توسعه1,238,8955256,90125054280,10058,10070,10067,9,0.09,10064,6,0.06,10042,10070,1399-9-29
539,وسبحان,سرمايه گذاري سبحان,237,6291805,54008854120,8176,8584,8584,408,4.99,8584,408,4.99,8584,8584,1399-9-29
540,وسگيلا,شركت س استان گيلان,234,13004520,10417803030,840,800,800,-40,-4.76,830,-10,-1.19,800,820,1399-9-29
541,ساذريح,ح . آذريت‌,231,2565753,13946915653,5312,5460,5470,158,2.97,5436,124,2.33,5200,5471,1399-9-29
542,ضملت1128,اختيارخ وبملت-6000-1399/11/28,231,9306,5447227000,593,522,600,7,1.18,585,-8,-1.35,510,620,1399-9-29
543,نيرو,نيرو سرمايه,230,216308,11761761073,52803,54385,54387,1584,3.0,53701,898,1.7,53801,54387,1399-9-29
544,بمپنا,توليد برق عسلويه  مپنا,227,76699,7336522259,97983,97780,96599,-1384,-1.41,97633,-350,-0.36,93999,102300,1399-9-29
545,وسصفا,شركت س استان اصفهان,221,10558919,11403632520,1030,1080,1080,50,4.85,1040,10,0.97,1080,1080,1399-9-29
546,پخش,پخش البرز,215,1110034,47357206102,40632,42663,42663,2031,5.0,42464,1832,4.51,42620,42663,1399-9-29
547,وگردش,بانك گردشگري,213,1681686,32036118300,19639,19050,19050,-589,-3.0,19444,-195,-0.99,19050,19050,1399-9-29
548,كساپا,سايپاشيشه‌,203,670787,23122027890,32830,34470,34470,1640,5.0,33550,720,2.19,34470,34470,1399-9-29
549,ثنور,سرمايه گذاري كوه نور,202,2484982,21532369030,8413,8665,8665,252,3.0,8665,252,3.0,8665,8665,1399-9-29
550,دفرا,فرآورده‌هاي‌ تزريقي‌ ايران‌,200,275352,7300892060,26310,26800,26430,120,0.46,26340,30,0.11,26000,27490,1399-9-29
551,ساروج,بين المللي ساروج بوشهر,198,1082486,24587254756,22203,22869,22869,666,3.0,22714,511,2.3,21537,22869,1399-9-29
552,فروس,فروسيليس‌ ايران‌,198,2616093,15827362650,5770,6050,6050,280,4.85,5850,80,1.39,6050,6050,1399-9-29
553,زعف0008پ10,زعفران0008نگين طلاي سرخ(پ),197,53869,7037376236,129097,130444,130929,1832,1.42,130639,1542,1.19,127110,133210,1399-9-29
554,سپر,صندوق س سپر سرمايه بيدار- ثابت,197,8134050,85832670270,10533,10552,10565,32,0.3,10552,19,0.18,10550,10565,1399-9-29
555,غفارس,شير پاستوريزه پگاه فارس,195,3903240,46495394880,11345,11912,11912,567,5.0,11847,502,4.42,11912,11912,1399-9-29
556,تسه9902,امتياز تسهيلات مسكن ارديبهشت99,194,3422,1984422708,590805,581265,568000,-22805,-3.86,579901,-10904,-1.85,561266,610000,1399-9-29
557,ثاژن,سخت آژند,193,3280219,25904550532,7801,7898,7957,156,2.0,7897,96,1.23,7650,7957,1399-9-29
558,قپيرا,فرآورده‌هاي‌غدايي‌وقندپيرانشهر,189,73643,6408629430,88130,86600,87960,-170,-0.19,87990,-140,-0.16,83730,88700,1399-9-29
559,ثاباد,توريستي ورفاهي آبادگران ايران,189,445084,16227762640,34730,36460,36460,1730,4.98,35260,530,1.53,36460,36460,1399-9-29
560,ضخود1045,اختيارخ خودرو-4500-1399/10/07,188,9689,173924000,35,54,39,4,11.43,18,-17,-48.57,10,54,1399-9-29
561,گوهر,صندوق سكه طلاي كيان,183,58314,3416916222,59534,59988,58200,-1334,-2.24,58595,-939,-1.58,57555,59988,1399-9-29
562,خمحور,توليدمحورخودرو,183,682964,54623460720,76180,79980,79980,3800,4.99,79980,3800,4.99,79980,79980,1399-9-29
563,كاذر,فرآورده‌هاي‌نسوزآذر,179,1274952,28852163760,21560,22630,22630,1070,4.96,22150,590,2.74,22630,22630,1399-9-29
564,سكه9912پ04,سكه تمام بهارتحويل1روزه صادرات,175,57700,67195016600,1189446,1167000,1167610,-21836,-1.84,1164558,-24888,-2.09,1160000,1168998,1399-9-29
565,دارا,صندوق س. دارا الگوريتم-د,172,2518330,25363914681,10054,10060,10082,28,0.28,10072,18,0.18,10060,10098,1399-9-29
566,بكاب,صنايع‌جوشكاب‌يزد,172,59994,18979101900,301290,316350,316350,15060,5.0,306730,5440,1.81,316350,316350,1399-9-29
567,ضخود2009,اختيارخ خودرو-4000-1400/02/08,170,3356,3340561000,876,990,1000,124,14.16,995,119,13.58,902,1090,1399-9-29
568,ثاصفا,شركت‌ ساختمان‌ اصفهان‌,159,586981,20928807555,33958,35655,35655,1697,5.0,35649,1691,4.98,35655,35655,1399-9-29
569,زعف0008پ11,زعفران0008نگين سحرخيز(پ),158,161747,20833718302,126922,127500,128700,1778,1.4,128804,1882,1.48,126500,130000,1399-9-29
570,ضخود1048,اختيارخ خودرو-7000-1399/10/07,156,8792,21985000,3,3,3,0,0.0,3,0,0.0,1,4,1399-9-29
571,تسه9904,امتياز تسهيلات مسكن تير99,154,2211,1283535270,595326,625092,566000,-29326,-4.93,580522,-14804,-2.49,565560,625092,1399-9-29
572,خفولا,خدمات فني فولاد يزد,153,255468,11233183428,42691,43971,43971,1280,3.0,43389,698,1.64,43971,43971,1399-9-29
573,گپارس,امور رفاهي كارگزاران پارس,152,120650,16716995366,135095,139000,139147,4052,3.0,137917,2822,2.09,136003,139147,1399-9-29
574,تسه9710,امتياز تسهيلات مسكن دي 97,149,1711,912661550,553968,537366,526270,-27698,-5.0,533408,-20560,-3.71,526270,558000,1399-9-29
575,تسه9711,امتياز تسهيلات مسكن بهمن 97,148,2257,1286761339,582215,567011,567998,-14217,-2.44,570120,-12095,-2.08,553200,584998,1399-9-29
576,وزمين,بانك ايران زمين,147,1987278,26192324040,12922,13180,13180,258,2.0,13180,258,2.0,13180,13180,1399-9-29
577,زعف0008پ05,زعفران0008نگين زرين(پ),145,104849,13540585940,126588,128000,129997,3409,2.69,129144,2556,2.02,126001,130300,1399-9-29
578,شسينا,صنايع‌شيميايي‌سينا,145,284319,53085200490,177820,186710,186710,8890,5.0,186710,8890,5.0,186710,186710,1399-9-29
579,وسين,بيمه سينا,145,1989060,48304322100,23129,24285,24285,1156,5.0,24285,1156,5.0,24285,24285,1399-9-29
580,ضپاس1005,اختيارخ وپارس-4500-1399/10/30,144,7150,2751325000,387,570,380,-7,-1.81,385,-2,-0.52,300,570,1399-9-29
581,تسه9906,امتياز تسهيلات مسكن شهريور99,141,1665,1000031921,613016,587755,582366,-30650,-5.0,600620,-12396,-2.02,582366,633993,1399-9-29
582,الماس,صندوق س.امين تدبيرگران فردا-س,140,48822,6408963096,128678,130000,132000,3322,2.58,131272,2594,2.02,119300,135550,1399-9-29
583,وسكرمان,س.سهام عدالت استان كرمان,140,3365703,3299454340,1030,980,980,-50,-4.85,1030,0,0.0,980,990,1399-9-29
584,معيار,سرمايه گذاري معيار صنعت پارس,136,219912,7119431088,31740,32374,32374,634,2.0,32183,443,1.4,32374,32374,1399-9-29
585,شپارس,بين‌ المللي‌ محصولات‌  پارس‌,133,703197,13346679060,18080,18980,18980,900,4.98,18310,230,1.27,18980,18980,1399-9-29
586,تسه9712,امتياز تسهيلات مسكن اسفند97,128,1801,1045315738,587197,561001,570000,-17197,-2.93,580408,-6789,-1.16,558001,616550,1399-9-29
587,فپنتا,سپنتا,126,34549,14733075560,406140,426440,426440,20300,5.0,411840,5700,1.4,426440,426440,1399-9-29
588,ضصاد1102,اختيارخ وبصادر-3500-1399/11/12,126,3156,1595591000,515,500,487,-28,-5.44,506,-9,-1.75,450,600,1399-9-29
589,غمهرا,توليدي‌مهرام‌,126,211188,14808502560,66790,70120,70120,3330,4.99,67730,940,1.41,70120,70120,1399-9-29
590,هجرت,پخش هجرت,124,1559294,52177095828,31869,33462,33462,1593,5.0,33452,1583,4.97,33462,33462,1399-9-29
591,تسه9810,امتياز تسهيلات مسكن دي98,123,2007,1154196601,591936,571551,562340,-29596,-5.0,575085,-16851,-2.85,562340,600000,1399-9-29
592,ضخود1042,اختيارخ خودرو-3000-1399/10/07,120,2640,1945022000,758,651,701,-57,-7.52,737,-21,-2.77,651,879,1399-9-29
593,كفرآور,فرآورده هاي سيمان شرق,119,573854,12091677634,20458,21071,21071,613,3.0,20818,360,1.76,21071,21071,1399-9-29
594,تصميم,صندوق س با درآمد ثابت تصميم,118,1691316,25710804639,15195,15220,15224,29,0.19,15202,7,0.05,15170,15260,1399-9-29
595,فافزا,فولاد افزا سپاهان,114,356993,15708762979,42722,44003,44003,1281,3.0,43699,977,2.29,44003,44003,1399-9-29
596,ضخود1043,اختيارخ خودرو-3500-1399/10/07,113,3763,1114953000,332,380,293,-39,-11.75,296,-36,-10.84,253,380,1399-9-29
597,كگهر,سنگ آهن گهرزمين,111,575493,28299868275,46834,49175,49175,2341,5.0,47360,526,1.12,49175,49175,1399-9-29
598,نتوس,پشم‌ بافي‌ توس,111,1245266,15877141500,12143,12750,12750,607,5.0,12602,459,3.78,12750,12750,1399-9-29
599,فيروزا,صندوق بادرآمد ثابت فيروزه آسيا,110,678243,14563185368,21516,21530,21302,-214,-0.99,21472,-44,-0.2,21302,21539,1399-9-29
600,اخزا817,اسنادخزانه-م17بودجه98-010512,110,216453,162588426703,748519,744400,751100,2581,0.34,751149,2630,0.35,744300,781000,1399-9-29
601,فنفت,صنايع تجهيزات نفت,110,1046535,16707451680,15520,15400,15985,465,3.0,15881,361,2.33,15400,15985,1399-9-29
602,شزنگ,تجهيزنيروي‌زنگان‌,107,64738,14325872020,210753,221290,221290,10537,5.0,217941,7188,3.41,221290,221290,1399-9-29
603,ثعتما,س. ساختماني اعتماد گستر,106,422624,17555800960,40331,41540,41540,1209,3.0,41361,1030,2.55,41540,41540,1399-9-29
604,ضشنا1036,اختيارخ شپنا-16000-1399/10/23,105,1267,2600100000,2109,2500,1950,-159,-7.54,2052,-57,-2.7,1925,2500,1399-9-29
605,سدبير,س. تدبيرگران فارس وخوزستان,103,361907,17722223883,46638,48969,48969,2331,5.0,47425,787,1.69,48969,48969,1399-9-29
606,دمعيار,صندوق س. توازن معيار-د,102,4971690,50412064498,10129,10145,10140,11,0.11,10140,11,0.11,10135,10145,1399-9-29
607,تسه9905,امتياز تسهيلات مسكن مرداد99,100,591,346950892,605039,581155,581555,-23484,-3.88,587057,-17982,-2.97,581155,600000,1399-9-29
608,ضصاد1101,اختيارخ وبصادر-3000-1399/11/12,100,4088,2789014000,763,740,670,-93,-12.19,682,-81,-10.62,660,740,1399-9-29
609,تسه9903,امتياز تسهيلات مسكن خرداد99,97,574,330804201,594448,588888,565730,-28718,-4.83,576314,-18134,-3.05,564726,600000,1399-9-29
610,ولانا,شركت ليزينگ آريا دانا,95,596159,13942370533,22274,23387,23387,1113,5.0,23013,739,3.32,23387,23387,1399-9-29
611,لپيام,گسترش صنايع پيام,93,110434,3480879680,33178,31520,31520,-1658,-5.0,32874,-304,-0.92,31520,31520,1399-9-29
612,تسه9801,امتياز تسهيلات مسكن فروردين98,92,922,542438617,594066,597994,570019,-24047,-4.05,588328,-5738,-0.97,565012,604000,1399-9-29
613,شصفها,پتروشيمي‌ اصفهان‌,90,340326,39281788224,113161,115424,115424,2263,2.0,115424,2263,2.0,115424,115424,1399-9-29
614,ضسپا1103,اختيارخ خساپا-2500-1399/11/26,90,3944,2579634000,651,750,670,19,2.92,654,3,0.46,600,750,1399-9-29
615,صنوين,صندوق سرمايه‌گذاري صنوين-مختلط,89,21410,2250309270,104900,106950,105530,630,0.6,105110,210,0.2,105000,106950,1399-9-29
616,بذر,صندوق س بذر اميد آفرين-سهام,88,94599,10590078040,110280,113060,113650,3370,3.06,111950,1670,1.51,110000,113980,1399-9-29
617,اخزا809,اسنادخزانه-م9بودجه98-000923,88,48110,41280008513,845449,846500,838890,-6559,-0.78,858034,12585,1.49,838890,887721,1399-9-29
618,ضشنا1035,اختيارخ شپنا-14000-1399/10/23,85,865,2624863000,3145,2856,3000,-145,-4.61,3035,-110,-3.5,2856,3247,1399-9-29
619,وجامي,سرمايه گذاري جامي,84,525557,5885712843,10666,11199,11199,533,5.0,10815,149,1.4,11199,11199,1399-9-29
620,كپشير,پشم‌شيشه‌ايران‌,83,610614,14349429000,22390,23500,23500,1110,4.96,22690,300,1.34,23500,23500,1399-9-29
621,تسه9802,امتياز تسهيلات مسكن ارديبهشت98,83,577,339991768,586064,560001,614000,27936,4.77,589240,3176,0.54,560000,614000,1399-9-29
622,ضخود1046,اختيارخ خودرو-5000-1399/10/07,83,4281,17998000,6,3,4,-2,-33.33,4,-2,-33.33,3,5,1399-9-29
623,اوصتا,صندوق انديشه ورزان صباتامين -د,82,591215,10273170274,17345,17370,17380,35,0.2,17376,31,0.18,17300,17380,1399-9-29
624,بموتو,موتوژن‌,80,317714,16489356600,49430,51900,51900,2470,5.0,50210,780,1.58,51900,51900,1399-9-29
625,ضفلا1155,اختيارخ فولاد-14000-1399/11/28,78,2167,5589932000,2370,2550,2640,270,11.39,2580,210,8.86,2360,2700,1399-9-29
626,سنوين,سرمايه گذاري اقتصاد نوين,76,734343,7270342609,9897,9900,9900,3,0.03,9900,3,0.03,9700,9999,1399-9-29
627,ثتوسا,س.توسعه و عمران استان اردبيل,75,330249,17594015475,56078,53275,53275,-2803,-5.0,53482,-2596,-4.63,53275,53275,1399-9-29
628,پارتا,مجتمع‌صنعتي‌آرتاويل‌تاير,72,314828,18808139548,58001,59741,59741,1740,3.0,59140,1139,1.96,59741,59741,1399-9-29
629,آسام,صندوق س.آرمان سپهر آشنا-م,72,44580,4796698600,107150,107000,108000,850,0.79,107598,448,0.42,106710,108899,1399-9-29
630,تسه9901,امتياز تسهيلات مسكن فروردين99,71,562,331920440,592545,584428,580000,-12545,-2.12,590606,-1939,-0.33,562918,622172,1399-9-29
631,ضجار1016,اختيارخ وتجارت-4000-1399/10/21,71,2128,526170000,258,300,231,-27,-10.47,247,-11,-4.26,220,300,1399-9-29
632,داراب,پتروشيمي داراب,69,528813,1479618774,2884,2798,2798,-86,-2.98,2877,-7,-0.24,2798,2798,1399-9-29
633,ارمغان,ص سرمايه گذاري ارمغان ايرانيان,68,1128976,11384063220,10076,10087,10083,7,0.07,10084,8,0.08,10074,10117,1399-9-29
634,اخزا904,اسنادخزانه-م4بودجه99-011215,68,97129,63772880440,656013,653590,657000,987,0.15,656579,566,0.09,652339,658999,1399-9-29
635,اخزا820,اسنادخزانه-م20بودجه98-020806,68,129816,74552446579,579442,579000,575000,-4442,-0.77,574293,-5149,-0.89,570000,581000,1399-9-29
636,وحكمت,بيمه حكمت صبا,67,673644,4023001968,6156,5972,5972,-184,-2.99,6118,-38,-0.62,5972,5972,1399-9-29
637,سفارود,كارخانه فارسيت درود,65,215268,2501629428,11394,11621,11621,227,1.99,11450,56,0.49,11621,11621,1399-9-29
638,تسه9803,امتياز تسهيلات مسكن خرداد98,65,375,214975624,585368,556653,558000,-27368,-4.68,573268,-12100,-2.07,556653,590000,1399-9-29
639,كيان2,صندوق س. با درآمد ثابت كيان,65,6500000,6500000,26334,1,1,-26333,-100.0,1,-26333,-100.0,1,1,1399-9-29
640,ضجار1017,اختيارخ وتجارت-4500-1399/10/21,64,3326,341010000,105,100,135,30,28.57,103,-2,-1.9,90,199,1399-9-29
641,سايرا,ايرانيت‌,63,66236,2268341592,33989,33310,34046,57,0.17,34047,58,0.17,33310,34668,1399-9-29
642,اخزا812,اسنادخزانه-م12بودجه98-001111,62,188183,154702499342,826538,822223,822650,-3888,-0.47,822085,-4453,-0.54,819000,825000,1399-9-29
643,فاهواز,نورد و لوله اهواز,62,232507,4328350312,18995,18616,18616,-379,-2.0,18956,-39,-0.21,18616,18616,1399-9-29
644,ضپاس1002,اختيارخ وپارس-3000-1399/10/30,61,1066,1395064000,1326,1202,1268,-58,-4.37,1309,-17,-1.28,1100,1400,1399-9-29
645,ضپاس1003,اختيارخ وپارس-3500-1399/10/30,60,1028,949126000,916,990,915,-1,-0.11,923,7,0.76,751,1000,1399-9-29
646,اخزا902,اسنادخزانه-م2بودجه99-011019,60,96358,64949794606,676511,674000,673900,-2611,-0.39,674047,-2464,-0.36,673900,675740,1399-9-29
647,فوكا,فولاد كاويان,59,148349,2374622443,16502,16007,16007,-495,-3.0,16471,-31,-0.19,16007,16007,1399-9-29
648,ضچاد1017,اختيارخ كچاد-20000-1399/10/02,58,580,549663000,741,700,1189,448,60.46,948,207,27.94,556,1189,1399-9-29
649,تسه9812,امتياز تسهيلات مسكن اسفند98,56,290,167752302,588384,558965,560001,-28383,-4.82,578456,-9928,-1.69,558965,600000,1399-9-29
650,تسه9811,امتياز تسهيلات مسكن بهمن98,56,269,155560090,590607,580000,562010,-28597,-4.84,578290,-12317,-2.09,562000,600000,1399-9-29
651,زعف0008پ16,زعفران0008نگين بيرجند(پ),55,30413,3919052574,125571,125600,129000,3429,2.73,128861,3290,2.62,125600,131000,1399-9-29
652,وآتوس,س.آرين توسكا قيمت اسمي 350ريال,53,260113,9501667777,35466,36529,36529,1063,3.0,35956,490,1.38,36529,36529,1399-9-29
653,ضفلا1156,اختيارخ فولاد-16000-1399/11/28,53,904,1406079000,1373,1680,1506,133,9.69,1555,182,13.26,1400,1680,1399-9-29
654,اخزا808,اسنادخزانه-م8بودجه98-000817,53,38342,32742787619,859388,853786,856000,-3388,-0.39,853967,-5421,-0.63,852500,860000,1399-9-29
655,كتوكا,توليدي و خدمات صنايع نسوز توكا,53,108634,2711613274,23773,24961,24961,1188,5.0,23834,61,0.26,24961,24961,1399-9-29
656,فنرژي,گسترش صنايع انرژي آذرآب,53,204289,2349732078,11277,11502,11502,225,2.0,11329,52,0.46,11502,11502,1399-9-29
657,سلار,شركت سيمان لارستان,52,207159,8656345974,40569,41786,41786,1217,3.0,41080,511,1.26,41786,41786,1399-9-29
658,تسه9809,امتياز تسهيلات مسكن آذر98,52,535,307918918,582409,572840,579989,-2420,-0.42,575549,-6860,-1.18,553289,590000,1399-9-29
659,ضسپا1104,اختيارخ خساپا-3000-1399/11/26,51,1250,720571000,503,500,537,34,6.76,576,73,14.51,466,645,1399-9-29
660,ضصاد1104,اختيارخ وبصادر-4500-1399/11/12,51,1800,346945000,200,220,200,0,0.0,193,-7,-3.5,175,220,1399-9-29
661,پست0008پ04,پسته فندقي32-30سبزدانه0008(پ),51,3031,4944875675,1667840,1572030,1572030,-95810,-5.74,1631434,-36406,-2.18,1572030,1700000,1399-9-29
662,آكورد2,صندوق س. آرمان آتي كوثر-د,50,5000000,5000000,29772,1,1,-29771,-100.0,1,-29771,-100.0,1,1,1399-9-29
663,داوه,داروسازي آوه سينا,49,163199,3225301837,18822,19763,19763,941,5.0,18880,58,0.31,19763,19763,1399-9-29
664,تسه9808,امتياز تسهيلات مسكن آبان98,48,591,344434596,606199,576000,575890,-30309,-5.0,582800,-23399,-3.86,575890,630000,1399-9-29
665,سكه0011پ02,سكه تمام بهارتحويلي 1روزه ملت,48,9100,10603207900,1192508,1185000,1167000,-25508,-2.14,1165188,-27320,-2.29,1152000,1185000,1399-9-29
666,اخزا815,اسنادخزانه-م15بودجه98-010406,47,103005,78229379863,760749,758500,761900,1151,0.15,759472,-1277,-0.17,758400,761900,1399-9-29
667,تكنار,مجتمع معادن مس تكنار,45,145711,20669542483,135099,141853,141853,6754,5.0,141747,6648,4.92,141853,141853,1399-9-29
668,سكه0112پ03,سكه تمام بهارتحويلي1روزه سامان,43,10900,12699349800,1186555,1164599,1167500,-19055,-1.61,1165078,-21477,-1.81,1161000,1167500,1399-9-29
669,اخزا814,اسنادخزانه-م14بودجه98-010318,42,40968,32547091479,769599,767194,770500,901,0.12,794452,24853,3.23,766300,808078,1399-9-29
670,ضملت1129,اختيارخ وبملت-7000-1399/11/28,42,2504,602173000,248,299,259,11,4.44,240,-8,-3.23,220,299,1399-9-29
671,زعف0008پ08,زعفران0008نگين روستا(پ),42,24168,3119728021,126179,128000,128501,2322,1.84,129085,2906,2.3,125500,130000,1399-9-29
672,اخزا903,اسنادخزانه-م3بودجه99-011110,42,69943,46731208549,668841,671961,669000,159,0.02,668133,-708,-0.11,667712,669000,1399-9-29
673,پدرخش,درخشان‌ تهران‌,42,21355,4136890600,203910,193720,193720,-10190,-5.0,203020,-890,-0.44,193720,193720,1399-9-29
674,ضچاد1014,اختيارخ كچاد-14000-1399/10/02,40,1347,8436152000,4826,6100,6500,1674,34.69,6263,1437,29.78,4013,6500,1399-9-29
675,ضچاد1015,اختيارخ كچاد-16000-1399/10/02,40,384,1709121000,2943,4430,4698,1755,59.63,4451,1508,51.24,3334,4698,1399-9-29
676,اخزا813,اسنادخزانه-م13بودجه98-010219,39,52481,41066313035,780144,781210,781209,1065,0.14,782499,2355,0.3,780200,785000,1399-9-29
677,شكف,كف,36,83571,6586564794,77269,78814,78814,1545,2.0,78267,998,1.29,78814,78814,1399-9-29
678,اخزا811,اسنادخزانه-م11بودجه98-001013,36,40026,33464932767,832790,832790,838693,5903,0.71,836080,3290,0.4,830752,838693,1399-9-29
679,اخزا721,اسنادخزانه-م21بودجه97-000728,35,217242,187326397251,864555,861710,864620,65,0.01,862294,-2261,-0.26,861000,864620,1399-9-29
680,ضچاد1016,اختيارخ كچاد-18000-1399/10/02,34,367,896990000,1769,2058,2794,1025,57.94,2444,675,38.16,2058,2794,1399-9-29
681,كهرام,توليدي گرانيت بهسرام,33,10826,711073332,67713,65682,65682,-2031,-3.0,67639,-74,-0.11,65682,65682,1399-9-29
682,نگين,ص.س. زمين و ساختمان نگين شهرري,31,8747,417452030,47880,47530,47530,-350,-0.73,47730,-150,-0.31,47530,48740,1399-9-29
683,ثروتم,صندوق س. ثروت آفرين پارسيان-س,31,3750,358869620,96130,95500,96490,360,0.37,95699,-431,-0.45,95500,97094,1399-9-29
684,وسلرستا,شركت س استان لرستان,30,830205,713976300,900,860,860,-40,-4.44,900,0,0.0,860,860,1399-9-29
685,ضجار1015,اختيارخ وتجارت-3500-1399/10/21,30,712,306338000,508,404,450,-58,-11.42,430,-78,-15.35,400,450,1399-9-29
686,اخزا901,اسنادخزانه-م1بودجه99-010621,29,14209,10393195721,724345,700024,732500,8155,1.13,731452,7107,0.98,700023,733000,1399-9-29
687,اخزا816,اسنادخزانه-م16بودجه98-010503,29,89933,67552209653,750222,748000,751151,929,0.12,751139,917,0.12,748000,752000,1399-9-29
688,سخند,صندوق س.سپهرخبرگان نفت-د,28,683250,6877466050,10080,10069,10090,10,0.1,10066,-14,-0.14,10054,10090,1399-9-29
689,داريك,صندوق س.اعتماد داريك-د,28,1146987,11963410638,10429,10429,10429,0,0.0,10430,1,0.01,10420,10459,1399-9-29
690,تسه9804,امتياز تسهيلات مسكن تير98,27,400,230213370,593477,576010,563900,-29577,-4.98,575533,-17944,-3.02,563804,589990,1399-9-29
691,ضترا1118,اختيارخ شتران-12000-1399/11/14,27,304,777183000,2521,3250,2500,-21,-0.83,2557,36,1.43,2350,3250,1399-9-29
692,ضصاد1103,اختيارخ وبصادر-4000-1399/11/12,27,1122,382101000,366,377,349,-17,-4.64,341,-25,-6.83,300,378,1399-9-29
693,ضخود2005,اختيارخ خودرو-2000-1400/02/08,26,842,1821486000,2282,2400,2150,-132,-5.78,2163,-119,-5.21,2112,2450,1399-9-29
694,ضصاد1100,اختيارخ وبصادر-2500-1399/11/12,26,647,622955000,1037,1030,940,-97,-9.35,963,-74,-7.14,940,1050,1399-9-29
695,اخزا806,اسنادخزانه-م6بودجه98-000519,25,24827,22161011700,894019,892090,893000,-1019,-0.11,892617,-1402,-0.16,890000,894990,1399-9-29
696,اخزا818,اسنادخزانه-م18بودجه98-010614,25,5838,4241635793,734622,716004,726564,-8058,-1.1,726556,-8066,-1.1,716003,732000,1399-9-29
697,گوهر2,صندوق سكه طلاي كيان,25,250000,250000,59534,1,1,-59533,-100.0,1,-59533,-100.0,1,1,1399-9-29
698,تسه9807,امتياز تسهيلات مسكن مهر98,25,119,67515564,584373,572001,560000,-24373,-4.17,567358,-17015,-2.91,555155,589999,1399-9-29
699,عيار2,صندوق س. پشتوانه طلاي مفيد,25,250000,250000,29474,1,1,-29473,-100.0,1,-29473,-100.0,1,1,1399-9-29
700,زعف0008پ18,زعفران0008نگين بهرامن(پ),24,53325,6823564088,126737,133237,130400,3663,2.89,127962,1225,0.97,127000,133237,1399-9-29
701,ضپار1117,اختيارخ خپارس-7000-1399/11/19,24,519,1009100000,1973,1950,1950,-23,-1.17,1944,-29,-1.47,1900,1950,1399-9-29
702,پست0008پ08,پسته فندقي32-30مه ولات0008(پ),24,4108,6457899240,1628623,1572030,1572030,-56593,-3.47,1572030,-56593,-3.47,1572030,1572030,1399-9-29
703,هبركت912,اختيارف ت بركت-22100-99/12/17,23,360000,360000,1,1,1,0,0.0,1,0,0.0,1,1,1399-9-29
704,ضملت1127,اختيارخ وبملت-5000-1399/11/28,23,784,810784000,990,1199,903,-87,-8.79,1034,44,4.44,903,1200,1399-9-29
705,ضفار1125,اختيارخ فارس-17826-1399/11/07,22,328,358474000,487,784,520,33,6.78,546,59,12.11,450,784,1399-9-29
706,تسه9806,امتياز تسهيلات مسكن شهريور98,21,140,78623222,588442,560037,560001,-28441,-4.83,561594,-26848,-4.56,559039,570001,1399-9-29
707,ضخود2008,اختيارخ خودرو-3500-1400/02/08,20,276,333195000,1182,1189,1200,18,1.52,1207,25,2.12,1100,1320,1399-9-29
708,فيروزه2,صندوق شاخص30 شركت فيروزه- سهام,20,200000,200000,173130,1,1,-173129,-100.0,1,-173129,-100.0,1,1,1399-9-29
709,ضملي1152,اختيارخ فملي-18252-1399/11/05,19,308,552840340,745,890,899,154,20.67,910,165,22.15,878,999,1399-9-29
710,ضخود1040,اختيارخ خودرو-2000-1399/10/07,19,219,313900000,1614,1714,1650,36,2.23,1433,-181,-11.21,220,1714,1399-9-29
711,اخزا804,اسنادخزانه-م4بودجه98-000421,18,22000,20511679400,905000,906000,935000,30000,3.31,932349,27349,3.02,906000,935000,1399-9-29
712,ثروت,ص.خ.ثروت آفرين فيروزه 35%تاديه,18,123850,43347500000,350000,350000,350000,0,0.0,350000,0,0.0,350000,350000,1399-9-29
713,ضفلا1157,اختيارخ فولاد-18000-1399/11/28,18,413,339952000,818,780,831,13,1.59,823,5,0.61,779,880,1399-9-29
714,ضغدر1119,اختيارخ وغدير-10000-1399/11/26,18,137,560486000,3492,3949,4250,758,21.71,4091,599,17.15,3949,4250,1399-9-29
715,تسه9805,امتياز تسهيلات مسكن مرداد98,18,103,59331369,601594,571515,571515,-30079,-5.0,576033,-25561,-4.25,571515,596000,1399-9-29
716,ضجار1014,اختيارخ وتجارت-3000-1399/10/21,18,110,78713000,791,740,700,-91,-11.5,716,-75,-9.48,700,750,1399-9-29
717,هفارس912,اختيارف ت فارس-14576-99/12/13,18,44332,57542936,1066,1298,1298,232,21.76,1298,232,21.76,1298,1298,1399-9-29
718,اخزا810,اسنادخزانه-م10بودجه98-001006,18,14718,12336136417,835265,833592,837000,1735,0.21,838167,2902,0.35,833592,839500,1399-9-29
719,شستا991,اجاره تامين اجتماعي-امين991226,18,18066,18065649084,1003933,1000000,985510,-18423,-1.84,999981,-3952,-0.39,985500,1009997,1399-9-29
720,ضملت1126,اختيارخ وبملت-4500-1399/11/28,17,714,931371000,1197,1330,1300,103,8.6,1304,107,8.94,1241,1400,1399-9-29
721,اخزا821,اسنادخزانه-م21بودجه98-020906,16,101809,58113099610,569152,571500,571479,2327,0.41,570805,1653,0.29,570000,571500,1399-9-29
722,ضمخا7070,اختيارخ اخابر-20000-1400/07/28,16,104,462077000,4592,4900,4301,-291,-6.34,4443,-149,-3.24,4300,4900,1399-9-29
723,اخزا704,اسنادخزانه-م4بودجه97-991022,16,51502,50883976000,988967,988000,988000,-967,-0.1,988000,-967,-0.1,988000,988000,1399-9-29
724,ضغدر1120,اختيارخ وغدير-12000-1399/11/26,16,179,482811000,2437,3000,2500,63,2.59,2697,260,10.67,2310,3000,1399-9-29
725,هترول911,اختيارف ت پترول-14730-99/11/15,16,60272,151162176,1985,2508,2508,523,26.35,2508,523,26.35,2508,2508,1399-9-29
726,شتولي,تولي‌پرس‌,15,75594,2191923624,28428,28996,28996,568,2.0,28550,122,0.43,28996,28996,1399-9-29
727,ضترا1117,اختيارخ شتران-10000-1399/11/14,14,140,542845000,3699,400,3600,-99,-2.68,3877,178,4.81,3010,4500,1399-9-29
728,ضخود2007,اختيارخ خودرو-3000-1400/02/08,13,145,203924000,1550,1444,1370,-180,-11.61,1406,-144,-9.29,1370,1450,1399-9-29
729,ضملي1153,اختيارخ فملي-20280-1399/11/05,13,169,164811872,455,520,499,44,9.67,495,40,8.79,485,520,1399-9-29
730,زعف0008پ12,زعفران0008پوشالمعمول سحرخيز(پ),12,20580,1790397600,83068,84000,87221,4153,5.0,86997,3929,4.73,84000,87221,1399-9-29
731,ضپيك1019,اختيارخ تاپيكو-12000-99/10/16,12,72,255880000,3392,3300,3400,8,0.24,3554,162,4.78,3300,3700,1399-9-29
732,ضشنا1044,اختيارخ شپنا-10000-1399/10/23,12,116,707596000,1,6000,5700,5699,569900.0,6100,6099,609900.0,5600,6400,1399-9-29
733,شرنگي,شيميايي رنگين,12,14001,1774108713,123023,126713,126713,3690,3.0,123341,318,0.26,126713,126713,1399-9-29
734,شسم,توليد سموم‌ علف‌ كش,12,14508,1306285812,86576,90039,90039,3463,4.0,87011,435,0.5,90039,90039,1399-9-29
735,ضملي1151,اختيارخ فملي-16224-1399/11/05,12,49,193192896,1463,1999,1999,536,36.64,1999,536,36.64,1999,2000,1399-9-29
736,وسقم,شركت س استان قم,12,99921,133894140,1410,1340,1340,-70,-4.96,1410,0,0.0,1340,1340,1399-9-29
737,ضگل1144,اختيارخ كگل-20000-1399/11/21,12,423,880600000,2068,2000,2100,32,1.55,2082,14,0.68,2000,2500,1399-9-29
738,ضجار1018,اختيارخ وتجارت-5000-1399/10/21,12,410,19205000,35,35,45,10,28.57,47,12,34.29,35,65,1399-9-29
739,كشم0001پ01,كشمش سبز0001خليل آباد(پ),11,273,93134484,358549,340630,343500,-15049,-4.2,341152,-17397,-4.85,340622,343501,1399-9-29
740,ضسپا1102,اختيارخ خساپا-2000-1399/11/26,10,311,333100000,995,1100,1000,5,0.5,1071,76,7.64,980,1100,1399-9-29
741,خعمرا,توسعه و عمران شهرستان نائين,10,97233,2175393909,21308,22373,22373,1065,5.0,21418,110,0.52,22373,22373,1399-9-29
742,ضخود2013,اختيارخ خودرو-7000-1400/02/08,10,356,93020000,238,240,270,32,13.45,261,23,9.66,230,279,1399-9-29
743,آينده,بازرگاني آينده سازان بهشت پارس,10,16736,345749024,21297,20659,20659,-638,-3.0,21286,-11,-0.05,20659,20659,1399-9-29
744,ضملت1125,اختيارخ وبملت-4000-1399/11/28,10,327,504053000,1700,1551,1556,-144,-8.47,1541,-159,-9.35,1500,1560,1399-9-29
745,ضفار1122,اختيارخ فارس-11826-1399/11/07,10,118,790000000,2666,3000,2600,-66,-2.48,3347,681,25.54,2500,3490,1399-9-29
746,وسفارس,شركت س استان فارس,9,119050,116669000,1030,980,980,-50,-4.85,1030,0,0.0,980,980,1399-9-29
747,اخزا713,اسنادخزانه-م13بودجه97-000518,9,2231,1991245320,895528,892600,892540,-2988,-0.33,892535,-2993,-0.33,892530,892600,1399-9-29
748,كباده,توليد خاك نسوزاستقلال آباده,9,500000,11849000000,22570,23698,23698,1128,5.0,23206,636,2.82,23698,23698,1399-9-29
749,وسرضوي,س.سهام عدالت استان خراسان رضوي,9,84458,82768840,1030,980,980,-50,-4.85,1030,0,0.0,980,980,1399-9-29
750,سپر2,صندوق س سپر سرمايه بيدار- ثابت,9,9000000,9000000,10533,1,1,-10532,-99.99,1,-10532,-99.99,1,1,1399-9-29
751,ضگل1142,اختيارخ كگل-16000-1399/11/21,9,46,193119000,2858,4000,4001,1143,39.99,4198,1340,46.89,4000,4299,1399-9-29
752,ضملي1149,اختيارخ فملي-12168-1399/11/05,9,101,933939200,4198,4650,4650,452,10.77,4689,491,11.7,4650,4700,1399-9-29
753,ضخود1041,اختيارخ خودرو-2500-1399/10/07,9,138,165094000,1406,1500,1131,-275,-19.56,1196,-210,-14.94,1114,1500,1399-9-29
754,ومشان,س. فني و مهندسي مشانير,9,3731,208510666,58827,55886,55886,-2941,-5.0,58795,-32,-0.05,55886,55886,1399-9-29
755,ضپيك1020,اختيارخ تاپيكو-14000-99/10/16,9,51,99900000,1988,1500,1900,-88,-4.43,1959,-29,-1.46,1500,2400,1399-9-29
756,سپرمي,پرميت‌,8,73489,619058380,8342,8425,8420,78,0.94,8352,10,0.12,8420,8425,1399-9-29
757,اراد55,مرابحه عام دولت5-ش.خ 0209,8,1532200,1418388184000,925410,925720,925720,310,0.03,925720,310,0.03,925720,925720,1399-9-29
758,وسخوز,شركت س استان خوزستان,8,52574,48893820,970,930,930,-40,-4.12,970,0,0.0,930,930,1399-9-29
759,ضچاد1013,اختيارخ كچاد-12000-1399/10/02,8,205,1719300000,7500,8200,8500,1000,13.33,8387,887,11.83,8200,8500,1399-9-29
760,اخزا905,اسنادخزانه-م5بودجه99-020218,8,34119,21599013597,633005,630003,635000,1995,0.32,633049,44,0.01,630002,635000,1399-9-29
761,ضخود2006,اختيارخ خودرو-2500-1400/02/08,8,116,209327000,1943,1900,1800,-143,-7.36,1805,-138,-7.1,1710,1900,1399-9-29
762,ضسپا1106,اختيارخ خساپا-4000-1399/11/26,8,105,27445000,209,270,240,31,14.83,261,52,24.88,205,270,1399-9-29
763,ونچر,ص.ج.فيروزه10%تاديه,8,7470,1055414200,148711,143000,141000,-7711,-5.19,141287,-7424,-4.99,141000,143000,1399-9-29
764,ضملي1154,اختيارخ فملي-24336-1399/11/05,8,217,79057480,23,198,200,177,769.57,185,162,704.35,150,200,1399-9-29
765,ضجار1013,اختيارخ وتجارت-2500-1399/10/21,8,22,25780000,1420,1200,1240,-180,-12.68,1172,-248,-17.46,1000,1240,1399-9-29
766,كرونا2,تامين مالي جمعي صرفا اهداي سود,8,1546,15460000,10000,10000,10000,0,0.0,10000,0,0.0,10000,10000,1399-9-29
767,ضفار1126,اختيارخ فارس-19826-1399/11/07,8,50,26434000,419,200,295,-124,-29.59,264,-155,-36.99,200,300,1399-9-29
768,ضملت1124,اختيارخ وبملت-3500-1399/11/28,7,355,672090000,2199,2000,2000,-199,-9.05,1893,-306,-13.92,1801,2000,1399-9-29
769,اخزا906,اسنادخزانه-م6بودجه99-020321,7,10890,6791314700,646836,636000,622120,-24716,-3.82,623628,-23208,-3.59,622110,636000,1399-9-29
770,ضفلا1151,اختيارخ فولاد-8000-1399/11/28,7,46,347170000,7114,7000,7500,386,5.43,7547,433,6.09,7000,7900,1399-9-29
771,وسخراج,شركت س استان خراسان جنوبي,7,71380,150611800,2220,2110,2110,-110,-4.95,2220,0,0.0,2110,2110,1399-9-29
772,عفولاد3,اوراق سلف موازي ورق گرم فولاد,7,64380,51543915600,798494,800620,800620,2126,0.27,800620,2126,0.27,800620,800620,1399-9-29
773,ياقوت2,صندوق س ياقوت آگاه-ثابت,7,26140000,26140000,11583,1,1,-11582,-99.99,1,-11582,-99.99,1,1,1399-9-29
774,شستا993,اجاره ت.اجتماعي-كاردان991226,7,12214,12217824896,1000020,1000000,1009000,8980,0.9,1000313,293,0.03,990000,1009000,1399-9-29
775,ضغدر1121,اختيارخ وغدير-14000-1399/11/26,7,133,276600000,1900,2000,2200,300,15.79,2080,180,9.47,2000,2200,1399-9-29
776,وسبوشهر,شركت س استان بوشهر,6,70270,84324000,1260,1200,1200,-60,-4.76,1260,0,0.0,1200,1200,1399-9-29
777,كصدف,كاشي صدف سرام استقلال آباده,6,30291,693966810,22243,22910,22910,667,3.0,22265,22,0.1,22910,22910,1399-9-29
778,ضخود2011,اختيارخ خودرو-5000-1400/02/08,6,46,34003000,367,800,800,433,117.98,739,372,101.36,690,800,1399-9-29
779,ضفلا1154,اختيارخ فولاد-12000-1399/11/28,6,113,427680000,3471,3899,3900,429,12.36,3785,314,9.05,3700,3900,1399-9-29
780,اخزا807,اسنادخزانه-م7بودجه98-000719,6,8882,7688318494,867914,866000,865510,-2404,-0.28,865607,-2307,-0.27,865510,866000,1399-9-29
781,وسهمدا,شركت س استان همدان,6,43666,37116100,890,850,850,-40,-4.49,890,0,0.0,850,850,1399-9-29
782,ضخود2010,اختيارخ خودرو-4500-1400/02/08,6,107,88690000,907,800,850,-57,-6.28,829,-78,-8.6,800,910,1399-9-29
783,گنجين,صندوق س. گنجينه يكم آويد-د,6,3939,46658140,11829,11855,11849,20,0.17,11845,16,0.14,11840,11855,1399-9-29
784,ضبدر1149,اختيارخ شبندر-28000-1399/11/19,6,33,186228000,5605,5600,5500,-105,-1.87,5643,38,0.68,5500,5814,1399-9-29
785,ضسپا1105,اختيارخ خساپا-3500-1399/11/26,5,51,14389000,296,280,320,24,8.11,282,-14,-4.73,280,320,1399-9-29
786,صمسكن912,ص دين مسكن جنوب-ماهانه16درصد,5,902,54583308,61530,61108,58454,-3076,-5.0,60514,-1016,-1.65,58454,61108,1399-9-29
787,صگل309,صكوك اجاره گل گهر309-3ماهه20%,5,50000,51000000000,1020000,1020000,1020000,0,0.0,1020000,0,0.0,1020000,1020000,1399-9-29
788,ضپار1116,اختيارخ خپارس-6000-1399/11/19,5,59,165300000,2800,2850,2800,0,0.0,2802,2,0.07,2700,2850,1399-9-29
789,گواهي ظرفيت,گواهي ظرفيت نقدي,5,90500000,962829500000,10639,10639,10639,0,0.0,10639,0,0.0,10639,10639,1399-9-29
790,تملي803,تسهيلات مسكن ب. ملي-خرداد98,5,73,54750073,714287,750001,750001,35714,5.0,750001,35714,5.0,750001,750001,1399-9-29
791,كابگن,توليدي و صنعتي آبگينه‌,5,92442,463041978,4960,5009,5009,49,0.99,4964,4,0.08,5009,5009,1399-9-29
792,زعف0008پ09,زعفران0008نگين نوين(پ),5,3455,445497500,127367,129000,129005,1638,1.29,128943,1576,1.24,128800,129005,1399-9-29
793,اخزا723,اسنادخزانه-م23بودجه97-000824,5,77,66044748,857998,857724,857724,-274,-0.03,857724,-274,-0.03,857724,857724,1399-9-29
794,ضملي1150,اختيارخ فملي-14196-1399/11/05,5,12,78880000,2492,4000,3000,508,20.39,3333,841,33.75,3000,4000,1399-9-29
795,اشاد10,مشاركت دولتي10-شرايط خاص001226,5,30600,29070000000,945099,950000,950000,4901,0.52,950000,4901,0.52,950000,950000,1399-9-29
796,اعتماد2,صندوق س.اعتماد آفرين پارسيان-د,4,40000000,40000000,33863,1,1,-33862,-100.0,1,-33862,-100.0,1,1,1399-9-29
797,ضسان1039,اختيارخ پارسان-20000-99/10/14,4,14,61600000,5220,4400,4400,-820,-15.71,4400,-820,-15.71,4400,4400,1399-9-29
798,اراد35,مرابحه عام دولت3-ش.خ 0103,4,4200,3875340000,907823,922700,922700,14877,1.64,922700,14877,1.64,922700,922700,1399-9-29
799,ضپاس1001,اختيارخ وپارس-2500-1399/10/30,4,110,173350000,1678,1588,1600,-78,-4.65,1576,-102,-6.08,1559,1600,1399-9-29
800,شرق1400,مشاركت ليزينگ ايران وشرق140010,4,1500,1509200000,1000000,1009400,1000000,0,0.0,1006133,6133,0.61,1000000,1009400,1399-9-29
801,پست0008پ02,پسته فندقي32-30طلاسبززرند0008,4,20,32976240,1857881,1572030,1700000,-157881,-8.5,1648812,-209069,-11.25,1572030,1700000,1399-9-29
802,افاد73,منفعت دولت7-ش.خاص نوين0204,4,10500,10289989900,960000,979999,980000,20000,2.08,979999,19999,2.08,979999,980000,1399-9-29
803,ضصاد1105,اختيارخ وبصادر-5000-1399/11/12,4,170,17200000,108,100,110,2,1.85,101,-7,-6.48,100,110,1399-9-29
804,ضخود1047,اختيارخ خودرو-6000-1399/10/07,4,21,42000,5,2,2,-3,-60.0,2,-3,-60.0,2,2,1399-9-29
805,كايتا,ايتالران‌,4,1498,14592018,9278,9741,9741,463,4.99,9278,0,0.0,9741,9741,1399-9-29
806,ضملت1123,اختيارخ وبملت-3000-1399/11/28,4,123,303380000,2512,2550,2400,-112,-4.46,2467,-45,-1.79,2400,2570,1399-9-29
807,افران2,صندوق س افرا نماد پايدار-ثابت,3,29000000,29000000,12294,1,1,-12293,-99.99,1,-12293,-99.99,1,1,1399-9-29
808,وسيلام,شركت س استان ايلام,3,55252,65197360,1240,1180,1180,-60,-4.84,1240,0,0.0,1180,1180,1399-9-29
809,وسكرشا,س.سهام عدالت استان كرمانشاه,3,16000,19200000,1260,1200,1200,-60,-4.76,1260,0,0.0,1200,1200,1399-9-29
810,ضشنا1038,اختيارخ شپنا-20000-1399/10/23,3,30,12010000,1500,500,350,-1150,-76.67,400,-1100,-73.33,350,500,1399-9-29
811,اراد60,مرابحه عام دولتي6-ش.خ0210,3,200000,184780000000,1000000,923900,923900,-76100,-7.61,923900,-76100,-7.61,923900,923900,1399-9-29
812,ضپاس1000,اختيارخ وپارس-2000-1399/10/30,3,15,33420000,2281,2240,2222,-59,-2.59,2228,-53,-2.32,2222,2240,1399-9-29
813,اخزا718,اسنادخزانه-م18بودجه97-000525,3,8648,7681924000,892279,888500,888000,-4279,-0.48,888289,-3990,-0.45,888000,888500,1399-9-29
814,شگامرن,مجتمع پترو صنعت گامرون,3,31000,8047600000,248700,259600,259600,10900,4.38,259600,10900,4.38,259600,259600,1399-9-29
815,ضغدر1118,اختيارخ وغدير-9000-1399/11/26,3,15,55000000,4600,1000,5000,400,8.7,3667,-933,-20.28,1000,5000,1399-9-29
816,تبريز112,مشاركت شهرداري تبريز-3ماهه18%,3,23,22195000,935426,965000,965000,29574,3.16,965000,29574,3.16,965000,965000,1399-9-29
817,هاباد912,اختيارف ت آبادا-30100-99/12/12,3,1548,16891776,10374,10912,10912,538,5.19,10912,538,5.19,10912,10912,1399-9-29
818,اخزا805,اسنادخزانه-م5بودجه98-000422,2,1014,917021040,906155,904360,904360,-1795,-0.2,904360,-1795,-0.2,904360,904360,1399-9-29
819,صخابر102,صكوك اجاره مخابرات-3 ماهه 16%,2,3002,2881860002,960910,930001,960000,-910,-0.09,959980,-930,-0.1,930001,960000,1399-9-29
820,ضپاس1006,اختيارخ وپارس-5000-1399/10/30,2,200,40100000,248,201,200,-48,-19.35,200,-48,-19.35,200,201,1399-9-29
821,تسه98042,امتياز تسهيلات مسكن تير98,2,67,670,593477,10,10,-593467,-100.0,10,-593467,-100.0,10,10,1399-9-29
822,ضپيك1021,اختيارخ تاپيكو-16000-99/10/16,2,10,3210000,1525,321,321,-1204,-78.95,321,-1204,-78.95,321,321,1399-9-29
823,ونيكي2,سرمايه‌گذاري‌ ملي‌ايران‌,2,9000000,197140000000,22210,22210,21660,-550,-2.48,21904,-306,-1.38,21660,22210,1399-9-29
824,اخزا9062,اسنادخزانه-م6بودجه99-020321,2,640000,398080000000,646836,622000,622000,-24836,-3.84,622000,-24836,-3.84,622000,622000,1399-9-29
825,ضسان1038,اختيارخ پارسان-18000-99/10/14,2,6,36000000,7000,6000,6000,-1000,-14.29,6000,-1000,-14.29,6000,6000,1399-9-29
826,شستا992,اجاره تامين اجتماعي-سپهر991226,2,1354,1354000308,1000001,1000011,1000000,-1,0.0,1000000,-1,0.0,1000000,1000011,1399-9-29
827,مشهد0012,مشاركت شهرداري مشهد-3ماهه20%,2,25,24750000,1000000,990000,990000,-10000,-1.0,990000,-10000,-1.0,990000,990000,1399-9-29
828,وسگلستا,شركت س استان گلستان,2,5000,5900000,1240,1180,1180,-60,-4.84,1240,0,0.0,1180,1180,1399-9-29
829,اجاد25,اجاره دولتي آپرورش-سپهر991118,2,1290,1290000000,1000000,1000000,1000000,0,0.0,1000000,0,0.0,1000000,1000000,1399-9-29
830,افاد61,منفعت دولت6-ش.خاص140109,2,3600,3439740000,980000,955400,955500,-24500,-2.5,955483,-24517,-2.5,955400,955500,1399-9-29
831,اروند10,منفعت صبا اروند لوتوس 14001222,2,3003,2942952000,1000001,983000,980001,-20000,-2.0,980004,-19997,-2.0,980001,983000,1399-9-29
832,ضچاد2000,اختيارخ كچاد-12000-1400/02/05,2,12,138000000,11031,11500,11500,469,4.25,11500,469,4.25,11500,11500,1399-9-29
833,ضسپا1100,اختيارخ خساپا-1600-1399/11/26,2,79,106650000,1210,1350,1350,140,11.57,1350,140,11.57,1350,1350,1399-9-29
834,وسمركز,شركت س استان مركزي,2,14000,18620000,1400,1330,1330,-70,-5.0,1400,0,0.0,1330,1330,1399-9-29
835,ضسپا1101,اختيارخ خساپا-1800-1399/11/26,2,5,5495000,980,1099,1099,119,12.14,1099,119,12.14,1099,1099,1399-9-29
836,اطلس2,صندوق س.توسعه اندوخته آينده-س,2,20000,20000,203329,1,1,-203328,-100.0,1,-203328,-100.0,1,1,1399-9-29
837,ضفار1121,اختيارخ فارس-9826-1399/11/07,2,5,40200000,4045,4100,4000,-45,-1.11,4020,-25,-0.62,4000,4100,1399-9-29
838,غگز,گز سكه,2,100000,2550000000,27000,25500,25500,-1500,-5.56,25500,-1500,-5.56,25500,25500,1399-9-29
839,ضشنا1037,اختيارخ شپنا-18000-1399/10/23,2,10,13000000,1372,1300,1300,-72,-5.25,1300,-72,-5.25,1300,1300,1399-9-29
840,تملي807,تسهيلات مسكن ب. ملي-مهر98,2,6,5513214,967230,918869,918869,-48361,-5.0,918869,-48361,-5.0,918869,918869,1399-9-29
841,تسه98022,امتياز تسهيلات مسكن ارديبهشت98,2,66,660,586064,10,10,-586054,-100.0,10,-586054,-100.0,10,10,1399-9-29
842,صخود412,ص مرابحه خودرو412- 3ماهه 18%,2,141,138180247,989899,980002,980001,-9898,-1.0,980002,-9897,-1.0,980001,980002,1399-9-29
843,تسه98032,امتياز تسهيلات مسكن خرداد98,2,68,680,585368,10,10,-585358,-100.0,10,-585358,-100.0,10,10,1399-9-29
844,ضملي1148,اختيارخ فملي-10140-1399/11/05,2,3,36127040,5815,6300,5720,-95,-1.63,6107,292,5.02,5720,6300,1399-9-29
845,رايان106,مشاركت رايان سايپا-3ماهه16%,2,7600,7192412000,955830,946370,946370,-9460,-0.99,946370,-9460,-0.99,946370,946370,1399-9-29
846,ساذري,آذريت‌,2,380,2275060,5813,5987,5987,174,2.99,5813,0,0.0,5987,5987,1399-9-29
847,ضچاد1012,اختيارخ كچاد-10000-1399/10/02,2,3,29980000,8915,9990,10000,1085,12.17,9993,1078,12.09,9990,10000,1399-9-29
848,وسيزد,شركت س استان يزد,2,11186,13646920,1280,1220,1220,-60,-4.69,1280,0,0.0,1220,1220,1399-9-29
849,وبملت2,بانك ملت,2,806451613,4000000000480,4960,4960,4960,0,0.0,4960,0,0.0,4960,4960,1399-9-29
850,ضمخا7069,اختيارخ اخابر-18000-1400/07/28,2,6,30000000,4500,5000,5000,500,11.11,5000,500,11.11,5000,5000,1399-9-29
851,ضمخا7066,اختيارخ اخابر-12000-1400/07/28,1,10,89000000,9000,8900,8900,-100,-1.11,8900,-100,-1.11,8900,8900,1399-9-29
852,ساوه4,سيمان ساوه,1,876815,51296307945,55860,58503,58503,2643,4.73,58503,2643,4.73,58503,58503,1399-9-29
853,پكرمان2,گروه‌ صنعتي‌ بارز,1,25000000,845000000000,33020,33800,33800,780,2.36,33800,780,2.36,33800,33800,1399-9-29
854,اراد564,مرابحه عام دولت5-ش.خ 0308,1,1000000,1000000000000,972500,1000000,1000000,27500,2.83,1000000,27500,2.83,1000000,1000000,1399-9-29
855,پا ه 16,بار پايه هفته 16,1,500,192500,350,385,385,35,10.0,385,35,10.0,385,385,1399-9-29
856,تملي801,تسهيلات مسكن ب. ملي-فروردين98,1,7,5655321,850424,807903,807903,-42521,-5.0,807903,-42521,-5.0,807903,807903,1399-9-29
857,وپارس2,بانك‌پارسيان‌,1,20000000,85000000000,4330,4250,4250,-80,-1.85,4250,-80,-1.85,4250,4250,1399-9-29
858,اراد44,مرابحه عام دولت4-ش.خ 0007,1,500,515000000,1050000,1030000,1030000,-20000,-1.9,1030000,-20000,-1.9,1030000,1030000,1399-9-29
859,سنير4,سيمان‌ سفيد ني‌ريز,1,289768,26110994480,86090,90110,90110,4020,4.67,90110,4020,4.67,90110,90110,1399-9-29
860,سفار4,سيمان‌فارس‌,1,1068112,111660428480,99660,104540,104540,4880,4.9,104540,4880,4.9,104540,104540,1399-9-29
861,سبجنو4,سيمان‌ بجنورد,1,794274,29118084840,36360,36660,36660,300,0.83,36660,300,0.83,36660,36660,1399-9-29
862,هاي وب2,داده گسترعصرنوين-هاي وب,1,17000000,538900000000,30240,31700,31700,1460,4.83,31700,1460,4.83,31700,31700,1399-9-29
863,دومينو4,اجاره دومينو14040208,1,500,469200000,938300,938400,938400,100,0.01,938400,100,0.01,938400,938400,1399-9-29
864,اراد45,مرابحه عام دولت4-ش.خ 0107,1,500,525000000,1020200,1050000,1050000,29800,2.92,1050000,29800,2.92,1050000,1050000,1399-9-29
865,پا ر 60,بار پايه روز 60,1,500,192500,717,385,385,-332,-46.3,385,-332,-46.3,385,385,1399-9-29
866,تملي805,تسهيلات مسكن ب. ملي-مرداد98,1,10,6104630,642592,610463,610463,-32129,-5.0,610463,-32129,-5.0,610463,610463,1399-9-29
867,اراد504,مرابحه عام دولت5-ش.خ0302,1,430000,430000000000,1000000,1000000,1000000,0,0.0,1000000,0,0.0,1000000,1000000,1399-9-29
868,اجاد26,اجاره دولتي آپرورش-اميد991118,1,75,75000000,1000000,1000000,1000000,0,0.0,1000000,0,0.0,1000000,1000000,1399-9-29
869,ضترا1126,اختيارخ شتران-7000-1399/11/14,1,2,13000000,8500,6500,6500,-2000,-23.53,6500,-2000,-23.53,6500,6500,1399-9-29
870,ثنور2,سرمايه گذاري كوه نور,1,12000000,103980000000,8413,8665,8665,252,3.0,8665,252,3.0,8665,8665,1399-9-29
871,پا ر 1,بار پايه روز 1,1,500,192500,717,385,385,-332,-46.3,385,-332,-46.3,385,385,1399-9-29
872,شپارس4,بين‌ المللي‌ محصولات‌  پارس‌,1,2600000,47606000000,18080,18310,18310,230,1.27,18310,230,1.27,18310,18310,1399-9-29
873,تسه99072,امتياز تسهيلات مسكن مهر99,1,1,10,594954,10,10,-594944,-100.0,10,-594944,-100.0,10,10,1399-9-29
874,سغرب4,سيمان‌غرب‌,1,1277910,25328176200,19810,19820,19820,10,0.05,19820,10,0.05,19820,19820,1399-9-29
875,سفانو4,سيمان فارس نو,1,1929978,63805072680,33430,33060,33060,-370,-1.11,33060,-370,-1.11,33060,33060,1399-9-29
876,سخاش4,سيمان‌خاش‌,1,268236,27971650080,102870,104280,104280,1410,1.37,104280,1410,1.37,104280,104280,1399-9-29
877,تملي701,تسهيلات مسكن ب. ملي-فروردين97,1,6,5976444,1048498,996074,996074,-52424,-5.0,996074,-52424,-5.0,996074,996074,1399-9-29
878,كمند2,صندوق س. با درآمد ثابت كمند,1,45000000,45000000,10062,1,1,-10061,-99.99,1,-10061,-99.99,1,1,1399-9-29
879,صايپا203,صكوك مرابحه سايپا203-3ماهه 16%,1,6,5712786,953000,952131,952131,-869,-0.09,952131,-869,-0.09,952131,952131,1399-9-29
880,سبهان4,سيمان‌ بهبهان‌,1,508370,35326631300,67000,69490,69490,2490,3.72,69490,2490,3.72,69490,69490,1399-9-29
881,سدور4,سيمان‌ دورود,1,1348036,13183792080,9330,9780,9780,450,4.82,9780,450,4.82,9780,9780,1399-9-29
882,اراد53,مرابحه عام دولت5-ش.خ 0207,1,100,90479800,861713,904798,904798,43085,5.0,904798,43085,5.0,904798,904798,1399-9-29
883,زير0003پ04,زيره سبز0003شركت مينوبذر(پ),1,10,5074800,562304,507480,507480,-54824,-9.75,507480,-54824,-9.75,507480,507480,1399-9-29
884,ضمخا7074,اختيارخ اخابر-36000-1400/07/28,1,1,1111000,1,1111,1111,1110,111000.0,1111,1110,111000.0,1111,1111,1399-9-29
885,پا ر 38,بار پايه روز 38,1,500,192500,499,385,385,-114,-22.85,385,-114,-22.85,385,385,1399-9-29
886,پا ر 37,بار پايه روز 37,1,500,192500,499,385,385,-114,-22.85,385,-114,-22.85,385,385,1399-9-29
887,افاد4,منفعت دولتي4-شرايط خاص14010729,1,1000,1000000000,1050000,1000000,1000000,-50000,-4.76,1000000,-50000,-4.76,1000000,1000000,1399-9-29
888,ضمخا1024,اختيارخ اخابر-14000-1399/10/30,1,15,33600000,2783,2240,2240,-543,-19.51,2240,-543,-19.51,2240,2240,1399-9-29
889,سلامت6,مرابحه سلامت6واجدشرايط خاص1400,1,2000,1960000000,980000,980000,980000,0,0.0,980000,0,0.0,980000,980000,1399-9-29
890,پا ر 2,بار پايه روز 2,1,500,192500,717,385,385,-332,-46.3,385,-332,-46.3,385,385,1399-9-29
891,ضبدر1159,اختيارخ شبندر-16000-1399/11/19,1,1,15500000,14663,15500,15500,837,5.71,15500,837,5.71,15500,15500,1399-9-29
892,تهران012,مشاركت ش تهران012-3ماهه18%,1,199,193089700,944673,970300,970300,25627,2.71,970300,25627,2.71,970300,970300,1399-9-29
893,پا ه 15,بار پايه هفته 15,1,500,192500,350,385,385,35,10.0,385,35,10.0,385,385,1399-9-29
894,شستا2,سرمايه گذاري تامين اجتماعي,1,5000000,127500000000,24620,25500,25500,880,3.57,25500,880,3.57,25500,25500,1399-9-29
895,مشهد0112,مشاركت ش مشهد0112-3ماهه18%,1,100,88000000,900000,880000,880000,-20000,-2.22,880000,-20000,-2.22,880000,880000,1399-9-29
896,وساربيل,شركت س استان اردبيل,1,5000,6100000,1280,1220,1220,-60,-4.69,1280,0,0.0,1220,1220,1399-9-29
897,ضپيك1022,اختيارخ تاپيكو-18000-99/10/16,1,15,10500000,325,700,700,375,115.38,700,375,115.38,700,700,1399-9-29
898,ضصاد1106,اختيارخ وبصادر-6000-1399/11/12,1,2,70000,58,35,35,-23,-39.66,35,-23,-39.66,35,35,1399-9-29
899,واميد2,گروه مديريت سرمايه گذاري اميد,1,2000000,75240000000,37540,37620,37620,80,0.21,37620,80,0.21,37620,37620,1399-9-29
900,زير0003پ02,زيره سبز0003 دانش(پ),1,10,5074800,562304,507480,507480,-54824,-9.75,507480,-54824,-9.75,507480,507480,1399-9-29
901,تسه99082,امتياز تسهيلات مسكن آبان99,1,10,100,592434,10,10,-592424,-100.0,10,-592424,-100.0,10,10,1399-9-29
902,تملي804,تسهيلات مسكن ب. ملي-تير98,1,6,5358066,940011,893011,893011,-47000,-5.0,893011,-47000,-5.0,893011,893011,1399-9-29
903,ضمخا7075,اختيارخ اخابر-9000-1400/07/28,1,1,11111000,10575,11111,11111,536,5.07,11111,536,5.07,11111,11111,1399-9-29
904,سلامت3,مرابحه دولتي تعاون-اميد991118,1,139,139695000,1005000,1005000,1005000,0,0.0,1005000,0,0.0,1005000,1005000,1399-9-29
905,سخوز4,سيمان خوزستان,1,3144070,75929290500,23260,24150,24150,890,3.83,24150,890,3.83,24150,24150,1399-9-29
906,سلامت4,مرابحه دولتي تعاون-لوتوس991118,1,5000,5000000000,1000068,1000000,1000000,-68,-0.01,1000000,-68,-0.01,1000000,1000000,1399-9-29
907,ضجار1010,اختيارخ وتجارت-1600-1399/10/21,1,1,1502000,2200,1502,1502,-698,-31.73,1502,-698,-31.73,1502,1502,1399-9-29
908,زير0003پ01,زيره سبز0003كيميابذر(پ),1,25,12687000,534189,507480,507480,-26709,-5.0,507480,-26709,-5.0,507480,507480,1399-9-29
909,ضگل1143,اختيارخ كگل-18000-1399/11/21,1,100,350000000,5000,3500,3500,-1500,-30.0,3500,-1500,-30.0,3500,3500,1399-9-29
910,تسه98102,امتياز تسهيلات مسكن دي98,1,79,790,591936,10,10,-591926,-100.0,10,-591926,-100.0,10,10,1399-9-29
911,حرهشا,رهشاد سپاهان (سهامي عام,1,100,5939400,61230,59394,59394,-1836,-3.0,61229,-1,0.0,59394,59394,1399-9-29
912,اخابر2,مخابرات ايران,1,3300000,50853000000,15210,15410,15410,200,1.31,15410,200,1.31,15410,15410,1399-9-29
913,تكمبا4,كمباين‌ سازي‌ ايران‌,1,12000000,135360000000,10780,11280,11280,500,4.64,11280,500,4.64,11280,11280,1399-9-29
914,سخزر4,سيمان‌ خزر,1,1359725,38235467000,26950,28120,28120,1170,4.34,28120,1170,4.34,28120,28120,1399-9-29
915,پشاهن,توليدي پلاستيك‌ شاهين,1,1216,9230656,7370,7591,7591,221,3.0,7370,0,0.0,7591,7591,1399-9-29
916,اخزا720,اسنادخزانه-م20بودجه97-000324,1,115,104877930,919033,911982,911982,-7051,-0.77,911982,-7051,-0.77,911982,911982,1399-9-29
917,پا ر 36,بار پايه روز 36,1,500,192500,499,385,385,-114,-22.85,385,-114,-22.85,385,385,1399-9-29
918,پا ه 17,بار پايه هفته 17,1,500,192500,349,385,385,36,10.32,385,36,10.32,385,385,1399-9-29
919,اراد57,مرابحه عام دولت5-ش.خ 0309,1,1000,905000000,952000,905000,905000,-47000,-4.94,905000,-47000,-4.94,905000,905000,1399-9-29
920,وسزنجان,شركت س استان زنجان,1,4000,5400000,1420,1350,1350,-70,-4.93,1420,0,0.0,1350,1350,1399-9-29
921,صگل411,ص اجاره گل گهر 411- 3 ماهه 17%,1,6,6060000,1010000,1010000,1010000,0,0.0,1010000,0,0.0,1010000,1010000,1399-9-29
