,نماد,نام,تعداد,حجم,ارزش,دیروز,اولین,آخرین معامله - مقدار,آخرین معامله - تغییر,آخرین معامله - درصد,قیمت پایانی - مقدار,قیمت پایانی - تغییر,قیمت پایانی - درصد,کمترین,بیشترین,تاریخ
0,شستا,سرمايه گذاري تامين اجتماعي,198763,580476143,16241835237530,29260,27800,27800,-1460,-4.99,27980,-1280,-4.37,27800,28990,1399-9-5
1,خودرو,ايران‌ خودرو,79149,1834877492,7390200535760,4060,3980,3960,-100,-2.46,4030,-30,-0.74,3890,4150,1399-9-5
2,شپنا,پالايش نفت اصفهان,75325,514533809,9152055922160,17290,17000,18150,860,4.97,17790,500,2.89,16510,18150,1399-9-5
3,دارا يكم,صندوق واسطه گري مالي يكم-سهام,66987,41022227,8044095801690,196220,191900,196220,0,0.0,196090,-130,-0.07,190900,199900,1399-9-5
4,وتجارت,بانك تجارت,62235,2227810826,8436566222430,3650,3670,3830,180,4.93,3790,140,3.84,3530,3830,1399-9-5
5,خساپا,سايپا,61808,1871561766,5531351911160,2940,2930,2920,-20,-0.68,2960,20,0.68,2830,3060,1399-9-5
6,فملي,ملي‌ صنايع‌ مس‌ ايران‌,57161,208095361,5634619165990,26080,25450,27380,1300,4.98,27080,1000,3.83,25260,27380,1399-9-5
7,وسپهر,سرمايه گذاري مالي سپهرصادرات,56445,122357777,1405670261952,11492,11322,11550,58,0.5,11488,-4,-0.03,11200,11721,1399-9-5
8,شبندر,پالايش نفت بندرعباس,52973,195260723,5456187428040,28680,27250,27630,-1050,-3.66,27940,-740,-2.58,27250,29250,1399-9-5
9,ثاميد,توسعه و عمران اميد,41960,313658038,709429414940,2250,2210,2290,40,1.78,2260,10,0.44,2170,2320,1399-9-5
10,شتران,پالايش نفت تهران,38228,214138738,3042795604510,13780,13500,14460,680,4.93,14210,430,3.12,13120,14460,1399-9-5
11,بپيوند,برق و انرژي پيوندگستر پارس,38192,33707440,795356409806,23167,22222,23800,633,2.73,23596,429,1.85,22222,24315,1399-9-5
12,امين,تامين سرمايه امين,33886,30628807,357332086990,11400,11410,11970,570,5.0,11670,270,2.37,11400,11970,1399-9-5
13,دي,بانك دي,33203,73218705,3141724040803,44838,43200,42598,-2240,-5.0,42909,-1929,-4.3,42597,44500,1399-9-5
14,فولاد,فولاد مباركه اصفهان,33060,280121990,3674662605210,12640,12350,13270,630,4.98,13120,480,3.8,12350,13270,1399-9-5
15,سيتا,سرمايه گذاري سيمان تامين,33009,38646926,662985891830,17270,16800,17310,40,0.23,17150,-120,-0.69,16800,17400,1399-9-5
16,پيزد,مجتمع صنايع لاستيك يزد,31868,3355297,291356447883,90644,86200,86220,-4424,-4.88,86835,-3809,-4.2,86112,89140,1399-9-5
17,غزر,صنعتي زر ماكارون,31354,7817338,406474267790,49790,50000,52270,2480,4.98,52000,2210,4.44,49500,52270,1399-9-5
18,وبملت,بانك ملت,29715,515265002,2875409208330,5530,5410,5660,130,2.35,5580,50,0.9,5350,5730,1399-9-5
19,وبصادر,بانك صادرات ايران,29078,736810330,2772537618090,3620,3660,3800,180,4.97,3760,140,3.87,3500,3800,1399-9-5
20,شاروم,پتروشيمي اروميه,28742,5278728,96168446327,18564,18540,18111,-453,-2.44,18218,-346,-1.86,18000,18650,1399-9-5
21,ثبهساز,بهساز كاشانه تهران,28447,132472534,367602629510,2790,2780,2800,10,0.36,2770,-20,-0.72,2700,2850,1399-9-5
22,وپويا,سرمايه گذاري پويا,26208,34862040,308210615287,8873,8650,8773,-100,-1.13,8841,-32,-0.36,8600,9105,1399-9-5
23,بگيلان,توسعه مسير برق گيلان,25958,6719770,170352860360,25525,25410,25379,-146,-0.57,25351,-174,-0.68,25030,25800,1399-9-5
24,خگستر,گسترش‌سرمايه‌گذاري‌ايران‌خودرو,24020,470878078,1791959920470,3850,3760,3760,-90,-2.34,3810,-40,-1.04,3660,3920,1399-9-5
25,پترول,گروه پتروشيمي س. ايرانيان,23763,134017093,1646843286490,12680,12200,12430,-250,-1.97,12290,-390,-3.08,12050,12590,1399-9-5
26,شگويا,پتروشيمي تندگويان,22492,106763634,1148843951615,11156,10599,10996,-160,-1.43,10761,-395,-3.54,10599,11130,1399-9-5
27,آريا,پليمر آريا ساسول,21717,4487234,739109753690,159284,156570,167246,7962,5.0,164714,5430,3.41,156570,167248,1399-9-5
28,خبهمن,گروه‌بهمن‌,18395,165452706,4326101341570,24950,26190,26190,1240,4.97,26150,1200,4.81,25190,26190,1399-9-5
29,خزاميا,زامياد,16362,94546300,1243258103310,13680,13300,13020,-660,-4.82,13150,-530,-3.87,13000,13680,1399-9-5
30,ذوب,سهامي ذوب آهن  اصفهان,15987,309714904,1445398711178,4498,4480,4722,224,4.98,4667,169,3.76,4410,4722,1399-9-5
31,خپارس,پارس‌ خودرو,15906,169522426,1353705383660,8240,8000,7830,-410,-4.98,7990,-250,-3.03,7830,8350,1399-9-5
32,ولپارس,ليزينگ پارسيان,15808,4166251,24247580820,5550,5820,5820,270,4.86,5660,110,1.98,5820,5820,1399-9-5
33,رافزا,رايان هم افزا,15589,90603,3281187645,34491,36215,36215,1724,5.0,34597,106,0.31,36215,36215,1399-9-5
34,پتاير,ايران‌ تاير,14823,9342957,1399910725970,141590,135020,155740,14150,9.99,149840,8250,5.83,131500,155740,1399-9-5
35,شبريز,پالايش نفت تبريز,13401,38177368,1103972102490,29730,28250,29030,-700,-2.35,28920,-810,-2.72,28250,30000,1399-9-5
36,غنوش,نوش‌ مازندران‌,13273,21178968,1463999955780,72140,70000,70000,-2140,-2.97,69130,-3010,-4.17,68540,72140,1399-9-5
37,زملارد,كشاورزي و دامپروري ملارد شير,13230,2492101,104957325716,40111,42116,42116,2005,5.0,42116,2005,5.0,42116,44390,1399-9-5
38,گكوثر,هتل پارسيان كوثر اصفهان,12823,6808259,1072461726214,155508,150000,160899,5391,3.47,157524,2016,1.3,142580,165000,1399-9-5
39,تاپيكو,س. نفت و گاز و پتروشيمي تأمين,12699,64225042,864223422300,13640,13050,13830,190,1.39,13460,-180,-1.32,12960,14000,1399-9-5
40,وغدير,سرمايه‌گذاري‌غدير(هلدينگ‌,12530,73439392,922167939690,12490,12020,12550,60,0.48,12560,70,0.56,11870,12950,1399-9-5
41,غگل,گلوكوزان‌,12098,141499107,651460787190,4370,4500,4720,350,8.01,4600,230,5.26,4330,4720,1399-9-5
42,سبزوا,سيمان لار سبزوار,11653,112089835,693006078364,6472,6149,6149,-323,-4.99,6183,-289,-4.47,6149,6341,1399-9-5
43,بركت,گروه دارويي بركت,11265,40535821,694446285960,16440,16520,17260,820,4.99,17130,690,4.2,16450,17260,1399-9-5
44,فارس,صنايع پتروشيمي خليج فارس,11010,45933828,549536125180,12010,11600,12270,260,2.16,11960,-50,-0.42,11410,12300,1399-9-5
45,حفاري,حفاري شمال,10446,76311742,1046977943660,13140,13790,13690,550,4.19,13720,580,4.41,13300,13790,1399-9-5
46,وخارزم,سرمايه گذاري خوارزمي,10250,71666108,645747620690,9190,8850,9060,-130,-1.41,9010,-180,-1.96,8740,9340,1399-9-5
47,خمحركه,نيرو محركه‌,9403,70810946,433710062740,6000,5870,6300,300,5.0,6120,120,2.0,5780,6300,1399-9-5
48,كرمان,س. توسعه و عمران استان كرمان,9295,20546910,1526846018680,72036,70000,75637,3601,5.0,74310,2274,3.16,68735,75637,1399-9-5
49,چكاپا,گروه صنايع كاغذ پارس,8991,91099401,604111308780,6020,6400,6720,700,11.63,6630,610,10.13,6380,6720,1399-9-5
50,غديس,پاكديس,8875,45034380,656657212444,13686,13900,15054,1368,10.0,14581,895,6.54,12486,15054,1399-9-5
51,غگيلا,شيرپاستوريزه پگاه گيلان,8628,123937,2192941278,16852,17694,17694,842,5.0,16887,35,0.21,17694,17694,1399-9-5
52,كچاد,معدني‌وصنعتي‌چادرملو,8625,37938721,751199035690,20130,19140,19900,-230,-1.14,19800,-330,-1.64,19130,20980,1399-9-5
53,وپارس,بانك‌پارسيان‌,8607,428801030,1740523601000,3900,3960,4090,190,4.87,4060,160,4.1,3800,4090,1399-9-5
54,قنيشا,قند  نيشابور,8558,14520416,1079404024760,77950,74060,74090,-3860,-4.95,74340,-3610,-4.63,74060,76280,1399-9-5
55,نوري,پتروشيمي نوري,8518,4321860,780672037720,177190,179410,180890,3700,2.09,180630,3440,1.94,177710,182000,1399-9-5
56,وآيند,بانك  آينده,8487,65765532,1623520601907,25097,25100,24596,-501,-2.0,24686,-411,-1.64,24596,25100,1399-9-5
57,فرابورس,فرابورس ايران,8412,16156013,875723433108,56210,53400,53400,-2810,-5.0,54204,-2006,-3.57,53400,57000,1399-9-5
58,ونوين,بانك‌اقتصادنوين‌,8389,161562185,832119371330,5140,5010,5150,10,0.19,5150,10,0.19,5010,5270,1399-9-5
59,كحافظ,كاشي‌ وسراميك‌ حافظ‌,8348,32688978,674953281000,21240,20180,20340,-900,-4.24,20650,-590,-2.78,20180,21690,1399-9-5
60,صبا,سرمايه گذاري صبا تامين,8049,21654309,175899761462,8120,7900,8160,40,0.49,8123,3,0.04,7850,8290,1399-9-5
61,تبرك,گروه كارخانجات صنعتي تبرك,7751,22268314,502950541785,22351,22000,23468,1117,5.0,22586,235,1.05,21250,23468,1399-9-5
62,ثشاهد,سرمايه‌ گذاري‌ شاهد,7683,40181826,955945986750,22950,22900,24090,1140,4.97,23790,840,3.66,22500,24090,1399-9-5
63,ومعادن,توسعه‌معادن‌وفلزات‌,7612,48797892,672290170060,14010,13330,13690,-320,-2.28,13780,-230,-1.64,13330,14250,1399-9-5
64,صباح,ح . سرمايه گذاري صبا تامين,7495,26554058,149774295073,5712,5560,5700,-12,-0.21,5640,-72,-1.26,5516,5748,1399-9-5
65,خاور,ايران خودرو ديزل,7456,85144294,447436291005,5350,5220,5195,-155,-2.9,5255,-95,-1.78,5190,5450,1399-9-5
66,انرژي3,سايراشخاص بورس انرژي,7422,2216930,560284323800,263860,250670,251100,-12760,-4.84,252730,-11130,-4.22,250670,260000,1399-9-5
67,تليسه,دامداري تليسه نمونه,7063,68873539,688836883647,9200,9880,10120,920,10.0,10001,801,8.71,9350,10120,1399-9-5
68,تملت,تامين سرمايه بانك ملت,6881,27062149,229106327350,8170,8010,8570,400,4.9,8470,300,3.67,8010,8570,1399-9-5
69,فاراك,ماشين‌ سازي‌ اراك‌,6844,84757806,566135986790,6560,6400,6880,320,4.88,6680,120,1.83,6280,6880,1399-9-5
70,كسعدي,كاشي‌ سعدي‌,6553,16589669,582940101690,34560,35050,36280,1720,4.98,35140,580,1.68,32890,36280,1399-9-5
71,حكشتي,كشتيراني جمهوري اسلامي ايران,6546,29276048,801167722310,26240,27080,27550,1310,4.99,27370,1130,4.31,26500,27550,1399-9-5
72,فسرب,ملي‌ سرب‌وروي‌ ايران‌,6340,6168209,805555211040,136310,129500,129500,-6810,-5.0,130600,-5710,-4.19,129500,135980,1399-9-5
73,فخوز,فولاد  خوزستان,6287,26351978,954078309470,34700,34000,36430,1730,4.99,36210,1510,4.35,33500,36430,1399-9-5
74,قشير,قند شيروان قوچان و بجنورد,5945,13035758,512152163134,36099,37000,39708,3609,10.0,39288,3189,8.83,36355,39708,1399-9-5
75,ونيرو,سرمايه‌گذاري‌نيرو,5902,74393349,311948231870,4190,4250,4230,40,0.95,4190,0,0.0,4080,4330,1399-9-5
76,بجهرم,توسعه مولد نيروگاهي جهرم,5831,58828136,224303743957,3812,3711,3822,10,0.26,3813,1,0.03,3700,3920,1399-9-5
77,دماوند,توليد نيروي برق دماوند,5764,7203085,539139528429,75109,75500,74090,-1019,-1.36,74848,-261,-0.35,72225,76270,1399-9-5
78,ثپرديس,سرمايه گذاري مسكن پرديس,5616,29447842,323773680306,10782,10720,11321,539,5.0,10995,213,1.98,10488,11321,1399-9-5
79,كگاز,شيشه‌ و گاز,5597,15095332,351399842060,23370,23370,23400,30,0.13,23280,-90,-0.39,22210,24390,1399-9-5
80,ميدكو,هلدينگ صنايع  معدني خاورميانه,5274,27358510,719124457645,25764,25900,26620,856,3.32,26285,521,2.02,25790,26780,1399-9-5
81,تكمبا,كمباين‌ سازي‌ ايران‌,5206,41332429,411683688660,10260,9750,9900,-360,-3.51,9960,-300,-2.92,9750,10470,1399-9-5
82,كگل,معدني و صنعتي گل گهر,5197,15777670,298685023880,19040,18120,18950,-90,-0.47,18930,-110,-0.58,18090,19650,1399-9-5
83,وساخت,سرمايه‌ گذاري‌ ساختمان‌ايران‌,5173,5497337,388762173680,68600,69900,71990,3390,4.94,70720,2120,3.09,66500,71990,1399-9-5
84,شلعابح,ح . لعابيران‌,5101,52313821,209518336780,4160,4200,3810,-350,-8.41,4010,-150,-3.61,3740,4400,1399-9-5
85,وپاسار,بانك  پاسارگاد,4981,52048895,586510906450,10990,11140,11360,370,3.37,11270,280,2.55,10990,11420,1399-9-5
86,غشهداب,كشت و صنعت شهداب ناب خراسان,4922,51958776,227188102608,4236,4310,4447,211,4.98,4372,136,3.21,4250,4447,1399-9-5
87,تنوينح,ح . تامين سرمايه نوين,4866,21629142,108061626166,4770,4800,5070,300,6.29,4996,226,4.74,4540,5180,1399-9-5
88,غشان,شيرپاستوريزه‌پگاه‌خراسان‌,4783,38421380,315899494700,8420,8000,8140,-280,-3.33,8220,-200,-2.38,8000,8680,1399-9-5
89,ثعمرا,عمران و توسعه شاهد,4546,23837614,339411829542,13798,13530,14487,689,4.99,14238,440,3.19,13251,14487,1399-9-5
90,اخابر,مخابرات ايران,4508,31831045,432673096770,13500,12900,13600,100,0.74,13590,90,0.67,12900,14000,1399-9-5
91,ختور,رادياتور ايران‌,4495,7199246,289473600590,42090,40450,39990,-2100,-4.99,40210,-1880,-4.47,39990,42960,1399-9-5
92,ولساپا,ليزينگ رايان‌ سايپا,4417,75395692,304848237900,3930,3940,4120,190,4.83,4040,110,2.8,3820,4120,1399-9-5
93,حسينا,توسعه خدمات دريايي وبندري سينا,4390,8679240,634959223147,67368,62100,74104,6736,10.0,73158,5790,8.59,62100,74104,1399-9-5
94,غسالم,سالمين‌,4222,40596828,181888965740,4370,4340,4580,210,4.81,4480,110,2.52,4250,4580,1399-9-5
95,كپارس,كاشي‌ پارس‌,4216,2200018,316609874670,150140,145540,142650,-7490,-4.99,143910,-6230,-4.15,142640,151000,1399-9-5
96,لسرما,سرما آفرين‌,4171,10120561,295061744870,30160,29900,29900,-260,-0.86,29150,-1010,-3.35,28660,30670,1399-9-5
97,ختوقا,قطعات‌ اتومبيل‌ ايران‌,4085,51639519,166733062430,3210,3160,3300,90,2.8,3230,20,0.62,3100,3300,1399-9-5
98,قثابت,قند ثابت‌ خراسان‌,4077,3806858,263061514160,71480,73000,67990,-3490,-4.88,69100,-2380,-3.33,67910,73000,1399-9-5
99,خاهن,آهنگري‌ تراكتورسازي‌ ايران‌,4030,11230256,425721185760,36430,37800,37670,1240,3.4,37910,1480,4.06,36660,38250,1399-9-5
100,وتوس,توسعه‌شهري‌توس‌گستر,3984,12477048,335396855370,28200,27010,26790,-1410,-5.0,26880,-1320,-4.68,26790,27990,1399-9-5
101,وپست,پست بانك ايران,3898,35292389,545420641380,14750,15100,15480,730,4.95,15450,700,4.75,15000,15480,1399-9-5
102,پكرمان,گروه‌ صنعتي‌ بارز,3888,10166472,314332101890,32210,30600,30600,-1610,-5.0,30920,-1290,-4.0,30600,32500,1399-9-5
103,حسير,ريل سير كوثر,3789,14118579,245839207925,18086,17182,17182,-904,-5.0,17412,-674,-3.73,17182,18200,1399-9-5
104,شيران,س. صنايع‌شيميايي‌ايران,3741,9729367,320130309550,33320,31900,33000,-320,-0.96,32900,-420,-1.26,31900,33950,1399-9-5
105,ودي,بيمه  دي,3674,21557232,535050583143,24821,23800,24990,169,0.68,24820,-1,0.0,23760,25520,1399-9-5
106,نوين,بيمه نوين,3612,42178312,336528598674,7668,7805,8051,383,4.99,7979,311,4.06,7360,8051,1399-9-5
107,خاذين,سايپاآذين‌,3611,36243999,202771385840,5690,5690,5570,-120,-2.11,5590,-100,-1.76,5410,5800,1399-9-5
108,شفارس,صنايع‌ شيميايي‌ فارس‌,3585,6961716,334133967370,48520,46100,49220,700,1.44,48000,-520,-1.07,46100,49880,1399-9-5
109,ثترانح,ح سرمايه گذاري مسكن تهران,3548,24862009,63534696247,2450,2500,2572,122,4.98,2555,105,4.29,2450,2572,1399-9-5
110,نطرين,عطرين نخ قم,3522,12207679,179897663682,14996,15580,14450,-546,-3.64,14736,-260,-1.73,14247,15600,1399-9-5
111,سفارس,سيمان فارس و خوزستان,3514,16087752,290347518440,17960,17970,17890,-70,-0.39,18050,90,0.5,17080,18600,1399-9-5
112,ورنا,سرمايه‌گذاري‌ رنا(هلدينگ‌,3504,50022580,458838240160,8780,8970,9210,430,4.9,9170,390,4.44,8500,9210,1399-9-5
113,آگاس,صندوق س.هستي بخش آگاه-س,3475,5084790,357211745788,69561,67995,70846,1285,1.85,70251,690,0.99,67900,71470,1399-9-5
114,كمند,صندوق س. با درآمد ثابت كمند,3442,153670894,1554383615000,10106,10114,10114,8,0.08,10115,9,0.09,10109,10123,1399-9-5
115,كرازي,كارخانجات‌توليدي‌شيشه‌رازي‌,3405,12148218,239977181370,20520,19900,19510,-1010,-4.92,19750,-770,-3.75,19500,20880,1399-9-5
116,ميهن,بيمه ميهن,3305,33000085,195913106392,6137,5900,5831,-306,-4.99,5937,-200,-3.26,5831,6266,1399-9-5
117,وملل,اعتباري ملل,3253,26699719,372494428795,14017,14000,14110,93,0.66,13951,-66,-0.47,13500,14210,1399-9-5
118,خريخت,صنايع‌ريخته‌گري‌ايران‌,3189,43990197,169474923560,3980,3820,3840,-140,-3.52,3850,-130,-3.27,3790,3950,1399-9-5
119,خكاوه,سايپا ديزل,3158,41111618,188611456754,4702,4600,4561,-141,-3.0,4588,-114,-2.42,4561,4702,1399-9-5
120,ثاخت,بين‌المللي‌توسعه‌ساختمان,3147,58333669,230825023060,3800,3820,3990,190,5.0,3960,160,4.21,3720,3990,1399-9-5
121,كيان,صندوق س. با درآمد ثابت كيان,3070,23329852,607988484390,26049,26066,26064,15,0.06,26061,12,0.05,26058,26067,1399-9-5
122,ماديرا,صنايع ماشين هاي اداري ايران,3019,9386431,283286640802,28901,29000,30346,1445,5.0,30180,1279,4.43,29000,30346,1399-9-5
123,ثباغ,شهر سازي و خانه سازي باغميشه,2986,6258546,165895299247,25393,26000,26662,1269,5.0,26507,1114,4.39,25393,26662,1399-9-5
124,كوثر,بيمه كوثر,2963,15392847,238679845880,14875,15618,15500,625,4.2,15506,631,4.24,14985,15618,1399-9-5
125,وليز,ليزينگ‌ايران‌,2962,18789101,156201866170,8090,8330,8330,240,2.97,8310,220,2.72,8100,8490,1399-9-5
126,قصفها,قنداصفهان‌,2959,1473605,336144887300,209370,216000,230300,20930,10.0,228110,18740,8.95,216000,230300,1399-9-5
127,سمگا,گروه سرمايه گذاري ميراث فرهنگي,2956,17856797,348373581826,20227,19900,19216,-1011,-5.0,19509,-718,-3.55,19216,20000,1399-9-5
128,پارسان,گسترش نفت و گاز پارسيان,2928,16211940,331626033320,20900,20020,20670,-230,-1.1,20460,-440,-2.11,19860,21100,1399-9-5
129,كروي,توسعه‌ معادن‌ روي‌ ايران‌,2924,6262563,182249988520,28760,27500,30150,1390,4.83,29100,340,1.18,27400,30150,1399-9-5
130,وهور,مديريت انرژي اميد  تابان هور,2892,6464988,260234825078,41049,40000,40450,-599,-1.46,40253,-796,-1.94,39057,41980,1399-9-5
131,كالا,بورس كالاي ايران,2880,5230548,197965414150,38030,36950,37700,-330,-0.87,37850,-180,-0.47,36310,39170,1399-9-5
132,كترام,توليدي‌ كاشي‌ تكسرام‌,2873,7498100,267315910710,34050,34000,35750,1700,4.99,35650,1600,4.7,33700,35750,1399-9-5
133,ارزش,صندوق س ارزش آفرين بيدار-سهام,2776,19139033,192781084420,10120,9820,10100,-20,-0.2,10070,-50,-0.49,9800,10240,1399-9-5
134,كهمداح,ح . شيشه‌ همدان‌,2753,7635196,82695378420,11090,11150,10790,-300,-2.71,10830,-260,-2.34,10240,11200,1399-9-5
135,آ س پ,آ.س.پ,2742,13908221,167418829037,11771,11900,12359,588,5.0,12037,266,2.26,11183,12359,1399-9-5
136,وصنعت,سرمايه گذاري توسعه صنعت وتجارت,2731,16788206,131201307270,7920,7660,7860,-60,-0.76,7820,-100,-1.26,7610,7980,1399-9-5
137,وبانك,سرمايه گذاري گروه توسعه ملي,2730,13092210,122650266910,9450,9190,9350,-100,-1.06,9370,-80,-0.85,9080,9590,1399-9-5
138,زاگرس,پتروشيمي زاگرس,2726,2107392,363522765403,166052,170000,174354,8302,5.0,172499,6447,3.88,166000,174354,1399-9-5
139,آريان,سرمايه گذاري پارس آريان,2703,48441414,759730189480,14978,15300,15726,748,4.99,15683,705,4.71,14988,15726,1399-9-5
140,ومهان,گروه توسعه مالي مهر آيندگان,2699,10566098,168162163468,15980,15450,16140,160,1.0,15915,-65,-0.41,15330,16370,1399-9-5
141,رانفور,خدمات‌انفورماتيك‌,2691,6114581,217845123860,35010,33610,35980,970,2.77,35630,620,1.77,33600,36480,1399-9-5
142,قاسم,قاسم ايران,2685,16863419,191890177189,11089,11055,11643,554,5.0,11379,290,2.62,10535,11643,1399-9-5
143,تسه9908,امتياز تسهيلات مسكن آبان99,2648,75387,50055957573,698045,668850,663143,-34902,-5.0,663987,-34058,-4.88,663143,690000,1399-9-5
144,خكرمان,گروه اقتصادي كرمان خودرو,2644,34375455,160782057204,4669,4670,4809,140,3.0,4677,8,0.17,4529,4809,1399-9-5
145,شصدف,صنعتي دوده فام,2638,92157,2281991634,23583,24762,24762,1179,5.0,23634,51,0.22,24762,24762,1399-9-5
146,مدير,ص.س.مديريت ثروت ص.بازنشستگي-س,2584,16519122,165938757066,10145,10000,10069,-76,-0.75,10045,-100,-0.99,9800,10200,1399-9-5
147,كگازح,ح . شيشه‌ و گاز,2569,9147451,192681237690,20640,20960,21440,800,3.88,21060,420,2.03,18580,21950,1399-9-5
148,وساپا,سرمايه‌گذاري‌ سايپا,2564,33579771,303849347850,8670,8990,9100,430,4.96,9050,380,4.38,8750,9100,1399-9-5
149,وصندوق,سرمايه‌گذاري‌صندوق‌بازنشستگي‌,2559,17060450,280391303830,17050,16950,16250,-800,-4.69,16440,-610,-3.58,16200,17400,1399-9-5
150,حتوكا,حمل‌ونقل‌توكا,2539,8309392,156565426480,18350,17660,19260,910,4.96,18840,490,2.67,17500,19260,1399-9-5
151,امين يكم,صندوق درآمد ثابت امين يكم فردا,2492,89618851,908937102870,10143,10150,10148,5,0.05,10142,-1,-0.01,10136,10151,1399-9-5
152,قرن,پديده شيمي قرن,2491,2110609,111281140170,53870,51590,53000,-870,-1.61,52720,-1150,-2.13,51590,54000,1399-9-5
153,زبينا,كشاورزي و دامپروري بينالود,2486,7533481,512513172772,61978,68175,68175,6197,10.0,68031,6053,9.77,63210,68175,1399-9-5
154,كساپا,سايپاشيشه‌,2475,8066496,212906098780,25480,26750,26750,1270,4.98,26390,910,3.57,24220,26750,1399-9-5
155,فاسمين,كالسيمين‌,2455,10750791,158847818370,14700,13990,14940,240,1.63,14780,80,0.54,13990,15200,1399-9-5
156,ارفع,شركت آهن و فولاد ارفع,2449,15206259,206710209890,13078,13080,13731,653,4.99,13594,516,3.95,13050,13731,1399-9-5
157,فروي,ذوب روي اصفهان,2438,2562861,144984609535,54257,56000,56969,2712,5.0,56571,2314,4.26,55000,56969,1399-9-5
158,زنگان,صنعت روي زنگان,2414,1188922,112234750117,98246,98250,93334,-4912,-5.0,94400,-3846,-3.91,93334,98250,1399-9-5
159,ساوه,سيمان ساوه,2406,1812804,95569214076,50209,52719,52719,2510,5.0,52719,2510,5.0,52719,52719,1399-9-5
160,دتوليد,داروسازي توليد دارو,2369,4384763,128636119920,29485,28930,29900,415,1.41,29337,-148,-0.5,28200,30120,1399-9-5
161,وبيمه,سرمايه‌ گذاري‌ صنعت‌ بيمه‌,2363,27269593,85196979930,3200,3040,3110,-90,-2.81,3120,-80,-2.5,3040,3230,1399-9-5
162,چكارن,كارتن‌ ايران‌,2363,26130762,90666159920,3420,3310,3560,140,4.09,3470,50,1.46,3280,3580,1399-9-5
163,دلقما,دارويي‌ لقمان‌,2349,4736916,138751436690,29530,30000,28610,-920,-3.12,29290,-240,-0.81,28370,30490,1399-9-5
164,كوير,توليدي فولاد سپيد فراب كوير,2343,7772429,130236709100,16650,16300,16500,-150,-0.9,16760,110,0.66,16300,17150,1399-9-5
165,چدن,توليدي چدن سازان,2312,19584333,591666735420,28800,30240,30240,1440,5.0,30210,1410,4.9,28700,30240,1399-9-5
166,لپيام,گسترش صنايع پيام,2306,9328299,224995104724,24080,23358,24802,722,3.0,24120,40,0.17,23358,24802,1399-9-5
167,مرقام,ايران‌ارقام‌,2302,7336354,159706429610,20950,21130,21990,1040,4.96,21770,820,3.91,20500,21990,1399-9-5
168,ونفت,سرمايه‌گذاري‌ صنعت‌ نفت‌,2283,10990451,151606810780,13690,13140,14140,450,3.29,13790,100,0.73,13100,14230,1399-9-5
169,دشيمي,شيمي‌ داروئي‌ داروپخش‌,2238,4050563,247862510670,64170,60970,60970,-3200,-4.99,61190,-2980,-4.64,60970,63540,1399-9-5
170,فپنتا,سپنتا,2237,710667,222872007620,309590,314500,320000,10410,3.36,313610,4020,1.3,295600,325060,1399-9-5
171,هاي وب,داده گسترعصرنوين-هاي وب,2225,13700161,341554362750,23870,23900,25060,1190,4.99,24930,1060,4.44,23760,25060,1399-9-5
172,خشرق,الكتريك‌ خودرو شرق‌,2167,13843013,246841226650,17180,18030,18030,850,4.95,17830,650,3.78,16330,18030,1399-9-5
173,كاوه,فولاد كاوه جنوب كيش,2150,16966524,318410119660,17990,18000,18880,890,4.95,18770,780,4.34,17740,18880,1399-9-5
174,غاذر,كشت‌وصنعت‌پياذر,2149,5000158,417952535640,79660,83640,83640,3980,5.0,83590,3930,4.93,79660,83640,1399-9-5
175,چكاوه,صنايع‌كاغذسازي‌كاوه‌,2147,4219383,124900922420,28420,28990,29840,1420,5.0,29600,1180,4.15,28500,29840,1399-9-5
176,وگردش,بانك گردشگري,2138,11429868,222293089000,19172,19747,19745,573,2.99,19448,276,1.44,18600,19747,1399-9-5
177,غويتا,ويتانا,2072,3275615,155733502891,49671,47188,47188,-2483,-5.0,47543,-2128,-4.28,47188,49000,1399-9-5
178,پاسا,ايران‌ياساتايرورابر,2035,8625465,221588603250,25030,23800,25600,570,2.28,25690,660,2.64,23790,26280,1399-9-5
179,تنوين,تامين سرمايه نوين,2017,29202880,196024459200,6430,6420,6750,320,4.98,6710,280,4.35,6270,6750,1399-9-5
180,ثمسكن,سرمايه‌گذاري‌ مسكن‌,2017,28973646,173246393160,5810,5820,6100,290,4.99,5980,170,2.93,5700,6100,1399-9-5
181,غگرجي,بيسكويت‌  گرجي‌,2015,5526324,178568028530,30820,32300,32360,1540,5.0,32310,1490,4.83,31440,32360,1399-9-5
182,وآوا,سرمايه گذاري آوا نوين,2004,11161479,158152966288,13624,13601,14305,681,5.0,14170,546,4.01,13601,14305,1399-9-5
183,غپينو,پارس‌ مينو,1983,19617335,128275269600,6300,6080,6610,310,4.92,6540,240,3.81,6070,6610,1399-9-5
184,ولغدر,ليزينگ‌خودروغدير,1975,11182406,217318270320,18600,19300,19530,930,5.0,19430,830,4.46,18600,19530,1399-9-5
185,رمپنا,گروه مپنا (سهامي عام),1975,6657761,124808332400,18760,17900,18600,-160,-0.85,18750,-10,-0.05,17900,19350,1399-9-5
186,سرو,صندوق س سروسودمند مدبران-سهام,1972,2446512,156605210750,63590,62950,64740,1150,1.81,64010,420,0.66,61720,64910,1399-9-5
187,كساوه,صنايع‌ كاشي‌ و سراميك‌ سينا,1967,3771095,277524784220,70240,73740,73750,3510,5.0,73590,3350,4.77,70300,73750,1399-9-5
188,وسينا,بانك سينا,1962,16695722,189472800830,10930,11100,11470,540,4.94,11350,420,3.84,10980,11470,1399-9-5
189,اميد,تامين سرمايه اميد,1956,13842038,141491264550,10050,10050,10550,500,4.98,10220,170,1.69,9550,10550,1399-9-5
190,شسپا,نفت سپاهان,1950,6505951,145861030870,22130,21650,22900,770,3.48,22420,290,1.31,21650,23000,1399-9-5
191,ولبهمن,شركت بهمن ليزينگ,1939,15762590,134010840059,8182,8186,8591,409,5.0,8502,320,3.91,8005,8591,1399-9-5
192,سپح,ح . پرداخت الكترونيك سامان كيش,1935,6252025,84420092510,12380,12980,13620,1240,10.02,13500,1120,9.05,12700,13620,1399-9-5
193,تماوند,تامين سرمايه دماوند,1930,10806302,141383632641,13218,13211,13020,-198,-1.5,13083,-135,-1.02,12650,13490,1399-9-5
194,آوا,صندوق س.سهام آواي معيار-س,1917,11781814,104767305998,8863,8633,8885,22,0.25,8892,29,0.33,8550,9059,1399-9-5
195,خوساز,محورسازان‌ايران‌خودرو,1908,15817275,112988897700,6940,7050,7280,340,4.9,7140,200,2.88,6860,7280,1399-9-5
196,اپرداز,آتيه داده پرداز,1903,4829933,128985536657,26589,26395,27000,411,1.55,26705,116,0.44,25301,27140,1399-9-5
197,تاصيكو,سرمايه گذاري صدرتامين,1900,11689537,117927701960,10080,9600,10090,10,0.1,10090,10,0.1,9580,10340,1399-9-5
198,غشصفا,شيرپاستوريزه‌پگاه‌اصفهان‌,1893,5592084,166345696810,31100,29550,29550,-1550,-4.98,29750,-1350,-4.34,29550,30990,1399-9-5
199,اعتماد,صندوق س.اعتماد آفرين پارسيان-د,1890,49343770,1653154261180,33487,33500,33520,33,0.1,33503,16,0.05,33500,33525,1399-9-5
200,زشگزا,شير و گوشت زاگرس شهركرد,1840,1703796,319313597410,170757,187800,187832,17075,10.0,187413,16656,9.75,178000,187832,1399-9-5
201,غالبر,لبنيات‌ كالبر,1837,7362580,93520715090,12330,11850,12940,610,4.95,12700,370,3.0,11720,12940,1399-9-5
202,بورس,بورس اوراق بهادار تهران,1788,2785853,142471270880,51450,51450,50700,-750,-1.46,51140,-310,-0.6,49150,52700,1399-9-5
203,خرينگ,رينگ‌سازي‌مشهد,1788,3384761,195841887870,55110,57860,57860,2750,4.99,57860,2750,4.99,57800,57860,1399-9-5
204,ريشمك,توليد و صادرات ريشمك,1780,2964800,127321177118,42577,43190,43598,1021,2.4,42944,367,0.86,40449,44200,1399-9-5
205,وبوعلي,سرمايه‌گذاري‌بوعلي‌,1756,10641414,68412229830,6490,6420,6400,-90,-1.39,6430,-60,-0.92,6350,6570,1399-9-5
206,فلوله,لوله‌وماشين‌سازي‌ايران‌,1744,5844216,122200520160,19990,20500,20980,990,4.95,20910,920,4.6,20100,20980,1399-9-5
207,حفارس,حمل و نقل بين المللي خليج فارس,1740,32547449,133058552750,3940,3820,4130,190,4.82,4090,150,3.81,3820,4130,1399-9-5
208,كفرآور,فرآورده هاي سيمان شرق,1731,16384698,300680385206,18252,17705,18799,547,3.0,18351,99,0.54,17705,18799,1399-9-5
209,حريل,ريل پردازسير,1705,19630818,75825110097,3735,3800,3921,186,4.98,3863,128,3.43,3620,3921,1399-9-5
210,توريل,توکاريل,1695,4431481,89751359673,20428,20900,19997,-431,-2.11,20253,-175,-0.86,19407,21120,1399-9-5
211,سمازن,سيمان‌مازندران‌,1678,9425101,97215660990,9880,10300,10370,490,4.96,10310,430,4.35,9390,10370,1399-9-5
212,طلا,صندوق س.پشتوانه طلاي لوتوس,1665,772771,61011245379,80664,80664,78097,-2567,-3.18,78951,-1713,-2.12,78034,80664,1399-9-5
213,تاپكيش,تجارت الكترونيك پارسيان كيش,1653,7161568,139030556138,18537,19400,19463,926,5.0,19413,876,4.73,18722,19463,1399-9-5
214,همراه,شركت ارتباطات سيار ايران,1648,3033767,101264976120,33670,32110,33780,110,0.33,33380,-290,-0.86,32110,34350,1399-9-5
215,پكوير,كوير تاير,1647,4703877,79879800930,17400,17200,17140,-260,-1.49,16980,-420,-2.41,16530,17500,1399-9-5
216,شغدير,پتروشيمي غدير,1647,4976066,260747927279,50335,48500,52851,2516,5.0,52400,2065,4.1,48300,52851,1399-9-5
217,خفنر,فنرسازي‌خاور,1634,4639992,83958121870,17890,17200,17910,20,0.11,18090,200,1.12,17000,18700,1399-9-5
218,وسكاب,س.ص.بازنشستگي كاركنان بانكها,1629,16405721,106409019440,6440,6360,6550,110,1.71,6490,50,0.78,6230,6640,1399-9-5
219,فزرين,زرين معدن آسيا,1628,6977426,155230155028,21293,22300,22357,1064,5.0,22247,954,4.48,21293,22357,1399-9-5
220,پاكشو,گروه صنعتي پاكشو,1597,1269458,113253437680,88940,85000,89700,760,0.85,89210,270,0.3,85000,90200,1399-9-5
221,غپاك,لبنيات‌ پاك‌,1590,10797617,167163077480,14840,15000,15580,740,4.99,15480,640,4.31,14840,15580,1399-9-5
222,شكلر,نيروكلر,1573,3724403,190757078380,49290,47100,51750,2460,4.99,51220,1930,3.92,47100,51750,1399-9-5
223,شفن,پتروشيمي فناوران,1539,377127,105437894560,288830,288820,276010,-12820,-4.44,279580,-9250,-3.2,274500,294000,1399-9-5
224,كبافق,معادن‌ بافق‌,1535,2148782,74861895130,35530,34000,35270,-260,-0.73,34840,-690,-1.94,33760,36450,1399-9-5
225,شبهرن,نفت‌ بهران‌,1517,2601814,160084820800,61960,59410,62090,130,0.21,61530,-430,-0.69,58870,63000,1399-9-5
226,چفيبر,فيبر ايران‌,1505,13330017,88890064480,6540,6220,6860,320,4.89,6670,130,1.99,6220,6860,1399-9-5
227,فباهنر,مس‌ شهيدباهنر,1498,1612721,82200499810,51260,48720,51000,-260,-0.51,50970,-290,-0.57,48720,53000,1399-9-5
228,بكام,كارخانجات توليدي شهيد قندي,1479,35061976,147395309430,4020,4000,4220,200,4.98,4200,180,4.48,4000,4220,1399-9-5
229,هرمز,فولاد هرمزگان جنوب,1477,13075172,160600321306,11781,11800,12370,589,5.0,12283,502,4.26,11600,12370,1399-9-5
230,آسيا,بيمه آسيا,1463,7423390,218188023850,28190,27200,29590,1400,4.97,29390,1200,4.26,27200,29590,1399-9-5
231,وسپه,سرمايه‌گذاري‌ سپه‌,1458,5989975,83192538920,14020,13350,13900,-120,-0.86,13890,-130,-0.93,13330,14400,1399-9-5
232,فجر,فولاد اميركبيركاشان,1450,1974083,120015647390,58810,58990,61280,2470,4.2,60800,1990,3.38,58000,61550,1399-9-5
233,كيميا,معدني كيمياي زنجان گستران,1444,1815866,47209412502,25753,26790,26080,327,1.27,25959,206,0.8,25200,26790,1399-9-5
234,لوتوس,تامين سرمايه لوتوس پارسيان,1438,6851592,110885550870,15710,16440,16300,590,3.76,16180,470,2.99,15550,16440,1399-9-5
235,تايرا,تراكتورسازي‌ايران‌,1437,8607578,232601984460,26360,25500,27670,1310,4.97,27020,660,2.5,25050,27670,1399-9-5
236,غفارس,شير پاستوريزه پگاه فارس,1406,7338346,67613117214,8956,9300,9403,447,4.99,9214,258,2.88,8612,9403,1399-9-5
237,دزهراوي,داروسازي‌زهراوي‌,1395,8666642,100964790860,11170,11390,11720,550,4.92,11650,480,4.3,11170,11720,1399-9-5
238,وگستر,گسترش سرمايه گذاري ايرانيان,1378,6077585,134189300984,21514,20440,22589,1075,5.0,22079,565,2.63,20440,22589,1399-9-5
239,خمهر,مهركام‌پارس‌,1366,13823395,90263170880,6300,6400,6610,310,4.92,6530,230,3.65,6320,6610,1399-9-5
240,كلر,كلر پارس,1347,663725,37967285728,56622,54060,57301,679,1.2,57032,410,0.72,54060,58750,1399-9-5
241,كاذرح,ح . فرآورده‌هاي‌نسوزآذر,1347,4244581,75709527040,16820,17010,17610,790,4.7,17840,1020,6.06,17000,18480,1399-9-5
242,خموتور,موتورسازان‌تراكتورسازي‌ايران‌,1335,10700242,109281731500,9930,10150,10420,490,4.93,10210,280,2.82,9440,10420,1399-9-5
243,خديزل,بهمن  ديزل,1332,3500332,175301460483,48199,50608,50608,2409,5.0,50081,1882,3.9,48500,50608,1399-9-5
244,وآذر,سرمايه‌گذاري‌توسعه‌آذربايجان‌,1329,824759,103220682250,124890,129000,128900,4010,3.21,125150,260,0.21,122040,129800,1399-9-5
245,كاذر,فرآورده‌هاي‌نسوزآذر,1327,4028612,82243615520,19630,20550,20610,980,4.99,20410,780,3.97,19700,20610,1399-9-5
246,شپاكسا,پاكسان‌,1309,9133324,268383724270,28030,29430,29430,1400,4.99,29390,1360,4.85,26630,29430,1399-9-5
247,فسپا,گروه‌صنعتي‌سپاهان‌,1305,2445092,105818831440,44360,42150,43200,-1160,-2.61,43280,-1080,-2.43,42150,44990,1399-9-5
248,سدور,سيمان‌ دورود,1305,6158486,54373058900,8630,8790,9010,380,4.4,8830,200,2.32,8360,9010,1399-9-5
249,شپديس,پتروشيمي پرديس,1301,3097925,322950894190,101030,104000,106080,5050,5.0,104250,3220,3.19,99320,106080,1399-9-5
250,شاراك,پتروشيمي شازند,1289,6965122,139902611070,20260,19880,20270,10,0.05,20090,-170,-0.84,19260,20990,1399-9-5
251,قشكر,شكرشاهرود,1282,2005336,86935437260,41460,43520,43530,2070,4.99,43350,1890,4.56,41460,43530,1399-9-5
252,وصنا,گروه‌صنايع‌بهشهرايران‌,1278,11993977,162954735930,13160,13710,13810,650,4.94,13590,430,3.27,12580,13810,1399-9-5
253,جم,پتروشيمي جم,1276,3115174,132805216350,41540,39510,43610,2070,4.98,42630,1090,2.62,39510,43610,1399-9-5
254,شپترو,پتروشيمي آبادان,1273,22534365,94110736409,4097,4020,4219,122,2.98,4176,79,1.93,3990,4219,1399-9-5
255,كسرا,سراميك‌هاي‌صنعتي‌اردكان‌,1268,5781953,143259229160,23680,24700,24860,1180,4.98,24780,1100,4.65,23770,24860,1399-9-5
256,وزمين,بانك ايران زمين,1263,12350093,156272547598,12897,12640,12640,-257,-1.99,12654,-243,-1.88,12640,12900,1399-9-5
257,وايران,ليزينگ ايرانيان,1260,10521507,103161767770,9390,9820,9850,460,4.9,9800,410,4.37,9420,9850,1399-9-5
258,خراسان,پتروشيمي خراسان,1254,763862,52502000230,66760,67700,70090,3330,4.99,68730,1970,2.95,65010,70090,1399-9-5
259,ثالوند,سرمايه گذاري مسكن الوند,1252,6546298,94752194410,13931,13990,14627,696,5.0,14474,543,3.9,13500,14627,1399-9-5
260,آپ,آسان پرداخت پرشين,1244,4869308,85030724940,16750,17200,17580,830,4.96,17460,710,4.24,16900,17580,1399-9-5
261,زكوثر,سرمايه گذاري كشاورزي كوثر,1240,2188218,45164819520,19660,20640,20640,980,4.98,20470,810,4.12,20640,20640,1399-9-5
262,وخاور,بانك خاورميانه,1224,23907064,246216164650,10010,9580,10510,500,5.0,10300,290,2.9,9580,10510,1399-9-5
263,قزوين,كارخانجات‌ قند قزوين‌,1223,1756440,79183485250,44410,42300,45700,1290,2.9,45080,670,1.51,42300,46480,1399-9-5
264,كاردان,صندوق س تجارت شاخصي كاردان,1217,660422,112906793510,170250,166500,172150,1900,1.12,170960,710,0.42,164000,173070,1399-9-5
265,افق,فروشگاههاي زنجيره اي افق كوروش,1213,2231791,170732011500,72860,76500,76500,3640,5.0,76500,3640,5.0,76500,76500,1399-9-5
266,سپاها,سيمان‌سپاهان‌,1213,8954304,76287200730,8130,8530,8530,400,4.92,8520,390,4.8,8320,8530,1399-9-5
267,ثشرق,سرمايه گذاري مسكن شمال شرق,1207,16933718,87958445270,4970,5000,5210,240,4.83,5190,220,4.43,5000,5210,1399-9-5
268,غمينو,شركت صنايع غذايي مينو شرق,1206,9061188,95250589443,10199,9690,10708,509,4.99,10512,313,3.07,9690,10708,1399-9-5
269,حبندر,دريايي و کشتيراني خط دريابندر,1205,3666354,98998667239,25726,27012,27012,1286,5.0,27002,1276,4.96,26498,27012,1399-9-5
270,خچرخش,چرخشگر,1200,4456919,85929398320,20290,19280,19280,-1010,-4.98,19280,-1010,-4.98,19280,19280,1399-9-5
271,تيپيكو,سرمايه گذاري دارويي تامين,1199,1223866,72665194130,60500,57510,59000,-1500,-2.48,59710,-790,-1.31,57510,60490,1399-9-5
272,دتوزيع,توزيع دارو پخش,1199,719597,37535814272,50909,51800,52539,1630,3.2,51749,840,1.65,50000,53000,1399-9-5
273,فيروزه,صندوق شاخص30 شركت فيروزه- سهام,1198,644400,110242108530,171170,166900,172430,1260,0.74,171080,-90,-0.05,164000,173000,1399-9-5
274,غبشهر,صنعتي‌ بهشهر,1196,5336270,127542680970,24400,24000,24190,-210,-0.86,23900,-500,-2.05,23180,24780,1399-9-5
275,ولانا,شركت ليزينگ آريا دانا,1194,5585125,100628028397,18533,17978,17980,-553,-2.98,18017,-516,-2.78,17978,18498,1399-9-5
276,تكشا,گسترش‌صنايع‌وخدمات‌كشاورزي‌,1183,1380776,96562049780,71860,71900,68270,-3590,-5.0,69930,-1930,-2.69,68270,72300,1399-9-5
277,رتاپح,ح.تجارت الكترونيك پارسيان,1178,5609145,25452246020,4500,4370,4600,100,2.22,4540,40,0.89,4300,4620,1399-9-5
278,پارسيان,بيمه پارسيان,1165,10760255,146961190960,13080,13660,13730,650,4.97,13660,580,4.43,12920,13730,1399-9-5
279,سنير,سيمان‌ سفيد ني‌ريز,1164,544540,52052504490,91230,95700,95790,4560,5.0,95110,3880,4.25,93000,95790,1399-9-5
280,حآسا,آسيا سير ارس,1157,7601850,147751380431,18612,18221,19542,930,5.0,19436,824,4.43,17682,19542,1399-9-5
281,حتايد,تايدواترخاورميانه,1153,3859928,77151497240,19220,18800,20180,960,4.99,19990,770,4.01,18400,20180,1399-9-5
282,اتكام,شركت بيمه اتكايي امين,1151,6790730,42333824196,6053,6024,6300,247,4.08,6216,163,2.69,6024,6345,1399-9-5
283,ملت,بيمه ملت,1133,6552901,93859798370,13790,14300,14470,680,4.93,14320,530,3.84,13200,14470,1399-9-5
284,تاپكيشح,ح.تجارت الكترونيك پارسيان كيش,1116,4880885,56498400411,11116,11490,11671,555,4.99,11575,459,4.13,11116,11671,1399-9-5
285,شساخت,مهندسي و ساختمان صنايع نفت,1111,3152781,116620259474,36933,37000,38040,1107,3.0,36990,57,0.15,35826,38040,1399-9-5
286,شرانل,نفت ايرانول,1110,2891007,96233866894,31971,31280,33569,1598,5.0,33287,1316,4.12,30450,33569,1399-9-5
287,وسبحان,سرمايه گذاري سبحان,1104,7046526,59537794907,8481,8545,8440,-41,-0.48,8449,-32,-0.38,8260,8600,1399-9-5
288,شپارس,بين‌ المللي‌ محصولات‌  پارس‌,1103,9217308,133977421620,13890,14000,14580,690,4.97,14540,650,4.68,13800,14580,1399-9-5
289,سشرق,سيمان‌ شرق‌,1102,13511544,85717654050,6050,6350,6350,300,4.96,6340,290,4.79,6130,6350,1399-9-5
290,غدشت,دشت‌ مرغاب‌,1097,481502,125776304740,249770,262240,262250,12480,5.0,261220,11450,4.58,250000,262250,1399-9-5
291,كرماشا,صنايع پتروشيمي كرمانشاه,1084,1891050,75335492460,39480,39000,40060,580,1.47,39840,360,0.91,38010,40500,1399-9-5
292,بميلا,توسعه بازرگاني آهن وفولادميلاد,1082,4122332,96353540094,24406,23700,23186,-1220,-5.0,23374,-1032,-4.23,23186,24300,1399-9-5
293,دامين,داروسازي‌ امين‌,1075,5691342,80691233850,13620,13760,14300,680,4.99,14180,560,4.11,13260,14300,1399-9-5
294,سرچشمه,سرمايه گذاري مس سرچشمه,1068,5914815,46490648476,7698,7360,7978,280,3.64,7848,150,1.95,7360,7988,1399-9-5
295,دكوثر,داروسازي‌ كوثر,1068,2568795,53953091260,20230,20510,21240,1010,4.99,20980,750,3.71,20230,21240,1399-9-5
296,رتاپ,تجارت الكترونيك  پارسيان,1067,5306277,34324266990,6360,6450,6560,200,3.14,6430,70,1.1,6260,6580,1399-9-5
297,ومعلم,بيمه معلم,1064,15824791,117767868530,7090,7444,7444,354,4.99,7442,352,4.96,7201,7444,1399-9-5
298,رنيك,جنرال مكانيك,1061,4870221,116381363196,22821,23780,23962,1141,5.0,23897,1076,4.71,23000,23962,1399-9-5
299,دتماد,توليدمواداوليه‌داروپخش‌,1031,1067298,54379373500,52300,49710,50430,-1870,-3.58,50990,-1310,-2.5,49710,52670,1399-9-5
300,وسين,بيمه سينا,1027,7524729,167375957784,21227,22287,22288,1061,5.0,22243,1016,4.79,21619,22288,1399-9-5
301,شنفت,نفت‌ پارس‌,1016,909379,54516682080,62090,59000,59160,-2930,-4.72,60140,-1950,-3.14,58990,62200,1399-9-5
302,فمراد,آلومراد,1015,746041,82730318580,106900,101700,112240,5340,5.0,110890,3990,3.73,101700,112240,1399-9-5
303,واتي,سرمايه‌ گذاري‌ آتيه‌ دماوند,1004,4156014,55750159890,13340,13150,13340,0,0.0,13410,70,0.52,12810,13890,1399-9-5
304,درازك,دارويي‌ رازك‌,1001,3824462,154190487030,38640,39200,40570,1930,4.99,40320,1680,4.35,38200,40570,1399-9-5
305,قشرين,قند شيرين خراسان,997,3460069,70854718943,19927,20190,20524,597,3.0,20478,551,2.77,19350,20524,1399-9-5
306,ستران,سيمان‌ تهران‌,992,2691032,93972582760,33380,34980,35040,1660,4.97,34920,1540,4.61,33700,35040,1399-9-5
307,وكادو,تكادو,992,3106342,54043152628,17178,16700,17613,435,2.53,17398,220,1.28,16671,17640,1399-9-5
308,پرديس,سرمايه گذاري پرديس,990,7535195,52879513890,6980,6740,7070,90,1.29,7020,40,0.57,6660,7190,1399-9-5
309,ختراك,ريخته‌گري‌ تراكتورسازي‌ ايران‌,982,4499490,44995519620,9530,9790,10200,670,7.03,9950,420,4.41,9620,10250,1399-9-5
310,زقيام,كشت و دام قيام اصفهان,974,3235956,149261706456,41933,46126,46126,4193,10.0,46126,4193,10.0,46126,46126,1399-9-5
311,بالبر,كابل‌ البرز,970,3006753,66511873400,21600,20530,22680,1080,5.0,22120,520,2.41,20520,22680,1399-9-5
312,وتوسم,سرمايه‌گذاري‌توسعه‌ملي‌,969,3774225,46524889340,12420,12580,12260,-160,-1.29,12330,-90,-0.72,12020,12700,1399-9-5
313,شوينده,مديريت صنعت شوينده ت.ص.بهشهر,966,1832364,72793537700,38420,37500,40340,1920,5.0,39730,1310,3.41,36800,40340,1399-9-5
314,دانا,بيمه دانا,946,6401028,38986244800,6060,5980,6110,50,0.83,6080,20,0.33,5810,6250,1399-9-5
315,شكربن,كربن‌ ايران‌,943,1140471,90278407220,81880,79160,77830,-4050,-4.95,79160,-2720,-3.32,77790,82500,1399-9-5
316,ضخود1044,اختيارخ خودرو-4000-1399/10/07,939,31182,14147844000,456,420,431,-25,-5.48,454,-2,-0.44,403,490,1399-9-5
317,كپشيرح,ح . پشم‌شيشه‌ايران‌,935,3997330,44687814031,11232,11010,11260,28,0.25,11179,-53,-0.47,10520,11650,1399-9-5
318,وتوصا,گروه س توسعه صنعتي ايران,929,6638617,85422484540,12260,12870,12870,610,4.98,12870,610,4.98,12480,12870,1399-9-5
319,وپترو,سرمايه‌گذاري صنايع پتروشيمي‌,899,7999854,135207452030,16210,16700,17020,810,5.0,16900,690,4.26,15410,17020,1399-9-5
320,شاوان,پالايش نفت لاوان,892,2263362,227816905364,97076,93020,101929,4853,5.0,100654,3578,3.69,93015,101929,1399-9-5
321,ولصنم,ليزينگ‌صنعت‌ومعدن‌,885,7335348,60843482250,8000,7810,8400,400,5.0,8290,290,3.63,7660,8400,1399-9-5
322,تكنار,مجتمع معادن مس تكنار,873,1224854,106112170668,86457,83864,89050,2593,3.0,86633,176,0.2,83864,89050,1399-9-5
323,فولاژ,فولاد آلياژي ايران,870,2679685,60883732750,22550,21650,23000,450,2.0,22720,170,0.75,21440,23150,1399-9-5
324,بخاور,بيمه زندگي خاورميانه,869,5848619,46982777592,8012,7612,8080,68,0.85,8032,20,0.25,7612,8280,1399-9-5
325,عيار,صندوق س. پشتوانه طلاي مفيد,846,974653,26532232794,27963,28000,27160,-803,-2.87,27222,-741,-2.65,27020,28000,1399-9-5
326,شدوص,دوده‌ صنعتي‌ پارس‌,843,1639370,35814980330,22080,21500,21630,-450,-2.04,21900,-180,-0.82,21300,22550,1399-9-5
327,وبشهر,توسعه‌ صنايع‌ بهشهر(هلدينگ,843,3674191,60603890600,16360,16950,16600,240,1.47,16490,130,0.79,16020,16950,1399-9-5
328,تپولا,مهندسي مرآت پولاد,838,2114773,57994275138,26672,27000,27472,800,3.0,27423,751,2.82,26672,27472,1399-9-5
329,سصفها,سيمان‌اصفهان‌,837,672685,131747186960,187250,191000,196610,9360,5.0,195850,8600,4.59,185000,196610,1399-9-5
330,اعتلا,شركت سرمايه گذاري اعتلاء البرز,837,3411653,27423048703,7999,7820,8125,126,1.58,8022,23,0.29,7700,8300,1399-9-5
331,پارند,صندوق س. پارند پايدار سپهر,837,29911187,341099136840,11402,11403,11419,17,0.15,11404,2,0.02,11400,11430,1399-9-5
332,گوهران,سرمايه گذاري توسعه گوهران اميد,818,4865602,39259896020,8180,8000,8140,-40,-0.49,8096,-84,-1.03,7860,8250,1399-9-5
333,سخوز,سيمان خوزستان,818,2782073,60986334050,22190,21090,22050,-140,-0.63,21920,-270,-1.22,21090,22420,1399-9-5
334,فخاس,فولاد خراسان,813,1240130,36079257750,29810,28320,29000,-810,-2.72,29530,-280,-0.94,28320,30400,1399-9-5
335,ختراكح,ح . ريخته‌گري‌ تراكتورسازي‌,807,3602924,31600474700,8170,8220,9040,870,10.65,8770,600,7.34,8220,9040,1399-9-5
336,ساروم,سيمان‌اروميه‌,796,2062289,51192043320,25100,23950,25270,170,0.68,24830,-270,-1.08,23850,25670,1399-9-5
337,شخارك,پتروشيمي‌ خارك‌,796,1180127,48597086800,41040,39250,41740,700,1.71,41110,70,0.17,39250,42600,1399-9-5
338,رتكو,كنترل‌خوردگي‌تكين‌كو,794,3110339,52030489530,16870,16450,16800,-70,-0.41,16740,-130,-0.77,16050,17550,1399-9-5
339,كمينا,شيشه سازي مينا,793,1919206,57749629127,28679,30112,30112,1433,5.0,30090,1411,4.92,28777,30112,1399-9-5
340,فسازان,غلتك سازان سپاهان,789,4091251,105470527580,24740,25450,25970,1230,4.97,25780,1040,4.2,24900,25970,1399-9-5
341,اطلس,صندوق س.توسعه اندوخته آينده-س,788,171823,33390891146,193738,194000,196000,2262,1.17,194333,595,0.31,188000,197000,1399-9-5
342,كلوند,كاشي‌ الوند,782,1984553,46023613970,22790,22010,23210,420,1.84,23150,360,1.58,22010,23750,1399-9-5
343,ثنوسا,نوسازي‌وساختمان‌تهران‌,781,11917495,112875042590,9100,9400,9550,450,4.95,9470,370,4.07,9100,9550,1399-9-5
344,ساراب,سيمان‌ داراب‌,779,2314822,27289599990,11440,11950,12010,570,4.98,11620,180,1.57,11200,12010,1399-9-5
345,دابور,داروسازي‌ ابوريحان‌,776,967404,46188725870,47430,45260,48290,860,1.81,47710,280,0.59,45260,48340,1399-9-5
346,غچين,كشت‌ و صنعت‌ چين‌ چين,774,662212,28545934350,45100,44900,43010,-2090,-4.63,43850,-1250,-2.77,42850,44900,1399-9-5
347,بكاب,صنايع‌جوشكاب‌يزد,772,252447,64818310000,245170,255000,257420,12250,5.0,256760,11590,4.73,245000,257420,1399-9-5
348,پسهند,صنايع‌ لاستيكي‌  سهند,770,1402521,52508281280,39310,40500,37350,-1960,-4.99,37440,-1870,-4.76,37350,40500,1399-9-5
349,شجم,صنايع پتروشيمي تخت جمشيد,763,6810408,54346566989,8201,7955,7955,-246,-3.0,7980,-221,-2.69,7955,8200,1399-9-5
350,شبصير,توليدات پتروشيمي قائد بصير,759,801017,75237492561,90308,90308,93400,3092,3.42,93927,3619,4.01,88200,94823,1399-9-5
351,بكهنوج,توليد برق ماهتاب كهنوج,758,7141009,21273065811,3135,2979,2979,-156,-4.98,3082,-53,-1.69,2979,2979,1399-9-5
352,قلرست,قند لرستان‌,757,1154533,27311700490,24340,24340,24080,-260,-1.07,24000,-340,-1.4,23130,24600,1399-9-5
353,فرآور,فرآوري‌موادمعدني‌ايران‌,754,2220344,42921958760,19730,18910,19300,-430,-2.18,19360,-370,-1.88,18800,20200,1399-9-5
354,كشرق,صنعتي و معدني شمال شرق شاهرود,743,659872,46119856532,69052,71500,70450,1398,2.02,69783,731,1.06,67000,72200,1399-9-5
355,بنيرو,نيروترانس‌,742,898864,42096514650,49130,46680,47270,-1860,-3.79,46980,-2150,-4.38,46680,48990,1399-9-5
356,ومعادنح,ح . توسعه‌معادن‌وفلزات‌,735,29612389,342571741690,12000,12300,11560,-440,-3.67,11570,-430,-3.58,11560,12300,1399-9-5
357,قمرو,قند مرودشت‌,734,1128928,30360908120,26170,24870,27470,1300,4.97,26740,570,2.18,24870,27470,1399-9-5
358,حپترو,حمل و نقل پتروشيمي( سهامي عام,733,1130552,29181459510,25500,25770,26770,1270,4.98,25720,220,0.86,24230,26770,1399-9-5
359,دالبر,البرزدارو,730,1815787,38048430250,20810,20600,21060,250,1.2,20910,100,0.48,19800,21490,1399-9-5
360,خفولا,خدمات فني فولاد يزد,728,2238480,70766716865,30109,31610,31614,1505,5.0,31614,1505,5.0,31603,31614,1399-9-5
361,فاما,صنعتي‌ آما,727,1303179,33949485310,25550,24350,26400,850,3.33,25910,360,1.41,24350,26550,1399-9-5
362,دسانكو,داروسازي سبحان انكولوژي,721,2194480,34230226827,15566,15450,15381,-185,-1.19,15586,20,0.13,15250,15900,1399-9-5
363,خمحور,توليدمحورخودرو,719,1060506,68082729590,64850,64000,64220,-630,-0.97,64200,-650,-1.0,62250,66000,1399-9-5
364,كنور,توسعه معدني و صنعتي صبانور,717,1150899,48552288280,41800,41000,42400,600,1.44,42120,320,0.77,39910,43390,1399-9-5
365,مداران,داده‌پردازي‌ايران‌,714,1823375,38984183980,20580,20600,21600,1020,4.96,21210,630,3.06,20000,21600,1399-9-5
366,وتوشه,سرمايه‌ گذاري‌ پارس‌ توشه‌,712,2602578,57847460210,22150,21080,22000,-150,-0.68,22230,80,0.36,21080,23090,1399-9-5
367,دفارا,داروسازي‌ فارابي‌,705,952283,59106974400,61310,61600,63070,1760,2.87,62070,760,1.24,59000,63950,1399-9-5
368,غمهراح,ح . توليدي‌مهرام‌,701,1307970,64266843110,48320,47630,49100,780,1.61,49130,810,1.68,43490,53150,1399-9-5
369,شگل,گلتاش‌,695,2558008,61665689480,23250,23050,24410,1160,4.99,24110,860,3.7,22680,24410,1399-9-5
370,شراز,پالايش نفت شيراز,687,957786,88737911406,89041,90000,93493,4452,5.0,92649,3608,4.05,90000,93493,1399-9-5
371,پارس,پتروشيمي پارس,684,1420243,212993399940,147370,147370,151540,4170,2.83,149970,2600,1.76,144230,152900,1399-9-5
372,شتوكا,توكا رنگ فولاد سپاهان,682,1257802,48503281283,36757,38540,38594,1837,5.0,38251,1494,4.06,38000,38594,1399-9-5
373,غگلستا,شير پاستوريزه پگاه گلستان,682,1554920,22412314152,14556,13950,14425,-131,-0.9,14496,-60,-0.41,13830,14835,1399-9-5
374,ركيش,كارت اعتباري ايران كيش,668,2938470,47205915960,15970,16270,16220,250,1.57,16050,80,0.5,15750,16270,1399-9-5
375,سرود,سيمان‌شاهرود,668,3679371,50713094750,14070,14490,13810,-260,-1.85,13790,-280,-1.99,13540,14490,1399-9-5
376,كپشير,پشم‌شيشه‌ايران‌,664,2461745,41066976760,16390,16750,16740,350,2.14,16620,230,1.4,15850,17190,1399-9-5
377,شتولي,تولي‌پرس‌,663,1697202,40004067618,23609,24000,23441,-168,-0.71,23571,-38,-0.16,23137,24081,1399-9-5
378,شپاس,نفت پاسارگاد,658,1426507,26258446471,18528,18420,18395,-133,-0.72,18460,-68,-0.37,17660,18990,1399-9-5
379,دكيمي,كيميدارو,657,1653529,41515208470,22000,24200,25410,3410,15.5,24150,2150,9.77,24200,25410,1399-9-5
380,غپونه,نوش پونه مشهد,648,2437495,45269423396,16479,19000,18500,2021,12.26,18572,2093,12.7,18430,19570,1399-9-5
381,دسبحا,گروه دارويي سبحان,646,2880119,52083235360,17350,16850,18210,860,4.96,18050,700,4.03,16800,18210,1399-9-5
382,دعبيد,لابراتوارداروسازي‌  دكترعبيدي‌,640,760987,21675753180,28070,28800,28500,430,1.53,28240,170,0.61,27980,28820,1399-9-5
383,واميد,گروه مديريت سرمايه گذاري اميد,638,1368956,51391165850,37460,35600,37150,-310,-0.83,37490,30,0.08,35600,38200,1399-9-5
384,كفرا,فراورده‌ هاي‌ نسوزايران‌,633,764020,38562775740,50130,49310,50100,-30,-0.06,50400,270,0.54,49310,51880,1399-9-5
385,لپارس,پارس‌ الكتريك‌,631,1368669,192243247740,133780,140460,140460,6680,4.99,140460,6680,4.99,140460,140460,1399-9-5
386,حخزر,كشتيراني درياي خزر,622,1547235,37828450298,25417,25600,24220,-1197,-4.71,24778,-639,-2.51,24147,25600,1399-9-5
387,سهگمت,سيمان‌هگمتان‌,619,1433032,31915386250,23240,23100,22100,-1140,-4.91,22630,-610,-2.62,22080,23100,1399-9-5
388,سدبير,س. تدبيرگران فارس وخوزستان,618,2568720,84906651127,31881,32700,33475,1594,5.0,33054,1173,3.68,30500,33475,1399-9-5
389,ما,بيمه  ما,617,12359477,95533713240,7380,7580,7740,360,4.88,7730,350,4.74,7400,7740,1399-9-5
390,سفانو,سيمان فارس نو,615,1523331,44816591090,28120,29060,29520,1400,4.98,29220,1100,3.91,28580,29520,1399-9-5
391,كاريس,صندوق س.سپهر كاريزما-س,614,279491,55475776682,198182,194500,199010,828,0.42,198489,307,0.15,192000,200900,1399-9-5
392,سفاسي,شركت فارسيت اهواز,610,2827443,31090820278,10681,11001,11001,320,3.0,10996,315,2.95,10778,11001,1399-9-5
393,داوه,داروسازي آوه سينا,595,2641003,41405424781,15056,15000,15808,752,4.99,15548,492,3.27,14950,15808,1399-9-5
394,غصينو,صنعتي مينو,594,1543050,90052398000,55581,58360,58360,2779,5.0,58063,2482,4.47,58360,58360,1399-9-5
395,غشاذر,پگاه‌آذربايجان‌غربي‌,591,2186232,41163743490,17970,18860,18860,890,4.95,18710,740,4.12,18020,18860,1399-9-5
396,سشمال,سيمان‌ شمال‌,588,2130231,17471237990,8210,8340,8210,0,0.0,8210,0,0.0,7800,8450,1399-9-5
397,زدشت,كشت و صنعت دشت خرم دره,580,3707888,180284930336,44202,48622,48622,4420,10.0,48622,4420,10.0,48622,48622,1399-9-5
398,پرداخت,به پرداخت ملت,576,982564,43691062270,42650,43800,44780,2130,4.99,44160,1510,3.54,42520,44780,1399-9-5
399,زر,صندوق س.پشتوانه سكه طلاي زر,574,396842,18711801433,48339,47299,47015,-1324,-2.74,47152,-1187,-2.46,47000,47899,1399-9-5
400,سلار,شركت سيمان لارستان,573,1613300,47822314552,29298,30176,30176,878,3.0,29643,345,1.18,28420,30176,1399-9-5
401,كمنگنز,معادن‌منگنزايران‌,568,272698,24497579630,91050,86800,89750,-1300,-1.43,90460,-590,-0.65,86800,92000,1399-9-5
402,بپاس,بيمه پاسارگاد,560,1101929,84027595895,72624,76255,76255,3631,5.0,75384,2760,3.8,76255,76255,1399-9-5
403,ولشرق,ليزينگ ايران و شرق,556,6751617,42319706108,5972,6270,6270,298,4.99,6209,237,3.97,6170,6270,1399-9-5
404,ولملت,واسپاري ملت,539,2191203,22234429350,10110,10110,10150,40,0.4,10130,20,0.2,9900,10400,1399-9-5
405,غپآذر,شير پگاه آذربايجان شرقي,530,973860,48916703830,48527,46130,50953,2426,5.0,50230,1703,3.51,46130,50953,1399-9-5
406,جم پيلن,پلي پروپيلن جم - جم پيلن,525,816011,67214011920,82710,84970,82050,-660,-0.8,82370,-340,-0.41,80600,84970,1399-9-5
407,بساما,بيمه سامان,524,1699964,45440813336,25503,26778,26778,1275,5.0,26569,1066,4.18,25672,26778,1399-9-5
408,سغرب,سيمان‌غرب‌,517,1667766,29570969430,18060,18400,17550,-510,-2.82,17870,-190,-1.05,17320,18400,1399-9-5
409,ضصاد1102,اختيارخ وبصادر-3500-1399/11/12,516,16362,9082344000,506,500,560,54,10.67,555,49,9.68,461,590,1399-9-5
410,واعتبار,سرمايه گذاري اعتبار ايران,510,9719650,49763313760,4890,5130,5130,240,4.91,5100,210,4.29,4950,5130,1399-9-5
411,ضجار1016,اختيارخ وتجارت-4000-1399/10/21,500,20824,7778102000,344,354,392,48,13.95,374,30,8.72,333,400,1399-9-5
412,آساس,صندوق س.آسمان آرماني سهام-س,496,355132,58716321894,163594,155952,165000,1406,0.86,165337,1743,1.07,155952,168400,1399-9-5
413,شيراز,پتروشيمي‌شيراز,496,1336747,70641481160,52430,52980,54000,1570,2.99,52730,300,0.57,50260,54160,1399-9-5
414,غشهد,شهد ايران ‌,495,4233337,29077624460,6570,6780,6890,320,4.87,6720,150,2.28,6600,6890,1399-9-5
415,دارو,كارخانجات‌داروپخش‌,494,254057,14383250250,55140,57770,56400,1260,2.29,55530,390,0.71,54000,57770,1399-9-5
416,وكار,بانك‌ كارآفرين‌,493,6850020,25605659610,3770,3830,3710,-60,-1.59,3750,-20,-0.53,3660,3870,1399-9-5
417,كپرور,فرآوري زغال سنگ پروده طبس,493,1135111,47865910260,40702,39000,42737,2035,5.0,42112,1410,3.46,39000,42737,1399-9-5
418,سكه0012پ01,سكه تمام بهارتحويلي 1روزه رفاه,483,126700,135627323500,1093734,1080000,1068500,-25234,-2.31,1070460,-23274,-2.13,1060000,1086000,1399-9-5
419,ساينا,صنايع بهداشتي ساينا,483,100294,19199490214,186353,189000,190810,4457,2.39,188161,1808,0.97,186355,195000,1399-9-5
420,مبين,مبين انرژي خليج فارس,481,2199746,48097374800,21860,22190,21730,-130,-0.59,21860,0,0.0,21110,22270,1399-9-5
421,سخاش,سيمان‌خاش‌,476,157331,13565634690,83020,84900,86000,2980,3.59,83810,790,0.95,79000,86960,1399-9-5
422,وپخش,داروپخش‌ (هلدينگ‌,471,330463,42695123310,126580,129890,131900,5320,4.2,128590,2010,1.59,121000,132870,1399-9-5
423,كطبس,ذغال‌سنگ‌ نگين‌ ط‌بس‌,468,1049698,57244164020,52060,54000,54660,2600,4.99,54530,2470,4.74,53000,54660,1399-9-5
424,سباقر,سيمان باقران,462,1417992,20126900142,13880,13505,14296,416,3.0,14184,304,2.19,13505,14296,1399-9-5
425,ضفلا1155,اختيارخ فولاد-14000-1399/11/28,458,14074,26797270000,1601,1501,2340,739,46.16,1904,303,18.93,1501,2600,1399-9-5
426,وسلرستا,شركت س استان لرستان,458,18007688,15438786220,890,850,850,-40,-4.49,880,-10,-1.12,850,880,1399-9-5
427,كخاك,صنايع‌خاك‌چيني‌ايران‌,457,670200,27061396570,42050,40020,41500,-550,-1.31,41100,-950,-2.26,39950,41750,1399-9-5
428,افق ملت,صندوق س در سهام افق ملت,455,189938,24636932280,130100,126350,130840,740,0.57,129710,-390,-0.3,126000,131540,1399-9-5
429,گوهر,صندوق سكه طلاي كيان,454,5307809,292351643899,55757,55000,54500,-1257,-2.25,55080,-677,-1.21,54500,55999,1399-9-5
430,وسنا,سرمايه گذاري نيروگاهي ايران,451,1982665,23567025744,12144,11670,11800,-344,-2.83,11887,-257,-2.12,11537,12570,1399-9-5
431,بفجر,فجر انرژي خليج فارس,450,875296,24651768990,28510,28010,28550,40,0.14,28390,-120,-0.42,27350,28800,1399-9-5
432,دسينا,داروسازي‌ سينا,448,1186248,32349978070,26080,27380,27380,1300,4.98,26790,710,2.72,26560,27380,1399-9-5
433,سكارون,سيمان كارون,446,444190,61683975329,134854,138899,138899,4045,3.0,138868,4014,2.98,136000,138899,1399-9-5
434,غمهرا,توليدي‌مهرام‌,444,473157,24400854360,50980,53520,51350,370,0.73,51250,270,0.53,50890,53520,1399-9-5
435,بنو,بيمه تجارت نو,440,24175046,536686021200,18952,22200,22200,3248,17.14,22200,3248,17.14,22200,22200,1399-9-5
436,مارون,پتروشيمي مارون,435,218422,27410716752,126706,123800,125995,-711,-0.56,126368,-338,-0.27,123800,128500,1399-9-5
437,ثعتما,س. ساختماني اعتماد گستر,433,547438,21276060888,37853,38000,38988,1135,3.0,38794,941,2.49,38000,38988,1399-9-5
438,وشهر,بانك شهر,433,11787728,82089737792,6697,6964,6964,267,3.99,6964,267,3.99,6964,6964,1399-9-5
439,تملتح,ح . تامين سرمايه بانك ملت,416,1810099,14480792000,8000,8000,8000,0,0.0,8000,0,0.0,8000,8000,1399-9-5
440,كخاكح,ح . صنايع‌خاك‌چيني‌ايران‌,411,912814,32772283100,36760,36900,36200,-560,-1.52,35900,-860,-2.34,35000,38000,1399-9-5
441,وآرين,شركت توسعه اقتصادي آرين,409,3232159,18593060582,5619,5760,5787,168,2.99,5731,112,1.99,5559,5787,1399-9-5
442,بمپنا,توليد برق عسلويه  مپنا,408,261993,23869280798,87083,90900,91437,4354,5.0,88981,1898,2.18,87020,91437,1399-9-5
443,وبهمن,سرمايه‌گذاري‌بهمن‌,408,7058081,122740028590,16570,17390,17390,820,4.95,17390,820,4.95,17390,17390,1399-9-5
444,دجابر,داروسازي‌ جابرابن‌حيان‌,399,582039,19868726160,34330,33210,34100,-230,-0.67,34250,-80,-0.23,32850,34840,1399-9-5
445,ضفلا1156,اختيارخ فولاد-16000-1399/11/28,393,9468,11404023000,857,980,1350,493,57.53,1204,347,40.49,980,1429,1399-9-5
446,ضسپا1104,اختيارخ خساپا-3000-1399/11/26,391,16799,7865989000,445,435,472,27,6.07,468,23,5.17,435,500,1399-9-5
447,سيستم,همكاران سيستم,390,1608257,48468097770,28820,29090,30260,1440,5.0,30050,1230,4.27,29090,30260,1399-9-5
448,شلعاب,لعابيران‌,388,2672403,20684399220,7380,7740,7740,360,4.88,7530,150,2.03,7740,7740,1399-9-5
449,سكرما,سيمان‌ كرمان‌,379,2121379,29651677980,13870,13870,13770,-100,-0.72,13930,60,0.43,13350,14390,1399-9-5
450,وهنر,گروه توسعه هنر ايران,377,3024267,12262320370,4156,4050,4090,-66,-1.59,4093,-63,-1.52,4032,4150,1399-9-5
451,واحصا,احياء صنايع خراسان,374,1083185,24734932996,23405,23300,23490,85,0.36,22835,-570,-2.44,22703,23499,1399-9-5
452,آتيمس,صندوق س.آرمان آتيه درخشان مس-س,372,141635,29298964023,204337,200003,208499,4162,2.04,206862,2525,1.24,200000,209000,1399-9-5
453,اوان,مبين وان كيش,369,817475,48880803101,58617,60000,60290,1673,2.85,59795,1178,2.01,58380,60500,1399-9-5
454,ثفارس,عمران‌وتوسعه‌فارس‌,362,4577539,33965339380,7070,7420,7420,350,4.95,7290,220,3.11,7420,7420,1399-9-5
455,ضصاد1104,اختيارخ وبصادر-4500-1399/11/12,362,15102,3179783000,210,190,220,10,4.76,211,1,0.48,190,240,1399-9-5
456,شزنگ,تجهيزنيروي‌زنگان‌,356,340161,51292537029,143609,150789,150789,7180,5.0,150789,7180,5.0,150789,150789,1399-9-5
457,فنفت,صنايع تجهيزات نفت,353,3080289,41247876099,13282,13500,13680,398,3.0,13391,109,0.82,12884,13680,1399-9-5
458,هجرت,پخش هجرت,351,781500,49685520843,60630,63100,63661,3031,5.0,63166,2536,4.18,60200,63661,1399-9-5
459,والبر,سرمايه‌ گذاري‌ البرز(هلدينگ‌,349,1701189,30944627910,17330,18190,18190,860,4.96,17770,440,2.54,18190,18190,1399-9-5
460,ديران,ايران‌دارو,345,1983332,46370302160,22270,23380,23380,1110,4.98,23090,820,3.68,23380,23380,1399-9-5
461,سجام,مجتمع سيمان غرب آسيا,345,1887735,27032290408,14233,14400,14495,262,1.84,14320,87,0.61,14250,14650,1399-9-5
462,سهرمز,سيمان‌هرمزگان‌,344,1747767,30970575530,16910,17380,17750,840,4.97,17360,450,2.66,17190,17750,1399-9-5
463,فلات,گروه صنايع معادن فلات ايرانيان,339,1724682,25696150175,14855,14420,14962,107,0.72,14899,44,0.3,14410,15254,1399-9-5
464,ضخود1042,اختيارخ خودرو-3000-1399/10/07,336,10745,11918750000,1073,1050,1040,-33,-3.08,1109,36,3.36,1000,1179,1399-9-5
465,خزر,فنرسازي‌زر,336,2067034,40865262180,18830,19770,19770,940,4.99,19480,650,3.45,19770,19770,1399-9-5
466,وسناح,ح. سرمايه گذاري نيروگاهي ايران,332,3134365,29183788926,9595,9308,9308,-287,-2.99,9311,-284,-2.96,9308,9559,1399-9-5
467,وملي,گروه‌ صنعتي‌ ملي‌ (هلدينگ‌,323,68750,20991437500,321400,305330,305330,-16070,-5.0,313350,-8050,-2.5,305330,305330,1399-9-5
468,كيسون,شركت كيسون,322,4502315,59286483920,13575,13168,13168,-407,-3.0,13168,-407,-3.0,13168,13168,1399-9-5
469,وسديد,گروه ‌صنعتي‌سديد,321,782815,15513044855,20429,19817,19817,-612,-3.0,20128,-301,-1.47,19817,19817,1399-9-5
470,كاسپين,داروسازي كاسپين تامين,317,850746,21794660488,24609,25350,25839,1230,5.0,25028,419,1.7,24503,25839,1399-9-5
471,آكورد,صندوق س. آرمان آتي كوثر-د,307,9774837,288340818092,29481,29498,29508,27,0.09,29498,17,0.06,29485,29518,1399-9-5
472,سكه9912پ04,سكه تمام بهارتحويل1روزه صادرات,307,66600,71156624900,1094038,1092839,1063444,-30594,-2.8,1068418,-25620,-2.34,1060000,1092839,1399-9-5
473,خلنت,لنت‌ ترمزايران‌,303,158540,12059410670,79590,75620,75620,-3970,-4.99,78650,-940,-1.18,75620,77770,1399-9-5
474,سپ,پرداخت الكترونيك سامان كيش,301,2428365,38950974600,15280,16040,16040,760,4.97,15790,510,3.34,16040,16040,1399-9-5
475,سپاس2,صندوق س. پاداش سهامداري توسعه1,297,29700000,29700000,10109,1,1,-10108,-99.99,1,-10108,-99.99,1,1,1399-9-5
476,فايرا,آلومينيوم‌ايران‌,295,1939436,46507675280,22840,23980,23980,1140,4.99,23720,880,3.85,23980,23980,1399-9-5
477,شلرد,كود شيميايي اوره لردگان,292,4681433,39867083428,8268,8516,8516,248,3.0,8516,248,3.0,8516,8516,1399-9-5
478,ضجار1014,اختيارخ وتجارت-3000-1399/10/21,288,7831,7636589000,947,857,1015,68,7.18,975,28,2.96,830,1016,1399-9-5
479,شفا,سرمايه گذاري شفادارو,285,161312,8580999400,54850,52470,53900,-950,-1.73,54560,-290,-0.53,52470,54840,1399-9-5
480,شپلي,پلي اكريل ايران,284,2441637,16966935513,6747,6949,6949,202,2.99,6897,150,2.22,6949,6949,1399-9-5
481,سبجنو,سيمان‌ بجنورد,282,364339,11881987820,31230,32470,32740,1510,4.84,31540,310,0.99,31550,32790,1399-9-5
482,بايكا,كارخانجات كابلسازي ‌ايران‌,276,513242,23439762140,44340,45670,45670,1330,3.0,45670,1330,3.0,45670,45670,1399-9-5
483,آرمان,بيمه آرمان,276,8721493,77516582084,8630,8888,8888,258,2.99,8888,258,2.99,8887,8888,1399-9-5
484,داسوه,داروسازي‌ اسوه‌,266,461106,12225565540,26050,26400,27000,950,3.65,26160,110,0.42,24750,27110,1399-9-5
485,دارا,صندوق س. دارا الگوريتم-د,264,6083271,60855266192,10001,10005,10011,10,0.1,10004,3,0.03,9999,10011,1399-9-5
486,بالاس,مهندسي ساختمان تاسيسات راه آهن,263,547424,28640676256,49828,52319,52319,2491,5.0,51195,1367,2.74,52319,52319,1399-9-5
487,سامان,بانك سامان,263,4078429,42803112355,9996,10495,10495,499,4.99,10438,442,4.42,10495,10495,1399-9-5
488,لابسا,آبسال‌,256,619791,20958832430,32220,33830,33830,1610,5.0,32840,620,1.92,33000,33830,1399-9-5
489,دكپسول,توليد ژلاتين كپسول ايران,256,819450,30007382355,34881,36625,36625,1744,5.0,35810,929,2.66,36450,36625,1399-9-5
490,حپارسا,توسعه حمل و نقل ريلي پارسيان,252,2560464,81633631753,30388,31300,31907,1519,5.0,31882,1494,4.92,31300,31907,1399-9-5
491,زعف0008پ11,زعفران0008نگين سحرخيز(پ),250,274121,34130030483,123412,124500,124300,888,0.72,124507,1095,0.89,122500,125289,1399-9-5
492,نيرو,نيرو سرمايه,246,609698,26606757338,43174,41879,44469,1295,3.0,43639,465,1.08,41879,44469,1399-9-5
493,نمرينو,ايران‌ مرينوس‌,246,407125,23809795990,55980,58770,58770,2790,4.98,57130,1150,2.05,53200,58770,1399-9-5
494,ثتران,سرمايه گذاري مسكن تهران,241,2759931,13369105764,4614,4844,4844,230,4.98,4676,62,1.34,4844,4844,1399-9-5
495,زنجان,صنايع كشاورزي وكود زنجان,238,3001960,23235170400,7372,7740,7740,368,4.99,7739,367,4.98,7740,7740,1399-9-5
496,دپارس,پارس‌ دارو,237,104285,10990287990,108540,103730,105000,-3540,-3.26,107790,-750,-0.69,103730,108500,1399-9-5
497,وسكرمان,س.سهام عدالت استان كرمان,236,4877626,4982721190,990,1030,1030,40,4.04,990,0,0.0,970,1030,1399-9-5
498,زمگسا,كشاورزي‌ ودامپروي‌ مگسال‌,235,1769746,69444833040,35680,39240,39240,3560,9.98,39240,3560,9.98,39240,39240,1399-9-5
499,تسه9907,امتياز تسهيلات مسكن مهر99,234,3594,2497135269,729894,703874,693400,-36494,-5.0,694807,-35087,-4.81,693400,726321,1399-9-5
500,قهكمت,قندهكمتان‌,232,4113904,214992623040,49780,52260,52260,2480,4.98,52260,2480,4.98,52260,52260,1399-9-5
501,خصدرا,صنعتي‌ دريايي‌ ايران‌,230,1199809,5922257224,5088,4936,4936,-152,-2.99,5071,-17,-0.33,4936,4936,1399-9-5
502,سبهان,سيمان‌ بهبهان‌,228,178703,9421454650,52300,53400,53000,700,1.34,52380,80,0.15,51160,53400,1399-9-5
503,وآفري,بيمه كارآفرين,227,904607,12676381657,14186,14010,14099,-87,-0.61,14076,-110,-0.78,13762,14396,1399-9-5
504,دروز,داروسازي‌ روزدارو,221,469811,7491410550,16450,16400,16000,-450,-2.74,16370,-80,-0.49,15630,16400,1399-9-5
505,شصفها,پتروشيمي‌ اصفهان‌,218,304823,28373229663,91256,93081,93081,1825,2.0,93081,1825,2.0,93081,93081,1399-9-5
506,كهمدا,شيشه‌ همدان‌,217,3362863,40488870520,11470,12040,12040,570,4.97,11850,380,3.31,12040,12040,1399-9-5
507,ولراز,ليزينگ رازي,212,453583,14334738232,30686,31603,31606,920,3.0,31263,577,1.88,30691,31606,1399-9-5
508,غبهنوش,بهنوش‌ ايران‌,211,498815,38269086800,69750,76720,76720,6970,9.99,73620,3870,5.55,76720,76720,1399-9-5
509,كسرام,پارس‌ سرام‌,205,3658068,26959961160,7020,7370,7370,350,4.99,7190,170,2.42,7370,7370,1399-9-5
510,قپيرا,فرآورده‌هاي‌غدايي‌وقندپيرانشهر,203,62529,5361007940,87810,85010,85980,-1830,-2.08,87580,-230,-0.26,84650,87760,1399-9-5
511,غمارگ,مارگارين‌,203,1156835,37828504500,31150,32700,32700,1550,4.98,32050,900,2.89,32700,32700,1399-9-5
512,وحافظ,بيمه حافظ,199,433298,23554945876,56043,54362,54362,-1681,-3.0,54362,-1681,-3.0,54362,54362,1399-9-5
513,ضجار1017,اختيارخ وتجارت-4500-1399/10/21,194,10773,2416100000,199,199,231,32,16.08,224,25,12.56,199,250,1399-9-5
514,زفكا,كشت و دامداري فكا,187,1524151,78150842525,48834,51275,51275,2441,5.0,51275,2441,5.0,51275,51275,1399-9-5
515,قشهد,شهد,185,309103,8997657750,28760,28800,29300,540,1.88,28820,60,0.21,28020,29490,1399-9-5
516,سيمرغ,سيمرغ,184,677305,11053617600,15550,16320,16320,770,4.95,15710,160,1.03,16320,16320,1399-9-5
517,گپارس,امور رفاهي كارگزاران پارس,181,108341,13652934938,127118,125000,130931,3813,3.0,126324,-794,-0.62,123305,130931,1399-9-5
518,ثاصفا,شركت‌ ساختمان‌ اصفهان‌,179,741646,23245410578,29851,31343,31343,1492,5.0,31343,1492,5.0,31343,31343,1399-9-5
519,سصوفي,سيمان‌ صوفيان‌,176,465344,6533429760,13380,14040,14040,660,4.93,13460,80,0.6,14040,14040,1399-9-5
520,بهپاك,صنعتي بهپاك,174,1608371,61026420853,36137,37943,37943,1806,5.0,37876,1739,4.81,37943,37943,1399-9-5
521,پخش,پخش البرز,173,1446857,57428648044,37802,39692,39692,1890,5.0,39682,1880,4.97,39692,39692,1399-9-5
522,ضپاس1002,اختيارخ وپارس-3000-1399/10/30,172,6328,7745035000,1164,1294,1201,37,3.18,1224,60,5.15,1141,1319,1399-9-5
523,زشريف,كشت وصنعت شريف آباد,171,856628,19709297024,21913,23008,23008,1095,5.0,22300,387,1.77,23008,23008,1399-9-5
524,سيدكو,سرمايه گذاري توسعه صنايع سيمان,167,2414000,18563660000,7330,7690,7690,360,4.91,7450,120,1.64,7690,7690,1399-9-5
525,لبوتان,گروه‌صنعتي‌بوتان‌,166,345954,22815666300,62810,65950,65950,3140,5.0,64150,1340,2.13,65950,65950,1399-9-5
526,ضپاس1005,اختيارخ وپارس-4500-1399/10/30,166,7581,2832685000,362,360,390,28,7.73,374,12,3.31,320,400,1399-9-5
527,صايند,صندوق س. گنجينه آينده روشن-د,162,3191910,32199422940,10053,10065,10100,47,0.47,10088,35,0.35,10060,10103,1399-9-5
528,وتعاون,بيمه  تعاون,162,4473098,29329889742,6380,6499,6571,191,2.99,6557,177,2.77,6321,6571,1399-9-5
529,فلامي,لاميران‌,161,297275,11201322000,35890,37680,37680,1790,4.99,36250,360,1.0,37680,37680,1399-9-5
530,وسهمدا,شركت س استان همدان,158,2973005,2587922340,900,870,890,-10,-1.11,900,0,0.0,860,900,1399-9-5
531,كفپارس,فرآورده‌هاي‌ نسوز پارس‌,158,408826,3536344900,9100,8650,8650,-450,-4.95,9070,-30,-0.33,8650,8650,1399-9-5
532,تسه9906,امتياز تسهيلات مسكن شهريور99,156,2191,1544718170,726442,690120,690120,-36322,-5.0,705029,-21413,-2.95,690120,730000,1399-9-5
533,ياقوت,صندوق س ياقوت آگاه-ثابت,152,3640029,41394328433,11358,11350,11390,32,0.28,11372,14,0.12,11345,11390,1399-9-5
534,سخزر,سيمان‌ خزر,150,300139,7563502800,24000,25200,25200,1200,5.0,24160,160,0.67,25200,25200,1399-9-5
535,زكشت,كشاورزي مكانيزه اصفهان كشت,147,559749,17334307032,29494,30968,30968,1474,5.0,29946,452,1.53,30968,30968,1399-9-5
536,سكه0011پ02,سكه تمام بهارتحويلي 1روزه ملت,146,21300,22788689700,1089921,1082404,1062000,-27921,-2.56,1069891,-20030,-1.84,1060001,1082404,1399-9-5
537,سقاين,سيمان‌ قائن‌,145,143923,5734273670,39740,40000,39550,-190,-0.48,39750,10,0.03,39350,41260,1399-9-5
538,دسبحان,سبحان دارو,145,1251620,25370337400,19310,20270,20270,960,4.97,19740,430,2.23,20270,20270,1399-9-5
539,تسه9709,امتياز تسهيلات مسكن آذر97,142,1777,1178110638,695069,661000,665000,-30069,-4.33,662977,-32092,-4.62,660316,699998,1399-9-5
540,ددام,داروسازي زاگرس فارمد پارس,142,801681,10590206010,12590,13210,13210,620,4.92,12710,120,0.95,13210,13210,1399-9-5
541,وجامي,سرمايه گذاري جامي,137,1457065,12699778540,8985,8716,8716,-269,-2.99,8716,-269,-2.99,8716,8716,1399-9-5
542,ضخود1045,اختيارخ خودرو-4500-1399/10/07,135,5592,1694465000,301,309,300,-1,-0.33,303,2,0.66,281,338,1399-9-5
543,وتوكا,سرمايه‌گذاري‌توكافولاد(هلدينگ,133,1688255,17811090250,10050,10550,10550,500,4.98,10210,160,1.59,10550,10550,1399-9-5
544,دلر,داروسازي‌ اكسير,133,322052,37406339800,110620,116150,116150,5530,5.0,114230,3610,3.26,116150,116150,1399-9-5
545,ثقزوي,شركت عمران و سازندگي قزوين,129,268821,6913538478,26513,25718,25718,-795,-3.0,26206,-307,-1.16,25718,25718,1399-9-5
546,درهآور,دارويي ره آورد تامين,129,435723,15588861771,34074,35777,35777,1703,5.0,34554,480,1.41,35777,35777,1399-9-5
547,ضچاد1015,اختيارخ كچاد-16000-1399/10/02,127,736,3189859000,4776,4331,4200,-576,-12.06,4334,-442,-9.25,3851,5050,1399-9-5
548,كي بي سي,شركت كي بي سي,126,1535220,44559658675,27643,29025,29025,1382,5.0,28788,1145,4.14,29000,29025,1399-9-5
549,وثنو,سرمايه گذاري ساختماني نوين,126,1194314,16315523554,13011,13661,13661,650,5.0,13523,512,3.94,13661,13661,1399-9-5
550,شاملا,معدني‌ املاح‌  ايران‌,126,63829,3780079020,61030,57980,58870,-2160,-3.54,60880,-150,-0.25,57980,60080,1399-9-5
551,سپاس,صندوق س. پاداش سهامداري توسعه1,125,3316526,33546793055,10109,10112,10111,2,0.02,10115,6,0.06,10110,10118,1399-9-5
552,وسگيلا,شركت س استان گيلان,125,3588066,3092355990,900,860,860,-40,-4.44,900,0,0.0,860,880,1399-9-5
553,اتكاي,بيمه اتكايي ايرانيان,124,1322653,18076698551,13017,13667,13667,650,4.99,13230,213,1.64,13667,13667,1399-9-5
554,ضخود1043,اختيارخ خودرو-3500-1399/10/07,119,3013,2276904000,736,749,710,-26,-3.53,756,20,2.72,700,790,1399-9-5
555,وسرمد,بيمه  سرمد,116,1088152,6882561400,6141,6325,6325,184,3.0,6197,56,0.91,6325,6325,1399-9-5
556,كصدف,كاشي صدف سرام استقلال آباده,115,531629,10397060853,18988,19557,19557,569,3.0,19268,280,1.47,19556,19557,1399-9-5
557,ضجار1015,اختيارخ وتجارت-3500-1399/10/21,115,4986,3366421000,616,700,698,82,13.31,675,59,9.58,600,714,1399-9-5
558,فيروزا,صندوق بادرآمد ثابت فيروزه آسيا,115,1551739,33046230805,21273,21348,21379,106,0.5,21296,23,0.11,21257,21379,1399-9-5
559,فنورد,نوردوقطعات‌ فولادي‌,111,282846,49096408680,165320,173580,173580,8260,5.0,172070,6750,4.08,173580,173580,1399-9-5
560,تسه9905,امتياز تسهيلات مسكن مرداد99,110,2534,1865283300,748926,711480,711480,-37446,-5.0,736102,-12824,-1.71,711480,770000,1399-9-5
561,الماس,صندوق س.امين تدبيرگران فردا-س,106,40209,4558620727,113797,115894,113755,-42,-0.04,113373,-424,-0.37,110000,115894,1399-9-5
562,كگهر,سنگ آهن گهرزمين,105,55295,2407378415,41464,43537,43537,2073,5.0,41503,39,0.09,43537,43537,1399-9-5
563,وملت,سرمايه گذاري ملت,105,597273,2588581182,4422,4334,4334,-88,-1.99,4398,-24,-0.54,4334,4334,1399-9-5
564,تسه9904,امتياز تسهيلات مسكن تير99,103,1214,840861393,721944,685847,685847,-36097,-5.0,692637,-29307,-4.06,685847,750000,1399-9-5
565,صنوين,صندوق سرمايه‌گذاري صنوين-مختلط,101,46901,4821605820,103210,103000,102300,-910,-0.88,102800,-410,-0.4,102020,103200,1399-9-5
566,اخزا815,اسنادخزانه-م15بودجه98-010406,100,279172,208174052539,740680,741000,747700,7020,0.95,745684,5004,0.68,741000,748000,1399-9-5
567,تسه9710,امتياز تسهيلات مسكن دي 97,97,1756,1190540703,706506,681000,671355,-35151,-4.98,677984,-28522,-4.04,671181,685000,1399-9-5
568,چافست,افست‌,96,146452,3191189080,22930,21790,21790,-1140,-4.97,22850,-80,-0.35,21790,21790,1399-9-5
569,سفار,سيمان‌فارس‌,93,68262,5460277380,84200,79990,79990,-4210,-5.0,83700,-500,-0.59,79990,79990,1399-9-5
570,تكنو,تكنوتار,93,1389694,19969902780,15120,14370,14370,-750,-4.96,14800,-320,-2.12,14370,14370,1399-9-5
571,غگلپا,شير پاستوريزه پگاه گلپايگان,91,160341,11010616470,72284,68670,68670,-3614,-5.0,71421,-863,-1.19,68670,68670,1399-9-5
572,تسه9903,امتياز تسهيلات مسكن خرداد99,91,1370,961712375,719299,683335,683335,-35964,-5.0,701980,-17319,-2.41,683335,750000,1399-9-5
573,ولتجار,واسپاري تجارت وسرمايه ايرانيان,91,1013450,6013812300,5762,5934,5934,172,2.99,5814,52,0.9,5934,5934,1399-9-5
574,سدشت,صنايع سيمان دشتستان,90,35768,1353604470,38060,38240,38340,280,0.74,38050,-10,-0.03,36160,38600,1399-9-5
575,بزاگرس,نيروگاه زاگرس كوثر,90,427241,5713921134,14077,13374,13374,-703,-4.99,13992,-85,-0.6,13374,13374,1399-9-5
576,ضپاس1003,اختيارخ وپارس-3500-1399/10/30,90,2989,2643529000,863,880,906,43,4.98,884,21,2.43,801,945,1399-9-5
577,شكبير,پتروشيمي اميركبير,90,189188,10132337631,54147,52800,53501,-646,-1.19,54069,-78,-0.14,52524,54797,1399-9-5
578,زگلدشت,كشت و دام گلدشت نمونه اصفهان,89,1150713,43537226355,36034,37835,37835,1801,5.0,37396,1362,3.78,37835,37835,1399-9-5
579,زعف0008پ10,زعفران0008نگين طلاي سرخ(پ),88,34214,4230949407,122192,124000,125000,2808,2.3,123661,1469,1.2,122000,127000,1399-9-5
580,زماهان,مجتمع توليد گوشت مرغ ماهان,87,323224,7780971352,22927,24073,24073,1146,5.0,23085,158,0.69,24073,24073,1399-9-5
581,اخزا814,اسنادخزانه-م14بودجه98-010318,87,133274,102896115766,755064,755064,760000,4936,0.65,772064,17000,2.25,755064,780000,1399-9-5
582,سكه0112پ03,سكه تمام بهارتحويلي1روزه سامان,85,17700,18922657500,1094560,1081000,1051000,-43560,-3.98,1069077,-25483,-2.33,1051000,1082979,1399-9-5
583,ضخود1048,اختيارخ خودرو-7000-1399/10/07,83,4682,173544000,39,40,35,-4,-10.26,37,-2,-5.13,35,40,1399-9-5
584,ضصاد1101,اختيارخ وبصادر-3000-1399/11/12,82,2470,2276741000,837,700,929,92,10.99,922,85,10.16,700,949,1399-9-5
585,فولاي,صنايع فولاد آلياژي يزد,80,169319,5802731449,36074,34271,34271,-1803,-5.0,35761,-313,-0.87,34271,34271,1399-9-5
586,سپر,صندوق س سپر سرمايه بيدار- ثابت,79,352816,3659169474,10362,10370,10385,23,0.22,10371,9,0.09,10361,10385,1399-9-5
587,ضسپا1103,اختيارخ خساپا-2500-1399/11/26,79,2765,2214359000,796,800,799,3,0.38,801,5,0.63,777,830,1399-9-5
588,بذر,صندوق س بذر اميد آفرين-سهام,78,36054,3824720330,105940,105000,106900,960,0.91,106080,140,0.13,104900,106900,1399-9-5
589,دقاضي,داروسازي شهيد قاضي,76,56938,4719102060,85432,82870,82870,-2562,-3.0,84803,-629,-0.74,82870,84420,1399-9-5
590,كقزوي,شيشه‌ قزوين‌,75,311675,2297356425,7598,7371,7371,-227,-2.99,7565,-33,-0.43,7371,7371,1399-9-5
591,زعف0008پ05,زعفران0008نگين زرين(پ),75,45879,5692152648,122283,122311,124503,2220,1.82,124069,1786,1.46,122300,126000,1399-9-5
592,تسه9711,امتياز تسهيلات مسكن بهمن 97,75,1088,755637186,718640,690010,682708,-35932,-5.0,694519,-24121,-3.36,682708,710000,1399-9-5
593,آبين,كشت و صنعت آبشيرين,73,2376737,8477820879,3464,3567,3567,103,2.97,3502,38,1.1,3567,3567,1399-9-5
594,افران,صندوق س افرا نماد پايدار-ثابت,73,923055,11197349417,12115,12120,12140,25,0.21,12131,16,0.13,12120,12140,1399-9-5
595,ضصاد1100,اختيارخ وبصادر-2500-1399/11/12,73,1434,1826051000,1264,1300,1261,-3,-0.24,1273,9,0.71,1200,1399,1399-9-5
596,دمعيار,صندوق س. توازن معيار-د,72,1968765,19725596491,10015,10020,10020,5,0.05,10019,4,0.04,10010,10028,1399-9-5
597,ضفلا1154,اختيارخ فولاد-12000-1399/11/28,72,1321,5071456000,3056,3000,3920,864,28.27,3839,783,25.62,3000,3990,1399-9-5
598,ثجوان,تامين مسكن جوانان,72,1776246,12627332814,6771,7109,7109,338,4.99,6968,197,2.91,7109,7109,1399-9-5
599,ضملي1152,اختيارخ فملي-18252-1399/11/05,71,1527,1422644000,651,899,950,299,45.93,932,281,43.16,800,999,1399-9-5
600,وبرق,س.کارکنان صنعت برق زنجان وقزوي,69,63559,11120918230,169874,174970,174970,5096,3.0,172460,2586,1.52,174970,174970,1399-9-5
601,وارس,سرمايه گذاري ارس صبا,66,267227,23207061588,84315,86844,86844,2529,3.0,86844,2529,3.0,86844,86844,1399-9-5
602,گكيش,توريستي ورفاهي آبادگران كيش,64,85058,5090210952,61694,59844,59844,-1850,-3.0,61181,-513,-0.83,59844,59844,1399-9-5
603,ثرود,سرمايه‌گذاري مسكن زاينده رود,64,2101988,24126618264,12082,11478,11478,-604,-5.0,11763,-319,-2.64,11478,11478,1399-9-5
604,ثنور,سرمايه گذاري كوه نور,63,437189,3070378347,7240,7023,7023,-217,-3.0,7205,-35,-0.48,7023,7023,1399-9-5
605,تصميم,صندوق س با درآمد ثابت تصميم,62,480532,7186612074,14960,14975,14973,13,0.09,14956,-4,-0.03,14941,14980,1399-9-5
606,اخزا818,اسنادخزانه-م18بودجه98-010614,62,53040,37875197037,710573,708052,714490,3917,0.55,714087,3514,0.49,708052,714990,1399-9-5
607,وسصفا,شركت س استان اصفهان,62,2719886,2801482580,990,1030,1030,40,4.04,990,0,0.0,1030,1030,1399-9-5
608,ضفار1125,اختيارخ فارس-17826-1399/11/07,62,1025,1014978000,469,469,500,31,6.61,495,26,5.54,469,510,1399-9-5
609,ثغرب,شركت سرمايه گذاري مسكن شمالغرب,61,2122211,25873996512,12833,12192,12192,-641,-4.99,12469,-364,-2.84,12192,12192,1399-9-5
610,آساميد,صندوق س.مشترك آسمان اميد -د,60,2202830,24371929907,11059,11057,11062,3,0.03,11064,5,0.05,11057,11072,1399-9-5
611,كيان2,صندوق س. با درآمد ثابت كيان,60,6000000,6000000,26049,1,1,-26048,-100.0,1,-26048,-100.0,1,1,1399-9-5
612,ضترا1118,اختيارخ شتران-12000-1399/11/14,59,489,1616058000,2717,2020,3650,933,34.34,3305,588,21.64,2020,3698,1399-9-5
613,تسه9712,امتياز تسهيلات مسكن اسفند97,59,468,323323117,716813,690010,681001,-35812,-5.0,690861,-25952,-3.62,681000,709987,1399-9-5
614,پارتا,مجتمع‌صنعتي‌آرتاويل‌تاير,58,45143,2633281476,61402,58332,58332,-3070,-5.0,61114,-288,-0.47,58332,58332,1399-9-5
615,اخزا817,اسنادخزانه-م17بودجه98-010512,57,130773,94873823207,723528,722609,726110,2582,0.36,725485,1957,0.27,722609,727998,1399-9-5
616,وآتوس,س.آرين توسكا قيمت اسمي 350ريال,57,584722,18526331848,32663,31684,31684,-979,-3.0,31684,-979,-3.0,31684,31684,1399-9-5
617,فنوال,نورد آلومينيوم‌,55,103144,3321236800,33890,32200,32200,-1690,-4.99,33770,-120,-0.35,32200,32200,1399-9-5
618,سخند,صندوق س.سپهرخبرگان نفت-د,55,1392540,14052545020,10085,10090,10101,16,0.16,10091,6,0.06,10081,10113,1399-9-5
619,شرنگي,شيميايي رنگين,54,58573,6309600706,104585,107722,107722,3137,3.0,105488,903,0.86,107722,107722,1399-9-5
620,سنوين,سرمايه گذاري اقتصاد نوين,53,1064383,9880207232,9102,9284,9284,182,2.0,9269,167,1.83,9193,9284,1399-9-5
621,ضپاس1001,اختيارخ وپارس-2500-1399/10/30,53,713,1165213000,1508,1640,1600,92,6.1,1634,126,8.36,1510,1700,1399-9-5
622,ضچاد1014,اختيارخ كچاد-14000-1399/10/02,53,337,1906634000,5965,5500,5011,-954,-15.99,5658,-307,-5.15,5000,6799,1399-9-5
623,ضشنا1035,اختيارخ شپنا-14000-1399/10/23,52,239,1166873000,4455,4599,5125,670,15.04,4882,427,9.58,4599,5195,1399-9-5
624,وثخوز,سرمايه گذاري و توسعه خوزستان,52,258714,9323276418,34321,36037,36037,1716,5.0,35039,718,2.09,36037,36037,1399-9-5
625,اراد57,مرابحه عام دولت5-ش.خ 0309,50,10000000,10000000000000,1000000,1000000,1000000,0,0.0,1000000,0,0.0,1000000,1000000,1399-9-5
626,ضشنا1036,اختيارخ شپنا-16000-1399/10/23,50,375,1267555000,3065,3239,3600,535,17.46,3380,315,10.28,2922,3800,1399-9-5
627,آكورد2,صندوق س. آرمان آتي كوثر-د,50,5000000,5000000,29481,1,1,-29480,-100.0,1,-29480,-100.0,1,1,1399-9-5
628,اخزا816,اسنادخزانه-م16بودجه98-010503,49,73684,53871685774,729344,728002,732031,2687,0.37,731118,1774,0.24,728002,734899,1399-9-5
629,سمايه,بانك سرمايه,49,138435,1239685425,9426,8955,8955,-471,-5.0,9395,-31,-0.33,8955,8955,1399-9-5
630,تسه9801,امتياز تسهيلات مسكن فروردين98,47,221,150700796,717595,681716,681716,-35879,-5.0,681904,-35691,-4.97,681716,690000,1399-9-5
631,ضملي1148,اختيارخ فملي-10140-1399/11/05,47,196,1619313000,7512,7600,8700,1188,15.81,8262,750,9.98,7250,9090,1399-9-5
632,وسخوز,شركت س استان خوزستان,46,575994,541434360,980,940,940,-40,-4.08,980,0,0.0,940,940,1399-9-5
633,ارمغان,ص سرمايه گذاري ارمغان ايرانيان,46,1135408,11502700430,10105,10111,10147,42,0.42,10131,26,0.26,10111,10147,1399-9-5
634,اخزا804,اسنادخزانه-م4بودجه98-000421,44,12559,11246955476,891194,893001,897000,5806,0.65,895530,4336,0.49,892001,898300,1399-9-5
635,اخزا808,اسنادخزانه-م8بودجه98-000817,44,42750,36584720474,854085,851000,858001,3916,0.46,855783,1698,0.2,851000,860000,1399-9-5
636,سمتاز,سيمان ممتازان كرمان,44,41342,878560035,21814,21859,21200,-614,-2.81,21788,-26,-0.12,21160,21859,1399-9-5
637,سپرمي,پرميت‌,43,491706,4068141336,8239,8321,8300,61,0.74,8267,28,0.34,8157,8321,1399-9-5
638,ضخود1046,اختيارخ خودرو-5000-1399/10/07,43,1692,281021000,193,105,177,-16,-8.29,166,-27,-13.99,146,196,1399-9-5
639,تسه9802,امتياز تسهيلات مسكن ارديبهشت98,43,257,177131932,708553,673510,673126,-35427,-5.0,689229,-19324,-2.73,673126,743980,1399-9-5
640,نتوس,پشم‌ بافي‌ توس,42,66260,683140600,10628,10310,10310,-318,-2.99,10616,-12,-0.11,10310,10310,1399-9-5
641,پلاسك,پلاسكوكار,42,117185,938651850,8430,8010,8010,-420,-4.98,8420,-10,-0.12,8010,8010,1399-9-5
642,دشيري,شيرين دارو,42,105734,16546313660,151933,156490,156490,4557,3.0,155927,3994,2.63,156490,156490,1399-9-5
643,فوكا,فولاد كاويان,42,1239841,25132816911,20897,20271,20271,-626,-3.0,20572,-325,-1.56,20271,20271,1399-9-5
644,افرا,افرانت,41,35516,1724017672,51096,48542,48542,-2554,-5.0,51001,-95,-0.19,48542,48542,1399-9-5
645,حاريا,كشتيراني آريا,41,257255,7257163550,29082,28210,28210,-872,-3.0,28730,-352,-1.21,28210,28210,1399-9-5
646,تسه9902,امتياز تسهيلات مسكن ارديبهشت99,41,774,577564992,785482,746208,746208,-39274,-5.0,746208,-39274,-5.0,746208,746208,1399-9-5
647,لكما,كارخانجات‌مخابراتي‌ايران‌,40,82707,833851974,10393,10082,10082,-311,-2.99,10379,-14,-0.13,10082,10082,1399-9-5
648,اخزا811,اسنادخزانه-م11بودجه98-001013,40,36212,29989646371,826774,824400,828011,1237,0.15,828169,1395,0.17,824400,835000,1399-9-5
649,تسه9901,امتياز تسهيلات مسكن فروردين99,40,375,258688390,723641,687459,687459,-36182,-5.0,689836,-33805,-4.67,687459,700000,1399-9-5
650,فالوم,آلومتك‌,39,503131,11882444827,24347,23617,23617,-730,-3.0,23709,-638,-2.62,23617,23617,1399-9-5
651,فاهواز,نورد و لوله اهواز,38,42920,830416160,19742,19348,19348,-394,-2.0,19735,-7,-0.04,19348,19348,1399-9-5
652,اخزا704,اسنادخزانه-م4بودجه97-991022,38,100182,97819446438,976336,980000,980000,3664,0.38,976417,81,0.01,976336,980000,1399-9-5
653,بسويچ,پارس‌سويچ‌,38,19364,781724680,42490,40370,40370,-2120,-4.99,42460,-30,-0.07,40370,40370,1399-9-5
654,پست0008پ08,پسته فندقي32-30مه ولات0008(پ),37,879,1587944761,1743601,1820000,1770000,26399,1.51,1806536,62935,3.61,1742600,1830000,1399-9-5
655,وسمازن,س.سهام عدالت استان مازندران,36,358780,337253200,980,940,940,-40,-4.08,980,0,0.0,940,940,1399-9-5
656,ساروج,بين المللي ساروج بوشهر,36,127789,2288303652,18274,18499,17730,-544,-2.98,18231,-43,-0.24,17726,18499,1399-9-5
657,اخزا902,اسنادخزانه-م2بودجه99-011019,36,75236,50327222567,665302,666500,686981,21679,3.26,668925,3623,0.54,666500,686981,1399-9-5
658,ثروتم,صندوق س. ثروت آفرين پارسيان-س,36,18860,1799077620,94916,96000,95500,584,0.62,95391,475,0.5,94000,96010,1399-9-5
659,ضصاد1103,اختيارخ وبصادر-4000-1399/11/12,35,1344,504473000,332,347,381,49,14.76,375,43,12.95,340,400,1399-9-5
660,ضفار1122,اختيارخ فارس-11826-1399/11/07,33,205,947458000,2130,2100,2450,320,15.02,2311,181,8.5,2050,2690,1399-9-5
661,ورازي,بيمه رازي,33,576764,8120837120,14821,14080,14080,-741,-5.0,14495,-326,-2.2,14080,14080,1399-9-5
662,سيلام,سيمان‌ ايلام‌,32,138754,1362564280,10330,9820,9820,-510,-4.94,10320,-10,-0.1,9820,9820,1399-9-5
663,شفارا,پتروشيمي فارابي,32,391248,1947632544,5131,4978,4978,-153,-2.98,5115,-16,-0.31,4978,4978,1399-9-5
664,ضخود1041,اختيارخ خودرو-2500-1399/10/07,32,456,715588000,1549,1599,1510,-39,-2.52,1569,20,1.29,1501,1650,1399-9-5
665,ساربيل,سيمان آرتا اردبيل,31,27193,1595141380,61740,58660,58660,-3080,-4.99,61640,-100,-0.16,58660,58660,1399-9-5
666,تسه9812,امتياز تسهيلات مسكن اسفند98,29,168,115323273,719849,683857,690000,-29849,-4.15,686448,-33401,-4.64,683857,715000,1399-9-5
667,خپويش,سازه‌ پويش‌,29,57227,2104236790,38700,36770,36770,-1930,-4.99,38610,-90,-0.23,36770,36770,1399-9-5
668,تشتاد,صنايع توليدي اشتاد ايران‌,29,68281,989391690,14938,14490,14490,-448,-3.0,14914,-24,-0.16,14490,14490,1399-9-5
669,ضجار1018,اختيارخ وتجارت-5000-1399/10/21,28,1412,191893000,141,160,149,8,5.67,136,-5,-3.55,120,160,1399-9-5
670,دعبيدح,ح . داروسازي‌ دكترعبيدي‌,28,37554,995181000,31810,26500,26500,-5310,-16.69,26500,-5310,-16.69,26500,26500,1399-9-5
671,ضصاد1105,اختيارخ وبصادر-5000-1399/11/12,28,1117,195316000,177,290,170,-7,-3.95,175,-2,-1.13,160,300,1399-9-5
672,اخزا809,اسنادخزانه-م9بودجه98-000923,27,22403,18679126001,834746,830002,835000,254,0.03,833778,-968,-0.12,830002,838900,1399-9-5
673,لازما,كارخانه هاي صنعتي آزمايش,27,122153,3700747288,30914,30296,30296,-618,-2.0,30680,-234,-0.76,30296,30296,1399-9-5
674,ضغدر1119,اختيارخ وغدير-10000-1399/11/26,26,465,1824685000,3722,3900,3950,228,6.13,3924,202,5.43,3600,4200,1399-9-5
675,ضترا1117,اختيارخ شتران-10000-1399/11/14,25,85,425621000,4113,4768,5330,1217,29.59,5007,894,21.74,4749,5400,1399-9-5
676,وثوق,سرمايه گذاري وثوق امين,25,24104,247379352,10580,10263,10263,-317,-3.0,10574,-6,-0.06,10263,10263,1399-9-5
677,پلوله,گازلوله‌,24,391875,7292793750,18797,18610,18610,-187,-0.99,18610,-187,-0.99,18610,18610,1399-9-5
678,اخزا820,اسنادخزانه-م20بودجه98-020806,24,38279,22127635168,577071,579000,578000,929,0.16,578062,991,0.17,578000,579000,1399-9-5
679,اخزا812,اسنادخزانه-م12بودجه98-001111,24,88099,71824257747,815677,812000,816000,323,0.04,815268,-409,-0.05,811045,816000,1399-9-5
680,ضپنا1022,اختيارخ رمپنا-18806-1399/10/09,23,320,1220412126,3510,2488,2600,-910,-25.93,2575,-935,-26.64,2400,2700,1399-9-5
681,داراب,پتروشيمي داراب,23,74594,227213324,3140,3046,3046,-94,-2.99,3139,-1,-0.03,3046,3046,1399-9-5
682,تسه9810,امتياز تسهيلات مسكن دي98,23,306,216680878,741721,708906,704635,-37086,-5.0,708107,-33614,-4.53,704635,710000,1399-9-5
683,شكف,كف,22,37610,2537998020,68859,67482,67482,-1377,-2.0,68475,-384,-0.56,67482,67482,1399-9-5
684,كايتاح,ح.ايتالران‌,22,152973,2078912700,13238,13617,13635,397,3.0,13590,352,2.66,13000,13635,1399-9-5
685,وشمال,س. چشم انداز توسعه شمال,22,11351,1166894151,105980,102801,102801,-3179,-3.0,105787,-193,-0.18,102801,102801,1399-9-5
686,نگين,ص.س. زمين و ساختمان نگين شهرري,22,39714,1956151650,49260,49250,49250,-10,-0.02,49260,0,0.0,49250,49800,1399-9-5
687,وسيستا,شركت س استان سيستان وبلوچستان,21,299770,257802200,900,860,860,-40,-4.44,900,0,0.0,860,860,1399-9-5
688,آينده,بازرگاني آينده سازان بهشت پارس,21,54217,1181442647,22464,21791,21791,-673,-3.0,22423,-41,-0.18,21791,21791,1399-9-5
689,آسام,صندوق س.آرمان سپهر آشنا-م,21,5630,571504590,100479,101400,102195,1716,1.71,101511,1032,1.03,100003,102400,1399-9-5
690,وسكرد,شركت س استان كردستان,21,490788,422077680,900,860,860,-40,-4.44,900,0,0.0,860,860,1399-9-5
691,اخزا813,اسنادخزانه-م13بودجه98-010219,21,15022,11528654599,769749,767202,769003,-746,-0.1,767451,-2298,-0.3,767202,772000,1399-9-5
692,تابا,تابان نيرو سپاهان,21,50128,1587704144,32652,31673,31673,-979,-3.0,32568,-84,-0.26,31673,31673,1399-9-5
693,تسه9809,امتياز تسهيلات مسكن آذر98,21,182,124680192,721111,685056,685056,-36055,-5.0,685056,-36055,-5.0,685056,685056,1399-9-5
694,اخزا903,اسنادخزانه-م3بودجه99-011110,20,16201,10692979867,656292,655844,661700,5408,0.82,660020,3728,0.57,655843,661788,1399-9-5
695,تسه9806,امتياز تسهيلات مسكن شهريور98,19,202,142689383,717039,681188,681188,-35851,-5.0,706383,-10656,-1.49,681188,750000,1399-9-5
696,اخزا904,اسنادخزانه-م4بودجه99-011215,19,15658,10151659945,644142,644444,650000,5858,0.91,648337,4195,0.65,644444,650000,1399-9-5
697,ضپيك1019,اختيارخ تاپيكو-12000-99/10/16,19,59,175516000,2965,3000,2900,-65,-2.19,2975,10,0.34,2501,3200,1399-9-5
698,وايرا,سرمايه گذاري صنايع ايران,18,525439,4382686699,8598,8341,8341,-257,-2.99,8537,-61,-0.71,8341,8341,1399-9-5
699,ضمخا1024,اختيارخ اخابر-14000-1399/10/30,17,197,405685000,2433,2990,2090,-343,-14.1,2059,-374,-15.37,1800,2990,1399-9-5
700,خكمك,كمك‌فنرايندامين‌,17,133440,6689347200,52760,50130,50130,-2630,-4.98,52390,-370,-0.7,50130,50130,1399-9-5
701,ثاژن,سخت آژند,17,65963,539775229,8523,8183,8183,-340,-3.99,8504,-19,-0.22,8183,8183,1399-9-5
702,ساذريح,ح . آذريت‌,17,61600,374220000,6262,6075,6075,-187,-2.99,6075,-187,-2.99,6075,6075,1399-9-5
703,ضمخا7070,اختيارخ اخابر-20000-1400/07/28,17,139,300010000,1964,2000,2190,226,11.51,2158,194,9.88,2000,2200,1399-9-5
704,ثامان,سامان‌ گستراصفهان‌,17,37481,778105560,21850,20760,20760,-1090,-4.99,21830,-20,-0.09,20760,20760,1399-9-5
705,شستا991,اجاره تامين اجتماعي-امين991226,16,314,315284956,1001850,992004,1009997,8147,0.81,1004092,2242,0.22,992004,1009997,1399-9-5
706,سايرا,ايرانيت‌,16,24509,878354815,36082,35880,35441,-641,-1.78,36060,-22,-0.06,35362,36139,1399-9-5
707,غشوكو,شوكو پارس,16,12674,549874164,44727,43386,43386,-1341,-3.0,44689,-38,-0.08,43386,43386,1399-9-5
708,تملي807,تسهيلات مسكن ب. ملي-مهر98,16,233,225364648,999985,1049984,950000,-49985,-5.0,967230,-32755,-3.28,949986,1049984,1399-9-5
709,اخزا806,اسنادخزانه-م6بودجه98-000519,16,14725,12997388843,883958,880461,884002,44,0.0,882675,-1283,-0.15,880461,884002,1399-9-5
710,ضچاد1017,اختيارخ كچاد-20000-1399/10/02,16,120,262380000,2082,2200,2000,-82,-3.94,2186,104,5.0,2000,2505,1399-9-5
711,ضفلا1153,اختيارخ فولاد-10000-1399/11/28,16,372,1974700000,5695,5000,5500,-195,-3.42,5308,-387,-6.8,4800,6000,1399-9-5
712,فسا,پتروشيمي فسا,16,42889,125364547,3013,2923,2923,-90,-2.99,3012,-1,-0.03,2923,2923,1399-9-5
713,ضملي1153,اختيارخ فملي-20280-1399/11/05,15,396,190409000,240,495,530,290,120.83,481,241,100.42,450,598,1399-9-5
714,غبهار,كشت وصنعت بهاران گلبهار خراسان,15,32009,1162054736,37426,36304,36304,-1122,-3.0,37359,-67,-0.18,36304,36304,1399-9-5
715,بشهاب,لامپ‌  پارس‌ شهاب‌,14,11789,741174430,66170,62870,62870,-3300,-4.99,66120,-50,-0.08,62870,62870,1399-9-5
716,داريك,صندوق س.اعتماد داريك-د,13,38228,385641572,10083,10084,10088,5,0.05,10088,5,0.05,10084,10100,1399-9-5
717,هترول911,اختيارف ت پترول-14730-99/11/15,13,74980,112919880,998,1506,1506,508,50.9,1506,508,50.9,1506,1506,1399-9-5
718,جهرم,پتروشيمي جهرم,13,54721,171988103,3240,3143,3143,-97,-2.99,3239,-1,-0.03,3143,3143,1399-9-5
719,تسه9805,امتياز تسهيلات مسكن مرداد98,13,51,37237265,703576,691547,738754,35178,5.0,730142,26566,3.78,691547,738754,1399-9-5
720,ضسپا1102,اختيارخ خساپا-2000-1399/11/26,13,331,397557000,1186,1200,1200,14,1.18,1201,15,1.26,1199,1250,1399-9-5
721,ضپيك1020,اختيارخ تاپيكو-14000-99/10/16,13,38,78300000,2454,2500,2150,-304,-12.39,2061,-393,-16.01,1700,2600,1399-9-5
722,ضخود1040,اختيارخ خودرو-2000-1399/10/07,13,62,127366000,2047,2098,2020,-27,-1.32,2054,7,0.34,2010,2190,1399-9-5
723,وساغربي,شركت س استان آذربايجان غربي,12,337422,290182920,900,860,860,-40,-4.44,900,0,0.0,860,860,1399-9-5
724,ضفلا1151,اختيارخ فولاد-8000-1399/11/28,12,87,601596000,6000,6739,6810,810,13.5,6915,915,15.25,6700,7000,1399-9-5
725,ضپاس1004,اختيارخ وپارس-4000-1399/10/30,12,335,242933000,627,750,630,3,0.48,725,98,15.63,602,750,1399-9-5
726,وحكمت,بيمه حكمت صبا,12,39503,224140022,5849,5674,5674,-175,-2.99,5847,-2,-0.03,5674,5674,1399-9-5
727,وسيزد,شركت س استان يزد,12,222031,270877820,1280,1220,1220,-60,-4.69,1280,0,0.0,1220,1220,1399-9-5
728,لخزر,پارس‌ خزر,12,1163,233007050,210890,200350,200350,-10540,-5.0,210840,-50,-0.02,200350,200350,1399-9-5
729,ضفار1126,اختيارخ فارس-19826-1399/11/07,12,400,160000000,166,200,200,34,20.48,200,34,20.48,200,200,1399-9-5
730,ضپاس1000,اختيارخ وپارس-2000-1399/10/30,12,78,165740000,2070,2100,2100,30,1.45,2125,55,2.66,2100,2300,1399-9-5
731,ضخود1047,اختيارخ خودرو-6000-1399/10/07,11,600,56601000,94,90,90,-4,-4.26,94,0,0.0,90,105,1399-9-5
732,اخزا810,اسنادخزانه-م10بودجه98-001006,11,39338,32625275106,829778,828012,831000,1222,0.15,829358,-420,-0.05,828012,831900,1399-9-5
733,كرونا2,تامين مالي جمعي صرفا اهداي سود,11,1273,12730000,10000,10000,10000,0,0.0,10000,0,0.0,10000,10000,1399-9-5
734,وسخراش,شركت س استان خراسان شمالي,11,109888,143953280,1370,1310,1310,-60,-4.38,1370,0,0.0,1310,1310,1399-9-5
735,خنصير,مهندسي‌نصيرماشين‌,11,14732,666475680,47620,45240,45240,-2380,-5.0,47590,-30,-0.06,45240,45240,1399-9-5
736,تسه9803,امتياز تسهيلات مسكن خرداد98,11,109,77773680,751073,713520,713520,-37553,-5.0,713520,-37553,-5.0,713520,713520,1399-9-5
737,خعمرا,توسعه و عمران شهرستان نائين,11,20535,352257390,16655,17154,17154,499,3.0,16663,8,0.05,17154,17154,1399-9-5
738,ضصاد1106,اختيارخ وبصادر-6000-1399/11/12,11,531,63907000,83,120,120,37,44.58,120,37,44.58,101,121,1399-9-5
739,تسه9807,امتياز تسهيلات مسكن مهر98,11,112,82804589,770127,731621,740000,-30127,-3.91,739327,-30800,-4.0,731621,740000,1399-9-5
740,ضپار1117,اختيارخ خپارس-7000-1399/11/19,11,75,144172000,2500,2001,1890,-610,-24.4,1922,-578,-23.12,1890,2001,1399-9-5
741,زير0003پ01,زيره سبز0003كيميابذر(پ),10,248,129015071,510494,536000,529998,19504,3.82,520222,9728,1.91,485005,536000,1399-9-5
742,عيار2,صندوق س. پشتوانه طلاي مفيد,10,100000,100000,27963,1,1,-27962,-100.0,1,-27962,-100.0,1,1,1399-9-5
743,تپمپي,پمپ‌ سازي‌ ايران‌,10,3002,101677740,35650,33870,33870,-1780,-4.99,35650,0,0.0,33870,33870,1399-9-5
744,ضچاد1013,اختيارخ كچاد-12000-1399/10/02,10,41,310689000,8915,7425,7500,-1415,-15.87,7578,-1337,-15.0,7425,7950,1399-9-5
745,غشوكوح,ح . شوكو پارس,9,52932,2064348000,23556,39000,39000,15444,65.56,39000,15444,65.56,39000,39000,1399-9-5
746,تملي709,تسهيلات مسكن ب. ملي-آذر97,9,68,69079554,978761,929823,929823,-48938,-5.0,1015876,37115,3.79,929823,1027699,1399-9-5
747,پست0008پ09,پسته بادامي30-28مه ولات0008(پ),9,955,1531916207,1661372,1605000,1649000,-12372,-0.74,1604101,-57271,-3.45,1600000,1649000,1399-9-5
748,اوصتا,صندوق انديشه ورزان صباتامين -د,9,84726,1455495120,17160,17160,17180,20,0.12,17179,19,0.11,17160,17180,1399-9-5
749,گنجين,صندوق س. گنجينه يكم آويد-د,8,105737,1236777552,11687,11692,11700,13,0.11,11697,10,0.09,11692,11705,1399-9-5
750,تسه9804,امتياز تسهيلات مسكن تير98,8,124,84249940,715194,679435,679435,-35759,-5.0,679435,-35759,-5.0,679435,679435,1399-9-5
751,هفارس912,اختيارف ت فارس-14576-99/12/13,8,75584,137789632,1256,1823,1823,567,45.14,1823,567,45.14,1823,1823,1399-9-5
752,اخزا721,اسنادخزانه-م21بودجه97-000728,8,9158,7871299533,858400,857021,860000,1600,0.19,859500,1100,0.13,857021,860001,1399-9-5
753,وپسا,س. پتروشيمي ساختمان  خليج فارس,8,11363,55962775,5077,4925,4925,-152,-2.99,5077,0,0.0,4925,4925,1399-9-5
754,ضسپا1100,اختيارخ خساپا-1600-1399/11/26,8,114,165475000,1587,1515,1520,-67,-4.22,1452,-135,-8.51,1430,1520,1399-9-5
755,ضملت1128,اختيارخ وبملت-6000-1399/11/28,8,140,123960000,780,799,900,120,15.38,885,105,13.46,799,900,1399-9-5
756,اخزا901,اسنادخزانه-م1بودجه99-010621,8,3655,2616620680,711499,747000,718900,7401,1.04,715902,4403,0.62,709080,747000,1399-9-5
757,شمواد,توليد مواداوليه الياف مصنوعي,8,3614,225448548,64311,62382,62382,-1929,-3.0,64289,-22,-0.03,62382,62382,1399-9-5
758,تملي804,تسهيلات مسكن ب. ملي-تير98,7,56,47944960,815391,856160,856160,40769,5.0,856160,40769,5.0,856160,856160,1399-9-5
759,ضصاد1107,اختيارخ وبصادر-7000-1399/11/12,7,414,35752000,51,79,88,37,72.55,86,35,68.63,79,100,1399-9-5
760,زير0003پ04,زيره سبز0003شركت مينوبذر(پ),7,550,266733500,468469,484970,484970,16501,3.52,484970,16501,3.52,484970,484970,1399-9-5
761,اخزا821,اسنادخزانه-م21بودجه98-020906,7,6004,3446356040,576302,574010,574010,-2292,-0.4,574010,-2292,-0.4,574010,574010,1399-9-5
762,ثنظام,س. ساختماني نظام مهندسي ايران,7,13130,555845420,43643,42334,42334,-1309,-3.0,43605,-38,-0.09,42334,42334,1399-9-5
763,معيار,سرمايه گذاري معيار صنعت پارس,7,16937,484584507,29194,28611,28611,-583,-2.0,29165,-29,-0.1,28611,28611,1399-9-5
764,وسقم,شركت س استان قم,7,96453,129247020,1410,1340,1340,-70,-4.96,1410,0,0.0,1340,1340,1399-9-5
765,ضسپا1101,اختيارخ خساپا-1800-1399/11/26,7,80,100190000,1397,1314,1260,-137,-9.81,1252,-145,-10.38,1210,1314,1399-9-5
766,ساذري,آذريت‌,6,830,4960080,5802,5976,5976,174,3.0,5802,0,0.0,5976,5976,1399-9-5
767,خفناور,مهندسي صنعتي روان فن آور,6,33947,812249869,24667,23927,23927,-740,-3.0,24636,-31,-0.13,23927,23927,1399-9-5
768,كابگن,توليدي و صنعتي آبگينه‌,6,24484,121122348,4899,4947,4947,48,0.98,4900,1,0.02,4947,4947,1399-9-5
769,تسه9808,امتياز تسهيلات مسكن آبان98,6,113,81311523,757443,719571,719571,-37872,-5.0,719571,-37872,-5.0,719571,719571,1399-9-5
770,وسمركز,شركت س استان مركزي,5,31382,41738060,1400,1330,1330,-70,-5.0,1400,0,0.0,1330,1330,1399-9-5
771,تملي612,تسهيلات مسكن بانك ملي-اسفند96,5,63,55847925,933131,886475,886475,-46656,-5.0,886475,-46656,-5.0,886475,886475,1399-9-5
772,وساربيل,شركت س استان اردبيل,5,33400,40748000,1280,1220,1220,-60,-4.69,1280,0,0.0,1220,1220,1399-9-5
773,زعف0008پ09,زعفران0008نگين نوين(پ),5,166,20782824,121703,123001,125990,4287,3.52,125198,3495,2.87,123001,125990,1399-9-5
774,حرهشا,رهشاد سپاهان (سهامي عام,5,4936,291209192,62102,58997,58997,-3105,-5.0,62054,-48,-0.08,58997,58997,1399-9-5
775,وسزنجان,شركت س استان زنجان,5,22040,29754000,1420,1350,1350,-70,-4.93,1420,0,0.0,1350,1350,1399-9-5
776,وسبوشهر,شركت س استان بوشهر,5,37692,45230400,1260,1200,1200,-60,-4.76,1260,0,0.0,1200,1200,1399-9-5
777,شسم,توليد سموم‌ علف‌ كش,5,42144,3629188416,84426,86114,86114,1688,2.0,85014,588,0.7,86114,86114,1399-9-5
778,ضملي1149,اختيارخ فملي-12168-1399/11/05,5,12,61202000,4646,4646,5056,410,8.82,5100,454,9.77,4646,5200,1399-9-5
779,فنرژي,گسترش صنايع انرژي آذرآب,5,8440,88847880,10741,10527,10527,-214,-1.99,10739,-2,-0.02,10527,10527,1399-9-5
780,فافزا,فولاد افزا سپاهان,5,1708,75346712,45478,44114,44114,-1364,-3.0,45473,-5,-0.01,44114,44114,1399-9-5
781,افران2,صندوق س افرا نماد پايدار-ثابت,5,500000,500000,12115,1,1,-12114,-99.99,1,-12114,-99.99,1,1,1399-9-5
782,سخواف,سيمان مجد خواف,5,5842,93904308,16571,16074,16074,-497,-3.0,16569,-2,-0.01,16074,16074,1399-9-5
783,اخزا713,اسنادخزانه-م13بودجه97-000518,5,972,856212270,883510,881000,880001,-3509,-0.4,880877,-2633,-0.3,880001,881001,1399-9-5
784,ضغدر1120,اختيارخ وغدير-12000-1399/11/26,5,120,388599000,2650,3000,2800,150,5.66,3238,588,22.19,2800,3300,1399-9-5
785,پلاست,كارخانجات توليدي پلاستيران,4,819,34158852,42997,41708,41708,-1289,-3.0,42995,-2,0.0,41708,41708,1399-9-5
786,ثاباد,توريستي ورفاهي آبادگران ايران,4,1180,35423600,31600,30020,30020,-1580,-5.0,31600,0,0.0,30020,30020,1399-9-5
787,وسيلام,شركت س استان ايلام,4,38810,45795800,1240,1180,1180,-60,-4.84,1240,0,0.0,1180,1180,1399-9-5
788,تملي708,تسهيلات مسكن ب. ملي-آبان97,4,23,14958763,619411,650381,650381,30970,5.0,650381,30970,5.0,650381,650381,1399-9-5
789,ضفلا1152,اختيارخ فولاد-9000-1399/11/28,4,16,94800000,6000,5762,6000,0,0.0,5925,-75,-1.25,5762,6000,1399-9-5
790,اعتماد2,صندوق س.اعتماد آفرين پارسيان-د,4,33000000,33000000,33487,1,1,-33486,-100.0,1,-33486,-100.0,1,1,1399-9-5
791,پدرخش,درخشان‌ تهران‌,4,160,34040000,223940,212750,212750,-11190,-5.0,223930,-10,0.0,212750,212750,1399-9-5
792,وسگلستا,شركت س استان گلستان,4,123000,145140000,1240,1180,1180,-60,-4.84,1240,0,0.0,1180,1180,1399-9-5
793,اخزا807,اسنادخزانه-م7بودجه98-000719,4,994,857557064,856636,858112,865000,8364,0.98,862733,6097,0.71,858112,865000,1399-9-5
794,فسديد,لوله‌وتجهيزات‌ سديد - ورشكسته,4,6110,670401420,110830,109722,109722,-1108,-1.0,110679,-151,-0.14,109722,109722,1399-9-5
795,وسخراج,شركت س استان خراسان جنوبي,4,28043,59451160,2230,2120,2120,-110,-4.93,2230,0,0.0,2120,2120,1399-9-5
796,ضچاد1016,اختيارخ كچاد-18000-1399/10/02,4,26,89000000,3044,3500,3500,456,14.98,3423,379,12.45,3000,3500,1399-9-5
797,هبركت912,اختيارف ت بركت-22100-99/12/17,4,3411,14199993,4849,4163,4163,-686,-14.15,4163,-686,-14.15,4163,4163,1399-9-5
798,پا ر 12,بار پايه روز 12,3,41000,15990000,715,390,390,-325,-45.45,390,-325,-45.45,390,390,1399-9-5
799,اخزا716,اسنادخزانه-م16بودجه97-000407,3,18000,16245618000,903726,902534,902536,-1190,-0.13,902534,-1192,-0.13,902534,902536,1399-9-5
800,كشم0001پ01,كشمش سبز0001خليل آباد(پ),3,41,16359764,410932,390386,412998,2066,0.5,399019,-11913,-2.9,390386,412998,1399-9-5
801,افاد73,منفعت دولت7-ش.خاص نوين0204,3,13800,13386000000,969999,970000,970000,1,0.0,970000,1,0.0,970000,970000,1399-9-5
802,ضمخا1023,اختيارخ اخابر-12000-1399/10/30,3,20,62000000,3499,3200,3000,-499,-14.26,3100,-399,-11.4,3000,3200,1399-9-5
803,ضپيك1022,اختيارخ تاپيكو-18000-99/10/16,3,25,26020000,1600,1500,1000,-600,-37.5,1041,-559,-34.94,1000,1500,1399-9-5
804,اراد374,مرابحه عام دولت3-ش.خ 0005,3,12265856,12013798593760,1011177,981414,978585,-32592,-3.22,979450,-31727,-3.14,978585,981414,1399-9-5
805,ضغدر1118,اختيارخ وغدير-9000-1399/11/26,3,69,345000000,5000,5000,5000,0,0.0,5000,0,0.0,5000,5000,1399-9-5
806,اراد41,مرابحه عام دولت4-ش.خ 0006,3,900,939000000,1047667,1078000,1000000,-47667,-4.55,1043333,-4334,-0.41,1000000,1078000,1399-9-5
807,اراد384,مرابحه عام دولت3-ش.خ 0105,3,5143944,4924609502816,989675,964368,953960,-35715,-3.61,957361,-32314,-3.27,953960,964368,1399-9-5
808,ضپيك1021,اختيارخ تاپيكو-16000-99/10/16,3,7,11000000,1717,1500,1600,-117,-6.81,1571,-146,-8.5,1500,1600,1399-9-5
809,ضپاس1006,اختيارخ وپارس-5000-1399/10/30,3,150,45000000,900,300,300,-600,-66.67,300,-600,-66.67,300,300,1399-9-5
810,ضملت1127,اختيارخ وبملت-5000-1399/11/28,3,5,7000000,1450,1400,1400,-50,-3.45,1400,-50,-3.45,1400,1400,1399-9-5
811,اخزا805,اسنادخزانه-م5بودجه98-000422,3,6475,5813527223,898573,895101,899000,427,0.05,897842,-731,-0.08,895101,899000,1399-9-5
812,ومشان,س. فني و مهندسي مشانير,3,937,52670644,59170,56212,56212,-2958,-5.0,59162,-8,-0.01,56212,56212,1399-9-5
813,مشير99112,مشاركت شهرداري شيراز-3ماهه16%,3,682076,682348830400,997910,1000400,1000400,2490,0.25,1000400,2490,0.25,1000400,1000400,1399-9-5
814,تملي801,تسهيلات مسكن ب. ملي-فروردين98,3,48,45031152,987525,938149,938149,-49376,-5.0,938149,-49376,-5.0,938149,938149,1399-9-5
815,آتيمس2,صندوق س.آرمان آتيه درخشان مس-س,3,300000,300000,204337,1,1,-204336,-100.0,1,-204336,-100.0,1,1,1399-9-5
816,هغدير912,اختيارف ت غدير-17380-99/12/16,3,486,1933794,3420,3979,3979,559,16.35,3979,559,16.35,3979,3979,1399-9-5
817,ضشنا1037,اختيارخ شپنا-18000-1399/10/23,3,10,29950000,2545,2950,3000,455,17.88,2995,450,17.68,2950,3000,1399-9-5
818,ثتوسا,س.توسعه و عمران استان اردبيل,3,506,31817786,64825,62881,62881,-1944,-3.0,64822,-3,0.0,62881,62881,1399-9-5
819,وسكهبو,س.عدالت ا. كهگيلويه وبويراحمد,3,15000,16200000,1130,1080,1080,-50,-4.42,1130,0,0.0,1080,1080,1399-9-5
820,ضفار1121,اختيارخ فارس-9826-1399/11/07,3,12,86400000,4400,3600,3600,-800,-18.18,3600,-800,-18.18,3600,3600,1399-9-5
821,افاد744,منفعت دولت7-ش.خاص ساير0204,2,4000000,3864960000000,983890,970500,961980,-21910,-2.23,966240,-17650,-1.79,961980,970500,1399-9-5
822,اخزا718,اسنادخزانه-م18بودجه97-000525,2,7112,6279896000,880000,883000,883000,3000,0.34,883000,3000,0.34,883000,883000,1399-9-5
823,صايپا012,صكوك مرابحه سايپا012-3ماهه 16%,2,1008,1012689376,980394,961172,1005000,24606,2.51,1004652,24258,2.47,961172,1005000,1399-9-5
824,كباده,توليد خاك نسوزاستقلال آباده,2,1500,34104000,21654,22736,22736,1082,5.0,21656,2,0.01,22736,22736,1399-9-5
825,ضملت1124,اختيارخ وبملت-3500-1399/11/28,2,12,32388000,2414,2655,2699,285,11.81,2699,285,11.81,2699,2699,1399-9-5
826,صگل1411,ص اجاره گل گهر 1411-3 ماهه 17%,2,15,14250150,984791,950010,950010,-34781,-3.53,950010,-34781,-3.53,950010,950010,1399-9-5
827,اراد344,مرابحه عام دولت3-ش.خ 0305,2,12793388,11087756286556,999970,852437,913170,-86800,-8.68,866679,-133291,-13.33,852437,913170,1399-9-5
828,پا ر 14,بار پايه روز 14,2,40000,15600000,715,390,390,-325,-45.45,390,-325,-45.45,390,390,1399-9-5
829,ضمخا7066,اختيارخ اخابر-12000-1400/07/28,2,5,30960000,4764,6180,6200,1436,30.14,6192,1428,29.97,6180,6200,1399-9-5
830,هصيكو402,اختيارف ت تاصيكو13500-00/02/20,2,6370,17689490,2609,2777,2777,168,6.44,2777,168,6.44,2777,2777,1399-9-5
831,اخزا8144,اسنادخزانه-م14بودجه98-010318,2,711142,536777448591,755064,754557,755064,0,0.0,754810,-254,-0.03,754557,755064,1399-9-5
832,كرمان00,رهني كرمان موتور14001130,2,16,15956920,997307,997307,997308,1,0.0,997307,0,0.0,997307,997308,1399-9-5
833,وسكرشا,س.سهام عدالت استان كرمانشاه,2,14150,17546000,1300,1240,1240,-60,-4.62,1300,0,0.0,1240,1240,1399-9-5
834,شستا993,اجاره ت.اجتماعي-كاردان991226,2,11785,11784850000,982000,985000,1000000,18000,1.83,999987,17987,1.83,985000,1000000,1399-9-5
835,اخزا7134,اسنادخزانه-م13بودجه97-000518,2,3271676,2893951190772,883510,885584,883510,0,0.0,884547,1037,0.12,883510,885584,1399-9-5
836,افاد44,منفعت دولتي4-شرايط خاص14010729,2,6000000,5916072000000,1019335,996964,975060,-44275,-4.34,986012,-33323,-3.27,975060,996964,1399-9-5
837,ضفلا1157,اختيارخ فولاد-18000-1399/11/28,2,4,3004000,1,602,900,899,89900.0,751,750,75000.0,602,900,1399-9-5
838,پا ر 13,بار پايه روز 13,2,40000,15600000,715,390,390,-325,-45.45,390,-325,-45.45,390,390,1399-9-5
839,ياقوت2,صندوق س ياقوت آگاه-ثابت,2,753000,753000,11358,1,1,-11357,-99.99,1,-11357,-99.99,1,1,1399-9-5
840,صدف4082,صكوك مرابحه صدف408-3ماهه 18%,2,1500000,1500000000000,1000000,1000000,1000000,0,0.0,1000000,0,0.0,1000000,1000000,1399-9-5
841,ضگل1149,اختيارخ كگل-10000-1399/11/21,2,11,90827000,8162,9927,8090,-72,-0.88,8257,95,1.16,8090,9927,1399-9-5
842,اخزا9062,اسنادخزانه-م6بودجه99-020321,2,260000,158600000000,610703,610000,610000,-703,-0.12,610000,-703,-0.12,610000,610000,1399-9-5
843,ضمخا1025,اختيارخ اخابر-16000-1399/10/30,2,70,96000000,1476,1300,1400,-76,-5.15,1371,-105,-7.11,1300,1400,1399-9-5
844,اخزا8154,اسنادخزانه-م15بودجه98-010406,2,1013288,749565611968,740680,738792,740680,0,0.0,739736,-944,-0.13,738792,740680,1399-9-5
845,شستا992,اجاره تامين اجتماعي-سپهر991226,2,15,15045000,1006060,1000000,1009000,2940,0.29,1003000,-3060,-0.3,1000000,1009000,1399-9-5
846,اخزا8124,اسنادخزانه-م12بودجه98-001111,2,1264156,1028830832288,815677,812019,815677,0,0.0,813848,-1829,-0.22,812019,815677,1399-9-5
847,تملي710,تسهيلات مسكن ب. ملي-دي97,2,12,11286000,990000,940500,940500,-49500,-5.0,940500,-49500,-5.0,940500,940500,1399-9-5
848,ضپنا1029,اختيارخ رمپنا-12000-1399/10/09,2,2,16600000,1,8300,8300,8299,829900.0,8300,8299,829900.0,8300,8300,1399-9-5
849,اخزا722,اسنادخزانه-م22بودجه97-000428,2,147,131565000,895000,895000,895000,0,0.0,895000,0,0.0,895000,895000,1399-9-5
850,ضپار1116,اختيارخ خپارس-6000-1399/11/19,2,10,27501000,3100,2751,2750,-350,-11.29,2750,-350,-11.29,2750,2751,1399-9-5
851,پارتين,ص.ج.پارتيان15%تاديه,2,6000,1020000000,170000,170000,170000,0,0.0,170000,0,0.0,170000,170000,1399-9-5
852,افاد61,منفعت دولت6-ش.خاص140109,2,14100,13888500000,985000,985000,985000,0,0.0,985000,0,0.0,985000,985000,1399-9-5
853,ضپنا1028,اختيارخ رمپنا-10000-1399/10/09,2,2,20400000,1,10200,10200,10199,1019900.0,10200,10199,1019900.0,10200,10200,1399-9-5
854,زير0003پ02,زيره سبز0003 دانش(پ),1,15,7274550,470664,484970,484970,14306,3.04,484970,14306,3.04,484970,484970,1399-9-5
855,دمعيار2,صندوق س. توازن معيار-د,1,5300000,5300000,10015,1,1,-10014,-99.99,1,-10014,-99.99,1,1,1399-9-5
856,گواهي ظرفيت,گواهي ظرفيت نقدي,1,900000,9575100000,10639,10639,10639,0,0.0,10639,0,0.0,10639,10639,1399-9-5
857,ضملت1125,اختيارخ وبملت-4000-1399/11/28,1,3,6378000,1925,2126,2126,201,10.44,2126,201,10.44,2126,2126,1399-9-5
858,ومعادن2,توسعه‌معادن‌وفلزات‌,1,15703069,216545321510,14010,13790,13790,-220,-1.57,13790,-220,-1.57,13790,13790,1399-9-5
859,آسام2,صندوق س.آرمان سپهر آشنا-م,1,100000,100000,100479,1,1,-100478,-100.0,1,-100478,-100.0,1,1,1399-9-5
860,زعف0008پ15,زعفران0008پوشالمعمول طلاسرخ(پ),1,53,5088000,93000,96000,96000,3000,3.23,96000,3000,3.23,96000,96000,1399-9-5
861,شرق1400,مشاركت ليزينگ ايران وشرق140010,1,17,17680000,1035108,1040000,1040000,4892,0.47,1040000,4892,0.47,1040000,1040000,1399-9-5
862,دسبحان2,سبحان دارو,1,5000000,101350000000,19310,20270,20270,960,4.97,20270,960,4.97,20270,20270,1399-9-5
863,اراد474,مرابحه عام دولت4-ش.خ 0008,1,2000000,1952190000000,980000,976095,976095,-3905,-0.4,976095,-3905,-0.4,976095,976095,1399-9-5
864,ضفار1120,اختيارخ فارس-8826-1399/11/07,1,1,9546000,5055,4773,4773,-282,-5.58,4773,-282,-5.58,4773,4773,1399-9-5
865,ضسان1038,اختيارخ پارسان-18000-99/10/14,1,2,8400000,3800,4200,4200,400,10.53,4200,400,10.53,4200,4200,1399-9-5
866,اراد404,مرابحه عام دولت4-ش.خ 0207,1,5000000,4693625000000,997000,938725,938725,-58275,-5.85,938725,-58275,-5.85,938725,938725,1399-9-5
867,خبهمن2,گروه‌بهمن‌,1,5000000,130750000000,24950,26150,26150,1200,4.81,26150,1200,4.81,26150,26150,1399-9-5
868,سيلام2,سيمان‌ ايلام‌,1,14000000,137480000000,10330,9820,9820,-510,-4.94,9820,-510,-4.94,9820,9820,1399-9-5
869,عفولاد3,اوراق سلف موازي ورق گرم فولاد,1,10,7921160,791762,792116,792116,354,0.04,792116,354,0.04,792116,792116,1399-9-5
870,شتهران,داروسازي تهران شيمي,1,15,119805,7680,7987,7987,307,4.0,7680,0,0.0,7987,7987,1399-9-5
871,اراد334,مرابحه عام دولت3-ش.خ 0303,1,5000000,4284110000000,904400,856822,856822,-47578,-5.26,856822,-47578,-5.26,856822,856822,1399-9-5
872,وايران2,ليزينگ ايرانيان,1,14000000,137900000000,9390,9850,9850,460,4.9,9850,460,4.9,9850,9850,1399-9-5
873,وملي2,گروه‌ صنعتي‌ ملي‌ (هلدينگ‌,1,330000,100758900000,321400,305330,305330,-16070,-5.0,305330,-16070,-5.0,305330,305330,1399-9-5
874,اخزا723,اسنادخزانه-م23بودجه97-000824,1,14111,12093127000,854501,857000,857000,2499,0.29,857000,2499,0.29,857000,857000,1399-9-5
875,كچاد2,معدني‌وصنعتي‌چادرملو,1,2875000,56953750000,20130,19810,19810,-320,-1.59,19810,-320,-1.59,19810,19810,1399-9-5
876,ضغدر1121,اختيارخ وغدير-14000-1399/11/26,1,10,20000000,2000,2000,2000,0,0.0,2000,0,0.0,2000,2000,1399-9-5
877,حتوكا2,حمل‌ونقل‌توكا,1,3428447,66031889220,18350,19260,19260,910,4.96,19260,910,4.96,19260,19260,1399-9-5
878,اشاد14,مشاركت دولتي1-شرايط خاص001026,1,370100,370100000000,998333,1000000,1000000,1667,0.17,1000000,1667,0.17,1000000,1000000,1399-9-5
879,پاسا2,ايران‌ياساتايرورابر,1,6000000,154200000000,25030,25700,25700,670,2.68,25700,670,2.68,25700,25700,1399-9-5
880,صدف408,صكوك مرابحه صدف408-3ماهه 18%,1,1100,1045000000,1000000,950000,950000,-50000,-5.0,950000,-50000,-5.0,950000,950000,1399-9-5
881,سپاها2,سيمان‌سپاهان‌,1,12250000,103145000000,8130,8420,8420,290,3.57,8420,290,3.57,8420,8420,1399-9-5
882,اخزا9042,اسنادخزانه-م4بودجه99-011215,1,701223,455093727000,644142,649000,649000,4858,0.75,649000,4858,0.75,649000,649000,1399-9-5
883,فجر2,فولاد اميركبيركاشان,1,335000,20351250000,58810,60750,60750,1940,3.3,60750,1940,3.3,60750,60750,1399-9-5
884,ضپنا1021,اختيارخ رمپنا-16106-1399/10/09,1,8,43837600,4161,3700,3700,-461,-11.08,3700,-461,-11.08,3700,3700,1399-9-5
885,كگل2,معدني و صنعتي گل گهر,1,4370000,82724100000,19040,18930,18930,-110,-0.58,18930,-110,-0.58,18930,18930,1399-9-5
886,شخارك2,پتروشيمي‌ خارك‌,1,5000000,205200000000,41040,41040,41040,0,0.0,41040,0,0.0,41040,41040,1399-9-5
887,ضبدر1149,اختيارخ شبندر-28000-1399/11/19,1,4,16232000,4250,4058,4058,-192,-4.52,4058,-192,-4.52,4058,4058,1399-9-5
888,فولاد2,فولاد مباركه اصفهان,1,189873418,2519620256860,12640,13270,13270,630,4.98,13270,630,4.98,13270,13270,1399-9-5
889,حپارسا4,توسعه حمل و نقل ريلي پارسيان,1,2500000,79705000000,30388,31882,31882,1494,4.92,31882,1494,4.92,31882,31882,1399-9-5
890,ضپنا1020,اختيارخ رمپنا-13406-1399/10/09,1,26,242587800,6781,6300,6300,-481,-7.09,6300,-481,-7.09,6300,6300,1399-9-5
891,تملي702,تسهيلات مسكن ب. ملي-ارديبهشت97,1,50,43228850,910081,864577,864577,-45504,-5.0,864577,-45504,-5.0,864577,864577,1399-9-5
892,اراد49,مرابحه عام دولت4-ش.خ 0206,1,21,19603920,937400,933520,933520,-3880,-0.41,933520,-3880,-0.41,933520,933520,1399-9-5
893,آريان2,سرمايه گذاري پارس آريان,1,115000000,1808490000000,14978,15726,15726,748,4.99,15726,748,4.99,15726,15726,1399-9-5
894,اراد314,مرابحه عام دولت3-ش.خ 0208,1,12500000,11048250000000,1000000,883860,883860,-116140,-11.61,883860,-116140,-11.61,883860,883860,1399-9-5
895,حفاري2,حفاري شمال,1,47371000,622454940000,13140,13140,13140,0,0.0,13140,0,0.0,13140,13140,1399-9-5
896,تملي703,تسهيلات مسكن ب. ملي-خرداد97,1,6,5242176,919679,873696,873696,-45983,-5.0,873696,-45983,-5.0,873696,873696,1399-9-5
897,صايپا412,صكوك مرابحه سايپا412-3ماهه 16%,1,85,73782125,913710,868025,868025,-45685,-5.0,868025,-45685,-5.0,868025,868025,1399-9-5
898,صمسكن912,ص دين مسكن جنوب-ماهانه16درصد,1,149,9964077,70392,66873,66873,-3519,-5.0,66873,-3519,-5.0,66873,66873,1399-9-5
899,اتكام2,شركت بيمه اتكايي امين,1,38900000,237290000000,6053,6100,6100,47,0.78,6100,47,0.78,6100,6100,1399-9-5
900,وغدير2,سرمايه‌گذاري‌غدير(هلدينگ‌,1,16429143,205199996070,12490,12490,12490,0,0.0,12490,0,0.0,12490,12490,1399-9-5
901,اراد354,مرابحه عام دولت3-ش.خ 0103,1,5000000,4778540000000,949038,955708,955708,6670,0.7,955708,6670,0.7,955708,955708,1399-9-5
902,كاذر2,فرآورده‌هاي‌نسوزآذر,1,3005000,61933050000,19630,20610,20610,980,4.99,20610,980,4.99,20610,20610,1399-9-5
903,ضگل1141,اختيارخ كگل-14000-1399/11/21,1,1,5937000,5320,5937,5937,617,11.6,5937,617,11.6,5937,5937,1399-9-5
904,كمند2,صندوق س. با درآمد ثابت كمند,1,40000000,40000000,10106,1,1,-10105,-99.99,1,-10105,-99.99,1,1,1399-9-5
