,نماد,نام,تعداد,حجم,ارزش,دیروز,اولین,آخرین معامله - مقدار,آخرین معامله - تغییر,آخرین معامله - درصد,قیمت پایانی - مقدار,قیمت پایانی - تغییر,قیمت پایانی - درصد,کمترین,بیشترین,تاریخ
0,ثبهساز,بهساز كاشانه تهران,50047,563844113,1781331379420,3150,3250,3030,-120,-3.81,3160,10,0.32,3000,3300,1399-10-23
1,كرمان,س. توسعه و عمران استان كرمان,38553,57081167,5218873930269,89056,93508,86624,-2432,-2.73,91429,2373,2.66,86500,93508,1399-10-23
2,وكبهمن,مديريت سرمايه گذاري كوثربهمن,37798,42383214,860619605711,21209,20149,20149,-1060,-5.0,20306,-903,-4.26,20149,20990,1399-10-23
3,چخزر,صنايع چوب خزر كاسپين,37797,1615771,73465875828,43303,45468,45468,2165,5.0,45468,2165,5.0,45468,45468,1399-10-23
4,ولپارس,ليزينگ پارسيان,36081,104245710,739378322220,7240,6880,7350,110,1.52,7090,-150,-2.07,6880,7500,1399-10-23
5,بوعلي,پتروشيمي بوعلي سينا,34995,16699353,806249649990,50780,49310,48250,-2530,-4.98,48280,-2500,-4.92,48250,49310,1399-10-23
6,پالايش,صندوق پالايشي يکم-سهام,34080,17278104,1094968702130,68630,66000,62130,-6500,-9.47,63370,-5260,-7.66,61980,66000,1399-10-23
7,شستا,سرمايه گذاري تامين اجتماعي,31891,150796175,2995465203660,20670,20740,19640,-1030,-4.98,19860,-810,-3.92,19640,20740,1399-10-23
8,دارا يكم,صندوق واسطه گري مالي يكم-سهام,31147,13333220,1720019696390,139920,136700,126010,-13910,-9.94,129000,-10920,-7.8,125930,136700,1399-10-23
9,شاروم,پتروشيمي اروميه,29185,35601012,966098807523,27497,28871,26123,-1374,-5.0,27137,-360,-1.31,26123,28871,1399-10-23
10,وسپهر,سرمايه گذاري مالي سپهرصادرات,28915,100732028,995721329285,10127,10000,9735,-392,-3.87,9885,-242,-2.39,9711,10130,1399-10-23
11,سپيدار,سپيدار سيستم آسيا,27168,249846,10944004338,41718,43803,43803,2085,5.0,42133,415,0.99,43803,43803,1399-10-23
12,فملي,ملي‌ صنايع‌ مس‌ ايران‌,22017,172197707,1969824264210,11980,11610,11390,-590,-4.92,11440,-540,-4.51,11390,11930,1399-10-23
13,كچاد,معدني‌وصنعتي‌چادرملو,17873,14039629,276792430030,20080,20100,19200,-880,-4.38,19720,-360,-1.79,19100,20380,1399-10-23
14,سيتا,سرمايه گذاري سيمان تامين,17695,44084442,661980971890,15020,15010,15020,0,0.0,15020,0,0.0,15000,15300,1399-10-23
15,امين,تامين سرمايه امين,17530,39880573,413487833850,10210,10400,10450,240,2.35,10370,160,1.57,10010,10600,1399-10-23
16,بپيوند,برق و انرژي پيوندگستر پارس,17222,21245211,396606102227,19618,19020,18638,-980,-5.0,18668,-950,-4.84,18638,19100,1399-10-23
17,آبادا,توليد نيروي برق آبادان,16092,10073132,166271597620,17010,16530,16990,-20,-0.12,16510,-500,-2.94,16160,17100,1399-10-23
18,فولاد,فولاد مباركه اصفهان,15784,137108027,1549499198200,11870,11500,11280,-590,-4.97,11300,-570,-4.8,11280,11670,1399-10-23
19,ثاميد,توسعه و عمران اميد,15324,122982813,241424771880,2040,2000,1940,-100,-4.9,1960,-80,-3.92,1940,2060,1399-10-23
20,وتجارت,بانك تجارت,14712,568429739,1613963771600,2910,2910,2770,-140,-4.81,2840,-70,-2.41,2770,2920,1399-10-23
21,غصينو,صنعتي مينو,14672,24524105,2251123060420,90213,94723,85703,-4510,-5.0,91792,1579,1.75,85703,94723,1399-10-23
22,خودرو,ايران‌ خودرو,14645,475827555,1249102228450,2750,2690,2620,-130,-4.73,2630,-120,-4.36,2620,2700,1399-10-23
23,كلر,كلر پارس,14453,19138291,2367523010709,124919,131164,119400,-5519,-4.42,123706,-1213,-0.97,118674,131164,1399-10-23
24,كاذر,فرآورده‌هاي‌نسوزآذر,14189,38252099,1503856317880,38020,39920,36700,-1320,-3.47,39310,1290,3.39,36520,39920,1399-10-23
25,قاسم,قاسم ايران,13909,97604815,1742916094101,17523,18399,16647,-876,-5.0,17857,334,1.91,16647,18399,1399-10-23
26,حآسا,آسيا سير ارس,12902,28946917,1545154295605,51334,53900,53900,2566,5.0,53379,2045,3.98,51334,53900,1399-10-23
27,آريا,پليمر آريا ساسول,12873,3823321,335155707104,92232,87626,87621,-4611,-5.0,87661,-4571,-4.96,87621,90050,1399-10-23
28,كرازي,كارخانجات‌توليدي‌شيشه‌رازي‌,12851,30810176,1119682255040,35240,36990,35210,-30,-0.09,36340,1100,3.12,34000,37000,1399-10-23
29,چكاپا,گروه صنايع كاغذ پارس,12849,164029044,1046940074080,6260,6420,6570,310,4.95,6380,120,1.92,5950,6570,1399-10-23
30,خساپا,سايپا,12437,480766282,1027202456380,2240,2180,2130,-110,-4.91,2140,-100,-4.46,2130,2220,1399-10-23
31,ديران,ايران‌دارو,12225,28012710,1095962526610,38180,39000,40080,1900,4.98,39120,940,2.46,37000,40080,1399-10-23
32,بميلا,توسعه بازرگاني آهن وفولادميلاد,11360,46267092,1334465455129,28611,30041,27477,-1134,-3.96,28843,232,0.81,27181,30041,1399-10-23
33,تكشا,گسترش‌صنايع‌وخدمات‌كشاورزي‌,10732,11724295,923754482520,77040,80880,73900,-3140,-4.08,78790,1750,2.27,73190,80890,1399-10-23
34,شپنا,پالايش نفت اصفهان,10419,98841689,1013361615770,10760,10470,10230,-530,-4.93,10250,-510,-4.74,10230,10600,1399-10-23
35,بكاب,صنايع‌جوشكاب‌يزد,9767,1685400,820206929610,487620,512000,463260,-24360,-5.0,486650,-970,-0.2,463240,512000,1399-10-23
36,توريل,توکاريل,9732,29492054,1049236591930,36010,37810,34210,-1800,-5.0,35577,-433,-1.2,34210,37810,1399-10-23
37,زرين,صندوق س. سهام زرين كوروش-س,9353,71597581,715975810000,10000,10000,10000,0,0.0,10000,0,0.0,10000,10000,1399-10-23
38,پيزد,مجتمع صنايع لاستيك يزد,9342,2893554,239267717317,86662,83640,82329,-4333,-5.0,82690,-3972,-4.58,82329,86300,1399-10-23
39,ثنور,سرمايه گذاري كوه نور,9122,66969197,997367474908,15094,15848,14340,-754,-5.0,14893,-201,-1.33,14340,15848,1399-10-23
40,رافزا,رايان هم افزا,9108,53146,2212680564,39652,41634,41634,1982,5.0,39735,83,0.21,41634,41634,1399-10-23
41,خزر,فنرسازي‌زر,9003,21613667,822537822160,36410,38000,38230,1820,5.0,38060,1650,4.53,36710,38230,1399-10-23
42,وبملت,بانك ملت,8948,241022637,992239610520,4310,4220,4100,-210,-4.87,4120,-190,-4.41,4100,4290,1399-10-23
43,بكام,كارخانجات توليدي شهيد قندي,8875,166017420,780940459980,4500,4660,4720,220,4.89,4700,200,4.44,4530,4720,1399-10-23
44,شتران,پالايش نفت تهران,8838,72167930,618343586760,9010,8640,8560,-450,-4.99,8570,-440,-4.88,8560,8850,1399-10-23
45,زنگان,صنعت روي زنگان,8784,6950143,823321861968,115454,121226,112300,-3154,-2.73,118461,3007,2.6,109682,121226,1399-10-23
46,سدور,سيمان‌ دورود,8719,63704699,983756536740,15120,15870,14370,-750,-4.96,15440,320,2.12,14370,15870,1399-10-23
47,ولشرق,ليزينگ ايران و شرق,8685,50990567,505718719079,10130,9624,9660,-470,-4.64,9918,-212,-2.09,9624,10450,1399-10-23
48,بگيلان,توسعه مسير برق گيلان,8393,3246957,68172427551,21989,21600,20890,-1099,-5.0,20996,-993,-4.52,20890,21600,1399-10-23
49,ثنوسا,نوسازي‌وساختمان‌تهران‌,8330,55734512,944254077910,17640,16760,16760,-880,-4.99,16940,-700,-3.97,16760,17950,1399-10-23
50,شتوكا,توكا رنگ فولاد سپاهان,8297,11514016,887715464408,75613,79393,71833,-3780,-5.0,77099,1486,1.97,71833,79393,1399-10-23
51,غپينو,پارس‌ مينو,8062,74345585,781206976830,10690,11220,10160,-530,-4.96,10510,-180,-1.68,10160,11220,1399-10-23
52,خودكفا,اقتصادي و خودكفايي آزادگان,8004,25208243,966323202219,38907,39347,37740,-1167,-3.0,38334,-573,-1.47,37740,40000,1399-10-23
53,خرينگ,رينگ‌سازي‌مشهد,7774,11253555,796387943690,71380,74940,67890,-3490,-4.89,70770,-610,-0.85,67820,74940,1399-10-23
54,ساربيل,سيمان آرتا اردبيل,7633,8722143,456202499390,51210,53770,49140,-2070,-4.04,52300,1090,2.13,49000,53770,1399-10-23
55,فرآور,فرآوري‌موادمعدني‌ايران‌,7137,19423906,703360263300,35510,37280,35060,-450,-1.27,36210,700,1.97,34120,37280,1399-10-23
56,لكما,كارخانجات‌مخابراتي‌ايران‌,7092,50734040,450275144638,8846,9111,8581,-265,-3.0,8875,29,0.33,8581,9111,1399-10-23
57,خشرق,الكتريك‌ خودرو شرق‌,7051,23993672,646293793570,26400,26600,25900,-500,-1.89,26940,540,2.05,25080,27720,1399-10-23
58,وبصادر,بانك صادرات ايران,7041,178803262,464161110880,2720,2670,2590,-130,-4.78,2600,-120,-4.41,2590,2690,1399-10-23
59,غفارس,شير پاستوريزه پگاه فارس,6789,31168671,431406210728,13588,13800,13800,212,1.56,13841,253,1.86,12909,14267,1399-10-23
60,سيستم,همكاران سيستم,6778,26975602,1160116518630,41190,43240,41570,380,0.92,43010,1820,4.42,41010,43240,1399-10-23
61,ذوب,سهامي ذوب آهن  اصفهان,6484,99512838,450694758778,4742,4760,4505,-237,-5.0,4529,-213,-4.49,4505,4760,1399-10-23
62,زملارد,كشاورزي و دامپروري ملارد شير,6436,2855490,128109469277,46929,44710,44583,-2346,-5.0,44864,-2065,-4.4,44583,48020,1399-10-23
63,كسعدي,كاشي‌ سعدي‌,5975,24158372,503420486490,20580,19560,21600,1020,4.96,20840,260,1.26,19560,21600,1399-10-23
64,وايران,ليزينگ ايرانيان,5946,35130399,557630929170,15240,15300,16000,760,4.99,15870,630,4.13,15290,16000,1399-10-23
65,شنفت,نفت‌ پارس‌,5941,8901677,599075167240,66610,69940,64300,-2310,-3.47,67300,690,1.04,63280,69940,1399-10-23
66,قرن,پديده شيمي قرن,5938,7744304,548363949560,71240,71500,68870,-2370,-3.33,70810,-430,-0.6,68000,74000,1399-10-23
67,فنورد,نوردوقطعات‌ فولادي‌,5846,1217418,387777209710,305210,319980,320430,15220,4.99,318520,13310,4.36,308720,320470,1399-10-23
68,سفاسي,شركت فارسيت اهواز,5637,19571219,334677313096,17458,17700,16935,-523,-3.0,17100,-358,-2.05,16935,17700,1399-10-23
69,كلوند,كاشي‌ الوند,5578,11316482,479231513230,40670,42700,41400,730,1.79,42350,1680,4.13,40670,42700,1399-10-23
70,شدوص,دوده‌ صنعتي‌ پارس‌,5575,21670452,759406140130,33620,35300,35300,1680,5.0,35040,1420,4.22,32600,35300,1399-10-23
71,شبندر,پالايش نفت بندرعباس,5550,30694728,648593369160,22230,21270,21120,-1110,-4.99,21130,-1100,-4.95,21120,21720,1399-10-23
72,كوير,توليدي فولاد سپيد فراب كوير,5517,15556334,399251035070,24880,26000,25050,170,0.68,25660,780,3.14,24640,26120,1399-10-23
73,پترول,گروه پتروشيمي س. ايرانيان,5503,31076672,325740960260,11020,10580,10470,-550,-4.99,10480,-540,-4.9,10470,10740,1399-10-23
74,ثغرب,شركت سرمايه گذاري مسكن شمالغرب,5493,37860709,366328573416,9315,9780,9440,125,1.34,9676,361,3.88,9325,9780,1399-10-23
75,ساوه,سيمان ساوه,5441,2714198,153384176288,55971,57650,54400,-1571,-2.81,56512,541,0.97,53300,58700,1399-10-23
76,انرژي3,سايراشخاص بورس انرژي,5417,1100826,438479490100,417890,410100,397000,-20890,-5.0,398320,-19570,-4.68,397000,410100,1399-10-23
77,چفيبر,فيبر ايران‌,5383,28353563,454921881730,15730,16510,14950,-780,-4.96,16040,310,1.97,14950,16510,1399-10-23
78,زكوثر,سرمايه گذاري كشاورزي كوثر,5226,11644387,306026022910,27160,27990,26150,-1010,-3.72,26280,-880,-3.24,25810,27990,1399-10-23
79,غسالم,سالمين‌,5138,51987626,259888181530,5210,5210,4950,-260,-4.99,5000,-210,-4.03,4950,5210,1399-10-23
80,سمازن,سيمان‌مازندران‌,5100,25003878,282068849620,10800,10800,11340,540,5.0,11280,480,4.44,10260,11340,1399-10-23
81,سبزوا,سيمان لار سبزوار,5064,52418599,245359726792,4837,4900,4610,-227,-4.69,4681,-156,-3.23,4596,4900,1399-10-23
82,وپويا,سرمايه گذاري پويا,5034,17320791,115934464155,6929,7060,6583,-346,-4.99,6693,-236,-3.41,6583,7060,1399-10-23
83,غمينو,شركت صنايع غذايي مينو شرق,4992,26001218,449236988656,17018,17868,17110,92,0.54,17278,260,1.53,16168,17868,1399-10-23
84,اتكاي,بيمه اتكايي ايرانيان,4945,46268374,747347123562,15582,16361,15290,-292,-1.87,16152,570,3.66,15000,16361,1399-10-23
85,دزهراوي,داروسازي‌زهراوي‌,4868,24389074,265361255590,10430,10900,10950,520,4.99,10880,450,4.31,10530,10950,1399-10-23
86,خريخت,صنايع‌ريخته‌گري‌ايران‌,4780,87858218,410760548460,4500,4500,4720,220,4.89,4680,180,4.0,4360,4720,1399-10-23
87,دتوليد,داروسازي توليد دارو,4772,14864108,559900006506,36132,37938,37938,1806,5.0,37668,1536,4.25,36470,37938,1399-10-23
88,حكشتي,كشتيراني جمهوري اسلامي ايران,4739,23109582,485795267800,22070,21500,20970,-1100,-4.98,21020,-1050,-4.76,20970,21500,1399-10-23
89,ثاباد,توريستي ورفاهي آبادگران ايران,4720,8384674,448187832400,53070,54100,50420,-2650,-4.99,53450,380,0.72,50420,55720,1399-10-23
90,ملت,بيمه ملت,4718,18997761,361630108170,19750,20140,18770,-980,-4.96,19040,-710,-3.59,18770,20140,1399-10-23
91,ثتوسا,س.توسعه و عمران استان اردبيل,4682,5217983,251946082812,48547,49500,47220,-1327,-2.73,48284,-263,-0.54,47091,49980,1399-10-23
92,صبا,سرمايه گذاري صبا تامين,4651,21936338,160644048872,7661,7709,7278,-383,-5.0,7323,-338,-4.41,7278,7709,1399-10-23
93,فارس,صنايع پتروشيمي خليج فارس,4562,28895626,305252903020,10990,11100,10450,-540,-4.91,10560,-430,-3.91,10450,11200,1399-10-23
94,زنجان,صنايع كشاورزي وكود زنجان,4533,25473518,299677950598,11941,12130,11583,-358,-3.0,11764,-177,-1.48,11583,12280,1399-10-23
95,كپارس,كاشي‌ پارس‌,4519,1930792,403500783450,214680,217500,203950,-10730,-5.0,208980,-5700,-2.66,203950,221440,1399-10-23
96,خنصير,مهندسي‌نصيرماشين‌,4499,4007080,404965521970,98020,102000,102590,4570,4.66,101060,3040,3.1,98900,102920,1399-10-23
97,فزرين,زرين معدن آسيا,4483,23709572,625530929877,25318,26583,25800,482,1.9,26383,1065,4.21,25300,26583,1399-10-23
98,ثقزوي,شركت عمران و سازندگي قزوين,4449,6707844,273782428175,39950,41148,41148,1198,3.0,40815,865,2.17,39950,41148,1399-10-23
99,غچين,كشت‌ و صنعت‌ چين‌ چين,4367,5196243,438810741030,85180,87000,83500,-1680,-1.97,84450,-730,-0.86,81300,89000,1399-10-23
100,شگويا,پتروشيمي تندگويان,4356,24683224,249935438587,10641,10250,10109,-532,-5.0,10126,-515,-4.84,10109,10490,1399-10-23
101,ثالوند,سرمايه گذاري مسكن الوند,4334,23204602,475312365557,21370,20306,20420,-950,-4.45,20484,-886,-4.15,20302,21390,1399-10-23
102,خگستر,گسترش‌سرمايه‌گذاري‌ايران‌خودرو,4287,114583827,354338454400,3250,3090,3090,-160,-4.92,3090,-160,-4.92,3090,3200,1399-10-23
103,قشير,قند شيروان قوچان و بجنورد,4265,6934161,252088022441,36442,38263,34620,-1822,-5.0,36355,-87,-0.24,34620,38263,1399-10-23
104,البرز,بيمه البرز,4194,68322295,345896973460,5280,5450,5030,-250,-4.73,5060,-220,-4.17,5020,5450,1399-10-23
105,دشيمي,شيمي‌ داروئي‌ داروپخش‌,4177,12855909,786933770280,58660,57790,61590,2930,4.99,61210,2550,4.35,55730,61590,1399-10-23
106,وهنر,گروه توسعه هنر ايران,4134,44403882,259856862096,5741,5569,5913,172,3.0,5852,111,1.93,5569,5913,1399-10-23
107,خفولا,خدمات فني فولاد يزد,4124,9377121,577739723593,62590,60713,62060,-530,-0.85,61612,-978,-1.56,60713,64458,1399-10-23
108,سغرب,سيمان‌غرب‌,4106,12367230,345776361700,28770,27340,28800,30,0.1,27960,-810,-2.82,27340,29900,1399-10-23
109,پاسا,ايران‌ياساتايرورابر,4100,11183208,324803062970,29420,30780,28000,-1420,-4.83,29040,-380,-1.29,27950,30780,1399-10-23
110,وخاور,بانك خاورميانه,4097,29873649,337075029150,11090,11310,10950,-140,-1.26,11280,190,1.71,10620,11580,1399-10-23
111,حفاري,حفاري شمال,4081,31891318,339157483390,11130,10800,10580,-550,-4.94,10630,-500,-4.49,10580,11050,1399-10-23
112,ولغدر,ليزينگ‌خودروغدير,4060,11144694,362387426370,33310,33600,31650,-1660,-4.98,32520,-790,-2.37,31650,33800,1399-10-23
113,خكاوه,سايپا ديزل,4028,58376006,360052709647,6054,6100,6235,181,2.99,6168,114,1.88,5900,6235,1399-10-23
114,وشهر,بانك شهر,3838,47889323,313044284814,6305,6528,6557,252,4.0,6537,232,3.68,6395,6557,1399-10-23
115,غگيلا,شيرپاستوريزه پگاه گيلان,3810,63555,1418738265,21260,22323,22323,1063,5.0,21289,29,0.14,22323,22323,1399-10-23
116,فولاي,صنايع فولاد آلياژي يزد,3784,5438438,247149217201,47145,47510,44790,-2355,-5.0,45445,-1700,-3.61,44788,47950,1399-10-23
117,شيران,س. صنايع‌شيميايي‌ايران,3769,11684998,448508932990,40180,40190,38500,-1680,-4.18,38380,-1800,-4.48,38180,40190,1399-10-23
118,ومعلم,بيمه معلم,3739,35084653,202781120971,5998,6000,5700,-298,-4.97,5780,-218,-3.63,5699,6149,1399-10-23
119,كهمدا,شيشه‌ همدان‌,3739,13462758,189544156340,14050,14320,13710,-340,-2.42,14080,30,0.21,13490,14690,1399-10-23
120,وايرا,سرمايه گذاري صنايع ايران,3679,16349514,214192227606,12757,13139,13139,382,2.99,13101,344,2.7,12811,13139,1399-10-23
121,كترام,توليدي‌ كاشي‌ تكسرام‌,3678,7436179,406544092250,54880,57390,52140,-2740,-4.99,54670,-210,-0.38,52140,57390,1399-10-23
122,لوتوس,تامين سرمايه لوتوس پارسيان,3595,18163923,239186374070,12680,13310,13000,320,2.52,13170,490,3.86,12680,13310,1399-10-23
123,سبهان,سيمان‌ بهبهان‌,3566,3186885,339242700710,101620,106700,106690,5070,4.99,106450,4830,4.75,101070,106700,1399-10-23
124,ونفت,سرمايه‌گذاري‌ صنعت‌ نفت‌,3555,18291261,360172729810,20270,20600,19260,-1010,-4.98,19690,-580,-2.86,19260,20650,1399-10-23
125,حسينا,توسعه خدمات دريايي وبندري سينا,3521,3342749,246107000188,71634,70000,72220,586,0.82,73624,1990,2.78,68500,75215,1399-10-23
126,ركيش,كارت اعتباري ايران كيش,3500,11008260,296198448520,27120,27000,27000,-120,-0.44,26910,-210,-0.77,25770,28200,1399-10-23
127,سخاش,سيمان‌خاش‌,3493,1396412,201005564610,142630,149760,136980,-5650,-3.96,143940,1310,0.92,136000,149760,1399-10-23
128,شجم,صنايع پتروشيمي تخت جمشيد,3479,33515511,451245255027,13332,13731,13731,399,2.99,13464,132,0.99,12933,13731,1399-10-23
129,ولانا,شركت ليزينگ آريا دانا,3420,6789065,210434113138,30417,31829,30400,-17,-0.06,30996,579,1.9,29110,31829,1399-10-23
130,كيميا,معدني كيمياي زنجان گستران,3366,5794854,254151968083,43297,42700,42100,-1197,-2.76,43858,561,1.3,42000,45290,1399-10-23
131,دتوزيع,توزيع دارو پخش,3341,5430635,262700331573,46256,48568,48568,2312,5.0,48374,2118,4.58,46230,48568,1399-10-23
132,فروي,ذوب روي اصفهان,3291,3374137,227985041577,70957,67410,67410,-3547,-5.0,67568,-3389,-4.78,67410,70000,1399-10-23
133,غگل,گلوكوزان‌,3270,37176885,164761921820,4650,4550,4420,-230,-4.95,4430,-220,-4.73,4420,4550,1399-10-23
134,سبجنو,سيمان‌ بجنورد,3266,5078683,221547661940,42800,44940,42250,-550,-1.29,43620,820,1.92,40870,44940,1399-10-23
135,كاوه,فولاد كاوه جنوب كيش,3226,52896751,957597785900,19030,18700,18080,-950,-4.99,18100,-930,-4.89,18080,18850,1399-10-23
136,لبوتان,گروه‌صنعتي‌بوتان‌,3212,3052763,277348773030,88800,92000,93000,4200,4.73,90850,2050,2.31,84360,93240,1399-10-23
137,كمند,صندوق س. با درآمد ثابت كمند,3173,136176014,1367943803687,10039,10045,10045,6,0.06,10045,6,0.06,10043,10048,1399-10-23
138,فاراك,ماشين‌ سازي‌ اراك‌,3161,36220390,236553751540,6850,6710,6510,-340,-4.96,6530,-320,-4.67,6510,6850,1399-10-23
139,كاذرح,ح . فرآورده‌هاي‌نسوزآذر,3157,11651330,312517834020,29530,26990,26580,-2950,-9.99,26820,-2710,-9.18,26580,28800,1399-10-23
140,سيمرغ,سيمرغ,3156,8475772,161727996720,19780,19090,18800,-980,-4.95,19080,-700,-3.54,18800,20330,1399-10-23
141,نوري,پتروشيمي نوري,3139,3027450,195294050480,67590,66360,64220,-3370,-4.99,64510,-3080,-4.56,64220,67380,1399-10-23
142,وملل,اعتباري ملل,3137,50320051,860197323817,17247,17260,17200,-47,-0.27,17095,-152,-0.88,16385,17440,1399-10-23
143,وپاسار,بانك  پاسارگاد,3106,50999331,597641053200,11770,11800,11470,-300,-2.55,11720,-50,-0.42,11420,11830,1399-10-23
144,قصفها,قنداصفهان‌,3088,926888,163467703110,180540,182500,175000,-5540,-3.07,176360,-4180,-2.32,171520,187000,1399-10-23
145,غگلستا,شير پاستوريزه پگاه گلستان,3063,6134096,190437052291,31136,32071,29680,-1456,-4.68,31046,-90,-0.29,29580,32600,1399-10-23
146,كوثر,بيمه كوثر,3041,17519048,403283779808,24076,23870,22873,-1203,-5.0,23020,-1056,-4.39,22873,24000,1399-10-23
147,افق,فروشگاههاي زنجيره اي افق كوروش,3039,2310678,201847564250,87100,88490,85180,-1920,-2.2,87350,250,0.29,84000,89990,1399-10-23
148,ولتجار,واسپاري تجارت وسرمايه ايرانيان,3034,21513674,220733110292,10170,9866,10449,279,2.74,10260,90,0.88,9865,10475,1399-10-23
149,خزاميا,زامياد,2946,28697963,282004550650,10300,10000,9790,-510,-4.95,9830,-470,-4.56,9790,10200,1399-10-23
150,غشهداب,كشت و صنعت شهداب ناب خراسان,2940,33908687,157668626051,4812,4900,4572,-240,-4.99,4650,-162,-3.37,4572,4950,1399-10-23
151,كسعديح,ح . كاشي‌ سعدي‌,2929,13658845,241402736340,16300,15700,17930,1630,10.0,17670,1370,8.4,15700,17930,1399-10-23
152,شبريز,پالايش نفت تبريز,2924,15565055,385340325740,26040,25100,24740,-1300,-4.99,24760,-1280,-4.92,24740,25900,1399-10-23
153,ومعادن,توسعه‌معادن‌وفلزات‌,2911,26214714,292401054740,11710,11400,11130,-580,-4.95,11150,-560,-4.78,11130,11490,1399-10-23
154,بكهنوج,توليد برق ماهتاب كهنوج,2904,60094231,134278377402,2275,2200,2231,-44,-1.93,2234,-41,-1.8,2180,2388,1399-10-23
155,سدبير,س. تدبيرگران فارس وخوزستان,2884,3777732,267681261569,68400,71820,71820,3420,5.0,70858,2458,3.59,67380,71820,1399-10-23
156,قجام,فرآوردههاي غذايي وقندتربت‌جام‌,2867,13837852,241647714499,17491,17980,16967,-524,-3.0,17463,-28,-0.16,16967,17983,1399-10-23
157,وغدير,سرمايه‌گذاري‌غدير(هلدينگ‌,2844,20682485,222808472120,11300,11060,10740,-560,-4.96,10770,-530,-4.69,10740,11070,1399-10-23
158,ثامان,سامان‌ گستراصفهان‌,2843,9701645,232139382750,24310,25520,23100,-1210,-4.98,23930,-380,-1.56,23100,25520,1399-10-23
159,زماهان,مجتمع توليد گوشت مرغ ماهان,2832,4658326,154981269604,32118,33035,31550,-568,-1.77,33270,1152,3.59,31200,33723,1399-10-23
160,سيلام,سيمان‌ ايلام‌,2789,20804686,199439829820,9210,9400,9420,210,2.28,9590,380,4.13,9000,9670,1399-10-23
161,فپنتا,سپنتا,2782,298737,158395067220,535500,562000,508750,-26750,-5.0,530220,-5280,-0.99,508730,562000,1399-10-23
162,غپاك,لبنيات‌ پاك‌,2773,14532458,207603403570,13840,13560,14100,260,1.88,14290,450,3.25,13250,14530,1399-10-23
163,كماسه,تامين‌ ماسه‌ ريخته‌گري‌,2759,4702721,289989145770,59210,62170,59700,490,0.83,61660,2450,4.14,59300,62170,1399-10-23
164,زبينا,كشاورزي و دامپروري بينالود,2758,5217393,259356549806,52256,49644,49644,-2612,-5.0,49710,-2546,-4.87,49644,51300,1399-10-23
165,غالبر,لبنيات‌ كالبر,2739,8435911,125476756590,14960,14700,14400,-560,-3.74,14870,-90,-0.6,14220,15590,1399-10-23
166,وصنعت,سرمايه گذاري توسعه صنعت وتجارت,2726,24750215,161718151940,6840,6710,6520,-320,-4.68,6530,-310,-4.53,6500,6710,1399-10-23
167,ختراكح,ح . ريخته‌گري‌ تراكتورسازي‌,2719,11332994,136449867310,11530,11530,11700,170,1.47,12040,510,4.42,11000,12530,1399-10-23
168,وليز,ليزينگ‌ايران‌,2707,18921996,149641074880,7720,7800,8100,380,4.92,7910,190,2.46,7370,8100,1399-10-23
169,اتكام,شركت بيمه اتكايي امين,2704,45064032,315139963640,6672,6672,7005,333,4.99,6993,321,4.81,6672,7005,1399-10-23
170,خكمك,كمك‌فنرايندامين‌,2670,5627772,248829573230,46360,44060,44050,-2310,-4.98,44210,-2150,-4.64,44050,46000,1399-10-23
171,وحكمت,بيمه حكمت صبا,2653,25790380,153475632883,6030,6210,5850,-180,-2.99,5951,-79,-1.31,5850,6210,1399-10-23
172,قنيشا,قند  نيشابور,2644,4100820,266293118910,66920,68990,63580,-3340,-4.99,64940,-1980,-2.96,63580,68990,1399-10-23
173,وثنو,سرمايه گذاري ساختماني نوين,2574,7196354,160712526727,21752,22790,22710,958,4.4,22332,580,2.67,21100,22839,1399-10-23
174,دفارا,داروسازي‌ فارابي‌,2572,5224622,315787458810,61670,60420,63500,1830,2.97,60440,-1230,-1.99,58590,63500,1399-10-23
175,سرو,صندوق س سروسودمند مدبران-سهام,2567,2036436,137818323890,71130,70000,67040,-4090,-5.75,67680,-3450,-4.85,67010,70000,1399-10-23
176,ستران,سيمان‌ تهران‌,2542,5983758,177165411350,30870,31340,29330,-1540,-4.99,29610,-1260,-4.08,29330,31600,1399-10-23
177,خصدرا,صنعتي‌ دريايي‌ ايران‌,2536,34286921,135185591966,3995,4080,3876,-119,-2.98,3943,-52,-1.3,3876,4080,1399-10-23
178,خاهن,آهنگري‌ تراكتورسازي‌ ايران‌,2527,7438031,287869441160,39080,38180,39100,20,0.05,38700,-380,-0.97,37500,39870,1399-10-23
179,ددام,داروسازي زاگرس فارمد پارس,2517,15812801,277179218150,17010,17860,17860,850,5.0,17530,520,3.06,16250,17860,1399-10-23
180,غشان,شيرپاستوريزه‌پگاه‌خراسان‌,2515,21787747,184682615210,8110,8180,8510,400,4.93,8480,370,4.56,8180,8510,1399-10-23
181,زگلدشت,كشت و دام گلدشت نمونه اصفهان,2504,2355470,153655362973,63921,61000,66200,2279,3.57,65233,1312,2.05,61000,67000,1399-10-23
182,خاذين,سايپاآذين‌,2495,29882597,163577711170,5700,5560,5420,-280,-4.91,5470,-230,-4.04,5420,5690,1399-10-23
183,لپارس,پارس‌ الكتريك‌,2494,1171618,141711879750,126390,126400,120080,-6310,-4.99,120950,-5440,-4.3,120080,126400,1399-10-23
184,دتوزيعح,ح . توزيع دارو پخش,2483,6245213,230630139131,37616,37990,36600,-1016,-2.7,36929,-687,-1.83,35736,39000,1399-10-23
185,ثنام,س ساختماني ب نام آوران مهندسي,2474,6933888,135114464615,19683,20273,19093,-590,-3.0,19486,-197,-1.0,19093,20273,1399-10-23
186,غبهار,كشت وصنعت بهاران گلبهار خراسان,2471,2658100,135680560974,52200,53560,50634,-1566,-3.0,51044,-1156,-2.21,50634,53560,1399-10-23
187,ختراك,ريخته‌گري‌ تراكتورسازي‌ ايران‌,2439,11747389,202623007160,16580,16500,17400,820,4.95,17250,670,4.04,16440,17400,1399-10-23
188,ودي,بيمه  دي,2434,13105445,352578200856,27706,27799,26321,-1385,-5.0,26903,-803,-2.9,26321,28000,1399-10-23
189,خپارس,پارس‌ خودرو,2408,41567277,264016788350,6680,6370,6350,-330,-4.94,6350,-330,-4.94,6350,6500,1399-10-23
190,امين يكم,صندوق درآمد ثابت امين يكم فردا,2393,91935840,940689915357,10224,10230,10234,10,0.1,10232,8,0.08,10226,10237,1399-10-23
191,قثابت,قند ثابت‌ خراسان‌,2390,3605003,244645214040,70680,70730,67150,-3530,-4.99,67860,-2820,-3.99,67150,71800,1399-10-23
192,اخابر,مخابرات ايران,2382,24337495,286525237990,12370,11930,11760,-610,-4.93,11770,-600,-4.85,11760,12180,1399-10-23
193,كي بي سي,شركت كي بي سي,2372,5131443,199490272555,37707,38574,39592,1885,5.0,38876,1169,3.1,36500,39592,1399-10-23
194,بالاس,مهندسي ساختمان تاسيسات راه آهن,2357,2256236,132972836062,60952,61200,57905,-3047,-5.0,58936,-2016,-3.31,57905,61360,1399-10-23
195,فخوز,فولاد  خوزستان,2333,12611196,173777968130,14450,14340,13730,-720,-4.98,13780,-670,-4.64,13730,14490,1399-10-23
196,غشهد,شهد ايران ‌,2328,18151671,144834526740,7910,7660,7800,-110,-1.39,7980,70,0.88,7660,8250,1399-10-23
197,ثاصفا,شركت‌ ساختمان‌ اصفهان‌,2324,5717179,165013647562,29255,28378,28378,-877,-3.0,28863,-392,-1.34,28378,29848,1399-10-23
198,كگل,معدني و صنعتي گل گهر,2321,15019085,256507443030,17920,17920,17030,-890,-4.97,17080,-840,-4.69,17030,17950,1399-10-23
199,دماوند,توليد نيروي برق دماوند,2237,2756223,150532712189,57268,55400,54405,-2863,-5.0,54616,-2652,-4.63,54405,56800,1399-10-23
200,تاپيكو,س. نفت و گاز و پتروشيمي تأمين,2235,18131095,217369238350,12600,12000,11970,-630,-5.0,11990,-610,-4.84,11970,12480,1399-10-23
201,وخارزم,سرمايه گذاري خوارزمي,2233,17421317,144872823440,8720,8400,8290,-430,-4.93,8320,-400,-4.59,8290,8590,1399-10-23
202,زدشت,كشت و صنعت دشت خرم دره,2218,3400749,131674591307,40433,39221,38412,-2021,-5.0,38719,-1714,-4.24,38412,40400,1399-10-23
203,كدما,معدني‌ دماوند,2196,405957,126589571310,328240,311830,311830,-16410,-5.0,311830,-16410,-5.0,311830,311830,1399-10-23
204,قپيرا,فرآورده‌هاي‌غدايي‌وقندپيرانشهر,2194,1274558,159119192870,126140,130000,123000,-3140,-2.49,124840,-1300,-1.03,119840,132440,1399-10-23
205,بپاس,بيمه پاسارگاد,2178,2143919,205981704629,95973,95973,96001,28,0.03,96077,104,0.11,95973,97399,1399-10-23
206,كقزوي,شيشه‌ قزوين‌,2156,12853865,152868949147,11593,12172,11560,-33,-0.28,11893,300,2.59,11250,12172,1399-10-23
207,اعتلا,شركت سرمايه گذاري اعتلاء البرز,2145,13138839,136185167936,9976,10474,10430,454,4.55,10365,389,3.9,10050,10474,1399-10-23
208,اعتماد,صندوق س.اعتماد آفرين پارسيان-د,2142,70196340,2407857845160,34281,34299,34306,25,0.07,34302,21,0.06,34296,34306,1399-10-23
209,ولصنم,ليزينگ‌صنعت‌ومعدن‌,2133,22154380,281809210990,12140,12740,12740,600,4.94,12720,580,4.78,12150,12740,1399-10-23
210,خبهمن,گروه‌بهمن‌,2121,14182266,373479346150,27710,26330,26330,-1380,-4.98,26330,-1380,-4.98,26330,27000,1399-10-23
211,وتوشه,سرمايه‌ گذاري‌ پارس‌ توشه‌,2113,5651738,153515587960,27760,28480,27200,-560,-2.02,27160,-600,-2.16,26380,28490,1399-10-23
212,دسانكو,داروسازي سبحان انكولوژي,2109,5305576,112516642319,21627,22110,20620,-1007,-4.66,21207,-420,-1.94,20546,22115,1399-10-23
213,خمحور,توليدمحورخودرو,2104,2594615,181444196440,71800,74950,68210,-3590,-5.0,69930,-1870,-2.6,68210,74950,1399-10-23
214,بايكا,كارخانجات كابلسازي ‌ايران‌,2094,5132134,301191156124,57120,58800,58833,1713,3.0,58687,1567,2.74,57120,58833,1399-10-23
215,چدن,توليدي چدن سازان,2087,5764160,201417290160,36220,36500,34410,-1810,-5.0,34940,-1280,-3.53,34410,37660,1399-10-23
216,ثعتما,س. ساختماني اعتماد گستر,2071,3635548,218083962892,58991,60760,59540,549,0.93,59987,996,1.69,57222,60760,1399-10-23
217,بجهرم,توسعه مولد نيروگاهي جهرم,2067,22975390,81034572347,3700,3566,3515,-185,-5.0,3527,-173,-4.68,3515,3670,1399-10-23
218,زپارس,ملي كشت و صنعت و دامپروري پارس,2057,2703618,375835425170,133560,138600,135500,1940,1.45,139010,5450,4.08,134960,140230,1399-10-23
219,تكنو,تكنوتار,2050,7821530,178733737130,22480,23600,21360,-1120,-4.98,22850,370,1.65,21360,23600,1399-10-23
220,فلوله,لوله‌وماشين‌سازي‌ايران‌,2022,7930337,180794525120,22190,22700,23290,1100,4.96,22800,610,2.75,21200,23290,1399-10-23
221,وبانك,سرمايه گذاري گروه توسعه ملي,2013,14983067,122336467750,8570,8200,8170,-400,-4.67,8160,-410,-4.78,8150,8530,1399-10-23
222,وپارس,بانك‌پارسيان‌,1995,65153448,200971092930,3240,3120,3080,-160,-4.94,3080,-160,-4.94,3080,3150,1399-10-23
223,دفرا,فرآورده‌هاي‌ تزريقي‌ ايران‌,1987,5217972,161295358700,30110,31610,31200,1090,3.62,30910,800,2.66,29000,31610,1399-10-23
224,سباقر,سيمان باقران,1977,16208308,299810823107,17977,18516,18515,538,2.99,18497,520,2.89,17450,18516,1399-10-23
225,آگاس,صندوق س.هستي بخش آگاه-س,1975,2326504,153507974465,69971,69180,65497,-4474,-6.39,65982,-3989,-5.7,65401,69180,1399-10-23
226,كمينا,شيشه سازي مينا,1954,4982124,197377187245,37875,39500,39768,1893,5.0,39617,1742,4.6,38001,39768,1399-10-23
227,كحافظ,كاشي‌ وسراميك‌ حافظ‌,1939,6935727,106836340600,16080,15820,15280,-800,-4.98,15400,-680,-4.23,15280,16040,1399-10-23
228,وتعاون,بيمه  تعاون,1939,19907086,176552706323,9105,8832,8832,-273,-3.0,8869,-236,-2.59,8832,9050,1399-10-23
229,غبهنوش,بهنوش‌ ايران‌,1938,1390164,131025143510,98700,95000,93770,-4930,-4.99,94250,-4450,-4.51,93770,97680,1399-10-23
230,سصوفي,سيمان‌ صوفيان‌,1903,7198123,113875563030,16340,15770,15530,-810,-4.96,15820,-520,-3.18,15530,16830,1399-10-23
231,شكلر,نيروكلر,1903,6781992,433688028830,67210,65660,63850,-3360,-5.0,63950,-3260,-4.85,63850,67000,1399-10-23
232,وسنا,سرمايه گذاري نيروگاهي ايران,1885,9815566,227852317936,23459,24631,22287,-1172,-5.0,23213,-246,-1.05,22287,24631,1399-10-23
233,فاما,صنعتي‌ آما,1877,4309551,96120127720,23070,22140,22510,-560,-2.43,22300,-770,-3.34,21920,23000,1399-10-23
234,ثاخت,بين‌المللي‌توسعه‌ساختمان,1868,40621708,166998755200,4300,4130,4090,-210,-4.88,4110,-190,-4.42,4090,4250,1399-10-23
235,پدرخش,درخشان‌ تهران‌,1855,1040552,158518904270,158450,151200,160280,1830,1.15,152340,-6110,-3.86,150530,162000,1399-10-23
236,خوساز,محورسازان‌ايران‌خودرو,1854,16248302,143478389820,8550,8210,8970,420,4.91,8830,280,3.27,8150,8970,1399-10-23
237,فلات,گروه صنايع معادن فلات ايرانيان,1854,21414897,348477263838,15924,16401,16336,412,2.59,16273,349,2.19,15535,16401,1399-10-23
238,زاگرس,پتروشيمي زاگرس,1839,1763064,348998383033,206876,200505,196534,-10342,-5.0,197950,-8926,-4.31,196533,206000,1399-10-23
239,غپآذر,شير پگاه آذربايجان شرقي,1832,2417424,154023864287,61510,63999,64585,3075,5.0,63714,2204,3.58,61501,64585,1399-10-23
240,كفرآور,فرآورده هاي سيمان شرق,1814,4539930,112450460206,24729,25470,23988,-741,-3.0,24769,40,0.16,23988,25470,1399-10-23
241,وساپا,سرمايه‌گذاري‌ سايپا,1803,22608616,176530572680,8200,8150,7790,-410,-5.0,7810,-390,-4.76,7790,8150,1399-10-23
242,كسرا,سراميك‌هاي‌صنعتي‌اردكان‌,1802,8396205,220232457150,24990,26230,26230,1240,4.96,26230,1240,4.96,26230,26230,1399-10-23
243,تكنار,مجتمع معادن مس تكنار,1802,1544380,251420068333,162193,167058,157912,-4281,-2.64,162797,604,0.37,157328,167058,1399-10-23
244,ثباغ,شهر سازي و خانه سازي باغميشه,1788,7619434,170064032704,21355,20400,22422,1067,5.0,22320,965,4.52,20400,22422,1399-10-23
245,ومهان,گروه توسعه مالي مهر آيندگان,1775,8141527,110379098169,14258,13710,13546,-712,-4.99,13558,-700,-4.91,13546,13999,1399-10-23
246,بركت,گروه دارويي بركت,1768,7094687,155018910950,23000,21850,21850,-1150,-5.0,21850,-1150,-5.0,21850,21850,1399-10-23
247,كهمداح,ح . شيشه‌ همدان‌,1761,7472860,74474472970,10150,10100,9600,-550,-5.42,9970,-180,-1.77,9600,10520,1399-10-23
248,دلقما,دارويي‌ لقمان‌,1751,2866792,86435731420,30280,31590,29150,-1130,-3.73,30150,-130,-0.43,28910,31590,1399-10-23
249,ريشمك,توليد و صادرات ريشمك,1745,2519649,149929965488,61754,62000,58667,-3087,-5.0,59504,-2250,-3.64,58667,62270,1399-10-23
250,وپسا,س. پتروشيمي ساختمان  خليج فارس,1742,28089029,103873132364,3772,3661,3659,-113,-3.0,3698,-74,-1.96,3659,3862,1399-10-23
251,وحافظ,بيمه حافظ,1741,3517916,281062680329,80573,82989,78156,-2417,-3.0,79895,-678,-0.84,78156,82989,1399-10-23
252,رانفور,خدمات‌انفورماتيك‌,1732,4570342,128022356870,29450,28750,27980,-1470,-4.99,28010,-1440,-4.89,27980,29310,1399-10-23
253,سكارون,سيمان كارون,1731,2331332,570324196997,254647,254645,241915,-12732,-5.0,244634,-10013,-3.93,241915,254645,1399-10-23
254,ثرود,سرمايه‌گذاري مسكن زاينده رود,1729,10957046,146037264829,12886,13300,13190,304,2.36,13328,442,3.43,12440,13530,1399-10-23
255,اپرداز,آتيه داده پرداز,1726,3679059,99956437626,28253,28453,27360,-893,-3.16,27169,-1084,-3.84,26841,28460,1399-10-23
256,چكارن,كارتن‌ ايران‌,1715,26243254,114314061770,4560,4580,4340,-220,-4.82,4360,-200,-4.39,4340,4580,1399-10-23
257,وساخت,سرمايه‌ گذاري‌ ساختمان‌ايران‌,1694,3300986,209964011070,66900,64500,63560,-3340,-4.99,63610,-3290,-4.92,63560,65500,1399-10-23
258,نطرين,عطرين نخ قم,1692,9544642,133584862792,13330,13996,13966,636,4.77,13996,666,5.0,13966,13996,1399-10-23
259,شلرد,كود شيميايي اوره لردگان,1689,15315867,138890113470,9348,9068,9068,-280,-3.0,9068,-280,-3.0,9068,9200,1399-10-23
260,قزوين,كارخانجات‌ قند قزوين‌,1669,3445249,146286084240,40550,42500,41700,1150,2.84,42460,1910,4.71,41000,42570,1399-10-23
261,زكشت,كشاورزي مكانيزه اصفهان كشت,1669,3614938,133588567468,35241,36180,37003,1762,5.0,36955,1714,4.86,36000,37003,1399-10-23
262,ختوقا,قطعات‌ اتومبيل‌ ايران‌,1659,29323315,89318576120,3190,3080,3040,-150,-4.7,3050,-140,-4.39,3040,3150,1399-10-23
263,غمينوح,ح . شركت صنايع غذايي مينو شرق,1649,7855089,92235095104,11699,12140,11400,-299,-2.56,11742,43,0.37,11115,12280,1399-10-23
264,ولساپا,ليزينگ رايان‌ سايپا,1633,30336789,121903344090,4220,4120,4010,-210,-4.98,4020,-200,-4.74,4010,4130,1399-10-23
265,تملت,تامين سرمايه بانك ملت,1631,14054948,107508486000,8020,7840,7620,-400,-4.99,7650,-370,-4.61,7620,7900,1399-10-23
266,غنوش,نوش‌ مازندران‌,1628,1996730,159671166250,83030,80500,78880,-4150,-5.0,79970,-3060,-3.69,78880,83120,1399-10-23
267,فرابورس,فرابورس ايران,1627,2911994,139353761859,50310,47900,47795,-2515,-5.0,47855,-2455,-4.88,47795,48558,1399-10-23
268,تبرك,گروه كارخانجات صنعتي تبرك,1619,4639317,92829036282,20962,20450,19914,-1048,-5.0,20009,-953,-4.55,19914,20750,1399-10-23
269,شصدف,صنعتي دوده فام,1605,36097,1006673136,26560,27888,27888,1328,5.0,26585,25,0.09,27888,27888,1399-10-23
270,شفارا,پتروشيمي فارابي,1600,31126442,171357564338,5364,5524,5524,160,2.98,5505,141,2.63,5410,5524,1399-10-23
271,والبر,سرمايه‌ گذاري‌ البرز(هلدينگ‌,1600,9764348,166677612920,17880,17690,16990,-890,-4.98,17070,-810,-4.53,16990,17690,1399-10-23
272,وملي,گروه‌ صنعتي‌ ملي‌ (هلدينگ‌,1587,614296,150389729830,256500,258190,243680,-12820,-5.0,244820,-11680,-4.55,243680,258190,1399-10-23
273,زقيام,كشت و دام قيام اصفهان,1583,3127701,100389329484,33407,33599,31737,-1670,-5.0,32097,-1310,-3.92,31737,34180,1399-10-23
274,كمنگنز,معادن‌منگنزايران‌,1581,890504,109163380020,126580,125500,120260,-6320,-4.99,122590,-3990,-3.15,120260,129100,1399-10-23
275,حپارسا,توسعه حمل و نقل ريلي پارسيان,1575,2282056,96187989697,43663,42350,41480,-2183,-5.0,42150,-1513,-3.47,41480,43650,1399-10-23
276,لپيام,گسترش صنايع پيام,1572,6389757,291694988093,44397,45728,45728,1331,3.0,45650,1253,2.82,43314,45728,1399-10-23
277,ونوين,بانك‌اقتصادنوين‌,1572,33588217,151382303910,4730,4560,4500,-230,-4.86,4510,-220,-4.65,4500,4690,1399-10-23
278,تليسه,دامداري تليسه نمونه,1565,12059446,61647697904,5349,5195,5082,-267,-4.99,5112,-237,-4.43,5082,5320,1399-10-23
279,سهرمز,سيمان‌هرمزگان‌,1558,4339517,114515322790,25210,25770,26470,1260,5.0,26390,1180,4.68,25390,26470,1399-10-23
280,ثشاهد,سرمايه‌ گذاري‌ شاهد,1554,8634696,183131851360,22280,21500,21170,-1110,-4.98,21210,-1070,-4.8,21170,21890,1399-10-23
281,تاپكيش,تجارت الكترونيك پارسيان كيش,1552,5231581,123141523957,22620,23510,23751,1131,5.0,23538,918,4.06,22959,23751,1399-10-23
282,شپديس,پتروشيمي پرديس,1537,4690707,429369056780,96100,93220,91300,-4800,-4.99,91540,-4560,-4.75,91300,95000,1399-10-23
283,وآتوس,س.آرين توسكا قيمت اسمي 350ريال,1517,2094665,105262085443,49609,47129,52089,2480,5.0,50252,643,1.3,47129,52089,1399-10-23
284,كهرام,توليدي گرانيت بهسرام,1511,1267591,116770503444,89906,85411,94401,4495,5.0,92120,2214,2.46,85411,94401,1399-10-23
285,شزنگ,تجهيزنيروي‌زنگان‌,1511,822607,214130868235,252889,260475,260475,7586,3.0,260308,7419,2.93,253468,260475,1399-10-23
286,دلرح,ح . داروسازي‌ اكسير,1493,2125681,81392512420,36320,35450,37500,1180,3.25,38290,1970,5.42,35450,39790,1399-10-23
287,ماديرا,صنايع ماشين هاي اداري ايران,1493,7107554,91286441312,13485,13000,12811,-674,-5.0,12844,-641,-4.75,12811,13300,1399-10-23
288,خفناور,مهندسي صنعتي روان فن آور,1492,5181970,186072177749,35114,35400,36869,1755,5.0,35908,794,2.26,33359,36869,1399-10-23
289,شكربن,كربن‌ ايران‌,1481,2347927,275494377700,122420,119800,116300,-6120,-5.0,117340,-5080,-4.15,116300,122400,1399-10-23
290,شبهرن,نفت‌ بهران‌,1479,3754092,221058568400,61950,59010,58860,-3090,-4.99,58880,-3070,-4.96,58860,60800,1399-10-23
291,وبوعلي,سرمايه‌گذاري‌بوعلي‌,1464,13259017,77087831570,6090,5860,5790,-300,-4.93,5810,-280,-4.6,5790,6080,1399-10-23
292,خچرخش,چرخشگر,1464,4526197,97010951950,22520,21410,21400,-1120,-4.97,21430,-1090,-4.84,21400,21900,1399-10-23
293,ونيكي,سرمايه‌گذاري‌ ملي‌ايران‌,1460,6912680,100421548110,15280,14760,14520,-760,-4.97,14530,-750,-4.91,14520,14760,1399-10-23
294,تپمپي,پمپ‌ سازي‌ ايران‌,1458,3794991,111150836890,30710,29180,29180,-1530,-4.98,29290,-1420,-4.62,29180,30640,1399-10-23
295,سرچشمه,سرمايه گذاري مس سرچشمه,1453,14727652,125261429501,8924,8520,8478,-446,-5.0,8505,-419,-4.7,8478,8890,1399-10-23
296,فاذر,صنايع‌ آذرآب‌,1443,5265637,155174773940,30910,31000,29370,-1540,-4.98,29470,-1440,-4.66,29370,31000,1399-10-23
297,رنيك,جنرال مكانيك,1439,4056420,97577696681,25013,24535,23763,-1250,-5.0,24055,-958,-3.83,23763,25457,1399-10-23
298,شپاكسا,پاكسان‌,1434,3614320,118145033090,34200,33990,32840,-1360,-3.98,32690,-1510,-4.42,32490,33990,1399-10-23
299,بترانس,ايران‌ ترانسفو,1434,11875985,47266420300,4180,3980,3980,-200,-4.78,3980,-200,-4.78,3980,3980,1399-10-23
300,خفنر,فنرسازي‌خاور,1403,9937715,250511243060,24190,24000,25390,1200,4.96,25210,1020,4.22,23050,25390,1399-10-23
301,كاما,باما,1400,3913511,82262001220,22120,21020,21020,-1100,-4.97,21040,-1080,-4.88,21020,21020,1399-10-23
302,فباهنر,مس‌ شهيدباهنر,1391,2161018,111294916100,54100,54400,51400,-2700,-4.99,51500,-2600,-4.81,51400,54400,1399-10-23
303,پاكشو,گروه صنعتي پاكشو,1387,2416431,204832214260,84750,84750,85150,400,0.47,84770,20,0.02,84450,85200,1399-10-23
304,سفارس,سيمان فارس و خوزستان,1386,6708936,108846672710,16960,16850,16120,-840,-4.95,16220,-740,-4.36,16120,16850,1399-10-23
305,لسرما,سرما آفرين‌,1383,3531526,95834957840,28440,28900,27020,-1420,-4.99,27140,-1300,-4.57,27020,28900,1399-10-23
306,هرمز,فولاد هرمزگان جنوب,1375,15279464,207715470812,14280,13850,13566,-714,-5.0,13594,-686,-4.8,13566,13970,1399-10-23
307,شخارك,پتروشيمي‌ خارك‌,1374,4970841,218980835690,45850,45100,43700,-2150,-4.69,44050,-1800,-3.93,43560,45850,1399-10-23
308,حتايد,تايدواترخاورميانه,1358,6763267,202491549710,31350,29870,29790,-1560,-4.98,29940,-1410,-4.5,29790,31350,1399-10-23
309,هجرت,پخش هجرت,1357,2090282,71386974670,34989,36650,33240,-1749,-5.0,34152,-837,-2.39,33240,36650,1399-10-23
310,وسينا,بانك سينا,1356,16185032,63066535550,4090,3900,3890,-200,-4.89,3900,-190,-4.65,3890,4080,1399-10-23
311,شگل,گلتاش‌,1351,7396715,193845022560,27530,26350,26670,-860,-3.12,26210,-1320,-4.79,26160,27480,1399-10-23
312,غگلپا,شير پاستوريزه پگاه گلپايگان,1339,1589127,115694944014,76445,73000,72623,-3822,-5.0,72804,-3641,-4.76,72623,75000,1399-10-23
313,پارسان,گسترش نفت و گاز پارسيان,1335,11735789,225388544450,20200,19510,19200,-1000,-4.95,19210,-990,-4.9,19190,19640,1399-10-23
314,هاي وب,داده گسترعصرنوين-هاي وب,1334,5073477,143833072950,27000,28350,28350,1350,5.0,28350,1350,5.0,28350,28350,1399-10-23
315,همراه,شركت ارتباطات سيار ايران,1330,4362057,119646513310,28810,28000,27680,-1130,-3.92,27430,-1380,-4.79,27370,28200,1399-10-23
316,تماوند,تامين سرمايه دماوند,1313,7053676,143428651205,21191,20300,20140,-1051,-4.96,20334,-857,-4.04,20132,21180,1399-10-23
317,كگهر,سنگ آهن گهرزمين,1312,3943454,182527230216,48666,46250,47160,-1506,-3.09,46286,-2380,-4.89,46233,48100,1399-10-23
318,ثمسكن,سرمايه‌گذاري‌ مسكن‌,1304,15992008,92336680140,6060,6000,5760,-300,-4.95,5770,-290,-4.79,5760,6050,1399-10-23
319,ثجوان,تامين مسكن جوانان,1303,8421719,126772730018,14397,14300,15116,719,4.99,15053,656,4.56,14300,15116,1399-10-23
320,ميدكو,هلدينگ صنايع  معدني خاورميانه,1301,14413004,440531538502,30841,30841,30105,-736,-2.39,30565,-276,-0.89,30100,30858,1399-10-23
321,فنوال,نورد آلومينيوم‌,1293,4842360,126805064840,27460,27260,26090,-1370,-4.99,26190,-1270,-4.62,26090,27430,1399-10-23
322,فروس,فروسيليس‌ ايران‌,1292,11419700,61221008000,5630,5400,5350,-280,-4.97,5360,-270,-4.8,5350,5590,1399-10-23
323,سشرق,سيمان‌ شرق‌,1282,11715925,78048114730,6960,6800,6620,-340,-4.89,6660,-300,-4.31,6620,7000,1399-10-23
324,سكرما,سيمان‌ كرمان‌,1278,5017430,99395584640,20460,20300,19440,-1020,-4.99,19810,-650,-3.18,19440,21000,1399-10-23
325,ساراب,سيمان‌ داراب‌,1275,5786144,76491865460,13270,13860,12860,-410,-3.09,13220,-50,-0.38,12720,13890,1399-10-23
326,نوين,بيمه نوين,1266,13708879,94593370716,7202,7000,6842,-360,-5.0,6900,-302,-4.19,6842,7210,1399-10-23
327,ارزش,صندوق س ارزش آفرين بيدار-سهام,1263,7488389,72022132090,10120,9990,9490,-630,-6.23,9620,-500,-4.94,9460,9990,1399-10-23
328,خموتور,موتورسازان‌تراكتورسازي‌ايران‌,1253,8080877,209482061990,25230,25110,26490,1260,4.99,25920,690,2.73,25110,26490,1399-10-23
329,كفرا,فراورده‌ هاي‌ نسوزايران‌,1249,1157699,74178186920,63850,62350,64000,150,0.23,64070,220,0.34,60700,66200,1399-10-23
330,فسازان,غلتك سازان سپاهان,1236,4634377,169553503060,38140,37900,36240,-1900,-4.98,36590,-1550,-4.06,36240,37900,1399-10-23
331,وزمين,بانك ايران زمين,1234,27431459,401897389107,14097,14660,14660,563,3.99,14651,554,3.93,13800,14660,1399-10-23
332,واتي,سرمايه‌ گذاري‌ آتيه‌ دماوند,1228,5833574,71760341740,12680,13210,12080,-600,-4.73,12300,-380,-3.0,12050,13210,1399-10-23
333,رمپنا,گروه مپنا (سهامي عام),1216,5666214,92702859850,17180,16820,16330,-850,-4.95,16530,-650,-3.78,16330,16950,1399-10-23
334,مدير,ص.س.مديريت ثروت ص.بازنشستگي-س,1212,6161004,56800660137,9685,9310,9135,-550,-5.68,9219,-466,-4.81,9100,9500,1399-10-23
335,دبالك,مواد اوليه دارويي البرز بالك,1211,3283880,83552084345,26401,26790,25081,-1320,-5.0,25443,-958,-3.63,25081,26790,1399-10-23
336,نيرو,نيرو سرمايه,1206,1522945,97527287664,61323,64389,64389,3066,5.0,64039,2716,4.43,61330,64389,1399-10-23
337,اميد,تامين سرمايه اميد,1191,7194022,69594118810,10110,10000,9610,-500,-4.95,9670,-440,-4.35,9610,10370,1399-10-23
338,وپترو,سرمايه‌گذاري صنايع پتروشيمي‌,1182,3997797,72516833670,18870,19000,17930,-940,-4.98,18140,-730,-3.87,17930,19000,1399-10-23
339,ونيرو,سرمايه‌گذاري‌نيرو,1182,16553626,55335311090,3500,3380,3330,-170,-4.86,3340,-160,-4.57,3330,3500,1399-10-23
340,لخزر,پارس‌ خزر,1174,813475,149625078870,175340,181800,184100,8760,5.0,183930,8590,4.9,178000,184100,1399-10-23
341,وتوكا,سرمايه‌گذاري‌توكافولاد(هلدينگ,1170,7018347,94435133770,14050,13700,13350,-700,-4.98,13460,-590,-4.2,13350,14450,1399-10-23
342,دلر,داروسازي‌ اكسير,1168,1336256,55622468110,41760,39920,40500,-1260,-3.02,41630,-130,-0.31,39900,43490,1399-10-23
343,تشتاد,صنايع توليدي اشتاد ايران‌,1166,8292484,144744235477,16954,17450,17462,508,3.0,17455,501,2.96,16968,17462,1399-10-23
344,دامين,داروسازي‌ امين‌,1162,4043058,69829675840,17930,18560,17040,-890,-4.96,17270,-660,-3.68,17040,18560,1399-10-23
345,زشريف,كشت وصنعت شريف آباد,1152,2560548,71509990736,29084,29990,27630,-1454,-5.0,27928,-1156,-3.97,27630,29990,1399-10-23
346,تاصيكو,سرمايه گذاري صدرتامين,1149,8453243,78291001060,9700,9460,9230,-470,-4.85,9400,-300,-3.09,9220,9700,1399-10-23
347,وصنا,گروه‌صنايع‌بهشهرايران‌,1144,4632685,36141952930,7970,8170,7580,-390,-4.89,7850,-120,-1.51,7580,8280,1399-10-23
348,سشمال,سيمان‌ شمال‌,1129,5955583,66260850490,11630,11790,11050,-580,-4.99,11130,-500,-4.3,11050,11790,1399-10-23
349,افرا,افرانت,1125,2206503,108516566006,51446,48875,48874,-2572,-5.0,49180,-2266,-4.4,48874,51550,1399-10-23
350,كفپارس,فرآورده‌هاي‌ نسوز پارس‌,1116,8330091,44908545690,5630,5580,5350,-280,-4.97,5390,-240,-4.26,5350,5580,1399-10-23
351,بخاور,بيمه زندگي خاورميانه,1102,8528925,63222203691,7726,8000,7340,-386,-5.0,7413,-313,-4.05,7340,8000,1399-10-23
352,حاريا,كشتيراني آريا,1100,3394378,121339097897,34132,35838,35838,1706,5.0,35747,1615,4.73,34132,35838,1399-10-23
353,رتاپ,تجارت الكترونيك  پارسيان,1098,6309956,45793342240,7630,7280,7250,-380,-4.98,7270,-360,-4.72,7250,7430,1399-10-23
354,فاسمين,كالسيمين‌,1091,4876874,83066911620,17880,17170,16990,-890,-4.98,17030,-850,-4.75,16990,17470,1399-10-23
355,قمرو,قند مرودشت‌,1085,2831448,87524587190,29590,30110,31060,1470,4.97,30910,1320,4.46,29570,31060,1399-10-23
356,وسكاب,س.ص.بازنشستگي كاركنان بانكها,1077,13410516,81645972960,6380,6350,6070,-310,-4.86,6090,-290,-4.55,6070,6350,1399-10-23
357,كطبس,ذغال‌سنگ‌ نگين‌ ط‌بس‌,1074,2424227,169137998830,73010,70000,69360,-3650,-5.0,69770,-3240,-4.44,69360,73000,1399-10-23
358,ثاژن,سخت آژند,1057,13937194,138140492823,9965,10164,9918,-47,-0.47,9912,-53,-0.53,9766,10164,1399-10-23
359,چكاوهح,ح . صنايع‌كاغذسازي‌كاوه‌,1056,5916826,67549112850,11900,11980,11460,-440,-3.7,11420,-480,-4.03,11210,11980,1399-10-23
360,پرديس,سرمايه گذاري پرديس,1050,9217619,60978991290,6840,6570,6540,-300,-4.39,6620,-220,-3.22,6500,6890,1399-10-23
361,غمهرا,توليدي‌مهرام‌,1045,763557,62411174980,84560,88750,80340,-4220,-4.99,81740,-2820,-3.33,80340,88750,1399-10-23
362,سيدكو,سرمايه گذاري توسعه صنايع سيمان,1043,6689146,44091316060,6910,6600,6570,-340,-4.92,6620,-290,-4.2,6570,6940,1399-10-23
363,كپرور,فرآوري زغال سنگ پروده طبس,1035,2574102,131694457586,48749,51186,51186,2437,5.0,51161,2412,4.95,49724,51186,1399-10-23
364,كبافق,معادن‌ بافق‌,1029,933892,54239679540,60880,58010,57840,-3040,-4.99,58080,-2800,-4.6,57840,60000,1399-10-23
365,دعبيد,لابراتوارداروسازي‌  دكترعبيدي‌,1026,1382407,40322424580,29070,30230,28860,-210,-0.72,29150,80,0.28,28600,30230,1399-10-23
366,ارفع,شركت آهن و فولاد ارفع,1025,8486520,113411361404,14062,13520,13359,-703,-5.0,13364,-698,-4.96,13359,13850,1399-10-23
367,فسرب,ملي‌ سرب‌وروي‌ ايران‌,1022,571906,67381328260,122030,120000,115930,-6100,-5.0,117820,-4210,-3.45,115930,122500,1399-10-23
368,كالا,بورس كالاي ايران,1020,1702781,81643719440,50330,48000,47820,-2510,-4.99,47950,-2380,-4.73,47820,49500,1399-10-23
369,شاراك,پتروشيمي شازند,1020,9100514,196713789750,22710,22000,21580,-1130,-4.98,21620,-1090,-4.8,21580,22710,1399-10-23
370,شرانل,نفت ايرانول,1012,5587689,200002386415,37609,36200,35730,-1879,-5.0,35793,-1816,-4.83,35729,37360,1399-10-23
371,تكمبا,كمباين‌ سازي‌ ايران‌,1010,8172802,104461954680,13260,13000,12600,-660,-4.98,12780,-480,-3.62,12600,13410,1399-10-23
372,شفن,پتروشيمي فناوران,1001,853546,241102062870,293860,289500,279170,-14690,-5.0,282470,-11390,-3.88,279170,290900,1399-10-23
373,وهور,مديريت انرژي اميد  تابان هور,998,2652981,109841628335,43523,41500,41347,-2176,-5.0,41403,-2120,-4.87,41347,42969,1399-10-23
374,حفارس,حمل و نقل بين المللي خليج فارس,997,14440327,76533733100,5050,5300,5300,250,4.95,5300,250,4.95,5300,5300,1399-10-23
375,سامان,بانك سامان,995,12052264,145776760834,12463,12200,12090,-373,-2.99,12095,-368,-2.95,12090,12455,1399-10-23
376,وگستر,گسترش سرمايه گذاري ايرانيان,991,2803487,64522847092,23681,24000,22498,-1183,-5.0,23015,-666,-2.81,22497,24500,1399-10-23
377,شوينده,مديريت صنعت شوينده ت.ص.بهشهر,983,2012776,78009832300,40450,39800,38430,-2020,-4.99,38760,-1690,-4.18,38430,40390,1399-10-23
378,وبشهر,توسعه‌ صنايع‌ بهشهر(هلدينگ,978,4423370,68741617660,16170,16100,15370,-800,-4.95,15540,-630,-3.9,15370,16100,1399-10-23
379,خكرمان,گروه اقتصادي كرمان خودرو,974,10229711,63099068431,6352,6165,6162,-190,-2.99,6168,-184,-2.9,6162,6344,1399-10-23
380,بنو,بيمه تجارت نو,970,3970998,113507237145,29947,30000,28450,-1497,-5.0,28584,-1363,-4.55,28450,30000,1399-10-23
381,دسينا,داروسازي‌ سينا,969,6019830,203563965660,32250,33860,33860,1610,4.99,33820,1570,4.87,33020,33860,1399-10-23
382,ساروم,سيمان‌اروميه‌,966,2592553,69111489210,26740,27060,26880,140,0.52,26660,-80,-0.3,25700,27500,1399-10-23
383,گوهران,سرمايه گذاري توسعه گوهران اميد,966,5671274,47179175115,8687,8500,8253,-434,-5.0,8338,-349,-4.02,8253,8600,1399-10-23
384,دكپسول,توليد ژلاتين كپسول ايران,963,813525,36521554928,46251,46988,44200,-2051,-4.43,45306,-945,-2.04,43950,46988,1399-10-23
385,زمگسا,كشاورزي‌ ودامپروي‌ مگسال‌,961,2719650,109191070540,42250,40140,40140,-2110,-4.99,40150,-2100,-4.97,40140,40700,1399-10-23
386,كتوكاح,ح.توليدي وخدمات صنايع نسوزتوكا,959,3485239,93681586738,26200,26620,27014,814,3.11,26880,680,2.6,26200,27400,1399-10-23
387,بهپاك,صنعتي بهپاك,955,1914743,90772137813,49739,49500,47253,-2486,-5.0,47407,-2332,-4.69,47253,49500,1399-10-23
388,حريل,ريل پردازسير,952,22447303,161398689084,7544,7198,7167,-377,-5.0,7190,-354,-4.69,7167,7198,1399-10-23
389,دابور,داروسازي‌ ابوريحان‌,952,1379109,63122975370,47300,48700,45000,-2300,-4.86,45770,-1530,-3.23,44950,48700,1399-10-23
390,دكوثر,داروسازي‌ كوثر,950,2444318,63391081660,27150,25900,25800,-1350,-4.97,25930,-1220,-4.49,25800,27000,1399-10-23
391,ومشان,س. فني و مهندسي مشانير,940,1071928,85374820968,77483,79807,79807,2324,3.0,79646,2163,2.79,75159,79807,1399-10-23
392,كويرح,ح. توليدي فولاد سپيد فراب كوير,940,10239658,182553832180,17590,17500,19350,1760,10.01,17830,240,1.36,17500,19350,1399-10-23
393,سفانو,سيمان فارس نو,931,3801501,135127540780,33870,35560,35560,1690,4.99,35550,1680,4.96,35040,35560,1399-10-23
394,دالبر,البرزدارو,912,1939751,43197358160,22690,22990,22130,-560,-2.47,22330,-360,-1.59,21600,23230,1399-10-23
395,سپاها,سيمان‌سپاهان‌,906,5715415,49407468110,9050,9250,8600,-450,-4.97,8650,-400,-4.42,8600,9250,1399-10-23
396,دروز,داروسازي‌ روزدارو,902,6997608,141281666540,19230,20190,20190,960,4.99,20190,960,4.99,20170,20190,1399-10-23
397,وتوسم,سرمايه‌گذاري‌توسعه‌ملي‌,889,6235562,68749711800,11560,11300,10990,-570,-4.93,11030,-530,-4.58,10990,11300,1399-10-23
398,بزاگرس,نيروگاه زاگرس كوثر,887,3403240,31095966435,9555,9420,9078,-477,-4.99,9254,-301,-3.15,9078,9550,1399-10-23
399,فايرا,آلومينيوم‌ايران‌,880,2484267,54739472720,23140,21990,21990,-1150,-4.97,22030,-1110,-4.8,21990,22990,1399-10-23
400,فجر,فولاد اميركبيركاشان,867,1947246,115344223670,62130,61100,59030,-3100,-4.99,59230,-2900,-4.67,59030,61100,1399-10-23
401,خپويش,سازه‌ پويش‌,865,1563572,73185192520,47010,49360,44660,-2350,-5.0,46810,-200,-0.43,44660,49360,1399-10-23
402,ثنظام,س. ساختماني نظام مهندسي ايران,863,1442674,75392930656,53529,52000,51924,-1605,-3.0,52259,-1270,-2.37,51924,53130,1399-10-23
403,حسير,ريل سير كوثر,857,4234428,77946488309,19320,18550,18354,-966,-5.0,18408,-912,-4.72,18354,19070,1399-10-23
404,وكادو,تكادو,854,2198165,58315379205,27226,27000,26410,-816,-3.0,26529,-697,-2.56,26410,27299,1399-10-23
405,سخوز,سيمان خوزستان,851,4012304,92295037530,24040,24990,23000,-1040,-4.33,23000,-1040,-4.33,22840,24990,1399-10-23
406,خمحركه,نيرو محركه‌,841,5106464,28667376240,5890,5630,5600,-290,-4.92,5730,-160,-2.72,5600,5760,1399-10-23
407,گكوثر,هتل پارسيان كوثر اصفهان,841,11429310,44345722800,4084,3880,3880,-204,-5.0,3880,-204,-5.0,3880,3880,1399-10-23
408,ساينا,صنايع بهداشتي ساينا,838,191747,39643120301,209922,217500,204897,-5025,-2.39,207383,-2539,-1.21,200000,217500,1399-10-23
409,پخش,پخش البرز,835,1459197,55358900889,39154,39153,37197,-1957,-5.0,37938,-1216,-3.11,37197,39998,1399-10-23
410,كرماشا,صنايع پتروشيمي كرمانشاه,831,1755094,66992116380,39880,38810,37900,-1980,-4.96,38170,-1710,-4.29,37890,39400,1399-10-23
411,غاذر,كشت‌وصنعت‌پياذر,831,1129757,66438953940,61370,63000,58310,-3060,-4.99,58810,-2560,-4.17,58310,63000,1399-10-23
412,تيپيكو,سرمايه گذاري دارويي تامين,814,1391273,70384381310,52140,52000,50000,-2140,-4.1,50900,-1240,-2.38,49610,52000,1399-10-23
413,كپشير,پشم‌شيشه‌ايران‌,814,2298269,68643609650,28460,29880,29880,1420,4.99,29870,1410,4.95,27600,29880,1399-10-23
414,ما,بيمه  ما,813,5891047,51413447120,8960,9120,8520,-440,-4.91,8730,-230,-2.57,8520,9120,1399-10-23
415,غمارگ,مارگارين‌,809,1554469,56773129530,38150,37500,36250,-1900,-4.98,36520,-1630,-4.27,36250,37930,1399-10-23
416,فولاژ,فولاد آلياژي ايران,804,3800325,72714228010,19960,19560,18970,-990,-4.96,19170,-790,-3.96,18970,19940,1399-10-23
417,غديس,پاكديس,800,6014343,72394252706,12633,12106,12002,-631,-4.99,12037,-596,-4.72,12002,12480,1399-10-23
418,وثخوز,سرمايه گذاري و توسعه خوزستان,797,800744,59505584774,77941,77000,74044,-3897,-5.0,74313,-3628,-4.65,74044,77000,1399-10-23
419,وكارح,ح . بانك‌ كارآفرين‌,782,13671239,34320271350,2770,2550,2490,-280,-10.11,2510,-260,-9.39,2490,2660,1399-10-23
420,غپونه,نوش پونه مشهد,770,3184153,70139324059,22618,22951,22050,-568,-2.51,22028,-590,-2.61,21940,22951,1399-10-23
421,آريان,سرمايه گذاري پارس آريان,757,14859473,224132347389,15532,15532,15067,-465,-2.99,15083,-449,-2.89,15067,15559,1399-10-23
422,دتماد,توليدمواداوليه‌داروپخش‌,753,2019998,108550419850,56470,56380,53650,-2820,-4.99,53740,-2730,-4.83,53650,56380,1399-10-23
423,آينده,بازرگاني آينده سازان بهشت پارس,752,3053725,63746509375,20267,20875,20875,608,3.0,20875,608,3.0,20875,20875,1399-10-23
424,سلار,شركت سيمان لارستان,739,653530,45000276215,68288,70336,66240,-2048,-3.0,68857,569,0.83,66240,70336,1399-10-23
425,مبين,مبين انرژي خليج فارس,737,5178717,76410191780,15510,15360,14740,-770,-4.96,14990,-520,-3.35,14740,15360,1399-10-23
426,ختور,رادياتور ايران‌,736,1187048,42495630150,37520,36000,35650,-1870,-4.98,36030,-1490,-3.97,35650,37500,1399-10-23
427,واعتبار,سرمايه گذاري اعتبار ايران,731,8433553,62460964720,7610,7510,7250,-360,-4.73,7410,-200,-2.63,7240,7650,1399-10-23
428,درهآور,دارويي ره آورد تامين,721,1286517,54898814160,44807,44770,42567,-2240,-5.0,42672,-2135,-4.76,42567,44770,1399-10-23
429,غدشت,دشت‌ مرغاب‌,719,274550,75263477730,285900,300170,271610,-14290,-5.0,274130,-11770,-4.12,271610,300170,1399-10-23
430,وصندوق,سرمايه‌گذاري‌صندوق‌بازنشستگي‌,713,9667493,130874259810,14240,13980,13530,-710,-4.99,13540,-700,-4.92,13530,13980,1399-10-23
431,پكرمان,گروه‌ صنعتي‌ بارز,712,2382908,73094467410,32220,31500,30610,-1610,-5.0,30670,-1550,-4.81,30610,32000,1399-10-23
432,واميد,گروه مديريت سرمايه گذاري اميد,708,5380634,218398467130,40610,40610,40780,170,0.42,40590,-20,-0.05,39890,40900,1399-10-23
433,تنوين,تامين سرمايه نوين,707,7659456,43491796500,5960,5780,5670,-290,-4.87,5690,-270,-4.53,5670,5840,1399-10-23
434,دانا,بيمه دانا,705,8320528,74484809100,9390,9000,8930,-460,-4.9,8950,-440,-4.69,8930,9270,1399-10-23
435,سرود,سيمان‌شاهرود,687,1673937,29397420930,18090,17600,17590,-500,-2.76,17770,-320,-1.77,17310,18050,1399-10-23
436,دسبحان,سبحان دارو,686,1386432,33044631880,23960,24000,23160,-800,-3.34,23870,-90,-0.38,23030,24640,1399-10-23
437,شلعاب,لعابيران‌,680,2737263,41994866980,14640,15370,15370,730,4.99,15150,510,3.48,14900,15370,1399-10-23
438,قچار,فراوردههاي غذايي وقند چهارمحال,670,788169,56062084586,73497,71005,69823,-3674,-5.0,71130,-2367,-3.22,69823,74900,1399-10-23
439,كيان,صندوق س. با درآمد ثابت كيان,666,12828501,342573884084,26691,26703,26708,17,0.06,26704,13,0.05,26702,26710,1399-10-23
440,سپ,پرداخت الكترونيك سامان كيش,666,2264704,42079428360,19530,18850,18560,-970,-4.97,18680,-850,-4.35,18560,19390,1399-10-23
441,پارس,پتروشيمي پارس,664,416539,63570252450,154560,149840,147890,-6670,-4.32,153300,-1260,-0.82,147400,160000,1399-10-23
442,مداران,داده‌پردازي‌ايران‌,662,1598382,41112038270,26910,26700,25570,-1340,-4.98,25920,-990,-3.68,25570,26700,1399-10-23
443,فسپا,گروه‌صنعتي‌سپاهان‌,661,1184135,52211736450,45880,46170,43590,-2290,-4.99,44090,-1790,-3.9,43590,46170,1399-10-23
444,پارند,صندوق س. پارند پايدار سپهر,657,26693464,300048536757,11236,11241,11241,5,0.04,11241,5,0.04,11240,11244,1399-10-23
445,كنور,توسعه معدني و صنعتي صبانور,656,1788456,77015028770,44220,44220,42460,-1760,-3.98,43060,-1160,-2.62,42450,44270,1399-10-23
446,شغدير,پتروشيمي غدير,655,1457223,88647804242,64023,60822,60822,-3201,-5.0,60833,-3190,-4.98,60822,62500,1399-10-23
447,رتكو,كنترل‌خوردگي‌تكين‌كو,653,2592039,52782631680,21240,21000,20180,-1060,-4.99,20360,-880,-4.14,20180,21180,1399-10-23
448,شبصير,توليدات پتروشيمي قائد بصير,653,709120,75346082416,111053,111000,105501,-5552,-5.0,106253,-4800,-4.32,105501,113350,1399-10-23
449,قلرست,قند لرستان‌,652,1433819,49530966730,35750,35550,33970,-1780,-4.98,34670,-1080,-3.02,33970,35750,1399-10-23
450,سكرد,سيمان كردستان,651,3641689,31077922050,8910,8970,8470,-440,-4.94,8680,-230,-2.58,8470,8970,1399-10-23
451,نمرينو,ايران‌ مرينوس‌,648,749480,41799764160,53250,55910,55910,2660,5.0,55280,2030,3.81,53340,55910,1399-10-23
452,غگرجي,بيسكويت‌  گرجي‌,638,1306707,35058236740,27870,27870,26480,-1390,-4.99,27150,-720,-2.58,26480,27870,1399-10-23
453,ورازي,بيمه رازي,638,4024707,40274005047,10494,9970,9970,-524,-4.99,10007,-487,-4.64,9970,10158,1399-10-23
454,پلاسك,پلاسكوكار,637,6703963,62547974790,8890,9330,9330,440,4.95,9330,440,4.95,9330,9330,1399-10-23
455,طلا,صندوق س.پشتوانه طلاي لوتوس,628,316876,25152651268,79258,79500,79100,-158,-0.2,79377,119,0.15,78600,79680,1399-10-23
456,ضخود2007,اختيارخ خودرو-3000-1400/02/08,627,22296,7980265000,423,355,349,-74,-17.49,358,-65,-15.37,322,390,1399-10-23
457,دجابر,داروسازي‌ جابرابن‌حيان‌,625,1054999,22953435950,22140,22100,21420,-720,-3.25,21960,-180,-0.81,21150,22980,1399-10-23
458,شپاس,نفت پاسارگاد,625,2930639,63119083891,22620,21690,21489,-1131,-5.0,21538,-1082,-4.78,21489,22990,1399-10-23
459,آپ,آسان پرداخت پرشين,623,2030072,44014032970,22710,21610,21580,-1130,-4.98,21720,-990,-4.36,21580,22330,1399-10-23
460,شاوان,پالايش نفت لاوان,614,1276594,117289134122,96636,94790,91805,-4831,-5.0,91877,-4759,-4.92,91805,94790,1399-10-23
461,بورس,بورس اوراق بهادار تهران,614,1203177,63104821830,55100,53500,52350,-2750,-4.99,53110,-1990,-3.61,52350,54470,1399-10-23
462,دارو,كارخانجات‌داروپخش‌,612,814709,23547897520,29150,28010,29000,-150,-0.51,29030,-120,-0.41,27990,29900,1399-10-23
463,سنير,سيمان‌ سفيد ني‌ريز,601,262487,42567516790,154450,162170,162170,7720,5.0,159990,5540,3.59,162170,162170,1399-10-23
464,داروح,ح . كارخانجات‌داروپخش,597,918510,23484179680,25550,25540,25000,-550,-2.15,25570,20,0.08,24000,26990,1399-10-23
465,ثعمرا,عمران و توسعه شاهد,589,2666945,36281498018,14261,13670,13548,-713,-5.0,13766,-495,-3.47,13548,14000,1399-10-23
466,سهگمت,سيمان‌هگمتان‌,584,1913717,45548014600,24810,23710,23580,-1230,-4.96,23820,-990,-3.99,23570,24680,1399-10-23
467,سمگا,گروه سرمايه گذاري ميراث فرهنگي,580,6175095,228747423569,38990,37041,37041,-1949,-5.0,37044,-1946,-4.99,37041,37300,1399-10-23
468,ثپرديس,سرمايه گذاري مسكن پرديس,579,3406352,42792790495,13175,12610,12517,-658,-4.99,12631,-544,-4.13,12517,13112,1399-10-23
469,ياقوت,صندوق س ياقوت آگاه-ثابت,568,10175329,119761748057,11752,11769,11772,20,0.17,11770,18,0.15,11754,11772,1399-10-23
470,جم پيلن,پلي پروپيلن جم - جم پيلن,563,444568,35599628200,82110,80500,81430,-680,-0.83,80980,-1130,-1.38,78820,82060,1399-10-23
471,فمراد,آلومراد,560,423321,90899718330,204510,214730,214730,10220,5.0,214730,10220,5.0,214730,214730,1399-10-23
472,دسبحا,گروه دارويي سبحان,559,1299781,25961609420,20520,21020,20190,-330,-1.61,20220,-300,-1.46,19500,21020,1399-10-23
473,چافست,افست‌,558,2503168,49256972610,20660,20660,19630,-1030,-4.99,19680,-980,-4.74,19630,21000,1399-10-23
474,دكيمي,كيميدارو,557,1133423,32250899530,29910,28460,28420,-1490,-4.98,28950,-960,-3.21,28420,29600,1399-10-23
475,غدام,خوراك‌  دام‌ پارس‌,556,198055,106852653050,567900,539510,539510,-28390,-5.0,539510,-28390,-5.0,539510,539510,1399-10-23
476,تايرا,تراكتورسازي‌ايران‌,554,4630059,163710799470,36130,36500,34330,-1800,-4.98,35360,-770,-2.13,34330,36500,1399-10-23
477,بساما,بيمه سامان,546,1492648,41593810542,29159,29500,27702,-1457,-5.0,28046,-1113,-3.82,27702,29500,1399-10-23
478,حپترو,حمل و نقل پتروشيمي( سهامي عام,542,1250206,48467480920,37550,36000,39420,1870,4.98,38770,1220,3.25,36000,39420,1399-10-23
479,دپارس,پارس‌ دارو,536,411316,38569886280,98390,94000,93480,-4910,-4.99,94490,-3900,-3.96,93480,98380,1399-10-23
480,شفا,سرمايه گذاري شفادارو,534,800860,41028307640,53620,54700,50940,-2680,-5.0,51350,-2270,-4.23,50940,54700,1399-10-23
481,ميهن,بيمه ميهن,530,4258962,24288970539,5945,5945,5648,-297,-5.0,5816,-129,-2.17,5648,5950,1399-10-23
482,كاردان,صندوق س تجارت شاخصي كاردان,528,237580,35696259600,157360,155000,146500,-10860,-6.9,150250,-7110,-4.52,146120,155000,1399-10-23
483,بفجر,فجر انرژي خليج فارس,523,1023115,28323200900,28640,28270,27290,-1350,-4.71,28260,-380,-1.33,27210,28330,1399-10-23
484,كروي,توسعه‌ معادن‌ روي‌ ايران‌,517,812812,31504593120,40800,38760,38760,-2040,-5.0,39370,-1430,-3.5,38760,38760,1399-10-23
485,وآرين,شركت توسعه اقتصادي آرين,513,6467466,33848907413,5391,5232,5230,-161,-2.99,5234,-157,-2.91,5230,5362,1399-10-23
486,داسوه,داروسازي‌ اسوه‌,512,842626,32972039620,38490,40350,39000,510,1.33,38850,360,0.94,36600,40350,1399-10-23
487,شپترو,پتروشيمي آبادان,512,7898975,48929849253,6385,6194,6194,-191,-2.99,6194,-191,-2.99,6194,6250,1399-10-23
488,غبشهر,صنعتي‌ بهشهر,500,1705659,45657493560,28000,27600,26600,-1400,-5.0,26840,-1160,-4.14,26600,27600,1399-10-23
489,شپلي,پلي اكريل ايران,497,2871401,37379898218,12639,13018,13018,379,3.0,13018,379,3.0,13018,13018,1399-10-23
490,غشصفا,شيرپاستوريزه‌پگاه‌اصفهان‌,494,2505699,85619734830,32550,34170,34170,1620,4.98,34170,1620,4.98,34170,34170,1399-10-23
491,گشان,توسعه بين المللي پديده شانديز,492,326376,17390292408,54370,53283,53283,-1087,-2.0,53773,-597,-1.1,53283,53283,1399-10-23
492,آساميد,صندوق س.مشترك آسمان اميد -د,489,23272716,264726571966,11381,11381,11378,-3,-0.03,11375,-6,-0.05,11368,11385,1399-10-23
493,آوا,صندوق س.سهام آواي معيار-س,489,2103954,14835141786,7457,7310,6930,-527,-7.07,7051,-406,-5.44,6901,7310,1399-10-23
494,وثوق,سرمايه گذاري وثوق امين,487,2107231,40851183565,18838,19402,19403,565,3.0,19386,548,2.91,18850,19403,1399-10-23
495,درازك,دارويي‌ رازك‌,484,924080,41992416540,47410,46600,45040,-2370,-5.0,45620,-1790,-3.78,45040,46800,1399-10-23
496,آ س پ,آ.س.پ,453,3292309,50908974067,14727,15463,15463,736,5.0,15387,660,4.48,15463,15463,1399-10-23
497,حبندر,دريايي و کشتيراني خط دريابندر,429,884638,28462407226,33067,32120,32075,-992,-3.0,32174,-893,-2.7,32075,32990,1399-10-23
498,فوكا,فولاد كاويان,420,4219453,59755893386,13750,14162,14162,412,3.0,14162,412,3.0,14162,14162,1399-10-23
499,شيراز,پتروشيمي‌شيراز,414,1032904,53196761140,53800,52110,51110,-2690,-5.0,52500,-1300,-2.42,51110,54000,1399-10-23
500,فبيرا,بسته‌ بندي‌ ايران‌,410,4793866,17793915986,3823,3733,3709,-114,-2.98,3720,-103,-2.69,3709,3806,1399-10-23
501,قشرين,قند شيرين خراسان,398,3424279,66365951299,18817,19381,19381,564,3.0,19381,564,3.0,19381,19381,1399-10-23
502,خكار,ايركا پارت صنعت,393,1097078,30018116380,28760,27330,27330,-1430,-4.97,27960,-800,-2.78,27330,27900,1399-10-23
503,خراسان,پتروشيمي خراسان,392,394007,25888626590,66910,65200,64250,-2660,-3.98,66280,-630,-0.94,64230,70000,1399-10-23
504,شسينا,صنايع‌شيميايي‌سينا,390,163377,28600777620,184270,175060,175060,-9210,-5.0,178930,-5340,-2.9,175060,175060,1399-10-23
505,اوان,مبين وان كيش,389,702510,38169009333,57147,56750,54290,-2857,-5.0,54728,-2419,-4.23,54290,56750,1399-10-23
506,هجرتح,ح . پخش هجرت,379,999098,28858879902,30030,31270,28530,-1500,-5.0,28885,-1145,-3.81,28529,31270,1399-10-23
507,بمپنا,توليد برق عسلويه  مپنا,378,499475,48958639281,102512,98400,97387,-5125,-5.0,98061,-4451,-4.34,97387,101913,1399-10-23
508,ساروج,بين المللي ساروج بوشهر,376,2112223,51246482065,23621,24329,24190,569,2.41,24262,641,2.71,23634,24329,1399-10-23
509,كخاك,صنايع‌خاك‌چيني‌ايران‌,375,347010,17834251360,53840,51510,51300,-2540,-4.72,52920,-920,-1.71,51180,53800,1399-10-23
510,ولبهمن,شركت بهمن ليزينگ,375,2772088,24403842509,9256,8911,8794,-462,-4.99,9042,-214,-2.31,8794,8911,1399-10-23
511,پسهند,صنايع‌ لاستيكي‌  سهند,369,700496,28259504920,42450,41300,40330,-2120,-4.99,41210,-1240,-2.92,40330,41300,1399-10-23
512,بسويچ,پارس‌سويچ‌,365,502464,29971977600,56810,59650,59650,2840,5.0,58320,1510,2.66,59650,59650,1399-10-23
513,قشهد,شهد,363,531755,18808900280,37210,35500,35350,-1860,-5.0,36530,-680,-1.83,35350,35630,1399-10-23
514,ضخود2006,اختيارخ خودرو-2500-1400/02/08,362,19238,9152127000,577,460,467,-110,-19.06,476,-101,-17.5,450,500,1399-10-23
515,ولملت,واسپاري ملت,350,2371438,21436754130,9490,9190,9020,-470,-4.95,9290,-200,-2.11,9020,9190,1399-10-23
516,خديزل,بهمن  ديزل,349,311137,14497545998,48822,48780,46381,-2441,-5.0,48070,-752,-1.54,46381,48780,1399-10-23
517,اطلس,صندوق س.توسعه اندوخته آينده-س,346,90885,18659065660,210557,207000,203850,-6707,-3.19,205304,-5253,-2.49,203600,207500,1399-10-23
518,شفارس,صنايع‌ شيميايي‌ فارس‌,343,638998,36079275740,59140,56600,56190,-2950,-4.99,57110,-2030,-3.43,56190,58800,1399-10-23
519,مفاخر,توسعه فناوري اطلاعات خوارزمي,337,907538,43662483667,50636,48210,48105,-2531,-5.0,48542,-2094,-4.14,48105,48210,1399-10-23
520,دارا,صندوق س. دارا الگوريتم-د,314,10894296,109543157791,10076,10089,10044,-32,-0.32,10055,-21,-0.21,10044,10089,1399-10-23
521,دقاضي,داروسازي شهيد قاضي,311,314165,16268162127,52975,53600,52490,-485,-0.92,51984,-991,-1.87,51400,53600,1399-10-23
522,فجام,جام‌دارو,311,1930447,21273525940,10500,11020,11020,520,4.95,10700,200,1.9,11020,11020,1399-10-23
523,حخزر,كشتيراني درياي خزر,311,918693,25026203622,28205,27930,26795,-1410,-5.0,27651,-554,-1.96,26795,28900,1399-10-23
524,خمهر,مهركام‌پارس‌,308,4599024,13843062240,2870,3010,3010,140,4.88,2960,90,3.14,3010,3010,1399-10-23
525,خاتم,صندوق س خاتم ايساتيس پويا-ثابت,305,7975756,82795100621,10379,10375,10381,2,0.02,10381,2,0.02,10375,10400,1399-10-23
526,آتيمس,صندوق س.آرمان آتيه درخشان مس-س,300,98387,19552985707,203903,204000,196800,-7103,-3.48,198735,-5168,-2.53,193500,204000,1399-10-23
527,كاسپين,داروسازي كاسپين تامين,299,755317,21111349016,29307,28450,27842,-1465,-5.0,28683,-624,-2.13,27842,28839,1399-10-23
528,عيار,صندوق س. پشتوانه طلاي مفيد,299,366328,10255185290,27974,28000,28010,36,0.13,27995,21,0.08,27800,28150,1399-10-23
529,وسين,بيمه سينا,297,1306368,27915365797,22381,21262,21262,-1119,-5.0,21369,-1012,-4.52,21262,21920,1399-10-23
530,كاريس,صندوق س.سپهر كاريزما-س,295,2551072,28694567001,11668,11500,11100,-568,-4.87,11248,-420,-3.6,11090,11500,1399-10-23
531,آكورد,صندوق س. آرمان آتي كوثر-د,295,6938987,209810522891,30215,30237,30232,17,0.06,30236,21,0.07,30232,30250,1399-10-23
532,غشوكو,شوكو پارس,289,789598,35108968879,43204,44500,44500,1296,3.0,44464,1260,2.92,41908,44500,1399-10-23
533,جهرم,پتروشيمي جهرم,285,3446333,7896074670,2353,2286,2283,-70,-2.97,2326,-27,-1.15,2283,2336,1399-10-23
534,فالوم,آلومتك‌,282,1109804,48369697536,42315,43584,43584,1269,3.0,43584,1269,3.0,43584,43584,1399-10-23
535,وپخش,داروپخش‌ (هلدينگ‌,282,77866,8954135400,118870,118990,114970,-3900,-3.28,118140,-730,-0.61,112950,118990,1399-10-23
536,پارسيان,بيمه پارسيان,279,2270476,27233881270,12600,11970,11970,-630,-5.0,12240,-360,-2.86,11970,12290,1399-10-23
537,شاملا,معدني‌ املاح‌  ايران‌,277,459978,27466856770,62820,60320,59680,-3140,-5.0,60970,-1850,-2.94,59680,61930,1399-10-23
538,سدشت,صنايع سيمان دشتستان,277,783552,31742187400,38650,40000,40580,1930,4.99,39760,1110,2.87,38830,40580,1399-10-23
539,معيار,سرمايه گذاري معيار صنعت پارس,277,492311,19450222988,38734,39508,39508,774,2.0,39508,774,2.0,39508,39508,1399-10-23
540,تسه9908,امتياز تسهيلات مسكن آبان99,274,26987,14909621984,581075,569000,552022,-29053,-5.0,552474,-28601,-4.92,552022,599998,1399-10-23
541,زعف0008پ10,زعفران0008نگين طلاي سرخ(پ),271,56331,7029260964,125260,123770,123330,-1930,-1.54,124785,-475,-0.38,123010,126000,1399-10-23
542,كسرام,پارس‌ سرام‌,270,1243526,15233193500,12890,12250,12250,-640,-4.97,12690,-200,-1.55,12250,12250,1399-10-23
543,آساس,صندوق س.آسمان آرماني سهام-س,268,116565,19009555247,168413,163500,162600,-5813,-3.45,163081,-5332,-3.17,162561,169610,1399-10-23
544,فيروزه,صندوق شاخص30 شركت فيروزه- سهام,266,198862,29519298830,157700,152500,148000,-9700,-6.15,148440,-9260,-5.87,145010,153000,1399-10-23
545,شصفها,پتروشيمي‌ اصفهان‌,266,274795,38424436624,142665,141000,139812,-2853,-2.0,139829,-2836,-1.99,139812,141000,1399-10-23
546,زر,صندوق س.پشتوانه سكه طلاي زر,264,201732,9351848416,46430,46280,46220,-210,-0.45,46358,-72,-0.16,46000,46590,1399-10-23
547,فنفت,صنايع تجهيزات نفت,260,831256,21696612856,24859,26101,26101,1242,5.0,26042,1183,4.76,26101,26101,1399-10-23
548,جم,پتروشيمي جم,254,1366427,60928979930,46930,44590,44590,-2340,-4.99,45430,-1500,-3.2,44590,44590,1399-10-23
549,شساخت,مهندسي و ساختمان صنايع نفت,247,817352,34184396411,43049,44016,41758,-1291,-3.0,42055,-994,-2.31,41758,44016,1399-10-23
550,سخواف,سيمان مجد خواف,246,1519678,33837150348,21618,22266,22266,648,3.0,22266,648,3.0,22266,22266,1399-10-23
551,وبهمن,سرمايه‌گذاري‌بهمن‌,243,1119380,26317670560,24710,24200,23480,-1230,-4.98,24080,-630,-2.55,23480,24200,1399-10-23
552,مارون,پتروشيمي مارون,240,105313,15212643637,150081,146700,144100,-5981,-3.99,149198,-883,-0.59,143100,146700,1399-10-23
553,كمرجان,بازرگاني و توليدي مرجان كار,239,312049,35684363395,108910,114355,114355,5445,5.0,112397,3487,3.2,114355,114355,1399-10-23
554,وسرمد,بيمه  سرمد,229,4081192,32120436429,8261,7900,7848,-413,-5.0,7870,-391,-4.73,7848,8200,1399-10-23
555,كساوه,صنايع‌ كاشي‌ و سراميك‌ سينا,221,730937,64468643400,92840,88200,88200,-4640,-5.0,88200,-4640,-5.0,88200,88200,1399-10-23
556,تسه9909,امتياز تسهيلات مسكن آذر99,219,21258,11959567132,590233,578462,560722,-29511,-5.0,562591,-27642,-4.68,560722,609000,1399-10-23
557,سقاين,سيمان‌ قائن‌,215,428517,25582464900,56860,59700,59700,2840,4.99,58130,1270,2.23,59700,59700,1399-10-23
558,زفكا,كشت و دامداري فكا,205,5879663,68098256866,11031,11582,11582,551,5.0,11582,551,5.0,11582,11582,1399-10-23
559,شكبير,پتروشيمي اميركبير,203,1834726,150434780669,84442,82100,81909,-2533,-3.0,81993,-2449,-2.9,81909,83880,1399-10-23
560,سحرا021,سلف موازي برق نيروي برق حرارتي,201,24207430,6578998495680,271776,271776,271776,0,0.0,271776,0,0.0,271776,271776,1399-10-23
561,لازما,كارخانه هاي صنعتي آزمايش,198,559841,17113219688,29969,30568,30568,599,2.0,30568,599,2.0,30568,30568,1399-10-23
562,وملت,سرمايه گذاري ملت,197,3414775,14270344725,4098,4179,4179,81,1.98,4179,81,1.98,4179,4179,1399-10-23
563,ولراز,ليزينگ رازي,193,215487,11642766002,55696,54026,54026,-1670,-3.0,54679,-1017,-1.83,54026,55486,1399-10-23
564,پكوير,كوير تاير,190,924510,17038719300,19400,18430,18430,-970,-5.0,19050,-350,-1.8,18430,18430,1399-10-23
565,زفكاح,ح . كشت و دامداري فكا,190,1935386,22818200940,1000,11790,11790,10790,1079.0,11790,10790,1079.0,11790,11790,1399-10-23
566,شراز,پالايش نفت شيراز,188,295003,29465537626,105122,100000,99866,-5256,-5.0,101878,-3244,-3.09,99866,103990,1399-10-23
567,فسا,پتروشيمي فسا,182,2162687,4511365082,2195,2086,2086,-109,-4.97,2168,-27,-1.23,2086,2086,1399-10-23
568,سكه0012پ01,سكه تمام بهارتحويلي 1روزه رفاه,180,60000,66900757300,1105871,1110001,1115000,9129,0.83,1115013,9142,0.83,1109370,1117300,1399-10-23
569,سخزر,سيمان‌ خزر,179,773181,28978823880,39450,37480,37480,-1970,-4.99,38230,-1220,-3.09,37480,37480,1399-10-23
570,چكاوه,صنايع‌كاغذسازي‌كاوه‌,177,734015,9211888250,11960,12550,12550,590,4.93,12060,100,0.84,12550,12550,1399-10-23
571,داوه,داروسازي آوه سينا,176,684781,16125222988,22427,23548,23548,1121,5.0,22761,334,1.49,23548,23548,1399-10-23
572,خلنت,لنت‌ ترمزايران‌,175,137960,18445252000,127340,133700,133700,6360,4.99,129350,2010,1.58,133700,133700,1399-10-23
573,افق ملت,صندوق س در سهام افق ملت,169,87165,11551154090,136530,135500,129500,-7030,-5.15,132520,-4010,-2.94,129500,135500,1399-10-23
574,كساپا,سايپاشيشه‌,156,787156,33312441920,44540,42320,42320,-2220,-4.98,43020,-1520,-3.41,42320,42320,1399-10-23
575,وكار,بانك‌ كارآفرين‌,156,6183122,20837121140,3540,3370,3370,-170,-4.8,3470,-70,-1.98,3370,3370,1399-10-23
576,وگردش,بانك گردشگري,154,1542098,37537749516,25094,24342,24342,-752,-3.0,24797,-297,-1.18,24342,24342,1399-10-23
577,واحصا,احياء صنايع خراسان,153,313647,15763898220,48797,50260,50260,1463,3.0,49825,1028,2.11,50260,50260,1399-10-23
578,تصميم,صندوق س با درآمد ثابت تصميم,152,1872911,28816663191,15381,15390,15390,9,0.06,15386,5,0.03,15383,15390,1399-10-23
579,نتوس,پشم‌ بافي‌ توس,146,421108,7522673312,17344,17864,17864,520,3.0,17522,178,1.03,17864,17864,1399-10-23
580,پرداخت,به پرداخت ملت,144,226190,7878197700,36660,34830,34830,-1830,-4.99,36360,-300,-0.82,34830,34830,1399-10-23
581,تپولا,مهندسي مرآت پولاد,140,526838,20486622468,37754,38886,38886,1132,3.0,38886,1132,3.0,38886,38886,1399-10-23
582,تسه9907,امتياز تسهيلات مسكن مهر99,140,3822,2124077650,581088,552035,552034,-29054,-5.0,555750,-25338,-4.36,552034,580000,1399-10-23
583,وتوصا,گروه س توسعه صنعتي ايران,138,1109124,24689100240,23430,22260,22260,-1170,-4.99,22750,-680,-2.9,22260,22260,1399-10-23
584,پارتا,مجتمع‌صنعتي‌آرتاويل‌تاير,133,572535,40317914700,68369,70420,70420,2051,3.0,70420,2051,3.0,70420,70420,1399-10-23
585,گدنا,تهيه توزيع غذاي دنا آفرين فدك,129,56119,2036558510,38199,36290,36290,-1909,-5.0,38107,-92,-0.24,36290,36290,1399-10-23
586,سنوين,سرمايه گذاري اقتصاد نوين,129,1114019,10312983531,9429,9410,9241,-188,-1.99,9257,-172,-1.82,9241,9504,1399-10-23
587,شستان,پتروشيمي گلستان,128,1305703,5207143564,3910,3988,3988,78,1.99,3949,39,1.0,3988,3988,1399-10-23
588,فن آوا,گروه فن آوا,125,1800155,26116648740,14086,14508,14508,422,3.0,14508,422,3.0,14508,14508,1399-10-23
589,دحاوي,الحاوي,121,706097,8698408943,12700,12319,12319,-381,-3.0,12551,-149,-1.17,12319,12319,1399-10-23
590,ضسپا1102,اختيارخ خساپا-2000-1399/11/26,120,5391,1663658000,348,370,280,-68,-19.54,309,-39,-11.21,280,370,1399-10-23
591,گوهر,صندوق سكه طلاي كيان,118,52069,2865969799,55121,54501,54902,-219,-0.4,55042,-79,-0.14,54501,55749,1399-10-23
592,گكيش,توريستي ورفاهي آبادگران كيش,118,224198,17263694396,74760,77002,77002,2242,3.0,76447,1687,2.26,77002,77002,1399-10-23
593,افران,صندوق س افرا نماد پايدار-ثابت,114,4352204,54096675377,12429,12435,12430,1,0.01,12430,1,0.01,12051,12440,1399-10-23
594,تسه9906,امتياز تسهيلات مسكن شهريور99,107,865,499416935,583021,553870,612172,29151,5.0,577361,-5660,-0.97,553870,612172,1399-10-23
595,تابا,تابان نيرو سپاهان,107,301831,13883622338,44659,45998,45998,1339,3.0,45522,863,1.93,45998,45998,1399-10-23
596,سپاس,صندوق س. پاداش سهامداري توسعه1,103,2546982,25572140837,10035,10047,10036,1,0.01,10040,5,0.05,10036,10047,1399-10-23
597,ضخود2009,اختيارخ خودرو-4000-1400/02/08,101,2627,482464000,210,320,180,-30,-14.29,184,-26,-12.38,170,320,1399-10-23
598,تسه9902,امتياز تسهيلات مسكن ارديبهشت99,101,2190,1288525941,590946,585000,600000,9054,1.53,588368,-2578,-0.44,561399,620493,1399-10-23
599,سپر,صندوق س سپر سرمايه بيدار- ثابت,95,916452,10270868658,11184,11195,11210,26,0.23,11207,23,0.21,11193,11249,1399-10-23
600,ضسپا1105,اختيارخ خساپا-3500-1399/11/26,94,8342,129190000,18,21,15,-3,-16.67,15,-3,-16.67,15,23,1399-10-23
601,كشرق,صنعتي و معدني شمال شرق شاهرود,93,222814,26153016064,111787,117376,117376,5589,5.0,114243,2456,2.2,117376,117376,1399-10-23
602,آرمان,بيمه آرمان,92,1460113,13411137905,8918,9185,9185,267,2.99,9100,182,2.04,9185,9185,1399-10-23
603,دقاضيح,ح . داروسازي شهيد قاضي,89,55787,2371636324,43720,42410,43680,-40,-0.09,42512,-1208,-2.76,42409,43720,1399-10-23
604,تسه9904,امتياز تسهيلات مسكن تير99,87,2025,1160349682,591289,562225,615000,23711,4.01,573012,-18277,-3.09,561725,618000,1399-10-23
605,وجامي,سرمايه گذاري جامي,87,452323,6079221120,13049,13440,13440,391,3.0,13161,112,0.86,13440,13440,1399-10-23
606,اخزا903,اسنادخزانه-م3بودجه99-011110,86,325056,221710379926,681618,675001,682601,983,0.14,682068,450,0.07,675001,682603,1399-10-23
607,فيروزا,صندوق بادرآمد ثابت فيروزه آسيا,84,1830106,39878051075,21777,21805,21790,13,0.06,21790,13,0.06,21778,21828,1399-10-23
608,ضصاد1103,اختيارخ وبصادر-4000-1399/11/12,82,4126,5066000,11,2,1,-10,-90.91,1,-10,-90.91,1,2,1399-10-23
609,پلاست,كارخانجات توليدي پلاستيران,82,126514,7446614040,57146,58860,58860,1714,3.0,57745,599,1.05,58860,58860,1399-10-23
610,دمعيار,صندوق س. توازن معيار-د,80,3476774,35155722180,10109,10115,10115,6,0.06,10112,3,0.03,10105,10116,1399-10-23
611,ضصاد1102,اختيارخ وبصادر-3500-1399/11/12,79,4931,83907000,30,35,15,-15,-50.0,17,-13,-43.33,15,35,1399-10-23
612,سفارود,كارخانه فارسيت درود,79,325369,5062741640,15255,15560,15560,305,2.0,15397,142,0.93,15560,15560,1399-10-23
613,اخزا821,اسنادخزانه-م21بودجه98-020906,75,15636,9155275563,586115,589000,586000,-115,-0.02,585525,-590,-0.1,584800,589000,1399-10-23
614,ضخود2005,اختيارخ خودرو-2000-1400/02/08,74,2077,1686785000,962,870,797,-165,-17.15,812,-150,-15.59,752,950,1399-10-23
615,صايند,صندوق س. گنجينه آينده روشن-د,73,864330,8605083170,9956,9955,9950,-6,-0.06,9956,0,0.0,9948,9969,1399-10-23
616,كتوكا,توليدي و خدمات صنايع نسوز توكا,72,491360,14757506240,28604,30034,30034,1430,5.0,28985,381,1.33,30034,30034,1399-10-23
617,سكه9912پ04,سكه تمام بهارتحويل1روزه صادرات,71,28500,31711036800,1104209,1109989,1115000,10791,0.98,1112668,8459,0.77,1100008,1120000,1399-10-23
618,ضپاس1001,اختيارخ وپارس-2500-1399/10/30,70,2373,652739000,528,200,252,-276,-52.27,275,-253,-47.92,200,500,1399-10-23
619,ارمغان,ص سرمايه گذاري ارمغان ايرانيان,69,1107478,11130938447,10043,10051,10051,8,0.08,10051,8,0.08,10045,10051,1399-10-23
620,فنرژي,گسترش صنايع انرژي آذرآب,69,615411,9103774923,14503,14793,14793,290,2.0,14751,248,1.71,14793,14793,1399-10-23
621,تاصيكوح,ح . سرمايه گذاري صدرتامين,65,3240430,25929949520,8070,8880,8000,-70,-0.87,8000,-70,-0.87,8000,8880,1399-10-23
622,ضشنا2001,اختيارخ شپنا-10000-1400/02/27,63,2481,4814492000,2680,2060,1900,-780,-29.1,1941,-739,-27.57,1860,2200,1399-10-23
623,تسه9712,امتياز تسهيلات مسكن اسفند97,63,1068,609277969,586436,583000,557115,-29321,-5.0,570485,-15951,-2.72,557115,599992,1399-10-23
624,دشيري,شيرين دارو,62,88958,18398649392,200800,206824,206824,6024,3.0,206065,5265,2.62,206824,206824,1399-10-23
625,بذر,صندوق س بذر اميد آفرين-سهام,62,41142,4183585240,104150,103080,100600,-3550,-3.41,101690,-2460,-2.36,100580,103080,1399-10-23
626,سكه0112پ03,سكه تمام بهارتحويلي1روزه سامان,61,7000,7796603700,1103250,1110000,1115000,11750,1.07,1113800,10550,0.96,1110000,1117990,1399-10-23
627,تسه9802,امتياز تسهيلات مسكن ارديبهشت98,59,637,367129844,595112,567567,575496,-19616,-3.3,576342,-18770,-3.15,565357,598984,1399-10-23
628,اخزا902,اسنادخزانه-م2بودجه99-011019,55,220600,152083423919,688792,688792,690000,1208,0.18,689408,616,0.09,687100,691900,1399-10-23
629,صنوين,صندوق سرمايه‌گذاري صنوين-مختلط,55,15913,1596921520,100990,100990,100000,-990,-0.98,100350,-640,-0.63,100000,100990,1399-10-23
630,زعف0008پ08,زعفران0008نگين روستا(پ),54,34302,4217494547,123905,122501,123500,-405,-0.33,122952,-953,-0.77,122200,123899,1399-10-23
631,زعف0008پ11,زعفران0008نگين سحرخيز(پ),54,40043,4958030412,124123,123498,123100,-1023,-0.82,123818,-305,-0.25,123000,124693,1399-10-23
632,تسه9903,امتياز تسهيلات مسكن خرداد99,53,569,332205785,594099,564395,595000,901,0.15,583841,-10258,-1.73,564395,615000,1399-10-23
633,پلوله,گازلوله‌,52,143570,2740676760,19272,19260,19080,-192,-1.0,19172,-100,-0.52,19080,19260,1399-10-23
634,ضسپا1104,اختيارخ خساپا-3000-1399/11/26,52,2798,116672000,82,50,51,-31,-37.8,42,-40,-48.78,35,59,1399-10-23
635,كيان2,صندوق س. با درآمد ثابت كيان,50,5000000,5000000,26691,1,1,-26690,-100.0,1,-26690,-100.0,1,1,1399-10-23
636,تسه9803,امتياز تسهيلات مسكن خرداد98,49,352,199002685,580872,570210,580000,-872,-0.15,565349,-15523,-2.67,551829,580000,1399-10-23
637,اخزا812,اسنادخزانه-م12بودجه98-001111,49,173051,143737807491,830584,823155,831000,416,0.05,830609,25,0.0,823155,832000,1399-10-23
638,ضپاس1005,اختيارخ وپارس-4500-1399/10/30,47,3336,5805000,1,1,2,1,100.0,2,1,100.0,1,3,1399-10-23
639,تسه9905,امتياز تسهيلات مسكن مرداد99,46,768,434883660,592507,567000,580000,-12507,-2.11,566255,-26252,-4.43,562882,580000,1399-10-23
640,زعف0008پ05,زعفران0008نگين زرين(پ),46,42171,5217762766,124340,123176,123002,-1338,-1.08,123729,-611,-0.49,121500,124350,1399-10-23
641,ضپاس1002,اختيارخ وپارس-3000-1399/10/30,45,1493,56564000,189,71,36,-153,-80.95,38,-151,-79.89,30,71,1399-10-23
642,زعف0008پ16,زعفران0008نگين بيرجند(پ),45,44820,5508504190,123824,122999,123710,-114,-0.09,122903,-921,-0.74,122400,123710,1399-10-23
643,اخزا815,اسنادخزانه-م15بودجه98-010406,44,155253,119540223020,768254,766200,770001,1747,0.23,769970,1716,0.22,766200,770001,1399-10-23
644,اخزا808,اسنادخزانه-م8بودجه98-000817,43,29030,25115066391,862812,865990,866988,4176,0.48,865142,2330,0.27,861201,866988,1399-10-23
645,زعف0008پ18,زعفران0008نگين بهرامن(پ),42,9333,1153893636,123835,123999,124000,165,0.13,123636,-199,-0.16,122216,124600,1399-10-23
646,ضشنا1044,اختيارخ شپنا-10000-1399/10/23,41,515,16554000,495,101,9,-486,-98.18,32,-463,-93.54,1,205,1399-10-23
647,سمايه,بانك سرمايه,40,140795,1067789280,7818,7584,7584,-234,-2.99,7805,-13,-0.17,7584,7584,1399-10-23
648,آسام,صندوق س.آرمان سپهر آشنا-م,40,15900,1727626890,110188,110000,109465,-723,-0.66,108656,-1532,-1.39,108000,110000,1399-10-23
649,كشم0001پ01,كشمش سبز0001خليل آباد(پ),40,1097,496142849,467568,489999,444190,-23378,-5.0,452272,-15296,-3.27,444190,489999,1399-10-23
650,آكورد2,صندوق س. آرمان آتي كوثر-د,40,4000000,4000000,30215,1,1,-30214,-100.0,1,-30214,-100.0,1,1,1399-10-23
651,افران2,صندوق س افرا نماد پايدار-ثابت,38,3800000,3800000,12429,1,1,-12428,-99.99,1,-12428,-99.99,1,1,1399-10-23
652,تسه9810,امتياز تسهيلات مسكن دي98,38,800,455247006,590612,561232,570000,-20612,-3.49,569059,-21553,-3.65,561082,570015,1399-10-23
653,الماس,صندوق س.امين تدبيرگران فردا-س,37,19015,2327802970,126077,123500,121000,-5077,-4.03,122419,-3658,-2.9,121000,124000,1399-10-23
654,ضسپا1101,اختيارخ خساپا-1800-1399/11/26,36,1999,793305000,451,380,395,-56,-12.42,397,-54,-11.97,380,411,1399-10-23
655,ضپاس2002,اختيارخ وپارس-3000-1400/02/29,36,695,406886000,716,699,570,-146,-20.39,585,-131,-18.3,560,699,1399-10-23
656,تسه9711,امتياز تسهيلات مسكن بهمن 97,35,607,338741936,581285,552300,552221,-29064,-5.0,558059,-23226,-4.0,552221,575000,1399-10-23
657,ضپاس1003,اختيارخ وپارس-3500-1399/10/30,35,1326,7469000,33,10,5,-28,-84.85,6,-27,-81.82,3,10,1399-10-23
658,فماك,ماداكتو استيل كرد,34,1650559,38788136500,24000,23500,23500,-500,-2.08,23500,-500,-2.08,23500,23500,1399-10-23
659,گپارس,امور رفاهي كارگزاران پارس,34,20620,3694134860,173935,179153,179153,5218,3.0,174821,886,0.51,179153,179153,1399-10-23
660,اوصتا,صندوق انديشه ورزان صباتامين -د,33,1043175,18360172591,17593,17610,17600,7,0.04,17600,7,0.04,17593,17610,1399-10-23
661,ضجار2005,اختيارخ وتجارت-4000-1400/02/22,33,1411,289402000,523,201,193,-330,-63.1,205,-318,-60.8,193,251,1399-10-23
662,اخزا909,اسنادخزانه-م9بودجه99-020316,32,295370,187157879648,632243,632251,635000,2757,0.44,633639,1396,0.22,632250,635001,1399-10-23
663,اخزا811,اسنادخزانه-م11بودجه98-001013,32,150242,126720113496,841205,840001,844390,3185,0.38,843440,2235,0.27,840001,844390,1399-10-23
664,ضخود2013,اختيارخ خودرو-7000-1400/02/08,31,1427,86168000,67,70,55,-12,-17.91,60,-7,-10.45,42,77,1399-10-23
665,اخزا901,اسنادخزانه-م1بودجه99-010621,30,34590,25453339560,734879,735700,735998,1119,0.15,735858,979,0.13,735208,736000,1399-10-23
666,تسه9804,امتياز تسهيلات مسكن تير98,30,283,167625508,573920,545225,600100,26180,4.56,592316,18396,3.21,545224,602616,1399-10-23
667,ضخود2008,اختيارخ خودرو-3500-1400/02/08,29,626,149042000,274,220,240,-34,-12.41,238,-36,-13.14,210,270,1399-10-23
668,اخزا814,اسنادخزانه-م14بودجه98-010318,29,202378,157417628911,776618,775012,778025,1407,0.18,777840,1222,0.16,775012,778900,1399-10-23
669,شرنگي,شيميايي رنگين,29,21331,3069018956,139686,143876,143876,4190,3.0,140279,593,0.42,143876,143876,1399-10-23
670,تسه9801,امتياز تسهيلات مسكن فروردين98,29,406,230172907,596103,566888,566298,-29805,-5.0,566928,-29175,-4.89,566298,570001,1399-10-23
671,تسه9811,امتياز تسهيلات مسكن بهمن98,29,235,135224815,592476,562853,599999,7523,1.27,575425,-17051,-2.88,562853,599999,1399-10-23
672,تسه9808,امتياز تسهيلات مسكن آبان98,28,374,218625949,580076,600000,580000,-76,-0.01,584561,4485,0.77,551185,600000,1399-10-23
673,اخزا905,اسنادخزانه-م5بودجه99-020218,27,120348,77072134352,641755,634614,641300,-455,-0.07,640411,-1344,-0.21,634604,642000,1399-10-23
674,وسخراج,شركت س استان خراسان جنوبي,27,183587,367174000,2220,2000,2000,-220,-9.91,2220,0,0.0,2000,2000,1399-10-23
675,فاهواز,نورد و لوله اهواز,27,85771,1391119849,16549,16219,16219,-330,-1.99,16536,-13,-0.08,16219,16219,1399-10-23
676,ضصاد1100,اختيارخ وبصادر-2500-1399/11/12,27,612,123292000,301,205,200,-101,-33.55,201,-100,-33.22,190,245,1399-10-23
677,اخزا806,اسنادخزانه-م6بودجه98-000519,27,10657,9621795184,900765,900800,905110,4345,0.48,902861,2096,0.23,900004,907500,1399-10-23
678,اخزا809,اسنادخزانه-م9بودجه98-000923,26,29867,25387999712,848556,849990,850167,1611,0.19,850035,1479,0.17,849990,850500,1399-10-23
679,ضپاس1004,اختيارخ وپارس-4000-1399/10/30,25,723,1962000,5,17,2,-3,-60.0,3,-2,-40.0,1,17,1399-10-23
680,تسه9901,امتياز تسهيلات مسكن فروردين99,25,361,205610077,599533,569557,569557,-29976,-5.0,569557,-29976,-5.0,569557,569557,1399-10-23
681,تسه9809,امتياز تسهيلات مسكن آذر98,24,316,176807712,584748,555680,560000,-24748,-4.23,559518,-25230,-4.31,555511,560000,1399-10-23
682,ضسپا1103,اختيارخ خساپا-2500-1399/11/26,24,1295,137305000,165,100,110,-55,-33.33,106,-59,-35.76,100,120,1399-10-23
683,ضملي3002,اختيارخ فملي-10000-1400/03/02,23,464,1317474000,3885,4699,2800,-1085,-27.93,2839,-1046,-26.92,2800,4700,1399-10-23
684,ضفلا1156,اختيارخ فولاد-16000-1399/11/28,23,445,38667000,223,101,75,-148,-66.37,87,-136,-60.99,55,101,1399-10-23
685,سخند,صندوق س.سپهرخبرگان نفت-د,23,110570,1111339650,10042,10043,10055,13,0.13,10051,9,0.09,10042,10055,1399-10-23
686,سايرا,ايرانيت‌,22,257279,10653408832,40597,41408,41408,811,2.0,41381,784,1.93,41408,41408,1399-10-23
687,فافزا,فولاد افزا سپاهان,22,107985,5235004815,49978,48479,48479,-1499,-3.0,49572,-406,-0.81,48479,48479,1399-10-23
688,هترول911,اختيارف ت پترول-14730-99/11/15,22,257342,909703970,3487,3535,3535,48,1.38,3535,48,1.38,3535,3535,1399-10-23
689,اخزا816,اسنادخزانه-م16بودجه98-010503,22,90206,68634543727,759157,765000,760513,1356,0.18,760864,1707,0.22,760025,765000,1399-10-23
690,تسه9806,امتياز تسهيلات مسكن شهريور98,22,175,97776669,574191,602900,550000,-24191,-4.21,558724,-15467,-2.69,545482,602900,1399-10-23
691,اراد62,مرابحه عام دولت62-ش.خ0309,20,500000,500000000000,1000000,1000000,1000000,0,0.0,1000000,0,0.0,1000000,1000000,1399-10-23
692,ضملت1128,اختيارخ وبملت-6000-1399/11/28,20,381,22233000,122,148,53,-69,-56.56,58,-64,-52.46,51,148,1399-10-23
693,اخزا818,اسنادخزانه-م18بودجه98-010614,20,125428,93726549569,745333,744000,751658,6325,0.85,747254,1921,0.26,744000,751658,1399-10-23
694,داريك,صندوق س.اعتماد داريك-د,20,60929,626142983,10422,10259,10255,-167,-1.6,10277,-145,-1.39,10255,10299,1399-10-23
695,ضفار1125,اختيارخ فارس-17826-1399/11/07,19,789,1678000,3,1,1,-2,-66.67,1,-2,-66.67,1,2,1399-10-23
696,اخزا817,اسنادخزانه-م17بودجه98-010512,18,45632,34517062022,756704,750000,756418,-286,-0.04,756422,-282,-0.04,750000,759500,1399-10-23
697,ضملت1129,اختيارخ وبملت-7000-1399/11/28,18,169,3243000,103,14,79,-24,-23.3,19,-84,-81.55,14,79,1399-10-23
698,اراد60,مرابحه عام دولتي6-ش.خ0210,18,3281000,3036467070000,925410,925470,925470,60,0.01,925470,60,0.01,925470,925470,1399-10-23
699,ثروتم,صندوق س. ثروت آفرين پارسيان-س,17,26030,2220217690,86817,85280,85280,-1537,-1.77,85295,-1522,-1.75,85280,86980,1399-10-23
700,تسه9812,امتياز تسهيلات مسكن اسفند98,17,201,113041465,591951,562573,562354,-29597,-5.0,562395,-29556,-4.99,562354,563000,1399-10-23
701,اراد55,مرابحه عام دولت5-ش.خ 0209,16,3015735,2796099019950,925720,927170,927170,1450,0.16,927170,1450,0.16,927170,927170,1399-10-23
702,داراب,پتروشيمي داراب,16,90536,224800888,2559,2483,2483,-76,-2.97,2558,-1,-0.04,2483,2483,1399-10-23
703,تملي612,تسهيلات مسكن بانك ملي-اسفند96,16,100,92862200,892906,848261,937551,44645,5.0,928622,35716,4.0,848261,937551,1399-10-23
704,ضصاد1101,اختيارخ وبصادر-3000-1399/11/12,16,377,21014000,101,71,69,-32,-31.68,56,-45,-44.55,40,80,1399-10-23
705,وملل2,اعتباري ملل,15,247465454,4268036685138,17247,17247,17247,0,0.0,17247,0,0.0,17247,17247,1399-10-23
706,ضملي1152,اختيارخ فملي-18252-1399/11/05,15,1115,2202724,1,1,1,0,0.0,1,0,0.0,1,2,1399-10-23
707,ضجار2002,اختيارخ وتجارت-2500-1400/02/22,15,184,115406000,1,700,550,549,54900.0,627,626,62600.0,550,1000,1399-10-23
708,اخزا904,اسنادخزانه-م4بودجه99-011215,15,115966,77789407405,671077,673888,671502,425,0.06,670795,-282,-0.04,670485,674300,1399-10-23
709,رطب0002پ01,رطب مضافتي0002افشارتعاون بم(پ),15,447,107368695,239823,239823,228000,-11823,-4.93,240198,375,0.16,228000,251000,1399-10-23
710,ضخود2010,اختيارخ خودرو-4500-1400/02/08,14,84,13225000,164,152,170,6,3.66,157,-7,-4.27,110,185,1399-10-23
711,زعف0008پ09,زعفران0008نگين نوين(پ),13,22100,2719850900,124036,123998,123000,-1036,-0.84,123070,-966,-0.78,123000,123999,1399-10-23
712,ضخود2011,اختيارخ خودرو-5000-1400/02/08,13,475,56259000,189,122,150,-39,-20.63,118,-71,-37.57,100,160,1399-10-23
713,اخزا813,اسنادخزانه-م13بودجه98-010219,13,12932,10202392062,787798,788000,789013,1215,0.15,788926,1128,0.14,788000,789013,1399-10-23
714,سكه0011پ02,سكه تمام بهارتحويلي 1روزه ملت,13,2300,2561645100,1103883,1112000,1115000,11117,1.01,1113759,9876,0.89,1105115,1117998,1399-10-23
715,هفارس912,اختيارف ت فارس-14576-99/12/13,12,171944,549704968,3190,3197,3197,7,0.22,3197,7,0.22,3197,3197,1399-10-23
716,ضملت1124,اختيارخ وبملت-3500-1399/11/28,11,259,210752000,965,1000,759,-206,-21.35,814,-151,-15.65,759,1000,1399-10-23
717,ضفلا1157,اختيارخ فولاد-18000-1399/11/28,11,458,11577000,90,32,23,-67,-74.44,25,-65,-72.22,23,60,1399-10-23
718,صبا1401,اجاره مهندسي صبا نفت14010225,11,298,271963034,894016,840002,910000,15984,1.79,912628,18612,2.08,840002,938761,1399-10-23
719,ضغدر1119,اختيارخ وغدير-10000-1399/11/26,11,82,105247000,1928,1500,930,-998,-51.76,1283,-645,-33.45,930,1500,1399-10-23
720,تسه9807,امتياز تسهيلات مسكن مهر98,11,138,76782631,583845,554653,557000,-26845,-4.6,556396,-27449,-4.7,554653,557000,1399-10-23
721,تسه9805,امتياز تسهيلات مسكن مرداد98,11,47,26031514,581476,560000,552403,-29073,-5.0,553862,-27614,-4.75,552403,560000,1399-10-23
722,ضملي1153,اختيارخ فملي-20280-1399/11/05,11,556,1242360,1,1,2,1,100.0,1,0,0.0,1,2,1399-10-23
723,هبركت912,اختيارف ت بركت-22100-99/12/17,11,180000,180000,1,1,1,0,0.0,1,0,0.0,1,1,1399-10-23
724,نگين,ص.س. زمين و ساختمان نگين شهرري,10,9249,439662640,48430,47580,47530,-900,-1.86,47540,-890,-1.84,47530,47580,1399-10-23
725,عيار2,صندوق س. پشتوانه طلاي مفيد,10,100000,100000,27974,1,1,-27973,-100.0,1,-27973,-100.0,1,1,1399-10-23
726,فيروزه2,صندوق شاخص30 شركت فيروزه- سهام,10,100000,100000,157700,1,1,-157699,-100.0,1,-157699,-100.0,1,1,1399-10-23
727,گنجين,صندوق س. گنجينه يكم آويد-د,9,7342,88140932,12001,12002,12008,7,0.06,12005,4,0.03,12002,12010,1399-10-23
728,تملي705,تسهيلات مسكن ب. ملي-مرداد97,9,220,132716540,635007,603257,603257,-31750,-5.0,603257,-31750,-5.0,603257,603257,1399-10-23
729,ضپاس1000,اختيارخ وپارس-2000-1399/10/30,9,71,47176000,1250,600,700,-550,-44.0,664,-586,-46.88,600,779,1399-10-23
730,لوتوسح,ح . تامين سرمايه لوتوس پارسيان,9,108684,1228664200,11250,11800,11500,250,2.22,11300,50,0.44,11300,11800,1399-10-23
731,وسمازن,س.سهام عدالت استان مازندران,9,97612,91755280,980,940,940,-40,-4.08,980,0,0.0,940,940,1399-10-23
732,اخزا820,اسنادخزانه-م20بودجه98-020806,9,3722,2221777358,595774,592005,597000,1226,0.21,596931,1157,0.19,592001,598000,1399-10-23
733,ضسپا1100,اختيارخ خساپا-1600-1399/11/26,8,134,77203000,642,600,507,-135,-21.03,576,-66,-10.28,507,600,1399-10-23
734,ضپاس2003,اختيارخ وپارس-3500-1400/02/29,8,27,8640000,500,320,320,-180,-36.0,320,-180,-36.0,320,320,1399-10-23
735,اخزا804,اسنادخزانه-م4بودجه98-000421,8,3852,3520044564,912390,912700,916002,3612,0.4,913823,1433,0.16,912700,916002,1399-10-23
736,ضترا1117,اختيارخ شتران-10000-1399/11/14,8,30,11805000,618,600,160,-458,-74.11,393,-225,-36.41,160,600,1399-10-23
737,تملي807,تسهيلات مسكن ب. ملي-مهر98,8,89,64092816,685852,720144,720144,34292,5.0,720144,34292,5.0,720144,720144,1399-10-23
738,اخزا907,اسنادخزانه-م7بودجه99-020704,7,23847,14291538849,599998,595001,599300,-698,-0.12,599301,-697,-0.12,595001,600000,1399-10-23
739,وسرضوي,س.سهام عدالت استان خراسان رضوي,7,90853,89035940,1030,980,980,-50,-4.85,1030,0,0.0,980,980,1399-10-23
740,وساشرقي,شركت س استان آذربايجان شرقي,7,53567,50888650,990,950,950,-40,-4.04,990,0,0.0,950,950,1399-10-23
741,ضفار1123,اختيارخ فارس-13826-1399/11/07,7,82,1660000,70,10,10,-60,-85.71,10,-60,-85.71,10,11,1399-10-23
742,اخزا722,اسنادخزانه-م22بودجه97-000428,7,12139,11101421417,909639,917499,915000,5361,0.59,914525,4886,0.54,914002,917499,1399-10-23
743,وساغربي,شركت س استان آذربايجان غربي,6,204000,150960000,770,740,740,-30,-3.9,770,0,0.0,740,740,1399-10-23
744,وسكرد,شركت س استان كردستان,6,131774,98830500,780,750,750,-30,-3.85,780,0,0.0,750,750,1399-10-23
745,ضفلا1153,اختيارخ فولاد-10000-1399/11/28,6,15,28990000,2479,1500,1899,-580,-23.4,1933,-546,-22.03,1899,2000,1399-10-23
746,شستا991,اجاره تامين اجتماعي-امين991226,6,53,52619415,995859,991500,993120,-2739,-0.28,992819,-3040,-0.31,991500,993120,1399-10-23
747,آگاس2,صندوق س.هستي بخش آگاه-س,6,1000000,1000000,69971,1,1,-69970,-100.0,1,-69970,-100.0,1,1,1399-10-23
748,كرونا2,تامين مالي جمعي صرفا اهداي سود,6,5440,54400000,10000,10000,10000,0,0.0,10000,0,0.0,10000,10000,1399-10-23
749,وسلرستا,شركت س استان لرستان,5,65850,56631000,900,860,860,-40,-4.44,900,0,0.0,860,860,1399-10-23
750,اخزا713,اسنادخزانه-م13بودجه97-000518,5,34831,31487296960,898555,904003,904001,5446,0.61,904002,5447,0.61,904001,904003,1399-10-23
751,ضملي1148,اختيارخ فملي-10140-1399/11/05,5,104,366874824,1908,1800,1510,-398,-20.86,1789,-119,-6.24,1510,1800,1399-10-23
752,اخزا810,اسنادخزانه-م10بودجه98-001006,5,8059,6782549744,841004,841524,841682,678,0.08,841612,608,0.07,841524,841682,1399-10-23
753,ضپنا2002,اختيارخ رمپنا-14000-1400/02/12,5,31,124600000,5200,4200,4000,-1200,-23.08,4019,-1181,-22.71,4000,4200,1399-10-23
754,اخزا718,اسنادخزانه-م18بودجه97-000525,5,26794,24114359704,896010,896011,900000,3990,0.45,899991,3981,0.44,896011,900001,1399-10-23
755,ضفلا1155,اختيارخ فولاد-14000-1399/11/28,5,45,14990000,720,350,330,-390,-54.17,333,-387,-53.75,300,350,1399-10-23
756,ضگل1149,اختيارخ كگل-10000-1399/11/21,5,5,36999000,8001,7410,7390,-611,-7.64,7400,-601,-7.51,7390,7410,1399-10-23
757,ضشنا2000,اختيارخ شپنا-9000-1400/02/27,5,91,232050000,3540,2550,2550,-990,-27.97,2550,-990,-27.97,2550,2550,1399-10-23
758,اخزا805,اسنادخزانه-م5بودجه98-000422,5,14774,13518410000,914425,915000,916000,1575,0.17,915014,589,0.06,915000,916000,1399-10-23
759,اخزا723,اسنادخزانه-م23بودجه97-000824,5,43200,37196183638,860807,861024,861022,215,0.02,861023,216,0.03,861022,861024,1399-10-23
760,اخزا807,اسنادخزانه-م7بودجه98-000719,5,13427,11746749129,873800,872112,875500,1700,0.19,874860,1060,0.12,872112,875500,1399-10-23
761,ضملت1126,اختيارخ وبملت-4500-1399/11/28,5,67,22589000,800,390,450,-350,-43.75,337,-463,-57.88,300,450,1399-10-23
762,ضچاد2000,اختيارخ كچاد-12000-1400/02/05,5,68,605700000,9210,8900,8900,-310,-3.37,8907,-303,-3.29,8900,9000,1399-10-23
763,زعف0008پ12,زعفران0008پوشالمعمول سحرخيز(پ),5,450,38209750,84533,84000,85599,1066,1.26,84911,378,0.45,84000,85599,1399-10-23
764,ضمخا1024,اختيارخ اخابر-14000-1399/10/30,5,69,530000,192,11,5,-187,-97.4,8,-184,-95.83,5,11,1399-10-23
765,اخزا908,اسنادخزانه-م8بودجه99-020606,5,17138,10398821000,604044,604000,607000,2956,0.49,606770,2726,0.45,604000,607000,1399-10-23
766,ضخوز2012,اختيارخ فخوز-10000-1400/02/15,4,23,112400000,6000,4900,4900,-1100,-18.33,4887,-1113,-18.55,4800,4900,1399-10-23
767,شرق1400,مشاركت ليزينگ ايران وشرق140010,4,20,20098000,1000000,1010000,1010000,10000,1.0,1004900,4900,0.49,999800,1010000,1399-10-23
768,شستا992,اجاره تامين اجتماعي-سپهر991226,4,22,22189994,1019200,995000,1020000,800,0.08,1008636,-10564,-1.04,995000,1020000,1399-10-23
769,ضغدر1121,اختيارخ وغدير-14000-1399/11/26,4,25,8000000,550,350,200,-350,-63.64,320,-230,-41.82,200,350,1399-10-23
770,اراد50,مرابحه عام دولت5-ش.خ0302,4,60000,60000020000,1000001,1000001,1000000,-1,0.0,1000000,-1,0.0,1000000,1000001,1399-10-23
771,ضصاد1104,اختيارخ وبصادر-4500-1399/11/12,4,76,151000,2,1,6,4,200.0,2,0,0.0,1,6,1399-10-23
772,زير0003پ01,زيره سبز0003كيميابذر(پ),4,56,28560000,512404,500000,528000,15596,3.04,510000,-2404,-0.47,500000,528000,1399-10-23
773,تملي701,تسهيلات مسكن ب. ملي-فروردين97,4,58,35836228,650385,682904,617866,-32519,-5.0,617866,-32519,-5.0,617866,617866,1399-10-23
774,اطلس2,صندوق س.توسعه اندوخته آينده-س,4,40000,40000,210557,1,1,-210556,-100.0,1,-210556,-100.0,1,1,1399-10-23
775,اخزا721,اسنادخزانه-م21بودجه97-000728,4,25000,21825047992,870520,874000,873000,2480,0.28,873002,2482,0.29,873000,874000,1399-10-23
776,ضترا1118,اختيارخ شتران-12000-1399/11/14,4,208,10650000,52,60,50,-2,-3.85,51,-1,-1.92,50,60,1399-10-23
777,تملي708,تسهيلات مسكن ب. ملي-آبان97,4,228,161206474,673378,707046,707046,33668,5.0,707046,33668,5.0,707045,707046,1399-10-23
778,ضملي1151,اختيارخ فملي-16224-1399/11/05,3,20,650760,28,20,20,-8,-28.57,16,-12,-42.86,15,20,1399-10-23
779,ضترا1126,اختيارخ شتران-7000-1399/11/14,3,9,15390000,2161,1790,1700,-461,-21.33,1710,-451,-20.87,1700,1790,1399-10-23
780,خاتم2,صندوق س خاتم ايساتيس پويا-ثابت,3,14000000,14000000,10379,1,1,-10378,-99.99,1,-10378,-99.99,1,1,1399-10-23
781,وسفارس,شركت س استان فارس,3,21274,20848520,1030,980,980,-50,-4.85,1030,0,0.0,980,980,1399-10-23
782,وسكرمان,س.سهام عدالت استان كرمان,3,25143,24640140,1030,980,980,-50,-4.85,1030,0,0.0,980,980,1399-10-23
783,ضمخا7066,اختيارخ اخابر-12000-1400/07/28,3,7,34450000,5986,5000,4000,-1986,-33.18,4921,-1065,-17.79,4000,5450,1399-10-23
784,پست0008پ04,پسته فندقي32-30سبزدانه0008(پ),3,40,56499990,1373611,1419999,1410000,36389,2.65,1412500,38889,2.83,1410000,1419999,1399-10-23
785,ياقوت2,صندوق س ياقوت آگاه-ثابت,3,6666636,6666636,11752,1,1,-11751,-99.99,1,-11751,-99.99,1,1,1399-10-23
786,اراد644,مرابحه عام دولتي64-ش.خ0111,3,10184536,9600045478960,1000000,942610,942610,-57390,-5.74,942610,-57390,-5.74,942610,942610,1399-10-23
787,ضشنا1045,اختيارخ شپنا-12000-1399/10/23,3,40,785000,21,5,20,-1,-4.76,20,-1,-4.76,5,20,1399-10-23
788,ضمخا1023,اختيارخ اخابر-12000-1399/10/30,3,5,2569000,950,514,513,-437,-46.0,514,-436,-45.89,513,514,1399-10-23
789,وسصفا,شركت س استان اصفهان,3,25635,26147700,1070,1020,1020,-50,-4.67,1070,0,0.0,1020,1020,1399-10-23
790,اراد63,مرابحه عام دولت63-ش.خ0309,3,50000,50000000000,1000000,1000000,1000000,0,0.0,1000000,0,0.0,1000000,1000000,1399-10-23
791,زير0003پ04,زيره سبز0003شركت مينوبذر(پ),3,68,32595675,474000,479500,479205,5205,1.1,479348,5348,1.13,479205,479500,1399-10-23
792,صپابهمن,بار پايه صنعتي بهمن,2,250000,87500000,335,350,350,15,4.48,350,15,4.48,350,350,1399-10-23
793,ضفلا1151,اختيارخ فولاد-8000-1399/11/28,2,20,76000000,3533,3800,3800,267,7.56,3800,267,7.56,3800,3800,1399-10-23
794,وساربيل,شركت س استان اردبيل,2,8350,10187000,1280,1220,1220,-60,-4.69,1280,0,0.0,1220,1220,1399-10-23
795,ضفار1120,اختيارخ فارس-8826-1399/11/07,2,6,23280000,2255,1940,1940,-315,-13.97,1940,-315,-13.97,1940,1940,1399-10-23
796,ضپاس2000,اختيارخ وپارس-2000-1400/02/29,2,6,7200000,1488,1200,1200,-288,-19.35,1200,-288,-19.35,1200,1200,1399-10-23
797,ضمخا1025,اختيارخ اخابر-16000-1399/10/30,2,20,30000,105,2,1,-104,-99.05,1,-104,-99.05,1,2,1399-10-23
798,وسيزد,شركت س استان يزد,2,9100,11102000,1280,1220,1220,-60,-4.69,1280,0,0.0,1220,1220,1399-10-23
799,وبملت2,بانك ملت,2,91000000,373100000000,4310,4100,4100,-210,-4.87,4100,-210,-4.87,4100,4100,1399-10-23
800,ضملي1154,اختيارخ فملي-24336-1399/11/05,2,61,723724,96,7,6,-90,-93.75,6,-90,-93.75,6,7,1399-10-23
801,ضجار2000,اختيارخ وتجارت-1800-1400/02/22,2,21,23720000,1368,1120,1320,-48,-3.51,1130,-238,-17.4,1120,1320,1399-10-23
802,تملي709,تسهيلات مسكن ب. ملي-آذر97,2,6,5658948,992797,943158,943158,-49639,-5.0,943158,-49639,-5.0,943158,943158,1399-10-23
803,ضمخا7067,اختيارخ اخابر-14000-1400/07/28,2,3,10200000,3604,3400,3400,-204,-5.66,3400,-204,-5.66,3400,3400,1399-10-23
804,ضگل1150,اختيارخ كگل-12000-1399/11/21,2,2,10700000,8000,5300,5400,-2600,-32.5,5350,-2650,-33.13,5300,5400,1399-10-23
805,وسكرشا,س.سهام عدالت استان كرمانشاه,2,12469,14962800,1260,1200,1200,-60,-4.76,1260,0,0.0,1200,1200,1399-10-23
806,ضچاد2003,اختيارخ كچاد-18000-1400/02/05,1,10,37000000,4588,3700,3700,-888,-19.35,3700,-888,-19.35,3700,3700,1399-10-23
807,ضترا1127,اختيارخ شتران-8000-1399/11/14,1,1,1000000,1314,1000,1000,-314,-23.9,1000,-314,-23.9,1000,1000,1399-10-23
808,بتك,كارخانجات كابل سازي‌ تك‌,1,696,24495024,33841,35194,35194,1353,4.0,33844,3,0.01,35194,35194,1399-10-23
809,ضجار2004,اختيارخ وتجارت-3500-1400/02/22,1,5,1755000,488,351,351,-137,-28.07,351,-137,-28.07,351,351,1399-10-23
810,اراد43,مرابحه عام دولت4-ش.خ 0205,1,500,480000000,932000,960000,960000,28000,3.0,960000,28000,3.0,960000,960000,1399-10-23
811,ضملت1130,اختيارخ وبملت-8000-1399/11/28,1,20,60000,10,3,3,-7,-70.0,3,-7,-70.0,3,3,1399-10-23
812,ضسان2008,اختيارخ پارسان-16750-00/02/15,1,10,43000000,1,4300,4300,4299,429900.0,4300,4299,429900.0,4300,4300,1399-10-23
813,افاد55,منفعت دولت5-ش.خاص ساير0108,1,5000,4855000000,960000,971000,971000,11000,1.15,971000,11000,1.15,971000,971000,1399-10-23
814,ضخود2012,اختيارخ خودرو-6000-1400/02/08,1,20,2020000,150,101,101,-49,-32.67,101,-49,-32.67,101,101,1399-10-23
815,ضمخا7069,اختيارخ اخابر-18000-1400/07/28,1,1,1200000,3500,1200,1200,-2300,-65.71,1200,-2300,-65.71,1200,1200,1399-10-23
816,ضفار1122,اختيارخ فارس-11826-1399/11/07,1,3,1200000,105,200,200,95,90.48,200,95,90.48,200,200,1399-10-23
817,كمند2,صندوق س. با درآمد ثابت كمند,1,71000000,71000000,10039,1,1,-10038,-99.99,1,-10038,-99.99,1,1,1399-10-23
818,سميعا002,سلف موازي استاندارد سميعا002,1,10000,12580300000,1241125,1258030,1258030,16905,1.36,1258030,16905,1.36,1258030,1258030,1399-10-23
819,افاد84,منفعت دولت8-ش.خاص ساير0205,1,1500,1386000000,880000,924000,924000,44000,5.0,924000,44000,5.0,924000,924000,1399-10-23
820,صگل309,صكوك اجاره گل گهر309-3ماهه20%,1,10000,10300000000,1020000,1030000,1030000,10000,0.98,1030000,10000,0.98,1030000,1030000,1399-10-23
821,وصندوق2,سرمايه‌گذاري‌صندوق‌بازنشستگي‌,1,13000000,183560000000,14240,14120,14120,-120,-0.84,14120,-120,-0.84,14120,14120,1399-10-23
822,ضبدر1149,اختيارخ شبندر-28000-1399/11/19,1,20,2000000,4650,100,100,-4550,-97.85,100,-4550,-97.85,100,100,1399-10-23
823,مبين014,اجاره اعتماد مبين لوتوس011019,1,3000,2970000000,979602,990000,990000,10398,1.06,990000,10398,1.06,990000,990000,1399-10-23
824,ضگل1141,اختيارخ كگل-14000-1399/11/21,1,5,18000000,5000,3600,3600,-1400,-28.0,3600,-1400,-28.0,3600,3600,1399-10-23
825,پارس2,پتروشيمي پارس,1,1000000,150000000000,154560,150000,150000,-4560,-2.95,150000,-4560,-2.95,150000,150000,1399-10-23
826,ضفلا1152,اختيارخ فولاد-9000-1399/11/28,1,3,8400000,3700,2800,2800,-900,-24.32,2800,-900,-24.32,2800,2800,1399-10-23
827,ضفلا1158,اختيارخ فولاد-20000-1399/11/28,1,1,50000,31,50,50,19,61.29,50,19,61.29,50,50,1399-10-23
828,ضمخا1027,اختيارخ اخابر-20000-1399/10/30,1,15,15000,1,1,1,0,0.0,1,0,0.0,1,1,1399-10-23
829,اخزا9072,اسنادخزانه-م7بودجه99-020704,1,109730,65837890270,599998,599999,599999,1,0.0,599999,1,0.0,599999,599999,1399-10-23
830,ضپنا2000,اختيارخ رمپنا-10000-1400/02/12,1,1,7600000,8900,7600,7600,-1300,-14.61,7600,-1300,-14.61,7600,7600,1399-10-23
831,اشاد10,مشاركت دولتي10-شرايط خاص001226,1,15000,14385000000,954000,959000,959000,5000,0.52,959000,5000,0.52,959000,959000,1399-10-23
832,ضملي3000,اختيارخ فملي-8000-1400/03/02,1,3,13200000,6850,4400,4400,-2450,-35.77,4400,-2450,-35.77,4400,4400,1399-10-23
833,شستا993,اجاره ت.اجتماعي-كاردان991226,1,6250,6281218750,997623,1004995,1004995,7372,0.74,1004995,7372,0.74,1004995,1004995,1399-10-23
834,شستا005,اجاره تامين اجتماعي-امين001220,1,5,5000005,1000000,1000001,1000001,1,0.0,1000001,1,0.0,1000001,1000001,1399-10-23
835,ضپيك2011,اختيارخ تاپيكو-14000-00/02/19,1,1,1211000,2149,1211,1211,-938,-43.65,1211,-938,-43.65,1211,1211,1399-10-23
836,صخابر102,صكوك اجاره مخابرات-3 ماهه 16%,1,3000,2880000000,952125,960000,960000,7875,0.83,960000,7875,0.83,960000,960000,1399-10-23
837,شفارس4,صنايع‌ شيميايي‌ فارس‌,1,3500000,199885000000,59140,57110,57110,-2030,-3.43,57110,-2030,-3.43,57110,57110,1399-10-23
838,اراد654,مرابحه عام دولتي65-ش.خ0210,1,500000,462645000000,1000000,925290,925290,-74710,-7.47,925290,-74710,-7.47,925290,925290,1399-10-23
839,ضپيك2009,اختيارخ تاپيكو-10000-00/02/19,1,20,64000000,4242,3200,3200,-1042,-24.56,3200,-1042,-24.56,3200,3200,1399-10-23
840,ضجار2008,اختيارخ وتجارت-6000-1400/02/22,1,3,435000,1,145,145,144,14400.0,145,144,14400.0,145,145,1399-10-23
841,صگل039,صكوك اجاره گل گهر039-3ماهه20%,1,5,5197500,990000,1039500,1039500,49500,5.0,1039500,49500,5.0,1039500,1039500,1399-10-23
842,اراد35,مرابحه عام دولت3-ش.خ 0103,1,1000,954000000,953000,954000,954000,1000,0.1,954000,1000,0.1,954000,954000,1399-10-23
843,بنو4,بيمه تجارت نو,1,3000000,85752000000,29947,28584,28584,-1363,-4.55,28584,-1363,-4.55,28584,28584,1399-10-23
844,اراد36,مرابحه عام دولت3-ش.خ 0104,1,5000,4725000000,935000,945000,945000,10000,1.07,945000,10000,1.07,945000,945000,1399-10-23
845,خعمرا,توسعه و عمران شهرستان نائين,1,4839,108388761,21747,22399,22399,652,3.0,21750,3,0.01,22399,22399,1399-10-23
846,تماوند2,تامين سرمايه دماوند,1,1500000,31786500000,21191,21191,21191,0,0.0,21191,0,0.0,21191,21191,1399-10-23
847,اراد554,مرابحه عام دولت5-ش.خ 0209,1,1617826,1499999732420,925720,927170,927170,1450,0.16,927170,1450,0.16,927170,927170,1399-10-23
848,شستا2,سرمايه گذاري تامين اجتماعي,1,13800000,276000000000,20670,20000,20000,-670,-3.24,20000,-670,-3.24,20000,20000,1399-10-23
849,ضبدر1150,اختيارخ شبندر-32000-1399/11/19,1,20,10000000,604,500,500,-104,-17.22,500,-104,-17.22,500,500,1399-10-23
850,تابان02,اجاره تابان لوتوس14021206,1,3000,3000000000,980000,1000000,1000000,20000,2.04,1000000,20000,2.04,1000000,1000000,1399-10-23
851,فبستم,صنايع ‌بسته‌بندي‌ مشهد,1,1000,816000,793,816,816,23,2.9,793,0,0.0,816,816,1399-10-23
852,ضپيك2008,اختيارخ تاپيكو-9000-00/02/19,1,11,44000000,5038,4000,4000,-1038,-20.6,4000,-1038,-20.6,4000,4000,1399-10-23
853,زعف0008پ15,زعفران0008پوشالمعمول طلاسرخ(پ),1,100,8400000,84853,84000,84000,-853,-1.01,84000,-853,-1.01,84000,84000,1399-10-23
854,تملي803,تسهيلات مسكن ب. ملي-خرداد98,1,10,9426180,992229,942618,942618,-49611,-5.0,942618,-49611,-5.0,942618,942618,1399-10-23
855,پست0008پ08,پسته فندقي32-30مه ولات0008(پ),1,10,13700000,1400000,1370000,1370000,-30000,-2.14,1370000,-30000,-2.14,1370000,1370000,1399-10-23
856,پارتا2,مجتمع‌صنعتي‌آرتاويل‌تاير,1,2400000,169008000000,68369,70420,70420,2051,3.0,70420,2051,3.0,70420,70420,1399-10-23
857,پست0008پ02,پسته فندقي32-30طلاسبززرند0008,1,8,11028664,1321186,1378583,1378583,57397,4.34,1378583,57397,4.34,1378583,1378583,1399-10-23
858,تيپيكو2,سرمايه گذاري دارويي تامين,1,2920000,150088000000,52140,51400,51400,-740,-1.42,51400,-740,-1.42,51400,51400,1399-10-23
859,وسهمدا,شركت س استان همدان,1,6000,5100000,890,850,850,-40,-4.49,890,0,0.0,850,850,1399-10-23
860,اخزا716,اسنادخزانه-م16بودجه97-000407,1,29,26758996,923525,922724,922724,-801,-0.09,922724,-801,-0.09,922724,922724,1399-10-23
861,اراد22,مرابحه عام دولت2-ش.خ لوتوس0212,1,3000,3000000000,985000,1000000,1000000,15000,1.52,1000000,15000,1.52,1000000,1000000,1399-10-23
862,ضفار1124,اختيارخ فارس-15826-1399/11/07,1,74,148000,200,1,1,-199,-99.5,1,-199,-99.5,1,1,1399-10-23
863,شپديس2,پتروشيمي پرديس,1,2000000,187540000000,96100,93770,93770,-2330,-2.42,93770,-2330,-2.42,93770,93770,1399-10-23
864,ضصاد1107,اختيارخ وبصادر-7000-1399/11/12,1,100,100000,3,1,1,-2,-66.67,1,-2,-66.67,1,1,1399-10-23
865,گواهي ظرفيت,گواهي ظرفيت نقدي,1,9000000,95751000000,10639,10639,10639,0,0.0,10639,0,0.0,10639,10639,1399-10-23
866,ضبدر1159,اختيارخ شبندر-16000-1399/11/19,1,8,40000000,6526,5000,5000,-1526,-23.38,5000,-1526,-23.38,5000,5000,1399-10-23
867,ضبدر1160,اختيارخ شبندر-18000-1399/11/19,1,2,7900000,5012,3950,3950,-1062,-21.19,3950,-1062,-21.19,3950,3950,1399-10-23
868,ضسپا1106,اختيارخ خساپا-4000-1399/11/26,1,45,270000,11,6,6,-5,-45.45,6,-5,-45.45,6,6,1399-10-23
