,نماد,نام,تعداد,حجم,ارزش,دیروز,اولین,آخرین معامله - مقدار,آخرین معامله - تغییر,آخرین معامله - درصد,قیمت پایانی - مقدار,قیمت پایانی - تغییر,قیمت پایانی - درصد,کمترین,بیشترین,تاریخ
0,ثاميد,توسعه و عمران اميد,174743,729360150,1799768897700,2400,2490,2520,120,5.0,2470,70,2.92,2280,2520,1399-7-13
1,وسپهر,سرمايه گذاري مالي سپهرصادرات,111437,388958461,5434250861931,13311,13976,13976,665,5.0,13971,660,4.96,13500,13976,1399-7-13
2,دارا يكم,صندوق واسطه گري مالي يكم-سهام,87327,39346076,8138647662580,217490,218300,200100,-17390,-8.0,206850,-10640,-4.89,196000,220000,1399-7-13
3,پترول,گروه پتروشيمي س. ايرانيان,80309,424926978,8040450887620,18560,19480,18040,-520,-2.8,18920,360,1.94,17650,19480,1399-7-13
4,شپنا,پالايش نفت اصفهان,71521,258114596,6474222954280,24360,25220,25570,1210,4.97,25080,720,2.96,23570,25570,1399-7-13
5,فولاد,فولاد مباركه اصفهان,62606,297946667,5425314064160,18710,18760,18090,-620,-3.31,18210,-500,-2.67,17780,19000,1399-7-13
6,گدنا,تهيه توزيع غذاي دنا آفرين فدك,61149,820210,11038386180,12818,13458,13458,640,4.99,12951,133,1.04,13458,13458,1399-7-13
7,فملي,ملي‌ صنايع‌ مس‌ ايران‌,54038,160096131,4694465675800,30030,30450,28550,-1480,-4.93,29320,-710,-2.36,28530,30550,1399-7-13
8,خساپا,سايپا,50805,1950481687,4613701655710,2260,2370,2370,110,4.87,2370,110,4.87,2270,2370,1399-7-13
9,خودرو,ايران‌ خودرو,49789,2026804897,5812584949040,2740,2870,2870,130,4.74,2870,130,4.74,2760,2870,1399-7-13
10,امين,تامين سرمايه امين,49594,38400229,488930345890,13270,13270,12700,-570,-4.3,12730,-540,-4.07,12610,13510,1399-7-13
11,خگستر,گسترش‌سرمايه‌گذاري‌ايران‌خودرو,46960,782112401,3628943268880,4480,4700,4600,120,2.68,4640,160,3.57,4260,4700,1399-7-13
12,ثبهساز,بهساز كاشانه تهران,45819,165538294,591484890960,3720,3680,3540,-180,-4.84,3570,-150,-4.03,3540,3790,1399-7-13
13,وبصادر,بانك صادرات ايران,45286,1126544017,4769330505430,4220,4420,4100,-120,-2.84,4230,10,0.24,4020,4420,1399-7-13
14,غزر,صنعتي زر ماكارون,44509,6629706,378557119540,59730,59510,56750,-2980,-4.99,57100,-2630,-4.4,56750,59730,1399-7-13
15,سيتا,سرمايه گذاري سيمان تامين,37430,47424538,913790245070,19960,20200,18970,-990,-4.96,19270,-690,-3.46,18970,20200,1399-7-13
16,وتجارت,بانك تجارت,36424,1262170473,3747840652360,2840,2980,2980,140,4.93,2970,130,4.58,2870,2980,1399-7-13
17,شاروم,پتروشيمي اروميه,36147,582109,9124558575,14929,15675,15675,746,5.0,15057,128,0.86,15675,15675,1399-7-13
18,آريا,پليمر آريا ساسول,35043,9124163,1642816132497,185837,179900,176546,-9291,-5.0,180051,-5786,-3.11,176546,188490,1399-7-13
19,شبندر,پالايش نفت بندرعباس,31121,71233348,2681756739680,38310,38920,36420,-1890,-4.93,37650,-660,-1.72,36400,39880,1399-7-13
20,وبملت,بانك ملت,28313,506130410,2783268952910,5610,5680,5420,-190,-3.39,5500,-110,-1.96,5330,5730,1399-7-13
21,ذوب,سهامي ذوب آهن  اصفهان,25477,432465509,2363103321415,5244,5506,5410,166,3.17,5464,220,4.2,5196,5506,1399-7-13
22,رافزا,رايان هم افزا,23649,139203,4450598316,30450,31972,31972,1522,5.0,30578,128,0.42,31972,31972,1399-7-13
23,دي,بانك دي,23398,61632348,2793580937643,47198,47700,44839,-2359,-5.0,45327,-1871,-3.96,44839,47750,1399-7-13
24,شگويا,پتروشيمي تندگويان,22019,92686499,1596934491709,17839,17950,16948,-891,-4.99,17229,-610,-3.42,16948,18200,1399-7-13
25,ولپارس,ليزينگ پارسيان,20627,1528583,6588192730,4110,4310,4310,200,4.87,4130,20,0.49,4310,4310,1399-7-13
26,كرمان,س. توسعه و عمران استان كرمان,18844,45436539,3125653844731,67738,67200,71124,3386,5.0,68792,1054,1.56,64352,71124,1399-7-13
27,وساپا,سرمايه‌گذاري‌ سايپا,18141,141503924,1485931505720,10430,10700,10040,-390,-3.74,10500,70,0.67,9910,10950,1399-7-13
28,تاپيكو,س. نفت و گاز و پتروشيمي تأمين,17906,125636104,2750298223650,22940,22370,21800,-1140,-4.97,21890,-1050,-4.58,21800,22840,1399-7-13
29,خپارس,پارس‌ خودرو,17625,176320739,1467431023030,8210,8620,8210,0,0.0,8320,110,1.34,7800,8620,1399-7-13
30,وغدير,سرمايه‌گذاري‌غدير(هلدينگ‌,16073,88656052,1426880255040,16650,16940,15900,-750,-4.5,16090,-560,-3.36,15820,16990,1399-7-13
31,بركت,گروه دارويي بركت,15022,86177966,1311064268290,14570,15290,15170,600,4.12,15210,640,4.39,14000,15290,1399-7-13
32,وخارزم,سرمايه گذاري خوارزمي,14593,137579356,1619832232490,11310,11870,11770,460,4.07,11770,460,4.07,11120,11870,1399-7-13
33,فارس,صنايع پتروشيمي خليج فارس,14525,55732568,1641903722640,30860,30500,29320,-1540,-4.99,29460,-1400,-4.54,29320,30500,1399-7-13
34,صباح,ح . سرمايه گذاري صبا تامين,12126,47202040,389841764970,8673,8460,8240,-433,-4.99,8259,-414,-4.77,8240,8490,1399-7-13
35,پترولح,ح . گروه پتروشيمي س. ايرانيان,12112,74447829,1248858827330,17140,17500,15800,-1340,-7.82,16770,-370,-2.16,15440,17990,1399-7-13
36,چكاپا,گروه صنايع كاغذ پارس,11236,91902577,779544599540,8300,8650,8350,50,0.6,8480,180,2.17,7900,8710,1399-7-13
37,غگل,گلوكوزان‌,10923,126013677,599773355610,4930,4690,4900,-30,-0.61,4760,-170,-3.45,4690,5100,1399-7-13
38,خمحركه,نيرو محركه‌,9713,57073142,465297119740,8350,8510,7940,-410,-4.91,8150,-200,-2.4,7940,8720,1399-7-13
39,مدير,ص.س.مديريت ثروت ص.بازنشستگي-س,8670,42850754,531813045151,13492,13150,12150,-1342,-9.95,12411,-1081,-8.01,12143,13420,1399-7-13
40,فخوز,فولاد  خوزستان,8360,26607410,1108261454440,43200,42700,41040,-2160,-5.0,41650,-1550,-3.59,41040,43360,1399-7-13
41,بجهرم,توسعه مولد نيروگاهي جهرم,8326,81446051,313297528108,3716,3901,3800,84,2.26,3847,131,3.53,3655,3901,1399-7-13
42,ختوقا,قطعات‌ اتومبيل‌ ايران‌,8060,113674908,445136238940,3840,4030,3890,50,1.3,3920,80,2.08,3650,4030,1399-7-13
43,وپارس,بانك‌پارسيان‌,7621,351757281,1328172042790,3600,3780,3780,180,5.0,3780,180,5.0,3610,3780,1399-7-13
44,شبريز,پالايش نفت تبريز,7468,17625541,540417226650,31060,31700,30910,-150,-0.48,30660,-400,-1.29,29510,31970,1399-7-13
45,غگيلا,شيرپاستوريزه پگاه گيلان,7402,117988,1946684012,15714,16499,16499,785,5.0,15743,29,0.18,16499,16499,1399-7-13
46,كاوه,فولاد كاوه جنوب كيش,7291,69721547,1583141313050,23770,22700,22590,-1180,-4.96,22710,-1060,-4.46,22590,23570,1399-7-13
47,ونوين,بانك‌اقتصادنوين‌,7168,221300342,988126633660,4280,4490,4450,170,3.97,4470,190,4.44,4290,4490,1399-7-13
48,شصدفح,ح . صنعتي دوده فام,6768,4158747,73709553381,18483,18350,17559,-924,-5.0,17724,-759,-4.11,17559,18380,1399-7-13
49,كچاد,معدني‌وصنعتي‌چادرملو,6647,47497030,982231720250,21520,21300,20450,-1070,-4.97,20680,-840,-3.9,20450,21400,1399-7-13
50,آگاس,صندوق س.هستي بخش آگاه-س,6531,7373035,554569962657,78528,79900,73200,-5328,-6.78,75216,-3312,-4.22,72550,79900,1399-7-13
51,كگل,معدني و صنعتي گل گهر,6386,36906904,843442730980,23750,23750,22580,-1170,-4.93,22850,-900,-3.79,22570,23780,1399-7-13
52,ولساپا,ليزينگ رايان‌ سايپا,6288,94116548,364957266000,3770,3950,3850,80,2.12,3880,110,2.92,3590,3950,1399-7-13
53,ومعادن,توسعه‌معادن‌وفلزات‌,6120,58023421,977633725510,17510,17250,16640,-870,-4.97,16850,-660,-3.77,16640,17500,1399-7-13
54,وبانك,سرمايه گذاري گروه توسعه ملي,6093,36168089,442976183610,12640,12750,12010,-630,-4.98,12250,-390,-3.09,12010,12760,1399-7-13
55,ورنا,سرمايه‌گذاري‌ رنا(هلدينگ‌,5983,40320774,414551824520,10570,10640,10050,-520,-4.92,10280,-290,-2.74,10050,10940,1399-7-13
56,فروي,ذوب روي اصفهان,5791,5337651,331776871479,61630,64710,60150,-1480,-2.4,62158,528,0.86,58860,64710,1399-7-13
57,ماديرا,صنايع ماشين هاي اداري ايران,5702,16464212,544147491456,34646,34780,32914,-1732,-5.0,33050,-1596,-4.61,32914,34880,1399-7-13
58,دماوند,توليد نيروي برق دماوند,5538,9523326,616215248590,62717,65850,63000,283,0.45,64706,1989,3.17,59585,65852,1399-7-13
59,ثاخت,بين‌المللي‌توسعه‌ساختمان,5404,57604206,233739267880,4160,4330,3980,-180,-4.33,4060,-100,-2.4,3960,4330,1399-7-13
60,خبهمن,گروه‌بهمن‌,5400,37686066,916120722750,23450,24620,24120,670,2.86,24310,860,3.67,22280,24620,1399-7-13
61,صبا,سرمايه گذاري صبا تامين,5210,16020890,175198535016,11455,11200,10883,-572,-4.99,10936,-519,-4.53,10883,11200,1399-7-13
62,حفاري,حفاري شمال,5005,30011998,288924628380,9830,10100,9350,-480,-4.88,9630,-200,-2.03,9340,10140,1399-7-13
63,زاگرس,پتروشيمي زاگرس,4776,6202184,1106394373272,184921,177210,175675,-9246,-5.0,178388,-6533,-3.53,175675,186180,1399-7-13
64,فاراك,ماشين‌ سازي‌ اراك‌,4739,50384999,431684050670,8940,9010,8500,-440,-4.92,8570,-370,-4.14,8500,9090,1399-7-13
65,فرابورس,فرابورس ايران,4596,6323885,386323977747,62543,63600,59416,-3127,-5.0,61090,-1453,-2.32,59416,64000,1399-7-13
66,تملت,تامين سرمايه بانك ملت,4269,31365471,330717841470,10060,10560,10560,500,4.97,10540,480,4.77,10060,10560,1399-7-13
67,وگردشح,ح . بانك گردشگري,4112,154534356,2033621299040,13565,13159,13169,-396,-2.92,13160,-405,-2.99,13159,13422,1399-7-13
68,وپاسار,بانك  پاسارگاد,4105,50267022,493828828100,9770,10170,9800,30,0.31,9820,50,0.51,9290,10170,1399-7-13
69,غسالم,سالمين‌,4101,44316683,193442477270,4180,4380,4380,200,4.78,4370,190,4.55,4240,4380,1399-7-13
70,شسپا,نفت سپاهان,3864,24938665,567039083320,22060,22900,23160,1100,4.99,22740,680,3.08,21000,23160,1399-7-13
71,بپاس,بيمه پاسارگاد,3827,4819326,314959162322,62564,65692,64980,2416,3.86,65353,2789,4.46,63860,65692,1399-7-13
72,اخابر,مخابرات ايران,3691,16565534,272332700300,16810,17480,15970,-840,-5.0,16440,-370,-2.2,15970,17480,1399-7-13
73,چكارن,كارتن‌ ايران‌,3666,32262920,127101978940,4080,4120,3880,-200,-4.9,3940,-140,-3.43,3880,4200,1399-7-13
74,وصنعت,سرمايه گذاري توسعه صنعت وتجارت,3665,31080135,266526568390,8460,8870,8570,110,1.3,8580,120,1.42,8200,8870,1399-7-13
75,شلرد,كود شيميايي اوره لردگان,3477,23116765,227886758108,10074,10200,9772,-302,-3.0,9858,-216,-2.14,9772,10240,1399-7-13
76,ونفت,سرمايه‌گذاري‌ صنعت‌ نفت‌,3465,22110931,318101107760,13780,14460,14460,680,4.93,14390,610,4.43,13200,14460,1399-7-13
77,بترانس,ايران‌ ترانسفو,3450,6131448,216350235480,36480,38000,34660,-1820,-4.99,35290,-1190,-3.26,34660,38000,1399-7-13
78,كويرح,ح. توليدي فولاد سپيد فراب كوير,3358,16963799,167534843560,9930,10400,9680,-250,-2.52,9880,-50,-0.5,8940,10500,1399-7-13
79,كالا,بورس كالاي ايران,3345,6697939,279264753590,43300,43800,41140,-2160,-4.99,41690,-1610,-3.72,41140,43900,1399-7-13
80,شيران,س. صنايع‌شيميايي‌ايران,3297,13819380,380654332710,27430,27900,27000,-430,-1.57,27540,110,0.4,26070,28690,1399-7-13
81,پاكشو,گروه صنعتي پاكشو,3264,5632392,439950764210,74760,78490,77200,2440,3.26,78110,3350,4.48,75050,78490,1399-7-13
82,شصدف,صنعتي دوده فام,3235,275730,5962936980,20597,21626,21626,1029,5.0,20713,116,0.56,21626,21626,1399-7-13
83,زكوثر,سرمايه گذاري كشاورزي كوثر,3218,5350940,116457863540,22000,22340,21150,-850,-3.86,21760,-240,-1.09,20900,22750,1399-7-13
84,ارفع,شركت آهن و فولاد ارفع,3198,14208417,256926416740,18978,18310,18030,-948,-5.0,18083,-895,-4.72,18030,18820,1399-7-13
85,كمند,صندوق س. با درآمد ثابت كمند,3140,239915373,2439063983380,10150,10160,10180,30,0.3,10170,20,0.2,10150,10180,1399-7-13
86,غپينو,پارس‌ مينو,3134,22742358,139304425050,5880,6170,6040,160,2.72,6130,250,4.25,5900,6170,1399-7-13
87,پارسان,گسترش نفت و گاز پارسيان,3104,12045781,313054646800,26810,26800,25470,-1340,-5.0,25990,-820,-3.06,25470,26890,1399-7-13
88,وبيمهح,ح . سرمايه‌ گذاري‌ صنعت‌ بيمه‌,3023,70272297,138610334760,1990,2080,1900,-90,-4.52,1970,-20,-1.01,1850,2090,1399-7-13
89,ارزش,صندوق س ارزش آفرين بيدار-سهام,3008,16550057,191567888300,12020,12070,11340,-680,-5.66,11580,-440,-3.66,11170,12070,1399-7-13
90,وبهمن,سرمايه‌گذاري‌بهمن‌,2926,18787881,286904994170,16040,15240,15530,-510,-3.18,15270,-770,-4.8,15240,16000,1399-7-13
91,نوري,پتروشيمي نوري,2922,1815137,316894873760,181720,182600,172640,-9080,-5.0,174580,-7140,-3.93,172640,182600,1399-7-13
92,اميد,تامين سرمايه اميد,2866,18975119,279073040720,14850,14870,14300,-550,-3.7,14710,-140,-0.94,14110,15590,1399-7-13
93,خكرمان,گروه اقتصادي كرمان خودرو,2831,28815824,171311775524,6088,6260,5906,-182,-2.99,5945,-143,-2.35,5906,6260,1399-7-13
94,هرمز,فولاد هرمزگان جنوب,2724,20490436,289981677878,14797,14280,14058,-739,-4.99,14152,-645,-4.36,14058,14550,1399-7-13
95,وملل,اعتباري ملل,2723,22192198,317041648624,14349,14880,14051,-298,-2.08,14286,-63,-0.44,13800,14880,1399-7-13
96,طلا,صندوق س.پشتوانه طلاي لوتوس,2562,2398563,242853466034,111600,105940,100440,-11160,-10.0,101250,-10350,-9.27,100440,105940,1399-7-13
97,ومهان,گروه توسعه مالي مهر آيندگان,2553,10933630,200960524706,19079,19380,18126,-953,-5.0,18380,-699,-3.66,18126,19380,1399-7-13
98,تسه9906,امتياز تسهيلات مسكن شهريور99,2498,41961,34388994578,802668,806201,820000,17332,2.16,819547,16879,2.1,800000,842801,1399-7-13
99,فاسمين,كالسيمين‌,2432,7050610,368525604880,49950,52440,51950,2000,4.0,52270,2320,4.64,50130,52440,1399-7-13
100,ختورح,ح . رادياتور ايران‌,2426,7099562,187361086100,26580,28000,25000,-1580,-5.94,26390,-190,-0.71,24000,28950,1399-7-13
101,سرو,صندوق س سروسودمند مدبران-سهام,2343,2687133,178929996170,69580,70300,65650,-3930,-5.65,66590,-2990,-4.3,65000,70300,1399-7-13
102,آوا,صندوق س.سهام آواي معيار-س,2327,15552652,151637221865,10204,10010,9569,-635,-6.22,9750,-454,-4.45,9480,10131,1399-7-13
103,وسپه,سرمايه‌گذاري‌ سپه‌,2293,11704192,183780859020,16280,16890,15590,-690,-4.24,15700,-580,-3.56,15470,16890,1399-7-13
104,ونيكي,سرمايه‌گذاري‌ ملي‌ايران‌,2293,7972750,257015846050,32120,33720,31150,-970,-3.02,32240,120,0.37,30600,33720,1399-7-13
105,شغدير,پتروشيمي غدير,2161,6442055,327415244653,53133,50477,50477,-2656,-5.0,50825,-2308,-4.34,50477,52789,1399-7-13
106,شاراك,پتروشيمي شازند,2137,10785923,270782436350,25980,25980,24690,-1290,-4.97,25110,-870,-3.35,24690,26200,1399-7-13
107,وسينا,بانك سينا,2123,15489716,176187774320,11240,11500,10900,-340,-3.02,11370,130,1.16,10680,11750,1399-7-13
108,سصوفي,سيمان‌ صوفيان‌,2117,8947998,119419708460,12800,13440,13220,420,3.28,13350,550,4.3,12160,13440,1399-7-13
109,حريل,ريل پردازسير,2116,18185778,67974103468,3821,3970,3630,-191,-5.0,3738,-83,-2.17,3630,3970,1399-7-13
110,ثمسكن,سرمايه‌گذاري‌ مسكن‌,2110,28866444,190405809910,6320,6630,6620,300,4.75,6600,280,4.43,6100,6630,1399-7-13
111,كوير,توليدي فولاد سپيد فراب كوير,2108,10087848,143070166550,13810,14310,13900,90,0.65,14180,370,2.68,13310,14500,1399-7-13
112,فسپا,گروه‌صنعتي‌سپاهان‌,2101,9103441,409513966070,43090,45240,43890,800,1.86,44980,1890,4.39,40940,45240,1399-7-13
113,آريان,سرمايه گذاري پارس آريان,2068,42185247,582667453992,13889,14000,14000,111,0.8,13812,-77,-0.55,13473,14305,1399-7-13
114,سشرق,سيمان‌ شرق‌,2053,13064934,91829049500,7320,7500,6960,-360,-4.92,7030,-290,-3.96,6960,7500,1399-7-13
115,ستران,سيمان‌ تهران‌,2045,3941491,122046441960,31990,32990,30400,-1590,-4.97,30960,-1030,-3.22,30400,33000,1399-7-13
116,امين يكم,صندوق درآمد ثابت امين يكم فردا,1975,71108672,735322370490,10320,10310,10370,50,0.48,10340,20,0.19,10310,10370,1399-7-13
117,قثابت,قند ثابت‌ خراسان‌,1961,3087499,240619024470,75190,77900,78940,3750,4.99,77930,2740,3.64,72320,78940,1399-7-13
118,سفارس,سيمان فارس و خوزستان,1928,9860768,151990174760,15860,15980,15070,-790,-4.98,15410,-450,-2.84,15070,16000,1399-7-13
119,دزهراوي,داروسازي‌زهراوي‌,1860,5746075,61739703360,11150,11490,10600,-550,-4.93,10740,-410,-3.68,10600,11490,1399-7-13
120,تپولا,مهندسي مرآت پولاد,1801,14495927,284909956142,19395,19976,19500,105,0.54,19654,259,1.34,18814,19976,1399-7-13
121,اعتماد,صندوق س.اعتماد آفرين پارسيان-د,1765,58185620,1900314412750,32643,32658,32659,16,0.05,32660,17,0.05,32658,32683,1399-7-13
122,شكربن,كربن‌ ايران‌,1758,2864874,198564193020,66610,67500,69940,3330,5.0,69310,2700,4.05,63660,69940,1399-7-13
123,همراه,شركت ارتباطات سيار ايران,1743,2694594,97013964340,35130,36880,35030,-100,-0.28,35920,790,2.25,34410,36880,1399-7-13
124,قرن,پديده شيمي قرن,1719,1331044,70735681770,54900,55900,52160,-2740,-4.99,53140,-1760,-3.21,52160,55900,1399-7-13
125,شپديس,پتروشيمي پرديس,1716,2916880,327851837130,116990,114630,111150,-5840,-4.99,112400,-4590,-3.92,111150,116990,1399-7-13
126,پكرمان,گروه‌ صنعتي‌ بارز,1710,9144408,212665257100,22350,23460,22530,180,0.81,23260,910,4.07,22400,23460,1399-7-13
127,آسيا,بيمه آسيا,1695,4007901,108171368560,27510,28790,26350,-1160,-4.22,26990,-520,-1.89,26140,28790,1399-7-13
128,وپترو,سرمايه‌گذاري صنايع پتروشيمي‌,1690,8268721,125511387320,14580,15300,15000,420,2.88,15180,600,4.12,14500,15300,1399-7-13
129,وتوكاح,ح . ‌توكافولاد(هلدينگ‌,1679,8379598,85443309102,10990,11250,9890,-1100,-10.01,10197,-793,-7.22,9890,11250,1399-7-13
130,رنيك,جنرال مكانيك,1675,4671620,111057716440,23787,23760,24900,1113,4.68,23773,-14,-0.06,22598,24950,1399-7-13
131,سمازن,سيمان‌مازندران‌,1657,13232878,108359734030,8570,8650,8190,-380,-4.43,8190,-380,-4.43,8150,8650,1399-7-13
132,وخاور,بانك خاورميانه,1628,14600143,162435357150,11430,11430,11600,170,1.49,11130,-300,-2.62,10860,11800,1399-7-13
133,تاصيكو,سرمايه گذاري صدرتامين,1612,10829077,134511236780,12900,13050,12260,-640,-4.96,12420,-480,-3.72,12260,13050,1399-7-13
134,پتاير,ايران‌ تاير,1599,1374788,128625192260,96800,100600,91960,-4840,-5.0,93560,-3240,-3.35,91960,100600,1399-7-13
135,جم,پتروشيمي جم,1565,4810215,234058922270,50900,49810,48370,-2530,-4.97,48660,-2240,-4.4,48360,50770,1399-7-13
136,وسبحان,سرمايه گذاري سبحان,1557,9632942,92911655230,9992,9800,9493,-499,-4.99,9645,-347,-3.47,9493,9992,1399-7-13
137,غمينو,شركت صنايع غذايي مينو شرق,1545,5287044,73994503792,14515,14550,13790,-725,-4.99,13995,-520,-3.58,13790,14990,1399-7-13
138,فروس,فروسيليس‌ ايران‌,1536,4956154,101899279830,19650,20630,20630,980,4.99,20560,910,4.63,19200,20630,1399-7-13
139,فسازان,غلتك سازان سپاهان,1532,7015073,268887430510,39490,39000,37520,-1970,-4.99,38330,-1160,-2.94,37520,39490,1399-7-13
140,دعبيد,لابراتوارداروسازي‌  دكترعبيدي‌,1522,1693228,61049608580,35360,36500,34900,-460,-1.3,36010,650,1.84,33710,36990,1399-7-13
141,پارس,پتروشيمي پارس,1512,925896,153762678300,173320,171980,164660,-8660,-5.0,166070,-7250,-4.18,164660,173000,1399-7-13
142,افق,فروشگاههاي زنجيره اي افق كوروش,1502,1532631,119490662210,78550,78900,77000,-1550,-1.97,77960,-590,-0.75,76000,80740,1399-7-13
143,شلعابح,ح . لعابيران‌,1502,8598572,47338062010,5950,6130,5500,-450,-7.56,5510,-440,-7.39,5360,6140,1399-7-13
144,مارون,پتروشيمي مارون,1492,718568,108182340575,151677,155000,146500,-5177,-3.41,150553,-1124,-0.74,144094,155460,1399-7-13
145,سرچشمه,سرمايه گذاري مس سرچشمه,1475,7653731,78033808512,10145,10652,9940,-205,-2.02,10196,51,0.5,9650,10652,1399-7-13
146,كروي,توسعه‌ معادن‌ روي‌ ايران‌,1472,5249358,160182623140,31620,32000,30040,-1580,-5.0,30510,-1110,-3.51,30040,32000,1399-7-13
147,عيار,صندوق س. پشتوانه طلاي مفيد,1465,1898185,65782711838,38369,36100,34533,-3836,-10.0,34656,-3713,-9.68,34533,36100,1399-7-13
148,وساخت,سرمايه‌ گذاري‌ ساختمان‌ايران‌,1464,4681214,188949559450,38520,40440,40440,1920,4.98,40360,1840,4.78,38610,40440,1399-7-13
149,آپ,آسان پرداخت پرشين,1428,4244527,80724465410,18540,19460,18710,170,0.92,19020,480,2.59,17750,19460,1399-7-13
150,والبر,سرمايه‌ گذاري‌ البرز(هلدينگ‌,1425,4874314,80058140840,16720,17000,16070,-650,-3.89,16420,-300,-1.79,15900,17130,1399-7-13
151,وسكاب,س.ص.بازنشستگي كاركنان بانكها,1419,38394477,257240278230,6390,6700,6700,310,4.85,6700,310,4.85,6600,6700,1399-7-13
152,شبهرن,نفت‌ بهران‌,1402,1320676,82200544220,60590,63610,62000,1410,2.33,62240,1650,2.72,58000,63610,1399-7-13
153,دتوليد,داروسازي توليد دارو,1390,5131956,180749290527,33617,35297,35297,1680,5.0,35220,1603,4.77,33959,35297,1399-7-13
154,پكوير,كوير تاير,1383,3804540,49461087610,13390,13820,12750,-640,-4.78,13000,-390,-2.91,12730,14000,1399-7-13
155,وهور,مديريت انرژي اميد  تابان هور,1381,5025899,193202119624,39362,39600,38500,-862,-2.19,38441,-921,-2.34,37394,40490,1399-7-13
156,وآذر,سرمايه‌گذاري‌توسعه‌آذربايجان‌,1375,1360352,167983760190,118690,123000,124620,5930,5.0,123490,4800,4.04,117500,124620,1399-7-13
157,وبوعلي,سرمايه‌گذاري‌بوعلي‌,1356,9415330,84558201380,8950,9370,8940,-10,-0.11,8980,30,0.34,8630,9370,1399-7-13
158,سيمرغ,سيمرغ,1347,3163085,65117157660,21330,21000,20270,-1060,-4.97,20590,-740,-3.47,20270,21500,1399-7-13
159,تكشا,گسترش‌صنايع‌وخدمات‌كشاورزي‌,1338,2092052,191333754330,87600,91980,91890,4290,4.9,91460,3860,4.41,87700,91980,1399-7-13
160,وبيمه,سرمايه‌ گذاري‌ صنعت‌ بيمه‌,1332,14675075,47685643530,3380,3490,3220,-160,-4.73,3250,-130,-3.85,3220,3490,1399-7-13
161,حتايد,تايدواترخاورميانه,1331,6635212,115561091430,18270,18000,17360,-910,-4.98,17420,-850,-4.65,17360,18400,1399-7-13
162,ودي,بيمه  دي,1324,8329187,153190110308,19110,19300,18155,-955,-5.0,18392,-718,-3.76,18155,19340,1399-7-13
163,كخاكح,ح . صنايع‌خاك‌چيني‌ايران‌,1319,1842515,77732623550,28503,46000,42130,13627,47.81,42190,13687,48.02,41400,47000,1399-7-13
164,شپترو,پتروشيمي آبادان,1314,12705867,75092054325,6053,5904,5872,-181,-2.99,5910,-143,-2.36,5872,6149,1399-7-13
165,صفارس307,صكوك اجاره فارس307- 3ماهه18%,1301,13000000,13000000000000,1000000,1000000,1000000,0,0.0,1000000,0,0.0,1000000,1000000,1399-7-13
166,غشهد,شهد ايران ‌,1258,6699523,47647195310,7420,7400,7050,-370,-4.99,7110,-310,-4.18,7050,7680,1399-7-13
167,كسرا,سراميك‌هاي‌صنعتي‌اردكان‌,1257,3977690,76556923300,19930,20400,18940,-990,-4.97,19250,-680,-3.41,18940,20500,1399-7-13
168,سباقر,سيمان باقران,1245,6259797,121630016413,19350,19930,19446,96,0.5,19430,80,0.41,18770,19930,1399-7-13
169,سمگا,گروه سرمايه گذاري ميراث فرهنگي,1242,21011526,423067076010,19177,20135,20135,958,5.0,20135,958,5.0,20135,20135,1399-7-13
170,كلر,كلر پارس,1240,720327,42610890170,60284,62998,58050,-2234,-3.71,59331,-953,-1.58,57270,62998,1399-7-13
171,بزاگرسح,ح . نيروگاه زاگرس كوثر,1234,8223762,69145212282,8340,8757,8125,-215,-2.58,8408,68,0.82,8000,8757,1399-7-13
172,فزرين,زرين معدن آسيا,1220,3683528,81414697104,21549,22628,22185,636,2.95,22102,553,2.57,21497,23759,1399-7-13
173,قنيشا,قند  نيشابور,1216,3930032,433172242690,109980,114500,104490,-5490,-4.99,110220,240,0.22,104490,114500,1399-7-13
174,كرماشا,صنايع پتروشيمي كرمانشاه,1214,3539399,161159328950,47750,45580,45370,-2380,-4.98,45530,-2220,-4.65,45370,47740,1399-7-13
175,كگازح,ح . شيشه‌ و گاز,1204,3387113,55093954640,17330,17920,15710,-1620,-9.35,16270,-1060,-6.12,15600,17950,1399-7-13
176,شخارك,پتروشيمي‌ خارك‌,1200,2299394,106899433270,48580,47110,46160,-2420,-4.98,46490,-2090,-4.3,46160,48110,1399-7-13
177,كرازي,كارخانجات‌توليدي‌شيشه‌رازي‌,1183,3491533,56934580810,16940,16610,16100,-840,-4.96,16310,-630,-3.72,16100,17100,1399-7-13
178,وگردش,بانك گردشگري,1181,16626121,324541635678,19908,19320,20000,92,0.46,19520,-388,-1.95,19311,20450,1399-7-13
179,ارفعح,ح.شركت آهن و فولاد ارفع,1180,6262308,95207746219,15988,15280,15189,-799,-5.0,15203,-785,-4.91,15189,15600,1399-7-13
180,خرينگ,رينگ‌سازي‌مشهد,1172,2719331,69892078790,26820,25700,25480,-1340,-5.0,25700,-1120,-4.18,25480,27500,1399-7-13
181,دانا,بيمه دانا,1157,5047116,34640317290,6920,7190,6700,-220,-3.18,6880,-40,-0.58,6580,7230,1399-7-13
182,اتكام,شركت بيمه اتكايي امين,1144,6314522,50025687220,7727,7832,7990,263,3.4,7914,187,2.42,7820,8070,1399-7-13
183,ولصنم,ليزينگ‌صنعت‌ومعدن‌,1126,4611762,40113783830,8890,9200,8450,-440,-4.95,8730,-160,-1.8,8450,9200,1399-7-13
184,ثترانح,ح سرمايه گذاري مسكن تهران,1121,6018416,21709559964,3637,3818,3540,-97,-2.67,3607,-30,-0.82,3456,3818,1399-7-13
185,بپيوند,برق و انرژي پيوندگستر پارس,1120,1769458,45193726778,26885,25541,25541,-1344,-5.0,25541,-1344,-5.0,25541,25541,1399-7-13
186,كبافق,معادن‌ بافق‌,1106,1688725,47894555710,28060,28880,27500,-560,-2.0,28350,290,1.03,26660,29460,1399-7-13
187,زر,صندوق س.پشتوانه سكه طلاي زر,1090,840563,48949845974,63708,61600,57999,-5709,-8.96,58235,-5473,-8.59,57338,61700,1399-7-13
188,خمهر,مهركام‌پارس‌,1086,7950600,62245328340,8120,7890,7720,-400,-4.93,7830,-290,-3.57,7720,8120,1399-7-13
189,پرديس,سرمايه گذاري پرديس,1062,6856994,52398234780,7440,7810,7580,140,1.88,7640,200,2.69,7300,7810,1399-7-13
190,آبين,كشت و صنعت آبشيرين,1059,8887671,38206482712,4373,4373,4242,-131,-3.0,4299,-74,-1.69,4242,4490,1399-7-13
191,رتاپ,تجارت الكترونيك  پارسيان,1054,2976521,18247075490,6310,6110,6070,-240,-3.8,6240,-70,-1.11,6000,6500,1399-7-13
192,شفن,پتروشيمي فناوران,1052,763860,236773300150,324660,325000,308750,-15910,-4.9,309970,-14690,-4.52,308750,325000,1399-7-13
193,وصندوق,سرمايه‌گذاري‌صندوق‌بازنشستگي‌,1051,4554167,78963525510,17750,18000,17000,-750,-4.23,17490,-260,-1.46,16870,18000,1399-7-13
194,ثشرقح,ح. سرمايه گذاري مسكن شمال شرق,1032,12518730,51258057880,3750,4130,4130,380,10.13,4090,340,9.07,3750,4130,1399-7-13
195,اطلس,صندوق س.توسعه اندوخته آينده-س,1031,436663,88316164873,209223,209900,200000,-9223,-4.41,202252,-6971,-3.33,198010,209900,1399-7-13
196,فباهنر,مس‌ شهيدباهنر,1028,1079019,55678943930,52630,55000,50000,-2630,-5.0,51600,-1030,-1.96,50000,55000,1399-7-13
197,فسرب,ملي‌ سرب‌وروي‌ ايران‌,1021,1461977,181935244670,119470,125350,125440,5970,5.0,124440,4970,4.16,116010,125440,1399-7-13
198,فولاژ,فولاد آلياژي ايران,1012,1476456,42682988760,29860,30190,28370,-1490,-4.99,29280,-580,-1.94,28370,30930,1399-7-13
199,كنور,توسعه معدني و صنعتي صبانور,1002,1873756,85245602700,47250,47900,44890,-2360,-4.99,45490,-1760,-3.72,44890,47900,1399-7-13
200,شكلر,نيروكلر,995,2194967,91623104040,41080,43120,41700,620,1.51,41740,660,1.61,39030,43120,1399-7-13
201,كپرور,فرآوري زغال سنگ پروده طبس,992,2356476,96571574653,42625,40494,40494,-2131,-5.0,40981,-1644,-3.86,40494,44000,1399-7-13
202,چدن,توليدي چدن سازان,988,2666751,69732074020,27120,27900,25770,-1350,-4.98,26150,-970,-3.58,25770,28290,1399-7-13
203,جم پيلن,پلي پروپيلن جم - جم پيلن,979,1743578,175522728170,105270,106380,100010,-5260,-5.0,100670,-4600,-4.37,100010,106380,1399-7-13
204,تنوين,تامين سرمايه نوين,958,5038311,51257240460,10200,10600,9920,-280,-2.75,10170,-30,-0.29,9700,10600,1399-7-13
205,نوين,بيمه نوين,953,6727813,37633571869,5826,5920,5535,-291,-4.99,5640,-186,-3.19,5535,5920,1399-7-13
206,غمارگ,مارگارين‌,952,2477409,60287701380,25330,24140,24070,-1260,-4.97,24330,-1000,-3.95,24070,25440,1399-7-13
207,كوثر,بيمه كوثر,934,4585568,64188091945,13468,13900,14141,673,5.0,13998,530,3.94,12900,14141,1399-7-13
208,تسه9905,امتياز تسهيلات مسكن مرداد99,930,14197,11663214628,802302,810000,820100,17798,2.22,821527,19225,2.4,800400,842000,1399-7-13
209,وآوا,سرمايه گذاري آوا نوين,923,3612750,43992799544,12774,12263,12136,-638,-4.99,12198,-576,-4.51,12136,12500,1399-7-13
210,ملت,بيمه ملت,916,3742319,45467360970,12000,12600,11800,-200,-1.67,12130,130,1.08,11400,12600,1399-7-13
211,وتوسم,سرمايه‌گذاري‌توسعه‌ملي‌,910,4674492,57451312520,12520,12790,12010,-510,-4.07,12290,-230,-1.84,11900,12790,1399-7-13
212,لوتوس,تامين سرمايه لوتوس پارسيان,908,4162174,66489414820,16110,16850,15570,-540,-3.35,15970,-140,-0.87,15400,16850,1399-7-13
213,شاوان,پالايش نفت لاوان,888,711015,75907554846,108488,113600,103064,-5424,-5.0,106759,-1729,-1.59,103064,113600,1399-7-13
214,ميدكو,هلدينگ صنايع  معدني خاورميانه,878,4414996,92258846331,20527,21553,20580,53,0.26,20797,270,1.32,20480,21553,1399-7-13
215,غگرجي,بيسكويت‌  گرجي‌,875,1946006,61598686170,33170,31610,31520,-1650,-4.97,31650,-1520,-4.58,31520,33570,1399-7-13
216,تسه9904,امتياز تسهيلات مسكن تير99,863,9129,7460501328,801317,801382,815000,13683,1.71,817231,15914,1.99,796100,841000,1399-7-13
217,وتوكا,سرمايه‌گذاري‌توكافولاد(هلدينگ,860,5227565,69254361090,13720,14000,13040,-680,-4.96,13250,-470,-3.43,13040,14000,1399-7-13
218,ميهن,بيمه ميهن,857,14635124,70193518279,5026,5026,4775,-251,-4.99,4796,-230,-4.58,4775,5031,1399-7-13
219,فجر,فولاد اميركبيركاشان,849,2186308,131725290960,62990,61020,59850,-3140,-4.98,60250,-2740,-4.35,59850,62000,1399-7-13
220,فيروزه,صندوق شاخص30 شركت فيروزه- سهام,844,614013,120332441790,199340,200000,190120,-9220,-4.63,195980,-3360,-1.69,190000,201000,1399-7-13
221,وبشهر,توسعه‌ صنايع‌ بهشهر(هلدينگ,843,4042345,65656087690,16460,17100,15700,-760,-4.62,16240,-220,-1.34,15640,17100,1399-7-13
222,ريشمك,توليد و صادرات ريشمك,839,1550988,55855343808,36867,38000,35050,-1817,-4.93,36013,-854,-2.32,35024,38000,1399-7-13
223,وآرين,شركت توسعه اقتصادي آرين,838,7699634,36768492062,5005,4810,4755,-250,-5.0,4775,-230,-4.6,4755,5005,1399-7-13
224,بموتو,موتوژن‌,829,1273788,61901995910,46690,48800,48590,1900,4.07,48600,1910,4.09,45000,49020,1399-7-13
225,فايرا,آلومينيوم‌ايران‌,825,1874371,33181105640,18020,18920,17120,-900,-4.99,17810,-210,-1.17,17120,18920,1399-7-13
226,تيپيكو,سرمايه گذاري دارويي تامين,820,770006,41532436980,55620,56000,52950,-2670,-4.8,54880,-740,-1.33,52870,56000,1399-7-13
227,كحافظ,كاشي‌ وسراميك‌ حافظ‌,809,5077014,93823218720,17600,18480,18480,880,5.0,18480,880,5.0,18480,18480,1399-7-13
228,كاردان,صندوق س تجارت شاخصي كاردان,809,480978,91958893110,201010,202400,187400,-13610,-6.77,191190,-9820,-4.89,182050,202400,1399-7-13
229,واتي,سرمايه‌ گذاري‌ آتيه‌ دماوند,808,7738781,96737936790,12760,13190,12130,-630,-4.94,12500,-260,-2.04,12130,13300,1399-7-13
230,سپ,پرداخت الكترونيك سامان كيش,802,2368953,52128272660,21090,22140,21600,510,2.42,21990,900,4.27,21110,22140,1399-7-13
231,تايرا,تراكتورسازي‌ايران‌,800,4731877,98042143010,20950,21400,19910,-1040,-4.96,20720,-230,-1.1,19910,21490,1399-7-13
232,واميد,گروه مديريت سرمايه گذاري اميد,792,2230881,96025675050,43150,42060,42310,-840,-1.95,43070,-80,-0.19,41870,43900,1399-7-13
233,غبشهر,صنعتي‌ بهشهر,784,3345584,77503690100,23390,24550,22370,-1020,-4.36,23170,-220,-0.94,22230,24550,1399-7-13
234,شرانل,نفت ايرانول,775,7293796,203904845673,26625,27956,27956,1331,5.0,27956,1331,5.0,27424,27956,1399-7-13
235,دتماد,توليدمواداوليه‌داروپخش‌,759,2421573,106311356650,41870,43960,43960,2090,4.99,43900,2030,4.85,42520,43960,1399-7-13
236,ساينا,صنايع بهداشتي ساينا,750,188068,41753186651,213295,223500,223959,10664,5.0,220074,6779,3.18,214720,223959,1399-7-13
237,آتيمس,صندوق س.آرمان آتيه درخشان مس-س,742,370897,83310169994,232634,230500,223000,-9634,-4.14,224618,-8016,-3.45,221502,232000,1399-7-13
238,بكام,كارخانجات توليدي شهيد قندي,741,9359942,52134876940,5860,5570,5570,-290,-4.95,5570,-290,-4.95,5570,5570,1399-7-13
239,كگهر,سنگ آهن گهرزمين,739,739795,33961678924,46973,49200,44900,-2073,-4.41,46668,-305,-0.65,44625,49200,1399-7-13
240,فاما,صنعتي‌ آما,734,2997052,61172180980,19470,20440,20280,810,4.16,20410,940,4.83,19900,20440,1399-7-13
241,تسه9902,امتياز تسهيلات مسكن ارديبهشت99,734,12094,9878982252,800973,800001,820000,19027,2.38,816850,15877,1.98,800001,838990,1399-7-13
242,زفكا,كشت و دامداري فكا,733,918311,35646544295,40370,40000,38352,-2018,-5.0,39165,-1205,-2.98,38352,40500,1399-7-13
243,دفارا,داروسازي‌ فارابي‌,729,866402,61670203380,73390,75200,69730,-3660,-4.99,71180,-2210,-3.01,69730,75200,1399-7-13
244,وصنا,گروه‌صنايع‌بهشهرايران‌,726,3519892,35279759490,10360,10360,9850,-510,-4.92,10110,-250,-2.41,9850,10590,1399-7-13
245,كاما,باما,719,2699571,396539984190,139900,146890,146890,6990,5.0,146890,6990,5.0,146890,146890,1399-7-13
246,خزر,فنرسازي‌زر,712,5044982,40662741460,8420,8200,8000,-420,-4.99,8100,-320,-3.8,8000,8610,1399-7-13
247,شپارس,بين‌ المللي‌ محصولات‌  پارس‌,705,4049732,56910304350,14400,15000,13900,-500,-3.47,14050,-350,-2.43,13680,15000,1399-7-13
248,دتمادح,ح . توليدمواداوليه‌داروپخش‌,704,1195519,46850369280,38760,40320,38200,-560,-1.44,39190,430,1.11,37000,40350,1399-7-13
249,سيدكو,سرمايه گذاري توسعه صنايع سيمان,701,5061559,34803452030,6600,6930,6680,80,1.21,6780,180,2.73,6470,6930,1399-7-13
250,شپاكسا,پاكسان‌,678,1042341,26024062400,25410,26390,24700,-710,-2.79,25180,-230,-0.91,24150,26390,1399-7-13
251,كهمدا,شيشه‌ همدان‌,678,1073777,25561301600,24140,25260,23100,-1040,-4.31,23970,-170,-0.7,22970,25260,1399-7-13
252,شپارسح,ح . بين‌ المللي‌محصولات پارس‌,674,2516398,27138762930,11005,11400,10800,-205,-1.86,10785,-220,-2.0,10120,11400,1399-7-13
253,خديزل,بهمن  ديزل,662,1495824,69903283157,44838,47079,46998,2160,4.82,46732,1894,4.22,45000,47079,1399-7-13
254,سخوز,سيمان خوزستان,662,2544428,53733858980,20480,20990,20820,340,1.66,21120,640,3.13,19460,21500,1399-7-13
255,بفجر,فجر انرژي خليج فارس,660,2372377,71100880930,30510,31000,29310,-1200,-3.93,30020,-490,-1.61,28990,31690,1399-7-13
256,فرآور,فرآوري‌موادمعدني‌ايران‌,656,2841257,59931419530,21910,22790,20820,-1090,-4.97,21090,-820,-3.74,20820,22790,1399-7-13
257,كمنگنز,معادن‌منگنزايران‌,654,642955,57848734440,86710,86800,91040,4330,4.99,89970,3260,3.76,82400,91040,1399-7-13
258,شگل,گلتاش‌,652,1556740,39262962080,25940,26000,24750,-1190,-4.59,25370,-570,-2.2,24650,26500,1399-7-13
259,پارند,صندوق س. پارند پايدار سپهر,648,17224930,205616993510,11920,11930,11970,50,0.42,11940,20,0.17,11900,11980,1399-7-13
260,كاريس,صندوق س.سپهر كاريزما-س,643,495099,103422730279,215041,216001,206880,-8161,-3.8,208893,-6148,-2.86,205000,218011,1399-7-13
261,بساما,بيمه سامان,637,1705269,36885403181,22204,22014,21094,-1110,-5.0,21750,-454,-2.04,21094,23298,1399-7-13
262,ما,بيمه  ما,621,8726529,50348986570,6000,6110,5700,-300,-5.0,5770,-230,-3.83,5700,6110,1399-7-13
263,سپاها,سيمان‌سپاهان‌,615,3101134,28164880980,9520,9050,9050,-470,-4.94,9250,-270,-2.84,9050,9490,1399-7-13
264,تاپكيش,تجارت الكترونيك پارسيان كيش,614,2309400,24822191972,11140,10583,10583,-557,-5.0,10935,-205,-1.84,10583,11440,1399-7-13
265,مبين,مبين انرژي خليج فارس,609,1632754,43855857020,27350,27340,26140,-1210,-4.42,27140,-210,-0.77,26010,28200,1399-7-13
266,وتوشه,سرمايه‌ گذاري‌ پارس‌ توشه‌,608,2137466,43738285510,21400,22000,20330,-1070,-5.0,20510,-890,-4.16,20330,22000,1399-7-13
267,بكاب,صنايع‌جوشكاب‌يزد,604,238692,30442956060,123770,129950,129900,6130,4.95,125990,2220,1.79,120110,129950,1399-7-13
268,صفارس147,صكوك اجاره فارس147- 3ماهه18%,603,6000000,6000000000000,1000000,1000000,1000000,0,0.0,1000000,0,0.0,1000000,1000000,1399-7-13
269,كيان,صندوق س. با درآمد ثابت كيان,598,19737532,501362665100,25380,25440,25390,10,0.04,25400,20,0.08,25390,25440,1399-7-13
270,داوه,داروسازي آوه سينا,597,1302891,22423362783,18031,17350,17130,-901,-5.0,17639,-392,-2.17,17130,18200,1399-7-13
271,گوهر,صندوق سكه طلاي كيان,593,721288,48442179786,73682,70000,66314,-7368,-10.0,67161,-6521,-8.85,66314,70000,1399-7-13
272,ومعلم,بيمه معلم,591,3127430,18642310352,5921,6215,5869,-52,-0.88,5935,14,0.24,5627,6215,1399-7-13
273,بهپاك,صنعتي بهپاك,590,919861,27811908967,30994,29600,29480,-1514,-4.88,30571,-423,-1.36,29445,32495,1399-7-13
274,دامين,داروسازي‌ امين‌,584,1638556,21156345440,13360,14020,12970,-390,-2.92,13160,-200,-1.5,12700,14020,1399-7-13
275,سدبير,س. تدبيرگران فارس وخوزستان,579,1474841,39668812864,27009,27400,27299,290,1.07,26919,-90,-0.33,26001,27500,1399-7-13
276,درازك,دارويي‌ رازك‌,572,1571228,62865173050,39480,40010,40750,1270,3.22,40010,530,1.34,37820,41400,1399-7-13
277,فخاس,فولاد خراسان,556,1177572,44906082660,39890,38980,37900,-1990,-4.99,39070,-820,-2.06,37900,39700,1399-7-13
278,ثپرديسح,ح.سرمايه گذاري مسكن پرديس,555,1428562,10871817775,7360,7670,7451,91,1.24,7610,250,3.4,7110,7728,1399-7-13
279,شوينده,مديريت صنعت شوينده ت.ص.بهشهر,552,769874,29293523560,38170,40000,37080,-1090,-2.86,38100,-70,-0.18,36500,40000,1399-7-13
280,سشمال,سيمان‌ شمال‌,552,4339166,44492851540,10770,10250,10770,0,0.0,10260,-510,-4.74,10240,10770,1399-7-13
281,شيراز,پتروشيمي‌شيراز,550,1714597,110156224100,67620,64270,64240,-3380,-5.0,64250,-3370,-4.98,64240,65880,1399-7-13
282,هجرت,پخش هجرت,549,604425,34614572630,59821,61980,56830,-2991,-5.0,57951,-1870,-3.13,56830,61980,1399-7-13
283,پسهند,صنايع‌ لاستيكي‌  سهند,545,1402211,68755661250,47110,46000,49460,2350,4.99,49030,1920,4.08,46000,49460,1399-7-13
284,كيميا,معدني كيمياي زنجان گستران,541,1667973,43504848808,24963,26211,26211,1248,5.0,25861,898,3.6,25200,26211,1399-7-13
285,كاذر,فرآورده‌هاي‌نسوزآذر,529,2551142,81053763090,30590,31000,32110,1520,4.97,31770,1180,3.86,29600,32110,1399-7-13
286,مداران,داده‌پردازي‌ايران‌,529,1922008,53003429950,29000,27550,27550,-1450,-5.0,27580,-1420,-4.9,27550,29200,1399-7-13
287,انرژي3,سايراشخاص بورس انرژي,517,67186,23480835140,367880,349490,349490,-18390,-5.0,362730,-5150,-1.4,349490,349490,1399-7-13
288,خريخت,صنايع‌ريخته‌گري‌ايران‌,514,4157628,23490598200,6270,5650,5650,-620,-9.89,5940,-330,-5.26,5650,5650,1399-7-13
289,غفارس,شير پاستوريزه پگاه فارس,511,1155698,11313139892,9976,9770,9860,-116,-1.16,9933,-43,-0.43,9550,10398,1399-7-13
290,زشگزا,شير و گوشت زاگرس شهركرد,504,308166,30115025400,97926,98900,96990,-936,-0.96,97807,-119,-0.12,93200,100650,1399-7-13
291,پارسيانح,ح.بيمه پارسيان,504,3531895,42330705710,10910,12000,12000,1090,9.99,11990,1080,9.9,11010,12000,1399-7-13
292,شراز,پالايش نفت شيراز,496,273759,28257603797,106508,107900,101183,-5325,-5.0,104656,-1852,-1.74,101183,107900,1399-7-13
293,سفارود,كارخانه فارسيت درود,490,6192733,44909794076,7208,7352,7352,144,2.0,7252,44,0.61,7064,7352,1399-7-13
294,قچار,فراوردههاي غذايي وقند چهارمحال,489,259439,50937209457,187854,197246,195000,7146,3.8,196116,8262,4.4,191500,197246,1399-7-13
295,ساروم,سيمان‌اروميه‌,488,898910,22413399740,25740,26790,24500,-1240,-4.82,25370,-370,-1.44,24460,26790,1399-7-13
296,تسه9903,امتياز تسهيلات مسكن خرداد99,486,3954,3229894417,800441,800555,820000,19559,2.44,816868,16427,2.05,800555,840460,1399-7-13
297,افق ملت,صندوق س در سهام افق ملت,482,165718,23796928310,150270,150660,141100,-9170,-6.1,143600,-6670,-4.44,140000,150660,1399-7-13
298,شجم,صنايع پتروشيمي تخت جمشيد,470,3146358,25397909927,8303,8054,8054,-249,-3.0,8072,-231,-2.78,8054,8350,1399-7-13
299,شبصير,توليدات پتروشيمي قائد بصير,465,491758,65864038459,139457,140010,132485,-6972,-5.0,133936,-5521,-3.96,132485,140010,1399-7-13
300,خراسان,پتروشيمي خراسان,455,433091,38700619390,92870,93430,88230,-4640,-5.0,90750,-2120,-2.28,88230,93430,1399-7-13
301,سخاش,سيمان‌خاش‌,447,303782,21830392210,75590,71820,71820,-3770,-4.99,73870,-1720,-2.28,71820,74000,1399-7-13
302,تسه9810,امتياز تسهيلات مسكن دي98,444,10240,8406379942,804395,786122,821000,16605,2.06,820936,16541,2.06,786122,844614,1399-7-13
303,گوهران,سرمايه گذاري توسعه گوهران اميد,440,1836136,17423121744,9677,9992,9361,-316,-3.27,9611,-66,-0.68,9224,9992,1399-7-13
304,درهآور,دارويي ره آورد تامين,434,718930,19394595948,28323,26907,26907,-1416,-5.0,27771,-552,-1.95,26907,29169,1399-7-13
305,اعتلاح,ح سرمايه گذاري اعتلاء البرز,433,2288886,16571312810,6932,7278,7278,346,4.99,7240,308,4.44,6666,7278,1399-7-13
306,غويتا,ويتانا,432,619585,42309865546,71560,69900,67982,-3578,-5.0,68684,-2876,-4.02,67982,70480,1399-7-13
307,كي بي سي,شركت كي بي سي,422,1007150,35245479461,35045,34150,35045,0,0.0,35009,-36,-0.1,33740,36300,1399-7-13
308,دسانكو,داروسازي سبحان انكولوژي,419,1125933,17040890851,15818,16000,15028,-790,-4.99,15563,-255,-1.61,15028,16000,1399-7-13
309,مفاخر,توسعه فناوري اطلاعات خوارزمي,419,1041304,47916621627,43979,46167,46177,2198,5.0,45814,1835,4.17,43980,46177,1399-7-13
310,شنفت,نفت‌ پارس‌,413,389934,21317970530,54730,57000,53120,-1610,-2.94,54710,-20,-0.04,52500,57000,1399-7-13
311,آبادا,توليد نيروي برق آبادان,409,324373,7363267100,23890,22700,22700,-1190,-4.98,23700,-190,-0.8,22700,22700,1399-7-13
312,اتكاي,بيمه اتكايي ايرانيان,404,1047710,16689268341,15801,16590,15763,-38,-0.24,15842,41,0.26,15510,16590,1399-7-13
313,حآسا,آسيا سير ارس,404,1407535,16079926429,12010,11500,11410,-600,-5.0,11805,-205,-1.71,11410,12000,1399-7-13
314,ختور,رادياتور ايران‌,402,617248,22074094240,37410,35600,35540,-1870,-5.0,36630,-780,-2.09,35540,37300,1399-7-13
315,پخش,پخش البرز,397,902525,27394121797,30863,32290,30260,-603,-1.95,30582,-281,-0.91,29320,32290,1399-7-13
316,وتوصا,گروه س توسعه صنعتي ايران,395,3097480,42404501200,15210,13690,13690,-1520,-9.99,13770,-1440,-9.47,13690,13690,1399-7-13
317,لابسا,آبسال‌,394,598286,17744715190,31190,29730,29640,-1550,-4.97,30590,-600,-1.92,29640,30000,1399-7-13
318,واحيا,م .صنايع و معادن احياء سپاهان,393,540649,115105444681,219464,212882,212881,-6583,-3.0,212902,-6562,-2.99,212881,220000,1399-7-13
319,آساس,صندوق س.آسمان آرماني سهام-س,388,330327,54422944665,168625,171790,162800,-5825,-3.45,164755,-3870,-2.3,160000,171790,1399-7-13
320,سخزر,سيمان‌ خزر,387,1231517,32543353220,27780,26410,26400,-1380,-4.97,26810,-970,-3.49,26400,27500,1399-7-13
321,دسبحاح,ح .گروه دارويي سبحان,385,908990,13147875600,15530,14300,14000,-1530,-9.85,14460,-1070,-6.89,13980,16100,1399-7-13
322,دالبر,البرزدارو,381,670216,12931112340,19770,20290,18790,-980,-4.96,19640,-130,-0.66,18790,20290,1399-7-13
323,قصفها,قنداصفهان‌,381,115104,18959015850,171700,165000,163120,-8580,-5.0,168800,-2900,-1.69,163120,175000,1399-7-13
324,وارس,سرمايه گذاري ارس صبا,379,478554,48606660500,98778,101741,101000,2222,2.25,101570,2792,2.83,98000,101741,1399-7-13
325,حسينا,توسعه خدمات دريايي وبندري سينا,367,573534,33470830947,58010,60700,56840,-1170,-2.02,58231,221,0.38,55274,60700,1399-7-13
326,رانفور,خدمات‌انفورماتيك‌,363,827637,23670418200,27240,28600,28600,1360,4.99,27570,330,1.21,28600,28600,1399-7-13
327,شپاس,نفت پاسارگاد,361,780430,16222811183,20987,21940,20210,-777,-3.7,20922,-65,-0.31,20170,21940,1399-7-13
328,كپارس,كاشي‌ پارس‌,361,357707,28623083170,78430,82260,78000,-430,-0.55,79300,870,1.11,75340,82260,1399-7-13
329,تسه9901,امتياز تسهيلات مسكن فروردين99,357,3842,3160909879,797276,829100,811400,14124,1.77,822725,25449,3.19,801000,837139,1399-7-13
330,واحصا,احياء صنايع خراسان,352,1112482,19626687768,18085,17543,17578,-507,-2.8,17654,-431,-2.38,17543,18580,1399-7-13
331,سكرما,سيمان‌ كرمان‌,350,1042312,14507343400,14490,14490,13790,-700,-4.83,14310,-180,-1.24,13770,14500,1399-7-13
332,سكه0012پ01,سكه تمام بهارتحويلي 1روزه رفاه,346,121500,163717390500,1427060,1356000,1343581,-83479,-5.85,1347468,-79592,-5.58,1343581,1368100,1399-7-13
333,دتوزيع,توزيع دارو پخش,338,204355,9621174077,49317,50440,46852,-2465,-5.0,48861,-456,-0.92,46852,50440,1399-7-13
334,دسبحان,سبحان دارو,336,408921,6946482480,16940,17750,16480,-460,-2.72,16950,10,0.06,16420,17750,1399-7-13
335,بخاور,بيمه زندگي خاورميانه,333,1528278,10595790786,6968,7170,7000,32,0.46,6961,-7,-0.1,6660,7269,1399-7-13
336,شاملاح,ح . معدني‌ املاح‌  ايران‌,333,295269,16097120180,56740,58950,52900,-3840,-6.77,54520,-2220,-3.91,51500,58950,1399-7-13
337,سمگاح,ح. سرمايه گذاري ميراث فرهنگي,332,4906397,82866082786,16498,17322,16500,2,0.01,16889,391,2.37,16500,17322,1399-7-13
338,ضخود1042,اختيارخ خودرو-3000-1399/10/07,328,14443,7705042000,514,550,500,-14,-2.72,533,19,3.7,400,599,1399-7-13
339,دشيمي,شيمي‌ داروئي‌ داروپخش‌,312,408466,23843585080,58130,60000,55230,-2900,-4.99,58240,110,0.19,55230,60000,1399-7-13
340,بنو,بيمه تجارت نو,308,1563892,43559083876,26527,27853,27853,1326,5.0,27575,1048,3.95,27853,27853,1399-7-13
341,وآيند,بانك  آينده,307,5949526,155502761062,25625,26137,26137,512,2.0,26137,512,2.0,26137,26137,1399-7-13
342,وتوس,توسعه‌شهري‌توس‌گستر,307,1853783,55335422550,28430,29850,29850,1420,4.99,29850,1420,4.99,29850,29850,1399-7-13
343,دجابر,داروسازي‌ جابرابن‌حيان‌,306,537278,21440889740,40160,40160,39470,-690,-1.72,40050,-110,-0.27,39000,41860,1399-7-13
344,كاسپينح,ح .داروسازي كاسپين تامين,303,489992,9964392610,19813,20000,20240,427,2.16,20336,523,2.64,18951,20800,1399-7-13
345,صايند,صندوق س. گنجينه آينده روشن-د,302,6287520,62322734210,9970,9920,9916,-54,-0.54,9912,-58,-0.58,9900,9987,1399-7-13
346,ثجوان,تامين مسكن جوانان,301,1963770,14395706249,7667,7490,7284,-383,-5.0,7408,-259,-3.38,7284,7658,1399-7-13
347,شفا,سرمايه گذاري شفادارو,300,370441,23751194590,62020,64700,63970,1950,3.14,62960,940,1.52,60000,65120,1399-7-13
348,وسخراش,شركت س استان خراسان شمالي,300,9082018,12805645380,1350,1410,1410,60,4.44,1360,10,0.74,1410,1410,1399-7-13
349,سخند2,صندوق س.سپهرخبرگان نفت-د,300,30000000,30000000,10097,1,1,-10096,-99.99,1,-10096,-99.99,1,1,1399-7-13
350,وكادو,تكادو,297,645877,12164987193,19285,18800,18707,-578,-3.0,18996,-289,-1.5,18707,19460,1399-7-13
351,آكورد,صندوق س. آرمان آتي كوثر-د,296,11819286,339652777064,28722,28735,28737,15,0.05,28737,15,0.05,28725,28750,1399-7-13
352,شلعاب,لعابيران‌,295,846037,7215596830,8960,8620,8520,-440,-4.91,8890,-70,-0.78,8520,8620,1399-7-13
353,زعف9908پ10,زعفران9908نگين طلاي سرخ(پ),295,182716,15169288421,79114,83069,83069,3955,5.0,83021,3907,4.94,80000,83069,1399-7-13
354,تكمبا,كمباين‌ سازي‌ ايران‌,294,1041970,10138368100,10810,9730,9730,-1080,-9.99,10570,-240,-2.22,9730,9730,1399-7-13
355,وهنر,گروه توسعه هنر ايران,292,4486225,21723975219,4991,4842,4842,-149,-2.99,4842,-149,-2.99,4842,4900,1399-7-13
356,كترام,توليدي‌ كاشي‌ تكسرام‌,291,790144,14957425920,18030,18930,18930,900,4.99,18280,250,1.39,18930,18930,1399-7-13
357,حخزر,كشتيراني درياي خزر,289,549930,12543941214,22647,23500,22389,-258,-1.14,22687,40,0.18,21810,23779,1399-7-13
358,ضجار7022,اختيارخ وتجارت-2800-1399/07/22,286,7714,1936883000,304,301,280,-24,-7.89,251,-53,-17.43,200,315,1399-7-13
359,سبهان,سيمان‌ بهبهان‌,284,171632,9372313710,56900,56670,54080,-2820,-4.96,56450,-450,-0.79,54060,56680,1399-7-13
360,تسه9812,امتياز تسهيلات مسكن اسفند98,284,2499,2033276171,799109,767777,820010,20901,2.62,813636,14527,1.82,767777,839060,1399-7-13
361,كفرا,فراورده‌ هاي‌ نسوزايران‌,283,382336,14825099780,40810,38770,38770,-2040,-5.0,40160,-650,-1.59,38770,39000,1399-7-13
362,سفانو,سيمان فارس نو,281,627881,18779909750,31320,31150,29760,-1560,-4.98,30740,-580,-1.85,29760,32000,1399-7-13
363,سدور,سيمان‌ دورود,279,1936073,14443498860,7830,7520,7440,-390,-4.98,7710,-120,-1.53,7440,7820,1399-7-13
364,تماوند,تامين سرمايه دماوند,279,1917113,25599209889,12718,13353,13353,635,4.99,13353,635,4.99,13353,13353,1399-7-13
365,دسينا,داروسازي‌ سينا,277,730119,19277909340,27770,27250,26390,-1380,-4.97,27210,-560,-2.02,26390,27250,1399-7-13
366,دارا,صندوق س. دارا الگوريتم-د,270,9170383,92031885599,10029,10049,10036,7,0.07,10036,7,0.07,10025,10050,1399-7-13
367,تسه9708,امتياز تسهيلات مسكن آبان97,267,3285,2676355559,788080,791222,826000,37920,4.81,814720,26640,3.38,791222,827484,1399-7-13
368,شتوكا,توكا رنگ فولاد سپاهان,267,1255224,35306304899,29598,28200,28119,-1479,-5.0,28489,-1109,-3.75,28119,28600,1399-7-13
369,وپويا,سرمايه گذاري پويا,266,708420,8124868980,12072,11469,11469,-603,-5.0,11968,-104,-0.86,11469,11469,1399-7-13
370,سكارون,سيمان كارون,265,193052,19710185440,103986,107105,100867,-3119,-3.0,102105,-1881,-1.81,100867,107105,1399-7-13
371,هكوير910,اختيارف ت كوير-16000-99/10/02,264,873836,1115014736,1795,1276,1276,-519,-28.91,1276,-519,-28.91,1276,1276,1399-7-13
372,ذوب تبعي9912,اختيارف.تبعي ذوب991224,262,402149,804298000,2000,2000,2000,0,0.0,2000,0,0.0,2000,2000,1399-7-13
373,سيستم,همكاران سيستم,261,1086631,29649126340,26930,28270,27140,210,0.78,27130,200,0.74,26010,28270,1399-7-13
374,تسه9707,امتياز تسهيلات مسكن مهر97,259,3477,2774920586,770691,760151,809225,38534,5.0,798079,27388,3.55,760151,809225,1399-7-13
375,شسينا,صنايع‌شيميايي‌سينا,257,23164,12721773410,576890,550000,548050,-28840,-5.0,569390,-7500,-1.3,548050,570000,1399-7-13
376,توريل,توکاريل,256,2240060,44492071720,18917,19862,19862,945,5.0,19703,786,4.15,19862,19862,1399-7-13
377,سرود,سيمان‌شاهرود,256,902358,12915008130,15000,15600,14250,-750,-5.0,14810,-190,-1.27,14250,15600,1399-7-13
378,زملارد,كشاورزي و دامپروري ملارد شير,254,93624,3931646256,44204,41994,41994,-2210,-5.0,44014,-190,-0.43,41994,41994,1399-7-13
379,ضجار1014,اختيارخ وتجارت-3000-1399/10/21,254,9316,4244160000,263,500,540,277,105.32,456,193,73.38,340,700,1399-7-13
380,زمگسا,كشاورزي‌ ودامپروي‌ مگسال‌,252,481999,12483669000,27250,26000,25890,-1360,-4.99,26890,-360,-1.32,25890,27240,1399-7-13
381,وپخش,داروپخش‌ (هلدينگ‌,251,98186,11841841420,117280,123140,117720,440,0.38,118040,760,0.65,117280,123140,1399-7-13
382,دكيمي,كيميدارو,251,883856,20838211280,24750,23570,24750,0,0.0,24220,-530,-2.14,23520,24990,1399-7-13
383,سهگمت,سيمان‌هگمتان‌,251,402230,7389589320,17960,18850,18290,330,1.84,18020,60,0.33,18000,18850,1399-7-13
384,غشهداب,كشت و صنعت شهداب ناب خراسان,250,2028400,10210965600,5298,5034,5034,-264,-4.98,5240,-58,-1.09,5034,5034,1399-7-13
385,بگيلان,توسعه مسير برق گيلان,247,160037,5081974935,33426,31755,31755,-1671,-5.0,33271,-155,-0.46,31755,31755,1399-7-13
386,ثشاهد,سرمايه‌ گذاري‌ شاهد,245,683098,30459339820,46930,44590,44590,-2340,-4.99,45930,-1000,-2.13,44590,44590,1399-7-13
387,بذر,صندوق س بذر اميد آفرين-سهام,245,122758,14455404010,117370,122800,115950,-1420,-1.21,117760,390,0.33,114000,122990,1399-7-13
388,غبهنوش,بهنوش‌ ايران‌,241,291171,15843658140,57230,57330,54370,-2860,-5.0,56270,-960,-1.68,54370,58000,1399-7-13
389,تسه9811,امتياز تسهيلات مسكن بهمن98,241,2517,2048576872,802218,763000,804000,1782,0.22,813896,11678,1.46,763000,842300,1399-7-13
390,ضجار1015,اختيارخ وتجارت-3500-1399/10/21,239,8686,2487256000,122,350,310,188,154.1,286,164,134.43,210,399,1399-7-13
391,بمپنا,توليد برق عسلويه  مپنا,235,207435,18620426134,94472,90000,89749,-4723,-5.0,92532,-1940,-2.05,89749,94299,1399-7-13
392,دبالك,مواد اوليه دارويي البرز بالك,234,942259,14907750475,16581,16000,15752,-829,-5.0,16333,-248,-1.5,15752,16300,1399-7-13
393,زپارس,ملي كشت و صنعت و دامپروري پارس,233,391860,26221655880,70410,67210,66890,-3520,-5.0,68440,-1970,-2.8,66890,69990,1399-7-13
394,فلوله,لوله‌وماشين‌سازي‌ايران‌,231,743255,17845552550,26670,24010,24010,-2660,-9.97,25610,-1060,-3.97,24010,24010,1399-7-13
395,دابور,داروسازي‌ ابوريحان‌,228,330813,13319354020,40930,41900,39300,-1630,-3.98,40750,-180,-0.44,38890,42500,1399-7-13
396,تسه9709,امتياز تسهيلات مسكن آذر97,228,3065,2501839178,795525,821360,830000,34475,4.33,816261,20736,2.61,800120,830000,1399-7-13
397,سكه9912پ04,سكه تمام بهارتحويل1روزه صادرات,222,164500,221102589300,1414295,1347000,1343581,-70714,-5.0,1344089,-70206,-4.96,1343581,1365999,1399-7-13
398,تسه9809,امتياز تسهيلات مسكن آذر98,221,2384,1950154510,796130,835936,815000,18870,2.37,818018,21888,2.75,790770,835936,1399-7-13
399,پرداخت,به پرداخت ملت,212,111459,4437207970,39600,41420,39980,380,0.96,39620,20,0.05,39000,41420,1399-7-13
400,تسه9802,امتياز تسهيلات مسكن ارديبهشت98,210,2477,2002177918,799859,781111,810110,10251,1.28,808308,8449,1.06,781111,830000,1399-7-13
401,تسه9803,امتياز تسهيلات مسكن خرداد98,210,2462,1997157921,791395,780000,830960,39565,5.0,811193,19798,2.5,780000,830964,1399-7-13
402,سجام,مجتمع سيمان غرب آسيا,209,1276322,15823840156,12781,12398,12398,-383,-3.0,12465,-316,-2.47,12398,12398,1399-7-13
403,سدشت,صنايع سيمان دشتستان,207,130018,5169070720,37870,39760,39760,1890,4.99,38060,190,0.5,39640,39760,1399-7-13
404,داسوه,داروسازي‌ اسوه‌,203,813748,24096606470,31160,29620,29610,-1550,-4.97,30340,-820,-2.63,29610,31000,1399-7-13
405,اخزا808,اسنادخزانه-م8بودجه98-000817,202,201802,167496929688,829361,828500,830502,1141,0.14,830006,645,0.08,828380,833000,1399-7-13
406,كخاك,صنايع‌خاك‌چيني‌ايران‌,200,217917,11946504050,57560,58000,54690,-2870,-4.99,56880,-680,-1.18,54690,58000,1399-7-13
407,فيروزا,صندوق بادرآمد ثابت فيروزه آسيا,199,3274306,68832048670,21030,21070,21000,-30,-0.14,21020,-10,-0.05,20780,21100,1399-7-13
408,اپرداز,آتيه داده پرداز,199,1099052,33898060836,29375,30843,30843,1468,5.0,30278,903,3.07,30843,30843,1399-7-13
409,اخزا815,اسنادخزانه-م15بودجه98-010406,197,267474,196831814387,737960,735200,736000,-1960,-0.27,735891,-2069,-0.28,734359,737500,1399-7-13
410,تسه9710,امتياز تسهيلات مسكن دي 97,196,1785,1457805237,796050,782000,829999,33949,4.26,816698,20648,2.59,782000,830000,1399-7-13
411,دسبحا,گروه دارويي سبحان,193,334401,5683104450,17110,17300,16800,-310,-1.81,17100,-10,-0.06,16590,17350,1399-7-13
412,ددام,داروسازي زاگرس فارمد پارس,193,465305,5850791360,13210,12830,12550,-660,-5.0,13130,-80,-0.61,12550,12830,1399-7-13
413,بنيرو,نيروترانس‌,189,202645,13139501800,68250,64840,64840,-3410,-5.0,67310,-940,-1.38,64840,64840,1399-7-13
414,تسه9801,امتياز تسهيلات مسكن فروردين98,188,1978,1600181354,798429,800550,810000,11571,1.45,808990,10561,1.32,790100,830000,1399-7-13
415,هملت911,اختيارف ت ملت-6770-99/11/25,187,1000000,703000000,930,703,703,-227,-24.41,703,-227,-24.41,703,703,1399-7-13
416,سهرمز,سيمان‌هرمزگان‌,187,332911,5174654950,16110,16870,15330,-780,-4.84,16050,-60,-0.37,15320,16870,1399-7-13
417,تسه9711,امتياز تسهيلات مسكن بهمن 97,186,1285,1042060689,790961,810000,812011,21050,2.66,810942,19981,2.53,780911,830509,1399-7-13
418,سنوين,سرمايه گذاري اقتصاد نوين,185,3214989,36405784785,11118,11340,11340,222,2.0,11324,206,1.85,10897,11340,1399-7-13
419,ثفارس,عمران‌وتوسعه‌فارس‌,179,723727,6585915700,9570,9100,9100,-470,-4.91,9500,-70,-0.73,9100,9100,1399-7-13
420,دارو,كارخانجات‌داروپخش‌,179,133529,6819920780,51900,51010,49800,-2100,-4.05,51790,-110,-0.21,49600,53590,1399-7-13
421,تسه9712,امتياز تسهيلات مسكن اسفند97,177,1536,1247963625,796095,810000,835899,39804,5.0,812476,16381,2.06,800000,835899,1399-7-13
422,كاسپين,داروسازي كاسپين تامين,177,155631,3762626530,24805,25650,24497,-308,-1.24,24757,-48,-0.19,23600,25650,1399-7-13
423,تاپكيشح,ح.تجارت الكترونيك پارسيان كيش,172,688181,6773076302,1000,9990,9491,8491,849.1,9842,8842,884.2,9491,9990,1399-7-13
424,ياقوت,صندوق س ياقوت آگاه-ثابت,172,5577806,61857343540,11090,11090,11090,0,0.0,11090,0,0.0,11070,11100,1399-7-13
425,ولملت,واسپاري ملت,169,1536646,16611143260,11370,10810,10810,-560,-4.93,11170,-200,-1.76,10810,10810,1399-7-13
426,دپارس,پارس‌ دارو,160,274029,25425384620,95010,99500,90530,-4480,-4.72,93850,-1160,-1.22,90290,99500,1399-7-13
427,تسه9808,امتياز تسهيلات مسكن آبان98,157,1640,1330905202,796716,760090,820000,23284,2.92,811528,14812,1.86,760090,830000,1399-7-13
428,سبجنو,سيمان‌ بجنورد,156,221646,6785458590,32090,31650,30750,-1340,-4.18,31880,-210,-0.65,30490,31650,1399-7-13
429,وآتوس,س.آرين توسكا قيمت اسمي 350ريال,155,535133,19730888843,35798,36871,36871,1073,3.0,36798,1000,2.79,36871,36871,1399-7-13
430,اخزا817,اسنادخزانه-م17بودجه98-010512,153,353543,255092105480,724511,702001,721999,-2512,-0.35,721531,-2980,-0.41,702001,724000,1399-7-13
431,سكه0011پ02,سكه تمام بهارتحويلي 1روزه ملت,149,57900,77871315500,1412854,1368000,1343581,-69273,-4.9,1344928,-67926,-4.81,1343581,1368000,1399-7-13
432,صنوين,صندوق سرمايه‌گذاري صنوين-مختلط,147,36956,4160395560,112460,115000,111110,-1350,-1.2,112580,120,0.11,111100,115000,1399-7-13
433,سيلام,سيمان‌ ايلام‌,147,469462,4821374740,10810,10270,10270,-540,-5.0,10760,-50,-0.46,10270,10270,1399-7-13
434,ضصاد8024,اختيارخ وبصادر-5500-1399/08/11,145,4768,332583000,135,140,55,-80,-59.26,70,-65,-48.15,32,140,1399-7-13
435,دكپسول,توليد ژلاتين كپسول ايران,143,132744,5065379179,40167,38159,38159,-2008,-5.0,39951,-216,-0.54,38159,38160,1399-7-13
436,وجامي,سرمايه گذاري جامي,142,491390,5972354060,11800,12154,12154,354,3.0,11902,102,0.86,12154,12154,1399-7-13
437,شاملا,معدني‌ املاح‌  ايران‌,142,103993,6798764940,68580,69900,65160,-3420,-4.99,68120,-460,-0.67,65160,69900,1399-7-13
438,ضخود1040,اختيارخ خودرو-2000-1399/10/07,142,3940,4957214000,1119,1419,1170,51,4.56,1258,139,12.42,1005,1460,1399-7-13
439,خصدرا,صنعتي‌ دريايي‌ ايران‌,141,523823,3538948188,6964,6756,6756,-208,-2.99,6954,-10,-0.14,6756,6756,1399-7-13
440,غپآذر,شير پگاه آذربايجان شرقي,140,77081,4198610619,57123,58990,54267,-2856,-5.0,56884,-239,-0.42,54267,58990,1399-7-13
441,غچين,كشت‌ و صنعت‌ چين‌ چين,138,85319,3818909640,47110,44760,44760,-2350,-4.99,46920,-190,-0.4,44760,45000,1399-7-13
442,ضجار7024,اختيارخ وتجارت-3200-1399/07/22,138,8145,531679000,88,100,50,-38,-43.18,65,-23,-26.14,33,100,1399-7-13
443,وملي,گروه‌ صنعتي‌ ملي‌ (هلدينگ‌,134,8314,4093065340,518220,492310,492310,-25910,-5.0,516040,-2180,-0.42,492310,492310,1399-7-13
444,شصفها,پتروشيمي‌ اصفهان‌,133,131515,11398420325,84976,86664,86675,1699,2.0,86670,1694,1.99,86600,86675,1399-7-13
445,سقاين,سيمان‌ قائن‌,129,107351,4205292300,41150,39410,39100,-2050,-4.98,40970,-180,-0.44,39100,40000,1399-7-13
446,تسه9807,امتياز تسهيلات مسكن مهر98,125,1407,1126559680,795796,780000,835585,39789,5.0,800682,4886,0.61,756007,835585,1399-7-13
447,كماسه,تامين‌ ماسه‌ ريخته‌گري‌,124,102716,5886653960,60320,57310,57310,-3010,-4.99,59940,-380,-0.63,57310,57310,1399-7-13
448,دلر,داروسازي‌ اكسير,122,87974,8509112710,98380,95610,96000,-2380,-2.42,98090,-290,-0.29,95610,101000,1399-7-13
449,ضخود1041,اختيارخ خودرو-2500-1399/10/07,122,3039,2578795000,839,995,750,-89,-10.61,849,10,1.19,750,995,1399-7-13
450,تسه9806,امتياز تسهيلات مسكن شهريور98,121,1580,1280775173,789517,767045,828992,39475,5.0,810617,21100,2.67,767045,828992,1399-7-13
451,وتعاون,بيمه  تعاون,120,841997,4965005287,6014,5834,5834,-180,-2.99,5984,-30,-0.5,5834,6009,1399-7-13
452,ضجار7023,اختيارخ وتجارت-3000-1399/07/22,118,3682,383325000,157,153,93,-64,-40.76,104,-53,-33.76,89,190,1399-7-13
453,فنفت,صنايع تجهيزات نفت,116,250818,3653256782,14759,15201,14700,-59,-0.4,14724,-35,-0.24,14317,15201,1399-7-13
454,پارسيان,بيمه پارسيان,116,1824887,22957078460,11990,12580,12580,590,4.92,12240,250,2.09,12580,12580,1399-7-13
455,وسقم,شركت س استان قم,114,3668201,5172163410,1350,1410,1410,60,4.44,1360,10,0.74,1410,1410,1399-7-13
456,كمرجان,بازرگاني و توليدي مرجان كار,112,306739,14463357328,44907,47152,47152,2245,5.0,45516,609,1.36,47152,47152,1399-7-13
457,سپاس,صندوق س. پاداش سهامداري توسعه1,112,3808385,38671671550,10160,10150,10160,0,0.0,10150,-10,-0.1,10140,10170,1399-7-13
458,مرقام,ايران‌ارقام‌,111,401690,10664869500,27940,26550,26550,-1390,-4.97,27620,-320,-1.15,26550,26550,1399-7-13
459,اخزا818,اسنادخزانه-م18بودجه98-010614,105,130876,92862045161,713841,701006,711000,-2841,-0.4,709542,-4299,-0.6,701006,712500,1399-7-13
460,هخود911,اختيارف ت خودرو-3680-99/11/20,104,1000000,701000000,829,701,701,-128,-15.44,701,-128,-15.44,701,701,1399-7-13
461,ثقزوي,شركت عمران و سازندگي قزوين,104,347737,9320394811,26023,26803,26803,780,3.0,26373,350,1.34,26803,26803,1399-7-13
462,هبركت912,اختيارف ت بركت-22100-99/12/17,104,177014,946139830,5443,5345,5345,-98,-1.8,5345,-98,-1.8,5345,5345,1399-7-13
463,پيزد,مجتمع صنايع لاستيك يزد,103,13430,1388379970,108819,103379,103379,-5440,-5.0,108659,-160,-0.15,103379,103379,1399-7-13
464,صفارس037,صكوك اجاره فارس037- 3ماهه18%,101,1000000,1000000000000,1000000,1000000,1000000,0,0.0,1000000,0,0.0,1000000,1000000,1399-7-13
465,آكورد2,صندوق س. آرمان آتي كوثر-د,100,10000000,10000000,28722,1,1,-28721,-100.0,1,-28721,-100.0,1,1,1399-7-13
466,پكويرح,ح. كوير تاير,100,467815,5440688450,21450,11630,11630,-9820,-45.78,11630,-9820,-45.78,11630,11630,1399-7-13
467,حفارس,حمل و نقل بين المللي خليج فارس,100,376085,1951881150,5460,5190,5190,-270,-4.95,5450,-10,-0.18,5190,5190,1399-7-13
468,آساميد,صندوق س.مشترك آسمان اميد -د,98,4398626,47420925288,10776,10820,10782,6,0.06,10781,5,0.05,10775,10820,1399-7-13
469,اخزا814,اسنادخزانه-م14بودجه98-010318,98,179967,134158269191,745515,745501,743000,-2515,-0.34,745460,-55,-0.01,742000,745600,1399-7-13
470,پلوله,گازلوله‌,96,430173,8449888239,19841,19643,19643,-198,-1.0,19643,-198,-1.0,19643,19643,1399-7-13
471,ضجار7036,اختيارخ وتجارت-6500-1399/07/22,95,5412,11214000,3,2,2,-1,-33.33,2,-1,-33.33,1,3,1399-7-13
472,غدشت,دشت‌ مرغاب‌,94,18342,5046434460,305700,275130,275130,-30570,-10.0,302270,-3430,-1.12,275130,275130,1399-7-13
473,ثالوند,سرمايه گذاري مسكن الوند,92,510108,6444194364,13297,12633,12633,-664,-4.99,13203,-94,-0.71,12633,12633,1399-7-13
474,اخزا809,اسنادخزانه-م9بودجه98-000923,92,219800,180109180068,817744,816800,819426,1682,0.21,819423,1679,0.21,816800,821000,1399-7-13
475,فجام,جام‌دارو,91,50301,2921482080,61130,58080,58080,-3050,-4.99,60940,-190,-0.31,58080,58080,1399-7-13
476,اخزا811,اسنادخزانه-م11بودجه98-001013,91,242643,196664137025,809668,808600,809191,-477,-0.06,810508,840,0.1,808600,819899,1399-7-13
477,سمتاز,سيمان ممتازان كرمان,90,70958,1447917693,20906,20280,20500,-406,-1.94,20869,-37,-0.18,20279,20860,1399-7-13
478,خاذين,سايپاآذين‌,89,657651,5083642230,8130,7730,7730,-400,-4.92,8090,-40,-0.49,7730,7730,1399-7-13
479,پست9908-02,پسته فندقي32-30طلاسبززرند9908,88,2853,4867211043,1691450,1776022,1670000,-21450,-1.27,1705997,14547,0.86,1606878,1776022,1399-7-13
480,هاباد912,اختيارف ت آبادا-30100-99/12/12,87,225000,747450000,2674,3322,3322,648,24.23,3322,648,24.23,3322,3322,1399-7-13
481,وسخراج,شركت س استان خراسان جنوبي,87,827556,1804072080,2290,2180,2180,-110,-4.8,2290,0,0.0,2180,2180,1399-7-13
482,حاريا,كشتيراني آريا,86,654265,21012374740,30587,32116,32116,1529,5.0,32072,1485,4.86,32116,32116,1399-7-13
483,هغدير912,اختيارف ت غدير-17380-99/12/16,85,2850000,2850000,108,1,1,-107,-99.07,1,-107,-99.07,1,1,1399-7-13
484,وزمين,بانك ايران زمين,85,1620159,26219033097,16857,16183,16183,-674,-4.0,16183,-674,-4.0,16183,16183,1399-7-13
485,نمرينو,ايران‌ مرينوس‌,84,107681,6498730510,63190,60200,60040,-3150,-4.98,62780,-410,-0.65,60040,66200,1399-7-13
486,ولبهمن,شركت بهمن ليزينگ,84,765874,7353156274,10106,9601,9601,-505,-5.0,10027,-79,-0.78,9601,9601,1399-7-13
487,زشريف,كشت وصنعت شريف آباد,83,63405,1674652860,27802,26412,26412,-1390,-5.0,27753,-49,-0.18,26412,26412,1399-7-13
488,ضملي1153,اختيارخ فملي-20280-1399/11/05,83,1197,2343750000,1272,1500,1850,578,45.44,1958,686,53.93,1500,2349,1399-7-13
489,امين يكم2,صندوق درآمد ثابت امين يكم فردا,80,8000000,8000000,10320,1,1,-10319,-99.99,1,-10319,-99.99,1,1,1399-7-13
490,لپارس,پارس‌ الكتريك‌,78,10434,3769804200,380310,361300,361300,-19010,-5.0,378790,-1520,-0.4,361300,361300,1399-7-13
491,ثاصفا,شركت‌ ساختمان‌ اصفهان‌,76,77289,2227932714,30343,28826,28826,-1517,-5.0,30164,-179,-0.59,28826,28826,1399-7-13
492,تصميم,صندوق س با درآمد ثابت تصميم,76,1462297,21404463930,14620,14630,14620,0,0.0,14640,20,0.14,14610,14680,1399-7-13
493,شكبير,پتروشيمي اميركبير,75,232574,13686634740,60659,58840,58840,-1819,-3.0,60367,-292,-0.48,58840,60500,1399-7-13
494,فپنتا,سپنتا,75,32822,11534963680,334710,351440,351440,16730,5.0,338340,3630,1.08,351440,351440,1399-7-13
495,اخزا816,اسنادخزانه-م16بودجه98-010503,74,194747,141209853489,728911,727000,725000,-3911,-0.54,725094,-3817,-0.52,724000,727890,1399-7-13
496,آرمان,بيمه آرمان,74,2172031,12608639955,5636,5805,5805,169,3.0,5739,103,1.83,5805,5805,1399-7-13
497,قهكمت,قندهكمتان‌,73,115383,4913008140,44820,42580,42580,-2240,-5.0,44590,-230,-0.51,42580,42580,1399-7-13
498,دمعيار,صندوق س. توازن معيار-د,71,2385367,23900616913,10017,10030,10013,-4,-0.04,10020,3,0.03,10013,10040,1399-7-13
499,شزنگ,تجهيزنيروي‌زنگان‌,71,73374,6612464880,87496,90120,90120,2624,3.0,88338,842,0.96,90120,90120,1399-7-13
500,تبرك,گروه كارخانجات صنعتي تبرك,70,36373,1031902010,29863,28370,28370,-1493,-5.0,29830,-33,-0.11,28370,28370,1399-7-13
501,تشتاد,صنايع توليدي اشتاد ايران‌,70,111867,1473007308,13570,13163,13163,-407,-3.0,13539,-31,-0.23,13163,13790,1399-7-13
502,تسه9804,امتياز تسهيلات مسكن تير98,68,1106,894196774,801856,801856,820000,18144,2.26,808496,6640,0.83,801000,829999,1399-7-13
503,شپلي,پلي اكريل ايران,68,166910,1258835220,7775,7542,7542,-233,-3.0,7759,-16,-0.21,7542,7542,1399-7-13
504,اخزا820,اسنادخزانه-م20بودجه98-020806,67,134287,78090317144,582798,583089,582000,-798,-0.14,581518,-1280,-0.22,578100,583089,1399-7-13
505,افران,صندوق س افرا نماد پايدار-ثابت,67,2054700,24205882540,11770,11830,11780,10,0.08,11780,10,0.08,11770,11830,1399-7-13
506,ضخود1043,اختيارخ خودرو-3500-1399/10/07,67,1239,461715000,356,550,340,-16,-4.49,373,17,4.78,300,600,1399-7-13
507,الماس,صندوق س.امين تدبيرگران فردا-س,66,24523,3002376881,125277,128000,120002,-5275,-4.21,122431,-2846,-2.27,112730,128000,1399-7-13
508,كيان2,صندوق س. با درآمد ثابت كيان,65,6500000,6500000,25380,1,1,-25379,-100.0,1,-25379,-100.0,1,1,1399-7-13
509,تسه9805,امتياز تسهيلات مسكن مرداد98,64,502,409304938,795650,815000,829000,33350,4.19,815348,19698,2.48,775230,835432,1399-7-13
510,خاور,ايران خودرو ديزل,63,221862,1541053452,7160,6946,6946,-214,-2.99,7143,-17,-0.24,6946,6946,1399-7-13
511,غنوش,نوش‌ مازندران‌,63,21821,1748080310,84320,80110,80110,-4210,-4.99,84160,-160,-0.19,80110,80110,1399-7-13
512,كتوكا,توليدي و خدمات صنايع نسوز توكا,59,223298,31271321814,147413,140043,140043,-7370,-5.0,142460,-4953,-3.36,140043,140043,1399-7-13
513,قشرين,قند شيرين خراسان,59,124642,2352867034,19460,18877,18877,-583,-3.0,19387,-73,-0.38,18877,18877,1399-7-13
514,ساوه,سيمان ساوه,58,17302,1199564962,72979,69331,69331,-3648,-5.0,72886,-93,-0.13,69331,69331,1399-7-13
515,ثنظام,س. ساختماني نظام مهندسي ايران,58,502529,23397750240,48000,46560,46560,-1440,-3.0,46560,-1440,-3.0,46560,46560,1399-7-13
516,وگستر,گسترش سرمايه گذاري ايرانيان,56,100648,1944016120,20331,19315,19315,-1016,-5.0,20289,-42,-0.21,19315,19315,1399-7-13
517,كشرق,صنعتي و معدني شمال شرق شاهرود,54,354617,24912553484,73949,70252,70252,-3697,-5.0,71968,-1981,-2.68,70252,70252,1399-7-13
518,اخزا806,اسنادخزانه-م6بودجه98-000519,54,64808,56095559927,865964,863893,866006,42,0.0,865565,-399,-0.05,863893,867000,1399-7-13
519,سكه0112پ03,سكه تمام بهارتحويلي1روزه سامان,52,12200,16418763000,1419116,1349000,1343581,-75535,-5.32,1345800,-73316,-5.17,1343581,1370000,1399-7-13
520,ضجار7026,اختيارخ وتجارت-3600-1399/07/22,52,1809,58985000,30,40,29,-1,-3.33,33,3,10.0,20,47,1399-7-13
521,زگلدشت,كشت و دام گلدشت نمونه اصفهان,52,63072,2294054784,38286,36372,36372,-1914,-5.0,38193,-93,-0.24,36372,36372,1399-7-13
522,اخزا812,اسنادخزانه-م12بودجه98-001111,51,184442,147920324254,798831,797888,801000,2169,0.27,801988,3157,0.4,797888,815000,1399-7-13
523,آسام,صندوق س.آرمان سپهر آشنا-م,51,26610,2740445470,103848,105000,103989,141,0.14,102986,-862,-0.83,102000,105000,1399-7-13
524,گكوثر,هتل پارسيان كوثر اصفهان,51,9697,1685823450,182999,173850,173850,-9149,-5.0,182672,-327,-0.18,173850,173850,1399-7-13
525,زعف9908پ14,زعفران9908پوشالمعمول نوين(پ),50,16890,1207888350,68110,71515,71515,3405,5.0,71515,3405,5.0,71515,71515,1399-7-13
526,سخند,صندوق س.سپهرخبرگان نفت-د,50,980650,9905870150,10097,10129,10085,-12,-0.12,10101,4,0.04,10063,10138,1399-7-13
527,دارا2,صندوق س. دارا الگوريتم-د,50,5000000,5000000,10029,1,1,-10028,-99.99,1,-10028,-99.99,1,1,1399-7-13
528,ورازي,بيمه رازي,49,519912,7877186712,15619,15151,15151,-468,-3.0,15429,-190,-1.22,15151,15151,1399-7-13
529,ثروتم,صندوق س. ثروت آفرين پارسيان-س,49,27160,2629186530,97019,97008,97000,-19,-0.02,96804,-215,-0.22,96500,98499,1399-7-13
530,ثنوسا,نوسازي‌وساختمان‌تهران‌,48,269999,3167088270,12340,11730,11730,-610,-4.94,12300,-40,-0.32,11730,11730,1399-7-13
531,ركيش,كارت اعتباري ايران كيش,47,381677,5851108410,16130,15330,15330,-800,-4.96,16030,-100,-0.62,15330,15330,1399-7-13
532,فوكا,فولاد كاويان,47,319790,6679773520,21534,20888,20888,-646,-3.0,21448,-86,-0.4,20888,20888,1399-7-13
533,نطرين,عطرين نخ قم,47,115999,1986598874,18027,17126,17126,-901,-5.0,17989,-38,-0.21,17126,17126,1399-7-13
534,دقاضي,داروسازي شهيد قاضي,46,9614,886726666,93774,96580,90961,-2813,-3.0,93705,-69,-0.07,90961,96580,1399-7-13
535,ضخود1046,اختيارخ خودرو-5000-1399/10/07,44,1411,159494000,77,276,110,33,42.86,113,36,46.75,90,276,1399-7-13
536,هشير911,اختيارف ت شيراز-73480-99/11/27,44,100000,83400000,2129,834,834,-1295,-60.83,834,-1295,-60.83,834,834,1399-7-13
537,ثزاگرس,سرمايه گذاري توسعه عمران زاگرس,42,161045,4406996425,26568,27365,27365,797,3.0,26730,162,0.61,27365,27365,1399-7-13
538,خكاوه,سايپا ديزل,42,104334,654278514,6464,6271,6271,-193,-2.99,6457,-7,-0.11,6271,6271,1399-7-13
539,شتولي,تولي‌پرس‌,42,104444,2090028884,19619,20011,20011,392,2.0,19696,77,0.39,20011,20011,1399-7-13
540,گنجين,صندوق س. گنجينه يكم آويد-د,41,1231380,14001794734,11373,11360,11350,-23,-0.2,11371,-2,-0.02,11350,11380,1399-7-13
541,واعتبار,سرمايه گذاري اعتبار ايران,41,137396,1056575240,8090,7690,7690,-400,-4.94,8080,-10,-0.12,7690,7690,1399-7-13
542,زبينا,كشاورزي و دامپروري بينالود,40,27405,1310260455,50327,47811,47811,-2516,-5.0,50257,-70,-0.14,47811,47811,1399-7-13
543,هپارس912,اختيارف ت وپارس-5920-99/12/10,40,100000,187900000,2046,1879,1879,-167,-8.16,1879,-167,-8.16,1879,1879,1399-7-13
544,ضصاد8017,اختيارخ وبصادر-3800-1399/08/11,40,357,179042000,620,750,460,-160,-25.81,502,-118,-19.03,400,750,1399-7-13
545,وايران,ليزينگ ايرانيان,40,96074,1031834760,11300,10740,10740,-560,-4.96,11290,-10,-0.09,10740,10740,1399-7-13
546,حتوكا,حمل‌ونقل‌توكا,40,49018,731348560,15700,14920,14920,-780,-4.97,15690,-10,-0.06,14920,14920,1399-7-13
547,وآفري,بيمه كارآفرين,39,54910,962023200,18061,17520,17520,-541,-3.0,18034,-27,-0.15,17520,17520,1399-7-13
548,اخزا821,اسنادخزانه-م21بودجه98-020906,39,22745,12948168074,569417,574000,570000,583,0.1,569275,-142,-0.02,562202,574000,1399-7-13
549,پارتا,مجتمع‌صنعتي‌آرتاويل‌تاير,39,63077,3946349428,64498,62564,62564,-1934,-3.0,64244,-254,-0.39,62564,62564,1399-7-13
550,تكنار,مجتمع معادن مس تكنار,39,43172,3754366636,84431,86963,86963,2532,3.0,84888,457,0.54,86963,86963,1399-7-13
551,خشرق,الكتريك‌ خودرو شرق‌,38,122563,2268641130,19480,18510,18510,-970,-4.98,19430,-50,-0.26,18510,18510,1399-7-13
552,هبهرن912,اختيارف ت شبهرن-74590-99/12/02,38,12518,109169478,10636,8721,8721,-1915,-18.0,8721,-1915,-18.0,8721,8721,1399-7-13
553,ثتران,سرمايه گذاري مسكن تهران,38,90044,588167408,6875,6532,6532,-343,-4.99,6871,-4,-0.06,6532,6532,1399-7-13
554,وشهر,بانك شهر,37,300842,2825508064,9583,9392,9392,-191,-1.99,9574,-9,-0.09,9392,9392,1399-7-13
555,قپيرا,فرآورده‌هاي‌غدايي‌وقندپيرانشهر,37,36577,2755540520,79270,77050,76900,-2370,-2.99,79040,-230,-0.29,75310,77050,1399-7-13
556,ثنور,سرمايه گذاري كوه نور,37,93494,722334644,8132,7726,7726,-406,-4.99,8117,-15,-0.18,7726,7726,1399-7-13
557,لكما,كارخانجات‌مخابراتي‌ايران‌,36,293755,3359969690,11791,11438,11438,-353,-2.99,11730,-61,-0.52,11438,11438,1399-7-13
558,غاذر,كشت‌وصنعت‌پياذر,36,30325,2530924500,87850,83460,83460,-4390,-5.0,87610,-240,-0.27,83460,83460,1399-7-13
559,بميلا,توسعه بازرگاني آهن وفولادميلاد,36,86131,3164883595,37881,36745,36745,-1136,-3.0,37696,-185,-0.49,36745,36745,1399-7-13
560,بالاس,مهندسي ساختمان تاسيسات راه آهن,36,923379,45810678948,52223,49612,49612,-2611,-5.0,49704,-2519,-4.82,49612,49612,1399-7-13
561,حپارسا,توسعه حمل و نقل ريلي پارسيان,35,81716,2694258236,34706,32971,32971,-1735,-5.0,34607,-99,-0.29,32971,32971,1399-7-13
562,اخزا807,اسنادخزانه-م7بودجه98-000719,34,172599,145711854768,843898,841321,844772,874,0.1,844222,324,0.04,841321,853000,1399-7-13
563,دفرا,فرآورده‌هاي‌ تزريقي‌ ايران‌,34,21749,576131010,27880,26490,26490,-1390,-4.99,27860,-20,-0.07,26490,26490,1399-7-13
564,كيسون,شركت كيسون,34,646362,14106204288,22498,21824,21824,-674,-3.0,22282,-216,-0.96,21824,21824,1399-7-13
565,سكرد,سيمان كردستان,34,75036,791629800,11100,10550,10550,-550,-4.95,11090,-10,-0.09,10550,10550,1399-7-13
566,ونيرو,سرمايه‌گذاري‌نيرو,33,54868,463085920,8880,8440,8440,-440,-4.95,8880,0,0.0,8440,8440,1399-7-13
567,ولانا,شركت ليزينگ آريا دانا,33,228108,5166646200,23350,22650,22650,-700,-3.0,23162,-188,-0.81,22650,22650,1399-7-13
568,شكف,كف,32,114397,6151355484,52718,53772,53772,1054,2.0,53329,611,1.16,53772,53772,1399-7-13
569,ضچاد1017,اختيارخ كچاد-20000-1399/10/02,32,378,1670576000,5296,4500,4230,-1066,-20.13,4420,-876,-16.54,4000,5000,1399-7-13
570,اخزا902,اسنادخزانه-م2بودجه99-011019,32,41642,27705131609,678998,669950,660210,-18788,-2.77,665317,-13681,-2.01,660210,669950,1399-7-13
571,اعتلا,شركت سرمايه گذاري اعتلاء البرز,32,239772,2756898456,12103,11498,11498,-605,-5.0,12068,-35,-0.29,11498,11498,1399-7-13
572,قاسم,قاسم ايران,32,41486,630296798,15992,15193,15193,-799,-5.0,15981,-11,-0.07,15193,15193,1399-7-13
573,ضصاد8012,اختيارخ وبصادر-2800-1399/08/11,31,684,846168000,1425,1355,1200,-225,-15.79,1237,-188,-13.19,1000,1499,1399-7-13
574,ضخود1044,اختيارخ خودرو-4000-1399/10/07,30,1164,296912000,212,300,270,58,27.36,255,43,20.28,231,300,1399-7-13
575,خكار,ايركا پارت صنعت,30,43705,1547157000,37260,35400,35400,-1860,-4.99,37200,-60,-0.16,35400,35400,1399-7-13
576,كمينا,شيشه سازي مينا,29,66469,2128137973,33007,32017,32017,-990,-3.0,32898,-109,-0.33,32017,32017,1399-7-13
577,اخزا703,اسنادخزانه-م3بودجه97-990721,29,16718,16643384104,995637,996000,995535,-102,-0.01,995537,-100,-0.01,995532,996000,1399-7-13
578,ولشرق,ليزينگ ايران و شرق,29,353409,2991253776,8909,8464,8464,-445,-4.99,8881,-28,-0.31,8464,8464,1399-7-13
579,وليز,ليزينگ‌ايران‌,29,51116,494291720,10170,9670,9670,-500,-4.92,10160,-10,-0.1,9670,9670,1399-7-13
580,آ س پ,آ.س.پ,28,192810,2726719020,14886,14142,14142,-744,-5.0,14843,-43,-0.29,14142,14142,1399-7-13
581,شفارا,پتروشيمي فارابي,28,450003,2397165981,5491,5327,5327,-164,-2.99,5471,-20,-0.36,5327,5327,1399-7-13
582,شدوص,دوده‌ صنعتي‌ پارس‌,28,49975,987506000,20800,19760,19760,-1040,-5.0,20780,-20,-0.1,19760,19760,1399-7-13
583,كصدف,كاشي صدف سرام استقلال آباده,27,26006,435600500,16263,16750,16750,487,2.99,16273,10,0.06,16750,16750,1399-7-13
584,غدام,خوراك‌  دام‌ پارس‌,27,9151,1217449040,140040,133040,133040,-7000,-5.0,139860,-180,-0.13,133040,133040,1399-7-13
585,اخزا903,اسنادخزانه-م3بودجه99-011110,27,30394,20048650200,664297,663000,656000,-8297,-1.25,659625,-4672,-0.7,654300,663000,1399-7-13
586,هصند911,اختيارف ت صندوق-19926-99/11/29,26,100000,79400000,1565,794,794,-771,-49.27,794,-771,-49.27,794,794,1399-7-13
587,ضفلا8088,اختيارخ فولاد-19775-1399/08/28,26,109,109546000,2088,2450,1800,-288,-13.79,1005,-1083,-51.87,700,2450,1399-7-13
588,كقزوي,شيشه‌ قزوين‌,26,65442,677128374,10667,10347,10347,-320,-3.0,10656,-11,-0.1,10347,10347,1399-7-13
589,ارمغان,ص سرمايه گذاري ارمغان ايرانيان,26,251339,2552203240,10150,10160,10170,20,0.2,10150,0,0.0,10150,10170,1399-7-13
590,خوساز,محورسازان‌ايران‌خودرو,25,77052,738158160,10080,9580,9580,-500,-4.96,10070,-10,-0.1,9580,9580,1399-7-13
591,ثشرق,سرمايه گذاري مسكن شمال شرق,25,82099,557452210,7140,6790,6790,-350,-4.9,7140,0,0.0,6790,6790,1399-7-13
592,ضصاد8020,اختيارخ وبصادر-4400-1399/08/11,24,426,114322000,261,300,240,-21,-8.05,268,7,2.68,202,350,1399-7-13
593,فولاي,صنايع فولاد آلياژي يزد,24,20115,1009672425,52836,50195,50195,-2641,-5.0,52780,-56,-0.11,50195,50195,1399-7-13
594,غگلستا,شير پاستوريزه پگاه گلستان,24,106097,1609703684,15970,15172,15172,-798,-5.0,15943,-27,-0.17,15172,15172,1399-7-13
595,قشير,قند شيروان قوچان و بجنورد,24,109648,2829356992,27162,25804,25804,-1358,-5.0,27081,-81,-0.3,25804,25804,1399-7-13
596,اخزا810,اسنادخزانه-م10بودجه98-001006,23,33069,26984793970,814196,811600,820000,5804,0.71,816015,1819,0.22,811600,820000,1399-7-13
597,ضفلا8082,اختيارخ فولاد-13775-1399/08/28,23,174,892296000,6612,5000,5000,-1612,-24.38,5128,-1484,-22.44,5000,6299,1399-7-13
598,فلات,گروه صنايع معادن فلات ايرانيان,23,46293,592457814,13193,12798,12798,-395,-2.99,13181,-12,-0.09,12798,12798,1399-7-13
599,اخزا721,اسنادخزانه-م21بودجه97-000728,23,103563,86882193759,838049,838631,838632,583,0.07,838931,882,0.11,838631,839999,1399-7-13
600,ثعمرا,عمران و توسعه شاهد,23,421515,10574125290,26406,25086,25086,-1320,-5.0,26108,-298,-1.13,25086,25086,1399-7-13
601,ساراب,سيمان‌ داراب‌,23,108694,1301067180,12590,11970,11970,-620,-4.92,12570,-20,-0.16,11970,11970,1399-7-13
602,بزاگرس,نيروگاه زاگرس كوثر,23,18141,273548139,15872,15079,15079,-793,-5.0,15867,-5,-0.03,15079,15079,1399-7-13
603,زدشت,كشت و صنعت دشت خرم دره,23,12015,553146570,48461,46038,46038,-2423,-5.0,48433,-28,-0.06,46038,46038,1399-7-13
604,قشكر,شكرشاهرود,23,20925,924885000,46520,44200,44200,-2320,-4.99,46470,-50,-0.11,44200,44200,1399-7-13
605,دكوثر,داروسازي‌ كوثر,22,139040,3495465600,26460,25140,25140,-1320,-4.99,26360,-100,-0.38,25140,25140,1399-7-13
606,زنجان,صنايع كشاورزي وكود زنجان,22,77456,527707728,7023,6813,6813,-210,-2.99,7017,-6,-0.09,6813,6813,1399-7-13
607,ساروج,بين المللي ساروج بوشهر,22,55379,1163740850,21608,20960,20960,-648,-3.0,21572,-36,-0.17,20960,21950,1399-7-13
608,كفرآور,فرآورده هاي سيمان شرق,22,178713,3731170014,21523,20878,20878,-645,-3.0,21398,-125,-0.58,20878,20878,1399-7-13
609,خفناور,مهندسي صنعتي روان فن آور,22,125350,3050266900,25086,24334,24334,-752,-3.0,24968,-118,-0.47,24334,24334,1399-7-13
610,ضخود1045,اختيارخ خودرو-4500-1399/10/07,22,1407,198565000,111,200,160,49,44.14,141,30,27.03,126,200,1399-7-13
611,بالبر,كابل‌ البرز,22,21314,551606320,27240,25880,25880,-1360,-4.99,27220,-20,-0.07,25880,25880,1399-7-13
612,داريك,صندوق س.اعتماد داريك-د,22,79503,796107080,10043,10005,10011,-32,-0.32,10014,-29,-0.29,10005,10107,1399-7-13
613,هترول911,اختيارف ت پترول-14730-99/11/15,21,500000,500000,1,1,1,0,0.0,1,0,0.0,1,1,1399-7-13
614,كگاز,شيشه‌ و گاز,21,11973,291901740,25660,24380,24380,-1280,-4.99,25650,-10,-0.04,24380,24380,1399-7-13
615,غشاذر,پگاه‌آذربايجان‌غربي‌,21,26452,581944000,23150,22000,22000,-1150,-4.97,23140,-10,-0.04,22000,22000,1399-7-13
616,بسويچ,پارس‌سويچ‌,21,20060,883041200,46330,44020,44020,-2310,-4.99,46290,-40,-0.09,44020,44020,1399-7-13
617,ثغرب,شركت سرمايه گذاري مسكن شمالغرب,21,23354,319202472,14387,13668,13668,-719,-5.0,14382,-5,-0.03,13668,13668,1399-7-13
618,خمحور,توليدمحورخودرو,21,25004,1433729360,60350,57340,57340,-3010,-4.99,60260,-90,-0.15,57340,57340,1399-7-13
619,كساپا,سايپاشيشه‌,21,10145,201682600,20920,19880,19880,-1040,-4.97,20920,0,0.0,19880,19880,1399-7-13
620,گوهر2,صندوق سكه طلاي كيان,20,200000,200000,73682,1,1,-73681,-100.0,1,-73681,-100.0,1,1,1399-7-13
621,هشفن911,اختيارف ت شفن-318060-99/11/26,20,24000,24000,1,1,1,0,0.0,1,0,0.0,1,1,1399-7-13
622,زعف9908پ15,زعفران9908پوشالمعمول طلاسرخ(پ),20,5158,368874370,68110,71515,71515,3405,5.0,71515,3405,5.0,71515,71515,1399-7-13
623,وثوق,سرمايه گذاري وثوق امين,20,19624,305898912,16070,15588,15588,-482,-3.0,16062,-8,-0.05,15588,15588,1399-7-13
624,پلاسك,پلاسكوكار,20,52923,482128530,9580,9110,9110,-470,-4.91,9580,0,0.0,9110,9110,1399-7-13
625,زقيام,كشت و دام قيام اصفهان,20,23272,635023064,28723,27287,27287,-1436,-5.0,28704,-19,-0.07,27287,27287,1399-7-13
626,صگل1411,ص اجاره گل گهر 1411-3 ماهه 17%,19,197,197226345,986156,1005000,1010000,23844,2.42,1001149,14993,1.52,980020,1019999,1399-7-13
627,سايرا,ايرانيت‌,19,7404,275742602,36769,37504,37504,735,2.0,36782,13,0.04,36050,37504,1399-7-13
628,اخزا813,اسنادخزانه-م13بودجه98-010219,19,47082,35523511378,754956,754503,754503,-453,-0.06,754503,-453,-0.06,754503,754505,1399-7-13
629,سغرب,سيمان‌غرب‌,19,130994,2594991140,20850,19810,19810,-1040,-4.99,20790,-60,-0.29,19810,19810,1399-7-13
630,جهرم,پتروشيمي جهرم,19,110074,362033386,3390,3289,3289,-101,-2.98,3388,-2,-0.06,3289,3289,1399-7-13
631,هجم911,اختيارف ت جم-38645-99/11/28,19,100000,100000,1,1,1,0,0.0,1,0,0.0,1,1,1399-7-13
632,هفارس912,اختيارف ت فارس-14576-99/12/13,19,1000000,1000000,1,1,1,0,0.0,1,0,0.0,1,1,1399-7-13
633,زماهان,مجتمع توليد گوشت مرغ ماهان,19,11583,292239090,26557,25230,25230,-1327,-5.0,26549,-8,-0.03,25230,25230,1399-7-13
634,وپسا,س. پتروشيمي ساختمان  خليج فارس,19,426325,2191736825,5299,5141,5141,-158,-2.98,5281,-18,-0.34,5141,5141,1399-7-13
635,غپونه,نوش پونه مشهد,19,62407,1052993311,17394,16873,16873,-521,-3.0,17366,-28,-0.16,16873,16873,1399-7-13
636,ضصاد8019,اختيارخ وبصادر-4200-1399/08/11,19,318,103395000,467,420,250,-217,-46.47,325,-142,-30.41,250,460,1399-7-13
637,هكاوه911,اختيارف ت كاوه-25477-99/11/18,19,100000,7400000,1192,74,74,-1118,-93.79,74,-1118,-93.79,74,74,1399-7-13
638,چكاوه,صنايع‌كاغذسازي‌كاوه‌,18,7939,294854460,39090,37140,37140,-1950,-4.99,39080,-10,-0.03,37140,37140,1399-7-13
639,سفاسي,شركت فارسيت اهواز,18,41408,469276864,11683,11333,11333,-350,-3.0,11675,-8,-0.07,11333,11333,1399-7-13
640,ضملي8077,اختيارخ فملي -29750-1399/08/06,18,165,499528000,3365,3100,2999,-366,-10.88,3027,-338,-10.04,2750,3399,1399-7-13
641,فسا,پتروشيمي فسا,18,59893,178121782,3065,2974,2974,-91,-2.97,3064,-1,-0.03,2974,2974,1399-7-13
642,ضجار7018,اختيارخ وتجارت-2000-1399/07/22,18,411,410450000,938,950,1000,62,6.61,999,61,6.5,950,1200,1399-7-13
643,زقيامح,ح.كشت و دام قيام اصفهان,17,10897,282951502,24730,25966,25966,1236,5.0,25966,1236,5.0,25966,25966,1399-7-13
644,ولتجار,واسپاري تجارت وسرمايه ايرانيان,17,227032,1523157688,6916,6709,6709,-207,-2.99,6900,-16,-0.23,6709,6709,1399-7-13
645,ضجار7025,اختيارخ وتجارت-3400-1399/07/22,17,1001,49506000,60,50,48,-12,-20.0,49,-11,-18.33,48,50,1399-7-13
646,لبوتان,گروه‌صنعتي‌بوتان‌,17,7634,601864560,82980,78840,78840,-4140,-4.99,82930,-50,-0.06,78840,78840,1399-7-13
647,فنورد,نوردوقطعات‌ فولادي‌,17,208296,27665874720,126500,132820,132820,6320,5.0,129740,3240,2.56,132820,132820,1399-7-13
648,ثپرديس,سرمايه گذاري مسكن پرديس,16,26422,352284526,14034,13333,13333,-701,-5.0,14029,-5,-0.04,13333,13333,1399-7-13
649,داراب,پتروشيمي داراب,16,53443,166581831,3213,3117,3117,-96,-2.99,3212,-1,-0.03,3117,3117,1399-7-13
650,همعاد911,اختيارف ت معادن-19080-99/11/19,16,100000,33800000,999,338,338,-661,-66.17,338,-661,-66.17,338,338,1399-7-13
651,غپاك,لبنيات‌ پاك‌,16,57844,977563600,17780,16900,16900,-880,-4.95,17760,-20,-0.11,16900,16900,1399-7-13
652,وسرمد,بيمه  سرمد,16,85281,537781986,6501,6306,6306,-195,-3.0,6496,-5,-0.08,6306,6306,1399-7-13
653,زعف9908پ17,زعفران9908پوشالمعمول بيرجند(پ),16,3689,263818835,68110,71515,71515,3405,5.0,71515,3405,5.0,71515,71515,1399-7-13
654,رتكو,كنترل‌خوردگي‌تكين‌كو,15,7400,136160000,19360,18400,18400,-960,-4.96,19360,0,0.0,18400,18400,1399-7-13
655,خلنت,لنت‌ ترمزايران‌,15,2390,218613300,96280,91470,91470,-4810,-5.0,96260,-20,-0.02,91470,91470,1399-7-13
656,ثتوسا,س.توسعه و عمران استان اردبيل,15,5685,410570700,76021,72220,72220,-3801,-5.0,75939,-82,-0.11,72220,72220,1399-7-13
657,فنوال,نورد آلومينيوم‌,15,33722,1201177640,37490,35620,35620,-1870,-4.99,37440,-50,-0.13,35620,35620,1399-7-13
658,وبرق,س.کارکنان صنعت برق زنجان وقزوي,15,3521,724949253,212260,205893,205893,-6367,-3.0,212022,-238,-0.11,205893,205893,1399-7-13
659,غبهار,كشت وصنعت بهاران گلبهار خراسان,15,116473,4339783980,38412,37260,37260,-1152,-3.0,38154,-258,-0.67,37260,37260,1399-7-13
660,بشهاب,لامپ‌  پارس‌ شهاب‌,15,8779,618656130,74170,70470,70470,-3700,-4.99,74120,-50,-0.07,70470,70470,1399-7-13
661,شسم,توليد سموم‌ علف‌ كش,14,6147,497765619,79390,80977,80977,1587,2.0,79467,77,0.1,80977,80977,1399-7-13
662,كرونا2,تامين مالي جمعي صرفا اهداي سود,14,1249,12490000,10000,10000,10000,0,0.0,10000,0,0.0,10000,10000,1399-7-13
663,ضصاد8018,اختيارخ وبصادر-4000-1399/08/11,14,582,143015000,501,202,400,-101,-20.16,246,-255,-50.9,202,400,1399-7-13
664,زكشت,كشاورزي مكانيزه اصفهان كشت,14,20670,648872640,33044,31392,31392,-1652,-5.0,33021,-23,-0.07,31392,31392,1399-7-13
665,اخزا804,اسنادخزانه-م4بودجه98-000421,14,10769,9472077929,881037,880100,879101,-1936,-0.22,879569,-1468,-0.17,878341,880500,1399-7-13
666,ضغدر8043,اختيارخ وغدير-16000-1399/08/26,14,75,181791000,3105,2360,2220,-885,-28.5,2424,-681,-21.93,2220,3000,1399-7-13
667,بايكا,كارخانجات كابلسازي ‌ايران‌,13,107460,4476783600,42948,41660,41660,-1288,-3.0,42650,-298,-0.69,41660,41660,1399-7-13
668,نتوس,پشم‌ بافي‌ توس,13,17896,194636896,11212,10876,10876,-336,-3.0,11209,-3,-0.03,10876,10876,1399-7-13
669,قزوين,كارخانجات‌ قند قزوين‌,13,24958,859803100,36260,34450,34450,-1810,-4.99,36230,-30,-0.08,34450,34450,1399-7-13
670,ضملي1148,اختيارخ فملي-10140-1399/11/05,13,161,2534680000,16000,15500,13200,-2800,-17.5,15743,-257,-1.61,13200,16800,1399-7-13
671,زعف9908پ06,زعفران 9908پوشالمعمول زرين(پ),13,5771,412713065,68109,71515,71515,3406,5.0,71515,3406,5.0,71515,71515,1399-7-13
672,ضجار7017,اختيارخ وتجارت-1900-1399/07/22,12,549,582150000,1000,1100,1100,100,10.0,1060,60,6.0,1000,1150,1399-7-13
673,لسرما,سرما آفرين‌,12,6159,146584200,25050,23800,23800,-1250,-4.99,25050,0,0.0,23800,23800,1399-7-13
674,وثنو,سرمايه گذاري ساختماني نوين,12,56631,1018904952,18548,17992,17992,-556,-3.0,18519,-29,-0.16,17992,17992,1399-7-13
675,غشصفا,شيرپاستوريزه‌پگاه‌اصفهان‌,12,10776,287934720,28120,26720,26720,-1400,-4.98,28110,-10,-0.04,26720,26720,1399-7-13
676,پاسا,ايران‌ياساتايرورابر,12,13688,320436080,24640,23410,23410,-1230,-4.99,24630,-10,-0.04,23410,23410,1399-7-13
677,چفيبر,فيبر ايران‌,12,12074,128829580,11230,10670,10670,-560,-4.99,11230,0,0.0,10670,10670,1399-7-13
678,اطلس2,صندوق س.توسعه اندوخته آينده-س,12,120000,120000,209223,1,1,-209222,-100.0,1,-209222,-100.0,1,1,1399-7-13
679,ضشنا7053,اختيارخ شپنا-3758-1399/07/28,12,100,1894700000,19000,19000,19400,400,2.11,18947,-53,-0.28,17000,19500,1399-7-13
680,خكمك,كمك‌فنرايندامين‌,12,4369,242173670,58340,55430,55430,-2910,-4.99,58330,-10,-0.02,55430,55430,1399-7-13
681,غالبر,لبنيات‌ كالبر,12,10102,138902500,14470,13750,13750,-720,-4.98,14470,0,0.0,13750,13750,1399-7-13
682,ثنورح,ح . سرمايه گذاري كوه نور,12,50299,284086600,5854,6000,5503,-351,-6.0,5648,-206,-3.52,5503,6000,1399-7-13
683,ضفلا8080,اختيارخ فولاد-11775-1399/08/28,12,58,354240000,7700,6000,6000,-1700,-22.08,6108,-1592,-20.68,6000,6990,1399-7-13
684,زعف9908پ11,زعفران9908نگين سحرخيز(پ),12,13155,1092772695,79114,83069,83069,3955,5.0,83069,3955,5.0,83069,83069,1399-7-13
685,اخزا805,اسنادخزانه-م5بودجه98-000422,12,41762,36668058217,878979,876431,877227,-1752,-0.2,878024,-955,-0.11,876431,878427,1399-7-13
686,ضصاد8008,اختيارخ وبصادر-2000-1399/08/11,11,74,138142000,2091,2001,1810,-281,-13.44,1867,-224,-10.71,1810,2378,1399-7-13
687,كسعدي,كاشي‌ سعدي‌,11,6208,391041920,66300,62990,62990,-3310,-4.99,66270,-30,-0.05,62990,62990,1399-7-13
688,هنفت912,اختيارف ت نفت-15330-99/12/04,11,100000,45100000,1023,451,451,-572,-55.91,451,-572,-55.91,451,451,1399-7-13
689,پست9908-04,پسته فندقي32-30سبزدانه9908,11,465,772062430,1691450,1650000,1610008,-81442,-4.81,1660349,-31101,-1.84,1610007,1763508,1399-7-13
690,سصفها,سيمان‌اصفهان‌,11,2462,262424580,112200,106590,106590,-5610,-5.0,112170,-30,-0.03,106590,106590,1399-7-13
691,زعف9908پ16,زعفران9908نگين بيرجند(پ),11,1998,165971862,79114,83069,83069,3955,5.0,83069,3955,5.0,83069,83069,1399-7-13
692,اخزا704,اسنادخزانه-م4بودجه97-991022,11,2838,2717865310,957101,960000,957630,529,0.06,957669,568,0.06,957630,960000,1399-7-13
693,پست9908-08,پسته فندقي32-30زرينمه ولات9908,11,102,164965284,1655579,1776022,1606878,-48701,-2.94,1617307,-38272,-2.31,1606878,1776022,1399-7-13
694,اوصتا,صندوق انديشه ورزان صباتامين -د,10,58102,977734352,16773,16742,16837,64,0.38,16828,55,0.33,16741,16850,1399-7-13
695,ثاباد,توريستي ورفاهي آبادگران ايران,10,3078,95140980,32530,30910,30910,-1620,-4.98,32530,0,0.0,30910,30910,1399-7-13
696,خموتور,موتورسازان‌تراكتورسازي‌ايران‌,10,29799,393346800,13890,13200,13200,-690,-4.97,13880,-10,-0.07,13200,13200,1399-7-13
697,ضپاس7018,اختيارخ وپارس-4600-1399/07/30,10,101,20620000,209,200,200,-9,-4.31,204,-5,-2.39,200,211,1399-7-13
698,كطبس,ذغال‌سنگ‌ نگين‌ ط‌بس‌,10,2578,129389820,52830,50190,50190,-2640,-5.0,52820,-10,-0.02,50190,50190,1399-7-13
699,وحافظ,بيمه حافظ,10,7709,453628396,60663,58844,58844,-1819,-3.0,60620,-43,-0.07,58844,58844,1399-7-13
700,ختراك,ريخته‌گري‌ تراكتورسازي‌ ايران‌,10,36666,796752180,22870,21730,21730,-1140,-4.98,22850,-20,-0.09,21730,21730,1399-7-13
701,قشهد,شهد,10,15605,480634000,32420,30800,30800,-1620,-5.0,32400,-20,-0.06,30800,30800,1399-7-13
702,سفار,سيمان‌فارس‌,10,1166,118034180,106550,101230,101230,-5320,-4.99,106540,-10,-0.01,101230,101230,1399-7-13
703,ضملي1150,اختيارخ فملي-14196-1399/11/05,9,78,649010000,11327,8000,7000,-4327,-38.2,8321,-3006,-26.54,7000,9000,1399-7-13
704,ولغدر,ليزينگ‌خودروغدير,9,32763,559264410,17960,17070,17070,-890,-4.96,17950,-10,-0.06,17070,17070,1399-7-13
705,وسنا,سرمايه گذاري نيروگاهي ايران,9,26758,544926670,21436,20365,20365,-1071,-5.0,21415,-21,-0.1,20365,20365,1399-7-13
706,كلوند,كاشي‌ الوند,9,3290,84783300,27120,25770,25770,-1350,-4.98,27120,0,0.0,25770,25770,1399-7-13
707,تكنو,تكنوتار,9,15526,227455900,15420,14650,14650,-770,-4.99,15420,0,0.0,14650,14650,1399-7-13
708,تملي710,تسهيلات مسكن ب. ملي-دي97,9,127,66200782,496444,521266,521266,24822,5.0,521266,24822,5.0,521266,521266,1399-7-13
709,زعف9908پ13,زعفران9908پوشالمعمول روستا(پ),9,594,42479910,68110,71515,71515,3405,5.0,71515,3405,5.0,71515,71515,1399-7-13
710,غگلپا,شير پاستوريزه پگاه گلپايگان,9,2977,218276617,77179,73321,73321,-3858,-5.0,77161,-18,-0.02,73321,73321,1399-7-13
711,ولراز,ليزينگ رازي,9,22043,508399752,24277,23064,23064,-1213,-5.0,24245,-32,-0.13,23064,23064,1399-7-13
712,حسير,ريل سير كوثر,9,29409,773986062,27703,26318,26318,-1385,-5.0,27680,-23,-0.08,26318,26318,1399-7-13
713,ضشنا7074,اختيارخ شپنا-17179-1399/07/28,9,106,234553000,2500,2000,2110,-390,-15.6,2213,-287,-11.48,2000,2399,1399-7-13
714,ضملي8067,اختيارخ فملي -14750-1399/08/06,9,77,751688000,16000,4000,14000,-2000,-12.5,9762,-6238,-38.99,4000,14600,1399-7-13
715,پلاست,كارخانجات توليدي پلاستيران,9,2718,114275592,43344,42044,42044,-1300,-3.0,43336,-8,-0.02,42044,42044,1399-7-13
716,لازما,كارخانه هاي صنعتي آزمايش,9,3363,105019764,31865,31228,31228,-637,-2.0,31858,-7,-0.02,31228,31228,1399-7-13
717,هرانف912,اختيارف ت رانفور32120-99/12/03,9,6737,17462304,2946,2592,2592,-354,-12.02,2592,-354,-12.02,2592,2592,1399-7-13
718,ضصاد8015,اختيارخ وبصادر-3400-1399/08/11,9,126,104895000,852,900,812,-40,-4.69,832,-20,-2.35,812,900,1399-7-13
719,فن آوا,گروه فن آوا,9,9500,134567500,14603,14165,14165,-438,-3.0,14600,-3,-0.02,14165,14165,1399-7-13
720,زعف9908پ12,زعفران9908پوشالمعمول سحرخيز(پ),9,641,45841115,63000,71515,71515,8515,13.52,71515,8515,13.52,71515,71515,1399-7-13
721,حبندر,دريايي و کشتيراني خط دريابندر,9,7655,177006565,23838,23123,23123,-715,-3.0,23831,-7,-0.03,23123,23123,1399-7-13
722,اخزا718,اسنادخزانه-م18بودجه97-000525,9,17604,15305391000,868821,868000,868500,-321,-0.04,869427,606,0.07,868000,870000,1399-7-13
723,زنگان,صنعت روي زنگان,8,1156,179442412,163396,155227,155227,-8169,-5.0,163365,-31,-0.02,155227,155227,1399-7-13
724,ثعتما,س. ساختماني اعتماد گستر,8,11369,387489627,35137,34083,34083,-1054,-3.0,35115,-22,-0.06,34083,34083,1399-7-13
725,فنرژي,گسترش صنايع انرژي آذرآب,8,5975,64428425,11003,10783,10783,-220,-2.0,11002,-1,-0.01,10783,10783,1399-7-13
726,قلرست,قند لرستان‌,8,2663,66788040,26390,25080,25080,-1310,-4.96,26390,0,0.0,25080,25080,1399-7-13
727,فبيرا,بسته‌ بندي‌ ايران‌,8,19695,99380970,5202,5046,5046,-156,-3.0,5201,-1,-0.02,5046,5046,1399-7-13
728,ضصاد8013,اختيارخ وبصادر-3000-1399/08/11,8,150,160065000,1208,1100,1050,-158,-13.08,1067,-141,-11.67,1041,1111,1399-7-13
729,سنير,سيمان‌ سفيد ني‌ريز,8,3030,275093700,95560,90790,90790,-4770,-4.99,95530,-30,-0.03,90790,90790,1399-7-13
730,افاد61,منفعت دولت6-ش.خاص140109,8,85000,82098000000,980000,965000,965100,-14900,-1.52,965859,-14141,-1.44,965000,970000,1399-7-13
731,فمراد,آلومراد,8,581,85871800,155570,147800,147800,-7770,-4.99,155560,-10,-0.01,147800,147800,1399-7-13
732,آينده,بازرگاني آينده سازان بهشت پارس,8,11776,264748032,23177,22482,22482,-695,-3.0,23167,-10,-0.04,22482,22482,1399-7-13
733,ضفلا8079,اختيارخ فولاد-10775-1399/08/28,8,20,141400000,8792,7500,6000,-2792,-31.76,7070,-1722,-19.59,6000,7600,1399-7-13
734,ضجار7027,اختيارخ وتجارت-3800-1399/07/22,8,247,4996000,21,60,8,-13,-61.9,20,-1,-4.76,8,60,1399-7-13
735,نيرو,نيرو سرمايه,8,4231,221615549,53998,52379,52379,-1619,-3.0,53979,-19,-0.04,52379,52379,1399-7-13
736,تپمپي,پمپ‌ سازي‌ ايران‌,8,2122,103489940,51330,48770,48770,-2560,-4.99,51320,-10,-0.02,48770,48770,1399-7-13
737,قمرو,قند مرودشت‌,8,2519,89147410,37250,35390,35390,-1860,-4.99,37250,0,0.0,35390,35390,1399-7-13
738,ضصاد8023,اختيارخ وبصادر-5000-1399/08/11,7,226,31210000,120,150,130,10,8.33,138,18,15.0,130,200,1399-7-13
739,زير0003پ01,زيره سبز0003كيميابذر(پ),7,566,277667500,500626,485000,491050,-9576,-1.91,490579,-10047,-2.01,485000,500000,1399-7-13
740,ضبدر8070,اختيارخ شبندر-59580-1399/08/18,7,49,10135000,1052,1000,15,-1037,-98.57,207,-845,-80.32,15,1000,1399-7-13
741,خفولا,خدمات فني فولاد يزد,7,32465,912915800,28989,28120,28120,-869,-3.0,28948,-41,-0.14,28120,28120,1399-7-13
742,لپيام,گسترش صنايع پيام,7,6760,210087280,32039,31078,31078,-961,-3.0,32029,-10,-0.03,31078,31078,1399-7-13
743,خنصير,مهندسي‌نصيرماشين‌,7,2564,125584720,51550,48980,48980,-2570,-4.99,51540,-10,-0.02,48980,48980,1399-7-13
744,زعف9908پ09,زعفران9908نگين نوين(پ),7,2627,218222263,79114,83069,83069,3955,5.0,83069,3955,5.0,83069,83069,1399-7-13
745,حپترو,حمل و نقل پتروشيمي( سهامي عام,7,5338,162115060,31960,30370,30370,-1590,-4.97,31950,-10,-0.03,30370,30370,1399-7-13
746,ضملي8087,اختيارخ فملي-59750-1399/08/06,7,57,2235000,37,40,10,-27,-72.97,39,2,5.41,10,40,1399-7-13
747,لخانه,لوازم‌ خانگي‌ پارس‌,7,7697,439113850,58814,57050,57050,-1764,-3.0,58774,-40,-0.07,57050,57050,1399-7-13
748,دشيري,شيرين دارو,7,1587,302263194,196352,190462,190462,-5890,-3.0,196260,-92,-0.05,190462,190462,1399-7-13
749,سلار,شركت سيمان لارستان,7,7086,201178626,29269,28391,28391,-878,-3.0,29260,-9,-0.03,28391,28391,1399-7-13
750,ثامان,سامان‌ گستراصفهان‌,7,3416,73785600,22730,21600,21600,-1130,-4.97,22730,0,0.0,21600,21600,1399-7-13
751,ضفلا8085,اختيارخ فولاد-16775-1399/08/28,6,15,47090000,3700,2800,3570,-130,-3.51,3139,-561,-15.16,2800,3570,1399-7-13
752,افرا,افرانت,6,5631,367090521,68622,65191,65191,-3431,-5.0,68595,-27,-0.04,65191,65191,1399-7-13
753,سخواف,سيمان مجد خواف,6,18064,291607152,16992,16143,16143,-849,-5.0,16979,-13,-0.08,16143,16143,1399-7-13
754,اخزا713,اسنادخزانه-م13بودجه97-000518,6,5905,5106187268,864513,864527,864756,243,0.03,864723,210,0.02,864527,864756,1399-7-13
755,ضپيك7030,اختيارخ تاپيكو-17370-99/07/20,6,18,71997000,4748,4000,4000,-748,-15.75,4000,-748,-15.75,3999,4000,1399-7-13
756,وسمركز,شركت س استان مركزي,6,341314,501731580,1400,1470,1470,70,5.0,1400,0,0.0,1470,1470,1399-7-13
757,زير0003پ04,زيره سبز0003شركت مينوبذر(پ),6,384,184762243,490318,480000,475659,-14659,-2.99,481152,-9166,-1.87,475659,482009,1399-7-13
758,ضصاد8016,اختيارخ وبصادر-3600-1399/08/11,6,43,30395000,630,533,613,-17,-2.7,707,77,12.22,533,785,1399-7-13
759,ضجار7021,اختيارخ وتجارت-2600-1399/07/22,6,322,133800000,402,400,400,-2,-0.5,416,14,3.48,400,450,1399-7-13
760,زير0003پ02,زيره سبز0003 دانش(پ),6,120,58000890,505673,519990,480009,-25664,-5.08,483341,-22332,-4.42,480009,519990,1399-7-13
761,چافست,افست‌,6,5117,130841690,26910,25570,25570,-1340,-4.98,26910,0,0.0,25570,25570,1399-7-13
762,ضپيك7033,اختيارخ تاپيكو-21370-99/07/20,6,42,44151000,2363,1250,900,-1463,-61.91,1051,-1312,-55.52,900,1250,1399-7-13
763,پدرخش,درخشان‌ تهران‌,6,695,151801900,229910,218420,218420,-11490,-5.0,229870,-40,-0.02,218420,218420,1399-7-13
764,دلقما,دارويي‌ لقمان‌,6,1584,53634240,35640,33860,33860,-1780,-4.99,35640,0,0.0,33860,33860,1399-7-13
765,گكيش,توريستي ورفاهي آبادگران كيش,6,900,63590400,72841,70656,70656,-2185,-3.0,72834,-7,-0.01,70656,70656,1399-7-13
766,شرنگي,شيميايي رنگين,6,629,74615754,122294,118626,118626,-3668,-3.0,122280,-14,-0.01,118626,118626,1399-7-13
767,دروز,داروسازي‌ روزدارو,6,3918,73227420,19670,18690,18690,-980,-4.98,19670,0,0.0,18690,18690,1399-7-13
768,ضجار7016,اختيارخ وتجارت-1800-1399/07/22,6,192,192150000,1228,1100,1000,-228,-18.57,1001,-227,-18.49,1000,1100,1399-7-13
769,صگل411,ص اجاره گل گهر 411- 3 ماهه 17%,6,87,85267170,992675,974520,974520,-18155,-1.83,980082,-12593,-1.27,974520,999990,1399-7-13
770,ثاژن,سخت آژند,6,7513,72154852,9799,9604,9604,-195,-1.99,9798,-1,-0.01,9604,9604,1399-7-13
771,ضغدر8030,اختيارخ وغدير-6510-1399/08/26,6,32,302100000,10000,10000,8500,-1500,-15.0,9441,-559,-5.59,8500,10000,1399-7-13
772,طسان7068,اختيارف پارسان-38000-99/07/15,5,457,6398000000,14000,14000,14000,0,0.0,14000,0,0.0,14000,14000,1399-7-13
773,كچاد2,معدني‌وصنعتي‌چادرملو,5,10694174,229555518320,21520,21520,20680,-840,-3.9,21465,-55,-0.26,20680,21520,1399-7-13
774,اخزا723,اسنادخزانه-م23بودجه97-000824,5,2454,2027395202,828243,825362,826051,-2192,-0.26,826159,-2084,-0.25,825362,827000,1399-7-13
775,ضصاد8021,اختيارخ وبصادر-4600-1399/08/11,5,165,41005000,308,300,201,-107,-34.74,249,-59,-19.16,201,300,1399-7-13
776,ضجار7020,اختيارخ وتجارت-2400-1399/07/22,5,220,131550000,676,700,550,-126,-18.64,598,-78,-11.54,550,700,1399-7-13
777,ضفلا8090,اختيارخ فولاد-23775-1399/08/28,5,28,28299000,1200,1199,900,-300,-25.0,1011,-189,-15.75,900,1200,1399-7-13
778,ضفلا8076,اختيارخ فولاد-8775-1399/08/28,5,19,177002000,10366,9500,9500,-866,-8.35,9316,-1050,-10.13,9000,9500,1399-7-13
779,وسالت,بانك قرض الحسنه رسالت,5,10200,43656000,4156,4280,4280,124,2.98,4156,0,0.0,4280,4280,1399-7-13
780,ضپاس7000,اختيارخ وپارس-1500-1399/07/30,5,183,398799000,2249,2499,2200,-49,-2.18,2179,-70,-3.11,2100,2499,1399-7-13
781,ضفلا8084,اختيارخ فولاد-15775-1399/08/28,5,12,46080000,4492,3700,3720,-772,-17.19,3840,-652,-14.51,3700,4490,1399-7-13
782,زعف9908پ08,زعفران9908نگين روستا(پ),5,1156,96027764,79114,83069,83069,3955,5.0,83069,3955,5.0,83069,83069,1399-7-13
783,آگاس2,صندوق س.هستي بخش آگاه-س,5,700000,700000,78528,1,1,-78527,-100.0,1,-78527,-100.0,1,1,1399-7-13
784,ضسپا8015,اختيارخ خساپا-1900-1399/08/26,5,34,25650000,520,750,760,240,46.15,754,234,45.0,750,760,1399-7-13
785,ضفار1122,اختيارخ فارس-11826-1399/11/07,5,46,506500000,12909,11500,11000,-1909,-14.79,11011,-1898,-14.7,11000,11500,1399-7-13
786,ضملي8085,اختيارخ فملي-51750-1399/08/06,4,15,1160000,580,100,32,-548,-94.48,77,-503,-86.72,32,100,1399-7-13
787,غشوكو,شوكو پارس,4,640,28447360,45823,44449,44449,-1374,-3.0,45821,-2,0.0,44449,44449,1399-7-13
788,فولاد2,فولاد مباركه اصفهان,4,5894810,107344490100,18710,18210,18210,-500,-2.67,18210,-500,-2.67,18210,18210,1399-7-13
789,وسكرشا,س.سهام عدالت استان كرمانشاه,4,78717,107055120,1300,1360,1360,60,4.62,1300,0,0.0,1360,1360,1399-7-13
790,ضجار7031,اختيارخ وتجارت-4600-1399/07/22,4,108,114000,2,1,3,1,50.0,1,-1,-50.0,1,3,1399-7-13
791,تملي612,تسهيلات مسكن بانك ملي-اسفند96,4,22,84086354,3640102,3822107,3822107,182005,5.0,3822107,182005,5.0,3822107,3822107,1399-7-13
792,شرق1400,مشاركت ليزينگ ايران وشرق140010,4,40,40810000,1028837,1020000,1010000,-18837,-1.83,1020250,-8587,-0.83,1010000,1030000,1399-7-13
793,ضسپا8033,اختيارخ خساپا-6000-1399/08/26,4,140,18713000,3,99,320,317,10566.67,134,131,4366.67,99,320,1399-7-13
794,خعمرا,توسعه و عمران شهرستان نائين,4,9184,139587616,14757,15199,15199,442,3.0,14760,3,0.02,15199,15199,1399-7-13
795,ضفلا8068,اختيارخ فولاد-4751-1399/08/28,4,21,422260800,15363,12510,12500,-2863,-18.64,12505,-2858,-18.6,12500,12510,1399-7-13
796,ضصاد8000,اختيارخ وبصادر-1200-1399/08/11,4,14,39898000,2997,2999,2800,-197,-6.57,2850,-147,-4.9,2800,2999,1399-7-13
797,ضغدر8042,اختيارخ وغدير-15000-1399/08/26,4,61,183100000,3700,3100,3000,-700,-18.92,3002,-698,-18.86,3000,3100,1399-7-13
798,ضسپا8018,اختيارخ خساپا-2400-1399/08/26,4,56,26765000,552,793,450,-102,-18.48,478,-74,-13.41,300,793,1399-7-13
799,اخزا720,اسنادخزانه-م20بودجه97-000324,4,4124,3666503230,888763,885958,889500,737,0.08,889065,302,0.03,885958,890000,1399-7-13
800,ضجار7019,اختيارخ وتجارت-2200-1399/07/22,4,180,138540000,798,750,800,2,0.25,770,-28,-3.51,750,800,1399-7-13
801,ضپاس7017,اختيارخ وپارس-4400-1399/07/30,4,22,2431000,241,84,470,229,95.02,110,-131,-54.36,83,470,1399-7-13
802,خچرخش,چرخشگر,4,1880,40062800,22430,21310,21310,-1120,-4.99,22430,0,0.0,21310,21310,1399-7-13
803,ضبدر8062,اختيارخ شبندر-33580-1399/08/18,3,7,61935000,18000,8400,9000,-9000,-50.0,8848,-9152,-50.84,8400,9000,1399-7-13
804,ضپيك7022,اختيارخ تاپيكو-9370-99/07/20,3,17,130893000,13115,7699,7700,-5415,-41.29,7700,-5415,-41.29,7699,7701,1399-7-13
805,شمواد,توليد مواداوليه الياف مصنوعي,3,759,48062916,65282,63324,63324,-1958,-3.0,65277,-5,-0.01,63324,63324,1399-7-13
806,وسپهر2,سرمايه گذاري مالي سپهرصادرات,3,71004077,992352980152,13311,13976,13976,665,5.0,13976,665,5.0,13976,13976,1399-7-13
807,كهرام,توليدي گرانيت بهسرام,3,395,22175695,57877,56141,56141,-1736,-3.0,57875,-2,0.0,56141,56141,1399-7-13
808,ضفار8029,اختيارخ فارس-7326-1399/08/06,3,18,228500000,13800,13000,12000,-1800,-13.04,12694,-1106,-8.01,12000,13000,1399-7-13
809,غمهرا,توليدي‌مهرام‌,3,203,21280490,110340,104830,104830,-5510,-4.99,110340,0,0.0,104830,104830,1399-7-13
810,ضسپا8017,اختيارخ خساپا-2200-1399/08/26,3,3,1500000,500,500,450,-50,-10.0,500,0,0.0,450,550,1399-7-13
811,تملي711,تسهيلات مسكن ب. ملي-بهمن97,3,50,35946000,684686,718920,718920,34234,5.0,718920,34234,5.0,718920,718920,1399-7-13
812,ضجار1011,اختيارخ وتجارت-1800-1399/10/21,3,12,18700000,1,1600,1500,1499,149900.0,1558,1557,155700.0,1500,1600,1399-7-13
813,ثرود,سرمايه‌گذاري مسكن زاينده رود,3,3295,40769035,13024,12373,12373,-651,-5.0,13023,-1,-0.01,12373,12373,1399-7-13
814,فايرا2,آلومينيوم‌ايران‌,3,10159345,181837934450,18020,17900,17810,-210,-1.17,17899,-121,-0.67,17810,17900,1399-7-13
815,ضملت8026,اختيارخ وبملت-3857-1399/08/28,3,70,662560000,3100,2300,2300,-800,-25.81,2286,-814,-26.26,2200,2300,1399-7-13
816,صايپا012,صكوك مرابحه سايپا012-3ماهه 16%,3,24,23596944,998934,979412,987000,-11934,-1.19,983206,-15728,-1.57,979412,987000,1399-7-13
817,هصيكو402,اختيارف ت تاصيكو13500-00/02/20,3,80000,80000,344,1,1,-343,-99.71,1,-343,-99.71,1,1,1399-7-13
818,لخزر,پارس‌ خزر,3,175,36636250,220360,209350,209350,-11010,-5.0,220350,-10,0.0,209350,209350,1399-7-13
819,ضپاس7020,اختيارخ وپارس-5000-1399/07/30,3,19,1394000,79,70,72,-7,-8.86,73,-6,-7.59,70,75,1399-7-13
820,تابا,تابان نيرو سپاهان,3,761,23709716,32795,31156,31156,-1639,-5.0,32793,-2,-0.01,31156,31156,1399-7-13
821,بتك,كارخانجات كابل سازي‌ تك‌,3,913,31296727,33607,34279,34279,672,2.0,33609,2,0.01,34279,34279,1399-7-13
822,ضجار7028,اختيارخ وتجارت-4000-1399/07/22,3,30,1200000,44,40,40,-4,-9.09,40,-4,-9.09,40,40,1399-7-13
823,ضفلا8087,اختيارخ فولاد-18775-1399/08/28,3,111,241050000,2031,2200,2200,169,8.32,2172,141,6.94,1750,2200,1399-7-13
824,كمند2,صندوق س. با درآمد ثابت كمند,3,160000000,160000000,10150,1,1,-10149,-99.99,1,-10149,-99.99,1,1,1399-7-13
825,ضشنا7054,اختيارخ شپنا-4094-1399/07/28,2,2,30500000,15878,15000,15500,-378,-2.38,15250,-628,-3.96,15000,15500,1399-7-13
826,تملي701,تسهيلات مسكن ب. ملي-فروردين97,2,36,29286792,774783,813522,813522,38739,5.0,813522,38739,5.0,813522,813522,1399-7-13
827,ضملت8037,اختيارخ وبملت-8204-1399/08/28,2,2,1490760,200,180,180,-20,-10.0,180,-20,-10.0,180,180,1399-7-13
828,عسناسنگ,سلف كنستانتره سنگ آهن سناباد,2,2,13721040,6759861,6860520,6860520,100659,1.49,6860520,100659,1.49,6860520,6860520,1399-7-13
829,ضپاس7016,اختيارخ وپارس-4200-1399/07/30,2,34,4900000,321,100,150,-171,-53.27,144,-177,-55.14,100,150,1399-7-13
830,ضبدر8071,اختيارخ شبندر-65580-1399/08/18,2,10,10000000,1090,1000,1000,-90,-8.26,1000,-90,-8.26,1000,1000,1399-7-13
831,تملي805,تسهيلات مسكن ب. ملي-مرداد98,2,24,6053448,240217,252227,252227,12010,5.0,252227,12010,5.0,252227,252227,1399-7-13
832,معيار,سرمايه گذاري معيار صنعت پارس,2,1374,40174386,29835,29239,29239,-596,-2.0,29833,-2,-0.01,29239,29239,1399-7-13
833,ضصاد8014,اختيارخ وبصادر-3200-1399/08/11,2,5,4750000,1075,950,950,-125,-11.63,950,-125,-11.63,950,950,1399-7-13
834,ضغدر8041,اختيارخ وغدير-14000-1399/08/26,2,51,104750000,4899,1900,2057,-2842,-58.01,2054,-2845,-58.07,1900,2057,1399-7-13
835,ضسپا8007,اختيارخ خساپا-1100-1399/08/26,2,6,15250000,1765,2750,1500,-265,-15.01,2542,777,44.02,1500,2750,1399-7-13
836,كگل2,معدني و صنعتي گل گهر,2,493672,11280405200,23750,22850,22850,-900,-3.79,22850,-900,-3.79,22850,22850,1399-7-13
837,تملي801,تسهيلات مسكن ب. ملي-فروردين98,2,29,13542362,444741,466978,466978,22237,5.0,466978,22237,5.0,466978,466978,1399-7-13
838,اميد99,مشارکت ليزينگ اميد9907,2,355,355050000,1009225,1000000,1010000,775,0.08,1000141,-9084,-0.9,1000000,1010000,1399-7-13
839,زعف9908پ05,زعفران9908نگين زرين(پ),2,400,33227600,79114,83069,83069,3955,5.0,83069,3955,5.0,83069,83069,1399-7-13
840,ضفار8037,اختيارخ فارس-12826-1399/08/06,2,10,42500000,6143,4600,3900,-2243,-36.51,4250,-1893,-30.82,3900,4600,1399-7-13
841,فسديد,لوله‌وتجهيزات‌ سديد - ورشكسته,2,4202,509891690,122570,121345,121345,-1225,-1.0,122444,-126,-0.1,121345,121345,1399-7-13
842,ضپيك7029,اختيارخ تاپيكو-16370-99/07/20,2,2,11600000,5500,5800,5800,300,5.45,5800,300,5.45,5800,5800,1399-7-13
843,اخزا716,اسنادخزانه-م16بودجه97-000407,2,732,646426272,883702,883096,883096,-606,-0.07,883096,-606,-0.07,883096,883096,1399-7-13
844,فخوز2,فولاد  خوزستان,2,535977,22323442050,43200,41650,41650,-1550,-3.59,41650,-1550,-3.59,41650,41650,1399-7-13
845,جم2,پتروشيمي جم,2,83690,4072355400,50900,48660,48660,-2240,-4.4,48660,-2240,-4.4,48660,48660,1399-7-13
846,كابگن,توليدي و صنعتي آبگينه‌,2,2500,11392500,4512,4557,4557,45,1.0,4512,0,0.0,4557,4557,1399-7-13
847,فملي2,ملي‌ صنايع‌ مس‌ ايران‌,2,2606910,76434601200,30030,29320,29320,-710,-2.36,29320,-710,-2.36,29320,29320,1399-7-13
848,صايپا908,صكوك مرابحه سايپا908-3ماهه 18%,2,68,67999985,992002,999999,1000000,7998,0.81,1000000,7998,0.81,999999,1000000,1399-7-13
849,كشم0001پ01,كشمش سبز0001خليل آباد(پ),2,50,19780150,376765,395603,395603,18838,5.0,395603,18838,5.0,395603,395603,1399-7-13
850,ضفار1120,اختيارخ فارس-8826-1399/11/07,2,10,155000000,17437,15500,15500,-1937,-11.11,15500,-1937,-11.11,15500,15500,1399-7-13
851,ضسپا8019,اختيارخ خساپا-2600-1399/08/26,2,25,11050000,181,450,440,259,143.09,442,261,144.2,440,450,1399-7-13
852,ضغدر8044,اختيارخ وغدير-17000-1399/08/26,2,75,140000000,2614,2000,1800,-814,-31.14,1867,-747,-28.58,1800,2000,1399-7-13
853,وايرا,سرمايه گذاري صنايع ايران,2,1600,14520000,9355,9075,9075,-280,-2.99,9355,0,0.0,9075,9075,1399-7-13
854,ضشنا7072,اختيارخ شپنا-14495-1399/07/28,2,37,154000000,5000,4500,4000,-1000,-20.0,4162,-838,-16.76,4000,4500,1399-7-13
855,ضجار1010,اختيارخ وتجارت-1600-1399/10/21,2,12,20600000,1,1700,1800,1799,179900.0,1717,1716,171600.0,1700,1800,1399-7-13
856,تملي806,تسهيلات مسكن ب. ملي-شهريور98,2,25,5413375,206224,216535,216535,10311,5.0,216535,10311,5.0,216535,216535,1399-7-13
857,ضملي8075,اختيارخ فملي -25750-1399/08/06,2,8,40040000,11000,5005,5005,-5995,-54.5,5005,-5995,-54.5,5005,5005,1399-7-13
858,ضغدر8038,اختيارخ وغدير-11000-1399/08/26,2,10,50000000,7000,5500,4500,-2500,-35.71,5000,-2000,-28.57,4500,5500,1399-7-13
859,اخابر2,مخابرات ايران,2,809381,13306223640,16810,16440,16440,-370,-2.2,16440,-370,-2.2,16440,16440,1399-7-13
860,وسزنجان,شركت س استان زنجان,2,20000,30000000,1430,1500,1500,70,4.9,1430,0,0.0,1500,1500,1399-7-13
861,ضپاس7015,اختيارخ وپارس-4000-1399/07/30,2,6,2095000,399,339,400,1,0.25,349,-50,-12.53,339,400,1399-7-13
862,فارس2,صنايع پتروشيمي خليج فارس,2,6163123,181565603580,30860,29460,29460,-1400,-4.54,29460,-1400,-4.54,29460,29460,1399-7-13
863,تملي802,تسهيلات مسكن ب. ملي-ارديبهشت98,2,23,17859086,739507,776482,776482,36975,5.0,776482,36975,5.0,776482,776482,1399-7-13
864,اوصتا4,صندوق انديشه ورزان صباتامين -د,1,17000000,284750000000,16773,16750,16750,-23,-0.14,16750,-23,-0.14,16750,16750,1399-7-13
865,وگردشح2,ح . بانك گردشگري,1,9000000,118431000000,13565,13159,13159,-406,-2.99,13159,-406,-2.99,13159,13159,1399-7-13
866,پا ر 21,بار پايه روز 21,1,10000,4980000,709,498,498,-211,-29.76,498,-211,-29.76,498,498,1399-7-13
867,ضسپا8038,اختيارخ خساپا-8500-1399/08/26,1,8,2392000,2,299,299,297,14850.0,299,297,14850.0,299,299,1399-7-13
868,ضفار1123,اختيارخ فارس-13826-1399/11/07,1,1,8000000,10000,8000,8000,-2000,-20.0,8000,-2000,-20.0,8000,8000,1399-7-13
869,سخند4,صندوق س.سپهرخبرگان نفت-د,1,30540470,308703070760,10097,10108,10108,11,0.11,10108,11,0.11,10108,10108,1399-7-13
870,ضبدر8054,اختيارخ شبندر-18580-1399/08/18,1,2,40000000,28883,20000,20000,-8883,-30.76,20000,-8883,-30.76,20000,20000,1399-7-13
871,ضپيك7020,اختيارخ تاپيكو-8370-1399/07/20,1,4,39996000,17000,9999,9999,-7001,-41.18,9999,-7001,-41.18,9999,9999,1399-7-13
872,خودرو2,ايران‌ خودرو,1,970,2783900,2740,2870,2870,130,4.74,2870,130,4.74,2870,2870,1399-7-13
873,ضملت8033,اختيارخ وبملت-6272-1399/08/28,1,50,62322050,626,301,301,-325,-51.92,301,-325,-51.92,301,301,1399-7-13
874,اعتماد2,صندوق س.اعتماد آفرين پارسيان-د,1,6000000,6000000,32643,1,1,-32642,-100.0,1,-32642,-100.0,1,1,1399-7-13
875,تملي704,تسهيلات مسكن ب. ملي-تير97,1,5,6085850,1159210,1217170,1217170,57960,5.0,1217170,57960,5.0,1217170,1217170,1399-7-13
876,ضفار8035,اختيارخ فارس-10826-1399/08/06,1,2,16000000,10333,8000,8000,-2333,-22.58,8000,-2333,-22.58,8000,8000,1399-7-13
877,پا ه 4,بار پايه هفته 4,1,10000,4980000,350,498,498,148,42.29,498,148,42.29,498,498,1399-7-13
878,ضفلا8086,اختيارخ فولاد-17775-1399/08/28,1,2,6000000,2999,3000,3000,1,0.03,3000,1,0.03,3000,3000,1399-7-13
879,ضمخا1025,اختيارخ اخابر-16000-1399/10/30,1,1,5000000,4200,5000,5000,800,19.05,5000,800,19.05,5000,5000,1399-7-13
880,ضملت8025,اختيارخ وبملت-3616-1399/08/28,1,1,8282000,7000,2000,2000,-5000,-71.43,2000,-5000,-71.43,2000,2000,1399-7-13
881,ضملي8082,اختيارخ فملي-39750-1399/08/06,1,3,300000,1043,100,100,-943,-90.41,100,-943,-90.41,100,100,1399-7-13
882,تملي804,تسهيلات مسكن ب. ملي-تير98,1,24,7744368,307317,322682,322682,15365,5.0,322682,15365,5.0,322682,322682,1399-7-13
883,ضشنا7056,اختيارخ شپنا-4765-1399/07/28,1,3,42003000,14286,14001,14001,-285,-1.99,14001,-285,-1.99,14001,14001,1399-7-13
884,ضپيك7034,اختيارخ تاپيكو-23370-99/07/20,1,2,1800000,6800,900,900,-5900,-86.76,900,-5900,-86.76,900,900,1399-7-13
885,ضغدر8039,اختيارخ وغدير-12000-1399/08/26,1,6,30000000,5348,5000,5000,-348,-6.51,5000,-348,-6.51,5000,5000,1399-7-13
886,پا ر 20,بار پايه روز 20,1,10000,4980000,709,498,498,-211,-29.76,498,-211,-29.76,498,498,1399-7-13
887,ضملي1152,اختيارخ فملي-18252-1399/11/05,1,1,5000000,6500,5000,5000,-1500,-23.08,5000,-1500,-23.08,5000,5000,1399-7-13
888,ضشنا7082,اختيارخ شپنا-29258-1399/07/28,1,5,190000,500,38,38,-462,-92.4,38,-462,-92.4,38,38,1399-7-13
889,تملي706,تسهيلات مسكن ب. ملي-شهريور97,1,2,659896,314237,329948,329948,15711,5.0,329948,15711,5.0,329948,329948,1399-7-13
890,تملي803,تسهيلات مسكن ب. ملي-خرداد98,1,23,5897062,244185,256394,256394,12209,5.0,256394,12209,5.0,256394,256394,1399-7-13
891,ضبدر8064,اختيارخ شبندر-37580-1399/08/18,1,1,8012000,13037,8012,8012,-5025,-38.54,8012,-5025,-38.54,8012,8012,1399-7-13
892,ضجار7010,اختيارخ وتجارت-1200-1399/07/22,1,6,10800000,1769,1800,1800,31,1.75,1800,31,1.75,1800,1800,1399-7-13
893,تملي712,تسهيلات مسكن ب. ملي-اسفند97,1,7,5158671,701860,736953,736953,35093,5.0,736953,35093,5.0,736953,736953,1399-7-13
894,ضپاس7021,اختيارخ وپارس-5500-1399/07/30,1,30,3000000,271,100,100,-171,-63.1,100,-171,-63.1,100,100,1399-7-13
895,ضچاد1016,اختيارخ كچاد-18000-1399/10/02,1,10,62000000,6449,6200,6200,-249,-3.86,6200,-249,-3.86,6200,6200,1399-7-13
896,ضغدر8046,اختيارخ وغدير-19000-1399/08/26,1,3,5400000,1322,1800,1800,478,36.16,1800,478,36.16,1800,1800,1399-7-13
897,ضغدر8045,اختيارخ وغدير-18000-1399/08/26,1,1,2890000,1493,2890,2890,1397,93.57,2890,1397,93.57,2890,2890,1399-7-13
898,ضسپا8020,اختيارخ خساپا-2800-1399/08/26,1,8,4056000,100,507,507,407,407.0,507,407,407.0,507,507,1399-7-13
899,پارس4,پتروشيمي پارس,1,152508770,20000000097800,173320,131140,131140,-42180,-24.34,131140,-42180,-24.34,131140,131140,1399-7-13
900,ضمخا7052,اختيارخ اخابر-16750-1399/07/30,1,1,3400000,3400,3400,3400,0,0.0,3400,0,0.0,3400,3400,1399-7-13
901,ضفلا8060,اختيارخ فولاد-3507-1399/08/28,1,3,67536000,15071,14000,14000,-1071,-7.11,14000,-1071,-7.11,14000,14000,1399-7-13
902,تهران012,مشاركت ش تهران012-3ماهه18%,1,1850,1794500000,1000000,970000,970000,-30000,-3.0,970000,-30000,-3.0,970000,970000,1399-7-13
903,سجام2,مجتمع سيمان غرب آسيا,1,2738000,33945724000,12781,12398,12398,-383,-3.0,12398,-383,-3.0,12398,12398,1399-7-13
904,وثوق4,سرمايه گذاري وثوق امين,1,10266000,165282600000,16070,16100,16100,30,0.19,16100,30,0.19,16100,16100,1399-7-13
905,فالوم,آلومتك‌,1,322,10930290,34994,33945,33945,-1049,-3.0,34993,-1,0.0,33945,33945,1399-7-13
906,تملي708,تسهيلات مسكن ب. ملي-آبان97,1,1,245127,233455,245127,245127,11672,5.0,245127,11672,5.0,245127,245127,1399-7-13
907,تملي703,تسهيلات مسكن ب. ملي-خرداد97,1,14,5374054,365582,383861,383861,18279,5.0,383861,18279,5.0,383861,383861,1399-7-13
908,تملي705,تسهيلات مسكن ب. ملي-مرداد97,1,5,2304415,438937,460883,460883,21946,5.0,460883,21946,5.0,460883,460883,1399-7-13
909,ضغدر8040,اختيارخ وغدير-13000-1399/08/26,1,90,270000000,5500,3000,3000,-2500,-45.45,3000,-2500,-45.45,3000,3000,1399-7-13
910,ضجار7015,اختيارخ وتجارت-1700-1399/07/22,1,4,4888000,1399,1222,1222,-177,-12.65,1222,-177,-12.65,1222,1222,1399-7-13
911,ضبدر1149,اختيارخ شبندر-28000-1399/11/19,1,5,84000000,18000,16800,16800,-1200,-6.67,16800,-1200,-6.67,16800,16800,1399-7-13
912,تملي707,تسهيلات مسكن ب. ملي-مهر97,1,9,5455368,577288,606152,606152,28864,5.0,606152,28864,5.0,606152,606152,1399-7-13
913,اخزا8122,اسنادخزانه-م12بودجه98-001111,1,300000,242400000000,798831,808000,808000,9169,1.15,808000,9169,1.15,808000,808000,1399-7-13
914,ضشنا7058,اختيارخ شپنا-5436-1399/07/28,1,1,16999000,25000,16999,16999,-8001,-32.0,16999,-8001,-32.0,16999,16999,1399-7-13
915,اخزا8142,اسنادخزانه-م14بودجه98-010318,1,100000,75050000000,745515,750500,750500,4985,0.67,750500,4985,0.67,750500,750500,1399-7-13
916,ضملي1151,اختيارخ فملي-16224-1399/11/05,1,1,6500000,5092,6500,6500,1408,27.65,6500,1408,27.65,6500,6500,1399-7-13
917,تملي807,تسهيلات مسكن ب. ملي-مهر98,1,14,5276474,358944,376891,376891,17947,5.0,376891,17947,5.0,376891,376891,1399-7-13
918,تملي702,تسهيلات مسكن ب. ملي-ارديبهشت97,1,8,5606544,667446,700818,700818,33372,5.0,700818,33372,5.0,700818,700818,1399-7-13
919,ضگل8066,اختيارخ كگل-25100-1399/08/21,1,2,4000000,2300,2000,2000,-300,-13.04,2000,-300,-13.04,2000,2000,1399-7-13
920,اخزا8132,اسنادخزانه-م13بودجه98-010219,1,381452,287979476112,754956,754956,754956,0,0.0,754956,0,0.0,754956,754956,1399-7-13
921,ضفلا8081,اختيارخ فولاد-12775-1399/08/28,1,1,2010000,7398,2010,2010,-5388,-72.83,2010,-5388,-72.83,2010,2010,1399-7-13
922,ضپار8019,اختيارخ خپارس-3800-1399/08/18,1,5,27500000,6250,5500,5500,-750,-12.0,5500,-750,-12.0,5500,5500,1399-7-13
923,دومينو4,اجاره دومينو14040208,1,1500,1470000000,1010000,980000,980000,-30000,-2.97,980000,-30000,-2.97,980000,980000,1399-7-13
924,ضپيك1024,اختيارخ تاپيكو-24000-99/10/16,1,1,5000000,5000,5000,5000,0,0.0,5000,0,0.0,5000,5000,1399-7-13
925,ضسپا8016,اختيارخ خساپا-2000-1399/08/26,1,5,2300000,732,460,460,-272,-37.16,460,-272,-37.16,460,460,1399-7-13
926,ضفار1121,اختيارخ فارس-9826-1399/11/07,1,10,140000000,16350,14000,14000,-2350,-14.37,14000,-2350,-14.37,14000,14000,1399-7-13
927,صيدك1404,صكوك اجاره سايپا يدك-3ماهه18%,1,1000,965000000,928000,965000,965000,37000,3.99,965000,37000,3.99,965000,965000,1399-7-13
928,ضصاد8002,اختيارخ وبصادر-1400-1399/08/11,1,17,43350000,2750,2550,2550,-200,-7.27,2550,-200,-7.27,2550,2550,1399-7-13
