,نماد,نام,تعداد,حجم,ارزش,دیروز,اولین,آخرین معامله - مقدار,آخرین معامله - تغییر,آخرین معامله - درصد,قیمت پایانی - مقدار,قیمت پایانی - تغییر,قیمت پایانی - درصد,کمترین,بیشترین,تاریخ
0,شستا,سرمايه گذاري تامين اجتماعي,130606,320673802,9734740615870,29480,30700,30020,540,1.83,30360,880,2.99,29550,30950,1399-9-10
1,دارا يكم,صندوق واسطه گري مالي يكم-سهام,111335,57409663,11796756522550,194890,199990,208300,13410,6.88,205480,10590,5.43,199000,213000,1399-9-10
2,خودرو,ايران‌ خودرو,99843,2399161743,9968056990300,4000,4110,4110,110,2.75,4150,150,3.75,4060,4200,1399-9-10
3,شپنا,پالايش نفت اصفهان,91204,422673734,7855908189830,18560,18790,18310,-250,-1.35,18590,30,0.16,18140,18990,1399-9-10
4,فولاد,فولاد مباركه اصفهان,69404,465357397,6629114882960,13740,13880,14280,540,3.93,14250,510,3.71,13750,14420,1399-9-10
5,بپيوند,برق و انرژي پيوندگستر پارس,67297,89164609,2525671886879,27636,28800,27030,-606,-2.19,28326,690,2.5,27000,29890,1399-9-10
6,وتجارت,بانك تجارت,62834,2224157918,8886231037700,3810,3970,4000,190,4.99,4000,190,4.99,3860,4000,1399-9-10
7,وسپهر,سرمايه گذاري مالي سپهرصادرات,51670,137842364,1665159614645,11776,12346,11940,164,1.39,12080,304,2.58,11850,12346,1399-9-10
8,گدنا,تهيه توزيع غذاي دنا آفرين فدك,46988,13557075,344988888694,24291,25505,25505,1214,5.0,25447,1156,4.76,24374,25505,1399-9-10
9,ثاميد,توسعه و عمران اميد,44702,359162580,861685877840,2410,2440,2350,-60,-2.49,2400,-10,-0.41,2340,2490,1399-9-10
10,بركت,گروه دارويي بركت,42973,139137545,2517988217900,18450,18700,17720,-730,-3.96,18100,-350,-1.9,17530,18800,1399-9-10
11,سيتا,سرمايه گذاري سيمان تامين,40246,66786965,1212141560770,18060,18490,17830,-230,-1.27,18150,90,0.5,17800,18740,1399-9-10
12,زملارد,كشاورزي و دامپروري ملارد شير,38900,3972356,172424747857,42817,43000,42825,8,0.02,43406,589,1.38,42817,44299,1399-9-10
13,وبصادر,بانك صادرات ايران,37226,902303794,3399883130980,3630,3740,3770,140,3.86,3770,140,3.86,3650,3810,1399-9-10
14,شاروم,پتروشيمي اروميه,33723,10391235,213956914090,19629,20610,20610,981,5.0,20590,961,4.9,20022,20610,1399-9-10
15,حكشتي,كشتيراني جمهوري اسلامي ايران,33287,94816847,2933837104080,30090,31590,29940,-150,-0.5,30940,850,2.82,29520,31590,1399-9-10
16,ثبهساز,بهساز كاشانه تهران,31660,191825184,559797522160,2910,2960,2880,-30,-1.03,2920,10,0.34,2860,2990,1399-9-10
17,بگيلان,توسعه مسير برق گيلان,30912,12413348,335350942435,26935,27350,26666,-269,-1.0,27015,80,0.3,26450,27740,1399-9-10
18,غزر,صنعتي زر ماكارون,29531,6221188,349781062340,54740,56900,54920,180,0.33,56220,1480,2.7,54810,57470,1399-9-10
19,پيزد,مجتمع صنايع لاستيك يزد,29316,2457051,220788741478,88148,92000,88148,0,0.0,89859,1711,1.94,88148,92000,1399-9-10
20,خساپا,سايپا,28802,1539168783,4723152972680,2930,3070,3070,140,4.78,3070,140,4.78,3010,3070,1399-9-10
21,وپويا,سرمايه گذاري پويا,26950,48881372,460928468181,9074,9350,9400,326,3.59,9430,356,3.92,9110,9527,1399-9-10
22,خكمك,كمك‌فنرايندامين‌,25679,38923809,1918121053350,50160,50160,48380,-1780,-3.55,49280,-880,-1.75,47660,51700,1399-9-10
23,شبندر,پالايش نفت بندرعباس,25645,118368977,3522723940850,28400,29500,29640,1240,4.37,29760,1360,4.79,29000,29820,1399-9-10
24,آريا,پليمر آريا ساسول,25644,5681776,1032023810511,179817,186000,181550,1733,0.96,181638,1821,1.01,176500,186000,1399-9-10
25,وبملت,بانك ملت,25177,415146406,2412083948510,5610,5760,5750,140,2.5,5810,200,3.57,5650,5890,1399-9-10
26,امين,تامين سرمايه امين,22851,41116539,523892401730,12730,12900,12520,-210,-1.65,12740,10,0.08,12350,13100,1399-9-10
27,لكما,كارخانجات‌مخابراتي‌ايران‌,22502,211463430,2004294435378,9747,9455,9455,-292,-3.0,9478,-269,-2.76,9455,9723,1399-9-10
28,وملي,گروه‌ صنعتي‌ ملي‌ (هلدينگ‌,21876,12031036,4075893576060,324550,340770,340770,16220,5.0,338780,14230,4.38,324550,340770,1399-9-10
29,ولپارس,ليزينگ پارسيان,21063,2901901,17962767190,5900,6190,6190,290,4.92,6000,100,1.69,6190,6190,1399-9-10
30,رافزا,رايان هم افزا,20855,122077,4468384431,34860,36603,36603,1743,5.0,35007,147,0.42,36603,36603,1399-9-10
31,ثغرب,شركت سرمايه گذاري مسكن شمالغرب,20253,169929542,1983687645689,11785,11196,11970,185,1.57,11674,-111,-0.94,11196,12290,1399-9-10
32,پترول,گروه پتروشيمي س. ايرانيان,18092,133021054,1861892961690,13370,13920,14030,660,4.94,14000,630,4.71,13500,14030,1399-9-10
33,اخابر,مخابرات ايران,17903,91733521,1423843608730,14870,15610,15250,380,2.56,15520,650,4.37,15110,15610,1399-9-10
34,زدشت,كشت و صنعت دشت خرم دره,17009,31228724,1538241073372,49728,49740,47900,-1828,-3.68,49257,-471,-0.95,46000,53900,1399-9-10
35,كفپارس,فرآورده‌هاي‌ نسوز پارس‌,16992,123548674,1135113496430,8940,9380,8990,50,0.56,9190,250,2.8,8600,9380,1399-9-10
36,سبزوا,سيمان لار سبزوار,16825,146579375,909617343711,6098,6100,6402,304,4.99,6206,108,1.77,5820,6402,1399-9-10
37,فارس,صنايع پتروشيمي خليج فارس,16448,109595161,1508204906840,13140,13790,13790,650,4.95,13760,620,4.72,13500,13790,1399-9-10
38,چكاپا,گروه صنايع كاغذ پارس,16391,120154025,873099906460,7220,7400,7010,-210,-2.91,7270,50,0.69,6920,7570,1399-9-10
39,پتاير,ايران‌ تاير,15603,7326465,1240367873740,172110,176000,163990,-8120,-4.72,169300,-2810,-1.63,162400,180000,1399-9-10
40,غگل,گلوكوزان‌,15156,163960865,851668021240,5010,5260,5110,100,2.0,5190,180,3.59,5010,5260,1399-9-10
41,وغدير,سرمايه‌گذاري‌غدير(هلدينگ‌,14758,120584840,1723207385550,13650,14280,14320,670,4.91,14290,640,4.69,13950,14330,1399-9-10
42,آبادا,توليد نيروي برق آبادان,14402,3616903,65176592060,17170,18020,18020,850,4.95,18020,850,4.95,18020,18020,1399-9-10
43,ثشاهد,سرمايه‌ گذاري‌ شاهد,14080,45529326,1233923507210,25950,26940,26300,350,1.35,27100,1150,4.43,26090,27240,1399-9-10
44,وآيند,بانك  آينده,13901,68854707,1662505220718,23875,24300,23398,-477,-2.0,24145,270,1.13,23398,24352,1399-9-10
45,ذوب,سهامي ذوب آهن  اصفهان,13834,274374365,1417257778945,4930,5100,5176,246,4.99,5165,235,4.77,5020,5176,1399-9-10
46,تبرك,گروه كارخانجات صنعتي تبرك,13134,39008125,987469276728,24900,26145,24150,-750,-3.01,25314,414,1.66,24010,26145,1399-9-10
47,ثقزوي,شركت عمران و سازندگي قزوين,13071,53727439,1322753858459,25306,24041,24370,-936,-3.7,24620,-686,-2.71,24041,25949,1399-9-10
48,گكوثر,هتل پارسيان كوثر اصفهان,12548,6252863,1126122407373,179916,182500,170990,-8926,-4.96,180097,181,0.1,170000,197000,1399-9-10
49,خپارس,پارس‌ خودرو,12288,107495312,865622930630,7820,8090,7920,100,1.28,8050,230,2.94,7910,8200,1399-9-10
50,كرمان,س. توسعه و عمران استان كرمان,12045,16714437,1365692429152,80993,82000,79800,-1193,-1.47,81707,714,0.88,78000,84450,1399-9-10
51,ولساپا,ليزينگ رايان‌ سايپا,12035,167212076,747869902380,4440,4520,4340,-100,-2.25,4470,30,0.68,4310,4620,1399-9-10
52,هاي وب,داده گسترعصرنوين-هاي وب,11927,46549358,1266922885230,27470,28380,27730,260,0.95,27220,-250,-0.91,26210,28380,1399-9-10
53,وساپا,سرمايه‌گذاري‌ سايپا,11828,115619806,1153504841070,9610,10000,9900,290,3.02,9980,370,3.85,9700,10090,1399-9-10
54,وپست,پست بانك ايران,11425,80435601,1310951159150,16960,17000,16120,-840,-4.95,16300,-660,-3.89,16120,17400,1399-9-10
55,شمواد,توليد مواداوليه الياف مصنوعي,11111,15025134,913377300557,62291,59177,60800,-1491,-2.39,60790,-1501,-2.41,59177,63800,1399-9-10
56,كسعدي,كاشي‌ سعدي‌,11021,22101591,848290804130,38730,39800,36900,-1830,-4.73,38380,-350,-0.9,36800,39800,1399-9-10
57,وتوصا,گروه س توسعه صنعتي ايران,10638,96317433,1310129412210,13510,14180,13300,-210,-1.55,13600,90,0.67,12840,14180,1399-9-10
58,بزاگرس,نيروگاه زاگرس كوثر,10447,67037322,953716528230,14834,15550,14093,-741,-5.0,14227,-607,-4.09,14093,15550,1399-9-10
59,قصفها,قنداصفهان‌,9946,3589605,822765346740,240430,230000,220000,-20430,-8.5,229210,-11220,-4.67,217000,251000,1399-9-10
60,ثاباد,توريستي ورفاهي آبادگران ايران,9547,29132325,879269122970,31300,29740,29740,-1560,-4.98,30180,-1120,-3.58,29740,31000,1399-9-10
61,فرابورس,فرابورس ايران,9299,14313661,781654066531,54147,55760,53380,-767,-1.42,54609,462,0.85,53046,56800,1399-9-10
62,فخوز,فولاد  خوزستان,9120,25893851,996191770050,37400,38300,38810,1410,3.77,38470,1070,2.86,37590,39180,1399-9-10
63,زكوثر,سرمايه گذاري كشاورزي كوثر,8946,37305275,860547357050,22270,23380,23040,770,3.46,23070,800,3.59,22000,23380,1399-9-10
64,فولاي,صنايع فولاد آلياژي يزد,8888,16650333,620618571605,36959,38806,36000,-959,-2.59,37274,315,0.85,35150,38806,1399-9-10
65,دماوند,توليد نيروي برق دماوند,8749,11648839,929081584840,76052,79854,79854,3802,5.0,79757,3705,4.87,77573,79854,1399-9-10
66,صبا,سرمايه گذاري صبا تامين,8432,37282154,340040497417,8715,9150,9150,435,4.99,9121,406,4.66,8994,9150,1399-9-10
67,غگيلا,شيرپاستوريزه پگاه گيلان,8284,122835,2186463000,16953,17800,17800,847,5.0,16988,35,0.21,17800,17800,1399-9-10
68,تملت,تامين سرمايه بانك ملت,8179,53232354,477663094550,8720,8770,9150,430,4.93,8970,250,2.87,8600,9150,1399-9-10
69,كگل,معدني و صنعتي گل گهر,8166,42363243,853595898560,19370,19820,20330,960,4.96,20150,780,4.03,19300,20330,1399-9-10
70,ونيرو,سرمايه‌گذاري‌نيرو,8158,119661783,532247736930,4420,4550,4330,-90,-2.04,4450,30,0.68,4290,4620,1399-9-10
71,غنوش,نوش‌ مازندران‌,8066,10912412,744395020790,69970,69600,67500,-2470,-3.53,68220,-1750,-2.5,66950,71570,1399-9-10
72,حفاري,حفاري شمال,7874,38995500,539113346540,13890,14140,13530,-360,-2.59,13830,-60,-0.43,13500,14290,1399-9-10
73,صباح,ح . سرمايه گذاري صبا تامين,7837,47507648,299444098181,6005,6298,6305,300,5.0,6303,298,4.96,6111,6305,1399-9-10
74,كگاز,شيشه‌ و گاز,7581,21789842,532246584780,25490,24750,24220,-1270,-4.98,24430,-1060,-4.16,24220,25500,1399-9-10
75,كحافظ,كاشي‌ وسراميك‌ حافظ‌,7155,21881415,440478955290,20330,20990,19680,-650,-3.2,20130,-200,-0.98,19570,21000,1399-9-10
76,ثاخت,بين‌المللي‌توسعه‌ساختمان,7115,87182111,364165970060,4160,4330,4080,-80,-1.92,4180,20,0.48,4050,4330,1399-9-10
77,غسالم,سالمين‌,6913,58198298,292447015390,4910,5150,5020,110,2.24,5030,120,2.44,4920,5150,1399-9-10
78,ومعادن,توسعه‌معادن‌وفلزات‌,6809,61321365,898890300970,14020,14500,14720,700,4.99,14660,640,4.56,14200,14720,1399-9-10
79,فروي,ذوب روي اصفهان,6556,8637187,557145717839,62368,65486,62901,533,0.85,64505,2137,3.43,62510,65486,1399-9-10
80,كاوه,فولاد كاوه جنوب كيش,6515,34288225,697926154940,20100,20260,20210,110,0.55,20350,250,1.24,19600,21000,1399-9-10
81,وساخت,سرمايه‌ گذاري‌ ساختمان‌ايران‌,6507,6946639,493462556180,72390,71390,68790,-3600,-4.97,71040,-1350,-1.86,68790,72970,1399-9-10
82,سنير,سيمان‌ سفيد ني‌ريز,6485,3774211,383120947910,104030,109200,98830,-5200,-5.0,101510,-2520,-2.42,98830,109200,1399-9-10
83,تنوينح,ح . تامين سرمايه نوين,6470,29346476,154487274458,4877,5089,5360,483,9.9,5264,387,7.94,4940,5360,1399-9-10
84,تابا,تابان نيرو سپاهان,6439,16106881,500436806249,32485,30861,30861,-1624,-5.0,31070,-1415,-4.36,30861,32300,1399-9-10
85,ومعلم,بيمه معلم,6417,54739175,413448136813,7547,7560,7700,153,2.03,7553,6,0.08,7210,7862,1399-9-10
86,كچاد,معدني‌وصنعتي‌چادرملو,6285,44745849,927440654750,19800,20100,20790,990,5.0,20730,930,4.7,20000,20790,1399-9-10
87,ماديرا,صنايع ماشين هاي اداري ايران,6196,13570065,422441702293,31216,31900,30500,-716,-2.29,31130,-86,-0.28,30010,32200,1399-9-10
88,وسديد,گروه ‌صنعتي‌سديد,6190,25441224,532418702237,20394,21005,21005,611,3.0,20927,533,2.61,20400,21005,1399-9-10
89,شبريز,پالايش نفت تبريز,5944,22899522,703281230980,29300,30700,30760,1460,4.98,30710,1410,4.81,30180,30760,1399-9-10
90,لپارس,پارس‌ الكتريك‌,5737,3601827,583240020670,154280,161990,161990,7710,5.0,161930,7650,4.96,158000,161990,1399-9-10
91,فنورد,نوردوقطعات‌ فولادي‌,5691,3221013,605767314090,184660,193890,176500,-8160,-4.42,188070,3410,1.85,175430,193890,1399-9-10
92,قرن,پديده شيمي قرن,5616,14659798,886492980890,57810,60700,60700,2890,5.0,60470,2660,4.6,58970,60700,1399-9-10
93,دزهراوي,داروسازي‌زهراوي‌,5610,23798241,306767778780,12550,13170,12500,-50,-0.4,12890,340,2.71,12410,13170,1399-9-10
94,ختور,رادياتور ايران‌,5602,9686932,381714184360,39930,40900,38640,-1290,-3.23,39410,-520,-1.3,38000,40980,1399-9-10
95,خاذين,سايپاآذين‌,5586,52217117,315962521640,6010,6240,5920,-90,-1.5,6050,40,0.67,5850,6260,1399-9-10
96,غبهار,كشت وصنعت بهاران گلبهار خراسان,5483,14388616,517584900547,35465,35320,36528,1063,3.0,35972,507,1.43,34407,36528,1399-9-10
97,تپمپي,پمپ‌ سازي‌ ايران‌,5336,12905074,466573095750,34530,36090,36250,1720,4.98,36150,1620,4.69,35010,36250,1399-9-10
98,آگاس,صندوق س.هستي بخش آگاه-س,5306,9020088,680310608917,72660,74999,76170,3510,4.83,75422,2762,3.8,74190,76190,1399-9-10
99,غشهداب,كشت و صنعت شهداب ناب خراسان,5168,46233639,216026888003,4530,4756,4590,60,1.32,4673,143,3.16,4540,4756,1399-9-10
100,پاكشو,گروه صنعتي پاكشو,5051,4267476,422331098410,96470,101290,97410,940,0.97,98970,2500,2.59,96470,101290,1399-9-10
101,غمارگ,مارگارين‌,4980,16025050,563977151510,34300,36010,33710,-590,-1.72,35190,890,2.59,33000,36010,1399-9-10
102,پلاسك,پلاسكوكار,4969,35974766,302322487770,8630,9040,8290,-340,-3.94,8400,-230,-2.67,8200,9040,1399-9-10
103,غپينو,پارس‌ مينو,4949,37341928,265264709920,7140,7250,7160,20,0.28,7100,-40,-0.56,6810,7300,1399-9-10
104,مرقام,ايران‌ارقام‌,4926,14463601,365283984340,22490,25900,25140,2650,11.78,25260,2770,12.32,24610,25970,1399-9-10
105,كمند,صندوق س. با درآمد ثابت كمند,4901,222885951,2260060631724,10133,10137,10141,8,0.08,10140,7,0.07,10137,10144,1399-9-10
106,ساربيل,سيمان آرتا اردبيل,4898,4973624,280933873720,58710,58710,55800,-2910,-4.96,56480,-2230,-3.8,55780,59870,1399-9-10
107,شيران,س. صنايع‌شيميايي‌ايران,4870,15142526,529757705950,33770,34000,34780,1010,2.99,34980,1210,3.58,34000,35450,1399-9-10
108,زمگسا,كشاورزي‌ ودامپروي‌ مگسال‌,4866,8822158,380470506160,43170,43000,41380,-1790,-4.15,43130,-40,-0.09,41000,46310,1399-9-10
109,چدن,توليدي چدن سازان,4848,18773683,645355076360,33130,34780,33540,410,1.24,34380,1250,3.77,33150,34780,1399-9-10
110,قنيشا,قند  نيشابور,4766,5081084,364618396210,74800,74000,71060,-3740,-5.0,71760,-3040,-4.06,71060,74770,1399-9-10
111,نطرين,عطرين نخ قم,4747,22978341,363598873023,15369,15369,16137,768,5.0,15824,455,2.96,15000,16137,1399-9-10
112,ورنا,سرمايه‌گذاري‌ رنا(هلدينگ‌,4735,47234614,463072188920,9400,9800,9870,470,5.0,9800,400,4.26,9430,9870,1399-9-10
113,رانفور,خدمات‌انفورماتيك‌,4731,8136977,297667681200,37400,38000,36220,-1180,-3.16,36580,-820,-2.19,35600,38170,1399-9-10
114,خريخت,صنايع‌ريخته‌گري‌ايران‌,4726,59530845,259214069190,4200,4410,4300,100,2.38,4350,150,3.57,4230,4410,1399-9-10
115,فنوال,نورد آلومينيوم‌,4700,12141624,415262173670,32900,34540,33550,650,1.98,34200,1300,3.95,33050,34540,1399-9-10
116,ثرود,سرمايه‌گذاري مسكن زاينده رود,4675,32515358,364599809448,11655,11650,11073,-582,-4.99,11213,-442,-3.79,11073,11982,1399-9-10
117,بجهرم,توسعه مولد نيروگاهي جهرم,4650,67471555,289107836439,4087,4291,4291,204,4.99,4285,198,4.84,4180,4291,1399-9-10
118,فاذر,صنايع‌ آذرآب‌,4611,13353416,429010259370,31020,31600,32570,1550,5.0,32130,1110,3.58,31090,32570,1399-9-10
119,زاگرس,پتروشيمي زاگرس,4581,2539083,477938040491,188424,193764,186150,-2274,-1.21,188233,-191,-0.1,185101,193764,1399-9-10
120,خچرخش,چرخشگر,4561,14761090,276970116880,19400,19400,18430,-970,-5.0,18760,-640,-3.3,18430,19740,1399-9-10
121,رنيك,جنرال مكانيك,4386,21560594,588508303474,26316,27631,27631,1315,5.0,27296,980,3.72,25001,27631,1399-9-10
122,قاسم,قاسم ايران,4377,25270672,321815884214,12219,12829,12600,381,3.12,12735,516,4.22,12219,12829,1399-9-10
123,حفارس,حمل و نقل بين المللي خليج فارس,4377,49740385,221011783840,4480,4560,4350,-130,-2.9,4440,-40,-0.89,4280,4630,1399-9-10
124,وپاسار,بانك  پاسارگاد,4373,40931794,476195741810,11340,11500,11650,310,2.73,11630,290,2.56,11450,11780,1399-9-10
125,غشان,شيرپاستوريزه‌پگاه‌خراسان‌,4327,22708405,192935125010,8770,8950,8340,-430,-4.9,8500,-270,-3.08,8340,8970,1399-9-10
126,وهور,مديريت انرژي اميد  تابان هور,4297,10183773,441880033576,42269,44200,43200,931,2.2,43391,1122,2.65,42500,44200,1399-9-10
127,كپارس,كاشي‌ پارس‌,4280,2101850,327701440620,157280,165140,151210,-6070,-3.86,155910,-1370,-0.87,150330,165140,1399-9-10
128,فسرب,ملي‌ سرب‌وروي‌ ايران‌,4181,2095234,290801829760,139290,144370,134850,-4440,-3.19,138790,-500,-0.36,132330,144400,1399-9-10
129,تاپكيش,تجارت الكترونيك پارسيان كيش,4054,14427808,315469681544,21278,22330,22341,1063,5.0,21865,587,2.76,20351,22341,1399-9-10
130,وايرا,سرمايه گذاري صنايع ايران,4046,37213106,294279347217,8108,7865,7865,-243,-3.0,7908,-200,-2.47,7865,8088,1399-9-10
131,مدير,ص.س.مديريت ثروت ص.بازنشستگي-س,4031,27565154,299345650169,10459,10800,10830,371,3.55,10860,401,3.83,10651,10999,1399-9-10
132,ارفع,شركت آهن و فولاد ارفع,3903,21041326,303687059067,13945,14300,14640,695,4.98,14433,488,3.5,14019,14642,1399-9-10
133,خكاوه,سايپا ديزل,3830,43661587,203439415506,4559,4690,4630,71,1.56,4659,100,2.19,4571,4695,1399-9-10
134,ومهان,گروه توسعه مالي مهر آيندگان,3808,17136955,295051621431,16872,17190,17065,193,1.14,17217,345,2.04,16700,17640,1399-9-10
135,ثباغ,شهر سازي و خانه سازي باغميشه,3804,10896914,264513048398,24667,25200,24000,-667,-2.7,24274,-393,-1.59,23434,25200,1399-9-10
136,پارسان,گسترش نفت و گاز پارسيان,3801,33636035,788503961450,22340,23450,23450,1110,4.97,23440,1100,4.92,23090,23450,1399-9-10
137,رمپنا,گروه مپنا (سهامي عام),3687,17704499,358055506130,19800,20640,20000,200,1.01,20220,420,2.12,19600,20700,1399-9-10
138,تكشا,گسترش‌صنايع‌وخدمات‌كشاورزي‌,3641,2849045,193887215530,70710,71400,67180,-3530,-4.99,68050,-2660,-3.76,67180,71400,1399-9-10
139,قثابت,قند ثابت‌ خراسان‌,3593,5545804,438443545050,75480,79250,79250,3770,4.99,79060,3580,4.74,77400,79250,1399-9-10
140,سپح,ح . پرداخت الكترونيك سامان كيش,3588,8935509,135112002380,15400,16000,15000,-400,-2.6,15120,-280,-1.82,13900,16000,1399-9-10
141,فجر,فولاد اميركبيركاشان,3567,7414481,468598694210,61380,61000,64440,3060,4.99,63200,1820,2.97,60000,64440,1399-9-10
142,افق,فروشگاههاي زنجيره اي افق كوروش,3564,3417492,287700810760,82640,86700,82650,10,0.01,84180,1540,1.86,82500,86700,1399-9-10
143,سرو,صندوق س سروسودمند مدبران-سهام,3549,4421364,311220473250,66710,70000,70740,4030,6.04,70390,3680,5.52,69200,70910,1399-9-10
144,حسير,ريل سير كوثر,3545,13724348,238570108122,17352,17600,17200,-152,-0.88,17383,31,0.18,17040,17900,1399-9-10
145,پارسيان,بيمه پارسيان,3540,12500444,181570069860,13930,14000,14620,690,4.95,14530,600,4.31,13810,14620,1399-9-10
146,كترام,توليدي‌ كاشي‌ تكسرام‌,3539,9082006,354073566700,37430,39300,39280,1850,4.94,38990,1560,4.17,37600,39300,1399-9-10
147,ثعمرا,عمران و توسعه شاهد,3477,16711328,250807371038,14560,14900,15288,728,5.0,15008,448,3.08,14460,15288,1399-9-10
148,ارزش,صندوق س ارزش آفرين بيدار-سهام,3438,25609491,278064320700,10310,10560,10930,620,6.01,10860,550,5.33,10560,11150,1399-9-10
149,سيلام,سيمان‌ ايلام‌,3426,19547911,206273505280,10110,10610,10510,400,3.96,10550,440,4.35,10190,10610,1399-9-10
150,بپاس,بيمه پاسارگاد,3401,4217267,364860268766,83026,85500,87177,4151,5.0,86516,3490,4.2,83000,87177,1399-9-10
151,چافست,افست‌,3378,11568986,272743533120,24340,24020,23130,-1210,-4.97,23580,-760,-3.12,23130,25540,1399-9-10
152,خنصير,مهندسي‌نصيرماشين‌,3357,9684582,473518506860,46890,47600,49980,3090,6.59,48890,2000,4.27,45220,49980,1399-9-10
153,مارون,پتروشيمي مارون,3335,2900425,407081836649,135105,141860,138660,3555,2.63,140352,5247,3.88,135940,141860,1399-9-10
154,حتوكا,حمل‌ونقل‌توكا,3323,12033814,232763391710,20030,20980,19030,-1000,-4.99,19340,-690,-3.44,19030,20980,1399-9-10
155,لسرما,سرما آفرين‌,3298,7126286,213795003900,29670,29000,30190,520,1.75,30000,330,1.11,28610,30900,1399-9-10
156,حپارسا,توسعه حمل و نقل ريلي پارسيان,3288,10469114,377065827787,35149,36906,36906,1757,5.0,36017,868,2.47,34001,36906,1399-9-10
157,وسينا,بانك سينا,3252,26833380,337624172750,12210,12200,12750,540,4.42,12580,370,3.03,11920,12820,1399-9-10
158,ونوين,بانك‌اقتصادنوين‌,3251,102531795,543723428090,5060,5210,5310,250,4.94,5300,240,4.74,5180,5310,1399-9-10
159,وصندوق,سرمايه‌گذاري‌صندوق‌بازنشستگي‌,3250,22670632,380059775440,17050,17200,16490,-560,-3.28,16760,-290,-1.7,16360,17330,1399-9-10
160,لخزر,پارس‌ خزر,3245,2004656,384735517370,200880,190840,190840,-10040,-5.0,191920,-8960,-4.46,190840,200000,1399-9-10
161,كهمدا,شيشه‌ همدان‌,3229,13620574,164794838200,12560,12800,12000,-560,-4.46,12100,-460,-3.66,11940,12800,1399-9-10
162,شصدف,صنعتي دوده فام,3228,202967,5065853353,23771,24959,24959,1188,5.0,23885,114,0.48,24959,24959,1399-9-10
163,هرمز,فولاد هرمزگان جنوب,3219,24265457,314632246479,12504,12600,13129,625,5.0,12966,462,3.69,12510,13129,1399-9-10
164,ميدكو,هلدينگ صنايع  معدني خاورميانه,3154,12959563,344780787395,26499,26650,26670,171,0.65,26604,105,0.4,26500,27070,1399-9-10
165,ونفت,سرمايه‌گذاري‌ صنعت‌ نفت‌,3144,18554174,284307761100,14970,15200,15710,740,4.94,15320,350,2.34,14800,15710,1399-9-10
166,غصينو,صنعتي مينو,3102,7215986,478642382374,63631,66000,66000,2369,3.72,66331,2700,4.24,63800,66812,1399-9-10
167,وخارزم,سرمايه گذاري خوارزمي,3072,33859420,335535898420,9440,9910,9910,470,4.98,9910,470,4.98,9850,9910,1399-9-10
168,همراه,شركت ارتباطات سيار ايران,3061,8269306,308184293770,36420,38000,37020,600,1.65,37270,850,2.33,36420,38240,1399-9-10
169,پكرمان,گروه‌ صنعتي‌ بارز,3022,9069008,305303429710,33410,33840,34000,590,1.77,33660,250,0.75,32520,34600,1399-9-10
170,نوين,بيمه نوين,3001,31518602,255082081273,7828,7940,8219,391,4.99,8093,265,3.39,7827,8219,1399-9-10
171,كرازي,كارخانجات‌توليدي‌شيشه‌رازي‌,2997,11167695,230870731990,19760,20160,20740,980,4.96,20670,910,4.61,19900,20740,1399-9-10
172,وتوس,توسعه‌شهري‌توس‌گستر,2986,9104568,262997145010,27800,29190,28180,380,1.37,28890,1090,3.92,28070,29190,1399-9-10
173,دي,بانك دي,2981,7953935,390434807345,46750,49087,49087,2337,5.0,49087,2337,5.0,49087,49087,1399-9-10
174,والبر,سرمايه‌ گذاري‌ البرز(هلدينگ‌,2964,12893219,246962139770,18460,18890,19170,710,3.85,19150,690,3.74,18100,19380,1399-9-10
175,سفارس,سيمان فارس و خوزستان,2941,15041191,281323821950,18250,19070,18890,640,3.51,18700,450,2.47,18100,19070,1399-9-10
176,اعتماد,صندوق س.اعتماد آفرين پارسيان-د,2928,91926430,3087247475330,33566,33582,33582,16,0.05,33584,18,0.05,33579,33593,1399-9-10
177,قشرين,قند شيرين خراسان,2882,11315992,232750891544,21108,20610,20761,-347,-1.64,20568,-540,-2.56,20475,21108,1399-9-10
178,فپنتا,سپنتا,2881,1445259,462805268790,328020,315200,322000,-6020,-1.84,320220,-7800,-2.38,315200,339700,1399-9-10
179,تكمبا,كمباين‌ سازي‌ ايران‌,2862,14909301,150773289590,9930,10000,9960,30,0.3,10110,180,1.81,9710,10400,1399-9-10
180,فلوله,لوله‌وماشين‌سازي‌ايران‌,2845,7369856,159530363710,21950,22010,21350,-600,-2.73,21650,-300,-1.37,21100,22100,1399-9-10
181,وپترو,سرمايه‌گذاري صنايع پتروشيمي‌,2826,13999310,250166481710,17980,17800,17780,-200,-1.11,17870,-110,-0.61,17100,18320,1399-9-10
182,كرماشا,صنايع پتروشيمي كرمانشاه,2826,14101187,636335084700,42990,45130,45130,2140,4.98,45130,2140,4.98,43240,45130,1399-9-10
183,آ س پ,آ.س.پ,2761,12166507,144166023570,12251,12200,11670,-581,-4.74,11849,-402,-3.28,11639,12200,1399-9-10
184,چكاوه,صنايع‌كاغذسازي‌كاوه‌,2736,4346789,128720316470,29820,30000,29030,-790,-2.65,29610,-210,-0.7,28350,30810,1399-9-10
185,زنگان,صنعت روي زنگان,2710,1697720,176381082240,101207,106267,99900,-1307,-1.29,103893,2686,2.65,99001,106267,1399-9-10
186,غپاك,لبنيات‌ پاك‌,2704,14715965,223433739930,15860,15300,15070,-790,-4.98,15180,-680,-4.29,15070,15700,1399-9-10
187,ميهن,بيمه ميهن,2678,34374309,214432637193,5970,6268,6268,298,4.99,6238,268,4.49,6005,6268,1399-9-10
188,ساوه,سيمان ساوه,2661,387638,22904366506,56274,59087,59087,2813,5.0,57424,1150,2.04,59087,59087,1399-9-10
189,سپ,پرداخت الكترونيك سامان كيش,2650,8195846,138899015970,17290,17900,16940,-350,-2.02,16950,-340,-1.97,16460,17900,1399-9-10
190,غاذر,كشت‌وصنعت‌پياذر,2645,2829306,240602634620,87400,90900,83030,-4370,-5.0,85040,-2360,-2.7,83030,90900,1399-9-10
191,كساوه,صنايع‌ كاشي‌ و سراميك‌ سينا,2634,3348084,259741215260,79540,81500,77990,-1550,-1.95,77580,-1960,-2.46,75570,82000,1399-9-10
192,زشريف,كشت وصنعت شريف آباد,2609,6720748,158566280682,24478,24400,23255,-1223,-5.0,23594,-884,-3.61,23255,24400,1399-9-10
193,پارس,پتروشيمي پارس,2576,1988253,330212722650,163930,171300,164550,620,0.38,166080,2150,1.31,164330,171300,1399-9-10
194,آپ,آسان پرداخت پرشين,2556,8167860,154320720270,18740,19670,18500,-240,-1.28,18890,150,0.8,18300,19670,1399-9-10
195,امين يكم,صندوق درآمد ثابت امين يكم فردا,2547,93279803,946067210640,10146,10144,10139,-7,-0.07,10142,-4,-0.04,10138,10150,1399-9-10
196,كهمداح,ح . شيشه‌ همدان‌,2544,8417068,84778835980,10560,10430,10180,-380,-3.6,10070,-490,-4.64,9750,10490,1399-9-10
197,خفنر,فنرسازي‌خاور,2528,8754193,164561631710,18350,18930,19250,900,4.9,18800,450,2.45,17700,19260,1399-9-10
198,كفرآور,فرآورده هاي سيمان شرق,2522,7803439,153145669388,19178,19900,19498,320,1.67,19625,447,2.33,18500,20136,1399-9-10
199,خگستر,گسترش‌سرمايه‌گذاري‌ايران‌خودرو,2507,47805288,191699204880,3820,4010,4010,190,4.97,4010,190,4.97,4010,4010,1399-9-10
200,زفكا,كشت و دامداري فكا,2495,2700199,142601704601,52670,51063,51880,-790,-1.5,52812,142,0.27,51000,55000,1399-9-10
201,حريل,ريل پردازسير,2487,21638970,90690982902,4068,4250,4118,50,1.23,4191,123,3.02,4040,4268,1399-9-10
202,وآرين,شركت توسعه اقتصادي آرين,2482,15231283,93715689781,6165,6347,6241,76,1.23,6153,-12,-0.19,5981,6347,1399-9-10
203,شگويا,پتروشيمي تندگويان,2431,14903495,184073066745,11763,12351,12351,588,5.0,12351,588,5.0,12351,12351,1399-9-10
204,پخش,پخش البرز,2415,4269340,179739913497,43642,42150,42000,-1642,-3.76,42100,-1542,-3.53,41460,43900,1399-9-10
205,گشان,توسعه بين المللي پديده شانديز,2413,4491239,348568836427,77236,78000,76440,-796,-1.03,77611,375,0.49,76440,79560,1399-9-10
206,سشرق,سيمان‌ شرق‌,2404,31097865,212402564420,6560,6560,6880,320,4.88,6830,270,4.12,6470,6880,1399-9-10
207,غگرجي,بيسكويت‌  گرجي‌,2384,4489781,162431880560,35430,37100,35430,0,0.0,36180,750,2.12,35000,37100,1399-9-10
208,غويتا,ويتانا,2379,2842526,139280942250,48323,50000,48456,133,0.28,48999,676,1.4,48200,50183,1399-9-10
209,ثالوند,سرمايه گذاري مسكن الوند,2374,8838197,126465254676,14506,14250,14010,-496,-3.42,14309,-197,-1.36,14010,14950,1399-9-10
210,شپديس,پتروشيمي پرديس,2362,3371498,384199196850,113580,115000,113700,120,0.11,113960,380,0.33,112000,115600,1399-9-10
211,سكرد,سيمان كردستان,2335,13321429,119679462940,8960,8800,8880,-80,-0.89,8980,20,0.22,8560,9160,1399-9-10
212,بكاب,صنايع‌جوشكاب‌يزد,2316,1275745,324236011290,255030,242280,267780,12750,5.0,254150,-880,-0.35,242280,267780,1399-9-10
213,كسرا,سراميك‌هاي‌صنعتي‌اردكان‌,2313,9183861,253617576550,26830,27350,28170,1340,4.99,27620,790,2.94,26300,28170,1399-9-10
214,ولشرق,ليزينگ ايران و شرق,2289,18180510,120712125411,6809,7000,6469,-340,-4.99,6640,-169,-2.48,6469,7000,1399-9-10
215,طلا,صندوق س.پشتوانه طلاي لوتوس,2271,1932014,161642167642,77733,81516,85506,7773,10.0,83665,5932,7.63,81516,85506,1399-9-10
216,تاصيكو,سرمايه گذاري صدرتامين,2228,30419012,348699308360,10930,11470,11470,540,4.94,11460,530,4.85,11180,11470,1399-9-10
217,تسه9908,امتياز تسهيلات مسكن آبان99,2212,46663,28500602598,607234,590000,620001,12767,2.1,610775,3541,0.58,590000,626000,1399-9-10
218,شپاكسا,پاكسان‌,2205,5343066,170882276390,31850,32990,31210,-640,-2.01,31980,130,0.41,31200,32990,1399-9-10
219,كپشيرح,ح . پشم‌شيشه‌ايران‌,2203,9625807,131923704193,12841,14000,13570,729,5.68,13705,864,6.73,13000,14130,1399-9-10
220,بورس,بورس اوراق بهادار تهران,2203,3864687,206854987040,52020,53590,53410,1390,2.67,53520,1500,2.88,52510,54520,1399-9-10
221,ثامان,سامان‌ گستراصفهان‌,2163,7560428,166827711270,21080,22130,21870,790,3.75,22070,990,4.7,21400,22130,1399-9-10
222,دتوليد,داروسازي توليد دارو,2144,6495056,217095104039,31896,33490,33490,1594,5.0,33425,1529,4.79,32600,33490,1399-9-10
223,وبهمن,سرمايه‌گذاري‌بهمن‌,2110,10338312,192330291230,18310,18750,19220,910,4.97,18600,290,1.58,18000,19220,1399-9-10
224,زگلدشت,كشت و دام گلدشت نمونه اصفهان,2074,3275134,130166360864,40643,41280,38611,-2032,-5.0,39744,-899,-2.21,38611,42229,1399-9-10
225,خاهن,آهنگري‌ تراكتورسازي‌ ايران‌,2072,3752936,141720072770,36920,38200,37110,190,0.51,37760,840,2.28,37100,38750,1399-9-10
226,فخاس,فولاد خراسان,2065,11010884,353199322500,31110,32660,32650,1540,4.95,32080,970,3.12,31010,32660,1399-9-10
227,ثمسكن,سرمايه‌گذاري‌ مسكن‌,2065,18304106,118861013920,6430,6510,6350,-80,-1.24,6490,60,0.93,6350,6740,1399-9-10
228,شبهرن,نفت‌ بهران‌,2065,2966657,192810282580,64340,66500,64500,160,0.25,64990,650,1.01,64000,67000,1399-9-10
229,وسكاب,س.ص.بازنشستگي كاركنان بانكها,2032,19638115,136258366480,6740,6950,7000,260,3.86,6940,200,2.97,6800,7060,1399-9-10
230,بهپاك,صنعتي بهپاك,2030,4409513,180716819011,41476,42980,39700,-1776,-4.28,40983,-493,-1.19,39500,42980,1399-9-10
231,غدشت,دشت‌ مرغاب‌,2006,584922,153286153480,271770,270000,258190,-13580,-5.0,262060,-9710,-3.57,258190,270000,1399-9-10
232,كالا,بورس كالاي ايران,2001,5615647,222032763200,37700,39490,39580,1880,4.99,39540,1840,4.88,38610,39580,1399-9-10
233,فلامي,لاميران‌,1981,3136517,125722277690,38910,39900,40850,1940,4.99,40080,1170,3.01,36970,40850,1399-9-10
234,سپاها,سيمان‌سپاهان‌,1978,15575917,141414908460,8760,9000,9190,430,4.91,9080,320,3.65,8770,9190,1399-9-10
235,تكنو,تكنوتار,1953,5672301,82264390870,14320,14600,14200,-120,-0.84,14500,180,1.26,13800,14950,1399-9-10
236,ثعتما,س. ساختماني اعتماد گستر,1943,4160872,167197256064,41042,43094,39959,-1083,-2.64,40183,-859,-2.09,38990,43094,1399-9-10
237,آريان,سرمايه گذاري پارس آريان,1939,31237355,513621551232,16138,16318,16249,111,0.69,16443,305,1.89,16141,16622,1399-9-10
238,غشاذر,پگاه‌آذربايجان‌غربي‌,1935,4051764,77183467170,19590,19930,18660,-930,-4.75,19050,-540,-2.76,18620,19960,1399-9-10
239,وپارس,بانك‌پارسيان‌,1931,44182517,188215113900,4130,4220,4300,170,4.12,4260,130,3.15,4150,4310,1399-9-10
240,خكار,ايركا پارت صنعت,1926,4751105,143757409510,29020,30470,30470,1450,5.0,30260,1240,4.27,29050,30470,1399-9-10
241,قشكر,شكرشاهرود,1908,2880051,127493088330,46100,47500,43800,-2300,-4.99,44270,-1830,-3.97,43800,47500,1399-9-10
242,وآذر,سرمايه‌گذاري‌توسعه‌آذربايجان‌,1882,925749,120872506020,132660,134000,128500,-4160,-3.14,130570,-2090,-1.58,128500,134000,1399-9-10
243,پكوير,كوير تاير,1878,5042191,96915783730,18400,19310,19320,920,5.0,19220,820,4.46,18690,19320,1399-9-10
244,فايرا,آلومينيوم‌ايران‌,1877,4667127,117203139710,24940,25600,24870,-70,-0.28,25110,170,0.68,24800,25840,1399-9-10
245,ثنور,سرمايه گذاري كوه نور,1876,16520444,118821360517,6989,7198,7198,209,2.99,7192,203,2.9,7100,7198,1399-9-10
246,غشهد,شهد ايران ‌,1862,9507790,65524675910,7010,7240,6750,-260,-3.71,6890,-120,-1.71,6730,7240,1399-9-10
247,وملت,سرمايه گذاري ملت,1846,13300230,58797694359,4433,4521,4346,-87,-1.96,4421,-12,-0.27,4345,4521,1399-9-10
248,فسپا,گروه‌صنعتي‌سپاهان‌,1846,3835428,177656764110,45920,46570,45800,-120,-0.26,46320,400,0.87,44100,47980,1399-9-10
249,خوساز,محورسازان‌ايران‌خودرو,1830,11859098,94147699920,7760,8050,7850,90,1.16,7940,180,2.32,7740,8130,1399-9-10
250,وبيمه,سرمايه‌ گذاري‌ صنعت‌ بيمه‌,1813,26459329,84500268500,3060,3200,3210,150,4.9,3190,130,4.25,3130,3210,1399-9-10
251,كطبس,ذغال‌سنگ‌ نگين‌ ط‌بس‌,1809,3871974,239841430780,59970,62960,60500,530,0.88,61940,1970,3.28,56980,62960,1399-9-10
252,وپسا,س. پتروشيمي ساختمان  خليج فارس,1804,24459726,98022938984,4080,4090,3958,-122,-2.99,4008,-72,-1.76,3958,4110,1399-9-10
253,زكشت,كشاورزي مكانيزه اصفهان كشت,1799,5753948,187812540106,32063,33666,31190,-873,-2.72,32641,578,1.8,30701,33666,1399-9-10
254,وگستر,گسترش سرمايه گذاري ايرانيان,1779,5889951,136745470189,23063,23060,23710,647,2.81,23217,154,0.67,22250,23950,1399-9-10
255,وسپه,سرمايه‌گذاري‌ سپه‌,1760,9820708,145981837270,14400,14700,14750,350,2.43,14860,460,3.19,14400,15110,1399-9-10
256,دشيمي,شيمي‌ داروئي‌ داروپخش‌,1757,2021155,118078958180,59620,61000,56640,-2980,-5.0,58420,-1200,-2.01,56640,61000,1399-9-10
257,كگازح,ح . شيشه‌ و گاز,1747,4965734,110739405620,23470,23000,21200,-2270,-9.67,22300,-1170,-4.99,21120,23090,1399-9-10
258,كيان,صندوق س. با درآمد ثابت كيان,1735,59353010,1550377975311,26110,26125,26120,10,0.04,26121,11,0.04,26020,26125,1399-9-10
259,خموتور,موتورسازان‌تراكتورسازي‌ايران‌,1721,8272320,90981946920,11100,11470,10750,-350,-3.15,11000,-100,-0.9,10750,11470,1399-9-10
260,ولغدر,ليزينگ‌خودروغدير,1721,8963348,198816440530,21160,22210,22210,1050,4.96,22180,1020,4.82,21380,22210,1399-9-10
261,دسبحان,سبحان دارو,1713,5786835,127426282300,21320,22380,22370,1050,4.92,22020,700,3.28,21100,22380,1399-9-10
262,سدور,سيمان‌ دورود,1703,10203585,87644343930,8480,8590,8700,220,2.59,8590,110,1.3,8410,8780,1399-9-10
263,حبندر,دريايي و کشتيراني خط دريابندر,1702,3878270,110925064814,28268,29010,29116,848,3.0,28602,334,1.18,27420,29116,1399-9-10
264,ضخود1044,اختيارخ خودرو-4000-1399/10/07,1660,61248,30080582000,457,488,477,20,4.38,491,34,7.44,466,511,1399-9-10
265,حتايد,تايدواترخاورميانه,1655,4535947,94951348210,20910,21210,20670,-240,-1.15,20930,20,0.1,20510,21400,1399-9-10
266,آوا,صندوق س.سهام آواي معيار-س,1647,8397859,78967040623,9079,9320,9470,391,4.31,9403,324,3.57,9250,9580,1399-9-10
267,تليسه,دامداري تليسه نمونه,1641,8635407,83081250747,10127,9621,9621,-506,-5.0,9621,-506,-5.0,9621,9621,1399-9-10
268,وصنا,گروه‌صنايع‌بهشهرايران‌,1637,12626551,182850440390,14010,14250,14710,700,5.0,14480,470,3.35,14010,14710,1399-9-10
269,چفيبر,فيبر ايران‌,1604,14144081,99380671700,7010,7300,6890,-120,-1.71,7030,20,0.29,6790,7320,1399-9-10
270,شدوص,دوده‌ صنعتي‌ پارس‌,1602,3962444,91494005450,22300,23410,22830,530,2.38,23090,790,3.54,22300,23410,1399-9-10
271,ولتجار,واسپاري تجارت وسرمايه ايرانيان,1544,12751250,77997830149,6032,6200,6212,180,2.98,6117,85,1.41,5852,6212,1399-9-10
272,خراسان,پتروشيمي خراسان,1543,396974,31016157730,75240,78900,77330,2090,2.78,76820,1580,2.1,75700,78990,1399-9-10
273,كمرجان,بازرگاني و توليدي مرجان كار,1542,1724025,116019166326,64595,66000,67824,3229,5.0,67296,2701,4.18,64000,67824,1399-9-10
274,غگلپا,شير پاستوريزه پگاه گلپايگان,1537,1948297,137124394744,70380,71490,72350,1970,2.8,70382,2,0.0,67010,73000,1399-9-10
275,وسبحان,سرمايه گذاري سبحان,1535,12924941,113729595291,8470,8510,8893,423,4.99,8799,329,3.88,8510,8893,1399-9-10
276,پارتا,مجتمع‌صنعتي‌آرتاويل‌تاير,1535,1860441,107691514035,59221,59000,59000,-221,-0.37,57885,-1336,-2.26,57445,60900,1399-9-10
277,پاسا,ايران‌ياساتايرورابر,1525,9525970,262988073290,26330,27640,27640,1310,4.98,27610,1280,4.86,26810,27640,1399-9-10
278,دتوزيع,توزيع دارو پخش,1523,2317758,117453298560,49000,49500,51450,2450,5.0,50675,1675,3.42,49000,51450,1399-9-10
279,ثنام,س ساختماني ب نام آوران مهندسي,1522,10486303,206318426489,19108,19681,19681,573,3.0,19675,567,2.97,19500,19681,1399-9-10
280,غفارس,شير پاستوريزه پگاه فارس,1518,6074760,59488842292,9734,10160,9455,-279,-2.87,9793,59,0.61,9351,10160,1399-9-10
281,تيپيكو,سرمايه گذاري دارويي تامين,1490,2251237,139610458860,62150,64000,61300,-850,-1.37,62010,-140,-0.23,61000,64000,1399-9-10
282,آرمان,بيمه آرمان,1479,19757944,186272510015,9211,9671,9110,-101,-1.1,9428,217,2.36,8751,9671,1399-9-10
283,دامين,داروسازي‌ امين‌,1464,5204512,75807830370,14650,14490,14250,-400,-2.73,14570,-80,-0.55,14200,14930,1399-9-10
284,رتاپح,ح.تجارت الكترونيك پارسيان,1460,9579028,50019195830,5090,5400,5160,70,1.38,5220,130,2.55,5100,5400,1399-9-10
285,رتاپ,تجارت الكترونيك  پارسيان,1460,5523780,39245209060,6910,7200,7020,110,1.59,7050,140,2.03,6950,7230,1399-9-10
286,بالبر,كابل‌ البرز,1450,3728205,88704393340,23330,24300,23970,640,2.74,23790,460,1.97,22750,24380,1399-9-10
287,حاريا,كشتيراني آريا,1449,5750333,160638638511,28614,27756,27756,-858,-3.0,27936,-678,-2.37,27756,28520,1399-9-10
288,آبين,كشت و صنعت آبشيرين,1447,36541343,140566070118,3761,3873,3873,112,2.98,3847,86,2.29,3649,3873,1399-9-10
289,شرانل,نفت ايرانول,1441,2367789,87960410350,36293,38000,37020,727,2.0,37149,856,2.36,36100,38000,1399-9-10
290,پرديس,سرمايه گذاري پرديس,1433,9538979,72766191660,7460,7700,7620,160,2.14,7630,170,2.28,7440,7820,1399-9-10
291,دفارا,داروسازي‌ فارابي‌,1424,4332202,285892071710,62890,66000,66030,3140,4.99,65990,3100,4.93,64000,66030,1399-9-10
292,خمحور,توليدمحورخودرو,1397,2025020,135567778670,69530,67700,66060,-3470,-4.99,66950,-2580,-3.71,66060,71290,1399-9-10
293,جم پيلن,پلي پروپيلن جم - جم پيلن,1391,3554910,306201127490,83910,84350,87370,3460,4.12,86130,2220,2.65,84010,88100,1399-9-10
294,عيار,صندوق س. پشتوانه طلاي مفيد,1377,2152110,60389032145,26593,27800,28500,1907,7.17,28060,1467,5.52,27630,28900,1399-9-10
295,سرچشمه,سرمايه گذاري مس سرچشمه,1377,9323563,80398983223,8270,8650,8683,413,4.99,8623,353,4.27,8370,8683,1399-9-10
296,ملت,بيمه ملت,1368,7698374,124571330070,15430,16050,16200,770,4.99,16180,750,4.86,15780,16200,1399-9-10
297,وخاور,بانك خاورميانه,1362,8489835,94646116850,11010,11010,11250,240,2.18,11150,140,1.27,10750,11300,1399-9-10
298,شسپا,نفت سپاهان,1354,7981034,196632240470,23470,24640,24640,1170,4.99,24640,1170,4.99,24300,24640,1399-9-10
299,شوينده,مديريت صنعت شوينده ت.ص.بهشهر,1337,2057759,88000105600,42900,43000,42020,-880,-2.05,42770,-130,-0.3,42000,44700,1399-9-10
300,كاذر,فرآورده‌هاي‌نسوزآذر,1325,4357952,85603037520,19620,20300,19290,-330,-1.68,19640,20,0.1,19070,20300,1399-9-10
301,قزوين,كارخانجات‌ قند قزوين‌,1313,1790543,76433515560,43990,43200,41990,-2000,-4.55,42690,-1300,-2.96,41800,44490,1399-9-10
302,شيراز,پتروشيمي‌شيراز,1313,3512618,204477607030,57530,58000,57050,-480,-0.83,58210,680,1.18,57000,60360,1399-9-10
303,دعبيد,لابراتوارداروسازي‌  دكترعبيدي‌,1310,2416362,76127386030,30020,31500,31520,1500,5.0,31500,1480,4.93,31250,31520,1399-9-10
304,ثشرق,سرمايه گذاري مسكن شمال شرق,1301,16417679,90408978810,5360,5550,5410,50,0.93,5510,150,2.8,5360,5620,1399-9-10
305,نتوس,پشم‌ بافي‌ توس,1297,3702131,38621884510,10425,10640,10200,-225,-2.16,10432,7,0.07,10153,10737,1399-9-10
306,ساروم,سيمان‌اروميه‌,1275,3117472,80235209470,25470,24590,26000,530,2.08,25740,270,1.06,24590,26400,1399-9-10
307,خپويش,سازه‌ پويش‌,1275,1411309,54117702350,37680,39560,37110,-570,-1.51,38350,670,1.78,36590,39560,1399-9-10
308,غالبر,لبنيات‌ كالبر,1271,3928536,51042944340,13230,13200,12980,-250,-1.89,12990,-240,-1.81,12700,13200,1399-9-10
309,قهكمت,قندهكمتان‌,1270,6934274,394511031490,57590,57700,56000,-1590,-2.76,56890,-700,-1.22,55220,58700,1399-9-10
310,واتي,سرمايه‌ گذاري‌ آتيه‌ دماوند,1251,8044086,109387515690,13320,13640,13470,150,1.13,13600,280,2.1,13300,13890,1399-9-10
311,شبصير,توليدات پتروشيمي قائد بصير,1248,758754,77028561127,101981,106221,99650,-2331,-2.29,101520,-461,-0.45,98000,106221,1399-9-10
312,كاردان,صندوق س تجارت شاخصي كاردان,1234,842747,156394948830,177920,184800,186400,8480,4.77,185580,7660,4.31,182400,187800,1399-9-10
313,لوتوس,تامين سرمايه لوتوس پارسيان,1232,6783765,109108014270,15760,16100,16300,540,3.43,16080,320,2.03,15580,16530,1399-9-10
314,بميلا,توسعه بازرگاني آهن وفولادميلاد,1231,3590735,84177340595,24178,24400,23050,-1128,-4.67,23443,-735,-3.04,22970,24500,1399-9-10
315,وتوسم,سرمايه‌گذاري‌توسعه‌ملي‌,1216,5486884,72785096080,12750,13170,13370,620,4.86,13270,520,4.08,12800,13380,1399-9-10
316,فيروزه,صندوق شاخص30 شركت فيروزه- سهام,1215,625550,115525907200,177250,183880,185880,8630,4.87,184680,7430,4.19,181910,188000,1399-9-10
317,غشصفا,شيرپاستوريزه‌پگاه‌اصفهان‌,1210,3787756,113016160790,28750,28000,30180,1430,4.97,29840,1090,3.79,28000,30180,1399-9-10
318,شاوان,پالايش نفت لاوان,1203,1022809,118710292629,110879,116422,115630,4751,4.28,116063,5184,4.68,111500,116422,1399-9-10
319,فباهنر,مس‌ شهيدباهنر,1202,1309931,73275156060,53740,56300,55750,2010,3.74,55940,2200,4.09,54200,56420,1399-9-10
320,تاپيكو,س. نفت و گاز و پتروشيمي تأمين,1194,25301195,391662498600,14750,15480,15480,730,4.95,15480,730,4.95,15480,15480,1399-9-10
321,جم,پتروشيمي جم,1175,2743219,132023631240,46650,48800,48660,2010,4.31,48130,1480,3.17,46800,48800,1399-9-10
322,افرا,افرانت,1159,1945143,101990328059,51262,53825,49999,-1263,-2.46,52433,1171,2.28,48700,53825,1399-9-10
323,شخارك,پتروشيمي‌ خارك‌,1148,3842918,179911858240,44630,46860,46860,2230,5.0,46820,2190,4.91,45610,46860,1399-9-10
324,كساپا,سايپاشيشه‌,1148,3928944,105144055380,27900,26550,26510,-1390,-4.98,26760,-1140,-4.09,26510,28480,1399-9-10
325,غپونه,نوش پونه مشهد,1139,2828393,50323974205,18161,17640,17617,-544,-3.0,17792,-369,-2.03,17617,18332,1399-9-10
326,كنور,توسعه معدني و صنعتي صبانور,1139,5998785,279924939820,44810,45250,47050,2240,5.0,46660,1850,4.13,43930,47050,1399-9-10
327,دكوثر,داروسازي‌ كوثر,1137,4398533,103307330740,22450,23550,23010,560,2.49,23490,1040,4.63,22500,23570,1399-9-10
328,شفن,پتروشيمي فناوران,1134,462107,139178749670,295730,308000,299000,3270,1.11,301180,5450,1.84,290000,310510,1399-9-10
329,ياقوت,صندوق س ياقوت آگاه-ثابت,1129,48051632,550238553021,11432,11460,11469,37,0.32,11451,19,0.17,11430,11470,1399-9-10
330,وايران,ليزينگ ايرانيان,1126,8488948,95839433550,10760,11290,11290,530,4.93,11290,530,4.93,11250,11290,1399-9-10
331,وبانك,سرمايه گذاري گروه توسعه ملي,1125,11088323,118090639950,10150,10650,10650,500,4.93,10650,500,4.93,10650,10650,1399-9-10
332,رتكو,كنترل‌خوردگي‌تكين‌كو,1112,6480799,112310259120,18080,18270,17200,-880,-4.87,17330,-750,-4.15,17180,18270,1399-9-10
333,وبوعلي,سرمايه‌گذاري‌بوعلي‌,1092,10949357,79037292490,6880,7220,7220,340,4.94,7220,340,4.94,7150,7220,1399-9-10
334,ما,بيمه  ما,1078,14625582,128113149720,8370,8550,8780,410,4.9,8760,390,4.66,8400,8780,1399-9-10
335,تنوين,تامين سرمايه نوين,1070,24657873,173131577120,6710,6800,7040,330,4.92,7020,310,4.62,6750,7040,1399-9-10
336,وملل,اعتباري ملل,1067,7874789,115611254460,13997,14696,14696,699,4.99,14681,684,4.89,14500,14696,1399-9-10
337,كپرور,فرآوري زغال سنگ پروده طبس,1064,2295587,107448509729,45639,44100,47850,2211,4.84,46807,1168,2.56,44100,47920,1399-9-10
338,خزاميا,زامياد,1062,6819318,94174781580,13160,13810,13810,650,4.94,13810,650,4.94,13810,13810,1399-9-10
339,شراز,پالايش نفت شيراز,1061,1331841,140904691881,101766,106854,103000,1234,1.21,105797,4031,3.96,102520,106854,1399-9-10
340,دالبر,البرزدارو,1047,2798589,65905709260,22950,24090,23700,750,3.27,23550,600,2.61,23000,24090,1399-9-10
341,دابور,داروسازي‌ ابوريحان‌,1035,896412,42194885860,48110,48600,47000,-1110,-2.31,47220,-890,-1.85,46100,49000,1399-9-10
342,سمازن,سيمان‌مازندران‌,1032,4063352,42878489260,10360,10500,10530,170,1.64,10520,160,1.54,10400,10720,1399-9-10
343,اتكام,شركت بيمه اتكايي امين,1024,5301494,35438650546,6602,6800,6620,18,0.27,6656,54,0.82,6570,6849,1399-9-10
344,وزمين,بانك ايران زمين,1023,14588670,184679611252,12415,12660,12663,248,2.0,12659,244,1.97,12500,12663,1399-9-10
345,واميد,گروه مديريت سرمايه گذاري اميد,1013,4464809,170965019080,37450,38350,38290,840,2.24,38290,840,2.24,37000,39280,1399-9-10
346,ثپرديس,سرمايه گذاري مسكن پرديس,1012,5587732,65965817072,11325,11625,11891,566,5.0,11805,480,4.24,11359,11891,1399-9-10
347,گوهران,سرمايه گذاري توسعه گوهران اميد,1003,7417353,63691973512,8272,8500,8685,413,4.99,8587,315,3.81,8320,8685,1399-9-10
348,شكف,كف,1001,747786,49913225736,65736,67050,65423,-313,-0.48,66748,1012,1.54,65200,67050,1399-9-10
349,دسبحا,گروه دارويي سبحان,995,3726400,75598701650,19510,20400,20420,910,4.66,20290,780,4.0,19510,20480,1399-9-10
350,شنفت,نفت‌ پارس‌,990,2357688,153009981780,62140,65240,65090,2950,4.75,64900,2760,4.44,62770,65240,1399-9-10
351,درازك,دارويي‌ رازك‌,986,1736427,74225318050,42580,44500,42260,-320,-0.75,42750,170,0.4,42000,44500,1399-9-10
352,خبهمن,گروه‌بهمن‌,984,5186860,145186518160,26810,27900,28150,1340,5.0,27990,1180,4.4,27310,28150,1399-9-10
353,پارند,صندوق س. پارند پايدار سپهر,971,36170706,412371058382,11403,11400,11400,-3,-0.03,11401,-2,-0.02,11400,11413,1399-9-10
354,قلرست,قند لرستان‌,966,1638958,42744970580,25990,27270,25970,-20,-0.08,26060,70,0.27,25350,27270,1399-9-10
355,شكربن,كربن‌ ايران‌,964,3678104,306293924780,79350,83300,83310,3960,4.99,83270,3920,4.94,81000,83310,1399-9-10
356,شفارا,پتروشيمي فارابي,960,6416449,32633074508,5209,5300,5053,-156,-2.99,5086,-123,-2.36,5053,5300,1399-9-10
357,اطلس,صندوق س.توسعه اندوخته آينده-س,954,270817,56312490058,201342,205010,208610,7268,3.61,207936,6594,3.28,205010,210000,1399-9-10
358,غدام,خوراك‌  دام‌ پارس‌,952,229907,69101693020,311730,296200,296150,-15580,-5.0,300560,-11170,-3.58,296150,315000,1399-9-10
359,دتماد,توليدمواداوليه‌داروپخش‌,935,1482447,80167040260,52190,54760,54790,2600,4.98,54080,1890,3.62,52350,54790,1399-9-10
360,ودي,بيمه  دي,930,8253739,216171260398,25015,26100,26265,1250,5.0,26191,1176,4.7,25555,26265,1399-9-10
361,فاما,صنعتي‌ آما,929,2611008,73140117290,26850,27990,28190,1340,4.99,28010,1160,4.32,26800,28190,1399-9-10
362,ريشمك,توليد و صادرات ريشمك,928,2786397,127562971611,43638,44590,45819,2181,5.0,45781,2143,4.91,44200,45819,1399-9-10
363,مبين,مبين انرژي خليج فارس,917,10320660,242829184370,22500,23300,23510,1010,4.49,23530,1030,4.58,22700,23620,1399-9-10
364,فرآور,فرآوري‌موادمعدني‌ايران‌,908,3209190,68190653080,20240,21250,21250,1010,4.99,21250,1010,4.99,21080,21250,1399-9-10
365,كيميا,معدني كيمياي زنجان گستران,906,2590239,76118572733,27992,29391,29391,1399,5.0,29387,1395,4.98,29001,29391,1399-9-10
366,خاور,ايران خودرو ديزل,901,11999211,64855735455,5248,5405,5405,157,2.99,5405,157,2.99,5405,5405,1399-9-10
367,كاريس,صندوق س.سپهر كاريزما-س,901,424674,89882882372,204170,208520,213199,9029,4.42,211651,7481,3.66,208520,213610,1399-9-10
368,شلعاب,لعابيران‌,895,5282248,43825535550,7910,8300,8300,390,4.93,8220,310,3.92,8240,8300,1399-9-10
369,شگل,گلتاش‌,895,1767788,47529330600,26140,27400,26880,740,2.83,26780,640,2.45,26220,27440,1399-9-10
370,كپشير,پشم‌شيشه‌ايران‌,882,2730934,49726943640,17560,18350,17590,30,0.17,18150,590,3.36,17590,18430,1399-9-10
371,وسخوز,شركت س استان خوزستان,875,34227782,33042829250,980,940,1020,40,4.08,980,0,0.0,940,1020,1399-9-10
372,وثوق,سرمايه گذاري وثوق امين,874,4460069,50039313916,10910,11237,11237,327,3.0,11219,309,2.83,11000,11237,1399-9-10
373,وبشهر,توسعه‌ صنايع‌ بهشهر(هلدينگ,864,4291145,74875280780,16700,17490,17530,830,4.97,17450,750,4.49,17100,17530,1399-9-10
374,كاذرح,ح . فرآورده‌هاي‌نسوزآذر,846,2330697,39747450880,17230,17970,16500,-730,-4.24,17050,-180,-1.04,16300,17970,1399-9-10
375,كمنگنز,معادن‌منگنزايران‌,836,839275,78635143370,89740,92000,94220,4480,4.99,93690,3950,4.4,90020,94220,1399-9-10
376,ركيش,كارت اعتباري ايران كيش,821,2794930,46018326150,16220,16120,16420,200,1.23,16440,220,1.36,16020,16910,1399-9-10
377,بفجر,فجر انرژي خليج فارس,816,10084622,307419295840,29040,30370,30490,1450,4.99,30480,1440,4.96,29950,30490,1399-9-10
378,وصنعت,سرمايه گذاري توسعه صنعت وتجارت,811,7312758,63620994600,8290,8700,8700,410,4.95,8700,410,4.95,8700,8700,1399-9-10
379,دسانكو,داروسازي سبحان انكولوژي,810,3710649,62773605560,16174,16980,16982,808,5.0,16917,743,4.59,16400,16982,1399-9-10
380,بخاور,بيمه زندگي خاورميانه,803,6966692,59359454681,8162,8500,8570,408,5.0,8520,358,4.39,8300,8570,1399-9-10
381,دارا,صندوق س. دارا الگوريتم-د,776,31122654,311436679116,10005,10021,10010,5,0.05,10007,2,0.02,10001,10021,1399-9-10
382,سخوز,سيمان خوزستان,752,2309819,53322540710,22190,23000,23290,1100,4.96,23090,900,4.06,22210,23290,1399-9-10
383,وتوشه,سرمايه‌ گذاري‌ پارس‌ توشه‌,747,3063760,70071536270,22710,23200,22500,-210,-0.92,22870,160,0.7,22020,23390,1399-9-10
384,خزر,فنرسازي‌زر,737,2553740,57535762200,21460,22530,22530,1070,4.99,22520,1060,4.94,22530,22530,1399-9-10
385,بايكا,كارخانجات كابلسازي ‌ايران‌,732,1277561,62887868895,47792,49225,49225,1433,3.0,49225,1433,3.0,49160,49225,1399-9-10
386,قمرو,قند مرودشت‌,732,1122498,31059966580,27390,27810,27500,110,0.4,27560,170,0.62,26260,28700,1399-9-10
387,سبهان,سيمان‌ بهبهان‌,729,763649,44123346020,55030,57780,57780,2750,5.0,57230,2200,4.0,57720,57780,1399-9-10
388,آتيمس,صندوق س.آرمان آتيه درخشان مس-س,726,267972,59878145096,216014,224900,225500,9486,4.39,223449,7435,3.44,218175,225900,1399-9-10
389,خديزل,بهمن  ديزل,722,1316292,67433201445,51645,52364,50999,-646,-1.25,51230,-415,-0.8,50000,53100,1399-9-10
390,خودكفا,اقتصادي و خودكفايي آزادگان,720,6135438,173246362806,27415,28237,28237,822,3.0,28237,822,3.0,28237,28237,1399-9-10
391,زعف0008پ10,زعفران0008نگين طلاي سرخ(پ),715,574586,74617233591,126432,125580,130043,3611,2.86,129863,3431,2.71,125500,131666,1399-9-10
392,ضجار1016,اختيارخ وتجارت-4000-1399/10/21,712,33440,14665985000,369,400,430,61,16.53,439,70,18.97,400,468,1399-9-10
393,هجرت,پخش هجرت,710,477775,31253542495,65975,67684,65010,-965,-1.46,65637,-338,-0.51,64000,67684,1399-9-10
394,بكهنوج,توليد برق ماهتاب كهنوج,710,16243279,55665717133,3264,3427,3427,163,4.99,3427,163,4.99,3427,3427,1399-9-10
395,چكارن,كارتن‌ ايران‌,707,7480643,28950088410,3690,3870,3870,180,4.88,3780,90,2.44,3870,3870,1399-9-10
396,دلر,داروسازي‌ اكسير,701,599637,69971234720,114560,116650,116500,1940,1.69,116690,2130,1.86,110030,119070,1399-9-10
397,كلر,كلر پارس,698,411342,26084018904,60393,63412,63412,3019,5.0,61809,1416,2.34,63412,63412,1399-9-10
398,فاراك,ماشين‌ سازي‌ اراك‌,691,13522518,103582487880,7300,7660,7660,360,4.93,7660,360,4.93,7660,7660,1399-9-10
399,كفرا,فراورده‌ هاي‌ نسوزايران‌,691,1090502,55474164830,48760,49300,51190,2430,4.98,50870,2110,4.33,48820,51190,1399-9-10
400,خمحركه,نيرو محركه‌,691,9878590,69841631300,6740,7070,7070,330,4.9,7070,330,4.9,7070,7070,1399-9-10
401,نيرو,نيرو سرمايه,683,1163729,50954363652,44444,44900,45000,556,1.25,43785,-659,-1.48,43111,45170,1399-9-10
402,بكام,كارخانجات توليدي شهيد قندي,671,13762438,65233956120,4520,4740,4740,220,4.87,4740,220,4.87,4740,4740,1399-9-10
403,شكلر,نيروكلر,671,1966337,109738675930,53180,55810,55830,2650,4.98,55810,2630,4.95,54750,55830,1399-9-10
404,زر,صندوق س.پشتوانه سكه طلاي زر,669,595592,29271269538,46425,48871,49809,3384,7.29,49147,2722,5.86,48300,49999,1399-9-10
405,وسين,بيمه سينا,668,7049217,181423895297,24512,25737,25737,1225,5.0,25737,1225,5.0,25510,25737,1399-9-10
406,كوثر,بيمه كوثر,660,12183666,193097561677,15136,15136,15892,756,4.99,15849,713,4.71,15136,15892,1399-9-10
407,ثزاگرس,سرمايه گذاري توسعه عمران زاگرس,656,1007942,38185122728,39130,38600,37174,-1956,-5.0,37884,-1246,-3.18,37174,40300,1399-9-10
408,وليز,ليزينگ‌ايران‌,634,6687019,58479928260,8340,8750,8750,410,4.92,8750,410,4.92,8510,8750,1399-9-10
409,افق ملت,صندوق س در سهام افق ملت,630,233936,32720996400,134320,138000,141700,7380,5.49,139870,5550,4.13,137000,143900,1399-9-10
410,وآوا,سرمايه گذاري آوا نوين,624,4306229,65521041672,14500,15225,15225,725,5.0,15215,715,4.93,14450,15225,1399-9-10
411,بسويچ,پارس‌سويچ‌,622,560236,25840360330,44520,46740,44940,420,0.94,45280,760,1.71,44330,46740,1399-9-10
412,سيستم,همكاران سيستم,620,1619229,56251130630,33110,34760,34630,1520,4.59,34700,1590,4.8,33760,34760,1399-9-10
413,شپارس,بين‌ المللي‌ محصولات‌  پارس‌,620,2203523,34042506370,15190,15700,15490,300,1.97,15360,170,1.12,15200,15870,1399-9-10
414,سمگا,گروه سرمايه گذاري ميراث فرهنگي,602,5057527,103471944893,19485,20459,20459,974,5.0,20459,974,5.0,20459,20459,1399-9-10
415,شفا,سرمايه گذاري شفادارو,602,801760,47244951350,56490,57600,59300,2810,4.97,58620,2130,3.77,57030,59310,1399-9-10
416,سكارون,سيمان كارون,601,402790,60861513512,146922,151329,151329,4407,3.0,151100,4178,2.84,150184,151329,1399-9-10
417,صگل039,صكوك اجاره گل گهر039-3ماهه20%,601,6000000,6000000000000,1000000,1000000,1000000,0,0.0,1000000,0,0.0,1000000,1000000,1399-9-10
418,صگل309,صكوك اجاره گل گهر309-3ماهه20%,601,6000000,6000000000000,1000000,1000000,1000000,0,0.0,1000000,0,0.0,1000000,1000000,1399-9-10
419,سهرمز,سيمان‌هرمزگان‌,599,1689780,32004952630,18390,19300,19190,800,4.35,18710,320,1.74,17900,19300,1399-9-10
420,سصفها,سيمان‌اصفهان‌,597,384281,75816946170,189330,187000,198790,9460,5.0,197300,7970,4.21,187000,198790,1399-9-10
421,ديران,ايران‌دارو,597,4420627,113963764060,24560,25780,25780,1220,4.97,25780,1220,4.97,25780,25780,1399-9-10
422,ختوقا,قطعات‌ اتومبيل‌ ايران‌,584,12460341,45854054880,3510,3680,3680,170,4.84,3650,140,3.99,3680,3680,1399-9-10
423,خمهر,مهركام‌پارس‌,584,5852500,43893750000,7150,7500,7500,350,4.9,7420,270,3.78,7500,7500,1399-9-10
424,سرود,سيمان‌شاهرود,583,1601507,22985974190,14050,14740,14300,250,1.78,14180,130,0.93,14150,14740,1399-9-10
425,خفناور,مهندسي صنعتي روان فن آور,583,1336896,33187626130,24107,24830,24830,723,3.0,24824,717,2.97,24530,24830,1399-9-10
426,خلنت,لنت‌ ترمزايران‌,582,392494,31545953050,80540,83000,80950,410,0.51,80440,-100,-0.12,78010,84390,1399-9-10
427,سجام,مجتمع سيمان غرب آسيا,580,6911833,100116228992,14460,14460,14461,1,0.01,14485,25,0.17,14460,14590,1399-9-10
428,زماهان,مجتمع توليد گوشت مرغ ماهان,575,1176907,29252737848,23885,25079,25079,1194,5.0,24412,527,2.21,24020,25079,1399-9-10
429,لبوتان,گروه‌صنعتي‌بوتان‌,573,432674,29838075200,66820,68350,68470,1650,2.47,68010,1190,1.78,66510,70000,1399-9-10
430,ولصنم,ليزينگ‌صنعت‌ومعدن‌,566,3798209,35578049820,8940,9340,9380,440,4.92,9210,270,3.02,9210,9380,1399-9-10
431,كشرق,صنعتي و معدني شمال شرق شاهرود,564,492009,37155247109,74790,78499,75170,380,0.51,75289,499,0.67,73100,78499,1399-9-10
432,ولملت,واسپاري ملت,564,2008318,21633057260,10490,11010,10500,10,0.1,10600,110,1.05,10490,11010,1399-9-10
433,وسكرد,شركت س استان كردستان,552,26055260,23253714580,890,850,930,40,4.49,890,0,0.0,850,930,1399-9-10
434,كبافق,معادن‌ بافق‌,550,1284021,50705989290,37610,39490,39490,1880,5.0,39290,1680,4.47,39490,39490,1399-9-10
435,وسيستا,شركت س استان سيستان وبلوچستان,547,26372039,23621241510,890,860,930,40,4.49,890,0,0.0,850,930,1399-9-10
436,وپخش,داروپخش‌ (هلدينگ‌,546,307689,41934101820,132270,133000,138800,6530,4.94,135450,3180,2.4,127540,138880,1399-9-10
437,دسينا,داروسازي‌ سينا,545,1346033,38331127750,27910,29300,27950,40,0.14,28320,410,1.47,27510,29300,1399-9-10
438,شغدير,پتروشيمي غدير,543,1763797,106924901734,57736,60622,60622,2886,5.0,60622,2886,5.0,60622,60622,1399-9-10
439,سباقر,سيمان باقران,543,1759436,26373497327,14905,15640,14704,-201,-1.35,14990,85,0.57,14500,15650,1399-9-10
440,كلوند,كاشي‌ الوند,534,2460409,58439192640,22790,23080,23920,1130,4.96,23750,960,4.21,22310,23920,1399-9-10
441,حخزر,كشتيراني درياي خزر,530,1054894,27338328947,25475,25930,25690,215,0.84,25705,230,0.9,25200,26640,1399-9-10
442,ضصاد1102,اختيارخ وبصادر-3500-1399/11/12,529,17464,10980993000,562,580,605,43,7.65,629,67,11.92,580,680,1399-9-10
443,وسفارس,شركت س استان فارس,524,2716052,2797533560,1000,1030,1030,30,3.0,1030,30,3.0,1030,1030,1399-9-10
444,كوير,توليدي فولاد سپيد فراب كوير,523,3662402,67571316900,17580,18450,18450,870,4.95,18320,740,4.21,18450,18450,1399-9-10
445,سشمال,سيمان‌ شمال‌,518,4010634,35088062360,8340,8750,8750,410,4.92,8610,270,3.24,8650,8750,1399-9-10
446,وساغربي,شركت س استان آذربايجان غربي,514,18695873,16669606710,890,860,900,10,1.12,890,0,0.0,860,930,1399-9-10
447,آساس,صندوق س.آسمان آرماني سهام-س,513,224253,38734300459,167161,169990,174000,6839,4.09,172726,5565,3.33,169980,174500,1399-9-10
448,اتكاي,بيمه اتكايي ايرانيان,508,2470725,35330114481,13716,13990,14401,685,4.99,14097,381,2.78,13856,14401,1399-9-10
449,زعف0008پ11,زعفران0008نگين سحرخيز(پ),507,369756,47143460779,125397,125000,128000,2603,2.08,127499,2102,1.68,124444,129999,1399-9-10
450,سكرما,سيمان‌ كرمان‌,506,1353286,20481482510,14950,14970,15200,250,1.67,15020,70,0.47,14900,15600,1399-9-10
451,فالوم,آلومتك‌,496,1263778,28941976489,23080,23770,22388,-692,-3.0,22901,-179,-0.78,22388,23770,1399-9-10
452,سفانو,سيمان فارس نو,496,1482910,48853088420,31400,32970,32970,1570,5.0,32740,1340,4.27,31760,32970,1399-9-10
453,اوان,مبين وان كيش,494,809877,52997033980,63465,64670,65910,2445,3.85,65376,1911,3.01,64500,66500,1399-9-10
454,دفرا,فرآورده‌هاي‌ تزريقي‌ ايران‌,484,903952,23334874550,25730,26000,26830,1100,4.28,25770,40,0.16,24810,26830,1399-9-10
455,گوهر,صندوق سكه طلاي كيان,484,471874,26552022981,53425,54300,56150,2725,5.1,56269,2844,5.32,54300,57400,1399-9-10
456,وسرضوي,س.سهام عدالت استان خراسان رضوي,467,2454925,2528572750,1000,1030,1030,30,3.0,1030,30,3.0,1030,1030,1399-9-10
457,وسلرستا,شركت س استان لرستان,465,24123515,22191148880,880,920,920,40,4.55,900,20,2.27,900,920,1399-9-10
458,آكورد,صندوق س. آرمان آتي كوثر-د,462,12668784,373939001422,29556,29570,29490,-66,-0.22,29517,-39,-0.13,28120,29650,1399-9-10
459,غگلستا,شير پاستوريزه پگاه گلستان,460,1906306,30759477756,15373,16141,16141,768,5.0,15794,421,2.74,15580,16141,1399-9-10
460,حپترو,حمل و نقل پتروشيمي( سهامي عام,456,530676,14176079790,26570,27750,26460,-110,-0.41,26610,40,0.15,26300,27750,1399-9-10
461,لپيام,گسترش صنايع پيام,454,1160217,30483537457,25089,26343,26343,1254,5.0,26274,1185,4.72,25000,26343,1399-9-10
462,وسگيلا,شركت س استان گيلان,453,16697745,15123825550,900,870,940,40,4.44,900,0,0.0,870,940,1399-9-10
463,ساراب,سيمان‌ داراب‌,449,1138250,14227119250,12180,12760,12440,260,2.13,12260,80,0.66,12230,12760,1399-9-10
464,واعتبار,سرمايه گذاري اعتبار ايران,447,7174357,40795007300,5420,5690,5690,270,4.98,5610,190,3.51,5560,5690,1399-9-10
465,تملتح,ح . تامين سرمايه بانك ملت,443,4694667,37557336000,8000,8000,8000,0,0.0,8000,0,0.0,8000,8000,1399-9-10
466,ختراكح,ح . ريخته‌گري‌ تراكتورسازي‌,435,1019789,11707177720,10440,11480,11480,1040,9.96,11480,1040,9.96,11480,11480,1399-9-10
467,دروز,داروسازي‌ روزدارو,434,2685131,45955282980,16460,16990,17280,820,4.98,17040,580,3.52,16000,17280,1399-9-10
468,سبجنو,سيمان‌ بجنورد,433,599326,20121695450,32730,33000,33730,1000,3.06,33050,320,0.98,32000,34330,1399-9-10
469,ولانا,شركت ليزينگ آريا دانا,425,1625116,29836874810,17912,18100,18449,537,3.0,18360,448,2.5,18000,18449,1399-9-10
470,سفار,سيمان‌فارس‌,422,181997,15083268210,84510,88690,83000,-1510,-1.79,84010,-500,-0.59,80290,88690,1399-9-10
471,سغرب,سيمان‌غرب‌,419,2268426,41481161530,17440,18200,18310,870,4.99,18130,690,3.96,17700,18310,1399-9-10
472,دشيري,شيرين دارو,409,282758,44912264252,158247,161450,157500,-747,-0.47,158836,589,0.37,154520,161950,1399-9-10
473,توريل,توکاريل,409,1359823,29105651492,20385,21404,21404,1019,5.0,20946,561,2.75,21404,21404,1399-9-10
474,غبشهر,صنعتي‌ بهشهر,407,2516835,66293433900,25090,26340,26340,1250,4.98,26340,1250,4.98,26340,26340,1399-9-10
475,بشهاب,لامپ‌  پارس‌ شهاب‌,404,765010,52066580600,64820,68060,68060,3240,5.0,68060,3240,5.0,68060,68060,1399-9-10
476,لابسا,آبسال‌,403,1125410,40424727200,34210,35920,35920,1710,5.0,35470,1260,3.68,35920,35920,1399-9-10
477,غمهراح,ح . توليدي‌مهرام‌,400,436703,23391749600,51460,56500,53000,1540,2.99,53560,2100,4.08,52000,56500,1399-9-10
478,تسه9907,امتياز تسهيلات مسكن مهر99,400,4885,3016299653,642531,610405,611000,-31531,-4.91,617462,-25069,-3.9,610405,650000,1399-9-10
479,دجابر,داروسازي‌ جابرابن‌حيان‌,399,1105245,42551732500,36670,38500,38500,1830,4.99,38060,1390,3.79,38400,38500,1399-9-10
480,ثنوسا,نوسازي‌وساختمان‌تهران‌,399,6670435,70973428400,10140,10640,10640,500,4.93,10640,500,4.93,10640,10640,1399-9-10
481,انرژي3,سايراشخاص بورس انرژي,399,337748,94417453400,266240,279550,279550,13310,5.0,279550,13310,5.0,279550,279550,1399-9-10
482,وتعاون,بيمه  تعاون,398,2519768,17712742011,6859,7047,7064,205,2.99,7000,141,2.06,6900,7064,1399-9-10
483,وشهر,بانك شهر,395,7569520,59284480640,7531,7832,7832,301,4.0,7832,301,4.0,7832,7832,1399-9-10
484,وگردش,بانك گردشگري,394,5342962,106661956570,19388,19800,19969,581,3.0,19963,575,2.97,19500,19969,1399-9-10
485,زقيام,كشت و دام قيام اصفهان,392,758713,32205849424,44682,42448,42448,-2234,-5.0,43118,-1564,-3.5,42448,42448,1399-9-10
486,بمپنا,توليد برق عسلويه  مپنا,391,848825,82097006880,92213,96823,96823,4610,5.0,96718,4505,4.89,91350,96823,1399-9-10
487,ولراز,ليزينگ رازي,388,597635,20411413138,32716,34351,34351,1635,5.0,34059,1343,4.11,33070,34351,1399-9-10
488,سقاين,سيمان‌ قائن‌,386,869070,36829921050,40380,41700,42390,2010,4.98,41760,1380,3.42,41650,42390,1399-9-10
489,سفاسي,شركت فارسيت اهواز,372,1210568,14743507672,11825,12179,12179,354,2.99,12061,236,2.0,12179,12179,1399-9-10
490,كدما,معدني‌ دماوند,368,179497,45134520650,239480,251450,251450,11970,5.0,248820,9340,3.9,251450,251450,1399-9-10
491,حآسا,آسيا سير ارس,364,2215390,49702274650,21367,22435,22435,1068,5.0,22287,920,4.31,22435,22435,1399-9-10
492,ضخود1042,اختيارخ خودرو-3000-1399/10/07,362,10973,13262265000,1122,1200,1160,38,3.39,1209,87,7.75,1150,1259,1399-9-10
493,دپارس,پارس‌ دارو,361,173325,18726046210,107200,109900,107500,300,0.28,107510,310,0.29,106910,109900,1399-9-10
494,تپولا,مهندسي مرآت پولاد,361,1346878,38462703772,27764,28596,28596,832,3.0,28557,793,2.86,28170,28596,1399-9-10
495,شاملا,معدني‌ املاح‌  ايران‌,350,362724,22164816090,60820,61000,61900,1080,1.78,60950,130,0.21,59810,62000,1399-9-10
496,دلقما,دارويي‌ لقمان‌,350,1524916,49270035960,30780,32310,32310,1530,4.97,32150,1370,4.45,32310,32310,1399-9-10
497,جهرم,پتروشيمي جهرم,343,4411914,13562223636,3235,3074,3074,-161,-4.98,3120,-115,-3.55,3074,3074,1399-9-10
498,غديس,پاكديس,338,1093451,14865466345,14310,13595,13595,-715,-5.0,14082,-228,-1.59,13595,13595,1399-9-10
499,سخاش,سيمان‌خاش‌,335,172671,15465245790,85410,89680,89680,4270,5.0,86610,1200,1.4,88450,89680,1399-9-10
500,ضخود1043,اختيارخ خودرو-3500-1399/10/07,331,12181,9909536000,736,780,730,-6,-0.82,814,78,10.6,730,850,1399-9-10
501,كي بي سي,شركت كي بي سي,327,1334135,43232523125,30895,32430,32400,1505,4.87,32055,1160,3.75,31501,32439,1399-9-10
502,قپيرا,فرآورده‌هاي‌غدايي‌وقندپيرانشهر,324,133122,11564829320,88850,93150,87840,-1010,-1.14,88390,-460,-0.52,84410,93150,1399-9-10
503,غمينو,شركت صنايع غذايي مينو شرق,322,3472559,41372067926,11347,11914,11914,567,5.0,11761,414,3.65,11914,11914,1399-9-10
504,شاراك,پتروشيمي شازند,319,3800951,87801968100,22000,23100,23100,1100,5.0,23100,1100,5.0,23100,23100,1399-9-10
505,كيسون,شركت كيسون,316,2690376,37267088352,13449,13852,13852,403,3.0,13852,403,3.0,13852,13852,1399-9-10
506,شجم,صنايع پتروشيمي تخت جمشيد,316,3806510,32008354563,8165,8409,8409,244,2.99,8409,244,2.99,8400,8409,1399-9-10
507,دارو,كارخانجات‌داروپخش‌,316,255753,14281725600,55250,56730,55990,740,1.34,55420,170,0.31,55260,56750,1399-9-10
508,فاسمين,كالسيمين‌,312,1800679,30107352880,15930,16720,16720,790,4.96,16350,420,2.64,16720,16720,1399-9-10
509,ثفارس,عمران‌وتوسعه‌فارس‌,308,4291213,34243879740,7600,7980,7980,380,5.0,7840,240,3.16,7980,7980,1399-9-10
510,ضصاد1104,اختيارخ وبصادر-4500-1399/11/12,307,15821,3741662000,208,249,226,18,8.65,236,28,13.46,220,250,1399-9-10
511,وسنا,سرمايه گذاري نيروگاهي ايران,305,2790264,37852710120,12920,13566,13566,646,5.0,13566,646,5.0,13560,13566,1399-9-10
512,بساما,بيمه سامان,304,1316285,40203292755,29089,30543,30543,1454,5.0,30106,1017,3.5,30543,30543,1399-9-10
513,قشهد,شهد,304,441004,13336172810,29480,30100,30000,520,1.76,29670,190,0.64,28580,30890,1399-9-10
514,پارند2,صندوق س. پارند پايدار سپهر,300,30000000,30000000,11403,1,1,-11402,-99.99,1,-11402,-99.99,1,1,1399-9-10
515,كسرام,پارس‌ سرام‌,299,3956940,31299395400,7540,7910,7910,370,4.91,7750,210,2.79,7910,7910,1399-9-10
516,شپلي,پلي اكريل ايران,297,2709016,20696882240,7418,7640,7640,222,2.99,7625,207,2.79,7640,7640,1399-9-10
517,تشتاد,صنايع توليدي اشتاد ايران‌,291,589689,8850492808,15088,15445,15520,432,2.86,15053,-35,-0.23,14700,15530,1399-9-10
518,شزنگ,تجهيزنيروي‌زنگان‌,290,211325,33582923700,154288,158916,158916,4628,3.0,158916,4628,3.0,158916,158916,1399-9-10
519,فزرين,زرين معدن آسيا,290,1876912,48013285872,24363,25581,25581,1218,5.0,25380,1017,4.17,25581,25581,1399-9-10
520,وسهمدا,شركت س استان همدان,290,8640427,7926734130,900,920,930,30,3.33,900,0,0.0,880,940,1399-9-10
521,سصوفي,سيمان‌ صوفيان‌,288,1319916,19851536640,14330,15040,15040,710,4.95,14580,250,1.74,15040,15040,1399-9-10
522,وارس,سرمايه گذاري ارس صبا,286,348174,33517220058,93480,96284,96284,2804,3.0,96266,2786,2.98,94411,96284,1399-9-10
523,كروي,توسعه‌ معادن‌ روي‌ ايران‌,285,1171733,39428815450,32050,33650,33650,1600,4.99,33140,1090,3.4,33650,33650,1399-9-10
524,زبينا,كشاورزي و دامپروري بينالود,282,413550,26104930200,66446,63124,63124,-3322,-5.0,64577,-1869,-2.81,63124,63124,1399-9-10
525,وآتوس,س.آرين توسكا قيمت اسمي 350ريال,281,530984,17399931910,31822,32776,32776,954,3.0,32619,797,2.5,32218,32776,1399-9-10
526,وهنر,گروه توسعه هنر ايران,280,3448158,15259511982,4299,4427,4427,128,2.98,4388,89,2.07,4380,4427,1399-9-10
527,وسكرمان,س.سهام عدالت استان كرمان,279,8575134,8670021320,990,1030,1030,40,4.04,990,0,0.0,980,1030,1399-9-10
528,ساينا,صنايع بهداشتي ساينا,279,52732,10112888609,188273,196498,191500,3227,1.71,188969,696,0.37,190000,196498,1399-9-10
529,فسازان,غلتك سازان سپاهان,277,1162018,34244670460,28070,29470,29470,1400,4.99,28910,840,2.99,29470,29470,1399-9-10
530,زشگزا,شير و گوشت زاگرس شهركرد,276,180820,31614387980,184041,174839,174839,-9202,-5.0,177804,-6237,-3.39,174839,174839,1399-9-10
531,تسه9906,امتياز تسهيلات مسكن شهريور99,274,2833,1742050995,636290,604476,611000,-25290,-3.97,614914,-21376,-3.36,604476,636000,1399-9-10
532,فسا,پتروشيمي فسا,273,2802652,7993163504,3002,2852,2852,-150,-5.0,2939,-63,-2.1,2852,2852,1399-9-10
533,خكرمان,گروه اقتصادي كرمان خودرو,273,3668607,18933680727,4916,5161,5161,245,4.98,5126,210,4.27,5161,5161,1399-9-10
534,شرنگي,شيميايي رنگين,273,277487,31260207211,107391,112760,112760,5369,5.0,112655,5264,4.9,110500,112760,1399-9-10
535,مداران,داده‌پردازي‌ايران‌,272,1002463,23437276190,22270,23380,23370,1100,4.94,22740,470,2.11,23320,23380,1399-9-10
536,سدبير,س. تدبيرگران فارس وخوزستان,270,1457764,54117710486,35357,37124,37124,1767,5.0,37060,1703,4.82,36999,37124,1399-9-10
537,خشرق,الكتريك‌ خودرو شرق‌,269,1613715,33097294650,19540,20510,20510,970,4.96,20100,560,2.87,20510,20510,1399-9-10
538,وحافظ,بيمه حافظ,268,307213,16862614357,53291,54889,54889,1598,3.0,54625,1334,2.5,54889,54889,1399-9-10
539,شفارس,صنايع‌ شيميايي‌ فارس‌,265,1026509,53039338420,50400,52000,51990,1590,3.15,51650,1250,2.48,50410,52000,1399-9-10
540,فولاژ,فولاد آلياژي ايران,264,2117679,54212582400,24390,25600,25600,1210,4.96,25460,1070,4.39,25600,25600,1399-9-10
541,شتولي,تولي‌پرس‌,262,885609,21269726431,23557,24028,24028,471,2.0,24017,460,1.95,23790,24028,1399-9-10
542,سلار,شركت سيمان لارستان,257,619784,20149198045,31043,32595,32595,1552,5.0,32391,1348,4.34,31043,32595,1399-9-10
543,شتوكا,توكا رنگ فولاد سپاهان,256,367449,15220105029,39449,41421,41421,1972,5.0,40003,554,1.4,41421,41421,1399-9-10
544,گپارس,امور رفاهي كارگزاران پارس,255,249846,31708435313,124010,126900,127730,3720,3.0,126912,2902,2.34,123115,127730,1399-9-10
545,ثجوان,تامين مسكن جوانان,253,2894684,22023270368,7265,7500,7628,363,5.0,7608,343,4.72,7362,7628,1399-9-10
546,اعتلا,شركت سرمايه گذاري اعتلاء البرز,247,2405472,21411106272,8478,8901,8901,423,4.99,8641,163,1.92,8901,8901,1399-9-10
547,وثخوز,سرمايه گذاري و توسعه خوزستان,245,448488,17783720796,37940,39837,39837,1897,5.0,39286,1346,3.55,38050,39837,1399-9-10
548,آسيا,بيمه آسيا,244,1034176,34934465280,32180,33780,33780,1600,4.97,33150,970,3.01,33780,33780,1399-9-10
549,ثتران,سرمايه گذاري مسكن تهران,243,6689710,34064003320,4850,5092,5092,242,4.99,5001,151,3.11,5092,5092,1399-9-10
550,نمرينو,ايران‌ مرينوس‌,239,117839,6660982040,57910,58500,55050,-2860,-4.94,57720,-190,-0.33,55020,60730,1399-9-10
551,شكبير,پتروشيمي اميركبير,238,315141,17769487142,54921,56568,56568,1647,3.0,55242,321,0.58,55020,56568,1399-9-10
552,كقزوي,شيشه‌ قزوين‌,236,1981534,15800752116,7742,7974,7974,232,3.0,7916,174,2.25,7974,7974,1399-9-10
553,اپرداز,آتيه داده پرداز,234,1822983,54558235224,28503,29928,29928,1425,5.0,29890,1387,4.87,29928,29928,1399-9-10
554,ختراك,ريخته‌گري‌ تراكتورسازي‌ ايران‌,233,1738830,19301013000,10580,11100,11100,520,4.91,10760,180,1.7,11100,11100,1399-9-10
555,اميد,تامين سرمايه اميد,232,3614164,42141152240,11110,11660,11660,550,4.95,11520,410,3.69,11660,11660,1399-9-10
556,قشير,قند شيروان قوچان و بجنورد,232,716321,26152879710,38431,36510,36510,-1921,-5.0,37350,-1081,-2.81,36510,36510,1399-9-10
557,سامان,بانك سامان,227,977583,10939153770,10865,11190,11190,325,2.99,10934,69,0.64,11190,11190,1399-9-10
558,ضفلا1155,اختيارخ فولاد-14000-1399/11/28,225,4172,10533714000,2451,2700,2430,-21,-0.86,2525,74,3.02,2200,2700,1399-9-10
559,شلرد,كود شيميايي اوره لردگان,221,3654591,34663795635,9034,9485,9485,451,4.99,9485,451,4.99,9485,9485,1399-9-10
560,بالاس,مهندسي ساختمان تاسيسات راه آهن,218,450176,25292688384,53509,56184,56184,2675,5.0,54742,1233,2.3,56184,56184,1399-9-10
561,ستران,سيمان‌ تهران‌,217,962518,35285909880,34920,36660,36660,1740,4.98,36090,1170,3.35,36660,36660,1399-9-10
562,ثاصفا,شركت‌ ساختمان‌ اصفهان‌,213,607803,20369909742,32538,33514,33514,976,3.0,33468,930,2.86,33514,33514,1399-9-10
563,ضجار1014,اختيارخ وتجارت-3000-1399/10/21,213,6342,6856020000,1011,1140,1080,69,6.82,1081,70,6.92,1020,1180,1399-9-10
564,شساخت,مهندسي و ساختمان صنايع نفت,211,999352,38045517593,36967,37980,38076,1109,3.0,38061,1094,2.96,37001,38076,1399-9-10
565,شپترو,پتروشيمي آبادان,211,10074903,45508336851,4302,4517,4517,215,5.0,4517,215,5.0,4517,4517,1399-9-10
566,غپآذر,شير پگاه آذربايجان شرقي,210,768597,44674700625,55358,58125,58125,2767,5.0,57494,2136,3.86,58125,58125,1399-9-10
567,وكار,بانك‌ كارآفرين‌,209,8176332,33604724520,3920,4110,4110,190,4.85,4040,120,3.06,4110,4110,1399-9-10
568,ضجار1015,اختيارخ وتجارت-3500-1399/10/21,208,7763,5629901000,679,789,715,36,5.3,725,46,6.77,710,789,1399-9-10
569,سيمرغ,سيمرغ,203,884084,15268130680,16450,17270,17270,820,4.98,16680,230,1.4,17270,17270,1399-9-10
570,غچين,كشت‌ و صنعت‌ چين‌ چين,203,964588,48721339880,48110,50510,50510,2400,4.99,50140,2030,4.22,50510,50510,1399-9-10
571,فيروزا,صندوق بادرآمد ثابت فيروزه آسيا,201,2016210,42935693976,21253,21400,21402,149,0.7,21295,42,0.2,21100,21410,1399-9-10
572,ضخود1045,اختيارخ خودرو-4500-1399/10/07,201,8491,2577958000,296,298,290,-6,-2.03,304,8,2.7,275,320,1399-9-10
573,بنيرو,نيروترانس‌,199,1001246,51033508620,48550,50970,50970,2420,4.98,50830,2280,4.7,50970,50970,1399-9-10
574,زنجان,صنايع كشاورزي وكود زنجان,197,2603333,22005973849,8207,8453,8453,246,3.0,8453,246,3.0,8453,8453,1399-9-10
575,تسه9904,امتياز تسهيلات مسكن تير99,197,3463,2126323280,630200,617389,610000,-20200,-3.21,614012,-16188,-2.57,598690,630000,1399-9-10
576,وسمازن,س.سهام عدالت استان مازندران,195,6249326,5908506830,980,940,950,-30,-3.06,980,0,0.0,940,980,1399-9-10
577,وحكمت,بيمه حكمت صبا,195,2557511,14370654309,5792,5619,5619,-173,-2.99,5663,-129,-2.23,5619,5619,1399-9-10
578,درهآور,دارويي ره آورد تامين,189,420986,15578165944,35242,37004,37004,1762,5.0,35755,513,1.46,37004,37004,1399-9-10
579,ساذريح,ح . آذريت‌,188,5510297,30719680181,5742,5570,5570,-172,-3.0,5575,-167,-2.91,5570,5750,1399-9-10
580,وسناح,ح. سرمايه گذاري نيروگاهي ايران,186,475444,4717830812,9634,9923,9923,289,3.0,9923,289,3.0,9923,9923,1399-9-10
581,سمتاز,سيمان ممتازان كرمان,186,483446,10276076807,21634,22238,21398,-236,-1.09,21435,-199,-0.92,20985,22238,1399-9-10
582,سپاس,صندوق س. پاداش سهامداري توسعه1,181,5848744,59297347669,10131,10140,10139,8,0.08,10138,7,0.07,10137,10140,1399-9-10
583,كيان2,صندوق س. با درآمد ثابت كيان,180,18000000,18000000,26110,1,1,-26109,-100.0,1,-26109,-100.0,1,1,1399-9-10
584,دبالك,مواد اوليه دارويي البرز بالك,177,1474303,24703421068,15959,16756,16756,797,4.99,16326,367,2.3,16756,16756,1399-9-10
585,دانا,بيمه دانا,174,3373670,22839745900,6450,6770,6770,320,4.96,6580,130,2.02,6770,6770,1399-9-10
586,ضسپا1105,اختيارخ خساپا-3500-1399/11/26,173,7228,2795558000,328,700,374,46,14.02,387,59,17.99,350,490,1399-9-10
587,سيدكو,سرمايه گذاري توسعه صنايع سيمان,171,2961761,24049499320,7740,8120,8120,380,4.91,7910,170,2.2,8120,8120,1399-9-10
588,ددام,داروسازي زاگرس فارمد پارس,170,1583855,23092605900,13890,14580,14580,690,4.97,14170,280,2.02,14580,14580,1399-9-10
589,وكادو,تكادو,164,645594,11891841480,17884,18420,18420,536,3.0,18185,301,1.68,18420,18420,1399-9-10
590,ومعادنح,ح . توسعه‌معادن‌وفلزات‌,162,518875,7129901780,12910,14200,13700,790,6.12,13740,830,6.43,13700,14200,1399-9-10
591,خفولا,خدمات فني فولاد يزد,161,526277,17681854646,32620,33598,33598,978,3.0,33434,814,2.5,33598,33598,1399-9-10
592,دقاضي,داروسازي شهيد قاضي,160,103214,9015757452,84956,87504,87367,2411,2.84,86004,1048,1.23,86330,87504,1399-9-10
593,پدرخش,درخشان‌ تهران‌,159,87971,18593550560,222480,211360,211360,-11120,-5.0,218100,-4380,-1.97,211360,211360,1399-9-10
594,داوه,داروسازي آوه سينا,158,703416,11832863952,16021,16822,16822,801,5.0,16196,175,1.09,16822,16822,1399-9-10
595,تكنار,مجتمع معادن مس تكنار,156,376011,36101048316,91444,96016,96016,4572,5.0,96011,4567,4.99,94500,96016,1399-9-10
596,اخزا903,اسنادخزانه-م3بودجه99-011110,154,388406,258518413832,664186,662000,664700,514,0.08,665588,1402,0.21,660000,669999,1399-9-10
597,ولبهمن,شركت بهمن ليزينگ,152,3202623,30216748005,8986,9435,9435,449,5.0,9231,245,2.73,9435,9435,1399-9-10
598,ونيكي,سرمايه‌گذاري‌ ملي‌ايران‌,151,2332222,36895752040,15070,15820,15820,750,4.98,15330,260,1.73,15820,15820,1399-9-10
599,الماس,صندوق س.امين تدبيرگران فردا-س,150,48466,6009613817,118322,124940,124940,6618,5.59,123996,5674,4.8,121000,125000,1399-9-10
600,صنوين,صندوق سرمايه‌گذاري صنوين-مختلط,147,50350,5249654890,102840,106080,105200,2360,2.29,104260,1420,1.38,102520,106080,1399-9-10
601,سخزر,سيمان‌ خزر,145,596146,15726331480,25130,26380,26380,1250,4.97,25490,360,1.43,26380,26380,1399-9-10
602,تسه9810,امتياز تسهيلات مسكن دي98,144,3539,2258251621,652108,619503,620000,-32108,-4.92,638104,-14004,-2.15,619503,670000,1399-9-10
603,ضچاد1015,اختيارخ كچاد-16000-1399/10/02,144,1370,7444563000,4595,4900,5638,1043,22.7,5434,839,18.26,4850,5801,1399-9-10
604,ضسپا1104,اختيارخ خساپا-3000-1399/11/26,143,6057,3627459000,568,580,595,27,4.75,599,31,5.46,569,625,1399-9-10
605,بذر,صندوق س بذر اميد آفرين-سهام,140,53105,5994324830,110100,110190,114000,3900,3.54,112880,2780,2.52,110190,114990,1399-9-10
606,اخزا902,اسنادخزانه-م2بودجه99-011019,140,402497,271173603717,672145,670002,671920,-225,-0.03,673728,1583,0.24,667299,676995,1399-9-10
607,كمينا,شيشه سازي مينا,139,808260,28062787200,33067,34720,34720,1653,5.0,34720,1653,5.0,34720,34720,1399-9-10
608,بنو,بيمه تجارت نو,135,1199997,29816325459,23664,24847,24847,1183,5.0,24294,630,2.66,24847,24847,1399-9-10
609,واحصا,احياء صنايع خراسان,134,382410,9287209260,23579,24286,24286,707,3.0,23888,309,1.31,24286,24286,1399-9-10
610,اميدح,ح . تامين سرمايه اميد,134,1375359,14441269500,10000,10500,10500,500,5.0,10500,500,5.0,10500,10500,1399-9-10
611,ضفلا1156,اختيارخ فولاد-16000-1399/11/28,133,2531,4194075000,1568,1600,1580,12,0.77,1657,89,5.68,1435,1800,1399-9-10
612,ثاژن,سخت آژند,129,2074553,16942874351,8333,8167,8167,-166,-1.99,8167,-166,-1.99,8167,8167,1399-9-10
613,غمهرا,توليدي‌مهرام‌,128,309436,17289871370,53220,55880,55880,2660,5.0,54060,840,1.58,55200,55880,1399-9-10
614,وتوكا,سرمايه‌گذاري‌توكافولاد(هلدينگ,126,1039305,11567464650,10600,11130,11130,530,5.0,10710,110,1.04,11130,11130,1399-9-10
615,زعف0008پ05,زعفران0008نگين زرين(پ),124,90062,11500553388,125110,125800,128500,3390,2.71,127696,2586,2.07,125800,129400,1399-9-10
616,ورازي,بيمه رازي,123,996705,12982082625,13710,13025,13025,-685,-5.0,13215,-495,-3.61,13025,13025,1399-9-10
617,صايند,صندوق س. گنجينه آينده روشن-د,122,1318570,13337736910,10113,10118,10120,7,0.07,10115,2,0.02,10100,10130,1399-9-10
618,سمايه,بانك سرمايه,122,559219,5063168826,9334,9054,9054,-280,-3.0,9260,-74,-0.79,9054,9054,1399-9-10
619,دكپسول,توليد ژلاتين كپسول ايران,121,196077,7568768277,36763,38601,38601,1838,5.0,37021,258,0.7,38601,38601,1399-9-10
620,دكيمي,كيميدارو,118,2148388,56631507680,25110,26360,26360,1250,4.98,26360,1250,4.98,26360,26360,1399-9-10
621,ساروج,بين المللي ساروج بوشهر,117,335630,6282652026,18192,18737,18737,545,3.0,18353,161,0.89,17900,18737,1399-9-10
622,پسهند,صنايع‌ لاستيكي‌  سهند,114,1050484,43122368200,39100,41050,41050,1950,4.99,40630,1530,3.91,41050,41050,1399-9-10
623,كصدف,كاشي صدف سرام استقلال آباده,112,149847,3092392539,19655,20637,20637,982,5.0,19797,142,0.72,20637,20637,1399-9-10
624,پرداخت,به پرداخت ملت,112,90344,4197235980,45660,47640,46000,340,0.74,45720,60,0.13,45680,47640,1399-9-10
625,وسرمد,بيمه  سرمد,111,1162704,7715703744,6320,6636,6636,316,5.0,6434,114,1.8,6636,6636,1399-9-10
626,ضجار1017,اختيارخ وتجارت-4500-1399/10/21,110,4248,1069195000,224,255,260,36,16.07,252,28,12.5,232,262,1399-9-10
627,وجامي,سرمايه گذاري جامي,110,2264743,20702015763,8875,9141,9141,266,3.0,9138,263,2.96,9141,9141,1399-9-10
628,تسه9905,امتياز تسهيلات مسكن مرداد99,104,1082,683933111,664356,631139,632000,-32356,-4.87,632101,-32255,-4.86,631139,635000,1399-9-10
629,شپاس,نفت پاسارگاد,104,1018729,20204452257,18889,19833,19833,944,5.0,19244,355,1.88,19833,19833,1399-9-10
630,امين يكم2,صندوق درآمد ثابت امين يكم فردا,100,10000000,10000000,10146,1,1,-10145,-99.99,1,-10145,-99.99,1,1,1399-9-10
631,ثتوسا,س.توسعه و عمران استان اردبيل,98,74700,4591659600,64703,61468,61468,-3235,-5.0,63920,-783,-1.21,61468,61468,1399-9-10
632,تسه9903,امتياز تسهيلات مسكن خرداد99,97,691,429479388,640749,608712,610002,-30747,-4.8,621533,-19216,-3.0,608712,640000,1399-9-10
633,داراب,پتروشيمي داراب,97,495847,1476136519,3133,2977,2977,-156,-4.98,3121,-12,-0.38,2977,2977,1399-9-10
634,كگهر,سنگ آهن گهرزمين,89,238475,10596159675,42318,44433,44433,2115,5.0,42492,174,0.41,44433,44433,1399-9-10
635,بموتو,موتوژن‌,89,179141,8242277410,43820,46010,46010,2190,5.0,44160,340,0.78,46010,46010,1399-9-10
636,تسه9901,امتياز تسهيلات مسكن فروردين99,89,821,502755419,625312,610000,630000,4688,0.75,612370,-12942,-2.07,594047,630000,1399-9-10
637,فلات,گروه صنايع معادن فلات ايرانيان,88,969982,14433332160,14447,14880,14880,433,3.0,14760,313,2.17,14880,14880,1399-9-10
638,فنفت,صنايع تجهيزات نفت,86,588874,8261902220,13622,14030,14030,408,3.0,13783,161,1.18,14030,14030,1399-9-10
639,قجام,فرآوردههاي غذايي وقندتربت‌جام‌,86,239271,2837514789,12225,11859,11859,-366,-2.99,12178,-47,-0.38,11859,11859,1399-9-10
640,وثنو,سرمايه گذاري ساختماني نوين,86,885671,13350604654,14357,15074,15074,717,4.99,14786,429,2.99,15074,15074,1399-9-10
641,ضصاد1103,اختيارخ وبصادر-4000-1399/11/12,85,2562,1084414000,351,420,400,49,13.96,423,72,20.51,391,480,1399-9-10
642,كاسپين,داروسازي كاسپين تامين,84,1020686,28097444208,26218,27528,27528,1310,5.0,26887,669,2.55,27528,27528,1399-9-10
643,تسه9803,امتياز تسهيلات مسكن خرداد98,84,492,301391895,643952,611755,611755,-32197,-5.0,612585,-31367,-4.87,611755,629000,1399-9-10
644,تسه9710,امتياز تسهيلات مسكن دي 97,84,1825,1165695771,635056,610010,640017,4961,0.78,638737,3681,0.58,610010,650000,1399-9-10
645,ضخود1048,اختيارخ خودرو-7000-1399/10/07,82,3893,129362000,34,45,32,-2,-5.88,33,-1,-2.94,28,47,1399-9-10
646,وسصفا,شركت س استان اصفهان,82,3627182,3735997460,990,1030,1030,40,4.04,990,0,0.0,1030,1030,1399-9-10
647,سنوين,سرمايه گذاري اقتصاد نوين,82,1329097,12995206403,9598,9789,9789,191,1.99,9777,179,1.86,9692,9789,1399-9-10
648,تصميم,صندوق س با درآمد ثابت تصميم,80,497324,7446950335,14970,15035,14970,0,0.0,14974,4,0.03,14951,15035,1399-9-10
649,فاهواز,نورد و لوله اهواز,79,135195,2603450115,19650,19257,19257,-393,-2.0,19626,-24,-0.12,19257,19257,1399-9-10
650,افران,صندوق س افرا نماد پايدار-ثابت,78,538195,6577191911,12187,12225,12225,38,0.31,12221,34,0.28,12210,12225,1399-9-10
651,ضملت1130,اختيارخ وبملت-8000-1399/11/28,78,3317,874891000,250,300,250,0,0.0,264,14,5.6,250,359,1399-9-10
652,ثروتم,صندوق س. ثروت آفرين پارسيان-س,78,42640,4324857200,96789,100100,101880,5091,5.26,101427,4638,4.79,100010,102000,1399-9-10
653,ضغدر1119,اختيارخ وغدير-10000-1399/11/26,75,737,3581490000,4609,4900,4700,91,1.97,4860,251,5.45,4700,5100,1399-9-10
654,سدشت,صنايع سيمان دشتستان,75,153126,6116545420,38050,39900,39950,1900,4.99,38270,220,0.58,39900,39950,1399-9-10
655,ضصاد1101,اختيارخ وبصادر-3000-1399/11/12,74,1889,1929424000,844,949,999,155,18.36,1021,177,20.97,949,1170,1399-9-10
656,اخزا818,اسنادخزانه-م18بودجه98-010614,73,81835,58971734588,717516,718001,725999,8483,1.18,720617,3101,0.43,714999,729999,1399-9-10
657,دمعيار,صندوق س. توازن معيار-د,72,2667374,26790667398,10040,10045,10045,5,0.05,10044,4,0.04,10036,10053,1399-9-10
658,سكه0011پ02,سكه تمام بهارتحويلي 1روزه ملت,70,40800,44825179900,1044742,1098657,1098657,53915,5.16,1098656,53914,5.16,1098400,1098657,1399-9-10
659,ضچاد1014,اختيارخ كچاد-14000-1399/10/02,70,552,4009844000,6450,7000,7000,550,8.53,7264,814,12.62,6755,7485,1399-9-10
660,زپارس,ملي كشت و صنعت و دامپروري پارس,70,301418,21638798220,68380,71790,71790,3410,4.99,69750,1370,2.0,71790,71790,1399-9-10
661,كخاك,صنايع‌خاك‌چيني‌ايران‌,70,388432,17428943840,42740,44870,44870,2130,4.98,43420,680,1.59,44870,44870,1399-9-10
662,شصفها,پتروشيمي‌ اصفهان‌,69,63646,6311264652,95349,99162,99162,3813,4.0,97371,2022,2.12,99162,99162,1399-9-10
663,ضسپا1103,اختيارخ خساپا-2500-1399/11/26,69,2121,1954758000,848,1000,894,46,5.42,922,74,8.73,880,1050,1399-9-10
664,سپر,صندوق س سپر سرمايه بيدار- ثابت,68,556798,5807507243,10397,10400,10495,98,0.94,10430,33,0.32,10400,10499,1399-9-10
665,وبرق,س.کارکنان صنعت برق زنجان وقزوي,68,80861,14953624730,176124,184930,184930,8806,5.0,182264,6140,3.49,184930,184930,1399-9-10
666,ضسپا1106,اختيارخ خساپا-4000-1399/11/26,67,2614,606705000,128,200,231,103,80.47,232,104,81.25,200,259,1399-9-10
667,سفارود,كارخانه فارسيت درود,67,145769,1415854297,9911,9713,9713,-198,-2.0,9882,-29,-0.29,9713,9713,1399-9-10
668,ارمغان,ص سرمايه گذاري ارمغان ايرانيان,67,1498748,15196828733,10136,10140,10142,6,0.06,10140,4,0.04,10137,10149,1399-9-10
669,آسام,صندوق س.آرمان سپهر آشنا-م,67,41260,4381113740,104737,105999,106690,1953,1.86,106183,1446,1.38,105945,107000,1399-9-10
670,آساميد,صندوق س.مشترك آسمان اميد -د,64,1687854,18749293967,11100,11101,11113,13,0.12,11108,8,0.07,11100,11113,1399-9-10
671,مفاخر,توسعه فناوري اطلاعات خوارزمي,64,700880,28673000800,38962,40910,40910,1948,5.0,40026,1064,2.73,40910,40910,1399-9-10
672,تسه9711,امتياز تسهيلات مسكن بهمن 97,63,1180,759027486,634024,610010,642027,8003,1.26,643244,9220,1.45,610010,664398,1399-9-10
673,تسه9812,امتياز تسهيلات مسكن اسفند98,63,905,561055758,651702,619117,619117,-32585,-5.0,619951,-31751,-4.87,619117,630000,1399-9-10
674,تسه9802,امتياز تسهيلات مسكن ارديبهشت98,62,527,323091886,638206,610000,620000,-18206,-2.85,613078,-25128,-3.94,610000,630000,1399-9-10
675,ضشنا1036,اختيارخ شپنا-16000-1399/10/23,61,435,1546602000,3277,3760,3440,163,4.97,3555,278,8.48,3300,3800,1399-9-10
676,گكيش,توريستي ورفاهي آبادگران كيش,60,31002,1817616258,60442,58629,58629,-1813,-3.0,60270,-172,-0.28,58629,58629,1399-9-10
677,اخزا809,اسنادخزانه-م9بودجه98-000923,60,124337,104691966199,841000,838103,842000,1000,0.12,842002,1002,0.12,838103,844900,1399-9-10
678,ضصاد1100,اختيارخ وبصادر-2500-1399/11/12,60,1998,2766628000,1223,1399,1300,77,6.3,1385,162,13.25,1300,1450,1399-9-10
679,فافزا,فولاد افزا سپاهان,58,140012,6117964352,45047,43696,43696,-1351,-3.0,44617,-430,-0.95,43696,43696,1399-9-10
680,ضسپا1102,اختيارخ خساپا-2000-1399/11/26,57,1485,1923154000,1296,1369,1300,4,0.31,1295,-1,-0.08,1200,1369,1399-9-10
681,وسزنجان,شركت س استان زنجان,57,1331134,1797030900,1420,1350,1350,-70,-4.93,1420,0,0.0,1350,1350,1399-9-10
682,جوين,كشت و صنعت جوين,56,434233,9827127023,21972,22631,22631,659,3.0,22284,312,1.42,22631,22631,1399-9-10
683,اخزا815,اسنادخزانه-م15بودجه98-010406,56,107816,81436633813,753239,760000,755010,1771,0.24,755330,2091,0.28,754000,760000,1399-9-10
684,سكه0012پ01,سكه تمام بهارتحويلي 1روزه رفاه,53,39200,43067354400,1048098,1098657,1098657,50559,4.82,1098657,50559,4.82,1098657,1098657,1399-9-10
685,تسه9808,امتياز تسهيلات مسكن آبان98,53,1088,672592308,649414,616944,629000,-20414,-3.14,618191,-31223,-4.81,616944,629000,1399-9-10
686,اخزا816,اسنادخزانه-م16بودجه98-010503,52,92263,68604555441,743193,735000,746000,2807,0.38,743576,383,0.05,727817,747999,1399-9-10
687,اخزا808,اسنادخزانه-م8بودجه98-000817,52,27342,23578686235,861707,862400,860000,-1707,-0.2,862361,654,0.08,860000,866998,1399-9-10
688,تسه9712,امتياز تسهيلات مسكن اسفند97,48,848,548356496,635801,630000,648000,12199,1.92,646647,10846,1.71,630000,667583,1399-9-10
689,وسكرشا,س.سهام عدالت استان كرمانشاه,47,788752,946502400,1260,1200,1200,-60,-4.76,1260,0,0.0,1200,1200,1399-9-10
690,سكه0112پ03,سكه تمام بهارتحويلي1روزه سامان,46,24600,27026962200,1048599,1098657,1098657,50058,4.77,1098657,50058,4.77,1098657,1098657,1399-9-10
691,وآفري,بيمه كارآفرين,46,1438969,21017581214,14181,14606,14606,425,3.0,14606,425,3.0,14606,14606,1399-9-10
692,ضفار1125,اختيارخ فارس-17826-1399/11/07,46,998,1433936000,718,700,662,-56,-7.8,718,0,0.0,662,769,1399-9-10
693,سخواف,سيمان مجد خواف,44,230049,3599576703,16130,15647,15647,-483,-2.99,16038,-92,-0.57,15647,15647,1399-9-10
694,شستا991,اجاره تامين اجتماعي-امين991226,42,864,868053165,1001071,1009978,1009985,8914,0.89,1004691,3620,0.36,992019,1009986,1399-9-10
695,دعبيدح,ح . داروسازي‌ دكترعبيدي‌,42,206093,5980280880,28530,29500,29000,470,1.65,29020,490,1.72,29000,29500,1399-9-10
696,تسه9801,امتياز تسهيلات مسكن فروردين98,42,429,275807816,621395,590333,652000,30605,4.93,642909,21514,3.46,590333,652000,1399-9-10
697,ضخود1046,اختيارخ خودرو-5000-1399/10/07,42,1448,251801000,172,180,158,-14,-8.14,174,2,1.16,142,193,1399-9-10
698,ضپيك1020,اختيارخ تاپيكو-14000-99/10/16,41,149,684192000,3734,4800,4800,1066,28.55,4592,858,22.98,4300,4800,1399-9-10
699,اخزا820,اسنادخزانه-م20بودجه98-020806,41,61995,36087220720,580314,580000,582100,1786,0.31,582099,1785,0.31,580000,582970,1399-9-10
700,آينده,بازرگاني آينده سازان بهشت پارس,40,128977,2779712304,22218,21552,21552,-666,-3.0,22122,-96,-0.43,21552,21552,1399-9-10
701,تسه9709,امتياز تسهيلات مسكن آذر97,40,1302,740680458,598819,568879,568879,-29940,-5.0,568879,-29940,-5.0,568879,568879,1399-9-10
702,هترول911,اختيارف ت پترول-14730-99/11/15,40,342099,291810447,1466,853,853,-613,-41.81,853,-613,-41.81,853,853,1399-9-10
703,ثنظام,س. ساختماني نظام مهندسي ايران,39,58380,2387858760,42167,40902,40902,-1265,-3.0,42006,-161,-0.38,40902,40902,1399-9-10
704,وسخراش,شركت س استان خراسان شمالي,39,643263,842674530,1370,1310,1310,-60,-4.38,1370,0,0.0,1310,1310,1399-9-10
705,اخزا904,اسنادخزانه-م4بودجه99-011215,38,59429,38684315196,658071,650000,654908,-3163,-0.48,650933,-7138,-1.08,650000,656994,1399-9-10
706,هبركت912,اختيارف ت بركت-22100-99/12/17,36,200000,444400000,4163,2222,2222,-1941,-46.63,2222,-1941,-46.63,2222,2222,1399-9-10
707,اراد35,مرابحه عام دولت3-ش.خ 0103,36,461500,424580000000,949038,920000,920000,-29038,-3.06,920000,-29038,-3.06,920000,920000,1399-9-10
708,وساربيل,شركت س استان اردبيل,35,603044,735713680,1280,1220,1220,-60,-4.69,1280,0,0.0,1220,1220,1399-9-10
709,ضخود1041,اختيارخ خودرو-2500-1399/10/07,35,346,577573000,1536,1500,1610,74,4.82,1669,133,8.66,1500,1798,1399-9-10
710,اخزا821,اسنادخزانه-م21بودجه98-020906,35,17023,9845481756,577211,575500,575102,-2109,-0.37,578363,1152,0.2,575001,578990,1399-9-10
711,فوكا,فولاد كاويان,35,30854,613099834,20485,19871,19871,-614,-3.0,20477,-8,-0.04,19871,19871,1399-9-10
712,سخند,صندوق س.سپهرخبرگان نفت-د,35,181610,1833644810,10099,10101,10078,-21,-0.21,10097,-2,-0.02,10076,10119,1399-9-10
713,اوصتا,صندوق انديشه ورزان صباتامين -د,34,817990,14069118968,17203,17190,17185,-18,-0.1,17200,-3,-0.02,17185,17210,1399-9-10
714,وسقم,شركت س استان قم,33,260913,349623420,1410,1340,1340,-70,-4.96,1410,0,0.0,1340,1340,1399-9-10
715,اخزا812,اسنادخزانه-م12بودجه98-001111,33,100669,83096121667,822371,822000,824002,1631,0.2,825439,3068,0.37,822000,835000,1399-9-10
716,ضشنا1035,اختيارخ شپنا-14000-1399/10/23,32,211,1073374000,4944,5300,5100,156,3.16,5087,143,2.89,4980,5300,1399-9-10
717,تسه9806,امتياز تسهيلات مسكن شهريور98,32,656,401958082,637511,605636,620000,-17511,-2.75,612741,-24770,-3.89,605636,629990,1399-9-10
718,لخانه,لوازم‌ خانگي‌ پارس‌,32,14398,799261776,58433,55512,55512,-2921,-5.0,58310,-123,-0.21,55512,55512,1399-9-10
719,هفارس912,اختيارف ت فارس-14576-99/12/13,31,204859,149342211,1342,729,729,-613,-45.68,729,-613,-45.68,729,729,1399-9-10
720,فنرژي,گسترش صنايع انرژي آذرآب,31,134905,1394108270,10544,10334,10334,-210,-1.99,10514,-30,-0.28,10334,10334,1399-9-10
721,ضفار1123,اختيارخ فارس-13826-1399/11/07,31,263,1190586000,2000,2500,2290,290,14.5,2263,263,13.15,2199,2500,1399-9-10
722,وسبوشهر,شركت س استان بوشهر,30,321691,386029200,1260,1200,1200,-60,-4.76,1260,0,0.0,1200,1200,1399-9-10
723,وسخراج,شركت س استان خراسان جنوبي,30,462004,979448480,2230,2120,2120,-110,-4.93,2230,0,0.0,2120,2120,1399-9-10
724,آكورد2,صندوق س. آرمان آتي كوثر-د,30,3000000,3000000,29556,1,1,-29555,-100.0,1,-29555,-100.0,1,1,1399-9-10
725,وسيزد,شركت س استان يزد,29,327942,400089240,1280,1220,1220,-60,-4.69,1280,0,0.0,1220,1220,1399-9-10
726,لازما,كارخانه هاي صنعتي آزمايش,29,36204,1052052036,30269,29059,29059,-1210,-4.0,30135,-134,-0.44,29059,29059,1399-9-10
727,ضچاد1017,اختيارخ كچاد-20000-1399/10/02,29,329,878133000,2107,2200,2561,454,21.55,2669,562,26.67,1801,2850,1399-9-10
728,اخزا817,اسنادخزانه-م17بودجه98-010512,28,53313,39523113415,739929,740555,742500,2571,0.35,741341,1412,0.19,740000,742500,1399-9-10
729,اخزا806,اسنادخزانه-م6بودجه98-000519,27,125383,111586929731,887363,883201,891000,3637,0.41,889969,2606,0.29,883201,891000,1399-9-10
730,سكه9912پ04,سكه تمام بهارتحويل1روزه صادرات,27,11000,12085227000,1046340,1098657,1098657,52317,5.0,1098657,52317,5.0,1098657,1098657,1399-9-10
731,وشمال,س. چشم انداز توسعه شمال,26,15439,1543498586,103065,99974,99974,-3091,-3.0,102813,-252,-0.24,99974,99974,1399-9-10
732,تسه9902,امتياز تسهيلات مسكن ارديبهشت99,26,1292,826629312,673454,643653,639782,-33672,-5.0,639806,-33648,-5.0,639782,643653,1399-9-10
733,تسه9809,امتياز تسهيلات مسكن آذر98,25,111,68755305,645742,613455,613455,-32287,-5.0,619417,-26325,-4.08,613455,630000,1399-9-10
734,سايرا,ايرانيت‌,25,63858,2266343348,35559,35081,35370,-189,-0.53,35543,-16,-0.04,34904,36270,1399-9-10
735,وسكهبو,س.عدالت ا. كهگيلويه وبويراحمد,25,201702,217838160,1130,1080,1080,-50,-4.42,1130,0,0.0,1080,1080,1399-9-10
736,اخزا811,اسنادخزانه-م11بودجه98-001013,24,134251,112280297022,836025,832500,836031,6,0.0,836346,321,0.04,832500,840000,1399-9-10
737,وسيلام,شركت س استان ايلام,24,258449,304969820,1240,1180,1180,-60,-4.84,1240,0,0.0,1180,1180,1399-9-10
738,اخزا814,اسنادخزانه-م14بودجه98-010318,23,26915,20579580638,765584,761558,763002,-2582,-0.34,764614,-970,-0.13,761558,765111,1399-9-10
739,وسمركز,شركت س استان مركزي,22,533595,709681350,1400,1330,1330,-70,-5.0,1400,0,0.0,1330,1330,1399-9-10
740,وسگلستا,شركت س استان گلستان,21,367089,433165020,1240,1180,1180,-60,-4.84,1240,0,0.0,1180,1180,1399-9-10
741,اخزا901,اسنادخزانه-م1بودجه99-010621,21,21521,15554094679,720485,711112,728000,7515,1.04,722740,2255,0.31,711112,728001,1399-9-10
742,ضمخا7070,اختيارخ اخابر-20000-1400/07/28,20,296,880549000,3053,3200,2950,-103,-3.37,2975,-78,-2.55,2800,3200,1399-9-10
743,ضخود1040,اختيارخ خودرو-2000-1399/10/07,20,254,553892000,2062,2210,2100,38,1.84,2181,119,5.77,2080,2260,1399-9-10
744,ضفلا1154,اختيارخ فولاد-12000-1399/11/28,20,120,486255000,4018,4000,3900,-118,-2.94,4052,34,0.85,3900,4300,1399-9-10
745,تسه9804,امتياز تسهيلات مسكن تير98,20,159,95306878,614491,583767,619990,5499,0.89,599414,-15077,-2.45,583767,619990,1399-9-10
746,اخزا813,اسنادخزانه-م13بودجه98-010219,19,6695,5172287926,772415,771000,774002,1587,0.21,772560,145,0.02,770000,775500,1399-9-10
747,نگين,ص.س. زمين و ساختمان نگين شهرري,19,5638,274783100,48520,49000,48600,80,0.16,48740,220,0.45,48500,49000,1399-9-10
748,ضبدر1150,اختيارخ شبندر-32000-1399/11/19,19,143,486520000,2848,3420,3420,572,20.08,3402,554,19.45,3300,3420,1399-9-10
749,سپرمي,پرميت‌,19,34037,283992943,8277,8359,8359,82,0.99,8281,4,0.05,8195,8359,1399-9-10
750,اخزا804,اسنادخزانه-م4بودجه98-000421,18,103005,92628971400,894517,895974,902000,7483,0.84,899267,4750,0.53,895973,902000,1399-9-10
751,ضچاد1016,اختيارخ كچاد-18000-1399/10/02,18,208,807676000,3264,3550,4000,736,22.55,3883,619,18.96,3550,4039,1399-9-10
752,غشوكو,شوكو پارس,18,4935,211696695,44223,42897,42897,-1326,-3.0,44208,-15,-0.03,42897,42897,1399-9-10
753,داريك,صندوق س.اعتماد داريك-د,18,40253,408085218,10123,10149,10153,30,0.3,10138,15,0.15,10124,10155,1399-9-10
754,گنجين,صندوق س. گنجينه يكم آويد-د,17,120876,1416511368,11718,11727,11718,0,0.0,11719,1,0.01,11718,11727,1399-9-10
755,ضغدر1121,اختيارخ وغدير-14000-1399/11/26,17,429,974606000,2534,2052,2750,216,8.52,2272,-262,-10.34,2051,2800,1399-9-10
756,ضملت1128,اختيارخ وبملت-6000-1399/11/28,17,414,380980000,824,900,850,26,3.16,920,96,11.65,810,1000,1399-9-10
757,ضپيك1021,اختيارخ تاپيكو-16000-99/10/16,16,39,117000000,2442,3000,3000,558,22.85,3000,558,22.85,3000,3000,1399-9-10
758,ضمخا1025,اختيارخ اخابر-16000-1399/10/30,15,387,848235000,2283,2200,2300,17,0.74,2192,-91,-3.99,2000,2300,1399-9-10
759,پلوله,گازلوله‌,15,33667,617789450,18535,18350,18350,-185,-1.0,18512,-23,-0.12,18350,18350,1399-9-10
760,پست0008پ08,پسته فندقي32-30مه ولات0008(پ),15,2040,3623661000,1800358,1840000,1770000,-30358,-1.69,1776304,-24054,-1.34,1750000,1840000,1399-9-10
761,كرونا2,تامين مالي جمعي صرفا اهداي سود,15,1793,17930000,10000,10000,10000,0,0.0,10000,0,0.0,10000,10000,1399-9-10
762,اخزا704,اسنادخزانه-م4بودجه97-991022,15,1952,1911917830,978839,982990,978593,-246,-0.03,979466,627,0.06,976610,982990,1399-9-10
763,ضفار1126,اختيارخ فارس-19826-1399/11/07,15,229,171268000,301,490,350,49,16.28,374,73,24.25,310,490,1399-9-10
764,غشوكوح,ح . شوكو پارس,14,5923,214186200,38272,37000,36000,-2272,-5.94,36162,-2110,-5.51,36000,37000,1399-9-10
765,خعمرا,توسعه و عمران شهرستان نائين,14,35466,621080592,16679,17512,17512,833,4.99,16704,25,0.15,17512,17512,1399-9-10
766,ضپيك1019,اختيارخ تاپيكو-12000-99/10/16,14,71,424030000,5049,5900,5901,852,16.87,5972,923,18.28,5900,6500,1399-9-10
767,ضپنا1022,اختيارخ رمپنا-18806-1399/10/09,13,369,1689524800,1917,2900,3100,1183,61.71,3092,1175,61.29,2900,3100,1399-9-10
768,كابگن,توليدي و صنعتي آبگينه‌,13,35380,177006140,4905,5003,5003,98,2.0,4908,3,0.06,5003,5003,1399-9-10
769,ضغدر1123,اختيارخ وغدير-18000-1399/11/26,12,102,122400000,1800,1200,1200,-600,-33.33,1200,-600,-33.33,1200,1200,1399-9-10
770,پلاست,كارخانجات توليدي پلاستيران,12,13212,549764532,42897,41611,41611,-1286,-3.0,42860,-37,-0.09,41611,41611,1399-9-10
771,ضفار1122,اختيارخ فارس-11826-1399/11/07,11,58,408908000,3046,3900,3450,404,13.26,3525,479,15.73,3201,4000,1399-9-10
772,ضفلا1153,اختيارخ فولاد-10000-1399/11/28,11,42,242200000,5401,5700,5600,199,3.68,5767,366,6.78,5600,6000,1399-9-10
773,عيار2,صندوق س. پشتوانه طلاي مفيد,10,100000,100000,26593,1,1,-26592,-100.0,1,-26592,-100.0,1,1,1399-9-10
774,ضفلا1151,اختيارخ فولاد-8000-1399/11/28,10,114,894867000,7000,7475,7501,501,7.16,7850,850,12.14,7400,7990,1399-9-10
775,ضجار1018,اختيارخ وتجارت-5000-1399/10/21,10,355,56247000,140,150,179,39,27.86,158,18,12.86,150,179,1399-9-10
776,اخزا713,اسنادخزانه-م13بودجه97-000518,10,6571,5843236730,889000,877777,892000,3000,0.34,889246,246,0.03,877777,902999,1399-9-10
777,كايتاح,ح.ايتالران‌,10,49556,699033404,13696,14106,14106,410,2.99,14106,410,2.99,14105,14106,1399-9-10
778,ضپاس1005,اختيارخ وپارس-4500-1399/10/30,10,408,183545000,349,395,450,101,28.94,450,101,28.94,395,450,1399-9-10
779,اخزا810,اسنادخزانه-م10بودجه98-001006,10,7040,5887140941,832042,833706,836000,3958,0.48,836242,4200,0.5,833706,838000,1399-9-10
780,ضغدر1122,اختيارخ وغدير-16000-1399/11/26,9,157,265500000,800,1700,1640,840,105.0,1691,891,111.38,1600,1800,1399-9-10
781,كشم0001پ01,كشمش سبز0001خليل آباد(پ),9,121,47407095,409334,409000,388868,-20466,-5.0,391794,-17540,-4.29,388868,409000,1399-9-10
782,اخزا906,اسنادخزانه-م6بودجه99-020321,9,20100,12500444794,610002,622000,619010,9008,1.48,621913,11911,1.95,619010,623000,1399-9-10
783,ضچاد1013,اختيارخ كچاد-12000-1399/10/02,8,15,132826000,8000,8731,8731,731,9.14,8855,855,10.69,8731,8901,1399-9-10
784,ضمخا1024,اختيارخ اخابر-14000-1399/10/30,8,125,384600000,2996,3000,3400,404,13.48,3077,81,2.7,3000,3400,1399-9-10
785,فسديد,لوله‌وتجهيزات‌ سديد - ورشكسته,8,2938,318012058,110450,108241,108241,-2209,-2.0,110306,-144,-0.13,108241,108241,1399-9-10
786,ضسپا1100,اختيارخ خساپا-1600-1399/11/26,8,85,144488000,1506,1771,1600,94,6.24,1700,194,12.88,1600,1775,1399-9-10
787,ضصاد1106,اختيارخ وبصادر-6000-1399/11/12,8,518,51882000,118,110,100,-18,-15.25,100,-18,-15.25,91,110,1399-9-10
788,ساذري,آذريت‌,8,35766,213844914,5805,5979,5979,174,3.0,5807,2,0.03,5979,5979,1399-9-10
789,تملي702,تسهيلات مسكن ب. ملي-ارديبهشت97,8,184,143571888,821349,780282,780282,-41067,-5.0,780282,-41067,-5.0,780282,780282,1399-9-10
790,معيار,سرمايه گذاري معيار صنعت پارس,8,8621,245534701,29062,28481,28481,-581,-2.0,29047,-15,-0.05,28481,28481,1399-9-10
791,غيوان,كيوان,8,38130,594828000,15295,15600,15600,305,1.99,15331,36,0.24,15600,15600,1399-9-10
792,صمسكن912,ص دين مسكن جنوب-ماهانه16درصد,8,1557,94660053,63530,60365,61719,-1811,-2.85,60796,-2734,-4.3,60365,61719,1399-9-10
793,اخزا721,اسنادخزانه-م21بودجه97-000728,8,102159,88067084235,861533,862001,863000,1467,0.17,862059,526,0.06,862001,864000,1399-9-10
794,ضسپا1101,اختيارخ خساپا-1800-1399/11/26,8,33,50518000,1379,1550,1550,171,12.4,1531,152,11.02,1138,1570,1399-9-10
795,ضملت1126,اختيارخ وبملت-4500-1399/11/28,7,111,221459000,1656,2099,1995,339,20.47,1995,339,20.47,1980,2099,1399-9-10
796,تملي612,تسهيلات مسكن بانك ملي-اسفند96,7,93,90892341,930798,977337,977337,46539,5.0,977337,46539,5.0,977337,977337,1399-9-10
797,سرو2,صندوق س سروسودمند مدبران-سهام,7,700000,700000,66710,1,1,-66709,-100.0,1,-66709,-100.0,1,1,1399-9-10
798,حرهشا,رهشاد سپاهان (سهامي عام,6,2163,130197459,62054,60193,60193,-1861,-3.0,62042,-12,-0.02,60193,60193,1399-9-10
799,ضچاد1018,اختيارخ كچاد-24000-1399/10/02,6,32,138300000,10,8900,1200,1190,11900.0,4322,4312,43120.0,1000,8900,1399-9-10
800,ضخوز1013,اختيارخ فخوز-10667-1399/10/16,6,14,185717000,10900,11717,14900,4000,36.7,13265,2365,21.7,11000,14900,1399-9-10
801,اخزا722,اسنادخزانه-م22بودجه97-000428,6,4331,3909367352,895011,895322,904900,9889,1.1,902648,7637,0.85,895322,905000,1399-9-10
802,ضصاد1105,اختيارخ وبصادر-5000-1399/11/12,6,352,70280000,192,200,175,-17,-8.85,200,8,4.17,155,200,1399-9-10
803,ضگل1141,اختيارخ كگل-14000-1399/11/21,6,19,127700000,6200,6900,6500,300,4.84,6721,521,8.4,6500,7200,1399-9-10
804,فن آوا,گروه فن آوا,6,17357,244403917,14516,14081,14081,-435,-3.0,14511,-5,-0.03,14081,14081,1399-9-10
805,صگل1411,ص اجاره گل گهر 1411-3 ماهه 17%,5,69,69609380,956000,1009990,1009990,53990,5.65,1008832,52832,5.53,999999,1009990,1399-9-10
806,پست0008پ09,پسته بادامي30-28مه ولات0008(پ),5,209,339003605,1699000,1620000,1629799,-69201,-4.07,1622027,-76973,-4.53,1614050,1629800,1399-9-10
807,ضمخا7066,اختيارخ اخابر-12000-1400/07/28,5,10,72100000,6344,7400,6300,-44,-0.69,7210,866,13.65,6100,7500,1399-9-10
808,تملي708,تسهيلات مسكن ب. ملي-آبان97,5,69,51949893,717045,752897,752897,35852,5.0,752897,35852,5.0,752897,752897,1399-9-10
809,ضغدر1120,اختيارخ وغدير-12000-1399/11/26,5,49,189957000,3586,3890,3886,300,8.37,3877,291,8.11,3788,3890,1399-9-10
810,ضپيك1023,اختيارخ تاپيكو-20000-99/10/16,5,37,51600000,2000,2200,1400,-600,-30.0,1395,-605,-30.25,1200,2200,1399-9-10
811,ضجار1011,اختيارخ وتجارت-1800-1399/10/21,5,10,23394000,2000,2374,2350,350,17.5,2339,339,16.95,2200,2374,1399-9-10
812,ضغدر1118,اختيارخ وغدير-9000-1399/11/26,5,30,173679000,5135,6729,5512,377,7.34,5789,654,12.74,5512,6729,1399-9-10
813,تملي804,تسهيلات مسكن ب. ملي-تير98,5,82,81271102,943916,991111,991111,47195,5.0,991111,47195,5.0,991111,991111,1399-9-10
814,سلامت4,مرابحه دولتي تعاون-لوتوس991118,5,65000,65000650000,1000000,1000010,1000010,10,0.0,1000010,10,0.0,1000010,1000010,1399-9-10
815,ومشان,س. فني و مهندسي مشانير,5,659,37818692,59162,57388,57388,-1774,-3.0,59159,-3,-0.01,57388,57388,1399-9-10
816,گوهر2,صندوق سكه طلاي كيان,5,50000,50000,53425,1,1,-53424,-100.0,1,-53424,-100.0,1,1,1399-9-10
817,اخزا723,اسنادخزانه-م23بودجه97-000824,5,102200,87187850000,857000,853000,858000,1000,0.12,853110,-3890,-0.45,853000,858000,1399-9-10
818,اخزا720,اسنادخزانه-م20بودجه97-000324,5,1911,1744472556,911568,910001,912901,1333,0.15,912858,1290,0.14,910001,912901,1399-9-10
819,ضپاس1002,اختيارخ وپارس-3000-1399/10/30,4,100,139837000,1172,1395,1400,228,19.45,1398,226,19.28,1395,1400,1399-9-10
820,ضچاد1012,اختيارخ كچاد-10000-1399/10/02,4,7,80686000,10680,11900,10688,8,0.07,11527,847,7.93,10688,11900,1399-9-10
821,ضمخا7069,اختيارخ اخابر-18000-1400/07/28,4,7,24250000,6000,1000,4750,-1250,-20.83,3464,-2536,-42.27,1000,4750,1399-9-10
822,ضجار1013,اختيارخ وتجارت-2500-1399/10/21,4,56,95004000,1537,1720,1690,153,9.95,1696,159,10.34,1690,1720,1399-9-10
823,تملي805,تسهيلات مسكن ب. ملي-مرداد98,3,66,36454110,526034,552335,552335,26301,5.0,552335,26301,5.0,552335,552335,1399-9-10
824,ضبدر1149,اختيارخ شبندر-28000-1399/11/19,3,11,60500000,5064,5500,5500,436,8.61,5500,436,8.61,5500,5500,1399-9-10
825,ضخود1047,اختيارخ خودرو-6000-1399/10/07,3,108,7713000,96,71,80,-16,-16.67,71,-25,-26.04,71,80,1399-9-10
826,اخزا807,اسنادخزانه-م7بودجه98-000719,3,2649,2294330802,866306,866011,866500,194,0.02,866112,-194,-0.02,866011,866500,1399-9-10
827,تملي809,تسهيلات مسكن ب. ملي-آذر98,3,110,24073280,218848,218848,218848,0,0.0,218848,0,0.0,218848,218848,1399-9-10
828,شستا003,اجاره تامين اجتماعي-سپهر000523,3,41,41290013,1000750,990001,1039999,39249,3.92,1007073,6323,0.63,990001,1039999,1399-9-10
829,ضملت1125,اختيارخ وبملت-4000-1399/11/28,3,11,26775000,2126,2400,2475,349,16.42,2434,308,14.49,2400,2475,1399-9-10
830,ضپاس1003,اختيارخ وپارس-3500-1399/10/30,3,100,107673000,841,1076,1077,236,28.06,1077,236,28.06,1076,1077,1399-9-10
831,تبريز112,مشاركت شهرداري تبريز-3ماهه18%,3,212,202150000,945697,952500,962500,16803,1.78,953538,7841,0.83,952500,962500,1399-9-10
832,ضپار1115,اختيارخ خپارس-5000-1399/11/19,3,33,135670000,4256,2500,3900,-356,-8.36,4111,-145,-3.41,2500,5997,1399-9-10
833,ضملت1127,اختيارخ وبملت-5000-1399/11/28,3,114,175818000,1446,1550,1487,41,2.84,1542,96,6.64,1487,1550,1399-9-10
834,ضجار1010,اختيارخ وتجارت-1600-1399/10/21,3,11,27634000,2250,2512,2513,263,11.69,2512,262,11.64,2512,2513,1399-9-10
835,اعتماد2,صندوق س.اعتماد آفرين پارسيان-د,3,21000000,21000000,33566,1,1,-33565,-100.0,1,-33565,-100.0,1,1,1399-9-10
836,اراد55,مرابحه عام دولت5-ش.خ 0209,2,59000,54769110000,928160,928290,928290,130,0.01,928290,130,0.01,928290,928290,1399-9-10
837,بذر2,صندوق س بذر اميد آفرين-سهام,2,3170000,3170000,110100,1,1,-110099,-100.0,1,-110099,-100.0,1,1,1399-9-10
838,حريل02,اجاره ريل پردازسير021212,2,100,101408650,1014086,1014086,1014087,1,0.0,1014086,0,0.0,1014086,1014087,1399-9-10
839,هاباد912,اختيارف ت آبادا-30100-99/12/12,2,11,121869,10498,11079,11079,581,5.53,11079,581,5.53,11079,11079,1399-9-10
840,اخزا805,اسنادخزانه-م5بودجه98-000422,2,138,124338100,899569,901000,901001,1432,0.16,901001,1432,0.16,901000,901001,1399-9-10
841,ضفلا1157,اختيارخ فولاد-18000-1399/11/28,2,8,8704000,985,1193,902,-83,-8.43,1088,103,10.46,902,1150,1399-9-10
842,ضصاد1107,اختيارخ وبصادر-7000-1399/11/12,2,100,8000000,90,80,80,-10,-11.11,80,-10,-11.11,80,80,1399-9-10
843,زعف0008پ15,زعفران0008پوشالمعمول طلاسرخ(پ),2,51,5381508,101437,105500,106508,5071,5.0,105520,4083,4.03,105500,106508,1399-9-10
844,ضشنا1045,اختيارخ شپنا-12000-1399/10/23,2,11,84707000,7500,7707,7700,200,2.67,7701,201,2.68,7700,7707,1399-9-10
845,تسه9811,امتياز تسهيلات مسكن بهمن98,2,15,10180185,714398,678679,678679,-35719,-5.0,678679,-35719,-5.0,678679,678679,1399-9-10
846,ونفت2,سرمايه‌گذاري‌ صنعت‌ نفت‌,2,11000000,167420000000,14970,15220,15220,250,1.67,15220,250,1.67,15220,15220,1399-9-10
847,ضپيك1022,اختيارخ تاپيكو-18000-99/10/16,2,28,48480000,1810,1010,2020,210,11.6,1731,-79,-4.36,1010,2020,1399-9-10
848,دمعيار2,صندوق س. توازن معيار-د,2,12000000,12000000,10040,1,1,-10039,-99.99,1,-10039,-99.99,1,1,1399-9-10
849,آبادا2,توليد نيروي برق آبادان,2,37500000,675750000000,17170,18020,18020,850,4.95,18020,850,4.95,18020,18020,1399-9-10
850,ضپنا1023,اختيارخ رمپنا-21506-1399/10/09,2,20,82936000,1300,2800,2800,1500,115.38,2800,1500,115.38,2800,2800,1399-9-10
851,ضجار1012,اختيارخ وتجارت-2000-1399/10/21,2,35,83000000,2033,2400,2300,267,13.13,2371,338,16.63,2300,2400,1399-9-10
852,ضگل1142,اختيارخ كگل-16000-1399/11/21,2,2,12888000,4500,5538,7350,2850,63.33,6444,1944,43.2,5538,7350,1399-9-10
853,صخود412,ص مرابحه خودرو412- 3ماهه 18%,2,100,98001900,981107,980019,980019,-1088,-0.11,980019,-1088,-0.11,980019,980019,1399-9-10
854,ضملت1124,اختيارخ وبملت-3500-1399/11/28,2,4,11860000,2350,2965,2965,615,26.17,2965,615,26.17,2965,2965,1399-9-10
855,ضشنا1037,اختيارخ شپنا-18000-1399/10/23,2,4,10398000,3899,2010,3189,-710,-18.21,2599,-1300,-33.34,2010,3189,1399-9-10
856,پارسيان2,بيمه پارسيان,2,49000000,716380000000,13930,14620,14620,690,4.95,14620,690,4.95,14620,14620,1399-9-10
857,ضپيك1024,اختيارخ تاپيكو-24000-99/10/16,2,6,1803000,1000,300,301,-699,-69.9,300,-700,-70.0,300,301,1399-9-10
858,اراد43,مرابحه عام دولت4-ش.خ 0205,1,500,452500000,931000,905000,905000,-26000,-2.79,905000,-26000,-2.79,905000,905000,1399-9-10
859,صفارس307,صكوك اجاره فارس307- 3ماهه18%,1,300,279450000,944500,931500,931500,-13000,-1.38,931500,-13000,-1.38,931500,931500,1399-9-10
860,صدف0482,صكوك مرابحه صدف048-3ماهه 18%,1,400000,400000000000,1000000,1000000,1000000,0,0.0,1000000,0,0.0,1000000,1000000,1399-9-10
861,اخزا8122,اسنادخزانه-م12بودجه98-001111,1,730270,603585681480,822371,826524,826524,4153,0.51,826524,4153,0.51,826524,826524,1399-9-10
862,ضسان1040,اختيارخ پارسان-24000-99/10/14,1,2,6000000,1399,3000,3000,1601,114.44,3000,1601,114.44,3000,3000,1399-9-10
863,ضخوز1014,اختيارخ فخوز-12191-1399/10/16,1,4,36000000,7751,9000,9000,1249,16.11,9000,1249,16.11,9000,9000,1399-9-10
864,اخزا8082,اسنادخزانه-م8بودجه98-000817,1,175293,150751980000,861707,860000,860000,-1707,-0.2,860000,-1707,-0.2,860000,860000,1399-9-10
865,ضپنا1020,اختيارخ رمپنا-13406-1399/10/09,1,20,231036000,6441,7800,7800,1359,21.1,7800,1359,21.1,7800,7800,1399-9-10
866,اراد504,مرابحه عام دولت5-ش.خ0302,1,200000,200000000000,968000,1000000,1000000,32000,3.31,1000000,32000,3.31,1000000,1000000,1399-9-10
867,ضملت1129,اختيارخ وبملت-7000-1399/11/28,1,10,5000000,1,500,500,499,49900.0,500,499,49900.0,500,500,1399-9-10
868,ضفار1127,اختيارخ فارس-23826-1399/11/07,1,10,460000,500,23,23,-477,-95.4,23,-477,-95.4,23,23,1399-9-10
869,ضپنا1021,اختيارخ رمپنا-16106-1399/10/09,1,10,77012000,4392,5200,5200,808,18.4,5200,808,18.4,5200,5200,1399-9-10
870,فولاد2,فولاد مباركه اصفهان,1,1450000,19923000000,13740,13740,13740,0,0.0,13740,0,0.0,13740,13740,1399-9-10
871,گندم2,مرابحه گندم2-واجدشرايط خاص1400,1,600,579319800,953334,965533,965533,12199,1.28,965533,12199,1.28,965533,965533,1399-9-10
872,خساپا2,سايپا,1,100000000,307000000000,2930,3070,3070,140,4.78,3070,140,4.78,3070,3070,1399-9-10
873,افران2,صندوق س افرا نماد پايدار-ثابت,1,100000,100000,12187,1,1,-12186,-99.99,1,-12186,-99.99,1,1,1399-9-10
874,ضفار1121,اختيارخ فارس-9826-1399/11/07,1,1,9952000,4972,4976,4976,4,0.08,4976,4,0.08,4976,4976,1399-9-10
875,قثابت2,قند ثابت‌ خراسان‌,1,5500000,435875000000,75480,79250,79250,3770,4.99,79250,3770,4.99,79250,79250,1399-9-10
876,ضمخا1033,اختيارخ اخابر-10000-1399/10/30,1,1,6502000,5000,6502,6502,1502,30.04,6502,1502,30.04,6502,6502,1399-9-10
877,حكشتي2,كشتيراني جمهوري اسلامي ايران,1,2492613,78741644670,30090,31590,31590,1500,4.99,31590,1500,4.99,31590,31590,1399-9-10
878,سپ2,پرداخت الكترونيك سامان كيش,1,24000000,415200000000,17290,17300,17300,10,0.06,17300,10,0.06,17300,17300,1399-9-10
879,شستا992,اجاره تامين اجتماعي-سپهر991226,1,44,44000000,1000000,1000000,1000000,0,0.0,1000000,0,0.0,1000000,1000000,1399-9-10
880,ضفار1120,اختيارخ فارس-8826-1399/11/07,1,1,11912000,4773,5956,5956,1183,24.79,5956,1183,24.79,5956,5956,1399-9-10
881,فبستم,صنايع ‌بسته‌بندي‌ مشهد,1,2022,1649952,793,816,816,23,2.9,793,0,0.0,816,816,1399-9-10
882,ومهان2,گروه توسعه مالي مهر آيندگان,1,6814626,114976369872,16872,16872,16872,0,0.0,16872,0,0.0,16872,16872,1399-9-10
883,حآسا4,آسيا سير ارس,1,661167,14735428929,21367,22287,22287,920,4.31,22287,920,4.31,22287,22287,1399-9-10
884,رايان911,مشاركت رايان سايپا-3ماهه18%,1,5,4950000,999999,990000,990000,-9999,-1.0,990000,-9999,-1.0,990000,990000,1399-9-10
885,تملي803,تسهيلات مسكن ب. ملي-خرداد98,1,20,10152660,483460,507633,507633,24173,5.0,507633,24173,5.0,507633,507633,1399-9-10
886,مكرج112,مشاركت شهرداري كرج-3ماهه18%,1,150,142875000,964000,952500,952500,-11500,-1.19,952500,-11500,-1.19,952500,952500,1399-9-10
887,صايپا112,صكوك مرابحه سايپا112-3ماهه 16%,1,5,4900000,980000,980000,980000,0,0.0,980000,0,0.0,980000,980000,1399-9-10
888,ميدكو2,هلدينگ صنايع  معدني خاورميانه,1,19700000,523035000000,26499,26550,26550,51,0.19,26550,51,0.19,26550,26550,1399-9-10
889,غدشت2,دشت‌ مرغاب‌,1,1500000,411210000000,271770,274140,274140,2370,0.87,274140,2370,0.87,274140,274140,1399-9-10
890,پارسان2,گسترش نفت و گاز پارسيان,1,1000000,23400000000,22340,23400,23400,1060,4.74,23400,1060,4.74,23400,23400,1399-9-10
891,اخزا9032,اسنادخزانه-م3بودجه99-011110,1,136568,91500560000,664186,670000,670000,5814,0.88,670000,5814,0.88,670000,670000,1399-9-10
892,اخزا8054,اسنادخزانه-م5بودجه98-000422,1,168200,151307505800,899569,899569,899569,0,0.0,899569,0,0.0,899569,899569,1399-9-10
893,دانا2,بيمه دانا,1,5309617,35946107090,6450,6770,6770,320,4.96,6770,320,4.96,6770,6770,1399-9-10
894,اخزا8064,اسنادخزانه-م6بودجه98-000519,1,155543,138023103109,887363,887363,887363,0,0.0,887363,0,0.0,887363,887363,1399-9-10
895,مشير9911,مشاركت شهرداري شيراز-3ماهه16%,1,1500,1350990000,949000,900660,900660,-48340,-5.09,900660,-48340,-5.09,900660,900660,1399-9-10
896,اشاد10,مشاركت دولتي10-شرايط خاص001226,1,20000,18820020000,945000,941001,941001,-3999,-0.42,941001,-3999,-0.42,941001,941001,1399-9-10
897,خودرو2,ايران‌ خودرو,1,24000000,99840000000,4000,4160,4160,160,4.0,4160,160,4.0,4160,4160,1399-9-10
898,شتوكا4,توكا رنگ فولاد سپاهان,1,45000,1800135000,39449,40003,40003,554,1.4,40003,554,1.4,40003,40003,1399-9-10
899,اخزا9062,اسنادخزانه-م6بودجه99-020321,1,1000000,622000000000,610002,622000,622000,11998,1.97,622000,11998,1.97,622000,622000,1399-9-10
900,زير0003پ01,زيره سبز0003كيميابذر(پ),1,30,17100000,550000,570000,570000,20000,3.64,570000,20000,3.64,570000,570000,1399-9-10
901,اراد33,مرابحه عام دولت3-ش.خ 0303,1,500,445200000,904400,890400,890400,-14000,-1.55,890400,-14000,-1.55,890400,890400,1399-9-10
902,توريل4,توکاريل,1,1540000,32256840000,20385,20946,20946,561,2.75,20946,561,2.75,20946,20946,1399-9-10
903,وتجارت2,بانك تجارت,1,9200000,36800000000,3810,4000,4000,190,4.99,4000,190,4.99,4000,4000,1399-9-10
904,وسالت,بانك قرض الحسنه رسالت,1,1300,5866900,4299,4513,4513,214,4.98,4299,0,0.0,4513,4513,1399-9-10
905,گندم24,مرابحه گندم2-واجدشرايط خاص1400,1,302600,292170285800,953334,965533,965533,12199,1.28,965533,12199,1.28,965533,965533,1399-9-10
906,ياقوت2,صندوق س ياقوت آگاه-ثابت,1,22240000,22240000,11432,1,1,-11431,-99.99,1,-11431,-99.99,1,1,1399-9-10
907,ضفلا1152,اختيارخ فولاد-9000-1399/11/28,1,2,12940000,6460,6470,6470,10,0.15,6470,10,0.15,6470,6470,1399-9-10
908,ضگل1149,اختيارخ كگل-10000-1399/11/21,1,2,21000000,10324,10500,10500,176,1.7,10500,176,1.7,10500,10500,1399-9-10
909,ضمخا1027,اختيارخ اخابر-20000-1399/10/30,1,3,2550000,1000,850,850,-150,-15.0,850,-150,-15.0,850,850,1399-9-10
910,اخزا7234,اسنادخزانه-م23بودجه97-000824,1,208149,178383693000,857000,857000,857000,0,0.0,857000,0,0.0,857000,857000,1399-9-10
911,مشهد212,مشاركت ش مشهد212-3ماهه18%,1,1500,1355475000,951000,903650,903650,-47350,-4.98,903650,-47350,-4.98,903650,903650,1399-9-10
912,تملي704,تسهيلات مسكن ب. ملي-تير97,1,5,7615055,1603169,1523011,1523011,-80158,-5.0,1523011,-80158,-5.0,1523011,1523011,1399-9-10
