,نماد,نام,تعداد,حجم,ارزش,دیروز,اولین,آخرین معامله - مقدار,آخرین معامله - تغییر,آخرین معامله - درصد,قیمت پایانی - مقدار,قیمت پایانی - تغییر,قیمت پایانی - درصد,کمترین,بیشترین,تاریخ
0,ثاميد,توسعه و عمران اميد,240519,585543660,1402410197590,2370,2260,2480,110,4.64,2400,30,1.27,2260,2480,1399-7-12
1,غزر,صنعتي زر ماكارون,133138,11997551,716596018260,61710,58630,61360,-350,-0.57,59730,-1980,-3.21,58630,64000,1399-7-12
2,ثبهساز,بهساز كاشانه تهران,122479,305187593,1135663968480,3690,3510,3870,180,4.88,3720,30,0.81,3510,3870,1399-7-12
3,گدنا,تهيه توزيع غذاي دنا آفرين فدك,85536,987048,13120829064,12660,13293,13293,633,5.0,12818,158,1.25,13293,13293,1399-7-12
4,دارا يكم,صندوق واسطه گري مالي يكم-سهام,63910,17340100,3771249334660,201020,209620,221120,20100,10.0,217490,16470,8.19,206790,221120,1399-7-12
5,خگستر,گسترش‌سرمايه‌گذاري‌ايران‌خودرو,51642,780647460,3496371899280,4440,4400,4660,220,4.95,4480,40,0.9,4220,4660,1399-7-12
6,آريا,پليمر آريا ساسول,47686,9550955,1774922134552,185614,180500,183000,-2614,-1.41,185837,223,0.12,178900,194207,1399-7-12
7,شاروم,پتروشيمي اروميه,45365,737217,11431286802,14768,15506,15506,738,5.0,14929,161,1.09,15506,15506,1399-7-12
8,صباح,ح . سرمايه گذاري صبا تامين,40136,129084030,1119551869799,8881,8680,8555,-326,-3.67,8673,-208,-2.34,8440,9060,1399-7-12
9,دي,بانك دي,38583,77065385,3637361816606,46976,46100,47008,32,0.07,47198,222,0.47,44800,48840,1399-7-12
10,سيتا,سرمايه گذاري سيمان تامين,38221,48122301,960493297630,19140,19200,20090,950,4.96,19960,820,4.28,19200,20090,1399-7-12
11,فولاد,فولاد مباركه اصفهان,37819,178638666,3342359852500,17920,18290,18810,890,4.97,18710,790,4.41,17930,18810,1399-7-12
12,امين,تامين سرمايه امين,34564,21829597,289592024930,12640,13270,13270,630,4.98,13270,630,4.98,13110,13270,1399-7-12
13,وبصادر,بانك صادرات ايران,33506,896150573,3777634799290,4030,4230,4230,200,4.96,4220,190,4.71,4130,4230,1399-7-12
14,تاپيكو,س. نفت و گاز و پتروشيمي تأمين,30715,118600240,2720830557870,22210,22600,22480,270,1.22,22940,730,3.29,21980,23320,1399-7-12
15,فملي,ملي‌ صنايع‌ مس‌ ايران‌,30245,98419438,2955482157110,28730,29420,30160,1430,4.98,30030,1300,4.52,28730,30160,1399-7-12
16,صبا,سرمايه گذاري صبا تامين,29970,102177505,1170410205837,11808,11520,11330,-478,-4.05,11455,-353,-2.99,11218,11980,1399-7-12
17,وسپهر,سرمايه گذاري مالي سپهرصادرات,29679,54168421,721035851931,12678,13311,13311,633,4.99,13311,633,4.99,13311,13311,1399-7-12
18,رافزا,رايان هم افزا,28605,172365,5482241190,30292,31806,31806,1514,5.0,30450,158,0.52,31806,31806,1399-7-12
19,ولپارس,ليزينگ پارسيان,24364,1869168,8018730720,4090,4290,4290,200,4.89,4110,20,0.49,4290,4290,1399-7-12
20,وساپا,سرمايه‌گذاري‌ سايپا,23398,145939422,1522078959090,10820,10280,10520,-300,-2.77,10430,-390,-3.6,10280,10820,1399-7-12
21,شپنا,پالايش نفت اصفهان,20346,86270630,2101277672560,23310,24000,24470,1160,4.98,24360,1050,4.5,23400,24470,1399-7-12
22,فارس,صنايع پتروشيمي خليج فارس,18182,47973670,1480247413820,29960,30540,30800,840,2.8,30860,900,3.0,28910,31450,1399-7-12
23,خمحركه,نيرو محركه‌,17697,86108578,719101060820,8520,8100,8620,100,1.17,8350,-170,-2.0,8100,8840,1399-7-12
24,چكاپا,گروه صنايع كاغذ پارس,16631,130135992,1080525290740,8330,7920,8740,410,4.92,8300,-30,-0.36,7920,8740,1399-7-12
25,بركت,گروه دارويي بركت,14749,56266618,819641552470,14460,13740,15180,720,4.98,14570,110,0.76,13740,15180,1399-7-12
26,وبملت,بانك ملت,13975,310416384,1742584237790,5380,5530,5640,260,4.83,5610,230,4.28,5400,5640,1399-7-12
27,فاراك,ماشين‌ سازي‌ اراك‌,13101,95520129,854129902520,9180,8730,8950,-230,-2.51,8940,-240,-2.61,8730,9380,1399-7-12
28,شبندر,پالايش نفت بندرعباس,12891,33642803,1288741338940,36610,37400,38440,1830,5.0,38310,1700,4.64,37100,38440,1399-7-12
29,مدير,ص.س.مديريت ثروت ص.بازنشستگي-س,12565,54405289,734012795438,14604,14000,13260,-1344,-9.2,13492,-1112,-7.61,13144,14597,1399-7-12
30,خپارس,پارس‌ خودرو,12113,105235636,863764479100,7980,7990,8370,390,4.89,8210,230,2.88,7660,8370,1399-7-12
31,ورنا,سرمايه‌گذاري‌ رنا(هلدينگ‌,10391,63101974,666895302440,11010,10460,10640,-370,-3.36,10570,-440,-4.0,10460,10990,1399-7-12
32,وگردشح,ح . بانك گردشگري,10199,252438562,3424359444612,13983,13564,13565,-418,-2.99,13565,-418,-2.99,13564,13860,1399-7-12
33,شگويا,پتروشيمي تندگويان,9812,31849261,568171659213,17085,17700,17939,854,5.0,17839,754,4.41,17220,17939,1399-7-12
34,ماديرا,صنايع ماشين هاي اداري ايران,9722,22336332,773872032120,35435,33664,33900,-1535,-4.33,34646,-789,-2.23,33664,36700,1399-7-12
35,كچاد,معدني‌وصنعتي‌چادرملو,9601,34289072,737747892100,21000,21300,21300,300,1.43,21520,520,2.48,20900,22000,1399-7-12
36,خساپا,سايپا,8828,341381832,771324324320,2160,2260,2260,100,4.63,2260,100,4.63,2220,2260,1399-7-12
37,ولساپا,ليزينگ رايان‌ سايپا,8825,118565089,446819750870,3760,3590,3940,180,4.79,3770,10,0.27,3580,3940,1399-7-12
38,غگيلا,شيرپاستوريزه پگاه گيلان,8368,129298,2129020868,15682,16466,16466,784,5.0,15714,32,0.2,16466,16466,1399-7-12
39,ثاخت,بين‌المللي‌توسعه‌ساختمان,8249,71991469,299696333300,4210,4000,4320,110,2.61,4160,-50,-1.19,4000,4390,1399-7-12
40,شصدفح,ح . صنعتي دوده فام,8234,5163502,95438309525,18440,18610,18382,-58,-0.31,18483,43,0.23,18080,19050,1399-7-12
41,وتجارت,بانك تجارت,8199,241800232,687280291990,2720,2820,2850,130,4.78,2840,120,4.41,2790,2850,1399-7-12
42,فخوز,فولاد  خوزستان,7832,24378795,1053237443150,41270,42990,43080,1810,4.39,43200,1930,4.68,42170,43330,1399-7-12
43,زاگرس,پتروشيمي زاگرس,7241,3576541,661378525458,181650,187000,179600,-2050,-1.13,184921,3271,1.8,178400,190000,1399-7-12
44,وغدير,سرمايه‌گذاري‌غدير(هلدينگ‌,6744,35591235,592571265880,15920,16290,16710,790,4.96,16650,730,4.59,16060,16710,1399-7-12
45,ومعادن,توسعه‌معادن‌وفلزات‌,6444,29863111,522956904090,16840,17350,17350,510,3.03,17510,670,3.98,16840,17680,1399-7-12
46,هرمز,فولاد هرمزگان جنوب,6440,35975972,532331320439,14496,15210,14290,-206,-1.42,14797,301,2.08,14002,15210,1399-7-12
47,چكارن,كارتن‌ ايران‌,6087,55309070,225878528580,4260,4050,4160,-100,-2.35,4080,-180,-4.23,4050,4190,1399-7-12
48,ارفع,شركت آهن و فولاد ارفع,5967,21482831,407709924072,19015,19000,18450,-565,-2.97,18978,-37,-0.19,18350,19650,1399-7-12
49,آگاس,صندوق س.هستي بخش آگاه-س,5760,7700103,604674616186,75224,77000,79496,4272,5.68,78528,3304,4.39,75978,79850,1399-7-12
50,بترانس,ايران‌ ترانسفو,5653,9836570,358834478760,36440,35000,37300,860,2.36,36480,40,0.11,34800,37680,1399-7-12
51,كگل,معدني و صنعتي گل گهر,5380,28241448,670855564030,22750,23300,23880,1130,4.97,23750,1000,4.4,22900,23880,1399-7-12
52,شغدير,پتروشيمي غدير,5227,10650131,565869402852,51313,53868,51700,387,0.75,53133,1820,3.55,50010,53878,1399-7-12
53,شلرد,كود شيميايي اوره لردگان,5213,28413122,286224842200,10064,9765,10153,89,0.88,10074,10,0.1,9765,10340,1399-7-12
54,خكرمان,گروه اقتصادي كرمان خودرو,4963,59066900,359616570305,6057,5876,6230,173,2.86,6088,31,0.51,5876,6238,1399-7-12
55,ذوب,سهامي ذوب آهن  اصفهان,4954,52152230,273474571627,5017,5220,5267,250,4.98,5244,227,4.52,5148,5267,1399-7-12
56,كالا,بورس كالاي ايران,4953,9191122,397956362290,44040,41840,44930,890,2.02,43300,-740,-1.68,41840,45500,1399-7-12
57,شپترو,پتروشيمي آبادان,4948,46844260,283558370688,6322,6006,6006,-316,-5.0,6053,-269,-4.25,6006,6315,1399-7-12
58,شبريز,پالايش نفت تبريز,4477,11348446,352513847720,29780,30100,31260,1480,4.97,31060,1280,4.3,30060,31260,1399-7-12
59,سشرق,سيمان‌ شرق‌,4396,29462754,215733247240,7620,7240,7530,-90,-1.18,7320,-300,-3.94,7240,7640,1399-7-12
60,طلا,صندوق س.پشتوانه طلاي لوتوس,4229,3139092,350322517590,117779,117779,109211,-8568,-7.27,111600,-6179,-5.25,106500,118940,1399-7-12
61,وپارس,بانك‌پارسيان‌,4210,159140222,572801183860,3430,3600,3600,170,4.96,3600,170,4.96,3550,3600,1399-7-12
62,پترولح,ح . گروه پتروشيمي س. ايرانيان,3749,21093751,361510251800,15660,16800,17230,1570,10.03,17140,1480,9.45,16650,17230,1399-7-12
63,شاراك,پتروشيمي شازند,3688,14284573,371156236700,26210,27000,25800,-410,-1.56,25980,-230,-0.88,25260,27100,1399-7-12
64,ارزش,صندوق س ارزش آفرين بيدار-سهام,3642,22550700,270980280250,11430,11590,12130,700,6.12,12020,590,5.16,11580,12190,1399-7-12
65,شصدف,صنعتي دوده فام,3577,209053,4501747302,20509,21534,21534,1025,5.0,20597,88,0.43,21534,21534,1399-7-12
66,دزهراوي,داروسازي‌زهراوي‌,3522,11466067,127858210120,11250,10690,11450,200,1.78,11150,-100,-0.89,10690,11720,1399-7-12
67,نوري,پتروشيمي نوري,3458,2582392,469265013060,173620,174580,182300,8680,5.0,181720,8100,4.67,174580,182300,1399-7-12
68,كمند,صندوق س. با درآمد ثابت كمند,3411,155970272,1583279654880,10150,10150,10170,20,0.2,10150,0,0.0,10140,10170,1399-7-12
69,بجهرم,توسعه مولد نيروگاهي جهرم,3325,33477820,124390142331,3576,3650,3754,178,4.98,3716,140,3.91,3610,3754,1399-7-12
70,آوا,صندوق س.سهام آواي معيار-س,3274,19338363,197336255713,10337,10334,10128,-209,-2.02,10204,-133,-1.29,10000,10395,1399-7-12
71,وبانك,سرمايه گذاري گروه توسعه ملي,3187,22082796,279103701100,11510,12500,12850,1340,11.64,12640,1130,9.82,12500,13000,1399-7-12
72,تسه9906,امتياز تسهيلات مسكن شهريور99,3100,55763,44759167026,789977,790312,808000,18023,2.28,802668,12691,1.61,775000,829400,1399-7-12
73,دتوليد,داروسازي توليد دارو,3094,6450249,216834884856,33186,31527,34845,1659,5.0,33617,431,1.3,31527,34845,1399-7-12
74,زكوثر,سرمايه گذاري كشاورزي كوثر,3060,6781956,149188214670,21010,21410,22060,1050,5.0,22000,990,4.71,21000,22060,1399-7-12
75,خودرو,ايران‌ خودرو,3058,80772183,221315781420,2610,2740,2740,130,4.98,2740,130,4.98,2740,2740,1399-7-12
76,وگردش,بانك گردشگري,3014,24741727,492550529470,19849,20434,19630,-219,-1.1,19908,59,0.3,19260,20434,1399-7-12
77,پترول,گروه پتروشيمي س. ايرانيان,2946,17339163,321814865280,17680,18560,18560,880,4.98,18560,880,4.98,18560,18560,1399-7-12
78,سرو,صندوق س سروسودمند مدبران-سهام,2932,4194211,291814564430,67320,68500,70050,2730,4.06,69580,2260,3.36,67000,70400,1399-7-12
79,كويرح,ح. توليدي فولاد سپيد فراب كوير,2916,13526344,134265536320,9250,9670,10180,930,10.05,9930,680,7.35,9400,10180,1399-7-12
80,قثابت,قند ثابت‌ خراسان‌,2901,3068603,230718998950,74470,70750,78190,3720,5.0,75190,720,0.97,70750,78190,1399-7-12
81,تملت,تامين سرمايه بانك ملت,2834,7579841,76243452840,9600,9980,10080,480,5.0,10060,460,4.79,9800,10080,1399-7-12
82,شپديس,پتروشيمي پرديس,2783,3688706,431548927350,113890,115000,114600,710,0.62,116990,3100,2.72,113000,119580,1399-7-12
83,وبيمهح,ح . سرمايه‌ گذاري‌ صنعت‌ بيمه‌,2766,58027528,115507826870,1840,1900,2020,180,9.78,1990,150,8.15,1850,2020,1399-7-12
84,كاوه,فولاد كاوه جنوب كيش,2729,31823308,756386531260,22640,23770,23770,1130,4.99,23770,1130,4.99,23500,23770,1399-7-12
85,غمينو,شركت صنايع غذايي مينو شرق,2639,12598174,182864203003,15252,14490,14490,-762,-5.0,14515,-737,-4.83,14490,14980,1399-7-12
86,وآذر,سرمايه‌گذاري‌توسعه‌آذربايجان‌,2489,2051923,243540184260,122830,116690,120100,-2730,-2.22,118690,-4140,-3.37,116690,128000,1399-7-12
87,پارسان,گسترش نفت و گاز پارسيان,2434,23230321,622714035810,25560,26390,26830,1270,4.97,26810,1250,4.89,26030,26830,1399-7-12
88,ختوقا,قطعات‌ اتومبيل‌ ايران‌,2398,39629255,152035615390,3680,3750,3860,180,4.89,3840,160,4.35,3700,3860,1399-7-12
89,دماوند,توليد نيروي برق دماوند,2368,2984996,187209537596,60082,62700,63086,3004,5.0,62717,2635,4.39,60840,63086,1399-7-12
90,كسرا,سراميك‌هاي‌صنعتي‌اردكان‌,2339,6564097,130848129750,20560,19540,20350,-210,-1.02,19930,-630,-3.06,19540,20950,1399-7-12
91,شلعابح,ح . لعابيران‌,2338,11382133,67715694460,5756,5750,6130,374,6.5,5950,194,3.37,5670,6240,1399-7-12
92,جم,پتروشيمي جم,2329,4192087,213391113840,50750,50010,50770,20,0.04,50900,150,0.3,49320,51800,1399-7-12
93,حريل,ريل پردازسير,2286,23213639,88701811482,3695,3750,3879,184,4.98,3821,126,3.41,3606,3879,1399-7-12
94,ودي,بيمه  دي,2280,13784870,263430655090,18758,18100,19250,492,2.62,19110,352,1.88,18100,19620,1399-7-12
95,وآوا,سرمايه گذاري آوا نوين,2238,7271205,92883128988,13348,12681,12690,-658,-4.93,12774,-574,-4.3,12681,13179,1399-7-12
96,ختور,رادياتور ايران‌,2238,3698537,138377197580,38160,37500,36260,-1900,-4.98,37410,-750,-1.97,36260,39100,1399-7-12
97,مارون,پتروشيمي مارون,2230,1149871,174409148034,149993,150000,153000,3007,2.0,151677,1684,1.12,144000,156500,1399-7-12
98,غمارگ,مارگارين‌,2211,4714113,119409678010,25360,24110,25460,100,0.39,25330,-30,-0.12,24100,26500,1399-7-12
99,تاصيكو,سرمايه گذاري صدرتامين,2205,19825731,255736689450,12320,12400,12930,610,4.95,12900,580,4.71,12220,12930,1399-7-12
100,وخاور,بانك خاورميانه,2203,12966404,148203295830,11020,11300,11520,500,4.54,11430,410,3.72,11020,11570,1399-7-12
101,وتوكاح,ح . ‌توكافولاد(هلدينگ‌,2152,8723608,95874861495,10268,10268,11250,982,9.56,10990,722,7.03,10268,11270,1399-7-12
102,شكربن,كربن‌ ايران‌,2148,2928807,195096775490,69620,69620,66500,-3120,-4.48,66610,-3010,-4.32,66140,69630,1399-7-12
103,ارفعح,ح.شركت آهن و فولاد ارفع,2135,10048780,160663281635,16020,16350,15600,-420,-2.62,15988,-32,-0.2,15504,16350,1399-7-12
104,وسبحان,سرمايه گذاري سبحان,2111,18686089,186717498022,9524,10000,9950,426,4.47,9992,468,4.91,9730,10000,1399-7-12
105,وبيمه,سرمايه‌ گذاري‌ صنعت‌ بيمه‌,2111,14233848,48043351500,3400,3300,3440,40,1.18,3380,-20,-0.59,3230,3500,1399-7-12
106,فرابورس,فرابورس ايران,2079,4450634,278355708676,59916,61600,62671,2755,4.6,62543,2627,4.38,59010,62911,1399-7-12
107,قنيشا,قند  نيشابور,2074,2938999,323222121760,115010,109260,109260,-5750,-5.0,109980,-5030,-4.37,109260,114500,1399-7-12
108,وملل,اعتباري ملل,2054,18937299,271738424579,13722,13800,14408,686,5.0,14349,627,4.57,13800,14408,1399-7-12
109,وپاسار,بانك  پاسارگاد,2034,22731918,222087017270,9340,9510,9800,460,4.93,9770,430,4.6,9500,9800,1399-7-12
110,كرماشا,صنايع پتروشيمي كرمانشاه,1997,3789896,180960002910,48270,47970,46800,-1470,-3.05,47750,-520,-1.08,46020,49400,1399-7-12
111,اخابر,مخابرات ايران,1994,11455577,192602550070,16090,16700,16890,800,4.97,16810,720,4.47,16160,16890,1399-7-12
112,رنيك,جنرال مكانيك,1982,4456796,106013865824,24812,23572,23573,-1239,-4.99,23787,-1025,-4.13,23572,25350,1399-7-12
113,نوين,بيمه نوين,1965,12866516,74958252468,5956,5659,5920,-36,-0.6,5826,-130,-2.18,5659,6150,1399-7-12
114,غويتا,ويتانا,1943,5983215,428159532975,70918,70000,70600,-318,-0.45,71560,642,0.91,69000,73140,1399-7-12
115,خبهمن,گروه‌بهمن‌,1943,17949225,420879597500,22360,23400,23470,1110,4.96,23450,1090,4.87,23200,23470,1399-7-12
116,ولصنم,ليزينگ‌صنعت‌ومعدن‌,1927,8277763,73594258210,8800,8410,9240,440,5.0,8890,90,1.02,8410,9240,1399-7-12
117,قرن,پديده شيمي قرن,1923,1391925,76413039150,52660,54800,55290,2630,4.99,54900,2240,4.25,52050,55290,1399-7-12
118,پكوير,كوير تاير,1917,3824222,51214722620,13850,13160,13590,-260,-1.88,13390,-460,-3.32,13160,13900,1399-7-12
119,افق,فروشگاههاي زنجيره اي افق كوروش,1910,1647101,129386598870,76640,76900,79210,2570,3.35,78550,1910,2.49,76650,79900,1399-7-12
120,ومهان,گروه توسعه مالي مهر آيندگان,1907,6319322,120564466572,18222,18350,19133,911,5.0,19079,857,4.7,18350,19133,1399-7-12
121,وتوكا,سرمايه‌گذاري‌توكافولاد(هلدينگ,1899,12388258,169962972940,13130,13130,13730,600,4.57,13720,590,4.49,12850,13780,1399-7-12
122,بپاس,بيمه پاسارگاد,1895,3722064,232868982746,59952,61000,62949,2997,5.0,62564,2612,4.36,61000,62949,1399-7-12
123,امين يكم,صندوق درآمد ثابت امين يكم فردا,1874,58485365,603507987820,10320,10330,10310,-10,-0.1,10320,0,0.0,10300,10340,1399-7-12
124,كرازي,كارخانجات‌توليدي‌شيشه‌رازي‌,1842,4650997,78793312690,17130,16990,17000,-130,-0.76,16940,-190,-1.11,16550,17500,1399-7-12
125,غسالم,سالمين‌,1810,10410850,43834030070,4040,4090,4240,200,4.95,4180,140,3.47,4080,4240,1399-7-12
126,عيار,صندوق س. پشتوانه طلاي مفيد,1807,1488538,57113867416,39624,39624,37600,-2024,-5.11,38369,-1255,-3.17,37050,39900,1399-7-12
127,سيمرغ,سيمرغ,1773,5865817,125143081340,20390,20900,21400,1010,4.95,21330,940,4.61,20400,21400,1399-7-12
128,سمازن,سيمان‌مازندران‌,1770,6471094,55445917500,8680,8260,8610,-70,-0.81,8570,-110,-1.27,8260,8980,1399-7-12
129,شيران,س. صنايع‌شيميايي‌ايران,1766,5660165,155249939470,26330,27000,27640,1310,4.98,27430,1100,4.18,26510,27640,1399-7-12
130,حفاري,حفاري شمال,1761,11073897,108888892410,9450,9590,9920,470,4.97,9830,380,4.02,9550,9920,1399-7-12
131,فروي,ذوب روي اصفهان,1719,1180287,72741122691,58871,61300,61814,2943,5.0,61630,2759,4.69,60300,61814,1399-7-12
132,فسازان,غلتك سازان سپاهان,1709,5036731,198913345410,39010,39650,39550,540,1.38,39490,480,1.23,39010,40080,1399-7-12
133,غپينو,پارس‌ مينو,1700,10039634,59005716020,5680,5690,5960,280,4.93,5880,200,3.52,5620,5960,1399-7-12
134,ستران,سيمان‌ تهران‌,1692,4227939,135269065500,30680,30680,32210,1530,4.99,31990,1310,4.27,30680,32210,1399-7-12
135,پارس,پتروشيمي پارس,1686,820749,142251192680,172010,166600,169500,-2510,-1.46,173320,1310,0.76,166600,176550,1399-7-12
136,اعتماد,صندوق س.اعتماد آفرين پارسيان-د,1660,51939800,1695459427390,32596,32642,32643,47,0.14,32643,47,0.14,32642,32648,1399-7-12
137,ميهن,بيمه ميهن,1633,16482242,82840502859,5156,4950,5100,-56,-1.09,5026,-130,-2.52,4899,5249,1399-7-12
138,وبوعلي,سرمايه‌گذاري‌بوعلي‌,1627,9710770,86953700330,8580,8730,9000,420,4.9,8950,370,4.31,8600,9000,1399-7-12
139,پتاير,ايران‌ تاير,1620,1159412,112229226070,93350,93500,98000,4650,4.98,96800,3450,3.7,93500,98010,1399-7-12
140,وصنعت,سرمايه گذاري توسعه صنعت وتجارت,1606,11576833,97931799930,8090,8400,8490,400,4.94,8460,370,4.57,8200,8490,1399-7-12
141,والبر,سرمايه‌ گذاري‌ البرز(هلدينگ‌,1588,5914133,98890593440,16090,15850,16890,800,4.97,16720,630,3.92,15850,16890,1399-7-12
142,كگازح,ح . شيشه‌ و گاز,1570,5182363,89814352840,16290,16500,17900,1610,9.88,17330,1040,6.38,16500,17900,1399-7-12
143,كبافق,معادن‌ بافق‌,1555,2338726,65632975610,28050,26650,28870,820,2.92,28060,10,0.04,26650,29250,1399-7-12
144,سمگا,گروه سرمايه گذاري ميراث فرهنگي,1543,22493576,431364749667,18267,19180,19180,913,5.0,19177,910,4.98,18700,19180,1399-7-12
145,كوير,توليدي فولاد سپيد فراب كوير,1526,5119419,70718217120,13280,13490,13940,660,4.97,13810,530,3.99,12620,13940,1399-7-12
146,وتوشه,سرمايه‌ گذاري‌ پارس‌ توشه‌,1513,6637151,142052958040,22290,21180,21400,-890,-3.99,21400,-890,-3.99,21180,22270,1399-7-12
147,ما,بيمه  ما,1511,23044270,138226215370,6290,5980,6150,-140,-2.23,6000,-290,-4.61,5980,6200,1399-7-12
148,حتايد,تايدواترخاورميانه,1510,8374981,152975894140,19220,18260,18260,-960,-4.99,18270,-950,-4.94,18260,18480,1399-7-12
149,اطلس,صندوق س.توسعه اندوخته آينده-س,1492,452879,94752804294,202427,206020,210000,7573,3.74,209223,6796,3.36,205021,211000,1399-7-12
150,كروي,توسعه‌ معادن‌ روي‌ ايران‌,1481,13488098,426512405730,30150,31380,31650,1500,4.98,31620,1470,4.88,30150,31650,1399-7-12
151,دتوزيع,توزيع دارو پخش,1471,1116332,55054047822,49866,47373,50100,234,0.47,49317,-549,-1.1,47373,51350,1399-7-12
152,رتاپ,تجارت الكترونيك  پارسيان,1462,4785160,30539018250,6210,6470,6390,180,2.9,6310,100,1.61,6260,6470,1399-7-12
153,غگرجي,بيسكويت‌  گرجي‌,1460,2437925,80865444780,34780,33060,33050,-1730,-4.97,33170,-1610,-4.63,33050,35290,1399-7-12
154,بپيوند,برق و انرژي پيوندگستر پارس,1454,1923067,51701656295,28300,26885,26885,-1415,-5.0,26885,-1415,-5.0,26885,26885,1399-7-12
155,فولاژ,فولاد آلياژي ايران,1393,2404149,71784079590,28550,29650,29970,1420,4.97,29860,1310,4.59,28900,29970,1399-7-12
156,سصوفي,سيمان‌ صوفيان‌,1376,4970620,63617990350,12430,11830,13050,620,4.99,12800,370,2.98,11830,13050,1399-7-12
157,شخارك,پتروشيمي‌ خارك‌,1357,1891446,92145815670,47390,46000,48190,800,1.69,48580,1190,2.51,46000,49350,1399-7-12
158,آبادا,توليد نيروي برق آبادان,1349,1044938,24347055400,24520,23300,23300,-1220,-4.98,23890,-630,-2.57,23300,23300,1399-7-12
159,اميد,تامين سرمايه اميد,1343,13597449,201939373130,14190,14250,14890,700,4.93,14850,660,4.65,14250,14890,1399-7-12
160,كلر,كلر پارس,1331,674837,40980139062,58611,59200,61297,2686,4.58,60284,1673,2.85,59000,61297,1399-7-12
161,وخارزم,سرمايه گذاري خوارزمي,1325,7570069,85617480390,10780,11310,11310,530,4.92,11310,530,4.92,11310,11310,1399-7-12
162,جم پيلن,پلي پروپيلن جم - جم پيلن,1274,1489121,156758130940,100510,101000,105530,5020,4.99,105270,4760,4.74,101000,105530,1399-7-12
163,وتوسم,سرمايه‌گذاري‌توسعه‌ملي‌,1272,11988561,150119274820,11950,12110,12540,590,4.94,12520,570,4.77,12110,12540,1399-7-12
164,سشمال,سيمان‌ شمال‌,1244,9013103,97060947790,11320,10760,10760,-560,-4.95,10770,-550,-4.86,10760,11300,1399-7-12
165,فجر,فولاد اميركبيركاشان,1226,2517497,158568457700,60440,63370,63200,2760,4.57,62990,2550,4.22,61600,63460,1399-7-12
166,وهور,مديريت انرژي اميد  تابان هور,1214,6584896,259193026422,37562,38900,39440,1878,5.0,39362,1800,4.79,38450,39440,1399-7-12
167,دفارا,داروسازي‌ فارابي‌,1205,2004519,147105885940,71150,67630,74700,3550,4.99,73390,2240,3.15,67630,74700,1399-7-12
168,كنور,توسعه معدني و صنعتي صبانور,1200,2130574,100669840890,45160,46400,47410,2250,4.98,47250,2090,4.63,46060,47410,1399-7-12
169,زفكا,كشت و دامداري فكا,1187,1704928,68827695437,42261,40148,40148,-2113,-5.0,40370,-1891,-4.47,40148,42130,1399-7-12
170,دسانكو,داروسازي سبحان انكولوژي,1183,3352092,53023126230,16585,15756,15756,-829,-5.0,15818,-767,-4.62,15756,16217,1399-7-12
171,وسينا,بانك سينا,1173,12092601,135980736910,10720,11250,11250,530,4.94,11240,520,4.85,11070,11250,1399-7-12
172,زر,صندوق س.پشتوانه سكه طلاي زر,1170,830893,52934873048,65013,65960,62664,-2349,-3.61,63708,-1305,-2.01,62390,65960,1399-7-12
173,ونيكي,سرمايه‌گذاري‌ ملي‌ايران‌,1138,2651066,85323821180,30930,31500,32470,1540,4.98,32120,1190,3.85,30990,32470,1399-7-12
174,فيروزه,صندوق شاخص30 شركت فيروزه- سهام,1132,491778,98029367350,190970,195000,201900,10930,5.72,199340,8370,4.38,195000,202800,1399-7-12
175,وكادو,تكادو,1131,5471198,105513085724,19867,19271,19271,-596,-3.0,19285,-582,-2.93,19271,19712,1399-7-12
176,دبالك,مواد اوليه دارويي البرز بالك,1129,4226069,70072104444,17330,16464,16464,-866,-5.0,16581,-749,-4.32,16464,17500,1399-7-12
177,خرينگ,رينگ‌سازي‌مشهد,1128,2222110,59595712410,28110,26710,26710,-1400,-4.98,26820,-1290,-4.59,26710,28110,1399-7-12
178,ثمسكن,سرمايه‌گذاري‌ مسكن‌,1119,26871327,169807331770,6020,6320,6320,300,4.98,6320,300,4.98,6140,6320,1399-7-12
179,سيلام,سيمان‌ ايلام‌,1118,4285396,46338366100,10800,10260,10990,190,1.76,10810,10,0.09,10260,11340,1399-7-12
180,ثترانح,ح سرمايه گذاري مسكن تهران,1114,5717391,20793630057,3474,3647,3647,173,4.98,3637,163,4.69,3400,3647,1399-7-12
181,داوه,داروسازي آوه سينا,1104,1735693,31003036882,18327,17411,17460,-867,-4.73,18031,-296,-1.62,17411,18600,1399-7-12
182,تسه9905,امتياز تسهيلات مسكن مرداد99,1104,13172,10567927939,793185,796550,805000,11815,1.49,802302,9117,1.15,770001,819000,1399-7-12
183,سفارس,سيمان فارس و خوزستان,1103,6678406,105899754810,15120,15100,15860,740,4.89,15860,740,4.89,15100,15870,1399-7-12
184,ملت,بيمه ملت,1081,5539521,66477759580,11510,11390,12080,570,4.95,12000,490,4.26,11390,12080,1399-7-12
185,كرمان,س. توسعه و عمران استان كرمان,1081,814896,55199425248,71303,67738,67738,-3565,-5.0,67738,-3565,-5.0,67738,67738,1399-7-12
186,تيپيكو,سرمايه گذاري دارويي تامين,1073,1341125,75008304840,54580,53250,56990,2410,4.42,55620,1040,1.91,53250,57240,1399-7-12
187,بكام,كارخانجات توليدي شهيد قندي,1056,8568586,50211913960,6160,5860,5860,-300,-4.87,5860,-300,-4.87,5860,5860,1399-7-12
188,شپارسح,ح . بين‌ المللي‌محصولات پارس‌,1053,3673091,40420790668,10676,10000,11330,654,6.13,11005,329,3.08,10000,11500,1399-7-12
189,تسه9904,امتياز تسهيلات مسكن تير99,1040,11143,8929076207,785873,785222,808000,22127,2.82,801317,15444,1.97,781555,825000,1399-7-12
190,دتمادح,ح . توليدمواداوليه‌داروپخش‌,1001,2086972,80892593580,35800,36000,39380,3580,10.0,38760,2960,8.27,36000,39380,1399-7-12
191,شپاكسا,پاكسان‌,1001,3575719,90865252070,24730,24200,25960,1230,4.97,25410,680,2.75,24200,25960,1399-7-12
192,وصنا,گروه‌صنايع‌بهشهرايران‌,966,3544172,36759352210,10330,9960,10240,-90,-0.87,10360,30,0.29,9960,10640,1399-7-12
193,همراه,شركت ارتباطات سيار ايران,965,2980721,104726991150,33500,35100,35170,1670,4.99,35130,1630,4.87,34020,35170,1399-7-12
194,كوثر,بيمه كوثر,965,3776800,50866038606,13980,13281,13770,-210,-1.5,13468,-512,-3.66,13281,14000,1399-7-12
195,بزاگرسح,ح . نيروگاه زاگرس كوثر,945,5545953,46255478011,8001,8288,8401,400,5.0,8340,339,4.24,8035,8401,1399-7-12
196,فرآور,فرآوري‌موادمعدني‌ايران‌,942,2883588,63192002140,21340,21340,22400,1060,4.97,21910,570,2.67,21340,22400,1399-7-12
197,كگهر,سنگ آهن گهرزمين,941,965880,46385863285,46347,45000,48100,1753,3.78,46973,626,1.35,45000,48664,1399-7-12
198,چدن,توليدي چدن سازان,939,2911107,78947982490,25920,26950,27210,1290,4.98,27120,1200,4.63,26010,27210,1399-7-12
199,شسينا,صنايع‌شيميايي‌سينا,929,87210,50310189550,584640,555430,555420,-29220,-5.0,576890,-7750,-1.33,555410,600000,1399-7-12
200,فزرين,زرين معدن آسيا,919,3055476,65841183493,20652,21200,21684,1032,5.0,21549,897,4.34,20060,21684,1399-7-12
201,سدور,سيمان‌ دورود,913,6827460,53438606300,8210,7800,7800,-410,-4.99,7830,-380,-4.63,7800,8190,1399-7-12
202,ريشمك,توليد و صادرات ريشمك,911,1600166,58993412575,35478,35070,37251,1773,5.0,36867,1389,3.92,35000,37251,1399-7-12
203,آسيا,بيمه آسيا,905,3138113,86340946360,26260,26600,27570,1310,4.99,27510,1250,4.76,26600,27570,1399-7-12
204,آريان,سرمايه گذاري پارس آريان,903,19994261,277692554564,13485,13889,13889,404,3.0,13889,404,3.0,13701,13889,1399-7-12
205,كهمدا,شيشه‌ همدان‌,901,1641560,39882572430,23620,23620,24800,1180,5.0,24140,520,2.2,23310,24800,1399-7-12
206,حآسا,آسيا سير ارس,899,2867042,33931828959,12444,11822,11822,-622,-5.0,12010,-434,-3.49,11822,12235,1399-7-12
207,كاردان,صندوق س تجارت شاخصي كاردان,895,477436,95971302750,194960,198800,202400,7440,3.82,201010,6050,3.1,194710,204500,1399-7-12
208,آتيمس,صندوق س.آرمان آتيه درخشان مس-س,891,249643,58075448634,224742,227000,235448,10706,4.76,232634,7892,3.51,226200,235999,1399-7-12
209,دانا,بيمه دانا,887,7456998,51617431280,6620,6710,6950,330,4.98,6920,300,4.53,6650,6950,1399-7-12
210,فسرب,ملي‌ سرب‌وروي‌ ايران‌,885,1023698,122303708700,115580,112500,121350,5770,4.99,119470,3890,3.37,110000,121350,1399-7-12
211,بساما,بيمه سامان,876,5997463,133168969471,23179,22021,22840,-339,-1.46,22204,-975,-4.21,22021,23990,1399-7-12
212,شكلر,نيروكلر,869,1583052,65034652240,39380,39180,41340,1960,4.98,41080,1700,4.32,38000,41340,1399-7-12
213,شلعاب,لعابيران‌,864,1869863,16370817180,9060,8660,8770,-290,-3.2,8960,-100,-1.1,8610,9300,1399-7-12
214,وسپه,سرمايه‌گذاري‌ سپه‌,862,3763934,61288670560,15580,16000,16350,770,4.94,16280,700,4.49,16000,16350,1399-7-12
215,شبصير,توليدات پتروشيمي قائد بصير,853,585454,81645762502,135317,130792,140400,5083,3.76,139457,4140,3.06,130100,142082,1399-7-12
216,تسه9902,امتياز تسهيلات مسكن ارديبهشت99,851,12913,10342969670,795838,780122,801139,5301,0.67,800973,5135,0.65,770000,825000,1399-7-12
217,واحيا,م .صنايع و معادن احياء سپاهان,849,684491,150221313077,217427,211000,218900,1473,0.68,219464,2037,0.94,211000,223949,1399-7-12
218,خمهر,مهركام‌پارس‌,849,5951997,48330215640,8540,8120,8120,-420,-4.92,8120,-420,-4.92,8120,8120,1399-7-12
219,هجرت,پخش هجرت,847,1204559,72058121403,60603,57573,60800,197,0.33,59821,-782,-1.29,57573,62500,1399-7-12
220,مداران,داده‌پردازي‌ايران‌,846,1355102,39027063050,29860,30000,28380,-1480,-4.96,29000,-860,-2.88,28370,30980,1399-7-12
221,ددام,داروسازي زاگرس فارمد پارس,844,1730737,22299537740,13500,12830,13110,-390,-2.89,13210,-290,-2.15,12830,13430,1399-7-12
222,ونوين,بانك‌اقتصادنوين‌,840,28619977,122493501560,4080,4280,4280,200,4.9,4280,200,4.9,4280,4280,1399-7-12
223,بگيلان,توسعه مسير برق گيلان,832,685149,22198827600,34105,32400,32400,-1705,-5.0,33426,-679,-1.99,32400,32400,1399-7-12
224,شيراز,پتروشيمي‌شيراز,825,1506921,101907567980,66290,67980,65010,-1280,-1.93,67620,1330,2.01,65010,69100,1399-7-12
225,سخزر,سيمان‌ خزر,821,1929770,53611787730,29180,27730,27730,-1450,-4.97,27780,-1400,-4.8,27730,28580,1399-7-12
226,سدبير,س. تدبيرگران فارس وخوزستان,818,1629100,43949690046,27251,27280,26210,-1041,-3.82,27009,-242,-0.89,26200,28390,1399-7-12
227,شجم,صنايع پتروشيمي تخت جمشيد,812,3652338,30325848615,8499,8250,8399,-100,-1.18,8303,-196,-2.31,8245,8530,1399-7-12
228,مبين,مبين انرژي خليج فارس,795,3344707,91671332690,26870,27500,27850,980,3.65,27350,480,1.79,27030,27980,1399-7-12
229,ساينا,صنايع بهداشتي ساينا,793,222853,47657073038,206772,217100,217110,10338,5.0,213295,6523,3.15,206800,217110,1399-7-12
230,انرژي3,سايراشخاص بورس انرژي,792,135324,48666570120,378550,359630,359630,-18920,-5.0,367880,-10670,-2.82,359630,359630,1399-7-12
231,ميدكو,هلدينگ صنايع  معدني خاورميانه,792,5726075,117756966987,19845,20250,20730,885,4.46,20527,682,3.44,19102,20837,1399-7-12
232,واميد,گروه مديريت سرمايه گذاري اميد,785,2505711,108416792130,42270,42000,43000,730,1.73,43150,880,2.08,41500,43830,1399-7-12
233,كاريس,صندوق س.سپهر كاريزما-س,779,681149,146475045939,206904,210000,218090,11186,5.41,215041,8137,3.93,209500,218090,1399-7-12
234,ختورح,ح . رادياتور ايران‌,776,1714227,45571035190,24430,25650,26870,2440,9.99,26580,2150,8.8,25250,26870,1399-7-12
235,فباهنر,مس‌ شهيدباهنر,773,1020646,53720297350,50330,51850,52840,2510,4.99,52630,2300,4.57,50400,52840,1399-7-12
236,دعبيد,لابراتوارداروسازي‌  دكترعبيدي‌,772,1841041,65099209760,33680,35360,35360,1680,4.99,35360,1680,4.99,35360,35360,1399-7-12
237,فروس,فروسيليس‌ ايران‌,763,1564060,31224546890,19180,19990,20130,950,4.95,19650,470,2.45,19500,20130,1399-7-12
238,قصفها,قنداصفهان‌,763,393917,67634436330,180420,171400,171400,-9020,-5.0,171700,-8720,-4.83,171400,175000,1399-7-12
239,شاوان,پالايش نفت لاوان,760,682415,74033803938,104374,102000,109592,5218,5.0,108488,4114,3.94,100300,109592,1399-7-12
240,بكاب,صنايع‌جوشكاب‌يزد,755,335615,41574169140,123280,117120,129440,6160,5.0,123770,490,0.4,117120,129440,1399-7-12
241,قچار,فراوردههاي غذايي وقند چهارمحال,738,751971,141260464400,187735,180000,196400,8665,4.62,187854,119,0.06,178349,197000,1399-7-12
242,سرچشمه,سرمايه گذاري مس سرچشمه,737,4418852,45103783855,9759,10230,10246,487,4.99,10145,386,3.96,9999,10246,1399-7-12
243,اتكام,شركت بيمه اتكايي امين,736,3599106,28307549848,7563,7910,7941,378,5.0,7727,164,2.17,7572,7941,1399-7-12
244,تاپكيش,تجارت الكترونيك پارسيان كيش,736,1875200,20385282685,11339,10773,10773,-566,-4.99,11140,-199,-1.76,10773,11094,1399-7-12
245,غچين,كشت‌ و صنعت‌ چين‌ چين,732,498176,22852212240,48260,45850,45850,-2410,-4.99,47110,-1150,-2.38,45850,47100,1399-7-12
246,شپارس,بين‌ المللي‌ محصولات‌  پارس‌,727,4627861,66620468250,15110,14360,14550,-560,-3.71,14400,-710,-4.7,14360,15100,1399-7-12
247,وبشهر,توسعه‌ صنايع‌ بهشهر(هلدينگ,726,4119949,67813163760,15720,16000,16500,780,4.96,16460,740,4.71,16000,16500,1399-7-12
248,شراز,پالايش نفت شيراز,719,355406,38327088225,102881,106000,108024,5143,5.0,106508,3627,3.53,104000,108025,1399-7-12
249,لوتوس,تامين سرمايه لوتوس پارسيان,718,4490498,72348849860,15370,16000,16130,760,4.94,16110,740,4.81,15900,16130,1399-7-12
250,ونفت,سرمايه‌گذاري‌ صنعت‌ نفت‌,717,3996393,55084150560,13200,13650,13860,660,5.0,13780,580,4.39,13400,13860,1399-7-12
251,بفجر,فجر انرژي خليج فارس,706,3687836,112511000780,29490,30000,30960,1470,4.98,30510,1020,3.46,29800,30960,1399-7-12
252,پارند,صندوق س. پارند پايدار سپهر,706,19676084,234495239350,11920,11970,11920,0,0.0,11920,0,0.0,11900,11970,1399-7-12
253,سخوز,سيمان خوزستان,698,1935736,39653954680,20450,19500,20700,250,1.22,20480,30,0.15,19500,21150,1399-7-12
254,فخاس,فولاد خراسان,692,776439,31116173620,39800,39800,39300,-500,-1.26,39890,90,0.23,39000,40640,1399-7-12
255,ثشاهد,سرمايه‌ گذاري‌ شاهد,691,795057,36350006040,48120,45720,45720,-2400,-4.99,46930,-1190,-2.47,45720,45720,1399-7-12
256,وصندوق,سرمايه‌گذاري‌صندوق‌بازنشستگي‌,688,6817265,121194310970,16970,17000,17810,840,4.95,17750,780,4.6,17000,17810,1399-7-12
257,وآرين,شركت توسعه اقتصادي آرين,684,5054230,25294443930,5149,4995,4995,-154,-2.99,5005,-144,-2.8,4995,5119,1399-7-12
258,تايرا,تراكتورسازي‌ايران‌,681,8124923,170189852490,20150,21140,21150,1000,4.96,20950,800,3.97,20130,21150,1399-7-12
259,زملارد,كشاورزي و دامپروري ملارد شير,674,845759,36954593746,45993,43694,43694,-2299,-5.0,44204,-1789,-3.89,43694,43694,1399-7-12
260,آپ,آسان پرداخت پرشين,662,2164596,40130234370,17670,18490,18550,880,4.98,18540,870,4.92,18000,18550,1399-7-12
261,شسپا,نفت سپاهان,650,4008768,88423249440,21060,21970,22110,1050,4.99,22060,1000,4.75,21500,22110,1399-7-12
262,دجابر,داروسازي‌ جابرابن‌حيان‌,650,728088,29244317070,40140,40900,40320,180,0.45,40160,20,0.05,39500,40900,1399-7-12
263,ساروم,سيمان‌اروميه‌,648,1019132,26642548840,25310,24290,26570,1260,4.98,25740,430,1.7,24290,26570,1399-7-12
264,خراسان,پتروشيمي خراسان,645,527011,49083233520,92130,91000,92900,770,0.84,92870,740,0.8,89290,96000,1399-7-12
265,بهپاك,صنعتي بهپاك,643,1005428,31595013424,30321,29320,31700,1379,4.55,30994,673,2.22,29320,31837,1399-7-12
266,سكارون,سيمان كارون,640,564930,58744829819,103223,100160,106319,3096,3.0,103986,763,0.74,100127,106319,1399-7-12
267,وآيند,بانك  آينده,639,27241965,698075353125,25123,25625,25625,502,2.0,25625,502,2.0,25625,25625,1399-7-12
268,ثباغ,شهر سازي و خانه سازي باغميشه,635,3778798,85555668442,21563,22641,22641,1078,5.0,22641,1078,5.0,22600,22641,1399-7-12
269,سكرما,سيمان‌ كرمان‌,634,4505590,65267317880,15210,14450,14500,-710,-4.67,14490,-720,-4.73,14450,15210,1399-7-12
270,سرود,سيمان‌شاهرود,624,1458755,21766590860,15060,14310,15200,140,0.93,15000,-60,-0.4,14310,15500,1399-7-12
271,گوهران,سرمايه گذاري توسعه گوهران اميد,624,1905998,18679419232,9605,9454,9820,215,2.24,9677,72,0.75,9454,10000,1399-7-12
272,خزر,فنرسازي‌زر,622,4502088,37492147290,8750,8320,8320,-430,-4.91,8420,-330,-3.77,8320,8530,1399-7-12
273,دامين,داروسازي‌ امين‌,620,1333064,17712872320,13400,12750,13300,-100,-0.75,13360,-40,-0.3,12750,13700,1399-7-12
274,افق ملت,صندوق س در سهام افق ملت,616,220577,33145187230,146620,146500,150910,4290,2.93,150270,3650,2.49,145000,152000,1399-7-12
275,پخش,پخش البرز,608,1302170,40296728943,30541,30000,31500,959,3.14,30863,322,1.05,30000,32068,1399-7-12
276,سفانو,سيمان فارس نو,600,1518461,47556463340,32870,31230,31280,-1590,-4.84,31320,-1550,-4.72,31230,32900,1399-7-12
277,تسه9903,امتياز تسهيلات مسكن خرداد99,599,5445,4358399025,785118,824373,800100,14982,1.91,800441,15323,1.95,785000,824373,1399-7-12
278,غفارس,شير پاستوريزه پگاه فارس,597,1608366,16166219397,9941,10018,10140,199,2.0,9976,35,0.35,9605,10389,1399-7-12
279,سكه0012پ01,سكه تمام بهارتحويلي 1روزه رفاه,591,221700,316379290500,1397434,1440000,1411909,14475,1.04,1427060,29626,2.12,1400103,1455000,1399-7-12
280,كاذر,فرآورده‌هاي‌نسوزآذر,590,1091218,33467959360,30430,31570,29480,-950,-3.12,30590,160,0.53,29340,31570,1399-7-12
281,تسه9810,امتياز تسهيلات مسكن دي98,582,11628,9353504538,784399,820000,793100,8701,1.11,804395,19996,2.55,770000,823618,1399-7-12
282,كحافظ,كاشي‌ وسراميك‌ حافظ‌,579,1689651,30346131960,17110,17960,17960,850,4.97,17600,490,2.86,17960,17960,1399-7-12
283,دسبحان,سبحان دارو,578,1150790,19897343120,16720,16670,17490,770,4.61,16940,220,1.32,16670,17550,1399-7-12
284,ثالوند,سرمايه گذاري مسكن الوند,574,2971360,39153644961,13856,13164,13164,-692,-4.99,13297,-559,-4.03,13164,13856,1399-7-12
285,شنفت,نفت‌ پارس‌,570,495747,27554098030,53900,51600,55660,1760,3.27,54730,830,1.54,51600,56590,1399-7-12
286,بمپنا,توليد برق عسلويه  مپنا,562,556640,52586964570,99331,94365,94365,-4966,-5.0,94472,-4859,-4.89,94365,98500,1399-7-12
287,درهآور,دارويي ره آورد تامين,554,778443,21829128190,28547,27120,28680,133,0.47,28323,-224,-0.78,27120,29490,1399-7-12
288,شوينده,مديريت صنعت شوينده ت.ص.بهشهر,554,2097863,80065643140,36450,37000,38270,1820,4.99,38170,1720,4.72,36450,38270,1399-7-12
289,غشهداب,كشت و صنعت شهداب ناب خراسان,553,3259957,16704019668,5393,5124,5124,-269,-4.99,5298,-95,-1.76,5124,5124,1399-7-12
290,شاملاح,ح . معدني‌ املاح‌  ايران‌,549,475423,26976449400,54430,57890,58000,3570,6.56,56740,2310,4.24,53020,58400,1399-7-12
291,پرديس,سرمايه گذاري پرديس,548,3273679,24876599040,7290,7490,7650,360,4.94,7440,150,2.06,7290,7650,1399-7-12
292,كاسپينح,ح .داروسازي كاسپين تامين,547,546754,10832575148,18949,18365,19896,947,5.0,19813,864,4.56,18365,19896,1399-7-12
293,دسينا,داروسازي‌ سينا,546,606218,16340922190,28200,26790,27000,-1200,-4.26,27770,-430,-1.52,26790,27900,1399-7-12
294,دالبر,البرزدارو,538,1033921,20254373570,19900,18920,19740,-160,-0.8,19770,-130,-0.65,18920,20290,1399-7-12
295,شبهرن,نفت‌ بهران‌,536,727746,44698716500,58640,59320,61570,2930,5.0,60590,1950,3.33,59320,61570,1399-7-12
296,واتي,سرمايه‌ گذاري‌ آتيه‌ دماوند,535,5211331,66518800600,12250,12500,12860,610,4.98,12760,510,4.16,12360,12860,1399-7-12
297,زشگزا,شير و گوشت زاگرس شهركرد,535,426652,42003783411,95605,95605,97000,1395,1.46,97926,2321,2.43,95605,100200,1399-7-12
298,داسوه,داروسازي‌ اسوه‌,534,1394685,43254877780,32600,30970,31000,-1600,-4.91,31160,-1440,-4.42,30970,32470,1399-7-12
299,بخاور,بيمه زندگي خاورميانه,533,3993839,27962125599,6926,6622,7130,204,2.95,6968,42,0.61,6622,7229,1399-7-12
300,كيان,صندوق س. با درآمد ثابت كيان,530,14310420,363264577420,25350,25420,25390,40,0.16,25380,30,0.12,25240,25420,1399-7-12
301,آساس,صندوق س.آسمان آرماني سهام-س,524,442971,74695846129,163776,167000,169499,5723,3.49,168625,4849,2.96,164511,169960,1399-7-12
302,شپاس,نفت پاسارگاد,519,772519,16545991388,20783,21819,21420,637,3.07,20987,204,0.98,20600,21819,1399-7-12
303,كي بي سي,شركت كي بي سي,513,927903,32248850943,35610,33830,34050,-1560,-4.38,35045,-565,-1.59,33830,35970,1399-7-12
304,هصيكو402,اختيارف ت تاصيكو13500-00/02/20,513,5275676,1814832544,753,344,344,-409,-54.32,344,-409,-54.32,344,344,1399-7-12
305,غشهد,شهد ايران ‌,510,5612735,41365856950,7750,7370,7370,-380,-4.9,7420,-330,-4.26,7370,7370,1399-7-12
306,گوهر,صندوق سكه طلاي كيان,508,302431,22283594312,75163,76330,72590,-2573,-3.42,73682,-1481,-1.97,72120,76400,1399-7-12
307,لابسا,آبسال‌,506,1301088,40266386680,32540,30920,30920,-1620,-4.98,31190,-1350,-4.15,30920,31400,1399-7-12
308,تنوين,تامين سرمايه نوين,501,5661804,57770869110,9730,10200,10210,480,4.93,10200,470,4.83,10000,10210,1399-7-12
309,كيميا,معدني كيمياي زنجان گستران,498,1725213,43396060241,24036,24800,25237,1201,5.0,24963,927,3.86,23511,25237,1399-7-12
310,شصفها,پتروشيمي‌ اصفهان‌,492,355223,30185594745,85842,84200,86000,158,0.18,84976,-866,-1.01,84126,87000,1399-7-12
311,شگل,گلتاش‌,492,701601,18557426900,25650,25710,26400,750,2.92,25940,290,1.13,25710,26900,1399-7-12
312,شتوكا,توكا رنگ فولاد سپاهان,483,548608,15739518645,30044,28542,28542,-1502,-5.0,29598,-446,-1.48,28542,29800,1399-7-12
313,ثفارس,عمران‌وتوسعه‌فارس‌,473,2350860,21886506600,9790,9310,9310,-480,-4.9,9570,-220,-2.25,9310,9310,1399-7-12
314,پارسيانح,ح.بيمه پارسيان,473,2670619,29141706700,9960,10800,10960,1000,10.04,10910,950,9.54,10200,10960,1399-7-12
315,وارس,سرمايه گذاري ارس صبا,472,402935,39801273734,96389,96510,99280,2891,3.0,98778,2389,2.48,96510,99280,1399-7-12
316,كمنگنز,معادن‌منگنزايران‌,466,383575,32969049800,88290,84510,85310,-2980,-3.38,86710,-1580,-1.79,83880,88260,1399-7-12
317,ثجوان,تامين مسكن جوانان,463,2135581,16302509967,7840,7448,7790,-50,-0.64,7667,-173,-2.21,7448,8228,1399-7-12
318,غپآذر,شير پگاه آذربايجان شرقي,460,846211,48325263894,58417,56000,57400,-1017,-1.74,57123,-1294,-2.22,55497,58500,1399-7-12
319,كفرا,فراورده‌ هاي‌ نسوزايران‌,455,423781,16761499090,41490,39420,39420,-2070,-4.99,40810,-680,-1.64,39420,41490,1399-7-12
320,سپاها,سيمان‌سپاهان‌,450,2997973,27941108360,9810,9320,9320,-490,-4.99,9520,-290,-2.96,9320,9320,1399-7-12
321,وپويا,سرمايه گذاري پويا,449,550935,6361095510,12153,11546,11546,-607,-4.99,12072,-81,-0.67,11546,11546,1399-7-12
322,دابور,داروسازي‌ ابوريحان‌,446,745487,30919566140,40120,38120,42120,2000,4.99,40930,810,2.02,38120,42120,1399-7-12
323,سمگاح,ح. سرمايه گذاري ميراث فرهنگي,439,11206926,184889489620,15753,16540,16540,787,5.0,16498,745,4.73,15500,16540,1399-7-12
324,وپترو,سرمايه‌گذاري صنايع پتروشيمي‌,438,3358342,49119319930,13960,14580,14650,690,4.94,14580,620,4.44,14250,14650,1399-7-12
325,بموتو,موتوژن‌,437,1035714,48515702040,44720,44600,46950,2230,4.99,46690,1970,4.41,44600,46950,1399-7-12
326,ولملت,واسپاري ملت,436,2531544,28178174300,11710,11130,11130,-580,-4.95,11370,-340,-2.9,11130,11270,1399-7-12
327,سكه9912پ04,سكه تمام بهارتحويل1روزه صادرات,436,164400,232510055500,1397081,1447900,1400001,2920,0.21,1414295,17214,1.23,1400000,1447900,1399-7-12
328,ضملي1153,اختيارخ فملي-20280-1399/11/05,434,16393,20846759000,8500,6000,2003,-6497,-76.44,1272,-7228,-85.04,990,6000,1399-7-12
329,كماسه,تامين‌ ماسه‌ ريخته‌گري‌,425,440264,25935952240,62010,58910,58910,-3100,-5.0,60320,-1690,-2.73,58910,58910,1399-7-12
330,تسه9812,امتياز تسهيلات مسكن اسفند98,423,3737,2986271757,784346,745555,823000,38654,4.93,799109,14763,1.88,745555,823563,1399-7-12
331,دسبحاح,ح .گروه دارويي سبحان,413,882175,13702435000,14480,15110,15930,1450,10.01,15530,1050,7.25,14330,15930,1399-7-12
332,غبهنوش,بهنوش‌ ايران‌,412,525592,29643629260,58550,55630,56670,-1880,-3.21,57230,-1320,-2.25,55630,58500,1399-7-12
333,پكرمان,گروه‌ صنعتي‌ بارز,408,4120068,92083519800,21290,22350,22350,1060,4.98,22350,1060,4.98,22350,22350,1399-7-12
334,تسه9901,امتياز تسهيلات مسكن فروردين99,408,6022,4801195400,789641,829123,829100,39459,5.0,797276,7635,0.97,750159,829123,1399-7-12
335,سباقر,سيمان باقران,404,1220162,23609783423,18846,18900,19411,565,3.0,19350,504,2.67,18900,19411,1399-7-12
336,ثپرديسح,ح.سرمايه گذاري مسكن پرديس,403,1304262,9599793836,7013,7363,7363,350,4.99,7360,347,4.95,7060,7363,1399-7-12
337,پاكشو,گروه صنعتي پاكشو,398,1462869,109364086440,71200,74760,74760,3560,5.0,74760,3560,5.0,74760,74760,1399-7-12
338,زمگسا,كشاورزي‌ ودامپروي‌ مگسال‌,395,518522,13668926530,27600,26220,26330,-1270,-4.6,27250,-350,-1.27,26220,27490,1399-7-12
339,كپارس,كاشي‌ پارس‌,395,360922,28822340530,76670,73100,80500,3830,5.0,78430,1760,2.3,73100,80500,1399-7-12
340,درازك,دارويي‌ رازك‌,393,2251839,88896316120,37600,39480,39480,1880,5.0,39480,1880,5.0,39000,39480,1399-7-12
341,وساخت,سرمايه‌ گذاري‌ ساختمان‌ايران‌,384,658852,25977935200,37620,38990,39500,1880,5.0,38520,900,2.39,38990,39500,1399-7-12
342,سيدكو,سرمايه گذاري توسعه صنايع سيمان,382,2332522,15885842160,6510,6780,6830,320,4.92,6600,90,1.38,6640,6830,1399-7-12
343,وبهمن,سرمايه‌گذاري‌بهمن‌,382,5157627,82728337080,16880,16040,16040,-840,-4.98,16040,-840,-4.98,16040,16040,1399-7-12
344,حسينا,توسعه خدمات دريايي وبندري سينا,374,1319857,76565105198,55266,56902,58029,2763,5.0,58010,2744,4.97,55306,58029,1399-7-12
345,شفا,سرمايه گذاري شفادارو,368,599909,37587002740,60360,59010,62040,1680,2.78,62020,1660,2.75,59010,63370,1399-7-12
346,سبهان,سيمان‌ بهبهان‌,367,198213,11086973090,57180,55180,56680,-500,-0.87,56900,-280,-0.49,54480,57830,1399-7-12
347,فاسمين,كالسيمين‌,364,1232314,61554084300,47580,49950,49950,2370,4.98,49950,2370,4.98,49950,49950,1399-7-12
348,پارسيان,بيمه پارسيان,363,3062360,37198690960,11600,11580,12180,580,5.0,11990,390,3.36,11580,12180,1399-7-12
349,شپلي,پلي اكريل ايران,362,2864484,22271363100,8184,7775,7775,-409,-5.0,7775,-409,-5.0,7775,7775,1399-7-12
350,سهرمز,سيمان‌هرمزگان‌,356,1053941,16732040840,16230,16130,16900,670,4.13,16110,-120,-0.74,15430,16900,1399-7-12
351,ومعلم,بيمه معلم,354,4540073,27503762234,5770,6058,6058,288,4.99,5921,151,2.62,6058,6058,1399-7-12
352,سيستم,همكاران سيستم,344,810033,22361762650,26420,27700,27740,1320,5.0,26930,510,1.93,27000,27740,1399-7-12
353,خديزل,بهمن  ديزل,335,1223628,54865206876,42836,44880,44977,2141,5.0,44838,2002,4.67,42660,44977,1399-7-12
354,مفاخر,توسعه فناوري اطلاعات خوارزمي,334,414745,18773280011,43259,44300,45100,1841,4.26,43979,720,1.66,44300,45421,1399-7-12
355,غنوش,نوش‌ مازندران‌,334,147314,11951584820,85390,81130,81130,-4260,-4.99,84320,-1070,-1.25,81130,81130,1399-7-12
356,دتماد,توليدمواداوليه‌داروپخش‌,331,923404,39094884530,40500,41990,42520,2020,4.99,41870,1370,3.38,40330,42520,1399-7-12
357,زپارس,ملي كشت و صنعت و دامپروري پارس,331,368436,25465964330,71860,71880,68800,-3060,-4.26,70410,-1450,-2.02,68270,74890,1399-7-12
358,پارتا,مجتمع‌صنعتي‌آرتاويل‌تاير,330,882475,56917984625,63090,62500,64000,910,1.44,64498,1408,2.23,61520,64982,1399-7-12
359,دشيمي,شيمي‌ داروئي‌ داروپخش‌,327,591874,34748494740,56920,59750,56990,70,0.12,58130,1210,2.13,54200,59750,1399-7-12
360,واحصا,احياء صنايع خراسان,324,777204,14271371196,17496,18370,18300,804,4.6,18085,589,3.37,17820,18370,1399-7-12
361,سفارود,كارخانه فارسيت درود,322,4978514,35885128912,7067,7208,7208,141,2.0,7208,141,2.0,7208,7208,1399-7-12
362,تسه9707,امتياز تسهيلات مسكن مهر97,318,4749,3660010223,763539,730350,791000,27461,3.6,770691,7152,0.94,725500,801715,1399-7-12
363,تسه9708,امتياز تسهيلات مسكن آبان97,316,2976,2345325320,786461,761010,796010,9549,1.21,788080,1619,0.21,750000,819978,1399-7-12
364,اتكاي,بيمه اتكايي ايرانيان,314,1959622,31539955207,15356,15720,16123,767,4.99,15801,445,2.9,15700,16123,1399-7-12
365,حخزر,كشتيراني درياي خزر,312,715548,16403731829,22515,21850,23469,954,4.24,22647,132,0.59,21800,23635,1399-7-12
366,تكشا,گسترش‌صنايع‌وخدمات‌كشاورزي‌,311,619705,54286158000,83430,87600,87600,4170,5.0,87600,4170,5.0,87600,87600,1399-7-12
367,غبشهر,صنعتي‌ بهشهر,310,3015518,70532966020,22280,23390,23390,1110,4.98,23390,1110,4.98,23390,23390,1399-7-12
368,خصدرا,صنعتي‌ دريايي‌ ايران‌,310,1147633,7778656474,6987,6778,6778,-209,-2.99,6964,-23,-0.33,6778,6778,1399-7-12
369,آساميد,صندوق س.مشترك آسمان اميد -د,306,14237434,153416664274,10754,10767,10775,21,0.2,10776,22,0.2,10767,10782,1399-7-12
370,ضخود1044,اختيارخ خودرو-4000-1399/10/07,301,13390,2837819000,590,400,330,-260,-44.07,212,-378,-64.07,180,400,1399-7-12
371,دپارس,پارس‌ دارو,299,899322,85442529850,94770,90050,99400,4630,4.89,95010,240,0.25,90050,99500,1399-7-12
372,پلوله,گازلوله‌,297,1992241,39527711538,20242,19838,19838,-404,-2.0,19841,-401,-1.98,19838,20040,1399-7-12
373,كاما,باما,297,210387,30112691310,136320,143130,143130,6810,5.0,139900,3580,2.63,143130,143130,1399-7-12
374,شاملا,معدني‌ املاح‌  ايران‌,297,218645,14501401870,69560,66090,67100,-2460,-3.54,68580,-980,-1.41,66090,69510,1399-7-12
375,سنوين,سرمايه گذاري اقتصاد نوين,295,2817821,31328450162,11025,11134,11245,220,2.0,11118,93,0.84,10805,11245,1399-7-12
376,كاسپين,داروسازي كاسپين تامين,293,255669,6426146903,24757,24714,25000,243,0.98,24805,48,0.19,23600,25800,1399-7-12
377,كخاك,صنايع‌خاك‌چيني‌ايران‌,288,418232,24202479150,57270,57280,57950,680,1.19,57560,290,0.51,57000,59700,1399-7-12
378,شرانل,نفت ايرانول,283,1329277,35890995070,25804,27055,27094,1290,5.0,26625,821,3.18,26010,27094,1399-7-12
379,سقاين,سيمان‌ قائن‌,283,220823,8800267040,41440,39650,39410,-2030,-4.9,41150,-290,-0.7,39370,41030,1399-7-12
380,تسه9811,امتياز تسهيلات مسكن بهمن98,279,2557,2051272131,792200,758222,802000,9800,1.24,802218,10018,1.26,758222,831810,1399-7-12
381,حفارس,حمل و نقل بين المللي خليج فارس,275,1089397,5686652340,5490,5220,5220,-270,-4.92,5460,-30,-0.55,5220,5220,1399-7-12
382,صايند,صندوق س. گنجينه آينده روشن-د,275,6928180,69073683850,10120,9963,9974,-146,-1.44,9970,-150,-1.48,9902,9998,1399-7-12
383,تسه9809,امتياز تسهيلات مسكن آذر98,273,3117,2481537726,782271,743522,790000,7729,0.99,796130,13859,1.77,743522,820000,1399-7-12
384,دارو,كارخانجات‌داروپخش‌,272,454692,24185593460,50800,48610,53340,2540,5.0,51900,1100,2.17,48610,53340,1399-7-12
385,دسبحا,گروه دارويي سبحان,271,534921,9165707570,17100,16700,17400,300,1.75,17110,10,0.06,16270,17470,1399-7-12
386,تسه9803,امتياز تسهيلات مسكن خرداد98,270,2026,1603365641,779718,770000,790006,10288,1.32,791395,11677,1.5,770000,818703,1399-7-12
387,دكيمي,كيميدارو,263,1444553,35271623420,25690,24410,24410,-1280,-4.98,24750,-940,-3.66,24410,25000,1399-7-12
388,مرقام,ايران‌ارقام‌,263,429748,11547328760,28280,26870,26870,-1410,-4.99,27940,-340,-1.2,26870,26870,1399-7-12
389,بسويچ,پارس‌سويچ‌,263,179712,7977562460,46720,44390,44390,-2330,-4.99,46330,-390,-0.83,44390,44460,1399-7-12
390,پيزد,مجتمع صنايع لاستيك يزد,262,28826,2989400330,109163,103705,103705,-5458,-5.0,108819,-344,-0.32,103705,103705,1399-7-12
391,وپخش,داروپخش‌ (هلدينگ‌,262,125433,15211715580,115650,120800,121430,5780,5.0,117280,1630,1.41,119000,121430,1399-7-12
392,بنو,بيمه تجارت نو,260,1992636,52858655172,25264,26527,26527,1263,5.0,26527,1263,5.0,26527,26527,1399-7-12
393,فنفت,صنايع تجهيزات نفت,257,690205,10310869478,14576,14155,15013,437,3.0,14759,183,1.26,14155,15013,1399-7-12
394,ضخود1043,اختيارخ خودرو-3500-1399/10/07,252,10733,3825348000,373,400,400,27,7.24,356,-17,-4.56,300,500,1399-7-12
395,تسه9801,امتياز تسهيلات مسكن فروردين98,250,1749,1396452280,784734,745499,800000,15266,1.95,798429,13695,1.75,745499,810000,1399-7-12
396,تسه9710,امتياز تسهيلات مسكن دي 97,249,2564,2041072379,789544,751025,800400,10856,1.37,796050,6506,0.82,751025,820000,1399-7-12
397,هغدير912,اختيارف ت غدير-17380-99/12/16,248,2721934,293968872,53,108,108,55,103.77,108,55,103.77,108,108,1399-7-12
398,وتوس,توسعه‌شهري‌توس‌گستر,248,1573377,45030049740,27260,28620,28620,1360,4.99,28430,1170,4.29,28620,28620,1399-7-12
399,ثشرقح,ح. سرمايه گذاري مسكن شمال شرق,246,2903191,10884802740,3410,3750,3750,340,9.97,3750,340,9.97,3700,3750,1399-7-12
400,فاما,صنعتي‌ آما,245,913576,18351235950,19140,20090,20090,950,4.96,19470,330,1.72,20030,20090,1399-7-12
401,ضخود1040,اختيارخ خودرو-2000-1399/10/07,243,6708,7507090000,1177,1290,1152,-25,-2.12,1119,-58,-4.93,1093,1290,1399-7-12
402,خاذين,سايپاآذين‌,236,1699965,13327725600,8250,7840,7840,-410,-4.97,8130,-120,-1.45,7840,7840,1399-7-12
403,رانفور,خدمات‌انفورماتيك‌,235,933260,26327264600,26870,28210,28210,1340,4.99,27240,370,1.38,28210,28210,1399-7-12
404,سپ,پرداخت الكترونيك سامان كيش,235,966008,20972033680,20680,21710,21710,1030,4.98,21090,410,1.98,21710,21710,1399-7-12
405,كترام,توليدي‌ كاشي‌ تكسرام‌,233,610758,11439497340,17840,18730,18730,890,4.99,18030,190,1.07,18730,18730,1399-7-12
406,سكه0011پ02,سكه تمام بهارتحويلي 1روزه ملت,232,67500,95367662800,1398954,1426111,1400000,1046,0.07,1412854,13900,0.99,1400000,1459964,1399-7-12
407,تسه9709,امتياز تسهيلات مسكن آذر97,230,1730,1376257971,782248,770010,809000,26752,3.42,795525,13277,1.7,770010,818955,1399-7-12
408,تسه9808,امتياز تسهيلات مسكن آبان98,216,2547,2029235112,779708,741322,818693,38985,5.0,796716,17008,2.18,741322,818693,1399-7-12
409,پرداخت,به پرداخت ملت,215,179350,7246758090,39470,39990,41440,1970,4.99,39600,130,0.33,38050,41440,1399-7-12
410,خريخت,صنايع‌ريخته‌گري‌ايران‌,212,1434913,8638176260,6330,6020,6020,-310,-4.9,6270,-60,-0.95,6020,6020,1399-7-12
411,تسه9711,امتياز تسهيلات مسكن بهمن 97,211,1510,1194351086,786659,757001,800001,13342,1.7,790961,4302,0.55,757001,819900,1399-7-12
412,سبجنو,سيمان‌ بجنورد,211,154349,4771747690,32220,30610,31000,-1220,-3.79,32090,-130,-0.4,30610,31780,1399-7-12
413,ضخود1041,اختيارخ خودرو-2500-1399/10/07,209,6657,5585049000,797,950,898,101,12.67,839,42,5.27,746,1000,1399-7-12
414,وسخراج,شركت س استان خراسان جنوبي,207,4193777,9226309400,2310,2200,2200,-110,-4.76,2290,-20,-0.87,2200,2200,1399-7-12
415,تماوند,تامين سرمايه دماوند,207,993438,12775612680,12486,12860,12860,374,3.0,12718,232,1.86,12860,12860,1399-7-12
416,قهكمت,قندهكمتان‌,206,161785,6944458710,45140,42890,42890,-2250,-4.98,44820,-320,-0.71,42890,44070,1399-7-12
417,هبركت912,اختيارف ت بركت-22100-99/12/17,205,308693,1680215999,4894,5443,5443,549,11.22,5443,549,11.22,5443,5443,1399-7-12
418,تسه9802,امتياز تسهيلات مسكن ارديبهشت98,205,1686,1348562859,777510,770000,800000,22490,2.89,799859,22349,2.87,770000,816385,1399-7-12
419,پسهند,صنايع‌ لاستيكي‌  سهند,204,419125,19177611650,48020,45620,47590,-430,-0.9,47110,-910,-1.9,45620,47590,1399-7-12
420,آكورد,صندوق س. آرمان آتي كوثر-د,204,6487328,186327214513,28685,28715,28730,45,0.16,28722,37,0.13,28715,28749,1399-7-12
421,تسه9712,امتياز تسهيلات مسكن اسفند97,203,1273,1013428920,787994,756539,790050,2056,0.26,796095,8101,1.03,756539,827000,1399-7-12
422,هپارس912,اختيارف ت وپارس-5920-99/12/10,202,871408,1782900768,1968,2046,2046,78,3.96,2046,78,3.96,2046,2046,1399-7-12
423,نمرينو,ايران‌ مرينوس‌,202,859194,54290215620,66480,63160,63160,-3320,-4.99,63190,-3290,-4.95,63160,66500,1399-7-12
424,بذر,صندوق س بذر اميد آفرين-سهام,202,78388,9200780680,112420,114280,119980,7560,6.72,117370,4950,4.4,114200,119980,1399-7-12
425,دفرا,فرآورده‌هاي‌ تزريقي‌ ايران‌,202,321979,8611007460,28130,26730,26730,-1400,-4.98,27880,-250,-0.89,26730,27720,1399-7-12
426,توريل,توکاريل,195,990973,19326946419,18575,19503,19503,928,5.0,18917,342,1.84,19503,19503,1399-7-12
427,دارا,صندوق س. دارا الگوريتم-د,195,2866562,28749158727,10003,10030,10035,32,0.32,10029,26,0.26,10005,10038,1399-7-12
428,وملي,گروه‌ صنعتي‌ ملي‌ (هلدينگ‌,193,12095,5991137300,521410,495340,495340,-26070,-5.0,518220,-3190,-0.61,495340,495340,1399-7-12
429,فسپا,گروه‌صنعتي‌سپاهان‌,190,1054027,45702610720,41300,43360,43360,2060,4.99,43090,1790,4.33,43360,43360,1399-7-12
430,دلر,داروسازي‌ اكسير,190,95203,9582257620,97860,101870,99990,2130,2.18,98380,520,0.53,94200,101900,1399-7-12
431,ساوه,سيمان ساوه,188,74218,5173810998,73379,69711,69711,-3668,-5.0,72979,-400,-0.55,69711,69711,1399-7-12
432,شتولي,تولي‌پرس‌,187,863729,16945499251,18865,19619,19619,754,4.0,19619,754,4.0,19619,19619,1399-7-12
433,وگستر,گسترش سرمايه گذاري ايرانيان,186,676019,13241860172,20618,19588,19588,-1030,-5.0,20331,-287,-1.39,19588,19588,1399-7-12
434,وتعاون,بيمه  تعاون,181,1088305,6415727865,6073,5891,5891,-182,-3.0,6014,-59,-0.97,5891,6020,1399-7-12
435,آ س پ,آ.س.پ,179,765243,10948331601,15059,14307,14307,-752,-4.99,14886,-173,-1.15,14307,14307,1399-7-12
436,خكاوه,سايپا ديزل,178,1032253,6448484491,6575,6247,6247,-328,-4.99,6464,-111,-1.69,6247,6247,1399-7-12
437,خاور,ايران خودرو ديزل,174,1008335,6987761550,7294,6930,6930,-364,-4.99,7160,-134,-1.84,6930,6930,1399-7-12
438,اخزا815,اسنادخزانه-م15بودجه98-010406,174,201403,148627425321,737007,737000,738000,993,0.13,737960,953,0.13,735899,740999,1399-7-12
439,سهگمت,سيمان‌هگمتان‌,173,638642,11887152320,17770,17780,18650,880,4.95,17960,190,1.07,17100,18650,1399-7-12
440,ضخود1042,اختيارخ خودرو-3000-1399/10/07,172,7583,3899006000,517,680,570,53,10.25,514,-3,-0.58,480,690,1399-7-12
441,اپرداز,آتيه داده پرداز,169,2036938,59835053750,27977,29375,29375,1398,5.0,29375,1398,5.0,29375,29375,1399-7-12
442,ذوب تبعي9912,اختيارف.تبعي ذوب991224,168,217780,435560000,1900,2000,2000,100,5.26,2000,100,5.26,2000,2000,1399-7-12
443,دابورح,ح . داروسازي‌ ابوريحان‌,161,1400000,50348589000,34070,35000,37480,3410,10.01,35960,1890,5.55,35000,37480,1399-7-12
444,ديران,ايران‌دارو,160,527627,11396743200,22730,21600,21600,-1130,-4.97,22460,-270,-1.19,21600,21600,1399-7-12
445,ضصاد8024,اختيارخ وبصادر-5500-1399/08/11,157,3596,486576000,144,220,123,-21,-14.58,135,-9,-6.25,120,220,1399-7-12
446,ضجار1015,اختيارخ وتجارت-3500-1399/10/21,156,14155,1722775000,1,100,196,195,19500.0,122,121,12100.0,100,198,1399-7-12
447,وسكاب,س.ص.بازنشستگي كاركنان بانكها,153,2634293,17386333800,6290,6600,6600,310,4.93,6390,100,1.59,6600,6600,1399-7-12
448,ياقوت,صندوق س ياقوت آگاه-ثابت,150,3775873,41877942750,11080,11080,11110,30,0.27,11090,10,0.09,11080,11120,1399-7-12
449,ضخود1045,اختيارخ خودرو-4500-1399/10/07,147,6465,719195000,300,200,200,-100,-33.33,111,-189,-63.0,10,200,1399-7-12
450,هكوير910,اختيارف ت كوير-16000-99/10/02,142,1000000,1795000000,1892,1795,1795,-97,-5.13,1795,-97,-5.13,1795,1795,1399-7-12
451,تسه9806,امتياز تسهيلات مسكن شهريور98,141,2321,1832467950,785470,760000,800250,14780,1.88,789517,4047,0.52,760000,824000,1399-7-12
452,كپرور,فرآوري زغال سنگ پروده طبس,141,343984,14139806304,43269,41106,41106,-2163,-5.0,42625,-644,-1.49,41106,41106,1399-7-12
453,سپاس,صندوق س. پاداش سهامداري توسعه1,137,4522595,45926967200,10160,10170,10140,-20,-0.2,10160,0,0.0,10140,10170,1399-7-12
454,تشتاد,صنايع توليدي اشتاد ايران‌,137,525169,6896518776,13819,13129,13200,-619,-4.48,13570,-249,-1.8,13129,13406,1399-7-12
455,سدشت,صنايع سيمان دشتستان,136,74026,2934390640,37760,39640,39640,1880,4.98,37870,110,0.29,39640,39640,1399-7-12
456,اخزا809,اسنادخزانه-م9بودجه98-000923,133,189890,155281454667,815366,815101,820050,4684,0.57,817744,2378,0.29,815101,821000,1399-7-12
457,وآتوس,س.آرين توسكا قيمت اسمي 350ريال,131,538891,19326247933,34819,35863,35863,1044,3.0,35798,979,2.81,35863,35863,1399-7-12
458,اعتلاح,ح سرمايه گذاري اعتلاء البرز,129,327696,2271588672,6602,6932,6932,330,5.0,6932,330,5.0,6932,6932,1399-7-12
459,گكوثر,هتل پارسيان كوثر اصفهان,129,38807,6795183314,184317,175102,175102,-9215,-5.0,182999,-1318,-0.72,175102,175102,1399-7-12
460,خشرق,الكتريك‌ خودرو شرق‌,129,487158,9104983020,19670,18690,18690,-980,-4.98,19480,-190,-0.97,18690,18690,1399-7-12
461,تبرك,گروه كارخانجات صنعتي تبرك,128,130416,3714378096,29980,28481,28481,-1499,-5.0,29863,-117,-0.39,28481,28481,1399-7-12
462,ضجار7023,اختيارخ وتجارت-3000-1399/07/22,125,7894,1241760000,100,130,150,50,50.0,157,57,57.0,90,200,1399-7-12
463,اخزا808,اسنادخزانه-م8بودجه98-000817,125,176204,146136766937,827277,827951,829661,2384,0.29,829361,2084,0.25,827951,830000,1399-7-12
464,تسه9807,امتياز تسهيلات مسكن مهر98,125,1047,833198920,778114,760000,810000,31886,4.1,795796,17682,2.27,760000,817019,1399-7-12
465,ولبهمن,شركت بهمن ليزينگ,124,1347538,13118282430,10247,9735,9735,-512,-5.0,10106,-141,-1.38,9735,9735,1399-7-12
466,صنوين,صندوق سرمايه‌گذاري صنوين-مختلط,123,32303,3632822620,111490,110030,113800,2310,2.07,112460,970,0.87,110030,114840,1399-7-12
467,فپنتا,سپنتا,121,40548,14062046400,330290,346800,346800,16510,5.0,334710,4420,1.34,346800,346800,1399-7-12
468,وايران,ليزينگ ايرانيان,121,438604,4736923200,11360,10800,10800,-560,-4.93,11300,-60,-0.53,10800,10800,1399-7-12
469,كتوكا,توليدي و خدمات صنايع نسوز توكا,119,135775,19410937100,150488,142964,142964,-7524,-5.0,147413,-3075,-2.04,142964,142964,1399-7-12
470,ضجار7022,اختيارخ وتجارت-2800-1399/07/22,117,1788,544142000,201,201,300,99,49.25,304,103,51.24,201,332,1399-7-12
471,نطرين,عطرين نخ قم,116,270576,4656883536,18116,17211,17211,-905,-5.0,18027,-89,-0.49,17211,17211,1399-7-12
472,ضجار1014,اختيارخ وتجارت-3000-1399/10/21,116,8286,2177323000,1,250,370,369,36900.0,263,262,26200.0,250,600,1399-7-12
473,سجام,مجتمع سيمان غرب آسيا,112,343550,4218106900,12924,12278,12278,-646,-5.0,12781,-143,-1.11,12278,12278,1399-7-12
474,سخاش,سيمان‌خاش‌,111,66183,4777088940,75970,72180,72180,-3790,-4.99,75590,-380,-0.5,72180,72180,1399-7-12
475,ضخود1046,اختيارخ خودرو-5000-1399/10/07,111,5559,426659000,210,400,220,10,4.76,77,-133,-63.33,50,400,1399-7-12
476,شكبير,پتروشيمي اميركبير,110,190239,11240733012,60898,59072,59890,-1008,-1.66,60659,-239,-0.39,59072,60000,1399-7-12
477,قشرين,قند شيرين خراسان,107,846740,16398813580,19965,19367,19367,-598,-3.0,19460,-505,-2.53,19367,19367,1399-7-12
478,الماس,صندوق س.امين تدبيرگران فردا-س,107,28111,3521672385,121250,123266,125160,3910,3.22,125277,4027,3.32,112000,126000,1399-7-12
479,خوساز,محورسازان‌ايران‌خودرو,106,304154,2922919940,10110,9610,9610,-500,-4.95,10080,-30,-0.3,9610,9610,1399-7-12
480,غدام,خوراك‌  دام‌ پارس‌,106,52383,7020893490,141080,134030,134030,-7050,-5.0,140040,-1040,-0.74,134030,134030,1399-7-12
481,سمتاز,سيمان ممتازان كرمان,106,198303,4075507408,20999,21499,20680,-319,-1.52,20906,-93,-0.44,20370,21499,1399-7-12
482,ثعمرا,عمران و توسعه شاهد,105,511810,13017887350,26773,25435,25435,-1338,-5.0,26406,-367,-1.37,25435,25435,1399-7-12
483,سكه0112پ03,سكه تمام بهارتحويلي1روزه سامان,104,24200,34342607900,1400417,1420051,1404000,3583,0.26,1419116,18699,1.34,1400010,1449000,1399-7-12
484,كمرجان,بازرگاني و توليدي مرجان كار,104,365526,16961137452,44193,46402,46402,2209,5.0,44907,714,1.62,46402,46402,1399-7-12
485,ركيش,كارت اعتباري ايران كيش,103,1705846,26901191420,16590,15770,15770,-820,-4.94,16130,-460,-2.77,15770,15770,1399-7-12
486,وتوصا,گروه س توسعه صنعتي ايران,101,261731,3797716810,15270,14510,14510,-760,-4.98,15210,-60,-0.39,14510,14510,1399-7-12
487,اخزا821,اسنادخزانه-م21بودجه98-020906,101,182898,104145322882,576481,577999,572009,-4472,-0.78,569417,-7064,-1.23,548000,578000,1399-7-12
488,دمعيار,صندوق س. توازن معيار-د,99,2686596,26912483853,10004,10020,10013,9,0.09,10017,13,0.13,10013,10028,1399-7-12
489,سكرد,سيمان كردستان,99,313600,3321024000,11140,10590,10590,-550,-4.94,11100,-40,-0.36,10590,10590,1399-7-12
490,وهنر,گروه توسعه هنر ايران,98,1103068,5386281044,5033,4883,4883,-150,-2.98,4991,-42,-0.83,4883,4883,1399-7-12
491,ثقزوي,شركت عمران و سازندگي قزوين,97,226620,6021293400,25797,26570,26570,773,3.0,26023,226,0.88,26570,26570,1399-7-12
492,وزمين,بانك ايران زمين,97,270365,4481570240,16914,16576,16576,-338,-2.0,16857,-57,-0.34,16576,16576,1399-7-12
493,گنجين,صندوق س. گنجينه يكم آويد-د,96,3048586,34672733249,11369,11386,11350,-19,-0.17,11373,4,0.04,11310,11386,1399-7-12
494,حاريا,كشتيراني آريا,96,815688,24949448856,29697,30587,30587,890,3.0,30587,890,3.0,30587,30587,1399-7-12
495,فايرا,آلومينيوم‌ايران‌,96,444405,8341481850,17880,18770,18770,890,4.98,18020,140,0.78,18770,18770,1399-7-12
496,فلوله,لوله‌وماشين‌سازي‌ايران‌,94,259685,6627161200,26860,25520,25520,-1340,-4.99,26670,-190,-0.71,25520,25520,1399-7-12
497,لپارس,پارس‌ الكتريك‌,92,13102,4757467220,382220,363110,363110,-19110,-5.0,380310,-1910,-0.5,363110,363110,1399-7-12
498,فجام,جام‌دارو,92,37468,2181012280,61270,58210,58210,-3060,-4.99,61130,-140,-0.23,58210,58210,1399-7-12
499,ثنوسا,نوسازي‌وساختمان‌تهران‌,91,240351,2828931270,12380,11770,11770,-610,-4.93,12340,-40,-0.32,11770,11770,1399-7-12
500,حتوكا,حمل‌ونقل‌توكا,91,476062,7155211860,15820,15030,15030,-790,-4.99,15700,-120,-0.76,15030,15030,1399-7-12
501,هاباد912,اختيارف ت آبادا-30100-99/12/12,89,225000,601650000,2482,2674,2674,192,7.74,2674,192,7.74,2674,2674,1399-7-12
502,هخود911,اختيارف ت خودرو-3680-99/11/20,89,1350000,1119150000,914,829,829,-85,-9.3,829,-85,-9.3,829,829,1399-7-12
503,ثعتما,س. ساختماني اعتماد گستر,88,511740,17927787420,36876,35033,35033,-1843,-5.0,35137,-1739,-4.72,35033,35033,1399-7-12
504,شدوص,دوده‌ صنعتي‌ پارس‌,86,121956,2415948360,20850,19810,19810,-1040,-4.99,20800,-50,-0.24,19810,19810,1399-7-12
505,هكاوه911,اختيارف ت كاوه-25477-99/11/18,86,300000,357600000,2225,1192,1192,-1033,-46.43,1192,-1033,-46.43,1192,1192,1399-7-12
506,فيروزا,صندوق بادرآمد ثابت فيروزه آسيا,85,465998,9799687650,20990,21000,21060,70,0.33,21030,40,0.19,21000,21110,1399-7-12
507,دقاضي,داروسازي شهيد قاضي,84,44653,4223218358,93561,90755,92120,-1441,-1.54,93774,213,0.23,90755,96367,1399-7-12
508,ونيرو,سرمايه‌گذاري‌نيرو,84,199866,1690866360,8900,8460,8460,-440,-4.94,8880,-20,-0.22,8460,8460,1399-7-12
509,تصميم,صندوق س با درآمد ثابت تصميم,83,1050484,15362349960,14610,14620,14620,10,0.07,14620,10,0.07,14610,14640,1399-7-12
510,زگلدشت,كشت و دام گلدشت نمونه اصفهان,83,60415,2202549655,38375,36457,36457,-1918,-5.0,38286,-89,-0.23,36457,36457,1399-7-12
511,ثتران,سرمايه گذاري مسكن تهران,83,436146,2857628592,6896,6552,6552,-344,-4.99,6875,-21,-0.3,6552,6552,1399-7-12
512,زنجان,صنايع كشاورزي وكود زنجان,83,381988,2566195384,7071,6718,6718,-353,-4.99,7023,-48,-0.68,6718,6718,1399-7-12
513,ثزاگرس,سرمايه گذاري توسعه عمران زاگرس,82,855671,22733467128,25303,26568,26568,1265,5.0,26568,1265,5.0,26568,26568,1399-7-12
514,خكار,ايركا پارت صنعت,82,515975,18631857250,38010,36110,36110,-1900,-5.0,37260,-750,-1.97,36110,36110,1399-7-12
515,دكوثر,داروسازي‌ كوثر,81,178878,4520247060,26590,25270,25270,-1320,-4.96,26460,-130,-0.49,25270,25270,1399-7-12
516,تسه9805,امتياز تسهيلات مسكن مرداد98,79,757,602306817,778895,760000,815000,36105,4.64,795650,16755,2.15,760000,815000,1399-7-12
517,وليز,ليزينگ‌ايران‌,77,271739,2633150910,10200,9690,9690,-510,-5.0,10170,-30,-0.29,9690,9690,1399-7-12
518,تكمبا,كمباين‌ سازي‌ ايران‌,77,342841,3534690710,10850,10310,10310,-540,-4.98,10810,-40,-0.37,10310,10310,1399-7-12
519,دكپسول,توليد ژلاتين كپسول ايران,75,199781,7685575070,40494,38470,38470,-2024,-5.0,40167,-327,-0.81,38470,38470,1399-7-12
520,هبهرن912,اختيارف ت شبهرن-74590-99/12/02,75,26913,286246668,12700,10636,10636,-2064,-16.25,10636,-2064,-16.25,10636,10636,1399-7-12
521,وسقم,شركت س استان قم,74,2836156,3998979960,1350,1410,1410,60,4.44,1350,0,0.0,1410,1410,1399-7-12
522,اخزا814,اسنادخزانه-م14بودجه98-010318,74,191512,142774989983,744252,745100,745212,960,0.13,745515,1263,0.17,744252,746000,1399-7-12
523,تسه9804,امتياز تسهيلات مسكن تير98,73,680,545261888,775225,750000,805000,29775,3.84,801856,26631,3.44,750000,813986,1399-7-12
524,آسام,صندوق س.آرمان سپهر آشنا-م,73,39200,4070838420,102367,104000,104500,2133,2.08,103848,1481,1.45,102500,104970,1399-7-12
525,ضجار7036,اختيارخ وتجارت-6500-1399/07/22,72,3696,12913000,5,5,2,-3,-60.0,3,-2,-40.0,2,6,1399-7-12
526,ساراب,سيمان‌ داراب‌,71,190014,2278267860,12620,11990,11990,-630,-4.99,12590,-30,-0.24,11990,11990,1399-7-12
527,شفارس,صنايع‌ شيميايي‌ فارس‌,71,103912,3455074000,34990,33250,33250,-1740,-4.97,34860,-130,-0.37,33250,33250,1399-7-12
528,كيسون,شركت كيسون,71,85605,1870640460,22527,21852,21852,-675,-3.0,22498,-29,-0.13,21852,21852,1399-7-12
529,كگاز,شيشه‌ و گاز,70,53945,1317336900,25700,24420,24420,-1280,-4.98,25660,-40,-0.16,24420,24420,1399-7-12
530,حپارسا,توسعه حمل و نقل ريلي پارسيان,70,79841,2639782983,34803,33063,33063,-1740,-5.0,34706,-97,-0.28,33063,33063,1399-7-12
531,شفارا,پتروشيمي فارابي,70,416885,2187395595,5523,5247,5247,-276,-5.0,5491,-32,-0.58,5247,5247,1399-7-12
532,زشريف,كشت وصنعت شريف آباد,69,83042,2198370866,27866,26473,26473,-1393,-5.0,27802,-64,-0.23,26473,26473,1399-7-12
533,فنرژي,گسترش صنايع انرژي آذرآب,69,305986,3276804574,11155,10709,10709,-446,-4.0,11003,-152,-1.36,10709,10710,1399-7-12
534,زقيام,كشت و دام قيام اصفهان,69,53865,1472130450,28768,27330,27330,-1438,-5.0,28723,-45,-0.16,27330,27330,1399-7-12
535,قاسم,قاسم ايران,68,116868,1778847828,16022,15221,15221,-801,-5.0,15992,-30,-0.19,15221,15221,1399-7-12
536,بزاگرس,نيروگاه زاگرس كوثر,66,128454,1940811486,15904,15109,15109,-795,-5.0,15872,-32,-0.2,15109,15109,1399-7-12
537,خساپا2,سايپا,66,13139073,29694304980,2160,2260,2260,100,4.63,2260,100,4.63,2260,2260,1399-7-12
538,ثنظام,س. ساختماني نظام مهندسي ايران,66,189779,8860591731,49146,46689,46689,-2457,-5.0,48000,-1146,-2.33,46689,46689,1399-7-12
539,اخزا811,اسنادخزانه-م11بودجه98-001013,65,95472,77300629519,807545,808101,811000,3455,0.43,809668,2123,0.26,808101,814999,1399-7-12
540,قشكر,شكرشاهرود,65,82349,3653825130,46700,44370,44370,-2330,-4.99,46520,-180,-0.39,44370,44370,1399-7-12
541,اعتلا,شركت سرمايه گذاري اعتلاء البرز,63,269474,3108652064,12143,11536,11536,-607,-5.0,12103,-40,-0.33,11536,11536,1399-7-12
542,قشهد,شهد,63,203143,6299464430,32640,31010,31010,-1630,-4.99,32420,-220,-0.67,31010,31010,1399-7-12
543,اخزا820,اسنادخزانه-م20بودجه98-020806,62,270420,157600198937,582062,585000,582000,-62,-0.01,582798,736,0.13,580130,585000,1399-7-12
544,لكما,كارخانجات‌مخابراتي‌ايران‌,61,290805,3343385085,11852,11497,11497,-355,-3.0,11791,-61,-0.51,11497,11497,1399-7-12
545,وسخراش,شركت س استان خراسان شمالي,60,2251371,3174433110,1350,1410,1410,60,4.44,1350,0,0.0,1410,1410,1399-7-12
546,ضجار7031,اختيارخ وتجارت-4600-1399/07/22,60,3188,7244000,6,10,2,-4,-66.67,2,-4,-66.67,2,10,1399-7-12
547,خلنت,لنت‌ ترمزايران‌,60,38942,3575265020,96640,91810,91810,-4830,-5.0,96280,-360,-0.37,91810,91810,1399-7-12
548,غپونه,نوش پونه مشهد,60,130880,2215929280,17454,16931,16931,-523,-3.0,17394,-60,-0.34,16931,16931,1399-7-12
549,كشرق,صنعتي و معدني شمال شرق شاهرود,60,278322,19972665042,75537,71761,71761,-3776,-5.0,73949,-1588,-2.1,71761,71761,1399-7-12
550,اخزا818,اسنادخزانه-م18بودجه98-010614,59,114890,82013172669,712339,712000,712602,263,0.04,713841,1502,0.21,712000,715000,1399-7-12
551,واعتبار,سرمايه گذاري اعتبار ايران,58,390286,3013007920,8120,7720,7720,-400,-4.93,8090,-30,-0.37,7720,7720,1399-7-12
552,اخزا817,اسنادخزانه-م17بودجه98-010512,58,120784,87509285349,723911,723999,725480,1569,0.22,724511,600,0.08,722780,725998,1399-7-12
553,فلات,گروه صنايع معادن فلات ايرانيان,58,241024,3099327616,13256,12859,12859,-397,-2.99,13193,-63,-0.48,12859,12859,1399-7-12
554,زدشت,كشت و صنعت دشت خرم دره,58,76158,3519185022,48641,46209,46209,-2432,-5.0,48461,-180,-0.37,46209,46209,1399-7-12
555,غاذر,كشت‌وصنعت‌پياذر,57,104408,8795329920,88670,84240,84240,-4430,-5.0,87850,-820,-0.92,84240,84240,1399-7-12
556,زبينا,كشاورزي و دامپروري بينالود,57,62800,3012076400,50487,47963,47963,-2524,-5.0,50327,-160,-0.32,47963,47963,1399-7-12
557,قپيرا,فرآورده‌هاي‌غدايي‌وقندپيرانشهر,57,12484,942447210,79350,75390,75390,-3960,-4.99,79270,-80,-0.1,75390,78000,1399-7-12
558,آبين,كشت و صنعت آبشيرين,55,703155,3339986250,4306,4750,4750,444,10.31,4373,67,1.56,4750,4750,1399-7-12
559,وآفري,بيمه كارآفرين,54,46619,817790498,18084,17542,17542,-542,-3.0,18061,-23,-0.13,17542,17542,1399-7-12
560,غالبر,لبنيات‌ كالبر,54,67916,934524160,14480,13760,13760,-720,-4.97,14470,-10,-0.07,13760,13760,1399-7-12
561,اخزا806,اسنادخزانه-م6بودجه98-000519,54,130574,113072371551,863654,864000,867001,3347,0.39,865964,2310,0.27,863306,869200,1399-7-12
562,تكنار,مجتمع معادن مس تكنار,54,45855,4026527550,83629,87810,87810,4181,5.0,84431,802,0.96,87810,87810,1399-7-12
563,فولاي,صنايع فولاد آلياژي يزد,53,12172,611363044,52870,50227,50227,-2643,-5.0,52836,-34,-0.06,50227,50227,1399-7-12
564,رتكو,كنترل‌خوردگي‌تكين‌كو,53,93895,1730484850,19400,18430,18430,-970,-5.0,19360,-40,-0.21,18430,18430,1399-7-12
565,خودرو2,ايران‌ خودرو,52,10058754,27560985960,2610,2740,2740,130,4.98,2740,130,4.98,2740,2740,1399-7-12
566,ضجار7026,اختيارخ وتجارت-3600-1399/07/22,52,2933,89205000,29,34,28,-1,-3.45,30,1,3.45,27,34,1399-7-12
567,غشصفا,شيرپاستوريزه‌پگاه‌اصفهان‌,51,87505,2344258950,28190,26790,26790,-1400,-4.97,28120,-70,-0.25,26790,26790,1399-7-12
568,ولتجار,واسپاري تجارت وسرمايه ايرانيان,51,173662,1144606242,6937,6591,6591,-346,-4.99,6916,-21,-0.3,6591,6591,1399-7-12
569,بنيرو,نيروترانس‌,51,21300,1383222000,68350,64940,64940,-3410,-4.99,68250,-100,-0.15,64940,64940,1399-7-12
570,ولانا,شركت ليزينگ آريا دانا,50,281185,6432669245,23584,22877,22877,-707,-3.0,23350,-234,-0.99,22877,22877,1399-7-12
571,ثروتم,صندوق س. ثروت آفرين پارسيان-س,50,12350,1198178990,95122,96000,97150,2028,2.13,97019,1897,1.99,96000,100000,1399-7-12
572,اخزا721,اسنادخزانه-م21بودجه97-000728,49,308633,258649660295,837616,837952,838024,408,0.05,838049,433,0.05,837952,838800,1399-7-12
573,كمينا,شيشه سازي مينا,48,74734,2358081902,33213,31553,31553,-1660,-5.0,33007,-206,-0.62,31553,31553,1399-7-12
574,سايرا,ايرانيت‌,48,33237,1239710570,36695,35962,37428,733,2.0,36769,74,0.2,35962,37428,1399-7-12
575,سخند,صندوق س.سپهرخبرگان نفت-د,48,325710,3288662500,10070,10061,10129,59,0.59,10097,27,0.27,10061,10129,1399-7-12
576,قشير,قند شيروان قوچان و بجنورد,48,46381,1198345897,27196,25837,25837,-1359,-5.0,27162,-34,-0.13,25837,25837,1399-7-12
577,همعاد911,اختيارف ت معادن-19080-99/11/19,48,240000,239760000,1131,999,999,-132,-11.67,999,-132,-11.67,999,999,1399-7-12
578,فسا,پتروشيمي فسا,47,390479,1163236941,3071,2979,2979,-92,-3.0,3065,-6,-0.2,2979,2979,1399-7-12
579,زكشت,كشاورزي مكانيزه اصفهان كشت,47,54485,1713498765,33104,31449,31449,-1655,-5.0,33044,-60,-0.18,31449,31449,1399-7-12
580,اخزا812,اسنادخزانه-م12بودجه98-001111,47,118134,94369083043,797258,796800,801150,3892,0.49,798831,1573,0.2,796800,810000,1399-7-12
581,پاسا,ايران‌ياساتايرورابر,47,107648,2527575040,24710,23480,23480,-1230,-4.98,24640,-70,-0.28,23480,23480,1399-7-12
582,ضصاد8012,اختيارخ وبصادر-2800-1399/08/11,46,659,939171000,1222,1440,1460,238,19.48,1425,203,16.61,1201,1495,1399-7-12
583,ارمغان,ص سرمايه گذاري ارمغان ايرانيان,46,1107602,11244448630,10130,10150,10160,30,0.3,10150,20,0.2,10150,10160,1399-7-12
584,ولشرق,ليزينگ ايران و شرق,44,199094,1688118026,8925,8479,8479,-446,-5.0,8909,-16,-0.18,8479,8479,1399-7-12
585,وسرمد,بيمه  سرمد,44,152579,963688964,6511,6316,6316,-195,-2.99,6501,-10,-0.15,6316,6316,1399-7-12
586,ثاصفا,شركت‌ ساختمان‌ اصفهان‌,44,81035,2394017005,30456,29543,29543,-913,-3.0,30343,-113,-0.37,29543,29543,1399-7-12
587,لبوتان,گروه‌صنعتي‌بوتان‌,43,33915,2680980750,83210,79050,79050,-4160,-5.0,82980,-230,-0.28,79050,79050,1399-7-12
588,هشير911,اختيارف ت شيراز-73480-99/11/27,40,80000,170320000,1774,2129,2129,355,20.01,2129,355,20.01,2129,2129,1399-7-12
589,زماهان,مجتمع توليد گوشت مرغ ماهان,40,31998,807981498,26580,25251,25251,-1329,-5.0,26557,-23,-0.09,25251,25251,1399-7-12
590,تپولا,مهندسي مرآت پولاد,40,797807,15583564131,18965,19533,19533,568,2.99,19395,430,2.27,19533,19533,1399-7-12
591,قزوين,كارخانجات‌ قند قزوين‌,39,207275,7196588000,36540,34720,34720,-1820,-4.98,36260,-280,-0.77,34720,34720,1399-7-12
592,شكف,كف,39,239994,12652003692,50691,52718,52718,2027,4.0,52718,2027,4.0,52718,52718,1399-7-12
593,لسرما,سرما آفرين‌,39,472950,11393365500,25350,24090,24090,-1260,-4.97,25050,-300,-1.18,24090,24090,1399-7-12
594,افران,صندوق س افرا نماد پايدار-ثابت,38,454466,5347077380,11730,11800,11800,70,0.6,11770,40,0.34,11760,11810,1399-7-12
595,ضجار7024,اختيارخ وتجارت-3200-1399/07/22,38,1988,175732000,73,99,90,17,23.29,88,15,20.55,60,99,1399-7-12
596,فنوال,نورد آلومينيوم‌,37,32270,1151070900,37540,35670,35670,-1870,-4.98,37490,-50,-0.13,35670,35670,1399-7-12
597,كقزوي,شيشه‌ قزوين‌,37,93901,973096063,10683,10363,10363,-320,-3.0,10667,-16,-0.15,10363,10363,1399-7-12
598,ثنور,سرمايه گذاري كوه نور,37,75259,594169805,8139,7895,7895,-244,-3.0,8132,-7,-0.09,7895,7895,1399-7-12
599,غگلستا,شير پاستوريزه پگاه گلستان,37,188562,2869536516,16018,15218,15218,-800,-4.99,15970,-48,-0.3,15218,15218,1399-7-12
600,ثپرديس,سرمايه گذاري مسكن پرديس,37,54969,733451367,14045,13343,13343,-702,-5.0,14034,-11,-0.08,13343,13343,1399-7-12
601,هنفت912,اختيارف ت نفت-15330-99/12/04,36,320000,327360000,1602,1023,1023,-579,-36.14,1023,-579,-36.14,1023,1023,1399-7-12
602,چكاوه,صنايع‌كاغذسازي‌كاوه‌,35,34766,1292947540,39140,37190,37190,-1950,-4.98,39090,-50,-0.13,37190,37190,1399-7-12
603,ختراك,ريخته‌گري‌ تراكتورسازي‌ ايران‌,35,63555,1382956800,22900,21760,21760,-1140,-4.98,22870,-30,-0.13,21760,21760,1399-7-12
604,اخزا816,اسنادخزانه-م16بودجه98-010503,35,112180,81769195274,727724,729000,728900,1176,0.16,728911,1187,0.16,726500,730000,1399-7-12
605,پلاسك,پلاسكوكار,35,60055,547701600,9590,9120,9120,-470,-4.9,9580,-10,-0.1,9120,9120,1399-7-12
606,بالبر,كابل‌ البرز,34,17469,452272410,27250,25890,25890,-1360,-4.99,27240,-10,-0.04,25890,25890,1399-7-12
607,ساروج,بين المللي ساروج بوشهر,34,173693,3661746440,21731,21080,21080,-651,-3.0,21608,-123,-0.57,21080,22360,1399-7-12
608,كفرآور,فرآورده هاي سيمان شرق,32,262259,5522387763,21708,21057,21057,-651,-3.0,21523,-185,-0.85,21057,21057,1399-7-12
609,ضصاد8021,اختيارخ وبصادر-4600-1399/08/11,32,2646,815806000,300,51,300,0,0.0,308,8,2.67,51,500,1399-7-12
610,حپترو,حمل و نقل پتروشيمي( سهامي عام,32,54814,1667441880,32020,30420,30420,-1600,-5.0,31960,-60,-0.19,30420,30420,1399-7-12
611,ثشرق,سرمايه گذاري مسكن شمال شرق,32,53498,363251420,7140,6790,6790,-350,-4.9,7140,0,0.0,6790,6790,1399-7-12
612,ضصاد8014,اختيارخ وبصادر-3200-1399/08/11,31,291,312960000,1049,900,1180,131,12.49,1075,26,2.48,900,1180,1399-7-12
613,ضصاد8015,اختيارخ وبصادر-3400-1399/08/11,31,349,297294000,700,501,928,228,32.57,852,152,21.71,501,945,1399-7-12
614,داريك,صندوق س.اعتماد داريك-د,31,132831,1334085319,10002,10098,10009,7,0.07,10043,41,0.41,10002,10098,1399-7-12
615,چفيبر,فيبر ايران‌,30,209145,2237851500,11260,10700,10700,-560,-4.97,11230,-30,-0.27,10700,10700,1399-7-12
616,هافق406,اختيارف ت افق-90000-00/06/30,30,700000,700000,1,1,1,0,0.0,1,0,0.0,1,1,1399-7-12
617,داراب,پتروشيمي داراب,29,97404,303803076,3215,3119,3119,-96,-2.99,3213,-2,-0.06,3119,3119,1399-7-12
618,وسنا,سرمايه گذاري نيروگاهي ايران,29,68410,1424569840,21468,20824,20824,-644,-3.0,21436,-32,-0.15,20824,20824,1399-7-12
619,غپاك,لبنيات‌ پاك‌,29,35239,595891490,17790,16910,16910,-880,-4.95,17780,-10,-0.06,16910,16910,1399-7-12
620,حسير,ريل سير كوثر,29,37959,1000067814,27732,26346,26346,-1386,-5.0,27703,-29,-0.1,26346,26346,1399-7-12
621,وبرق,س.کارکنان صنعت برق زنجان وقزوي,29,5395,1112707960,212626,206248,206248,-6378,-3.0,212260,-366,-0.17,206248,206248,1399-7-12
622,غشاذر,پگاه‌آذربايجان‌غربي‌,29,34870,767837400,23170,22020,22020,-1150,-4.96,23150,-20,-0.09,22020,22020,1399-7-12
623,كرونا2,تامين مالي جمعي صرفا اهداي سود,29,3129,31290000,10000,10000,10000,0,0.0,10000,0,0.0,10000,10000,1399-7-12
624,سغرب,سيمان‌غرب‌,28,22654,449002280,20860,19820,19820,-1040,-4.99,20850,-10,-0.05,19820,19820,1399-7-12
625,كساپا,سايپاشيشه‌,28,37194,740160600,20940,19900,19900,-1040,-4.97,20920,-20,-0.1,19900,19900,1399-7-12
626,كسعدي,كاشي‌ سعدي‌,28,17801,1122709070,66380,63070,63070,-3310,-4.99,66300,-80,-0.12,63070,63070,1399-7-12
627,هملت911,اختيارف ت ملت-6770-99/11/25,27,400000,372000000,1000,930,930,-70,-7.0,930,-70,-7.0,930,930,1399-7-12
628,غدشت,دشت‌ مرغاب‌,27,4321,1256546800,306100,290800,290800,-15300,-5.0,305700,-400,-0.13,290800,290800,1399-7-12
629,ثتوسا,س.توسعه و عمران استان اردبيل,27,4793,353637126,76063,73782,73782,-2281,-3.0,76021,-42,-0.06,73782,73782,1399-7-12
630,هفارس912,اختيارف ت فارس-14576-99/12/13,26,993841,993841,1,1,1,0,0.0,1,0,0.0,1,1,1399-7-12
631,فبيرا,بسته‌ بندي‌ ايران‌,26,71897,355674459,5207,4947,4947,-260,-4.99,5202,-5,-0.1,4947,4947,1399-7-12
632,فالوم,آلومتك‌,26,23129,770473248,35065,33312,33312,-1753,-5.0,34994,-71,-0.2,33312,33312,1399-7-12
633,ضصاد8008,اختيارخ وبصادر-2000-1399/08/11,26,291,608425000,2041,2100,2177,136,6.66,2091,50,2.45,2001,2177,1399-7-12
634,ضجار7016,اختيارخ وتجارت-1800-1399/07/22,25,1373,1685638000,960,1100,1245,285,29.69,1228,268,27.92,1100,1248,1399-7-12
635,آرمان,بيمه آرمان,25,369632,2139060384,5619,5787,5787,168,2.99,5636,17,0.3,5787,5787,1399-7-12
636,كلوند,كاشي‌ الوند,25,38362,989739600,27150,25800,25800,-1350,-4.97,27120,-30,-0.11,25800,25800,1399-7-12
637,خكمك,كمك‌فنرايندامين‌,25,42552,2364614640,58490,55570,55570,-2920,-4.99,58340,-150,-0.26,55570,55570,1399-7-12
638,جهرم,پتروشيمي جهرم,25,170763,562151796,3393,3292,3292,-101,-2.98,3390,-3,-0.09,3292,3292,1399-7-12
639,اخزا810,اسنادخزانه-م10بودجه98-001006,25,105957,86269718359,808071,809352,815000,6929,0.86,814196,6125,0.76,809352,817000,1399-7-12
640,زنگان,صنعت روي زنگان,24,2819,437785062,163471,155298,155298,-8173,-5.0,163396,-75,-0.05,155298,155298,1399-7-12
641,سصفها,سيمان‌اصفهان‌,24,9905,1056962550,112320,106710,106710,-5610,-4.99,112200,-120,-0.11,106710,106710,1399-7-12
642,اخزا703,اسنادخزانه-م3بودجه97-990721,24,56077,55832342936,994011,995600,996000,1989,0.2,995637,1626,0.16,995012,996000,1399-7-12
643,كهرام,توليدي گرانيت بهسرام,24,15978,880563558,58011,55111,55111,-2900,-5.0,57877,-134,-0.23,55111,55111,1399-7-12
644,نيرو,نيرو سرمايه,24,8293,434661009,54034,52413,52413,-1621,-3.0,53998,-36,-0.07,52413,52413,1399-7-12
645,بايكا,كارخانجات كابلسازي ‌ايران‌,23,28976,1185929728,43082,40928,40928,-2154,-5.0,42948,-134,-0.31,40928,40928,1399-7-12
646,وپسا,س. پتروشيمي ساختمان  خليج فارس,23,349452,1767528216,5324,5058,5058,-266,-5.0,5299,-25,-0.47,5058,5058,1399-7-12
647,هترول911,اختيارف ت پترول-14730-99/11/15,23,500000,500000,1,1,1,0,0.0,1,0,0.0,1,1,1399-7-12
648,وجامي,سرمايه گذاري جامي,23,103147,1217134600,11693,11800,11800,107,0.92,11800,107,0.92,11800,11800,1399-7-12
649,خموتور,موتورسازان‌تراكتورسازي‌ايران‌,22,66531,878874510,13900,13210,13210,-690,-4.96,13890,-10,-0.07,13210,13210,1399-7-12
650,فنورد,نوردوقطعات‌ فولادي‌,22,218484,28258720560,123190,129340,129340,6150,4.99,126500,3310,2.69,129340,129340,1399-7-12
651,اخزا807,اسنادخزانه-م7بودجه98-000719,22,104672,88332450473,840070,840900,843801,3731,0.44,843898,3828,0.46,840900,848499,1399-7-12
652,ولغدر,ليزينگ‌خودروغدير,22,122068,2087362800,18000,17100,17100,-900,-5.0,17960,-40,-0.22,17100,17100,1399-7-12
653,خمحور,توليدمحورخودرو,21,7543,432741910,60380,57370,57370,-3010,-4.99,60350,-30,-0.05,57370,57370,1399-7-12
654,خنصير,مهندسي‌نصيرماشين‌,21,16889,827898780,51590,49020,49020,-2570,-4.98,51550,-40,-0.08,49020,49020,1399-7-12
655,دشيري,شيرين دارو,21,5186,989250244,196653,190754,190754,-5899,-3.0,196352,-301,-0.15,190754,190754,1399-7-12
656,ميدكوح,ح.هلدينگ صنايع معدن خاورميانه,21,2310665,45060709100,19500,20475,19500,0,0.0,19501,1,0.01,19500,20475,1399-7-12
657,آكورد2,صندوق س. آرمان آتي كوثر-د,20,2000000,2000000,28685,1,1,-28684,-100.0,1,-28684,-100.0,1,1,1399-7-12
658,ثغرب,شركت سرمايه گذاري مسكن شمالغرب,20,27270,372889980,14393,13674,13674,-719,-5.0,14387,-6,-0.04,13674,13674,1399-7-12
659,بالاس,مهندسي ساختمان تاسيسات راه آهن,20,10342,513366538,52251,49639,49639,-2612,-5.0,52223,-28,-0.05,49639,49639,1399-7-12
660,اخزا804,اسنادخزانه-م4بودجه98-000421,20,7783,6857114972,876310,877348,879001,2691,0.31,881037,4727,0.54,877348,898000,1399-7-12
661,سفار,سيمان‌فارس‌,20,9373,949766090,106660,101330,101330,-5330,-5.0,106550,-110,-0.1,101330,101330,1399-7-12
662,خچرخش,چرخشگر,20,39485,842215050,22450,21330,21330,-1120,-4.99,22430,-20,-0.09,21330,21330,1399-7-12
663,ضصاد8017,اختيارخ وبصادر-3800-1399/08/11,19,394,244214000,625,610,640,15,2.4,620,-5,-0.8,590,790,1399-7-12
664,سفاسي,شركت فارسيت اهواز,18,37468,424924588,11691,11341,11341,-350,-2.99,11683,-8,-0.07,11341,11341,1399-7-12
665,سرو2,صندوق س سروسودمند مدبران-سهام,18,1800000,1800000,67320,1,1,-67319,-100.0,1,-67319,-100.0,1,1,1399-7-12
666,ضغدر8043,اختيارخ وغدير-16000-1399/08/26,18,102,316687000,2964,1051,3000,36,1.21,3105,141,4.76,1051,3289,1399-7-12
667,دلقما,دارويي‌ لقمان‌,18,6491,219850170,35650,33870,33870,-1780,-4.99,35640,-10,-0.03,33870,33870,1399-7-12
668,زير0003پ02,زيره سبز0003 دانش(پ),18,360,182042114,455695,499899,508286,52591,11.54,505673,49978,10.97,499000,508286,1399-7-12
669,زعف9908پ06,زعفران 9908پوشالمعمول زرين(پ),18,5781,393736910,66369,68110,68110,1741,2.62,68109,1740,2.62,68100,68110,1399-7-12
670,لخزر,پارس‌ خزر,18,2080,435635200,220460,209440,209440,-11020,-5.0,220360,-100,-0.05,209440,209440,1399-7-12
671,ضپاس7020,اختيارخ وپارس-5000-1399/07/30,18,321,25267000,100,100,70,-30,-30.0,79,-21,-21.0,60,110,1399-7-12
672,وثنو,سرمايه گذاري ساختماني نوين,17,31593,568926744,18564,18008,18008,-556,-3.0,18548,-16,-0.09,18008,18008,1399-7-12
673,صگل1411,ص اجاره گل گهر 1411-3 ماهه 17%,17,265,261331341,1020876,980020,1028800,7924,0.78,986156,-34720,-3.4,980010,1028800,1399-7-12
674,ضصاد8020,اختيارخ وبصادر-4400-1399/08/11,17,648,169170000,472,211,322,-150,-31.78,261,-211,-44.7,211,366,1399-7-12
675,نتوس,پشم‌ بافي‌ توس,17,29806,324348892,11218,10882,10882,-336,-3.0,11212,-6,-0.05,10882,10882,1399-7-12
676,ضصاد8019,اختيارخ وبصادر-4200-1399/08/11,17,292,136490000,600,599,500,-100,-16.67,467,-133,-22.17,420,670,1399-7-12
677,چافست,افست‌,17,21139,540947010,26930,25590,25590,-1340,-4.98,26910,-20,-0.07,25590,25590,1399-7-12
678,ثنورح,ح . سرمايه گذاري كوه نور,16,44940,263073380,6000,6000,5640,-360,-6.0,5854,-146,-2.43,5640,6000,1399-7-12
679,ضملت8033,اختيارخ وبملت-6272-1399/08/28,16,150,389113206,655,500,500,-155,-23.66,626,-29,-4.43,500,750,1399-7-12
680,شرنگي,شيميايي رنگين,16,18081,2112403230,122978,116830,116830,-6148,-5.0,122294,-684,-0.56,116830,116830,1399-7-12
681,تپمپي,پمپ‌ سازي‌ ايران‌,16,3923,191363940,51340,48780,48780,-2560,-4.99,51330,-10,-0.02,48780,48780,1399-7-12
682,حبندر,دريايي و کشتيراني خط دريابندر,16,62791,1455244216,23892,23176,23176,-716,-3.0,23838,-54,-0.23,23176,23176,1399-7-12
683,شزنگ,تجهيزنيروي‌زنگان‌,16,5251,458435531,87501,90125,87501,0,0.0,87496,-5,-0.01,85000,90125,1399-7-12
684,اطلس2,صندوق س.توسعه اندوخته آينده-س,16,160000,160000,202427,1,1,-202426,-100.0,1,-202426,-100.0,1,1,1399-7-12
685,ضپيك7030,اختيارخ تاپيكو-17370-99/07/20,15,43,204176000,5046,4999,4966,-80,-1.59,4748,-298,-5.91,4240,5500,1399-7-12
686,ثاژن,سخت آژند,15,66691,641300656,9812,9616,9616,-196,-2.0,9799,-13,-0.13,9616,9616,1399-7-12
687,زير0003پ01,زيره سبز0003كيميابذر(پ),15,1050,525657500,484082,500000,501000,16918,3.49,500626,16544,3.42,500000,505000,1399-7-12
688,زير0003پ04,زيره سبز0003شركت مينوبذر(پ),14,487,238785003,454613,489997,464879,10266,2.26,490318,35705,7.85,462009,508000,1399-7-12
689,لازما,كارخانه هاي صنعتي آزمايش,14,10970,342812500,31887,31250,31250,-637,-2.0,31865,-22,-0.07,31250,31250,1399-7-12
690,پست9908-02,پسته فندقي32-30طلاسبززرند9908,14,132,223271400,1610905,1691450,1691450,80545,5.0,1691450,80545,5.0,1691450,1691450,1399-7-12
691,زعف9908پ15,زعفران9908پوشالمعمول طلاسرخ(پ),13,4255,289808050,67381,68110,68110,729,1.08,68110,729,1.08,68110,68110,1399-7-12
692,هجم911,اختيارف ت جم-38645-99/11/28,13,100000,100000,1,1,1,0,0.0,1,0,0.0,1,1,1399-7-12
693,هرانف912,اختيارف ت رانفور32120-99/12/03,13,12940,38121240,3561,2946,2946,-615,-17.27,2946,-615,-17.27,2946,2946,1399-7-12
694,پست9908-08,پسته فندقي32-30زرينمه ولات9908,13,69,114234931,1600090,1550001,1691450,91360,5.71,1655579,55489,3.47,1550001,1691450,1399-7-12
695,ضصاد8013,اختيارخ وبصادر-3000-1399/08/11,13,117,141298000,865,1100,1200,335,38.73,1208,343,39.65,1001,1300,1399-7-12
696,ضپاس7017,اختيارخ وپارس-4400-1399/07/30,13,127,30626000,27,102,250,223,825.93,241,214,792.59,102,569,1399-7-12
697,سنير,سيمان‌ سفيد ني‌ريز,12,4188,380354160,95600,90820,90820,-4780,-5.0,95560,-40,-0.04,90820,90820,1399-7-12
698,غگلپا,شير پاستوريزه پگاه گلپايگان,12,4329,317510505,77205,73345,73345,-3860,-5.0,77179,-26,-0.03,73345,73345,1399-7-12
699,زعف9908پ09,زعفران9908نگين نوين(پ),12,3349,264952786,76406,79114,79114,2708,3.54,79114,2708,3.54,79114,79114,1399-7-12
700,ثرود,سرمايه‌گذاري مسكن زاينده رود,12,110350,1367346850,13043,12391,12391,-652,-5.0,13024,-19,-0.15,12391,12391,1399-7-12
701,هصادر912,اختيارف ت صادرات-3750-99/12/23,12,1000000,1000000,1,1,1,0,0.0,1,0,0.0,1,1,1399-7-12
702,وايرا,سرمايه گذاري صنايع ايران,12,22676,201634992,9360,8892,8892,-468,-5.0,9355,-5,-0.05,8892,8892,1399-7-12
703,لپيام,گسترش صنايع پيام,12,5783,179776121,32048,31087,31087,-961,-3.0,32039,-9,-0.03,31087,31087,1399-7-12
704,ثامان,سامان‌ گستراصفهان‌,12,18924,408947640,22740,21610,21610,-1130,-4.97,22730,-10,-0.04,21610,21610,1399-7-12
705,اخزا903,اسنادخزانه-م3بودجه99-011110,11,54129,35957719939,664070,665000,664000,-70,-0.01,664297,227,0.03,664000,665000,1399-7-12
706,هصند911,اختيارف ت صندوق-19926-99/11/29,11,27567,43142355,1866,1565,1565,-301,-16.13,1565,-301,-16.13,1565,1565,1399-7-12
707,صايند2,صندوق س. گنجينه آينده روشن-د,11,3800000,3800000,10120,1,1,-10119,-99.99,1,-10119,-99.99,1,1,1399-7-12
708,ضچاد1017,اختيارخ كچاد-20000-1399/10/02,11,78,413119000,5262,6049,5202,-60,-1.14,5296,34,0.65,5202,5500,1399-7-12
709,ضجار7021,اختيارخ وتجارت-2600-1399/07/22,11,289,116090000,341,107,470,129,37.83,402,61,17.89,107,550,1399-7-12
710,زعف9908پ10,زعفران9908نگين طلاي سرخ(پ),11,4929,389952906,75347,79114,79114,3767,5.0,79114,3767,5.0,79114,79114,1399-7-12
711,قمرو,قند مرودشت‌,11,7622,269818800,37260,35400,35400,-1860,-4.99,37250,-10,-0.03,35400,35400,1399-7-12
712,ضپاس7013,اختيارخ وپارس-3600-1399/07/30,11,265,145900000,105,550,550,445,423.81,551,446,424.76,550,555,1399-7-12
713,خفولا,خدمات فني فولاد يزد,11,24716,695755400,29020,28150,28150,-870,-3.0,28989,-31,-0.11,28150,28150,1399-7-12
714,ضجار7020,اختيارخ وتجارت-2400-1399/07/22,10,356,240560000,387,2400,650,263,67.96,676,289,74.68,650,2400,1399-7-12
715,دروز,داروسازي‌ روزدارو,10,9470,176994300,19670,18690,18690,-980,-4.98,19670,0,0.0,18690,18690,1399-7-12
716,شستا993,اجاره ت.اجتماعي-كاردان991226,10,6250,5831207382,1018092,1040000,916283,-101809,-10.0,932993,-85099,-8.36,916283,1040000,1399-7-12
717,تكنو,تكنوتار,10,12993,190347450,15420,14650,14650,-770,-4.99,15420,0,0.0,14650,14650,1399-7-12
718,آينده,بازرگاني آينده سازان بهشت پارس,10,65684,1451813452,23266,22103,22103,-1163,-5.0,23177,-89,-0.38,22103,22103,1399-7-12
719,ضفلا8076,اختيارخ فولاد-8775-1399/08/28,10,32,331700000,10000,10000,10500,500,5.0,10366,366,3.66,10000,11900,1399-7-12
720,اوصتا,صندوق انديشه ورزان صباتامين -د,10,55956,938562905,16771,16738,16778,7,0.04,16773,2,0.01,16738,16778,1399-7-12
721,اخزا704,اسنادخزانه-م4بودجه97-991022,10,40529,38790334000,956506,958000,960000,3494,0.37,957101,595,0.06,957100,960000,1399-7-12
722,غبهار,كشت وصنعت بهاران گلبهار خراسان,10,3153,117502851,38419,37267,37267,-1152,-3.0,38412,-7,-0.02,37267,37267,1399-7-12
723,ثاباد,توريستي ورفاهي آبادگران ايران,9,5575,172379000,32540,30920,30920,-1620,-4.98,32530,-10,-0.03,30920,30920,1399-7-12
724,صايپا012,صكوك مرابحه سايپا012-3ماهه 16%,9,5662,5655962656,958201,939216,1000000,41799,4.36,998934,40733,4.25,939216,1000000,1399-7-12
725,زعف9908پ14,زعفران9908پوشالمعمول نوين(پ),9,1292,87998120,64867,68110,68110,3243,5.0,68110,3243,5.0,68110,68110,1399-7-12
726,قلرست,قند لرستان‌,9,7010,175810800,26390,25080,25080,-1310,-4.96,26390,0,0.0,25080,25080,1399-7-12
727,ضسپا8016,اختيارخ خساپا-2000-1399/08/26,9,195,142670000,535,1000,700,165,30.84,732,197,36.82,699,1000,1399-7-12
728,فسديد,لوله‌وتجهيزات‌ سديد - ورشكسته,9,2200,267102000,122636,121410,121410,-1226,-1.0,122570,-66,-0.05,121410,121410,1399-7-12
729,وسمركز,شركت س استان مركزي,9,583169,857258430,1400,1470,1470,70,5.0,1400,0,0.0,1470,1470,1399-7-12
730,زعف9908پ13,زعفران9908پوشالمعمول روستا(پ),9,792,53943120,63526,68110,68110,4584,7.22,68110,4584,7.22,68110,68110,1399-7-12
731,ضصاد8018,اختيارخ وبصادر-4000-1399/08/11,9,640,320800000,627,501,502,-125,-19.94,501,-126,-20.1,501,502,1399-7-12
732,زعف9908پ17,زعفران9908پوشالمعمول بيرجند(پ),9,1665,113403150,63539,68110,68110,4571,7.19,68110,4571,7.19,68110,68110,1399-7-12
733,ضپاس7000,اختيارخ وپارس-1500-1399/07/30,9,38,85476000,1648,2300,2270,622,37.74,2249,601,36.47,1281,2300,1399-7-12
734,كابگن,توليدي و صنعتي آبگينه‌,8,8084,36838788,4512,4557,4557,45,1.0,4512,0,0.0,4557,4557,1399-7-12
735,ضملي8082,اختيارخ فملي-39750-1399/08/06,8,29,30250000,1273,1000,1000,-273,-21.45,1043,-230,-18.07,800,1500,1399-7-12
736,ضصاد8011,اختيارخ وبصادر-2600-1399/08/11,8,190,34977000,1440,36,1300,-140,-9.72,184,-1256,-87.22,36,1360,1399-7-12
737,اخزا720,اسنادخزانه-م20بودجه97-000324,8,75368,66984287379,888747,888748,891000,2253,0.25,888763,16,0.0,885219,891000,1399-7-12
738,ضفلا8082,اختيارخ فولاد-13775-1399/08/28,8,32,211596000,6307,7000,6399,92,1.46,6612,305,4.84,6000,7000,1399-7-12
739,بتك,كارخانجات كابل سازي‌ تك‌,7,7159,245281658,33591,34262,34262,671,2.0,33607,16,0.05,34262,34262,1399-7-12
740,سخواف,سيمان مجد خواف,7,5072,83611920,16994,16485,16485,-509,-3.0,16992,-2,-0.01,16485,16485,1399-7-12
741,فن آوا,گروه فن آوا,7,14180,200930600,14608,14170,14170,-438,-3.0,14603,-5,-0.03,14170,14170,1399-7-12
742,خفناور,مهندسي صنعتي روان فن آور,7,3168,77099616,25089,24337,24337,-752,-3.0,25086,-3,-0.01,24337,24337,1399-7-12
743,ضپاس7018,اختيارخ وپارس-4600-1399/07/30,7,394,82280000,312,300,200,-112,-35.9,209,-103,-33.01,180,300,1399-7-12
744,ضجار7017,اختيارخ وتجارت-1900-1399/07/22,7,405,405000000,650,1000,1000,350,53.85,1000,350,53.85,1000,1000,1399-7-12
745,اخزا723,اسنادخزانه-م23بودجه97-000824,7,87401,72389266682,827881,828000,828500,619,0.07,828243,362,0.04,827882,828500,1399-7-12
746,وثخوز,سرمايه گذاري و توسعه خوزستان,7,1567,56538927,37979,36081,36081,-1898,-5.0,37973,-6,-0.02,36081,36081,1399-7-12
747,اخزا805,اسنادخزانه-م5بودجه98-000422,7,5079,4464333524,875311,875911,879501,4190,0.48,878979,3668,0.42,875911,879890,1399-7-12
748,پدرخش,درخشان‌ تهران‌,7,1499,327531500,229990,218500,218500,-11490,-5.0,229910,-80,-0.03,218500,218500,1399-7-12
749,زقيامح,ح.كشت و دام قيام اصفهان,7,5598,138438540,23621,24730,24730,1109,4.69,24730,1109,4.69,24730,24730,1399-7-12
750,ضشنا7076,اختيارخ شپنا-19864-1399/07/28,7,37,37320000,1490,1000,1300,-190,-12.75,1009,-481,-32.28,1000,1300,1399-7-12
751,فمراد,آلومراد,6,282,41682420,155580,147810,147810,-7770,-4.99,155570,-10,-0.01,147810,147810,1399-7-12
752,ضپيك7033,اختيارخ تاپيكو-21370-99/07/20,6,14,33080000,2466,2300,2000,-466,-18.9,2363,-103,-4.18,2000,2690,1399-7-12
753,كطبس,ذغال‌سنگ‌ نگين‌ ط‌بس‌,6,1124,56413560,52830,50190,50190,-2640,-5.0,52830,0,0.0,50190,50190,1399-7-12
754,غمهرا,توليدي‌مهرام‌,6,550,57662000,110350,104840,104840,-5510,-4.99,110340,-10,-0.01,104840,104840,1399-7-12
755,ضفلا8084,اختيارخ فولاد-15775-1399/08/28,6,30,134749000,4168,4888,4300,132,3.17,4492,324,7.77,4200,4900,1399-7-12
756,ضپيك7022,اختيارخ تاپيكو-9370-99/07/20,6,13,170498000,12642,13990,12602,-40,-0.32,13115,473,3.74,12602,13990,1399-7-12
757,ضپاس7015,اختيارخ وپارس-4000-1399/07/30,6,44,17550000,440,399,397,-43,-9.77,399,-41,-9.32,397,400,1399-7-12
758,ضصاد8001,اختيارخ وبصادر-1300-1399/08/11,6,13,33961000,3000,2001,2800,-200,-6.67,2612,-388,-12.93,2001,2990,1399-7-12
759,ضخوز7028,اختيارخ فخوز-43470-1399/07/20,6,20,42740000,3450,3690,2990,-460,-13.33,2137,-1313,-38.06,690,3800,1399-7-12
760,افرا,افرانت,6,1155,75301380,68627,65196,65196,-3431,-5.0,68622,-5,-0.01,65196,65196,1399-7-12
761,ضجار7028,اختيارخ وتجارت-4000-1399/07/22,6,69,3070000,13,40,350,337,2592.31,44,31,238.46,40,350,1399-7-12
762,ضفلا8087,اختيارخ فولاد-18775-1399/08/28,6,39,79200000,1900,2000,2200,300,15.79,2031,131,6.89,2000,2200,1399-7-12
763,ضشنا7074,اختيارخ شپنا-17179-1399/07/28,6,37,92500000,6300,2500,2500,-3800,-60.32,2500,-3800,-60.32,2500,2500,1399-7-12
764,لخانه,لوازم‌ خانگي‌ پارس‌,6,1696,96772064,58823,57059,57059,-1764,-3.0,58814,-9,-0.02,57059,57059,1399-7-12
765,سلار,شركت سيمان لارستان,6,4108,116650768,29274,28396,28396,-878,-3.0,29269,-5,-0.02,28396,28396,1399-7-12
766,بشهاب,لامپ‌  پارس‌ شهاب‌,6,683,48131010,74170,70470,70470,-3700,-4.99,74170,0,0.0,70470,70470,1399-7-12
767,اخزا813,اسنادخزانه-م13بودجه98-010219,6,3101,2341117784,754442,756000,754316,-126,-0.02,754956,514,0.07,754311,759000,1399-7-12
768,فافزا,فولاد افزا سپاهان,5,10468,497031108,48949,47481,47481,-1468,-3.0,48911,-38,-0.08,47481,47481,1399-7-12
769,ضصاد8022,اختيارخ وبصادر-4800-1399/08/11,5,237,11734000,102,200,21,-81,-79.41,50,-52,-50.98,11,200,1399-7-12
770,وبملت2,بانك ملت,5,54553700,307682868000,5380,5640,5640,260,4.83,5640,260,4.83,5640,5640,1399-7-12
771,ضسان1040,اختيارخ پارسان-24000-99/10/14,5,5,70000000,7180,14000,14000,6820,94.99,14000,6820,94.99,14000,14000,1399-7-12
772,كيان2,صندوق س. با درآمد ثابت كيان,5,500000,500000,25350,1,1,-25349,-100.0,1,-25349,-100.0,1,1,1399-7-12
773,صگل411,ص اجاره گل گهر 411- 3 ماهه 17%,5,1135,1126686588,981086,1020000,989800,8714,0.89,992675,11589,1.18,989800,1020000,1399-7-12
774,ضسپا8022,اختيارخ خساپا-3200-1399/08/26,5,68,20204000,418,300,300,-118,-28.23,297,-121,-28.95,202,300,1399-7-12
775,ضملي8077,اختيارخ فملي -29750-1399/08/06,5,23,77391000,2612,3220,3500,888,34.0,3365,753,28.83,3200,3951,1399-7-12
776,خعمرا,توسعه و عمران شهرستان نائين,5,3788,57570024,14756,15198,15198,442,3.0,14757,1,0.01,15198,15198,1399-7-12
777,ضملي8078,اختيارخ فملي-31750-1399/08/06,5,74,288800000,4005,4000,3200,-805,-20.1,3903,-102,-2.55,3200,4000,1399-7-12
778,شپنا2,پالايش نفت اصفهان,5,3916788,95843802360,23310,24470,24470,1160,4.98,24470,1160,4.98,24470,24470,1399-7-12
779,ضصاد8000,اختيارخ وبصادر-1200-1399/08/11,5,55,164850000,2800,2999,2900,100,3.57,2997,197,7.04,2900,3000,1399-7-12
780,تملي711,تسهيلات مسكن ب. ملي-بهمن97,5,89,60937054,652082,684686,684686,32604,5.0,684686,32604,5.0,684686,684686,1399-7-12
781,زعف9908پ05,زعفران9908نگين زرين(پ),5,301,23813314,78882,79114,79114,232,0.29,79114,232,0.29,79114,79114,1399-7-12
782,ضفلا8060,اختيارخ فولاد-3507-1399/08/28,4,21,508932000,15000,15000,15500,500,3.33,15071,71,0.47,14000,15500,1399-7-12
783,ضجار7018,اختيارخ وتجارت-2000-1399/07/22,4,12,11251000,762,1000,1000,238,31.23,938,176,23.1,850,1000,1399-7-12
784,ضغدر8044,اختيارخ وغدير-17000-1399/08/26,4,35,91495000,2481,2550,2999,518,20.88,2614,133,5.36,2550,2999,1399-7-12
785,ضجار7010,اختيارخ وتجارت-1200-1399/07/22,4,13,23002000,1640,1502,1800,160,9.76,1769,129,7.87,1502,1800,1399-7-12
786,اخزا722,اسنادخزانه-م22بودجه97-000428,4,6974,6102243708,873117,873118,876000,2883,0.33,874999,1882,0.22,873118,876000,1399-7-12
787,كصدف,كاشي صدف سرام استقلال آباده,4,13047,218472015,16258,16745,16745,487,3.0,16263,5,0.03,16745,16745,1399-7-12
788,ضجار7019,اختيارخ وتجارت-2200-1399/07/22,4,110,87755000,735,850,800,65,8.84,798,63,8.57,701,850,1399-7-12
789,وتجارت2,بانك تجارت,4,28285271,80613022350,2720,2850,2850,130,4.78,2850,130,4.78,2850,2850,1399-7-12
790,ضجار7027,اختيارخ وتجارت-3800-1399/07/22,4,26,537000,31,13,21,-10,-32.26,21,-10,-32.26,12,22,1399-7-12
791,ضملت8021,اختيارخ وبملت-2650-1399/08/28,4,5,86961000,4000,4200,4200,200,5.0,4200,200,5.0,4200,4200,1399-7-12
792,آگاس2,صندوق س.هستي بخش آگاه-س,4,1300000,1300000,75224,1,1,-75223,-100.0,1,-75223,-100.0,1,1,1399-7-12
793,افران2,صندوق س افرا نماد پايدار-ثابت,4,400000,400000,11730,1,1,-11729,-99.99,1,-11729,-99.99,1,1,1399-7-12
794,صايپا203,صكوك مرابحه سايپا203-3ماهه 16%,4,38,36336000,960000,960000,951000,-9000,-0.94,956210,-3790,-0.39,951000,960000,1399-7-12
795,اخزا718,اسنادخزانه-م18بودجه97-000525,4,3079,2675101027,869999,870000,866113,-3886,-0.45,868821,-1178,-0.14,866113,870000,1399-7-12
796,ضپاس7014,اختيارخ وپارس-3800-1399/07/30,3,13,7400000,23,650,500,477,2073.91,569,546,2373.91,500,650,1399-7-12
797,ضبدر8061,اختيارخ شبندر-31580-1399/08/18,3,4,46000000,7500,25000,7000,-500,-6.67,11500,4000,53.33,7000,25000,1399-7-12
798,ضپاس7016,اختيارخ وپارس-4200-1399/07/30,3,8,2565000,260,334,299,39,15.0,321,61,23.46,298,334,1399-7-12
799,عسناسنگ,سلف كنستانتره سنگ آهن سناباد,3,11,74358471,6819207,6723189,6723189,-96018,-1.41,6759861,-59346,-0.87,6723189,6857653,1399-7-12
800,ضپار8019,اختيارخ خپارس-3800-1399/08/18,3,8,49997000,3800,7499,5000,1200,31.58,6250,2450,64.47,5000,7499,1399-7-12
801,گكيش,توريستي ورفاهي آبادگران كيش,3,302,21338716,72843,70658,70658,-2185,-3.0,72841,-2,0.0,70658,70658,1399-7-12
802,صخود412,ص مرابحه خودرو412- 3ماهه 18%,3,49,48703590,1003913,1000000,986610,-17303,-1.72,993951,-9962,-0.99,986610,1000000,1399-7-12
803,ضسپا8007,اختيارخ خساپا-1100-1399/08/26,3,21,37060000,742,1260,1790,1048,141.24,1765,1023,137.87,1260,1790,1399-7-12
804,معيار,سرمايه گذاري معيار صنعت پارس,3,5027,147029696,29844,29248,29248,-596,-2.0,29835,-9,-0.03,29248,29248,1399-7-12
805,شلرد02,كود شيميايي اوره لردگان,3,126,125250000,990000,990000,990100,100,0.01,994048,4048,0.41,990000,1040000,1399-7-12
806,شتهران,داروسازي تهران شيمي,3,12191,102258108,8224,8388,8388,164,1.99,8226,2,0.02,8388,8388,1399-7-12
807,ضسپا8018,اختيارخ خساپا-2400-1399/08/26,3,11,6071000,407,980,519,112,27.52,552,145,35.63,420,980,1399-7-12
808,ضپار1115,اختيارخ خپارس-5000-1399/11/19,3,5,27500000,1,5500,5500,5499,549900.0,5500,5499,549900.0,5500,5500,1399-7-12
809,ضفار1120,اختيارخ فارس-8826-1399/11/07,3,20,348750000,16850,17400,17450,600,3.56,17437,587,3.48,17400,17450,1399-7-12
810,ضشنا7075,اختيارخ شپنا-18522-1399/07/28,3,9,14068000,1857,1200,1524,-333,-17.93,1563,-294,-15.83,1200,2200,1399-7-12
811,شگامرن,مجتمع پترو صنعت گامرون,3,100003,23800714000,240000,238000,238000,-2000,-0.83,238000,-2000,-0.83,238000,238000,1399-7-12
812,ضشنا7056,اختيارخ شپنا-4765-1399/07/28,3,7,100000000,16000,14000,15000,-1000,-6.25,14286,-1714,-10.71,14000,15000,1399-7-12
813,ضپاس7021,اختيارخ وپارس-5500-1399/07/30,3,6,1626000,20,321,221,201,1005.0,271,251,1255.0,221,321,1399-7-12
814,اخزا716,اسنادخزانه-م16بودجه97-000407,3,1861,1644569112,881701,883002,884000,2299,0.26,883702,2001,0.23,883002,884000,1399-7-12
815,اشاد9,مشاركت دولتي9-شرايط خاص990909,3,24700,24551803000,994000,994000,994001,1,0.0,994000,0,0.0,994000,994002,1399-7-12
816,ضفلا8068,اختيارخ فولاد-4751-1399/08/28,2,11,271735920,10051,15499,14000,3949,39.29,15363,5312,52.85,14000,15499,1399-7-12
817,ضگل8063,اختيارخ كگل-19100-1399/08/21,2,8,32000000,2,4000,4000,3998,199900.0,4000,3998,199900.0,4000,4000,1399-7-12
818,زعف9908پ08,زعفران9908نگين روستا(پ),2,565,44699410,79644,79114,79114,-530,-0.67,79114,-530,-0.67,79114,79114,1399-7-12
819,ضفار1124,اختيارخ فارس-15826-1399/11/07,2,11,79000000,6017,9000,7000,983,16.34,7182,1165,19.36,7000,9000,1399-7-12
820,ضغدر8046,اختيارخ وغدير-19000-1399/08/26,2,14,18508000,1220,1322,1322,102,8.36,1322,102,8.36,1322,1322,1399-7-12
821,ضملي8087,اختيارخ فملي-59750-1399/08/06,2,23,840000,49,40,35,-14,-28.57,37,-12,-24.49,35,40,1399-7-12
822,ولراز,ليزينگ رازي,2,523,12316127,24277,23549,23549,-728,-3.0,24277,0,0.0,23549,23549,1399-7-12
823,ضبدر1150,اختيارخ شبندر-32000-1399/11/19,2,3,54400000,1,18400,18000,17999,1799900.0,18133,18132,1813200.0,18000,18400,1399-7-12
824,ضسپا8017,اختيارخ خساپا-2200-1399/08/26,2,20,10000000,314,500,500,186,59.24,500,186,59.24,500,500,1399-7-12
825,ضفلا8079,اختيارخ فولاد-10775-1399/08/28,2,5,43960000,6000,8000,8990,2990,49.83,8792,2792,46.53,8000,8990,1399-7-12
826,صايپا908,صكوك مرابحه سايپا908-3ماهه 18%,2,15,14880030,999999,992002,992002,-7997,-0.8,992002,-7997,-0.8,992002,992002,1399-7-12
827,كشم0001پ01,كشمش سبز0001خليل آباد(پ),2,67,25243255,358824,376765,376765,17941,5.0,376765,17941,5.0,376765,376765,1399-7-12
828,ضپاس7025,اختيارخ وپارس-7500-1399/07/30,2,50,250000,6,5,5,-1,-16.67,5,-1,-16.67,5,5,1399-7-12
829,زعف9908پ11,زعفران9908نگين سحرخيز(پ),2,560,44303840,78400,79114,79114,714,0.91,79114,714,0.91,79114,79114,1399-7-12
830,وسزنجان,شركت س استان زنجان,2,34646,51969000,1430,1500,1500,70,4.9,1430,0,0.0,1500,1500,1399-7-12
831,ضجار7025,اختيارخ وتجارت-3400-1399/07/22,2,100,6000000,5,60,60,55,1100.0,60,55,1100.0,60,60,1399-7-12
832,ضغدر8038,اختيارخ وغدير-11000-1399/08/26,2,15,105000000,11999,7000,7000,-4999,-41.66,7000,-4999,-41.66,7000,7000,1399-7-12
833,ضفلا8086,اختيارخ فولاد-17775-1399/08/28,2,77,230900000,1000,3000,2990,1990,199.0,2999,1999,199.9,2990,3000,1399-7-12
834,ياقوت2,صندوق س ياقوت آگاه-ثابت,2,3500000,3500000,11080,1,1,-11079,-99.99,1,-11079,-99.99,1,1,1399-7-12
835,ضشنا7072,اختيارخ شپنا-14495-1399/07/28,2,3,15000000,15000,5000,5000,-10000,-66.67,5000,-10000,-66.67,5000,5000,1399-7-12
836,ضبدر8070,اختيارخ شبندر-59580-1399/08/18,2,10,10520000,1621,1520,1000,-621,-38.31,1052,-569,-35.1,1000,1520,1399-7-12
837,ضغدر8041,اختيارخ وغدير-14000-1399/08/26,2,10,48995000,10058,4899,4900,-5158,-51.28,4899,-5159,-51.29,4899,4900,1399-7-12
838,تابا,تابان نيرو سپاهان,2,1629,51826635,32798,31815,31815,-983,-3.0,32795,-3,-0.01,31815,31815,1399-7-12
839,پلاست,كارخانجات توليدي پلاستيران,2,386,16229370,43345,42045,42045,-1300,-3.0,43344,-1,0.0,42045,42045,1399-7-12
840,تملي702,تسهيلات مسكن ب. ملي-ارديبهشت97,2,16,10679136,635663,667446,667446,31783,5.0,667446,31783,5.0,667446,667446,1399-7-12
841,وگردشح2,ح . بانك گردشگري,2,130050000,1763998200000,13983,13564,13564,-419,-3.0,13564,-419,-3.0,13564,13564,1399-7-12
842,ضبدر8071,اختيارخ شبندر-65580-1399/08/18,2,2,2180000,880,1080,1100,220,25.0,1090,210,23.86,1080,1100,1399-7-12
843,ضپيك1024,اختيارخ تاپيكو-24000-99/10/16,2,31,155000000,5000,5000,5000,0,0.0,5000,0,0.0,5000,5000,1399-7-12
844,ضشنا7055,اختيارخ شپنا-4429-1399/07/28,2,25,433000000,15405,17000,17400,1995,12.95,17320,1915,12.43,17000,17400,1399-7-12
845,ضجار7015,اختيارخ وتجارت-1700-1399/07/22,2,28,39172000,271,1399,1399,1128,416.24,1399,1128,416.24,1399,1399,1399-7-12
846,ضخوز7027,اختيارخ فخوز-39470-1399/07/20,2,27,7401000,13000,200,2201,-10799,-83.07,274,-12726,-97.89,200,2201,1399-7-12
847,اخزا713,اسنادخزانه-م13بودجه97-000518,2,4352,3762358864,865027,864431,864582,-445,-0.05,864513,-514,-0.06,864431,864582,1399-7-12
848,ضجار7030,اختيارخ وتجارت-4400-1399/07/22,2,2,383000,4,193,190,186,4650.0,191,187,4675.0,190,193,1399-7-12
849,وگردش2,بانك گردشگري,2,164000000,3257036000000,19849,19969,19849,0,0.0,19860,11,0.06,19849,19969,1399-7-12
850,صايپا998,صكوك مرابحه سايپا998-3ماهه 18%,2,9,8954550,1000000,994950,994950,-5050,-0.51,994950,-5050,-0.51,994950,994950,1399-7-12
851,ضفار1122,اختيارخ فارس-11826-1399/11/07,2,11,142000000,12200,14500,12750,550,4.51,12909,709,5.81,12750,14500,1399-7-12
852,ضملي8085,اختيارخ فملي-51750-1399/08/06,2,4,2320000,94,580,580,486,517.02,580,486,517.02,580,580,1399-7-12
853,ضشنا7054,اختيارخ شپنا-4094-1399/07/28,2,6,95268000,21000,12756,19000,-2000,-9.52,15878,-5122,-24.39,12756,19000,1399-7-12
854,صخود0012,ص مرابحه خودرو0012- 3ماهه 18%,1,5,5100000,1020000,1020000,1020000,0,0.0,1020000,0,0.0,1020000,1020000,1399-7-12
855,ضشنا7064,اختيارخ شپنا-8456-1399/07/28,1,3,38400000,21000,12800,12800,-8200,-39.05,12800,-8200,-39.05,12800,12800,1399-7-12
856,ضملت8037,اختيارخ وبملت-8204-1399/08/28,1,1,828200,190,200,200,10,5.26,200,10,5.26,200,200,1399-7-12
857,ضفار1121,اختيارخ فارس-9826-1399/11/07,1,3,49050000,12945,16350,16350,3405,26.3,16350,3405,26.3,16350,16350,1399-7-12
858,تملي705,تسهيلات مسكن ب. ملي-مرداد97,1,31,13607047,418036,438937,438937,20901,5.0,438937,20901,5.0,438937,438937,1399-7-12
859,ضصاد8002,اختيارخ وبصادر-1400-1399/08/11,1,10,27500000,2387,2750,2750,363,15.21,2750,363,15.21,2750,2750,1399-7-12
860,زعف9908پ16,زعفران9908نگين بيرجند(پ),1,100,7911400,76434,79114,79114,2680,3.51,79114,2680,3.51,79114,79114,1399-7-12
861,تملي701,تسهيلات مسكن ب. ملي-فروردين97,1,7,5423481,737889,774783,774783,36894,5.0,774783,36894,5.0,774783,774783,1399-7-12
862,كمند2,صندوق س. با درآمد ثابت كمند,1,40000000,40000000,10150,1,1,-10149,-99.99,1,-10149,-99.99,1,1,1399-7-12
863,اعتماد4,صندوق س.اعتماد آفرين پارسيان-د,1,9000000,293850000000,32596,32650,32650,54,0.17,32650,54,0.17,32650,32650,1399-7-12
864,ضفار8031,اختيارخ فارس-8326-1399/08/06,1,10,135000000,14000,13500,13500,-500,-3.57,13500,-500,-3.57,13500,13500,1399-7-12
865,وسكرشا,س.سهام عدالت استان كرمانشاه,1,40000,52000000,1000,1300,1300,300,30.0,1300,300,30.0,1300,1300,1399-7-12
866,تملي708,تسهيلات مسكن ب. ملي-آبان97,1,1,233455,222339,233455,233455,11116,5.0,233455,11116,5.0,233455,233455,1399-7-12
867,ضملي8067,اختيارخ فملي -14750-1399/08/06,1,1,16000000,15500,16000,16000,500,3.23,16000,500,3.23,16000,16000,1399-7-12
868,تملي703,تسهيلات مسكن ب. ملي-خرداد97,1,11,4021402,348174,365582,365582,17408,5.0,365582,17408,5.0,365582,365582,1399-7-12
869,طخود1042,اختيارف خودرو-3000-1399/10/07,1,50,25000000,475,500,500,25,5.26,500,25,5.26,500,500,1399-7-12
870,اخزا7212,اسنادخزانه-م21بودجه97-000728,1,238450,200011860000,837616,838800,838800,1184,0.14,838800,1184,0.14,838800,838800,1399-7-12
871,فولاد2,فولاد مباركه اصفهان,1,2901692,54580826520,17920,18810,18810,890,4.97,18810,890,4.97,18810,18810,1399-7-12
872,مبين014,اجاره اعتماد مبين لوتوس011019,1,800,779200000,985000,974000,974000,-11000,-1.12,974000,-11000,-1.12,974000,974000,1399-7-12
873,تملي707,تسهيلات مسكن ب. ملي-مهر97,1,9,5195592,549799,577288,577288,27489,5.0,577288,27489,5.0,577288,577288,1399-7-12
874,ضغدر8040,اختيارخ وغدير-13000-1399/08/26,1,10,55000000,4800,5500,5500,700,14.58,5500,700,14.58,5500,5500,1399-7-12
875,ضفلا8091,اختيارخ فولاد-25775-1399/08/28,1,7,10500000,1000,1500,1500,500,50.0,1500,500,50.0,1500,1500,1399-7-12
876,شخارك2,پتروشيمي‌ خارك‌,1,18000000,866520000000,47390,48140,48140,750,1.58,48140,750,1.58,48140,48140,1399-7-12
877,ضملي1149,اختيارخ فملي-12168-1399/11/05,1,1,13800000,10000,13800,13800,3800,38.0,13800,3800,38.0,13800,13800,1399-7-12
878,ضفلا8085,اختيارخ فولاد-16775-1399/08/28,1,1,3700000,3682,3700,3700,18,0.49,3700,18,0.49,3700,3700,1399-7-12
879,تملي801,تسهيلات مسكن ب. ملي-فروردين98,1,8,3557928,423563,444741,444741,21178,5.0,444741,21178,5.0,444741,444741,1399-7-12
880,شسم,توليد سموم‌ علف‌ كش,1,273,22105902,79387,80974,80974,1587,2.0,79390,3,0.0,80974,80974,1399-7-12
881,ضچاد1012,اختيارخ كچاد-10000-1399/10/02,1,1,11000000,13500,11000,11000,-2500,-18.52,11000,-2500,-18.52,11000,11000,1399-7-12
882,اجاد22,اجاره دولتي آپرورش-لوتوس991118,1,100,99400000,1000000,994000,994000,-6000,-0.6,994000,-6000,-0.6,994000,994000,1399-7-12
883,ضملي1148,اختيارخ فملي-10140-1399/11/05,1,1,16000000,14450,16000,16000,1550,10.73,16000,1550,10.73,16000,16000,1399-7-12
884,كايتا,ايتالران‌,1,281,2681302,9265,9542,9542,277,2.99,9265,0,0.0,9542,9542,1399-7-12
885,اخزا902,اسنادخزانه-م2بودجه99-011019,1,10,6789980,671342,678998,678998,7656,1.14,678998,7656,1.14,678998,678998,1399-7-12
886,عكاوه2,اوراق سلف شمش فولاد كاوه كيش,1,2,7876222,4011718,3938111,3938111,-73607,-1.83,3938111,-73607,-1.83,3938111,3938111,1399-7-12
887,تملي807,تسهيلات مسكن ب. ملي-مهر98,1,14,5025216,341852,358944,358944,17092,5.0,358944,17092,5.0,358944,358944,1399-7-12
888,ضملي8076,اختيارخ فملي -27750-1399/08/06,1,3,20940000,5501,6980,6980,1479,26.89,6980,1479,26.89,6980,6980,1399-7-12
889,ضشنا7066,اختيارخ شپنا-9798-1399/07/28,1,1,11000000,10178,11000,11000,822,8.08,11000,822,8.08,11000,11000,1399-7-12
890,ضسپا8015,اختيارخ خساپا-1900-1399/08/26,1,1,520000,562,520,520,-42,-7.47,520,-42,-7.47,520,520,1399-7-12
891,ضملي1154,اختيارخ فملي-24336-1399/11/05,1,1,2500000,2400,2500,2500,100,4.17,2500,100,4.17,2500,2500,1399-7-12
892,شبندر2,پالايش نفت بندرعباس,1,759718,29203559920,36610,38440,38440,1830,5.0,38440,1830,5.0,38440,38440,1399-7-12
893,غشوكو,شوكو پارس,1,1120,49787360,45827,44453,44453,-1374,-3.0,45823,-4,-0.01,44453,44453,1399-7-12
894,ضشنا7060,اختيارخ شپنا-6107-1399/07/28,1,1,15000000,23000,15000,15000,-8000,-34.78,15000,-8000,-34.78,15000,15000,1399-7-12
895,ضغدر8033,اختيارخ وغدير-8010-1399/08/26,1,2,16000000,10000,8000,8000,-2000,-20.0,8000,-2000,-20.0,8000,8000,1399-7-12
896,ضصاد8010,اختيارخ وبصادر-2400-1399/08/11,1,9,16200000,1700,1800,1800,100,5.88,1800,100,5.88,1800,1800,1399-7-12
897,ضپاس7019,اختيارخ وپارس-4800-1399/07/30,1,3,30000,101,10,10,-91,-90.1,10,-91,-90.1,10,10,1399-7-12
898,شمواد,توليد مواداوليه الياف مصنوعي,1,246,15578196,65284,63326,63326,-1958,-3.0,65282,-2,0.0,63326,63326,1399-7-12
899,تملي804,تسهيلات مسكن ب. ملي-تير98,1,3,921951,292683,307317,307317,14634,5.0,307317,14634,5.0,307317,307317,1399-7-12
900,طفلا8060,اختيارف فولاد-3507-1399/08/28,1,10,32160,2,2,2,0,0.0,2,0,0.0,2,2,1399-7-12
901,ضملت8032,اختيارخ وبملت-5789-1399/08/28,1,1,4141000,997,1000,1000,3,0.3,1000,3,0.3,1000,1000,1399-7-12
902,حرهشا,رهشاد سپاهان (سهامي عام,1,90,5324310,62272,59159,59159,-3113,-5.0,62271,-1,0.0,59159,59159,1399-7-12
903,تملي806,تسهيلات مسكن ب. ملي-شهريور98,1,1,206224,196404,206224,206224,9820,5.0,206224,9820,5.0,206224,206224,1399-7-12
904,تملي704,تسهيلات مسكن ب. ملي-تير97,1,5,5796050,1104010,1159210,1159210,55200,5.0,1159210,55200,5.0,1159210,1159210,1399-7-12
905,ضشنا7063,اختيارخ شپنا-7785-1399/07/28,1,3,42600000,37591,14200,14200,-23391,-62.23,14200,-23391,-62.23,14200,14200,1399-7-12
906,ضغدر8042,اختيارخ وغدير-15000-1399/08/26,1,5,18500000,3000,3700,3700,700,23.33,3700,700,23.33,3700,3700,1399-7-12
907,ضبدر8056,اختيارخ شبندر-21580-1399/08/18,1,2,40000000,17000,20000,20000,3000,17.65,20000,3000,17.65,20000,20000,1399-7-12
908,ضجار7033,اختيارخ وتجارت-5000-1399/07/22,1,1,148000,10,148,148,138,1380.0,148,138,1380.0,148,148,1399-7-12
909,اخزا7232,اسنادخزانه-م23بودجه97-000824,1,241500,200082750000,827881,828500,828500,619,0.07,828500,619,0.07,828500,828500,1399-7-12
910,ضغدر8030,اختيارخ وغدير-6510-1399/08/26,1,1,10000000,10000,10000,10000,0,0.0,10000,0,0.0,10000,10000,1399-7-12
911,ضملي1150,اختيارخ فملي-14196-1399/11/05,1,2,22654000,8000,11327,11327,3327,41.59,11327,3327,41.59,11327,11327,1399-7-12
912,اشاد10,مشاركت دولتي10-شرايط خاص001226,1,500,477500000,955000,955000,955000,0,0.0,955000,0,0.0,955000,955000,1399-7-12
913,ضشنا7059,اختيارخ شپنا-5772-1399/07/28,1,5,90000000,35114,18000,18000,-17114,-48.74,18000,-17114,-48.74,18000,18000,1399-7-12
914,ضصاد8023,اختيارخ وبصادر-5000-1399/08/11,1,2,240000,75,120,120,45,60.0,120,45,60.0,120,120,1399-7-12
915,پشاهن,توليدي پلاستيك‌ شاهين,1,1075,8317275,7369,7737,7737,368,4.99,7369,0,0.0,7737,7737,1399-7-12
916,تملي802,تسهيلات مسكن ب. ملي-ارديبهشت98,1,7,5176549,704293,739507,739507,35214,5.0,739507,35214,5.0,739507,739507,1399-7-12
917,ضجار7032,اختيارخ وتجارت-4800-1399/07/22,1,1,8000,86,8,8,-78,-90.7,8,-78,-90.7,8,8,1399-7-12
918,كچاد2,معدني‌وصنعتي‌چادرملو,1,486469,10468812880,21000,21520,21520,520,2.48,21520,520,2.48,21520,21520,1399-7-12
919,ضجار7029,اختيارخ وتجارت-4200-1399/07/22,1,95,190000,450,2,2,-448,-99.56,2,-448,-99.56,2,2,1399-7-12
920,صخابر102,صكوك اجاره مخابرات-3 ماهه 16%,1,2000,1990000000,1005526,995000,995000,-10526,-1.05,995000,-10526,-1.05,995000,995000,1399-7-12
921,ضفار1123,اختيارخ فارس-13826-1399/11/07,1,1,10000000,7333,10000,10000,2667,36.37,10000,2667,36.37,10000,10000,1399-7-12
922,تملي706,تسهيلات مسكن ب. ملي-شهريور97,1,3,942711,299274,314237,314237,14963,5.0,314237,14963,5.0,314237,314237,1399-7-12
923,طسان7050,اختيارف پارسان-11000-99/07/15,1,2,10000,5,5,5,0,0.0,5,0,0.0,5,5,1399-7-12
924,تملي712,تسهيلات مسكن ب. ملي-اسفند97,1,8,5614880,668439,701860,701860,33421,5.0,701860,33421,5.0,701860,701860,1399-7-12
925,ضصاد8016,اختيارخ وبصادر-3600-1399/08/11,1,10,6300000,613,630,630,17,2.77,630,17,2.77,630,630,1399-7-12
926,تملي803,تسهيلات مسكن ب. ملي-خرداد98,1,12,2930220,232558,244185,244185,11627,5.0,244185,11627,5.0,244185,244185,1399-7-12
927,تملي612,تسهيلات مسكن بانك ملي-اسفند96,1,1,3640102,3466764,3640102,3640102,173338,5.0,3640102,173338,5.0,3640102,3640102,1399-7-12
928,ضملي1152,اختيارخ فملي-18252-1399/11/05,1,1,6500000,5500,6500,6500,1000,18.18,6500,1000,18.18,6500,6500,1399-7-12
929,ضپار8013,اختيارخ خپارس-2600-1399/08/18,1,1,8000000,8250,8000,8000,-250,-3.03,8000,-250,-3.03,8000,8000,1399-7-12
930,وساربيل,شركت س استان اردبيل,1,37654,50832900,1290,1350,1350,60,4.65,1290,0,0.0,1350,1350,1399-7-12
931,ضخود1048,اختيارخ خودرو-7000-1399/10/07,1,5,1000000,100,200,200,100,100.0,200,100,100.0,200,200,1399-7-12
932,جم2,پتروشيمي جم,1,106762,5434185800,50750,50900,50900,150,0.3,50900,150,0.3,50900,50900,1399-7-12
933,ضگل8058,اختيارخ كگل-14100-1399/08/21,1,1,9000000,6000,9000,9000,3000,50.0,9000,3000,50.0,9000,9000,1399-7-12
934,فخوز2,فولاد  خوزستان,1,282189,12190564800,41270,43200,43200,1930,4.68,43200,1930,4.68,43200,43200,1399-7-12
935,ضشنا7053,اختيارخ شپنا-3758-1399/07/28,1,1,19000000,16589,19000,19000,2411,14.53,19000,2411,14.53,19000,19000,1399-7-12
936,ضشنا7071,اختيارخ شپنا-13153-1399/07/28,1,1,6990000,5906,6990,6990,1084,18.35,6990,1084,18.35,6990,6990,1399-7-12
937,پست9908-04,پسته فندقي32-30سبزدانه9908,1,1,1691450,1530619,1691450,1691450,160831,10.51,1691450,160831,10.51,1691450,1691450,1399-7-12
938,افاد61,منفعت دولت6-ش.خاص140109,1,10000,9800000000,981000,980000,980000,-1000,-0.1,980000,-1000,-0.1,980000,980000,1399-7-12
939,وبصادر2,بانك صادرات ايران,1,3324574,14062948020,4030,4230,4230,200,4.96,4230,200,4.96,4230,4230,1399-7-12
940,ضجار7014,اختيارخ وتجارت-1600-1399/07/22,1,3,3300000,1450,1100,1100,-350,-24.14,1100,-350,-24.14,1100,1100,1399-7-12
941,اروند04,منفعت صبا اروند كاردان14001113,1,168,171360000,1020000,1020000,1020000,0,0.0,1020000,0,0.0,1020000,1020000,1399-7-12
942,غنيلي,مجتمع توليدي نيلي صنعت كرمان,1,15000,259875000,17325,17325,17325,0,0.0,17325,0,0.0,17325,17325,1399-7-12
