,نماد,نام,تعداد,حجم,ارزش,دیروز,اولین,آخرین معامله - مقدار,آخرین معامله - تغییر,آخرین معامله - درصد,قیمت پایانی - مقدار,قیمت پایانی - تغییر,قیمت پایانی - درصد,کمترین,بیشترین,تاریخ
0,شستا,سرمايه گذاري تامين اجتماعي,151586,433440514,13489240686140,32090,30700,30700,-1390,-4.33,31120,-970,-3.02,30490,32690,1399-9-2
1,خودرو,ايران‌ خودرو,107216,3248080441,12608672331990,3970,3810,3850,-120,-3.02,3880,-90,-2.27,3780,4070,1399-9-2
2,خساپا,سايپا,74225,3462066629,9457491675910,2690,2640,2810,120,4.46,2730,40,1.49,2560,2820,1399-9-2
3,وتجارت,بانك تجارت,65338,2049418837,6845161544470,3240,3230,3400,160,4.94,3340,100,3.09,3100,3400,1399-9-2
4,فملي,ملي‌ صنايع‌ مس‌ ايران‌,61821,256010512,6914093946090,26330,26050,27640,1310,4.98,27010,680,2.58,25050,27640,1399-9-2
5,وسپهر,سرمايه گذاري مالي سپهرصادرات,55320,144924485,1671538217179,12019,11621,11451,-568,-4.73,11534,-485,-4.04,11419,11851,1399-9-2
6,دارا يكم,صندوق واسطه گري مالي يكم-سهام,52990,28386286,5306774648640,190020,186020,187000,-3020,-1.59,186950,-3070,-1.62,181000,192000,1399-9-2
7,فولاد,فولاد مباركه اصفهان,52645,424794132,5689232051990,13970,13280,13280,-690,-4.94,13390,-580,-4.15,13280,13900,1399-9-2
8,شبندر,پالايش نفت بندرعباس,48094,184893229,5340902789780,28510,27500,29520,1010,3.54,28890,380,1.33,27090,29930,1399-9-2
9,شتران,پالايش نفت تهران,35365,282005565,3690394666560,12620,12850,13250,630,4.99,13090,470,3.72,12600,13250,1399-9-2
10,دي,بانك دي,32630,78345996,3533218127569,46938,44700,44592,-2346,-5.0,45098,-1840,-3.92,44592,46900,1399-9-2
11,بپيوند,برق و انرژي پيوندگستر پارس,30053,28291291,658563638932,23724,22835,23120,-604,-2.55,23278,-446,-1.88,22080,24399,1399-9-2
12,وبصادر,بانك صادرات ايران,29441,697939094,2324264306010,3330,3230,3400,70,2.1,3330,0,0.0,3170,3490,1399-9-2
13,خگستر,گسترش‌سرمايه‌گذاري‌ايران‌خودرو,28476,574602711,2142590441700,3820,3640,3700,-120,-3.14,3730,-90,-2.36,3630,3940,1399-9-2
14,سيتا,سرمايه گذاري سيمان تامين,27282,41837283,724416382900,17910,17220,17270,-640,-3.57,17320,-590,-3.29,17020,17800,1399-9-2
15,امين,تامين سرمايه امين,26199,41791006,472568893310,11190,10930,11430,240,2.14,11310,120,1.07,10790,11550,1399-9-2
16,ثاميد,توسعه و عمران اميد,25553,263583591,613497701670,2440,2320,2320,-120,-4.92,2330,-110,-4.51,2320,2370,1399-9-2
17,وبملت,بانك ملت,22410,443005535,2289174859390,5260,5110,5180,-80,-1.52,5170,-90,-1.71,5000,5390,1399-9-2
18,ثبهساز,بهساز كاشانه تهران,22187,149075781,415812735450,2910,2800,2770,-140,-4.81,2790,-120,-4.12,2770,2870,1399-9-2
19,غزر,صنعتي زر ماكارون,22063,4502608,217888693200,50130,49000,47630,-2500,-4.99,48390,-1740,-3.47,47630,50000,1399-9-2
20,بگيلان,توسعه مسير برق گيلان,20167,5773430,148296511191,25791,25260,25620,-171,-0.66,25686,-105,-0.41,25000,26200,1399-9-2
21,شاروم,پتروشيمي اروميه,20053,10632186,192623849993,19025,18076,18074,-951,-5.0,18117,-908,-4.77,18074,18479,1399-9-2
22,زملارد,كشاورزي و دامپروري ملارد شير,19906,4020895,153696757466,36835,35000,38676,1841,5.0,38225,1390,3.77,35000,38676,1399-9-2
23,آبادا,توليد نيروي برق آبادان,19283,7077047,121513497700,17600,17020,17020,-580,-3.3,17170,-430,-2.44,16760,17690,1399-9-2
24,پترول,گروه پتروشيمي س. ايرانيان,19238,104241113,1358083487590,13570,13000,12900,-670,-4.94,13030,-540,-3.98,12900,13460,1399-9-2
25,پيزد,مجتمع صنايع لاستيك يزد,19159,2289090,204430058990,93897,89203,89203,-4694,-5.0,89306,-4591,-4.89,89203,91008,1399-9-2
26,خپارس,پارس‌ خودرو,18215,255804968,2006017722190,7820,7520,8080,260,3.32,7840,20,0.26,7430,8210,1399-9-2
27,گدنا,تهيه توزيع غذاي دنا آفرين فدك,16523,1467766,33949427580,22029,23130,23130,1101,5.0,22711,682,3.1,23130,23130,1399-9-2
28,حكشتي,كشتيراني جمهوري اسلامي ايران,16502,70262841,1836970368060,27400,26030,26030,-1370,-5.0,26140,-1260,-4.6,26030,26980,1399-9-2
29,تليسه,دامداري تليسه نمونه,16481,205381127,1625736033758,6045,6649,8149,2104,34.81,7916,1871,30.95,6649,8668,1399-9-2
30,وغدير,سرمايه‌گذاري‌غدير(هلدينگ‌,15804,104092956,1331938499920,12750,12460,13020,270,2.12,12800,50,0.39,12120,13380,1399-9-2
31,شپنا,پالايش نفت اصفهان,15650,230093961,3781339378690,15810,16100,16600,790,5.0,16430,620,3.92,16100,16600,1399-9-2
32,پتاير,ايران‌ تاير,15399,12385174,1894107116100,141270,144480,155390,14120,10.0,152930,11660,8.25,134310,155390,1399-9-2
33,بركت,گروه دارويي بركت,15135,70353868,1059919840840,15240,15190,15150,-90,-0.59,15070,-170,-1.12,14480,15800,1399-9-2
34,آريا,پليمر آريا ساسول,14958,3306895,547715321903,166743,161990,167201,458,0.27,165628,-1115,-0.67,158500,171900,1399-9-2
35,شگويا,پتروشيمي تندگويان,14763,67317938,783881439482,11797,11320,11570,-227,-1.92,11644,-153,-1.3,11208,12160,1399-9-2
36,ذوب,سهامي ذوب آهن  اصفهان,14632,210222194,1003903314887,4977,4729,4729,-248,-4.98,4775,-202,-4.06,4729,4910,1399-9-2
37,شبريز,پالايش نفت تبريز,14509,41084845,1257605144790,30700,29500,30850,150,0.49,30610,-90,-0.29,29170,31980,1399-9-2
38,وپارس,بانك‌پارسيان‌,13869,692299713,2464349130660,3490,3370,3660,170,4.87,3560,70,2.01,3320,3660,1399-9-2
39,رافزا,رايان هم افزا,13137,78883,2830637572,34176,35884,35884,1708,5.0,34268,92,0.27,35884,35884,1399-9-2
40,ولپارس,ليزينگ پارسيان,13060,3816887,20840203020,5200,5460,5460,260,5.0,5300,100,1.92,5460,5460,1399-9-2
41,خزاميا,زامياد,12743,98299958,1369826180480,14580,13860,13860,-720,-4.94,13940,-640,-4.39,13860,14330,1399-9-2
42,كاما,باما,12311,8180626,1416171618410,180670,171640,171640,-9030,-5.0,173110,-7560,-4.18,171640,180000,1399-9-2
43,بترانس,ايران‌ ترانسفو,11327,47177688,1490395473320,30610,30840,32140,1530,5.0,31590,980,3.2,29900,32140,1399-9-2
44,وپويا,سرمايه گذاري پويا,11321,25126734,228645473736,9550,9073,9073,-477,-4.99,9100,-450,-4.71,9073,9280,1399-9-2
45,گكوثر,هتل پارسيان كوثر اصفهان,10300,6111189,998410534973,162033,161950,160500,-1533,-0.95,163374,1341,0.83,149060,173500,1399-9-2
46,ومعادن,توسعه‌معادن‌وفلزات‌,10025,78561912,1171158391730,14930,14550,14950,20,0.13,14910,-20,-0.13,14190,15590,1399-9-2
47,فارس,صنايع پتروشيمي خليج فارس,9665,48767657,611648632750,12970,12360,12360,-610,-4.7,12540,-430,-3.32,12330,12970,1399-9-2
48,وساپا,سرمايه‌گذاري‌ سايپا,9539,100539820,802484616400,8290,7900,7970,-320,-3.86,7980,-310,-3.74,7880,8250,1399-9-2
49,فسرب,ملي‌ سرب‌وروي‌ ايران‌,8294,9599891,1407209452250,140390,147400,147400,7010,4.99,146590,6200,4.42,140390,147400,1399-9-2
50,صبا,سرمايه گذاري صبا تامين,8146,30437424,250331514156,8569,8141,8150,-419,-4.89,8224,-345,-4.03,8141,8520,1399-9-2
51,فرابورس,فرابورس ايران,7992,19408620,1015895512042,50871,51800,53414,2543,5.0,52342,1471,2.89,48400,53414,1399-9-2
52,وخارزم,سرمايه گذاري خوارزمي,7935,67132781,587335238330,8930,8510,8790,-140,-1.57,8750,-180,-2.02,8490,9070,1399-9-2
53,غگل,گلوكوزان‌,7763,73514958,330381332220,4590,4550,4440,-150,-3.27,4490,-100,-2.18,4370,4680,1399-9-2
54,كرمان,س. توسعه و عمران استان كرمان,7610,13503742,939725083967,72519,68894,68894,-3625,-5.0,69590,-2929,-4.04,68894,71970,1399-9-2
55,قنيشا,قند  نيشابور,7303,21895287,1773144567220,77240,81100,81090,3850,4.98,80980,3740,4.84,75000,81100,1399-9-2
56,ونوين,بانك‌اقتصادنوين‌,7091,143825341,688437707980,4910,4700,4760,-150,-3.05,4790,-120,-2.44,4670,4990,1399-9-2
57,تاپيكو,س. نفت و گاز و پتروشيمي تأمين,7089,40790747,597944665550,15270,14510,14510,-760,-4.98,14660,-610,-3.99,14510,15150,1399-9-2
58,فخوز,فولاد  خوزستان,6971,28141121,1050830381410,39150,37200,37200,-1950,-4.98,37340,-1810,-4.62,37200,38490,1399-9-2
59,اخابر,مخابرات ايران,6817,47670864,653440734570,14090,13460,13580,-510,-3.62,13710,-380,-2.7,13390,14300,1399-9-2
60,چكاپا,گروه صنايع كاغذ پارس,6668,67267246,385512987800,5790,5600,5760,-30,-0.52,5730,-60,-1.04,5510,5990,1399-9-2
61,دماوند,توليد نيروي برق دماوند,6220,6653975,486072853627,71763,68379,73400,1637,2.28,73050,1287,1.79,68379,75351,1399-9-2
62,خمحركه,نيرو محركه‌,6171,51086558,304013383390,6180,5920,5880,-300,-4.85,5950,-230,-3.72,5880,6160,1399-9-2
63,زقيام,كشت و دام قيام اصفهان,6167,14523503,553652934720,36331,35550,39964,3633,10.0,38121,1790,4.93,34000,39964,1399-9-2
64,كگل,معدني و صنعتي گل گهر,6023,44247151,846084688400,18490,18800,19410,920,4.98,19120,630,3.41,17580,19410,1399-9-2
65,بجهرم,توسعه مولد نيروگاهي جهرم,5953,91848127,341289739794,3885,3750,3691,-194,-4.99,3716,-169,-4.35,3691,3840,1399-9-2
66,انرژي3,سايراشخاص بورس انرژي,5728,1693172,475662775680,290390,280000,275900,-14490,-4.99,280930,-9460,-3.26,275880,293400,1399-9-2
67,بكاب,صنايع‌جوشكاب‌يزد,5632,2347612,550859702040,232840,244480,224690,-8150,-3.5,234650,1810,0.78,221200,244480,1399-9-2
68,صباح,ح . سرمايه گذاري صبا تامين,5615,27046526,157230879448,5941,5710,5850,-91,-1.53,5813,-128,-2.15,5644,5909,1399-9-2
69,قشير,قند شيروان قوچان و بجنورد,5609,13710302,415393456857,29170,28000,31150,1980,6.79,30298,1128,3.87,26500,31800,1399-9-2
70,سمگا,گروه سرمايه گذاري ميراث فرهنگي,5430,26669355,542295276388,20319,19900,20520,201,0.99,20334,15,0.07,19371,20850,1399-9-2
71,ونيرو,سرمايه‌گذاري‌نيرو,5351,96082616,395002859530,4310,4100,4100,-210,-4.87,4110,-200,-4.64,4100,4200,1399-9-2
72,تبرك,گروه كارخانجات صنعتي تبرك,5300,15239775,356765218470,24463,23420,23240,-1223,-5.0,23410,-1053,-4.3,23240,24700,1399-9-2
73,ودي,بيمه  دي,5292,30133941,766150432613,24935,24800,26180,1245,4.99,25425,490,1.97,23689,26181,1399-9-2
74,ثشاهد,سرمايه‌ گذاري‌ شاهد,4900,25376480,618942179530,25670,24390,24390,-1280,-4.99,24390,-1280,-4.99,24390,24410,1399-9-2
75,نوري,پتروشيمي نوري,4899,2717729,495193748860,186680,178700,181500,-5180,-2.77,182210,-4470,-2.39,177350,188990,1399-9-2
76,خبهمن,گروه‌بهمن‌,4832,49138661,1112445333820,21890,21700,22980,1090,4.98,22640,750,3.43,21030,22980,1399-9-2
77,شيران,س. صنايع‌شيميايي‌ايران,4764,18908229,585521628750,30220,29010,31730,1510,5.0,30970,750,2.48,28710,31730,1399-9-2
78,فاذر,صنايع‌ آذرآب‌,4748,12949285,372972701380,30190,28690,28690,-1500,-4.97,28800,-1390,-4.6,28690,29870,1399-9-2
79,تكمبا,كمباين‌ سازي‌ ايران‌,4682,30354058,310398539390,9910,9920,10400,490,4.94,10230,320,3.23,9600,10400,1399-9-2
80,رمپنا,گروه مپنا (سهامي عام),4631,34609471,676866670850,18940,18400,19880,940,4.96,19560,620,3.27,18000,19880,1399-9-2
81,زشگزا,شير و گوشت زاگرس شهركرد,4604,3013005,433463178534,134574,140000,150500,15926,11.83,143864,9290,6.9,137000,150500,1399-9-2
82,وپاسار,بانك  پاسارگاد,4604,51377857,523929769340,10260,10270,10290,30,0.29,10200,-60,-0.58,9750,10510,1399-9-2
83,زدشت,كشت و صنعت دشت خرم دره,4463,13171866,486183205132,36451,35800,37800,1349,3.7,36911,460,1.26,33934,40000,1399-9-2
84,هاي وب,داده گسترعصرنوين-هاي وب,4454,15622410,356762761100,23620,22440,23200,-420,-1.78,22840,-780,-3.3,22440,23700,1399-9-2
85,غديس,پاكديس,4446,27500323,313744827765,10645,10590,11709,1064,10.0,11409,764,7.18,10030,11709,1399-9-2
86,آگاس,صندوق س.هستي بخش آگاه-س,4375,6454422,446321059323,69920,66800,69990,70,0.1,69150,-770,-1.1,66120,71500,1399-9-2
87,فاراك,ماشين‌ سازي‌ اراك‌,4339,43328191,300894363560,7190,6870,6890,-300,-4.17,6940,-250,-3.48,6840,7250,1399-9-2
88,كاوه,فولاد كاوه جنوب كيش,4235,40167474,778650238110,20370,19360,19360,-1010,-4.96,19390,-980,-4.81,19360,19690,1399-9-2
89,وهور,مديريت انرژي اميد  تابان هور,4198,21312865,915438390084,44622,42391,42800,-1822,-4.08,42952,-1670,-3.74,42391,44689,1399-9-2
90,سفاسي,شركت فارسيت اهواز,4162,31923491,341170107848,10248,10330,10760,512,5.0,10687,439,4.28,10330,10760,1399-9-2
91,وتوس,توسعه‌شهري‌توس‌گستر,4141,18929989,572681113370,31780,30200,30200,-1580,-4.97,30250,-1530,-4.81,30200,31470,1399-9-2
92,فروي,ذوب روي اصفهان,4067,4191608,215785837286,52093,49700,51802,-291,-0.56,51480,-613,-1.18,49489,53500,1399-9-2
93,ساوه,سيمان ساوه,4034,1691155,77925413362,46610,44520,46500,-110,-0.24,46078,-532,-1.14,44520,47268,1399-9-2
94,لسرما,سرما آفرين‌,4005,7907820,232385719930,28890,28500,30320,1430,4.95,29390,500,1.73,27780,30330,1399-9-2
95,زبينا,كشاورزي و دامپروري بينالود,3915,6478900,332707981767,48139,47416,53700,5561,11.55,51353,3214,6.68,46010,53998,1399-9-2
96,كرازي,كارخانجات‌توليدي‌شيشه‌رازي‌,3873,14130664,281416353650,19420,18650,20390,970,4.99,19920,500,2.57,18470,20390,1399-9-2
97,ختوقا,قطعات‌ اتومبيل‌ ايران‌,3851,48972553,156241889460,3320,3160,3160,-160,-4.82,3190,-130,-3.92,3160,3290,1399-9-2
98,ولساپا,ليزينگ رايان‌ سايپا,3851,66667251,257873903710,4010,3900,3910,-100,-2.49,3870,-140,-3.49,3810,4000,1399-9-2
99,ثاخت,بين‌المللي‌توسعه‌ساختمان,3800,59899789,216275363670,3760,3600,3580,-180,-4.79,3610,-150,-3.99,3580,3750,1399-9-2
100,غشهداب,كشت و صنعت شهداب ناب خراسان,3789,38871301,156458221751,4221,4040,4010,-211,-5.0,4025,-196,-4.64,4010,4150,1399-9-2
101,كچاد,معدني‌وصنعتي‌چادرملو,3653,56834552,1140989766800,19130,20080,20080,950,4.97,20080,950,4.97,19510,20080,1399-9-2
102,وساخت,سرمايه‌ گذاري‌ ساختمان‌ايران‌,3647,5583798,350293112150,61040,60100,64080,3040,4.98,62730,1690,2.77,58550,64090,1399-9-2
103,بكام,كارخانجات توليدي شهيد قندي,3633,41192375,176877072660,4500,4320,4280,-220,-4.89,4290,-210,-4.67,4280,4420,1399-9-2
104,ختور,رادياتور ايران‌,3582,8592282,355079858300,43220,41850,41060,-2160,-5.0,41330,-1890,-4.37,41060,43200,1399-9-2
105,كسعدي,كاشي‌ سعدي‌,3568,11660306,424449133630,38150,36250,36250,-1900,-4.98,36400,-1750,-4.59,36250,37520,1399-9-2
106,زكوثر,سرمايه گذاري كشاورزي كوثر,3529,9355691,167904209140,18340,17480,18500,160,0.87,17950,-390,-2.13,17430,18570,1399-9-2
107,ماديرا,صنايع ماشين هاي اداري ايران,3505,10386972,280826261515,28341,26924,26924,-1417,-5.0,27036,-1305,-4.6,26924,27879,1399-9-2
108,تملت,تامين سرمايه بانك ملت,3465,15443109,130588418270,8880,8440,8440,-440,-4.95,8460,-420,-4.73,8440,8600,1399-9-2
109,ورنا,سرمايه‌گذاري‌ رنا(هلدينگ‌,3376,29598201,246026558370,8570,8150,8150,-420,-4.9,8310,-260,-3.03,8150,8620,1399-9-2
110,خرينگ,رينگ‌سازي‌مشهد,3321,5129663,260042524560,48550,48780,50970,2420,4.98,50690,2140,4.41,48000,50970,1399-9-2
111,شفارس,صنايع‌ شيميايي‌ فارس‌,3311,10935972,494759001820,43810,42890,45980,2170,4.95,45240,1430,3.26,42500,46000,1399-9-2
112,پاسا,ايران‌ياساتايرورابر,3218,16061512,381809383350,23850,23850,23550,-300,-1.26,23770,-80,-0.34,22660,24880,1399-9-2
113,قرن,پديده شيمي قرن,3212,3440993,184419915770,51660,50000,54240,2580,4.99,53590,1930,3.74,49820,54240,1399-9-2
114,رانفور,خدمات‌انفورماتيك‌,3167,9798129,319891793720,33460,33000,32900,-560,-1.67,32650,-810,-2.42,31790,33960,1399-9-2
115,مدير,ص.س.مديريت ثروت ص.بازنشستگي-س,3157,19659179,201519233421,10624,10010,10278,-346,-3.26,10251,-373,-3.51,9850,10490,1399-9-2
116,سفارس,سيمان فارس و خوزستان,3119,18362944,308649272880,16480,15810,17300,820,4.98,16810,330,2.0,15660,17300,1399-9-2
117,قصفها,قنداصفهان‌,3020,1542266,281842618620,171640,163000,183800,12160,7.08,182750,11110,6.47,163000,188800,1399-9-2
118,نوين,بيمه نوين,3013,34335723,243385212012,6860,6590,7203,343,5.0,7088,228,3.32,6590,7203,1399-9-2
119,خريخت,صنايع‌ريخته‌گري‌ايران‌,3001,44982169,178736440200,4160,3960,3960,-200,-4.81,3970,-190,-4.57,3960,4110,1399-9-2
120,پكوير,كوير تاير,2963,10980143,188199317280,17430,16640,17220,-210,-1.2,17140,-290,-1.66,16560,17940,1399-9-2
121,خاهن,آهنگري‌ تراكتورسازي‌ ايران‌,2946,17367350,599956471540,35500,34010,35520,20,0.06,34550,-950,-2.68,33730,37000,1399-9-2
122,حسير,ريل سير كوثر,2921,16880013,301856297441,18724,17950,17788,-936,-5.0,17882,-842,-4.5,17788,18723,1399-9-2
123,غسالم,سالمين‌,2921,26309693,115014457480,4530,4370,4350,-180,-3.97,4370,-160,-3.53,4310,4520,1399-9-2
124,ارفع,شركت آهن و فولاد ارفع,2916,21633185,306594736492,14890,14146,14146,-744,-5.0,14172,-718,-4.82,14146,14410,1399-9-2
125,ارزش,صندوق س ارزش آفرين بيدار-سهام,2913,15604206,156266279220,10270,9950,10010,-260,-2.53,10010,-260,-2.53,9600,10280,1399-9-2
126,كالا,بورس كالاي ايران,2842,5828225,208446199510,36670,35300,35330,-1340,-3.65,35760,-910,-2.48,34840,37890,1399-9-2
127,غويتا,ويتانا,2778,7767816,393374758861,50462,48200,52000,1538,3.05,50642,180,0.36,47939,52756,1399-9-2
128,قثابت,قند ثابت‌ خراسان‌,2773,7461029,492837014170,65170,61920,68420,3250,4.99,66050,880,1.35,61920,68420,1399-9-2
129,وشهر,بانك شهر,2726,32003687,214319420981,6696,6696,6711,15,0.22,6697,1,0.01,6569,6829,1399-9-2
130,پارسان,گسترش نفت و گاز پارسيان,2693,16458974,363923854050,22600,21750,22280,-320,-1.42,22110,-490,-2.17,21470,23200,1399-9-2
131,امين يكم,صندوق درآمد ثابت امين يكم فردا,2624,82874650,840820740542,10140,10145,10140,0,0.0,10146,6,0.06,10139,10160,1399-9-2
132,طلا,صندوق س.پشتوانه طلاي لوتوس,2585,1743605,145471653146,85717,84069,83746,-1971,-2.3,83432,-2285,-2.67,83002,84300,1399-9-2
133,ولغدر,ليزينگ‌خودروغدير,2579,12524102,213227322220,16600,16200,17430,830,5.0,17030,430,2.59,15850,17430,1399-9-2
134,ميهن,بيمه ميهن,2576,32934079,188240819074,5588,5480,5867,279,4.99,5716,128,2.29,5309,5867,1399-9-2
135,وبيمه,سرمايه‌ گذاري‌ صنعت‌ بيمه‌,2542,33512523,101175109740,2970,3010,3110,140,4.71,3020,50,1.68,2830,3110,1399-9-2
136,خاذين,سايپاآذين‌,2534,36957243,207946419890,5910,5620,5620,-290,-4.91,5630,-280,-4.74,5620,5780,1399-9-2
137,پكرمان,گروه‌ صنعتي‌ بارز,2516,9394558,302716124650,31000,29610,32550,1550,5.0,32220,1220,3.94,29610,32550,1399-9-2
138,خزر,فنرسازي‌زر,2493,11059631,190773194720,16580,17170,17400,820,4.95,17250,670,4.04,16600,17400,1399-9-2
139,ونيكي,سرمايه‌گذاري‌ ملي‌ايران‌,2471,9303259,133594191070,13910,14400,14600,690,4.96,14360,450,3.24,13220,14600,1399-9-2
140,وتوصا,گروه س توسعه صنعتي ايران,2448,18083681,202319833120,10930,10500,11470,540,4.94,11190,260,2.38,10390,11470,1399-9-2
141,آوا,صندوق س.سهام آواي معيار-س,2440,23181193,196944224719,8580,8156,8689,109,1.27,8496,-84,-0.98,8029,8780,1399-9-2
142,قاسم,قاسم ايران,2436,11376992,135924263040,12519,11894,11894,-625,-4.99,11947,-572,-4.57,11894,12200,1399-9-2
143,شسپا,نفت سپاهان,2402,9268533,207301158120,22930,21810,22350,-580,-2.53,22370,-560,-2.44,21790,23460,1399-9-2
144,كسرا,سراميك‌هاي‌صنعتي‌اردكان‌,2398,16029775,350909051810,21010,22060,22060,1050,5.0,21890,880,4.19,21020,22060,1399-9-2
145,خكرمان,گروه اقتصادي كرمان خودرو,2381,31958565,146921545451,4687,4547,4547,-140,-2.99,4597,-90,-1.92,4547,4777,1399-9-2
146,همراه,شركت ارتباطات سيار ايران,2366,6515773,221853772400,34490,33300,34400,-90,-0.26,34050,-440,-1.28,32770,35150,1399-9-2
147,شكف,كف,2361,3403680,243355499211,72659,69753,69753,-2906,-4.0,71498,-1161,-1.6,69753,75565,1399-9-2
148,سپح,ح . پرداخت الكترونيك سامان كيش,2343,8244491,86297131630,10510,10130,10990,480,4.57,10470,-40,-0.38,9900,11000,1399-9-2
149,سرو,صندوق س سروسودمند مدبران-سهام,2315,2597988,161258174480,62300,59850,63020,720,1.16,62070,-230,-0.37,58800,63510,1399-9-2
150,فاسمين,كالسيمين‌,2313,11102045,166990596200,15280,14900,15210,-70,-0.46,15040,-240,-1.57,14520,15850,1399-9-2
151,اعتماد,صندوق س.اعتماد آفرين پارسيان-د,2311,69858910,2336966542910,33436,33452,33457,21,0.06,33453,17,0.05,33451,33459,1399-9-2
152,وسپه,سرمايه‌گذاري‌ سپه‌,2309,15079183,208150666520,13770,13700,13990,220,1.6,13800,30,0.22,13090,14400,1399-9-2
153,ستران,سيمان‌ تهران‌,2279,4740594,144749057780,29960,29000,31450,1490,4.97,30530,570,1.9,28470,31450,1399-9-2
154,غپينو,پارس‌ مينو,2271,16856899,111724778630,6950,6610,6610,-340,-4.89,6630,-320,-4.6,6610,6750,1399-9-2
155,تماوند,تامين سرمايه دماوند,2250,16923280,206175037036,12789,12150,12150,-639,-5.0,12183,-606,-4.74,12150,12790,1399-9-2
156,وآوا,سرمايه گذاري آوا نوين,2246,16879300,228131833552,12896,13050,13540,644,4.99,13515,619,4.8,12901,13540,1399-9-2
157,شلرد,كود شيميايي اوره لردگان,2234,23162625,190733586587,7913,8245,8308,395,4.99,8235,322,4.07,7949,8308,1399-9-2
158,سيمرغ,سيمرغ,2213,9508532,138635600990,14870,14140,14740,-130,-0.87,14580,-290,-1.95,14130,15350,1399-9-2
159,كمند,صندوق س. با درآمد ثابت كمند,2205,90232763,911025109035,10089,10095,10094,5,0.05,10096,7,0.07,10090,10116,1399-9-2
160,سبزوا,سيمان لار سبزوار,2188,23363846,143190334058,5844,6136,6136,292,5.0,6129,285,4.88,6010,6136,1399-9-2
161,وصنعت,سرمايه گذاري توسعه صنعت وتجارت,2165,12528456,97171912960,7990,7800,7860,-130,-1.63,7760,-230,-2.88,7600,8090,1399-9-2
162,ومهان,گروه توسعه مالي مهر آيندگان,2163,13061737,197461661726,15589,15000,15280,-309,-1.98,15118,-471,-3.02,14810,15730,1399-9-2
163,وملل,اعتباري ملل,2156,19629523,269759533306,14342,13702,13625,-717,-5.0,13743,-599,-4.18,13625,14200,1399-9-2
164,كمرجان,بازرگاني و توليدي مرجان كار,2154,2051700,140156960005,70571,68111,68199,-2372,-3.36,68313,-2258,-3.2,67043,71500,1399-9-2
165,كماسه,تامين‌ ماسه‌ ريخته‌گري‌,2126,3332347,146842687110,45940,43650,43650,-2290,-4.98,44070,-1870,-4.07,43650,45700,1399-9-2
166,فيروزه,صندوق شاخص30 شركت فيروزه- سهام,2116,1172079,197767632180,173360,165900,170600,-2760,-1.59,168730,-4630,-2.67,160000,175980,1399-9-2
167,غصينو,صنعتي مينو,2092,3160307,160253586330,52497,50160,49873,-2624,-5.0,50708,-1789,-3.41,49873,52497,1399-9-2
168,حتوكا,حمل‌ونقل‌توكا,2082,8657333,156927079260,18790,17880,18380,-410,-2.18,18130,-660,-3.51,17860,18680,1399-9-2
169,حسينا,توسعه خدمات دريايي وبندري سينا,2055,2243876,157654661892,70323,68100,68500,-1823,-2.59,70260,-63,-0.09,65000,72630,1399-9-2
170,هرمز,فولاد هرمزگان جنوب,2055,18948253,236493363382,13108,12453,12453,-655,-5.0,12481,-627,-4.78,12453,12960,1399-9-2
171,دتوليد,داروسازي توليد دارو,2050,6386870,188820750678,28541,29700,29968,1427,5.0,29564,1023,3.58,27500,29968,1399-9-2
172,شصدف,صنعتي دوده فام,2021,57071,1401549618,23389,24558,24558,1169,5.0,23420,31,0.13,24558,24558,1399-9-2
173,بورس,بورس اوراق بهادار تهران,2015,3958431,192536622090,49360,46900,49460,100,0.2,48640,-720,-1.46,46900,51000,1399-9-2
174,دزهراوي,داروسازي‌زهراوي‌,2012,10581566,109345898380,10800,10270,10260,-540,-5.0,10330,-470,-4.35,10260,10800,1399-9-2
175,وبوعلي,سرمايه‌گذاري‌بوعلي‌,2009,18027133,117373662910,6830,6490,6510,-320,-4.69,6510,-320,-4.69,6490,6670,1399-9-2
176,كوير,توليدي فولاد سپيد فراب كوير,2001,9081251,144874027330,15340,15420,16100,760,4.95,15950,610,3.98,15340,16100,1399-9-2
177,بساما,بيمه سامان,1995,17099999,403388692203,24695,23461,24502,-193,-0.78,23590,-1105,-4.47,23461,24670,1399-9-2
178,ثنوسا,نوسازي‌وساختمان‌تهران‌,1969,20270227,170237309570,8790,8360,8360,-430,-4.89,8400,-390,-4.44,8360,8700,1399-9-2
179,آريان,سرمايه گذاري پارس آريان,1965,47354248,669115402224,13871,13880,14287,416,3.0,14130,259,1.87,13455,14287,1399-9-2
180,شپترو,پتروشيمي آبادان,1923,40485722,165422196794,4192,4067,4070,-122,-2.91,4086,-106,-2.53,4067,4165,1399-9-2
181,شكلر,نيروكلر,1913,5076480,258597962520,48960,48970,51400,2440,4.98,50940,1980,4.04,48000,51400,1399-9-2
182,زمگسا,كشاورزي‌ ودامپروي‌ مگسال‌,1870,3736638,128899787910,32530,32800,35780,3250,9.99,34500,1970,6.06,31950,35780,1399-9-2
183,سنير,سيمان‌ سفيد ني‌ريز,1868,948019,79456499560,80970,84000,85010,4040,4.99,83810,2840,3.51,81100,85010,1399-9-2
184,چكارن,كارتن‌ ايران‌,1855,16733339,59056125160,3690,3510,3510,-180,-4.88,3530,-160,-4.34,3510,3660,1399-9-2
185,زاگرس,پتروشيمي زاگرس,1843,1161880,199710147944,169939,167600,171950,2011,1.18,171885,1946,1.15,164000,178000,1399-9-2
186,والبر,سرمايه‌ گذاري‌ البرز(هلدينگ‌,1838,12405923,201271989410,15650,15650,16430,780,4.98,16220,570,3.64,15100,16430,1399-9-2
187,دلقما,دارويي‌ لقمان‌,1832,4383712,122636258740,29270,27810,27810,-1460,-4.99,27980,-1290,-4.41,27810,28860,1399-9-2
188,افق,فروشگاههاي زنجيره اي افق كوروش,1795,1859788,130194935520,71050,69540,71200,150,0.21,70010,-1040,-1.46,68800,71200,1399-9-2
189,كبافق,معادن‌ بافق‌,1792,2679840,100761319600,39140,38010,37190,-1950,-4.98,37600,-1540,-3.93,37190,39140,1399-9-2
190,شكربن,كربن‌ ايران‌,1783,2502932,200434603520,81410,79020,78300,-3110,-3.82,80080,-1330,-1.63,77340,85280,1399-9-2
191,سرچشمه,سرمايه گذاري مس سرچشمه,1777,15752447,129328958233,8172,8100,8240,68,0.83,8210,38,0.47,8009,8560,1399-9-2
192,وبانك,سرمايه گذاري گروه توسعه ملي,1752,10155028,95571615160,9660,9200,9500,-160,-1.66,9430,-230,-2.38,9180,9740,1399-9-2
193,قشرين,قند شيرين خراسان,1737,7770877,146596249140,18695,18990,19255,560,3.0,18865,170,0.91,18135,19255,1399-9-2
194,قزوين,كارخانجات‌ قند قزوين‌,1730,4008650,187507919000,45540,47480,47810,2270,4.98,46780,1240,2.72,43270,47810,1399-9-2
195,تاصيكو,سرمايه گذاري صدرتامين,1726,13129347,134498425040,10350,9900,10210,-140,-1.35,10240,-110,-1.06,9840,10750,1399-9-2
196,فزرين,زرين معدن آسيا,1701,4795066,94868249482,19315,18360,20000,685,3.55,19785,470,2.43,18360,20280,1399-9-2
197,ثفارس,عمران‌وتوسعه‌فارس‌,1684,11877382,77335216180,6690,6360,6420,-270,-4.04,6510,-180,-2.69,6360,6730,1399-9-2
198,درازك,دارويي‌ رازك‌,1677,4883837,188099295670,37210,37990,39030,1820,4.89,38510,1300,3.49,35710,39070,1399-9-2
199,ثعمرا,عمران و توسعه شاهد,1640,13103833,190379474489,15238,14477,14477,-761,-4.99,14529,-709,-4.65,14477,14960,1399-9-2
200,حفارس,حمل و نقل بين المللي خليج فارس,1632,20561269,83964280170,4270,4140,4060,-210,-4.92,4080,-190,-4.45,4060,4240,1399-9-2
201,وسبحان,سرمايه گذاري سبحان,1631,16326777,135586234209,8011,8000,8411,400,4.99,8305,294,3.67,7860,8411,1399-9-2
202,كهمداح,ح . شيشه‌ همدان‌,1532,6074070,56946087060,8800,8720,9680,880,10.0,9380,580,6.59,8720,9680,1399-9-2
203,خفنر,فنرسازي‌خاور,1528,4581375,83840683570,19100,18150,18150,-950,-4.97,18300,-800,-4.19,18150,19000,1399-9-2
204,فسازان,غلتك سازان سپاهان,1525,8328242,204169403380,25760,24480,24480,-1280,-4.97,24520,-1240,-4.81,24480,25000,1399-9-2
205,واميد,گروه مديريت سرمايه گذاري اميد,1524,8591174,333808768980,38580,38000,39600,1020,2.64,38850,270,0.7,36660,39750,1399-9-2
206,كاردان,صندوق س تجارت شاخصي كاردان,1522,683838,114024106360,170150,164500,168810,-1340,-0.79,166740,-3410,-2.0,158010,173400,1399-9-2
207,وسكاب,س.ص.بازنشستگي كاركنان بانكها,1481,21371635,129846608390,6260,6020,6060,-200,-3.19,6080,-180,-2.88,5950,6280,1399-9-2
208,تنوينح,ح . تامين سرمايه نوين,1470,5691085,24262994681,4481,4300,4250,-231,-5.16,4263,-218,-4.86,4100,4440,1399-9-2
209,ريشمك,توليد و صادرات ريشمك,1462,2326292,95116986534,39860,38710,41750,1890,4.74,40888,1028,2.58,38010,41853,1399-9-2
210,اميد,تامين سرمايه اميد,1457,12677366,135555537600,11210,10790,10650,-560,-5.0,10690,-520,-4.64,10650,11000,1399-9-2
211,زشريف,كشت وصنعت شريف آباد,1456,3550954,74094952486,20420,19499,21441,1021,5.0,20866,446,2.18,19412,21441,1399-9-2
212,حريل,ريل پردازسير,1450,20688778,73889135840,3702,3520,3540,-162,-4.38,3571,-131,-3.54,3517,3700,1399-9-2
213,كگاز,شيشه‌ و گاز,1449,4441904,95032810030,22440,21320,21320,-1120,-4.99,21390,-1050,-4.68,21320,22030,1399-9-2
214,ونفت,سرمايه‌گذاري‌ صنعت‌ نفت‌,1444,6923103,88655492480,12900,12580,12910,10,0.08,12810,-90,-0.7,12260,13290,1399-9-2
215,تپولا,مهندسي مرآت پولاد,1431,5054937,129249991874,25870,25094,26200,330,1.28,25569,-301,-1.16,25094,26490,1399-9-2
216,فلوله,لوله‌وماشين‌سازي‌ايران‌,1413,6312117,121544373460,20170,19170,19170,-1000,-4.96,19260,-910,-4.51,19170,19970,1399-9-2
217,مرقام,ايران‌ارقام‌,1384,4647167,96951069660,21890,20800,20800,-1090,-4.98,20860,-1030,-4.71,20800,21470,1399-9-2
218,حتايد,تايدواترخاورميانه,1364,6828877,124473611760,18400,17480,18890,490,2.66,18230,-170,-0.92,17480,19300,1399-9-2
219,شبهرن,نفت‌ بهران‌,1352,2132736,130165738400,61810,58720,61800,-10,-0.02,61030,-780,-1.26,58720,62800,1399-9-2
220,شغدير,پتروشيمي غدير,1336,2874256,144892240783,50914,48369,49890,-1024,-2.01,50410,-504,-0.99,48369,52110,1399-9-2
221,تيپيكو,سرمايه گذاري دارويي تامين,1320,2678006,157176301000,56620,54030,59200,2580,4.56,58690,2070,3.66,54030,59450,1399-9-2
222,خوساز,محورسازان‌ايران‌خودرو,1318,11960266,84103228280,7400,7030,7030,-370,-5.0,7030,-370,-5.0,7030,7100,1399-9-2
223,شدوص,دوده‌ صنعتي‌ پارس‌,1302,3930988,89228452390,22550,22790,22990,440,1.95,22700,150,0.67,21430,23600,1399-9-2
224,شنفت,نفت‌ پارس‌,1288,3833813,225321694150,56530,58910,59350,2820,4.99,58770,2240,3.96,54500,59350,1399-9-2
225,وليز,ليزينگ‌ايران‌,1285,15412078,122498260790,8300,7890,7890,-410,-4.94,7950,-350,-4.22,7890,8200,1399-9-2
226,خمهر,مهركام‌پارس‌,1283,9972598,58408919180,6150,5850,5850,-300,-4.88,5860,-290,-4.72,5850,5970,1399-9-2
227,كنور,توسعه معدني و صنعتي صبانور,1265,2358881,99362384180,42080,42940,43190,1110,2.64,42120,40,0.1,39980,43570,1399-9-2
228,وسينا,بانك سينا,1254,11667879,117243749860,10430,9910,9920,-510,-4.89,10050,-380,-3.64,9910,10410,1399-9-2
229,كيان,صندوق س. با درآمد ثابت كيان,1250,38960593,1013157592782,25984,26003,26010,26,0.1,26005,21,0.08,26001,26014,1399-9-2
230,وكادو,تكادو,1235,9640621,166071370597,16791,17294,17294,503,3.0,17226,435,2.59,16350,17294,1399-9-2
231,كلر,كلر پارس,1232,753326,42919813207,55008,53500,57758,2750,5.0,56580,1572,2.86,53500,57758,1399-9-2
232,آسيا,بيمه آسيا,1229,6931591,192277723710,26470,27790,27790,1320,4.99,27740,1270,4.8,27000,27790,1399-9-2
233,تنوين,تامين سرمايه نوين,1209,12783406,75851619320,6200,5890,6000,-200,-3.23,5930,-270,-4.35,5890,6140,1399-9-2
234,فايرا,آلومينيوم‌ايران‌,1208,3774571,80770754110,20720,20660,21750,1030,4.97,21400,680,3.28,19710,21750,1399-9-2
235,كروي,توسعه‌ معادن‌ روي‌ ايران‌,1204,8249543,240669971280,27800,29190,29190,1390,5.0,29170,1370,4.93,28400,29190,1399-9-2
236,فجر,فولاد اميركبيركاشان,1200,2499878,141415578030,56250,53760,58000,1750,3.11,56570,320,0.57,53700,58850,1399-9-2
237,بپاس,بيمه پاسارگاد,1178,3012867,208816019555,69384,69384,69475,91,0.13,69308,-76,-0.11,68530,69600,1399-9-2
238,وبشهر,توسعه‌ صنايع‌ بهشهر(هلدينگ,1171,7020780,109926079850,15290,15350,16030,740,4.84,15660,370,2.42,14600,16040,1399-9-2
239,غمارگ,مارگارين‌,1145,3292878,95121271150,26320,28000,29400,3080,11.7,28890,2570,9.76,27000,29400,1399-9-2
240,حآسا,آسيا سير ارس,1138,3768782,70200439277,19541,18600,18564,-977,-5.0,18627,-914,-4.68,18564,19700,1399-9-2
241,شفن,پتروشيمي فناوران,1135,626924,189884656990,293500,289920,304000,10500,3.58,302880,9380,3.2,278830,308170,1399-9-2
242,ومعلم,بيمه معلم,1125,9404903,61804309887,6454,6450,6740,286,4.43,6571,117,1.81,6132,6776,1399-9-2
243,كاريس,صندوق س.سپهر كاريزما-س,1118,589085,116944941730,201685,194600,199500,-2185,-1.08,198520,-3165,-1.57,187120,206000,1399-9-2
244,وخاور,بانك خاورميانه,1085,21293727,205749593010,9790,9490,9550,-240,-2.45,9660,-130,-1.33,9310,9840,1399-9-2
245,حپارسا,توسعه حمل و نقل ريلي پارسيان,1083,3276728,101709565547,31473,31000,31210,-263,-0.84,31040,-433,-1.38,29900,32200,1399-9-2
246,رنيك,جنرال مكانيك,1081,2515243,52725520129,21235,20174,21061,-174,-0.82,20962,-273,-1.29,20174,21950,1399-9-2
247,پاكشو,گروه صنعتي پاكشو,1080,1517786,131546512620,82550,86670,86670,4120,4.99,86670,4120,4.99,86670,86670,1399-9-2
248,كطبس,ذغال‌سنگ‌ نگين‌ ط‌بس‌,1079,1458290,74558124860,50770,49500,49980,-790,-1.56,51130,360,0.71,48240,53280,1399-9-2
249,دسانكو,داروسازي سبحان انكولوژي,1077,6158836,96475566576,15045,15480,15797,752,5.0,15665,620,4.12,14600,15797,1399-9-2
250,دشيمي,شيمي‌ داروئي‌ داروپخش‌,1068,3573982,223419922080,59630,60600,62610,2980,5.0,62510,2880,4.83,59630,62610,1399-9-2
251,بالاس,مهندسي ساختمان تاسيسات راه آهن,1066,1311269,60398779929,48236,45825,45825,-2411,-5.0,46061,-2175,-4.51,45825,47606,1399-9-2
252,سدور,سيمان‌ دورود,1064,5870166,47552129460,7990,8180,7960,-30,-0.38,8090,100,1.25,7780,8210,1399-9-2
253,ثمسكن,سرمايه‌گذاري‌ مسكن‌,1056,12226164,66779309340,5700,5500,5420,-280,-4.91,5460,-240,-4.21,5420,5600,1399-9-2
254,فنورد,نوردوقطعات‌ فولادي‌,1056,680852,104949458510,151090,151000,158640,7550,5.0,154140,3050,2.02,144540,158640,1399-9-2
255,ثالوند,سرمايه گذاري مسكن الوند,1050,3760669,47693516175,12615,12080,12960,345,2.73,12681,66,0.52,12080,13090,1399-9-2
256,كوثر,بيمه كوثر,1030,8445896,113983513852,13039,13090,13690,651,4.99,13496,457,3.5,12400,13690,1399-9-2
257,شتوكا,توكا رنگ فولاد سپاهان,1030,1317673,46036453774,33776,34520,35464,1688,5.0,34783,1007,2.98,33000,35464,1399-9-2
258,پارس,پتروشيمي پارس,1023,1305890,195943383870,151070,155000,151000,-70,-0.05,150050,-1020,-0.68,143530,155000,1399-9-2
259,واتي,سرمايه‌ گذاري‌ آتيه‌ دماوند,1014,5577505,68958796780,12700,12130,12470,-230,-1.81,12360,-340,-2.68,12070,13000,1399-9-2
260,غبشهر,صنعتي‌ بهشهر,1007,2713838,70576578100,24930,26000,26320,1390,5.58,26010,1080,4.33,25160,27000,1399-9-2
261,كيميا,معدني كيمياي زنجان گستران,1005,1761881,41607023272,23216,22062,24200,984,4.24,23541,325,1.4,22062,24366,1399-9-2
262,فسپا,گروه‌صنعتي‌سپاهان‌,989,2021309,84644229060,42110,40510,42000,-110,-0.26,41880,-230,-0.55,40010,43500,1399-9-2
263,توريل,توکاريل,988,4815370,91382822214,19906,19000,19320,-586,-2.94,18977,-929,-4.67,18911,19906,1399-9-2
264,شلعابح,ح . لعابيران‌,970,7857245,31812314560,4200,4000,4010,-190,-4.52,4050,-150,-3.57,3870,4200,1399-9-2
265,غپآذر,شير پگاه آذربايجان شرقي,967,833615,41879424626,54757,51000,48999,-5758,-10.52,50625,-4132,-7.55,48651,53550,1399-9-2
266,كشرق,صنعتي و معدني شمال شرق شاهرود,966,973487,68683500339,69060,65703,71010,1950,2.82,70554,1494,2.16,65703,72513,1399-9-2
267,سكرد,سيمان كردستان,965,6120091,49956326420,8540,8390,8120,-420,-4.92,8160,-380,-4.45,8120,8390,1399-9-2
268,آپ,آسان پرداخت پرشين,964,3210432,50826706730,16370,16290,15660,-710,-4.34,15830,-540,-3.3,15560,16530,1399-9-2
269,وتوسم,سرمايه‌گذاري‌توسعه‌ملي‌,962,3621774,46548502760,13170,12520,12880,-290,-2.2,12860,-310,-2.35,12520,13170,1399-9-2
270,خمحور,توليدمحورخودرو,961,1499162,89886431520,60300,57500,59920,-380,-0.63,59960,-340,-0.56,57290,63310,1399-9-2
271,تاپكيش,تجارت الكترونيك پارسيان كيش,961,8366090,145183627987,16542,17369,17369,827,5.0,17354,812,4.91,16582,17369,1399-9-2
272,پرديس,سرمايه گذاري پرديس,960,5076832,35821127720,7130,6880,7120,-10,-0.14,7080,-50,-0.7,6800,7400,1399-9-2
273,شاراك,پتروشيمي شازند,959,5686437,118515184710,21360,20450,21000,-360,-1.69,20840,-520,-2.43,20300,21360,1399-9-2
274,رتاپح,ح.تجارت الكترونيك پارسيان,947,5030663,21374108290,4410,4350,4270,-140,-3.17,4250,-160,-3.63,4120,4380,1399-9-2
275,شپديس,پتروشيمي پرديس,943,1384734,142097416740,101170,96140,101660,490,0.48,102620,1450,1.43,96140,105220,1399-9-2
276,ياقوت,صندوق س ياقوت آگاه-ثابت,929,42042554,476043643722,11305,11301,11340,35,0.31,11323,18,0.16,11301,11340,1399-9-2
277,وآذر,سرمايه‌گذاري‌توسعه‌آذربايجان‌,925,502034,61125822260,121860,121850,120720,-1140,-0.94,121760,-100,-0.08,117110,124900,1399-9-2
278,فباهنر,مس‌ شهيدباهنر,924,1272066,60560443040,48940,48000,47200,-1740,-3.56,47610,-1330,-2.72,46500,49890,1399-9-2
279,ثشرق,سرمايه گذاري مسكن شمال شرق,922,8947986,43964355980,5140,4930,4890,-250,-4.86,4930,-210,-4.09,4890,5100,1399-9-2
280,وزمين,بانك ايران زمين,920,11532124,152682546370,14036,13350,13100,-936,-6.67,13240,-796,-5.67,13083,13617,1399-9-2
281,خكاوه,سايپا ديزل,920,15425686,76867371563,5137,4983,4983,-154,-3.0,4983,-154,-3.0,4983,5000,1399-9-2
282,خچرخش,چرخشگر,916,3799235,72205682600,18120,19020,19020,900,4.97,19010,890,4.91,18240,19020,1399-9-2
283,تسه9907,امتياز تسهيلات مسكن مهر99,903,22431,17867516637,809741,819980,796268,-13473,-1.66,796555,-13186,-1.63,782666,819980,1399-9-2
284,شاوان,پالايش نفت لاوان,903,746362,71540067566,98923,93977,94600,-4323,-4.37,95852,-3071,-3.1,93977,99500,1399-9-2
285,خموتور,موتورسازان‌تراكتورسازي‌ايران‌,894,7004647,65707209210,9860,9370,9380,-480,-4.87,9380,-480,-4.87,9370,9710,1399-9-2
286,اطلس,صندوق س.توسعه اندوخته آينده-س,890,326639,62778437724,196346,185210,192081,-4265,-2.17,192195,-4151,-2.11,185000,195990,1399-9-2
287,كلوند,كاشي‌ الوند,877,2914224,62260832700,22110,21010,21580,-530,-2.4,21360,-750,-3.39,21010,22110,1399-9-2
288,ولصنم,ليزينگ‌صنعت‌ومعدن‌,875,4813613,39504277010,8300,8210,8290,-10,-0.12,8220,-80,-0.96,7890,8620,1399-9-2
289,دسبحا,گروه دارويي سبحان,871,3742756,64019942030,16520,16960,17340,820,4.96,17110,590,3.57,16110,17340,1399-9-2
290,كحافظ,كاشي‌ وسراميك‌ حافظ‌,869,9495937,215652729270,21630,22710,22710,1080,4.99,22710,1080,4.99,22710,22710,1399-9-2
291,تاپكيشح,ح.تجارت الكترونيك پارسيان كيش,857,6587826,67920495991,9864,9870,10357,493,5.0,10310,446,4.52,9500,10357,1399-9-2
292,غگرجي,بيسكويت‌  گرجي‌,848,1644747,46123514820,27590,26260,28730,1140,4.13,28010,420,1.52,26250,28900,1399-9-2
293,دتماد,توليدمواداوليه‌داروپخش‌,843,1727530,85469981360,47670,47670,50050,2380,4.99,49480,1810,3.8,46010,50050,1399-9-2
294,ضخود1044,اختيارخ خودرو-4000-1399/10/07,840,30010,12785889000,435,400,429,-6,-1.38,426,-9,-2.07,360,470,1399-9-2
295,سمازن,سيمان‌مازندران‌,836,4103246,37737551510,9260,8910,9230,-30,-0.32,9210,-50,-0.54,8800,9580,1399-9-2
296,تايرا,تراكتورسازي‌ايران‌,833,6683914,164069943920,23520,23480,24690,1170,4.97,24550,1030,4.38,22350,24690,1399-9-2
297,دبالك,مواد اوليه دارويي البرز بالك,830,3185750,47379793486,15118,14520,14700,-418,-2.76,14880,-238,-1.57,14450,15300,1399-9-2
298,چدن,توليدي چدن سازان,829,2287856,59952794540,26720,26700,26200,-520,-1.95,26200,-520,-1.95,25390,26700,1399-9-2
299,دفارا,داروسازي‌ فارابي‌,828,1084286,63429392480,57040,55000,59890,2850,5.0,58500,1460,2.56,55000,59890,1399-9-2
300,لبوتان,گروه‌صنعتي‌بوتان‌,826,1274065,74127537440,60570,57570,59530,-1040,-1.72,58180,-2390,-3.95,57550,60390,1399-9-2
301,ولبهمن,شركت بهمن ليزينگ,823,5838087,49080474052,8733,8733,8640,-93,-1.06,8407,-326,-3.73,8297,8733,1399-9-2
302,شپاكسا,پاكسان‌,822,2397701,63121954750,26990,26170,26360,-630,-2.33,26330,-660,-2.45,25650,27170,1399-9-2
303,غفارس,شير پاستوريزه پگاه فارس,822,3178445,28058994645,9194,9158,8890,-304,-3.31,8979,-215,-2.34,8701,9158,1399-9-2
304,وايران,ليزينگ ايرانيان,821,6210790,56302222880,9520,9050,9050,-470,-4.94,9070,-450,-4.73,9050,9330,1399-9-2
305,وپترو,سرمايه‌گذاري صنايع پتروشيمي‌,819,2640996,39224386420,15060,14800,14920,-140,-0.93,14900,-160,-1.06,14310,15600,1399-9-2
306,وآرين,شركت توسعه اقتصادي آرين,816,6103165,32623066276,5258,5258,5415,157,2.99,5345,87,1.65,5111,5415,1399-9-2
307,حبندر,دريايي و کشتيراني خط دريابندر,809,2111114,53097617539,24635,23960,25374,739,3.0,25151,516,2.09,23896,25374,1399-9-2
308,رتاپ,تجارت الكترونيك  پارسيان,801,3548734,22362340070,6280,6050,6310,30,0.48,6290,10,0.16,6050,6440,1399-9-2
309,دتوزيع,توزيع دارو پخش,791,775188,36152094867,46045,43750,47470,1425,3.09,46472,427,0.93,43750,47889,1399-9-2
310,دانا,بيمه دانا,789,6180630,37111477170,6120,5900,5950,-170,-2.78,6030,-90,-1.47,5820,6250,1399-9-2
311,شرانل,نفت ايرانول,777,1871193,55659553572,30875,29332,29625,-1250,-4.05,29745,-1130,-3.66,29332,30700,1399-9-2
312,ميدكو,هلدينگ صنايع  معدني خاورميانه,776,3191084,75069443722,23476,23477,23600,124,0.53,23506,30,0.13,23020,23650,1399-9-2
313,ولشرق,ليزينگ ايران و شرق,773,5688878,32855169601,5977,5700,5720,-257,-4.3,5841,-136,-2.28,5679,6000,1399-9-2
314,افق ملت,صندوق س در سهام افق ملت,771,292401,38366435600,135240,125750,132000,-3240,-2.4,131210,-4030,-2.98,125750,136000,1399-9-2
315,دالبر,البرزدارو,770,3835198,79477789010,19750,20710,20730,980,4.96,20720,970,4.91,19940,20730,1399-9-2
316,دكوثر,داروسازي‌ كوثر,767,1674002,31084329340,18810,18150,18500,-310,-1.65,18660,-150,-0.8,17870,19300,1399-9-2
317,زفكا,كشت و دامداري فكا,766,1788525,82511845070,44187,45554,46396,2209,5.0,46134,1947,4.41,44400,46396,1399-9-2
318,بخاور,بيمه زندگي خاورميانه,765,3748649,30864002665,8209,8190,8160,-49,-0.6,8224,15,0.18,7799,8540,1399-9-2
319,ثتران,سرمايه گذاري مسكن تهران,756,8452248,38452846228,4759,4700,4522,-237,-4.98,4587,-172,-3.61,4522,4700,1399-9-2
320,سدبير,س. تدبيرگران فارس وخوزستان,753,2958282,87454762644,28931,28300,30377,1446,5.0,29563,632,2.18,28000,30377,1399-9-2
321,كاذرح,ح . فرآورده‌هاي‌نسوزآذر,749,1872642,26889136900,13980,13000,14740,760,5.44,14360,380,2.72,13000,14800,1399-9-2
322,وصندوق,سرمايه‌گذاري‌صندوق‌بازنشستگي‌,744,2758566,42259542050,15630,14870,15390,-240,-1.54,15520,-110,-0.7,14850,16010,1399-9-2
323,ملت,بيمه ملت,743,2846341,35992818010,12610,12600,12800,190,1.51,12630,20,0.16,12000,13160,1399-9-2
324,اپرداز,آتيه داده پرداز,739,2979516,79905277023,28220,26809,26809,-1411,-5.0,26818,-1402,-4.97,26809,27819,1399-9-2
325,كگازح,ح . شيشه‌ و گاز,736,2128566,36965410550,18230,17940,17060,-1170,-6.42,17370,-860,-4.72,16840,18100,1399-9-2
326,گوهر,صندوق سكه طلاي كيان,734,7859096,448723888602,59809,58110,57000,-2809,-4.7,57096,-2713,-4.54,56852,58775,1399-9-2
327,سفانو,سيمان فارس نو,732,2251273,59918506100,27730,26940,26400,-1330,-4.8,26620,-1110,-4.0,26350,28500,1399-9-2
328,بنيرو,نيروترانس‌,730,817362,41006665560,51090,48540,51480,390,0.76,50310,-780,-1.53,48540,53550,1399-9-2
329,سخوز,سيمان خوزستان,730,2124603,47119585740,21880,20790,22450,570,2.61,22140,260,1.19,20790,22970,1399-9-2
330,سپ,پرداخت الكترونيك سامان كيش,728,2407963,33751983920,13740,13450,14420,680,4.95,13920,180,1.31,13130,14420,1399-9-2
331,فپنتا,سپنتا,710,124569,38620636130,322750,308000,306630,-16120,-4.99,312110,-10640,-3.3,306620,325000,1399-9-2
332,گوهران,سرمايه گذاري توسعه گوهران اميد,694,4176376,34848826022,8172,8180,8419,247,3.02,8284,112,1.37,7800,8556,1399-9-2
333,وبهمن,سرمايه‌گذاري‌بهمن‌,684,10022616,151269896860,14420,15000,15140,720,4.99,15090,670,4.65,14580,15140,1399-9-2
334,دابور,داروسازي‌ ابوريحان‌,683,792320,35598264700,45710,44080,45500,-210,-0.46,45140,-570,-1.25,43430,46450,1399-9-2
335,وگستر,گسترش سرمايه گذاري ايرانيان,671,3333529,69161092672,20255,19520,21267,1012,5.0,20747,492,2.43,19250,21267,1399-9-2
336,اتكام,شركت بيمه اتكايي امين,666,3986297,24855940742,6444,6300,6246,-198,-3.07,6334,-110,-1.71,6122,6440,1399-9-2
337,رتكو,كنترل‌خوردگي‌تكين‌كو,666,4195097,69169497080,15780,16000,16560,780,4.94,16490,710,4.5,15000,16560,1399-9-2
338,وصنا,گروه‌صنايع‌بهشهرايران‌,665,5169789,62474092810,11630,11820,12210,580,4.99,12080,450,3.87,11220,12210,1399-9-2
339,شيراز,پتروشيمي‌شيراز,659,1040449,56178241060,54290,54290,54010,-280,-0.52,54120,-170,-0.31,52000,55800,1399-9-2
340,عيار,صندوق س. پشتوانه طلاي مفيد,656,448407,13066826124,30185,29125,29072,-1113,-3.69,29141,-1044,-3.46,28900,29495,1399-9-2
341,بفجر,فجر انرژي خليج فارس,651,2084135,59404768210,29720,28340,28400,-1320,-4.44,28740,-980,-3.3,28240,29980,1399-9-2
342,وسين,بيمه سينا,651,4065970,79569441336,20394,19375,19375,-1019,-5.0,19570,-824,-4.04,19375,20500,1399-9-2
343,ثترانح,ح سرمايه گذاري مسكن تهران,650,8393058,20006862796,2482,2500,2385,-97,-3.91,2384,-98,-3.95,2358,2500,1399-9-2
344,دامين,داروسازي‌ امين‌,649,3120914,39114228430,12290,12600,12800,510,4.15,12480,190,1.55,12020,12880,1399-9-2
345,درهآور,دارويي ره آورد تامين,644,1208177,40781481484,32552,33100,34179,1627,5.0,33491,939,2.88,31520,34179,1399-9-2
346,شوينده,مديريت صنعت شوينده ت.ص.بهشهر,643,1077796,41381793280,37710,36500,38960,1250,3.31,38260,550,1.46,35830,39590,1399-9-2
347,فاما,صنعتي‌ آما,643,1332213,34473855670,26460,26460,25940,-520,-1.97,26030,-430,-1.63,25140,27000,1399-9-2
348,نطرين,عطرين نخ قم,643,3008640,42548411862,14748,14011,14011,-737,-5.0,14190,-558,-3.78,14011,14748,1399-9-2
349,اعتلا,شركت سرمايه گذاري اعتلاء البرز,631,3239383,26669394507,8634,8203,8203,-431,-4.99,8409,-225,-2.61,8203,8500,1399-9-2
350,غشهد,شهد ايران ‌,620,2760067,16309771830,6090,5990,5950,-140,-2.3,6030,-60,-0.99,5790,6100,1399-9-2
351,ركيش,كارت اعتباري ايران كيش,614,2413809,36947154830,14960,15390,15620,660,4.41,15210,250,1.67,14610,15690,1399-9-2
352,پارسيانح,ح.بيمه پارسيان,613,5518246,51448623580,9100,8400,9500,400,4.4,9320,220,2.42,8400,9780,1399-9-2
353,واعتبار,سرمايه گذاري اعتبار ايران,613,8296049,37764061690,4630,4410,4600,-30,-0.65,4570,-60,-1.3,4410,4670,1399-9-2
354,كمينا,شيشه سازي مينا,600,1269316,34073947090,27628,26250,26750,-878,-3.18,26844,-784,-2.84,26247,27584,1399-9-2
355,زر,صندوق س.پشتوانه سكه طلاي زر,599,584433,29334414980,52104,51003,49921,-2183,-4.19,50193,-1911,-3.67,49741,51197,1399-9-2
356,ما,بيمه  ما,596,4520917,31356572780,7000,6660,6860,-140,-2.0,6960,-40,-0.57,6660,7200,1399-9-2
357,غگلستا,شير پاستوريزه پگاه گلستان,596,2040793,28840134953,13713,13990,14065,352,2.57,13946,233,1.7,13030,14390,1399-9-2
358,كپشيرح,ح . پشم‌شيشه‌ايران‌,594,2081431,21287629369,10709,10080,10120,-589,-5.5,10227,-482,-4.5,9780,10700,1399-9-2
359,شپاس,نفت پاسارگاد,591,1701229,32223858472,19366,18990,18700,-666,-3.44,19082,-284,-1.47,18398,19910,1399-9-2
360,ولتجار,واسپاري تجارت وسرمايه ايرانيان,587,4484840,24962117339,5689,5519,5519,-170,-2.99,5566,-123,-2.16,5519,5749,1399-9-2
361,شپلي,پلي اكريل ايران,582,8734723,56055535754,6249,6400,6436,187,2.99,6418,169,2.7,6200,6436,1399-9-2
362,غچين,كشت‌ و صنعت‌ چين‌ چين,577,1194448,54837048260,46140,44900,44100,-2040,-4.42,45910,-230,-0.5,43860,46980,1399-9-2
363,وكار,بانك‌ كارآفرين‌,575,11322364,42360141990,3920,3850,3730,-190,-4.85,3760,-160,-4.08,3730,3850,1399-9-2
364,زنجان,صنايع كشاورزي وكود زنجان,571,4508004,31332869198,6762,6925,6964,202,2.99,6950,188,2.78,6570,6964,1399-9-2
365,شپارس,بين‌ المللي‌ محصولات‌  پارس‌,567,2450677,34290181020,14420,14690,14100,-320,-2.22,14120,-300,-2.08,13800,14700,1399-9-2
366,پكويرح,ح. كوير تاير,566,24739709,363009125770,15080,15080,15100,20,0.13,14670,-410,-2.72,14500,16590,1399-9-2
367,كرماشا,صنايع پتروشيمي كرمانشاه,565,1226646,47857926130,39510,39510,39000,-510,-1.29,39080,-430,-1.09,37550,39970,1399-9-2
368,فولاژ,فولاد آلياژي ايران,564,1359932,30888596760,23520,22350,22800,-720,-3.06,23060,-460,-1.96,22350,23500,1399-9-2
369,پارند,صندوق س. پارند پايدار سپهر,564,16299898,186050585733,11402,11410,11413,11,0.1,11414,12,0.11,11400,11438,1399-9-2
370,شجم,صنايع پتروشيمي تخت جمشيد,563,5217321,40830536810,7687,7917,7917,230,2.99,7826,139,1.81,7457,7917,1399-9-2
371,بميلا,توسعه بازرگاني آهن وفولادميلاد,556,3817234,85101503447,21327,22393,22393,1066,5.0,22294,967,4.53,21395,22393,1399-9-2
372,سهگمت,سيمان‌هگمتان‌,552,1597115,36321944960,21900,20810,22990,1090,4.98,22490,590,2.69,20810,22990,1399-9-2
373,فلات,گروه صنايع معادن فلات ايرانيان,549,3967980,58942506130,14790,15000,14996,206,1.39,14855,65,0.44,14347,15233,1399-9-2
374,زگلدشت,كشت و دام گلدشت نمونه اصفهان,539,910919,31592779240,33173,33015,34831,1658,5.0,34077,904,2.73,33015,34831,1399-9-2
375,ددام,داروسازي زاگرس فارمد پارس,535,1744455,20546600660,12330,11770,11840,-490,-3.97,12090,-240,-1.95,11720,12100,1399-9-2
376,بهپاك,صنعتي بهپاك,534,3051188,100457212859,31403,32973,32973,1570,5.0,32924,1521,4.84,31510,32973,1399-9-2
377,پخش,پخش البرز,533,1223556,42799291091,33716,34330,35401,1685,5.0,34779,1063,3.15,33520,35401,1399-9-2
378,دكپسول,توليد ژلاتين كپسول ايران,531,786261,24689616367,32482,32480,31898,-584,-1.8,31928,-554,-1.71,30858,32480,1399-9-2
379,ختراك,ريخته‌گري‌ تراكتورسازي‌ ايران‌,526,1388273,12981684940,9700,9650,9300,-400,-4.12,9600,-100,-1.03,9220,9650,1399-9-2
380,شگل,گلتاش‌,525,1673449,38975466890,23270,22350,23280,10,0.04,23290,20,0.09,22310,24000,1399-9-2
381,شراز,پالايش نفت شيراز,525,246723,22438382396,94088,91480,89650,-4438,-4.72,92629,-1459,-1.55,89384,94000,1399-9-2
382,دعبيد,لابراتوارداروسازي‌  دكترعبيدي‌,519,557398,15302235690,28150,28400,27180,-970,-3.45,27930,-220,-0.78,26910,28400,1399-9-2
383,آتيمس,صندوق س.آرمان آتيه درخشان مس-س,514,231328,46272109266,202604,190400,202990,386,0.19,200028,-2576,-1.27,190400,205670,1399-9-2
384,وتوشه,سرمايه‌ گذاري‌ پارس‌ توشه‌,507,2824497,59442610770,20210,21220,21220,1010,5.0,21050,840,4.16,19850,21220,1399-9-2
385,ضجار1016,اختيارخ وتجارت-4000-1399/10/21,499,27319,7067655000,250,260,255,5,2.0,259,9,3.6,210,290,1399-9-2
386,داوه,داروسازي آوه سينا,499,1153047,16983488063,15070,14999,14580,-490,-3.25,14952,-118,-0.78,14353,15499,1399-9-2
387,مبين,مبين انرژي خليج فارس,499,3101421,65719008700,21550,21550,21510,-40,-0.19,21310,-240,-1.11,20480,21900,1399-9-2
388,خديزل,بهمن  ديزل,498,1527005,67692054214,46227,43916,44270,-1957,-4.23,44330,-1897,-4.1,43916,46000,1399-9-2
389,كمنگنز,معادن‌منگنزايران‌,490,425493,38728504020,91950,90970,92000,50,0.05,91250,-700,-0.76,88000,94350,1399-9-2
390,شبصير,توليدات پتروشيمي قائد بصير,486,495568,47514106152,100573,95890,95620,-4953,-4.92,95905,-4668,-4.64,95545,99999,1399-9-2
391,فرآور,فرآوري‌موادمعدني‌ايران‌,481,2027305,40893732750,20630,20980,20290,-340,-1.65,20240,-390,-1.89,19600,20980,1399-9-2
392,ولملت,واسپاري ملت,480,2288700,23553938210,10330,10500,10420,90,0.87,10310,-20,-0.19,9900,10800,1399-9-2
393,كهمدا,شيشه‌ همدان‌,467,2965334,32576926540,10540,11000,11060,520,4.93,10810,270,2.56,10700,11060,1399-9-2
394,سصفها,سيمان‌اصفهان‌,466,438927,80714035040,176630,180010,185460,8830,5.0,183890,7260,4.11,180000,185460,1399-9-2
395,سغرب,سيمان‌غرب‌,459,1345749,23110465170,17470,16640,17440,-30,-0.17,17330,-140,-0.8,16600,17930,1399-9-2
396,غنوش,نوش‌ مازندران‌,458,950773,62532340210,62640,65770,65770,3130,5.0,65770,3130,5.0,65770,65770,1399-9-2
397,آساس,صندوق س.آسمان آرماني سهام-س,456,264613,42838111651,163024,161710,163600,576,0.35,161890,-1134,-0.7,153835,164538,1399-9-2
398,زماهان,مجتمع توليد گوشت مرغ ماهان,449,957827,21871885994,21883,22850,22900,1017,4.65,22271,388,1.77,22110,22977,1399-9-2
399,سخزر,سيمان‌ خزر,447,948034,21712102430,23230,23990,22950,-280,-1.21,23090,-140,-0.6,22070,23990,1399-9-2
400,شلعاب,لعابيران‌,446,1469885,10572580360,7540,7170,7270,-270,-3.58,7460,-80,-1.06,7170,7340,1399-9-2
401,ختراكح,ح . ريخته‌گري‌ تراكتورسازي‌,444,1555357,12404885120,8080,7550,8000,-80,-0.99,7980,-100,-1.24,7550,8130,1399-9-2
402,خاور,ايران خودرو ديزل,440,4938249,26666544600,5566,5400,5400,-166,-2.98,5400,-166,-2.98,5400,5400,1399-9-2
403,كفرا,فراورده‌ هاي‌ نسوزايران‌,439,689514,33787415850,51380,51380,48820,-2560,-4.98,49690,-1690,-3.29,48820,51500,1399-9-2
404,چفيبر,فيبر ايران‌,434,3346842,20712882900,6490,6180,6170,-320,-4.93,6360,-130,-2.0,6170,6470,1399-9-2
405,جم پيلن,پلي پروپيلن جم - جم پيلن,433,478815,38719040420,82920,78940,82000,-920,-1.11,81690,-1230,-1.48,78780,83200,1399-9-2
406,سجام,مجتمع سيمان غرب آسيا,432,2571849,36243051610,14099,14100,14099,0,0.0,14092,-7,-0.05,13679,14258,1399-9-2
407,ساراب,سيمان‌ داراب‌,431,1256627,13695353670,11070,11300,11000,-70,-0.63,11020,-50,-0.45,10660,11480,1399-9-2
408,سشمال,سيمان‌ شمال‌,431,3187782,24919793440,8060,8060,7800,-260,-3.23,7930,-130,-1.61,7660,8100,1399-9-2
409,كپارس,كاشي‌ پارس‌,425,416839,59061917910,149140,141690,141690,-7450,-5.0,141690,-7450,-5.0,141690,141690,1399-9-2
410,ضخود1042,اختيارخ خودرو-3000-1399/10/07,420,11385,11305734000,975,950,990,15,1.54,993,18,1.85,865,1097,1399-9-2
411,فخاس,فولاد خراسان,418,825649,24401325440,30820,29280,29290,-1530,-4.96,30490,-330,-1.07,29280,30400,1399-9-2
412,سكه0012پ01,سكه تمام بهارتحويلي 1روزه رفاه,417,120500,136820987600,1165701,1159000,1133000,-32701,-2.81,1135444,-30257,-2.6,1129000,1159000,1399-9-2
413,شفا,سرمايه گذاري شفادارو,415,601307,33150345350,55810,57100,54250,-1560,-2.8,55360,-450,-0.81,53020,57100,1399-9-2
414,اوان,مبين وان كيش,402,1042802,60850962488,59845,56853,59000,-845,-1.41,58353,-1492,-2.49,56853,59800,1399-9-2
415,خصدرا,صنعتي‌ دريايي‌ ايران‌,398,4473940,22253377560,5235,4974,4974,-261,-4.99,5124,-111,-2.12,4974,4974,1399-9-2
416,زعف0008پ11,زعفران0008نگين سحرخيز(پ),396,370918,47520950696,127279,133490,126300,-979,-0.77,128117,838,0.66,126000,133490,1399-9-2
417,خكار,ايركا پارت صنعت,388,1258436,36079360120,31850,28670,28670,-3180,-9.98,29300,-2550,-8.01,28670,28670,1399-9-2
418,وسنا,سرمايه گذاري نيروگاهي ايران,387,3290837,41921262958,13186,12527,13120,-66,-0.5,12739,-447,-3.39,12527,13180,1399-9-2
419,غمهراح,ح . توليدي‌مهرام‌,385,674670,29884818160,44540,42000,43930,-610,-1.37,44300,-240,-0.54,40090,48990,1399-9-2
420,كي بي سي,شركت كي بي سي,385,571866,15195577040,26948,27200,26980,32,0.12,26832,-116,-0.43,25730,27600,1399-9-2
421,اتكاي,بيمه اتكايي ايرانيان,383,1686977,20856599954,12417,12539,12425,8,0.06,12395,-22,-0.18,12129,12580,1399-9-2
422,سبهان,سيمان‌ بهبهان‌,381,204376,10778580140,51940,53370,53100,1160,2.23,52110,170,0.33,50020,54510,1399-9-2
423,واحصا,احياء صنايع خراسان,379,737032,17757403287,23442,24145,24145,703,3.0,23990,548,2.34,23000,24145,1399-9-2
424,خراسان,پتروشيمي خراسان,377,270236,18151294600,67610,67240,66220,-1390,-2.06,67450,-160,-0.24,64300,68500,1399-9-2
425,كپشير,پشم‌شيشه‌ايران‌,369,942110,14327231210,15950,15160,15160,-790,-4.95,15730,-220,-1.38,15160,15850,1399-9-2
426,وهنر,گروه توسعه هنر ايران,368,6667812,27218949644,4003,4052,4123,120,3.0,4082,79,1.97,3883,4123,1399-9-2
427,لابسا,آبسال‌,359,588762,18071355700,31320,29770,30360,-960,-3.07,31090,-230,-0.73,29760,31960,1399-9-2
428,تسه9906,امتياز تسهيلات مسكن شهريور99,351,7704,6200414337,805293,806000,773000,-32293,-4.01,804830,-463,-0.06,773000,845556,1399-9-2
429,سرود,سيمان‌شاهرود,347,1263050,16837745600,13480,12900,13600,120,0.89,13430,-50,-0.37,12850,13740,1399-9-2
430,كخاكح,ح . صنايع‌خاك‌چيني‌ايران‌,347,966795,36098601660,38900,35580,39500,600,1.54,37340,-1560,-4.01,35580,39500,1399-9-2
431,خفولا,خدمات فني فولاد يزد,346,1735668,49346776908,27603,28431,28431,828,3.0,28431,828,3.0,28431,28431,1399-9-2
432,داسوه,داروسازي‌ اسوه‌,339,471406,12465099080,25230,26490,26490,1260,4.99,25510,280,1.11,25800,26490,1399-9-2
433,دكيمي,كيميدارو,333,1151497,25244822780,21090,21770,22140,1050,4.98,21490,400,1.9,20310,22140,1399-9-2
434,سخاش,سيمان‌خاش‌,333,226485,18837327300,79220,83180,83180,3960,5.0,80630,1410,1.78,82470,83180,1399-9-2
435,دجابر,داروسازي‌ جابرابن‌حيان‌,333,355305,11853165150,34410,32700,33800,-610,-1.77,34150,-260,-0.76,32700,34900,1399-9-2
436,زپارس,ملي كشت و صنعت و دامپروري پارس,333,463249,30767481310,63320,66100,66480,3160,4.99,65070,1750,2.76,64080,66480,1399-9-2
437,مارون,پتروشيمي مارون,332,145445,18710614038,127630,126250,130000,2370,1.86,127818,188,0.15,123190,131000,1399-9-2
438,ديران,ايران‌دارو,329,1686598,34676454880,19590,20560,20560,970,4.95,20200,610,3.11,20560,20560,1399-9-2
439,پسهند,صنايع‌ لاستيكي‌  سهند,329,390683,15988415300,42920,40790,40780,-2140,-4.99,42220,-700,-1.63,40780,43500,1399-9-2
440,لوتوس,تامين سرمايه لوتوس پارسيان,321,1881866,27386290090,13950,13840,14640,690,4.95,14260,310,2.22,13840,14640,1399-9-2
441,دارا,صندوق س. دارا الگوريتم-د,316,8107352,81064275503,9985,10000,9999,14,0.14,9999,14,0.14,9981,10010,1399-9-2
442,ساينا,صنايع بهداشتي ساينا,311,81338,14334705827,178399,181880,178399,0,0.0,177775,-624,-0.35,169601,181900,1399-9-2
443,قپيرا,فرآورده‌هاي‌غدايي‌وقندپيرانشهر,306,153358,13559189770,88830,87000,87500,-1330,-1.5,88720,-110,-0.12,84390,93250,1399-9-2
444,غبهنوش,بهنوش‌ ايران‌,306,565491,35722066470,57430,63170,63170,5740,9.99,61040,3610,6.29,63170,63170,1399-9-2
445,مداران,داده‌پردازي‌ايران‌,303,1120946,22573216770,21170,20130,20120,-1050,-4.96,20670,-500,-2.36,20120,20680,1399-9-2
446,بالبر,كابل‌ البرز,303,889867,19416871370,22640,21530,21510,-1130,-4.99,22310,-330,-1.46,21510,22780,1399-9-2
447,هجرت,پخش هجرت,301,218057,12119715205,57427,55000,56020,-1407,-2.45,56984,-443,-0.77,54600,56820,1399-9-2
448,سباقر,سيمان باقران,297,1250535,17007843582,13583,13900,13800,217,1.6,13598,15,0.11,13304,13900,1399-9-2
449,پارسيان,بيمه پارسيان,295,3085969,36968984870,11590,11590,12160,570,4.92,11870,280,2.42,11050,12160,1399-9-2
450,حخزر,كشتيراني درياي خزر,285,2069236,48525576129,22366,23400,23484,1118,5.0,23324,958,4.28,22485,23484,1399-9-2
451,وسلرستا,شركت س استان لرستان,284,8359963,7355747430,900,900,880,-20,-2.22,900,0,0.0,870,900,1399-9-2
452,تسه9902,امتياز تسهيلات مسكن ارديبهشت99,283,4879,3861905197,799037,820000,776111,-22926,-2.87,791536,-7501,-0.94,765009,820000,1399-9-2
453,سكرما,سيمان‌ كرمان‌,276,732909,10081213150,13620,13900,14000,380,2.79,13650,30,0.22,13180,14280,1399-9-2
454,كساپا,سايپاشيشه‌,274,1226448,30967812000,24050,25250,25250,1200,4.99,24740,690,2.87,25250,25250,1399-9-2
455,وتعاون,بيمه  تعاون,271,5271756,32628885774,6091,6000,6273,182,2.99,6189,98,1.61,5909,6273,1399-9-2
456,آكورد,صندوق س. آرمان آتي كوثر-د,266,6072488,178848907372,29435,29452,29453,18,0.06,29452,17,0.06,29450,29462,1399-9-2
457,سكه9912پ04,سكه تمام بهارتحويل1روزه صادرات,265,69800,79104059900,1164751,1145000,1130500,-34251,-2.94,1133296,-31455,-2.7,1125000,1154985,1399-9-2
458,سصوفي,سيمان‌ صوفيان‌,264,1411691,18916659400,12770,13400,13400,630,4.93,12990,220,1.72,13400,13400,1399-9-2
459,بايكا,كارخانجات كابلسازي ‌ايران‌,264,462165,19455760005,40093,42097,42097,2004,5.0,41898,1805,4.5,42097,42097,1399-9-2
460,كپرور,فرآوري زغال سنگ پروده طبس,263,391723,16282002373,42178,41940,42110,-68,-0.16,41975,-203,-0.48,40090,42397,1399-9-2
461,دلر,داروسازي‌ اكسير,259,199895,20059213460,100410,96040,101000,590,0.59,100390,-20,-0.02,96030,104500,1399-9-2
462,لپارس,پارس‌ الكتريك‌,255,102507,13309508880,136670,129840,129840,-6830,-5.0,134700,-1970,-1.44,129840,129840,1399-9-2
463,ضخود1043,اختيارخ خودرو-3500-1399/10/07,255,8849,6044514000,713,700,670,-43,-6.03,683,-30,-4.21,530,750,1399-9-2
464,مفاخر,توسعه فناوري اطلاعات خوارزمي,251,299099,11310266578,39301,38000,37990,-1311,-3.34,38942,-359,-0.91,37340,38290,1399-9-2
465,تسه9904,امتياز تسهيلات مسكن تير99,251,2082,1642834417,807979,768555,768002,-39977,-4.95,789065,-18914,-2.34,768002,800000,1399-9-2
466,ضخود1048,اختيارخ خودرو-7000-1399/10/07,247,12374,490133000,45,37,37,-8,-17.78,40,-5,-11.11,30,48,1399-9-2
467,تسه9905,امتياز تسهيلات مسكن مرداد99,247,2283,1803734413,803105,774405,789999,-13106,-1.63,790072,-13033,-1.62,767115,800000,1399-9-2
468,دپارس,پارس‌ دارو,247,461322,50576900110,114320,108610,113580,-740,-0.65,109630,-4690,-4.1,108610,115500,1399-9-2
469,ضصاد1102,اختيارخ وبصادر-3500-1399/11/12,244,6521,2945053000,435,370,446,11,2.53,452,17,3.91,370,599,1399-9-2
470,قشهد,شهد,240,430712,12567135400,29110,28000,29110,0,0.0,29130,20,0.07,27660,30500,1399-9-2
471,سيدكو,سرمايه گذاري توسعه صنايع سيمان,235,2834907,20779868310,6990,7330,7330,340,4.86,7120,130,1.86,7330,7330,1399-9-2
472,كخاك,صنايع‌خاك‌چيني‌ايران‌,232,242527,10514793980,43460,45550,43130,-330,-0.76,43440,-20,-0.05,42000,45550,1399-9-2
473,پرداخت,به پرداخت ملت,232,192119,8082868300,42490,41800,42990,500,1.18,42420,-70,-0.16,40570,43490,1399-9-2
474,دسبحان,سبحان دارو,229,856887,16409386050,18240,19150,19150,910,4.99,18520,280,1.54,19150,19150,1399-9-2
475,شكبير,پتروشيمي اميركبير,228,1222561,65974960055,55395,53734,54150,-1245,-2.25,54181,-1214,-2.19,53734,57000,1399-9-2
476,سامان,بانك سامان,225,4263345,40258766835,9168,9443,9443,275,3.0,9423,255,2.78,9443,9443,1399-9-2
477,ضپاس1002,اختيارخ وپارس-3000-1399/10/30,224,8073,6393825000,718,740,840,122,16.99,792,74,10.31,586,850,1399-9-2
478,ضجار1014,اختيارخ وتجارت-3000-1399/10/21,215,7934,6118190000,589,570,810,221,37.52,771,182,30.9,534,850,1399-9-2
479,دارو,كارخانجات‌داروپخش‌,206,204880,10864762760,52120,52100,53700,1580,3.03,52310,190,0.36,50010,53700,1399-9-2
480,ثجوان,تامين مسكن جوانان,204,1417319,8803899572,6476,6153,6155,-321,-4.96,6353,-123,-1.9,6153,6397,1399-9-2
481,وسيستا,شركت س استان سيستان وبلوچستان,203,3226553,3010877110,900,940,940,40,4.44,900,0,0.0,870,940,1399-9-2
482,غاذر,كشت‌وصنعت‌پياذر,202,362471,25101116750,76940,69250,69250,-7690,-9.99,72640,-4300,-5.59,69250,69250,1399-9-2
483,تسه9903,امتياز تسهيلات مسكن خرداد99,200,1815,1436410871,802252,770666,799000,-3252,-0.41,791411,-10841,-1.35,763000,829000,1399-9-2
484,وملي,گروه‌ صنعتي‌ ملي‌ (هلدينگ‌,198,108046,36999272240,360460,342440,342440,-18020,-5.0,346270,-14190,-3.94,342440,342440,1399-9-2
485,سيستم,همكاران سيستم,197,714716,20494268300,29020,28500,29090,70,0.24,28880,-140,-0.48,27570,29690,1399-9-2
486,سقاين,سيمان‌ قائن‌,192,290672,11435353580,39380,40000,39990,610,1.55,39370,-10,-0.03,38300,41160,1399-9-2
487,شاملا,معدني‌ املاح‌  ايران‌,192,328496,19801478380,63170,60600,60410,-2760,-4.37,61960,-1210,-1.92,60020,62000,1399-9-2
488,قهكمت,قندهكمتان‌,191,194960,9072346560,44980,47170,46220,1240,2.76,45240,260,0.58,43150,47200,1399-9-2
489,كسرام,پارس‌ سرام‌,190,2345074,16626574660,6760,7090,7090,330,4.88,6860,100,1.48,7090,7090,1399-9-2
490,گوهر2,صندوق سكه طلاي كيان,190,1900000,1900000,59809,1,1,-59808,-100.0,1,-59808,-100.0,1,1,1399-9-2
491,كيان2,صندوق س. با درآمد ثابت كيان,190,19000000,19000000,25984,1,1,-25983,-100.0,1,-25983,-100.0,1,1,1399-9-2
492,تسه9810,امتياز تسهيلات مسكن دي98,189,4117,3231521081,796350,785111,760000,-36350,-4.56,784921,-11429,-1.44,756533,818999,1399-9-2
493,سهرمز,سيمان‌هرمزگان‌,189,796755,12837866560,15750,15970,15940,190,1.21,15840,90,0.57,15500,16500,1399-9-2
494,خلنت,لنت‌ ترمزايران‌,189,137881,10871348830,82800,78660,78660,-4140,-5.0,81880,-920,-1.11,78660,82190,1399-9-2
495,ضجار1015,اختيارخ وتجارت-3500-1399/10/21,184,7615,3472567000,392,330,510,118,30.1,456,64,16.33,330,549,1399-9-2
496,تسه9709,امتياز تسهيلات مسكن آذر97,176,5518,4185135392,766837,733100,730020,-36817,-4.8,758451,-8386,-1.09,728496,799828,1399-9-2
497,وسكرد,شركت س استان كردستان,176,6388738,5586499960,900,880,890,-10,-1.11,900,0,0.0,860,910,1399-9-2
498,وثخوز,سرمايه گذاري و توسعه خوزستان,176,442150,14946211572,32828,31861,33812,984,3.0,33525,697,2.12,31861,33812,1399-9-2
499,وتوكا,سرمايه‌گذاري‌توكافولاد(هلدينگ,176,1487306,14709456340,9420,9890,9890,470,4.99,9550,130,1.38,9890,9890,1399-9-2
500,ضسپا1103,اختيارخ خساپا-2500-1399/11/26,173,6079,4768976000,727,501,760,33,4.54,785,58,7.98,500,839,1399-9-2
501,سپاس,صندوق س. پاداش سهامداري توسعه1,171,5715477,57731135960,10089,10093,10101,12,0.12,10101,12,0.12,10093,10102,1399-9-2
502,وسرمد,بيمه  سرمد,169,2738241,16155713825,5751,5785,5923,172,2.99,5866,115,2.0,5670,5923,1399-9-2
503,فلامي,لاميران‌,168,269061,9831488940,34800,36540,36540,1740,5.0,35120,320,0.92,36540,36540,1399-9-2
504,سيلام,سيمان‌ ايلام‌,168,1017550,9687076000,10570,9520,9520,-1050,-9.93,10340,-230,-2.18,9520,9520,1399-9-2
505,بمپنا,توليد برق عسلويه  مپنا,167,211930,18136165562,89939,85520,86700,-3239,-3.6,88274,-1665,-1.85,85443,88750,1399-9-2
506,كگهر,سنگ آهن گهرزمين,166,310048,13318111840,40910,42955,42955,2045,5.0,41125,215,0.53,42955,42955,1399-9-2
507,دسينا,داروسازي‌ سينا,166,525882,13005211410,25040,24400,25330,290,1.16,24960,-80,-0.32,24120,25350,1399-9-2
508,آبين,كشت و صنعت آبشيرين,165,4661293,15205137766,3167,3262,3262,95,3.0,3235,68,2.15,3262,3262,1399-9-2
509,سفار,سيمان‌فارس‌,165,92447,7588696510,86320,82010,82010,-4310,-4.99,85630,-690,-0.8,82010,84000,1399-9-2
510,سبجنو,سيمان‌ بجنورد,165,153243,4537214790,30620,29600,29800,-820,-2.68,30530,-90,-0.29,29200,30260,1399-9-2
511,وسهمدا,شركت س استان همدان,160,3192775,2951358740,900,930,920,20,2.22,900,0,0.0,870,940,1399-9-2
512,ثباغ,شهر سازي و خانه سازي باغميشه,156,674742,16697840274,26049,24747,24747,-1302,-5.0,25573,-476,-1.83,24747,24747,1399-9-2
513,وپخش,داروپخش‌ (هلدينگ‌,154,132842,15831246090,119730,121840,120460,730,0.61,119560,-170,-0.14,114540,122000,1399-9-2
514,الماس,صندوق س.امين تدبيرگران فردا-س,153,37121,4123518489,114255,114268,111311,-2944,-2.58,111083,-3172,-2.78,105274,114986,1399-9-2
515,تسه9901,امتياز تسهيلات مسكن فروردين99,152,1995,1586035707,795723,800000,800000,4277,0.54,795005,-718,-0.09,772222,810000,1399-9-2
516,گكيش,توريستي ورفاهي آبادگران كيش,147,262490,16159934360,64804,61564,61564,-3240,-5.0,62029,-2775,-4.28,61564,61564,1399-9-2
517,ولراز,ليزينگ رازي,147,312198,9071929826,28213,29059,29059,846,3.0,28579,366,1.3,29048,29059,1399-9-2
518,تشتاد,صنايع توليدي اشتاد ايران‌,145,226480,3371287948,15310,14851,14851,-459,-3.0,15236,-74,-0.48,14851,15486,1399-9-2
519,صايند,صندوق س. گنجينه آينده روشن-د,144,2875470,28823709550,9999,10000,10030,31,0.31,10024,25,0.25,9990,10030,1399-9-2
520,فولاي,صنايع فولاد آلياژي يزد,143,151578,5263697628,36553,34726,34726,-1827,-5.0,36269,-284,-0.78,34726,34726,1399-9-2
521,خشرق,الكتريك‌ خودرو شرق‌,143,468067,7381416590,16590,15770,15770,-820,-4.94,16460,-130,-0.78,15770,15770,1399-9-2
522,ثعتما,س. ساختماني اعتماد گستر,140,291728,10400978384,34615,35653,35653,1038,3.0,35129,514,1.48,35653,35653,1399-9-2
523,ثاصفا,شركت‌ ساختمان‌ اصفهان‌,137,548140,15925659560,28208,29054,29054,846,3.0,28834,626,2.22,29054,29054,1399-9-2
524,زعف0008پ10,زعفران0008نگين طلاي سرخ(پ),134,125682,16780307787,127327,133693,127510,183,0.14,133514,6187,4.86,127230,133693,1399-9-2
525,تسه9710,امتياز تسهيلات مسكن دي 97,131,2419,1848012652,785600,756100,761022,-24578,-3.13,763957,-21643,-2.75,751100,789998,1399-9-2
526,تسه9812,امتياز تسهيلات مسكن اسفند98,130,873,691895271,796639,785001,780000,-16639,-2.09,792549,-4090,-0.51,756808,836470,1399-9-2
527,لپيام,گسترش صنايع پيام,128,722647,18353788506,26734,25398,25398,-1336,-5.0,25406,-1328,-4.97,25398,25398,1399-9-2
528,تسه9908,امتياز تسهيلات مسكن آبان99,127,4619,3560954430,809741,780000,769254,-40487,-5.0,770936,-38805,-4.79,769254,780000,1399-9-2
529,وسناح,ح. سرمايه گذاري نيروگاهي ايران,127,824707,8238926001,10292,9984,10196,-96,-0.93,9990,-302,-2.93,9984,10199,1399-9-2
530,گپارس,امور رفاهي كارگزاران پارس,127,65041,8418014247,130091,126199,130500,409,0.31,129803,-288,-0.22,126189,132200,1399-9-2
531,تسه9712,امتياز تسهيلات مسكن اسفند97,126,2545,1984828917,792049,757100,770000,-22049,-2.78,779893,-12156,-1.53,757011,799579,1399-9-2
532,اخزا815,اسنادخزانه-م15بودجه98-010406,126,142630,105137019300,736592,734777,736960,368,0.05,737131,539,0.07,734149,739986,1399-9-2
533,كاسپين,داروسازي كاسپين تامين,125,218134,5207037875,24616,23386,24060,-556,-2.26,24537,-79,-0.32,23386,25000,1399-9-2
534,زكشت,كشاورزي مكانيزه اصفهان كشت,124,583697,17255250714,28155,29562,29562,1407,5.0,28605,450,1.6,29562,29562,1399-9-2
535,دفرا,فرآورده‌هاي‌ تزريقي‌ ايران‌,122,181885,4007840930,22910,22750,22400,-510,-2.23,22840,-70,-0.31,21770,22750,1399-9-2
536,شزنگ,تجهيزنيروي‌زنگان‌,120,115420,15874866800,133534,137540,137540,4006,3.0,136476,2942,2.2,137540,137540,1399-9-2
537,غگلپا,شير پاستوريزه پگاه گلپايگان,117,263231,18600692153,74382,70663,70663,-3719,-5.0,72924,-1458,-1.96,70663,70663,1399-9-2
538,آساميد,صندوق س.مشترك آسمان اميد -د,117,4891719,54007978535,11022,11030,11040,18,0.16,11041,19,0.17,11030,11042,1399-9-2
539,تسه9711,امتياز تسهيلات مسكن بهمن 97,116,1656,1281721117,789383,763010,752000,-37383,-4.74,773986,-15397,-1.95,751010,794910,1399-9-2
540,وآفري,بيمه كارآفرين,116,1071148,15073330422,14081,14020,14190,109,0.77,14074,-7,-0.05,13751,14239,1399-9-2
541,آ س پ,آ.س.پ,113,638904,7167863976,11809,11219,11219,-590,-5.0,11717,-92,-0.78,11219,11219,1399-9-2
542,خنصير,مهندسي‌نصيرماشين‌,113,192191,8406434340,48590,43740,43740,-4850,-9.98,47680,-910,-1.87,43740,43740,1399-9-2
543,وسگيلا,شركت س استان گيلان,113,2648846,2329850640,900,870,890,-10,-1.11,900,0,0.0,870,900,1399-9-2
544,ضغدر1119,اختيارخ وغدير-10000-1399/11/26,110,1395,5205753000,3747,3494,3852,105,2.8,3732,-15,-0.4,3100,4300,1399-9-2
545,وساغربي,شركت س استان آذربايجان غربي,108,1802282,1589301220,900,860,900,0,0.0,900,0,0.0,860,940,1399-9-2
546,بذر,صندوق س بذر اميد آفرين-سهام,108,50862,5408465670,108490,106340,108400,-90,-0.08,106340,-2150,-1.98,103890,108490,1399-9-2
547,سكه0011پ02,سكه تمام بهارتحويلي 1روزه ملت,108,31400,35577426600,1165170,1157999,1130200,-34970,-3.0,1133039,-32131,-2.76,1128000,1157999,1399-9-2
548,ضخود1045,اختيارخ خودرو-4500-1399/10/07,107,4226,1109676000,274,273,264,-10,-3.65,263,-11,-4.01,229,293,1399-9-2
549,تسه9811,امتياز تسهيلات مسكن بهمن98,105,654,512525331,787021,760500,780000,-7021,-0.89,783678,-3343,-0.42,755000,820000,1399-9-2
550,قشكر,شكرشاهرود,103,700996,27261734440,37040,38890,38890,1850,4.99,37980,940,2.54,38890,38890,1399-9-2
551,وثنو,سرمايه گذاري ساختماني نوين,103,829701,10316502234,12818,12434,12434,-384,-3.0,12608,-210,-1.64,12434,12434,1399-9-2
552,سلار,شركت سيمان لارستان,103,268603,7533776944,27232,28048,28048,816,3.0,27531,299,1.1,28048,28048,1399-9-2
553,سكه0112پ03,سكه تمام بهارتحويلي1روزه سامان,102,36000,40716120600,1167623,1140000,1130000,-37623,-3.22,1131003,-36620,-3.14,1128000,1149999,1399-9-2
554,ضپاس1001,اختيارخ وپارس-2500-1399/10/30,101,2071,2303569000,1118,1086,1210,92,8.23,1112,-6,-0.54,947,1250,1399-9-2
555,تسه9803,امتياز تسهيلات مسكن خرداد98,100,1058,824099544,807535,767600,769500,-38035,-4.71,778922,-28613,-3.54,767161,790000,1399-9-2
556,ضخود1041,اختيارخ خودرو-2500-1399/10/07,98,1772,2406998000,1206,1192,1499,293,24.3,1358,152,12.6,1000,1529,1399-9-2
557,ضملي1152,اختيارخ فملي-18252-1399/11/05,98,2730,2205947000,803,134,820,17,2.12,808,5,0.62,134,998,1399-9-2
558,سمتاز,سيمان ممتازان كرمان,97,161565,3462397268,22064,21403,21403,-661,-3.0,21950,-114,-0.52,21403,21990,1399-9-2
559,وبرق,س.کارکنان صنعت برق زنجان وقزوي,97,60617,10081092036,161465,166308,166308,4843,3.0,163809,2344,1.45,166308,166308,1399-9-2
560,تكشا,گسترش‌صنايع‌وخدمات‌كشاورزي‌,94,139801,9944045130,67750,71130,71130,3380,4.99,68380,630,0.93,71130,71130,1399-9-2
561,ضپاس1003,اختيارخ وپارس-3500-1399/10/30,92,3409,1800274000,496,502,575,79,15.93,528,32,6.45,440,600,1399-9-2
562,بموتو,موتوژن‌,89,226002,10009628580,42190,44290,44290,2100,4.98,42580,390,0.92,44290,44290,1399-9-2
563,شرنگي,شيميايي رنگين,89,63479,6552238901,100213,103219,103219,3006,3.0,101151,938,0.94,103219,103219,1399-9-2
564,زعف0008پ05,زعفران0008نگين زرين(پ),88,63093,8078431045,127254,130000,126626,-628,-0.49,128040,786,0.62,126626,130000,1399-9-2
565,غمهرا,توليدي‌مهرام‌,88,80578,3755744300,48260,47970,47280,-980,-2.03,48130,-130,-0.27,45850,47970,1399-9-2
566,چافست,افست‌,87,141838,3133201420,23250,22090,22090,-1160,-4.99,23170,-80,-0.34,22090,22090,1399-9-2
567,ضصاد1101,اختيارخ وبصادر-3000-1399/11/12,87,1255,814336000,657,600,719,62,9.44,649,-8,-1.22,502,770,1399-9-2
568,اخزا809,اسنادخزانه-م9بودجه98-000923,85,165113,136973438522,829608,825505,832990,3382,0.41,829574,-34,0.0,825505,832990,1399-9-2
569,كفپارس,فرآورده‌هاي‌ نسوز پارس‌,85,200114,1746995220,9180,8730,8730,-450,-4.9,9160,-20,-0.22,8730,8730,1399-9-2
570,ضملي1148,اختيارخ فملي-10140-1399/11/05,84,464,3646567000,8242,8800,8600,358,4.34,7859,-383,-4.65,6000,8800,1399-9-2
571,سخند,صندوق س.سپهرخبرگان نفت-د,82,2540100,25555648470,10029,10034,10070,41,0.41,10061,32,0.32,10034,10094,1399-9-2
572,اخزا811,اسنادخزانه-م11بودجه98-001013,80,329840,271896356139,822532,800101,823602,1070,0.13,824328,1796,0.22,800101,828000,1399-9-2
573,سكارون,سيمان كارون,79,131590,16601131220,122484,126158,126158,3674,3.0,125367,2883,2.35,126158,126158,1399-9-2
574,اخزا808,اسنادخزانه-م8بودجه98-000817,78,103007,87756925690,846962,845500,854001,7039,0.83,851951,4989,0.59,845500,855000,1399-9-2
575,فنفت,صنايع تجهيزات نفت,77,637843,8344262126,13486,13082,13082,-404,-3.0,13311,-175,-1.3,13082,13082,1399-9-2
576,تسه9808,امتياز تسهيلات مسكن آبان98,76,1065,835426010,792389,761200,800000,7611,0.96,784438,-7951,-1.0,761200,800000,1399-9-2
577,صنوين,صندوق سرمايه‌گذاري صنوين-مختلط,75,25584,2652603400,103030,103000,104350,1320,1.28,103680,650,0.63,103000,104500,1399-9-2
578,هترول911,اختيارف ت پترول-14730-99/11/15,75,500000,296500000,376,593,593,217,57.71,593,217,57.71,593,593,1399-9-2
579,اوصتا,صندوق انديشه ورزان صباتامين -د,74,5162250,88427224020,17061,17075,17125,64,0.38,17130,69,0.4,17075,17160,1399-9-2
580,تسه9801,امتياز تسهيلات مسكن فروردين98,74,1077,843274647,784160,823368,820000,35840,4.57,782985,-1175,-0.15,745600,823368,1399-9-2
581,شساخت,مهندسي و ساختمان صنايع نفت,74,1047756,38516558316,37897,36761,36761,-1136,-3.0,36761,-1136,-3.0,36761,36761,1399-9-2
582,چكاوه,صنايع‌كاغذسازي‌كاوه‌,72,126849,3518791260,29190,27740,27740,-1450,-4.97,29080,-110,-0.38,27740,27740,1399-9-2
583,ثاباد,توريستي ورفاهي آبادگران ايران,71,238094,6878535660,32100,28890,28890,-3210,-10.0,31610,-490,-1.53,28890,28890,1399-9-2
584,تسه9809,امتياز تسهيلات مسكن آذر98,68,631,491152664,806350,767639,788800,-17550,-2.18,778372,-27978,-3.47,767639,794000,1399-9-2
585,اخزا818,اسنادخزانه-م18بودجه98-010614,67,50547,35865022132,708629,708700,709900,1271,0.18,709538,909,0.13,707015,710899,1399-9-2
586,حاريا,كشتيراني آريا,66,512626,15269078036,31353,29786,29786,-1567,-5.0,30093,-1260,-4.02,29786,29786,1399-9-2
587,سپر,صندوق س سپر سرمايه بيدار- ثابت,66,287076,2972710378,10355,10358,10355,0,0.0,10355,0,0.0,10348,10360,1399-9-2
588,اخزا817,اسنادخزانه-م17بودجه98-010512,64,52262,37696390398,720416,723700,720100,-316,-0.04,721296,880,0.12,719120,723700,1399-9-2
589,ضصاد1100,اختيارخ وبصادر-2500-1399/11/12,62,645,651372000,985,932,1014,29,2.94,1010,25,2.54,800,1128,1399-9-2
590,شتولي,تولي‌پرس‌,62,268136,6159888328,22523,22973,22973,450,2.0,22798,275,1.22,22973,22973,1399-9-2
591,دمعيار,صندوق س. توازن معيار-د,62,1649892,16505714365,10000,10005,10003,3,0.03,10004,4,0.04,9980,10009,1399-9-2
592,تملتح,ح . تامين سرمايه بانك ملت,61,2372079,18976632000,8000,8000,8000,0,0.0,8000,0,0.0,8000,8000,1399-9-2
593,سنوين,سرمايه گذاري اقتصاد نوين,61,406545,3611627277,8771,8867,8900,129,1.47,8811,40,0.46,8857,8946,1399-9-2
594,ضخود1046,اختيارخ خودرو-5000-1399/10/07,61,1891,344911000,198,112,175,-23,-11.62,182,-16,-8.08,112,230,1399-9-2
595,ضخود1040,اختيارخ خودرو-2000-1399/10/07,60,640,1237863000,1993,1800,1956,-37,-1.86,1934,-59,-2.96,1701,2002,1399-9-2
596,شفارا,پتروشيمي فارابي,58,932738,4628245956,5223,4962,4962,-261,-5.0,5159,-64,-1.23,4962,4962,1399-9-2
597,كابگن,توليدي و صنعتي آبگينه‌,57,188947,928809715,4877,4925,4925,48,0.98,4884,7,0.14,4829,4925,1399-9-2
598,فيروزا,صندوق بادرآمد ثابت فيروزه آسيا,56,168327,3568554298,21194,21200,21229,35,0.17,21200,6,0.03,21150,21239,1399-9-2
599,افران,صندوق س افرا نماد پايدار-ثابت,55,284628,3434316093,12077,12083,12075,-2,-0.02,12066,-11,-0.09,12060,12083,1399-9-2
600,ارمغان,ص سرمايه گذاري ارمغان ايرانيان,55,1200867,12155256008,10127,10122,10129,2,0.02,10122,-5,-0.05,10118,10131,1399-9-2
601,تصميم,صندوق س با درآمد ثابت تصميم,55,602301,9005136092,14939,14970,14960,21,0.14,14951,12,0.08,14920,14970,1399-9-2
602,كاذر,فرآورده‌هاي‌نسوزآذر,54,562053,10156297710,19020,18070,18070,-950,-4.99,18810,-210,-1.1,18070,18070,1399-9-2
603,اخزا812,اسنادخزانه-م12بودجه98-001111,53,46304,37520268886,806023,800011,813500,7477,0.93,810303,4280,0.53,800011,813500,1399-9-2
604,تسه9802,امتياز تسهيلات مسكن ارديبهشت98,52,384,301218000,794018,792000,785000,-9018,-1.14,784422,-9596,-1.21,754400,792000,1399-9-2
605,اخزا901,اسنادخزانه-م1بودجه99-010621,52,31233,21977595411,675000,708717,706200,31200,4.62,703666,28666,4.25,700000,708717,1399-9-2
606,سدشت,صنايع سيمان دشتستان,52,22421,847514580,38080,36250,37410,-670,-1.76,38080,0,0.0,36250,38500,1399-9-2
607,دقاضي,داروسازي شهيد قاضي,52,20714,1739245988,86530,83950,83935,-2595,-3.0,86300,-230,-0.27,83935,85000,1399-9-2
608,ولانا,شركت ليزينگ آريا دانا,51,242889,4655939241,19761,19169,19169,-592,-3.0,19615,-146,-0.74,19169,19169,1399-9-2
609,فاهواز,نورد و لوله اهواز,50,120828,2297544420,19807,19015,19015,-792,-4.0,19765,-42,-0.21,19015,19015,1399-9-2
610,ضچاد1014,اختيارخ كچاد-14000-1399/10/02,49,280,2001858000,5828,6866,7300,1472,25.26,7149,1321,22.67,6696,7500,1399-9-2
611,ضترا1118,اختيارخ شتران-12000-1399/11/14,48,1026,3605435000,3368,3299,3700,332,9.86,3514,146,4.33,3299,3800,1399-9-2
612,اخزا816,اسنادخزانه-م16بودجه98-010503,46,82817,60222060540,724994,725003,728010,3016,0.42,727170,2176,0.3,725001,730000,1399-9-2
613,تسه9807,امتياز تسهيلات مسكن مهر98,46,515,400645654,798729,758990,777777,-20952,-2.62,777953,-20776,-2.6,758990,799990,1399-9-2
614,كيا,كيا الكترود شرق,45,2226364,12505486588,5350,5617,5617,267,4.99,5617,267,4.99,5617,5617,1399-9-2
615,اخزا814,اسنادخزانه-م14بودجه98-010318,45,62734,47457189415,750971,750000,752000,1029,0.14,756483,5512,0.73,745212,768998,1399-9-2
616,وارس,سرمايه گذاري ارس صبا,43,124475,10172221475,77830,81721,81721,3891,5.0,79706,1876,2.41,81721,81721,1399-9-2
617,لكما,كارخانجات‌مخابراتي‌ايران‌,43,149617,1500508893,10556,10029,10029,-527,-4.99,10514,-42,-0.4,10029,10029,1399-9-2
618,اخزا806,اسنادخزانه-م6بودجه98-000519,42,130299,115255282201,881153,878500,883502,2349,0.27,884545,3392,0.38,873101,887000,1399-9-2
619,پارتا,مجتمع‌صنعتي‌آرتاويل‌تاير,42,98512,5941357232,62176,60311,60311,-1865,-3.0,61794,-382,-0.61,60311,60311,1399-9-2
620,ضچاد1015,اختيارخ كچاد-16000-1399/10/02,41,443,2239070000,4213,4999,5210,997,23.66,5054,841,19.96,4500,5650,1399-9-2
621,وسيلام,شركت س استان ايلام,41,773101,865873120,1240,1120,1120,-120,-9.68,1240,0,0.0,1120,1120,1399-9-2
622,زنگان,صنعت روي زنگان,38,21298,2042009644,100924,95878,95878,-5046,-5.0,100702,-222,-0.22,95878,95878,1399-9-2
623,اخزا813,اسنادخزانه-م13بودجه98-010219,38,49366,37745118780,761764,761800,764514,2750,0.36,764597,2833,0.37,760002,771000,1399-9-2
624,ساروج,بين المللي ساروج بوشهر,36,77278,1385012046,18471,17917,17917,-554,-3.0,18432,-39,-0.21,17917,18000,1399-9-2
625,اخزا902,اسنادخزانه-م2بودجه99-011019,35,47795,31835921427,659375,664899,667479,8104,1.23,666093,6718,1.02,661400,667896,1399-9-2
626,بزاگرس,نيروگاه زاگرس كوثر,35,42706,573157226,14127,13421,13421,-706,-5.0,14118,-9,-0.06,13421,13421,1399-9-2
627,وملت,سرمايه گذاري ملت,35,277146,1257411402,4629,4537,4537,-92,-1.99,4617,-12,-0.26,4537,4537,1399-9-2
628,تسه9806,امتياز تسهيلات مسكن شهريور98,35,364,289198731,799015,760000,775000,-24015,-3.01,794502,-4513,-0.56,760000,838000,1399-9-2
629,ضچاد1016,اختيارخ كچاد-18000-1399/10/02,34,429,1615100000,3046,3550,4000,954,31.32,3765,719,23.6,3550,4100,1399-9-2
630,كايتاح,ح.ايتالران‌,33,187096,2519820750,13098,13490,13490,392,2.99,13468,370,2.82,13020,13490,1399-9-2
631,هفارس912,اختيارف ت فارس-14576-99/12/13,33,536360,451615120,804,842,842,38,4.73,842,38,4.73,842,842,1399-9-2
632,اخزا904,اسنادخزانه-م4بودجه99-011215,32,34268,22050362456,641816,642000,645999,4183,0.65,643468,1652,0.26,641505,645999,1399-9-2
633,كشم0001پ01,كشمش سبز0001خليل آباد(پ),32,506,205279210,410034,390000,417499,7465,1.82,405690,-4344,-1.06,389533,430535,1399-9-2
634,ضچاد1017,اختيارخ كچاد-20000-1399/10/02,32,413,1131336000,2125,2786,2790,665,31.29,2739,614,28.89,2600,2888,1399-9-2
635,كهرام,توليدي گرانيت بهسرام,31,71412,4588863708,62388,64259,64259,1871,3.0,62800,412,0.66,64259,64259,1399-9-2
636,اخزا810,اسنادخزانه-م10بودجه98-001006,31,48789,40418798277,826329,835000,827110,781,0.09,828441,2112,0.26,825000,835000,1399-9-2
637,ضملي1149,اختيارخ فملي-12168-1399/11/05,31,201,1069858000,5112,4300,5200,88,1.72,5323,211,4.13,4100,6400,1399-9-2
638,دشيري,شيرين دارو,31,43998,6728218158,157650,152921,152921,-4729,-3.0,155925,-1725,-1.09,152921,152921,1399-9-2
639,ثنور,سرمايه گذاري كوه نور,31,191203,1360791751,7337,7117,7117,-220,-3.0,7322,-15,-0.2,7117,7117,1399-9-2
640,آكورد2,صندوق س. آرمان آتي كوثر-د,30,3000000,3000000,29435,1,1,-29434,-100.0,1,-29434,-100.0,1,1,1399-9-2
641,ضشنا1035,اختيارخ شپنا-14000-1399/10/23,30,197,1056422000,5330,5000,5200,-130,-2.44,5363,33,0.62,4900,5840,1399-9-2
642,ضشنا1036,اختيارخ شپنا-16000-1399/10/23,29,201,819734000,3839,3900,3900,61,1.59,4078,239,6.23,3900,4400,1399-9-2
643,اخزا704,اسنادخزانه-م4بودجه97-991022,29,15500,15115615228,976109,976115,975500,-609,-0.06,975201,-908,-0.09,975001,978000,1399-9-2
644,آسام,صندوق س.آرمان سپهر آشنا-م,28,14430,1430328640,100950,97001,99680,-1270,-1.26,99122,-1828,-1.81,97001,100700,1399-9-2
645,كصدف,كاشي صدف سرام استقلال آباده,27,67894,1304990574,18662,19221,19221,559,3.0,18697,35,0.19,19221,19221,1399-9-2
646,نمرينو,ايران‌ مرينوس‌,27,25549,1362783660,56140,53340,53340,-2800,-4.99,56060,-80,-0.14,53340,53340,1399-9-2
647,ضفار1125,اختيارخ فارس-17826-1399/11/07,27,320,338648000,516,510,502,-14,-2.71,529,13,2.52,499,570,1399-9-2
648,ثروتم,صندوق س. ثروت آفرين پارسيان-س,27,8150,751543480,92818,92000,92150,-668,-0.72,92214,-604,-0.65,92000,93450,1399-9-2
649,اخزا903,اسنادخزانه-م3بودجه99-011110,26,31539,20655182251,654514,656989,656499,1985,0.3,654909,395,0.06,652001,657000,1399-9-2
650,تسه9805,امتياز تسهيلات مسكن مرداد98,26,178,135898077,789025,756666,770000,-19025,-2.41,763472,-25553,-3.24,750200,790000,1399-9-2
651,غدشت,دشت‌ مرغاب‌,26,9154,2304427960,264980,251740,251740,-13240,-5.0,264320,-660,-0.25,251740,251740,1399-9-2
652,وايرا,سرمايه گذاري صنايع ايران,25,901442,7628002204,8907,8462,8462,-445,-5.0,8727,-180,-2.02,8462,8462,1399-9-2
653,ضصاد1103,اختيارخ وبصادر-4000-1399/11/12,25,1202,340094000,285,270,290,5,1.75,283,-2,-0.7,270,290,1399-9-2
654,نيرو,نيرو سرمايه,25,20293,857703938,44490,42266,42266,-2224,-5.0,44390,-100,-0.22,42266,42266,1399-9-2
655,وملل تبعي9912,اختيارف.تبعي ملل 991220,25,200000,220000000,65,1100,1100,1035,1592.31,1100,1035,1592.31,1100,1100,1399-9-2
656,غپونه,نوش پونه مشهد,24,114154,1764135916,15931,15454,15454,-477,-2.99,15888,-43,-0.27,15454,15454,1399-9-2
657,ثقزوي,شركت عمران و سازندگي قزوين,24,20836,564363896,27923,27086,27086,-837,-3.0,27898,-25,-0.09,27086,27086,1399-9-2
658,ضترا1117,اختيارخ شتران-10000-1399/11/14,23,310,1566026000,5220,4690,5000,-220,-4.21,5052,-168,-3.22,4690,5999,1399-9-2
659,دروز,داروسازي‌ روزدارو,22,55014,883524840,16900,16060,16060,-840,-4.97,16880,-20,-0.12,16060,16060,1399-9-2
660,ضملي1153,اختيارخ فملي-20280-1399/11/05,22,476,229962000,415,430,499,84,20.24,483,68,16.39,420,500,1399-9-2
661,سايرا,ايرانيت‌,22,83465,2965762145,36258,35533,35533,-725,-2.0,36039,-219,-0.6,35533,35534,1399-9-2
662,افرا,افرانت,21,502646,25070977188,52503,49878,49878,-2625,-5.0,51116,-1387,-2.64,49878,49878,1399-9-2
663,فسا,پتروشيمي فسا,21,161631,473093937,3017,2927,2927,-90,-2.98,3015,-2,-0.07,2927,2927,1399-9-2
664,اخزا804,اسنادخزانه-م4بودجه98-000421,20,21524,19203094278,893635,890000,897000,3365,0.38,892171,-1464,-0.16,890000,897000,1399-9-2
665,ضملي1150,اختيارخ فملي-14196-1399/11/05,19,357,1165818000,2990,2700,3100,110,3.68,3266,276,9.23,2102,3500,1399-9-2
666,ضفلا1151,اختيارخ فولاد-8000-1399/11/28,19,40,266264000,6952,6267,6607,-345,-4.96,6657,-295,-4.24,6267,7099,1399-9-2
667,ضسپا1100,اختيارخ خساپا-1600-1399/11/26,19,263,396901000,1476,1500,1450,-26,-1.76,1509,33,2.24,1350,1650,1399-9-2
668,وحكمت,بيمه حكمت صبا,19,88500,492679500,5860,5567,5567,-293,-5.0,5852,-8,-0.14,5567,5567,1399-9-2
669,فبيرا,بسته‌ بندي‌ ايران‌,19,160131,765266049,5030,4779,4779,-251,-4.99,5020,-10,-0.2,4779,4779,1399-9-2
670,بسويچ,پارس‌سويچ‌,19,5961,241003230,42550,40430,40430,-2120,-4.98,42540,-10,-0.02,40430,40430,1399-9-2
671,ثپرديس,سرمايه گذاري مسكن پرديس,19,73609,782316452,11187,10628,10628,-559,-5.0,11178,-9,-0.08,10628,10628,1399-9-2
672,فافزا,فولاد افزا سپاهان,19,102318,4637870304,46729,45328,45328,-1401,-3.0,46392,-337,-0.72,45328,45328,1399-9-2
673,تسه9804,امتياز تسهيلات مسكن تير98,18,171,135486000,793289,791000,800000,6711,0.85,792316,-973,-0.12,791000,800000,1399-9-2
674,وسقم,شركت س استان قم,18,100200,134268000,1410,1340,1340,-70,-4.96,1410,0,0.0,1340,1340,1399-9-2
675,گنجين,صندوق س. گنجينه يكم آويد-د,18,221465,2584699229,11659,11671,11690,31,0.27,11671,12,0.1,11670,11691,1399-9-2
676,تكنار,مجتمع معادن مس تكنار,18,7615,666457185,90225,87519,87519,-2706,-3.0,90132,-93,-0.1,87519,87519,1399-9-2
677,ضملت1128,اختيارخ وبملت-6000-1399/11/28,18,166,102890000,483,485,700,217,44.93,620,137,28.36,485,700,1399-9-2
678,ثنظام,س. ساختماني نظام مهندسي ايران,18,12066,501233706,43727,41541,41541,-2186,-5.0,43669,-58,-0.13,41541,41541,1399-9-2
679,ضصاد1104,اختيارخ وبصادر-4500-1399/11/12,18,568,105382000,156,180,180,24,15.38,186,30,19.23,179,194,1399-9-2
680,ضفلا1155,اختيارخ فولاد-14000-1399/11/28,17,163,426387000,2874,2550,2500,-374,-13.01,2616,-258,-8.98,2500,2900,1399-9-2
681,وپسا,س. پتروشيمي ساختمان  خليج فارس,17,235435,1140447140,5098,4844,4844,-254,-4.98,5083,-15,-0.29,4844,4844,1399-9-2
682,اخزا807,اسنادخزانه-م7بودجه98-000719,17,10563,9089220531,853518,820376,864999,11481,1.35,860477,6959,0.82,820376,865390,1399-9-2
683,ضسپا1102,اختيارخ خساپا-2000-1399/11/26,17,206,232372000,1142,1098,1135,-7,-0.61,1128,-14,-1.23,1098,1250,1399-9-2
684,صمسكن912,ص دين مسكن جنوب-ماهانه16درصد,17,6897,511040112,77995,74096,74096,-3899,-5.0,74096,-3899,-5.0,74096,74096,1399-9-2
685,پلاسك,پلاسكوكار,17,86659,698471540,8480,8060,8060,-420,-4.95,8470,-10,-0.12,8060,8060,1399-9-2
686,خپويش,سازه‌ پويش‌,16,54071,2015766880,39240,37280,37280,-1960,-4.99,39160,-80,-0.2,37280,37280,1399-9-2
687,اخزا820,اسنادخزانه-م20بودجه98-020806,16,3253,1884909543,576006,579694,577010,1004,0.17,579437,3431,0.6,576003,579694,1399-9-2
688,تملي710,تسهيلات مسكن ب. ملي-دي97,15,333,330925374,947237,994598,990000,42763,4.51,993770,46533,4.91,980000,994598,1399-9-2
689,پست0008پ08,پسته فندقي32-30مه ولات0008(پ),15,163,287052710,1686224,1770535,1770535,84311,5.0,1761060,74836,4.44,1650000,1770535,1399-9-2
690,تملي703,تسهيلات مسكن ب. ملي-خرداد97,15,90,87127500,1002798,952659,952659,-50139,-5.0,968083,-34715,-3.46,952659,998932,1399-9-2
691,غشوكو,شوكو پارس,14,6804,289707516,44820,42579,42579,-2241,-5.0,44786,-34,-0.08,42579,42579,1399-9-2
692,ضغدر1120,اختيارخ وغدير-12000-1399/11/26,14,122,337938000,2597,2600,3100,503,19.37,2770,173,6.66,2238,3100,1399-9-2
693,داريك,صندوق س.اعتماد داريك-د,14,482900,4867827000,10080,10040,10087,7,0.07,10080,0,0.0,10040,10087,1399-9-2
694,شستا991,اجاره تامين اجتماعي-امين991226,14,250,249058249,1001256,992620,1000000,-1256,-0.13,996233,-5023,-0.5,992620,1002000,1399-9-2
695,زعف0008پ15,زعفران0008پوشالمعمول طلاسرخ(پ),14,3264,322641159,101788,106877,96699,-5089,-5.0,98848,-2940,-2.89,96699,106877,1399-9-2
696,تملي706,تسهيلات مسكن ب. ملي-شهريور97,14,524,505746460,919205,965165,965165,45960,5.0,965165,45960,5.0,965165,965165,1399-9-2
697,ساربيل,سيمان آرتا اردبيل,14,4699,276301200,61890,58800,58800,-3090,-4.99,61870,-20,-0.03,58800,58800,1399-9-2
698,آرمان,بيمه آرمان,14,54117,466650891,8372,8623,8623,251,3.0,8378,6,0.07,8623,8623,1399-9-2
699,اخزا721,اسنادخزانه-م21بودجه97-000728,13,6006,5152277179,855729,858000,853511,-2218,-0.26,857855,2126,0.25,853511,860000,1399-9-2
700,تكنو,تكنوتار,13,416367,6066467190,15330,14570,14570,-760,-4.96,15230,-100,-0.65,14570,14570,1399-9-2
701,اخزا821,اسنادخزانه-م21بودجه98-020906,13,2355,1344668847,570893,565000,573999,3106,0.54,570985,92,0.02,565000,573999,1399-9-2
702,خعمرا,توسعه و عمران شهرستان نائين,13,32404,554075996,16601,17099,17099,498,3.0,16614,13,0.08,17099,17099,1399-9-2
703,تملي711,تسهيلات مسكن ب. ملي-بهمن97,13,256,289598720,1190784,1131245,1131245,-59539,-5.0,1131245,-59539,-5.0,1131245,1131245,1399-9-2
704,اخزا906,اسنادخزانه-م6بودجه99-020321,12,90029,54528344971,635000,605000,608000,-27000,-4.25,605675,-29325,-4.62,605000,634999,1399-9-2
705,نگين,ص.س. زمين و ساختمان نگين شهرري,12,12856,633524930,49250,49690,49670,420,0.85,49280,30,0.06,49250,49690,1399-9-2
706,ضپيك1020,اختيارخ تاپيكو-14000-99/10/16,12,19,58680000,3302,3780,2990,-312,-9.45,3088,-214,-6.48,2500,3780,1399-9-2
707,ضجار1018,اختيارخ وتجارت-5000-1399/10/21,12,659,76960000,99,150,110,11,11.11,117,18,18.18,101,150,1399-9-2
708,ضگل1142,اختيارخ كگل-16000-1399/11/21,12,158,755500000,4427,5000,5000,573,12.94,4782,355,8.02,4600,5200,1399-9-2
709,ضملي1151,اختيارخ فملي-16224-1399/11/05,11,54,100040000,1001,1650,2010,1009,100.8,1853,852,85.11,1650,2010,1399-9-2
710,جهرم,پتروشيمي جهرم,11,31922,100490456,3245,3148,3148,-97,-2.99,3244,-1,-0.03,3148,3148,1399-9-2
711,كفرآور,فرآورده هاي سيمان شرق,11,37471,712848304,19612,19024,19024,-588,-3.0,19590,-22,-0.11,19024,19024,1399-9-2
712,اطلس2,صندوق س.توسعه اندوخته آينده-س,11,110000,110000,196346,1,1,-196345,-100.0,1,-196345,-100.0,1,1,1399-9-2
713,ضملت1123,اختيارخ وبملت-3000-1399/11/28,11,30,82650000,2731,2700,2700,-31,-1.14,2755,24,0.88,2700,2805,1399-9-2
714,ضگل1143,اختيارخ كگل-18000-1399/11/21,11,226,861100000,3726,3500,4180,454,12.18,3810,84,2.25,3500,4300,1399-9-2
715,تپمپي,پمپ‌ سازي‌ ايران‌,11,13942,472773220,35690,33910,33910,-1780,-4.99,35670,-20,-0.06,33910,33910,1399-9-2
716,هبركت912,اختيارف ت بركت-22100-99/12/17,11,21332,113528904,5758,5322,5322,-436,-7.57,5322,-436,-7.57,5322,5322,1399-9-2
717,غنيلي,مجتمع توليدي نيلي صنعت كرمان,10,322857,5347480491,16563,16563,16563,0,0.0,16563,0,0.0,16563,16563,1399-9-2
718,وسخراج,شركت س استان خراسان جنوبي,10,45090,95590800,2230,2120,2120,-110,-4.93,2230,0,0.0,2120,2120,1399-9-2
719,ضفلا1154,اختيارخ فولاد-12000-1399/11/28,10,41,169064000,3950,3799,4000,50,1.27,4124,174,4.41,3799,4397,1399-9-2
720,شستا992,اجاره تامين اجتماعي-سپهر991226,10,214,212180514,1010018,1009998,990102,-19916,-1.97,991498,-18520,-1.83,990102,1009998,1399-9-2
721,پدرخش,درخشان‌ تهران‌,10,1085,233904300,226920,215580,215580,-11340,-5.0,226860,-60,-0.03,215580,215580,1399-9-2
722,پلوله,گازلوله‌,10,15750,293469750,18821,18633,18633,-188,-1.0,18810,-11,-0.06,18633,18633,1399-9-2
723,فنرژي,گسترش صنايع انرژي آذرآب,10,31903,329877020,10770,10340,10340,-430,-3.99,10755,-15,-0.14,10340,10340,1399-9-2
724,اخزا713,اسنادخزانه-م13بودجه97-000518,10,2935,2592100500,880617,881000,883500,2883,0.33,883169,2552,0.29,881000,883500,1399-9-2
725,فنوال,نورد آلومينيوم‌,10,10534,339721500,33940,32250,32250,-1690,-4.98,33930,-10,-0.03,32250,32250,1399-9-2
726,داراب,پتروشيمي داراب,9,18460,56303000,3144,3050,3050,-94,-2.99,3144,0,0.0,3050,3050,1399-9-2
727,اخزا805,اسنادخزانه-م5بودجه98-000422,9,84913,76024780087,884660,895000,895000,10340,1.17,895326,10666,1.21,895000,898999,1399-9-2
728,وشمال,س. چشم انداز توسعه شمال,9,8049,832741491,106658,103459,103459,-3199,-3.0,106520,-138,-0.13,103459,103459,1399-9-2
729,ضپيك1019,اختيارخ تاپيكو-12000-99/10/16,9,124,508129000,3702,4000,4100,398,10.75,4098,396,10.7,4000,4100,1399-9-2
730,خكمك,كمك‌فنرايندامين‌,8,2654,133310420,52870,50230,50230,-2640,-4.99,52860,-10,-0.02,50230,50230,1399-9-2
731,زير0003پ02,زيره سبز0003 دانش(پ),8,131,64342128,500219,486492,486500,-13719,-2.74,491161,-9058,-1.81,486491,525000,1399-9-2
732,ضخوز1014,اختيارخ فخوز-12191-1399/10/16,8,32,260299000,9824,7899,7900,-1924,-19.58,8134,-1690,-17.2,7899,9000,1399-9-2
733,فن آوا,گروه فن آوا,8,13413,185327421,14544,13817,13817,-727,-5.0,14537,-7,-0.05,13817,13817,1399-9-2
734,ضپاس1000,اختيارخ وپارس-2000-1399/10/30,8,75,135364000,1654,1750,1850,196,11.85,1805,151,9.13,1750,1950,1399-9-2
735,فوكا,فولاد كاويان,8,7273,147612808,20923,20296,20296,-627,-3.0,20921,-2,-0.01,20296,20296,1399-9-2
736,وسيزد,شركت س استان يزد,7,52334,63847480,1280,1220,1220,-60,-4.69,1280,0,0.0,1220,1220,1399-9-2
737,ضبدر1149,اختيارخ شبندر-28000-1399/11/19,7,16,92700000,5070,5700,5800,730,14.4,5794,724,14.28,5700,5800,1399-9-2
738,تملي702,تسهيلات مسكن ب. ملي-ارديبهشت97,7,39,39327532,1044155,1040000,1020000,-24155,-2.31,1008398,-35757,-3.42,991948,1040000,1399-9-2
739,كرونا2,تامين مالي جمعي صرفا اهداي سود,7,746,7460000,10000,10000,10000,0,0.0,10000,0,0.0,10000,10000,1399-9-2
740,ضپيك1022,اختيارخ تاپيكو-18000-99/10/16,7,39,48131000,1900,1100,1899,-1,-0.05,1234,-666,-35.05,1001,1899,1399-9-2
741,ضمخا1025,اختيارخ اخابر-16000-1399/10/30,7,130,191875000,1633,198,1851,218,13.35,1476,-157,-9.61,198,1890,1399-9-2
742,سمايه,بانك سرمايه,7,8654,79287948,9445,9162,9162,-283,-3.0,9444,-1,-0.01,9162,9162,1399-9-2
743,ضفلا1156,اختيارخ فولاد-16000-1399/11/28,7,46,91268000,1998,1899,1990,-8,-0.4,1984,-14,-0.7,1899,1990,1399-9-2
744,ضجار1010,اختيارخ وتجارت-1600-1399/10/21,7,234,482600000,1702,2000,2200,498,29.26,2062,360,21.15,2000,2200,1399-9-2
745,ضچاد1019,اختيارخ كچاد-28000-1399/10/02,6,51,28560000,1500,560,560,-940,-62.67,560,-940,-62.67,560,560,1399-9-2
746,وسبوشهر,شركت س استان بوشهر,6,35192,42230400,1260,1200,1200,-60,-4.76,1260,0,0.0,1200,1200,1399-9-2
747,ضمخا7070,اختيارخ اخابر-20000-1400/07/28,6,51,106300000,2222,2000,2100,-122,-5.49,2084,-138,-6.21,2000,2100,1399-9-2
748,وآتوس,س.آرين توسكا قيمت اسمي 350ريال,6,35180,1175469340,34446,33413,33413,-1033,-3.0,34383,-63,-0.18,33413,33413,1399-9-2
749,ضملت1126,اختيارخ وبملت-4500-1399/11/28,6,114,180894000,1320,1450,1600,280,21.21,1587,267,20.23,1450,1600,1399-9-2
750,ضبدر1150,اختيارخ شبندر-32000-1399/11/19,6,328,1150112000,9000,2900,3900,-5100,-56.67,3506,-5494,-61.04,2900,3900,1399-9-2
751,وسخراش,شركت س استان خراسان شمالي,6,37255,48804050,1370,1310,1310,-60,-4.38,1370,0,0.0,1310,1310,1399-9-2
752,تابا,تابان نيرو سپاهان,6,11345,375167805,34091,33069,33069,-1022,-3.0,34071,-20,-0.06,33069,33069,1399-9-2
753,ضپار1118,اختيارخ خپارس-8000-1399/11/19,6,41,68700000,1700,1600,1700,0,0.0,1676,-24,-1.41,1600,1700,1399-9-2
754,ضمخا7066,اختيارخ اخابر-12000-1400/07/28,6,17,104970000,5543,5370,5881,338,6.1,6175,632,11.4,5000,6500,1399-9-2
755,ضخود1047,اختيارخ خودرو-6000-1399/10/07,6,281,29305000,119,90,106,-13,-10.92,104,-15,-12.61,90,120,1399-9-2
756,بشهاب,لامپ‌  پارس‌ شهاب‌,5,2031,127729590,66200,62890,62890,-3310,-5.0,66190,-10,-0.02,62890,62890,1399-9-2
757,ثامان,سامان‌ گستراصفهان‌,5,6108,129856080,22370,21260,21260,-1110,-4.96,22370,0,0.0,21260,21260,1399-9-2
758,ضچاد1012,اختيارخ كچاد-10000-1399/10/02,5,21,230700000,9868,11000,10700,832,8.43,10986,1118,11.33,10700,11000,1399-9-2
759,لازما,كارخانه هاي صنعتي آزمايش,5,2023,61394004,30967,30348,30348,-619,-2.0,30963,-4,-0.01,30348,30348,1399-9-2
760,پلاست,كارخانجات توليدي پلاستيران,5,2579,105527522,43071,40918,40918,-2153,-5.0,43059,-12,-0.03,40918,40918,1399-9-2
761,ثتوسا,س.توسعه و عمران استان اردبيل,5,1793,115211008,66243,64256,64256,-1987,-3.0,66231,-12,-0.02,64256,64256,1399-9-2
762,وسكرشا,س.سهام عدالت استان كرمانشاه,5,24351,30195240,1300,1240,1240,-60,-4.62,1300,0,0.0,1240,1240,1399-9-2
763,ضپنا1021,اختيارخ رمپنا-16106-1399/10/09,5,155,1225942180,5000,4490,5500,500,10.0,5341,341,6.82,4490,5500,1399-9-2
764,شرق1400,مشاركت ليزينگ ايران وشرق140010,5,139,143880000,1040000,1040000,1020000,-20000,-1.92,1035108,-4892,-0.47,1020000,1040000,1399-9-2
765,ضصاد1106,اختيارخ وبصادر-6000-1399/11/12,5,100,10000000,100,100,100,0,0.0,100,0,0.0,100,100,1399-9-2
766,دمعيار2,صندوق س. توازن معيار-د,5,45000000,45000000,10000,1,1,-9999,-99.99,1,-9999,-99.99,1,1,1399-9-2
767,نتوس,پشم‌ بافي‌ توس,5,10475,112763375,11097,10765,10765,-332,-2.99,11095,-2,-0.02,10765,10765,1399-9-2
768,ثغرب,شركت سرمايه گذاري مسكن شمالغرب,5,2615,33268030,13391,12722,12722,-669,-5.0,13391,0,0.0,12722,12722,1399-9-2
769,اراد53,مرابحه عام دولت5-ش.خ 0207,5,115400,107491638000,931260,931470,931470,210,0.02,931470,210,0.02,931470,931470,1399-9-2
770,اخزا720,اسنادخزانه-م20بودجه97-000324,5,7560,6857884500,907055,908000,917995,10940,1.21,907128,73,0.01,907100,917995,1399-9-2
771,اخزا723,اسنادخزانه-م23بودجه97-000824,5,42962,36388772714,847750,850000,847000,-750,-0.09,846999,-751,-0.09,840000,850000,1399-9-2
772,هاباد912,اختيارف ت آبادا-30100-99/12/12,5,2903,30475694,9930,10498,10498,568,5.72,10498,568,5.72,10498,10498,1399-9-2
773,شمواد,توليد مواداوليه الياف مصنوعي,5,2192,136986848,64426,62494,62494,-1932,-3.0,64412,-14,-0.02,62494,62494,1399-9-2
774,ثزاگرس,سرمايه گذاري توسعه عمران زاگرس,5,4141,169586373,42219,40953,40953,-1266,-3.0,42208,-11,-0.03,40953,40953,1399-9-2
775,شلرد02,كود شيميايي اوره لردگان,4,1050,1041200000,1008860,1022000,990100,-18760,-1.86,991619,-17241,-1.71,990100,1022000,1399-9-2
776,ضگل1149,اختيارخ كگل-10000-1399/11/21,4,22,218791000,9166,8791,10000,834,9.1,9945,779,8.5,8791,10000,1399-9-2
777,ضپنا1022,اختيارخ رمپنا-18806-1399/10/09,4,208,1081130000,2569,3750,3200,631,24.56,3510,941,36.63,3200,3800,1399-9-2
778,آينده,بازرگاني آينده سازان بهشت پارس,4,1743,38014830,22484,21810,21810,-674,-3.0,22483,-1,0.0,21810,21810,1399-9-2
779,ثرود,سرمايه‌گذاري مسكن زاينده رود,4,1950,23290800,12572,11944,11944,-628,-5.0,12572,0,0.0,11944,11944,1399-9-2
780,هصيكو402,اختيارف ت تاصيكو13500-00/02/20,4,81010,202200960,2932,2496,2496,-436,-14.87,2496,-436,-14.87,2496,2496,1399-9-2
781,پارسا306,صكوك اجاره پارسيان-6ماهه16%,4,1000,926000000,927000,926000,926000,-1000,-0.11,926000,-1000,-0.11,926000,926000,1399-9-2
782,لخزر,پارس‌ خزر,4,281,56391080,211240,200680,200680,-10560,-5.0,211230,-10,0.0,200680,200680,1399-9-2
783,ضگل1141,اختيارخ كگل-14000-1399/11/21,4,8,54130000,5934,6775,6750,816,13.75,6766,832,14.02,6750,6775,1399-9-2
784,غبهار,كشت وصنعت بهاران گلبهار خراسان,3,10650,387830400,37542,36416,36416,-1126,-3.0,37519,-23,-0.06,36416,36416,1399-9-2
785,اخزا718,اسنادخزانه-م18بودجه97-000525,3,16,14000066,875907,870011,880000,4093,0.47,875004,-903,-0.1,870011,880000,1399-9-2
786,ضفار1122,اختيارخ فارس-11826-1399/11/07,3,7,41790000,3284,3000,2999,-285,-8.68,2985,-299,-9.1,2900,3000,1399-9-2
787,وسكهبو,س.عدالت ا. كهگيلويه وبويراحمد,3,44239,47778120,1130,1080,1080,-50,-4.42,1130,0,0.0,1080,1080,1399-9-2
788,ضمخا7067,اختيارخ اخابر-14000-1400/07/28,3,13,56000000,3624,2000,5000,1376,37.97,4308,684,18.87,2000,5000,1399-9-2
789,ضپنا1020,اختيارخ رمپنا-13406-1399/10/09,3,150,1680935000,6665,7500,7600,935,14.03,7567,902,13.53,7500,7600,1399-9-2
790,آگاس2,صندوق س.هستي بخش آگاه-س,3,300000,300000,69920,1,1,-69919,-100.0,1,-69919,-100.0,1,1,1399-9-2
791,معيار,سرمايه گذاري معيار صنعت پارس,3,1478,42591526,29405,28817,28817,-588,-2.0,29402,-3,-0.01,28817,28817,1399-9-2
792,ضچاد1013,اختيارخ كچاد-12000-1399/10/02,3,12,102950000,7700,8200,8750,1050,13.64,8579,879,11.42,8200,8750,1399-9-2
793,وسالت,بانك قرض الحسنه رسالت,3,3600,15904800,4290,4418,4418,128,2.98,4290,0,0.0,4418,4418,1399-9-2
794,ضجار1017,اختيارخ وتجارت-4500-1399/10/21,3,121,24000000,196,200,190,-6,-3.06,198,2,1.02,190,200,1399-9-2
795,اروند10,منفعت صبا اروند لوتوس 14001222,3,524,527409950,985929,1048000,1000000,14071,1.43,1006508,20579,2.09,1000000,1048999,1399-9-2
796,وساربيل,شركت س استان اردبيل,3,25250,30805000,1280,1220,1220,-60,-4.69,1280,0,0.0,1220,1220,1399-9-2
797,اخزا722,اسنادخزانه-م22بودجه97-000428,3,2772,2467080000,869810,890000,890000,20190,2.32,890000,20190,2.32,890000,890000,1399-9-2
798,حرهشا,رهشاد سپاهان (سهامي عام,3,269,16207788,62115,60252,60252,-1863,-3.0,62113,-2,0.0,60252,60252,1399-9-2
799,ضپيك1021,اختيارخ تاپيكو-16000-99/10/16,3,51,127600000,2550,2500,2600,50,1.96,2502,-48,-1.88,2500,2600,1399-9-2
800,ضملت1127,اختيارخ وبملت-5000-1399/11/28,3,26,32450000,1355,1240,1350,-5,-0.37,1248,-107,-7.9,1240,1350,1399-9-2
801,ذوب تبعي9912,اختيارف.تبعي ذوب991224,2,1400,3178000,2260,2270,2270,10,0.44,2270,10,0.44,2270,2270,1399-9-2
802,صگل411,ص اجاره گل گهر 411- 3 ماهه 17%,2,36,35294148,1000000,980393,980393,-19607,-1.96,980393,-19607,-1.96,980393,980393,1399-9-2
803,اخزا9022,اسنادخزانه-م2بودجه99-011019,2,300000,200100000000,659375,667000,667000,7625,1.16,667000,7625,1.16,667000,667000,1399-9-2
804,ضبدر1158,اختيارخ شبندر-24000-1399/11/19,2,6,47957000,7500,8000,7957,457,6.09,7993,493,6.57,7957,8000,1399-9-2
805,وسزنجان,شركت س استان زنجان,2,7770,10489500,1420,1350,1350,-70,-4.93,1420,0,0.0,1350,1350,1399-9-2
806,ضپار1115,اختيارخ خپارس-5000-1399/11/19,2,14,55080000,3920,3770,4000,80,2.04,3934,14,0.36,3770,4000,1399-9-2
807,ضسان1040,اختيارخ پارسان-24000-99/10/14,2,9,12591000,1273,1399,1399,126,9.9,1399,126,9.9,1399,1399,1399-9-2
808,ضجار1013,اختيارخ وتجارت-2500-1399/10/21,2,17,17018000,857,1000,1009,152,17.74,1001,144,16.8,1000,1009,1399-9-2
809,اراد384,مرابحه عام دولت3-ش.خ 0105,2,4000000,3828268000000,1016175,957214,956920,-59255,-5.83,957067,-59108,-5.82,956920,957214,1399-9-2
810,زير0003پ01,زيره سبز0003كيميابذر(پ),2,700,343100690,512095,500000,490001,-22094,-4.31,490144,-21951,-4.29,490001,500000,1399-9-2
811,صينا205,صكوك منفعت سينا دارو-3ماهه 19%,2,192,192000000,1033261,1000000,1000000,-33261,-3.22,1000000,-33261,-3.22,1000000,1000000,1399-9-2
812,اعتماد2,صندوق س.اعتماد آفرين پارسيان-د,2,16000000,16000000,33436,1,1,-33435,-100.0,1,-33435,-100.0,1,1,1399-9-2
813,ياقوت2,صندوق س ياقوت آگاه-ثابت,2,14855000,14855000,11305,1,1,-11304,-99.99,1,-11304,-99.99,1,1,1399-9-2
814,اراد334,مرابحه عام دولت3-ش.خ 0303,2,10000000,8564960000000,904400,856532,856460,-47940,-5.3,856496,-47904,-5.3,856460,856532,1399-9-2
815,وسگلستا,شركت س استان گلستان,2,9305,10979900,1240,1180,1180,-60,-4.84,1240,0,0.0,1180,1180,1399-9-2
816,ضمخا1033,اختيارخ اخابر-10000-1399/10/30,2,25,125000000,1,5000,5000,4999,499900.0,5000,4999,499900.0,5000,5000,1399-9-2
817,اراد374,مرابحه عام دولت3-ش.خ 0005,2,2000000,1960047000000,1011177,980207,979840,-31337,-3.1,980023,-31154,-3.08,979840,980207,1399-9-2
818,ضصاد1107,اختيارخ وبصادر-7000-1399/11/12,2,200,16000000,80,80,80,0,0.0,80,0,0.0,80,80,1399-9-2
819,اراد404,مرابحه عام دولت4-ش.خ 0207,2,10000000,9384820000000,997000,938594,938370,-58630,-5.88,938482,-58518,-5.87,938370,938594,1399-9-2
820,فسديد,لوله‌وتجهيزات‌ سديد - ورشكسته,2,150,16561050,111522,110407,110407,-1115,-1.0,111518,-4,0.0,110407,110407,1399-9-2
821,ضملت1125,اختيارخ وبملت-4000-1399/11/28,2,10,18500000,1759,1850,1850,91,5.17,1850,91,5.17,1850,1850,1399-9-2
822,صخود412,ص مرابحه خودرو412- 3ماهه 18%,2,5816,5786920000,999989,995000,995000,-4989,-0.5,995000,-4989,-0.5,995000,995000,1399-9-2
823,ضشنا1038,اختيارخ شپنا-20000-1399/10/23,2,100,200000000,2000,2000,2000,0,0.0,2000,0,0.0,2000,2000,1399-9-2
824,ضملت1124,اختيارخ وبملت-3500-1399/11/28,2,25,58500000,2000,2250,2400,400,20.0,2340,340,17.0,2250,2400,1399-9-2
825,كباده,توليد خاك نسوزاستقلال آباده,2,1000,22302000,21653,22302,22302,649,3.0,21654,1,0.0,22302,22302,1399-9-2
826,سخواف,سيمان مجد خواف,2,3717,59813964,16589,16092,16092,-497,-3.0,16587,-2,-0.01,16092,16092,1399-9-2
827,خفناور,مهندسي صنعتي روان فن آور,2,1216,29129280,24695,23955,23955,-740,-3.0,24694,-1,0.0,23955,23955,1399-9-2
828,صايپا203,صكوك مرابحه سايپا203-3ماهه 16%,2,102,101734620,994000,955770,1000000,6000,0.6,997398,3398,0.34,955770,1000000,1399-9-2
829,ضپاس1005,اختيارخ وپارس-4500-1399/10/30,2,10,1000000,300,100,100,-200,-66.67,100,-200,-66.67,100,100,1399-9-2
830,ورازي,بيمه رازي,1,466,6886082,15234,14777,14777,-457,-3.0,15234,0,0.0,14777,14777,1399-9-2
831,تملي801,تسهيلات مسكن ب. ملي-فروردين98,1,2,1980000,998433,990000,990000,-8433,-0.84,990000,-8433,-0.84,990000,990000,1399-9-2
832,بميلا2,توسعه بازرگاني آهن وفولادميلاد,1,6000000,127962000000,21327,21327,21327,0,0.0,21327,0,0.0,21327,21327,1399-9-2
833,بترانس2,ايران‌ ترانسفو,1,3000000,96420000000,30610,32140,32140,1530,5.0,32140,1530,5.0,32140,32140,1399-9-2
834,ضمخا1032,اختيارخ اخابر-9000-1399/10/30,1,1,5517000,1,5517,5517,5516,551600.0,5517,5516,551600.0,5517,5517,1399-9-2
835,ضفار1126,اختيارخ فارس-19826-1399/11/07,1,10,7000000,300,350,350,50,16.67,350,50,16.67,350,350,1399-9-2
836,داريك2,صندوق س.اعتماد داريك-د,1,500000,500000,10080,1,1,-10079,-99.99,1,-10079,-99.99,1,1,1399-9-2
837,ضفار1121,اختيارخ فارس-9826-1399/11/07,1,2,17600000,4500,4400,4400,-100,-2.22,4400,-100,-2.22,4400,4400,1399-9-2
838,صفارس1472,صكوك اجاره فارس147- 3ماهه18%,1,300000,300000000000,1050000,1000000,1000000,-50000,-4.76,1000000,-50000,-4.76,1000000,1000000,1399-9-2
839,لخانه,لوازم‌ خانگي‌ پارس‌,1,175,9933875,58520,56765,56765,-1755,-3.0,58519,-1,0.0,56765,56765,1399-9-2
840,پست0008پ09,پسته بادامي30-28مه ولات0008(پ),1,100,173000000,1673251,1730000,1730000,56749,3.39,1730000,56749,3.39,1730000,1730000,1399-9-2
841,فزرين4,زرين معدن آسيا,1,5000000,98925000000,19315,19785,19785,470,2.43,19785,470,2.43,19785,19785,1399-9-2
842,حخزر4,كشتيراني درياي خزر,1,5000000,116620000000,22366,23324,23324,958,4.28,23324,958,4.28,23324,23324,1399-9-2
843,ضسپا1104,اختيارخ خساپا-3000-1399/11/26,1,5,3000000,455,600,600,145,31.87,600,145,31.87,600,600,1399-9-2
844,اخزا716,اسنادخزانه-م16بودجه97-000407,1,355,318214190,905106,896378,896378,-8728,-0.96,896378,-8728,-0.96,896378,896378,1399-9-2
845,ضپاس1004,اختيارخ وپارس-4000-1399/10/30,1,1,620000,383,620,620,237,61.88,620,237,61.88,620,620,1399-9-2
846,ضسان1038,اختيارخ پارسان-18000-99/10/14,1,1,3800000,4900,3800,3800,-1100,-22.45,3800,-1100,-22.45,3800,3800,1399-9-2
847,ضملي1156,اختيارخ فملي-9126-1399/11/05,1,1,11000000,5540,11000,11000,5460,98.56,11000,5460,98.56,11000,11000,1399-9-2
848,تملي712,تسهيلات مسكن ب. ملي-اسفند97,1,5,5776000,1216000,1155200,1155200,-60800,-5.0,1155200,-60800,-5.0,1155200,1155200,1399-9-2
849,مكرج112,مشاركت شهرداري كرج-3ماهه18%,1,200,192800000,937000,964000,964000,27000,2.88,964000,27000,2.88,964000,964000,1399-9-2
850,اخزا819,اسنادخزانه-م19بودجه98-020322,1,2,1296310,648155,648155,648155,0,0.0,648155,0,0.0,648155,648155,1399-9-2
851,فبستم,صنايع ‌بسته‌بندي‌ مشهد,1,1800,1497600,793,832,832,39,4.92,793,0,0.0,832,832,1399-9-2
852,اجاد21,اجاره دولتي آپرورش-تمدن991118,1,500,516066500,1024333,1032133,1032133,7800,0.76,1032133,7800,0.76,1032133,1032133,1399-9-2
853,اخزا7222,اسنادخزانه-م22بودجه97-000428,1,129294,115071660000,869810,890000,890000,20190,2.32,890000,20190,2.32,890000,890000,1399-9-2
854,اشاد10,مشاركت دولتي10-شرايط خاص001226,1,400,376400000,937000,941000,941000,4000,0.43,941000,4000,0.43,941000,941000,1399-9-2
855,مشير112,مشاركت شهرداري شيراز-3ماهه18%,1,9,8910000,980000,990000,990000,10000,1.02,990000,10000,1.02,990000,990000,1399-9-2
856,تملي704,تسهيلات مسكن ب. ملي-تير97,1,3,4809507,1687546,1603169,1603169,-84377,-5.0,1603169,-84377,-5.0,1603169,1603169,1399-9-2
857,ضمخا7075,اختيارخ اخابر-9000-1400/07/28,1,1,8090000,7405,8090,8090,685,9.25,8090,685,9.25,8090,8090,1399-9-2
858,تملي804,تسهيلات مسكن ب. ملي-تير98,1,20,15531260,739584,776563,776563,36979,5.0,776563,36979,5.0,776563,776563,1399-9-2
859,سپرمي,پرميت‌,1,1000,8208000,8290,8208,8208,-82,-0.99,8290,0,0.0,8208,8208,1399-9-2
860,ضپار1117,اختيارخ خپارس-7000-1399/11/19,1,2,9984000,1726,4992,4992,3266,189.22,4992,3266,189.22,4992,4992,1399-9-2
861,غسالم2,سالمين‌,1,44800000,194880000000,4530,4350,4350,-180,-3.97,4350,-180,-3.97,4350,4350,1399-9-2
862,پرند,صندوق س. پروژه آرمان پرند مپنا,1,174000,1051134000,5970,6041,6041,71,1.19,6041,71,1.19,6041,6041,1399-9-2
863,عفولاد3,اوراق سلف موازي ورق گرم فولاد,1,10,7910530,790823,791053,791053,230,0.03,791053,230,0.03,791053,791053,1399-9-2
864,كايتا,ايتالران‌,1,242,2310616,9270,9548,9548,278,3.0,9270,0,0.0,9548,9548,1399-9-2
865,افاد52,منفعت دولت5-ش.خاص سپهر0108,1,3000,2850000000,930000,950000,950000,20000,2.15,950000,20000,2.15,950000,950000,1399-9-2
866,تملي802,تسهيلات مسكن ب. ملي-ارديبهشت98,1,25,30075525,1266337,1203021,1203021,-63316,-5.0,1203021,-63316,-5.0,1203021,1203021,1399-9-2
867,اخزا8212,اسنادخزانه-م21بودجه98-020906,1,378000,216216000000,570893,572000,572000,1107,0.19,572000,1107,0.19,572000,572000,1399-9-2
868,بساما2,بيمه سامان,1,17000000,425000000000,24695,25000,25000,305,1.24,25000,305,1.24,25000,25000,1399-9-2
869,بذر2,صندوق س بذر اميد آفرين-سهام,1,3530000,3530000,108490,1,1,-108489,-100.0,1,-108489,-100.0,1,1,1399-9-2
870,افاد524,منفعت دولت5-ش.خاص سپهر0108,1,1750387,1695729415538,930000,968774,968774,38774,4.17,968774,38774,4.17,968774,968774,1399-9-2
871,ضخوز1015,اختيارخ فخوز-13715-1399/10/16,1,1,7300000,6410,7300,7300,890,13.88,7300,890,13.88,7300,7300,1399-9-2
