,نماد,نام,تعداد,حجم,ارزش,دیروز,اولین,آخرین معامله - مقدار,آخرین معامله - تغییر,آخرین معامله - درصد,قیمت پایانی - مقدار,قیمت پایانی - تغییر,قیمت پایانی - درصد,کمترین,بیشترین,تاریخ
0,بوعلي,پتروشيمي بوعلي سينا,375224,46113231,3118787665800,67470,67940,67640,170,0.25,67630,160,0.24,65800,70000,1399-10-7
1,شستا,سرمايه گذاري تامين اجتماعي,95213,255347189,6008136768860,22750,22000,23880,1130,4.97,23530,780,3.43,21950,23880,1399-10-7
2,بركت,گروه دارويي بركت,69248,215254282,5996183054700,27020,28370,26600,-420,-1.55,27860,840,3.11,26160,28370,1399-10-7
3,وكبهمن,مديريت سرمايه گذاري كوثربهمن,65344,3536483,74892100491,20169,21177,21177,1008,5.0,21177,1008,5.0,21177,21177,1399-10-7
4,شپنا,پالايش نفت اصفهان,63980,315119174,4155853228050,13220,12960,13500,280,2.12,13190,-30,-0.23,12600,13880,1399-10-7
5,پالايش,صندوق پالايشي يکم-سهام,50816,29299805,2408122247340,83280,81100,82190,-1090,-1.31,82190,-1090,-1.31,79010,85490,1399-10-7
6,خودرو,ايران‌ خودرو,50802,1021949191,3296272117640,3310,3200,3240,-70,-2.11,3230,-80,-2.42,3150,3400,1399-10-7
7,وسپهر,سرمايه گذاري مالي سپهرصادرات,48150,85466732,909002583520,10685,10770,10610,-75,-0.7,10636,-49,-0.46,10549,10996,1399-10-7
8,ولپارس,ليزينگ پارسيان,42673,105382040,975639594720,8840,9280,9280,440,4.98,9260,420,4.75,8400,9280,1399-10-7
9,بپيوند,برق و انرژي پيوندگستر پارس,42620,38920980,1114906137379,30105,29000,28400,-1705,-5.66,28645,-1460,-4.85,27980,30100,1399-10-7
10,خساپا,سايپا,41768,999747600,2321518097640,2400,2330,2310,-90,-3.75,2320,-80,-3.33,2280,2450,1399-10-7
11,چخزر,صنايع چوب خزر كاسپين,39694,268775,7770822800,27536,28912,28912,1376,5.0,27738,202,0.73,28912,28912,1399-10-7
12,سيتا,سرمايه گذاري سيمان تامين,36234,70927569,1212658345280,17540,17850,16780,-760,-4.33,17100,-440,-2.51,16720,17850,1399-10-7
13,فوكا,فولاد كاويان,33471,312690769,4699241905671,15379,14611,15200,-179,-1.16,15028,-351,-2.28,14611,15960,1399-10-7
14,دارا يكم,صندوق واسطه گري مالي يكم-سهام,33063,11154725,1886339230800,170200,168220,168260,-1940,-1.14,169110,-1090,-0.64,165200,172800,1399-10-7
15,وتجارت,بانك تجارت,32816,631184667,2012155994410,3240,3190,3160,-80,-2.47,3190,-50,-1.54,3090,3350,1399-10-7
16,ثبهساز,بهساز كاشانه تهران,31117,205853216,581386564030,2700,2710,2830,130,4.81,2820,120,4.44,2710,2830,1399-10-7
17,خگستر,گسترش‌سرمايه‌گذاري‌ايران‌خودرو,30691,502545532,2066931857310,4260,4070,4120,-140,-3.29,4110,-150,-3.52,4050,4380,1399-10-7
18,دي,بانك دي,28797,75434330,2971057196697,41273,39210,39210,-2063,-5.0,39386,-1887,-4.57,39210,40670,1399-10-7
19,زملارد,كشاورزي و دامپروري ملارد شير,28028,6013265,266758141491,45286,46800,43331,-1955,-4.32,44362,-924,-2.04,43022,46800,1399-10-7
20,ثاميد,توسعه و عمران اميد,26950,162886851,366750791930,2190,2250,2230,40,1.83,2250,60,2.74,2200,2290,1399-10-7
21,بگيلان,توسعه مسير برق گيلان,26320,7427667,189769730271,25632,25750,25637,5,0.02,25549,-83,-0.32,25198,26049,1399-10-7
22,فملي,ملي‌ صنايع‌ مس‌ ايران‌,26032,86151520,1287266067720,14950,14500,14910,-40,-0.27,14940,-10,-0.07,14290,15450,1399-10-7
23,فولاد,فولاد مباركه اصفهان,25460,129166986,1744139993550,13560,13330,13620,60,0.44,13500,-60,-0.44,13170,13940,1399-10-7
24,آبادا,توليد نيروي برق آبادان,24430,9187412,166963136550,18130,18100,18100,-30,-0.17,18170,40,0.22,17730,18600,1399-10-7
25,شبندر,پالايش نفت بندرعباس,24251,78446064,2135253751970,27890,26800,27900,10,0.04,27220,-670,-2.4,26500,28590,1399-10-7
26,امين,تامين سرمايه امين,24204,20779368,227125531440,11210,11100,10930,-280,-2.5,10930,-280,-2.5,10750,11190,1399-10-7
27,شتران,پالايش نفت تهران,23128,100597596,1112723232120,11170,10920,11230,60,0.54,11060,-110,-0.98,10620,11700,1399-10-7
28,وبصادر,بانك صادرات ايران,18445,335804070,1018703886460,3020,3010,3040,20,0.66,3030,10,0.33,2910,3150,1399-10-7
29,وپارس,بانك‌پارسيان‌,17317,426059027,1688340981390,4120,4050,3930,-190,-4.61,3960,-160,-3.88,3920,4150,1399-10-7
30,پترول,گروه پتروشيمي س. ايرانيان,16999,77338854,938318685690,12450,12180,12170,-280,-2.25,12130,-320,-2.57,11880,12690,1399-10-7
31,آريا,پليمر آريا ساسول,16773,2396047,449192567184,187330,183100,186550,-780,-0.42,187472,142,0.08,183100,191000,1399-10-7
32,حكشتي,كشتيراني جمهوري اسلامي ايران,16387,33097527,803646912760,24890,24160,24150,-740,-2.97,24280,-610,-2.45,23650,25800,1399-10-7
33,پيزد,مجتمع صنايع لاستيك يزد,16067,2385431,201894070883,88428,85500,84007,-4421,-5.0,84636,-3792,-4.29,84007,88400,1399-10-7
34,زدشت,كشت و صنعت دشت خرم دره,15587,19138466,1072558612765,60130,57900,55200,-4930,-8.2,56042,-4088,-6.8,54117,59400,1399-10-7
35,شگويا,پتروشيمي تندگويان,15446,100236072,1144613054361,10954,11200,11501,547,4.99,11419,465,4.25,10800,11501,1399-10-7
36,غزر,صنعتي زر ماكارون,15243,3117166,170174239910,57260,55050,54400,-2860,-4.99,54590,-2670,-4.66,54400,56900,1399-10-7
37,وپويا,سرمايه گذاري پويا,15185,21618968,167915328653,7970,7700,7702,-268,-3.36,7767,-203,-2.55,7601,8100,1399-10-7
38,ملت,بيمه ملت,15162,72244588,1713633490270,22610,23740,23740,1130,5.0,23720,1110,4.91,23250,23740,1399-10-7
39,ذوب,سهامي ذوب آهن  اصفهان,14544,155293321,796289193848,5250,5041,5097,-153,-2.91,5128,-122,-2.32,5015,5380,1399-10-7
40,غگل,گلوكوزان‌,13952,154795464,857966363420,5780,5810,5500,-280,-4.84,5540,-240,-4.15,5500,5810,1399-10-7
41,خپارس,پارس‌ خودرو,13850,155195046,1366636951430,8400,8820,8820,420,5.0,8810,410,4.88,8600,8820,1399-10-7
42,وبملت,بانك ملت,13324,185632043,898680306150,4850,4750,4820,-30,-0.62,4840,-10,-0.21,4720,4990,1399-10-7
43,رافزا,رايان هم افزا,13254,89883,3578871411,37921,39817,39817,1896,5.0,38048,127,0.33,39817,39817,1399-10-7
44,لپارس,پارس‌ الكتريك‌,12584,4709312,745752099430,158140,161000,150850,-7290,-4.61,158360,220,0.14,150240,166040,1399-10-7
45,ثشاهد,سرمايه‌ گذاري‌ شاهد,12545,38383733,942086871310,25680,25110,24400,-1280,-4.98,24540,-1140,-4.44,24400,25670,1399-10-7
46,شبريز,پالايش نفت تبريز,12453,46513029,1540272217860,31800,31200,33390,1590,5.0,33110,1310,4.12,30800,33390,1399-10-7
47,قرن,پديده شيمي قرن,12035,22639576,1530282175230,66950,64340,69970,3020,4.51,67590,640,0.96,63630,69980,1399-10-7
48,آريان,سرمايه گذاري پارس آريان,11990,251023241,4631572930501,17580,18459,18459,879,5.0,18451,871,4.95,18002,18459,1399-10-7
49,فروي,ذوب روي اصفهان,11804,11924198,900090101569,79083,79700,75129,-3954,-5.0,75484,-3599,-4.55,75129,79700,1399-10-7
50,سبزوا,سيمان لار سبزوار,11636,92592403,547580171034,5796,6085,5700,-96,-1.66,5914,118,2.04,5600,6085,1399-10-7
51,خبهمن,گروه‌بهمن‌,11277,33984369,1076298020240,31480,31480,32000,520,1.65,31670,190,0.6,30570,32900,1399-10-7
52,وخارزم,سرمايه گذاري خوارزمي,10859,57192769,589779878320,10710,10420,10220,-490,-4.58,10310,-400,-3.73,10180,10690,1399-10-7
53,زكوثر,سرمايه گذاري كشاورزي كوثر,10525,28393686,825025856460,27830,29220,29060,1230,4.42,29060,1230,4.42,28300,29220,1399-10-7
54,وتوصا,گروه س توسعه صنعتي ايران,10478,69093201,1476712620590,22350,21240,21240,-1110,-4.97,21370,-980,-4.38,21240,22350,1399-10-7
55,بجهرم,توسعه مولد نيروگاهي جهرم,10381,104497781,454008390380,4268,4400,4260,-8,-0.19,4345,77,1.8,4200,4460,1399-10-7
56,وغدير,سرمايه‌گذاري‌غدير(هلدينگ‌,9612,40946491,498451170390,12120,11870,12180,60,0.5,12170,50,0.41,11750,12670,1399-10-7
57,تاپيكو,س. نفت و گاز و پتروشيمي تأمين,9595,43703014,614227348210,13670,13500,14350,680,4.97,14050,380,2.78,13410,14350,1399-10-7
58,ساوه,سيمان ساوه,9413,6134731,385280083544,62191,65300,60299,-1892,-3.04,62803,612,0.98,59082,65300,1399-10-7
59,تكمبا,كمباين‌ سازي‌ ايران‌,9313,73448542,1031105346150,13590,14260,13590,0,0.0,14040,450,3.31,12920,14260,1399-10-7
60,سمگا,گروه سرمايه گذاري ميراث فرهنگي,9236,40816817,1467482222024,36618,36010,35510,-1108,-3.03,35953,-665,-1.82,34800,37448,1399-10-7
61,تپمپي,پمپ‌ سازي‌ ايران‌,9200,30110935,1129818681920,35970,37760,36300,330,0.92,37520,1550,4.31,36300,37760,1399-10-7
62,كيميا,معدني كيمياي زنجان گستران,9007,16037161,658913635673,41805,39715,39960,-1845,-4.41,41087,-718,-1.72,39715,42987,1399-10-7
63,وملل,اعتباري ملل,8956,161384880,2869562468076,17842,17790,17437,-405,-2.27,17781,-61,-0.34,16970,17999,1399-10-7
64,فاراك,ماشين‌ سازي‌ اراك‌,8787,79104335,677552435830,8240,8350,8650,410,4.98,8570,330,4.0,8250,8650,1399-10-7
65,شاروم,پتروشيمي اروميه,8782,11210065,403455603843,36100,37905,34295,-1805,-5.0,35990,-110,-0.3,34295,37905,1399-10-7
66,خزاميا,زامياد,8690,42605542,584782741000,13670,13570,13520,-150,-1.1,13730,60,0.44,13300,14150,1399-10-7
67,وساپا,سرمايه‌گذاري‌ سايپا,8654,60931336,487637952230,8260,8100,8200,-60,-0.73,8000,-260,-3.15,7850,8370,1399-10-7
68,ومعلم,بيمه معلم,8635,58133706,473073723856,8100,8400,7870,-230,-2.84,8138,38,0.47,7695,8400,1399-10-7
69,فباهنر,مس‌ شهيدباهنر,8497,10349809,642213707110,59370,62320,62330,2960,4.99,62050,2680,4.51,59800,62330,1399-10-7
70,سفارس,سيمان فارس و خوزستان,8382,30331668,629974163060,20400,21420,19990,-410,-2.01,20770,370,1.81,19580,21420,1399-10-7
71,چكاپا,گروه صنايع كاغذ پارس,8334,86251200,589440027490,7110,7000,6780,-330,-4.64,6830,-280,-3.94,6760,7120,1399-10-7
72,خزر,فنرسازي‌زر,8188,28042191,937919965360,34680,33000,32950,-1730,-4.99,33450,-1230,-3.55,32950,35500,1399-10-7
73,صبا,سرمايه گذاري صبا تامين,8107,24351545,201495831568,8144,8010,8360,216,2.65,8274,130,1.6,8010,8496,1399-10-7
74,نوري,پتروشيمي نوري,8039,12071474,870878896590,68880,71380,72320,3440,4.99,72140,3260,4.73,70000,72320,1399-10-7
75,البرز,بيمه البرز,7927,96811445,574185814950,6190,6220,5890,-300,-4.85,5930,-260,-4.2,5890,6220,1399-10-7
76,فرابورس,فرابورس ايران,7787,12901796,686550876443,55495,52800,53390,-2105,-3.79,53214,-2281,-4.11,52721,55500,1399-10-7
77,سفاسي,شركت فارسيت اهواز,7620,27979195,500885917384,17498,17710,18372,874,4.99,17902,404,2.31,16700,18372,1399-10-7
78,هاي وب,داده گسترعصرنوين-هاي وب,7444,23881865,659149100010,28880,27530,27440,-1440,-4.99,27600,-1280,-4.43,27440,28300,1399-10-7
79,كالا,بورس كالاي ايران,7413,12354440,657282757490,55610,53110,52830,-2780,-5.0,53200,-2410,-4.33,52830,54990,1399-10-7
80,كوثر,بيمه كوثر,7384,29835318,820262782397,28101,28500,26696,-1405,-5.0,27493,-608,-2.16,26696,29000,1399-10-7
81,فاسمين,كالسيمين‌,7358,32517197,717845683020,21250,21600,22310,1060,4.99,22080,830,3.91,20910,22310,1399-10-7
82,كترام,توليدي‌ كاشي‌ تكسرام‌,6972,16473618,739549880340,43320,45480,45480,2160,4.99,44890,1570,3.62,42910,45480,1399-10-7
83,سشرق,سيمان‌ شرق‌,6934,65595259,543345187340,8090,8490,7960,-130,-1.61,8280,190,2.35,7820,8490,1399-10-7
84,پتاير,ايران‌ تاير,6926,3749798,616456685240,172240,164200,163630,-8610,-5.0,164400,-7840,-4.55,163630,170000,1399-10-7
85,سپاها,سيمان‌سپاهان‌,6857,37072725,397772934210,10790,11320,10360,-430,-3.99,10730,-60,-0.56,10260,11320,1399-10-7
86,فارس,صنايع پتروشيمي خليج فارس,6839,19594285,237909986210,12100,12010,12220,120,0.99,12140,40,0.33,11700,12600,1399-10-7
87,تليسه,دامداري تليسه نمونه,6683,46144242,341500202427,7764,7410,7376,-388,-5.0,7401,-363,-4.68,7376,7746,1399-10-7
88,دزهراوي,داروسازي‌زهراوي‌,6679,26796421,407901213790,15540,15900,14770,-770,-4.95,15220,-320,-2.06,14770,16000,1399-10-7
89,شسينا,صنايع‌شيميايي‌سينا,6524,2212596,398319999130,185440,189900,176170,-9270,-5.0,180020,-5420,-2.92,176170,189900,1399-10-7
90,غشهداب,كشت و صنعت شهداب ناب خراسان,6491,69807922,384916619031,5771,5800,5483,-288,-4.99,5514,-257,-4.45,5483,5800,1399-10-7
91,كرازي,كارخانجات‌توليدي‌شيشه‌رازي‌,6386,16409784,468184401470,27400,26550,28770,1370,5.0,28530,1130,4.12,26550,28770,1399-10-7
92,ونيرو,سرمايه‌گذاري‌نيرو,6254,67120524,278347220920,4180,4140,4120,-60,-1.44,4150,-30,-0.72,4060,4270,1399-10-7
93,خمحركه,نيرو محركه‌,6242,44313791,299463098430,7040,6720,6750,-290,-4.12,6760,-280,-3.98,6690,7240,1399-10-7
94,غگلستا,شير پاستوريزه پگاه گلستان,6183,24815732,624840220849,25696,26980,24412,-1284,-5.0,25179,-517,-2.01,24412,26980,1399-10-7
95,ونيكي,سرمايه‌گذاري‌ ملي‌ايران‌,6143,23230625,454544912600,20480,19490,19460,-1020,-4.98,19570,-910,-4.44,19460,20300,1399-10-7
96,دماوند,توليد نيروي برق دماوند,5948,5760058,391566635918,68094,69355,66750,-1344,-1.97,67980,-114,-0.17,65920,69980,1399-10-7
97,قچار,فراوردههاي غذايي وقند چهارمحال,5801,8112552,608175922072,71717,75302,75302,3585,5.0,74967,3250,4.53,71720,75302,1399-10-7
98,خرينگ,رينگ‌سازي‌مشهد,5790,7340387,526167120360,74910,72010,72450,-2460,-3.28,71680,-3230,-4.31,71170,74500,1399-10-7
99,غبهار,كشت وصنعت بهاران گلبهار خراسان,5776,6357462,320360417634,51168,50000,49633,-1535,-3.0,50391,-777,-1.52,49633,52400,1399-10-7
100,سدور,سيمان‌ دورود,5763,38594907,470537343960,12260,12870,11650,-610,-4.98,12190,-70,-0.57,11650,12870,1399-10-7
101,قنيشا,قند  نيشابور,5736,6564481,456448191540,67750,65300,71130,3380,4.99,69530,1780,2.63,64370,71130,1399-10-7
102,انرژي3,سايراشخاص بورس انرژي,5714,1400313,528270853590,362700,360000,380830,18130,5.0,377250,14550,4.01,360000,380830,1399-10-7
103,توريل,توکاريل,5706,17797423,527836601975,30536,30820,29900,-636,-2.08,29658,-878,-2.88,29010,31230,1399-10-7
104,غنوش,نوش‌ مازندران‌,5648,7850117,530738523840,68700,71470,65270,-3430,-4.99,67610,-1090,-1.59,65270,71470,1399-10-7
105,ثنوسا,نوسازي‌وساختمان‌تهران‌,5567,33500072,503371756940,15450,15340,15200,-250,-1.62,15030,-420,-2.72,14680,15920,1399-10-7
106,تكشا,گسترش‌صنايع‌وخدمات‌كشاورزي‌,5554,8751090,563409064800,61960,62000,65050,3090,4.99,64380,2420,3.91,61960,65050,1399-10-7
107,وتوكا,سرمايه‌گذاري‌توكافولاد(هلدينگ,5551,37160139,566056251950,14940,15500,15300,360,2.41,15230,290,1.94,14510,15680,1399-10-7
108,ماديرا,صنايع ماشين هاي اداري ايران,5548,13912344,430022074139,32262,31020,30880,-1382,-4.28,30909,-1353,-4.19,30649,32100,1399-10-7
109,غسالم,سالمين‌,5545,48993351,326807379350,6970,6710,6630,-340,-4.88,6670,-300,-4.3,6630,6900,1399-10-7
110,ونوين,بانك‌اقتصادنوين‌,5514,86816045,472502147400,5570,5420,5400,-170,-3.05,5440,-130,-2.33,5310,5690,1399-10-7
111,ودي,بيمه  دي,5495,18135037,554056127081,31015,31020,29465,-1550,-5.0,30552,-463,-1.49,29465,31947,1399-10-7
112,بكام,كارخانجات توليدي شهيد قندي,5484,65226494,315877600900,5040,5040,4790,-250,-4.96,4840,-200,-3.97,4790,5040,1399-10-7
113,حفاري,حفاري شمال,5449,29464128,388849730340,13150,12980,13010,-140,-1.06,13200,50,0.38,12900,13660,1399-10-7
114,ثقزوي,شركت عمران و سازندگي قزوين,5422,10953859,368149975777,33145,33145,34139,994,3.0,33609,464,1.4,32200,34139,1399-10-7
115,تملت,تامين سرمايه بانك ملت,5326,18985465,186849451280,10280,9940,9770,-510,-4.96,9840,-440,-4.28,9770,10200,1399-10-7
116,ستران,سيمان‌ تهران‌,5318,9522282,373088649800,38560,40480,38000,-560,-1.45,39180,620,1.61,36780,40480,1399-10-7
117,خريخت,صنايع‌ريخته‌گري‌ايران‌,5277,57691911,283412956760,4750,4960,4980,230,4.84,4910,160,3.37,4690,4980,1399-10-7
118,خصدرا,صنعتي‌ دريايي‌ ايران‌,5245,63525966,323452626945,5242,5095,5085,-157,-3.0,5092,-150,-2.86,5085,5219,1399-10-7
119,فخوز,فولاد  خوزستان,5202,16620063,262713013630,15990,15660,15800,-190,-1.19,15810,-180,-1.13,15330,16300,1399-10-7
120,وسديد,گروه ‌صنعتي‌سديد,5172,22176873,642796999449,29814,29955,28920,-894,-3.0,28985,-829,-2.78,28920,29955,1399-10-7
121,غگيلا,شيرپاستوريزه پگاه گيلان,5163,588215,12024291030,19469,20442,20442,973,5.0,19689,220,1.13,20442,20442,1399-10-7
122,سدبير,س. تدبيرگران فارس وخوزستان,5095,12999461,703495638781,53401,56071,51890,-1511,-2.83,54117,716,1.34,50731,56071,1399-10-7
123,اخابر,مخابرات ايران,5063,31766146,438298134710,14120,13430,13600,-520,-3.68,13800,-320,-2.27,13430,14420,1399-10-7
124,كروي,توسعه‌ معادن‌ روي‌ ايران‌,5034,11149706,448048931680,41820,42980,40900,-920,-2.2,40180,-1640,-3.92,39730,42980,1399-10-7
125,دكيمي,كيميدارو,5025,9061136,299007059210,31770,33350,32290,520,1.64,33000,1230,3.87,30190,33350,1399-10-7
126,گدنا,تهيه توزيع غذاي دنا آفرين فدك,4943,3100857,147436447779,45283,47547,47547,2264,5.0,47547,2264,5.0,47547,47547,1399-10-7
127,سكرد,سيمان كردستان,4935,25072766,247834736500,9570,10040,9550,-20,-0.21,9880,310,3.24,9250,10040,1399-10-7
128,وهور,مديريت انرژي اميد  تابان هور,4925,14315525,659844260517,44008,46208,45940,1932,4.39,46093,2085,4.74,45265,46208,1399-10-7
129,كچاد,معدني‌وصنعتي‌چادرملو,4909,18705476,384753470440,20520,20500,20990,470,2.29,20570,50,0.24,19800,21050,1399-10-7
130,گوهران,سرمايه گذاري توسعه گوهران اميد,4841,28223363,298913804159,10154,10270,10661,507,4.99,10591,437,4.3,10154,10661,1399-10-7
131,شيران,س. صنايع‌شيميايي‌ايران,4829,10622906,423164109010,41510,40210,39440,-2070,-4.99,39840,-1670,-4.02,39440,41300,1399-10-7
132,حآسا,آسيا سير ارس,4803,7641478,340540118677,43082,45000,45236,2154,5.0,44565,1483,3.44,43082,45236,1399-10-7
133,تبرك,گروه كارخانجات صنعتي تبرك,4800,10980354,284276197144,27055,26400,25703,-1352,-5.0,25890,-1165,-4.31,25703,26899,1399-10-7
134,خكمك,كمك‌فنرايندامين‌,4773,7565980,299535385650,41190,39250,39140,-2050,-4.98,39590,-1600,-3.88,39140,41180,1399-10-7
135,وايران,ليزينگ ايرانيان,4690,30729753,395545544420,13420,12760,13200,-220,-1.64,12870,-550,-4.1,12750,13400,1399-10-7
136,قاسم,قاسم ايران,4682,18286785,320125288500,16969,17470,17690,721,4.25,17506,537,3.16,16150,17800,1399-10-7
137,وصنعت,سرمايه گذاري توسعه صنعت وتجارت,4675,29903629,225014430590,7840,7550,7570,-270,-3.44,7520,-320,-4.08,7450,7730,1399-10-7
138,دجابر,داروسازي‌ جابرابن‌حيان‌,4651,13288791,363553392270,26250,27560,27560,1310,4.99,27360,1110,4.23,25420,27560,1399-10-7
139,ولساپا,ليزينگ رايان‌ سايپا,4515,56948120,246435226130,4480,4500,4280,-200,-4.46,4330,-150,-3.35,4260,4500,1399-10-7
140,ومعادن,توسعه‌معادن‌وفلزات‌,4493,20428283,280088573330,14000,13850,13600,-400,-2.86,13710,-290,-2.07,13400,14200,1399-10-7
141,زشريف,كشت وصنعت شريف آباد,4428,6187545,196171723779,31515,32700,29960,-1555,-4.93,31704,189,0.6,29940,33020,1399-10-7
142,خكاوه,سايپا ديزل,4407,49433912,279291544781,5622,5550,5730,108,1.92,5650,28,0.5,5454,5790,1399-10-7
143,فولاي,صنايع فولاد آلياژي يزد,4345,5620594,244457859131,41665,43748,43070,1405,3.37,43493,1828,4.39,42370,43748,1399-10-7
144,شپديس,پتروشيمي پرديس,4341,4446270,465220770960,104970,103000,103500,-1470,-1.4,104630,-340,-0.32,102000,106300,1399-10-7
145,رانفور,خدمات‌انفورماتيك‌,4327,14611967,521811245790,35820,34570,37610,1790,5.0,35710,-110,-0.31,34030,37610,1399-10-7
146,وبوعلي,سرمايه‌گذاري‌بوعلي‌,4318,28144479,213669405690,7510,7600,7440,-70,-0.93,7590,80,1.07,7350,7790,1399-10-7
147,سيمرغ,سيمرغ,4317,10013262,223530037160,22690,22990,21560,-1130,-4.98,22320,-370,-1.63,21560,23320,1399-10-7
148,كفپارس,فرآورده‌هاي‌ نسوز پارس‌,4287,26661188,199069350840,7810,7580,7420,-390,-4.99,7470,-340,-4.35,7420,7790,1399-10-7
149,شغدير,پتروشيمي غدير,4225,10060370,734274061318,69783,71510,73272,3489,5.0,72987,3204,4.59,69850,73272,1399-10-7
150,خاذين,سايپاآذين‌,4096,35394194,233515717960,6600,6820,6460,-140,-2.12,6600,0,0.0,6350,6820,1399-10-7
151,كوير,توليدي فولاد سپيد فراب كوير,4060,19011248,447947098910,24600,24500,23500,-1100,-4.47,23560,-1040,-4.23,23370,24800,1399-10-7
152,درهآور,دارويي ره آورد تامين,4042,8486160,409253831057,50354,47837,47837,-2517,-5.0,48226,-2128,-4.23,47837,50190,1399-10-7
153,حتايد,تايدواترخاورميانه,4027,13916484,358578968600,26220,27000,24910,-1310,-5.0,25770,-450,-1.72,24910,27000,1399-10-7
154,بكهنوج,توليد برق ماهتاب كهنوج,4016,60092276,168461138893,2939,2900,2793,-146,-4.97,2803,-136,-4.63,2793,2900,1399-10-7
155,بپاس,بيمه پاسارگاد,3998,3851069,382280908697,97785,98000,99999,2214,2.26,99266,1481,1.51,97681,101300,1399-10-7
156,ولغدر,ليزينگ‌خودروغدير,3970,10810049,310910896270,27740,28820,29120,1380,4.97,28760,1020,3.68,27300,29120,1399-10-7
157,وپاسار,بانك  پاسارگاد,3947,37165384,446157510870,11910,11910,12040,130,1.09,12000,90,0.76,11710,12190,1399-10-7
158,نوين,بيمه نوين,3939,22644680,209110508096,9568,9848,9090,-478,-5.0,9234,-334,-3.49,9090,9848,1399-10-7
159,رنيك,جنرال مكانيك,3917,9819375,295070487866,30995,30940,29446,-1549,-5.0,30050,-945,-3.05,29446,31449,1399-10-7
160,كاوه,فولاد كاوه جنوب كيش,3901,19585770,436080475550,22150,22090,22110,-40,-0.18,22270,120,0.54,21500,22890,1399-10-7
161,ولشرق,ليزينگ ايران و شرق,3882,21119183,189676139910,8835,9000,8591,-244,-2.76,8981,146,1.65,8456,9276,1399-10-7
162,شلرد,كود شيميايي اوره لردگان,3879,27035023,262426441611,9967,9670,9690,-277,-2.78,9707,-260,-2.61,9668,9980,1399-10-7
163,كمنگنز,معادن‌منگنزايران‌,3873,3409482,421663311660,122160,128260,119000,-3160,-2.59,123670,1510,1.24,116060,128260,1399-10-7
164,چدن,توليدي چدن سازان,3846,9979486,390726710480,39320,38020,40110,790,2.01,39150,-170,-0.43,38000,41000,1399-10-7
165,كلر,كلر پارس,3842,4020914,349507540336,86649,89700,87200,551,0.64,86922,273,0.32,84050,89700,1399-10-7
166,دلقما,دارويي‌ لقمان‌,3795,6662150,228972657030,34070,35770,32740,-1330,-3.9,34370,300,0.88,32400,35770,1399-10-7
167,بزاگرس,نيروگاه زاگرس كوثر,3777,17064606,195251282767,12000,12000,11400,-600,-5.0,11442,-558,-4.65,11400,12000,1399-10-7
168,زمگسا,كشاورزي‌ ودامپروي‌ مگسال‌,3715,6464475,339357074820,55190,52440,52440,-2750,-4.98,52500,-2690,-4.87,52440,53440,1399-10-7
169,وثخوز,سرمايه گذاري و توسعه خوزستان,3713,3742484,260993722543,71503,75000,67928,-3575,-5.0,69738,-1765,-2.47,67928,75000,1399-10-7
170,زاگرس,پتروشيمي زاگرس,3698,1619456,368529883782,233462,223500,227532,-5930,-2.54,227564,-5898,-2.53,223000,237850,1399-10-7
171,حفارس,حمل و نقل بين المللي خليج فارس,3697,64903414,307756928960,4530,4740,4750,220,4.86,4740,210,4.64,4610,4750,1399-10-7
172,ميهن,بيمه ميهن,3688,27599791,200588697261,7595,7240,7216,-379,-4.99,7268,-327,-4.31,7216,7595,1399-10-7
173,سخاش,سيمان‌خاش‌,3686,1944182,246863831810,121030,127080,124110,3080,2.54,126980,5950,4.92,122960,127080,1399-10-7
174,شكلر,نيروكلر,3686,6078004,402720605420,69250,67000,65790,-3460,-5.0,66260,-2990,-4.32,65790,69000,1399-10-7
175,ورنا,سرمايه‌گذاري‌ رنا(هلدينگ‌,3651,23660427,191111499880,8320,8220,8060,-260,-3.13,8080,-240,-2.88,7910,8460,1399-10-7
176,ونفت,سرمايه‌گذاري‌ صنعت‌ نفت‌,3635,19802670,388861155230,18910,19500,19850,940,4.97,19640,730,3.86,18300,19850,1399-10-7
177,والبر,سرمايه‌ گذاري‌ البرز(هلدينگ‌,3618,12791863,287637255380,23470,23030,22300,-1170,-4.99,22490,-980,-4.18,22300,23710,1399-10-7
178,قصفها,قنداصفهان‌,3568,1173159,241350334470,215430,215000,204660,-10770,-5.0,205730,-9700,-4.5,204660,215000,1399-10-7
179,كحافظ,كاشي‌ وسراميك‌ حافظ‌,3511,12232489,206658048880,17700,17500,16820,-880,-4.97,16890,-810,-4.58,16820,17640,1399-10-7
180,وپست,پست بانك ايران,3499,11637325,218667531710,18640,19000,19030,390,2.09,18790,150,0.8,18010,19400,1399-10-7
181,وسينا,بانك سينا,3485,20934297,229173670510,11220,11100,11050,-170,-1.52,10950,-270,-2.41,10660,11440,1399-10-7
182,پرديس,سرمايه گذاري پرديس,3431,24428891,197205435970,7760,7990,8070,310,3.99,8070,310,3.99,7380,8140,1399-10-7
183,وسرمد,بيمه  سرمد,3429,49215186,465796090673,9251,9528,9270,19,0.21,9464,213,2.3,8974,9528,1399-10-7
184,كگل,معدني و صنعتي گل گهر,3396,14188123,268241942070,18940,18940,19090,150,0.79,18910,-30,-0.16,18180,19370,1399-10-7
185,هجرت,پخش هجرت,3393,10549520,416028894322,39406,41376,37436,-1970,-5.0,39436,30,0.08,37436,41376,1399-10-7
186,خچرخش,چرخشگر,3380,11032254,194820761160,17760,17330,18350,590,3.32,17660,-100,-0.56,16880,18600,1399-10-7
187,غصينو,صنعتي مينو,3380,4702153,399122862283,88475,85000,84052,-4423,-5.0,84881,-3594,-4.06,84052,88470,1399-10-7
188,شفارس,صنايع‌ شيميايي‌ فارس‌,3354,4780105,330615904270,65980,67500,69270,3290,4.99,69160,3180,4.82,66500,69270,1399-10-7
189,كگاز,شيشه‌ و گاز,3334,8960707,226894692140,24620,25840,25850,1230,5.0,25320,700,2.84,23700,25850,1399-10-7
190,سيدكو,سرمايه گذاري توسعه صنايع سيمان,3331,18682370,174849667420,9140,9590,9070,-70,-0.77,9360,220,2.41,8750,9590,1399-10-7
191,دارو,كارخانجات‌داروپخش‌,3325,7154170,242301421020,32440,34060,33980,1540,4.75,33870,1430,4.41,31550,34060,1399-10-7
192,خكرمان,گروه اقتصادي كرمان خودرو,3316,31480115,198943689359,6449,6590,6256,-193,-2.99,6320,-129,-2.0,6256,6590,1399-10-7
193,ريشمك,توليد و صادرات ريشمك,3306,4378423,287425391462,68799,65410,65360,-3439,-5.0,65646,-3153,-4.58,65360,68750,1399-10-7
194,دفارا,داروسازي‌ فارابي‌,3297,7354570,569466768060,78270,74360,78000,-270,-0.34,77430,-840,-1.07,74360,79400,1399-10-7
195,تكنو,تكنوتار,3283,12443162,213069401440,16450,17260,16740,290,1.76,17120,670,4.07,16490,17270,1399-10-7
196,دابور,داروسازي‌ ابوريحان‌,3269,4950896,259007188100,54620,55100,51890,-2730,-5.0,52320,-2300,-4.21,51890,55100,1399-10-7
197,غچين,كشت‌ و صنعت‌ چين‌ چين,3254,3027208,230351187240,75390,77500,75000,-390,-0.52,76090,700,0.93,72000,79000,1399-10-7
198,ثعمرا,عمران و توسعه شاهد,3219,13000808,192393640796,15128,14510,14449,-679,-4.49,14799,-329,-2.17,14372,15700,1399-10-7
199,وسبحان,سرمايه گذاري سبحان,3207,19720613,201357994889,10701,10660,10166,-535,-5.0,10211,-490,-4.58,10166,10660,1399-10-7
200,فسازان,غلتك سازان سپاهان,3198,8793931,348769067350,39370,38000,39800,430,1.09,39660,290,0.74,37410,40990,1399-10-7
201,ددام,داروسازي زاگرس فارمد پارس,3197,9222019,162402497500,18050,18900,17150,-900,-4.99,17610,-440,-2.44,17150,18900,1399-10-7
202,شزنگ,تجهيزنيروي‌زنگان‌,3161,1442107,354882779913,246329,253718,253718,7389,3.0,246086,-243,-0.1,238940,253718,1399-10-7
203,ارفع,شركت آهن و فولاد ارفع,3134,11084590,175818204351,15571,15200,16029,458,2.94,15861,290,1.86,15050,16300,1399-10-7
204,دامين,داروسازي‌ امين‌,3114,14768900,272575911100,17640,18520,18170,530,3.0,18460,820,4.65,17200,18520,1399-10-7
205,سبهان,سيمان‌ بهبهان‌,3084,2232089,176822504040,78450,82370,74530,-3920,-5.0,79220,770,0.98,74530,82370,1399-10-7
206,وهنر,گروه توسعه هنر ايران,3080,38671554,217906621687,5591,5750,5758,167,2.99,5635,44,0.79,5424,5758,1399-10-7
207,حپارسا,توسعه حمل و نقل ريلي پارسيان,3069,6586595,257375813899,39610,41590,37690,-1920,-4.85,39076,-534,-1.35,37630,41590,1399-10-7
208,وساخت,سرمايه‌ گذاري‌ ساختمان‌ايران‌,3068,3706656,238421415660,67160,67700,64400,-2760,-4.11,64320,-2840,-4.23,63810,67700,1399-10-7
209,فرآور,فرآوري‌موادمعدني‌ايران‌,3037,8192832,248786402780,31580,30030,30130,-1450,-4.59,30370,-1210,-3.83,30010,31320,1399-10-7
210,كمند,صندوق س. با درآمد ثابت كمند,3033,140696469,1424179212571,10115,10121,10123,8,0.08,10122,7,0.07,10120,10125,1399-10-7
211,فخاس,فولاد خراسان,2995,7315399,247608324790,32290,33900,33900,1610,4.99,33850,1560,4.83,33100,33900,1399-10-7
212,كلوند,كاشي‌ الوند,2993,5658884,192329385120,35350,35440,33590,-1760,-4.98,33990,-1360,-3.85,33590,35440,1399-10-7
213,سهگمت,سيمان‌هگمتان‌,2992,8509517,233608551430,27220,28480,26800,-420,-1.54,27450,230,0.84,25860,28480,1399-10-7
214,غمينو,شركت صنايع غذايي مينو شرق,2984,9808419,162052424125,17238,17939,16377,-861,-4.99,16522,-716,-4.15,16377,17939,1399-10-7
215,هرمز,فولاد هرمزگان جنوب,2978,15673425,232871441414,15017,14700,14780,-237,-1.58,14858,-159,-1.06,14320,15500,1399-10-7
216,ختور,رادياتور ايران‌,2960,6190364,244479929480,41330,39620,39270,-2060,-4.98,39490,-1840,-4.45,39270,41320,1399-10-7
217,وبانك,سرمايه گذاري گروه توسعه ملي,2952,12148148,122025689350,10190,10190,10020,-170,-1.67,10040,-150,-1.47,9790,10450,1399-10-7
218,فنوال,نورد آلومينيوم‌,2944,6044049,177009066160,29010,28000,29360,350,1.21,29290,280,0.97,28000,30000,1399-10-7
219,ثمسكن,سرمايه‌گذاري‌ مسكن‌,2901,22901802,151496685560,6610,6800,6490,-120,-1.82,6620,10,0.15,6380,6890,1399-10-7
220,زبينا,كشاورزي و دامپروري بينالود,2871,2732353,146537947068,54277,55691,53200,-1077,-1.98,53631,-646,-1.19,52000,56100,1399-10-7
221,ساروم,سيمان‌اروميه‌,2805,6305862,192252175690,30810,32340,29990,-820,-2.66,30490,-320,-1.04,29270,32340,1399-10-7
222,وليز,ليزينگ‌ايران‌,2800,22691505,220771013080,9370,9590,9830,460,4.91,9730,360,3.84,9210,9830,1399-10-7
223,ساربيل,سيمان آرتا اردبيل,2800,2584757,133405875730,52480,54000,49910,-2570,-4.9,51610,-870,-1.66,49860,54000,1399-10-7
224,مرقام,ايران‌ارقام‌,2796,7377116,185394314940,25310,25600,25650,340,1.34,25130,-180,-0.71,24370,25700,1399-10-7
225,سيلام,سيمان‌ ايلام‌,2794,27573352,316996057760,10990,11530,11530,540,4.91,11500,510,4.64,11060,11530,1399-10-7
226,سخوز,سيمان خوزستان,2751,6580386,176648890290,26120,27110,26000,-120,-0.46,26840,720,2.76,25260,27420,1399-10-7
227,رتكو,كنترل‌خوردگي‌تكين‌كو,2735,12185666,268183458260,22680,21820,21550,-1130,-4.98,22010,-670,-2.95,21550,23300,1399-10-7
228,دتوزيعح,ح . توزيع دارو پخش,2731,7979084,241528116980,28891,30335,30335,1444,5.0,30270,1379,4.77,29010,30335,1399-10-7
229,ومهان,گروه توسعه مالي مهر آيندگان,2706,7741563,122913847239,15996,15400,16023,27,0.17,15877,-119,-0.74,15367,16500,1399-10-7
230,ثالوند,سرمايه گذاري مسكن الوند,2649,13052863,227778087512,17142,17999,16690,-452,-2.64,17450,308,1.8,16441,17999,1399-10-7
231,قشير,قند شيروان قوچان و بجنورد,2606,4233174,144332980602,35488,35980,33714,-1774,-5.0,34096,-1392,-3.92,33714,35980,1399-10-7
232,دكپسول,توليد ژلاتين كپسول ايران,2605,6178166,298431018140,47337,49703,45781,-1556,-3.29,48304,967,2.04,44971,49703,1399-10-7
233,تايرا,تراكتورسازي‌ايران‌,2589,11175723,405944393950,35310,37000,35800,490,1.39,36320,1010,2.86,35500,37070,1399-10-7
234,وآوا,سرمايه گذاري آوا نوين,2568,20196304,170262510627,8659,8700,8227,-432,-4.99,8430,-229,-2.64,8227,8831,1399-10-7
235,غپاك,لبنيات‌ پاك‌,2555,12336323,203733152430,16970,17210,16130,-840,-4.95,16510,-460,-2.71,16130,17360,1399-10-7
236,اعتلا,شركت سرمايه گذاري اعتلاء البرز,2552,11987653,138834176631,11862,12200,11269,-593,-5.0,11581,-281,-2.37,11269,12267,1399-10-7
237,ميدكو,هلدينگ صنايع  معدني خاورميانه,2545,10283087,319940520328,31164,31164,31194,30,0.1,31113,-51,-0.16,30540,31300,1399-10-7
238,حرهشا,رهشاد سپاهان (سهامي عام,2540,3253555,213314570732,64191,66116,66116,1925,3.0,65564,1373,2.14,62266,66116,1399-10-7
239,تاپكيش,تجارت الكترونيك پارسيان كيش,2540,6200597,152678466849,25798,24509,24509,-1289,-5.0,24623,-1175,-4.55,24509,25489,1399-10-7
240,بنو,بيمه تجارت نو,2536,5614441,171861657874,30753,30100,30800,47,0.15,30611,-142,-0.46,29500,31600,1399-10-7
241,وسين,بيمه سينا,2527,8378016,215193907588,26167,27400,24859,-1308,-5.0,25686,-481,-1.84,24859,27400,1399-10-7
242,آگاس,صندوق س.هستي بخش آگاه-س,2506,2061437,153275078146,75307,75200,74200,-1107,-1.47,74354,-953,-1.27,73000,76150,1399-10-7
243,مدير,ص.س.مديريت ثروت ص.بازنشستگي-س,2505,14106113,150987791633,10868,10867,10660,-208,-1.91,10704,-164,-1.51,10421,11100,1399-10-7
244,افق,فروشگاههاي زنجيره اي افق كوروش,2483,1886095,155022266860,81150,80020,82900,1750,2.16,82190,1040,1.28,78600,84900,1399-10-7
245,سرو,صندوق س سروسودمند مدبران-سهام,2455,2948046,218171795310,74450,74050,73800,-650,-0.87,74010,-440,-0.59,72400,75190,1399-10-7
246,وشهر,بانك شهر,2449,19805549,131423473911,6865,6600,6591,-274,-3.99,6636,-229,-3.34,6591,6900,1399-10-7
247,خشرق,الكتريك‌ خودرو شرق‌,2427,9006449,192704162710,22270,22270,21180,-1090,-4.89,21400,-870,-3.91,21160,22500,1399-10-7
248,شكربن,كربن‌ ايران‌,2410,7306465,686492027850,90020,90500,94520,4500,5.0,93960,3940,4.38,87050,94520,1399-10-7
249,رمپنا,گروه مپنا (سهامي عام),2397,12394715,239096697130,19800,19300,19150,-650,-3.28,19290,-510,-2.58,18830,19960,1399-10-7
250,پلاسك,پلاسكوكار,2388,11133084,95518851400,8870,9000,8500,-370,-4.17,8580,-290,-3.27,8430,9000,1399-10-7
251,زقيام,كشت و دام قيام اصفهان,2371,5657187,224934545158,41767,40005,39679,-2088,-5.0,39761,-2006,-4.8,39679,41000,1399-10-7
252,ضخود1042,اختيارخ خودرو-3000-1399/10/07,2343,117186,4271444000,107,60,1,-106,-99.07,36,-71,-66.36,1,108,1399-10-7
253,خموتور,موتورسازان‌تراكتورسازي‌ايران‌,2310,19881313,324818312430,15650,16420,16390,740,4.73,16340,690,4.41,15600,16430,1399-10-7
254,تنوين,تامين سرمايه نوين,2306,17398128,128798232980,7590,7800,7220,-370,-4.87,7400,-190,-2.5,7220,7800,1399-10-7
255,لپيام,گسترش صنايع پيام,2287,5647413,194943919139,34237,34670,35264,1027,3.0,34519,282,0.82,33210,35264,1399-10-7
256,حبندر,دريايي و کشتيراني خط دريابندر,2264,4887845,162402906640,33419,34421,32418,-1001,-3.0,33226,-193,-0.58,32417,34421,1399-10-7
257,وسكاب,س.ص.بازنشستگي كاركنان بانكها,2243,20700853,146669527650,7300,7270,6940,-360,-4.93,7090,-210,-2.88,6940,7300,1399-10-7
258,فلوله,لوله‌وماشين‌سازي‌ايران‌,2235,5846919,155092869160,26100,26800,25830,-270,-1.03,26530,430,1.65,25030,27400,1399-10-7
259,وكادو,تكادو,2231,10064286,240064969678,23591,24280,24298,707,3.0,23853,262,1.11,22884,24298,1399-10-7
260,ثزاگرس,سرمايه گذاري توسعه عمران زاگرس,2226,2541461,129310459976,52177,54000,49569,-2608,-5.0,50880,-1297,-2.49,49569,54000,1399-10-7
261,بورس,بورس اوراق بهادار تهران,2206,2627665,152431031800,59840,58210,57850,-1990,-3.33,58010,-1830,-3.06,56850,61980,1399-10-7
262,حسير,ريل سير كوثر,2186,6238746,116289295015,18792,19030,18380,-412,-2.19,18640,-152,-0.81,17870,19520,1399-10-7
263,ساراب,سيمان‌ داراب‌,2180,7483753,112081946880,15180,15930,14440,-740,-4.87,14980,-200,-1.32,14430,15930,1399-10-7
264,دتماد,توليدمواداوليه‌داروپخش‌,2158,4390850,256222893900,61030,61000,57980,-3050,-5.0,58350,-2680,-4.39,57980,61000,1399-10-7
265,كاذر,فرآورده‌هاي‌نسوزآذر,2147,10125656,275726854580,26110,27400,27410,1300,4.98,27230,1120,4.29,26300,27410,1399-10-7
266,بساما,بيمه سامان,2144,5176933,153598121561,30698,29200,29790,-908,-2.96,29670,-1028,-3.35,29164,31000,1399-10-7
267,غشان,شيرپاستوريزه‌پگاه‌خراسان‌,2139,10325915,86772179620,8720,8840,8370,-350,-4.01,8400,-320,-3.67,8290,8840,1399-10-7
268,شسپا,نفت سپاهان,2136,4194968,116134509530,27710,26810,27600,-110,-0.4,27680,-30,-0.11,26810,28640,1399-10-7
269,وبيمه,سرمايه‌ گذاري‌ صنعت‌ بيمه‌,2124,27705433,98211605450,3680,3800,3500,-180,-4.89,3540,-140,-3.8,3500,3800,1399-10-7
270,كفرا,فراورده‌ هاي‌ نسوزايران‌,2123,2232207,156313720010,67630,68990,69800,2170,3.21,70030,2400,3.55,67020,71010,1399-10-7
271,خمهر,مهركام‌پارس‌,2121,15288766,116795148960,7910,7920,7520,-390,-4.93,7640,-270,-3.41,7520,8050,1399-10-7
272,رتاپ,تجارت الكترونيك  پارسيان,2119,8588832,67962302910,8280,8100,7870,-410,-4.95,7910,-370,-4.47,7870,8210,1399-10-7
273,داسوه,داروسازي‌ اسوه‌,2112,7049330,239716090410,33840,35530,32240,-1600,-4.73,34010,170,0.5,32150,35530,1399-10-7
274,ولصنم,ليزينگ‌صنعت‌ومعدن‌,2108,9591750,101420544560,11040,11190,10490,-550,-4.98,10570,-470,-4.26,10490,11190,1399-10-7
275,شوينده,مديريت صنعت شوينده ت.ص.بهشهر,2105,2981818,122490855370,43070,42800,40920,-2150,-4.99,41080,-1990,-4.62,40920,42800,1399-10-7
276,كپرور,فرآوري زغال سنگ پروده طبس,2085,4572249,232443150881,49376,49461,51844,2468,5.0,50838,1462,2.96,47100,51844,1399-10-7
277,پاكشو,گروه صنعتي پاكشو,2083,1485718,121128535050,80950,81000,81150,200,0.25,81530,580,0.72,78260,84000,1399-10-7
278,وتوسم,سرمايه‌گذاري‌توسعه‌ملي‌,2055,10501133,142505162250,13160,13180,13800,640,4.86,13570,410,3.12,12650,13810,1399-10-7
279,تنوينح,ح . تامين سرمايه نوين,2050,8410286,44440167244,5369,5500,5200,-169,-3.15,5284,-85,-1.58,5115,5510,1399-10-7
280,دتوليد,داروسازي توليد دارو,2045,3451991,136445679824,41131,42250,39075,-2056,-5.0,39527,-1604,-3.9,39075,42250,1399-10-7
281,شصدف,صنعتي دوده فام,2044,79864,2165192904,25820,27111,27111,1291,5.0,25872,52,0.2,27111,27111,1399-10-7
282,سشمال,سيمان‌ شمال‌,2041,8098271,88986843540,11210,11740,10650,-560,-5.0,10990,-220,-1.96,10650,11740,1399-10-7
283,كهمدا,شيشه‌ همدان‌,2041,8277936,103914913050,13130,13350,12480,-650,-4.95,12550,-580,-4.42,12480,13350,1399-10-7
284,كمرجان,بازرگاني و توليدي مرجان كار,2041,2198521,201512648964,87409,91779,91779,4370,5.0,91658,4249,4.86,89020,91779,1399-10-7
285,كپارس,كاشي‌ پارس‌,2037,1786543,334164712100,178150,187050,187050,8900,5.0,187050,8900,5.0,185020,187050,1399-10-7
286,فسرب,ملي‌ سرب‌وروي‌ ايران‌,2025,937261,126718938260,138020,133000,133950,-4070,-2.95,135200,-2820,-2.04,131300,140000,1399-10-7
287,اميد,تامين سرمايه اميد,2002,9737510,117350261730,12620,12450,12040,-580,-4.6,12050,-570,-4.52,11990,12600,1399-10-7
288,سخزر,سيمان‌ خزر,1956,4205928,144148225930,34780,35010,33050,-1730,-4.97,34270,-510,-1.47,33050,36500,1399-10-7
289,وايرا,سرمايه گذاري صنايع ايران,1945,12846958,138845367421,10799,10476,10617,-182,-1.69,10808,9,0.08,10476,11122,1399-10-7
290,درازك,دارويي‌ رازك‌,1944,4968046,255068469800,50650,53180,49590,-1060,-2.09,51340,690,1.36,48520,53180,1399-10-7
291,قثابت,قند ثابت‌ خراسان‌,1941,2512146,212345709650,88190,88900,83790,-4400,-4.99,84530,-3660,-4.15,83790,88900,1399-10-7
292,ثتران,سرمايه گذاري مسكن تهران,1911,19386819,107352072737,5583,5760,5420,-163,-2.92,5537,-46,-0.82,5304,5800,1399-10-7
293,ثباغ,شهر سازي و خانه سازي باغميشه,1889,3798806,89281792186,24193,24310,23000,-1193,-4.93,23503,-690,-2.85,22984,24940,1399-10-7
294,بايكا,كارخانجات كابلسازي ‌ايران‌,1886,2762980,168716658431,62729,60849,60848,-1881,-3.0,61063,-1666,-2.66,60848,63000,1399-10-7
295,اپرداز,آتيه داده پرداز,1882,3691581,110318414463,30543,29880,29016,-1527,-5.0,29884,-659,-2.16,29016,31374,1399-10-7
296,غشهد,شهد ايران ‌,1855,10594981,86650099700,8560,8560,8140,-420,-4.91,8180,-380,-4.44,8140,8560,1399-10-7
297,تسه9909,امتياز تسهيلات مسكن آذر99,1855,30920,16438479103,525581,551859,545000,19419,3.69,531645,6064,1.15,518700,551860,1399-10-7
298,دكوثر,داروسازي‌ كوثر,1845,4893271,134255208900,28740,29500,27310,-1430,-4.98,27440,-1300,-4.52,27310,29500,1399-10-7
299,فسپا,گروه‌صنعتي‌سپاهان‌,1835,5043893,277479798350,57470,56000,54600,-2870,-4.99,55010,-2460,-4.28,54600,57480,1399-10-7
300,پاسا,ايران‌ياساتايرورابر,1819,4615323,124835147400,27500,27400,26830,-670,-2.44,27050,-450,-1.64,26220,27980,1399-10-7
301,امين يكم,صندوق درآمد ثابت امين يكم فردا,1789,59199429,601327530899,10150,10155,10167,17,0.17,10158,8,0.08,10154,10167,1399-10-7
302,تيپيكو,سرمايه گذاري دارويي تامين,1777,2654447,164175904350,64020,64960,60820,-3200,-5.0,61850,-2170,-3.39,60820,64960,1399-10-7
303,شپترو,پتروشيمي آبادان,1777,21447194,141569542511,6796,6850,6593,-203,-2.99,6601,-195,-2.87,6593,6850,1399-10-7
304,پارسان,گسترش نفت و گاز پارسيان,1762,5723129,131803596580,23220,22600,22850,-370,-1.59,23030,-190,-0.82,22500,23710,1399-10-7
305,شبهرن,نفت‌ بهران‌,1761,2642911,148871431170,56000,55120,56900,900,1.61,56330,330,0.59,54900,58280,1399-10-7
306,وحكمت,بيمه حكمت صبا,1756,14512335,87782928202,6226,6050,6040,-186,-2.99,6049,-177,-2.84,6040,6190,1399-10-7
307,پكوير,كوير تاير,1756,4071574,91064667480,23400,22500,22230,-1170,-5.0,22370,-1030,-4.4,22230,23130,1399-10-7
308,كهمداح,ح . شيشه‌ همدان‌,1753,8865343,90432344710,11110,10960,10140,-970,-8.73,10200,-910,-8.19,10000,10960,1399-10-7
309,كاما,باما,1726,14932521,387648245160,24730,25960,25960,1230,4.97,25960,1230,4.97,25960,25960,1399-10-7
310,بهپاك,صنعتي بهپاك,1700,2272179,118745746114,51689,51690,52080,391,0.76,52261,572,1.11,49150,54273,1399-10-7
311,مداران,داده‌پردازي‌ايران‌,1700,3630815,104907399560,28900,30340,28000,-900,-3.11,28890,-10,-0.03,27460,30340,1399-10-7
312,وتوشه,سرمايه‌ گذاري‌ پارس‌ توشه‌,1694,6135403,158954636460,24840,25710,26080,1240,4.99,25910,1070,4.31,24840,26080,1399-10-7
313,آ س پ,آ.س.پ,1690,12873358,165924889123,12318,12933,12933,615,4.99,12889,571,4.64,12293,12933,1399-10-7
314,شگل,گلتاش‌,1683,3252751,95510631660,29350,29350,28700,-650,-2.21,29360,10,0.03,28300,30800,1399-10-7
315,ما,بيمه  ما,1680,12539262,116603462540,9580,9650,9110,-470,-4.91,9300,-280,-2.92,9110,9650,1399-10-7
316,افرا,افرانت,1670,2516597,122383982771,47863,48880,46210,-1653,-3.45,48631,768,1.6,45480,50256,1399-10-7
317,شرانل,نفت ايرانول,1668,5943699,202867136962,33176,32400,34834,1658,5.0,34131,955,2.88,32000,34834,1399-10-7
318,پارسيان,بيمه پارسيان,1665,10022861,137816544270,14340,14010,13630,-710,-4.95,13750,-590,-4.11,13630,14100,1399-10-7
319,فولاژ,فولاد آلياژي ايران,1661,4742586,94023213850,19040,19600,19990,950,4.99,19830,790,4.15,19400,19990,1399-10-7
320,كساپا,سايپاشيشه‌,1659,3878268,157254312900,38700,40000,40630,1930,4.99,40550,1850,4.78,39400,40630,1399-10-7
321,غديس,پاكديس,1632,8385950,113221340196,14190,13481,13481,-709,-5.0,13501,-689,-4.86,13481,13910,1399-10-7
322,لسرما,سرما آفرين‌,1632,2627368,83289244340,32620,32600,31640,-980,-3.0,31700,-920,-2.82,31050,32890,1399-10-7
323,پسهند,صنايع‌ لاستيكي‌  سهند,1627,3626728,179948110980,49600,52060,48270,-1330,-2.68,49620,20,0.04,47120,52060,1399-10-7
324,لوتوس,تامين سرمايه لوتوس پارسيان,1619,8155704,132144693730,16960,16520,16120,-840,-4.95,16200,-760,-4.48,16120,16900,1399-10-7
325,ثرود,سرمايه‌گذاري مسكن زاينده رود,1617,7196485,83460708107,12115,12340,11510,-605,-4.99,11597,-518,-4.28,11510,12340,1399-10-7
326,غمارگ,مارگارين‌,1600,3459337,150899810640,45640,44010,43360,-2280,-5.0,43620,-2020,-4.43,43360,45490,1399-10-7
327,ركيش,كارت اعتباري ايران كيش,1588,5536364,120105672670,22120,22560,22000,-120,-0.54,21690,-430,-1.94,21020,22770,1399-10-7
328,كاذرح,ح . فرآورده‌هاي‌نسوزآذر,1586,5657607,122599777270,22020,21100,21540,-480,-2.18,21670,-350,-1.59,20570,22700,1399-10-7
329,سپح,ح . پرداخت الكترونيك سامان كيش,1575,3284611,68734895720,21520,22000,21520,0,0.0,20930,-590,-2.74,20000,22000,1399-10-7
330,خاهن,آهنگري‌ تراكتورسازي‌ ايران‌,1571,5445871,218402580460,40140,40100,40120,-20,-0.05,40100,-40,-0.1,40100,40270,1399-10-7
331,وثنو,سرمايه گذاري ساختماني نوين,1565,4709236,94448793939,20642,20100,19610,-1032,-5.0,20056,-586,-2.84,19610,21590,1399-10-7
332,ثامان,سامان‌ گستراصفهان‌,1560,6608830,147543402600,23440,22270,22270,-1170,-4.99,22330,-1110,-4.74,22270,22890,1399-10-7
333,وبهمن,سرمايه‌گذاري‌بهمن‌,1551,6903530,163210878380,22830,23740,23970,1140,4.99,23640,810,3.55,22000,23970,1399-10-7
334,فبيرا,بسته‌ بندي‌ ايران‌,1548,12087901,55013402322,4654,4792,4515,-139,-2.99,4551,-103,-2.21,4515,4792,1399-10-7
335,خكار,ايركا پارت صنعت,1544,3834024,116179345340,31780,31690,30200,-1580,-4.97,30300,-1480,-4.66,30200,31690,1399-10-7
336,داروح,ح . كارخانجات‌داروپخش,1541,2720607,84618352880,32830,32880,30860,-1970,-6.0,31100,-1730,-5.27,30040,32880,1399-10-7
337,وپترو,سرمايه‌گذاري صنايع پتروشيمي‌,1540,9455826,172789410110,19060,18410,18110,-950,-4.98,18270,-790,-4.14,18110,19750,1399-10-7
338,دفرا,فرآورده‌هاي‌ تزريقي‌ ايران‌,1530,3431941,106422854370,30690,32220,29960,-730,-2.38,31010,320,1.04,29160,32220,1399-10-7
339,همراه,شركت ارتباطات سيار ايران,1524,2159175,70803773620,33390,33360,32000,-1390,-4.16,32940,-450,-1.35,31750,34300,1399-10-7
340,ولبهمن,شركت بهمن ليزينگ,1523,18658048,189519833203,10687,10153,10153,-534,-5.0,10158,-529,-4.95,10153,10318,1399-10-7
341,تاصيكو,سرمايه گذاري صدرتامين,1514,10894368,123333086850,11320,11060,11330,10,0.09,11320,0,0.0,11060,11630,1399-10-7
342,كساوه,صنايع‌ كاشي‌ و سراميك‌ سينا,1507,4245031,428135824270,96120,100920,100920,4800,4.99,100860,4740,4.93,98000,100920,1399-10-7
343,خوساز,محورسازان‌ايران‌خودرو,1505,11076058,101827827220,9630,9400,9150,-480,-4.98,9190,-440,-4.57,9150,9500,1399-10-7
344,لخانه,لوازم‌ خانگي‌ پارس‌,1502,1653892,87796246142,53496,55100,52999,-497,-0.93,53085,-411,-0.77,51892,55100,1399-10-7
345,شمواد,توليد مواداوليه الياف مصنوعي,1498,1543726,91472949794,59437,61220,58970,-467,-0.79,59255,-182,-0.31,57654,61220,1399-10-7
346,نطرين,عطرين نخ قم,1493,8945571,105451547733,12361,11743,11743,-618,-5.0,11788,-573,-4.64,11743,12240,1399-10-7
347,شجم,صنايع پتروشيمي تخت جمشيد,1481,17428829,204226301971,12069,11990,11775,-294,-2.44,11718,-351,-2.91,11707,11990,1399-10-7
348,وصنا,گروه‌صنايع‌بهشهرايران‌,1477,14043632,141612902610,10560,10400,10040,-520,-4.92,10080,-480,-4.55,10040,10400,1399-10-7
349,فجر,فولاد اميركبيركاشان,1472,2068976,127780522480,62850,62500,61790,-1060,-1.69,61760,-1090,-1.73,60960,63100,1399-10-7
350,كطبس,ذغال‌سنگ‌ نگين‌ ط‌بس‌,1465,3351415,251406977520,71450,75000,75020,3570,5.0,75020,3570,5.0,73810,75020,1399-10-7
351,حريل,ريل پردازسير,1441,20127653,113960020081,5914,5950,5619,-295,-4.99,5662,-252,-4.26,5619,5950,1399-10-7
352,غگلپا,شير پاستوريزه پگاه گلپايگان,1441,967099,73933735041,79701,76280,75716,-3985,-5.0,76449,-3252,-4.08,75716,79490,1399-10-7
353,كرماشا,صنايع پتروشيمي كرمانشاه,1427,2203502,94506786860,42170,43010,42600,430,1.02,42890,720,1.71,40500,43490,1399-10-7
354,ارزش,صندوق س ارزش آفرين بيدار-سهام,1412,9477725,102675114110,10890,10760,10850,-40,-0.37,10830,-60,-0.55,10510,11130,1399-10-7
355,سپ,پرداخت الكترونيك سامان كيش,1410,3135791,68146031830,21760,21860,22200,440,2.02,21730,-30,-0.14,21000,22400,1399-10-7
356,شپاكسا,پاكسان‌,1403,3775382,126777290360,35030,33900,33280,-1750,-5.0,33580,-1450,-4.14,33280,35000,1399-10-7
357,پرداخت,به پرداخت ملت,1400,12510903,350111818150,26790,25620,28120,1330,4.96,27980,1190,4.44,25620,28120,1399-10-7
358,دسبحان,سبحان دارو,1398,3280521,90705122890,27480,28850,27410,-70,-0.25,27650,170,0.62,27410,28850,1399-10-7
359,وبشهر,توسعه‌ صنايع‌ بهشهر(هلدينگ,1397,7459356,132383876310,18590,18500,17670,-920,-4.95,17750,-840,-4.52,17670,18500,1399-10-7
360,دعبيد,لابراتوارداروسازي‌  دكترعبيدي‌,1391,1848443,64497722760,36390,36900,34580,-1810,-4.97,34890,-1500,-4.12,34580,36900,1399-10-7
361,سغرب,سيمان‌غرب‌,1390,4015458,91994848640,22170,23270,22280,110,0.5,22910,740,3.34,21080,23270,1399-10-7
362,وگستر,گسترش سرمايه گذاري ايرانيان,1382,3680661,90769512080,25300,25050,24300,-1000,-3.95,24661,-639,-2.53,24035,25700,1399-10-7
363,ثنور,سرمايه گذاري كوه نور,1373,34514629,369827245120,10208,10718,10718,510,5.0,10715,507,4.97,10500,10718,1399-10-7
364,لكما,كارخانجات‌مخابراتي‌ايران‌,1359,7804624,60029564767,7863,7980,7628,-235,-2.99,7692,-171,-2.17,7628,7980,1399-10-7
365,واعتبار,سرمايه گذاري اعتبار ايران,1356,12836951,98602560730,8000,8100,7610,-390,-4.88,7680,-320,-4.0,7600,8100,1399-10-7
366,پدرخش,درخشان‌ تهران‌,1345,1440700,214005770980,202570,144000,151200,-51370,-25.36,148540,-54030,-26.67,144000,151200,1399-10-7
367,غبشهر,صنعتي‌ بهشهر,1341,4019875,111000903570,27810,27080,27150,-660,-2.37,27610,-200,-0.72,26820,28500,1399-10-7
368,غمهرا,توليدي‌مهرام‌,1337,1456338,119023431590,79290,83250,83250,3960,4.99,81730,2440,3.08,75330,83250,1399-10-7
369,بالاس,مهندسي ساختمان تاسيسات راه آهن,1334,1733244,92203349843,55671,53700,52888,-2783,-5.0,53197,-2474,-4.44,52888,57564,1399-10-7
370,فايرا,آلومينيوم‌ايران‌,1318,3316133,88814518480,27640,26700,26260,-1380,-4.99,26780,-860,-3.11,26260,28300,1399-10-7
371,تپولا,مهندسي مرآت پولاد,1313,3351867,117304855651,35014,36064,33966,-1048,-2.99,34997,-17,-0.05,33964,36064,1399-10-7
372,شدوص,دوده‌ صنعتي‌ پارس‌,1309,3529498,84414717100,25060,25000,23810,-1250,-4.99,23920,-1140,-4.55,23810,25000,1399-10-7
373,شاراك,پتروشيمي شازند,1304,3681767,90964884690,25300,24550,25300,0,0.0,24710,-590,-2.33,24100,25790,1399-10-7
374,سرچشمه,سرمايه گذاري مس سرچشمه,1300,6893569,56621056346,8285,8000,8161,-124,-1.5,8214,-71,-0.86,7900,8499,1399-10-7
375,پكرمان,گروه‌ صنعتي‌ بارز,1297,3661944,119911504290,34240,32640,32530,-1710,-4.99,32750,-1490,-4.35,32530,33990,1399-10-7
376,اتكاي,بيمه اتكايي ايرانيان,1277,4175052,80650638323,18716,19352,19330,614,3.28,19317,601,3.21,18850,19650,1399-10-7
377,بالبر,كابل‌ البرز,1275,2933399,87860293820,29420,29500,30890,1470,5.0,29950,530,1.8,27950,30890,1399-10-7
378,وآرين,شركت توسعه اقتصادي آرين,1271,11571148,61512859192,5461,5461,5335,-126,-2.31,5316,-145,-2.66,5298,5500,1399-10-7
379,كنور,توسعه معدني و صنعتي صبانور,1268,1965177,95768992090,49610,48510,48780,-830,-1.67,48730,-880,-1.77,48100,49500,1399-10-7
380,اتكام,شركت بيمه اتكايي امين,1260,6340490,46101416110,7397,7477,7140,-257,-3.47,7278,-119,-1.61,7097,7477,1399-10-7
381,سفانو,سيمان فارس نو,1255,2139762,77946240280,37000,38690,35280,-1720,-4.65,36430,-570,-1.54,35150,38690,1399-10-7
382,اوان,مبين وان كيش,1248,1209665,65340981949,54835,57000,52600,-2235,-4.08,54016,-819,-1.49,52094,57000,1399-10-7
383,بخاور,بيمه زندگي خاورميانه,1244,7961546,76566903544,10033,10180,9532,-501,-4.99,9617,-416,-4.15,9532,10180,1399-10-7
384,قزوين,كارخانجات‌ قند قزوين‌,1233,2707842,127636356260,49320,49970,46860,-2460,-4.99,47140,-2180,-4.42,46860,49970,1399-10-7
385,كويرح,ح. توليدي فولاد سپيد فراب كوير,1227,8512120,147431966460,18850,20740,17000,-1850,-9.81,17320,-1530,-8.12,17000,20740,1399-10-7
386,شفن,پتروشيمي فناوران,1215,358369,112914282570,312510,309960,311600,-910,-0.29,315080,2570,0.82,309500,324000,1399-10-7
387,وشمال,س. چشم انداز توسعه شمال,1214,1097935,111599593102,104416,101284,101284,-3132,-3.0,101645,-2771,-2.65,101284,105394,1399-10-7
388,زپارس,ملي كشت و صنعت و دامپروري پارس,1209,906116,94764484200,106380,102120,105600,-780,-0.73,104580,-1800,-1.69,101070,108500,1399-10-7
389,ثشرق,سرمايه گذاري مسكن شمال شرق,1208,16230576,104500189000,6750,6440,6430,-320,-4.74,6440,-310,-4.59,6420,6750,1399-10-7
390,غشاذر,پگاه‌آذربايجان‌غربي‌,1208,5369945,126212391420,22420,22800,23540,1120,5.0,23500,1080,4.82,22800,23540,1399-10-7
391,اعتماد,صندوق س.اعتماد آفرين پارسيان-د,1200,23402150,796503893630,34018,34031,34034,16,0.05,34035,17,0.05,34029,34039,1399-10-7
392,ثپرديس,سرمايه گذاري مسكن پرديس,1200,7481844,90125709544,11513,12000,12088,575,4.99,12046,533,4.63,11772,12088,1399-10-7
393,شتوكا,توكا رنگ فولاد سپاهان,1199,3165967,169473264250,50988,53537,53537,2549,5.0,53530,2542,4.99,52940,53537,1399-10-7
394,ديران,ايران‌دارو,1183,2452820,71068812740,30300,30170,28790,-1510,-4.98,28970,-1330,-4.39,28790,30300,1399-10-7
395,دقاضي,داروسازي شهيد قاضي,1183,1510435,82580986400,53109,54702,54000,891,1.68,54674,1565,2.95,53109,54702,1399-10-7
396,دسبحا,گروه دارويي سبحان,1178,2982340,78193174940,27390,27760,26030,-1360,-4.97,26220,-1170,-4.27,26030,27760,1399-10-7
397,كتوكاح,ح.توليدي وخدمات صنايع نسوزتوكا,1176,2182160,56179770824,25788,25420,25390,-398,-1.54,25745,-43,-0.17,25050,26800,1399-10-7
398,سكرما,سيمان‌ كرمان‌,1170,6269074,135795652970,20650,21680,21680,1030,4.99,21660,1010,4.89,21000,21680,1399-10-7
399,كفرآور,فرآورده هاي سيمان شرق,1169,4127812,101983123847,23957,25150,25154,1197,5.0,24706,749,3.13,22850,25154,1399-10-7
400,وسپه,سرمايه‌گذاري‌ سپه‌,1153,4343458,63133662980,14690,14570,14430,-260,-1.77,14540,-150,-1.02,14200,14950,1399-10-7
401,غويتا,ويتانا,1153,1491837,85032778387,58855,60500,55913,-2942,-5.0,56999,-1856,-3.15,55913,60500,1399-10-7
402,خراسان,پتروشيمي خراسان,1151,1541619,117197609300,74000,77600,74400,400,0.54,76020,2020,2.73,74000,77600,1399-10-7
403,بفجر,فجر انرژي خليج فارس,1122,3216888,90432359390,29100,28520,27820,-1280,-4.4,28110,-990,-3.4,27650,29990,1399-10-7
404,كخاك,صنايع‌خاك‌چيني‌ايران‌,1117,1594876,93834023750,59040,61670,58030,-1010,-1.71,58830,-210,-0.36,56090,61810,1399-10-7
405,حسينا,توسعه خدمات دريايي وبندري سينا,1109,926659,78891255109,87848,85400,84560,-3288,-3.74,85135,-2713,-3.09,83980,87000,1399-10-7
406,وسنا,سرمايه گذاري نيروگاهي ايران,1096,4324229,77150763328,18363,19200,17445,-918,-5.0,17842,-521,-2.84,17445,19200,1399-10-7
407,سرود,سيمان‌شاهرود,1081,5896778,119558916450,20520,21000,19500,-1020,-4.97,20280,-240,-1.17,19500,21440,1399-10-7
408,دالبر,البرزدارو,1078,3801960,97296916980,26880,27500,25540,-1340,-4.99,25590,-1290,-4.8,25540,27500,1399-10-7
409,پخش,پخش البرز,1075,2007327,88758091660,46415,45500,44095,-2320,-5.0,44217,-2198,-4.74,44095,45500,1399-10-7
410,غپآذر,شير پگاه آذربايجان شرقي,1072,1164720,76028613707,66552,69210,63225,-3327,-5.0,65276,-1276,-1.92,63225,69210,1399-10-7
411,كاسپين,داروسازي كاسپين تامين,1070,1783102,54113312779,31711,31927,30126,-1585,-5.0,30348,-1363,-4.3,30126,32900,1399-10-7
412,شفا,سرمايه گذاري شفادارو,1067,1231083,84114411360,71490,72480,67920,-3570,-4.99,68330,-3160,-4.42,67920,72480,1399-10-7
413,گكيش,توريستي ورفاهي آبادگران كيش,1063,944988,56185973738,60543,62248,58760,-1783,-2.95,59457,-1086,-1.79,58727,62248,1399-10-7
414,لخزر,پارس‌ خزر,1063,374024,81350669360,223780,223780,217390,-6390,-2.86,217500,-6280,-2.81,212600,227500,1399-10-7
415,شپاس,نفت پاسارگاد,1056,2353448,52321145552,22766,22010,22090,-676,-2.97,22232,-534,-2.35,21630,23550,1399-10-7
416,كمينا,شيشه سازي مينا,1054,1984332,70086891917,34636,36360,34560,-76,-0.22,35320,684,1.97,34350,36360,1399-10-7
417,تسه9908,امتياز تسهيلات مسكن آبان99,1047,22661,11954438274,530981,530000,504432,-26549,-5.0,527534,-3447,-0.65,504432,549900,1399-10-7
418,نيرو,نيرو سرمايه,1046,967896,58199894963,61420,59651,59578,-1842,-3.0,60130,-1290,-2.1,59578,62200,1399-10-7
419,ثجوان,تامين مسكن جوانان,1041,6171327,77243897603,11536,12000,12600,1064,9.22,12517,981,8.5,11420,12600,1399-10-7
420,لابسا,آبسال‌,1035,1612931,80745500250,47780,48890,50160,2380,4.98,50060,2280,4.77,48890,50160,1399-10-7
421,وملت,سرمايه گذاري ملت,1029,9035294,37835134384,4264,4300,4270,6,0.14,4187,-77,-1.81,4179,4300,1399-10-7
422,غشصفا,شيرپاستوريزه‌پگاه‌اصفهان‌,1000,3434943,108084896320,32710,32000,31080,-1630,-4.98,31470,-1240,-3.79,31080,32700,1399-10-7
423,خمحور,توليدمحورخودرو,980,1811216,143326517970,76430,72630,80250,3820,5.0,79130,2700,3.53,72630,80250,1399-10-7
424,خديزل,بهمن  ديزل,979,2162692,113359891719,53277,51144,54200,923,1.73,52416,-861,-1.62,50750,54200,1399-10-7
425,شاوان,پالايش نفت لاوان,977,2504688,261083277723,99594,100100,104573,4979,5.0,104238,4644,4.66,97910,104573,1399-10-7
426,ثنام,س ساختماني ب نام آوران مهندسي,948,2159558,45982687358,21839,21630,21184,-655,-3.0,21293,-546,-2.5,21184,21730,1399-10-7
427,سبجنو,سيمان‌ بجنورد,945,1027795,41302680100,39650,41630,39300,-350,-0.88,40070,420,1.06,37690,41630,1399-10-7
428,مفاخر,توسعه فناوري اطلاعات خوارزمي,944,1624208,72116771885,42858,41937,45000,2142,5.0,44401,1543,3.6,41176,45000,1399-10-7
429,خفنر,فنرسازي‌خاور,934,3060991,60835706610,20800,20010,19760,-1040,-5.0,19870,-930,-4.47,19760,20730,1399-10-7
430,ساينا,صنايع بهداشتي ساينا,933,227688,46826190290,198467,208390,206299,7832,3.95,204705,6238,3.14,200000,208390,1399-10-7
431,وخاور,بانك خاورميانه,924,5699615,55984409250,9950,10040,9660,-290,-2.91,9830,-120,-1.21,9600,10140,1399-10-7
432,دسينا,داروسازي‌ سينا,914,1674594,54796698200,34120,34130,32420,-1700,-4.98,32720,-1400,-4.1,32420,34200,1399-10-7
433,ختراك,ريخته‌گري‌ تراكتورسازي‌ ايران‌,913,9180112,148252172140,15390,16150,16150,760,4.94,16150,760,4.94,15970,16150,1399-10-7
434,دروز,داروسازي‌ روزدارو,906,2671501,51383950220,20130,19130,19130,-1000,-4.97,19230,-900,-4.47,19130,20190,1399-10-7
435,گكوثر,هتل پارسيان كوثر اصفهان,905,44951348,242737279200,4465,5400,5400,935,20.94,5400,935,20.94,5400,5400,1399-10-7
436,غشوكو,شوكو پارس,899,706865,34154033326,49101,50570,47628,-1473,-3.0,48318,-783,-1.59,47628,50574,1399-10-7
437,خودكفا,اقتصادي و خودكفايي آزادگان,896,6952300,314522052000,43923,45240,45240,1317,3.0,45240,1317,3.0,45240,45240,1399-10-7
438,سجام,مجتمع سيمان غرب آسيا,894,2404987,32666764097,13247,13644,13380,133,1.0,13583,336,2.54,13250,13644,1399-10-7
439,وپسا,س. پتروشيمي ساختمان  خليج فارس,888,10901185,44096114139,4152,4190,4028,-124,-2.99,4045,-107,-2.58,4028,4190,1399-10-7
440,شخارك,پتروشيمي‌ خارك‌,884,1726232,82655949220,47910,47300,48020,110,0.23,47890,-20,-0.04,47050,48500,1399-10-7
441,فافزا,فولاد افزا سپاهان,883,1377046,71204769267,49310,51775,51775,2465,5.0,51708,2398,4.86,50000,51775,1399-10-7
442,قهكمت,قندهكمتان‌,871,940009,50894821970,52340,54950,53300,960,1.83,54050,1710,3.27,52350,54950,1399-10-7
443,شپارس,بين‌ المللي‌ محصولات‌  پارس‌,866,4792845,105009265990,20870,21910,21910,1040,4.98,21910,1040,4.98,21800,21910,1399-10-7
444,زماهان,مجتمع توليد گوشت مرغ ماهان,864,1361594,38313331884,28662,28899,27801,-861,-3.0,28253,-409,-1.43,27386,29400,1399-10-7
445,شساخت,مهندسي و ساختمان صنايع نفت,853,5373544,248102048964,45151,45151,46505,1354,3.0,46171,1020,2.26,43797,46505,1399-10-7
446,پارس,پتروشيمي پارس,841,1347060,218691369280,161900,160600,161400,-500,-0.31,162350,450,0.28,160600,168000,1399-10-7
447,غمينوح,ح . شركت صنايع غذايي مينو شرق,839,3160192,34774277288,11518,11699,10943,-575,-4.99,11004,-514,-4.46,10943,11699,1399-10-7
448,ولتجار,واسپاري تجارت وسرمايه ايرانيان,838,5864893,49195416152,8164,8300,8408,244,2.99,8388,224,2.74,8176,8408,1399-10-7
449,ثاصفا,شركت‌ ساختمان‌ اصفهان‌,835,1746733,60080543461,36011,34211,34211,-1800,-5.0,34396,-1615,-4.48,34211,35900,1399-10-7
450,آبين,كشت و صنعت آبشيرين,823,11682772,58509447978,5160,5006,5006,-154,-2.98,5008,-152,-2.95,5006,5119,1399-10-7
451,شبصير,توليدات پتروشيمي قائد بصير,823,958443,124071253637,128421,126714,127910,-511,-0.4,129451,1030,0.8,124330,131445,1399-10-7
452,خفناور,مهندسي صنعتي روان فن آور,822,1964833,51830689146,27184,26369,26369,-815,-3.0,26379,-805,-2.96,26369,27000,1399-10-7
453,پارتا,مجتمع‌صنعتي‌آرتاويل‌تاير,800,1006341,67665397309,69014,69157,66944,-2070,-3.0,67239,-1775,-2.57,66944,70000,1399-10-7
454,كاردان,صندوق س تجارت شاخصي كاردان,797,436688,76938985930,178170,175000,175300,-2870,-1.61,176190,-1980,-1.11,172200,182990,1399-10-7
455,غدشت,دشت‌ مرغاب‌,793,278336,81244942080,278630,292560,292560,13930,5.0,291900,13270,4.76,275730,292560,1399-10-7
456,كبافق,معادن‌ بافق‌,787,1497335,96593080850,61440,64510,64510,3070,5.0,64510,3070,5.0,64510,64510,1399-10-7
457,زنگان,صنعت روي زنگان,786,789303,86501006952,104392,109611,109611,5219,5.0,109592,5200,4.98,105980,109611,1399-10-7
458,شنفت,نفت‌ پارس‌,767,1277982,74123758000,58840,59990,59640,800,1.36,58000,-840,-1.43,56540,59990,1399-10-7
459,جم پيلن,پلي پروپيلن جم - جم پيلن,763,512453,44873564690,89190,86520,86750,-2440,-2.74,88150,-1040,-1.17,86130,89500,1399-10-7
460,سهرمز,سيمان‌هرمزگان‌,763,1921580,43805671220,22360,23000,23100,740,3.31,22720,360,1.61,22400,23300,1399-10-7
461,وپخش,داروپخش‌ (هلدينگ‌,762,364088,51033976640,146430,144450,139110,-7320,-5.0,140170,-6260,-4.28,139110,144500,1399-10-7
462,دپارس,پارس‌ دارو,759,467524,53107072420,119500,118000,113530,-5970,-5.0,113590,-5910,-4.95,113530,118000,1399-10-7
463,ولملت,واسپاري ملت,752,2624914,25720542120,10190,9970,9690,-500,-4.91,9980,-210,-2.06,9690,10180,1399-10-7
464,كيان,صندوق س. با درآمد ثابت كيان,751,12931496,342444197647,26470,26480,26485,15,0.06,26481,11,0.04,26480,26489,1399-10-7
465,قمرو,قند مرودشت‌,736,1769753,53667403490,29060,29060,30510,1450,4.99,30300,1240,4.27,29060,30510,1399-10-7
466,وصندوق,سرمايه‌گذاري‌صندوق‌بازنشستگي‌,736,3969241,61391792130,15540,15400,15530,-10,-0.06,15500,-40,-0.26,15220,15800,1399-10-7
467,دشيري,شيرين دارو,727,233641,41920150645,178633,183991,176900,-1733,-0.97,179421,788,0.44,173275,183991,1399-10-7
468,سنير,سيمان‌ سفيد ني‌ريز,722,304390,36051951600,112800,118440,118440,5640,5.0,116500,3700,3.28,118440,118440,1399-10-7
469,جم,پتروشيمي جم,714,1633676,78569140680,48090,48080,48100,10,0.02,48090,0,0.0,46880,49000,1399-10-7
470,شفارا,پتروشيمي فارابي,705,11862743,63916012058,5237,5394,5394,157,3.0,5388,151,2.88,5255,5394,1399-10-7
471,وزمين,بانك ايران زمين,700,4556872,56037370802,12536,12286,12286,-250,-1.99,12297,-239,-1.91,12286,12400,1399-10-7
472,سيستم,همكاران سيستم,697,1113311,37401228960,33860,33090,34200,340,1.0,33660,-200,-0.59,33000,34500,1399-10-7
473,واتي,سرمايه‌ گذاري‌ آتيه‌ دماوند,692,3712710,56144049740,15830,15200,15040,-790,-4.99,15120,-710,-4.49,15040,15660,1399-10-7
474,كهرام,توليدي گرانيت بهسرام,657,930495,70736256050,75145,77399,77030,1885,2.51,76020,875,1.16,73100,77399,1399-10-7
475,آوا,صندوق س.سهام آواي معيار-س,655,2886448,25483163423,8901,8801,8800,-101,-1.13,8829,-72,-0.81,8500,9180,1399-10-7
476,طلا,صندوق س.پشتوانه طلاي لوتوس,652,227018,18997527392,83686,83521,83600,-86,-0.1,83683,-3,0.0,83400,84200,1399-10-7
477,وتعاون,بيمه  تعاون,643,3279187,23727274282,7245,7462,7100,-145,-2.0,7236,-9,-0.12,7050,7462,1399-10-7
478,قشرين,قند شيرين خراسان,624,2706511,59341267749,22599,21922,21922,-677,-3.0,21925,-674,-2.98,21922,22600,1399-10-7
479,ثفارس,عمران‌وتوسعه‌فارس‌,620,5027305,57009638700,10800,11340,11340,540,5.0,11340,540,5.0,11340,11340,1399-10-7
480,مبين,مبين انرژي خليج فارس,619,1677382,26535458860,15960,15420,15710,-250,-1.57,15930,-30,-0.19,15420,15980,1399-10-7
481,ثنظام,س. ساختماني نظام مهندسي ايران,610,891887,40439783172,46544,45152,45900,-644,-1.38,45342,-1202,-2.58,45148,46950,1399-10-7
482,خلنت,لنت‌ ترمزايران‌,608,323926,30538685780,90510,95020,95030,4520,4.99,92680,2170,2.4,91500,95030,1399-10-7
483,فيروزه,صندوق شاخص30 شركت فيروزه- سهام,606,196422,33489756330,173310,166700,171480,-1830,-1.06,170500,-2810,-1.62,166700,176890,1399-10-7
484,چفيبر,فيبر ايران‌,604,4462849,44405347550,9480,9950,9950,470,4.96,9890,410,4.32,9950,9950,1399-10-7
485,ولراز,ليزينگ رازي,597,617260,33826894805,54870,56516,53224,-1646,-3.0,54802,-68,-0.12,53224,56516,1399-10-7
486,سلار,شركت سيمان لارستان,596,1149083,55333136985,46793,48196,48196,1403,3.0,48154,1361,2.91,45500,48196,1399-10-7
487,ضخود1040,اختيارخ خودرو-2000-1399/10/07,594,27269,27792788000,1079,1014,1000,-79,-7.32,1019,-60,-5.56,990,1090,1399-10-7
488,شراز,پالايش نفت شيراز,594,326273,35925250286,111895,112773,109890,-2005,-1.79,110596,-1299,-1.16,107001,115900,1399-10-7
489,حپترو,حمل و نقل پتروشيمي( سهامي عام,589,1119252,35710567430,31810,32250,32800,990,3.11,31880,70,0.22,30410,32910,1399-10-7
490,دبالك,مواد اوليه دارويي البرز بالك,583,3127216,81801716128,24913,26158,26158,1245,5.0,26158,1245,5.0,26158,26158,1399-10-7
491,سصوفي,سيمان‌ صوفيان‌,580,4236980,76138530600,17120,17970,17970,850,4.96,17970,850,4.96,17970,17970,1399-10-7
492,بسويچ,پارس‌سويچ‌,565,629468,30496345180,50510,49300,48920,-1590,-3.15,49160,-1350,-2.67,47990,50700,1399-10-7
493,اطلس,صندوق س.توسعه اندوخته آينده-س,556,107266,23104205486,215241,215090,215009,-232,-0.11,215392,151,0.07,212001,217210,1399-10-7
494,سمتاز,سيمان ممتازان كرمان,554,1484508,41366887201,27417,28239,27838,421,1.54,27866,449,1.64,26595,28239,1399-10-7
495,غپينو,پارس‌ مينو,552,5674539,62930637510,11670,11090,11090,-580,-4.97,11090,-580,-4.97,11090,11090,1399-10-7
496,واميد,گروه مديريت سرمايه گذاري اميد,551,1867036,72147214950,38360,37350,38360,0,0.0,38530,170,0.44,37350,39200,1399-10-7
497,زگلدشت,كشت و دام گلدشت نمونه اصفهان,548,1000326,50683517442,48255,50667,50667,2412,5.0,50566,2311,4.79,50667,50667,1399-10-7
498,قلرست,قند لرستان‌,544,1919241,52622362360,26120,27420,27420,1300,4.98,27400,1280,4.9,27200,27420,1399-10-7
499,شيراز,پتروشيمي‌شيراز,540,1045493,59411530970,56540,55600,56990,450,0.8,56710,170,0.3,54100,58000,1399-10-7
500,تشتاد,صنايع توليدي اشتاد ايران‌,539,1315041,20634863880,16024,16504,15544,-480,-3.0,15691,-333,-2.08,15544,16504,1399-10-7
501,حتوكا,حمل‌ونقل‌توكا,533,1559810,49508369400,30230,31740,31740,1510,5.0,31610,1380,4.57,31740,31740,1399-10-7
502,شاملا,معدني‌ املاح‌  ايران‌,523,321286,22959932750,70410,72800,68300,-2110,-3.0,70880,470,0.67,67050,72910,1399-10-7
503,نمرينو,ايران‌ مرينوس‌,523,854781,51852667970,60970,63900,58700,-2270,-3.72,60660,-310,-0.51,58020,63900,1399-10-7
504,ورازي,بيمه رازي,519,2469947,35186842124,14654,15120,13922,-732,-5.0,14246,-408,-2.78,13922,15120,1399-10-7
505,آپ,آسان پرداخت پرشين,513,2619121,56651587230,20600,21630,21630,1030,5.0,21630,1030,5.0,21630,21630,1399-10-7
506,شكبير,پتروشيمي اميركبير,484,1192741,94224709125,79421,80450,80100,679,0.85,79022,-399,-0.5,77039,80450,1399-10-7
507,غپونه,نوش پونه مشهد,483,1085764,21568589317,20052,20133,19451,-601,-3.0,19865,-187,-0.93,19451,20600,1399-10-7
508,دسانكو,داروسازي سبحان انكولوژي,482,4940531,110410986788,21284,22348,22348,1064,5.0,22348,1064,5.0,22348,22348,1399-10-7
509,كقزوي,شيشه‌ قزوين‌,481,6963222,66038267207,9212,9488,9488,276,3.0,9484,272,2.95,9229,9488,1399-10-7
510,بميلا,توسعه بازرگاني آهن وفولادميلاد,459,3145335,62850083970,19031,19982,19982,951,5.0,19982,951,5.0,19982,19982,1399-10-7
511,مارون,پتروشيمي مارون,455,243304,37389865266,154753,150300,153000,-1753,-1.13,154343,-410,-0.26,150288,157731,1399-10-7
512,وآيند,بانك  آينده,451,948495,20247522765,21782,21347,21347,-435,-2.0,21690,-92,-0.42,21347,21347,1399-10-7
513,بمپنا,توليد برق عسلويه  مپنا,442,645001,64576528000,98206,102300,100000,1794,1.83,100118,1912,1.95,96814,102350,1399-10-7
514,سمازن,سيمان‌مازندران‌,429,4210752,51329066880,11610,12190,12190,580,5.0,12160,550,4.74,12190,12190,1399-10-7
515,فاما,صنعتي‌ آما,420,1925564,40860468080,20210,21220,21220,1010,5.0,20980,770,3.81,21220,21220,1399-10-7
516,معيار,سرمايه گذاري معيار صنعت پارس,415,1406685,51310224082,35761,36476,36476,715,2.0,36476,715,2.0,36375,36476,1399-10-7
517,وثوق,سرمايه گذاري وثوق امين,400,2615077,39461511930,14651,15090,15090,439,3.0,15090,439,3.0,15090,15090,1399-10-7
518,دارا,صندوق س. دارا الگوريتم-د,396,14661706,146946846056,10010,10022,10024,14,0.14,10022,12,0.12,10020,10025,1399-10-7
519,هجرتح,ح . پخش هجرت,396,1293277,47750241612,38585,39600,36656,-1929,-5.0,36922,-1663,-4.31,36656,39600,1399-10-7
520,غگرجي,بيسكويت‌  گرجي‌,380,1833205,36792424350,19120,20070,20070,950,4.97,19770,650,3.4,20070,20070,1399-10-7
521,پلاست,كارخانجات توليدي پلاستيران,378,468581,22499659508,46633,48031,48031,1398,3.0,48017,1384,2.97,47500,48031,1399-10-7
522,دتوزيع,توزيع دارو پخش,375,573169,18354017718,30498,32022,32022,1524,5.0,31024,526,1.72,32022,32022,1399-10-7
523,ضخود1041,اختيارخ خودرو-2500-1399/10/07,372,16145,8305975000,566,590,500,-66,-11.66,514,-52,-9.19,490,599,1399-10-7
524,ومشان,س. فني و مهندسي مشانير,363,909998,59858758442,62647,65779,65779,3132,5.0,65779,3132,5.0,65779,65779,1399-10-7
525,ضخود2007,اختيارخ خودرو-3000-1400/02/08,362,12694,9992111000,905,914,780,-125,-13.81,787,-118,-13.04,750,1042,1399-10-7
526,سدشت,صنايع سيمان دشتستان,361,224128,8790480090,38260,38100,40170,1910,4.99,38420,160,0.42,36800,40170,1399-10-7
527,غبهنوش,بهنوش‌ ايران‌,359,358973,47998279830,140740,133710,133710,-7030,-5.0,133710,-7030,-5.0,133710,133710,1399-10-7
528,وگردش,بانك گردشگري,348,2897278,62569615688,20967,21596,21596,629,3.0,21338,371,1.77,21596,21596,1399-10-7
529,عيار,صندوق س. پشتوانه طلاي مفيد,339,426141,12246178903,28627,28700,28707,80,0.28,28737,110,0.38,28525,28985,1399-10-7
530,فن آوا,گروه فن آوا,331,1112142,14418721854,13323,13598,12924,-399,-2.99,13062,-261,-1.96,12924,13598,1399-10-7
531,آساميد,صندوق س.مشترك آسمان اميد -د,327,14052507,158820255874,11283,11302,11296,13,0.12,11302,19,0.17,11291,11320,1399-10-7
532,كشرق,صنعتي و معدني شمال شرق شاهرود,325,350259,30196528908,82107,86212,86212,4105,5.0,84381,2274,2.77,86212,86212,1399-10-7
533,آتيمس,صندوق س.آرمان آتيه درخشان مس-س,312,80983,18298648001,227190,226000,224000,-3190,-1.4,225957,-1233,-0.54,222000,229000,1399-10-7
534,ساروج,بين المللي ساروج بوشهر,305,1632119,37787179866,23718,24429,23340,-378,-1.59,23152,-566,-2.39,23007,24429,1399-10-7
535,آساس,صندوق س.آسمان آرماني سهام-س,300,117170,20404809405,174500,175110,174301,-199,-0.11,174147,-353,-0.2,172120,177000,1399-10-7
536,ضصاد1102,اختيارخ وبصادر-3500-1399/11/12,295,10453,2535407000,241,226,247,6,2.49,243,2,0.83,220,330,1399-10-7
537,قپيرا,فرآورده‌هاي‌غدايي‌وقندپيرانشهر,290,192531,18763918620,92830,97470,97470,4640,5.0,94460,1630,1.76,96500,97470,1399-10-7
538,چافست,افست‌,287,997551,23921272980,22840,23980,23980,1140,4.99,23350,510,2.23,23980,23980,1399-10-7
539,فالوم,آلومتك‌,283,1201546,40719192394,32902,33889,33889,987,3.0,33889,987,3.0,33889,33889,1399-10-7
540,وآذر,سرمايه‌گذاري‌توسعه‌آذربايجان‌,279,1017166,120432454400,112770,118400,118400,5630,4.99,118400,5630,4.99,118400,118400,1399-10-7
541,شلعاب,لعابيران‌,274,1454088,18030691200,11810,12400,12400,590,5.0,12010,200,1.69,12400,12400,1399-10-7
542,افق ملت,صندوق س در سهام افق ملت,273,79392,11477622940,144990,144000,144950,-40,-0.03,144570,-420,-0.29,143000,147900,1399-10-7
543,فلامي,لاميران‌,272,368154,20392050060,52760,55390,55390,2630,4.98,53740,980,1.86,55390,55390,1399-10-7
544,تسه9907,امتياز تسهيلات مسكن مهر99,267,3056,1615470616,528305,531000,502000,-26305,-4.98,528623,318,0.06,502000,547000,1399-10-7
545,خنصير,مهندسي‌نصيرماشين‌,254,719364,50139670800,66390,69700,69700,3310,4.99,69420,3030,4.56,69700,69700,1399-10-7
546,سكه0012پ01,سكه تمام بهارتحويلي 1روزه رفاه,249,99600,116626701300,1166736,1177777,1175100,8364,0.72,1170951,4215,0.36,1167500,1178999,1399-10-7
547,ضخود1044,اختيارخ خودرو-4000-1399/10/07,249,15111,15111000,1,1,1,0,0.0,1,0,0.0,1,1,1399-10-7
548,فروس,فروسيليس‌ ايران‌,246,3173126,20783975300,6240,6550,6550,310,4.97,6360,120,1.92,6550,6550,1399-10-7
549,سصفها,سيمان‌اصفهان‌,243,282653,93693816440,315700,331480,331480,15780,5.0,331480,15780,5.0,331480,331480,1399-10-7
550,ياقوت,صندوق س ياقوت آگاه-ثابت,241,2961534,34502295732,11646,11663,11650,4,0.03,11650,4,0.03,11649,11663,1399-10-7
551,پارند,صندوق س. پارند پايدار سپهر,240,6334604,72136906873,11387,11400,11382,-5,-0.04,11388,1,0.01,11355,11400,1399-10-7
552,آكورد,صندوق س. آرمان آتي كوثر-د,238,4016357,120312873829,29938,29960,29959,21,0.07,29956,18,0.06,29955,29963,1399-10-7
553,سامان,بانك سامان,238,3326888,41995307224,13013,12623,12623,-390,-3.0,12731,-282,-2.17,12623,12623,1399-10-7
554,ثاباد,توريستي ورفاهي آبادگران ايران,237,675065,26827083100,37850,39740,39740,1890,4.99,38800,950,2.51,39740,39740,1399-10-7
555,ضخود2009,اختيارخ خودرو-4000-1400/02/08,227,5578,3382956000,653,630,599,-54,-8.27,606,-47,-7.2,536,700,1399-10-7
556,خفولا,خدمات فني فولاد يزد,226,459709,22861328570,47362,49730,49730,2368,5.0,49730,2368,5.0,49730,49730,1399-10-7
557,زر,صندوق س.پشتوانه سكه طلاي زر,224,216797,10482000207,48323,48700,48301,-22,-0.05,48349,26,0.05,48300,48748,1399-10-7
558,گپارس,امور رفاهي كارگزاران پارس,224,102211,14593113610,139315,139500,143494,4179,3.0,141709,2394,1.72,135136,143494,1399-10-7
559,افران,صندوق س افرا نماد پايدار-ثابت,222,9726446,120093973332,12343,12354,12346,3,0.02,12347,4,0.03,12345,12354,1399-10-7
560,زكشت,كشاورزي مكانيزه اصفهان كشت,217,669692,26311528988,37419,39289,39289,1870,5.0,38329,910,2.43,39289,39289,1399-10-7
561,حاريا,كشتيراني آريا,217,822403,24893316407,29388,30269,30269,881,3.0,30269,881,3.0,30269,30269,1399-10-7
562,گشان,توسعه بين المللي پديده شانديز,216,110523,7043078175,65025,63725,63725,-1300,-2.0,64783,-242,-0.37,63725,63725,1399-10-7
563,وآتوس,س.آرين توسكا قيمت اسمي 350ريال,215,465022,19669531333,40321,42337,42337,2016,5.0,42150,1829,4.54,38708,42337,1399-10-7
564,داراب,پتروشيمي داراب,215,2436505,6824650505,2887,2801,2801,-86,-2.98,2856,-31,-1.07,2801,2801,1399-10-7
565,تسه9904,امتياز تسهيلات مسكن تير99,208,3299,1743493794,526598,522222,504000,-22598,-4.29,528492,1894,0.36,500300,552927,1399-10-7
566,تماوند,تامين سرمايه دماوند,208,2069483,36400136487,16752,17589,17589,837,5.0,17589,837,5.0,17589,17589,1399-10-7
567,امين يكم2,صندوق درآمد ثابت امين يكم فردا,200,20000000,20000000,10150,1,1,-10149,-99.99,1,-10149,-99.99,1,1,1399-10-7
568,ضخود2013,اختيارخ خودرو-7000-1400/02/08,199,10363,1096581000,113,100,106,-7,-6.19,106,-7,-6.19,90,150,1399-10-7
569,كي بي سي,شركت كي بي سي,198,2049317,84856069019,39436,41407,41407,1971,5.0,41407,1971,5.0,41407,41407,1399-10-7
570,تسه9902,امتياز تسهيلات مسكن ارديبهشت99,189,2071,1084491153,531954,505387,520000,-11954,-2.25,523656,-8298,-1.56,505357,550000,1399-10-7
571,تسه9711,امتياز تسهيلات مسكن بهمن 97,184,1911,954700196,501789,476700,510000,8211,1.64,499581,-2208,-0.44,476700,524994,1399-10-7
572,بموتو,موتوژن‌,177,1296791,71751446030,52700,55330,55330,2630,4.99,55330,2630,4.99,55330,55330,1399-10-7
573,سكارون,سيمان كارون,175,653763,118222578342,172223,180834,180834,8611,5.0,180834,8611,5.0,180834,180834,1399-10-7
574,حخزر,كشتيراني درياي خزر,175,1700974,46815907402,26213,27523,27523,1310,5.0,27330,1117,4.26,27523,27523,1399-10-7
575,فلات,گروه صنايع معادن فلات ايرانيان,175,1217136,18560106864,15720,15249,15249,-471,-3.0,15272,-448,-2.85,15249,15249,1399-10-7
576,ولانا,شركت ليزينگ آريا دانا,175,893725,24061758175,26139,26923,26923,784,3.0,26923,784,3.0,26923,26923,1399-10-7
577,تسه9906,امتياز تسهيلات مسكن شهريور99,174,1273,680399642,541453,515000,521000,-20453,-3.78,534485,-6968,-1.29,514600,560000,1399-10-7
578,قجام,فرآوردههاي غذايي وقندتربت‌جام‌,171,1375869,19354349223,13398,14067,14067,669,4.99,13997,599,4.47,14067,14067,1399-10-7
579,فنورد,نوردوقطعات‌ فولادي‌,166,113135,27100357900,228140,239540,239540,11400,5.0,233880,5740,2.52,239540,239540,1399-10-7
580,تابا,تابان نيرو سپاهان,161,212932,8151462824,37167,38282,38282,1115,3.0,37597,430,1.16,38282,38282,1399-10-7
581,تسه9710,امتياز تسهيلات مسكن دي 97,158,4136,1711693134,435582,413803,413803,-21779,-5.0,413852,-21730,-4.99,413803,414001,1399-10-7
582,گوهر,صندوق سكه طلاي كيان,157,40577,2356539608,58440,58269,57850,-590,-1.01,58076,-364,-0.62,57759,58998,1399-10-7
583,تسه9810,امتياز تسهيلات مسكن دي98,156,2920,1602506107,554872,527129,580000,25128,4.53,548803,-6069,-1.09,527129,580000,1399-10-7
584,جهرم,پتروشيمي جهرم,156,1934353,5162788157,2751,2669,2669,-82,-2.98,2729,-22,-0.8,2669,2669,1399-10-7
585,واحصا,احياء صنايع خراسان,156,587103,21202050639,35062,36113,36113,1051,3.0,36113,1051,3.0,36113,36113,1399-10-7
586,تسه9712,امتياز تسهيلات مسكن اسفند97,156,2410,1271171520,513913,500000,529920,16007,3.11,527457,13544,2.64,490030,539608,1399-10-7
587,ضجار1016,اختيارخ وتجارت-4000-1399/10/21,153,6269,273997000,40,40,70,30,75.0,44,4,10.0,30,70,1399-10-7
588,داوه,داروسازي آوه سينا,152,660298,13608081482,19628,20609,20609,981,5.0,19881,253,1.29,20609,20609,1399-10-7
589,بشهاب,لامپ‌  پارس‌ شهاب‌,150,166968,13432575600,76620,80450,80450,3830,5.0,77580,960,1.25,80450,80450,1399-10-7
590,فنفت,صنايع تجهيزات نفت,149,1830725,33976425275,18019,18559,18559,540,3.0,18559,540,3.0,18559,18559,1399-10-7
591,كگهر,سنگ آهن گهرزمين,149,205753,10848738431,50217,52727,52727,2510,5.0,50426,209,0.42,52727,52727,1399-10-7
592,صايند,صندوق س. گنجينه آينده روشن-د,149,2775020,27894292220,10046,10074,10050,4,0.04,10052,6,0.06,10035,10074,1399-10-7
593,تسه9903,امتياز تسهيلات مسكن خرداد99,148,1275,669267960,525096,498895,520000,-5096,-0.97,524916,-180,-0.03,498895,551350,1399-10-7
594,لبوتان,گروه‌صنعتي‌بوتان‌,142,234839,23627151790,105900,100610,100610,-5290,-5.0,103140,-2760,-2.61,100610,100610,1399-10-7
595,تسه9905,امتياز تسهيلات مسكن مرداد99,142,1250,657001970,537203,530000,520000,-17203,-3.2,525602,-11601,-2.16,513009,540000,1399-10-7
596,ضخود1045,اختيارخ خودرو-4500-1399/10/07,138,6500,6500000,1,1,1,0,0.0,1,0,0.0,1,1,1399-10-7
597,چكاوه,صنايع‌كاغذسازي‌كاوه‌,136,340613,4012421140,11220,11780,11780,560,4.99,11260,40,0.36,11780,11780,1399-10-7
598,ثعتما,س. ساختماني اعتماد گستر,131,226216,10917410376,46856,48261,48261,1405,3.0,47579,723,1.54,48261,48261,1399-10-7
599,خپويش,سازه‌ پويش‌,126,227869,9873563770,41270,43330,43330,2060,4.99,41650,380,0.92,43330,43330,1399-10-7
600,نتوس,پشم‌ بافي‌ توس,124,1132223,15880559798,13618,14026,14026,408,3.0,13927,309,2.27,14026,14026,1399-10-7
601,ضخود2008,اختيارخ خودرو-3500-1400/02/08,124,1791,1328290000,796,750,680,-116,-14.57,742,-54,-6.78,636,870,1399-10-7
602,فسا,پتروشيمي فسا,119,870180,2111926860,2502,2427,2427,-75,-3.0,2494,-8,-0.32,2427,2427,1399-10-7
603,سپر,صندوق س سپر سرمايه بيدار- ثابت,115,831797,9197843394,11042,11042,11070,28,0.25,11058,16,0.14,11029,11070,1399-10-7
604,تصميم,صندوق س با درآمد ثابت تصميم,113,601456,9180078756,15259,15261,15262,3,0.02,15263,4,0.03,15261,15265,1399-10-7
605,وبرق,س.کارکنان صنعت برق زنجان وقزوي,111,67899,15111533541,211961,222559,222559,10598,5.0,219365,7404,3.49,222559,222559,1399-10-7
606,تسه9901,امتياز تسهيلات مسكن فروردين99,110,633,331427627,542117,515569,523582,-18535,-3.42,523582,-18535,-3.42,515569,540000,1399-10-7
607,ختراكح,ح . ريخته‌گري‌ تراكتورسازي‌,105,305266,4475199560,16290,14660,14660,-1630,-10.01,14660,-1630,-10.01,14660,14660,1399-10-7
608,قشهد,شهد,103,667003,22384620680,31970,33560,33560,1590,4.97,32640,670,2.1,33560,33560,1399-10-7
609,تسه9811,امتياز تسهيلات مسكن بهمن98,103,657,345325669,538426,511505,515000,-23426,-4.35,525610,-12816,-2.38,511505,540000,1399-10-7
610,فيروزا,صندوق بادرآمد ثابت فيروزه آسيا,102,900317,19472244826,21607,21555,21650,43,0.2,21628,21,0.1,21550,21650,1399-10-7
611,سنوين,سرمايه گذاري اقتصاد نوين,100,999242,9658027108,9860,9663,9690,-170,-1.72,9667,-193,-1.96,9663,9700,1399-10-7
612,تسه9802,امتياز تسهيلات مسكن ارديبهشت98,96,951,496597812,522471,500000,535000,12529,2.4,522185,-286,-0.05,496548,548000,1399-10-7
613,شتولي,تولي‌پرس‌,96,133023,4156968750,30638,31250,31250,612,2.0,30885,247,0.81,31250,31250,1399-10-7
614,تسه9801,امتياز تسهيلات مسكن فروردين98,94,578,305366006,527811,502010,520000,-7811,-1.48,528315,504,0.1,502010,544000,1399-10-7
615,تسه9812,امتياز تسهيلات مسكن اسفند98,94,645,337927559,530773,525000,520000,-10773,-2.03,523919,-6854,-1.29,504235,530000,1399-10-7
616,الماس,صندوق س.امين تدبيرگران فردا-س,94,28437,3773792233,134067,140000,132900,-1167,-0.87,132707,-1360,-1.01,131000,140000,1399-10-7
617,زعف0008پ11,زعفران0008نگين سحرخيز(پ),93,52344,6707736815,128232,127001,127000,-1232,-0.96,128147,-85,-0.07,121000,129600,1399-10-7
618,آسام,صندوق س.آرمان سپهر آشنا-م,92,23130,2654055690,113901,114500,115500,1599,1.4,114745,844,0.74,114000,115500,1399-10-7
619,سفارود,كارخانه فارسيت درود,89,354473,4371361036,12091,12332,12332,241,1.99,12193,102,0.84,12332,12332,1399-10-7
620,سكه9912پ04,سكه تمام بهارتحويل1روزه صادرات,89,34500,40381951200,1166675,1179000,1177000,10325,0.88,1170491,3816,0.33,1167001,1179000,1399-10-7
621,كپشير,پشم‌شيشه‌ايران‌,82,404355,10541534850,24830,26070,26070,1240,4.99,25070,240,0.97,26070,26070,1399-10-7
622,كيان2,صندوق س. با درآمد ثابت كيان,80,8000000,8000000,26470,1,1,-26469,-100.0,1,-26469,-100.0,1,1,1399-10-7
623,شصفها,پتروشيمي‌ اصفهان‌,79,112872,14383730448,124936,127434,127434,2498,2.0,127286,2350,1.88,127434,127434,1399-10-7
624,تسه9809,امتياز تسهيلات مسكن آذر98,77,767,400513640,522301,496186,515559,-6742,-1.29,522182,-119,-0.02,496186,548400,1399-10-7
625,تسه9803,امتياز تسهيلات مسكن خرداد98,76,460,238341029,521821,500000,525000,3179,0.61,518133,-3688,-0.71,500000,540000,1399-10-7
626,زعف0008پ08,زعفران0008نگين روستا(پ),70,44388,5613140394,127216,128999,126500,-716,-0.56,126456,-760,-0.6,125000,128999,1399-10-7
627,ضصاد1104,اختيارخ وبصادر-4500-1399/11/12,68,3291,325290000,97,70,100,3,3.09,99,2,2.06,70,110,1399-10-7
628,ثپرديسح,ح.سرمايه گذاري مسكن پرديس,67,4000000,36348000000,8655,9087,9087,432,4.99,9087,432,4.99,9087,9087,1399-10-7
629,شكف,كف,66,89310,7871604780,86410,88138,88138,1728,2.0,87692,1282,1.48,88138,88138,1399-10-7
630,بذر,صندوق س بذر اميد آفرين-سهام,66,23444,2631510990,113060,111900,112000,-1060,-0.94,112250,-810,-0.72,110020,114000,1399-10-7
631,ضسپا1102,اختيارخ خساپا-2000-1399/11/26,66,3310,1898612000,572,501,503,-69,-12.06,574,2,0.35,500,750,1399-10-7
632,ضجار1015,اختيارخ وتجارت-3500-1399/10/21,66,2559,366742000,131,110,150,19,14.5,143,12,9.16,100,250,1399-10-7
633,زعف0008پ16,زعفران0008نگين بيرجند(پ),64,43626,5503105889,126499,126000,126840,341,0.27,126143,-356,-0.28,125502,127000,1399-10-7
634,لازما,كارخانه هاي صنعتي آزمايش,64,264935,7360159235,28347,27781,27781,-566,-2.0,27913,-434,-1.53,27781,27781,1399-10-7
635,كتوكا,توليدي و خدمات صنايع نسوز توكا,64,97903,2581016789,25108,26363,26363,1255,5.0,25170,62,0.25,26363,26363,1399-10-7
636,اخزا902,اسنادخزانه-م2بودجه99-011019,63,160452,108276560074,673431,674001,674500,1069,0.16,674822,1391,0.21,673439,675100,1399-10-7
637,پلوله,گازلوله‌,63,488836,8670484132,17562,17737,17737,175,1.0,17737,175,1.0,17737,17737,1399-10-7
638,زعف0008پ10,زعفران0008نگين طلاي سرخ(پ),62,74741,9565063466,127337,126000,127970,633,0.5,127976,639,0.5,126000,129000,1399-10-7
639,ثاژن,سخت آژند,62,640804,5675601028,8684,8857,8857,173,1.99,8780,96,1.11,8857,8857,1399-10-7
640,سپاس,صندوق س. پاداش سهامداري توسعه1,62,1366923,13833802404,10112,10116,10126,14,0.14,10120,8,0.08,10116,10126,1399-10-7
641,ضشنا1035,اختيارخ شپنا-14000-1399/10/23,62,578,813894000,1032,1000,1350,318,30.81,1408,376,36.43,1000,2000,1399-10-7
642,زعف0008پ05,زعفران0008نگين زرين(پ),59,44116,5581935703,127844,127345,127149,-695,-0.54,126529,-1315,-1.03,125302,127500,1399-10-7
643,وجامي,سرمايه گذاري جامي,59,283373,3292227514,11280,11618,11618,338,3.0,11334,54,0.48,11618,11618,1399-10-7
644,ضخود1046,اختيارخ خودرو-5000-1399/10/07,57,2680,2680000,1,1,1,0,0.0,1,0,0.0,1,1,1399-10-7
645,سايرا,ايرانيت‌,55,70457,2365104792,34228,33544,34150,-78,-0.23,34067,-161,-0.47,33544,34500,1399-10-7
646,وسصفا,شركت س استان اصفهان,54,711810,726046200,1070,1020,1020,-50,-4.67,1070,0,0.0,1020,1020,1399-10-7
647,تسه9808,امتياز تسهيلات مسكن آبان98,52,596,307018308,524250,498039,505000,-19250,-3.67,515131,-9119,-1.74,498039,528000,1399-10-7
648,ضجار1014,اختيارخ وتجارت-3000-1399/10/21,52,1098,458783000,368,331,413,45,12.23,418,50,13.59,330,465,1399-10-7
649,سكه0011پ02,سكه تمام بهارتحويلي 1روزه ملت,51,17600,20626833800,1164155,1175100,1175100,10945,0.94,1171979,7824,0.67,1167001,1175100,1399-10-7
650,صنوين,صندوق سرمايه‌گذاري صنوين-مختلط,48,12122,1285754940,106970,106000,106020,-950,-0.89,106070,-900,-0.84,106000,106740,1399-10-7
651,دلر,داروسازي‌ اكسير,48,190366,9314608380,46600,48930,48930,2330,5.0,47010,410,0.88,48930,48930,1399-10-7
652,تسه9807,امتياز تسهيلات مسكن مهر98,48,347,179825616,529364,502896,520000,-9364,-1.77,518229,-11135,-2.1,502896,540000,1399-10-7
653,اخزا808,اسنادخزانه-م8بودجه98-000817,48,83944,72270782940,860750,860000,863500,2750,0.32,860940,190,0.02,860000,863500,1399-10-7
654,فاهواز,نورد و لوله اهواز,47,360304,6606894448,18711,18337,18337,-374,-2.0,18651,-60,-0.32,18337,18337,1399-10-7
655,اخزا815,اسنادخزانه-م15بودجه98-010406,47,119020,91344889884,765870,767000,769000,3130,0.41,767475,1605,0.21,765500,769000,1399-10-7
656,وساغربي,شركت س استان آذربايجان غربي,45,656525,485828500,770,740,740,-30,-3.9,770,0,0.0,740,740,1399-10-7
657,اخزا820,اسنادخزانه-م20بودجه98-020806,44,228124,132408660052,580002,580000,580000,-2,0.0,580424,422,0.07,580000,582000,1399-10-7
658,فنرژي,گسترش صنايع انرژي آذرآب,44,153323,1911017872,12220,12464,12464,244,2.0,12265,45,0.37,12464,12464,1399-10-7
659,اوصتا,صندوق انديشه ورزان صباتامين -د,43,271711,4744140257,17446,17458,17459,13,0.07,17460,14,0.08,17458,17475,1399-10-7
660,ضخود1043,اختيارخ خودرو-3500-1399/10/07,43,1821,1821000,6,1,1,-5,-83.33,1,-5,-83.33,1,1,1399-10-7
661,شرنگي,شيميايي رنگين,43,27040,3532694880,126842,130647,130647,3805,3.0,127495,653,0.51,130647,130647,1399-10-7
662,تسه9806,امتياز تسهيلات مسكن شهريور98,42,547,283419484,518796,492857,530000,11204,2.16,518134,-662,-0.13,492857,544735,1399-10-7
663,ضخود1047,اختيارخ خودرو-6000-1399/10/07,42,1843,1843000,1,1,1,0,0.0,1,0,0.0,1,1,1399-10-7
664,اخزا811,اسنادخزانه-م11بودجه98-001013,41,154756,129758205187,838927,838000,838990,63,0.01,838470,-457,-0.05,836000,839990,1399-10-7
665,اخزا809,اسنادخزانه-م9بودجه98-000923,41,117358,99394086317,846303,845000,847500,1197,0.14,846931,628,0.07,843000,847500,1399-10-7
666,اخزا904,اسنادخزانه-م4بودجه99-011215,39,45118,29535205854,656057,656000,656000,-57,-0.01,654621,-1436,-0.22,653400,659998,1399-10-7
667,اخزا903,اسنادخزانه-م3بودجه99-011110,39,41845,27965679868,668786,667403,669789,1003,0.15,668316,-470,-0.07,667103,669967,1399-10-7
668,سخند,صندوق س.سپهرخبرگان نفت-د,38,262000,2649555080,10117,10120,10120,3,0.03,10113,-4,-0.04,10108,10120,1399-10-7
669,ضفلا1156,اختيارخ فولاد-16000-1399/11/28,38,915,902598000,987,1000,930,-57,-5.78,986,-1,-0.1,890,1100,1399-10-7
670,ارمغان,ص سرمايه گذاري ارمغان ايرانيان,36,626964,6352907210,10115,10123,10128,13,0.13,10133,18,0.18,10123,10145,1399-10-7
671,تسه9805,امتياز تسهيلات مسكن مرداد98,35,420,223498485,517750,520990,543637,25887,5.0,532139,14389,2.78,491863,543637,1399-10-7
672,سكه0112پ03,سكه تمام بهارتحويلي1روزه سامان,35,8500,9965562700,1166998,1175000,1172011,5013,0.43,1172419,5421,0.46,1168000,1175000,1399-10-7
673,اخزا704,اسنادخزانه-م4بودجه97-991022,34,106106,105148994195,990917,993000,991050,133,0.01,990981,64,0.01,990600,993000,1399-10-7
674,اخزا817,اسنادخزانه-م17بودجه98-010512,33,155819,117639326842,752959,750250,755100,2141,0.28,754974,2015,0.27,750250,755990,1399-10-7
675,ضصاد1101,اختيارخ وبصادر-3000-1399/11/12,33,716,342258000,433,454,504,71,16.4,478,45,10.39,400,540,1399-10-7
676,وسكرد,شركت س استان كردستان,33,1295630,971722500,780,750,750,-30,-3.85,780,0,0.0,750,750,1399-10-7
677,ضصاد1100,اختيارخ وبصادر-2500-1399/11/12,32,1094,836182000,761,760,750,-11,-1.45,764,3,0.39,750,940,1399-10-7
678,دمعيار,صندوق س. توازن معيار-د,31,766877,7695597046,10030,10035,10036,6,0.06,10035,5,0.05,10033,10043,1399-10-7
679,ضملت1128,اختيارخ وبملت-6000-1399/11/28,31,896,423835000,476,450,460,-16,-3.36,473,-3,-0.63,425,549,1399-10-7
680,ضسپا1103,اختيارخ خساپا-2500-1399/11/26,31,778,397625000,422,550,500,78,18.48,511,89,21.09,480,598,1399-10-7
681,جوين,كشت و صنعت جوين,31,215930,5887331450,26471,27265,27265,794,3.0,26692,221,0.83,27265,27265,1399-10-7
682,ضپاس1003,اختيارخ وپارس-3500-1399/10/30,31,651,400693000,641,569,580,-61,-9.52,616,-25,-3.9,552,750,1399-10-7
683,ثروتم,صندوق س. ثروت آفرين پارسيان-س,30,34680,3290071090,96454,95201,94254,-2200,-2.28,94869,-1585,-1.64,94250,96000,1399-10-7
684,ضشنا1044,اختيارخ شپنا-10000-1399/10/23,29,425,1583038000,3500,3800,3440,-60,-1.71,3725,225,6.43,3440,4299,1399-10-7
685,ضفار1125,اختيارخ فارس-17826-1399/11/07,28,1016,239020000,93,119,125,32,34.41,118,25,26.88,100,140,1399-10-7
686,اخزا821,اسنادخزانه-م21بودجه98-020906,26,119835,68530649312,571114,571999,570250,-864,-0.15,571875,761,0.13,569019,575000,1399-10-7
687,ويسرو,ص.ج.سرو رشد پايداريكم 20%تاديه,26,351550,70310000000,200000,200000,200000,0,0.0,200000,0,0.0,200000,200000,1399-10-7
688,عيار2,صندوق س. پشتوانه طلاي مفيد,26,260000,260000,28627,1,1,-28626,-100.0,1,-28626,-100.0,1,1,1399-10-7
689,اخزا812,اسنادخزانه-م12بودجه98-001111,25,98751,81807500341,824538,825000,827100,2562,0.31,828422,3884,0.47,825000,831000,1399-10-7
690,ضجار1017,اختيارخ وتجارت-4500-1399/10/21,24,739,11153000,8,11,30,22,275.0,15,7,87.5,9,30,1399-10-7
691,كصدف,كاشي صدف سرام استقلال آباده,24,42002,1047067858,24203,24929,24929,726,3.0,24240,37,0.15,24929,24929,1399-10-7
692,اخزا814,اسنادخزانه-م14بودجه98-010318,24,109437,84809126100,773884,774000,775002,1118,0.14,774958,1074,0.14,774000,775500,1399-10-7
693,ضپاس1005,اختيارخ وپارس-4500-1399/10/30,24,624,136189000,265,200,225,-40,-15.09,218,-47,-17.74,101,300,1399-10-7
694,ضترا1117,اختيارخ شتران-10000-1399/11/14,23,985,2079912000,2050,2500,2100,50,2.44,2112,62,3.02,2100,2500,1399-10-7
695,ضملت1126,اختيارخ وبملت-4500-1399/11/28,23,1202,1090473000,924,1000,900,-24,-2.6,907,-17,-1.84,889,1030,1399-10-7
696,كيا,كيا الكترود شرق,23,1150000,6459550000,5617,5617,5617,0,0.0,5617,0,0.0,5617,5617,1399-10-7
697,نگين,ص.س. زمين و ساختمان نگين شهرري,22,1007681,48372624790,47560,47530,48990,1430,3.01,48000,440,0.93,47530,48990,1399-10-7
698,اخزا816,اسنادخزانه-م16بودجه98-010503,22,118098,89479985882,755516,758000,758000,2484,0.33,757676,2160,0.29,753702,758001,1399-10-7
699,ضخود2005,اختيارخ خودرو-2000-1400/02/08,22,521,845487000,1686,1601,1734,48,2.85,1623,-63,-3.74,1511,1749,1399-10-7
700,اخزا907,اسنادخزانه-م7بودجه99-020704,22,87225,51066243000,1000000,584500,586000,-414000,-41.4,585454,-414546,-41.45,584500,586000,1399-10-7
701,ضخود1048,اختيارخ خودرو-7000-1399/10/07,21,1500,1500000,1,1,1,0,0.0,1,0,0.0,1,1,1399-10-7
702,كشم0001پ01,كشمش سبز0001خليل آباد(پ),21,449,157660107,344988,340000,362237,17249,5.0,351136,6148,1.78,330000,362237,1399-10-7
703,زعف0008پ18,زعفران0008نگين بهرامن(پ),20,12242,1532310265,126513,127806,128138,1625,1.28,125168,-1345,-1.06,124594,128138,1399-10-7
704,فيروزه2,صندوق شاخص30 شركت فيروزه- سهام,20,200000,200000,173310,1,1,-173309,-100.0,1,-173309,-100.0,1,1,1399-10-7
705,آكورد2,صندوق س. آرمان آتي كوثر-د,20,2000000,2000000,29938,1,1,-29937,-100.0,1,-29937,-100.0,1,1,1399-10-7
706,ضشنا1045,اختيارخ شپنا-12000-1399/10/23,19,331,844290000,2800,2500,2450,-350,-12.5,2551,-249,-8.89,2429,2600,1399-10-7
707,وسخوز,شركت س استان خوزستان,18,322648,300062640,970,930,930,-40,-4.12,970,0,0.0,930,930,1399-10-7
708,ضملي1152,اختيارخ فملي-18252-1399/11/05,18,283,130686412,256,290,259,3,1.17,234,-22,-8.59,201,298,1399-10-7
709,وسيستا,شركت س استان سيستان وبلوچستان,18,659659,501340840,790,760,760,-30,-3.8,790,0,0.0,760,760,1399-10-7
710,اخزا818,اسنادخزانه-م18بودجه98-010614,18,19109,14081684516,736400,734002,740001,3601,0.49,736914,514,0.07,734002,740001,1399-10-7
711,اخزا721,اسنادخزانه-م21بودجه97-000728,18,20484,17720313655,865695,865080,865080,-615,-0.07,865081,-614,-0.07,864501,866500,1399-10-7
712,گنجين,صندوق س. گنجينه يكم آويد-د,18,63232,752969613,11893,11895,11910,17,0.14,11908,15,0.13,11895,11910,1399-10-7
713,اخزا806,اسنادخزانه-م6بودجه98-000519,17,19809,17759551598,897485,895580,905000,7515,0.84,896540,-945,-0.11,895580,905000,1399-10-7
714,هترول911,اختيارف ت پترول-14730-99/11/15,17,91123,180423540,1722,1980,1980,258,14.98,1980,258,14.98,1980,1980,1399-10-7
715,دقاضيح,ح . داروسازي شهيد قاضي,17,3696,192905328,53807,52193,52193,-1614,-3.0,52193,-1614,-3.0,52193,52193,1399-10-7
716,آينده,بازرگاني آينده سازان بهشت پارس,17,14856,296050368,20976,19928,19928,-1048,-5.0,20960,-16,-0.08,19928,19928,1399-10-7
717,زعف0008پ09,زعفران0008نگين نوين(پ),16,14895,1886987000,126861,126500,126500,-361,-0.28,126686,-175,-0.14,126000,127000,1399-10-7
718,تملي612,تسهيلات مسكن بانك ملي-اسفند96,16,200,193733600,922541,968668,968668,46127,5.0,968668,46127,5.0,968668,968668,1399-10-7
719,ضملت1129,اختيارخ وبملت-7000-1399/11/28,16,887,170418000,191,250,205,14,7.33,192,1,0.52,170,250,1399-10-7
720,اخزا813,اسنادخزانه-م13بودجه98-010219,15,9806,7690517135,783740,784260,784371,631,0.08,784266,526,0.07,784200,800000,1399-10-7
721,اخزا810,اسنادخزانه-م10بودجه98-001006,15,23999,20172585728,840435,839202,844000,3565,0.42,840559,124,0.01,839202,844000,1399-10-7
722,داريك,صندوق س.اعتماد داريك-د,15,50510,526973840,10432,10433,10433,1,0.01,10433,1,0.01,10433,10439,1399-10-7
723,ضپاس1001,اختيارخ وپارس-2500-1399/10/30,15,133,185050000,1413,1720,1389,-24,-1.7,1391,-22,-1.56,1201,1720,1399-10-7
724,ضپيك1020,اختيارخ تاپيكو-14000-99/10/16,15,199,230822000,615,800,1000,385,62.6,1160,545,88.62,800,1300,1399-10-7
725,اخزا901,اسنادخزانه-م1بودجه99-010621,14,50073,36805423670,732683,734999,735100,2417,0.33,735035,2352,0.32,734999,735100,1399-10-7
726,خعمرا,توسعه و عمران شهرستان نائين,14,45542,1007571208,21480,22124,22124,644,3.0,21511,31,0.14,22124,22124,1399-10-7
727,شستا991,اجاره تامين اجتماعي-امين991226,14,131,131121753,996888,993522,993900,-2988,-0.3,1000929,4041,0.41,993522,1008000,1399-10-7
728,هفارس912,اختيارف ت فارس-14576-99/12/13,14,196580,386672860,1420,1967,1967,547,38.52,1967,547,38.52,1967,1967,1399-10-7
729,ضغدر1119,اختيارخ وغدير-10000-1399/11/26,13,343,1028958000,2988,2950,3000,12,0.4,3000,12,0.4,2950,3002,1399-10-7
730,صخابر102,صكوك اجاره مخابرات-3 ماهه 16%,13,130000,123500000000,950000,950000,950000,0,0.0,950000,0,0.0,950000,950000,1399-10-7
731,وسلرستا,شركت س استان لرستان,12,142778,122789080,900,860,860,-40,-4.44,900,0,0.0,860,860,1399-10-7
732,ضسپا1105,اختيارخ خساپا-3500-1399/11/26,12,157,24847000,163,150,170,7,4.29,158,-5,-3.07,100,180,1399-10-7
733,ضپار1117,اختيارخ خپارس-7000-1399/11/19,11,346,812900000,2135,2900,2400,265,12.41,2349,214,10.02,2000,2900,1399-10-7
734,ضشنا1036,اختيارخ شپنا-16000-1399/10/23,11,140,119798000,788,999,995,207,26.27,856,68,8.63,533,999,1399-10-7
735,ضپنا1022,اختيارخ رمپنا-18806-1399/10/09,11,229,86445970,721,400,200,-521,-72.26,255,-466,-64.63,200,450,1399-10-7
736,ضجار2005,اختيارخ وتجارت-4000-1400/02/22,11,110,57500000,1,500,550,549,54900.0,523,522,52200.0,500,550,1399-10-7
737,ضفلا1155,اختيارخ فولاد-14000-1399/11/28,10,102,195365000,1810,1835,1800,-10,-0.55,1915,105,5.8,1800,1950,1399-10-7
738,ضصاد1103,اختيارخ وبصادر-4000-1399/11/12,9,103,14989000,195,20,131,-64,-32.82,146,-49,-25.13,20,219,1399-10-7
739,ضخود2010,اختيارخ خودرو-4500-1400/02/08,9,64,26535000,400,355,440,40,10.0,415,15,3.75,355,450,1399-10-7
740,ضخود2006,اختيارخ خودرو-2500-1400/02/08,9,224,281638000,1283,1250,1223,-60,-4.68,1257,-26,-2.03,1223,1320,1399-10-7
741,ضفار1126,اختيارخ فارس-19826-1399/11/07,9,98,19026000,26,72,99,73,280.77,97,71,273.08,72,99,1399-10-7
742,وسكرمان,س.سهام عدالت استان كرمان,9,66534,65203320,1030,980,980,-50,-4.85,1030,0,0.0,980,980,1399-10-7
743,ضملي1148,اختيارخ فملي-10140-1399/11/05,9,34,302347040,4757,5000,5150,393,8.26,4509,-248,-5.21,4010,5150,1399-10-7
744,ضجار2003,اختيارخ وتجارت-3000-1400/02/22,8,82,62998000,1000,800,772,-228,-22.8,768,-232,-23.2,700,899,1399-10-7
745,ضملي1149,اختيارخ فملي-12168-1399/11/05,8,14,84001284,3197,3000,3000,-197,-6.16,3043,-154,-4.82,2700,3150,1399-10-7
746,ضسپا1101,اختيارخ خساپا-1800-1399/11/26,8,192,134732000,1031,699,700,-331,-32.1,702,-329,-31.91,699,720,1399-10-7
747,ضصاد1105,اختيارخ وبصادر-5000-1399/11/12,8,159,5056000,20,34,30,10,50.0,32,12,60.0,19,34,1399-10-7
748,پست0008پ08,پسته فندقي32-30مه ولات0008(پ),8,75,108762993,1431884,1480000,1413000,-18884,-1.32,1450173,18289,1.28,1413000,1480000,1399-10-7
749,اخزا807,اسنادخزانه-م7بودجه98-000719,7,57883,50297697000,868267,868890,869000,733,0.08,868955,688,0.08,868000,869000,1399-10-7
750,اخزا905,اسنادخزانه-م5بودجه99-020218,7,8963,5673582000,632704,633000,633050,346,0.05,633000,296,0.05,633000,633050,1399-10-7
751,ضسپا1106,اختيارخ خساپا-4000-1399/11/26,7,94,10952000,90,110,119,29,32.22,117,27,30.0,110,130,1399-10-7
752,ضخود2011,اختيارخ خودرو-5000-1400/02/08,7,425,110215000,303,256,260,-43,-14.19,259,-44,-14.52,255,279,1399-10-7
753,شسم,توليد سموم‌ علف‌ كش,7,5092,452047392,87036,88776,88776,1740,2.0,87113,77,0.09,88776,88776,1399-10-7
754,ضسپا1104,اختيارخ خساپا-3000-1399/11/26,7,99,35214000,280,400,300,20,7.14,356,76,27.14,300,450,1399-10-7
755,ضترا1118,اختيارخ شتران-12000-1399/11/14,7,127,228900000,1789,1800,1900,111,6.2,1802,13,0.73,1800,1900,1399-10-7
756,تملي702,تسهيلات مسكن ب. ملي-ارديبهشت97,7,298,278944778,983585,934406,934406,-49179,-5.0,936056,-47529,-4.83,934406,1032764,1399-10-7
757,وسفارس,شركت س استان فارس,7,43565,42693700,1030,980,980,-50,-4.85,1030,0,0.0,980,980,1399-10-7
758,ضپنا1020,اختيارخ رمپنا-13406-1399/10/09,6,10,75605050,6999,5400,4900,-2099,-29.99,5105,-1894,-27.06,4900,5400,1399-10-7
759,اراد60,مرابحه عام دولتي6-ش.خ0210,6,700000,647101000000,924170,924430,924430,260,0.03,924430,260,0.03,924430,924430,1399-10-7
760,كرونا2,تامين مالي جمعي صرفا اهداي سود,6,508,5080000,10000,10000,10000,0,0.0,10000,0,0.0,10000,10000,1399-10-7
761,ضجار1018,اختيارخ وتجارت-5000-1399/10/21,6,310,1250000,5,3,5,0,0.0,4,-1,-20.0,3,5,1399-10-7
762,اخزا723,اسنادخزانه-م23بودجه97-000824,6,13240,11324272162,854952,855200,870133,15181,1.78,855308,356,0.04,855200,870133,1399-10-7
763,سپرمي,پرميت‌,6,6083,51431765,8372,8455,8455,83,0.99,8373,1,0.01,8455,8455,1399-10-7
764,ضپاس1004,اختيارخ وپارس-4000-1399/10/30,6,164,71309000,311,332,500,189,60.77,435,124,39.87,332,500,1399-10-7
765,هبركت912,اختيارف ت بركت-22100-99/12/17,6,64980,64980,1,1,1,0,0.0,1,0,0.0,1,1,1399-10-7
766,ضفلا1154,اختيارخ فولاد-12000-1399/11/28,6,45,119500000,2993,2850,2600,-393,-13.13,2656,-337,-11.26,2600,2850,1399-10-7
767,زعف0008پ12,زعفران0008پوشالمعمول سحرخيز(پ),6,730,64970000,89500,89000,89000,-500,-0.56,89000,-500,-0.56,89000,89000,1399-10-7
768,وسهمدا,شركت س استان همدان,6,74406,63245100,890,850,850,-40,-4.49,890,0,0.0,850,850,1399-10-7
769,وسخراج,شركت س استان خراسان جنوبي,6,21816,46031760,2220,2110,2110,-110,-4.95,2220,0,0.0,2110,2110,1399-10-7
770,ضمخا1023,اختيارخ اخابر-12000-1399/10/30,6,18,37206000,3150,2002,2000,-1150,-36.51,2067,-1083,-34.38,2000,2690,1399-10-7
771,اخزا722,اسنادخزانه-م22بودجه97-000428,5,22531,20404371000,904803,905250,906000,1197,0.13,905613,810,0.09,904500,906000,1399-10-7
772,اخزا908,اسنادخزانه-م8بودجه99-020606,5,5750,3462883887,602454,601500,603979,1525,0.25,602241,-213,-0.04,601500,603980,1399-10-7
773,ضسپا1100,اختيارخ خساپا-1600-1399/11/26,5,23,21930000,912,900,900,-12,-1.32,953,41,4.5,900,1060,1399-10-7
774,اخزا804,اسنادخزانه-م4بودجه98-000421,5,13308,12086737416,907900,908340,908232,332,0.04,908231,331,0.04,907900,908340,1399-10-7
775,ضفلا1157,اختيارخ فولاد-18000-1399/11/28,5,145,70769000,474,420,487,13,2.74,488,14,2.95,409,499,1399-10-7
776,اخزا805,اسنادخزانه-م5بودجه98-000422,5,2336,2120857353,907461,907900,907902,441,0.05,907901,440,0.05,907900,907902,1399-10-7
777,اطلس2,صندوق س.توسعه اندوخته آينده-س,5,50000,50000,215241,1,1,-215240,-100.0,1,-215240,-100.0,1,1,1399-10-7
778,وسيلام,شركت س استان ايلام,5,35964,42437520,1240,1180,1180,-60,-4.84,1240,0,0.0,1180,1180,1399-10-7
779,تملي703,تسهيلات مسكن ب. ملي-خرداد97,5,60,44945220,788512,749087,749087,-39425,-5.0,749087,-39425,-5.0,749087,749087,1399-10-7
780,پست0008پ09,پسته بادامي30-28مه ولات0008(پ),4,51,68100000,1327500,1335000,1335000,7500,0.56,1335294,7794,0.59,1335000,1350000,1399-10-7
781,وسرضوي,س.سهام عدالت استان خراسان رضوي,4,33153,32489940,1030,980,980,-50,-4.85,1030,0,0.0,980,980,1399-10-7
782,ضجار2000,اختيارخ وتجارت-1800-1400/02/22,4,18,34400000,1900,2000,1800,-100,-5.26,1911,11,0.58,1800,2000,1399-10-7
783,اراد49,مرابحه عام دولت4-ش.خ 0206,4,47000,43684895000,940460,894895,930000,-10460,-1.11,929466,-10994,-1.17,894895,940000,1399-10-7
784,ضپار1118,اختيارخ خپارس-8000-1399/11/19,4,307,320223000,963,2889,1000,37,3.84,1043,80,8.31,1000,2889,1399-10-7
785,ضغدر1120,اختيارخ وغدير-12000-1399/11/26,4,19,36306000,2300,2058,1598,-702,-30.52,1911,-389,-16.91,1598,2500,1399-10-7
786,پست0008پ04,پسته فندقي32-30سبزدانه0008(پ),4,22,31740008,1424271,1460000,1400002,-24269,-1.7,1442728,18457,1.3,1400002,1460000,1399-10-7
787,زير0003پ04,زيره سبز0003شركت مينوبذر(پ),4,64,30106358,467137,472199,472199,5062,1.08,470412,3275,0.7,467000,472199,1399-10-7
788,تملي803,تسهيلات مسكن ب. ملي-خرداد98,4,23,19018148,787501,826876,826876,39375,5.0,826876,39375,5.0,826876,826876,1399-10-7
789,زعف0008پ15,زعفران0008پوشالمعمول طلاسرخ(پ),4,203,18059000,91161,88000,88600,-2561,-2.81,88961,-2200,-2.41,88000,92000,1399-10-7
790,وساربيل,شركت س استان اردبيل,4,21073,25709060,1280,1220,1220,-60,-4.69,1280,0,0.0,1220,1220,1399-10-7
791,ضپاس1002,اختيارخ وپارس-3000-1399/10/30,3,9,9760000,1146,1250,1150,4,0.35,1084,-62,-5.41,920,1250,1399-10-7
792,كابگن,توليدي و صنعتي آبگينه‌,3,7658,38757138,5011,5061,5061,50,1.0,5011,0,0.0,5061,5061,1399-10-7
793,وملل2,اعتباري ملل,3,175265521,3146016101950,17842,17950,17950,108,0.61,17950,108,0.61,17950,17950,1399-10-7
794,ضجار1011,اختيارخ وتجارت-1800-1399/10/21,3,35,47001000,1679,1400,1000,-679,-40.44,1343,-336,-20.01,1000,1400,1399-10-7
795,ضپيك1023,اختيارخ تاپيكو-20000-99/10/16,3,12,38000,101,9,2,-99,-98.02,3,-98,-97.03,2,9,1399-10-7
796,سمگا2,گروه سرمايه گذاري ميراث فرهنگي,3,41000000,1473909000000,36618,35949,35949,-669,-1.83,35949,-669,-1.83,35949,35949,1399-10-7
797,اخزا713,اسنادخزانه-م13بودجه97-000518,3,5059,4533965696,897371,904000,896202,-1169,-0.13,896218,-1153,-0.13,896077,904000,1399-10-7
798,وسكرشا,س.سهام عدالت استان كرمانشاه,3,22180,26616000,1260,1200,1200,-60,-4.76,1260,0,0.0,1200,1200,1399-10-7
799,غگز,گز سكه,2,95000,2185000000,24000,23000,23000,-1000,-4.17,23000,-1000,-4.17,23000,23000,1399-10-7
800,وسگيلا,شركت س استان گيلان,2,19095,15085050,830,790,790,-40,-4.82,830,0,0.0,790,790,1399-10-7
801,غيوان,كيوان,2,1350,20907450,15334,15487,15487,153,1.0,15335,1,0.01,15487,15487,1399-10-7
802,طخود1043,اختيارف خودرو-3500-1399/10/07,2,200,200000000,1,1000,1000,999,99900.0,1000,999,99900.0,1000,1000,1399-10-7
803,ضشنا1038,اختيارخ شپنا-20000-1399/10/23,2,20,200000,400,10,10,-390,-97.5,10,-390,-97.5,10,10,1399-10-7
804,ضفار1121,اختيارخ فارس-9826-1399/11/07,2,17,96400000,4646,3100,2800,-1846,-39.73,2835,-1811,-38.98,2800,3100,1399-10-7
805,وسزنجان,شركت س استان زنجان,2,14000,18900000,1420,1350,1350,-70,-4.93,1420,0,0.0,1350,1350,1399-10-7
806,اشاد10,مشاركت دولتي10-شرايط خاص001226,2,50000,47500000000,949725,950000,950000,275,0.03,950000,275,0.03,950000,950000,1399-10-7
807,شستا993,اجاره ت.اجتماعي-كاردان991226,2,37,36610300,990011,989110,991000,989,0.1,989468,-543,-0.05,989110,991000,1399-10-7
808,ضملي1150,اختيارخ فملي-14196-1399/11/05,2,3,12601080,3000,1700,2345,-655,-21.83,2130,-870,-29.0,1700,2345,1399-10-7
809,ضپيك1021,اختيارخ تاپيكو-16000-99/10/16,2,16,6240000,500,390,390,-110,-22.0,390,-110,-22.0,390,390,1399-10-7
810,ميدكو4,هلدينگ صنايع  معدني خاورميانه,2,15000000,466695000000,31164,31113,31113,-51,-0.16,31113,-51,-0.16,31113,31113,1399-10-7
811,شتهران,داروسازي تهران شيمي,2,2089,16384027,7690,7843,7843,153,1.99,7690,0,0.0,7843,7843,1399-10-7
812,ضبدر1159,اختيارخ شبندر-16000-1399/11/19,2,2,26000000,13300,13000,13000,-300,-2.26,13000,-300,-2.26,13000,13000,1399-10-7
813,وسمركز,شركت س استان مركزي,2,11266,14983780,1400,1330,1330,-70,-5.0,1400,0,0.0,1330,1330,1399-10-7
814,ضفلا1151,اختيارخ فولاد-8000-1399/11/28,2,5,31890000,5938,6795,6100,162,2.73,6378,440,7.41,6100,6795,1399-10-7
815,ضملي1153,اختيارخ فملي-20280-1399/11/05,2,52,10368776,69,100,129,60,86.96,101,32,46.38,100,129,1399-10-7
816,ضخوز1017,اختيارخ فخوز-18286-1399/10/16,1,5,2625000,1000,200,200,-800,-80.0,200,-800,-80.0,200,200,1399-10-7
817,وسگلستا,شركت س استان گلستان,1,8432,9949760,1240,1180,1180,-60,-4.84,1240,0,0.0,1180,1180,1399-10-7
818,شستا994,اجاره تامين اجتماعي-نوين991226,1,10,9727020,973521,972702,972702,-819,-0.08,972702,-819,-0.08,972702,972702,1399-10-7
819,زير0003پ02,زيره سبز0003 دانش(پ),1,20,9809800,450000,490490,490490,40490,9.0,490490,40490,9.0,490490,490490,1399-10-7
820,ثشاهد2,سرمايه‌ گذاري‌ شاهد,1,40000000,976400000000,25680,24410,24410,-1270,-4.95,24410,-1270,-4.95,24410,24410,1399-10-7
821,فنوال2,نورد آلومينيوم‌,1,13587000,394158870000,29010,29010,29010,0,0.0,29010,0,0.0,29010,29010,1399-10-7
822,تسه99022,امتياز تسهيلات مسكن ارديبهشت99,1,15,150,531954,10,10,-531944,-100.0,10,-531944,-100.0,10,10,1399-10-7
823,اراد62,مرابحه عام دولت62-ش.خ0309,1,20000,20000000000,1000000,1000000,1000000,0,0.0,1000000,0,0.0,1000000,1000000,1399-10-7
824,ضمخا1024,اختيارخ اخابر-14000-1399/10/30,1,2,1900000,932,950,950,18,1.93,950,18,1.93,950,950,1399-10-7
825,ضپنا2004,اختيارخ رمپنا-18000-1400/02/12,1,30,144000000,5400,4800,4800,-600,-11.11,4800,-600,-11.11,4800,4800,1399-10-7
826,ضملت1125,اختيارخ وبملت-4000-1399/11/28,1,1,1250000,1347,1250,1250,-97,-7.2,1250,-97,-7.2,1250,1250,1399-10-7
827,اخزا716,اسنادخزانه-م16بودجه97-000407,1,300,274800000,915082,916000,916000,918,0.1,916000,918,0.1,916000,916000,1399-10-7
828,ضپار1116,اختيارخ خپارس-6000-1399/11/19,1,1,3100000,2140,3100,3100,960,44.86,3100,960,44.86,3100,3100,1399-10-7
829,ضپيك1019,اختيارخ تاپيكو-12000-99/10/16,1,7,14000000,2001,2000,2000,-1,-0.05,2000,-1,-0.05,2000,2000,1399-10-7
830,تسه99062,امتياز تسهيلات مسكن شهريور99,1,17,170,541453,10,10,-541443,-100.0,10,-541443,-100.0,10,10,1399-10-7
831,دمعيار2,صندوق س. توازن معيار-د,1,1200000,1200000,10030,1,1,-10029,-99.99,1,-10029,-99.99,1,1,1399-10-7
832,قرن2,پديده شيمي قرن,1,6000000,395670000000,66950,65945,65945,-1005,-1.5,65945,-1005,-1.5,65945,65945,1399-10-7
833,شكلر2,نيروكلر,1,2064064,136228224000,69250,66000,66000,-3250,-4.69,66000,-3250,-4.69,66000,66000,1399-10-7
834,ضپيك2011,اختيارخ تاپيكو-14000-00/02/19,1,10,45000000,4000,4500,4500,500,12.5,4500,500,12.5,4500,4500,1399-10-7
835,ضفلا1158,اختيارخ فولاد-20000-1399/11/28,1,1,281000,155,281,281,126,81.29,281,126,81.29,281,281,1399-10-7
836,ضپاس1006,اختيارخ وپارس-5000-1399/10/30,1,70,7000000,105,100,100,-5,-4.76,100,-5,-4.76,100,100,1399-10-7
837,ياقوت2,صندوق س ياقوت آگاه-ثابت,1,6878171,6878171,11646,1,1,-11645,-99.99,1,-11645,-99.99,1,1,1399-10-7
838,صينا205,صكوك منفعت سينا دارو-3ماهه 19%,1,9,9009000,977083,1001000,1001000,23917,2.45,1001000,23917,2.45,1001000,1001000,1399-10-7
839,زير0003پ01,زيره سبز0003كيميابذر(پ),1,11,5395423,485404,490493,490493,5089,1.05,490493,5089,1.05,490493,490493,1399-10-7
840,ضخوز1013,اختيارخ فخوز-10667-1399/10/16,1,1,14406000,6767,5488,5488,-1279,-18.9,5488,-1279,-18.9,5488,5488,1399-10-7
841,ضجار1010,اختيارخ وتجارت-1600-1399/10/21,1,1,1500000,1522,1500,1500,-22,-1.45,1500,-22,-1.45,1500,1500,1399-10-7
842,چخزر4,صنايع چوب خزر كاسپين,1,2000000,55476000000,27536,27738,27738,202,0.73,27738,202,0.73,27738,27738,1399-10-7
843,اخزا9022,اسنادخزانه-م2بودجه99-011019,1,276618,187961931000,673431,679500,679500,6069,0.9,679500,6069,0.9,679500,679500,1399-10-7
844,كچاد2,معدني‌وصنعتي‌چادرملو,1,7000000,143500000000,20520,20500,20500,-20,-0.1,20500,-20,-0.1,20500,20500,1399-10-7
845,اخزا720,اسنادخزانه-م20بودجه97-000324,1,247,229463000,920001,929000,929000,8999,0.98,929000,8999,0.98,929000,929000,1399-10-7
846,ضمخا7070,اختيارخ اخابر-20000-1400/07/28,1,1,4000000,3760,4000,4000,240,6.38,4000,240,6.38,4000,4000,1399-10-7
847,وسبوشهر,شركت س استان بوشهر,1,6000,7200000,1260,1200,1200,-60,-4.76,1260,0,0.0,1200,1200,1399-10-7
848,ضپار1115,اختيارخ خپارس-5000-1399/11/19,1,1,4000000,3415,4000,4000,585,17.13,4000,585,17.13,4000,4000,1399-10-7
849,تملي701,تسهيلات مسكن ب. ملي-فروردين97,1,30,21966270,770746,732209,732209,-38537,-5.0,732209,-38537,-5.0,732209,732209,1399-10-7
850,افاد744,منفعت دولت7-ش.خاص ساير0204,1,1000000,1000000000000,987000,1000000,1000000,13000,1.32,1000000,13000,1.32,1000000,1000000,1399-10-7
851,تملي705,تسهيلات مسكن ب. ملي-مرداد97,1,7,5457340,820652,779620,779620,-41032,-5.0,779620,-41032,-5.0,779620,779620,1399-10-7
852,مبين014,اجاره اعتماد مبين لوتوس011019,1,988,948480000,945060,960000,960000,14940,1.58,960000,14940,1.58,960000,960000,1399-10-7
853,وصندوق2,سرمايه‌گذاري‌صندوق‌بازنشستگي‌,1,10000000,155400000000,15540,15540,15540,0,0.0,15540,0,0.0,15540,15540,1399-10-7
854,تملي801,تسهيلات مسكن ب. ملي-فروردين98,1,8,5541416,729133,692677,692677,-36456,-5.0,692677,-36456,-5.0,692677,692677,1399-10-7
855,افران2,صندوق س افرا نماد پايدار-ثابت,1,10000000,10000000,12343,1,1,-12342,-99.99,1,-12342,-99.99,1,1,1399-10-7
856,كرمان02,مرابحه كرمان موتور14020306,1,6,5910000,1000000,985000,985000,-15000,-1.5,985000,-15000,-1.5,985000,985000,1399-10-7
857,وسيزد,شركت س استان يزد,1,8156,9950320,1280,1220,1220,-60,-4.69,1280,0,0.0,1220,1220,1399-10-7
858,صمسكن912,ص دين مسكن جنوب-ماهانه16درصد,1,250,12978500,51400,51914,51914,514,1.0,51914,514,1.0,51914,51914,1399-10-7
859,آگاس2,صندوق س.هستي بخش آگاه-س,1,100000,100000,75307,1,1,-75306,-100.0,1,-75306,-100.0,1,1,1399-10-7
860,اراد58,مرابحه عام دولت5-ش.خ 0110,1,160000,150964800000,943230,943530,943530,300,0.03,943530,300,0.03,943530,943530,1399-10-7
861,تسه99032,امتياز تسهيلات مسكن خرداد99,1,5,50,525096,10,10,-525086,-100.0,10,-525086,-100.0,10,10,1399-10-7
862,اراد504,مرابحه عام دولت5-ش.خ0302,1,500000,500000000000,1000001,1000000,1000000,-1,0.0,1000000,-1,0.0,1000000,1000000,1399-10-7
863,تسه99072,امتياز تسهيلات مسكن مهر99,1,20,200,528305,10,10,-528295,-100.0,10,-528295,-100.0,10,10,1399-10-7
864,دارا4,صندوق س. دارا الگوريتم-د,1,2000000,20000000000,10010,10000,10000,-10,-0.1,10000,-10,-0.1,10000,10000,1399-10-7
865,ضجار2004,اختيارخ وتجارت-3500-1400/02/22,1,10,8990000,1,899,899,898,89800.0,899,898,89800.0,899,899,1399-10-7
866,وسقم,شركت س استان قم,1,7426,9950840,1410,1340,1340,-70,-4.96,1410,0,0.0,1340,1340,1399-10-7
867,بتك,كارخانجات كابل سازي‌ تك‌,1,30,1035330,33835,34511,34511,676,2.0,33835,0,0.0,34511,34511,1399-10-7
868,كمند2,صندوق س. با درآمد ثابت كمند,1,50000000,50000000,10115,1,1,-10114,-99.99,1,-10114,-99.99,1,1,1399-10-7
869,صايپا203,صكوك مرابحه سايپا203-3ماهه 16%,1,6,5712786,952131,952131,952131,0,0.0,952131,0,0.0,952131,952131,1399-10-7
870,ضپنا2002,اختيارخ رمپنا-14000-1400/02/12,1,10,90000000,1,9000,9000,8999,899900.0,9000,8999,899900.0,9000,9000,1399-10-7
871,اخزا718,اسنادخزانه-م18بودجه97-000525,1,20,17859200,891276,892960,892960,1684,0.19,892960,1684,0.19,892960,892960,1399-10-7
872,ضگل1141,اختيارخ كگل-14000-1399/11/21,1,5,30000000,5718,6000,6000,282,4.93,6000,282,4.93,6000,6000,1399-10-7
