,نماد,نام,تعداد,حجم,ارزش,دیروز,اولین,آخرین معامله - مقدار,آخرین معامله - تغییر,آخرین معامله - درصد,قیمت پایانی - مقدار,قیمت پایانی - تغییر,قیمت پایانی - درصد,کمترین,بیشترین,تاریخ
0,خودرو,ايران‌ خودرو,56753,1476000023,5053730889360,3290,3470,3380,90,2.74,3420,130,3.95,3330,3580,1399-8-12
1,وسپهر,سرمايه گذاري مالي سپهرصادرات,46450,98911519,1140791828034,11863,11510,11699,-164,-1.38,11533,-330,-2.78,11301,12000,1399-8-12
2,دارا يكم,صندوق واسطه گري مالي يكم-سهام,45817,24557702,4640243024960,191180,186000,187720,-3460,-1.81,188950,-2230,-1.17,183190,193390,1399-8-12
3,بپيوند,برق و انرژي پيوندگستر پارس,41153,44124432,1085601560249,23807,23250,24501,694,2.92,24603,796,3.34,23150,25500,1399-8-12
4,خساپا,سايپا,30425,926300482,2241292097410,2410,2350,2420,10,0.41,2420,10,0.41,2330,2510,1399-8-12
5,سيتا,سرمايه گذاري سيمان تامين,25158,24968452,426219483660,16930,16510,17330,400,2.36,17070,140,0.83,16480,17500,1399-8-12
6,فولاد,فولاد مباركه اصفهان,24997,96584869,1191311312440,12510,12100,12310,-200,-1.6,12330,-180,-1.44,11910,12680,1399-8-12
7,غزر,صنعتي زر ماكارون,23866,4565551,227534579280,50050,49900,50710,660,1.32,49840,-210,-0.42,47550,52490,1399-8-12
8,فملي,ملي‌ صنايع‌ مس‌ ايران‌,22337,51699600,1078508781780,20910,20010,20880,-30,-0.14,20860,-50,-0.24,20010,21490,1399-8-12
9,وبملت,بانك ملت,22009,286148702,1358533443460,4730,4580,4790,60,1.27,4750,20,0.42,4560,4870,1399-8-12
10,امين,تامين سرمايه امين,20355,16612031,188799779050,11400,11030,11420,20,0.18,11370,-30,-0.26,10950,11690,1399-8-12
11,ثبهساز,بهساز كاشانه تهران,19803,112269141,312557492040,2910,2780,2810,-100,-3.44,2780,-130,-4.47,2770,2900,1399-8-12
12,بگيلان,توسعه مسير برق گيلان,19135,7276291,191764052056,27119,26500,26051,-1068,-3.94,26355,-764,-2.82,25893,27399,1399-8-12
13,زملارد,كشاورزي و دامپروري ملارد شير,16507,3262300,143456913762,45889,43595,43595,-2294,-5.0,43974,-1915,-4.17,43595,45695,1399-8-12
14,خگستر,گسترش‌سرمايه‌گذاري‌ايران‌خودرو,16108,296011544,1141323487670,4020,3850,3820,-200,-4.98,3860,-160,-3.98,3820,4010,1399-8-12
15,وبصادر,بانك صادرات ايران,15995,369822267,1167781663180,3260,3140,3120,-140,-4.29,3160,-100,-3.07,3100,3280,1399-8-12
16,پترول,گروه پتروشيمي س. ايرانيان,15524,79308566,923070772790,12150,11570,11590,-560,-4.61,11640,-510,-4.2,11550,12140,1399-8-12
17,آبادا,توليد نيروي برق آبادان,15371,5680979,100762723810,18590,17720,17670,-920,-4.95,17740,-850,-4.57,17670,18300,1399-8-12
18,گدنا,تهيه توزيع غذاي دنا آفرين فدك,15189,179262,2874824694,15274,16037,16037,763,5.0,15316,42,0.27,16037,16037,1399-8-12
19,آريا,پليمر آريا ساسول,12526,2000035,315512567046,157296,151720,158700,1404,0.89,157754,458,0.29,151720,160000,1399-8-12
20,ولپارس,ليزينگ پارسيان,11667,1364902,6483284500,4530,4750,4750,220,4.86,4550,20,0.44,4750,4750,1399-8-12
21,رافزا,رايان هم افزا,11145,64995,2243497410,32875,34518,34518,1643,5.0,32945,70,0.21,34518,34518,1399-8-12
22,شگويا,پتروشيمي تندگويان,10980,68385435,703813139975,10819,10279,10350,-469,-4.33,10292,-527,-4.87,10279,10540,1399-8-12
23,ذوب,سهامي ذوب آهن  اصفهان,10397,130733129,607285688186,4697,4600,4610,-87,-1.85,4645,-52,-1.11,4540,4790,1399-8-12
24,خپارس,پارس‌ خودرو,10297,105439182,635790260600,6250,6100,5940,-310,-4.96,6030,-220,-3.52,5940,6380,1399-8-12
25,گكوثر,هتل پارسيان كوثر اصفهان,9931,7034829,1054280249326,148191,150000,141300,-6891,-4.65,149866,1675,1.13,140010,157900,1399-8-12
26,كحافظ,كاشي‌ وسراميك‌ حافظ‌,9327,36067632,961657053600,25750,27030,27020,1270,4.93,26660,910,3.53,24900,27030,1399-8-12
27,صبا,سرمايه گذاري صبا تامين,9149,32256881,253930458202,8252,7903,7840,-412,-4.99,7872,-380,-4.6,7840,8200,1399-8-12
28,صباح,ح . سرمايه گذاري صبا تامين,7320,33478755,205154232119,6306,6050,6101,-205,-3.25,6128,-178,-2.82,6001,6300,1399-8-12
29,وپارس,بانك‌پارسيان‌,7059,168833548,513208056270,3150,3030,3020,-130,-4.13,3040,-110,-3.49,3000,3220,1399-8-12
30,شپنا,پالايش نفت اصفهان,6931,40593846,531779382600,13780,13100,13100,-680,-4.93,13100,-680,-4.93,13100,13100,1399-8-12
31,ونوين,بانك‌اقتصادنوين‌,6753,156177106,684910975430,4330,4290,4400,70,1.62,4390,60,1.39,4140,4530,1399-8-12
32,چكاپا,گروه صنايع كاغذ پارس,6145,57295092,297659225180,5450,5180,5200,-250,-4.59,5200,-250,-4.59,5180,5380,1399-8-12
33,نوري,پتروشيمي نوري,5960,4354552,757033550600,167080,169490,175430,8350,5.0,173850,6770,4.05,166030,175430,1399-8-12
34,وغدير,سرمايه‌گذاري‌غدير(هلدينگ‌,5764,33007550,345662218850,10840,10450,10590,-250,-2.31,10470,-370,-3.41,10320,10900,1399-8-12
35,زدشت,كشت و صنعت دشت خرم دره,5475,15436180,635242610191,37852,38600,41637,3785,10.0,41153,3301,8.72,38500,41637,1399-8-12
36,زبينا,كشاورزي و دامپروري بينالود,5422,6888696,347681062147,48009,48200,49800,1791,3.73,50471,2462,5.13,48000,51999,1399-8-12
37,شتران,پالايش نفت تهران,5389,26118129,285747043620,11510,10940,10940,-570,-4.95,10940,-570,-4.95,10940,11000,1399-8-12
38,فارس,صنايع پتروشيمي خليج فارس,5284,38778838,479802913190,13020,12370,12370,-650,-4.99,12370,-650,-4.99,12370,12690,1399-8-12
39,زقيام,كشت و دام قيام اصفهان,5210,9818983,326464062749,31391,31750,32800,1409,4.49,33248,1857,5.92,31740,34420,1399-8-12
40,غگل,گلوكوزان‌,5171,48232723,217539251300,4730,4500,4500,-230,-4.86,4510,-220,-4.65,4500,4740,1399-8-12
41,تسه9907,امتياز تسهيلات مسكن مهر99,4535,111056,88683369260,824621,799700,787000,-37621,-4.56,798546,-26075,-3.16,783400,806997,1399-8-12
42,ثنوسا,نوسازي‌وساختمان‌تهران‌,4389,42056339,357141001430,8610,8180,8840,230,2.67,8490,-120,-1.39,8180,8940,1399-8-12
43,انرژي3,سايراشخاص بورس انرژي,4274,745217,265931021250,373140,360000,354490,-18650,-5.0,356850,-16290,-4.37,354490,373000,1399-8-12
44,كرازي,كارخانجات‌توليدي‌شيشه‌رازي‌,4152,19510752,329916203940,16750,15920,17500,750,4.48,16910,160,0.96,15920,17580,1399-8-12
45,غگيلا,شيرپاستوريزه پگاه گيلان,4043,87404,1501775528,16364,17182,17182,818,5.0,16387,23,0.14,17182,17182,1399-8-12
46,شبندر,پالايش نفت بندرعباس,3981,13268420,346321798170,27470,26100,26100,-1370,-4.99,26100,-1370,-4.99,26100,26300,1399-8-12
47,بركت,گروه دارويي بركت,3607,19063847,239403216950,13210,12550,12550,-660,-5.0,12560,-650,-4.92,12550,12820,1399-8-12
48,كاما,باما,3309,1769471,271841353660,158720,150990,151990,-6730,-4.24,153630,-5090,-3.21,150990,159890,1399-8-12
49,بجهرم,توسعه مولد نيروگاهي جهرم,3252,30560896,111383101745,3714,3571,3660,-54,-1.45,3645,-69,-1.86,3551,3750,1399-8-12
50,شصدفح,ح . صنعتي دوده فام,3190,1707019,30636920348,17716,17660,18000,284,1.6,17948,232,1.31,17520,18200,1399-8-12
51,فخوز,فولاد  خوزستان,3172,7519509,258152819850,34410,33030,34110,-300,-0.87,34330,-80,-0.23,33020,35440,1399-8-12
52,كمند,صندوق س. با درآمد ثابت كمند,3132,148148500,1506398186061,10168,10174,10173,5,0.05,10168,0,0.0,10160,10178,1399-8-12
53,زشگزا,شير و گوشت زاگرس شهركرد,2949,1780257,204271048471,107429,108151,116999,9570,8.91,114742,7313,6.81,107450,118100,1399-8-12
54,وپاسار,بانك  پاسارگاد,2814,52793585,460867966800,8700,8790,8760,60,0.69,8730,30,0.34,8500,8900,1399-8-12
55,فروي,ذوب روي اصفهان,2804,3479840,163948627262,47007,45519,47450,443,0.94,47114,107,0.23,45519,48800,1399-8-12
56,ولساپا,ليزينگ رايان‌ سايپا,2645,32631027,115532908690,3480,3360,3600,120,3.45,3540,60,1.72,3360,3640,1399-8-12
57,كچاد,معدني‌وصنعتي‌چادرملو,2620,12768310,193798233160,15110,15100,15310,200,1.32,15180,70,0.46,14580,15450,1399-8-12
58,زكوثر,سرمايه گذاري كشاورزي كوثر,2560,5442722,94189282170,18100,17220,17260,-840,-4.64,17310,-790,-4.36,17200,17900,1399-8-12
59,هاي وب,داده گسترعصرنوين-هاي وب,2386,7443052,162178769570,22870,21750,21730,-1140,-4.98,21790,-1080,-4.72,21730,22500,1399-8-12
60,غدام,خوراك‌  دام‌ پارس‌,2354,1405622,321653854990,220680,231710,218000,-2680,-1.21,228830,8150,3.69,209650,231710,1399-8-12
61,ماديرا,صنايع ماشين هاي اداري ايران,2341,4834812,129623395196,27929,26562,26550,-1379,-4.94,26810,-1119,-4.01,26533,27695,1399-8-12
62,وشهر,بانك شهر,2334,179987579,1402643203147,7952,7793,7793,-159,-2.0,7793,-159,-2.0,7793,7793,1399-8-12
63,قزوين,كارخانجات‌ قند قزوين‌,2329,9936413,357702452860,35430,35990,37180,1750,4.94,36000,570,1.61,33660,37200,1399-8-12
64,كاوه,فولاد كاوه جنوب كيش,2227,14002587,268425003960,19440,19000,19020,-420,-2.16,19170,-270,-1.39,18510,19730,1399-8-12
65,خاهن,آهنگري‌ تراكتورسازي‌ ايران‌,2164,7607984,234718911640,29480,29760,30950,1470,4.99,30850,1370,4.65,28060,30950,1399-8-12
66,كالا,بورس كالاي ايران,2026,3731785,149110043080,42010,39910,39910,-2100,-5.0,39960,-2050,-4.88,39910,41500,1399-8-12
67,ختوقا,قطعات‌ اتومبيل‌ ايران‌,2023,19268459,67860297720,3670,3490,3490,-180,-4.9,3520,-150,-4.09,3490,3670,1399-8-12
68,بترانس,ايران‌ ترانسفو,1974,6932395,174497487150,26480,25160,25160,-1320,-4.98,25170,-1310,-4.95,25160,25950,1399-8-12
69,ارفع,شركت آهن و فولاد ارفع,1910,10571410,136277397882,12667,12250,13180,513,4.05,12891,224,1.77,12250,13180,1399-8-12
70,اعتماد,صندوق س.اعتماد آفرين پارسيان-د,1908,67753690,2244727903540,33114,33127,33134,20,0.06,33131,17,0.05,33125,33136,1399-8-12
71,آريان,سرمايه گذاري پارس آريان,1906,52194216,691416264132,13167,13180,13260,93,0.71,13247,80,0.61,13100,13562,1399-8-12
72,فاراك,ماشين‌ سازي‌ اراك‌,1861,22716693,155386948010,7200,6840,6840,-360,-5.0,6840,-360,-5.0,6840,6890,1399-8-12
73,شصدف,صنعتي دوده فام,1856,74694,1749109398,22302,23417,23417,1115,5.0,22339,37,0.17,23417,23417,1399-8-12
74,مدير,ص.س.مديريت ثروت ص.بازنشستگي-س,1854,8802168,89827369302,10305,10170,10220,-85,-0.82,10205,-100,-0.97,10021,10390,1399-8-12
75,پاكشو,گروه صنعتي پاكشو,1839,1615129,145230396240,88350,86000,90540,2190,2.48,89920,1570,1.78,84760,91500,1399-8-12
76,زاگرس,پتروشيمي زاگرس,1824,1192386,181737501609,154740,150900,151000,-3740,-2.42,152415,-2325,-1.5,147988,157980,1399-8-12
77,اخابر,مخابرات ايران,1796,15823665,193181362140,12810,12170,12170,-640,-5.0,12210,-600,-4.68,12170,12560,1399-8-12
78,شسپا,نفت سپاهان,1781,6509086,123227940940,19420,19300,18790,-630,-3.24,18930,-490,-2.52,18500,19650,1399-8-12
79,رانفور,خدمات‌انفورماتيك‌,1763,10019462,301941046420,29580,29700,29500,-80,-0.27,30140,560,1.89,28250,30900,1399-8-12
80,قثابت,قند ثابت‌ خراسان‌,1721,2309951,191470713240,87130,82780,82780,-4350,-4.99,82890,-4240,-4.87,82780,86000,1399-8-12
81,آگاس,صندوق س.هستي بخش آگاه-س,1691,1953819,121215139381,62565,60800,61962,-603,-0.96,62040,-525,-0.84,60502,63900,1399-8-12
82,تاصيكو,سرمايه گذاري صدرتامين,1673,12304301,113194522450,9330,8910,9200,-130,-1.39,9200,-130,-1.39,8890,9310,1399-8-12
83,سمگا,گروه سرمايه گذاري ميراث فرهنگي,1669,17135767,298574604550,18318,17403,17403,-915,-5.0,17424,-894,-4.88,17403,18000,1399-8-12
84,كگل,معدني و صنعتي گل گهر,1653,8618830,130260973000,15120,14610,15220,100,0.66,15110,-10,-0.07,14600,15450,1399-8-12
85,لسرما,سرما آفرين‌,1647,8658682,248380682570,28370,29780,26960,-1410,-4.97,28690,320,1.13,26960,29780,1399-8-12
86,وتوصا,گروه س توسعه صنعتي ايران,1640,11244915,96446792660,8480,8080,8710,230,2.71,8580,100,1.18,8080,8780,1399-8-12
87,شغدير,پتروشيمي غدير,1630,3027744,140092709372,44341,44931,46558,2217,5.0,46270,1929,4.35,44350,46558,1399-8-12
88,پارسان,گسترش نفت و گاز پارسيان,1618,7240538,139699228350,19670,18900,19890,220,1.12,19290,-380,-1.93,18710,19900,1399-8-12
89,طلا,صندوق س.پشتوانه طلاي لوتوس,1589,2093155,197056664095,85858,93980,94443,8585,10.0,94143,8285,9.65,90255,94443,1399-8-12
90,نوين,بيمه نوين,1577,11486376,73760889400,6442,6240,6390,-52,-0.81,6422,-20,-0.31,6240,6600,1399-8-12
91,فرابورس,فرابورس ايران,1554,2876894,154723691175,56374,53556,53556,-2818,-5.0,53782,-2592,-4.6,53556,55500,1399-8-12
92,زر,صندوق س.پشتوانه سكه طلاي زر,1541,2313512,133202107352,52556,55800,57811,5255,10.0,57576,5020,9.55,55560,57811,1399-8-12
93,شبهرن,نفت‌ بهران‌,1513,2359520,135865775930,57110,57560,57960,850,1.49,57580,470,0.82,55320,59600,1399-8-12
94,وساخت,سرمايه‌ گذاري‌ ساختمان‌ايران‌,1491,2857081,134063255160,45680,44500,47960,2280,4.99,46920,1240,2.71,43620,47960,1399-8-12
95,وصنعت,سرمايه گذاري توسعه صنعت وتجارت,1484,10170924,74406604330,7570,7220,7380,-190,-2.51,7320,-250,-3.3,7210,7540,1399-8-12
96,ثاخت,بين‌المللي‌توسعه‌ساختمان,1450,20710742,78940937180,4010,3810,3810,-200,-4.99,3810,-200,-4.99,3810,3880,1399-8-12
97,بورس,بورس اوراق بهادار تهران,1415,2520017,130254359190,54000,51300,51300,-2700,-5.0,51690,-2310,-4.28,51300,55000,1399-8-12
98,ودي,بيمه  دي,1410,8687713,174363943523,20889,19845,20154,-735,-3.52,20070,-819,-3.92,19845,20885,1399-8-12
99,وبانك,سرمايه گذاري گروه توسعه ملي,1372,5266953,47584905400,9260,8830,9080,-180,-1.94,9150,-110,-1.19,8830,9450,1399-8-12
100,كمرجان,بازرگاني و توليدي مرجان كار,1366,2828592,155663226432,53521,56197,51700,-1821,-3.4,55032,1511,2.82,51408,56197,1399-8-12
101,امين يكم,صندوق درآمد ثابت امين يكم فردا,1355,47266437,482681046160,10211,10211,10212,1,0.01,10212,1,0.01,10208,10215,1399-8-12
102,چكارن,كارتن‌ ايران‌,1328,13650464,43921699710,3350,3210,3210,-140,-4.18,3230,-120,-3.58,3190,3330,1399-8-12
103,ومهان,گروه توسعه مالي مهر آيندگان,1307,3625193,49968689128,13912,13502,13721,-191,-1.37,13796,-116,-0.83,13350,14088,1399-8-12
104,عيار,صندوق س. پشتوانه طلاي مفيد,1306,1755501,58999995794,30819,33598,33900,3081,10.0,33609,2790,9.05,32400,33900,1399-8-12
105,وپست,پست بانك ايران,1292,7510021,83964010320,10960,10550,11030,70,0.64,11180,220,2.01,10550,11480,1399-8-12
106,فاسمين,كالسيمين‌,1292,6983006,92875615370,13960,13350,13270,-690,-4.94,13300,-660,-4.73,13270,13700,1399-8-12
107,ارزش,صندوق س ارزش آفرين بيدار-سهام,1285,7357123,69899270370,9540,9290,9510,-30,-0.31,9500,-40,-0.42,9280,9690,1399-8-12
108,بنو,بيمه تجارت نو,1249,5005743,176525809109,34102,34102,35807,1705,5.0,35265,1163,3.41,33501,35807,1399-8-12
109,غسالم,سالمين‌,1241,8103092,36191482320,4690,4460,4460,-230,-4.9,4520,-170,-3.62,4460,4600,1399-8-12
110,ثاميد,توسعه و عمران اميد,1238,24763539,61165941330,2590,2470,2470,-120,-4.63,2470,-120,-4.63,2470,2470,1399-8-12
111,ضصاد1102,اختيارخ وبصادر-3500-1399/11/12,1208,46276,19648927000,441,480,403,-38,-8.62,425,-16,-3.63,340,520,1399-8-12
112,گوهر,صندوق سكه طلاي كيان,1187,1323816,91141255357,64129,67000,69000,4871,7.6,68847,4718,7.36,66901,70171,1399-8-12
113,جم پيلن,پلي پروپيلن جم - جم پيلن,1185,5297819,409486611240,73720,72130,77400,3680,4.99,77290,3570,4.84,72130,77400,1399-8-12
114,ستران,سيمان‌ تهران‌,1176,2425841,72537010120,31380,29820,29820,-1560,-4.97,29900,-1480,-4.72,29820,31250,1399-8-12
115,قرن,پديده شيمي قرن,1174,754594,38513127000,51490,49210,51590,100,0.19,51150,-340,-0.66,49030,52250,1399-8-12
116,سيمرغ,سيمرغ,1173,5297440,77936801020,15410,14640,14640,-770,-5.0,14710,-700,-4.54,14640,15100,1399-8-12
117,رتاپح,ح.تجارت الكترونيك پارسيان,1164,3130502,12937059930,4320,4010,4090,-230,-5.32,4130,-190,-4.4,3960,4280,1399-8-12
118,دي,بانك دي,1151,1135772,51185836724,47438,45067,45067,-2371,-5.0,46023,-1415,-2.98,45067,45067,1399-8-12
119,سفارس,سيمان فارس و خوزستان,1148,4840839,68923492220,14790,14200,14320,-470,-3.18,14240,-550,-3.72,14060,14970,1399-8-12
120,خرينگ,رينگ‌سازي‌مشهد,1136,2088744,82208992750,37990,38000,39880,1890,4.97,39360,1370,3.61,36110,39880,1399-8-12
121,خكرمان,گروه اقتصادي كرمان خودرو,1122,17259583,77822465418,4733,4497,4497,-236,-4.99,4509,-224,-4.73,4497,4700,1399-8-12
122,فجر,فولاد اميركبيركاشان,1110,1748904,95815513320,53120,51500,55760,2640,4.97,54790,1670,3.14,50670,55770,1399-8-12
123,وصندوق,سرمايه‌گذاري‌صندوق‌بازنشستگي‌,1110,7471148,101451358630,13410,13000,13600,190,1.42,13550,140,1.04,12800,13990,1399-8-12
124,وخارزم,سرمايه گذاري خوارزمي,1087,10914450,102159252000,9850,9360,9360,-490,-4.97,9360,-490,-4.97,9360,9360,1399-8-12
125,دشيمي,شيمي‌ داروئي‌ داروپخش‌,1060,1868278,124771360410,65500,62240,66480,980,1.5,66780,1280,1.95,62240,68770,1399-8-12
126,هرمز,فولاد هرمزگان جنوب,1035,5945275,67795302254,11442,10980,11598,156,1.36,11419,-23,-0.2,10980,11740,1399-8-12
127,حريل,ريل پردازسير,1029,10598659,36791256061,3640,3470,3458,-182,-5.0,3510,-130,-3.57,3458,3600,1399-8-12
128,همراه,شركت ارتباطات سيار ايران,1017,2373136,66229222370,27810,26810,28000,190,0.68,27880,70,0.25,26630,28700,1399-8-12
129,ثفارس,عمران‌وتوسعه‌فارس‌,1016,10794207,77258053340,7520,7150,7150,-370,-4.92,7160,-360,-4.79,7150,7390,1399-8-12
130,كپارس,كاشي‌ پارس‌,1014,992949,103214286310,99510,94700,104480,4970,4.99,103950,4440,4.46,94700,104480,1399-8-12
131,سرو,صندوق س سروسودمند مدبران-سهام,1000,1124312,63062914880,55980,54990,56260,280,0.5,56090,110,0.2,54300,57400,1399-8-12
132,رنيك,جنرال مكانيك,975,2829702,66510037631,24324,23108,23108,-1216,-5.0,23504,-820,-3.37,23108,25410,1399-8-12
133,كترام,توليدي‌ كاشي‌ تكسرام‌,957,2332055,54335714750,23880,22690,22840,-1040,-4.36,23300,-580,-2.43,22690,24470,1399-8-12
134,كلر,كلر پارس,936,377429,20348284391,56261,53500,53903,-2358,-4.19,55241,-1020,-1.81,53448,55645,1399-8-12
135,غصينو,صنعتي مينو,928,4243969,167437308957,37575,39453,39453,1878,5.0,39453,1878,5.0,39453,39453,1399-8-12
136,شرانل,نفت ايرانول,911,1403613,38511476884,27419,28122,26881,-538,-1.96,27432,13,0.05,26400,28250,1399-8-12
137,پكرمان,گروه‌ صنعتي‌ بارز,894,2270843,55159905810,25390,24140,24300,-1090,-4.29,24290,-1100,-4.33,24130,25800,1399-8-12
138,بپاس,بيمه پاسارگاد,891,2029857,129505466204,63415,63800,63829,414,0.65,63800,385,0.61,63420,64000,1399-8-12
139,حآسا,آسيا سير ارس,879,5345030,83629910290,14973,15640,15369,396,2.64,15646,673,4.49,14973,15721,1399-8-12
140,وتوسم,سرمايه‌گذاري‌توسعه‌ملي‌,879,4476528,51295757630,11270,11010,11470,200,1.77,11450,180,1.6,11010,11670,1399-8-12
141,شبريز,پالايش نفت تبريز,873,2528323,68725280770,28610,27180,27180,-1430,-5.0,27550,-1060,-3.7,27180,27860,1399-8-12
142,شفارس,صنايع‌ شيميايي‌ فارس‌,870,1913521,71535482090,37920,36410,37130,-790,-2.08,37380,-540,-1.42,36080,38500,1399-8-12
143,آسيا,بيمه آسيا,867,2337546,52471929060,23240,22160,22270,-970,-4.17,22450,-790,-3.4,22080,23350,1399-8-12
144,زفكا,كشت و دامداري فكا,864,1167422,49183974630,40722,40722,42758,2036,5.0,42130,1408,3.46,39620,42758,1399-8-12
145,زگلدشت,كشت و دام گلدشت نمونه اصفهان,858,829850,28293304750,33404,31756,34600,1196,3.58,33807,403,1.21,31756,35030,1399-8-12
146,كگازح,ح . شيشه‌ و گاز,855,1845269,23683940780,13110,13300,12740,-370,-2.82,12830,-280,-2.14,12600,13300,1399-8-12
147,پتاير,ايران‌ تاير,851,594447,54466448200,90410,86410,93300,2890,3.2,91630,1220,1.35,86410,94000,1399-8-12
148,وبيمهح,ح . سرمايه‌ گذاري‌ صنعت‌ بيمه‌,838,25271179,32992986410,1350,1300,1300,-50,-3.7,1310,-40,-2.96,1260,1350,1399-8-12
149,تسه9906,امتياز تسهيلات مسكن شهريور99,805,9293,7469170318,843200,820000,801040,-42160,-5.0,803742,-39458,-4.68,801040,825600,1399-8-12
150,والبر,سرمايه‌ گذاري‌ البرز(هلدينگ‌,787,2317685,30434924810,13370,13350,13370,0,0.0,13220,-150,-1.12,12770,13500,1399-8-12
151,وگردش,بانك گردشگري,785,7395578,125564197096,17042,17050,16670,-372,-2.18,16978,-64,-0.38,16600,17260,1399-8-12
152,رمپنا,گروه مپنا (سهامي عام),770,1970355,30409574300,15760,14980,15230,-530,-3.36,15680,-80,-0.51,14980,15990,1399-8-12
153,كيان,صندوق س. با درآمد ثابت كيان,767,26744545,688963380901,25743,25760,25766,23,0.09,25761,18,0.07,25753,25766,1399-8-12
154,قشرين,قند شيرين خراسان,763,3327671,50843385607,15747,15300,15275,-472,-3.0,15279,-468,-2.97,15275,15500,1399-8-12
155,دروز,داروسازي‌ روزدارو,763,4139060,76562802230,18820,17880,17880,-940,-4.99,18500,-320,-1.7,17880,19700,1399-8-12
156,پاسا,ايران‌ياساتايرورابر,762,3204797,60895064990,19940,18990,18950,-990,-4.96,19000,-940,-4.71,18950,19500,1399-8-12
157,كاردان,صندوق س تجارت شاخصي كاردان,750,378058,54648055380,145820,141100,146760,940,0.64,144550,-1270,-0.87,137000,146760,1399-8-12
158,افق,فروشگاههاي زنجيره اي افق كوروش,750,629575,46001228450,73840,73000,73690,-150,-0.2,73430,-410,-0.56,72000,74500,1399-8-12
159,ميدكو,هلدينگ صنايع  معدني خاورميانه,747,15297932,346079906317,22591,22800,22670,79,0.35,22623,32,0.14,22500,22996,1399-8-12
160,سامان,بانك سامان,732,15124002,129460719527,8820,8556,8558,-262,-2.97,8560,-260,-2.95,8556,8750,1399-8-12
161,سمازن,سيمان‌مازندران‌,721,2173699,18948688970,8670,8890,8580,-90,-1.04,8690,20,0.23,8560,8960,1399-8-12
162,ومعلم,بيمه معلم,720,7085757,43356658760,6368,6050,6050,-318,-4.99,6130,-238,-3.74,6050,6322,1399-8-12
163,وسكاب,س.ص.بازنشستگي كاركنان بانكها,715,5345984,32818245330,6240,6090,6220,-20,-0.32,6170,-70,-1.12,6000,6240,1399-8-12
164,وآرين,شركت توسعه اقتصادي آرين,709,5108118,28526170503,5719,5548,5548,-171,-2.99,5584,-135,-2.36,5548,5790,1399-8-12
165,وسينا,بانك سينا,696,5258230,48534064760,9260,9020,9520,260,2.81,9230,-30,-0.32,8830,9520,1399-8-12
166,خاتم,صندوق س خاتم ايساتيس پويا-ثابت,694,17527225,175272250000,10000,10000,10000,0,0.0,10000,0,0.0,10000,10000,1399-8-12
167,فسپا,گروه‌صنعتي‌سپاهان‌,687,1426823,58326471080,40590,39400,40740,150,0.37,40880,290,0.71,39400,42000,1399-8-12
168,كبافق,معادن‌ بافق‌,684,777361,26743145900,34810,35000,34180,-630,-1.81,34600,-210,-0.6,33200,35450,1399-8-12
169,كلوند,كاشي‌ الوند,684,2484477,47361439610,19870,18880,19120,-750,-3.77,19060,-810,-4.08,18880,20390,1399-8-12
170,وسپه,سرمايه‌گذاري‌ سپه‌,680,3277648,39357924430,12020,11750,12040,20,0.17,12010,-10,-0.08,11750,12200,1399-8-12
171,سجام,مجتمع سيمان غرب آسيا,677,4250818,46635177258,10761,10866,11083,322,2.99,10971,210,1.95,10439,11083,1399-8-12
172,ريشمك,توليد و صادرات ريشمك,673,1512469,51228816913,33543,32580,33500,-43,-0.13,33865,322,0.96,32350,34899,1399-8-12
173,كوير,توليدي فولاد سپيد فراب كوير,652,2270476,30171689630,13950,13260,13260,-690,-4.95,13600,-350,-2.51,13260,13880,1399-8-12
174,اوان,مبين وان كيش,650,2305347,118220096862,49109,47150,51564,2455,5.0,51281,2172,4.42,47150,51564,1399-8-12
175,پارند,صندوق س. پارند پايدار سپهر,642,24589551,287744989310,11706,11706,11702,-4,-0.03,11702,-4,-0.03,11701,11715,1399-8-12
176,سرچشمه,سرمايه گذاري مس سرچشمه,641,4036943,28390378122,7238,7238,7159,-79,-1.09,7118,-120,-1.66,6877,7238,1399-8-12
177,ركيش,كارت اعتباري ايران كيش,639,3014871,35887544260,12190,11600,11590,-600,-4.92,11960,-230,-1.89,11590,12500,1399-8-12
178,اپرداز,آتيه داده پرداز,636,1771389,50411550460,29754,28268,28969,-785,-2.64,28459,-1295,-4.35,28267,29600,1399-8-12
179,ضپاس1002,اختيارخ وپارس-3000-1399/10/30,634,27950,14802092000,613,610,519,-94,-15.33,530,-83,-13.54,453,619,1399-8-12
180,ما,بيمه  ما,627,5625246,34066243230,6100,5800,5940,-160,-2.62,6070,-30,-0.49,5800,6300,1399-8-12
181,ونفت,سرمايه‌گذاري‌ صنعت‌ نفت‌,612,2008373,23926800860,12070,11500,12140,70,0.58,11990,-80,-0.66,11500,12200,1399-8-12
182,بفجر,فجر انرژي خليج فارس,612,1519786,45440952430,29810,30080,29490,-320,-1.07,29860,50,0.17,28880,30920,1399-8-12
183,زمگسا,كشاورزي‌ ودامپروي‌ مگسال‌,612,2325539,62073854600,25620,25580,26900,1280,5.0,26690,1070,4.18,24350,26900,1399-8-12
184,آوا,صندوق س.سهام آواي معيار-س,612,2543606,19249542225,7668,7420,7530,-138,-1.8,7568,-100,-1.3,7301,7740,1399-8-12
185,شاراك,پتروشيمي شازند,608,1502414,28397630590,18730,18200,18980,250,1.33,18810,80,0.43,18200,19090,1399-8-12
186,حتوكا,حمل‌ونقل‌توكا,602,4790092,97083482980,19310,20270,20270,960,4.97,20270,960,4.97,19660,20270,1399-8-12
187,شوينده,مديريت صنعت شوينده ت.ص.بهشهر,593,1064218,37704187030,34500,34000,35120,620,1.8,35190,690,2.0,34000,36220,1399-8-12
188,دتمادح,ح . توليدمواداوليه‌داروپخش‌,583,727298,24873049860,34730,34800,34350,-380,-1.09,34200,-530,-1.53,33250,35000,1399-8-12
189,شپديس,پتروشيمي پرديس,579,1184542,105979742590,89940,85650,90400,460,0.51,89470,-470,-0.52,85650,90780,1399-8-12
190,اتكاي,بيمه اتكايي ايرانيان,576,7136583,87669344696,12649,12828,12650,1,0.01,12284,-365,-2.89,12017,12900,1399-8-12
191,وبيمه,سرمايه‌ گذاري‌ صنعت‌ بيمه‌,575,5106404,13354519670,2670,2550,2630,-40,-1.5,2660,-10,-0.37,2550,2700,1399-8-12
192,وآوا,سرمايه گذاري آوا نوين,572,1408228,16000361230,11842,11351,11390,-452,-3.82,11688,-154,-1.3,11250,11580,1399-8-12
193,حكشتي,كشتيراني جمهوري اسلامي ايران,572,919352,24942019760,28550,27130,27130,-1420,-4.97,28220,-330,-1.16,27130,27130,1399-8-12
194,غمارگ,مارگارين‌,569,2015978,47789617420,24910,23670,23670,-1240,-4.98,23710,-1200,-4.82,23670,24600,1399-8-12
195,وپترو,سرمايه‌گذاري صنايع پتروشيمي‌,569,2508318,34567120310,14300,13610,13640,-660,-4.62,13920,-380,-2.66,13590,14300,1399-8-12
196,آپ,آسان پرداخت پرشين,559,1315015,19233475840,14740,14200,14910,170,1.15,14690,-50,-0.34,14130,15000,1399-8-12
197,ثالوند,سرمايه گذاري مسكن الوند,558,4376522,58355014161,13207,12547,13867,660,5.0,13334,127,0.96,12547,13867,1399-8-12
198,دكوثر,داروسازي‌ كوثر,558,1684723,31585709900,19710,18730,18730,-980,-4.97,19060,-650,-3.3,18730,19450,1399-8-12
199,سباقر,سيمان باقران,557,3748482,54457169029,14738,14296,15180,442,3.0,14528,-210,-1.42,14296,15180,1399-8-12
200,رتاپ,تجارت الكترونيك  پارسيان,557,2404600,14336304260,6220,5920,5950,-270,-4.34,6140,-80,-1.29,5910,6110,1399-8-12
201,شاروم,پتروشيمي اروميه,552,3562927,73018625938,21572,20494,20494,-1078,-5.0,20494,-1078,-5.0,20494,20494,1399-8-12
202,سخاش,سيمان‌خاش‌,540,316921,24298267640,73030,76680,76680,3650,5.0,74660,1630,2.23,76030,76680,1399-8-12
203,توريل,توکاريل,540,2545748,44460400222,18378,17460,17460,-918,-5.0,17471,-907,-4.94,17460,17700,1399-8-12
204,كيميا,معدني كيمياي زنجان گستران,539,2658316,57954554191,22586,21457,21457,-1129,-5.0,21801,-785,-3.48,21457,22840,1399-8-12
205,ثمسكن,سرمايه‌گذاري‌ مسكن‌,536,5948311,33109593940,5850,5640,5560,-290,-4.96,5650,-200,-3.42,5560,5700,1399-8-12
206,شفن,پتروشيمي فناوران,531,221954,59575062570,264740,252000,269100,4360,1.65,266900,2160,0.82,252000,274910,1399-8-12
207,حتايد,تايدواترخاورميانه,529,2150296,33008692920,15850,15100,15470,-380,-2.4,15490,-360,-2.27,15090,15820,1399-8-12
208,شلعابح,ح . لعابيران‌,528,3831156,15849157460,4330,4180,4110,-220,-5.08,4140,-190,-4.39,4070,4300,1399-8-12
209,آبين,كشت و صنعت آبشيرين,524,5898262,20097468534,3500,3400,3395,-105,-3.0,3407,-93,-2.66,3395,3520,1399-8-12
210,وبشهر,توسعه‌ صنايع‌ بهشهر(هلدينگ,511,2360005,32395658640,14430,13710,13710,-720,-4.99,13960,-470,-3.26,13710,14200,1399-8-12
211,پارس,پتروشيمي پارس,505,410630,54973253880,132930,130100,134700,1770,1.33,133430,500,0.38,130100,135400,1399-8-12
212,زنجان,صنايع كشاورزي وكود زنجان,502,4152777,26016348862,6104,6245,6287,183,3.0,6265,161,2.64,6104,6287,1399-8-12
213,كروي,توسعه‌ معادن‌ روي‌ ايران‌,498,922698,22634582140,25790,24510,24510,-1280,-4.96,25190,-600,-2.33,24510,25390,1399-8-12
214,شجم,صنايع پتروشيمي تخت جمشيد,494,4034782,31541235864,8016,7776,7999,-17,-0.21,7817,-199,-2.48,7776,8240,1399-8-12
215,كشرق,صنعتي و معدني شمال شرق شاهرود,493,478706,25881632189,52372,50200,54990,2618,5.0,53219,847,1.62,50000,54990,1399-8-12
216,كپشيرح,ح . پشم‌شيشه‌ايران‌,487,1518632,16500976979,10999,11290,10370,-629,-5.72,10866,-133,-1.21,10110,11580,1399-8-12
217,كطبس,ذغال‌سنگ‌ نگين‌ ط‌بس‌,486,867583,38843164540,42950,44700,45090,2140,4.98,44280,1330,3.1,41900,45090,1399-8-12
218,شخارك,پتروشيمي‌ خارك‌,480,776538,28893940660,37330,36550,37090,-240,-0.64,37290,-40,-0.11,36550,37960,1399-8-12
219,وسبحان,سرمايه گذاري سبحان,474,5805408,48451935168,8785,8346,8346,-439,-5.0,8346,-439,-5.0,8346,8346,1399-8-12
220,بكام,كارخانجات توليدي شهيد قندي,470,8105269,42390556870,5500,5230,5230,-270,-4.91,5250,-250,-4.55,5230,5230,1399-8-12
221,وجامي,سرمايه گذاري جامي,460,2275361,33328315804,14362,14500,14792,430,2.99,14647,285,1.98,13949,14792,1399-8-12
222,ملت,بيمه ملت,458,2508341,30586252420,12710,12310,12080,-630,-4.96,12380,-330,-2.6,12080,13000,1399-8-12
223,ضخود1044,اختيارخ خودرو-4000-1399/10/07,457,17553,6848519000,423,477,361,-62,-14.66,390,-33,-7.8,352,477,1399-8-12
224,وخاور,بانك خاورميانه,457,3239298,32322314490,10140,9820,9910,-230,-2.27,10050,-90,-0.89,9820,10140,1399-8-12
225,مارون,پتروشيمي مارون,457,478507,59255418835,125382,119150,125480,98,0.08,124427,-955,-0.76,119150,128010,1399-8-12
226,دبالك,مواد اوليه دارويي البرز بالك,449,1541280,20804213368,14037,13336,13620,-417,-2.97,13789,-248,-1.77,13336,14300,1399-8-12
227,واعتبار,سرمايه گذاري اعتبار ايران,448,3459753,15829705700,4590,4600,4620,30,0.65,4590,0,0.0,4390,4700,1399-8-12
228,فاما,صنعتي‌ آما,448,1145016,26386437290,22650,22650,22950,300,1.32,22850,200,0.88,22650,23380,1399-8-12
229,شپاكسا,پاكسان‌,448,1191661,30572222950,25830,24800,26080,250,0.97,25720,-110,-0.43,24650,26200,1399-8-12
230,حسينا,توسعه خدمات دريايي وبندري سينا,440,1279309,76653356528,57800,54961,60690,2890,5.0,59918,2118,3.66,54961,60690,1399-8-12
231,تيپيكو,سرمايه گذاري دارويي تامين,430,418617,20376568480,49490,47110,49900,410,0.83,49290,-200,-0.4,47110,50400,1399-8-12
232,ساينا,صنايع بهداشتي ساينا,428,437076,72074969988,173573,164895,164895,-8678,-5.0,164903,-8670,-5.0,164895,168000,1399-8-12
233,شدوص,دوده‌ صنعتي‌ پارس‌,426,2028476,41934283320,20150,20150,21150,1000,4.96,20590,440,2.18,19610,21150,1399-8-12
234,ولراز,ليزينگ رازي,425,1190574,27692041474,23326,23950,22871,-455,-1.95,23259,-67,-0.29,22627,24024,1399-8-12
235,غگرجي,بيسكويت‌  گرجي‌,420,967316,24591735850,26750,25420,25420,-1330,-4.97,26020,-730,-2.73,25420,25940,1399-8-12
236,كگهر,سنگ آهن گهرزمين,418,752610,29533112558,39403,39990,39430,27,0.07,39363,-40,-0.1,37900,39990,1399-8-12
237,فباهنر,مس‌ شهيدباهنر,410,707113,33165343070,49220,46760,46760,-2460,-5.0,47620,-1600,-3.25,46760,47990,1399-8-12
238,فولاژ,فولاد آلياژي ايران,409,808373,17329128650,22540,21430,21420,-1120,-4.97,22170,-370,-1.64,21420,21890,1399-8-12
239,دتوزيع,توزيع دارو پخش,405,374718,14650396497,41135,39079,39079,-2056,-5.0,40483,-652,-1.59,39079,39750,1399-8-12
240,سصوفي,سيمان‌ صوفيان‌,403,2516726,29776375840,12450,11830,11830,-620,-4.98,12040,-410,-3.29,11830,12100,1399-8-12
241,غمهراح,ح . توليدي‌مهرام‌,396,163104,7016310450,4500,46800,42120,37620,836.0,43020,38520,856.0,42120,46800,1399-8-12
242,كوثر,بيمه كوثر,387,1843171,22707859729,12892,12248,12248,-644,-5.0,12598,-294,-2.28,12248,12824,1399-8-12
243,شنفت,نفت‌ پارس‌,386,308556,15746044740,51530,53500,50220,-1310,-2.54,51380,-150,-0.29,50000,53500,1399-8-12
244,سفاسي,شركت فارسيت اهواز,384,2335653,27126273942,11276,11614,11614,338,3.0,11614,338,3.0,11614,11614,1399-8-12
245,پرديس,سرمايه گذاري پرديس,380,1801070,11714873380,6700,6370,6580,-120,-1.79,6650,-50,-0.75,6370,6690,1399-8-12
246,كنور,توسعه معدني و صنعتي صبانور,379,434277,15755063150,35970,34810,36700,730,2.03,36060,90,0.25,34800,37370,1399-8-12
247,شلرد,كود شيميايي اوره لردگان,378,4291534,33933159338,8151,7907,7907,-244,-2.99,7907,-244,-2.99,7907,7907,1399-8-12
248,جم,پتروشيمي جم,377,890469,35170672650,39950,38140,39500,-450,-1.13,39790,-160,-0.4,38140,40500,1399-8-12
249,سپ,پرداخت الكترونيك سامان كيش,371,765244,10311051930,14070,13370,13370,-700,-4.98,13940,-130,-0.92,13370,14150,1399-8-12
250,پكوير,كوير تاير,370,1473529,20028308860,14170,14000,13630,-540,-3.81,13930,-240,-1.69,13470,14000,1399-8-12
251,تسه9904,امتياز تسهيلات مسكن تير99,367,2891,2314060941,838012,800000,796112,-41900,-5.0,800436,-37576,-4.48,796112,850000,1399-8-12
252,دابور,داروسازي‌ ابوريحان‌,367,625659,27371877640,42230,40510,44340,2110,5.0,43040,810,1.92,40510,44340,1399-8-12
253,فسازان,غلتك سازان سپاهان,366,2729329,71557930770,27530,26500,26160,-1370,-4.98,26220,-1310,-4.76,26160,26980,1399-8-12
254,سشرق,سيمان‌ شرق‌,363,2691539,15691672370,6130,5830,5830,-300,-4.89,6020,-110,-1.79,5830,5830,1399-8-12
255,كرماشا,صنايع پتروشيمي كرمانشاه,363,922108,32778446830,35690,34500,35900,210,0.59,35600,-90,-0.25,34500,36230,1399-8-12
256,تسه9905,امتياز تسهيلات مسكن مرداد99,362,3188,2575195025,847629,806900,810000,-37629,-4.44,807778,-39851,-4.7,805248,850000,1399-8-12
257,تشتاد,صنايع توليدي اشتاد ايران‌,359,1238170,18358272823,14459,14026,14892,433,2.99,14797,338,2.34,14026,14892,1399-8-12
258,تسه9902,امتياز تسهيلات مسكن ارديبهشت99,359,5161,4182834589,848089,810000,805685,-42404,-5.0,810470,-37619,-4.44,805685,850000,1399-8-12
259,تسه9810,امتياز تسهيلات مسكن دي98,354,8498,6927058359,830151,788650,791000,-39151,-4.72,815140,-15011,-1.81,788644,871658,1399-8-12
260,لپارس,پارس‌ الكتريك‌,350,124310,22648038900,191770,182190,182190,-9580,-5.0,183360,-8410,-4.39,182190,182190,1399-8-12
261,قشكر,شكرشاهرود,349,533026,18949673720,37380,35520,35520,-1860,-4.98,36670,-710,-1.9,35520,36220,1399-8-12
262,سيدكو,سرمايه گذاري توسعه صنايع سيمان,348,2611517,17046434310,6780,6620,6520,-260,-3.83,6690,-90,-1.33,6450,6790,1399-8-12
263,گوهران,سرمايه گذاري توسعه گوهران اميد,347,3977218,30021558552,7942,7545,7545,-397,-5.0,7678,-264,-3.32,7545,7750,1399-8-12
264,سپر,صندوق س سپر سرمايه بيدار- ثابت,345,2490354,25354935833,10000,10200,10161,161,1.61,10181,181,1.81,10110,10215,1399-8-12
265,كهمدا,شيشه‌ همدان‌,343,654471,6190612440,9650,9240,9430,-220,-2.28,9630,-20,-0.21,9240,9790,1399-8-12
266,بساما,بيمه سامان,340,1079212,22440356833,21172,21000,20300,-872,-4.12,21002,-170,-0.8,20115,21870,1399-8-12
267,شاوان,پالايش نفت لاوان,332,253358,21979077005,91249,86687,86687,-4562,-5.0,88983,-2266,-2.48,86687,90000,1399-8-12
268,بموتو,موتوژن‌,330,451037,18776027720,43780,41600,42080,-1700,-3.88,42910,-870,-1.99,41600,42990,1399-8-12
269,صايند,صندوق س. گنجينه آينده روشن-د,328,7484000,74197979270,9927,9939,9900,-27,-0.27,9914,-13,-0.13,9900,9939,1399-8-12
270,فايرا,آلومينيوم‌ايران‌,327,1009940,17663703340,18380,17470,17560,-820,-4.46,18050,-330,-1.8,17470,17990,1399-8-12
271,درهآور,دارويي ره آورد تامين,314,537026,15889153795,30433,30500,29230,-1203,-3.95,30157,-276,-0.91,28912,30500,1399-8-12
272,وصنا,گروه‌صنايع‌بهشهرايران‌,310,2247598,23624761230,11060,10510,10510,-550,-4.97,10770,-290,-2.62,10510,10730,1399-8-12
273,كاريس,صندوق س.سپهر كاريزما-س,301,132263,22608456092,172906,170000,170017,-2889,-1.67,170936,-1970,-1.14,166702,174000,1399-8-12
274,كسرام,پارس‌ سرام‌,299,2598347,15642048940,5740,6020,6020,280,4.88,5840,100,1.74,6020,6020,1399-8-12
275,خمحركه,نيرو محركه‌,299,1705242,11049968160,6820,6480,6480,-340,-4.99,6730,-90,-1.32,6480,6480,1399-8-12
276,خاذين,سايپاآذين‌,298,2221914,14286907020,7140,6430,6430,-710,-9.94,6910,-230,-3.22,6430,6430,1399-8-12
277,تسه9903,امتياز تسهيلات مسكن خرداد99,294,3056,2444636634,829842,850000,817000,-12842,-1.55,799947,-29895,-3.6,788350,850000,1399-8-12
278,تايرا,تراكتورسازي‌ايران‌,293,940999,19316787970,21280,21280,20890,-390,-1.83,20970,-310,-1.46,20220,21650,1399-8-12
279,پخش,پخش البرز,293,940610,28493392301,30216,28710,30250,34,0.11,30259,43,0.14,28706,31700,1399-8-12
280,تسه9708,امتياز تسهيلات مسكن آبان97,290,3191,2465202343,812898,772254,772254,-40644,-5.0,772548,-40350,-4.96,772254,800000,1399-8-12
281,مبين,مبين انرژي خليج فارس,285,1355168,28458455680,21410,21300,21000,-410,-1.91,21290,-120,-0.56,20510,21390,1399-8-12
282,ولبهمن,شركت بهمن ليزينگ,279,812016,7186341600,9315,8850,8850,-465,-4.99,9243,-72,-0.77,8850,8850,1399-8-12
283,پارسيانح,ح.بيمه پارسيان,276,1181500,10870444950,9110,9100,9200,90,0.99,9200,90,0.99,8520,9490,1399-8-12
284,دارا,صندوق س. دارا الگوريتم-د,275,8417960,84204303601,10022,10005,10005,-17,-0.17,10003,-19,-0.19,9962,10019,1399-8-12
285,شتوكا,توكا رنگ فولاد سپاهان,275,413329,10431653247,26370,25052,25938,-432,-1.64,26119,-251,-0.95,25052,25964,1399-8-12
286,آتيمس,صندوق س.آرمان آتيه درخشان مس-س,272,129188,23337851127,182326,180100,182485,159,0.09,180650,-1676,-0.92,177000,182500,1399-8-12
287,شيراز,پتروشيمي‌شيراز,271,991094,47415860100,47990,47500,47470,-520,-1.08,47920,-70,-0.15,46340,49000,1399-8-12
288,دامين,داروسازي‌ امين‌,271,1008528,11752557770,12210,11690,11610,-600,-4.91,12070,-140,-1.15,11600,12180,1399-8-12
289,كسرا,سراميك‌هاي‌صنعتي‌اردكان‌,269,900374,16746956400,19570,18600,18600,-970,-4.96,19210,-360,-1.84,18600,18600,1399-8-12
290,دزهراوي,داروسازي‌زهراوي‌,268,1684411,16153501490,10090,9590,9590,-500,-4.96,9910,-180,-1.78,9590,9590,1399-8-12
291,اطلس,صندوق س.توسعه اندوخته آينده-س,261,48374,8444462728,175587,177000,175000,-587,-0.33,174566,-1021,-0.58,171006,177000,1399-8-12
292,بخاور,بيمه زندگي خاورميانه,260,1369563,9857777878,7538,7162,7171,-367,-4.87,7468,-70,-0.93,7162,7490,1399-8-12
293,دالبر,البرزدارو,257,598708,10904979070,18470,17820,18220,-250,-1.35,18410,-60,-0.32,17700,18780,1399-8-12
294,فيروزه,صندوق شاخص30 شركت فيروزه- سهام,256,93747,14009418730,153000,149000,150530,-2470,-1.61,149440,-3560,-2.33,145600,153800,1399-8-12
295,شگل,گلتاش‌,253,726692,17071644550,24170,23100,23440,-730,-3.02,23930,-240,-0.99,22970,24490,1399-8-12
296,دعبيد,لابراتوارداروسازي‌  دكترعبيدي‌,252,493480,13992858280,29740,28260,28260,-1480,-4.98,29360,-380,-1.28,28260,28600,1399-8-12
297,دسانكو,داروسازي سبحان انكولوژي,251,1061369,15827812103,15695,14911,14911,-784,-5.0,15425,-270,-1.72,14911,15090,1399-8-12
298,خراسان,پتروشيمي خراسان,250,334890,22462838510,67640,67000,67700,60,0.09,67380,-260,-0.38,65150,69990,1399-8-12
299,واميد,گروه مديريت سرمايه گذاري اميد,247,833167,28685462000,34850,33220,34580,-270,-0.77,34750,-100,-0.29,33220,34860,1399-8-12
300,وآذر,سرمايه‌گذاري‌توسعه‌آذربايجان‌,243,288145,39472461160,144150,136950,136950,-7200,-4.99,138340,-5810,-4.03,136950,140000,1399-8-12
301,خزر,فنرسازي‌زر,240,1620354,19298416140,11350,11910,11910,560,4.93,11550,200,1.76,11910,11910,1399-8-12
302,كرمان,س. توسعه و عمران استان كرمان,238,288538,21759227656,79381,75412,75412,-3969,-5.0,77519,-1862,-2.35,75412,75412,1399-8-12
303,دسبحان,سبحان دارو,235,460817,7612089980,17080,16240,16320,-760,-4.45,16990,-90,-0.53,16230,16980,1399-8-12
304,تسه9709,امتياز تسهيلات مسكن آذر97,234,1650,1314349742,827947,794000,809890,-18057,-2.18,796576,-31371,-3.79,786550,819998,1399-8-12
305,وكار,بانك‌ كارآفرين‌,233,5782904,24466166520,4450,4230,4230,-220,-4.94,4330,-120,-2.7,4230,4420,1399-8-12
306,كخاكح,ح . صنايع‌خاك‌چيني‌ايران‌,227,229450,8891444600,40560,36800,39980,-580,-1.43,38750,-1810,-4.46,36800,41200,1399-8-12
307,سكارون,سيمان كارون,226,240471,29591040731,119477,123061,123061,3584,3.0,123055,3578,2.99,121500,123061,1399-8-12
308,ثشاهد,سرمايه‌ گذاري‌ شاهد,217,412520,12037333600,30710,29180,29180,-1530,-4.98,30320,-390,-1.27,29180,29180,1399-8-12
309,شاملاح,ح . معدني‌ املاح‌  ايران‌,216,213032,10945745320,53860,53860,50450,-3410,-6.33,51380,-2480,-4.6,49600,53860,1399-8-12
310,سيستم,همكاران سيستم,215,215380,6046876880,27770,26400,28720,950,3.42,27810,40,0.14,26400,28750,1399-8-12
311,مفاخر,توسعه فناوري اطلاعات خوارزمي,208,335929,14903055137,46635,44304,44304,-2331,-5.0,45904,-731,-1.57,44304,45236,1399-8-12
312,وتوشه,سرمايه‌ گذاري‌ پارس‌ توشه‌,207,664774,12515322660,19810,18820,19100,-710,-3.58,19550,-260,-1.31,18820,19740,1399-8-12
313,دارو,كارخانجات‌داروپخش‌,207,353111,18812869890,56040,53240,54430,-1610,-2.87,54910,-1130,-2.02,53240,54500,1399-8-12
314,سخوز,سيمان خوزستان,205,683329,14289563800,21270,21060,20900,-370,-1.74,21170,-100,-0.47,20600,21400,1399-8-12
315,آساس,صندوق س.آسمان آرماني سهام-س,204,165827,24809758377,148282,147000,149000,718,0.48,149612,1330,0.9,144800,151499,1399-8-12
316,وسبوشهر,شركت س استان بوشهر,200,2150487,2771842580,1260,1300,1300,40,3.17,1260,0,0.0,1200,1320,1399-8-12
317,دسبحا,گروه دارويي سبحان,194,751846,12364196210,16880,16040,16880,0,0.0,16770,-110,-0.65,16040,16880,1399-8-12
318,پارسيان,بيمه پارسيان,194,1369754,15228786460,11620,11040,11090,-530,-4.56,11460,-160,-1.38,11040,11560,1399-8-12
319,سصفها,سيمان‌اصفهان‌,193,91152,10442207880,119450,115490,115900,-3550,-2.97,118370,-1080,-0.9,113490,116000,1399-8-12
320,وآفري,بيمه كارآفرين,193,719325,11194388089,15926,15450,15500,-426,-2.67,15723,-203,-1.27,15449,16200,1399-8-12
321,ارمغان,ص سرمايه گذاري ارمغان ايرانيان,193,14799142,150019643706,10147,10179,10137,-10,-0.1,10137,-10,-0.1,10135,10179,1399-8-12
322,هصيكو402,اختيارف ت تاصيكو13500-00/02/20,191,391413,1347243546,3019,3442,3442,423,14.01,3442,423,14.01,3442,3442,1399-8-12
323,لابسا,آبسال‌,189,306396,9233061480,31710,30130,30130,-1580,-4.98,31390,-320,-1.01,30130,30990,1399-8-12
324,ثترانح,ح سرمايه گذاري مسكن تهران,188,1844304,5062467303,2887,2744,2743,-144,-4.99,2745,-142,-4.92,2743,2775,1399-8-12
325,غبهنوش,بهنوش‌ ايران‌,186,129564,7516462910,59560,56590,58360,-1200,-2.01,59310,-250,-0.42,56590,59560,1399-8-12
326,لوتوس,تامين سرمايه لوتوس پارسيان,185,1118470,15216482270,14310,13600,13600,-710,-4.96,14090,-220,-1.54,13600,13800,1399-8-12
327,ساروم,سيمان‌اروميه‌,182,664970,14335765550,22670,21540,21540,-1130,-4.98,22330,-340,-1.5,21540,21910,1399-8-12
328,وآيند,بانك  آينده,180,272311,7446616606,27904,27346,27346,-558,-2.0,27861,-43,-0.15,27346,27346,1399-8-12
329,افق ملت,صندوق س در سهام افق ملت,178,32178,3773768740,117850,119980,116650,-1200,-1.02,117280,-570,-0.48,112500,119980,1399-8-12
330,زپارس,ملي كشت و صنعت و دامپروري پارس,177,265779,15981780860,63160,60020,61490,-1670,-2.64,62140,-1020,-1.61,60010,63160,1399-8-12
331,كدما,معدني‌ دماوند,174,68925,14800954500,204520,214740,214740,10220,5.0,207240,2720,1.33,214740,214740,1399-8-12
332,آكورد,صندوق س. آرمان آتي كوثر-د,169,4261672,124272393644,29150,29170,29174,24,0.08,29160,10,0.03,29150,29175,1399-8-12
333,كفرا,فراورده‌ هاي‌ نسوزايران‌,168,116282,5437751210,48510,46090,46240,-2270,-4.68,48310,-200,-0.41,46090,48880,1399-8-12
334,فلات,گروه صنايع معادن فلات ايرانيان,166,1064530,13211104617,12770,12387,12387,-383,-3.0,12520,-250,-1.96,12387,13090,1399-8-12
335,آرمان,بيمه آرمان,164,1682230,10532131938,6140,5965,6324,184,3.0,6206,66,1.07,5965,6324,1399-8-12
336,سكه0012پ01,سكه تمام بهارتحويلي 1روزه رفاه,163,191200,251806958400,1256521,1316982,1316982,60461,4.81,1316982,60461,4.81,1316982,1316982,1399-8-12
337,هبركت912,اختيارف ت بركت-22100-99/12/17,163,238300,1687878900,6520,7083,7083,563,8.63,7083,563,8.63,7083,7083,1399-8-12
338,چدن,توليدي چدن سازان,163,357542,9249611540,27230,25870,25870,-1360,-4.99,26960,-270,-0.99,25870,25870,1399-8-12
339,دتوليد,داروسازي توليد دارو,163,387973,11965475293,32464,30841,30841,-1623,-5.0,32026,-438,-1.35,30841,30841,1399-8-12
340,دسينا,داروسازي‌ سينا,158,239875,5951373520,26040,24740,24740,-1300,-4.99,25890,-150,-0.58,24740,25720,1399-8-12
341,بكاب,صنايع‌جوشكاب‌يزد,158,99921,17096483100,162960,171100,171100,8140,5.0,165390,2430,1.49,171100,171100,1399-8-12
342,زعف9908پ10,زعفران9908نگين طلاي سرخ(پ),156,133385,10956430702,78395,79904,82314,3919,5.0,82141,3746,4.78,79904,82314,1399-8-12
343,سكرما,سيمان‌ كرمان‌,156,1455731,19101865890,13810,13150,13150,-660,-4.78,13520,-290,-2.1,13120,13570,1399-8-12
344,سبهان,سيمان‌ بهبهان‌,156,114285,6227450040,57300,54710,54450,-2850,-4.97,56930,-370,-0.65,54440,57600,1399-8-12
345,تاپكيش,تجارت الكترونيك پارسيان كيش,155,1220148,15853382964,12375,12993,12993,618,4.99,12552,177,1.43,12993,12993,1399-8-12
346,ضخود1042,اختيارخ خودرو-3000-1399/10/07,154,5051,3536514000,785,800,690,-95,-12.1,700,-85,-10.83,660,800,1399-8-12
347,فپنتا,سپنتا,154,50002,19054762160,362940,381080,381080,18140,5.0,369300,6360,1.75,381080,381080,1399-8-12
348,تسه9901,امتياز تسهيلات مسكن فروردين99,153,952,765151631,835522,793888,795000,-40522,-4.85,803731,-31791,-3.8,793746,808000,1399-8-12
349,ضصاد1101,اختيارخ وبصادر-3000-1399/11/12,153,9754,6313831000,733,750,616,-117,-15.96,647,-86,-11.73,613,750,1399-8-12
350,وسيزد,شركت س استان يزد,151,2297141,3049415810,1280,1340,1340,60,4.69,1280,0,0.0,1220,1340,1399-8-12
351,درازك,دارويي‌ رازك‌,151,292665,9202515260,32320,30710,31890,-430,-1.33,32150,-170,-0.53,30710,32300,1399-8-12
352,دارا2,صندوق س. دارا الگوريتم-د,150,15000000,15000000,10022,1,1,-10021,-99.99,1,-10021,-99.99,1,1,1399-8-12
353,داسوه,داروسازي‌ اسوه‌,148,288515,7363520440,26120,26080,26000,-120,-0.46,26030,-90,-0.34,24870,26100,1399-8-12
354,هجرت,پخش هجرت,148,204624,11226235734,57749,54862,54862,-2887,-5.0,57051,-698,-1.21,54862,55555,1399-8-12
355,تسه9811,امتياز تسهيلات مسكن بهمن98,147,1721,1369587039,821380,780320,800000,-21380,-2.6,795809,-25571,-3.11,780320,819900,1399-8-12
356,وبوعلي,سرمايه‌گذاري‌بوعلي‌,146,1213121,8892176930,7710,7330,7330,-380,-4.93,7640,-70,-0.91,7330,7330,1399-8-12
357,سبجنو,سيمان‌ بجنورد,146,118528,3776131940,31010,30700,31960,950,3.06,31070,60,0.19,30500,32440,1399-8-12
358,افرا,افرانت,146,2708497,160007168772,62185,59076,59076,-3109,-5.0,59076,-3109,-5.0,59076,59076,1399-8-12
359,اخزا817,اسنادخزانه-م17بودجه98-010512,145,109408,78548264766,718503,716000,718000,-503,-0.07,717939,-564,-0.08,716000,719990,1399-8-12
360,وپخش,داروپخش‌ (هلدينگ‌,144,44052,4782553940,114120,108420,108740,-5380,-4.71,113540,-580,-0.51,108420,111540,1399-8-12
361,دلر,داروسازي‌ اكسير,143,105962,10441601120,103000,97860,98040,-4960,-4.82,102020,-980,-0.95,97860,99650,1399-8-12
362,كيان2,صندوق س. با درآمد ثابت كيان,143,14300000,14300000,25743,1,1,-25742,-100.0,1,-25742,-100.0,1,1,1399-8-12
363,شپلي,پلي اكريل ايران,142,1668679,9786802335,6046,5865,5865,-181,-2.99,5952,-94,-1.55,5865,5865,1399-8-12
364,تسه9812,امتياز تسهيلات مسكن اسفند98,141,1072,874205280,858410,815490,815490,-42920,-5.0,815490,-42920,-5.0,815490,815490,1399-8-12
365,فرآور,فرآوري‌موادمعدني‌ايران‌,141,448086,9427729440,22140,21040,21040,-1100,-4.97,21910,-230,-1.04,21040,21040,1399-8-12
366,وساپا,سرمايه‌گذاري‌ سايپا,139,990753,8520475800,9050,8600,8600,-450,-4.97,8960,-90,-0.99,8600,8600,1399-8-12
367,تسه9711,امتياز تسهيلات مسكن بهمن 97,139,848,680739495,838185,801550,802000,-36185,-4.32,802759,-35426,-4.23,796276,819998,1399-8-12
368,دمعيار,صندوق س. توازن معيار-د,139,5648862,56490585597,10001,10000,10003,2,0.02,10000,-1,-0.01,9995,10008,1399-8-12
369,غشهداب,كشت و صنعت شهداب ناب خراسان,138,1071341,4986021014,4898,4654,4654,-244,-4.98,4872,-26,-0.53,4654,4654,1399-8-12
370,قپيرا,فرآورده‌هاي‌غدايي‌وقندپيرانشهر,137,136056,12181758170,85290,89550,89550,4260,4.99,86240,950,1.11,86320,89550,1399-8-12
371,دفرا,فرآورده‌هاي‌ تزريقي‌ ايران‌,136,578901,13557011580,24090,22890,23160,-930,-3.86,23900,-190,-0.79,22890,24180,1399-8-12
372,اخزا815,اسنادخزانه-م15بودجه98-010406,135,242123,177799865038,733542,733541,735500,1958,0.27,734337,795,0.11,730258,735500,1399-8-12
373,تسه9710,امتياز تسهيلات مسكن دي 97,134,534,430921166,846647,846640,805000,-41647,-4.92,806968,-39679,-4.69,804315,846640,1399-8-12
374,كاسپين,داروسازي كاسپين تامين,130,268816,6340584914,24775,23537,23550,-1225,-4.94,24612,-163,-0.66,23537,24560,1399-8-12
375,آساميد,صندوق س.مشترك آسمان اميد -د,128,5821165,63540428055,10915,10940,10925,10,0.09,10915,0,0.0,10915,10940,1399-8-12
376,فخاس,فولاد خراسان,128,239624,7627844030,33500,31830,31830,-1670,-4.99,33370,-130,-0.39,31830,32480,1399-8-12
377,قهكمت,قندهكمتان‌,126,161750,6949799970,42320,40590,42810,490,1.16,42410,90,0.21,40580,44000,1399-8-12
378,سهگمت,سيمان‌هگمتان‌,124,296816,5611249420,19860,18870,19100,-760,-3.83,19750,-110,-0.55,18870,19100,1399-8-12
379,كخاك,صنايع‌خاك‌چيني‌ايران‌,123,235975,11140291610,49550,47080,47080,-2470,-4.98,49000,-550,-1.11,47080,49240,1399-8-12
380,تسه9803,امتياز تسهيلات مسكن خرداد98,121,1362,1084779338,829331,787865,849990,20659,2.49,796461,-32870,-3.96,787865,849990,1399-8-12
381,شيران,س. صنايع‌شيميايي‌ايران,121,252405,8140061250,33940,32250,32250,-1690,-4.98,33790,-150,-0.44,32250,32250,1399-8-12
382,وسرمد,بيمه  سرمد,118,621326,3474977735,5728,5557,5697,-31,-0.54,5705,-23,-0.4,5557,5728,1399-8-12
383,تسه9712,امتياز تسهيلات مسكن اسفند97,118,900,726569032,849752,808000,807265,-42487,-5.0,807299,-42453,-5.0,807265,808050,1399-8-12
384,تسه9809,امتياز تسهيلات مسكن آذر98,117,1771,1402986166,822742,781605,809990,-12752,-1.55,792200,-30542,-3.71,781605,835900,1399-8-12
385,تسه9802,امتياز تسهيلات مسكن ارديبهشت98,117,880,706445138,842301,800186,807000,-35301,-4.19,802779,-39522,-4.69,800186,820000,1399-8-12
386,سكه9912پ04,سكه تمام بهارتحويل1روزه صادرات,116,132300,174236718600,1254269,1316982,1316982,62713,5.0,1316982,62713,5.0,1316982,1316982,1399-8-12
387,هاباد912,اختيارف ت آبادا-30100-99/12/12,116,150706,1377452840,8191,9140,9140,949,11.59,9140,949,11.59,9140,9140,1399-8-12
388,ثباغ,شهر سازي و خانه سازي باغميشه,115,527449,17969659981,35862,34069,34069,-1793,-5.0,35209,-653,-1.82,34069,34069,1399-8-12
389,سپاس,صندوق س. پاداش سهامداري توسعه1,111,2627386,26675629971,10150,10152,10150,0,0.0,10153,3,0.03,10150,10159,1399-8-12
390,ضملي1153,اختيارخ فملي-20280-1399/11/05,110,1948,641413000,544,401,419,-125,-22.98,329,-215,-39.52,290,479,1399-8-12
391,اخزا809,اسنادخزانه-م9بودجه98-000923,110,138976,114694809309,824951,830000,825800,849,0.1,825285,334,0.04,823731,830000,1399-8-12
392,دماوند,توليد نيروي برق دماوند,107,65897,4548672219,72659,69027,69027,-3632,-5.0,72442,-217,-0.3,69027,69027,1399-8-12
393,تاپكيشح,ح.تجارت الكترونيك پارسيان كيش,105,281164,2064868416,6995,7344,7344,349,4.99,7344,349,4.99,7344,7344,1399-8-12
394,ددام,داروسازي زاگرس فارمد پارس,103,324884,4132740290,13380,12720,12720,-660,-4.93,13320,-60,-0.45,12720,12740,1399-8-12
395,غشهد,شهد ايران ‌,102,653502,3940617060,6340,6030,6030,-310,-4.89,6310,-30,-0.47,6030,6030,1399-8-12
396,تسه9801,امتياز تسهيلات مسكن فروردين98,102,862,703529097,831720,850000,825000,-6720,-0.81,816159,-15561,-1.87,790134,850000,1399-8-12
397,ضمخا7070,اختيارخ اخابر-20000-1400/07/28,100,4852,11303815000,3000,3300,2300,-700,-23.33,2330,-670,-22.33,2003,3300,1399-8-12
398,شپترو,پتروشيمي آبادان,99,1780332,8262520812,4784,4641,4641,-143,-2.99,4722,-62,-1.3,4641,4641,1399-8-12
399,شصفها,پتروشيمي‌ اصفهان‌,98,108805,9487611386,88968,87200,87189,-1779,-2.0,87363,-1605,-1.8,87189,87456,1399-8-12
400,سبزوا,سيمان لار سبزوار,97,499296,3003265440,6331,6015,6015,-316,-4.99,6311,-20,-0.32,6015,6015,1399-8-12
401,سمتاز,سيمان ممتازان كرمان,97,156735,3463006832,21555,22201,22201,646,3.0,21646,91,0.42,21200,22201,1399-8-12
402,شپارس,بين‌ المللي‌ محصولات‌  پارس‌,95,246261,3509219250,14990,14250,14250,-740,-4.94,14930,-60,-0.4,14250,14250,1399-8-12
403,ثجوان,تامين مسكن جوانان,95,380257,2339352464,6471,6148,6285,-186,-2.87,6432,-39,-0.6,6148,6300,1399-8-12
404,اخزا808,اسنادخزانه-م8بودجه98-000817,93,86027,72745078939,842502,840000,844005,1503,0.18,845607,3105,0.37,840000,852000,1399-8-12
405,بذر,صندوق س بذر اميد آفرين-سهام,92,46947,4596820690,99670,98160,98990,-680,-0.68,97920,-1750,-1.76,96430,99970,1399-8-12
406,غويتا,ويتانا,91,129077,6026863284,49149,46692,46692,-2457,-5.0,48806,-343,-0.7,46692,46692,1399-8-12
407,سهرمز,سيمان‌هرمزگان‌,91,353699,5549455110,16220,15410,15410,-810,-4.99,16160,-60,-0.37,15410,16000,1399-8-12
408,فيروزا,صندوق بادرآمد ثابت فيروزه آسيا,91,949795,20074107315,21029,20501,21100,71,0.34,21135,106,0.5,20501,21200,1399-8-12
409,سدبير,س. تدبيرگران فارس وخوزستان,90,338503,10707526896,30126,31632,31632,1506,5.0,30428,302,1.0,31632,31632,1399-8-12
410,ثزاگرس,سرمايه گذاري توسعه عمران زاگرس,89,182728,7005791520,37224,38340,38340,1116,3.0,37595,371,1.0,38340,38340,1399-8-12
411,وپويا,سرمايه گذاري پويا,88,160647,1700127201,11139,10583,10583,-556,-4.99,11118,-21,-0.19,10583,10583,1399-8-12
412,وبرق,س.کارکنان صنعت برق زنجان وقزوي,88,17492,3549634068,209205,202929,202929,-6276,-3.0,208035,-1170,-0.56,202929,202929,1399-8-12
413,پرداخت,به پرداخت ملت,88,107124,4434933600,43570,41400,41400,-2170,-4.98,43370,-200,-0.46,41400,41400,1399-8-12
414,شفا,سرمايه گذاري شفادارو,85,307084,17635956120,60450,57430,57430,-3020,-5.0,59330,-1120,-1.85,57430,57440,1399-8-12
415,ورنا,سرمايه‌گذاري‌ رنا(هلدينگ‌,82,1275724,10856411240,8950,8510,8510,-440,-4.92,8840,-110,-1.23,8510,8510,1399-8-12
416,قصفها,قنداصفهان‌,81,23084,3464446720,157970,150080,150080,-7890,-4.99,157360,-610,-0.39,150080,150080,1399-8-12
417,ضپاس1003,اختيارخ وپارس-3500-1399/10/30,80,1364,563399000,458,470,351,-107,-23.36,413,-45,-9.83,336,470,1399-8-12
418,هفارس912,اختيارف ت فارس-14576-99/12/13,80,1000000,650000000,33,650,650,617,1869.7,650,617,1869.7,650,650,1399-8-12
419,ضچاد1014,اختيارخ كچاد-14000-1399/10/02,79,797,2104965000,2497,2400,2680,183,7.33,2641,144,5.77,2400,2870,1399-8-12
420,ضشنا1035,اختيارخ شپنا-14000-1399/10/23,79,1041,2264740000,2274,2879,2000,-274,-12.05,2176,-98,-4.31,1991,3000,1399-8-12
421,شرنگي,شيميايي رنگين,78,128941,14033938440,114568,108840,108840,-5728,-5.0,110216,-4352,-3.8,108840,108840,1399-8-12
422,غمهرا,توليدي‌مهرام‌,77,17114,813879270,49670,52000,47190,-2480,-4.99,49630,-40,-0.08,47190,52000,1399-8-12
423,تسه9808,امتياز تسهيلات مسكن آبان98,77,788,627292498,826331,785044,826331,0,0.0,796056,-30275,-3.66,785015,826331,1399-8-12
424,ولصنم,ليزينگ‌صنعت‌ومعدن‌,77,306257,2189737550,7520,7150,7150,-370,-4.92,7500,-20,-0.27,7150,7150,1399-8-12
425,مداران,داده‌پردازي‌ايران‌,76,138685,3101517500,23530,22360,22360,-1170,-4.97,23450,-80,-0.34,22360,22800,1399-8-12
426,غاذر,كشت‌وصنعت‌پياذر,75,100686,7130582520,78680,70820,70820,-7860,-9.99,77430,-1250,-1.59,70820,70820,1399-8-12
427,سقاين,سيمان‌ قائن‌,74,132863,5085787420,40280,38300,38500,-1780,-4.42,40060,-220,-0.55,38270,38700,1399-8-12
428,دقاضي,داروسازي شهيد قاضي,74,153991,13816050581,92352,89582,89590,-2762,-2.99,90469,-1883,-2.04,89582,90144,1399-8-12
429,هترول911,اختيارف ت پترول-14730-99/11/15,74,500000,933000000,1418,1866,1866,448,31.59,1866,448,31.59,1866,1866,1399-8-12
430,ساوه,سيمان ساوه,73,25922,1300273442,52801,50161,50161,-2640,-5.0,52726,-75,-0.14,50161,50161,1399-8-12
431,اخزا811,اسنادخزانه-م11بودجه98-001013,72,237539,194772739228,817423,817000,815100,-2323,-0.28,819961,2538,0.31,814089,825990,1399-8-12
432,واحصا,احياء صنايع خراسان,71,171913,3407659486,19245,19822,19822,577,3.0,19339,94,0.49,19822,19822,1399-8-12
433,شكف,كف,70,219940,17182372620,76592,78123,78123,1531,2.0,78123,1531,2.0,78123,78123,1399-8-12
434,ضغدر1119,اختيارخ وغدير-10000-1399/11/26,68,3071,7489170000,2876,2601,2400,-476,-16.55,2439,-437,-15.19,2300,2800,1399-8-12
435,كفپارس,فرآورده‌هاي‌ نسوز پارس‌,66,182347,1695827100,9780,9300,9300,-480,-4.91,9760,-20,-0.2,9300,9300,1399-8-12
436,خفولا,خدمات فني فولاد يزد,65,62353,1581708551,26151,25367,25367,-784,-3.0,26085,-66,-0.25,25367,25367,1399-8-12
437,وسناح,ح. سرمايه گذاري نيروگاهي ايران,65,114551,1226603451,11032,10702,10702,-330,-2.99,10708,-324,-2.94,10702,10803,1399-8-12
438,تسه9807,امتياز تسهيلات مسكن مهر98,63,549,435471516,826094,784790,791000,-35094,-4.25,793209,-32885,-3.98,784790,807000,1399-8-12
439,تشتادح,ح.صنايع توليدي اشتاد ايران‌,63,209000,2288204500,10339,10959,10959,620,6.0,10948,609,5.89,10339,10959,1399-8-12
440,سرود,سيمان‌شاهرود,62,163002,2236387440,14440,13720,13720,-720,-4.99,14410,-30,-0.21,13720,13720,1399-8-12
441,اخزا812,اسنادخزانه-م12بودجه98-001111,62,154545,124212238021,804826,805102,803943,-883,-0.11,803729,-1097,-0.14,803443,805990,1399-8-12
442,خديزل,بهمن  ديزل,62,450734,18413385368,43002,40852,40852,-2150,-5.0,42123,-879,-2.04,40852,40852,1399-8-12
443,اخزا814,اسنادخزانه-م14بودجه98-010318,61,184320,137205335359,742644,742651,744201,1557,0.21,744387,1743,0.23,742651,745000,1399-8-12
444,تسه9806,امتياز تسهيلات مسكن شهريور98,60,1054,836680622,831433,789862,800000,-31433,-3.78,793815,-37618,-4.52,789862,809000,1399-8-12
445,ياقوت,صندوق س ياقوت آگاه-ثابت,59,951562,10645725991,11178,11181,11200,22,0.2,11188,10,0.09,11180,11200,1399-8-12
446,حفارس,حمل و نقل بين المللي خليج فارس,59,327284,1426958240,4580,4360,4360,-220,-4.8,4570,-10,-0.22,4360,4360,1399-8-12
447,ثامان,سامان‌ گستراصفهان‌,59,93810,1899652500,22500,20250,20250,-2250,-10.0,22400,-100,-0.44,20250,20250,1399-8-12
448,كماسه,تامين‌ ماسه‌ ريخته‌گري‌,56,81265,4098193950,53080,50430,50430,-2650,-4.99,52850,-230,-0.43,50430,50430,1399-8-12
449,غبشهر,صنعتي‌ بهشهر,56,360109,8091649230,23650,22470,22470,-1180,-4.99,23440,-210,-0.89,22470,22470,1399-8-12
450,ولشرق,ليزينگ ايران و شرق,55,1423102,9523398584,7044,6692,6692,-352,-5.0,6972,-72,-1.02,6692,6692,1399-8-12
451,كابگن,توليدي و صنعتي آبگينه‌,54,290405,1416595590,4783,4878,4878,95,1.99,4809,26,0.54,4878,4878,1399-8-12
452,ضخود1045,اختيارخ خودرو-4500-1399/10/07,54,1576,353018000,298,220,236,-62,-20.81,224,-74,-24.83,210,298,1399-8-12
453,وهنر,گروه توسعه هنر ايران,53,1052319,4301880072,4214,4088,4088,-126,-2.99,4185,-29,-0.69,4088,4088,1399-8-12
454,سفانو,سيمان فارس نو,53,27001,793559390,30930,29390,29390,-1540,-4.98,30900,-30,-0.1,29390,29390,1399-8-12
455,جوين,كشت و صنعت جوين,53,345164,6673400776,18771,19334,19334,563,3.0,18946,175,0.93,19334,19334,1399-8-12
456,فزرين,زرين معدن آسيا,53,130234,2300844078,18596,17667,17667,-929,-5.0,18548,-48,-0.26,17667,17667,1399-8-12
457,سپاها,سيمان‌سپاهان‌,53,136111,1107943540,8560,8140,8140,-420,-4.91,8550,-10,-0.12,8140,8140,1399-8-12
458,غنوش,نوش‌ مازندران‌,52,49516,3471566760,73790,70110,70110,-3680,-4.99,73520,-270,-0.37,70110,70110,1399-8-12
459,بهپاك,صنعتي بهپاك,51,81048,2476988976,32170,30562,30562,-1608,-5.0,32083,-87,-0.27,30562,30562,1399-8-12
460,شكبير,پتروشيمي اميركبير,50,68063,3861467914,58480,58480,56726,-1754,-3.0,58397,-83,-0.14,56726,58480,1399-8-12
461,اوصتا,صندوق انديشه ورزان صباتامين -د,49,1070146,17978822155,16859,16652,16885,26,0.15,16800,-59,-0.35,16600,16932,1399-8-12
462,پيزد,مجتمع صنايع لاستيك يزد,49,7809,743979048,100286,95272,95272,-5014,-5.0,100207,-79,-0.08,95272,95272,1399-8-12
463,خصدرا,صنعتي‌ دريايي‌ ايران‌,48,170622,955824444,5775,5602,5602,-173,-3.0,5772,-3,-0.05,5602,5602,1399-8-12
464,وارس,سرمايه گذاري ارس صبا,47,111980,8228066440,71338,73478,73478,2140,3.0,72232,894,1.25,73478,73478,1399-8-12
465,فسرب,ملي‌ سرب‌وروي‌ ايران‌,47,17438,2016007180,121690,115610,115610,-6080,-5.0,121420,-270,-0.22,115610,115610,1399-8-12
466,اخزا818,اسنادخزانه-م18بودجه98-010614,47,41236,29122882827,706749,706000,705600,-1149,-0.16,706249,-500,-0.07,703229,711000,1399-8-12
467,اخزا806,اسنادخزانه-م6بودجه98-000519,46,148726,130820450830,877706,874704,880001,2295,0.26,879607,1901,0.22,874704,884990,1399-8-12
468,وسيلام,شركت س استان ايلام,46,471606,528198720,1240,1120,1120,-120,-9.68,1240,0,0.0,1120,1120,1399-8-12
469,ضفار1122,اختيارخ فارس-11826-1399/11/07,45,1409,6158624000,12300,2700,2050,-10250,-83.33,2185,-10115,-82.24,2001,2800,1399-8-12
470,تسه9805,امتياز تسهيلات مسكن مرداد98,45,433,351147546,852410,852163,809790,-42620,-5.0,810964,-41446,-4.86,809790,852163,1399-8-12
471,ضترا1117,اختيارخ شتران-10000-1399/11/14,45,620,1508994000,3100,2600,2300,-800,-25.81,2434,-666,-21.48,2300,3000,1399-8-12
472,ضخود1046,اختيارخ خودرو-5000-1399/10/07,45,1239,212671000,226,165,200,-26,-11.5,172,-54,-23.89,150,210,1399-8-12
473,وملي,گروه‌ صنعتي‌ ملي‌ (هلدينگ‌,45,3499,1316953620,396180,376380,376380,-19800,-5.0,395630,-550,-0.14,376380,376380,1399-8-12
474,ضملي1148,اختيارخ فملي-10140-1399/11/05,45,464,1968098000,4527,3800,4200,-327,-7.22,4242,-285,-6.3,3800,4899,1399-8-12
475,زماهان,مجتمع توليد گوشت مرغ ماهان,44,91380,2009446200,23147,21990,21990,-1157,-5.0,23097,-50,-0.22,21990,21990,1399-8-12
476,ثعمرا,عمران و توسعه شاهد,44,249735,4157088810,17522,16646,16646,-876,-5.0,17441,-81,-0.46,16646,16646,1399-8-12
477,اميد,تامين سرمايه اميد,44,396840,4428734400,11740,11160,11160,-580,-4.94,11680,-60,-0.51,11160,11160,1399-8-12
478,دفارا,داروسازي‌ فارابي‌,44,117485,7468521450,66910,63570,63570,-3340,-4.99,66370,-540,-0.81,63570,63570,1399-8-12
479,تصميم,صندوق س با درآمد ثابت تصميم,43,738130,10908861710,14755,14780,14760,5,0.03,14779,24,0.16,14760,14790,1399-8-12
480,ديران,ايران‌دارو,43,209107,3694920690,18590,17670,17670,-920,-4.95,18520,-70,-0.38,17670,17670,1399-8-12
481,ولانا,شركت ليزينگ آريا دانا,43,289520,6186463360,22028,21368,21368,-660,-3.0,21812,-216,-0.98,21368,21368,1399-8-12
482,اخزا820,اسنادخزانه-م20بودجه98-020806,43,210449,122038442724,578696,577800,580000,1304,0.23,579896,1200,0.21,570011,580000,1399-8-12
483,ضفار1125,اختيارخ فارس-17826-1399/11/07,43,863,951530000,551,584,550,-1,-0.18,551,0,0.0,473,649,1399-8-12
484,سكه0112پ03,سكه تمام بهارتحويلي1روزه سامان,42,23500,30949077000,1256979,1316982,1316982,60003,4.77,1316982,60003,4.77,1316982,1316982,1399-8-12
485,ونيرو,سرمايه‌گذاري‌نيرو,41,132210,588334500,4680,4450,4450,-230,-4.91,4680,0,0.0,4450,4450,1399-8-12
486,ضخود1043,اختيارخ خودرو-3500-1399/10/07,41,1782,905759000,585,580,520,-65,-11.11,508,-77,-13.16,476,580,1399-8-12
487,مرقام,ايران‌ارقام‌,41,66009,1509625830,24070,22870,22870,-1200,-4.99,24030,-40,-0.17,22870,22870,1399-8-12
488,سدشت,صنايع سيمان دشتستان,41,15888,589879300,38090,36810,37500,-590,-1.55,38080,-10,-0.03,36780,39700,1399-8-12
489,سكه0011پ02,سكه تمام بهارتحويلي 1روزه ملت,40,44700,58869095400,1247828,1316982,1316982,69154,5.54,1316982,69154,5.54,1316982,1316982,1399-8-12
490,وتوس,توسعه‌شهري‌توس‌گستر,39,49716,1604335320,33960,32270,32270,-1690,-4.98,33900,-60,-0.18,32270,32270,1399-8-12
491,سخند,صندوق س.سپهرخبرگان نفت-د,38,301400,3056905780,10139,10140,10150,11,0.11,10142,3,0.03,10128,10150,1399-8-12
492,زعف9908پ14,زعفران9908پوشالمعمول نوين(پ),37,6445,527970988,79175,83130,83132,3957,5.0,81919,2744,3.47,75217,83133,1399-8-12
493,فجام,جام‌دارو,37,14928,742668000,52360,49750,49750,-2610,-4.98,52320,-40,-0.08,49750,49750,1399-8-12
494,شراز,پالايش نفت شيراز,36,14295,1318242015,97070,92217,92217,-4853,-5.0,96932,-138,-0.14,92217,92217,1399-8-12
495,اخزا816,اسنادخزانه-م16بودجه98-010503,36,39708,28740678404,723934,720555,725999,2065,0.29,723801,-133,-0.02,720300,726001,1399-8-12
496,وگستر,گسترش سرمايه گذاري ايرانيان,36,130444,2576138556,20788,19749,19749,-1039,-5.0,20729,-59,-0.28,19749,19749,1399-8-12
497,ضترا1118,اختيارخ شتران-12000-1399/11/14,36,331,454105000,1904,1850,1300,-604,-31.72,1372,-532,-27.94,1300,1850,1399-8-12
498,كي بي سي,شركت كي بي سي,36,138184,4270852888,32533,30907,30907,-1626,-5.0,32383,-150,-0.46,30907,30907,1399-8-12
499,غمينو,شركت صنايع غذايي مينو شرق,35,83933,1490985812,18698,17764,17764,-934,-5.0,18670,-28,-0.15,17764,17764,1399-8-12
500,غگلستا,شير پاستوريزه پگاه گلستان,34,68286,997248744,15372,14604,14604,-768,-5.0,15355,-17,-0.11,14604,14604,1399-8-12
501,صنوين,صندوق سرمايه‌گذاري صنوين-مختلط,33,10238,1030788150,100060,100000,100000,-60,-0.06,100680,620,0.62,100000,102000,1399-8-12
502,وملت,سرمايه گذاري ملت,33,717542,3720455270,5290,5185,5185,-105,-1.98,5250,-40,-0.76,5185,5185,1399-8-12
503,غپونه,نوش پونه مشهد,33,76356,1200163608,16204,15718,15718,-486,-3.0,16174,-30,-0.19,15718,15718,1399-8-12
504,بزاگرس,نيروگاه زاگرس كوثر,33,230933,3275553672,14930,14184,14184,-746,-5.0,14877,-53,-0.35,14184,14184,1399-8-12
505,وبهمن,سرمايه‌گذاري‌بهمن‌,32,595915,7288040450,12870,12230,12230,-640,-4.97,12770,-100,-0.78,12230,12230,1399-8-12
506,اخزا810,اسنادخزانه-م10بودجه98-001006,32,26797,21981895267,824393,824393,820000,-4393,-0.53,820312,-4081,-0.5,817886,824393,1399-8-12
507,ضصاد1100,اختيارخ وبصادر-2500-1399/11/12,31,289,313282000,1282,1300,1100,-182,-14.2,1084,-198,-15.44,1000,1300,1399-8-12
508,غپاك,لبنيات‌ پاك‌,31,223226,2752376580,12970,12330,12330,-640,-4.93,12930,-40,-0.31,12330,12330,1399-8-12
509,اعتلا,شركت سرمايه گذاري اعتلاء البرز,31,407701,3857666862,9959,9462,9462,-497,-4.99,9918,-41,-0.41,9462,9462,1399-8-12
510,سفار,سيمان‌فارس‌,30,5270,457119800,91300,86740,86740,-4560,-4.99,91260,-40,-0.04,86740,86740,1399-8-12
511,خريخت,صنايع‌ريخته‌گري‌ايران‌,30,1032150,4933677000,5030,4780,4780,-250,-4.97,5000,-30,-0.6,4780,4780,1399-8-12
512,خمهر,مهركام‌پارس‌,30,115938,796494060,7230,6870,6870,-360,-4.98,7220,-10,-0.14,6870,6870,1399-8-12
513,آكورد2,صندوق س. آرمان آتي كوثر-د,30,3000000,3000000,29150,1,1,-29149,-100.0,1,-29149,-100.0,1,1,1399-8-12
514,وتوكا,سرمايه‌گذاري‌توكافولاد(هلدينگ,29,109577,974455870,9300,8900,8870,-430,-4.62,9290,-10,-0.11,8870,9260,1399-8-12
515,دپارس,پارس‌ دارو,29,103563,10619350020,107930,102540,102540,-5390,-4.99,106690,-1240,-1.15,102540,102540,1399-8-12
516,ضشنا1036,اختيارخ شپنا-16000-1399/10/23,29,292,435943000,1786,1700,1479,-307,-17.19,1493,-293,-16.41,1350,1700,1399-8-12
517,كساپا,سايپاشيشه‌,28,194908,3759775320,20300,19290,19290,-1010,-4.98,20220,-80,-0.39,19290,19290,1399-8-12
518,غفارس,شير پاستوريزه پگاه فارس,28,30998,290265272,9856,9364,9364,-492,-4.99,9853,-3,-0.03,9364,9364,1399-8-12
519,تسه9804,امتياز تسهيلات مسكن تير98,28,332,264000157,835603,793823,793823,-41780,-5.0,795181,-40422,-4.84,793823,800000,1399-8-12
520,وتعاون,بيمه  تعاون,27,227004,1371331164,6227,6041,6041,-186,-2.99,6214,-13,-0.21,6041,6041,1399-8-12
521,پكويرح,ح. كوير تاير,27,553192,6363723000,12020,12000,11500,-520,-4.33,11500,-520,-4.33,11500,12000,1399-8-12
522,شلعاب,لعابيران‌,27,117488,919931040,8240,7830,7830,-410,-4.98,8230,-10,-0.12,7830,7830,1399-8-12
523,نگين,ص.س. زمين و ساختمان نگين شهرري,26,96126,4810850150,50010,50850,50010,0,0.0,50050,40,0.08,50010,50900,1399-8-12
524,شبصير,توليدات پتروشيمي قائد بصير,26,35599,3632272767,107403,102033,102033,-5370,-5.0,106970,-433,-0.4,102033,102033,1399-8-12
525,بميلا,توسعه بازرگاني آهن وفولادميلاد,25,538571,9412605367,18396,17477,17477,-919,-5.0,17929,-467,-2.54,17477,17477,1399-8-12
526,ثتران,سرمايه گذاري مسكن تهران,25,92354,491138572,5597,5318,5318,-279,-4.98,5594,-3,-0.05,5318,5318,1399-8-12
527,دتماد,توليدمواداوليه‌داروپخش‌,25,114126,4943938320,45590,43320,43320,-2270,-4.98,45350,-240,-0.53,43320,43320,1399-8-12
528,شاملا,معدني‌ املاح‌  ايران‌,24,214021,14052618860,69110,65660,65660,-3450,-4.99,68070,-1040,-1.5,65660,65660,1399-8-12
529,پسهند,صنايع‌ لاستيكي‌  سهند,24,33478,1622009100,50990,48450,48450,-2540,-4.98,50900,-90,-0.18,48450,48450,1399-8-12
530,افران,صندوق س افرا نماد پايدار-ثابت,24,59612,711218400,11935,11930,11910,-25,-0.21,11931,-4,-0.03,11910,11940,1399-8-12
531,تكنار,مجتمع معادن مس تكنار,24,12129,1157506857,98384,95433,95433,-2951,-3.0,98207,-177,-0.18,95433,95433,1399-8-12
532,تكشا,گسترش‌صنايع‌وخدمات‌كشاورزي‌,23,22185,1611074700,76440,72620,72620,-3820,-5.0,76300,-140,-0.18,72620,72620,1399-8-12
533,زكشت,كشاورزي مكانيزه اصفهان كشت,23,20748,576607668,29253,27791,27791,-1462,-5.0,29235,-18,-0.06,27791,27791,1399-8-12
534,سنوين,سرمايه گذاري اقتصاد نوين,23,104821,1049700362,10104,10104,9902,-202,-2.0,10095,-9,-0.09,9902,10104,1399-8-12
535,الماس,صندوق س.امين تدبيرگران فردا-س,23,2186,240255335,110064,107000,108200,-1864,-1.69,109906,-158,-0.14,107000,111340,1399-8-12
536,قاسم,قاسم ايران,23,17959,228330726,13383,12714,12714,-669,-5.0,13380,-3,-0.02,12714,12714,1399-8-12
537,اخزا721,اسنادخزانه-م21بودجه97-000728,22,141639,120930726979,850621,850629,852000,1379,0.16,853795,3174,0.37,849002,855000,1399-8-12
538,گپارس,امور رفاهي كارگزاران پارس,21,24102,3158470692,127230,131046,131046,3816,3.0,127811,581,0.46,131046,131046,1399-8-12
539,ضفلا8085,اختيارخ فولاد-16775-1399/08/28,21,80,7640000,108,98,66,-42,-38.89,95,-13,-12.04,50,99,1399-8-12
540,داوه,داروسازي آوه سينا,21,28079,442890067,16603,15773,15773,-830,-5.0,16595,-8,-0.05,15773,15773,1399-8-12
541,هصادر912,اختيارف ت صادرات-3750-99/12/23,21,1000000,170000000,18,170,170,152,844.44,170,152,844.44,170,170,1399-8-12
542,شكربن,كربن‌ ايران‌,20,29695,2154372250,76360,72550,72550,-3810,-4.99,76180,-180,-0.24,72550,72550,1399-8-12
543,اخزا813,اسنادخزانه-م13بودجه98-010219,20,30816,23371532518,758154,758161,758661,507,0.07,758422,268,0.04,758161,762000,1399-8-12
544,دكپسول,توليد ژلاتين كپسول ايران,20,43349,1484269760,36042,34240,34240,-1802,-5.0,35985,-57,-0.16,34240,34240,1399-8-12
545,زعف9908پ16,زعفران9908نگين بيرجند(پ),19,3300,261154960,77811,82314,82314,4503,5.79,79138,1327,1.71,74476,82314,1399-8-12
546,ختراك,ريخته‌گري‌ تراكتورسازي‌ ايران‌,19,24093,256349520,11190,10640,10640,-550,-4.92,11190,0,0.0,10640,10640,1399-8-12
547,ساراب,سيمان‌ داراب‌,19,41895,478021950,12010,11410,11410,-600,-5.0,12000,-10,-0.08,11410,11410,1399-8-12
548,اخزا821,اسنادخزانه-م21بودجه98-020906,19,9973,5626870761,561691,562000,566600,4909,0.87,564210,2519,0.45,561002,566600,1399-8-12
549,سشمال,سيمان‌ شمال‌,18,52023,473409300,9570,9100,9100,-470,-4.91,9570,0,0.0,9100,9100,1399-8-12
550,سدور,سيمان‌ دورود,18,61391,468413330,8030,7630,7630,-400,-4.98,8030,0,0.0,7630,7630,1399-8-12
551,اخزا804,اسنادخزانه-م4بودجه98-000421,18,22339,19867150060,887912,928000,889101,1189,0.13,889348,1436,0.16,888512,928407,1399-8-12
552,قشهد,شهد,18,74829,2110233100,29680,28200,28200,-1480,-4.99,29610,-70,-0.24,28200,28300,1399-8-12
553,شپاس,نفت پاسارگاد,18,72975,1584579150,22856,21714,21714,-1142,-5.0,22817,-39,-0.17,21714,21714,1399-8-12
554,فنورد,نوردوقطعات‌ فولادي‌,18,50500,7765385000,146450,153770,153770,7320,5.0,147510,1060,0.72,153770,153770,1399-8-12
555,كگاز,شيشه‌ و گاز,18,28617,682801620,25110,23860,23860,-1250,-4.98,25090,-20,-0.08,23860,23860,1399-8-12
556,سايرا,ايرانيت‌,18,20505,752662530,36046,35326,35326,-720,-2.0,36095,49,0.14,35326,36766,1399-8-12
557,دشيري,شيرين دارو,18,4942,849327178,177174,171859,171859,-5315,-3.0,176936,-238,-0.13,171859,171859,1399-8-12
558,فلوله,لوله‌وماشين‌سازي‌ايران‌,17,14879,323023090,22850,21710,21710,-1140,-4.99,22840,-10,-0.04,21710,21710,1399-8-12
559,قشير,قند شيروان قوچان و بجنورد,17,12900,297654600,24288,23074,23074,-1214,-5.0,24280,-8,-0.03,23074,23074,1399-8-12
560,آسام,صندوق س.آرمان سپهر آشنا-م,17,4300,412701210,96446,99000,97400,954,0.99,95977,-469,-0.49,93100,99000,1399-8-12
561,غچين,كشت‌ و صنعت‌ چين‌ چين,17,12629,512358530,42700,40570,40570,-2130,-4.99,42680,-20,-0.05,40570,40570,1399-8-12
562,زشريف,كشت وصنعت شريف آباد,17,16023,379328502,24919,23674,23674,-1245,-5.0,24909,-10,-0.04,23674,23674,1399-8-12
563,ضخود1048,اختيارخ خودرو-7000-1399/10/07,17,821,79684000,122,100,95,-27,-22.13,97,-25,-20.49,93,128,1399-8-12
564,اخزا807,اسنادخزانه-م7بودجه98-000719,17,5678,4844838832,859055,853000,853601,-5454,-0.63,853265,-5790,-0.67,852933,855000,1399-8-12
565,ضخود1041,اختيارخ خودرو-2500-1399/10/07,16,290,351436000,1205,1063,921,-284,-23.57,1212,7,0.58,870,1271,1399-8-12
566,چكاوه,صنايع‌كاغذسازي‌كاوه‌,16,40081,1427685220,37490,35620,35620,-1870,-4.99,37430,-60,-0.16,35620,35620,1399-8-12
567,اتكام,شركت بيمه اتكايي امين,16,77977,597849659,8070,7667,7667,-403,-4.99,8065,-5,-0.06,7667,7667,1399-8-12
568,لكما,كارخانجات‌مخابراتي‌ايران‌,16,30410,323653630,10972,10643,10643,-329,-3.0,10967,-5,-0.05,10643,10643,1399-8-12
569,شتولي,تولي‌پرس‌,16,31330,707368740,22136,22578,22578,442,2.0,22166,30,0.14,22578,22578,1399-8-12
570,نطرين,عطرين نخ قم,15,49621,753742990,15989,15190,15190,-799,-5.0,15976,-13,-0.08,15190,15190,1399-8-12
571,تبرك,گروه كارخانجات صنعتي تبرك,15,7653,202881030,27905,26510,26510,-1395,-5.0,27899,-6,-0.02,26510,26510,1399-8-12
572,قلرست,قند لرستان‌,15,48875,1073783750,23120,21970,21970,-1150,-4.97,23090,-30,-0.13,21970,21970,1399-8-12
573,كپشير,پشم‌شيشه‌ايران‌,15,24133,408330360,17810,16920,16920,-890,-5.0,17800,-10,-0.06,16920,16920,1399-8-12
574,ثروتم,صندوق س. ثروت آفرين پارسيان-س,15,12740,1146103400,90394,90000,89500,-894,-0.99,89961,-433,-0.48,89500,91390,1399-8-12
575,تكمبا,كمباين‌ سازي‌ ايران‌,15,60410,579936000,10100,9600,9600,-500,-4.95,10090,-10,-0.1,9600,9600,1399-8-12
576,ضخود1040,اختيارخ خودرو-2000-1399/10/07,15,250,404144000,1748,1800,1680,-68,-3.89,1617,-131,-7.49,1516,1800,1399-8-12
577,زعف9908پ17,زعفران9908پوشالمعمول بيرجند(پ),15,2558,203037850,74159,75217,82900,8741,11.79,79374,5215,7.03,75217,82900,1399-8-12
578,وايران,ليزينگ ايرانيان,15,17455,161458750,9730,9250,9250,-480,-4.93,9730,0,0.0,9250,9250,1399-8-12
579,زعف9908پ13,زعفران9908پوشالمعمول روستا(پ),15,4040,327808600,77048,76000,81115,4067,5.28,81141,4093,5.31,75217,83000,1399-8-12
580,وليز,ليزينگ‌ايران‌,14,12631,112163280,9340,8880,8880,-460,-4.93,9340,0,0.0,8880,8880,1399-8-12
581,صايپا908,صكوك مرابحه سايپا908-3ماهه 18%,14,17644,17641099902,991500,999990,1000000,8500,0.86,999836,8336,0.84,985000,1000000,1399-8-12
582,ثاصفا,شركت‌ ساختمان‌ اصفهان‌,14,21636,575387784,27416,26594,26594,-822,-3.0,27392,-24,-0.09,26594,26594,1399-8-12
583,ساربيل,سيمان آرتا اردبيل,14,1930,119274000,65050,61800,61800,-3250,-5.0,65040,-10,-0.02,61800,61800,1399-8-12
584,وثنو,سرمايه گذاري ساختماني نوين,14,19329,282667296,15076,14624,14624,-452,-3.0,15069,-7,-0.05,14624,14624,1399-8-12
585,گنجين,صندوق س. گنجينه يكم آويد-د,14,80098,925036381,11533,11570,11560,27,0.23,11549,16,0.14,11545,11570,1399-8-12
586,ضمخا7067,اختيارخ اخابر-14000-1400/07/28,14,181,846100000,4471,4200,5000,529,11.83,4675,204,4.56,4200,5000,1399-8-12
587,قنيشا,قند  نيشابور,14,10050,886410000,92840,88200,88200,-4640,-5.0,92750,-90,-0.1,88200,88200,1399-8-12
588,اخزا903,اسنادخزانه-م3بودجه99-011110,13,28437,18503626566,649694,650501,651009,1315,0.2,650688,994,0.15,650501,651999,1399-8-12
589,داريك,صندوق س.اعتماد داريك-د,13,20904,209489291,10020,10020,10020,0,0.0,10021,1,0.01,10020,10043,1399-8-12
590,بمپنا,توليد برق عسلويه  مپنا,13,1775,140216125,83152,78995,78995,-4157,-5.0,83140,-12,-0.01,78995,78995,1399-8-12
591,غالبر,لبنيات‌ كالبر,13,19137,232131810,12760,12130,12130,-630,-4.94,12760,0,0.0,12130,12130,1399-8-12
592,رتكو,كنترل‌خوردگي‌تكين‌كو,13,68717,1056867460,16180,15380,15380,-800,-4.94,16160,-20,-0.12,15380,15380,1399-8-12
593,خاور,ايران خودرو ديزل,13,15048,96277104,6595,6398,6398,-197,-2.99,6594,-1,-0.02,6398,6398,1399-8-12
594,ضملي1152,اختيارخ فملي-18252-1399/11/05,12,141,163195000,724,550,801,77,10.64,1157,433,59.81,550,1190,1399-8-12
595,خوساز,محورسازان‌ايران‌خودرو,12,11671,102004540,9190,8740,8740,-450,-4.9,9190,0,0.0,8740,8740,1399-8-12
596,وسكهبو,س.عدالت ا. كهگيلويه وبويراحمد,12,76710,82846800,1130,1080,1080,-50,-4.42,1130,0,0.0,1080,1080,1399-8-12
597,كتوكا,توليدي و خدمات صنايع نسوز توكا,12,2456,295577144,126683,120349,120349,-6334,-5.0,126644,-39,-0.03,120349,120349,1399-8-12
598,بالبر,كابل‌ البرز,11,8874,201173580,23860,22670,22670,-1190,-4.99,23850,-10,-0.04,22670,22670,1399-8-12
599,خشرق,الكتريك‌ خودرو شرق‌,11,8897,170110640,20120,19120,19120,-1000,-4.97,20120,0,0.0,19120,19120,1399-8-12
600,هغدير912,اختيارف ت غدير-17380-99/12/16,11,124917,579494523,4639,5399,4639,0,0.0,4639,0,0.0,4639,5399,1399-8-12
601,وكادو,تكادو,11,27468,450969624,16925,16418,16418,-507,-3.0,16913,-12,-0.07,16418,16418,1399-8-12
602,پست0008پ09,پسته بادامي30-28مه ولات0008(پ),11,205,330150560,1606534,1610000,1612460,5926,0.37,1610490,3956,0.25,1609900,1612469,1399-8-12
603,ضسپا8018,اختيارخ خساپا-2400-1399/08/26,11,260,52825000,212,220,215,3,1.42,203,-9,-4.25,170,250,1399-8-12
604,واتي,سرمايه‌ گذاري‌ آتيه‌ دماوند,11,120104,1626208160,14250,13540,13540,-710,-4.98,14230,-20,-0.14,13540,13540,1399-8-12
605,عفولاد3,اوراق سلف موازي ورق گرم فولاد,11,100023,78414631218,781331,783966,783966,2635,0.34,783966,2635,0.34,783966,783966,1399-8-12
606,كصدف,كاشي صدف سرام استقلال آباده,11,21138,413015382,18970,19539,19539,569,3.0,18981,11,0.06,19539,19539,1399-8-12
607,سيلام,سيمان‌ ايلام‌,11,7764,79115160,10720,10190,10190,-530,-4.94,10720,0,0.0,10190,10190,1399-8-12
608,بنيرو,نيروترانس‌,11,2108,116467000,58150,55250,55250,-2900,-4.99,58140,-10,-0.02,55250,55250,1399-8-12
609,دكيمي,كيميدارو,11,16726,359609000,22630,21500,21500,-1130,-4.99,22620,-10,-0.04,21500,21500,1399-8-12
610,كپرور,فرآوري زغال سنگ پروده طبس,10,8416,380394784,47577,45199,45199,-2378,-5.0,47558,-19,-0.04,45199,45199,1399-8-12
611,ضسپا1102,اختيارخ خساپا-2000-1399/11/26,10,220,219370000,1102,1000,990,-112,-10.16,997,-105,-9.53,989,1000,1399-8-12
612,ساذريح,ح . آذريت‌,10,158211,907656507,5914,5737,5737,-177,-2.99,5737,-177,-2.99,5737,5737,1399-8-12
613,ضملت8033,اختيارخ وبملت-6272-1399/08/28,10,364,22953563,62,11,30,-32,-51.61,15,-47,-75.81,11,30,1399-8-12
614,ضغدر8043,اختيارخ وغدير-16000-1399/08/26,10,324,4333000,5,20,40,35,700.0,13,8,160.0,11,40,1399-8-12
615,حخزر,كشتيراني درياي خزر,10,28731,595047741,21801,20711,20711,-1090,-5.0,21787,-14,-0.06,20711,20711,1399-8-12
616,پلاسك,پلاسكوكار,10,34299,287768610,8830,8390,8390,-440,-4.98,8830,0,0.0,8390,8390,1399-8-12
617,فبيرا,بسته‌ بندي‌ ايران‌,10,220153,1082932607,5071,4919,4919,-152,-3.0,5063,-8,-0.16,4919,4919,1399-8-12
618,سكرد,سيمان كردستان,10,35609,340065950,10050,9550,9550,-500,-4.98,10050,0,0.0,9550,9550,1399-8-12
619,فوكا,فولاد كاويان,9,22648,462245680,21041,20410,20410,-631,-3.0,21035,-6,-0.03,20410,20410,1399-8-12
620,خكاوه,سايپا ديزل,9,100522,571467570,5860,5685,5685,-175,-2.99,5855,-5,-0.09,5685,5685,1399-8-12
621,جهرم,پتروشيمي جهرم,9,23302,74403286,3291,3193,3193,-98,-2.98,3291,0,0.0,3193,3193,1399-8-12
622,خكار,ايركا پارت صنعت,9,4071,131330460,33950,32260,32260,-1690,-4.98,33950,0,0.0,32260,32260,1399-8-12
623,اخزا718,اسنادخزانه-م18بودجه97-000525,9,49597,43369179044,872456,873100,874500,2044,0.23,874431,1975,0.23,873100,875000,1399-8-12
624,خفنر,فنرسازي‌خاور,9,6073,113018530,19580,18610,18610,-970,-4.95,19580,0,0.0,18610,18610,1399-8-12
625,ضمخا1025,اختيارخ اخابر-16000-1399/10/30,9,72,168450000,2294,2000,1800,-494,-21.53,2340,46,2.01,1800,2400,1399-8-12
626,بايكا,كارخانجات كابلسازي ‌ايران‌,9,6779,275444328,41888,40632,40632,-1256,-3.0,41870,-18,-0.04,40632,40632,1399-8-12
627,ولتجار,واسپاري تجارت وسرمايه ايرانيان,9,23974,139552654,6127,5821,5821,-306,-4.99,6125,-2,-0.03,5821,5821,1399-8-12
628,دجابر,داروسازي‌ جابرابن‌حيان‌,9,8478,305547120,37930,36040,36040,-1890,-4.98,37920,-10,-0.03,36040,36040,1399-8-12
629,لبوتان,گروه‌صنعتي‌بوتان‌,9,3075,206455500,70670,67140,67140,-3530,-5.0,70650,-20,-0.03,67140,67140,1399-8-12
630,وثخوز,سرمايه گذاري و توسعه خوزستان,9,4231,137549810,33515,32510,32510,-1005,-3.0,33508,-7,-0.02,32510,32510,1399-8-12
631,ضبدر8056,اختيارخ شبندر-21580-1399/08/18,9,185,790153000,3419,4500,3505,86,2.52,4271,852,24.92,3505,5000,1399-8-12
632,عيار2,صندوق س. پشتوانه طلاي مفيد,9,90000,90000,30819,1,1,-30818,-100.0,1,-30818,-100.0,1,1,1399-8-12
633,سمايه,بانك سرمايه,9,26845,244289500,9578,9100,9100,-478,-4.99,9572,-6,-0.06,9100,9100,1399-8-12
634,فولاي,صنايع فولاد آلياژي يزد,9,4809,237040419,51885,49291,49291,-2594,-5.0,51872,-13,-0.03,49291,49291,1399-8-12
635,شساخت,مهندسي و ساختمان صنايع نفت,9,4342,170371396,40451,39238,39238,-1213,-3.0,40446,-5,-0.01,39238,39238,1399-8-12
636,آ س پ,آ.س.پ,9,132701,1518630244,12046,11444,11444,-602,-5.0,12026,-20,-0.17,11444,11444,1399-8-12
637,حپترو,حمل و نقل پتروشيمي( سهامي عام,8,2568,75576240,30970,29430,29430,-1540,-4.97,30970,0,0.0,29430,29430,1399-8-12
638,ضغدر1118,اختيارخ وغدير-9000-1399/11/26,8,155,460520000,4200,3000,3000,-1200,-28.57,2971,-1229,-29.26,2888,3000,1399-8-12
639,ولملت,واسپاري ملت,8,128176,1399681920,11490,10920,10920,-570,-4.96,11470,-20,-0.17,10920,10920,1399-8-12
640,تماوند,تامين سرمايه دماوند,8,5980,93030860,16038,15557,15557,-481,-3.0,16036,-2,-0.01,15557,15557,1399-8-12
641,ميهن,بيمه ميهن,8,31333,156571001,5260,4997,4997,-263,-5.0,5259,-1,-0.02,4997,4997,1399-8-12
642,كايتاح,ح.ايتالران‌,8,13050,172483915,13147,13539,13500,353,2.69,13217,70,0.53,13147,13539,1399-8-12
643,ثپرديس,سرمايه گذاري مسكن پرديس,8,14702,162574716,11639,11058,11058,-581,-4.99,11637,-2,-0.02,11058,11058,1399-8-12
644,كمينا,شيشه سازي مينا,8,4168,123777096,30615,29697,29697,-918,-3.0,30609,-6,-0.02,29697,29697,1399-8-12
645,اخزا713,اسنادخزانه-م13بودجه97-000518,8,1508,1329729940,874179,879990,881660,7481,0.86,881784,7605,0.87,879990,883100,1399-8-12
646,لازما,كارخانه هاي صنعتي آزمايش,8,7722,230810580,31135,29890,29890,-1245,-4.0,31105,-30,-0.1,29890,29890,1399-8-12
647,اخزا704,اسنادخزانه-م4بودجه97-991022,8,13068,12648409913,977041,972000,967409,-9632,-0.99,967892,-9149,-0.94,967409,972000,1399-8-12
648,ثعتما,س. ساختماني اعتماد گستر,7,10293,314801112,32193,30584,30584,-1609,-5.0,32166,-27,-0.08,30584,30584,1399-8-12
649,سغرب,سيمان‌غرب‌,7,4891,90043310,19370,18410,18410,-960,-4.96,19370,0,0.0,18410,18410,1399-8-12
650,حاريا,كشتيراني آريا,7,7339,226760422,31853,30898,30898,-955,-3.0,31842,-11,-0.03,30898,30898,1399-8-12
651,وسنا,سرمايه گذاري نيروگاهي ايران,7,3614,54596698,15574,15107,15107,-467,-3.0,15573,-1,-0.01,15107,15107,1399-8-12
652,دلقما,دارويي‌ لقمان‌,7,2115,69646950,34660,32930,32930,-1730,-4.99,34660,0,0.0,32930,32930,1399-8-12
653,خمحور,توليدمحورخودرو,7,13917,775037730,58620,55690,55690,-2930,-5.0,58570,-50,-0.09,55690,55690,1399-8-12
654,پست0008پ08,پسته فندقي32-30مه ولات0008(پ),7,174,272729760,1598408,1520000,1630000,31592,1.98,1567412,-30996,-1.94,1518488,1630000,1399-8-12
655,ضمخا1023,اختيارخ اخابر-12000-1399/10/30,7,137,343400000,2615,2600,2500,-115,-4.4,2507,-108,-4.13,2300,2700,1399-8-12
656,فسا,پتروشيمي فسا,6,16600,48837200,3032,2942,2942,-90,-2.97,3032,0,0.0,2942,2942,1399-8-12
657,ثشرق,سرمايه گذاري مسكن شمال شرق,6,38342,213564940,5860,5570,5570,-290,-4.95,5860,0,0.0,5570,5570,1399-8-12
658,وسخراج,شركت س استان خراسان جنوبي,6,83276,178210640,2250,2140,2140,-110,-4.89,2250,0,0.0,2140,2140,1399-8-12
659,وايرا,سرمايه گذاري صنايع ايران,6,29173,255847210,9041,8770,8770,-271,-3.0,9037,-4,-0.04,8770,8770,1399-8-12
660,خلنت,لنت‌ ترمزايران‌,6,818,71354140,91820,87230,87230,-4590,-5.0,91810,-10,-0.01,87230,87230,1399-8-12
661,نمرينو,ايران‌ مرينوس‌,6,11586,633754200,57570,54700,54700,-2870,-4.99,57530,-40,-0.07,54700,54700,1399-8-12
662,حرهشا,رهشاد سپاهان (سهامي عام,6,839,50658820,62247,60380,60380,-1867,-3.0,62242,-5,-0.01,60380,60380,1399-8-12
663,چافست,افست‌,6,8847,222678990,26490,25170,25170,-1320,-4.98,26480,-10,-0.04,25170,25170,1399-8-12
664,وسين,بيمه سينا,6,38874,763252116,20241,19634,19634,-607,-3.0,20217,-24,-0.12,19634,19634,1399-8-12
665,فنوال,نورد آلومينيوم‌,6,1616,54232960,35320,33560,33560,-1760,-4.98,35320,0,0.0,33560,33560,1399-8-12
666,فنفت,صنايع تجهيزات نفت,6,52428,740335788,14557,14121,14121,-436,-3.0,14540,-17,-0.12,14121,14121,1399-8-12
667,زعف9908پ06,زعفران 9908پوشالمعمول زرين(پ),6,1512,117988097,77111,75217,81969,4858,6.3,78034,923,1.2,75217,81969,1399-8-12
668,صمسكن912,ص دين مسكن جنوب-ماهانه16درصد,6,3277,269038485,82583,82100,82099,-484,-0.59,82099,-484,-0.59,82099,82100,1399-8-12
669,ساذري,آذريت‌,6,27710,168532220,5793,6082,6082,289,4.99,5795,2,0.03,6082,6082,1399-8-12
670,كقزوي,شيشه‌ قزوين‌,6,14730,133542180,9346,9066,9066,-280,-3.0,9344,-2,-0.02,9066,9066,1399-8-12
671,غشاذر,پگاه‌آذربايجان‌غربي‌,6,4192,80821760,20290,19280,19280,-1010,-4.98,20290,0,0.0,19280,19280,1399-8-12
672,سخزر,سيمان‌ خزر,6,2303,56884100,25990,24700,24700,-1290,-4.96,25990,0,0.0,24700,24700,1399-8-12
673,پارتا,مجتمع‌صنعتي‌آرتاويل‌تاير,6,100255,6103925420,62766,60884,60884,-1882,-3.0,62374,-392,-0.62,60884,60884,1399-8-12
674,بشهاب,لامپ‌  پارس‌ شهاب‌,5,510,32094300,66240,62930,62930,-3310,-5.0,66240,0,0.0,62930,62930,1399-8-12
675,زنگان,صنعت روي زنگان,5,626,95769862,161038,152987,152987,-8051,-5.0,161022,-16,-0.01,152987,152987,1399-8-12
676,لخزر,پارس‌ خزر,5,660,135036000,215360,204600,204600,-10760,-5.0,215330,-30,-0.01,204600,204600,1399-8-12
677,وثوق,سرمايه گذاري وثوق امين,5,4190,62288540,15325,14866,14866,-459,-3.0,15324,-1,-0.01,14866,14866,1399-8-12
678,ضچاد1015,اختيارخ كچاد-16000-1399/10/02,5,35,65250000,1922,1950,1800,-122,-6.35,1864,-58,-3.02,1800,1950,1399-8-12
679,ضپنا1021,اختيارخ رمپنا-16106-1399/10/09,5,65,240662500,2516,2500,2500,-16,-0.64,2500,-16,-0.64,2500,2500,1399-8-12
680,ضفار1126,اختيارخ فارس-19826-1399/11/07,5,22,19170000,470,460,430,-40,-8.51,436,-34,-7.23,400,460,1399-8-12
681,ضفلا8078,اختيارخ فولاد-9775-1399/08/28,5,5,14004000,3982,2800,2801,-1181,-29.66,2801,-1181,-29.66,2800,2801,1399-8-12
682,كسعدي,كاشي‌ سعدي‌,5,1637,93767360,60290,57280,57280,-3010,-4.99,60280,-10,-0.02,57280,57280,1399-8-12
683,زعف9908پ11,زعفران9908نگين سحرخيز(پ),5,350,28809900,78129,82314,82314,4185,5.36,82314,4185,5.36,82314,82314,1399-8-12
684,غنيلي,مجتمع توليدي نيلي صنعت كرمان,5,250000,4229550000,17442,16918,16919,-523,-3.0,16918,-524,-3.0,16918,16919,1399-8-12
685,خعمرا,توسعه و عمران شهرستان نائين,5,27989,448103890,15544,16010,16010,466,3.0,15554,10,0.06,16010,16010,1399-8-12
686,وساربيل,شركت س استان اردبيل,5,30937,37743140,1280,1220,1220,-60,-4.69,1280,0,0.0,1220,1220,1399-8-12
687,لپيام,گسترش صنايع پيام,5,4857,145277727,30836,29911,29911,-925,-3.0,30829,-7,-0.02,29911,29911,1399-8-12
688,غدشت,دشت‌ مرغاب‌,5,179,48201120,283450,269280,269280,-14170,-5.0,283440,-10,0.0,269280,269280,1399-8-12
689,اشاد1,مشاركت دولتي1-شرايط خاص001026,4,4500,4492499500,1025000,985000,1000000,-25000,-2.44,998333,-26667,-2.6,985000,1000000,1399-8-12
690,خكمك,كمك‌فنرايندامين‌,4,16483,869313420,55510,52740,52740,-2770,-4.99,55460,-50,-0.09,52740,52740,1399-8-12
691,اخزا716,اسنادخزانه-م16بودجه97-000407,4,3257,2912440465,892018,892000,894000,1982,0.22,894210,2192,0.25,892000,896399,1399-8-12
692,حسير,ريل سير كوثر,4,5531,144525030,27505,26130,26130,-1375,-5.0,27501,-4,-0.01,26130,26130,1399-8-12
693,ضگل8065,اختيارخ كگل-23100-1399/08/21,4,26,46000,1,1,1,0,0.0,2,1,100.0,1,2,1399-8-12
694,ضسپا8022,اختيارخ خساپا-3200-1399/08/26,4,4,969000,1,400,70,69,6900.0,242,241,24100.0,70,400,1399-8-12
695,اخزا723,اسنادخزانه-م23بودجه97-000824,4,38324,32574556970,841622,844186,850000,8378,1.0,849978,8356,0.99,844186,850000,1399-8-12
696,داراب,پتروشيمي داراب,4,15783,48485376,3166,3072,3072,-94,-2.97,3166,0,0.0,3072,3072,1399-8-12
697,ضملت8032,اختيارخ وبملت-5789-1399/08/28,4,18,4907085,99,22,85,-14,-14.14,66,-33,-33.33,12,85,1399-8-12
698,ضگل8059,اختيارخ كگل-15100-1399/08/21,4,4,4800000,1000,1200,1200,200,20.0,1200,200,20.0,1200,1200,1399-8-12
699,كرونا2,تامين مالي جمعي صرفا اهداي سود,4,700,7000000,10000,10000,10000,0,0.0,10000,0,0.0,10000,10000,1399-8-12
700,بسويچ,پارس‌سويچ‌,4,1246,50774500,42890,40750,40750,-2140,-4.99,42890,0,0.0,40750,40750,1399-8-12
701,ضفلا8081,اختيارخ فولاد-12775-1399/08/28,4,47,32680000,829,2,710,-119,-14.35,695,-134,-16.16,2,900,1399-8-12
702,ضبدر1149,اختيارخ شبندر-28000-1399/11/19,4,18,60900000,4292,3300,3400,-892,-20.78,3383,-909,-21.18,3300,3400,1399-8-12
703,ضغدر8040,اختيارخ وغدير-13000-1399/08/26,3,59,6120000,100,90,900,800,800.0,104,4,4.0,90,900,1399-8-12
704,ضملت8026,اختيارخ وبملت-3857-1399/08/28,3,4,18928511,893,1100,1180,287,32.14,1143,250,28.0,1100,1180,1399-8-12
705,فافزا,فولاد افزا سپاهان,3,310,14671680,48791,47328,47328,-1463,-3.0,48790,-1,0.0,47328,47328,1399-8-12
706,صايپا998,صكوك مرابحه سايپا998-3ماهه 18%,3,38,38050000,994950,1000000,1010000,15050,1.51,1001316,6366,0.64,1000000,1010000,1399-8-12
707,طلا2,صندوق س.پشتوانه طلاي لوتوس,3,300000,300000,85858,1,1,-85857,-100.0,1,-85857,-100.0,1,1,1399-8-12
708,صفارس307,صكوك اجاره فارس307- 3ماهه18%,3,29901,28675059000,997500,959000,959000,-38500,-3.86,959000,-38500,-3.86,959000,959000,1399-8-12
709,وسخراش,شركت س استان خراسان شمالي,3,14000,18620000,1390,1330,1330,-60,-4.32,1390,0,0.0,1330,1330,1399-8-12
710,ضسپا8016,اختيارخ خساپا-2000-1399/08/26,3,25,11198000,453,999,400,-53,-11.7,448,-5,-1.1,400,999,1399-8-12
711,پلاست,كارخانجات توليدي پلاستيران,3,2683,112380138,43181,41886,41886,-1295,-3.0,43173,-8,-0.02,41886,41886,1399-8-12
712,پست9908-08,پسته فندقي32-30زرينمه ولات9908,3,16,20480032,1333389,1350000,1260003,-73386,-5.5,1280002,-53387,-4.0,1250002,1350000,1399-8-12
713,خفناور,مهندسي صنعتي روان فن آور,3,3247,78291664,24857,24112,24112,-745,-3.0,24854,-3,-0.01,24112,24112,1399-8-12
714,ضفلا8088,اختيارخ فولاد-19775-1399/08/28,3,15,140000,23,10,9,-14,-60.87,9,-14,-60.87,9,10,1399-8-12
715,ضملت8035,اختيارخ وبملت-7238-1399/08/28,3,32,1325120,500,10,10,-490,-98.0,10,-490,-98.0,10,10,1399-8-12
716,سخواف,سيمان مجد خواف,3,1875,30217500,16614,16116,16116,-498,-3.0,16613,-1,-0.01,16116,16116,1399-8-12
717,ضغدر8035,اختيارخ وغدير-9000-1399/08/26,3,13,34640000,2834,2500,2714,-120,-4.23,2665,-169,-5.96,2500,2714,1399-8-12
718,اشاد10,مشاركت دولتي10-شرايط خاص001226,3,1200,1142220400,948975,941102,954000,5025,0.53,951850,2875,0.3,941102,954000,1399-8-12
719,اخزا720,اسنادخزانه-م20بودجه97-000324,3,779,702347328,904784,900000,910000,5216,0.58,901601,-3183,-0.35,900000,910000,1399-8-12
720,تپمپي,پمپ‌ سازي‌ ايران‌,3,10310,366829800,37450,35580,35580,-1870,-4.99,37440,-10,-0.03,35580,35580,1399-8-12
721,قمرو,قند مرودشت‌,3,655,21922850,35230,33470,33470,-1760,-5.0,35230,0,0.0,33470,33470,1399-8-12
722,ساروج,بين المللي ساروج بوشهر,3,1360,26181020,19822,19228,19228,-594,-3.0,19821,-1,-0.01,19228,19347,1399-8-12
723,ثنظام,س. ساختماني نظام مهندسي ايران,3,464,19746448,43873,42557,42557,-1316,-3.0,43872,-1,0.0,42557,42557,1399-8-12
724,اخزا902,اسنادخزانه-م2بودجه99-011019,3,4694,3102139769,658753,659409,662000,3247,0.49,660873,2120,0.32,659409,662000,1399-8-12
725,ضفار1123,اختيارخ فارس-13826-1399/11/07,3,30,96000000,2000,1600,1600,-400,-20.0,1600,-400,-20.0,1600,1600,1399-8-12
726,نيرو,نيرو سرمايه,3,1384,65402304,48717,47256,47256,-1461,-3.0,48712,-5,-0.01,47256,47256,1399-8-12
727,تبريز112,مشاركت شهرداري تبريز-3ماهه18%,3,205,199750005,945386,950001,975000,29614,3.13,974390,29004,3.07,950001,975000,1399-8-12
728,ثاژن,سخت آژند,3,3000,25002000,8681,8334,8334,-347,-4.0,8680,-1,-0.01,8334,8334,1399-8-12
729,سرو2,صندوق س سروسودمند مدبران-سهام,3,300000,300000,55980,1,1,-55979,-100.0,1,-55979,-100.0,1,1,1399-8-12
730,ضغدر8030,اختيارخ وغدير-6510-1399/08/26,3,17,65280000,3500,3840,3840,340,9.71,3840,340,9.71,3840,3840,1399-8-12
731,اخزا805,اسنادخزانه-م5بودجه98-000422,3,7396,6596924540,888311,888564,889065,754,0.08,891958,3647,0.41,888564,892190,1399-8-12
732,ضفلا8070,اختيارخ فولاد-5775-1399/08/28,3,4,25501000,5002,6500,6001,999,19.97,6375,1373,27.45,6001,6500,1399-8-12
733,وحكمت,بيمه حكمت صبا,3,19800,112919400,5879,5703,5703,-176,-2.99,5878,-1,-0.02,5703,5703,1399-8-12
734,ضغدر8046,اختيارخ وغدير-19000-1399/08/26,3,61,130000,10,4,2,-8,-80.0,2,-8,-80.0,2,4,1399-8-12
735,سلامت6,مرابحه سلامت6واجدشرايط خاص1400,3,2800,2780608800,956522,990000,1004348,47826,5.0,993075,36553,3.82,990000,1004348,1399-8-12
736,شفارا,پتروشيمي فارابي,3,4000,20704000,5336,5176,5176,-160,-3.0,5336,0,0.0,5176,5176,1399-8-12
737,پست9908-04,پسته فندقي32-30سبزدانه9908,3,1528,2062738945,1322372,1343894,1350000,27628,2.09,1349960,27588,2.09,1343894,1350000,1399-8-12
738,ثغرب,شركت سرمايه گذاري مسكن شمالغرب,3,1774,22932498,13607,12927,12927,-680,-5.0,13607,0,0.0,12927,12927,1399-8-12
739,ضمخا1024,اختيارخ اخابر-14000-1399/10/30,3,8,17100000,1973,2100,2200,227,11.51,2137,164,8.31,2100,2200,1399-8-12
740,خساپا4,سايپا,3,2000000000,4840000000000,2410,2420,2420,10,0.41,2420,10,0.41,2420,2420,1399-8-12
741,ضغدر8039,اختيارخ وغدير-12000-1399/08/26,3,3,1800000,1000,600,600,-400,-40.0,600,-400,-40.0,600,600,1399-8-12
742,دمعيار2,صندوق س. توازن معيار-د,3,10600000,10600000,10001,1,1,-10000,-99.99,1,-10000,-99.99,1,1,1399-8-12
743,ثنام,س ساختماني ب نام آوران مهندسي,3,11220,232736460,21384,20743,20743,-641,-3.0,21376,-8,-0.04,20743,20743,1399-8-12
744,حپارسا,توسعه حمل و نقل ريلي پارسيان,3,744,21962136,31072,29519,29519,-1553,-5.0,31071,-1,0.0,29519,29519,1399-8-12
745,اخزا722,اسنادخزانه-م22بودجه97-000428,3,10658,9460561776,884905,886000,887700,2795,0.32,887649,2744,0.31,886000,887744,1399-8-12
746,ضفار1120,اختيارخ فارس-8826-1399/11/07,2,20,200000000,6000,5000,5000,-1000,-16.67,5000,-1000,-16.67,5000,5000,1399-8-12
747,فبستم,صنايع ‌بسته‌بندي‌ مشهد,2,2389,1949424,793,816,816,23,2.9,793,0,0.0,816,816,1399-8-12
748,خپويش,سازه‌ پويش‌,2,532,20497960,40550,38530,38530,-2020,-4.98,40550,0,0.0,38530,38530,1399-8-12
749,ضملت8029,اختيارخ وبملت-4582-1399/08/28,2,3,5383300,292,350,600,308,105.48,433,141,48.29,350,600,1399-8-12
750,ضفلا8079,اختيارخ فولاد-10775-1399/08/28,2,5,7520000,2358,1502,1507,-851,-36.09,1504,-854,-36.22,1502,1507,1399-8-12
751,ضبدر8058,اختيارخ شبندر-25580-1399/08/18,2,2,600000,1431,200,400,-1031,-72.05,300,-1131,-79.04,200,400,1399-8-12
752,فملي2,ملي‌ صنايع‌ مس‌ ايران‌,2,29000000,594210000000,20910,20490,20490,-420,-2.01,20490,-420,-2.01,20490,20490,1399-8-12
753,بالاس,مهندسي ساختمان تاسيسات راه آهن,2,225,10292625,48152,45745,45745,-2407,-5.0,48151,-1,0.0,45745,45745,1399-8-12
754,ضپار8013,اختيارخ خپارس-2600-1399/08/18,2,5,17850000,8000,3650,3250,-4750,-59.38,3570,-4430,-55.38,3250,3650,1399-8-12
755,ضغدر8044,اختيارخ وغدير-17000-1399/08/26,2,136,644000,5,5,4,-1,-20.0,5,0,0.0,4,5,1399-8-12
756,فسديد,لوله‌وتجهيزات‌ سديد - ورشكسته,2,160,18099360,114263,113121,113121,-1142,-1.0,114259,-4,0.0,113121,113121,1399-8-12
757,اشاد9,مشاركت دولتي9-شرايط خاص990909,2,15800,15727400000,996928,995400,995500,-1428,-0.14,995405,-1523,-0.15,995400,995500,1399-8-12
758,وسالت,بانك قرض الحسنه رسالت,2,2600,11135800,4159,4283,4283,124,2.98,4159,0,0.0,4283,4283,1399-8-12
759,ضملت8025,اختيارخ وبملت-3616-1399/08/28,2,3,16564000,1140,1350,1300,160,14.04,1333,193,16.93,1300,1350,1399-8-12
760,فالوم,آلومتك‌,2,445,15032990,34826,33782,33782,-1044,-3.0,34825,-1,0.0,33782,33782,1399-8-12
761,خنصير,مهندسي‌نصيرماشين‌,2,930,44072700,49880,47390,47390,-2490,-4.99,49880,0,0.0,47390,47390,1399-8-12
762,زعف9908پ09,زعفران9908نگين نوين(پ),2,67,5515038,78039,82314,82314,4275,5.48,82314,4275,5.48,82314,82314,1399-8-12
763,ثرود,سرمايه‌گذاري مسكن زاينده رود,2,33335,398519925,12584,11955,11955,-629,-5.0,12579,-5,-0.04,11955,11955,1399-8-12
764,ضصاد1105,اختيارخ وبصادر-5000-1399/11/12,2,26,7774000,201,299,299,98,48.76,299,98,48.76,299,299,1399-8-12
765,غگلپا,شير پاستوريزه پگاه گلپايگان,2,200,14205800,74767,71029,71029,-3738,-5.0,74766,-1,0.0,71029,71029,1399-8-12
766,ضسپا8038,اختيارخ خساپا-8500-1399/08/26,2,37,370000,100,10,10,-90,-90.0,10,-90,-90.0,10,10,1399-8-12
767,طگل1141,اختيارف كگل-14000-1399/11/21,2,3,6000000,400,2000,2000,1600,400.0,2000,1600,400.0,2000,2000,1399-8-12
768,گكيش,توريستي ورفاهي آبادگران كيش,2,1064,73099992,72318,68703,68703,-3615,-5.0,72304,-14,-0.02,68703,68703,1399-8-12
769,غپآذر,شير پگاه آذربايجان شرقي,2,1048,54827168,55069,52316,52316,-2753,-5.0,55066,-3,-0.01,52316,52316,1399-8-12
770,فارس2,صنايع پتروشيمي خليج فارس,2,49680491,635919992820,13020,13020,12760,-260,-2.0,12800,-220,-1.69,12760,13020,1399-8-12
771,خچرخش,چرخشگر,2,1970,35873700,19160,18210,18210,-950,-4.96,19160,0,0.0,18210,18210,1399-8-12
772,ضمخا1027,اختيارخ اخابر-20000-1399/10/30,2,30,30000000,1000,1000,1000,0,0.0,1000,0,0.0,1000,1000,1399-8-12
773,سپرمي,پرميت‌,2,3569,29886806,8458,8374,8374,-84,-0.99,8457,-1,-0.01,8374,8374,1399-8-12
774,ضغدر8033,اختيارخ وغدير-8010-1399/08/26,2,4,10400000,2583,2600,2600,17,0.66,2600,17,0.66,2600,2600,1399-8-12
775,شمواد,توليد مواداوليه الياف مصنوعي,2,222,13945818,64761,62819,62819,-1942,-3.0,64760,-1,0.0,62819,62819,1399-8-12
776,زير0003پ01,زيره سبز0003كيميابذر(پ),2,210,101322230,506667,505543,481334,-25333,-5.0,482487,-24180,-4.77,481334,505543,1399-8-12
777,خموتور,موتورسازان‌تراكتورسازي‌ايران‌,2,4063,47130800,12210,11600,11600,-610,-5.0,12210,0,0.0,11600,11600,1399-8-12
778,شسم,توليد سموم‌ علف‌ كش,2,344,28567480,81417,83045,83045,1628,2.0,81422,5,0.01,83045,83045,1399-8-12
779,تابا,تابان نيرو سپاهان,2,1170,37165050,32747,31765,31765,-982,-3.0,32745,-2,-0.01,31765,31765,1399-8-12
780,ضسپا8007,اختيارخ خساپا-1100-1399/08/26,2,10,12000000,1233,1200,1200,-33,-2.68,1200,-33,-2.68,1200,1200,1399-8-12
781,پست9908-02,پسته فندقي32-30طلاسبززرند9908,2,505,656375005,1311956,1300000,1275001,-36955,-2.82,1299752,-12204,-0.93,1275001,1300000,1399-8-12
782,ضپاس1000,اختيارخ وپارس-2000-1399/10/30,2,6,8660000,1500,1450,1410,-90,-6.0,1443,-57,-3.8,1410,1450,1399-8-12
783,ضملت8031,اختيارخ وبملت-5306-1399/08/28,2,13,14866190,160,200,398,238,148.75,276,116,72.5,200,398,1399-8-12
784,اطلس2,صندوق س.توسعه اندوخته آينده-س,2,20000,20000,175587,1,1,-175586,-100.0,1,-175586,-100.0,1,1,1399-8-12
785,طمخا7071,اختيارف اخابر-24000-1400/07/28,2,2,4200000,1890,2000,2200,310,16.4,2100,210,11.11,2000,2200,1399-8-12
786,فولاد2,فولاد مباركه اصفهان,2,34000000,416840000000,12510,12260,12260,-250,-2.0,12260,-250,-2.0,12260,12260,1399-8-12
787,غشصفا,شيرپاستوريزه‌پگاه‌اصفهان‌,2,1392,41927040,31700,30120,30120,-1580,-4.98,31700,0,0.0,30120,30120,1399-8-12
788,پارسا306,صكوك اجاره پارسيان-6ماهه16%,1,15,14055000,937000,937000,937000,0,0.0,937000,0,0.0,937000,937000,1399-8-12
789,گندم2,مرابحه گندم2-واجدشرايط خاص1400,1,400,390000000,990020,975000,975000,-15020,-1.52,975000,-15020,-1.52,975000,975000,1399-8-12
790,ضفلا8082,اختيارخ فولاد-13775-1399/08/28,1,1,880000,1277,880,880,-397,-31.09,880,-397,-31.09,880,880,1399-8-12
791,ضگل8064,اختيارخ كگل-21100-1399/08/21,1,38,38000,2,1,1,-1,-50.0,1,-1,-50.0,1,1,1399-8-12
792,شخارك2,پتروشيمي‌ خارك‌,1,26800000,1000444000000,37330,37330,37330,0,0.0,37330,0,0.0,37330,37330,1399-8-12
793,ضملي1149,اختيارخ فملي-12168-1399/11/05,1,4,12780000,2112,3195,3195,1083,51.28,3195,1083,51.28,3195,3195,1399-8-12
794,ضبدر8066,اختيارخ شبندر-43580-1399/08/18,1,1,898000,5000,898,898,-4102,-82.04,898,-4102,-82.04,898,898,1399-8-12
795,ضچاد1012,اختيارخ كچاد-10000-1399/10/02,1,3,18300000,5674,6100,6100,426,7.51,6100,426,7.51,6100,6100,1399-8-12
796,آرمان2,بيمه آرمان,1,11000000,67540000000,6140,6140,6140,0,0.0,6140,0,0.0,6140,6140,1399-8-12
797,چفيبر,فيبر ايران‌,1,587,5975660,10710,10180,10180,-530,-4.95,10710,0,0.0,10180,10180,1399-8-12
798,فنرژي,گسترش صنايع انرژي آذرآب,1,1000,10641000,10858,10641,10641,-217,-2.0,10858,0,0.0,10641,10641,1399-8-12
799,اروند06,منفعت صبا اروند ملت 14001113,1,10000,10000000000,995000,1000000,1000000,5000,0.5,1000000,5000,0.5,1000000,1000000,1399-8-12
800,ضسپا1101,اختيارخ خساپا-1800-1399/11/26,1,5,4000000,1,800,800,799,79900.0,800,799,79900.0,800,800,1399-8-12
801,كرمان00,رهني كرمان موتور14001130,1,500,500653500,1016307,1001307,1001307,-15000,-1.48,1001307,-15000,-1.48,1001307,1001307,1399-8-12
802,وبملت2,بانك ملت,1,35000000,165550000000,4730,4730,4730,0,0.0,4730,0,0.0,4730,4730,1399-8-12
803,ضملي1154,اختيارخ فملي-24336-1399/11/05,1,1,150000,210,150,150,-60,-28.57,150,-60,-28.57,150,150,1399-8-12
804,تهران412,مشاركت ش تهران412-3ماهه18%,1,3000,2863500000,937000,954500,954500,17500,1.87,954500,17500,1.87,954500,954500,1399-8-12
805,ضگل8061,اختيارخ كگل-17100-1399/08/21,1,8,240000,4750,30,30,-4720,-99.37,30,-4720,-99.37,30,30,1399-8-12
806,زعف9908پ15,زعفران9908پوشالمعمول طلاسرخ(پ),1,69,5261457,78822,76253,76253,-2569,-3.26,76253,-2569,-3.26,76253,76253,1399-8-12
807,تملي805,تسهيلات مسكن ب. ملي-مرداد98,1,23,12098782,500985,526034,526034,25049,5.0,526034,25049,5.0,526034,526034,1399-8-12
808,حسينا2,توسعه خدمات دريايي وبندري سينا,1,2000000,119186000000,57800,59593,59593,1793,3.1,59593,1793,3.1,59593,59593,1399-8-12
809,ضپنا1020,اختيارخ رمپنا-13406-1399/10/09,1,1,5924000,4873,4000,4000,-873,-17.92,4000,-873,-17.92,4000,4000,1399-8-12
810,صايپا412,صكوك مرابحه سايپا412-3ماهه 16%,1,1000,891000000,856000,891000,891000,35000,4.09,891000,35000,4.09,891000,891000,1399-8-12
811,وغدير2,سرمايه‌گذاري‌غدير(هلدينگ‌,1,20700000,219834000000,10840,10620,10620,-220,-2.03,10620,-220,-2.03,10620,10620,1399-8-12
812,اجاد22,اجاره دولتي آپرورش-لوتوس991118,1,243,238474125,1009921,981375,981375,-28546,-2.83,981375,-28546,-2.83,981375,981375,1399-8-12
813,ضگل1142,اختيارخ كگل-16000-1399/11/21,1,2,4800000,2471,2400,2400,-71,-2.87,2400,-71,-2.87,2400,2400,1399-8-12
814,قصفها2,قنداصفهان‌,1,900000,135072000000,157970,150080,150080,-7890,-4.99,150080,-7890,-4.99,150080,150080,1399-8-12
815,غگز,گز سكه,1,14900,497660000,34500,33400,33400,-1100,-3.19,33400,-1100,-3.19,33400,33400,1399-8-12
816,اراد44,مرابحه عام دولت4-ش.خ 0007,1,500,516450000,1006900,1032900,1032900,26000,2.58,1032900,26000,2.58,1032900,1032900,1399-8-12
817,صايپا012,صكوك مرابحه سايپا012-3ماهه 16%,1,1001,985985000,997772,985000,985000,-12772,-1.28,985000,-12772,-1.28,985000,985000,1399-8-12
818,ضشنا1037,اختيارخ شپنا-18000-1399/10/23,1,5,7220000,1455,1444,1444,-11,-0.76,1444,-11,-0.76,1444,1444,1399-8-12
819,اعتماد4,صندوق س.اعتماد آفرين پارسيان-د,1,6000000,198786000000,33114,33131,33131,17,0.05,33131,17,0.05,33131,33131,1399-8-12
820,اخزا8092,اسنادخزانه-م9بودجه98-000923,1,549000,453748500000,824951,826500,826500,1549,0.19,826500,1549,0.19,826500,826500,1399-8-12
821,اخزا8072,اسنادخزانه-م7بودجه98-000719,1,235000,200572500000,859055,853500,853500,-5555,-0.65,853500,-5555,-0.65,853500,853500,1399-8-12
822,سلامت4,مرابحه دولتي تعاون-لوتوس991118,1,2000,2000000000,1000000,1000000,1000000,0,0.0,1000000,0,0.0,1000000,1000000,1399-8-12
823,پدرخش,درخشان‌ تهران‌,1,26,5610800,227150,215800,215800,-11350,-5.0,227150,0,0.0,215800,215800,1399-8-12
824,گكوثر2,هتل پارسيان كوثر اصفهان,1,1800000,266743800000,148191,148191,148191,0,0.0,148191,0,0.0,148191,148191,1399-8-12
825,ضغدر8042,اختيارخ وغدير-15000-1399/08/26,1,66,990000,10,15,15,5,50.0,15,5,50.0,15,15,1399-8-12
826,ضغدر8037,اختيارخ وغدير-10000-1399/08/26,1,1,1300000,1500,1300,1300,-200,-13.33,1300,-200,-13.33,1300,1300,1399-8-12
827,وساپا4,سرمايه‌گذاري‌ سايپا,1,103000000,922880000000,9050,8960,8960,-90,-0.99,8960,-90,-0.99,8960,8960,1399-8-12
828,شستا005,اجاره تامين اجتماعي-امين001220,1,10000,10000000000,990015,1000000,1000000,9985,1.01,1000000,9985,1.01,1000000,1000000,1399-8-12
829,شستا993,اجاره ت.اجتماعي-كاردان991226,1,17,16660017,989778,980001,980001,-9777,-0.99,980001,-9777,-0.99,980001,980001,1399-8-12
830,ضملي1150,اختيارخ فملي-14196-1399/11/05,1,10,10010000,2000,1001,1001,-999,-49.95,1001,-999,-49.95,1001,1001,1399-8-12
831,اوصتا4,صندوق انديشه ورزان صباتامين -د,1,11800000,199467200000,16859,16904,16904,45,0.27,16904,45,0.27,16904,16904,1399-8-12
832,ضملت8021,اختيارخ وبملت-2650-1399/08/28,1,2,13251200,1788,1600,1600,-188,-10.51,1600,-188,-10.51,1600,1600,1399-8-12
833,ورنا4,سرمايه‌گذاري‌ رنا(هلدينگ‌,1,80000000,707200000000,8950,8840,8840,-110,-1.23,8840,-110,-1.23,8840,8840,1399-8-12
834,ضسان1039,اختيارخ پارسان-20000-99/10/14,1,10,35000000,4392,3500,3500,-892,-20.31,3500,-892,-20.31,3500,3500,1399-8-12
835,طمخا7070,اختيارف اخابر-20000-1400/07/28,1,1,4000000,2122,4000,4000,1878,88.5,4000,1878,88.5,4000,4000,1399-8-12
836,لخزر2,پارس‌ خزر,1,337730,69099558000,215360,204600,204600,-10760,-5.0,204600,-10760,-5.0,204600,204600,1399-8-12
837,مبين015,اجاره اعتماد مبين تمدن011019,1,200,187700000,952000,938500,938500,-13500,-1.42,938500,-13500,-1.42,938500,938500,1399-8-12
838,پارس4,پتروشيمي پارس,1,30000000,672000000000,132930,22400,22400,-110530,-83.15,22400,-110530,-83.15,22400,22400,1399-8-12
839,ضصاد1107,اختيارخ وبصادر-7000-1399/11/12,1,2,200000,97,100,100,3,3.09,100,3,3.09,100,100,1399-8-12
840,ضپاس1004,اختيارخ وپارس-4000-1399/10/30,1,40,8800000,202,220,220,18,8.91,220,18,8.91,220,220,1399-8-12
841,ضبدر8053,اختيارخ شبندر-17580-1399/08/18,1,14,112000000,31000,8000,8000,-23000,-74.19,8000,-23000,-74.19,8000,8000,1399-8-12
842,ضچاد1013,اختيارخ كچاد-12000-1399/10/02,1,7,32550000,4746,4650,4650,-96,-2.02,4650,-96,-2.02,4650,4650,1399-8-12
843,وآتوس,س.آرين توسكا قيمت اسمي 350ريال,1,1500,52408500,36019,34939,34939,-1080,-3.0,36016,-3,-0.01,34939,34939,1399-8-12
844,گواهي ظرفيت,گواهي ظرفيت نقدي,1,2100000,22341900000,10639,10639,10639,0,0.0,10639,0,0.0,10639,10639,1399-8-12
845,زعف9908پ08,زعفران9908نگين روستا(پ),1,53,4362642,79162,82314,82314,3152,3.98,82314,3152,3.98,82314,82314,1399-8-12
846,فمراد,آلومراد,1,40,5697200,149920,142430,142430,-7490,-5.0,149920,0,0.0,142430,142430,1399-8-12
847,زير0003پ04,زيره سبز0003شركت مينوبذر(پ),1,11,5294674,470000,481334,481334,11334,2.41,481334,11334,2.41,481334,481334,1399-8-12
848,پارسان2,گسترش نفت و گاز پارسيان,1,5083884,99999998280,19670,19670,19670,0,0.0,19670,0,0.0,19670,19670,1399-8-12
849,ضسپا8023,اختيارخ خساپا-3400-1399/08/26,1,10,110000,1300,11,11,-1289,-99.15,11,-1289,-99.15,11,11,1399-8-12
850,ضفار1124,اختيارخ فارس-15826-1399/11/07,1,2,4000000,5000,1000,1000,-4000,-80.0,1000,-4000,-80.0,1000,1000,1399-8-12
851,زعف9908پ05,زعفران9908نگين زرين(پ),1,70,5761980,79162,82314,82314,3152,3.98,82314,3152,3.98,82314,82314,1399-8-12
852,اراد22,مرابحه عام دولت2-ش.خ لوتوس0212,1,3000,2550000000,840000,850000,850000,10000,1.19,850000,10000,1.19,850000,850000,1399-8-12
853,خكار2,ايركا پارت صنعت,1,5288000,179527600000,33950,33950,33950,0,0.0,33950,0,0.0,33950,33950,1399-8-12
854,ولساپا4,ليزينگ رايان‌ سايپا,1,140000000,495600000000,3480,3540,3540,60,1.72,3540,60,1.72,3540,3540,1399-8-12
855,ضملت8027,اختيارخ وبملت-4100-1399/08/28,1,5,22775500,908,1100,1100,192,21.15,1100,192,21.15,1100,1100,1399-8-12
856,شستا001,اجاره تامين اجتماعي-امين000523,1,2,2002014,1001007,1001007,1001007,0,0.0,1001007,0,0.0,1001007,1001007,1399-8-12
857,خديزل2,بهمن  ديزل,1,2500000,102130000000,43002,40852,40852,-2150,-5.0,40852,-2150,-5.0,40852,40852,1399-8-12
858,ضسان1038,اختيارخ پارسان-18000-99/10/14,1,10,45000000,6000,4500,4500,-1500,-25.0,4500,-1500,-25.0,4500,4500,1399-8-12
859,شستا002,اجاره تامين اجتماعي-تمدن000523,1,20,20402000,1020100,1020100,1020100,0,0.0,1020100,0,0.0,1020100,1020100,1399-8-12
860,سپ2,پرداخت الكترونيك سامان كيش,1,28168886,393519337420,14070,13970,13970,-100,-0.71,13970,-100,-0.71,13970,13970,1399-8-12
861,اخزا8112,اسنادخزانه-م11بودجه98-001013,1,296000,241832000000,817423,817000,817000,-423,-0.05,817000,-423,-0.05,817000,817000,1399-8-12
862,وسگلستا,شركت س استان گلستان,1,4652,5489360,1240,1180,1180,-60,-4.84,1240,0,0.0,1180,1180,1399-8-12
863,ضبدر8064,اختيارخ شبندر-37580-1399/08/18,1,2,1998000,5900,999,999,-4901,-83.07,999,-4901,-83.07,999,999,1399-8-12
864,صايپا112,صكوك مرابحه سايپا112-3ماهه 16%,1,25,24500000,980000,980000,980000,0,0.0,980000,0,0.0,980000,980000,1399-8-12
865,اجاد25,اجاره دولتي آپرورش-سپهر991118,1,10,10000000,1000001,1000000,1000000,-1,0.0,1000000,-1,0.0,1000000,1000000,1399-8-12
866,كشم0001پ01,كشمش سبز0001خليل آباد(پ),1,17,6276179,388617,369187,369187,-19430,-5.0,369187,-19430,-5.0,369187,369187,1399-8-12
867,تهران4122,مشاركت ش تهران412-3ماهه18%,1,147000,140311500000,937000,954500,954500,17500,1.87,954500,17500,1.87,954500,954500,1399-8-12
