,نماد,نام,تعداد,حجم,ارزش,دیروز,اولین,آخرین معامله - مقدار,آخرین معامله - تغییر,آخرین معامله - درصد,قیمت پایانی - مقدار,قیمت پایانی - تغییر,قیمت پایانی - درصد,کمترین,بیشترین,تاریخ
0,ولپارس,ليزينگ پارسيان,76598,139741098,965832642940,6840,6610,7180,340,4.97,6910,70,1.02,6610,7180,1399-10-21
1,شاروم,پتروشيمي اروميه,50483,30359675,795050391439,25910,24615,27205,1295,5.0,26188,278,1.07,24615,27205,1399-10-21
2,بوعلي,پتروشيمي بوعلي سينا,49943,16697872,855064599650,49590,50700,51150,1560,3.15,51210,1620,3.27,49990,52000,1399-10-21
3,بركت,گروه دارويي بركت,43451,134880906,3233848697280,24720,24200,23600,-1120,-4.53,23980,-740,-2.99,23490,25170,1399-10-21
4,شتران,پالايش نفت تهران,41990,243115543,2262972301720,9000,9120,9450,450,5.0,9310,310,3.44,8900,9450,1399-10-21
5,فملي,ملي‌ صنايع‌ مس‌ ايران‌,38824,167504488,2083210893960,12260,12250,12490,230,1.88,12440,180,1.47,12000,12870,1399-10-21
6,پالايش,صندوق پالايشي يکم-سهام,38042,28740506,2000113474840,66810,69000,70450,3640,5.45,69590,2780,4.16,67500,71000,1399-10-21
7,زملارد,كشاورزي و دامپروري ملارد شير,34273,7341754,359694016415,49973,47475,48001,-1972,-3.95,48993,-980,-1.96,47475,52000,1399-10-21
8,شپنا,پالايش نفت اصفهان,34139,235424930,2603902097150,10620,10800,11150,530,4.99,11060,440,4.14,10640,11150,1399-10-21
9,بپيوند,برق و انرژي پيوندگستر پارس,34128,31224552,636526055446,20865,20070,20096,-769,-3.69,20385,-480,-2.3,19900,21540,1399-10-21
10,سپيدار,سپيدار سيستم آسيا,33086,827735,34856748585,40106,42111,42111,2005,5.0,41427,1321,3.29,42111,42111,1399-10-21
11,خودرو,ايران‌ خودرو,31056,774810281,2211416001170,2740,2830,2870,130,4.74,2850,110,4.01,2770,2870,1399-10-21
12,كاما,باما,28302,99482102,2298135233800,23950,23110,22760,-1190,-4.97,23100,-850,-3.55,22760,24590,1399-10-21
13,وسپهر,سرمايه گذاري مالي سپهرصادرات,28042,63305725,643443438989,10115,10120,10250,135,1.33,10164,49,0.48,10117,10417,1399-10-21
14,دارا يكم,صندوق واسطه گري مالي يكم-سهام,27821,14898144,2136380208940,140170,144770,143010,2840,2.03,143400,3230,2.3,139030,147000,1399-10-21
15,وتجارت,بانك تجارت,27497,564896792,1652105708060,2900,2920,2920,20,0.69,2920,20,0.69,2850,3000,1399-10-21
16,خگستر,گسترش‌سرمايه‌گذاري‌ايران‌خودرو,25433,487713832,1644953600000,3260,3340,3420,160,4.91,3370,110,3.37,3270,3420,1399-10-21
17,ثاميد,توسعه و عمران اميد,25138,214801080,443205048450,1980,2060,2070,90,4.55,2060,80,4.04,2010,2070,1399-10-21
18,آبادا,توليد نيروي برق آبادان,22595,7042868,121927591750,16710,16430,17540,830,4.97,17310,600,3.59,16430,17540,1399-10-21
19,شستا,سرمايه گذاري تامين اجتماعي,21466,108017563,2133843120190,18870,19200,19810,940,4.98,19750,880,4.66,19200,19810,1399-10-21
20,خبهمن,گروه‌بهمن‌,21366,80784239,2349385410180,28630,30000,27960,-670,-2.34,29080,450,1.57,27600,30060,1399-10-21
21,خساپا,سايپا,19586,789248694,1781950325570,2160,2240,2260,100,4.63,2260,100,4.63,2210,2260,1399-10-21
22,سيتا,سرمايه گذاري سيمان تامين,18902,25193774,382621807060,15080,15100,15160,80,0.53,15190,110,0.73,15020,15550,1399-10-21
23,تملت,تامين سرمايه بانك ملت,18733,144251409,1117626380630,7960,7570,8080,120,1.51,7750,-210,-2.64,7570,8110,1399-10-21
24,فولاد,فولاد مباركه اصفهان,18609,105531560,1243223345660,11260,11650,11820,560,4.97,11780,520,4.62,11500,11820,1399-10-21
25,بگيلان,توسعه مسير برق گيلان,15999,4539296,99740791593,21671,21671,21979,308,1.42,21973,302,1.39,21570,22650,1399-10-21
26,امين,تامين سرمايه امين,15336,11901394,123970764990,10370,10420,10380,10,0.1,10420,50,0.48,10370,10700,1399-10-21
27,وپويا,سرمايه گذاري پويا,15051,22028400,146346002930,6554,6457,6701,147,2.24,6644,90,1.37,6455,6801,1399-10-21
28,ثبهساز,بهساز كاشانه تهران,14921,57446108,172338324000,2860,3000,3000,140,4.9,3000,140,4.9,3000,3000,1399-10-21
29,فارس,صنايع پتروشيمي خليج فارس,14712,67923530,746755875810,11150,11370,10820,-330,-2.96,10990,-160,-1.43,10670,11500,1399-10-21
30,خزر,فنرسازي‌زر,14144,34109635,1295459253280,39070,39930,37120,-1950,-4.99,37980,-1090,-2.79,37120,40700,1399-10-21
31,وبصادر,بانك صادرات ايران,14012,280466068,788747429400,2770,2800,2800,30,1.08,2810,40,1.44,2720,2890,1399-10-21
32,وبملت,بانك ملت,13823,215947814,953094490160,4390,4450,4440,50,1.14,4410,20,0.46,4320,4550,1399-10-21
33,رافزا,رايان هم افزا,13391,78050,3231582200,39433,41404,41404,1971,5.0,39554,121,0.31,41404,41404,1399-10-21
34,ملت,بيمه ملت,12945,57321428,1078605342240,19190,18240,19770,580,3.02,18820,-370,-1.93,18240,20110,1399-10-21
35,خصدرا,صنعتي‌ دريايي‌ ايران‌,12779,165089671,641833876706,3885,3750,4042,157,4.04,3888,3,0.08,3702,4070,1399-10-21
36,خودكفا,اقتصادي و خودكفايي آزادگان,12562,43239658,1617433849005,38498,37344,37344,-1154,-3.0,37406,-1092,-2.84,37344,38218,1399-10-21
37,شبندر,پالايش نفت بندرعباس,12383,43859683,1001521045590,21870,22110,22960,1090,4.98,22830,960,4.39,22010,22960,1399-10-21
38,پيزد,مجتمع صنايع لاستيك يزد,12010,1687494,140316428820,79260,83223,83223,3963,5.0,83151,3891,4.91,82000,83223,1399-10-21
39,ديران,ايران‌دارو,11690,33862498,1240925028210,35370,37130,37130,1760,4.98,36650,1280,3.62,34700,37130,1399-10-21
40,فروي,ذوب روي اصفهان,11685,8927728,661879631011,73683,71750,73700,17,0.02,74138,455,0.62,71510,76998,1399-10-21
41,كسرام,پارس‌ سرام‌,11273,89312697,1140109079810,13230,12570,12570,-660,-4.99,12770,-460,-3.48,12570,13600,1399-10-21
42,دانا,بيمه دانا,11259,125779600,1215707201480,10130,9690,9650,-480,-4.74,9670,-460,-4.54,9630,9990,1399-10-21
43,فزرين,زرين معدن آسيا,11210,42509484,1037519748751,25564,24350,24286,-1278,-5.0,24407,-1157,-4.53,24286,25490,1399-10-21
44,چكارن,كارتن‌ ايران‌,11038,141854116,619289987100,4520,4300,4430,-90,-1.99,4370,-150,-3.32,4300,4560,1399-10-21
45,گكوثر,هتل پارسيان كوثر اصفهان,10802,276942102,1173859113668,4445,4223,4223,-222,-4.99,4239,-206,-4.63,4223,4380,1399-10-21
46,وملي,گروه‌ صنعتي‌ ملي‌ (هلدينگ‌,10392,3555438,874526213530,254560,241840,243500,-11060,-4.34,245970,-8590,-3.37,241840,264000,1399-10-21
47,پترول,گروه پتروشيمي س. ايرانيان,10380,65140832,720655919210,10570,10900,11090,520,4.92,11060,490,4.64,10810,11090,1399-10-21
48,دتوزيع,توزيع دارو پخش,9996,18409493,840178065409,45702,47987,43446,-2256,-4.94,45638,-64,-0.14,43417,47987,1399-10-21
49,غگل,گلوكوزان‌,9716,84075322,405304534800,4830,4800,4800,-30,-0.62,4820,-10,-0.21,4650,5000,1399-10-21
50,شگويا,پتروشيمي تندگويان,9286,43900394,466778729097,10155,10490,10662,507,4.99,10633,478,4.71,10400,10662,1399-10-21
51,ثاخت,بين‌المللي‌توسعه‌ساختمان,9124,112734785,508876530090,4480,4500,4400,-80,-1.79,4510,30,0.67,4350,4680,1399-10-21
52,كسعدي,كاشي‌ سعدي‌,9108,21270426,458324296320,21920,22700,20830,-1090,-4.97,21550,-370,-1.69,20830,22770,1399-10-21
53,كرازي,كارخانجات‌توليدي‌شيشه‌رازي‌,9028,18020198,607423650460,32440,33990,33900,1460,4.5,33710,1270,3.91,33000,34060,1399-10-21
54,لپارس,پارس‌ الكتريك‌,8966,3495661,459254029060,135920,130590,130300,-5620,-4.13,131380,-4540,-3.34,129130,138980,1399-10-21
55,انرژي3,سايراشخاص بورس انرژي,8914,1907030,823223850010,411990,429900,432580,20590,5.0,431680,19690,4.78,420000,432580,1399-10-21
56,تليسه,دامداري تليسه نمونه,8784,68191304,381405098815,5768,5825,5491,-277,-4.8,5593,-175,-3.03,5480,6000,1399-10-21
57,ثنوسا,نوسازي‌وساختمان‌تهران‌,8773,42632221,788798980900,18080,18700,17590,-490,-2.71,18500,420,2.32,17330,18980,1399-10-21
58,زنجان,صنايع كشاورزي وكود زنجان,8742,53731052,633477156015,11873,12229,11518,-355,-2.99,11790,-83,-0.7,11517,12229,1399-10-21
59,سمگا,گروه سرمايه گذاري ميراث فرهنگي,8731,50108593,1939458016382,40125,39050,38700,-1425,-3.55,38705,-1420,-3.54,38119,41390,1399-10-21
60,قثابت,قند ثابت‌ خراسان‌,8520,9914518,667950424450,70210,66700,67460,-2750,-3.92,67370,-2840,-4.05,66700,71950,1399-10-21
61,شسينا,صنايع‌شيميايي‌سينا,8316,3559198,686117535390,186280,195000,180500,-5780,-3.1,192770,6490,3.48,180000,195590,1399-10-21
62,غنوش,نوش‌ مازندران‌,8185,13502155,1120047678550,79500,82000,83470,3970,4.99,82950,3450,4.34,80050,83470,1399-10-21
63,ثتوسا,س.توسعه و عمران استان اردبيل,8062,10362748,489204219417,48734,46298,47440,-1294,-2.66,47208,-1526,-3.13,46298,49950,1399-10-21
64,كروي,توسعه‌ معادن‌ روي‌ ايران‌,8055,15816686,674565893430,40960,39500,43000,2040,4.98,42650,1690,4.13,39500,43000,1399-10-21
65,وپارس,بانك‌پارسيان‌,7973,159621696,534979054540,3300,3350,3340,40,1.21,3350,50,1.52,3280,3440,1399-10-21
66,فمراد,آلومراد,7868,2974743,581497658850,200170,190170,193000,-7170,-3.58,195480,-4690,-2.34,190170,204990,1399-10-21
67,خزاميا,زامياد,7759,55989261,594243130300,10170,10400,10670,500,4.92,10610,440,4.33,10300,10670,1399-10-21
68,زدشت,كشت و صنعت دشت خرم دره,7613,10423389,439875494511,43395,42500,41875,-1520,-3.5,42201,-1194,-2.75,41226,44800,1399-10-21
69,فوكا,فولاد كاويان,7493,53055383,708293583817,13668,13404,13750,82,0.6,13350,-318,-2.33,13258,13880,1399-10-21
70,ذوب,سهامي ذوب آهن  اصفهان,7415,181276099,820025613154,4313,4400,4528,215,4.98,4524,211,4.89,4400,4528,1399-10-21
71,تبرك,گروه كارخانجات صنعتي تبرك,7354,16774265,353912366881,21700,20710,21060,-640,-2.95,21099,-601,-2.77,20615,22350,1399-10-21
72,البرز,بيمه البرز,7050,85608814,473322788610,5710,5600,5440,-270,-4.73,5530,-180,-3.15,5430,5890,1399-10-21
73,كپارس,كاشي‌ پارس‌,6903,3251531,728652922030,222600,222750,222550,-50,-0.02,224100,1500,0.67,211470,231990,1399-10-21
74,بكهنوج,توليد برق ماهتاب كهنوج,6734,128370572,304260684462,2434,2399,2344,-90,-3.7,2370,-64,-2.63,2313,2490,1399-10-21
75,فنورد,نوردوقطعات‌ فولادي‌,6570,2233620,666822019060,286330,300640,298760,12430,4.34,298540,12210,4.26,276000,300640,1399-10-21
76,خپارس,پارس‌ خودرو,6446,76191779,525643691820,6630,6750,6960,330,4.98,6900,270,4.07,6660,6960,1399-10-21
77,غسالم,سالمين‌,6427,52159508,277390758540,5420,5530,5270,-150,-2.77,5320,-100,-1.85,5150,5570,1399-10-21
78,ثقزوي,شركت عمران و سازندگي قزوين,6326,12572956,490988642552,39500,39100,39501,1,0.0,39051,-449,-1.14,38315,40480,1399-10-21
79,وغدير,سرمايه‌گذاري‌غدير(هلدينگ‌,6303,43408955,485145946000,10680,10710,11210,530,4.96,11180,500,4.68,10710,11210,1399-10-21
80,كمند,صندوق س. با درآمد ثابت كمند,6279,290996796,2919660056185,10027,10033,10033,6,0.06,10033,6,0.06,10032,10037,1399-10-21
81,غبهار,كشت وصنعت بهاران گلبهار خراسان,6215,7520404,385986852010,50714,50398,52235,1521,3.0,51325,611,1.2,49450,52235,1399-10-21
82,وكارح,ح . بانك‌ كارآفرين‌,6066,100274467,304367189410,2960,3030,2990,30,1.01,3040,80,2.7,2920,3150,1399-10-21
83,كوير,توليدي فولاد سپيد فراب كوير,6061,19754589,490127657450,24820,25200,24500,-320,-1.29,24810,-10,-0.04,24040,25990,1399-10-21
84,ونيكي,سرمايه‌گذاري‌ ملي‌ايران‌,6012,25708252,404829737520,15140,14750,15890,750,4.95,15750,610,4.03,14750,15890,1399-10-21
85,وهور,مديريت انرژي اميد  تابان هور,5798,23000399,1019697050940,42243,44355,44355,2112,5.0,44334,2091,4.95,44000,44355,1399-10-21
86,كسعديح,ح . كاشي‌ سعدي‌,5794,15845193,281590103640,18360,18100,17250,-1110,-6.05,17770,-590,-3.21,16820,19240,1399-10-21
87,كحافظ,كاشي‌ وسراميك‌ حافظ‌,5783,19348169,322058813720,16740,16690,16660,-80,-0.48,16650,-90,-0.54,15910,17410,1399-10-21
88,صبا,سرمايه گذاري صبا تامين,5695,20362910,149498412174,7062,7300,7415,353,5.0,7342,280,3.96,7151,7415,1399-10-21
89,سفاسي,شركت فارسيت اهواز,5655,21197451,359921141837,16665,16665,17164,499,2.99,16979,314,1.88,16500,17164,1399-10-21
90,ثعمرا,عمران و توسعه شاهد,5597,25643642,381031522498,14758,15495,14908,150,1.02,14859,101,0.68,14120,15495,1399-10-21
91,وتوصا,گروه س توسعه صنعتي ايران,5569,22408069,549691727120,25170,24510,23920,-1250,-4.97,24530,-640,-2.54,23920,26370,1399-10-21
92,غگلستا,شير پاستوريزه پگاه گلستان,5556,14886745,447500026304,30841,32370,29300,-1541,-5.0,30060,-781,-2.53,29299,32370,1399-10-21
93,هاي وب,داده گسترعصرنوين-هاي وب,5541,19957123,520603781450,25480,25510,26750,1270,4.98,26090,610,2.39,25470,26750,1399-10-21
94,كوثر,بيمه كوثر,5474,31663856,785563342696,25603,25700,24560,-1043,-4.07,24809,-794,-3.1,24323,26239,1399-10-21
95,غگيلا,شيرپاستوريزه پگاه گيلان,5455,81169,1806334926,21195,22254,22254,1059,5.0,21231,36,0.17,22254,22254,1399-10-21
96,تپمپي,پمپ‌ سازي‌ ايران‌,5383,13974552,409373985910,28620,27830,30050,1430,5.0,29290,670,2.34,27830,30050,1399-10-21
97,فروس,فروسيليس‌ ايران‌,5374,50280670,283886500020,5840,5650,5600,-240,-4.11,5650,-190,-3.25,5550,6040,1399-10-21
98,غبهنوش,بهنوش‌ ايران‌,5262,3612284,371507457490,107120,104000,101770,-5350,-4.99,102850,-4270,-3.99,101770,106490,1399-10-21
99,ثشرق,سرمايه گذاري مسكن شمال شرق,5255,51869406,374468077580,7360,7390,7000,-360,-4.89,7220,-140,-1.9,7000,7690,1399-10-21
100,دماوند,توليد نيروي برق دماوند,5241,5286180,316259355020,58801,61697,58961,160,0.27,59828,1027,1.75,58110,61697,1399-10-21
101,ولغدر,ليزينگ‌خودروغدير,5238,13521803,430130792750,31290,32740,32840,1550,4.95,31810,520,1.66,30040,32850,1399-10-21
102,بمپنا,توليد برق عسلويه  مپنا,5204,5921348,635217603458,104134,109340,103200,-934,-0.9,107276,3142,3.02,100500,109340,1399-10-21
103,كفپارس,فرآورده‌هاي‌ نسوز پارس‌,5192,37124764,217898688170,6070,5910,5800,-270,-4.45,5870,-200,-3.29,5770,6220,1399-10-21
104,شلرد,كود شيميايي اوره لردگان,5166,27702736,266434801695,9523,9649,9480,-43,-0.45,9618,95,1.0,9321,9808,1399-10-21
105,دبالك,مواد اوليه دارويي البرز بالك,5166,18956780,481718061649,26579,25251,25251,-1328,-5.0,25411,-1168,-4.39,25251,26308,1399-10-21
106,فردا,صندوق س آواي فرداي زاگرس-ثابت,5164,302322151,3023221510000,10000,10000,10000,0,0.0,10000,0,0.0,10000,10000,1399-10-21
107,ومعلم,بيمه معلم,5159,37948219,236999827164,6459,6265,6180,-279,-4.32,6245,-214,-3.31,6137,6612,1399-10-21
108,غشهداب,كشت و صنعت شهداب ناب خراسان,5145,46570704,217053043134,4775,4750,4674,-101,-2.12,4661,-114,-2.39,4537,4940,1399-10-21
109,وخارزم,سرمايه گذاري خوارزمي,5141,40699044,350903325300,8220,8620,8630,410,4.99,8620,400,4.87,8500,8630,1399-10-21
110,نوري,پتروشيمي نوري,5120,4435840,304529649350,68060,69020,68200,140,0.21,68650,590,0.87,67750,70670,1399-10-21
111,دزهراوي,داروسازي‌زهراوي‌,5073,21367325,219010845020,10590,10160,10130,-460,-4.34,10250,-340,-3.21,10070,11000,1399-10-21
112,سامان,بانك سامان,5072,34727723,444874550763,12678,13058,12520,-158,-1.25,12810,132,1.04,12298,13058,1399-10-21
113,ونوين,بانك‌اقتصادنوين‌,5035,72992870,352085922140,4710,4840,4860,150,3.18,4820,110,2.34,4600,4940,1399-10-21
114,كيميا,معدني كيمياي زنجان گستران,5022,9440781,427161976611,44675,45700,43500,-1175,-2.63,45246,571,1.28,43000,46908,1399-10-21
115,فاراك,ماشين‌ سازي‌ اراك‌,4985,41412022,282039747010,6660,6660,6740,80,1.2,6810,150,2.25,6500,6990,1399-10-21
116,ساوه,سيمان ساوه,4968,1772455,95093303788,51608,51350,54188,2580,5.0,53651,2043,3.96,51350,54188,1399-10-21
117,آپ,آسان پرداخت پرشين,4915,14536658,341711745910,22850,22900,22800,-50,-0.22,23510,660,2.89,22300,23990,1399-10-21
118,زكوثر,سرمايه گذاري كشاورزي كوثر,4909,10552306,274404259730,25260,26000,26520,1260,4.99,26000,740,2.93,24300,26520,1399-10-21
119,ختور,رادياتور ايران‌,4886,8168196,311203530590,38000,39680,38200,200,0.53,38100,100,0.26,36500,39820,1399-10-21
120,ختوقا,قطعات‌ اتومبيل‌ ايران‌,4785,85989160,284945383110,3180,3220,3330,150,4.72,3310,130,4.09,3220,3330,1399-10-21
121,خفنر,فنرسازي‌خاور,4659,15187290,376305462430,25340,24090,24200,-1140,-4.5,24780,-560,-2.21,24080,25950,1399-10-21
122,بجهرم,توسعه مولد نيروگاهي جهرم,4622,44426671,166094973872,3630,3699,3797,167,4.6,3739,109,3.0,3660,3797,1399-10-21
123,وايران,ليزينگ ايرانيان,4618,31601769,460459629270,14260,14380,14970,710,4.98,14570,310,2.17,13710,14970,1399-10-21
124,خمحركه,نيرو محركه‌,4592,37722131,224112326970,5680,5940,5960,280,4.93,5940,260,4.58,5810,5960,1399-10-21
125,زمگسا,كشاورزي‌ ودامپروي‌ مگسال‌,4570,5991596,265486205950,45900,47300,43610,-2290,-4.99,44310,-1590,-3.46,43610,47300,1399-10-21
126,خچرخش,چرخشگر,4491,18518060,415156933910,21500,21000,22570,1070,4.98,22420,920,4.28,21000,22570,1399-10-21
127,ونيرو,سرمايه‌گذاري‌نيرو,4428,60316854,218776402480,3490,3520,3660,170,4.87,3630,140,4.01,3500,3660,1399-10-21
128,چفيبر,فيبر ايران‌,4391,20088304,301167921610,14350,14850,15060,710,4.95,14990,640,4.46,14310,15060,1399-10-21
129,بكام,كارخانجات توليدي شهيد قندي,4383,52768525,237297342680,4380,4500,4470,90,2.05,4500,120,2.74,4400,4590,1399-10-21
130,كلوند,كاشي‌ الوند,4289,11699869,461063609420,38340,40250,37500,-840,-2.19,39410,1070,2.79,37460,40250,1399-10-21
131,بكاب,صنايع‌جوشكاب‌يزد,4275,818580,380147418720,443900,466060,466090,22190,5.0,464400,20500,4.62,450720,466090,1399-10-21
132,وساپا,سرمايه‌گذاري‌ سايپا,4213,42722275,358792256550,8010,8410,8410,400,4.99,8400,390,4.87,8270,8410,1399-10-21
133,دشيمي,شيمي‌ داروئي‌ داروپخش‌,4100,4363161,265401108010,63280,61120,60820,-2460,-3.89,60830,-2450,-3.87,60120,64500,1399-10-21
134,اوان,مبين وان كيش,4061,7494368,447692837895,58541,55614,60000,1459,2.49,59737,1196,2.04,55614,61468,1399-10-21
135,وسينا,بانك سينا,4049,52703523,225080949020,3990,4340,4260,270,6.77,4270,280,7.02,4170,4370,1399-10-21
136,كمنگنز,معادن‌منگنزايران‌,4040,2504764,329114739170,134810,134810,130390,-4420,-3.28,131400,-3410,-2.53,128070,139890,1399-10-21
137,سبزوا,سيمان لار سبزوار,3982,36057698,166742618977,4452,4650,4674,222,4.99,4624,172,3.86,4480,4674,1399-10-21
138,بزاگرس,نيروگاه زاگرس كوثر,3972,18475963,178424014914,10063,9610,9560,-503,-5.0,9657,-406,-4.03,9560,10030,1399-10-21
139,چدن,توليدي چدن سازان,3952,11273222,396436571130,34360,35000,35140,780,2.27,35170,810,2.36,34010,36070,1399-10-21
140,تاپكيش,تجارت الكترونيك پارسيان كيش,3893,12508601,274180867892,22732,21700,22520,-212,-0.93,21919,-813,-3.58,21596,22800,1399-10-21
141,چكاپا,گروه صنايع كاغذ پارس,3888,46838191,280559258710,5720,5810,6000,280,4.9,5990,270,4.72,5810,6000,1399-10-21
142,ورنا,سرمايه‌گذاري‌ رنا(هلدينگ‌,3858,35220611,270051222630,7390,7450,7750,360,4.87,7670,280,3.79,7420,7750,1399-10-21
143,سرچشمه,سرمايه گذاري مس سرچشمه,3850,28532246,260901039191,8807,9020,9247,440,5.0,9144,337,3.83,8800,9247,1399-10-21
144,شكربن,كربن‌ ايران‌,3831,6412452,788088740880,119170,116200,124800,5630,4.72,122900,3730,3.13,114010,125120,1399-10-21
145,حفاري,حفاري شمال,3801,20079379,229994396480,11020,11570,11380,360,3.27,11450,430,3.9,11120,11570,1399-10-21
146,فنوال,نورد آلومينيوم‌,3793,9840193,271965015720,27290,27000,28650,1360,4.98,27640,350,1.28,26000,28650,1399-10-21
147,كساپا,سايپاشيشه‌,3743,6750904,310827932200,45280,47400,45280,0,0.0,46040,760,1.68,43560,47540,1399-10-21
148,كبافق,معادن‌ بافق‌,3689,5368244,317426200710,56660,55010,59490,2830,4.99,59130,2470,4.36,55010,59490,1399-10-21
149,سدبير,س. تدبيرگران فارس وخوزستان,3680,4962389,324444787683,68354,65000,66650,-1704,-2.49,65381,-2973,-4.35,64937,67000,1399-10-21
150,غپينو,پارس‌ مينو,3668,30388624,311058234860,9760,10240,10240,480,4.92,10240,480,4.92,9920,10240,1399-10-21
151,فاسمين,كالسيمين‌,3560,13157359,243927069370,18600,18010,18200,-400,-2.15,18540,-60,-0.32,18010,19300,1399-10-21
152,دي,بانك دي,3545,7173732,221080072776,32440,30818,30818,-1622,-5.0,30818,-1622,-5.0,30818,30818,1399-10-21
153,فاذر,صنايع‌ آذرآب‌,3536,8394596,249543629130,29280,28550,30070,790,2.7,29730,450,1.54,28550,30620,1399-10-21
154,ثغرب,شركت سرمايه گذاري مسكن شمالغرب,3534,17882947,159466438539,9202,9198,8746,-456,-4.96,8917,-285,-3.1,8742,9470,1399-10-21
155,پدرخش,درخشان‌ تهران‌,3479,1418235,230074034720,161180,160000,162410,1230,0.76,162230,1050,0.65,155400,168000,1399-10-21
156,غاذر,كشت‌وصنعت‌پياذر,3456,5748031,336444981020,56630,54500,59460,2830,5.0,58530,1900,3.36,54500,59460,1399-10-21
157,زقيام,كشت و دام قيام اصفهان,3451,5960398,198538124961,34208,32600,33050,-1158,-3.39,33310,-898,-2.63,32498,34990,1399-10-21
158,ثپرديس,سرمايه گذاري مسكن پرديس,3427,17467786,241092374247,13654,14336,13120,-534,-3.91,13802,148,1.08,13000,14336,1399-10-21
159,تكمبا,كمباين‌ سازي‌ ايران‌,3403,19433564,263544593590,13960,14400,13270,-690,-4.94,13560,-400,-2.87,13270,14500,1399-10-21
160,خنصير,مهندسي‌نصيرماشين‌,3399,4453604,425776609190,91470,95000,96040,4570,5.0,95600,4130,4.52,91470,96040,1399-10-21
161,وكادو,تكادو,3360,16254939,431843420412,27327,26570,26510,-817,-2.99,26567,-760,-2.78,26508,27990,1399-10-21
162,تاپيكو,س. نفت و گاز و پتروشيمي تأمين,3311,13785671,176619755440,12480,12680,12790,310,2.48,12810,330,2.64,12510,13020,1399-10-21
163,اخابر,مخابرات ايران,3267,18217336,227832751910,12280,12360,12640,360,2.93,12510,230,1.87,12060,12890,1399-10-21
164,وگردش,بانك گردشگري,3262,15632303,403644892942,26261,27000,25500,-761,-2.9,25821,-440,-1.68,25474,27048,1399-10-21
165,كهمدا,شيشه‌ همدان‌,3255,10657164,143628007870,13850,13850,13300,-550,-3.97,13480,-370,-2.67,13160,14100,1399-10-21
166,ومعادن,توسعه‌معادن‌وفلزات‌,3239,13823619,164306868280,11760,11800,11910,150,1.28,11890,130,1.11,11600,12260,1399-10-21
167,وشهر,بانك شهر,3239,32616293,199910280196,5979,6218,6218,239,4.0,6129,150,2.51,5800,6218,1399-10-21
168,سخزر,سيمان‌ خزر,3205,6380804,264901333010,41640,42020,39560,-2080,-5.0,41520,-120,-0.29,39560,43720,1399-10-21
169,ثرود,سرمايه‌گذاري مسكن زاينده رود,3178,14083308,174896132076,12831,12500,12520,-311,-2.42,12419,-412,-3.21,12190,13200,1399-10-21
170,فخوز,فولاد  خوزستان,3124,15577564,232176186630,14340,14850,14880,540,3.77,14900,560,3.91,14440,15050,1399-10-21
171,كاوه,فولاد كاوه جنوب كيش,3105,18361151,352071142400,18330,19090,19240,910,4.96,19170,840,4.58,18710,19240,1399-10-21
172,دتوزيعح,ح . توزيع دارو پخش,3060,7837755,296741389034,39013,37456,37063,-1950,-5.0,37861,-1152,-2.95,37063,40190,1399-10-21
173,كماسه,تامين‌ ماسه‌ ريخته‌گري‌,3046,3830296,225713751320,61660,61500,58580,-3080,-5.0,58930,-2730,-4.43,58580,61650,1399-10-21
174,ولساپا,ليزينگ رايان‌ سايپا,3016,42011831,171449727880,3930,4100,4120,190,4.83,4080,150,3.82,3990,4120,1399-10-21
175,ميهن,بيمه ميهن,3007,26787312,162914729540,5953,5690,6250,297,4.99,6082,129,2.17,5690,6250,1399-10-21
176,شبريز,پالايش نفت تبريز,2997,13050875,350759902060,25620,26050,26900,1280,5.0,26880,1260,4.92,26050,26900,1399-10-21
177,وساخت,سرمايه‌ گذاري‌ ساختمان‌ايران‌,2979,2801931,192492494160,66560,69360,68050,1490,2.24,68700,2140,3.22,67160,69860,1399-10-21
178,ومهان,گروه توسعه مالي مهر آيندگان,2950,10596049,151952144322,13739,13732,14425,686,4.99,14340,601,4.37,13732,14425,1399-10-21
179,ونفت,سرمايه‌گذاري‌ صنعت‌ نفت‌,2940,15277937,295734827040,19310,19650,19420,110,0.57,19360,50,0.26,18540,19700,1399-10-21
180,ودي,بيمه  دي,2905,18000663,490168300294,26093,27000,27397,1304,5.0,27231,1138,4.36,26400,27397,1399-10-21
181,وپاسار,بانك  پاسارگاد,2869,21013154,243519516580,11470,11470,11620,150,1.31,11590,120,1.05,11350,11840,1399-10-21
182,خديزل,بهمن  ديزل,2853,6479764,328476633267,52152,52000,49545,-2607,-5.0,50693,-1459,-2.8,49545,53250,1399-10-21
183,زگلدشت,كشت و دام گلدشت نمونه اصفهان,2843,2833849,186383463706,63044,64500,65550,2506,3.98,65770,2726,4.32,64500,66196,1399-10-21
184,بپاس,بيمه پاسارگاد,2842,2608048,249771233917,95689,95689,95900,211,0.22,95769,80,0.08,94000,97300,1399-10-21
185,والبر,سرمايه‌ گذاري‌ البرز(هلدينگ‌,2813,8968862,161861022500,18480,19000,17870,-610,-3.3,18050,-430,-2.33,17660,19000,1399-10-21
186,رانفور,خدمات‌انفورماتيك‌,2764,5493615,161531026280,29960,29600,29000,-960,-3.2,29400,-560,-1.87,28780,30900,1399-10-21
187,سشمال,سيمان‌ شمال‌,2748,14585522,174345482330,11800,11650,12160,360,3.05,11950,150,1.27,11440,12390,1399-10-21
188,نوين,بيمه نوين,2713,18986509,142569499965,7378,7328,7502,124,1.68,7509,131,1.78,7328,7710,1399-10-21
189,سيمرغ,سيمرغ,2711,8983616,178395848150,18970,18990,19910,940,4.96,19860,890,4.69,18990,19910,1399-10-21
190,شپترو,پتروشيمي آبادان,2702,27193015,177610274683,6383,6574,6550,167,2.62,6531,148,2.32,6410,6574,1399-10-21
191,تكشا,گسترش‌صنايع‌وخدمات‌كشاورزي‌,2690,4406179,323898218290,70010,73510,73510,3500,5.0,73510,3500,5.0,73510,73510,1399-10-21
192,فپنتا,سپنتا,2682,464319,237570749050,507380,489000,532740,25360,5.0,511650,4270,0.84,482020,532740,1399-10-21
193,شكلر,نيروكلر,2665,2962240,197311633340,66450,66850,67000,550,0.83,66610,160,0.24,64520,68000,1399-10-21
194,وملل,اعتباري ملل,2657,18216369,314629967046,16653,17240,17250,597,3.58,17272,619,3.72,17105,17444,1399-10-21
195,بنو,بيمه تجارت نو,2587,10123402,297340474732,30503,28995,29635,-868,-2.85,29372,-1131,-3.71,28978,30500,1399-10-21
196,قصفها,قنداصفهان‌,2584,1065889,185235834770,171380,167000,174000,2620,1.53,173790,2410,1.41,167000,179940,1399-10-21
197,خوساز,محورسازان‌ايران‌خودرو,2565,17664423,156063707200,8770,9160,8670,-100,-1.14,8830,60,0.68,8500,9170,1399-10-21
198,ولتجار,واسپاري تجارت وسرمايه ايرانيان,2551,18449925,190611946652,10503,10818,10188,-315,-3.0,10331,-172,-1.64,10188,10818,1399-10-21
199,غشان,شيرپاستوريزه‌پگاه‌خراسان‌,2551,15318297,129732992860,8690,8810,8350,-340,-3.91,8470,-220,-2.53,8260,8890,1399-10-21
200,فسپا,گروه‌صنعتي‌سپاهان‌,2496,4855257,232169087220,48920,47010,47170,-1750,-3.58,47820,-1100,-2.25,46480,51300,1399-10-21
201,سرو,صندوق س سروسودمند مدبران-سهام,2494,3255126,232306271160,68900,69540,72190,3290,4.78,71370,2470,3.58,69540,72190,1399-10-21
202,غگلپا,شير پاستوريزه پگاه گلپايگان,2487,2227317,177678495575,80383,81870,77200,-3183,-3.96,79772,-611,-0.76,76500,81870,1399-10-21
203,سفارس,سيمان فارس و خوزستان,2476,10924247,177547815400,15620,15970,16400,780,4.99,16250,630,4.03,15660,16400,1399-10-21
204,افرا,افرانت,2423,3158484,169329440263,54805,55000,52065,-2740,-5.0,53611,-1194,-2.18,52065,56200,1399-10-21
205,ستران,سيمان‌ تهران‌,2408,6571439,193643891580,28650,28650,30080,1430,4.99,29470,820,2.86,28020,30080,1399-10-21
206,وصنعت,سرمايه گذاري توسعه صنعت وتجارت,2386,20293723,143283752000,6740,6970,7070,330,4.9,7060,320,4.75,6950,7070,1399-10-21
207,شبهرن,نفت‌ بهران‌,2362,3269132,211148255320,65230,65230,64200,-1030,-1.58,64590,-640,-0.98,63020,67300,1399-10-21
208,كگل,معدني و صنعتي گل گهر,2352,7484804,134471717600,17840,17850,17910,70,0.39,17970,130,0.73,17700,18300,1399-10-21
209,دلقما,دارويي‌ لقمان‌,2332,4450832,131811101840,30690,29300,29170,-1520,-4.95,29610,-1080,-3.52,29160,31490,1399-10-21
210,وليز,ليزينگ‌ايران‌,2331,12805250,103512444490,7970,8360,7940,-30,-0.38,8080,110,1.38,7800,8360,1399-10-21
211,وسپه,سرمايه‌گذاري‌ سپه‌,2316,9085701,122712500450,13160,12760,13780,620,4.71,13510,350,2.66,12760,13800,1399-10-21
212,غچين,كشت‌ و صنعت‌ چين‌ چين,2267,3438946,279064574280,78210,75420,82120,3910,5.0,81150,2940,3.76,75300,82120,1399-10-21
213,حبندر,دريايي و کشتيراني خط دريابندر,2265,4024968,137137523097,34197,34880,33179,-1018,-2.98,34072,-125,-0.37,33172,35222,1399-10-21
214,شصدف,صنعتي دوده فام,2229,125013,3470735919,26441,27763,27763,1322,5.0,26528,87,0.33,27763,27763,1399-10-21
215,سكرما,سيمان‌ كرمان‌,2222,9228786,197897967760,22230,22230,21120,-1110,-4.99,21440,-790,-3.55,21120,22890,1399-10-21
216,شفارس,صنايع‌ شيميايي‌ فارس‌,2218,3916556,239136734500,58520,60590,61440,2920,4.99,61060,2540,4.34,58590,61440,1399-10-21
217,سصوفي,سيمان‌ صوفيان‌,2216,7104737,111805573370,15910,15860,15410,-500,-3.14,15740,-170,-1.07,15130,16480,1399-10-21
218,حسينا,توسعه خدمات دريايي وبندري سينا,2214,1723128,128039416280,72855,76000,74340,1485,2.04,74306,1451,1.99,72900,76090,1399-10-21
219,تابا,تابان نيرو سپاهان,2201,4408720,191722357901,43019,44309,44309,1290,3.0,43487,468,1.09,41729,44309,1399-10-21
220,فولاي,صنايع فولاد آلياژي يزد,2192,3369619,151877068554,43160,45000,45318,2158,5.0,45072,1912,4.43,43810,45318,1399-10-21
221,خمحور,توليدمحورخودرو,2171,3204251,240092979700,77920,77200,74030,-3890,-4.99,74930,-2990,-3.84,74030,79940,1399-10-21
222,غپآذر,شير پگاه آذربايجان شرقي,2142,2132073,126461707460,60552,59520,59031,-1521,-2.51,59314,-1238,-2.04,57525,61338,1399-10-21
223,وخاور,بانك خاورميانه,2142,22775679,240993203420,10100,10100,10600,500,4.95,10580,480,4.75,10050,10600,1399-10-21
224,ريشمك,توليد و صادرات ريشمك,2137,1978481,124038663580,62486,63460,62001,-485,-0.78,62694,208,0.33,61700,64500,1399-10-21
225,حپارسا,توسعه حمل و نقل ريلي پارسيان,2124,2782783,124050488807,43849,45999,43220,-629,-1.43,44578,729,1.66,42980,45999,1399-10-21
226,وبانك,سرمايه گذاري گروه توسعه ملي,2123,13431614,115125351670,8190,8560,8590,400,4.88,8570,380,4.64,8310,8590,1399-10-21
227,خاهن,آهنگري‌ تراكتورسازي‌ ايران‌,2122,4288552,167151603040,39030,38700,38910,-120,-0.31,38980,-50,-0.13,38100,39700,1399-10-21
228,غپاك,لبنيات‌ پاك‌,2116,9190293,131156287570,13950,14500,14130,180,1.29,14270,320,2.29,13730,14640,1399-10-21
229,دفارا,داروسازي‌ فارابي‌,2108,2114384,134473847990,66290,64300,62980,-3310,-4.99,63600,-2690,-4.06,62980,66000,1399-10-21
230,قشير,قند شيروان قوچان و بجنورد,2060,3997464,138954490557,33252,33256,34914,1662,5.0,34761,1509,4.54,32560,34914,1399-10-21
231,كساوه,صنايع‌ كاشي‌ و سراميك‌ سينا,2055,3686488,357267061000,96050,91270,93520,-2530,-2.63,96910,860,0.9,91250,100000,1399-10-21
232,ثمسكن,سرمايه‌گذاري‌ مسكن‌,2050,22420677,138240390520,5900,6120,6190,290,4.92,6170,270,4.58,6010,6190,1399-10-21
233,آينده,بازرگاني آينده سازان بهشت پارس,2045,4987172,101054302403,20797,20900,20174,-623,-3.0,20263,-534,-2.57,20174,20900,1399-10-21
234,دامين,داروسازي‌ امين‌,2043,7485775,135275021410,18770,17900,17840,-930,-4.95,18070,-700,-3.73,17840,18990,1399-10-21
235,افق,فروشگاههاي زنجيره اي افق كوروش,2035,1675079,141198325500,83920,83470,83500,-420,-0.5,84290,370,0.44,83000,86000,1399-10-21
236,كچاد,معدني‌وصنعتي‌چادرملو,1954,5985744,119549655050,19680,19970,19910,230,1.17,19970,290,1.47,19750,20390,1399-10-21
237,غشهد,شهد ايران ‌,1951,17295478,137367623630,7730,7790,8110,380,4.92,7940,210,2.72,7410,8110,1399-10-21
238,سخاش,سيمان‌خاش‌,1935,965529,131311110870,129890,135490,136380,6490,5.0,136000,6110,4.7,132160,136380,1399-10-21
239,وشمال,س. چشم انداز توسعه شمال,1931,2119319,189429269117,93959,89262,89262,-4697,-5.0,89382,-4577,-4.87,89262,91310,1399-10-21
240,فلوله,لوله‌وماشين‌سازي‌ايران‌,1929,4893337,113922590470,22850,23990,22550,-300,-1.31,23280,430,1.88,21750,23990,1399-10-21
241,آگاس,صندوق س.هستي بخش آگاه-س,1899,1564293,110933839097,67936,68890,71698,3762,5.54,70916,2980,4.39,68890,71720,1399-10-21
242,زاگرس,پتروشيمي زاگرس,1897,1651069,346755172357,211131,206111,209705,-1426,-0.68,210019,-1112,-0.53,206111,215000,1399-10-21
243,دسانكو,داروسازي سبحان انكولوژي,1860,4972513,103433306141,20605,20900,20410,-195,-0.95,20801,196,0.95,20020,21632,1399-10-21
244,غمارگ,مارگارين‌,1858,3398038,124194441520,35440,36970,37210,1770,4.99,36550,1110,3.13,35030,37210,1399-10-21
245,شرانل,نفت ايرانول,1828,3972106,154209428450,37775,38900,38412,637,1.69,38823,1048,2.77,38130,39659,1399-10-21
246,تماوند,تامين سرمايه دماوند,1827,9761988,197992732176,20936,20500,21000,64,0.31,20282,-654,-3.12,19890,21400,1399-10-21
247,كاذر,فرآورده‌هاي‌نسوزآذر,1816,7445325,269611395550,34650,35550,36380,1730,4.99,36210,1560,4.5,35550,36380,1399-10-21
248,رمپنا,گروه مپنا (سهامي عام),1814,12074439,211987049460,16780,17000,17610,830,4.95,17560,780,4.65,17000,17610,1399-10-21
249,كگاز,شيشه‌ و گاز,1805,4622144,99309272320,21700,22600,21190,-510,-2.35,21490,-210,-0.97,20800,22600,1399-10-21
250,سفار,سيمان‌فارس‌,1802,873785,147530422510,161540,169500,169610,8070,5.0,168840,7300,4.52,163000,169610,1399-10-21
251,اميد,تامين سرمايه اميد,1799,8737620,91097604470,10320,10530,10300,-20,-0.19,10430,110,1.07,10050,10830,1399-10-21
252,فايرا,آلومينيوم‌ايران‌,1795,4080199,98071426240,23990,24620,23830,-160,-0.67,24040,50,0.21,23150,24900,1399-10-21
253,سيستم,همكاران سيستم,1791,13034020,511300662650,36190,38370,40280,4090,11.3,39230,3040,8.4,36460,40280,1399-10-21
254,فرابورس,فرابورس ايران,1791,4725262,240946811925,48569,50997,50997,2428,5.0,50991,2422,4.99,50000,50997,1399-10-21
255,كاذرح,ح . فرآورده‌هاي‌نسوزآذر,1776,5243740,151867454450,26670,26700,29340,2670,10.01,28960,2290,8.59,26670,29340,1399-10-21
256,سيلام,سيمان‌ ايلام‌,1773,9997970,96397814700,9300,9150,9510,210,2.26,9640,340,3.66,9150,9760,1399-10-21
257,رتاپ,تجارت الكترونيك  پارسيان,1768,8511252,65202088640,7540,7870,7740,200,2.65,7660,120,1.59,7480,7870,1399-10-21
258,دكوثر,داروسازي‌ كوثر,1766,5399429,149012241770,26620,27110,27950,1330,5.0,27600,980,3.68,26010,27950,1399-10-21
259,شغدير,پتروشيمي غدير,1730,1971657,130739737115,65050,67000,66408,1358,2.09,66310,1260,1.94,65050,68180,1399-10-21
260,اپرداز,آتيه داده پرداز,1726,3328412,90197839012,27194,26600,26800,-394,-1.45,27099,-95,-0.35,26500,28000,1399-10-21
261,آريان,سرمايه گذاري پارس آريان,1725,12677505,201054018990,15529,15994,15789,260,1.67,15859,330,2.13,15529,15994,1399-10-21
262,تاصيكو,سرمايه گذاري صدرتامين,1720,20035438,192735950690,9210,9470,9670,460,4.99,9620,410,4.45,9390,9670,1399-10-21
263,امين يكم,صندوق درآمد ثابت امين يكم فردا,1700,54699005,559031624673,10215,10210,10224,9,0.09,10220,5,0.05,10209,10226,1399-10-21
264,دتوليد,داروسازي توليد دارو,1698,4031582,139051072150,32878,34521,34521,1643,5.0,34490,1612,4.9,33900,34521,1399-10-21
265,جهرم,پتروشيمي جهرم,1697,26910511,64813094798,2478,2404,2420,-58,-2.34,2408,-70,-2.82,2404,2450,1399-10-21
266,سشرق,سيمان‌ شرق‌,1696,10932997,73991768870,6490,6310,6810,320,4.93,6770,280,4.31,6310,6810,1399-10-21
267,تايرا,تراكتورسازي‌ايران‌,1672,6673813,236976425760,36220,34510,34410,-1810,-5.0,35510,-710,-1.96,34410,36800,1399-10-21
268,ورازي,بيمه رازي,1660,9558489,104929803986,11481,10907,10907,-574,-5.0,10978,-503,-4.38,10907,11480,1399-10-21
269,ثشاهد,سرمايه‌ گذاري‌ شاهد,1656,7708943,174684648380,21590,22660,22660,1070,4.96,22660,1070,4.96,22660,22660,1399-10-21
270,لابسا,آبسال‌,1651,2591951,161519534870,59800,62740,62790,2990,5.0,62320,2520,4.21,59750,62790,1399-10-21
271,وگستر,گسترش سرمايه گذاري ايرانيان,1648,4608707,104375427456,23372,22300,22301,-1071,-4.58,22647,-725,-3.1,22204,24000,1399-10-21
272,پكرمان,گروه‌ صنعتي‌ بارز,1644,5609281,181952801470,30960,32500,32500,1540,4.97,32440,1480,4.78,31750,32500,1399-10-21
273,ثجوان,تامين مسكن جوانان,1639,9002800,135828123024,15726,14950,14940,-786,-5.0,15087,-639,-4.06,14940,16000,1399-10-21
274,وصنا,گروه‌صنايع‌بهشهرايران‌,1636,8973550,68365261720,7430,7220,7800,370,4.98,7620,190,2.56,7220,7800,1399-10-21
275,وبوعلي,سرمايه‌گذاري‌بوعلي‌,1623,9684399,60785292680,6210,6210,6300,90,1.45,6280,70,1.13,6080,6420,1399-10-21
276,پكوير,كوير تاير,1610,3638630,74284346460,20030,20790,20320,290,1.45,20420,390,1.95,20030,20790,1399-10-21
277,قرن,پديده شيمي قرن,1594,4647613,315411077540,65210,64900,68470,3260,5.0,67870,2660,4.08,64900,68470,1399-10-21
278,شسپا,نفت سپاهان,1594,4282348,117226033860,26660,27700,27500,840,3.15,27370,710,2.66,26500,27890,1399-10-21
279,فولاژ,فولاد آلياژي ايران,1555,5303661,110979580610,20870,20800,20500,-370,-1.77,20930,60,0.29,20200,21770,1399-10-21
280,فباهنر,مس‌ شهيدباهنر,1554,1244011,66226563530,52290,51840,53470,1180,2.26,53240,950,1.82,51840,54000,1399-10-21
281,كگهر,سنگ آهن گهرزمين,1533,2383982,116811061278,48652,47010,48600,-52,-0.11,48998,346,0.71,47010,51035,1399-10-21
282,تپولا,مهندسي مرآت پولاد,1517,2164916,79670149876,37766,37999,36870,-896,-2.37,36801,-965,-2.56,36634,38840,1399-10-21
283,غديس,پاكديس,1516,4503519,59543653187,12758,12758,13095,337,2.64,13222,464,3.64,12758,13395,1399-10-21
284,زشريف,كشت وصنعت شريف آباد,1508,3012762,89685782592,30929,29448,29383,-1546,-5.0,29769,-1160,-3.75,29383,31000,1399-10-21
285,سدور,سيمان‌ دورود,1498,11867253,170861949350,13740,14190,14420,680,4.95,14400,660,4.8,14080,14420,1399-10-21
286,واعتبار,سرمايه گذاري اعتبار ايران,1498,9272908,70690346970,7900,8070,7540,-360,-4.56,7620,-280,-3.54,7510,8200,1399-10-21
287,بورس,بورس اوراق بهادار تهران,1494,2681238,151696510650,53960,55880,56650,2690,4.99,56580,2620,4.86,55000,56650,1399-10-21
288,ولراز,ليزينگ رازي,1490,1365261,78096135460,58128,59800,56385,-1743,-3.0,57202,-926,-1.59,56385,59800,1399-10-21
289,مدير,ص.س.مديريت ثروت ص.بازنشستگي-س,1473,7769642,75970715770,9450,9690,9899,449,4.75,9778,328,3.47,9600,9989,1399-10-21
290,وپسا,س. پتروشيمي ساختمان  خليج فارس,1464,19183932,74495908823,3830,3944,3840,10,0.26,3883,53,1.38,3733,3944,1399-10-21
291,شاوان,پالايش نفت لاوان,1445,2452291,246217105821,96121,97490,100927,4806,5.0,100403,4282,4.45,96630,100927,1399-10-21
292,كمينا,شيشه سازي مينا,1426,3073117,113816198944,38287,39200,36373,-1914,-5.0,37036,-1251,-3.27,36373,39200,1399-10-21
293,ميدكو,هلدينگ صنايع  معدني خاورميانه,1422,7972869,243758998597,30437,30100,30621,184,0.6,30574,137,0.45,29920,30900,1399-10-21
294,اعتلا,شركت سرمايه گذاري اعتلاء البرز,1406,7112697,68024433227,9601,9130,9395,-206,-2.15,9564,-37,-0.39,9130,10080,1399-10-21
295,وپترو,سرمايه‌گذاري صنايع پتروشيمي‌,1399,6231109,115911363810,17740,18570,18620,880,4.96,18600,860,4.85,18000,18620,1399-10-21
296,ركيش,كارت اعتباري ايران كيش,1395,6646914,173134957170,24830,25950,26070,1240,4.99,26050,1220,4.91,25780,26070,1399-10-21
297,ثنور,سرمايه گذاري كوه نور,1392,13703371,200818278720,14236,14663,14663,427,3.0,14655,419,2.94,14236,14663,1399-10-21
298,كفرآور,فرآورده هاي سيمان شرق,1384,6154307,149936297695,25100,24347,24347,-753,-3.0,24363,-737,-2.94,24347,24858,1399-10-21
299,خكار,ايركا پارت صنعت,1383,3707633,105606833520,27280,28300,28640,1360,4.99,28480,1200,4.4,27280,28640,1399-10-21
300,ارزش,صندوق س ارزش آفرين بيدار-سهام,1383,8307118,85814911360,10040,10190,10350,310,3.09,10330,290,2.89,10130,10450,1399-10-21
301,پارسان,گسترش نفت و گاز پارسيان,1380,6669425,136660426620,20300,20700,20400,100,0.49,20490,190,0.94,19880,21180,1399-10-21
302,بهپاك,صنعتي بهپاك,1374,2416801,118994455841,47574,49110,49952,2378,5.0,49236,1662,3.49,47594,49952,1399-10-21
303,حكشتي,كشتيراني جمهوري اسلامي ايران,1362,5725782,121272062760,20180,21180,21180,1000,4.96,21120,940,4.66,21180,21180,1399-10-21
304,كهمداح,ح . شيشه‌ همدان‌,1358,7587360,74708305230,10060,10050,9690,-370,-3.68,9850,-210,-2.09,9660,10400,1399-10-21
305,زپارس,ملي كشت و صنعت و دامپروري پارس,1353,1922796,248536388770,123500,129660,129670,6170,5.0,129260,5760,4.66,123500,129670,1399-10-21
306,زكشت,كشاورزي مكانيزه اصفهان كشت,1352,2579060,93498406498,36157,35700,35440,-717,-1.98,36253,96,0.27,34500,37900,1399-10-21
307,گوهران,سرمايه گذاري توسعه گوهران اميد,1351,6655806,55382853134,8093,8009,8497,404,4.99,8321,228,2.82,8009,8497,1399-10-21
308,پاكشو,گروه صنعتي پاكشو,1347,1567223,132440112810,84130,84130,85720,1590,1.89,84510,380,0.45,84050,85800,1399-10-21
309,شپاكسا,پاكسان‌,1337,1949754,68833473880,35450,35450,34860,-590,-1.66,35300,-150,-0.42,34680,36440,1399-10-21
310,سپاها,سيمان‌سپاهان‌,1331,9287723,80492003740,8270,8490,8680,410,4.96,8670,400,4.84,8480,8680,1399-10-21
311,پرديس,سرمايه گذاري پرديس,1320,7119596,49238971070,6790,7040,7010,220,3.24,6910,120,1.77,6790,7070,1399-10-21
312,خاذين,سايپاآذين‌,1313,18977695,110797448670,5570,5840,5840,270,4.85,5840,270,4.85,5730,5840,1399-10-21
313,شگل,گلتاش‌,1307,4050283,115505033040,28260,28210,28390,130,0.46,28520,260,0.92,27550,29200,1399-10-21
314,چافست,افست‌,1306,3479835,70696269170,21180,21170,20130,-1050,-4.96,20320,-860,-4.06,20130,21170,1399-10-21
315,سيدكو,سرمايه گذاري توسعه صنايع سيمان,1299,6106228,40380241330,6580,6400,6700,120,1.82,6610,30,0.46,6330,6800,1399-10-21
316,فرآور,فرآوري‌موادمعدني‌ايران‌,1297,3203189,109005059850,32500,33500,34120,1620,4.98,34030,1530,4.71,32240,34120,1399-10-21
317,هجرت,پخش هجرت,1271,1620477,56073143762,35598,33830,33819,-1779,-5.0,34603,-995,-2.8,33819,37000,1399-10-21
318,بساما,بيمه سامان,1270,3214106,89671525962,27532,27384,28908,1376,5.0,27899,367,1.33,26200,28908,1399-10-21
319,غمينوح,ح . شركت صنايع غذايي مينو شرق,1260,5590502,63407314299,10972,11000,11520,548,4.99,11342,370,3.37,11000,11520,1399-10-21
320,كالا,بورس كالاي ايران,1259,2186862,109692997920,47780,50160,50160,2380,4.98,50160,2380,4.98,50160,50160,1399-10-21
321,تسه9909,امتياز تسهيلات مسكن آذر99,1256,23384,14140227396,599203,615000,570000,-29203,-4.87,604697,5494,0.92,570000,615000,1399-10-21
322,همراه,شركت ارتباطات سيار ايران,1254,2519282,73547629610,28980,29050,29170,190,0.66,29140,160,0.55,28800,29990,1399-10-21
323,لسرما,سرما آفرين‌,1253,2731404,79074872350,28320,28900,29730,1410,4.98,28950,630,2.22,26910,29730,1399-10-21
324,شوينده,مديريت صنعت شوينده ت.ص.بهشهر,1250,1701380,67784774760,39320,39000,40890,1570,3.99,39840,520,1.32,38810,40900,1399-10-21
325,پارند,صندوق س. پارند پايدار سپهر,1242,55017294,618110093624,11230,11230,11232,2,0.02,11235,5,0.04,11230,11238,1399-10-21
326,شپديس,پتروشيمي پرديس,1239,1290745,125358211110,96600,97000,96700,100,0.1,97120,520,0.54,96000,99600,1399-10-21
327,وآرين,شركت توسعه اقتصادي آرين,1237,9660255,52388586313,5329,5470,5440,111,2.08,5423,94,1.76,5290,5488,1399-10-21
328,ارفع,شركت آهن و فولاد ارفع,1233,13415700,181654904787,12899,13543,13543,644,4.99,13540,641,4.97,13310,13543,1399-10-21
329,ختراكح,ح . ريخته‌گري‌ تراكتورسازي‌,1230,4621560,57203042740,13370,12620,12030,-1340,-10.02,12380,-990,-7.4,12030,13300,1399-10-21
330,فاما,صنعتي‌ آما,1217,3466280,81700650030,22460,23540,23580,1120,4.99,23570,1110,4.94,22600,23580,1399-10-21
331,كلر,كلر پارس,1217,382226,45841510858,114222,119933,119933,5711,5.0,118971,4749,4.16,119933,119933,1399-10-21
332,كي بي سي,شركت كي بي سي,1206,2329846,83708285074,35423,34000,37194,1771,5.0,35929,506,1.43,33652,37194,1399-10-21
333,ثباغ,شهر سازي و خانه سازي باغميشه,1199,2602934,57433637190,21955,21550,21900,-55,-0.25,22065,110,0.5,21520,22590,1399-10-21
334,كطبس,ذغال‌سنگ‌ نگين‌ ط‌بس‌,1193,1358510,103055528130,76970,74300,74000,-2970,-3.86,75860,-1110,-1.44,73500,78510,1399-10-21
335,قچار,فراوردههاي غذايي وقند چهارمحال,1193,1888720,134101787494,70343,69261,70950,607,0.86,71001,658,0.94,69261,72000,1399-10-21
336,تنوين,تامين سرمايه نوين,1192,9557903,57186340380,5900,5800,5940,40,0.68,5980,80,1.36,5730,6140,1399-10-21
337,اعتماد,صندوق س.اعتماد آفرين پارسيان-د,1175,22669710,776777317930,34248,34263,34272,24,0.07,34265,17,0.05,34263,34273,1399-10-21
338,تكنار,مجتمع معادن مس تكنار,1175,1231634,193944046056,159881,155085,164677,4796,3.0,157469,-2412,-1.51,155085,164677,1399-10-21
339,واتي,سرمايه‌ گذاري‌ آتيه‌ دماوند,1165,5926322,75098164730,12170,12080,12770,600,4.93,12670,500,4.11,11800,12770,1399-10-21
340,سمازن,سيمان‌مازندران‌,1151,10924762,115385753530,10120,10110,10620,500,4.94,10560,440,4.35,10110,10620,1399-10-21
341,قشهد,شهد,1151,1373330,50958667030,36060,37850,37860,1800,4.99,37070,1010,2.8,34700,37860,1399-10-21
342,وپست,پست بانك ايران,1139,8933609,196092717550,20910,21950,21950,1040,4.97,21950,1040,4.97,21950,21950,1399-10-21
343,درهآور,دارويي ره آورد تامين,1135,1206384,51993035933,43103,40980,43400,297,0.69,43098,-5,-0.01,40980,45000,1399-10-21
344,دكپسول,توليد ژلاتين كپسول ايران,1134,938060,43063532113,44791,46800,45800,1009,2.25,45687,896,2.0,44791,47000,1399-10-21
345,طلا,صندوق س.پشتوانه طلاي لوتوس,1131,469101,37493217249,79055,80100,80200,1145,1.45,79926,871,1.1,79100,81000,1399-10-21
346,تاصيكوح,ح . سرمايه گذاري صدرتامين,1128,64427477,516974097590,8000,8000,8120,120,1.5,8020,20,0.25,8000,8800,1399-10-21
347,قجام,فرآوردههاي غذايي وقندتربت‌جام‌,1113,6454300,109761807855,16520,17015,17015,495,3.0,17006,486,2.94,16620,17015,1399-10-21
348,تسه9908,امتياز تسهيلات مسكن آبان99,1113,31088,18597523937,595841,600000,569000,-26841,-4.5,598222,2381,0.4,566049,615000,1399-10-21
349,دابور,داروسازي‌ ابوريحان‌,1112,1127752,52617086020,47430,46660,46970,-460,-0.97,46660,-770,-1.62,46120,48300,1399-10-21
350,پارس,پتروشيمي پارس,1103,719793,110987988490,157480,155880,154000,-3480,-2.21,154190,-3290,-2.09,149980,158990,1399-10-21
351,هرمز,فولاد هرمزگان جنوب,1097,14642795,200305300723,13036,13500,13687,651,4.99,13679,643,4.93,13200,13687,1399-10-21
352,دكيمي,كيميدارو,1083,2108786,61881974860,28260,26950,29670,1410,4.99,29340,1080,3.82,26950,29670,1399-10-21
353,بخاور,بيمه زندگي خاورميانه,1076,6779455,54413743667,7798,7980,7885,87,1.12,8026,228,2.92,7856,8187,1399-10-21
354,وثوق,سرمايه گذاري وثوق امين,1054,6062682,112504047184,18065,18606,18606,541,2.99,18557,492,2.72,17524,18606,1399-10-21
355,توريل,توکاريل,1046,2536083,86977502568,32663,34296,34296,1633,5.0,34296,1633,5.0,34296,34296,1399-10-21
356,وتوسم,سرمايه‌گذاري‌توسعه‌ملي‌,1040,5219590,61533391860,11700,11500,11550,-150,-1.28,11790,90,0.77,11460,12280,1399-10-21
357,وسكاب,س.ص.بازنشستگي كاركنان بانكها,1033,11829266,74735238010,6050,6120,6350,300,4.96,6320,270,4.46,6120,6350,1399-10-21
358,غمينو,شركت صنايع غذايي مينو شرق,1023,3193880,53315438840,15899,16693,16693,794,4.99,16671,772,4.86,16693,16693,1399-10-21
359,مداران,داده‌پردازي‌ايران‌,1022,1776698,48631316600,26940,27690,26700,-240,-0.89,27340,400,1.48,26130,28280,1399-10-21
360,وكار,بانك‌ كارآفرين‌,1019,66089061,245190416310,3540,3710,3710,170,4.8,3710,170,4.8,3710,3710,1399-10-21
361,ولملت,واسپاري ملت,1015,9024687,88387054400,9340,9800,9800,460,4.93,9790,450,4.82,9410,9800,1399-10-21
362,شفن,پتروشيمي فناوران,1014,362954,108179739420,302750,302750,296700,-6050,-2.0,298050,-4700,-1.55,291000,310100,1399-10-21
363,آرمان,بيمه آرمان,1010,8610975,76596220187,9075,8803,8803,-272,-3.0,8895,-180,-1.98,8803,9320,1399-10-21
364,خموتور,موتورسازان‌تراكتورسازي‌ايران‌,1006,9139127,230613693100,24320,25530,25000,680,2.8,25230,910,3.74,23700,25530,1399-10-21
365,حپترو,حمل و نقل پتروشيمي( سهامي عام,1002,2455922,96647270250,40550,41500,38530,-2020,-4.98,39350,-1200,-2.96,38530,42000,1399-10-21
366,لوتوس,تامين سرمايه لوتوس پارسيان,1000,2782210,33759330050,12150,12700,12390,240,1.98,12140,-10,-0.08,11620,12700,1399-10-21
367,غبشهر,صنعتي‌ بهشهر,998,2348394,63447667970,26390,26250,26900,510,1.93,27020,630,2.39,25880,27690,1399-10-21
368,وكبهمن,مديريت سرمايه گذاري كوثربهمن,989,1101515,23313564975,22278,21165,21165,-1113,-5.0,21726,-552,-2.48,21165,21165,1399-10-21
369,حخزر,كشتيراني درياي خزر,976,2034153,59801097962,30105,30000,28602,-1503,-4.99,29399,-706,-2.35,28600,31310,1399-10-21
370,شصفها,پتروشيمي‌ اصفهان‌,974,1375061,195928007159,142793,139938,145594,2801,1.96,142487,-306,-0.21,139938,145648,1399-10-21
371,ضخود2007,اختيارخ خودرو-3000-1400/02/08,973,35516,17874647000,419,500,494,75,17.9,503,84,20.05,451,559,1399-10-21
372,شفا,سرمايه گذاري شفادارو,973,952860,52227298680,56580,54110,54350,-2230,-3.94,54810,-1770,-3.13,53760,58500,1399-10-21
373,دعبيد,لابراتوارداروسازي‌  دكترعبيدي‌,972,1143795,32877110320,29220,27950,28620,-600,-2.05,28920,-300,-1.03,27950,29870,1399-10-21
374,حريل,ريل پردازسير,969,9442312,67843011720,6843,7185,7185,342,5.0,7185,342,5.0,7185,7185,1399-10-21
375,چكاوهح,ح . صنايع‌كاغذسازي‌كاوه‌,966,4130224,50687853520,12420,12120,12240,-180,-1.45,12270,-150,-1.21,12000,12970,1399-10-21
376,پاسا,ايران‌ياساتايرورابر,966,4528545,127070972700,26730,28060,28060,1330,4.98,28060,1330,4.98,28060,28060,1399-10-21
377,شراز,پالايش نفت شيراز,963,532555,58466029760,109906,114240,107080,-2826,-2.57,109784,-122,-0.11,104850,114240,1399-10-21
378,تيپيكو,سرمايه گذاري دارويي تامين,951,1094671,57395492960,52790,51050,53000,210,0.4,52560,-230,-0.44,50700,53590,1399-10-21
379,فسا,پتروشيمي فسا,943,13914544,30919814026,2285,2217,2217,-68,-2.98,2222,-63,-2.76,2217,2278,1399-10-21
380,فجر,فولاد اميركبيركاشان,931,1919448,117426950720,59520,62000,62090,2570,4.32,61180,1660,2.79,59940,62380,1399-10-21
381,غمهرا,توليدي‌مهرام‌,925,657650,54220858640,86110,81810,81810,-4300,-4.99,82450,-3660,-4.25,81810,86110,1399-10-21
382,غپونه,نوش پونه مشهد,922,3487718,76591193942,21891,21235,22547,656,3.0,21960,69,0.32,21235,22547,1399-10-21
383,ما,بيمه  ما,921,5660407,48916874160,8340,8550,8750,410,4.92,8630,290,3.48,8350,8750,1399-10-21
384,دقاضي,داروسازي شهيد قاضي,918,1123269,59465392252,54032,55630,53880,-152,-0.28,52940,-1092,-2.02,52412,55630,1399-10-21
385,ثالوند,سرمايه گذاري مسكن الوند,913,4901734,100923845525,19648,20550,20630,982,5.0,20589,941,4.79,20140,20630,1399-10-21
386,كفرا,فراورده‌ هاي‌ نسوزايران‌,912,1104279,70745400060,61120,64170,64170,3050,4.99,64060,2940,4.81,62110,64170,1399-10-21
387,ثاژن,سخت آژند,908,9170223,90840161823,9951,10150,9752,-199,-2.0,9906,-45,-0.45,9752,10150,1399-10-21
388,كرماشا,صنايع پتروشيمي كرمانشاه,907,1508115,60463973720,40710,39700,40290,-420,-1.03,40090,-620,-1.52,39700,41400,1399-10-21
389,سبجنو,سيمان‌ بجنورد,904,1451763,59184698120,38850,40790,40790,1940,4.99,40770,1920,4.94,40190,40790,1399-10-21
390,شنفت,نفت‌ پارس‌,897,4956150,314414946680,60420,63440,63440,3020,5.0,63440,3020,5.0,62710,63440,1399-10-21
391,سباقر,سيمان باقران,895,3174190,55403795772,16959,17467,17467,508,3.0,17454,495,2.92,16959,17467,1399-10-21
392,حفارس,حمل و نقل بين المللي خليج فارس,894,13220625,64120031250,4620,4850,4850,230,4.98,4850,230,4.98,4850,4850,1399-10-21
393,غشوكو,شوكو پارس,888,1246230,53052901635,42460,41188,43733,1273,3.0,42571,111,0.26,41187,43733,1399-10-21
394,فسازان,غلتك سازان سپاهان,887,3592881,132227643390,35110,36100,36860,1750,4.98,36800,1690,4.81,34020,36860,1399-10-21
395,فبيرا,بسته‌ بندي‌ ايران‌,879,13334210,52051826736,3791,3904,3904,113,2.98,3904,113,2.98,3865,3904,1399-10-21
396,شاراك,پتروشيمي شازند,873,3062599,70213385730,22920,22920,22940,20,0.09,22930,10,0.04,22600,23580,1399-10-21
397,پخش,پخش البرز,865,2097800,78909452716,38225,37210,37200,-1025,-2.68,37615,-610,-1.6,36760,39470,1399-10-21
398,حتوكا,حمل‌ونقل‌توكا,864,2335338,105879823300,43230,45390,45100,1870,4.33,45340,2110,4.88,44080,45390,1399-10-21
399,كرمان,س. توسعه و عمران استان كرمان,847,1344685,114050802960,80778,84816,84816,4038,5.0,84816,4038,5.0,84816,84816,1399-10-21
400,قشرين,قند شيرين خراسان,846,5417429,98969096371,17739,18270,18271,532,3.0,18269,530,2.99,18120,18271,1399-10-21
401,قزوين,كارخانجات‌ قند قزوين‌,844,1131692,44186729710,38900,39220,39450,550,1.41,39030,130,0.33,37100,40000,1399-10-21
402,دسبحان,سبحان دارو,844,2467055,58829876920,24440,23280,23490,-950,-3.89,23850,-590,-2.41,23270,24600,1399-10-21
403,ثزاگرس,سرمايه گذاري توسعه عمران زاگرس,841,845541,43940188601,50451,49500,51384,933,1.85,51967,1516,3.0,49400,52973,1399-10-21
404,وبشهر,توسعه‌ صنايع‌ بهشهر(هلدينگ,839,5266795,81248533930,14770,14300,15500,730,4.94,15430,660,4.47,14300,15500,1399-10-21
405,سهرمز,سيمان‌هرمزگان‌,834,3240024,78369092650,23330,23810,24490,1160,4.97,24190,860,3.69,23000,24490,1399-10-21
406,زبينا,كشاورزي و دامپروري بينالود,829,4752257,250990453455,50300,52815,52815,2515,5.0,52815,2515,5.0,52815,52815,1399-10-21
407,اتكام,شركت بيمه اتكايي امين,817,5868675,38830450829,6517,6734,6650,133,2.04,6593,76,1.17,6450,6740,1399-10-21
408,واميد,گروه مديريت سرمايه گذاري اميد,812,3265906,132437192440,40160,40950,40200,40,0.1,40550,390,0.97,39070,42000,1399-10-21
409,شلعاب,لعابيران‌,811,3641291,51706118250,13550,14220,14220,670,4.94,14180,630,4.65,13840,14220,1399-10-21
410,سپ,پرداخت الكترونيك سامان كيش,809,1698651,33020925320,18810,18120,19750,940,5.0,19230,420,2.23,18120,19750,1399-10-21
411,كيان,صندوق س. با درآمد ثابت كيان,808,16123458,430166329742,26664,26677,26683,19,0.07,26680,16,0.06,26677,26684,1399-10-21
412,شتوكا,توكا رنگ فولاد سپاهان,799,1573918,113342556934,68584,72013,72013,3429,5.0,72013,3429,5.0,72013,72013,1399-10-21
413,قاسم,قاسم ايران,798,27594761,460528966329,15895,16689,16689,794,5.0,16689,794,5.0,16689,16689,1399-10-21
414,شبصير,توليدات پتروشيمي قائد بصير,794,481623,54694400251,111381,110369,113441,2060,1.85,113563,2182,1.96,109317,116900,1399-10-21
415,شيران,س. صنايع‌شيميايي‌ايران,784,2927667,112680469450,37270,38070,38830,1560,4.19,38490,1220,3.27,37400,39100,1399-10-21
416,سنير,سيمان‌ سفيد ني‌ريز,778,302538,45456334500,143100,150250,150250,7150,5.0,149020,5920,4.14,150250,150250,1399-10-21
417,اتكاي,بيمه اتكايي ايرانيان,776,2640067,40153605107,15398,14630,15180,-218,-1.42,15237,-161,-1.05,14630,15859,1399-10-21
418,شخارك,پتروشيمي‌ خارك‌,774,1208804,55547710880,46220,46200,46360,140,0.3,46070,-150,-0.32,45000,47500,1399-10-21
419,وصندوق,سرمايه‌گذاري‌صندوق‌بازنشستگي‌,770,4911858,69886191690,14280,14100,14250,-30,-0.21,14250,-30,-0.21,14000,14740,1399-10-21
420,دپارس,پارس‌ دارو,768,397310,39055188390,102360,101740,98010,-4350,-4.25,99050,-3310,-3.23,97250,105000,1399-10-21
421,سخوز,سيمان خوزستان,765,5297034,121704903550,21960,21040,23050,1090,4.96,22980,1020,4.64,21040,23050,1399-10-21
422,دلر,داروسازي‌ اكسير,765,764871,33050066630,44650,43500,42420,-2230,-4.99,43640,-1010,-2.26,42420,45990,1399-10-21
423,بالاس,مهندسي ساختمان تاسيسات راه آهن,764,943341,55127692295,55668,58451,58451,2783,5.0,58439,2771,4.98,57886,58451,1399-10-21
424,جم پيلن,پلي پروپيلن جم - جم پيلن,755,1038844,83948128720,81280,80500,81490,210,0.26,80810,-470,-0.58,80110,83370,1399-10-21
425,دالبر,البرزدارو,755,1373611,30084773280,21760,21240,22440,680,3.13,21850,90,0.41,21180,22500,1399-10-21
426,پسهند,صنايع‌ لاستيكي‌  سهند,754,1052626,46732324520,42300,44410,44410,2110,4.99,44160,1860,4.4,44000,44410,1399-10-21
427,نمرينو,ايران‌ مرينوس‌,752,618300,32097486820,52130,50050,51210,-920,-1.76,51990,-140,-0.27,49800,54590,1399-10-21
428,وتوكا,سرمايه‌گذاري‌توكافولاد(هلدينگ,749,5366941,75147446070,13350,13710,14010,660,4.94,14000,650,4.87,13700,14010,1399-10-21
429,ولصنم,ليزينگ‌صنعت‌ومعدن‌,748,6097027,70604579920,11040,11590,11590,550,4.98,11580,540,4.89,11300,11590,1399-10-21
430,وحافظ,بيمه حافظ,745,934434,74329403830,81838,79420,79383,-2455,-3.0,79545,-2293,-2.8,79383,81827,1399-10-21
431,كپرور,فرآوري زغال سنگ پروده طبس,745,1545981,72859739318,45284,44620,47548,2264,5.0,47128,1844,4.07,44620,47548,1399-10-21
432,سرود,سيمان‌شاهرود,739,1772327,31441842330,17760,18140,17900,140,0.79,17750,-10,-0.06,17150,18140,1399-10-21
433,زماهان,مجتمع توليد گوشت مرغ ماهان,726,1294699,40571506842,32904,31300,31259,-1645,-5.0,31502,-1402,-4.26,31259,32817,1399-10-21
434,كتوكاح,ح.توليدي وخدمات صنايع نسوزتوكا,724,1582533,41577036582,26317,26900,26051,-266,-1.01,26272,-45,-0.17,26000,27000,1399-10-21
435,دلرح,ح . داروسازي‌ اكسير,724,933588,36113519720,39520,38350,37610,-1910,-4.83,38680,-840,-2.13,36710,41500,1399-10-21
436,سمايه,بانك سرمايه,715,4794011,37760237196,8044,8200,7803,-241,-3.0,7877,-167,-2.08,7803,8200,1399-10-21
437,سهگمت,سيمان‌هگمتان‌,712,2411080,59599616410,25340,25440,25300,-40,-0.16,24720,-620,-2.45,24090,25760,1399-10-21
438,دتماد,توليدمواداوليه‌داروپخش‌,710,776883,44828477520,55810,55000,57410,1600,2.87,57490,1680,3.01,54500,58600,1399-10-21
439,بفجر,فجر انرژي خليج فارس,709,1215878,34371590170,28760,28600,28500,-260,-0.9,28530,-230,-0.8,28010,29000,1399-10-21
440,ساينا,صنايع بهداشتي ساينا,703,1146668,230905317068,198718,202800,201000,2282,1.15,201371,2653,1.34,190000,202800,1399-10-21
441,ياقوت,صندوق س ياقوت آگاه-ثابت,698,17788015,208921910846,11735,11759,11740,5,0.04,11745,10,0.09,11739,11759,1399-10-21
442,نطرين,عطرين نخ قم,697,3337372,42931953408,12252,12864,12864,612,5.0,12729,477,3.89,12864,12864,1399-10-21
443,وثنو,سرمايه گذاري ساختماني نوين,696,3164547,65590355194,19742,20540,20729,987,5.0,20727,985,4.99,20540,20729,1399-10-21
444,ساراب,سيمان‌ داراب‌,694,3107823,40098340560,12910,12770,12890,-20,-0.15,12900,-10,-0.08,12270,13420,1399-10-21
445,رتكو,كنترل‌خوردگي‌تكين‌كو,693,2629490,56812838200,20590,21590,21610,1020,4.95,21610,1020,4.95,21500,21610,1399-10-21
446,دجابر,داروسازي‌ جابرابن‌حيان‌,689,1271821,28211873230,21930,22390,22080,150,0.68,22070,140,0.64,21520,23020,1399-10-21
447,وهنر,گروه توسعه هنر ايران,689,8564274,48977020755,5558,5724,5724,166,2.99,5719,161,2.9,5610,5724,1399-10-21
448,مبين,مبين انرژي خليج فارس,683,3485889,54040900190,15810,15510,15460,-350,-2.21,15670,-140,-0.89,15300,15850,1399-10-21
449,داسوه,داروسازي‌ اسوه‌,675,1520269,55753447700,35020,36700,36770,1750,5.0,36670,1650,4.71,35770,36770,1399-10-21
450,غفارس,شير پاستوريزه پگاه فارس,674,5855122,75769242924,12325,12941,12941,616,5.0,12941,616,5.0,12819,12941,1399-10-21
451,پارسيان,بيمه پارسيان,673,4522143,57991752220,12770,12690,12740,-30,-0.23,12820,50,0.39,12670,13300,1399-10-21
452,لخزر,پارس‌ خزر,672,248348,45211319720,188950,187100,180000,-8950,-4.74,182330,-6620,-3.5,179510,189000,1399-10-21
453,سبهان,سيمان‌ بهبهان‌,667,502633,50328642290,95370,100130,100130,4760,4.99,99720,4350,4.56,100130,100130,1399-10-21
454,ولبهمن,شركت بهمن ليزينگ,645,7491806,70228189444,8928,9374,9374,446,5.0,9374,446,5.0,9374,9374,1399-10-21
455,كاردان,صندوق س تجارت شاخصي كاردان,643,407600,65475105380,156490,159850,161250,4760,3.04,160640,4150,2.65,157550,163600,1399-10-21
456,دسبحا,گروه دارويي سبحان,638,1715636,35066891200,21000,19950,19950,-1050,-5.0,20590,-410,-1.95,19950,21500,1399-10-21
457,شپاس,نفت پاسارگاد,636,1763654,40781707862,22057,23130,23159,1102,5.0,22908,851,3.86,22740,23159,1399-10-21
458,سمتاز,سيمان ممتازان كرمان,634,1120155,35375969553,30968,31727,31780,812,2.62,31581,613,1.98,30900,31897,1399-10-21
459,ساروم,سيمان‌اروميه‌,633,1167217,31072125530,26490,26060,26440,-50,-0.19,26570,80,0.3,26060,27300,1399-10-21
460,غشصفا,شيرپاستوريزه‌پگاه‌اصفهان‌,631,3685660,114997102930,29820,29850,31310,1490,5.0,31200,1380,4.63,29790,31310,1399-10-21
461,آوا,صندوق س.سهام آواي معيار-س,624,2913131,22275105749,7387,7600,7794,407,5.51,7646,259,3.51,7555,7878,1399-10-21
462,ساربيل,سيمان آرتا اردبيل,619,845768,41738650800,47000,49350,49350,2350,5.0,48780,1780,3.79,49350,49350,1399-10-21
463,ختراك,ريخته‌گري‌ تراكتورسازي‌ ايران‌,617,3528332,60332421720,17950,17070,17060,-890,-4.96,17100,-850,-4.74,17060,17800,1399-10-21
464,تشتاد,صنايع توليدي اشتاد ايران‌,617,3009223,49564852827,15992,16471,16471,479,3.0,16471,479,3.0,16469,16471,1399-10-21
465,وملت,سرمايه گذاري ملت,600,8170946,32828301363,3967,4046,4046,79,1.99,4018,51,1.29,3910,4046,1399-10-21
466,كخاك,صنايع‌خاك‌چيني‌ايران‌,597,835149,45250359970,51950,50850,54540,2590,4.99,53980,2030,3.91,50850,54540,1399-10-21
467,قمرو,قند مرودشت‌,591,739687,21602546890,29350,27910,29160,-190,-0.65,29290,-60,-0.2,27910,30810,1399-10-21
468,لبوتان,گروه‌صنعتي‌بوتان‌,590,769253,65154729100,80670,84700,84700,4030,5.0,84700,4030,5.0,84600,84700,1399-10-21
469,سغرب,سيمان‌غرب‌,589,3425707,94241199570,26200,27510,27510,1310,5.0,27510,1310,5.0,27510,27510,1399-10-21
470,اطلس,صندوق س.توسعه اندوخته آينده-س,583,172826,36671513817,210262,211000,212979,2717,1.29,212187,1925,0.92,210160,215990,1399-10-21
471,كويرح,ح. توليدي فولاد سپيد فراب كوير,581,3993022,72081748290,17430,19170,18000,570,3.27,18050,620,3.56,18000,19170,1399-10-21
472,كشرق,صنعتي و معدني شمال شرق شاهرود,581,627449,68048474162,103292,108456,108456,5164,5.0,108453,5161,5.0,106670,108456,1399-10-21
473,شجم,صنايع پتروشيمي تخت جمشيد,575,3702079,47919637340,12339,12955,12955,616,4.99,12944,605,4.9,12570,12955,1399-10-21
474,زر,صندوق س.پشتوانه سكه طلاي زر,574,448306,20980054837,46685,47090,46975,290,0.62,46799,114,0.24,46601,47550,1399-10-21
475,دارو,كارخانجات‌داروپخش‌,571,566942,16505327860,29360,28060,29790,430,1.46,29280,-80,-0.27,28060,29980,1399-10-21
476,وسرمد,بيمه  سرمد,570,4976333,42378789294,8725,8467,8464,-261,-2.99,8516,-209,-2.4,8464,8700,1399-10-21
477,گشان,توسعه بين المللي پديده شانديز,563,1389542,77090400618,56611,55479,55479,-1132,-2.0,55479,-1132,-2.0,55479,55479,1399-10-21
478,داروح,ح . كارخانجات‌داروپخش,539,844612,21790994670,25410,25010,26220,810,3.19,25800,390,1.53,24010,26690,1399-10-21
479,رنيك,جنرال مكانيك,526,2111302,50588907222,22820,23961,23961,1141,5.0,23946,1126,4.93,23961,23961,1399-10-21
480,قپيرا,فرآورده‌هاي‌غدايي‌وقندپيرانشهر,526,200325,24185312570,126940,122500,120600,-6340,-4.99,123930,-3010,-2.37,120600,126940,1399-10-21
481,درازك,دارويي‌ رازك‌,519,836955,39633713030,47950,47000,48000,50,0.1,47460,-490,-1.02,46000,48990,1399-10-21
482,كنور,توسعه معدني و صنعتي صبانور,515,1128883,50763642520,44330,43700,45150,820,1.85,44940,610,1.38,43700,45790,1399-10-21
483,قلرست,قند لرستان‌,514,2232667,76580478100,32670,34300,34300,1630,4.99,34300,1630,4.99,34300,34300,1399-10-21
484,وبهمن,سرمايه‌گذاري‌بهمن‌,495,4718551,117726573920,23770,24950,24950,1180,4.96,24950,1180,4.96,24850,24950,1399-10-21
485,خكرمان,گروه اقتصادي كرمان خودرو,495,7433268,46324126176,6051,6232,6232,181,2.99,6232,181,2.99,6232,6232,1399-10-21
486,فسرب,ملي‌ سرب‌وروي‌ ايران‌,489,308576,36438148030,112740,115100,118370,5630,4.99,116650,3910,3.47,114000,118370,1399-10-21
487,امين يكم2,صندوق درآمد ثابت امين يكم فردا,485,48500000,48500000,10215,1,1,-10214,-99.99,1,-10214,-99.99,1,1,1399-10-21
488,ددام,داروسازي زاگرس فارمد پارس,484,4010913,65637807560,15600,16370,16380,780,5.0,16360,760,4.87,15000,16380,1399-10-21
489,هجرتح,ح . پخش هجرت,483,410192,12005334319,29418,29128,28870,-548,-1.86,29268,-150,-0.51,28220,30300,1399-10-21
490,خرينگ,رينگ‌سازي‌مشهد,478,1473315,100170686850,64760,67990,67990,3230,4.99,67990,3230,4.99,67990,67990,1399-10-21
491,حسير,ريل سير كوثر,476,2231852,43802327352,18692,19626,19626,934,5.0,19436,744,3.98,19626,19626,1399-10-21
492,خكمك,كمك‌فنرايندامين‌,469,1035000,48779550000,44890,47130,47130,2240,4.99,46960,2070,4.61,47130,47130,1399-10-21
493,كاسپين,داروسازي كاسپين تامين,462,759824,22210121215,29803,29099,28901,-902,-3.03,29538,-265,-0.89,28316,30120,1399-10-21
494,حتايد,تايدواترخاورميانه,454,3728194,114791093260,29330,30790,30790,1460,4.98,30790,1460,4.98,30790,30790,1399-10-21
495,سنوين,سرمايه گذاري اقتصاد نوين,440,2200991,20710910688,9226,9410,9410,184,1.99,9410,184,1.99,9380,9410,1399-10-21
496,ولشرق,ليزينگ ايران و شرق,437,6751299,66932378286,9442,9914,9914,472,5.0,9914,472,5.0,9914,9914,1399-10-21
497,خشرق,الكتريك‌ خودرو شرق‌,434,2029642,51268756920,24060,25260,25260,1200,4.99,25180,1120,4.66,25260,25260,1399-10-21
498,كاريس,صندوق س.سپهر كاريزما-س,430,5620632,66477251956,11587,11670,12000,413,3.56,11827,240,2.07,11602,12000,1399-10-21
499,وسنا,سرمايه گذاري نيروگاهي ايران,423,1976638,44557289706,21488,22562,22562,1074,5.0,22542,1054,4.91,22132,22562,1399-10-21
500,ضجار1014,اختيارخ وتجارت-3000-1399/10/21,422,21504,55603000,11,10,1,-10,-90.91,3,-8,-72.73,1,15,1399-10-21
501,گدنا,تهيه توزيع غذاي دنا آفرين فدك,419,1209974,46965140810,40857,38815,38815,-2042,-5.0,38815,-2042,-5.0,38815,38815,1399-10-21
502,وسين,بيمه سينا,416,2020729,44068440068,20780,21790,21819,1039,5.0,21808,1028,4.95,21520,21819,1399-10-21
503,آساس,صندوق س.آسمان آرماني سهام-س,414,227711,39093519020,164241,174570,172000,7759,4.72,171680,7439,4.53,166510,174570,1399-10-21
504,تسه9907,امتياز تسهيلات مسكن مهر99,414,7988,4816307778,595464,600000,584000,-11464,-1.93,602943,7479,1.26,581222,620000,1399-10-21
505,عيار,صندوق س. پشتوانه طلاي مفيد,410,696606,19647087322,27865,28400,28161,296,1.06,28204,339,1.22,28000,28400,1399-10-21
506,لازما,كارخانه هاي صنعتي آزمايش,392,702839,20677523380,28844,29420,29420,576,2.0,29420,576,2.0,29420,29420,1399-10-21
507,بايكا,كارخانجات كابلسازي ‌ايران‌,390,686966,38097073462,53842,55457,55457,1615,3.0,55457,1615,3.0,55457,55457,1399-10-21
508,سدشت,صنايع سيمان دشتستان,386,531210,20523429470,38330,39480,38600,270,0.7,38450,120,0.31,37030,39480,1399-10-21
509,شپلي,پلي اكريل ايران,382,1962916,24086942236,11914,12271,12271,357,3.0,12271,357,3.0,12271,12271,1399-10-21
510,فنفت,صنايع تجهيزات نفت,380,2276356,55066144399,23487,24191,24191,704,3.0,24190,703,2.99,24000,24191,1399-10-21
511,ضخود2006,اختيارخ خودرو-2500-1400/02/08,368,15572,10774659000,673,849,699,26,3.86,692,19,2.82,650,990,1399-10-21
512,خريخت,صنايع‌ريخته‌گري‌ايران‌,363,6334533,28695434490,4320,4530,4530,210,4.86,4430,110,2.55,4530,4530,1399-10-21
513,فيروزه,صندوق شاخص30 شركت فيروزه- سهام,362,176562,28507671790,154570,156020,163900,9330,6.04,161460,6890,4.46,156020,165000,1399-10-21
514,شساخت,مهندسي و ساختمان صنايع نفت,355,2340338,100011968954,41507,42752,42752,1245,3.0,42734,1227,2.96,40280,42752,1399-10-21
515,پلوله,گازلوله‌,355,1141675,22210188673,19399,19592,19206,-193,-0.99,19454,55,0.28,19206,19592,1399-10-21
516,شدوص,دوده‌ صنعتي‌ پارس‌,355,935764,31198371760,31760,33340,33340,1580,4.97,32650,890,2.8,33340,33340,1399-10-21
517,وحكمت,بيمه حكمت صبا,354,3036352,17556187264,5614,5782,5782,168,2.99,5753,139,2.48,5782,5782,1399-10-21
518,مارون,پتروشيمي مارون,353,510090,76935885054,148954,143060,151000,2046,1.37,150378,1424,0.96,143060,155000,1399-10-21
519,شاملا,معدني‌ املاح‌  ايران‌,349,295804,18532320030,63980,61000,63200,-780,-1.22,63470,-510,-0.8,61000,64780,1399-10-21
520,خاتم,صندوق س خاتم ايساتيس پويا-ثابت,346,10232526,106077265232,10000,10350,10367,367,3.67,10367,367,3.67,10350,10399,1399-10-21
521,حآسا,آسيا سير ارس,346,1335787,70533560961,55582,52803,52803,-2779,-5.0,52803,-2779,-5.0,52803,52803,1399-10-21
522,آكورد,صندوق س. آرمان آتي كوثر-د,345,7988734,241235117792,30180,30200,30207,27,0.09,30197,17,0.06,30195,30207,1399-10-21
523,سكه0012پ01,سكه تمام بهارتحويلي 1روزه رفاه,342,108300,120465172800,1144917,1115000,1117777,-27140,-2.37,1112328,-32589,-2.85,1102310,1125000,1399-10-21
524,غشاذر,پگاه‌آذربايجان‌غربي‌,342,1790072,49065873520,26110,27410,27410,1300,4.98,27270,1160,4.44,27410,27410,1399-10-21
525,ماديرا,صنايع ماشين هاي اداري ايران,338,7062195,95339632500,12032,13500,13500,1468,12.2,13500,1468,12.2,13500,13500,1399-10-21
526,سكرد,سيمان كردستان,329,3090549,27073209240,8350,8760,8760,410,4.91,8560,210,2.51,8760,8760,1399-10-21
527,شيراز,پتروشيمي‌شيراز,324,353359,19157032890,54900,55010,53990,-910,-1.66,54770,-130,-0.24,53010,56000,1399-10-21
528,آ س پ,آ.س.پ,323,1969356,28908176724,13980,14679,14679,699,5.0,14355,375,2.68,14679,14679,1399-10-21
529,ثامان,سامان‌ گستراصفهان‌,317,1505817,35733037410,22600,23730,23730,1130,5.0,23330,730,3.23,23730,23730,1399-10-21
530,غصينو,صنعتي مينو,308,1640528,140950884704,81827,85918,85918,4091,5.0,85918,4091,5.0,85918,85918,1399-10-21
531,دسينا,داروسازي‌ سينا,303,834368,26741215320,30530,32050,32050,1520,4.98,31280,750,2.46,31640,32050,1399-10-21
532,خكاوه,سايپا ديزل,297,4478549,25863620475,5607,5775,5775,168,3.0,5775,168,3.0,5775,5775,1399-10-21
533,مفاخر,توسعه فناوري اطلاعات خوارزمي,286,503966,25255248158,47727,50113,50113,2386,5.0,48826,1099,2.3,50113,50113,1399-10-21
534,پلاسك,پلاسكوكار,278,3446072,30325433600,8390,8800,8800,410,4.89,8620,230,2.74,8800,8800,1399-10-21
535,وثخوز,سرمايه گذاري و توسعه خوزستان,275,475017,37081505198,74764,77000,78502,3738,5.0,78064,3300,4.41,77000,78502,1399-10-21
536,افق ملت,صندوق س در سهام افق ملت,268,82276,11235838610,133140,134020,138400,5260,3.95,136560,3420,2.57,134020,139000,1399-10-21
537,سكه0011پ02,سكه تمام بهارتحويلي 1روزه ملت,264,67300,74665732600,1144917,1119889,1118000,-26917,-2.35,1109446,-35471,-3.1,1100011,1119896,1399-10-21
538,غدام,خوراك‌  دام‌ پارس‌,261,80072,45919690560,546180,573480,573480,27300,5.0,568950,22770,4.17,573480,573480,1399-10-21
539,شكبير,پتروشيمي اميركبير,260,424852,35783989137,84454,82500,83840,-614,-0.73,84372,-82,-0.1,82500,85550,1399-10-21
540,وتوشه,سرمايه‌ گذاري‌ پارس‌ توشه‌,255,3530531,93488460880,25220,26480,26480,1260,5.0,26480,1260,5.0,26480,26480,1399-10-21
541,سفانو,سيمان فارس نو,254,1069490,35663818350,31880,32780,33470,1590,4.99,32910,1030,3.23,32130,33470,1399-10-21
542,وپخش,داروپخش‌ (هلدينگ‌,251,64086,7616676320,119410,114000,117600,-1810,-1.52,119320,-90,-0.08,114000,122230,1399-10-21
543,زعف0008پ10,زعفران0008نگين طلاي سرخ(پ),245,169079,20559038365,123979,121200,125000,1021,0.82,121594,-2385,-1.92,117002,126000,1399-10-21
544,آتيمس,صندوق س.آرمان آتيه درخشان مس-س,244,59370,12293053626,202645,205000,208000,5355,2.64,207058,4413,2.18,203004,209775,1399-10-21
545,تسه9902,امتياز تسهيلات مسكن ارديبهشت99,243,2701,1620036158,588357,566668,617774,29417,5.0,599791,11434,1.94,560111,617774,1399-10-21
546,سصفها,سيمان‌اصفهان‌,243,190034,79259380720,397220,417080,417080,19860,5.0,417080,19860,5.0,417080,417080,1399-10-21
547,ثنام,س ساختماني ب نام آوران مهندسي,243,502421,9655526778,19812,19218,19218,-594,-3.0,19510,-302,-1.52,19218,19218,1399-10-21
548,سخواف,سيمان مجد خواف,241,731227,15475688228,20548,21164,21164,616,3.0,20989,441,2.15,21164,21164,1399-10-21
549,ضسپا1102,اختيارخ خساپا-2000-1399/11/26,240,7728,3102782000,357,483,390,33,9.24,401,44,12.32,384,483,1399-10-21
550,تسه9712,امتياز تسهيلات مسكن اسفند97,239,3267,1955592430,578573,580000,585011,6438,1.11,598590,20017,3.46,550042,607501,1399-10-21
551,بسويچ,پارس‌سويچ‌,238,363397,20953471020,54920,57660,57660,2740,4.99,55970,1050,1.91,57660,57660,1399-10-21
552,خفولا,خدمات فني فولاد يزد,233,689787,44189134794,66043,64062,64062,-1981,-3.0,64062,-1981,-3.0,64062,64062,1399-10-21
553,دقاضيح,ح . داروسازي شهيد قاضي,229,233139,10449391038,45990,47054,45700,-290,-0.63,44820,-1170,-2.54,44611,47054,1399-10-21
554,تسه9904,امتياز تسهيلات مسكن تير99,227,2340,1402935179,587828,565550,577000,-10828,-1.84,599545,11717,1.99,565550,613989,1399-10-21
555,فجام,جام‌دارو,226,1047512,11302654480,10280,10790,10790,510,4.96,10390,110,1.07,10790,10790,1399-10-21
556,بميلا,توسعه بازرگاني آهن وفولادميلاد,226,1986991,54163387669,25961,27259,27259,1298,5.0,27259,1298,5.0,27259,27259,1399-10-21
557,ولانا,شركت ليزينگ آريا دانا,223,1037120,30674898240,28716,29577,29577,861,3.0,29577,861,3.0,29577,29577,1399-10-21
558,زنگان,صنعت روي زنگان,223,278254,31692017584,108473,113896,113896,5423,5.0,111667,3194,2.94,113896,113896,1399-10-21
559,دفرا,فرآورده‌هاي‌ تزريقي‌ ايران‌,222,1442796,41841084000,27620,29000,29000,1380,5.0,28680,1060,3.84,29000,29000,1399-10-21
560,شفارا,پتروشيمي فارابي,215,2402375,12420278750,5020,5170,5170,150,2.99,5109,89,1.77,5170,5170,1399-10-21
561,تسه9711,امتياز تسهيلات مسكن بهمن 97,215,3702,2169271253,564097,551000,580000,15903,2.82,585973,21876,3.88,550000,592301,1399-10-21
562,تسه9905,امتياز تسهيلات مسكن مرداد99,215,2331,1402254603,586197,562300,570000,-16197,-2.76,601568,15371,2.62,562300,615506,1399-10-21
563,تسه9906,امتياز تسهيلات مسكن شهريور99,214,1934,1163975645,589349,590222,599500,10151,1.72,601849,12500,2.12,577568,618816,1399-10-21
564,تسه9810,امتياز تسهيلات مسكن دي98,213,3611,2159507879,584938,614184,609999,25061,4.28,598036,13098,2.24,560015,614184,1399-10-21
565,فالوم,آلومتك‌,212,991796,40745955068,39887,41083,41083,1196,3.0,41083,1196,3.0,41083,41083,1399-10-21
566,غدشت,دشت‌ مرغاب‌,209,150715,41402525780,261640,274720,274720,13080,5.0,272330,10690,4.09,270000,274720,1399-10-21
567,خفناور,مهندسي صنعتي روان فن آور,208,561185,19185231595,33192,34187,34187,995,3.0,34092,900,2.71,34187,34187,1399-10-21
568,ثاباد,توريستي ورفاهي آبادگران ايران,206,441120,23322014400,50360,52870,52870,2510,4.98,51440,1080,2.14,52870,52870,1399-10-21
569,ضخود2008,اختيارخ خودرو-3500-1400/02/08,201,6876,2207165000,302,400,320,18,5.96,321,19,6.29,296,420,1399-10-21
570,لپيام,گسترش صنايع پيام,198,493834,21286220736,41849,43104,43104,1255,3.0,43104,1255,3.0,43104,43104,1399-10-21
571,تسه9903,امتياز تسهيلات مسكن خرداد99,188,1764,1058560692,585052,557700,599000,13948,2.38,600091,15039,2.57,557700,614304,1399-10-21
572,نيرو,نيرو سرمايه,188,477797,28541203795,57996,59735,59735,1739,3.0,59735,1739,3.0,59735,59735,1399-10-21
573,كمرجان,بازرگاني و توليدي مرجان كار,188,241408,26010987776,102617,107747,107747,5130,5.0,105159,2542,2.48,107747,107747,1399-10-21
574,سايرا,ايرانيت‌,186,527427,20618883378,38328,39094,39094,766,2.0,39093,765,2.0,38450,39094,1399-10-21
575,تصميم,صندوق س با درآمد ثابت تصميم,184,3444656,52944187454,15366,15369,15374,8,0.05,15370,4,0.03,15369,15374,1399-10-21
576,وتعاون,بيمه  تعاون,178,3167097,28123821360,8622,8880,8880,258,2.99,8880,258,2.99,8880,8880,1399-10-21
577,ثنظام,س. ساختماني نظام مهندسي ايران,163,515580,27390187500,51578,53125,53125,1547,3.0,53125,1547,3.0,53125,53125,1399-10-21
578,حاريا,كشتيراني آريا,158,344901,11575567362,32585,33562,33562,977,3.0,33138,553,1.7,33562,33562,1399-10-21
579,دارا,صندوق س. دارا الگوريتم-د,157,3608141,36370340234,10076,10087,10080,4,0.04,10080,4,0.04,10064,10088,1399-10-21
580,چكاوه,صنايع‌كاغذسازي‌كاوه‌,155,384365,4781500600,11850,12440,12440,590,4.98,11900,50,0.42,12440,12440,1399-10-21
581,داوه,داروسازي آوه سينا,153,386448,8891395584,21913,23008,23008,1095,5.0,22097,184,0.84,23008,23008,1399-10-21
582,آساميد,صندوق س.مشترك آسمان اميد -د,149,4108410,46681635338,11361,11362,11362,1,0.01,11362,1,0.01,11362,11369,1399-10-21
583,ضخود2009,اختيارخ خودرو-4000-1400/02/08,144,3821,876364000,229,301,250,21,9.17,229,0,0.0,200,320,1399-10-21
584,كقزوي,شيشه‌ قزوين‌,144,1596309,18332012556,11150,11484,11484,334,3.0,11439,289,2.59,11484,11484,1399-10-21
585,كپشير,پشم‌شيشه‌ايران‌,141,517698,15090896700,27770,29150,29150,1380,4.97,28150,380,1.37,29150,29150,1399-10-21
586,ومشان,س. فني و مهندسي مشانير,141,232832,17777654528,74131,76354,76354,2223,3.0,75959,1828,2.47,76354,76354,1399-10-21
587,تسه9801,امتياز تسهيلات مسكن فروردين98,139,799,482351437,594504,580130,600000,5496,0.92,603694,9190,1.55,580130,620000,1399-10-21
588,خلنت,لنت‌ ترمزايران‌,139,300624,38010898560,120420,126440,126440,6020,5.0,124570,4150,3.45,126440,126440,1399-10-21
589,شستان,پتروشيمي گلستان,138,653105,2562130915,3847,3923,3923,76,1.98,3866,19,0.49,3923,3923,1399-10-21
590,تسه9802,امتياز تسهيلات مسكن ارديبهشت98,138,1633,982833301,594701,591100,609959,15258,2.57,601857,7156,1.2,568000,620000,1399-10-21
591,سقاين,سيمان‌ قائن‌,132,322746,18522392940,54660,57390,57390,2730,4.99,55580,920,1.68,57390,57390,1399-10-21
592,فيروزا,صندوق بادرآمد ثابت فيروزه آسيا,131,2902067,63281337085,21858,21870,21811,-47,-0.22,21806,-52,-0.24,21800,21870,1399-10-21
593,سپاس,صندوق س. پاداش سهامداري توسعه1,131,2230502,22373728396,10026,10038,10029,3,0.03,10031,5,0.05,10029,10038,1399-10-21
594,ساروج,بين المللي ساروج بوشهر,131,689289,15912015011,22473,23147,23147,674,3.0,22958,485,2.16,21941,23147,1399-10-21
595,نتوس,پشم‌ بافي‌ توس,128,733100,12765470300,16584,17413,17413,829,5.0,17077,493,2.97,17413,17413,1399-10-21
596,ارمغان,ص سرمايه گذاري ارمغان ايرانيان,127,2177294,21851637962,10031,10036,10037,6,0.06,10036,5,0.05,10032,10050,1399-10-21
597,گوهر,صندوق سكه طلاي كيان,124,41057,2262739921,54639,55599,55470,831,1.52,55112,473,0.87,53924,55700,1399-10-21
598,صايند,صندوق س. گنجينه آينده روشن-د,121,2010530,20018862970,9964,9979,9956,-8,-0.08,9957,-7,-0.07,9950,9980,1399-10-21
599,واحصا,احياء صنايع خراسان,121,449397,21531958461,45632,47913,47913,2281,5.0,47913,2281,5.0,47913,47913,1399-10-21
600,گكيش,توريستي ورفاهي آبادگران كيش,120,379331,27532981973,70469,72583,72583,2114,3.0,72583,2114,3.0,72583,72583,1399-10-21
601,زعف0008پ16,زعفران0008نگين بيرجند(پ),118,60773,7382531511,122439,121001,123000,561,0.46,121477,-962,-0.79,120500,123000,1399-10-21
602,سكه0112پ03,سكه تمام بهارتحويلي1روزه سامان,117,30200,33577776100,1144917,1106017,1115500,-29417,-2.57,1111847,-33070,-2.89,1106017,1127000,1399-10-21
603,تسه9901,امتياز تسهيلات مسكن فروردين99,116,1090,659712257,587305,563700,600000,12695,2.16,605241,17936,3.05,563700,616670,1399-10-21
604,تسه9803,امتياز تسهيلات مسكن خرداد98,114,1084,648677050,582270,591001,555014,-27256,-4.68,598411,16141,2.77,554011,610000,1399-10-21
605,سكه9912پ04,سكه تمام بهارتحويل1روزه صادرات,113,24300,26989167600,1144917,1110000,1114000,-30917,-2.7,1110665,-34252,-2.99,1106000,1116895,1399-10-21
606,دروز,داروسازي‌ روزدارو,113,545721,10777989750,18810,19750,19750,940,5.0,19000,190,1.01,19750,19750,1399-10-21
607,فاهواز,نورد و لوله اهواز,112,407629,6734438709,16858,16521,16521,-337,-2.0,16797,-61,-0.36,16521,16521,1399-10-21
608,داراب,پتروشيمي داراب,109,1273883,3182159734,2575,2498,2498,-77,-2.99,2562,-13,-0.5,2498,2498,1399-10-21
609,زعف0008پ11,زعفران0008نگين سحرخيز(پ),105,71341,8809306422,122551,125590,124100,1549,1.26,123482,931,0.76,118000,125590,1399-10-21
610,تسه9812,امتياز تسهيلات مسكن اسفند98,102,795,477410163,582977,562010,605000,22023,3.78,600516,17539,3.01,562010,609000,1399-10-21
611,فن آوا,گروه فن آوا,101,1770756,24358519536,13356,13756,13756,400,2.99,13756,400,2.99,13756,13756,1399-10-21
612,ضپاس2002,اختيارخ وپارس-3000-1400/02/29,101,6925,5141983000,615,731,730,115,18.7,743,128,20.81,730,800,1399-10-21
613,ضشنا2001,اختيارخ شپنا-10000-1400/02/27,100,1160,3518712000,2818,3200,3100,282,10.01,3033,215,7.63,2900,3400,1399-10-21
614,ضخود2005,اختيارخ خودرو-2000-1400/02/08,99,3583,3796739000,1010,1140,1060,50,4.95,1060,50,4.95,1021,1140,1399-10-21
615,سفارود,كارخانه فارسيت درود,97,402527,6113982603,14892,15189,15189,297,1.99,15063,171,1.15,15189,15189,1399-10-21
616,ثاصفا,شركت‌ ساختمان‌ اصفهان‌,96,145733,4354647773,30805,29881,29881,-924,-3.0,30596,-209,-0.68,29881,29881,1399-10-21
617,اخزا901,اسنادخزانه-م1بودجه99-010621,94,62074,45564293967,737863,735000,734500,-3363,-0.46,734032,-3831,-0.52,732000,737001,1399-10-21
618,ضپاس1002,اختيارخ وپارس-3000-1399/10/30,93,1628,514248000,392,370,300,-92,-23.47,316,-76,-19.39,300,400,1399-10-21
619,وزمين,بانك ايران زمين,93,1858568,25687268328,13550,13821,13821,271,2.0,13821,271,2.0,13821,13821,1399-10-21
620,كتوكا,توليدي و خدمات صنايع نسوز توكا,93,355814,10193715286,27285,28649,28649,1364,5.0,27548,263,0.96,28649,28649,1399-10-21
621,ثعتما,س. ساختماني اعتماد گستر,92,139462,8155179912,56773,58476,58476,1703,3.0,57418,645,1.14,58476,58476,1399-10-21
622,فلات,گروه صنايع معادن فلات ايرانيان,90,479422,7669313734,15532,15997,15997,465,2.99,15700,168,1.08,15997,15997,1399-10-21
623,تسه9811,امتياز تسهيلات مسكن بهمن98,87,479,286269752,589944,590500,591000,1056,0.18,597640,7696,1.3,560450,610000,1399-10-21
624,سكارون,سيمان كارون,86,89357,22175994761,240945,248173,248173,7228,3.0,248173,7228,3.0,248173,248173,1399-10-21
625,ضصاد1102,اختيارخ وبصادر-3500-1399/11/12,83,2973,145700000,50,52,61,11,22.0,49,-1,-2.0,35,85,1399-10-21
626,وجامي,سرمايه گذاري جامي,81,448942,6037820958,12809,13449,13449,640,5.0,12992,183,1.43,13449,13449,1399-10-21
627,الماس,صندوق س.امين تدبيرگران فردا-س,80,30933,3928176003,127013,124100,127074,61,0.05,126990,-23,-0.02,124100,132900,1399-10-21
628,بالبر,كابل‌ البرز,79,250534,10311979440,39200,41160,41160,1960,5.0,39580,380,0.97,41160,41160,1399-10-21
629,خپويش,سازه‌ پويش‌,78,160417,7809099560,46370,48680,48680,2310,4.98,46710,340,0.73,48680,48680,1399-10-21
630,گپارس,امور رفاهي كارگزاران پارس,77,21777,3867704085,172433,177605,177605,5172,3.0,173361,928,0.54,177605,177605,1399-10-21
631,تسه9809,امتياز تسهيلات مسكن آذر98,77,835,498296580,583399,560002,610000,26601,4.56,596762,13363,2.29,560002,610000,1399-10-21
632,اخزا902,اسنادخزانه-م2بودجه99-011019,71,128185,87870717419,690659,689000,687000,-3659,-0.53,685499,-5160,-0.75,682500,689000,1399-10-21
633,سپر,صندوق س سپر سرمايه بيدار- ثابت,70,573181,6394243445,11146,11160,11160,14,0.13,11156,10,0.09,11147,11160,1399-10-21
634,اخزا815,اسنادخزانه-م15بودجه98-010406,67,55579,42551562395,770285,770670,769000,-1285,-0.17,765605,-4680,-0.61,757246,770670,1399-10-21
635,ضپاس1003,اختيارخ وپارس-3500-1399/10/30,66,2058,278071000,93,100,120,27,29.03,135,42,45.16,80,240,1399-10-21
636,افقح,ح .فروشگاه زنجيره اي افق كوروش,66,1850000,149880877900,81000,83000,81000,0,0.0,81020,20,0.02,81000,83000,1399-10-21
637,سلار,شركت سيمان لارستان,66,561274,36705074504,63492,65396,65396,1904,3.0,65396,1904,3.0,65396,65396,1399-10-21
638,اخزا903,اسنادخزانه-م3بودجه99-011110,65,91510,62244040455,682443,679200,680000,-2443,-0.36,680188,-2255,-0.33,679200,682990,1399-10-21
639,كهرام,توليدي گرانيت بهسرام,63,24835,2191986770,90991,88262,88262,-2729,-3.0,90681,-310,-0.34,88262,88262,1399-10-21
640,وايرا,سرمايه گذاري صنايع ايران,62,712093,9018657845,13056,12665,12665,-391,-2.99,12876,-180,-1.38,12665,12665,1399-10-21
641,وآتوس,س.آرين توسكا قيمت اسمي 350ريال,61,67351,3262684493,49941,48443,48443,-1498,-3.0,49685,-256,-0.51,48443,48443,1399-10-21
642,زعف0008پ05,زعفران0008نگين زرين(پ),60,31488,3872930678,122439,121000,124000,1561,1.27,122997,558,0.46,120500,124000,1399-10-21
643,زفكا,كشت و دامداري فكا,58,399997,4604365467,10963,11511,11511,548,5.0,11011,48,0.44,11511,11511,1399-10-21
644,تسه9806,امتياز تسهيلات مسكن شهريور98,54,813,483583064,589548,567001,581083,-8465,-1.44,594813,5265,0.89,567001,610000,1399-10-21
645,تسه9808,امتياز تسهيلات مسكن آبان98,54,457,272647107,591226,575010,600004,8778,1.48,596602,5376,0.91,575010,620700,1399-10-21
646,ضفلا1156,اختيارخ فولاد-16000-1399/11/28,54,1400,314280000,147,200,250,103,70.07,224,77,52.38,180,275,1399-10-21
647,ضصاد1101,اختيارخ وبصادر-3000-1399/11/12,54,1356,233806000,137,150,155,18,13.14,172,35,25.55,132,220,1399-10-21
648,ضصاد1100,اختيارخ وبصادر-2500-1399/11/12,53,1254,526835000,360,490,380,20,5.56,420,60,16.67,352,590,1399-10-21
649,ضفلا1157,اختيارخ فولاد-18000-1399/11/28,53,1449,242319000,137,280,130,-7,-5.11,167,30,21.9,123,280,1399-10-21
650,ضسپا1103,اختيارخ خساپا-2500-1399/11/26,52,1180,215633000,162,170,198,36,22.22,183,21,12.96,163,200,1399-10-21
651,ضسپا1104,اختيارخ خساپا-3000-1399/11/26,51,1039,95485000,61,90,119,58,95.08,92,31,50.82,48,119,1399-10-21
652,پلاست,كارخانجات توليدي پلاستيران,50,57582,3311771148,55839,57514,57514,1675,3.0,56105,266,0.48,57514,57514,1399-10-21
653,شرنگي,شيميايي رنگين,50,133282,18674007738,133438,140109,140109,6671,5.0,139338,5900,4.42,140109,140109,1399-10-21
654,افران,صندوق س افرا نماد پايدار-ثابت,50,725478,9014111622,12426,12425,12423,-3,-0.02,12425,-1,-0.01,12423,12443,1399-10-21
655,معيار,سرمايه گذاري معيار صنعت پارس,49,54305,2107848575,38054,38815,38815,761,2.0,38208,154,0.4,38815,38815,1399-10-21
656,وساشرقي,شركت س استان آذربايجان شرقي,48,648236,615824200,990,950,950,-40,-4.04,990,0,0.0,950,950,1399-10-21
657,تسه9807,امتياز تسهيلات مسكن مهر98,48,343,206474485,591214,562100,580000,-11214,-1.9,601966,10752,1.82,562099,620774,1399-10-21
658,دشيري,شيرين دارو,47,14312,2923211688,198300,204249,204249,5949,3.0,199137,837,0.42,204249,204249,1399-10-21
659,اخزا808,اسنادخزانه-م8بودجه98-000817,46,26620,22956447522,863095,861001,863001,-94,-0.01,862376,-719,-0.08,861000,865990,1399-10-21
660,اخزا811,اسنادخزانه-م11بودجه98-001013,43,118658,99771552816,841477,838010,838208,-3269,-0.39,840833,-644,-0.08,838010,843800,1399-10-21
661,صنوين,صندوق سرمايه‌گذاري صنوين-مختلط,42,11946,1204840740,101220,103000,101000,-220,-0.22,100860,-360,-0.36,100510,103000,1399-10-21
662,اوصتا,صندوق انديشه ورزان صباتامين -د,42,634529,11155158161,17579,17580,17589,10,0.06,17580,1,0.01,17580,17589,1399-10-21
663,بذر,صندوق س بذر اميد آفرين-سهام,42,17295,1835366100,102550,102810,105520,2970,2.9,106120,3570,3.48,102810,107390,1399-10-21
664,تسه9805,امتياز تسهيلات مسكن مرداد98,42,316,188403439,607258,576896,579000,-28258,-4.65,596213,-11045,-1.82,576896,620000,1399-10-21
665,ضپاس1001,اختيارخ وپارس-2500-1399/10/30,42,453,337093000,859,830,710,-149,-17.35,744,-115,-13.39,560,830,1399-10-21
666,آسام,صندوق س.آرمان سپهر آشنا-م,41,11620,1272575910,109347,108010,110600,1253,1.15,109516,169,0.15,108007,111000,1399-10-21
667,اخزا814,اسنادخزانه-م14بودجه98-010318,40,75458,58604886447,777139,776001,779990,2851,0.37,776656,-483,-0.06,775000,779990,1399-10-21
668,دمعيار,صندوق س. توازن معيار-د,40,1399343,14139099980,10099,10105,10105,6,0.06,10104,5,0.05,10103,10110,1399-10-21
669,ضسپا1101,اختيارخ خساپا-1800-1399/11/26,39,1674,889699000,484,530,559,75,15.5,531,47,9.71,510,559,1399-10-21
670,كيان2,صندوق س. با درآمد ثابت كيان,37,3700000,3700000,26664,1,1,-26663,-100.0,1,-26663,-100.0,1,1,1399-10-21
671,اخزا818,اسنادخزانه-م18بودجه98-010614,37,146170,109355855461,746294,741000,749500,3206,0.43,748142,1848,0.25,741000,749500,1399-10-21
672,كشم0001پ01,كشمش سبز0001خليل آباد(پ),37,842,378672705,453475,435000,455000,1525,0.34,449730,-3745,-0.83,430802,476147,1399-10-21
673,عيار2,صندوق س. پشتوانه طلاي مفيد,36,360000,360000,27865,1,1,-27864,-100.0,1,-27864,-100.0,1,1,1399-10-21
674,ضصاد1104,اختيارخ وبصادر-4500-1399/11/12,35,1973,4959000,4,2,4,0,0.0,3,-1,-25.0,1,4,1399-10-21
675,هفارس912,اختيارف ت فارس-14576-99/12/13,35,848658,2564644476,2525,3022,3022,497,19.68,3022,497,19.68,3022,3022,1399-10-21
676,اراد50,مرابحه عام دولت5-ش.خ0302,33,405000,405000000000,1000000,1000000,1000000,0,0.0,1000000,0,0.0,1000000,1000000,1399-10-21
677,ضخود2013,اختيارخ خودرو-7000-1400/02/08,33,1368,113049000,68,80,78,10,14.71,83,15,22.06,77,87,1399-10-21
678,سخند,صندوق س.سپهرخبرگان نفت-د,32,93350,936971610,10036,10031,10042,6,0.06,10037,1,0.01,10031,10049,1399-10-21
679,ثروتم,صندوق س. ثروت آفرين پارسيان-س,32,17770,1558327260,86916,86000,87650,734,0.84,87694,778,0.9,86000,89340,1399-10-21
680,زعف0008پ08,زعفران0008نگين روستا(پ),31,17294,2108245946,121137,120011,123000,1863,1.54,121906,769,0.63,120011,123000,1399-10-21
681,گنجين,صندوق س. گنجينه يكم آويد-د,31,248409,2981737977,11989,12008,12002,13,0.11,12003,14,0.12,11989,12008,1399-10-21
682,هبركت912,اختيارف ت بركت-22100-99/12/17,31,300000,300000,1,1,1,0,0.0,1,0,0.0,1,1,1399-10-21
683,اخزا806,اسنادخزانه-م6بودجه98-000519,30,73422,66198403768,902572,898001,901000,-1572,-0.17,901615,-957,-0.11,898001,902100,1399-10-21
684,فنرژي,گسترش صنايع انرژي آذرآب,30,242387,3453287589,13968,14247,14247,279,2.0,14062,94,0.67,14247,14247,1399-10-21
685,ضسپا1105,اختيارخ خساپا-3500-1399/11/26,29,1617,45678000,24,70,30,6,25.0,28,4,16.67,26,70,1399-10-21
686,وساغربي,شركت س استان آذربايجان غربي,29,707474,523530760,770,740,740,-30,-3.9,770,0,0.0,740,740,1399-10-21
687,تسه9804,امتياز تسهيلات مسكن تير98,27,207,123840845,587115,590000,558013,-29102,-4.96,598265,11150,1.9,558013,616470,1399-10-21
688,اراد69,مرابحه عام دولت69-ش.خ0310,27,5000000,5000000000000,1000000,1000000,1000000,0,0.0,1000000,0,0.0,1000000,1000000,1399-10-21
689,ضفار1125,اختيارخ فارس-17826-1399/11/07,26,836,8562000,8,69,4,-4,-50.0,5,-3,-37.5,2,69,1399-10-21
690,اخزا909,اسنادخزانه-م9بودجه99-020316,25,49252,31144109221,633040,631000,630300,-2740,-0.43,632342,-698,-0.11,629000,636000,1399-10-21
691,اخزا820,اسنادخزانه-م20بودجه98-020806,25,107040,64112349944,588879,595959,599200,10321,1.75,598957,10078,1.71,595200,599995,1399-10-21
692,اخزا809,اسنادخزانه-م9بودجه98-000923,25,24165,20527419754,849470,849001,846002,-3468,-0.41,849469,-1,0.0,846001,852990,1399-10-21
693,اخزا817,اسنادخزانه-م17بودجه98-010512,25,103086,78043535965,756680,754001,754001,-2679,-0.35,757072,392,0.05,754000,760000,1399-10-21
694,ضپاس1004,اختيارخ وپارس-4000-1399/10/30,24,1270,24378000,16,20,9,-7,-43.75,19,3,18.75,9,50,1399-10-21
695,كيا,كيا الكترود شرق,24,480000,3093600000,6139,6445,6445,306,4.98,6445,306,4.98,6445,6445,1399-10-21
696,زعف0008پ18,زعفران0008نگين بهرامن(پ),24,6518,799085862,122737,122000,123300,563,0.46,122597,-140,-0.11,121150,123487,1399-10-21
697,خاتم2,صندوق س خاتم ايساتيس پويا-ثابت,23,10100000,10100000,10000,1,1,-9999,-99.99,1,-9999,-99.99,1,1,1399-10-21
698,ضجار2003,اختيارخ وتجارت-3000-1400/02/22,22,403,235400000,401,520,570,169,42.14,584,183,45.64,520,750,1399-10-21
699,اخزا812,اسنادخزانه-م12بودجه98-001111,22,57308,47626616883,831000,831401,831001,1,0.0,831064,64,0.01,830000,831425,1399-10-21
700,ضسپا1100,اختيارخ خساپا-1600-1399/11/26,21,657,472200000,631,700,720,89,14.1,719,88,13.95,700,750,1399-10-21
701,ضفلا1155,اختيارخ فولاد-14000-1399/11/28,20,152,97629000,475,500,690,215,45.26,642,167,35.16,500,900,1399-10-21
702,ضملت1128,اختيارخ وبملت-6000-1399/11/28,18,345,59256000,223,390,190,-33,-14.8,172,-51,-22.87,112,390,1399-10-21
703,ضملي1153,اختيارخ فملي-20280-1399/11/05,18,597,1991720,5,1,3,-2,-40.0,2,-3,-60.0,1,3,1399-10-21
704,وسگيلا,شركت س استان گيلان,18,244799,193391210,830,790,790,-40,-4.82,830,0,0.0,790,790,1399-10-21
705,اخزا904,اسنادخزانه-م4بودجه99-011215,17,31485,21064115660,669441,667109,670000,559,0.08,669021,-420,-0.06,667100,670000,1399-10-21
706,لوتوسح,ح . تامين سرمايه لوتوس پارسيان,17,127321,1430538700,11000,11700,11200,200,1.82,11240,240,2.18,11200,11700,1399-10-21
707,ضجار1013,اختيارخ وتجارت-2500-1399/10/21,17,112,39006000,400,590,370,-30,-7.5,348,-52,-13.0,307,590,1399-10-21
708,اخزا905,اسنادخزانه-م5بودجه99-020218,16,94225,60545418600,640432,644999,642500,2068,0.32,642562,2130,0.33,642000,646000,1399-10-21
709,اخزا907,اسنادخزانه-م7بودجه99-020704,15,85595,51339344839,593001,599699,597000,3999,0.67,599794,6793,1.15,597000,599999,1399-10-21
710,ضپاس1005,اختيارخ وپارس-4500-1399/10/30,15,614,1349000,1,3,2,1,100.0,2,1,100.0,2,3,1399-10-21
711,اخزا813,اسنادخزانه-م13بودجه98-010219,15,16544,13038328814,789509,788003,788101,-1408,-0.18,788100,-1409,-0.18,788003,789509,1399-10-21
712,وسصفا,شركت س استان اصفهان,14,293572,299443440,1070,1020,1020,-50,-4.67,1070,0,0.0,1020,1020,1399-10-21
713,ضشنا1035,اختيارخ شپنا-14000-1399/10/23,14,214,214000,1,1,1,0,0.0,1,0,0.0,1,1,1399-10-21
714,اخزا821,اسنادخزانه-م21بودجه98-020906,12,7364,4313845065,582059,582500,586000,3941,0.68,585802,3743,0.64,582500,586500,1399-10-21
715,ضپاس2000,اختيارخ وپارس-2000-1400/02/29,12,67,113494000,1742,1711,1601,-141,-8.09,1694,-48,-2.76,1601,1750,1399-10-21
716,زعف0008پ12,زعفران0008پوشالمعمول سحرخيز(پ),12,2580,206386560,82126,81200,82001,-125,-0.15,79995,-2131,-2.59,79001,82001,1399-10-21
717,اخزا908,اسنادخزانه-م8بودجه99-020606,12,27503,16644000651,605088,604001,606000,912,0.15,605170,82,0.01,604000,606000,1399-10-21
718,اخزا816,اسنادخزانه-م16بودجه98-010503,12,56169,42720133037,760422,758000,760421,-1,0.0,760564,142,0.02,758000,761989,1399-10-21
719,ضملي1148,اختيارخ فملي-10140-1399/11/05,12,76,393768960,2280,3000,2488,208,9.12,2627,347,15.22,2487,3000,1399-10-21
720,ضجار1010,اختيارخ وتجارت-1600-1399/10/21,12,207,256121000,1861,1200,1231,-630,-33.85,1237,-624,-33.53,1200,1300,1399-10-21
721,ضجار2004,اختيارخ وتجارت-3500-1400/02/22,12,842,410880000,492,510,499,7,1.42,488,-4,-0.81,400,510,1399-10-21
722,كرونا2,تامين مالي جمعي صرفا اهداي سود,11,4817,48170000,10000,10000,10000,0,0.0,10000,0,0.0,10000,10000,1399-10-21
723,ضخود2011,اختيارخ خودرو-5000-1400/02/08,11,144,23667000,126,198,218,92,73.02,164,38,30.16,135,218,1399-10-21
724,ضخود2010,اختيارخ خودرو-4500-1400/02/08,11,176,32686000,148,185,186,38,25.68,186,38,25.68,175,213,1399-10-21
725,نگين,ص.س. زمين و ساختمان نگين شهرري,11,2064,99974050,48250,48960,48000,-250,-0.52,48440,190,0.39,47570,48990,1399-10-21
726,اخزا721,اسنادخزانه-م21بودجه97-000728,10,3855,3361757141,875365,876500,872000,-3365,-0.38,872051,-3314,-0.38,868020,876900,1399-10-21
727,ضفلا1153,اختيارخ فولاد-10000-1399/11/28,10,176,457901000,2132,3900,2500,368,17.26,2602,470,22.05,2400,3900,1399-10-21
728,فيروزه2,صندوق شاخص30 شركت فيروزه- سهام,10,100000,100000,154570,1,1,-154569,-100.0,1,-154569,-100.0,1,1,1399-10-21
729,ضجار2000,اختيارخ وتجارت-1800-1400/02/22,10,19,28340000,1576,1600,1490,-86,-5.46,1492,-84,-5.33,1390,1700,1399-10-21
730,ضترا1126,اختيارخ شتران-7000-1399/11/14,9,105,290350000,2369,2750,2400,31,1.31,2765,396,16.72,2400,2800,1399-10-21
731,ضخود2012,اختيارخ خودرو-6000-1400/02/08,9,73,11555000,220,160,155,-65,-29.55,158,-62,-28.18,140,189,1399-10-21
732,داريك,صندوق س.اعتماد داريك-د,9,10547,110277341,10454,10470,10455,1,0.01,10456,2,0.02,10455,10470,1399-10-21
733,ضفار1126,اختيارخ فارس-19826-1399/11/07,9,312,1248000,1,2,2,1,100.0,2,1,100.0,2,2,1399-10-21
734,ضغدر1119,اختيارخ وغدير-10000-1399/11/26,9,103,219362000,1829,2200,2050,221,12.08,2130,301,16.46,2050,2200,1399-10-21
735,كابگن,توليدي و صنعتي آبگينه‌,9,14400,73166400,5031,5081,5081,50,0.99,5032,1,0.02,5081,5081,1399-10-21
736,وسكرد,شركت س استان كردستان,8,94590,70942500,780,750,750,-30,-3.85,780,0,0.0,750,750,1399-10-21
737,ضمخا7070,اختيارخ اخابر-20000-1400/07/28,8,26,77489000,2800,2999,3000,200,7.14,2980,180,6.43,2940,3000,1399-10-21
738,رطب0002پ01,رطب مضافتي0002افشارتعاون بم(پ),8,1663,379834189,217527,228403,228403,10876,5.0,228403,10876,5.0,228403,228403,1399-10-21
739,تملي705,تسهيلات مسكن ب. ملي-مرداد97,8,292,185422044,668428,635007,635007,-33421,-5.0,635007,-33421,-5.0,635007,635007,1399-10-21
740,شستا991,اجاره تامين اجتماعي-امين991226,7,95,95488000,1000692,1000000,1000000,-692,-0.07,1005137,4445,0.44,1000000,1009000,1399-10-21
741,ضملت1129,اختيارخ وبملت-7000-1399/11/28,7,90,6506000,99,40,118,19,19.19,72,-27,-27.27,40,118,1399-10-21
742,صايپا308,صكوك مرابحه سايپا308-3ماهه 18%,7,70000,69300000000,990000,990000,990000,0,0.0,990000,0,0.0,990000,990000,1399-10-21
743,اخزا807,اسنادخزانه-م7بودجه98-000719,7,23839,20857542180,874655,875000,875000,345,0.04,874934,279,0.03,872016,875212,1399-10-21
744,ضپاس2003,اختيارخ وپارس-3500-1400/02/29,7,96,64791000,678,651,680,2,0.29,675,-3,-0.44,650,690,1399-10-21
745,وسيستا,شركت س استان سيستان وبلوچستان,7,59167,44966920,790,760,760,-30,-3.8,790,0,0.0,760,760,1399-10-21
746,اخزا716,اسنادخزانه-م16بودجه97-000407,7,6526,5982411667,922928,918100,918017,-4911,-0.53,916704,-6224,-0.67,910179,919000,1399-10-21
747,ضملت1125,اختيارخ وبملت-4000-1399/11/28,7,146,120108000,811,850,812,1,0.12,823,12,1.48,812,850,1399-10-21
748,سپرمي,پرميت‌,6,86248,738282880,8393,8560,8560,167,1.99,8417,24,0.29,8560,8560,1399-10-21
749,وسزنجان,شركت س استان زنجان,6,66476,89742600,1420,1350,1350,-70,-4.93,1420,0,0.0,1350,1350,1399-10-21
750,ضترا1118,اختيارخ شتران-12000-1399/11/14,6,183,30550000,200,300,250,50,25.0,167,-33,-16.5,100,300,1399-10-21
751,وسرضوي,س.سهام عدالت استان خراسان رضوي,6,37931,37172380,1030,980,980,-50,-4.85,1030,0,0.0,980,980,1399-10-21
752,وسلرستا,شركت س استان لرستان,6,103038,88612680,900,860,860,-40,-4.44,900,0,0.0,860,860,1399-10-21
753,ضملت1124,اختيارخ وبملت-3500-1399/11/28,6,32,33635000,1150,1115,1070,-80,-6.96,1051,-99,-8.61,1000,1115,1399-10-21
754,اخزا810,اسنادخزانه-م10بودجه98-001006,6,6357,5356969892,843973,842002,842023,-1950,-0.23,842688,-1285,-0.15,842002,844200,1399-10-21
755,ضملي1149,اختيارخ فملي-12168-1399/11/05,6,125,219254848,850,1000,850,0,0.0,889,39,4.59,850,1049,1399-10-21
756,ساذري,آذريت‌,5,615,3685695,5819,5993,5993,174,2.99,5819,0,0.0,5993,5993,1399-10-21
757,وسكرمان,س.سهام عدالت استان كرمان,5,30209,29604820,1030,980,980,-50,-4.85,1030,0,0.0,980,980,1399-10-21
758,ضگل1142,اختيارخ كگل-16000-1399/11/21,5,27,81900000,3499,3500,3000,-499,-14.26,3033,-466,-13.32,3000,3500,1399-10-21
759,ضپاس1000,اختيارخ وپارس-2000-1399/10/30,5,71,85069000,1001,1169,1170,169,16.88,1198,197,19.68,1169,1210,1399-10-21
760,ضپيك2009,اختيارخ تاپيكو-10000-00/02/19,5,51,228944000,4474,4455,4440,-34,-0.76,4489,15,0.34,4440,4555,1399-10-21
761,ضشنا2002,اختيارخ شپنا-12000-1400/02/27,5,125,275200000,2255,2600,2200,-55,-2.44,2202,-53,-2.35,2140,2600,1399-10-21
762,اخزا723,اسنادخزانه-م23بودجه97-000824,5,3246,2793035180,861997,859930,861000,-997,-0.12,860454,-1543,-0.18,859930,861000,1399-10-21
763,ضترا1117,اختيارخ شتران-10000-1399/11/14,5,26,39923000,992,1699,511,-481,-48.49,1535,543,54.74,511,1700,1399-10-21
764,شلرد02,كود شيميايي اوره لردگان,5,110,110180600,993000,1011840,993000,0,0.0,1001642,8642,0.87,993000,1011840,1399-10-21
765,اجاد27,اجاره دولت آپرورش-كاردان991118,5,93500,93687000000,1000000,1002000,1002000,2000,0.2,1002000,2000,0.2,1002000,1002000,1399-10-21
766,وسخراج,شركت س استان خراسان جنوبي,5,35244,74364840,2220,2110,2110,-110,-4.95,2220,0,0.0,2110,2110,1399-10-21
767,وساربيل,شركت س استان اردبيل,5,25914,31615080,1280,1220,1220,-60,-4.69,1280,0,0.0,1220,1220,1399-10-21
768,ضملي1152,اختيارخ فملي-18252-1399/11/05,5,38,453560,29,3,6,-23,-79.31,6,-23,-79.31,3,11,1399-10-21
769,وسخوز,شركت س استان خوزستان,4,70712,65762160,970,930,930,-40,-4.12,970,0,0.0,930,930,1399-10-21
770,ضسپا1106,اختيارخ خساپا-4000-1399/11/26,4,201,2211000,11,11,11,0,0.0,11,0,0.0,11,11,1399-10-21
771,اخزا906,اسنادخزانه-م6بودجه99-020321,4,23117,15026250100,669000,650000,650000,-19000,-2.84,650009,-18991,-2.84,650000,660000,1399-10-21
772,پست0008پ04,پسته فندقي32-30سبزدانه0008(پ),4,70,96917120,1390578,1319703,1322013,-68565,-4.93,1384530,-6048,-0.43,1319703,1419999,1399-10-21
773,ضصاد1103,اختيارخ وبصادر-4000-1399/11/12,4,49,409000,11,3,10,-1,-9.09,8,-3,-27.27,3,10,1399-10-21
774,ياقوت2,صندوق س ياقوت آگاه-ثابت,4,11246986,11246986,11735,1,1,-11734,-99.99,1,-11734,-99.99,1,1,1399-10-21
775,ضجار1012,اختيارخ وتجارت-2000-1399/10/21,4,11,8974000,771,800,803,32,4.15,816,45,5.84,800,900,1399-10-21
776,اخزا713,اسنادخزانه-م13بودجه97-000518,4,16318,14736135600,903450,898000,903500,50,0.01,903060,-390,-0.04,898000,903500,1399-10-21
777,تملي805,تسهيلات مسكن ب. ملي-مرداد98,4,159,83011992,497227,522088,522088,24861,5.0,522088,24861,5.0,522088,522088,1399-10-21
778,ضمخا7066,اختيارخ اخابر-12000-1400/07/28,4,21,127000000,5428,6000,6000,572,10.54,6048,620,11.42,6000,6200,1399-10-21
779,اراد51,مرابحه عام دولت5-ش.خ 0010,4,100000,100000000000,1000000,1000000,1000000,0,0.0,1000000,0,0.0,1000000,1000000,1399-10-21
780,شسم,توليد سموم‌ علف‌ كش,4,880,80166240,87595,91098,91098,3503,4.0,87622,27,0.03,91098,91098,1399-10-21
781,پارسا306,صكوك اجاره پارسيان-6ماهه16%,3,650,595588500,914462,916290,916290,1828,0.2,916290,1828,0.2,916290,916290,1399-10-21
782,ضملي3004,اختيارخ فملي-14000-1400/03/02,3,9,17144000,1,1999,1889,1888,188800.0,1905,1904,190400.0,1889,1999,1399-10-21
783,ضشنا1038,اختيارخ شپنا-20000-1399/10/23,3,108,199000,2,2,1,-1,-50.0,2,0,0.0,1,2,1399-10-21
784,اراد60,مرابحه عام دولتي6-ش.خ0210,3,500000,462670000000,925090,925340,925340,250,0.03,925340,250,0.03,925340,925340,1399-10-21
785,پست0008پ09,پسته بادامي30-28مه ولات0008(پ),3,138,206999996,1430000,1499999,1500000,70000,4.9,1500000,70000,4.9,1499999,1500000,1399-10-21
786,تملي807,تسهيلات مسكن ب. ملي-مهر98,3,28,19203856,653193,685852,685852,32659,5.0,685852,32659,5.0,685852,685852,1399-10-21
787,وسفارس,شركت س استان فارس,3,65200,63896000,1030,980,980,-50,-4.85,1030,0,0.0,980,980,1399-10-21
788,اخزا718,اسنادخزانه-م18بودجه97-000525,3,6730,6032808162,899500,902000,896000,-3500,-0.39,896405,-3095,-0.34,896000,902000,1399-10-21
789,ضپاس1006,اختيارخ وپارس-5000-1399/10/30,3,201,402000,2,2,2,0,0.0,2,0,0.0,2,2,1399-10-21
790,ضشنا1044,اختيارخ شپنا-10000-1399/10/23,3,10,16875000,520,1687,1688,1168,224.62,1687,1167,224.42,1687,1688,1399-10-21
791,ضشنا1036,اختيارخ شپنا-16000-1399/10/23,3,19,19000,1,1,1,0,0.0,1,0,0.0,1,1,1399-10-21
792,اراد55,مرابحه عام دولت5-ش.خ 0209,3,500000,463525000000,926760,927050,927050,290,0.03,927050,290,0.03,927050,927050,1399-10-21
793,اخزا804,اسنادخزانه-م4بودجه98-000421,3,1271,1159635161,913709,913709,911551,-2158,-0.24,912380,-1329,-0.15,911551,913709,1399-10-21
794,سرو2,صندوق س سروسودمند مدبران-سهام,3,300000,300000,68900,1,1,-68899,-100.0,1,-68899,-100.0,1,1,1399-10-21
795,ضجار1011,اختيارخ وتجارت-1800-1399/10/21,3,27,27157000,933,1001,1030,97,10.4,1006,73,7.82,1001,1030,1399-10-21
796,غنيلي,مجتمع توليدي نيلي صنعت كرمان,3,91722,1560191220,17002,17010,17010,8,0.05,17010,8,0.05,17010,17010,1399-10-21
797,ضپار1116,اختيارخ خپارس-6000-1399/11/19,3,75,96000000,1267,1280,1280,13,1.03,1280,13,1.03,1280,1280,1399-10-21
798,وسمازن,س.سهام عدالت استان مازندران,3,26648,25049120,980,940,940,-40,-4.08,980,0,0.0,940,940,1399-10-21
799,خعمرا,توسعه و عمران شهرستان نائين,3,12557,280837305,21714,22365,22365,651,3.0,21723,9,0.04,22365,22365,1399-10-21
800,زعف0008پ09,زعفران0008نگين نوين(پ),3,170,21244900,122500,127000,123990,1490,1.22,124970,2470,2.02,123500,127000,1399-10-21
801,ضپاس2001,اختيارخ وپارس-2500-1400/02/29,3,145,174000000,1900,1200,1200,-700,-36.84,1200,-700,-36.84,1200,1200,1399-10-21
802,پست0008پ08,پسته فندقي32-30مه ولات0008(پ),3,23,31441028,1385196,1319702,1321002,-64194,-4.63,1367001,-18195,-1.31,1319702,1440000,1399-10-21
803,زعف0008پ15,زعفران0008پوشالمعمول طلاسرخ(پ),3,700,58681890,82036,83999,83800,1764,2.15,83831,1795,2.19,83800,83999,1399-10-21
804,تملي612,تسهيلات مسكن بانك ملي-اسفند96,3,22,19643932,939901,892906,892906,-46995,-5.0,892906,-46995,-5.0,892906,892906,1399-10-21
805,ضمخا1023,اختيارخ اخابر-12000-1399/10/30,3,4,3800000,521,999,901,380,72.94,950,429,82.34,901,999,1399-10-21
806,ضشنا1045,اختيارخ شپنا-12000-1399/10/23,2,2,198000,40,99,99,59,147.5,99,59,147.5,99,99,1399-10-21
807,ضجار2001,اختيارخ وتجارت-2000-1400/02/22,2,3,4080000,1450,1350,1380,-70,-4.83,1360,-90,-6.21,1350,1380,1399-10-21
808,طمخا7066,اختيارف اخابر-12000-1400/07/28,2,6,1810000,200,250,560,360,180.0,302,102,51.0,250,560,1399-10-21
809,ضبدر1150,اختيارخ شبندر-32000-1399/11/19,2,56,56000000,1000,1000,1000,0,0.0,1000,0,0.0,1000,1000,1399-10-21
810,فبستم,صنايع ‌بسته‌بندي‌ مشهد,2,2424,1977984,793,816,816,23,2.9,793,0,0.0,816,816,1399-10-21
811,افاد73,منفعت دولت7-ش.خاص نوين0204,2,7000,7000000000,990000,1000000,1000000,10000,1.01,1000000,10000,1.01,1000000,1000000,1399-10-21
812,ضپنا2003,اختيارخ رمپنا-16000-1400/02/12,2,70,298000000,3853,4400,4200,347,9.01,4257,404,10.49,4200,4400,1399-10-21
813,زير0003پ02,زيره سبز0003 دانش(پ),2,62,30878508,462042,498000,498209,36167,7.83,498040,35998,7.79,498000,498209,1399-10-21
814,ضغدر1118,اختيارخ وغدير-9000-1399/11/26,2,10,30000000,2510,3000,3000,490,19.52,3000,490,19.52,3000,3000,1399-10-21
815,شرق1400,مشاركت ليزينگ ايران وشرق140010,2,22,22000000,1000337,1000000,1000000,-337,-0.03,1000000,-337,-0.03,1000000,1000000,1399-10-21
816,ضبدر1160,اختيارخ شبندر-18000-1399/11/19,2,25,145190000,4599,5800,5819,1220,26.53,5808,1209,26.29,5800,5819,1399-10-21
817,ضجار1015,اختيارخ وتجارت-3500-1399/10/21,2,47,47000,1,1,1,0,0.0,1,0,0.0,1,1,1399-10-21
818,ضصاد1105,اختيارخ وبصادر-5000-1399/11/12,2,120,220000,11,1,2,-9,-81.82,2,-9,-81.82,1,2,1399-10-21
819,ضمخا1024,اختيارخ اخابر-14000-1399/10/30,2,5,960000,102,188,198,96,94.12,192,90,88.24,188,198,1399-10-21
820,اخزا805,اسنادخزانه-م5بودجه98-000422,2,11250,10292925250,911601,915000,911701,100,0.01,914927,3326,0.36,911701,915000,1399-10-21
821,سنفت101,سلف موازي استاندارد سنفت101,2,139630,180021887140,1285726,1289278,1289278,3552,0.28,1289278,3552,0.28,1289278,1289278,1399-10-21
822,ضمخا1027,اختيارخ اخابر-20000-1399/10/30,2,7,7000,300,1,1,-299,-99.67,1,-299,-99.67,1,1,1399-10-21
823,اشاد10,مشاركت دولتي10-شرايط خاص001226,2,3100,2957400000,953832,954000,954000,168,0.02,954000,168,0.02,954000,954000,1399-10-21
824,ضصاد1108,اختيارخ وبصادر-1800-1399/11/12,2,20,20300000,1450,580,1450,0,0.0,1015,-435,-30.0,580,1450,1399-10-21
825,مشير112,مشاركت شهرداري شيراز-3ماهه18%,2,27,27000000,990000,1000000,1000000,10000,1.01,1000000,10000,1.01,1000000,1000000,1399-10-21
826,وسقم,شركت س استان قم,2,13178,17658520,1410,1340,1340,-70,-4.96,1410,0,0.0,1340,1340,1399-10-21
827,ضشنا1037,اختيارخ شپنا-18000-1399/10/23,2,21,21000,1,1,1,0,0.0,1,0,0.0,1,1,1399-10-21
828,اجاد22,اجاره دولتي آپرورش-لوتوس991118,2,3100,3099000100,1000700,990001,1000000,-700,-0.07,999677,-1023,-0.1,990001,1000000,1399-10-21
829,وسيلام,شركت س استان ايلام,2,9270,10938600,1240,1180,1180,-60,-4.84,1240,0,0.0,1180,1180,1399-10-21
830,ضجار1016,اختيارخ وتجارت-4000-1399/10/21,2,5,5000,1,1,1,0,0.0,1,0,0.0,1,1,1399-10-21
831,وسيزد,شركت س استان يزد,1,5000,6100000,1280,1220,1220,-60,-4.69,1280,0,0.0,1220,1220,1399-10-21
832,ضملت1123,اختيارخ وبملت-3000-1399/11/28,1,15,23400000,1608,1560,1560,-48,-2.99,1560,-48,-2.99,1560,1560,1399-10-21
833,هصيكو402,اختيارف ت تاصيكو13500-00/02/20,1,1530,5843070,3815,3819,3819,4,0.1,3819,4,0.1,3819,3819,1399-10-21
834,كرمان02,مرابحه كرمان موتور14020306,1,1000,1000000000,985000,1000000,1000000,15000,1.52,1000000,15000,1.52,1000000,1000000,1399-10-21
835,فولاد2,فولاد مباركه اصفهان,1,35000000,402500000000,11260,11500,11500,240,2.13,11500,240,2.13,11500,11500,1399-10-21
836,وسكرشا,س.سهام عدالت استان كرمانشاه,1,4192,5030400,1260,1200,1200,-60,-4.76,1260,0,0.0,1200,1200,1399-10-21
837,اخزا9092,اسنادخزانه-م9بودجه99-020316,1,133008,84460080000,633040,635000,635000,1960,0.31,635000,1960,0.31,635000,635000,1399-10-21
838,ضجار1018,اختيارخ وتجارت-5000-1399/10/21,1,1,1000,1,1,1,0,0.0,1,0,0.0,1,1,1399-10-21
839,ضفار1122,اختيارخ فارس-11826-1399/11/07,1,3,2400000,1300,400,400,-900,-69.23,400,-900,-69.23,400,400,1399-10-21
840,وهنر2,گروه توسعه هنر ايران,1,8000000,45792000000,5558,5724,5724,166,2.99,5724,166,2.99,5724,5724,1399-10-21
841,ضغدر1120,اختيارخ وغدير-12000-1399/11/26,1,12,20400000,768,1700,1700,932,121.35,1700,932,121.35,1700,1700,1399-10-21
842,اراد40,مرابحه عام دولت4-ش.خ 0207,1,3000,2997000000,997000,999000,999000,2000,0.2,999000,2000,0.2,999000,999000,1399-10-21
843,اراد43,مرابحه عام دولت4-ش.خ 0205,1,2000,1864000000,934500,932000,932000,-2500,-0.27,932000,-2500,-0.27,932000,932000,1399-10-21
844,وكبهمن4,مديريت سرمايه گذاري كوثربهمن,1,125000000,2715750000000,22278,21726,21726,-552,-2.48,21726,-552,-2.48,21726,21726,1399-10-21
845,ضملي1154,اختيارخ فملي-24336-1399/11/05,1,1,295800,9,150,150,141,1566.67,150,141,1566.67,150,150,1399-10-21
846,ضملي3001,اختيارخ فملي-9000-1400/03/02,1,3,18000000,1,6000,6000,5999,599900.0,6000,5999,599900.0,6000,6000,1399-10-21
847,تملي708,تسهيلات مسكن ب. ملي-آبان97,1,41,26293833,610775,641313,641313,30538,5.0,641313,30538,5.0,641313,641313,1399-10-21
848,اراد44,مرابحه عام دولت4-ش.خ 0007,1,1000,1050000000,1030000,1050000,1050000,20000,1.94,1050000,20000,1.94,1050000,1050000,1399-10-21
849,صگل1411,ص اجاره گل گهر 1411-3 ماهه 17%,1,9,8999901,955010,999989,999989,44979,4.71,999989,44979,4.71,999989,999989,1399-10-21
850,صگل3092,صكوك اجاره گل گهر309-3ماهه20%,1,1500000,1567575000000,1020000,1045050,1045050,25050,2.46,1045050,25050,2.46,1045050,1045050,1399-10-21
851,وبانك2,سرمايه گذاري گروه توسعه ملي,1,50000000,429500000000,8190,8590,8590,400,4.88,8590,400,4.88,8590,8590,1399-10-21
852,وپسا2,س. پتروشيمي ساختمان  خليج فارس,1,23000000,88090000000,3830,3830,3830,0,0.0,3830,0,0.0,3830,3830,1399-10-21
853,هترول911,اختيارف ت پترول-14730-99/11/15,1,250,992250,4161,3969,3969,-192,-4.61,3969,-192,-4.61,3969,3969,1399-10-21
854,كمند2,صندوق س. با درآمد ثابت كمند,1,210000000,210000000,10027,1,1,-10026,-99.99,1,-10026,-99.99,1,1,1399-10-21
855,ضملي3000,اختيارخ فملي-8000-1400/03/02,1,5,34250000,1,6850,6850,6849,684900.0,6850,6849,684900.0,6850,6850,1399-10-21
856,ضخوز2014,اختيارخ فخوز-14000-1400/02/15,1,1,3333000,3267,3333,3333,66,2.02,3333,66,2.02,3333,3333,1399-10-21
857,كرمان022,مرابحه كرمان موتور14020306,1,875020,875020000000,985000,1000000,1000000,15000,1.52,1000000,15000,1.52,1000000,1000000,1399-10-21
858,اراد33,مرابحه عام دولت3-ش.خ 0303,1,3000,2676000000,890000,892000,892000,2000,0.22,892000,2000,0.22,892000,892000,1399-10-21
859,زير0003پ01,زيره سبز0003كيميابذر(پ),1,20,9600000,474485,480000,480000,5515,1.16,480000,5515,1.16,480000,480000,1399-10-21
860,ضفلا1152,اختيارخ فولاد-9000-1399/11/28,1,1,3700000,4500,3700,3700,-800,-17.78,3700,-800,-17.78,3700,3700,1399-10-21
861,فماك,ماداكتو استيل كرد,1,250,6000000,23990,24000,24000,10,0.04,24000,10,0.04,24000,24000,1399-10-21
862,سفاسي2,شركت فارسيت اهواز,1,1861142,31639414000,16665,17000,17000,335,2.01,17000,335,2.01,17000,17000,1399-10-21
863,چكارن4,كارتن‌ ايران‌,1,35000000,152950000000,4520,4370,4370,-150,-3.32,4370,-150,-3.32,4370,4370,1399-10-21
864,فارس2,صنايع پتروشيمي خليج فارس,1,46000000,509220000000,11150,11070,11070,-80,-0.72,11070,-80,-0.72,11070,11070,1399-10-21
865,ضملي3002,اختيارخ فملي-10000-1400/03/02,1,10,49800000,1,4980,4980,4979,497900.0,4980,4979,497900.0,4980,4980,1399-10-21
866,ضپار1115,اختيارخ خپارس-5000-1399/11/19,1,1,2158000,2033,2158,2158,125,6.15,2158,125,6.15,2158,2158,1399-10-21
867,ضغدر1121,اختيارخ وغدير-14000-1399/11/26,1,44,35200000,479,800,800,321,67.01,800,321,67.01,800,800,1399-10-21
868,زير0003پ04,زيره سبز0003شركت مينوبذر(پ),1,33,15642000,474485,474000,474000,-485,-0.1,474000,-485,-0.1,474000,474000,1399-10-21
869,وسهمدا,شركت س استان همدان,1,5800,4930000,890,850,850,-40,-4.49,890,0,0.0,850,850,1399-10-21
870,فخوز2,فولاد  خوزستان,1,6000000,89400000000,14340,14900,14900,560,3.91,14900,560,3.91,14900,14900,1399-10-21
871,ارفع2,شركت آهن و فولاد ارفع,1,15000000,203145000000,12899,13543,13543,644,4.99,13543,644,4.99,13543,13543,1399-10-21
872,اراد54,مرابحه عام دولت5-ش.خ 0109,1,1000,964500000,944500,964500,964500,20000,2.12,964500,20000,2.12,964500,964500,1399-10-21
873,ضفار1120,اختيارخ فارس-8826-1399/11/07,1,1,4800000,1500,2400,2400,900,60.0,2400,900,60.0,2400,2400,1399-10-21
874,ضفلا1154,اختيارخ فولاد-12000-1399/11/28,1,1,1999000,1259,1999,1999,740,58.78,1999,740,58.78,1999,1999,1399-10-21
875,غگلپا2,شير پاستوريزه پگاه گلپايگان,1,330000,27320700000,80383,82790,82790,2407,2.99,82790,2407,2.99,82790,82790,1399-10-21
876,دمعيار2,صندوق س. توازن معيار-د,1,2200000,2200000,10099,1,1,-10098,-99.99,1,-10098,-99.99,1,1,1399-10-21
877,اخزا8112,اسنادخزانه-م11بودجه98-001013,1,202860,170605260000,841477,841000,841000,-477,-0.06,841000,-477,-0.06,841000,841000,1399-10-21
878,ضپيك2008,اختيارخ تاپيكو-9000-00/02/19,1,1,5500000,5249,5500,5500,251,4.78,5500,251,4.78,5500,5500,1399-10-21
879,ضفلا1151,اختيارخ فولاد-8000-1399/11/28,1,10,45000000,3343,4500,4500,1157,34.61,4500,1157,34.61,4500,4500,1399-10-21
