,نماد,نام,تعداد,حجم,ارزش,دیروز,اولین,آخرین معامله - مقدار,آخرین معامله - تغییر,آخرین معامله - درصد,قیمت پایانی - مقدار,قیمت پایانی - تغییر,قیمت پایانی - درصد,کمترین,بیشترین,تاریخ
0,بپيوند,برق و انرژي پيوندگستر پارس,139979,31614366,794943359831,26098,26360,24795,-1303,-4.99,25145,-953,-3.65,24794,26370,1399-7-19
1,بگيلان,توسعه مسير برق گيلان,96087,14238422,452401717535,33143,32700,31486,-1657,-5.0,31773,-1370,-4.13,31486,33143,1399-7-19
2,دارا يكم,صندوق واسطه گري مالي يكم-سهام,89132,40835092,9188713710230,224830,216010,227900,3070,1.37,225020,190,0.08,212500,232990,1399-7-19
3,آبادا,توليد نيروي برق آبادان,73240,14158216,338423533550,24290,24300,24230,-60,-0.25,23900,-390,-1.61,23080,25000,1399-7-19
4,فولاد,فولاد مباركه اصفهان,67084,252686562,4418951869060,18000,17700,17500,-500,-2.78,17490,-510,-2.83,17120,17990,1399-7-19
5,ثاميد,توسعه و عمران اميد,61737,276406447,790251170940,2780,2780,2910,130,4.68,2860,80,2.88,2650,2910,1399-7-19
6,ثبهساز,بهساز كاشانه تهران,60493,202055324,760363451030,3840,3800,3800,-40,-1.04,3760,-80,-2.08,3650,3950,1399-7-19
7,غزر,صنعتي زر ماكارون,57805,6746352,391768546000,57590,55100,60000,2410,4.18,58070,480,0.83,54720,60400,1399-7-19
8,امين,تامين سرمايه امين,56308,37238044,498410381100,13900,13300,13420,-480,-3.45,13380,-520,-3.74,13210,13800,1399-7-19
9,گدنا,تهيه توزيع غذاي دنا آفرين فدك,52856,568482,7861537578,13171,13829,13829,658,5.0,13270,99,0.75,13829,13829,1399-7-19
10,فملي,ملي‌ صنايع‌ مس‌ ايران‌,50565,114716353,3206365532120,28650,28600,27800,-850,-2.97,27950,-700,-2.44,27360,28650,1399-7-19
11,سيتا,سرمايه گذاري سيمان تامين,46492,65981353,1457876079930,21410,21550,22480,1070,5.0,22100,690,3.22,21430,22480,1399-7-19
12,وتجارت,بانك تجارت,40875,926560800,3167953925260,3330,3330,3490,160,4.8,3420,90,2.7,3270,3490,1399-7-19
13,شاروم,پتروشيمي اروميه,40743,836303,13549781206,15431,16202,16202,771,5.0,15630,199,1.29,16202,16202,1399-7-19
14,پترول,گروه پتروشيمي س. ايرانيان,40321,161805774,2683254476690,17300,16830,16440,-860,-4.97,16580,-720,-4.16,16440,17200,1399-7-19
15,دي,بانك دي,38747,64958518,3390475323622,50843,51000,53385,2542,5.0,52194,1351,2.66,49800,53385,1399-7-19
16,وبصادر,بانك صادرات ايران,38066,1091130036,4899983578100,4310,4470,4520,210,4.87,4490,180,4.18,4310,4520,1399-7-19
17,زملارد,كشاورزي و دامپروري ملارد شير,35475,975410,44596720610,43544,45721,45721,2177,5.0,45393,1849,4.25,45721,45721,1399-7-19
18,شگويا,پتروشيمي تندگويان,31778,107680801,1731456699556,16699,16200,15930,-769,-4.61,16080,-619,-3.71,15865,16700,1399-7-19
19,آريا,پليمر آريا ساسول,30540,5301429,933701865529,179069,179998,173210,-5859,-3.27,176123,-2946,-1.65,172500,181000,1399-7-19
20,ذوب,سهامي ذوب آهن  اصفهان,29706,299542666,1880364107558,6097,6179,6400,303,4.97,6277,180,2.95,5900,6401,1399-7-19
21,رافزا,رايان هم افزا,28458,166213,5396769897,30923,32469,32469,1546,5.0,31082,159,0.51,32469,32469,1399-7-19
22,شبندر,پالايش نفت بندرعباس,24103,54460089,2106475565960,37590,37500,39460,1870,4.97,38680,1090,2.9,36250,39460,1399-7-19
23,ولپارس,ليزينگ پارسيان,23779,1775713,7830894330,4200,4410,4410,210,5.0,4220,20,0.48,4410,4410,1399-7-19
24,صباح,ح . سرمايه گذاري صبا تامين,20133,60146938,488778747144,8184,8000,8060,-124,-1.52,8126,-58,-0.71,7850,8450,1399-7-19
25,وغدير,سرمايه‌گذاري‌غدير(هلدينگ‌,19197,65558039,1020297890180,16100,15800,15640,-460,-2.86,15560,-540,-3.35,15310,16060,1399-7-19
26,صبا,سرمايه گذاري صبا تامين,17985,52346080,586477574589,11052,11099,11139,87,0.79,11204,152,1.38,10700,11550,1399-7-19
27,وپارس,بانك‌پارسيان‌,17027,574598313,2598561105890,4320,4530,4530,210,4.86,4520,200,4.63,4390,4530,1399-7-19
28,تاپيكو,س. نفت و گاز و پتروشيمي تأمين,14739,60972003,1247718191290,21320,21000,20260,-1060,-4.97,20460,-860,-4.03,20260,21000,1399-7-19
29,وخارزم,سرمايه گذاري خوارزمي,14541,68116831,879484258240,12830,12430,12950,120,0.94,12910,80,0.62,12320,13300,1399-7-19
30,چكاپا,گروه صنايع كاغذ پارس,13873,124376727,1097176985310,8500,8500,8920,420,4.94,8820,320,3.76,8300,8920,1399-7-19
31,فارس,صنايع پتروشيمي خليج فارس,12302,34999569,1045118716070,29680,29690,29980,300,1.01,29860,180,0.61,29100,30510,1399-7-19
32,خگستر,گسترش‌سرمايه‌گذاري‌ايران‌خودرو,10551,142130720,732953786480,4960,5140,5200,240,4.84,5160,200,4.03,4960,5200,1399-7-19
33,ساوه,سيمان ساوه,9961,4662896,337492642567,74621,70890,71301,-3320,-4.45,72378,-2243,-3.01,70890,76446,1399-7-19
34,غگيلا,شيرپاستوريزه پگاه گيلان,9074,140040,2336567400,15891,16685,16685,794,5.0,15926,35,0.22,16685,16685,1399-7-19
35,خاذين,سايپاآذين‌,9031,77268392,588578139150,7590,7410,7960,370,4.87,7620,30,0.4,7220,7960,1399-7-19
36,فخوز,فولاد  خوزستان,8795,22336740,865045167840,40120,39300,38150,-1970,-4.91,38730,-1390,-3.46,38120,40120,1399-7-19
37,وساپا,سرمايه‌گذاري‌ سايپا,8368,50850064,569496378390,10870,10860,11410,540,4.97,11200,330,3.04,10400,11410,1399-7-19
38,ثنوسا,نوسازي‌وساختمان‌تهران‌,8285,44404758,509853455440,11580,11600,11250,-330,-2.85,11480,-100,-0.86,11030,11890,1399-7-19
39,پترولح,ح . گروه پتروشيمي س. ايرانيان,7335,38094865,550919880230,15560,14980,14410,-1150,-7.39,14460,-1100,-7.07,14010,15500,1399-7-19
40,شصدفح,ح . صنعتي دوده فام,7246,2341151,42710901769,18542,18590,18251,-291,-1.57,18244,-298,-1.61,17860,18590,1399-7-19
41,خكاوه,سايپا ديزل,7122,87417277,553519389112,6305,5990,6620,315,5.0,6332,27,0.43,5990,6620,1399-7-19
42,وپاسار,بانك  پاسارگاد,6934,77601701,831671131490,10400,10580,10920,520,5.0,10720,320,3.08,10350,10920,1399-7-19
43,دماوند,توليد نيروي برق دماوند,6836,7028645,521527366342,73403,71000,76000,2597,3.54,74200,797,1.09,70550,76970,1399-7-19
44,مدير,ص.س.مديريت ثروت ص.بازنشستگي-س,6333,25534414,333899492999,13494,13100,12999,-495,-3.67,13076,-418,-3.1,12685,13480,1399-7-19
45,خريخت,صنايع‌ريخته‌گري‌ايران‌,6173,62089309,342966649990,5490,5330,5760,270,4.92,5520,30,0.55,5220,5760,1399-7-19
46,ثفارس,عمران‌وتوسعه‌فارس‌,6107,33745708,309130374940,9450,9310,9100,-350,-3.7,9160,-290,-3.07,8980,9500,1399-7-19
47,خپارس,پارس‌ خودرو,6017,51351029,468559776370,8780,8960,9210,430,4.9,9120,340,3.87,8760,9210,1399-7-19
48,كگل,معدني و صنعتي گل گهر,5806,27773195,597935072470,22030,21580,22040,10,0.05,21530,-500,-2.27,20930,22090,1399-7-19
49,كاوه,فولاد كاوه جنوب كيش,5731,32340019,721432562350,23140,22450,21990,-1150,-4.97,22310,-830,-3.59,21990,23140,1399-7-19
50,بجهرم,توسعه مولد نيروگاهي جهرم,5626,61213471,261226793996,4082,4286,4286,204,5.0,4267,185,4.53,4090,4286,1399-7-19
51,كچاد,معدني‌وصنعتي‌چادرملو,5438,27122301,524778739050,19890,19350,19880,-10,-0.05,19350,-540,-2.71,18900,19900,1399-7-19
52,تملت,تامين سرمايه بانك ملت,5434,17554635,215030795500,11940,12000,12530,590,4.94,12250,310,2.6,11900,12530,1399-7-19
53,سمگا,گروه سرمايه گذاري ميراث فرهنگي,5310,31748646,731919369772,22186,22400,23295,1109,5.0,23054,868,3.91,22201,23295,1399-7-19
54,ثقزوي,شركت عمران و سازندگي قزوين,5077,21102051,598572228840,27951,28789,27113,-838,-3.0,28366,415,1.48,27113,28789,1399-7-19
55,خبهمن,گروه‌بهمن‌,4855,25638739,671784553410,25310,25200,26570,1260,4.98,26200,890,3.52,24680,26570,1399-7-19
56,وبانك,سرمايه گذاري گروه توسعه ملي,4855,21533348,273403731620,12800,12800,12650,-150,-1.17,12700,-100,-0.78,12300,13000,1399-7-19
57,شبريز,پالايش نفت تبريز,4603,21011886,690581634730,31330,32890,32890,1560,4.98,32870,1540,4.92,32190,32890,1399-7-19
58,خمحركه,نيرو محركه‌,4589,31515910,267544841280,8220,8390,8630,410,4.99,8490,270,3.28,8000,8630,1399-7-19
59,فرابورس,فرابورس ايران,4578,7088894,453481427392,62199,62200,65308,3109,5.0,63971,1772,2.85,60150,65308,1399-7-19
60,خساپا,سايپا,4568,164117863,462812373660,2690,2820,2820,130,4.83,2820,130,4.83,2820,2820,1399-7-19
61,فاراك,ماشين‌ سازي‌ اراك‌,4426,42676154,402949775950,9100,9030,9550,450,4.95,9440,340,3.74,8800,9550,1399-7-19
62,ضخود1044,اختيارخ خودرو-4000-1399/10/07,4419,221192,61851253000,475,475,375,-100,-21.05,280,-195,-41.05,100,550,1399-7-19
63,حفارس,حمل و نقل بين المللي خليج فارس,4293,37364281,189764157130,5220,5130,5240,20,0.38,5080,-140,-2.68,4960,5350,1399-7-19
64,كالا,بورس كالاي ايران,4288,8600870,380317471260,43330,44000,45490,2160,4.98,44220,890,2.05,42000,45490,1399-7-19
65,ارفع,شركت آهن و فولاد ارفع,4114,16839049,278326550829,17308,16570,16443,-865,-5.0,16529,-779,-4.5,16443,17130,1399-7-19
66,كماسه,تامين‌ ماسه‌ ريخته‌گري‌,4052,3456596,206523282710,61900,63000,58810,-3090,-4.99,59750,-2150,-3.47,58810,63000,1399-7-19
67,وملل,اعتباري ملل,3874,24498597,377378024144,15867,15180,15800,-67,-0.42,15404,-463,-2.92,15074,15850,1399-7-19
68,زبينا,كشاورزي و دامپروري بينالود,3854,5867652,273277516721,47657,45275,47260,-397,-0.83,46574,-1083,-2.27,45275,48782,1399-7-19
69,غنوش,نوش‌ مازندران‌,3745,7497217,611603060340,78040,77800,81940,3900,5.0,81580,3540,4.54,77260,81940,1399-7-19
70,ورنا,سرمايه‌گذاري‌ رنا(هلدينگ‌,3720,25623436,278518213800,10500,10370,11020,520,4.95,10870,370,3.52,10370,11020,1399-7-19
71,شصدف,صنعتي دوده فام,3623,201618,4411401840,20839,21880,21880,1041,5.0,20926,87,0.42,21880,21880,1399-7-19
72,غشهداب,كشت و صنعت شهداب ناب خراسان,3589,37566130,200930168462,5183,5290,5442,259,5.0,5349,166,3.2,5066,5442,1399-7-19
73,ومهان,گروه توسعه مالي مهر آيندگان,3573,9231192,171097859258,18690,18500,18170,-520,-2.78,18535,-155,-0.83,18060,18950,1399-7-19
74,آگاس,صندوق س.هستي بخش آگاه-س,3554,3239324,240949656768,76240,74995,74500,-1740,-2.28,74383,-1857,-2.44,73500,75900,1399-7-19
75,خودرو,ايران‌ خودرو,3495,117671289,401259095490,3250,3410,3410,160,4.92,3410,160,4.92,3410,3410,1399-7-19
76,ولساپا,ليزينگ رايان‌ سايپا,3489,42827214,182250810780,4120,4140,4320,200,4.85,4260,140,3.4,4000,4320,1399-7-19
77,مرقام,ايران‌ارقام‌,3387,7935187,220830293560,28630,28500,27520,-1110,-3.88,27830,-800,-2.79,27200,29070,1399-7-19
78,اخابر,مخابرات ايران,3333,40858550,731941107240,17170,17400,18020,850,4.95,17910,740,4.31,17010,18020,1399-7-19
79,طلا,صندوق س.پشتوانه طلاي لوتوس,3333,1614950,185477172726,106472,115900,116300,9828,9.23,114850,8378,7.87,113010,116480,1399-7-19
80,كحافظ,كاشي‌ وسراميك‌ حافظ‌,3328,19889083,438891406620,21090,22140,22140,1050,4.98,22070,980,4.65,20040,22140,1399-7-19
81,زكوثر,سرمايه گذاري كشاورزي كوثر,3320,7066834,177381479880,24290,24340,25500,1210,4.98,25100,810,3.33,23130,25500,1399-7-19
82,وصنعت,سرمايه گذاري توسعه صنعت وتجارت,3317,15438154,145595202450,9390,9590,9480,90,0.96,9430,40,0.43,9050,9680,1399-7-19
83,وليز,ليزينگ‌ايران‌,3251,16875028,156557106620,9550,9080,9350,-200,-2.09,9280,-270,-2.83,9080,9620,1399-7-19
84,پارسان,گسترش نفت و گاز پارسيان,3133,10378856,267994894690,26250,25510,25850,-400,-1.52,25820,-430,-1.64,24940,26940,1399-7-19
85,خاهن,آهنگري‌ تراكتورسازي‌ ايران‌,3123,8086617,228929349560,28600,27170,29380,780,2.73,28310,-290,-1.01,27170,29700,1399-7-19
86,ثباغ,شهر سازي و خانه سازي باغميشه,3101,15045233,376464573099,24981,25000,26230,1249,5.0,25022,41,0.16,23732,26230,1399-7-19
87,سشرق,سيمان‌ شرق‌,3070,21179135,171066166120,7830,7990,8220,390,4.98,8080,250,3.19,7520,8220,1399-7-19
88,بپاس,بيمه پاسارگاد,3046,4705416,321712725647,68399,68399,68399,0,0.0,68371,-28,-0.04,67100,68540,1399-7-19
89,ارزش,صندوق س ارزش آفرين بيدار-سهام,3003,17107353,202245875670,11950,11900,11790,-160,-1.34,11820,-130,-1.09,11600,12040,1399-7-19
90,اپرداز,آتيه داده پرداز,2975,6817397,225742206715,33216,33500,32210,-1006,-3.03,33113,-103,-0.31,31700,34580,1399-7-19
91,بترانس,ايران‌ ترانسفو,2934,6987130,267035462030,36840,37900,38680,1840,4.99,38220,1380,3.75,36500,38680,1399-7-19
92,شلرد,كود شيميايي اوره لردگان,2830,24881356,238811755566,9387,9488,9668,281,2.99,9598,211,2.25,9420,9668,1399-7-19
93,قشير,قند شيروان قوچان و بجنورد,2762,6805268,170139697659,25029,23778,26000,971,3.88,25001,-28,-0.11,23778,26200,1399-7-19
94,هرمز,فولاد هرمزگان جنوب,2734,14172261,189567640419,13923,13352,13310,-613,-4.4,13376,-547,-3.93,13227,13900,1399-7-19
95,كمند,صندوق س. با درآمد ثابت كمند,2716,119282231,1196628700830,10030,10030,10040,10,0.1,10030,0,0.0,10020,10050,1399-7-19
96,بورس,بورس اوراق بهادار تهران,2712,3489429,192948205080,53430,55000,56100,2670,5.0,55300,1870,3.5,52500,56100,1399-7-19
97,كوير,توليدي فولاد سپيد فراب كوير,2647,8368885,131785570340,15360,15000,15990,630,4.1,15750,390,2.54,14600,16090,1399-7-19
98,شپترو,پتروشيمي آبادان,2643,39409274,218436589155,5792,5503,5688,-104,-1.8,5543,-249,-4.3,5503,5688,1399-7-19
99,شسپا,نفت سپاهان,2642,9118801,213907200920,23420,23000,23880,460,1.96,23460,40,0.17,22600,23950,1399-7-19
100,ونفت,سرمايه‌گذاري‌ صنعت‌ نفت‌,2622,13581041,221299249730,15680,16000,16460,780,4.97,16290,610,3.89,15700,16460,1399-7-19
101,آسيا,بيمه آسيا,2618,8381911,260483775230,29820,29820,31290,1470,4.93,31080,1260,4.23,28600,31310,1399-7-19
102,نطرين,عطرين نخ قم,2530,10091444,164755821870,16752,15915,16890,138,0.82,16326,-426,-2.54,15915,17000,1399-7-19
103,فلوله,لوله‌وماشين‌سازي‌ايران‌,2524,7592051,182807216980,23870,24700,25060,1190,4.99,24080,210,0.88,22770,25060,1399-7-19
104,خوساز,محورسازان‌ايران‌خودرو,2449,12270416,113976225370,9880,9020,9470,-410,-4.15,9290,-590,-5.97,9020,9470,1399-7-19
105,نوري,پتروشيمي نوري,2429,1144933,194586874080,171640,168200,171100,-540,-0.31,169950,-1690,-0.98,166690,172500,1399-7-19
106,وبيمهح,ح . سرمايه‌ گذاري‌ صنعت‌ بيمه‌,2410,51700893,98625391580,2010,1940,1890,-120,-5.97,1910,-100,-4.98,1850,1980,1399-7-19
107,سپاها,سيمان‌سپاهان‌,2397,10524898,109209877360,10080,10100,10580,500,4.96,10380,300,2.98,9630,10580,1399-7-19
108,گكوثر,هتل پارسيان كوثر اصفهان,2363,1129140,194170509592,176492,181750,169100,-7392,-4.19,171963,-4529,-2.57,167668,181750,1399-7-19
109,رمپنا,گروه مپنا (سهامي عام),2349,13712572,302636516920,21180,21900,22230,1050,4.96,22070,890,4.2,21160,22230,1399-7-19
110,خمهر,مهركام‌پارس‌,2325,21198603,169998783170,7840,7940,8230,390,4.97,8020,180,2.3,7490,8230,1399-7-19
111,زاگرس,پتروشيمي زاگرس,2262,1066330,183600637852,175139,170010,171500,-3639,-2.08,172180,-2959,-1.69,167500,177000,1399-7-19
112,شغدير,پتروشيمي غدير,2251,3262416,164416027698,52254,50000,49642,-2612,-5.0,50397,-1857,-3.55,49642,51830,1399-7-19
113,وساخت,سرمايه‌ گذاري‌ ساختمان‌ايران‌,2234,4198284,195823866570,45590,46000,47470,1880,4.12,46640,1050,2.3,43590,47790,1399-7-19
114,حاريا,كشتيراني آريا,2213,11604480,391809780214,33897,34913,32881,-1016,-3.0,33764,-133,-0.39,32881,34913,1399-7-19
115,خكرمان,گروه اقتصادي كرمان خودرو,2192,23385734,142813839857,5962,6057,6140,178,2.99,6107,145,2.43,5900,6140,1399-7-19
116,سيمرغ,سيمرغ,2150,4957979,110796233620,22200,22500,21910,-290,-1.31,22350,150,0.68,21500,22990,1399-7-19
117,تيپيكو,سرمايه گذاري دارويي تامين,2146,3676607,223489049980,60880,62600,60850,-30,-0.05,60790,-90,-0.15,57840,62600,1399-7-19
118,عيار,صندوق س. پشتوانه طلاي مفيد,2143,2336309,90393421047,36020,39000,38941,2921,8.11,38691,2671,7.42,38000,39010,1399-7-19
119,ديران,ايران‌دارو,2094,3771623,82704321580,22040,22900,22000,-40,-0.18,21930,-110,-0.5,20940,22900,1399-7-19
120,ونيكي,سرمايه‌گذاري‌ ملي‌ايران‌,2034,6915691,246714613540,34300,34990,36010,1710,4.99,35670,1370,3.99,34600,36010,1399-7-19
121,تاپكيشح,ح.تجارت الكترونيك پارسيان كيش,2030,7180061,60086654610,8620,8189,8746,126,1.46,8369,-251,-2.91,8189,8850,1399-7-19
122,تاصيكو,سرمايه گذاري صدرتامين,1970,7261935,84383916390,12000,11650,11500,-500,-4.17,11720,-280,-2.33,11470,11980,1399-7-19
123,وسينا,بانك سينا,1930,22318280,288540604340,12490,11880,13110,620,4.96,12930,440,3.52,11880,13110,1399-7-19
124,ثاصفا,شركت‌ ساختمان‌ اصفهان‌,1907,3810790,114124129192,29774,30667,28881,-893,-3.0,29948,174,0.58,28881,30667,1399-7-19
125,امين يكم,صندوق درآمد ثابت امين يكم فردا,1891,62705168,650683121410,10350,10350,10390,40,0.39,10380,30,0.29,10350,10400,1399-7-19
126,چكارن,كارتن‌ ايران‌,1884,19958130,85894516760,4150,4180,4350,200,4.82,4300,150,3.61,4170,4350,1399-7-19
127,ولغدر,ليزينگ‌خودروغدير,1863,8950125,150784240510,16170,16350,16970,800,4.95,16850,680,4.21,15500,16970,1399-7-19
128,افق,فروشگاههاي زنجيره اي افق كوروش,1860,2076314,155511125250,78120,76010,74230,-3890,-4.98,74900,-3220,-4.12,74220,77510,1399-7-19
129,قرن,پديده شيمي قرن,1851,1216886,68425475100,57360,57800,56340,-1020,-1.78,56230,-1130,-1.97,54700,58000,1399-7-19
130,وخاور,بانك خاورميانه,1840,12081077,145422122030,12160,12000,11950,-210,-1.73,12040,-120,-0.99,11600,12500,1399-7-19
131,وسپه,سرمايه‌گذاري‌ سپه‌,1826,4666944,73786895280,16050,16250,15700,-350,-2.18,15810,-240,-1.5,15260,16250,1399-7-19
132,وتوكا,سرمايه‌گذاري‌توكافولاد(هلدينگ,1805,8947325,119414862430,13720,13260,13050,-670,-4.88,13350,-370,-2.7,13040,13800,1399-7-19
133,پاكشو,گروه صنعتي پاكشو,1786,1936313,141513288400,75150,75150,71880,-3270,-4.35,73080,-2070,-2.75,71500,76500,1399-7-19
134,وبهمن,سرمايه‌گذاري‌بهمن‌,1773,8725770,134859876600,16120,16140,15340,-780,-4.84,15460,-660,-4.09,15320,16450,1399-7-19
135,سكرد,سيمان كردستان,1767,7895710,87552855890,11540,11010,11200,-340,-2.95,11090,-450,-3.9,10970,11470,1399-7-19
136,ركيش,كارت اعتباري ايران كيش,1766,10401504,158543179110,14890,14500,15630,740,4.97,15240,350,2.35,14150,15630,1399-7-19
137,زر,صندوق س.پشتوانه سكه طلاي زر,1764,1308943,84215667404,59555,63500,64940,5385,9.04,64339,4784,8.03,63220,64999,1399-7-19
138,دكوثر,داروسازي‌ كوثر,1761,6328431,160718043340,24340,25530,25550,1210,4.97,25400,1060,4.35,23500,25550,1399-7-19
139,ثشرق,سرمايه گذاري مسكن شمال شرق,1724,16831514,109839392630,6830,6700,6600,-230,-3.37,6530,-300,-4.39,6490,6700,1399-7-19
140,سرچشمه,سرمايه گذاري مس سرچشمه,1697,10756956,107117153413,10091,9800,9938,-153,-1.52,9958,-133,-1.32,9690,10190,1399-7-19
141,ولبهمن,شركت بهمن ليزينگ,1691,12864809,121326022309,9277,9050,9740,463,4.99,9431,154,1.66,8814,9740,1399-7-19
142,سرو,صندوق س سروسودمند مدبران-سهام,1679,1917102,128751093990,68100,67800,67280,-820,-1.2,67160,-940,-1.38,66210,67800,1399-7-19
143,آپ,آسان پرداخت پرشين,1672,5231634,107222827570,20100,20680,20700,600,2.99,20500,400,1.99,20010,20980,1399-7-19
144,سباقر,سيمان باقران,1670,7183710,147166216885,20021,20621,20140,119,0.59,20486,465,2.32,20000,20621,1399-7-19
145,اتكام,شركت بيمه اتكايي امين,1668,7878083,69854704974,8566,8700,8994,428,5.0,8867,301,3.51,8600,8994,1399-7-19
146,تنوين,تامين سرمايه نوين,1644,15804895,175647130920,10690,11180,11220,530,4.96,11110,420,3.93,10810,11220,1399-7-19
147,شلعابح,ح . لعابيران‌,1621,11632388,67717703230,5750,5880,5920,170,2.96,5820,70,1.22,5300,6120,1399-7-19
148,وبيمه,سرمايه‌ گذاري‌ صنعت‌ بيمه‌,1611,13195091,41939356660,3230,3200,3200,-30,-0.93,3190,-40,-1.24,3070,3280,1399-7-19
149,آوا,صندوق س.سهام آواي معيار-س,1598,7219421,70583605785,10027,9955,9760,-267,-2.66,9777,-250,-2.49,9666,9955,1399-7-19
150,وتوكاح,ح . ‌توكافولاد(هلدينگ‌,1597,6586157,68738977996,10812,10500,10249,-563,-5.21,10437,-375,-3.47,10010,10950,1399-7-19
151,ثشاهد,سرمايه‌ گذاري‌ شاهد,1596,3427520,130040108800,39930,37940,37940,-1990,-4.98,37940,-1990,-4.98,37940,37940,1399-7-19
152,وبرق,س.کارکنان صنعت برق زنجان وقزوي,1592,1537393,322965733491,204121,210244,210244,6123,3.0,210074,5953,2.92,197998,210244,1399-7-19
153,زقيام,كشت و دام قيام اصفهان,1590,3505915,94998215878,27551,26199,28150,599,2.17,27097,-454,-1.65,26174,28480,1399-7-19
154,فولاژ,فولاد آلياژي ايران,1587,3223398,87257799600,28410,27010,26990,-1420,-5.0,27070,-1340,-4.72,26990,28090,1399-7-19
155,وگستر,گسترش سرمايه گذاري ايرانيان,1557,3405654,67357948445,19549,19020,20090,541,2.77,19778,229,1.17,19020,20297,1399-7-19
156,فسازان,غلتك سازان سپاهان,1527,3968662,151083226030,39610,38900,37630,-1980,-5.0,38070,-1540,-3.89,37630,39600,1399-7-19
157,ارفعح,ح.شركت آهن و فولاد ارفع,1511,6009598,84732948321,14732,14200,14260,-472,-3.2,14100,-632,-4.29,13996,14260,1399-7-19
158,ولشرق,ليزينگ ايران و شرق,1472,14040961,111903193404,8335,7950,7919,-416,-4.99,7970,-365,-4.38,7919,8260,1399-7-19
159,واميد,گروه مديريت سرمايه گذاري اميد,1460,5228772,222631626200,43030,43220,42900,-130,-0.3,42580,-450,-1.05,41200,43460,1399-7-19
160,شاراك,پتروشيمي شازند,1454,4000013,96475094300,24420,24800,24000,-420,-1.72,24120,-300,-1.23,23500,24800,1399-7-19
161,فسرب,ملي‌ سرب‌وروي‌ ايران‌,1447,1530597,230423449390,143680,149640,150860,7180,5.0,150540,6860,4.77,143690,150860,1399-7-19
162,غشاذر,پگاه‌آذربايجان‌غربي‌,1437,2573269,55727200820,21990,22860,21750,-240,-1.09,21660,-330,-1.5,20900,22860,1399-7-19
163,پكرمان,گروه‌ صنعتي‌ بارز,1428,5570526,140826798970,24840,23650,26080,1240,4.99,25280,440,1.77,23600,26080,1399-7-19
164,وسكاب,س.ص.بازنشستگي كاركنان بانكها,1422,9836813,71180442250,7220,7130,7290,70,0.97,7240,20,0.28,7050,7370,1399-7-19
165,وهور,مديريت انرژي اميد  تابان هور,1414,3638817,143032183051,39924,38300,40150,226,0.57,39307,-617,-1.55,38030,40510,1399-7-19
166,وسبحان,سرمايه گذاري سبحان,1410,6497176,65426273188,10145,10185,9961,-184,-1.81,10070,-75,-0.74,9820,10319,1399-7-19
167,كفرآور,فرآورده هاي سيمان شرق,1405,6208354,127633993008,20262,20000,20000,-262,-1.29,20558,296,1.46,19729,20869,1399-7-19
168,فزرين,زرين معدن آسيا,1397,3637040,82944647444,22536,23000,23500,964,4.28,22806,270,1.2,21600,23500,1399-7-19
169,فروي,ذوب روي اصفهان,1393,1062116,69756899161,62845,64010,65987,3142,5.0,65677,2832,4.51,64000,65987,1399-7-19
170,همراه,شركت ارتباطات سيار ايران,1382,6066587,243353408040,38470,40000,40390,1920,4.99,40110,1640,4.26,38010,40390,1399-7-19
171,اعتلا,شركت سرمايه گذاري اعتلاء البرز,1379,5572394,60091325607,11273,10730,10710,-563,-4.99,10784,-489,-4.34,10710,11273,1399-7-19
172,آ س پ,آ.س.پ,1370,6002150,83598985477,14445,13990,13723,-722,-5.0,13928,-517,-3.58,13723,14560,1399-7-19
173,وگردش,بانك گردشگري,1357,9388802,179451718741,19680,19100,19090,-590,-3.0,19113,-567,-2.88,19090,19500,1399-7-19
174,اميد,تامين سرمايه اميد,1346,8312355,126778832020,14610,15080,15340,730,5.0,15250,640,4.38,14200,15340,1399-7-19
175,وبوعلي,سرمايه‌گذاري‌بوعلي‌,1344,6150118,59465059110,9720,9860,9680,-40,-0.41,9670,-50,-0.51,9360,9990,1399-7-19
176,سمازن,سيمان‌مازندران‌,1328,9277279,88077065940,9050,9500,9500,450,4.97,9490,440,4.86,9100,9500,1399-7-19
177,دسبحان,سبحان دارو,1311,2406703,44537902530,16890,18860,19200,2310,13.68,18200,1310,7.76,17920,19200,1399-7-19
178,پتاير,ايران‌ تاير,1310,1100478,113333224510,99570,101550,104540,4970,4.99,102990,3420,3.43,95020,104540,1399-7-19
179,ثشرقح,ح. سرمايه گذاري مسكن شمال شرق,1300,11118946,44026164710,4180,3900,3960,-220,-5.26,3960,-220,-5.26,3760,4110,1399-7-19
180,خشرق,الكتريك‌ خودرو شرق‌,1298,5279406,108488246440,19780,20400,20760,980,4.95,20550,770,3.89,19030,20760,1399-7-19
181,زكشت,كشاورزي مكانيزه اصفهان كشت,1297,1855582,56723300291,31463,29890,31100,-363,-1.15,30569,-894,-2.84,29890,31500,1399-7-19
182,شبهرن,نفت‌ بهران‌,1296,1266412,87750853930,66180,68590,69480,3300,4.99,69290,3110,4.7,66380,69480,1399-7-19
183,وصندوق,سرمايه‌گذاري‌صندوق‌بازنشستگي‌,1295,6159472,106543171210,17330,17500,17100,-230,-1.33,17300,-30,-0.17,16810,17970,1399-7-19
184,ساينا,صنايع بهداشتي ساينا,1277,514116,112188460557,227424,216060,216060,-11364,-5.0,218216,-9208,-4.05,216053,226000,1399-7-19
185,پرديس,سرمايه گذاري پرديس,1273,12292315,99967347870,7840,8000,8230,390,4.97,8130,290,3.7,7510,8230,1399-7-19
186,شپديس,پتروشيمي پرديس,1253,1307186,138288906460,105680,107000,107990,2310,2.19,105790,110,0.1,102620,108500,1399-7-19
187,غگرجي,بيسكويت‌  گرجي‌,1250,2093551,66516218490,32150,31100,31790,-360,-1.12,31770,-380,-1.18,30570,33450,1399-7-19
188,كوثر,بيمه كوثر,1247,4042434,62222099450,15496,15505,15510,14,0.09,15392,-104,-0.67,14722,16100,1399-7-19
189,فسپا,گروه‌صنعتي‌سپاهان‌,1215,1890988,87099513070,46410,45000,46000,-410,-0.88,46060,-350,-0.75,44200,47880,1399-7-19
190,شكلر,نيروكلر,1202,1788366,87141077020,46830,49150,49170,2340,5.0,48730,1900,4.06,46830,49170,1399-7-19
191,شيران,س. صنايع‌شيميايي‌ايران,1188,7781898,251900038260,30830,32370,32370,1540,5.0,32370,1540,5.0,32370,32370,1399-7-19
192,حريل,ريل پردازسير,1186,21975567,87406959259,3804,3994,3994,190,4.99,3977,173,4.55,3884,3994,1399-7-19
193,كرازي,كارخانجات‌توليدي‌شيشه‌رازي‌,1183,5270472,88547547930,16280,16280,17090,810,4.98,16800,520,3.19,15800,17090,1399-7-19
194,شوينده,مديريت صنعت شوينده ت.ص.بهشهر,1179,2504781,113877940310,43480,45000,45650,2170,4.99,45460,1980,4.55,44000,45650,1399-7-19
195,شپاكسا,پاكسان‌,1177,3215950,92699216420,28230,28990,29640,1410,4.99,28820,590,2.09,27000,29640,1399-7-19
196,كلوند,كاشي‌ الوند,1171,2395268,61229094500,24700,23650,25930,1230,4.98,25560,860,3.48,23600,25930,1399-7-19
197,وتوصا,گروه س توسعه صنعتي ايران,1143,5161668,69217967880,12780,13410,13410,630,4.93,13410,630,4.93,13410,13410,1399-7-19
198,قنيشا,قند  نيشابور,1142,1812937,184884091430,106170,109990,100870,-5300,-4.99,101980,-4190,-3.95,100870,109990,1399-7-19
199,سخزر,سيمان‌ خزر,1142,1704808,49540426170,29890,30410,28450,-1440,-4.82,29060,-830,-2.78,28400,30980,1399-7-19
200,وكادو,تكادو,1141,5712306,106597996795,18251,18390,18798,547,3.0,18661,410,2.25,18010,18798,1399-7-19
201,دفارا,داروسازي‌ فارابي‌,1128,1546988,120379014900,71600,75000,78750,7150,9.99,77820,6220,8.69,74150,78750,1399-7-19
202,فجر,فولاد اميركبيركاشان,1119,1828065,102225493270,58110,56700,55210,-2900,-4.99,55920,-2190,-3.77,55210,57470,1399-7-19
203,دعبيد,لابراتوارداروسازي‌  دكترعبيدي‌,1113,921431,33136901610,36440,36770,35800,-640,-1.76,36200,-240,-0.66,35000,37490,1399-7-19
204,ميهن,بيمه ميهن,1105,11784245,63063717775,5185,5100,5444,259,5.0,5352,167,3.22,4931,5444,1399-7-19
205,شاوان,پالايش نفت لاوان,1099,634966,70491717401,108358,110000,113499,5141,4.74,111017,2659,2.45,104000,113499,1399-7-19
206,دتوليد,داروسازي توليد دارو,1088,3821393,154803378092,38635,40566,40566,1931,5.0,40510,1875,4.85,39000,40566,1399-7-19
207,دبالك,مواد اوليه دارويي البرز بالك,1053,3315129,54315361513,16464,16000,16960,496,3.01,16384,-80,-0.49,15641,16970,1399-7-19
208,اعتماد,صندوق س.اعتماد آفرين پارسيان-د,1048,27490750,900158595640,32705,32743,32749,44,0.13,32744,39,0.12,32743,32760,1399-7-19
209,پارسيان,بيمه پارسيان,1047,12511495,180218750550,13730,14410,14410,680,4.95,14400,670,4.88,14010,14410,1399-7-19
210,كلر,كلر پارس,1045,674602,43926540457,62252,65360,65364,3112,5.0,64656,2404,3.86,63000,65364,1399-7-19
211,ولصنم,ليزينگ‌صنعت‌ومعدن‌,1042,4500755,41590977560,9010,9010,9460,450,4.99,9200,190,2.11,8580,9460,1399-7-19
212,كنور,توسعه معدني و صنعتي صبانور,1036,1199131,52444544500,45280,45460,43520,-1760,-3.89,43740,-1540,-3.4,43020,45460,1399-7-19
213,كخاكح,ح . صنايع‌خاك‌چيني‌ايران‌,1033,949923,42946025850,45490,47270,44450,-1040,-2.29,45210,-280,-0.62,44010,47270,1399-7-19
214,زشريف,كشت وصنعت شريف آباد,1027,1323061,34100109269,26302,24987,25800,-502,-1.91,25934,-368,-1.4,24987,26500,1399-7-19
215,كگازح,ح . شيشه‌ و گاز,1027,2971593,50432069950,17000,16940,16930,-70,-0.41,16970,-30,-0.18,16000,17450,1399-7-19
216,حتايد,تايدواترخاورميانه,1024,3001444,52775030570,17570,17210,17880,310,1.76,17580,10,0.06,16910,17970,1399-7-19
217,رنيك,جنرال مكانيك,1022,1851379,46567539907,24991,24500,25350,359,1.44,25141,150,0.6,24101,25750,1399-7-19
218,شاملاح,ح . معدني‌ املاح‌  ايران‌,1020,1617017,107215532140,60400,66440,66440,6040,10.0,66300,5900,9.77,60400,66440,1399-7-19
219,سشمال,سيمان‌ شمال‌,1018,3496671,39067045520,10940,10800,11480,540,4.94,11120,180,1.65,10440,11480,1399-7-19
220,دانا,بيمه دانا,1008,7289573,54259060370,7200,7430,7560,360,5.0,7440,240,3.33,7000,7560,1399-7-19
221,واحيا,م .صنايع و معادن احياء سپاهان,1004,2123573,423003373855,203086,196994,200000,-3086,-1.52,199194,-3892,-1.92,196994,203000,1399-7-19
222,وتوسم,سرمايه‌گذاري‌توسعه‌ملي‌,999,4344763,57507144170,12960,13010,13400,440,3.4,13240,280,2.16,12730,13540,1399-7-19
223,وآرين,شركت توسعه اقتصادي آرين,999,7886747,37632280032,4743,4660,4885,142,2.99,4772,29,0.61,4601,4885,1399-7-19
224,قصفها,قنداصفهان‌,997,426328,78617596720,180190,185000,184900,4710,2.61,184410,4220,2.34,178890,188000,1399-7-19
225,تكمبا,كمباين‌ سازي‌ ايران‌,993,10280870,113191338500,10510,11030,11030,520,4.95,11010,500,4.76,10510,11030,1399-7-19
226,بنيرو,نيروترانس‌,991,903415,54941132020,63760,60580,60580,-3180,-4.99,60810,-2950,-4.63,60580,63000,1399-7-19
227,دتوزيع,توزيع دارو پخش,989,950911,49578458177,50936,52000,52760,1824,3.58,52100,1164,2.29,49010,52950,1399-7-19
228,ساراب,سيمان‌ داراب‌,983,3517024,47509682230,13400,13760,13720,320,2.39,13500,100,0.75,12740,13810,1399-7-19
229,سصفها,سيمان‌اصفهان‌,981,894923,95989374350,104240,109000,109450,5210,5.0,107260,3020,2.9,99320,109450,1399-7-19
230,بزاگرسح,ح . نيروگاه زاگرس كوثر,973,4955944,42469489844,8802,8893,8466,-336,-3.82,8569,-233,-2.65,8400,8893,1399-7-19
231,رتاپ,تجارت الكترونيك  پارسيان,963,4478540,30663963240,6560,6850,6880,320,4.88,6730,170,2.59,6560,6880,1399-7-19
232,پارس,پتروشيمي پارس,962,974323,155237503720,160900,158000,159990,-910,-0.57,159330,-1570,-0.98,155050,166000,1399-7-19
233,جم پيلن,پلي پروپيلن جم - جم پيلن,957,1249429,117635158080,97320,92550,95000,-2320,-2.38,94150,-3170,-3.26,92460,96400,1399-7-19
234,كشرق,صنعتي و معدني شمال شرق شاهرود,954,1106147,74032933790,70193,66684,66684,-3509,-5.0,66929,-3264,-4.65,66684,69748,1399-7-19
235,ثترانح,ح سرمايه گذاري مسكن تهران,953,5724539,22685018627,3972,3900,3950,-22,-0.55,3963,-9,-0.23,3810,4099,1399-7-19
236,چدن,توليدي چدن سازان,953,1839914,48919191110,26600,26450,26850,250,0.94,26590,-10,-0.04,25620,27500,1399-7-19
237,سرود,سيمان‌شاهرود,947,3630624,58430744020,15780,15900,16500,720,4.56,16090,310,1.96,15000,16560,1399-7-19
238,وآوا,سرمايه گذاري آوا نوين,947,3547453,44775606978,12114,12380,12719,605,4.99,12551,437,3.61,12114,12719,1399-7-19
239,شفن,پتروشيمي فناوران,946,527375,151134889990,292710,290000,287100,-5610,-1.92,286580,-6130,-2.09,278090,295000,1399-7-19
240,اطلس,صندوق س.توسعه اندوخته آينده-س,933,673428,135445396249,203214,203900,203700,486,0.24,201128,-2086,-1.03,200001,205000,1399-7-19
241,غشهد,شهد ايران ‌,918,5683223,43421266880,7350,7700,7710,360,4.9,7590,240,3.27,7050,7710,1399-7-19
242,وهنر,گروه توسعه هنر ايران,916,8840740,43389073839,4796,4899,4939,143,2.98,4908,112,2.34,4710,4939,1399-7-19
243,بفجر,فجر انرژي خليج فارس,902,5009052,165158734430,31660,32900,33240,1580,4.99,32970,1310,4.14,31930,33240,1399-7-19
244,لوتوس,تامين سرمايه لوتوس پارسيان,899,3667196,57204154760,15840,15340,16050,210,1.33,15600,-240,-1.52,15050,16500,1399-7-19
245,بركت,گروه دارويي بركت,889,1681956,29720162520,16830,17670,17670,840,4.99,17310,480,2.85,17670,17670,1399-7-19
246,كيان,صندوق س. با درآمد ثابت كيان,887,34209113,871365861400,25450,25490,25470,20,0.08,25470,20,0.08,25460,25500,1399-7-19
247,مبين,مبين انرژي خليج فارس,882,3305832,89375801970,26790,26550,27170,380,1.42,27010,220,0.82,26060,27500,1399-7-19
248,مارون,پتروشيمي مارون,881,335320,48498642448,147313,144000,141700,-5613,-3.81,145990,-1323,-0.9,140000,150000,1399-7-19
249,فايرا,آلومينيوم‌ايران‌,870,2522171,46097039760,18150,18500,18300,150,0.83,18270,120,0.66,17500,18970,1399-7-19
250,كگهر,سنگ آهن گهرزمين,866,1125702,49862591795,45841,45500,43549,-2292,-5.0,45176,-665,-1.45,43549,45841,1399-7-19
251,نوين,بيمه نوين,865,6952598,41242341585,5686,5970,5970,284,4.99,5880,194,3.41,5706,5970,1399-7-19
252,شپارس,بين‌ المللي‌ محصولات‌  پارس‌,862,4131420,62583007900,15310,15450,15650,340,2.22,15150,-160,-1.05,14550,15950,1399-7-19
253,غگل,گلوكوزان‌,853,4832220,26528887800,5230,5490,5490,260,4.97,5360,130,2.49,5490,5490,1399-7-19
254,پارسيانح,ح.بيمه پارسيان,852,3546949,47166040330,13340,12980,13250,-90,-0.67,13300,-40,-0.3,12100,13890,1399-7-19
255,ميدكو,هلدينگ صنايع  معدني خاورميانه,850,3701319,79958680358,21387,21390,21880,493,2.31,21529,142,0.66,21120,22145,1399-7-19
256,گوهر,صندوق سكه طلاي كيان,848,548029,41966534850,71554,76200,76415,4861,6.79,76577,5023,7.02,75150,77500,1399-7-19
257,وسخراش,شركت س استان خراسان شمالي,843,12564611,18142299600,1400,1460,1450,50,3.57,1420,20,1.43,1330,1470,1399-7-19
258,زماهان,مجتمع توليد گوشت مرغ ماهان,839,2091588,54004147456,24823,25700,26064,1241,5.0,25820,997,4.02,23752,26064,1399-7-19
259,شخارك,پتروشيمي‌ خارك‌,827,870952,38987072700,45440,44150,44630,-810,-1.78,45170,-270,-0.59,44010,46180,1399-7-19
260,كرماشا,صنايع پتروشيمي كرمانشاه,825,1313845,57205320290,44060,43000,43510,-550,-1.25,43580,-480,-1.09,41900,45000,1399-7-19
261,غبشهر,صنعتي‌ بهشهر,814,2202951,55378826690,24350,25000,25560,1210,4.97,25140,790,3.24,23400,25560,1399-7-19
262,ثالوند,سرمايه گذاري مسكن الوند,810,3438292,43449525180,13091,12501,12437,-654,-5.0,12682,-409,-3.12,12437,13374,1399-7-19
263,سخوز,سيمان خوزستان,807,3221348,78731239900,23690,24290,24870,1180,4.98,24440,750,3.17,23760,24870,1399-7-19
264,دتمادح,ح . توليدمواداوليه‌داروپخش‌,783,655947,30368908920,45810,47000,46500,690,1.51,46300,490,1.07,45140,47500,1399-7-19
265,كاردان,صندوق س تجارت شاخصي كاردان,782,341069,64935074010,193990,191940,190780,-3210,-1.65,190390,-3600,-1.86,188000,192970,1399-7-19
266,شپارسح,ح . بين‌ المللي‌محصولات پارس‌,778,3932326,46092306304,12180,12279,12140,-40,-0.33,11721,-459,-3.77,11250,12279,1399-7-19
267,سبهان,سيمان‌ بهبهان‌,777,448630,29005734850,61810,64900,64000,2190,3.54,63390,1580,2.56,59810,64900,1399-7-19
268,غدام,خوراك‌  دام‌ پارس‌,775,646446,102005427510,151110,158660,158660,7550,5.0,157790,6680,4.42,151110,158660,1399-7-19
269,خزر,فنرسازي‌زر,774,3905505,34393584030,8420,8700,8840,420,4.99,8670,250,2.97,8500,8840,1399-7-19
270,غمينو,شركت صنايع غذايي مينو شرق,771,2068806,30255895459,14153,14500,14860,707,5.0,14429,276,1.95,14153,14860,1399-7-19
271,وملل تبعي9912,اختيارف.تبعي ملل 991220,766,7333227,733322700,100,100,100,0,0.0,100,0,0.0,100,100,1399-7-19
272,فباهنر,مس‌ شهيدباهنر,761,1121920,61313739000,52300,54550,54910,2610,4.99,54650,2350,4.49,52500,54910,1399-7-19
273,واتي,سرمايه‌ گذاري‌ آتيه‌ دماوند,760,7123386,98909424750,13330,13500,13990,660,4.95,13890,560,4.2,12720,13990,1399-7-19
274,كاذر,فرآورده‌هاي‌نسوزآذر,759,1612867,60609915800,35920,37710,37710,1790,4.98,37580,1660,4.62,36250,37710,1399-7-19
275,شسينا,صنايع‌شيميايي‌سينا,752,76104,39081566870,534520,507800,509780,-24740,-4.63,517440,-17080,-3.2,507800,530610,1399-7-19
276,شيراز,پتروشيمي‌شيراز,745,1406253,84595779570,60900,61400,60000,-900,-1.48,60260,-640,-1.05,58620,62500,1399-7-19
277,خفولا,خدمات فني فولاد يزد,734,2311249,67108956239,28798,27936,29661,863,3.0,29036,238,0.83,27935,29661,1399-7-19
278,وپويا,سرمايه گذاري پويا,723,1320967,14358911290,11442,10870,10870,-572,-5.0,11269,-173,-1.51,10870,10870,1399-7-19
279,بموتو,موتوژن‌,723,619331,33489690540,53810,54900,53500,-310,-0.58,53990,180,0.33,52180,55000,1399-7-19
280,قشرين,قند شيرين خراسان,711,3346952,62140771071,19112,18550,18539,-573,-3.0,18566,-546,-2.86,18539,19112,1399-7-19
281,سپ,پرداخت الكترونيك سامان كيش,710,912420,21240290250,22850,23500,23300,450,1.97,23030,180,0.79,22850,23500,1399-7-19
282,تاپكيش,تجارت الكترونيك پارسيان كيش,706,2839866,31823735838,10861,10870,11404,543,5.0,11074,213,1.96,10320,11404,1399-7-19
283,دشيمي,شيمي‌ داروئي‌ داروپخش‌,704,3261988,216337098930,63260,66420,66420,3160,5.0,66320,3060,4.84,62600,66420,1399-7-19
284,غشصفا,شيرپاستوريزه‌پگاه‌اصفهان‌,700,2822732,87907004280,30250,31190,31760,1510,4.99,31140,890,2.94,28800,31760,1399-7-19
285,مداران,داده‌پردازي‌ايران‌,698,2986671,83318496910,28260,29000,28840,580,2.05,27900,-360,-1.27,26850,29500,1399-7-19
286,سدور,سيمان‌ دورود,689,5144203,42808182410,7950,8340,8340,390,4.91,8250,300,3.77,8080,8340,1399-7-19
287,تكشا,گسترش‌صنايع‌وخدمات‌كشاورزي‌,685,523660,47158025930,94590,94590,89870,-4720,-4.99,90100,-4490,-4.75,89870,94590,1399-7-19
288,كهمدا,شيشه‌ همدان‌,681,1674122,42959851470,24680,25000,25910,1230,4.98,25490,810,3.28,23620,25910,1399-7-19
289,كرمان,س. توسعه و عمران استان كرمان,668,794087,63256970420,75867,79660,79660,3793,5.0,79660,3793,5.0,79660,79660,1399-7-19
290,داوه,داروسازي آوه سينا,667,1002157,18219652608,17697,18376,18299,602,3.4,17868,171,0.97,17700,18376,1399-7-19
291,ثپرديسح,ح.سرمايه گذاري مسكن پرديس,666,1762893,14797527850,8328,8690,8404,76,0.91,8394,66,0.79,8020,8690,1399-7-19
292,حآسا,آسيا سير ارس,664,1752981,20671826328,11780,11700,12299,519,4.41,11785,5,0.04,11310,12345,1399-7-19
293,ملت,بيمه ملت,663,3340200,44449297380,12760,13220,13390,630,4.94,13230,470,3.68,12900,13390,1399-7-19
294,آتيمس,صندوق س.آرمان آتيه درخشان مس-س,663,260370,57827349871,226831,226990,222500,-4331,-1.91,222097,-4734,-2.09,218520,226990,1399-7-19
295,خديزل,بهمن  ديزل,661,946737,45474710224,49056,50385,49880,824,1.68,48106,-950,-1.94,46604,50385,1399-7-19
296,كمنگنز,معادن‌منگنزايران‌,661,1139373,117900420650,99020,103960,103970,4950,5.0,103480,4460,4.5,95030,103970,1399-7-19
297,پارند,صندوق س. پارند پايدار سپهر,656,13755227,162722286120,11820,11830,11840,20,0.17,11830,10,0.08,11810,11850,1399-7-19
298,گوهران,سرمايه گذاري توسعه گوهران اميد,653,2541777,23910156525,9518,9350,9329,-189,-1.99,9464,-54,-0.57,9250,9697,1399-7-19
299,قزوين,كارخانجات‌ قند قزوين‌,653,2447178,82514495980,35190,35170,33500,-1690,-4.8,33720,-1470,-4.18,33440,35170,1399-7-19
300,شدوص,دوده‌ صنعتي‌ پارس‌,652,1178386,23077161560,20510,19510,19630,-880,-4.29,20060,-450,-2.19,19490,20440,1399-7-19
301,پكوير,كوير تاير,647,3697934,52618717510,13590,14000,14260,670,4.93,14230,640,4.71,13820,14260,1399-7-19
302,وسناح,ح. سرمايه گذاري نيروگاهي ايران,639,985323,12320933779,12886,12500,12500,-386,-3.0,12504,-382,-2.96,12500,12600,1399-7-19
303,دسبحا,گروه دارويي سبحان,639,1484278,27910247680,18190,19090,18780,590,3.24,18520,330,1.81,18550,19090,1399-7-19
304,شلعاب,لعابيران‌,634,1282509,10785037870,8660,8740,8490,-170,-1.96,8600,-60,-0.69,8230,8740,1399-7-19
305,ثمسكن,سرمايه‌گذاري‌ مسكن‌,633,7400783,54276422120,7040,7190,7390,350,4.97,7330,290,4.12,7140,7390,1399-7-19
306,سغرب,سيمان‌غرب‌,630,1047536,21756687080,21470,20770,20700,-770,-3.59,21150,-320,-1.49,20400,21420,1399-7-19
307,دكپسول,توليد ژلاتين كپسول ايران,628,932171,35167160295,38160,38299,37500,-660,-1.73,37851,-309,-0.81,36252,39750,1399-7-19
308,زگلدشت,كشت و دام گلدشت نمونه اصفهان,620,654669,24153074742,38013,37900,37130,-883,-2.32,37456,-557,-1.47,36113,38300,1399-7-19
309,دامين,داروسازي‌ امين‌,616,2135703,30132874590,13510,13990,14180,670,4.96,13860,350,2.59,13200,14180,1399-7-19
310,فپنتا,سپنتا,616,133260,42984553800,339450,322480,322480,-16970,-5.0,324170,-15280,-4.5,322480,326660,1399-7-19
311,دسانكو,داروسازي سبحان انكولوژي,613,1889633,32158217729,16287,16990,17101,814,5.0,16737,450,2.76,16410,17101,1399-7-19
312,آريان,سرمايه گذاري پارس آريان,612,11852682,173898349493,14273,14650,14701,428,3.0,14672,399,2.8,14400,14701,1399-7-19
313,فخاس,فولاد خراسان,612,1390772,51955149280,38310,36440,38300,-10,-0.03,37800,-510,-1.33,36400,39500,1399-7-19
314,حپارسا,توسعه حمل و نقل ريلي پارسيان,599,894201,28998813573,33107,32580,32889,-218,-0.66,32706,-401,-1.21,31452,34270,1399-7-19
315,شگل,گلتاش‌,598,1544064,43818968690,27800,28800,28590,790,2.84,28300,500,1.8,27800,29160,1399-7-19
316,جم,پتروشيمي جم,593,1031228,48540446960,47580,48400,47320,-260,-0.55,47330,-250,-0.53,45220,48700,1399-7-19
317,تماوند,تامين سرمايه دماوند,591,12868385,187736868765,14165,14589,14589,424,2.99,14589,424,2.99,14589,14589,1399-7-19
318,غفارس,شير پاستوريزه پگاه فارس,589,1280862,12433072036,9809,9978,9977,168,1.71,9783,-26,-0.27,9440,9999,1399-7-19
319,دارا,صندوق س. دارا الگوريتم-د,588,20862478,209440842953,10041,10060,10030,-11,-0.11,10039,-2,-0.02,10020,10061,1399-7-19
320,ونيرو,سرمايه‌گذاري‌نيرو,586,2909023,16232348340,5870,5580,5580,-290,-4.94,5770,-100,-1.7,5580,5580,1399-7-19
321,ددام,داروسازي زاگرس فارمد پارس,583,2106209,29218564530,13340,13790,14000,660,4.95,13640,300,2.25,13100,14000,1399-7-19
322,اعتلاح,ح سرمايه گذاري اعتلاء البرز,579,2358077,17757745218,7828,7671,7440,-388,-4.96,7531,-297,-3.79,7440,7830,1399-7-19
323,دسبحاح,ح .گروه دارويي سبحان,573,1233438,20468536580,17000,17080,16730,-270,-1.59,16590,-410,-2.41,15310,18210,1399-7-19
324,ثاخت,بين‌المللي‌توسعه‌ساختمان,571,6993486,31400752140,4280,4490,4490,210,4.91,4410,130,3.04,4490,4490,1399-7-19
325,هجرت,پخش هجرت,570,839703,53000395712,60384,61250,63403,3019,5.0,63118,2734,4.53,60500,63403,1399-7-19
326,ماديرا,صنايع ماشين هاي اداري ايران,568,3443377,126788584517,35068,36821,36821,1753,5.0,36821,1753,5.0,36821,36821,1399-7-19
327,كپرور,فرآوري زغال سنگ پروده طبس,568,1583387,67719659120,40804,42600,42844,2040,5.0,42769,1965,4.82,41000,42844,1399-7-19
328,شرانل,نفت ايرانول,564,1656424,50884751978,29444,30910,30916,1472,5.0,30688,1244,4.22,29510,30916,1399-7-19
329,شفا,سرمايه گذاري شفادارو,563,819990,55401454950,65390,65950,68620,3230,4.94,67560,2170,3.32,65400,68650,1399-7-19
330,مفاخر,توسعه فناوري اطلاعات خوارزمي,560,3138118,158646211073,49600,49600,51000,1400,2.82,50555,955,1.93,49600,51700,1399-7-19
331,بكام,كارخانجات توليدي شهيد قندي,557,4020208,23075993920,5470,5740,5740,270,4.94,5590,120,2.19,5740,5740,1399-7-19
332,شكربن,كربن‌ ايران‌,557,890388,72713056420,78420,80500,82340,3920,5.0,81660,3240,4.13,79030,82340,1399-7-19
333,سهرمز,سيمان‌هرمزگان‌,557,1800868,30943145790,17130,17750,17980,850,4.96,17160,30,0.18,16280,17980,1399-7-19
334,شراز,پالايش نفت شيراز,556,233594,25835760567,109667,112900,112200,2533,2.31,110146,479,0.44,106001,113200,1399-7-19
335,كاريس,صندوق س.سپهر كاريزما-س,548,312733,67049155870,217016,213350,216450,-566,-0.26,214397,-2619,-1.21,210051,217016,1399-7-19
336,شنفت,نفت‌ پارس‌,546,791751,43901473270,54540,56900,56250,1710,3.14,55260,720,1.32,54500,56900,1399-7-19
337,لسرما,سرما آفرين‌,542,791345,18629751450,23490,22410,23000,-490,-2.09,23510,20,0.09,22410,24490,1399-7-19
338,دالبر,البرزدارو,539,805827,16820677090,20560,21000,20890,330,1.61,20660,100,0.49,19540,21390,1399-7-19
339,حسينا,توسعه خدمات دريايي وبندري سينا,536,1433610,84784507973,58059,55360,60961,2902,5.0,59141,1082,1.86,55360,60961,1399-7-19
340,انرژي3,سايراشخاص بورس انرژي,526,200917,73378906740,347830,365220,365220,17390,5.0,362390,14560,4.19,365220,365220,1399-7-19
341,غپينو,پارس‌ مينو,521,4341596,29305773000,6430,6750,6750,320,4.98,6610,180,2.8,6750,6750,1399-7-19
342,غپونه,نوش پونه مشهد,519,1397701,22993700863,16323,16110,16812,489,3.0,16451,128,0.78,15834,16812,1399-7-19
343,ولملت,واسپاري ملت,514,3657853,36689233110,10510,9990,10050,-460,-4.38,10140,-370,-3.52,9990,10380,1399-7-19
344,فيروزه,صندوق شاخص30 شركت فيروزه- سهام,508,245435,47765821770,196860,194130,194180,-2680,-1.36,194620,-2240,-1.14,194000,197880,1399-7-19
345,كروي,توسعه‌ معادن‌ روي‌ ايران‌,499,2985484,99506181720,31750,33330,33330,1580,4.98,33330,1580,4.98,33330,33330,1399-7-19
346,زشگزا,شير و گوشت زاگرس شهركرد,497,285001,28334029527,99986,95800,97820,-2166,-2.17,99662,-324,-0.32,95800,101900,1399-7-19
347,ومعلم,بيمه معلم,495,2597259,16445409401,6037,6338,6338,301,4.99,6129,92,1.52,6190,6338,1399-7-19
348,زفكا,كشت و دامداري فكا,491,654961,26922269621,39501,41290,41476,1975,5.0,40331,830,2.1,39660,41476,1399-7-19
349,سكارون,سيمان كارون,491,537136,55086227329,101187,98152,104222,3035,3.0,102555,1368,1.35,98152,104222,1399-7-19
350,فرآور,فرآوري‌موادمعدني‌ايران‌,483,1616941,37463392450,22130,23230,23230,1100,4.97,22870,740,3.34,22240,23230,1399-7-19
351,سخاش,سيمان‌خاش‌,482,181365,13819024500,77110,77120,76000,-1110,-1.44,76850,-260,-0.34,74090,80170,1399-7-19
352,غچين,كشت‌ و صنعت‌ چين‌ چين,481,489571,22983183450,46650,47900,46810,160,0.34,46780,130,0.28,44320,47900,1399-7-19
353,دفرا,فرآورده‌هاي‌ تزريقي‌ ايران‌,480,1672015,44124303570,27610,26230,27200,-410,-1.48,26480,-1130,-4.09,26230,27500,1399-7-19
354,شجم,صنايع پتروشيمي تخت جمشيد,476,3491322,29065054922,8089,8331,8331,242,2.99,8325,236,2.92,8170,8331,1399-7-19
355,گشان,توسعه بين المللي پديده شانديز,472,68679,16189838028,240542,235732,235732,-4810,-2.0,238958,-1584,-0.66,235732,235732,1399-7-19
356,شبصير,توليدات پتروشيمي قائد بصير,466,371862,50725728187,136171,139800,135670,-501,-0.37,136410,239,0.18,130010,139800,1399-7-19
357,زعف9908پ10,زعفران9908نگين طلاي سرخ(پ),460,219908,21233360478,92396,97000,97015,4619,5.0,96556,4160,4.5,94350,97015,1399-7-19
358,وايران,ليزينگ ايرانيان,456,2095324,20728638600,10410,9890,9890,-520,-5.0,10180,-230,-2.21,9890,10000,1399-7-19
359,وسقم,شركت س استان قم,456,8483003,12188650860,1380,1440,1440,60,4.35,1390,10,0.72,1320,1440,1399-7-19
360,كفرا,فراورده‌ هاي‌ نسوزايران‌,455,483152,21057493690,42420,44490,44530,2110,4.97,42900,480,1.13,40500,44540,1399-7-19
361,كيميا,معدني كيمياي زنجان گستران,452,1647502,48181195990,27853,29245,29245,1392,5.0,29131,1278,4.59,29245,29245,1399-7-19
362,كي بي سي,شركت كي بي سي,448,812015,30563700173,35929,37200,37725,1796,5.0,36927,998,2.78,36650,37725,1399-7-19
363,سفار,سيمان‌فارس‌,443,270525,25750668340,100010,99640,100000,-10,-0.01,97400,-2610,-2.61,95010,100000,1399-7-19
364,پسهند,صنايع‌ لاستيكي‌  سهند,442,1047352,57040979260,53780,54950,55130,1350,2.51,54460,680,1.26,51100,56000,1399-7-19
365,بهپاك,صنعتي بهپاك,437,1708457,57786849568,32214,33824,33824,1610,5.0,33824,1610,5.0,33824,33824,1399-7-19
366,بساما,بيمه سامان,431,2232188,50948051734,21924,21500,23020,1096,5.0,22805,881,4.02,20850,23020,1399-7-19
367,درهآور,دارويي ره آورد تامين,430,523274,15455219207,28343,29460,29760,1417,5.0,28697,354,1.25,28500,29760,1399-7-19
368,ختوقا,قطعات‌ اتومبيل‌ ايران‌,423,4801559,20742734880,4120,4320,4320,200,4.85,4200,80,1.94,4320,4320,1399-7-19
369,ثعتما,س. ساختماني اعتماد گستر,412,1504141,52551258097,35701,34700,34630,-1071,-3.0,34938,-763,-2.14,34630,36770,1399-7-19
370,غسالم,سالمين‌,408,3095720,15169028000,4670,4900,4900,230,4.93,4740,70,1.5,4900,4900,1399-7-19
371,افق ملت,صندوق س در سهام افق ملت,399,123599,18002948000,147240,147250,145670,-1570,-1.07,145660,-1580,-1.07,144760,147500,1399-7-19
372,سكرما,سيمان‌ كرمان‌,398,2311944,36004930940,14980,15350,15720,740,4.94,15390,410,2.74,14980,15720,1399-7-19
373,وصنا,گروه‌صنايع‌بهشهرايران‌,397,2282883,24719982430,10370,10740,10880,510,4.92,10590,220,2.12,10430,10880,1399-7-19
374,دپارس,پارس‌ دارو,391,403103,41949488620,100810,99000,105850,5040,5.0,103460,2650,2.63,97000,105850,1399-7-19
375,قشكر,شكرشاهرود,391,411529,17027187910,43530,41500,41360,-2170,-4.99,42760,-770,-1.77,41360,42000,1399-7-19
376,شتوكا,توكا رنگ فولاد سپاهان,390,447019,12755026397,28859,30190,28990,131,0.45,28775,-84,-0.29,27419,30190,1399-7-19
377,غالبر,لبنيات‌ كالبر,382,1127375,14644601250,13670,12990,12990,-680,-4.97,13460,-210,-1.54,12990,12990,1399-7-19
378,زمگسا,كشاورزي‌ ودامپروي‌ مگسال‌,378,613884,16476681750,26810,27450,27800,990,3.69,26820,10,0.04,25500,28000,1399-7-19
379,وآفري,بيمه كارآفرين,376,2696233,47272600080,18074,17532,17532,-542,-3.0,17533,-541,-2.99,17532,17600,1399-7-19
380,بخاور,بيمه زندگي خاورميانه,375,4096305,30818137900,7184,7273,7543,359,5.0,7384,200,2.78,7273,7543,1399-7-19
381,قچار,فراوردههاي غذايي وقند چهارمحال,367,145803,29424838314,198450,205555,199900,1450,0.73,200396,1946,0.98,198900,205555,1399-7-19
382,وسرمد,بيمه  سرمد,365,3202201,20224672343,6191,6021,6376,185,2.99,6315,124,2.0,6021,6376,1399-7-19
383,بالبر,كابل‌ البرز,365,665589,16380906210,25720,24440,25800,80,0.31,25340,-380,-1.48,24440,25800,1399-7-19
384,وآيند,بانك  آينده,359,8689964,245743491956,27725,28279,28279,554,2.0,28279,554,2.0,28279,28279,1399-7-19
385,خصدرا,صنعتي‌ دريايي‌ ايران‌,352,2114452,13536721704,6599,6402,6402,-197,-2.99,6559,-40,-0.61,6402,6402,1399-7-19
386,وتوس,توسعه‌شهري‌توس‌گستر,350,1541567,55897219420,34540,36260,36260,1720,4.98,36260,1720,4.98,36260,36260,1399-7-19
387,آساس,صندوق س.آسمان آرماني سهام-س,350,152353,25605248826,168773,168000,168885,112,0.07,168065,-708,-0.42,165000,169350,1399-7-19
388,پاسا,ايران‌ياساتايرورابر,345,1264419,26552799000,22100,21000,21000,-1100,-4.98,21490,-610,-2.76,21000,21000,1399-7-19
389,والبر,سرمايه‌ گذاري‌ البرز(هلدينگ‌,344,1718359,31652172780,17550,18420,18420,870,4.96,18070,520,2.96,18420,18420,1399-7-19
390,تكنار,مجتمع معادن مس تكنار,343,337998,30296437346,85489,89763,89763,4274,5.0,89635,4146,4.85,88053,89763,1399-7-19
391,كخاك,صنايع‌خاك‌چيني‌ايران‌,337,332840,17041895940,52720,52000,52270,-450,-0.85,52190,-530,-1.01,50110,53500,1399-7-19
392,حخزر,كشتيراني درياي خزر,337,694610,16453878908,22849,23000,23700,851,3.72,23115,266,1.16,22700,23991,1399-7-19
393,سفانو,سيمان فارس نو,336,369765,11896217590,32190,32490,32500,310,0.96,32190,0,0.0,30610,33270,1399-7-19
394,خلنت,لنت‌ ترمزايران‌,335,141424,13286383640,97220,97000,93900,-3320,-3.41,96320,-900,-0.93,92360,97900,1399-7-19
395,بمپنا,توليد برق عسلويه  مپنا,335,227176,20568515779,90148,90148,90250,102,0.11,90309,161,0.18,86750,92489,1399-7-19
396,دسينا,داروسازي‌ سينا,332,362560,10036231570,27450,28600,28050,600,2.19,27500,50,0.18,26610,28600,1399-7-19
397,وبشهر,توسعه‌ صنايع‌ بهشهر(هلدينگ,330,3815620,71542875000,17860,18750,18750,890,4.98,18750,890,4.98,18750,18750,1399-7-19
398,شپلي,پلي اكريل ايران,330,3187857,22732608267,7506,7131,7131,-375,-5.0,7131,-375,-5.0,7131,7131,1399-7-19
399,ما,بيمه  ما,329,3869274,22534732540,5600,5740,5880,280,5.0,5700,100,1.79,5600,5880,1399-7-19
400,لپارس,پارس‌ الكتريك‌,329,19273,6796623450,371210,352650,352650,-18560,-5.0,368550,-2660,-0.72,352650,352650,1399-7-19
401,دارو,كارخانجات‌داروپخش‌,326,1053761,60580719890,54760,57490,57490,2730,4.99,57490,2730,4.99,57490,57490,1399-7-19
402,خفنر,فنرسازي‌خاور,322,1401860,27686735000,20780,19750,19750,-1030,-4.96,20180,-600,-2.89,19750,19750,1399-7-19
403,وزمين,بانك ايران زمين,317,10047326,153060964284,15544,15234,15234,-310,-1.99,15234,-310,-1.99,15234,15234,1399-7-19
404,كاسپينح,ح .داروسازي كاسپين تامين,316,489152,11736758752,22981,24110,24130,1149,5.0,23994,1013,4.41,21832,24130,1399-7-19
405,كبافق,معادن‌ بافق‌,314,561740,17183626600,29140,30590,30590,1450,4.98,29610,470,1.61,30590,30590,1399-7-19
406,پارتا,مجتمع‌صنعتي‌آرتاويل‌تاير,312,676138,40499371152,63047,59895,60000,-3047,-4.83,59898,-3149,-4.99,59895,61152,1399-7-19
407,خراسان,پتروشيمي خراسان,308,222298,19285246820,88000,88000,87000,-1000,-1.14,87610,-390,-0.44,85600,88000,1399-7-19
408,داسوه,داروسازي‌ اسوه‌,303,246340,7487235100,30260,31400,30840,580,1.92,30280,20,0.07,29000,31400,1399-7-19
409,گپارس,امور رفاهي كارگزاران پارس,302,219901,25235491941,118063,121600,114522,-3541,-3.0,114758,-3305,-2.8,114522,121600,1399-7-19
410,صايند,صندوق س. گنجينه آينده روشن-د,297,9414370,94054222100,9921,9910,9971,50,0.5,9990,69,0.7,9910,10010,1399-7-19
411,سيستم,همكاران سيستم,292,1561672,45695807200,27880,29260,29270,1390,4.99,29080,1200,4.3,28500,29270,1399-7-19
412,قثابت,قند ثابت‌ خراسان‌,282,287998,26288457440,86940,91280,91280,4340,4.99,89110,2170,2.5,91280,91280,1399-7-19
413,وپترو,سرمايه‌گذاري صنايع پتروشيمي‌,282,2027609,34367972550,16150,16950,16950,800,4.95,16670,520,3.22,16950,16950,1399-7-19
414,فنفت,صنايع تجهيزات نفت,282,4948269,71581456801,14573,14136,15010,437,3.0,14466,-107,-0.73,14136,15010,1399-7-19
415,فلات,گروه صنايع معادن فلات ايرانيان,282,1232193,16081791259,12964,13250,13352,388,2.99,13034,70,0.54,12600,13352,1399-7-19
416,فاما,صنعتي‌ آما,282,944797,21265601480,21440,22510,22510,1070,4.99,21870,430,2.01,22170,22510,1399-7-19
417,دكيمي,كيميدارو,281,353038,8098719270,23910,22820,23330,-580,-2.43,23750,-160,-0.67,22720,24100,1399-7-19
418,زپارس,ملي كشت و صنعت و دامپروري پارس,280,229137,15871283890,69720,70000,68310,-1410,-2.02,69570,-150,-0.22,67040,70000,1399-7-19
419,ضصاد8024,اختيارخ وبصادر-5500-1399/08/11,276,15930,2254627000,65,120,149,84,129.23,142,77,118.46,120,170,1399-7-19
420,كاسپين,داروسازي كاسپين تامين,274,857844,23291300953,25992,27279,27291,1299,5.0,26509,517,1.99,26014,27291,1399-7-19
421,دزهراوي,داروسازي‌زهراوي‌,272,1434582,16339888980,10850,11390,11390,540,4.98,11020,170,1.57,11390,11390,1399-7-19
422,توريل,توکاريل,266,2133222,47654046258,21276,22339,22339,1063,5.0,22241,965,4.54,22339,22339,1399-7-19
423,پيزد,مجتمع صنايع لاستيك يزد,260,28382,2881028438,106851,101509,101509,-5342,-5.0,106527,-324,-0.3,101509,101509,1399-7-19
424,شپاس,نفت پاسارگاد,256,2471080,56044094400,21600,22680,22680,1080,5.0,22680,1080,5.0,22680,22680,1399-7-19
425,ودي,بيمه  دي,256,6332349,128989949130,19400,20370,20370,970,5.0,20370,970,5.0,20370,20370,1399-7-19
426,وملي,گروه‌ صنعتي‌ ملي‌ (هلدينگ‌,254,39044,17677951880,476600,452770,452770,-23830,-5.0,467730,-8870,-1.86,452770,452770,1399-7-19
427,نمرينو,ايران‌ مرينوس‌,253,195906,11126776940,59610,62410,57700,-1910,-3.2,58950,-660,-1.11,56630,62410,1399-7-19
428,ثجوان,تامين مسكن جوانان,252,2402068,18953374206,7548,7925,7925,377,4.99,7858,310,4.11,7551,7925,1399-7-19
429,فجام,جام‌دارو,251,108905,6157488700,59510,56540,56540,-2970,-4.99,59130,-380,-0.64,56540,56540,1399-7-19
430,پرداخت,به پرداخت ملت,251,210016,9074376400,41280,43000,43340,2060,4.99,41610,330,0.8,41290,43340,1399-7-19
431,سقاين,سيمان‌ قائن‌,250,186971,7889014840,43000,43800,42690,-310,-0.72,42870,-130,-0.3,41000,43800,1399-7-19
432,وآذر,سرمايه‌گذاري‌توسعه‌آذربايجان‌,247,391509,57872860380,140790,147820,147820,7030,4.99,147820,7030,4.99,147820,147820,1399-7-19
433,غپاك,لبنيات‌ پاك‌,241,1291354,19383223540,15800,15010,15010,-790,-5.0,15480,-320,-2.03,15010,15010,1399-7-19
434,ستران,سيمان‌ تهران‌,237,409862,13865631460,32220,33830,33830,1610,5.0,32650,430,1.33,33830,33830,1399-7-19
435,سفارس,سيمان فارس و خوزستان,237,954250,16279505000,16250,17060,17060,810,4.98,16500,250,1.54,17060,17060,1399-7-19
436,دابور,داروسازي‌ ابوريحان‌,237,801381,36106767540,42960,45100,45100,2140,4.98,44400,1440,3.35,43040,45100,1399-7-19
437,واحصا,احياء صنايع خراسان,235,455957,7952873543,17753,17221,17530,-223,-1.26,17627,-126,-0.71,17221,18100,1399-7-19
438,دلر,داروسازي‌ اكسير,235,206305,22295381350,102930,108070,108070,5140,4.99,105110,2180,2.12,108070,108070,1399-7-19
439,وتعاون,بيمه  تعاون,230,1485926,8702779113,5898,6070,5820,-78,-1.32,5880,-18,-0.31,5730,6070,1399-7-19
440,سبجنو,سيمان‌ بجنورد,228,244314,8100500070,32720,34350,32560,-160,-0.49,32790,70,0.21,32200,34350,1399-7-19
441,شاملا,معدني‌ املاح‌  ايران‌,224,133910,9755711070,74080,77750,73100,-980,-1.32,73840,-240,-0.32,70380,77750,1399-7-19
442,ثتران,سرمايه گذاري مسكن تهران,221,1690306,10948111962,6817,6477,6477,-340,-4.99,6739,-78,-1.14,6477,6477,1399-7-19
443,كسرا,سراميك‌هاي‌صنعتي‌اردكان‌,221,1998301,41284898660,19680,20660,20660,980,4.98,20450,770,3.91,20660,20660,1399-7-19
444,سنوين,سرمايه گذاري اقتصاد نوين,221,807250,9602752604,11699,11932,11931,232,1.98,11885,186,1.59,11813,11932,1399-7-19
445,ريشمك,توليد و صادرات ريشمك,220,654733,25262872805,36748,38585,38585,1837,5.0,37632,884,2.41,38585,38585,1399-7-19
446,كتوكا,توليدي و خدمات صنايع نسوز توكا,217,72217,9986575654,145195,141890,137936,-7259,-5.0,143746,-1449,-1.0,137936,141890,1399-7-19
447,سصوفي,سيمان‌ صوفيان‌,215,1003822,14545380780,13800,14490,14490,690,5.0,13990,190,1.38,14490,14490,1399-7-19
448,امين يكم2,صندوق درآمد ثابت امين يكم فردا,210,21000000,21000000,10350,1,1,-10349,-99.99,1,-10349,-99.99,1,1,1399-7-19
449,غويتا,ويتانا,209,156807,10081278837,67674,64291,64291,-3383,-5.0,66956,-718,-1.06,64291,64291,1399-7-19
450,پكويرح,ح. كوير تاير,204,3428989,41780616800,12000,12000,12200,200,1.67,12180,180,1.5,12000,13200,1399-7-19
451,كترام,توليدي‌ كاشي‌ تكسرام‌,201,597796,11866250600,18910,19850,19850,940,4.97,19120,210,1.11,19850,19850,1399-7-19
452,رانفور,خدمات‌انفورماتيك‌,197,829643,24698472110,28360,29770,29770,1410,4.97,28710,350,1.23,29770,29770,1399-7-19
453,پخش,پخش البرز,194,562816,18257185353,30914,32459,32459,1545,5.0,31445,531,1.72,31717,32459,1399-7-19
454,غبهنوش,بهنوش‌ ايران‌,193,415799,25538222180,58670,61300,61600,2930,4.99,60010,1340,2.28,58810,61600,1399-7-19
455,وپست,پست بانك ايران,192,3069261,34805419740,10800,11340,11340,540,5.0,11160,360,3.33,11340,11340,1399-7-19
456,بنو,بيمه تجارت نو,191,1771385,56149361730,30189,31698,31698,1509,5.0,31698,1509,5.0,31698,31698,1399-7-19
457,شزنگ,تجهيزنيروي‌زنگان‌,188,320818,29897514854,90659,93375,93378,2719,3.0,93192,2533,2.79,87940,93378,1399-7-19
458,فروس,فروسيليس‌ ايران‌,184,794847,18146357010,21750,22830,22830,1080,4.97,22120,370,1.7,22830,22830,1399-7-19
459,كمرجان,بازرگاني و توليدي مرجان كار,181,346206,17047183440,46896,49240,49240,2344,5.0,47657,761,1.62,49240,49240,1399-7-19
460,بكاب,صنايع‌جوشكاب‌يزد,177,70793,10546033210,141880,148970,148970,7090,5.0,143300,1420,1.0,148970,148970,1399-7-19
461,تبرك,گروه كارخانجات صنعتي تبرك,173,224728,6295530192,29488,28014,28014,-1474,-5.0,29293,-195,-0.66,28014,28014,1399-7-19
462,غمارگ,مارگارين‌,170,1305382,33091433700,24150,25350,25350,1200,4.97,24910,760,3.15,25350,25350,1399-7-19
463,سيلام,سيمان‌ ايلام‌,170,946059,10245818970,11390,10830,10830,-560,-4.92,11270,-120,-1.05,10830,10830,1399-7-19
464,آبين,كشت و صنعت آبشيرين,170,905782,3644866768,4148,4024,4024,-124,-2.99,4125,-23,-0.55,4024,4024,1399-7-19
465,اخزا815,اسنادخزانه-م15بودجه98-010406,170,169294,124082774322,732159,732000,732956,797,0.11,732943,784,0.11,732000,733000,1399-7-19
466,لابسا,آبسال‌,169,552993,17575990520,30290,31800,31800,1510,4.99,30790,500,1.65,30000,31800,1399-7-19
467,اخزا817,اسنادخزانه-م17بودجه98-010512,168,376410,269767246994,717446,715589,717301,-145,-0.02,716685,-761,-0.11,712032,717500,1399-7-19
468,وشهر,بانك شهر,158,6229254,57259302768,9379,9192,9192,-187,-1.99,9192,-187,-1.99,9192,9192,1399-7-19
469,اخزا818,اسنادخزانه-م18بودجه98-010614,157,288725,202980540347,704552,704550,703027,-1525,-0.22,703024,-1528,-0.22,685900,705001,1399-7-19
470,خرينگ,رينگ‌سازي‌مشهد,155,676057,18253539000,25720,27000,27000,1280,4.98,26170,450,1.75,27000,27000,1399-7-19
471,زدشت,كشت و صنعت دشت خرم دره,154,783291,32735297472,43991,41792,41792,-2199,-5.0,42476,-1515,-3.44,41792,41792,1399-7-19
472,آكورد,صندوق س. آرمان آتي كوثر-د,153,3603999,103909099236,28789,28820,28830,41,0.14,28832,43,0.15,28820,28849,1399-7-19
473,اخزا808,اسنادخزانه-م8بودجه98-000817,153,163107,136750959566,832143,829025,845000,12857,1.55,838413,6270,0.75,829025,847000,1399-7-19
474,حتوكا,حمل‌ونقل‌توكا,151,603391,10028358420,15830,16620,16620,790,4.99,15980,150,0.95,16620,16620,1399-7-19
475,واعتبار,سرمايه گذاري اعتبار ايران,149,3993746,28994595960,7640,7260,7260,-380,-4.97,7410,-230,-3.01,7260,7260,1399-7-19
476,وارس,سرمايه گذاري ارس صبا,149,146944,15145421375,106195,103010,103010,-3185,-3.0,103756,-2439,-2.3,103010,106195,1399-7-19
477,غاذر,كشت‌وصنعت‌پياذر,148,228440,17978228000,82840,78700,78700,-4140,-5.0,81270,-1570,-1.9,78700,78700,1399-7-19
478,شفارس,صنايع‌ شيميايي‌ فارس‌,146,1307435,55134533950,40170,42170,42170,2000,4.98,42170,2000,4.98,42170,42170,1399-7-19
479,ضجار7022,اختيارخ وتجارت-2800-1399/07/22,146,4336,2127161000,451,555,588,137,30.38,491,40,8.87,330,590,1399-7-19
480,ضخود1042,اختيارخ خودرو-3000-1399/10/07,143,4509,4131263000,1013,923,917,-96,-9.48,916,-97,-9.58,880,1010,1399-7-19
481,دمعيار,صندوق س. توازن معيار-د,142,1770267,17767205744,10033,10063,10030,-3,-0.03,10036,3,0.03,10020,10063,1399-7-19
482,كپشير,پشم‌شيشه‌ايران‌,142,786516,14377512480,17410,18280,18280,870,5.0,17650,240,1.38,18280,18280,1399-7-19
483,ثنورح,ح . سرمايه گذاري كوه نور,142,2107814,10153889350,5072,5376,4768,-304,-5.99,4817,-255,-5.03,4768,5376,1399-7-19
484,بذر,صندوق س بذر اميد آفرين-سهام,138,45959,5386150710,117470,118830,117020,-450,-0.38,117190,-280,-0.24,115000,118830,1399-7-19
485,فيروزا,صندوق بادرآمد ثابت فيروزه آسيا,138,1203549,25394374310,21090,21050,21100,10,0.05,21100,10,0.05,21050,21150,1399-7-19
486,ياقوت,صندوق س ياقوت آگاه-ثابت,136,3589025,39924139170,11110,11140,11140,30,0.27,11120,10,0.09,11120,11140,1399-7-19
487,قهكمت,قندهكمتان‌,135,142110,6424728880,44080,45800,45400,1320,2.99,44220,140,0.32,43050,45800,1399-7-19
488,وپخش,داروپخش‌ (هلدينگ‌,134,129703,16719462100,122790,128920,128920,6130,4.99,124740,1950,1.59,126000,128920,1399-7-19
489,پست9908-02,پسته فندقي32-30طلاسبززرند9908,133,4603,8245809707,1809558,1800000,1720000,-89558,-4.95,1791399,-18159,-1.0,1719081,1900035,1399-7-19
490,دتماد,توليدمواداوليه‌داروپخش‌,131,769907,37448276480,46330,48640,48640,2310,4.99,47980,1650,3.56,48640,48640,1399-7-19
491,ثزاگرس,سرمايه گذاري توسعه عمران زاگرس,131,417706,11846559866,27011,28361,28361,1350,5.0,27773,762,2.82,28361,28361,1399-7-19
492,سكه0011پ02,سكه تمام بهارتحويلي 1روزه ملت,129,89000,131731783000,1408021,1480133,1480133,72112,5.12,1480132,72111,5.12,1480000,1480133,1399-7-19
493,ضخود1045,اختيارخ خودرو-4500-1399/10/07,128,5737,1288531000,310,390,285,-25,-8.06,225,-85,-27.42,160,390,1399-7-19
494,غپآذر,شير پگاه آذربايجان شرقي,125,51275,2752710631,56451,53629,53629,-2822,-5.0,56291,-160,-0.28,53629,55000,1399-7-19
495,سپاس,صندوق س. پاداش سهامداري توسعه1,121,1908256,19131156880,10020,10030,10030,10,0.1,10030,10,0.1,10020,10030,1399-7-19
496,كيان2,صندوق س. با درآمد ثابت كيان,120,12000000,12000000,25450,1,1,-25449,-100.0,1,-25449,-100.0,1,1,1399-7-19
497,ثپرديس,سرمايه گذاري مسكن پرديس,119,576220,7456286800,13621,12940,12940,-681,-5.0,13514,-107,-0.79,12940,12940,1399-7-19
498,هبركت912,اختيارف ت بركت-22100-99/12/17,119,227173,718321026,3874,3162,3162,-712,-18.38,3162,-712,-18.38,3162,3162,1399-7-19
499,ضفار1125,اختيارخ فارس-17826-1399/11/07,118,5825,7679620000,4478,4400,2101,-2377,-53.08,1318,-3160,-70.57,1110,4400,1399-7-19
500,سيدكو,سرمايه گذاري توسعه صنايع سيمان,116,2821870,21530868100,7270,7630,7630,360,4.95,7420,150,2.06,7630,7630,1399-7-19
501,ضصاد8015,اختيارخ وبصادر-3400-1399/08/11,116,2450,2122913000,936,999,1046,110,11.75,866,-70,-7.48,700,1090,1399-7-19
502,ساروم,سيمان‌اروميه‌,113,190502,5208324680,26040,27340,27340,1300,4.99,26170,130,0.5,27340,27340,1399-7-19
503,پلاسك,پلاسكوكار,112,412846,3744513220,9540,9070,9070,-470,-4.93,9500,-40,-0.42,9070,9070,1399-7-19
504,صنوين,صندوق سرمايه‌گذاري صنوين-مختلط,112,56748,6243056010,110190,110000,110100,-90,-0.08,110010,-180,-0.16,110000,110790,1399-7-19
505,هصيكو402,اختيارف ت تاصيكو13500-00/02/20,111,765948,527738172,739,689,689,-50,-6.77,689,-50,-6.77,689,689,1399-7-19
506,ثعمرا,عمران و توسعه شاهد,111,1255130,29642405210,24860,23617,23617,-1243,-5.0,24084,-776,-3.12,23617,23617,1399-7-19
507,تسه9906,امتياز تسهيلات مسكن شهريور99,111,2386,2250882664,898737,943672,943673,44936,5.0,943371,44634,4.97,923511,943673,1399-7-19
508,سفارود,كارخانه فارسيت درود,111,747981,5713078878,7489,7638,7638,149,1.99,7572,83,1.11,7638,7638,1399-7-19
509,كگلح,ح . معدني و صنعتي گل گهر,109,5004090,101332810000,20800,20200,20250,-550,-2.64,20250,-550,-2.64,20200,20250,1399-7-19
510,ضجار7026,اختيارخ وتجارت-3600-1399/07/22,106,5688,225647000,32,35,40,8,25.0,40,8,25.0,32,50,1399-7-19
511,وشمال,س. چشم انداز توسعه شمال,102,231359,27214065093,121264,117627,117627,-3637,-3.0,117627,-3637,-3.0,117627,117627,1399-7-19
512,كپارس,كاشي‌ پارس‌,102,838166,75351123400,85620,89900,89900,4280,5.0,89900,4280,5.0,89900,89900,1399-7-19
513,ذوب تبعي9912,اختيارف.تبعي ذوب991224,101,345079,241555300,810,700,700,-110,-13.58,700,-110,-13.58,700,700,1399-7-19
514,شصفها,پتروشيمي‌ اصفهان‌,100,250128,22941740160,88193,91720,91720,3527,4.0,91720,3527,4.0,91720,91720,1399-7-19
515,زنجان,صنايع كشاورزي وكود زنجان,98,445735,2954331580,6976,6628,6628,-348,-4.99,6922,-54,-0.77,6628,6628,1399-7-19
516,تسه9902,امتياز تسهيلات مسكن ارديبهشت99,97,4626,4269970527,882050,915053,926152,44102,5.0,923037,40987,4.65,910000,926152,1399-7-19
517,وجامي,سرمايه گذاري جامي,93,403891,5101547221,12264,12631,12631,367,2.99,12355,91,0.74,12631,12631,1399-7-19
518,وتوشه,سرمايه‌ گذاري‌ پارس‌ توشه‌,93,687488,15365356800,21290,22350,22350,1060,4.98,21600,310,1.46,22350,22350,1399-7-19
519,سمتاز,سيمان ممتازان كرمان,92,142669,3085949552,21001,21630,21631,630,3.0,21095,94,0.45,21100,21631,1399-7-19
520,وسگلستا,شركت س استان گلستان,92,1809604,2352485200,1240,1300,1300,60,4.84,1240,0,0.0,1300,1300,1399-7-19
521,دقاضي,داروسازي شهيد قاضي,89,25146,2359553817,93792,96500,96450,2658,2.83,93797,5,0.01,90981,96500,1399-7-19
522,سدبير,س. تدبيرگران فارس وخوزستان,88,227793,7047459834,29465,30938,30938,1473,5.0,29663,198,0.67,30938,30938,1399-7-19
523,بسويچ,پارس‌سويچ‌,88,102799,4409961720,45140,42900,42890,-2250,-4.98,44930,-210,-0.47,42890,44970,1399-7-19
524,الماس,صندوق س.امين تدبيرگران فردا-س,88,19305,2369529440,125002,123940,122305,-2697,-2.16,122742,-2260,-1.81,121000,123940,1399-7-19
525,آساميد,صندوق س.مشترك آسمان اميد -د,87,3177400,34366944634,10790,10854,10820,30,0.28,10816,26,0.24,10813,10854,1399-7-19
526,اخزا809,اسنادخزانه-م9بودجه98-000923,86,156364,128037753442,815928,815928,824999,9071,1.11,818844,2916,0.36,815500,824999,1399-7-19
527,قشهد,شهد,84,72682,2173327750,31450,29910,29880,-1570,-4.99,31380,-70,-0.22,29880,31430,1399-7-19
528,تسه9708,امتياز تسهيلات مسكن آبان97,82,2289,2094153079,875628,900000,919409,43781,5.0,914877,39249,4.48,880150,919409,1399-7-19
529,آسام,صندوق س.آرمان سپهر آشنا-م,82,45930,4850740970,104837,105799,104800,-37,-0.04,105612,775,0.74,102100,107000,1399-7-19
530,اخزا902,اسنادخزانه-م2بودجه99-011019,82,205412,134513462792,655795,651497,656100,305,0.05,654847,-948,-0.14,643099,669000,1399-7-19
531,هشير911,اختيارف ت شيراز-73480-99/11/27,81,43897,340816308,7169,7764,7764,595,8.3,7764,595,8.3,7764,7764,1399-7-19
532,دروز,داروسازي‌ روزدارو,81,126793,2329976410,19330,18370,18370,-960,-4.97,19280,-50,-0.26,18370,19000,1399-7-19
533,ضملي1153,اختيارخ فملي-20280-1399/11/05,81,1555,2710864000,1877,2400,2000,123,6.55,1743,-134,-7.14,1500,2400,1399-7-19
534,ضجار7024,اختيارخ وتجارت-3200-1399/07/22,79,2970,597122000,147,185,208,61,41.5,201,54,36.73,122,260,1399-7-19
535,فبيرا,بسته‌ بندي‌ ايران‌,78,736589,3633593537,5192,4933,4933,-259,-4.99,5142,-50,-0.96,4933,4933,1399-7-19
536,وثوق,سرمايه گذاري وثوق امين,78,317530,4926160420,15993,15514,15514,-479,-3.0,15871,-122,-0.76,15514,15514,1399-7-19
537,ضخود1048,اختيارخ خودرو-7000-1399/10/07,77,2604,339477000,140,40,124,-16,-11.43,130,-10,-7.14,40,150,1399-7-19
538,وسخراج,شركت س استان خراسان جنوبي,76,566075,1222722000,2270,2160,2160,-110,-4.85,2270,0,0.0,2160,2160,1399-7-19
539,شتولي,تولي‌پرس‌,76,373622,7756019098,19961,20759,20759,798,4.0,20556,595,2.98,20759,20759,1399-7-19
540,شكبير,پتروشيمي اميركبير,75,51943,3023537806,60006,58206,58206,-1800,-3.0,59941,-65,-0.11,58206,58806,1399-7-19
541,خكار,ايركا پارت صنعت,73,73499,2582754860,36980,35140,35140,-1840,-4.98,36880,-100,-0.27,35140,35140,1399-7-19
542,بزاگرس,نيروگاه زاگرس كوثر,73,118216,1753379712,15612,14832,14832,-780,-5.0,15583,-29,-0.19,14832,14832,1399-7-19
543,زعف9908پ05,زعفران9908نگين زرين(پ),72,40192,3889859175,92886,97015,97015,4129,4.45,96782,3896,4.19,95000,97015,1399-7-19
544,قاسم,قاسم ايران,71,197239,2967460755,15836,15045,15045,-791,-4.99,15787,-49,-0.31,15045,15045,1399-7-19
545,شكف,كف,71,163188,9416110788,55482,57701,57701,2219,4.0,57491,2009,3.62,57701,57701,1399-7-19
546,قلرست,قند لرستان‌,71,187556,4480712840,25140,23890,23890,-1250,-4.97,25020,-120,-0.48,23890,23890,1399-7-19
547,لكما,كارخانجات‌مخابراتي‌ايران‌,70,651961,7351512236,11624,11276,11276,-348,-2.99,11492,-132,-1.14,11276,11276,1399-7-19
548,ديرانح,ح . ‌ايران‌دارو,70,306870,5995839000,21930,19500,20000,-1930,-8.8,19540,-2390,-10.9,19500,21450,1399-7-19
549,شرنگي,شيميايي رنگين,69,87317,10138726138,122225,116114,116114,-6111,-5.0,118964,-3261,-2.67,116114,116114,1399-7-19
550,غگلستا,شير پاستوريزه پگاه گلستان,69,113914,1710532624,15806,15016,15016,-790,-5.0,15778,-28,-0.18,15016,15016,1399-7-19
551,نيرو,نيرو سرمايه,68,54954,2733466914,51279,49741,49741,-1538,-3.0,51062,-217,-0.42,49741,49741,1399-7-19
552,هاباد912,اختيارف ت آبادا-30100-99/12/12,68,75968,229955136,3484,3027,3027,-457,-13.12,3027,-457,-13.12,3027,3027,1399-7-19
553,شفارا,پتروشيمي فارابي,68,575005,2972775850,5442,5170,5170,-272,-5.0,5399,-43,-0.79,5170,5170,1399-7-19
554,سكه9912پ04,سكه تمام بهارتحويل1روزه صادرات,68,40800,60389426400,1409651,1480133,1480133,70482,5.0,1480133,70482,5.0,1480133,1480133,1399-7-19
555,تپمپي,پمپ‌ سازي‌ ايران‌,67,538960,23579500000,46050,43750,43750,-2300,-4.99,44910,-1140,-2.48,43750,43750,1399-7-19
556,ثنظام,س. ساختماني نظام مهندسي ايران,66,49555,2119616015,45024,42773,42773,-2251,-5.0,44773,-251,-0.56,42773,42773,1399-7-19
557,تسه9810,امتياز تسهيلات مسكن دي98,66,2209,2034725922,883323,906001,927489,44166,5.0,921107,37784,4.28,901011,927489,1399-7-19
558,اخزا811,اسنادخزانه-م11بودجه98-001013,66,205230,167474556986,812369,807559,815210,2841,0.35,816033,3664,0.45,807559,821000,1399-7-19
559,كمينا,شيشه سازي مينا,64,74092,2250989052,31980,30381,30381,-1599,-5.0,31791,-189,-0.59,30381,30381,1399-7-19
560,اخزا816,اسنادخزانه-م16بودجه98-010503,64,149061,107489006888,722205,718349,722400,195,0.03,721107,-1098,-0.15,718055,722450,1399-7-19
561,ضخود1041,اختيارخ خودرو-2500-1399/10/07,63,1078,1355926000,1301,1490,1290,-11,-0.85,1258,-43,-3.31,1200,1490,1399-7-19
562,اخزا814,اسنادخزانه-م14بودجه98-010318,62,47879,35727766729,745887,743000,746301,414,0.06,746210,323,0.04,743000,746349,1399-7-19
563,اخزا806,اسنادخزانه-م6بودجه98-000519,61,147919,128022008160,864525,865000,867256,2731,0.32,865487,962,0.11,862000,867257,1399-7-19
564,ولتجار,واسپاري تجارت وسرمايه ايرانيان,61,143904,926022240,6773,6435,6435,-338,-4.99,6757,-16,-0.24,6435,6435,1399-7-19
565,تسه9709,امتياز تسهيلات مسكن آذر97,60,1779,1630154444,874436,915000,918157,43721,5.0,916332,41896,4.79,887128,918157,1399-7-19
566,ختراك,ريخته‌گري‌ تراكتورسازي‌ ايران‌,59,196352,4060559360,21760,20680,20680,-1080,-4.96,21670,-90,-0.41,20680,20680,1399-7-19
567,هبهرن912,اختيارف ت شبهرن-74590-99/12/02,59,45141,150906363,6197,3343,3343,-2854,-46.05,3343,-2854,-46.05,3343,3343,1399-7-19
568,كيسون,شركت كيسون,58,137765,2840163240,21253,20616,20616,-637,-3.0,21209,-44,-0.21,20616,20616,1399-7-19
569,وسين,بيمه سينا,56,177843,4522419306,24517,25800,25026,509,2.08,24716,199,0.81,25026,25800,1399-7-19
570,ولانا,شركت ليزينگ آريا دانا,56,258790,5485054050,21850,21195,21195,-655,-3.0,21665,-185,-0.85,21195,21195,1399-7-19
571,تپولا,مهندسي مرآت پولاد,56,986669,20612502079,20283,20891,20891,608,3.0,20891,608,3.0,20891,20891,1399-7-19
572,سهگمت,سيمان‌هگمتان‌,56,134334,2653096500,18810,19750,19750,940,5.0,18860,50,0.27,19750,19750,1399-7-19
573,هخود911,اختيارف ت خودرو-3680-99/11/20,55,860000,172860000,346,201,201,-145,-41.91,201,-145,-41.91,201,201,1399-7-19
574,ضجار7023,اختيارخ وتجارت-3000-1399/07/22,54,1357,459809000,281,300,380,99,35.23,339,58,20.64,285,400,1399-7-19
575,تسه9901,امتياز تسهيلات مسكن فروردين99,53,963,905425423,896813,941653,941653,44840,5.0,940213,43400,4.84,900000,941653,1399-7-19
576,فولاي,صنايع فولاد آلياژي يزد,53,47712,2387842464,52681,50047,50047,-2634,-5.0,52549,-132,-0.25,50047,50047,1399-7-19
577,سكه0012پ01,سكه تمام بهارتحويلي 1روزه رفاه,53,33300,49288428900,1412232,1480133,1480133,67901,4.81,1480133,67901,4.81,1480133,1480133,1399-7-19
578,لبوتان,گروه‌صنعتي‌بوتان‌,52,33691,2635983840,82350,78240,78240,-4110,-4.99,82120,-230,-0.28,78240,78240,1399-7-19
579,سجام,مجتمع سيمان غرب آسيا,51,78594,924108252,12121,11758,11758,-363,-2.99,12104,-17,-0.14,11758,11758,1399-7-19
580,تصميم,صندوق س با درآمد ثابت تصميم,51,632413,9280134510,14650,14650,14690,40,0.27,14670,20,0.14,14650,14690,1399-7-19
581,جهرم,پتروشيمي جهرم,50,186898,611530256,3373,3272,3272,-101,-2.99,3370,-3,-0.09,3272,3272,1399-7-19
582,تسه9905,امتياز تسهيلات مسكن مرداد99,50,307,289073180,897088,935000,941942,44854,5.0,941606,44518,4.96,935000,941942,1399-7-19
583,كقزوي,شيشه‌ قزوين‌,50,152266,1553417732,10517,10202,10202,-315,-3.0,10492,-25,-0.24,10202,10202,1399-7-19
584,وحكمت,بيمه حكمت صبا,50,395727,2294820873,5978,5799,5799,-179,-2.99,5957,-21,-0.35,5799,5799,1399-7-19
585,ضجار1014,اختيارخ وتجارت-3000-1399/10/21,49,1495,1294423000,856,701,910,54,6.31,866,10,1.17,701,940,1399-7-19
586,تسه9812,امتياز تسهيلات مسكن اسفند98,49,1053,980766820,889026,933000,933477,44451,5.0,931402,42376,4.77,912300,933477,1399-7-19
587,آرمان,بيمه آرمان,49,1434332,8811101476,5851,6143,6143,292,4.99,5974,123,2.1,6143,6143,1399-7-19
588,تسه9711,امتياز تسهيلات مسكن بهمن 97,49,826,753133541,871857,840000,915449,43592,5.0,911784,39927,4.58,840000,915449,1399-7-19
589,اخابر2,مخابرات ايران,48,85447980,1539772753728,17170,18020,18020,850,4.95,18020,850,4.95,18020,18028,1399-7-19
590,هافق406,اختيارف ت افق-90000-00/06/30,48,850000,850000,1,1,1,0,0.0,1,0,0.0,1,1,1399-7-19
591,ضجار1015,اختيارخ وتجارت-3500-1399/10/21,48,1095,694391000,574,604,680,106,18.47,634,60,10.45,560,720,1399-7-19
592,كگاز,شيشه‌ و گاز,48,31100,754175000,25520,24250,24250,-1270,-4.98,25500,-20,-0.08,24250,24250,1399-7-19
593,غگلپا,شير پاستوريزه پگاه گلپايگان,47,22575,1627318875,75878,72085,72085,-3793,-5.0,75748,-130,-0.17,72085,72085,1399-7-19
594,ضخود1043,اختيارخ خودرو-3500-1399/10/07,47,1458,1006722000,709,800,705,-4,-0.56,690,-19,-2.68,611,800,1399-7-19
595,غمهرا,توليدي‌مهرام‌,47,14932,1559498080,109930,104440,104440,-5490,-4.99,109750,-180,-0.16,104440,104440,1399-7-19
596,تسه9710,امتياز تسهيلات مسكن دي 97,46,1321,1229372954,887858,900000,932250,44392,5.0,930638,42780,4.82,900000,932250,1399-7-19
597,غنيلي,مجتمع توليدي نيلي صنعت كرمان,46,1074000,20408700000,18190,19090,19000,810,4.45,19003,813,4.47,19000,19090,1399-7-19
598,كساپا,سايپاشيشه‌,45,230450,4569823500,20870,19830,19830,-1040,-4.98,20770,-100,-0.48,19830,19830,1399-7-19
599,فنرژي,گسترش صنايع انرژي آذرآب,45,185054,1951394430,10984,10545,10545,-439,-4.0,10895,-89,-0.81,10545,10545,1399-7-19
600,داريك,صندوق س.اعتماد داريك-د,45,416988,4172194473,10001,10010,10001,0,0.0,10006,5,0.05,10000,10054,1399-7-19
601,ساروج,بين المللي ساروج بوشهر,44,39231,824269247,21569,20950,21890,321,1.49,21545,-24,-0.11,20922,21947,1399-7-19
602,تسه9811,امتياز تسهيلات مسكن بهمن98,44,1542,1430269393,886864,900000,931207,44343,5.0,927542,40678,4.59,900000,931207,1399-7-19
603,چكاوه,صنايع‌كاغذسازي‌كاوه‌,43,71800,2659472000,38980,37040,37040,-1940,-4.98,38870,-110,-0.28,37040,37040,1399-7-19
604,اخزا804,اسنادخزانه-م4بودجه98-000421,42,62289,54990228202,882688,864002,884051,1363,0.15,882824,136,0.02,864002,885500,1399-7-19
605,كصدف,كاشي صدف سرام استقلال آباده,42,592880,10256231120,16476,17299,17299,823,5.0,16878,402,2.44,17299,17299,1399-7-19
606,سنير,سيمان‌ سفيد ني‌ريز,42,19657,1614429410,86450,82130,82130,-4320,-5.0,86300,-150,-0.17,82130,82130,1399-7-19
607,زعف9908پ16,زعفران9908نگين بيرجند(پ),42,3860,373127557,92770,97015,97015,4245,4.58,96665,3895,4.2,95320,97015,1399-7-19
608,چفيبر,فيبر ايران‌,41,315530,3360394500,11210,10650,10650,-560,-5.0,11170,-40,-0.36,10650,10650,1399-7-19
609,وسيلام,شركت س استان ايلام,40,1457616,1865748480,1220,1280,1280,60,4.92,1220,0,0.0,1280,1280,1399-7-19
610,همپنا912,اختيارف ت مپنا-23410-99/12/11,40,100000,54000000,4487,540,540,-3947,-87.97,540,-3947,-87.97,540,540,1399-7-19
611,غدشت,دشت‌ مرغاب‌,40,26032,7296769600,295050,280300,280300,-14750,-5.0,292780,-2270,-0.77,280300,280300,1399-7-19
612,هشفن911,اختيارف ت شفن-318060-99/11/26,39,20000,93140000,7450,4657,4657,-2793,-37.49,4657,-2793,-37.49,4657,4657,1399-7-19
613,ضملي1152,اختيارخ فملي-18252-1399/11/05,39,785,1747695000,2881,2610,2600,-281,-9.75,2226,-655,-22.74,1900,2790,1399-7-19
614,بميلا,توسعه بازرگاني آهن وفولادميلاد,39,29932,1062645864,36600,35502,35502,-1098,-3.0,36540,-60,-0.16,35502,35502,1399-7-19
615,ارمغان,ص سرمايه گذاري ارمغان ايرانيان,39,353843,3546666420,10020,10020,10030,10,0.1,10020,0,0.0,10010,10030,1399-7-19
616,ثنور,سرمايه گذاري كوه نور,39,224423,1763291511,8100,7857,7857,-243,-3.0,8078,-22,-0.27,7857,7857,1399-7-19
617,ضپيك7030,اختيارخ تاپيكو-17370-99/07/20,39,134,272439000,3200,1300,1700,-1500,-46.88,2033,-1167,-36.47,1300,2740,1399-7-19
618,اخزا903,اسنادخزانه-م3بودجه99-011110,38,63105,41425147074,657735,665992,655130,-2605,-0.4,656448,-1287,-0.2,643379,665992,1399-7-19
619,وپسا,س. پتروشيمي ساختمان  خليج فارس,38,506875,2514606875,5222,4961,4961,-261,-5.0,5187,-35,-0.67,4961,4961,1399-7-19
620,كسعدي,كاشي‌ سعدي‌,37,10682,637715400,62840,59700,59700,-3140,-5.0,62800,-40,-0.06,59700,59700,1399-7-19
621,فنوال,نورد آلومينيوم‌,37,163574,5682560760,36560,34740,34740,-1820,-4.98,36340,-220,-0.6,34740,34740,1399-7-19
622,ثتوسا,س.توسعه و عمران استان اردبيل,36,10735,789784685,75846,73571,73571,-2275,-3.0,75753,-93,-0.12,73571,73571,1399-7-19
623,ضملي8077,اختيارخ فملي -29750-1399/08/06,36,181,307186000,2239,1800,1790,-449,-20.05,1697,-542,-24.21,611,1801,1399-7-19
624,اخزا812,اسنادخزانه-م12بودجه98-001111,36,117935,95696965053,806714,809600,811400,4686,0.58,811438,4724,0.59,805125,815000,1399-7-19
625,اخزا807,اسنادخزانه-م7بودجه98-000719,35,176429,149523324011,846719,847000,846500,-219,-0.03,847499,780,0.09,846424,848500,1399-7-19
626,كابگن,توليدي و صنعتي آبگينه‌,35,1033491,4713752451,4516,4561,4561,45,1.0,4558,42,0.93,4561,4561,1399-7-19
627,خنصير,مهندسي‌نصيرماشين‌,35,30664,1495483280,51330,48770,48770,-2560,-4.99,51250,-80,-0.16,48770,48770,1399-7-19
628,زير0003پ01,زيره سبز0003كيميابذر(پ),35,1111,562246504,491098,500000,506000,14902,3.03,506072,14974,3.05,500000,515652,1399-7-19
629,كهرام,توليدي گرانيت بهسرام,35,145488,7992092304,57824,54933,54933,-2891,-5.0,56608,-1216,-2.1,54933,54933,1399-7-19
630,ضجار7016,اختيارخ وتجارت-1800-1399/07/22,35,752,1070765000,1346,1400,1550,204,15.16,1424,78,5.79,1400,1550,1399-7-19
631,تسه9903,امتياز تسهيلات مسكن خرداد99,35,391,364152109,888087,895122,932491,44404,5.0,931335,43248,4.87,895122,932491,1399-7-19
632,وسكرشا,س.سهام عدالت استان كرمانشاه,35,1353902,1841306720,1300,1360,1360,60,4.62,1300,0,0.0,1360,1360,1399-7-19
633,گنجين,صندوق س. گنجينه يكم آويد-د,34,529690,6050171874,11409,11419,11420,11,0.1,11422,13,0.11,11400,11439,1399-7-19
634,قپيرا,فرآورده‌هاي‌غدايي‌وقندپيرانشهر,34,14479,1203204900,79150,83100,83100,3950,4.99,79240,90,0.11,83100,83100,1399-7-19
635,ثغرب,شركت سرمايه گذاري مسكن شمالغرب,34,93471,1245594546,14027,13326,13326,-701,-5.0,14009,-18,-0.13,13326,13326,1399-7-19
636,فسا,پتروشيمي فسا,34,99244,294059972,3054,2963,2963,-91,-2.98,3053,-1,-0.03,2963,2963,1399-7-19
637,ضخود1040,اختيارخ خودرو-2000-1399/10/07,33,280,526565000,1805,1968,1700,-105,-5.82,1881,76,4.21,1700,1968,1399-7-19
638,سخند,صندوق س.سپهرخبرگان نفت-د,33,59890,599866060,10004,10020,10010,6,0.06,10016,12,0.12,10010,10020,1399-7-19
639,فوكا,فولاد كاويان,32,178466,3706917286,21413,20771,20771,-642,-3.0,21365,-48,-0.22,20771,20771,1399-7-19
640,نتوس,پشم‌ بافي‌ توس,32,37839,410742345,11190,10855,10855,-335,-2.99,11183,-7,-0.06,10855,10855,1399-7-19
641,اخزا821,اسنادخزانه-م21بودجه98-020906,31,75561,43200783760,570988,572499,570101,-887,-0.16,571734,746,0.13,570100,572501,1399-7-19
642,تسه9808,امتياز تسهيلات مسكن آبان98,31,1319,1226043850,885991,930290,930290,44299,5.0,929525,43534,4.91,920000,930290,1399-7-19
643,اطلس2,صندوق س.توسعه اندوخته آينده-س,31,310000,310000,203214,1,1,-203213,-100.0,1,-203213,-100.0,1,1,1399-7-19
644,اخزا813,اسنادخزانه-م13بودجه98-010219,30,60689,45856539868,755391,755604,755604,213,0.03,755599,208,0.03,755000,755605,1399-7-19
645,وثنو,سرمايه گذاري ساختماني نوين,30,31306,525846882,17316,16797,16797,-519,-3.0,17302,-14,-0.08,16797,16797,1399-7-19
646,زعف9908پ15,زعفران9908پوشالمعمول طلاسرخ(پ),29,4802,392796352,77541,82166,82166,4625,5.96,81798,4257,5.49,77001,82166,1399-7-19
647,ونيروح,ح . سرمايه‌گذاري‌نيرو,29,203692,875875600,5620,4300,4300,-1320,-23.49,4300,-1320,-23.49,4300,4300,1399-7-19
648,سكه0112پ03,سكه تمام بهارتحويلي1روزه سامان,29,19400,28714580200,1412204,1480133,1480133,67929,4.81,1480133,67929,4.81,1480133,1480133,1399-7-19
649,ثروتم,صندوق س. ثروت آفرين پارسيان-س,29,9110,892085200,97700,99500,97920,220,0.23,97924,224,0.23,97900,99500,1399-7-19
650,چافست,افست‌,29,25301,645934530,26870,25530,25530,-1340,-4.99,26850,-20,-0.07,25530,25530,1399-7-19
651,داراب,پتروشيمي داراب,28,89900,279499100,3205,3109,3109,-96,-3.0,3204,-1,-0.03,3109,3109,1399-7-19
652,ضجار7025,اختيارخ وتجارت-3400-1399/07/22,28,763,90654000,78,99,130,52,66.67,119,41,52.56,99,130,1399-7-19
653,بالاس,مهندسي ساختمان تاسيسات راه آهن,28,7602,358046598,49577,47099,47099,-2478,-5.0,49558,-19,-0.04,47099,47099,1399-7-19
654,اخزا704,اسنادخزانه-م4بودجه97-991022,28,96110,92258023120,959501,961000,961000,1499,0.16,959921,420,0.04,959900,961000,1399-7-19
655,پست0008پ09,پسته بادامي30-28مه ولات0008(پ),28,1141,1796948879,1554751,1618000,1560000,5249,0.34,1574889,20138,1.3,1560000,1620000,1399-7-19
656,هفارس912,اختيارف ت فارس-14576-99/12/13,28,1000000,1000000,1,1,1,0,0.0,1,0,0.0,1,1,1399-7-19
657,زعف9908پ06,زعفران 9908پوشالمعمول زرين(پ),28,5457,442727596,78430,78000,82166,3736,4.76,81130,2700,3.44,77500,82166,1399-7-19
658,زعف9908پ14,زعفران9908پوشالمعمول نوين(پ),27,6652,545900899,78254,82166,82166,3912,5.0,82066,3812,4.87,78210,82166,1399-7-19
659,وسمركز,شركت س استان مركزي,26,780145,1146813150,1400,1470,1470,70,5.0,1400,0,0.0,1470,1470,1399-7-19
660,فالوم,آلومتك‌,26,14343,476316687,34956,33209,33209,-1747,-5.0,34912,-44,-0.13,33209,33209,1399-7-19
661,هكاوه911,اختيارف ت كاوه-25477-99/11/18,26,100000,77700000,1471,777,777,-694,-47.18,777,-694,-47.18,777,777,1399-7-19
662,تسه9904,امتياز تسهيلات مسكن تير99,25,346,310973382,855969,898767,898767,42798,5.0,898767,42798,5.0,898767,898767,1399-7-19
663,پلوله,گازلوله‌,25,110322,2123477856,19442,19248,19248,-194,-1.0,19359,-83,-0.43,19248,19248,1399-7-19
664,خچرخش,چرخشگر,25,67873,1377821900,21360,20300,20300,-1060,-4.96,21330,-30,-0.14,20300,20300,1399-7-19
665,وآتوس,س.آرين توسكا قيمت اسمي 350ريال,25,14708,559256992,39200,38024,38024,-1176,-3.0,39166,-34,-0.09,38024,38024,1399-7-19
666,لپيام,گسترش صنايع پيام,25,13630,414297480,31995,30396,30396,-1599,-5.0,31960,-35,-0.11,30396,30396,1399-7-19
667,ضچاد1017,اختيارخ كچاد-20000-1399/10/02,25,409,1492076000,3682,4500,3490,-192,-5.21,3648,-34,-0.92,3490,4500,1399-7-19
668,پست9908-08,پسته فندقي32-30زرينمه ولات9908,24,144,261205020,1758101,1900035,1719081,-39020,-2.22,1813924,55823,3.18,1719081,1900035,1399-7-19
669,خمحور,توليدمحورخودرو,24,6797,387700880,60040,57040,57040,-3000,-5.0,60020,-20,-0.03,57040,57040,1399-7-19
670,ضصاد8017,اختيارخ وبصادر-3800-1399/08/11,24,410,289977000,649,700,798,149,22.96,707,58,8.94,600,798,1399-7-19
671,بايكا,كارخانجات كابلسازي ‌ايران‌,24,20882,843319570,42510,40385,40385,-2125,-5.0,42416,-94,-0.22,40385,40385,1399-7-19
672,ضپيك7033,اختيارخ تاپيكو-21370-99/07/20,24,231,4021000,399,4,5,-394,-98.75,17,-382,-95.74,4,98,1399-7-19
673,وسنا,سرمايه گذاري نيروگاهي ايران,23,48681,951518826,20150,19546,19546,-604,-3.0,20129,-21,-0.1,19546,19546,1399-7-19
674,قمرو,قند مرودشت‌,23,25711,908626740,37190,35340,35340,-1850,-4.97,37150,-40,-0.11,35340,35340,1399-7-19
675,پست9908-04,پسته فندقي32-30سبزدانه9908,23,336,595821414,1797997,1800000,1720012,-77985,-4.34,1773278,-24719,-1.37,1720012,1800000,1399-7-19
676,حپترو,حمل و نقل پتروشيمي( سهامي عام,23,22821,690791670,31860,30270,30270,-1590,-4.99,31840,-20,-0.06,30270,30270,1399-7-19
677,اخزا820,اسنادخزانه-م20بودجه98-020806,23,30752,17717011430,570690,571547,573500,2810,0.49,576125,5435,0.95,571547,580000,1399-7-19
678,ضجار7015,اختيارخ وتجارت-1700-1399/07/22,23,686,1004159000,1478,1101,1602,124,8.39,1464,-14,-0.95,1100,1650,1399-7-19
679,فن آوا,گروه فن آوا,22,49766,689657228,14587,13858,13858,-729,-5.0,14561,-26,-0.18,13858,13858,1399-7-19
680,تشتاد,صنايع توليدي اشتاد ايران‌,22,19762,259198392,13521,13116,13116,-405,-3.0,13516,-5,-0.04,13116,13116,1399-7-19
681,هترول911,اختيارف ت پترول-14730-99/11/15,22,403424,403424,1,1,1,0,0.0,1,0,0.0,1,1,1399-7-19
682,تسه9807,امتياز تسهيلات مسكن مهر98,22,502,462566210,881172,920000,925230,44058,5.0,921447,40275,4.57,920000,925230,1399-7-19
683,دارا2,صندوق س. دارا الگوريتم-د,22,2200000,2200000,10041,1,1,-10040,-99.99,1,-10040,-99.99,1,1,1399-7-19
684,ضپيك7022,اختيارخ تاپيكو-9370-99/07/20,22,185,1795398000,11431,9016,9650,-1781,-15.58,9705,-1726,-15.1,9016,10549,1399-7-19
685,ثاژن,سخت آژند,21,145450,1340321750,9403,9215,9215,-188,-2.0,9377,-26,-0.28,9215,9215,1399-7-19
686,ضصاد8008,اختيارخ وبصادر-2000-1399/08/11,21,336,739182000,2160,2229,2200,40,1.85,2200,40,1.85,2100,2352,1399-7-19
687,كطبس,ذغال‌سنگ‌ نگين‌ ط‌بس‌,21,18246,904089300,52150,49550,49550,-2600,-4.99,52100,-50,-0.1,49550,49550,1399-7-19
688,افران,صندوق س افرا نماد پايدار-ثابت,21,72673,861900610,11850,11870,11870,20,0.17,11860,10,0.08,11840,11870,1399-7-19
689,ضفلا8079,اختيارخ فولاد-10775-1399/08/28,20,200,1500000000,7500,7500,7500,0,0.0,7500,0,0.0,7500,7500,1399-7-19
690,تسه9801,امتياز تسهيلات مسكن فروردين98,20,507,465584883,881213,925273,925273,44060,5.0,918313,37100,4.21,868523,925273,1399-7-19
691,سفاسي,شركت فارسيت اهواز,20,80595,906048990,11589,11242,11242,-347,-2.99,11573,-16,-0.14,11242,11242,1399-7-19
692,هرانف912,اختيارف ت رانفور32120-99/12/03,20,51518,80522634,1697,1563,1563,-134,-7.9,1563,-134,-7.9,1563,1563,1399-7-19
693,خموتور,موتورسازان‌تراكتورسازي‌ايران‌,20,32886,433108620,13860,13170,13170,-690,-4.98,13850,-10,-0.07,13170,13170,1399-7-19
694,حبندر,دريايي و کشتيراني خط دريابندر,20,10682,246615334,23801,23087,23087,-714,-3.0,23792,-9,-0.04,23087,23087,1399-7-19
695,ضخوز7028,اختيارخ فخوز-43470-1399/07/20,20,149,426000,158,3,2,-156,-98.73,3,-155,-98.1,2,6,1399-7-19
696,ضصاد8014,اختيارخ وبصادر-3200-1399/08/11,20,272,310293000,1118,1100,1199,81,7.25,1141,23,2.06,1000,1199,1399-7-19
697,دلقما,دارويي‌ لقمان‌,19,12553,419772320,35190,33440,33440,-1750,-4.97,35170,-20,-0.06,33440,33440,1399-7-19
698,خكمك,كمك‌فنرايندامين‌,19,17234,932187060,56930,54090,54090,-2840,-4.99,56870,-60,-0.11,54090,54090,1399-7-19
699,ضغدر8044,اختيارخ وغدير-17000-1399/08/26,19,266,355853000,2232,1500,1500,-732,-32.8,1338,-894,-40.05,350,1600,1399-7-19
700,ضجار7021,اختيارخ وتجارت-2600-1399/07/22,18,483,325931000,685,700,750,65,9.49,675,-10,-1.46,650,777,1399-7-19
701,زعف9908پ09,زعفران9908نگين نوين(پ),18,16971,1646441565,92646,97015,97015,4369,4.72,97015,4369,4.72,97015,97015,1399-7-19
702,ضغدر8043,اختيارخ وغدير-16000-1399/08/26,18,335,579140000,2225,1750,1500,-725,-32.58,1729,-496,-22.29,1500,1900,1399-7-19
703,تسه9809,امتياز تسهيلات مسكن آذر98,18,265,245079303,882121,913000,926227,44106,5.0,924828,42707,4.84,913000,926227,1399-7-19
704,اخزا721,اسنادخزانه-م21بودجه97-000728,18,79698,67298480060,843493,843373,843901,408,0.05,844419,926,0.11,843373,845000,1399-7-19
705,ضفلا8087,اختيارخ فولاد-18775-1399/08/28,18,206,293891000,1375,1010,1500,125,9.09,1427,52,3.78,1010,1500,1399-7-19
706,آكورد2,صندوق س. آرمان آتي كوثر-د,18,1800000,1800000,28789,1,1,-28788,-100.0,1,-28788,-100.0,1,1,1399-7-19
707,اخزا810,اسنادخزانه-م10بودجه98-001006,18,26866,22002121397,819814,809700,819786,-28,0.0,818958,-856,-0.1,809700,823000,1399-7-19
708,سايرا,ايرانيت‌,17,24274,910937592,36890,37627,37000,110,0.3,36947,57,0.15,36154,37627,1399-7-19
709,كرونا2,تامين مالي جمعي صرفا اهداي سود,17,3002,30020000,10000,10000,10000,0,0.0,10000,0,0.0,10000,10000,1399-7-19
710,فمراد,آلومراد,17,4167,599547960,151450,143880,143880,-7570,-5.0,151350,-100,-0.07,143880,143880,1399-7-19
711,هصادر912,اختيارف ت صادرات-3750-99/12/23,17,1000000,1000000,1,1,1,0,0.0,1,0,0.0,1,1,1399-7-19
712,حسير,ريل سير كوثر,17,16732,438897092,27611,26231,26231,-1380,-5.0,27598,-13,-0.05,26231,26231,1399-7-19
713,زعف9908پ17,زعفران9908پوشالمعمول بيرجند(پ),17,4682,383791389,78288,82166,82166,3878,4.95,81972,3684,4.71,78000,82166,1399-7-19
714,ضجار7018,اختيارخ وتجارت-2000-1399/07/22,16,401,488988000,1281,1250,1250,-31,-2.42,1219,-62,-4.84,1200,1380,1399-7-19
715,ضجار1010,اختيارخ وتجارت-1600-1399/10/21,16,183,428915000,1980,2360,2355,375,18.94,2344,364,18.38,2200,2360,1399-7-19
716,ضملي8082,اختيارخ فملي-39750-1399/08/06,16,235,27427000,277,102,113,-164,-59.21,117,-160,-57.76,102,170,1399-7-19
717,ورازي,بيمه رازي,16,12328,183798152,15370,14909,14909,-461,-3.0,15366,-4,-0.03,14909,14909,1399-7-19
718,دشيري,شيرين دارو,15,2249,418550145,191860,186105,186105,-5755,-3.0,191736,-124,-0.06,186105,186105,1399-7-19
719,ضپاس7016,اختيارخ وپارس-4200-1399/07/30,15,430,163015000,290,300,485,195,67.24,379,89,30.69,200,485,1399-7-19
720,هجم911,اختيارف ت جم-38645-99/11/28,15,80000,80000,1,1,1,0,0.0,1,0,0.0,1,1,1399-7-19
721,ثامان,سامان‌ گستراصفهان‌,15,9260,199275200,22650,21520,21520,-1130,-4.99,22650,0,0.0,21520,21520,1399-7-19
722,زنگان,صنعت روي زنگان,15,21323,3300246002,162919,154774,154774,-8145,-5.0,162353,-566,-0.35,154774,154774,1399-7-19
723,ضغدر8042,اختيارخ وغدير-15000-1399/08/26,15,495,1025599000,2825,1850,2051,-774,-27.4,2072,-753,-26.65,1850,2200,1399-7-19
724,تسه9803,امتياز تسهيلات مسكن خرداد98,15,159,143899467,863426,865021,906597,43171,5.0,905028,41602,4.82,865021,906597,1399-7-19
725,آينده,بازرگاني آينده سازان بهشت پارس,15,7782,168783798,22830,21689,21689,-1141,-5.0,22820,-10,-0.04,21689,21689,1399-7-19
726,تسه9806,امتياز تسهيلات مسكن شهريور98,14,541,500588980,881367,920000,925435,44068,5.0,925303,43936,4.98,920000,925435,1399-7-19
727,ضصاد8012,اختيارخ وبصادر-2800-1399/08/11,14,425,639111000,1590,1599,1572,-18,-1.13,1504,-86,-5.41,1350,1600,1399-7-19
728,اخزا805,اسنادخزانه-م5بودجه98-000422,14,66254,58524303235,881023,881655,883012,1989,0.23,883332,2309,0.26,881655,885000,1399-7-19
729,ضخود1046,اختيارخ خودرو-5000-1399/10/07,14,252,59683000,268,210,295,27,10.07,237,-31,-11.57,200,310,1399-7-19
730,بشهاب,لامپ‌  پارس‌ شهاب‌,14,2342,163518440,73490,69820,69820,-3670,-4.99,73480,-10,-0.01,69820,69820,1399-7-19
731,غشوكو,شوكو پارس,14,10854,482243220,45804,44430,44430,-1374,-3.0,45770,-34,-0.07,44430,44430,1399-7-19
732,اوصتا,صندوق انديشه ورزان صباتامين -د,14,12098,204253122,16833,16900,16833,0,0.0,16883,50,0.3,16833,16989,1399-7-19
733,فنورد,نوردوقطعات‌ فولادي‌,13,5009,696000550,132340,138950,138950,6610,4.99,132430,90,0.07,138950,138950,1399-7-19
734,سلار,شركت سيمان لارستان,13,25612,701333396,28229,27383,27383,-846,-3.0,28198,-31,-0.11,27383,27383,1399-7-19
735,افرا,افرانت,13,1756,114336672,68538,65112,65112,-3426,-5.0,68530,-8,-0.01,65112,65112,1399-7-19
736,ضجار7017,اختيارخ وتجارت-1900-1399/07/22,13,293,396010000,1181,1101,1449,268,22.69,1352,171,14.48,1100,1449,1399-7-19
737,زعف9908پ11,زعفران9908نگين سحرخيز(پ),13,30047,2915009705,92886,97015,97015,4129,4.45,97015,4129,4.45,97015,97015,1399-7-19
738,ضپاس7017,اختيارخ وپارس-4400-1399/07/30,13,328,105400000,437,488,400,-37,-8.47,321,-116,-26.54,225,488,1399-7-19
739,ضفلا8076,اختيارخ فولاد-8775-1399/08/28,13,234,2139977000,9068,8790,8500,-568,-6.26,9145,77,0.85,8500,9700,1399-7-19
740,زعف9908پ13,زعفران9908پوشالمعمول روستا(پ),13,1994,161130518,78253,82165,82166,3913,5.0,80808,2555,3.27,78500,82166,1399-7-19
741,تسه9802,امتياز تسهيلات مسكن ارديبهشت98,13,183,167724350,875115,917000,918870,43755,5.0,916526,41411,4.73,891400,918870,1399-7-19
742,وايرا,سرمايه گذاري صنايع ايران,12,38337,333915270,9168,8710,8710,-458,-5.0,9160,-8,-0.09,8710,8710,1399-7-19
743,كشم0001پ01,كشمش سبز0001خليل آباد(پ),12,255,112607728,440585,447999,436000,-4585,-1.04,441599,1014,0.23,418556,448000,1399-7-19
744,وبصادر2,بانك صادرات ايران,12,119443819,539886061880,4310,4520,4520,210,4.87,4520,210,4.87,4520,4520,1399-7-19
745,ثرود,سرمايه‌گذاري مسكن زاينده رود,12,9612,118362168,12962,12314,12314,-648,-5.0,12960,-2,-0.02,12314,12314,1399-7-19
746,هصند911,اختيارف ت صندوق-19926-99/11/29,12,42233,53678143,1232,1271,1271,39,3.17,1271,39,3.17,1271,1271,1399-7-19
747,ثاباد,توريستي ورفاهي آبادگران ايران,12,10089,311144760,32460,30840,30840,-1620,-4.99,32450,-10,-0.03,30840,30840,1399-7-19
748,صايند2,صندوق س. گنجينه آينده روشن-د,11,7400000,7400000,9921,1,1,-9920,-99.99,1,-9920,-99.99,1,1,1399-7-19
749,ضصاد8013,اختيارخ وبصادر-3000-1399/08/11,11,260,339888000,1078,1299,1340,262,24.3,1307,229,21.24,1299,1350,1399-7-19
750,وحافظ,بيمه حافظ,11,1785,104747370,60496,58682,58682,-1814,-3.0,60486,-10,-0.02,58682,58682,1399-7-19
751,ضصاد8016,اختيارخ وبصادر-3600-1399/08/11,11,322,265761000,840,700,899,59,7.02,825,-15,-1.79,700,899,1399-7-19
752,ضصاد8018,اختيارخ وبصادر-4000-1399/08/11,11,322,196963000,539,400,680,141,26.16,612,73,13.54,400,680,1399-7-19
753,ضخوز7021,اختيارخ فخوز-27470-1399/07/20,11,58,580150000,10000,10000,10004,4,0.04,10003,3,0.03,10000,10004,1399-7-19
754,ضجار7020,اختيارخ وتجارت-2400-1399/07/22,10,255,225420000,829,700,960,131,15.8,884,55,6.63,700,960,1399-7-19
755,وساربيل,شركت س استان اردبيل,10,404157,545611950,1290,1350,1350,60,4.65,1290,0,0.0,1350,1350,1399-7-19
756,غشهد4,شهد ايران ‌,10,6250000,47437500000,7350,7590,7590,240,3.27,7590,240,3.27,7590,7590,1399-7-19
757,فسديد,لوله‌وتجهيزات‌ سديد - ورشكسته,10,1793,214869534,121048,119838,119838,-1210,-1.0,120995,-53,-0.04,119838,119838,1399-7-19
758,پلاست,كارخانجات توليدي پلاستيران,10,3420,143698140,43316,42017,42017,-1299,-3.0,43306,-10,-0.02,42017,42017,1399-7-19
759,لازما,كارخانه هاي صنعتي آزمايش,10,4164,128688420,31535,30905,30905,-630,-2.0,31527,-8,-0.03,30905,30905,1399-7-19
760,تسه9712,امتياز تسهيلات مسكن اسفند97,10,108,96420024,850265,892778,892778,42513,5.0,892778,42513,5.0,892778,892778,1399-7-19
761,ضفلا8085,اختيارخ فولاد-16775-1399/08/28,10,52,109935000,3150,2250,2500,-650,-20.63,2114,-1036,-32.89,2000,2500,1399-7-19
762,ضصاد1101,اختيارخ وبصادر-3000-1399/11/12,10,18,44300000,1,2430,2500,2499,249900.0,2461,2460,246000.0,2430,2500,1399-7-19
763,ضپاس7014,اختيارخ وپارس-3800-1399/07/30,10,188,147418000,700,700,870,170,24.29,784,84,12.0,671,870,1399-7-19
764,ضپاس7020,اختيارخ وپارس-5000-1399/07/30,10,160,24845000,92,150,120,28,30.43,155,63,68.48,120,170,1399-7-19
765,لخزر,پارس‌ خزر,10,732,151150680,217350,206490,206490,-10860,-5.0,217320,-30,-0.01,206490,206490,1399-7-19
766,لخانه,لوازم‌ خانگي‌ پارس‌,9,931,53031622,58723,56962,56962,-1761,-3.0,58718,-5,-0.01,56962,56962,1399-7-19
767,سخواف,سيمان مجد خواف,9,37065,605419710,16839,16334,16334,-505,-3.0,16823,-16,-0.1,16334,16334,1399-7-19
768,ضملي8076,اختيارخ فملي -27750-1399/08/06,9,65,130049000,6980,2000,2000,-4980,-71.35,2001,-4979,-71.33,1800,2200,1399-7-19
769,ضپيك7032,اختيارخ تاپيكو-19370-99/07/20,9,27,17030000,1500,1150,500,-1000,-66.67,631,-869,-57.93,500,1150,1399-7-19
770,ضصاد8020,اختيارخ وبصادر-4400-1399/08/11,9,284,123192000,253,500,435,182,71.94,434,181,71.54,400,500,1399-7-19
771,ثنام,س ساختماني ب نام آوران مهندسي,9,11426,240997192,21744,21092,21092,-652,-3.0,21736,-8,-0.04,21092,21092,1399-7-19
772,صايپا908,صكوك مرابحه سايپا908-3ماهه 18%,9,2023,2022455326,993002,980985,1000000,6998,0.7,999731,6729,0.68,980985,1000000,1399-7-19
773,ضصاد8010,اختيارخ وبصادر-2400-1399/08/11,9,351,644158000,1796,1899,1950,154,8.57,1835,39,2.17,1600,1950,1399-7-19
774,ضسپا8018,اختيارخ خساپا-2400-1399/08/26,9,113,75685000,678,650,650,-28,-4.13,670,-8,-1.18,650,939,1399-7-19
775,ضخوز7022,اختيارخ فخوز-29470-1399/07/20,9,156,1331300000,9999,9500,8500,-1499,-14.99,8534,-1465,-14.65,8500,9500,1399-7-19
776,ضبدر8060,اختيارخ شبندر-29580-1399/08/18,8,23,223000000,9611,10500,8500,-1111,-11.56,9696,85,0.88,8500,10500,1399-7-19
777,ضپاس7015,اختيارخ وپارس-4000-1399/07/30,8,92,53417000,547,650,570,23,4.2,581,34,6.22,500,650,1399-7-19
778,ضصاد8019,اختيارخ وبصادر-4200-1399/08/11,8,140,60863000,371,450,550,179,48.25,435,64,17.25,321,550,1399-7-19
779,وسالت,بانك قرض الحسنه رسالت,8,10400,45375200,4156,4363,4363,207,4.98,4156,0,0.0,4363,4363,1399-7-19
780,ضپاس1002,اختيارخ وپارس-3000-1399/10/30,8,13,28600000,2300,2200,2200,-100,-4.35,2200,-100,-4.35,2200,2200,1399-7-19
781,زير0003پ02,زيره سبز0003 دانش(پ),8,232,114560000,495004,470000,505000,9996,2.02,493793,-1211,-0.24,470000,510000,1399-7-19
782,ضسپا8020,اختيارخ خساپا-2800-1399/08/26,8,150,76600000,742,500,540,-202,-27.22,511,-231,-31.13,500,540,1399-7-19
783,صگل1411,ص اجاره گل گهر 1411-3 ماهه 17%,8,111,107709109,1025997,970200,971501,-54496,-5.31,970352,-55645,-5.42,970000,971501,1399-7-19
784,ضخوز7027,اختيارخ فخوز-39470-1399/07/20,8,32,1039000,1066,16,30,-1036,-97.19,32,-1034,-97.0,16,41,1399-7-19
785,شسم,توليد سموم‌ علف‌ كش,8,1984,161735680,79922,81520,81520,1598,2.0,79947,25,0.03,81520,81520,1399-7-19
786,ضصاد1100,اختيارخ وبصادر-2500-1399/11/12,8,41,114510000,1,2600,2910,2909,290900.0,2793,2792,279200.0,2600,2910,1399-7-19
787,تملي705,تسهيلات مسكن ب. ملي-مرداد97,8,160,89632690,533529,560205,560200,26671,5.0,560204,26675,5.0,560200,560205,1399-7-19
788,ضملي8085,اختيارخ فملي-51750-1399/08/06,8,236,5583000,30,25,15,-15,-50.0,24,-6,-20.0,15,30,1399-7-19
789,غبهار,كشت وصنعت بهاران گلبهار خراسان,8,4892,178753680,37670,36540,36540,-1130,-3.0,37660,-10,-0.03,36540,36540,1399-7-19
790,تسه9804,امتياز تسهيلات مسكن تير98,7,90,80954640,856663,899496,899496,42833,5.0,899496,42833,5.0,899496,899496,1399-7-19
791,فافزا,فولاد افزا سپاهان,7,851,40361228,48894,47428,47428,-1466,-3.0,48891,-3,-0.01,47428,47428,1399-7-19
792,ضملي8067,اختيارخ فملي -14750-1399/08/06,7,37,448000000,14288,12000,12750,-1538,-10.76,12108,-2180,-15.26,10000,12750,1399-7-19
793,ضپار1115,اختيارخ خپارس-5000-1399/11/19,7,35,201250000,5500,5750,5750,250,4.55,5750,250,4.55,5750,5750,1399-7-19
794,ضصاد1106,اختيارخ وبصادر-6000-1399/11/12,7,200,100000000,1,500,500,499,49900.0,500,499,49900.0,500,500,1399-7-19
795,تسه9805,امتياز تسهيلات مسكن مرداد98,7,98,89223980,869238,911000,912699,43461,5.0,910449,41211,4.74,900002,912699,1399-7-19
796,اخزا722,اسنادخزانه-م22بودجه97-000428,7,17866,15710429600,868166,880000,880181,12015,1.38,879348,11182,1.29,879006,880181,1399-7-19
797,شبريز2,پالايش نفت تبريز,7,7990832,262818464480,31330,32890,32890,1560,4.98,32890,1560,4.98,32890,32890,1399-7-19
798,تملي704,تسهيلات مسكن ب. ملي-تير97,7,32,47343232,1409025,1479476,1479476,70451,5.0,1479476,70451,5.0,1479476,1479476,1399-7-19
799,ضجار7019,اختيارخ وتجارت-2200-1399/07/22,7,159,180870000,1250,1100,1050,-200,-16.0,1138,-112,-8.96,1000,1200,1399-7-19
800,وثخوز,سرمايه گذاري و توسعه خوزستان,7,4131,147551058,37597,35718,35718,-1879,-5.0,37582,-15,-0.04,35718,35718,1399-7-19
801,صگل411,ص اجاره گل گهر 411- 3 ماهه 17%,7,144,146899352,982353,1029999,960010,-22343,-2.27,1020134,37781,3.85,960000,1029999,1399-7-19
802,وسزنجان,شركت س استان زنجان,6,437744,656616000,1430,1500,1500,70,4.9,1430,0,0.0,1500,1500,1399-7-19
803,ضصاد1104,اختيارخ وبصادر-4500-1399/11/12,6,70,86500000,1,780,1370,1369,136900.0,1236,1235,123500.0,780,1370,1399-7-19
804,شمواد,توليد مواداوليه الياف مصنوعي,6,3347,211845018,65251,63294,63294,-1957,-3.0,65230,-21,-0.03,63294,63294,1399-7-19
805,ضخوز7023,اختيارخ فخوز-31470-1399/07/20,6,46,308575000,9890,8400,6500,-3390,-34.28,6708,-3182,-32.17,6500,8400,1399-7-19
806,ضغدر8045,اختيارخ وغدير-18000-1399/08/26,6,120,179400000,2890,1500,1200,-1690,-58.48,1495,-1395,-48.27,1200,1500,1399-7-19
807,ولراز,ليزينگ رازي,6,3332,78361976,24245,23518,23518,-727,-3.0,24242,-3,-0.01,23518,23518,1399-7-19
808,هنفت912,اختيارف ت نفت-15330-99/12/04,6,100000,100000,1,1,1,0,0.0,1,0,0.0,1,1,1399-7-19
809,زقيامح,ح.كشت و دام قيام اصفهان,6,16016,436607424,25966,27264,27000,1034,3.98,27261,1295,4.99,27000,27264,1399-7-19
810,ضمخا1026,اختيارخ اخابر-18000-1399/10/30,6,36,177452000,3900,5150,5200,1300,33.33,4929,1029,26.38,651,5200,1399-7-19
811,زعف9908پ08,زعفران9908نگين روستا(پ),6,699,67813485,92886,97015,97015,4129,4.45,97015,4129,4.45,97015,97015,1399-7-19
812,ضملي8087,اختيارخ فملي-59750-1399/08/06,5,333,343000,4,1,1,-3,-75.0,1,-3,-75.0,1,2,1399-7-19
813,رمپنا2,گروه مپنا (سهامي عام),5,24550000,545746500000,21180,22230,22230,1050,4.96,22230,1050,4.96,22230,22230,1399-7-19
814,ضفلا8083,اختيارخ فولاد-14775-1399/08/28,5,96,315300000,4000,3000,3300,-700,-17.5,3284,-716,-17.9,3000,3300,1399-7-19
815,ضپاس1001,اختيارخ وپارس-2500-1399/10/30,5,5,12950000,1,2590,2590,2589,258900.0,2590,2589,258900.0,2590,2590,1399-7-19
816,ضملي8058,اختيارخ فملي -7750-1399/08/06,5,80,2111150000,18706,18500,28800,10094,53.96,26389,7683,41.07,18500,28800,1399-7-19
817,ضخوز7024,اختيارخ فخوز-33470-1399/07/20,5,28,125100000,6499,3600,4500,-1999,-30.76,4468,-2031,-31.25,3600,4500,1399-7-19
818,ومشان,س. فني و مهندسي مشانير,5,1688,97053248,59274,57496,57496,-1778,-3.0,59265,-9,-0.02,57496,57496,1399-7-19
819,ضصاد8011,اختيارخ وبصادر-2600-1399/08/11,5,37,68033000,1733,1800,1800,67,3.87,1839,106,6.12,1800,1890,1399-7-19
820,اخزا723,اسنادخزانه-م23بودجه97-000824,5,6836,5661716121,829972,822111,833001,3029,0.36,828221,-1751,-0.21,822111,833001,1399-7-19
821,گكيش,توريستي ورفاهي آبادگران كيش,5,2819,199128522,72822,70638,70638,-2184,-3.0,72800,-22,-0.03,70638,70638,1399-7-19
822,تابا,تابان نيرو سپاهان,5,896,28501760,32793,31810,31810,-983,-3.0,32792,-1,0.0,31810,31810,1399-7-19
823,ضفلا8082,اختيارخ فولاد-13775-1399/08/28,5,60,261000000,5000,4200,4000,-1000,-20.0,4350,-650,-13.0,4000,4900,1399-7-19
824,داريك2,صندوق س.اعتماد داريك-د,5,500000,500000,10001,1,1,-10000,-99.99,1,-10000,-99.99,1,1,1399-7-19
825,اخزا718,اسنادخزانه-م18بودجه97-000525,5,26492,23113757692,866887,865874,873000,6113,0.71,872481,5594,0.65,865874,873000,1399-7-19
826,ضفار1121,اختيارخ فارس-9826-1399/11/07,4,47,714900000,14000,14800,15000,1000,7.14,15211,1211,8.65,14800,15700,1399-7-19
827,ضغدر8040,اختيارخ وغدير-13000-1399/08/26,4,23,80500000,4275,3500,3500,-775,-18.13,3500,-775,-18.13,3500,3500,1399-7-19
828,زعف9908پ12,زعفران9908پوشالمعمول سحرخيز(پ),4,7144,586993904,78430,82166,82166,3736,4.76,82166,3736,4.76,82166,82166,1399-7-19
829,ضجار7028,اختيارخ وتجارت-4000-1399/07/22,4,60,89000,11,1,2,-9,-81.82,1,-10,-90.91,1,2,1399-7-19
830,ضفلا8089,اختيارخ فولاد-21775-1399/08/28,4,47,37610000,2000,800,800,-1200,-60.0,800,-1200,-60.0,800,801,1399-7-19
831,ضپاس7018,اختيارخ وپارس-4600-1399/07/30,4,43,4140000,238,90,160,-78,-32.77,96,-142,-59.66,90,160,1399-7-19
832,ضجار1013,اختيارخ وتجارت-2500-1399/10/21,4,10,13500000,1400,1350,1350,-50,-3.57,1350,-50,-3.57,1350,1350,1399-7-19
833,خودرو2,ايران‌ خودرو,4,42737,145733170,3250,3410,3410,160,4.92,3410,160,4.92,3410,3410,1399-7-19
834,حرهشا,رهشاد سپاهان (سهامي عام,4,744,44012064,62269,59156,59156,-3113,-5.0,62262,-7,-0.01,59156,59156,1399-7-19
835,ضفلا8078,اختيارخ فولاد-9775-1399/08/28,4,123,925062000,7838,7498,7500,-338,-4.31,7521,-317,-4.04,7498,8150,1399-7-19
836,ضملي8078,اختيارخ فملي-31750-1399/08/06,4,22,16583000,3903,799,799,-3104,-79.53,754,-3149,-80.68,600,799,1399-7-19
837,ضصاد8009,اختيارخ وبصادر-2200-1399/08/11,4,31,60905000,1845,1800,2222,377,20.43,1965,120,6.5,1800,2222,1399-7-19
838,ضفلا8070,اختيارخ فولاد-5775-1399/08/28,4,12,132000000,10500,11000,11000,500,4.76,11000,500,4.76,11000,11000,1399-7-19
839,ضپيك1019,اختيارخ تاپيكو-12000-99/10/16,3,30,332000000,11700,11200,11000,-700,-5.98,11067,-633,-5.41,11000,11200,1399-7-19
840,اخزا716,اسنادخزانه-م16بودجه97-000407,3,466,413597293,883063,884463,888001,4938,0.56,887548,4485,0.51,884463,888001,1399-7-19
841,ضفلا8060,اختيارخ فولاد-3507-1399/08/28,3,99,2246215200,14400,14300,14100,-300,-2.08,14110,-290,-2.01,14100,14300,1399-7-19
842,خعمرا,توسعه و عمران شهرستان نائين,3,9644,146733460,14772,15215,15215,443,3.0,14775,3,0.02,15215,15215,1399-7-19
843,ضبدر1150,اختيارخ شبندر-32000-1399/11/19,3,11,158900000,14400,14400,14900,500,3.47,14445,45,0.31,14400,14900,1399-7-19
844,ضفار1120,اختيارخ فارس-8826-1399/11/07,3,25,400000000,15500,16000,16000,500,3.23,16000,500,3.23,16000,16000,1399-7-19
845,ضبدر8070,اختيارخ شبندر-59580-1399/08/18,3,60,8990000,999,150,151,-848,-84.88,150,-849,-84.98,149,151,1399-7-19
846,ضفار8041,اختيارخ فارس-16826-1399/08/06,3,64,27600000,2000,500,400,-1600,-80.0,431,-1569,-78.45,400,500,1399-7-19
847,ضپاس7013,اختيارخ وپارس-3600-1399/07/30,3,126,105600000,850,850,800,-50,-5.88,838,-12,-1.41,800,860,1399-7-19
848,ضبدر8062,اختيارخ شبندر-33580-1399/08/18,3,11,88000000,8003,8000,8000,-3,-0.04,8000,-3,-0.04,8000,8000,1399-7-19
849,اخزا720,اسنادخزانه-م20بودجه97-000324,3,816,730164706,898608,900000,894001,-4607,-0.51,894810,-3798,-0.42,894001,900000,1399-7-19
850,ضفلا8080,اختيارخ فولاد-11775-1399/08/28,3,30,179000000,6510,5900,6000,-510,-7.83,5967,-543,-8.34,5900,6000,1399-7-19
851,ضبدر8069,اختيارخ شبندر-55580-1399/08/18,3,11,11000000,290,1000,1000,710,244.83,1000,710,244.83,1000,1000,1399-7-19
852,غيوان,كيوان,3,7566,116766078,15281,15433,15433,152,0.99,15285,4,0.03,15433,15433,1399-7-19
853,معيار,سرمايه گذاري معيار صنعت پارس,3,4190,122423420,29814,29218,29218,-596,-2.0,29807,-7,-0.02,29218,29218,1399-7-19
854,ضملي1154,اختيارخ فملي-24336-1399/11/05,3,50,127000000,2500,1500,2800,300,12.0,2540,40,1.6,1500,2800,1399-7-19
855,غگز,گز سكه,3,11300,389850000,34500,34500,34500,0,0.0,34500,0,0.0,34500,34500,1399-7-19
856,خساپا2,سايپا,3,33369,94100580,2690,2820,2820,130,4.83,2820,130,4.83,2820,2820,1399-7-19
857,ضجار1016,اختيارخ وتجارت-4000-1399/10/21,3,100,55000000,502,550,550,48,9.56,550,48,9.56,550,550,1399-7-19
858,ضصاد8022,اختيارخ وبصادر-4800-1399/08/11,2,10,2000000,90,200,200,110,122.22,200,110,122.22,200,200,1399-7-19
859,هغدير912,اختيارف ت غدير-17380-99/12/16,2,100000,100000,100,1,1,-99,-99.0,1,-99,-99.0,1,1,1399-7-19
860,ضفلا8054,اختيارخ فولاد-2387-1399/08/28,2,4,82329600,14800,11100,14500,-300,-2.03,12800,-2000,-13.51,11100,14500,1399-7-19
861,ضپنا1021,اختيارخ رمپنا-16106-1399/10/09,2,2,29620000,8000,10000,10000,2000,25.0,10000,2000,25.0,10000,10000,1399-7-19
862,ضگل8061,اختيارخ كگل-17100-1399/08/21,2,10,47500000,100,4000,5500,5400,5400.0,4750,4650,4650.0,4000,5500,1399-7-19
863,صمسكن912,ص دين مسكن جنوب-ماهانه16درصد,2,131,15491143,124476,118253,118253,-6223,-5.0,118253,-6223,-5.0,118253,118253,1399-7-19
864,ضجار1018,اختيارخ وتجارت-5000-1399/10/21,2,11,1850000,227,150,350,123,54.19,168,-59,-25.99,150,350,1399-7-19
865,هپارس912,اختيارف ت وپارس-5920-99/12/10,2,100000,117500000,1367,1175,1175,-192,-14.05,1175,-192,-14.05,1175,1175,1399-7-19
866,ضپاس1000,اختيارخ وپارس-2000-1399/10/30,2,20,60500000,3000,3100,3000,0,0.0,3025,25,0.83,3000,3100,1399-7-19
867,ضسان1039,اختيارخ پارسان-20000-99/10/14,2,25,266500000,1,10500,10700,10699,1069900.0,10660,10659,1065900.0,10500,10700,1399-7-19
868,صخابر102,صكوك اجاره مخابرات-3 ماهه 16%,2,160,152905360,970343,951317,960000,-10343,-1.07,955658,-14685,-1.51,951317,960000,1399-7-19
869,تملي802,تسهيلات مسكن ب. ملي-ارديبهشت98,2,11,10381987,898874,943817,943817,44943,5.0,943817,44943,5.0,943817,943817,1399-7-19
870,ضصاد1102,اختيارخ وبصادر-3500-1399/11/12,2,20,41000000,1,2050,2050,2049,204900.0,2050,2049,204900.0,2050,2050,1399-7-19
871,ضغدر8038,اختيارخ وغدير-11000-1399/08/26,2,10,56500000,6400,5800,5500,-900,-14.06,5650,-750,-11.72,5500,5800,1399-7-19
872,ضصاد8000,اختيارخ وبصادر-1200-1399/08/11,2,3,8905000,2922,3000,2905,-17,-0.58,2968,46,1.57,2905,3000,1399-7-19
873,ضفلا8068,اختيارخ فولاد-4751-1399/08/28,2,13,269047344,13600,13000,12159,-1441,-10.6,12871,-729,-5.36,12159,13000,1399-7-19
874,ضفار8027,اختيارخ فارس-6326-1399/08/06,2,2,34000000,14000,17000,17000,3000,21.43,17000,3000,21.43,17000,17000,1399-7-19
875,ضجار7027,اختيارخ وتجارت-3800-1399/07/22,2,16,305000,11,20,5,-6,-54.55,19,8,72.73,5,20,1399-7-19
876,ضمخا1025,اختيارخ اخابر-16000-1399/10/30,2,2,11060000,5000,5000,6060,1060,21.2,5530,530,10.6,5000,6060,1399-7-19
877,ضصاد8021,اختيارخ وبصادر-4600-1399/08/11,2,21,5920000,275,275,420,145,52.73,282,7,2.55,275,420,1399-7-19
878,ضبدر8064,اختيارخ شبندر-37580-1399/08/18,2,3,19530000,7002,6510,6510,-492,-7.03,6510,-492,-7.03,6510,6510,1399-7-19
879,وپست2,پست بانك ايران,2,4877,55305180,10800,11340,11340,540,5.0,11340,540,5.0,11340,11340,1399-7-19
880,تهران012,مشاركت ش تهران012-3ماهه18%,2,1050,1002556000,969000,953000,962530,-6470,-0.67,954815,-14185,-1.46,953000,962530,1399-7-19
881,ضمخا7052,اختيارخ اخابر-16750-1399/07/30,2,2,5800000,2300,2900,2900,600,26.09,2900,600,26.09,2900,2900,1399-7-19
882,ضغدر8036,اختيارخ وغدير-9500-1399/08/26,2,13,78020000,6940,6000,6005,-935,-13.47,6002,-938,-13.52,6000,6005,1399-7-19
883,ضپنا1022,اختيارخ رمپنا-18806-1399/10/09,2,4,54792557,5882,9999,7000,1118,19.01,9249,3367,57.24,7000,9999,1399-7-19
884,زير0003پ04,زيره سبز0003شركت مينوبذر(پ),2,79,38565000,475316,485000,490000,14684,3.09,488165,12849,2.7,485000,490000,1399-7-19
885,ضفلا8093,اختيارخ فولاد-29775-1399/08/28,2,5,1035000,206,207,207,1,0.49,207,1,0.49,207,207,1399-7-19
886,ضپار1116,اختيارخ خپارس-6000-1399/11/19,2,10,41000000,4880,4100,4100,-780,-15.98,4100,-780,-15.98,4100,4100,1399-7-19
887,ضجار7031,اختيارخ وتجارت-4600-1399/07/22,2,96,96000,1,1,1,0,0.0,1,0,0.0,1,1,1399-7-19
888,ضپيك1023,اختيارخ تاپيكو-20000-99/10/16,1,10,46000000,5476,4600,4600,-876,-16.0,4600,-876,-16.0,4600,4600,1399-7-19
889,ضسان1041,اختيارخ پارسان-28000-99/10/14,1,100,450000000,4500,4500,4500,0,0.0,4500,0,0.0,4500,4500,1399-7-19
890,ضچاد1016,اختيارخ كچاد-18000-1399/10/02,1,60,310800000,5147,5180,5180,33,0.64,5180,33,0.64,5180,5180,1399-7-19
891,اروند10,منفعت صبا اروند لوتوس 14001222,1,1550,1619750000,1047589,1045000,1045000,-2589,-0.25,1045000,-2589,-0.25,1045000,1045000,1399-7-19
892,ضخوز7020,اختيارخ فخوز-25470-1399/07/20,1,1,12000000,9866,12000,12000,2134,21.63,12000,2134,21.63,12000,12000,1399-7-19
893,ضجار1017,اختيارخ وتجارت-4500-1399/10/21,1,90,40500000,1,450,450,449,44900.0,450,449,44900.0,450,450,1399-7-19
894,اشاد9,مشاركت دولتي9-شرايط خاص990909,1,500,495000500,994003,990001,990001,-4002,-0.4,990001,-4002,-0.4,990001,990001,1399-7-19
895,ضفار8037,اختيارخ فارس-12826-1399/08/06,1,1,4500000,3635,4500,4500,865,23.8,4500,865,23.8,4500,4500,1399-7-19
896,اروند04,منفعت صبا اروند كاردان14001113,1,100,102000000,1020000,1020000,1020000,0,0.0,1020000,0,0.0,1020000,1020000,1399-7-19
897,ضمخا7036,اختيارخ اخابر-2750-1399/07/30,1,1,14500000,10000,14500,14500,4500,45.0,14500,4500,45.0,14500,14500,1399-7-19
898,تملي711,تسهيلات مسكن ب. ملي-بهمن97,1,1,832239,792609,832239,832239,39630,5.0,832239,39630,5.0,832239,832239,1399-7-19
899,شرق1400,مشاركت ليزينگ ايران وشرق140010,1,20,20420000,1030526,1021000,1021000,-9526,-0.92,1021000,-9526,-0.92,1021000,1021000,1399-7-19
900,ضسپا8019,اختيارخ خساپا-2600-1399/08/26,1,10,5020000,559,502,502,-57,-10.2,502,-57,-10.2,502,502,1399-7-19
901,ضپاس7000,اختيارخ وپارس-1500-1399/07/30,1,20,59440000,2637,2972,2972,335,12.7,2972,335,12.7,2972,2972,1399-7-19
902,ضغدر8039,اختيارخ وغدير-12000-1399/08/26,1,2,9400000,5053,4700,4700,-353,-6.99,4700,-353,-6.99,4700,4700,1399-7-19
903,مكرج112,مشاركت شهرداري كرج-3ماهه18%,1,200,186300000,916500,931500,931500,15000,1.64,931500,15000,1.64,931500,931500,1399-7-19
904,تابان032,اجاره تابان سپهر14021206,1,100000,100000000000,1000000,1000000,1000000,0,0.0,1000000,0,0.0,1000000,1000000,1399-7-19
905,ضجار7010,اختيارخ وتجارت-1200-1399/07/22,1,20,40040000,2002,2002,2002,0,0.0,2002,0,0.0,2002,2002,1399-7-19
906,ضسپا8017,اختيارخ خساپا-2200-1399/08/26,1,15,10500000,950,700,700,-250,-26.32,700,-250,-26.32,700,700,1399-7-19
907,تملي712,تسهيلات مسكن ب. ملي-اسفند97,1,1,895769,853114,895769,895769,42655,5.0,895769,42655,5.0,895769,895769,1399-7-19
908,ساراب2,سيمان‌ داراب‌,1,2529,34697880,13400,13720,13720,320,2.39,13720,320,2.39,13720,13720,1399-7-19
909,تملي612,تسهيلات مسكن بانك ملي-اسفند96,1,2,9291586,4424565,4645793,4645793,221228,5.0,4645793,221228,5.0,4645793,4645793,1399-7-19
910,تملي710,تسهيلات مسكن ب. ملي-دي97,1,4,2534400,603429,633600,633600,30171,5.0,633600,30171,5.0,633600,633600,1399-7-19
911,فملي2,ملي‌ صنايع‌ مس‌ ايران‌,1,586181,16407206190,28650,27990,27990,-660,-2.3,27990,-660,-2.3,27990,27990,1399-7-19
912,تملي706,تسهيلات مسكن ب. ملي-شهريور97,1,5,1909775,363767,381955,381955,18188,5.0,381955,18188,5.0,381955,381955,1399-7-19
913,تملي804,تسهيلات مسكن ب. ملي-تير98,1,1,373543,355756,373543,373543,17787,5.0,373543,17787,5.0,373543,373543,1399-7-19
914,تملي806,تسهيلات مسكن ب. ملي-شهريور98,1,1,263198,250665,263198,263198,12533,5.0,263198,12533,5.0,263198,263198,1399-7-19
915,ضملي8069,اختيارخ فملي -16750-1399/08/06,1,10,120000000,13000,12000,12000,-1000,-7.69,12000,-1000,-7.69,12000,12000,1399-7-19
916,شلرد02,كود شيميايي اوره لردگان,1,5,4954000,991982,990800,990800,-1182,-0.12,990800,-1182,-0.12,990800,990800,1399-7-19
917,ضپيك1021,اختيارخ تاپيكو-16000-99/10/16,1,10,78000000,9000,7800,7800,-1200,-13.33,7800,-1200,-13.33,7800,7800,1399-7-19
918,ضغدر8049,اختيارخ وغدير-24000-1399/08/26,1,7,4200000,600,600,600,0,0.0,600,0,0.0,600,600,1399-7-19
919,شستا993,اجاره ت.اجتماعي-كاردان991226,1,40,38800000,968068,970000,970000,1932,0.2,970000,1932,0.2,970000,970000,1399-7-19
920,ضغدر8030,اختيارخ وغدير-6510-1399/08/26,1,35,320250000,8500,9150,9150,650,7.65,9150,650,7.65,9150,9150,1399-7-19
921,عفولاد2,اوراق سلف ورق گرم فولاد مباركه,1,9,5301000,589000,589000,589000,0,0.0,589000,0,0.0,589000,589000,1399-7-19
922,ضبدر1151,اختيارخ شبندر-36000-1399/11/19,1,1,12500000,13000,12500,12500,-500,-3.85,12500,-500,-3.85,12500,12500,1399-7-19
923,تبريز112,مشاركت شهرداري تبريز-3ماهه18%,1,8,7800000,975000,975000,975000,0,0.0,975000,0,0.0,975000,975000,1399-7-19
924,ضفار8044,اختيارخ فارس-19826-1399/08/06,1,65,7800000,4400,120,120,-4280,-97.27,120,-4280,-97.27,120,120,1399-7-19
925,تملي701,تسهيلات مسكن ب. ملي-فروردين97,1,1,988839,941752,988839,988839,47087,5.0,988839,47087,5.0,988839,988839,1399-7-19
926,ضصاد8002,اختيارخ وبصادر-1400-1399/08/11,1,17,52700000,2417,3100,3100,683,28.26,3100,683,28.26,3100,3100,1399-7-19
927,ضملي8080,اختيارخ فملي-35750-1399/08/06,1,35,13965000,1,399,399,398,39800.0,399,398,39800.0,399,399,1399-7-19
928,ضبدر1153,اختيارخ شبندر-48000-1399/11/19,1,1,6700000,7000,6700,6700,-300,-4.29,6700,-300,-4.29,6700,6700,1399-7-19
929,ضسپا8016,اختيارخ خساپا-2000-1399/08/26,1,16,16000000,820,1000,1000,180,21.95,1000,180,21.95,1000,1000,1399-7-19
930,دومينو4,اجاره دومينو14040208,1,500,475000000,960000,950000,950000,-10000,-1.04,950000,-10000,-1.04,950000,950000,1399-7-19
931,ضپار8019,اختيارخ خپارس-3800-1399/08/18,1,4,16000000,5041,4000,4000,-1041,-20.65,4000,-1041,-20.65,4000,4000,1399-7-19
932,تملي709,تسهيلات مسكن ب. ملي-آذر97,1,1,494345,470805,494345,494345,23540,5.0,494345,23540,5.0,494345,494345,1399-7-19
933,ضمخا7033,اختيارخ اخابر-5250-1399/07/30,1,1,14000000,10000,14000,14000,4000,40.0,14000,4000,40.0,14000,14000,1399-7-19
934,تملي805,تسهيلات مسكن ب. ملي-مرداد98,1,2,613162,291982,306581,306581,14599,5.0,306581,14599,5.0,306581,306581,1399-7-19
935,ضسپا8015,اختيارخ خساپا-1900-1399/08/26,1,10,9000000,967,900,900,-67,-6.93,900,-67,-6.93,900,900,1399-7-19
936,ضغدر8041,اختيارخ وغدير-14000-1399/08/26,1,15,37500000,2950,2500,2500,-450,-15.25,2500,-450,-15.25,2500,2500,1399-7-19
937,تملي807,تسهيلات مسكن ب. ملي-مهر98,1,1,458111,436297,458111,458111,21814,5.0,458111,21814,5.0,458111,458111,1399-7-19
938,تملي702,تسهيلات مسكن ب. ملي-ارديبهشت97,1,1,851846,811282,851846,851846,40564,5.0,851846,40564,5.0,851846,851846,1399-7-19
939,تملي801,تسهيلات مسكن ب. ملي-فروردين98,1,1,567613,540584,567613,567613,27029,5.0,567613,27029,5.0,567613,567613,1399-7-19
940,تملي708,تسهيلات مسكن ب. ملي-آبان97,1,1,297952,283764,297952,297952,14188,5.0,297952,14188,5.0,297952,297952,1399-7-19
941,ضجار1012,اختيارخ وتجارت-2000-1399/10/21,1,10,18000000,1596,1800,1800,204,12.78,1800,204,12.78,1800,1800,1399-7-19
942,تملي703,تسهيلات مسكن ب. ملي-خرداد97,1,11,5132424,444366,466584,466584,22218,5.0,466584,22218,5.0,466584,466584,1399-7-19
943,اخزا713,اسنادخزانه-م13بودجه97-000518,1,1000,866004000,865128,866004,866004,876,0.1,866004,876,0.1,866004,866004,1399-7-19
944,ضگل1144,اختيارخ كگل-20000-1399/11/21,1,1,6900000,1,6900,6900,6899,689900.0,6900,6899,689900.0,6900,6900,1399-7-19
945,ضچاد1012,اختيارخ كچاد-10000-1399/10/02,1,1,11000000,11999,11000,11000,-999,-8.33,11000,-999,-8.33,11000,11000,1399-7-19
946,ضفلا8091,اختيارخ فولاد-25775-1399/08/28,1,6,3000000,1500,500,500,-1000,-66.67,500,-1000,-66.67,500,500,1399-7-19
947,كيش1402,اجاره س. و توسعه كيش14020820,1,1,965000,970100,965000,965000,-5100,-0.53,965000,-5100,-0.53,965000,965000,1399-7-19
948,تملي707,تسهيلات مسكن ب. ملي-مهر97,1,1,736779,701695,736779,736779,35084,5.0,736779,35084,5.0,736779,736779,1399-7-19
949,پارسا306,صكوك اجاره پارسيان-6ماهه16%,1,300,291600000,980000,972000,972000,-8000,-0.82,972000,-8000,-0.82,972000,972000,1399-7-19
950,شجم2,صنايع پتروشيمي تخت جمشيد,1,57873296,482142428976,8089,8331,8331,242,2.99,8331,242,2.99,8331,8331,1399-7-19
951,شخارك2,پتروشيمي‌ خارك‌,1,18000000,814500000000,45440,45250,45250,-190,-0.42,45250,-190,-0.42,45250,45250,1399-7-19
952,ضملي1149,اختيارخ فملي-12168-1399/11/05,1,1,10000000,10167,10000,10000,-167,-1.64,10000,-167,-1.64,10000,10000,1399-7-19
