,نماد,نام,تعداد,حجم,ارزش,دیروز,اولین,آخرین معامله - مقدار,آخرین معامله - تغییر,آخرین معامله - درصد,قیمت پایانی - مقدار,قیمت پایانی - تغییر,قیمت پایانی - درصد,کمترین,بیشترین,تاریخ
0,اپال,فرآوري معدني اپال كاني پارس,150663,111283822,1780754890610,15600,15800,16160,560,3.59,16000,400,2.56,15760,16490,1399-12-18
1,كزغال,زغال سنگ پروده طبس,130614,19792826,627250232442,31924,31810,31570,-354,-1.11,31691,-233,-0.73,31296,32497,1399-12-18
2,پالايش,صندوق پالايشي يکم-سهام,87853,109087669,9612771606070,83910,86500,89490,5580,6.65,88120,4210,5.02,85300,89900,1399-12-18
3,دارا يكم,صندوق واسطه گري مالي يكم-سهام,48895,38977280,5722266102330,140820,144800,148410,7590,5.39,146810,5990,4.25,143050,149790,1399-12-18
4,خساپا,سايپا,39312,1390259523,3062133186520,2210,2200,2240,30,1.36,2200,-10,-0.45,2170,2280,1399-12-18
5,خودرو,ايران‌ خودرو,38618,972728461,2332337527670,2400,2380,2460,60,2.5,2400,0,0.0,2360,2480,1399-12-18
6,شاروم,پتروشيمي اروميه,34067,12578939,243724967845,19307,18921,19366,59,0.31,19376,69,0.36,18921,20000,1399-12-18
7,شستا,سرمايه گذاري تامين اجتماعي,31223,104224537,2000105085910,18360,18660,19450,1090,5.94,19190,830,4.52,18450,19460,1399-12-18
8,وكبهمن,مديريت سرمايه گذاري كوثربهمن,30214,6420959,77797271938,12077,12110,12200,123,1.02,12116,39,0.32,11960,12450,1399-12-18
9,بوعلي,پتروشيمي بوعلي سينا,26149,5209348,220992773470,42000,41730,42420,420,1.0,42420,420,1.0,41730,43030,1399-12-18
10,شپنا,پالايش نفت اصفهان,24241,239682227,2915841920670,11530,11830,12220,690,5.98,12170,640,5.55,11680,12220,1399-12-18
11,خگستر,گسترش‌سرمايه‌گذاري‌ايران‌خودرو,21440,573075877,1642279028690,2910,2860,2890,-20,-0.69,2870,-40,-1.37,2860,2900,1399-12-18
12,فملي,ملي‌ صنايع‌ مس‌ ايران‌,20214,114282744,1411554652810,11970,12010,12500,530,4.43,12350,380,3.17,11900,12670,1399-12-18
13,وسپهر,سرمايه گذاري مالي سپهرصادرات,19544,32434337,327591102977,10100,10100,10100,0,0.0,10100,0,0.0,10100,10102,1399-12-18
14,فولاد,فولاد مباركه اصفهان,19517,174284774,2162898569810,11780,12140,12480,700,5.94,12410,630,5.35,11970,12480,1399-12-18
15,شتران,پالايش نفت تهران,18249,145199885,1240645087080,8140,8320,8620,480,5.9,8540,400,4.91,8200,8620,1399-12-18
16,وتجارت,بانك تجارت,14178,318237480,800191301000,2450,2470,2530,80,3.27,2510,60,2.45,2460,2580,1399-12-18
17,امين,تامين سرمايه امين,13677,6148827,63960636950,10400,10400,10400,0,0.0,10400,0,0.0,10400,10420,1399-12-18
18,شبندر,پالايش نفت بندرعباس,13523,80755785,2161245733940,25350,26200,26870,1520,6.0,26760,1410,5.56,25850,26870,1399-12-18
19,آريا,پليمر آريا ساسول,12522,4498536,361187595253,76570,77000,81164,4594,6.0,80290,3720,4.86,77000,81164,1399-12-18
20,ذوب,سهامي ذوب آهن  اصفهان,11531,123166312,469602235500,3735,3750,3845,110,2.95,3813,78,2.09,3735,3915,1399-12-18
21,سيتا,سرمايه گذاري سيمان تامين,11168,13996572,209975183280,15000,15000,15010,10,0.07,15000,0,0.0,15000,15030,1399-12-18
22,وپارس,بانك‌پارسيان‌,10345,405474897,1231586040430,3090,3030,3030,-60,-1.94,3040,-50,-1.62,3030,3130,1399-12-18
23,گشان,توسعه بين المللي پديده شانديز,10098,16735768,564827986723,34891,33740,33496,-1395,-4.0,33750,-1141,-3.27,33496,35000,1399-12-18
24,وبملت,بانك ملت,9837,261601114,966453357260,3520,3580,3730,210,5.97,3690,170,4.83,3560,3730,1399-12-18
25,پيزد,مجتمع صنايع لاستيك يزد,9099,717452,48092231017,67827,66471,66471,-1356,-2.0,67049,-778,-1.15,66471,68950,1399-12-18
26,ثاميد,توسعه و عمران اميد,8514,64888099,103455402100,1620,1610,1590,-30,-1.85,1590,-30,-1.85,1590,1620,1399-12-18
27,وبصادر,بانك صادرات ايران,8363,196863660,451347123370,2240,2260,2310,70,3.13,2290,50,2.23,2230,2340,1399-12-18
28,پترول,گروه پتروشيمي س. ايرانيان,6899,34308935,324086243900,9210,9250,9570,360,3.91,9450,240,2.61,9200,9660,1399-12-18
29,وخارزم,سرمايه گذاري خوارزمي,6712,43680955,368762635620,8370,8270,8470,100,1.19,8440,70,0.84,8220,8700,1399-12-18
30,هاي وب,داده گسترعصرنوين-هاي وب,6605,38451412,377809963270,9600,9410,9700,100,1.04,9830,230,2.4,9410,10170,1399-12-18
31,شبريز,پالايش نفت تبريز,6424,31773242,985447579650,29440,30000,31200,1760,5.98,31020,1580,5.37,29950,31200,1399-12-18
32,شگويا,پتروشيمي تندگويان,6381,26136379,217501081399,8011,8120,8413,402,5.02,8322,311,3.88,8120,8449,1399-12-18
33,وغدير,سرمايه‌گذاري‌غدير(هلدينگ‌,6294,58715064,683787336480,11080,11400,11740,660,5.96,11650,570,5.14,11270,11740,1399-12-18
34,رافزا,رايان هم افزا,5871,38307,3226330461,79456,84223,84223,4767,6.0,79614,158,0.2,84223,84223,1399-12-18
35,فخوز,فولاد  خوزستان,5516,43400938,601074451420,13210,13450,13990,780,5.9,13850,640,4.84,13320,14000,1399-12-18
36,آوا,صندوق س.سهام آواي معيار-س,5420,58410750,396417275552,6602,6730,6839,237,3.59,6787,185,2.8,6612,6898,1399-12-18
37,ونوين,بانك‌اقتصادنوين‌,5053,118614427,489926703700,3960,4070,4150,190,4.8,4130,170,4.29,4040,4190,1399-12-18
38,غنوش,نوش‌ مازندران‌,4952,14056588,824077537080,59680,58490,59300,-380,-0.64,58630,-1050,-1.76,58490,60000,1399-12-18
39,سمگا,گروه سرمايه گذاري ميراث فرهنگي,4876,13420287,356196050814,25899,26900,26300,401,1.55,26542,643,2.48,25900,27300,1399-12-18
40,ثاخت,بين‌المللي‌توسعه‌ساختمان,4833,76223453,198313238160,2640,2590,2620,-20,-0.76,2600,-40,-1.52,2590,2680,1399-12-18
41,كمند,صندوق س. با درآمد ثابت كمند,4722,189523914,1898391767822,10012,10016,10018,6,0.06,10017,5,0.05,10016,10019,1399-12-18
42,بجهرم,توسعه مولد نيروگاهي جهرم,4599,60886011,178232806890,2945,2887,2970,25,0.85,2927,-18,-0.61,2887,2979,1399-12-18
43,صبا,سرمايه گذاري صبا تامين,4483,14050849,100757267923,6942,7039,7221,279,4.02,7128,186,2.68,6970,7349,1399-12-18
44,تملت,تامين سرمايه بانك ملت,4323,13666713,75744471900,5530,5550,5560,30,0.54,5540,10,0.18,5450,5670,1399-12-18
45,غگيلا,شيرپاستوريزه پگاه گيلان,4237,60983,1465055592,22665,24024,24024,1359,6.0,22702,37,0.16,24024,24024,1399-12-18
46,اخابر,مخابرات ايران,4016,29978194,293809481620,9960,9770,9920,-40,-0.4,9800,-160,-1.61,9770,9990,1399-12-18
47,شيران,س. صنايع‌شيميايي‌ايران,3940,13853233,359197044710,26410,25890,26240,-170,-0.64,25930,-480,-1.82,25890,26340,1399-12-18
48,ولپارس,ليزينگ پارسيان,3713,11959868,61998057330,5440,5260,5160,-280,-5.15,5180,-260,-4.78,5160,5260,1399-12-18
49,قثابت,قند ثابت‌ خراسان‌,3701,12249968,860259010220,71640,70210,70210,-1430,-2.0,70230,-1410,-1.97,70210,71200,1399-12-18
50,ومعادن,توسعه‌معادن‌وفلزات‌,3613,35808049,412560800510,10890,11290,11540,650,5.97,11520,630,5.79,11110,11540,1399-12-18
51,وهور,مديريت انرژي اميد  تابان هور,3542,198395303,452741386058,2328,2282,2282,-46,-1.98,2282,-46,-1.98,2282,2295,1399-12-18
52,غپاك,لبنيات‌ پاك‌,3514,12443261,275403031830,21820,22200,21700,-120,-0.55,22130,310,1.42,21600,22970,1399-12-18
53,كرازي,كارخانجات‌توليدي‌شيشه‌رازي‌,3473,9805629,215113588990,22290,21850,22160,-130,-0.58,21940,-350,-1.57,21850,22300,1399-12-18
54,شپترو,پتروشيمي آبادان,3348,44380879,221463407857,4929,4831,5060,131,2.66,4990,61,1.24,4831,5076,1399-12-18
55,فارس,صنايع پتروشيمي خليج فارس,3183,13992521,119879238450,8330,8310,8580,250,3.0,8560,230,2.76,8310,8760,1399-12-18
56,نوري,پتروشيمي نوري,3035,4198913,224508688590,50740,51880,53780,3040,5.99,53470,2730,5.38,51870,53780,1399-12-18
57,ونيكي,سرمايه‌گذاري‌ ملي‌ايران‌,3031,21953518,247305467710,11440,11220,11290,-150,-1.31,11260,-180,-1.57,11220,11600,1399-12-18
58,بالاس,مهندسي ساختمان تاسيسات راه آهن,3022,2065791,122140305149,58275,57110,59200,925,1.59,59125,850,1.46,57110,61000,1399-12-18
59,غپونه,نوش پونه مشهد,3014,13766120,301764912109,21756,21321,21321,-435,-2.0,21921,165,0.76,21321,22408,1399-12-18
60,صنفت312,صكوك منفعت نفت312-6ماهه 18/5%,3003,30000000,30000000000000,1000000,1000000,1000000,0,0.0,1000000,0,0.0,1000000,1000000,1399-12-18
61,غشهداب,كشت و صنعت شهداب ناب خراسان,2936,40140126,160554920333,4078,3997,4020,-58,-1.42,4000,-78,-1.91,3997,4067,1399-12-18
62,امين يكم,صندوق درآمد ثابت امين يكم فردا,2821,71607700,728007065573,10159,10164,10169,10,0.1,10167,8,0.08,10163,10174,1399-12-18
63,سرو,صندوق س سروسودمند مدبران-سهام,2678,3237224,214238465330,64040,65500,66540,2500,3.9,66180,2140,3.34,64830,66770,1399-12-18
64,خبازرس,بازرسي مهندسي و صنعتي ايران,2675,19515891,721700423612,36810,37914,36074,-736,-2.0,36980,170,0.46,36074,37914,1399-12-18
65,تاپيكو,س. نفت و گاز و پتروشيمي تأمين,2622,16004316,181160753120,10790,11040,11430,640,5.93,11320,530,4.91,10950,11430,1399-12-18
66,اعتماد,صندوق س.اعتماد آفرين پارسيان-د,2620,60375120,2127167120980,35216,35232,35232,16,0.05,35233,17,0.05,35231,35237,1399-12-18
67,كاوه,فولاد كاوه جنوب كيش,2600,16775434,335283618420,19210,19450,19990,780,4.06,19990,780,4.06,19450,20330,1399-12-18
68,سبزوا,سيمان لار سبزوار,2567,20127288,75009327282,3780,3705,3705,-75,-1.98,3727,-53,-1.4,3705,3850,1399-12-18
69,فوكا,فولاد كاويان,2471,10758708,134398121221,12417,12699,12400,-17,-0.14,12492,75,0.6,12200,12730,1399-12-18
70,غفارس,شير پاستوريزه پگاه فارس,2434,11467388,178551794584,15048,14748,15950,902,5.99,15570,522,3.47,14748,15950,1399-12-18
71,افق,فروشگاههاي زنجيره اي افق كوروش,2427,1839117,133583250900,72870,71500,73000,130,0.18,72630,-240,-0.33,71500,74890,1399-12-18
72,وپست,پست بانك ايران,2416,20919643,377480050210,17140,17500,18160,1020,5.95,18040,900,5.25,17100,18160,1399-12-18
73,زدشت,كشت و صنعت دشت خرم دره,2381,4688965,134266025225,29153,28570,28660,-493,-1.69,28634,-519,-1.78,28570,29138,1399-12-18
74,حريل,ريل پردازسير,2376,41173990,234396039093,5371,5693,5693,322,6.0,5693,322,6.0,5560,5693,1399-12-18
75,بركت,گروه دارويي بركت,2371,4897048,148723347760,30980,30370,30370,-610,-1.97,30370,-610,-1.97,30370,30370,1399-12-18
76,شلعاب,لعابيران‌,2243,6695552,153455141220,22930,22480,23500,570,2.49,22920,-10,-0.04,22480,23900,1399-12-18
77,آگاس,صندوق س.هستي بخش آگاه-س,2214,2615618,168366995051,62664,63500,65000,2336,3.73,64370,1706,2.72,62550,65150,1399-12-18
78,گكوثر,هتل پارسيان كوثر اصفهان,2195,29523058,74868977895,2516,2471,2516,0,0.0,2536,20,0.79,2471,2640,1399-12-18
79,ومهان,گروه توسعه مالي مهر آيندگان,2145,11817526,151565738556,12477,12818,12900,423,3.39,12826,349,2.8,12660,13050,1399-12-18
80,شلرد,كود شيميايي اوره لردگان,2118,21487845,147834216868,6758,6820,6960,202,2.99,6880,122,1.81,6660,6960,1399-12-18
81,شسپا,نفت سپاهان,2084,7856762,125775263770,15950,15690,15990,40,0.25,16010,60,0.38,15640,16370,1399-12-18
82,قجامح,ح.فرآورده غذايي وقندتربت‌جام,2084,19780042,128934005161,6642,6510,6559,-83,-1.25,6518,-124,-1.87,6510,6680,1399-12-18
83,ونيرو,سرمايه‌گذاري‌نيرو,2080,29048046,79321576610,2740,2710,2750,10,0.36,2730,-10,-0.36,2690,2780,1399-12-18
84,غسالم,سالمين‌,2077,13580671,56364910500,4100,4160,4160,60,1.46,4150,50,1.22,4100,4200,1399-12-18
85,ثزاگرس,سرمايه گذاري توسعه عمران زاگرس,2058,2850949,179402924038,65248,61986,63700,-1548,-2.37,62927,-2321,-3.56,61986,67000,1399-12-18
86,بميلا,توسعه بازرگاني آهن وفولادميلاد,2014,13357960,236861570166,17306,18171,16660,-646,-3.73,17732,426,2.46,16500,18171,1399-12-18
87,زاگرس,پتروشيمي زاگرس,2014,721488,145803606243,194211,198836,204950,10739,5.53,202087,7876,4.06,197001,204980,1399-12-18
88,وتوكا,سرمايه‌گذاري‌توكافولاد(هلدينگ,2007,22763250,253784306530,11340,11120,11130,-210,-1.85,11150,-190,-1.68,11120,11390,1399-12-18
89,جهرم,پتروشيمي جهرم,2004,33659867,65276475772,1952,1913,1913,-39,-2.0,1939,-13,-0.67,1913,1980,1399-12-18
90,كيان,صندوق س. با درآمد ثابت كيان,2002,36346041,998485707391,27459,27472,27473,14,0.05,27472,13,0.05,27470,27474,1399-12-18
91,مدير,ص.س.مديريت ثروت ص.بازنشستگي-س,2001,10346047,94054976416,8876,8927,9161,285,3.21,9091,215,2.42,8925,9209,1399-12-18
92,وملي,گروه‌ صنعتي‌ ملي‌ (هلدينگ‌,1980,615197,108629009290,170300,172200,176460,6160,3.62,176580,6280,3.69,170540,180500,1399-12-18
93,وگردش,بانك گردشگري,1964,16946773,294242850709,17035,16700,17210,175,1.03,17363,328,1.93,16700,17546,1399-12-18
94,نوين,بيمه نوين,1935,13099523,77853771981,5961,6130,5930,-31,-0.52,5943,-18,-0.3,5842,6170,1399-12-18
95,فنورد,نوردوقطعات‌ فولادي‌,1933,605577,120742697950,197940,193990,198000,60,0.03,199380,1440,0.73,193990,208870,1399-12-18
96,وبانك,سرمايه گذاري گروه توسعه ملي,1911,25813295,204592715820,7520,7970,7970,450,5.98,7930,410,5.45,7740,7970,1399-12-18
97,كچاد,معدني‌وصنعتي‌چادرملو,1853,9851139,198197019480,19850,20000,20210,360,1.81,20120,270,1.36,19700,20500,1399-12-18
98,خبهمن,گروه‌بهمن‌,1824,19454244,379746842880,19910,19520,19520,-390,-1.96,19520,-390,-1.96,19520,19520,1399-12-18
99,فاسمين,كالسيمين‌,1809,8843970,143515648500,15770,15820,16330,560,3.55,16230,460,2.92,15820,16690,1399-12-18
100,كگل,معدني و صنعتي گل گهر,1782,8713858,160267862460,17930,17800,18700,770,4.29,18390,460,2.57,17800,18800,1399-12-18
101,فولاژ,فولاد آلياژي ايران,1759,5908730,106180956900,18220,18100,18120,-100,-0.55,17970,-250,-1.37,17860,18500,1399-12-18
102,ستران,سيمان‌ تهران‌,1749,2675061,72735221190,26290,25920,26990,700,2.66,27190,900,3.42,25920,27860,1399-12-18
103,شصدف,صنعتي دوده فام,1748,104390,3210932010,29018,30759,30759,1741,6.0,29123,105,0.36,30759,30759,1399-12-18
104,وساخت,سرمايه‌ گذاري‌ ساختمان‌ايران‌,1693,2962070,135856440330,45630,44740,46800,1170,2.56,45870,240,0.53,44740,47150,1399-12-18
105,خكاوه,سايپا ديزل,1686,35724226,122038515158,3482,3413,3450,-32,-0.92,3416,-66,-1.9,3413,3482,1399-12-18
106,ثمسكن,سرمايه‌گذاري‌ مسكن‌,1685,18353005,100327648850,5210,5290,5520,310,5.95,5470,260,4.99,5180,5520,1399-12-18
107,تاصيكو,سرمايه گذاري صدرتامين,1671,14806323,146754481040,9450,9480,10000,550,5.82,9910,460,4.87,9480,10010,1399-12-18
108,سيلام,سيمان‌ ايلام‌,1666,11014572,129455575640,11950,11720,11720,-230,-1.92,11750,-200,-1.67,11720,12000,1399-12-18
109,رانفور,خدمات‌انفورماتيك‌,1644,4659510,110850388700,24120,23690,23640,-480,-1.99,23790,-330,-1.37,23640,24500,1399-12-18
110,سفارس,سيمان فارس و خوزستان,1615,5933108,112367898390,18490,18260,19100,610,3.3,18940,450,2.43,18260,19300,1399-12-18
111,وسپهح,ح . سرمايه‌گذاري‌ سپه‌,1614,11816705,60317931510,4900,4910,5190,290,5.92,5100,200,4.08,4910,5260,1399-12-18
112,ضخود2007,اختيارخ خودرو-3000-1400/02/08,1601,79967,8964490000,99,129,118,19,19.19,112,13,13.13,98,129,1399-12-18
113,بكام,كارخانجات توليدي شهيد قندي,1599,11699549,39879844910,3340,3340,3440,100,2.99,3390,50,1.5,3340,3490,1399-12-18
114,ونفت,سرمايه‌گذاري‌ صنعت‌ نفت‌,1599,6269714,100973943860,16220,15900,16110,-110,-0.68,16110,-110,-0.68,15900,16580,1399-12-18
115,سرچشمه,سرمايه گذاري مس سرچشمه,1564,14420370,92807272227,6522,6392,6600,78,1.2,6436,-86,-1.32,6392,6640,1399-12-18
116,وپاسار,بانك  پاسارگاد,1554,17448205,206229021040,11720,11730,11850,130,1.11,11820,100,0.85,11720,11850,1399-12-18
117,پاكشو,گروه صنعتي پاكشو,1543,1919914,155886053350,79070,80990,81000,1930,2.44,81190,2120,2.68,78260,83000,1399-12-18
118,سغرب,سيمان‌غرب‌,1540,1943141,76086184510,39770,39000,38980,-790,-1.99,39160,-610,-1.53,38980,40490,1399-12-18
119,قرن,پديده شيمي قرن,1540,780456,48765419310,62030,62500,63000,970,1.56,62470,440,0.71,61750,63480,1399-12-18
120,تبرك,گروه كارخانجات صنعتي تبرك,1535,3761990,64334331795,17093,16820,17020,-73,-0.43,17101,8,0.05,16810,17390,1399-12-18
121,فافزا,فولاد افزا سپاهان,1535,1560410,79406488550,49903,51400,51400,1497,3.0,50888,985,1.97,48950,51400,1399-12-18
122,فجر,فولاد اميركبيركاشان,1529,2502586,149041036320,57740,59120,60000,2260,3.91,59550,1810,3.13,58110,60900,1399-12-18
123,حفاري,حفاري شمال,1508,17179249,117228256150,6280,6600,6990,710,11.31,6820,540,8.6,6600,6990,1399-12-18
124,ارزش,صندوق س ارزش آفرين بيدار-سهام,1502,9623994,92095384120,9370,9460,9660,290,3.09,9570,200,2.13,9400,9670,1399-12-18
125,خپويش,سازه‌ پويش‌,1496,1511937,92072125750,61740,60510,60510,-1230,-1.99,60900,-840,-1.36,60510,63000,1399-12-18
126,فباهنر,مس‌ شهيدباهنر,1453,1103270,54071622610,48310,49210,49300,990,2.05,49010,700,1.45,47740,50240,1399-12-18
127,كروي,توسعه‌ معادن‌ روي‌ ايران‌,1428,2972795,79027276310,26280,26280,26810,530,2.02,26580,300,1.14,25780,27400,1399-12-18
128,جمح,ح . پتروشيمي جم,1426,5486647,149073767830,24760,25400,27730,2970,12.0,27170,2410,9.73,24540,27730,1399-12-18
129,دزهراويح,ح . ‌داروسازي‌زهراوي‌,1386,4996306,24334262390,4880,4720,4840,-40,-0.82,4870,-10,-0.2,4690,5050,1399-12-18
130,سشرق,سيمان‌ شرق‌,1375,7820817,55548924910,7030,6980,7060,30,0.43,7100,70,1.0,6980,7220,1399-12-18
131,ياقوت,صندوق س ياقوت آگاه-ثابت,1367,83853353,1007103601727,12010,12010,12017,7,0.06,12010,0,0.0,12010,12020,1399-12-18
132,البرز,بيمه البرز,1358,33354194,117377177700,3430,3580,3560,130,3.79,3520,90,2.62,3510,3590,1399-12-18
133,شبهرن,نفت‌ بهران‌,1339,1289478,78783769430,60130,61500,61040,910,1.51,61100,970,1.61,60700,62470,1399-12-18
134,پلاسك,پلاسكوكار,1336,7482034,61079966050,7980,8150,8140,160,2.01,8160,180,2.26,8000,8310,1399-12-18
135,ارفع,شركت آهن و فولاد ارفع,1325,11415330,149705662889,12582,12700,13336,754,5.99,13114,532,4.23,12583,13336,1399-12-18
136,پارسان,گسترش نفت و گاز پارسيان,1309,13005321,243700992720,17830,18000,18890,1060,5.95,18740,910,5.1,17900,18890,1399-12-18
137,فسپا,گروه‌صنعتي‌سپاهان‌,1300,2464764,94121149300,37330,38110,38550,1220,3.27,38190,860,2.3,37340,38690,1399-12-18
138,بكهنوج,توليد برق ماهتاب كهنوج,1293,24991480,45409094536,1848,1812,1812,-36,-1.95,1819,-29,-1.57,1812,1868,1399-12-18
139,مرقام,ايران‌ارقام‌,1289,4359926,76584192500,17890,17540,17540,-350,-1.96,17570,-320,-1.79,17540,17970,1399-12-18
140,رمپنا,گروه مپنا (سهامي عام),1275,5486852,89655330340,15710,15610,16100,390,2.48,16160,450,2.86,15610,16650,1399-12-18
141,حتايد,تايدواترخاورميانه,1272,6906890,172746004760,23670,23860,25090,1420,6.0,25010,1340,5.66,23860,25090,1399-12-18
142,شاراك,پتروشيمي شازند,1271,3980824,95194315240,23070,23900,23860,790,3.42,23910,840,3.64,23400,24300,1399-12-18
143,والبر,سرمايه‌ گذاري‌ البرز(هلدينگ‌,1270,3268808,52660993330,16290,16250,16000,-290,-1.78,16110,-180,-1.1,15970,16500,1399-12-18
144,شپديس,پتروشيمي پرديس,1252,1719223,155390781480,88260,90990,91500,3240,3.67,90380,2120,2.4,89030,91500,1399-12-18
145,اتكاي,بيمه اتكايي ايرانيان,1248,10832929,168285416326,14758,15643,15643,885,6.0,15535,777,5.26,15451,15643,1399-12-18
146,سمازن,سيمان‌مازندران‌,1242,6208313,74434024770,12200,11960,12110,-90,-0.74,11990,-210,-1.72,11960,12160,1399-12-18
147,تسه9911,امتياز تسهيلات مسكن بهمن99,1237,29468,16515487935,559549,553200,560000,451,0.08,560455,906,0.16,553200,562000,1399-12-18
148,پارسيان,بيمه پارسيان,1236,14006445,159654384510,11580,11350,11350,-230,-1.99,11400,-180,-1.55,11350,12000,1399-12-18
149,آريان,سرمايه گذاري پارس آريان,1232,18570595,206803932034,10837,10900,11162,325,3.0,11136,299,2.76,10850,11162,1399-12-18
150,وصنا,گروه‌صنايع‌بهشهرايران‌,1225,6775447,42355992670,6080,6280,6330,250,4.11,6220,140,2.3,6150,6390,1399-12-18
151,كحافظ,كاشي‌ وسراميك‌ حافظ‌,1217,3998018,49578689220,12580,12330,12330,-250,-1.99,12400,-180,-1.43,12330,12690,1399-12-18
152,خريخت,صنايع‌ريخته‌گري‌ايران‌,1208,12877781,44594416420,3490,3440,3530,40,1.15,3470,-20,-0.57,3430,3570,1399-12-18
153,وسپه,سرمايه‌گذاري‌ سپه‌,1190,8672044,57376567410,6500,6400,6800,300,4.62,6620,120,1.85,6400,6820,1399-12-18
154,ضخود2006,اختيارخ خودرو-2500-1400/02/08,1188,46146,9992614000,199,230,228,29,14.57,217,18,9.05,200,240,1399-12-18
155,فايرا,آلومينيوم‌ايران‌,1186,4874493,131756140600,26920,26600,27120,200,0.74,27030,110,0.41,26600,28000,1399-12-18
156,بالبر,كابل‌ البرز,1159,1796847,105803433280,55840,58840,59190,3350,6.0,58880,3040,5.44,56000,59190,1399-12-18
157,دي,بانك دي,1151,3123540,63401614920,20712,20298,20298,-414,-2.0,20298,-414,-2.0,20298,20298,1399-12-18
158,فنوال,نورد آلومينيوم‌,1141,2911511,73992128570,25750,25240,25240,-510,-1.98,25410,-340,-1.32,25240,25980,1399-12-18
159,هرمز,فولاد هرمزگان جنوب,1131,7272568,95984802937,12989,12850,13355,366,2.82,13155,166,1.28,12850,13499,1399-12-18
160,همراه,شركت ارتباطات سيار ايران,1125,2922391,74115594680,25090,25100,25600,510,2.03,25290,200,0.8,25000,25700,1399-12-18
161,ورازي,بيمه رازي,1123,8076749,72692237494,8610,8790,9039,429,4.98,9000,390,4.53,8775,9040,1399-12-18
162,غويتاح,ح . ويتانا,1122,4846642,54826311515,10711,11000,11353,642,5.99,11312,601,5.61,10703,11353,1399-12-18
163,واميد,گروه مديريت سرمايه گذاري اميد,1104,5820270,209490164470,35780,35800,35780,0,0.0,35990,210,0.59,35070,36650,1399-12-18
164,فالوم,آلومتك‌,1097,4037612,162287034304,39316,38530,40495,1179,3.0,40194,878,2.23,38530,40495,1399-12-18
165,شغدير,پتروشيمي غدير,1080,1119563,72963052338,63271,64920,64820,1549,2.45,65171,1900,3.0,63601,66500,1399-12-18
166,شگلح,ح . گلتاش‌,1069,3416323,23297269750,7010,7000,7000,-10,-0.14,6820,-190,-2.71,6730,7200,1399-12-18
167,واعتبار,سرمايه گذاري اعتبار ايران,1061,16850665,155479123710,9200,9510,9050,-150,-1.63,9230,30,0.33,9020,9660,1399-12-18
168,كاما,باما,1039,5183665,71275393750,14030,13750,13750,-280,-2.0,13750,-280,-2.0,13750,13750,1399-12-18
169,شرانل,نفت ايرانول,1037,1968827,74614115797,36679,36500,37309,630,1.72,37898,1219,3.32,36400,38879,1399-12-18
170,مبين,مبين انرژي خليج فارس,1033,35556536,530658986030,14730,14700,15440,710,4.82,14920,190,1.29,14700,15440,1399-12-18
171,شاوان,پالايش نفت لاوان,1031,1371601,114694051822,79154,81600,83903,4749,6.0,83621,4467,5.64,80387,83903,1399-12-18
172,ساربيل,سيمان آرتا اردبيل,1026,880101,53770737970,61960,62450,60730,-1230,-1.99,61100,-860,-1.39,60730,62600,1399-12-18
173,جم,پتروشيمي جم,1020,8182083,268944512110,31090,31990,32950,1860,5.98,32870,1780,5.73,31990,32950,1399-12-18
174,وسكاب,س.ص.بازنشستگي كاركنان بانكها,1007,9949571,53298555560,5220,5290,5340,120,2.3,5360,140,2.68,5200,5480,1399-12-18
175,صنفت1312,صكوك منفعت نفت1312-6ماهه 18/5%,1000,10000000,10000000000000,1000000,1000000,1000000,0,0.0,1000000,0,0.0,1000000,1000000,1399-12-18
176,لوتوس,تامين سرمايه لوتوس پارسيان,996,3728114,41415484920,10620,11190,11250,630,5.93,11000,380,3.58,10800,11250,1399-12-18
177,پارند,صندوق س. پارند پايدار سپهر,994,29404460,329260913276,11192,11200,11198,6,0.05,11198,6,0.05,11197,11201,1399-12-18
178,وبشهر,توسعه‌ صنايع‌ بهشهر(هلدينگ,986,12540602,143500854110,11330,11290,11490,160,1.41,11440,110,0.97,11210,11740,1399-12-18
179,نهال,صندوق س. طلاي سرخ نوويرا,960,1094320,10529733012,9793,9715,9530,-263,-2.69,9622,-171,-1.75,9512,9838,1399-12-18
180,زشگزا,شير و گوشت زاگرس شهركرد,959,4665339,37301557443,8114,7952,7952,-162,-2.0,8024,-90,-1.11,7952,8190,1399-12-18
181,شفن,پتروشيمي فناوران,956,225644,67483322550,290660,295990,298630,7970,2.74,296010,5350,1.84,295460,301500,1399-12-18
182,وبوعلي,سرمايه‌گذاري‌بوعلي‌,942,6351886,36624454000,5660,5600,5790,130,2.3,5740,80,1.41,5600,5960,1399-12-18
183,سباقر,سيمان باقران,938,2935899,55901304576,19104,18722,18850,-254,-1.33,19041,-63,-0.33,18722,19600,1399-12-18
184,بپيوند,برق و انرژي پيوندگستر پارس,930,4933936,72785423872,15053,14752,14752,-301,-2.0,14752,-301,-2.0,14752,14752,1399-12-18
185,شپارس,بين‌ المللي‌ محصولات‌  پارس‌,918,3333262,65926366020,20040,19640,19700,-340,-1.7,19780,-260,-1.3,19640,20900,1399-12-18
186,وايرا,سرمايه گذاري صنايع ايران,900,4721742,54736480944,11298,11636,11412,114,1.01,11592,294,2.6,11310,11636,1399-12-18
187,رتاپ,تجارت الكترونيك  پارسيان,894,4125376,27227080110,6470,6590,6620,150,2.32,6540,70,1.08,6500,6690,1399-12-18
188,خكرمان,گروه اقتصادي كرمان خودرو,888,15508461,60371191450,3780,3893,3893,113,2.99,3893,113,2.99,3870,3893,1399-12-18
189,وثخوز,سرمايه گذاري و توسعه خوزستان,880,1195494,86995021115,76567,72739,72739,-3828,-5.0,72769,-3798,-4.96,72739,74000,1399-12-18
190,ضسپا3004,اختيارخ خساپا-2500-1400/03/26,876,47174,10414003000,224,250,228,4,1.79,221,-3,-1.34,205,268,1399-12-18
191,شراز,پالايش نفت شيراز,851,951585,108022955489,107343,110700,113783,6440,6.0,113519,6176,5.75,108000,113783,1399-12-18
192,سامان,بانك سامان,848,9718081,98828105180,9898,9862,10194,296,2.99,10170,272,2.75,9862,10194,1399-12-18
193,شوينده,مديريت صنعت شوينده ت.ص.بهشهر,845,1596160,48271950910,30580,31470,30340,-240,-0.78,30240,-340,-1.11,29980,31470,1399-12-18
194,وپترو,سرمايه‌گذاري صنايع پتروشيمي‌,829,3607093,54738770600,15440,15140,15140,-300,-1.94,15180,-260,-1.68,15140,15750,1399-12-18
195,تنوين,تامين سرمايه نوين,822,11605910,77810566590,6360,6730,6730,370,5.82,6700,340,5.35,6520,6730,1399-12-18
196,زفكاح,ح . كشت و دامداري فكا,817,4030801,30726730625,7710,7575,7690,-20,-0.26,7623,-87,-1.13,7556,7800,1399-12-18
197,فسازان,غلتك سازان سپاهان,814,1099665,37071080120,33300,33000,33870,570,1.71,33610,310,0.93,33000,34390,1399-12-18
198,پارس,پتروشيمي پارس,812,1032738,137028694020,128850,133000,133800,4950,3.84,132680,3830,2.97,129320,134000,1399-12-18
199,وسينا,بانك سينا,803,15151035,50167754660,3290,3380,3300,10,0.3,3310,20,0.61,3250,3470,1399-12-18
200,وصندوق,سرمايه‌گذاري‌صندوق‌بازنشستگي‌,802,5573134,73234037120,13160,12900,13270,110,0.84,13150,-10,-0.08,12900,13470,1399-12-18
201,نطرين,عطرين نخ قم,788,3540968,42679020799,12290,12045,12045,-245,-1.99,12083,-207,-1.68,12045,12300,1399-12-18
202,رنيك,جنرال مكانيك,779,1145168,23520981236,20745,20530,20462,-283,-1.36,20649,-96,-0.46,20340,20959,1399-12-18
203,ساراب,سيمان‌ داراب‌,775,3472189,53546607800,15600,15290,15290,-310,-1.99,15420,-180,-1.15,15290,16000,1399-12-18
204,وآرين,شركت توسعه اقتصادي آرين,766,6684185,26436990363,3885,3900,3940,55,1.42,3955,70,1.8,3870,4001,1399-12-18
205,وحكمت,بيمه حكمت صبا,765,7255092,28186639908,3917,3880,3890,-27,-0.69,3885,-32,-0.82,3839,3973,1399-12-18
206,سپاها,سيمان‌سپاهان‌,759,2590724,22396506050,8680,8610,8660,-20,-0.23,8660,-20,-0.23,8560,8760,1399-12-18
207,غگلپا,شير پاستوريزه پگاه گلپايگان,753,920550,62706989627,69450,68150,70993,1543,2.22,68119,-1331,-1.92,68061,70993,1399-12-18
208,سيدكو,سرمايه گذاري توسعه صنايع سيمان,746,4932363,30248220820,6210,6290,6200,-10,-0.16,6160,-50,-0.81,6090,6310,1399-12-18
209,بترانس,ايران‌ ترانسفو,743,15356464,41308888160,2740,2690,2690,-50,-1.82,2700,-40,-1.46,2690,2690,1399-12-18
210,جم پيلن,پلي پروپيلن جم - جم پيلن,737,6122461,426892446840,65810,67980,69750,3940,5.99,69730,3920,5.96,65830,69750,1399-12-18
211,تكنار,مجتمع معادن مس تكنار,736,506627,68541437527,137594,134843,135228,-2366,-1.72,135290,-2304,-1.67,134843,137572,1399-12-18
212,شجم,صنايع پتروشيمي تخت جمشيد,735,4403919,44159093757,10183,10100,9980,-203,-1.99,10027,-156,-1.53,9980,10310,1399-12-18
213,سفانو,سيمان فارس نو,734,1140186,48713207250,43450,42590,42590,-860,-1.98,42720,-730,-1.68,42590,44000,1399-12-18
214,شكربن,كربن‌ ايران‌,725,1140655,107147953090,95540,93630,94050,-1490,-1.56,93940,-1600,-1.67,93630,95260,1399-12-18
215,دشيميح,ح . شيمي‌ داروئي‌ داروپخش‌,717,1163398,24759061190,21080,21200,20860,-220,-1.04,21280,200,0.95,20860,22000,1399-12-18
216,كاردان,صندوق س تجارت شاخصي كاردان,714,497716,76952975970,150790,151520,154010,3220,2.14,154610,3820,2.53,151520,155850,1399-12-18
217,غبشهر,صنعتي‌ بهشهر,709,1644809,31820138170,19440,19070,19830,390,2.01,19380,-60,-0.31,19060,19830,1399-12-18
218,وملل,اعتباري ملل,702,8366875,115400659261,13354,13900,14000,646,4.84,13793,439,3.29,13453,14100,1399-12-18
219,سكه0012پ01,سكه تمام بهارتحويلي 1روزه رفاه,699,234600,243094478300,1028711,1042999,1033000,4289,0.42,1036208,7497,0.73,1025500,1042999,1399-12-18
220,شخارك,پتروشيمي‌ خارك‌,692,2052267,87409831390,41290,41040,43300,2010,4.87,42400,1110,2.69,41040,43300,1399-12-18
221,ريشمك,توليد و صادرات ريشمك,689,761197,40566050115,54132,53050,53050,-1082,-2.0,53430,-702,-1.3,53050,55000,1399-12-18
222,شنفت,نفت‌ پارس‌,681,871780,43650789670,50980,49970,49970,-1010,-1.98,50200,-780,-1.53,49970,50990,1399-12-18
223,كهمدا,شيشه‌ همدان‌,665,1770217,17742539310,9920,9920,10100,180,1.81,9960,40,0.4,9750,10200,1399-12-18
224,كاريس,صندوق س.سپهر كاريزما-س,664,3765944,39836083914,10425,10393,10582,157,1.51,10578,153,1.47,10393,10740,1399-12-18
225,سيستم,همكاران سيستم,648,860014,22618062430,25960,26440,26530,570,2.2,26110,150,0.58,25780,26600,1399-12-18
226,تيپيكو,سرمايه گذاري دارويي تامين,646,1887871,75554908000,39590,39700,40000,410,1.04,40020,430,1.09,39700,40500,1399-12-18
227,سحرخيز,صندوق س. گروه زعفران سحرخيز,644,1391114,13427374334,9712,9720,9609,-103,-1.06,9652,-60,-0.62,9502,9797,1399-12-18
228,اميد,تامين سرمايه اميد,634,4125709,35742280940,8500,9000,8750,250,2.94,8620,120,1.41,8520,9000,1399-12-18
229,آكورد,صندوق س. آرمان آتي كوثر-د,632,10661949,331156222259,31046,31060,31060,14,0.05,31060,14,0.05,31059,31066,1399-12-18
230,وآتوس,س.آرين توسكا قيمت اسمي 350ريال,628,745256,33460166150,46579,44716,44716,-1863,-4.0,44898,-1681,-3.61,44716,45679,1399-12-18
231,واحيا,م .صنايع و معادن احياء سپاهان,626,1095285,159514603784,142114,142114,145600,3486,2.45,145638,3524,2.48,142000,146377,1399-12-18
232,تسه9908,امتياز تسهيلات مسكن آبان99,623,26753,14956313294,558590,560000,560000,1410,0.25,559052,462,0.08,550355,560000,1399-12-18
233,شصفها,پتروشيمي‌ اصفهان‌,608,723721,99764382679,139166,139170,136570,-2596,-1.87,137849,-1317,-0.95,136383,140000,1399-12-18
234,ساينا,صنايع بهداشتي ساينا,603,163880,26455479005,158966,156010,160000,1034,0.65,160246,1280,0.81,156010,165000,1399-12-18
235,كگاز,شيشه‌ و گاز,599,1410984,26153865040,18810,18800,18440,-370,-1.97,18660,-150,-0.8,18440,18990,1399-12-18
236,ثامان,سامان‌ گستراصفهان‌,595,1243525,28540865740,23370,22930,22910,-460,-1.97,23120,-250,-1.07,22910,23390,1399-12-18
237,خمحور,توليدمحورخودرو,592,1581090,94095389050,60700,59490,59490,-1210,-1.99,59510,-1190,-1.96,59490,60700,1399-12-18
238,كرمان,س. توسعه و عمران استان كرمان,589,950289,51848718129,55674,54561,54561,-1113,-2.0,54561,-1113,-2.0,54561,54561,1399-12-18
239,افران,صندوق س افرا نماد پايدار-ثابت,577,8277568,106198061532,12823,12835,12830,7,0.05,12830,7,0.05,12825,12836,1399-12-18
240,حسينا,توسعه خدمات دريايي وبندري سينا,574,614920,44157861689,71652,72350,71800,148,0.21,71791,139,0.19,71212,72500,1399-12-18
241,فلوله,لوله‌وماشين‌سازي‌ايران‌,574,1562598,32853097040,21410,20990,20990,-420,-1.96,21150,-260,-1.21,20990,21580,1399-12-18
242,فيروزه,صندوق شاخص30 شركت فيروزه- سهام,573,282043,38122699090,131990,133850,136000,4010,3.04,135170,3180,2.41,132070,136890,1399-12-18
243,بموتو,موتوژن‌,569,367761,20918855860,57190,58700,56300,-890,-1.56,57060,-130,-0.23,56120,58700,1399-12-18
244,كمينا,شيشه سازي مينا,540,1848902,47143255380,24783,25039,25526,743,3.0,25498,715,2.89,25000,25526,1399-12-18
245,تسه9910,امتياز تسهيلات مسكن دي99,539,13829,7736992593,558766,550010,560000,1234,0.22,559476,710,0.13,550010,560500,1399-12-18
246,وخاور,بانك خاورميانه,536,2696093,24060876460,8720,8700,8900,180,2.06,8810,90,1.03,8700,9000,1399-12-18
247,سكرما,سيمان‌ كرمان‌,536,1794712,31804547010,18020,17660,17660,-360,-2.0,17830,-190,-1.05,17660,18300,1399-12-18
248,زرين,صندوق س. سهام زرين كوروش-س,534,2547518,25246307135,9316,9160,10099,783,8.4,9910,594,6.38,9160,10100,1399-12-18
249,زپارس,ملي كشت و صنعت و دامپروري پارس,529,480603,82932499960,175630,172120,174000,-1630,-0.93,172560,-3070,-1.75,172120,179500,1399-12-18
250,شرنگي,شيميايي رنگين,528,384349,79253386261,205128,201026,211281,6153,3.0,206202,1074,0.52,201026,211281,1399-12-18
251,كگهر,سنگ آهن گهرزمين,518,1494824,69163042224,45807,46500,48000,2193,4.79,46070,263,0.57,45225,48000,1399-12-18
252,حكشتي,كشتيراني جمهوري اسلامي ايران,517,2344766,46168442540,20090,19690,19690,-400,-1.99,19930,-160,-0.8,19690,19690,1399-12-18
253,فلات,گروه صنايع معادن فلات ايرانيان,517,2276545,30950583352,13241,13232,13638,397,3.0,13595,354,2.67,13232,13638,1399-12-18
254,كاسپين,داروسازي كاسپين تامين,507,656101,16329974867,25125,24623,24623,-502,-2.0,25047,-78,-0.31,24623,25380,1399-12-18
255,اطلس,صندوق س.توسعه اندوخته آينده-س,486,68942,13895071224,197013,203950,202790,5777,2.93,201547,4534,2.3,199001,203950,1399-12-18
256,سخوز,سيمان خوزستان,481,1025493,22963632690,22230,21850,22400,170,0.76,22310,80,0.36,21850,23000,1399-12-18
257,ثتوسا,س.توسعه و عمران استان اردبيل,480,1163709,48514774781,43405,41669,41669,-1736,-4.0,41690,-1715,-3.95,41669,43140,1399-12-18
258,غگل,گلوكوزان‌,478,5270662,18078370660,3500,3430,3430,-70,-2.0,3470,-30,-0.86,3430,3430,1399-12-18
259,ميدكو,هلدينگ صنايع  معدني خاورميانه,457,1457094,44109705734,30035,30037,30401,366,1.22,30123,88,0.29,30037,30475,1399-12-18
260,عيار,صندوق س. پشتوانه طلاي مفيد,447,743352,19517442623,26177,26301,26170,-7,-0.03,26256,79,0.3,26050,26440,1399-12-18
261,دكپسولح,ح .توليد ژلاتين كپسول ايران,446,619823,14137842183,22218,22101,22990,772,3.47,22809,591,2.66,22070,23380,1399-12-18
262,ماديرا,صنايع ماشين هاي اداري ايران,442,7420637,67312598227,9256,9071,9071,-185,-2.0,9071,-185,-2.0,9071,9071,1399-12-18
263,شكبير,پتروشيمي اميركبير,441,2378324,207668376071,88985,87206,90000,1015,1.14,87317,-1668,-1.87,87206,90000,1399-12-18
264,وتوس,توسعه‌شهري‌توس‌گستر,441,1907640,27756444560,14840,14550,14550,-290,-1.95,14670,-170,-1.15,14550,14600,1399-12-18
265,لخانه,لوازم‌ خانگي‌ پارس‌,440,3016354,91965121270,29891,30787,29294,-597,-2.0,30489,598,2.0,29294,30787,1399-12-18
266,وكار,بانك‌ كارآفرين‌,435,17794349,43799440160,2510,2460,2460,-50,-1.99,2470,-40,-1.59,2460,2520,1399-12-18
267,تسه9909,امتياز تسهيلات مسكن آذر99,431,10727,6005182774,558868,560000,550000,-8868,-1.59,559819,951,0.17,550000,580000,1399-12-18
268,خودكفا,اقتصادي و خودكفايي آزادگان,425,2927271,65635270362,23356,22422,22422,-934,-4.0,22422,-934,-4.0,22422,22422,1399-12-18
269,تصميم,صندوق س با درآمد ثابت تصميم,418,2937193,46454089627,15808,15818,15820,12,0.08,15816,8,0.05,15814,15820,1399-12-18
270,كنور,توسعه معدني و صنعتي صبانور,417,447299,19387844360,41980,43000,43450,1470,3.5,42500,520,1.24,42850,44120,1399-12-18
271,شيراز,پتروشيمي‌شيراز,414,908837,46603631100,50100,49550,51990,1890,3.77,50640,540,1.08,49550,52000,1399-12-18
272,گكيشح,ح.توريستي ورفاهي آبادگران كيش,409,561279,21824908694,39494,38705,38705,-789,-2.0,38884,-610,-1.54,38705,40678,1399-12-18
273,لبوتان,گروه‌صنعتي‌بوتان‌,406,151325,9563371440,63040,64350,62260,-780,-1.24,63070,30,0.05,61790,64500,1399-12-18
274,غالبر,لبنيات‌ كالبر,403,1883045,34064359850,18450,18090,18090,-360,-1.95,18200,-250,-1.36,18090,18300,1399-12-18
275,دالبر,البرزدارو,392,785013,11694121380,15140,14840,14840,-300,-1.98,15060,-80,-0.53,14840,15270,1399-12-18
276,سپح,ح . پرداخت الكترونيك سامان كيش,392,7170788,109188561840,15180,15180,15300,120,0.79,15230,50,0.33,15180,15300,1399-12-18
277,تكنو,تكنوتار,390,936888,21705952800,23590,23120,23120,-470,-1.99,23400,-190,-0.81,23120,23800,1399-12-18
278,اتكام,شركت بيمه اتكايي امين,380,4244371,21004320540,5047,4947,4947,-100,-1.98,5005,-42,-0.83,4947,5000,1399-12-18
279,انرژي3,سايراشخاص بورس انرژي,376,105944,28211827760,271720,266290,266290,-5430,-2.0,269320,-2400,-0.88,266290,266290,1399-12-18
280,سكه9912پ04,سكه تمام بهارتحويل1روزه صادرات,376,236000,244257093600,1028844,1032056,1029999,1155,0.11,1034988,6144,0.6,1021000,1041000,1399-12-18
281,دكيمي,كيميدارو,365,1273001,33129235920,25720,25720,26040,320,1.24,25920,200,0.78,25220,26340,1399-12-18
282,بساما,بيمه سامان,363,1524523,31341997500,20862,20445,20511,-351,-1.68,20668,-194,-0.93,20445,21000,1399-12-18
283,ما,بيمه  ما,361,3985245,30716625570,7780,7720,7630,-150,-1.93,7730,-50,-0.64,7630,7860,1399-12-18
284,كرماشا,صنايع پتروشيمي كرمانشاه,358,560188,19552287460,33970,33970,35260,1290,3.8,34330,360,1.06,33970,35500,1399-12-18
285,لخانهح,ح.لوازم‌ خانگي‌ پارس‌,357,504103,10391899671,20931,21490,20513,-418,-2.0,20615,-316,-1.51,20513,21490,1399-12-18
286,شكف,كف,340,158914,13700731296,84775,86470,85151,376,0.44,86215,1440,1.7,84776,86470,1399-12-18
287,قشرين,قند شيرين خراسان,338,2832782,43927424028,15817,15501,15800,-17,-0.11,15507,-310,-1.96,15501,15800,1399-12-18
288,پسهند,صنايع‌ لاستيكي‌  سهند,335,805230,35004220170,44230,43350,43350,-880,-1.99,43690,-540,-1.22,43350,45000,1399-12-18
289,پكرمان,گروه‌ صنعتي‌ بارز,334,995234,25528704790,25420,25010,25700,280,1.1,25540,120,0.47,25010,26200,1399-12-18
290,سهگمت,سيمان‌هگمتان‌,329,525257,13398975010,25790,25290,25330,-460,-1.78,25710,-80,-0.31,25290,26210,1399-12-18
291,خپارس,پارس‌ خودرو,325,5206776,29938962000,5860,5750,5750,-110,-1.88,5800,-60,-1.02,5750,5750,1399-12-18
292,فزرين,زرين معدن آسيا,322,2232533,62383669619,28513,27943,27943,-570,-2.0,27943,-570,-2.0,27943,27943,1399-12-18
293,شپاس,نفت پاسارگاد,321,576330,12191271431,20898,20833,20920,22,0.11,20960,62,0.3,20833,21700,1399-12-18
294,وتوشه,سرمايه‌ گذاري‌ پارس‌ توشه‌,317,708760,15976486220,23000,22540,22540,-460,-2.0,22850,-150,-0.65,22540,22790,1399-12-18
295,بخاور,بيمه زندگي خاورميانه,301,3888089,27462012580,7207,7063,7063,-144,-2.0,7126,-81,-1.12,7063,7200,1399-12-18
296,دلر,داروسازي‌ اكسير,293,347632,12726261800,37060,36320,36500,-560,-1.51,36940,-120,-0.32,36320,37480,1399-12-18
297,پخش,پخش البرز,290,553173,19043513246,34855,34158,34555,-300,-0.86,34690,-165,-0.47,34158,35800,1399-12-18
298,زر,صندوق س.پشتوانه سكه طلاي زر,289,245520,11218349683,45625,45609,45506,-119,-0.26,45692,67,0.15,45500,46100,1399-12-18
299,فروي,ذوب روي اصفهان,288,230683,15017001934,66426,65098,65098,-1328,-2.0,66016,-410,-0.62,65098,65098,1399-12-18
300,ساروج,بين المللي ساروج بوشهر,286,756844,15973577113,21447,21019,21500,53,0.25,21159,-288,-1.34,21019,21840,1399-12-18
301,سپاس,صندوق س. پاداش سهامداري توسعه1,285,8792954,88068753650,10010,10015,10016,6,0.06,10016,6,0.06,10015,10021,1399-12-18
302,وصنعت,سرمايه گذاري توسعه صنعت وتجارت,282,1907120,13216341600,7070,6930,6930,-140,-1.98,7030,-40,-0.57,6930,6930,1399-12-18
303,بفجر,فجر انرژي خليج فارس,279,602549,13637721220,22650,22300,22680,30,0.13,22650,0,0.0,22300,22810,1399-12-18
304,تماوند,تامين سرمايه دماوند,274,1540753,21657597646,13648,14057,14057,409,3.0,14057,409,3.0,13990,14057,1399-12-18
305,كپارس,كاشي‌ پارس‌,269,452538,70012153980,157860,154710,154710,-3150,-2.0,154710,-3150,-2.0,154710,154710,1399-12-18
306,آساس,صندوق س.آسمان آرماني سهام-س,267,112010,17701518632,154058,156999,159301,5243,3.4,158035,3977,2.58,155082,159400,1399-12-18
307,خراسان,پتروشيمي خراسان,259,2222849,150076348990,65620,66940,67600,1980,3.02,67520,1900,2.9,65600,68480,1399-12-18
308,وسين,بيمه سينا,258,3148716,46840299216,14443,14876,14876,433,3.0,14876,433,3.0,14876,14876,1399-12-18
309,چفيبر,فيبر ايران‌,256,1372110,18948839100,14090,13810,13810,-280,-1.99,13980,-110,-0.78,13810,13810,1399-12-18
310,دسبحان,سبحان دارو,249,854661,18452387400,22020,21590,21580,-440,-2.0,21860,-160,-0.73,21580,21990,1399-12-18
311,دارا,صندوق س. دارا الگوريتم-د,247,7124754,71443078313,10017,10053,10020,3,0.03,10027,10,0.1,10016,10053,1399-12-18
312,سپ,پرداخت الكترونيك سامان كيش,245,405253,6817395090,17150,16810,16850,-300,-1.75,17100,-50,-0.29,16810,17000,1399-12-18
313,پتاير,ايران‌ تاير,243,10492336,47320435360,4600,4510,4510,-90,-1.96,4510,-90,-1.96,4510,4510,1399-12-18
314,ضشنا2002,اختيارخ شپنا-12000-1400/02/27,240,7783,11612475000,1168,1900,1640,472,40.41,1492,324,27.74,1250,1698,1399-12-18
315,دانا,بيمه دانا,235,5939995,40213766150,6900,6770,6770,-130,-1.88,6790,-110,-1.59,6770,6770,1399-12-18
316,بگيلان,توسعه مسير برق گيلان,232,1006064,21107222720,21408,20980,20980,-428,-2.0,21230,-178,-0.83,20980,20980,1399-12-18
317,سپيدار,سپيدار سيستم آسيا,226,326378,21542253512,67351,66004,66004,-1347,-2.0,66748,-603,-0.9,66004,66004,1399-12-18
318,آساميد,صندوق س.مشترك آسمان اميد -د,213,8309778,96753446903,11637,11647,11643,6,0.05,11643,6,0.05,11643,11650,1399-12-18
319,ارمغان,ص سرمايه گذاري ارمغان ايرانيان,211,2134824,21388072336,10016,10016,10026,10,0.1,10019,3,0.03,10015,10026,1399-12-18
320,خزاميا,زامياد,210,2382410,19607234300,8390,8230,8230,-160,-1.91,8330,-60,-0.72,8230,8230,1399-12-18
321,فاراك,ماشين‌ سازي‌ اراك‌,206,1866083,9703631600,5300,5200,5200,-100,-1.89,5280,-20,-0.38,5200,5200,1399-12-18
322,فرابورس,فرابورس ايران,198,305014,10001104046,33458,32789,32789,-669,-2.0,33321,-137,-0.41,32789,32789,1399-12-18
323,وبيمهح,ح . سرمايه‌ گذاري‌ صنعت‌ بيمه‌,191,11314639,12446102900,1110,1100,1100,-10,-0.9,1100,-10,-0.9,1100,1100,1399-12-18
324,دامين,داروسازي‌ امين‌,190,541118,7451194860,14050,13770,13770,-280,-1.99,14010,-40,-0.28,13770,13770,1399-12-18
325,تسه9907,امتياز تسهيلات مسكن مهر99,190,1745,968442208,555154,545122,557000,1846,0.33,554981,-173,-0.03,545122,560000,1399-12-18
326,ختوقا,قطعات‌ اتومبيل‌ ايران‌,190,5671994,15371103740,2760,2710,2710,-50,-1.81,2740,-20,-0.72,2710,2710,1399-12-18
327,ضشنا2001,اختيارخ شپنا-10000-1400/02/27,188,5418,16631736000,2327,2451,3480,1153,49.55,3070,743,31.93,2200,3490,1399-12-18
328,تسه9906,امتياز تسهيلات مسكن شهريور99,187,2260,1262020332,556290,540000,530000,-26290,-4.73,558416,2126,0.38,530000,584104,1399-12-18
329,چكاپا,گروه صنايع كاغذ پارس,184,2047299,10748319750,5350,5250,5250,-100,-1.87,5330,-20,-0.37,5250,5250,1399-12-18
330,ضپاس2002,اختيارخ وپارس-3000-1400/02/29,182,4957,1615192000,319,340,315,-4,-1.25,326,7,2.19,291,400,1399-12-18
331,ثبهساز,بهساز كاشانه تهران,175,1510673,3504761360,2360,2320,2320,-40,-1.69,2360,0,0.0,2320,2320,1399-12-18
332,ضخود2008,اختيارخ خودرو-3500-1400/02/08,174,6977,374071000,55,50,54,-1,-1.82,54,-1,-1.82,50,65,1399-12-18
333,سصوفي,سيمان‌ صوفيان‌,172,1740423,34112290800,20000,19600,19600,-400,-2.0,19710,-290,-1.45,19600,19600,1399-12-18
334,وبهمن,سرمايه‌گذاري‌بهمن‌,170,1069829,17523859800,16710,16380,16380,-330,-1.97,16590,-120,-0.72,16380,16390,1399-12-18
335,ضسپا3003,اختيارخ خساپا-2000-1400/03/26,168,6597,2948951000,416,416,429,13,3.13,447,31,7.45,410,519,1399-12-18
336,كپرور,فرآوري زغال سنگ پروده طبس,167,532081,20858695785,39410,38622,40099,689,1.75,39323,-87,-0.22,38622,40128,1399-12-18
337,تسه9902,امتياز تسهيلات مسكن ارديبهشت99,166,1579,878117579,552615,544522,524985,-27630,-5.0,556123,3508,0.63,524985,580200,1399-12-18
338,دماوند,توليد نيروي برق دماوند,165,147914,7029760764,48495,47526,47526,-969,-2.0,48365,-130,-0.27,47526,47526,1399-12-18
339,آتيمس,صندوق س.آرمان آتيه درخشان مس-س,163,41087,7321128036,175466,176500,178800,3334,1.9,178186,2720,1.55,175900,179500,1399-12-18
340,آسيا,بيمه آسيا,162,2593610,6120919600,2400,2360,2360,-40,-1.67,2400,0,0.0,2360,2360,1399-12-18
341,خمحركه,نيرو محركه‌,160,1184734,5722265220,4920,4830,4830,-90,-1.83,4910,-10,-0.2,4830,4830,1399-12-18
342,امين يكم2,صندوق درآمد ثابت امين يكم فردا,160,16000000,16000000,10159,1,1,-10158,-99.99,1,-10158,-99.99,1,1,1399-12-18
343,افق ملت,صندوق س در سهام افق ملت,158,40675,4871138720,118330,119700,120500,2170,1.83,119760,1430,1.21,119000,121500,1399-12-18
344,مارون,پتروشيمي مارون,157,24870,3736140480,148990,150999,149990,1000,0.67,149036,46,0.03,149065,150999,1399-12-18
345,ضخود2005,اختيارخ خودرو-2000-1400/02/08,157,4968,2706759000,522,600,588,66,12.64,545,23,4.41,503,600,1399-12-18
346,قنقش,قند نقش جهان,156,807515,59286109311,70640,73465,73465,2825,4.0,73418,2778,3.93,72000,73465,1399-12-18
347,سشمال,سيمان‌ شمال‌,155,1212202,14825230460,12470,12230,12230,-240,-1.92,12400,-70,-0.56,12230,12230,1399-12-18
348,گوهر,صندوق سكه طلاي كيان,155,80784,4166153703,51413,52011,51000,-413,-0.8,51572,159,0.31,51000,52400,1399-12-18
349,بورس,بورس اوراق بهادار تهران,153,487984,18719066240,39140,38360,38360,-780,-1.99,38900,-240,-0.61,38360,38360,1399-12-18
350,تسه9904,امتياز تسهيلات مسكن تير99,152,1319,736385457,552529,550111,575000,22471,4.07,558291,5762,1.04,536000,580154,1399-12-18
351,شكلر,نيروكلر,150,1056263,55981939000,54080,53000,53000,-1080,-2.0,53000,-1080,-2.0,53000,53000,1399-12-18
352,فسرب,ملي‌ سرب‌وروي‌ ايران‌,148,59711,4903467320,83790,82120,82120,-1670,-1.99,83620,-170,-0.2,82120,82120,1399-12-18
353,ولساپا,ليزينگ رايان‌ سايپا,147,2823638,10193333180,3680,3610,3610,-70,-1.9,3670,-10,-0.27,3610,3610,1399-12-18
354,غپينو,پارس‌ مينو,144,1172562,7551299280,6570,6440,6440,-130,-1.98,6550,-20,-0.3,6440,6440,1399-12-18
355,نمرينو,ايران‌ مرينوس‌,142,596308,52093466880,82420,87360,87360,4940,5.99,86770,4350,5.28,87360,87360,1399-12-18
356,سخاش,سيمان‌خاش‌,141,84199,13194825290,159900,156710,156710,-3190,-1.99,159020,-880,-0.55,156710,156710,1399-12-18
357,غزر,صنعتي زر ماكارون,139,181830,4731216600,26550,26020,26020,-530,-2.0,26500,-50,-0.19,26020,26020,1399-12-18
358,دتماد,توليدمواداوليه‌داروپخش‌,135,848862,35703135720,42910,42060,42060,-850,-1.98,42280,-630,-1.47,42060,42060,1399-12-18
359,كوير,توليدي فولاد سپيد فراب كوير,134,332563,7422806160,22770,22320,22320,-450,-1.98,22740,-30,-0.13,22320,22320,1399-12-18
360,اخزا903,اسنادخزانه-م3بودجه99-011110,133,289501,199169904524,687433,683777,689000,1567,0.23,687977,544,0.08,683777,690000,1399-12-18
361,تليسه,دامداري تليسه نمونه,131,1676305,7415973320,4514,4424,4424,-90,-1.99,4500,-14,-0.31,4424,4424,1399-12-18
362,خصدرا,صنعتي‌ دريايي‌ ايران‌,130,943100,2870796400,3106,3044,3044,-62,-2.0,3100,-6,-0.19,3044,3044,1399-12-18
363,خاهن,آهنگري‌ تراكتورسازي‌ ايران‌,130,126014,4753248080,38480,37720,37720,-760,-1.98,38400,-80,-0.21,37720,37720,1399-12-18
364,تسه9810,امتياز تسهيلات مسكن دي98,130,1722,957622771,552991,530100,547000,-5991,-1.08,556111,3120,0.56,530100,580639,1399-12-18
365,بپاس,بيمه پاسارگاد,128,957034,67913046708,72410,70962,70962,-1448,-2.0,71377,-1033,-1.43,70962,70962,1399-12-18
366,كالا,بورس كالاي ايران,128,139360,4768899200,34910,34220,34220,-690,-1.98,34840,-70,-0.2,34220,34220,1399-12-18
367,تسه9905,امتياز تسهيلات مسكن مرداد99,128,1559,867373655,554140,550333,554010,-130,-0.02,556365,2225,0.4,542000,560000,1399-12-18
368,ثشاهد,سرمايه‌ گذاري‌ شاهد,125,205822,3902385120,19340,18960,18960,-380,-1.96,19310,-30,-0.16,18960,18960,1399-12-18
369,گوهران,سرمايه گذاري توسعه گوهران اميد,125,2902199,21879678261,7692,7539,7539,-153,-1.99,7623,-69,-0.9,7539,7539,1399-12-18
370,چكارن,كارتن‌ ايران‌,123,1637685,5797404900,3610,3540,3540,-70,-1.94,3600,-10,-0.28,3540,3540,1399-12-18
371,غبهنوش,بهنوش‌ ايران‌,122,535965,39966910050,76090,74570,74570,-1520,-2.0,74850,-1240,-1.63,74570,74570,1399-12-18
372,دزهراوي,داروسازي‌زهراوي‌,119,641835,5057659800,8040,7880,7880,-160,-1.99,8020,-20,-0.25,7880,7880,1399-12-18
373,تسه9801,امتياز تسهيلات مسكن فروردين98,118,1482,808417546,549023,537700,540301,-8722,-1.59,545491,-3532,-0.64,537700,550000,1399-12-18
374,كخاك,صنايع‌خاك‌چيني‌ايران‌,118,100005,4342629340,44160,43300,43560,-600,-1.36,44090,-70,-0.16,43280,43960,1399-12-18
375,زبينا,كشاورزي و دامپروري بينالود,118,992277,3524567904,3624,3552,3552,-72,-1.99,3619,-5,-0.14,3552,3552,1399-12-18
376,فردا,صندوق س آواي فرداي زاگرس-ثابت,115,926366,9530515786,10282,10288,10288,6,0.06,10288,6,0.06,10288,10292,1399-12-18
377,تسه9903,امتياز تسهيلات مسكن خرداد99,114,606,335652384,553044,548000,559999,6955,1.26,553882,838,0.15,527522,559999,1399-12-18
378,تسه9812,امتياز تسهيلات مسكن اسفند98,114,1235,693312210,558400,545500,586320,27920,5.0,561386,2986,0.53,541009,586320,1399-12-18
379,آبادا,توليد نيروي برق آبادان,114,219698,3288879060,15270,14970,14970,-300,-1.96,15250,-20,-0.13,14970,14970,1399-12-18
380,كفرآور,فرآورده هاي سيمان شرق,112,469768,12068809688,26215,25691,25691,-524,-2.0,25896,-319,-1.22,25691,25691,1399-12-18
381,وساپا,سرمايه‌گذاري‌ سايپا,111,420520,2628250000,6370,6250,6250,-120,-1.88,6360,-10,-0.16,6250,6250,1399-12-18
382,اخزا909,اسنادخزانه-م9بودجه99-020316,109,386302,245615663528,636635,635000,633400,-3235,-0.51,635813,-822,-0.13,633400,637000,1399-12-18
383,چدن,توليدي چدن سازان,109,150149,3680151990,25010,24510,24510,-500,-2.0,24970,-40,-0.16,24510,24510,1399-12-18
384,شفارا,پتروشيمي فارابي,109,2711895,10465202805,3747,3859,3859,112,2.99,3804,57,1.52,3859,3859,1399-12-18
385,پكوير,كوير تاير,109,1345647,18462276840,14000,13720,13720,-280,-2.0,13890,-110,-0.79,13720,13720,1399-12-18
386,تسه9802,امتياز تسهيلات مسكن ارديبهشت98,108,1255,691689596,553556,552000,548000,-5556,-1.0,551147,-2409,-0.44,540000,559990,1399-12-18
387,زملارد,كشاورزي و دامپروري ملارد شير,105,386518,13987699902,36927,36189,36189,-738,-2.0,36715,-212,-0.57,36189,36189,1399-12-18
388,الماس,صندوق س.امين تدبيرگران فردا-س,105,57067,6319539174,108898,118895,112000,3102,2.85,110739,1841,1.69,108008,118895,1399-12-18
389,دسبحا,گروه دارويي سبحان,104,319926,5933668300,18830,18830,18460,-370,-1.96,18800,-30,-0.16,18460,18830,1399-12-18
390,تاپكيش,تجارت الكترونيك پارسيان كيش,104,1272819,22910742000,21036,18000,18000,-3036,-14.43,19399,-1637,-7.78,18000,18000,1399-12-18
391,وثوق,سرمايه گذاري وثوق امين,104,730336,16869300928,24060,23098,23098,-962,-4.0,23210,-850,-3.53,23098,23098,1399-12-18
392,خاور,ايران خودرو ديزل,103,769601,4549111511,6031,5911,5911,-120,-1.99,6003,-28,-0.46,5911,5911,1399-12-18
393,دمعيار,صندوق س. توازن معيار-د,100,5863460,59103658351,10081,10085,10079,-2,-0.02,10080,-1,-0.01,9680,10085,1399-12-18
394,كماسه,تامين‌ ماسه‌ ريخته‌گري‌,100,97480,4266699600,44660,43770,43770,-890,-1.99,44580,-80,-0.18,43770,43770,1399-12-18
395,تسه9901,امتياز تسهيلات مسكن فروردين99,99,634,351705716,555154,582911,528000,-27154,-4.89,554741,-413,-0.07,528000,582911,1399-12-18
396,سكه0011پ02,سكه تمام بهارتحويلي 1روزه ملت,99,16000,16640366500,1031647,1035100,1034899,3252,0.32,1040023,8376,0.81,1026000,1043999,1399-12-18
397,سپر,صندوق س سپر سرمايه بيدار- ثابت,98,1699006,19294949105,11413,11415,11415,2,0.02,11357,-56,-0.49,11300,11417,1399-12-18
398,لپارس,پارس‌ الكتريك‌,98,65550,6292800000,97950,96000,96000,-1950,-1.99,97700,-250,-0.26,96000,96000,1399-12-18
399,كفپارس,فرآورده‌هاي‌ نسوز پارس‌,97,1065232,4974633440,4760,4670,4670,-90,-1.89,4750,-10,-0.21,4670,4670,1399-12-18
400,اخزا910,اسنادخزانه-م10بودجه99-020807,97,217741,127737067657,587971,589313,587971,0,0.0,586647,-1324,-0.23,582013,589313,1399-12-18
401,فيروزا,صندوق بادرآمد ثابت فيروزه آسيا,96,953026,21107069529,22135,22107,22179,44,0.2,22147,12,0.05,22107,22265,1399-12-18
402,دتمادح,ح . توليدمواداوليه‌داروپخش‌,94,740905,26854784900,36560,36500,36200,-360,-0.98,36250,-310,-0.85,36200,36500,1399-12-18
403,ضجار2002,اختيارخ وتجارت-2500-1400/02/22,90,3373,1093301000,290,360,330,40,13.79,324,34,11.72,280,430,1399-12-18
404,كهرام,توليدي گرانيت بهسرام,90,169803,18259595802,104402,107534,107534,3132,3.0,107146,2744,2.63,107534,107534,1399-12-18
405,قصفها,قنداصفهان‌,88,28123,4510929200,163670,160400,160400,-3270,-2.0,163370,-300,-0.18,160400,160400,1399-12-18
406,صايند,صندوق س. گنجينه آينده روشن-د,88,328360,3252914710,9900,9919,9908,8,0.08,9907,7,0.07,9896,9919,1399-12-18
407,كپشير,پشم‌شيشه‌ايران‌,86,96803,3877928180,40870,40060,40060,-810,-1.98,40800,-70,-0.17,40060,40060,1399-12-18
408,قپيرا,فرآورده‌هاي‌غدايي‌وقندپيرانشهر,86,125807,12984540470,105310,103210,103210,-2100,-1.99,104750,-560,-0.53,103210,103210,1399-12-18
409,تپمپي,پمپ‌ سازي‌ ايران‌,86,395945,7673414100,19770,19380,19380,-390,-1.97,19710,-60,-0.3,19380,19380,1399-12-18
410,شفا,سرمايه گذاري شفادارو,86,323903,14857430610,46800,45870,45870,-930,-1.99,46510,-290,-0.62,45870,45870,1399-12-18
411,اخزا902,اسنادخزانه-م2بودجه99-011019,84,281525,195874315944,693199,692501,694606,1407,0.2,695762,2563,0.37,692501,698500,1399-12-18
412,ولتجار,واسپاري تجارت وسرمايه ايرانيان,83,718098,6539718486,8842,9107,9107,265,3.0,8923,81,0.92,9107,9107,1399-12-18
413,فرآور,فرآوري‌موادمعدني‌ايران‌,82,321529,11790468430,37410,36670,36670,-740,-1.98,37230,-180,-0.48,36670,36670,1399-12-18
414,لكما,كارخانجات‌مخابراتي‌ايران‌,81,419568,2638663152,6417,6289,6289,-128,-1.99,6400,-17,-0.26,6289,6289,1399-12-18
415,سمتاز,سيمان ممتازان كرمان,79,360477,6885831654,18546,19102,19102,556,3.0,18727,181,0.98,19102,19102,1399-12-18
416,كوثر,بيمه كوثر,79,261091,3802268233,14860,14563,14563,-297,-2.0,14837,-23,-0.15,14563,14563,1399-12-18
417,قشكر,شكرشاهرود,78,3613468,13947986480,3930,3860,3860,-70,-1.78,3910,-20,-0.51,3860,3860,1399-12-18
418,اخزا906,اسنادخزانه-م6بودجه99-020321,78,46035,29358668940,633089,630426,645065,11976,1.89,637747,4658,0.74,630426,664740,1399-12-18
419,تسه9811,امتياز تسهيلات مسكن بهمن98,76,728,405424702,552681,530500,557000,4319,0.78,556902,4221,0.76,530500,580315,1399-12-18
420,كبافق,معادن‌ بافق‌,76,31694,1692776540,54490,53410,53410,-1080,-1.98,54450,-40,-0.07,53410,53410,1399-12-18
421,چكاوه,صنايع‌كاغذسازي‌كاوه‌,76,318426,5757142080,18440,18080,18080,-360,-1.95,18400,-40,-0.22,18080,18080,1399-12-18
422,قچار,فراوردههاي غذايي وقند چهارمحال,74,91183,8485125248,94955,93056,93056,-1899,-2.0,94624,-331,-0.35,93056,93056,1399-12-18
423,فسا,پتروشيمي فسا,74,1673044,3041593992,1855,1818,1818,-37,-1.99,1849,-6,-0.32,1818,1818,1399-12-18
424,اخزا908,اسنادخزانه-م8بودجه99-020606,74,199953,121205572763,605956,605101,606700,744,0.12,606170,214,0.04,604502,607000,1399-12-18
425,ضفلا3004,اختيارخ فولاد-12000-1400/03/19,74,2924,5087545000,1496,1577,1868,372,24.87,1740,244,16.31,1550,1980,1399-12-18
426,تايرا,تراكتورسازي‌ايران‌,74,1290279,33353712150,26370,25850,25850,-520,-1.97,26020,-350,-1.33,25850,25850,1399-12-18
427,زكوثر,سرمايه گذاري كشاورزي كوثر,73,113529,2439738210,21920,21490,21490,-430,-1.96,21900,-20,-0.09,21490,21490,1399-12-18
428,فاذر,صنايع‌ آذرآب‌,72,102353,2485130840,24770,24280,24280,-490,-1.98,24750,-20,-0.08,24280,24280,1399-12-18
429,زعف0008پ16,زعفران0008نگين بيرجند(پ),70,72049,8415104665,120969,117201,115752,-5217,-4.31,116797,-4172,-3.45,115752,117201,1399-12-18
430,تسه9809,امتياز تسهيلات مسكن آذر98,70,1217,670669382,549752,536500,559090,9338,1.7,551084,1332,0.24,528222,575000,1399-12-18
431,تسه9803,امتياز تسهيلات مسكن خرداد98,69,530,295438501,556696,556000,555000,-1696,-0.3,557431,735,0.13,547650,560016,1399-12-18
432,فروس,فروسيليس‌ ايران‌,67,654955,3117585800,4850,4760,4760,-90,-1.86,4840,-10,-0.21,4760,4760,1399-12-18
433,ساروم,سيمان‌اروميه‌,66,136522,5746210980,42940,42090,42090,-850,-1.98,42840,-100,-0.23,42090,42090,1399-12-18
434,تسه9808,امتياز تسهيلات مسكن آبان98,66,538,295066163,551369,526190,540355,-11014,-2.0,548450,-2919,-0.53,526190,560000,1399-12-18
435,ثفارس,عمران‌وتوسعه‌فارس‌,66,338897,3416081760,10280,10080,10080,-200,-1.95,10270,-10,-0.1,10080,10080,1399-12-18
436,ضمخا7071,اختيارخ اخابر-24000-1400/07/28,65,932,165980000,153,161,218,65,42.48,178,25,16.34,161,218,1399-12-18
437,سكه0112پ03,سكه تمام بهارتحويلي1روزه سامان,64,12200,12668142500,1032904,1042000,1030000,-2904,-0.28,1038372,5468,0.53,1023810,1044998,1399-12-18
438,غشهد,شهد ايران ‌,64,2278085,17267884300,7730,7580,7580,-150,-1.94,7680,-50,-0.65,7580,7580,1399-12-18
439,خمهر,مهركام‌پارس‌,64,817577,2019415190,2520,2470,2470,-50,-1.98,2520,0,0.0,2470,2470,1399-12-18
440,كيميا,معدني كيمياي زنجان گستران,63,295058,5423461098,18756,18381,18381,-375,-2.0,18714,-42,-0.22,18381,18381,1399-12-18
441,ضملي3004,اختيارخ فملي-14000-1400/03/02,62,2121,1464303000,605,451,780,175,28.93,690,85,14.05,451,999,1399-12-18
442,دارو,كارخانجات‌داروپخش‌,62,73853,2379543660,32870,32220,32220,-650,-1.98,32840,-30,-0.09,32220,32220,1399-12-18
443,ثروتم,صندوق س. ثروت آفرين پارسيان-س,61,79610,5899531050,72514,73700,74940,2426,3.35,74105,1591,2.19,73010,75000,1399-12-18
444,سقاين,سيمان‌ قائن‌,61,20983,1599114430,77760,76210,76210,-1550,-1.99,77710,-50,-0.06,76210,76210,1399-12-18
445,اخزا815,اسنادخزانه-م15بودجه98-010406,61,165636,128610781834,774546,773500,774813,267,0.03,776466,1920,0.25,773500,782000,1399-12-18
446,زعف0008پ05,زعفران0008نگين زرين(پ),61,100786,11924302805,122211,118203,117920,-4291,-3.51,118313,-3898,-3.19,117001,120000,1399-12-18
447,دجابر,داروسازي‌ جابرابن‌حيان‌,60,380771,7600189160,20360,19960,19960,-400,-1.96,20300,-60,-0.29,19960,19960,1399-12-18
448,وپويا,سرمايه گذاري پويا,60,134517,886736064,6726,6592,6592,-134,-1.99,6724,-2,-0.03,6592,6592,1399-12-18
449,ملت,بيمه ملت,60,112218,1859452260,16900,16570,16570,-330,-1.95,16890,-10,-0.06,16570,16570,1399-12-18
450,وتوصا,گروه س توسعه صنعتي ايران,60,413791,4994457370,12310,12070,12070,-240,-1.95,12290,-20,-0.16,12070,12070,1399-12-18
451,ضشنا2003,اختيارخ شپنا-14000-1400/02/27,60,2827,2196440000,638,700,850,212,33.23,777,139,21.79,700,850,1399-12-18
452,ورنا,سرمايه‌گذاري‌ رنا(هلدينگ‌,59,529639,3008349520,5790,5680,5680,-110,-1.9,5780,-10,-0.17,5680,5680,1399-12-18
453,وپخش,داروپخش‌ (هلدينگ‌,59,63533,6498790570,104370,102290,102290,-2080,-1.99,104090,-280,-0.27,102290,102290,1399-12-18
454,گدنا,تهيه توزيع غذاي دنا آفرين فدك,58,120192,4046744448,34356,33669,33669,-687,-2.0,34299,-57,-0.17,33669,33669,1399-12-18
455,حفارس,حمل و نقل بين المللي خليج فارس,58,435551,2073222760,4850,4760,4760,-90,-1.86,4850,0,0.0,4760,4760,1399-12-18
456,چخزر,صنايع چوب خزر كاسپين,58,22539,1279246023,57915,56757,56757,-1158,-2.0,57884,-31,-0.05,56757,56757,1399-12-18
457,صنوين,صندوق سرمايه‌گذاري صنوين-مختلط,58,12534,1285585040,102190,102000,102650,460,0.45,102570,380,0.37,101600,103350,1399-12-18
458,غويتا,ويتانا,57,55018,992689774,18411,18043,18043,-368,-2.0,18404,-7,-0.04,18043,18043,1399-12-18
459,سحرا021,سلف موازي برق نيروي برق حرارتي,57,5550000,1573402800000,275025,279352,279352,4327,1.57,283496,8471,3.08,279352,291784,1399-12-18
460,شسينا,صنايع‌شيميايي‌سينا,56,17173,2334841080,138730,135960,135960,-2770,-2.0,138600,-130,-0.09,135960,135960,1399-12-18
461,اوصتا,صندوق انديشه ورزان صباتامين -د,56,625638,11278682821,18021,18025,18031,10,0.06,18027,6,0.03,18025,18031,1399-12-18
462,كمنگنز,معادن‌منگنزايران‌,56,51126,4444383180,88700,86930,86930,-1770,-2.0,88540,-160,-0.18,86930,86930,1399-12-18
463,داسوه,داروسازي‌ اسوه‌,54,530992,19662633760,37780,37030,37030,-750,-1.99,37470,-310,-0.82,37030,37030,1399-12-18
464,غديس,پاكديس,54,317944,4247731840,13632,13360,13360,-272,-2.0,13608,-24,-0.18,13360,13360,1399-12-18
465,وآذر,سرمايه‌گذاري‌توسعه‌آذربايجان‌,52,134786,11479723620,86900,85170,85170,-1730,-1.99,86490,-410,-0.47,85170,85170,1399-12-18
466,اخزا901,اسنادخزانه-م1بودجه99-010621,52,46558,34481222383,739563,740899,740574,1011,0.14,740608,1045,0.14,739563,749994,1399-12-18
467,خاتم,صندوق س خاتم ايساتيس پويا-ثابت,50,342919,3654947447,10656,10657,10660,4,0.04,10658,2,0.02,10655,10663,1399-12-18
468,آكورد2,صندوق س. آرمان آتي كوثر-د,50,5000000,5000000,31046,1,1,-31045,-100.0,1,-31045,-100.0,1,1,1399-12-18
469,ددام,داروسازي زاگرس فارمد پارس,50,865941,19440375450,22900,22450,22450,-450,-1.97,22720,-180,-0.79,22450,22450,1399-12-18
470,فاما,صنعتي‌ آما,49,291671,5970505370,20880,20470,20470,-410,-1.96,20830,-50,-0.24,20470,20470,1399-12-18
471,تكمبا,كمباين‌ سازي‌ ايران‌,48,409473,3124278990,7780,7630,7630,-150,-1.93,7770,-10,-0.13,7630,7630,1399-12-18
472,كساپا,سايپاشيشه‌,48,334189,13050080450,39840,39050,39050,-790,-1.98,39630,-210,-0.53,39050,39050,1399-12-18
473,بزاگرس,نيروگاه زاگرس كوثر,48,140773,1004415355,7280,7135,7135,-145,-1.99,7277,-3,-0.04,7135,7135,1399-12-18
474,وبيمه,سرمايه‌ گذاري‌ صنعت‌ بيمه‌,48,463981,1313066230,2880,2830,2830,-50,-1.74,2880,0,0.0,2830,2830,1399-12-18
475,ضملي3003,اختيارخ فملي-12000-1400/03/02,48,1461,2381686000,1536,1500,1681,145,9.44,1630,94,6.12,1500,1700,1399-12-18
476,كسرام,پارس‌ سرام‌,46,341666,2832411140,8450,8290,8290,-160,-1.89,8440,-10,-0.12,8290,8290,1399-12-18
477,وگستر,گسترش سرمايه گذاري ايرانيان,46,192170,3656418590,19415,19027,19027,-388,-2.0,19386,-29,-0.15,19027,19027,1399-12-18
478,تكشا,گسترش‌صنايع‌وخدمات‌كشاورزي‌,46,29964,1394224920,47470,46530,46530,-940,-1.98,47440,-30,-0.06,46530,46530,1399-12-18
479,سدشت,صنايع سيمان دشتستان,45,131207,7577204250,54490,57750,57750,3260,5.98,54950,460,0.84,57750,57750,1399-12-18
480,ثرود,سرمايه‌گذاري مسكن زاينده رود,44,120117,2120065050,18010,17650,17650,-360,-2.0,17994,-16,-0.09,17650,17650,1399-12-18
481,شاملاح,ح . معدني‌ املاح‌  ايران‌,44,565090,24977100300,44820,44210,44200,-620,-1.38,44200,-620,-1.38,44200,44210,1399-12-18
482,كلر,كلر پارس,44,105333,13639148838,132128,129486,129486,-2642,-2.0,131388,-740,-0.56,129486,129486,1399-12-18
483,زعف0008پ11,زعفران0008نگين سحرخيز(پ),44,26348,3129688668,121651,120201,117600,-4051,-3.33,118783,-2868,-2.36,117001,121390,1399-12-18
484,ساوه,سيمان ساوه,43,47985,2901700935,61705,60471,60471,-1234,-2.0,61632,-73,-0.12,60471,60471,1399-12-18
485,ضجار2000,اختيارخ وتجارت-1800-1400/02/22,43,1875,1931011000,789,1000,850,61,7.73,1030,241,30.54,723,1300,1399-12-18
486,آپ,آسان پرداخت پرشين,43,171312,3066484800,18260,17900,17900,-360,-1.97,18240,-20,-0.11,17900,17900,1399-12-18
487,گكيش,توريستي ورفاهي آبادگران كيش,43,22658,1157959748,53235,51106,51106,-2129,-4.0,53106,-129,-0.24,51106,51106,1399-12-18
488,بذر,صندوق س بذر اميد آفرين-سهام,42,7780,743452670,93550,94610,95500,1950,2.08,95560,2010,2.15,94600,96730,1399-12-18
489,كسرا,سراميك‌هاي‌صنعتي‌اردكان‌,42,105797,2307432570,22250,21810,21810,-440,-1.98,22230,-20,-0.09,21810,21810,1399-12-18
490,تسه9807,امتياز تسهيلات مسكن مهر98,41,178,97379581,552642,552000,550000,-2642,-0.48,547076,-5566,-1.01,534488,579000,1399-12-18
491,بمپنا,توليد برق عسلويه  مپنا,41,28629,2190920112,78089,76528,76528,-1561,-2.0,78019,-70,-0.09,76528,76528,1399-12-18
492,گنجين,صندوق س. گنجينه يكم آويد-د,41,512118,6337163835,12371,12380,12371,0,0.0,12374,3,0.02,12371,12380,1399-12-18
493,ثباغ,شهر سازي و خانه سازي باغميشه,41,181802,2723757564,15287,14982,14982,-305,-2.0,15270,-17,-0.11,14982,14982,1399-12-18
494,ضفلا3003,اختيارخ فولاد-10000-1400/03/19,40,2613,8665310000,2737,3050,3770,1033,37.74,3316,579,21.15,3050,3770,1399-12-18
495,دتوزيع,توزيع دارو پخش,40,422123,19864264134,48018,47058,47058,-960,-2.0,47626,-392,-0.82,47058,47058,1399-12-18
496,كيان2,صندوق س. با درآمد ثابت كيان,40,4000000,4000000,27459,1,1,-27458,-100.0,1,-27458,-100.0,1,1,1399-12-18
497,شگل,گلتاش‌,39,230908,2440697560,10780,10570,10570,-210,-1.95,10770,-10,-0.09,10570,10570,1399-12-18
498,تسه9804,امتياز تسهيلات مسكن تير98,39,528,295987307,554316,554060,554495,179,0.03,560582,6266,1.13,552122,567860,1399-12-18
499,خديزل,بهمن  ديزل,39,528385,21827584350,42153,41310,41310,-843,-2.0,41773,-380,-0.9,41310,41310,1399-12-18
500,سيمرغ,سيمرغ,39,129102,2065632000,16320,16000,16000,-320,-1.96,16310,-10,-0.06,16000,16000,1399-12-18
501,اخزا904,اسنادخزانه-م4بودجه99-011215,37,129418,87356245787,672233,673500,676000,3767,0.56,674993,2760,0.41,673000,679000,1399-12-18
502,ديران,ايران‌دارو,37,45251,1274720670,28740,28170,28170,-570,-1.98,28730,-10,-0.03,28170,28170,1399-12-18
503,كمرجان,بازرگاني و توليدي مرجان كار,36,7271,1048536368,147151,144208,144208,-2943,-2.0,147088,-63,-0.04,144208,144208,1399-12-18
504,تسه9806,امتياز تسهيلات مسكن شهريور98,36,412,228794017,548607,530100,540001,-8606,-1.57,555325,6718,1.22,530100,560000,1399-12-18
505,حسير,ريل سير كوثر,36,342766,5866097324,17463,17114,17114,-349,-2.0,17421,-42,-0.24,17114,17114,1399-12-18
506,كارين,صندوق س نگين سامان-ثابت,36,469529,4745462846,10098,10108,10108,10,0.1,10107,9,0.09,10104,10108,1399-12-18
507,زعف0008پ12,زعفران0008پوشالمعمول سحرخيز(پ),36,17010,1363383542,78358,75001,82231,3873,4.94,80152,1794,2.29,74401,82231,1399-12-18
508,خفنر,فنرسازي‌خاور,36,106007,925441110,8900,8730,8730,-170,-1.91,8900,0,0.0,8730,8730,1399-12-18
509,زعف0008پ10,زعفران0008نگين طلاي سرخ(پ),36,9685,1160662019,121658,123933,120930,-728,-0.6,119841,-1817,-1.49,119000,123933,1399-12-18
510,بايكا,كارخانجات كابلسازي ‌ايران‌,36,39640,1635665320,42982,41263,41263,-1719,-4.0,42836,-146,-0.34,41263,41263,1399-12-18
511,سدور,سيمان‌ دورود,35,326814,6314046480,19710,19320,19320,-390,-1.98,19660,-50,-0.25,19320,19320,1399-12-18
512,كلوند,كاشي‌ الوند,35,279521,12953003140,47280,46340,46340,-940,-1.99,47030,-250,-0.53,46340,46340,1399-12-18
513,وسرمد,بيمه  سرمد,35,1234693,7897096428,6526,6396,6396,-130,-1.99,6473,-53,-0.81,6396,6396,1399-12-18
514,اخزا809,اسنادخزانه-م9بودجه98-000923,35,76223,65934239130,864267,864999,865000,733,0.08,865018,751,0.09,864292,866000,1399-12-18
515,زماهان,مجتمع توليد گوشت مرغ ماهان,34,44808,919056888,20929,20511,20511,-418,-2.0,20921,-8,-0.04,20511,20511,1399-12-18
516,ودي,بيمه  دي,34,39602,914212170,23556,23085,23085,-471,-2.0,23547,-9,-0.04,23085,23085,1399-12-18
517,آسام,صندوق س.آرمان سپهر آشنا-م,34,21280,2167395040,99764,101946,102797,3033,3.04,101851,2087,2.09,100110,103000,1399-12-18
518,غگرجي,بيسكويت‌  گرجي‌,34,42685,796502100,19040,18660,18660,-380,-2.0,19030,-10,-0.05,18660,18660,1399-12-18
519,كساوه,صنايع‌ كاشي‌ و سراميك‌ سينا,33,145271,10514714980,73850,72380,72380,-1470,-1.99,73530,-320,-0.43,72380,72380,1399-12-18
520,سجامح,ح.مجتمع سيمان غرب آسيا,33,266360,581730240,2228,2184,2184,-44,-1.97,2184,-44,-1.97,2184,2184,1399-12-18
521,دتوليد,داروسازي توليد دارو,33,19167,523489104,27869,27312,27312,-557,-2.0,27863,-6,-0.02,27312,27312,1399-12-18
522,لسرما,سرما آفرين‌,33,123294,3321540360,27480,26940,26940,-540,-1.97,27440,-40,-0.15,26940,26940,1399-12-18
523,غصينو,صنعتي مينو,33,11378,771098438,69154,67771,67771,-1383,-2.0,69143,-11,-0.02,67771,67771,1399-12-18
524,ثنور,سرمايه گذاري كوه نور,32,384553,3784770626,10042,9842,9842,-200,-1.99,10003,-39,-0.39,9842,9842,1399-12-18
525,لابسا,آبسال‌,32,82050,4013886000,49910,48920,48920,-990,-1.98,49830,-80,-0.16,48920,48920,1399-12-18
526,سخند,صندوق س.سپهرخبرگان نفت-د,32,169220,1695260660,10016,10015,10016,0,0.0,10018,2,0.02,10015,10020,1399-12-18
527,ضفلا3005,اختيارخ فولاد-14000-1400/03/19,32,2613,1840652000,702,799,876,174,24.79,704,2,0.28,700,876,1399-12-18
528,سنوين,سرمايه گذاري اقتصاد نوين,32,1039807,10610190628,10412,10204,10204,-208,-2.0,10297,-115,-1.1,10204,10204,1399-12-18
529,ضسپا3000,اختيارخ خساپا-1400-1400/03/26,32,60,55800000,912,900,1100,188,20.61,930,18,1.97,800,1100,1399-12-18
530,شتوكا,توكا رنگ فولاد سپاهان,32,19251,1026694332,54420,53332,53332,-1088,-2.0,54397,-23,-0.04,53332,53332,1399-12-18
531,دلقما,دارويي‌ لقمان‌,31,125596,3068310280,24920,24430,24430,-490,-1.97,24890,-30,-0.12,24430,24430,1399-12-18
532,ضپاس2003,اختيارخ وپارس-3500-1400/02/29,31,547,116585000,208,220,230,22,10.58,213,5,2.4,190,290,1399-12-18
533,اخزا905,اسنادخزانه-م5بودجه99-020218,31,155972,100464618371,643553,643551,645000,1447,0.22,644120,567,0.09,643551,645500,1399-12-18
534,سصفها,سيمان‌اصفهان‌,31,16331,2058849170,128640,126070,126070,-2570,-2.0,128530,-110,-0.09,126070,126070,1399-12-18
535,اپرداز,آتيه داده پرداز,31,58052,1202779388,21141,20719,20719,-422,-2.0,21131,-10,-0.05,20719,20719,1399-12-18
536,اخزا813,اسنادخزانه-م13بودجه98-010219,31,38520,30670705273,792583,794999,800000,7417,0.94,796228,3645,0.46,793000,800000,1399-12-18
537,ارفعح,ح.شركت آهن و فولاد ارفع,31,4125500,49254344500,12182,11939,11939,-243,-1.99,11939,-243,-1.99,11939,11939,1399-12-18
538,خرينگ,رينگ‌سازي‌مشهد,30,22088,999702880,46180,45260,45260,-920,-1.99,46160,-20,-0.04,45260,45260,1399-12-18
539,ثشرق,سرمايه گذاري مسكن شمال شرق,30,441916,3027124600,6980,6850,6850,-130,-1.86,6970,-10,-0.14,6850,6850,1399-12-18
540,ضخود2013,اختيارخ خودرو-7000-1400/02/08,30,1486,15709000,10,9,11,1,10.0,11,1,10.0,9,14,1399-12-18
541,آ س پ,آ.س.پ,30,141483,2285233416,16481,16152,16152,-329,-2.0,16466,-15,-0.09,16152,16152,1399-12-18
542,سبهان,سيمان‌ بهبهان‌,30,7412,1055765280,145340,142440,142440,-2900,-2.0,145280,-60,-0.04,142440,142440,1399-12-18
543,ميهن,بيمه ميهن,30,211546,1024728824,4942,4844,4844,-98,-1.98,4940,-2,-0.04,4844,4844,1399-12-18
544,دشيمي,شيمي‌ داروئي‌ داروپخش‌,30,44288,1380014080,31790,31160,31160,-630,-1.98,31770,-20,-0.06,31160,31160,1399-12-18
545,ضصاد3001,اختيارخ وبصادر-2000-1400/03/12,29,1093,555160000,469,540,480,11,2.35,508,39,8.32,480,590,1399-12-18
546,پدرخش,درخشان‌ تهران‌,29,5382,682437600,129380,126800,126800,-2580,-1.99,129340,-40,-0.03,126800,126800,1399-12-18
547,سرود,سيمان‌شاهرود,29,588044,11713836480,20320,19920,19920,-400,-1.97,20220,-100,-0.49,19920,19920,1399-12-18
548,ومعلم,بيمه معلم,29,177639,835613856,4800,4704,4704,-96,-2.0,4798,-2,-0.04,4704,4704,1399-12-18
549,زگلدشت,كشت و دام گلدشت نمونه اصفهان,29,12354,549048822,45349,44443,44443,-906,-2.0,45339,-10,-0.02,44443,44443,1399-12-18
550,زعف0008پ08,زعفران0008نگين روستا(پ),29,27261,3186337710,122666,119000,116000,-6666,-5.43,116883,-5783,-4.71,116000,119002,1399-12-18
551,قنيشا,قند  نيشابور,29,12017,729311730,61920,60690,60690,-1230,-1.99,61900,-20,-0.03,60690,60690,1399-12-18
552,دسانكو,داروسازي سبحان انكولوژي,28,38241,574494543,15329,15023,15023,-306,-2.0,15325,-4,-0.03,15023,15023,1399-12-18
553,اخزا907,اسنادخزانه-م7بودجه99-020704,28,106289,63749803600,598251,599000,599100,849,0.14,599778,1527,0.26,599000,600001,1399-12-18
554,حكشتيح,ح . كشتيراني ج. ا. ا,28,231346,3999844480,18000,18400,17280,-720,-4.0,17290,-710,-3.94,17280,18400,1399-12-18
555,توريل,توکاريل,28,43231,1099018482,25940,25422,25422,-518,-2.0,25928,-12,-0.05,25422,25422,1399-12-18
556,شدوص,دوده‌ صنعتي‌ پارس‌,28,310486,9075505780,29820,29230,29230,-590,-1.98,29710,-110,-0.37,29230,29230,1399-12-18
557,خزر,فنرسازي‌زر,27,24310,1140382100,47860,46910,46910,-950,-1.98,47840,-20,-0.04,46910,46910,1399-12-18
558,غشان,شيرپاستوريزه‌پگاه‌خراسان‌,27,353608,2754606320,7940,7790,7790,-150,-1.89,7930,-10,-0.13,7790,7790,1399-12-18
559,ضخود2009,اختيارخ خودرو-4000-1400/02/08,27,1503,47996000,30,49,30,0,0.0,32,2,6.67,27,49,1399-12-18
560,دسينا,داروسازي‌ سينا,27,523797,13833478770,26940,26410,26410,-530,-1.97,26790,-150,-0.56,26410,26410,1399-12-18
561,زفكا,كشت و دامداري فكا,27,37241,485957809,13315,13049,13049,-266,-2.0,13312,-3,-0.02,13049,13049,1399-12-18
562,ولبهمن,شركت بهمن ليزينگ,27,656225,5538539000,8612,8440,8440,-172,-2.0,8592,-20,-0.23,8440,8440,1399-12-18
563,بنو,بيمه تجارت نو,27,63166,2198303132,35512,34802,34802,-710,-2.0,35480,-32,-0.09,34802,34802,1399-12-18
564,مداران,داده‌پردازي‌ايران‌,27,30121,768989130,26050,25530,25530,-520,-2.0,26040,-10,-0.04,25530,25530,1399-12-18
565,ضملت3001,اختيارخ وبملت-3500-1400/03/19,27,1083,748097000,517,750,730,213,41.2,691,174,33.66,605,880,1399-12-18
566,زنگان,صنعت روي زنگان,26,5701,590230231,105643,103531,103531,-2112,-2.0,105618,-25,-0.02,103531,103531,1399-12-18
567,قشير,قند شيروان قوچان و بجنورد,26,25013,635930512,25942,25424,25424,-518,-2.0,25935,-7,-0.03,25424,25424,1399-12-18
568,زقيام,كشت و دام قيام اصفهان,26,22204,665453880,30581,29970,29970,-611,-2.0,30573,-8,-0.03,29970,29970,1399-12-18
569,ضملت3000,اختيارخ وبملت-3000-1400/03/19,26,530,465252000,828,910,1068,240,28.99,878,50,6.04,800,1068,1399-12-18
570,غشاذر,پگاه‌آذربايجان‌غربي‌,26,102872,1008145600,10000,9800,9800,-200,-2.0,10000,0,0.0,9800,9800,1399-12-18
571,معيار,سرمايه گذاري معيار صنعت پارس,26,158359,7304467234,47067,46126,46126,-941,-2.0,46711,-356,-0.76,46126,46126,1399-12-18
572,ختور,رادياتور ايران‌,26,15703,367450200,23870,23400,23400,-470,-1.97,23870,0,0.0,23400,23400,1399-12-18
573,ثعمرا,عمران و توسعه شاهد,26,289713,3731503440,13142,12880,12880,-262,-1.99,13122,-20,-0.15,12880,12880,1399-12-18
574,كسعدي,كاشي‌ سعدي‌,26,38335,824585850,21940,21510,21510,-430,-1.96,21930,-10,-0.05,21510,21510,1399-12-18
575,تپولا,مهندسي مرآت پولاد,26,84754,2999189798,36861,35387,35387,-1474,-4.0,36631,-230,-0.62,35387,35387,1399-12-18
576,ختراك,ريخته‌گري‌ تراكتورسازي‌ ايران‌,26,57000,942210000,16860,16530,16530,-330,-1.96,16850,-10,-0.06,16530,16530,1399-12-18
577,زشريف,كشت وصنعت شريف آباد,26,423572,2137344312,5148,5046,5046,-102,-1.98,5144,-4,-0.08,5046,5046,1399-12-18
578,سمتا011,سلف موازي استاندارد سمتا011,25,69900,515519839500,7349067,7375105,7375105,26038,0.35,7375105,26038,0.35,7375105,7375105,1399-12-18
579,تسه9805,امتياز تسهيلات مسكن مرداد98,25,148,81995448,555357,550010,550001,-5356,-0.96,554023,-1334,-0.24,550001,583124,1399-12-18
580,فخاس,فولاد خراسان,25,156135,4680927300,30590,29980,29980,-610,-1.99,30560,-30,-0.1,29980,29980,1399-12-18
581,لپيام,گسترش صنايع پيام,25,24266,1295222016,55600,53376,53376,-2224,-4.0,55450,-150,-0.27,53376,53376,1399-12-18
582,اخزا806,اسنادخزانه-م6بودجه98-000519,25,16406,15093556461,920449,917060,921028,579,0.06,920002,-447,-0.05,917060,922299,1399-12-18
583,اخزا817,اسنادخزانه-م17بودجه98-010512,25,88770,67852134574,757019,758000,759120,2101,0.28,764359,7340,0.97,758000,771000,1399-12-18
584,غبهار,كشت وصنعت بهاران گلبهار خراسان,25,18065,597969565,34480,33101,33101,-1379,-4.0,34437,-43,-0.12,33101,33101,1399-12-18
585,دپارس,پارس‌ دارو,24,53000,4468960000,86040,84320,84320,-1720,-2.0,85880,-160,-0.19,84320,84320,1399-12-18
586,پرداخت,به پرداخت ملت,24,208484,7430369760,36360,35640,35640,-720,-1.98,36250,-110,-0.3,35640,35640,1399-12-18
587,زعف0008پ15,زعفران0008پوشالمعمول طلاسرخ(پ),24,9633,785731275,78219,76222,82231,4012,5.13,81567,3348,4.28,76222,82231,1399-12-18
588,خاذين,سايپاآذين‌,24,117520,553519200,4800,4710,4710,-90,-1.88,4800,0,0.0,4710,4710,1399-12-18
589,فماك,ماداكتو استيل كرد,24,580000,12974600000,22399,22370,22370,-29,-0.13,22370,-29,-0.13,22370,22370,1399-12-18
590,كفرا,فراورده‌ هاي‌ نسوزايران‌,23,36418,1703634040,47730,46780,46780,-950,-1.99,47700,-30,-0.06,46780,46780,1399-12-18
591,ثالوند,سرمايه گذاري مسكن الوند,23,15749,534804542,34651,33958,33958,-693,-2.0,34643,-8,-0.02,33958,33958,1399-12-18
592,اخزا814,اسنادخزانه-م14بودجه98-010318,23,126931,99351984867,780980,780000,782500,1520,0.19,782724,1744,0.22,780000,783200,1399-12-18
593,دشيري,شيرين دارو,23,8897,1904500717,222980,214061,214061,-8919,-4.0,222086,-894,-0.4,214061,214061,1399-12-18
594,اخزا808,اسنادخزانه-م8بودجه98-000817,23,28257,24894323463,878298,878000,879006,708,0.08,880997,2699,0.31,877917,890000,1399-12-18
595,بكاب,صنايع‌جوشكاب‌يزد,23,1624,577445680,362820,355570,355570,-7250,-2.0,362730,-90,-0.02,355570,355570,1399-12-18
596,فپنتا,سپنتا,22,8252,3341894960,413240,404980,404980,-8260,-2.0,412680,-560,-0.14,404980,404980,1399-12-18
597,حآسا,آسيا سير ارس,22,23878,1081745034,46227,45303,45303,-924,-2.0,46207,-20,-0.04,45303,45303,1399-12-18
598,غچين,كشت‌ و صنعت‌ چين‌ چين,22,52984,1066567920,20540,20130,20130,-410,-2.0,20530,-10,-0.05,20130,20130,1399-12-18
599,شاملا,معدني‌ املاح‌  ايران‌,22,42658,2199446480,52610,51560,51560,-1050,-2.0,52560,-50,-0.1,51560,51560,1399-12-18
600,ولملت,واسپاري ملت,22,72485,587853350,8270,8110,8110,-160,-1.93,8270,0,0.0,8110,8110,1399-12-18
601,سنير,سيمان‌ سفيد ني‌ريز,22,28659,7132365330,253940,248870,248870,-5070,-2.0,253200,-740,-0.29,248870,248870,1399-12-18
602,ولغدر,ليزينگ‌خودروغدير,22,238219,5264639900,22550,22100,22100,-450,-2.0,22500,-50,-0.22,22100,22100,1399-12-18
603,حتوكا,حمل‌ونقل‌توكا,22,18946,574253260,30920,30310,30310,-610,-1.97,30910,-10,-0.03,30310,30310,1399-12-18
604,ثنوسا,نوسازي‌وساختمان‌تهران‌,21,100461,1312020660,13320,13060,13060,-260,-1.95,13310,-10,-0.08,13060,13060,1399-12-18
605,اخزا820,اسنادخزانه-م20بودجه98-020806,21,12186,7219357557,590358,592880,593000,2642,0.45,592430,2072,0.35,590358,593000,1399-12-18
606,دفرا,فرآورده‌هاي‌ تزريقي‌ ايران‌,21,67839,1760422050,26470,25950,25950,-520,-1.96,26450,-20,-0.08,25950,25950,1399-12-18
607,غمينو,شركت صنايع غذايي مينو شرق,21,28512,340975008,12203,11959,11959,-244,-2.0,12201,-2,-0.02,11959,11959,1399-12-18
608,نگين,ص.س. زمين و ساختمان نگين شهرري,21,2111393,100379660960,48560,47560,47600,-960,-1.98,47540,-1020,-2.1,47540,48940,1399-12-18
609,وجامي,سرمايه گذاري جامي,21,255331,4002058094,15993,15674,15674,-319,-1.99,15928,-65,-0.41,15674,15674,1399-12-18
610,اخزا818,اسنادخزانه-م18بودجه98-010614,21,86211,65232532786,744770,743000,757000,12230,1.64,756661,11891,1.6,743000,757000,1399-12-18
611,اخزا721,اسنادخزانه-م21بودجه97-000728,20,11421,10116409472,885489,886000,886002,513,0.06,885773,284,0.03,885501,891000,1399-12-18
612,بسويچ,پارس‌سويچ‌,20,6046,315117520,53180,52120,52120,-1060,-1.99,53170,-10,-0.02,52120,52120,1399-12-18
613,كدما,معدني‌ دماوند,20,683,160662090,240030,235230,235230,-4800,-2.0,240010,-20,-0.01,235230,235230,1399-12-18
614,خنصير,مهندسي‌نصيرماشين‌,20,53227,5776194040,110730,108520,108520,-2210,-2.0,110470,-260,-0.23,108520,108520,1399-12-18
615,وزمين,بانك ايران زمين,19,19647,264959442,14047,13486,13486,-561,-3.99,14040,-7,-0.05,13486,13486,1399-12-18
616,وآوا,سرمايه گذاري آوا نوين,19,28548,249423876,8915,8737,8737,-178,-2.0,8914,-1,-0.01,8737,8737,1399-12-18
617,وتعاون,بيمه  تعاون,19,47010,284927610,6184,6061,6061,-123,-1.99,6182,-2,-0.03,6061,6061,1399-12-18
618,ومشان,س. فني و مهندسي مشانير,19,10072,727339408,73687,72214,72214,-1473,-2.0,73632,-55,-0.07,72214,72214,1399-12-18
619,اعتلا,شركت سرمايه گذاري اعتلاء البرز,19,89847,745280865,8464,8295,8295,-169,-2.0,8461,-3,-0.04,8295,8295,1399-12-18
620,سفار,سيمان‌فارس‌,19,19692,3003226920,155620,152510,152510,-3110,-2.0,155430,-190,-0.12,152510,152510,1399-12-18
621,اراد50,مرابحه عام دولت5-ش.خ0302,19,253000,253000177000,1000000,1000001,1000001,1,0.0,1000001,1,0.0,1000000,1000001,1399-12-18
622,ثاباد,توريستي ورفاهي آبادگران ايران,19,27475,1487221750,55230,54130,54130,-1100,-1.99,55200,-30,-0.05,54130,54130,1399-12-18
623,بنيرو,نيروترانس‌,18,95720,1451115200,15460,15160,15160,-300,-1.94,15450,-10,-0.06,15160,15160,1399-12-18
624,قهكمت,قندهكمتان‌,18,49304,2242345920,46400,45480,45480,-920,-1.98,46360,-40,-0.09,45480,45480,1399-12-18
625,اخزا821,اسنادخزانه-م21بودجه98-020906,18,13606,7933059841,584452,583001,583199,-1253,-0.21,583056,-1396,-0.24,583001,586999,1399-12-18
626,زعف0008پ09,زعفران0008نگين نوين(پ),18,10200,1195462500,121009,118711,116000,-5009,-4.14,117202,-3807,-3.15,116000,118711,1399-12-18
627,اخزا812,اسنادخزانه-م12بودجه98-001111,18,106877,90245964657,842555,842780,845000,2445,0.29,844391,1836,0.22,842780,845000,1399-12-18
628,زمگسا,كشاورزي‌ ودامپروي‌ مگسال‌,17,15188,488142320,32790,32140,32140,-650,-1.98,32780,-10,-0.03,32140,32140,1399-12-18
629,قمرو,قند مرودشت‌,17,8277,300372330,37030,36290,36290,-740,-2.0,37030,0,0.0,36290,36290,1399-12-18
630,غاذر,كشت‌وصنعت‌پياذر,17,7257,400731540,56340,55220,55220,-1120,-1.99,56330,-10,-0.02,55220,55220,1399-12-18
631,وسنا,سرمايه گذاري نيروگاهي ايران,17,21404,322772320,15387,15080,15080,-307,-2.0,15382,-5,-0.03,15080,15080,1399-12-18
632,كي بي سي,شركت كي بي سي,17,11461,315670323,28105,27543,27543,-562,-2.0,28101,-4,-0.01,27543,27543,1399-12-18
633,سخزر,سيمان‌ خزر,17,79990,2426096700,30940,30330,30330,-610,-1.97,30910,-30,-0.1,30330,30330,1399-12-18
634,دبالك,مواد اوليه دارويي البرز بالك,16,25885,549926825,21678,21245,21245,-433,-2.0,21673,-5,-0.02,21245,21245,1399-12-18
635,لخزر,پارس‌ خزر,16,4571,841658230,187880,184130,184130,-3750,-2.0,187820,-60,-0.03,184130,184130,1399-12-18
636,خموتور,موتورسازان‌تراكتورسازي‌ايران‌,16,80371,1194313060,15160,14860,14860,-300,-1.98,15150,-10,-0.07,14860,14860,1399-12-18
637,طلا,صندوق س.پشتوانه طلاي لوتوس,16,11130,841405740,75638,75598,75598,-40,-0.05,75598,-40,-0.05,75598,75598,1399-12-18
638,غمارگ,مارگارين‌,16,8837,282960740,32670,32020,32020,-650,-1.99,32670,0,0.0,32020,32020,1399-12-18
639,رتكو,كنترل‌خوردگي‌تكين‌كو,16,61349,1152134220,19160,18780,18780,-380,-1.98,19150,-10,-0.05,18780,18780,1399-12-18
640,ضصاد3003,اختيارخ وبصادر-3000-1400/03/12,16,712,106988000,150,150,150,0,0.0,150,0,0.0,150,151,1399-12-18
641,درهآور,دارويي ره آورد تامين,15,33554,1765477264,53689,52616,52616,-1073,-2.0,53650,-39,-0.07,52616,52616,1399-12-18
642,خچرخش,چرخشگر,15,16605,301048650,18500,18130,18130,-370,-2.0,18500,0,0.0,18130,18130,1399-12-18
643,ضخود2011,اختيارخ خودرو-5000-1400/02/08,15,721,10594000,15,15,15,0,0.0,15,0,0.0,14,15,1399-12-18
644,سكرد,سيمان كردستان,15,55361,569664690,10500,10290,10290,-210,-2.0,10500,0,0.0,10290,10290,1399-12-18
645,سبجنو,سيمان‌ بجنورد,15,60018,3550064700,60350,59150,59150,-1200,-1.99,60260,-90,-0.15,59150,59150,1399-12-18
646,خشرق,الكتريك‌ خودرو شرق‌,14,63474,1032721980,16600,16270,16270,-330,-1.99,16590,-10,-0.06,16270,16270,1399-12-18
647,ضجار2003,اختيارخ وتجارت-3000-1400/02/22,14,300,59850000,172,209,190,18,10.47,199,27,15.7,175,230,1399-12-18
648,افرا,افرانت,14,6389,222560815,35545,34835,34835,-710,-2.0,35542,-3,-0.01,34835,34835,1399-12-18
649,ثپرديس,سرمايه گذاري مسكن پرديس,14,38715,389627760,10269,10064,10064,-205,-2.0,10267,-2,-0.02,10064,10064,1399-12-18
650,داريك,صندوق س.اعتماد داريك-د,14,7500,77424000,10316,10325,10335,19,0.18,10323,7,0.07,10318,10335,1399-12-18
651,اخزا805,اسنادخزانه-م5بودجه98-000422,14,104551,97753664229,933022,936800,934737,1715,0.18,934985,1963,0.21,934400,937500,1399-12-18
652,دكوثر,داروسازي‌ كوثر,14,10167,209033520,20970,20560,20560,-410,-1.96,20970,0,0.0,20560,20560,1399-12-18
653,شساخت,مهندسي و ساختمان صنايع نفت,14,504766,19666692892,39757,38962,38962,-795,-2.0,39359,-398,-1.0,38962,38962,1399-12-18
654,خكمك,كمك‌فنرايندامين‌,14,7536,211987680,28700,28130,28130,-570,-1.99,28700,0,0.0,28130,28130,1399-12-18
655,اخزا807,اسنادخزانه-م7بودجه98-000719,14,28536,25405092450,889940,891500,890100,160,0.02,890282,342,0.04,890000,897600,1399-12-18
656,غمينوح,ح . شركت صنايع غذايي مينو شرق,14,12080,129647000,10900,10900,10700,-200,-1.83,10732,-168,-1.54,10700,10900,1399-12-18
657,هجرت,پخش هجرت,13,8756,244642640,28510,27940,27940,-570,-2.0,28507,-3,-0.01,27940,27940,1399-12-18
658,وايران,ليزينگ ايرانيان,13,46594,578697480,12670,12420,12420,-250,-1.97,12670,0,0.0,12420,12420,1399-12-18
659,درازك,دارويي‌ رازك‌,13,3731,128570260,35160,34460,34460,-700,-1.99,35160,0,0.0,34460,34460,1399-12-18
660,اخزا716,اسنادخزانه-م16بودجه97-000407,13,100415,94605534504,942762,942000,942309,-453,-0.05,942145,-617,-0.07,942000,945000,1399-12-18
661,ضسپا3002,اختيارخ خساپا-1800-1400/03/26,13,443,245352000,537,570,570,33,6.15,554,17,3.17,520,570,1399-12-18
662,اخزا816,اسنادخزانه-م16بودجه98-010503,13,12961,9943855159,761725,761725,762405,680,0.09,767214,5489,0.72,761725,768999,1399-12-18
663,كاذر,فرآورده‌هاي‌نسوزآذر,13,61478,2041069600,33870,33200,33200,-670,-1.98,33840,-30,-0.09,33200,33200,1399-12-18
664,قلرست,قند لرستان‌,13,23170,820218000,36120,35400,35400,-720,-1.99,36110,-10,-0.03,35400,35400,1399-12-18
665,فنفت,صنايع تجهيزات نفت,13,19083,633822762,33891,33214,33214,-677,-2.0,33869,-22,-0.06,33214,33214,1399-12-18
666,وهنر,گروه توسعه هنر ايران,12,28255,248417960,8971,8792,8792,-179,-2.0,8969,-2,-0.02,8792,8792,1399-12-18
667,سايرا,ايرانيت‌,12,16821,760460589,46131,45209,45209,-922,-2.0,46059,-72,-0.16,45209,45209,1399-12-18
668,دقاضي,داروسازي شهيد قاضي,12,170518,7456070068,44618,43726,43726,-892,-2.0,44275,-343,-0.77,43726,43726,1399-12-18
669,بهپاك,صنعتي بهپاك,12,12048,546268368,46266,45341,45341,-925,-2.0,46256,-10,-0.02,45341,45341,1399-12-18
670,ضپاس2001,اختيارخ وپارس-2500-1400/02/29,12,342,239900000,716,550,700,-16,-2.23,701,-15,-2.09,550,750,1399-12-18
671,غدام,خوراك‌  دام‌ پارس‌,12,1076,424277560,402350,394310,394310,-8040,-2.0,402280,-70,-0.02,394310,394310,1399-12-18
672,وشمال,س. چشم انداز توسعه شمال,12,3462,295204740,88822,85270,85270,-3552,-4.0,88767,-55,-0.06,85270,85270,1399-12-18
673,وملت,سرمايه گذاري ملت,12,63861,281499288,4497,4408,4408,-89,-1.98,4494,-3,-0.07,4408,4408,1399-12-18
674,فلامي,لاميران‌,12,11423,506153130,45210,44310,44310,-900,-1.99,45200,-10,-0.02,44310,44310,1399-12-18
675,واتي,سرمايه‌ گذاري‌ آتيه‌ دماوند,12,30944,370709120,12220,11980,11980,-240,-1.96,12220,0,0.0,11980,11980,1399-12-18
676,قاسم,قاسم ايران,11,21194,285228852,13732,13458,13458,-274,-2.0,13730,-2,-0.01,13458,13458,1399-12-18
677,چافست,افست‌,11,40652,662627600,16630,16300,16300,-330,-1.98,16630,0,0.0,16300,16300,1399-12-18
678,اراد33,مرابحه عام دولت3-ش.خ 0303,11,43300,38295373200,905529,860252,919997,14468,1.6,884420,-21109,-2.33,860252,919997,1399-12-18
679,كاسپينح,ح .داروسازي كاسپين تامين,11,4820,101358519,21278,22400,20853,-425,-2.0,21029,-249,-1.17,20853,22400,1399-12-18
680,پاسا,ايران‌ياساتايرورابر,11,12578,331933420,26920,26390,26390,-530,-1.97,26920,0,0.0,26390,26390,1399-12-18
681,دابور,داروسازي‌ ابوريحان‌,11,72214,2850286580,40270,39470,39470,-800,-1.99,40220,-50,-0.12,39470,39470,1399-12-18
682,تملي707,تسهيلات مسكن ب. ملي-مهر97,11,155,78961340,536239,509428,509428,-26811,-5.0,509428,-26811,-5.0,509428,509428,1399-12-18
683,خكار,ايركا پارت صنعت,11,38413,830104930,22050,21610,21610,-440,-2.0,22040,-10,-0.05,21610,21610,1399-12-18
684,دفارا,داروسازي‌ فارابي‌,11,50441,3351300040,67790,66440,66440,-1350,-1.99,67700,-90,-0.13,66440,66440,1399-12-18
685,زعف0008پ20,زعفران0008نگين وحدت جام(پ),11,1262,147166499,122399,118630,117599,-4800,-3.92,116614,-5785,-4.73,116521,118630,1399-12-18
686,وكادو,تكادو,11,200513,4133976521,21037,20617,20617,-420,-2.0,20948,-89,-0.42,20617,20617,1399-12-18
687,وارس,سرمايه گذاري ارس صبا,10,11876,171216292,14711,14417,14417,-294,-2.0,14708,-3,-0.02,14417,14417,1399-12-18
688,دكپسول,توليد ژلاتين كپسول ايران,10,14395,438802785,31105,30483,30483,-622,-2.0,31099,-6,-0.02,30483,30483,1399-12-18
689,شتولي,تولي‌پرس‌,10,12215,429161810,35851,35134,35134,-717,-2.0,35819,-32,-0.09,35134,35134,1399-12-18
690,كتوكا,توليدي و خدمات صنايع نسوز توكا,10,2787,107525247,39368,38581,38581,-787,-2.0,39366,-2,-0.01,38581,38581,1399-12-18
691,شپارسح,ح . بين‌ المللي‌محصولات پارس‌,10,5650,84822800,15440,15080,15000,-440,-2.85,15010,-430,-2.78,15000,15080,1399-12-18
692,ضجار2001,اختيارخ وتجارت-2000-1400/02/22,10,316,278702000,641,601,720,79,12.32,882,241,37.6,601,1200,1399-12-18
693,داوه,داروسازي آوه سينا,10,6823,135429727,20254,19849,19849,-405,-2.0,20253,-1,0.0,19849,19849,1399-12-18
694,ضخود2010,اختيارخ خودرو-4500-1400/02/08,10,466,8008000,18,17,18,0,0.0,17,-1,-5.56,16,23,1399-12-18
695,سجام,مجتمع سيمان غرب آسيا,10,17960,91182920,5180,5077,5077,-103,-1.99,5180,0,0.0,5077,5077,1399-12-18
696,خوساز,محورسازان‌ايران‌خودرو,10,20672,163308800,8060,7900,7900,-160,-1.99,8060,0,0.0,7900,7900,1399-12-18
697,ولشرق,ليزينگ ايران و شرق,9,42750,377910000,9020,8840,8840,-180,-2.0,9019,-1,-0.01,8840,8840,1399-12-18
698,ثجوان,تامين مسكن جوانان,9,19151,215506203,11482,11253,11253,-229,-1.99,11479,-3,-0.03,11253,11253,1399-12-18
699,اخزا804,اسنادخزانه-م4بودجه98-000421,9,4358,4070322688,934346,930001,935847,1501,0.16,933989,-357,-0.04,930001,935999,1399-12-18
700,ياقوت2,صندوق س ياقوت آگاه-ثابت,9,165371000,165371000,12010,1,1,-12009,-99.99,1,-12009,-99.99,1,1,1399-12-18
701,كترام,توليدي‌ كاشي‌ تكسرام‌,9,6845,328765350,49010,48030,48030,-980,-2.0,49000,-10,-0.02,48030,48030,1399-12-18
702,آينده,بازرگاني آينده سازان بهشت پارس,9,27569,543026593,20098,19697,19697,-401,-2.0,20087,-11,-0.05,19697,19697,1399-12-18
703,غمهرا,توليدي‌مهرام‌,9,1984,239667200,123260,120800,120800,-2460,-2.0,123250,-10,-0.01,120800,120800,1399-12-18
704,اخزا810,اسنادخزانه-م10بودجه98-001006,9,24619,21146260604,856194,855626,856500,306,0.04,858941,2747,0.32,855626,860000,1399-12-18
705,حبندر,دريايي و کشتيراني خط دريابندر,9,7755,272913960,35910,35192,35192,-718,-2.0,35900,-10,-0.03,35192,35192,1399-12-18
706,واحصا,احياء صنايع خراسان,9,5826,417520290,73127,71665,71665,-1462,-2.0,73096,-31,-0.04,71665,71665,1399-12-18
707,ولصنم,ليزينگ‌صنعت‌ومعدن‌,9,8984,98284960,11160,10940,10940,-220,-1.97,11160,0,0.0,10940,10940,1399-12-18
708,اخزا718,اسنادخزانه-م18بودجه97-000525,9,8735,8029077862,916823,919999,919500,2677,0.29,919185,2362,0.26,916702,919999,1399-12-18
709,پارتا,مجتمع‌صنعتي‌آرتاويل‌تاير,9,5296,300659216,57929,56771,56771,-1158,-2.0,57916,-13,-0.02,56771,56771,1399-12-18
710,اخزا811,اسنادخزانه-م11بودجه98-001013,8,8095,6908566675,853295,853300,854005,710,0.08,853436,141,0.02,853295,854005,1399-12-18
711,ضخود2012,اختيارخ خودرو-6000-1400/02/08,8,171,2424000,17,16,14,-3,-17.65,14,-3,-17.65,14,16,1399-12-18
712,غشوكو,شوكو پارس,8,9743,382627096,40073,39272,39272,-801,-2.0,40057,-16,-0.04,39272,39272,1399-12-18
713,غپآذر,شير پگاه آذربايجان شرقي,8,7386,478767906,66143,64821,64821,-1322,-2.0,66130,-13,-0.02,64821,64821,1399-12-18
714,كقزوي,شيشه‌ قزوين‌,8,12520,126376880,10299,10094,10094,-205,-1.99,10298,-1,-0.01,10094,10094,1399-12-18
715,سدبير,س. تدبيرگران فارس وخوزستان,8,10517,938295189,91037,89217,89217,-1820,-2.0,91002,-35,-0.04,89217,89217,1399-12-18
716,شستا991,اجاره تامين اجتماعي-امين991226,8,50,49760000,996000,1095600,1000000,4000,0.4,995200,-800,-0.08,994000,1000000,1399-12-18
717,وسلرستا,شركت س استان لرستان,8,464474,413381860,900,890,890,-10,-1.11,900,0,0.0,890,890,1399-12-18
718,مفاخر,توسعه فناوري اطلاعات خوارزمي,8,1642,108253776,67273,65928,65928,-1345,-2.0,67270,-3,0.0,65928,65928,1399-12-18
719,تملي612,تسهيلات مسكن بانك ملي-اسفند96,8,72,65946002,887419,931787,845000,-42419,-4.78,915917,28498,3.21,845000,931787,1399-12-18
720,خلنت,لنت‌ ترمزايران‌,8,753,69328710,93940,92070,92070,-1870,-1.99,93940,0,0.0,92070,92070,1399-12-18
721,فولاي,صنايع فولاد آلياژي يزد,8,4488,227501208,51725,50691,50691,-1034,-2.0,51720,-5,-0.01,50691,50691,1399-12-18
722,قجام,فرآوردههاي غذايي وقندتربت‌جام‌,8,79297,1296505950,16683,16350,16350,-333,-2.0,16639,-44,-0.26,16350,16350,1399-12-18
723,حخزر,كشتيراني درياي خزر,8,7601,219038017,29405,28817,28817,-588,-2.0,29402,-3,-0.01,28817,28817,1399-12-18
724,فجام,جام‌دارو,8,23138,236007600,10400,10200,10200,-200,-1.92,10400,0,0.0,10200,10200,1399-12-18
725,اخزا720,اسنادخزانه-م20بودجه97-000324,8,32796,31110503315,948523,948801,950000,1477,0.16,948607,84,0.01,948500,950000,1399-12-18
726,كشرق,صنعتي و معدني شمال شرق شاهرود,7,2547,238732857,95643,93731,93731,-1912,-2.0,95634,-9,-0.01,93731,93731,1399-12-18
727,كصدف,كاشي صدف سرام استقلال آباده,7,15550,391160250,25668,25155,25155,-513,-2.0,25658,-10,-0.04,25155,25155,1399-12-18
728,عيار2,صندوق س. پشتوانه طلاي مفيد,7,70000,70000,26177,1,1,-26176,-100.0,1,-26176,-100.0,1,1,1399-12-18
729,قشهد,شهد,7,26299,528083920,20480,20080,20080,-400,-1.95,20480,0,0.0,20080,20080,1399-12-18
730,ركيش,كارت اعتباري ايران كيش,7,29026,751773400,26420,25900,25900,-520,-1.97,26410,-10,-0.04,25900,25900,1399-12-18
731,داراب,پتروشيمي داراب,7,27129,65272374,2455,2406,2406,-49,-2.0,2455,0,0.0,2406,2406,1399-12-18
732,فمراد,آلومراد,7,568,82058960,147410,144470,144470,-2940,-1.99,147410,0,0.0,144470,144470,1399-12-18
733,ضصاد3000,اختيارخ وبصادر-1800-1400/03/12,7,40,26650000,653,690,670,17,2.6,666,13,1.99,630,690,1399-12-18
734,اخزا722,اسنادخزانه-م22بودجه97-000428,7,37950,35414591432,929422,938000,932361,2939,0.32,933191,3769,0.41,931108,938000,1399-12-18
735,كطبس,ذغال‌سنگ‌ نگين‌ ط‌بس‌,7,1204,98186200,83210,81550,81550,-1660,-1.99,83210,0,0.0,81550,81550,1399-12-18
736,غشصفا,شيرپاستوريزه‌پگاه‌اصفهان‌,7,2619,73174860,28510,27940,27940,-570,-2.0,28510,0,0.0,27940,27940,1399-12-18
737,ضفار3000,اختيارخ فارس-8000-1400/03/05,7,41,61340000,1200,1500,1500,300,25.0,1496,296,24.67,1490,1500,1399-12-18
738,ضغدر3000,اختيارخ وغدير-6200-1400/03/26,6,45,226500000,3600,5000,5300,1700,47.22,5033,1433,39.81,5000,5300,1399-12-18
739,بشهاب,لامپ‌  پارس‌ شهاب‌,6,5000,736300000,150260,147260,147260,-3000,-2.0,150210,-50,-0.03,147260,147260,1399-12-18
740,صخود412,ص مرابحه خودرو412- 3ماهه 18%,6,2045,2024701055,1001746,1000000,990000,-11746,-1.17,990074,-11672,-1.17,980001,1005000,1399-12-18
741,تملي702,تسهيلات مسكن ب. ملي-ارديبهشت97,6,161,107834419,637885,669779,669779,31894,5.0,669779,31894,5.0,669779,669779,1399-12-18
742,آبين,كشت و صنعت آبشيرين,6,26172,109948572,4286,4201,4201,-85,-1.98,4285,-1,-0.02,4201,4201,1399-12-18
743,زكشت,كشاورزي مكانيزه اصفهان كشت,6,6409,254873112,40579,39768,39768,-811,-2.0,40575,-4,-0.01,39768,39768,1399-12-18
744,پست0008پ08,پسته فندقي32-30مه ولات0008(پ),6,442,604840000,1384971,1380000,1360000,-24971,-1.8,1368416,-16555,-1.2,1360000,1380000,1399-12-18
745,ثغرب,شركت سرمايه گذاري مسكن شمالغرب,6,10608,83325840,8015,7855,7855,-160,-2.0,8015,0,0.0,7855,7855,1399-12-18
746,قزوين,كارخانجات‌ قند قزوين‌,6,30949,1217533660,40140,39340,39340,-800,-1.99,40120,-20,-0.05,39340,39340,1399-12-18
747,زير0003پ01,زيره سبز0003كيميابذر(پ),6,118,53247912,460000,447502,455000,-5000,-1.09,451253,-8747,-1.9,447100,465000,1399-12-18
748,سهرمز,سيمان‌هرمزگان‌,6,6174,151818660,25090,24590,24590,-500,-1.99,25090,0,0.0,24590,24590,1399-12-18
749,اراد334,مرابحه عام دولت3-ش.خ 0303,5,14794000,12755593361000,905529,852075,852045,-53484,-5.91,862214,-43315,-4.78,852045,905529,1399-12-18
750,ضسپا3005,اختيارخ خساپا-3000-1400/03/26,5,55,5493000,105,81,100,-5,-4.76,100,-5,-4.76,79,120,1399-12-18
751,ضسپا3001,اختيارخ خساپا-1600-1400/03/26,5,36,28232000,740,721,790,50,6.76,784,44,5.95,720,790,1399-12-18
752,نتوس,پشم‌ بافي‌ توس,5,2605,56247160,22032,21592,21592,-440,-2.0,22031,-1,0.0,21592,21592,1399-12-18
753,اراد404,مرابحه عام دولت4-ش.خ 0207,5,16093900,14849848798000,999999,906401,917938,-82061,-8.21,922700,-77299,-7.73,906401,941570,1399-12-18
754,تملي802,تسهيلات مسكن ب. ملي-ارديبهشت98,5,59,52103018,841050,883102,883102,42052,5.0,883102,42052,5.0,883102,883102,1399-12-18
755,سمايه,بانك سرمايه,5,5323,37511181,7190,7047,7047,-143,-1.99,7190,0,0.0,7047,7047,1399-12-18
756,گواهي ظرفيت,گواهي ظرفيت نقدي,5,25000000,265975000000,10639,10639,10639,0,0.0,10639,0,0.0,10639,10639,1399-12-18
757,تملي712,تسهيلات مسكن ب. ملي-اسفند97,5,60,30768921,513616,539290,491151,-22465,-4.37,512815,-801,-0.16,491151,539296,1399-12-18
758,غدشت,دشت‌ مرغاب‌,5,565,161245350,291210,285390,285390,-5820,-2.0,291190,-20,-0.01,285390,285390,1399-12-18
759,حپارسا,توسعه حمل و نقل ريلي پارسيان,5,23154,802170330,35352,34645,34645,-707,-2.0,35340,-12,-0.03,34645,34645,1399-12-18
760,وپسا,س. پتروشيمي ساختمان  خليج فارس,5,19670,58636270,3041,2981,2981,-60,-1.97,3041,0,0.0,2981,2981,1399-12-18
761,وسگيلا,شركت س استان گيلان,5,59026,45450020,780,770,770,-10,-1.28,780,0,0.0,770,770,1399-12-18
762,لازما,كارخانه هاي صنعتي آزمايش,5,7600,260383600,34960,34261,34261,-699,-2.0,34951,-9,-0.03,34261,34261,1399-12-18
763,خفناور,مهندسي صنعتي روان فن آور,5,3944,204172992,52824,51768,51768,-1056,-2.0,52813,-11,-0.02,51768,51768,1399-12-18
764,شزنگ,تجهيزنيروي‌زنگان‌,5,197,45536353,235866,231149,231149,-4717,-2.0,235855,-11,0.0,231149,231149,1399-12-18
765,غگلستا,شير پاستوريزه پگاه گلستان,5,1294,36992872,29171,28588,28588,-583,-2.0,29171,0,0.0,28588,28588,1399-12-18
766,سميعا002,سلف موازي استاندارد سميعا002,5,790000,998939595000,1263914,1264480,1264481,567,0.04,1264480,566,0.04,1264480,1264481,1399-12-18
767,وسفارس,شركت س استان فارس,4,136128,137489280,1030,1010,1010,-20,-1.94,1030,0,0.0,1010,1010,1399-12-18
768,تملي701,تسهيلات مسكن ب. ملي-فروردين97,4,57,31389900,579601,608580,550700,-28901,-4.99,550700,-28901,-4.99,550700,550700,1399-12-18
769,افران2,صندوق س افرا نماد پايدار-ثابت,4,7200000,7200000,12823,1,1,-12822,-99.99,1,-12822,-99.99,1,1,1399-12-18
770,ثعتما,س. ساختماني اعتماد گستر,4,1425,95361000,68285,66920,66920,-1365,-2.0,68278,-7,-0.01,66920,66920,1399-12-18
771,تملي705,تسهيلات مسكن ب. ملي-مرداد97,4,110,70791160,612911,643556,643556,30645,5.0,643556,30645,5.0,643556,643556,1399-12-18
772,گپارس,امور رفاهي كارگزاران پارس,4,982,201373830,209250,205065,205065,-4185,-2.0,209207,-43,-0.02,205065,205065,1399-12-18
773,اراد314,مرابحه عام دولت3-ش.خ 0208,4,25000000,22259342500000,1000000,899692,899500,-100500,-10.05,890374,-109626,-10.96,876450,899692,1399-12-18
774,اراد554,مرابحه عام دولت5-ش.خ 0209,4,26949149,23514521306584,960000,888086,861390,-98610,-10.27,872552,-87448,-9.11,861390,888086,1399-12-18
775,ضخوز2016,اختيارخ فخوز-18000-1400/02/15,4,305,26595000,1,88,99,98,9800.0,87,86,8600.0,85,99,1399-12-18
776,تملي803,تسهيلات مسكن ب. ملي-خرداد98,4,28,20008268,680554,714581,714581,34027,5.0,714581,34027,5.0,714581,714581,1399-12-18
777,وسيستا,شركت س استان سيستان وبلوچستان,4,30000,22800000,770,760,760,-10,-1.3,770,0,0.0,760,760,1399-12-18
778,وسكرد,شركت س استان كردستان,4,23499,17154270,740,730,730,-10,-1.35,740,0,0.0,730,730,1399-12-18
779,ضشنا2000,اختيارخ شپنا-9000-1400/02/27,4,18,69320000,3372,4099,4111,739,21.92,3851,479,14.21,3800,4111,1399-12-18
780,اشاد10,مشاركت دولتي10-شرايط خاص001226,4,2000,1928896800,953138,963799,966956,13818,1.45,964448,11310,1.19,963799,966956,1399-12-18
781,اراد384,مرابحه عام دولت3-ش.خ 0105,4,4020000,3826595550000,1050000,964755,951788,-98212,-9.35,951889,-98111,-9.34,951788,964755,1399-12-18
782,ضمخا2000,اختيارخ اخابر-9000-1400/02/29,4,22,35010000,1990,1590,1610,-380,-19.1,1591,-399,-20.05,1590,1610,1399-12-18
783,اراد644,مرابحه عام دولتي64-ش.خ0111,4,17760500,16596622837000,944500,930948,930850,-13650,-1.45,934468,-10032,-1.06,930850,948000,1399-12-18
784,ضملي3005,اختيارخ فملي-16000-1400/03/02,3,11,4690000,450,410,500,50,11.11,426,-24,-5.33,410,500,1399-12-18
785,ارزش2,صندوق س ارزش آفرين بيدار-سهام,3,1200000,1200000,9370,1,1,-9369,-99.99,1,-9369,-99.99,1,1,1399-12-18
786,كشم0006پ02,كشمش تيزابي0006تاكستان(پ),3,1049,239291863,220038,230999,209037,-11001,-5.0,228114,8076,3.67,209037,230999,1399-12-18
787,مصفها112,مشاركت ش اصفهان112-3ماهه18%,3,4300,4128000000,932800,960000,960000,27200,2.92,960000,27200,2.92,960000,960000,1399-12-18
788,نيرو,نيرو سرمايه,3,2306,128114442,56690,55557,55557,-1133,-2.0,56683,-7,-0.01,55557,55557,1399-12-18
789,ضغدر3003,اختيارخ وغدير-9200-1400/03/26,3,13,39350000,2239,3000,3200,961,42.92,3027,788,35.19,2750,3200,1399-12-18
790,حپترو,حمل و نقل پتروشيمي( سهامي عام,3,23700,1263447000,54390,53310,53310,-1080,-1.99,54360,-30,-0.06,53310,53310,1399-12-18
791,ضخوز2012,اختيارخ فخوز-10000-1400/02/15,3,3,14400000,4040,4800,4800,760,18.81,4800,760,18.81,4800,4800,1399-12-18
792,اخزا8074,اسنادخزانه-م7بودجه98-000719,3,668000,598902414000,889940,903181,889940,0,0.0,896560,6620,0.74,889940,903181,1399-12-18
793,زنجان,صنايع كشاورزي وكود زنجان,3,5850,54276300,9467,9278,9278,-189,-2.0,9466,-1,-0.01,9278,9278,1399-12-18
794,وسصفا,شركت س استان اصفهان,3,35000,36750000,1070,1050,1050,-20,-1.87,1070,0,0.0,1050,1050,1399-12-18
795,فسديد,لوله‌وتجهيزات‌ سديد - ورشكسته,3,6178,719360142,117615,116439,116439,-1176,-1.0,117444,-171,-0.15,116439,116439,1399-12-18
796,ضفلا3006,اختيارخ فولاد-16000-1400/03/19,3,300,89700000,199,299,299,100,50.25,299,100,50.25,299,299,1399-12-18
797,ضفلا3002,اختيارخ فولاد-9000-1400/03/19,3,7,29000000,3693,4000,4500,807,21.85,4143,450,12.19,4000,4500,1399-12-18
798,تابان02,اجاره تابان لوتوس14021206,3,60000,60000060000,1000001,1000001,1000001,0,0.0,1000001,0,0.0,1000001,1000001,1399-12-18
799,شرق1400,مشاركت ليزينگ ايران وشرق140010,3,55,55439940,999942,1007998,1007999,8057,0.81,1007999,8057,0.81,1007998,1007999,1399-12-18
800,اراد544,مرابحه عام دولت5-ش.خ 0109,3,19699600,18655362185500,1015000,953907,938500,-76500,-7.54,946992,-68008,-6.7,938500,954572,1399-12-18
801,افاد24,منفعت دولتي2-شرايط خاص14000626,3,10980000,10949002950000,985000,1012277,996249,11249,1.14,997177,12177,1.24,996249,1012277,1399-12-18
802,ضخوز2013,اختيارخ فخوز-12000-1400/02/15,3,12,35350000,2310,2550,3000,690,29.87,2946,636,27.53,2550,3000,1399-12-18
803,صمسكن912,ص دين مسكن جنوب-ماهانه16درصد,3,1406,68816958,49293,49293,48804,-489,-0.99,48945,-348,-0.71,48804,49293,1399-12-18
804,تشتاد,صنايع توليدي اشتاد ايران‌,3,2012,31069304,15757,15442,15442,-315,-2.0,15757,0,0.0,15442,15442,1399-12-18
805,افاد14,منفعت دولت-با شرايط خاص140006,3,20000000,21135270000000,1000000,1008602,1104925,104925,10.49,1056763,56763,5.68,1008602,1104925,1399-12-18
806,اوان,مبين وان كيش,3,10400,561256800,55068,53967,53967,-1101,-2.0,55055,-13,-0.02,53967,53967,1399-12-18
807,افاد744,منفعت دولت7-ش.خاص ساير0204,2,4000000,3814794000000,1000000,963112,944285,-55715,-5.57,953698,-46302,-4.63,944285,963112,1399-12-18
808,اراد324,مرابحه عام دولت3-ش.خ0211,2,2000000,1781843000000,1000000,892743,889100,-110900,-11.09,890921,-109079,-10.91,889100,892743,1399-12-18
809,صخود0012,ص مرابحه خودرو0012- 3ماهه 18%,2,10,10150000,1020000,1020000,1010000,-10000,-0.98,1015000,-5000,-0.49,1010000,1020000,1399-12-18
810,صايپا203,صكوك مرابحه سايپا203-3ماهه 16%,2,3037,2960231400,974067,952200,975000,933,0.1,974722,655,0.07,952200,975000,1399-12-18
811,وبملت2,بانك ملت,2,54010454,199999996462,3520,3696,3710,190,5.4,3703,183,5.2,3696,3710,1399-12-18
812,وساشرقي,شركت س استان آذربايجان شرقي,2,15340,14726400,970,960,960,-10,-1.03,970,0,0.0,960,960,1399-12-18
813,اخزا8144,اسنادخزانه-م14بودجه98-010318,2,710000,554617565000,780980,781323,780980,0,0.0,781151,171,0.02,780980,781323,1399-12-18
814,ضصاد3002,اختيارخ وبصادر-2500-1400/03/12,2,16,4050000,220,300,250,30,13.64,253,33,15.0,250,300,1399-12-18
815,تملي801,تسهيلات مسكن ب. ملي-فروردين98,2,84,55361964,627687,659071,659071,31384,5.0,659071,31384,5.0,659071,659071,1399-12-18
816,اراد214,مرابحه عام دولت2ش.خ صادرات0212,2,39000000,36515875500000,1000000,948712,923897,-76103,-7.61,936304,-63696,-6.37,923897,948712,1399-12-18
817,اراد424,مرابحه عام دولت4-ش.خ 0106,2,8220400,7868499590200,1056250,963903,950533,-105717,-10.01,957192,-99058,-9.38,950533,963903,1399-12-18
818,اراد434,مرابحه عام دولت4-ش.خ 0205,2,3136000,2972173792000,946000,947819,947700,1700,0.18,947759,1759,0.19,947700,947819,1399-12-18
819,وسكرشا,س.سهام عدالت استان كرمانشاه,2,10000,12400000,1260,1240,1240,-20,-1.59,1260,0,0.0,1240,1240,1399-12-18
820,تملي703,تسهيلات مسكن ب. ملي-خرداد97,2,236,127838132,570196,541687,541687,-28509,-5.0,541687,-28509,-5.0,541687,541687,1399-12-18
821,آگاس2,صندوق س.هستي بخش آگاه-س,2,200000,200000,62664,1,1,-62663,-100.0,1,-62663,-100.0,1,1,1399-12-18
822,اراد354,مرابحه عام دولت3-ش.خ 0103,2,17800000,16945822500000,1000000,952055,951970,-48030,-4.8,952012,-47988,-4.8,951970,952055,1399-12-18
823,تفيرو,مهندسي فيروزا,2,968,19244808,19117,19881,19881,764,4.0,19118,1,0.01,19881,19881,1399-12-18
824,پافروردي,بار پايه فروردين,2,90000,30600000,250000,340,340,-249660,-99.86,340,-249660,-99.86,340,340,1399-12-18
825,جم پيلن2,پلي پروپيلن جم - جم پيلن,2,2500000,174375000000,65810,69750,69750,3940,5.99,69750,3940,5.99,69750,69750,1399-12-18
826,اراد444,مرابحه عام دولت4-ش.خ 0007,2,4000000,3920374000000,1050000,980147,980040,-69960,-6.66,980093,-69907,-6.66,980040,980147,1399-12-18
827,افاد614,منفعت دولت6-ش.خاص140109,2,8931900,8740123594500,970000,978655,978430,8430,0.87,978529,8529,0.88,978430,978655,1399-12-18
828,ضپنا2005,اختيارخ رمپنا-20000-1400/02/12,2,200,220000000,2000,1000,1200,-800,-40.0,1100,-900,-45.0,1000,1200,1399-12-18
829,اخزا8094,اسنادخزانه-م9بودجه98-000923,2,670000,580601565000,864267,868872,864267,0,0.0,866569,2302,0.27,864267,868872,1399-12-18
830,فن آوا,گروه فن آوا,2,50300,896346000,18562,17820,17820,-742,-4.0,18527,-35,-0.19,17820,17820,1399-12-18
831,اخزا713,اسنادخزانه-م13بودجه97-000518,2,230,211911200,920000,921000,921406,1406,0.15,921353,1353,0.15,921000,921406,1399-12-18
832,كباده,توليد خاك نسوزاستقلال آباده,2,2000,18072000,8606,9036,9036,430,5.0,8606,0,0.0,9036,9036,1399-12-18
833,ضجار2004,اختيارخ وتجارت-3500-1400/02/22,2,2,187000,77,99,88,11,14.29,93,16,20.78,88,99,1399-12-18
834,ضبدر3003,اختيارخ شبندر-20000-1400/03/30,2,3,28500000,6092,9500,9500,3408,55.94,9500,3408,55.94,9500,9500,1399-12-18
835,اراد374,مرابحه عام دولت3-ش.خ 0005,2,2000000,1972376000000,1000000,986245,986131,-13869,-1.39,986188,-13812,-1.38,986131,986245,1399-12-18
836,اخزا8124,اسنادخزانه-م12بودجه98-001111,2,1264000,1066291440000,842555,844615,842555,0,0.0,843585,1030,0.12,842555,844615,1399-12-18
837,وحافظ,بيمه حافظ,2,157,10463579,68007,66647,66647,-1360,-2.0,68006,-1,0.0,66647,66647,1399-12-18
838,اراد604,مرابحه عام دولتي6-ش.خ0210,2,6600000,6204570900000,946000,938793,941380,-4620,-0.49,940086,-5914,-0.63,938793,941380,1399-12-18
839,ضترا3001,اختيارخ شتران-7000-1400/03/09,2,2,5888000,2100,2888,3000,900,42.86,2944,844,40.19,2888,3000,1399-12-18
840,اخزا8114,اسنادخزانه-م11بودجه98-001013,2,1736000,1482196800000,853295,854305,853295,0,0.0,853800,505,0.06,853295,854305,1399-12-18
841,زير0003پ04,زيره سبز0003شركت مينوبذر(پ),2,168,79800000,472273,475000,475000,2727,0.58,475000,2727,0.58,475000,475000,1399-12-18
842,اخزا7224,اسنادخزانه-م22بودجه97-000428,2,1838000,1711367314000,929422,932784,929422,0,0.0,931103,1681,0.18,929422,932784,1399-12-18
843,اخزا8054,اسنادخزانه-م5بودجه98-000422,2,336000,314337072000,933022,938032,933022,0,0.0,935527,2505,0.27,933022,938032,1399-12-18
844,اراد494,مرابحه عام دولت4-ش.خ 0206,2,21424000,19744122736000,990000,921628,921550,-68450,-6.91,921589,-68411,-6.91,921550,921628,1399-12-18
845,اخزا7204,اسنادخزانه-م20بودجه97-000324,2,1420000,1346216800000,948523,947557,948523,0,0.0,948040,-483,-0.05,947557,948523,1399-12-18
846,افاد44,منفعت دولتي4-شرايط خاص14010729,2,6000000,5839551000000,1042700,978532,967985,-74715,-7.17,973258,-69442,-6.66,967985,978532,1399-12-18
847,اشاد14,مشاركت دولتي1-شرايط خاص001026,2,1500200,1493473103200,999999,993642,997390,-2609,-0.26,995516,-4483,-0.45,993642,997390,1399-12-18
848,اخزا7214,اسنادخزانه-م21بودجه97-000728,2,3164000,2806246520000,885489,888371,885489,0,0.0,886930,1441,0.16,885489,888371,1399-12-18
849,اخزا8064,اسنادخزانه-م6بودجه98-000519,2,310000,285048720000,920449,918575,920449,0,0.0,919512,-937,-0.1,918575,920449,1399-12-18
850,اخزا723,اسنادخزانه-م23بودجه97-000824,2,66,57750000,874200,875000,875000,800,0.09,875000,800,0.09,875000,875000,1399-12-18
851,ختراكح,ح . ريخته‌گري‌ تراكتورسازي‌,2,1400,17682000,12630,12630,12630,0,0.0,12630,0,0.0,12630,12630,1399-12-18
852,سفاسي,شركت فارسيت اهواز,2,1100,15651900,14519,14229,14229,-290,-2.0,14519,0,0.0,14229,14229,1399-12-18
853,ضفار3001,اختيارخ فارس-9000-1400/03/05,2,14,10496000,856,1348,650,-206,-24.07,750,-106,-12.38,650,1348,1399-12-18
854,اراد524,مرابحه عام دولت5-ش.خ 0108,2,12666000,11907249603000,1000000,940141,940050,-59950,-6.0,940095,-59905,-5.99,940050,940141,1399-12-18
855,اخزا7134,اسنادخزانه-م13بودجه97-000518,2,3270000,3006060315000,920000,918569,920000,0,0.0,919284,-716,-0.08,918569,920000,1399-12-18
856,غزر4,صنعتي زر ماكارون,2,96000000,2544000000000,26550,26500,26500,-50,-0.19,26500,-50,-0.19,26500,26500,1399-12-18
857,اخزا8154,اسنادخزانه-م15بودجه98-010406,2,1012000,782936836000,774546,772760,774546,0,0.0,773653,-893,-0.12,772760,774546,1399-12-18
858,اشاد104,مشاركت دولتي10-شرايط خاص001226,2,72600,70327402200,953138,968844,968550,15412,1.62,968697,15559,1.63,968550,968844,1399-12-18
859,اخزا7234,اسنادخزانه-م23بودجه97-000824,2,416000,364042432000,874200,876004,874200,0,0.0,875102,902,0.1,874200,876004,1399-12-18
860,حرهشا,رهشاد سپاهان (سهامي عام,2,770,49278460,65304,63998,63998,-1306,-2.0,65297,-7,-0.01,63998,63998,1399-12-18
861,اخزا7184,اسنادخزانه-م18بودجه97-000525,2,2498000,2291148114000,916823,917463,916923,100,0.01,917193,370,0.04,916923,917463,1399-12-18
862,مشير112,مشاركت شهرداري شيراز-3ماهه18%,2,20000,20000000000,1000000,1000000,1000000,0,0.0,1000000,0,0.0,1000000,1000000,1399-12-18
863,كگهر2,سنگ آهن گهرزمين,1,1331729,61002510303,45807,45807,45807,0,0.0,45807,0,0.0,45807,45807,1399-12-18
864,اخزا9072,اسنادخزانه-م7بودجه99-020704,1,221919,133151400000,598251,600000,600000,1749,0.29,600000,1749,0.29,600000,600000,1399-12-18
865,ضپنا2000,اختيارخ رمپنا-10000-1400/02/12,1,1,7777000,7500,7777,7777,277,3.69,7777,277,3.69,7777,7777,1399-12-18
866,كرازي4,كارخانجات‌توليدي‌شيشه‌رازي‌,1,1591880,34925847200,22290,21940,21940,-350,-1.57,21940,-350,-1.57,21940,21940,1399-12-18
867,افاد624,منفعت دولت6-ش.خاص ملت0109,1,4999000,4999000000000,1000000,1000000,1000000,0,0.0,1000000,0,0.0,1000000,1000000,1399-12-18
868,وسهمدا,شركت س استان همدان,1,5700,5016000,890,880,880,-10,-1.12,890,0,0.0,880,880,1399-12-18
869,تملي804,تسهيلات مسكن ب. ملي-تير98,1,6,5455998,957192,909333,909333,-47859,-5.0,909333,-47859,-5.0,909333,909333,1399-12-18
870,ضمخا7075,اختيارخ اخابر-9000-1400/07/28,1,15,45000000,3100,3000,3000,-100,-3.23,3000,-100,-3.23,3000,3000,1399-12-18
871,پارس2,پتروشيمي پارس,1,524703,69628088100,128850,132700,132700,3850,2.99,132700,3850,2.99,132700,132700,1399-12-18
872,رطب0002پ01,رطب مضافتي0002افشارتعاون بم(پ),1,28,5163816,175640,184422,184422,8782,5.0,184422,8782,5.0,184422,184422,1399-12-18
873,وتجارت2,بانك تجارت,1,39840637,99999998870,2450,2510,2510,60,2.45,2510,60,2.45,2510,2510,1399-12-18
874,پرند,صندوق س. پروژه آرمان پرند مپنا,1,50000,312850000,6126,6257,6257,131,2.14,6257,131,2.14,6257,6257,1399-12-18
875,ضسان2012,اختيارخ پارسان-30750-00/02/15,1,1,180000,85,180,180,95,111.76,180,95,111.76,180,180,1399-12-18
876,ضترا3002,اختيارخ شتران-8000-1400/03/09,1,6,7500000,1053,1250,1250,197,18.71,1250,197,18.71,1250,1250,1399-12-18
877,ضبدر3001,اختيارخ شبندر-16000-1400/03/30,1,1,12500000,11200,12500,12500,1300,11.61,12500,1300,11.61,12500,12500,1399-12-18
878,اراد654,مرابحه عام دولتي65-ش.خ0210,1,3230277,3018806916195,928630,934535,934535,5905,0.64,934535,5905,0.64,934535,934535,1399-12-18
879,خودرو2,ايران‌ خودرو,1,41152263,99999999090,2400,2430,2430,30,1.25,2430,30,1.25,2430,2430,1399-12-18
880,رطب0002پ02,رطب مضافتي0002اتحاديه كرمان(پ),1,50,8342900,192510,166858,166858,-25652,-13.33,166858,-25652,-13.33,166858,166858,1399-12-18
881,ضمخا7070,اختيارخ اخابر-20000-1400/07/28,1,1,666000,720,666,666,-54,-7.5,666,-54,-7.5,666,666,1399-12-18
882,دروز,داروسازي‌ روزدارو,1,4194,114747840,27910,27360,27360,-550,-1.97,27910,0,0.0,27360,27360,1399-12-18
883,افاد1,منفعت دولت-با شرايط خاص140006,1,1000,1015000000,1000000,1015000,1015000,15000,1.5,1015000,15000,1.5,1015000,1015000,1399-12-18
884,افاد61,منفعت دولت6-ش.خاص140109,1,1000,999980000,970000,999980,999980,29980,3.09,999980,29980,3.09,999980,999980,1399-12-18
885,فخوز2,فولاد  خوزستان,1,12000000,166200000000,13210,13850,13850,640,4.84,13850,640,4.84,13850,13850,1399-12-18
886,اخزا9032,اسنادخزانه-م3بودجه99-011110,1,348000,239226684000,687433,687433,687433,0,0.0,687433,0,0.0,687433,687433,1399-12-18
887,وبصادر2,بانك صادرات ايران,1,44052863,99999999010,2240,2270,2270,30,1.34,2270,30,1.34,2270,2270,1399-12-18
888,شپنا2,پالايش نفت اصفهان,1,8260026,100004134782,11530,12107,12107,577,5.0,12107,577,5.0,12107,12107,1399-12-18
889,تيپيكو2,سرمايه گذاري دارويي تامين,1,1520937,60381198900,39590,39700,39700,110,0.28,39700,110,0.28,39700,39700,1399-12-18
890,ضمخا2001,اختيارخ اخابر-10000-1400/02/29,1,100,91000000,1996,910,910,-1086,-54.41,910,-1086,-54.41,910,910,1399-12-18
891,فملي2,ملي‌ صنايع‌ مس‌ ايران‌,1,5315000,63620550000,11970,11970,11970,0,0.0,11970,0,0.0,11970,11970,1399-12-18
892,ثنام,س ساختماني ب نام آوران مهندسي,1,310,5087720,16746,16412,16412,-334,-1.99,16746,0,0.0,16412,16412,1399-12-18
893,ضخوز2015,اختيارخ فخوز-16000-1400/02/15,1,1,550000,649,550,550,-99,-15.25,550,-99,-15.25,550,550,1399-12-18
894,اخزا819,اسنادخزانه-م19بودجه98-020322,1,2000,1435502000,703677,717751,717751,14074,2.0,717751,14074,2.0,717751,717751,1399-12-18
895,اراد62,مرابحه عام دولت62-ش.خ0309,1,100,103500000,1000000,1035000,1035000,35000,3.5,1035000,35000,3.5,1035000,1035000,1399-12-18
896,اتكاي2,بيمه اتكايي ايرانيان,1,6000000,93378000000,14758,15563,15563,805,5.45,15563,805,5.45,15563,15563,1399-12-18
897,وسمازن,س.سهام عدالت استان مازندران,1,42117,40432320,970,960,960,-10,-1.03,970,0,0.0,960,960,1399-12-18
898,تنوين2,تامين سرمايه نوين,1,10000000,63600000000,6360,6360,6360,0,0.0,6360,0,0.0,6360,6360,1399-12-18
899,واميد2,گروه مديريت سرمايه گذاري اميد,1,62125337,2222844557860,35780,35780,35780,0,0.0,35780,0,0.0,35780,35780,1399-12-18
900,ثشاهد2,سرمايه‌ گذاري‌ شاهد,1,4000000,75840000000,19340,18960,18960,-380,-1.96,18960,-380,-1.96,18960,18960,1399-12-18
901,افاد844,منفعت دولت8-ش.خاص ساير0205,1,4174500,4013531280000,924000,961440,961440,37440,4.05,961440,37440,4.05,961440,961440,1399-12-18
902,آريان2,سرمايه گذاري پارس آريان,1,16000000,178592000000,10837,11162,11162,325,3.0,11162,325,3.0,11162,11162,1399-12-18
903,وسرضوي,س.سهام عدالت استان خراسان رضوي,1,6000,6060000,1030,1010,1010,-20,-1.94,1030,0,0.0,1010,1010,1399-12-18
904,وسبوشهر,شركت س استان بوشهر,1,8000,9920000,1260,1240,1240,-20,-1.59,1260,0,0.0,1240,1240,1399-12-18
905,ضملت3002,اختيارخ وبملت-4000-1400/03/19,1,1,389000,300,389,389,89,29.67,389,89,29.67,389,389,1399-12-18
906,نبورس,نهادهاي مالي بورس اوراق بهادار,1,55552,2303741440,39140,41470,41470,2330,5.95,39220,80,0.2,41470,41470,1399-12-18
907,مبين014,اجاره اعتماد مبين لوتوس011019,1,5000,4900000000,970538,980000,980000,9462,0.97,980000,9462,0.97,980000,980000,1399-12-18
908,اخزا8152,اسنادخزانه-م15بودجه98-010406,1,152516,118276158000,774546,775500,775500,954,0.12,775500,954,0.12,775500,775500,1399-12-18
909,ساذري,آذريت‌,1,802,4822426,5838,6013,6013,175,3.0,5838,0,0.0,6013,6013,1399-12-18
910,خساپا2,سايپا,1,45248868,99999998280,2210,2210,2210,0,0.0,2210,0,0.0,2210,2210,1399-12-18
911,وسيزد,شركت س استان يزد,1,5000,6300000,1280,1260,1260,-20,-1.56,1280,0,0.0,1260,1260,1399-12-18
912,هصيكو402,اختيارف ت تاصيكو13500-00/02/20,1,1,3798,3809,3798,3798,-11,-0.29,3798,-11,-0.29,3798,3798,1399-12-18
913,اخزا8134,اسنادخزانه-م13بودجه98-010219,1,217000,171990511000,792583,792583,792583,0,0.0,792583,0,0.0,792583,792583,1399-12-18
914,ضسان2011,اختيارخ پارسان-26750-00/02/15,1,1,470000,360,470,470,110,30.56,470,110,30.56,470,470,1399-12-18
915,ضمخا2003,اختيارخ اخابر-14000-1400/02/29,1,1,555000,974,555,555,-419,-43.02,555,-419,-43.02,555,555,1399-12-18
916,كرماشا2,صنايع پتروشيمي كرمانشاه,1,1181477,40760956500,33970,34500,34500,530,1.56,34500,530,1.56,34500,34500,1399-12-18
