,نماد,نام,تعداد,حجم,ارزش,دیروز,اولین,آخرین معامله - مقدار,آخرین معامله - تغییر,آخرین معامله - درصد,قیمت پایانی - مقدار,قیمت پایانی - تغییر,قیمت پایانی - درصد,کمترین,بیشترین,تاریخ
0,چخزر,صنايع چوب خزر كاسپين,47162,1862593,80655864679,41241,43303,43303,2062,5.0,43303,2062,5.0,43303,43303,1399-10-22
1,بوعلي,پتروشيمي بوعلي سينا,44783,16144031,819854300820,51210,51190,50080,-1130,-2.21,50780,-430,-0.84,49200,52420,1399-10-22
2,شستا,سرمايه گذاري تامين اجتماعي,43683,256613082,5304362245010,19750,20730,20730,980,4.96,20670,920,4.66,20150,20730,1399-10-22
3,فملي,ملي‌ صنايع‌ مس‌ ايران‌,37518,178996501,2143701119600,12440,12750,11830,-610,-4.9,11980,-460,-3.7,11820,12750,1399-10-22
4,خودرو,ايران‌ خودرو,36806,974171290,2682450872870,2850,2880,2730,-120,-4.21,2750,-100,-3.51,2710,2900,1399-10-22
5,شتران,پالايش نفت تهران,33806,199308400,1795336314770,9310,9580,8860,-450,-4.83,9010,-300,-3.22,8850,9590,1399-10-22
6,شپنا,پالايش نفت اصفهان,33715,257710178,2772012696760,11060,11250,10560,-500,-4.52,10760,-300,-2.71,10510,11390,1399-10-22
7,خساپا,سايپا,32752,1025553322,2293541999140,2260,2300,2200,-60,-2.65,2240,-20,-0.88,2150,2360,1399-10-22
8,پالايش,صندوق پالايشي يکم-سهام,31658,23097304,1585229882200,69590,71120,67090,-2500,-3.59,68630,-960,-1.38,66310,71800,1399-10-22
9,وتجارت,بانك تجارت,29356,947294867,2752421644410,2920,2920,2930,10,0.34,2910,-10,-0.34,2800,2950,1399-10-22
10,سپيدار,سپيدار سيستم آسيا,27861,176324,7669741352,41427,43498,43498,2071,5.0,41718,291,0.7,43498,43498,1399-10-22
11,وسپهر,سرمايه گذاري مالي سپهرصادرات,27642,114880316,1163363605025,10164,10278,10002,-162,-1.59,10127,-37,-0.36,9981,10278,1399-10-22
12,ولپارس,ليزينگ پارسيان,24428,33602167,243155809950,6910,7250,7110,200,2.89,7240,330,4.78,6950,7250,1399-10-22
13,دارا يكم,صندوق واسطه گري مالي يكم-سهام,23197,12526874,1752738545940,143400,145000,137600,-5800,-4.04,139920,-3480,-2.43,137110,145000,1399-10-22
14,ثاميد,توسعه و عمران اميد,22680,180902239,369792550820,2060,2100,2010,-50,-2.43,2040,-20,-0.97,1980,2140,1399-10-22
15,شاروم,پتروشيمي اروميه,20772,4934254,135677182238,26188,27497,27497,1309,5.0,27497,1309,5.0,27497,27497,1399-10-22
16,فولاد,فولاد مباركه اصفهان,19202,81843369,971574771470,11780,12300,11520,-260,-2.21,11870,90,0.76,11400,12300,1399-10-22
17,بپيوند,برق و انرژي پيوندگستر پارس,18588,19477602,382102840785,20385,20300,19366,-1019,-5.0,19618,-767,-3.76,19366,20610,1399-10-22
18,سيتا,سرمايه گذاري سيمان تامين,18374,33015832,496044893710,15190,15100,15010,-180,-1.18,15020,-170,-1.12,15000,15230,1399-10-22
19,زملارد,كشاورزي و دامپروري ملارد شير,18276,4739736,222432923098,48993,47960,46544,-2449,-5.0,46929,-2064,-4.21,46544,48994,1399-10-22
20,بركت,گروه دارويي بركت,17865,62502810,1437440161180,23980,23900,22790,-1190,-4.96,23000,-980,-4.09,22790,24170,1399-10-22
21,پيزد,مجتمع صنايع لاستيك يزد,17591,5118502,443577900075,83151,87308,86990,3839,4.62,86662,3511,4.22,78994,87308,1399-10-22
22,خگستر,گسترش‌سرمايه‌گذاري‌ايران‌خودرو,16704,302128393,982295803390,3370,3430,3210,-160,-4.75,3250,-120,-3.56,3210,3430,1399-10-22
23,ثشاهد,سرمايه‌ گذاري‌ شاهد,16370,61627482,1373058568760,22660,23600,21700,-960,-4.24,22280,-380,-1.68,21650,23600,1399-10-22
24,ذوب,سهامي ذوب آهن  اصفهان,16238,311506996,1477171152954,4524,4750,4746,222,4.91,4742,218,4.82,4621,4750,1399-10-22
25,آبادا,توليد نيروي برق آبادان,15631,7692719,130852625480,17310,17790,16780,-530,-3.06,17010,-300,-1.73,16530,17790,1399-10-22
26,امين,تامين سرمايه امين,15419,21545661,219964169680,10420,10420,9970,-450,-4.32,10210,-210,-2.02,9950,10570,1399-10-22
27,وبصادر,بانك صادرات ايران,14684,341748026,927977850200,2810,2820,2690,-120,-4.27,2720,-90,-3.2,2670,2820,1399-10-22
28,بگيلان,توسعه مسير برق گيلان,14666,5293648,116400599727,21973,21990,21645,-328,-1.49,21989,16,0.07,21510,22500,1399-10-22
29,تملت,تامين سرمايه بانك ملت,14653,102985731,825504792670,7750,8130,7810,60,0.77,8020,270,3.48,7760,8130,1399-10-22
30,فارس,صنايع پتروشيمي خليج فارس,14002,91659548,1006901043040,10990,11030,10940,-50,-0.45,10990,0,0.0,10450,11400,1399-10-22
31,وپويا,سرمايه گذاري پويا,13987,39540964,273972026967,6644,6700,6976,332,5.0,6929,285,4.29,6610,6976,1399-10-22
32,حكشتي,كشتيراني جمهوري اسلامي ايران,13851,74068978,1634641386880,21120,22170,21790,670,3.17,22070,950,4.5,21450,22170,1399-10-22
33,ثبهساز,بهساز كاشانه تهران,13848,55423936,174585398400,3000,3150,3150,150,5.0,3150,150,5.0,3150,3150,1399-10-22
34,آريا,پليمر آريا ساسول,13513,4587320,423097620697,90305,95080,90335,30,0.03,92232,1927,2.13,90326,96000,1399-10-22
35,خودكفا,اقتصادي و خودكفايي آزادگان,13239,45604741,1774354692547,37406,37406,39276,1870,5.0,38907,1501,4.01,37406,39276,1399-10-22
36,وبملت,بانك ملت,12538,222063553,957990239140,4410,4430,4230,-180,-4.08,4310,-100,-2.27,4200,4430,1399-10-22
37,شبندر,پالايش نفت بندرعباس,12441,41287732,917790917000,22830,23000,21720,-1110,-4.86,22230,-600,-2.63,21690,23600,1399-10-22
38,انرژي3,سايراشخاص بورس انرژي,12173,1963632,820577253820,431680,440000,410100,-21580,-5.0,417890,-13790,-3.19,410100,440000,1399-10-22
39,حآسا,آسيا سير ارس,11860,40578458,2083049023332,52803,50163,55000,2197,4.16,51334,-1469,-2.78,50163,55440,1399-10-22
40,شگويا,پتروشيمي تندگويان,11717,47990885,510685381627,10633,11000,10336,-297,-2.79,10641,8,0.08,10253,11000,1399-10-22
41,پترول,گروه پتروشيمي س. ايرانيان,11384,57832442,637475423540,11060,11450,10740,-320,-2.89,11020,-40,-0.36,10710,11450,1399-10-22
42,زنجان,صنايع كشاورزي وكود زنجان,10951,90136156,1076357412002,11790,11437,12143,353,2.99,11941,151,1.28,11437,12143,1399-10-22
43,كماسه,تامين‌ ماسه‌ ريخته‌گري‌,10868,17456832,1033671010520,58930,55990,61870,2940,4.99,59210,280,0.48,55990,61870,1399-10-22
44,غگل,گلوكوزان‌,10858,114951180,535090028140,4820,4850,4580,-240,-4.98,4650,-170,-3.53,4580,4940,1399-10-22
45,رافزا,رايان هم افزا,10845,63183,2624053173,39554,41531,41531,1977,5.0,39652,98,0.25,41531,41531,1399-10-22
46,حتايد,تايدواترخاورميانه,10361,49004600,1536500109090,30790,32320,30100,-690,-2.24,31350,560,1.82,29260,32320,1399-10-22
47,سمگا,گروه سرمايه گذاري ميراث فرهنگي,10220,43676324,1702925209651,38705,39500,37300,-1405,-3.63,38990,285,0.74,36770,40610,1399-10-22
48,وملي,گروه‌ صنعتي‌ ملي‌ (هلدينگ‌,9795,4510644,1156984158080,245970,250000,258260,12290,5.0,256500,10530,4.28,242000,258260,1399-10-22
49,فروي,ذوب روي اصفهان,9677,7754957,550266873491,74138,74900,70432,-3706,-5.0,70957,-3181,-4.29,70432,74900,1399-10-22
50,غنوش,نوش‌ مازندران‌,9499,8906098,739480360620,82950,86890,80800,-2150,-2.59,83030,80,0.1,79010,86890,1399-10-22
51,كاما,باما,9273,28039890,620257112650,23100,22610,21950,-1150,-4.98,22120,-980,-4.24,21950,23060,1399-10-22
52,فرابورس,فرابورس ايران,9130,15408212,775190247122,50991,53293,48599,-2392,-4.69,50310,-681,-1.34,48442,53500,1399-10-22
53,وپارس,بانك‌پارسيان‌,8715,227378801,736996134000,3350,3340,3190,-160,-4.78,3240,-110,-3.28,3190,3390,1399-10-22
54,بترانس,ايران‌ ترانسفو,8694,157622643,659547965070,3530,4270,4060,530,15.01,4180,650,18.41,4060,4440,1399-10-22
55,وخارزم,سرمايه گذاري خوارزمي,8605,52155148,454842053700,8620,9000,8430,-190,-2.2,8720,100,1.16,8410,9000,1399-10-22
56,ديران,ايران‌دارو,8577,16456742,628239033270,36650,37700,38480,1830,4.99,38180,1530,4.17,35980,38480,1399-10-22
57,كوير,توليدي فولاد سپيد فراب كوير,8313,28323044,704601497040,24810,24300,25750,940,3.79,24880,70,0.28,23570,26000,1399-10-22
58,خزاميا,زامياد,8308,53978410,555896054100,10610,10900,10080,-530,-5.0,10300,-310,-2.92,10080,10900,1399-10-22
59,غبهنوش,بهنوش‌ ايران‌,7757,5318468,524956284060,102850,100000,97710,-5140,-5.0,98700,-4150,-4.04,97710,103500,1399-10-22
60,لپارس,پارس‌ الكتريك‌,7609,3464053,437820934850,131380,132000,124900,-6480,-4.93,126390,-4990,-3.8,124820,132000,1399-10-22
61,غبهار,كشت وصنعت بهاران گلبهار خراسان,7352,7078737,369511170034,51325,52864,52864,1539,3.0,52200,875,1.7,50330,52864,1399-10-22
62,كسرا,سراميك‌هاي‌صنعتي‌اردكان‌,7329,49859171,1246124657090,19530,24000,25200,5670,29.03,24990,5460,27.96,24000,25200,1399-10-22
63,بكام,كارخانجات توليدي شهيد قندي,7306,84430782,379707988510,4500,4540,4610,110,2.44,4500,0,0.0,4300,4700,1399-10-22
64,زدشت,كشت و صنعت دشت خرم دره,7206,9554968,386334278535,42201,41700,40091,-2110,-5.0,40433,-1768,-4.19,40091,42120,1399-10-22
65,كترام,توليدي‌ كاشي‌ تكسرام‌,7130,14174799,777873452300,52930,53400,55560,2630,4.97,54880,1950,3.68,53210,55570,1399-10-22
66,صبا,سرمايه گذاري صبا تامين,7128,37398881,286527418803,7342,7560,7709,367,5.0,7661,319,4.34,7412,7709,1399-10-22
67,وايرا,سرمايه گذاري صنايع ايران,7091,35434031,452039255991,12876,12490,13259,383,2.97,12757,-119,-0.92,12490,13262,1399-10-22
68,كلوند,كاشي‌ الوند,7084,18379627,747497566490,39410,39000,41380,1970,5.0,40670,1260,3.2,37850,41380,1399-10-22
69,كالا,بورس كالاي ايران,7045,10137863,510198820360,50160,52660,48570,-1590,-3.17,50330,170,0.34,47770,52660,1399-10-22
70,خصدرا,صنعتي‌ دريايي‌ ايران‌,6992,109665509,438072868299,3888,4004,4004,116,2.98,3995,107,2.75,3888,4004,1399-10-22
71,ماديرا,صنايع ماشين هاي اداري ايران,6942,24680954,332826785162,13500,13670,13121,-379,-2.81,13485,-15,-0.11,13000,13980,1399-10-22
72,دتوزيع,توزيع دارو پخش,6929,11410866,527825224194,45638,43357,47919,2281,5.0,46256,618,1.35,43357,47919,1399-10-22
73,دبالك,مواد اوليه دارويي البرز بالك,6765,22153609,584882496120,25411,25900,26678,1267,4.99,26401,990,3.9,24600,26681,1399-10-22
74,كبافق,معادن‌ بافق‌,6568,6829165,415759588620,59130,62080,59000,-130,-0.22,60880,1750,2.96,58500,62080,1399-10-22
75,وغدير,سرمايه‌گذاري‌غدير(هلدينگ‌,6511,36609597,413701183940,11180,11650,11080,-100,-0.89,11300,120,1.07,11000,11650,1399-10-22
76,البرز,بيمه البرز,6477,169960110,897790234750,5530,5380,5260,-270,-4.88,5280,-250,-4.52,5260,5550,1399-10-22
77,كپارس,كاشي‌ پارس‌,6376,2350443,504601310070,224100,220000,212900,-11200,-5.0,214680,-9420,-4.2,212900,223000,1399-10-22
78,خنصير,مهندسي‌نصيرماشين‌,6319,8207563,804519354150,95600,99000,100380,4780,5.0,98020,2420,2.53,91500,100380,1399-10-22
79,وساپا,سرمايه‌گذاري‌ سايپا,6233,51836897,425079830940,8400,8690,8000,-400,-4.76,8200,-200,-2.38,7980,8690,1399-10-22
80,خكمك,كمك‌فنرايندامين‌,6096,11257220,521932351380,46960,49300,44620,-2340,-4.98,46360,-600,-1.28,44620,49300,1399-10-22
81,ونيكي,سرمايه‌گذاري‌ ملي‌ايران‌,6076,27561519,421173929820,15750,16200,14990,-760,-4.83,15280,-470,-2.98,14970,16390,1399-10-22
82,قثابت,قند ثابت‌ خراسان‌,6007,12642217,893585063490,67370,70720,70730,3360,4.99,70680,3310,4.91,68500,70730,1399-10-22
83,خمحركه,نيرو محركه‌,6005,45415763,267600919030,5940,6160,5750,-190,-3.2,5890,-50,-0.84,5660,6160,1399-10-22
84,تليسه,دامداري تليسه نمونه,5960,46343112,247897084723,5593,5610,5314,-279,-4.99,5349,-244,-4.36,5314,5610,1399-10-22
85,وايران,ليزينگ ايرانيان,5950,34189586,521167940540,14570,15210,15290,720,4.94,15240,670,4.6,14850,15290,1399-10-22
86,خبهمن,گروه‌بهمن‌,5946,21301254,590356648150,29080,27750,27630,-1450,-4.99,27710,-1370,-4.71,27630,28420,1399-10-22
87,خزر,فنرسازي‌زر,5871,17027963,619994572010,37980,36150,36090,-1890,-4.98,36410,-1570,-4.13,36090,38990,1399-10-22
88,ونيرو,سرمايه‌گذاري‌نيرو,5760,89183280,312140386950,3630,3710,3470,-160,-4.41,3500,-130,-3.58,3450,3780,1399-10-22
89,دانا,بيمه دانا,5748,41715820,391878607110,9670,9650,9190,-480,-4.96,9390,-280,-2.9,9190,9870,1399-10-22
90,چكارن,كارتن‌ ايران‌,5686,82874457,377959593420,4370,4500,4580,210,4.81,4560,190,4.35,4430,4580,1399-10-22
91,ونفت,سرمايه‌گذاري‌ صنعت‌ نفت‌,5667,37579480,761789561710,19360,19730,20320,960,4.96,20270,910,4.7,19550,20320,1399-10-22
92,شيران,س. صنايع‌شيميايي‌ايران,5630,23476610,943350412910,38490,39900,40100,1610,4.18,40180,1690,4.39,39000,41420,1399-10-22
93,خريخت,صنايع‌ريخته‌گري‌ايران‌,5576,96049518,432091607020,4430,4650,4570,140,3.16,4500,70,1.58,4250,4650,1399-10-22
94,غشهداب,كشت و صنعت شهداب ناب خراسان,5548,71396302,343552607200,4661,4533,4894,233,5.0,4812,151,3.24,4522,4894,1399-10-22
95,چدن,توليدي چدن سازان,5537,18510655,670490064790,35170,35980,36920,1750,4.98,36220,1050,2.99,33700,36920,1399-10-22
96,حسير,ريل سير كوثر,5513,17301842,334273145429,19436,20407,19300,-136,-0.7,19320,-116,-0.6,18465,20407,1399-10-22
97,دزهراوي,داروسازي‌زهراوي‌,5453,23122113,241159156800,10250,10450,10760,510,4.98,10430,180,1.76,9770,10760,1399-10-22
98,نوري,پتروشيمي نوري,5452,4268653,288513918200,68650,68240,66700,-1950,-2.84,67590,-1060,-1.54,66400,69980,1399-10-22
99,زبينا,كشاورزي و دامپروري بينالود,5401,9106932,475888538463,52815,55000,50175,-2640,-5.0,52256,-559,-1.06,50175,55000,1399-10-22
100,ثاخت,بين‌المللي‌توسعه‌ساختمان,5400,91495600,393783118930,4510,4390,4290,-220,-4.88,4300,-210,-4.66,4290,4510,1399-10-22
101,فاراك,ماشين‌ سازي‌ اراك‌,5266,45522997,311628339980,6810,6870,6700,-110,-1.62,6850,40,0.59,6610,7090,1399-10-22
102,ثنام,س ساختماني ب نام آوران مهندسي,5236,22726070,447320272192,19510,18925,20080,570,2.92,19683,173,0.89,18925,20095,1399-10-22
103,غسالم,سالمين‌,5173,44836250,233468760810,5320,5300,5170,-150,-2.82,5210,-110,-2.07,5080,5450,1399-10-22
104,وشمال,س. چشم انداز توسعه شمال,5158,3638011,323438109137,89382,88000,86701,-2681,-3.0,88905,-477,-0.53,86701,92060,1399-10-22
105,تكشا,گسترش‌صنايع‌وخدمات‌كشاورزي‌,5138,7160217,551632449320,73510,77180,77180,3670,4.99,77040,3530,4.8,73510,77180,1399-10-22
106,كرازي,كارخانجات‌توليدي‌شيشه‌رازي‌,5130,12408116,437233797450,33710,34150,35390,1680,4.98,35240,1530,4.54,34130,35390,1399-10-22
107,بجهرم,توسعه مولد نيروگاهي جهرم,5111,54792402,202725775369,3739,3800,3610,-129,-3.45,3700,-39,-1.04,3571,3860,1399-10-22
108,خپارس,پارس‌ خودرو,5103,55629839,371525160730,6900,6960,6560,-340,-4.93,6680,-220,-3.19,6560,6960,1399-10-22
109,تبرك,گروه كارخانجات صنعتي تبرك,5092,11421136,239410357208,21099,21500,20430,-669,-3.17,20962,-137,-0.65,20150,21990,1399-10-22
110,ثالوند,سرمايه گذاري مسكن الوند,5083,22850015,488309498481,20589,21618,20500,-89,-0.43,21370,781,3.79,20200,21618,1399-10-22
111,وسينا,بانك سينا,5024,53066977,216828451130,4270,4340,4060,-210,-4.92,4090,-180,-4.22,4060,4340,1399-10-22
112,كسرام,پارس‌ سرام‌,4962,29764364,383718128990,12770,13100,12450,-320,-2.51,12890,120,0.94,12450,13500,1399-10-22
113,سفارس,سيمان فارس و خوزستان,4950,21198758,359469664570,16250,16790,16850,600,3.69,16960,710,4.37,16500,17060,1399-10-22
114,سفاسي,شركت فارسيت اهواز,4911,19935852,348033164430,16979,17488,17488,509,3.0,17458,479,2.82,17000,17488,1399-10-22
115,شلعاب,لعابيران‌,4907,18277098,267622290490,14180,14880,14880,700,4.94,14640,460,3.24,14000,14880,1399-10-22
116,تكمبا,كمباين‌ سازي‌ ايران‌,4816,28763941,381414529260,13560,13300,13000,-560,-4.13,13260,-300,-2.21,12890,13950,1399-10-22
117,حفاري,حفاري شمال,4813,32574174,362394810660,11450,11420,10920,-530,-4.63,11130,-320,-2.79,10880,11570,1399-10-22
118,رنيك,جنرال مكانيك,4799,14659684,366689367643,23946,25143,24595,649,2.71,25013,1067,4.46,24534,25143,1399-10-22
119,هاي وب,داده گسترعصرنوين-هاي وب,4775,37124722,1002373594140,26090,26750,27390,1300,4.98,27000,910,3.49,26090,27390,1399-10-22
120,خچرخش,چرخشگر,4731,11678145,263046949390,22420,23320,21900,-520,-2.32,22520,100,0.45,21300,23540,1399-10-22
121,بكهنوج,توليد برق ماهتاب كهنوج,4724,85643222,194818953931,2370,2380,2259,-111,-4.68,2275,-95,-4.01,2252,2410,1399-10-22
122,كحافظ,كاشي‌ وسراميك‌ حافظ‌,4660,15501091,249244627460,16650,16890,15820,-830,-4.98,16080,-570,-3.42,15820,17390,1399-10-22
123,ثاباد,توريستي ورفاهي آبادگران ايران,4646,10137226,538003073070,51440,54010,54010,2570,5.0,53070,1630,3.17,48870,54010,1399-10-22
124,ختوقا,قطعات‌ اتومبيل‌ ايران‌,4641,61856609,197116426880,3310,3310,3150,-160,-4.83,3190,-120,-3.63,3150,3400,1399-10-22
125,افق,فروشگاههاي زنجيره اي افق كوروش,4573,4867072,423939632760,84290,84000,87000,2710,3.22,87100,2810,3.33,83010,88500,1399-10-22
126,كوثر,بيمه كوثر,4550,20216234,486726974104,24809,24620,23569,-1240,-5.0,24076,-733,-2.95,23569,25290,1399-10-22
127,فاذر,صنايع‌ آذرآب‌,4546,17303460,534860804570,29730,30720,30730,1000,3.36,30910,1180,3.97,29730,31210,1399-10-22
128,كدما,معدني‌ دماوند,4543,1594475,523366781140,315070,330820,325710,10640,3.38,328240,13170,4.18,299320,330820,1399-10-22
129,سيمرغ,سيمرغ,4522,10717252,212029020170,19860,20760,19800,-60,-0.3,19780,-80,-0.4,19030,20770,1399-10-22
130,ثنظام,س. ساختماني نظام مهندسي ايران,4494,6748683,361252972385,53125,55781,50600,-2525,-4.75,53529,404,0.76,50469,55781,1399-10-22
131,ملت,بيمه ملت,4475,26939414,532168735560,18820,19760,19760,940,4.99,19750,930,4.94,19200,19760,1399-10-22
132,غگيلا,شيرپاستوريزه پگاه گيلان,4464,64236,1431948912,21231,22292,22292,1061,5.0,21260,29,0.14,22292,22292,1399-10-22
133,ساوه,سيمان ساوه,4437,2494833,139637429600,53651,55790,56204,2553,4.76,55971,2320,4.32,53680,56333,1399-10-22
134,وهور,مديريت انرژي اميد  تابان هور,4412,9271217,403510870424,44334,45000,42220,-2114,-4.77,43523,-811,-1.83,42118,45400,1399-10-22
135,ولساپا,ليزينگ رايان‌ سايپا,4396,61726649,260547610050,4080,4150,4130,50,1.23,4220,140,3.43,4020,4280,1399-10-22
136,دماوند,توليد نيروي برق دماوند,4384,3807499,218048950275,59828,59500,56837,-2991,-5.0,57268,-2560,-4.28,56837,59500,1399-10-22
137,شبريز,پالايش نفت تبريز,4346,13261772,345312425690,26880,27540,26190,-690,-2.57,26040,-840,-3.13,25540,27650,1399-10-22
138,گكوثر,هتل پارسيان كوثر اصفهان,4336,62630865,255755786592,4239,4180,4028,-211,-4.98,4084,-155,-3.66,4028,4238,1399-10-22
139,ثقزوي,شركت عمران و سازندگي قزوين,4272,7140081,285249354915,39051,40218,40222,1171,3.0,39950,899,2.3,38660,40222,1399-10-22
140,آينده,بازرگاني آينده سازان بهشت پارس,4271,13848787,280671682731,20263,19656,20870,607,3.0,20267,4,0.02,19656,20870,1399-10-22
141,كمند,صندوق س. با درآمد ثابت كمند,4261,191293306,1920320525368,10033,10039,10041,8,0.08,10039,6,0.06,10038,10042,1399-10-22
142,كيميا,معدني كيمياي زنجان گستران,4229,7742581,335233047041,45246,43500,42984,-2262,-5.0,43297,-1949,-4.31,42984,44805,1399-10-22
143,سبزوا,سيمان لار سبزوار,4114,47813573,231296144263,4624,4855,4855,231,5.0,4837,213,4.61,4674,4855,1399-10-22
144,ثاصفا,شركت‌ ساختمان‌ اصفهان‌,4091,9891370,289369023624,30596,29067,29067,-1529,-5.0,29255,-1341,-4.38,29067,30520,1399-10-22
145,ونوين,بانك‌اقتصادنوين‌,4057,65703756,310749049030,4820,4860,4610,-210,-4.36,4730,-90,-1.87,4580,4880,1399-10-22
146,ختور,رادياتور ايران‌,4023,7493612,281190681150,38100,38100,36390,-1710,-4.49,37520,-580,-1.52,36200,38500,1399-10-22
147,ولشرق,ليزينگ ايران و شرق,3934,33673742,341107716879,9914,10409,9650,-264,-2.66,10130,216,2.18,9490,10409,1399-10-22
148,فروس,فروسيليس‌ ايران‌,3933,27614119,155404216140,5650,5690,5430,-220,-3.89,5630,-20,-0.35,5400,5890,1399-10-22
149,خكار,ايركا پارت صنعت,3908,9495680,273082983430,28480,29900,27510,-970,-3.41,28760,280,0.98,27060,29900,1399-10-22
150,كهمدا,شيشه‌ همدان‌,3877,24538617,344869441370,13480,13470,14150,670,4.97,14050,570,4.23,13050,14150,1399-10-22
151,بزاگرس,نيروگاه زاگرس كوثر,3843,16816717,160678935565,9657,10000,9310,-347,-3.59,9555,-102,-1.06,9201,10000,1399-10-22
152,غپينو,پارس‌ مينو,3823,33031203,352988497800,10240,10650,10750,510,4.98,10690,450,4.39,10240,10750,1399-10-22
153,غگرجي,بيسكويت‌  گرجي‌,3800,13023281,362902486430,26550,27870,27870,1320,4.97,27870,1320,4.97,27020,27870,1399-10-22
154,سرچشمه,سرمايه گذاري مس سرچشمه,3683,23844657,212800003849,9144,9400,8700,-444,-4.86,8924,-220,-2.41,8687,9490,1399-10-22
155,فزرين,زرين معدن آسيا,3680,15200391,384840305745,24407,23523,25627,1220,5.0,25318,911,3.73,23523,25627,1399-10-22
156,كفپارس,فرآورده‌هاي‌ نسوز پارس‌,3669,25037225,140842976950,5870,5870,5580,-290,-4.94,5630,-240,-4.09,5580,5960,1399-10-22
157,بالاس,مهندسي ساختمان تاسيسات راه آهن,3652,4270153,260272841329,58439,61360,60880,2441,4.18,60952,2513,4.3,58450,61360,1399-10-22
158,تاپكيش,تجارت الكترونيك پارسيان كيش,3646,12039738,272341895289,21919,22577,23014,1095,5.0,22620,701,3.2,21200,23014,1399-10-22
159,ختراك,ريخته‌گري‌ تراكتورسازي‌ ايران‌,3632,15777918,261567434930,17100,16420,16250,-850,-4.97,16580,-520,-3.04,16250,17500,1399-10-22
160,فاسمين,كالسيمين‌,3629,14906439,266570045470,18540,18510,17620,-920,-4.96,17880,-660,-3.56,17620,18520,1399-10-22
161,غگلستا,شير پاستوريزه پگاه گلستان,3608,10889514,339058334636,30060,30080,31563,1503,5.0,31136,1076,3.58,28620,31563,1399-10-22
162,تاپيكو,س. نفت و گاز و پتروشيمي تأمين,3574,15292969,192674597720,12810,13000,12400,-410,-3.2,12600,-210,-1.64,12230,13100,1399-10-22
163,كسعديح,ح . كاشي‌ سعدي‌,3484,10864619,177072934700,17770,17000,16100,-1670,-9.4,16300,-1470,-8.27,15990,17500,1399-10-22
164,كاذرح,ح . فرآورده‌هاي‌نسوزآذر,3448,5450661,160970817160,28960,31480,28870,-90,-0.31,29530,570,1.97,27510,31480,1399-10-22
165,وپاسار,بانك  پاسارگاد,3431,50037433,588773269620,11590,11600,11800,210,1.81,11770,180,1.55,11590,11800,1399-10-22
166,ورنا,سرمايه‌گذاري‌ رنا(هلدينگ‌,3375,28607952,209844873840,7670,7750,7290,-380,-4.95,7340,-330,-4.3,7290,7750,1399-10-22
167,وساخت,سرمايه‌ گذاري‌ ساختمان‌ايران‌,3366,2805769,187710540790,68700,67000,65270,-3430,-4.99,66900,-1800,-2.62,65270,69750,1399-10-22
168,وملل,اعتباري ملل,3359,32296972,557032232836,17272,17620,16646,-626,-3.62,17247,-25,-0.14,16600,17620,1399-10-22
169,خكاوه,سايپا ديزل,3353,66624975,403328246973,5775,6063,6063,288,4.99,6054,279,4.83,5940,6063,1399-10-22
170,فولاي,صنايع فولاد آلياژي يزد,3326,5109994,240908785330,45072,47200,47325,2253,5.0,47145,2073,4.6,45380,47325,1399-10-22
171,وشهر,بانك شهر,3324,43394473,273611498233,6129,6290,6374,245,4.0,6305,176,2.87,5990,6374,1399-10-22
172,زكوثر,سرمايه گذاري كشاورزي كوثر,3318,8452755,229563761570,26000,26680,27300,1300,5.0,27160,1160,4.46,26300,27300,1399-10-22
173,كاوه,فولاد كاوه جنوب كيش,3313,16398098,312090620510,19170,19390,18500,-670,-3.5,19030,-140,-0.73,18310,19780,1399-10-22
174,وصنعت,سرمايه گذاري توسعه صنعت وتجارت,3271,20425822,139612458240,7060,7090,6760,-300,-4.25,6840,-220,-3.12,6720,7250,1399-10-22
175,ثتوسا,س.توسعه و عمران استان اردبيل,3259,4872994,236568140406,47208,48598,48624,1416,3.0,48547,1339,2.84,47501,48624,1399-10-22
176,وكارح,ح . بانك‌ كارآفرين‌,3226,54088755,149927051470,3040,2770,2740,-300,-9.87,2770,-270,-8.88,2740,2900,1399-10-22
177,نوين,بيمه نوين,3221,28674177,206502114009,7509,7695,7134,-375,-4.99,7202,-307,-4.09,7134,7695,1399-10-22
178,زگلدشت,كشت و دام گلدشت نمونه اصفهان,3212,3232766,206640085455,65770,65020,62482,-3288,-5.0,63921,-1849,-2.81,62482,66750,1399-10-22
179,سامان,بانك سامان,3210,39905662,497328107602,12810,12450,12460,-350,-2.73,12463,-347,-2.71,12426,12810,1399-10-22
180,خاذين,سايپاآذين‌,3193,32018568,182621108850,5840,6000,5550,-290,-4.97,5700,-140,-2.4,5550,6000,1399-10-22
181,شكربن,كربن‌ ايران‌,3164,2848296,348688013610,122900,125000,120510,-2390,-1.94,122420,-480,-0.39,119370,126990,1399-10-22
182,زماهان,مجتمع توليد گوشت مرغ ماهان,3099,6007087,192933002538,31502,30100,33077,1575,5.0,32118,616,1.96,29928,33077,1399-10-22
183,غالبر,لبنيات‌ كالبر,3096,9126005,136492165680,14010,15060,14710,700,5.0,14960,950,6.78,14490,15480,1399-10-22
184,ميهن,بيمه ميهن,3091,25740377,153018476015,6082,6250,5778,-304,-5.0,5945,-137,-2.25,5778,6330,1399-10-22
185,شلرد,كود شيميايي اوره لردگان,3077,28155568,263205499569,9618,9650,9330,-288,-2.99,9348,-270,-2.81,9330,9650,1399-10-22
186,سغرب,سيمان‌غرب‌,3053,10313548,296719515830,27510,28880,28860,1350,4.91,28770,1260,4.58,27810,28880,1399-10-22
187,زشريف,كشت وصنعت شريف آباد,3038,7428510,216049154524,29769,28560,29350,-419,-1.41,29084,-685,-2.3,28281,30499,1399-10-22
188,وحافظ,بيمه حافظ,3020,7877513,634716104814,79545,77159,81931,2386,3.0,80573,1028,1.29,77159,81931,1399-10-22
189,ومعلم,بيمه معلم,3012,25056092,150289187138,6245,6220,5933,-312,-5.0,5998,-247,-3.96,5933,6240,1399-10-22
190,وخاور,بانك خاورميانه,3003,38485681,426851229430,10580,10800,11100,520,4.91,11090,510,4.82,10800,11100,1399-10-22
191,كمنگنز,معادن‌منگنزايران‌,2999,1773286,224461416340,131400,128070,124830,-6570,-5.0,126580,-4820,-3.67,124830,131050,1399-10-22
192,ولغدر,ليزينگ‌خودروغدير,2997,7481599,249195888840,31810,33080,33390,1580,4.97,33310,1500,4.72,31930,33400,1399-10-22
193,ثپرديس,سرمايه گذاري مسكن پرديس,2994,14937078,196798270040,13802,13112,13112,-690,-5.0,13175,-627,-4.54,13112,13510,1399-10-22
194,حفارس,حمل و نقل بين المللي خليج فارس,2957,39102316,197590747620,4850,5050,5090,240,4.95,5050,200,4.12,4850,5090,1399-10-22
195,دفارا,داروسازي‌ فارابي‌,2943,3025770,186613135460,63600,63000,60420,-3180,-5.0,61670,-1930,-3.03,60420,63400,1399-10-22
196,كفرآور,فرآورده هاي سيمان شرق,2938,7632907,188750439105,24363,24000,25500,1137,4.67,24729,366,1.5,23145,25581,1399-10-22
197,ركيش,كارت اعتباري ايران كيش,2938,12010199,325685493040,26050,27350,26970,920,3.53,27120,1070,4.11,26250,27350,1399-10-22
198,وسين,بيمه سينا,2931,12116257,271168869625,21808,22898,21555,-253,-1.16,22381,573,2.63,21155,22898,1399-10-22
199,ثعمرا,عمران و توسعه شاهد,2915,12478735,177959279545,14859,14980,14117,-742,-4.99,14261,-598,-4.02,14117,14980,1399-10-22
200,ومعادن,توسعه‌معادن‌وفلزات‌,2902,14710004,172241023690,11890,12150,11490,-400,-3.36,11710,-180,-1.51,11440,12150,1399-10-22
201,دشيمي,شيمي‌ داروئي‌ داروپخش‌,2882,2354332,138110038310,60830,61480,57790,-3040,-5.0,58660,-2170,-3.57,57790,61870,1399-10-22
202,غمينو,شركت صنايع غذايي مينو شرق,2865,11760806,200145772458,16671,17504,17504,833,5.0,17018,347,2.08,15838,17504,1399-10-22
203,والبر,سرمايه‌ گذاري‌ البرز(هلدينگ‌,2849,10351082,185056815870,18050,18330,17880,-170,-0.94,17880,-170,-0.94,17260,18590,1399-10-22
204,ثرود,سرمايه‌گذاري مسكن زاينده رود,2839,14483156,186627883925,12419,12500,13039,620,4.99,12886,467,3.76,12130,13039,1399-10-22
205,خكرمان,گروه اقتصادي كرمان خودرو,2820,36724820,233267192987,6232,6418,6180,-52,-0.83,6352,120,1.93,6120,6418,1399-10-22
206,فخوز,فولاد  خوزستان,2806,10529799,152104507960,14900,15100,14160,-740,-4.97,14450,-450,-3.02,14160,15100,1399-10-22
207,فنورد,نوردوقطعات‌ فولادي‌,2802,835845,255106652400,298540,287000,313460,14920,5.0,305210,6670,2.23,283620,313460,1399-10-22
208,خمحور,توليدمحورخودرو,2801,3092393,222045308890,74930,71350,71190,-3740,-4.99,71800,-3130,-4.18,71190,74930,1399-10-22
209,سصوفي,سيمان‌ صوفيان‌,2798,11781460,192547990410,15740,15180,15820,80,0.51,16340,600,3.81,15180,16520,1399-10-22
210,هرمز,فولاد هرمزگان جنوب,2779,26712034,381445790846,13679,14362,14000,321,2.35,14280,601,4.39,13810,14362,1399-10-22
211,قصفها,قنداصفهان‌,2775,1081071,195172979330,173790,173100,182470,8680,4.99,180540,6750,3.88,172500,182470,1399-10-22
212,دتوزيعح,ح . توزيع دارو پخش,2774,5331182,200538347727,37861,35968,37000,-861,-2.27,37616,-245,-0.65,35968,39150,1399-10-22
213,فپنتا,سپنتا,2764,315532,168968418650,511650,537230,537210,25560,5.0,535500,23850,4.66,512560,537230,1399-10-22
214,ولبهمن,شركت بهمن ليزينگ,2758,20677436,191384417020,9374,9790,8911,-463,-4.94,9256,-118,-1.26,8906,9790,1399-10-22
215,پدرخش,درخشان‌ تهران‌,2748,1299236,205863704810,162230,160510,154150,-8080,-4.98,158450,-3780,-2.33,154120,167000,1399-10-22
216,ودي,بيمه  دي,2735,9519685,263754974574,27231,28000,27790,559,2.05,27706,475,1.74,26800,28498,1399-10-22
217,فنوال,نورد آلومينيوم‌,2718,7316197,200932098590,27640,28770,26850,-790,-2.86,27460,-180,-0.65,26610,28900,1399-10-22
218,شوينده,مديريت صنعت شوينده ت.ص.بهشهر,2711,4864736,196768913820,39840,41830,39560,-280,-0.7,40450,610,1.53,38960,41830,1399-10-22
219,خفنر,فنرسازي‌خاور,2691,8844739,213923146220,24780,24210,23570,-1210,-4.88,24190,-590,-2.38,23550,25450,1399-10-22
220,وتوشه,سرمايه‌ گذاري‌ پارس‌ توشه‌,2690,15667736,434876482230,26480,27800,27800,1320,4.98,27760,1280,4.83,27110,27800,1399-10-22
221,زقيام,كشت و دام قيام اصفهان,2645,5000863,167061626826,33310,33600,33560,250,0.75,33407,97,0.29,32170,34440,1399-10-22
222,ومهان,گروه توسعه مالي مهر آيندگان,2638,8641985,123216812357,14340,14700,13999,-341,-2.38,14258,-82,-0.57,13860,14950,1399-10-22
223,خفولا,خدمات فني فولاد يزد,2629,13853170,867075625519,64062,62141,62141,-1921,-3.0,62590,-1472,-2.3,62141,65983,1399-10-22
224,قرن,پديده شيمي قرن,2610,6250668,445289788130,67870,71260,71260,3390,4.99,71240,3370,4.97,70000,71260,1399-10-22
225,رتكو,كنترل‌خوردگي‌تكين‌كو,2608,6923622,147083967360,21610,22000,20540,-1070,-4.95,21240,-370,-1.71,20530,22500,1399-10-22
226,تپمپي,پمپ‌ سازي‌ ايران‌,2599,6996041,214817905070,29290,30750,30750,1460,4.98,30710,1420,4.85,29880,30750,1399-10-22
227,فاما,صنعتي‌ آما,2583,5099612,117646612920,23570,24050,22440,-1130,-4.79,23070,-500,-2.12,22400,24100,1399-10-22
228,غچين,كشت‌ و صنعت‌ چين‌ چين,2545,3086411,262901180860,81150,85200,85200,4050,4.99,85180,4030,4.97,84200,85200,1399-10-22
229,وهنر,گروه توسعه هنر ايران,2539,24216716,139022736607,5719,5890,5600,-119,-2.08,5741,22,0.38,5548,5890,1399-10-22
230,كمينا,شيشه سازي مينا,2499,6835357,258891189444,37036,35210,38887,1851,5.0,37875,839,2.27,35210,38887,1399-10-22
231,كهمداح,ح . شيشه‌ همدان‌,2499,12482564,126659830370,9850,9600,10360,510,5.18,10150,300,3.05,9220,10580,1399-10-22
232,ثنوسا,نوسازي‌وساختمان‌تهران‌,2484,13667685,241108034720,18500,17600,17580,-920,-4.97,17640,-860,-4.65,17580,18200,1399-10-22
233,قنيشا,قند  نيشابور,2477,4540518,303833680090,63960,67150,67100,3140,4.91,66920,2960,4.63,65050,67150,1399-10-22
234,هجرت,پخش هجرت,2461,5467204,191289493259,34603,33700,36333,1730,5.0,34989,386,1.12,32873,36333,1399-10-22
235,غدام,خوراك‌  دام‌ پارس‌,2445,617358,350597200830,568950,597390,540510,-28440,-5.0,567900,-1050,-0.18,540510,597390,1399-10-22
236,حپارسا,توسعه حمل و نقل ريلي پارسيان,2440,3370329,147160038410,44578,43400,42350,-2228,-5.0,43663,-915,-2.05,42350,45480,1399-10-22
237,دتوليد,داروسازي توليد دارو,2436,6447612,232966919605,34490,36214,36214,1724,5.0,36132,1642,4.76,34999,36214,1399-10-22
238,دسانكو,داروسازي سبحان انكولوژي,2430,8571657,185375715766,20801,20111,21841,1040,5.0,21627,826,3.97,20111,21841,1399-10-22
239,وثخوز,سرمايه گذاري و توسعه خوزستان,2422,2027852,158052521134,78064,81967,76500,-1564,-2.0,77941,-123,-0.16,74170,81967,1399-10-22
240,اخابر,مخابرات ايران,2419,12316168,152338968390,12510,12850,12180,-330,-2.64,12370,-140,-1.12,12000,12850,1399-10-22
241,وتعاون,بيمه  تعاون,2414,26952194,245390737742,8880,9324,8670,-210,-2.36,9105,225,2.53,8600,9324,1399-10-22
242,وبانك,سرمايه گذاري گروه توسعه ملي,2410,14084766,120764681530,8570,8760,8600,30,0.35,8570,0,0.0,8300,8890,1399-10-22
243,رانفور,خدمات‌انفورماتيك‌,2392,4995504,147095515040,29400,29100,28700,-700,-2.38,29450,50,0.17,28280,30390,1399-10-22
244,سشمال,سيمان‌ شمال‌,2379,10286258,119630185680,11950,12400,11380,-570,-4.77,11630,-320,-2.68,11360,12400,1399-10-22
245,دلقما,دارويي‌ لقمان‌,2377,4726377,143092103850,29610,29990,31090,1480,5.0,30280,670,2.26,28500,31090,1399-10-22
246,سرو,صندوق س سروسودمند مدبران-سهام,2359,2149478,152900759050,71370,73000,70100,-1270,-1.78,71130,-240,-0.34,69150,73000,1399-10-22
247,بمپنا,توليد برق عسلويه  مپنا,2358,2351529,241060169019,107276,101913,101913,-5363,-5.0,102512,-4764,-4.44,101913,105182,1399-10-22
248,شبهرن,نفت‌ بهران‌,2344,3615331,223975756290,64590,63000,61390,-3200,-4.95,61950,-2640,-4.09,61370,64200,1399-10-22
249,غشان,شيرپاستوريزه‌پگاه‌خراسان‌,2336,17180681,139312476360,8470,8380,8180,-290,-3.42,8110,-360,-4.25,8050,8470,1399-10-22
250,كچاد,معدني‌وصنعتي‌چادرملو,2328,9353677,187851183360,19970,20000,19800,-170,-0.85,20080,110,0.55,19550,20670,1399-10-22
251,غمارگ,مارگارين‌,2327,4806196,183373135570,36550,38360,37490,940,2.57,38150,1600,4.38,37250,38370,1399-10-22
252,ختراكح,ح . ريخته‌گري‌ تراكتورسازي‌,2324,12748871,147051266160,12380,11210,11300,-1080,-8.72,11530,-850,-6.87,11210,12350,1399-10-22
253,سشرق,سيمان‌ شرق‌,2322,18285574,127337353990,6770,7040,6850,80,1.18,6960,190,2.81,6460,7100,1399-10-22
254,چافست,افست‌,2293,6947406,143560460990,20320,19700,20800,480,2.36,20660,340,1.67,19320,21300,1399-10-22
255,اپرداز,آتيه داده پرداز,2283,5230718,147780988930,27099,27490,28453,1354,5.0,28253,1154,4.26,27000,28453,1399-10-22
256,وتوصا,گروه س توسعه صنعتي ايران,2275,14722014,344957826500,24530,23550,23310,-1220,-4.97,23430,-1100,-4.48,23310,24210,1399-10-22
257,پاسا,ايران‌ياساتايرورابر,2258,10170093,299237364530,28060,29460,29460,1400,4.99,29420,1360,4.85,28570,29460,1399-10-22
258,اميد,تامين سرمايه اميد,2240,8359798,84493017040,10430,10300,10000,-430,-4.12,10110,-320,-3.07,9920,10370,1399-10-22
259,بپاس,بيمه پاسارگاد,2233,3197678,306891419425,95769,95769,96231,462,0.48,95973,204,0.21,94000,96430,1399-10-22
260,ارفع,شركت آهن و فولاد ارفع,2227,13475045,189492449244,13540,13950,13850,310,2.29,14062,522,3.86,13625,14217,1399-10-22
261,بنو,بيمه تجارت نو,2214,4716335,141238545634,29372,29000,29820,448,1.53,29947,575,1.96,28100,30800,1399-10-22
262,كفرا,فراورده‌ هاي‌ نسوزايران‌,2201,2328353,148672488760,64060,62590,62800,-1260,-1.97,63850,-210,-0.33,60860,67240,1399-10-22
263,بورس,بورس اوراق بهادار تهران,2198,3697305,203711393630,56580,59000,53760,-2820,-4.98,55100,-1480,-2.62,53760,59000,1399-10-22
264,وصنا,گروه‌صنايع‌بهشهرايران‌,2188,11584814,92338972500,7620,8000,8000,380,4.99,7970,350,4.59,7620,8000,1399-10-22
265,دكوثر,داروسازي‌ كوثر,2186,4491865,121944093570,27600,28400,26590,-1010,-3.66,27150,-450,-1.63,26220,28460,1399-10-22
266,خديزل,بهمن  ديزل,2160,3831030,187036753369,50693,49000,48160,-2533,-5.0,48822,-1871,-3.69,48159,50900,1399-10-22
267,قشير,قند شيروان قوچان و بجنورد,2160,5146762,187560026576,34761,36429,36499,1738,5.0,36442,1681,4.84,35800,36499,1399-10-22
268,شفارس,صنايع‌ شيميايي‌ فارس‌,2156,4105236,242765983450,61060,61930,58010,-3050,-5.0,59140,-1920,-3.14,58010,62000,1399-10-22
269,وبوعلي,سرمايه‌گذاري‌بوعلي‌,2151,17257971,105015788060,6280,6310,5970,-310,-4.94,6090,-190,-3.03,5970,6350,1399-10-22
270,كروي,توسعه‌ معادن‌ روي‌ ايران‌,2133,3523254,143733916520,42650,43000,40520,-2130,-4.99,40800,-1850,-4.34,40520,43000,1399-10-22
271,چكاپا,گروه صنايع كاغذ پارس,2133,40361830,252812757330,5990,6170,6280,290,4.84,6260,270,4.51,6110,6280,1399-10-22
272,شپترو,پتروشيمي آبادان,2126,18994219,121279350602,6531,6660,6336,-195,-2.99,6385,-146,-2.24,6336,6660,1399-10-22
273,كگل,معدني و صنعتي گل گهر,2121,8633066,154737232090,17970,18380,17500,-470,-2.62,17920,-50,-0.28,17400,18500,1399-10-22
274,حسينا,توسعه خدمات دريايي وبندري سينا,2117,2122752,152062017950,74306,74306,70610,-3696,-4.97,71634,-2672,-3.6,70591,74306,1399-10-22
275,غمهرا,توليدي‌مهرام‌,2111,1791378,151483326300,82450,78330,86570,4120,5.0,84560,2110,2.56,78330,86570,1399-10-22
276,وليز,ليزينگ‌ايران‌,2109,15399549,118909634390,8080,8000,7740,-340,-4.21,7720,-360,-4.46,7680,8000,1399-10-22
277,قلرست,قند لرستان‌,2109,6082662,217480794880,34300,35500,35550,1250,3.64,35750,1450,4.23,32610,36010,1399-10-22
278,فلوله,لوله‌وماشين‌سازي‌ايران‌,2108,7208525,159938414590,23280,22210,22120,-1160,-4.98,22190,-1090,-4.68,22120,23000,1399-10-22
279,آرمان,بيمه آرمان,2079,19313587,172243554833,8895,8550,9339,444,4.99,8918,23,0.26,8451,9339,1399-10-22
280,غاذر,كشت‌وصنعت‌پياذر,2074,3408876,209187725260,58530,61450,61450,2920,4.99,61370,2840,4.85,59500,61450,1399-10-22
281,دامين,داروسازي‌ امين‌,2074,4742672,85021116750,18070,17400,18100,30,0.17,17930,-140,-0.77,17200,18580,1399-10-22
282,ستران,سيمان‌ تهران‌,2071,6594182,203594050790,29470,30940,30940,1470,4.99,30870,1400,4.75,30100,30940,1399-10-22
283,خاهن,آهنگري‌ تراكتورسازي‌ ايران‌,2067,3604862,140866013200,38980,38210,39000,20,0.05,39080,100,0.26,38200,39950,1399-10-22
284,شغدير,پتروشيمي غدير,2049,3142181,201171290385,66310,66350,62995,-3315,-5.0,64023,-2287,-3.45,62995,67300,1399-10-22
285,آگاس,صندوق س.هستي بخش آگاه-س,2043,1547939,108310476209,70916,71698,68485,-2431,-3.43,69971,-945,-1.33,68162,72500,1399-10-22
286,ريشمك,توليد و صادرات ريشمك,2021,2039434,125942632365,62694,63000,61350,-1344,-2.14,61754,-940,-1.5,60010,63483,1399-10-22
287,فسپا,گروه‌صنعتي‌سپاهان‌,2007,4506267,206746728130,47820,48000,46190,-1630,-3.41,45880,-1940,-4.06,45430,48300,1399-10-22
288,خوساز,محورسازان‌ايران‌خودرو,1992,13682756,117029732380,8830,8700,8420,-410,-4.64,8550,-280,-3.17,8390,8840,1399-10-22
289,وبشهر,توسعه‌ صنايع‌ بهشهر(هلدينگ,1987,16880887,272895110210,15430,15600,16100,670,4.34,16170,740,4.8,15500,16200,1399-10-22
290,مفاخر,توسعه فناوري اطلاعات خوارزمي,1983,3348202,169537975627,48826,51267,48826,0,0.0,50636,1810,3.71,48805,51267,1399-10-22
291,فسازان,غلتك سازان سپاهان,1975,4788386,182644323280,36800,38580,37590,790,2.15,38140,1340,3.64,36890,38640,1399-10-22
292,بميلا,توسعه بازرگاني آهن وفولادميلاد,1957,16328452,467172495342,27259,28621,28621,1362,5.0,28611,1352,4.96,28076,28621,1399-10-22
293,ثجوان,تامين مسكن جوانان,1952,13151989,189350715493,15087,14333,14333,-754,-5.0,14397,-690,-4.57,14333,14900,1399-10-22
294,گوهران,سرمايه گذاري توسعه گوهران اميد,1932,14717392,127850144408,8321,8690,8720,399,4.8,8687,366,4.4,8350,8737,1399-10-22
295,تاصيكو,سرمايه گذاري صدرتامين,1925,15743900,152693076930,9620,9860,9560,-60,-0.62,9700,80,0.83,9420,9980,1399-10-22
296,ولراز,ليزينگ رازي,1921,3221740,179437015871,57202,55486,55486,-1716,-3.0,55696,-1506,-2.63,55486,57133,1399-10-22
297,غديس,پاكديس,1902,8505077,107443785326,13222,13299,12561,-661,-5.0,12633,-589,-4.45,12561,13299,1399-10-22
298,سيدكو,سرمايه گذاري توسعه صنايع سيمان,1894,10210519,70509890830,6610,6900,6940,330,4.99,6910,300,4.54,6800,6940,1399-10-22
299,سكرد,سيمان كردستان,1880,11514871,102579748940,8560,8980,8890,330,3.86,8910,350,4.09,8200,8980,1399-10-22
300,شسپا,نفت سپاهان,1873,6542119,176226138030,27370,27010,26550,-820,-3.0,26940,-430,-1.57,26410,27700,1399-10-22
301,شكلر,نيروكلر,1860,2295874,154305540470,66610,67000,66150,-460,-0.69,67210,600,0.9,65540,68900,1399-10-22
302,فبيرا,بسته‌ بندي‌ ايران‌,1846,17372624,66419452494,3904,4021,3810,-94,-2.41,3823,-81,-2.07,3787,4021,1399-10-22
303,ثشرق,سرمايه گذاري مسكن شمال شرق,1835,17075492,117514240340,7220,6860,6860,-360,-4.99,6880,-340,-4.71,6860,7070,1399-10-22
304,قپيرا,فرآورده‌هاي‌غدايي‌وقندپيرانشهر,1826,1069891,134954648410,123930,117740,130120,6190,4.99,126140,2210,1.78,117740,130120,1399-10-22
305,وتوكا,سرمايه‌گذاري‌توكافولاد(هلدينگ,1817,7800901,109564150950,14000,14650,13970,-30,-0.21,14050,50,0.36,13720,14650,1399-10-22
306,سيلام,سيمان‌ ايلام‌,1792,11112561,102385187150,9640,9650,9190,-450,-4.67,9210,-430,-4.46,9160,9650,1399-10-22
307,قچار,فراوردههاي غذايي وقند چهارمحال,1791,1806173,132748811133,71001,71987,72500,1499,2.11,73497,2496,3.52,71980,74551,1399-10-22
308,زكشت,كشاورزي مكانيزه اصفهان كشت,1783,2682987,94552122613,36253,35440,35900,-353,-0.97,35241,-1012,-2.79,34441,37000,1399-10-22
309,شصدف,صنعتي دوده فام,1779,46377,1291784958,26528,27854,27854,1326,5.0,26560,32,0.12,27854,27854,1399-10-22
310,سخاش,سيمان‌خاش‌,1772,765645,109204321640,136000,137500,142800,6800,5.0,142630,6630,4.88,137500,142800,1399-10-22
311,لابسا,آبسال‌,1768,2232702,136322548800,62320,65000,59210,-3110,-4.99,61060,-1260,-2.02,59210,65000,1399-10-22
312,وبهمن,سرمايه‌گذاري‌بهمن‌,1766,6837469,168970523970,24950,26000,23810,-1140,-4.57,24710,-240,-0.96,23760,26180,1399-10-22
313,سمازن,سيمان‌مازندران‌,1758,9796858,105765166210,10560,10730,10620,60,0.57,10800,240,2.27,10400,11050,1399-10-22
314,اعتماد,صندوق س.اعتماد آفرين پارسيان-د,1757,54376950,1864105008470,34265,34289,34285,20,0.06,34281,16,0.05,34278,34290,1399-10-22
315,غبشهر,صنعتي‌ بهشهر,1725,6782374,189908966590,27020,27200,27600,580,2.15,28000,980,3.63,26200,28370,1399-10-22
316,ثمسكن,سرمايه‌گذاري‌ مسكن‌,1725,13312622,80702177190,6170,6270,6030,-140,-2.27,6060,-110,-1.78,5900,6270,1399-10-22
317,تماوند,تامين سرمايه دماوند,1709,12374295,262227698400,20282,21280,20601,319,1.57,21191,909,4.48,20320,21296,1399-10-22
318,اوان,مبين وان كيش,1706,1760949,100632537763,59737,61000,56751,-2986,-5.0,57147,-2590,-4.34,56751,61000,1399-10-22
319,پكرمان,گروه‌ صنعتي‌ بارز,1694,3768428,121417799630,32440,31000,31520,-920,-2.84,32220,-220,-0.68,31000,33450,1399-10-22
320,غپآذر,شير پگاه آذربايجان شرقي,1686,2203644,135547127806,59314,60000,62279,2965,5.0,61510,2196,3.7,58000,62279,1399-10-22
321,وكادو,تكادو,1685,8799778,239586043684,26567,26050,26850,283,1.07,27226,659,2.48,26050,27364,1399-10-22
322,لسرما,سرما آفرين‌,1662,3216833,91491065540,28950,29510,28030,-920,-3.18,28440,-510,-1.76,27520,30200,1399-10-22
323,تايرا,تراكتورسازي‌ايران‌,1657,7714781,278708010790,35510,34100,36050,540,1.52,36130,620,1.75,34100,37200,1399-10-22
324,فولاژ,فولاد آلياژي ايران,1642,7167222,143076514950,20930,20510,19890,-1040,-4.97,19960,-970,-4.63,19890,20510,1399-10-22
325,جهرم,پتروشيمي جهرم,1636,18507421,43544142692,2408,2350,2336,-72,-2.99,2353,-55,-2.28,2336,2450,1399-10-22
326,زمگسا,كشاورزي‌ ودامپروي‌ مگسال‌,1631,3492887,147584134160,44310,42100,42100,-2210,-4.99,42250,-2060,-4.65,42100,42900,1399-10-22
327,غپاك,لبنيات‌ پاك‌,1606,6966008,96390298950,14270,14230,13660,-610,-4.27,13840,-430,-3.01,13560,14330,1399-10-22
328,امين يكم,صندوق درآمد ثابت امين يكم فردا,1597,51744574,529052399974,10220,10222,10226,6,0.06,10224,4,0.04,10220,10228,1399-10-22
329,بهپاك,صنعتي بهپاك,1595,2499523,124323229178,49236,49952,50000,764,1.55,49739,503,1.02,47700,51385,1399-10-22
330,كسعدي,كاشي‌ سعدي‌,1581,3861828,79465406480,21550,20830,20480,-1070,-4.97,20580,-970,-4.5,20480,21300,1399-10-22
331,رمپنا,گروه مپنا (سهامي عام),1574,6429480,110229762520,17560,17610,16820,-740,-4.21,17180,-380,-2.16,16690,17880,1399-10-22
332,وپترو,سرمايه‌گذاري صنايع پتروشيمي‌,1565,4656498,87863497380,18600,18980,19000,400,2.15,18870,270,1.45,18030,19330,1399-10-22
333,وحكمت,بيمه حكمت صبا,1561,16637838,100330326472,5753,6040,6040,287,4.99,6030,277,4.81,5804,6040,1399-10-22
334,شاوان,پالايش نفت لاوان,1557,1193602,115345300782,100403,104250,95383,-5020,-5.0,96636,-3767,-3.75,95383,104250,1399-10-22
335,ثباغ,شهر سازي و خانه سازي باغميشه,1553,3876813,82788884547,22065,21960,21100,-965,-4.37,21355,-710,-3.22,20962,22500,1399-10-22
336,غشهد,شهد ايران ‌,1545,9971316,78893358240,7940,8250,7810,-130,-1.64,7910,-30,-0.38,7640,8250,1399-10-22
337,آريان,سرمايه گذاري پارس آريان,1525,16022884,248872610191,15859,16150,15386,-473,-2.98,15532,-327,-2.06,15384,16150,1399-10-22
338,شپاكسا,پاكسان‌,1522,3068399,104946038990,35300,35200,33600,-1700,-4.82,34200,-1100,-3.12,33540,35800,1399-10-22
339,سپاها,سيمان‌سپاهان‌,1518,11491272,104033982690,8670,9000,9100,430,4.96,9050,380,4.38,8750,9100,1399-10-22
340,دالبر,البرزدارو,1509,3034128,68856528840,21850,22820,22850,1000,4.58,22690,840,3.84,21620,22940,1399-10-22
341,شرانل,نفت ايرانول,1500,3034454,114123058718,38823,38890,37360,-1463,-3.77,37609,-1214,-3.13,36882,38890,1399-10-22
342,رتاپ,تجارت الكترونيك  پارسيان,1497,6353818,48465227370,7660,7900,7400,-260,-3.39,7630,-30,-0.39,7300,7900,1399-10-22
343,اتكاي,بيمه اتكايي ايرانيان,1488,23626091,368151981469,15237,15020,15998,761,4.99,15582,345,2.26,15020,15998,1399-10-22
344,زاگرس,پتروشيمي زاگرس,1480,798979,165289425192,210019,206001,202000,-8019,-3.82,206876,-3143,-1.5,200500,212990,1399-10-22
345,بساما,بيمه سامان,1479,3608123,105209662419,27899,29293,29293,1394,5.0,29159,1260,4.52,28450,29293,1399-10-22
346,غمينوح,ح . شركت صنايع غذايي مينو شرق,1423,7072327,82740444793,11342,11500,11909,567,5.0,11699,357,3.15,10850,11909,1399-10-22
347,ارزش,صندوق س ارزش آفرين بيدار-سهام,1418,9702262,98168460660,10330,10360,10000,-330,-3.19,10120,-210,-2.03,9950,10450,1399-10-22
348,فباهنر,مس‌ شهيدباهنر,1417,1189594,64354898570,53240,54690,54010,770,1.45,54100,860,1.62,53400,55250,1399-10-22
349,فايرا,آلومينيوم‌ايران‌,1406,4493726,103972677600,24040,24300,22840,-1200,-4.99,23140,-900,-3.74,22840,24300,1399-10-22
350,خشرق,الكتريك‌ خودرو شرق‌,1384,8184412,216093799960,25180,26430,26430,1250,4.96,26400,1220,4.85,25750,26430,1399-10-22
351,مدير,ص.س.مديريت ثروت ص.بازنشستگي-س,1351,6903085,66855363560,9778,9987,9550,-228,-2.33,9685,-93,-0.95,9423,9987,1399-10-22
352,شپديس,پتروشيمي پرديس,1345,1679978,161445349090,97120,98000,94020,-3100,-3.19,96100,-1020,-1.05,93900,98690,1399-10-22
353,درهآور,دارويي ره آورد تامين,1342,1678724,75219259880,43098,44660,44770,1672,3.88,44807,1709,3.97,42600,45252,1399-10-22
354,پخش,پخش البرز,1340,3215715,125908260438,37615,37499,39495,1880,5.0,39154,1539,4.09,37104,39495,1399-10-22
355,ولانا,شركت ليزينگ آريا دانا,1332,3791863,115336253842,29577,30464,30464,887,3.0,30417,840,2.84,29590,30464,1399-10-22
356,سلار,شركت سيمان لارستان,1329,1920937,131177331375,65396,68665,68665,3269,5.0,68288,2892,4.42,62127,68665,1399-10-22
357,ساراب,سيمان‌ داراب‌,1321,7582733,100600868430,12900,12900,13540,640,4.96,13270,370,2.87,12590,13540,1399-10-22
358,لوتوس,تامين سرمايه لوتوس پارسيان,1320,11821379,149948081320,12140,12050,12740,600,4.94,12680,540,4.45,12050,12740,1399-10-22
359,اتكام,شركت بيمه اتكايي امين,1320,10150205,67720557048,6593,6700,6760,167,2.53,6672,79,1.2,6410,6898,1399-10-22
360,دعبيد,لابراتوارداروسازي‌  دكترعبيدي‌,1291,1572513,45750311620,28920,28900,29520,600,2.07,29070,150,0.52,28010,29990,1399-10-22
361,سدبير,س. تدبيرگران فارس وخوزستان,1288,1993917,136384893171,65381,66500,68650,3269,5.0,68400,3019,4.62,66382,68650,1399-10-22
362,ولصنم,ليزينگ‌صنعت‌ومعدن‌,1269,11525467,139894427870,11580,12150,12150,570,4.92,12140,560,4.84,11820,12150,1399-10-22
363,كگهر,سنگ آهن گهرزمين,1269,1713094,83153277243,48998,50000,47600,-1398,-2.85,48666,-332,-0.68,47000,50980,1399-10-22
364,فسرب,ملي‌ سرب‌وروي‌ ايران‌,1268,1024650,125033448300,116650,122480,119500,2850,2.44,122030,5380,4.61,117100,122480,1399-10-22
365,پاكشو,گروه صنعتي پاكشو,1256,1034635,87713314760,84510,86490,85090,580,0.69,84750,240,0.28,84500,86490,1399-10-22
366,شگل,گلتاش‌,1253,3762604,103585018730,28520,28560,27100,-1420,-4.98,27530,-990,-3.47,27100,28600,1399-10-22
367,لكما,كارخانجات‌مخابراتي‌ايران‌,1251,14335410,126809667157,8639,8898,8898,259,3.0,8846,207,2.4,8380,8898,1399-10-22
368,دكپسول,توليد ژلاتين كپسول ايران,1243,1056197,48913524391,45687,46490,46988,1301,2.85,46251,564,1.23,44000,47499,1399-10-22
369,كپرور,فرآوري زغال سنگ پروده طبس,1242,2260077,110176257658,47128,48719,49484,2356,5.0,48749,1621,3.44,46000,49484,1399-10-22
370,وگستر,گسترش سرمايه گذاري ايرانيان,1241,5671101,134296597392,22647,22351,23779,1132,5.0,23681,1034,4.57,22351,23779,1399-10-22
371,فمراد,آلومراد,1235,584037,119442218300,195480,195600,205250,9770,5.0,204510,9030,4.62,195600,205250,1399-10-22
372,پارسان,گسترش نفت و گاز پارسيان,1223,5360494,108141154300,20490,20290,19810,-680,-3.32,20200,-290,-1.42,19500,20890,1399-10-22
373,پرديس,سرمايه گذاري پرديس,1218,5942453,40531913490,6910,7090,6740,-170,-2.46,6840,-70,-1.01,6660,7090,1399-10-22
374,ميدكو,هلدينگ صنايع  معدني خاورميانه,1211,13861915,427511358490,30574,30574,30851,277,0.91,30841,267,0.87,30574,31000,1399-10-22
375,بخاور,بيمه زندگي خاورميانه,1207,8159106,63036529705,8026,7728,7740,-286,-3.56,7726,-300,-3.74,7625,8000,1399-10-22
376,وثنو,سرمايه گذاري ساختماني نوين,1207,3881853,84436806999,20727,21763,21763,1036,5.0,21752,1025,4.95,21000,21763,1399-10-22
377,نطرين,عطرين نخ قم,1206,7138675,95158079549,12729,13365,13365,636,5.0,13330,601,4.72,12855,13365,1399-10-22
378,واتي,سرمايه‌ گذاري‌ آتيه‌ دماوند,1194,7139174,90554488640,12670,12800,12800,130,1.03,12680,10,0.08,12330,13140,1399-10-22
379,آپ,آسان پرداخت پرشين,1187,3076283,69851439070,23510,23010,22340,-1170,-4.98,22710,-800,-3.4,22340,23500,1399-10-22
380,زپارس,ملي كشت و صنعت و دامپروري پارس,1186,1503932,200868116840,129260,129260,135720,6460,5.0,133560,4300,3.33,122830,135720,1399-10-22
381,سكرما,سيمان‌ كرمان‌,1178,4863292,99498874330,21440,20390,20370,-1070,-4.99,20460,-980,-4.57,20370,21050,1399-10-22
382,لبوتان,گروه‌صنعتي‌بوتان‌,1164,1201019,106655057250,84700,88890,88930,4230,4.99,88800,4100,4.84,84700,88930,1399-10-22
383,دابور,داروسازي‌ ابوريحان‌,1164,1405590,66487096970,46660,46230,47860,1200,2.57,47300,640,1.37,45750,48380,1399-10-22
384,حريل,ريل پردازسير,1163,11058490,83425248560,7185,7544,7544,359,5.0,7544,359,5.0,7544,7544,1399-10-22
385,وآرين,شركت توسعه اقتصادي آرين,1157,9685554,52216438704,5423,5330,5300,-123,-2.27,5391,-32,-0.59,5280,5579,1399-10-22
386,وكار,بانك‌ كارآفرين‌,1157,42135812,149255933880,3710,3530,3530,-180,-4.85,3540,-170,-4.58,3530,3690,1399-10-22
387,ما,بيمه  ما,1154,10170251,91142971360,8630,8790,9060,430,4.98,8960,330,3.82,8690,9060,1399-10-22
388,حبندر,دريايي و کشتيراني خط دريابندر,1139,2292224,75796724954,34072,33179,33050,-1022,-3.0,33067,-1005,-2.95,33050,34000,1399-10-22
389,غدشت,دشت‌ مرغاب‌,1097,501560,143394106070,272330,285940,285940,13610,5.0,285900,13570,4.98,280000,285940,1399-10-22
390,همراه,شركت ارتباطات سيار ايران,1087,2589797,74333136680,29140,29640,28200,-940,-3.23,28810,-330,-1.13,28100,29640,1399-10-22
391,ولملت,واسپاري ملت,1080,5189817,49198842290,9790,9900,9310,-480,-4.9,9490,-300,-3.06,9310,9970,1399-10-22
392,فجر,فولاد اميركبيركاشان,1078,2302668,143059316460,61180,60700,60800,-380,-0.62,62130,950,1.55,60700,64230,1399-10-22
393,پسهند,صنايع‌ لاستيكي‌  سهند,1063,1503394,63817466640,44160,44300,41960,-2200,-4.98,42450,-1710,-3.87,41960,45700,1399-10-22
394,وسكاب,س.ص.بازنشستگي كاركنان بانكها,1059,8844106,56421609910,6320,6570,6280,-40,-0.63,6380,60,0.95,6260,6570,1399-10-22
395,وگردش,بانك گردشگري,1058,4172807,104710427121,25821,25047,25047,-774,-3.0,25094,-727,-2.82,25047,25600,1399-10-22
396,مبين,مبين انرژي خليج فارس,1056,4321672,66481096740,15670,15630,15030,-640,-4.08,15510,-160,-1.02,14980,15970,1399-10-22
397,بكاب,صنايع‌جوشكاب‌يزد,1051,231818,113038877790,464400,487620,487620,23220,5.0,487620,23220,5.0,486000,487620,1399-10-22
398,ساينا,صنايع بهداشتي ساينا,1041,409269,85914400149,201371,206300,211430,10059,5.0,209922,8551,4.25,200000,211439,1399-10-22
399,كلر,كلر پارس,1041,706163,88213175797,118971,124919,124919,5948,5.0,124919,5948,5.0,124919,124919,1399-10-22
400,كطبس,ذغال‌سنگ‌ نگين‌ ط‌بس‌,1030,1245773,90958898040,75860,72850,72070,-3790,-5.0,73010,-2850,-3.76,72070,77100,1399-10-22
401,ساروم,سيمان‌اروميه‌,1029,3815569,102045633110,26570,27690,26700,130,0.49,26740,170,0.64,26000,27690,1399-10-22
402,سهرمز,سيمان‌هرمزگان‌,1003,2210118,55721571010,24190,25390,25390,1200,4.96,25210,1020,4.22,24210,25390,1399-10-22
403,حپترو,حمل و نقل پتروشيمي( سهامي عام,997,1998375,75042151080,39350,37390,37390,-1960,-4.98,37550,-1800,-4.57,37390,39400,1399-10-22
404,چكاوهح,ح . صنايع‌كاغذسازي‌كاوه‌,992,4471018,53214529470,12270,12490,11740,-530,-4.32,11900,-370,-3.02,11490,12490,1399-10-22
405,واعتبار,سرمايه گذاري اعتبار ايران,989,6106714,46469732100,7620,7320,7640,20,0.26,7610,-10,-0.13,7320,7950,1399-10-22
406,ضخود2007,اختيارخ خودرو-3000-1400/02/08,981,23062,9753673000,503,499,380,-123,-24.45,423,-80,-15.9,370,500,1399-10-22
407,چفيبر,فيبر ايران‌,974,9450254,148652495420,14990,15730,15730,740,4.94,15730,740,4.94,15730,15730,1399-10-22
408,شنفت,نفت‌ پارس‌,970,6376164,424716284040,63440,66610,66610,3170,5.0,66610,3170,5.0,66610,66610,1399-10-22
409,شفن,پتروشيمي فناوران,965,262791,76904457010,298050,299500,289200,-8850,-2.97,293860,-4190,-1.41,287000,299500,1399-10-22
410,تكنو,تكنوتار,963,3174925,71372314000,21410,22480,22480,1070,5.0,22480,1070,5.0,22480,22480,1399-10-22
411,وثوق,سرمايه گذاري وثوق امين,962,3290679,61989229627,18557,18799,19113,556,3.0,18838,281,1.51,18110,19113,1399-10-22
412,كرمان,س. توسعه و عمران استان كرمان,949,2046804,182280177024,84816,89056,89056,4240,5.0,89056,4240,5.0,89056,89056,1399-10-22
413,دكيمي,كيميدارو,936,1217775,36702100710,29340,30500,29630,290,0.99,29910,570,1.94,29350,30500,1399-10-22
414,وپست,پست بانك ايران,935,9918318,228518046720,21950,23040,23040,1090,4.97,23040,1090,4.97,23040,23040,1399-10-22
415,شفا,سرمايه گذاري شفادارو,890,835529,44792749700,54810,56000,53450,-1360,-2.48,53620,-1190,-2.17,52070,56000,1399-10-22
416,شخارك,پتروشيمي‌ خارك‌,883,1205061,55047677230,46070,46550,45010,-1060,-2.3,45850,-220,-0.48,45000,47100,1399-10-22
417,داسوه,داروسازي‌ اسوه‌,881,2064625,79465080910,36670,38500,38500,1830,4.99,38490,1820,4.96,37820,38500,1399-10-22
418,سمتاز,سيمان ممتازان كرمان,874,1255153,40633851555,31581,32520,32528,947,3.0,32374,793,2.51,30660,32528,1399-10-22
419,تنوين,تامين سرمايه نوين,873,6748576,40163612580,5980,6140,5880,-100,-1.67,5960,-20,-0.33,5860,6140,1399-10-22
420,وپسا,س. پتروشيمي ساختمان  خليج فارس,863,10281764,38786683307,3883,3830,3767,-116,-2.99,3772,-111,-2.86,3767,3830,1399-10-22
421,كتوكاح,ح.توليدي وخدمات صنايع نسوزتوكا,848,2095726,54907365774,26272,26272,26660,388,1.48,26200,-72,-0.27,25660,26800,1399-10-22
422,ولتجار,واسپاري تجارت وسرمايه ايرانيان,846,8454990,85987919510,10331,10190,10022,-309,-2.99,10170,-161,-1.56,10022,10520,1399-10-22
423,وتوسم,سرمايه‌گذاري‌توسعه‌ملي‌,845,4022007,46470259740,11790,11620,11400,-390,-3.31,11560,-230,-1.95,11400,11960,1399-10-22
424,لخزر,پارس‌ خزر,844,360154,63149631330,182330,175620,178950,-3380,-1.85,175340,-6990,-3.83,173220,183780,1399-10-22
425,وكبهمن,مديريت سرمايه گذاري كوثربهمن,844,1056150,21798936000,21726,20640,20640,-1086,-5.0,21209,-517,-2.38,20640,20640,1399-10-22
426,قجام,فرآوردههاي غذايي وقندتربت‌جام‌,841,5709326,99859849799,17006,17516,17516,510,3.0,17491,485,2.85,17100,17516,1399-10-22
427,غگلپا,شير پاستوريزه پگاه گلپايگان,840,965491,73807201053,79772,79400,75784,-3988,-5.0,76445,-3327,-4.17,75784,79400,1399-10-22
428,سخوز,سيمان خوزستان,835,4539157,109139712390,22980,23760,24120,1140,4.96,24040,1060,4.61,22830,24120,1399-10-22
429,وصندوق,سرمايه‌گذاري‌صندوق‌بازنشستگي‌,832,3914614,55679010680,14250,14470,13980,-270,-1.89,14240,-10,-0.07,13900,14470,1399-10-22
430,كويرح,ح. توليدي فولاد سپيد فراب كوير,829,6552902,115266193210,18050,19860,19860,1810,10.03,17590,-460,-2.55,17500,19860,1399-10-22
431,كساپا,سايپاشيشه‌,828,1468404,65397768140,46040,44300,43740,-2300,-5.0,44540,-1500,-3.26,43740,46220,1399-10-22
432,دلر,داروسازي‌ اكسير,826,1195781,49931369640,43640,41800,41460,-2180,-5.0,41760,-1880,-4.31,41460,43000,1399-10-22
433,فوكا,فولاد كاويان,826,6753313,92858053750,13350,13750,13750,400,3.0,13750,400,3.0,13750,13750,1399-10-22
434,دسبحان,سبحان دارو,817,2579826,61822242960,23850,22950,24370,520,2.18,23960,110,0.46,22950,25000,1399-10-22
435,معيار,سرمايه گذاري معيار صنعت پارس,814,1218693,47204274330,38208,38972,38972,764,2.0,38734,526,1.38,37444,38972,1399-10-22
436,سبجنو,سيمان‌ بجنورد,799,1615341,69131029990,40770,42800,42800,2030,4.98,42800,2030,4.98,42230,42800,1399-10-22
437,سپ,پرداخت الكترونيك سامان كيش,797,1558555,30731683580,19230,20170,19140,-90,-0.47,19530,300,1.56,18800,20190,1399-10-22
438,قشهد,شهد,792,1001341,37320955050,37070,38860,36550,-520,-1.4,37210,140,0.38,35700,38870,1399-10-22
439,ثغرب,شركت سرمايه گذاري مسكن شمالغرب,781,7742004,72116471771,8917,8910,9362,445,4.99,9315,398,4.46,8910,9362,1399-10-22
440,گشان,توسعه بين المللي پديده شانديز,780,928481,50481511970,55479,54370,54370,-1109,-2.0,54370,-1109,-2.0,54370,54370,1399-10-22
441,شسينا,صنايع‌شيميايي‌سينا,772,248632,45534464480,192770,183140,183140,-9630,-5.0,184270,-8500,-4.41,183140,183140,1399-10-22
442,طلا,صندوق س.پشتوانه طلاي لوتوس,762,258625,20498105801,79926,80500,79002,-924,-1.16,79258,-668,-0.84,78900,80500,1399-10-22
443,شبصير,توليدات پتروشيمي قائد بصير,745,549054,60973907075,113563,116900,112245,-1318,-1.16,111053,-2510,-2.21,108566,116900,1399-10-22
444,كيان,صندوق س. با درآمد ثابت كيان,740,18401785,491170371685,26680,26691,26692,12,0.04,26691,11,0.04,26689,26697,1399-10-22
445,شاراك,پتروشيمي شازند,734,2073506,46825805300,22930,22950,22150,-780,-3.4,22710,-220,-0.96,22040,23290,1399-10-22
446,ثاژن,سخت آژند,733,5623285,56037517120,9906,9708,10104,198,2.0,9965,59,0.6,9708,10104,1399-10-22
447,سرود,سيمان‌شاهرود,732,2024707,36873924550,17750,17900,18080,330,1.86,18090,340,1.92,17800,18480,1399-10-22
448,جم پيلن,پلي پروپيلن جم - جم پيلن,725,893224,73339921280,80810,83000,80900,90,0.11,82110,1300,1.61,80340,83800,1399-10-22
449,حخزر,كشتيراني درياي خزر,714,1965187,55427244018,29399,28250,27930,-1469,-5.0,28205,-1194,-4.06,27930,29400,1399-10-22
450,بفجر,فجر انرژي خليج فارس,714,1924805,55199339060,28530,28240,28220,-310,-1.09,28640,110,0.39,27800,29700,1399-10-22
451,دلرح,ح . داروسازي‌ اكسير,712,1196079,43441558770,38680,38900,35430,-3250,-8.4,36320,-2360,-6.1,35280,38900,1399-10-22
452,پارسيان,بيمه پارسيان,712,3580340,45033139260,12820,12920,12310,-510,-3.98,12600,-220,-1.72,12210,13120,1399-10-22
453,شصفها,پتروشيمي‌ اصفهان‌,708,557486,79534005273,142487,143721,139700,-2787,-1.96,142665,178,0.12,139638,145336,1399-10-22
454,تاصيكوح,ح . سرمايه گذاري صدرتامين,704,38168112,308110928790,8020,8820,8120,100,1.25,8070,50,0.62,8020,8820,1399-10-22
455,توريل,توکاريل,700,2666104,96006405040,34296,36010,36010,1714,5.0,36010,1714,5.0,36010,36010,1399-10-22
456,مداران,داده‌پردازي‌ايران‌,697,1671261,44869839150,27340,26700,26650,-690,-2.52,26910,-430,-1.57,26160,28000,1399-10-22
457,قمرو,قند مرودشت‌,687,1083862,32256652260,29290,29290,29880,590,2.01,29590,300,1.02,29170,30100,1399-10-22
458,دتماد,توليدمواداوليه‌داروپخش‌,678,673710,37834480160,57490,58600,55610,-1880,-3.27,56470,-1020,-1.77,55050,58800,1399-10-22
459,افرا,افرانت,672,940869,48404232032,53611,52900,50931,-2680,-5.0,51446,-2165,-4.04,50931,54000,1399-10-22
460,سهگمت,سيمان‌هگمتان‌,659,1339869,33289773870,24720,25840,24780,60,0.24,24810,90,0.36,23910,25840,1399-10-22
461,تيپيكو,سرمايه گذاري دارويي تامين,650,623307,32029180280,52560,53700,51200,-1360,-2.59,52140,-420,-0.8,50520,53700,1399-10-22
462,قزوين,كارخانجات‌ قند قزوين‌,640,1071844,43747111960,39030,39450,40980,1950,5.0,40550,1520,3.89,39030,40980,1399-10-22
463,غفارس,شير پاستوريزه پگاه فارس,634,4277416,58121528608,12941,13588,13588,647,5.0,13588,647,5.0,13588,13588,1399-10-22
464,دجابر,داروسازي‌ جابرابن‌حيان‌,628,1351105,29977357550,22070,23000,22300,230,1.04,22140,70,0.32,21100,23000,1399-10-22
465,كساوه,صنايع‌ كاشي‌ و سراميك‌ سينا,626,888831,82516553830,96910,97890,92070,-4840,-4.99,92840,-4070,-4.2,92070,97890,1399-10-22
466,تشتاد,صنايع توليدي اشتاد ايران‌,606,2863055,48539407706,16471,16965,16965,494,3.0,16954,483,2.93,15977,16965,1399-10-22
467,شپاس,نفت پاسارگاد,604,1548887,34846463958,22908,23980,22120,-788,-3.44,22620,-288,-1.26,21870,23980,1399-10-22
468,كنور,توسعه معدني و صنعتي صبانور,603,1696361,75021398630,44940,45850,43570,-1370,-3.05,44220,-720,-1.6,43000,45850,1399-10-22
469,كرماشا,صنايع پتروشيمي كرمانشاه,599,1328866,52972300530,40090,39800,39250,-840,-2.1,39880,-210,-0.52,39020,40700,1399-10-22
470,سدور,سيمان‌ دورود,596,5279396,79824467520,14400,15120,15120,720,5.0,15120,720,5.0,15120,15120,1399-10-22
471,دقاضي,داروسازي شهيد قاضي,593,582968,30882728296,52940,54000,53500,560,1.06,52975,35,0.07,51420,54050,1399-10-22
472,قاسم,قاسم ايران,589,5446336,95436145728,16689,17523,17523,834,5.0,17523,834,5.0,17523,17523,1399-10-22
473,خرينگ,رينگ‌سازي‌مشهد,588,811291,57909951580,67990,71380,71380,3390,4.99,71380,3390,4.99,71380,71380,1399-10-22
474,كي بي سي,شركت كي بي سي,584,2940063,110861839038,35929,37725,37725,1796,5.0,37707,1778,4.95,37272,37725,1399-10-22
475,واميد,گروه مديريت سرمايه گذاري اميد,582,3608126,146516973900,40550,39330,40550,0,0.0,40610,60,0.15,39330,41200,1399-10-22
476,غصينو,صنعتي مينو,580,1344589,121299407457,85918,90213,90213,4295,5.0,90213,4295,5.0,90213,90213,1399-10-22
477,تسه9909,امتياز تسهيلات مسكن آذر99,577,17685,10438275092,604697,597100,574463,-30234,-5.0,590233,-14464,-2.39,574463,634931,1399-10-22
478,ثامان,سامان‌ گستراصفهان‌,574,1951460,47791255400,23330,24490,24490,1160,4.97,24310,980,4.2,24490,24490,1399-10-22
479,آوا,صندوق س.سهام آواي معيار-س,573,2370316,17674814704,7646,7860,7349,-297,-3.88,7457,-189,-2.47,7201,7860,1399-10-22
480,شتوكا,توكا رنگ فولاد سپاهان,570,1587096,120005089848,72013,75613,75613,3600,5.0,75613,3600,5.0,75613,75613,1399-10-22
481,ثنور,سرمايه گذاري كوه نور,570,4338047,65478481418,14655,15094,15094,439,3.0,15094,439,3.0,15094,15094,1399-10-22
482,تسه9908,امتياز تسهيلات مسكن آبان99,560,21054,12233947491,598222,581110,568311,-29911,-5.0,581075,-17147,-2.87,568311,615000,1399-10-22
483,اعتلا,شركت سرمايه گذاري اعتلاء البرز,559,4537276,45480607915,9564,9590,10042,478,5.0,9976,412,4.31,9590,10042,1399-10-22
484,هجرتح,ح . پخش هجرت,550,655644,19689161381,29268,28880,30731,1463,5.0,30030,762,2.6,28101,30731,1399-10-22
485,پارس,پتروشيمي پارس,533,428644,66330398350,154190,155680,151180,-3010,-1.95,154560,370,0.24,151170,157280,1399-10-22
486,شيراز,پتروشيمي‌شيراز,529,1403702,75099775520,54770,53990,52040,-2730,-4.98,53800,-970,-1.77,52040,55690,1399-10-22
487,زعف0008پ10,زعفران0008نگين طلاي سرخ(پ),520,57990,7263855040,121594,124000,125500,3906,3.21,125260,3666,3.01,123750,125990,1399-10-22
488,افقح,ح .فروشگاه زنجيره اي افق كوروش,518,11145488,904373237400,81020,81000,81000,-20,-0.02,81140,120,0.15,81000,83000,1399-10-22
489,پكوير,كوير تاير,516,3729854,72359167600,20420,19400,19400,-1020,-5.0,19400,-1020,-5.0,19400,19400,1399-10-22
490,پارند,صندوق س. پارند پايدار سپهر,510,23774388,267123975450,11235,11235,11236,1,0.01,11236,1,0.01,11235,11244,1399-10-22
491,ياقوت,صندوق س ياقوت آگاه-ثابت,507,9738396,114450237593,11745,11755,11761,16,0.14,11752,7,0.06,11745,11765,1399-10-22
492,كاردان,صندوق س تجارت شاخصي كاردان,500,288950,45469216900,160640,162450,154940,-5700,-3.55,157360,-3280,-2.04,153900,162470,1399-10-22
493,شراز,پالايش نفت شيراز,498,424533,44385553628,109784,105500,104295,-5489,-5.0,105122,-4662,-4.25,104295,109906,1399-10-22
494,اطلس,صندوق س.توسعه اندوخته آينده-س,497,205146,43194894763,212187,213800,208200,-3987,-1.88,210557,-1630,-0.77,208000,213800,1399-10-22
495,ساربيل,سيمان آرتا اردبيل,496,1207770,61849901700,48780,51210,51210,2430,4.98,51210,2430,4.98,51210,51210,1399-10-22
496,دسبحا,گروه دارويي سبحان,494,1175595,24040032110,20590,20130,20400,-190,-0.92,20520,-70,-0.34,20000,21200,1399-10-22
497,دارو,كارخانجات‌داروپخش‌,493,524458,15135336220,29280,30000,28150,-1130,-3.86,29150,-130,-0.44,28110,30000,1399-10-22
498,كاذر,فرآورده‌هاي‌نسوزآذر,491,2070574,78723223480,36210,38020,38020,1810,5.0,38020,1810,5.0,38020,38020,1399-10-22
499,بايكا,كارخانجات كابلسازي ‌ايران‌,487,834896,47689259520,55457,57120,57120,1663,3.0,57120,1663,3.0,57120,57120,1399-10-22
500,نمرينو,ايران‌ مرينوس‌,484,528513,28647943270,51990,51990,54580,2590,4.98,53250,1260,2.42,50000,54580,1399-10-22
501,شجم,صنايع پتروشيمي تخت جمشيد,484,4499131,59981795887,12944,13332,13332,388,3.0,13332,388,3.0,13301,13332,1399-10-22
502,خفناور,مهندسي صنعتي روان فن آور,474,3109731,109194237054,34092,35114,35114,1022,3.0,35114,1022,3.0,35000,35114,1399-10-22
503,غشاذر,پگاه‌آذربايجان‌غربي‌,468,3117791,89262356330,27270,28630,28630,1360,4.99,28630,1360,4.99,28630,28630,1399-10-22
504,فرآور,فرآوري‌موادمعدني‌ايران‌,458,1343597,48006720810,34030,35730,35730,1700,5.0,35510,1480,4.35,35730,35730,1399-10-22
505,ددام,داروسازي زاگرس فارمد پارس,456,2673979,45912219430,16360,17170,17170,810,4.95,17010,650,3.97,17170,17170,1399-10-22
506,درازك,دارويي‌ رازك‌,453,854824,40520092530,47460,48020,47500,40,0.08,47410,-50,-0.11,47010,48060,1399-10-22
507,كخاك,صنايع‌خاك‌چيني‌ايران‌,434,267799,14329953850,53980,56000,52990,-990,-1.83,53840,-140,-0.26,52060,56000,1399-10-22
508,داروح,ح . كارخانجات‌داروپخش,428,507114,12958890230,25800,26510,25010,-790,-3.06,25550,-250,-0.97,24530,26800,1399-10-22
509,سفار,سيمان‌فارس‌,425,364227,64570162560,168840,177280,177280,8440,5.0,177280,8440,5.0,177280,177280,1399-10-22
510,تپولا,مهندسي مرآت پولاد,419,1279579,48309660015,36801,36801,37905,1104,3.0,37754,953,2.59,36020,37905,1399-10-22
511,سبهان,سيمان‌ بهبهان‌,412,210098,21997260600,99720,104700,104700,4980,4.99,101620,1900,1.91,104700,104700,1399-10-22
512,سدشت,صنايع سيمان دشتستان,404,534559,20813048500,38450,39350,39990,1540,4.01,38650,200,0.52,37110,39990,1399-10-22
513,سنير,سيمان‌ سفيد ني‌ريز,400,266260,41661702200,149020,156470,156470,7450,5.0,154450,5430,3.64,156470,156470,1399-10-22
514,كاسپين,داروسازي كاسپين تامين,397,539175,15546673589,29538,28480,28495,-1043,-3.53,29307,-231,-0.78,28450,29490,1399-10-22
515,ورازي,بيمه رازي,386,2853428,29943325536,10978,10907,10430,-548,-4.99,10494,-484,-4.41,10430,10907,1399-10-22
516,شساخت,مهندسي و ساختمان صنايع نفت,384,803966,34674316250,42734,44000,42280,-454,-1.06,43049,315,0.74,41472,44016,1399-10-22
517,شپلي,پلي اكريل ايران,378,2873200,36314374800,12271,12639,12639,368,3.0,12639,368,3.0,12639,12639,1399-10-22
518,لپيام,گسترش صنايع پيام,377,545286,24209062542,43104,44397,44397,1293,3.0,44397,1293,3.0,44397,44397,1399-10-22
519,دپارس,پارس‌ دارو,371,182477,17752401920,99050,101000,97430,-1620,-1.64,98390,-660,-0.67,94210,101000,1399-10-22
520,سخزر,سيمان‌ خزر,353,1871857,73844758650,41520,39450,39450,-2070,-4.99,39450,-2070,-4.99,39450,39450,1399-10-22
521,تسه9907,امتياز تسهيلات مسكن مهر99,347,16635,9666400843,602943,579096,572796,-30147,-5.0,581088,-21855,-3.62,572796,609999,1399-10-22
522,سكه0012پ01,سكه تمام بهارتحويلي 1روزه رفاه,346,128400,141993831300,1112328,1113500,1100010,-12318,-1.11,1105871,-6457,-0.58,1100000,1114497,1399-10-22
523,خراسان,پتروشيمي خراسان,330,256743,17201293790,66870,67520,66310,-560,-0.84,66910,40,0.06,65550,69000,1399-10-22
524,ضخود2006,اختيارخ خودرو-2500-1400/02/08,327,15377,8866375000,692,655,525,-167,-24.13,577,-115,-16.62,520,670,1399-10-22
525,آ س پ,آ.س.پ,325,1903401,28688059872,14355,15072,15072,717,4.99,14727,372,2.59,15072,15072,1399-10-22
526,خاتم,صندوق س خاتم ايساتيس پويا-ثابت,308,5037080,52279361283,10367,11000,10372,5,0.05,10379,12,0.12,10370,11000,1399-10-22
527,فنفت,صنايع تجهيزات نفت,306,835412,20792064906,24190,24915,24915,725,3.0,24859,669,2.77,24191,24915,1399-10-22
528,پلاسك,پلاسكوكار,303,3858219,34916881950,8620,9050,9050,430,4.99,8890,270,3.13,9050,9050,1399-10-22
529,عيار,صندوق س. پشتوانه طلاي مفيد,301,236116,6605207669,28204,28480,27840,-364,-1.29,27974,-230,-0.82,27801,28480,1399-10-22
530,فيروزه,صندوق شاخص30 شركت فيروزه- سهام,294,56675,8937486840,161460,165260,154990,-6470,-4.01,157700,-3760,-2.33,154630,165260,1399-10-22
531,شفارا,پتروشيمي فارابي,293,5868948,31481037072,5109,5364,5364,255,4.99,5364,255,4.99,5364,5364,1399-10-22
532,شدوص,دوده‌ صنعتي‌ پارس‌,290,987412,33848483360,32650,34280,34280,1630,4.99,33620,970,2.97,34280,34280,1399-10-22
533,گدنا,تهيه توزيع غذاي دنا آفرين فدك,289,370721,13670336875,38815,36875,36875,-1940,-5.0,38199,-616,-1.59,36875,36875,1399-10-22
534,آساس,صندوق س.آسمان آرماني سهام-س,284,223324,37610611918,171680,174500,169000,-2680,-1.56,168413,-3267,-1.9,167000,174500,1399-10-22
535,شاملا,معدني‌ املاح‌  ايران‌,282,218430,13363464390,63470,62500,60330,-3140,-4.95,62820,-650,-1.02,60320,63780,1399-10-22
536,غشصفا,شيرپاستوريزه‌پگاه‌اصفهان‌,279,1451937,47565456120,31200,32760,32760,1560,5.0,32550,1350,4.33,32760,32760,1399-10-22
537,كاريس,صندوق س.سپهر كاريزما-س,279,1606010,18738518658,11827,12000,11599,-228,-1.93,11668,-159,-1.34,11530,12000,1399-10-22
538,زر,صندوق س.پشتوانه سكه طلاي زر,275,178119,8270083366,46799,46939,46239,-560,-1.2,46430,-369,-0.79,46121,46940,1399-10-22
539,فالوم,آلومتك‌,269,2508626,106152509190,41083,42315,42315,1232,3.0,42315,1232,3.0,42315,42315,1399-10-22
540,آتيمس,صندوق س.آرمان آتيه درخشان مس-س,267,80156,16344075391,207058,207000,202000,-5058,-2.44,203903,-3155,-1.52,201050,207000,1399-10-22
541,وپخش,داروپخش‌ (هلدينگ‌,258,68846,8030441200,119320,121000,115000,-4320,-3.62,118870,-450,-0.38,114000,121220,1399-10-22
542,فسا,پتروشيمي فسا,253,3648717,7869391575,2222,2160,2156,-66,-2.97,2195,-27,-1.22,2156,2200,1399-10-22
543,آكورد,صندوق س. آرمان آتي كوثر-د,252,5637567,170336420833,30197,30220,30215,18,0.06,30215,18,0.06,30214,30220,1399-10-22
544,كشرق,صنعتي و معدني شمال شرق شاهرود,252,311835,35510210625,108453,113875,113875,5422,5.0,111787,3334,3.07,113875,113875,1399-10-22
545,بسويچ,پارس‌سويچ‌,240,285842,16796075920,55970,58760,58760,2790,4.98,56810,840,1.5,58760,58760,1399-10-22
546,كمرجان,بازرگاني و توليدي مرجان كار,238,347683,38389766128,105159,110416,110416,5257,5.0,108910,3751,3.57,110416,110416,1399-10-22
547,مارون,پتروشيمي مارون,238,87010,12885130452,150378,151700,146597,-3781,-2.51,150081,-297,-0.2,146597,151700,1399-10-22
548,ضسپا1102,اختيارخ خساپا-2000-1399/11/26,231,8235,2869538000,401,418,318,-83,-20.7,348,-53,-13.22,293,419,1399-10-22
549,دارا,صندوق س. دارا الگوريتم-د,228,7663340,77214876868,10080,10087,10074,-6,-0.06,10076,-4,-0.04,10065,10089,1399-10-22
550,ضپاس1002,اختيارخ وپارس-3000-1399/10/30,221,7787,1469010000,316,300,155,-161,-50.95,189,-127,-40.19,125,315,1399-10-22
551,سخواف,سيمان مجد خواف,220,1070777,23148057186,20989,21618,21618,629,3.0,21618,629,3.0,21618,21618,1399-10-22
552,خمهر,مهركام‌پارس‌,216,4931962,14352009420,2780,2910,2910,130,4.68,2870,90,3.24,2910,2910,1399-10-22
553,شكبير,پتروشيمي اميركبير,211,258312,21876729591,84372,85440,83100,-1272,-1.51,84442,70,0.08,82300,85440,1399-10-22
554,سباقر,سيمان باقران,208,1252233,22511392641,17454,17977,17977,523,3.0,17977,523,3.0,17977,17977,1399-10-22
555,قشرين,قند شيرين خراسان,206,2078457,39110325369,18269,18817,18817,548,3.0,18817,548,3.0,18817,18817,1399-10-22
556,فجام,جام‌دارو,201,1063645,11593730500,10390,10900,10900,510,4.91,10500,110,1.06,10900,10900,1399-10-22
557,آساميد,صندوق س.مشترك آسمان اميد -د,200,8142619,92675117947,11362,11380,11379,17,0.15,11381,19,0.17,11379,11387,1399-10-22
558,زنگان,صنعت روي زنگان,197,320481,37576397250,111667,117250,117250,5583,5.0,115454,3787,3.39,117250,117250,1399-10-22
559,وسنا,سرمايه گذاري نيروگاهي ايران,196,1126247,26657140243,22542,23669,23669,1127,5.0,23459,917,4.07,23669,23669,1399-10-22
560,پلوله,گازلوله‌,196,951229,18331950357,19454,19260,19260,-194,-1.0,19272,-182,-0.94,19260,19639,1399-10-22
561,دحاوي,الحاوي,196,2689037,34150769900,11045,12700,12700,1655,14.98,12700,1655,14.98,12700,12700,1399-10-22
562,سيستم,همكاران سيستم,195,4038888,166361796720,39230,41190,41190,1960,5.0,41190,1960,5.0,41190,41190,1399-10-22
563,تسه9902,امتياز تسهيلات مسكن ارديبهشت99,192,3940,2328329052,599791,610000,585000,-14791,-2.47,590946,-8845,-1.47,570001,625000,1399-10-22
564,افق ملت,صندوق س در سهام افق ملت,192,79347,10833177530,136560,139990,135000,-1560,-1.14,136530,-30,-0.02,135000,139990,1399-10-22
565,وزمين,بانك ايران زمين,191,6506677,91724625669,13821,14097,14097,276,2.0,14097,276,2.0,14097,14097,1399-10-22
566,سنوين,سرمايه گذاري اقتصاد نوين,179,469547,4439146324,9410,9598,9450,40,0.43,9429,19,0.2,9410,9598,1399-10-22
567,لازما,كارخانه هاي صنعتي آزمايش,177,336459,10096461672,29420,30008,30008,588,2.0,29969,549,1.87,30008,30008,1399-10-22
568,حاريا,كشتيراني آريا,174,959063,32734738316,33138,34132,34132,994,3.0,34132,994,3.0,34132,34132,1399-10-22
569,فاهواز,نورد و لوله اهواز,173,836692,13492495192,16797,16126,16126,-671,-3.99,16549,-248,-1.48,16126,16126,1399-10-22
570,غپونه,نوش پونه مشهد,172,1315309,29749658962,21960,22618,22618,658,3.0,22618,658,3.0,22618,22618,1399-10-22
571,سفانو,سيمان فارس نو,169,888861,30710147550,32910,34550,34550,1640,4.98,33870,960,2.92,34550,34550,1399-10-22
572,ساروج,بين المللي ساروج بوشهر,168,1382280,32651215255,22958,23646,23646,688,3.0,23621,663,2.89,23126,23646,1399-10-22
573,گوهر,صندوق سكه طلاي كيان,167,85234,4698145402,55112,55672,54633,-479,-0.87,55121,9,0.02,54511,55800,1399-10-22
574,تصميم,صندوق س با درآمد ثابت تصميم,166,698782,10747622962,15370,15376,15381,11,0.07,15381,11,0.07,15376,15382,1399-10-22
575,كفراح,ح . فراورده‌ هاي‌ نسوزايران‌,161,2838909,164656722000,36390,58000,58000,21610,59.38,58000,21610,59.38,58000,58000,1399-10-22
576,ومشان,س. فني و مهندسي مشانير,161,189379,14816444823,75959,78237,78237,2278,3.0,77483,1524,2.01,78237,78237,1399-10-22
577,ضصاد1102,اختيارخ وبصادر-3500-1399/11/12,160,9027,273293000,49,87,29,-20,-40.82,30,-19,-38.78,19,87,1399-10-22
578,گكيش,توريستي ورفاهي آبادگران كيش,158,411290,30748040400,72583,74760,74760,2177,3.0,74760,2177,3.0,74760,74760,1399-10-22
579,وملت,سرمايه گذاري ملت,154,3003630,12308875740,4018,4098,4098,80,1.99,4098,80,1.99,4098,4098,1399-10-22
580,نيرو,نيرو سرمايه,153,312290,19214266830,59735,61527,61527,1792,3.0,61323,1588,2.66,61527,61527,1399-10-22
581,چكاوه,صنايع‌كاغذسازي‌كاوه‌,151,399145,4985321050,11900,12490,12490,590,4.96,11960,60,0.5,12490,12490,1399-10-22
582,دفرا,فرآورده‌هاي‌ تزريقي‌ ايران‌,151,2210193,66548911230,28680,30110,30110,1430,4.99,30110,1430,4.99,30110,30110,1399-10-22
583,غشوكو,شوكو پارس,150,230183,10093064184,42571,43848,43848,1277,3.0,43204,633,1.49,43848,43848,1399-10-22
584,دسينا,داروسازي‌ سينا,149,1050462,34497172080,31280,32840,32840,1560,4.99,32250,970,3.1,32840,32840,1399-10-22
585,ثعتما,س. ساختماني اعتماد گستر,144,336367,19892744380,57418,59140,59140,1722,3.0,58991,1573,2.74,59140,59140,1399-10-22
586,سقاين,سيمان‌ قائن‌,144,443394,25872039900,55580,58350,58350,2770,4.98,56860,1280,2.3,58350,58350,1399-10-22
587,كقزوي,شيشه‌ قزوين‌,143,831662,9798641684,11439,11782,11782,343,3.0,11593,154,1.35,11782,11782,1399-10-22
588,سمايه,بانك سرمايه,139,634725,4849933725,7877,7641,7641,-236,-3.0,7818,-59,-0.75,7641,7641,1399-10-22
589,داوه,داروسازي آوه سينا,138,687234,15944516034,22097,23201,23201,1104,5.0,22427,330,1.49,23201,23201,1399-10-22
590,شستان,پتروشيمي گلستان,135,758629,3049688580,3866,4020,4020,154,3.98,3910,44,1.14,4020,4020,1399-10-22
591,دقاضيح,ح . داروسازي شهيد قاضي,133,146688,6413160931,44820,45700,43476,-1344,-3.0,43720,-1100,-2.45,43476,45700,1399-10-22
592,خلنت,لنت‌ ترمزايران‌,132,193893,25359265470,124570,130790,130790,6220,4.99,127340,2770,2.22,130790,130790,1399-10-22
593,تسه9904,امتياز تسهيلات مسكن تير99,131,2268,1341044410,599545,577000,569568,-29977,-5.0,591289,-8256,-1.38,569568,619998,1399-10-22
594,وسرمد,بيمه  سرمد,129,3228958,26674422038,8516,8261,8261,-255,-2.99,8261,-255,-2.99,8261,8261,1399-10-22
595,نتوس,پشم‌ بافي‌ توس,125,642106,11294002434,17077,17589,17589,512,3.0,17344,267,1.56,17589,17589,1399-10-22
596,سكه9912پ04,سكه تمام بهارتحويل1روزه صادرات,125,53000,58523099000,1110665,1119900,1100000,-10665,-0.96,1104209,-6456,-0.58,1096100,1119900,1399-10-22
597,تابا,تابان نيرو سپاهان,125,252418,11525658298,43487,45661,45661,2174,5.0,44659,1172,2.7,45661,45661,1399-10-22
598,تسه9810,امتياز تسهيلات مسكن دي98,122,2002,1182404828,598036,575100,570000,-28036,-4.69,590612,-7424,-1.24,568135,619999,1399-10-22
599,ضپاس2002,اختيارخ وپارس-3000-1400/02/29,121,4288,3072016000,743,721,655,-88,-11.84,716,-27,-3.63,655,780,1399-10-22
600,تسه9906,امتياز تسهيلات مسكن شهريور99,121,1306,761425451,601849,590010,580000,-21849,-3.63,583021,-18828,-3.13,571757,607700,1399-10-22
601,سپاس,صندوق س. پاداش سهامداري توسعه1,120,2967695,29780853148,10031,10035,10033,2,0.02,10035,4,0.04,10031,10045,1399-10-22
602,تسه9711,امتياز تسهيلات مسكن بهمن 97,117,1312,762646613,585973,589994,557000,-28973,-4.94,581285,-4688,-0.8,556675,599990,1399-10-22
603,تسه9712,امتياز تسهيلات مسكن اسفند97,115,1046,613412028,598590,575010,583000,-15590,-2.6,586436,-12154,-2.03,568662,600000,1399-10-22
604,فلات,گروه صنايع معادن فلات ايرانيان,112,630683,10198774793,15700,16171,16171,471,3.0,15924,224,1.43,16171,16171,1399-10-22
605,تسه9905,امتياز تسهيلات مسكن مرداد99,112,1557,922533338,601568,589555,628000,26432,4.39,592507,-9061,-1.51,571490,630000,1399-10-22
606,واحصا,احياء صنايع خراسان,109,274451,13544156850,47913,49350,49350,1437,3.0,48797,884,1.85,49350,49350,1399-10-22
607,تسه9903,امتياز تسهيلات مسكن خرداد99,104,1017,604199184,600091,582458,570087,-30004,-5.0,594099,-5992,-1.0,570087,630000,1399-10-22
608,سفارود,كارخانه فارسيت درود,103,445916,6851053424,15063,15364,15364,301,2.0,15255,192,1.27,15364,15364,1399-10-22
609,كتوكا,توليدي و خدمات صنايع نسوز توكا,103,1413080,40873339000,27548,28925,28925,1377,5.0,28604,1056,3.83,28925,28925,1399-10-22
610,تسه9801,امتياز تسهيلات مسكن فروردين98,102,1043,621735767,603694,576106,573510,-30184,-5.0,596103,-7591,-1.26,573510,604500,1399-10-22
611,فن آوا,گروه فن آوا,101,1234427,17489361736,13756,14168,14168,412,3.0,14086,330,2.4,14168,14168,1399-10-22
612,ضخود2008,اختيارخ خودرو-3500-1400/02/08,99,3040,832209000,321,310,268,-53,-16.51,274,-47,-14.64,250,319,1399-10-22
613,كپشير,پشم‌شيشه‌ايران‌,97,416471,12306718050,28150,29550,29550,1400,4.97,28460,310,1.1,29550,29550,1399-10-22
614,ضپاس1003,اختيارخ وپارس-3500-1399/10/30,96,3453,115635000,135,110,29,-106,-78.52,33,-102,-75.56,14,110,1399-10-22
615,ضصاد1104,اختيارخ وبصادر-4500-1399/11/12,94,5965,11087000,3,2,4,1,33.33,2,-1,-33.33,1,4,1399-10-22
616,صايند,صندوق س. گنجينه آينده روشن-د,94,1027000,10225252440,9957,9951,9960,3,0.03,9956,-1,-0.01,9940,9972,1399-10-22
617,سكارون,سيمان كارون,93,74347,19004431446,248173,255618,255618,7445,3.0,254647,6474,2.61,255618,255618,1399-10-22
618,فيروزا,صندوق بادرآمد ثابت فيروزه آسيا,92,1594872,34731127735,21806,21701,21797,-9,-0.04,21777,-29,-0.13,21701,21860,1399-10-22
619,اخزا903,اسنادخزانه-م3بودجه99-011110,91,266323,181530502197,680188,680000,676001,-4187,-0.62,681618,1430,0.21,675000,682888,1399-10-22
620,پلاست,كارخانجات توليدي پلاستيران,89,134473,7921804430,56105,58910,58910,2805,5.0,57146,1041,1.86,58910,58910,1399-10-22
621,زعف0008پ08,زعفران0008نگين روستا(پ),84,58298,7223390472,121906,123000,123521,1615,1.32,123905,1999,1.64,123000,125000,1399-10-22
622,زعف0008پ11,زعفران0008نگين سحرخيز(پ),80,132556,16453190527,123482,122500,123315,-167,-0.14,124123,641,0.52,122201,125300,1399-10-22
623,ارمغان,ص سرمايه گذاري ارمغان ايرانيان,78,921957,9259169746,10036,10035,10044,8,0.08,10043,7,0.07,10035,10045,1399-10-22
624,دمعيار,صندوق س. توازن معيار-د,78,3118705,31528371251,10104,10120,10101,-3,-0.03,10109,5,0.05,10101,10120,1399-10-22
625,وجامي,سرمايه گذاري جامي,77,232288,3108245728,12992,13381,13381,389,2.99,13049,57,0.44,13381,13381,1399-10-22
626,تسه9901,امتياز تسهيلات مسكن فروردين99,76,666,399288889,605241,580600,585000,-20241,-3.34,599533,-5708,-0.94,580001,635503,1399-10-22
627,زعف0008پ16,زعفران0008نگين بيرجند(پ),76,49442,6122125516,121477,123000,124000,2523,2.08,123824,2347,1.93,122000,124950,1399-10-22
628,سپر,صندوق س سپر سرمايه بيدار- ثابت,76,333015,3724276321,11156,11158,11188,32,0.29,11184,28,0.25,11178,11190,1399-10-22
629,دروز,داروسازي‌ روزدارو,75,661172,13190381400,19000,19950,19950,950,5.0,19230,230,1.21,19950,19950,1399-10-22
630,خپويش,سازه‌ پويش‌,74,139229,6827790160,46710,49040,49040,2330,4.99,47010,300,0.64,49040,49040,1399-10-22
631,فنرژي,گسترش صنايع انرژي آذرآب,72,564136,8249924864,14062,14624,14624,562,4.0,14503,441,3.14,14624,14624,1399-10-22
632,شزنگ,تجهيزنيروي‌زنگان‌,67,74901,18985006668,246086,253468,253468,7382,3.0,252889,6803,2.76,253468,253468,1399-10-22
633,تسه9803,امتياز تسهيلات مسكن خرداد98,66,424,246289542,598411,575151,570001,-28410,-4.75,580872,-17539,-2.93,568513,590100,1399-10-22
634,اخزا815,اسنادخزانه-م15بودجه98-010406,66,109992,84501759077,765605,762016,768254,2649,0.35,768254,2649,0.35,762015,770000,1399-10-22
635,ضشنا2001,اختيارخ شپنا-10000-1400/02/27,65,1120,3001636000,3033,2900,2600,-433,-14.28,2680,-353,-11.64,2590,3000,1399-10-22
636,تسه9802,امتياز تسهيلات مسكن ارديبهشت98,65,715,425505445,601857,575000,585000,-16857,-2.8,595112,-6745,-1.12,575000,618995,1399-10-22
637,ضپاس1005,اختيارخ وپارس-4500-1399/10/30,64,2861,2912000,2,9,1,-1,-50.0,1,-1,-50.0,1,2,1399-10-22
638,دشيري,شيرين دارو,64,17004,3555417372,199137,209093,209093,9956,5.0,200800,1663,0.84,209093,209093,1399-10-22
639,تكنار,مجتمع معادن مس تكنار,63,192224,31177387232,157469,162193,162193,4724,3.0,162193,4724,3.0,162193,162193,1399-10-22
640,زعف0008پ05,زعفران0008نگين زرين(پ),61,37373,4646971229,122997,123000,123200,203,0.17,124340,1343,1.09,123000,125000,1399-10-22
641,تسه9812,امتياز تسهيلات مسكن اسفند98,59,585,346291513,600516,580099,580000,-20516,-3.42,591951,-8565,-1.43,570500,630541,1399-10-22
642,ضپاس1001,اختيارخ وپارس-2500-1399/10/30,59,1223,645620000,744,650,506,-238,-31.99,528,-216,-29.03,501,700,1399-10-22
643,پارتا,مجتمع‌صنعتي‌آرتاويل‌تاير,59,547329,37420336401,66378,68369,68369,1991,3.0,68369,1991,3.0,68369,68369,1399-10-22
644,سكه0011پ02,سكه تمام بهارتحويلي 1روزه ملت,58,17500,19317962200,1109446,1119994,1100999,-8447,-0.76,1103883,-5563,-0.5,1100000,1119994,1399-10-22
645,ضخود2005,اختيارخ خودرو-2000-1400/02/08,58,1792,1724351000,1060,1080,950,-110,-10.38,962,-98,-9.25,920,1080,1399-10-22
646,تسه9811,امتياز تسهيلات مسكن بهمن98,58,580,343635856,597640,580002,600000,2360,0.39,592476,-5164,-0.86,567758,610000,1399-10-22
647,افران,صندوق س افرا نماد پايدار-ثابت,57,1402861,17436379555,12425,12423,12426,1,0.01,12429,4,0.03,12421,12443,1399-10-22
648,اخزا902,اسنادخزانه-م2بودجه99-011019,56,265344,182766798277,685499,687000,689000,3501,0.51,688792,3293,0.48,687000,689900,1399-10-22
649,زفكا,كشت و دامداري فكا,52,167269,1933796909,11011,11561,11561,550,5.0,11031,20,0.18,11561,11561,1399-10-22
650,وسفارس,شركت س استان فارس,51,2848754,2791778920,1030,980,980,-50,-4.85,1030,0,0.0,980,980,1399-10-22
651,ضصاد1101,اختيارخ وبصادر-3000-1399/11/12,49,1878,190272000,172,121,90,-82,-47.67,101,-71,-41.28,82,130,1399-10-22
652,اوصتا,صندوق انديشه ورزان صباتامين -د,49,2540926,44703013848,17580,17591,17594,14,0.08,17593,13,0.07,17590,17599,1399-10-22
653,ضخود2009,اختيارخ خودرو-4000-1400/02/08,48,1229,257588000,229,203,213,-16,-6.99,210,-19,-8.3,195,250,1399-10-22
654,داراب,پتروشيمي داراب,48,299558,744701188,2562,2486,2486,-76,-2.97,2559,-3,-0.12,2486,2486,1399-10-22
655,ضخود2013,اختيارخ خودرو-7000-1400/02/08,47,1302,87255000,83,102,63,-20,-24.1,67,-16,-19.28,63,102,1399-10-22
656,سكه0112پ03,سكه تمام بهارتحويلي1روزه سامان,47,10300,11363476700,1111847,1113000,1099000,-12847,-1.16,1103250,-8597,-0.77,1098000,1115399,1399-10-22
657,اخزا806,اسنادخزانه-م6بودجه98-000519,47,19997,18012588904,901615,900000,900000,-1615,-0.18,900765,-850,-0.09,898006,902501,1399-10-22
658,فافزا,فولاد افزا سپاهان,46,59463,2895669711,50203,48697,48697,-1506,-3.0,49978,-225,-0.45,48697,48697,1399-10-22
659,اخزا901,اسنادخزانه-م1بودجه99-010621,45,98537,72412779936,734032,734900,734150,118,0.02,734879,847,0.12,734150,736000,1399-10-22
660,تسه9809,امتياز تسهيلات مسكن آذر98,44,1008,589425649,596762,586110,571002,-25760,-4.32,584748,-12014,-2.01,566924,609000,1399-10-22
661,بذر,صندوق س بذر اميد آفرين-سهام,43,21475,2236540100,106120,104160,103010,-3110,-2.93,104150,-1970,-1.86,103010,105900,1399-10-22
662,الماس,صندوق س.امين تدبيرگران فردا-س,42,13262,1672037813,126990,128930,125200,-1790,-1.41,126077,-913,-0.72,125200,128932,1399-10-22
663,تسه9805,امتياز تسهيلات مسكن مرداد98,42,638,370981745,596213,567000,566403,-29810,-5.0,581476,-14737,-2.47,566403,609989,1399-10-22
664,تسه9808,امتياز تسهيلات مسكن آبان98,40,410,237831058,596602,567711,600000,3398,0.57,580076,-16526,-2.77,567711,600000,1399-10-22
665,كهرام,توليدي گرانيت بهسرام,40,62304,5480322144,90681,87961,87961,-2720,-3.0,89906,-775,-0.85,87961,87961,1399-10-22
666,لوتوسح,ح . تامين سرمايه لوتوس پارسيان,40,352045,3958914700,11240,12360,11250,10,0.09,11250,10,0.09,11200,12360,1399-10-22
667,اخزا808,اسنادخزانه-م8بودجه98-000817,39,23611,20371844260,862376,861001,861650,-726,-0.08,862812,436,0.05,861001,865700,1399-10-22
668,ضفلا1156,اختيارخ فولاد-16000-1399/11/28,38,1161,258323000,224,210,150,-74,-33.04,223,-1,-0.45,150,320,1399-10-22
669,ضملت1128,اختيارخ وبملت-6000-1399/11/28,37,554,67379000,172,299,111,-61,-35.47,122,-50,-29.07,90,299,1399-10-22
670,ضسپا1103,اختيارخ خساپا-2500-1399/11/26,36,1384,228230000,183,400,150,-33,-18.03,165,-18,-9.84,140,199,1399-10-22
671,تسه9806,امتياز تسهيلات مسكن شهريور98,36,451,258960104,594813,565073,570202,-24611,-4.14,574191,-20622,-3.47,565073,595000,1399-10-22
672,وآتوس,س.آرين توسكا قيمت اسمي 350ريال,35,20003,964044585,49685,48195,48195,-1490,-3.0,49609,-76,-0.15,48195,48195,1399-10-22
673,اخزا812,اسنادخزانه-م12بودجه98-001111,34,60367,50139840300,831064,824510,827501,-3563,-0.43,830584,-480,-0.06,824401,832990,1399-10-22
674,اخزا817,اسنادخزانه-م17بودجه98-010512,34,80067,60586985361,757072,758000,754711,-2361,-0.31,756704,-368,-0.05,754601,758000,1399-10-22
675,اخزا818,اسنادخزانه-م18بودجه98-010614,33,54604,40698180619,748142,744067,748000,-142,-0.02,745333,-2809,-0.38,740600,748142,1399-10-22
676,اخزا909,اسنادخزانه-م9بودجه99-020316,33,153225,96875385852,632342,632342,632500,158,0.02,632243,-99,-0.02,630100,633600,1399-10-22
677,آسام,صندوق س.آرمان سپهر آشنا-م,33,4590,505761380,109516,110999,110000,484,0.44,110188,672,0.61,109001,111000,1399-10-22
678,ضصاد1103,اختيارخ وبصادر-4000-1399/11/12,32,1241,13583000,8,30,8,0,0.0,11,3,37.5,3,30,1399-10-22
679,ضصاد1100,اختيارخ وبصادر-2500-1399/11/12,31,512,154053000,420,380,279,-141,-33.57,301,-119,-28.33,279,380,1399-10-22
680,گپارس,امور رفاهي كارگزاران پارس,30,13401,2392895961,173361,178561,178561,5200,3.0,173935,574,0.33,178561,178561,1399-10-22
681,ضسپا1105,اختيارخ خساپا-3500-1399/11/26,30,1291,23093000,28,33,20,-8,-28.57,18,-10,-35.71,15,33,1399-10-22
682,ضشنا1044,اختيارخ شپنا-10000-1399/10/23,30,382,189198000,1687,1200,200,-1487,-88.14,495,-1192,-70.66,101,1200,1399-10-22
683,تسه9807,امتياز تسهيلات مسكن مهر98,29,181,105675948,601966,575000,580000,-21966,-3.65,583845,-18121,-3.01,575000,595000,1399-10-22
684,اخزا821,اسنادخزانه-م21بودجه98-020906,29,10802,6331213436,585802,587999,585000,-802,-0.14,586115,313,0.05,585000,589200,1399-10-22
685,سخند,صندوق س.سپهرخبرگان نفت-د,29,414050,4157751130,10037,10040,10039,2,0.02,10042,5,0.05,10038,10050,1399-10-22
686,اخزا814,اسنادخزانه-م14بودجه98-010318,28,106834,82969258162,776656,774023,782990,6334,0.82,776618,-38,0.0,774023,782990,1399-10-22
687,اخزا809,اسنادخزانه-م9بودجه98-000923,28,16725,14192105668,849469,846001,850000,531,0.06,848556,-913,-0.11,846001,850000,1399-10-22
688,شرنگي,شيميايي رنگين,28,12560,1802586080,139338,143518,143518,4180,3.0,139686,348,0.25,143518,143518,1399-10-22
689,زعف0008پ18,زعفران0008نگين بهرامن(پ),27,4701,582147853,122597,123500,123010,413,0.34,123835,1238,1.01,122606,124800,1399-10-22
690,ضجار2003,اختيارخ وتجارت-3000-1400/02/22,27,803,461937000,584,520,550,-34,-5.82,575,-9,-1.54,520,590,1399-10-22
691,هبركت912,اختيارف ت بركت-22100-99/12/17,25,330000,330000,1,1,1,0,0.0,1,0,0.0,1,1,1399-10-22
692,صنوين,صندوق سرمايه‌گذاري صنوين-مختلط,24,2560,258533520,100860,100500,100990,130,0.13,100990,130,0.13,100500,102490,1399-10-22
693,اراد50,مرابحه عام دولت5-ش.خ0302,23,375000,375000300000,1000000,1000000,1000001,1,0.0,1000001,1,0.0,1000000,1000001,1399-10-22
694,ضغدر1119,اختيارخ وغدير-10000-1399/11/26,23,165,318163000,2130,1900,1711,-419,-19.67,1928,-202,-9.48,1500,2250,1399-10-22
695,ضسپا1104,اختيارخ خساپا-3000-1399/11/26,22,128,10453000,92,105,77,-15,-16.3,82,-10,-10.87,61,105,1399-10-22
696,كيان2,صندوق س. با درآمد ثابت كيان,21,2100000,2100000,26680,1,1,-26679,-100.0,1,-26679,-100.0,1,1,1399-10-22
697,اخزا722,اسنادخزانه-م22بودجه97-000428,21,34148,31062348652,908900,910000,909750,850,0.09,909639,739,0.08,909100,913199,1399-10-22
698,اراد62,مرابحه عام دولت62-ش.خ0309,20,500000,500000000000,1000000,1000000,1000000,0,0.0,1000000,0,0.0,1000000,1000000,1399-10-22
699,ضپاس1004,اختيارخ وپارس-4000-1399/10/30,20,1063,4927000,19,18,2,-17,-89.47,5,-14,-73.68,2,18,1399-10-22
700,سايرا,ايرانيت‌,20,256115,10412611440,39093,40656,40656,1563,4.0,40597,1504,3.85,40656,40656,1399-10-22
701,تسه9804,امتياز تسهيلات مسكن تير98,19,84,48209304,598265,570505,576013,-22252,-3.72,573920,-24345,-4.07,569000,580000,1399-10-22
702,اخزا813,اسنادخزانه-م13بودجه98-010219,19,42178,33227755450,788100,788001,787725,-375,-0.05,787798,-302,-0.04,787603,788001,1399-10-22
703,ضسپا1101,اختيارخ خساپا-1800-1399/11/26,19,1155,521155000,531,460,430,-101,-19.02,451,-80,-15.07,400,461,1399-10-22
704,ضسپا1100,اختيارخ خساپا-1600-1399/11/26,19,294,188754000,719,710,669,-50,-6.95,642,-77,-10.71,515,720,1399-10-22
705,اخزا908,اسنادخزانه-م8بودجه99-020606,19,40573,24507867918,605170,604001,604000,-1170,-0.19,604044,-1126,-0.19,603000,605999,1399-10-22
706,ضفار1125,اختيارخ فارس-17826-1399/11/07,19,493,3130000,5,68,4,-1,-20.0,3,-2,-40.0,2,68,1399-10-22
707,ضشنا1045,اختيارخ شپنا-12000-1399/10/23,18,589,12426000,99,5,1,-98,-98.99,21,-78,-78.79,1,201,1399-10-22
708,اخزا904,اسنادخزانه-م4بودجه99-011215,17,92237,61898143410,669021,673887,672997,3976,0.59,671077,2056,0.31,668010,673887,1399-10-22
709,ضخود2010,اختيارخ خودرو-4500-1400/02/08,17,249,40815000,186,187,145,-41,-22.04,164,-22,-11.83,145,187,1399-10-22
710,اخزا805,اسنادخزانه-م5بودجه98-000422,17,68849,62957260844,914927,915000,911000,-3927,-0.43,914425,-502,-0.05,911000,915050,1399-10-22
711,ضفلا1155,اختيارخ فولاد-14000-1399/11/28,17,350,252104000,642,700,519,-123,-19.16,720,78,12.15,510,810,1399-10-22
712,ضجار2000,اختيارخ وتجارت-1800-1400/02/22,17,258,352885000,1492,1400,1340,-152,-10.19,1368,-124,-8.31,1340,1400,1399-10-22
713,وساشرقي,شركت س استان آذربايجان شرقي,16,136271,129457450,990,950,950,-40,-4.04,990,0,0.0,950,950,1399-10-22
714,زعف0008پ12,زعفران0008پوشالمعمول سحرخيز(پ),16,7682,649379452,79995,84390,84854,4859,6.07,84533,4538,5.67,84250,84854,1399-10-22
715,كشم0001پ01,كشمش سبز0001خليل آباد(پ),15,440,205729871,449730,469000,461000,11270,2.51,467568,17838,3.97,461000,470997,1399-10-22
716,وساغربي,شركت س استان آذربايجان غربي,15,212533,157274420,770,740,740,-30,-3.9,770,0,0.0,740,740,1399-10-22
717,اخزا811,اسنادخزانه-م11بودجه98-001013,15,20173,16969621775,840833,838000,844000,3167,0.38,841205,372,0.04,838000,845490,1399-10-22
718,اخزا907,اسنادخزانه-م7بودجه99-020704,15,109967,65979946657,599794,599987,599900,106,0.02,599998,204,0.03,599900,599999,1399-10-22
719,اطلس2,صندوق س.توسعه اندوخته آينده-س,15,150000,150000,212187,1,1,-212186,-100.0,1,-212186,-100.0,1,1,1399-10-22
720,ثروتم,صندوق س. ثروت آفرين پارسيان-س,14,8260,717105100,87694,86800,87600,-94,-0.11,86817,-877,-1.0,86800,87600,1399-10-22
721,زعف0008پ09,زعفران0008نگين نوين(پ),14,2443,303020020,124970,123500,123666,-1304,-1.04,124036,-934,-0.75,123500,124799,1399-10-22
722,هفارس912,اختيارف ت فارس-14576-99/12/13,13,260782,831894580,3022,3190,3190,168,5.56,3190,168,5.56,3190,3190,1399-10-22
723,وسيلام,شركت س استان ايلام,13,354927,418813860,1240,1180,1180,-60,-4.84,1240,0,0.0,1180,1180,1399-10-22
724,گنجين,صندوق س. گنجينه يكم آويد-د,13,36677,440147709,12003,12000,11999,-4,-0.03,12001,-2,-0.02,11994,12014,1399-10-22
725,كرونا2,تامين مالي جمعي صرفا اهداي سود,12,1642,16420000,10000,10000,10000,0,0.0,10000,0,0.0,10000,10000,1399-10-22
726,اخزا721,اسنادخزانه-م21بودجه97-000728,12,7151,6225092311,872051,870000,868101,-3950,-0.45,870520,-1531,-0.18,868018,873000,1399-10-22
727,اخزا816,اسنادخزانه-م16بودجه98-010503,12,28478,21619261228,760564,757114,760564,0,0.0,759157,-1407,-0.18,757114,760564,1399-10-22
728,اخزا905,اسنادخزانه-م5بودجه99-020218,12,85347,54771895780,642562,642010,641500,-1062,-0.17,641755,-807,-0.13,641500,642562,1399-10-22
729,اخزا820,اسنادخزانه-م20بودجه98-020806,11,1239,738163952,598957,591500,598876,-81,-0.01,595774,-3183,-0.53,591500,598995,1399-10-22
730,كابگن,توليدي و صنعتي آبگينه‌,11,206481,1059660492,5032,5132,5132,100,1.99,5053,21,0.42,5132,5132,1399-10-22
731,زعف0008پ15,زعفران0008پوشالمعمول طلاسرخ(پ),11,3700,313957656,83831,84844,84854,1023,1.22,84853,1022,1.22,84844,84854,1399-10-22
732,ضپاس2001,اختيارخ وپارس-2500-1400/02/29,11,133,137600000,1200,1200,1000,-200,-16.67,1035,-165,-13.75,1000,1200,1399-10-22
733,ضملي1148,اختيارخ فملي-10140-1399/11/05,11,39,146708912,2627,2000,1850,-777,-29.58,1908,-719,-27.37,1850,2000,1399-10-22
734,شستا991,اجاره تامين اجتماعي-امين991226,11,125,124482361,1005137,1009000,991000,-14137,-1.41,995859,-9278,-0.92,991000,1009000,1399-10-22
735,ضخود2011,اختيارخ خودرو-5000-1400/02/08,10,39,7359000,164,200,171,7,4.27,189,25,15.24,171,200,1399-10-22
736,نگين,ص.س. زمين و ساختمان نگين شهرري,9,3129,151524150,48440,47550,47680,-760,-1.57,48430,-10,-0.02,47550,48980,1399-10-22
737,وسخوز,شركت س استان خوزستان,9,111784,103959120,970,930,930,-40,-4.12,970,0,0.0,930,930,1399-10-22
738,ضپاس2000,اختيارخ وپارس-2000-1400/02/29,9,45,66970000,1694,1600,1420,-274,-16.17,1488,-206,-12.16,1420,1600,1399-10-22
739,اخزا807,اسنادخزانه-م7بودجه98-000719,8,2642,2308578403,874934,872001,872004,-2930,-0.33,873800,-1134,-0.13,872001,875650,1399-10-22
740,ضفار3002,اختيارخ فارس-10000-1400/03/05,8,83,235141000,1,3000,2500,2499,249900.0,2833,2832,283200.0,2500,3000,1399-10-22
741,داريك,صندوق س.اعتماد داريك-د,8,94884,988888384,10456,10456,10500,44,0.42,10422,-34,-0.33,10046,10500,1399-10-22
742,اخزا810,اسنادخزانه-م10بودجه98-001006,7,5860,4928286203,842688,841005,841004,-1684,-0.2,841004,-1684,-0.2,841004,841005,1399-10-22
743,ضپيك2010,اختيارخ تاپيكو-12000-00/02/19,7,141,382080000,2944,2820,2900,-44,-1.49,2710,-234,-7.95,2600,2900,1399-10-22
744,خعمرا,توسعه و عمران شهرستان نائين,7,20767,473674503,21723,22809,22809,1086,5.0,21747,24,0.11,22809,22809,1399-10-22
745,ضصاد1107,اختيارخ وبصادر-7000-1399/11/12,7,380,960000,2,2,1,-1,-50.0,3,1,50.0,1,5,1399-10-22
746,ضملي3003,اختيارخ فملي-12000-1400/03/02,6,360,945000000,1,3000,2300,2299,229900.0,2625,2624,262400.0,2300,3100,1399-10-22
747,ضملي1152,اختيارخ فملي-18252-1399/11/05,6,295,581740,6,1,1,-5,-83.33,1,-5,-83.33,1,1,1399-10-22
748,ضملي1153,اختيارخ فملي-20280-1399/11/05,6,300,788800,2,1,2,0,0.0,1,-1,-50.0,1,2,1399-10-22
749,ضپيك2008,اختيارخ تاپيكو-9000-00/02/19,6,39,196490000,5500,5008,5099,-401,-7.29,5038,-462,-8.4,5005,5199,1399-10-22
750,رطب0002پ01,رطب مضافتي0002افشارتعاون بم(پ),6,1306,313208838,228403,239823,239823,11420,5.0,239823,11420,5.0,239823,239823,1399-10-22
751,ياقوت2,صندوق س ياقوت آگاه-ثابت,6,26609055,26609055,11745,1,1,-11744,-99.99,1,-11744,-99.99,1,1,1399-10-22
752,ضمخا7070,اختيارخ اخابر-20000-1400/07/28,6,18,53885000,2980,2989,2980,0,0.0,2994,14,0.47,2980,3000,1399-10-22
753,افران2,صندوق س افرا نماد پايدار-ثابت,6,600000,600000,12425,1,1,-12424,-99.99,1,-12424,-99.99,1,1,1399-10-22
754,وسيزد,شركت س استان يزد,6,102500,125050000,1280,1220,1220,-60,-4.69,1280,0,0.0,1220,1220,1399-10-22
755,ضملي3002,اختيارخ فملي-10000-1400/03/02,6,130,505000000,4980,4000,3500,-1480,-29.72,3885,-1095,-21.99,3500,4000,1399-10-22
756,ضملت1129,اختيارخ وبملت-7000-1399/11/28,6,65,6714000,72,45,96,24,33.33,103,31,43.06,41,120,1399-10-22
757,ضترا1126,اختيارخ شتران-7000-1399/11/14,6,39,84295000,2765,2200,2051,-714,-25.82,2161,-604,-21.84,2051,2300,1399-10-22
758,خاتم2,صندوق س خاتم ايساتيس پويا-ثابت,5,4200000,4200000,10367,1,1,-10366,-99.99,1,-10366,-99.99,1,1,1399-10-22
759,ضترا1127,اختيارخ شتران-8000-1399/11/14,5,31,40720000,1680,1750,1500,-180,-10.71,1314,-366,-21.79,1000,1750,1399-10-22
760,ضملي1151,اختيارخ فملي-16224-1399/11/05,5,45,2463028,243,114,30,-213,-87.65,28,-215,-88.48,20,114,1399-10-22
761,وسلرستا,شركت س استان لرستان,5,35152,30230720,900,860,860,-40,-4.44,900,0,0.0,860,860,1399-10-22
762,ساذري,آذريت‌,5,8815,53850835,5819,6109,6109,290,4.98,5820,1,0.02,6109,6109,1399-10-22
763,هترول911,اختيارف ت پترول-14730-99/11/15,5,2196,7657452,3969,3487,3487,-482,-12.14,3487,-482,-12.14,3487,3487,1399-10-22
764,ضپار1115,اختيارخ خپارس-5000-1399/11/19,5,14,25300000,2158,2000,1748,-410,-19.0,1807,-351,-16.27,1748,2000,1399-10-22
765,ضفار3001,اختيارخ فارس-9000-1400/03/05,5,151,477280000,1,3800,3200,3199,319900.0,3161,3160,316000.0,3000,3800,1399-10-22
766,گوهر2,صندوق سكه طلاي كيان,5,50000,50000,55112,1,1,-55111,-100.0,1,-55111,-100.0,1,1,1399-10-22
767,ضشنا2002,اختيارخ شپنا-12000-1400/02/27,5,183,362602000,2202,2000,2000,-202,-9.17,1981,-221,-10.04,1801,2000,1399-10-22
768,ضملت1127,اختيارخ وبملت-5000-1399/11/28,5,88,26244000,400,300,280,-120,-30.0,298,-102,-25.5,280,301,1399-10-22
769,وسكرد,شركت س استان كردستان,5,75430,56572500,780,750,750,-30,-3.85,780,0,0.0,750,750,1399-10-22
770,اخزا804,اسنادخزانه-م4بودجه98-000421,5,3790,3457957002,912380,912001,912622,242,0.03,912390,10,0.0,912001,912623,1399-10-22
771,اراد55,مرابحه عام دولت5-ش.خ 0209,5,212600,196808072000,927050,925720,925720,-1330,-0.14,925720,-1330,-0.14,925720,925720,1399-10-22
772,زير0003پ01,زيره سبز0003كيميابذر(پ),5,247,126563788,480000,512404,512404,32404,6.75,512404,32404,6.75,512404,512404,1399-10-22
773,ضپاس2004,اختيارخ وپارس-4000-1400/02/29,5,8,4500000,733,500,550,-183,-24.97,562,-171,-23.33,500,600,1399-10-22
774,وسصفا,شركت س استان اصفهان,5,36812,37548240,1070,1020,1020,-50,-4.67,1070,0,0.0,1020,1020,1399-10-22
775,وسمازن,س.سهام عدالت استان مازندران,5,40082,37677080,980,940,940,-40,-4.08,980,0,0.0,940,940,1399-10-22
776,ضپار1116,اختيارخ خپارس-6000-1399/11/19,4,8,8018000,1280,1003,1001,-279,-21.8,1002,-278,-21.72,1001,1003,1399-10-22
777,وسيستا,شركت س استان سيستان وبلوچستان,4,37000,28120000,790,760,760,-30,-3.8,790,0,0.0,760,760,1399-10-22
778,فبستم,صنايع ‌بسته‌بندي‌ مشهد,4,96786,80525952,793,832,832,39,4.92,793,0,0.0,832,832,1399-10-22
779,ضبدر1150,اختيارخ شبندر-32000-1399/11/19,4,24,14500000,1000,1000,500,-500,-50.0,604,-396,-39.6,500,1000,1399-10-22
780,پست0008پ08,پسته فندقي32-30مه ولات0008(پ),4,32,44800000,1367001,1400000,1400000,32999,2.41,1400000,32999,2.41,1400000,1400000,1399-10-22
781,ضترا1117,اختيارخ شتران-10000-1399/11/14,4,8,4948000,1535,700,699,-836,-54.46,618,-917,-59.74,570,700,1399-10-22
782,ضشنا2000,اختيارخ شپنا-9000-1400/02/27,4,10,35400000,6500,3900,3500,-3000,-46.15,3540,-2960,-45.54,3500,3900,1399-10-22
783,ضخوز2014,اختيارخ فخوز-14000-1400/02/15,4,31,60801000,3333,801,1000,-2333,-70.0,1961,-1372,-41.16,801,2500,1399-10-22
784,ضپيك2009,اختيارخ تاپيكو-10000-00/02/19,4,60,254550000,4489,4455,4200,-289,-6.44,4242,-247,-5.5,4200,4455,1399-10-22
785,ضفار3000,اختيارخ فارس-8000-1400/03/05,4,35,169750000,1,4850,4850,4849,484900.0,4850,4849,484900.0,4850,4850,1399-10-22
786,تملي701,تسهيلات مسكن ب. ملي-فروردين97,4,40,26015384,670499,636975,704023,33524,5.0,650385,-20114,-3.0,636975,704023,1399-10-22
787,ضفار1121,اختيارخ فارس-9826-1399/11/07,4,13,51584000,3002,1990,2001,-1001,-33.34,1984,-1018,-33.91,1980,2001,1399-10-22
788,ضملت1124,اختيارخ وبملت-3500-1399/11/28,4,74,71380000,1051,970,960,-91,-8.66,965,-86,-8.18,960,970,1399-10-22
789,وسقم,شركت س استان قم,4,14648,19628320,1410,1340,1340,-70,-4.96,1410,0,0.0,1340,1340,1399-10-22
790,ضچاد2003,اختيارخ كچاد-18000-1400/02/05,4,33,151400000,4722,4700,4600,-122,-2.58,4588,-134,-2.84,4500,4700,1399-10-22
791,ضترا1118,اختيارخ شتران-12000-1399/11/14,4,205,10750000,167,150,50,-117,-70.06,52,-115,-68.86,50,150,1399-10-22
792,ونچر,ص.ج.فيروزه10%تاديه,3,3000,390000000,132381,130000,130000,-2381,-1.8,130000,-2381,-1.8,130000,130000,1399-10-22
793,اخزا713,اسنادخزانه-م13بودجه97-000518,3,273,245305600,903060,903500,898350,-4710,-0.52,898555,-4505,-0.5,898235,903500,1399-10-22
794,صگل1411,ص اجاره گل گهر 1411-3 ماهه 17%,3,25,23936000,999989,958000,957000,-42989,-4.3,957440,-42549,-4.25,957000,958000,1399-10-22
795,ضملت1130,اختيارخ وبملت-8000-1399/11/28,3,167,1670000,96,10,10,-86,-89.58,10,-86,-89.58,10,10,1399-10-22
796,ضفار1122,اختيارخ فارس-11826-1399/11/07,3,20,4200000,400,200,10,-390,-97.5,105,-295,-73.75,10,200,1399-10-22
797,ضفار1126,اختيارخ فارس-19826-1399/11/07,3,247,494000,2,1,1,-1,-50.0,1,-1,-50.0,1,1,1399-10-22
798,ضفلا1157,اختيارخ فولاد-18000-1399/11/28,3,15,1355000,167,95,85,-82,-49.1,90,-77,-46.11,85,95,1399-10-22
799,اخزا723,اسنادخزانه-م23بودجه97-000824,3,1710,1471979657,860454,861001,857930,-2524,-0.29,860807,353,0.04,857930,861500,1399-10-22
800,ضفلا1153,اختيارخ فولاد-10000-1399/11/28,3,14,34700000,2602,2400,2500,-102,-3.92,2479,-123,-4.73,2400,2500,1399-10-22
801,پست0008پ04,پسته فندقي32-30سبزدانه0008(پ),3,20,27472225,1384530,1322223,1420000,35470,2.56,1373611,-10919,-0.79,1322223,1429999,1399-10-22
802,ضفار1120,اختيارخ فارس-8826-1399/11/07,3,19,85680000,2400,2148,2650,250,10.42,2255,-145,-6.04,2148,2650,1399-10-22
803,وسخراج,شركت س استان خراسان جنوبي,3,7900,16669000,2220,2110,2110,-110,-4.95,2220,0,0.0,2110,2110,1399-10-22
804,ضصاد1106,اختيارخ وبصادر-6000-1399/11/12,3,165,270000,4,3,1,-3,-75.0,2,-2,-50.0,1,3,1399-10-22
805,شستا992,اجاره تامين اجتماعي-سپهر991226,3,200,203840000,1008596,1004000,1020000,11404,1.13,1019200,10604,1.05,1004000,1020000,1399-10-22
806,وسهمدا,شركت س استان همدان,3,23404,19893400,890,850,850,-40,-4.49,890,0,0.0,850,850,1399-10-22
807,ضبدر1159,اختيارخ شبندر-16000-1399/11/19,3,4,26103000,6597,6600,6501,-96,-1.46,6526,-71,-1.08,6501,6600,1399-10-22
808,ضبدر1160,اختيارخ شبندر-18000-1399/11/19,2,4,20050000,5808,5000,5050,-758,-13.05,5012,-796,-13.71,5000,5050,1399-10-22
809,ضپاس2003,اختيارخ وپارس-3500-1400/02/29,2,10,5000000,675,500,500,-175,-25.93,500,-175,-25.93,500,500,1399-10-22
810,ضملت1125,اختيارخ وبملت-4000-1399/11/28,2,36,23850000,823,800,650,-173,-21.02,662,-161,-19.56,650,800,1399-10-22
811,زير0003پ04,زيره سبز0003شركت مينوبذر(پ),2,62,29388000,474000,474000,474000,0,0.0,474000,0,0.0,474000,474000,1399-10-22
812,گواهي ظرفيت,گواهي ظرفيت نقدي,2,3300000,35108700000,10639,10639,10639,0,0.0,10639,0,0.0,10639,10639,1399-10-22
813,اخزا716,اسنادخزانه-م16بودجه97-000407,2,59,54488000,916704,922000,925000,8296,0.9,923525,6821,0.74,922000,925000,1399-10-22
814,وساربيل,شركت س استان اردبيل,2,9030,11016600,1280,1220,1220,-60,-4.69,1280,0,0.0,1220,1220,1399-10-22
815,ضپنا2003,اختيارخ رمپنا-16000-1400/02/12,2,20,70000000,4257,3500,3500,-757,-17.78,3500,-757,-17.78,3500,3500,1399-10-22
816,اراد474,مرابحه عام دولت4-ش.خ 0008,2,8874000,8730822447000,980000,984235,983496,3496,0.36,983865,3865,0.39,983496,984235,1399-10-22
817,ضفلا1154,اختيارخ فولاد-12000-1399/11/28,2,6,6696000,1999,1126,1114,-885,-44.27,1116,-883,-44.17,1114,1126,1399-10-22
818,ضفلا1151,اختيارخ فولاد-8000-1399/11/28,2,6,21200000,4500,3600,3500,-1000,-22.22,3533,-967,-21.49,3500,3600,1399-10-22
819,اراد454,مرابحه عام دولت4-ش.خ 0107,2,4210000,4016916770000,964324,954382,953892,-10432,-1.08,954137,-10187,-1.06,953892,954382,1399-10-22
820,ضشنا1035,اختيارخ شپنا-14000-1399/10/23,2,5,5000,1,1,1,0,0.0,1,0,0.0,1,1,1399-10-22
821,ضخوز2015,اختيارخ فخوز-16000-1400/02/15,2,2,1299000,2000,300,999,-1001,-50.05,649,-1351,-67.55,300,999,1399-10-22
822,ضپاس1006,اختيارخ وپارس-5000-1399/10/30,2,5,5000,2,1,1,-1,-50.0,1,-1,-50.0,1,1,1399-10-22
823,ضغدر1121,اختيارخ وغدير-14000-1399/11/26,2,15,8250000,800,550,550,-250,-31.25,550,-250,-31.25,550,550,1399-10-22
824,تايرا2,تراكتورسازي‌ايران‌,2,2810000,102284000000,35510,36400,36400,890,2.51,36400,890,2.51,36400,36400,1399-10-22
825,ضچاد2002,اختيارخ كچاد-16000-1400/02/05,2,80,496000000,5667,6200,6200,533,9.41,6200,533,9.41,6200,6200,1399-10-22
826,صايپا308,صكوك مرابحه سايپا308-3ماهه 18%,2,2000,1940000000,990000,950000,990000,0,0.0,970000,-20000,-2.02,950000,990000,1399-10-22
827,ضمخا2003,اختيارخ اخابر-14000-1400/02/29,2,15,34500000,1,2300,2300,2299,229900.0,2300,2299,229900.0,2300,2300,1399-10-22
828,ضپاس1000,اختيارخ وپارس-2000-1399/10/30,2,10,12500000,1198,1250,1250,52,4.34,1250,52,4.34,1250,1250,1399-10-22
829,اخزا718,اسنادخزانه-م18بودجه97-000525,2,3017,2703262170,896405,896010,896010,-395,-0.04,896010,-395,-0.04,896010,896010,1399-10-22
830,اعتماد4,صندوق س.اعتماد آفرين پارسيان-د,2,33490000,1148238140000,34265,34286,34286,21,0.06,34286,21,0.06,34286,34286,1399-10-22
831,ماهان01,منفعت هواپيمايي ماهان 14011123,2,13,12199200,917801,938400,938400,20599,2.24,938400,20599,2.24,938400,938400,1399-10-22
832,شسم,توليد سموم‌ علف‌ كش,2,58,5183692,87622,89374,89374,1752,2.0,87623,1,0.0,89374,89374,1399-10-22
833,اراد214,مرابحه عام دولت2ش.خ صادرات0212,2,57612000,54230636496000,1000000,941463,941153,-58847,-5.88,941308,-58692,-5.87,941153,941463,1399-10-22
834,تملي801,تسهيلات مسكن ب. ملي-فروردين98,2,20,11366620,598243,568331,568331,-29912,-5.0,568331,-29912,-5.0,568331,568331,1399-10-22
835,ضمخا7066,اختيارخ اخابر-12000-1400/07/28,2,8,47885000,6048,5989,5980,-68,-1.12,5986,-62,-1.03,5980,5989,1399-10-22
836,كيش1402,اجاره س. و توسعه كيش14020820,2,6508,6443400000,990000,990000,1050000,60000,6.06,990074,74,0.01,990000,1050000,1399-10-22
837,غيوان,كيوان,2,448,6939072,15336,15489,15489,153,1.0,15336,0,0.0,15489,15489,1399-10-22
838,ضملي1154,اختيارخ فملي-24336-1399/11/05,2,2,378624,150,182,10,-140,-93.33,96,-54,-36.0,10,182,1399-10-22
839,هاي وب2,داده گسترعصرنوين-هاي وب,2,39999000,1095572610000,26090,27390,27390,1300,4.98,27390,1300,4.98,27390,27390,1399-10-22
840,وسرضوي,س.سهام عدالت استان خراسان رضوي,2,15000,14700000,1030,980,980,-50,-4.85,1030,0,0.0,980,980,1399-10-22
841,اراد344,مرابحه عام دولت3-ش.خ 0305,2,19586000,16807931553000,1000000,858286,858035,-141965,-14.2,858160,-141840,-14.18,858035,858286,1399-10-22
842,ثنور2,سرمايه گذاري كوه نور,1,10000000,150940000000,14655,15094,15094,439,3.0,15094,439,3.0,15094,15094,1399-10-22
843,اراد504,مرابحه عام دولت5-ش.خ0302,1,500000,500000000000,1000000,1000000,1000000,0,0.0,1000000,0,0.0,1000000,1000000,1399-10-22
844,آريان2,سرمايه گذاري پارس آريان,1,27000000,428193000000,15859,15859,15859,0,0.0,15859,0,0.0,15859,15859,1399-10-22
845,ضخود2012,اختيارخ خودرو-6000-1400/02/08,1,5,750000,158,150,150,-8,-5.06,150,-8,-5.06,150,150,1399-10-22
846,سبهان2,سيمان‌ بهبهان‌,1,1100000,115170000000,99720,104700,104700,4980,4.99,104700,4980,4.99,104700,104700,1399-10-22
847,اراد60,مرابحه عام دولتي6-ش.خ0210,1,50000,46270500000,925340,925410,925410,70,0.01,925410,70,0.01,925410,925410,1399-10-22
848,ضمخا7071,اختيارخ اخابر-24000-1400/07/28,1,1,777000,1024,777,777,-247,-24.12,777,-247,-24.12,777,777,1399-10-22
849,صفارس307,صكوك اجاره فارس307- 3ماهه18%,1,100,90750000,912500,907500,907500,-5000,-0.55,907500,-5000,-0.55,907500,907500,1399-10-22
850,اراد46,مرابحه عام دولت4-ش.خ 0302,1,2000,2000000000,1000000,1000000,1000000,0,0.0,1000000,0,0.0,1000000,1000000,1399-10-22
851,صمسكن912,ص دين مسكن جنوب-ماهانه16درصد,1,350,18169900,51914,51914,51914,0,0.0,51914,0,0.0,51914,51914,1399-10-22
852,اخزا9092,اسنادخزانه-م9بودجه99-020316,1,200420,127266700000,632342,635000,635000,2658,0.42,635000,2658,0.42,635000,635000,1399-10-22
853,ضملت1123,اختيارخ وبملت-3000-1399/11/28,1,1,1280000,1560,1280,1280,-280,-17.95,1280,-280,-17.95,1280,1280,1399-10-22
854,هصيكو402,اختيارف ت تاصيكو13500-00/02/20,1,1,3413,3819,3413,3413,-406,-10.63,3413,-406,-10.63,3413,3413,1399-10-22
855,تملي708,تسهيلات مسكن ب. ملي-آبان97,1,41,27608498,641313,673378,673378,32065,5.0,673378,32065,5.0,673378,673378,1399-10-22
856,ضگل1142,اختيارخ كگل-16000-1399/11/21,1,1,2500000,3033,2500,2500,-533,-17.57,2500,-533,-17.57,2500,2500,1399-10-22
857,ضمخا7069,اختيارخ اخابر-18000-1400/07/28,1,1,3500000,3250,3500,3500,250,7.69,3500,250,7.69,3500,3500,1399-10-22
858,كمند2,صندوق س. با درآمد ثابت كمند,1,158000000,158000000,10033,1,1,-10032,-99.99,1,-10032,-99.99,1,1,1399-10-22
859,فن آوا2,گروه فن آوا,1,7000000,99176000000,13756,14168,14168,412,3.0,14168,412,3.0,14168,14168,1399-10-22
860,ولانا2,شركت ليزينگ آريا دانا,1,2000000,60200000000,29577,30100,30100,523,1.77,30100,523,1.77,30100,30100,1399-10-22
861,صايپا3082,صكوك مرابحه سايپا308-3ماهه 18%,1,1060000,996930000000,990000,940500,940500,-49500,-5.0,940500,-49500,-5.0,940500,940500,1399-10-22
862,صگل411,ص اجاره گل گهر 411- 3 ماهه 17%,1,6320,6193606320,980000,980001,980001,1,0.0,980001,1,0.0,980001,980001,1399-10-22
863,ضصاد1109,اختيارخ وبصادر-2000-1399/11/12,1,30,25500000,1300,850,850,-450,-34.62,850,-450,-34.62,850,850,1399-10-22
864,سمگا2,گروه سرمايه گذاري ميراث فرهنگي,1,2600000,101400000000,38705,39000,39000,295,0.76,39000,295,0.76,39000,39000,1399-10-22
865,ضملي1150,اختيارخ فملي-14196-1399/11/05,1,1,394400,800,200,200,-600,-75.0,200,-600,-75.0,200,200,1399-10-22
866,پشاهن,توليدي پلاستيك‌ شاهين,1,11128,86108464,7370,7738,7738,368,4.99,7372,2,0.03,7738,7738,1399-10-22
867,وسبوشهر,شركت س استان بوشهر,1,4500,5400000,1260,1200,1200,-60,-4.76,1260,0,0.0,1200,1200,1399-10-22
868,عيار2,صندوق س. پشتوانه طلاي مفيد,1,10000,10000,28204,1,1,-28203,-100.0,1,-28203,-100.0,1,1,1399-10-22
869,اوصتا4,صندوق انديشه ورزان صباتامين -د,1,67217242,1182687372990,17580,17595,17595,15,0.09,17595,15,0.09,17595,17595,1399-10-22
870,اراد35,مرابحه عام دولت3-ش.خ 0103,1,700,667100000,949855,953000,953000,3145,0.33,953000,3145,0.33,953000,953000,1399-10-22
871,ضسان2009,اختيارخ پارسان-18750-00/02/15,1,5,20000000,1,4000,4000,3999,399900.0,4000,3999,399900.0,4000,4000,1399-10-22
872,صخابر102,صكوك اجاره مخابرات-3 ماهه 16%,1,2681,2552647125,952125,952125,952125,0,0.0,952125,0,0.0,952125,952125,1399-10-22
873,ماديرا2,صنايع ماشين هاي اداري ايران,1,10000000,135500000000,13500,13550,13550,50,0.37,13550,50,0.37,13550,13550,1399-10-22
874,ضگل1149,اختيارخ كگل-10000-1399/11/21,1,1,8001000,9900,8001,8001,-1899,-19.18,8001,-1899,-19.18,8001,8001,1399-10-22
875,ضپيك2011,اختيارخ تاپيكو-14000-00/02/19,1,1,2149000,2800,2149,2149,-651,-23.25,2149,-651,-23.25,2149,2149,1399-10-22
876,پيزد2,مجتمع صنايع لاستيك يزد,1,1150000,97439500000,83151,84730,84730,1579,1.9,84730,1579,1.9,84730,84730,1399-10-22
877,ضپار1117,اختيارخ خپارس-7000-1399/11/19,1,3,1200000,1265,400,400,-865,-68.38,400,-865,-68.38,400,400,1399-10-22
878,كمينا4,شيشه سازي مينا,1,9540073,370984818751,37036,38887,38887,1851,5.0,38887,1851,5.0,38887,38887,1399-10-22
879,پست0008پ02,پسته فندقي32-30طلاسبززرند0008,1,1,1321186,1426536,1321186,1321186,-105350,-7.39,1321186,-105350,-7.39,1321186,1321186,1399-10-22
880,مكرج112,مشاركت شهرداري كرج-3ماهه18%,1,100,93800000,958000,938000,938000,-20000,-2.09,938000,-20000,-2.09,938000,938000,1399-10-22
881,تابان02,اجاره تابان لوتوس14021206,1,3000,2940000000,960000,980000,980000,20000,2.08,980000,20000,2.08,980000,980000,1399-10-22
882,رمپنا2,گروه مپنا (سهامي عام),1,24999990,438999824400,17560,17560,17560,0,0.0,17560,0,0.0,17560,17560,1399-10-22
883,زير0003پ02,زيره سبز0003 دانش(پ),1,19,9500000,498040,500000,500000,1960,0.39,500000,1960,0.39,500000,500000,1399-10-22
884,ضغدر1118,اختيارخ وغدير-9000-1399/11/26,1,1,2840000,3000,2840,2840,-160,-5.33,2840,-160,-5.33,2840,2840,1399-10-22
885,ضصاد1105,اختيارخ وبصادر-5000-1399/11/12,1,40,80000,2,2,2,0,0.0,2,0,0.0,2,2,1399-10-22
886,اراد22,مرابحه عام دولت2-ش.خ لوتوس0212,1,3000,2955000000,969000,985000,985000,16000,1.65,985000,16000,1.65,985000,985000,1399-10-22
887,ضپنا2004,اختيارخ رمپنا-18000-1400/02/12,1,10,37000000,3062,3700,3700,638,20.84,3700,638,20.84,3700,3700,1399-10-22
888,ضپاس1007,اختيارخ وپارس-6000-1399/10/30,1,31,124000,3,4,4,1,33.33,4,1,33.33,4,4,1399-10-22
889,دمعيار2,صندوق س. توازن معيار-د,1,2000000,2000000,10104,1,1,-10103,-99.99,1,-10103,-99.99,1,1,1399-10-22
890,اتكاي2,بيمه اتكايي ايرانيان,1,4833424,74855237488,15237,15487,15487,250,1.64,15487,250,1.64,15487,15487,1399-10-22
891,فخوز2,فولاد  خوزستان,1,2844058,42234261300,14900,14850,14850,-50,-0.34,14850,-50,-0.34,14850,14850,1399-10-22
892,سلامت6,مرابحه سلامت6واجدشرايط خاص1400,1,2000,2000000000,976000,1000000,1000000,24000,2.46,1000000,24000,2.46,1000000,1000000,1399-10-22
