,نماد,نام,تعداد,حجم,ارزش,دیروز,اولین,آخرین معامله - مقدار,آخرین معامله - تغییر,آخرین معامله - درصد,قیمت پایانی - مقدار,قیمت پایانی - تغییر,قیمت پایانی - درصد,کمترین,بیشترین,تاریخ
0,شستا,سرمايه گذاري تامين اجتماعي,62322,150678155,3821510082760,25490,26600,24870,-620,-2.43,25360,-130,-0.51,24550,26640,1399-9-30
1,پالايش,صندوق پالايشي يکم-سهام,58183,21667726,1976241518650,94760,94500,89300,-5460,-5.76,91210,-3550,-3.75,89020,95060,1399-9-30
2,بپيوند,برق و انرژي پيوندگستر پارس,48252,71073063,2359319702568,32559,34000,32400,-159,-0.49,33196,637,1.96,31000,34420,1399-9-30
3,شپنا,پالايش نفت اصفهان,44682,228143913,3358559161350,15320,15310,14560,-760,-4.96,14720,-600,-3.92,14560,15450,1399-9-30
4,خودرو,ايران‌ خودرو,44085,992705258,3484631624820,3660,3670,3480,-180,-4.92,3510,-150,-4.1,3480,3680,1399-9-30
5,فملي,ملي‌ صنايع‌ مس‌ ايران‌,39209,140360581,2231155559790,15700,15940,15920,220,1.4,15900,200,1.27,15220,16320,1399-9-30
6,وسپهر,سرمايه گذاري مالي سپهرصادرات,38496,200003595,2298342314648,11691,11604,11230,-461,-3.94,11492,-199,-1.7,11150,11654,1399-9-30
7,وتجارت,بانك تجارت,34744,863232917,2925625448000,3500,3560,3350,-150,-4.29,3390,-110,-3.14,3330,3560,1399-9-30
8,دارا يكم,صندوق واسطه گري مالي يكم-سهام,32677,9801529,1727216909710,180720,180800,175040,-5680,-3.14,176220,-4500,-2.49,173500,180880,1399-9-30
9,فولاد,فولاد مباركه اصفهان,30196,183053486,2656415847450,14600,14800,14520,-80,-0.55,14510,-90,-0.62,14160,14880,1399-9-30
10,بوعلي,پتروشيمي بوعلي سينا,29029,5705781,316784961120,52880,55520,55520,2640,4.99,55520,2640,4.99,55520,55520,1399-9-30
11,دي,بانك دي,27011,50746599,2311738611216,46154,47990,44900,-1254,-2.72,45555,-599,-1.3,44000,47990,1399-9-30
12,خساپا,سايپا,26998,669744431,1718206414730,2670,2680,2540,-130,-4.87,2570,-100,-3.75,2540,2690,1399-9-30
13,زدشت,كشت و صنعت دشت خرم دره,26030,36684145,2492605581193,64891,66623,69290,4399,6.78,67948,3057,4.71,62020,70930,1399-9-30
14,سيتا,سرمايه گذاري سيمان تامين,22832,30669172,511156011430,17030,17130,16600,-430,-2.52,16670,-360,-2.11,16500,17350,1399-9-30
15,وكبهمن,مديريت سرمايه گذاري كوثربهمن,22159,3222958,56998012230,16843,17685,17685,842,5.0,17685,842,5.0,17685,17685,1399-9-30
16,غزر,صنعتي زر ماكارون,22072,5046206,293256754470,56120,56900,58920,2800,4.99,58110,1990,3.55,54210,58920,1399-9-30
17,ثاميد,توسعه و عمران اميد,21751,160139526,364603497500,2320,2350,2260,-60,-2.59,2280,-40,-1.72,2210,2360,1399-9-30
18,چخزر,صنايع چوب خزر كاسپين,20850,168217,4738000022,26825,28166,28166,1341,5.0,26946,121,0.45,28166,28166,1399-9-30
19,بركت,گروه دارويي بركت,20418,83624882,2050427284110,23400,24570,24570,1170,5.0,24520,1120,4.79,23900,24570,1399-9-30
20,شتران,پالايش نفت تهران,20371,84613660,998342510790,12300,12350,11690,-610,-4.96,11800,-500,-4.07,11690,12400,1399-9-30
21,وبصادر,بانك صادرات ايران,19461,411436690,1275184520360,3220,3240,3060,-160,-4.97,3100,-120,-3.73,3060,3240,1399-9-30
22,خگستر,گسترش‌سرمايه‌گذاري‌ايران‌خودرو,18818,321198210,1396947261570,4520,4510,4300,-220,-4.87,4350,-170,-3.76,4300,4600,1399-9-30
23,حسينا,توسعه خدمات دريايي وبندري سينا,18778,17989411,1834239519951,99508,105000,99800,292,0.29,101962,2454,2.47,94580,106900,1399-9-30
24,شاروم,پتروشيمي اروميه,18644,15599803,465934865316,28446,29868,29868,1422,5.0,29868,1422,5.0,29866,29868,1399-9-30
25,بگيلان,توسعه مسير برق گيلان,17986,6014718,154565282374,26194,26410,25370,-824,-3.15,25698,-496,-1.89,25220,26410,1399-9-30
26,آريا,پليمر آريا ساسول,17646,3616490,691513369853,186192,195501,189900,3708,1.99,191211,5019,2.7,182000,195501,1399-9-30
27,زملارد,كشاورزي و دامپروري ملارد شير,17617,2379265,108346750526,45050,47000,44502,-548,-1.22,45538,488,1.08,43500,47190,1399-9-30
28,ثبهساز,بهساز كاشانه تهران,17376,85598837,243909539100,2900,2970,2840,-60,-2.07,2850,-50,-1.72,2770,2970,1399-9-30
29,وپارس,بانك‌پارسيان‌,17306,475011946,1923849855980,4230,4230,4020,-210,-4.96,4050,-180,-4.26,4020,4250,1399-9-30
30,شبندر,پالايش نفت بندرعباس,16962,54095261,1527745125880,29230,29300,27770,-1460,-4.99,28240,-990,-3.39,27770,29950,1399-9-30
31,شسينا,صنايع‌شيميايي‌سينا,16744,12089207,2365677449410,186710,196040,196040,9330,5.0,195690,8980,4.81,187640,196040,1399-9-30
32,چكاپا,گروه صنايع كاغذ پارس,16703,181013811,1399171162760,7480,7840,7660,180,2.41,7730,250,3.34,7270,7850,1399-9-30
33,آبادا,توليد نيروي برق آبادان,16411,5462271,100074528820,18520,19080,17960,-560,-3.02,18320,-200,-1.08,17820,19080,1399-9-30
34,امين,تامين سرمايه امين,16240,14997800,168765218920,11570,11690,11220,-350,-3.03,11250,-320,-2.77,11120,11690,1399-9-30
35,وبملت,بانك ملت,15807,253173742,1238313123960,5030,5100,4840,-190,-3.78,4890,-140,-2.78,4780,5100,1399-9-30
36,گدنا,تهيه توزيع غذاي دنا آفرين فدك,14993,517801,21962011614,40395,42414,42414,2019,5.0,41199,804,1.99,42414,42414,1399-9-30
37,ذوب,سهامي ذوب آهن  اصفهان,14538,182401236,1036933202263,5688,5871,5610,-78,-1.37,5685,-3,-0.05,5460,5871,1399-9-30
38,پترول,گروه پتروشيمي س. ايرانيان,14195,64375332,777984790030,12340,12500,11910,-430,-3.48,12090,-250,-2.03,11770,12600,1399-9-30
39,پيزد,مجتمع صنايع لاستيك يزد,13483,1645932,140267127070,83412,85970,86650,3238,3.88,85220,1808,2.17,81320,87460,1399-9-30
40,زمگسا,كشاورزي‌ ودامپروي‌ مگسال‌,13239,20685876,1322189971180,59820,64500,65800,5980,10.0,63920,4100,6.85,60010,65800,1399-9-30
41,سمگا,گروه سرمايه گذاري ميراث فرهنگي,13177,75478010,2361895504556,31019,30800,32569,1550,5.0,31292,273,0.88,29469,32569,1399-9-30
42,پتاير,ايران‌ تاير,12729,6556099,1336479760580,189870,190000,209000,19130,10.08,203850,13980,7.36,189800,209000,1399-9-30
43,وپويا,سرمايه گذاري پويا,12678,23908898,200378737545,8525,8800,8211,-314,-3.68,8381,-144,-1.69,8099,8800,1399-9-30
44,حكشتي,كشتيراني جمهوري اسلامي ايران,12306,31197978,827318033890,27730,28000,26350,-1380,-4.98,26520,-1210,-4.36,26350,28000,1399-9-30
45,شگويا,پتروشيمي تندگويان,11862,56095852,650103610287,11605,11960,11490,-115,-0.99,11589,-16,-0.14,11220,12038,1399-9-30
46,كاما,باما,11533,36722514,784493849290,22260,22490,21150,-1110,-4.99,21360,-900,-4.04,21150,22490,1399-9-30
47,قصفها,قنداصفهان‌,10795,3865823,965691660540,247690,255000,246100,-1590,-0.64,249800,2110,0.85,230400,259500,1399-9-30
48,كرمان,س. توسعه و عمران استان كرمان,10786,18894135,1618176717323,82417,85050,86537,4120,5.0,85644,3227,3.92,80008,86537,1399-9-30
49,شيران,س. صنايع‌شيميايي‌ايران,10662,24603008,1001157838790,39420,39500,40430,1010,2.56,40690,1270,3.22,38280,41390,1399-9-30
50,غبهنوش,بهنوش‌ ايران‌,10140,11202987,1935378615600,157510,173260,173260,15750,10.0,172760,15250,9.68,168000,173260,1399-9-30
51,هرمز,فولاد هرمزگان جنوب,9900,80528748,1299835135938,15433,16204,16204,771,5.0,16141,708,4.59,15590,16204,1399-9-30
52,فرابورس,فرابورس ايران,9858,16982498,1010768515129,57119,59950,59974,2855,5.0,59518,2399,4.2,57200,59974,1399-9-30
53,فروي,ذوب روي اصفهان,9618,10474103,697249281434,63705,66890,66890,3185,5.0,66569,2864,4.5,64002,66890,1399-9-30
54,غگل,گلوكوزان‌,9461,92414347,451231800730,5080,5120,4840,-240,-4.72,4880,-200,-3.94,4830,5130,1399-9-30
55,وخارزم,سرمايه گذاري خوارزمي,9452,58790898,605202799280,10620,10900,10160,-460,-4.33,10290,-330,-3.11,10090,10980,1399-9-30
56,ماديرا,صنايع ماشين هاي اداري ايران,9229,28199159,892981591352,33096,32534,31442,-1654,-5.0,31667,-1429,-4.32,31442,32700,1399-9-30
57,خزاميا,زامياد,9137,46494282,604195248380,13530,13610,12860,-670,-4.95,13000,-530,-3.92,12860,13880,1399-9-30
58,رافزا,رايان هم افزا,9041,52886,2047058402,36864,38707,38707,1843,5.0,36936,72,0.2,38707,38707,1399-9-30
59,نوري,پتروشيمي نوري,9035,9564905,672468197690,72280,72280,69900,-2380,-3.29,70310,-1970,-2.73,69450,72280,1399-9-30
60,وملي,گروه‌ صنعتي‌ ملي‌ (هلدينگ‌,9001,2265729,722590314900,328920,335000,313000,-15920,-4.84,318920,-10000,-3.04,312480,340000,1399-9-30
61,شبريز,پالايش نفت تبريز,8957,19966273,617834181120,31940,32500,30350,-1590,-4.98,30940,-1000,-3.13,30350,32500,1399-9-30
62,ثاخت,بين‌المللي‌توسعه‌ساختمان,8860,142292500,661266484210,4840,4860,4600,-240,-4.96,4650,-190,-3.93,4600,4880,1399-9-30
63,ثشاهد,سرمايه‌ گذاري‌ شاهد,8835,28928447,730619187590,26310,26350,25000,-1310,-4.98,25260,-1050,-3.99,25000,26990,1399-9-30
64,فخوز,فولاد  خوزستان,8671,61908796,1013330344210,15440,16400,16550,1110,7.19,16370,930,6.02,15810,16990,1399-9-30
65,خبهمن,گروه‌بهمن‌,8477,31153155,888333405740,28320,29690,28210,-110,-0.39,28520,200,0.71,27210,29690,1399-9-30
66,تليسه,دامداري تليسه نمونه,8351,56161161,386075495715,7182,7180,6823,-359,-5.0,6874,-308,-4.29,6823,7270,1399-9-30
67,وغدير,سرمايه‌گذاري‌غدير(هلدينگ‌,7910,35973180,466736633470,12910,13530,13010,100,0.77,12970,60,0.46,12500,13530,1399-9-30
68,وساپا,سرمايه‌گذاري‌ سايپا,7626,54676424,460278688620,8720,8990,8290,-430,-4.93,8420,-300,-3.44,8290,8990,1399-9-30
69,كچاد,معدني‌وصنعتي‌چادرملو,7207,33607846,705051072960,20580,20800,20600,20,0.1,20980,400,1.94,19940,21520,1399-9-30
70,ارفع,شركت آهن و فولاد ارفع,7155,35893211,609236849212,16351,17150,17050,699,4.27,16974,623,3.81,16000,17168,1399-9-30
71,هاي وب,داده گسترعصرنوين-هاي وب,7005,23168701,704193369820,31580,31500,30010,-1570,-4.97,30390,-1190,-3.77,30010,32100,1399-9-30
72,فارس,صنايع پتروشيمي خليج فارس,6968,27749533,367594925750,13050,13310,13150,100,0.77,13250,200,1.53,12970,13500,1399-9-30
73,غنوش,نوش‌ مازندران‌,6959,11136009,643316283910,60180,60830,59130,-1050,-1.74,57770,-2410,-4.0,57180,61590,1399-9-30
74,ولساپا,ليزينگ رايان‌ سايپا,6652,96218672,429682978310,4480,4600,4380,-100,-2.23,4470,-10,-0.22,4310,4640,1399-9-30
75,وايران,ليزينگ ايرانيان,6549,42214371,599873063460,14650,15270,13920,-730,-4.98,14210,-440,-3.0,13920,15270,1399-9-30
76,انرژي3,سايراشخاص بورس انرژي,6516,2248082,820126827380,349200,366660,366660,17460,5.0,364810,15610,4.47,352890,366660,1399-9-30
77,ختوقا,قطعات‌ اتومبيل‌ ايران‌,6342,96616362,431844429310,4680,4740,4450,-230,-4.91,4470,-210,-4.49,4450,4740,1399-9-30
78,فاسمين,كالسيمين‌,6257,30433497,613271488960,19430,20280,19900,470,2.42,20150,720,3.71,19010,20400,1399-9-30
79,كپارس,كاشي‌ پارس‌,6254,4244270,658128721350,155850,155000,149950,-5900,-3.79,155060,-790,-0.51,148060,163640,1399-9-30
80,خپارس,پارس‌ خودرو,6119,53315513,408377217500,7990,7980,7600,-390,-4.88,7660,-330,-4.13,7600,8000,1399-9-30
81,ونيرو,سرمايه‌گذاري‌نيرو,6089,69821110,292628643410,4310,4390,4130,-180,-4.18,4190,-120,-2.78,4100,4400,1399-9-30
82,صبا,سرمايه گذاري صبا تامين,5928,18474944,161219076965,8806,9000,8600,-206,-2.34,8726,-80,-0.91,8500,9099,1399-9-30
83,تملت,تامين سرمايه بانك ملت,5911,30715718,314713463550,10140,10640,10420,280,2.76,10250,110,1.08,9900,10640,1399-9-30
84,بكهنوج,توليد برق ماهتاب كهنوج,5835,95309263,277980127248,3042,3042,2890,-152,-5.0,2917,-125,-4.11,2890,3100,1399-9-30
85,ومعادن,توسعه‌معادن‌وفلزات‌,5543,43803906,632717329600,14610,14660,14520,-90,-0.62,14440,-170,-1.16,13930,14980,1399-9-30
86,تبرك,گروه كارخانجات صنعتي تبرك,5462,13431241,334455930302,25959,25500,24662,-1297,-5.0,24901,-1058,-4.08,24662,26200,1399-9-30
87,غپينو,پارس‌ مينو,5412,55903765,570693925370,9790,10270,10270,480,4.9,10210,420,4.29,9800,10270,1399-9-30
88,ونوين,بانك‌اقتصادنوين‌,5314,78043112,414163949500,5340,5360,5340,0,0.0,5310,-30,-0.56,5120,5580,1399-9-30
89,ولغدر,ليزينگ‌خودروغدير,5282,22481558,590105600870,25180,26430,26400,1220,4.85,26250,1070,4.25,25190,26430,1399-9-30
90,غشهداب,كشت و صنعت شهداب ناب خراسان,5256,45456417,232509553342,5029,5199,5172,143,2.84,5115,86,1.71,4800,5270,1399-9-30
91,سمايه,بانك سرمايه,5245,48770360,385953934304,8291,7877,7900,-391,-4.72,7914,-377,-4.55,7877,8095,1399-9-30
92,غسالم,سالمين‌,5228,50684581,330157769660,6230,6540,6540,310,4.98,6510,280,4.49,6260,6540,1399-9-30
93,وپست,پست بانك ايران,5159,31090825,565805768930,17490,18340,18360,870,4.97,18200,710,4.06,17110,18360,1399-9-30
94,بجهرم,توسعه مولد نيروگاهي جهرم,5145,46892001,182305388327,3940,4050,3875,-65,-1.65,3888,-52,-1.32,3800,4050,1399-9-30
95,وصنعت,سرمايه گذاري توسعه صنعت وتجارت,5107,36074007,281711560330,7580,7950,7750,170,2.24,7810,230,3.03,7580,7950,1399-9-30
96,تاپيكو,س. نفت و گاز و پتروشيمي تأمين,5093,27452202,407249220890,14910,15270,14600,-310,-2.08,14830,-80,-0.54,14500,15350,1399-9-30
97,كفپارس,فرآورده‌هاي‌ نسوز پارس‌,5076,34354601,267975256610,8070,8160,7670,-400,-4.96,7800,-270,-3.35,7670,8260,1399-9-30
98,ونيكي,سرمايه‌گذاري‌ ملي‌ايران‌,4911,18201686,376775451390,21580,21200,20510,-1070,-4.96,20700,-880,-4.08,20510,22000,1399-9-30
99,كگل,معدني و صنعتي گل گهر,4897,22306545,413571680940,18690,18690,18460,-230,-1.23,18540,-150,-0.8,17920,19060,1399-9-30
100,شغدير,پتروشيمي غدير,4845,9979367,718024313871,74026,75000,70325,-3701,-5.0,71951,-2075,-2.8,70325,75170,1399-9-30
101,حفاري,حفاري شمال,4838,23000150,284360151410,12450,12680,12110,-340,-2.73,12360,-90,-0.72,12000,12750,1399-9-30
102,ملت,بيمه ملت,4835,71986918,1484166112300,19640,20620,20620,980,4.99,20620,980,4.99,19700,20620,1399-9-30
103,كاوه,فولاد كاوه جنوب كيش,4833,27075773,615843172190,22500,23620,22500,0,0.0,22750,250,1.11,22000,23620,1399-9-30
104,فاراك,ماشين‌ سازي‌ اراك‌,4776,40446433,309735277910,7910,7820,7550,-360,-4.55,7660,-250,-3.16,7520,8080,1399-9-30
105,لپارس,پارس‌ الكتريك‌,4743,1793644,268524918070,148640,155500,147030,-1610,-1.08,149710,1070,0.72,144440,155500,1399-9-30
106,قنيشا,قند  نيشابور,4738,7933124,538700445540,64900,66190,68140,3240,4.99,67910,3010,4.64,65000,68140,1399-9-30
107,شفن,پتروشيمي فناوران,4626,2981752,969168370700,311010,326560,326560,15550,5.0,325030,14020,4.51,311970,326560,1399-9-30
108,فاذر,صنايع‌ آذرآب‌,4606,8407269,315202113960,37580,39390,36600,-980,-2.61,37490,-90,-0.24,36300,39430,1399-9-30
109,سبزوا,سيمان لار سبزوار,4604,37500706,199652826259,5581,5550,5302,-279,-5.0,5324,-257,-4.6,5302,5550,1399-9-30
110,غبهار,كشت وصنعت بهاران گلبهار خراسان,4598,10975885,495427829512,44055,45376,45376,1321,3.0,45138,1083,2.46,43500,45376,1399-9-30
111,بكام,كارخانجات توليدي شهيد قندي,4556,56003375,240096278550,4470,4530,4250,-220,-4.92,4290,-180,-4.03,4250,4530,1399-9-30
112,زكوثر,سرمايه گذاري كشاورزي كوثر,4523,13453058,330557421290,23500,24660,24670,1170,4.98,24570,1070,4.55,23900,24670,1399-9-30
113,ديران,ايران‌دارو,4495,19592196,548948999080,26800,28140,28140,1340,5.0,28020,1220,4.55,26850,28140,1399-9-30
114,شلرد,كود شيميايي اوره لردگان,4400,41201743,427674475078,10093,10395,10395,302,2.99,10380,287,2.84,10100,10395,1399-9-30
115,ولپارس,ليزينگ پارسيان,4376,18770897,165934729480,8420,8840,8840,420,4.99,8840,420,4.99,8840,8840,1399-9-30
116,ثنوسا,نوسازي‌وساختمان‌تهران‌,4355,44551356,714391923750,15300,16060,16060,760,4.97,16040,740,4.84,15520,16060,1399-9-30
117,وتوكا,سرمايه‌گذاري‌توكافولاد(هلدينگ,4311,31627103,426619180410,14120,13500,13420,-700,-4.96,13490,-630,-4.46,13420,13960,1399-9-30
118,غصينو,صنعتي مينو,4295,10634190,884973318489,79366,83334,83334,3968,5.0,83220,3854,4.86,79726,83334,1399-9-30
119,قاسم,قاسم ايران,4275,45835751,789702642433,16423,17244,17244,821,5.0,17229,806,4.91,16750,17244,1399-9-30
120,فمراد,آلومراد,4187,4121694,591576509280,130360,137400,144270,13910,10.67,143530,13170,10.1,137400,144270,1399-9-30
121,اخابر,مخابرات ايران,4156,26107440,389404333550,15380,15340,14800,-580,-3.77,14920,-460,-2.99,14620,15540,1399-9-30
122,البرز,بيمه البرز,4155,59474252,315033940960,5430,5590,5230,-200,-3.68,5300,-130,-2.39,5170,5600,1399-9-30
123,ودي,بيمه  دي,4090,16275574,451193046140,28829,29600,27388,-1441,-5.0,27722,-1107,-3.84,27388,29600,1399-9-30
124,دماوند,توليد نيروي برق دماوند,4061,4079358,277108128413,69526,70000,66050,-3476,-5.0,67929,-1597,-2.3,66050,71000,1399-9-30
125,خمحركه,نيرو محركه‌,3964,30450737,222490963300,7620,7590,7240,-380,-4.99,7310,-310,-4.07,7240,7740,1399-9-30
126,تاپكيش,تجارت الكترونيك پارسيان كيش,3882,13862167,375991306869,26071,27374,27374,1303,5.0,27124,1053,4.04,26071,27374,1399-9-30
127,بايكا,كارخانجات كابلسازي ‌ايران‌,3868,9011514,550322325097,58417,58500,61337,2920,5.0,61069,2652,4.54,58500,61337,1399-9-30
128,كمند,صندوق س. با درآمد ثابت كمند,3858,182476339,1840158553956,10076,10083,10085,9,0.09,10084,8,0.08,10082,10087,1399-9-30
129,زبينا,كشاورزي و دامپروري بينالود,3795,5298554,261194156661,51591,51001,49012,-2579,-5.0,49295,-2296,-4.45,49012,52260,1399-9-30
130,شسپا,نفت سپاهان,3782,17896881,518684741380,27710,29090,29090,1380,4.98,28980,1270,4.58,27800,29090,1399-9-30
131,وپاسار,بانك  پاسارگاد,3728,34573651,410725880540,12040,12040,11880,-160,-1.33,11880,-160,-1.33,11680,12050,1399-9-30
132,ساوه,سيمان ساوه,3708,2150013,121179779699,58503,60194,55578,-2925,-5.0,56362,-2141,-3.66,55578,60194,1399-9-30
133,وكادو,تكادو,3689,18129496,373509239058,20697,20077,21317,620,3.0,20602,-95,-0.46,20077,21317,1399-9-30
134,غشهد,شهد ايران ‌,3640,23626824,215826335570,9090,9520,8900,-190,-2.09,9130,40,0.44,8730,9520,1399-9-30
135,بورس,بورس اوراق بهادار تهران,3635,6753976,433004991080,61270,64330,64330,3060,4.99,64110,2840,4.64,62000,64330,1399-9-30
136,ثعمرا,عمران و توسعه شاهد,3602,14742250,212090672300,14903,14999,14179,-724,-4.86,14387,-516,-3.46,14158,15290,1399-9-30
137,فسازان,غلتك سازان سپاهان,3593,16437358,651109415190,37900,39790,39500,1600,4.22,39610,1710,4.51,38030,39790,1399-9-30
138,غگيلا,شيرپاستوريزه پگاه گيلان,3586,551409,10641642291,18380,19299,19299,919,5.0,18564,184,1.0,19299,19299,1399-9-30
139,كرازي,كارخانجات‌توليدي‌شيشه‌رازي‌,3506,9569288,236188711770,23680,24800,24860,1180,4.98,24680,1000,4.22,23680,24860,1399-9-30
140,پكوير,كوير تاير,3496,10739137,236820511490,21210,22040,22270,1060,5.0,22050,840,3.96,20750,22270,1399-9-30
141,كوير,توليدي فولاد سپيد فراب كوير,3400,11357709,243123223970,21960,22400,20910,-1050,-4.78,21410,-550,-2.5,20900,22880,1399-9-30
142,سيمرغ,سيمرغ,3392,13182147,267534227910,19420,20290,20390,970,4.99,20300,880,4.53,19800,20390,1399-9-30
143,ورنا,سرمايه‌گذاري‌ رنا(هلدينگ‌,3390,25457096,212456019890,8710,8720,8300,-410,-4.71,8350,-360,-4.13,8280,8950,1399-9-30
144,وسينا,بانك سينا,3356,24264738,268177778080,11450,11760,10970,-480,-4.19,11050,-400,-3.49,10880,11760,1399-9-30
145,فرآور,فرآوري‌موادمعدني‌ايران‌,3348,11949330,349931350280,28020,29420,29420,1400,5.0,29280,1260,4.5,27000,29420,1399-9-30
146,شگل,گلتاش‌,3346,20509866,615624425530,28610,30040,30040,1430,5.0,30020,1410,4.93,29180,30040,1399-9-30
147,خكرمان,گروه اقتصادي كرمان خودرو,3341,40855179,233146887839,5578,5740,5698,120,2.15,5707,129,2.31,5550,5745,1399-9-30
148,سرو,صندوق س سروسودمند مدبران-سهام,3336,4546028,333439324840,73280,74100,72700,-580,-0.79,73350,70,0.1,72600,74860,1399-9-30
149,فبيرا,بسته‌ بندي‌ ايران‌,3324,52542677,240841085016,4503,4368,4638,135,3.0,4584,81,1.8,4368,4638,1399-9-30
150,ميدكو,هلدينگ صنايع  معدني خاورميانه,3316,8970867,270983779769,29389,29390,30350,961,3.27,30207,818,2.78,29000,30780,1399-9-30
151,تپمپي,پمپ‌ سازي‌ ايران‌,3308,9389712,329184126520,36550,37890,35500,-1050,-2.87,35060,-1490,-4.08,34730,37890,1399-9-30
152,شپارس,بين‌ المللي‌ محصولات‌  پارس‌,3278,14751655,281378550950,18310,19220,19080,770,4.21,19070,760,4.15,18450,19220,1399-9-30
153,كحافظ,كاشي‌ وسراميك‌ حافظ‌,3276,11092456,198273700120,18470,19000,17550,-920,-4.98,17870,-600,-3.25,17550,19130,1399-9-30
154,نوين,بيمه نوين,3222,27379624,237913592561,9026,9194,8575,-451,-5.0,8689,-337,-3.73,8575,9194,1399-9-30
155,حبندر,دريايي و کشتيراني خط دريابندر,3217,6455644,219587444922,33475,33350,34478,1003,3.0,34015,540,1.61,32471,34479,1399-9-30
156,وساخت,سرمايه‌ گذاري‌ ساختمان‌ايران‌,3201,3445640,207794788450,62990,62500,59850,-3140,-4.98,60310,-2680,-4.25,59850,63800,1399-9-30
157,خمحور,توليدمحورخودرو,3201,4476520,368024294500,79980,83970,79600,-380,-0.48,82210,2230,2.79,77020,83970,1399-9-30
158,كيسون,شركت كيسون,3162,15604152,245569132144,16058,16000,15577,-481,-3.0,15737,-321,-2.0,15577,16480,1399-9-30
159,مدير,ص.س.مديريت ثروت ص.بازنشستگي-س,3114,15070005,171702443113,11567,11800,11254,-313,-2.71,11394,-173,-1.5,11033,11820,1399-9-30
160,خصدرا,صنعتي‌ دريايي‌ ايران‌,3089,34383930,179876426685,5347,5480,5187,-160,-2.99,5231,-116,-2.17,5187,5480,1399-9-30
161,وآوا,سرمايه گذاري آوا نوين,3087,14540069,124056183621,8472,8895,8190,-282,-3.33,8532,60,0.71,8049,8895,1399-9-30
162,وسديد,گروه ‌صنعتي‌سديد,3073,13924242,371754920784,26012,26792,26792,780,3.0,26698,686,2.64,26220,26792,1399-9-30
163,ونفت,سرمايه‌گذاري‌ صنعت‌ نفت‌,3051,11169567,197683962520,17550,18250,17330,-220,-1.25,17700,150,0.85,16750,18380,1399-9-30
164,كلوند,كاشي‌ الوند,3023,7853007,231458100370,28500,29280,29920,1420,4.98,29470,970,3.4,27600,29920,1399-9-30
165,دزهراوي,داروسازي‌زهراوي‌,3003,10923597,143312977310,13170,13500,12940,-230,-1.75,13120,-50,-0.38,12600,13660,1399-9-30
166,غمينو,شركت صنايع غذايي مينو شرق,2957,9227910,150134058195,15608,16388,16388,780,5.0,16270,662,4.24,15675,16388,1399-9-30
167,وهور,مديريت انرژي اميد  تابان هور,2897,7029543,301080503953,44444,42800,43350,-1094,-2.46,42831,-1613,-3.63,42222,46000,1399-9-30
168,چدن,توليدي چدن سازان,2847,21383110,808114646060,36010,37810,37810,1800,5.0,37790,1780,4.94,37010,37810,1399-9-30
169,خاذين,سايپاآذين‌,2829,27932791,186801963700,6990,6900,6650,-340,-4.86,6690,-300,-4.29,6650,6900,1399-9-30
170,آگاس,صندوق س.هستي بخش آگاه-س,2813,2923678,220924303522,76116,76200,75450,-666,-0.87,75564,-552,-0.73,74605,76990,1399-9-30
171,قشكر,شكرشاهرود,2809,4571106,225101440290,47240,49500,49600,2360,5.0,49240,2000,4.23,47500,49600,1399-9-30
172,رتاپ,تجارت الكترونيك  پارسيان,2797,13649785,114456527150,8710,8970,8280,-430,-4.94,8390,-320,-3.67,8280,8970,1399-9-30
173,دتوليد,داروسازي توليد دارو,2787,5649257,195356575215,33287,34850,34951,1664,5.0,34581,1294,3.89,33200,34951,1399-9-30
174,پارسيان,بيمه پارسيان,2787,14711543,211147560430,14800,14600,14530,-270,-1.82,14350,-450,-3.04,14060,14960,1399-9-30
175,وبانك,سرمايه گذاري گروه توسعه ملي,2748,14789450,148785437510,10240,10440,9980,-260,-2.54,10060,-180,-1.76,9770,10440,1399-9-30
176,ولصنم,ليزينگ‌صنعت‌ومعدن‌,2745,20110136,209099945450,9950,10430,10440,490,4.92,10400,450,4.52,10150,10440,1399-9-30
177,ختور,رادياتور ايران‌,2738,5246433,203298183410,40070,40500,38070,-2000,-4.99,38750,-1320,-3.29,38070,41840,1399-9-30
178,غمارگ,مارگارين‌,2709,6352239,258325117610,41720,43490,40600,-1120,-2.68,40670,-1050,-2.52,39640,43490,1399-9-30
179,وشهر,بانك شهر,2616,29991100,211194533354,7307,7100,7015,-292,-4.0,7042,-265,-3.63,7015,7307,1399-9-30
180,وملل,اعتباري ملل,2612,14479721,233093656729,16203,16500,16075,-128,-0.79,16098,-105,-0.65,15710,16750,1399-9-30
181,شكلر,نيروكلر,2607,3509001,218890418360,63250,62280,62290,-960,-1.52,62380,-870,-1.38,61000,64170,1399-9-30
182,واحصا,احياء صنايع خراسان,2581,6040810,188706642499,31435,30492,32378,943,3.0,31239,-196,-0.62,30492,32378,1399-9-30
183,خزر,فنرسازي‌زر,2530,12364116,358043613460,27860,28700,29250,1390,4.99,28960,1100,3.95,27860,29250,1399-9-30
184,لكما,كارخانجات‌مخابراتي‌ايران‌,2514,16191066,126333696806,7987,7900,7748,-239,-2.99,7803,-184,-2.3,7748,8100,1399-9-30
185,سدور,سيمان‌ دورود,2505,17336714,176984757920,9780,10260,10260,480,4.91,10210,430,4.4,9780,10260,1399-9-30
186,غديس,پاكديس,2486,12689375,163308679619,12519,13080,13144,625,4.99,12870,351,2.8,12093,13144,1399-9-30
187,بساما,بيمه سامان,2480,4880788,164988965839,33124,34780,32700,-424,-1.28,33804,680,2.05,32060,34780,1399-9-30
188,وبوعلي,سرمايه‌گذاري‌بوعلي‌,2476,16190036,115965780960,7450,7690,7080,-370,-4.97,7160,-290,-3.89,7080,7690,1399-9-30
189,فسرب,ملي‌ سرب‌وروي‌ ايران‌,2452,1500285,207581365210,132370,138980,138980,6610,4.99,138360,5990,4.53,133780,138980,1399-9-30
190,سخواف,سيمان مجد خواف,2441,10092700,155301064321,15344,14885,15249,-95,-0.62,15387,43,0.28,14885,15800,1399-9-30
191,ركيش,كارت اعتباري ايران كيش,2436,11393703,234613688540,19740,20700,20710,970,4.91,20590,850,4.31,19860,20720,1399-9-30
192,كساپا,سايپاشيشه‌,2430,9450453,328605824240,33550,35220,35220,1670,4.98,34770,1220,3.64,32020,35220,1399-9-30
193,سفارس,سيمان فارس و خوزستان,2427,10396631,183944698050,17910,18040,17660,-250,-1.4,17690,-220,-1.23,17020,18480,1399-9-30
194,قزوين,كارخانجات‌ قند قزوين‌,2403,5874111,245940017960,43300,45000,41730,-1570,-3.63,41870,-1430,-3.3,41140,45000,1399-9-30
195,وليز,ليزينگ‌ايران‌,2368,12164022,113377867810,9320,9330,9190,-130,-1.39,9320,0,0.0,9000,9690,1399-9-30
196,ميهن,بيمه ميهن,2360,39060767,255397668082,6345,6400,6662,317,5.0,6538,193,3.04,6028,6662,1399-9-30
197,فباهنر,مس‌ شهيدباهنر,2332,4843922,263687871350,51920,54510,54510,2590,4.99,54440,2520,4.85,52100,54510,1399-9-30
198,وپترو,سرمايه‌گذاري صنايع پتروشيمي‌,2323,16891897,326109853940,18420,19340,19340,920,4.99,19310,890,4.83,18450,19340,1399-9-30
199,تماوند,تامين سرمايه دماوند,2322,18737510,301011965194,15391,16160,15520,129,0.84,16065,674,4.38,15450,16160,1399-9-30
200,بزاگرس,نيروگاه زاگرس كوثر,2307,11869982,151781110129,13352,13350,12685,-667,-5.0,12787,-565,-4.23,12685,13350,1399-9-30
201,اپرداز,آتيه داده پرداز,2307,7569623,217608582519,30147,30740,29000,-1147,-3.8,28748,-1399,-4.64,28640,30880,1399-9-30
202,دانا,بيمه دانا,2304,38553569,401629615730,9930,10420,10420,490,4.93,10420,490,4.93,10100,10420,1399-9-30
203,اتكاي,بيمه اتكايي ايرانيان,2294,8564138,149311242847,17081,17800,17441,360,2.11,17434,353,2.07,16340,17927,1399-9-30
204,فولاي,صنايع فولاد آلياژي يزد,2271,3890057,146345327774,35950,37747,37747,1797,5.0,37620,1670,4.65,36623,37747,1399-9-30
205,سفار,سيمان‌فارس‌,2255,1577737,172897051160,104540,109760,109760,5220,4.99,109590,5050,4.83,104540,109760,1399-9-30
206,فلامي,لاميران‌,2249,2681856,124172391860,45410,47680,46000,590,1.3,46300,890,1.96,43200,47680,1399-9-30
207,خريخت,صنايع‌ريخته‌گري‌ايران‌,2248,33948545,150573757710,4650,4630,4420,-230,-4.95,4440,-210,-4.52,4420,4630,1399-9-30
208,ومهان,گروه توسعه مالي مهر آيندگان,2245,8449058,137144839658,15997,16720,16100,103,0.64,16232,235,1.47,15690,16720,1399-9-30
209,پاكشو,گروه صنعتي پاكشو,2243,1884510,155689522450,83930,86000,79740,-4190,-4.99,82620,-1310,-1.56,79740,86000,1399-9-30
210,حريل,ريل پردازسير,2242,30984192,156948660639,4839,5080,5080,241,4.98,5065,226,4.67,4920,5080,1399-9-30
211,دتوزيع,توزيع دارو پخش,2170,3110519,87336462384,28063,28500,27400,-663,-2.36,28078,15,0.05,26700,28990,1399-9-30
212,غمينوح,ح . شركت صنايع غذايي مينو شرق,2165,9073099,105676153264,11270,11833,11832,562,4.99,11647,377,3.35,11020,11833,1399-9-30
213,لسرما,سرما آفرين‌,2136,3641402,112994911450,30910,30500,31350,440,1.42,31030,120,0.39,29550,31970,1399-9-30
214,خاهن,آهنگري‌ تراكتورسازي‌ ايران‌,2076,3263304,130803786250,41280,41560,39730,-1550,-3.75,40080,-1200,-2.91,39550,41560,1399-9-30
215,ثمسكن,سرمايه‌گذاري‌ مسكن‌,2049,20091508,119980102970,6220,6220,5910,-310,-4.98,5970,-250,-4.02,5910,6330,1399-9-30
216,والبر,سرمايه‌ گذاري‌ البرز(هلدينگ‌,2035,7820636,152885777970,19800,20590,19300,-500,-2.53,19550,-250,-1.26,18960,20590,1399-9-30
217,وكار,بانك‌ كارآفرين‌,2016,40075067,182278160920,4730,4800,4520,-210,-4.44,4550,-180,-3.81,4500,4840,1399-9-30
218,افق,فروشگاههاي زنجيره اي افق كوروش,2012,1324465,108711913110,82390,82990,81200,-1190,-1.44,82080,-310,-0.38,79700,83990,1399-9-30
219,رنيك,جنرال مكانيك,2000,4491737,119513928158,26693,27710,26280,-413,-1.55,26608,-85,-0.32,25510,27710,1399-9-30
220,كرماشا,صنايع پتروشيمي كرمانشاه,1987,5402820,231900234180,43040,43990,41800,-1240,-2.88,42920,-120,-0.28,41290,45000,1399-9-30
221,غپاك,لبنيات‌ پاك‌,1963,11951894,190115335930,16230,16700,16100,-130,-0.8,15910,-320,-1.97,15420,16700,1399-9-30
222,وآذر,سرمايه‌گذاري‌توسعه‌آذربايجان‌,1945,1341541,141039579240,104750,104500,102570,-2180,-2.08,105130,380,0.36,100100,109700,1399-9-30
223,قشير,قند شيروان قوچان و بجنورد,1919,2365301,72286177117,30969,32150,30200,-769,-2.48,30561,-408,-1.32,29422,32150,1399-9-30
224,گكيش,توريستي ورفاهي آبادگران كيش,1917,1962761,121550363414,62443,59400,62200,-243,-0.39,61928,-515,-0.82,59321,65565,1399-9-30
225,پاسا,ايران‌ياساتايرورابر,1913,5549356,152114460660,27510,28200,28000,490,1.78,27410,-100,-0.36,26210,28500,1399-9-30
226,ارزش,صندوق س ارزش آفرين بيدار-سهام,1907,10482714,115169182530,11060,11280,10950,-110,-0.99,10990,-70,-0.63,10720,11280,1399-9-30
227,حفارس,حمل و نقل بين المللي خليج فارس,1905,19837227,88517038190,4560,4670,4350,-210,-4.61,4460,-100,-2.19,4340,4680,1399-9-30
228,كگاز,شيشه‌ و گاز,1887,3794805,86970476330,23270,23100,22800,-470,-2.02,22920,-350,-1.5,22200,24100,1399-9-30
229,بخاور,بيمه زندگي خاورميانه,1883,12232023,117302237025,9375,9400,9490,115,1.23,9590,215,2.29,9220,9822,1399-9-30
230,كطبس,ذغال‌سنگ‌ نگين‌ ط‌بس‌,1862,3133811,207693678720,68980,69150,67900,-1080,-1.57,66280,-2700,-3.91,65540,70800,1399-9-30
231,كروي,توسعه‌ معادن‌ روي‌ ايران‌,1856,4189770,146003683950,34870,34420,34500,-370,-1.06,34850,-20,-0.06,33800,36430,1399-9-30
232,پارسان,گسترش نفت و گاز پارسيان,1837,9595435,224878231540,23200,24000,23510,310,1.34,23440,240,1.03,22500,24250,1399-9-30
233,سرچشمه,سرمايه گذاري مس سرچشمه,1834,18339990,159656040721,8329,8745,8745,416,4.99,8705,376,4.51,8330,8745,1399-9-30
234,وشمال,س. چشم انداز توسعه شمال,1817,1549915,145025374122,91057,91100,93788,2731,3.0,93570,2513,2.76,91100,93788,1399-9-30
235,فالوم,آلومتك‌,1804,6866376,195981199286,27759,28590,28591,832,3.0,28542,783,2.82,28010,28591,1399-9-30
236,ولبهمن,شركت بهمن ليزينگ,1799,49558963,497104249489,9575,9640,10053,478,4.99,10031,456,4.76,9570,10053,1399-9-30
237,رانفور,خدمات‌انفورماتيك‌,1796,5641614,181102386650,30650,32180,32180,1530,4.99,32100,1450,4.73,31400,32180,1399-9-30
238,شتوكا,توكا رنگ فولاد سپاهان,1794,2420074,103795574834,44667,43000,42440,-2227,-4.99,42889,-1778,-3.98,42434,45500,1399-9-30
239,حسير,ريل سير كوثر,1791,5704213,104411033976,19130,18910,18174,-956,-5.0,18304,-826,-4.32,18174,19130,1399-9-30
240,حتايد,تايدواترخاورميانه,1753,9679467,218530746950,23580,22550,22430,-1150,-4.88,22580,-1000,-4.24,22410,23570,1399-9-30
241,ولشرق,ليزينگ ايران و شرق,1751,12821918,99003722517,7359,7726,7726,367,4.99,7721,362,4.92,7501,7726,1399-9-30
242,غاذر,كشت‌وصنعت‌پياذر,1748,1525043,137087928370,86420,90700,90740,4320,5.0,89890,3470,4.02,87000,90740,1399-9-30
243,سپاها,سيمان‌سپاهان‌,1745,12906820,115999984790,8740,9100,9170,430,4.92,8990,250,2.86,8480,9170,1399-9-30
244,خكاوه,سايپا ديزل,1737,24919889,125519635313,5150,5120,5100,-50,-0.97,5037,-113,-2.19,4996,5299,1399-9-30
245,سشرق,سيمان‌ شرق‌,1729,13790824,98066572810,7190,7490,7000,-190,-2.64,7110,-80,-1.11,6880,7490,1399-9-30
246,تنوينح,ح . تامين سرمايه نوين,1728,6213368,30910807771,5119,5100,4950,-169,-3.3,4975,-144,-2.81,4822,5250,1399-9-30
247,ما,بيمه  ما,1726,11678956,106844853520,9080,9470,9100,20,0.22,9150,70,0.77,8800,9490,1399-9-30
248,ثپرديس,سرمايه گذاري مسكن پرديس,1722,9221425,95422026498,10669,11100,10180,-489,-4.58,10348,-321,-3.01,10136,11104,1399-9-30
249,ختراكح,ح . ريخته‌گري‌ تراكتورسازي‌,1720,6033120,86775982690,13430,14280,14770,1340,9.98,14380,950,7.07,13600,14770,1399-9-30
250,اعتماد,صندوق س.اعتماد آفرين پارسيان-د,1717,54957600,1864124886520,33897,33912,33915,18,0.05,33919,22,0.06,33912,33925,1399-9-30
251,ثفارس,عمران‌وتوسعه‌فارس‌,1713,19626897,202847468050,9860,10350,10350,490,4.97,10340,480,4.87,10000,10350,1399-9-30
252,ريشمك,توليد و صادرات ريشمك,1702,2483982,155603999452,59691,62675,62675,2984,5.0,62643,2952,4.95,61001,62675,1399-9-30
253,واتي,سرمايه‌ گذاري‌ آتيه‌ دماوند,1686,10637644,158667876480,14400,15010,14900,500,3.47,14920,520,3.61,13900,15120,1399-9-30
254,كمنگنز,معادن‌منگنزايران‌,1676,1796035,185644134620,98670,103600,103600,4930,5.0,103360,4690,4.75,100000,103600,1399-9-30
255,كاذرح,ح . فرآورده‌هاي‌نسوزآذر,1670,4459020,90098889300,19690,20210,20300,610,3.1,20210,520,2.64,19500,20880,1399-9-30
256,زگلدشت,كشت و دام گلدشت نمونه اصفهان,1648,1709786,77341623627,45938,45510,45351,-587,-1.28,45235,-703,-1.53,43642,47431,1399-9-30
257,تابا,تابان نيرو سپاهان,1639,3791255,133613503651,33637,35318,35318,1681,5.0,35243,1606,4.77,34135,35318,1399-9-30
258,قشرين,قند شيرين خراسان,1629,9988241,208797577385,20320,20850,20929,609,3.0,20904,584,2.87,20401,20929,1399-9-30
259,آريان,سرمايه گذاري پارس آريان,1620,11212706,179957518772,15890,16360,15970,80,0.5,16049,159,1.0,15573,16360,1399-9-30
260,شجم,صنايع پتروشيمي تخت جمشيد,1617,37071739,402984977247,10632,10565,10950,318,2.99,10870,238,2.24,10314,10950,1399-9-30
261,ستران,سيمان‌ تهران‌,1610,3947945,139022758170,36940,37100,35100,-1840,-4.98,35210,-1730,-4.68,35100,37300,1399-9-30
262,اميد,تامين سرمايه اميد,1604,9500170,115361092330,12650,12780,12020,-630,-4.98,12140,-510,-4.03,12020,13000,1399-9-30
263,شپديس,پتروشيمي پرديس,1575,2215650,227784136970,103830,104800,102980,-850,-0.82,102810,-1020,-0.98,101000,104800,1399-9-30
264,تاصيكو,سرمايه گذاري صدرتامين,1573,11536101,132511462830,11550,11700,11460,-90,-0.78,11490,-60,-0.52,11280,11900,1399-9-30
265,شاراك,پتروشيمي شازند,1569,5726180,153803206120,27180,27500,26600,-580,-2.13,26860,-320,-1.18,26100,27800,1399-9-30
266,آ س پ,آ.س.پ,1565,6032039,69846247709,11657,12140,11450,-207,-1.78,11579,-78,-0.67,11100,12140,1399-9-30
267,مرقام,ايران‌ارقام‌,1547,3997076,92792597740,23410,23880,22610,-800,-3.42,23220,-190,-0.81,22500,24340,1399-9-30
268,پلاسك,پلاسكوكار,1543,10195392,86937243360,8860,8700,8420,-440,-4.97,8530,-330,-3.72,8420,9170,1399-9-30
269,قجام,فرآوردههاي غذايي وقندتربت‌جام‌,1539,10835758,133577764523,12417,12750,12500,83,0.67,12327,-90,-0.72,12045,12750,1399-9-30
270,همراه,شركت ارتباطات سيار ايران,1531,2963159,100706826460,34830,34240,34000,-830,-2.38,33990,-840,-2.41,33170,35000,1399-9-30
271,ثنظام,س. ساختماني نظام مهندسي ايران,1519,1772948,76839001500,43737,43090,44000,263,0.6,43340,-397,-0.91,42425,44880,1399-9-30
272,سنير,سيمان‌ سفيد ني‌ريز,1504,1233452,115940207160,90110,94590,94610,4500,4.99,94000,3890,4.32,90390,94610,1399-9-30
273,فسپا,گروه‌صنعتي‌سپاهان‌,1503,4936229,246139484140,48440,49500,50860,2420,5.0,49860,1420,2.93,46800,50860,1399-9-30
274,وبيمه,سرمايه‌ گذاري‌ صنعت‌ بيمه‌,1501,13296300,46778855620,3530,3660,3440,-90,-2.55,3520,-10,-0.28,3370,3660,1399-9-30
275,ددام,داروسازي زاگرس فارمد پارس,1493,5475583,89091739800,16560,17380,15740,-820,-4.95,16270,-290,-1.75,15740,17380,1399-9-30
276,وبهمن,سرمايه‌گذاري‌بهمن‌,1492,8413122,168787007400,20650,21020,19650,-1000,-4.84,20060,-590,-2.86,19620,21500,1399-9-30
277,چافست,افست‌,1492,3428534,76020912600,23110,22740,21960,-1150,-4.98,22170,-940,-4.07,21960,23350,1399-9-30
278,نطرين,عطرين نخ قم,1487,5737225,63510315649,11543,11890,10966,-577,-5.0,11070,-473,-4.1,10966,11890,1399-9-30
279,فلوله,لوله‌وماشين‌سازي‌ايران‌,1479,5593792,129352107140,24250,23700,23450,-800,-3.3,23120,-1130,-4.66,23040,24250,1399-9-30
280,اعتلا,شركت سرمايه گذاري اعتلاء البرز,1479,10691265,107151757961,10524,10185,9998,-526,-5.0,10022,-502,-4.77,9998,10360,1399-9-30
281,غبشهر,صنعتي‌ بهشهر,1464,10515640,281151171550,25480,26750,26750,1270,4.98,26740,1260,4.95,26010,26750,1399-9-30
282,شصدف,صنعتي دوده فام,1463,36022,944460818,24971,26219,26219,1248,5.0,24993,22,0.09,26219,26219,1399-9-30
283,خچرخش,چرخشگر,1449,4489073,69188900300,16070,16050,15270,-800,-4.98,15410,-660,-4.11,15270,16170,1399-9-30
284,كنور,توسعه معدني و صنعتي صبانور,1446,3211607,155287888250,47620,49440,49000,1380,2.9,48350,730,1.53,46000,49490,1399-9-30
285,سيستم,همكاران سيستم,1439,3752650,128854069100,35490,35500,35060,-430,-1.21,34340,-1150,-3.24,33720,35590,1399-9-30
286,دفارا,داروسازي‌ فارابي‌,1439,5632347,370794125690,62750,63960,65880,3130,4.99,65830,3080,4.91,63180,65880,1399-9-30
287,فجر,فولاد اميركبيركاشان,1426,2217447,138142281570,60550,63500,63570,3020,4.99,62300,1750,2.89,57550,63570,1399-9-30
288,خشرق,الكتريك‌ خودرو شرق‌,1423,5457020,122443047870,23480,22800,22310,-1170,-4.98,22440,-1040,-4.43,22310,23900,1399-9-30
289,شمواد,توليد مواداوليه الياف مصنوعي,1412,1403597,76566245930,55057,54500,53406,-1651,-3.0,54550,-507,-0.92,53406,56708,1399-9-30
290,سصوفي,سيمان‌ صوفيان‌,1411,5079931,77767753060,16060,15820,15260,-800,-4.98,15310,-750,-4.67,15260,16000,1399-9-30
291,ومعلم,بيمه معلم,1402,5741581,42399720582,7458,7555,7320,-138,-1.85,7394,-64,-0.86,7120,7555,1399-9-30
292,دتوزيعح,ح . توزيع دارو پخش,1395,1374461,33031665622,24516,25098,23600,-916,-3.74,24032,-484,-1.97,23460,25100,1399-9-30
293,سپح,ح . پرداخت الكترونيك سامان كيش,1390,2576115,51225126000,19950,20890,20000,50,0.25,19880,-70,-0.35,19000,20890,1399-9-30
294,ثالوند,سرمايه گذاري مسكن الوند,1386,5125645,78463917873,15599,16000,15100,-499,-3.2,15308,-291,-1.87,14860,16200,1399-9-30
295,دلقما,دارويي‌ لقمان‌,1384,2593253,73053687430,29300,30170,28840,-460,-1.57,28170,-1130,-3.86,27840,30170,1399-9-30
296,آپ,آسان پرداخت پرشين,1380,3335841,62571386250,19150,19690,18420,-730,-3.81,18760,-390,-2.04,18200,19690,1399-9-30
297,سپ,پرداخت الكترونيك سامان كيش,1374,2152513,45348524930,21050,21800,20710,-340,-1.62,21070,20,0.1,20000,21850,1399-9-30
298,شخارك,پتروشيمي‌ خارك‌,1367,4484793,216184981080,45950,48240,48240,2290,4.98,48200,2250,4.9,46860,48240,1399-9-30
299,بالاس,مهندسي ساختمان تاسيسات راه آهن,1363,1683061,86313571663,52824,52824,50183,-2641,-5.0,51284,-1540,-2.92,50183,54990,1399-9-30
300,ثرود,سرمايه‌گذاري مسكن زاينده رود,1359,6680607,68817636681,10732,10500,10196,-536,-4.99,10301,-431,-4.02,10196,10990,1399-9-30
301,وبشهر,توسعه‌ صنايع‌ بهشهر(هلدينگ,1355,10889397,181137068570,15870,16660,16660,790,4.98,16630,760,4.79,16000,16660,1399-9-30
302,امين يكم,صندوق درآمد ثابت امين يكم فردا,1355,43906299,451272868789,10265,10270,10290,25,0.24,10278,13,0.13,10265,10310,1399-9-30
303,كمرجان,بازرگاني و توليدي مرجان كار,1354,1286108,94631732042,70125,73631,73631,3506,5.0,73580,3455,4.93,72000,73631,1399-9-30
304,وخاور,بانك خاورميانه,1330,10924941,110194795290,10180,10300,10500,320,3.14,10090,-90,-0.88,9680,10510,1399-9-30
305,غشان,شيرپاستوريزه‌پگاه‌خراسان‌,1318,8484397,68402136710,8390,8360,7980,-410,-4.89,8060,-330,-3.93,7980,8360,1399-9-30
306,وهنر,گروه توسعه هنر ايران,1315,10788798,54904843593,4987,5136,5083,96,1.93,5089,102,2.05,4851,5136,1399-9-30
307,وسپه,سرمايه‌گذاري‌ سپه‌,1309,9589271,138714022120,14510,14970,14230,-280,-1.93,14470,-40,-0.28,13930,14970,1399-9-30
308,سمازن,سيمان‌مازندران‌,1305,5450332,56821263300,10590,10990,10170,-420,-3.97,10430,-160,-1.51,10100,10990,1399-9-30
309,وآرين,شركت توسعه اقتصادي آرين,1304,8826068,46237129194,5336,5260,5250,-86,-1.61,5239,-97,-1.82,5176,5450,1399-9-30
310,سكرما,سيمان‌ كرمان‌,1293,6474001,113031182650,16660,17390,17490,830,4.98,17460,800,4.8,17020,17490,1399-9-30
311,خرينگ,رينگ‌سازي‌مشهد,1292,1940277,121434578640,59640,62620,62620,2980,5.0,62590,2950,4.95,61000,62620,1399-9-30
312,ثنام,س ساختماني ب نام آوران مهندسي,1282,4196713,88492924416,20517,20656,21132,615,3.0,21086,569,2.77,20656,21132,1399-9-30
313,فنورد,نوردوقطعات‌ فولادي‌,1281,892230,183638085260,196280,204700,206090,9810,5.0,205820,9540,4.86,200000,206090,1399-9-30
314,وگستر,گسترش سرمايه گذاري ايرانيان,1280,5673169,135184870622,22713,23780,23848,1135,5.0,23829,1116,4.91,23000,23848,1399-9-30
315,ولتجار,واسپاري تجارت وسرمايه ايرانيان,1274,9912894,73002701751,7231,7446,7447,216,2.99,7364,133,1.84,7020,7447,1399-9-30
316,شبهرن,نفت‌ بهران‌,1270,1488448,87268763300,59400,60000,58930,-470,-0.79,58630,-770,-1.3,57520,60280,1399-9-30
317,وثنو,سرمايه گذاري ساختماني نوين,1268,7413415,140172048829,18116,19021,19021,905,5.0,18908,792,4.37,17211,19021,1399-9-30
318,زقيام,كشت و دام قيام اصفهان,1268,2267381,94594583731,43602,42920,41422,-2180,-5.0,41720,-1882,-4.32,41422,43420,1399-9-30
319,خديزل,بهمن  ديزل,1261,2389364,128382474522,53687,55790,53500,-187,-0.35,53731,44,0.08,52500,55790,1399-9-30
320,فخاس,فولاد خراسان,1242,2411031,76619108760,33050,31400,31890,-1160,-3.51,32040,-1010,-3.06,31400,33440,1399-9-30
321,شاوان,پالايش نفت لاوان,1242,1910300,198498807386,99318,102200,104270,4952,4.99,103910,4592,4.62,99601,104283,1399-9-30
322,كهمداح,ح . شيشه‌ همدان‌,1236,5613687,59532892420,10590,11110,10360,-230,-2.17,10600,10,0.09,10100,11110,1399-9-30
323,لوتوس,تامين سرمايه لوتوس پارسيان,1233,4447948,72040605390,16870,16720,16030,-840,-4.98,16200,-670,-3.97,16030,16850,1399-9-30
324,شپاكسا,پاكسان‌,1225,3029524,97595147800,31730,31730,31800,70,0.22,32210,480,1.51,31730,33070,1399-9-30
325,ضخود1044,اختيارخ خودرو-4000-1399/10/07,1216,61113,2898543000,87,90,33,-54,-62.07,47,-40,-45.98,32,90,1399-9-30
326,زكشت,كشاورزي مكانيزه اصفهان كشت,1215,2733257,91782827834,32873,33200,34516,1643,5.0,33580,707,2.15,31230,34516,1399-9-30
327,ثتران,سرمايه گذاري مسكن تهران,1211,9504532,48353408821,5034,5040,5080,46,0.91,5085,51,1.01,4910,5285,1399-9-30
328,وحافظ,بيمه حافظ,1203,2413704,174123992453,70193,72280,72298,2105,3.0,72140,1947,2.77,69101,72298,1399-9-30
329,وپسا,س. پتروشيمي ساختمان  خليج فارس,1196,18940262,70234916822,3770,3825,3657,-113,-3.0,3708,-62,-1.64,3657,3825,1399-9-30
330,زماهان,مجتمع توليد گوشت مرغ ماهان,1191,2479049,65340443899,27421,27950,26050,-1371,-5.0,26357,-1064,-3.88,26050,28000,1399-9-30
331,وسكاب,س.ص.بازنشستگي كاركنان بانكها,1175,10819773,71873486380,6660,6920,6680,20,0.3,6640,-20,-0.3,6460,6920,1399-9-30
332,سهگمت,سيمان‌هگمتان‌,1175,4631028,116123043900,24110,25310,24840,730,3.03,25080,970,4.02,24000,25310,1399-9-30
333,شپاس,نفت پاسارگاد,1173,6209369,151824838286,25633,25633,24352,-1281,-5.0,24451,-1182,-4.61,24352,25633,1399-9-30
334,سامان,بانك سامان,1173,19517323,252125821691,12545,12738,12921,376,3.0,12918,373,2.97,12600,12921,1399-9-30
335,قرن,پديده شيمي قرن,1167,6576904,370776145240,55240,57500,58000,2760,5.0,56380,1140,2.06,55830,58000,1399-9-30
336,غالبر,لبنيات‌ كالبر,1166,5841491,74452929540,13280,13700,12620,-660,-4.97,12750,-530,-3.99,12620,13700,1399-9-30
337,شوينده,مديريت صنعت شوينده ت.ص.بهشهر,1163,2240514,84899550050,37020,38800,37500,480,1.3,37890,870,2.35,37000,38870,1399-9-30
338,پخش,پخش البرز,1162,1982380,86065779812,42464,44000,44130,1666,3.92,43415,951,2.24,41100,44487,1399-9-30
339,كهمدا,شيشه‌ همدان‌,1157,3653252,45270151800,12590,12900,12260,-330,-2.62,12410,-180,-1.43,12100,13000,1399-9-30
340,توريل,توکاريل,1153,6282839,161269871158,24463,25686,25686,1223,5.0,25668,1205,4.93,25010,25686,1399-9-30
341,دكوثر,داروسازي‌ كوثر,1152,2646682,64618616340,24770,25290,24250,-520,-2.1,24410,-360,-1.45,23550,25300,1399-9-30
342,جم,پتروشيمي جم,1144,3328641,162242977600,49110,50000,48210,-900,-1.83,48740,-370,-0.75,47100,50000,1399-9-30
343,خودكفا,اقتصادي و خودكفايي آزادگان,1140,9763334,373779478856,37169,38284,38284,1115,3.0,38284,1115,3.0,38284,38284,1399-9-30
344,سيدكو,سرمايه گذاري توسعه صنايع سيمان,1138,5033059,40218338130,7960,8240,8200,240,3.02,7980,20,0.25,7630,8240,1399-9-30
345,رمپنا,گروه مپنا (سهامي عام),1124,3957482,76579020490,19640,19590,19120,-520,-2.65,19450,-190,-0.97,18900,19590,1399-9-30
346,فنوال,نورد آلومينيوم‌,1120,2708589,79211596130,30580,30580,29060,-1520,-4.97,29240,-1340,-4.38,29060,30580,1399-9-30
347,فايرا,آلومينيوم‌ايران‌,1105,2132514,57978575270,27980,29250,26640,-1340,-4.79,27190,-790,-2.82,26600,29250,1399-9-30
348,شكربن,كربن‌ ايران‌,1104,1324850,107768554290,84040,82510,80990,-3050,-3.63,81340,-2700,-3.21,79840,84000,1399-9-30
349,زشريف,كشت وصنعت شريف آباد,1103,4028958,108223727922,26040,26400,27342,1302,5.0,26861,821,3.15,25020,27342,1399-9-30
350,غشوكو,شوكو پارس,1103,1453820,68686611378,46220,47606,47606,1386,3.0,47246,1026,2.22,44834,47606,1399-9-30
351,كخاك,صنايع‌خاك‌چيني‌ايران‌,1101,1952606,106563290900,52410,55030,55030,2620,5.0,54570,2160,4.12,52840,55030,1399-9-30
352,وزمين,بانك ايران زمين,1100,10065818,132915779960,13180,13443,13000,-180,-1.37,13205,25,0.19,12917,13443,1399-9-30
353,تايرا,تراكتورسازي‌ايران‌,1097,7252470,214804149710,28530,29800,29950,1420,4.98,29620,1090,3.82,27900,29950,1399-9-30
354,وگردشح,ح . بانك گردشگري,1093,149951326,1968338494041,13624,14441,14441,817,6.0,13127,-497,-3.65,12807,14441,1399-9-30
355,كترام,توليدي‌ كاشي‌ تكسرام‌,1092,3467681,127022987110,34920,36550,36660,1740,4.98,36630,1710,4.9,35400,36660,1399-9-30
356,دسانكو,داروسازي سبحان انكولوژي,1092,4551906,80136768088,17172,17700,18030,858,5.0,17605,433,2.52,16700,18030,1399-9-30
357,غويتا,ويتانا,1080,1465517,71691407943,51204,50000,48644,-2560,-5.0,48919,-2285,-4.46,48644,51000,1399-9-30
358,تنوين,تامين سرمايه نوين,1055,7114151,47866548940,6790,6780,6750,-40,-0.59,6730,-60,-0.88,6600,6990,1399-9-30
359,شبصير,توليدات پتروشيمي قائد بصير,1053,900524,116252809154,130863,134000,125990,-4873,-3.72,129095,-1768,-1.35,125000,134000,1399-9-30
360,سكرد,سيمان كردستان,1052,7604037,63814456480,8560,8680,8500,-60,-0.7,8390,-170,-1.99,8160,8700,1399-9-30
361,ساربيل,سيمان آرتا اردبيل,1038,911224,47402750670,54530,53000,51810,-2720,-4.99,52030,-2500,-4.58,51810,53500,1399-9-30
362,ثشرق,سرمايه گذاري مسكن شمال شرق,1037,15067602,91447148180,5820,6110,6110,290,4.98,6070,250,4.3,5600,6110,1399-9-30
363,پرداخت,به پرداخت ملت,1029,3128679,77791480930,24280,24100,25490,1210,4.98,24860,580,2.39,23450,25490,1399-9-30
364,پرديس,سرمايه گذاري پرديس,1005,5336755,38993543110,7320,7450,7330,10,0.14,7310,-10,-0.14,7120,7550,1399-9-30
365,فافزا,فولاد افزا سپاهان,1001,1308765,57705659569,43699,44003,45009,1310,3.0,44092,393,0.9,42389,45009,1399-9-30
366,شرانل,نفت ايرانول,998,1598060,54594347156,34326,35900,34000,-326,-0.95,34163,-163,-0.47,32610,35946,1399-9-30
367,كاردان,صندوق س تجارت شاخصي كاردان,993,380845,69791061970,184090,189200,182990,-1100,-0.6,183250,-840,-0.46,180000,189410,1399-9-30
368,سشمال,سيمان‌ شمال‌,991,6475515,64140543080,9470,9930,9940,470,4.96,9910,440,4.65,9500,9940,1399-9-30
369,دابور,داروسازي‌ ابوريحان‌,990,2014982,92987988970,44960,44960,47200,2240,4.98,46150,1190,2.65,44010,47200,1399-9-30
370,ثغرب,شركت سرمايه گذاري مسكن شمالغرب,961,5225682,59078346739,11754,11350,11167,-587,-4.99,11305,-449,-3.82,11167,11830,1399-9-30
371,جم پيلن,پلي پروپيلن جم - جم پيلن,961,1116686,96219451870,83500,86800,86500,3000,3.59,86170,2670,3.2,83550,87670,1399-9-30
372,كالا,بورس كالاي ايران,948,2645762,132896625260,47840,50230,50230,2390,5.0,50230,2390,5.0,50230,50230,1399-9-30
373,خكمك,كمك‌فنرايندامين‌,947,1434209,64454310170,47000,45000,44650,-2350,-5.0,44940,-2060,-4.38,44650,46850,1399-9-30
374,غمهراح,ح . توليدي‌مهرام‌,946,1586270,105481252150,66450,64630,67120,670,1.01,66500,50,0.08,62000,69750,1399-9-30
375,دالبر,البرزدارو,936,3535089,81916419100,22290,22320,23400,1110,4.98,23170,880,3.95,22040,23400,1399-9-30
376,تيپيكو,سرمايه گذاري دارويي تامين,931,1119696,64380109250,58960,60490,58000,-960,-1.63,57990,-970,-1.65,56910,60490,1399-9-30
377,قهكمت,قندهكمتان‌,924,854417,43470328450,49990,50000,51690,1700,3.4,50720,730,1.46,47500,52460,1399-9-30
378,غشاذر,پگاه‌آذربايجان‌غربي‌,922,1962716,36971087610,19090,19640,18700,-390,-2.04,18900,-190,-1.0,18320,19640,1399-9-30
379,تكنو,تكنوتار,917,3747475,55133580900,14260,14080,14970,710,4.98,14710,450,3.16,13830,14970,1399-9-30
380,پارس,پتروشيمي پارس,902,550763,89050962060,157700,163800,160790,3090,1.96,161030,3330,2.11,158100,163880,1399-9-30
381,كساوه,صنايع‌ كاشي‌ و سراميك‌ سينا,902,1419368,130434401510,96110,96110,91310,-4800,-4.99,91900,-4210,-4.38,91310,97000,1399-9-30
382,وسرمد,بيمه  سرمد,896,14102171,113868948393,7853,8088,8088,235,2.99,8075,222,2.83,7700,8088,1399-9-30
383,وسنا,سرمايه گذاري نيروگاهي ايران,894,3329490,55794444458,17370,17193,16502,-868,-5.0,16758,-612,-3.52,16502,17880,1399-9-30
384,سخوز,سيمان خوزستان,887,1653315,39844678460,24150,25270,23400,-750,-3.11,24110,-40,-0.17,23030,25270,1399-9-30
385,ولملت,واسپاري ملت,876,4559632,45577028740,10400,10110,9880,-520,-5.0,10010,-390,-3.75,9880,10580,1399-9-30
386,وصندوق,سرمايه‌گذاري‌صندوق‌بازنشستگي‌,873,9009231,140628162150,15660,15400,15610,-50,-0.32,15610,-50,-0.32,15400,16000,1399-9-30
387,لخزر,پارس‌ خزر,873,574579,119298932740,214760,207010,213190,-1570,-0.73,207630,-7130,-3.32,204030,222390,1399-9-30
388,حاريا,كشتيراني آريا,872,1702144,44593249661,26657,26000,25858,-799,-3.0,26198,-459,-1.72,25858,27410,1399-9-30
389,واميد,گروه مديريت سرمايه گذاري اميد,867,3898557,147767645390,37890,38450,36920,-970,-2.56,37900,10,0.03,36230,39500,1399-9-30
390,بميلا,توسعه بازرگاني آهن وفولادميلاد,865,2448133,48068797792,19312,20227,19400,88,0.46,19635,323,1.67,19000,20227,1399-9-30
391,آوا,صندوق س.سهام آواي معيار-س,864,7382044,68653234498,9364,9670,9300,-64,-0.68,9300,-64,-0.68,9159,9670,1399-9-30
392,حپارسا,توسعه حمل و نقل ريلي پارسيان,861,3313268,109962679818,31945,32980,33542,1597,5.0,33189,1244,3.89,31120,33542,1399-9-30
393,بهپاك,صنعتي بهپاك,855,1336909,59216681184,45410,47000,44325,-1085,-2.39,44294,-1116,-2.46,43140,47390,1399-9-30
394,شفا,سرمايه گذاري شفادارو,841,3380684,202253300680,57200,57020,60060,2860,5.0,59830,2630,4.6,57020,60060,1399-9-30
395,زاگرس,پتروشيمي زاگرس,840,1410668,289281454756,195302,205067,205067,9765,5.0,205067,9765,5.0,205067,205067,1399-9-30
396,لابسا,آبسال‌,840,1542679,66051201040,40790,42820,42820,2030,4.98,42820,2030,4.98,42590,42820,1399-9-30
397,درهآور,دارويي ره آورد تامين,838,5262058,242496680872,43890,46084,46084,2194,5.0,46084,2194,5.0,46084,46084,1399-9-30
398,كهرام,توليدي گرانيت بهسرام,833,1243337,85791150140,67639,64258,71020,3381,5.0,69001,1362,2.01,64258,71020,1399-9-30
399,غپآذر,شير پگاه آذربايجان شرقي,822,1190615,71012445654,58336,59647,60000,1664,2.85,59643,1307,2.24,56021,60900,1399-9-30
400,اوان,مبين وان كيش,816,826988,43431194411,52009,51000,52120,111,0.21,52466,457,0.88,51000,54350,1399-9-30
401,دشيمي,شيمي‌ داروئي‌ داروپخش‌,801,2269374,180400751410,75760,78500,79540,3780,4.99,79490,3730,4.92,77900,79540,1399-9-30
402,خفنر,فنرسازي‌خاور,792,2040940,39499708120,20180,19980,19180,-1000,-4.96,19470,-710,-3.52,19180,20200,1399-9-30
403,كسرام,پارس‌ سرام‌,782,9728412,102342894240,10020,10520,10520,500,4.99,10520,500,4.99,10520,10520,1399-9-30
404,پلاست,كارخانجات توليدي پلاستيران,781,1219296,51663154013,43489,43720,42900,-589,-1.35,42371,-1118,-2.57,42185,44200,1399-9-30
405,مارون,پتروشيمي مارون,780,526446,80670128226,146495,152800,153790,7295,4.98,151533,5038,3.44,147000,153819,1399-9-30
406,كمينا,شيشه سازي مينا,780,2065276,66904397127,33745,34590,32060,-1685,-4.99,32395,-1350,-4.0,32058,34590,1399-9-30
407,وتوشه,سرمايه‌ گذاري‌ پارس‌ توشه‌,774,2309488,50984030010,22680,23150,21710,-970,-4.28,22080,-600,-2.65,21550,23280,1399-9-30
408,خمهر,مهركام‌پارس‌,774,8137686,58816654230,7550,7450,7180,-370,-4.9,7230,-320,-4.24,7180,7450,1399-9-30
409,تسه9908,امتياز تسهيلات مسكن آبان99,770,20430,12197325212,581064,610110,600000,18936,3.26,597030,15966,2.75,571009,610117,1399-9-30
410,شدوص,دوده‌ صنعتي‌ پارس‌,766,1812742,40675283550,21990,23050,22600,610,2.77,22340,350,1.59,21900,23060,1399-9-30
411,سبهان,سيمان‌ بهبهان‌,765,341120,24145515350,69490,72940,70810,1320,1.9,70080,590,0.85,69000,72940,1399-9-30
412,تپولا,مهندسي مرآت پولاد,765,2656622,82693016158,30222,31128,31128,906,3.0,31127,905,2.99,31113,31128,1399-9-30
413,دامين,داروسازي‌ امين‌,765,3451702,53005935200,14830,15050,15570,740,4.99,15360,530,3.57,14500,15570,1399-9-30
414,بالبر,كابل‌ البرز,764,1415199,37132826130,26840,27960,25560,-1280,-4.77,26380,-460,-1.71,25500,27980,1399-9-30
415,زپارس,ملي كشت و صنعت و دامپروري پارس,754,865076,82710318250,92350,96960,96650,4300,4.66,95610,3260,3.53,90020,96960,1399-9-30
416,اتكام,شركت بيمه اتكايي امين,750,3436045,24519923972,7240,7399,7100,-140,-1.93,7190,-50,-0.69,6921,7431,1399-9-30
417,پارند,صندوق س. پارند پايدار سپهر,742,26527244,300912364906,11326,11312,11321,-5,-0.04,11344,18,0.16,11312,11450,1399-9-30
418,شلعاب,لعابيران‌,734,3596307,40340593610,10710,11240,11240,530,4.95,11090,380,3.55,10950,11240,1399-9-30
419,آبين,كشت و صنعت آبشيرين,729,12859378,63949686794,4829,4973,4973,144,2.98,4973,144,2.98,4973,4973,1399-9-30
420,دكپسول,توليد ژلاتين كپسول ايران,729,902389,37018979597,40986,40001,41400,414,1.01,41014,28,0.07,39000,42300,1399-9-30
421,دعبيد,لابراتوارداروسازي‌  دكترعبيدي‌,716,915684,28180886610,31440,31440,30000,-1440,-4.58,31100,-340,-1.08,29980,31950,1399-9-30
422,ساروم,سيمان‌اروميه‌,713,1194502,32446242950,26660,27940,27220,560,2.1,26970,310,1.16,26000,27940,1399-9-30
423,سرود,سيمان‌شاهرود,707,2079845,35937389890,17740,17110,16910,-830,-4.68,17400,-340,-1.92,16900,17970,1399-9-30
424,وساغربي,شركت س استان آذربايجان غربي,705,29282692,22310842850,800,770,760,-40,-5.0,780,-20,-2.5,760,780,1399-9-30
425,زنگان,صنعت روي زنگان,698,351283,34812226303,100050,104720,102490,2440,2.44,99390,-660,-0.66,97000,104720,1399-9-30
426,سخزر,سيمان‌ خزر,695,2787626,82258520810,28120,29520,29520,1400,4.98,29510,1390,4.94,29060,29520,1399-9-30
427,دتماد,توليدمواداوليه‌داروپخش‌,693,1500539,75447200320,48380,50500,50790,2410,4.98,50280,1900,3.93,48390,50790,1399-9-30
428,ثزاگرس,سرمايه گذاري توسعه عمران زاگرس,692,1322642,59985006233,43304,45460,45469,2165,5.0,45352,2048,4.73,44200,45469,1399-9-30
429,كيميا,معدني كيمياي زنجان گستران,691,1896626,74168861858,37267,39054,39130,1863,5.0,39106,1839,4.93,38000,39130,1399-9-30
430,فلات,گروه صنايع معادن فلات ايرانيان,690,2613981,40095772259,15742,15790,15270,-472,-3.0,15339,-403,-2.56,15270,15800,1399-9-30
431,بسويچ,پارس‌سويچ‌,686,646485,30240682570,48810,46900,46370,-2440,-5.0,47470,-1340,-2.75,46370,48470,1399-9-30
432,كلر,كلر پارس,681,689279,50148493645,69291,72755,72755,3464,5.0,72443,3152,4.55,72755,72755,1399-9-30
433,غشصفا,شيرپاستوريزه‌پگاه‌اصفهان‌,668,1171833,33029273940,29410,28490,28250,-1160,-3.94,28560,-850,-2.89,27940,29980,1399-9-30
434,وتوسم,سرمايه‌گذاري‌توسعه‌ملي‌,646,2565160,32739702760,12700,12820,12750,50,0.39,12740,40,0.31,12550,12940,1399-9-30
435,وپخش,داروپخش‌ (هلدينگ‌,644,267222,33643854170,127310,128000,126480,-830,-0.65,126320,-990,-0.78,122460,132480,1399-9-30
436,شساخت,مهندسي و ساختمان صنايع نفت,639,1037191,52022472467,50117,51620,49300,-817,-1.63,50157,40,0.08,49000,51620,1399-9-30
437,كي بي سي,شركت كي بي سي,632,1503339,48868401391,32361,33550,33979,1618,5.0,32502,141,0.44,30743,33979,1399-9-30
438,طلا,صندوق س.پشتوانه طلاي لوتوس,624,304694,25702960867,84351,84400,84196,-155,-0.18,84357,6,0.01,84112,84900,1399-9-30
439,پسهند,صنايع‌ لاستيكي‌  سهند,621,874582,36954621600,43630,43700,42000,-1630,-3.74,42580,-1050,-2.41,41510,43700,1399-9-30
440,خپويش,سازه‌ پويش‌,621,1077483,41291562490,37140,36000,38990,1850,4.98,38100,960,2.58,36000,38990,1399-9-30
441,گوهران,سرمايه گذاري توسعه گوهران اميد,600,2587927,22976943932,8955,9000,8760,-195,-2.18,8920,-35,-0.39,8700,9170,1399-9-30
442,سخاش,سيمان‌خاش‌,599,439491,48119864600,104280,109490,109490,5210,5.0,108990,4710,4.52,109470,109490,1399-9-30
443,غپونه,نوش پونه مشهد,598,1224266,22524416069,19175,19800,18217,-958,-5.0,18398,-777,-4.05,18217,19800,1399-9-30
444,كيان,صندوق س. با درآمد ثابت كيان,590,12594192,332299060128,26369,26383,26387,18,0.07,26385,16,0.06,26381,26400,1399-9-30
445,دپارس,پارس‌ دارو,587,453414,48734605640,103920,108000,109110,5190,4.99,107190,3270,3.15,103920,109110,1399-9-30
446,خموتور,موتورسازان‌تراكتورسازي‌ايران‌,581,5254324,72299498240,13110,13760,13760,650,4.96,13760,650,4.96,13760,13760,1399-9-30
447,واعتبار,سرمايه گذاري اعتبار ايران,572,6209619,45762165480,7020,7370,7370,350,4.99,7310,290,4.13,7200,7370,1399-9-30
448,وثخوز,سرمايه گذاري و توسعه خوزستان,572,966146,63148268706,62249,65361,65361,3112,5.0,65361,3112,5.0,65361,65361,1399-9-30
449,غگلستا,شير پاستوريزه پگاه گلستان,571,3114662,68292079012,20882,21926,21926,1044,5.0,21926,1044,5.0,21926,21926,1399-9-30
450,حخزر,كشتيراني درياي خزر,568,1404381,33616079245,24788,25890,23549,-1239,-5.0,24192,-596,-2.4,23549,25890,1399-9-30
451,دسبحان,سبحان دارو,568,1628750,39706841570,24250,25460,24360,110,0.45,24350,100,0.41,24030,25460,1399-9-30
452,وايرا,سرمايه گذاري صنايع ايران,566,4211153,45415291824,10645,10820,10964,319,3.0,10785,140,1.32,10326,10964,1399-9-30
453,مداران,داده‌پردازي‌ايران‌,564,1886450,45645473320,25190,25190,24350,-840,-3.33,24250,-940,-3.73,23940,25320,1399-9-30
454,ثباغ,شهر سازي و خانه سازي باغميشه,563,1797708,41311212618,24136,23400,22930,-1206,-5.0,23133,-1003,-4.16,22930,23890,1399-9-30
455,فيروزه,صندوق شاخص30 شركت فيروزه- سهام,562,205309,36674442770,179760,180000,177000,-2760,-1.54,178630,-1130,-0.63,176000,183600,1399-9-30
456,دبالك,مواد اوليه دارويي البرز بالك,561,1665641,38006596338,21732,22818,22818,1086,5.0,22499,767,3.53,22818,22818,1399-9-30
457,ساراب,سيمان‌ داراب‌,545,2212968,29408190530,13500,13710,13220,-280,-2.07,13380,-120,-0.89,12830,13710,1399-9-30
458,لبوتان,گروه‌صنعتي‌بوتان‌,544,818051,80750972940,94030,98730,98730,4700,5.0,98710,4680,4.98,95200,98730,1399-9-30
459,وتعاون,بيمه  تعاون,544,5219519,38390100619,7297,7500,7279,-18,-0.25,7355,58,0.79,7081,7508,1399-9-30
460,درازك,دارويي‌ رازك‌,541,727788,31470564900,43580,45000,43390,-190,-0.44,43370,-210,-0.48,41580,45000,1399-9-30
461,عيار,صندوق س. پشتوانه طلاي مفيد,538,1362046,39241510035,28995,29029,28800,-195,-0.67,28811,-184,-0.63,28555,29030,1399-9-30
462,بفجر,فجر انرژي خليج فارس,537,1437909,40194184340,27830,28680,27590,-240,-0.86,27900,70,0.25,27450,28970,1399-9-30
463,اطلس,صندوق س.توسعه اندوخته آينده-س,528,91263,19322293796,210816,215000,211110,294,0.14,211721,905,0.43,208500,215000,1399-9-30
464,كشرق,صنعتي و معدني شمال شرق شاهرود,526,323447,24864259297,76796,78000,76949,153,0.2,76833,37,0.05,74390,80635,1399-9-30
465,غمهرا,توليدي‌مهرام‌,517,577209,41044503600,67730,71110,71110,3380,4.99,70330,2600,3.84,70120,71110,1399-9-30
466,خراسان,پتروشيمي خراسان,512,482940,34563468140,71240,72610,70460,-780,-1.09,71460,220,0.31,67780,74700,1399-9-30
467,دسينا,داروسازي‌ سينا,510,1253617,36742809230,30130,29400,28900,-1230,-4.08,29510,-620,-2.06,28630,30730,1399-9-30
468,شپلي,پلي اكريل ايران,493,5426026,52670434382,9425,9707,9707,282,2.99,9707,282,2.99,9707,9707,1399-9-30
469,افران,صندوق س افرا نماد پايدار-ثابت,483,20775044,255701103010,12311,12324,12308,-3,-0.02,12308,-3,-0.02,12308,12324,1399-9-30
470,مفاخر,توسعه فناوري اطلاعات خوارزمي,480,948352,38882835493,42785,42307,40646,-2139,-5.0,41353,-1432,-3.35,40646,43200,1399-9-30
471,خوساز,محورسازان‌ايران‌خودرو,479,6569420,55580101990,8900,8460,8460,-440,-4.94,8460,-440,-4.94,8460,8580,1399-9-30
472,وآيند,بانك  آينده,473,1655326,38640274818,23819,23343,23343,-476,-2.0,23628,-191,-0.8,23343,23343,1399-9-30
473,شنفت,نفت‌ پارس‌,465,744298,42947735840,58530,58890,57100,-1430,-2.44,57910,-620,-1.06,56220,59400,1399-9-30
474,سغرب,سيمان‌غرب‌,461,1275195,25299853410,19820,20590,20010,190,0.96,19830,10,0.05,19310,20590,1399-9-30
475,شراز,پالايش نفت شيراز,456,187499,21449346377,115063,120600,110800,-4263,-3.7,114778,-285,-0.25,110580,120600,1399-9-30
476,قلرست,قند لرستان‌,454,994501,24139374960,25190,25320,24050,-1140,-4.53,24730,-460,-1.83,23940,25810,1399-9-30
477,سبجنو,سيمان‌ بجنورد,448,534369,19704313230,36660,38200,37060,400,1.09,36740,80,0.22,34860,38490,1399-9-30
478,مبين,مبين انرژي خليج فارس,446,1534994,25705879880,16440,17000,16700,260,1.58,16550,110,0.67,16450,17000,1399-9-30
479,كاريس,صندوق س.سپهر كاريزما-س,443,189674,39793920712,211480,214000,207250,-4230,-2.0,209802,-1678,-0.79,206190,214997,1399-9-30
480,قمرو,قند مرودشت‌,440,493869,13384327360,26530,26650,27410,880,3.32,26680,150,0.57,25900,27790,1399-9-30
481,شيراز,پتروشيمي‌شيراز,439,815132,45309693890,55440,56240,54410,-1030,-1.86,55500,60,0.11,54150,57890,1399-9-30
482,غگلپا,شير پاستوريزه پگاه گلپايگان,438,290776,20180306129,70502,71890,68070,-2432,-3.45,70050,-452,-0.64,68000,71890,1399-9-30
483,خفناور,مهندسي صنعتي روان فن آور,435,1564064,39458406250,26006,25239,25226,-780,-3.0,25228,-778,-2.99,25226,25649,1399-9-30
484,حتوكا,حمل‌ونقل‌توكا,432,983846,28807010880,27890,29280,29280,1390,4.98,28630,740,2.65,29280,29280,1399-9-30
485,آساميد,صندوق س.مشترك آسمان اميد -د,430,19894727,223484255026,11220,11237,11229,9,0.08,11233,13,0.12,11228,11239,1399-9-30
486,آساس,صندوق س.آسمان آرماني سهام-س,429,226757,39801470291,175269,177990,175211,-58,-0.03,175525,256,0.15,172015,177990,1399-9-30
487,آتيمس,صندوق س.آرمان آتيه درخشان مس-س,420,156606,34522607289,222368,224350,218980,-3388,-1.52,220442,-1926,-0.87,216033,224350,1399-9-30
488,ثقزوي,شركت عمران و سازندگي قزوين,420,1411471,42241092617,29056,29927,29927,871,3.0,29927,871,3.0,29927,29927,1399-9-30
489,كوثر,بيمه كوثر,417,6753794,168757050678,23798,24987,24987,1189,5.0,24987,1189,5.0,24987,24987,1399-9-30
490,تكمبا,كمباين‌ سازي‌ ايران‌,410,6149039,72804621760,11280,11840,11840,560,4.96,11840,560,4.96,11840,11840,1399-9-30
491,دسبحا,گروه دارويي سبحان,409,947807,22248078830,23560,23090,23130,-430,-1.83,23520,-40,-0.17,23090,24020,1399-9-30
492,شفارس,صنايع‌ شيميايي‌ فارس‌,407,887328,55271661120,59330,62290,62290,2960,4.99,62290,2960,4.99,62290,62290,1399-9-30
493,سقاين,سيمان‌ قائن‌,402,563175,26113948610,47860,47800,45500,-2360,-4.93,47060,-800,-1.67,45470,48900,1399-9-30
494,حپترو,حمل و نقل پتروشيمي( سهامي عام,400,738869,22848644340,30980,32300,31020,40,0.13,30960,-20,-0.06,29770,32300,1399-9-30
495,وسكرد,شركت س استان كردستان,394,15692702,11943306670,790,770,760,-30,-3.8,780,-10,-1.27,760,780,1399-9-30
496,وسصفا,شركت س استان اصفهان,389,13310700,14508663000,1040,1090,1090,50,4.81,1050,10,0.96,1090,1090,1399-9-30
497,ساينا,صنايع بهداشتي ساينا,380,77638,15615243036,207387,213950,201043,-6344,-3.06,205372,-2015,-0.97,197800,213950,1399-9-30
498,لخانه,لوازم‌ خانگي‌ پارس‌,379,369636,19760136947,54724,53500,53083,-1641,-3.0,53458,-1266,-2.31,53083,56000,1399-9-30
499,افق ملت,صندوق س در سهام افق ملت,369,109477,15666745570,144530,143050,142900,-1630,-1.13,143110,-1420,-0.98,140910,147350,1399-9-30
500,وسبحان,سرمايه گذاري سبحان,368,9033528,81419187864,8584,9013,9013,429,5.0,9013,429,5.0,9013,9013,1399-9-30
501,داسوه,داروسازي‌ اسوه‌,363,1658163,47898977070,27830,28780,29220,1390,4.99,28810,980,3.52,26810,29220,1399-9-30
502,خلنت,لنت‌ ترمزايران‌,351,154961,13755658610,88410,91540,87430,-980,-1.11,88510,100,0.11,86510,92500,1399-9-30
503,تكشا,گسترش‌صنايع‌وخدمات‌كشاورزي‌,351,1205957,70982629020,56060,58860,58860,2800,4.99,58860,2800,4.99,58860,58860,1399-9-30
504,سفانو,سيمان فارس نو,349,612081,19597670070,33060,31790,31580,-1480,-4.48,32630,-430,-1.3,31430,33700,1399-9-30
505,ساروج,بين المللي ساروج بوشهر,330,1719786,39995579010,22714,23394,23395,681,3.0,23256,542,2.39,22033,23395,1399-9-30
506,قشهد,شهد,327,364458,11309357980,30900,29950,30740,-160,-0.52,30930,30,0.1,29950,32100,1399-9-30
507,غفارس,شير پاستوريزه پگاه فارس,324,6414954,79795612806,11847,12439,12439,592,5.0,12439,592,5.0,12439,12439,1399-9-30
508,ثشرقح,ح. سرمايه گذاري مسكن شمال شرق,318,14121274,59056474790,4180,4600,4450,270,6.46,4180,0,0.0,4100,4600,1399-9-30
509,كماسه,تامين‌ ماسه‌ ريخته‌گري‌,313,672457,41033326140,58120,61020,61020,2900,4.99,60310,2190,3.77,61020,61020,1399-9-30
510,افرا,افرانت,312,833992,38356126072,43801,45991,45991,2190,5.0,45443,1642,3.75,45991,45991,1399-9-30
511,حآسا,آسيا سير ارس,309,1370659,49461600674,34368,36086,36086,1718,5.0,35910,1542,4.49,36086,36086,1399-9-30
512,قچار,فراوردههاي غذايي وقند چهارمحال,307,696373,49331063320,67467,70840,70840,3373,5.0,70486,3019,4.47,70840,70840,1399-9-30
513,غچين,كشت‌ و صنعت‌ چين‌ چين,306,861980,58493962800,64630,67860,67860,3230,5.0,67860,3230,5.0,67860,67860,1399-9-30
514,ياقوت,صندوق س ياقوت آگاه-ثابت,306,5148735,59840568637,11614,11625,11616,2,0.02,11622,8,0.07,11616,11625,1399-9-30
515,شفارا,پتروشيمي فارابي,302,2228377,10642905252,4888,4939,4742,-146,-2.99,4826,-62,-1.27,4742,4989,1399-9-30
516,نيرو,نيرو سرمايه,299,264795,14635968134,53701,55000,55312,1611,3.0,54800,1099,2.05,54387,55312,1399-9-30
517,شپترو,پتروشيمي آبادان,296,5132400,32087764800,6070,6252,6252,182,3.0,6252,182,3.0,6252,6252,1399-9-30
518,وسيستا,شركت س استان سيستان وبلوچستان,288,15079924,11520500300,800,760,760,-40,-5.0,790,-10,-1.25,760,800,1399-9-30
519,كاذر,فرآورده‌هاي‌نسوزآذر,286,1967857,45752675250,22150,23250,23250,1100,4.97,23080,930,4.2,23250,23250,1399-9-30
520,سفاسي,شركت فارسيت اهواز,282,1314245,20374740235,15052,15503,15503,451,3.0,15485,433,2.88,15503,15503,1399-9-30
521,زر,صندوق س.پشتوانه سكه طلاي زر,281,202691,9870674236,48730,48740,48790,60,0.12,48698,-32,-0.07,48505,48990,1399-9-30
522,ثامان,سامان‌ گستراصفهان‌,281,1361056,30746255040,21520,22590,22590,1070,4.97,22130,610,2.83,22590,22590,1399-9-30
523,كبافق,معادن‌ بافق‌,277,447145,25880752600,55130,57880,57880,2750,4.99,56440,1310,2.38,57880,57880,1399-9-30
524,بشهاب,لامپ‌  پارس‌ شهاب‌,275,299541,22079938250,70320,73830,73830,3510,4.99,71730,1410,2.01,73000,73830,1399-9-30
525,معيار,سرمايه گذاري معيار صنعت پارس,273,226078,7566830660,32183,33470,33470,1287,4.0,33107,924,2.87,33470,33470,1399-9-30
526,بمپنا,توليد برق عسلويه  مپنا,272,451718,44041207940,97633,99000,95170,-2463,-2.52,97513,-120,-0.12,93319,101000,1399-9-30
527,شصفها,پتروشيمي‌ اصفهان‌,269,930164,109510068048,115424,117732,117732,2308,2.0,117732,2308,2.0,117732,117732,1399-9-30
528,وثوق,سرمايه گذاري وثوق امين,259,737529,10301805072,13562,13968,13968,406,2.99,13759,197,1.45,13968,13968,1399-9-30
529,ضخود2009,اختيارخ خودرو-4000-1400/02/08,257,4337,3824671000,995,1035,840,-155,-15.58,882,-113,-11.36,830,1035,1399-9-30
530,فن آوا,گروه فن آوا,247,978867,12646303314,13294,12950,12896,-398,-2.99,13049,-245,-1.84,12896,13450,1399-9-30
531,سكه0012پ01,سكه تمام بهارتحويلي 1روزه رفاه,237,87500,102281907400,1164012,1169000,1170790,6778,0.58,1168936,4924,0.42,1161001,1173998,1399-9-30
532,ثاختح,ح . بين‌المللي‌توسعه‌ساختمان,236,4277334,13913195190,3380,3500,3200,-180,-5.33,3250,-130,-3.85,3200,3500,1399-9-30
533,دكيمي,كيميدارو,235,649525,16949494840,26610,26700,26500,-110,-0.41,26430,-180,-0.68,25500,27000,1399-9-30
534,دشيري,شيرين دارو,232,133538,21100621087,162430,158780,159930,-2500,-1.54,158012,-4418,-2.72,157558,161900,1399-9-30
535,سهرمز,سيمان‌هرمزگان‌,231,457506,9392727690,20660,20020,20100,-560,-2.71,20640,-20,-0.1,20020,21040,1399-9-30
536,كاسپين,داروسازي كاسپين تامين,230,450435,12304465715,28074,28760,27450,-624,-2.22,27881,-193,-0.69,27000,28760,1399-9-30
537,كقزوي,شيشه‌ قزوين‌,225,1251750,10722748001,8802,8550,8538,-264,-3.0,8667,-135,-1.53,8538,8802,1399-9-30
538,خكار,ايركا پارت صنعت,224,1361310,38048614500,26620,27950,27950,1330,5.0,27540,920,3.46,27950,27950,1399-9-30
539,آكورد,صندوق س. آرمان آتي كوثر-د,221,5239656,156336549167,29819,29846,29836,17,0.06,29837,18,0.06,29836,29846,1399-9-30
540,كتوكاح,ح.توليدي وخدمات صنايع نسوزتوكا,207,733556,21053057200,1909,28700,28700,26791,1403.4,28700,26791,1403.4,28700,28700,1399-9-30
541,فروس,فروسيليس‌ ايران‌,207,1871012,11488013680,5850,6140,6140,290,4.96,5910,60,1.03,6140,6140,1399-9-30
542,كيا,كيا الكترود شرق,206,7266603,40816509051,5617,5617,5617,0,0.0,5617,0,0.0,5617,5617,1399-9-30
543,كپرور,فرآوري زغال سنگ پروده طبس,204,419079,19359354405,43996,46195,46195,2199,5.0,44785,789,1.79,46195,46195,1399-9-30
544,گپارس,امور رفاهي كارگزاران پارس,204,100318,13655880598,137917,139761,133780,-4137,-3.0,136703,-1214,-0.88,133780,142049,1399-9-30
545,ثاصفا,شركت‌ ساختمان‌ اصفهان‌,203,247981,9105366358,35649,36718,36718,1069,3.0,36099,450,1.26,36718,36718,1399-9-30
546,ضخود2008,اختيارخ خودرو-3500-1400/02/08,199,7104,6769292000,1207,1250,999,-208,-17.23,953,-254,-21.04,901,1250,1399-9-30
547,ثاباد,توريستي ورفاهي آبادگران ايران,191,412823,15282707460,35260,37020,37020,1760,4.99,35760,500,1.42,37020,37020,1399-9-30
548,دارا,صندوق س. دارا الگوريتم-د,187,4107229,41441905307,10072,10075,10119,47,0.47,10090,18,0.18,10075,10126,1399-9-30
549,رتكو,كنترل‌خوردگي‌تكين‌كو,187,1382349,28683741750,19770,20750,20750,980,4.96,20290,520,2.63,20750,20750,1399-9-30
550,وسين,بيمه سينا,184,1631830,41610033170,24285,25499,25499,1214,5.0,25499,1214,5.0,25499,25499,1399-9-30
551,بكاب,صنايع‌جوشكاب‌يزد,182,55788,17967083280,306730,322060,322060,15330,5.0,311880,5150,1.68,322060,322060,1399-9-30
552,سمتاز,سيمان ممتازان كرمان,180,627746,16213357428,25204,25960,25960,756,3.0,25687,483,1.92,24448,25960,1399-9-30
553,دروز,داروسازي‌ روزدارو,179,522813,9698181150,17670,18550,18550,880,4.98,17830,160,0.91,18550,18550,1399-9-30
554,ولراز,ليزينگ رازي,178,140840,7223542760,49796,51289,51289,1493,3.0,50306,510,1.02,51289,51289,1399-9-30
555,ثنور,سرمايه گذاري كوه نور,178,2321019,20712773556,8665,8924,8924,259,2.99,8918,253,2.92,8924,8924,1399-9-30
556,گشان,توسعه بين المللي پديده شانديز,177,67009,4427284630,67418,66070,66070,-1348,-2.0,67266,-152,-0.23,66070,66070,1399-9-30
557,زعف0008پ10,زعفران0008نگين طلاي سرخ(پ),174,42731,5566207695,130639,130999,130199,-440,-0.34,130262,-377,-0.29,128510,131000,1399-9-30
558,زعف0008پ11,زعفران0008نگين سحرخيز(پ),172,107161,13770691624,128804,128000,128650,-154,-0.12,128505,-299,-0.23,127510,128999,1399-9-30
559,دفرا,فرآورده‌هاي‌ تزريقي‌ ايران‌,167,466542,12165957530,26340,26100,25980,-360,-1.37,26280,-60,-0.23,25840,26690,1399-9-30
560,ختراك,ريخته‌گري‌ تراكتورسازي‌ ايران‌,161,1116714,16203520140,13820,14510,14510,690,4.99,14020,200,1.45,14510,14510,1399-9-30
561,وملت,سرمايه گذاري ملت,159,2970226,13220475926,4541,4451,4451,-90,-1.98,4451,-90,-1.98,4451,4451,1399-9-30
562,غدشت,دشت‌ مرغاب‌,157,93058,23069078200,236100,247900,247900,11800,5.0,241180,5080,2.15,247900,247900,1399-9-30
563,فنرژي,گسترش صنايع انرژي آذرآب,150,1035513,12184723018,11329,11782,11782,453,4.0,11767,438,3.87,11555,11782,1399-9-30
564,سدبير,س. تدبيرگران فارس وخوزستان,149,595677,29662331892,47425,49796,49796,2371,5.0,48742,1317,2.78,49796,49796,1399-9-30
565,ضخود1045,اختيارخ خودرو-4500-1399/10/07,148,6695,70422000,18,33,10,-8,-44.44,11,-7,-38.89,8,33,1399-9-30
566,هجرت,پخش هجرت,148,1858150,65265660600,33452,35124,35124,1672,5.0,35124,1672,5.0,35124,35124,1399-9-30
567,سپاس,صندوق س. پاداش سهامداري توسعه1,143,3324251,33500801998,10064,10084,10080,16,0.16,10078,14,0.14,10075,10085,1399-9-30
568,ضخود1042,اختيارخ خودرو-3000-1399/10/07,143,3157,1647003000,737,655,509,-228,-30.94,522,-215,-29.17,451,670,1399-9-30
569,تسه9907,امتياز تسهيلات مسكن مهر99,139,2293,1363683682,580226,568000,609237,29011,5.0,594716,14490,2.5,562501,609237,1399-9-30
570,وگردش,بانك گردشگري,139,1509752,28475432472,19444,18861,18861,-583,-3.0,19271,-173,-0.89,18861,18861,1399-9-30
571,ضخود1048,اختيارخ خودرو-7000-1399/10/07,138,7185,22549000,3,3,2,-1,-33.33,3,0,0.0,2,4,1399-9-30
572,ضخود1043,اختيارخ خودرو-3500-1399/10/07,136,5095,923412000,296,233,179,-117,-39.53,181,-115,-38.85,156,299,1399-9-30
573,وتوصا,گروه س توسعه صنعتي ايران,134,942747,19722267240,19930,20920,20920,990,4.97,20280,350,1.76,20920,20920,1399-9-30
574,تشتاد,صنايع توليدي اشتاد ايران‌,129,501565,7883460078,16181,16019,15696,-485,-3.0,15989,-192,-1.19,15696,16019,1399-9-30
575,گوهر,صندوق سكه طلاي كيان,128,47906,2807284506,58595,58200,58779,184,0.31,58600,5,0.01,57601,58890,1399-9-30
576,پلوله,گازلوله‌,127,293045,5167656825,17769,17946,17592,-177,-1.0,17634,-135,-0.76,17592,17946,1399-9-30
577,فنفت,صنايع تجهيزات نفت,125,1738865,28442614805,15881,16357,16357,476,3.0,16357,476,3.0,16357,16357,1399-9-30
578,فپنتا,سپنتا,123,135300,58507779000,411840,432430,432430,20590,5.0,432430,20590,5.0,432430,432430,1399-9-30
579,فاهواز,نورد و لوله اهواز,123,407137,7409079126,18956,18198,18198,-758,-4.0,18819,-137,-0.72,18198,18198,1399-9-30
580,نمرينو,ايران‌ مرينوس‌,122,127879,7434357680,60840,57900,57800,-3040,-5.0,60410,-430,-0.71,57800,60370,1399-9-30
581,تسه9710,امتياز تسهيلات مسكن دي 97,122,2697,1406989227,533408,510010,513910,-19498,-3.66,521687,-11721,-2.2,507011,533900,1399-9-30
582,نتوس,پشم‌ بافي‌ توس,119,1171002,15199605960,12602,12980,12980,378,3.0,12871,269,2.13,12980,12980,1399-9-30
583,داوه,داروسازي آوه سينا,117,550888,10920803712,18880,19824,19824,944,5.0,19076,196,1.04,19824,19824,1399-9-30
584,قپيرا,فرآورده‌هاي‌غدايي‌وقندپيرانشهر,114,25409,2174284960,87990,87960,86240,-1750,-1.99,87880,-110,-0.13,84020,87990,1399-9-30
585,فوكا,فولاد كاويان,113,2392219,38220482963,16471,15977,15977,-494,-3.0,15977,-494,-3.0,15977,15977,1399-9-30
586,تسه9711,امتياز تسهيلات مسكن بهمن 97,113,2666,1491601564,570120,546610,570000,-120,-0.02,559490,-10630,-1.86,543828,571000,1399-9-30
587,تسه9904,امتياز تسهيلات مسكن تير99,104,2897,1710428151,580522,600000,585000,4478,0.77,590414,9892,1.7,551496,609548,1399-9-30
588,ضجار1016,اختيارخ وتجارت-4000-1399/10/21,104,5146,910059000,247,220,169,-78,-31.58,177,-70,-28.34,155,236,1399-9-30
589,تسه9712,امتياز تسهيلات مسكن اسفند97,103,1975,1153823997,580408,557010,590000,9592,1.65,584215,3807,0.66,557010,600000,1399-9-30
590,الماس,صندوق س.امين تدبيرگران فردا-س,103,41706,5468298652,131272,132000,130000,-1272,-0.97,131115,-157,-0.12,129400,133000,1399-9-30
591,خفولا,خدمات فني فولاد يزد,103,268876,12016068440,43389,44690,44690,1301,3.0,44136,747,1.72,44690,44690,1399-9-30
592,بموتو,موتوژن‌,102,514789,27139676080,50210,52720,52720,2510,5.0,51490,1280,2.55,52720,52720,1399-9-30
593,بذر,صندوق س بذر اميد آفرين-سهام,100,39704,4470492310,111950,113650,112500,550,0.49,112600,650,0.58,111310,115150,1399-9-30
594,تصميم,صندوق س با درآمد ثابت تصميم,100,1606851,24462851195,15202,15250,15249,47,0.31,15224,22,0.14,15190,15250,1399-9-30
595,كگهر,سنگ آهن گهرزمين,99,345715,17191715520,47360,49728,49728,2368,5.0,47680,320,0.68,49728,49728,1399-9-30
596,كپشير,پشم‌شيشه‌ايران‌,98,474868,11311355760,22690,23820,23820,1130,4.98,22930,240,1.06,23820,23820,1399-9-30
597,پارتا,مجتمع‌صنعتي‌آرتاويل‌تاير,98,520203,31687645542,59140,60914,60914,1774,3.0,60914,1774,3.0,60914,60914,1399-9-30
598,ولانا,شركت ليزينگ آريا دانا,95,639545,15159135135,23013,23703,23703,690,3.0,23504,491,2.13,23703,23703,1399-9-30
599,كفرآور,فرآورده هاي سيمان شرق,94,349039,7484094238,20818,21442,21442,624,3.0,21041,223,1.07,21442,21442,1399-9-30
600,ثعتما,س. ساختماني اعتماد گستر,92,176146,7503995746,41361,42601,42601,1240,3.0,41801,440,1.06,42601,42601,1399-9-30
601,آسام,صندوق س.آرمان سپهر آشنا-م,91,91080,9872230520,107598,109490,108800,1202,1.12,108391,793,0.74,107000,109927,1399-9-30
602,ضپاس1003,اختيارخ وپارس-3500-1399/10/30,87,3478,2662104000,923,760,750,-173,-18.74,765,-158,-17.12,705,850,1399-9-30
603,سفارود,كارخانه فارسيت درود,85,228938,2673766902,11450,11679,11679,229,2.0,11510,60,0.52,11679,11679,1399-9-30
604,ضصاد1104,اختيارخ وبصادر-4500-1399/11/12,78,4587,864284000,193,230,160,-33,-17.1,188,-5,-2.59,150,230,1399-9-30
605,زعف0008پ08,زعفران0008نگين روستا(پ),78,43787,5597043403,129085,127000,128500,-585,-0.45,127824,-1261,-0.98,127000,129000,1399-9-30
606,تسه9902,امتياز تسهيلات مسكن ارديبهشت99,77,1838,1102914168,579901,551656,608896,28995,5.0,600062,20161,3.48,551656,608896,1399-9-30
607,ضصاد1100,اختيارخ وبصادر-2500-1399/11/12,76,3305,2955326000,963,900,800,-163,-16.93,894,-69,-7.17,780,1010,1399-9-30
608,اخزا817,اسنادخزانه-م17بودجه98-010512,76,73984,56329060207,751149,760000,749100,-2049,-0.27,761368,10219,1.36,747070,777000,1399-9-30
609,تسه9906,امتياز تسهيلات مسكن شهريور99,75,809,479013010,600620,570799,628800,28180,4.69,592105,-8515,-1.42,570589,628800,1399-9-30
610,زعف0008پ16,زعفران0008نگين بيرجند(پ),75,43682,5580388478,128861,127010,128498,-363,-0.28,127750,-1111,-0.86,127010,128500,1399-9-30
611,تسه9802,امتياز تسهيلات مسكن ارديبهشت98,75,1659,954854065,589240,560011,618702,29462,5.0,575560,-13680,-2.32,559778,618702,1399-9-30
612,اخزا809,اسنادخزانه-م9بودجه98-000923,74,64526,55421034050,858034,857000,844000,-14034,-1.64,858895,861,0.1,839320,882000,1399-9-30
613,فسا,پتروشيمي فسا,73,454668,1113936600,2525,2450,2450,-75,-2.97,2521,-4,-0.16,2450,2450,1399-9-30
614,اخزا821,اسنادخزانه-م21بودجه98-020906,71,62590,35958857250,570805,571500,570500,-305,-0.05,574514,3709,0.65,570000,580000,1399-9-30
615,سپر,صندوق س سپر سرمايه بيدار- ثابت,71,557970,5933906173,10552,10562,10700,148,1.4,10635,83,0.79,10562,10700,1399-9-30
616,ضخود2005,اختيارخ خودرو-2000-1400/02/08,71,961,1990041000,2163,2350,2000,-163,-7.54,2071,-92,-4.25,2000,2350,1399-9-30
617,سكه9912پ04,سكه تمام بهارتحويل1روزه صادرات,70,22500,26281254000,1164558,1167000,1169000,4442,0.38,1168056,3498,0.3,1165001,1172000,1399-9-30
618,اخزا902,اسنادخزانه-م2بودجه99-011019,69,166377,112606184607,674047,676899,673779,-268,-0.04,676813,2766,0.41,673779,677680,1399-9-30
619,اوصتا,صندوق انديشه ورزان صباتامين -د,69,2273976,39567020620,17376,17380,17400,24,0.14,17400,24,0.14,17380,17400,1399-9-30
620,اخزا814,اسنادخزانه-م14بودجه98-010318,68,57896,45865135061,794452,768050,770500,-23952,-3.01,792199,-2253,-0.28,768050,808078,1399-9-30
621,ضچاد1017,اختيارخ كچاد-20000-1399/10/02,68,687,547079000,948,710,700,-248,-26.16,796,-152,-16.03,600,1110,1399-9-30
622,فيروزا,صندوق بادرآمد ثابت فيروزه آسيا,68,902271,19369917654,21472,21410,21479,7,0.03,21468,-4,-0.02,21401,21500,1399-9-30
623,تسه9801,امتياز تسهيلات مسكن فروردين98,68,722,422033137,588328,565510,585900,-2428,-0.41,584533,-3795,-0.65,559000,610000,1399-9-30
624,صنوين,صندوق سرمايه‌گذاري صنوين-مختلط,66,16702,1754360200,105110,105010,105110,0,0.0,105040,-70,-0.07,105000,106000,1399-9-30
625,ضچاد1015,اختيارخ كچاد-16000-1399/10/02,65,823,3875728000,4451,4750,4797,346,7.77,4709,258,5.8,4301,5048,1399-9-30
626,تسه9810,امتياز تسهيلات مسكن دي98,65,1246,716549231,575085,546877,595000,19915,3.46,575080,-5,0.0,546877,603839,1399-9-30
627,اخزا812,اسنادخزانه-م12بودجه98-001111,65,162071,133304820558,822085,823100,821505,-580,-0.07,822509,424,0.05,819875,823125,1399-9-30
628,جهرم,پتروشيمي جهرم,64,556141,1529943891,2836,2751,2751,-85,-3.0,2829,-7,-0.25,2751,2751,1399-9-30
629,شتولي,تولي‌پرس‌,64,164503,4790491863,28550,29121,29121,571,2.0,28817,267,0.94,29121,29121,1399-9-30
630,ثروتم,صندوق س. ثروت آفرين پارسيان-س,63,17310,1672353590,95699,97990,96000,301,0.31,96612,913,0.95,96000,97990,1399-9-30
631,ضصاد1102,اختيارخ وبصادر-3500-1399/11/12,63,2424,1070159000,506,469,410,-96,-18.97,441,-65,-12.85,403,530,1399-9-30
632,وآتوس,س.آرين توسكا قيمت اسمي 350ريال,62,342160,12671553440,35956,37034,37034,1078,3.0,36610,654,1.82,37034,37034,1399-9-30
633,سكه0011پ02,سكه تمام بهارتحويلي 1روزه ملت,62,11900,13904257400,1165188,1160001,1168500,3312,0.28,1168425,3237,0.28,1160001,1173999,1399-9-30
634,سلار,شركت سيمان لارستان,61,242355,10254524760,41080,42312,42312,1232,3.0,41686,606,1.48,42312,42312,1399-9-30
635,ضشنا1035,اختيارخ شپنا-14000-1399/10/23,61,521,1266533000,3035,2500,2200,-835,-27.51,2431,-604,-19.9,2200,2600,1399-9-30
636,پست0008پ08,پسته فندقي32-30مه ولات0008(پ),61,4485,6828095009,1572030,1669999,1517526,-54504,-3.47,1522429,-49601,-3.16,1517526,1669999,1399-9-30
637,شرنگي,شيميايي رنگين,60,29019,3686602779,123341,127041,127041,3700,3.0,124001,660,0.54,127041,127041,1399-9-30
638,ضپاس1005,اختيارخ وپارس-4500-1399/10/30,60,2340,763447000,385,460,307,-78,-20.26,326,-59,-15.32,281,460,1399-9-30
639,تكنار,مجتمع معادن مس تكنار,59,226368,33049501632,141747,145999,145999,4252,3.0,145999,4252,3.0,145999,145999,1399-9-30
640,كويرح,ح. توليدي فولاد سپيد فراب كوير,58,321930,5633775000,10470,17500,17500,7030,67.14,17500,7030,67.14,17500,17500,1399-9-30
641,ضخود1046,اختيارخ خودرو-5000-1399/10/07,57,2690,7040000,4,3,3,-1,-25.0,3,-1,-25.0,2,4,1399-9-30
642,ضفلا1155,اختيارخ فولاد-14000-1399/11/28,57,1148,2740764000,2580,2480,2400,-180,-6.98,2387,-193,-7.48,2245,2500,1399-9-30
643,وجامي,سرمايه گذاري جامي,56,738026,8220871614,10815,11139,11139,324,3.0,10943,128,1.18,11139,11139,1399-9-30
644,شزنگ,تجهيزنيروي‌زنگان‌,56,49114,11025061606,217941,224479,224479,6538,3.0,221325,3384,1.55,224479,224479,1399-9-30
645,ثاژن,سخت آژند,55,878744,7077404176,7897,8054,8054,157,1.99,8005,108,1.37,8054,8054,1399-9-30
646,ارمغان,ص سرمايه گذاري ارمغان ايرانيان,54,1651290,16661277107,10084,10085,10089,5,0.05,10090,6,0.06,10080,10100,1399-9-30
647,تسه9905,امتياز تسهيلات مسكن مرداد99,54,572,337336900,587057,558788,616409,29352,5.0,589750,2693,0.46,557712,616409,1399-9-30
648,زعف0008پ05,زعفران0008نگين زرين(پ),53,54492,6998255370,129144,128024,128200,-944,-0.73,128427,-717,-0.56,128000,129997,1399-9-30
649,تسه9903,امتياز تسهيلات مسكن خرداد99,52,525,307311472,576314,561755,584974,8660,1.5,585355,9041,1.57,549333,605129,1399-9-30
650,ضفلا1156,اختيارخ فولاد-16000-1399/11/28,52,1356,1892020000,1555,1500,1453,-102,-6.56,1395,-160,-10.29,1242,1560,1399-9-30
651,صايند,صندوق س. گنجينه آينده روشن-د,51,354760,3548877790,10000,10009,10015,15,0.15,10004,4,0.04,9990,10015,1399-9-30
652,ضشنا1036,اختيارخ شپنا-16000-1399/10/23,51,898,1576720000,2052,2000,1450,-602,-29.34,1756,-296,-14.42,1450,2000,1399-9-30
653,آكورد2,صندوق س. آرمان آتي كوثر-د,50,5000000,5000000,29819,1,1,-29818,-100.0,1,-29818,-100.0,1,1,1399-9-30
654,تسه9901,امتياز تسهيلات مسكن فروردين99,49,717,423716199,590606,568195,561076,-29530,-5.0,590957,351,0.06,561076,620136,1399-9-30
655,اخزا808,اسنادخزانه-م8بودجه98-000817,49,16466,14070686724,853967,854181,854000,33,0.0,854530,563,0.07,854000,856000,1399-9-30
656,اخزا815,اسنادخزانه-م15بودجه98-010406,49,63446,48296369550,759472,758100,760150,678,0.09,761220,1748,0.23,758100,762000,1399-9-30
657,سنوين,سرمايه گذاري اقتصاد نوين,49,434463,4301193700,9900,9900,9905,5,0.05,9900,0,0.0,9900,9905,1399-9-30
658,ضجار1017,اختيارخ وتجارت-4500-1399/10/21,47,2659,214797000,103,100,89,-14,-13.59,81,-22,-21.36,60,190,1399-9-30
659,ضچاد1014,اختيارخ كچاد-14000-1399/10/02,47,995,6669844000,6263,6500,6250,-13,-0.21,6703,440,7.03,6010,7200,1399-9-30
660,سكه0112پ03,سكه تمام بهارتحويلي1روزه سامان,46,19400,22650140700,1165078,1155019,1170000,4922,0.42,1167533,2455,0.21,1155019,1170998,1399-9-30
661,تسه9803,امتياز تسهيلات مسكن خرداد98,46,344,198431483,573268,558110,562222,-11046,-1.93,576836,3568,0.62,546615,601931,1399-9-30
662,ضفلا1157,اختيارخ فولاد-18000-1399/11/28,46,1004,808005000,823,899,793,-30,-3.65,805,-18,-2.19,760,899,1399-9-30
663,شكف,كف,45,77544,6311848968,78267,81397,81397,3130,4.0,80142,1875,2.4,81397,81397,1399-9-30
664,اخزا818,اسنادخزانه-م18بودجه98-010614,45,44796,32807844710,726556,730000,737000,10444,1.44,732383,5827,0.8,727000,737000,1399-9-30
665,اخزا903,اسنادخزانه-م3بودجه99-011110,43,50034,33502824986,668133,667101,668202,69,0.01,669601,1468,0.22,667101,671000,1399-9-30
666,ضصاد1101,اختيارخ وبصادر-3000-1399/11/12,43,1195,698948000,682,710,560,-122,-17.89,585,-97,-14.22,560,710,1399-9-30
667,لپيام,گسترش صنايع پيام,43,22442,715630496,32874,31888,31888,-986,-3.0,32837,-37,-0.11,31888,31888,1399-9-30
668,تسه9807,امتياز تسهيلات مسكن مهر98,42,2299,1315750049,567358,560000,570010,2652,0.47,572314,4956,0.87,545000,595725,1399-9-30
669,كابگن,توليدي و صنعتي آبگينه‌,41,389733,1973218179,4964,5063,5063,99,1.99,5002,38,0.77,5063,5063,1399-9-30
670,ثتوسا,س.توسعه و عمران استان اردبيل,40,249439,12940396442,53482,51878,51878,-1604,-3.0,52360,-1122,-2.1,51878,51878,1399-9-30
671,وسكرشا,س.سهام عدالت استان كرمانشاه,39,377792,430682880,1260,1140,1140,-120,-9.52,1260,0,0.0,1140,1140,1399-9-30
672,ضجار1015,اختيارخ وتجارت-3500-1399/10/21,38,502,180090000,430,410,330,-100,-23.26,359,-71,-16.51,302,410,1399-9-30
673,داراب,پتروشيمي داراب,38,186050,519265550,2877,2791,2791,-86,-2.99,2875,-2,-0.07,2791,2791,1399-9-30
674,اخزا901,اسنادخزانه-م1بودجه99-010621,36,11377,8291378548,731452,722009,732000,548,0.07,728784,-2668,-0.36,721000,733000,1399-9-30
675,وسگلستا,شركت س استان گلستان,36,325999,365118880,1240,1120,1120,-120,-9.68,1240,0,0.0,1120,1120,1399-9-30
676,كتوكا,توليدي و خدمات صنايع نسوز توكا,35,41951,1049823775,23834,25025,25025,1191,5.0,23858,24,0.1,25025,25025,1399-9-30
677,ضجار1018,اختيارخ وتجارت-5000-1399/10/21,33,2198,62036000,47,21,25,-22,-46.81,28,-19,-40.43,19,39,1399-9-30
678,تسه9809,امتياز تسهيلات مسكن آذر98,33,522,301060986,575549,546772,546772,-28777,-5.0,576745,1196,0.21,546772,604326,1399-9-30
679,ضچاد1016,اختيارخ كچاد-18000-1399/10/02,33,481,1255938000,2444,2750,3098,654,26.76,2611,167,6.83,2200,3148,1399-9-30
680,ضسپا1103,اختيارخ خساپا-2500-1399/11/26,33,980,628733000,654,700,620,-34,-5.2,642,-12,-1.83,605,718,1399-9-30
681,تسه9812,امتياز تسهيلات مسكن اسفند98,32,457,271282747,578456,550001,585000,6544,1.13,593616,15160,2.62,550001,606000,1399-9-30
682,ثروت,ص.خ.ثروت آفرين فيروزه 35%تاديه,31,213010,74553500000,350000,350000,350000,0,0.0,350000,0,0.0,350000,350000,1399-9-30
683,زعف0008پ18,زعفران0008نگين بهرامن(پ),31,50322,6432492742,127962,126109,128009,47,0.04,127827,-135,-0.11,126109,129000,1399-9-30
684,ضملي1152,اختيارخ فملي-18252-1399/11/05,31,439,651424564,910,848,650,-260,-28.57,752,-158,-17.36,599,969,1399-9-30
685,اخزا806,اسنادخزانه-م6بودجه98-000519,31,24948,22322823894,892617,892530,892530,-87,-0.01,894774,2157,0.24,892530,896491,1399-9-30
686,جوين,كشت و صنعت جوين,29,252623,6514136678,25035,25786,25786,751,3.0,25272,237,0.95,25786,25786,1399-9-30
687,عيار2,صندوق س. پشتوانه طلاي مفيد,28,280000,280000,28995,1,1,-28994,-100.0,1,-28994,-100.0,1,1,1399-9-30
688,ضخود2013,اختيارخ خودرو-7000-1400/02/08,28,714,175768000,261,300,201,-60,-22.99,246,-15,-5.75,200,350,1399-9-30
689,ضترا1118,اختيارخ شتران-12000-1399/11/14,28,212,427444000,2557,2000,2088,-469,-18.34,2016,-541,-21.16,1850,3499,1399-9-30
690,دمعيار,صندوق س. توازن معيار-د,28,862945,8762548980,10140,10150,10164,24,0.24,10154,14,0.14,10140,10165,1399-9-30
691,وسفارس,شركت س استان فارس,28,838696,821922080,1030,980,980,-50,-4.85,1030,0,0.0,980,980,1399-9-30
692,اخزا820,اسنادخزانه-م20بودجه98-020806,27,111840,64664714760,574293,570131,578550,4257,0.74,578189,3896,0.68,570131,579000,1399-9-30
693,تسه9808,امتياز تسهيلات مسكن آبان98,26,373,218987860,582800,554000,590000,7200,1.24,587099,4299,0.74,554000,611940,1399-9-30
694,ضملت1128,اختيارخ وبملت-6000-1399/11/28,26,537,292300000,585,540,530,-55,-9.4,544,-41,-7.01,530,570,1399-9-30
695,پدرخش,درخشان‌ تهران‌,26,2676,516120120,203020,192870,192870,-10150,-5.0,202910,-110,-0.05,192870,192870,1399-9-30
696,سرو2,صندوق س سروسودمند مدبران-سهام,25,2500000,2500000,73280,1,1,-73279,-100.0,1,-73279,-100.0,1,1,1399-9-30
697,ضجار1014,اختيارخ وتجارت-3000-1399/10/21,25,421,266459000,716,899,630,-86,-12.01,633,-83,-11.59,550,900,1399-9-30
698,ضسپا1106,اختيارخ خساپا-4000-1399/11/26,24,439,81194000,261,200,180,-81,-31.03,185,-76,-29.12,180,210,1399-9-30
699,وسگيلا,شركت س استان گيلان,24,403308,318613320,830,790,790,-40,-4.82,830,0,0.0,790,790,1399-9-30
700,سخند,صندوق س.سپهرخبرگان نفت-د,24,41580,418915280,10066,10085,10075,9,0.09,10075,9,0.09,10074,10085,1399-9-30
701,وحكمت,بيمه حكمت صبا,23,61431,364592985,6118,5935,5935,-183,-2.99,6115,-3,-0.05,5935,5935,1399-9-30
702,اخزا905,اسنادخزانه-م5بودجه99-020218,23,70023,44135604092,633049,630002,631000,-2049,-0.32,630301,-2748,-0.43,630000,632500,1399-9-30
703,تسه9806,امتياز تسهيلات مسكن شهريور98,23,440,239636630,561594,534003,560001,-1593,-0.28,544629,-16965,-3.02,533515,560002,1399-9-30
704,هبركت912,اختيارف ت بركت-22100-99/12/17,22,315000,315000,1,1,1,0,0.0,1,0,0.0,1,1,1399-9-30
705,اخزا811,اسنادخزانه-م11بودجه98-001013,22,64504,53839817524,836080,831151,834000,-2080,-0.25,834674,-1406,-0.17,831151,836500,1399-9-30
706,اخزا813,اسنادخزانه-م13بودجه98-010219,21,15364,12014910149,782499,781590,781000,-1499,-0.19,782017,-482,-0.06,781000,783000,1399-9-30
707,سايرا,ايرانيت‌,21,14101,479891227,34047,34727,33440,-607,-1.78,34046,-1,0.0,33367,34727,1399-9-30
708,اخزا804,اسنادخزانه-م4بودجه98-000421,21,48537,44952720605,932349,905400,905560,-26789,-2.87,926154,-6195,-0.66,905400,929999,1399-9-30
709,ضصاد1103,اختيارخ وبصادر-4000-1399/11/12,20,387,106975000,341,310,260,-81,-23.75,276,-65,-19.06,255,315,1399-9-30
710,هفارس912,اختيارف ت فارس-14576-99/12/13,20,208078,200795270,1298,965,965,-333,-25.65,965,-333,-25.65,965,965,1399-9-30
711,كيان2,صندوق س. با درآمد ثابت كيان,20,2000000,2000000,26369,1,1,-26368,-100.0,1,-26368,-100.0,1,1,1399-9-30
712,شستا991,اجاره تامين اجتماعي-امين991226,19,233,233599442,999981,1009997,1009996,10015,1.0,1002573,2592,0.26,986000,1009997,1399-9-30
713,اخزا904,اسنادخزانه-م4بودجه99-011215,19,51556,33879029288,656579,657500,656000,-579,-0.09,657131,552,0.08,653000,657900,1399-9-30
714,تسه9805,امتياز تسهيلات مسكن مرداد98,19,401,227864043,576033,547232,604834,28801,5.0,568239,-7794,-1.35,547232,604834,1399-9-30
715,تسه9811,امتياز تسهيلات مسكن بهمن98,18,164,95090020,578290,575000,600000,21710,3.75,579817,1527,0.26,555940,600000,1399-9-30
716,ضخود2010,اختيارخ خودرو-4500-1400/02/08,18,476,320315000,829,780,604,-225,-27.14,673,-156,-18.82,604,780,1399-9-30
717,پست0008پ04,پسته فندقي32-30سبزدانه0008(پ),18,568,876614988,1631434,1639999,1517528,-113906,-6.98,1543336,-88098,-5.4,1517528,1640000,1399-9-30
718,ضخود2006,اختيارخ خودرو-2500-1400/02/08,17,211,345194000,1805,1600,1662,-143,-7.92,1636,-169,-9.36,1514,1662,1399-9-30
719,ضچاد1013,اختيارخ كچاد-12000-1399/10/02,17,480,4115200000,8387,9000,8200,-187,-2.23,8573,186,2.22,7350,9200,1399-9-30
720,وسكرمان,س.سهام عدالت استان كرمان,17,231415,226786700,1030,980,980,-50,-4.85,1030,0,0.0,980,980,1399-9-30
721,اخزا810,اسنادخزانه-م10بودجه98-001006,17,84220,70517603360,838167,835002,835000,-3167,-0.38,837302,-865,-0.1,834340,837500,1399-9-30
722,ضسپا1105,اختيارخ خساپا-3500-1399/11/26,17,300,68578000,282,200,190,-92,-32.62,229,-53,-18.79,186,299,1399-9-30
723,ضملت1129,اختيارخ وبملت-7000-1399/11/28,17,890,191440000,240,200,250,10,4.17,215,-25,-10.42,180,250,1399-9-30
724,كباده,توليد خاك نسوزاستقلال آباده,15,519520,12658624320,23206,24366,24366,1160,5.0,23886,680,2.93,24366,24366,1399-9-30
725,ضشنا1045,اختيارخ شپنا-12000-1399/10/23,15,245,880650000,6223,4000,2901,-3322,-53.38,3594,-2629,-42.25,2901,4000,1399-9-30
726,ضخود2007,اختيارخ خودرو-3000-1400/02/08,15,449,548624000,1406,1401,1200,-206,-14.65,1222,-184,-13.09,1200,1401,1399-9-30
727,ضپار1117,اختيارخ خپارس-7000-1399/11/19,14,190,308113000,1944,1700,1600,-344,-17.7,1622,-322,-16.56,1500,2000,1399-9-30
728,اخزا816,اسنادخزانه-م16بودجه98-010503,14,15397,11544522107,751139,747500,751500,361,0.05,749790,-1349,-0.18,747500,752000,1399-9-30
729,ضپاس1002,اختيارخ وپارس-3000-1399/10/30,14,131,157613000,1309,1113,1129,-180,-13.75,1203,-106,-8.1,1113,1350,1399-9-30
730,وسرضوي,س.سهام عدالت استان خراسان رضوي,14,251327,246300460,1030,980,980,-50,-4.85,1030,0,0.0,980,980,1399-9-30
731,تسه9804,امتياز تسهيلات مسكن تير98,13,197,114026586,575533,563900,580000,4467,0.78,578815,3282,0.57,546757,604300,1399-9-30
732,داريك,صندوق س.اعتماد داريك-د,13,115268,1201632760,10430,10470,10350,-80,-0.77,10425,-5,-0.05,10350,10470,1399-9-30
733,ضخود1041,اختيارخ خودرو-2500-1399/10/07,13,417,394826000,1196,962,923,-273,-22.83,947,-249,-20.82,920,1000,1399-9-30
734,حرهشا,رهشاد سپاهان (سهامي عام,13,2747,159787496,61229,58168,58168,-3061,-5.0,61203,-26,-0.04,58168,58168,1399-9-30
735,نگين,ص.س. زمين و ساختمان نگين شهرري,12,7768,369985970,47730,47980,47880,150,0.31,47630,-100,-0.21,47530,47980,1399-9-30
736,ضپار1116,اختيارخ خپارس-6000-1399/11/19,12,100,242000000,2802,2450,2200,-602,-21.48,2420,-382,-13.63,2200,2500,1399-9-30
737,ثپرديسح,ح.سرمايه گذاري مسكن پرديس,12,10793,102940200,7899,9600,9400,1501,19.0,9538,1639,20.75,9400,9600,1399-9-30
738,ضپاس1004,اختيارخ وپارس-4000-1399/10/30,11,530,267654000,682,520,401,-281,-41.2,505,-177,-25.95,401,520,1399-9-30
739,ضخود1040,اختيارخ خودرو-2000-1399/10/07,11,191,293874000,1433,1480,1480,47,3.28,1539,106,7.4,1480,1591,1399-9-30
740,غگز,گز سكه,10,500000,12750000000,25500,25500,25500,0,0.0,25500,0,0.0,25500,25500,1399-9-30
741,وسلرستا,شركت س استان لرستان,10,138408,119030880,900,860,860,-40,-4.44,900,0,0.0,860,860,1399-9-30
742,هترول911,اختيارف ت پترول-14730-99/11/15,10,107184,218226624,2508,2036,2036,-472,-18.82,2036,-472,-18.82,2036,2036,1399-9-30
743,ضخود1047,اختيارخ خودرو-6000-1399/10/07,9,500,2000000,2,4,4,2,100.0,4,2,100.0,4,4,1399-9-30
744,ضفار1122,اختيارخ فارس-11826-1399/11/07,9,36,171502000,3347,2760,2500,-847,-25.31,2382,-965,-28.83,2250,2760,1399-9-30
745,گنجين,صندوق س. گنجينه يكم آويد-د,9,37813,448462499,11845,11852,11862,17,0.14,11860,15,0.13,11852,11862,1399-9-30
746,ضملي1148,اختيارخ فملي-10140-1399/11/05,9,44,522931016,6107,5015,6300,193,3.16,6027,-80,-1.31,5015,6300,1399-9-30
747,ضمخا1025,اختيارخ اخابر-16000-1399/10/30,9,71,37930000,1850,1101,551,-1299,-70.22,534,-1316,-71.14,500,1101,1399-9-30
748,ضپيك1021,اختيارخ تاپيكو-16000-99/10/16,9,118,27441000,321,255,213,-108,-33.64,233,-88,-27.41,200,255,1399-9-30
749,كصدف,كاشي صدف سرام استقلال آباده,9,21876,501660432,22265,22932,22932,667,3.0,22281,16,0.07,22932,22932,1399-9-30
750,ضسپا1102,اختيارخ خساپا-2000-1399/11/26,9,335,273125000,1071,925,803,-268,-25.02,815,-256,-23.9,803,930,1399-9-30
751,ونچر,ص.ج.فيروزه10%تاديه,8,30890,3875589000,141287,130000,125100,-16187,-11.46,125464,-15823,-11.2,125000,130000,1399-9-30
752,اخزا704,اسنادخزانه-م4بودجه97-991022,8,49362,48868302429,988000,988011,990000,2000,0.2,989998,1998,0.2,988011,990000,1399-9-30
753,ضچاد1012,اختيارخ كچاد-10000-1399/10/02,8,8,82299000,9993,10999,10599,606,6.06,10287,294,2.94,10000,10999,1399-9-30
754,وسيزد,شركت س استان يزد,7,163323,199254060,1280,1220,1220,-60,-4.69,1280,0,0.0,1220,1220,1399-9-30
755,كرونا2,تامين مالي جمعي صرفا اهداي سود,7,324,3240000,10000,10000,10000,0,0.0,10000,0,0.0,10000,10000,1399-9-30
756,ضسپا1104,اختيارخ خساپا-3000-1399/11/26,7,120,55520000,576,610,450,-126,-21.88,463,-113,-19.62,450,610,1399-9-30
757,خعمرا,توسعه و عمران شهرستان نائين,7,17492,385873520,21418,22060,22060,642,3.0,21430,12,0.06,22060,22060,1399-9-30
758,ضبدر1150,اختيارخ شبندر-32000-1399/11/19,7,39,116200000,3288,3100,2800,-488,-14.84,2979,-309,-9.4,2800,3100,1399-9-30
759,زعف0008پ12,زعفران0008پوشالمعمول سحرخيز(پ),7,1034,91031333,86997,87999,87999,1002,1.15,88038,1041,1.2,87999,90000,1399-9-30
760,ضترا1117,اختيارخ شتران-10000-1399/11/14,7,150,450700000,3877,3100,2550,-1327,-34.23,3005,-872,-22.49,2550,3300,1399-9-30
761,ضپيك1020,اختيارخ تاپيكو-14000-99/10/16,6,46,65086000,1959,1510,1200,-759,-38.74,1415,-544,-27.77,1200,1510,1399-9-30
762,اخزا805,اسنادخزانه-م5بودجه98-000422,6,36094,32745699200,904360,904800,910000,5640,0.62,907234,2874,0.32,904800,910000,1399-9-30
763,ضبدر1159,اختيارخ شبندر-16000-1399/11/19,6,32,487410000,15500,16000,13500,-2000,-12.9,15232,-268,-1.73,13500,16001,1399-9-30
764,وسهمدا,شركت س استان همدان,6,36586,31098100,890,850,850,-40,-4.49,890,0,0.0,850,850,1399-9-30
765,وسخوز,شركت س استان خوزستان,6,113775,105810750,970,930,930,-40,-4.12,970,0,0.0,930,930,1399-9-30
766,ضملت1126,اختيارخ وبملت-4500-1399/11/28,6,294,309460000,1304,1051,1050,-254,-19.48,1053,-251,-19.25,1050,1060,1399-9-30
767,وسخراج,شركت س استان خراسان جنوبي,6,38939,82161290,2220,2110,2110,-110,-4.95,2220,0,0.0,2110,2110,1399-9-30
768,ضفلا1154,اختيارخ فولاد-12000-1399/11/28,6,57,225600000,3785,3800,4000,215,5.68,3958,173,4.57,3800,4000,1399-9-30
769,ضپاس1001,اختيارخ وپارس-2500-1399/10/30,5,19,31200000,1576,1950,1500,-76,-4.82,1642,66,4.19,1500,1950,1399-9-30
770,رايان911,مشاركت رايان سايپا-3ماهه18%,5,228,227966895,999000,999000,1000000,1000,0.1,999855,855,0.09,999000,1000000,1399-9-30
771,آينده,بازرگاني آينده سازان بهشت پارس,5,26500,547172000,21286,20648,20648,-638,-3.0,21268,-18,-0.08,20648,20648,1399-9-30
772,ضسپا1100,اختيارخ خساپا-1600-1399/11/26,5,101,120795000,1350,1200,1395,45,3.33,1196,-154,-11.41,1170,1395,1399-9-30
773,اوصتا2,صندوق انديشه ورزان صباتامين -د,5,500000,500000,17376,1,1,-17375,-99.99,1,-17375,-99.99,1,1,1399-9-30
774,ضملي1154,اختيارخ فملي-24336-1399/11/05,5,23,6235464,185,180,110,-75,-40.54,137,-48,-25.95,32,190,1399-9-30
775,ضگل1144,اختيارخ كگل-20000-1399/11/21,5,122,218000000,2082,2000,1500,-582,-27.95,1787,-295,-14.17,1500,2000,1399-9-30
776,ضمخا7066,اختيارخ اخابر-12000-1400/07/28,5,13,97800000,8900,7800,7500,-1400,-15.73,7523,-1377,-15.47,7500,7800,1399-9-30
777,ضبدر1149,اختيارخ شبندر-28000-1399/11/19,5,39,183800000,5643,5000,4600,-1043,-18.48,4713,-930,-16.48,4600,5000,1399-9-30
778,ضفار1126,اختيارخ فارس-19826-1399/11/07,5,103,43700000,264,300,200,-64,-24.24,212,-52,-19.7,10,300,1399-9-30
779,ضغدر1120,اختيارخ وغدير-12000-1399/11/26,4,64,159600000,2697,2300,2500,-197,-7.3,2494,-203,-7.53,2300,2500,1399-9-30
780,ساذري,آذريت‌,4,465,2837895,5813,6103,6103,290,4.99,5813,0,0.0,6103,6103,1399-9-30
781,وسقم,شركت س استان قم,4,47791,64039940,1410,1340,1340,-70,-4.96,1410,0,0.0,1340,1340,1399-9-30
782,ضملت1124,اختيارخ وبملت-3500-1399/11/28,4,108,205203000,1893,1900,1900,7,0.37,1900,7,0.37,1900,1901,1399-9-30
783,تملي702,تسهيلات مسكن ب. ملي-ارديبهشت97,4,21,20763750,941667,988750,988750,47083,5.0,988750,47083,5.0,988750,988750,1399-9-30
784,اراد35,مرابحه عام دولت3-ش.خ 0103,4,5000,4614620000,922700,922700,923000,300,0.03,922924,224,0.02,922700,923000,1399-9-30
785,هاباد912,اختيارف ت آبادا-30100-99/12/12,4,556,5622272,10912,10112,10112,-800,-7.33,10112,-800,-7.33,10112,10112,1399-9-30
786,ضملت1127,اختيارخ وبملت-5000-1399/11/28,4,88,64195000,1034,630,810,-224,-21.66,729,-305,-29.5,623,810,1399-9-30
787,زير0003پ01,زيره سبز0003كيميابذر(پ),4,511,246356166,507480,482106,482106,-25374,-5.0,482106,-25374,-5.0,482106,482106,1399-9-30
788,اخزا908,اسنادخزانه-م8بودجه99-020606,4,33,19665043,604523,595502,603489,-1034,-0.17,595910,-8613,-1.42,595501,603489,1399-9-30
789,زعف0008پ15,زعفران0008پوشالمعمول طلاسرخ(پ),4,590,50425000,85001,85190,87000,1999,2.35,85466,465,0.55,85190,87000,1399-9-30
790,ضصاد1106,اختيارخ وبصادر-6000-1399/11/12,4,150,5060000,35,41,32,-3,-8.57,34,-1,-2.86,31,41,1399-9-30
791,تصميم2,صندوق س با درآمد ثابت تصميم,3,3000000,3000000,15202,1,1,-15201,-99.99,1,-15201,-99.99,1,1,1399-9-30
792,اخزا807,اسنادخزانه-م7بودجه98-000719,3,2000,1731864908,865607,865934,865932,325,0.04,865932,325,0.04,865932,865934,1399-9-30
793,ضملي1153,اختيارخ فملي-20280-1399/11/05,3,17,12837720,495,530,400,-95,-19.19,383,-112,-22.63,330,530,1399-9-30
794,اخزا906,اسنادخزانه-م6بودجه99-020321,3,1010,639289800,623628,629000,633000,9372,1.5,632960,9332,1.5,629000,633000,1399-9-30
795,سپرمي,پرميت‌,3,15800,133273000,8352,8435,8435,83,0.99,8354,2,0.02,8435,8435,1399-9-30
796,ضگل1149,اختيارخ كگل-10000-1399/11/21,3,7,67500000,11917,10400,9600,-2317,-19.44,9643,-2274,-19.08,9500,10400,1399-9-30
797,اخزا723,اسنادخزانه-م23بودجه97-000824,3,3602,3066280820,857724,851271,851271,-6453,-0.75,851272,-6452,-0.75,851271,851272,1399-9-30
798,ضغدر1119,اختيارخ وغدير-10000-1399/11/26,3,14,52200000,4091,3800,3700,-391,-9.56,3729,-362,-8.85,3700,3800,1399-9-30
799,ضپار1115,اختيارخ خپارس-5000-1399/11/19,3,52,106100000,1805,2002,2700,895,49.58,2040,235,13.02,2002,3300,1399-9-30
800,پست0008پ09,پسته بادامي30-28مه ولات0008(پ),3,37,53097997,1510601,1435081,1435081,-75520,-5.0,1435081,-75520,-5.0,1435081,1435081,1399-9-30
801,ضملي1151,اختيارخ فملي-16224-1399/11/05,3,61,234569400,1999,1950,1950,-49,-2.45,1950,-49,-2.45,1950,1950,1399-9-30
802,تملي705,تسهيلات مسكن ب. ملي-مرداد97,3,18,17229006,1007544,957167,957167,-50377,-5.0,957167,-50377,-5.0,957167,957167,1399-9-30
803,ضملي1149,اختيارخ فملي-12168-1399/11/05,3,13,111023600,4689,4850,3500,-1189,-25.36,4331,-358,-7.63,3500,4850,1399-9-30
804,وسيلام,شركت س استان ايلام,3,15343,18104740,1240,1180,1180,-60,-4.84,1240,0,0.0,1180,1180,1399-9-30
805,اطلس2,صندوق س.توسعه اندوخته آينده-س,3,30000,30000,210816,1,1,-210815,-100.0,1,-210815,-100.0,1,1,1399-9-30
806,كمند2,صندوق س. با درآمد ثابت كمند,3,184000000,184000000,10076,1,1,-10075,-99.99,1,-10075,-99.99,1,1,1399-9-30
807,صايپا308,صكوك مرابحه سايپا308-3ماهه 18%,2,15930,15770700000,990000,990000,990000,0,0.0,990000,0,0.0,990000,990000,1399-9-30
808,شسم,توليد سموم‌ علف‌ كش,2,56,4970056,87011,88751,88751,1740,2.0,87012,1,0.0,88751,88751,1399-9-30
809,ضپار1118,اختيارخ خپارس-8000-1399/11/19,2,10,10000000,1500,1000,1000,-500,-33.33,1000,-500,-33.33,1000,1000,1399-9-30
810,ضملت1123,اختيارخ وبملت-3000-1399/11/28,2,104,229000000,2467,2250,2200,-267,-10.82,2202,-265,-10.74,2200,2250,1399-9-30
811,ضمخا7069,اختيارخ اخابر-18000-1400/07/28,2,2,10000000,5000,5000,5000,0,0.0,5000,0,0.0,5000,5000,1399-9-30
812,بتك,كارخانجات كابل سازي‌ تك‌,2,305,10524330,33830,34506,34506,676,2.0,33831,1,0.0,34506,34506,1399-9-30
813,اخزا713,اسنادخزانه-م13بودجه97-000518,2,13500,12054969500,892535,892961,892960,425,0.05,892961,426,0.05,892960,892961,1399-9-30
814,اراد56,مرابحه عام دولت5-ش.خ 0308,2,4000,3882500000,972500,965000,972500,0,0.0,970625,-1875,-0.19,965000,972500,1399-9-30
815,ضجار1013,اختيارخ وتجارت-2500-1399/10/21,2,12,19242000,1172,1550,1657,485,41.38,1603,431,36.77,1550,1657,1399-9-30
816,كايتا,ايتالران‌,2,2275,21739900,9278,9556,9556,278,3.0,9278,0,0.0,9556,9556,1399-9-30
817,صمعاد412,صكوك اجاره معادن412-6ماهه21%,2,10203,9999960300,980100,980100,980100,0,0.0,980100,0,0.0,980100,980100,1399-9-30
818,وسزنجان,شركت س استان زنجان,2,9298,12552300,1420,1350,1350,-70,-4.93,1420,0,0.0,1350,1350,1399-9-30
819,ياقوت2,صندوق س ياقوت آگاه-ثابت,2,6813300,6813300,11614,1,1,-11613,-99.99,1,-11613,-99.99,1,1,1399-9-30
820,ضمخا7075,اختيارخ اخابر-9000-1400/07/28,2,2,12722000,11111,2222,10500,-611,-5.5,6361,-4750,-42.75,2222,10500,1399-9-30
821,اراد41,مرابحه عام دولت4-ش.خ 0006,2,2500,2595000000,1016011,1020000,1050000,33989,3.35,1038000,21989,2.16,1020000,1050000,1399-9-30
822,ضبدر1160,اختيارخ شبندر-18000-1399/11/19,2,15,179500000,1,12500,11700,11699,1169900.0,11967,11966,1196600.0,11700,12500,1399-9-30
823,ضپيك1019,اختيارخ تاپيكو-12000-99/10/16,2,21,74700000,3554,3700,3200,-354,-9.96,3557,3,0.08,3200,3700,1399-9-30
824,ضصاد1107,اختيارخ وبصادر-7000-1399/11/12,2,88,1849000,48,22,21,-27,-56.25,21,-27,-56.25,21,22,1399-9-30
825,ضجار1011,اختيارخ وتجارت-1800-1399/10/21,2,10,17050000,1791,1750,1660,-131,-7.31,1705,-86,-4.8,1660,1750,1399-9-30
826,ضپار1119,اختيارخ خپارس-9000-1399/11/19,2,20,18000000,1850,900,900,-950,-51.35,900,-950,-51.35,900,900,1399-9-30
827,ضملت1125,اختيارخ وبملت-4000-1399/11/28,2,40,53430000,1541,1281,1500,-41,-2.66,1336,-205,-13.3,1281,1500,1399-9-30
828,ضمخا1024,اختيارخ اخابر-14000-1399/10/30,2,3,6102000,2240,2100,2001,-239,-10.67,2034,-206,-9.2,2001,2100,1399-9-30
829,ضفار1120,اختيارخ فارس-8826-1399/11/07,2,22,240000000,4900,5450,5500,600,12.24,5455,555,11.33,5450,5500,1399-9-30
830,ضفار1125,اختيارخ فارس-17826-1399/11/07,2,11,10580000,546,500,470,-76,-13.92,481,-65,-11.9,470,500,1399-9-30
831,شرق1400,مشاركت ليزينگ ايران وشرق140010,2,548,547040000,1006133,980000,1000000,-6133,-0.61,998248,-7885,-0.78,980000,1000000,1399-9-30
832,اروند102,منفعت صبا اروند لوتوس 14001222,1,2400000,2352000000000,980004,980000,980000,-4,0.0,980000,-4,0.0,980000,980000,1399-9-30
833,مشهد0012,مشاركت شهرداري مشهد-3ماهه20%,1,60,59400000,990000,990000,990000,0,0.0,990000,0,0.0,990000,990000,1399-9-30
834,وساربيل,شركت س استان اردبيل,1,4680,5709600,1280,1220,1220,-60,-4.69,1280,0,0.0,1220,1220,1399-9-30
835,اشاد1,مشاركت دولتي1-شرايط خاص001026,1,2900,2900000000,990000,1000000,1000000,10000,1.01,1000000,10000,1.01,1000000,1000000,1399-9-30
836,اراد62,مرابحه عام دولت62-ش.خ0309,1,2000,2000000000,1000000,1000000,1000000,0,0.0,1000000,0,0.0,1000000,1000000,1399-9-30
837,ضپيك1022,اختيارخ تاپيكو-18000-99/10/16,1,4,804000,700,201,201,-499,-71.29,201,-499,-71.29,201,201,1399-9-30
838,زير0003پ02,زيره سبز0003 دانش(پ),1,20,9642120,507480,482106,482106,-25374,-5.0,482106,-25374,-5.0,482106,482106,1399-9-30
839,رهن0104,اوراق رهني بانك مسكن14010423,1,5,5000000,1000000,1000000,1000000,0,0.0,1000000,0,0.0,1000000,1000000,1399-9-30
840,دمعيار2,صندوق س. توازن معيار-د,1,900000,900000,10140,1,1,-10139,-99.99,1,-10139,-99.99,1,1,1399-9-30
841,فبستم,صنايع ‌بسته‌بندي‌ مشهد,1,4215,3506880,793,832,832,39,4.92,793,0,0.0,832,832,1399-9-30
842,شستا2,سرمايه گذاري تامين اجتماعي,1,5300000,133560000000,25490,25200,25200,-290,-1.14,25200,-290,-1.14,25200,25200,1399-9-30
843,شستا003,اجاره تامين اجتماعي-سپهر000523,1,80,79200800,990002,990010,990010,8,0.0,990010,8,0.0,990010,990010,1399-9-30
844,پست0008پ02,پسته فندقي32-30طلاسبززرند0008,1,5,7587630,1648812,1517526,1517526,-131286,-7.96,1517526,-131286,-7.96,1517526,1517526,1399-9-30
845,بكاب4,صنايع‌جوشكاب‌يزد,1,362500,113056500000,306730,311880,311880,5150,1.68,311880,5150,1.68,311880,311880,1399-9-30
846,بايكا2,كارخانجات كابلسازي ‌ايران‌,1,330000,20237910000,58417,61327,61327,2910,4.98,61327,2910,4.98,61327,61327,1399-9-30
847,اخزا716,اسنادخزانه-م16بودجه97-000407,1,828,754680600,913182,911450,911450,-1732,-0.19,911450,-1732,-0.19,911450,911450,1399-9-30
848,اراد53,مرابحه عام دولت5-ش.خ 0207,1,100,91385000,904798,913850,913850,9052,1.0,913850,9052,1.0,913850,913850,1399-9-30
849,سنفت001,سلف موازي استاندارد سنفت001,1,46310,50006464200,1065736,1079820,1079820,14084,1.32,1079820,14084,1.32,1079820,1079820,1399-9-30
850,زير0003پ04,زيره سبز0003شركت مينوبذر(پ),1,20,9642120,507480,482106,482106,-25374,-5.0,482106,-25374,-5.0,482106,482106,1399-9-30
851,واتي2,سرمايه‌ گذاري‌ آتيه‌ دماوند,1,44500000,640800000000,14400,14400,14400,0,0.0,14400,0,0.0,14400,14400,1399-9-30
852,ضپيك1023,اختيارخ تاپيكو-20000-99/10/16,1,20,2040000,101,102,102,1,0.99,102,1,0.99,102,102,1399-9-30
853,اتكاي2,بيمه اتكايي ايرانيان,1,39000000,678249000000,17081,17391,17391,310,1.81,17391,310,1.81,17391,17391,1399-9-30
854,سنفت2991,سلف نفت خام سبك داخلي2991,1,20000,17420000000,862000,871000,871000,9000,1.04,871000,9000,1.04,871000,871000,1399-9-30
855,ضجار1010,اختيارخ وتجارت-1600-1399/10/21,1,2,5000000,1502,2500,2500,998,66.44,2500,998,66.44,2500,2500,1399-9-30
856,اراد48,مرابحه عام دولت4-ش.خ 0009,1,500,523000000,1023000,1046000,1046000,23000,2.25,1046000,23000,2.25,1046000,1046000,1399-9-30
857,سلامت4,مرابحه دولتي تعاون-لوتوس991118,1,2550,2562750000,1000000,1005000,1005000,5000,0.5,1005000,5000,0.5,1005000,1005000,1399-9-30
858,شستا004,اجاره تامين اجتماعي-نوين000523,1,22,21781672,990076,990076,990076,0,0.0,990076,0,0.0,990076,990076,1399-9-30
859,اروند05,منفعت صبا اروند لوتوس 14001113,1,500,493751500,980003,987503,987503,7500,0.77,987503,7500,0.77,987503,987503,1399-9-30
860,تملي804,تسهيلات مسكن ب. ملي-تير98,1,6,5090166,893011,848361,848361,-44650,-5.0,848361,-44650,-5.0,848361,848361,1399-9-30
861,افاد74,منفعت دولت7-ش.خاص ساير0204,1,5000,4935000000,983890,987000,987000,3110,0.32,987000,3110,0.32,987000,987000,1399-9-30
862,وملي2,گروه‌ صنعتي‌ ملي‌ (هلدينگ‌,1,1050000,345366000000,328920,328920,328920,0,0.0,328920,0,0.0,328920,328920,1399-9-30
863,تملي806,تسهيلات مسكن ب. ملي-شهريور98,1,2,1094316,521103,547158,547158,26055,5.0,547158,26055,5.0,547158,547158,1399-9-30
864,ضصاد1108,اختيارخ وبصادر-1800-1399/11/12,1,1,1450000,1,1450,1450,1449,144900.0,1450,1449,144900.0,1450,1450,1399-9-30
865,شساخت4,مهندسي و ساختمان صنايع نفت,1,57508239,2968632805419,50117,51621,51621,1504,3.0,51621,1504,3.0,51621,51621,1399-9-30
866,اخزا8172,اسنادخزانه-م17بودجه98-010512,1,200000,150000000000,751149,750000,750000,-1149,-0.15,750000,-1149,-0.15,750000,750000,1399-9-30
867,بساما2,بيمه سامان,1,4070000,139088180000,33124,34174,34174,1050,3.17,34174,1050,3.17,34174,34174,1399-9-30
868,وثخوز2,سرمايه گذاري و توسعه خوزستان,1,700000,45752700000,62249,65361,65361,3112,5.0,65361,3112,5.0,65361,65361,1399-9-30
869,ضفار1123,اختيارخ فارس-13826-1399/11/07,1,1,4900000,1500,2450,2450,950,63.33,2450,950,63.33,2450,2450,1399-9-30
870,صگل411,ص اجاره گل گهر 411- 3 ماهه 17%,1,6,5880000,1010000,980000,980000,-30000,-2.97,980000,-30000,-2.97,980000,980000,1399-9-30
871,وسبوشهر,شركت س استان بوشهر,1,5800,6960000,1260,1200,1200,-60,-4.76,1260,0,0.0,1200,1200,1399-9-30
872,صفارس412,صكوك اجاره خليج فارس- 3ماهه16%,1,200,177000000,867000,885000,885000,18000,2.08,885000,18000,2.08,885000,885000,1399-9-30
873,اراد36,مرابحه عام دولت3-ش.خ 0104,1,10000,9350000000,915000,935000,935000,20000,2.19,935000,20000,2.19,935000,935000,1399-9-30
874,ضخود2011,اختيارخ خودرو-5000-1400/02/08,1,1,599000,739,599,599,-140,-18.94,599,-140,-18.94,599,599,1399-9-30
875,ضسان1040,اختيارخ پارسان-24000-99/10/14,1,9,22500000,3100,2500,2500,-600,-19.35,2500,-600,-19.35,2500,2500,1399-9-30
876,اخزا721,اسنادخزانه-م21بودجه97-000728,1,269,231913239,862294,862131,862131,-163,-0.02,862131,-163,-0.02,862131,862131,1399-9-30
877,صمسكن912,ص دين مسكن جنوب-ماهانه16درصد,1,110,6323790,60514,57489,57489,-3025,-5.0,57489,-3025,-5.0,57489,57489,1399-9-30
878,اخزا8122,اسنادخزانه-م12بودجه98-001111,1,111629,91870667000,822085,823000,823000,915,0.11,823000,915,0.11,823000,823000,1399-9-30
879,ضفار1127,اختيارخ فارس-23826-1399/11/07,1,10,2400000,23,120,120,97,421.74,120,97,421.74,120,120,1399-9-30
880,صخود412,ص مرابحه خودرو412- 3ماهه 18%,1,3000,2970000000,980002,990000,990000,9998,1.02,990000,9998,1.02,990000,990000,1399-9-30
881,ضترا1126,اختيارخ شتران-7000-1399/11/14,1,30,195000000,6500,6500,6500,0,0.0,6500,0,0.0,6500,6500,1399-9-30
882,تملي805,تسهيلات مسكن ب. ملي-مرداد98,1,10,5799400,610463,579940,579940,-30523,-5.0,579940,-30523,-5.0,579940,579940,1399-9-30
883,ما2,بيمه  ما,1,10000000,92000000000,9080,9200,9200,120,1.32,9200,120,1.32,9200,9200,1399-9-30
884,اراد38,مرابحه عام دولت3-ش.خ 0105,1,1000,1000000000,975000,1000000,1000000,25000,2.56,1000000,25000,2.56,1000000,1000000,1399-9-30
885,ضشنا1037,اختيارخ شپنا-18000-1399/10/23,1,5,4070000,1300,814,814,-486,-37.38,814,-486,-37.38,814,814,1399-9-30
886,هغدير912,اختيارف ت غدير-17380-99/12/16,1,100,377500,3041,3775,3775,734,24.14,3775,734,24.14,3775,3775,1399-9-30
887,صايپا012,صكوك مرابحه سايپا012-3ماهه 16%,1,5,5000005,1005000,1000001,1000001,-4999,-0.5,1000001,-4999,-0.5,1000001,1000001,1399-9-30
888,تملي807,تسهيلات مسكن ب. ملي-مهر98,1,6,5237556,918869,872926,872926,-45943,-5.0,872926,-45943,-5.0,872926,872926,1399-9-30
889,ركيش2,كارت اعتباري ايران كيش,1,14000000,288120000000,19740,20580,20580,840,4.26,20580,840,4.26,20580,20580,1399-9-30
890,پاكشو2,گروه صنعتي پاكشو,1,7000000,587510000000,83930,83930,83930,0,0.0,83930,0,0.0,83930,83930,1399-9-30
891,غديس2,پاكديس,1,11650000,145846350000,12519,12519,12519,0,0.0,12519,0,0.0,12519,12519,1399-9-30
892,اخزا9082,اسنادخزانه-م8بودجه99-020606,1,145585,87496585000,604523,601000,601000,-3523,-0.58,601000,-3523,-0.58,601000,601000,1399-9-30
893,افران2,صندوق س افرا نماد پايدار-ثابت,1,20300000,20300000,12311,1,1,-12310,-99.99,1,-12310,-99.99,1,1,1399-9-30
894,ضغدر1122,اختيارخ وغدير-16000-1399/11/26,1,1,850000,880,850,850,-30,-3.41,850,-30,-3.41,850,850,1399-9-30
895,تملي801,تسهيلات مسكن ب. ملي-فروردين98,1,7,5372556,807903,767508,767508,-40395,-5.0,767508,-40395,-5.0,767508,767508,1399-9-30
896,عسناسنگ2,سلف كنستانتره سنگ آهن سناباد2,1,1,7706655,7824590,7706655,7706655,-117935,-1.51,7706655,-117935,-1.51,7706655,7706655,1399-9-30
897,ضمخا7067,اختيارخ اخابر-14000-1400/07/28,1,2,15400000,5015,7700,7700,2685,53.54,7700,2685,53.54,7700,7700,1399-9-30
898,صايپا3082,صكوك مرابحه سايپا308-3ماهه 18%,1,1110000,1067953200000,990000,962120,962120,-27880,-2.82,962120,-27880,-2.82,962120,962120,1399-9-30
899,اعتماد4,صندوق س.اعتماد آفرين پارسيان-د,1,7400000,250837800000,33897,33897,33897,0,0.0,33897,0,0.0,33897,33897,1399-9-30
900,مصفها012,مشاركت ش اصفهان012-3ماهه20%,1,200,198000000,975000,990000,990000,15000,1.54,990000,15000,1.54,990000,990000,1399-9-30
901,ضسپا1101,اختيارخ خساپا-1800-1399/11/26,1,1,1000000,1099,1000,1000,-99,-9.01,1000,-99,-9.01,1000,1000,1399-9-30
902,تملي701,تسهيلات مسكن ب. ملي-فروردين97,1,6,5677626,996074,946271,946271,-49803,-5.0,946271,-49803,-5.0,946271,946271,1399-9-30
903,ضگل1141,اختيارخ كگل-14000-1399/11/21,1,12,70800000,4001,5900,5900,1899,47.46,5900,1899,47.46,5900,5900,1399-9-30
