,نماد,نام,تعداد,حجم,ارزش,دیروز,اولین,آخرین معامله - مقدار,آخرین معامله - تغییر,آخرین معامله - درصد,قیمت پایانی - مقدار,قیمت پایانی - تغییر,قیمت پایانی - درصد,کمترین,بیشترین,تاریخ
0,پالايش,صندوق پالايشي يکم-سهام,99235,137814592,12028014271710,80100,88110,88110,8010,10.0,87280,7180,8.96,83000,88110,1399-11-20
1,دارا يكم,صندوق واسطه گري مالي يكم-سهام,87185,75672355,11404767449520,139970,153960,153960,13990,9.99,150710,10740,7.67,143750,153960,1399-11-20
2,شستا,سرمايه گذاري تامين اجتماعي,44196,172698757,3846594364970,21620,22700,22280,660,3.05,22270,650,3.01,21150,22700,1399-11-20
3,سپيدار,سپيدار سيستم آسيا,37882,335184,20362763184,57859,60751,60751,2892,5.0,58937,1078,1.86,60751,60751,1399-11-20
4,خودرو,ايران‌ خودرو,34569,1192787774,3140183673670,2570,2690,2670,100,3.89,2630,60,2.33,2530,2690,1399-11-20
5,خساپا,سايپا,32844,1817304289,4115502187800,2170,2270,2270,100,4.61,2260,90,4.15,2210,2270,1399-11-20
6,شپنا,پالايش نفت اصفهان,32278,402136350,4701210320830,11170,11720,11720,550,4.92,11690,520,4.66,11230,11720,1399-11-20
7,آوا,صندوق س.سهام آواي معيار-س,28613,313332292,2637609501092,8501,9020,8230,-271,-3.19,8418,-83,-0.98,7905,9100,1399-11-20
8,خگستر,گسترش‌سرمايه‌گذاري‌ايران‌خودرو,25758,764355413,2365306793080,3070,3140,3110,40,1.3,3090,20,0.65,2970,3190,1399-11-20
9,بركت,گروه دارويي بركت,23633,79334852,1809782739590,21950,23040,23040,1090,4.97,22810,860,3.92,22000,23040,1399-11-20
10,شتران,پالايش نفت تهران,23131,225639526,2031673369570,8690,9120,9020,330,3.8,9000,310,3.57,8430,9120,1399-11-20
11,وكبهمن,مديريت سرمايه گذاري كوثربهمن,22238,18357892,247011876592,14027,14270,13326,-701,-5.0,13455,-572,-4.08,13326,14270,1399-11-20
12,فملي,ملي‌ صنايع‌ مس‌ ايران‌,20542,193565264,2013748557650,9930,10420,10420,490,4.93,10400,470,4.73,10100,10420,1399-11-20
13,وسپهر,سرمايه گذاري مالي سپهرصادرات,19148,70997629,717491688887,10243,10300,10101,-142,-1.39,10106,-137,-1.34,10100,10300,1399-11-20
14,بوعلي,پتروشيمي بوعلي سينا,17426,6711959,292974815100,43750,44900,43130,-620,-1.42,43650,-100,-0.23,42370,44900,1399-11-20
15,سبهان,سيمان‌ بهبهان‌,17095,11915216,1871466225980,149920,157410,157410,7490,5.0,157070,7150,4.77,151120,157410,1399-11-20
16,وتجارت,بانك تجارت,16493,472718140,1340640218570,2810,2890,2870,60,2.14,2840,30,1.07,2710,2900,1399-11-20
17,زملارد,كشاورزي و دامپروري ملارد شير,16037,5787828,208156668059,35363,37000,35650,287,0.81,35965,602,1.7,34300,37130,1399-11-20
18,شاروم,پتروشيمي اروميه,15805,11877312,222550789870,18971,19700,18230,-741,-3.91,18737,-234,-1.23,18050,19850,1399-11-20
19,فولاد,فولاد مباركه اصفهان,14612,158299571,1795485045790,10810,11350,11350,540,5.0,11340,530,4.9,11150,11350,1399-11-20
20,غزر,صنعتي زر ماكارون,14338,11402429,319865156260,29340,29000,27880,-1460,-4.98,28050,-1290,-4.4,27880,29790,1399-11-20
21,كزغال,زغال سنگ پروده طبس,14178,1758278,39816205310,21567,22645,22645,1078,5.0,22343,776,3.6,22645,22645,1399-11-20
22,حكشتي,كشتيراني جمهوري اسلامي ايران,14101,62982932,1286430395050,21000,21330,20100,-900,-4.29,20430,-570,-2.71,19950,21700,1399-11-20
23,ثبهساز,بهساز كاشانه تهران,13999,109272551,271472094530,2490,2610,2460,-30,-1.2,2480,-10,-0.4,2380,2610,1399-11-20
24,قثابت,قند ثابت‌ خراسان‌,13357,27037112,1748288549400,63420,60450,66250,2830,4.46,63420,0,0.0,60450,66590,1399-11-20
25,سيتا,سرمايه گذاري سيمان تامين,13271,32480242,488190092020,15440,15490,15020,-420,-2.72,15030,-410,-2.66,15000,15490,1399-11-20
26,ثاميد,توسعه و عمران اميد,13057,113033814,195737790910,1760,1800,1720,-40,-2.27,1730,-30,-1.7,1680,1810,1399-11-20
27,وبصادر,بانك صادرات ايران,12528,377522722,982789104010,2520,2640,2620,100,3.97,2600,80,3.17,2490,2640,1399-11-20
28,ذوب,سهامي ذوب آهن  اصفهان,12445,204727425,853933806986,4037,4218,4212,175,4.33,4171,134,3.32,3993,4238,1399-11-20
29,وبملت,بانك ملت,10929,352746692,1393581670810,3790,3970,3970,180,4.75,3950,160,4.22,3810,3970,1399-11-20
30,بپيوند,برق و انرژي پيوندگستر پارس,10769,12346828,191463200658,15461,16234,15360,-101,-0.65,15507,46,0.3,14800,16234,1399-11-20
31,شبندر,پالايش نفت بندرعباس,10389,39624067,829688887980,20170,21170,21080,910,4.51,20940,770,3.82,20000,21170,1399-11-20
32,كاما,باما,10309,57433564,824907678070,14830,15400,14090,-740,-4.99,14360,-470,-3.17,14090,15450,1399-11-20
33,سمگا,گروه سرمايه گذاري ميراث فرهنگي,10173,63716555,1812516010942,27383,28000,28752,1369,5.0,28447,1064,3.89,27100,28752,1399-11-20
34,ثشاهد,سرمايه‌ گذاري‌ شاهد,9730,43685928,894973124220,21110,21750,20160,-950,-4.5,20490,-620,-2.94,20060,21870,1399-11-20
35,وپارس,بانك‌پارسيان‌,9595,419738718,1288010086420,2940,3080,3080,140,4.76,3070,130,4.42,2950,3080,1399-11-20
36,ثفارس,عمران‌وتوسعه‌فارس‌,9313,58704282,769189790340,12950,13590,12460,-490,-3.78,13100,150,1.16,12400,13590,1399-11-20
37,امين,تامين سرمايه امين,9234,10116167,105099987290,10590,10550,10410,-180,-1.7,10390,-200,-1.89,10150,10550,1399-11-20
38,آريا,پليمر آريا ساسول,9082,4191590,329218742148,76270,80083,77863,1593,2.09,78543,2273,2.98,76271,80083,1399-11-20
39,غگل,گلوكوزان‌,9036,113622955,437002226770,3990,4080,3810,-180,-4.51,3850,-140,-3.51,3800,4090,1399-11-20
40,آبادا,توليد نيروي برق آبادان,8917,4979901,73985422580,15130,15280,14900,-230,-1.52,14860,-270,-1.78,14380,15830,1399-11-20
41,بگيلان,توسعه مسير برق گيلان,8881,4950732,104235692683,21096,21060,21400,304,1.44,21055,-41,-0.19,20043,21840,1399-11-20
42,آگاس,صندوق س.هستي بخش آگاه-س,8526,13111893,860524152782,68107,69000,65000,-3107,-4.56,65629,-2478,-3.64,63201,69000,1399-11-20
43,غنوش,نوش‌ مازندران‌,8308,12930333,724945544840,58610,57000,56100,-2510,-4.28,56070,-2540,-4.33,55680,59000,1399-11-20
44,وخارزم,سرمايه گذاري خوارزمي,8228,62262867,542895944960,8420,8840,8840,420,4.99,8720,300,3.56,8320,8840,1399-11-20
45,كرمان,س. توسعه و عمران استان كرمان,8184,12347867,678974865088,56748,57050,53980,-2768,-4.88,54987,-1761,-3.1,53920,58100,1399-11-20
46,انرژي3,سايراشخاص بورس انرژي,7893,2340948,711381299810,297880,312770,301990,4110,1.38,303890,6010,2.02,290000,312770,1399-11-20
47,سرو,صندوق س سروسودمند مدبران-سهام,7667,12190237,816088515330,68540,69850,65990,-2550,-3.72,66950,-1590,-2.32,64500,69900,1399-11-20
48,ثقزوي,شركت عمران و سازندگي قزوين,7631,18208247,574418126838,31436,31493,32379,943,3.0,31547,111,0.35,30493,32379,1399-11-20
49,چكاپا,گروه صنايع كاغذ پارس,7269,90738908,468545005910,5320,5420,5190,-130,-2.44,5160,-160,-3.01,5060,5480,1399-11-20
50,رافزا,رايان هم افزا,7231,42215,1830484615,41297,43361,43361,2064,5.0,41369,72,0.17,43361,43361,1399-11-20
51,وهنر,گروه توسعه هنر ايران,7163,81680504,790318338449,9224,9685,9685,461,5.0,9676,452,4.9,9224,9685,1399-11-20
52,كلر,كلر پارس,7014,5937944,817082412123,142661,145533,135670,-6991,-4.9,137604,-5057,-3.54,135528,145533,1399-11-20
53,آسيا,بيمه آسيا,6927,135722709,334525397800,2540,2640,2420,-120,-4.72,2460,-80,-3.15,2420,2640,1399-11-20
54,شگويا,پتروشيمي تندگويان,6911,34863120,289939363500,8202,8600,8301,99,1.21,8317,115,1.4,8003,8600,1399-11-20
55,پيزد,مجتمع صنايع لاستيك يزد,6849,1502431,101350650679,70359,69500,67040,-3319,-4.72,67458,-2901,-4.12,66852,69500,1399-11-20
56,خزاميا,زامياد,6802,73711043,600078882040,8130,8440,8120,-10,-0.12,8140,10,0.12,7800,8490,1399-11-20
57,ثاخت,بين‌المللي‌توسعه‌ساختمان,6791,131970083,394937914700,3110,3130,2970,-140,-4.5,2990,-120,-3.86,2960,3180,1399-11-20
58,خبهمن,گروه‌بهمن‌,6744,45568178,953188709200,20030,21030,21030,1000,4.99,20920,890,4.44,20210,21030,1399-11-20
59,ولپارس,ليزينگ پارسيان,6683,17267405,95662881500,5770,5950,5490,-280,-4.85,5540,-230,-3.99,5490,5950,1399-11-20
60,خپارس,پارس‌ خودرو,6583,113602834,662528441560,5810,5940,5880,70,1.2,5830,20,0.34,5580,6060,1399-11-20
61,غپينو,پارس‌ مينو,6463,57149689,409630771450,7030,7380,6960,-70,-1.0,7170,140,1.99,6710,7380,1399-11-20
62,شبريز,پالايش نفت تبريز,6460,27866103,728053242370,25670,26950,26050,380,1.48,26130,460,1.79,24800,26950,1399-11-20
63,بترانس,ايران‌ ترانسفو,6322,178782338,482037867700,2580,2700,2700,120,4.65,2700,120,4.65,2600,2700,1399-11-20
64,تكشا,گسترش‌صنايع‌وخدمات‌كشاورزي‌,6047,7310867,355464600620,48450,49490,48550,100,0.21,48620,170,0.35,46300,50700,1399-11-20
65,صبا,سرمايه گذاري صبا تامين,5834,29941150,230618468553,7695,8030,7655,-40,-0.52,7702,7,0.09,7360,8063,1399-11-20
66,شپلي,پلي اكريل ايران,5825,91073097,1096490261790,12138,11896,12380,242,1.99,12040,-98,-0.81,11896,12380,1399-11-20
67,وغدير,سرمايه‌گذاري‌غدير(هلدينگ‌,5773,75272601,866742143240,10990,11530,11530,540,4.91,11510,520,4.73,11140,11530,1399-11-20
68,فارس,صنايع پتروشيمي خليج فارس,5599,68231394,625627239300,8750,9180,9180,430,4.91,9170,420,4.8,9000,9180,1399-11-20
69,فروي,ذوب روي اصفهان,5309,4181031,275965292068,64473,66800,66499,2026,3.14,66004,1531,2.37,63473,67696,1399-11-20
70,تاصيكو,سرمايه گذاري صدرتامين,5163,77286184,793024935990,10680,10800,10150,-530,-4.96,10260,-420,-3.93,10150,10980,1399-11-20
71,كمند,صندوق س. با درآمد ثابت كمند,5056,224520774,2251524862015,10022,10027,10027,5,0.05,10028,6,0.06,10027,10031,1399-11-20
72,فرابورس,فرابورس ايران,4904,12126743,405717606649,34144,35680,32730,-1414,-4.14,33456,-688,-2.01,32437,35680,1399-11-20
73,قلرست,قند لرستان‌,4807,10459181,346800596330,32680,32200,34310,1630,4.99,33160,480,1.47,31050,34310,1399-11-20
74,مدير,ص.س.مديريت ثروت ص.بازنشستگي-س,4790,29577209,288276257210,9508,10100,9690,182,1.91,9747,239,2.51,9310,10190,1399-11-20
75,خمحركه,نيرو محركه‌,4584,46975060,227501904980,4950,5030,4780,-170,-3.43,4840,-110,-2.22,4710,5130,1399-11-20
76,وپويا,سرمايه گذاري پويا,4520,3846998,24863148074,6156,6463,6463,307,4.99,6292,136,2.21,6463,6463,1399-11-20
77,فزرين,زرين معدن آسيا,4369,19143256,444463051750,23316,24250,23590,274,1.18,23218,-98,-0.42,22155,24300,1399-11-20
78,گكوثر,هتل پارسيان كوثر اصفهان,4365,95457492,252568668627,2764,2790,2673,-91,-3.29,2646,-118,-4.27,2626,2790,1399-11-20
79,تليسه,دامداري تليسه نمونه,4361,43013574,185519751118,4477,4634,4254,-223,-4.98,4313,-164,-3.66,4254,4634,1399-11-20
80,كبافق,معادن‌ بافق‌,4326,5156662,273051370330,51940,54500,54450,2510,4.83,52950,1010,1.94,49350,54530,1399-11-20
81,چفيبر,فيبر ايران‌,4302,32803416,455834411220,14500,13910,13780,-720,-4.97,13900,-600,-4.14,13780,14780,1399-11-20
82,قشكر,شكرشاهرود,4206,62144244,239688217450,3970,4150,3800,-170,-4.28,3860,-110,-2.77,3780,4150,1399-11-20
83,ساوه,سيمان ساوه,4198,2526950,137442853193,54751,56900,53300,-1451,-2.65,54391,-360,-0.66,52500,56900,1399-11-20
84,بجهرم,توسعه مولد نيروگاهي جهرم,4141,54708570,160960574633,2875,3015,2963,88,3.06,2942,67,2.33,2837,3015,1399-11-20
85,ونوين,بانك‌اقتصادنوين‌,4091,109723974,431298115330,3800,3990,3920,120,3.16,3930,130,3.42,3780,3990,1399-11-20
86,وساپا,سرمايه‌گذاري‌ سايپا,4086,54633967,329767743040,5950,6240,6030,80,1.34,6040,90,1.51,5700,6240,1399-11-20
87,وملي,گروه‌ صنعتي‌ ملي‌ (هلدينگ‌,4072,1588358,277842627920,179120,185000,172000,-7120,-3.97,174920,-4200,-2.34,170170,185000,1399-11-20
88,كوير,توليدي فولاد سپيد فراب كوير,4021,16912024,414604689200,25430,25790,24160,-1270,-4.99,24520,-910,-3.58,24160,25790,1399-11-20
89,غسالم,سالمين‌,4015,44341760,190342903640,4400,4570,4290,-110,-2.5,4290,-110,-2.5,4180,4570,1399-11-20
90,سبزوا,سيمان لار سبزوار,3959,40482858,153018089561,3908,4090,3715,-193,-4.94,3780,-128,-3.28,3713,4090,1399-11-20
91,ثنوسا,نوسازي‌وساختمان‌تهران‌,3908,31089964,407556985730,12610,12960,13240,630,5.0,13110,500,3.97,12600,13240,1399-11-20
92,وآذر,سرمايه‌گذاري‌توسعه‌آذربايجان‌,3877,3859227,335727169760,89380,90200,84920,-4460,-4.99,86990,-2390,-2.67,84920,92000,1399-11-20
93,تاپيكو,س. نفت و گاز و پتروشيمي تأمين,3839,41105213,485072962950,11290,11850,11850,560,4.96,11800,510,4.52,11410,11850,1399-11-20
94,فخوز,فولاد  خوزستان,3795,28494256,360624988190,12140,12700,12600,460,3.79,12660,520,4.28,12180,12740,1399-11-20
95,فاراك,ماشين‌ سازي‌ اراك‌,3793,42018919,210060766280,5120,5300,5020,-100,-1.95,5000,-120,-2.34,4870,5300,1399-11-20
96,قپيرا,فرآورده‌هاي‌غدايي‌وقندپيرانشهر,3686,2799809,283410261430,102490,97370,106590,4100,4.0,101220,-1270,-1.24,97370,107000,1399-11-20
97,غشهداب,كشت و صنعت شهداب ناب خراسان,3675,51057190,193045832001,3690,3850,3874,184,4.99,3781,91,2.47,3560,3874,1399-11-20
98,بكام,كارخانجات توليدي شهيد قندي,3666,53845715,183226360110,3520,3640,3350,-170,-4.83,3400,-120,-3.41,3350,3640,1399-11-20
99,نوري,پتروشيمي نوري,3639,4967467,260570295080,52050,52580,52420,370,0.71,52460,410,0.79,50610,53990,1399-11-20
100,شيران,س. صنايع‌شيميايي‌ايران,3550,10543831,295862457730,28240,28540,29000,760,2.69,28060,-180,-0.64,27000,29070,1399-11-20
101,فاذر,صنايع‌ آذرآب‌,3547,11649978,283274531370,24960,25800,24200,-760,-3.04,24320,-640,-2.56,23720,25800,1399-11-20
102,ارزش,صندوق س ارزش آفرين بيدار-سهام,3528,28191429,283444064730,9980,10380,9970,-10,-0.1,10050,70,0.7,9710,10400,1399-11-20
103,ختوقا,قطعات‌ اتومبيل‌ ايران‌,3513,73956021,191491610940,2620,2700,2580,-40,-1.53,2590,-30,-1.15,2500,2730,1399-11-20
104,فجر,فولاد اميركبيركاشان,3501,8770468,584222099510,64290,65000,66900,2610,4.06,66610,2320,3.61,64000,67500,1399-11-20
105,سفارس,سيمان فارس و خوزستان,3498,21413626,391970025300,19080,19290,18130,-950,-4.98,18300,-780,-4.09,18130,19290,1399-11-20
106,خكمك,كمك‌فنرايندامين‌,3443,12185628,350444842750,29570,31040,28100,-1470,-4.97,28760,-810,-2.74,28100,31040,1399-11-20
107,كالا,بورس كالاي ايران,3432,8303830,267771317500,33130,34470,31850,-1280,-3.86,32250,-880,-2.66,31480,34470,1399-11-20
108,ميهن,بيمه ميهن,3429,32565939,151927934505,4780,4930,4732,-48,-1.0,4665,-115,-2.41,4541,4940,1399-11-20
109,وكارح,ح . بانك‌ كارآفرين‌,3417,146354198,208667403780,1440,1520,1400,-40,-2.78,1430,-10,-0.69,1340,1570,1399-11-20
110,ملت,بيمه ملت,3379,15118706,235939336010,15360,16110,15400,40,0.26,15610,250,1.63,14810,16120,1399-11-20
111,كرازي,كارخانجات‌توليدي‌شيشه‌رازي‌,3337,10235267,264037980660,27010,26520,25660,-1350,-5.0,25800,-1210,-4.48,25660,27300,1399-11-20
112,اخابر,مخابرات ايران,3336,29331615,304473191430,10240,10670,10330,90,0.88,10380,140,1.37,9900,10750,1399-11-20
113,خنصير,مهندسي‌نصيرماشين‌,3335,2986046,262026659120,87220,87400,87160,-60,-0.07,87750,530,0.61,83020,90500,1399-11-20
114,زكوثر,سرمايه گذاري كشاورزي كوثر,3289,10132612,214033734840,22060,22750,21000,-1060,-4.81,21120,-940,-4.26,20960,22750,1399-11-20
115,كپارس,كاشي‌ پارس‌,3269,1643771,253195922430,149900,155000,157390,7490,5.0,154030,4130,2.76,144580,157390,1399-11-20
116,توريل,توکاريل,3238,12817893,312622071232,23345,24512,24512,1167,5.0,24390,1045,4.48,23400,24512,1399-11-20
117,ديران,ايران‌دارو,3235,8499959,233414649920,28600,28800,27170,-1430,-5.0,27460,-1140,-3.99,27170,29250,1399-11-20
118,غبهنوش,بهنوش‌ ايران‌,3230,2545617,185693378680,72650,76000,71350,-1300,-1.79,72950,300,0.41,70100,76000,1399-11-20
119,زقيام,كشت و دام قيام اصفهان,3202,8425048,269934971621,30677,32210,32210,1533,5.0,32040,1363,4.44,30677,32210,1399-11-20
120,شلعاب,لعابيران‌,3181,15182478,243313637010,16530,15820,16450,-80,-0.48,16030,-500,-3.02,15710,16530,1399-11-20
121,شسينا,صنايع‌شيميايي‌سينا,3179,2672476,340032630100,121780,127800,127860,6080,4.99,127240,5460,4.48,122970,127860,1399-11-20
122,پدرخش,درخشان‌ تهران‌,3159,1206096,173349488380,141000,148040,141000,0,0.0,143730,2730,1.94,136790,148040,1399-11-20
123,حفاري,حفاري شمال,3150,17959976,193853392460,10740,11190,10740,0,0.0,10790,50,0.47,10450,11210,1399-11-20
124,فسرب,ملي‌ سرب‌وروي‌ ايران‌,3150,3357822,261846928750,80630,84600,77790,-2840,-3.52,77980,-2650,-3.29,76600,84600,1399-11-20
125,غگيلا,شيرپاستوريزه پگاه گيلان,3103,79413,1828722564,21932,23028,23028,1096,5.0,21970,38,0.17,23028,23028,1399-11-20
126,كماسه,تامين‌ ماسه‌ ريخته‌گري‌,3053,4854432,226400695280,48580,49500,46160,-2420,-4.98,46640,-1940,-3.99,46160,49500,1399-11-20
127,ونيرو,سرمايه‌گذاري‌نيرو,3027,64089546,168584595660,2650,2740,2610,-40,-1.51,2630,-20,-0.75,2520,2780,1399-11-20
128,غگرجي,بيسكويت‌  گرجي‌,3020,9058475,175485388030,20190,20200,19190,-1000,-4.95,19370,-820,-4.06,19190,20690,1399-11-20
129,دانا,بيمه دانا,3000,42999214,263672548710,6440,6200,6120,-320,-4.97,6130,-310,-4.81,6120,6230,1399-11-20
130,امين يكم,صندوق درآمد ثابت امين يكم فردا,2977,117785639,1201072731648,10188,10190,10199,11,0.11,10197,9,0.09,10190,10201,1399-11-20
131,دماوند,توليد نيروي برق دماوند,2968,3870478,199589218209,53532,54990,50856,-2676,-5.0,51567,-1965,-3.67,50856,54990,1399-11-20
132,وپاسار,بانك  پاسارگاد,2942,34004728,408878692120,11950,12020,12140,190,1.59,12020,70,0.59,11710,12200,1399-11-20
133,وتوصا,گروه س توسعه صنعتي ايران,2874,17062329,218317000330,13030,13500,12380,-650,-4.99,12800,-230,-1.77,12380,13590,1399-11-20
134,ولانا,شركت ليزينگ آريا دانا,2854,5603052,186325999170,34196,33171,33173,-1023,-2.99,33254,-942,-2.75,33171,34051,1399-11-20
135,ماديرا,صنايع ماشين هاي اداري ايران,2820,15806948,144092627680,9452,9560,8980,-472,-4.99,9116,-336,-3.55,8980,9700,1399-11-20
136,وپست,پست بانك ايران,2819,19719149,324120453790,17140,17890,16500,-640,-3.73,16440,-700,-4.08,16290,17890,1399-11-20
137,ولساپا,ليزينگ رايان‌ سايپا,2803,46871843,170983358650,3700,3750,3630,-70,-1.89,3650,-50,-1.35,3520,3790,1399-11-20
138,ونيكي,سرمايه‌گذاري‌ ملي‌ايران‌,2786,11524487,123236212460,10590,11110,10500,-90,-0.85,10690,100,0.94,10100,11110,1399-11-20
139,حفارس,حمل و نقل بين المللي خليج فارس,2769,36989555,186419192940,5260,5200,5000,-260,-4.94,5040,-220,-4.18,5000,5320,1399-11-20
140,كچاد,معدني‌وصنعتي‌چادرملو,2730,19237698,387210508930,19230,20190,20190,960,4.99,20130,900,4.68,19310,20190,1399-11-20
141,ورنا,سرمايه‌گذاري‌ رنا(هلدينگ‌,2687,33269846,182403110910,5620,5650,5460,-160,-2.85,5480,-140,-2.49,5340,5750,1399-11-20
142,رتكو,كنترل‌خوردگي‌تكين‌كو,2681,13335921,277012765160,21740,20660,20660,-1080,-4.97,20770,-970,-4.46,20660,21500,1399-11-20
143,كگل,معدني و صنعتي گل گهر,2653,21489107,382728489950,17050,17700,17900,850,4.99,17810,760,4.46,16950,17900,1399-11-20
144,بشهاب,لامپ‌  پارس‌ شهاب‌,2645,1759269,209517005690,118780,113000,124710,5930,4.99,119090,310,0.26,112850,124710,1399-11-20
145,البرز,بيمه البرز,2598,36179141,137100071770,3910,4020,3770,-140,-3.58,3790,-120,-3.07,3720,4020,1399-11-20
146,خودكفا,اقتصادي و خودكفايي آزادگان,2551,10169694,269246355785,27000,27000,26190,-810,-3.0,26475,-525,-1.94,26190,27777,1399-11-20
147,فافزا,فولاد افزا سپاهان,2539,3970609,220603592065,56715,55100,57399,684,1.21,55559,-1156,-2.04,55014,57996,1399-11-20
148,سكرما,سيمان‌ كرمان‌,2525,9786291,175180076610,18310,19160,18380,70,0.38,17900,-410,-2.24,17400,19160,1399-11-20
149,فنوال,نورد آلومينيوم‌,2521,10459840,276752032300,27510,27510,26800,-710,-2.58,26460,-1050,-3.82,26140,28100,1399-11-20
150,چكاوهح,ح . صنايع‌كاغذسازي‌كاوه‌,2497,17600957,161238547060,10010,9980,9030,-980,-9.79,9160,-850,-8.49,9010,9980,1399-11-20
151,كلوند,كاشي‌ الوند,2482,6260944,330828280960,50330,52840,52840,2510,4.99,52840,2510,4.99,52840,52840,1399-11-20
152,بكهنوج,توليد برق ماهتاب كهنوج,2413,49163547,90508658985,1804,1894,1830,26,1.44,1841,37,2.05,1750,1894,1399-11-20
153,ودي,بيمه  دي,2397,13913946,315140489833,23667,24300,22484,-1183,-5.0,22649,-1018,-4.3,22484,24300,1399-11-20
154,غدشت,دشت‌ مرغاب‌,2369,839871,267253520640,311390,320000,310000,-1390,-0.45,318210,6820,2.19,296000,326950,1399-11-20
155,فولاي,صنايع فولاد آلياژي يزد,2361,6280088,334632192973,50895,53439,53439,2544,5.0,53285,2390,4.7,51439,53439,1399-11-20
156,دعبيد,لابراتوارداروسازي‌  دكترعبيدي‌,2348,4806363,114844973330,24530,24450,24900,370,1.51,23890,-640,-2.61,23310,25090,1399-11-20
157,قچار,فراوردههاي غذايي وقند چهارمحال,2340,2087231,197630709310,92172,95990,92800,628,0.68,94686,2514,2.73,92501,96780,1399-11-20
158,سشرق,سيمان‌ شرق‌,2308,22805900,161907911080,7350,7500,7000,-350,-4.76,7100,-250,-3.4,6990,7550,1399-11-20
159,كاردان,صندوق س تجارت شاخصي كاردان,2293,1563111,246098481400,159700,164000,156840,-2860,-1.79,157440,-2260,-1.42,144000,164000,1399-11-20
160,قنيشا,قند  نيشابور,2283,3335049,201816050070,59420,62300,61000,1580,2.66,60510,1090,1.83,57100,62300,1399-11-20
161,چدن,توليدي چدن سازان,2277,6452329,168889098280,26400,27720,25590,-810,-3.07,26170,-230,-0.87,25080,27720,1399-11-20
162,فلوله,لوله‌وماشين‌سازي‌ايران‌,2272,9230582,206693519980,21830,22000,22500,670,3.07,22390,560,2.57,21050,22920,1399-11-20
163,شلرد,كود شيميايي اوره لردگان,2265,22770035,167035077533,7289,7504,7250,-39,-0.54,7336,47,0.64,7100,7507,1399-11-20
164,سقاين,سيمان‌ قائن‌,2263,3067119,252303108940,78380,82290,82290,3910,4.99,82260,3880,4.95,78500,82290,1399-11-20
165,وصنعت,سرمايه گذاري توسعه صنعت وتجارت,2248,22233858,143220350470,6430,6700,6500,70,1.09,6440,10,0.16,6110,6700,1399-11-20
166,زدشت,كشت و صنعت دشت خرم دره,2239,5067804,164147956040,33933,32510,32480,-1453,-4.28,32390,-1543,-4.55,32237,33200,1399-11-20
167,مرقام,ايران‌ارقام‌,2215,10098260,173892608200,17970,18200,17320,-650,-3.62,17220,-750,-4.17,17080,18200,1399-11-20
168,كسرا,سراميك‌هاي‌صنعتي‌اردكان‌,2187,12847514,277394727330,22280,22510,21330,-950,-4.26,21590,-690,-3.1,21170,23000,1399-11-20
169,غمينو,شركت صنايع غذايي مينو شرق,2179,12117188,158746259637,13013,13663,12799,-214,-1.64,13101,88,0.68,12363,13663,1399-11-20
170,خرينگ,رينگ‌سازي‌مشهد,2145,3993815,190636779160,49420,48500,46950,-2470,-5.0,47730,-1690,-3.42,46950,51000,1399-11-20
171,وساخت,سرمايه‌ گذاري‌ ساختمان‌ايران‌,2139,3536864,170192032160,47460,49830,47780,320,0.67,48120,660,1.39,45090,49830,1399-11-20
172,ومعلم,بيمه معلم,2115,20329175,91715590076,4707,4852,4472,-235,-4.99,4512,-195,-4.14,4472,4852,1399-11-20
173,زمگسا,كشاورزي‌ ودامپروي‌ مگسال‌,2110,4609377,139596575660,31190,32400,29640,-1550,-4.97,30290,-900,-2.89,29640,32400,1399-11-20
174,تاپكيش,تجارت الكترونيك پارسيان كيش,2098,6541552,134750758676,21531,21520,20455,-1076,-5.0,20599,-932,-4.33,20455,21962,1399-11-20
175,ستران,سيمان‌ تهران‌,2093,5481884,145661103580,27070,28410,26260,-810,-2.99,26570,-500,-1.85,25810,28410,1399-11-20
176,شكربن,كربن‌ ايران‌,2076,1356870,145587080590,103210,108370,107900,4690,4.54,107300,4090,3.96,104210,108370,1399-11-20
177,غشاذر,پگاه‌آذربايجان‌غربي‌,2071,12070898,242750363660,21040,21040,19990,-1050,-4.99,20110,-930,-4.42,19990,21150,1399-11-20
178,خاهن,آهنگري‌ تراكتورسازي‌ ايران‌,2066,4264322,164160622280,38740,39000,38180,-560,-1.45,38500,-240,-0.62,38010,39740,1399-11-20
179,نوين,بيمه نوين,2065,18811005,111491159402,6151,6350,5844,-307,-4.99,5927,-224,-3.64,5844,6350,1399-11-20
180,كترام,توليدي‌ كاشي‌ تكسرام‌,2061,5815421,251327588020,45140,44300,43000,-2140,-4.74,43220,-1920,-4.25,42890,45490,1399-11-20
181,فيروزه,صندوق شاخص30 شركت فيروزه- سهام,2055,1862416,262836979980,145020,146060,140000,-5020,-3.46,141130,-3890,-2.68,132110,146140,1399-11-20
182,وبازار,صندوق س شاخصي بازارآشنا,2054,16472998,164729980000,10000,10000,10000,0,0.0,10000,0,0.0,10000,10000,1399-11-20
183,تملت,تامين سرمايه بانك ملت,2042,10825752,68206757470,6350,6200,6230,-120,-1.89,6300,-50,-0.79,6180,6510,1399-11-20
184,دزهراويح,ح . ‌داروسازي‌زهراوي‌,2041,13078454,84678027840,6110,6720,6420,310,5.07,6470,360,5.89,6120,6720,1399-11-20
185,سخزر,سيمان‌ خزر,2014,6107831,185216338550,29060,29060,30510,1450,4.99,30320,1260,4.34,29060,30510,1399-11-20
186,غصينو,صنعتي مينو,1981,3057152,230618724935,78480,79900,74556,-3924,-5.0,75436,-3044,-3.88,74556,79900,1399-11-20
187,پترول,گروه پتروشيمي س. ايرانيان,1979,19285906,187706825140,9320,9640,9780,460,4.94,9730,410,4.4,9610,9780,1399-11-20
188,قصفها,قنداصفهان‌,1975,750792,121705989520,166060,170000,161710,-4350,-2.62,162100,-3960,-2.38,158020,170000,1399-11-20
189,والبر,سرمايه‌ گذاري‌ البرز(هلدينگ‌,1972,9367928,159452356780,16350,17100,17160,810,4.95,17020,670,4.1,16370,17160,1399-11-20
190,چكارن,كارتن‌ ايران‌,1971,25965393,82794637760,3210,3300,3230,20,0.62,3190,-20,-0.62,3060,3320,1399-11-20
191,ثغرب,شركت سرمايه گذاري مسكن شمالغرب,1967,13719713,91939937343,6925,7220,6579,-346,-5.0,6701,-224,-3.23,6579,7220,1399-11-20
192,ولصنم,ليزينگ‌صنعت‌ومعدن‌,1965,9755930,106557151350,10660,11000,10800,140,1.31,10920,260,2.44,10640,11180,1399-11-20
193,پكوير,كوير تاير,1964,9949800,139604275460,14250,14840,13710,-540,-3.79,14030,-220,-1.54,13550,14840,1399-11-20
194,كسرام,پارس‌ سرام‌,1926,14240283,141458246250,10210,10300,9700,-510,-5.0,9930,-280,-2.74,9700,10400,1399-11-20
195,قشير,قند شيروان قوچان و بجنورد,1907,7165132,184355652050,24692,25730,25926,1234,5.0,25730,1038,4.2,24000,25926,1399-11-20
196,دتوليد,داروسازي توليد دارو,1895,4910017,128043733415,27295,27890,25940,-1355,-4.96,26078,-1217,-4.46,25931,27890,1399-11-20
197,زشگزا,شير و گوشت زاگرس شهركرد,1895,9920408,88285772890,9249,9330,8787,-462,-5.0,8899,-350,-3.78,8787,9417,1399-11-20
198,ثباغ,شهر سازي و خانه سازي باغميشه,1879,7109813,110281870198,15925,16010,15160,-765,-4.8,15511,-414,-2.6,15129,16680,1399-11-20
199,تسه9910,امتياز تسهيلات مسكن دي99,1869,53157,32364793732,625361,600000,602011,-23350,-3.73,608853,-16508,-2.64,595009,649500,1399-11-20
200,وسپهح,ح . سرمايه‌گذاري‌ سپه‌,1868,13168410,64616216870,4800,4990,4900,100,2.08,4910,110,2.29,4650,5150,1399-11-20
201,نطرين,عطرين نخ قم,1864,8475988,98465225653,11839,12429,11371,-468,-3.95,11617,-222,-1.88,11248,12429,1399-11-20
202,وسكاب,س.ص.بازنشستگي كاركنان بانكها,1835,24662294,161494876540,6300,6590,6610,310,4.92,6550,250,3.97,6330,6610,1399-11-20
203,كاريس,صندوق س.سپهر كاريزما-س,1829,13029745,142654527019,11224,11780,10900,-324,-2.89,10948,-276,-2.46,10662,11780,1399-11-20
204,خريخت,صنايع‌ريخته‌گري‌ايران‌,1816,33513647,119597897000,3730,3790,3570,-160,-4.29,3570,-160,-4.29,3550,3790,1399-11-20
205,خاذين,سايپاآذين‌,1816,26117350,118053033570,4610,4770,4490,-120,-2.6,4520,-90,-1.95,4380,4770,1399-11-20
206,دزهراوي,داروسازي‌زهراوي‌,1784,6932813,57151959030,8300,8550,8180,-120,-1.45,8240,-60,-0.72,8000,8550,1399-11-20
207,سشمال,سيمان‌ شمال‌,1775,7355218,79969118980,10780,11310,10990,210,1.95,10870,90,0.83,10300,11310,1399-11-20
208,سصفها,سيمان‌اصفهان‌,1751,481134,176870952830,376170,370000,360010,-16160,-4.3,367610,-8560,-2.28,357380,385000,1399-11-20
209,سيمرغ,سيمرغ,1742,6446415,103275940140,16600,17160,15920,-680,-4.1,16020,-580,-3.49,15770,17160,1399-11-20
210,شغدير,پتروشيمي غدير,1740,4790992,278392939966,55749,58536,57770,2021,3.63,58108,2359,4.23,56000,58536,1399-11-20
211,خزر,فنرسازي‌زر,1732,4712989,240173919440,48540,50960,50960,2420,4.99,50960,2420,4.99,50960,50960,1399-11-20
212,وبانك,سرمايه گذاري گروه توسعه ملي,1711,14308462,116177174270,7850,8240,8170,320,4.08,8120,270,3.44,7800,8240,1399-11-20
213,ومهان,گروه توسعه مالي مهر آيندگان,1708,7775317,98694052003,12599,12840,13000,401,3.18,12693,94,0.75,12250,13179,1399-11-20
214,خفنر,فنرسازي‌خاور,1700,13008179,291183918170,21340,22330,22400,1060,4.97,22380,1040,4.87,21710,22400,1399-11-20
215,غپآذر,شير پگاه آذربايجان شرقي,1695,2478524,155923309079,60507,63333,63532,3025,5.0,62910,2403,3.97,59505,63532,1399-11-20
216,بزاگرس,نيروگاه زاگرس كوثر,1687,9430667,62767712619,6925,7221,6600,-325,-4.69,6656,-269,-3.88,6579,7221,1399-11-20
217,ثزاگرس,سرمايه گذاري توسعه عمران زاگرس,1685,1905208,127407553163,63786,66500,66975,3189,5.0,66873,3087,4.84,63900,66975,1399-11-20
218,زپارس,ملي كشت و صنعت و دامپروري پارس,1678,1535728,251704412960,159850,156000,161460,1610,1.01,163900,4050,2.53,156000,167840,1399-11-20
219,خشرق,الكتريك‌ خودرو شرق‌,1670,8452880,130133542170,15990,16500,15200,-790,-4.94,15400,-590,-3.69,15200,16600,1399-11-20
220,دلقما,دارويي‌ لقمان‌,1668,5588888,127125710870,22340,22560,23450,1110,4.97,22750,410,1.84,21230,23450,1399-11-20
221,واحيا,م .صنايع و معادن احياء سپاهان,1662,1310786,184945472929,139818,135730,144009,4191,3.0,141095,1277,0.91,135730,144012,1399-11-20
222,وسينا,بانك سينا,1660,28776607,99741266160,3540,3700,3410,-130,-3.67,3470,-70,-1.98,3370,3700,1399-11-20
223,سصوفي,سيمان‌ صوفيان‌,1659,13438842,207032728060,14730,15460,15460,730,4.96,15410,680,4.62,14750,15460,1399-11-20
224,ولشرق,ليزينگ ايران و شرق,1648,10877853,81681068906,7752,8000,7365,-387,-4.99,7509,-243,-3.13,7365,8000,1399-11-20
225,دروز,داروسازي‌ روزدارو,1645,6008571,166567088260,26520,27840,27840,1320,4.98,27720,1200,4.52,26630,27840,1399-11-20
226,قنقش,قند نقش جهان,1644,2644763,213095628489,77569,80671,80671,3102,4.0,80573,3004,3.87,76203,80671,1399-11-20
227,كي بي سي,شركت كي بي سي,1639,5628519,153646479548,28581,29400,27500,-1081,-3.78,27298,-1283,-4.49,27152,29400,1399-11-20
228,اعتماد,صندوق س.اعتماد آفرين پارسيان-د,1638,39358310,1367917041790,34737,34753,34753,16,0.05,34755,18,0.05,34752,34759,1399-11-20
229,فاما,صنعتي‌ آما,1630,4458686,97483104340,22340,22000,21610,-730,-3.27,21860,-480,-2.15,21500,22400,1399-11-20
230,زاگرس,پتروشيمي زاگرس,1610,887315,167111894961,184497,193721,189500,5003,2.71,188334,3837,2.08,179050,193721,1399-11-20
231,قرن,پديده شيمي قرن,1608,1643608,99960435150,62350,64020,60000,-2350,-3.77,60820,-1530,-2.45,59720,64100,1399-11-20
232,آپ,آسان پرداخت پرشين,1607,5469750,91118478290,16560,16850,16760,200,1.21,16660,100,0.6,16120,17250,1399-11-20
233,كحافظ,كاشي‌ وسراميك‌ حافظ‌,1570,5819543,76742649790,13180,13510,13050,-130,-0.99,13190,10,0.08,12750,13780,1399-11-20
234,سغرب,سيمان‌غرب‌,1569,4160109,118128270480,27270,28500,28630,1360,4.99,28400,1130,4.14,27330,28630,1399-11-20
235,فباهنر,مس‌ شهيدباهنر,1569,1948822,98206904230,50960,51500,50650,-310,-0.61,50390,-570,-1.12,49000,52940,1399-11-20
236,وگردش,بانك گردشگري,1568,14279489,260395566719,18629,18321,19000,371,1.99,18236,-393,-2.11,18071,19000,1399-11-20
237,ثپرديس,سرمايه گذاري مسكن پرديس,1565,7872375,83704133960,10994,11200,10445,-549,-4.99,10633,-361,-3.28,10445,11290,1399-11-20
238,حبندر,دريايي و کشتيراني خط دريابندر,1564,3135452,103927038427,31787,31790,32800,1013,3.19,33146,1359,4.28,31790,33376,1399-11-20
239,رانفور,خدمات‌انفورماتيك‌,1558,3976224,104847412410,26570,27790,26570,0,0.0,26370,-200,-0.75,25270,27790,1399-11-20
240,تپمپي,پمپ‌ سازي‌ ايران‌,1550,4741057,88972572870,19470,20380,18500,-970,-4.98,18770,-700,-3.6,18500,20380,1399-11-20
241,شفن,پتروشيمي فناوران,1548,707294,204634919630,288040,290990,291370,3330,1.16,289320,1280,0.44,282000,297000,1399-11-20
242,واتي,سرمايه‌ گذاري‌ آتيه‌ دماوند,1510,15847865,188581378080,11400,11600,11970,570,5.0,11900,500,4.39,11040,11970,1399-11-20
243,غگلپا,شير پاستوريزه پگاه گلپايگان,1506,1922447,126445578645,68529,69000,65105,-3424,-5.0,65773,-2756,-4.02,65103,69350,1399-11-20
244,فروس,فروسيليس‌ ايران‌,1487,15410219,76592759550,4940,5100,4910,-30,-0.61,4970,30,0.61,4750,5150,1399-11-20
245,ثاباد,توريستي ورفاهي آبادگران ايران,1484,2255858,116324915130,50640,52700,51600,960,1.9,51570,930,1.84,50640,52820,1399-11-20
246,وصنا,گروه‌صنايع‌بهشهرايران‌,1482,14245218,86115990520,6310,6310,6050,-260,-4.12,6050,-260,-4.12,6000,6460,1399-11-20
247,رمپنا,گروه مپنا (سهامي عام),1480,10588340,180010920830,16420,17000,16980,560,3.41,17000,580,3.53,16400,17240,1399-11-20
248,حپارسا,توسعه حمل و نقل ريلي پارسيان,1461,4221812,156182122387,35443,37215,37215,1772,5.0,36994,1551,4.38,35550,37215,1399-11-20
249,غديس,پاكديس,1458,6976826,87680432862,13053,12750,12401,-652,-5.0,12567,-486,-3.72,12401,13170,1399-11-20
250,ولملت,واسپاري ملت,1457,10652441,93294296780,9130,9000,8680,-450,-4.93,8760,-370,-4.05,8680,9350,1399-11-20
251,لسرما,سرما آفرين‌,1453,4974553,123515809480,25610,25320,25000,-610,-2.38,24830,-780,-3.05,24330,25940,1399-11-20
252,وبيمه,سرمايه‌ گذاري‌ صنعت‌ بيمه‌,1444,25705890,72639909790,2730,2860,2860,130,4.76,2830,100,3.66,2700,2860,1399-11-20
253,بميلا,توسعه بازرگاني آهن وفولادميلاد,1431,6059698,122766238767,21082,20872,20640,-442,-2.1,20259,-823,-3.9,20028,21079,1399-11-20
254,كسعدي,كاشي‌ سعدي‌,1420,4393379,80196313970,18970,19390,18030,-940,-4.96,18250,-720,-3.8,18030,19390,1399-11-20
255,هرمز,فولاد هرمزگان جنوب,1416,13769830,172192416678,11936,12532,12532,596,4.99,12505,569,4.77,12200,12532,1399-11-20
256,بورس,بورس اوراق بهادار تهران,1411,2440219,100169564740,41000,43050,40900,-100,-0.24,41050,50,0.12,39500,43050,1399-11-20
257,پلاسك,پلاسكوكار,1393,8778162,70740061860,8200,8250,8000,-200,-2.44,8060,-140,-1.71,7800,8520,1399-11-20
258,دبالك,مواد اوليه دارويي البرز بالك,1387,4270105,83727793581,20432,20800,19411,-1021,-5.0,19608,-824,-4.03,19411,20800,1399-11-20
259,تكمبا,كمباين‌ سازي‌ ايران‌,1386,9168002,78128715280,8780,8950,8350,-430,-4.9,8520,-260,-2.96,8350,9070,1399-11-20
260,فسازان,غلتك سازان سپاهان,1384,2887805,102467750530,35130,36870,34590,-540,-1.54,35480,350,1.0,34100,36880,1399-11-20
261,حتايد,تايدواترخاورميانه,1375,4497257,103998305940,23600,24650,22970,-630,-2.67,23120,-480,-2.03,22500,24650,1399-11-20
262,پاكشو,گروه صنعتي پاكشو,1365,1614745,129288322870,80490,82790,80500,10,0.01,80070,-420,-0.52,78550,82790,1399-11-20
263,خاور,ايران خودرو ديزل,1360,24015745,166082286374,6759,6900,6961,202,2.99,6916,157,2.32,6610,6961,1399-11-20
264,شسپا,نفت سپاهان,1348,4352891,100285561470,22980,24070,22970,-10,-0.04,23040,60,0.26,22250,24070,1399-11-20
265,شتولي,تولي‌پرس‌,1339,2125296,83379311289,38335,39868,39868,1533,4.0,39232,897,2.34,37353,39868,1399-11-20
266,وملل,اعتباري ملل,1336,11596763,178743255059,14843,15120,15585,742,5.0,15413,570,3.84,14843,15585,1399-11-20
267,كسعديح,ح . كاشي‌ سعدي‌,1334,4463554,62559449580,14490,14950,13950,-540,-3.73,14020,-470,-3.24,13460,15210,1399-11-20
268,بهپاك,صنعتي بهپاك,1331,2165656,100476472019,45617,46270,47440,1823,4.0,46395,778,1.71,43510,47700,1399-11-20
269,كهمدا,شيشه‌ همدان‌,1331,6969790,70612761200,9870,10300,10130,260,2.63,10130,260,2.63,9380,10360,1399-11-20
270,ريشمك,توليد و صادرات ريشمك,1326,1489389,84910264321,57444,57300,56880,-564,-0.98,57010,-434,-0.76,55530,58820,1399-11-20
271,سپاها,سيمان‌سپاهان‌,1326,8169987,71326712290,9090,9190,8700,-390,-4.29,8730,-360,-3.96,8640,9210,1399-11-20
272,فرآور,فرآوري‌موادمعدني‌ايران‌,1324,5911846,187965700400,30340,31850,31850,1510,4.98,31790,1450,4.78,30850,31850,1399-11-20
273,ساراب,سيمان‌ داراب‌,1324,7492941,118131356400,16340,17120,15530,-810,-4.96,15770,-570,-3.49,15530,17120,1399-11-20
274,وثخوز,سرمايه گذاري و توسعه خوزستان,1323,2443399,201555224720,78573,82501,82501,3928,5.0,82490,3917,4.99,81000,82501,1399-11-20
275,حآسا,آسيا سير ارس,1323,4412166,187557466705,43823,43850,41632,-2191,-5.0,42509,-1314,-3.0,41632,45000,1399-11-20
276,خوساز,محورسازان‌ايران‌خودرو,1317,10663036,88157468950,8560,8680,8160,-400,-4.67,8270,-290,-3.39,8140,8850,1399-11-20
277,شصدف,صنعتي دوده فام,1315,52644,1523885868,27569,28947,28947,1378,5.0,27609,40,0.15,28947,28947,1399-11-20
278,تبرك,گروه كارخانجات صنعتي تبرك,1309,4952856,75110228086,15501,15440,15590,89,0.57,15165,-336,-2.17,14726,15766,1399-11-20
279,درهآور,دارويي ره آورد تامين,1307,2909159,142758116053,46738,49074,49074,2336,5.0,49072,2334,4.99,48328,49074,1399-11-20
280,خكار,ايركا پارت صنعت,1297,5853210,103553956300,18520,17760,17600,-920,-4.97,17690,-830,-4.48,17600,18490,1399-11-20
281,زبينا,كشاورزي و دامپروري بينالود,1295,2216060,73128171832,34610,34550,32880,-1730,-5.0,32999,-1611,-4.65,32880,34590,1399-11-20
282,ضسپا1102,اختيارخ خساپا-2000-1399/11/26,1283,56868,11981394000,201,258,230,29,14.43,211,10,4.98,160,284,1399-11-20
283,همراه,شركت ارتباطات سيار ايران,1277,3777288,99246514990,26290,26310,26500,210,0.8,26270,-20,-0.08,25500,26940,1399-11-20
284,خكاوه,سايپا ديزل,1267,15638118,69327439496,4402,4533,4490,88,2.0,4433,31,0.7,4270,4533,1399-11-20
285,افرا,افرانت,1227,1875087,57594113363,31822,31700,30231,-1591,-5.0,30715,-1107,-3.48,30231,32500,1399-11-20
286,پسهند,صنايع‌ لاستيكي‌  سهند,1221,3001841,124385873810,40720,41300,42750,2030,4.99,41440,720,1.77,39300,42750,1399-11-20
287,ثعمرا,عمران و توسعه شاهد,1215,7226128,87598076198,12546,12546,11919,-627,-5.0,12122,-424,-3.38,11919,13000,1399-11-20
288,غشصفا,شيرپاستوريزه‌پگاه‌اصفهان‌,1212,5683946,161323366300,28050,28150,29450,1400,4.99,28380,330,1.18,26900,29450,1399-11-20
289,وآوا,سرمايه گذاري آوا نوين,1202,9350161,72867384786,7462,7720,7835,373,5.0,7793,331,4.44,7587,7835,1399-11-20
290,ونفت,سرمايه‌گذاري‌ صنعت‌ نفت‌,1196,4178554,66363381750,15810,16600,16020,210,1.33,15880,70,0.44,15120,16600,1399-11-20
291,كپشير,پشم‌شيشه‌ايران‌,1184,5008203,170702595100,32540,34160,34160,1620,4.98,34080,1540,4.73,31070,34160,1399-11-20
292,لابسا,آبسال‌,1179,1933094,94940251000,51350,49990,48790,-2560,-4.99,49110,-2240,-4.36,48790,52000,1399-11-20
293,شاراك,پتروشيمي شازند,1178,5227704,128146112650,24210,25270,24360,150,0.62,24510,300,1.24,23810,25420,1399-11-20
294,آتيمس,صندوق س.آرمان آتيه درخشان مس-س,1177,960518,167781907448,178077,179990,173000,-5077,-2.85,174679,-3398,-1.91,161000,179990,1399-11-20
295,وبوعلي,سرمايه‌گذاري‌بوعلي‌,1177,8597117,48183194090,5570,5830,5690,120,2.15,5600,30,0.54,5480,5840,1399-11-20
296,فنورد,نوردوقطعات‌ فولادي‌,1163,505442,117401112450,243390,234000,231230,-12160,-5.0,232270,-11120,-4.57,231230,244000,1399-11-20
297,اپرداز,آتيه داده پرداز,1161,3529800,78402504230,23142,23670,21985,-1157,-5.0,22212,-930,-4.02,21985,23670,1399-11-20
298,بنيرو,نيروترانس‌,1156,3767055,61943487050,17120,16800,16270,-850,-4.96,16440,-680,-3.97,16270,17600,1399-11-20
299,وتوس,توسعه‌شهري‌توس‌گستر,1154,5722897,99859240900,18100,17600,17200,-900,-4.97,17450,-650,-3.59,17200,18100,1399-11-20
300,كمنگنز,معادن‌منگنزايران‌,1152,1076846,99958100390,91500,96070,91170,-330,-0.36,92820,1320,1.44,88000,96070,1399-11-20
301,كيان,صندوق س. با درآمد ثابت كيان,1122,25586686,693340434539,27083,27096,27098,15,0.06,27098,15,0.06,27095,27104,1399-11-20
302,ركيش,كارت اعتباري ايران كيش,1114,3882507,92671057220,24540,25030,23320,-1220,-4.97,23870,-670,-2.73,23320,25190,1399-11-20
303,سامان,بانك سامان,1105,12367186,113462943553,9445,9300,9162,-283,-3.0,9175,-270,-2.86,9162,9600,1399-11-20
304,خموتور,موتورسازان‌تراكتورسازي‌ايران‌,1102,6999755,113328690110,16900,16790,16060,-840,-4.97,16190,-710,-4.2,16060,16800,1399-11-20
305,سفانو,سيمان فارس نو,1100,2079727,77247688100,38550,38190,37150,-1400,-3.63,37140,-1410,-3.66,36630,39000,1399-11-20
306,سرود,سيمان‌شاهرود,1097,3171824,59164145820,18730,19400,18400,-330,-1.76,18650,-80,-0.43,18000,19400,1399-11-20
307,وثنو,سرمايه گذاري ساختماني نوين,1097,3972265,69494007177,17409,17900,17710,301,1.73,17495,86,0.49,16880,18000,1399-11-20
308,افق,فروشگاههاي زنجيره اي افق كوروش,1097,1126100,90971756990,80540,81490,80710,170,0.21,80770,230,0.29,79220,82350,1399-11-20
309,شرانل,نفت ايرانول,1093,2707795,100894879424,37631,37998,37120,-511,-1.36,37261,-370,-0.98,36380,38111,1399-11-20
310,شپديس,پتروشيمي پرديس,1086,2024261,191110720900,92080,96560,93500,1420,1.54,94410,2330,2.53,91000,96680,1399-11-20
311,ميدكو,هلدينگ صنايع  معدني خاورميانه,1085,5497736,170336603839,30760,31000,31000,240,0.78,30983,223,0.72,30220,31300,1399-11-20
312,سكرد,سيمان كردستان,1085,8761091,84101520470,10030,9920,9530,-500,-4.99,9600,-430,-4.29,9530,10170,1399-11-20
313,خچرخش,چرخشگر,1083,4446525,71598155480,16860,16990,16020,-840,-4.98,16100,-760,-4.51,16020,16990,1399-11-20
314,غشان,شيرپاستوريزه‌پگاه‌خراسان‌,1083,12718425,76275507200,5750,6030,6030,280,4.87,6000,250,4.35,5770,6030,1399-11-20
315,اطلس,صندوق س.توسعه اندوخته آينده-س,1083,280953,56393122570,201431,210000,199800,-1631,-0.81,200721,-710,-0.35,196001,210000,1399-11-20
316,رنيك,جنرال مكانيك,1081,2589430,53980195109,20991,21600,20960,-31,-0.15,20846,-145,-0.69,20400,21600,1399-11-20
317,دفرا,فرآورده‌هاي‌ تزريقي‌ ايران‌,1079,2724712,73553674550,27380,27630,27800,420,1.53,27000,-380,-1.39,26020,28400,1399-11-20
318,پاسا,ايران‌ياساتايرورابر,1073,9350785,237413504030,24190,25390,25390,1200,4.96,25390,1200,4.96,25310,25390,1399-11-20
319,مداران,داده‌پردازي‌ايران‌,1064,2689588,62503552940,24320,23750,23110,-1210,-4.98,23240,-1080,-4.44,23110,24290,1399-11-20
320,پارسان,گسترش نفت و گاز پارسيان,1051,6937295,127072896020,17760,18640,18210,450,2.53,18320,560,3.15,17500,18640,1399-11-20
321,واعتبار,سرمايه گذاري اعتبار ايران,1040,13488131,111982319330,8640,8900,8300,-340,-3.94,8300,-340,-3.94,8210,8900,1399-11-20
322,طلا,صندوق س.پشتوانه طلاي لوتوس,1034,746437,60977179330,77896,81010,82200,4304,5.53,81691,3795,4.87,81010,82202,1399-11-20
323,كتوكاح,ح.توليدي وخدمات صنايع نسوزتوكا,1032,4173300,110326187845,25190,26400,26449,1259,5.0,26436,1246,4.95,25430,26449,1399-11-20
324,خمهر,مهركام‌پارس‌,1029,28429843,70379395750,2580,2610,2460,-120,-4.65,2480,-100,-3.88,2460,2620,1399-11-20
325,غپاك,لبنيات‌ پاك‌,1027,5013744,76608190170,15250,15900,15340,90,0.59,15280,30,0.2,14530,15920,1399-11-20
326,فپنتا,سپنتا,1015,282916,110399786580,409980,400000,390850,-19130,-4.67,390220,-19760,-4.82,389490,409900,1399-11-20
327,پارند,صندوق س. پارند پايدار سپهر,1010,38458960,430964984046,11201,11210,11205,4,0.04,11206,5,0.04,11205,11215,1399-11-20
328,دسانكو,داروسازي سبحان انكولوژي,1008,3308340,50137524231,15779,16100,14991,-788,-4.99,15155,-624,-3.95,14991,16100,1399-11-20
329,شدوص,دوده‌ صنعتي‌ پارس‌,1004,3898069,118887834850,29090,30540,30540,1450,4.98,30500,1410,4.85,29900,30540,1399-11-20
330,وكار,بانك‌ كارآفرين‌,986,17985276,46450700860,2650,2760,2550,-100,-3.77,2590,-60,-2.26,2520,2760,1399-11-20
331,غچين,كشت‌ و صنعت‌ چين‌ چين,981,5308310,101920043210,19950,19740,18760,-1190,-5.96,19200,-750,-3.76,18760,19750,1399-11-20
332,وتوسم,سرمايه‌گذاري‌توسعه‌ملي‌,976,10093919,118632445580,11300,11860,11860,560,4.96,11750,450,3.98,11400,11860,1399-11-20
333,وحكمت,بيمه حكمت صبا,962,14423272,59520165774,4240,4320,4113,-127,-3.0,4127,-113,-2.67,4113,4320,1399-11-20
334,وسپه,سرمايه‌گذاري‌ سپه‌,954,4935380,34189046280,6870,7190,6820,-50,-0.73,6910,40,0.58,6720,7190,1399-11-20
335,قزوين,كارخانجات‌ قند قزوين‌,952,2366380,87204949010,35580,35790,37350,1770,4.97,36850,1270,3.57,34500,37350,1399-11-20
336,سرچشمه,سرمايه گذاري مس سرچشمه,948,6856170,46694348691,6680,7000,6840,160,2.4,6799,119,1.78,6600,7000,1399-11-20
337,تپولا,مهندسي مرآت پولاد,946,2176674,81009090437,36292,35208,37380,1088,3.0,37217,925,2.55,35208,37380,1399-11-20
338,قهكمت,قندهكمتان‌,941,1201622,51567946730,43840,43990,42400,-1440,-3.28,42920,-920,-2.1,41650,45790,1399-11-20
339,تسه9909,امتياز تسهيلات مسكن آذر99,936,23538,14265064610,621259,600000,604000,-17259,-2.78,606044,-15215,-2.45,590198,620000,1399-11-20
340,سمازن,سيمان‌مازندران‌,934,4219761,43882841220,10390,10750,10400,10,0.1,10400,10,0.1,10000,10780,1399-11-20
341,فمراد,آلومراد,928,454910,71959609880,164520,161000,156300,-8220,-5.0,158180,-6340,-3.85,156300,167770,1399-11-20
342,فايرا,آلومينيوم‌ايران‌,928,3079453,76396761270,23940,25050,24690,750,3.13,24810,870,3.63,24100,25130,1399-11-20
343,خلنت,لنت‌ ترمزايران‌,918,620126,59008744780,99400,101990,94430,-4970,-5.0,95160,-4240,-4.27,94430,101990,1399-11-20
344,غاذر,كشت‌وصنعت‌پياذر,917,1147849,64334910120,58050,58690,55150,-2900,-5.0,56050,-2000,-3.45,55150,59600,1399-11-20
345,تسه9908,امتياز تسهيلات مسكن آبان99,916,23823,14428999424,621881,600000,591000,-30881,-4.97,605675,-16206,-2.61,590787,619998,1399-11-20
346,لبوتان,گروه‌صنعتي‌بوتان‌,886,1158089,71243698800,64500,65500,61300,-3200,-4.96,61520,-2980,-4.62,61280,65960,1399-11-20
347,كطبس,ذغال‌سنگ‌ نگين‌ ط‌بس‌,881,880442,64898389190,76020,77840,72980,-3040,-4.0,73710,-2310,-3.04,72220,77840,1399-11-20
348,ددام,داروسازي زاگرس فارمد پارس,880,4403626,89182805120,21190,21000,20140,-1050,-4.96,20250,-940,-4.44,20140,21170,1399-11-20
349,وشهر,بانك شهر,878,17102714,106494951686,5991,6230,6200,209,3.49,6227,236,3.94,6117,6230,1399-11-20
350,وليز,ليزينگ‌ايران‌,874,8706642,61812787300,7030,7270,7150,120,1.71,7100,70,1.0,6700,7270,1399-11-20
351,كنور,توسعه معدني و صنعتي صبانور,863,1536002,68919443670,44690,44940,45850,1160,2.6,44870,180,0.4,43350,46000,1399-11-20
352,قشرين,قند شيرين خراسان,863,3587565,63860701078,17686,17500,17321,-365,-2.06,17801,115,0.65,17200,18216,1399-11-20
353,ارفع,شركت آهن و فولاد ارفع,862,12220901,143188257279,11169,11727,11727,558,5.0,11717,548,4.91,11300,11727,1399-11-20
354,ثامان,سامان‌ گستراصفهان‌,857,3606643,82412463070,23920,23740,22730,-1190,-4.97,22850,-1070,-4.47,22730,23740,1399-11-20
355,اميد,تامين سرمايه اميد,856,4395799,34652870940,8020,8210,7780,-240,-2.99,7920,-100,-1.25,7620,8220,1399-11-20
356,دشيري,شيرين دارو,855,277699,71815974964,263149,271043,257900,-5249,-1.99,258611,-4538,-1.72,255255,271043,1399-11-20
357,خكرمان,گروه اقتصادي كرمان خودرو,837,11610429,49756668923,4400,4400,4268,-132,-3.0,4286,-114,-2.59,4268,4439,1399-11-20
358,شبهرن,نفت‌ بهران‌,837,1099056,64776395170,58170,59000,58780,610,1.05,58940,770,1.32,57750,61000,1399-11-20
359,حسير,ريل سير كوثر,836,2669760,46302374874,18145,18480,17238,-907,-5.0,17351,-794,-4.38,17238,18480,1399-11-20
360,واميد,گروه مديريت سرمايه گذاري اميد,834,4806058,180069418370,37420,37880,37400,-20,-0.05,37470,50,0.13,36420,38880,1399-11-20
361,دفارا,داروسازي‌ فارابي‌,831,1279562,78179524510,59900,62850,61900,2000,3.34,61100,1200,2.0,58700,62850,1399-11-20
362,شپترو,پتروشيمي آبادان,829,14175844,62744101412,4555,4510,4419,-136,-2.99,4426,-129,-2.83,4419,4560,1399-11-20
363,شجم,صنايع پتروشيمي تخت جمشيد,825,6526893,70271970414,10833,10800,10720,-113,-1.04,10767,-66,-0.61,10509,11157,1399-11-20
364,ثمسكن,سرمايه‌گذاري‌ مسكن‌,823,9794466,46933789200,4790,4950,4870,80,1.67,4790,0,0.0,4650,4950,1399-11-20
365,فلامي,لاميران‌,821,1004297,47776587130,49910,47500,47420,-2490,-4.99,47650,-2260,-4.53,47420,49900,1399-11-20
366,وخاور,بانك خاورميانه,821,12437854,124036728850,10000,10080,9790,-210,-2.1,9970,-30,-0.3,9710,10080,1399-11-20
367,ساروج,بين المللي ساروج بوشهر,820,6502569,130532715621,20666,20047,20480,-186,-0.9,20074,-592,-2.86,20047,20665,1399-11-20
368,غشهد,شهد ايران ‌,820,11281386,73744315950,6390,6570,6700,310,4.85,6540,150,2.35,6210,6700,1399-11-20
369,بالاس,مهندسي ساختمان تاسيسات راه آهن,815,1515745,85667870910,53967,56000,56665,2698,5.0,56519,2552,4.73,55040,56665,1399-11-20
370,زكشت,كشاورزي مكانيزه اصفهان كشت,813,1763588,58796125710,32551,34178,33000,449,1.38,33339,788,2.42,31550,34178,1399-11-20
371,ثشرق,سرمايه گذاري مسكن شمال شرق,801,10692818,54512815810,5300,5450,5040,-260,-4.91,5100,-200,-3.77,5040,5450,1399-11-20
372,آساس,صندوق س.آسمان آرماني سهام-س,799,545355,89474491441,166308,169499,163432,-2876,-1.73,164067,-2241,-1.35,160000,169499,1399-11-20
373,كشرق,صنعتي و معدني شمال شرق شاهرود,791,532461,51570274933,96310,99800,93000,-3310,-3.44,96853,543,0.56,93000,99800,1399-11-20
374,سخوز,سيمان خوزستان,787,4072968,90248888940,23130,23480,22400,-730,-3.16,22160,-970,-4.19,21980,23480,1399-11-20
375,آريان,سرمايه گذاري پارس آريان,783,17120737,203940512889,12220,11930,11854,-366,-3.0,11912,-308,-2.52,11854,12220,1399-11-20
376,تنوين,تامين سرمايه نوين,782,11385078,71418697180,6380,6480,6300,-80,-1.25,6270,-110,-1.72,6200,6590,1399-11-20
377,وگستر,گسترش سرمايه گذاري ايرانيان,779,2163387,42794932639,20063,19440,19930,-133,-0.66,19821,-242,-1.21,19060,20690,1399-11-20
378,وآرين,شركت توسعه اقتصادي آرين,773,6639391,28051210765,4330,4290,4201,-129,-2.98,4225,-105,-2.42,4201,4400,1399-11-20
379,سمتاز,سيمان ممتازان كرمان,773,1975843,38399698944,19206,19600,19780,574,2.99,19435,229,1.19,18800,19782,1399-11-20
380,اعتلا,شركت سرمايه گذاري اعتلاء البرز,772,4883656,34511422598,7373,7410,7040,-333,-4.52,7144,-229,-3.11,7005,7410,1399-11-20
381,دكوثر,داروسازي‌ كوثر,765,1633196,30948189420,19340,20290,18710,-630,-3.26,19090,-250,-1.29,18400,20290,1399-11-20
382,پرديس,سرمايه گذاري پرديس,763,5877458,38307154950,6460,6590,6530,70,1.08,6500,40,0.62,6360,6690,1399-11-20
383,كوثر,بيمه كوثر,760,5864812,89909242380,16056,15900,15254,-802,-5.0,15330,-726,-4.52,15254,15900,1399-11-20
384,وبهمن,سرمايه‌گذاري‌بهمن‌,757,2053905,32639689970,16330,17060,15600,-730,-4.47,16030,-300,-1.84,15520,17070,1399-11-20
385,وارس,سرمايه گذاري ارس صبا,756,3378429,56086901157,17085,16711,16573,-512,-3.0,16601,-484,-2.83,16573,17200,1399-11-20
386,فسپا,گروه‌صنعتي‌سپاهان‌,746,1473122,57749716470,39590,40780,39680,90,0.23,39200,-390,-0.99,38060,40880,1399-11-20
387,غبشهر,صنعتي‌ بهشهر,743,2208536,43971433490,20710,21060,20040,-670,-3.24,19970,-740,-3.57,19680,21060,1399-11-20
388,كگهر,سنگ آهن گهرزمين,730,640994,29708409962,46966,49250,45900,-1066,-2.27,46811,-155,-0.33,45000,49250,1399-11-20
389,كصدف,كاشي صدف سرام استقلال آباده,729,4267580,113283967642,27097,26285,26285,-812,-3.0,26545,-552,-2.04,26285,27909,1399-11-20
390,حسينا,توسعه خدمات دريايي وبندري سينا,728,879008,63848727650,71793,73690,71150,-643,-0.9,72637,844,1.18,71003,74421,1399-11-20
391,بساما,بيمه سامان,727,2579325,55692791250,21467,22540,22400,933,4.35,21592,125,0.58,20980,22540,1399-11-20
392,ثرود,سرمايه‌گذاري مسكن زاينده رود,726,4847719,79840096650,15686,16470,16470,784,5.0,16470,784,5.0,16310,16470,1399-11-20
393,كگاز,شيشه‌ و گاز,725,2004933,34960879090,17640,17950,17400,-240,-1.36,17490,-150,-0.85,17000,17950,1399-11-20
394,هجرت,پخش هجرت,720,1045828,27241438983,27090,27111,26000,-1090,-4.02,26487,-603,-2.23,25736,27820,1399-11-20
395,ولغدر,ليزينگ‌خودروغدير,715,3550917,73969381790,21290,21160,20230,-1060,-4.98,20830,-460,-2.16,20230,21750,1399-11-20
396,دكيمي,كيميدارو,706,1810568,46316679120,24870,25700,26110,1240,4.99,25550,680,2.73,24600,26110,1399-11-20
397,وبشهر,توسعه‌ صنايع‌ بهشهر(هلدينگ,703,3256414,36651736090,11560,12000,11300,-260,-2.25,11330,-230,-1.99,11000,12000,1399-11-20
398,فولاژ,فولاد آلياژي ايران,698,3668318,56601861860,15200,15830,15380,180,1.18,15410,210,1.38,14650,15960,1399-11-20
399,كپرور,فرآوري زغال سنگ پروده طبس,697,1138612,45755925707,39698,40480,40499,801,2.02,40148,450,1.13,39170,40980,1399-11-20
400,بموتو,موتوژن‌,693,1442232,80278886460,53890,55300,56580,2690,4.99,55660,1770,3.28,54060,56580,1399-11-20
401,كمينا,شيشه سازي مينا,691,2471362,66444694128,28001,28100,26601,-1400,-5.0,26886,-1115,-3.98,26601,28800,1399-11-20
402,تيپيكو,سرمايه گذاري دارويي تامين,687,701924,30901826570,44890,44530,44440,-450,-1.0,44540,-350,-0.78,43050,46450,1399-11-20
403,دتماد,توليدمواداوليه‌داروپخش‌,685,1295348,60346208390,48880,48020,46650,-2230,-4.56,46590,-2290,-4.68,46440,48940,1399-11-20
404,رتاپ,تجارت الكترونيك  پارسيان,684,2821778,17138617370,6060,6280,6130,70,1.16,6060,0,0.0,5900,6280,1399-11-20
405,غگلستا,شير پاستوريزه پگاه گلستان,680,2049681,62476705365,31596,31596,30017,-1579,-5.0,30481,-1115,-3.53,30017,31596,1399-11-20
406,ساربيل,سيمان آرتا اردبيل,677,1527003,75834522930,47580,49950,49950,2370,4.98,49660,2080,4.37,45210,49950,1399-11-20
407,مبين,مبين انرژي خليج فارس,673,15556345,233345175000,14290,15000,15000,710,4.97,15000,710,4.97,15000,15000,1399-11-20
408,وپترو,سرمايه‌گذاري صنايع پتروشيمي‌,665,3222018,47659294600,14770,15440,14930,160,1.08,14790,20,0.14,14280,15440,1399-11-20
409,وصندوق,سرمايه‌گذاري‌صندوق‌بازنشستگي‌,651,5818633,76902223570,13290,13660,13180,-110,-0.83,13240,-50,-0.38,12780,13800,1399-11-20
410,ثاصفا,شركت‌ ساختمان‌ اصفهان‌,647,1436441,38853362829,26290,26980,27078,788,3.0,27048,758,2.88,26500,27078,1399-11-20
411,پارس,پتروشيمي پارس,645,705411,92170488680,126780,132990,130390,3610,2.85,130170,3390,2.67,128150,133110,1399-11-20
412,سخاش,سيمان‌خاش‌,644,1075193,173794196520,153950,161640,161640,7690,5.0,161640,7690,5.0,161640,161640,1399-11-20
413,شاوان,پالايش نفت لاوان,643,489130,39272683847,80846,84000,79400,-1446,-1.79,80406,-440,-0.54,77250,84000,1399-11-20
414,فاسمين,كالسيمين‌,643,13679417,202728959940,14120,14820,14820,700,4.96,14820,700,4.96,14820,14820,1399-11-20
415,ختراك,ريخته‌گري‌ تراكتورسازي‌ ايران‌,632,5445392,80538404490,14100,14800,14800,700,4.96,14790,690,4.89,14250,14800,1399-11-20
416,شگل,گلتاش‌,629,1064046,26362908690,25300,26350,24890,-410,-1.62,25020,-280,-1.11,24040,26350,1399-11-20
417,شپاكسا,پاكسان‌,628,1593881,47333229260,29930,28660,29400,-530,-1.77,29710,-220,-0.74,28660,30640,1399-11-20
418,غفارس,شير پاستوريزه پگاه فارس,626,6756410,87232473725,12300,12915,12915,615,5.0,12911,611,4.97,12300,12915,1399-11-20
419,شفارا,پتروشيمي فارابي,625,9300580,40485958342,4484,4400,4350,-134,-2.99,4353,-131,-2.92,4350,4440,1399-11-20
420,چافست,افست‌,621,2106778,31943954840,15870,15870,15080,-790,-4.98,15370,-500,-3.15,15080,15970,1399-11-20
421,ختور,رادياتور ايران‌,621,1293018,29079941360,23500,23320,22330,-1170,-4.98,22890,-610,-2.6,22330,23390,1399-11-20
422,جم پيلن,پلي پروپيلن جم - جم پيلن,608,743014,50704572380,68380,70000,69490,1110,1.62,68250,-130,-0.19,66900,70080,1399-11-20
423,شكبير,پتروشيمي اميركبير,605,1797167,157217901568,89915,87222,87219,-2696,-3.0,87481,-2434,-2.71,87218,89898,1399-11-20
424,خمحور,توليدمحورخودرو,602,788656,45280891870,56760,58110,57640,880,1.55,57330,570,1.0,55030,59200,1399-11-20
425,وايران,ليزينگ ايرانيان,599,3104403,35109567630,11660,11250,11080,-580,-4.97,11390,-270,-2.32,11080,11750,1399-11-20
426,فالوم,آلومتك‌,596,2077116,81112122826,40026,40804,38826,-1200,-3.0,39050,-976,-2.44,38826,41130,1399-11-20
427,حريل,ريل پردازسير,593,9821624,49235801112,4775,5013,5013,238,4.98,4998,223,4.67,5013,5013,1399-11-20
428,پارسيان,بيمه پارسيان,593,2922907,30328216220,10800,10790,10470,-330,-3.06,10530,-270,-2.5,10260,10800,1399-11-20
429,غبهار,كشت وصنعت بهاران گلبهار خراسان,592,976629,35496030650,37208,36300,36092,-1116,-3.0,36345,-863,-2.32,36092,37208,1399-11-20
430,وتوشه,سرمايه‌ گذاري‌ پارس‌ توشه‌,591,1478366,33854458560,22550,22230,23020,470,2.08,22780,230,1.02,22210,23670,1399-11-20
431,سيدكو,سرمايه گذاري توسعه صنايع سيمان,591,3345926,19408787040,5890,6100,5760,-130,-2.21,5850,-40,-0.68,5700,6100,1399-11-20
432,پخش,پخش البرز,588,1383987,47733784248,33518,34700,35193,1675,5.0,34417,899,2.68,33518,35193,1399-11-20
433,وآفري,بيمه كارآفرين,578,1604178,33773871636,21077,21699,21070,-7,-0.03,21054,-23,-0.11,20571,21709,1399-11-20
434,ما,بيمه  ما,572,6868397,57839560450,8470,8470,8470,0,0.0,8420,-50,-0.59,8240,8590,1399-11-20
435,فخاس,فولاد خراسان,570,1413109,36410207370,25870,26450,25700,-170,-0.66,25830,-40,-0.15,25130,26450,1399-11-20
436,عيار,صندوق س. پشتوانه طلاي مفيد,547,456133,13031514717,27447,28080,28722,1275,4.65,28570,1123,4.09,28080,28814,1399-11-20
437,اتكام,شركت بيمه اتكايي امين,547,5044164,26507587532,5210,5400,5319,109,2.09,5233,23,0.44,5120,5419,1399-11-20
438,دارو,كارخانجات‌داروپخش‌,547,773965,25076775530,34050,32600,32410,-1640,-4.82,33160,-890,-2.61,32350,34290,1399-11-20
439,وملت,سرمايه گذاري ملت,539,6606865,30059402981,4483,4572,4572,89,1.99,4550,67,1.49,4511,4572,1399-11-20
440,لخزر,پارس‌ خزر,534,177788,30621618110,180350,180000,171340,-9010,-5.0,175110,-5240,-2.91,171340,180300,1399-11-20
441,ثنور,سرمايه گذاري كوه نور,534,6633774,78727342654,12223,11857,11857,-366,-2.99,11868,-355,-2.9,11857,12133,1399-11-20
442,ثجوان,تامين مسكن جوانان,520,2617569,34124909524,12860,12477,12890,30,0.23,13037,177,1.38,12477,13245,1399-11-20
443,غپونه,نوش پونه مشهد,513,1521135,30910132246,19801,20389,20395,594,3.0,20320,519,2.62,19836,20395,1399-11-20
444,داوه,داروسازي آوه سينا,509,1290135,23208632283,18842,18000,17900,-942,-5.0,18417,-425,-2.26,17900,18300,1399-11-20
445,بالبر,كابل‌ البرز,505,1250959,50752718240,42260,42070,40150,-2110,-4.99,40570,-1690,-4.0,40150,42070,1399-11-20
446,شوينده,مديريت صنعت شوينده ت.ص.بهشهر,504,1055465,34110168420,32610,33430,32490,-120,-0.37,32400,-210,-0.64,32000,33610,1399-11-20
447,سايرا,ايرانيت‌,502,867148,42811231605,49178,50161,48195,-983,-2.0,49370,192,0.39,48195,50161,1399-11-20
448,سهرمز,سيمان‌هرمزگان‌,501,1009281,25012464630,25680,25200,24400,-1280,-4.98,25180,-500,-1.95,24400,26000,1399-11-20
449,امين يكم2,صندوق درآمد ثابت امين يكم فردا,500,50000000,50000000,10188,1,1,-10187,-99.99,1,-10187,-99.99,1,1,1399-11-20
450,ومعادن,توسعه‌معادن‌وفلزات‌,499,8396479,92025409840,10440,10960,10960,520,4.98,10820,380,3.64,10960,10960,1399-11-20
451,كروي,توسعه‌ معادن‌ روي‌ ايران‌,497,2014601,55844739720,26400,27720,27720,1320,5.0,27720,1320,5.0,27720,27720,1399-11-20
452,شپارس,بين‌ المللي‌ محصولات‌  پارس‌,495,1457883,23703031000,16480,17050,16160,-320,-1.94,16370,-110,-0.67,15800,17050,1399-11-20
453,كرماشا,صنايع پتروشيمي كرمانشاه,489,1431474,51582542490,35620,36400,36100,480,1.35,36030,410,1.15,35500,37100,1399-11-20
454,مارون,پتروشيمي مارون,488,389160,57889818877,152080,153950,146020,-6060,-3.98,150117,-1963,-1.29,145000,153950,1399-11-20
455,دامين,داروسازي‌ امين‌,488,1274634,18471981260,15180,15000,14430,-750,-4.94,14910,-270,-1.78,14430,15000,1399-11-20
456,پكرمان,گروه‌ صنعتي‌ بارز,484,3271562,86185867750,26130,27360,26190,60,0.23,26340,210,0.8,25010,27360,1399-11-20
457,قاسم,قاسم ايران,481,3234858,47642988624,14027,14728,14728,701,5.0,14610,583,4.16,14728,14728,1399-11-20
458,تايرا,تراكتورسازي‌ايران‌,479,1366287,36303077690,27520,27990,26150,-1370,-4.98,26780,-740,-2.69,26150,28000,1399-11-20
459,ثنظام,س. ساختماني نظام مهندسي ايران,479,1032738,53799453372,50577,52094,52094,1517,3.0,52094,1517,3.0,52094,52094,1399-11-20
460,نيرو,نيرو سرمايه,476,586244,35420343579,61700,63300,62869,1169,1.89,60419,-1281,-2.08,59849,63300,1399-11-20
461,بفجر,فجر انرژي خليج فارس,475,2001215,47478315630,23490,23700,23850,360,1.53,23670,180,0.77,23270,24480,1399-11-20
462,شنفت,نفت‌ پارس‌,474,767613,40432476330,52230,54790,51690,-540,-1.03,52570,340,0.65,51410,54790,1399-11-20
463,بخاور,بيمه زندگي خاورميانه,473,3705083,25125124452,6891,6850,6730,-161,-2.34,6834,-57,-0.83,6650,7110,1399-11-20
464,سپ,پرداخت الكترونيك سامان كيش,471,1198273,18239537640,15490,15850,15500,10,0.06,15390,-100,-0.65,14720,15850,1399-11-20
465,فلات,گروه صنايع معادن فلات ايرانيان,469,2054299,26783305144,13300,13061,12901,-399,-3.0,13038,-262,-1.97,12901,13500,1399-11-20
466,چكاوه,صنايع‌كاغذسازي‌كاوه‌,464,2468418,33097312140,14090,13390,13390,-700,-4.97,13600,-490,-3.48,13390,13710,1399-11-20
467,اوان,مبين وان كيش,463,661778,33213454092,51122,51395,50660,-462,-0.9,50498,-624,-1.22,49140,53000,1399-11-20
468,ضخود2006,اختيارخ خودرو-2500-1400/02/08,461,17592,7847554000,429,461,445,16,3.73,446,17,3.96,405,490,1399-11-20
469,قشهد,شهد,460,561073,18310091290,33130,33500,32840,-290,-0.88,32940,-190,-0.57,31600,33970,1399-11-20
470,تماوند,تامين سرمايه دماوند,458,2051428,35506348677,17609,17950,17780,171,0.97,17308,-301,-1.71,17040,17950,1399-11-20
471,خفناور,مهندسي صنعتي روان فن آور,456,1086172,55178709409,49327,50806,50806,1479,3.0,50801,1474,2.99,49996,50806,1399-11-20
472,لوتوس,تامين سرمايه لوتوس پارسيان,454,2227948,22651925130,10030,10490,10210,180,1.79,10090,60,0.6,9800,10490,1399-11-20
473,دلرح,ح . داروسازي‌ اكسير,451,1461877,40548348110,27370,26580,27820,450,1.64,27740,370,1.35,26560,30000,1399-11-20
474,داسوه,داروسازي‌ اسوه‌,444,995470,40475810200,42800,40660,40660,-2140,-5.0,40880,-1920,-4.49,40660,40660,1399-11-20
475,وساشرقي,شركت س استان آذربايجان شرقي,441,17733331,16856591380,980,940,940,-40,-4.08,970,-10,-1.02,940,970,1399-11-20
476,سيلام,سيمان‌ ايلام‌,434,3704426,40970951560,10540,11060,11060,520,4.93,10910,370,3.51,11060,11060,1399-11-20
477,بسويچ,پارس‌سويچ‌,433,528198,25690968710,50790,52400,48260,-2530,-4.98,49650,-1140,-2.24,48260,52400,1399-11-20
478,ساروم,سيمان‌اروميه‌,432,986478,37357921860,36070,37870,37870,1800,4.99,37270,1200,3.33,37870,37870,1399-11-20
479,آكورد,صندوق س. آرمان آتي كوثر-د,427,11483585,351880869454,30632,30647,30644,12,0.04,30642,10,0.03,30629,30653,1399-11-20
480,شراز,پالايش نفت شيراز,426,599250,59643925990,97262,97262,98198,936,0.96,99531,2269,2.33,94121,102125,1399-11-20
481,بكاب,صنايع‌جوشكاب‌يزد,426,149404,55798257550,392310,372910,372700,-19610,-5.0,373470,-18840,-4.8,372700,389380,1399-11-20
482,افق ملت,صندوق س در سهام افق ملت,417,179801,22118666340,126350,130000,121350,-5000,-3.96,123020,-3330,-2.64,119000,130000,1399-11-20
483,دالبر,البرزدارو,415,1384692,29495023650,21100,21490,21200,100,0.47,21220,120,0.57,20330,22150,1399-11-20
484,شبصير,توليدات پتروشيمي قائد بصير,413,240554,21822616169,91084,93962,89588,-1496,-1.64,90919,-165,-0.18,89400,94909,1399-11-20
485,لكما,كارخانجات‌مخابراتي‌ايران‌,413,2739954,18437150466,7083,6729,6729,-354,-5.0,6729,-354,-5.0,6729,6729,1399-11-20
486,خديزل,بهمن  ديزل,408,1911228,82473169298,43925,45100,44000,75,0.17,43152,-773,-1.76,42300,46121,1399-11-20
487,گشان,توسعه بين المللي پديده شانديز,401,481818,20145774216,42665,41812,41812,-853,-2.0,41973,-692,-1.62,41812,41812,1399-11-20
488,غويتا,ويتانا,399,1363884,25607776124,19721,18740,18735,-986,-5.0,19201,-520,-2.64,18735,19162,1399-11-20
489,وزمين,بانك ايران زمين,399,3789134,52296721062,13889,13889,13884,-5,-0.04,13802,-87,-0.63,13612,13980,1399-11-20
490,كفپارس,فرآورده‌هاي‌ نسوز پارس‌,396,5075814,22993437420,4320,4530,4530,210,4.86,4410,90,2.08,4530,4530,1399-11-20
491,ساينا,صنايع بهداشتي ساينا,395,110833,17628743003,166299,167000,158002,-8297,-4.99,163605,-2694,-1.62,157985,167000,1399-11-20
492,دپارس,پارس‌ دارو,394,223961,18449420700,85870,88500,81580,-4290,-5.0,84510,-1360,-1.58,81580,88500,1399-11-20
493,دلر,داروسازي‌ اكسير,392,996840,34268533840,35320,36490,34360,-960,-2.72,34650,-670,-1.9,33850,36490,1399-11-20
494,وپخش,داروپخش‌ (هلدينگ‌,392,483884,54044833090,117520,111650,111650,-5870,-4.99,111690,-5830,-4.96,111650,117320,1399-11-20
495,شخارك,پتروشيمي‌ خارك‌,388,928530,39514985430,42280,42280,41980,-300,-0.71,42390,110,0.26,41800,43500,1399-11-20
496,دابور,داروسازي‌ ابوريحان‌,377,388399,14476284730,37870,38210,37480,-390,-1.03,37690,-180,-0.48,36090,39000,1399-11-20
497,آ س پ,آ.س.پ,377,2899910,47535324720,15612,16392,16392,780,5.0,16287,675,4.32,16392,16392,1399-11-20
498,ضخود2007,اختيارخ خودرو-3000-1400/02/08,369,11495,2806323000,255,261,251,-4,-1.57,244,-11,-4.31,220,261,1399-11-20
499,وسنا,سرمايه گذاري نيروگاهي ايران,366,1006563,16907059364,17250,17500,16892,-358,-2.08,16920,-330,-1.91,16444,17500,1399-11-20
500,فنفت,صنايع تجهيزات نفت,366,1010185,29978683402,28861,29726,29726,865,3.0,29676,815,2.82,29140,29726,1399-11-20
501,هجرتح,ح . پخش هجرت,362,816552,16359696553,20434,20810,20000,-434,-2.12,20035,-399,-1.95,19800,20810,1399-11-20
502,بنو,بيمه تجارت نو,362,2140587,72606570453,32304,33919,33919,1615,5.0,33919,1615,5.0,33919,33919,1399-11-20
503,سپاس,صندوق س. پاداش سهامداري توسعه1,362,14302043,143276356071,10018,10023,10018,0,0.0,10018,0,0.0,10011,10035,1399-11-20
504,درازك,دارويي‌ رازك‌,362,1078986,39093191640,36480,38150,35700,-780,-2.14,36280,-200,-0.55,35020,38150,1399-11-20
505,داروح,ح . كارخانجات‌داروپخش,358,476275,11854060080,26510,27000,24700,-1810,-6.83,24890,-1620,-6.11,24100,27000,1399-11-20
506,كاوه,فولاد كاوه جنوب كيش,353,11470282,195224199640,16210,17020,17020,810,5.0,17020,810,5.0,17020,17020,1399-11-20
507,دجابر,داروسازي‌ جابرابن‌حيان‌,352,705375,14958459730,21380,22400,21380,0,0.0,21330,-50,-0.23,20420,22400,1399-11-20
508,غالبر,لبنيات‌ كالبر,345,1256115,21580055700,16370,17180,17180,810,4.95,16690,320,1.95,17180,17180,1399-11-20
509,دسبحا,گروه دارويي سبحان,339,942052,18437639750,19040,19050,19490,450,2.36,19230,190,1.0,18500,19980,1399-11-20
510,زر,صندوق س.پشتوانه سكه طلاي زر,329,212821,10470818942,47164,48020,49250,2086,4.42,49200,2036,4.32,48020,49600,1399-11-20
511,سهگمت,سيمان‌هگمتان‌,325,867613,20129152640,23480,22520,22830,-650,-2.77,23370,-110,-0.47,22520,24310,1399-11-20
512,شرنگي,شيميايي رنگين,324,135091,23604324906,178478,178478,173124,-5354,-3.0,174729,-3749,-2.1,173124,178478,1399-11-20
513,كفرا,فراورده‌ هاي‌ نسوزايران‌,322,331998,14948447570,47220,45170,44860,-2360,-5.0,46530,-690,-1.46,44860,47530,1399-11-20
514,ولتجار,واسپاري تجارت وسرمايه ايرانيان,320,2731589,21097451313,7925,7900,7688,-237,-2.99,7724,-201,-2.54,7688,7969,1399-11-20
515,تكنو,تكنوتار,320,1755568,41378737760,24810,23570,23570,-1240,-5.0,23640,-1170,-4.72,23570,23570,1399-11-20
516,گدنا,تهيه توزيع غذاي دنا آفرين فدك,318,1134064,32481861088,30149,28642,28642,-1507,-5.0,29078,-1071,-3.55,28642,28642,1399-11-20
517,شپاس,نفت پاسارگاد,316,712938,15767408303,22115,23000,22155,40,0.18,22115,0,0.0,21700,23000,1399-11-20
518,وسرمد,بيمه  سرمد,314,3151324,19100031191,6180,6288,5995,-185,-2.99,6061,-119,-1.93,5995,6288,1399-11-20
519,ولبهمن,شركت بهمن ليزينگ,305,4819985,40926492635,8087,8491,8491,404,5.0,8386,299,3.7,8491,8491,1399-11-20
520,دسبحان,سبحان دارو,304,644195,13700768250,21180,22200,21320,140,0.66,21200,20,0.09,20510,22200,1399-11-20
521,شفا,سرمايه گذاري شفادارو,301,428886,19289781610,44680,46800,44800,120,0.27,44790,110,0.25,43230,46800,1399-11-20
522,دسينا,داروسازي‌ سينا,298,548615,14142284780,26690,26530,25900,-790,-2.96,26420,-270,-1.01,25400,26540,1399-11-20
523,چخزر,صنايع چوب خزر كاسپين,296,505407,30108611211,62708,59573,59573,-3135,-5.0,60581,-2127,-3.39,59573,59573,1399-11-20
524,ضسپا1103,اختيارخ خساپا-2500-1399/11/26,295,16886,237769000,18,20,13,-5,-27.78,14,-4,-22.22,8,20,1399-11-20
525,خصدرا,صنعتي‌ دريايي‌ ايران‌,294,9078144,33861477120,3825,3730,3730,-95,-2.48,3743,-82,-2.14,3730,3730,1399-11-20
526,حخزر,كشتيراني درياي خزر,290,1374308,32790183523,23285,23960,24449,1164,5.0,23656,371,1.59,22450,24449,1399-11-20
527,خراسان,پتروشيمي خراسان,288,380908,26203968440,67780,70700,68300,520,0.77,68300,520,0.77,67440,70700,1399-11-20
528,شيراز,پتروشيمي‌شيراز,284,747205,41076726360,54050,56620,54890,840,1.55,54430,380,0.7,53800,56620,1399-11-20
529,سكه0012پ01,سكه تمام بهارتحويلي 1روزه رفاه,279,83500,94853736100,1089827,1132000,1140000,50173,4.6,1135973,46146,4.23,1131111,1141000,1399-11-20
530,سبجنو,سيمان‌ بجنورد,272,545600,29838864000,52090,54690,54690,2600,4.99,53510,1420,2.73,54690,54690,1399-11-20
531,تسه9907,امتياز تسهيلات مسكن مهر99,271,4020,2490163373,640298,608284,608284,-32014,-5.0,619444,-20854,-3.26,608284,650000,1399-11-20
532,وتعاون,بيمه  تعاون,271,3349582,21791052894,6700,6830,6499,-201,-3.0,6506,-194,-2.9,6499,6830,1399-11-20
533,كفرآور,فرآورده هاي سيمان شرق,266,1756982,43773449548,24189,24914,24914,725,3.0,24914,725,3.0,24914,24914,1399-11-20
534,كاسپين,داروسازي كاسپين تامين,256,267539,6412456498,24900,23760,23768,-1132,-4.55,24774,-126,-0.51,23660,24830,1399-11-20
535,پارتا,مجتمع‌صنعتي‌آرتاويل‌تاير,254,593760,36293423634,62927,61052,61040,-1887,-3.0,61125,-1802,-2.86,61040,62790,1399-11-20
536,شاملا,معدني‌ املاح‌  ايران‌,251,195787,10305344490,53440,55000,51610,-1830,-3.42,53270,-170,-0.32,50770,55000,1399-11-20
537,ضخود2005,اختيارخ خودرو-2000-1400/02/08,249,6900,5001956000,712,719,741,29,4.07,725,13,1.83,662,770,1399-11-20
538,لازما,كارخانه هاي صنعتي آزمايش,248,1273930,47452618570,36165,37249,37249,1084,3.0,37249,1084,3.0,37249,37249,1399-11-20
539,زعف0008پ10,زعفران0008نگين طلاي سرخ(پ),246,304824,38454406186,125992,126001,126500,508,0.4,126153,161,0.13,125500,126500,1399-11-20
540,ياقوت,صندوق س ياقوت آگاه-ثابت,245,3357055,39782064475,11852,11850,11850,-2,-0.02,11850,-2,-0.02,11848,11865,1399-11-20
541,غمهرا,توليدي‌مهرام‌,239,281408,33377802880,112970,118610,118610,5640,4.99,116270,3300,2.92,118610,118610,1399-11-20
542,شساخت,مهندسي و ساختمان صنايع نفت,238,1266433,50634225725,41211,42000,40000,-1211,-2.94,39982,-1229,-2.98,39975,42000,1399-11-20
543,وتوكا,سرمايه‌گذاري‌توكافولاد(هلدينگ,237,3304394,35819630960,10330,10840,10840,510,4.94,10660,330,3.19,10840,10840,1399-11-20
544,بمپنا,توليد برق عسلويه  مپنا,223,96574,6961245708,74853,76231,72198,-2655,-3.55,74448,-405,-0.54,71111,76231,1399-11-20
545,سپر,صندوق س سپر سرمايه بيدار- ثابت,221,3730848,42517426039,11378,11391,11397,19,0.17,11396,18,0.16,11382,11440,1399-11-20
546,زفكا,كشت و دامداري فكا,220,1416638,16358227788,11849,11530,11450,-399,-3.37,11743,-106,-0.89,11390,11980,1399-11-20
547,دارا,صندوق س. دارا الگوريتم-د,218,6547731,65954719383,10064,10080,10073,9,0.09,10073,9,0.09,10011,10100,1399-11-20
548,آينده,بازرگاني آينده سازان بهشت پارس,216,1023551,24396338085,24572,23835,23835,-737,-3.0,23835,-737,-3.0,23835,23835,1399-11-20
549,حپترو,حمل و نقل پتروشيمي( سهامي عام,215,508154,24945279860,46760,49090,49090,2330,4.98,47790,1030,2.2,49090,49090,1399-11-20
550,شفارس,صنايع‌ شيميايي‌ فارس‌,214,1412133,69533428920,46900,49240,49240,2340,4.99,49240,2340,4.99,49240,49240,1399-11-20
551,كخاك,صنايع‌خاك‌چيني‌ايران‌,202,167625,7314092020,44300,45600,43270,-1030,-2.33,44200,-100,-0.23,43090,45600,1399-11-20
552,زنگان,صنعت روي زنگان,199,160535,18370180585,120453,114431,114431,-6022,-5.0,117934,-2519,-2.09,114431,114431,1399-11-20
553,تسه9902,امتياز تسهيلات مسكن ارديبهشت99,197,3610,2209507816,622285,621000,602608,-19677,-3.16,612052,-10233,-1.64,591200,653399,1399-11-20
554,بذر,صندوق س بذر اميد آفرين-سهام,195,95151,9142489660,99770,99770,95310,-4460,-4.47,96080,-3690,-3.7,94410,99770,1399-11-20
555,گوهر,صندوق سكه طلاي كيان,194,597731,33547795767,53994,55001,56323,2329,4.31,56125,2131,3.95,55001,56689,1399-11-20
556,شصفها,پتروشيمي‌ اصفهان‌,187,114135,13353418810,119242,118400,116870,-2372,-1.99,117106,-2136,-1.79,116858,121500,1399-11-20
557,غويتاح,ح . ويتانا,185,552881,7229154270,13713,13050,13028,-685,-5.0,13075,-638,-4.65,13028,13300,1399-11-20
558,فن آوا,گروه فن آوا,185,2183164,41794034403,18587,19144,19144,557,3.0,19144,557,3.0,18900,19144,1399-11-20
559,كيميا,معدني كيمياي زنجان گستران,184,3572937,54058536810,14410,15130,15130,720,5.0,15129,719,4.99,15130,15130,1399-11-20
560,تسه9801,امتياز تسهيلات مسكن فروردين98,180,3855,2339866984,629083,601010,610000,-19083,-3.03,606969,-22114,-3.52,597629,615000,1399-11-20
561,سفار,سيمان‌فارس‌,179,245583,34364429190,133270,139930,139930,6660,5.0,137620,4350,3.26,139930,139930,1399-11-20
562,كيان2,صندوق س. با درآمد ثابت كيان,179,17900000,17900000,27083,1,1,-27082,-100.0,1,-27082,-100.0,1,1,1399-11-20
563,تسه9712,امتياز تسهيلات مسكن اسفند97,179,3842,2296639939,619302,603010,599998,-19304,-3.12,597772,-21530,-3.48,588337,610000,1399-11-20
564,تابا,تابان نيرو سپاهان,173,343542,20635880856,57208,60068,60068,2860,5.0,60041,2833,4.95,60068,60068,1399-11-20
565,فردا,صندوق س آواي فرداي زاگرس-ثابت,167,1921152,19491617088,10139,10144,10146,7,0.07,10146,7,0.07,10144,10148,1399-11-20
566,كتوكا,توليدي و خدمات صنايع نسوز توكا,166,506843,19607728298,36844,38686,38686,1842,5.0,37492,648,1.76,38686,38686,1399-11-20
567,كاذر,فرآورده‌هاي‌نسوزآذر,163,262600,9059700000,36310,34500,34500,-1810,-4.98,35950,-360,-0.99,34500,34500,1399-11-20
568,تسه9904,امتياز تسهيلات مسكن تير99,160,2524,1567119609,627138,596782,607000,-20138,-3.21,620887,-6251,-1.0,595782,657999,1399-11-20
569,وسين,بيمه سينا,158,1111846,21870010820,18734,19670,19670,936,5.0,19670,936,5.0,19670,19670,1399-11-20
570,تسه9906,امتياز تسهيلات مسكن شهريور99,154,2234,1373027036,624241,593029,606000,-18241,-2.92,614605,-9636,-1.54,593029,649000,1399-11-20
571,سكه9912پ04,سكه تمام بهارتحويل1روزه صادرات,152,66800,75810457500,1089824,1123500,1139987,50163,4.6,1134887,45063,4.13,1123500,1139998,1399-11-20
572,مفاخر,توسعه فناوري اطلاعات خوارزمي,152,528778,29339776108,52844,55486,55486,2642,5.0,54297,1453,2.75,55486,55486,1399-11-20
573,اتكاي,بيمه اتكايي ايرانيان,149,833852,11202405963,14134,13430,13428,-706,-5.0,13961,-173,-1.22,13428,13999,1399-11-20
574,ضسپا3004,اختيارخ خساپا-2500-1400/03/26,148,6823,1991256000,1,222,310,309,30900.0,292,291,29100.0,200,329,1399-11-20
575,تسه9810,امتياز تسهيلات مسكن دي98,142,2547,1563121105,614826,610000,638000,23174,3.77,613711,-1115,-0.18,592198,640000,1399-11-20
576,زگلدشت,كشت و دام گلدشت نمونه اصفهان,142,245761,11868535973,50834,48293,48293,-2541,-5.0,50160,-674,-1.33,48293,48293,1399-11-20
577,شتوكا,توكا رنگ فولاد سپاهان,140,199505,10435308530,55058,52306,52306,-2752,-5.0,54421,-637,-1.16,52306,52306,1399-11-20
578,سباقر,سيمان باقران,139,604019,10528655189,16924,17431,17431,507,3.0,17171,247,1.46,17431,17431,1399-11-20
579,سجام,مجتمع سيمان غرب آسيا,139,1585000,8587560317,5582,5415,5415,-167,-2.99,5507,-75,-1.34,5415,5500,1399-11-20
580,ضسپا1101,اختيارخ خساپا-1800-1399/11/26,139,7043,2943786000,408,420,420,12,2.94,418,10,2.45,334,434,1399-11-20
581,تسه9905,امتياز تسهيلات مسكن مرداد99,138,1675,1027662119,622492,600000,600000,-22492,-3.61,613530,-8962,-1.44,592111,653616,1399-11-20
582,قمرو,قند مرودشت‌,136,1007732,33295465280,31470,33040,33040,1570,4.99,32400,930,2.96,33040,33040,1399-11-20
583,تصميم,صندوق س با درآمد ثابت تصميم,131,1019024,15890220915,15581,15594,15597,16,0.1,15594,13,0.08,15592,15600,1399-11-20
584,كهرام,توليدي گرانيت بهسرام,130,118487,11392169589,93347,96147,96147,2800,3.0,94812,1465,1.57,96147,96147,1399-11-20
585,تسه9802,امتياز تسهيلات مسكن ارديبهشت98,130,2211,1354391647,638152,610021,610000,-28152,-4.41,612570,-25582,-4.01,606245,620010,1399-11-20
586,شكف,كف,128,104949,9122272029,85217,86921,86921,1704,2.0,86688,1471,1.73,86921,86921,1399-11-20
587,ضپاس2002,اختيارخ وپارس-3000-1400/02/29,127,3290,1629770000,498,580,509,11,2.21,495,-3,-0.6,440,580,1399-11-20
588,الماس,صندوق س.امين تدبيرگران فردا-س,126,66861,7291075410,113125,114991,109000,-4125,-3.65,109048,-4077,-3.6,107250,114991,1399-11-20
589,گكيش,توريستي ورفاهي آبادگران كيش,125,110181,9654499944,90333,87624,87624,-2709,-3.0,88928,-1405,-1.56,87624,87624,1399-11-20
590,بپاس,بيمه پاسارگاد,125,72872,6368065464,91986,87387,87387,-4599,-5.0,91674,-312,-0.34,87387,87387,1399-11-20
591,تسه9803,امتياز تسهيلات مسكن خرداد98,121,1334,826431423,634113,606020,619798,-14315,-2.26,619514,-14599,-2.3,606020,665818,1399-11-20
592,سجامح,ح.مجتمع سيمان غرب آسيا,120,1051811,3378046769,3310,3211,3211,-99,-2.99,3212,-98,-2.96,3211,3250,1399-11-20
593,كساوه,صنايع‌ كاشي‌ و سراميك‌ سينا,120,86601,5635127070,68490,65070,65070,-3420,-4.99,68060,-430,-0.63,65070,65070,1399-11-20
594,جهرم,پتروشيمي جهرم,119,1628084,3186160388,2059,1957,1957,-102,-4.95,2042,-17,-0.83,1957,1957,1399-11-20
595,بايكا,كارخانجات كابلسازي ‌ايران‌,117,72075,3186507825,45578,44211,44211,-1367,-3.0,45356,-222,-0.49,44211,44211,1399-11-20
596,آساميد,صندوق س.مشترك آسمان اميد -د,116,3970104,45758414868,11517,11533,11528,11,0.1,11526,9,0.08,11523,11537,1399-11-20
597,ضپاس2001,اختيارخ وپارس-2500-1400/02/29,116,3295,2384808000,711,701,770,59,8.3,724,13,1.83,650,800,1399-11-20
598,ارمغان,ص سرمايه گذاري ارمغان ايرانيان,111,1464901,14693535841,10028,10030,10031,3,0.03,10030,2,0.02,10025,10031,1399-11-20
599,دقاضي,داروسازي شهيد قاضي,111,220105,10329427968,48318,47650,47000,-1318,-2.73,47601,-717,-1.48,46869,47720,1399-11-20
600,سكه0112پ03,سكه تمام بهارتحويلي1روزه سامان,110,38100,43243762400,1091057,1135000,1139998,48941,4.49,1135007,43950,4.03,1130002,1140000,1399-11-20
601,فيروزا,صندوق بادرآمد ثابت فيروزه آسيا,109,777967,17309523732,22273,22270,22254,-19,-0.09,22250,-23,-0.1,22211,22271,1399-11-20
602,تسه9903,امتياز تسهيلات مسكن خرداد99,106,913,556160966,626661,610000,607000,-19661,-3.14,609158,-17503,-2.79,595328,625000,1399-11-20
603,خپويش,سازه‌ پويش‌,104,232137,12238262640,50210,52720,52720,2510,5.0,50780,570,1.14,52720,52720,1399-11-20
604,زفكاح,ح . كشت و دامداري فكا,103,659844,4810439630,7463,7490,7295,-168,-2.25,7290,-173,-2.32,7225,7490,1399-11-20
605,پرداخت,به پرداخت ملت,101,234023,8396745240,37760,35880,35880,-1880,-4.98,37410,-350,-0.93,35880,35880,1399-11-20
606,ورازي,بيمه رازي,97,1465065,12168829890,7911,8306,8306,395,4.99,8144,233,2.95,8306,8306,1399-11-20
607,اخزا821,اسنادخزانه-م21بودجه98-020906,97,112498,66914078685,597328,598500,594000,-3328,-0.56,594802,-2526,-0.42,593000,598500,1399-11-20
608,فسا,پتروشيمي فسا,96,1111363,1984894318,1879,1786,1786,-93,-4.95,1869,-10,-0.53,1786,1786,1399-11-20
609,فجام,جام‌دارو,95,373828,3902764320,10980,10440,10440,-540,-4.92,10940,-40,-0.36,10440,10440,1399-11-20
610,حتوكا,حمل‌ونقل‌توكا,94,239879,7441046580,32650,31020,31020,-1630,-4.99,32390,-260,-0.8,31020,31020,1399-11-20
611,فسديد,لوله‌وتجهيزات‌ سديد - ورشكسته,94,33902,4053517888,120029,120562,118829,-1200,-1.0,119658,-371,-0.31,118829,121229,1399-11-20
612,ثروتم,صندوق س. ثروت آفرين پارسيان-س,94,178860,14168567000,77303,80000,80390,3087,3.99,79216,1913,2.47,78400,80950,1399-11-20
613,سكه0011پ02,سكه تمام بهارتحويلي 1روزه ملت,92,31800,36155251800,1089525,1114747,1142400,52875,4.85,1136958,47433,4.35,1114747,1144350,1399-11-20
614,غشوكو,شوكو پارس,90,132486,5405826258,42064,40803,40803,-1261,-3.0,41693,-371,-0.88,40803,40803,1399-11-20
615,كقزوي,شيشه‌ قزوين‌,89,368044,3662405844,10474,9951,9951,-523,-4.99,10373,-101,-0.96,9951,9951,1399-11-20
616,ضغدر1119,اختيارخ وغدير-10000-1399/11/26,88,1370,1798992000,1003,1498,1350,347,34.6,1313,310,30.91,600,1590,1399-11-20
617,زعف0008پ16,زعفران0008نگين بيرجند(پ),87,69745,8632166700,123988,123300,124000,12,0.01,123768,-220,-0.18,123000,124000,1399-11-20
618,تسه9901,امتياز تسهيلات مسكن فروردين99,87,1152,716705763,635836,604345,605000,-30836,-4.85,622140,-13696,-2.15,604045,667627,1399-11-20
619,سخواف,سيمان مجد خواف,86,354727,6563158954,19074,18502,18502,-572,-3.0,18871,-203,-1.06,18502,18502,1399-11-20
620,ضجار2002,اختيارخ وتجارت-2500-1400/02/22,86,2314,1425522000,634,650,635,1,0.16,616,-18,-2.84,580,650,1399-11-20
621,تسه9812,امتياز تسهيلات مسكن اسفند98,80,502,312485337,636433,668254,636440,7,0.0,622481,-13952,-2.19,604612,668254,1399-11-20
622,وسديد,گروه ‌صنعتي‌سديد,78,101288,2296604112,23136,22674,22674,-462,-2.0,23107,-29,-0.13,22674,22674,1399-11-20
623,تشتاد,صنايع توليدي اشتاد ايران‌,78,441231,6785250318,16187,15378,15378,-809,-5.0,15893,-294,-1.82,15378,15378,1399-11-20
624,اخزا815,اسنادخزانه-م15بودجه98-010406,76,72175,56325159799,782160,778390,780511,-1649,-0.21,780397,-1763,-0.23,778380,784000,1399-11-20
625,آسام,صندوق س.آرمان سپهر آشنا-م,75,85070,8740270680,102621,103990,103900,1279,1.25,102742,121,0.12,100200,103990,1399-11-20
626,صايند,صندوق س. گنجينه آينده روشن-د,74,711060,7095556850,9965,9950,9984,19,0.19,9979,14,0.14,9950,9990,1399-11-20
627,دقاضيح,ح . داروسازي شهيد قاضي,74,46446,1643728381,36252,35500,35165,-1087,-3.0,35390,-862,-2.38,35165,36000,1399-11-20
628,كدما,معدني‌ دماوند,72,17141,3994538640,245300,233040,233040,-12260,-5.0,244260,-1040,-0.42,233040,233040,1399-11-20
629,ضشنا2001,اختيارخ شپنا-10000-1400/02/27,72,684,1655721000,2377,2390,2550,173,7.28,2421,44,1.85,1801,2600,1399-11-20
630,لخانه,لوازم‌ خانگي‌ پارس‌,72,89084,2626908992,28630,29488,29488,858,3.0,28739,109,0.38,29488,29488,1399-11-20
631,آكورد2,صندوق س. آرمان آتي كوثر-د,70,7000000,7000000,30632,1,1,-30631,-100.0,1,-30631,-100.0,1,1,1399-11-20
632,گپارس,امور رفاهي كارگزاران پارس,68,34212,7462081956,207727,218113,218113,10386,5.0,211290,3563,1.72,218113,218113,1399-11-20
633,ضسپا3003,اختيارخ خساپا-2000-1400/03/26,68,3085,1623082000,523,550,580,57,10.9,526,3,0.57,505,605,1399-11-20
634,پلاست,كارخانجات توليدي پلاستيران,65,38566,2861481502,76491,74197,74197,-2294,-3.0,76158,-333,-0.44,74197,74197,1399-11-20
635,اخزا903,اسنادخزانه-م3بودجه99-011110,63,251416,175741475100,699582,695200,695930,-3652,-0.52,699007,-575,-0.08,695200,701000,1399-11-20
636,وپسا,س. پتروشيمي ساختمان  خليج فارس,63,747764,2260490572,3084,3023,3023,-61,-1.98,3070,-14,-0.45,3023,3023,1399-11-20
637,خاتم,صندوق س خاتم ايساتيس پويا-ثابت,62,1626280,17097666497,10508,10513,10513,5,0.05,10513,5,0.05,10513,10517,1399-11-20
638,سنوين,سرمايه گذاري اقتصاد نوين,62,1646248,15960374360,9413,9695,9695,282,3.0,9624,211,2.24,9695,9695,1399-11-20
639,صنوين,صندوق سرمايه‌گذاري صنوين-مختلط,61,39426,3905815760,99210,98610,100900,1690,1.7,99070,-140,-0.14,98600,101000,1399-11-20
640,وكادو,تكادو,61,150073,3338523958,22934,22246,22246,-688,-3.0,22809,-125,-0.55,22246,22246,1399-11-20
641,اخزا901,اسنادخزانه-م1بودجه99-010621,60,45240,33760074663,746091,746000,746990,899,0.12,746244,153,0.02,745600,747498,1399-11-20
642,افران,صندوق س افرا نماد پايدار-ثابت,60,616652,7786976125,12623,12638,12633,10,0.08,12628,5,0.04,12623,12639,1399-11-20
643,معيار,سرمايه گذاري معيار صنعت پارس,59,89971,4004609210,43214,44510,44510,1296,3.0,43458,244,0.56,44510,44510,1399-11-20
644,ضفلا1153,اختيارخ فولاد-10000-1399/11/28,58,514,761641000,1047,1670,1648,601,57.4,1482,435,41.55,1000,1670,1399-11-20
645,ضشنا2002,اختيارخ شپنا-12000-1400/02/27,57,637,904360000,1254,1400,1470,216,17.22,1420,166,13.24,1251,1600,1399-11-20
646,اخزا817,اسنادخزانه-م17بودجه98-010512,55,300888,231774966402,769568,769568,766907,-2661,-0.35,770303,735,0.1,766222,771100,1399-11-20
647,وبيمهح,ح . سرمايه‌ گذاري‌ صنعت‌ بيمه‌,53,535625,899172680,1600,1700,1650,50,3.13,1680,80,5.0,1650,1700,1399-11-20
648,تسه9811,امتياز تسهيلات مسكن بهمن98,52,268,165034858,629642,617000,618500,-11142,-1.77,615802,-13840,-2.2,598160,621000,1399-11-20
649,تسه9808,امتياز تسهيلات مسكن آبان98,52,795,510773200,626809,658149,638149,11340,1.81,642482,15673,2.5,595469,658149,1399-11-20
650,ضفلا1154,اختيارخ فولاد-12000-1399/11/28,49,1208,289605000,132,198,300,168,127.27,240,108,81.82,110,300,1399-11-20
651,كساپا,سايپاشيشه‌,48,113378,4172310400,38730,36800,36800,-1930,-4.98,38550,-180,-0.46,36800,36800,1399-11-20
652,اخزا902,اسنادخزانه-م2بودجه99-011019,46,53076,37400815441,705590,704025,704045,-1545,-0.22,704665,-925,-0.13,704025,705900,1399-11-20
653,اراد65,مرابحه عام دولتي65-ش.خ0210,46,7957041,7376574859050,926990,927050,927050,60,0.01,927050,60,0.01,927050,927050,1399-11-20
654,اخزا907,اسنادخزانه-م7بودجه99-020704,44,232517,142184691401,612903,611770,612000,-903,-0.15,611502,-1401,-0.23,610000,612999,1399-11-20
655,ضشنا2000,اختيارخ شپنا-9000-1400/02/27,44,962,3331072000,3122,2461,3560,438,14.03,3463,341,10.92,2460,3560,1399-11-20
656,ضسپا1100,اختيارخ خساپا-1600-1399/11/26,44,1921,1176189000,605,401,630,25,4.13,612,7,1.16,401,639,1399-11-20
657,سكارون,سيمان كارون,44,10631,1881229867,182429,176957,176957,-5472,-3.0,181890,-539,-0.3,176957,176957,1399-11-20
658,تسه9809,امتياز تسهيلات مسكن آذر98,43,385,236308253,620299,589386,620000,-299,-0.05,613788,-6511,-1.05,589386,643000,1399-11-20
659,كارين,صندوق س نگين سامان-ثابت,41,1130768,11442648539,10115,10121,10120,5,0.05,10119,4,0.04,10115,10121,1399-11-20
660,نمرينو,ايران‌ مرينوس‌,41,38327,2229864860,55410,58180,58180,2770,5.0,55530,120,0.22,58180,58180,1399-11-20
661,ضفلا1155,اختيارخ فولاد-14000-1399/11/28,40,1723,21006000,6,5,15,9,150.0,12,6,100.0,3,18,1399-11-20
662,اخزا808,اسنادخزانه-م8بودجه98-000817,40,15238,13349490559,874696,872001,876103,1407,0.16,876066,1370,0.16,872001,876600,1399-11-20
663,وسكرد,شركت س استان كردستان,40,1076790,764520900,740,710,710,-30,-4.05,740,0,0.0,710,710,1399-11-20
664,وسمركز,شركت س استان مركزي,39,621461,783040860,1400,1260,1260,-140,-10.0,1400,0,0.0,1260,1260,1399-11-20
665,زنجان,صنايع كشاورزي وكود زنجان,38,281653,2681899866,9816,9522,9522,-294,-3.0,9775,-41,-0.42,9522,9522,1399-11-20
666,وايرا,سرمايه گذاري صنايع ايران,38,531612,6026353632,11686,11336,11336,-350,-3.0,11574,-112,-0.96,11336,11336,1399-11-20
667,دمعيار,صندوق س. توازن معيار-د,38,1814523,18323707561,10095,10100,10095,0,0.0,10098,3,0.03,10095,10110,1399-11-20
668,ضفلا1156,اختيارخ فولاد-16000-1399/11/28,37,1803,1952000,1,1,1,0,0.0,1,0,0.0,1,2,1399-11-20
669,اخزا814,اسنادخزانه-م14بودجه98-010318,37,87267,68862610531,787139,786879,790000,2861,0.36,789102,1963,0.25,785500,790000,1399-11-20
670,ضغدر3003,اختيارخ وغدير-9200-1400/03/26,37,1623,4387960000,1622,3000,2900,1278,78.79,2704,1082,66.71,2500,3000,1399-11-20
671,زعف0008پ05,زعفران0008نگين زرين(پ),35,49037,6075655870,124004,124000,124000,-4,0.0,123899,-105,-0.08,123700,124100,1399-11-20
672,سمايه,بانك سرمايه,35,43267,306200559,7295,7077,7077,-218,-2.99,7292,-3,-0.04,7077,7077,1399-11-20
673,ثاژن,سخت آژند,35,131841,1396723554,10387,10594,10594,207,1.99,10414,27,0.26,10594,10594,1399-11-20
674,سلار,شركت سيمان لارستان,33,322817,20702577027,66114,64131,64131,-1983,-3.0,64131,-1983,-3.0,64131,64131,1399-11-20
675,ولراز,ليزينگ رازي,32,19779,1146588630,59762,57970,57970,-1792,-3.0,59653,-109,-0.18,57970,57970,1399-11-20
676,اخزا908,اسنادخزانه-م8بودجه99-020606,32,98272,61087658305,623686,624000,620500,-3186,-0.51,621618,-2068,-0.33,619538,624000,1399-11-20
677,تسه9806,امتياز تسهيلات مسكن شهريور98,30,352,223776957,626693,658027,610000,-16693,-2.66,635730,9037,1.44,595359,658027,1399-11-20
678,سخند,صندوق س.سپهرخبرگان نفت-د,30,164870,1653095310,10024,10030,10030,6,0.06,10027,3,0.03,10025,10030,1399-11-20
679,ضخود2008,اختيارخ خودرو-3500-1400/02/08,29,1000,125461000,138,140,121,-17,-12.32,125,-13,-9.42,113,140,1399-11-20
680,ضسپا1105,اختيارخ خساپا-3500-1399/11/26,29,2225,4225000,1,1,5,4,400.0,2,1,100.0,1,5,1399-11-20
681,اخزا905,اسنادخزانه-م5بودجه99-020218,29,110826,72976405787,658863,659999,658000,-863,-0.13,658477,-386,-0.06,658000,659999,1399-11-20
682,سفاسي,شركت فارسيت اهواز,29,111012,1600793040,14865,14420,14420,-445,-2.99,14828,-37,-0.25,14420,14420,1399-11-20
683,ضفلا1152,اختيارخ فولاد-9000-1399/11/28,28,252,512096000,1921,1920,2500,579,30.14,2032,111,5.78,1800,2500,1399-11-20
684,سدشت,صنايع سيمان دشتستان,28,46205,2166090400,44650,46880,46880,2230,4.99,44740,90,0.2,46880,46880,1399-11-20
685,اخزا812,اسنادخزانه-م12بودجه98-001111,28,118859,99849089742,839388,840000,841100,1712,0.2,840063,675,0.08,840000,841100,1399-11-20
686,فنرژي,گسترش صنايع انرژي آذرآب,27,59046,1174011618,19494,19883,19883,389,2.0,19537,43,0.22,19883,19883,1399-11-20
687,اوصتا,صندوق انديشه ورزان صباتامين -د,27,450712,8043047882,17839,17846,17852,13,0.07,17845,6,0.03,17845,17852,1399-11-20
688,ضجار2000,اختيارخ وتجارت-1800-1400/02/22,26,1046,1323490000,1292,1290,1250,-42,-3.25,1265,-27,-2.09,1100,1500,1399-11-20
689,اخزا818,اسنادخزانه-م18بودجه98-010614,24,33114,25120562525,760728,756590,758113,-2615,-0.34,758608,-2120,-0.28,734657,764999,1399-11-20
690,اخزا809,اسنادخزانه-م9بودجه98-000923,24,33205,28548870388,860969,858155,859928,-1041,-0.12,859776,-1193,-0.14,858155,862000,1399-11-20
691,اخزا909,اسنادخزانه-م9بودجه99-020316,23,16458,10654368376,647792,650000,646099,-1693,-0.26,647367,-425,-0.07,646040,652800,1399-11-20
692,وحافظ,بيمه حافظ,23,49083,3597096738,74781,73286,73286,-1495,-2.0,74229,-552,-0.74,73286,73286,1399-11-20
693,تسه9807,امتياز تسهيلات مسكن مهر98,23,110,67924748,638624,606693,626693,-11931,-1.87,617498,-21126,-3.31,606693,626693,1399-11-20
694,تسه9804,امتياز تسهيلات مسكن تير98,23,138,84023568,626753,630000,600000,-26753,-4.27,608866,-17887,-2.85,595416,630000,1399-11-20
695,حاريا,كشتيراني آريا,23,31297,939755019,30955,30027,30027,-928,-3.0,30910,-45,-0.15,30027,30027,1399-11-20
696,وسگيلا,شركت س استان گيلان,21,311570,236793200,800,760,760,-40,-5.0,800,0,0.0,760,760,1399-11-20
697,زعف0008پ20,زعفران0008نگين وحدت جام(پ),20,9720,1196705991,123793,123800,123800,7,0.01,123118,-675,-0.55,121200,123900,1399-11-20
698,اخزا806,اسنادخزانه-م6بودجه98-000519,20,30213,27538691231,911681,910325,912000,319,0.03,911485,-196,-0.02,910325,912000,1399-11-20
699,اخزا811,اسنادخزانه-م11بودجه98-001013,20,70137,59627945446,850280,849207,850021,-259,-0.03,850164,-116,-0.01,849207,851900,1399-11-20
700,زعف0008پ11,زعفران0008نگين سحرخيز(پ),19,66700,8371844020,125218,125500,125500,282,0.23,125515,297,0.24,125460,125645,1399-11-20
701,وسصفا,شركت س استان اصفهان,19,188242,192006840,1070,1020,1020,-50,-4.67,1070,0,0.0,1020,1020,1399-11-20
702,تاپكيشح,ح.تجارت الكترونيك پارسيان كيش,18,82166,1454342740,18569,19090,17641,-928,-5.0,17700,-869,-4.68,17641,19090,1399-11-20
703,وآرينح,ح. شركت توسعه اقتصادي آرين,18,290866,868336082,3167,3170,2977,-190,-6.0,2985,-182,-5.75,2977,3170,1399-11-20
704,اخزا816,اسنادخزانه-م16بودجه98-010503,17,188215,145441642000,770534,774000,772000,1466,0.19,772742,2208,0.29,771000,774000,1399-11-20
705,ضپاس2003,اختيارخ وپارس-3500-1400/02/29,17,451,170990000,400,450,370,-30,-7.5,379,-21,-5.25,280,450,1399-11-20
706,تسه9805,امتياز تسهيلات مسكن مرداد98,17,91,56414995,652531,619905,620000,-32531,-4.99,619945,-32586,-4.99,619905,620000,1399-11-20
707,اخزا813,اسنادخزانه-م13بودجه98-010219,16,21490,17192369824,800522,800001,800010,-512,-0.06,800017,-505,-0.06,800000,800100,1399-11-20
708,گنجين,صندوق س. گنجينه يكم آويد-د,16,136423,1662564933,12179,12183,12186,7,0.06,12187,8,0.07,12183,12190,1399-11-20
709,اخزا721,اسنادخزانه-م21بودجه97-000728,15,12208,10737834354,879516,879500,880000,484,0.06,879574,58,0.01,879500,882000,1399-11-20
710,ضملت1130,اختيارخ وبملت-8000-1399/11/28,14,670,670000,1,1,1,0,0.0,1,0,0.0,1,1,1399-11-20
711,كيسون,شركت كيسون,14,19313,280926898,14842,14546,14546,-296,-1.99,14839,-3,-0.02,14546,14546,1399-11-20
712,ضملت1129,اختيارخ وبملت-7000-1399/11/28,14,529,530000,1,1,1,0,0.0,1,0,0.0,1,2,1399-11-20
713,اخزا810,اسنادخزانه-م10بودجه98-001006,14,75855,64923578834,854048,854049,855819,1771,0.21,855891,1843,0.22,853416,856000,1399-11-20
714,خبازرس,بازرسي مهندسي و صنعتي ايران,14,511100,12912430400,24529,25264,25264,735,3.0,24988,459,1.87,25264,25264,1399-11-20
715,داراب,پتروشيمي داراب,14,230212,552508800,2474,2400,2400,-74,-2.99,2472,-2,-0.08,2400,2400,1399-11-20
716,زعف0008پ19,زعفران0008نگين تروند قاينات(پ),13,8614,1067578630,123588,124000,124000,412,0.33,123935,347,0.28,123900,124000,1399-11-20
717,ضملت1125,اختيارخ وبملت-4000-1399/11/28,13,657,100824000,152,150,130,-22,-14.47,153,1,0.66,121,160,1399-11-20
718,آبين,كشت و صنعت آبشيرين,13,30857,131635962,4353,4266,4266,-87,-2.0,4352,-1,-0.02,4266,4266,1399-11-20
719,ضگل1142,اختيارخ كگل-16000-1399/11/21,12,352,472868000,1289,1190,1600,311,24.13,1343,54,4.19,1190,1600,1399-11-20
720,ضفلا1151,اختيارخ فولاد-8000-1399/11/28,11,64,205671000,2945,3500,3400,455,15.45,3214,269,9.13,2851,3500,1399-11-20
721,ضفلا3005,اختيارخ فولاد-14000-1400/03/19,11,77,47450000,1,550,800,799,79900.0,616,615,61500.0,550,800,1399-11-20
722,ضخود2009,اختيارخ خودرو-4000-1400/02/08,11,116,10615000,97,90,88,-9,-9.28,92,-5,-5.15,88,96,1399-11-20
723,ضملي3002,اختيارخ فملي-10000-1400/03/02,11,109,208060000,1297,1980,1900,603,46.49,1909,612,47.19,1900,1980,1399-11-20
724,دحاوي,الحاوي,11,118650,1420003200,12338,11968,11968,-370,-3.0,12311,-27,-0.22,11968,11968,1399-11-20
725,صبا1401,اجاره مهندسي صبا نفت14010225,10,610,600540000,970305,979000,985000,14695,1.51,984492,14187,1.46,979000,985000,1399-11-20
726,اراد70,مرابحه عام دولت70-ش.خ0112,10,2000000,1883440000000,941640,941720,941720,80,0.01,941720,80,0.01,941720,941720,1399-11-20
727,نگين,ص.س. زمين و ساختمان نگين شهرري,10,1723,82244890,48270,47540,47850,-420,-0.87,47730,-540,-1.12,47540,48420,1399-11-20
728,فخاسح,ح . فولاد خراسان,9,112487,2699688000,32160,24000,24000,-8160,-25.37,24000,-8160,-25.37,24000,24000,1399-11-20
729,ضفار3000,اختيارخ فارس-8000-1400/03/05,9,45,97102000,1887,2520,2060,173,9.17,2158,271,14.36,2000,2520,1399-11-20
730,ضغدر1120,اختيارخ وغدير-12000-1399/11/26,9,171,33610000,121,198,195,74,61.16,197,76,62.81,140,250,1399-11-20
731,ضگل1141,اختيارخ كگل-14000-1399/11/21,8,75,260776000,2744,2800,3600,856,31.2,3477,733,26.71,2800,3600,1399-11-20
732,ضشنا2003,اختيارخ شپنا-14000-1400/02/27,8,115,111030000,1000,999,1000,0,0.0,965,-35,-3.5,888,1000,1399-11-20
733,اخزا713,اسنادخزانه-م13بودجه97-000518,8,23697,21617862980,911046,912002,912500,1454,0.16,912262,1216,0.13,912002,912500,1399-11-20
734,اطلس2,صندوق س.توسعه اندوخته آينده-س,8,80000,80000,201431,1,1,-201430,-100.0,1,-201430,-100.0,1,1,1399-11-20
735,ضصاد3001,اختيارخ وبصادر-2000-1400/03/12,8,180,148720000,800,1000,860,60,7.5,826,26,3.25,800,1000,1399-11-20
736,زير0003پ01,زيره سبز0003كيميابذر(پ),8,170,88487290,498513,522999,523000,24487,4.91,520513,22000,4.41,500000,523000,1399-11-20
737,زعف0008پ18,زعفران0008نگين بهرامن(پ),8,4064,507696898,123491,125999,126990,3499,2.83,124925,1434,1.16,124500,126990,1399-11-20
738,تملي804,تسهيلات مسكن ب. ملي-تير98,7,348,182396942,534681,507947,561415,26734,5.0,524129,-10552,-1.97,507947,561415,1399-11-20
739,ضخود2013,اختيارخ خودرو-7000-1400/02/08,7,142,2673000,22,14,23,1,4.55,19,-3,-13.64,14,23,1399-11-20
740,اخزا820,اسنادخزانه-م20بودجه98-020806,7,100193,60996463800,606721,608799,603000,-3721,-0.61,608790,2069,0.34,603000,608799,1399-11-20
741,شستا991,اجاره تامين اجتماعي-امين991226,7,130,129545484,982505,972001,999998,17493,1.78,996504,13999,1.42,972001,1000000,1399-11-20
742,وسقم,شركت س استان قم,7,116145,155634300,1410,1340,1340,-70,-4.96,1410,0,0.0,1340,1340,1399-11-20
743,داريك,صندوق س.اعتماد داريك-د,7,12186,125988836,10359,10360,10359,0,0.0,10339,-20,-0.19,10280,10360,1399-11-20
744,ضملت1124,اختيارخ وبملت-3500-1399/11/28,6,146,57970000,386,410,390,4,1.04,397,11,2.85,390,420,1399-11-20
745,ضملت3000,اختيارخ وبملت-3000-1400/03/19,6,12,15370000,899,1200,1400,501,55.73,1281,382,42.49,1200,1400,1399-11-20
746,ضجار2003,اختيارخ وتجارت-3000-1400/02/22,6,90,41890000,475,498,465,-10,-2.11,465,-10,-2.11,440,498,1399-11-20
747,هصيكو402,اختيارف ت تاصيكو13500-00/02/20,6,55500,136530000,2146,2460,2460,314,14.63,2460,314,14.63,2460,2460,1399-11-20
748,ضملت1123,اختيارخ وبملت-3000-1399/11/28,6,257,247295000,850,990,973,123,14.47,962,112,13.18,800,990,1399-11-20
749,وسيستا,شركت س استان سيستان وبلوچستان,6,147042,108811080,770,740,740,-30,-3.9,770,0,0.0,740,740,1399-11-20
750,اخزا804,اسنادخزانه-م4بودجه98-000421,6,25593,23737918832,926020,927510,927500,1480,0.16,927516,1496,0.16,927500,927562,1399-11-20
751,اخزا805,اسنادخزانه-م5بودجه98-000422,6,14081,12998089276,923076,925000,923076,0,0.0,923094,18,0.0,923076,925000,1399-11-20
752,ضترا3002,اختيارخ شتران-8000-1400/03/09,5,60,132000000,1600,2200,2200,600,37.5,2200,600,37.5,2200,2200,1399-11-20
753,ضغدر1121,اختيارخ وغدير-14000-1399/11/26,5,82,485000,2,100,5,3,150.0,6,4,200.0,5,10,1399-11-20
754,ضملي3000,اختيارخ فملي-8000-1400/03/02,5,31,102750000,3022,3300,3400,378,12.51,3315,293,9.7,3199,3400,1399-11-20
755,ضملت3003,اختيارخ وبملت-4500-1400/03/19,5,60,23550000,1,300,500,499,49900.0,392,391,39100.0,300,500,1399-11-20
756,ضملي3003,اختيارخ فملي-12000-1400/03/02,5,135,140955000,1003,800,1050,47,4.69,1044,41,4.09,800,1060,1399-11-20
757,اخزا904,اسنادخزانه-م4بودجه99-011215,5,5560,3810747760,690000,690000,685130,-4870,-0.71,685386,-4614,-0.67,685120,690000,1399-11-20
758,ضمخا2001,اختيارخ اخابر-10000-1400/02/29,5,39,77850000,2046,2000,1950,-96,-4.69,1996,-50,-2.44,1950,2000,1399-11-20
759,خعمرا,توسعه و عمران شهرستان نائين,5,2857,65196740,22156,22820,22820,664,3.0,22158,2,0.01,22820,22820,1399-11-20
760,ضملت1126,اختيارخ وبملت-4500-1399/11/28,5,500,8900000,32,29,13,-19,-59.38,18,-14,-43.75,13,29,1399-11-20
761,ضغدر1118,اختيارخ وغدير-9000-1399/11/26,4,38,81300000,2011,2100,2300,289,14.37,2139,128,6.36,2100,2300,1399-11-20
762,زعف0008پ15,زعفران0008پوشالمعمول طلاسرخ(پ),4,224,18051400,82999,80400,80500,-2499,-3.01,80587,-2412,-2.91,80400,80610,1399-11-20
763,ضگل1143,اختيارخ كگل-18000-1399/11/21,4,34,2692000,453,10,371,-82,-18.1,79,-374,-82.56,10,371,1399-11-20
764,اراد50,مرابحه عام دولت5-ش.خ0302,4,68100,68100068100,1000000,1000001,1000001,1,0.0,1000001,1,0.0,1000001,1000001,1399-11-20
765,وسكرشا,س.سهام عدالت استان كرمانشاه,4,20300,24360000,1260,1200,1200,-60,-4.76,1260,0,0.0,1200,1200,1399-11-20
766,ضصاد3002,اختيارخ وبصادر-2500-1400/03/12,4,30,14500000,450,460,495,45,10.0,483,33,7.33,460,495,1399-11-20
767,تملي701,تسهيلات مسكن ب. ملي-فروردين97,4,41,24672607,595238,624999,624999,29761,5.0,601771,6533,1.1,565477,624999,1399-11-20
768,اراد314,مرابحه عام دولت3-ش.خ 0208,4,20500000,18364001000000,1000000,894041,897300,-102700,-10.27,895805,-104195,-10.42,894041,897446,1399-11-20
769,ضفلا3003,اختيارخ فولاد-10000-1400/03/19,4,152,390800000,1987,3299,2501,514,25.87,2571,584,29.39,2500,3299,1399-11-20
770,ضخود2012,اختيارخ خودرو-6000-1400/02/08,4,40,1295000,35,34,31,-4,-11.43,32,-3,-8.57,31,34,1399-11-20
771,اخزا718,اسنادخزانه-م18بودجه97-000525,4,2653,2409839870,910076,907501,910000,-76,-0.01,908345,-1731,-0.19,907501,911000,1399-11-20
772,كمند2,صندوق س. با درآمد ثابت كمند,3,244000000,244000000,10022,1,1,-10021,-99.99,1,-10021,-99.99,1,1,1399-11-20
773,وسخراش,شركت س استان خراسان شمالي,3,20000,26200000,1370,1310,1310,-60,-4.38,1370,0,0.0,1310,1310,1399-11-20
774,زعف0008پ08,زعفران0008نگين روستا(پ),3,8000,992000000,124149,124000,124000,-149,-0.12,124000,-149,-0.12,124000,124000,1399-11-20
775,شسم,توليد سموم‌ علف‌ كش,3,8160,746199360,87929,91446,91446,3517,4.0,88181,252,0.29,91446,91446,1399-11-20
776,ضترا3003,اختيارخ شتران-9000-1400/03/09,3,32,64000000,1900,2000,2000,100,5.26,2000,100,5.26,2000,2000,1399-11-20
777,تفيرو,مهندسي فيروزا,3,604,11767128,19100,19482,19482,382,2.0,19100,0,0.0,19482,19482,1399-11-20
778,عيار2,صندوق س. پشتوانه طلاي مفيد,3,30000,30000,27447,1,1,-27446,-100.0,1,-27446,-100.0,1,1,1399-11-20
779,سپرمي,پرميت‌,3,10800,93571200,8495,8664,8664,169,1.99,8498,3,0.04,8664,8664,1399-11-20
780,اروند05,منفعت صبا اروند لوتوس 14001113,3,4500,4410000740,1005001,980001,980000,-25001,-2.49,980000,-25001,-2.49,980000,980001,1399-11-20
781,پست0008پ08,پسته فندقي32-30مه ولات0008(پ),3,430,576770000,1314000,1315000,1350000,36000,2.74,1341326,27326,2.08,1315000,1350000,1399-11-20
782,اخزا722,اسنادخزانه-م22بودجه97-000428,3,3550,3277061448,921510,927000,923001,1491,0.16,923116,1606,0.17,923001,927000,1399-11-20
783,تملي809,تسهيلات مسكن ب. ملي-آذر98,3,110,29260990,253342,266009,266009,12667,5.0,266009,12667,5.0,266009,266009,1399-11-20
784,ضپاس2000,اختيارخ وپارس-2000-1400/02/29,3,110,131500000,1250,1150,1250,0,0.0,1195,-55,-4.4,1150,1250,1399-11-20
785,وسمازن,س.سهام عدالت استان مازندران,3,21500,19995000,970,930,930,-40,-4.12,970,0,0.0,930,930,1399-11-20
786,ضفلا3004,اختيارخ فولاد-12000-1400/03/19,3,3,6000000,1500,2000,2000,500,33.33,2000,500,33.33,2000,2000,1399-11-20
787,تملي808,تسهيلات مسكن ب. ملي-آبان98,3,74,16194900,208429,218850,218850,10421,5.0,218850,10421,5.0,218850,218850,1399-11-20
788,اخزا8114,اسنادخزانه-م11بودجه98-001013,2,1736000,1477240520000,850280,851610,850280,0,0.0,850945,665,0.08,850280,851610,1399-11-20
789,اخزا7224,اسنادخزانه-م22بودجه97-000428,2,1838000,1696042070000,921510,924020,921510,0,0.0,922765,1255,0.14,921510,924020,1399-11-20
790,اخزا7204,اسنادخزانه-م20بودجه97-000324,2,1420000,1333390650000,939837,938178,939837,0,0.0,939007,-830,-0.09,938178,939837,1399-11-20
791,اخزا906,اسنادخزانه-م6بودجه99-020321,2,1450,1011806000,683149,699864,684880,1731,0.25,697797,14648,2.14,684880,699864,1399-11-20
792,اخزا8074,اسنادخزانه-م7بودجه98-000719,2,668000,593961552000,883509,894819,883509,0,0.0,889164,5655,0.64,883509,894819,1399-11-20
793,كابگن,توليدي و صنعتي آبگينه‌,2,63632,326432160,5080,5130,5130,50,0.98,5083,3,0.06,5130,5130,1399-11-20
794,زير0003پ02,زيره سبز0003 دانش(پ),2,19,9072897,490000,480000,473271,-16729,-3.41,477521,-12479,-2.55,473271,480000,1399-11-20
795,وسخراج,شركت س استان خراسان جنوبي,2,31400,66254000,2220,2110,2110,-110,-4.95,2220,0,0.0,2110,2110,1399-11-20
796,زعف0008پ09,زعفران0008نگين نوين(پ),2,1043,128706822,124500,131554,123050,-1450,-1.16,123401,-1099,-0.88,123050,131554,1399-11-20
797,شستا992,اجاره تامين اجتماعي-سپهر991226,2,10,10000000,999999,1000000,1000000,1,0.0,1000000,1,0.0,1000000,1000000,1399-11-20
798,اراد454,مرابحه عام دولت4-ش.خ 0107,2,4210000,4025945115000,960000,956020,956543,-3457,-0.36,956281,-3719,-0.39,956020,956543,1399-11-20
799,اخزا807,اسنادخزانه-م7بودجه98-000719,2,571,504501062,883509,883522,883542,33,0.0,883539,30,0.0,883522,883542,1399-11-20
800,اخزا7164,اسنادخزانه-م16بودجه97-000407,2,1636000,1563838494000,932000,979783,932000,0,0.0,955891,23891,2.56,932000,979783,1399-11-20
801,ضفلا3002,اختيارخ فولاد-9000-1400/03/19,2,22,76120000,3200,3460,3460,260,8.13,3460,260,8.13,3460,3460,1399-11-20
802,ضجار2001,اختيارخ وتجارت-2000-1400/02/22,2,20,22000000,1221,1150,1050,-171,-14.0,1100,-121,-9.91,1050,1150,1399-11-20
803,شستا004,اجاره تامين اجتماعي-نوين000523,2,10,10029000,990000,1000000,1029000,39000,3.94,1002900,12900,1.3,1000000,1029000,1399-11-20
804,اخزا7184,اسنادخزانه-م18بودجه97-000525,2,2498000,2274160465000,910076,910709,910076,0,0.0,910392,316,0.03,910076,910709,1399-11-20
805,اراد644,مرابحه عام دولتي64-ش.خ0111,2,6000000,5667960000000,944500,944820,944500,0,0.0,944660,160,0.02,944500,944820,1399-11-20
806,اخزا720,اسنادخزانه-م20بودجه97-000324,2,210,198660000,939837,946000,946000,6163,0.66,946000,6163,0.66,946000,946000,1399-11-20
807,اخزا7214,اسنادخزانه-م21بودجه97-000728,2,3164000,2787719718000,879516,882633,879516,0,0.0,881074,1558,0.18,879516,882633,1399-11-20
808,ضشنا2010,اختيارخ شپنا-8000-1400/02/27,2,33,137790000,4100,4290,3030,-1070,-26.1,4175,75,1.83,3030,4290,1399-11-20
809,ضگل3002,اختيارخ كگل-16000-1400/03/23,2,25,95500000,1,3900,3800,3799,379900.0,3820,3819,381900.0,3800,3900,1399-11-20
810,فولاد2,فولاد مباركه اصفهان,2,655000000,6751750000000,10810,11350,10300,-510,-4.72,10308,-502,-4.64,10300,11350,1399-11-20
811,وسيلام,شركت س استان ايلام,2,12713,15001340,1240,1180,1180,-60,-4.84,1240,0,0.0,1180,1180,1399-11-20
812,اراد214,مرابحه عام دولت2ش.خ صادرات0212,2,56000000,52867612000000,1000000,942351,945778,-54222,-5.42,944064,-55936,-5.59,942351,945778,1399-11-20
813,اراد424,مرابحه عام دولت4-ش.خ 0106,2,18252000,16931878470000,1056250,894903,960442,-95808,-9.07,927672,-128578,-12.17,894903,960442,1399-11-20
814,اراد324,مرابحه عام دولت3-ش.خ0211,2,2000000,1768469000000,1000000,883389,885080,-114920,-11.49,884234,-115766,-11.58,883389,885080,1399-11-20
815,اخزا8134,اسنادخزانه-م13بودجه98-010219,2,434000,349330289000,800522,809295,800522,0,0.0,804908,4386,0.55,800522,809295,1399-11-20
816,شستا0042,اجاره تامين اجتماعي-نوين000523,2,850000,838100000000,990000,986000,986000,-4000,-0.4,986000,-4000,-0.4,986000,986000,1399-11-20
817,وسلرستا,شركت س استان لرستان,2,15900,13674000,900,860,860,-40,-4.44,900,0,0.0,860,860,1399-11-20
818,ضخوز2013,اختيارخ فخوز-12000-1400/02/15,2,102,230400000,2252,2600,2252,0,0.0,2259,7,0.31,2252,2600,1399-11-20
819,صخود412,ص مرابحه خودرو412- 3ماهه 18%,2,15000,14914800000,994320,994320,994320,0,0.0,994320,0,0.0,994320,994320,1399-11-20
820,اراد344,مرابحه عام دولت3-ش.خ 0305,2,19586000,16850687791000,1000000,860352,860335,-139665,-13.97,860343,-139657,-13.97,860335,860352,1399-11-20
821,اخزا8094,اسنادخزانه-م9بودجه98-000923,2,670000,577596280000,860969,863199,860969,0,0.0,862084,1115,0.13,860969,863199,1399-11-20
822,خاتم2,صندوق س خاتم ايساتيس پويا-ثابت,2,1500000,1500000,10508,1,1,-10507,-99.99,1,-10507,-99.99,1,1,1399-11-20
823,افاد614,منفعت دولت6-ش.خاص140109,1,5000000,4887495000000,979000,977499,977499,-1501,-0.15,977499,-1501,-0.15,977499,977499,1399-11-20
824,اراد354,مرابحه عام دولت3-ش.خ 0103,1,6215000,5958444800000,955100,958720,958720,3620,0.38,958720,3620,0.38,958720,958720,1399-11-20
825,پارسيانح,ح.بيمه پارسيان,1,700,6300000,9000,9000,9000,0,0.0,9000,0,0.0,9000,9000,1399-11-20
826,تملي709,تسهيلات مسكن ب. ملي-آذر97,1,9,5349852,625713,594428,594428,-31285,-5.0,594428,-31285,-5.0,594428,594428,1399-11-20
827,ضملي3001,اختيارخ فملي-9000-1400/03/02,1,3,7200000,2400,2400,2400,0,0.0,2400,0,0.0,2400,2400,1399-11-20
828,اراد434,مرابحه عام دولت4-ش.خ 0205,1,490000,456190000000,955000,931000,931000,-24000,-2.51,931000,-24000,-2.51,931000,931000,1399-11-20
829,ضجار2004,اختيارخ وتجارت-3500-1400/02/22,1,70,35000000,219,500,500,281,128.31,500,281,128.31,500,500,1399-11-20
830,پست0008پ09,پسته بادامي30-28مه ولات0008(پ),1,30,39000000,1300000,1300000,1300000,0,0.0,1300000,0,0.0,1300000,1300000,1399-11-20
831,بتك,كارخانجات كابل سازي‌ تك‌,1,150,5280900,33852,35206,35206,1354,4.0,33853,1,0.0,35206,35206,1399-11-20
832,ضملت3004,اختيارخ وبملت-5000-1400/03/19,1,3,2997000,1,999,999,998,99800.0,999,998,99800.0,999,999,1399-11-20
833,آوا2,صندوق س.سهام آواي معيار-س,1,5000000,5000000,8501,1,1,-8500,-99.99,1,-8500,-99.99,1,1,1399-11-20
834,ضغدر3000,اختيارخ وغدير-6200-1400/03/26,1,3,15750000,4405,5250,5250,845,19.18,5250,845,19.18,5250,5250,1399-11-20
835,ضملت3001,اختيارخ وبملت-3500-1400/03/19,1,10,9500000,550,950,950,400,72.73,950,400,72.73,950,950,1399-11-20
836,وهنر2,گروه توسعه هنر ايران,1,9000000,87165000000,9224,9685,9685,461,5.0,9685,461,5.0,9685,9685,1399-11-20
837,پارسا306,صكوك اجاره پارسيان-6ماهه16%,1,200,183262000,929657,916310,916310,-13347,-1.44,916310,-13347,-1.44,916310,916310,1399-11-20
838,وپارس2,بانك‌پارسيان‌,1,71940641,217260735820,2940,3020,3020,80,2.72,3020,80,2.72,3020,3020,1399-11-20
839,فجوش,جوش‌ و اكسيژن‌ ايران‌,1,5000,8035000,1531,1607,1607,76,4.96,1531,0,0.0,1607,1607,1399-11-20
840,ضفار3001,اختيارخ فارس-9000-1400/03/05,1,5,10000000,1973,2000,2000,27,1.37,2000,27,1.37,2000,2000,1399-11-20
841,ضپيك2009,اختيارخ تاپيكو-10000-00/02/19,1,5,12750000,2900,2550,2550,-350,-12.07,2550,-350,-12.07,2550,2550,1399-11-20
842,اخزا723,اسنادخزانه-م23بودجه97-000824,1,71,61779585,869297,870135,870135,838,0.1,870135,838,0.1,870135,870135,1399-11-20
843,همراه2,شركت ارتباطات سيار ايران,1,2529690,66505550100,26290,26290,26290,0,0.0,26290,0,0.0,26290,26290,1399-11-20
844,اشاد10,مشاركت دولتي10-شرايط خاص001226,1,100,96890000,960000,968900,968900,8900,0.93,968900,8900,0.93,968900,968900,1399-11-20
845,ونوين2,بانك‌اقتصادنوين‌,1,11092499,43593521070,3800,3930,3930,130,3.42,3930,130,3.42,3930,3930,1399-11-20
846,وسينا2,بانك سينا,1,18847383,66154314330,3540,3510,3510,-30,-0.85,3510,-30,-0.85,3510,3510,1399-11-20
847,اخزا9072,اسنادخزانه-م7بودجه99-020704,1,386734,238228144000,612903,616000,616000,3097,0.51,616000,3097,0.51,616000,616000,1399-11-20
848,تملي806,تسهيلات مسكن ب. ملي-شهريور98,1,7,5119856,769903,731408,731408,-38495,-5.0,731408,-38495,-5.0,731408,731408,1399-11-20
849,اراد55,مرابحه عام دولت5-ش.خ 0209,1,3000,2880000000,950000,960000,960000,10000,1.05,960000,10000,1.05,960000,960000,1399-11-20
850,شلرد02,كود شيميايي اوره لردگان,1,10,9930000,993000,993000,993000,0,0.0,993000,0,0.0,993000,993000,1399-11-20
851,عفولاد3,اوراق سلف موازي ورق گرم فولاد,1,10,8350660,829280,835066,835066,5786,0.7,835066,5786,0.7,835066,835066,1399-11-20
852,فملي2,ملي‌ صنايع‌ مس‌ ايران‌,1,5000000,52100000000,9930,10420,10420,490,4.93,10420,490,4.93,10420,10420,1399-11-20
853,شستا994,اجاره تامين اجتماعي-نوين991226,1,26,25831000,993500,993500,993500,0,0.0,993500,0,0.0,993500,993500,1399-11-20
854,شستا003,اجاره تامين اجتماعي-سپهر000523,1,90,89100000,990001,990000,990000,-1,0.0,990000,-1,0.0,990000,990000,1399-11-20
855,ضصاد3003,اختيارخ وبصادر-3000-1400/03/12,1,1,488000,399,488,488,89,22.31,488,89,22.31,488,488,1399-11-20
856,اراد604,مرابحه عام دولتي6-ش.خ0210,1,3300000,3024492900000,927000,916513,916513,-10487,-1.13,916513,-10487,-1.13,916513,916513,1399-11-20
857,اراد544,مرابحه عام دولت5-ش.خ 0109,1,3000000,2853900000000,964500,951300,951300,-13200,-1.37,951300,-13200,-1.37,951300,951300,1399-11-20
858,فنوال2,نورد آلومينيوم‌,1,18000000,471600000000,27510,26200,26200,-1310,-4.76,26200,-1310,-4.76,26200,26200,1399-11-20
859,اراد374,مرابحه عام دولت3-ش.خ 0005,1,500000,495916500000,1049977,991833,991833,-58144,-5.54,991833,-58144,-5.54,991833,991833,1399-11-20
860,ضترا3000,اختيارخ شتران-6000-1400/03/09,1,2,7800000,2450,3900,3900,1450,59.18,3900,1450,59.18,3900,3900,1399-11-20
861,تصميم2,صندوق س با درآمد ثابت تصميم,1,1000000,1000000,15581,1,1,-15580,-99.99,1,-15580,-99.99,1,1,1399-11-20
862,اراد494,مرابحه عام دولت4-ش.خ 0206,1,5920000,5573046560000,983405,941393,941393,-42012,-4.27,941393,-42012,-4.27,941393,941393,1399-11-20
863,وپاسار2,بانك  پاسارگاد,1,5000000,60250000000,11950,12050,12050,100,0.84,12050,100,0.84,12050,12050,1399-11-20
864,زعف0008پ12,زعفران0008پوشالمعمول سحرخيز(پ),1,65,5252000,82999,80800,80800,-2199,-2.65,80800,-2199,-2.65,80800,80800,1399-11-20
865,اراد534,مرابحه عام دولت5-ش.خ 0207,1,4755000,4502985000000,958293,947000,947000,-11293,-1.18,947000,-11293,-1.18,947000,947000,1399-11-20
866,اراد364,مرابحه عام دولت3-ش.خ 0104,1,550000,523490000000,950400,951800,951800,1400,0.15,951800,1400,0.15,951800,951800,1399-11-20
867,اراد22,مرابحه عام دولت2-ش.خ لوتوس0212,1,3000,2940000000,990000,980000,980000,-10000,-1.01,980000,-10000,-1.01,980000,980000,1399-11-20
868,شپنا2,پالايش نفت اصفهان,1,350000000,3752000000000,11170,10720,10720,-450,-4.03,10720,-450,-4.03,10720,10720,1399-11-20
869,اراد404,مرابحه عام دولت4-ش.خ 0207,1,3500000,3289573000000,999000,939878,939878,-59122,-5.92,939878,-59122,-5.92,939878,939878,1399-11-20
870,زير0003پ04,زيره سبز0003شركت مينوبذر(پ),1,95,46550000,482463,490000,490000,7537,1.56,490000,7537,1.56,490000,490000,1399-11-20
