,نماد,نام,تعداد,حجم,ارزش,دیروز,اولین,آخرین معامله - مقدار,آخرین معامله - تغییر,آخرین معامله - درصد,قیمت پایانی - مقدار,قیمت پایانی - تغییر,قیمت پایانی - درصد,کمترین,بیشترین,تاریخ
0,وسپهر,سرمايه گذاري مالي سپهرصادرات,344244,666969554,7766965988581,11093,11647,11647,554,4.99,11645,552,4.98,10539,11647,1399-7-7
1,دارا يكم,صندوق واسطه گري مالي يكم-سهام,54241,18721876,3341771823050,196490,186000,176850,-19640,-10.0,178500,-17990,-9.16,176850,187000,1399-7-7
2,شاروم,پتروشيمي اروميه,39979,638585,9646465010,14387,15106,15106,719,5.0,14516,129,0.9,15106,15106,1399-7-7
3,ولپارس,ليزينگ پارسيان,26353,2648268,11175690960,4020,4220,4220,200,4.98,4050,30,0.75,4220,4220,1399-7-7
4,رافزا,رايان هم افزا,24271,141613,4448205943,29916,31411,31411,1495,5.0,30041,125,0.42,31411,31411,1399-7-7
5,آريا,پليمر آريا ساسول,19456,5767383,989543676610,180596,171567,173500,-7096,-3.93,171576,-9020,-4.99,171567,174013,1399-7-7
6,تاپيكو,س. نفت و گاز و پتروشيمي تأمين,10716,89026189,1825837866140,21460,20450,20850,-610,-2.84,20510,-950,-4.43,20390,21450,1399-7-7
7,غگيلا,شيرپاستوريزه پگاه گيلان,7805,112247,1838269119,15598,16377,16377,779,4.99,15625,27,0.17,16377,16377,1399-7-7
8,فولاد,فولاد مباركه اصفهان,6796,85670776,1536077013680,18870,17930,17930,-940,-4.98,17930,-940,-4.98,17930,17930,1399-7-7
9,شصدف,صنعتي دوده فام,6764,3138337,63830636243,19371,20339,20339,968,5.0,20339,968,5.0,20339,20339,1399-7-7
10,غپينو,پارس‌ مينو,5879,45233277,265990665240,5700,5900,5980,280,4.91,5880,180,3.16,5510,5980,1399-7-7
11,وبملت,بانك ملت,5330,135557576,736096993290,5710,5430,5430,-280,-4.9,5430,-280,-4.9,5430,5460,1399-7-7
12,پترول,گروه پتروشيمي س. ايرانيان,5321,22810116,381841341840,17620,16740,16740,-880,-4.99,16740,-880,-4.99,16740,16740,1399-7-7
13,بكهنوج,توليد برق ماهتاب كهنوج,5313,9306906,558827431917,59640,56658,62622,2982,5.0,60044,404,0.68,56658,62622,1399-7-7
14,وخارزم,سرمايه گذاري خوارزمي,5051,87482592,934537405920,11240,10680,10680,-560,-4.98,10680,-560,-4.98,10680,10970,1399-7-7
15,تسه9906,امتياز تسهيلات مسكن شهريور99,5043,116209,96993453562,876806,860000,832966,-43840,-5.0,834647,-42159,-4.81,832966,860000,1399-7-7
16,شتران,پالايش نفت تهران,4449,15799303,352640442960,23490,22320,22320,-1170,-4.98,22320,-1170,-4.98,22320,22320,1399-7-7
17,فملي,ملي‌ صنايع‌ مس‌ ايران‌,4129,29529645,862265634000,30730,29200,29200,-1530,-4.98,29200,-1530,-4.98,29200,29200,1399-7-7
18,زملارد,كشاورزي و دامپروري ملارد شير,3665,1329589,62218307375,48649,47920,46217,-2432,-5.0,46795,-1854,-3.81,46217,47920,1399-7-7
19,آگاس,صندوق س.هستي بخش آگاه-س,3372,7604813,532822783541,73117,71500,69501,-3616,-4.95,70064,-3053,-4.18,69481,71999,1399-7-7
20,تليسه,دامداري تليسه نمونه,3332,2070800,119419619080,57821,54930,60500,2679,4.63,57668,-153,-0.26,54930,60629,1399-7-7
21,وتجارت,بانك تجارت,3181,91732050,257767060500,2950,2810,2810,-140,-4.75,2810,-140,-4.75,2810,2810,1399-7-7
22,خودرو,ايران‌ خودرو,3030,94669465,249927387600,2770,2640,2640,-130,-4.69,2640,-130,-4.69,2640,2640,1399-7-7
23,زاگرس,پتروشيمي زاگرس,3006,4822252,801792415796,172681,164047,173500,819,0.47,166269,-6412,-3.71,164047,175000,1399-7-7
24,سصوفي,سيمان‌ صوفيان‌,2989,10711156,147140835780,20030,13400,14070,-5960,-29.76,13740,-6290,-31.4,12730,14070,1399-7-7
25,كگل,معدني و صنعتي گل گهر,2834,31741959,699593272600,23190,22040,22040,-1150,-4.96,22040,-1150,-4.96,22040,22050,1399-7-7
26,وآيند,بانك  آينده,2823,117791242,2940658356530,26005,24965,24965,-1040,-4.0,24965,-1040,-4.0,24965,24965,1399-7-7
27,اخابر,مخابرات ايران,2675,38705891,670387611550,18230,17320,17320,-910,-4.99,17320,-910,-4.99,17320,17330,1399-7-7
28,كمند,صندوق س. با درآمد ثابت كمند,2647,117291081,1191842562950,10140,10150,10160,20,0.2,10160,20,0.2,10140,10190,1399-7-7
29,وسخراج,شركت س استان خراسان جنوبي,2510,87947800,209471294780,2320,2430,2210,-110,-4.74,2380,60,2.59,2210,2430,1399-7-7
30,افق,فروشگاههاي زنجيره اي افق كوروش,2423,1410912,105181786060,75400,73500,74400,-1000,-1.33,74550,-850,-1.13,71720,77400,1399-7-7
31,ثاصفا,شركت‌ ساختمان‌ اصفهان‌,2401,5264647,165615068876,31019,31949,30940,-79,-0.25,31458,439,1.42,30089,31949,1399-7-7
32,ثباغ,شهر سازي و خانه سازي باغميشه,2263,14666951,290799321782,20089,19500,20530,441,2.2,19827,-262,-1.3,19500,20860,1399-7-7
33,غصينو,صنعتي مينو,2035,6887185,230945267066,32581,33558,33558,977,3.0,33533,952,2.92,32649,33558,1399-7-7
34,ثاميد,توسعه و عمران اميد,2028,13520766,34207537980,2660,2530,2530,-130,-4.89,2570,-90,-3.38,2530,2530,1399-7-7
35,اعتماد,صندوق س.اعتماد آفرين پارسيان-د,2027,73601160,2396941430300,32554,32564,32565,11,0.03,32567,13,0.04,32562,32575,1399-7-7
36,ونوين,بانك‌اقتصادنوين‌,1991,85473649,345487794780,4250,4040,4200,-50,-1.18,4040,-210,-4.94,4040,4200,1399-7-7
37,امين يكم,صندوق درآمد ثابت امين يكم فردا,1980,71082728,736422466000,10330,10340,10370,40,0.39,10360,30,0.29,10330,10380,1399-7-7
38,ارزش,صندوق س ارزش آفرين بيدار-سهام,1962,11781349,124038761460,11230,10700,10600,-630,-5.61,10530,-700,-6.23,10450,10900,1399-7-7
39,تسه9905,امتياز تسهيلات مسكن مرداد99,1913,24295,20281342963,837512,879387,831000,-6512,-0.78,834795,-2717,-0.32,820000,879387,1399-7-7
40,سباقر,سيمان باقران,1833,7864935,144081757468,18786,19000,18300,-486,-2.59,18320,-466,-2.48,18223,19320,1399-7-7
41,ثعتما,س. ساختماني اعتماد گستر,1829,6443636,239599659695,36491,37585,35397,-1094,-3.0,37184,693,1.9,35397,37585,1399-7-7
42,پاكشو,گروه صنعتي پاكشو,1814,4094212,264667956500,74260,64000,67200,-7060,-9.51,64640,-9620,-12.95,60800,67200,1399-7-7
43,نوري,پتروشيمي نوري,1803,2529512,424459267630,176630,167800,167800,-8830,-5.0,167800,-8830,-5.0,167800,169900,1399-7-7
44,وتوس,توسعه‌شهري‌توس‌گستر,1788,13233744,332509240160,26440,25120,25130,-1310,-4.95,25130,-1310,-4.95,25120,25970,1399-7-7
45,كاوه,فولاد كاوه جنوب كيش,1752,23945584,492165642600,25100,20200,21210,-3890,-15.5,20550,-4550,-18.13,20100,21210,1399-7-7
46,رمپنا,گروه مپنا (سهامي عام),1602,20978423,579849838400,29090,27640,27640,-1450,-4.98,27640,-1450,-4.98,27640,27920,1399-7-7
47,فارس,صنايع پتروشيمي خليج فارس,1567,14526282,444358966380,32190,30590,30590,-1600,-4.97,30590,-1600,-4.97,30590,30590,1399-7-7
48,وملل,اعتباري ملل,1512,23303445,293901196296,12856,13000,12860,4,0.03,12612,-244,-1.9,12214,13000,1399-7-7
49,كترام,توليدي‌ كاشي‌ تكسرام‌,1511,5799102,103650643130,20660,18000,17700,-2960,-14.33,17870,-2790,-13.5,17100,18690,1399-7-7
50,ذوب,سهامي ذوب آهن  اصفهان,1494,18498314,95802768206,5451,5179,5179,-272,-4.99,5203,-248,-4.55,5179,5179,1399-7-7
51,بنو,بيمه تجارت نو,1494,18490212,503654641424,28631,27200,27205,-1426,-4.98,27239,-1392,-4.86,27200,28631,1399-7-7
52,وخاور,بانك خاورميانه,1474,23670697,240805657320,10540,10050,10540,0,0.0,10170,-370,-3.51,10020,11000,1399-7-7
53,سرو,صندوق س سروسودمند مدبران-سهام,1472,2139089,133942180680,66270,64800,62020,-4250,-6.41,62620,-3650,-5.51,61590,64800,1399-7-7
54,تماوند,تامين سرمايه دماوند,1447,15616817,184714551817,12218,12020,12101,-117,-0.96,11828,-390,-3.19,11608,12220,1399-7-7
55,خساپا,سايپا,1430,32476630,73397183800,2370,2260,2260,-110,-4.64,2300,-70,-2.95,2260,2260,1399-7-7
56,شغدير,پتروشيمي غدير,1400,5636770,264802342072,49285,46821,47200,-2085,-4.23,46978,-2307,-4.68,46821,49500,1399-7-7
57,طلا,صندوق س.پشتوانه طلاي لوتوس,1391,605080,66094419318,111711,112201,108600,-3111,-2.78,109233,-2478,-2.22,108000,112201,1399-7-7
58,قرن,پديده شيمي قرن,1382,2399746,120362391410,52750,50250,50130,-2620,-4.97,50160,-2590,-4.91,50120,52750,1399-7-7
59,پترولح,ح . گروه پتروشيمي س. ايرانيان,1315,9796485,141433004340,15970,14660,14370,-1600,-10.02,14440,-1530,-9.58,14370,14890,1399-7-7
60,شصدفح,ح . صنعتي دوده فام,1291,1165206,21864378122,19710,19120,18725,-985,-5.0,18764,-946,-4.8,18725,19379,1399-7-7
61,دي,بانك دي,1290,2080598,106480844444,53871,51178,51178,-2693,-5.0,51178,-2693,-5.0,51178,51178,1399-7-7
62,جم,پتروشيمي جم,1269,6912135,333394284290,50330,47820,49950,-380,-0.76,48230,-2100,-4.17,47820,49990,1399-7-7
63,آوا,صندوق س.سهام آواي معيار-س,1245,5999901,56254750829,10038,9850,9270,-768,-7.65,9376,-662,-6.59,9250,9850,1399-7-7
64,فسپا,گروه‌صنعتي‌سپاهان‌,1236,7139857,272076916720,40090,38090,38090,-2000,-4.99,38110,-1980,-4.94,38090,39000,1399-7-7
65,وسبحان,سرمايه گذاري سبحان,1234,9033235,79681980514,9241,8800,8909,-332,-3.59,8821,-420,-4.54,8779,9180,1399-7-7
66,وغدير,سرمايه‌گذاري‌غدير(هلدينگ‌,1178,15698942,256049744020,17160,16310,16310,-850,-4.95,16310,-850,-4.95,16310,16310,1399-7-7
67,سيتا,سرمايه گذاري سيمان تامين,1168,1435486,27618750640,20250,19240,19240,-1010,-4.99,19920,-330,-1.63,19240,19240,1399-7-7
68,صبا,سرمايه گذاري صبا تامين,1162,3288384,40361625216,12919,12274,12274,-645,-4.99,12701,-218,-1.69,12274,12274,1399-7-7
69,سرچشمه,سرمايه گذاري مس سرچشمه,1143,13667339,129140081906,9944,9447,9447,-497,-5.0,9449,-495,-4.98,9447,9700,1399-7-7
70,شبندر,پالايش نفت بندرعباس,1137,3818233,151011115150,41630,39550,39550,-2080,-5.0,39550,-2080,-5.0,39550,39550,1399-7-7
71,وگردش,بانك گردشگري,1134,47633118,959521752247,20767,20144,20144,-623,-3.0,20144,-623,-3.0,20144,20145,1399-7-7
72,وسينا,بانك سينا,1127,23874709,237078842330,10450,9930,9930,-520,-4.98,9930,-520,-4.98,9930,9950,1399-7-7
73,فپنتا,سپنتا,1121,264730,83516630060,307800,323190,323190,15390,5.0,315480,7680,2.5,292410,323190,1399-7-7
74,شپنا,پالايش نفت اصفهان,1115,5798474,147745117520,26820,25480,25480,-1340,-5.0,25480,-1340,-5.0,25480,25480,1399-7-7
75,پارس,پتروشيمي پارس,1110,980317,158449641920,165550,157280,168500,2950,1.78,161630,-3920,-2.37,157280,168500,1399-7-7
76,پارسيانح,ح.بيمه پارسيان,1078,2952677,26171789119,3758,8200,9020,5262,140.02,8864,5106,135.87,8050,9020,1399-7-7
77,كساوه,صنايع‌ كاشي‌ و سراميك‌ سينا,1071,1680489,71202371950,42360,42360,43010,650,1.53,42370,10,0.02,40250,44400,1399-7-7
78,وسكاب,س.ص.بازنشستگي كاركنان بانكها,1057,14342132,90248319730,6610,6360,6280,-330,-4.99,6290,-320,-4.84,6280,6480,1399-7-7
79,تكشا,گسترش‌صنايع‌وخدمات‌كشاورزي‌,1036,1260696,107883404380,87310,85500,86000,-1310,-1.5,85570,-1740,-1.99,83100,87900,1399-7-7
80,مارون,پتروشيمي مارون,955,845025,115416262696,142671,135538,142700,29,0.02,136583,-6088,-4.27,135538,143490,1399-7-7
81,شپاكسا,پاكسان‌,952,2642782,66214019350,25920,26000,24630,-1290,-4.98,25050,-870,-3.36,24630,27000,1399-7-7
82,شخارك,پتروشيمي‌ خارك‌,907,3804125,179720928890,49310,46850,47700,-1610,-3.27,47240,-2070,-4.2,46850,49100,1399-7-7
83,عيار,صندوق س. پشتوانه طلاي مفيد,903,767463,28803219730,38485,38000,37200,-1285,-3.34,37530,-955,-2.48,37100,38900,1399-7-7
84,فروي,ذوب روي اصفهان,901,684194,40127293906,61735,58649,58649,-3086,-5.0,59125,-2610,-4.23,58649,58649,1399-7-7
85,سپ,پرداخت الكترونيك سامان كيش,877,2460679,49054690700,20650,20650,20000,-650,-3.15,19940,-710,-3.44,19640,20850,1399-7-7
86,شگويا,پتروشيمي تندگويان,875,1838505,30430934760,17423,16552,16552,-871,-5.0,17195,-228,-1.31,16552,16552,1399-7-7
87,پارند,صندوق س. پارند پايدار سپهر,864,30259118,359627397910,11870,11870,11930,60,0.51,11880,10,0.08,11850,11930,1399-7-7
88,تسه9903,امتياز تسهيلات مسكن خرداد99,814,7741,6448548042,873967,845000,830269,-43698,-5.0,833038,-40929,-4.68,830269,850000,1399-7-7
89,مداران,داده‌پردازي‌ايران‌,801,1566283,45050909520,27860,29230,29250,1390,4.99,28660,800,2.87,26470,29250,1399-7-7
90,اپرداز,آتيه داده پرداز,787,2075262,54069990413,27062,25830,25709,-1353,-5.0,26055,-1007,-3.72,25709,27750,1399-7-7
91,آتيمس,صندوق س.آرمان آتيه درخشان مس-س,781,571341,126353578521,229829,228000,218050,-11779,-5.13,221153,-8676,-3.77,216001,228000,1399-7-7
92,شفن,پتروشيمي فناوران,766,727945,224540291120,320020,304020,320000,-20,-0.01,308460,-11560,-3.61,304020,330000,1399-7-7
93,پكرمان,گروه‌ صنعتي‌ بارز,762,3921185,76278109910,20230,19700,19240,-990,-4.89,19450,-780,-3.86,19220,20230,1399-7-7
94,اتكام,شركت بيمه اتكايي امين,755,8131316,60172554648,7780,7410,7450,-330,-4.24,7400,-380,-4.88,7391,7599,1399-7-7
95,كمرجان,بازرگاني و توليدي مرجان كار,724,1691809,72636051758,40939,42900,42985,2046,5.0,42934,1995,4.87,42000,42985,1399-7-7
96,كگازح,ح . شيشه‌ و گاز,712,1595101,22190401950,14970,14000,13890,-1080,-7.21,13910,-1060,-7.08,13620,14980,1399-7-7
97,فيروزه,صندوق شاخص30 شركت فيروزه- سهام,694,435771,79702542920,197220,195500,181280,-15940,-8.08,182900,-14320,-7.26,180190,195500,1399-7-7
98,بجهرم,توسعه مولد نيروگاهي جهرم,692,6132070,23105639760,3966,3768,3768,-198,-4.99,3862,-104,-2.62,3768,3768,1399-7-7
99,تيپيكو,سرمايه گذاري دارويي تامين,682,2141509,118362368070,58170,55270,55280,-2890,-4.97,55270,-2900,-4.99,55270,55380,1399-7-7
100,كويرح,ح. توليدي فولاد سپيد فراب كوير,680,4789983,41767437390,9630,9100,8670,-960,-9.97,8720,-910,-9.45,8670,9100,1399-7-7
101,كيان,صندوق س. با درآمد ثابت كيان,674,22121728,560625017590,25310,25330,25340,30,0.12,25340,30,0.12,25330,25370,1399-7-7
102,زر,صندوق س.پشتوانه سكه طلاي زر,672,401048,24891976485,63082,62502,62200,-882,-1.4,62067,-1015,-1.61,61001,64100,1399-7-7
103,تملت,تامين سرمايه بانك ملت,663,3636517,35783327280,10350,9840,9840,-510,-4.93,9930,-420,-4.06,9840,9840,1399-7-7
104,ونفت,سرمايه‌گذاري‌ صنعت‌ نفت‌,657,4186679,51775206380,13010,12360,12390,-620,-4.77,12370,-640,-4.92,12360,12900,1399-7-7
105,پارسان,گسترش نفت و گاز پارسيان,641,7750009,200492732830,27230,25870,25870,-1360,-4.99,25870,-1360,-4.99,25870,25870,1399-7-7
106,جم پيلن,پلي پروپيلن جم - جم پيلن,638,1465681,135480796360,96910,92070,94000,-2910,-3.0,92440,-4470,-4.61,92070,97500,1399-7-7
107,شپديس,پتروشيمي پرديس,633,2376204,257675792850,114140,108440,108440,-5700,-4.99,108440,-5700,-4.99,108440,109430,1399-7-7
108,وتوكاح,ح . ‌توكافولاد(هلدينگ‌,631,4173589,37585580833,9973,9130,8980,-993,-9.96,9006,-967,-9.7,8980,9500,1399-7-7
109,كاردان,صندوق س تجارت شاخصي كاردان,628,303692,55694612210,194250,187000,183120,-11130,-5.73,183390,-10860,-5.59,180100,188000,1399-7-7
110,امين,تامين سرمايه امين,622,975201,12580092900,13570,12900,12900,-670,-4.94,13390,-180,-1.33,12900,12900,1399-7-7
111,تنوين,تامين سرمايه نوين,617,7069255,68576712580,10210,9700,9700,-510,-5.0,9700,-510,-5.0,9700,9720,1399-7-7
112,وپارس,بانك‌پارسيان‌,610,24738577,90543191820,3850,3660,3660,-190,-4.94,3680,-170,-4.42,3660,3660,1399-7-7
113,واميد,گروه مديريت سرمايه گذاري اميد,589,3085056,130154143530,43730,41550,43730,0,0.0,42190,-1540,-3.52,41550,43760,1399-7-7
114,اطلس,صندوق س.توسعه اندوخته آينده-س,577,213763,40867522600,200179,196720,190002,-10177,-5.08,191181,-8998,-4.49,189000,196720,1399-7-7
115,سقاين,سيمان‌ قائن‌,571,648539,27240421760,41980,39890,43490,1510,3.6,41990,10,0.02,39890,44070,1399-7-7
116,تسه9812,امتياز تسهيلات مسكن اسفند98,553,8365,7105286537,874825,890000,831084,-43741,-5.0,849407,-25418,-2.91,831084,890000,1399-7-7
117,داناح,ح . بيمه دانا,533,19467562,92523477000,5280,5180,4750,-530,-10.04,4750,-530,-10.04,4750,5180,1399-7-7
118,وساخت,سرمايه‌ گذاري‌ ساختمان‌ايران‌,533,2712225,103534442280,40170,38180,38170,-2000,-4.98,38170,-2000,-4.98,38170,38990,1399-7-7
119,شاراك,پتروشيمي شازند,514,3871520,93924566510,25530,24260,24260,-1270,-4.97,24260,-1270,-4.97,24260,24650,1399-7-7
120,واحصا,احياء صنايع خراسان,512,1849950,31569517508,16702,17203,17203,501,3.0,17065,363,2.17,16210,17203,1399-7-7
121,سامان,بانك سامان,491,12678537,153296190867,12464,12091,12091,-373,-2.99,12091,-373,-2.99,12091,12091,1399-7-7
122,ذوب تبعي9912,اختيارف.تبعي ذوب991224,485,941923,1601269100,1500,1700,1700,200,13.33,1700,200,13.33,1700,1700,1399-7-7
123,ثبهساز,بهساز كاشانه تهران,484,2816043,10363038240,3870,3680,3680,-190,-4.91,3830,-40,-1.03,3680,3680,1399-7-7
124,رتاپ,تجارت الكترونيك  پارسيان,477,1790299,11554769640,6780,6450,6450,-330,-4.87,6640,-140,-2.06,6450,6600,1399-7-7
125,فخاسح,ح . فولاد خراسان,473,1138828,31450806040,30630,28880,27570,-3060,-9.99,27620,-3010,-9.83,27570,28880,1399-7-7
126,تاصيكو,سرمايه گذاري صدرتامين,463,6636064,79566407360,12620,11990,11990,-630,-4.99,12190,-430,-3.41,11990,11990,1399-7-7
127,افق ملت,صندوق س در سهام افق ملت,462,313887,43953534370,144370,144000,140000,-4370,-3.03,140030,-4340,-3.01,139400,144000,1399-7-7
128,پارسيان,بيمه پارسيان,460,3464802,37760245790,11360,11560,10800,-560,-4.93,11020,-340,-2.99,10800,11560,1399-7-7
129,تسه9902,امتياز تسهيلات مسكن ارديبهشت99,459,6742,5674318777,881418,850000,837348,-44070,-5.0,841637,-39781,-4.51,837348,856675,1399-7-7
130,فخوز,فولاد  خوزستان,448,2153103,88858560810,43440,41270,41270,-2170,-5.0,41270,-2170,-5.0,41270,41270,1399-7-7
131,كاريس,صندوق س.سپهر كاريزما-س,441,372102,74788262695,210673,207000,200000,-10673,-5.07,200989,-9684,-4.6,200000,207000,1399-7-7
132,شوينده,مديريت صنعت شوينده ت.ص.بهشهر,439,1114786,39724414300,36910,37000,35070,-1840,-4.99,35810,-1100,-2.98,35070,37280,1399-7-7
133,تپولا,مهندسي مرآت پولاد,437,4074880,72219626129,17450,17973,17973,523,3.0,17723,273,1.56,16927,17973,1399-7-7
134,كگهر,سنگ آهن گهرزمين,436,1642285,75242948864,48227,45816,45816,-2411,-5.0,46612,-1615,-3.35,45816,45820,1399-7-7
135,دمعيار,صندوق س. توازن معيار-د,429,21261636,212666622760,10009,10016,10005,-4,-0.04,10002,-7,-0.07,9991,10024,1399-7-7
136,لوتوس,تامين سرمايه لوتوس پارسيان,428,3107445,48699218800,15680,16240,14900,-780,-4.97,15670,-10,-0.06,14900,16240,1399-7-7
137,كچاد,معدني‌وصنعتي‌چادرملو,420,4757531,97529385500,21570,20500,20500,-1070,-4.96,20660,-910,-4.22,20500,20500,1399-7-7
138,وبشهر,توسعه‌ صنايع‌ بهشهر(هلدينگ,419,4145765,67794090960,17210,16350,16350,-860,-5.0,16350,-860,-5.0,16350,16500,1399-7-7
139,تسه9811,امتياز تسهيلات مسكن بهمن98,416,4175,3477723129,874562,850000,830834,-43728,-5.0,832988,-41574,-4.75,830834,850000,1399-7-7
140,تسه9810,امتياز تسهيلات مسكن دي98,413,7517,6257536700,875273,840000,831510,-43763,-5.0,832451,-42822,-4.89,831510,850000,1399-7-7
141,هكوير910,اختيارف ت كوير-16000-99/10/02,406,2893892,4604182172,1330,1591,1591,261,19.62,1591,261,19.62,1591,1591,1399-7-7
142,تسه9901,امتياز تسهيلات مسكن فروردين99,406,6905,5757710300,873469,845000,830000,-43469,-4.98,833847,-39622,-4.54,829796,846007,1399-7-7
143,سكه0012پ01,سكه تمام بهارتحويلي 1روزه رفاه,402,154300,205857187700,1319243,1330000,1333400,14157,1.07,1334136,14893,1.13,1325000,1344000,1399-7-7
144,شبريز,پالايش نفت تبريز,400,3084401,98299859870,33540,31870,31870,-1670,-4.98,31870,-1670,-4.98,31870,31870,1399-7-7
145,شپارسح,ح . بين‌ المللي‌محصولات پارس‌,397,1253829,12535692412,11057,10130,9950,-1107,-10.01,9998,-1059,-9.58,9950,10500,1399-7-7
146,خگستر,گسترش‌سرمايه‌گذاري‌ايران‌خودرو,394,2267550,10544107500,4890,4650,4650,-240,-4.91,4860,-30,-0.61,4650,4650,1399-7-7
147,ارفع,شركت آهن و فولاد ارفع,392,8668077,168472744572,20458,19436,19436,-1022,-5.0,19436,-1022,-5.0,19436,19436,1399-7-7
148,بفجر,فجر انرژي خليج فارس,392,3285408,93758659750,29940,28450,28450,-1490,-4.98,28540,-1400,-4.68,28450,29950,1399-7-7
149,غسالم,سالمين‌,392,2075153,8570381890,4340,4130,4130,-210,-4.84,4300,-40,-0.92,4130,4130,1399-7-7
150,درهآور,دارويي ره آورد تامين,389,600646,16729798778,29279,27816,27816,-1463,-5.0,28767,-512,-1.75,27816,28760,1399-7-7
151,شبهرن,نفت‌ بهران‌,380,832077,47303577450,59840,56850,56850,-2990,-5.0,57450,-2390,-3.99,56850,56850,1399-7-7
152,سيمرغ,سيمرغ,378,1400314,28338961620,21290,20250,20230,-1060,-4.98,20680,-610,-2.87,20230,20300,1399-7-7
153,وپاسار,بانك  پاسارگاد,368,4221680,39683792000,9890,9400,9400,-490,-4.95,9710,-180,-1.82,9400,9400,1399-7-7
154,توريل,توکاريل,366,1896603,34503001776,17326,18192,18192,866,5.0,17873,547,3.16,18192,18192,1399-7-7
155,خراسان,پتروشيمي خراسان,365,521627,45329985400,91470,86900,86900,-4570,-5.0,88140,-3330,-3.64,86900,89900,1399-7-7
156,دماوند,توليد نيروي برق دماوند,365,1129590,68594352750,63921,60725,60725,-3196,-5.0,60725,-3196,-5.0,60725,60725,1399-7-7
157,آساس,صندوق س.آسمان آرماني سهام-س,360,453573,71284271251,164212,164100,156000,-8212,-5.0,157162,-7050,-4.29,153015,164100,1399-7-7
158,ختورح,ح . رادياتور ايران‌,357,1175016,25638822650,24200,21820,21780,-2420,-10.0,21820,-2380,-9.83,21780,22000,1399-7-7
159,تسه9904,امتياز تسهيلات مسكن تير99,353,4347,3688065630,891646,851100,847064,-44582,-5.0,848416,-43230,-4.85,847064,851100,1399-7-7
160,سيدكو,سرمايه گذاري توسعه صنايع سيمان,352,4581195,30614527200,7030,6680,6680,-350,-4.98,6800,-230,-3.27,6680,6900,1399-7-7
161,وتوسم,سرمايه‌گذاري‌توسعه‌ملي‌,352,3492578,43221934630,13020,12440,12370,-650,-4.99,12420,-600,-4.61,12370,12930,1399-7-7
162,اتكاي,بيمه اتكايي ايرانيان,350,1508756,22744541743,14945,15110,15000,55,0.37,15003,58,0.39,14752,15499,1399-7-7
163,دارا,صندوق س. دارا الگوريتم-د,347,8331952,83654816625,10039,10045,10040,1,0.01,10040,1,0.01,10038,10045,1399-7-7
164,غفارس,شير پاستوريزه پگاه فارس,343,1257201,11849850290,9848,9360,9356,-492,-5.0,9742,-106,-1.08,9356,9968,1399-7-7
165,شيران,س. صنايع‌شيميايي‌ايران,336,3365048,93178179120,29140,27690,27690,-1450,-4.98,27690,-1450,-4.98,27690,27690,1399-7-7
166,ومعادن,توسعه‌معادن‌وفلزات‌,334,2289026,38501417320,17700,16820,16820,-880,-4.97,17400,-300,-1.69,16820,16820,1399-7-7
167,تسه9712,امتياز تسهيلات مسكن اسفند97,324,3383,2821270501,865674,826000,827000,-38674,-4.47,833955,-31719,-3.66,822392,865000,1399-7-7
168,چكاپا,گروه صنايع كاغذ پارس,324,2309716,20533375240,9350,8890,8890,-460,-4.92,9140,-210,-2.25,8890,8890,1399-7-7
169,سكه9912پ04,سكه تمام بهارتحويل1روزه صادرات,324,110200,146712805800,1321974,1330000,1322811,837,0.06,1331332,9358,0.71,1322100,1343000,1399-7-7
170,بموتو,موتوژن‌,322,740612,32366605390,45980,43720,43690,-2290,-4.98,44450,-1530,-3.33,43690,45000,1399-7-7
171,كنور,توسعه معدني و صنعتي صبانور,322,1818694,82095849230,47510,45140,45140,-2370,-4.99,45140,-2370,-4.99,45140,45150,1399-7-7
172,غبشهر,صنعتي‌ بهشهر,321,2354610,52526076680,23430,22310,22260,-1170,-4.99,22310,-1120,-4.78,22260,23390,1399-7-7
173,دسبحاح,ح .گروه دارويي سبحان,315,402245,5896367030,14300,15010,14600,300,2.1,14660,360,2.52,14310,15150,1399-7-7
174,تسه9707,امتياز تسهيلات مسكن مهر97,310,3789,3103095610,850436,811000,811900,-38536,-4.53,818975,-31461,-3.7,807915,851739,1399-7-7
175,شگل,گلتاش‌,309,953991,25377278310,27940,26610,26550,-1390,-4.97,27190,-750,-2.68,26550,27460,1399-7-7
176,تسه9708,امتياز تسهيلات مسكن آبان97,307,3436,2845889649,855854,845010,825050,-30804,-3.6,828257,-27597,-3.22,813062,898500,1399-7-7
177,تسه9802,امتياز تسهيلات مسكن ارديبهشت98,307,2904,2415530129,872702,872972,830000,-42702,-4.89,831794,-40908,-4.69,829067,872972,1399-7-7
178,شتولي,تولي‌پرس‌,306,1267937,23210470076,18022,18382,18382,360,2.0,18306,284,1.58,17662,18382,1399-7-7
179,تسه9709,امتياز تسهيلات مسكن آذر97,305,3239,2685278090,863266,863000,825010,-38256,-4.43,829045,-34221,-3.96,821030,863000,1399-7-7
180,غگل,گلوكوزان‌,302,930292,4604945400,5210,4950,4950,-260,-4.99,5180,-30,-0.58,4950,4950,1399-7-7
181,مبين,مبين انرژي خليج فارس,298,2657835,69236681450,27420,26050,26050,-1370,-5.0,26420,-1000,-3.65,26050,26450,1399-7-7
182,بركت,گروه دارويي بركت,298,538857,8055912150,15730,14950,14950,-780,-4.96,15590,-140,-0.89,14950,14950,1399-7-7
183,ومهان,گروه توسعه مالي مهر آيندگان,295,4102038,77955130152,20004,19004,19004,-1000,-5.0,19004,-1000,-5.0,19004,19004,1399-7-7
184,شسپا,نفت سپاهان,294,2437494,51504248220,22240,21130,21130,-1110,-4.99,21130,-1110,-4.99,21130,21130,1399-7-7
185,دتمادح,ح . توليدمواداوليه‌داروپخش‌,285,430187,14577255740,35660,33500,33410,-2250,-6.31,33890,-1770,-4.96,33030,35000,1399-7-7
186,هرمز,فولاد هرمزگان جنوب,277,4447441,57830075323,13687,13003,13003,-684,-5.0,13335,-352,-2.57,13003,13003,1399-7-7
187,تكنار,مجتمع معادن مس تكنار,276,336031,27485057480,79413,81795,81795,2382,3.0,81793,2380,3.0,81500,81795,1399-7-7
188,شلعاب,لعابيران‌,270,461147,4074849840,9290,8830,8960,-330,-3.55,9250,-40,-0.43,8830,9050,1399-7-7
189,وتوكا,سرمايه‌گذاري‌توكافولاد(هلدينگ,264,1628586,19902714610,12830,12210,12190,-640,-4.99,12590,-240,-1.87,12190,12500,1399-7-7
190,كاما,باما,264,79026,10726198980,142870,135730,135730,-7140,-5.0,141460,-1410,-0.99,135730,135730,1399-7-7
191,گوهر,صندوق سكه طلاي كيان,262,106225,7672627545,72825,73990,71690,-1135,-1.56,72230,-595,-0.82,71513,73990,1399-7-7
192,فرابورس,فرابورس ايران,257,689224,40860644840,62405,59285,59285,-3120,-5.0,60485,-1920,-3.08,59285,59285,1399-7-7
193,وصنعت,سرمايه گذاري توسعه صنعت وتجارت,256,1099032,8946120480,8560,8140,8140,-420,-4.91,8470,-90,-1.05,8140,8140,1399-7-7
194,بزاگرسح,ح . نيروگاه زاگرس كوثر,256,2401572,19186176582,8335,8198,7919,-416,-4.99,7989,-346,-4.15,7919,8198,1399-7-7
195,سمگا,گروه سرمايه گذاري ميراث فرهنگي,253,1312727,22095820864,17717,16832,16832,-885,-5.0,17267,-450,-2.54,16832,16832,1399-7-7
196,شكربن,كربن‌ ايران‌,251,1217342,77301217000,60480,63500,63500,3020,4.99,63500,3020,4.99,63500,63500,1399-7-7
197,وصندوق,سرمايه‌گذاري‌صندوق‌بازنشستگي‌,249,5304476,90653494840,17980,17090,17090,-890,-4.95,17260,-720,-4.0,17090,17090,1399-7-7
198,تسه9710,امتياز تسهيلات مسكن دي 97,246,2602,2201229045,867618,872001,824238,-43380,-5.0,845976,-21642,-2.49,824238,900000,1399-7-7
199,حسينا,توسعه خدمات دريايي وبندري سينا,245,2138506,119187847250,56579,53751,53751,-2828,-5.0,55734,-845,-1.49,53751,56579,1399-7-7
200,بپيوند,برق و انرژي پيوندگستر پارس,239,95116,2595049828,28718,27283,27283,-1435,-5.0,28636,-82,-0.29,27283,27283,1399-7-7
201,پخش,پخش البرز,238,647786,19513020918,31439,31400,29868,-1571,-5.0,30892,-547,-1.74,29868,31400,1399-7-7
202,تسه9711,امتياز تسهيلات مسكن بهمن 97,238,1933,1608727020,864116,831000,828000,-36116,-4.18,832244,-31872,-3.69,820912,869000,1399-7-7
203,زعف9908پ10,زعفران9908نگين طلاي سرخ(پ),230,296711,23146983393,81979,77881,77881,-4098,-5.0,78012,-3967,-4.84,77881,79500,1399-7-7
204,كوير,توليدي فولاد سپيد فراب كوير,227,1343454,17142473040,13430,12760,12760,-670,-4.99,13220,-210,-1.56,12760,12760,1399-7-7
205,دتماد,توليدمواداوليه‌داروپخش‌,221,431830,17055364570,41550,39560,39480,-2070,-4.98,40830,-720,-1.73,39480,39800,1399-7-7
206,تسه9808,امتياز تسهيلات مسكن آبان98,215,3490,2906291478,872050,840000,830000,-42050,-4.82,832748,-39302,-4.51,828448,850000,1399-7-7
207,هبركت912,اختيارف ت بركت-22100-99/12/17,206,360000,1479240000,3876,4109,4109,233,6.01,4109,233,6.01,4109,4109,1399-7-7
208,كيان2,صندوق س. با درآمد ثابت كيان,205,20500000,20500000,25310,1,1,-25309,-100.0,1,-25309,-100.0,1,1,1399-7-7
209,شفا,سرمايه گذاري شفادارو,202,111268,6488646770,59950,60000,56960,-2990,-4.99,59740,-210,-0.35,56960,61000,1399-7-7
210,دسبحا,گروه دارويي سبحان,200,378254,6376501220,17490,17490,16700,-790,-4.52,17400,-90,-0.51,16620,17490,1399-7-7
211,شاملاح,ح . معدني‌ املاح‌  ايران‌,200,165995,8696330050,58130,52810,52320,-5810,-9.99,52390,-5740,-9.87,52320,52910,1399-7-7
212,ختوقا,قطعات‌ اتومبيل‌ ايران‌,199,1161659,4332988070,3920,3730,3730,-190,-4.85,3900,-20,-0.51,3730,3730,1399-7-7
213,بذر,صندوق س بذر اميد آفرين-سهام,197,253233,27993917540,113730,113100,110010,-3720,-3.27,110550,-3180,-2.8,106000,113100,1399-7-7
214,سدشت,صنايع سيمان دشتستان,197,122997,4814453370,37510,39380,39380,1870,4.99,37660,150,0.4,35640,39380,1399-7-7
215,بپاس,بيمه پاسارگاد,196,509826,30697643112,63381,60212,60212,-3169,-5.0,62308,-1073,-1.69,60212,60212,1399-7-7
216,دارو,كارخانجات‌داروپخش‌,194,114484,5602581070,51370,49100,48830,-2540,-4.94,51080,-290,-0.56,48810,49200,1399-7-7
217,اخزا815,اسنادخزانه-م15بودجه98-010406,192,261487,192456982937,736472,735950,737000,528,0.07,736010,-462,-0.06,734026,737050,1399-7-7
218,آرمان,بيمه آرمان,191,1947593,10925290706,5501,5611,5611,110,2.0,5587,86,1.56,5392,5611,1399-7-7
219,كاسپين,داروسازي كاسپين تامين,188,389982,9406916592,25390,24121,24121,-1269,-5.0,25135,-255,-1.0,24121,24470,1399-7-7
220,شنفت,نفت‌ پارس‌,185,549408,29832859450,57150,54300,54300,-2850,-4.99,55580,-1570,-2.75,54300,54320,1399-7-7
221,شزنگ,تجهيزنيروي‌زنگان‌,182,231971,20602481750,89064,87283,87284,-1780,-2.0,88815,-249,-0.28,87283,90845,1399-7-7
222,سكه0011پ02,سكه تمام بهارتحويلي 1روزه ملت,180,39800,52891375100,1321158,1359000,1330000,8842,0.67,1328929,7771,0.59,1322511,1359000,1399-7-7
223,ضچاد7020,اختيارخ كچاد-17300-1399/07/07,175,943,826889000,1854,900,772,-1082,-58.36,877,-977,-52.7,600,1490,1399-7-7
224,ياقوت,صندوق س ياقوت آگاه-ثابت,173,5825834,64621802450,11080,11100,11100,20,0.18,11090,10,0.09,11090,11100,1399-7-7
225,دسبحان,سبحان دارو,171,338604,5533626160,17190,16340,16340,-850,-4.94,17090,-100,-0.58,16340,16490,1399-7-7
226,آكورد,صندوق س. آرمان آتي كوثر-د,170,7048296,201946532702,28616,28625,28660,44,0.15,28652,36,0.13,28625,28680,1399-7-7
227,ثپرديسح,ح.سرمايه گذاري مسكن پرديس,170,330353,2431752553,7742,7355,7355,-387,-5.0,7361,-381,-4.92,7355,7680,1399-7-7
228,همراه,شركت ارتباطات سيار ايران,169,1005597,35296454700,36940,35100,35100,-1840,-4.98,36190,-750,-2.03,35100,35100,1399-7-7
229,تسه9806,امتياز تسهيلات مسكن شهريور98,167,2608,2192641852,874173,917881,830465,-43708,-5.0,840737,-33436,-3.82,830465,917881,1399-7-7
230,زكوثر,سرمايه گذاري كشاورزي كوثر,166,889851,19069506930,22550,21430,21430,-1120,-4.97,22070,-480,-2.13,21430,21430,1399-7-7
231,كرماشا,صنايع پتروشيمي كرمانشاه,165,1343677,62171934790,48700,46270,46270,-2430,-4.99,46390,-2310,-4.74,46270,46270,1399-7-7
232,هغدير912,اختيارف ت غدير-17380-99/12/16,164,4800000,4800000,1,1,1,0,0.0,1,0,0.0,1,1,1399-7-7
233,وبيمهح,ح . سرمايه‌ گذاري‌ صنعت‌ بيمه‌,164,1309922,2279264280,1930,1740,1740,-190,-9.84,1740,-190,-9.84,1740,1740,1399-7-7
234,اخزا814,اسنادخزانه-م14بودجه98-010318,163,213133,158343918963,744192,743000,743911,-281,-0.04,742935,-1257,-0.17,742010,744000,1399-7-7
235,فاسمين,كالسيمين‌,152,789489,35479635660,47300,44940,44940,-2360,-4.99,45390,-1910,-4.04,44940,44940,1399-7-7
236,رانفور,خدمات‌انفورماتيك‌,152,1261706,30823477580,25710,24430,24430,-1280,-4.98,25230,-480,-1.87,24430,24430,1399-7-7
237,كرمان,س. توسعه و عمران استان كرمان,146,110759,7814268968,74265,70552,70552,-3713,-5.0,73628,-637,-0.86,70552,70552,1399-7-7
238,آسيا,بيمه آسيا,145,814684,21149196640,27320,25960,25960,-1360,-4.98,26720,-600,-2.2,25960,25960,1399-7-7
239,حفاري,حفاري شمال,145,339200,3375040000,10470,9950,9950,-520,-4.97,10430,-40,-0.38,9950,9950,1399-7-7
240,تايرا,تراكتورسازي‌ايران‌,145,380424,8011729440,22160,21060,21060,-1100,-4.96,21980,-180,-0.81,21060,21060,1399-7-7
241,مفاخر,توسعه فناوري اطلاعات خوارزمي,145,537279,22949335206,44962,42714,42714,-2248,-5.0,43854,-1108,-2.46,42714,42714,1399-7-7
242,كرازي,كارخانجات‌توليدي‌شيشه‌رازي‌,140,505340,8413911000,17520,16650,16650,-870,-4.97,17370,-150,-0.86,16650,16650,1399-7-7
243,حاريا,كشتيراني آريا,140,609332,17748622496,30028,29128,29128,-900,-3.0,29239,-789,-2.63,29128,29128,1399-7-7
244,ضجار7022,اختيارخ وتجارت-2800-1399/07/22,139,2615,434738000,313,310,185,-128,-40.89,166,-147,-46.96,150,310,1399-7-7
245,صايند,صندوق س. گنجينه آينده روشن-د,138,3662480,36917991120,10083,10066,10095,12,0.12,10080,-3,-0.03,10066,10095,1399-7-7
246,هاباد912,اختيارف ت آبادا-30100-99/12/12,136,225000,525825000,2240,2337,2337,97,4.33,2337,97,4.33,2337,2337,1399-7-7
247,اعتلاح,ح سرمايه گذاري اعتلاء البرز,136,449951,2985014285,6981,6632,6632,-349,-5.0,6634,-347,-4.97,6632,6970,1399-7-7
248,غزر,صنعتي زر ماكارون,135,34612,2063567440,62750,59620,59620,-3130,-4.99,62610,-140,-0.22,59620,59620,1399-7-7
249,وآفري,بيمه كارآفرين,135,2334039,41849319270,17408,17930,17930,522,3.0,17930,522,3.0,17930,17930,1399-7-7
250,شلرد,كود شيميايي اوره لردگان,134,1828103,19664903971,11089,10757,10757,-332,-2.99,10920,-169,-1.52,10757,10757,1399-7-7
251,آپ,آسان پرداخت پرشين,133,899290,16888666200,19760,18780,18780,-980,-4.96,18780,-980,-4.96,18780,18780,1399-7-7
252,كاسپينح,ح .داروسازي كاسپين تامين,131,204585,3884993203,19984,18985,18995,-989,-4.95,18990,-994,-4.97,18985,19989,1399-7-7
253,تسه9807,امتياز تسهيلات مسكن مهر98,131,1598,1336214779,829880,855000,830000,120,0.01,836179,6299,0.76,805000,860000,1399-7-7
254,بترانس,ايران‌ ترانسفو,131,195080,7077502400,38180,36280,36280,-1900,-4.98,37930,-250,-0.65,36280,36280,1399-7-7
255,كحافظ,كاشي‌ وسراميك‌ حافظ‌,131,458256,7171706400,16470,15650,15650,-820,-4.98,16350,-120,-0.73,15650,15650,1399-7-7
256,وسپه,سرمايه‌گذاري‌ سپه‌,130,1960076,31302413720,16810,15970,15970,-840,-5.0,16230,-580,-3.45,15970,15970,1399-7-7
257,دلر,داروسازي‌ اكسير,128,111604,10586910880,99850,94880,94860,-4990,-5.0,98730,-1120,-1.12,94860,94900,1399-7-7
258,وبوعلي,سرمايه‌گذاري‌بوعلي‌,128,766511,6821947900,9360,8900,8900,-460,-4.91,9290,-70,-0.75,8900,8900,1399-7-7
259,شرانل,نفت ايرانول,127,380000,9734460000,26965,25617,25617,-1348,-5.0,26677,-288,-1.07,25617,25617,1399-7-7
260,ثاخت,بين‌المللي‌توسعه‌ساختمان,127,622461,2552090100,4310,4100,4100,-210,-4.87,4300,-10,-0.23,4100,4100,1399-7-7
261,انرژي3,سايراشخاص بورس انرژي,127,11220,4132662600,387710,368330,368330,-19380,-5.0,386800,-910,-0.23,368330,368330,1399-7-7
262,خديزل,بهمن  ديزل,125,283485,10929225372,40582,38553,38553,-2029,-5.0,40134,-448,-1.1,38553,38558,1399-7-7
263,اخزا808,اسنادخزانه-م8بودجه98-000817,123,91296,75546995125,828117,825251,827500,-617,-0.07,827495,-622,-0.08,825251,829006,1399-7-7
264,كيميا,معدني كيمياي زنجان گستران,123,156406,3768289758,25361,24093,24093,-1268,-5.0,25257,-104,-0.41,24093,24093,1399-7-7
265,خكرمان,گروه اقتصادي كرمان خودرو,123,725578,4492778976,6517,6192,6192,-325,-4.99,6437,-80,-1.23,6192,6192,1399-7-7
266,اخزا809,اسنادخزانه-م9بودجه98-000923,123,299816,244135559526,814609,812176,816997,2388,0.29,814285,-324,-0.04,812176,816997,1399-7-7
267,فخاس,فولاد خراسان,123,350880,13429985930,40280,38270,38270,-2010,-4.99,39990,-290,-0.72,38270,39000,1399-7-7
268,هبهرن912,اختيارف ت شبهرن-74590-99/12/02,123,57336,530931360,7165,9260,9260,2095,29.24,9260,2095,29.24,9260,9260,1399-7-7
269,زپارس,ملي كشت و صنعت و دامپروري پارس,120,86358,6172058930,75190,71490,71440,-3750,-4.99,74700,-490,-0.65,71440,73400,1399-7-7
270,ثقزوي,شركت عمران و سازندگي قزوين,119,622615,15184957235,23679,24389,24389,710,3.0,24192,513,2.17,24389,24389,1399-7-7
271,خپارس,پارس‌ خودرو,117,335947,2808516920,8790,8360,8360,-430,-4.89,8770,-20,-0.23,8360,8360,1399-7-7
272,ماديرا,صنايع ماشين هاي اداري ايران,116,119005,4288583185,37933,36037,36037,-1896,-5.0,37757,-176,-0.46,36037,36037,1399-7-7
273,وپخش,داروپخش‌ (هلدينگ‌,115,84559,9397214980,116970,111130,111130,-5840,-4.99,115770,-1200,-1.03,111130,112770,1399-7-7
274,ولساپا,ليزينگ رايان‌ سايپا,115,2209807,8353070460,3970,3780,3780,-190,-4.79,3930,-40,-1.01,3780,3780,1399-7-7
275,ساربيل,سيمان آرتا اردبيل,115,57413,6185676620,113410,107740,107740,-5670,-5.0,112670,-740,-0.65,107740,107740,1399-7-7
276,آبادا,توليد نيروي برق آبادان,113,86580,2038093200,24770,23540,23540,-1230,-4.97,24720,-50,-0.2,23540,23540,1399-7-7
277,بكام,كارخانجات توليدي شهيد قندي,113,2279999,14067593830,6490,6170,6170,-320,-4.93,6390,-100,-1.54,6170,6170,1399-7-7
278,وپست,پست بانك ايران,112,1386320,13405714400,10170,9670,9670,-500,-4.92,10020,-150,-1.47,9670,9670,1399-7-7
279,چكارن,كارتن‌ ايران‌,112,478341,1965981510,4320,4110,4110,-210,-4.86,4310,-10,-0.23,4110,4110,1399-7-7
280,سكه0112پ03,سكه تمام بهارتحويلي1روزه سامان,112,22500,29984672100,1320436,1327500,1330000,9564,0.72,1332652,12216,0.93,1325510,1340000,1399-7-7
281,فجر,فولاد اميركبيركاشان,111,1692750,99973815000,62160,59060,59060,-3100,-4.99,59060,-3100,-4.99,59060,59060,1399-7-7
282,صنوين,صندوق سرمايه‌گذاري صنوين-مختلط,110,51229,5670092130,111050,111000,110010,-1040,-0.94,110680,-370,-0.33,110000,111050,1399-7-7
283,بگيلان,توسعه مسير برق گيلان,107,56660,1847116000,34315,32600,32600,-1715,-5.0,34259,-56,-0.16,32600,32600,1399-7-7
284,خمحركه,نيرو محركه‌,107,198429,1644976410,8720,8290,8290,-430,-4.93,8700,-20,-0.23,8290,8290,1399-7-7
285,حريل,ريل پردازسير,107,776658,2886061128,3911,3716,3716,-195,-4.99,3898,-13,-0.33,3716,3716,1399-7-7
286,ضخود1041,اختيارخ خودرو-2500-1399/10/07,106,2887,1491509000,705,520,500,-205,-29.08,517,-188,-26.67,500,790,1399-7-7
287,شكلر,نيروكلر,106,213984,8520842880,41910,39820,39820,-2090,-4.99,41510,-400,-0.95,39820,39820,1399-7-7
288,اخزا817,اسنادخزانه-م17بودجه98-010512,103,217258,157159607892,723314,722222,723201,-113,-0.02,723378,64,0.01,721001,725000,1399-7-7
289,شصفها,پتروشيمي‌ اصفهان‌,102,281237,25136681823,91203,89379,89379,-1824,-2.0,89379,-1824,-2.0,89379,89379,1399-7-7
290,ثمسكن,سرمايه‌گذاري‌ مسكن‌,101,4177519,25649966660,6460,6140,6140,-320,-4.95,6280,-180,-2.79,6140,6140,1399-7-7
291,ستران,سيمان‌ تهران‌,101,106234,3286879960,32560,30940,30940,-1620,-4.98,32440,-120,-0.37,30940,30940,1399-7-7
292,هملت911,اختيارف ت ملت-6770-99/11/25,101,1000000,584000000,321,584,584,263,81.93,584,263,81.93,584,584,1399-7-7
293,فباهنر,مس‌ شهيدباهنر,101,171928,9064044160,55490,52720,52720,-2770,-4.99,54940,-550,-0.99,52720,52720,1399-7-7
294,والبر,سرمايه‌ گذاري‌ البرز(هلدينگ‌,100,297333,4998167730,17690,16810,16810,-880,-4.97,17590,-100,-0.57,16810,16810,1399-7-7
295,وپترو,سرمايه‌گذاري صنايع پتروشيمي‌,99,219143,3153467770,15140,14390,14390,-750,-4.95,15090,-50,-0.33,14390,14390,1399-7-7
296,تسه9801,امتياز تسهيلات مسكن فروردين98,95,1314,1123321860,884503,850300,840278,-44225,-5.0,854887,-29616,-3.35,840278,890000,1399-7-7
297,ونيكي,سرمايه‌گذاري‌ ملي‌ايران‌,92,1196635,38256420950,33650,31970,31970,-1680,-4.99,32930,-720,-2.14,31970,31970,1399-7-7
298,دالبر,البرزدارو,92,326487,6404208150,20470,19900,19450,-1020,-4.98,20350,-120,-0.59,19450,19900,1399-7-7
299,تسه9809,امتياز تسهيلات مسكن آذر98,91,1407,1186706372,886829,843000,842488,-44341,-5.0,843430,-43399,-4.89,842488,850000,1399-7-7
300,فولاژ,فولاد آلياژي ايران,91,256933,7363699780,30160,28660,28660,-1500,-4.97,30000,-160,-0.53,28660,28660,1399-7-7
301,تسه9803,امتياز تسهيلات مسكن خرداد98,89,967,822179389,878946,890000,834999,-43947,-5.0,850237,-28709,-3.27,834999,890000,1399-7-7
302,آساميد,صندوق س.مشترك آسمان اميد -د,87,3130454,33704916756,10767,10780,10767,0,0.0,10767,0,0.0,10758,10780,1399-7-7
303,كبافق,معادن‌ بافق‌,84,74995,2090110650,29330,27870,27870,-1460,-4.98,29260,-70,-0.24,27870,27870,1399-7-7
304,غويتا,ويتانا,82,136674,9250916364,71248,67686,67686,-3562,-5.0,70571,-677,-0.95,67686,67686,1399-7-7
305,كروي,توسعه‌ معادن‌ روي‌ ايران‌,82,738907,22743557460,32400,30780,30780,-1620,-5.0,31590,-810,-2.5,30780,30780,1399-7-7
306,اخزا811,اسنادخزانه-م11بودجه98-001013,82,198813,160466404997,807185,806000,807100,-85,-0.01,807122,-63,-0.01,806000,807811,1399-7-7
307,شبصير,توليدات پتروشيمي قائد بصير,81,217378,30607909290,148215,140805,140805,-7410,-5.0,143684,-4531,-3.06,140805,140805,1399-7-7
308,كصدف,كاشي صدف سرام استقلال آباده,81,901557,14641285680,15616,16240,16240,624,4.0,16240,624,4.0,16240,16240,1399-7-7
309,فاراك,ماشين‌ سازي‌ اراك‌,80,196670,1779863500,9520,9050,9050,-470,-4.94,9500,-20,-0.21,9050,9050,1399-7-7
310,وساپا,سرمايه‌گذاري‌ سايپا,79,159258,1656283200,10940,10400,10400,-540,-4.94,10920,-20,-0.18,10400,10400,1399-7-7
311,ثزاگرس,سرمايه گذاري توسعه عمران زاگرس,78,214641,5475921192,24769,25512,25512,743,3.0,24964,195,0.79,25512,25512,1399-7-7
312,ثشرقح,ح. سرمايه گذاري مسكن شمال شرق,78,342033,1200712590,3900,3510,3510,-390,-10.0,3510,-390,-10.0,3510,3520,1399-7-7
313,پرديس,سرمايه گذاري پرديس,78,293845,2230283550,7980,7590,7590,-390,-4.89,7960,-20,-0.25,7590,7590,1399-7-7
314,چدن,توليدي چدن سازان,78,190625,5106843750,28200,26790,26790,-1410,-5.0,28060,-140,-0.5,26790,26790,1399-7-7
315,فيروزا,صندوق بادرآمد ثابت فيروزه آسيا,78,435399,9097347040,20900,20840,20900,0,0.0,20890,-10,-0.05,20840,20930,1399-7-7
316,دتوليد,داروسازي توليد دارو,77,350530,11446557150,34373,32655,32655,-1718,-5.0,33935,-438,-1.27,32655,32655,1399-7-7
317,سپاس,صندوق س. پاداش سهامداري توسعه1,76,1846557,18733791040,10140,10140,10150,10,0.1,10150,10,0.1,10130,10160,1399-7-7
318,ساروج,بين المللي ساروج بوشهر,76,753393,16943809278,23185,22490,22490,-695,-3.0,22545,-640,-2.76,22490,22491,1399-7-7
319,شيراز,پتروشيمي‌شيراز,74,1715101,117587324560,72160,68560,68560,-3600,-4.99,68560,-3600,-4.99,68560,68560,1399-7-7
320,سفارس,سيمان فارس و خوزستان,73,156812,2380406160,15970,15180,15180,-790,-4.95,15930,-40,-0.25,15180,15180,1399-7-7
321,وسخراش,شركت س استان خراسان شمالي,72,1881851,2653409910,1350,1410,1410,60,4.44,1350,0,0.0,1410,1410,1399-7-7
322,ساينا,صنايع بهداشتي ساينا,72,11100,2244098100,212811,202171,202171,-10640,-5.0,212337,-474,-0.22,202171,202171,1399-7-7
323,هرانف912,اختيارف ت رانفور32120-99/12/03,71,100000,403100000,2365,4031,4031,1666,70.44,4031,1666,70.44,4031,4031,1399-7-7
324,كالا,بورس كالاي ايران,70,50758,2250102140,46660,44330,44330,-2330,-4.99,46550,-110,-0.24,44330,44330,1399-7-7
325,واتي,سرمايه‌ گذاري‌ آتيه‌ دماوند,69,1419506,18552943420,13750,13070,13070,-680,-4.95,13490,-260,-1.89,13070,13070,1399-7-7
326,الماس,صندوق س.امين تدبيرگران فردا-س,69,64451,7433656250,119993,119000,114000,-5993,-4.99,115338,-4655,-3.88,109000,121300,1399-7-7
327,دپارس,پارس‌ دارو,69,105205,9865072850,98700,93770,93770,-4930,-4.99,97690,-1010,-1.02,93770,93770,1399-7-7
328,كاذر,فرآورده‌هاي‌نسوزآذر,68,304486,9265560680,32030,30430,30430,-1600,-5.0,31720,-310,-0.97,30430,30440,1399-7-7
329,دابور,داروسازي‌ ابوريحان‌,67,165126,6473102630,41260,39200,39200,-2060,-4.99,40980,-280,-0.68,39200,40000,1399-7-7
330,دزهراوي,داروسازي‌زهراوي‌,67,122182,1323231060,11390,10830,10830,-560,-4.92,11370,-20,-0.18,10830,10830,1399-7-7
331,كلر,كلر پارس,67,38039,2282758429,63169,60011,60011,-3158,-5.0,63009,-160,-0.25,60011,60011,1399-7-7
332,غشهداب,كشت و صنعت شهداب ناب خراسان,66,168242,869138172,5437,5166,5166,-271,-4.98,5432,-5,-0.09,5166,5166,1399-7-7
333,دانا,بيمه دانا,65,232665,1505342550,6810,6470,6470,-340,-4.99,6800,-10,-0.15,6470,6470,1399-7-7
334,فروس,فروسيليس‌ ايران‌,64,83849,1640924930,20590,19570,19570,-1020,-4.95,20550,-40,-0.19,19570,19570,1399-7-7
335,هخود911,اختيارف ت خودرو-3680-99/11/20,64,1000000,660000000,518,660,660,142,27.41,660,142,27.41,660,660,1399-7-7
336,هكاوه911,اختيارف ت كاوه-25477-99/11/18,64,100000,256000000,780,2560,2560,1780,228.21,2560,1780,228.21,2560,2560,1399-7-7
337,پتاير,ايران‌ تاير,63,65351,6176323010,99480,94510,94510,-4970,-5.0,98800,-680,-0.68,94510,94510,1399-7-7
338,فرآور,فرآوري‌موادمعدني‌ايران‌,63,161700,3613995000,23520,22350,22350,-1170,-4.97,23430,-90,-0.38,22350,22350,1399-7-7
339,سدبير,س. تدبيرگران فارس وخوزستان,63,77689,2082764401,28219,26809,26809,-1410,-5.0,28161,-58,-0.21,26809,26809,1399-7-7
340,دارا2,صندوق س. دارا الگوريتم-د,62,6200000,6200000,10039,1,1,-10038,-99.99,1,-10038,-99.99,1,1,1399-7-7
341,فماك,ماداكتو استيل كرد,62,1650000,49302000000,29800,29880,29880,80,0.27,29880,80,0.27,29880,29880,1399-7-7
342,وپويا,سرمايه گذاري پويا,60,52456,610902576,12258,11646,11646,-612,-4.99,12250,-8,-0.07,11646,11646,1399-7-7
343,خبهمن,گروه‌بهمن‌,60,97207,2203682690,23860,22670,22670,-1190,-4.99,23830,-30,-0.13,22670,22670,1399-7-7
344,تسه9804,امتياز تسهيلات مسكن تير98,60,755,640351156,879956,880000,835959,-43997,-5.0,848147,-31809,-3.61,835959,880000,1399-7-7
345,فزرين,زرين معدن آسيا,59,108409,2265531282,21997,20898,20898,-1099,-5.0,21945,-52,-0.24,20898,20898,1399-7-7
346,زعف9908پ05,زعفران9908نگين زرين(پ),59,24461,1974988488,84964,82000,80000,-4964,-5.84,80740,-4224,-4.97,80000,84800,1399-7-7
347,ونيرو,سرمايه‌گذاري‌نيرو,58,1674094,14447431220,9080,8630,8630,-450,-4.96,9020,-60,-0.66,8630,8630,1399-7-7
348,شكف,كف,57,435170,21203658250,47770,48725,48725,955,2.0,48725,955,2.0,48725,48725,1399-7-7
349,ولصنم,ليزينگ‌صنعت‌ومعدن‌,56,179644,1537752640,9010,8560,8560,-450,-4.99,9000,-10,-0.11,8560,8560,1399-7-7
350,وبيمه,سرمايه‌ گذاري‌ صنعت‌ بيمه‌,56,348071,1186922110,3580,3410,3410,-170,-4.75,3580,0,0.0,3410,3410,1399-7-7
351,گپارس,امور رفاهي كارگزاران پارس,55,40867,4833503558,114830,118274,118274,3444,3.0,115614,784,0.68,118274,118274,1399-7-7
352,وسقم,شركت س استان قم,55,1605628,2263935480,1350,1410,1410,60,4.44,1350,0,0.0,1410,1410,1399-7-7
353,نوين,بيمه نوين,54,1597677,9378363990,6178,5870,5870,-308,-4.99,6115,-63,-1.02,5870,5870,1399-7-7
354,زشگزا,شير و گوشت زاگرس شهركرد,54,30972,2771002896,94176,89468,89468,-4708,-5.0,93911,-265,-0.28,89468,89468,1399-7-7
355,ثفارس,عمران‌وتوسعه‌فارس‌,54,70687,661630320,9850,9360,9360,-490,-4.97,9840,-10,-0.1,9360,9360,1399-7-7
356,وهور,مديريت انرژي اميد  تابان هور,52,47062,1723316316,38545,36618,36618,-1927,-5.0,38488,-57,-0.15,36618,36618,1399-7-7
357,ضچاد1017,اختيارخ كچاد-20000-1399/10/02,52,376,1553530000,1,4000,4000,3999,399900.0,4132,4131,413100.0,4000,4500,1399-7-7
358,ميدكو,هلدينگ صنايع  معدني خاورميانه,52,95646,1862705850,20500,19475,19475,-1025,-5.0,20483,-17,-0.08,19475,19475,1399-7-7
359,درازك,دارويي‌ رازك‌,51,55482,2000680920,37950,36060,36060,-1890,-4.98,37870,-80,-0.21,36060,36060,1399-7-7
360,كخاك,صنايع‌خاك‌چيني‌ايران‌,51,23696,1298303840,57670,54790,54790,-2880,-4.99,57590,-80,-0.14,54790,54790,1399-7-7
361,قثابت,قند ثابت‌ خراسان‌,51,64124,4713114000,77360,73500,73500,-3860,-4.99,76960,-400,-0.52,73500,73500,1399-7-7
362,بهپاك,صنعتي بهپاك,50,119803,3780982680,33221,31560,31560,-1661,-5.0,33077,-144,-0.43,31560,31560,1399-7-7
363,اخزا812,اسنادخزانه-م12بودجه98-001111,49,286739,228109181531,796568,795656,796000,-568,-0.07,795529,-1039,-0.13,791700,796998,1399-7-7
364,آسام,صندوق س.آرمان سپهر آشنا-م,49,26840,2712962990,102631,103000,101300,-1331,-1.3,101079,-1552,-1.51,98310,103000,1399-7-7
365,ثشاهد,سرمايه‌ گذاري‌ شاهد,49,49877,2295339540,48440,46020,46020,-2420,-5.0,48360,-80,-0.17,46020,46020,1399-7-7
366,پيزد,مجتمع صنايع لاستيك يزد,48,3912,407047512,109527,104051,104051,-5476,-5.0,109480,-47,-0.04,104051,104051,1399-7-7
367,دفارا,داروسازي‌ فارابي‌,47,27389,2036646040,78270,74360,74360,-3910,-5.0,78110,-160,-0.2,74360,74360,1399-7-7
368,دامين,داروسازي‌ امين‌,47,164019,2150289090,13800,13110,13110,-690,-5.0,13770,-30,-0.22,13110,13110,1399-7-7
369,اخزا813,اسنادخزانه-م13بودجه98-010219,46,37504,28455839603,759887,760000,755000,-4887,-0.64,758741,-1146,-0.15,753500,767000,1399-7-7
370,ارمغان,ص سرمايه گذاري ارمغان ايرانيان,46,976278,9891304260,10120,10130,10130,10,0.1,10130,10,0.1,10130,10150,1399-7-7
371,ساروم,سيمان‌اروميه‌,46,78246,1992143160,26790,25460,25460,-1330,-4.96,26740,-50,-0.19,25460,25460,1399-7-7
372,قچار,فراوردههاي غذايي وقند چهارمحال,46,29993,5500056354,193029,183378,183378,-9651,-5.0,191951,-1078,-0.56,183378,183378,1399-7-7
373,ريشمك,توليد و صادرات ريشمك,45,28936,1062732472,38659,36727,36727,-1932,-5.0,38614,-45,-0.12,36727,36727,1399-7-7
374,سخند,صندوق س.سپهرخبرگان نفت-د,45,207420,2092974240,10070,10100,10098,28,0.28,10091,21,0.21,10080,10100,1399-7-7
375,كهمدا,شيشه‌ همدان‌,44,138674,3319855560,25190,23940,23940,-1250,-4.96,25100,-90,-0.36,23940,23940,1399-7-7
376,كسرا,سراميك‌هاي‌صنعتي‌اردكان‌,44,35447,699723780,20770,19740,19740,-1030,-4.96,20750,-20,-0.1,19740,19740,1399-7-7
377,فسازان,غلتك سازان سپاهان,44,338525,13493606500,41950,39860,39860,-2090,-4.98,41320,-630,-1.5,39860,39860,1399-7-7
378,وآرين,شركت توسعه اقتصادي آرين,43,704503,3485176341,5207,4947,4947,-260,-4.99,5159,-48,-0.92,4947,4947,1399-7-7
379,غدام,خوراك‌  دام‌ پارس‌,43,8777,1233168500,147890,140500,140500,-7390,-5.0,147700,-190,-0.13,140500,140500,1399-7-7
380,ضچاد7018,اختيارخ كچاد-15300-1399/07/07,43,281,797030000,3310,3000,2899,-411,-12.42,2836,-474,-14.32,2706,3280,1399-7-7
381,وتوشه,سرمايه‌ گذاري‌ پارس‌ توشه‌,43,69625,1503900000,22730,21600,21600,-1130,-4.97,22700,-30,-0.13,21600,21600,1399-7-7
382,اخزا816,اسنادخزانه-م16بودجه98-010503,42,71267,51958707839,727416,729800,729000,1584,0.22,729071,1655,0.23,727000,735000,1399-7-7
383,هشير911,اختيارف ت شيراز-73480-99/11/27,41,114993,114993,1,1,1,0,0.0,1,0,0.0,1,1,1399-7-7
384,تصميم,صندوق س با درآمد ثابت تصميم,40,78422,1145504120,14590,14650,14620,30,0.21,14610,20,0.14,14600,14650,1399-7-7
385,فنفت,صنايع تجهيزات نفت,40,504000,7352352000,15039,14588,14588,-451,-3.0,14866,-173,-1.15,14588,14588,1399-7-7
386,ثروتم,صندوق س. ثروت آفرين پارسيان-س,40,22430,2128060420,97094,96000,95010,-2084,-2.15,94876,-2218,-2.28,93000,96000,1399-7-7
387,دعبيد,لابراتوارداروسازي‌  دكترعبيدي‌,38,24849,808586460,34250,32540,32540,-1710,-4.99,34230,-20,-0.06,32540,32540,1399-7-7
388,صگل1411,ص اجاره گل گهر 1411-3 ماهه 17%,37,9758,9892056166,1015328,1199970,1000000,-15328,-1.51,1013738,-1590,-0.16,980022,1030000,1399-7-7
389,اخزا806,اسنادخزانه-م6بودجه98-000519,37,31503,27179548988,863235,861566,863021,-214,-0.02,862761,-474,-0.05,861566,863400,1399-7-7
390,ضخود1040,اختيارخ خودرو-2000-1399/10/07,37,359,348245000,1012,900,900,-112,-11.07,970,-42,-4.15,805,1050,1399-7-7
391,ودي,بيمه  دي,37,288880,5552562480,20232,19221,19221,-1011,-5.0,20114,-118,-0.58,19221,19221,1399-7-7
392,وملي,گروه‌ صنعتي‌ ملي‌ (هلدينگ‌,37,22399,11325158390,532220,505610,505610,-26610,-5.0,526200,-6020,-1.13,505610,505610,1399-7-7
393,ضچاد7013,اختيارخ كچاد-10300-1399/07/07,37,293,2357397000,8261,7500,7810,-451,-5.46,8046,-215,-2.6,7075,8300,1399-7-7
394,واحيا,م .صنايع و معادن احياء سپاهان,37,108835,24818080390,235086,228034,228034,-7052,-3.0,233167,-1919,-0.82,228034,228034,1399-7-7
395,بمپنا,توليد برق عسلويه  مپنا,36,7453,704189252,99456,94484,94484,-4972,-5.0,99382,-74,-0.07,94484,94484,1399-7-7
396,كماسه,تامين‌ ماسه‌ ريخته‌گري‌,36,15502,922213980,62620,59490,59490,-3130,-5.0,62560,-60,-0.1,59490,59490,1399-7-7
397,ضجار7026,اختيارخ وتجارت-3600-1399/07/22,35,1704,36496000,43,10,37,-6,-13.95,21,-22,-51.16,10,38,1399-7-7
398,سيستم,همكاران سيستم,35,273552,6934543200,26680,25350,25350,-1330,-4.99,26490,-190,-0.71,25350,25350,1399-7-7
399,وصنا,گروه‌صنايع‌بهشهرايران‌,34,83740,863359400,10850,10310,10310,-540,-4.98,10840,-10,-0.09,10310,10310,1399-7-7
400,قنيشا,قند  نيشابور,34,28867,3238011390,118070,112170,112170,-5900,-5.0,117650,-420,-0.36,112170,112170,1399-7-7
401,اخزا818,اسنادخزانه-م18بودجه98-010614,34,35773,25441560718,710937,712000,711003,66,0.01,711194,257,0.04,710500,712000,1399-7-7
402,پست9908-02,پسته فندقي32-30طلاسبززرند9908,34,748,1186647328,1518207,1450000,1545000,26793,1.76,1586427,68220,4.49,1450000,1594117,1399-7-7
403,پرداخت,به پرداخت ملت,34,48965,1876828450,40340,38330,38330,-2010,-4.98,40260,-80,-0.2,38330,38330,1399-7-7
404,كمنگنز,معادن‌منگنزايران‌,34,16012,1422345960,93500,88830,88830,-4670,-4.99,93370,-130,-0.14,88830,88830,1399-7-7
405,پكوير,كوير تاير,33,51002,675266480,13930,13240,13240,-690,-4.95,13920,-10,-0.07,13240,13240,1399-7-7
406,دسينا,داروسازي‌ سينا,32,46238,1278018320,29090,27640,27640,-1450,-4.98,29050,-40,-0.14,27640,27640,1399-7-7
407,هترول911,اختيارف ت پترول-14730-99/11/15,32,500000,500000,1,1,1,0,0.0,1,0,0.0,1,1,1399-7-7
408,اخزا903,اسنادخزانه-م3بودجه99-011110,32,163797,108548377083,663194,662000,663500,306,0.05,662701,-493,-0.07,661400,666880,1399-7-7
409,كي بي سي,شركت كي بي سي,32,166430,5754150820,36393,34574,34574,-1819,-5.0,36169,-224,-0.62,34574,34574,1399-7-7
410,ددام,داروسازي زاگرس فارمد پارس,32,33147,426270420,13530,12860,12860,-670,-4.95,13520,-10,-0.07,12860,12860,1399-7-7
411,گوهران,سرمايه گذاري توسعه گوهران اميد,31,88194,840841596,10035,9534,9534,-501,-4.99,10026,-9,-0.09,9534,9534,1399-7-7
412,شپترو,پتروشيمي آبادان,31,100971,625717287,6388,6197,6197,-191,-2.99,6382,-6,-0.09,6197,6197,1399-7-7
413,داريك,صندوق س.اعتماد داريك-د,31,445551,4460049697,10108,10021,9987,-121,-1.2,10010,-98,-0.97,9986,10080,1399-7-7
414,زفكا,كشت و دامداري فكا,31,15108,611707812,42619,40489,40489,-2130,-5.0,42591,-28,-0.07,40489,40489,1399-7-7
415,افران,صندوق س افرا نماد پايدار-ثابت,31,144407,1693223200,11710,11720,11720,10,0.09,11730,20,0.17,11720,11740,1399-7-7
416,غديس,پاكديس,31,89769,3030421902,35534,33758,33758,-1776,-5.0,35420,-114,-0.32,33758,33758,1399-7-7
417,همپنا912,اختيارف ت مپنا-23410-99/12/11,31,56856,171705120,2494,3020,3020,526,21.09,3020,526,21.09,3020,3020,1399-7-7
418,غگرجي,بيسكويت‌  گرجي‌,31,39766,1405330440,37200,35340,35340,-1860,-5.0,37140,-60,-0.16,35340,35340,1399-7-7
419,سبهان,سيمان‌ بهبهان‌,31,33755,1891967750,59000,56050,56050,-2950,-5.0,58880,-120,-0.2,56050,56050,1399-7-7
420,اخزا721,اسنادخزانه-م21بودجه97-000728,30,56202,46944976946,836868,832155,839000,2132,0.25,835290,-1578,-0.19,832155,839000,1399-7-7
421,زعف9908پ08,زعفران9908نگين روستا(پ),30,16565,1316833662,82748,78210,82000,-748,-0.9,79495,-3253,-3.93,78210,83800,1399-7-7
422,گنجين,صندوق س. گنجينه يكم آويد-د,30,409222,4647093548,11346,11373,11355,9,0.08,11356,10,0.09,11350,11374,1399-7-7
423,اوصتا,صندوق انديشه ورزان صباتامين -د,29,487156,8159172547,16754,16701,16760,6,0.04,16749,-5,-0.03,16701,16760,1399-7-7
424,غمارگ,مارگارين‌,29,49071,1311667830,28130,26730,26730,-1400,-4.98,28090,-40,-0.14,26730,26730,1399-7-7
425,مرقام,ايران‌ارقام‌,29,32516,880533280,28500,27080,27080,-1420,-4.98,28470,-30,-0.11,27080,27080,1399-7-7
426,فاما,صنعتي‌ آما,29,52717,972628650,19420,18450,18450,-970,-4.99,19400,-20,-0.1,18450,18450,1399-7-7
427,سشرق,سيمان‌ شرق‌,28,88405,644472450,7670,7290,7290,-380,-4.95,7660,-10,-0.13,7290,7290,1399-7-7
428,خمهر,مهركام‌پارس‌,28,140575,1148497750,8590,8170,8170,-420,-4.89,8580,-10,-0.12,8170,8170,1399-7-7
429,ملت,بيمه ملت,28,25587,290668320,11950,11360,11360,-590,-4.94,11950,0,0.0,11360,11360,1399-7-7
430,شاوان,پالايش نفت لاوان,28,24630,2704176960,115570,109792,109792,-5778,-5.0,115259,-311,-0.27,109792,109792,1399-7-7
431,سمتاز,سيمان ممتازان كرمان,27,87320,1795755504,21197,20562,21000,-197,-0.93,21138,-59,-0.28,20562,21000,1399-7-7
432,ضخود7039,اختيارخ خودرو-1500-1399/07/09,27,337,198196000,700,511,620,-80,-11.43,588,-112,-16.0,510,700,1399-7-7
433,ساذري,آذريت‌,27,22612,4208929844,180716,186137,186137,5421,3.0,181813,1097,0.61,186137,186137,1399-7-7
434,داوه,داروسازي آوه سينا,27,77463,1354363092,18404,17484,17484,-920,-5.0,18377,-27,-0.15,17484,17484,1399-7-7
435,زعف9908پ11,زعفران9908نگين سحرخيز(پ),27,4576,387907693,86559,86077,85400,-1159,-1.34,84770,-1789,-2.07,82000,86077,1399-7-7
436,حفارس,حمل و نقل بين المللي خليج فارس,27,115234,602673820,5500,5230,5230,-270,-4.91,5500,0,0.0,5230,5230,1399-7-7
437,شاملا,معدني‌ املاح‌  ايران‌,26,6530,438881300,70740,67210,67210,-3530,-4.99,70710,-30,-0.04,67210,67210,1399-7-7
438,شپارس,بين‌ المللي‌ محصولات‌  پارس‌,26,59002,854348960,15240,14480,14480,-760,-4.99,15230,-10,-0.07,14480,14480,1399-7-7
439,هفارس912,اختيارف ت فارس-14576-99/12/13,26,1000000,1000000,1,1,1,0,0.0,1,0,0.0,1,1,1399-7-7
440,فسرب,ملي‌ سرب‌وروي‌ ايران‌,26,4998,579967920,122140,116040,116040,-6100,-4.99,122060,-80,-0.07,116040,116040,1399-7-7
441,وليز,ليزينگ‌ايران‌,25,113628,1103327880,10220,9710,9710,-510,-4.99,10210,-10,-0.1,9710,9710,1399-7-7
442,اميد,تامين سرمايه اميد,25,76292,1087161000,15000,14250,14250,-750,-5.0,14980,-20,-0.13,14250,14250,1399-7-7
443,اخزا820,اسنادخزانه-م20بودجه98-020806,25,97677,57641176087,590357,590003,590100,-257,-0.04,590120,-237,-0.04,590000,593997,1399-7-7
444,شراز,پالايش نفت شيراز,25,14270,1466599250,108184,102775,102775,-5409,-5.0,108014,-170,-0.16,102775,102775,1399-7-7
445,ثجوان,تامين مسكن جوانان,24,415544,3193040096,8088,7684,7684,-404,-5.0,8019,-69,-0.85,7684,7684,1399-7-7
446,اخزا723,اسنادخزانه-م23بودجه97-000824,24,22598,18616238489,823386,823386,823800,414,0.05,823800,414,0.05,823386,829997,1399-7-7
447,سهگمت,سيمان‌هگمتان‌,23,414809,7441673460,18880,17940,17940,-940,-4.98,18730,-150,-0.79,17940,17940,1399-7-7
448,دسانكو,داروسازي سبحان انكولوژي,23,195575,3118247800,16783,15944,15944,-839,-5.0,16726,-57,-0.34,15944,15944,1399-7-7
449,دجابر,داروسازي‌ جابرابن‌حيان‌,23,152813,6036113500,41570,39500,39500,-2070,-4.98,41300,-270,-0.65,39500,39500,1399-7-7
450,ضخود7053,اختيارخ خودرو-3200-1399/07/09,23,850,956000,4,1,1,-3,-75.0,1,-3,-75.0,1,4,1399-7-7
451,زعف9908پ09,زعفران9908نگين نوين(پ),23,12692,998464913,83278,81000,77881,-5397,-6.48,78669,-4609,-5.53,77881,81000,1399-7-7
452,هصند911,اختيارف ت صندوق-19926-99/11/29,23,100000,50800000,128,508,508,380,296.88,508,380,296.88,508,508,1399-7-7
453,هجم911,اختيارف ت جم-38645-99/11/28,23,100000,100000,1,1,1,0,0.0,1,0,0.0,1,1,1399-7-7
454,زعف9908پ06,زعفران 9908پوشالمعمول زرين(پ),22,2896,188490800,64767,65000,64000,-767,-1.18,65087,320,0.49,64000,67350,1399-7-7
455,ضفلا8085,اختيارخ فولاد-16775-1399/08/28,22,284,716733000,3332,2500,3200,-132,-3.96,2524,-808,-24.25,2111,3200,1399-7-7
456,ارفعح,ح.شركت آهن و فولاد ارفع,22,44387,711567997,16874,16031,16031,-843,-5.0,16031,-843,-5.0,16031,16031,1399-7-7
457,كوثر,بيمه كوثر,22,29115,397128600,14357,13640,13640,-717,-4.99,14351,-6,-0.04,13640,13640,1399-7-7
458,ضغدر8043,اختيارخ وغدير-16000-1399/08/26,22,262,611835000,2857,2101,1900,-957,-33.5,2335,-522,-18.27,1700,2529,1399-7-7
459,ساوه,سيمان ساوه,22,2502,174987378,73620,69939,69939,-3681,-5.0,73606,-14,-0.02,69939,69939,1399-7-7
460,سخوز,سيمان خوزستان,21,26485,548504350,21790,20710,20710,-1080,-4.96,21780,-10,-0.05,20710,20710,1399-7-7
461,آريان,سرمايه گذاري پارس آريان,21,71807,965947764,13868,13452,13452,-416,-3.0,13864,-4,-0.03,13452,13452,1399-7-7
462,اخزا704,اسنادخزانه-م4بودجه97-991022,21,117268,112039176597,955164,955407,955406,242,0.03,955411,247,0.03,955406,956000,1399-7-7
463,آكورد2,صندوق س. آرمان آتي كوثر-د,20,2000000,2000000,28616,1,1,-28615,-100.0,1,-28615,-100.0,1,1,1399-7-7
464,كفرآور,فرآورده هاي سيمان شرق,20,47288,1029223320,22438,21765,21765,-673,-3.0,22403,-35,-0.16,21765,21765,1399-7-7
465,غنوش,نوش‌ مازندران‌,20,13622,1111418980,85880,81590,81590,-4290,-5.0,85780,-100,-0.12,81590,81590,1399-7-7
466,ضچاد7024,اختيارخ كچاد-23300-1399/07/07,20,657,695000,29,1,1,-28,-96.55,1,-28,-96.55,1,2,1399-7-7
467,ضجار7031,اختيارخ وتجارت-4600-1399/07/22,20,1320,6820000,10,6,6,-4,-40.0,5,-5,-50.0,5,6,1399-7-7
468,قصفها,قنداصفهان‌,20,4458,778188480,183740,174560,174560,-9180,-5.0,183590,-150,-0.08,174560,174560,1399-7-7
469,اخزا804,اسنادخزانه-م4بودجه98-000421,20,28161,24608449081,874701,872777,874500,-201,-0.02,873849,-852,-0.1,872777,875000,1399-7-7
470,حخزر,كشتيراني درياي خزر,20,19461,429212355,23215,22055,22055,-1160,-5.0,23204,-11,-0.05,22055,22055,1399-7-7
471,ما,بيمه  ما,19,134333,808684660,6330,6020,6020,-310,-4.9,6320,-10,-0.16,6020,6020,1399-7-7
472,ضپيك7030,اختيارخ تاپيكو-17370-99/07/20,19,75,207930000,3763,1222,3500,-263,-6.99,2772,-991,-26.34,1222,3500,1399-7-7
473,تسه9805,امتياز تسهيلات مسكن مرداد98,19,302,254263516,880739,880000,836703,-44036,-5.0,841932,-38807,-4.41,836703,880000,1399-7-7
474,ورنا,سرمايه‌گذاري‌ رنا(هلدينگ‌,19,39480,413750400,11030,10480,10480,-550,-4.99,11030,0,0.0,10480,10480,1399-7-7
475,اخزا807,اسنادخزانه-م7بودجه98-000719,19,78158,65637656400,839800,840000,840006,206,0.02,839807,7,0.0,839500,840101,1399-7-7
476,ختور,رادياتور ايران‌,19,10594,404478920,40180,38180,38180,-2000,-4.98,40160,-20,-0.05,38180,38180,1399-7-7
477,دتوزيع,توزيع دارو پخش,19,30897,1472674608,50172,47664,47664,-2508,-5.0,50093,-79,-0.16,47664,47664,1399-7-7
478,گكوثر,هتل پارسيان كوثر اصفهان,18,1735,305700060,185469,176196,176196,-9273,-5.0,185409,-60,-0.03,176196,176196,1399-7-7
479,قپيرا,فرآورده‌هاي‌غدايي‌وقندپيرانشهر,18,11399,867919860,80140,76140,76140,-4000,-4.99,80070,-70,-0.09,76140,76140,1399-7-7
480,داريك2,صندوق س.اعتماد داريك-د,18,1800000,1800000,10108,1,1,-10107,-99.99,1,-10107,-99.99,1,1,1399-7-7
481,سايرا,ايرانيت‌,18,18018,668413746,36370,37097,37097,727,2.0,36417,47,0.13,37097,37097,1399-7-7
482,فنورد,نوردوقطعات‌ فولادي‌,18,11287,1448799320,122250,128360,128360,6110,5.0,122420,170,0.14,128360,128360,1399-7-7
483,وتوصا,گروه س توسعه صنعتي ايران,18,23984,349207040,15320,14560,14560,-760,-4.96,15310,-10,-0.07,14560,14560,1399-7-7
484,خرينگ,رينگ‌سازي‌مشهد,18,36336,973804800,28210,26800,26800,-1410,-5.0,28180,-30,-0.11,26800,26800,1399-7-7
485,رنيك,جنرال مكانيك,18,16128,382233600,24947,23700,23700,-1247,-5.0,24937,-10,-0.04,23700,23700,1399-7-7
486,غاذر,كشت‌وصنعت‌پياذر,18,23153,2026582090,92130,87530,87530,-4600,-4.99,91930,-200,-0.22,87530,87530,1399-7-7
487,زير0003پ02,زيره سبز0003 دانش(پ),17,287,144373480,471915,504800,504800,32885,6.97,503043,31128,6.6,499998,504800,1399-7-7
488,ضجار7036,اختيارخ وتجارت-6500-1399/07/22,17,1203,9140000,13,36,5,-8,-61.54,8,-5,-38.46,5,36,1399-7-7
489,آگاس2,صندوق س.هستي بخش آگاه-س,17,5100000,5100000,73117,1,1,-73116,-100.0,1,-73116,-100.0,1,1,1399-7-7
490,اخزا810,اسنادخزانه-م10بودجه98-001006,17,13528,10929249808,809935,806001,808000,-1935,-0.24,807898,-2037,-0.25,806001,808101,1399-7-7
491,تبرك,گروه كارخانجات صنعتي تبرك,16,9854,281213452,30040,28538,28538,-1502,-5.0,30031,-9,-0.03,28538,28538,1399-7-7
492,حتوكا,حمل‌ونقل‌توكا,16,8294,124824700,15840,15050,15050,-790,-4.99,15840,0,0.0,15050,15050,1399-7-7
493,وگردشح,ح . بانك گردشگري,16,58691,890518543,15642,15173,15173,-469,-3.0,15173,-469,-3.0,15173,15173,1399-7-7
494,بخاور,بيمه زندگي خاورميانه,16,31368,215059008,7216,6856,6856,-360,-4.99,7214,-2,-0.03,6856,6856,1399-7-7
495,لپارس,پارس‌ الكتريك‌,16,1702,619953500,383420,364250,364250,-19170,-5.0,383170,-250,-0.07,364250,364250,1399-7-7
496,شپاس,نفت پاسارگاد,16,20466,423830394,21798,20709,20709,-1089,-5.0,21788,-10,-0.05,20709,20709,1399-7-7
497,فجام,جام‌دارو,16,3781,220545730,61390,58330,58330,-3060,-4.98,61380,-10,-0.02,58330,58330,1399-7-7
498,سمازن,سيمان‌مازندران‌,15,22794,198079860,9140,8690,8690,-450,-4.92,9140,0,0.0,8690,8690,1399-7-7
499,شپلي,پلي اكريل ايران,15,116821,933983895,8242,7995,7995,-247,-3.0,8230,-12,-0.15,7995,7995,1399-7-7
500,كايتا,ايتالران‌,15,12077,222530802,9213,18426,18426,9213,100.0,9264,51,0.55,18426,18426,1399-7-7
501,سپاها,سيمان‌سپاهان‌,15,20830,194968800,9850,9360,9360,-490,-4.97,9850,0,0.0,9360,9360,1399-7-7
502,ضخود7049,اختيارخ خودرو-3000-1399/07/09,15,305,315000,11,1,1,-10,-90.91,1,-10,-90.91,1,2,1399-7-7
503,سكارون,سيمان كارون,15,6277,681989773,112009,108649,108649,-3360,-3.0,111895,-114,-0.1,108649,108649,1399-7-7
504,ضجار7023,اختيارخ وتجارت-3000-1399/07/22,15,275,15646000,140,50,98,-42,-30.0,57,-83,-59.29,50,98,1399-7-7
505,شجم,صنايع پتروشيمي تخت جمشيد,15,56712,486078552,8836,8571,8571,-265,-3.0,8830,-6,-0.07,8571,8571,1399-7-7
506,كرونا2,تامين مالي جمعي صرفا اهداي سود,15,2433,24330000,10000,10000,10000,0,0.0,10000,0,0.0,10000,10000,1399-7-7
507,ضخود7040,اختيارخ خودرو-1600-1399/07/09,15,150,91349000,897,120,601,-296,-33.0,609,-288,-32.11,120,777,1399-7-7
508,پست9908-08,پسته فندقي32-30زرينمه ولات9908,15,74,115502478,1343680,1442297,1593997,250317,18.63,1560844,217164,16.16,1442297,1594104,1399-7-7
509,سكرد,سيمان كردستان,14,72049,764439890,11160,10610,10610,-550,-4.93,11150,-10,-0.09,10610,10610,1399-7-7
510,غبهنوش,بهنوش‌ ايران‌,14,5488,309523200,59360,56400,56400,-2960,-4.99,59340,-20,-0.03,56400,56400,1399-7-7
511,ضچاد7012,اختيارخ كچاد-9300-1399/07/07,14,70,630503000,9532,8900,8760,-772,-8.1,9007,-525,-5.51,8701,9200,1399-7-7
512,غمينو,شركت صنايع غذايي مينو شرق,14,61939,899973670,15294,14530,14530,-764,-5.0,15280,-14,-0.09,14530,14530,1399-7-7
513,وآذر,سرمايه‌گذاري‌توسعه‌آذربايجان‌,14,8854,1039548140,123580,117410,117410,-6170,-4.99,123440,-140,-0.11,117410,117410,1399-7-7
514,ضجار7024,اختيارخ وتجارت-3200-1399/07/22,13,306,28896000,113,20,50,-63,-55.75,94,-19,-16.81,20,135,1399-7-7
515,حتايد,تايدواترخاورميانه,13,13928,254882400,19260,18300,18300,-960,-4.98,19250,-10,-0.05,18300,18300,1399-7-7
516,كشرق,صنعتي و معدني شمال شرق شاهرود,13,9487,735574545,81615,77535,77535,-4080,-5.0,81546,-69,-0.08,77535,77535,1399-7-7
517,ثنوسا,نوسازي‌وساختمان‌تهران‌,13,80600,951886000,12430,11810,11810,-620,-4.99,12420,-10,-0.08,11810,11810,1399-7-7
518,ضغدر8042,اختيارخ وغدير-15000-1399/08/26,13,148,382173000,3173,2601,2670,-503,-15.85,2582,-591,-18.63,2500,3000,1399-7-7
519,ضچاد7015,اختيارخ كچاد-12300-1399/07/07,13,110,658597000,9000,6000,5800,-3200,-35.56,5987,-3013,-33.48,5781,6200,1399-7-7
520,ثروتم2,صندوق س. ثروت آفرين پارسيان-س,13,1300000,1300000,97094,1,1,-97093,-100.0,1,-97093,-100.0,1,1,1399-7-7
521,سمگاح,ح. سرمايه گذاري ميراث فرهنگي,12,611168,9645636120,16515,17340,15690,-825,-5.0,15782,-733,-4.44,15690,17340,1399-7-7
522,سبجنو,سيمان‌ بجنورد,12,5210,160103300,32340,30730,30730,-1610,-4.98,32330,-10,-0.03,30730,30730,1399-7-7
523,زعف9908پ16,زعفران9908نگين بيرجند(پ),12,3436,269151900,83910,78100,78100,-5810,-6.92,78333,-5577,-6.65,78100,78500,1399-7-7
524,تكمبا,كمباين‌ سازي‌ ايران‌,12,10445,107687950,10850,10310,10310,-540,-4.98,10850,0,0.0,10310,10310,1399-7-7
525,سدور,سيمان‌ دورود,12,29470,230160700,8220,7810,7810,-410,-4.99,8220,0,0.0,7810,7810,1399-7-7
526,اراد43,مرابحه عام دولت4-ش.خ 0205,12,300000,274500000000,941000,915000,915000,-26000,-2.76,915000,-26000,-2.76,915000,915000,1399-7-7
527,اخزا821,اسنادخزانه-م21بودجه98-020906,12,18933,11049043780,583585,584000,584000,415,0.07,583586,1,0.0,583580,584000,1399-7-7
528,كپارس,كاشي‌ پارس‌,12,3421,273440530,84130,79930,79930,-4200,-4.99,84100,-30,-0.04,79930,79930,1399-7-7
529,زگلدشت,كشت و دام گلدشت نمونه اصفهان,12,4146,151399482,38438,36517,36517,-1921,-5.0,38432,-6,-0.02,36517,36517,1399-7-7
530,خريخت,صنايع‌ريخته‌گري‌ايران‌,12,60384,363511680,6330,6020,6020,-310,-4.9,6330,0,0.0,6020,6020,1399-7-7
531,غشهد,شهد ايران ‌,12,31573,233324470,7770,7390,7390,-380,-4.89,7770,0,0.0,7390,7390,1399-7-7
532,ثتران,سرمايه گذاري مسكن تهران,11,31672,207831664,6907,6562,6562,-345,-4.99,6905,-2,-0.03,6562,6562,1399-7-7
533,خنصير,مهندسي‌نصيرماشين‌,11,4842,237451680,51620,49040,49040,-2580,-5.0,51610,-10,-0.02,49040,49040,1399-7-7
534,ضخود7048,اختيارخ خودرو-2800-1399/07/09,11,286,691000,24,3,2,-22,-91.67,2,-22,-91.67,1,4,1399-7-7
535,زماهان,مجتمع توليد گوشت مرغ ماهان,11,7093,179233017,26598,25269,25269,-1329,-5.0,26593,-5,-0.02,25269,25269,1399-7-7
536,سفانو,سيمان فارس نو,11,2729,85308540,32900,31260,31260,-1640,-4.98,32900,0,0.0,31260,31260,1399-7-7
537,حآسا,آسيا سير ارس,11,37492,444730104,12486,11862,11862,-624,-5.0,12480,-6,-0.05,11862,11862,1399-7-7
538,غچين,كشت‌ و صنعت‌ چين‌ چين,11,13104,618770880,49700,47220,47220,-2480,-4.99,49670,-30,-0.06,47220,47220,1399-7-7
539,همعاد911,اختيارف ت معادن-19080-99/11/19,11,100000,9300000,1,93,93,92,9200.0,93,92,9200.0,93,93,1399-7-7
540,سرو2,صندوق س سروسودمند مدبران-سهام,11,1100000,1100000,66270,1,1,-66269,-100.0,1,-66269,-100.0,1,1,1399-7-7
541,اخزا703,اسنادخزانه-م3بودجه97-990721,11,552,548359138,992629,993000,994001,1372,0.14,993404,775,0.08,993000,994500,1399-7-7
542,غالبر,لبنيات‌ كالبر,11,17989,248428090,14530,13810,13810,-720,-4.96,14520,-10,-0.07,13810,13810,1399-7-7
543,قاسم,قاسم ايران,11,25559,389749191,16051,15249,15249,-802,-5.0,16044,-7,-0.04,15249,15249,1399-7-7
544,نطرين,عطرين نخ قم,11,14177,244326418,18141,17234,17234,-907,-5.0,18136,-5,-0.03,17234,17234,1399-7-7
545,سلار,شركت سيمان لارستان,11,370703,10737041692,29859,28964,28964,-895,-3.0,29361,-498,-1.67,28964,28964,1399-7-7
546,وارس,سرمايه گذاري ارس صبا,11,203805,21135393720,106911,103704,103704,-3207,-3.0,103704,-3207,-3.0,103704,103704,1399-7-7
547,ضغدر8041,اختيارخ وغدير-14000-1399/08/26,10,66,175380000,4800,2100,2400,-2400,-50.0,2657,-2143,-44.65,2100,3250,1399-7-7
548,زعف9908پ14,زعفران9908پوشالمعمول نوين(پ),10,1457,95523728,66970,63650,66996,26,0.04,65562,-1408,-2.1,63650,66998,1399-7-7
549,ضچاد7016,اختيارخ كچاد-13300-1399/07/07,10,53,273456000,5770,5203,4773,-997,-17.28,5160,-610,-10.57,4773,5300,1399-7-7
550,تشتاد,صنايع توليدي اشتاد ايران‌,10,11510,154337590,13823,13409,13409,-414,-3.0,13820,-3,-0.02,13409,13409,1399-7-7
551,ديران,ايران‌دارو,10,92616,2040330480,23180,22030,22030,-1150,-4.96,23130,-50,-0.22,22030,22030,1399-7-7
552,زقيام,كشت و دام قيام اصفهان,10,10132,277404028,28819,27379,27379,-1440,-5.0,28811,-8,-0.03,27379,27379,1399-7-7
553,دبالك,مواد اوليه دارويي البرز بالك,10,75013,1241690189,17424,16553,16553,-871,-5.0,17401,-23,-0.13,16553,16553,1399-7-7
554,دابورح,ح . داروسازي‌ ابوريحان‌,10,51457,1955366000,42880,38000,38000,-4880,-11.38,38000,-4880,-11.38,38000,38000,1399-7-7
555,زير0003پ01,زيره سبز0003كيميابذر(پ),10,302,148295395,514132,500000,488426,-25706,-5.0,491044,-23088,-4.49,488426,500000,1399-7-7
556,ضچاد7019,اختيارخ كچاد-16300-1399/07/07,10,99,189660000,2890,2000,1711,-1179,-40.8,1916,-974,-33.7,1711,2200,1399-7-7
557,خاور,ايران خودرو ديزل,10,19732,139899880,7309,7090,7090,-219,-3.0,7307,-2,-0.03,7090,7090,1399-7-7
558,شفارا,پتروشيمي فارابي,10,18787,100717107,5526,5361,5361,-165,-2.99,5525,-1,-0.02,5361,5361,1399-7-7
559,قهكمت,قندهكمتان‌,10,2030,88223800,45740,43460,43460,-2280,-4.98,45740,0,0.0,43460,43460,1399-7-7
560,فسديد,لوله‌وتجهيزات‌ سديد - ورشكسته,10,1316,162726032,124901,123652,123652,-1249,-1.0,124860,-41,-0.03,123652,123652,1399-7-7
561,وزمين,بانك ايران زمين,9,601781,10280224823,17431,17083,17083,-348,-2.0,17300,-131,-0.75,17083,17083,1399-7-7
562,ساراب,سيمان‌ داراب‌,9,22020,264019800,12620,11990,11990,-630,-4.99,12620,0,0.0,11990,11990,1399-7-7
563,سخاش,سيمان‌خاش‌,9,1343,97125760,76120,72320,72320,-3800,-4.99,76110,-10,-0.01,72320,72320,1399-7-7
564,ضفلا8084,اختيارخ فولاد-15775-1399/08/28,9,81,261480000,3501,3000,3300,-201,-5.74,3228,-273,-7.8,3000,3300,1399-7-7
565,زدشت,كشت و صنعت دشت خرم دره,9,4641,214613763,48676,46243,46243,-2433,-5.0,48665,-11,-0.02,46243,46243,1399-7-7
566,بزاگرس,نيروگاه زاگرس كوثر,9,22921,346886414,15930,15134,15134,-796,-5.0,15924,-6,-0.04,15134,15134,1399-7-7
567,قشرين,قند شيرين خراسان,9,5625,109918125,20145,19541,19541,-604,-3.0,20141,-4,-0.02,19541,19541,1399-7-7
568,خاذين,سايپاآذين‌,9,16245,127685700,8270,7860,7860,-410,-4.96,8270,0,0.0,7860,7860,1399-7-7
569,غبهار,كشت وصنعت بهاران گلبهار خراسان,9,3703,138058949,38436,37283,37283,-1153,-3.0,38428,-8,-0.02,37283,37283,1399-7-7
570,كتوكا,توليدي و خدمات صنايع نسوز توكا,9,1708,244489952,150677,143144,143144,-7533,-5.0,150638,-39,-0.03,143144,143144,1399-7-7
571,ضفلا8082,اختيارخ فولاد-13775-1399/08/28,9,49,196016000,5292,4000,4000,-1292,-24.41,4000,-1292,-24.41,4000,4002,1399-7-7
572,دشيري,شيرين دارو,9,2366,459701970,200304,194295,194295,-6009,-3.0,200165,-139,-0.07,194295,194295,1399-7-7
573,واعتبار,سرمايه گذاري اعتبار ايران,9,6763,52277990,8130,7730,7730,-400,-4.92,8130,0,0.0,7730,7730,1399-7-7
574,فلوله,لوله‌وماشين‌سازي‌ايران‌,8,3079,78668450,26890,25550,25550,-1340,-4.98,26890,0,0.0,25550,25550,1399-7-7
575,زبينا,كشاورزي و دامپروري بينالود,8,2430,116839260,50612,48082,48082,-2530,-5.0,50606,-6,-0.01,48082,48082,1399-7-7
576,لسرما,سرما آفرين‌,8,207490,5071055600,25720,24440,24440,-1280,-4.98,25580,-140,-0.54,24440,24440,1399-7-7
577,ضچاد7014,اختيارخ كچاد-11300-1399/07/07,8,53,346530000,7705,6000,6800,-905,-11.75,6538,-1167,-15.15,6000,7000,1399-7-7
578,خشرق,الكتريك‌ خودرو شرق‌,8,13897,260012870,19690,18710,18710,-980,-4.98,19680,-10,-0.05,18710,18710,1399-7-7
579,ضخود7041,اختيارخ خودرو-1700-1399/07/09,8,45,28080000,654,810,610,-44,-6.73,624,-30,-4.59,610,810,1399-7-7
580,شدوص,دوده‌ صنعتي‌ پارس‌,8,3443,68309120,20880,19840,19840,-1040,-4.98,20880,0,0.0,19840,19840,1399-7-7
581,اعتلا,شركت سرمايه گذاري اعتلاء البرز,8,174614,2027966996,12225,11614,11614,-611,-5.0,12199,-26,-0.21,11614,11614,1399-7-7
582,شتوكا,توكا رنگ فولاد سپاهان,8,1449,41467482,30124,28618,28618,-1506,-5.0,30123,-1,0.0,28618,28618,1399-7-7
583,لكما,كارخانجات‌مخابراتي‌ايران‌,8,4944,57122976,11911,11554,11554,-357,-3.0,11910,-1,-0.01,11554,11554,1399-7-7
584,ميهن,بيمه ميهن,8,23645,122102780,5435,5164,5164,-271,-4.99,5434,-1,-0.02,5164,5164,1399-7-7
585,زشريف,كشت وصنعت شريف آباد,8,5405,143183855,27885,26491,26491,-1394,-5.0,27881,-4,-0.01,26491,26491,1399-7-7
586,ضپيك7022,اختيارخ تاپيكو-9370-99/07/20,8,19,163169000,11246,8000,9907,-1339,-11.91,8588,-2658,-23.64,5904,9907,1399-7-7
587,كشم0001پ01,كشمش سبز0001خليل آباد(پ),8,150,48819700,309967,325464,325465,15498,5.0,325465,15498,5.0,325464,325465,1399-7-7
588,ولملت,واسپاري ملت,8,114009,1290581880,11910,11320,11320,-590,-4.95,11890,-20,-0.17,11320,11320,1399-7-7
589,ضخود7050,اختيارخ خودرو-1200-1399/07/09,8,129,139066000,1309,1000,1005,-304,-23.22,1078,-231,-17.65,1000,1105,1399-7-7
590,سجام,مجتمع سيمان غرب آسيا,8,12337,154817013,12937,12549,12549,-388,-3.0,12934,-3,-0.02,12549,12549,1399-7-7
591,وبهمن,سرمايه‌گذاري‌بهمن‌,8,23397,379031400,17050,16200,16200,-850,-4.99,17040,-10,-0.06,16200,16200,1399-7-7
592,ضشنا7076,اختيارخ شپنا-19864-1399/07/28,8,228,234068000,450,999,1100,650,144.44,1027,577,128.22,999,1100,1399-7-7
593,ضشنا7053,اختيارخ شپنا-3758-1399/07/28,7,27,398992000,13747,11011,14500,753,5.48,14777,1030,7.49,11011,15990,1399-7-7
594,فولاي,صنايع فولاد آلياژي يزد,7,1002,50433666,52982,50333,50333,-2649,-5.0,52979,-3,-0.01,50333,50333,1399-7-7
595,پست9908-04,پسته فندقي32-30سبزدانه9908,7,150,237688830,1449439,1452001,1594117,144678,9.98,1584592,135153,9.32,1452001,1594117,1399-7-7
596,ضغدر8048,اختيارخ وغدير-22000-1399/08/26,7,200,200000000,1500,1000,1000,-500,-33.33,1000,-500,-33.33,1000,1000,1399-7-7
597,كپرور,فرآوري زغال سنگ پروده طبس,7,43108,1780231076,43470,41297,41297,-2173,-5.0,43388,-82,-0.19,41297,41297,1399-7-7
598,ضپاس7000,اختيارخ وپارس-1500-1399/07/30,7,147,242311000,1761,1500,1610,-151,-8.57,1648,-113,-6.42,1500,1761,1399-7-7
599,هجرت,پخش هجرت,7,3056,177248000,61052,58000,58000,-3052,-5.0,61040,-12,-0.02,58000,58000,1399-7-7
600,كساپا,سايپاشيشه‌,7,12300,244893000,20950,19910,19910,-1040,-4.96,20940,-10,-0.05,19910,19910,1399-7-7
601,سهرمز,سيمان‌هرمزگان‌,7,4995,78021900,16440,15620,15620,-820,-4.99,16440,0,0.0,15620,15620,1399-7-7
602,غپاك,لبنيات‌ پاك‌,7,15380,260075800,17790,16910,16910,-880,-4.95,17790,0,0.0,16910,16910,1399-7-7
603,اخزا805,اسنادخزانه-م5بودجه98-000422,7,13261,11587052778,874348,873740,873770,-578,-0.07,873769,-579,-0.07,873740,874101,1399-7-7
604,سنوين,سرمايه گذاري اقتصاد نوين,7,93260,1007581040,11254,10804,10804,-450,-4.0,11207,-47,-0.42,10804,10804,1399-7-7
605,بالبر,كابل‌ البرز,7,1941,50252490,27250,25890,25890,-1360,-4.99,27250,0,0.0,25890,25890,1399-7-7
606,اطلس2,صندوق س.توسعه اندوخته آينده-س,7,70000,70000,200179,1,1,-200178,-100.0,1,-200178,-100.0,1,1,1399-7-7
607,بكاب,صنايع‌جوشكاب‌يزد,7,2996,378245000,132890,126250,126250,-6640,-5.0,132840,-50,-0.04,126250,126250,1399-7-7
608,صخود412,ص مرابحه خودرو412- 3ماهه 18%,7,110,111001793,985002,999999,1010000,24998,2.54,1009107,24105,2.45,999999,1013997,1399-7-7
609,دكپسول,توليد ژلاتين كپسول ايران,7,3888,149664672,40520,38494,38494,-2026,-5.0,40514,-6,-0.01,38494,38494,1399-7-7
610,ثپرديس,سرمايه گذاري مسكن پرديس,6,13040,174084000,14052,13350,13350,-702,-5.0,14049,-3,-0.02,13350,13350,1399-7-7
611,ضفلا8087,اختيارخ فولاد-18775-1399/08/28,6,53,105000000,2000,1500,2000,0,0.0,1981,-19,-0.95,1500,2000,1399-7-7
612,فلات,گروه صنايع معادن فلات ايرانيان,6,21023,277209278,13593,13186,13186,-407,-2.99,13587,-6,-0.04,13186,13186,1399-7-7
613,فنوال,نورد آلومينيوم‌,6,998,36207440,38180,36280,36280,-1900,-4.98,38180,0,0.0,36280,36280,1399-7-7
614,ضملت8037,اختيارخ وبملت-8204-1399/08/28,6,91,99636601,280,250,265,-15,-5.36,264,-16,-5.71,250,265,1399-7-7
615,غشصفا,شيرپاستوريزه‌پگاه‌اصفهان‌,6,2245,60143550,28200,26790,26790,-1410,-5.0,28200,0,0.0,26790,26790,1399-7-7
616,ضخود7044,اختيارخ خودرو-2000-1399/07/09,6,59,19196000,700,10,350,-350,-50.0,325,-375,-53.57,10,360,1399-7-7
617,ضجار7025,اختيارخ وتجارت-3400-1399/07/22,6,300,28704000,13,80,150,137,1053.85,96,83,638.46,49,160,1399-7-7
618,شفارس,صنايع‌ شيميايي‌ فارس‌,6,1894,63051260,35040,33290,33290,-1750,-4.99,35040,0,0.0,33290,33290,1399-7-7
619,وگستر,گسترش سرمايه گذاري ايرانيان,6,8235,161891865,20693,19659,19659,-1034,-5.0,20689,-4,-0.02,19659,19659,1399-7-7
620,خچرخش,چرخشگر,6,3545,75614850,22450,21330,21330,-1120,-4.99,22450,0,0.0,21330,21330,1399-7-7
621,پلوله,گازلوله‌,6,15696,316243008,20351,20148,20148,-203,-1.0,20338,-13,-0.06,20148,20148,1399-7-7
622,وايران,ليزينگ ايرانيان,6,9729,105170490,11370,10810,10810,-560,-4.93,11370,0,0.0,10810,10810,1399-7-7
623,ضخود7066,اختيارخ خودرو-7000-1399/07/09,6,200,200000,1,1,1,0,0.0,1,0,0.0,1,1,1399-7-7
624,چكاوه,صنايع‌كاغذسازي‌كاوه‌,6,1215,45222300,39170,37220,37220,-1950,-4.98,39170,0,0.0,37220,37220,1399-7-7
625,هنفت912,اختيارف ت نفت-15330-99/12/04,6,100000,117700000,490,1177,1177,687,140.2,1177,687,140.2,1177,1177,1399-7-7
626,ثعمرا,عمران و توسعه شاهد,6,2541,64704024,26804,25464,25464,-1340,-5.0,26802,-2,-0.01,25464,25464,1399-7-7
627,سنير,سيمان‌ سفيد ني‌ريز,6,2911,264522570,95650,90870,90870,-4780,-5.0,95620,-30,-0.03,90870,90870,1399-7-7
628,غگلپا,شير پاستوريزه پگاه گلپايگان,5,1691,124251298,77345,73478,73478,-3867,-5.0,77335,-10,-0.01,73478,73478,1399-7-7
629,ضچاد1016,اختيارخ كچاد-18000-1399/10/02,5,164,805600000,1,4800,5400,5399,539900.0,4912,4911,491100.0,4800,5400,1399-7-7
630,آ س پ,آ.س.پ,5,3074,44114974,15106,14351,14351,-755,-5.0,15105,-1,-0.01,14351,14351,1399-7-7
631,ضپنا1022,اختيارخ رمپنا-18806-1399/10/09,5,96,497300000,5651,5500,4800,-851,-15.06,5180,-471,-8.33,4800,5500,1399-7-7
632,ضفلا8093,اختيارخ فولاد-29775-1399/08/28,5,166,101100000,800,400,700,-100,-12.5,609,-191,-23.88,400,700,1399-7-7
633,ضفلا8076,اختيارخ فولاد-8775-1399/08/28,5,26,210251000,9000,9000,7251,-1749,-19.43,8087,-913,-10.14,7251,9000,1399-7-7
634,ثرود,سرمايه‌گذاري مسكن زاينده رود,5,8049,99759306,13046,12394,12394,-652,-5.0,13045,-1,-0.01,12394,12394,1399-7-7
635,بايكا,كارخانجات كابلسازي ‌ايران‌,5,6967,291659521,43157,41863,41863,-1294,-3.0,43137,-20,-0.05,41863,41863,1399-7-7
636,زكشت,كشاورزي مكانيزه اصفهان كشت,5,834,26238474,33116,31461,31461,-1655,-5.0,33115,-1,0.0,31461,31461,1399-7-7
637,ضجار7018,اختيارخ وتجارت-2000-1399/07/22,5,106,74253000,1100,800,750,-350,-31.82,700,-400,-36.36,453,800,1399-7-7
638,ضغدر8044,اختيارخ وغدير-17000-1399/08/26,5,78,149403000,1558,1900,1812,254,16.3,1915,357,22.91,1812,2000,1399-7-7
639,زعف9908پ17,زعفران9908پوشالمعمول بيرجند(پ),5,503,32271100,65031,63700,66000,969,1.49,64157,-874,-1.34,63700,66000,1399-7-7
640,كابگن,توليدي و صنعتي آبگينه‌,5,10054,45795970,4510,4555,4555,45,1.0,4510,0,0.0,4555,4555,1399-7-7
641,زنجان,صنايع كشاورزي وكود زنجان,5,26554,182479088,7084,6872,6872,-212,-2.99,7082,-2,-0.03,6872,6872,1399-7-7
642,ضچاد7017,اختيارخ كچاد-14300-1399/07/07,5,36,148092000,4796,4200,3741,-1055,-22.0,4114,-682,-14.22,3741,4206,1399-7-7
643,كلوند,كاشي‌ الوند,5,967,25016290,27230,25870,25870,-1360,-4.99,27230,0,0.0,25870,25870,1399-7-7
644,خزر,فنرسازي‌زر,5,16750,139360000,8750,8320,8320,-430,-4.91,8750,0,0.0,8320,8320,1399-7-7
645,تملي704,تسهيلات مسكن ب. ملي-تير97,5,12,12016452,953687,1001371,1001371,47684,5.0,1001371,47684,5.0,1001371,1001371,1399-7-7
646,دشيمي,شيمي‌ داروئي‌ داروپخش‌,5,1011,56797980,59130,56180,56180,-2950,-4.99,59130,0,0.0,56180,56180,1399-7-7
647,شستا993,اجاره ت.اجتماعي-كاردان991226,5,49,50613550,1022475,1014710,1035000,12525,1.22,1032930,10455,1.02,1014710,1035000,1399-7-7
648,ولتجار,واسپاري تجارت وسرمايه ايرانيان,5,15750,106076250,6943,6735,6735,-208,-3.0,6942,-1,-0.01,6735,6735,1399-7-7
649,ركيش,كارت اعتباري ايران كيش,5,1764,28823760,17190,16340,16340,-850,-4.94,17190,0,0.0,16340,16340,1399-7-7
650,وسرمد,بيمه  سرمد,5,4653,29448837,6524,6329,6329,-195,-2.99,6524,0,0.0,6329,6329,1399-7-7
651,غپآذر,شير پگاه آذربايجان شرقي,5,2530,141816620,59004,56054,56054,-2950,-5.0,58995,-9,-0.02,56054,56054,1399-7-7
652,قشكر,شكرشاهرود,5,8092,359446640,46750,44420,44420,-2330,-4.98,46730,-20,-0.04,44420,44420,1399-7-7
653,خكاوه,سايپا ديزل,5,25601,163641592,6589,6392,6392,-197,-2.99,6587,-2,-0.03,6392,6392,1399-7-7
654,تملي705,تسهيلات مسكن ب. ملي-مرداد97,5,119,45121468,361117,379172,379172,18055,5.0,379172,18055,5.0,379172,379172,1399-7-7
655,وبرق,س.کارکنان صنعت برق زنجان وقزوي,5,710,146802440,213158,206764,206764,-6394,-3.0,213110,-48,-0.02,206764,206764,1399-7-7
656,كگاز,شيشه‌ و گاز,5,3982,97320080,25720,24440,24440,-1280,-4.98,25720,0,0.0,24440,24440,1399-7-7
657,لابسا,آبسال‌,5,1305,40402800,32580,30960,30960,-1620,-4.97,32580,0,0.0,30960,30960,1399-7-7
658,كقزوي,شيشه‌ قزوين‌,5,3540,36723960,10694,10374,10374,-320,-2.99,10693,-1,-0.01,10374,10374,1399-7-7
659,صايپا012,صكوك مرابحه سايپا012-3ماهه 16%,5,418,405398392,980400,961700,980000,-400,-0.04,969853,-10547,-1.08,961176,980000,1399-7-7
660,شسم,توليد سموم‌ علف‌ كش,5,1017,81885789,78939,80517,80517,1578,2.0,78952,13,0.02,80517,80517,1399-7-7
661,خكار,ايركا پارت صنعت,5,12817,463590890,38070,36170,36170,-1900,-4.99,38050,-20,-0.05,36170,36170,1399-7-7
662,ضخود1042,اختيارخ خودرو-3000-1399/10/07,5,52,17084000,562,489,300,-262,-46.62,329,-233,-41.46,300,489,1399-7-7
663,ضجار7017,اختيارخ وتجارت-1900-1399/07/22,4,22,14300000,1067,650,650,-417,-39.08,650,-417,-39.08,650,650,1399-7-7
664,ضپنا1021,اختيارخ رمپنا-16106-1399/10/09,4,110,895000000,8615,8500,7600,-1015,-11.78,8136,-479,-5.56,7600,8500,1399-7-7
665,غشاذر,پگاه‌آذربايجان‌غربي‌,4,2182,48069460,23180,22030,22030,-1150,-4.96,23180,0,0.0,22030,22030,1399-7-7
666,پاسا,ايران‌ياساتايرورابر,4,1477,34709500,24730,23500,23500,-1230,-4.97,24730,0,0.0,23500,23500,1399-7-7
667,ولانا,شركت ليزينگ آريا دانا,4,3214,73661666,23627,22919,22919,-708,-3.0,23624,-3,-0.01,22919,22919,1399-7-7
668,بشهاب,لامپ‌  پارس‌ شهاب‌,4,378,26645220,74190,70490,70490,-3700,-4.99,74190,0,0.0,70490,70490,1399-7-7
669,هپارس912,اختيارف ت وپارس-5920-99/12/10,4,200000,322400000,1409,1612,1612,203,14.41,1612,203,14.41,1612,1612,1399-7-7
670,وسزنجان,شركت س استان زنجان,4,71658,107487000,1430,1500,1500,70,4.9,1430,0,0.0,1500,1500,1399-7-7
671,ضشنا7073,اختيارخ شپنا-15837-1399/07/28,4,65,246800000,4000,3800,3800,-200,-5.0,3797,-203,-5.08,3794,3800,1399-7-7
672,ضفلا8080,اختيارخ فولاد-11775-1399/08/28,4,21,113900000,7000,6100,4500,-2500,-35.71,5424,-1576,-22.51,4500,6100,1399-7-7
673,عسناسنگ,سلف كنستانتره سنگ آهن سناباد,4,17,116202206,6711389,6843317,6709134,-2255,-0.03,6835424,124035,1.85,6709134,6843317,1399-7-7
674,ولبهمن,شركت بهمن ليزينگ,4,4000,39276000,10335,9819,9819,-516,-4.99,10335,0,0.0,9819,9819,1399-7-7
675,بسويچ,پارس‌سويچ‌,4,640,28454400,46790,44460,44460,-2330,-4.98,46790,0,0.0,44460,44460,1399-7-7
676,ضترا8023,اختيارخ شتران-4886-1399/08/11,4,13,150000000,10000,10000,12000,2000,20.0,11538,1538,15.38,10000,12000,1399-7-7
677,ضخود7055,اختيارخ خودرو-3600-1399/07/09,4,185,185000,2,1,1,-1,-50.0,1,-1,-50.0,1,1,1399-7-7
678,ولغدر,ليزينگ‌خودروغدير,4,101162,1733916680,18040,17140,17140,-900,-4.99,18010,-30,-0.17,17140,17140,1399-7-7
679,ضترا8040,اختيارخ شتران-16326-1399/08/11,4,88,130000000,4062,1000,3000,-1062,-26.14,1477,-2585,-63.64,1000,3000,1399-7-7
680,غپونه,نوش پونه مشهد,4,9165,155502555,17491,16967,16967,-524,-3.0,17487,-4,-0.02,16967,16967,1399-7-7
681,سرود,سيمان‌شاهرود,4,2474,35427680,15070,14320,14320,-750,-4.98,15070,0,0.0,14320,14320,1399-7-7
682,ثشرق,سرمايه گذاري مسكن شمال شرق,4,8888,60527280,7160,6810,6810,-350,-4.89,7160,0,0.0,6810,6810,1399-7-7
683,خعمرا,توسعه و عمران شهرستان نائين,4,114399,1721933748,14614,15052,15052,438,3.0,14650,36,0.25,15052,15052,1399-7-7
684,شرق1400,مشاركت ليزينگ ايران وشرق140010,4,29,29670000,1013226,1030000,1010000,-3226,-0.32,1023103,9877,0.97,1010000,1030000,1399-7-7
685,حپارسا,توسعه حمل و نقل ريلي پارسيان,4,2256,74635248,34824,33083,33083,-1741,-5.0,34821,-3,-0.01,33083,33083,1399-7-7
686,زمگسا,كشاورزي‌ ودامپروي‌ مگسال‌,4,5322,140766900,27840,26450,26450,-1390,-4.99,27840,0,0.0,26450,26450,1399-7-7
687,چافست,افست‌,4,1877,48464140,27170,25820,25820,-1350,-4.97,27170,0,0.0,25820,25820,1399-7-7
688,دكوثر,داروسازي‌ كوثر,4,1049,26508230,26590,25270,25270,-1320,-4.96,26590,0,0.0,25270,25270,1399-7-7
689,ختراك,ريخته‌گري‌ تراكتورسازي‌ ايران‌,4,2165,47132050,22910,21770,21770,-1140,-4.98,22910,0,0.0,21770,21770,1399-7-7
690,ضملي8082,اختيارخ فملي-39750-1399/08/06,4,90,90607000,966,1607,1000,34,3.52,1007,41,4.24,1000,1607,1399-7-7
691,بنيرو,نيروترانس‌,4,1256,81614880,68390,64980,64980,-3410,-4.99,68380,-10,-0.01,64980,64980,1399-7-7
692,فمراد,آلومراد,4,638,94334680,155640,147860,147860,-7780,-5.0,155620,-20,-0.01,147860,147860,1399-7-7
693,سكرما,سيمان‌ كرمان‌,4,1900,28196000,15620,14840,14840,-780,-4.99,15620,0,0.0,14840,14840,1399-7-7
694,حپترو,حمل و نقل پتروشيمي( سهامي عام,4,2782,84656260,32030,30430,30430,-1600,-5.0,32030,0,0.0,30430,30430,1399-7-7
695,داسوه,داروسازي‌ اسوه‌,4,2803,86893000,32630,31000,31000,-1630,-5.0,32630,0,0.0,31000,31000,1399-7-7
696,حسير,ريل سير كوثر,4,83075,2195339950,27816,26426,26426,-1390,-5.0,27752,-64,-0.23,26426,26426,1399-7-7
697,زعف9908پ13,زعفران9908پوشالمعمول روستا(پ),4,245,15606500,64812,63700,63700,-1112,-1.72,63700,-1112,-1.72,63700,63700,1399-7-7
698,قزوين,كارخانجات‌ قند قزوين‌,4,1046,36358960,36580,34760,34760,-1820,-4.98,36580,0,0.0,34760,34760,1399-7-7
699,ثالوند,سرمايه گذاري مسكن الوند,3,2533,33362143,13864,13171,13171,-693,-5.0,13864,0,0.0,13171,13171,1399-7-7
700,دفرا,فرآورده‌هاي‌ تزريقي‌ ايران‌,3,590,15770700,28130,26730,26730,-1400,-4.98,28130,0,0.0,26730,26730,1399-7-7
701,وسمركز,شركت س استان مركزي,3,201954,296872380,1400,1470,1470,70,5.0,1400,0,0.0,1470,1470,1399-7-7
702,نتوس,پشم‌ بافي‌ توس,3,4900,53346300,11223,10887,10887,-336,-2.99,11222,-1,-0.01,10887,10887,1399-7-7
703,كفرا,فراورده‌ هاي‌ نسوزايران‌,3,752,29734080,41620,39540,39540,-2080,-5.0,41620,0,0.0,39540,39540,1399-7-7
704,پدرخش,درخشان‌ تهران‌,3,49,10726590,230430,218910,218910,-11520,-5.0,230430,0,0.0,218910,218910,1399-7-7
705,رتكو,كنترل‌خوردگي‌تكين‌كو,3,25902,477632880,19410,18440,18440,-970,-5.0,19400,-10,-0.05,18440,18440,1399-7-7
706,تملي706,تسهيلات مسكن ب. ملي-شهريور97,3,23,6243373,258525,271451,271451,12926,5.0,271451,12926,5.0,271451,271451,1399-7-7
707,صايپا908,صكوك مرابحه سايپا908-3ماهه 18%,3,7,6965014,1000704,995002,995002,-5702,-0.57,995002,-5702,-0.57,995002,995002,1399-7-7
708,تملي612,تسهيلات مسكن بانك ملي-اسفند96,3,14,44022412,2994722,3144458,3144458,149736,5.0,3144458,149736,5.0,3144458,3144458,1399-7-7
709,سشمال,سيمان‌ شمال‌,3,1429,16176280,11910,11320,11320,-590,-4.95,11910,0,0.0,11320,11320,1399-7-7
710,ضشنا7082,اختيارخ شپنا-29258-1399/07/28,3,62,31000000,60,500,500,440,733.33,500,440,733.33,500,500,1399-7-7
711,ضسان1042,اختيارخ پارسان-32000-99/10/14,3,4,15000000,1,4500,3000,2999,299900.0,3750,3749,374900.0,3000,4500,1399-7-7
712,ضجار7020,اختيارخ وتجارت-2400-1399/07/22,3,4,2499000,1000,400,700,-300,-30.0,625,-375,-37.5,400,700,1399-7-7
713,نمرينو,ايران‌ مرينوس‌,3,480,30316800,66480,63160,63160,-3320,-4.99,66480,0,0.0,63160,63160,1399-7-7
714,لبوتان,گروه‌صنعتي‌بوتان‌,3,341,26966280,83240,79080,79080,-4160,-5.0,83240,0,0.0,79080,79080,1399-7-7
715,ضجار7027,اختيارخ وتجارت-3800-1399/07/22,3,75,1770000,36,30,27,-9,-25.0,24,-12,-33.33,20,30,1399-7-7
716,ضخود7046,اختيارخ خودرو-2400-1399/07/09,3,16,1600000,400,100,100,-300,-75.0,100,-300,-75.0,100,100,1399-7-7
717,صينا205,صكوك منفعت سينا دارو-3ماهه 19%,3,20,19700072,980000,990000,980000,0,0.0,985004,5004,0.51,980000,990000,1399-7-7
718,وثنو,سرمايه گذاري ساختماني نوين,3,5807,104827964,18610,18052,18052,-558,-3.0,18607,-3,-0.02,18052,18052,1399-7-7
719,ضسان1040,اختيارخ پارسان-24000-99/10/14,3,7,47500000,1,8500,6500,6499,649900.0,6786,6785,678500.0,6500,8500,1399-7-7
720,ضجار7016,اختيارخ وتجارت-1800-1399/07/22,3,16,6800000,1405,700,300,-1105,-78.65,425,-980,-69.75,300,700,1399-7-7
721,صگل411,ص اجاره گل گهر 411- 3 ماهه 17%,3,15,14716290,1000665,981080,981090,-19575,-1.96,981086,-19579,-1.96,981080,981090,1399-7-7
722,ضفار1123,اختيارخ فارس-13826-1399/11/07,3,15,110000000,7000,5000,8500,1500,21.43,7333,333,4.76,5000,8500,1399-7-7
723,قشير,قند شيروان قوچان و بجنورد,3,2895,74861805,27220,25859,25859,-1361,-5.0,27218,-2,-0.01,25859,25859,1399-7-7
724,ضمخا7049,اختيارخ اخابر-13750-1399/07/30,3,30,112500000,4237,3750,3750,-487,-11.49,3750,-487,-11.49,3750,3750,1399-7-7
725,ضفار1121,اختيارخ فارس-9826-1399/11/07,3,11,142400000,18500,14000,12000,-6500,-35.14,12945,-5555,-30.03,12000,14000,1399-7-7
726,سخزر,سيمان‌ خزر,3,1487,43643450,30890,29350,29350,-1540,-4.99,30890,0,0.0,29350,29350,1399-7-7
727,پارتا,مجتمع‌صنعتي‌آرتاويل‌تاير,3,1818,111270690,63097,61205,61205,-1892,-3.0,63090,-7,-0.01,61205,61205,1399-7-7
728,حبندر,دريايي و کشتيراني خط دريابندر,3,1954,45328892,23915,23198,23198,-717,-3.0,23913,-2,-0.01,23198,23198,1399-7-7
729,ضغدر8040,اختيارخ وغدير-13000-1399/08/26,3,45,157500000,2285,3500,3500,1215,53.17,3500,1215,53.17,3500,3500,1399-7-7
730,غگلستا,شير پاستوريزه پگاه گلستان,3,2500,38065000,16027,15226,15226,-801,-5.0,16026,-1,-0.01,15226,15226,1399-7-7
731,پلاسك,پلاسكوكار,3,2049,18686880,9590,9120,9120,-470,-4.9,9590,0,0.0,9120,9120,1399-7-7
732,سخواف,سيمان مجد خواف,3,2213,35753228,17006,16156,16156,-850,-5.0,17004,-2,-0.01,16156,16156,1399-7-7
733,تملي702,تسهيلات مسكن ب. ملي-ارديبهشت97,3,11,6342226,549111,576566,576566,27455,5.0,576566,27455,5.0,576566,576566,1399-7-7
734,كمينا,شيشه سازي مينا,3,340,10965000,33247,32250,32250,-997,-3.0,33246,-1,0.0,32250,32250,1399-7-7
735,ضمخا7050,اختيارخ اخابر-14750-1399/07/30,3,33,105000000,5500,3000,3200,-2300,-41.82,3182,-2318,-42.15,3000,3200,1399-7-7
736,پلاست,كارخانجات توليدي پلاستيران,3,918,38647800,43402,42100,42100,-1302,-3.0,43399,-3,-0.01,42100,42100,1399-7-7
737,افرا,افرانت,2,277,18064278,68646,65214,65214,-3432,-5.0,68645,-1,0.0,65214,65214,1399-7-7
738,لازما,كارخانه هاي صنعتي آزمايش,2,336,10560144,32070,31429,31429,-641,-2.0,32069,-1,0.0,31429,31429,1399-7-7
739,ضملي1154,اختيارخ فملي-24336-1399/11/05,2,15,42050000,2767,2850,2800,33,1.19,2803,36,1.3,2800,2850,1399-7-7
740,ضخوز7028,اختيارخ فخوز-43470-1399/07/20,2,2,4000000,3829,2000,2000,-1829,-47.77,2000,-1829,-47.77,2000,2000,1399-7-7
741,اخزا713,اسنادخزانه-م13بودجه97-000518,2,2617,2254631722,863954,861502,875000,11046,1.28,861533,-2421,-0.28,861502,875000,1399-7-7
742,ضغدر8035,اختيارخ وغدير-9000-1399/08/26,2,3,16660000,7000,5550,5555,-1445,-20.64,5553,-1447,-20.67,5550,5555,1399-7-7
743,قلرست,قند لرستان‌,2,642,16101360,26400,25080,25080,-1320,-5.0,26400,0,0.0,25080,25080,1399-7-7
744,تملي703,تسهيلات مسكن ب. ملي-خرداد97,2,8,2526440,300767,315805,315805,15038,5.0,315805,15038,5.0,315805,315805,1399-7-7
745,ضمخا7048,اختيارخ اخابر-12750-1399/07/30,2,100,500000000,22493,5000,5000,-17493,-77.77,5000,-17493,-77.77,5000,5000,1399-7-7
746,تملي708,تسهيلات مسكن ب. ملي-آبان97,2,31,6251739,192066,201669,201669,9603,5.0,201669,9603,5.0,201669,201669,1399-7-7
747,هصيكو402,اختيارف ت تاصيكو13500-00/02/20,2,80000,2080000,1,26,26,25,2500.0,26,25,2500.0,26,26,1399-7-7
748,ضترا8027,اختيارخ شتران-6353-1399/08/11,2,71,710000000,11000,10000,10000,-1000,-9.09,10000,-1000,-9.09,10000,10000,1399-7-7
749,زنگان,صنعت روي زنگان,2,364,56546308,163523,155347,155347,-8176,-5.0,163513,-10,-0.01,155347,155347,1399-7-7
750,اخزا718,اسنادخزانه-م18بودجه97-000525,2,1528,1316426328,861587,861501,861601,14,0.0,861536,-51,-0.01,861501,861601,1399-7-7
751,ضپاس7017,اختيارخ وپارس-4400-1399/07/30,2,4,877000,244,40,279,35,14.34,219,-25,-10.25,40,279,1399-7-7
752,دروز,داروسازي‌ روزدارو,2,19150,361552000,19870,18880,18880,-990,-4.98,19860,-10,-0.05,18880,18880,1399-7-7
753,بساما,بيمه سامان,2,2575,59593225,24361,23143,23143,-1218,-5.0,24359,-2,-0.01,23143,23143,1399-7-7
754,ضغدر8030,اختيارخ وغدير-6510-1399/08/26,2,11,96000000,11545,9000,6000,-5545,-48.03,8727,-2818,-24.41,6000,9000,1399-7-7
755,ثنظام,س. ساختماني نظام مهندسي ايران,2,382,18352044,49527,48042,48042,-1485,-3.0,49526,-1,0.0,48042,48042,1399-7-7
756,ضپنا7033,اختيارخ رمپنا-17456-1399/07/13,2,12,54096000,1,5016,4000,3999,399900.0,4508,4507,450700.0,4000,5016,1399-7-7
757,كسعدي,كاشي‌ سعدي‌,2,370,23435800,66670,63340,63340,-3330,-4.99,66670,0,0.0,63340,63340,1399-7-7
758,ضپنا7047,اختيارخ رمپنا-48507-1399/07/13,2,116,116000,100,1,1,-99,-99.0,1,-99,-99.0,1,1,1399-7-7
759,خوساز,محورسازان‌ايران‌خودرو,2,6000,57660000,10110,9610,9610,-500,-4.95,10110,0,0.0,9610,9610,1399-7-7
760,ضگل8058,اختيارخ كگل-14100-1399/08/21,2,15,84750000,5900,5650,5650,-250,-4.24,5650,-250,-4.24,5650,5650,1399-7-7
761,پسهند,صنايع‌ لاستيكي‌  سهند,2,475,21869000,48460,46040,46040,-2420,-4.99,48460,0,0.0,46040,46040,1399-7-7
762,وپسا,س. پتروشيمي ساختمان  خليج فارس,2,1980,10244520,5333,5174,5174,-159,-2.98,5333,0,0.0,5174,5174,1399-7-7
763,دمعيار2,صندوق س. توازن معيار-د,2,7500000,7500000,10009,1,1,-10008,-99.99,1,-10008,-99.99,1,1,1399-7-7
764,ضغدر8046,اختيارخ وغدير-19000-1399/08/26,2,8,8000000,500,1000,1000,500,100.0,1000,500,100.0,1000,1000,1399-7-7
765,ضپنا7046,اختيارخ رمپنا-44457-1399/07/13,2,2,4000,2,2,2,0,0.0,2,0,0.0,2,2,1399-7-7
766,خمحور,توليدمحورخودرو,2,609,34962690,60430,57410,57410,-3020,-5.0,60430,0,0.0,57410,57410,1399-7-7
767,ضملي8077,اختيارخ فملي -29750-1399/08/06,2,32,73084000,3330,2000,2757,-573,-17.21,2284,-1046,-31.41,2000,2757,1399-7-7
768,ضمخا7032,اختيارخ اخابر-4750-1399/07/30,2,12,78210000,6107,6110,11000,4893,80.12,6517,410,6.71,6110,11000,1399-7-7
769,تكنو,تكنوتار,2,2116,30999400,15420,14650,14650,-770,-4.99,15420,0,0.0,14650,14650,1399-7-7
770,تملي712,تسهيلات مسكن ب. ملي-اسفند97,2,4,2425180,577424,606295,606295,28871,5.0,606295,28871,5.0,606295,606295,1399-7-7
771,سفارود,كارخانه فارسيت درود,2,3438,23811588,7067,6926,6926,-141,-2.0,7067,0,0.0,6926,6926,1399-7-7
772,خكمك,كمك‌فنرايندامين‌,2,1500,83385000,58510,55590,55590,-2920,-4.99,58500,-10,-0.02,55590,55590,1399-7-7
773,دكيمي,كيميدارو,2,415,10130150,25690,24410,24410,-1280,-4.98,25690,0,0.0,24410,24410,1399-7-7
774,ثغرب,شركت سرمايه گذاري مسكن شمالغرب,2,1000,13675000,14394,13675,13675,-719,-5.0,14394,0,0.0,13675,13675,1399-7-7
775,اخزا716,اسنادخزانه-م16بودجه97-000407,2,241,212625159,881002,888999,880881,-121,-0.01,882262,1260,0.14,880881,888999,1399-7-7
776,ضملت8034,اختيارخ وبملت-6755-1399/08/28,2,4,16530872,1190,998,998,-192,-16.13,998,-192,-16.13,998,998,1399-7-7
777,ضغدر8045,اختيارخ وغدير-18000-1399/08/26,2,42,62700000,1907,1600,1300,-607,-31.83,1493,-414,-21.71,1300,1600,1399-7-7
778,خلنت,لنت‌ ترمزايران‌,2,130,11988600,97070,92220,92220,-4850,-5.0,97070,0,0.0,92220,92220,1399-7-7
779,سيلام,سيمان‌ ايلام‌,2,4546,46641960,10800,10260,10260,-540,-5.0,10800,0,0.0,10260,10260,1399-7-7
780,ولراز,ليزينگ رازي,2,1008,23837184,24892,23648,23648,-1244,-5.0,24890,-2,-0.01,23648,23648,1399-7-7
781,ضپاس7021,اختيارخ وپارس-5500-1399/07/30,2,30,1900000,122,50,150,28,22.95,63,-59,-48.36,50,150,1399-7-7
782,ضسان1041,اختيارخ پارسان-28000-99/10/14,1,1,4500000,1,4500,4500,4499,449900.0,4500,4499,449900.0,4500,4500,1399-7-7
783,ضخود7051,اختيارخ خودرو-1300-1399/07/09,1,15,15000000,1300,1000,1000,-300,-23.08,1000,-300,-23.08,1000,1000,1399-7-7
784,آينده,بازرگاني آينده سازان بهشت پارس,1,250,5645000,23278,22580,22580,-698,-3.0,23278,0,0.0,22580,22580,1399-7-7
785,تملي711,تسهيلات مسكن ب. ملي-بهمن97,1,5,2957295,563295,591459,591459,28164,5.0,591459,28164,5.0,591459,591459,1399-7-7
786,گواهي ظرفيت,گواهي ظرفيت نقدي,1,19800000,210652200000,10639,10639,10639,0,0.0,10639,0,0.0,10639,10639,1399-7-7
787,خفولا,خدمات فني فولاد يزد,1,200,5633600,29039,28168,28168,-871,-3.0,29039,0,0.0,28168,28168,1399-7-7
788,ضپيك7033,اختيارخ تاپيكو-21370-99/07/20,1,2,2700000,1141,1350,1350,209,18.32,1350,209,18.32,1350,1350,1399-7-7
789,ضفلا8068,اختيارخ فولاد-4751-1399/08/28,1,9,144720000,12500,10000,10000,-2500,-20.0,10000,-2500,-20.0,10000,10000,1399-7-7
790,افاد53,منفعت دولت5-ش.خاص كاريزما0108,1,2000,1584940000,754734,792470,792470,37736,5.0,792470,37736,5.0,792470,792470,1399-7-7
791,آسام2,صندوق س.آرمان سپهر آشنا-م,1,100000,100000,102631,1,1,-102630,-100.0,1,-102630,-100.0,1,1,1399-7-7
792,ضجار7021,اختيارخ وتجارت-2600-1399/07/22,1,17,1054000,585,62,62,-523,-89.4,62,-523,-89.4,62,62,1399-7-7
793,تابان02,اجاره تابان لوتوس14021206,1,2000,1830000000,905000,915000,915000,10000,1.1,915000,10000,1.1,915000,915000,1399-7-7
794,اخزا722,اسنادخزانه-م22بودجه97-000428,1,243,211920543,872101,872101,872101,0,0.0,872101,0,0.0,872101,872101,1399-7-7
795,ضفار1120,اختيارخ فارس-8826-1399/11/07,1,5,84250000,19500,16850,16850,-2650,-13.59,16850,-2650,-13.59,16850,16850,1399-7-7
796,ضسپا8017,اختيارخ خساپا-2200-1399/08/26,1,1,90000,451,90,90,-361,-80.04,90,-361,-80.04,90,90,1399-7-7
797,غدشت,دشت‌ مرغاب‌,1,15,4365600,306350,291040,291040,-15310,-5.0,306350,0,0.0,291040,291040,1399-7-7
798,تملي710,تسهيلات مسكن ب. ملي-دي97,1,5,2251450,428848,450290,450290,21442,5.0,450290,21442,5.0,450290,450290,1399-7-7
799,ضفلا8079,اختيارخ فولاد-10775-1399/08/28,1,5,30000000,9120,6000,6000,-3120,-34.21,6000,-3120,-34.21,6000,6000,1399-7-7
800,تملي803,تسهيلات مسكن ب. ملي-خرداد98,1,1,210938,200894,210938,210938,10044,5.0,210938,10044,5.0,210938,210938,1399-7-7
801,ضخود7054,اختيارخ خودرو-3400-1399/07/09,1,45,45000,2,1,1,-1,-50.0,1,-1,-50.0,1,1,1399-7-7
802,لپيام,گسترش صنايع پيام,1,169,5310149,32062,31421,31421,-641,-2.0,32062,0,0.0,31421,31421,1399-7-7
803,كطبس,ذغال‌سنگ‌ نگين‌ ط‌بس‌,1,200,10050000,52890,50250,50250,-2640,-4.99,52890,0,0.0,50250,50250,1399-7-7
804,غمهرا,توليدي‌مهرام‌,1,48,5033280,110370,104860,104860,-5510,-4.99,110370,0,0.0,104860,104860,1399-7-7
805,ضپنا7042,اختيارخ رمپنا-32306-1399/07/13,1,5,5000,19,1,1,-18,-94.74,1,-18,-94.74,1,1,1399-7-7
806,ضغدر8038,اختيارخ وغدير-11000-1399/08/26,1,10,40000000,7891,4000,4000,-3891,-49.31,4000,-3891,-49.31,4000,4000,1399-7-7
807,ولشرق,ليزينگ ايران و شرق,1,644,5477220,8952,8505,8505,-447,-4.99,8952,0,0.0,8505,8505,1399-7-7
808,ضفلا8090,اختيارخ فولاد-23775-1399/08/28,1,20,24000000,3900,1200,1200,-2700,-69.23,1200,-2700,-69.23,1200,1200,1399-7-7
809,ياقوت2,صندوق س ياقوت آگاه-ثابت,1,5290000,5290000,11080,1,1,-11079,-99.99,1,-11079,-99.99,1,1,1399-7-7
810,ضغدر8047,اختيارخ وغدير-20000-1399/08/26,1,8,7992000,490,999,999,509,103.88,999,509,103.88,999,999,1399-7-7
811,تملي804,تسهيلات مسكن ب. ملي-تير98,1,19,5043987,252832,265473,265473,12641,5.0,265473,12641,5.0,265473,265473,1399-7-7
812,ضمخا7051,اختيارخ اخابر-15750-1399/07/30,1,36,79200000,4200,2200,2200,-2000,-47.62,2200,-2000,-47.62,2200,2200,1399-7-7
813,شلرد02,كود شيميايي اوره لردگان,1,11,10890000,990000,990000,990000,0,0.0,990000,0,0.0,990000,990000,1399-7-7
814,عفولاد3,اوراق سلف موازي ورق گرم فولاد,1,75,59024625,783544,786995,786995,3451,0.44,786995,3451,0.44,786995,786995,1399-7-7
815,ضفلا8078,اختيارخ فولاد-9775-1399/08/28,1,1,7000000,10000,7000,7000,-3000,-30.0,7000,-3000,-30.0,7000,7000,1399-7-7
816,دلقما,دارويي‌ لقمان‌,1,150,5082000,35660,33880,33880,-1780,-4.99,35660,0,0.0,33880,33880,1399-7-7
817,ضخود7060,اختيارخ خودرو-4600-1399/07/09,1,3,6000,1,2,2,1,100.0,2,1,100.0,2,2,1399-7-7
818,ضفلا8086,اختيارخ فولاد-17775-1399/08/28,1,17,45900000,2104,2700,2700,596,28.33,2700,596,28.33,2700,2700,1399-7-7
819,تملي806,تسهيلات مسكن ب. ملي-شهريور98,1,6,1068870,169662,178145,178145,8483,5.0,178145,8483,5.0,178145,178145,1399-7-7
820,ضفار8029,اختيارخ فارس-7326-1399/08/06,1,10,130000000,15000,13000,13000,-2000,-13.33,13000,-2000,-13.33,13000,13000,1399-7-7
821,سپرمي,پرميت‌,1,597,5001069,8461,8377,8377,-84,-0.99,8461,0,0.0,8377,8377,1399-7-7
822,صخود0004,صكوك رهني خودرو0004- 3ماهه 16%,1,10,9700000,995000,970000,970000,-25000,-2.51,970000,-25000,-2.51,970000,970000,1399-7-7
823,خفنر,فنرسازي‌خاور,1,500,9975000,21000,19950,19950,-1050,-5.0,21000,0,0.0,19950,19950,1399-7-7
824,شمواد,توليد مواداوليه الياف مصنوعي,1,200,12671400,65316,63357,63357,-1959,-3.0,65315,-1,0.0,63357,63357,1399-7-7
825,تملي802,تسهيلات مسكن ب. ملي-ارديبهشت98,1,1,638816,608397,638816,638816,30419,5.0,638816,30419,5.0,638816,638816,1399-7-7
826,اخزا720,اسنادخزانه-م20بودجه97-000324,1,20,17754240,887712,887712,887712,0,0.0,887712,0,0.0,887712,887712,1399-7-7
827,تپمپي,پمپ‌ سازي‌ ايران‌,1,150,7317000,51340,48780,48780,-2560,-4.99,51340,0,0.0,48780,48780,1399-7-7
828,ضملت8021,اختيارخ وبملت-2650-1399/08/28,1,1,16564000,4500,4000,4000,-500,-11.11,4000,-500,-11.11,4000,4000,1399-7-7
829,ضپار8019,اختيارخ خپارس-3800-1399/08/18,1,3,11400000,2953,3800,3800,847,28.68,3800,847,28.68,3800,3800,1399-7-7
830,تملي709,تسهيلات مسكن ب. ملي-آذر97,1,7,2711338,368890,387334,387334,18444,5.0,387334,18444,5.0,387334,387334,1399-7-7
831,ضخوز7024,اختيارخ فخوز-33470-1399/07/20,1,1,2000000,15000,2000,2000,-13000,-86.67,2000,-13000,-86.67,2000,2000,1399-7-7
832,ضگل8065,اختيارخ كگل-23100-1399/08/21,1,5,10000000,4527,2000,2000,-2527,-55.82,2000,-2527,-55.82,2000,2000,1399-7-7
833,ضبدر8056,اختيارخ شبندر-21580-1399/08/18,1,1,13000000,14000,13000,13000,-1000,-7.14,13000,-1000,-7.14,13000,13000,1399-7-7
834,ضملي8070,اختيارخ فملي -17750-1399/08/06,1,10,45070000,1950,4507,4507,2557,131.13,4507,2557,131.13,4507,4507,1399-7-7
835,ضجار7033,اختيارخ وتجارت-5000-1399/07/22,1,10,100000,100,10,10,-90,-90.0,10,-90,-90.0,10,10,1399-7-7
836,ثاژن,سخت آژند,1,20000,200480000,10228,10024,10024,-204,-1.99,10224,-4,-0.04,10024,10024,1399-7-7
837,سفار,سيمان‌فارس‌,1,50,5066500,106660,101330,101330,-5330,-5.0,106660,0,0.0,101330,101330,1399-7-7
838,صخابر102,صكوك اجاره مخابرات-3 ماهه 16%,1,2000,2020000000,1000000,1010000,1010000,10000,1.0,1010000,10000,1.0,1010000,1010000,1399-7-7
839,كمند2,صندوق س. با درآمد ثابت كمند,1,45000000,45000000,10140,1,1,-10139,-99.99,1,-10139,-99.99,1,1,1399-7-7
840,تملي701,تسهيلات مسكن ب. ملي-فروردين97,1,4,2677152,637418,669288,669288,31870,5.0,669288,31870,5.0,669288,669288,1399-7-7
841,صايپا203,صكوك مرابحه سايپا203-3ماهه 16%,1,9,8640000,977405,960000,960000,-17405,-1.78,960000,-17405,-1.78,960000,960000,1399-7-7
842,ضفار1122,اختيارخ فارس-11826-1399/11/07,1,3,36600000,10000,12200,12200,2200,22.0,12200,2200,22.0,12200,12200,1399-7-7
843,ضملي8083,اختيارخ فملي-43750-1399/08/06,1,100,90000000,3000,900,900,-2100,-70.0,900,-2100,-70.0,900,900,1399-7-7
844,ضخود7056,اختيارخ خودرو-3800-1399/07/09,1,15,15000,2,1,1,-1,-50.0,1,-1,-50.0,1,1,1399-7-7
845,افاد534,منفعت دولت5-ش.خاص كاريزما0108,1,174000,137889780000,754734,792470,792470,37736,5.0,792470,37736,5.0,792470,792470,1399-7-7
846,ضملي8085,اختيارخ فملي-51750-1399/08/06,1,1,500000,1647,500,500,-1147,-69.64,500,-1147,-69.64,500,500,1399-7-7
847,ضچاد7025,اختيارخ كچاد-26000-1399/07/07,1,5,5000,5,1,1,-4,-80.0,1,-4,-80.0,1,1,1399-7-7
848,ثنور,سرمايه گذاري كوه نور,1,53000,419018000,8150,7906,7906,-244,-2.99,8145,-5,-0.06,7906,7906,1399-7-7
849,ضخود7057,اختيارخ خودرو-4000-1399/07/09,1,10,10000,1,1,1,0,0.0,1,0,0.0,1,1,1399-7-7
850,تملي707,تسهيلات مسكن ب. ملي-مهر97,1,8,3989480,474939,498685,498685,23746,5.0,498685,23746,5.0,498685,498685,1399-7-7
851,دقاضي,داروسازي شهيد قاضي,1,56,5158384,94962,92114,92114,-2848,-3.0,94961,-1,0.0,92114,92114,1399-7-7
852,فنرژي,گسترش صنايع انرژي آذرآب,1,1000,10935000,11158,10935,10935,-223,-2.0,11158,0,0.0,10935,10935,1399-7-7
853,چفيبر,فيبر ايران‌,1,1998,21398580,11270,10710,10710,-560,-4.97,11270,0,0.0,10710,10710,1399-7-7
854,لخزر,پارس‌ خزر,1,50,10473500,220490,209470,209470,-11020,-5.0,220490,0,0.0,209470,209470,1399-7-7
855,ثامان,سامان‌ گستراصفهان‌,1,500,10805000,22740,21610,21610,-1130,-4.97,22740,0,0.0,21610,21610,1399-7-7
856,تملي801,تسهيلات مسكن ب. ملي-فروردين98,1,13,4994405,365891,384185,384185,18294,5.0,384185,18294,5.0,384185,384185,1399-7-7
857,ضچاد1014,اختيارخ كچاد-14000-1399/10/02,1,1,9000000,1,9000,9000,8999,899900.0,9000,8999,899900.0,9000,9000,1399-7-7
858,خفناور,مهندسي صنعتي روان فن آور,1,307,7472380,25092,24340,24340,-752,-3.0,25092,0,0.0,24340,24340,1399-7-7
859,خموتور,موتورسازان‌تراكتورسازي‌ايران‌,1,441,5825610,13900,13210,13210,-690,-4.96,13900,0,0.0,13210,13210,1399-7-7
860,ضشنا7057,اختيارخ شپنا-5100-1399/07/28,1,1,10000000,10000,10000,10000,0,0.0,10000,0,0.0,10000,10000,1399-7-7
861,افاد814,منفعت دولت8-ش.خاص مهر0205,1,147000,137592000000,964250,936000,936000,-28250,-2.93,936000,-28250,-2.93,936000,936000,1399-7-7
862,ضمخا1028,اختيارخ اخابر-24000-1399/10/30,1,4,8000000,1,2000,2000,1999,199900.0,2000,1999,199900.0,2000,2000,1399-7-7
863,زعف9908پ15,زعفران9908پوشالمعمول طلاسرخ(پ),1,32,2048000,64000,64000,64000,0,0.0,64000,0,0.0,64000,64000,1399-7-7
864,تملي805,تسهيلات مسكن ب. ملي-مرداد98,1,10,2287790,217885,228779,228779,10894,5.0,228779,10894,5.0,228779,228779,1399-7-7
865,ضپاس7016,اختيارخ وپارس-4200-1399/07/30,1,17,2040000,249,120,120,-129,-51.81,120,-129,-51.81,120,120,1399-7-7
866,صمسكن912,ص دين مسكن جنوب-ماهانه16درصد,1,40,5516920,145182,137923,137923,-7259,-5.0,137923,-7259,-5.0,137923,137923,1399-7-7
867,ضسپا8016,اختيارخ خساپا-2000-1399/08/26,1,35,28000000,216,800,800,584,270.37,800,584,270.37,800,800,1399-7-7
868,شنفت2,نفت‌ پارس‌,1,5900000,320370000000,57150,54300,54300,-2850,-4.99,54300,-2850,-4.99,54300,54300,1399-7-7
869,عكاوه2,اوراق سلف شمش فولاد كاوه كيش,1,2,8016564,3944848,4008282,4008282,63434,1.61,4008282,63434,1.61,4008282,4008282,1399-7-7
870,ضفلا8088,اختيارخ فولاد-19775-1399/08/28,1,5,605000,1952,121,121,-1831,-93.8,121,-1831,-93.8,121,121,1399-7-7
871,تملي807,تسهيلات مسكن ب. ملي-مهر98,1,2,620142,295306,310071,310071,14765,5.0,310071,14765,5.0,310071,310071,1399-7-7
