,نماد,نام,تعداد,حجم,ارزش,دیروز,اولین,آخرین معامله - مقدار,آخرین معامله - تغییر,آخرین معامله - درصد,قیمت پایانی - مقدار,قیمت پایانی - تغییر,قیمت پایانی - درصد,کمترین,بیشترین,تاریخ
0,وسپهر,سرمايه گذاري مالي سپهرصادرات,240062,402374750,4858533283017,11645,11980,12227,582,5.0,12075,430,3.69,11064,12227,1399-7-8
1,گدنا,تهيه توزيع غذاي دنا آفرين فدك,130420,13834002,174157795280,6193,12386,13005,6812,110.0,12589,6396,103.28,12386,13005,1399-7-8
2,خودرو,ايران‌ خودرو,75468,2263774716,5714309789270,2640,2510,2600,-40,-1.52,2520,-120,-4.55,2510,2640,1399-7-8
3,امين,تامين سرمايه امين,73763,38559365,494910047480,13390,12730,13060,-330,-2.46,12840,-550,-4.11,12730,13800,1399-7-8
4,فولاد,فولاد مباركه اصفهان,70828,369086717,6457530689360,17930,17040,17960,30,0.17,17500,-430,-2.4,17040,18700,1399-7-8
5,سيتا,سرمايه گذاري سيمان تامين,66263,55109690,1056431298720,19920,18930,19520,-400,-2.01,19170,-750,-3.77,18930,20510,1399-7-8
6,فملي,ملي‌ صنايع‌ مس‌ ايران‌,61074,213239039,6011502389290,29200,27740,28590,-610,-2.09,28190,-1010,-3.46,27740,29990,1399-7-8
7,دارا يكم,صندوق واسطه گري مالي يكم-سهام,59991,21342404,4038892303780,178500,171000,196350,17850,10.0,189240,10740,6.02,170100,196350,1399-7-8
8,پترول,گروه پتروشيمي س. ايرانيان,51725,338034969,5722222030560,16740,15910,17570,830,4.96,16930,190,1.14,15910,17570,1399-7-8
9,آريا,پليمر آريا ساسول,46049,7193024,1281896835126,171576,169610,180154,8578,5.0,178214,6638,3.87,169601,180154,1399-7-8
10,وتجارت,بانك تجارت,42893,1235933076,3318685248010,2810,2670,2710,-100,-3.56,2690,-120,-4.27,2670,2800,1399-7-8
11,شاروم,پتروشيمي اروميه,41836,655614,9992212974,14516,15241,15241,725,4.99,14650,134,0.92,15241,15241,1399-7-8
12,وبملت,بانك ملت,34840,745141229,3950340267940,5430,5160,5530,100,1.84,5300,-130,-2.39,5160,5580,1399-7-8
13,وبصادر,بانك صادرات ايران,31854,1038800819,4276224505620,4190,4030,4210,20,0.48,4120,-70,-1.67,4030,4220,1399-7-8
14,شگويا,پتروشيمي تندگويان,30731,138431318,2320635118012,17195,16336,17110,-85,-0.49,16764,-431,-2.51,16336,17900,1399-7-8
15,رافزا,رايان هم افزا,26899,156820,4946573260,30041,31543,31543,1502,5.0,30180,139,0.46,31543,31543,1399-7-8
16,شبندر,پالايش نفت بندرعباس,26756,99234253,3733553004520,39550,37580,37580,-1970,-4.98,37620,-1930,-4.88,37580,38650,1399-7-8
17,ولپارس,ليزينگ پارسيان,25411,1886212,8016401000,4050,4250,4250,200,4.94,4070,20,0.49,4250,4250,1399-7-8
18,ذوب,سهامي ذوب آهن  اصفهان,23829,364685610,1808685404688,5203,4943,4980,-223,-4.29,4960,-243,-4.67,4943,5103,1399-7-8
19,صبا,سرمايه گذاري صبا تامين,21014,90601785,1105535405844,12701,12066,12091,-610,-4.8,12202,-499,-3.93,12066,12990,1399-7-8
20,وغدير,سرمايه‌گذاري‌غدير(هلدينگ‌,20158,113187872,1804909023720,16310,15500,16320,10,0.06,15950,-360,-2.21,15500,16910,1399-7-8
21,تاپيكو,س. نفت و گاز و پتروشيمي تأمين,16922,174662867,3751851548300,20510,20410,21530,1020,4.97,21480,970,4.73,20360,21530,1399-7-8
22,فارس,صنايع پتروشيمي خليج فارس,15390,45854091,1372448944810,30590,29070,30800,210,0.69,29930,-660,-2.16,29070,31700,1399-7-8
23,وپارس,بانك‌پارسيان‌,14341,611428832,2140287489910,3680,3500,3500,-180,-4.89,3500,-180,-4.89,3500,3550,1399-7-8
24,وخارزم,سرمايه گذاري خوارزمي,11433,71100869,743245608430,10680,10380,10660,-20,-0.19,10450,-230,-2.15,10150,11000,1399-7-8
25,فخوز,فولاد  خوزستان,10416,39577587,1589969692020,41270,39210,41290,20,0.05,40170,-1100,-2.67,39210,42890,1399-7-8
26,پترولح,ح . گروه پتروشيمي س. ايرانيان,9364,63300119,910035725610,14440,13000,15380,940,6.51,14380,-60,-0.42,13000,15870,1399-7-8
27,كچاد,معدني‌وصنعتي‌چادرملو,8623,72278612,1466400368780,20660,19630,20760,100,0.48,20290,-370,-1.79,19630,21540,1399-7-8
28,غگيلا,شيرپاستوريزه پگاه گيلان,8159,135537,2223620022,15625,16406,16406,781,5.0,15658,33,0.21,16406,16406,1399-7-8
29,ومعادن,توسعه‌معادن‌وفلزات‌,8093,73714963,1229345350510,17400,16530,16800,-600,-3.45,16680,-720,-4.14,16530,17900,1399-7-8
30,شبريز,پالايش نفت تبريز,7380,24767412,750314637850,31870,30280,30310,-1560,-4.89,30290,-1580,-4.96,30280,31280,1399-7-8
31,وآيند,بانك  آينده,7172,162110544,3992893773237,24965,24820,25200,235,0.94,24631,-334,-1.34,24466,25200,1399-7-8
32,كگل,معدني و صنعتي گل گهر,7063,44947699,982967566400,22040,21050,22430,390,1.77,21870,-170,-0.77,21000,23030,1399-7-8
33,شصدفح,ح . صنعتي دوده فام,6722,4624765,84015582333,18764,18210,18600,-164,-0.87,18166,-598,-3.19,17850,19500,1399-7-8
34,ارفع,شركت آهن و فولاد ارفع,5920,32682528,617014964420,19436,18465,19077,-359,-1.85,18879,-557,-2.87,18465,20200,1399-7-8
35,تملت,تامين سرمايه بانك ملت,5716,18182922,172446270050,9930,9440,9480,-450,-4.53,9480,-450,-4.53,9440,10000,1399-7-8
36,ونوين,بانك‌اقتصادنوين‌,5533,95539007,378333668370,4040,3850,4110,70,1.73,3960,-80,-1.98,3840,4150,1399-7-8
37,خساپا,سايپا,5475,163461930,357981626700,2300,2190,2190,-110,-4.78,2190,-110,-4.78,2190,2190,1399-7-8
38,بجهرم,توسعه مولد نيروگاهي جهرم,5262,51135237,187976447757,3862,3669,3669,-193,-5.0,3676,-186,-4.82,3669,3750,1399-7-8
39,فرابورس,فرابورس ايران,5102,11258467,654024346599,60485,57461,57801,-2684,-4.44,58092,-2393,-3.96,57461,61500,1399-7-8
40,فروي,ذوب روي اصفهان,5090,4390605,251718910613,59125,56169,59400,275,0.47,57331,-1794,-3.03,56169,60990,1399-7-8
41,ومهان,گروه توسعه مالي مهر آيندگان,4956,19641427,357788002990,19004,18054,18080,-924,-4.86,18216,-788,-4.15,18054,19349,1399-7-8
42,پارسان,گسترش نفت و گاز پارسيان,4906,25571066,646311728180,25870,24580,25170,-700,-2.71,25280,-590,-2.28,24580,26640,1399-7-8
43,دماوند,توليد نيروي برق دماوند,4874,6099970,354819372668,60725,57689,58100,-2625,-4.32,58167,-2558,-4.21,57689,60220,1399-7-8
44,غپينو,پارس‌ مينو,4637,35816534,210592832080,5880,5850,5970,90,1.53,5880,0,0.0,5650,6100,1399-7-8
45,آگاس,صندوق س.هستي بخش آگاه-س,4621,6155659,449807298983,70064,67400,75800,5736,8.19,73072,3008,4.29,67400,75888,1399-7-8
46,شيران,س. صنايع‌شيميايي‌ايران,4478,19999306,526826495780,27690,26310,26500,-1190,-4.3,26340,-1350,-4.88,26310,27000,1399-7-8
47,وپاسار,بانك  پاسارگاد,4474,60144543,559559425560,9710,9230,9450,-260,-2.68,9300,-410,-4.22,9230,9610,1399-7-8
48,تسه9906,امتياز تسهيلات مسكن شهريور99,4430,78764,63075795107,834647,835100,800000,-34647,-4.15,800820,-33827,-4.05,792915,836000,1399-7-8
49,شپنا,پالايش نفت اصفهان,4225,25946494,628164619740,25480,24210,24210,-1270,-4.98,24210,-1270,-4.98,24210,24210,1399-7-8
50,اخابر,مخابرات ايران,4062,25007199,414110354480,17320,16460,16460,-860,-4.97,16560,-760,-4.39,16460,17390,1399-7-8
51,وصنعت,سرمايه گذاري توسعه صنعت وتجارت,3992,31761459,256864250280,8470,8050,8210,-260,-3.07,8090,-380,-4.49,8050,8580,1399-7-8
52,وبيمهح,ح . سرمايه‌ گذاري‌ صنعت‌ بيمه‌,3952,58795819,100794763060,1740,1570,1810,70,4.02,1710,-30,-1.72,1570,1850,1399-7-8
53,زكوثر,سرمايه گذاري كشاورزي كوثر,3922,7347723,154736797360,22070,20970,21300,-770,-3.49,21060,-1010,-4.58,20970,21990,1399-7-8
54,وگردش,بانك گردشگري,3874,64248162,1252171425073,20144,19137,19137,-1007,-5.0,19490,-654,-3.25,19137,21151,1399-7-8
55,هرمز,فولاد هرمزگان جنوب,3781,50026051,694922312248,13335,12750,14001,666,4.99,13891,556,4.17,12750,14001,1399-7-8
56,زاگرس,پتروشيمي زاگرس,3775,4400803,763929208171,166269,168500,174582,8313,5.0,173589,7320,4.4,168000,174582,1399-7-8
57,دي,بانك دي,3663,12803492,622505781040,51178,48620,48620,-2558,-5.0,48620,-2558,-5.0,48620,48620,1399-7-8
58,فاسمين,كالسيمين‌,3499,8423022,384410214960,45390,43130,47300,1910,4.21,45640,250,0.55,43130,47650,1399-7-8
59,شصدف,صنعتي دوده فام,3465,262280,5600989400,20339,21355,21355,1016,5.0,20442,103,0.51,21355,21355,1399-7-8
60,كحافظ,كاشي‌ وسراميك‌ حافظ‌,3464,14262127,235336015380,16350,15540,17130,780,4.77,16500,150,0.92,15540,17160,1399-7-8
61,وملل,اعتباري ملل,3355,42447968,557067525749,12612,13000,13242,630,5.0,13124,512,4.06,12423,13242,1399-7-8
62,كمند,صندوق س. با درآمد ثابت كمند,3326,148274588,1506919683450,10160,10170,10160,0,0.0,10160,0,0.0,10150,10190,1399-7-8
63,نوري,پتروشيمي نوري,3292,1989099,337411657370,167800,163000,172000,4200,2.5,169630,1830,1.09,163000,175870,1399-7-8
64,سمگا,گروه سرمايه گذاري ميراث فرهنگي,3204,28169068,491423496474,17267,16404,18080,813,4.71,17445,178,1.03,16404,18130,1399-7-8
65,غسالم,سالمين‌,3146,20540696,84134955940,4300,4090,4090,-210,-4.88,4100,-200,-4.65,4090,4270,1399-7-8
66,كويرح,ح. توليدي فولاد سپيد فراب كوير,3100,14576421,128815454150,8720,8010,9270,550,6.31,8840,120,1.38,8010,9300,1399-7-8
67,آوا,صندوق س.سهام آواي معيار-س,3086,28726554,291251336250,9376,9000,10260,884,9.43,10139,763,8.14,9000,10260,1399-7-8
68,بپاس,بيمه پاسارگاد,3032,10967784,649314307522,62308,59193,59193,-3115,-5.0,59202,-3106,-4.98,59193,60000,1399-7-8
69,سامان,بانك سامان,2970,60293211,712326320569,12091,11729,12200,109,0.9,11814,-277,-2.29,11729,12430,1399-7-8
70,وزمين,بانك ايران زمين,2906,230462495,3907261140230,17300,16954,16954,-346,-2.0,16954,-346,-2.0,16954,16954,1399-7-8
71,قرن,پديده شيمي قرن,2891,2062632,106576194440,50160,48950,52660,2500,4.98,51670,1510,3.01,48100,52660,1399-7-8
72,شسپا,نفت سپاهان,2865,12017123,245197277850,21130,20080,20090,-1040,-4.92,20400,-730,-3.45,20080,21500,1399-7-8
73,رمپنا,گروه مپنا (سهامي عام),2840,10834851,295874774770,27640,26320,27500,-140,-0.51,27310,-330,-1.19,26320,28700,1399-7-8
74,ارزش,صندوق س ارزش آفرين بيدار-سهام,2716,14844339,162918095760,10530,10330,11420,890,8.45,10980,450,4.27,10320,11470,1399-7-8
75,خبهمن,گروه‌بهمن‌,2709,23893426,541070661740,23830,22640,22640,-1190,-4.99,22650,-1180,-4.95,22640,23000,1399-7-8
76,ارفعح,ح.شركت آهن و فولاد ارفع,2653,12718748,196730379832,16031,15230,15700,-331,-2.06,15468,-563,-3.51,15230,16590,1399-7-8
77,ونفت,سرمايه‌گذاري‌ صنعت‌ نفت‌,2540,9776067,123203700210,12370,11950,12980,610,4.93,12600,230,1.86,11760,12980,1399-7-8
78,وسپه,سرمايه‌گذاري‌ سپه‌,2516,8444318,132608231700,16230,15420,16160,-70,-0.43,15700,-530,-3.27,15420,16900,1399-7-8
79,شاراك,پتروشيمي شازند,2439,16090540,406415640850,24260,23550,25470,1210,4.99,25260,1000,4.12,23550,25470,1399-7-8
80,شفن,پتروشيمي فناوران,2429,2588443,837826512210,308460,302000,323880,15420,5.0,323680,15220,4.93,302000,323880,1399-7-8
81,امين يكم,صندوق درآمد ثابت امين يكم فردا,2426,82598628,854556478060,10360,10380,10330,-30,-0.29,10350,-10,-0.1,10320,10380,1399-7-8
82,كوير,توليدي فولاد سپيد فراب كوير,2417,10928290,143747490170,13220,12560,13680,460,3.48,13150,-70,-0.53,12560,13790,1399-7-8
83,وسينا,بانك سينا,2412,39654769,406482746220,9930,9440,10420,490,4.93,10250,320,3.22,9440,10420,1399-7-8
84,افق,فروشگاههاي زنجيره اي افق كوروش,2380,1908479,146152129870,74550,71700,78000,3450,4.63,76580,2030,2.72,71700,78200,1399-7-8
85,فزرين,زرين معدن آسيا,2371,7264707,154503135742,21945,20848,21000,-945,-4.31,21268,-677,-3.08,20848,22490,1399-7-8
86,تاصيكو,سرمايه گذاري صدرتامين,2337,14085122,167555723030,12190,11590,12190,0,0.0,11900,-290,-2.38,11590,12650,1399-7-8
87,كرماشا,صنايع پتروشيمي كرمانشاه,2236,7719928,368533239830,46390,44200,48500,2110,4.55,47740,1350,2.91,44200,48700,1399-7-8
88,ثاميد,توسعه و عمران اميد,2218,12959882,31751710900,2570,2450,2450,-120,-4.67,2490,-80,-3.11,2450,2450,1399-7-8
89,سفارس,سيمان فارس و خوزستان,2138,16713883,253275996510,15930,15140,15140,-790,-4.96,15150,-780,-4.9,15140,15550,1399-7-8
90,كاوه,فولاد كاوه جنوب كيش,2033,30553642,659042057940,20550,21570,21570,1020,4.96,21570,1020,4.96,21570,21570,1399-7-8
91,سيمرغ,سيمرغ,2000,6209440,124838596040,20680,19650,20390,-290,-1.4,20100,-580,-2.8,19650,21330,1399-7-8
92,جم,پتروشيمي جم,1880,4172943,206465244590,48230,46300,50640,2410,5.0,49480,1250,2.59,45950,50640,1399-7-8
93,آسيا,بيمه آسيا,1867,5129714,131274525700,26720,25390,26000,-720,-2.69,25590,-1130,-4.23,25390,27000,1399-7-8
94,وخاور,بانك خاورميانه,1808,17615246,187894111230,10170,10670,10670,500,4.92,10670,500,4.92,10050,10670,1399-7-8
95,كترام,توليدي‌ كاشي‌ تكسرام‌,1793,4846840,83676550780,17870,0,18000,130,0.73,17260,-610,-3.41,16980,18000,1399-7-8
96,ختورح,ح . رادياتور ايران‌,1788,6601210,149593356980,21820,20000,23880,2060,9.44,22660,840,3.85,20000,23990,1399-7-8
97,وصندوق,سرمايه‌گذاري‌صندوق‌بازنشستگي‌,1774,12657314,210596103690,17260,16400,17100,-160,-0.93,16640,-620,-3.59,16400,17560,1399-7-8
98,كنور,توسعه معدني و صنعتي صبانور,1772,3754998,167368331500,45140,42900,46200,1060,2.35,44570,-570,-1.26,42890,46980,1399-7-8
99,وتوكا,سرمايه‌گذاري‌توكافولاد(هلدينگ,1756,10806826,136492961410,12590,11970,13090,500,3.97,12630,40,0.32,11970,13160,1399-7-8
100,همراه,شركت ارتباطات سيار ايران,1752,6184471,212898906510,36190,34390,34390,-1800,-4.97,34420,-1770,-4.89,34390,34990,1399-7-8
101,پارس,پتروشيمي پارس,1715,1621240,272611158670,161630,154100,169710,8080,5.0,168150,6520,4.03,154100,169710,1399-7-8
102,اپرداز,آتيه داده پرداز,1701,4825071,128564111999,26055,24850,27357,1302,5.0,26645,590,2.26,24753,27357,1399-7-8
103,سرو,صندوق س سروسودمند مدبران-سهام,1699,1686750,109766488360,62620,60500,67700,5080,8.11,65080,2460,3.93,60050,67700,1399-7-8
104,فسازان,غلتك سازان سپاهان,1692,6242725,245979976760,41320,39260,39500,-1820,-4.4,39400,-1920,-4.65,39260,41000,1399-7-8
105,شپديس,پتروشيمي پرديس,1676,1915932,208769811880,108440,103600,111900,3460,3.19,108970,530,0.49,103600,113000,1399-7-8
106,بنو,بيمه تجارت نو,1650,9007183,235515875754,27239,25878,26300,-939,-3.45,26148,-1091,-4.01,25878,27980,1399-7-8
107,وتوكاح,ح . ‌توكافولاد(هلدينگ‌,1600,8525563,83082668205,9006,8520,9910,904,10.04,9745,739,8.21,8520,9910,1399-7-8
108,بزاگرسح,ح . نيروگاه زاگرس كوثر,1599,11137121,85258860337,7989,7590,7710,-279,-3.49,7655,-334,-4.18,7590,7984,1399-7-8
109,پاكشو,گروه صنعتي پاكشو,1589,3069824,208157859630,64640,67870,67870,3230,5.0,67810,3170,4.9,65000,67870,1399-7-8
110,وهور,مديريت انرژي اميد  تابان هور,1546,6842802,253350598323,38488,36564,38538,50,0.13,37024,-1464,-3.8,36564,39980,1399-7-8
111,والبر,سرمايه‌ گذاري‌ البرز(هلدينگ‌,1511,6897283,116096434730,17590,16720,16720,-870,-4.95,16830,-760,-4.32,16720,17600,1399-7-8
112,سصوفي,سيمان‌ صوفيان‌,1466,6894310,90158579420,13740,13060,13060,-680,-4.95,13080,-660,-4.8,13060,13680,1399-7-8
113,وساخت,سرمايه‌ گذاري‌ ساختمان‌ايران‌,1447,4048874,148109806090,38170,36270,36560,-1610,-4.22,36580,-1590,-4.17,36270,38170,1399-7-8
114,شبهرن,نفت‌ بهران‌,1423,2618373,147857211130,57450,54580,58800,1350,2.35,56470,-980,-1.71,54580,60150,1399-7-8
115,فخاسح,ح . فولاد خراسان,1423,5176556,155368974360,27620,26100,30200,2580,9.34,30010,2390,8.65,26100,30380,1399-7-8
116,رانفور,خدمات‌انفورماتيك‌,1412,5319430,139418869020,25230,26490,26490,1260,4.99,26210,980,3.88,25230,26490,1399-7-8
117,شخارك,پتروشيمي‌ خارك‌,1390,1651554,78074550740,47240,45600,48400,1160,2.46,47270,30,0.06,45600,48990,1399-7-8
118,فجر,فولاد اميركبيركاشان,1385,2030953,120007204640,59060,56500,61100,2040,3.45,59090,30,0.05,56220,62010,1399-7-8
119,سرچشمه,سرمايه گذاري مس سرچشمه,1362,7396545,69531241065,9449,9000,9648,199,2.11,9401,-48,-0.51,9000,9790,1399-7-8
120,وبوعلي,سرمايه‌گذاري‌بوعلي‌,1333,8802732,77932628670,9290,8830,8830,-460,-4.95,8850,-440,-4.74,8830,9250,1399-7-8
121,مبين,مبين انرژي خليج فارس,1318,4667764,125546176430,26420,25100,27400,980,3.71,26900,480,1.82,25100,27730,1399-7-8
122,وبشهر,توسعه‌ صنايع‌ بهشهر(هلدينگ,1305,10051944,157092084390,16350,15540,16010,-340,-2.08,15630,-720,-4.4,15540,16500,1399-7-8
123,ثمسكن,سرمايه‌گذاري‌ مسكن‌,1302,18130467,108558750570,6280,5970,5970,-310,-4.94,5990,-290,-4.62,5970,6200,1399-7-8
124,كرازي,كارخانجات‌توليدي‌شيشه‌رازي‌,1300,4995362,84242461210,17370,16510,17370,0,0.0,16860,-510,-2.94,16510,17600,1399-7-8
125,طلا,صندوق س.پشتوانه طلاي لوتوس,1276,608770,67803372039,109233,111127,111805,2572,2.35,111378,2145,1.96,110408,113560,1399-7-8
126,وسبحان,سرمايه گذاري سبحان,1274,7841897,71903272632,8821,8650,9262,441,5.0,9169,348,3.95,8650,9262,1399-7-8
127,ساينا,صنايع بهداشتي ساينا,1273,946766,194495437922,212337,201721,212338,1,0.0,205431,-6906,-3.25,201721,222490,1399-7-8
128,غگل,گلوكوزان‌,1269,10497126,51750831180,5180,4930,4930,-250,-4.83,4930,-250,-4.83,4930,4930,1399-7-8
129,شبصير,توليدات پتروشيمي قائد بصير,1265,1728633,243330515566,143684,136500,137550,-6134,-4.27,140765,-2919,-2.03,136500,150868,1399-7-8
130,شغدير,پتروشيمي غدير,1243,2109740,103103065937,46978,46530,49326,2348,5.0,48870,1892,4.03,46530,49326,1399-7-8
131,تنوين,تامين سرمايه نوين,1237,9439638,88853357990,9700,9220,9800,100,1.03,9410,-290,-2.99,9220,10100,1399-7-8
132,مارون,پتروشيمي مارون,1231,752958,107725359373,136583,143400,143412,6829,5.0,143070,6487,4.75,137500,143412,1399-7-8
133,آپ,آسان پرداخت پرشين,1222,5167528,92260675810,18780,17850,17900,-880,-4.69,17850,-930,-4.95,17850,18300,1399-7-8
134,فولاژ,فولاد آلياژي ايران,1222,3909024,112408804700,30000,28500,28700,-1300,-4.33,28760,-1240,-4.13,28500,30150,1399-7-8
135,وتوسم,سرمايه‌گذاري‌توسعه‌ملي‌,1214,7346410,88135465920,12420,11810,12240,-180,-1.45,12000,-420,-3.38,11800,12500,1399-7-8
136,وتوس,توسعه‌شهري‌توس‌گستر,1211,3724684,96731390890,25130,26000,26380,1250,4.97,25970,840,3.34,24200,26380,1399-7-8
137,سباقر,سيمان باقران,1194,4068896,74578206716,18320,17790,18400,80,0.44,18329,9,0.05,17771,18810,1399-7-8
138,اعتماد,صندوق س.اعتماد آفرين پارسيان-د,1192,35341840,1151416762720,32567,32578,32579,12,0.04,32579,12,0.04,32578,32589,1399-7-8
139,فسپا,گروه‌صنعتي‌سپاهان‌,1188,4875535,191992884850,38110,38120,40010,1900,4.99,39380,1270,3.33,37020,40010,1399-7-8
140,اتكام,شركت بيمه اتكايي امين,1156,6415817,47335936633,7400,7030,7770,370,5.0,7378,-22,-0.3,7030,7770,1399-7-8
141,تيپيكو,سرمايه گذاري دارويي تامين,1131,1668232,89862426920,55270,52530,54150,-1120,-2.03,53870,-1400,-2.53,52530,57500,1399-7-8
142,تكشا,گسترش‌صنايع‌وخدمات‌كشاورزي‌,1102,2279251,187180882010,85570,82120,81510,-4060,-4.74,82120,-3450,-4.03,81300,85500,1399-7-8
143,لوتوس,تامين سرمايه لوتوس پارسيان,1098,8597983,128398924250,15670,14890,15110,-560,-3.57,14930,-740,-4.72,14890,15670,1399-7-8
144,تسه9902,امتياز تسهيلات مسكن ارديبهشت99,1088,20393,16321425366,841637,808999,799556,-42081,-5.0,800344,-41293,-4.91,799556,810000,1399-7-8
145,چدن,توليدي چدن سازان,1083,4028877,107698730330,28060,26660,26660,-1400,-4.99,26730,-1330,-4.74,26660,27980,1399-7-8
146,آتيمس,صندوق س.آرمان آتيه درخشان مس-س,1083,543773,121768234728,221153,219990,227000,5847,2.64,223932,2779,1.26,212010,230000,1399-7-8
147,تايرا,تراكتورسازي‌ايران‌,1080,6598715,138113159130,21980,20890,21180,-800,-3.64,20930,-1050,-4.78,20890,21760,1399-7-8
148,جم پيلن,پلي پروپيلن جم - جم پيلن,1077,1395651,134681133000,92440,92440,97060,4620,5.0,96500,4060,4.39,92440,97060,1399-7-8
149,ثباغ,شهر سازي و خانه سازي باغميشه,1068,3782992,77866449785,19827,20200,20818,991,5.0,20583,756,3.81,19920,20818,1399-7-8
150,خگستر,گسترش‌سرمايه‌گذاري‌ايران‌خودرو,1054,12618203,58296097860,4860,4620,4620,-240,-4.94,4670,-190,-3.91,4620,4620,1399-7-8
151,شيراز,پتروشيمي‌شيراز,988,2560897,170400121960,68560,65140,68610,50,0.07,66540,-2020,-2.95,65140,68990,1399-7-8
152,كگازح,ح . شيشه‌ و گاز,980,2933034,44388219240,13910,13300,15300,1390,9.99,15130,1220,8.77,13210,15300,1399-7-8
153,كلر,كلر پارس,975,706944,42408773733,63009,59859,59859,-3150,-5.0,60171,-2838,-4.5,59859,62500,1399-7-8
154,مداران,داده‌پردازي‌ايران‌,972,1759497,52044421340,28660,30060,30090,1430,4.99,29570,910,3.18,27270,30090,1399-7-8
155,پرديس,سرمايه گذاري پرديس,956,7174355,54501274090,7960,7570,7580,-380,-4.77,7600,-360,-4.52,7570,7920,1399-7-8
156,چكاپا,گروه صنايع كاغذ پارس,951,5112661,44429024090,9140,8690,8690,-450,-4.92,8690,-450,-4.92,8690,8690,1399-7-8
157,كروي,توسعه‌ معادن‌ روي‌ ايران‌,936,4471087,134226414980,31590,30020,30020,-1570,-4.97,30020,-1570,-4.97,30020,30200,1399-7-8
158,كهمدا,شيشه‌ همدان‌,936,2727646,65067368730,25100,23850,23870,-1230,-4.9,23850,-1250,-4.98,23850,23950,1399-7-8
159,كيميا,معدني كيمياي زنجان گستران,933,2049487,49292780636,25257,23995,24500,-757,-3.0,24051,-1206,-4.77,23995,24890,1399-7-8
160,رتاپ,تجارت الكترونيك  پارسيان,921,5274764,33305690060,6640,6310,6310,-330,-4.97,6310,-330,-4.97,6310,6450,1399-7-8
161,شكلر,نيروكلر,916,1926218,76324558610,41510,39440,39490,-2020,-4.87,39620,-1890,-4.55,39440,41000,1399-7-8
162,سدبير,س. تدبيرگران فارس وخوزستان,914,2989456,81358034652,28161,26753,27600,-561,-1.99,27215,-946,-3.36,26753,28969,1399-7-8
163,واميد,گروه مديريت سرمايه گذاري اميد,907,7773758,325813177370,42190,40120,42200,10,0.02,41910,-280,-0.66,40120,42840,1399-7-8
164,اطلس,صندوق س.توسعه اندوخته آينده-س,900,256466,50098213833,191181,182048,201000,9819,5.14,195341,4160,2.18,182048,203377,1399-7-8
165,شپاكسا,پاكسان‌,897,2302128,57425103220,25050,23800,25000,-50,-0.2,24940,-110,-0.44,23800,26300,1399-7-8
166,كگهر,سنگ آهن گهرزمين,894,1339234,61081273047,46612,44282,45400,-1212,-2.6,46064,-548,-1.18,44282,47000,1399-7-8
167,سپ,پرداخت الكترونيك سامان كيش,876,1634977,33766520890,19940,20000,20930,990,4.96,20440,500,2.51,19220,20930,1399-7-8
168,سيدكو,سرمايه گذاري توسعه صنايع سيمان,863,7988272,52032876780,6800,6510,6650,-150,-2.21,6510,-290,-4.26,6460,6890,1399-7-8
169,حاريا,كشتيراني آريا,859,5794119,167515369772,29239,28362,30116,877,3.0,28911,-328,-1.12,28362,30116,1399-7-8
170,فيروزه,صندوق شاخص30 شركت فيروزه- سهام,851,587647,110502611790,182900,180500,192790,9890,5.41,188040,5140,2.81,175010,194000,1399-7-8
171,كاردان,صندوق س تجارت شاخصي كاردان,834,344878,66717573780,183390,183000,197500,14110,7.69,193450,10060,5.49,177020,199900,1399-7-8
172,كاريس,صندوق س.سپهر كاريزما-س,831,1231968,250141529315,200989,195000,207800,6811,3.39,203042,2053,1.02,195000,210000,1399-7-8
173,تسه9903,امتياز تسهيلات مسكن خرداد99,823,15420,12456763909,833038,850000,792500,-40538,-4.87,807832,-25206,-3.03,791387,874689,1399-7-8
174,داناح,ح . بيمه دانا,821,39500000,182204579960,4750,4750,4610,-140,-2.95,4610,-140,-2.95,4600,5230,1399-7-8
175,تاپكيش,تجارت الكترونيك پارسيان كيش,814,2960584,35095316678,11036,12000,11501,465,4.21,11571,535,4.85,11400,12600,1399-7-8
176,ريشمك,توليد و صادرات ريشمك,812,2038420,75159280016,38614,36684,36684,-1930,-5.0,36871,-1743,-4.51,36684,38590,1399-7-8
177,پارسيانح,ح.بيمه پارسيان,809,2708906,24748571650,8864,9020,9600,736,8.3,9140,276,3.11,8010,9740,1399-7-8
178,ثبهساز,بهساز كاشانه تهران,785,4144486,15085929040,3830,3640,3640,-190,-4.96,3770,-60,-1.57,3640,3640,1399-7-8
179,هصيكو402,اختيارف ت تاصيكو13500-00/02/20,781,4968436,2285480560,26,460,460,434,1669.23,460,434,1669.23,460,460,1399-7-8
180,عيار,صندوق س. پشتوانه طلاي مفيد,778,650666,24667085222,37530,37530,37950,420,1.12,37911,381,1.02,37530,38400,1399-7-8
181,غبشهر,صنعتي‌ بهشهر,770,3431613,73507468300,22310,21200,21430,-880,-3.94,21420,-890,-3.99,21200,22200,1399-7-8
182,پارسيان,بيمه پارسيان,745,4778751,53368818260,11020,10470,11560,540,4.9,11170,150,1.36,10470,11570,1399-7-8
183,تماوند,تامين سرمايه دماوند,719,3787952,45921591066,11828,12090,12182,354,2.99,12123,295,2.49,11855,12182,1399-7-8
184,پارند,صندوق س. پارند پايدار سپهر,718,19038529,226383474980,11880,11940,11880,0,0.0,11890,10,0.08,11870,11940,1399-7-8
185,شكربن,كربن‌ ايران‌,705,1910315,126887615500,63500,66670,66670,3170,4.99,66420,2920,4.6,63010,66670,1399-7-8
186,پكرمان,گروه‌ صنعتي‌ بارز,694,6692306,135747242430,19450,19300,20420,970,4.99,20280,830,4.27,19100,20420,1399-7-8
187,فرآور,فرآوري‌موادمعدني‌ايران‌,694,2734677,61099320000,23430,22260,22260,-1170,-4.99,22340,-1090,-4.65,22260,24000,1399-7-8
188,وپترو,سرمايه‌گذاري صنايع پتروشيمي‌,693,3163042,46100647790,15090,14500,14340,-750,-4.97,14570,-520,-3.45,14340,15490,1399-7-8
189,تسه9904,امتياز تسهيلات مسكن تير99,681,7012,5669073784,848416,818000,805996,-42420,-5.0,808482,-39934,-4.71,805996,820000,1399-7-8
190,فاما,صنعتي‌ آما,670,1886587,35742452390,19400,18430,19050,-350,-1.8,19080,-320,-1.65,18430,20200,1399-7-8
191,تسه9905,امتياز تسهيلات مسكن مرداد99,669,7362,6015251109,834795,838000,793056,-41739,-5.0,817067,-17728,-2.12,793056,869999,1399-7-8
192,كساوه,صنايع‌ كاشي‌ و سراميك‌ سينا,653,1460660,64726700400,42370,42370,44480,2110,4.98,44310,1940,4.58,42370,44480,1399-7-8
193,دتماد,توليدمواداوليه‌داروپخش‌,651,871420,34534706330,40830,38790,40400,-430,-1.05,39980,-850,-2.08,38790,40830,1399-7-8
194,شپارسح,ح . بين‌ المللي‌محصولات پارس‌,648,1741614,18040663934,9998,9040,10620,622,6.22,10359,361,3.61,9040,10890,1399-7-8
195,واحيا,م .صنايع و معادن احياء سپاهان,635,1193971,270233191655,233167,226172,226172,-6995,-3.0,226331,-6836,-2.93,226172,230000,1399-7-8
196,شوينده,مديريت صنعت شوينده ت.ص.بهشهر,633,947458,34025213680,35810,34020,36750,940,2.62,35880,70,0.2,34020,37590,1399-7-8
197,خديزل,بهمن  ديزل,633,1642425,68681410875,40134,38250,42140,2006,5.0,41817,1683,4.19,38128,42140,1399-7-8
198,كيان,صندوق س. با درآمد ثابت كيان,631,21990485,557464889920,25340,25350,25350,10,0.04,25350,10,0.04,25340,25370,1399-7-8
199,سخوز,سيمان خوزستان,630,2771739,57551571100,21780,20700,21690,-90,-0.41,20760,-1020,-4.68,20700,22240,1399-7-8
200,خراسان,پتروشيمي خراسان,625,524055,46408043000,88140,83800,90000,1860,2.11,88440,300,0.34,83800,92530,1399-7-8
201,ثاصفا,شركت‌ ساختمان‌ اصفهان‌,624,1237069,37891046773,31458,30515,30515,-943,-3.0,30630,-828,-2.63,30515,31000,1399-7-8
202,شاوان,پالايش نفت لاوان,611,1098932,120395479565,115259,109497,109497,-5762,-5.0,109557,-5702,-4.95,109497,114990,1399-7-8
203,بركت,گروه دارويي بركت,610,2456944,36411910080,15590,14820,14820,-770,-4.94,14970,-620,-3.98,14820,14820,1399-7-8
204,كاما,باما,601,390881,52530497590,141460,134390,134390,-7070,-5.0,134550,-6910,-4.88,134390,134390,1399-7-8
205,شرانل,نفت ايرانول,589,1130754,28788283965,26677,25344,25345,-1332,-4.99,25904,-773,-2.9,25344,26640,1399-7-8
206,فخاس,فولاد خراسان,586,1450775,55231517760,39990,38000,38500,-1490,-3.73,38840,-1150,-2.88,38000,39990,1399-7-8
207,ساروم,سيمان‌اروميه‌,583,1766123,44982249960,26740,25410,25450,-1290,-4.82,25580,-1160,-4.34,25410,26740,1399-7-8
208,افق ملت,صندوق س در سهام افق ملت,576,263809,38650686400,140030,140030,149990,9960,7.11,146510,6480,4.63,140000,150000,1399-7-8
209,وپست,پست بانك ايران,575,6552958,62408313910,10020,9520,9520,-500,-4.99,9520,-500,-4.99,9520,9820,1399-7-8
210,شگل,گلتاش‌,568,1549128,40465166190,27190,25850,26420,-770,-2.83,26210,-980,-3.6,25840,27460,1399-7-8
211,گوهران,سرمايه گذاري توسعه گوهران اميد,565,4229904,40573410011,10026,9525,10030,4,0.04,9651,-375,-3.74,9525,10030,1399-7-8
212,بفجر,فجر انرژي خليج فارس,557,1136087,31966506050,28540,27200,29800,1260,4.41,28360,-180,-0.63,27180,29800,1399-7-8
213,حفاري,حفاري شمال,555,6314275,62574465250,10430,9910,9910,-520,-4.99,9910,-520,-4.99,9910,9910,1399-7-8
214,تسه9810,امتياز تسهيلات مسكن دي98,554,11656,9305589227,832451,796800,790829,-41622,-5.0,798352,-34099,-4.1,790829,828995,1399-7-8
215,فروس,فروسيليس‌ ايران‌,543,1228539,24018727280,20550,19530,19530,-1020,-4.96,20020,-530,-2.58,19530,20390,1399-7-8
216,فپنتا,سپنتا,543,141151,46529286230,315480,331250,331250,15770,5.0,327550,12070,3.83,301000,331250,1399-7-8
217,دفارا,داروسازي‌ فارابي‌,542,581889,43286433560,78110,74210,74210,-3900,-4.99,74830,-3280,-4.2,74210,77880,1399-7-8
218,مدير,ص.س.مديريت ثروت ص.بازنشستگي-س,540,5546552,84363055920,14639,15210,15210,571,3.9,15210,571,3.9,15210,15210,1399-7-8
219,شپاس,نفت پاسارگاد,535,3071436,64326865179,21788,20699,20990,-798,-3.66,20944,-844,-3.87,20699,21800,1399-7-8
220,تسه9901,امتياز تسهيلات مسكن فروردين99,531,5167,4143184649,833847,801222,803556,-30291,-3.63,801855,-31992,-3.84,793000,823333,1399-7-8
221,شراز,پالايش نفت شيراز,526,469189,48527916181,108014,102614,102614,-5400,-5.0,103429,-4585,-4.24,102614,111254,1399-7-8
222,غفارس,شير پاستوريزه پگاه فارس,519,3917800,38581852648,9742,9255,9780,38,0.39,9825,83,0.85,9255,10200,1399-7-8
223,بموتو,موتوژن‌,518,594617,26083564040,44450,42270,44500,50,0.11,44130,-320,-0.72,42250,45200,1399-7-8
224,دتمادح,ح . توليدمواداوليه‌داروپخش‌,516,465921,16241359140,33890,33300,35090,1200,3.54,34860,970,2.86,33300,36000,1399-7-8
225,آساس,صندوق س.آسمان آرماني سهام-س,510,491695,79061338935,157162,153000,163259,6097,3.88,160793,3631,2.31,152010,164500,1399-7-8
226,ثشرقح,ح. سرمايه گذاري مسكن شمال شرق,504,3987601,13051982120,3510,3240,3430,-80,-2.28,3270,-240,-6.84,3160,3510,1399-7-8
227,بخاور,بيمه زندگي خاورميانه,503,4347648,30062812620,7214,6854,6854,-360,-4.99,7024,-190,-2.63,6854,7450,1399-7-8
228,زر,صندوق س.پشتوانه سكه طلاي زر,497,467824,29492668634,62067,62600,62989,922,1.49,63042,975,1.57,62600,63700,1399-7-8
229,سكه0012پ01,سكه تمام بهارتحويلي 1روزه رفاه,494,189300,253989397400,1334136,1365000,1341100,6964,0.52,1341729,7593,0.57,1335000,1365000,1399-7-8
230,بكاب,صنايع‌جوشكاب‌يزد,485,475237,60024255010,132840,126200,126200,-6640,-5.0,126300,-6540,-4.92,126200,129750,1399-7-8
231,زملارد,كشاورزي و دامپروري ملارد شير,484,281760,12525922560,46795,44456,44456,-2339,-5.0,46194,-601,-1.28,44456,44456,1399-7-8
232,ميدكو,هلدينگ صنايع  معدني خاورميانه,480,3861270,75137941356,20483,19459,19459,-1024,-5.0,19808,-675,-3.3,19459,19480,1399-7-8
233,كاذر,فرآورده‌هاي‌نسوزآذر,470,1069506,32339259890,31720,30140,30780,-940,-2.96,30700,-1020,-3.22,30140,32000,1399-7-8
234,ختوقا,قطعات‌ اتومبيل‌ ايران‌,469,3866999,14346566290,3900,3710,3710,-190,-4.87,3840,-60,-1.54,3710,3710,1399-7-8
235,شلرد,كود شيميايي اوره لردگان,468,4874112,50564037888,10920,10374,10374,-546,-5.0,10374,-546,-5.0,10374,10374,1399-7-8
236,زعف9908پ10,زعفران9908نگين طلاي سرخ(پ),447,130921,9906150768,78012,75110,75019,-2993,-3.84,75665,-2347,-3.01,74600,78000,1399-7-8
237,حسينا,توسعه خدمات دريايي وبندري سينا,437,964848,51582440839,55734,53400,53000,-2734,-4.91,53462,-2272,-4.08,52948,57940,1399-7-8
238,گوهر,صندوق سكه طلاي كيان,430,217618,15841911548,72230,73698,72900,670,0.93,72797,567,0.78,71690,73698,1399-7-8
239,ثپرديسح,ح.سرمايه گذاري مسكن پرديس,430,1770198,12435496746,7361,6993,7002,-359,-4.88,7025,-336,-4.56,6993,7330,1399-7-8
240,شفا,سرمايه گذاري شفادارو,426,418367,25357327790,59740,62590,60100,360,0.6,60160,420,0.7,56760,62590,1399-7-8
241,فباهنر,مس‌ شهيدباهنر,424,656593,34274154600,54940,52200,52200,-2740,-4.99,52850,-2090,-3.8,52200,52200,1399-7-8
242,پخش,پخش البرز,417,1225377,37290580782,30892,29348,31105,213,0.69,30531,-361,-1.17,29348,32436,1399-7-8
243,شنفت,نفت‌ پارس‌,416,751572,39701141430,55580,52810,52820,-2760,-4.97,53510,-2070,-3.72,52810,56500,1399-7-8
244,وگردشح,ح . بانك گردشگري,412,27839129,409736300622,15173,14718,14718,-455,-3.0,14718,-455,-3.0,14718,14718,1399-7-8
245,غدام,خوراك‌  دام‌ پارس‌,409,220313,30925788590,147700,140320,140320,-7380,-5.0,143000,-4700,-3.18,140320,143510,1399-7-8
246,كمرجان,بازرگاني و توليدي مرجان كار,409,578747,26083203736,42934,45070,45080,2146,5.0,43918,984,2.29,44523,45080,1399-7-8
247,شاملاح,ح . معدني‌ املاح‌  ايران‌,398,202613,10844964990,52390,47370,56280,3890,7.43,53530,1140,2.18,47370,57000,1399-7-8
248,خپارس,پارس‌ خودرو,391,7816740,65191611600,8770,8340,8340,-430,-4.9,8400,-370,-4.22,8340,8340,1399-7-8
249,شكف,كف,390,1770519,87990735674,48725,49699,49699,974,2.0,49698,973,2.0,49689,49699,1399-7-8
250,سكه9912پ04,سكه تمام بهارتحويل1روزه صادرات,389,91700,122987201000,1331332,1359999,1349000,17668,1.33,1341191,9859,0.74,1332000,1360000,1399-7-8
251,شلعاب,لعابيران‌,384,988629,8711044450,9250,8790,9000,-250,-2.7,9170,-80,-0.86,8790,9000,1399-7-8
252,اعتلاح,ح سرمايه گذاري اعتلاء البرز,380,1476875,9355818142,6634,6303,6304,-330,-4.97,6335,-299,-4.51,6303,6632,1399-7-8
253,گپارس,امور رفاهي كارگزاران پارس,378,206434,23977148121,115614,119082,112146,-3468,-3.0,116149,535,0.46,112146,119082,1399-7-8
254,سهگمت,سيمان‌هگمتان‌,376,5028334,89528827430,18730,17800,17800,-930,-4.97,17800,-930,-4.97,17800,18890,1399-7-8
255,بهپاك,صنعتي بهپاك,375,1249320,39263890378,33077,31424,32000,-1077,-3.26,31590,-1487,-4.5,31424,32000,1399-7-8
256,زشگزا,شير و گوشت زاگرس شهركرد,374,331829,30382823430,93911,89216,98000,4089,4.35,92493,-1418,-1.51,89216,98606,1399-7-8
257,سقاين,سيمان‌ قائن‌,373,288687,11654858480,41990,43970,41500,-490,-1.17,41590,-400,-0.95,39900,43970,1399-7-8
258,اتكاي,بيمه اتكايي ايرانيان,363,2772798,41973524447,15003,15003,15180,177,1.18,15114,111,0.74,14556,15499,1399-7-8
259,دسبحان,سبحان دارو,359,579861,9426900700,17090,16240,16490,-600,-3.51,16920,-170,-0.99,16240,16890,1399-7-8
260,بپيوند,برق و انرژي پيوندگستر پارس,349,164427,4473236535,28636,27205,27205,-1431,-5.0,28495,-141,-0.49,27205,27205,1399-7-8
261,كخاك,صنايع‌خاك‌چيني‌ايران‌,348,295722,16640678980,57590,54720,57900,310,0.54,57140,-450,-0.78,54720,59890,1399-7-8
262,كمنگنز,معادن‌منگنزايران‌,342,420058,37557137030,93370,88710,88710,-4660,-4.99,90370,-3000,-3.21,88710,94950,1399-7-8
263,غديس,پاكديس,340,404163,13599680787,35420,33649,33649,-1771,-5.0,34909,-511,-1.44,33649,33649,1399-7-8
264,مفاخر,توسعه فناوري اطلاعات خوارزمي,332,500219,21494354993,43854,41662,43490,-364,-0.83,43448,-406,-0.93,41662,45700,1399-7-8
265,واحصا,احياء صنايع خراسان,330,1339420,23257902510,17065,17550,17576,511,2.99,17364,299,1.75,16562,17576,1399-7-8
266,وآتوس,س.آرين توسكا قيمت اسمي 350ريال,320,885243,29976171200,32933,33000,33990,1057,3.21,33862,929,2.82,33000,33990,1399-7-8
267,آساميد,صندوق س.مشترك آسمان اميد -د,313,20978045,225556212966,10767,10784,10779,12,0.11,10752,-15,-0.14,10748,10784,1399-7-8
268,ذوب تبعي9912,اختيارف.تبعي ذوب991224,311,683635,1298906500,1700,1900,1900,200,11.76,1900,200,11.76,1900,1900,1399-7-8
269,انرژي3,سايراشخاص بورس انرژي,308,31699,11648114540,386800,367460,367460,-19340,-5.0,384250,-2550,-0.66,367460,367460,1399-7-8
270,وسخراج,شركت س استان خراسان جنوبي,304,5092681,11560385870,2380,2270,2270,-110,-4.62,2360,-20,-0.84,2270,2270,1399-7-8
271,توريل,توکاريل,303,1555005,29181223830,17873,18766,18766,893,5.0,18336,463,2.59,18766,18766,1399-7-8
272,سكارون,سيمان كارون,300,1925081,208994491052,111895,108539,108539,-3356,-3.0,108564,-3331,-2.98,108539,114000,1399-7-8
273,ولساپا,ليزينگ رايان‌ سايپا,300,4153524,15534179760,3930,3740,3740,-190,-4.83,3860,-70,-1.78,3740,3740,1399-7-8
274,تسه9811,امتياز تسهيلات مسكن بهمن98,296,2618,2086903648,832988,800000,795000,-37988,-4.56,797137,-35851,-4.3,791339,809980,1399-7-8
275,دانا,بيمه دانا,287,1973652,12749791920,6800,6460,6460,-340,-5.0,6710,-90,-1.32,6460,6460,1399-7-8
276,پرداخت,به پرداخت ملت,278,692135,26814821680,40260,38250,41000,740,1.84,39410,-850,-2.11,38250,41000,1399-7-8
277,دسينا,داروسازي‌ سينا,278,272725,7532231850,29050,27600,27600,-1450,-4.99,28810,-240,-0.83,27600,28900,1399-7-8
278,سيستم,همكاران سيستم,276,1232794,32259108710,26490,25170,27800,1310,4.95,26280,-210,-0.79,25170,27800,1399-7-8
279,دمعيار,صندوق س. توازن معيار-د,270,9119063,91195271147,10002,10010,10005,3,0.03,10001,-1,-0.01,9998,10019,1399-7-8
280,دسبحا,گروه دارويي سبحان,270,644744,10674306420,17400,16530,16540,-860,-4.94,17210,-190,-1.09,16530,16990,1399-7-8
281,كبافق,معادن‌ بافق‌,268,337737,9389088600,29260,27800,27800,-1460,-4.99,28960,-300,-1.03,27800,27800,1399-7-8
282,ماديرا,صنايع ماشين هاي اداري ايران,267,470344,16871239280,37757,35870,35870,-1887,-5.0,37064,-693,-1.84,35870,35870,1399-7-8
283,بترانس,ايران‌ ترانسفو,262,325842,11743345680,37930,36040,36040,-1890,-4.98,37520,-410,-1.08,36040,36040,1399-7-8
284,ضجار7022,اختيارخ وتجارت-2800-1399/07/22,256,9938,2050102000,166,103,170,4,2.41,206,40,24.1,103,390,1399-7-8
285,امين يكم2,صندوق درآمد ثابت امين يكم فردا,250,25000000,25000000,10360,1,1,-10359,-99.99,1,-10359,-99.99,1,1,1399-7-8
286,حريل,ريل پردازسير,249,1488014,5511603856,3898,3704,3704,-194,-4.98,3874,-24,-0.62,3704,3704,1399-7-8
287,دسبحاح,ح .گروه دارويي سبحان,248,221619,3227243680,14660,14800,14970,310,2.11,14560,-100,-0.68,14020,15440,1399-7-8
288,پتاير,ايران‌ تاير,239,103742,9737224120,98800,93860,93860,-4940,-5.0,97730,-1070,-1.08,93860,93860,1399-7-8
289,ثاخت,بين‌المللي‌توسعه‌ساختمان,238,2090687,8550909830,4300,4090,4090,-210,-4.88,4260,-40,-0.93,4090,4090,1399-7-8
290,تسه9711,امتياز تسهيلات مسكن بهمن 97,237,1780,1416994147,832244,796011,796012,-36232,-4.35,796064,-36180,-4.35,790632,820000,1399-7-8
291,دشيمي,شيمي‌ داروئي‌ داروپخش‌,237,635379,35709597860,59130,56180,57900,-1230,-2.08,56920,-2210,-3.74,56180,57900,1399-7-8
292,كپارس,كاشي‌ پارس‌,235,540376,43176042400,84100,79900,79900,-4200,-4.99,80140,-3960,-4.71,79900,79900,1399-7-8
293,سكه0011پ02,سكه تمام بهارتحويلي 1روزه ملت,234,34400,46089345300,1328929,1345010,1346000,17071,1.28,1339806,10877,0.82,1335000,1360000,1399-7-8
294,خكرمان,گروه اقتصادي كرمان خودرو,233,7307931,45630721164,6437,6244,6244,-193,-3.0,6244,-193,-3.0,6244,6244,1399-7-8
295,ونيكي,سرمايه‌گذاري‌ ملي‌ايران‌,232,1025775,32096499750,32930,31290,31290,-1640,-4.98,32320,-610,-1.85,31290,31290,1399-7-8
296,چكارن,كارتن‌ ايران‌,232,966193,3961391300,4310,4100,4100,-210,-4.87,4290,-20,-0.46,4100,4100,1399-7-8
297,دابور,داروسازي‌ ابوريحان‌,226,251608,9800754160,40980,38940,38940,-2040,-4.98,40560,-420,-1.02,38940,40950,1399-7-8
298,غزر,صنعتي زر ماكارون,226,91236,5426717280,62610,59480,59480,-3130,-5.0,62240,-370,-0.59,59480,59480,1399-7-8
299,كالا,بورس كالاي ايران,224,236226,10448275980,46550,44230,44230,-2320,-4.98,46020,-530,-1.14,44230,44230,1399-7-8
300,هكوير910,اختيارف ت كوير-16000-99/10/02,224,2000000,3622000000,1591,1811,1811,220,13.83,1811,220,13.83,1811,1811,1399-7-8
301,سبهان,سيمان‌ بهبهان‌,223,244964,13753636610,58880,55940,55950,-2930,-4.98,58080,-800,-1.36,55940,59800,1399-7-8
302,وپخش,داروپخش‌ (هلدينگ‌,221,128779,14615480490,115770,110000,115410,-360,-0.31,115060,-710,-0.61,109990,116000,1399-7-8
303,ضخود1041,اختيارخ خودرو-2500-1399/10/07,218,6049,3822814000,517,200,650,133,25.73,632,115,22.24,200,850,1399-7-8
304,دارو,كارخانجات‌داروپخش‌,209,133014,6651574180,51080,48600,50000,-1080,-2.11,50930,-150,-0.29,48530,51970,1399-7-8
305,شتولي,تولي‌پرس‌,208,1114020,20797683457,18306,18672,18672,366,2.0,18669,363,1.98,18382,18672,1399-7-8
306,ولصنم,ليزينگ‌صنعت‌ومعدن‌,208,1233792,10548921600,9000,8550,8550,-450,-5.0,8900,-100,-1.11,8550,8550,1399-7-8
307,خمحركه,نيرو محركه‌,206,521103,4309521810,8700,8270,8270,-430,-4.94,8660,-40,-0.46,8270,8270,1399-7-8
308,تسه9712,امتياز تسهيلات مسكن اسفند97,205,1351,1074441551,833955,792600,800000,-33955,-4.07,795293,-38662,-4.64,792300,800000,1399-7-8
309,ثقزوي,شركت عمران و سازندگي قزوين,203,1213759,30830692359,24192,25401,25401,1209,5.0,25401,1209,5.0,25401,25401,1399-7-8
310,كاسپينح,ح .داروسازي كاسپين تامين,201,198687,3670191444,18990,18170,19229,239,1.26,18472,-518,-2.73,18170,19900,1399-7-8
311,شكبير,پتروشيمي اميركبير,200,262871,16335992296,60728,61000,59170,-1558,-2.57,60987,259,0.43,59170,62830,1399-7-8
312,كرمان,س. توسعه و عمران استان كرمان,196,141971,9930445537,73628,69947,69947,-3681,-5.0,72819,-809,-1.1,69947,69947,1399-7-8
313,فنوال,نورد آلومينيوم‌,194,201942,6940746540,38180,34370,34370,-3810,-9.98,37590,-590,-1.55,34370,34370,1399-7-8
314,آبادا,توليد نيروي برق آبادان,192,99131,2328587190,24720,23490,23490,-1230,-4.98,24660,-60,-0.24,23490,23490,1399-7-8
315,تسه9808,امتياز تسهيلات مسكن آبان98,187,2050,1636874488,832748,792222,793000,-39748,-4.77,798475,-34273,-4.12,791111,828999,1399-7-8
316,بكام,كارخانجات توليدي شهيد قندي,186,2430929,14780048320,6390,6080,6080,-310,-4.85,6290,-100,-1.56,6080,6080,1399-7-8
317,سخزر,سيمان‌ خزر,186,1658266,48670107100,30890,29350,29350,-1540,-4.99,29350,-1540,-4.99,29350,29350,1399-7-8
318,كيان2,صندوق س. با درآمد ثابت كيان,185,18500000,18500000,25340,1,1,-25339,-100.0,1,-25339,-100.0,1,1,1399-7-8
319,غويتا,ويتانا,185,180851,12124793593,70571,67043,67043,-3528,-5.0,69684,-887,-1.26,67043,67043,1399-7-8
320,تسه9803,امتياز تسهيلات مسكن خرداد98,182,1630,1318858284,850237,807726,807726,-42511,-5.0,809115,-41122,-4.84,807726,810000,1399-7-8
321,سهرمز,سيمان‌هرمزگان‌,178,414820,6480666500,16440,15620,15630,-810,-4.93,16330,-110,-0.67,15620,16000,1399-7-8
322,دلر,داروسازي‌ اكسير,174,92580,8788895080,98730,93800,96400,-2330,-2.36,98020,-710,-0.72,93800,98540,1399-7-8
323,ودي,بيمه  دي,173,952675,18204666575,20114,19109,19109,-1005,-5.0,19727,-387,-1.92,19109,19109,1399-7-8
324,زپارس,ملي كشت و صنعت و دامپروري پارس,173,181130,12874625440,74700,70970,70970,-3730,-4.99,73710,-990,-1.33,70970,74700,1399-7-8
325,تسه9802,امتياز تسهيلات مسكن ارديبهشت98,170,966,769791074,831794,790205,790205,-41589,-5.0,796885,-34909,-4.2,790205,830000,1399-7-8
326,هبركت912,اختيارف ت بركت-22100-99/12/17,166,360000,1534320000,4109,4262,4262,153,3.72,4262,153,3.72,4262,4262,1399-7-8
327,آكورد,صندوق س. آرمان آتي كوثر-د,166,4794023,137418298569,28652,28680,28669,17,0.06,28665,13,0.05,28625,28700,1399-7-8
328,ستران,سيمان‌ تهران‌,164,143210,4413732200,32440,30820,30820,-1620,-4.99,32270,-170,-0.52,30820,30820,1399-7-8
329,فاراك,ماشين‌ سازي‌ اراك‌,164,1153630,10417278900,9500,9030,9030,-470,-4.95,9390,-110,-1.16,9030,9030,1399-7-8
330,دارا,صندوق س. دارا الگوريتم-د,164,2092558,21017093185,10040,10045,10039,-1,-0.01,10044,4,0.04,10039,10049,1399-7-8
331,كاسپين,داروسازي كاسپين تامين,163,277668,6639942012,25135,23879,24000,-1135,-4.52,24960,-175,-0.7,23879,25000,1399-7-8
332,بگيلان,توسعه مسير برق گيلان,162,62194,2024228118,34259,32547,32547,-1712,-5.0,34197,-62,-0.18,32547,32547,1399-7-8
333,شاملا,معدني‌ املاح‌  ايران‌,158,166631,11194876360,70710,67180,67180,-3530,-4.99,69880,-830,-1.17,67180,67360,1399-7-8
334,واتي,سرمايه‌ گذاري‌ آتيه‌ دماوند,157,3755365,48143779300,13490,12820,12820,-670,-4.97,12820,-670,-4.97,12820,12820,1399-7-8
335,ياقوت,صندوق س ياقوت آگاه-ثابت,156,3898620,43137443420,11090,11080,11060,-30,-0.27,11060,-30,-0.27,11040,11080,1399-7-8
336,وبيمه,سرمايه‌ گذاري‌ صنعت‌ بيمه‌,154,1401420,4778842200,3580,3410,3410,-170,-4.75,3560,-20,-0.56,3410,3410,1399-7-8
337,تسه9801,امتياز تسهيلات مسكن فروردين98,153,1166,946958738,854887,812143,812143,-42744,-5.0,812143,-42744,-5.0,812143,812143,1399-7-8
338,تسه9709,امتياز تسهيلات مسكن آذر97,153,1294,1039390172,829045,818000,808040,-21005,-2.53,803238,-25807,-3.11,787593,825000,1399-7-8
339,تسه9708,امتياز تسهيلات مسكن آبان97,153,1471,1171522236,828257,802610,786845,-41412,-5.0,796412,-31845,-3.84,786845,804111,1399-7-8
340,صايند,صندوق س. گنجينه آينده روشن-د,153,2735780,27623550000,10080,10083,10110,30,0.3,10097,17,0.17,10080,10113,1399-7-8
341,غمارگ,مارگارين‌,151,2050019,54715007110,28090,26690,26690,-1400,-4.98,26690,-1400,-4.98,26690,26690,1399-7-8
342,تسه9707,امتياز تسهيلات مسكن مهر97,151,2185,1723120307,818975,792000,778027,-40948,-5.0,788613,-30362,-3.71,778027,809988,1399-7-8
343,اخزا815,اسنادخزانه-م15بودجه98-010406,151,188903,139136022296,736010,736511,736511,501,0.07,736547,537,0.07,734015,737900,1399-7-8
344,دزهراوي,داروسازي‌زهراوي‌,150,255717,2764300770,11370,10810,10810,-560,-4.93,11340,-30,-0.26,10810,10810,1399-7-8
345,آبين,كشت و صنعت آبشيرين,146,2314456,9904956556,4333,4333,4204,-129,-2.98,4306,-27,-0.62,4204,4333,1399-7-8
346,تسه9809,امتياز تسهيلات مسكن آذر98,146,2185,1750750915,843430,801259,801259,-42171,-5.0,801259,-42171,-5.0,801259,801259,1399-7-8
347,هملت911,اختيارف ت ملت-6770-99/11/25,142,1000000,867000000,584,867,867,283,48.46,867,283,48.46,867,867,1399-7-8
348,وپويا,سرمايه گذاري پويا,139,495232,5763510016,12250,11638,11638,-612,-5.0,12175,-75,-0.61,11638,11638,1399-7-8
349,شصفها,پتروشيمي‌ اصفهان‌,134,391255,34270807960,89379,87592,87592,-1787,-2.0,87592,-1787,-2.0,87592,87592,1399-7-8
350,ضخود1040,اختيارخ خودرو-2000-1399/10/07,133,4222,4279621000,970,899,1040,70,7.22,1014,44,4.54,899,1200,1399-7-8
351,دالبر,البرزدارو,133,203319,3932189460,20350,19340,19340,-1010,-4.96,20260,-90,-0.44,19340,19340,1399-7-8
352,ضجار7026,اختيارخ وتجارت-3600-1399/07/22,133,7342,239815000,21,10,27,6,28.57,33,12,57.14,10,80,1399-7-8
353,حخزر,كشتيراني درياي خزر,131,504888,11133014610,23204,22044,22044,-1160,-5.0,22922,-282,-1.22,22044,22700,1399-7-8
354,كوثر,بيمه كوثر,128,1059134,14440232956,14351,13634,13634,-717,-5.0,14135,-216,-1.51,13634,13634,1399-7-8
355,تسه9807,امتياز تسهيلات مسكن مهر98,128,1182,944725277,836179,800000,795000,-41179,-4.92,799260,-36919,-4.42,794371,800000,1399-7-8
356,اخزا813,اسنادخزانه-م13بودجه98-010219,128,122649,92346430784,758741,752002,753190,-5551,-0.73,752933,-5808,-0.77,752000,755000,1399-7-8
357,اخزا808,اسنادخزانه-م8بودجه98-000817,128,121184,100165551517,827495,827495,825472,-2023,-0.24,826558,-937,-0.11,824500,827700,1399-7-8
358,هبهرن912,اختيارف ت شبهرن-74590-99/12/02,127,86673,1012774005,9260,11685,11685,2425,26.19,11685,2425,26.19,11685,11685,1399-7-8
359,قثابت,قند ثابت‌ خراسان‌,125,70168,5130684160,76960,73120,73120,-3840,-4.99,76520,-440,-0.57,73120,73120,1399-7-8
360,چافست,افست‌,125,165822,4056006120,27170,24460,24460,-2710,-9.97,26930,-240,-0.88,24460,24460,1399-7-8
361,شزنگ,تجهيزنيروي‌زنگان‌,124,176177,15415644859,88815,87039,87039,-1776,-2.0,87501,-1314,-1.48,87039,90000,1399-7-8
362,دتوليد,داروسازي توليد دارو,117,303201,9774897039,33935,32239,32239,-1696,-5.0,33561,-374,-1.1,32239,32239,1399-7-8
363,الماس,صندوق س.امين تدبيرگران فردا-س,114,42411,5070967154,115338,116000,121000,5662,4.91,119567,4229,3.67,116000,121692,1399-7-8
364,فيروزا,صندوق بادرآمد ثابت فيروزه آسيا,112,742382,15582386010,20890,20870,21140,250,1.2,20990,100,0.48,20870,21270,1399-7-8
365,تسه9710,امتياز تسهيلات مسكن دي 97,111,957,783898608,845976,826500,803678,-42298,-5.0,819121,-26855,-3.17,803678,827010,1399-7-8
366,اخزا814,اسنادخزانه-م14بودجه98-010318,111,279930,208189846902,742935,743411,743411,476,0.06,743721,786,0.11,743000,744800,1399-7-8
367,بذر,صندوق س بذر اميد آفرين-سهام,110,61947,6891437010,110550,107500,114000,3450,3.12,111250,700,0.63,107500,115990,1399-7-8
368,دامين,داروسازي‌ امين‌,109,359628,4707530520,13770,13090,13090,-680,-4.94,13700,-70,-0.51,13090,13090,1399-7-8
369,ثشاهد,سرمايه‌ گذاري‌ شاهد,105,85498,3928633100,48360,45950,45950,-2410,-4.98,48230,-130,-0.27,45950,45950,1399-7-8
370,ضجار7031,اختيارخ وتجارت-4600-1399/07/22,105,3721,30946000,5,10,9,4,80.0,8,3,60.0,7,11,1399-7-8
371,وآفري,بيمه كارآفرين,102,2670868,49322919356,17930,18467,18467,537,2.99,18467,537,2.99,18467,18467,1399-7-8
372,وساپا,سرمايه‌گذاري‌ سايپا,102,249112,2585782560,10920,10380,10380,-540,-4.95,10890,-30,-0.27,10380,10380,1399-7-8
373,ونيرو,سرمايه‌گذاري‌نيرو,102,1695886,14533743020,9020,8570,8570,-450,-4.99,8960,-60,-0.67,8570,8570,1399-7-8
374,صنوين,صندوق سرمايه‌گذاري صنوين-مختلط,100,18856,2098330480,110680,110000,112100,1420,1.28,111280,600,0.54,110000,114000,1399-7-8
375,غشهداب,كشت و صنعت شهداب ناب خراسان,99,336626,1737326786,5432,5161,5161,-271,-4.99,5422,-10,-0.18,5161,5161,1399-7-8
376,تسه9805,امتياز تسهيلات مسكن مرداد98,99,939,751050766,841932,799836,799836,-42096,-5.0,799841,-42091,-5.0,799836,800000,1399-7-8
377,غگرجي,بيسكويت‌  گرجي‌,98,523127,18461151830,37140,35290,35290,-1850,-4.98,36400,-740,-1.99,35290,35290,1399-7-8
378,ثفارس,عمران‌وتوسعه‌فارس‌,97,150868,1410615800,9840,9350,9350,-490,-4.98,9830,-10,-0.1,9350,9350,1399-7-8
379,هغدير912,اختيارف ت غدير-17380-99/12/16,95,2950000,2950000,1,1,1,0,0.0,1,0,0.0,1,1,1399-7-8
380,فنفت,صنايع تجهيزات نفت,93,558691,8058948609,14866,14421,14421,-445,-2.99,14678,-188,-1.26,14421,14800,1399-7-8
381,تسه9812,امتياز تسهيلات مسكن اسفند98,92,597,481749894,849407,806937,806937,-42470,-5.0,806951,-42456,-5.0,806937,807000,1399-7-8
382,اخزا820,اسنادخزانه-م20بودجه98-020806,91,106011,62028531486,590120,590000,585000,-5120,-0.87,585114,-5006,-0.85,581000,593000,1399-7-8
383,هاباد912,اختيارف ت آبادا-30100-99/12/12,88,225000,540900000,2337,2404,2404,67,2.87,2404,67,2.87,2404,2404,1399-7-8
384,كسرا,سراميك‌هاي‌صنعتي‌اردكان‌,87,137327,2708088440,20750,19720,19720,-1030,-4.96,20690,-60,-0.29,19720,19720,1399-7-8
385,دپارس,پارس‌ دارو,87,58742,5451862480,97690,92810,92810,-4880,-5.0,97130,-560,-0.57,92810,92840,1399-7-8
386,تصميم,صندوق س با درآمد ثابت تصميم,86,2698196,39417290240,14610,14600,14620,10,0.07,14610,0,0.0,14600,14630,1399-7-8
387,دعبيد,لابراتوارداروسازي‌  دكترعبيدي‌,85,123050,4001586000,34230,32520,32520,-1710,-5.0,34110,-120,-0.35,32520,32520,1399-7-8
388,سمتاز,سيمان ممتازان كرمان,85,118456,2447821031,21138,20600,20504,-634,-3.0,21078,-60,-0.28,20504,20999,1399-7-8
389,خمهر,مهركام‌پارس‌,85,302373,2467363680,8580,8160,8160,-420,-4.9,8560,-20,-0.23,8160,8160,1399-7-8
390,تپولا,مهندسي مرآت پولاد,83,1182713,22009106217,17723,18609,18609,886,5.0,18602,879,4.96,18609,18609,1399-7-8
391,فسرب,ملي‌ سرب‌وروي‌ ايران‌,83,51589,5982260440,122060,115960,115960,-6100,-5.0,121270,-790,-0.65,115960,115960,1399-7-8
392,اخزا817,اسنادخزانه-م17بودجه98-010512,82,155371,112301000476,723378,722000,722990,-388,-0.05,722793,-585,-0.08,721562,724000,1399-7-8
393,اخزا809,اسنادخزانه-م9بودجه98-000923,82,222249,181120094451,814285,812680,815100,815,0.1,814942,657,0.08,812676,815999,1399-7-8
394,درهآور,دارويي ره آورد تامين,81,105073,2871540017,28767,27329,27329,-1438,-5.0,28677,-90,-0.31,27329,27329,1399-7-8
395,نوين,بيمه نوين,81,1143932,6646244920,6115,5810,5810,-305,-4.99,6071,-44,-0.72,5810,5810,1399-7-8
396,سبجنو,سيمان‌ بجنورد,80,64714,1988552970,32330,30720,31340,-990,-3.06,32260,-70,-0.22,30720,31500,1399-7-8
397,تسه9806,امتياز تسهيلات مسكن شهريور98,80,1140,911395299,840737,798701,798701,-42036,-5.0,799470,-41267,-4.91,798701,810000,1399-7-8
398,ملت,بيمه ملت,76,126684,1439130240,11950,11360,11360,-590,-4.94,11930,-20,-0.17,11360,11360,1399-7-8
399,وملي,گروه‌ صنعتي‌ ملي‌ (هلدينگ‌,75,8191,4094598990,526200,499890,499890,-26310,-5.0,524020,-2180,-0.41,499890,499890,1399-7-8
400,پيزد,مجتمع صنايع لاستيك يزد,75,11255,1170587530,109480,104006,104006,-5474,-5.0,109345,-135,-0.12,104006,104006,1399-7-8
401,قنيشا,قند  نيشابور,75,40186,4491589220,117650,111770,111770,-5880,-5.0,117070,-580,-0.49,111770,111770,1399-7-8
402,وتوشه,سرمايه‌ گذاري‌ پارس‌ توشه‌,74,183905,3966830850,22700,21570,21570,-1130,-4.98,22610,-90,-0.4,21570,21570,1399-7-8
403,شپارس,بين‌ المللي‌ محصولات‌  پارس‌,73,414534,5998306980,15230,14470,14470,-760,-4.99,15140,-90,-0.59,14470,14470,1399-7-8
404,شپترو,پتروشيمي آبادان,72,413620,2560721420,6382,6191,6191,-191,-2.99,6356,-26,-0.41,6191,6191,1399-7-8
405,كماسه,تامين‌ ماسه‌ ريخته‌گري‌,71,92458,5495703520,62560,59440,59440,-3120,-4.99,62200,-360,-0.58,59440,59440,1399-7-8
406,سكه0112پ03,سكه تمام بهارتحويلي1روزه سامان,71,16600,22286034400,1332652,1345000,1343000,10348,0.78,1342532,9880,0.74,1331335,1355000,1399-7-8
407,وآوا,سرمايه گذاري آوا نوين,71,376027,4807552580,13457,12785,12785,-672,-4.99,13389,-68,-0.51,12785,12791,1399-7-8
408,اخزا811,اسنادخزانه-م11بودجه98-001013,69,254799,205680454418,807122,806500,807209,87,0.01,807226,104,0.01,804457,808999,1399-7-8
409,پكوير,كوير تاير,68,142185,1881107550,13920,13230,13230,-690,-4.96,13890,-30,-0.22,13230,13230,1399-7-8
410,آسام,صندوق س.آرمان سپهر آشنا-م,68,31260,3172502680,101079,99000,102200,1121,1.11,101488,409,0.4,99000,102900,1399-7-8
411,دابورح,ح . داروسازي‌ ابوريحان‌,65,544157,18658016720,38000,38000,34200,-3800,-10.0,34290,-3710,-9.76,34200,38000,1399-7-8
412,وصنا,گروه‌صنايع‌بهشهرايران‌,64,350336,3608460800,10840,10300,10300,-540,-4.98,10800,-40,-0.37,10300,10300,1399-7-8
413,اخزا816,اسنادخزانه-م16بودجه98-010503,63,60888,44290557992,729071,725000,726114,-2957,-0.41,727410,-1661,-0.23,725000,729000,1399-7-8
414,شجم,صنايع پتروشيمي تخت جمشيد,63,410488,3443583832,8830,8389,8389,-441,-4.99,8760,-70,-0.79,8389,8389,1399-7-8
415,آريان,سرمايه گذاري پارس آريان,62,2173870,29236377630,13864,13449,13449,-415,-2.99,13736,-128,-0.92,13449,13449,1399-7-8
416,ثزاگرس,سرمايه گذاري توسعه عمران زاگرس,61,287062,7380938144,24964,25712,25712,748,3.0,25226,262,1.05,25712,25712,1399-7-8
417,غچين,كشت‌ و صنعت‌ چين‌ چين,61,311575,14703224250,49670,47190,47190,-2480,-4.99,48890,-780,-1.57,47190,47190,1399-7-8
418,وسخراش,شركت س استان خراسان شمالي,58,2006121,2828630610,1350,1410,1410,60,4.44,1350,0,0.0,1410,1410,1399-7-8
419,زعف9908پ11,زعفران9908نگين سحرخيز(پ),58,22369,1808258240,84770,80010,80000,-4770,-5.63,80838,-3932,-4.64,78000,81912,1399-7-8
420,غاذر,كشت‌وصنعت‌پياذر,58,176552,15420051680,91930,87340,87340,-4590,-4.99,90430,-1500,-1.63,87340,87340,1399-7-8
421,زفكا,كشت و دامداري فكا,57,41897,1695236414,42591,40462,40462,-2129,-5.0,42513,-78,-0.18,40462,40462,1399-7-8
422,ضخود7039,اختيارخ خودرو-1500-1399/07/09,57,619,516199000,588,441,1000,412,70.07,834,246,41.84,440,1100,1399-7-8
423,سپاس,صندوق س. پاداش سهامداري توسعه1,56,1218988,12371795170,10150,10180,10160,10,0.1,10150,0,0.0,10140,10180,1399-7-8
424,هرانف912,اختيارف ت رانفور32120-99/12/03,54,100000,452600000,4031,4526,4526,495,12.28,4526,495,12.28,4526,4526,1399-7-8
425,گنجين,صندوق س. گنجينه يكم آويد-د,53,1942116,22052388290,11356,11364,11350,-6,-0.05,11355,-1,-0.01,11350,11365,1399-7-8
426,هخود911,اختيارف ت خودرو-3680-99/11/20,53,1000000,792000000,660,792,792,132,20.0,792,132,20.0,792,792,1399-7-8
427,سشرق,سيمان‌ شرق‌,52,172542,1256105760,7660,7280,7280,-380,-4.96,7650,-10,-0.13,7280,7280,1399-7-8
428,سدشت,صنايع سيمان دشتستان,51,41125,1626082500,37660,39540,39540,1880,4.99,37720,60,0.16,39540,39540,1399-7-8
429,زعف9908پ08,زعفران9908نگين روستا(پ),51,9186,731611894,79495,81912,80600,1105,1.39,79644,149,0.19,79000,81912,1399-7-8
430,جهرم,پتروشيمي جهرم,50,694941,2297474946,3408,3306,3306,-102,-2.99,3396,-12,-0.35,3306,3306,1399-7-8
431,قپيرا,فرآورده‌هاي‌غدايي‌وقندپيرانشهر,48,85909,6538331540,80070,76070,79000,-1070,-1.34,79520,-550,-0.69,76070,79000,1399-7-8
432,دتوزيع,توزيع دارو پخش,48,38506,1832462034,50093,47589,47589,-2504,-5.0,49995,-98,-0.2,47589,47589,1399-7-8
433,قچار,فراوردههاي غذايي وقند چهارمحال,48,12184,2221801136,191951,182354,182354,-9597,-5.0,191516,-435,-0.23,182354,182354,1399-7-8
434,ركيش,كارت اعتباري ايران كيش,48,2010168,32846145120,17190,16340,16340,-850,-4.94,16600,-590,-3.43,16340,16340,1399-7-8
435,قصفها,قنداصفهان‌,47,27474,4792015080,183590,174420,174420,-9170,-4.99,182660,-930,-0.51,174420,174420,1399-7-8
436,درازك,دارويي‌ رازك‌,46,116424,4188935520,37870,35980,35980,-1890,-4.99,37700,-170,-0.45,35980,35980,1399-7-8
437,اخزا812,اسنادخزانه-م12بودجه98-001111,46,232246,184895886493,795529,796155,796250,721,0.09,796121,592,0.07,795000,796500,1399-7-8
438,دسانكو,داروسازي سبحان انكولوژي,46,228174,3625684860,16726,15890,15890,-836,-5.0,16660,-66,-0.39,15890,15890,1399-7-8
439,وسقم,شركت س استان قم,45,1919752,2706850320,1350,1410,1410,60,4.44,1350,0,0.0,1410,1410,1399-7-8
440,سمگاح,ح. سرمايه گذاري ميراث فرهنگي,45,992499,14914484500,15782,15000,15000,-782,-4.96,15027,-755,-4.78,15000,15400,1399-7-8
441,غنوش,نوش‌ مازندران‌,44,16656,1357464000,85780,81500,81500,-4280,-4.99,85660,-120,-0.14,81500,81500,1399-7-8
442,ثروتم,صندوق س. ثروت آفرين پارسيان-س,44,15130,1443210150,94876,95000,96500,1624,1.71,95387,511,0.54,94700,100000,1399-7-8
443,ما,بيمه  ما,43,209323,1258031230,6320,6010,6010,-310,-4.91,6310,-10,-0.16,6010,6010,1399-7-8
444,ارمغان,ص سرمايه گذاري ارمغان ايرانيان,42,641165,6496527470,10130,10130,10130,0,0.0,10130,0,0.0,10130,10150,1399-7-8
445,هكاوه911,اختيارف ت كاوه-25477-99/11/18,42,100000,323300000,2560,3233,3233,673,26.29,3233,673,26.29,3233,3233,1399-7-8
446,اخزا821,اسنادخزانه-م21بودجه98-020906,42,9082,5266296623,583586,584000,578000,-5586,-0.96,579861,-3725,-0.64,560849,585555,1399-7-8
447,غشهد,شهد ايران ‌,42,143600,1061204000,7770,7390,7390,-380,-4.89,7760,-10,-0.13,7390,7390,1399-7-8
448,پست9908-02,پسته فندقي32-30طلاسبززرند9908,41,981,1506724636,1586427,1550000,1663988,77561,4.89,1535907,-50520,-3.18,1507120,1663988,1399-7-8
449,ساروج,بين المللي ساروج بوشهر,41,835450,18270456050,22545,21869,21869,-676,-3.0,21869,-676,-3.0,21869,21869,1399-7-8
450,لكما,كارخانجات‌مخابراتي‌ايران‌,41,138206,1563800890,11910,11315,11315,-595,-5.0,11861,-49,-0.41,11315,11315,1399-7-8
451,تكنار,مجتمع معادن مس تكنار,41,46862,3947936052,81793,84246,84246,2453,3.0,82226,433,0.53,84246,84246,1399-7-8
452,تسه9804,امتياز تسهيلات مسكن تير98,41,676,544680240,848147,805740,805740,-42407,-5.0,805740,-42407,-5.0,805740,805740,1399-7-8
453,آكورد2,صندوق س. آرمان آتي كوثر-د,40,4000000,4000000,28652,1,1,-28651,-100.0,1,-28651,-100.0,1,1,1399-7-8
454,سخند,صندوق س.سپهرخبرگان نفت-د,40,311720,3136309210,10091,10094,10062,-29,-0.29,10061,-30,-0.3,10060,10094,1399-7-8
455,اميد,تامين سرمايه اميد,40,247468,3523944320,14980,14240,14240,-740,-4.94,14930,-50,-0.33,14240,14240,1399-7-8
456,لپارس,پارس‌ الكتريك‌,40,2862,1041825240,383170,364020,364020,-19150,-5.0,382750,-420,-0.11,364020,364020,1399-7-8
457,ولراز,ليزينگ رازي,39,544718,13151671392,24890,24144,24144,-746,-3.0,24384,-506,-2.03,24144,24144,1399-7-8
458,مرقام,ايران‌ارقام‌,39,37353,1010398650,28470,27050,27050,-1420,-4.99,28440,-30,-0.11,27050,27050,1399-7-8
459,حفارس,حمل و نقل بين المللي خليج فارس,38,123499,645899770,5500,5230,5230,-270,-4.91,5500,0,0.0,5230,5230,1399-7-8
460,سپاها,سيمان‌سپاهان‌,38,103410,967917600,9850,9360,9360,-490,-4.97,9840,-10,-0.1,9360,9360,1399-7-8
461,داوه,داروسازي آوه سينا,38,44379,774812961,18377,17459,17459,-918,-5.0,18362,-15,-0.08,17459,17459,1399-7-8
462,رنيك,جنرال مكانيك,37,90607,2146570437,24937,23691,23691,-1246,-5.0,24878,-59,-0.24,23691,23691,1399-7-8
463,كفرآور,فرآورده هاي سيمان شرق,37,633332,13762937692,22403,21731,21731,-672,-3.0,21939,-464,-2.07,21731,21731,1399-7-8
464,اخزا818,اسنادخزانه-م18بودجه98-010614,37,38328,27270632275,711194,710500,711500,306,0.04,711507,313,0.04,710000,712500,1399-7-8
465,پست9908-08,پسته فندقي32-30زرينمه ولات9908,36,318,501580045,1560844,1593996,1507109,-53735,-3.44,1577296,16452,1.05,1507106,1665748,1399-7-8
466,سايرا,ايرانيت‌,36,74063,2750951090,36417,37145,37145,728,2.0,36610,193,0.53,37000,37145,1399-7-8
467,سمازن,سيمان‌مازندران‌,36,91492,795065480,9140,8690,8690,-450,-4.92,9130,-10,-0.11,8690,8690,1399-7-8
468,ساوه,سيمان ساوه,36,26604,1860311304,73606,69926,69926,-3680,-5.0,73461,-145,-0.2,69926,69926,1399-7-8
469,غمينو,شركت صنايع غذايي مينو شرق,35,64946,942756136,15280,14516,14516,-764,-5.0,15265,-15,-0.1,14516,14516,1399-7-8
470,تبرك,گروه كارخانجات صنعتي تبرك,35,38580,1100687400,30031,28530,28530,-1501,-5.0,29996,-35,-0.12,28530,28530,1399-7-8
471,ددام,داروسازي زاگرس فارمد پارس,35,73527,944821950,13520,12850,12850,-670,-4.96,13510,-10,-0.07,12850,12850,1399-7-8
472,گكوثر,هتل پارسيان كوثر اصفهان,34,18232,3211366248,185409,176139,176139,-9270,-5.0,184779,-630,-0.34,176139,176139,1399-7-8
473,ختور,رادياتور ايران‌,34,29136,1111829760,40160,38160,38160,-2000,-4.98,40110,-50,-0.12,38160,38160,1399-7-8
474,ثعتما,س. ساختماني اعتماد گستر,34,155653,5614248057,37184,36069,36069,-1115,-3.0,36888,-296,-0.8,36069,36069,1399-7-8
475,فجام,جام‌دارو,34,16697,973769040,61380,58320,58320,-3060,-4.99,61320,-60,-0.1,58320,58320,1399-7-8
476,كشرق,صنعتي و معدني شمال شرق شاهرود,34,559255,43324925595,81546,77469,77469,-4077,-5.0,77499,-4047,-4.96,77469,77469,1399-7-8
477,دجابر,داروسازي‌ جابرابن‌حيان‌,33,37855,1485430200,41300,39240,39240,-2060,-4.99,41230,-70,-0.17,39240,39240,1399-7-8
478,همپنا912,اختيارف ت مپنا-23410-99/12/11,33,29774,133595938,3020,4487,4487,1467,48.58,4487,1467,48.58,4487,4487,1399-7-8
479,كي بي سي,شركت كي بي سي,33,257910,8862045510,36169,34361,34361,-1808,-5.0,35824,-345,-0.95,34361,34361,1399-7-8
480,اخزا806,اسنادخزانه-م6بودجه98-000519,32,82847,71444045104,862761,862071,862363,-398,-0.05,862361,-400,-0.05,862071,863020,1399-7-8
481,زعف9908پ16,زعفران9908نگين بيرجند(پ),32,10411,828340380,78333,75100,80000,1667,2.13,79564,1231,1.57,75100,81000,1399-7-8
482,آرمان,بيمه آرمان,32,718619,4094691062,5587,5698,5698,111,1.99,5619,32,0.57,5698,5698,1399-7-8
483,ورنا,سرمايه‌گذاري‌ رنا(هلدينگ‌,31,39499,413949520,11030,10480,10480,-550,-4.99,11030,0,0.0,10480,10480,1399-7-8
484,ضصاد8024,اختيارخ وبصادر-5500-1399/08/11,31,242,38379000,263,247,195,-68,-25.86,159,-104,-39.54,136,247,1399-7-8
485,ديران,ايران‌دارو,31,110887,2437296260,23130,21980,21980,-1150,-4.97,23070,-60,-0.26,21980,21980,1399-7-8
486,هترول911,اختيارف ت پترول-14730-99/11/15,31,466551,466551,1,1,1,0,0.0,1,0,0.0,1,1,1399-7-8
487,كلوند,كاشي‌ الوند,30,103230,2670560100,27230,25870,25870,-1360,-4.99,27150,-80,-0.29,25870,25870,1399-7-8
488,كصدف,كاشي صدف سرام استقلال آباده,29,36489,604403796,16240,16564,16564,324,2.0,16258,18,0.11,16564,16564,1399-7-8
489,وگستر,گسترش سرمايه گذاري ايرانيان,29,76693,1507400915,20689,19655,19655,-1034,-5.0,20656,-33,-0.16,19655,19655,1399-7-8
490,نطرين,عطرين نخ قم,29,21413,368945990,18136,17230,17230,-906,-5.0,18129,-7,-0.04,17230,17230,1399-7-8
491,اخزا810,اسنادخزانه-م10بودجه98-001006,28,44108,35647949868,807898,806000,808198,300,0.04,808197,299,0.04,806000,811000,1399-7-8
492,داريك,صندوق س.اعتماد داريك-د,28,529967,5325073196,10010,10070,10002,-8,-0.08,10048,38,0.38,10000,10070,1399-7-8
493,هشير911,اختيارف ت شيراز-73480-99/11/27,28,104000,104000,1,1,1,0,0.0,1,0,0.0,1,1,1399-7-8
494,افران,صندوق س افرا نماد پايدار-ثابت,28,466077,5464001720,11730,11730,11720,-10,-0.09,11720,-10,-0.09,11720,11740,1399-7-8
495,وبهمن,سرمايه‌گذاري‌بهمن‌,28,56884,920951960,17040,16190,16190,-850,-4.99,17020,-20,-0.12,16190,16190,1399-7-8
496,فسديد,لوله‌وتجهيزات‌ سديد - ورشكسته,27,31144,3810873272,124860,122363,122363,-2497,-2.0,122928,-1932,-1.55,122363,122363,1399-7-8
497,ضسپا8018,اختيارخ خساپا-2400-1399/08/26,27,237,76334000,391,171,380,-11,-2.81,322,-69,-17.65,171,380,1399-7-8
498,هصند911,اختيارف ت صندوق-19926-99/11/29,27,100000,123700000,508,1237,1237,729,143.5,1237,729,143.5,1237,1237,1399-7-8
499,لسرما,سرما آفرين‌,27,244739,5949605090,25580,24310,24310,-1270,-4.96,25420,-160,-0.63,24310,24310,1399-7-8
500,ضپيك7030,اختيارخ تاپيكو-17370-99/07/20,26,42,194593000,2772,3400,5600,2828,102.02,4633,1861,67.14,2900,5700,1399-7-8
501,دبالك,مواد اوليه دارويي البرز بالك,26,138184,2284319704,17401,16531,16531,-870,-5.0,17359,-42,-0.24,16531,16531,1399-7-8
502,زعف9908پ09,زعفران9908نگين نوين(پ),26,7425,569125300,78669,76010,76150,-2519,-3.2,76650,-2019,-2.57,76000,79700,1399-7-8
503,پسهند,صنايع‌ لاستيكي‌  سهند,26,81379,3746689160,48460,46040,46040,-2420,-4.99,48270,-190,-0.39,46040,46040,1399-7-8
504,ثجوان,تامين مسكن جوانان,25,440054,3352771426,8019,7619,7619,-400,-4.99,7946,-73,-0.91,7619,7619,1399-7-8
505,هفارس912,اختيارف ت فارس-14576-99/12/13,25,968469,968469,1,1,1,0,0.0,1,0,0.0,1,1,1399-7-8
506,كقزوي,شيشه‌ قزوين‌,25,31125,316198875,10693,10159,10159,-534,-4.99,10684,-9,-0.08,10159,10159,1399-7-8
507,فلات,گروه صنايع معادن فلات ايرانيان,25,603160,7785589280,13587,12908,12908,-679,-5.0,13300,-287,-2.11,12908,12908,1399-7-8
508,شپلي,پلي اكريل ايران,24,112896,901361664,8230,7984,7984,-246,-2.99,8218,-12,-0.15,7984,7984,1399-7-8
509,ثتران,سرمايه گذاري مسكن تهران,24,42567,279239520,6905,6560,6560,-345,-5.0,6903,-2,-0.03,6560,6560,1399-7-8
510,وليز,ليزينگ‌ايران‌,23,57328,556081600,10210,9700,9700,-510,-5.0,10200,-10,-0.1,9700,9700,1399-7-8
511,سخاش,سيمان‌خاش‌,23,10649,770029190,76110,72310,72310,-3800,-4.99,76050,-60,-0.08,72310,72310,1399-7-8
512,اخزا807,اسنادخزانه-م7بودجه98-000719,23,56609,47508935817,839807,839117,839221,-586,-0.07,839247,-560,-0.07,839117,839500,1399-7-8
513,زير0003پ01,زيره سبز0003كيميابذر(پ),23,2566,1226723429,491044,466492,475000,-16044,-3.27,478068,-12976,-2.64,466492,500000,1399-7-8
514,غپونه,نوش پونه مشهد,23,23213,385637569,17487,16613,16613,-874,-5.0,17469,-18,-0.1,16613,16613,1399-7-8
515,اعتلا,شركت سرمايه گذاري اعتلاء البرز,23,190878,2212276020,12199,11590,11590,-609,-4.99,12170,-29,-0.24,11590,11590,1399-7-8
516,حآسا,آسيا سير ارس,23,156224,1852191744,12480,11856,11856,-624,-5.0,12456,-24,-0.19,11856,11856,1399-7-8
517,بساما,بيمه سامان,23,1202432,27826681344,24359,23142,23142,-1217,-5.0,23645,-714,-2.93,23142,23142,1399-7-8
518,خاذين,سايپاآذين‌,23,40634,319383240,8270,7860,7860,-410,-4.96,8270,0,0.0,7860,7860,1399-7-8
519,وارس,سرمايه گذاري ارس صبا,23,159547,15718410893,103704,98519,98519,-5185,-5.0,99031,-4673,-4.51,98519,98519,1399-7-8
520,هجم911,اختيارف ت جم-38645-99/11/28,22,100000,100000,1,1,1,0,0.0,1,0,0.0,1,1,1399-7-8
521,خرينگ,رينگ‌سازي‌مشهد,22,38770,1038260600,28180,26780,26780,-1400,-4.97,28150,-30,-0.11,26780,26780,1399-7-8
522,ثنوسا,نوسازي‌وساختمان‌تهران‌,22,97194,1146889200,12420,11800,11800,-620,-4.99,12400,-20,-0.16,11800,11800,1399-7-8
523,غالبر,لبنيات‌ كالبر,22,45340,625692000,14520,13800,13800,-720,-4.96,14500,-20,-0.14,13800,13800,1399-7-8
524,هجرت,پخش هجرت,22,106925,6200366900,61040,57988,57988,-3052,-5.0,60635,-405,-0.66,57988,57988,1399-7-8
525,حتايد,تايدواترخاورميانه,22,36700,671243000,19250,18290,18290,-960,-4.99,19240,-10,-0.05,18290,18290,1399-7-8
526,قهكمت,قندهكمتان‌,22,165284,7183242640,45740,43460,43460,-2280,-4.98,45390,-350,-0.77,43460,43460,1399-7-8
527,خريخت,صنايع‌ريخته‌گري‌ايران‌,21,81605,491262100,6330,6020,6020,-310,-4.9,6330,0,0.0,6020,6020,1399-7-8
528,فولاي,صنايع فولاد آلياژي يزد,21,13008,654705648,52979,50331,50331,-2648,-5.0,52942,-37,-0.07,50331,50331,1399-7-8
529,وآذر,سرمايه‌گذاري‌توسعه‌آذربايجان‌,21,6587,772457490,123440,117270,117270,-6170,-5.0,123340,-100,-0.08,117270,117270,1399-7-8
530,وبرق,س.کارکنان صنعت برق زنجان وقزوي,21,4075,825004125,213110,202455,202455,-10655,-5.0,212647,-463,-0.22,202455,202455,1399-7-8
531,قشير,قند شيروان قوچان و بجنورد,21,21393,553180194,27218,25858,25858,-1360,-5.0,27202,-16,-0.06,25858,25858,1399-7-8
532,واعتبار,سرمايه گذاري اعتبار ايران,20,101538,784888740,8130,7730,7730,-400,-4.92,8120,-10,-0.12,7730,7730,1399-7-8
533,ضجار7023,اختيارخ وتجارت-3000-1399/07/22,20,478,59035000,57,110,120,63,110.53,124,67,117.54,100,160,1399-7-8
534,وتوصا,گروه س توسعه صنعتي ايران,20,14763,214801650,15310,14550,14550,-760,-4.96,15310,0,0.0,14550,14550,1399-7-8
535,سفانو,سيمان فارس نو,20,13427,419728020,32900,31260,31260,-1640,-4.98,32890,-10,-0.03,31260,31260,1399-7-8
536,زگلدشت,كشت و دام گلدشت نمونه اصفهان,20,5996,218919956,38432,36511,36511,-1921,-5.0,38423,-9,-0.02,36511,36511,1399-7-8
537,كپرور,فرآوري زغال سنگ پروده طبس,20,21846,900470274,43388,41219,41219,-2169,-5.0,43347,-41,-0.09,41219,41219,1399-7-8
538,قشرين,قند شيرين خراسان,20,18173,355045901,20141,19537,19537,-604,-3.0,20130,-11,-0.05,19537,19537,1399-7-8
539,شفارس,صنايع‌ شيميايي‌ فارس‌,19,18637,620425730,35040,33290,33290,-1750,-4.99,35020,-20,-0.06,33290,33290,1399-7-8
540,وآرين,شركت توسعه اقتصادي آرين,19,80845,404629225,5159,5005,5005,-154,-2.99,5156,-3,-0.06,5005,5005,1399-7-8
541,ميهن,بيمه ميهن,19,230970,1192498110,5434,5163,5163,-271,-4.99,5427,-7,-0.13,5163,5163,1399-7-8
542,هشفن911,اختيارف ت شفن-318060-99/11/26,19,20000,20000,459,1,1,-458,-99.78,1,-458,-99.78,1,1,1399-7-8
543,زمگسا,كشاورزي‌ ودامپروي‌ مگسال‌,19,20137,532623650,27840,26450,26450,-1390,-4.99,27820,-20,-0.07,26450,26450,1399-7-8
544,ولبهمن,شركت بهمن ليزينگ,19,512593,5033150667,10335,9819,9819,-516,-4.99,10279,-56,-0.54,9819,9819,1399-7-8
545,اخزا704,اسنادخزانه-م4بودجه97-991022,19,15421,14741031739,955411,955907,955906,495,0.05,955906,495,0.05,955906,955907,1399-7-8
546,زبينا,كشاورزي و دامپروري بينالود,18,4107,197448132,50606,48076,48076,-2530,-5.0,50595,-11,-0.02,48076,48076,1399-7-8
547,لابسا,آبسال‌,17,25231,781151760,32580,30960,30960,-1620,-4.97,32550,-30,-0.09,30960,30960,1399-7-8
548,ضفلا8085,اختيارخ فولاد-16775-1399/08/28,17,95,320395000,2524,2250,3600,1076,42.63,3373,849,33.64,2250,3600,1399-7-8
549,زقيام,كشت و دام قيام اصفهان,17,14420,394689820,28811,27371,27371,-1440,-5.0,28799,-12,-0.04,27371,27371,1399-7-8
550,وايران,ليزينگ ايرانيان,17,15611,168754910,11370,10810,10810,-560,-4.93,11370,0,0.0,10810,10810,1399-7-8
551,پست9908-04,پسته فندقي32-30سبزدانه9908,17,369,571520249,1584592,1600000,1567400,-17192,-1.08,1548835,-35757,-2.26,1507120,1665748,1399-7-8
552,ولشرق,ليزينگ ايران و شرق,17,249920,2125569600,8952,8505,8505,-447,-4.99,8932,-20,-0.22,8505,8505,1399-7-8
553,دروز,داروسازي‌ روزدارو,17,477280,9006273600,19860,18870,18870,-990,-4.98,19670,-190,-0.96,18870,18870,1399-7-8
554,ضچاد1017,اختيارخ كچاد-20000-1399/10/02,16,263,1286140000,4132,4500,4700,568,13.75,4890,758,18.34,4500,5500,1399-7-8
555,قشكر,شكرشاهرود,16,4275,189810000,46730,44400,44400,-2330,-4.99,46720,-10,-0.02,44400,44400,1399-7-8
556,اخزا703,اسنادخزانه-م3بودجه97-990721,16,23452,23310241606,993404,994005,993940,536,0.05,993955,551,0.06,993900,994005,1399-7-8
557,داراب,پتروشيمي داراب,16,89808,280380576,3218,3122,3122,-96,-2.98,3217,-1,-0.03,3122,3122,1399-7-8
558,ضغدر8043,اختيارخ وغدير-16000-1399/08/26,16,134,379775000,2335,3000,3195,860,36.83,2834,499,21.37,2550,3200,1399-7-8
559,غبهنوش,بهنوش‌ ايران‌,16,6684,376843920,59340,56380,56380,-2960,-4.99,59320,-20,-0.03,56380,56380,1399-7-8
560,هصادر912,اختيارف ت صادرات-3750-99/12/23,16,1000000,1000000,1,1,1,0,0.0,1,0,0.0,1,1,1399-7-8
561,ضملي8077,اختيارخ فملي -29750-1399/08/06,16,169,562230000,2284,3990,3397,1113,48.73,3327,1043,45.67,3050,3990,1399-7-8
562,ضجار7021,اختيارخ وتجارت-2600-1399/07/22,16,304,113522000,62,445,314,252,406.45,373,311,501.61,150,450,1399-7-8
563,ثنور,سرمايه گذاري كوه نور,16,26282,207654082,8145,7901,7901,-244,-3.0,8142,-3,-0.04,7901,7901,1399-7-8
564,سكرد,سيمان كردستان,16,17413,184577800,11150,10600,10600,-550,-4.93,11150,0,0.0,10600,10600,1399-7-8
565,ضفلا8082,اختيارخ فولاد-13775-1399/08/28,16,111,645686000,4000,5000,5900,1900,47.5,5817,1817,45.43,4500,6000,1399-7-8
566,بسويچ,پارس‌سويچ‌,16,8721,387735660,46790,44460,44460,-2330,-4.98,46770,-20,-0.04,44460,44460,1399-7-8
567,فنورد,نوردوقطعات‌ فولادي‌,15,49920,6416716800,122420,128540,128540,6120,5.0,123170,750,0.61,128540,128540,1399-7-8
568,دشيري,شيرين دارو,15,7978,1549016458,200165,194161,194161,-6004,-3.0,199696,-469,-0.23,194161,194161,1399-7-8
569,ضجار7024,اختيارخ وتجارت-3200-1399/07/22,15,540,46609000,94,100,99,5,5.32,86,-8,-8.51,70,150,1399-7-8
570,هنفت912,اختيارف ت نفت-15330-99/12/04,15,100000,182400000,1177,1824,1824,647,54.97,1824,647,54.97,1824,1824,1399-7-8
571,خاور,ايران خودرو ديزل,15,18448,130759424,7307,7088,7088,-219,-3.0,7306,-1,-0.01,7088,7088,1399-7-8
572,سرود,سيمان‌شاهرود,15,14358,205606560,15070,14320,14320,-750,-4.98,15070,0,0.0,14320,14320,1399-7-8
573,زنجان,صنايع كشاورزي وكود زنجان,15,79910,548981700,7082,6870,6870,-212,-2.99,7076,-6,-0.08,6870,6870,1399-7-8
574,سدور,سيمان‌ دورود,15,21005,164049050,8220,7810,7810,-410,-4.99,8220,0,0.0,7810,7810,1399-7-8
575,زشريف,كشت وصنعت شريف آباد,15,12445,329630715,27881,26487,26487,-1394,-5.0,27871,-10,-0.04,26487,26487,1399-7-8
576,شدوص,دوده‌ صنعتي‌ پارس‌,15,19393,384757120,20880,19840,19840,-1040,-4.98,20870,-10,-0.05,19840,19840,1399-7-8
577,ضجار7016,اختيارخ وتجارت-1800-1399/07/22,15,83,71358000,425,950,650,225,52.94,860,435,102.35,650,1010,1399-7-8
578,بزاگرس,نيروگاه زاگرس كوثر,14,33788,511144864,15924,15128,15128,-796,-5.0,15915,-9,-0.06,15128,15128,1399-7-8
579,اخزا804,اسنادخزانه-م4بودجه98-000421,14,14420,12613321338,873849,874690,873692,-157,-0.02,874710,861,0.1,873343,875001,1399-7-8
580,سكرما,سيمان‌ كرمان‌,14,8928,132491520,15620,14840,14840,-780,-4.99,15620,0,0.0,14840,14840,1399-7-8
581,ضپيك7022,اختيارخ تاپيكو-9370-99/07/20,13,87,1038707000,8588,11600,12390,3802,44.27,11939,3351,39.02,10500,12390,1399-7-8
582,پلوله,گازلوله‌,13,33279,670072665,20338,20135,20135,-203,-1.0,20310,-28,-0.14,20135,20135,1399-7-8
583,تكمبا,كمباين‌ سازي‌ ايران‌,13,11213,115606030,10850,10310,10310,-540,-4.98,10850,0,0.0,10310,10310,1399-7-8
584,وسنا,سرمايه گذاري نيروگاهي ايران,13,12241,255261573,21497,20853,20853,-644,-3.0,21491,-6,-0.03,20853,20853,1399-7-8
585,قاسم,قاسم ايران,13,28272,430921824,16044,15242,15242,-802,-5.0,16037,-7,-0.04,15242,15242,1399-7-8
586,خشرق,الكتريك‌ خودرو شرق‌,13,9407,175910900,19680,18700,18700,-980,-4.98,19680,0,0.0,18700,18700,1399-7-8
587,ضخود7044,اختيارخ خودرو-2000-1399/07/09,13,135,63810000,325,350,500,175,53.85,473,148,45.54,350,500,1399-7-8
588,كتوكا,توليدي و خدمات صنايع نسوز توكا,13,2229,318985503,150638,143107,143107,-7531,-5.0,150587,-51,-0.03,143107,143107,1399-7-8
589,ضخود7040,اختيارخ خودرو-1600-1399/07/09,13,126,102511000,609,800,900,291,47.78,814,205,33.66,650,900,1399-7-8
590,كرونا2,تامين مالي جمعي صرفا اهداي سود,13,2781,27810000,10000,10000,10000,0,0.0,10000,0,0.0,10000,10000,1399-7-8
591,اراد49,مرابحه عام دولت4-ش.خ 0206,13,2066500,1933086760000,935440,935440,935440,0,0.0,935440,0,0.0,935440,935440,1399-7-8
592,ضخود1042,اختيارخ خودرو-3000-1399/10/07,13,556,249144000,329,400,450,121,36.78,448,119,36.17,400,500,1399-7-8
593,ثنظام,س. ساختماني نظام مهندسي ايران,13,2658,127692978,49526,48041,48041,-1485,-3.0,49516,-10,-0.02,48041,48041,1399-7-8
594,ضپاس7014,اختيارخ وپارس-3800-1399/07/30,13,229,125170000,795,580,530,-265,-33.33,547,-248,-31.19,530,590,1399-7-8
595,اخزا903,اسنادخزانه-م3بودجه99-011110,13,39580,26188403650,662701,661259,662300,-401,-0.06,661657,-1044,-0.16,661253,662701,1399-7-8
596,دكپسول,توليد ژلاتين كپسول ايران,12,4032,155187648,40514,38489,38489,-2025,-5.0,40507,-7,-0.02,38489,38489,1399-7-8
597,لخانه,لوازم‌ خانگي‌ پارس‌,12,8328,466051536,58907,55962,55962,-2945,-5.0,58835,-72,-0.12,55962,55962,1399-7-8
598,صگل1411,ص اجاره گل گهر 1411-3 ماهه 17%,12,124,121505352,1013738,1020000,985000,-28738,-2.83,979882,-33856,-3.34,970030,1020990,1399-7-8
599,پاسا,ايران‌ياساتايرورابر,12,9745,229007500,24730,23500,23500,-1230,-4.97,24720,-10,-0.04,23500,23500,1399-7-8
600,شتوكا,توكا رنگ فولاد سپاهان,12,5523,158051691,30123,28617,28617,-1506,-5.0,30118,-5,-0.02,28617,28617,1399-7-8
601,چكاوه,صنايع‌كاغذسازي‌كاوه‌,12,4107,152862540,39170,37220,37220,-1950,-4.98,39160,-10,-0.03,37220,37220,1399-7-8
602,ولغدر,ليزينگ‌خودروغدير,12,14718,251824980,18010,17110,17110,-900,-5.0,18010,0,0.0,17110,17110,1399-7-8
603,داسوه,داروسازي‌ اسوه‌,12,4827,149637000,32630,31000,31000,-1630,-5.0,32620,-10,-0.03,31000,31000,1399-7-8
604,ضپنا1022,اختيارخ رمپنا-18806-1399/10/09,12,214,1258800000,5180,6500,5500,320,6.18,5882,702,13.55,5500,6500,1399-7-8
605,آ س پ,آ.س.پ,12,21246,304880100,15105,14350,14350,-755,-5.0,15100,-5,-0.03,14350,14350,1399-7-8
606,زعف9908پ05,زعفران9908نگين زرين(پ),12,1454,114870599,80740,80000,77500,-3240,-4.01,79003,-1737,-2.15,77500,80000,1399-7-8
607,لپيام,گسترش صنايع پيام,12,3329,102466620,32062,30780,30780,-1282,-4.0,32048,-14,-0.04,30780,30780,1399-7-8
608,رتكو,كنترل‌خوردگي‌تكين‌كو,12,8769,161612670,19400,18430,18430,-970,-5.0,19400,0,0.0,18430,18430,1399-7-8
609,ساراب,سيمان‌ داراب‌,11,17628,211359720,12620,11990,11990,-630,-4.99,12620,0,0.0,11990,11990,1399-7-8
610,ضفلا8084,اختيارخ فولاد-15775-1399/08/28,11,201,726300000,3228,3200,3900,672,20.82,3613,385,11.93,3200,3900,1399-7-8
611,فسا,پتروشيمي فسا,11,126800,378244400,3075,2983,2983,-92,-2.99,3073,-2,-0.07,2983,2983,1399-7-8
612,ضجار7018,اختيارخ وتجارت-2000-1399/07/22,11,119,77751000,700,650,250,-450,-64.29,653,-47,-6.71,250,900,1399-7-8
613,ضفار1124,اختيارخ فارس-15826-1399/11/07,11,191,1149186000,1,9000,6299,6298,629800.0,6017,6016,601600.0,5600,9000,1399-7-8
614,ضخود7050,اختيارخ خودرو-1200-1399/07/09,11,142,159245000,1078,1003,1150,72,6.68,1121,43,3.99,1003,1299,1399-7-8
615,خوساز,محورسازان‌ايران‌خودرو,11,21454,206172940,10110,9610,9610,-500,-4.95,10110,0,0.0,9610,9610,1399-7-8
616,خزر,فنرسازي‌زر,11,39814,331252480,8750,8320,8320,-430,-4.91,8750,0,0.0,8320,8320,1399-7-8
617,بمپنا,توليد برق عسلويه  مپنا,11,1499,141525087,99382,94413,94413,-4969,-5.0,99367,-15,-0.02,94413,94413,1399-7-8
618,غپاك,لبنيات‌ پاك‌,11,6549,110743590,17790,16910,16910,-880,-4.95,17790,0,0.0,16910,16910,1399-7-8
619,اخزا805,اسنادخزانه-م5بودجه98-000422,11,47754,41748486337,873769,874240,875000,1231,0.14,874241,472,0.05,872150,875001,1399-7-8
620,حبندر,دريايي و کشتيراني خط دريابندر,11,12298,279385964,23913,22718,22718,-1195,-5.0,23895,-18,-0.08,22718,22718,1399-7-8
621,خكاوه,سايپا ديزل,11,81039,517839210,6587,6390,6390,-197,-2.99,6582,-5,-0.08,6390,6390,1399-7-8
622,خكار,ايركا پارت صنعت,11,6386,230853900,38050,36150,36150,-1900,-4.99,38040,-10,-0.03,36150,36150,1399-7-8
623,وثنو,سرمايه گذاري ساختماني نوين,11,19303,348399847,18607,18049,18049,-558,-3.0,18597,-10,-0.05,18049,18049,1399-7-8
624,اخزا721,اسنادخزانه-م21بودجه97-000728,10,13636,11413002250,835290,835583,836000,710,0.09,836976,1686,0.2,835583,840000,1399-7-8
625,فلوله,لوله‌وماشين‌سازي‌ايران‌,10,12681,323999550,26890,25550,25550,-1340,-4.98,26880,-10,-0.04,25550,25550,1399-7-8
626,سخواف,سيمان مجد خواف,10,9039,149089266,17004,16494,16494,-510,-3.0,17000,-4,-0.02,16494,16494,1399-7-8
627,پلاست,كارخانجات توليدي پلاستيران,10,9149,377213270,43399,41230,41230,-2169,-5.0,43356,-43,-0.1,41230,41230,1399-7-8
628,اوصتا,صندوق انديشه ورزان صباتامين -د,10,54611,916255646,16749,16778,16740,-9,-0.05,16778,29,0.17,16740,16780,1399-7-8
629,زعف9908پ12,زعفران9908پوشالمعمول سحرخيز(پ),10,431,28417400,68920,63000,68800,-120,-0.17,65934,-2986,-4.33,63000,68800,1399-7-8
630,غشصفا,شيرپاستوريزه‌پگاه‌اصفهان‌,10,9954,266667660,28200,26790,26790,-1410,-5.0,28190,-10,-0.04,26790,26790,1399-7-8
631,كگاز,شيشه‌ و گاز,10,16272,397687680,25720,24440,24440,-1280,-4.98,25710,-10,-0.04,24440,24440,1399-7-8
632,ضغدر8042,اختيارخ وغدير-15000-1399/08/26,10,188,590865000,2582,3000,3399,817,31.64,3143,561,21.73,3000,3399,1399-7-8
633,خفولا,خدمات فني فولاد يزد,10,8264,227987232,29039,27588,27588,-1451,-5.0,29022,-17,-0.06,27588,27588,1399-7-8
634,زدشت,كشت و صنعت دشت خرم دره,10,3233,149468056,48665,46232,46232,-2433,-5.0,48657,-8,-0.02,46232,46232,1399-7-8
635,دكيمي,كيميدارو,10,4009,97859690,25690,24410,24410,-1280,-4.98,25690,0,0.0,24410,24410,1399-7-8
636,سجام,مجتمع سيمان غرب آسيا,10,17361,217811106,12934,12546,12546,-388,-3.0,12929,-5,-0.04,12546,12546,1399-7-8
637,اخزا716,اسنادخزانه-م16بودجه97-000407,10,25809,22747267585,882262,881999,882000,-262,-0.03,881370,-892,-0.1,881000,882000,1399-7-8
638,وپسا,س. پتروشيمي ساختمان  خليج فارس,10,214325,1108917550,5333,5174,5174,-159,-2.98,5324,-9,-0.17,5174,5174,1399-7-8
639,زماهان,مجتمع توليد گوشت مرغ ماهان,10,5308,134101312,26593,25264,25264,-1329,-5.0,26589,-4,-0.02,25264,25264,1399-7-8
640,حپارسا,توسعه حمل و نقل ريلي پارسيان,9,5791,191566280,34821,33080,33080,-1741,-5.0,34814,-7,-0.02,33080,33080,1399-7-8
641,ولملت,واسپاري ملت,9,109350,1235655000,11890,11300,11300,-590,-4.96,11870,-20,-0.17,11300,11300,1399-7-8
642,ضغدر8048,اختيارخ وغدير-22000-1399/08/26,9,30,29108000,1000,1000,980,-20,-2.0,970,-30,-3.0,949,1000,1399-7-8
643,حتوكا,حمل‌ونقل‌توكا,9,27816,418630800,15840,15050,15050,-790,-4.99,15830,-10,-0.06,15050,15050,1399-7-8
644,قزوين,كارخانجات‌ قند قزوين‌,9,2489,86517640,36580,34760,34760,-1820,-4.98,36580,0,0.0,34760,34760,1399-7-8
645,ضجار7027,اختيارخ وتجارت-3800-1399/07/22,9,254,10967000,24,39,35,11,45.83,43,19,79.17,35,79,1399-7-8
646,نتوس,پشم‌ بافي‌ توس,9,11879,126642019,11222,10661,10661,-561,-5.0,11218,-4,-0.04,10661,10661,1399-7-8
647,ولتجار,واسپاري تجارت وسرمايه ايرانيان,9,24335,163871890,6942,6734,6734,-208,-3.0,6940,-2,-0.03,6734,6734,1399-7-8
648,معيار,سرمايه گذاري معيار صنعت پارس,9,2441,68799753,29887,28533,27963,-1924,-6.44,29875,-12,-0.04,27963,28533,1399-7-8
649,اخزا713,اسنادخزانه-م13بودجه97-000518,9,7781,6715523097,861533,861844,863500,1967,0.23,863067,1534,0.18,861844,879000,1399-7-8
650,ضفلا8087,اختيارخ فولاد-18775-1399/08/28,9,83,211990000,1981,3250,2500,519,26.2,2554,573,28.92,2499,3250,1399-7-8
651,اخزا718,اسنادخزانه-م18بودجه97-000525,9,2643,2278353693,861536,860020,862020,484,0.06,862033,497,0.06,860020,863798,1399-7-8
652,كمينا,شيشه سازي مينا,8,3531,113871219,33246,32249,32249,-997,-3.0,33240,-6,-0.02,32249,32249,1399-7-8
653,زعف9908پ15,زعفران9908پوشالمعمول طلاسرخ(پ),8,1592,99179124,64000,62290,62301,-1699,-2.65,62298,-1702,-2.66,62284,62301,1399-7-8
654,ضخود7041,اختيارخ خودرو-1700-1399/07/09,8,58,40360000,624,750,807,183,29.33,696,72,11.54,570,807,1399-7-8
655,پلاسك,پلاسكوكار,8,7720,70406400,9590,9120,9120,-470,-4.9,9590,0,0.0,9120,9120,1399-7-8
656,غشاذر,پگاه‌آذربايجان‌غربي‌,8,5141,113256230,23180,22030,22030,-1150,-4.96,23180,0,0.0,22030,22030,1399-7-8
657,ثاباد,توريستي ورفاهي آبادگران ايران,8,3000,92760000,32540,30920,30920,-1620,-4.98,32540,0,0.0,30920,30920,1399-7-8
658,وسرمد,بيمه  سرمد,8,5194,32872826,6524,6329,6329,-195,-2.99,6524,0,0.0,6329,6329,1399-7-8
659,بايكا,كارخانجات كابلسازي ‌ايران‌,8,9266,387717238,43137,41843,41843,-1294,-3.0,43111,-26,-0.06,41843,41843,1399-7-8
660,ضصاد8012,اختيارخ وبصادر-2800-1399/08/11,8,150,215956000,1488,1500,1498,10,0.67,1440,-48,-3.23,1320,1500,1399-7-8
661,كسعدي,كاشي‌ سعدي‌,8,62015,3928030100,66670,63340,63340,-3330,-4.99,66390,-280,-0.42,63340,63340,1399-7-8
662,ثعمرا,عمران و توسعه شاهد,8,9854,250902548,26802,25462,25462,-1340,-5.0,26795,-7,-0.03,25462,25462,1399-7-8
663,غگلپا,شير پاستوريزه پگاه گلپايگان,8,4902,360145038,77335,73469,73469,-3866,-5.0,77306,-29,-0.04,73469,73469,1399-7-8
664,بنيرو,نيروترانس‌,8,1899,123378030,68380,64970,64970,-3410,-4.99,68370,-10,-0.01,64970,64970,1399-7-8
665,وسمركز,شركت س استان مركزي,8,433609,637405230,1400,1470,1470,70,5.0,1400,0,0.0,1470,1470,1399-7-8
666,ثالوند,سرمايه گذاري مسكن الوند,8,28795,379258945,13864,13171,13171,-693,-5.0,13858,-6,-0.04,13171,13171,1399-7-8
667,خعمرا,توسعه و عمران شهرستان نائين,8,90424,1390901968,14650,15382,15382,732,5.0,14698,48,0.33,15382,15382,1399-7-8
668,بالاس,مهندسي ساختمان تاسيسات راه آهن,8,2852,141598948,52262,49649,49649,-2613,-5.0,52254,-8,-0.02,49649,49649,1399-7-8
669,ضگل8057,اختيارخ كگل-13100-1399/08/21,8,90,683999000,4460,820,9700,5240,117.49,7600,3140,70.4,820,9700,1399-7-8
670,غدشت,دشت‌ مرغاب‌,7,245,71304800,306350,291040,291040,-15310,-5.0,306330,-20,-0.01,291040,291040,1399-7-8
671,ضخود7048,اختيارخ خودرو-2800-1399/07/09,7,212,280000,2,1,3,1,50.0,1,-1,-50.0,1,7,1399-7-8
672,زير0003پ02,زيره سبز0003 دانش(پ),7,188,88404143,503043,466492,466492,-36551,-7.27,470235,-32808,-6.52,466492,499999,1399-7-8
673,زير0003پ04,زيره سبز0003شركت مينوبذر(پ),7,150,69973850,469592,466492,466492,-3100,-0.66,466492,-3100,-0.66,466492,466493,1399-7-8
674,حسير,ريل سير كوثر,7,6574,173323510,27752,26365,26365,-1387,-5.0,27747,-5,-0.02,26365,26365,1399-7-8
675,خلنت,لنت‌ ترمزايران‌,7,1035,95447700,97070,92220,92220,-4850,-5.0,97060,-10,-0.01,92220,92220,1399-7-8
676,ضجار7036,اختيارخ وتجارت-6500-1399/07/22,7,233,2137000,8,39,9,1,12.5,9,1,12.5,6,39,1399-7-8
677,شمواد,توليد مواداوليه الياف مصنوعي,7,2523,156552150,65315,62050,62050,-3265,-5.0,65288,-27,-0.04,62050,62050,1399-7-8
678,دكوثر,داروسازي‌ كوثر,7,4284,108256680,26590,25270,25270,-1320,-4.96,26590,0,0.0,25270,25270,1399-7-8
679,ختراك,ريخته‌گري‌ تراكتورسازي‌ ايران‌,7,1508,32829160,22910,0,21770,-1140,-4.98,22910,0,0.0,21770,21770,1399-7-8
680,ضپاس7017,اختيارخ وپارس-4400-1399/07/30,7,53,11600000,219,290,100,-119,-54.34,219,0,0.0,100,300,1399-7-8
681,همعاد911,اختيارف ت معادن-19080-99/11/19,7,100000,40200000,93,402,402,309,332.26,402,309,332.26,402,402,1399-7-8
682,صايپا012,صكوك مرابحه سايپا012-3ماهه 16%,7,110,105402140,969853,951000,960000,-9853,-1.02,958201,-11652,-1.2,950980,980000,1399-7-8
683,بالبر,كابل‌ البرز,7,1179,30524310,27250,25890,25890,-1360,-4.99,27250,0,0.0,25890,25890,1399-7-8
684,فافزا,فولاد افزا سپاهان,7,2626,124716618,48961,47493,47493,-1468,-3.0,48952,-9,-0.02,47493,47493,1399-7-8
685,افرا,افرانت,7,1682,109688266,68645,65213,65213,-3432,-5.0,68637,-8,-0.01,65213,65213,1399-7-8
686,سغرب,سيمان‌غرب‌,7,7631,151246420,20860,19820,19820,-1040,-4.99,20860,0,0.0,19820,19820,1399-7-8
687,ثپرديس,سرمايه گذاري مسكن پرديس,7,8296,110726712,14049,13347,13347,-702,-5.0,14047,-2,-0.01,13347,13347,1399-7-8
688,ثتوسا,س.توسعه و عمران استان اردبيل,7,1242,91667052,76088,73806,73806,-2282,-3.0,76077,-11,-0.01,73806,73806,1399-7-8
689,اخزا902,اسنادخزانه-م2بودجه99-011019,6,16965,11364098854,669365,666539,668000,-1365,-0.2,669855,490,0.07,666539,683999,1399-7-8
690,زعف9908پ14,زعفران9908پوشالمعمول نوين(پ),6,1003,64673997,65562,64001,65897,335,0.51,64481,-1081,-1.65,64000,65897,1399-7-8
691,صخود412,ص مرابحه خودرو412- 3ماهه 18%,6,64,64317937,1009107,985002,1005000,-4107,-0.41,1004968,-4139,-0.41,985002,1013997,1399-7-8
692,چفيبر,فيبر ايران‌,6,41914,448898940,11270,10710,10710,-560,-4.97,11260,-10,-0.09,10710,10710,1399-7-8
693,بشهاب,لامپ‌  پارس‌ شهاب‌,6,1051,74084990,74190,70490,70490,-3700,-4.99,74180,-10,-0.01,70490,70490,1399-7-8
694,غبهار,كشت وصنعت بهاران گلبهار خراسان,6,985,36716860,38428,37276,37276,-1152,-3.0,38426,-2,-0.01,37276,37276,1399-7-8
695,وسالت,بانك قرض الحسنه رسالت,6,102290,433198150,4152,4235,4235,83,2.0,4156,4,0.1,4235,4235,1399-7-8
696,خفنر,فنرسازي‌خاور,6,4642,92607900,21000,19950,19950,-1050,-5.0,21000,0,0.0,19950,19950,1399-7-8
697,حپترو,حمل و نقل پتروشيمي( سهامي عام,6,1451,44153930,32030,30430,30430,-1600,-5.0,32030,0,0.0,30430,30430,1399-7-8
698,ضخود7051,اختيارخ خودرو-1300-1399/07/09,6,92,97180000,1000,1004,1210,210,21.0,1056,56,5.6,904,1210,1399-7-8
699,فمراد,آلومراد,6,1545,228412800,155620,147840,147840,-7780,-5.0,155580,-40,-0.03,147840,147840,1399-7-8
700,فالوم,آلومتك‌,6,2407,81929466,35090,34038,34038,-1052,-3.0,35086,-4,-0.01,34038,34038,1399-7-8
701,كابگن,توليدي و صنعتي آبگينه‌,6,41247,187880085,4510,4555,4555,45,1.0,4512,2,0.04,4555,4555,1399-7-8
702,زكشت,كشاورزي مكانيزه اصفهان كشت,6,3449,108505540,33115,31460,31460,-1655,-5.0,33111,-4,-0.01,31460,31460,1399-7-8
703,اراد54,مرابحه عام دولت5-ش.خ 0109,6,1060000,1004159200000,1000000,947320,947320,-52680,-5.27,947320,-52680,-5.27,947320,947320,1399-7-8
704,ضجار7010,اختيارخ وتجارت-1200-1399/07/22,6,11,15750000,1999,1400,1750,-249,-12.46,1432,-567,-28.36,1400,1750,1399-7-8
705,ضخود1043,اختيارخ خودرو-3500-1399/10/07,6,52,23425000,715,500,390,-325,-45.45,450,-265,-37.06,390,649,1399-7-8
706,ضخود7054,اختيارخ خودرو-3400-1399/07/09,6,200,200000,1,1,1,0,0.0,1,0,0.0,1,1,1399-7-8
707,كطبس,ذغال‌سنگ‌ نگين‌ ط‌بس‌,5,2630,132157500,52890,50250,50250,-2640,-4.99,52880,-10,-0.02,50250,50250,1399-7-8
708,آينده,بازرگاني آينده سازان بهشت پارس,5,12056,272224480,23278,22580,22580,-698,-3.0,23268,-10,-0.04,22580,22580,1399-7-8
709,شفارا,پتروشيمي فارابي,5,8358,44798880,5525,5360,5360,-165,-2.99,5525,0,0.0,5360,5360,1399-7-8
710,ضشنا7053,اختيارخ شپنا-3758-1399/07/28,5,21,324405000,14777,16900,14501,-276,-1.87,15448,671,4.54,14501,16900,1399-7-8
711,سنير,سيمان‌ سفيد ني‌ريز,5,441,40060440,95620,90840,90840,-4780,-5.0,95620,0,0.0,90840,90840,1399-7-8
712,دلقما,دارويي‌ لقمان‌,5,10627,360042760,35660,33880,33880,-1780,-4.99,35650,-10,-0.03,33880,33880,1399-7-8
713,ضخود7047,اختيارخ خودرو-2600-1399/07/09,5,107,5285000,200,49,50,-150,-75.0,49,-151,-75.5,40,50,1399-7-8
714,دارا2,صندوق س. دارا الگوريتم-د,5,500000,500000,10040,1,1,-10039,-99.99,1,-10039,-99.99,1,1,1399-7-8
715,ضپنا7047,اختيارخ رمپنا-48507-1399/07/13,5,99,188000,1,2,1,0,0.0,2,1,100.0,1,2,1399-7-8
716,سنوين,سرمايه گذاري اقتصاد نوين,5,216171,2374206093,11207,10983,10983,-224,-2.0,11152,-55,-0.49,10983,10983,1399-7-8
717,شستا993,اجاره ت.اجتماعي-كاردان991226,5,41,42092110,1032930,1014711,1020000,-12930,-1.25,1026637,-6293,-0.61,1014711,1035000,1399-7-8
718,ضفلا8080,اختيارخ فولاد-11775-1399/08/28,5,17,105108000,5424,6000,6500,1076,19.84,6183,759,13.99,6000,6500,1399-7-8
719,داريك2,صندوق س.اعتماد داريك-د,5,500000,500000,10010,1,1,-10009,-99.99,1,-10009,-99.99,1,1,1399-7-8
720,دقاضي,داروسازي شهيد قاضي,5,1091,100495283,94961,92113,92113,-2848,-3.0,94946,-15,-0.02,92113,92113,1399-7-8
721,ضبدر8061,اختيارخ شبندر-31580-1399/08/18,5,43,322495000,10000,7000,8000,-2000,-20.0,7500,-2500,-25.0,7000,8000,1399-7-8
722,خفناور,مهندسي صنعتي روان فن آور,5,2144,51108672,25092,23838,23838,-1254,-5.0,25089,-3,-0.01,23838,23838,1399-7-8
723,شسم,توليد سموم‌ علف‌ كش,5,1049,84477019,78952,80531,80531,1579,2.0,78965,13,0.02,80531,80531,1399-7-8
724,تابا,تابان نيرو سپاهان,5,3171,100898049,32803,31819,31819,-984,-3.0,32798,-5,-0.02,31819,31819,1399-7-8
725,زعف9908پ06,زعفران 9908پوشالمعمول زرين(پ),5,508,32263152,65087,64000,63000,-2087,-3.21,63510,-1577,-2.42,62284,64000,1399-7-8
726,ضملي1151,اختيارخ فملي-16224-1399/11/05,5,49,249500000,10000,5000,5500,-4500,-45.0,5092,-4908,-49.08,5000,5500,1399-7-8
727,غپآذر,شير پگاه آذربايجان شرقي,5,1177,65966142,58995,56046,56046,-2949,-5.0,58991,-4,-0.01,56046,56046,1399-7-8
728,فبيرا,بسته‌ بندي‌ ايران‌,5,8655,43725060,5208,5052,5052,-156,-3.0,5208,0,0.0,5052,5052,1399-7-8
729,ضغدر8041,اختيارخ وغدير-14000-1399/08/26,5,19,71900000,2657,3300,4700,2043,76.89,3784,1127,42.42,3200,4700,1399-7-8
730,ضپاس7018,اختيارخ وپارس-4600-1399/07/30,4,21,9460000,500,10,400,-100,-20.0,450,-50,-10.0,10,550,1399-7-8
731,ضسان1040,اختيارخ پارسان-24000-99/10/14,4,25,179500000,6786,7000,7300,514,7.57,7180,394,5.81,7000,7300,1399-7-8
732,فن آوا,گروه فن آوا,4,5398,75728542,14613,14029,14029,-584,-4.0,14608,-5,-0.03,14029,14029,1399-7-8
733,لازما,كارخانه هاي صنعتي آزمايش,4,1470,46199160,32069,31428,31428,-641,-2.0,32066,-3,-0.01,31428,31428,1399-7-8
734,ضگل8060,اختيارخ كگل-16100-1399/08/21,4,6,22200000,5500,100,6500,1000,18.18,3700,-1800,-32.73,100,6500,1399-7-8
735,ضخود1045,اختيارخ خودرو-4500-1399/10/07,4,305,92495000,500,499,300,-200,-40.0,303,-197,-39.4,300,499,1399-7-8
736,افران2,صندوق س افرا نماد پايدار-ثابت,4,400000,400000,11730,1,1,-11729,-99.99,1,-11729,-99.99,1,1,1399-7-8
737,غگلستا,شير پاستوريزه پگاه گلستان,4,6085,92644125,16026,15225,15225,-801,-5.0,16024,-2,-0.01,15225,15225,1399-7-8
738,ضپنا7041,اختيارخ رمپنا-29606-1399/07/13,4,15,15000,51,1,1,-50,-98.04,1,-50,-98.04,1,1,1399-7-8
739,تشتاد,صنايع توليدي اشتاد ايران‌,4,1736,23272816,13820,13406,13406,-414,-3.0,13820,0,0.0,13406,13406,1399-7-8
740,آوا2,صندوق س.سهام آواي معيار-س,4,14000000,14000000,9376,1,1,-9375,-99.99,1,-9375,-99.99,1,1,1399-7-8
741,گكيش,توريستي ورفاهي آبادگران كيش,4,2143,151469383,72866,70681,70681,-2185,-3.0,72849,-17,-0.02,70681,70681,1399-7-8
742,ضخود7062,اختيارخ خودرو-5000-1399/07/09,4,126,126000,1,1,1,0,0.0,1,0,0.0,1,1,1399-7-8
743,اخزا723,اسنادخزانه-م23بودجه97-000824,4,3597,2964113447,823800,824052,824051,251,0.03,824052,252,0.03,824051,824052,1399-7-8
744,ضصاد8008,اختيارخ وبصادر-2000-1399/08/11,4,30,60101000,2055,2100,2000,-55,-2.68,2003,-52,-2.53,2000,2100,1399-7-8
745,ضسپا8021,اختيارخ خساپا-3000-1399/08/26,4,29,5000000,400,110,200,-200,-50.0,172,-228,-57.0,110,200,1399-7-8
746,خچرخش,چرخشگر,4,1378,29392740,22450,21330,21330,-1120,-4.99,22450,0,0.0,21330,21330,1399-7-8
747,كهرام,توليدي گرانيت بهسرام,4,2541,143022726,58026,56286,56286,-1740,-3.0,58013,-13,-0.02,56286,56286,1399-7-8
748,ضخود7052,اختيارخ خودرو-1400-1399/07/09,4,20,20505000,1800,1001,1100,-700,-38.89,1025,-775,-43.06,1000,1100,1399-7-8
749,كساپا,سايپاشيشه‌,4,4086,81311400,20940,19900,19900,-1040,-4.97,20940,0,0.0,19900,19900,1399-7-8
750,لبوتان,گروه‌صنعتي‌بوتان‌,4,370,29259600,83240,79080,79080,-4160,-5.0,83240,0,0.0,79080,79080,1399-7-8
751,سيلام,سيمان‌ ايلام‌,4,1900,19494000,10800,10260,10260,-540,-5.0,10800,0,0.0,10260,10260,1399-7-8
752,ثغرب,شركت سرمايه گذاري مسكن شمالغرب,4,3947,53975225,14394,13675,13675,-719,-5.0,14393,-1,-0.01,13675,13675,1399-7-8
753,خنصير,مهندسي‌نصيرماشين‌,4,509,24956270,51610,49030,49030,-2580,-5.0,51610,0,0.0,49030,49030,1399-7-8
754,خكمك,كمك‌فنرايندامين‌,4,1492,82925360,58500,55580,55580,-2920,-4.99,58490,-10,-0.02,55580,55580,1399-7-8
755,ضفلا8076,اختيارخ فولاد-8775-1399/08/28,4,12,104024000,8087,9000,7012,-1075,-13.29,8669,582,7.2,7012,9000,1399-7-8
756,سصفها,سيمان‌اصفهان‌,4,353,37672160,112330,106720,106720,-5610,-4.99,112330,0,0.0,106720,106720,1399-7-8
757,ضشنا7075,اختيارخ شپنا-18522-1399/07/28,4,22,36606000,1104,702,1800,696,63.04,1664,560,50.72,702,1800,1399-7-8
758,ضمخا7032,اختيارخ اخابر-4750-1399/07/30,4,29,283999000,6517,9000,10000,3483,53.44,9793,3276,50.27,9000,10000,1399-7-8
759,تكنو,تكنوتار,3,3083,45165950,15420,14650,14650,-770,-4.99,15420,0,0.0,14650,14650,1399-7-8
760,اخزا722,اسنادخزانه-م22بودجه97-000428,3,10155,8856211695,872101,872269,872101,0,0.0,872104,3,0.0,872101,872269,1399-7-8
761,طسان7050,اختيارف پارسان-11000-99/07/15,3,104,1004000,99,10,1,-98,-98.99,10,-89,-89.9,1,10,1399-7-8
762,سفارود,كارخانه فارسيت درود,3,4167,28860642,7067,6926,6926,-141,-2.0,7067,0,0.0,6926,6926,1399-7-8
763,ضگل8058,اختيارخ كگل-14100-1399/08/21,3,27,32645000,5650,120,6001,351,6.21,1209,-4441,-78.6,120,6001,1399-7-8
764,سشمال,سيمان‌ شمال‌,3,4500,50940000,11910,11320,11320,-590,-4.95,11910,0,0.0,11320,11320,1399-7-8
765,ضغدر8044,اختيارخ وغدير-17000-1399/08/26,3,7,20247000,1915,2900,2850,935,48.83,2892,977,51.02,2850,2900,1399-7-8
766,ثشرق,سرمايه گذاري مسكن شمال شرق,3,2619,17835390,7160,6810,6810,-350,-4.89,7160,0,0.0,6810,6810,1399-7-8
767,زعف9908پ17,زعفران9908پوشالمعمول بيرجند(پ),3,683,44168212,64157,66000,64500,343,0.53,64668,511,0.8,62284,66000,1399-7-8
768,خمحور,توليدمحورخودرو,3,609,34962690,60430,57410,57410,-3020,-5.0,60430,0,0.0,57410,57410,1399-7-8
769,ضپيك7033,اختيارخ تاپيكو-21370-99/07/20,3,6,14797000,1350,2499,2300,950,70.37,2466,1116,82.67,2300,2500,1399-7-8
770,پارسان2,گسترش نفت و گاز پارسيان,3,2660000,66766000000,25870,25100,25100,-770,-2.98,25100,-770,-2.98,25100,25100,1399-7-8
771,ثرود,سرمايه‌گذاري مسكن زاينده رود,3,8539,105823827,13045,12393,12393,-652,-5.0,13044,-1,-0.01,12393,12393,1399-7-8
772,دفرا,فرآورده‌هاي‌ تزريقي‌ ايران‌,3,570,15236100,28130,26730,26730,-1400,-4.98,28130,0,0.0,26730,26730,1399-7-8
773,نمرينو,ايران‌ مرينوس‌,3,252,15916320,66480,63160,63160,-3320,-4.99,66480,0,0.0,63160,63160,1399-7-8
774,ضجار7020,اختيارخ وتجارت-2400-1399/07/22,3,11,6000000,625,500,550,-75,-12.0,545,-80,-12.8,500,550,1399-7-8
775,ضپنا7042,اختيارخ رمپنا-32306-1399/07/13,3,95,95000,1,1,1,0,0.0,1,0,0.0,1,1,1399-7-8
776,پدرخش,درخشان‌ تهران‌,3,804,176003640,230430,218910,218910,-11520,-5.0,230390,-40,-0.02,218910,218910,1399-7-8
777,ضجار7025,اختيارخ وتجارت-3400-1399/07/22,3,157,8554000,96,100,42,-54,-56.25,54,-42,-43.75,42,100,1399-7-8
778,قشهد,شهد,3,4300,133386000,32650,31020,31020,-1630,-4.99,32650,0,0.0,31020,31020,1399-7-8
779,شرنگي,شيميايي رنگين,3,273,32622954,123193,119498,119498,-3695,-3.0,123187,-6,0.0,119498,119498,1399-7-8
780,ضجار7019,اختيارخ وتجارت-2200-1399/07/22,3,15,10955000,413,675,780,367,88.86,730,317,76.76,675,780,1399-7-8
781,سفار,سيمان‌فارس‌,3,120,12159600,106660,101330,101330,-5330,-5.0,106660,0,0.0,101330,101330,1399-7-8
782,ضملي8085,اختيارخ فملي-51750-1399/08/06,3,65,6085000,500,977,20,-480,-96.0,94,-406,-81.2,20,977,1399-7-8
783,ثامان,سامان‌ گستراصفهان‌,3,1229,26558690,22740,21610,21610,-1130,-4.97,22740,0,0.0,21610,21610,1399-7-8
784,ولانا,شركت ليزينگ آريا دانا,3,2250,51561000,23624,22916,22916,-708,-3.0,23622,-2,-0.01,22916,22916,1399-7-8
785,زنگان,صنعت روي زنگان,3,790,122717020,163513,155338,155338,-8175,-5.0,163492,-21,-0.01,155338,155338,1399-7-8
786,ضچاد1012,اختيارخ كچاد-10000-1399/10/02,3,12,158458000,12500,13458,13000,500,4.0,13205,705,5.64,13000,13458,1399-7-8
787,ضصاد8015,اختيارخ وبصادر-3400-1399/08/11,3,100,70007000,1022,701,700,-322,-31.51,700,-322,-31.51,700,701,1399-7-8
788,غشوكو,شوكو پارس,3,953,42368474,45832,44458,44458,-1374,-3.0,45829,-3,-0.01,44458,44458,1399-7-8
789,ضسپا8016,اختيارخ خساپا-2000-1399/08/26,3,16,5600000,800,350,350,-450,-56.25,350,-450,-56.25,350,350,1399-7-8
790,ضپاس7016,اختيارخ وپارس-4200-1399/07/30,2,20,5200000,120,250,350,230,191.67,260,140,116.67,250,350,1399-7-8
791,آگاس2,صندوق س.هستي بخش آگاه-س,2,300000,300000,70064,1,1,-70063,-100.0,1,-70063,-100.0,1,1,1399-7-8
792,عسناسنگ,سلف كنستانتره سنگ آهن سناباد,2,12,80543340,6835424,6711945,6711945,-123479,-1.81,6711945,-123479,-1.81,6711945,6711945,1399-7-8
793,ضجار7028,اختيارخ وتجارت-4000-1399/07/22,2,24,324000,100,2,25,-75,-75.0,13,-87,-87.0,2,25,1399-7-8
794,قلرست,قند لرستان‌,2,3200,80256000,26400,25080,25080,-1320,-5.0,26400,0,0.0,25080,25080,1399-7-8
795,ضپنا1021,اختيارخ رمپنا-16106-1399/10/09,2,50,400000000,8136,8000,8000,-136,-1.67,8000,-136,-1.67,8000,8000,1399-7-8
796,ضغدر8040,اختيارخ وغدير-13000-1399/08/26,2,2,9900000,3500,4500,5400,1900,54.29,4950,1450,41.43,4500,5400,1399-7-8
797,لخزر,پارس‌ خزر,2,80,16757600,220490,209470,209470,-11020,-5.0,220490,0,0.0,209470,209470,1399-7-8
798,وبملت2,بانك ملت,2,44000000,238920000000,5430,5430,5430,0,0.0,5430,0,0.0,5430,5430,1399-7-8
799,تملي701,تسهيلات مسكن ب. ملي-فروردين97,2,5,3513760,669288,702752,702752,33464,5.0,702752,33464,5.0,702752,702752,1399-7-8
800,صايپا203,صكوك مرابحه سايپا203-3ماهه 16%,2,110,105600000,960000,960000,960000,0,0.0,960000,0,0.0,960000,960000,1399-7-8
801,ثاژن,سخت آژند,2,20500,205410000,10224,10020,10020,-204,-2.0,10220,-4,-0.04,10020,10020,1399-7-8
802,تپمپي,پمپ‌ سازي‌ ايران‌,2,409,19951020,51340,48780,48780,-2560,-4.99,51340,0,0.0,48780,48780,1399-7-8
803,اخزا720,اسنادخزانه-م20بودجه97-000324,2,24,21315528,887712,888147,888147,435,0.05,888147,435,0.05,888147,888147,1399-7-8
804,قمرو,قند مرودشت‌,2,600,21240000,37260,35400,35400,-1860,-4.99,37260,0,0.0,35400,35400,1399-7-8
805,ضملي8070,اختيارخ فملي -17750-1399/08/06,2,2,36001000,4507,18000,18001,13494,299.4,18000,13493,299.38,18000,18001,1399-7-8
806,حريل02,اجاره ريل پردازسير021212,2,44,41360022,940000,940000,940001,1,0.0,940000,0,0.0,940000,940001,1399-7-8
807,ضخود7063,اختيارخ خودرو-5500-1399/07/09,2,10,10000,5,1,1,-4,-80.0,1,-4,-80.0,1,1,1399-7-8
808,ضپاس7015,اختيارخ وپارس-4000-1399/07/30,2,71,31240000,344,440,440,96,27.91,440,96,27.91,440,440,1399-7-8
809,ضفار8041,اختيارخ فارس-16826-1399/08/06,2,14,28000000,1505,2000,2000,495,32.89,2000,495,32.89,2000,2000,1399-7-8
810,ضفار8029,اختيارخ فارس-7326-1399/08/06,2,12,165600000,13000,13800,13800,800,6.15,13800,800,6.15,13800,13800,1399-7-8
811,ضغدر8047,اختيارخ وغدير-20000-1399/08/26,2,21,14500000,999,650,1500,501,50.15,690,-309,-30.93,650,1500,1399-7-8
812,اعتماد2,صندوق س.اعتماد آفرين پارسيان-د,2,19000000,19000000,32567,1,1,-32566,-100.0,1,-32566,-100.0,1,1,1399-7-8
813,ضچاد1013,اختيارخ كچاد-12000-1399/10/02,2,6,64100000,11500,11600,10500,-1000,-8.7,10683,-817,-7.1,10500,11600,1399-7-8
814,ضصاد8020,اختيارخ وبصادر-4400-1399/08/11,2,12,7000000,477,580,590,113,23.69,583,106,22.22,580,590,1399-7-8
815,ضشنا7071,اختيارخ شپنا-13153-1399/07/28,2,2,7500000,5000,3000,4500,-500,-10.0,3750,-1250,-25.0,3000,4500,1399-7-8
816,زعف9908پ13,زعفران9908پوشالمعمول روستا(پ),2,600,38620000,63700,63700,64500,800,1.26,64367,667,1.05,63700,64500,1399-7-8
817,ضصاد8018,اختيارخ وبصادر-4000-1399/08/11,2,14,9800000,734,700,700,-34,-4.63,700,-34,-4.63,700,700,1399-7-8
818,ضشنا7056,اختيارخ شپنا-4765-1399/07/28,2,2,22316000,11296,11296,11020,-276,-2.44,11158,-138,-1.22,11020,11296,1399-7-8
819,ضپنا7046,اختيارخ رمپنا-44457-1399/07/13,2,118,308000,2,3,1,-1,-50.0,3,1,50.0,1,3,1399-7-8
820,جم2,پتروشيمي جم,2,11850000,570577500000,48230,48150,48150,-80,-0.17,48150,-80,-0.17,48150,48150,1399-7-8
821,تملي612,تسهيلات مسكن بانك ملي-اسفند96,2,24,79240320,3144458,3301680,3301680,157222,5.0,3301680,157222,5.0,3301680,3301680,1399-7-8
822,ضصاد8016,اختيارخ وبصادر-3600-1399/08/11,1,1,400000,963,400,400,-563,-58.46,400,-563,-58.46,400,400,1399-7-8
823,تملي710,تسهيلات مسكن ب. ملي-دي97,1,20,9456080,450290,472804,472804,22514,5.0,472804,22514,5.0,472804,472804,1399-7-8
824,تملي803,تسهيلات مسكن ب. ملي-خرداد98,1,23,5094132,210938,221484,221484,10546,5.0,221484,10546,5.0,221484,221484,1399-7-8
825,تملي712,تسهيلات مسكن ب. ملي-اسفند97,1,8,5092872,606295,636609,636609,30314,5.0,636609,30314,5.0,636609,636609,1399-7-8
826,ضخود7049,اختيارخ خودرو-3000-1399/07/09,1,27,27000,1,1,1,0,0.0,1,0,0.0,1,1,1399-7-8
827,تملي706,تسهيلات مسكن ب. ملي-شهريور97,1,2,570046,271451,285023,285023,13572,5.0,285023,13572,5.0,285023,285023,1399-7-8
828,كشم0001پ01,كشمش سبز0001خليل آباد(پ),1,50,17086900,325465,341738,341738,16273,5.0,341738,16273,5.0,341738,341738,1399-7-8
829,ضسان1042,اختيارخ پارسان-32000-99/10/14,1,10,23000000,3750,2300,2300,-1450,-38.67,2300,-1450,-38.67,2300,2300,1399-7-8
830,ضملي8087,اختيارخ فملي-59750-1399/08/06,1,44,440000,180,10,10,-170,-94.44,10,-170,-94.44,10,10,1399-7-8
831,ضفار8034,اختيارخ فارس-9826-1399/08/06,1,28,14000000,14000,500,500,-13500,-96.43,500,-13500,-96.43,500,500,1399-7-8
832,ضفار1125,اختيارخ فارس-17826-1399/11/07,1,50,200000000,100,4000,4000,3900,3900.0,4000,3900,3900.0,4000,4000,1399-7-8
833,اراد474,مرابحه عام دولت4-ش.خ 0008,1,200000,194800000000,969000,974000,974000,5000,0.52,974000,5000,0.52,974000,974000,1399-7-8
834,اراد544,مرابحه عام دولت5-ش.خ 0109,1,1000000,947320000000,1000000,947320,947320,-52680,-5.27,947320,-52680,-5.27,947320,947320,1399-7-8
835,وسپه2,سرمايه‌گذاري‌ سپه‌,1,9000000,140220000000,16230,15580,15580,-650,-4.0,15580,-650,-4.0,15580,15580,1399-7-8
836,ضچاد1016,اختيارخ كچاد-18000-1399/10/02,1,10,52000000,4912,5200,5200,288,5.86,5200,288,5.86,5200,5200,1399-7-8
837,ضپاس7021,اختيارخ وپارس-5500-1399/07/30,1,50,2500000,63,50,50,-13,-20.63,50,-13,-20.63,50,50,1399-7-8
838,ضفلا8070,اختيارخ فولاد-5775-1399/08/28,1,1,12000000,10960,12000,12000,1040,9.49,12000,1040,9.49,12000,12000,1399-7-8
839,اراد494,مرابحه عام دولت4-ش.خ 0206,1,3000000,2806320000000,935440,935440,935440,0,0.0,935440,0,0.0,935440,935440,1399-7-8
840,ضفلا8060,اختيارخ فولاد-3507-1399/08/28,1,5,120600000,14000,15000,15000,1000,7.14,15000,1000,7.14,15000,15000,1399-7-8
841,گواهي ظرفيت,گواهي ظرفيت نقدي,1,500000,5319500000,10639,10639,10639,0,0.0,10639,0,0.0,10639,10639,1399-7-8
842,ضغدر8036,اختيارخ وغدير-9500-1399/08/26,1,1,8000000,10999,8000,8000,-2999,-27.27,8000,-2999,-27.27,8000,8000,1399-7-8
843,تملي711,تسهيلات مسكن ب. ملي-بهمن97,1,9,5589279,591459,621031,621031,29572,5.0,621031,29572,5.0,621031,621031,1399-7-8
844,ضخود7065,اختيارخ خودرو-6500-1399/07/09,1,10,10000,1,1,1,0,0.0,1,0,0.0,1,1,1399-7-8
845,ضخود7042,اختيارخ خودرو-1800-1399/07/09,1,9,6300000,1200,700,700,-500,-41.67,700,-500,-41.67,700,700,1399-7-8
846,ضفلا8068,اختيارخ فولاد-4751-1399/08/28,1,3,48486024,10000,10051,10051,51,0.51,10051,51,0.51,10051,10051,1399-7-8
847,ضملي8082,اختيارخ فملي-39750-1399/08/06,1,1,900000,1007,900,900,-107,-10.63,900,-107,-10.63,900,900,1399-7-8
848,اشاد9,مشاركت دولتي9-شرايط خاص990909,1,2900,2873902900,992286,991001,991001,-1285,-0.13,991001,-1285,-0.13,991001,991001,1399-7-8
849,ضغدر8037,اختيارخ وغدير-10000-1399/08/26,1,1,7500000,1260,7500,7500,6240,495.24,7500,6240,495.24,7500,7500,1399-7-8
850,ضبدر8063,اختيارخ شبندر-35580-1399/08/18,1,1,7000000,17114,7000,7000,-10114,-59.1,7000,-10114,-59.1,7000,7000,1399-7-8
851,تملي704,تسهيلات مسكن ب. ملي-تير97,1,5,5257195,1001371,1051439,1051439,50068,5.0,1051439,50068,5.0,1051439,1051439,1399-7-8
852,تملي806,تسهيلات مسكن ب. ملي-شهريور98,1,26,4863352,178145,187052,187052,8907,5.0,187052,8907,5.0,187052,187052,1399-7-8
853,ضملت8022,اختيارخ وبملت-2891-1399/08/28,1,1,12423000,1,3000,3000,2999,299900.0,3000,2999,299900.0,3000,3000,1399-7-8
854,ضفلا8086,اختيارخ فولاد-17775-1399/08/28,1,10,32000000,2700,3200,3200,500,18.52,3200,500,18.52,3200,3200,1399-7-8
855,صينا205,صكوك منفعت سينا دارو-3ماهه 19%,1,10,9801000,985004,980100,980100,-4904,-0.5,980100,-4904,-0.5,980100,980100,1399-7-8
856,سپرمي,پرميت‌,1,700,5804400,8461,8292,8292,-169,-2.0,8461,0,0.0,8292,8292,1399-7-8
857,تملي804,تسهيلات مسكن ب. ملي-تير98,1,18,5017428,265473,278746,278746,13273,5.0,278746,13273,5.0,278746,278746,1399-7-8
858,ضخود7053,اختيارخ خودرو-3200-1399/07/09,1,10,10000,1,1,1,0,0.0,1,0,0.0,1,1,1399-7-8
859,ضغدر8033,اختيارخ وغدير-8010-1399/08/26,1,3,30000000,9500,10000,10000,500,5.26,10000,500,5.26,10000,10000,1399-7-8
860,ضخود1044,اختيارخ خودرو-4000-1399/10/07,1,5,2950000,500,590,590,90,18.0,590,90,18.0,590,590,1399-7-8
861,ضخود7046,اختيارخ خودرو-2400-1399/07/09,1,8,80000,100,10,10,-90,-90.0,10,-90,-90.0,10,10,1399-7-8
862,ضپاس7013,اختيارخ وپارس-3600-1399/07/30,1,5,3000000,760,600,600,-160,-21.05,600,-160,-21.05,600,600,1399-7-8
863,ضصاد8019,اختيارخ وبصادر-4200-1399/08/11,1,1,500000,529,500,500,-29,-5.48,500,-29,-5.48,500,500,1399-7-8
864,اراد484,مرابحه عام دولت4-ش.خ 0009,1,200000,194400000000,967060,972000,972000,4940,0.51,972000,4940,0.51,972000,972000,1399-7-8
865,ضخود7055,اختيارخ خودرو-3600-1399/07/09,1,100,100000,1,1,1,0,0.0,1,0,0.0,1,1,1399-7-8
866,اراد41,مرابحه عام دولت4-ش.خ 0006,1,1000,984800000,970800,984800,984800,14000,1.44,984800,14000,1.44,984800,984800,1399-7-8
867,اراد42,مرابحه عام دولت4-ش.خ 0106,1,500,521500000,1028000,1043000,1043000,15000,1.46,1043000,15000,1.46,1043000,1043000,1399-7-8
868,ضملي1150,اختيارخ فملي-14196-1399/11/05,1,5,40000000,10000,8000,8000,-2000,-20.0,8000,-2000,-20.0,8000,8000,1399-7-8
869,سفاسي,شركت فارسيت اهواز,1,8463,96063513,11702,11351,11351,-351,-3.0,11700,-2,-0.02,11351,11351,1399-7-8
870,ضخود1046,اختيارخ خودرو-5000-1399/10/07,1,10,2000000,142,200,200,58,40.85,200,58,40.85,200,200,1399-7-8
871,وسزنجان,شركت س استان زنجان,1,63984,95976000,1430,1500,1500,70,4.9,1430,0,0.0,1500,1500,1399-7-8
872,تملي802,تسهيلات مسكن ب. ملي-ارديبهشت98,1,8,5366048,638816,670756,670756,31940,5.0,670756,31940,5.0,670756,670756,1399-7-8
873,وثخوز,سرمايه گذاري و توسعه خوزستان,1,150,5526000,37979,36840,36840,-1139,-3.0,37979,0,0.0,36840,36840,1399-7-8
874,ضبدر8056,اختيارخ شبندر-21580-1399/08/18,1,1,15000000,13000,15000,15000,2000,15.38,15000,2000,15.38,15000,15000,1399-7-8
875,ضفار1126,اختيارخ فارس-19826-1399/11/07,1,1,4500000,7000,4500,4500,-2500,-35.71,4500,-2500,-35.71,4500,4500,1399-7-8
876,كمند2,صندوق س. با درآمد ثابت كمند,1,50000000,50000000,10160,1,1,-10159,-99.99,1,-10159,-99.99,1,1,1399-7-8
877,اعتماد4,صندوق س.اعتماد آفرين پارسيان-د,1,63800000,2091683000000,32567,32785,32785,218,0.67,32785,218,0.67,32785,32785,1399-7-8
878,هپارس912,اختيارف ت وپارس-5920-99/12/10,1,100000,178500000,1612,1785,1785,173,10.73,1785,173,10.73,1785,1785,1399-7-8
879,پارتا,مجتمع‌صنعتي‌آرتاويل‌تاير,1,100,6119800,63090,61198,61198,-1892,-3.0,63090,0,0.0,61198,61198,1399-7-8
880,ضخود7056,اختيارخ خودرو-3800-1399/07/09,1,2,2000,1,1,1,0,0.0,1,0,0.0,1,1,1399-7-8
881,ضپنا7044,اختيارخ رمپنا-37707-1399/07/13,1,98,98000,11000,1,1,-10999,-99.99,1,-10999,-99.99,1,1,1399-7-8
882,صايپا998,صكوك مرابحه سايپا998-3ماهه 18%,1,8000,8000000000,994950,1000000,1000000,5050,0.51,1000000,5050,0.51,1000000,1000000,1399-7-8
883,ضپاس7020,اختيارخ وپارس-5000-1399/07/30,1,66,9900000,158,150,150,-8,-5.06,150,-8,-5.06,150,150,1399-7-8
884,تملي705,تسهيلات مسكن ب. ملي-مرداد97,1,13,5175690,379172,398130,398130,18958,5.0,398130,18958,5.0,398130,398130,1399-7-8
885,فنرژي,گسترش صنايع انرژي آذرآب,1,1380,15090300,11158,10935,10935,-223,-2.0,11158,0,0.0,10935,10935,1399-7-8
886,ضشنا7055,اختيارخ شپنا-4429-1399/07/28,1,10,155000000,15000,15500,15500,500,3.33,15500,500,3.33,15500,15500,1399-7-8
887,ضپنا7039,اختيارخ رمپنا-25556-1399/07/13,1,100,500000,53,5,5,-48,-90.57,5,-48,-90.57,5,5,1399-7-8
888,ضصاد8022,اختيارخ وبصادر-4800-1399/08/11,1,2,40000,583,20,20,-563,-96.57,20,-563,-96.57,20,20,1399-7-8
889,تملي707,تسهيلات مسكن ب. ملي-مهر97,1,10,5236190,498685,523619,523619,24934,5.0,523619,24934,5.0,523619,523619,1399-7-8
890,سلار,شركت سيمان لارستان,1,3571,99605903,29361,27893,27893,-1468,-5.0,29353,-8,-0.03,27893,27893,1399-7-8
891,ضجار7015,اختيارخ وتجارت-1700-1399/07/22,1,18,4878000,1000,271,271,-729,-72.9,271,-729,-72.9,271,271,1399-7-8
892,مبين014,اجاره اعتماد مبين لوتوس011019,1,2000,1940000000,962000,970000,970000,8000,0.83,970000,8000,0.83,970000,970000,1399-7-8
893,وصندوق2,سرمايه‌گذاري‌صندوق‌بازنشستگي‌,1,15000000,249900000000,17260,16660,16660,-600,-3.48,16660,-600,-3.48,16660,16660,1399-7-8
894,ضخود7057,اختيارخ خودرو-4000-1399/07/09,1,69,69000,1,1,1,0,0.0,1,0,0.0,1,1,1399-7-8
895,نوآور,ص.اعتبارسرمايه نوآفرين35%تاديه,1,1000,350000000,420000,350000,350000,-70000,-16.67,350000,-70000,-16.67,350000,350000,1399-7-8
896,تملي801,تسهيلات مسكن ب. ملي-فروردين98,1,13,5244122,384185,403394,403394,19209,5.0,403394,19209,5.0,403394,403394,1399-7-8
897,ضملي1149,اختيارخ فملي-12168-1399/11/05,1,4,40000000,13500,10000,10000,-3500,-25.93,10000,-3500,-25.93,10000,10000,1399-7-8
898,تملي703,تسهيلات مسكن ب. ملي-خرداد97,1,15,4973925,315805,331595,331595,15790,5.0,331595,15790,5.0,331595,331595,1399-7-8
899,خموتور,موتورسازان‌تراكتورسازي‌ايران‌,1,10000,132100000,13900,13210,13210,-690,-4.96,13900,0,0.0,13210,13210,1399-7-8
900,ضبدر8065,اختيارخ شبندر-39580-1399/08/18,1,5,25515000,9667,5103,5103,-4564,-47.21,5103,-4564,-47.21,5103,5103,1399-7-8
901,تملي708,تسهيلات مسكن ب. ملي-آبان97,1,24,5082048,201669,211752,211752,10083,5.0,211752,10083,5.0,211752,211752,1399-7-8
902,خليبل,ماليبل سايپا,1,1800,448200,238,249,249,11,4.62,238,0,0.0,249,249,1399-7-8
903,تملي709,تسهيلات مسكن ب. ملي-آذر97,1,6,2440200,387334,406700,406700,19366,5.0,406700,19366,5.0,406700,406700,1399-7-8
904,ضفلا8081,اختيارخ فولاد-12775-1399/08/28,1,100,890500000,6740,8905,8905,2165,32.12,8905,2165,32.12,8905,8905,1399-7-8
905,ضملي1148,اختيارخ فملي-10140-1399/11/05,1,1,16500000,15500,16500,16500,1000,6.45,16500,1000,6.45,16500,16500,1399-7-8
906,كايتا,ايتالران‌,1,5480,52284680,9264,9541,9541,277,2.99,9265,1,0.01,9541,9541,1399-7-8
907,ضملي8062,اختيارخ فملي -9750-1399/08/06,1,1,20000000,4000,20000,20000,16000,400.0,20000,16000,400.0,20000,20000,1399-7-8
908,تملي805,تسهيلات مسكن ب. ملي-مرداد98,1,20,4804340,228779,240217,240217,11438,5.0,240217,11438,5.0,240217,240217,1399-7-8
909,ضملي1154,اختيارخ فملي-24336-1399/11/05,1,20,48000000,2803,2400,2400,-403,-14.38,2400,-403,-14.38,2400,2400,1399-7-8
910,اخزا8122,اسنادخزانه-م12بودجه98-001111,1,350000,278705000000,795529,796300,796300,771,0.1,796300,771,0.1,796300,796300,1399-7-8
911,ضمخا7050,اختيارخ اخابر-14750-1399/07/30,1,24,48000000,3182,2000,2000,-1182,-37.15,2000,-1182,-37.15,2000,2000,1399-7-8
912,ضخوز7028,اختيارخ فخوز-43470-1399/07/20,1,26,2600000,2000,100,100,-1900,-95.0,100,-1900,-95.0,100,100,1399-7-8
913,ضفلا8092,اختيارخ فولاد-27775-1399/08/28,1,5,4000000,1783,800,800,-983,-55.13,800,-983,-55.13,800,800,1399-7-8
914,ضغدر8035,اختيارخ وغدير-9000-1399/08/26,1,2,13800000,5553,6900,6900,1347,24.26,6900,1347,24.26,6900,6900,1399-7-8
915,ضملي8067,اختيارخ فملي -14750-1399/08/06,1,1,15500000,14962,15500,15500,538,3.6,15500,538,3.6,15500,15500,1399-7-8
916,تملي807,تسهيلات مسكن ب. ملي-مهر98,1,15,4883610,310071,325574,325574,15503,5.0,325574,15503,5.0,325574,325574,1399-7-8
917,تملي702,تسهيلات مسكن ب. ملي-ارديبهشت97,1,9,5448546,576566,605394,605394,28828,5.0,605394,28828,5.0,605394,605394,1399-7-8
