,نماد,نام,تعداد,حجم,ارزش,دیروز,اولین,آخرین معامله - مقدار,آخرین معامله - تغییر,آخرین معامله - درصد,قیمت پایانی - مقدار,قیمت پایانی - تغییر,قیمت پایانی - درصد,کمترین,بیشترین,تاریخ
0,شستا,سرمايه گذاري تامين اجتماعي,62984,146849658,3491793523090,24110,24470,23390,-720,-2.99,23780,-330,-1.37,23170,24630,1399-10-3
1,شپنا,پالايش نفت اصفهان,61749,302154174,4181101147070,14150,14550,13600,-550,-3.89,13840,-310,-2.19,13510,14580,1399-10-3
2,بوعلي,پتروشيمي بوعلي سينا,53845,6526820,419413453200,61200,64260,64260,3060,5.0,64260,3060,5.0,64260,64260,1399-10-3
3,خودرو,ايران‌ خودرو,51704,972435252,3361343350740,3500,3600,3430,-70,-2.0,3460,-40,-1.14,3350,3620,1399-10-3
4,وسپهر,سرمايه گذاري مالي سپهرصادرات,47843,114195518,1258629833716,11132,11222,11000,-132,-1.19,11022,-110,-0.99,10920,11349,1399-10-3
5,خساپا,سايپا,44658,1146124808,2877240667890,2570,2630,2490,-80,-3.11,2510,-60,-2.33,2450,2640,1399-10-3
6,پالايش,صندوق پالايشي يکم-سهام,42295,19784889,1753272944520,89090,91500,87200,-1890,-2.12,88620,-470,-0.53,86960,92100,1399-10-3
7,خگستر,گسترش‌سرمايه‌گذاري‌ايران‌خودرو,36169,590308231,2619251194800,4290,4500,4380,90,2.1,4440,150,3.5,4300,4500,1399-10-3
8,بپيوند,برق و انرژي پيوندگستر پارس,35458,33253729,1056911037707,32281,32374,31320,-961,-2.98,31783,-498,-1.54,30890,33080,1399-10-3
9,دي,بانك دي,33400,51669791,2220874574000,43711,44180,42700,-1011,-2.31,42982,-729,-1.67,42069,44800,1399-10-3
10,وتجارت,بانك تجارت,32647,590467620,2002980702850,3400,3530,3370,-30,-0.88,3390,-10,-0.29,3320,3530,1399-10-3
11,دارا يكم,صندوق واسطه گري مالي يكم-سهام,31000,11431840,2010746644890,176230,179850,173990,-2240,-1.27,175890,-340,-0.19,173520,179890,1399-10-3
12,فولاد,فولاد مباركه اصفهان,29569,159829750,2242339545820,14250,14200,13960,-290,-2.04,14030,-220,-1.54,13870,14290,1399-10-3
13,سيتا,سرمايه گذاري سيمان تامين,29020,42243079,712623157320,16830,17000,16750,-80,-0.48,16870,40,0.24,16610,17250,1399-10-3
14,فملي,ملي‌ صنايع‌ مس‌ ايران‌,28786,90072342,1403301662230,15690,15890,15500,-190,-1.21,15580,-110,-0.7,15360,16000,1399-10-3
15,وكبهمن,مديريت سرمايه گذاري كوثربهمن,28095,2511740,48637333360,18442,19364,19364,922,5.0,19209,767,4.16,19364,19364,1399-10-3
16,زمگسا,كشاورزي‌ ودامپروي‌ مگسال‌,26747,42713432,2409891646220,57700,54820,58100,400,0.69,56420,-1280,-2.22,54820,60300,1399-10-3
17,زملارد,كشاورزي و دامپروري ملارد شير,25442,5423840,234605341554,42626,42950,44341,1715,4.02,43254,628,1.47,41660,44500,1399-10-3
18,چخزر,صنايع چوب خزر كاسپين,25091,194190,5545095450,27196,28555,28555,1359,5.0,27337,141,0.52,28555,28555,1399-10-3
19,غسالم,سالمين‌,23875,232086834,1692530102230,7150,7500,7050,-100,-1.4,7290,140,1.96,6920,7500,1399-10-3
20,آبادا,توليد نيروي برق آبادان,23293,12009769,218053671300,17730,18100,18200,470,2.65,18160,430,2.43,17830,18400,1399-10-3
21,بگيلان,توسعه مسير برق گيلان,23250,6829864,176478052900,26277,25970,25700,-577,-2.2,25839,-438,-1.67,25462,26660,1399-10-3
22,ثبهساز,بهساز كاشانه تهران,22263,101985531,286079111500,2790,2830,2780,-10,-0.36,2810,20,0.72,2770,2870,1399-10-3
23,امين,تامين سرمايه امين,22003,18862863,211494604300,11370,11380,11160,-210,-1.85,11210,-160,-1.41,11110,11570,1399-10-3
24,ثاميد,توسعه و عمران اميد,21699,141035964,315929055420,2240,2280,2230,-10,-0.45,2240,0,0.0,2220,2290,1399-10-3
25,غزر,صنعتي زر ماكارون,20650,3540340,211278093240,58970,61400,59190,220,0.37,59680,710,1.2,58800,61400,1399-10-3
26,ثشاهد,سرمايه‌ گذاري‌ شاهد,20649,71251769,1900292604460,25510,26710,26780,1270,4.98,26670,1160,4.55,26010,26780,1399-10-3
27,وپارس,بانك‌پارسيان‌,19657,423833880,1825335925970,4190,4350,4250,60,1.43,4310,120,2.86,4200,4390,1399-10-3
28,شبندر,پالايش نفت بندرعباس,19333,57231607,1674559028920,29190,30000,29000,-190,-0.65,29260,70,0.24,28500,30270,1399-10-3
29,شتران,پالايش نفت تهران,18776,74192838,868225093190,11650,12000,11510,-140,-1.2,11700,50,0.43,11350,12130,1399-10-3
30,پيزد,مجتمع صنايع لاستيك يزد,17807,2746087,243778449928,91553,91010,89522,-2031,-2.22,88773,-2780,-3.04,87172,91330,1399-10-3
31,شاروم,پتروشيمي اروميه,17102,11070703,380621839843,32744,34381,34381,1637,5.0,34381,1637,5.0,34381,34381,1399-10-3
32,وبصادر,بانك صادرات ايران,16572,292904228,923729971590,3130,3250,3120,-10,-0.32,3150,20,0.64,3080,3260,1399-10-3
33,وپويا,سرمايه گذاري پويا,15691,22932234,190777712249,8257,8300,8300,43,0.52,8319,62,0.75,8202,8500,1399-10-3
34,ونيكي,سرمايه‌گذاري‌ ملي‌ايران‌,15637,43101501,921623698050,21830,22000,21520,-310,-1.42,21380,-450,-2.06,20740,22700,1399-10-3
35,آريا,پليمر آريا ساسول,15578,2257611,414482096069,184539,183000,184538,-1,0.0,183593,-946,-0.51,180400,186200,1399-10-3
36,زدشت,كشت و صنعت دشت خرم دره,15560,16282234,1037421612652,65967,65100,63199,-2768,-4.2,63715,-2252,-3.41,61883,66690,1399-10-3
37,خبهمن,گروه‌بهمن‌,15436,70005438,2276618648200,31140,32690,32390,1250,4.01,32520,1380,4.43,31140,32690,1399-10-3
38,گدنا,تهيه توزيع غذاي دنا آفرين فدك,15371,705580,31917616880,43082,45236,45236,2154,5.0,44251,1169,2.71,45236,45236,1399-10-3
39,وبملت,بانك ملت,15339,171403677,861358372230,4980,5100,5000,20,0.4,5030,50,1.0,4950,5150,1399-10-3
40,حكشتي,كشتيراني جمهوري اسلامي ايران,15309,31661288,824577527410,25750,26890,25670,-80,-0.31,26040,290,1.13,25280,26890,1399-10-3
41,قصفها,قنداصفهان‌,15181,5757051,1247994795480,225450,214180,214200,-11250,-4.99,216780,-8670,-3.85,214180,225000,1399-10-3
42,ذوب,سهامي ذوب آهن  اصفهان,14090,155939943,850338902790,5547,5610,5410,-137,-2.47,5453,-94,-1.69,5321,5610,1399-10-3
43,خزاميا,زامياد,13732,87665448,1217504943740,13250,13910,13910,660,4.98,13890,640,4.83,13510,13910,1399-10-3
44,شگويا,پتروشيمي تندگويان,13246,48314706,553043067318,11475,11650,11328,-147,-1.28,11447,-28,-0.24,11260,11800,1399-10-3
45,چدن,توليدي چدن سازان,12167,32131016,1302000880810,41490,41900,40200,-1290,-3.11,40520,-970,-2.34,39420,42300,1399-10-3
46,انرژي3,سايراشخاص بورس انرژي,11660,2273153,832343567270,379480,368000,360510,-18970,-5.0,366160,-13320,-3.51,360510,387000,1399-10-3
47,دانا,بيمه دانا,11615,110605212,1250617456420,11260,11100,11820,560,4.97,11310,50,0.44,10700,11820,1399-10-3
48,كالا,بورس كالاي ايران,11238,19787372,1115141085030,53800,56490,56460,2660,4.94,56360,2560,4.76,54800,56490,1399-10-3
49,رافزا,رايان هم افزا,11141,66402,2587088322,37106,38961,38961,1855,5.0,37197,91,0.25,38961,38961,1399-10-3
50,پتاير,ايران‌ تاير,11057,4491271,810719054820,185400,186500,176800,-8600,-4.64,180510,-4890,-2.64,176150,191890,1399-10-3
51,وخارزم,سرمايه گذاري خوارزمي,10795,68941156,744630153500,10320,10700,10830,510,4.94,10800,480,4.65,10500,10830,1399-10-3
52,ختوقا,قطعات‌ اتومبيل‌ ايران‌,10785,144054263,619411203150,4440,4490,4270,-170,-3.83,4300,-140,-3.15,4220,4570,1399-10-3
53,فخوز,فولاد  خوزستان,10640,36859418,609541282480,16920,16810,16320,-600,-3.55,16540,-380,-2.25,16160,17050,1399-10-3
54,زكوثر,سرمايه گذاري كشاورزي كوثر,10631,24684323,665198478190,26900,28000,27050,150,0.56,26950,50,0.19,25600,28010,1399-10-3
55,ثقزوي,شركت عمران و سازندگي قزوين,10134,34953096,1126466136197,32365,33335,33335,970,3.0,32228,-137,-0.42,31395,33335,1399-10-3
56,وآيند,بانك  آينده,10049,42607548,946999754923,22322,22760,21876,-446,-2.0,22226,-96,-0.43,21876,22760,1399-10-3
57,قچار,فراوردههاي غذايي وقند چهارمحال,9942,16029161,1094822974404,68845,66150,71290,2445,3.55,68302,-543,-0.79,65403,72000,1399-10-3
58,شيران,س. صنايع‌شيميايي‌ايران,9767,28716993,1188976123090,39870,39100,41860,1990,4.99,41400,1530,3.84,39100,41860,1399-10-3
59,شبريز,پالايش نفت تبريز,9456,23754303,793492214660,32350,33900,33060,710,2.19,33400,1050,3.25,32620,33960,1399-10-3
60,پترول,گروه پتروشيمي س. ايرانيان,9369,75883435,963408402030,12160,12450,12760,600,4.93,12700,540,4.44,12230,12760,1399-10-3
61,وغدير,سرمايه‌گذاري‌غدير(هلدينگ‌,9344,40528947,506313002020,12620,12640,12350,-270,-2.14,12490,-130,-1.03,12310,13010,1399-10-3
62,شسينا,صنايع‌شيميايي‌سينا,9084,4993018,883425358290,184560,175350,175500,-9060,-4.91,176930,-7630,-4.13,175340,183500,1399-10-3
63,وملي,گروه‌ صنعتي‌ ملي‌ (هلدينگ‌,9000,2036913,630756070410,305160,314500,320410,15250,5.0,309660,4500,1.47,295000,320410,1399-10-3
64,وملل,اعتباري ملل,8966,118376650,2091896588413,16859,17090,17701,842,4.99,17672,813,4.82,17010,17701,1399-10-3
65,ونوين,بانك‌اقتصادنوين‌,8759,149287345,865034757500,5740,5840,5680,-60,-1.05,5790,50,0.87,5650,5990,1399-10-3
66,ثنوسا,نوسازي‌وساختمان‌تهران‌,8691,49174148,793703958530,15930,16590,16100,170,1.07,16140,210,1.32,15570,16690,1399-10-3
67,وساپا,سرمايه‌گذاري‌ سايپا,8605,57567918,496444489720,8570,8930,8490,-80,-0.93,8620,50,0.58,8360,8950,1399-10-3
68,حفاري,حفاري شمال,8460,49200128,653607024400,13150,13700,13080,-70,-0.53,13280,130,0.99,12800,13750,1399-10-3
69,فاذر,صنايع‌ آذرآب‌,8332,13577646,503142128330,38600,38600,36900,-1700,-4.4,37060,-1540,-3.99,36670,38600,1399-10-3
70,تبرك,گروه كارخانجات صنعتي تبرك,8146,20852685,548050682805,25598,25900,26877,1279,5.0,26282,684,2.67,25140,26877,1399-10-3
71,حسينا,توسعه خدمات دريايي وبندري سينا,8005,5860725,546819958353,96795,98400,91800,-4995,-5.16,93302,-3493,-3.61,90160,98400,1399-10-3
72,خكمك,كمك‌فنرايندامين‌,8004,10423461,446994928940,43680,45800,42030,-1650,-3.78,42880,-800,-1.83,41500,45840,1399-10-3
73,سمگا,گروه سرمايه گذاري ميراث فرهنگي,7824,84053014,3043946116752,34498,36222,36222,1724,5.0,36215,1717,4.98,35100,36222,1399-10-3
74,حآسا,آسيا سير ارس,7635,17897941,736106062427,39553,41530,41530,1977,5.0,41128,1575,3.98,39553,41530,1399-10-3
75,كيميا,معدني كيمياي زنجان گستران,7462,13773006,606080972446,42766,44904,42800,34,0.08,44005,1239,2.9,41400,44904,1399-10-3
76,البرز,بيمه البرز,7362,125205195,742431227400,5700,5930,5980,280,4.91,5930,230,4.04,5720,5980,1399-10-3
77,صبا,سرمايه گذاري صبا تامين,7358,21319419,180827173294,8600,8720,8417,-183,-2.13,8482,-118,-1.37,8380,8720,1399-10-3
78,نوري,پتروشيمي نوري,7341,6074964,413761084030,69640,69000,68300,-1340,-1.92,68110,-1530,-2.2,67310,69520,1399-10-3
79,خمحركه,نيرو محركه‌,7332,46222764,340827640930,7200,7430,7320,120,1.67,7370,170,2.36,7190,7520,1399-10-3
80,فرابورس,فرابورس ايران,7315,9113283,530060199441,59104,59000,57170,-1934,-3.27,58163,-941,-1.59,57000,60000,1399-10-3
81,فاسمين,كالسيمين‌,7300,26096908,549873450690,21190,20710,20970,-220,-1.04,21070,-120,-0.57,20300,21950,1399-10-3
82,ملت,بيمه ملت,7209,39943362,882938323240,22120,22310,22220,100,0.45,22100,-20,-0.09,21100,22680,1399-10-3
83,تاپكيش,تجارت الكترونيك پارسيان كيش,7147,17118644,461866934682,27832,26720,26690,-1142,-4.1,26980,-852,-3.06,26441,28880,1399-10-3
84,فارس,صنايع پتروشيمي خليج فارس,7051,20660725,261204723140,12920,13080,12520,-400,-3.1,12640,-280,-2.17,12510,13080,1399-10-3
85,چكاپا,گروه صنايع كاغذ پارس,7033,57560344,428200178190,7440,7500,7420,-20,-0.27,7440,0,0.0,7330,7690,1399-10-3
86,ونيرو,سرمايه‌گذاري‌نيرو,6864,79037145,341134566170,4250,4390,4300,50,1.18,4320,70,1.65,4250,4410,1399-10-3
87,وپست,پست بانك ايران,6782,33351118,640994996280,19950,20370,18960,-990,-4.96,19220,-730,-3.66,18960,20870,1399-10-3
88,فرآور,فرآوري‌موادمعدني‌ايران‌,6710,15241671,496182171880,32170,33680,31600,-570,-1.77,32550,380,1.18,31110,33750,1399-10-3
89,بپاس,بيمه پاسارگاد,6705,5506129,560081715447,105738,105690,102131,-3607,-3.41,101720,-4018,-3.8,100452,105690,1399-10-3
90,فمراد,آلومراد,6658,3620339,574493676840,157720,160990,165580,7860,4.98,158690,970,0.62,149840,165600,1399-10-3
91,تملت,تامين سرمايه بانك ملت,6596,24310705,248909951400,10270,10270,10250,-20,-0.19,10240,-30,-0.29,10010,10480,1399-10-3
92,فروي,ذوب روي اصفهان,6584,6326555,480401620739,72479,75500,76102,3623,5.0,75934,3455,4.77,74105,76102,1399-10-3
93,غشهداب,كشت و صنعت شهداب ناب خراسان,6556,63466820,350340010466,5368,5290,5636,268,4.99,5520,152,2.83,5180,5636,1399-10-3
94,سيمرغ,سيمرغ,6512,14659107,318154018270,21970,21500,21750,-220,-1.0,21700,-270,-1.23,21000,22440,1399-10-3
95,رنيك,جنرال مكانيك,6438,16964135,501200322947,29136,29290,30592,1456,5.0,29545,409,1.4,27680,30592,1399-10-3
96,غصينو,صنعتي مينو,6427,10816578,980951693998,86530,90856,90856,4326,5.0,90690,4160,4.81,89400,90856,1399-10-3
97,وحكمت,بيمه حكمت صبا,6419,47755010,291174047346,6236,6370,6130,-106,-1.7,6097,-139,-2.23,6049,6370,1399-10-3
98,ومعادن,توسعه‌معادن‌وفلزات‌,6391,31332492,446009363490,14260,14300,14150,-110,-0.77,14230,-30,-0.21,13990,14520,1399-10-3
99,تاپيكو,س. نفت و گاز و پتروشيمي تأمين,6245,29454981,419685186040,14430,14700,14100,-330,-2.29,14250,-180,-1.25,13930,14980,1399-10-3
100,كگل,معدني و صنعتي گل گهر,5988,30376324,587458355110,18650,19300,19340,690,3.7,19340,690,3.7,18650,19580,1399-10-3
101,دماوند,توليد نيروي برق دماوند,5908,5595468,364142415975,65337,66100,65250,-87,-0.13,65078,-259,-0.4,63800,66960,1399-10-3
102,فاراك,ماشين‌ سازي‌ اراك‌,5881,53517394,430319719420,7970,8050,8000,30,0.38,8040,70,0.88,7780,8220,1399-10-3
103,غنوش,نوش‌ مازندران‌,5732,7616657,499793069720,63010,64900,66160,3150,5.0,65620,2610,4.14,63420,66160,1399-10-3
104,كفپارس,فرآورده‌هاي‌ نسوز پارس‌,5638,39541005,318939199560,7780,8160,8160,380,4.88,8070,290,3.73,7850,8160,1399-10-3
105,ماديرا,صنايع ماشين هاي اداري ايران,5607,18233383,588349693476,30937,31300,32483,1546,5.0,32268,1331,4.3,31000,32483,1399-10-3
106,رتكو,كنترل‌خوردگي‌تكين‌كو,5563,23148078,515859979010,21800,22890,22890,1090,5.0,22290,490,2.25,21000,22890,1399-10-3
107,خپارس,پارس‌ خودرو,5439,103231509,840076783140,7760,8140,8140,380,4.9,8140,380,4.9,8000,8140,1399-10-3
108,فولاژ,فولاد آلياژي ايران,5417,18635032,344812407810,16510,18690,18400,1890,11.45,18500,1990,12.05,17760,19280,1399-10-3
109,زبينا,كشاورزي و دامپروري بينالود,5244,5226086,277192382053,53769,55410,52400,-1369,-2.55,53040,-729,-1.36,51090,55410,1399-10-3
110,ولساپا,ليزينگ رايان‌ سايپا,5217,57462464,265796294720,4660,4710,4580,-80,-1.72,4630,-30,-0.64,4510,4780,1399-10-3
111,ودي,بيمه  دي,5200,32812604,997278919726,29008,29999,30458,1450,5.0,30393,1385,4.77,29350,30458,1399-10-3
112,كحافظ,كاشي‌ وسراميك‌ حافظ‌,5172,17794657,323969157430,17450,18320,18320,870,4.99,18210,760,4.36,17800,18320,1399-10-3
113,زاگرس,پتروشيمي زاگرس,5118,3181917,727800472731,221268,229000,232331,11063,5.0,228730,7462,3.37,217000,232331,1399-10-3
114,فسازان,غلتك سازان سپاهان,5093,17956707,731566146750,39430,39100,40450,1020,2.59,40740,1310,3.32,38110,41400,1399-10-3
115,خاذين,سايپاآذين‌,5041,47606832,301134134800,6540,6680,6340,-200,-3.06,6330,-210,-3.21,6220,6680,1399-10-3
116,كرازي,كارخانجات‌توليدي‌شيشه‌رازي‌,5011,14332001,406655170550,27070,28400,28390,1320,4.88,28370,1300,4.8,27850,28420,1399-10-3
117,قاسم,قاسم ايران,4995,24959099,428830144037,17090,17200,17050,-40,-0.23,17181,91,0.53,16850,17620,1399-10-3
118,اخابر,مخابرات ايران,4937,21497146,317789394920,15020,15490,14630,-390,-2.6,14780,-240,-1.6,14500,15490,1399-10-3
119,سيلام,سيمان‌ ايلام‌,4888,31954898,335475238250,10340,10590,10850,510,4.93,10500,160,1.55,9830,10850,1399-10-3
120,فنوال,نورد آلومينيوم‌,4860,10153901,307487274590,29210,30670,30210,1000,3.42,30280,1070,3.66,29500,30670,1399-10-3
121,كچاد,معدني‌وصنعتي‌چادرملو,4830,15241537,313758201810,20600,20800,20390,-210,-1.02,20590,-10,-0.05,20100,21150,1399-10-3
122,وايران,ليزينگ ايرانيان,4821,36152844,504799351090,13350,13650,14010,660,4.94,13960,610,4.57,13500,14010,1399-10-3
123,ميهن,بيمه ميهن,4757,55347969,401802890690,7094,7100,7448,354,4.99,7260,166,2.34,6740,7448,1399-10-3
124,ولغدر,ليزينگ‌خودروغدير,4729,19112790,550546161150,27520,28800,28890,1370,4.98,28810,1290,4.69,27900,28890,1399-10-3
125,بايكا,كارخانجات كابلسازي ‌ايران‌,4705,5485129,348943669712,64127,66050,62204,-1923,-3.0,63616,-511,-0.8,62204,66050,1399-10-3
126,داراب,پتروشيمي داراب,4664,54479270,161477971027,2916,3003,2890,-26,-0.89,2964,48,1.65,2838,3003,1399-10-3
127,سبزوا,سيمان لار سبزوار,4626,37858568,211058743917,5327,5593,5593,266,4.99,5575,248,4.66,5435,5593,1399-10-3
128,وسينا,بانك سينا,4563,26098796,306132831090,12000,12200,11530,-470,-3.92,11730,-270,-2.25,11460,12280,1399-10-3
129,وتوكا,سرمايه‌گذاري‌توكافولاد(هلدينگ,4534,26039653,370619596580,14150,13800,14850,700,4.95,14230,80,0.57,13470,14850,1399-10-3
130,لپارس,پارس‌ الكتريك‌,4511,1963952,297692186880,144900,147840,152140,7240,5.0,151580,6680,4.61,147660,152140,1399-10-3
131,بجهرم,توسعه مولد نيروگاهي جهرم,4511,60787185,249912779256,3922,4030,4118,196,5.0,4111,189,4.82,4030,4118,1399-10-3
132,فولاي,صنايع فولاد آلياژي يزد,4497,7626314,319175514547,41050,43102,40480,-570,-1.39,41852,802,1.95,40060,43102,1399-10-3
133,وساخت,سرمايه‌ گذاري‌ ساختمان‌ايران‌,4407,5468707,378850736730,66080,69380,69380,3300,4.99,69280,3200,4.84,68200,69380,1399-10-3
134,ورنا,سرمايه‌گذاري‌ رنا(هلدينگ‌,4395,23395414,202962438150,8590,9010,8500,-90,-1.05,8680,90,1.05,8310,9010,1399-10-3
135,غگيلا,شيرپاستوريزه پگاه گيلان,4357,562852,11264357076,19060,20013,20013,953,5.0,19255,195,1.02,20013,20013,1399-10-3
136,ولبهمن,شركت بهمن ليزينگ,4349,32368738,351541253214,10704,10720,11060,356,3.33,10861,157,1.47,10491,11211,1399-10-3
137,والبر,سرمايه‌ گذاري‌ البرز(هلدينگ‌,4293,16639467,372206234480,21480,22540,22550,1070,4.98,22370,890,4.14,21580,22550,1399-10-3
138,وصنعت,سرمايه گذاري توسعه صنعت وتجارت,4288,28078010,218883596040,7680,7800,7820,140,1.82,7800,120,1.56,7600,7980,1399-10-3
139,ديران,ايران‌دارو,4258,13666669,396658803390,27910,28250,29300,1390,4.98,29020,1110,3.98,27910,29300,1399-10-3
140,هرمز,فولاد هرمزگان جنوب,4247,25259211,397671531563,16099,15750,15700,-399,-2.48,15744,-355,-2.21,15500,16100,1399-10-3
141,فباهنر,مس‌ شهيدباهنر,4223,5214574,294886577760,55860,54500,58650,2790,4.99,56550,690,1.24,53350,58650,1399-10-3
142,زقيام,كشت و دام قيام اصفهان,4211,7710099,322904670035,40534,40998,42560,2026,5.0,41881,1347,3.32,39500,42560,1399-10-3
143,ساوه,سيمان ساوه,4099,1743878,103576974971,56927,59590,59773,2846,5.0,59395,2468,4.34,57900,59773,1399-10-3
144,قنيشا,قند  نيشابور,4013,3662193,260155826440,70120,72800,69420,-700,-1.0,71040,920,1.31,69100,73220,1399-10-3
145,تپمپي,پمپ‌ سازي‌ ايران‌,3965,6912432,237248657130,35710,34180,34010,-1700,-4.76,34320,-1390,-3.89,33950,35490,1399-10-3
146,وشمال,س. چشم انداز توسعه شمال,3939,3348688,342655307792,99203,104163,104163,4960,5.0,102325,3122,3.15,97000,104163,1399-10-3
147,غمينو,شركت صنايع غذايي مينو شرق,3904,12754930,213831755447,16056,16544,16858,802,5.0,16765,709,4.42,16400,16858,1399-10-3
148,وپاسار,بانك  پاسارگاد,3823,35771180,429464910920,12000,12340,12120,120,1.0,12010,10,0.08,11990,12340,1399-10-3
149,كوير,توليدي فولاد سپيد فراب كوير,3814,15626868,381242322510,23250,24410,24410,1160,4.99,24400,1150,4.95,24000,24410,1399-10-3
150,شلرد,كود شيميايي اوره لردگان,3742,30333602,308759538545,9888,9860,10184,296,2.99,10179,291,2.94,9860,10184,1399-10-3
151,خشرق,الكتريك‌ خودرو شرق‌,3734,9729752,226136293120,22630,23750,22930,300,1.33,23240,610,2.7,22000,23760,1399-10-3
152,ولصنم,ليزينگ‌صنعت‌ومعدن‌,3722,17878768,189026220670,11020,10570,10620,-400,-3.63,10570,-450,-4.08,10470,11010,1399-10-3
153,بنو,بيمه تجارت نو,3711,7722585,249029456831,32998,32998,31900,-1098,-3.33,32247,-751,-2.28,31450,33590,1399-10-3
154,ريشمك,توليد و صادرات ريشمك,3702,4772298,318838717890,64046,65370,67248,3202,5.0,66810,2764,4.32,62000,67248,1399-10-3
155,شفارس,صنايع‌ شيميايي‌ فارس‌,3693,5048405,333516069950,66490,65700,67200,710,1.07,66060,-430,-0.65,65020,68900,1399-10-3
156,كروي,توسعه‌ معادن‌ روي‌ ايران‌,3688,10601834,422463932090,37970,39860,39860,1890,4.98,39850,1880,4.95,39000,39860,1399-10-3
157,پكوير,كوير تاير,3664,13735592,319598305410,22490,23280,23610,1120,4.98,23270,780,3.47,22330,23610,1399-10-3
158,غويتا,ويتانا,3597,4892044,274926548050,53598,55980,56277,2679,5.0,56199,2601,4.85,54600,56277,1399-10-3
159,فبيرا,بسته‌ بندي‌ ايران‌,3556,26859395,122543396809,4594,4480,4520,-74,-1.61,4562,-32,-0.7,4457,4720,1399-10-3
160,زشريف,كشت وصنعت شريف آباد,3524,6996543,211499333418,28954,30401,30401,1447,5.0,30229,1275,4.4,29290,30401,1399-10-3
161,شكربن,كربن‌ ايران‌,3513,4702469,411255081320,85920,88240,90010,4090,4.76,87460,1540,1.79,84000,90210,1399-10-3
162,شكلر,نيروكلر,3508,4529032,301358531210,64010,67200,67210,3200,5.0,66540,2530,3.95,64150,67210,1399-10-3
163,غمارگ,مارگارين‌,3497,10598477,486261290100,43830,46020,46020,2190,5.0,45880,2050,4.68,44490,46020,1399-10-3
164,ثاصفا,شركت‌ ساختمان‌ اصفهان‌,3482,12064192,447496588544,37474,36350,36350,-1124,-3.0,37093,-381,-1.02,36350,38598,1399-10-3
165,بكهنوج,توليد برق ماهتاب كهنوج,3430,70211152,203187880601,2777,2850,2915,138,4.97,2894,117,4.21,2801,2915,1399-10-3
166,ثعمرا,عمران و توسعه شاهد,3397,13882722,218421141793,15103,15858,15858,755,5.0,15733,630,4.17,15400,15858,1399-10-3
167,كساپا,سايپاشيشه‌,3376,6682684,250298650940,37820,37850,37990,170,0.45,37450,-370,-0.98,36140,39000,1399-10-3
168,وثخوز,سرمايه گذاري و توسعه خوزستان,3371,4208854,291209139751,66874,68000,70217,3343,5.0,69190,2316,3.46,65100,70217,1399-10-3
169,غگلپا,شير پاستوريزه پگاه گلپايگان,3354,2868157,226521587571,76348,80165,80165,3817,5.0,78978,2630,3.44,72620,80165,1399-10-3
170,سامان,بانك سامان,3314,31985617,428841446056,13798,13700,13385,-413,-2.99,13407,-391,-2.83,13385,13700,1399-10-3
171,جهرم,پتروشيمي جهرم,3311,53225354,150708687833,2886,2972,2800,-86,-2.98,2832,-54,-1.87,2800,2972,1399-10-3
172,خصدرا,صنعتي‌ دريايي‌ ايران‌,3308,43957662,228174545319,5040,5191,5191,151,3.0,5191,151,3.0,5134,5191,1399-10-3
173,شپديس,پتروشيمي پرديس,3281,5694864,569356809260,100450,99320,102000,1550,1.54,99980,-470,-0.47,96750,103900,1399-10-3
174,كيسون,شركت كيسون,3230,12841437,203017470547,15796,16100,15579,-217,-1.37,15810,14,0.09,15401,16212,1399-10-3
175,كاوه,فولاد كاوه جنوب كيش,3213,17327501,389393600190,22830,22530,22170,-660,-2.89,22470,-360,-1.58,22060,22900,1399-10-3
176,غشهد,شهد ايران ‌,3199,17102155,147182824980,8950,8900,8690,-260,-2.91,8610,-340,-3.8,8510,8900,1399-10-3
177,غديس,پاكديس,3180,16777652,227309786512,13091,13050,13745,654,5.0,13548,457,3.49,12610,13745,1399-10-3
178,رمپنا,گروه مپنا (سهامي عام),3179,9933601,204852976340,20830,21000,20650,-180,-0.86,20620,-210,-1.01,20010,21550,1399-10-3
179,حبندر,دريايي و کشتيراني خط دريابندر,3174,6380740,207897545118,33354,32354,32360,-994,-2.98,32582,-772,-2.31,32354,33970,1399-10-3
180,شپترو,پتروشيمي آبادان,3143,32782515,218003579271,6518,6669,6713,195,2.99,6650,132,2.03,6450,6713,1399-10-3
181,وليز,ليزينگ‌ايران‌,3125,19804388,176804072710,8560,8780,9210,650,7.59,8930,370,4.32,8350,9210,1399-10-3
182,فسا,پتروشيمي فسا,3078,48686217,125300949643,2544,2620,2558,14,0.55,2574,30,1.18,2470,2620,1399-10-3
183,قشير,قند شيروان قوچان و بجنورد,3072,4732225,160696588330,33355,35000,34200,845,2.53,33958,603,1.81,32500,35000,1399-10-3
184,وشهر,بانك شهر,3070,30973568,218823390285,7235,7524,7000,-235,-3.25,7065,-170,-2.35,6946,7524,1399-10-3
185,وسكاب,س.ص.بازنشستگي كاركنان بانكها,3062,37879884,279175927190,7040,7250,7390,350,4.97,7370,330,4.69,7160,7390,1399-10-3
186,تنوينح,ح . تامين سرمايه نوين,3040,13402855,73151868236,5309,5300,5410,101,1.9,5458,149,2.81,5300,5603,1399-10-3
187,قشرين,قند شيرين خراسان,3026,11765555,271542996958,22105,23210,23210,1105,5.0,23079,974,4.41,22330,23210,1399-10-3
188,آبين,كشت و صنعت آبشيرين,3011,31823626,168621870815,5305,5464,5146,-159,-3.0,5299,-6,-0.11,5146,5464,1399-10-3
189,لسرما,سرما آفرين‌,2997,4792119,154930548040,32110,32440,32880,770,2.4,32330,220,0.69,31000,33650,1399-10-3
190,شغدير,پتروشيمي غدير,2988,4322864,306442608136,72434,73000,71000,-1434,-1.98,70889,-1545,-2.13,70000,73350,1399-10-3
191,شسپا,نفت سپاهان,2981,7507718,217913965150,29640,29500,28830,-810,-2.73,29030,-610,-2.06,28690,29990,1399-10-3
192,لابسا,آبسال‌,2964,3477303,160991022070,47000,49250,45800,-1200,-2.55,46300,-700,-1.49,44650,49250,1399-10-3
193,كفرا,فراورده‌ هاي‌ نسوزايران‌,2963,2858952,185234587770,67450,64150,64090,-3360,-4.98,64790,-2660,-3.94,64080,69720,1399-10-3
194,دعبيد,لابراتوارداروسازي‌  دكترعبيدي‌,2953,5471539,192428584200,33720,35200,35390,1670,4.95,35170,1450,4.3,33740,35400,1399-10-3
195,واعتبار,سرمايه گذاري اعتبار ايران,2944,25020597,195442837810,7940,8330,7550,-390,-4.91,7810,-130,-1.64,7550,8330,1399-10-3
196,سفارس,سيمان فارس و خوزستان,2928,14582401,283462617510,18590,19050,19510,920,4.95,19440,850,4.57,18810,19510,1399-10-3
197,ختور,رادياتور ايران‌,2924,5276752,208260983000,37710,39590,39590,1880,4.99,39470,1760,4.67,36700,39590,1399-10-3
198,وسين,بيمه سينا,2918,9886784,250322000618,26169,26000,24900,-1269,-4.85,25319,-850,-3.25,24861,26400,1399-10-3
199,وبانك,سرمايه گذاري گروه توسعه ملي,2904,11403182,116608376180,10270,10600,10280,10,0.1,10230,-40,-0.39,10040,10600,1399-10-3
200,تكشا,گسترش‌صنايع‌وخدمات‌كشاورزي‌,2870,2741606,163953676070,62010,60010,58930,-3080,-4.97,59800,-2210,-3.56,58910,61900,1399-10-3
201,ومهان,گروه توسعه مالي مهر آيندگان,2865,7770516,126498666057,16576,16700,16309,-267,-1.61,16279,-297,-1.79,16060,16949,1399-10-3
202,غبشهر,صنعتي‌ بهشهر,2841,9093830,253061304400,28570,27360,27260,-1310,-4.59,27830,-740,-2.59,27150,28990,1399-10-3
203,ارفع,شركت آهن و فولاد ارفع,2820,10861671,175730894427,16500,16500,16210,-290,-1.76,16179,-321,-1.95,15960,16800,1399-10-3
204,خكار,ايركا پارت صنعت,2769,11011975,344051748380,30120,31620,30600,480,1.59,31240,1120,3.72,29100,31620,1399-10-3
205,وهور,مديريت انرژي اميد  تابان هور,2765,5055620,214889876129,43184,43999,42700,-484,-1.12,42505,-679,-1.57,42000,43999,1399-10-3
206,تيپيكو,سرمايه گذاري دارويي تامين,2764,3718895,230313067630,60650,62200,63180,2530,4.17,61930,1280,2.11,59750,63610,1399-10-3
207,وسبحان,سرمايه گذاري سبحان,2689,22688362,232080785464,9764,10180,10252,488,5.0,10229,465,4.76,9940,10252,1399-10-3
208,لوتوس,تامين سرمايه لوتوس پارسيان,2671,9721966,159431028960,16740,16280,16370,-370,-2.21,16400,-340,-2.03,16020,16740,1399-10-3
209,فخاس,فولاد خراسان,2668,9068304,282922617820,30740,30730,32270,1530,4.98,31200,460,1.5,30220,32270,1399-10-3
210,نوين,بيمه نوين,2635,35379268,323238915131,8714,9040,9149,435,4.99,9136,422,4.84,8883,9149,1399-10-3
211,رتاپ,تجارت الكترونيك  پارسيان,2619,10844231,90222233520,8440,8440,8240,-200,-2.37,8320,-120,-1.42,8120,8600,1399-10-3
212,ددام,داروسازي زاگرس فارمد پارس,2561,8859699,153247729700,16740,16790,17570,830,4.96,17300,560,3.35,16180,17570,1399-10-3
213,كهمداح,ح . شيشه‌ همدان‌,2548,12621527,138297090750,10120,10300,11130,1010,9.98,10960,840,8.3,10100,11130,1399-10-3
214,شتوكا,توكا رنگ فولاد سپاهان,2544,4212408,204878739165,46410,48730,48730,2320,5.0,48637,2227,4.8,46557,48730,1399-10-3
215,بزاگرس,نيروگاه زاگرس كوثر,2539,14004843,175353996238,11929,12525,12525,596,5.0,12521,592,4.96,12270,12525,1399-10-3
216,تنوين,تامين سرمايه نوين,2516,31522861,233004673600,7140,7150,7420,280,3.92,7390,250,3.5,7150,7490,1399-10-3
217,سرو,صندوق س سروسودمند مدبران-سهام,2516,2407457,180470853770,74250,74870,74950,700,0.94,74960,710,0.96,74600,75300,1399-10-3
218,سرود,سيمان‌شاهرود,2503,16974761,335513597410,18960,19900,19700,740,3.9,19770,810,4.27,19060,19900,1399-10-3
219,ثنام,س ساختماني ب نام آوران مهندسي,2499,6769831,146436641388,21225,21255,21861,636,3.0,21631,406,1.91,20800,21861,1399-10-3
220,بساما,بيمه سامان,2469,6658175,212836253050,33321,32654,31655,-1666,-5.0,31966,-1355,-4.07,31655,33320,1399-10-3
221,ختراكح,ح . ريخته‌گري‌ تراكتورسازي‌,2468,6342247,112403836970,16910,17400,17460,550,3.25,17720,810,4.79,17300,18200,1399-10-3
222,زگلدشت,كشت و دام گلدشت نمونه اصفهان,2451,2613463,125165263828,49326,46860,47340,-1986,-4.03,47892,-1434,-2.91,46860,50000,1399-10-3
223,لبوتان,گروه‌صنعتي‌بوتان‌,2450,3417596,379340208720,105850,111140,110000,4150,3.92,111000,5150,4.87,107840,111140,1399-10-3
224,وپترو,سرمايه‌گذاري صنايع پتروشيمي‌,2437,7860760,156616175640,20310,21000,20160,-150,-0.74,19920,-390,-1.92,19500,21000,1399-10-3
225,پلاسك,پلاسكوكار,2429,16919645,150356252190,8510,8930,8930,420,4.94,8890,380,4.47,8640,8930,1399-10-3
226,مرقام,ايران‌ارقام‌,2391,7501485,182135390650,23300,24420,24460,1160,4.98,24280,980,4.21,23660,24460,1399-10-3
227,نتوس,پشم‌ بافي‌ توس,2387,10476011,139951781651,13120,13776,13776,656,5.0,13359,239,1.82,12510,13776,1399-10-3
228,لپيام,گسترش صنايع پيام,2383,5424689,180351504919,32911,33898,33898,987,3.0,33246,335,1.02,31924,33898,1399-10-3
229,كتوكاح,ح.توليدي وخدمات صنايع نسوزتوكا,2370,6157426,164224857520,27254,28420,26399,-855,-3.14,26671,-583,-2.14,25900,28420,1399-10-3
230,وبوعلي,سرمايه‌گذاري‌بوعلي‌,2356,13890872,100591658570,7230,7330,7240,10,0.14,7240,10,0.14,7150,7410,1399-10-3
231,پخش,پخش البرز,2355,2769048,131019662606,47169,49200,47850,681,1.44,47316,147,0.31,45787,49200,1399-10-3
232,ميدكو,هلدينگ صنايع  معدني خاورميانه,2342,6041682,188231182201,31146,31146,31146,0,0.0,31155,9,0.03,31101,31364,1399-10-3
233,شگل,گلتاش‌,2339,5344404,161852161930,29900,31330,29630,-270,-0.9,30280,380,1.27,29510,31330,1399-10-3
234,بالاس,مهندسي ساختمان تاسيسات راه آهن,2327,2268919,121605944018,51260,53823,53823,2563,5.0,53596,2336,4.56,52300,53823,1399-10-3
235,مدير,ص.س.مديريت ثروت ص.بازنشستگي-س,2326,12450437,139556599376,11287,11311,11140,-147,-1.3,11209,-78,-0.69,11101,11390,1399-10-3
236,ما,بيمه  ما,2317,16360343,156550649910,9390,9700,9650,260,2.77,9570,180,1.92,9300,9800,1399-10-3
237,امين يكم,صندوق درآمد ثابت امين يكم فردا,2315,83594420,847645147486,10133,10140,10148,15,0.15,10140,7,0.07,10136,10148,1399-10-3
238,ونفت,سرمايه‌گذاري‌ صنعت‌ نفت‌,2311,13696874,246887198550,17510,17600,18380,870,4.97,18030,520,2.97,16810,18380,1399-10-3
239,دالبر,البرزدارو,2309,6311132,161976713140,24960,25550,26200,1240,4.97,25670,710,2.84,24590,26200,1399-10-3
240,پاسا,ايران‌ياساتايرورابر,2303,6058237,174025950910,29560,29650,28430,-1130,-3.82,28730,-830,-2.81,28130,29970,1399-10-3
241,شجم,صنايع پتروشيمي تخت جمشيد,2284,40746696,482617559747,11298,11600,11862,564,4.99,11844,546,4.83,11300,11862,1399-10-3
242,حفارس,حمل و نقل بين المللي خليج فارس,2256,19809422,86904410170,4360,4450,4340,-20,-0.46,4390,30,0.69,4290,4480,1399-10-3
243,خاهن,آهنگري‌ تراكتورسازي‌ ايران‌,2180,6780129,272696540600,40750,40750,40110,-640,-1.57,40220,-530,-1.3,40090,41600,1399-10-3
244,آگاس,صندوق س.هستي بخش آگاه-س,2164,2167446,165862566640,76424,76900,76215,-209,-0.27,76524,100,0.13,76000,77000,1399-10-3
245,حسير,ريل سير كوثر,2162,6497772,117734660468,18181,19000,18150,-31,-0.17,18119,-62,-0.34,17600,19000,1399-10-3
246,لخزر,پارس‌ خزر,2117,660134,144969512120,213750,204090,224430,10680,5.0,219610,5860,2.74,204090,224430,1399-10-3
247,وگستر,گسترش سرمايه گذاري ايرانيان,2105,5349054,138877626887,25096,25500,26350,1254,5.0,25963,867,3.45,24460,26350,1399-10-3
248,كاذرح,ح . فرآورده‌هاي‌نسوزآذر,2100,5498138,116278028590,20370,19890,21840,1470,7.22,21150,780,3.83,18910,22380,1399-10-3
249,پكرمان,گروه‌ صنعتي‌ بارز,2080,9753090,348585069770,34960,36500,36300,1340,3.83,35740,780,2.23,34860,36650,1399-10-3
250,ركيش,كارت اعتباري ايران كيش,2068,11172674,240250856990,20490,21460,21510,1020,4.98,21500,1010,4.93,21000,21510,1399-10-3
251,دتوليد,داروسازي توليد دارو,2044,3796307,149428324071,37573,39400,39451,1878,5.0,39361,1788,4.76,38670,39451,1399-10-3
252,غپاك,لبنيات‌ پاك‌,2006,13284504,215106499420,15590,15600,16360,770,4.94,16190,600,3.85,15400,16360,1399-10-3
253,افق,فروشگاههاي زنجيره اي افق كوروش,2004,1452213,118697456940,82130,82000,81220,-910,-1.11,81740,-390,-0.47,80800,83250,1399-10-3
254,فسرب,ملي‌ سرب‌وروي‌ ايران‌,1989,831512,118797653350,142210,141000,142960,750,0.53,142870,660,0.46,140000,144900,1399-10-3
255,دسبحان,سبحان دارو,1984,4651092,127814228350,26580,27600,27900,1320,4.97,27480,900,3.39,26640,27900,1399-10-3
256,شوينده,مديريت صنعت شوينده ت.ص.بهشهر,1981,3036843,125114063000,41070,41600,40280,-790,-1.92,41200,130,0.32,40000,42690,1399-10-3
257,ثمسكن,سرمايه‌گذاري‌ مسكن‌,1977,17766795,112432200930,6280,6340,6380,100,1.59,6330,50,0.8,6190,6490,1399-10-3
258,ستران,سيمان‌ تهران‌,1968,4974401,183152161760,35150,36700,36900,1750,4.98,36820,1670,4.75,35760,36900,1399-10-3
259,سشمال,سيمان‌ شمال‌,1964,8146329,87378390840,10700,11180,10710,10,0.09,10730,30,0.28,10190,11180,1399-10-3
260,پاكشو,گروه صنعتي پاكشو,1954,1442753,119300979860,82420,85000,82990,570,0.69,82690,270,0.33,81000,85370,1399-10-3
261,اپرداز,آتيه داده پرداز,1950,3537184,111639386394,31494,32460,31178,-316,-1.0,31562,68,0.22,30864,32460,1399-10-3
262,بورس,بورس اوراق بهادار تهران,1941,2516784,157263087980,63230,62760,61810,-1420,-2.25,62490,-740,-1.17,61650,63930,1399-10-3
263,غشان,شيرپاستوريزه‌پگاه‌خراسان‌,1933,9683943,81061261020,8420,8420,8480,60,0.71,8370,-50,-0.59,8200,8500,1399-10-3
264,غپينو,پارس‌ مينو,1931,13071488,154112843520,11230,11790,11790,560,4.99,11790,560,4.99,11790,11790,1399-10-3
265,اميد,تامين سرمايه اميد,1926,11341733,144713179740,12170,12760,12770,600,4.93,12760,590,4.85,12210,12770,1399-10-3
266,كمرجان,بازرگاني و توليدي مرجان كار,1923,1126826,94086791993,80330,83500,84346,4016,5.0,83497,3167,3.94,81000,84346,1399-10-3
267,شپاكسا,پاكسان‌,1901,3872642,135764418350,34720,36300,34100,-620,-1.79,35060,340,0.98,34000,36300,1399-10-3
268,وبشهر,توسعه‌ صنايع‌ بهشهر(هلدينگ,1896,6590448,118062015390,18130,18400,17920,-210,-1.16,17910,-220,-1.21,17240,18400,1399-10-3
269,غدام,خوراك‌  دام‌ پارس‌,1871,671778,270523096750,383550,402720,402720,19170,5.0,402700,19150,4.99,400010,402720,1399-10-3
270,شبهرن,نفت‌ بهران‌,1836,3217104,182729536220,57520,58600,56500,-1020,-1.77,56800,-720,-1.25,56000,58700,1399-10-3
271,دكپسول,توليد ژلاتين كپسول ايران,1834,3052900,141572250280,45064,47280,47317,2253,5.0,46373,1309,2.9,43300,47317,1399-10-3
272,تكمبا,كمباين‌ سازي‌ ايران‌,1826,15902241,205874446500,12530,12420,13150,620,4.95,12950,420,3.35,12420,13150,1399-10-3
273,كخاك,صنايع‌خاك‌چيني‌ايران‌,1819,1943997,114729139690,57990,60870,57630,-360,-0.62,59020,1030,1.78,56000,60880,1399-10-3
274,واتي,سرمايه‌ گذاري‌ آتيه‌ دماوند,1818,11246013,175306053910,14970,15400,15700,730,4.88,15590,620,4.14,15000,15710,1399-10-3
275,لخانه,لوازم‌ خانگي‌ پارس‌,1818,1631834,84815140094,53234,51710,52530,-704,-1.32,51975,-1259,-2.37,51637,53234,1399-10-3
276,قزوين,كارخانجات‌ قند قزوين‌,1816,2631383,123964995940,45170,46070,47420,2250,4.98,47110,1940,4.29,45000,47420,1399-10-3
277,غمينوح,ح . شركت صنايع غذايي مينو شرق,1812,5806549,66204545643,11028,11469,11570,542,4.91,11402,374,3.39,10900,11579,1399-10-3
278,شفا,سرمايه گذاري شفادارو,1797,4248851,294055742920,65920,69210,69210,3290,4.99,69210,3290,4.99,68960,69210,1399-10-3
279,همراه,شركت ارتباطات سيار ايران,1786,2876573,100533656970,35090,35800,34700,-390,-1.11,34950,-140,-0.4,34500,35950,1399-10-3
280,ثامان,سامان‌ گستراصفهان‌,1781,6016837,144045020920,23330,22830,24490,1160,4.97,23940,610,2.61,22250,24490,1399-10-3
281,فلات,گروه صنايع معادن فلات ايرانيان,1779,16904285,263946163383,15431,14969,15893,462,2.99,15614,183,1.19,14969,15893,1399-10-3
282,غبهار,كشت وصنعت بهاران گلبهار خراسان,1779,4410687,221638609338,47886,50280,50280,2394,5.0,50250,2364,4.94,49322,50280,1399-10-3
283,سپاها,سيمان‌سپاهان‌,1778,12130652,124743152980,9810,10300,10300,490,4.99,10280,470,4.79,9920,10300,1399-10-3
284,شصدف,صنعتي دوده فام,1773,245362,6454738134,25055,26307,26307,1252,5.0,25208,153,0.61,26307,26307,1399-10-3
285,درازك,دارويي‌ رازك‌,1767,3490553,171628278520,47330,49500,49690,2360,4.99,49170,1840,3.89,47330,49690,1399-10-3
286,غگل,گلوكوزان‌,1761,21269559,117833356860,5280,5540,5540,260,4.92,5540,260,4.92,5540,5540,1399-10-3
287,ثپرديس,سرمايه گذاري مسكن پرديس,1755,7996294,89653191102,11112,11499,11280,168,1.51,11212,100,0.9,10557,11589,1399-10-3
288,وملت,سرمايه گذاري ملت,1754,16117633,69971411761,4348,4434,4262,-86,-1.98,4341,-7,-0.16,4262,4434,1399-10-3
289,كمند,صندوق س. با درآمد ثابت كمند,1753,70393677,711126140632,10093,10098,10109,16,0.16,10102,9,0.09,10098,10114,1399-10-3
290,كاسپين,داروسازي كاسپين تامين,1716,4285818,129450300270,30407,30999,31000,593,1.95,30204,-203,-0.67,28887,31600,1399-10-3
291,كاذر,فرآورده‌هاي‌نسوزآذر,1712,6887436,171261607900,24590,24000,25810,1220,4.96,24870,280,1.14,23410,25810,1399-10-3
292,آريان,سرمايه گذاري پارس آريان,1708,60367062,1030345014216,16571,17068,17068,497,3.0,17068,497,3.0,17068,17068,1399-10-3
293,تاصيكو,سرمايه گذاري صدرتامين,1689,13406438,152235928380,11590,11510,11370,-220,-1.9,11360,-230,-1.98,11070,11700,1399-10-3
294,سبهان,سيمان‌ بهبهان‌,1679,1039091,77656560630,71890,72960,75480,3590,4.99,74740,2850,3.96,70200,75480,1399-10-3
295,دپارس,پارس‌ دارو,1672,1130580,135476526220,114190,119890,119890,5700,4.99,119830,5640,4.94,115310,119890,1399-10-3
296,وآوا,سرمايه گذاري آوا نوين,1669,9203625,76458032031,8224,8270,8290,66,0.8,8307,83,1.01,8059,8490,1399-10-3
297,دابور,داروسازي‌ ابوريحان‌,1668,6857323,357250104050,50260,49990,52770,2510,4.99,52100,1840,3.66,47750,52770,1399-10-3
298,چفيبر,فيبر ايران‌,1659,17028949,164761647370,9230,9690,9690,460,4.98,9680,450,4.88,9380,9690,1399-10-3
299,زنگان,صنعت روي زنگان,1638,1007376,102315157567,105347,106320,100080,-5267,-5.0,101566,-3781,-3.59,100080,108800,1399-10-3
300,كگاز,شيشه‌ و گاز,1623,4859616,114084682590,22660,22530,23790,1130,4.99,23480,820,3.62,22530,23790,1399-10-3
301,ساراب,سيمان‌ داراب‌,1613,5999662,87044177490,13980,14370,14670,690,4.94,14510,530,3.79,14120,14670,1399-10-3
302,زماهان,مجتمع توليد گوشت مرغ ماهان,1607,2275424,65297992767,28573,29811,28940,367,1.28,28697,124,0.43,27148,29811,1399-10-3
303,پارسان,گسترش نفت و گاز پارسيان,1596,5521862,134097544980,24190,23600,24120,-70,-0.29,24280,90,0.37,23600,24770,1399-10-3
304,سخوز,سيمان خوزستان,1590,4825911,120358150140,23980,24040,25170,1190,4.96,24940,960,4.0,24040,25170,1399-10-3
305,فلوله,لوله‌وماشين‌سازي‌ايران‌,1590,3983250,99364996080,25150,26000,24700,-450,-1.79,24950,-200,-0.8,24370,26000,1399-10-3
306,ارزش,صندوق س ارزش آفرين بيدار-سهام,1558,9505658,106137555790,11190,11280,11170,-20,-0.18,11170,-20,-0.18,11090,11280,1399-10-3
307,ضخود1044,اختيارخ خودرو-4000-1399/10/07,1556,75976,108857000,4,3,1,-3,-75.0,1,-3,-75.0,1,3,1399-10-3
308,غشوكو,شوكو پارس,1550,1959224,93562299570,46919,45514,48326,1407,3.0,47755,836,1.78,45512,48326,1399-10-3
309,دسانكو,داروسازي سبحان انكولوژي,1536,8322951,169055249357,19346,20313,20313,967,5.0,20312,966,4.99,20000,20313,1399-10-3
310,كساوه,صنايع‌ كاشي‌ و سراميك‌ سينا,1534,4113635,376620567930,87480,87500,91850,4370,5.0,91550,4070,4.65,87500,91850,1399-10-3
311,شكبير,پتروشيمي اميركبير,1523,2126237,168266803488,79841,81390,80600,759,0.95,79138,-703,-0.88,77446,81690,1399-10-3
312,ثباغ,شهر سازي و خانه سازي باغميشه,1518,2800838,64870059401,23091,24000,22960,-131,-0.57,23161,70,0.3,21973,24000,1399-10-3
313,فجر,فولاد اميركبيركاشان,1515,1957330,126192957520,63900,62880,64170,270,0.42,64470,570,0.89,62880,65810,1399-10-3
314,كترام,توليدي‌ كاشي‌ تكسرام‌,1489,2479205,102293102700,39450,40700,41420,1970,4.99,41260,1810,4.59,39480,41420,1399-10-3
315,بهپاك,صنعتي بهپاك,1481,3846263,191005869410,48000,48970,50400,2400,5.0,49660,1660,3.46,46400,50400,1399-10-3
316,ولتجار,واسپاري تجارت وسرمايه ايرانيان,1476,7671509,60899959206,7805,7780,8039,234,3.0,7938,133,1.7,7571,8039,1399-10-3
317,ثرود,سرمايه‌گذاري مسكن زاينده رود,1462,6695341,77697437189,11162,11720,11720,558,5.0,11605,443,3.97,11160,11720,1399-10-3
318,اتكاي,بيمه اتكايي ايرانيان,1451,4693190,86957364369,18432,18700,18600,168,0.91,18528,96,0.52,18431,18984,1399-10-3
319,حرهشا,رهشاد سپاهان (سهامي عام,1447,3258617,203084768304,61103,61103,62936,1833,3.0,62322,1219,1.99,61103,62936,1399-10-3
320,اعتماد,صندوق س.اعتماد آفرين پارسيان-د,1440,37838540,1285693983240,33948,33969,33984,36,0.11,33978,30,0.09,33962,34000,1399-10-3
321,وسپه,سرمايه‌گذاري‌ سپه‌,1412,6117270,90021957180,14850,14650,14610,-240,-1.62,14720,-130,-0.88,14480,15050,1399-10-3
322,وايرا,سرمايه گذاري صنايع ايران,1389,8635383,95951822107,11238,11575,10901,-337,-3.0,11111,-127,-1.13,10901,11575,1399-10-3
323,وبيمه,سرمايه‌ گذاري‌ صنعت‌ بيمه‌,1381,19884818,70922729690,3410,3540,3580,170,4.99,3570,160,4.69,3450,3580,1399-10-3
324,ساربيل,سيمان آرتا اردبيل,1380,1501733,75272759180,50510,51590,49590,-920,-1.82,50120,-390,-0.77,49000,51590,1399-10-3
325,خريخت,صنايع‌ريخته‌گري‌ايران‌,1379,31134905,145667152140,4460,4680,4680,220,4.93,4680,220,4.93,4600,4680,1399-10-3
326,كمنگنز,معادن‌منگنزايران‌,1374,776679,90394105200,112480,115000,118100,5620,5.0,116390,3910,3.48,110000,118100,1399-10-3
327,سيدكو,سرمايه گذاري توسعه صنايع سيمان,1370,6430969,56420315150,8540,8940,8690,150,1.76,8770,230,2.69,8610,8940,1399-10-3
328,ثاخت,بين‌المللي‌توسعه‌ساختمان,1368,26270497,128988140270,4680,4910,4910,230,4.91,4910,230,4.91,4910,4910,1399-10-3
329,بخاور,بيمه زندگي خاورميانه,1361,7846679,75308302909,9427,9616,9699,272,2.89,9597,170,1.8,9311,9700,1399-10-3
330,كطبس,ذغال‌سنگ‌ نگين‌ ط‌بس‌,1357,1347335,94081141810,70880,72220,68730,-2150,-3.03,69830,-1050,-1.48,68500,72220,1399-10-3
331,كنور,توسعه معدني و صنعتي صبانور,1347,2484549,120516408650,49310,49880,48520,-790,-1.6,48510,-800,-1.62,47700,49880,1399-10-3
332,سكرد,سيمان كردستان,1343,7901186,72201230180,8740,9150,9170,430,4.92,9140,400,4.58,8840,9170,1399-10-3
333,تايرا,تراكتورسازي‌ايران‌,1334,13414162,451716049380,32090,33690,33690,1600,4.99,33670,1580,4.92,32620,33690,1399-10-3
334,پارسيان,بيمه پارسيان,1318,5956208,89103467360,15000,15100,15070,70,0.47,14960,-40,-0.27,14700,15230,1399-10-3
335,شفن,پتروشيمي فناوران,1301,464590,144041825560,306090,314990,308560,2470,0.81,310040,3950,1.29,302030,317480,1399-10-3
336,غپآذر,شير پگاه آذربايجان شرقي,1290,1567407,101124394145,62661,65180,65689,3028,4.83,64517,1856,2.96,61500,65794,1399-10-3
337,سپح,ح . پرداخت الكترونيك سامان كيش,1290,3582078,71680861160,19950,19900,20300,350,1.75,20010,60,0.3,19510,20970,1399-10-3
338,دزهراوي,داروسازي‌زهراوي‌,1286,6077680,90375101600,14170,14870,14870,700,4.94,14870,700,4.94,14870,14870,1399-10-3
339,پرديس,سرمايه گذاري پرديس,1281,6142221,45601945580,7360,7670,7450,90,1.22,7420,60,0.82,7300,7670,1399-10-3
340,سمازن,سيمان‌مازندران‌,1276,8715623,97652011840,10820,11110,11360,540,4.99,11200,380,3.51,10850,11360,1399-10-3
341,اتكام,شركت بيمه اتكايي امين,1273,5568417,41392074917,7492,7600,7410,-82,-1.09,7446,-46,-0.61,7230,7650,1399-10-3
342,سپ,پرداخت الكترونيك سامان كيش,1257,3207309,66725617660,20630,21040,21110,480,2.33,20800,170,0.82,20000,21190,1399-10-3
343,كاما,باما,1257,11639373,274223627880,22440,23560,23560,1120,4.99,23560,1120,4.99,23560,23560,1399-10-3
344,واميد,گروه مديريت سرمايه گذاري اميد,1249,2766289,106003791300,38100,38500,38700,600,1.57,38290,190,0.5,36800,39490,1399-10-3
345,فايرا,آلومينيوم‌ايران‌,1245,3802504,100975971690,26520,27230,26490,-30,-0.11,26560,40,0.15,25620,27230,1399-10-3
346,تليسه,دامداري تليسه نمونه,1211,13727946,106446493284,7385,7754,7754,369,5.0,7754,369,5.0,7754,7754,1399-10-3
347,شبصير,توليدات پتروشيمي قائد بصير,1205,1977108,261050176724,133292,130201,129950,-3342,-2.51,132036,-1256,-0.94,129632,134400,1399-10-3
348,بفجر,فجر انرژي خليج فارس,1202,2667859,76618325810,27800,28100,29190,1390,5.0,28720,920,3.31,27690,29190,1399-10-3
349,جم,پتروشيمي جم,1196,2592344,123587105520,48000,48720,47870,-130,-0.27,47670,-330,-0.69,46530,49990,1399-10-3
350,سرچشمه,سرمايه گذاري مس سرچشمه,1179,5117955,44088708422,8741,8994,8524,-217,-2.48,8638,-103,-1.18,8500,8994,1399-10-3
351,ضخود1042,اختيارخ خودرو-3000-1399/10/07,1170,53444,16004879000,414,470,250,-164,-39.61,299,-115,-27.78,240,498,1399-10-3
352,پرداخت,به پرداخت ملت,1164,2668419,73896711190,26440,27760,27760,1320,4.99,27690,1250,4.73,27330,27760,1399-10-3
353,خمحور,توليدمحورخودرو,1161,883033,70886435840,82480,84610,79600,-2880,-3.49,80280,-2200,-2.67,78360,84610,1399-10-3
354,خديزل,بهمن  ديزل,1150,2082246,110707974047,54723,56000,54000,-723,-1.32,53168,-1555,-2.84,51987,56000,1399-10-3
355,تسه9909,امتياز تسهيلات مسكن آذر99,1144,33489,18264835987,571268,563772,542705,-28563,-5.0,545398,-25870,-4.53,542705,570000,1399-10-3
356,بميلا,توسعه بازرگاني آهن وفولادميلاد,1140,2814889,52544231586,18692,19370,18645,-47,-0.25,18667,-25,-0.13,18215,19370,1399-10-3
357,شپارس,بين‌ المللي‌ محصولات‌  پارس‌,1137,6413389,128217372270,19050,20000,20000,950,4.99,19990,940,4.93,19350,20000,1399-10-3
358,دفارا,داروسازي‌ فارابي‌,1137,2185205,163150224640,71470,74650,75040,3570,5.0,74660,3190,4.46,70000,75040,1399-10-3
359,خمهر,مهركام‌پارس‌,1103,10881879,82437675780,7230,7590,7590,360,4.98,7580,350,4.84,7420,7590,1399-10-3
360,ومشان,س. فني و مهندسي مشانير,1101,2211730,134596652171,59105,60878,60878,1773,3.0,60856,1751,2.96,59105,60878,1399-10-3
361,دسبحا,گروه دارويي سبحان,1088,3181118,83023903670,25020,26270,26270,1250,5.0,26100,1080,4.32,25510,26270,1399-10-3
362,نمرينو,ايران‌ مرينوس‌,1085,929973,55028591020,60540,62880,58820,-1720,-2.84,59170,-1370,-2.26,57520,62880,1399-10-3
363,وبهمن,سرمايه‌گذاري‌بهمن‌,1085,11809117,260935980110,21050,22100,22100,1050,4.99,22100,1050,4.99,21620,22100,1399-10-3
364,سنير,سيمان‌ سفيد ني‌ريز,1075,838266,90225764090,102970,107450,108110,5140,4.99,107630,4660,4.53,103900,108110,1399-10-3
365,كويرح,ح. توليدي فولاد سپيد فراب كوير,1068,9295257,173717474040,18030,19830,19830,1800,9.98,18690,660,3.66,18500,19830,1399-10-3
366,شاراك,پتروشيمي شازند,1056,2680236,70888651300,26820,26550,26400,-420,-1.57,26510,-310,-1.16,26300,26950,1399-10-3
367,وخاور,بانك خاورميانه,1056,5529364,57056575250,10030,10340,10180,150,1.5,10300,270,2.69,10110,10440,1399-10-3
368,داسوه,داروسازي‌ اسوه‌,1049,2760384,89024361520,31070,32590,32620,1550,4.99,32250,1180,3.8,31210,32620,1399-10-3
369,كرماشا,صنايع پتروشيمي كرمانشاه,1045,1414493,57901453180,41730,40610,41000,-730,-1.75,40930,-800,-1.92,40200,42500,1399-10-3
370,دكوثر,داروسازي‌ كوثر,1028,4425808,122451462520,26360,27670,27670,1310,4.97,27670,1310,4.97,27600,27670,1399-10-3
371,غشصفا,شيرپاستوريزه‌پگاه‌اصفهان‌,1025,9108055,296520649010,31010,32560,32560,1550,5.0,32560,1550,5.0,31750,32560,1399-10-3
372,سيستم,همكاران سيستم,1021,1661785,57501737230,34490,35000,34580,90,0.26,34600,110,0.32,33900,35590,1399-10-3
373,غمهراح,ح . توليدي‌مهرام‌,1016,931075,64476061690,67750,69840,67500,-250,-0.37,69250,1500,2.21,65010,71800,1399-10-3
374,تماوند,تامين سرمايه دماوند,1015,5944674,96091662993,15998,16370,16150,152,0.95,16164,166,1.04,15600,16527,1399-10-3
375,ثاختح,ح . بين‌المللي‌توسعه‌ساختمان,1013,54000000,191700000000,3230,3550,3550,320,9.91,3550,320,9.91,3550,3550,1399-10-3
376,كيان,صندوق س. با درآمد ثابت كيان,1009,30883044,816080961545,26413,26409,26430,17,0.06,26425,12,0.05,26407,26430,1399-10-3
377,وتوسم,سرمايه‌گذاري‌توسعه‌ملي‌,1006,3407929,44427855760,12740,13140,13110,370,2.9,12990,250,1.96,12800,13170,1399-10-3
378,كمينا,شيشه سازي مينا,1004,2026294,70106283800,33932,35200,34260,328,0.97,34598,666,1.96,33000,35360,1399-10-3
379,كشرق,صنعتي و معدني شمال شرق شاهرود,1001,1371745,108497838893,76153,74099,79960,3807,5.0,79095,2942,3.86,74099,79960,1399-10-3
380,گكيش,توريستي ورفاهي آبادگران كيش,995,810483,47804726916,58734,56992,60496,1762,3.0,58983,249,0.42,56972,60496,1399-10-3
381,شپاس,نفت پاسارگاد,992,2264012,54117214212,24195,24206,23269,-926,-3.83,23903,-292,-1.21,22986,25270,1399-10-3
382,وهنر,گروه توسعه هنر ايران,991,16563607,90032413446,5280,5438,5438,158,2.99,5436,156,2.95,5241,5438,1399-10-3
383,پارس,پتروشيمي پارس,990,1153281,187404422350,161890,159700,161200,-690,-0.43,162500,610,0.38,157800,169000,1399-10-3
384,كلوند,كاشي‌ الوند,963,2876477,97972806620,32440,34060,34060,1620,4.99,34060,1620,4.99,34060,34060,1399-10-3
385,وپخش,داروپخش‌ (هلدينگ‌,962,434601,62304632760,137110,143900,143950,6840,4.99,143360,6250,4.56,138160,143960,1399-10-3
386,ولشرق,ليزينگ ايران و شرق,958,7027331,62186595922,8441,8863,8863,422,5.0,8849,408,4.83,8741,8863,1399-10-3
387,ثنظام,س. ساختماني نظام مهندسي ايران,956,1524346,71348841176,45929,47270,47306,1377,3.0,46806,877,1.91,44552,47306,1399-10-3
388,شاوان,پالايش نفت لاوان,939,482644,49737458068,104210,105790,100701,-3509,-3.37,103072,-1138,-1.09,100180,108000,1399-10-3
389,كلر,كلر پارس,928,1415583,118495621764,79722,83708,83708,3986,5.0,83708,3986,5.0,83708,83708,1399-10-3
390,كهمدا,شيشه‌ همدان‌,912,4827886,60430629990,12010,12010,12610,600,5.0,12520,510,4.25,12010,12610,1399-10-3
391,شدوص,دوده‌ صنعتي‌ پارس‌,909,2493452,61835450750,23640,24310,24820,1180,4.99,24800,1160,4.91,24310,24820,1399-10-3
392,خودكفا,اقتصادي و خودكفايي آزادگان,904,5691991,242729264204,40614,42644,42644,2030,5.0,42644,2030,5.0,42644,42644,1399-10-3
393,فاما,صنعتي‌ آما,900,4167135,82655093730,17540,19020,19970,2430,13.85,19830,2290,13.06,19020,19970,1399-10-3
394,خوساز,محورسازان‌ايران‌خودرو,896,7286302,69070239980,9050,9400,9500,450,4.97,9480,430,4.75,9210,9500,1399-10-3
395,خرينگ,رينگ‌سازي‌مشهد,892,1386583,100236085070,68850,72290,72290,3440,5.0,72290,3440,5.0,72290,72290,1399-10-3
396,قرن,پديده شيمي قرن,872,994024,63518133600,60860,63900,63900,3040,5.0,63900,3040,5.0,63900,63900,1399-10-3
397,سكرما,سيمان‌ كرمان‌,872,2879335,57047606440,18960,19880,19900,940,4.96,19770,810,4.27,19150,19900,1399-10-3
398,توريل,توکاريل,869,3062523,89961613125,27977,29375,29375,1398,5.0,29375,1398,5.0,29375,29375,1399-10-3
399,سشرق,سيمان‌ شرق‌,868,11972308,92306494680,7350,7710,7710,360,4.9,7710,360,4.9,7710,7710,1399-10-3
400,اعتلا,شركت سرمايه گذاري اعتلاء البرز,866,5718283,64627135101,10775,11250,11313,538,4.99,11302,527,4.89,11066,11313,1399-10-3
401,حتايد,تايدواترخاورميانه,844,4781509,119715018540,23870,24800,25060,1190,4.99,25040,1170,4.9,24500,25060,1399-10-3
402,وسديد,گروه ‌صنعتي‌سديد,841,4907137,145928440106,28872,29738,29738,866,3.0,29738,866,3.0,29738,29738,1399-10-3
403,زر,صندوق س.پشتوانه سكه طلاي زر,836,1253893,61654290061,48929,49200,49010,81,0.17,49170,241,0.49,48501,50850,1399-10-3
404,سفانو,سيمان فارس نو,830,1830066,64608773130,34140,33200,35840,1700,4.98,35300,1160,3.4,33200,35840,1399-10-3
405,قشهد,شهد,828,1284988,40900991950,30820,30000,32360,1540,5.0,31620,800,2.6,30000,32360,1399-10-3
406,پسهند,صنايع‌ لاستيكي‌  سهند,822,2679009,126560813450,45250,44010,47510,2260,4.99,47240,1990,4.4,44010,47510,1399-10-3
407,پارتا,مجتمع‌صنعتي‌آرتاويل‌تاير,819,1639166,110061902088,65227,67169,67183,1956,3.0,67145,1918,2.94,65400,67183,1399-10-3
408,غبهنوش,بهنوش‌ ايران‌,812,613863,90937664820,155930,148140,148140,-7790,-5.0,148140,-7790,-5.0,148140,148140,1399-10-3
409,ثتران,سرمايه گذاري مسكن تهران,811,9564535,51860871078,5192,5330,5451,259,4.99,5412,220,4.24,5256,5451,1399-10-3
410,تشتاد,صنايع توليدي اشتاد ايران‌,809,2736870,42598095930,15461,15924,15924,463,2.99,15565,104,0.67,14998,15924,1399-10-3
411,جم پيلن,پلي پروپيلن جم - جم پيلن,804,843827,74682321110,87350,88900,87870,520,0.6,88500,1150,1.32,87430,90000,1399-10-3
412,ولملت,واسپاري ملت,801,3217518,33319148240,10360,10800,10400,40,0.39,10360,0,0.0,10050,10800,1399-10-3
413,دروز,داروسازي‌ روزدارو,799,6087859,117057267550,18320,19230,19230,910,4.97,19230,910,4.97,19080,19230,1399-10-3
414,وصندوق,سرمايه‌گذاري‌صندوق‌بازنشستگي‌,798,5656752,87767726290,15610,15620,15500,-110,-0.7,15540,-70,-0.45,15370,15980,1399-10-3
415,دفرا,فرآورده‌هاي‌ تزريقي‌ ايران‌,788,1977526,57818300300,27850,29240,29240,1390,4.99,29240,1390,4.99,28700,29240,1399-10-3
416,شخارك,پتروشيمي‌ خارك‌,780,1527378,73434940650,47920,48960,47960,40,0.08,48030,110,0.23,47200,48960,1399-10-3
417,كاردان,صندوق س تجارت شاخصي كاردان,779,309498,56556793330,183640,186300,182550,-1090,-0.59,182740,-900,-0.49,181620,186300,1399-10-3
418,وآرين,شركت توسعه اقتصادي آرين,766,8237185,45482127548,5362,5522,5522,160,2.98,5522,160,2.98,5421,5522,1399-10-3
419,قهكمت,قندهكمتان‌,764,727048,36778507520,50400,49990,51100,700,1.39,50530,130,0.26,48500,52000,1399-10-3
420,وثنو,سرمايه گذاري ساختماني نوين,757,2388613,51039440267,20418,21423,21438,1020,5.0,21368,950,4.65,20130,21438,1399-10-3
421,آپ,آسان پرداخت پرشين,751,1948762,38738054580,18940,19880,19880,940,4.96,19620,680,3.59,19500,19880,1399-10-3
422,طلا,صندوق س.پشتوانه طلاي لوتوس,749,280667,23836724294,83916,85222,84956,1040,1.24,84929,1013,1.21,84550,85488,1399-10-3
423,ثشرق,سرمايه گذاري مسكن شمال شرق,746,9144978,62688916910,6540,6860,6860,320,4.89,6860,320,4.89,6660,6860,1399-10-3
424,دسينا,داروسازي‌ سينا,741,1819356,59449764540,31200,32750,32760,1560,5.0,32680,1480,4.74,32000,32760,1399-10-3
425,ساروم,سيمان‌اروميه‌,733,2278906,66938848300,28040,29430,29440,1400,4.99,29370,1330,4.74,28510,29440,1399-10-3
426,حريل,ريل پردازسير,733,8406190,48159062510,5457,5729,5729,272,4.98,5669,212,3.88,5729,5729,1399-10-3
427,سدور,سيمان‌ دورود,733,4468989,52600000530,11210,11770,11770,560,5.0,11680,470,4.19,11770,11770,1399-10-3
428,شرانل,نفت ايرانول,730,926379,31557504252,34154,33510,33660,-494,-1.45,34099,-55,-0.16,33510,35000,1399-10-3
429,وتوصا,گروه س توسعه صنعتي ايران,730,3005723,63991842670,20280,21290,21290,1010,4.98,21290,1010,4.98,21290,21290,1399-10-3
430,واحصا,احياء صنايع خراسان,729,1128389,38890765567,32840,34482,34482,1642,5.0,34466,1626,4.95,33825,34482,1399-10-3
431,ثالوند,سرمايه گذاري مسكن الوند,726,4263262,69601614636,15549,16326,16326,777,5.0,16326,777,5.0,16290,16326,1399-10-3
432,سجام,مجتمع سيمان غرب آسيا,724,2188384,28297312451,13238,12860,13050,-188,-1.42,12931,-307,-2.32,12841,13410,1399-10-3
433,شساخت,مهندسي و ساختمان صنايع نفت,712,1520279,70632954185,47721,47539,46290,-1431,-3.0,46461,-1260,-2.64,46290,48500,1399-10-3
434,حپارسا,توسعه حمل و نقل ريلي پارسيان,710,1581604,60290286974,36360,38178,38178,1818,5.0,38120,1760,4.84,37170,38178,1399-10-3
435,شنفت,نفت‌ پارس‌,707,824831,47924540980,57570,58870,58000,430,0.75,58010,440,0.76,56010,59440,1399-10-3
436,دلقما,دارويي‌ لقمان‌,705,970101,30464481500,30830,32250,30800,-30,-0.1,31160,330,1.07,30500,32250,1399-10-3
437,فسپا,گروه‌صنعتي‌سپاهان‌,686,2530249,145234275700,54820,56000,57560,2740,5.0,57400,2580,4.71,56000,57560,1399-10-3
438,دشيمي,شيمي‌ داروئي‌ داروپخش‌,683,637677,54391917370,82630,85000,84900,2270,2.75,85090,2460,2.98,84000,86000,1399-10-3
439,دتماد,توليدمواداوليه‌داروپخش‌,681,2515492,146350316560,55410,58180,58180,2770,5.0,58180,2770,5.0,56500,58180,1399-10-3
440,بكام,كارخانجات توليدي شهيد قندي,681,12319319,59255924390,4590,4810,4810,220,4.79,4810,220,4.79,4810,4810,1399-10-3
441,ضخود1043,اختيارخ خودرو-3500-1399/10/07,680,29207,1404938000,114,100,30,-84,-73.68,48,-66,-57.89,26,115,1399-10-3
442,آوا,صندوق س.سهام آواي معيار-س,680,3048662,28178822912,9310,9390,9180,-130,-1.4,9243,-67,-0.72,9107,9399,1399-10-3
443,مبين,مبين انرژي خليج فارس,673,1874087,30078161410,16170,16600,15870,-300,-1.86,16120,-50,-0.31,15870,16600,1399-10-3
444,خكرمان,گروه اقتصادي كرمان خودرو,668,13214363,81836550059,6013,6193,6193,180,2.99,6193,180,2.99,6193,6193,1399-10-3
445,كفرآور,فرآورده هاي سيمان شرق,668,2760972,64668632471,22745,23427,23427,682,3.0,23422,677,2.98,23000,23427,1399-10-3
446,وحافظ,بيمه حافظ,657,2444139,196390979936,78012,80352,80352,2340,3.0,80352,2340,3.0,79040,80352,1399-10-3
447,خكاوه,سايپا ديزل,648,6622907,35631239660,5224,5380,5380,156,2.99,5380,156,2.99,5380,5380,1399-10-3
448,رانفور,خدمات‌انفورماتيك‌,645,2963660,106543577000,34240,35950,35950,1710,4.99,35770,1530,4.47,35950,35950,1399-10-3
449,حپترو,حمل و نقل پتروشيمي( سهامي عام,644,987134,31665898740,31910,33000,32900,990,3.1,32010,100,0.31,30500,33000,1399-10-3
450,قلرست,قند لرستان‌,642,1802274,46535117010,24710,25500,25940,1230,4.98,25720,1010,4.09,25000,25940,1399-10-3
451,سصوفي,سيمان‌ صوفيان‌,637,3844628,63078025150,15640,16400,16420,780,4.99,16410,770,4.92,15900,16420,1399-10-3
452,بسويچ,پارس‌سويچ‌,627,654924,34577250660,50370,52880,52880,2510,4.98,51990,1620,3.22,51280,52880,1399-10-3
453,خاور,ايران خودرو ديزل,624,6749020,52284657940,7522,7747,7747,225,2.99,7747,225,2.99,7747,7747,1399-10-3
454,فلامي,لاميران‌,621,509810,26586591500,49670,52150,52150,2480,4.99,50760,1090,2.19,52150,52150,1399-10-3
455,خفنر,فنرسازي‌خاور,619,3540144,73456731590,19770,20750,20750,980,4.96,20750,980,4.96,20280,20750,1399-10-3
456,سلار,شركت سيمان لارستان,619,1325397,60945200001,44894,46180,46240,1346,3.0,45983,1089,2.43,43611,46240,1399-10-3
457,سفاسي,شركت فارسيت اهواز,604,2866822,49252001960,16680,17180,17180,500,3.0,17180,500,3.0,17180,17180,1399-10-3
458,غپونه,نوش پونه مشهد,603,1386666,27038713062,19330,19908,19450,120,0.62,19499,169,0.87,18751,19908,1399-10-3
459,كسرام,پارس‌ سرام‌,602,5692158,69216641280,11590,12160,12160,570,4.92,12160,570,4.92,12160,12160,1399-10-3
460,سخزر,سيمان‌ خزر,602,1526307,51985477310,32440,34060,34060,1620,4.99,33770,1330,4.1,34000,34060,1399-10-3
461,خزر,فنرسازي‌زر,598,2357663,79005287130,31920,33510,33510,1590,4.98,33510,1590,4.98,33510,33510,1399-10-3
462,خراسان,پتروشيمي خراسان,594,437817,30843275940,70950,72870,69650,-1300,-1.83,70650,-300,-0.42,68510,73240,1399-10-3
463,اوان,مبين وان كيش,593,664568,35557139072,54432,55900,53000,-1432,-2.63,53762,-670,-1.23,52500,55900,1399-10-3
464,تسه9908,امتياز تسهيلات مسكن آبان99,591,10273,5653211643,572149,566000,543542,-28607,-5.0,550298,-21851,-3.82,543542,599999,1399-10-3
465,نطرين,عطرين نخ قم,587,3528240,43344428400,11700,12285,12285,585,5.0,12191,491,4.2,12285,12285,1399-10-3
466,اطلس,صندوق س.توسعه اندوخته آينده-س,577,528879,114210944207,215985,214230,215800,-185,-0.09,215949,-36,-0.02,214230,217990,1399-10-3
467,مارون,پتروشيمي مارون,569,203978,31533178665,157250,155800,154200,-3050,-1.94,156480,-770,-0.49,151245,157000,1399-10-3
468,افق ملت,صندوق س در سهام افق ملت,565,491555,73400068110,144080,145040,147400,3320,2.3,149320,5240,3.64,145000,151010,1399-10-3
469,غدشت,دشت‌ مرغاب‌,556,194377,52265922780,256090,268890,268890,12800,5.0,267610,11520,4.5,268020,268890,1399-10-3
470,دارا,صندوق س. دارا الگوريتم-د,551,21562385,215453186298,9978,9990,9998,20,0.2,9992,14,0.14,9965,9999,1399-10-3
471,پلاست,كارخانجات توليدي پلاستيران,549,600771,27066369095,43742,45054,45054,1312,3.0,45053,1311,3.0,44958,45054,1399-10-3
472,ومعلم,بيمه معلم,549,13558597,105146919735,7386,7755,7755,369,5.0,7755,369,5.0,7755,7755,1399-10-3
473,سمتاز,سيمان ممتازان كرمان,523,1346068,36184343449,26438,27230,27231,793,3.0,26882,444,1.68,25645,27231,1399-10-3
474,كاريس,صندوق س.سپهر كاريزما-س,516,941754,198678237542,210802,210999,209998,-804,-0.38,210966,164,0.08,209109,214997,1399-10-3
475,ساينا,صنايع بهداشتي ساينا,515,116762,22391756359,189235,192000,187100,-2135,-1.13,190464,1229,0.65,186010,196000,1399-10-3
476,عيار,صندوق س. پشتوانه طلاي مفيد,514,705732,20462537104,28756,29177,28989,233,0.81,28995,239,0.83,28883,29299,1399-10-3
477,غالبر,لبنيات‌ كالبر,513,6975435,100396668090,13720,14400,14400,680,4.96,14390,670,4.88,14000,14400,1399-10-3
478,سهگمت,سيمان‌هگمتان‌,509,3893612,101048322050,24820,25850,26060,1240,5.0,25950,1130,4.55,25410,26060,1399-10-3
479,شراز,پالايش نفت شيراز,500,173478,19616689190,110346,115790,111385,1039,0.94,111430,1084,0.98,111001,115790,1399-10-3
480,فن آوا,گروه فن آوا,497,1417164,18622094494,12828,13212,13020,192,1.5,13124,296,2.31,12800,13212,1399-10-3
481,زپارس,ملي كشت و صنعت و دامپروري پارس,487,936391,95584929860,97600,97750,102480,4880,5.0,102080,4480,4.59,97750,102480,1399-10-3
482,فيروزه,صندوق شاخص30 شركت فيروزه- سهام,483,340392,60663717540,177100,177440,177260,160,0.09,178220,1120,0.63,176600,180700,1399-10-3
483,وآذر,سرمايه‌گذاري‌توسعه‌آذربايجان‌,472,5757273,618331120200,102290,107400,107400,5110,5.0,107400,5110,5.0,107400,107400,1399-10-3
484,شاملا,معدني‌ املاح‌  ايران‌,470,391963,27419113200,67420,70790,70300,2880,4.27,68750,1330,1.97,67000,70790,1399-10-3
485,درهآور,دارويي ره آورد تامين,468,1524381,78719034840,49181,51640,51640,2459,5.0,51640,2459,5.0,51640,51640,1399-10-3
486,دشيري,شيرين دارو,460,222500,38193921937,166749,171751,171751,5002,3.0,171658,4909,2.94,169000,171751,1399-10-3
487,وپسا,س. پتروشيمي ساختمان  خليج فارس,456,7824710,31118871670,3862,3977,3977,115,2.98,3977,115,2.98,3977,3977,1399-10-3
488,دتوزيعح,ح . توزيع دارو پخش,450,705166,19403347656,26206,27516,27516,1310,5.0,27516,1310,5.0,27516,27516,1399-10-3
489,شيراز,پتروشيمي‌شيراز,444,601442,33580942070,56490,58000,55520,-970,-1.72,56280,-210,-0.37,54550,58000,1399-10-3
490,وتوشه,سرمايه‌ گذاري‌ پارس‌ توشه‌,443,2402886,56843345060,22540,23650,23660,1120,4.97,23660,1120,4.97,23580,23660,1399-10-3
491,سبجنو,سيمان‌ بجنورد,437,602997,23166450960,37300,36900,38390,1090,2.92,37790,490,1.31,36900,39160,1399-10-3
492,كپارس,كاشي‌ پارس‌,437,318680,54169226400,161890,169980,169980,8090,5.0,169980,8090,5.0,169980,169980,1399-10-3
493,فنفت,صنايع تجهيزات نفت,434,2192696,39267688175,17413,17935,17935,522,3.0,17908,495,2.84,17010,17935,1399-10-3
494,گشان,توسعه بين المللي پديده شانديز,428,151195,9754345425,65831,64515,64515,-1316,-2.0,65496,-335,-0.51,64515,64515,1399-10-3
495,آساس,صندوق س.آسمان آرماني سهام-س,427,146463,25908802959,176244,178999,176700,456,0.26,176897,653,0.37,176000,178999,1399-10-3
496,آتيمس,صندوق س.آرمان آتيه درخشان مس-س,426,87935,20128251411,225723,228700,229770,4047,1.79,228899,3176,1.41,227700,231940,1399-10-3
497,غشاذر,پگاه‌آذربايجان‌غربي‌,425,1880551,40695123640,20610,21640,21640,1030,5.0,21360,750,3.64,21640,21640,1399-10-3
498,غمهرا,توليدي‌مهرام‌,417,2818438,220063639040,74370,78080,78080,3710,4.99,78080,3710,4.99,78080,78080,1399-10-3
499,وسصفا,شركت س استان اصفهان,414,11692575,12978758250,1060,1110,1110,50,4.72,1070,10,0.94,1110,1110,1399-10-3
500,ولانا,شركت ليزينگ آريا دانا,404,1890589,48289516878,24329,25545,25545,1216,5.0,25542,1213,4.99,25454,25545,1399-10-3
501,ياقوت,صندوق س ياقوت آگاه-ثابت,400,11500001,133709692734,11630,11631,11627,-3,-0.03,11627,-3,-0.03,11624,11643,1399-10-3
502,وگردشح,ح . بانك گردشگري,396,68323936,1039753658048,14357,15218,15218,861,6.0,15218,861,6.0,15218,15218,1399-10-3
503,كبافق,معادن‌ بافق‌,392,693229,41080750540,56440,59260,59260,2820,5.0,58520,2080,3.69,59260,59260,1399-10-3
504,گپارس,امور رفاهي كارگزاران پارس,386,254017,34403185177,134355,130330,138385,4030,3.0,135437,1082,0.81,130330,138385,1399-10-3
505,دامين,داروسازي‌ امين‌,383,1942925,33670890250,16510,17330,17330,820,4.97,16980,470,2.85,17330,17330,1399-10-3
506,وزمين,بانك ايران زمين,380,7145526,90482190720,12911,12850,12653,-258,-2.0,12663,-248,-1.92,12653,12880,1399-10-3
507,وتعاون,بيمه  تعاون,376,1735199,12182975606,7077,7000,6980,-97,-1.37,7042,-35,-0.49,6910,7166,1399-10-3
508,سهرمز,سيمان‌هرمزگان‌,370,1873287,40317743240,20530,21490,21550,1020,4.97,21300,770,3.75,20900,21550,1399-10-3
509,كهرام,توليدي گرانيت بهسرام,363,433406,31480922202,70814,72938,72938,2124,3.0,72636,1822,2.57,70001,72938,1399-10-3
510,چافست,افست‌,362,1340205,30288633000,21530,22600,22600,1070,4.97,22210,680,3.16,22600,22600,1399-10-3
511,مفاخر,توسعه فناوري اطلاعات خوارزمي,358,435280,18793781286,42847,44170,42570,-277,-0.65,42968,121,0.28,42000,44170,1399-10-3
512,غچين,كشت‌ و صنعت‌ چين‌ چين,357,827651,59508106900,68480,71900,71900,3420,4.99,71900,3420,4.99,71900,71900,1399-10-3
513,وگردش,بانك گردشگري,344,6034352,122841303664,19765,20357,20357,592,3.0,20357,592,3.0,20357,20357,1399-10-3
514,سقاين,سيمان‌ قائن‌,343,398436,19701520460,48580,50990,48940,360,0.74,48910,330,0.68,48600,50990,1399-10-3
515,وصنا,گروه‌صنايع‌بهشهرايران‌,341,8365256,84154475360,9590,10060,10060,470,4.9,10060,470,4.9,10060,10060,1399-10-3
516,وسنا,سرمايه گذاري نيروگاهي ايران,330,3306703,58277333672,16785,17624,17624,839,5.0,17624,839,5.0,17624,17624,1399-10-3
517,گوهران,سرمايه گذاري توسعه گوهران اميد,328,5930815,57647521800,9258,9720,9720,462,4.99,9720,462,4.99,9720,9720,1399-10-3
518,نيرو,نيرو سرمايه,319,384085,22945621985,58001,59741,59741,1740,3.0,59741,1740,3.0,59741,59741,1399-10-3
519,آ س پ,آ.س.پ,313,2049184,25239799328,11731,12317,12317,586,5.0,12003,272,2.32,12317,12317,1399-10-3
520,ساروج,بين المللي ساروج بوشهر,308,1083873,24988997076,23613,23020,22905,-708,-3.0,23055,-558,-2.36,22905,23613,1399-10-3
521,غگلستا,شير پاستوريزه پگاه گلستان,303,1660364,41422761072,23760,24948,24948,1188,5.0,24545,785,3.3,24948,24948,1399-10-3
522,كماسه,تامين‌ ماسه‌ ريخته‌گري‌,298,954688,64231408640,64080,67280,67280,3200,4.99,67280,3200,4.99,67280,67280,1399-10-3
523,ضصاد1102,اختيارخ وبصادر-3500-1399/11/12,298,9241,3028117000,383,442,309,-74,-19.32,328,-55,-14.36,290,442,1399-10-3
524,سكه0012پ01,سكه تمام بهارتحويلي 1روزه رفاه,285,92900,109784616500,1159726,1184980,1186003,26277,2.27,1181750,22024,1.9,1175000,1190000,1399-10-3
525,ولراز,ليزينگ رازي,282,249225,13662265275,53223,54819,54819,1596,3.0,54188,965,1.81,54819,54819,1399-10-3
526,وثوق,سرمايه گذاري وثوق امين,281,798164,11795267592,14075,14778,14778,703,4.99,14444,369,2.62,14778,14778,1399-10-3
527,كصدف,كاشي صدف سرام استقلال آباده,277,665535,16065349365,23436,24139,24139,703,3.0,23956,520,2.22,24139,24139,1399-10-3
528,خپويش,سازه‌ پويش‌,275,409221,17117714430,39840,41830,41830,1990,4.99,40460,620,1.56,41830,41830,1399-10-3
529,تكنو,تكنوتار,274,2259072,36551784960,15410,16180,16180,770,5.0,15900,490,3.18,16180,16180,1399-10-3
530,خنصير,مهندسي‌نصيرماشين‌,273,1140045,72541063350,60600,63630,63630,3030,5.0,63630,3030,5.0,63630,63630,1399-10-3
531,خلنت,لنت‌ ترمزايران‌,269,172555,15286283420,89150,90000,87400,-1750,-1.96,88980,-170,-0.19,85350,91390,1399-10-3
532,قمرو,قند مرودشت‌,267,430612,12371482760,27370,28730,28730,1360,4.97,27680,310,1.13,28730,28730,1399-10-3
533,وسرمد,بيمه  سرمد,266,6139496,55144953072,8555,8982,8982,427,4.99,8982,427,4.99,8982,8982,1399-10-3
534,پارند,صندوق س. پارند پايدار سپهر,263,4702064,53673139580,11390,11408,11426,36,0.32,11415,25,0.22,11370,11435,1399-10-3
535,دتوزيع,توزيع دارو پخش,262,561622,17468129066,29622,31103,31103,1481,5.0,30105,483,1.63,31103,31103,1399-10-3
536,ثنور,سرمايه گذاري كوه نور,261,3156003,31279145733,9623,9911,9911,288,2.99,9911,288,2.99,9911,9911,1399-10-3
537,ثعتما,س. ساختماني اعتماد گستر,256,721007,32810829878,44189,45514,45514,1325,3.0,45507,1318,2.98,44550,45514,1399-10-3
538,مداران,داده‌پردازي‌ايران‌,253,1690799,46885856270,26410,27730,27730,1320,5.0,27530,1120,4.24,27730,27730,1399-10-3
539,حخزر,كشتيراني درياي خزر,251,1759814,44352592242,24003,25203,25203,1200,5.0,25056,1053,4.39,25203,25203,1399-10-3
540,سصفها,سيمان‌اصفهان‌,247,295396,90358682440,291330,305890,305890,14560,5.0,305890,14560,5.0,305890,305890,1399-10-3
541,آكورد,صندوق س. آرمان آتي كوثر-د,244,6968573,208298722792,29873,29891,29891,18,0.06,29891,18,0.06,29890,29895,1399-10-3
542,خچرخش,چرخشگر,243,1825081,31665155350,16530,17350,17350,820,4.96,17030,500,3.02,17350,17350,1399-10-3
543,شلعاب,لعابيران‌,236,1032213,12479455170,11520,12090,12090,570,4.95,11640,120,1.04,12090,12090,1399-10-3
544,زعف0008پ11,زعفران0008نگين سحرخيز(پ),230,178061,22941967006,128902,127500,128205,-697,-0.54,128843,-59,-0.05,127500,130000,1399-10-3
545,دكيمي,كيميدارو,230,1884472,57024122720,28820,30260,30260,1440,5.0,30260,1440,5.0,30260,30260,1399-10-3
546,فافزا,فولاد افزا سپاهان,230,401668,19308893683,46681,48081,48081,1400,3.0,47874,1193,2.56,47623,48081,1399-10-3
547,خفناور,مهندسي صنعتي روان فن آور,227,494464,13208122368,25934,26712,26712,778,3.0,26453,519,2.0,26712,26712,1399-10-3
548,اوصتا,صندوق انديشه ورزان صباتامين -د,227,11646901,203057519599,17421,17444,17448,27,0.15,17434,13,0.07,17301,17450,1399-10-3
549,وكادو,تكادو,224,1254897,28754709858,21823,22914,22914,1091,5.0,22914,1091,5.0,22914,22914,1399-10-3
550,آساميد,صندوق س.مشترك آسمان اميد -د,222,10718074,120726082804,11249,11256,11275,26,0.23,11264,15,0.13,11252,11275,1399-10-3
551,سدشت,صنايع سيمان دشتستان,221,171192,6784513950,37810,39700,39700,1890,5.0,38040,230,0.61,38040,39700,1399-10-3
552,دبالك,مواد اوليه دارويي البرز بالك,219,897160,22190355440,23557,24734,24734,1177,5.0,24005,448,1.9,24734,24734,1399-10-3
553,تسه9907,امتياز تسهيلات مسكن مهر99,213,1589,870413461,571675,566000,560000,-11675,-2.04,547774,-23901,-4.18,543092,573000,1399-10-3
554,غگرجي,بيسكويت‌  گرجي‌,212,629593,12056705950,18240,19150,19150,910,4.99,18700,460,2.52,19150,19150,1399-10-3
555,قجام,فرآوردههاي غذايي وقندتربت‌جام‌,205,3006308,39106054464,12630,13008,13008,378,2.99,13008,378,2.99,13008,13008,1399-10-3
556,امين يكم2,صندوق درآمد ثابت امين يكم فردا,200,20000000,20000000,10133,1,1,-10132,-99.99,1,-10132,-99.99,1,1,1399-10-3
557,پلوله,گازلوله‌,198,594297,10388805413,17509,17684,17590,81,0.46,17481,-28,-0.16,17334,17684,1399-10-3
558,خموتور,موتورسازان‌تراكتورسازي‌ايران‌,196,3525877,55462045210,14990,15730,15730,740,4.94,15650,660,4.4,15730,15730,1399-10-3
559,فروس,فروسيليس‌ ايران‌,194,2494105,15887448850,6070,6370,6370,300,4.94,6160,90,1.48,6370,6370,1399-10-3
560,قپيرا,فرآورده‌هاي‌غدايي‌وقندپيرانشهر,187,120257,11433408110,90630,95100,95160,4530,5.0,91570,940,1.04,92060,95160,1399-10-3
561,ضجار1016,اختيارخ وتجارت-4000-1399/10/21,187,6499,596072000,150,300,80,-70,-46.67,92,-58,-38.67,24,300,1399-10-3
562,بالبر,كابل‌ البرز,185,754727,21819157570,27540,28910,28910,1370,4.97,28100,560,2.03,28910,28910,1399-10-3
563,تپولا,مهندسي مرآت پولاد,184,640672,21820647648,32438,34059,34059,1621,5.0,34011,1573,4.85,34059,34059,1399-10-3
564,زكشت,كشاورزي مكانيزه اصفهان كشت,182,3462831,125766559089,34590,36319,36319,1729,5.0,36319,1729,5.0,36319,36319,1399-10-3
565,معيار,سرمايه گذاري معيار صنعت پارس,182,212305,7372928040,34048,34728,34728,680,2.0,34506,458,1.35,34728,34728,1399-10-3
566,دمعيار,صندوق س. توازن معيار-د,181,7745249,77547884495,10010,10012,10018,8,0.08,10012,2,0.02,10010,10019,1399-10-3
567,ثاباد,توريستي ورفاهي آبادگران ايران,179,379820,14687639400,36830,38670,38670,1840,5.0,37320,490,1.33,38670,38670,1399-10-3
568,سنوين,سرمايه گذاري اقتصاد نوين,178,1627638,16154922054,9914,9716,9929,15,0.15,9925,11,0.11,9716,10100,1399-10-3
569,سخاش,سيمان‌خاش‌,176,151105,18295793400,115320,121080,121080,5760,4.99,117110,1790,1.55,121080,121080,1399-10-3
570,شمواد,توليد مواداوليه الياف مصنوعي,174,264679,15099672271,55388,57049,57049,1661,3.0,56624,1236,2.23,57049,57049,1399-10-3
571,تسه9902,امتياز تسهيلات مسكن ارديبهشت99,172,2208,1200073281,568122,539800,539716,-28406,-5.0,543511,-24611,-4.33,539716,567700,1399-10-3
572,ضخود1041,اختيارخ خودرو-2500-1399/10/07,169,9054,7191406000,882,900,750,-132,-14.97,794,-88,-9.98,720,910,1399-10-3
573,فنورد,نوردوقطعات‌ فولادي‌,169,64028,14771259600,219720,230700,230700,10980,5.0,222370,2650,1.21,230700,230700,1399-10-3
574,سكه9912پ04,سكه تمام بهارتحويل1روزه صادرات,168,65600,77514146300,1156176,1176002,1190000,33824,2.93,1181618,25442,2.2,1176002,1190700,1399-10-3
575,كي بي سي,شركت كي بي سي,161,2779880,104409512920,35771,37559,37559,1788,5.0,37559,1788,5.0,37559,37559,1399-10-3
576,بمپنا,توليد برق عسلويه  مپنا,157,59956,5754105604,97712,94001,96000,-1712,-1.75,97508,-204,-0.21,94001,99800,1399-10-3
577,تسه9810,امتياز تسهيلات مسكن دي98,156,3389,1890966330,572286,549017,589999,17713,3.1,557972,-14314,-2.5,543672,600900,1399-10-3
578,سغرب,سيمان‌غرب‌,156,1455311,32278797980,21130,22180,22180,1050,4.97,21740,610,2.89,22180,22180,1399-10-3
579,كقزوي,شيشه‌ قزوين‌,152,1082279,9770814812,8766,9028,9028,262,2.99,8896,130,1.48,9028,9028,1399-10-3
580,صايند,صندوق س. گنجينه آينده روشن-د,151,2460800,24710429520,10046,10046,10041,-5,-0.05,10042,-4,-0.04,10010,10082,1399-10-3
581,غفارس,شير پاستوريزه پگاه فارس,150,3132789,44548259580,13543,14220,14220,677,5.0,14024,481,3.55,14220,14220,1399-10-3
582,تسه9906,امتياز تسهيلات مسكن شهريور99,149,1077,598093972,563901,536009,580000,16099,2.85,555333,-8568,-1.52,536009,580001,1399-10-3
583,ختراك,ريخته‌گري‌ تراكتورسازي‌ ايران‌,149,882597,13424300370,14490,15210,15210,720,4.97,14660,170,1.17,15210,15210,1399-10-3
584,شفارا,پتروشيمي فارابي,147,1550963,7895952633,4943,5091,5091,148,2.99,5001,58,1.17,5091,5091,1399-10-3
585,وسكرد,شركت س استان كردستان,145,7366571,5524928250,780,750,750,-30,-3.85,780,0,0.0,750,750,1399-10-3
586,ضخود2009,اختيارخ خودرو-4000-1400/02/08,143,2363,1737297000,880,800,735,-145,-16.48,735,-145,-16.48,700,848,1399-10-3
587,تابا,تابان نيرو سپاهان,143,234942,8667480264,35818,36892,36892,1074,3.0,36230,412,1.15,36892,36892,1399-10-3
588,تسه9904,امتياز تسهيلات مسكن تير99,142,1651,902803348,573427,551496,544756,-28671,-5.0,546822,-26605,-4.64,544756,569999,1399-10-3
589,سپاس,صندوق س. پاداش سهامداري توسعه1,142,3574184,36066027241,10090,10090,10090,0,0.0,10091,1,0.01,10089,10100,1399-10-3
590,كپرور,فرآوري زغال سنگ پروده طبس,142,473950,22953398500,46124,48430,48430,2306,5.0,47060,936,2.03,48430,48430,1399-10-3
591,سپر,صندوق س سپر سرمايه بيدار- ثابت,140,1274180,13990370898,10880,10940,10989,109,1.0,10980,100,0.92,10940,11005,1399-10-3
592,حاريا,كشتيراني آريا,138,731701,20479579289,27174,27989,27989,815,3.0,27989,815,3.0,27989,27989,1399-10-3
593,لازما,كارخانه هاي صنعتي آزمايش,138,451099,13048038575,29515,28925,28925,-590,-2.0,28925,-590,-2.0,28925,28925,1399-10-3
594,گوهر,صندوق سكه طلاي كيان,135,65821,3901828231,58580,59000,59580,1000,1.71,59279,699,1.19,58413,59580,1399-10-3
595,الماس,صندوق س.امين تدبيرگران فردا-س,134,44173,5849717128,130154,131127,132970,2816,2.16,132427,2273,1.75,131127,133000,1399-10-3
596,تسه9712,امتياز تسهيلات مسكن اسفند97,131,2608,1396712742,561255,533193,533193,-28062,-5.0,535549,-25706,-4.58,533193,546998,1399-10-3
597,كيان2,صندوق س. با درآمد ثابت كيان,125,12500000,12500000,26413,1,1,-26412,-100.0,1,-26412,-100.0,1,1,1399-10-3
598,كگهر,سنگ آهن گهرزمين,125,392851,19899081703,48241,50653,50653,2412,5.0,48611,370,0.77,50653,50653,1399-10-3
599,دجابر,داروسازي‌ جابرابن‌حيان‌,124,1149087,28727175000,23810,25000,25000,1190,5.0,25000,1190,5.0,25000,25000,1399-10-3
600,تسه9905,امتياز تسهيلات مسكن مرداد99,122,843,456054592,566019,540000,545000,-21019,-3.71,540990,-25029,-4.42,537719,545000,1399-10-3
601,سايرا,ايرانيت‌,122,513021,17798271374,34057,34076,34738,681,2.0,34693,636,1.87,34057,34738,1399-10-3
602,سدبير,س. تدبيرگران فارس وخوزستان,119,698823,36140330268,49254,51716,51716,2462,5.0,50859,1605,3.26,51716,51716,1399-10-3
603,بشهاب,لامپ‌  پارس‌ شهاب‌,118,197000,15360090000,74260,77970,77970,3710,5.0,75270,1010,1.36,77970,77970,1399-10-3
604,ضخود1040,اختيارخ خودرو-2000-1399/10/07,118,5630,7299715000,1394,1100,1236,-158,-11.33,1297,-97,-6.96,1100,1430,1399-10-3
605,وجامي,سرمايه گذاري جامي,115,731348,8465353100,11024,11575,11575,551,5.0,11239,215,1.95,11575,11575,1399-10-3
606,ثفارس,عمران‌وتوسعه‌فارس‌,111,1031266,11189236100,10340,10850,10850,510,4.93,10440,100,0.97,10850,10850,1399-10-3
607,خفولا,خدمات فني فولاد يزد,110,184175,8621231750,45447,46810,46810,1363,3.0,45983,536,1.18,46810,46810,1399-10-3
608,تسه9903,امتياز تسهيلات مسكن خرداد99,110,1111,609170597,572074,544000,543471,-28603,-5.0,548308,-23766,-4.15,543471,560000,1399-10-3
609,داوه,داروسازي آوه سينا,108,512237,10386629649,19312,20277,20277,965,5.0,19498,186,0.96,20277,20277,1399-10-3
610,هجرت,پخش هجرت,104,1244226,47181049920,36115,37920,37920,1805,5.0,37546,1431,3.96,37920,37920,1399-10-3
611,ثپرديسح,ح.سرمايه گذاري مسكن پرديس,104,507229,4280263155,8695,8695,8400,-295,-3.39,8439,-256,-2.94,8400,8695,1399-10-3
612,بذر,صندوق س بذر اميد آفرين-سهام,101,19806,2263999300,112870,115750,114000,1130,1.0,114310,1440,1.28,113240,115750,1399-10-3
613,ضخود2008,اختيارخ خودرو-3500-1400/02/08,100,1984,1799417000,949,950,873,-76,-8.01,907,-42,-4.43,780,970,1399-10-3
614,تسه9901,امتياز تسهيلات مسكن فروردين99,99,1077,583330507,564498,536274,540003,-24495,-4.34,541625,-22873,-4.05,536274,560000,1399-10-3
615,تصميم,صندوق س با درآمد ثابت تصميم,92,709661,10839627803,15256,15261,15285,29,0.19,15274,18,0.12,15261,15285,1399-10-3
616,تسه9812,امتياز تسهيلات مسكن اسفند98,92,940,510629314,569214,540754,542000,-27214,-4.78,543223,-25991,-4.57,540754,554000,1399-10-3
617,بموتو,موتوژن‌,91,141652,7729949640,51980,54570,54570,2590,4.98,52340,360,0.69,54570,54570,1399-10-3
618,زعف0008پ05,زعفران0008نگين زرين(پ),90,61186,7862525491,128857,129000,128501,-356,-0.28,128502,-355,-0.28,127002,129000,1399-10-3
619,فيروزا,صندوق بادرآمد ثابت فيروزه آسيا,88,352311,7612437769,21589,21595,21629,40,0.19,21607,18,0.08,21562,21640,1399-10-3
620,ثزاگرس,سرمايه گذاري توسعه عمران زاگرس,86,145166,7506243528,49246,51708,51708,2462,5.0,49983,737,1.5,51708,51708,1399-10-3
621,كپشير,پشم‌شيشه‌ايران‌,84,426598,10494310800,23430,24600,24600,1170,4.99,23650,220,0.94,24600,24600,1399-10-3
622,تكنار,مجتمع معادن مس تكنار,83,265854,43086160218,154350,162067,162067,7717,5.0,162067,7717,5.0,162067,162067,1399-10-3
623,سكارون,سيمان كارون,82,134963,22566758341,162337,167207,167207,4870,3.0,167207,4870,3.0,167207,167207,1399-10-3
624,شزنگ,تجهيزنيروي‌زنگان‌,78,213236,51017992416,227863,239256,239256,11393,5.0,239256,11393,5.0,239256,239256,1399-10-3
625,صنوين,صندوق سرمايه‌گذاري صنوين-مختلط,77,14102,1504909820,105250,106500,107000,1750,1.66,106720,1470,1.4,106500,107000,1399-10-3
626,وساغربي,شركت س استان آذربايجان غربي,76,1890411,1398904140,770,740,740,-30,-3.9,770,0,0.0,740,740,1399-10-3
627,آينده,بازرگاني آينده سازان بهشت پارس,74,253926,5213354706,21165,20531,20531,-634,-3.0,20994,-171,-0.81,20531,20531,1399-10-3
628,ضخود1048,اختيارخ خودرو-7000-1399/10/07,70,3600,3600000,1,1,1,0,0.0,1,0,0.0,1,1,1399-10-3
629,فوكا,فولاد كاويان,69,81083,1248191702,15870,15394,15394,-476,-3.0,15854,-16,-0.1,15394,15394,1399-10-3
630,ضفلا1156,اختيارخ فولاد-16000-1399/11/28,67,1752,1864353000,1255,1023,1000,-255,-20.32,1064,-191,-15.22,1000,1250,1399-10-3
631,سفارود,كارخانه فارسيت درود,66,450642,5441952792,11840,12076,12076,236,1.99,11961,121,1.02,12076,12076,1399-10-3
632,تسه9801,امتياز تسهيلات مسكن فروردين98,66,1394,749571374,565023,537870,536772,-28251,-5.0,537713,-27310,-4.83,536772,540154,1399-10-3
633,ثاژن,سخت آژند,65,1204654,10411824522,8474,8643,8643,169,1.99,8633,159,1.88,8643,8643,1399-10-3
634,اخزا902,اسنادخزانه-م2بودجه99-011019,65,180096,121288533924,673385,673385,672800,-585,-0.09,673466,81,0.01,671119,674500,1399-10-3
635,شتولي,تولي‌پرس‌,64,182669,5605928941,30088,30689,30689,601,2.0,30400,312,1.04,30689,30689,1399-10-3
636,وسلرستا,شركت س استان لرستان,64,1873541,1611245260,900,860,860,-40,-4.44,900,0,0.0,860,860,1399-10-3
637,تسه9710,امتياز تسهيلات مسكن دي 97,63,1860,852823020,482638,458507,458507,-24131,-5.0,458507,-24131,-5.0,458507,458507,1399-10-3
638,شصفها,پتروشيمي‌ اصفهان‌,60,24694,3109814196,123465,125934,125934,2469,2.0,123973,508,0.41,125934,125934,1399-10-3
639,وبرق,س.کارکنان صنعت برق زنجان وقزوي,60,72208,14990525216,201556,207602,207602,6046,3.0,205788,4232,2.1,207602,207602,1399-10-3
640,فنرژي,گسترش صنايع انرژي آذرآب,60,228689,2784974642,11940,12178,12178,238,1.99,12001,61,0.51,12178,12178,1399-10-3
641,تسه9803,امتياز تسهيلات مسكن خرداد98,59,467,255100504,564668,540011,536435,-28233,-5.0,546254,-18414,-3.26,536435,556005,1399-10-3
642,شرنگي,شيميايي رنگين,59,51394,6738318734,124868,131111,131111,6243,5.0,126842,1974,1.58,131111,131111,1399-10-3
643,آسام,صندوق س.آرمان سپهر آشنا-م,58,11930,1341881820,111183,111005,113000,1817,1.63,112480,1297,1.17,111005,113000,1399-10-3
644,سكه0112پ03,سكه تمام بهارتحويلي1روزه سامان,58,19000,22468954500,1160972,1180000,1188000,27028,2.33,1182576,21604,1.86,1180000,1189950,1399-10-3
645,كتوكا,توليدي و خدمات صنايع نسوز توكا,56,34601,910317709,25057,26309,26309,1252,5.0,25078,21,0.08,26309,26309,1399-10-3
646,تسه9809,امتياز تسهيلات مسكن آذر98,56,637,347076546,564534,536518,548000,-16534,-2.93,544861,-19673,-3.48,536518,592760,1399-10-3
647,ضخود1045,اختيارخ خودرو-4500-1399/10/07,55,3551,3551000,1,1,1,0,0.0,1,0,0.0,1,1,1399-10-3
648,شكف,كف,55,58725,4932077850,82340,83986,83986,1646,2.0,83087,747,0.91,83986,83986,1399-10-3
649,ضملي1152,اختيارخ فملي-18252-1399/11/05,55,609,583704112,486,725,400,-86,-17.7,486,0,0.0,301,725,1399-10-3
650,تسه9802,امتياز تسهيلات مسكن ارديبهشت98,54,568,310417065,575271,546508,546511,-28760,-5.0,546509,-28762,-5.0,546508,546511,1399-10-3
651,اخزا820,اسنادخزانه-م20بودجه98-020806,53,135505,78583673169,579796,580000,580000,204,0.04,579932,136,0.02,577500,583998,1399-10-3
652,تسه9808,امتياز تسهيلات مسكن آبان98,52,648,353030814,568997,540558,540571,-28426,-5.0,544801,-24196,-4.25,540548,560000,1399-10-3
653,زعف0008پ10,زعفران0008نگين طلاي سرخ(پ),52,34358,4419619350,128755,128500,128501,-254,-0.2,128634,-121,-0.09,128310,129100,1399-10-3
654,دارو,كارخانجات‌داروپخش‌,52,429802,14037333320,31110,32660,32660,1550,4.98,31890,780,2.51,32660,32660,1399-10-3
655,اخزا817,اسنادخزانه-م17بودجه98-010512,50,106384,80090822088,750014,748005,751210,1196,0.16,752846,2832,0.38,748005,755000,1399-10-3
656,سكه0011پ02,سكه تمام بهارتحويلي 1روزه ملت,49,9400,11107465100,1162657,1191000,1190000,27343,2.35,1181645,18988,1.63,1177202,1191000,1399-10-3
657,افران,صندوق س افرا نماد پايدار-ثابت,48,1054975,13014238457,12329,12317,12337,8,0.06,12336,7,0.06,12317,12337,1399-10-3
658,ضسپا1103,اختيارخ خساپا-2500-1399/11/26,47,1463,866572000,648,600,510,-138,-21.3,592,-56,-8.64,510,610,1399-10-3
659,اطلس2,صندوق س.توسعه اندوخته آينده-س,47,470000,470000,215985,1,1,-215984,-100.0,1,-215984,-100.0,1,1,1399-10-3
660,وآتوس,س.آرين توسكا قيمت اسمي 350ريال,46,441460,17680914460,38885,40051,40051,1166,3.0,39798,913,2.35,40051,40051,1399-10-3
661,ضخود2013,اختيارخ خودرو-7000-1400/02/08,45,506,87040000,236,195,174,-62,-26.27,172,-64,-27.12,160,209,1399-10-3
662,اخزا903,اسنادخزانه-م3بودجه99-011110,44,156917,104888072644,668184,668999,667420,-764,-0.11,668430,246,0.04,666600,668999,1399-10-3
663,ثروتم,صندوق س. ثروت آفرين پارسيان-س,42,8140,787254730,97326,96500,96602,-724,-0.74,96714,-612,-0.63,96500,98429,1399-10-3
664,تسه9806,امتياز تسهيلات مسكن شهريور98,42,331,180683737,572110,544000,559999,-12111,-2.12,545872,-26238,-4.59,543505,559999,1399-10-3
665,ضجار1015,اختيارخ وتجارت-3500-1399/10/21,41,593,152192000,311,315,240,-71,-22.83,257,-54,-17.36,200,338,1399-10-3
666,ضسپا1102,اختيارخ خساپا-2000-1399/11/26,41,1919,1373899000,827,850,700,-127,-15.36,716,-111,-13.42,613,850,1399-10-3
667,ارمغان,ص سرمايه گذاري ارمغان ايرانيان,41,825906,8350679504,10099,10102,10111,12,0.12,10111,12,0.12,10101,10145,1399-10-3
668,اخزا808,اسنادخزانه-م8بودجه98-000817,40,13659,11723353834,857097,855500,858500,1403,0.16,858288,1191,0.14,855500,860000,1399-10-3
669,دقاضي,داروسازي شهيد قاضي,38,282452,14564072476,50062,51563,51563,1501,3.0,51563,1501,3.0,51563,51563,1399-10-3
670,تسه9807,امتياز تسهيلات مسكن مهر98,36,212,116399312,577898,549100,549004,-28894,-5.0,549053,-28845,-4.99,549004,549100,1399-10-3
671,ضجار1017,اختيارخ وتجارت-4500-1399/10/21,36,1228,32113000,44,44,34,-10,-22.73,26,-18,-40.91,22,44,1399-10-3
672,اخزا809,اسنادخزانه-م9بودجه98-000923,34,48710,41110487994,842619,843012,845001,2382,0.28,843985,1366,0.16,842500,846990,1399-10-3
673,تسه9805,امتياز تسهيلات مسكن مرداد98,33,691,370996380,555078,527326,539970,-15108,-2.72,536898,-18180,-3.28,527326,549990,1399-10-3
674,ضپاس1005,اختيارخ وپارس-4500-1399/10/30,33,1370,436178000,356,385,300,-56,-15.73,318,-38,-10.67,260,385,1399-10-3
675,زعف0008پ08,زعفران0008نگين روستا(پ),33,34228,4390338529,128508,129000,128500,-8,-0.01,128267,-241,-0.19,128000,129000,1399-10-3
676,ضفلا1155,اختيارخ فولاد-14000-1399/11/28,32,618,1269266000,2324,2100,2031,-293,-12.61,2054,-270,-11.62,2002,2150,1399-10-3
677,جوين,كشت و صنعت جوين,31,120950,3204086450,25720,26491,26491,771,3.0,25837,117,0.45,26491,26491,1399-10-3
678,دارا2,صندوق س. دارا الگوريتم-د,30,3000000,3000000,9978,1,1,-9977,-99.99,1,-9977,-99.99,1,1,1399-10-3
679,ضخود2006,اختيارخ خودرو-2500-1400/02/08,30,817,1112262000,1480,1010,1360,-120,-8.11,1361,-119,-8.04,1010,1400,1399-10-3
680,ضفار1125,اختيارخ فارس-17826-1399/11/07,29,589,142038000,158,158,111,-47,-29.75,121,-37,-23.42,100,158,1399-10-3
681,ضصاد1101,اختيارخ وبصادر-3000-1399/11/12,29,915,472643000,633,510,450,-183,-28.91,517,-116,-18.33,450,580,1399-10-3
682,ضخود2005,اختيارخ خودرو-2000-1400/02/08,29,271,484234000,2006,1656,1780,-226,-11.27,1787,-219,-10.92,1656,2000,1399-10-3
683,فاهواز,نورد و لوله اهواز,28,39247,722929740,18795,18420,18420,-375,-2.0,18788,-7,-0.04,18420,18420,1399-10-3
684,ضچاد2004,اختيارخ كچاد-20000-1400/02/05,28,843,4296070000,6100,4990,5150,-950,-15.57,5096,-1004,-16.46,4490,5650,1399-10-3
685,وسفارس,شركت س استان فارس,28,723233,708768340,1030,980,980,-50,-4.85,1030,0,0.0,980,980,1399-10-3
686,ضسپا1106,اختيارخ خساپا-4000-1399/11/26,27,619,68159000,158,33,104,-54,-34.18,110,-48,-30.38,33,140,1399-10-3
687,اخزا815,اسنادخزانه-م15بودجه98-010406,27,23314,17876005006,764021,764403,767000,2979,0.39,766750,2729,0.36,764403,767690,1399-10-3
688,ضفلا1157,اختيارخ فولاد-18000-1399/11/28,27,769,389714000,518,600,425,-93,-17.95,507,-11,-2.12,420,758,1399-10-3
689,وسگيلا,شركت س استان گيلان,26,369662,292032980,830,790,790,-40,-4.82,830,0,0.0,790,790,1399-10-3
690,اخزا816,اسنادخزانه-م16بودجه98-010503,25,39678,30027454800,753525,749000,758000,4475,0.59,756778,3253,0.43,749000,758000,1399-10-3
691,وسكرمان,س.سهام عدالت استان كرمان,25,296088,290166240,1030,980,980,-50,-4.85,1030,0,0.0,980,980,1399-10-3
692,ضخود1046,اختيارخ خودرو-5000-1399/10/07,25,876,876000,1,1,1,0,0.0,1,0,0.0,1,1,1399-10-3
693,ضپاس1003,اختيارخ وپارس-3500-1399/10/30,25,541,444078000,945,811,780,-165,-17.46,821,-124,-13.12,780,880,1399-10-3
694,ضملي1153,اختيارخ فملي-20280-1399/11/05,25,526,212396232,292,350,200,-92,-31.51,205,-87,-29.79,200,350,1399-10-3
695,تسه9711,امتياز تسهيلات مسكن بهمن 97,24,713,374736410,553021,526100,525370,-27651,-5.0,525577,-27444,-4.96,525370,526130,1399-10-3
696,ضجار2000,اختيارخ وتجارت-1800-1400/02/22,24,124,258425000,2273,2100,2070,-203,-8.93,2084,-189,-8.32,2050,2300,1399-10-3
697,تسه9804,امتياز تسهيلات مسكن تير98,23,192,102922758,558819,531000,530890,-27929,-5.0,536056,-22763,-4.07,530879,550000,1399-10-3
698,ضجار1018,اختيارخ وتجارت-5000-1399/10/21,23,1382,21854000,26,13,13,-13,-50.0,16,-10,-38.46,13,18,1399-10-3
699,ضملت1129,اختيارخ وبملت-7000-1399/11/28,22,1185,236130000,227,202,220,-7,-3.08,199,-28,-12.33,181,230,1399-10-3
700,ضخود2007,اختيارخ خودرو-3000-1400/02/08,22,569,675778000,1200,1200,1033,-167,-13.92,1188,-12,-1.0,1033,1250,1399-10-3
701,اخزا812,اسنادخزانه-م12بودجه98-001111,22,31895,26323816639,824044,821101,826000,1956,0.24,825327,1283,0.16,821101,828000,1399-10-3
702,ضخود2010,اختيارخ خودرو-4500-1400/02/08,22,396,174519000,734,500,430,-304,-41.42,441,-293,-39.92,150,500,1399-10-3
703,اخزا904,اسنادخزانه-م4بودجه99-011215,21,47877,31410040407,654211,652116,656497,2286,0.35,656057,1846,0.28,652116,659000,1399-10-3
704,ضشنا1035,اختيارخ شپنا-14000-1399/10/23,21,255,388992000,2139,2399,1001,-1138,-53.2,1525,-614,-28.71,1001,2500,1399-10-3
705,اراد55,مرابحه عام دولت5-ش.خ 0209,21,3836400,3550242924000,925350,925410,925410,60,0.01,925410,60,0.01,925410,925410,1399-10-3
706,ضشنا1036,اختيارخ شپنا-16000-1399/10/23,21,309,303570000,1437,1016,1000,-437,-30.41,982,-455,-31.66,810,1016,1399-10-3
707,اخزا814,اسنادخزانه-م14بودجه98-010318,21,59463,46022525365,772640,770130,774000,1360,0.18,773969,1329,0.17,770130,774005,1399-10-3
708,آكورد2,صندوق س. آرمان آتي كوثر-د,20,2000000,2000000,29873,1,1,-29872,-100.0,1,-29872,-100.0,1,1,1399-10-3
709,ضملت1130,اختيارخ وبملت-8000-1399/11/28,20,873,83385000,239,100,90,-149,-62.34,96,-143,-59.83,90,118,1399-10-3
710,ضصاد1104,اختيارخ وبصادر-4500-1399/11/12,20,929,139864000,157,199,160,3,1.91,151,-6,-3.82,135,199,1399-10-3
711,ضجار1014,اختيارخ وتجارت-3000-1399/10/21,19,219,126780000,634,700,570,-64,-10.09,579,-55,-8.68,501,700,1399-10-3
712,تسه9811,امتياز تسهيلات مسكن بهمن98,19,442,250509683,579935,608931,550939,-28996,-5.0,566764,-13171,-2.27,550939,608931,1399-10-3
713,وسخراج,شركت س استان خراسان جنوبي,19,234680,495174800,2220,2110,2110,-110,-4.95,2220,0,0.0,2110,2110,1399-10-3
714,وسيستا,شركت س استان سيستان وبلوچستان,19,296769,225544440,790,760,760,-30,-3.8,790,0,0.0,760,760,1399-10-3
715,اراد60,مرابحه عام دولتي6-ش.خ0210,19,3510000,3243836700000,924100,924170,924170,70,0.01,924170,70,0.01,924170,924170,1399-10-3
716,اخزا818,اسنادخزانه-م18بودجه98-010614,19,12485,9163160479,731771,727509,735000,3229,0.44,733934,2163,0.3,727509,735001,1399-10-3
717,هفارس912,اختيارف ت فارس-14576-99/12/13,18,154466,172692988,760,1118,1118,358,47.11,1118,358,47.11,1118,1118,1399-10-3
718,پست0008پ08,پسته فندقي32-30مه ولات0008(پ),18,663,984481917,1492623,1420020,1456000,-36623,-2.45,1484890,-7733,-0.52,1420020,1505000,1399-10-3
719,ضترا1117,اختيارخ شتران-10000-1399/11/14,18,1060,2747400000,2498,3000,2400,-98,-3.92,2592,94,3.76,2400,3000,1399-10-3
720,ضصاد1103,اختيارخ وبصادر-4000-1399/11/12,17,463,105789000,263,270,249,-14,-5.32,228,-35,-13.31,220,270,1399-10-3
721,وسرضوي,س.سهام عدالت استان خراسان رضوي,17,121799,119363020,1030,980,980,-50,-4.85,1030,0,0.0,980,980,1399-10-3
722,گنجين,صندوق س. گنجينه يكم آويد-د,17,48413,574927225,11881,11877,11876,-5,-0.04,11875,-6,-0.05,11875,11878,1399-10-3
723,سخند,صندوق س.سپهرخبرگان نفت-د,17,68900,695299100,10099,10100,10090,-9,-0.09,10091,-8,-0.08,10089,10100,1399-10-3
724,ضصاد1100,اختيارخ وبصادر-2500-1399/11/12,16,375,312471000,891,900,850,-41,-4.6,833,-58,-6.51,800,900,1399-10-3
725,اخزا811,اسنادخزانه-م11بودجه98-001013,16,23968,20058524107,836405,836000,836045,-360,-0.04,836888,483,0.06,835999,838990,1399-10-3
726,داريك,صندوق س.اعتماد داريك-د,16,19663,205103190,10427,10430,10440,13,0.12,10431,4,0.04,10430,10455,1399-10-3
727,عيار2,صندوق س. پشتوانه طلاي مفيد,16,160000,160000,28756,1,1,-28755,-100.0,1,-28755,-100.0,1,1,1399-10-3
728,وسخوز,شركت س استان خوزستان,16,152568,141888240,970,930,930,-40,-4.12,970,0,0.0,930,930,1399-10-3
729,ضملت1126,اختيارخ وبملت-4500-1399/11/28,16,724,750345000,1055,1157,1030,-25,-2.37,1036,-19,-1.8,990,1157,1399-10-3
730,ضپنا1022,اختيارخ رمپنا-18806-1399/10/09,15,147,361395101,1957,1000,1900,-57,-2.91,1660,-297,-15.18,1000,1900,1399-10-3
731,اخزا806,اسنادخزانه-م6بودجه98-000519,15,15526,13914624505,894435,896000,898000,3565,0.4,896214,1779,0.2,894832,898000,1399-10-3
732,ضخود2012,اختيارخ خودرو-6000-1400/02/08,14,180,55741000,999,333,278,-721,-72.17,310,-689,-68.97,278,444,1399-10-3
733,وسهمدا,شركت س استان همدان,14,134551,114368350,890,850,850,-40,-4.49,890,0,0.0,850,850,1399-10-3
734,ضملت1128,اختيارخ وبملت-6000-1399/11/28,14,391,191421000,530,553,480,-50,-9.43,490,-40,-7.55,480,553,1399-10-3
735,اخزا901,اسنادخزانه-م1بودجه99-010621,14,3547,2603573322,727885,749880,734500,6615,0.91,734021,6136,0.84,726100,749880,1399-10-3
736,كشم0001پ01,كشمش سبز0001خليل آباد(پ),13,333,116432430,343668,359990,360000,16332,4.75,349647,5979,1.74,336000,360851,1399-10-3
737,كرونا2,تامين مالي جمعي صرفا اهداي سود,13,3000,30000000,10000,10000,10000,0,0.0,10000,0,0.0,10000,10000,1399-10-3
738,اخزا810,اسنادخزانه-م10بودجه98-001006,13,9605,8044923856,837917,835221,840000,2083,0.25,837577,-340,-0.04,835220,840000,1399-10-3
739,ضملي1149,اختيارخ فملي-12168-1399/11/05,12,79,505043004,3972,3000,3222,-750,-18.88,3242,-730,-18.38,2011,4180,1399-10-3
740,وسقم,شركت س استان قم,12,72345,96942300,1410,1340,1340,-70,-4.96,1410,0,0.0,1340,1340,1399-10-3
741,زعف0008پ09,زعفران0008نگين نوين(پ),12,6410,822715000,128656,128356,128000,-656,-0.51,128349,-307,-0.24,128000,128500,1399-10-3
742,نگين,ص.س. زمين و ساختمان نگين شهرري,12,4353,206982330,47530,47530,47770,240,0.5,47550,20,0.04,47530,47770,1399-10-3
743,ضپاس1002,اختيارخ وپارس-3000-1399/10/30,11,67,87958000,1257,1590,1223,-34,-2.7,1313,56,4.46,1223,1590,1399-10-3
744,وساربيل,شركت س استان اردبيل,11,91063,111096860,1280,1220,1220,-60,-4.69,1280,0,0.0,1220,1220,1399-10-3
745,ضسپا1104,اختيارخ خساپا-3000-1399/11/26,11,1001,479480000,510,479,480,-30,-5.88,479,-31,-6.08,479,480,1399-10-3
746,اخزا813,اسنادخزانه-م13بودجه98-010219,11,6949,5440439540,782300,782900,783000,700,0.09,782910,610,0.08,782740,783000,1399-10-3
747,ضسپا1105,اختيارخ خساپا-3500-1399/11/26,11,288,60251000,278,250,191,-87,-31.29,209,-69,-24.82,191,250,1399-10-3
748,ضگل1144,اختيارخ كگل-20000-1399/11/21,10,449,898000000,2000,2000,2000,0,0.0,2000,0,0.0,2000,2000,1399-10-3
749,فيروزه2,صندوق شاخص30 شركت فيروزه- سهام,10,100000,100000,177100,1,1,-177099,-100.0,1,-177099,-100.0,1,1,1399-10-3
750,هترول911,اختيارف ت پترول-14730-99/11/15,10,13819,30940741,2221,2239,2239,18,0.81,2239,18,0.81,2239,2239,1399-10-3
751,اخزا716,اسنادخزانه-م16بودجه97-000407,10,5811,5317539588,915050,915000,915600,550,0.06,915082,32,0.0,915000,915999,1399-10-3
752,اوصتا2,صندوق انديشه ورزان صباتامين -د,10,1000000,1000000,17421,1,1,-17420,-99.99,1,-17420,-99.99,1,1,1399-10-3
753,پست0008پ04,پسته فندقي32-30سبزدانه0008(پ),10,132,198485457,1390001,1505791,1450000,59999,4.32,1503678,113677,8.18,1450000,1505791,1399-10-3
754,خعمرا,توسعه و عمران شهرستان نائين,9,9622,216899124,21469,22542,22542,1073,5.0,21480,11,0.05,22542,22542,1399-10-3
755,اخزا906,اسنادخزانه-م6بودجه99-020321,8,52936,32820320000,611702,620000,620000,8298,1.36,620000,8298,1.36,620000,620000,1399-10-3
756,اخزا905,اسنادخزانه-م5بودجه99-020218,8,3972,2506761498,633550,631035,632999,-551,-0.09,631108,-2442,-0.39,630041,632999,1399-10-3
757,زعف0008پ18,زعفران0008نگين بهرامن(پ),8,47396,6161459020,128890,130000,127902,-988,-0.77,130000,1110,0.86,127902,130000,1399-10-3
758,اخزا713,اسنادخزانه-م13بودجه97-000518,8,51917,46573954172,896439,896400,897101,662,0.07,897085,646,0.07,896400,897800,1399-10-3
759,ضترا1118,اختيارخ شتران-12000-1399/11/14,8,449,817200000,1921,2400,1898,-23,-1.2,1820,-101,-5.26,1800,2400,1399-10-3
760,پست0008پ09,پسته بادامي30-28مه ولات0008(پ),7,410,541722000,1320155,1320000,1322000,1845,0.14,1321273,1118,0.08,1320000,1325000,1399-10-3
761,وسيلام,شركت س استان ايلام,7,44480,52486400,1240,1180,1180,-60,-4.84,1240,0,0.0,1180,1180,1399-10-3
762,ضخود2011,اختيارخ خودرو-5000-1400/02/08,7,108,43254000,654,444,400,-254,-38.84,400,-254,-38.84,400,444,1399-10-3
763,هاباد912,اختيارف ت آبادا-30100-99/12/12,7,1909,20922640,10660,10960,10960,300,2.81,10960,300,2.81,10960,10960,1399-10-3
764,زير0003پ04,زيره سبز0003شركت مينوبذر(پ),7,208,98601440,462703,470000,470000,7297,1.58,474045,11342,2.45,465000,480000,1399-10-3
765,وسمركز,شركت س استان مركزي,7,49362,65651460,1400,1330,1330,-70,-5.0,1400,0,0.0,1330,1330,1399-10-3
766,ضملت1125,اختيارخ وبملت-4000-1399/11/28,7,128,189850000,1300,1500,1480,180,13.85,1483,183,14.08,1450,1500,1399-10-3
767,ضصاد1106,اختيارخ وبصادر-6000-1399/11/12,7,242,5045000,35,22,22,-13,-37.14,21,-14,-40.0,20,30,1399-10-3
768,ضبدر1150,اختيارخ شبندر-32000-1399/11/19,7,325,975000000,2700,3000,3000,300,11.11,3000,300,11.11,3000,3000,1399-10-3
769,اخزا821,اسنادخزانه-م21بودجه98-020906,7,336,192489924,572925,572000,570700,-2225,-0.39,572887,-38,-0.01,570700,573000,1399-10-3
770,وسگلستا,شركت س استان گلستان,7,81880,96618400,1240,1180,1180,-60,-4.84,1240,0,0.0,1180,1180,1399-10-3
771,ضفار1120,اختيارخ فارس-8826-1399/11/07,6,61,541020000,5982,4500,4400,-1582,-26.45,4435,-1547,-25.86,4400,4510,1399-10-3
772,ضصاد1105,اختيارخ وبصادر-5000-1399/11/12,6,265,13320000,88,61,50,-38,-43.18,50,-38,-43.18,40,61,1399-10-3
773,كابگن,توليدي و صنعتي آبگينه‌,6,7413,37472715,5005,5055,5055,50,1.0,5005,0,0.0,5055,5055,1399-10-3
774,ضملت1127,اختيارخ وبملت-5000-1399/11/28,6,218,192438000,757,900,801,44,5.81,883,126,16.64,801,900,1399-10-3
775,اخزا704,اسنادخزانه-م4بودجه97-991022,6,400,395727000,989003,989000,989820,817,0.08,989317,314,0.03,989000,990000,1399-10-3
776,ضخود1047,اختيارخ خودرو-6000-1399/10/07,6,600,600000,1,1,1,0,0.0,1,0,0.0,1,1,1399-10-3
777,ضفار1126,اختيارخ فارس-19826-1399/11/07,5,41,7762000,31,110,80,49,158.06,95,64,206.45,80,110,1399-10-3
778,وسكرشا,س.سهام عدالت استان كرمانشاه,5,35370,42444000,1260,1200,1200,-60,-4.76,1260,0,0.0,1200,1200,1399-10-3
779,زر2,صندوق س.پشتوانه سكه طلاي زر,5,500000,500000,48929,1,1,-48928,-100.0,1,-48928,-100.0,1,1,1399-10-3
780,شستا991,اجاره تامين اجتماعي-امين991226,5,523,527645606,1004761,991041,1009898,5137,0.51,1008883,4122,0.41,991041,1009898,1399-10-3
781,شلرد02,كود شيميايي اوره لردگان,5,115,116580000,1000000,1030000,1000000,0,0.0,1013739,13739,1.37,1000000,1030000,1399-10-3
782,ضمخا1025,اختيارخ اخابر-16000-1399/10/30,5,50,35250000,800,705,705,-95,-11.88,705,-95,-11.88,705,705,1399-10-3
783,اخزا804,اسنادخزانه-م4بودجه98-000421,5,50485,45798558628,907002,907003,907200,198,0.02,907172,170,0.02,907003,907200,1399-10-3
784,ضشنا1044,اختيارخ شپنا-10000-1399/10/23,5,88,378040000,4682,4500,4288,-394,-8.42,4296,-386,-8.24,4200,4500,1399-10-3
785,ضپيك2011,اختيارخ تاپيكو-14000-00/02/19,5,36,144000000,1,4000,4000,3999,399900.0,4000,3999,399900.0,4000,4000,1399-10-3
786,زعف0008پ12,زعفران0008پوشالمعمول سحرخيز(پ),5,424,38174895,88962,90000,87000,-1962,-2.21,90035,1073,1.21,87000,90999,1399-10-3
787,ضمخا1024,اختيارخ اخابر-14000-1399/10/30,5,90,134100000,2300,1490,1490,-810,-35.22,1490,-810,-35.22,1490,1490,1399-10-3
788,ضفلا1154,اختيارخ فولاد-12000-1399/11/28,4,12,39930000,3472,3325,3300,-172,-4.95,3327,-145,-4.18,3300,3450,1399-10-3
789,وپاسار2,بانك  پاسارگاد,4,1220000000,14652200000000,12000,12010,12010,10,0.08,12010,10,0.08,12010,12010,1399-10-3
790,ميدكو2,هلدينگ صنايع  معدني خاورميانه,4,472000000,14702916000000,31146,31150,31151,5,0.02,31150,4,0.01,31150,31151,1399-10-3
791,ضپاس1001,اختيارخ وپارس-2500-1399/10/30,4,17,24662000,1798,1500,1401,-397,-22.08,1451,-347,-19.3,1401,1500,1399-10-3
792,سپرمي,پرميت‌,4,45112,384534688,8357,8524,8524,167,2.0,8370,13,0.16,8524,8524,1399-10-3
793,ضپيك2010,اختيارخ تاپيكو-12000-00/02/19,4,8,40722000,1,2222,5500,5499,549900.0,5090,5089,508900.0,2222,5500,1399-10-3
794,صينا205,صكوك منفعت سينا دارو-3ماهه 19%,4,69,68211186,985021,985021,988568,3547,0.36,988568,3547,0.36,985021,999000,1399-10-3
795,ضفار1123,اختيارخ فارس-13826-1399/11/07,4,37,66750000,1000,999,700,-300,-30.0,902,-98,-9.8,700,999,1399-10-3
796,ضغدر1121,اختيارخ وغدير-14000-1399/11/26,4,190,342000000,1889,1800,1800,-89,-4.71,1800,-89,-4.71,1800,1800,1399-10-3
797,ساذري,آذريت‌,4,1835,10986145,5813,5987,5987,174,2.99,5813,0,0.0,5987,5987,1399-10-3
798,وسيزد,شركت س استان يزد,4,25237,30789140,1280,1220,1220,-60,-4.69,1280,0,0.0,1220,1220,1399-10-3
799,ضجار2003,اختيارخ وتجارت-3000-1400/02/22,4,16,19200000,1,1200,1200,1199,119900.0,1200,1199,119900.0,1200,1200,1399-10-3
800,هصيكو402,اختيارف ت تاصيكو13500-00/02/20,4,76750,105224250,1347,1371,1371,24,1.78,1371,24,1.78,1371,1371,1399-10-3
801,صمسكن912,ص دين مسكن جنوب-ماهانه16درصد,4,817,42353600,51885,51400,51914,29,0.06,51840,-45,-0.09,51400,51914,1399-10-3
802,اخزا721,اسنادخزانه-م21بودجه97-000728,4,1615,1395166000,863827,863400,866000,2173,0.25,863880,53,0.01,863400,866000,1399-10-3
803,اراد58,مرابحه عام دولت5-ش.خ 0110,3,600000,565938000000,1000000,943230,943230,-56770,-5.68,943230,-56770,-5.68,943230,943230,1399-10-3
804,ضبدر1149,اختيارخ شبندر-28000-1399/11/19,3,104,466000000,4698,4000,4500,-198,-4.21,4481,-217,-4.62,4000,4500,1399-10-3
805,ضمخا1032,اختيارخ اخابر-9000-1399/10/30,3,7,44050000,3071,7000,6050,2979,97.0,6293,3222,104.92,6000,7000,1399-10-3
806,ضگل1141,اختيارخ كگل-14000-1399/11/21,3,11,62900000,4175,5800,5600,1425,34.13,5718,1543,36.96,5600,5800,1399-10-3
807,اخزا723,اسنادخزانه-م23بودجه97-000824,3,700,597607200,852142,853036,854000,1858,0.22,853725,1583,0.19,853036,854000,1399-10-3
808,اراد384,مرابحه عام دولت3-ش.خ 0105,3,6243944,5965584345204,1000000,959007,948450,-51550,-5.16,955419,-44581,-4.46,948450,959007,1399-10-3
809,ضغدر1118,اختيارخ وغدير-9000-1399/11/26,3,50,225000000,4700,4500,4500,-200,-4.26,4500,-200,-4.26,4500,4500,1399-10-3
810,ضجار2001,اختيارخ وتجارت-2000-1400/02/22,3,16,32000000,2028,2000,2000,-28,-1.38,2000,-28,-1.38,2000,2000,1399-10-3
811,زعف0008پ15,زعفران0008پوشالمعمول طلاسرخ(پ),3,355,32889770,90329,92999,92000,1671,1.85,92647,2318,2.57,92000,92999,1399-10-3
812,ضبدر1160,اختيارخ شبندر-18000-1399/11/19,3,25,317210000,12500,13000,12610,110,0.88,12688,188,1.5,12610,13000,1399-10-3
813,ضسپا1100,اختيارخ خساپا-1600-1399/11/26,2,15,17050000,1205,1140,1130,-75,-6.22,1137,-68,-5.64,1130,1140,1399-10-3
814,ضپيك1019,اختيارخ تاپيكو-12000-99/10/16,2,30,98700000,2992,1890,3990,998,33.36,3290,298,9.96,1890,3990,1399-10-3
815,اراد414,مرابحه عام دولت4-ش.خ 0006,2,5000000,4957395000000,1038000,990158,992800,-45200,-4.35,991479,-46521,-4.48,990158,992800,1399-10-3
816,اخزا8054,اسنادخزانه-م5بودجه98-000422,2,336400,305527394600,905904,910549,905904,0,0.0,908226,2322,0.26,905904,910549,1399-10-3
817,اخزا8124,اسنادخزانه-م12بودجه98-001111,2,1264156,1048346240538,824044,834527,824044,0,0.0,829285,5241,0.64,824044,834527,1399-10-3
818,اراد374,مرابحه عام دولت3-ش.خ 0005,2,16331712,16227180877344,1049977,994099,993100,-56877,-5.42,993599,-56378,-5.37,993100,994099,1399-10-3
819,شرق1400,مشاركت ليزينگ ايران وشرق140010,2,149,149000000,1000000,1000000,1000000,0,0.0,1000000,0,0.0,1000000,1000000,1399-10-3
820,اروند102,منفعت صبا اروند لوتوس 14001222,2,2400000,2352000000000,980004,980000,980000,-4,0.0,980000,-4,0.0,980000,980000,1399-10-3
821,اراد474,مرابحه عام دولت4-ش.خ 0008,2,4000000,3926508000000,980000,980044,983210,3210,0.33,981627,1627,0.17,980044,983210,1399-10-3
822,زير0003پ01,زيره سبز0003كيميابذر(پ),2,26,12620504,470000,485404,485404,15404,3.28,485404,15404,3.28,485404,485404,1399-10-3
823,ضپيك1021,اختيارخ تاپيكو-16000-99/10/16,2,3,1500000,600,500,500,-100,-16.67,500,-100,-16.67,500,500,1399-10-3
824,ضجار1010,اختيارخ وتجارت-1600-1399/10/21,2,2,4000000,1753,2000,2000,247,14.09,2000,247,14.09,2000,2000,1399-10-3
825,اخزا8154,اسنادخزانه-م15بودجه98-010406,2,1013288,774165711388,764021,764006,764021,0,0.0,764013,-8,0.0,764006,764021,1399-10-3
826,ضپاس1006,اختيارخ وپارس-5000-1399/10/30,2,4,854000,105,345,82,-23,-21.9,213,108,102.86,82,345,1399-10-3
827,ضپيك1020,اختيارخ تاپيكو-14000-99/10/16,2,17,21399000,1500,1399,1250,-250,-16.67,1259,-241,-16.07,1250,1399,1399-10-3
828,اخزا7234,اسنادخزانه-م23بودجه97-000824,2,416298,357120823002,852142,863556,852142,0,0.0,857849,5707,0.67,852142,863556,1399-10-3
829,ضغدر1119,اختيارخ وغدير-10000-1399/11/26,2,20,70000000,3412,3500,3500,88,2.58,3500,88,2.58,3500,3500,1399-10-3
830,لازما2,كارخانه هاي صنعتي آزمايش,2,950000,27478750000,29515,28925,28925,-590,-2.0,28925,-590,-2.0,28925,28925,1399-10-3
831,اخزا8064,اسنادخزانه-م6بودجه98-000519,2,311086,279125646532,894435,900089,894435,0,0.0,897262,2827,0.32,894435,900089,1399-10-3
832,ضمخا7070,اختيارخ اخابر-20000-1400/07/28,2,2,8501000,4443,4301,4200,-243,-5.47,4250,-193,-4.34,4200,4301,1399-10-3
833,افاد44,منفعت دولتي4-شرايط خاص14010729,2,6000000,5811987000000,1000000,979389,957940,-42060,-4.21,968664,-31336,-3.13,957940,979389,1399-10-3
834,اخزا7134,اسنادخزانه-م13بودجه97-000518,2,3271676,2931500216224,896439,895609,896439,0,0.0,896024,-415,-0.05,895609,896439,1399-10-3
835,اخزا718,اسنادخزانه-م18بودجه97-000525,2,48,42781266,890982,891220,891302,320,0.04,891276,294,0.03,891220,891302,1399-10-3
836,صايپا203,صكوك مرابحه سايپا203-3ماهه 16%,2,15,14321310,954994,952131,960000,5006,0.52,954754,-240,-0.03,952131,960000,1399-10-3
837,ضپاس1000,اختيارخ وپارس-2000-1399/10/30,2,3,5731000,2359,1666,2399,40,1.7,1910,-449,-19.03,1666,2399,1399-10-3
838,افاد744,منفعت دولت7-ش.خاص ساير0204,2,4000000,3850570000000,987000,959955,965330,-21670,-2.2,962642,-24358,-2.47,959955,965330,1399-10-3
839,اخزا8144,اسنادخزانه-م14بودجه98-010318,2,711142,554446127152,772640,786672,772640,0,0.0,779656,7016,0.91,772640,786672,1399-10-3
840,اخزا9082,اسنادخزانه-م8بودجه99-020606,2,380701,228782002000,600003,600000,602000,1997,0.33,600949,946,0.16,600000,602000,1399-10-3
841,ضملت1123,اختيارخ وبملت-3000-1399/11/28,2,4,9580000,2246,2400,2390,144,6.41,2395,149,6.63,2390,2400,1399-10-3
842,ضپنا1021,اختيارخ رمپنا-16106-1399/10/09,2,6,34951600,3910,4000,3600,-310,-7.93,3933,23,0.59,3600,4000,1399-10-3
843,شسم,توليد سموم‌ علف‌ كش,2,567,50330322,87026,88766,88766,1740,2.0,87035,9,0.01,88766,88766,1399-10-3
844,تملي708,تسهيلات مسكن ب. ملي-آبان97,2,10,5825800,613242,582580,582580,-30662,-5.0,582580,-30662,-5.0,582580,582580,1399-10-3
845,ثاختح2,ح . بين‌المللي‌توسعه‌ساختمان,2,156840557,556783977350,3230,3550,3550,320,9.91,3550,320,9.91,3550,3550,1399-10-3
846,ضملي1148,اختيارخ فملي-10140-1399/11/05,2,2,22482772,6279,5701,5700,-579,-9.22,5700,-579,-9.22,5700,5701,1399-10-3
847,ضترا1126,اختيارخ شتران-7000-1399/11/14,2,2,10700000,6500,5350,5350,-1150,-17.69,5350,-1150,-17.69,5350,5350,1399-10-3
848,تملي702,تسهيلات مسكن ب. ملي-ارديبهشت97,2,67,65900191,988750,988750,939313,-49437,-5.0,983585,-5165,-0.52,939313,988750,1399-10-3
849,اراد314,مرابحه عام دولت3-ش.خ 0208,1,10000000,8862850000000,1000000,886285,886285,-113715,-11.37,886285,-113715,-11.37,886285,886285,1399-10-3
850,بتك,كارخانجات كابل سازي‌ تك‌,1,120,4222320,33833,35186,35186,1353,4.0,33834,1,0.0,35186,35186,1399-10-3
851,ضملت1124,اختيارخ وبملت-3500-1399/11/28,1,51,91800000,1792,1800,1800,8,0.45,1800,8,0.45,1800,1800,1399-10-3
852,ضپنا1020,اختيارخ رمپنا-13406-1399/10/09,1,1,10365519,7114,6999,6999,-115,-1.62,6999,-115,-1.62,6999,6999,1399-10-3
853,ضپنا2005,اختيارخ رمپنا-20000-1400/02/12,1,100,600000000,1,6000,6000,5999,599900.0,6000,5999,599900.0,6000,6000,1399-10-3
854,افاد614,منفعت دولت6-ش.خاص140109,1,5000000,4877700000000,955483,975540,975540,20057,2.1,975540,20057,2.1,975540,975540,1399-10-3
855,ضخوز1016,اختيارخ فخوز-15238-1399/10/16,1,1,5250000,4000,2000,2000,-2000,-50.0,2000,-2000,-50.0,2000,2000,1399-10-3
856,ضخوز1014,اختيارخ فخوز-12191-1399/10/16,1,1,11019750,3500,4198,4198,698,19.94,4198,698,19.94,4198,4198,1399-10-3
857,وسبوشهر,شركت س استان بوشهر,1,4234,5080800,1260,1200,1200,-60,-4.76,1260,0,0.0,1200,1200,1399-10-3
858,ضپنا2001,اختيارخ رمپنا-12000-1400/02/12,1,1,11500000,1,11500,11500,11499,1149900.0,11500,11499,1149900.0,11500,11500,1399-10-3
859,اراد444,مرابحه عام دولت4-ش.خ 0007,1,2050000,2016923250000,1030000,983865,983865,-46135,-4.48,983865,-46135,-4.48,983865,983865,1399-10-3
860,ضشنا1038,اختيارخ شپنا-20000-1399/10/23,1,4,1600000,400,400,400,0,0.0,400,0,0.0,400,400,1399-10-3
861,وغدير2,سرمايه‌گذاري‌غدير(هلدينگ‌,1,5000000,62000000000,12620,12400,12400,-220,-1.74,12400,-220,-1.74,12400,12400,1399-10-3
862,ضپيك1024,اختيارخ تاپيكو-24000-99/10/16,1,1,100000,100,100,100,0,0.0,100,0,0.0,100,100,1399-10-3
863,صفارس037,صكوك اجاره فارس037- 3ماهه18%,1,10,9600000,977500,960000,960000,-17500,-1.79,960000,-17500,-1.79,960000,960000,1399-10-3
864,پارسا306,صكوك اجاره پارسيان-6ماهه16%,1,100,91446200,924462,914462,914462,-10000,-1.08,914462,-10000,-1.08,914462,914462,1399-10-3
865,نيرو2,نيرو سرمايه,1,350000,20909350000,58001,59741,59741,1740,3.0,59741,1740,3.0,59741,59741,1399-10-3
866,ضمخا7066,اختيارخ اخابر-12000-1400/07/28,1,10,60010000,4134,6001,6001,1867,45.16,6001,1867,45.16,6001,6001,1399-10-3
867,ضپار1118,اختيارخ خپارس-8000-1399/11/19,1,7,6741000,310,963,963,653,210.65,963,653,210.65,963,963,1399-10-3
868,وخاور2,بانك خاورميانه,1,100000000,1027000000000,10030,10270,10270,240,2.39,10270,240,2.39,10270,10270,1399-10-3
869,تملي705,تسهيلات مسكن ب. ملي-مرداد97,1,7,5744564,863844,820652,820652,-43192,-5.0,820652,-43192,-5.0,820652,820652,1399-10-3
870,تملي701,تسهيلات مسكن ب. ملي-فروردين97,1,19,15414909,854011,811311,811311,-42700,-5.0,811311,-42700,-5.0,811311,811311,1399-10-3
871,كمند2,صندوق س. با درآمد ثابت كمند,1,80000000,80000000,10093,1,1,-10092,-99.99,1,-10092,-99.99,1,1,1399-10-3
872,اعتماد4,صندوق س.اعتماد آفرين پارسيان-د,1,14500000,492913000000,33948,33994,33994,46,0.14,33994,46,0.14,33994,33994,1399-10-3
873,تايرا2,تراكتورسازي‌ايران‌,1,7000000,235830000000,32090,33690,33690,1600,4.99,33690,1600,4.99,33690,33690,1399-10-3
874,ضخوز1015,اختيارخ فخوز-13715-1399/10/16,1,3,25987500,3300,3300,3300,0,0.0,3300,0,0.0,3300,3300,1399-10-3
875,ضغدر1126,اختيارخ وغدير-6000-1399/11/26,1,3,21600000,1,7200,7200,7199,719900.0,7200,7199,719900.0,7200,7200,1399-10-3
876,فماك,ماداكتو استيل كرد,1,210,5040000,24000,24000,24000,0,0.0,24000,0,0.0,24000,24000,1399-10-3
877,اخزا805,اسنادخزانه-م5بودجه98-000422,1,568,514892568,905904,906501,906501,597,0.07,906501,597,0.07,906501,906501,1399-10-3
878,حكمت01,مشاركت حكمت ايرانيان 140107,1,18,19800000,1100000,1100000,1100000,0,0.0,1100000,0,0.0,1100000,1100000,1399-10-3
879,اراد61,مرابحه عام دولت61-ش.خ0309,1,10000,10000000000,1000000,1000000,1000000,0,0.0,1000000,0,0.0,1000000,1000000,1399-10-3
880,سخوز2,سيمان خوزستان,1,6910276,171720358600,23980,24850,24850,870,3.63,24850,870,3.63,24850,24850,1399-10-3
881,تبريز112,مشاركت شهرداري تبريز-3ماهه18%,1,11,10194261,965000,926751,926751,-38249,-3.96,926751,-38249,-3.96,926751,926751,1399-10-3
882,وسنا4,سرمايه گذاري نيروگاهي ايران,1,50335000,899989800000,16785,17880,17880,1095,6.52,17880,1095,6.52,17880,17880,1399-10-3
883,ضپنا2000,اختيارخ رمپنا-10000-1400/02/12,1,1,12500000,1,12500,12500,12499,1249900.0,12500,12499,1249900.0,12500,12500,1399-10-3
884,ضفلا1153,اختيارخ فولاد-10000-1399/11/28,1,6,30600000,6000,5100,5100,-900,-15.0,5100,-900,-15.0,5100,5100,1399-10-3
885,ضفلا1152,اختيارخ فولاد-9000-1399/11/28,1,2,12200000,6000,6100,6100,100,1.67,6100,100,1.67,6100,6100,1399-10-3
886,ضفلا1158,اختيارخ فولاد-20000-1399/11/28,1,6,1800000,300,300,300,0,0.0,300,0,0.0,300,300,1399-10-3
887,سلامت4,مرابحه دولتي تعاون-لوتوس991118,1,3000,3015000000,1003000,1005000,1005000,2000,0.2,1005000,2000,0.2,1005000,1005000,1399-10-3
888,ضپار1117,اختيارخ خپارس-7000-1399/11/19,1,100,196000000,2000,1960,1960,-40,-2.0,1960,-40,-2.0,1960,1960,1399-10-3
889,اخزا9062,اسنادخزانه-م6بودجه99-020321,1,482000,299804000000,611702,622000,622000,10298,1.68,622000,10298,1.68,622000,622000,1399-10-3
890,ضپيك1022,اختيارخ تاپيكو-18000-99/10/16,1,1,745000,201,745,745,544,270.65,745,544,270.65,745,745,1399-10-3
891,شستا992,اجاره تامين اجتماعي-سپهر991226,1,6,5964060,991784,994010,994010,2226,0.22,994010,2226,0.22,994010,994010,1399-10-3
892,ضمخا1033,اختيارخ اخابر-10000-1399/10/30,1,2,12000000,5700,6000,6000,300,5.26,6000,300,5.26,6000,6000,1399-10-3
893,دسبحان2,سبحان دارو,1,2000000,54000000000,26580,27000,27000,420,1.58,27000,420,1.58,27000,27000,1399-10-3
894,شستا002,اجاره تامين اجتماعي-تمدن000523,1,4,3960804,990004,990201,990201,197,0.02,990201,197,0.02,990201,990201,1399-10-3
895,اراد62,مرابحه عام دولت62-ش.خ0309,1,10000,10000000000,1000000,1000000,1000000,0,0.0,1000000,0,0.0,1000000,1000000,1399-10-3
896,عپلي جم,سلف پلي اتيلن سنگين تزريقي,1,14,19357156,1382654,1382654,1382654,0,0.0,1382654,0,0.0,1382654,1382654,1399-10-3
897,ضپنا1029,اختيارخ رمپنا-12000-1399/10/09,1,2,17400000,8300,8700,8700,400,4.82,8700,400,4.82,8700,8700,1399-10-3
898,اخزا807,اسنادخزانه-م7بودجه98-000719,1,1556,1349363200,867171,867200,867200,29,0.0,867200,29,0.0,867200,867200,1399-10-3
899,ضفلا1151,اختيارخ فولاد-8000-1399/11/28,1,5,35200000,7547,7040,7040,-507,-6.72,7040,-507,-6.72,7040,7040,1399-10-3
900,ضشنا1045,اختيارخ شپنا-12000-1399/10/23,1,100,280000000,3440,2800,2800,-640,-18.6,2800,-640,-18.6,2800,2800,1399-10-3
901,ضمخا1023,اختيارخ اخابر-12000-1399/10/30,1,3,9450000,2063,3150,3150,1087,52.69,3150,1087,52.69,3150,3150,1399-10-3
902,شستا003,اجاره تامين اجتماعي-سپهر000523,1,26,25740572,990010,990022,990022,12,0.0,990022,12,0.0,990022,990022,1399-10-3
903,پست0008پ02,پسته فندقي32-30طلاسبززرند0008,1,15,22586850,1390003,1505790,1505790,115787,8.33,1505790,115787,8.33,1505790,1505790,1399-10-3
904,اراد244,مرابحه عام دولت2-ش.خ ساير0212,1,4000000,3762000000000,1025000,940500,940500,-84500,-8.24,940500,-84500,-8.24,940500,940500,1399-10-3
905,ضپار1119,اختيارخ خپارس-9000-1399/11/19,1,10,9000000,900,900,900,0,0.0,900,0,0.0,900,900,1399-10-3
906,زعف0008پ16,زعفران0008نگين بيرجند(پ),1,10,1280130,128822,128013,128013,-809,-0.63,128013,-809,-0.63,128013,128013,1399-10-3
907,اخزا908,اسنادخزانه-م8بودجه99-020606,1,15,9074850,600003,604990,604990,4987,0.83,604990,4987,0.83,604990,604990,1399-10-3
908,ضپيك2012,اختيارخ تاپيكو-16000-00/02/19,1,30,60000000,1,2000,2000,1999,199900.0,2000,1999,199900.0,2000,2000,1399-10-3
909,غنيلي,مجتمع توليدي نيلي صنعت كرمان,1,5800,100514000,17000,17330,17330,330,1.94,17330,330,1.94,17330,17330,1399-10-3
910,اجاد27,اجاره دولت آپرورش-كاردان991118,1,2500,2500000000,1010000,1000000,1000000,-10000,-0.99,1000000,-10000,-0.99,1000000,1000000,1399-10-3
911,شپديس2,پتروشيمي پرديس,1,2000000,200000000000,100450,100000,100000,-450,-0.45,100000,-450,-0.45,100000,100000,1399-10-3
