,نماد,نام,تعداد,حجم,ارزش,دیروز,اولین,آخرین معامله - مقدار,آخرین معامله - تغییر,آخرین معامله - درصد,قیمت پایانی - مقدار,قیمت پایانی - تغییر,قیمت پایانی - درصد,کمترین,بیشترین,تاریخ
0,كزغال,زغال سنگ پروده طبس,164121,11943566,372591348462,29431,31196,31196,1765,6.0,31196,1765,6.0,28843,31196,1399-11-29
1,پالايش,صندوق پالايشي يکم-سهام,94057,105414163,9530168392020,92210,93140,89260,-2950,-3.2,90410,-1800,-1.95,88530,95800,1399-11-29
2,شپنا,پالايش نفت اصفهان,33144,263643848,3440731689110,13070,13400,12950,-120,-0.92,13050,-20,-0.15,12810,13650,1399-11-29
3,دارا يكم,صندوق واسطه گري مالي يكم-سهام,26187,17947915,2755653970750,158100,153300,151780,-6320,-4.0,153540,-4560,-2.88,151780,159930,1399-11-29
4,گدنا,تهيه توزيع غذاي دنا آفرين فدك,18434,27987967,972942373291,33805,35833,33129,-676,-2.0,34763,958,2.83,33129,35833,1399-11-29
5,شبندر,پالايش نفت بندرعباس,16831,72057894,1870280551350,25250,25890,25970,720,2.85,25960,710,2.81,25260,26750,1399-11-29
6,فملي,ملي‌ صنايع‌ مس‌ ايران‌,15432,118999975,1443208274750,12280,12300,12100,-180,-1.47,12130,-150,-1.22,12040,12530,1399-11-29
7,بوعلي,پتروشيمي بوعلي سينا,14813,4806298,206179680880,43710,43700,42870,-840,-1.92,42900,-810,-1.85,42840,43700,1399-11-29
8,وكبهمن,مديريت سرمايه گذاري كوثربهمن,13772,9083559,118883573233,13336,13180,13070,-266,-1.99,13088,-248,-1.86,13070,13314,1399-11-29
9,وسپهر,سرمايه گذاري مالي سپهرصادرات,13584,50837983,513474203664,10100,10101,10101,1,0.01,10100,0,0.0,10100,10102,1399-11-29
10,زملارد,كشاورزي و دامپروري ملارد شير,13286,7443256,295326481308,38778,38003,39110,332,0.86,39677,899,2.32,38003,41000,1399-11-29
11,ولپارس,ليزينگ پارسيان,12189,16324724,89296630840,5260,5250,5570,310,5.89,5470,210,3.99,5220,5570,1399-11-29
12,وپارس,بانك‌پارسيان‌,11839,355003661,1182456551080,3190,3310,3380,190,5.96,3330,140,4.39,3240,3380,1399-11-29
13,شتران,پالايش نفت تهران,11224,84608382,797592591460,9520,9500,9340,-180,-1.89,9430,-90,-0.95,9330,9800,1399-11-29
14,زنگان,صنعت روي زنگان,10432,5835212,644477268951,109642,107450,108200,-1442,-1.32,110446,804,0.73,107450,115000,1399-11-29
15,سيتا,سرمايه گذاري سيمان تامين,10408,21256871,319659609890,15010,15010,15010,0,0.0,15040,30,0.2,15000,15260,1399-11-29
16,وهنر,گروه توسعه هنر ايران,9284,127838598,1226620688685,9501,9311,9786,285,3.0,9595,94,0.99,9311,9786,1399-11-29
17,سفار,سيمان‌فارس‌,8532,4238545,668968144680,155370,152270,164690,9320,6.0,157830,2460,1.58,152270,164690,1399-11-29
18,رافزا,رايان هم افزا,8513,49738,2209262484,41904,44418,44418,2514,6.0,42008,104,0.25,44418,44418,1399-11-29
19,فزرين,زرين معدن آسيا,8178,35607639,1088519701118,29109,29110,30574,1465,5.03,30570,1461,5.02,29109,30855,1399-11-29
20,امين يكم,صندوق درآمد ثابت امين يكم فردا,8027,753648263,7731850354783,10241,10250,10264,23,0.22,10259,18,0.18,10247,10270,1399-11-29
21,تليسه,دامداري تليسه نمونه,8002,92904037,430829357196,4463,4552,4570,107,2.4,4637,174,3.9,4430,4730,1399-11-29
22,خساپا,سايپا,7726,307520068,765108591750,2530,2510,2480,-50,-1.98,2490,-40,-1.58,2480,2530,1399-11-29
23,شبريز,پالايش نفت تبريز,7307,53997050,1571641965020,27480,29120,29120,1640,5.97,29110,1630,5.93,28540,29120,1399-11-29
24,امين,تامين سرمايه امين,7305,5938056,61777343630,10410,10400,10410,0,0.0,10400,-10,-0.1,10400,10430,1399-11-29
25,امين يكم2,صندوق درآمد ثابت امين يكم فردا,7195,719500000,719500000,10241,1,1,-10240,-99.99,1,-10240,-99.99,1,1,1399-11-29
26,حآسا,آسيا سير ارس,7118,10612181,501277481074,45561,46000,46000,439,0.96,47236,1675,3.68,45800,48294,1399-11-29
27,بپيوند,برق و انرژي پيوندگستر پارس,7084,7964347,122095408791,15520,15230,15330,-190,-1.22,15330,-190,-1.22,15210,15800,1399-11-29
28,آبادا,توليد نيروي برق آبادان,6960,3511751,51883671720,14750,14670,14960,210,1.42,14770,20,0.14,14500,15330,1399-11-29
29,خنصير,مهندسي‌نصيرماشين‌,6938,6076330,693136906950,107870,109800,114340,6470,6.0,114070,6200,5.75,109700,114340,1399-11-29
30,آريا,پليمر آريا ساسول,6368,2012614,153299226811,77319,75840,76090,-1229,-1.59,76169,-1150,-1.49,75773,78850,1399-11-29
31,فولاد,فولاد مباركه اصفهان,6312,52683594,642911604320,12430,12300,12200,-230,-1.85,12200,-230,-1.85,12190,12430,1399-11-29
32,حريل,ريل پردازسير,6231,71907876,445566095876,6253,6128,6128,-125,-2.0,6196,-57,-0.91,6128,6358,1399-11-29
33,بگيلان,توسعه مسير برق گيلان,6189,2029694,42761671489,21332,21150,21090,-242,-1.13,21104,-228,-1.07,20906,21500,1399-11-29
34,شاروم,پتروشيمي اروميه,6182,8081139,169934081174,21412,21130,20984,-428,-2.0,21028,-384,-1.79,20984,21790,1399-11-29
35,شستا,سرمايه گذاري تامين اجتماعي,5884,41221372,908971985760,22500,22050,22050,-450,-2.0,22050,-450,-2.0,22050,22140,1399-11-29
36,بركت,گروه دارويي بركت,5879,29087041,829593388630,27160,28500,28770,1610,5.93,28520,1360,5.01,27880,28780,1399-11-29
37,چفيبر,فيبر ايران‌,5693,28207105,410747187090,14330,14430,14940,610,4.26,14560,230,1.61,14050,15140,1399-11-29
38,پترول,گروه پتروشيمي س. ايرانيان,5606,37280495,371986492730,10160,10160,9960,-200,-1.97,9980,-180,-1.77,9960,10230,1399-11-29
39,كمند,صندوق س. با درآمد ثابت كمند,5417,241057006,2429418599971,10072,10080,10079,7,0.07,10078,6,0.06,10077,10080,1399-11-29
40,سنير,سيمان‌ سفيد ني‌ريز,5281,2569360,674096355350,266930,261600,261600,-5330,-2.0,262360,-4570,-1.71,261600,269470,1399-11-29
41,آوا,صندوق س.سهام آواي معيار-س,5201,44322844,330928609415,7491,7520,7464,-27,-0.36,7466,-25,-0.33,7353,7640,1399-11-29
42,خكار,ايركا پارت صنعت,5199,20171311,457467761570,21990,23300,21910,-80,-0.36,22680,690,3.14,21600,23300,1399-11-29
43,كرازي,كارخانجات‌توليدي‌شيشه‌رازي‌,5154,12044106,304645347360,24650,25800,24990,340,1.38,25290,640,2.6,24500,26050,1399-11-29
44,وصنعت,سرمايه گذاري توسعه صنعت وتجارت,5122,33796200,252519772020,7450,7600,7350,-100,-1.34,7470,20,0.27,7310,7740,1399-11-29
45,ولشرق,ليزينگ ايران و شرق,5076,49140514,455839926187,9063,9606,8882,-181,-2.0,9276,213,2.35,8882,9606,1399-11-29
46,غمهرا,توليدي‌مهرام‌,4857,3821790,503418153670,129730,134320,127140,-2590,-2.0,131720,1990,1.53,127140,137510,1399-11-29
47,غگل,گلوكوزان‌,4738,51847652,196660628170,3780,3840,3780,0,0.0,3790,10,0.26,3760,3870,1399-11-29
48,ساروم,سيمان‌اروميه‌,4726,12216063,492192914550,38650,37880,40960,2310,5.98,40290,1640,4.24,37880,40960,1399-11-29
49,وبملت,بانك ملت,4548,144485007,577765291710,4070,3990,3990,-80,-1.97,4000,-70,-1.72,3990,4190,1399-11-29
50,ديران,ايران‌دارو,4496,17339111,500222829020,27250,28880,28880,1630,5.98,28850,1600,5.87,28500,28880,1399-11-29
51,دانا,بيمه دانا,4389,39408476,279859193670,7080,7240,7020,-60,-0.85,7100,20,0.28,6940,7450,1399-11-29
52,شپاس ت.ف0011,اختيارف.تبعي شپاس001128,4369,436592287,436592287,27899,1,1,-27898,-100.0,1,-27898,-100.0,1,1,1399-11-29
53,ثالوند,سرمايه گذاري مسكن الوند,4341,12080124,413057279361,32934,33010,34910,1976,6.0,34193,1259,3.82,32900,34910,1399-11-29
54,ثاميد,توسعه و عمران اميد,4337,29114669,49843209360,1740,1710,1710,-30,-1.72,1710,-30,-1.72,1710,1740,1399-11-29
55,غشهد,شهد ايران ‌,4336,48835540,395518872030,7910,8380,7980,70,0.88,8100,190,2.4,7760,8380,1399-11-29
56,دماوند,توليد نيروي برق دماوند,4254,9543346,474819992266,47903,48600,50777,2874,6.0,49754,1851,3.86,46945,50777,1399-11-29
57,سكرد,سيمان كردستان,4236,28003232,316872244900,11310,11090,11110,-200,-1.77,11320,10,0.09,11090,11780,1399-11-29
58,سدور,سيمان‌ دورود,4141,27751085,576980159030,21190,20770,20770,-420,-1.98,20790,-400,-1.89,20770,21170,1399-11-29
59,ثشاهد,سرمايه‌ گذاري‌ شاهد,4063,13109338,272698212780,20650,20650,20390,-260,-1.26,20800,150,0.73,20260,21500,1399-11-29
60,آ س پ,آ.س.پ,4018,17066526,299487468204,16856,17400,17100,244,1.45,17548,692,4.11,16856,17867,1399-11-29
61,آينده,بازرگاني آينده سازان بهشت پارس,3931,9290439,196139394039,21052,21052,21250,198,0.94,21112,60,0.29,20631,21670,1399-11-29
62,زشگزا,شير و گوشت زاگرس شهركرد,3700,21124711,186585958961,8860,9220,8950,90,1.02,8833,-27,-0.3,8683,9220,1399-11-29
63,بالاس,مهندسي ساختمان تاسيسات راه آهن,3681,3706241,229276138610,61064,59843,61100,36,0.06,61862,798,1.31,59843,64000,1399-11-29
64,فرآور,فرآوري‌موادمعدني‌ايران‌,3677,9834867,374742351560,38710,37940,37940,-770,-1.99,38100,-610,-1.58,37940,39800,1399-11-29
65,غپاك,لبنيات‌ پاك‌,3668,24408639,448607942520,18690,18320,18520,-170,-0.91,18380,-310,-1.66,18320,18960,1399-11-29
66,سبزوا,سيمان لار سبزوار,3658,51560994,198590483585,3730,3656,3953,223,5.98,3852,122,3.27,3656,3953,1399-11-29
67,اوصتا2,صندوق انديشه ورزان صباتامين -د,3634,363400000,363400000,17946,1,1,-17945,-99.99,1,-17945,-99.99,1,1,1399-11-29
68,كرمان,س. توسعه و عمران استان كرمان,3613,6995896,354470247689,51323,50600,50297,-1026,-2.0,50668,-655,-1.28,50297,52700,1399-11-29
69,زكوثر,سرمايه گذاري كشاورزي كوثر,3602,8306667,188078882850,22760,23000,22320,-440,-1.93,22640,-120,-0.53,22310,23500,1399-11-29
70,كيميا,معدني كيمياي زنجان گستران,3520,20499630,393860836803,18658,18285,19777,1119,6.0,19213,555,2.97,18285,19777,1399-11-29
71,دبالك,مواد اوليه دارويي البرز بالك,3483,8839257,194130121624,21673,22000,21377,-296,-1.37,21962,289,1.33,21240,22787,1399-11-29
72,وغدير,سرمايه‌گذاري‌غدير(هلدينگ‌,3407,21496955,259996078990,12290,12120,12100,-190,-1.55,12090,-200,-1.63,12050,12460,1399-11-29
73,بكام,كارخانجات توليدي شهيد قندي,3406,41101155,136717707620,3310,3300,3400,90,2.72,3330,20,0.6,3250,3420,1399-11-29
74,شگويا,پتروشيمي تندگويان,3405,14758915,126948792253,8753,8600,8610,-143,-1.63,8601,-152,-1.74,8578,9000,1399-11-29
75,سفارس,سيمان فارس و خوزستان,3393,27126256,529087282150,18500,18850,19610,1110,6.0,19500,1000,5.41,18520,19610,1399-11-29
76,ددام,داروسازي زاگرس فارمد پارس,3389,9665604,229295735590,22620,22980,23970,1350,5.97,23720,1100,4.86,22820,23970,1399-11-29
77,نوين,بيمه نوين,3384,35324786,236398680841,6400,6600,6784,384,6.0,6692,292,4.56,6500,6784,1399-11-29
78,فنورد,نوردوقطعات‌ فولادي‌,3324,1159728,272159624930,233000,240000,233990,990,0.42,234680,1680,0.72,228340,245900,1399-11-29
79,پيزد,مجتمع صنايع لاستيك يزد,3263,475240,34869374623,72742,71651,73000,258,0.35,73151,409,0.56,71651,74957,1399-11-29
80,كسعدي,كاشي‌ سعدي‌,3257,8860316,167611835390,19020,19800,18870,-150,-0.79,18920,-100,-0.53,18640,19800,1399-11-29
81,كترام,توليدي‌ كاشي‌ تكسرام‌,3178,4145625,205377699950,47570,47660,49990,2420,5.09,49540,1970,4.14,47650,50300,1399-11-29
82,تاپكيش,تجارت الكترونيك پارسيان كيش,3162,24493331,544376356070,20977,22235,22235,1258,6.0,22225,1248,5.95,21606,22235,1399-11-29
83,حفاري,حفاري شمال,3076,15737085,193318384100,12360,12680,12130,-230,-1.86,12280,-80,-0.65,12120,12680,1399-11-29
84,وايران,ليزينگ ايرانيان,3029,18189033,219263561220,11460,11900,12140,680,5.93,12050,590,5.15,11600,12140,1399-11-29
85,سخاش,سيمان‌خاش‌,2949,1294316,220699144480,172590,169140,169140,-3450,-2.0,170510,-2080,-1.21,169140,177000,1399-11-29
86,ودي,بيمه  دي,2947,14101093,334588342989,22835,22903,22990,155,0.68,23728,893,3.91,22712,24205,1399-11-29
87,خكرمان,گروه اقتصادي كرمان خودرو,2920,32906614,131283515400,4101,4010,4000,-101,-2.46,3990,-111,-2.71,3937,4200,1399-11-29
88,سامان,بانك سامان,2910,32402933,291458908148,9079,8898,9290,211,2.32,8995,-84,-0.93,8898,9339,1399-11-29
89,وتوس,توسعه‌شهري‌توس‌گستر,2896,9232840,148516010750,16180,16600,15880,-300,-1.85,16090,-90,-0.56,15860,16740,1399-11-29
90,سهگمت,سيمان‌هگمتان‌,2821,8108215,209333252830,25280,24790,26790,1510,5.97,25820,540,2.14,24780,26790,1399-11-29
91,فارس,صنايع پتروشيمي خليج فارس,2812,16729871,155809416520,9480,9500,9300,-180,-1.9,9310,-170,-1.79,9300,9500,1399-11-29
92,داوه,داروسازي آوه سينا,2790,6329245,127474333406,19304,19899,20290,986,5.11,20141,837,4.34,19304,20449,1399-11-29
93,وخارزم,سرمايه گذاري خوارزمي,2723,23107761,206410132830,9110,8930,8930,-180,-1.98,8930,-180,-1.98,8930,9000,1399-11-29
94,غشهداب,كشت و صنعت شهداب ناب خراسان,2664,31955499,134641702841,4256,4390,4171,-85,-2.0,4213,-43,-1.01,4171,4390,1399-11-29
95,غسالم,سالمين‌,2656,23005782,101154060200,4440,4500,4360,-80,-1.8,4400,-40,-0.9,4360,4500,1399-11-29
96,شلعاب,لعابيران‌,2646,11950819,209453581950,17030,16690,18050,1020,5.99,17530,500,2.94,16690,18050,1399-11-29
97,ونيرو,سرمايه‌گذاري‌نيرو,2644,53830062,151663511310,2790,2750,2860,70,2.51,2820,30,1.08,2740,2940,1399-11-29
98,زگلدشت,كشت و دام گلدشت نمونه اصفهان,2576,3589527,168487401261,47647,47650,46695,-952,-2.0,46939,-708,-1.49,46695,48860,1399-11-29
99,غنوش,نوش‌ مازندران‌,2574,5390626,330293674720,62220,60980,60980,-1240,-1.99,61270,-950,-1.53,60980,64090,1399-11-29
100,غگيلا,شيرپاستوريزه پگاه گيلان,2561,36775,866455775,22228,23561,23561,1333,6.0,22250,22,0.1,23561,23561,1399-11-29
101,نطرين,عطرين نخ قم,2561,14067862,176904085199,12073,12294,12797,724,6.0,12575,502,4.16,12044,12797,1399-11-29
102,خچرخش,چرخشگر,2542,12116586,230333074820,19090,18710,18710,-380,-1.99,19010,-80,-0.42,18710,19820,1399-11-29
103,دكوثر,داروسازي‌ كوثر,2533,8504310,172494585720,20100,21290,21000,900,4.48,20280,180,0.9,19700,21290,1399-11-29
104,سرود,سيمان‌شاهرود,2490,6746149,142837170060,21290,20870,21490,200,0.94,21170,-120,-0.56,20870,21980,1399-11-29
105,سكرما,سيمان‌ كرمان‌,2481,11392486,216619827450,19090,18710,18760,-330,-1.73,19010,-80,-0.42,18710,20000,1399-11-29
106,شفا,سرمايه گذاري شفادارو,2477,4794471,236424539570,47460,48900,48600,1140,2.4,49310,1850,3.9,47500,50300,1399-11-29
107,وبصادر,بانك صادرات ايران,2459,74710164,195113171190,2660,2610,2610,-50,-1.88,2610,-50,-1.88,2610,2650,1399-11-29
108,بشهاب,لامپ‌  پارس‌ شهاب‌,2395,1834975,279410892240,151530,148700,148500,-3030,-2.0,152270,740,0.49,148500,160620,1399-11-29
109,تاپيكو,س. نفت و گاز و پتروشيمي تأمين,2387,20544981,251661999690,12440,12270,12220,-220,-1.77,12250,-190,-1.53,12200,12700,1399-11-29
110,مفاخر,توسعه فناوري اطلاعات خوارزمي,2348,2946040,215891164934,71485,75774,70056,-1429,-2.0,73282,1797,2.51,70056,75774,1399-11-29
111,چكارن,كارتن‌ ايران‌,2286,32148167,125199174610,3930,3860,3860,-70,-1.78,3890,-40,-1.02,3860,4010,1399-11-29
112,نوري,پتروشيمي نوري,2263,2647276,141445786550,54300,54000,53230,-1070,-1.97,53430,-870,-1.6,53220,55600,1399-11-29
113,ستران,سيمان‌ تهران‌,2252,7903318,224184046960,26960,26550,28570,1610,5.97,28370,1410,5.23,26550,28570,1399-11-29
114,قرن,پديده شيمي قرن,2244,1542042,99357169860,63370,62120,64110,740,1.17,64430,1060,1.67,62120,67170,1399-11-29
115,حخزر,كشتيراني درياي خزر,2217,4939330,150730980865,28972,29600,30710,1738,6.0,30516,1544,5.33,29261,30710,1399-11-29
116,سمازن,سيمان‌مازندران‌,2215,12259751,145008084980,11640,11410,12050,410,3.52,11830,190,1.63,11410,12290,1399-11-29
117,ورازي,بيمه رازي,2207,28245418,263471430966,9208,9668,8834,-374,-4.06,9328,120,1.3,8800,9668,1399-11-29
118,هجرتح,ح . پخش هجرت,2192,2518724,51595674757,19471,19130,20639,1168,6.0,20485,1014,5.21,19130,20639,1399-11-29
119,كساوه,صنايع‌ كاشي‌ و سراميك‌ سينا,2189,6166555,410328038780,67430,66700,68190,760,1.13,66540,-890,-1.32,66090,68500,1399-11-29
120,غپآذر,شير پگاه آذربايجان شرقي,2170,2702213,183271704272,66215,64891,70000,3785,5.72,67823,1608,2.43,64891,70002,1399-11-29
121,سشرق,سيمان‌ شرق‌,2117,14578914,106417842420,7260,7130,7190,-70,-0.96,7300,40,0.55,7120,7480,1399-11-29
122,سصوفي,سيمان‌ صوفيان‌,2117,9670129,167021107630,16340,17290,17320,980,6.0,17270,930,5.69,16870,17320,1399-11-29
123,قچار,فراوردههاي غذايي وقند چهارمحال,2104,4469131,399191744590,86951,85500,92168,5217,6.0,89322,2371,2.73,85500,92168,1399-11-29
124,دسينا,داروسازي‌ سينا,2090,16635117,488487445360,27800,29460,28610,810,2.91,29360,1560,5.61,28500,29460,1399-11-29
125,فاسمين,كالسيمين‌,2085,10151999,175155588530,17200,17130,17340,140,0.81,17250,50,0.29,16930,17800,1399-11-29
126,بترانس,ايران‌ ترانسفو,1994,43657711,131588045820,3070,3010,3010,-60,-1.95,3010,-60,-1.95,3010,3080,1399-11-29
127,ثعمرا,عمران و توسعه شاهد,1948,9043409,120421172538,13011,12770,13560,549,4.22,13316,305,2.34,12751,13700,1399-11-29
128,غزر,صنعتي زر ماكارون,1945,901783,24518409300,27730,27190,27180,-550,-1.98,27470,-260,-0.94,27180,27390,1399-11-29
129,شپترو,پتروشيمي آبادان,1921,24002442,101117574560,4312,4162,4255,-57,-1.32,4213,-99,-2.3,4140,4398,1399-11-29
130,لپيام,گسترش صنايع پيام,1915,3000314,175189944937,56840,58545,58545,1705,3.0,58391,1551,2.73,57000,58545,1399-11-29
131,ونوين,بانك‌اقتصادنوين‌,1912,51436284,204360947940,4050,3970,4000,-50,-1.23,3970,-80,-1.98,3970,4050,1399-11-29
132,زمگسا,كشاورزي‌ ودامپروي‌ مگسال‌,1884,3979886,133213433510,33820,33820,33150,-670,-1.98,33470,-350,-1.03,33150,35000,1399-11-29
133,سشمال,سيمان‌ شمال‌,1869,8179185,95558639210,11440,11320,11790,350,3.06,11680,240,2.1,11240,11960,1399-11-29
134,ثتوسا,س.توسعه و عمران استان اردبيل,1865,4100357,187110009684,45514,44604,46879,1365,3.0,45633,119,0.26,44604,46879,1399-11-29
135,وجامي,سرمايه گذاري جامي,1851,7070878,115167644943,16386,16877,16059,-327,-2.0,16288,-98,-0.6,16059,16877,1399-11-29
136,سقاين,سيمان‌ قائن‌,1837,1650427,134321692610,82210,80570,80570,-1640,-1.99,81390,-820,-1.0,80570,85000,1399-11-29
137,ومعادن,توسعه‌معادن‌وفلزات‌,1827,14034310,164716947030,11940,11730,11740,-200,-1.68,11740,-200,-1.68,11710,12100,1399-11-29
138,قشير,قند شيروان قوچان و بجنورد,1827,3580538,97361016843,26357,26400,26900,543,2.06,27192,835,3.17,26280,27920,1399-11-29
139,خريخت,صنايع‌ريخته‌گري‌ايران‌,1826,22761920,85616164990,3630,3600,3840,210,5.79,3760,130,3.58,3600,3840,1399-11-29
140,لخزر,پارس‌ خزر,1819,799900,159262574160,201650,210600,197620,-4030,-2.0,199100,-2550,-1.26,197620,210600,1399-11-29
141,چافست,افست‌,1743,5145386,86081920790,16650,16860,16320,-330,-1.98,16730,80,0.48,16320,17500,1399-11-29
142,سفانو,سيمان فارس نو,1726,4755634,205397244000,40970,41990,43420,2450,5.98,43190,2220,5.42,41010,43420,1399-11-29
143,معيار,سرمايه گذاري معيار صنعت پارس,1721,3456526,144278955968,41994,40315,43590,1596,3.8,41741,-253,-0.6,40315,44070,1399-11-29
144,سپاها,سيمان‌سپاهان‌,1718,10315049,96324556540,9210,9060,9310,100,1.09,9340,130,1.41,9030,9650,1399-11-29
145,خودرو,ايران‌ خودرو,1713,33429211,91930330250,2800,2750,2750,-50,-1.79,2760,-40,-1.43,2750,2750,1399-11-29
146,وحكمت,بيمه حكمت صبا,1704,15982848,65635088294,4007,4120,4127,120,2.99,4107,100,2.5,4000,4127,1399-11-29
147,اعتماد,صندوق س.اعتماد آفرين پارسيان-د,1698,47285720,1650870956940,34892,34929,34917,25,0.07,34913,21,0.06,34906,34929,1399-11-29
148,شيران,س. صنايع‌شيميايي‌ايران,1693,5307490,154549801510,29670,29090,29550,-120,-0.4,29120,-550,-1.85,29080,29820,1399-11-29
149,وشهر,بانك شهر,1679,30015734,158572517192,5491,5320,5272,-219,-3.99,5283,-208,-3.79,5272,5390,1399-11-29
150,كسرا,سراميك‌هاي‌صنعتي‌اردكان‌,1664,6102920,143640120800,23370,24000,23710,340,1.45,23540,170,0.73,23170,24050,1399-11-29
151,صبا,سرمايه گذاري صبا تامين,1658,10315748,77734331776,7685,7533,7532,-153,-1.99,7585,-100,-1.3,7532,7640,1399-11-29
152,غبهنوش,بهنوش‌ ايران‌,1638,1406904,108393087480,77670,76120,78000,330,0.42,77040,-630,-0.81,76120,79450,1399-11-29
153,پكوير,كوير تاير,1631,6744293,100632006570,14990,15460,14770,-220,-1.47,14920,-70,-0.47,14710,15460,1399-11-29
154,وتوسم,سرمايه‌گذاري‌توسعه‌ملي‌,1623,6454558,84278523240,12450,12700,13010,560,4.5,13060,610,4.9,12460,13190,1399-11-29
155,فسرب,ملي‌ سرب‌وروي‌ ايران‌,1623,754998,66855139000,87520,87520,88000,480,0.55,88550,1030,1.18,87520,90000,1399-11-29
156,ختراك,ريخته‌گري‌ تراكتورسازي‌ ايران‌,1608,6449651,111579071780,16420,17390,17060,640,3.9,17300,880,5.36,16800,17400,1399-11-29
157,سغرب,سيمان‌غرب‌,1600,4250744,132874467540,29630,31000,31400,1770,5.97,31260,1630,5.5,30220,31400,1399-11-29
158,حسير,ريل سير كوثر,1590,3958352,71229155365,18156,18000,17794,-362,-1.99,17995,-161,-0.89,17793,18300,1399-11-29
159,كاوه,فولاد كاوه جنوب كيش,1585,7041760,128593781070,18170,18050,18550,380,2.09,18260,90,0.5,18020,18700,1399-11-29
160,سرو,صندوق س سروسودمند مدبران-سهام,1573,1554007,104401171210,67010,66920,67200,190,0.28,67180,170,0.25,66800,68200,1399-11-29
161,وتجارت,بانك تجارت,1570,53362669,152083606650,2900,2850,2850,-50,-1.72,2850,-50,-1.72,2850,2850,1399-11-29
162,سخزر,سيمان‌ خزر,1558,4125093,130311480020,31870,31240,31240,-630,-1.98,31590,-280,-0.88,31240,32750,1399-11-29
163,قشكر,شكرشاهرود,1541,17692890,69771275790,3940,3950,3910,-30,-0.76,3940,0,0.0,3870,4050,1399-11-29
164,داروح,ح . كارخانجات‌داروپخش,1524,4077778,98428629530,25100,24100,24140,-960,-3.82,24140,-960,-3.82,24100,25000,1399-11-29
165,بميلا,توسعه بازرگاني آهن وفولادميلاد,1519,4773470,96025976670,19372,18650,20320,948,4.89,20117,745,3.85,18650,20340,1399-11-29
166,رتاپ,تجارت الكترونيك  پارسيان,1509,8711000,56132765680,6400,6640,6410,10,0.16,6440,40,0.63,6280,6640,1399-11-29
167,ساوه,سيمان ساوه,1486,2001279,128764563225,65271,66700,63966,-1305,-2.0,64341,-930,-1.42,63966,69187,1399-11-29
168,ميهن,بيمه ميهن,1485,18670337,89271226960,4590,4499,4865,275,5.99,4781,191,4.16,4499,4865,1399-11-29
169,والبر,سرمايه‌ گذاري‌ البرز(هلدينگ‌,1477,7099055,123935691820,17660,17990,17310,-350,-1.98,17460,-200,-1.13,17310,18040,1399-11-29
170,سيمرغ,سيمرغ,1464,4138194,68282401750,16620,16610,16290,-330,-1.99,16500,-120,-0.72,16290,17100,1399-11-29
171,سباقر,سيمان باقران,1443,6175420,119065860485,18971,18595,19540,569,3.0,19281,310,1.63,18592,19540,1399-11-29
172,ونفت,سرمايه‌گذاري‌ صنعت‌ نفت‌,1443,7399453,134106374680,18390,18400,18030,-360,-1.96,18120,-270,-1.47,18030,18880,1399-11-29
173,غگلپا,شير پاستوريزه پگاه گلپايگان,1433,1963682,143621779735,74329,75100,72843,-1486,-2.0,73139,-1190,-1.6,72843,77000,1399-11-29
174,پلاسك,پلاسكوكار,1404,7999434,63912532700,8000,7840,8140,140,1.75,7990,-10,-0.13,7840,8200,1399-11-29
175,دتوليد,داروسازي توليد دارو,1403,3713267,106838514995,29212,29230,29149,-63,-0.22,28772,-440,-1.51,28628,29300,1399-11-29
176,وثنو,سرمايه گذاري ساختماني نوين,1400,4146872,74088670251,18663,19075,17730,-933,-5.0,17866,-797,-4.27,17730,19075,1399-11-29
177,تابا,تابان نيرو سپاهان,1392,2858542,166318390587,59308,58122,58122,-1186,-2.0,58183,-1125,-1.9,58122,60000,1399-11-29
178,وملي,گروه‌ صنعتي‌ ملي‌ (هلدينگ‌,1392,519585,89194018800,175130,171630,171630,-3500,-2.0,171660,-3470,-1.98,171630,173800,1399-11-29
179,كپرور,فرآوري زغال سنگ پروده طبس,1388,2200827,94235735098,43236,42372,42372,-864,-2.0,42818,-418,-0.97,42372,44500,1399-11-29
180,آگاس,صندوق س.هستي بخش آگاه-س,1386,1481243,97200446929,65455,65390,65455,0,0.0,65621,166,0.25,65001,66500,1399-11-29
181,لسرما,سرما آفرين‌,1379,3079973,86812217560,28280,29130,28360,80,0.28,28190,-90,-0.32,27720,29390,1399-11-29
182,ومهان,گروه توسعه مالي مهر آيندگان,1378,3938837,51849062203,13314,13450,13160,-154,-1.16,13166,-148,-1.11,13052,13499,1399-11-29
183,شپارس,بين‌ المللي‌ محصولات‌  پارس‌,1378,7947883,156121117770,19400,19020,20500,1100,5.67,19640,240,1.24,19020,20560,1399-11-29
184,حتايد,تايدواترخاورميانه,1371,9115722,221081445420,23000,23680,24380,1380,6.0,24250,1250,5.43,23010,24380,1399-11-29
185,كطبس,ذغال‌سنگ‌ نگين‌ ط‌بس‌,1364,1238586,107910814180,86990,87300,85260,-1730,-1.99,87120,130,0.15,85260,91000,1399-11-29
186,تبرك,گروه كارخانجات صنعتي تبرك,1364,3644350,61747009038,17202,17400,16858,-344,-2.0,16943,-259,-1.51,16858,17440,1399-11-29
187,خپويش,سازه‌ پويش‌,1348,1478840,92021257800,59050,61950,62590,3540,5.99,62230,3180,5.39,59500,62590,1399-11-29
188,دعبيد,لابراتوارداروسازي‌  دكترعبيدي‌,1327,1996455,48148875170,23800,23900,24040,240,1.01,24100,300,1.26,23800,24700,1399-11-29
189,سمگا,گروه سرمايه گذاري ميراث فرهنگي,1322,13943463,405043656687,29641,29049,29049,-592,-2.0,29049,-592,-2.0,29049,29049,1399-11-29
190,بزاگرس,نيروگاه زاگرس كوثر,1321,13347111,91905664110,6678,6545,7078,400,5.99,6886,208,3.11,6545,7078,1399-11-29
191,كي بي سي,شركت كي بي سي,1319,2447154,70577164380,29126,29126,28544,-582,-2.0,28841,-285,-0.98,28544,30000,1399-11-29
192,اعتلا,شركت سرمايه گذاري اعتلاء البرز,1288,9634702,76694845157,7547,7790,7999,452,5.99,7960,413,5.47,7700,7999,1399-11-29
193,تكنو,تكنوتار,1285,4168787,100645582620,24380,25000,23910,-470,-1.93,24140,-240,-0.98,23900,25000,1399-11-29
194,ريشمك,توليد و صادرات ريشمك,1269,1239159,71874258375,57092,56200,57523,431,0.75,58002,910,1.59,56200,58901,1399-11-29
195,وساخت,سرمايه‌ گذاري‌ ساختمان‌ايران‌,1268,2002300,94962386660,47990,47500,48300,310,0.65,47430,-560,-1.17,47040,48980,1399-11-29
196,فالوم,آلومتك‌,1262,5706793,221433112085,37767,38899,38900,1133,3.0,38802,1035,2.74,37500,38900,1399-11-29
197,چكاوهح,ح . صنايع‌كاغذسازي‌كاوه‌,1261,7154402,78450193350,11270,11120,10820,-450,-3.99,10970,-300,-2.66,10820,11580,1399-11-29
198,دلقما,دارويي‌ لقمان‌,1257,2358142,59100567690,25120,25700,24620,-500,-1.99,25060,-60,-0.24,24620,26200,1399-11-29
199,وسپهح,ح . سرمايه‌گذاري‌ سپه‌,1257,7538163,38865230400,5240,5110,5110,-130,-2.48,5160,-80,-1.53,5070,5400,1399-11-29
200,وبوعلي,سرمايه‌گذاري‌بوعلي‌,1236,11393193,67980176270,5950,5900,6000,50,0.84,5970,20,0.34,5840,6170,1399-11-29
201,ساراب,سيمان‌ داراب‌,1223,3271139,55328910630,16690,17600,16680,-10,-0.06,16910,220,1.32,16380,17600,1399-11-29
202,كسعديح,ح . كاشي‌ سعدي‌,1210,6809666,96894749780,14660,14940,14080,-580,-3.96,14230,-430,-2.93,14080,14940,1399-11-29
203,شلرد,كود شيميايي اوره لردگان,1207,20324089,152491564761,7285,7503,7470,185,2.54,7503,218,2.99,7470,7503,1399-11-29
204,مدير,ص.س.مديريت ثروت ص.بازنشستگي-س,1205,4538694,41997495682,9407,9370,9236,-171,-1.82,9253,-154,-1.64,9131,9540,1399-11-29
205,واحيا,م .صنايع و معادن احياء سپاهان,1199,889617,133336672111,149680,148001,149900,220,0.15,149881,201,0.13,147001,151500,1399-11-29
206,آپ,آسان پرداخت پرشين,1196,3208120,59567967050,18730,18800,18360,-370,-1.98,18570,-160,-0.85,18360,19300,1399-11-29
207,ثاخت,بين‌المللي‌توسعه‌ساختمان,1180,25894641,77558670650,3050,3020,2990,-60,-1.97,3000,-50,-1.64,2990,3040,1399-11-29
208,كروي,توسعه‌ معادن‌ روي‌ ايران‌,1178,3472197,100599924990,29360,28940,28870,-490,-1.67,28970,-390,-1.33,28780,30500,1399-11-29
209,كپارس,كاشي‌ پارس‌,1173,564550,92671592110,166750,164410,163420,-3330,-2.0,164150,-2600,-1.56,163420,169620,1399-11-29
210,غشان,شيرپاستوريزه‌پگاه‌خراسان‌,1172,15109656,118623005180,7430,7860,7870,440,5.92,7850,420,5.65,7580,7870,1399-11-29
211,بكهنوج,توليد برق ماهتاب كهنوج,1158,26220345,50736156983,1963,1930,1924,-39,-1.99,1935,-28,-1.43,1924,1997,1399-11-29
212,ولتجار,واسپاري تجارت وسرمايه ايرانيان,1145,10360254,82355537124,7759,7991,7800,41,0.53,7949,190,2.45,7783,7991,1399-11-29
213,شتوكا,توكا رنگ فولاد سپاهان,1144,1671946,94016175441,57312,56250,56166,-1146,-2.0,56232,-1080,-1.88,56166,57790,1399-11-29
214,ثباغ,شهر سازي و خانه سازي باغميشه,1138,4715922,76807168715,16576,16430,16245,-331,-2.0,16287,-289,-1.74,16245,16990,1399-11-29
215,شراز,پالايش نفت شيراز,1124,1152838,124606996183,102190,108321,108321,6131,6.0,108087,5897,5.77,104000,108321,1399-11-29
216,دامين,داروسازي‌ امين‌,1101,4070424,58333162510,14460,15000,14350,-110,-0.76,14330,-130,-0.9,14180,15000,1399-11-29
217,سحرخيز,صندوق س. گروه زعفران سحرخيز,1097,2807135,27501555302,9704,9800,9782,78,0.8,9797,93,0.96,9667,9978,1399-11-29
218,كحافظ,كاشي‌ وسراميك‌ حافظ‌,1093,3954501,53223971980,13650,13500,13380,-270,-1.98,13460,-190,-1.39,13380,14000,1399-11-29
219,شوينده,مديريت صنعت شوينده ت.ص.بهشهر,1093,2580870,87083553880,32610,33000,34300,1690,5.18,33740,1130,3.47,32740,34490,1399-11-29
220,غپينو,پارس‌ مينو,1093,10444741,70524477960,6880,6750,6750,-130,-1.89,6750,-130,-1.89,6750,6880,1399-11-29
221,سپ,پرداخت الكترونيك سامان كيش,1084,3218043,55055835490,16410,17380,17390,980,5.97,17100,690,4.2,16490,17390,1399-11-29
222,كچاد,معدني‌وصنعتي‌چادرملو,1079,4968952,97889680270,19910,20150,20100,190,0.95,19730,-180,-0.9,19520,20320,1399-11-29
223,كگل,معدني و صنعتي گل گهر,1077,4012603,72248293700,18110,18000,18390,280,1.55,18050,-60,-0.33,17750,18500,1399-11-29
224,وملل,اعتباري ملل,1069,10762702,164288680563,15438,15130,15130,-308,-2.0,15265,-173,-1.12,15130,15750,1399-11-29
225,خاهن,آهنگري‌ تراكتورسازي‌ ايران‌,1069,5573114,211835748580,38020,38010,38010,-10,-0.03,38010,-10,-0.03,37990,38100,1399-11-29
226,شصدف,صنعتي دوده فام,1068,60261,1797284325,28137,29825,29825,1688,6.0,28193,56,0.2,29825,29825,1399-11-29
227,كفرآور,فرآورده هاي سيمان شرق,1056,3662613,102323554610,27794,28000,27692,-102,-0.37,27937,143,0.51,27500,28600,1399-11-29
228,وسپه,سرمايه‌گذاري‌ سپه‌,1055,5547145,42151677340,7630,7510,7680,50,0.66,7610,-20,-0.26,7480,7740,1399-11-29
229,رنيك,جنرال مكانيك,1055,2681351,58560969334,22213,22201,21770,-443,-1.99,21840,-373,-1.68,21769,22300,1399-11-29
230,پارسان,گسترش نفت و گاز پارسيان,1041,4435702,86042312680,19320,19650,19220,-100,-0.52,19380,60,0.31,19100,20000,1399-11-29
231,زقيام,كشت و دام قيام اصفهان,1041,2683221,83576698947,31727,32000,31093,-634,-2.0,31148,-579,-1.82,31093,32000,1399-11-29
232,سيستم,همكاران سيستم,1039,5834150,158660392670,27670,27120,27120,-550,-1.99,27200,-470,-1.7,27120,27850,1399-11-29
233,كالا,بورس كالاي ايران,1037,2164141,80215632360,37780,37030,37030,-750,-1.99,37070,-710,-1.88,37030,37750,1399-11-29
234,وسين,بيمه سينا,1035,3071145,63882703357,20630,20500,20915,285,1.38,20801,171,0.83,20500,21222,1399-11-29
235,قجامح,ح.فرآورده غذايي وقندتربت‌جام,1034,8411236,62965025670,7557,7700,7406,-151,-2.0,7486,-71,-0.94,7406,7700,1399-11-29
236,فخوز,فولاد  خوزستان,1031,8861093,117187378510,13480,13250,13220,-260,-1.93,13230,-250,-1.85,13220,13480,1399-11-29
237,فنوال,نورد آلومينيوم‌,1031,2871813,79223295120,27970,29000,27420,-550,-1.97,27590,-380,-1.36,27420,29000,1399-11-29
238,چكاوه,صنايع‌كاغذسازي‌كاوه‌,1029,7300154,111982835060,14730,15610,15610,880,5.97,15340,610,4.14,14440,15610,1399-11-29
239,دسانكو,داروسازي سبحان انكولوژي,1023,2373446,36675995915,15310,15750,15390,80,0.52,15414,104,0.68,15200,15750,1399-11-29
240,رانفور,خدمات‌انفورماتيك‌,1022,2025899,51368523120,25350,25100,25250,-100,-0.39,25350,0,0.0,24910,26100,1399-11-29
241,حبندر,دريايي و کشتيراني خط دريابندر,1021,1895553,66189528993,34228,34390,35254,1026,3.0,34918,690,2.02,33600,35254,1399-11-29
242,افق,فروشگاههاي زنجيره اي افق كوروش,1020,606870,47427970300,78410,77770,78200,-210,-0.27,78280,-130,-0.17,76900,80000,1399-11-29
243,پكرمان,گروه‌ صنعتي‌ بارز,1016,4002212,112846113600,28360,28400,27850,-510,-1.8,28200,-160,-0.56,27800,29080,1399-11-29
244,فسازان,غلتك سازان سپاهان,1002,2363755,82976711140,35770,36370,35070,-700,-1.96,35100,-670,-1.87,35060,36500,1399-11-29
245,كمينا,شيشه سازي مينا,1000,3682852,107986271677,27999,29398,29394,1395,4.98,29321,1322,4.72,28500,29398,1399-11-29
246,ارزش,صندوق س ارزش آفرين بيدار-سهام,994,5366879,53956063940,10080,10130,10060,-20,-0.2,10050,-30,-0.3,9950,10280,1399-11-29
247,مرقام,ايران‌ارقام‌,989,3961061,70786310300,18140,18140,17780,-360,-1.98,17870,-270,-1.49,17780,18400,1399-11-29
248,سيدكو,سرمايه گذاري توسعه صنايع سيمان,982,5880023,38129678430,6280,6510,6490,210,3.34,6420,140,2.23,6280,6600,1399-11-29
249,ثشرق,سرمايه گذاري مسكن شمال شرق,982,16824916,105600138710,5930,6280,6280,350,5.9,6280,350,5.9,6100,6280,1399-11-29
250,دروز,داروسازي‌ روزدارو,974,4364944,126569205000,29450,28870,28870,-580,-1.97,29000,-450,-1.53,28870,29450,1399-11-29
251,خكمك,كمك‌فنرايندامين‌,961,2795831,77820583950,28350,27910,27790,-560,-1.98,27830,-520,-1.83,27790,28700,1399-11-29
252,پاكشو,گروه صنعتي پاكشو,954,833587,67161032420,79780,78980,80210,430,0.54,80310,530,0.66,78500,81070,1399-11-29
253,بالبر,كابل‌ البرز,926,2046300,98036310630,45590,47300,48320,2730,5.99,47910,2320,5.09,46220,48320,1399-11-29
254,ذوب,سهامي ذوب آهن  اصفهان,925,13788425,58407768300,4322,4236,4236,-86,-1.99,4274,-48,-1.11,4236,4236,1399-11-29
255,غچين,كشت‌ و صنعت‌ چين‌ چين,906,2902382,60321371920,20900,20490,21180,280,1.34,20780,-120,-0.57,20490,21660,1399-11-29
256,تسه9910,امتياز تسهيلات مسكن دي99,893,27886,17387700538,623858,612000,630000,6142,0.98,623528,-330,-0.05,605111,639935,1399-11-29
257,شكربن,كربن‌ ايران‌,889,936958,93064909760,100750,98740,99990,-760,-0.75,99330,-1420,-1.41,98740,102000,1399-11-29
258,پارند,صندوق س. پارند پايدار سپهر,870,29541526,332804451106,11256,11266,11265,9,0.08,11266,10,0.09,11265,11274,1399-11-29
259,كيان,صندوق س. با درآمد ثابت كيان,861,11727035,319119371746,27194,27210,27216,22,0.08,27212,18,0.07,27210,27220,1399-11-29
260,فروي,ذوب روي اصفهان,857,769795,54024982895,71613,70181,70181,-1432,-2.0,70181,-1432,-2.0,70181,70181,1399-11-29
261,فنرژي,گسترش صنايع انرژي آذرآب,853,2024328,38346911595,18789,19100,19164,375,2.0,18943,154,0.82,18430,19164,1399-11-29
262,وصنا,گروه‌صنايع‌بهشهرايران‌,844,4641540,28895616520,6310,6460,6190,-120,-1.9,6260,-50,-0.79,6190,6460,1399-11-29
263,وبانك,سرمايه گذاري گروه توسعه ملي,843,7393557,60859671840,8380,8220,8220,-160,-1.91,8280,-100,-1.19,8220,8500,1399-11-29
264,ارفع,شركت آهن و فولاد ارفع,839,2702417,35699808425,13181,13100,13350,169,1.28,13198,17,0.13,13100,13550,1399-11-29
265,زاگرس,پتروشيمي زاگرس,835,433917,82360183777,190977,188558,192899,1922,1.01,189997,-980,-0.51,187751,193390,1399-11-29
266,شغدير,پتروشيمي غدير,834,1029291,62436805074,60388,59752,60550,162,0.27,60660,272,0.45,59210,63020,1399-11-29
267,وثخوز,سرمايه گذاري و توسعه خوزستان,815,1001956,93120126475,97407,92537,92537,-4870,-5.0,92938,-4469,-4.59,92537,96990,1399-11-29
268,خشرق,الكتريك‌ خودرو شرق‌,813,3090217,51586784640,16920,16590,16590,-330,-1.95,16700,-220,-1.3,16590,17290,1399-11-29
269,قزوين,كارخانجات‌ قند قزوين‌,809,2135138,86758338190,38750,38150,39750,1000,2.58,40630,1880,4.85,38150,41000,1399-11-29
270,سخوز,سيمان خوزستان,802,1981697,45856942680,22660,22800,23030,370,1.63,23080,420,1.85,22600,23600,1399-11-29
271,شتولي,تولي‌پرس‌,788,1779415,67558013094,38478,37709,38300,-178,-0.46,37966,-512,-1.33,37709,39240,1399-11-29
272,خمحور,توليدمحورخودرو,784,1113064,68717866790,60870,59660,61290,420,0.69,61740,870,1.43,59660,64500,1399-11-29
273,پرديس,سرمايه گذاري پرديس,782,4749174,31830291030,6680,6570,6610,-70,-1.05,6690,10,0.15,6570,6850,1399-11-29
274,ثپرديس,سرمايه گذاري مسكن پرديس,782,4184086,43050421131,10475,10268,10266,-209,-2.0,10316,-159,-1.52,10266,10480,1399-11-29
275,تسه9908,امتياز تسهيلات مسكن آبان99,764,19378,12006840142,618005,648905,610000,-8005,-1.3,619612,1607,0.26,595000,648905,1399-11-29
276,فباهنر,مس‌ شهيدباهنر,763,1309682,67760137690,52750,51710,51700,-1050,-1.99,51740,-1010,-1.91,51700,52880,1399-11-29
277,مداران,داده‌پردازي‌ايران‌,753,4742766,123866675560,24650,26120,26120,1470,5.96,26120,1470,5.96,25630,26120,1399-11-29
278,وپترو,سرمايه‌گذاري صنايع پتروشيمي‌,753,2988387,47825306130,15910,15620,15700,-210,-1.32,16000,90,0.57,15610,16860,1399-11-29
279,تسه9909,امتياز تسهيلات مسكن آذر99,747,25220,15583778007,622225,612000,620225,-2000,-0.32,617913,-4312,-0.69,605000,638715,1399-11-29
280,حسينا,توسعه خدمات دريايي وبندري سينا,744,732800,50634930813,70336,69230,68930,-1406,-2.0,69098,-1238,-1.76,68930,70650,1399-11-29
281,كگاز,شيشه‌ و گاز,739,2453421,46337458080,17860,18560,18930,1070,5.99,18740,880,4.93,18290,18930,1399-11-29
282,طلا,صندوق س.پشتوانه طلاي لوتوس,739,727486,62712253069,86763,86499,86010,-753,-0.87,86204,-559,-0.64,86000,87010,1399-11-29
283,وتوكا,سرمايه‌گذاري‌توكافولاد(هلدينگ,730,5210236,61136307370,11950,11720,11720,-230,-1.92,11730,-220,-1.84,11720,12150,1399-11-29
284,ما,بيمه  ما,717,5627720,48363372250,8700,8960,8530,-170,-1.95,8600,-100,-1.15,8530,9000,1399-11-29
285,انرژي3,سايراشخاص بورس انرژي,712,200218,57762893000,294380,288500,288500,-5880,-2.0,289470,-4910,-1.67,288500,288500,1399-11-29
286,كهمدا,شيشه‌ همدان‌,709,3022204,31261769450,10490,10400,10400,-90,-0.86,10400,-90,-0.86,10290,10800,1399-11-29
287,تپولا,مهندسي مرآت پولاد,705,1677560,64895527448,39103,38656,39380,277,0.71,38684,-419,-1.07,38321,39500,1399-11-29
288,بسويچ,پارس‌سويچ‌,700,986956,53252073880,54960,53870,54450,-510,-0.93,54020,-940,-1.71,53870,55500,1399-11-29
289,ملت,بيمه ملت,699,4814612,85032920660,17980,17690,17630,-350,-1.95,17660,-320,-1.78,17630,18000,1399-11-29
290,خمهر,مهركام‌پارس‌,697,11129502,26684456680,2430,2390,2470,40,1.65,2410,-20,-0.82,2390,2480,1399-11-29
291,شفارا,پتروشيمي فارابي,693,5205390,21607400022,4113,4200,4117,4,0.1,4151,38,0.92,4050,4219,1399-11-29
292,بموتو,موتوژن‌,691,922459,54062955180,58150,57600,58150,0,0.0,58610,460,0.79,57600,60500,1399-11-29
293,آريان,سرمايه گذاري پارس آريان,690,7805241,96626786019,12576,12325,12325,-251,-2.0,12383,-193,-1.53,12325,12650,1399-11-29
294,ولملت,واسپاري ملت,687,3543332,29677256330,8510,8680,8340,-170,-2.0,8430,-80,-0.94,8340,8680,1399-11-29
295,همراه,شركت ارتباطات سيار ايران,679,1047089,27480080960,26570,26040,26090,-480,-1.81,26480,-90,-0.34,26040,27230,1399-11-29
296,شكف,كف,674,658353,54624259031,83055,81394,84716,1661,2.0,82971,-84,-0.1,81394,84716,1399-11-29
297,غويتاح,ح . ويتانا,671,4887433,65345552115,13583,13312,13312,-271,-2.0,13370,-213,-1.57,13312,13899,1399-11-29
298,هجرت,پخش هجرت,662,1624302,44885743098,26171,26700,27741,1570,6.0,27408,1237,4.73,26300,27741,1399-11-29
299,خبهمن,گروه‌بهمن‌,661,3553578,77928324900,22360,21920,21920,-440,-1.97,21980,-380,-1.7,21920,22160,1399-11-29
300,رمپنا,گروه مپنا (سهامي عام),658,6865744,116808936910,17350,17050,17010,-340,-1.96,17020,-330,-1.9,17010,17390,1399-11-29
301,ورنا,سرمايه‌گذاري‌ رنا(هلدينگ‌,657,7813175,45721223700,5950,5840,5840,-110,-1.85,5860,-90,-1.51,5840,5990,1399-11-29
302,شبهرن,نفت‌ بهران‌,649,1022506,58454732420,58110,58130,57160,-950,-1.63,57180,-930,-1.6,56950,58940,1399-11-29
303,خگستر,گسترش‌سرمايه‌گذاري‌ايران‌خودرو,649,9082249,29335664270,3290,3230,3230,-60,-1.82,3260,-30,-0.91,3230,3230,1399-11-29
304,خلنت,لنت‌ ترمزايران‌,645,220786,21373650460,94590,99090,96030,1440,1.52,95530,940,0.99,93000,99090,1399-11-29
305,وآرين,شركت توسعه اقتصادي آرين,644,17560293,76579485426,4235,4360,4362,127,3.0,4361,126,2.98,4240,4362,1399-11-29
306,لبوتان,گروه‌صنعتي‌بوتان‌,640,868011,58201117220,63280,67070,67070,3790,5.99,67050,3770,5.96,65500,67070,1399-11-29
307,تملت,تامين سرمايه بانك ملت,631,4628410,28513747680,6280,6160,6160,-120,-1.91,6210,-70,-1.11,6160,6180,1399-11-29
308,دشيري,شيرين دارو,631,257213,60247099955,231355,226728,238295,6940,3.0,234230,2875,1.24,226728,238295,1399-11-29
309,فرابورس,فرابورس ايران,621,1149110,40512594740,35917,35420,35199,-718,-2.0,35410,-507,-1.41,35199,35998,1399-11-29
310,وليز,ليزينگ‌ايران‌,618,6925294,64474487140,8790,9310,9310,520,5.92,9310,520,5.92,9310,9310,1399-11-29
311,ميدكو,هلدينگ صنايع  معدني خاورميانه,614,3517839,111147232450,31691,31600,31692,1,0.0,31603,-88,-0.28,31058,31800,1399-11-29
312,زرين,صندوق س. سهام زرين كوروش-س,613,1645008,16460208947,10001,10050,10000,-1,-0.01,10006,5,0.05,9931,10050,1399-11-29
313,حكشتي,كشتيراني جمهوري اسلامي ايران,612,4086517,85408205300,21320,20900,20900,-420,-1.97,21020,-300,-1.41,20900,20900,1399-11-29
314,اپرداز,آتيه داده پرداز,611,1664213,35901136029,21981,21680,21650,-331,-1.51,21684,-297,-1.35,21542,21961,1399-11-29
315,اوان,مبين وان كيش,611,1175418,58278058920,49826,48830,50890,1064,2.14,49581,-245,-0.49,48830,51460,1399-11-29
316,كاردان,صندوق س تجارت شاخصي كاردان,608,298093,47094841050,157650,155750,159300,1650,1.05,157990,340,0.22,155730,160100,1399-11-29
317,واعتبار,سرمايه گذاري اعتبار ايران,608,5010114,48233111670,9090,9630,9630,540,5.94,9530,440,4.84,9280,9630,1399-11-29
318,شفن,پتروشيمي فناوران,603,149119,43273606560,287640,287650,291000,3360,1.17,288740,1100,0.38,287650,297350,1399-11-29
319,زفكاح,ح . كشت و دامداري فكا,593,2340674,18065640078,7780,8046,7675,-105,-1.35,7718,-62,-0.8,7625,8046,1399-11-29
320,دپارس,پارس‌ دارو,591,420197,36776492620,88340,86580,86580,-1760,-1.99,87760,-580,-0.66,86580,89930,1399-11-29
321,البرز,بيمه البرز,590,9515073,36253411120,3880,3810,3810,-70,-1.8,3830,-50,-1.29,3810,3840,1399-11-29
322,شرانل,نفت ايرانول,587,593853,22407697154,37230,38100,37640,410,1.1,37459,229,0.62,36800,38400,1399-11-29
323,ضخود2007,اختيارخ خودرو-3000-1400/02/08,586,25231,5558227000,237,237,220,-17,-7.17,220,-17,-7.17,213,237,1399-11-29
324,وخاور,بانك خاورميانه,582,5389228,51088061010,9640,9650,9450,-190,-1.97,9500,-140,-1.45,9450,9650,1399-11-29
325,تماوند,تامين سرمايه دماوند,579,2538043,43589647182,17871,18350,17410,-461,-2.58,17175,-696,-3.89,16978,18350,1399-11-29
326,وارس,سرمايه گذاري ارس صبا,578,4105297,63910193090,16193,15546,15546,-647,-4.0,15568,-625,-3.86,15546,16140,1399-11-29
327,سايرا,ايرانيت‌,577,1860494,87652804393,46824,45888,47760,936,2.0,47113,289,0.62,45888,47760,1399-11-29
328,شپديس,پتروشيمي پرديس,573,829494,78223382640,94370,94380,94390,20,0.02,94320,-50,-0.05,93500,96500,1399-11-29
329,اتكاي,بيمه اتكايي ايرانيان,569,3154522,43061366062,13816,13900,13676,-140,-1.01,13671,-145,-1.05,13540,14050,1399-11-29
330,شپاكسا,پاكسان‌,567,1030325,30765848500,29460,29700,30500,1040,3.53,29710,250,0.85,29140,30500,1399-11-29
331,ثبهساز,بهساز كاشانه تهران,565,9178333,22395132520,2480,2440,2440,-40,-1.61,2460,-20,-0.81,2440,2440,1399-11-29
332,وپست,پست بانك ايران,556,3300036,59002986540,18230,17910,17870,-360,-1.97,17880,-350,-1.92,17870,18050,1399-11-29
333,فايرا,آلومينيوم‌ايران‌,554,1190790,32201388400,26840,26550,27080,240,0.89,26960,120,0.45,26310,27500,1399-11-29
334,قصفها,قنداصفهان‌,553,242427,42094990240,177150,173610,173610,-3540,-2.0,174330,-2820,-1.59,173610,175930,1399-11-29
335,وتعاون,بيمه  تعاون,552,4687291,29621569767,6146,6310,6330,184,2.99,6320,174,2.83,6220,6330,1399-11-29
336,وآرينح,ح. شركت توسعه اقتصادي آرين,546,38657219,114743224862,2945,3200,2900,-45,-1.53,2968,23,0.78,2900,3200,1399-11-29
337,اتكام,شركت بيمه اتكايي امين,546,3540622,18675188201,5198,5300,5298,100,1.92,5227,29,0.56,5210,5386,1399-11-29
338,شاوان,پالايش نفت لاوان,542,374063,30668374126,80279,82000,81000,721,0.9,81307,1028,1.28,80015,84500,1399-11-29
339,تيپيكو,سرمايه گذاري دارويي تامين,537,433465,19363803870,45120,45820,44430,-690,-1.53,45010,-110,-0.24,44360,45820,1399-11-29
340,حپارسا,توسعه حمل و نقل ريلي پارسيان,533,1329684,48328339807,36934,36196,36196,-738,-2.0,36346,-588,-1.59,36196,37700,1399-11-29
341,بورس,بورس اوراق بهادار تهران,531,887003,37117573660,42690,41850,41840,-850,-1.99,42220,-470,-1.1,41840,42400,1399-11-29
342,كاما,باما,526,2628117,39658285530,15390,15090,15090,-300,-1.95,15190,-200,-1.3,15090,15090,1399-11-29
343,شكلر,نيروكلر,523,1452972,81360477850,55410,54330,56910,1500,2.71,56000,590,1.06,54310,58340,1399-11-29
344,تپمپي,پمپ‌ سازي‌ ايران‌,521,1660431,33331205630,20470,20070,20070,-400,-1.95,20220,-250,-1.22,20070,20390,1399-11-29
345,فاما,صنعتي‌ آما,520,1549281,34465522420,22690,22240,22240,-450,-1.98,22390,-300,-1.32,22240,22480,1399-11-29
346,دتماد,توليدمواداوليه‌داروپخش‌,518,684130,31865925000,46630,47500,47000,370,0.79,46600,-30,-0.06,45810,48850,1399-11-29
347,شاراك,پتروشيمي شازند,510,1521080,35306418650,23640,23580,23220,-420,-1.78,23440,-200,-0.85,23170,23970,1399-11-29
348,ثمسكن,سرمايه‌گذاري‌ مسكن‌,509,7026902,39310885970,5690,5700,5580,-110,-1.93,5620,-70,-1.23,5580,5780,1399-11-29
349,گكوثر,هتل پارسيان كوثر اصفهان,507,8261888,20687767552,2555,2504,2504,-51,-2.0,2533,-22,-0.86,2504,2504,1399-11-29
350,كاسپين,داروسازي كاسپين تامين,504,945547,23936442378,25776,25897,25480,-296,-1.15,25561,-215,-0.83,25261,25897,1399-11-29
351,سپاس,صندوق س. پاداش سهامداري توسعه1,502,20629203,207589073740,10060,10056,10073,13,0.13,10063,3,0.03,10056,10073,1399-11-29
352,بجهرم,توسعه مولد نيروگاهي جهرم,497,6825623,20667986444,3089,3028,3028,-61,-1.97,3064,-25,-0.81,3028,3028,1399-11-29
353,فروس,فروسيليس‌ ايران‌,486,4374573,21752903600,5070,4970,4970,-100,-1.97,5030,-40,-0.79,4970,5000,1399-11-29
354,كمنگنز,معادن‌منگنزايران‌,484,369421,33856326000,93350,91510,91490,-1860,-1.99,92160,-1190,-1.27,91490,95000,1399-11-29
355,قپيرا,فرآورده‌هاي‌غدايي‌وقندپيرانشهر,484,195730,20840176120,107510,106000,105360,-2150,-2.0,107080,-430,-0.4,105360,108800,1399-11-29
356,بخاور,بيمه زندگي خاورميانه,466,3126693,23106750556,7350,7520,7400,50,0.68,7367,17,0.23,7300,7520,1399-11-29
357,فيروزه,صندوق شاخص30 شركت فيروزه- سهام,460,127001,17816313470,142880,142000,140340,-2540,-1.78,140280,-2600,-1.82,138650,144390,1399-11-29
358,فاراك,ماشين‌ سازي‌ اراك‌,458,6141013,32921987200,5460,5360,5360,-100,-1.83,5400,-60,-1.1,5360,5400,1399-11-29
359,دكيمي,كيميدارو,457,970849,25644621150,26050,25800,26490,440,1.69,26230,180,0.69,25800,26820,1399-11-29
360,دسبحان,سبحان دارو,457,1753115,39606959480,22330,22990,22580,250,1.12,22530,200,0.9,22400,22990,1399-11-29
361,آرمان,بيمه آرمان,457,3883620,35638676520,9358,9182,9171,-187,-2.0,9177,-181,-1.93,9171,9342,1399-11-29
362,واميد,گروه مديريت سرمايه گذاري اميد,457,1423127,53355507960,37410,36670,37280,-130,-0.35,37450,40,0.11,36670,38550,1399-11-29
363,دكپسولح,ح .توليد ژلاتين كپسول ايران,452,1056866,25815901292,24924,24430,24884,-40,-0.16,24427,-497,-1.99,24426,24884,1399-11-29
364,فولاژ,فولاد آلياژي ايران,447,1270770,19604850000,15710,15400,15500,-210,-1.34,15620,-90,-0.57,15400,15950,1399-11-29
365,قمرو,قند مرودشت‌,444,1592931,59361729360,37340,37590,36600,-740,-1.98,37270,-70,-0.19,36600,37590,1399-11-29
366,شپاس,نفت پاسارگاد,439,2600973,57816375038,22660,22869,22208,-452,-1.99,22229,-431,-1.9,22207,22999,1399-11-29
367,ثنور,سرمايه گذاري كوه نور,436,2346860,25176153186,10932,10715,10714,-218,-1.99,10728,-204,-1.87,10714,10932,1399-11-29
368,سرچشمه,سرمايه گذاري مس سرچشمه,432,1840238,12719907051,7047,6940,6907,-140,-1.99,7013,-34,-0.48,6907,7000,1399-11-29
369,وگردش,بانك گردشگري,430,3587190,63960667325,18192,17829,17829,-363,-2.0,17949,-243,-1.34,17829,18000,1399-11-29
370,خصدرا,صنعتي‌ دريايي‌ ايران‌,427,3878574,12810929922,3440,3303,3303,-137,-3.98,3389,-51,-1.48,3303,3303,1399-11-29
371,ثجوان,تامين مسكن جوانان,426,2734090,34294725298,12720,12470,12466,-254,-2.0,12543,-177,-1.39,12466,12897,1399-11-29
372,شجم,صنايع پتروشيمي تخت جمشيد,422,3673734,37169647321,10315,10591,10109,-206,-2.0,10118,-197,-1.91,10109,10591,1399-11-29
373,سمتاز,سيمان ممتازان كرمان,418,1149039,23308778390,19925,19561,20000,75,0.38,20285,360,1.81,19561,20522,1399-11-29
374,وسينا,بانك سينا,416,3976769,13998226880,3590,3520,3520,-70,-1.95,3570,-20,-0.56,3520,3520,1399-11-29
375,زفكا,كشت و دامداري فكا,414,1950047,23903285828,12372,12500,12125,-247,-2.0,12320,-52,-0.42,12125,12550,1399-11-29
376,تاصيكو,سرمايه گذاري صدرتامين,412,5756984,58501597260,10360,10160,10160,-200,-1.93,10260,-100,-0.97,10160,10430,1399-11-29
377,كشرق,صنعتي و معدني شمال شرق شاهرود,410,664253,65084446330,99956,97957,97957,-1999,-2.0,97981,-1975,-1.98,97957,99800,1399-11-29
378,غبشهر,صنعتي‌ بهشهر,408,1093348,22477268060,20900,20490,20520,-380,-1.82,20750,-150,-0.72,20490,21210,1399-11-29
379,خزاميا,زامياد,408,2145163,18426950170,8760,8590,8590,-170,-1.94,8700,-60,-0.68,8590,8590,1399-11-29
380,مبين,مبين انرژي خليج فارس,406,1756993,26147191980,15090,15090,14830,-260,-1.72,15040,-50,-0.33,14790,15320,1399-11-29
381,وكار,بانك‌ كارآفرين‌,402,10964217,27858545920,2590,2540,2560,-30,-1.16,2560,-30,-1.16,2540,2560,1399-11-29
382,كاريس,صندوق س.سپهر كاريزما-س,401,2359301,25640615022,10868,10997,10868,0,0.0,10868,0,0.0,10755,10997,1399-11-29
383,غپونه,نوش پونه مشهد,401,880044,19932091591,23061,22600,22600,-461,-2.0,22682,-379,-1.64,22600,23250,1399-11-29
384,اطلس,صندوق س.توسعه اندوخته آينده-س,397,309785,62090919688,202581,202600,200010,-2571,-1.27,200432,-2149,-1.06,199610,204003,1399-11-29
385,چدن,توليدي چدن سازان,396,792244,20004161000,25760,25250,25250,-510,-1.98,25550,-210,-0.82,25250,25250,1399-11-29
386,وپخش,داروپخش‌ (هلدينگ‌,395,131535,14067153640,107950,107450,106290,-1660,-1.54,107670,-280,-0.26,105900,110000,1399-11-29
387,تنوين,تامين سرمايه نوين,393,2193947,13780632640,6360,6310,6330,-30,-0.47,6340,-20,-0.31,6240,6430,1399-11-29
388,جم,پتروشيمي جم,383,621130,20381701940,33000,33000,32710,-290,-0.88,32960,-40,-0.12,32390,34000,1399-11-29
389,غگلستا,شير پاستوريزه پگاه گلستان,381,1004528,29270377441,29607,29030,29015,-592,-2.0,29332,-275,-0.93,29015,29607,1399-11-29
390,وكارح,ح . بانك‌ كارآفرين‌,377,12312790,15528008270,1310,1260,1260,-50,-3.82,1260,-50,-3.82,1260,1290,1399-11-29
391,ولبهمن,شركت بهمن ليزينگ,374,4409814,37392524456,8651,8478,8478,-173,-2.0,8519,-132,-1.53,8478,8600,1399-11-29
392,گوهران,سرمايه گذاري توسعه گوهران اميد,373,2026238,15914641964,7988,7980,7829,-159,-1.99,7951,-37,-0.46,7829,7980,1399-11-29
393,كرماشا,صنايع پتروشيمي كرمانشاه,372,822632,29720841320,36730,37000,36050,-680,-1.85,36380,-350,-0.95,36000,37430,1399-11-29
394,هرمز,فولاد هرمزگان جنوب,368,4006925,52697356361,13416,13170,13148,-268,-2.0,13301,-115,-0.86,13148,13430,1399-11-29
395,سنوين,سرمايه گذاري اقتصاد نوين,365,6232974,71180563080,10877,11420,11420,543,4.99,11420,543,4.99,11420,11420,1399-11-29
396,وبشهر,توسعه‌ صنايع‌ بهشهر(هلدينگ,361,2419458,29582869170,12460,12320,12220,-240,-1.93,12330,-130,-1.04,12220,12500,1399-11-29
397,ضسپا3004,اختيارخ خساپا-2500-1400/03/26,359,16540,6066363000,403,360,340,-63,-15.63,367,-36,-8.93,332,423,1399-11-29
398,پارتا,مجتمع‌صنعتي‌آرتاويل‌تاير,358,705310,42222716407,59964,61750,60593,629,1.05,59864,-100,-0.17,58850,61750,1399-11-29
399,خمحركه,نيرو محركه‌,357,1953928,9535168640,4970,4880,4880,-90,-1.81,4950,-20,-0.4,4880,4880,1399-11-29
400,غديس,پاكديس,354,2096730,29095439206,14145,13863,13863,-282,-1.99,14001,-144,-1.02,13863,14057,1399-11-29
401,سهرمز,سيمان‌هرمزگان‌,351,395800,9894555580,24280,25000,24900,620,2.55,24420,140,0.58,24060,25700,1399-11-29
402,غگرجي,بيسكويت‌  گرجي‌,350,897277,16975238550,19260,18900,18880,-380,-1.97,19140,-120,-0.62,18880,19350,1399-11-29
403,دالبر,البرزدارو,349,994786,21045281290,21360,21990,20990,-370,-1.73,21270,-90,-0.42,20940,21990,1399-11-29
404,دابور,داروسازي‌ ابوريحان‌,347,901388,37503257280,42380,42380,41540,-840,-1.98,41860,-520,-1.23,41540,42380,1399-11-29
405,شخارك,پتروشيمي‌ خارك‌,346,614964,26539649490,43090,43100,42550,-540,-1.25,43110,20,0.05,42280,43880,1399-11-29
406,وبهمن,سرمايه‌گذاري‌بهمن‌,346,1843799,31291582560,17260,16960,16970,-290,-1.68,17090,-170,-0.98,16940,17300,1399-11-29
407,آسيا,بيمه آسيا,343,3804459,9092657010,2430,2390,2390,-40,-1.65,2420,-10,-0.41,2390,2390,1399-11-29
408,ولغدر,ليزينگ‌خودروغدير,341,2252124,49997152800,20950,22200,22200,1250,5.97,22110,1160,5.54,22200,22200,1399-11-29
409,دلر,داروسازي‌ اكسير,332,441239,16019645000,36350,37000,36310,-40,-0.11,36340,-10,-0.03,35630,37300,1399-11-29
410,پخش,پخش البرز,331,728629,26311804543,36420,36420,35850,-570,-1.57,36262,-158,-0.43,35692,37490,1399-11-29
411,بفجر,فجر انرژي خليج فارس,331,595058,13956274820,23840,23840,23370,-470,-1.97,23750,-90,-0.38,23370,24150,1399-11-29
412,شبصير,توليدات پتروشيمي قائد بصير,328,218794,19743241604,90745,93090,90639,-106,-0.12,90544,-201,-0.22,88931,93100,1399-11-29
413,پسهند,صنايع‌ لاستيكي‌  سهند,328,889594,40183562460,46090,45170,45170,-920,-2.0,45380,-710,-1.54,45170,45590,1399-11-29
414,دسبحا,گروه دارويي سبحان,328,1048530,20596241350,19350,19660,19120,-230,-1.19,19470,120,0.62,19010,20490,1399-11-29
415,جم پيلن,پلي پروپيلن جم - جم پيلن,325,405488,27335814790,68640,68650,67480,-1160,-1.69,68020,-620,-0.9,67270,68860,1399-11-29
416,خزر,فنرسازي‌زر,322,643376,31892148320,50580,49570,49570,-1010,-2.0,49920,-660,-1.3,49570,49570,1399-11-29
417,كارين,صندوق س نگين سامان-ثابت,320,15341728,155959007828,10163,10170,10168,5,0.05,10166,3,0.03,10165,10182,1399-11-29
418,وتوشه,سرمايه‌ گذاري‌ پارس‌ توشه‌,319,1543173,36344138390,23940,23470,23470,-470,-1.96,23660,-280,-1.17,23470,24500,1399-11-29
419,كنور,توسعه معدني و صنعتي صبانور,318,449932,19716211470,44660,43890,43790,-870,-1.95,44340,-320,-0.72,43770,44960,1399-11-29
420,پدرخش,درخشان‌ تهران‌,318,165429,21212960670,130840,128230,128230,-2610,-1.99,129660,-1180,-0.9,128230,128230,1399-11-29
421,پتاير,ايران‌ تاير,318,1938001,9205504750,4840,4750,4750,-90,-1.86,4820,-20,-0.41,4750,4750,1399-11-29
422,تسه9907,امتياز تسهيلات مسكن مهر99,314,6988,4358359060,619051,606950,626000,6949,1.12,623692,4641,0.75,591900,635000,1399-11-29
423,بهپاك,صنعتي بهپاك,314,410334,19438752582,48339,47373,47373,-966,-2.0,47954,-385,-0.8,47373,47373,1399-11-29
424,وصندوق,سرمايه‌گذاري‌صندوق‌بازنشستگي‌,312,2288292,31283736550,13940,13670,13670,-270,-1.94,13870,-70,-0.5,13670,14000,1399-11-29
425,وآفري,بيمه كارآفرين,306,1030435,20655154610,20424,20016,20016,-408,-2.0,20045,-379,-1.86,20016,20500,1399-11-29
426,پارس,پتروشيمي پارس,304,158201,20621412070,132080,132080,129620,-2460,-1.86,131720,-360,-0.27,129440,133850,1399-11-29
427,زماهان,مجتمع توليد گوشت مرغ ماهان,303,2998235,56336835650,17727,18790,18790,1063,6.0,18790,1063,6.0,18790,18790,1399-11-29
428,وسنا,سرمايه گذاري نيروگاهي ايران,303,4018501,66823653129,15838,16629,16629,791,4.99,16629,791,4.99,16629,16629,1399-11-29
429,آساس,صندوق س.آسمان آرماني سهام-س,303,114259,18471258895,163701,164210,160860,-2841,-1.74,161661,-2040,-1.25,160011,164934,1399-11-29
430,ياقوت,صندوق س ياقوت آگاه-ثابت,302,3456797,41168123019,11899,11920,11920,21,0.18,11909,10,0.08,11901,11921,1399-11-29
431,شنفت,نفت‌ پارس‌,300,534370,27282228360,51920,53870,51010,-910,-1.75,51460,-460,-0.89,50890,53870,1399-11-29
432,دلرح,ح . داروسازي‌ اكسير,299,840355,24544759330,28750,28550,29480,730,2.54,29210,460,1.6,28550,29710,1399-11-29
433,شساخت,مهندسي و ساختمان صنايع نفت,297,513802,19632461177,37217,38000,38333,1116,3.0,37723,506,1.36,37566,38333,1399-11-29
434,غالبر,لبنيات‌ كالبر,296,821097,15783633080,19610,19230,19220,-390,-1.99,19500,-110,-0.56,19220,19230,1399-11-29
435,دفرا,فرآورده‌هاي‌ تزريقي‌ ايران‌,294,295760,8050159660,27520,28390,27190,-330,-1.2,27470,-50,-0.18,27000,28390,1399-11-29
436,سكه0012پ01,سكه تمام بهارتحويلي 1روزه رفاه,294,88900,104838846700,1190711,1183000,1176300,-14411,-1.21,1179290,-11421,-0.96,1174000,1183000,1399-11-29
437,فن آوا,گروه فن آوا,294,3660016,77451319546,21472,21043,21043,-429,-2.0,21161,-311,-1.45,21043,21490,1399-11-29
438,ساروج,بين المللي ساروج بوشهر,293,880564,20164226238,22349,23019,23019,670,3.0,22847,498,2.23,22380,23019,1399-11-29
439,ماديرا,صنايع ماشين هاي اداري ايران,292,1276208,11838105408,9465,9276,9276,-189,-2.0,9421,-44,-0.46,9276,9276,1399-11-29
440,تكمبا,كمباين‌ سازي‌ ايران‌,291,2634297,20739861670,8030,7870,7870,-160,-1.99,7960,-70,-0.87,7870,8000,1399-11-29
441,وگستر,گسترش سرمايه گذاري ايرانيان,290,1034365,20021175575,19751,19356,19356,-395,-2.0,19591,-160,-0.81,19356,19357,1399-11-29
442,ضپاس2002,اختيارخ وپارس-3000-1400/02/29,287,7558,4705621000,528,570,735,207,39.2,623,95,17.99,570,735,1399-11-29
443,خپارس,پارس‌ خودرو,286,3655657,22007055140,6140,6020,6020,-120,-1.95,6090,-50,-0.81,6020,6020,1399-11-29
444,نيرو,نيرو سرمايه,286,595817,34145244131,59678,57330,57291,-2387,-4.0,57308,-2370,-3.97,57291,58500,1399-11-29
445,چخزر,صنايع چوب خزر كاسپين,284,485269,30734026846,64626,63334,63334,-1292,-2.0,63897,-729,-1.13,63334,63334,1399-11-29
446,چكاپا,گروه صنايع كاغذ پارس,284,2237388,11970025800,5450,5350,5350,-100,-1.83,5430,-20,-0.37,5350,5350,1399-11-29
447,آكورد,صندوق س. آرمان آتي كوثر-د,280,4856641,149466252406,30761,30778,30782,21,0.07,30776,15,0.05,30774,30782,1399-11-29
448,ساذريح,ح . آذريت‌,278,11000000,71654000000,6146,6514,6514,368,5.99,6514,368,5.99,6514,6514,1399-11-29
449,وملت,سرمايه گذاري ملت,275,4428423,21795945726,5018,4950,4918,-100,-1.99,4922,-96,-1.91,4918,5000,1399-11-29
450,كگهر,سنگ آهن گهرزمين,273,417711,19552125037,46587,46940,46950,363,0.78,46623,36,0.08,45656,47100,1399-11-29
451,وثوق,سرمايه گذاري وثوق امين,270,656709,17241894795,26790,26255,26255,-535,-2.0,26335,-455,-1.7,26255,26255,1399-11-29
452,دارو,كارخانجات‌داروپخش‌,266,283728,9444896930,33910,33240,33240,-670,-1.98,33790,-120,-0.35,33240,34260,1399-11-29
453,فلوله,لوله‌وماشين‌سازي‌ايران‌,262,1405797,29852684160,21650,21220,21220,-430,-1.99,21390,-260,-1.2,21220,21800,1399-11-29
454,زر,صندوق س.پشتوانه سكه طلاي زر,261,213328,10893105570,51364,51520,51006,-358,-0.7,51063,-301,-0.59,51000,51520,1399-11-29
455,رتكو,كنترل‌خوردگي‌تكين‌كو,258,1381687,26970535510,19910,19520,19520,-390,-1.96,19690,-220,-1.1,19520,19530,1399-11-29
456,اخابر,مخابرات ايران,257,3728549,39485333910,10800,10590,10590,-210,-1.94,10730,-70,-0.65,10590,10590,1399-11-29
457,خراسان,پتروشيمي خراسان,257,235275,16190271080,69870,70860,68500,-1370,-1.96,69530,-340,-0.49,68480,70860,1399-11-29
458,داريك,صندوق س.اعتماد داريك-د,255,10658696,109212099504,10279,10471,10269,-10,-0.1,10246,-33,-0.32,10000,10471,1399-11-29
459,لوتوس,تامين سرمايه لوتوس پارسيان,254,1391809,14242836580,10260,10650,10230,-30,-0.29,10250,-10,-0.1,10100,10650,1399-11-29
460,پارسيان,بيمه پارسيان,254,4848479,57309021780,11160,11820,11820,660,5.91,11820,660,5.91,11820,11820,1399-11-29
461,ونيكي,سرمايه‌گذاري‌ ملي‌ايران‌,252,919600,10483440000,11630,11400,11400,-230,-1.98,11600,-30,-0.26,11400,11400,1399-11-29
462,عيار,صندوق س. پشتوانه طلاي مفيد,250,230825,6825505743,29758,29600,29550,-208,-0.7,29570,-188,-0.63,29500,29800,1399-11-29
463,سبهان,سيمان‌ بهبهان‌,249,197983,29061924570,149780,146790,146790,-2990,-2.0,148000,-1780,-1.19,146790,146790,1399-11-29
464,درهآور,دارويي ره آورد تامين,246,457337,25254149140,56346,55220,55220,-1126,-2.0,55815,-531,-0.94,55220,55220,1399-11-29
465,تسه9902,امتياز تسهيلات مسكن ارديبهشت99,239,3449,2129924730,618309,595000,601016,-17293,-2.8,617548,-761,-0.12,591000,649224,1399-11-29
466,افرا,افرانت,229,848792,30852740408,34292,36349,36349,2057,6.0,35390,1098,3.2,36349,36349,1399-11-29
467,كخاك,صنايع‌خاك‌چيني‌ايران‌,227,223951,10270891500,45820,48080,45310,-510,-1.11,45830,10,0.02,45150,48080,1399-11-29
468,خودكفا,اقتصادي و خودكفايي آزادگان,224,423355,10569057575,25474,24965,24965,-509,-2.0,25352,-122,-0.48,24965,24965,1399-11-29
469,غشصفا,شيرپاستوريزه‌پگاه‌اصفهان‌,224,488484,13914724300,29000,28510,28420,-580,-2.0,28850,-150,-0.52,28420,29260,1399-11-29
470,ختوقا,قطعات‌ اتومبيل‌ ايران‌,220,2276665,6238062100,2790,2740,2740,-50,-1.79,2780,-10,-0.36,2740,2740,1399-11-29
471,تسه9801,امتياز تسهيلات مسكن فروردين98,220,2856,1739142463,612634,590010,613949,1315,0.21,608943,-3691,-0.6,588050,629000,1399-11-29
472,شكبير,پتروشيمي اميركبير,217,439836,40844576607,91204,92300,92300,1096,1.2,91851,647,0.71,92300,93499,1399-11-29
473,شيراز,پتروشيمي‌شيراز,212,588765,31047407180,53760,53770,52690,-1070,-1.99,53430,-330,-0.61,52690,54180,1399-11-29
474,وساپا,سرمايه‌گذاري‌ سايپا,210,1657272,10457386320,6430,6310,6310,-120,-1.87,6410,-20,-0.31,6310,6310,1399-11-29
475,تسه9906,امتياز تسهيلات مسكن شهريور99,210,2878,1793885124,631550,600000,610247,-21303,-3.37,623310,-8240,-1.3,599973,663127,1399-11-29
476,خرينگ,رينگ‌سازي‌مشهد,207,170924,7845411600,46830,45900,45900,-930,-1.99,46680,-150,-0.32,45900,45900,1399-11-29
477,دكپسول,توليد ژلاتين كپسول ايران,204,452922,14237667256,32075,31440,31434,-641,-2.0,31892,-183,-0.57,31434,31850,1399-11-29
478,حفارس,حمل و نقل بين المللي خليج فارس,203,1909136,9182944160,4900,4810,4810,-90,-1.84,4880,-20,-0.41,4810,4810,1399-11-29
479,ومعلم,بيمه معلم,199,2306417,10932416580,4836,4740,4740,-96,-1.99,4815,-21,-0.43,4740,4740,1399-11-29
480,تسه9904,امتياز تسهيلات مسكن تير99,197,2105,1302827388,622205,619000,612000,-10205,-1.64,618920,-3285,-0.53,591095,630000,1399-11-29
481,وتوصا,گروه س توسعه صنعتي ايران,191,1455562,18238191860,12780,12530,12530,-250,-1.96,12690,-90,-0.7,12530,12530,1399-11-29
482,افران,صندوق س افرا نماد پايدار-ثابت,189,4317251,54875538915,12699,12705,12710,11,0.09,12711,12,0.09,12705,12714,1399-11-29
483,كوثر,بيمه كوثر,189,1577701,23693913618,15324,15018,15018,-306,-2.0,15178,-146,-0.95,15018,15018,1399-11-29
484,وبيمه,سرمايه‌ گذاري‌ صنعت‌ بيمه‌,187,3404638,9771311060,2920,2870,2870,-50,-1.71,2910,-10,-0.34,2870,2870,1399-11-29
485,آرمانح,ح.بيمه آرمان,187,2244512,17420752358,7902,7750,7744,-158,-2.0,7761,-141,-1.78,7744,7877,1399-11-29
486,شاملا,معدني‌ املاح‌  ايران‌,185,124664,6556642930,53540,52480,52470,-1070,-2.0,53420,-120,-0.22,52470,53520,1399-11-29
487,خاور,ايران خودرو ديزل,182,4389111,29380709034,6830,6694,6694,-136,-1.99,6694,-136,-1.99,6694,6694,1399-11-29
488,بپاس,بيمه پاسارگاد,181,830943,67951194768,83444,81776,81776,-1668,-2.0,82198,-1246,-1.49,81776,81776,1399-11-29
489,سبجنو,سيمان‌ بجنورد,181,247656,15847507440,60370,63990,63990,3620,6.0,61340,970,1.61,63990,63990,1399-11-29
490,دارا,صندوق س. دارا الگوريتم-د,179,5771625,58525785789,10135,10154,10135,0,0.0,10140,5,0.05,10125,10154,1399-11-29
491,كلر,كلر پارس,179,485188,67991335192,142993,140134,140134,-2859,-2.0,140134,-2859,-2.0,140134,140134,1399-11-29
492,فلات,گروه صنايع معادن فلات ايرانيان,176,1086375,14708860221,13152,13520,13546,394,3.0,13419,267,2.03,13170,13546,1399-11-29
493,خكاوه,سايپا ديزل,174,2886389,11294440157,4076,3913,3913,-163,-4.0,3974,-102,-2.5,3913,3913,1399-11-29
494,فخاس,فولاد خراسان,174,650603,19693752810,30880,30270,30270,-610,-1.98,30780,-100,-0.32,30270,30270,1399-11-29
495,ولانا,شركت ليزينگ آريا دانا,172,427256,16474564104,37436,38559,38559,1123,3.0,38241,805,2.15,38559,38559,1399-11-29
496,تسه9810,امتياز تسهيلات مسكن دي98,171,2718,1676872384,626807,600000,600001,-26806,-4.28,616951,-9856,-1.57,597000,630000,1399-11-29
497,تسه9802,امتياز تسهيلات مسكن ارديبهشت98,171,2395,1472941545,614772,590000,610000,-4772,-0.78,615007,235,0.04,590000,629990,1399-11-29
498,كماسه,تامين‌ ماسه‌ ريخته‌گري‌,169,211294,9609651120,46400,45480,45480,-920,-1.98,46220,-180,-0.39,45480,45480,1399-11-29
499,ولساپا,ليزينگ رايان‌ سايپا,168,2060751,7604171190,3760,3690,3690,-70,-1.86,3750,-10,-0.27,3690,3690,1399-11-29
500,ضشنا2002,اختيارخ شپنا-12000-1400/02/27,168,3166,7393264000,2303,2500,2228,-75,-3.26,2335,32,1.39,2226,2550,1399-11-29
501,گوهر,صندوق سكه طلاي كيان,166,138878,8099607723,58629,58300,58000,-629,-1.07,58322,-307,-0.52,58000,58740,1399-11-29
502,تسه9905,امتياز تسهيلات مسكن مرداد99,165,2320,1432472427,624288,596177,596500,-27788,-4.45,617445,-6843,-1.1,596177,645000,1399-11-29
503,تصميم,صندوق س با درآمد ثابت تصميم,165,1100378,17248547393,15663,15664,15680,17,0.11,15675,12,0.08,15664,15684,1399-11-29
504,واحصا,احياء صنايع خراسان,164,413105,28542663765,67081,69093,69093,2012,3.0,69093,2012,3.0,69093,69093,1399-11-29
505,دقاضيح,ح . داروسازي شهيد قاضي,162,186451,6740905155,35754,35050,36826,1072,3.0,36154,400,1.12,35050,36826,1399-11-29
506,وپويا,سرمايه گذاري پويا,161,2680265,18048904510,6871,6734,6734,-137,-1.99,6823,-48,-0.7,6734,6734,1399-11-29
507,لپارس,پارس‌ الكتريك‌,157,86849,8555494990,100520,98510,98510,-2010,-2.0,100190,-330,-0.33,98510,98510,1399-11-29
508,گشان,توسعه بين المللي پديده شانديز,156,113858,4404027440,39469,38680,38680,-789,-2.0,39318,-151,-0.38,38680,38680,1399-11-29
509,خفولا,خدمات فني فولاد يزد,155,149005,11519725555,80532,77311,77311,-3221,-4.0,78568,-1964,-2.44,77311,77311,1399-11-29
510,تسه9903,امتياز تسهيلات مسكن خرداد99,155,1756,1095751021,636931,605085,605085,-31846,-5.0,624004,-12927,-2.03,605085,668777,1399-11-29
511,غصينو,صنعتي مينو,152,188651,13262919904,71738,70304,70304,-1434,-2.0,71542,-196,-0.27,70304,70304,1399-11-29
512,تسه9712,امتياز تسهيلات مسكن اسفند97,152,2211,1319975690,609508,585010,589998,-19510,-3.2,597004,-12504,-2.05,579033,619840,1399-11-29
513,شصفها,پتروشيمي‌ اصفهان‌,149,224789,26678183309,116354,118681,118681,2327,2.0,118681,2327,2.0,118681,118681,1399-11-29
514,تسه9803,امتياز تسهيلات مسكن خرداد98,143,1405,869844025,616547,590100,620000,3453,0.56,619106,2559,0.42,590100,629970,1399-11-29
515,وسديد,گروه ‌صنعتي‌سديد,136,286518,6258985710,22755,21845,21845,-910,-4.0,22591,-164,-0.72,21845,21845,1399-11-29
516,كبافق,معادن‌ بافق‌,134,93636,5160279960,56230,55110,55110,-1120,-1.99,56110,-120,-0.21,55110,55110,1399-11-29
517,مارون,پتروشيمي مارون,133,52580,7782381480,149216,149666,147000,-2216,-1.49,149121,-95,-0.06,146703,149667,1399-11-29
518,خفنر,فنرسازي‌خاور,127,458605,10002175050,22250,21810,21810,-440,-1.98,22160,-90,-0.4,21810,21810,1399-11-29
519,ارمغان,ص سرمايه گذاري ارمغان ايرانيان,127,119581845,1206106088598,10077,10074,10102,25,0.25,10086,9,0.09,10074,10102,1399-11-29
520,ثرود,سرمايه‌گذاري مسكن زاينده رود,127,365562,6498230112,18138,17776,17776,-362,-2.0,18093,-45,-0.25,17776,17776,1399-11-29
521,آتيمس,صندوق س.آرمان آتيه درخشان مس-س,126,34387,6276749995,183951,183000,182600,-1351,-0.73,182533,-1418,-0.77,181500,185000,1399-11-29
522,فجر,فولاد اميركبيركاشان,124,657480,41362066800,64190,62910,62910,-1280,-1.99,63080,-1110,-1.73,62910,62910,1399-11-29
523,وسرمد,بيمه  سرمد,122,2853009,19856942640,6758,6960,6960,202,2.99,6931,173,2.56,6960,6960,1399-11-29
524,قثابت,قند ثابت‌ خراسان‌,121,289039,20672069280,72970,71520,71520,-1450,-1.99,72440,-530,-0.73,71520,71520,1399-11-29
525,سفارود,كارخانه فارسيت درود,118,278455,5114104530,18006,18366,18366,360,2.0,18181,175,0.97,18366,18366,1399-11-29
526,قنيشا,قند  نيشابور,117,166534,10303491990,62760,62870,61510,-1250,-1.99,62580,-180,-0.29,61510,62870,1399-11-29
527,سكه9912پ04,سكه تمام بهارتحويل1روزه صادرات,111,42800,50404901700,1189691,1175000,1177000,-12691,-1.07,1177685,-12006,-1.01,1173101,1181000,1399-11-29
528,آساميد,صندوق س.مشترك آسمان اميد -د,111,4616968,53484316543,11578,11585,11581,3,0.03,11584,6,0.05,11581,11590,1399-11-29
529,داسوه,داروسازي‌ اسوه‌,110,624361,25224184400,41220,40400,40400,-820,-1.99,40790,-430,-1.04,40400,40400,1399-11-29
530,سصفها,سيمان‌اصفهان‌,109,155306,50024062600,328670,322100,322100,-6570,-2.0,322100,-6570,-2.0,322100,322100,1399-11-29
531,كتوكا,توليدي و خدمات صنايع نسوز توكا,107,217967,8533626017,39950,39151,39151,-799,-2.0,39815,-135,-0.34,39151,39151,1399-11-29
532,ضخود2005,اختيارخ خودرو-2000-1400/02/08,106,2752,2293951000,851,851,840,-11,-1.29,834,-17,-2.0,820,852,1399-11-29
533,كوير,توليدي فولاد سپيد فراب كوير,106,242599,5587054970,23500,23030,23030,-470,-2.0,23470,-30,-0.13,23030,23030,1399-11-29
534,تكشا,گسترش‌صنايع‌وخدمات‌كشاورزي‌,104,117958,5829484360,50420,49420,49420,-1000,-1.98,50300,-120,-0.24,49420,49420,1399-11-29
535,بنيرو,نيروترانس‌,103,320800,4969317240,15800,15490,15490,-310,-1.96,15770,-30,-0.19,15490,15600,1399-11-29
536,كلوند,كاشي‌ الوند,100,225981,10953299070,49450,48470,48470,-980,-1.98,49220,-230,-0.47,48470,48470,1399-11-29
537,صنفت311,صكوك مرابحه شنفت311-3ماهه18%,100,1000000,980000000000,1000000,980000,980000,-20000,-2.0,980000,-20000,-2.0,980000,980000,1399-11-29
538,فاذر,صنايع‌ آذرآب‌,98,289500,7364880000,25950,25440,25440,-510,-1.97,25880,-70,-0.27,25440,25440,1399-11-29
539,واتي,سرمايه‌ گذاري‌ آتيه‌ دماوند,97,432005,5214549680,12300,12150,12060,-240,-1.95,12280,-20,-0.16,12060,12150,1399-11-29
540,كهرام,توليدي گرانيت بهسرام,97,143862,14993441502,99259,104221,104221,4962,5.0,102730,3471,3.5,104221,104221,1399-11-29
541,ضخود2006,اختيارخ خودرو-2500-1400/02/08,97,2564,1134157000,456,425,435,-21,-4.61,442,-14,-3.07,425,460,1399-11-29
542,شزنگ,تجهيزنيروي‌زنگان‌,95,4831,1129260743,238523,233753,233753,-4770,-2.0,238247,-276,-0.12,233753,233753,1399-11-29
543,كمرجان,بازرگاني و توليدي مرجان كار,94,57167,8362045758,149259,146274,146274,-2985,-2.0,148754,-505,-0.34,146274,146274,1399-11-29
544,بنو,بيمه تجارت نو,93,360679,12869748078,36410,35682,35682,-728,-2.0,36223,-187,-0.51,35682,35682,1399-11-29
545,سخواف,سيمان مجد خواف,91,239307,4053860580,17645,16940,16940,-705,-4.0,17486,-159,-0.9,16940,16940,1399-11-29
546,خموتور,موتورسازان‌تراكتورسازي‌ايران‌,91,827862,12417930000,15300,15000,15000,-300,-1.96,15220,-80,-0.52,15000,15000,1399-11-29
547,لازما,كارخانه هاي صنعتي آزمايش,90,145406,5210042386,36562,35831,35831,-731,-2.0,36364,-198,-0.54,35831,35831,1399-11-29
548,تسه9812,امتياز تسهيلات مسكن اسفند98,89,669,410495501,613159,591000,625855,12696,2.07,613596,437,0.07,587055,639800,1399-11-29
549,ثغرب,شركت سرمايه گذاري مسكن شمالغرب,88,1315344,10414893792,8079,7918,7918,-161,-1.99,8050,-29,-0.36,7918,7918,1399-11-29
550,بمپنا,توليد برق عسلويه  مپنا,87,48908,3869747684,80737,79123,79123,-1614,-2.0,80622,-115,-0.14,79123,79123,1399-11-29
551,خديزل,بهمن  ديزل,86,163124,7036757063,44008,43128,43128,-880,-2.0,43883,-125,-0.28,43128,43999,1399-11-29
552,وكادو,تكادو,84,157293,3229225290,21385,20530,20530,-855,-4.0,21237,-148,-0.69,20530,20530,1399-11-29
553,كسرام,پارس‌ سرام‌,83,272410,2658721600,9950,9760,9760,-190,-1.91,9940,-10,-0.1,9760,9760,1399-11-29
554,افق ملت,صندوق س در سهام افق ملت,83,42274,5207621320,124320,124500,123000,-1320,-1.06,123190,-1130,-0.91,122120,125500,1399-11-29
555,تسه9811,امتياز تسهيلات مسكن بهمن98,81,704,429432608,631523,599947,615000,-16523,-2.62,609989,-21534,-3.41,599947,662000,1399-11-29
556,تسه9901,امتياز تسهيلات مسكن فروردين99,81,415,258583260,633510,615000,630000,-3510,-0.55,623092,-10418,-1.64,615000,630000,1399-11-29
557,لكما,كارخانجات‌مخابراتي‌ايران‌,80,663909,4260967962,6548,6418,6418,-130,-1.99,6519,-29,-0.44,6418,6418,1399-11-29
558,پاسا,ايران‌ياساتايرورابر,80,241271,6519142420,27570,27020,27020,-550,-1.99,27500,-70,-0.25,27020,27020,1399-11-29
559,تپكو,توليدتجهيزات‌سنگين‌هپكو,79,501737,2663721733,5530,5309,5309,-221,-4.0,5517,-13,-0.24,5309,5309,1399-11-29
560,تسه9809,امتياز تسهيلات مسكن آذر98,79,1180,732733593,617681,586797,620000,2319,0.38,620961,3280,0.53,586797,648565,1399-11-29
561,فسپا,گروه‌صنعتي‌سپاهان‌,79,298008,11979921600,41020,40200,40200,-820,-2.0,40820,-200,-0.49,40200,40200,1399-11-29
562,خاتم,صندوق س خاتم ايساتيس پويا-ثابت,79,2250339,23737644706,10544,10550,10546,2,0.02,10548,4,0.04,10545,10554,1399-11-29
563,شسينا,صنايع‌شيميايي‌سينا,79,47585,6530565400,140040,137240,137240,-2800,-2.0,139700,-340,-0.24,137240,137240,1399-11-29
564,اخزا901,اسنادخزانه-م1بودجه99-010621,77,58290,42659755870,734263,730005,734000,-263,-0.04,731854,-2409,-0.33,730005,734000,1399-11-29
565,غفارس,شير پاستوريزه پگاه فارس,77,816251,12621689213,15778,15463,15463,-315,-2.0,15708,-70,-0.44,15463,15463,1399-11-29
566,قهكمت,قندهكمتان‌,76,138905,6360459950,46720,45790,45790,-930,-1.99,46610,-110,-0.24,45790,45790,1399-11-29
567,فولاي,صنايع فولاد آلياژي يزد,74,242885,12416281200,52163,51120,51120,-1043,-2.0,51895,-268,-0.51,51120,51120,1399-11-29
568,ضپاس2003,اختيارخ وپارس-3500-1400/02/29,74,3636,1457889000,331,400,469,138,41.69,401,70,21.15,360,469,1399-11-29
569,سپر,صندوق س سپر سرمايه بيدار- ثابت,74,916176,10461875002,11416,11419,11421,5,0.04,11419,3,0.03,11419,11421,1399-11-29
570,شفارس,صنايع‌ شيميايي‌ فارس‌,74,173685,9236568300,54260,53180,53180,-1080,-1.99,54070,-190,-0.35,53180,53180,1399-11-29
571,ضصاد3002,اختيارخ وبصادر-2500-1400/03/12,73,3081,1093751000,600,400,360,-240,-40.0,355,-245,-40.83,301,400,1399-11-29
572,ضملت3002,اختيارخ وبملت-4000-1400/03/19,73,3704,1857999000,669,669,500,-169,-25.26,502,-167,-24.96,499,669,1399-11-29
573,فمراد,آلومراد,72,64195,9378247550,149070,146090,146090,-2980,-2.0,148490,-580,-0.39,146090,146090,1399-11-29
574,غدام,خوراك‌  دام‌ پارس‌,71,7190,2856658900,405410,397310,397310,-8100,-2.0,404930,-480,-0.12,397310,397310,1399-11-29
575,فپنتا,سپنتا,71,15722,6452937680,418810,410440,410440,-8370,-2.0,417810,-1000,-0.24,410440,410440,1399-11-29
576,اميد,تامين سرمايه اميد,70,486084,3626186640,7610,7460,7460,-150,-1.97,7600,-10,-0.13,7460,7460,1399-11-29
577,وآوا,سرمايه گذاري آوا نوين,70,298599,2619011829,8949,8771,8771,-178,-1.99,8940,-9,-0.1,8771,8771,1399-11-29
578,دمعيار,صندوق س. توازن معيار-د,69,2519103,25549303724,10140,10145,10150,10,0.1,10142,2,0.02,10140,10150,1399-11-29
579,شرنگي,شيميايي رنگين,68,24875,5114897000,199635,205624,205624,5989,3.0,200957,1322,0.66,205624,205624,1399-11-29
580,لابسا,آبسال‌,67,63574,3035022760,48710,47740,47740,-970,-1.99,48650,-60,-0.12,47740,47740,1399-11-29
581,كفرا,فراورده‌ هاي‌ نسوزايران‌,66,52152,2346318480,45900,44990,44990,-910,-1.98,45860,-40,-0.09,44990,44990,1399-11-29
582,اخزا903,اسنادخزانه-م3بودجه99-011110,65,134304,91132239803,678685,678685,678001,-684,-0.1,678552,-133,-0.02,673001,679197,1399-11-29
583,اخزا907,اسنادخزانه-م7بودجه99-020704,64,54182,32308301697,598451,594000,596010,-2441,-0.41,596292,-2159,-0.36,594000,599000,1399-11-29
584,فجام,جام‌دارو,64,580931,5937114820,10420,10220,10220,-200,-1.92,10400,-20,-0.19,10220,10220,1399-11-29
585,تايرا,تراكتورسازي‌ايران‌,64,191092,5010432240,26750,26220,26220,-530,-1.98,26700,-50,-0.19,26220,26220,1399-11-29
586,تسه9808,امتياز تسهيلات مسكن آبان98,64,828,504760593,616135,585331,609000,-7135,-1.16,609614,-6521,-1.06,585331,629000,1399-11-29
587,اخزا902,اسنادخزانه-م2بودجه99-011019,63,60121,41216453621,687206,686000,686500,-706,-0.1,685558,-1648,-0.24,680000,687206,1399-11-29
588,ختور,رادياتور ايران‌,62,92541,2171937270,23940,23470,23470,-470,-1.96,23920,-20,-0.08,23470,23470,1399-11-29
589,كدما,معدني‌ دماوند,62,4665,1100053650,240620,235810,235810,-4810,-2.0,240510,-110,-0.05,235810,235810,1399-11-29
590,غدشت,دشت‌ مرغاب‌,61,56877,16682592870,299290,293310,293310,-5980,-2.0,297180,-2110,-0.71,293310,293310,1399-11-29
591,غويتا,ويتانا,61,140946,2560002198,18533,18163,18163,-370,-2.0,18514,-19,-0.1,18163,18163,1399-11-29
592,توريل,توکاريل,59,120104,3094359456,26289,25764,25764,-525,-2.0,26257,-32,-0.12,25764,25764,1399-11-29
593,حتوكا,حمل‌ونقل‌توكا,59,28339,862922550,31070,30450,30450,-620,-2.0,31060,-10,-0.03,30450,30450,1399-11-29
594,ضسپا3003,اختيارخ خساپا-2000-1400/03/26,59,1512,1062308000,723,750,700,-23,-3.18,703,-20,-2.77,688,750,1399-11-29
595,سجام,مجتمع سيمان غرب آسيا,58,547410,2750187840,5233,5024,5024,-209,-3.99,5202,-31,-0.59,5024,5024,1399-11-29
596,اعتلاح,ح سرمايه گذاري اعتلاء البرز,58,3779282,24001902946,6450,6450,6350,-100,-1.55,6351,-99,-1.53,6337,6837,1399-11-29
597,اخزا909,اسنادخزانه-م9بودجه99-020316,57,89872,57008979285,636280,634500,630000,-6280,-0.99,634335,-1945,-0.31,630000,636600,1399-11-29
598,قاسم,قاسم ايران,57,107537,1453900240,13795,13520,13520,-275,-1.99,13787,-8,-0.06,13520,13520,1399-11-29
599,دشيمي,شيمي‌ داروئي‌ داروپخش‌,57,42463,1255630910,30170,29570,29570,-600,-1.99,30150,-20,-0.07,29570,29570,1399-11-29
600,دجابر,داروسازي‌ جابرابن‌حيان‌,57,414592,8532303360,21000,20580,20580,-420,-2.0,20930,-70,-0.33,20580,20580,1399-11-29
601,تكنار,مجتمع معادن مس تكنار,56,143377,24277884033,172784,169329,169329,-3455,-2.0,169329,-3455,-2.0,169329,169329,1399-11-29
602,ساينا,صنايع بهداشتي ساينا,56,22874,3601488426,160662,157449,157449,-3213,-2.0,160423,-239,-0.15,157449,157449,1399-11-29
603,ضخود2008,اختيارخ خودرو-3500-1400/02/08,56,1908,247819000,136,140,126,-10,-7.35,130,-6,-4.41,125,150,1399-11-29
604,كپشير,پشم‌شيشه‌ايران‌,55,340173,12542178510,37620,36870,36870,-750,-1.99,37440,-180,-0.48,36870,36870,1399-11-29
605,اوصتا,صندوق انديشه ورزان صباتامين -د,55,1154123,20685774532,17946,17921,17930,-16,-0.09,17923,-23,-0.13,17908,17930,1399-11-29
606,قنقش,قند نقش جهان,55,40851,2983957385,74533,73043,73043,-1490,-2.0,74051,-482,-0.65,73043,74187,1399-11-29
607,نمرينو,ايران‌ مرينوس‌,52,99784,6127735440,57940,61410,61410,3470,5.99,58330,390,0.67,61410,61410,1399-11-29
608,جوين,كشت و صنعت جوين,52,1207446,6551601996,5268,5426,5426,158,3.0,5316,48,0.91,5426,5426,1399-11-29
609,خاذين,سايپاآذين‌,52,696714,3288490080,4810,4720,4720,-90,-1.87,4800,-10,-0.21,4720,4720,1399-11-29
610,سدبير,س. تدبيرگران فارس وخوزستان,51,86947,8055726497,94541,92651,92651,-1890,-2.0,94231,-310,-0.33,92651,92651,1399-11-29
611,اخزا910,اسنادخزانه-م10بودجه99-020807,50,115524,67621764279,585823,556532,586001,178,0.03,585348,-475,-0.08,556532,587800,1399-11-29
612,ضشنا2001,اختيارخ شپنا-10000-1400/02/27,50,987,3722557000,3609,3770,3754,145,4.02,3772,163,4.52,3670,4000,1399-11-29
613,فردا2,صندوق س آواي فرداي زاگرس-ثابت,50,5000000,5000000,10180,1,1,-10179,-99.99,1,-10179,-99.99,1,1,1399-11-29
614,زكشت,كشاورزي مكانيزه اصفهان كشت,49,204948,8274980448,41200,40376,40376,-824,-2.0,41084,-116,-0.28,40376,40376,1399-11-29
615,اخزا821,اسنادخزانه-م21بودجه98-020906,47,120044,69838355895,583453,580000,580000,-3453,-0.59,581773,-1680,-0.29,580000,583000,1399-11-29
616,غمينو,شركت صنايع غذايي مينو شرق,47,68487,842664048,12555,12304,12304,-251,-2.0,12551,-4,-0.03,12304,12304,1399-11-29
617,كساپا,سايپاشيشه‌,47,182520,7240568400,40470,39670,39670,-800,-1.98,40360,-110,-0.27,39670,39670,1399-11-29
618,فلامي,لاميران‌,47,26327,1169182070,45310,44410,44410,-900,-1.99,45290,-20,-0.04,44410,44410,1399-11-29
619,شدوص,دوده‌ صنعتي‌ پارس‌,46,310030,9390808700,30900,30290,30290,-610,-1.97,30780,-120,-0.39,30290,30290,1399-11-29
620,ثنوسا,نوسازي‌وساختمان‌تهران‌,45,166929,2186769900,13360,13100,13100,-260,-1.95,13350,-10,-0.07,13100,13100,1399-11-29
621,تسه9806,امتياز تسهيلات مسكن شهريور98,45,385,236748454,611647,581065,610000,-1647,-0.27,614931,3284,0.54,581065,642229,1399-11-29
622,ضفلا3004,اختيارخ فولاد-12000-1400/03/19,45,2077,3857908000,2336,2499,1800,-536,-22.95,1857,-479,-20.51,1750,2499,1399-11-29
623,بكاب,صنايع‌جوشكاب‌يزد,45,6449,2301712590,364190,356910,356910,-7280,-2.0,363840,-350,-0.1,356910,356910,1399-11-29
624,كاذر,فرآورده‌هاي‌نسوزآذر,44,68192,2270793600,33970,33300,33300,-670,-1.97,33940,-30,-0.09,33300,33300,1399-11-29
625,زعف0008پ11,زعفران0008نگين سحرخيز(پ),43,255481,31945643595,125168,125500,125000,-168,-0.13,125041,-127,-0.1,125000,125500,1399-11-29
626,تسه9807,امتياز تسهيلات مسكن مهر98,43,683,424139078,612869,609107,610001,-2868,-0.47,620994,8125,1.33,590301,643512,1399-11-29
627,فافزا,فولاد افزا سپاهان,42,143571,7728714072,54930,53832,53832,-1098,-2.0,54479,-451,-0.82,53832,53832,1399-11-29
628,فردا,صندوق س آواي فرداي زاگرس-ثابت,41,476521,4853409537,10180,10184,10185,5,0.05,10185,5,0.05,10184,10188,1399-11-29
629,قلرست,قند لرستان‌,39,240943,8584799090,36350,35630,35630,-720,-1.98,36230,-120,-0.33,35630,35630,1399-11-29
630,مشير112,مشاركت شهرداري شيراز-3ماهه18%,39,376005,376005000000,990000,1000000,1000000,10000,1.01,1000000,10000,1.01,1000000,1000000,1399-11-29
631,شپلي,پلي اكريل ايران,39,198492,2170113036,11156,10933,10933,-223,-2.0,11125,-31,-0.28,10933,10933,1399-11-29
632,زنجان,صنايع كشاورزي وكود زنجان,39,105979,990479734,9536,9346,9346,-190,-1.99,9526,-10,-0.1,9346,9346,1399-11-29
633,ثقزوي,شركت عمران و سازندگي قزوين,39,29523,932483955,32229,31585,31585,-644,-2.0,32198,-31,-0.1,31585,31585,1399-11-29
634,ضپاس2001,اختيارخ وپارس-2500-1400/02/29,38,971,931305000,831,1000,1140,309,37.18,959,128,15.4,900,1140,1399-11-29
635,خوساز,محورسازان‌ايران‌خودرو,38,102063,806297700,8060,7900,7900,-160,-1.99,8060,0,0.0,7900,7900,1399-11-29
636,ضخود2013,اختيارخ خودرو-7000-1400/02/08,37,1726,28798000,18,28,24,6,33.33,17,-1,-5.56,16,28,1399-11-29
637,پلاست,كارخانجات توليدي پلاستيران,37,8888,622968808,73011,70091,70091,-2920,-4.0,72913,-98,-0.13,70091,70091,1399-11-29
638,غمارگ,مارگارين‌,37,117658,3805059720,32990,32340,32340,-650,-1.97,32940,-50,-0.15,32340,32340,1399-11-29
639,سماه021,سلف موازي برق ماهتاب گستر021,36,1762310,499997306270,283717,283717,283717,0,0.0,283717,0,0.0,283717,283717,1399-11-29
640,صايند,صندوق س. گنجينه آينده روشن-د,36,177240,1770174650,9988,9973,9993,5,0.05,9987,-1,-0.01,9973,9998,1399-11-29
641,ضملت3001,اختيارخ وبملت-3500-1400/03/19,36,1740,1370267000,847,810,770,-77,-9.09,788,-59,-6.97,769,820,1399-11-29
642,بذر,صندوق س بذر اميد آفرين-سهام,36,24569,2433284320,100040,99500,98000,-2040,-2.04,99040,-1000,-1.0,98000,100000,1399-11-29
643,اخزا813,اسنادخزانه-م13بودجه98-010219,35,21544,16884567274,787962,786995,785303,-2659,-0.34,783725,-4237,-0.54,780008,786995,1399-11-29
644,اخزا816,اسنادخزانه-م16بودجه98-010503,34,10587,7951784265,751435,744259,754000,2565,0.34,751089,-346,-0.05,744259,754400,1399-11-29
645,تسه9805,امتياز تسهيلات مسكن مرداد98,34,166,102365965,612854,599948,643496,30642,5.0,616662,3808,0.62,599948,643496,1399-11-29
646,فيروزا,صندوق بادرآمد ثابت فيروزه آسيا,34,119313,2641357979,22119,22170,22149,30,0.14,22138,19,0.09,22100,22170,1399-11-29
647,اخزا815,اسنادخزانه-م15بودجه98-010406,33,64542,49401356348,765024,764003,765000,-24,0.0,765414,390,0.05,764003,772559,1399-11-29
648,كگهرح,ح . سنگ آهن گهرزمين,33,2380837,109756585700,41503,46100,46100,4597,11.08,46100,4597,11.08,46100,46100,1399-11-29
649,پرداخت,به پرداخت ملت,32,19338,690173220,36410,35690,35690,-720,-1.98,36400,-10,-0.03,35690,35690,1399-11-29
650,ثنظام,س. ساختماني نظام مهندسي ايران,32,99995,4816659155,49152,48169,48169,-983,-2.0,48902,-250,-0.51,48169,48169,1399-11-29
651,سكه0011پ02,سكه تمام بهارتحويلي 1روزه ملت,32,5000,5899218400,1193390,1182950,1176310,-17080,-1.43,1179844,-13546,-1.14,1175002,1184000,1399-11-29
652,ضجار2003,اختيارخ وتجارت-3000-1400/02/22,31,1135,340399000,397,310,300,-97,-24.43,300,-97,-24.43,281,329,1399-11-29
653,دقاضي,داروسازي شهيد قاضي,31,73130,3290996260,45920,45002,45002,-918,-2.0,45763,-157,-0.34,45002,45002,1399-11-29
654,الماس,صندوق س.امين تدبيرگران فردا-س,31,4024,447110622,111106,112000,112000,894,0.8,111111,5,0.0,110000,112000,1399-11-29
655,غاذر,كشت‌وصنعت‌پياذر,31,19546,1042779100,54430,53350,53350,-1080,-1.98,54410,-20,-0.04,53350,53350,1399-11-29
656,سكارون,سيمان كارون,31,4221,732292848,180716,173488,173488,-7228,-4.0,180439,-277,-0.15,173488,173488,1399-11-29
657,غبهار,كشت وصنعت بهاران گلبهار خراسان,30,20402,694647296,34742,34048,34048,-694,-2.0,34717,-25,-0.07,34048,34048,1399-11-29
658,وآتوس,س.آرين توسكا قيمت اسمي 350ريال,29,26652,1223353452,46837,45901,45901,-936,-2.0,46778,-59,-0.13,45901,45901,1399-11-29
659,تسه9804,امتياز تسهيلات مسكن تير98,28,178,109585611,615333,588003,626000,10667,1.73,615649,316,0.05,588003,646000,1399-11-29
660,ثاباد,توريستي ورفاهي آبادگران ايران,28,24977,1380229020,56380,55260,55260,-1120,-1.99,56350,-30,-0.05,55260,55260,1399-11-29
661,سلار,شركت سيمان لارستان,27,484136,29772911592,62752,61497,61497,-1255,-2.0,61497,-1255,-2.0,61497,61497,1399-11-29
662,زعف0008پ20,زعفران0008نگين وحدت جام(پ),27,36772,4509146205,123280,123100,122250,-1030,-0.84,122624,-656,-0.53,122209,123100,1399-11-29
663,آبين,كشت و صنعت آبشيرين,27,104372,431891336,4310,4138,4138,-172,-3.99,4302,-8,-0.19,4138,4138,1399-11-29
664,وحافظ,بيمه حافظ,26,87470,6087999470,72501,69601,69601,-2900,-4.0,70643,-1858,-2.56,69601,69601,1399-11-29
665,اخزا905,اسنادخزانه-م5بودجه99-020218,26,178614,114800568191,643244,642000,644997,1753,0.27,642730,-514,-0.08,642000,644997,1399-11-29
666,اخزا809,اسنادخزانه-م9بودجه98-000923,26,39523,34006350111,853756,860417,861999,8243,0.97,860419,6663,0.78,860417,861999,1399-11-29
667,صنوين,صندوق سرمايه‌گذاري صنوين-مختلط,26,12250,1251848660,101920,101920,101930,10,0.01,102190,270,0.26,101920,103890,1399-11-29
668,سخند,صندوق س.سپهرخبرگان نفت-د,25,177800,1791380200,10064,10074,10075,11,0.11,10075,11,0.11,10074,10080,1399-11-29
669,سجامح,ح.مجتمع سيمان غرب آسيا,25,112051,315871769,2876,2819,2819,-57,-1.98,2819,-57,-1.98,2819,2819,1399-11-29
670,ضملي3003,اختيارخ فملي-12000-1400/03/02,25,847,1579898000,2062,2010,1900,-162,-7.86,1865,-197,-9.55,1560,2010,1399-11-29
671,گپارس,امور رفاهي كارگزاران پارس,24,2774,571893388,210369,206162,206162,-4207,-2.0,210245,-124,-0.06,206162,206162,1399-11-29
672,سكه0112پ03,سكه تمام بهارتحويلي1روزه سامان,24,4500,5312848000,1188507,1183999,1176000,-12507,-1.05,1180633,-7874,-0.66,1175000,1183999,1399-11-29
673,اخزا817,اسنادخزانه-م17بودجه98-010512,24,9261,6933987337,750011,748002,749999,-12,0.0,748730,-1281,-0.17,748002,750000,1399-11-29
674,ضملي3004,اختيارخ فملي-14000-1400/03/02,24,377,310426000,917,802,911,-6,-0.65,823,-94,-10.25,800,1000,1399-11-29
675,اخزا908,اسنادخزانه-م8بودجه99-020606,23,26609,16097157332,604711,610297,604000,-711,-0.12,604952,241,0.04,602151,610297,1399-11-29
676,ركيش,كارت اعتباري ايران كيش,23,28051,746998130,27170,26630,26630,-540,-1.99,27160,-10,-0.04,26630,26630,1399-11-29
677,قشهد,شهد,22,56863,1989636370,35700,34990,34990,-710,-1.99,35670,-30,-0.08,34990,34990,1399-11-29
678,فسا,پتروشيمي فسا,22,180083,328291309,1860,1823,1823,-37,-1.99,1859,-1,-0.05,1823,1823,1399-11-29
679,ضجار2002,اختيارخ وتجارت-2500-1400/02/22,21,1181,642984000,620,531,530,-90,-14.52,544,-76,-12.26,530,550,1399-11-29
680,ثعتما,س. ساختماني اعتماد گستر,21,40809,2767462335,69198,67815,67815,-1383,-2.0,68997,-201,-0.29,67815,67815,1399-11-29
681,ضشنا2003,اختيارخ شپنا-14000-1400/02/27,20,213,294061000,1112,1330,1400,288,25.9,1381,269,24.19,1330,1490,1399-11-29
682,خبازرس,بازرسي مهندسي و صنعتي ايران,20,782481,22483809054,27366,28734,28734,1368,5.0,28734,1368,5.0,28734,28734,1399-11-29
683,آسام,صندوق س.آرمان سپهر آشنا-م,19,3820,398427230,103812,103000,104550,738,0.71,104300,488,0.47,103000,104963,1399-11-29
684,بايكا,كارخانجات كابلسازي ‌ايران‌,19,5710,243497240,43514,42644,42644,-870,-2.0,43503,-11,-0.03,42644,42644,1399-11-29
685,شپاس4,نفت پاسارگاد,19,436592287,9983992419116,22660,22868,22868,208,0.92,22868,208,0.92,22868,22868,1399-11-29
686,حرهشا,رهشاد سپاهان (سهامي عام,19,8565,549684570,65487,64178,64178,-1309,-2.0,65414,-73,-0.11,64178,64178,1399-11-29
687,اخزا808,اسنادخزانه-م8بودجه98-000817,19,8211,7179651583,871400,874041,874042,2642,0.3,874394,2994,0.34,870001,875490,1399-11-29
688,جهرم,پتروشيمي جهرم,18,191060,380591520,2032,1992,1992,-40,-1.97,2031,-1,-0.05,1992,1992,1399-11-29
689,ضصاد3003,اختيارخ وبصادر-3000-1400/03/12,18,625,137398000,419,222,220,-199,-47.49,220,-199,-47.49,216,223,1399-11-29
690,ضخود2009,اختيارخ خودرو-4000-1400/02/08,17,378,30574000,98,95,90,-8,-8.16,81,-17,-17.35,79,95,1399-11-29
691,ولراز,ليزينگ رازي,17,5100,280882500,56198,55075,55075,-1123,-2.0,56181,-17,-0.03,55075,55075,1399-11-29
692,كيسون,شركت كيسون,17,15934,225545770,14744,14155,14155,-589,-3.99,14739,-5,-0.03,14155,14155,1399-11-29
693,ضملي3002,اختيارخ فملي-10000-1400/03/02,17,492,1531550000,3105,3000,3150,45,1.45,3113,8,0.26,3000,3200,1399-11-29
694,غشوكو,شوكو پارس,17,22077,872019423,40305,39499,39499,-806,-2.0,40268,-37,-0.09,39499,39499,1399-11-29
695,وسرضوي,س.سهام عدالت استان خراسان رضوي,17,242731,245158310,1030,1010,1010,-20,-1.94,1030,0,0.0,1010,1010,1399-11-29
696,اخزا814,اسنادخزانه-م14بودجه98-010318,17,28187,21790837421,773144,771060,771501,-1643,-0.21,773081,-63,-0.01,771060,775000,1399-11-29
697,ثروتم,صندوق س. ثروت آفرين پارسيان-س,17,4840,398872000,82824,82750,82150,-674,-0.81,82412,-412,-0.5,82150,82750,1399-11-29
698,اراد65,مرابحه عام دولتي65-ش.خ0210,16,540000,500909400000,927490,927610,927610,120,0.01,927610,120,0.01,927610,927610,1399-11-29
699,زعف0008پ16,زعفران0008نگين بيرجند(پ),16,20144,2488047540,123823,124000,123500,-323,-0.26,123513,-310,-0.25,123001,124000,1399-11-29
700,كتوكاح,ح.توليدي وخدمات صنايع نسوزتوكا,16,14863,364886650,25051,24550,24550,-501,-2.0,24550,-501,-2.0,24550,24550,1399-11-29
701,ضصاد3001,اختيارخ وبصادر-2000-1400/03/12,16,910,678845000,769,750,735,-34,-4.42,746,-23,-2.99,735,755,1399-11-29
702,سمايه,بانك سرمايه,16,88264,623761688,7211,7067,7067,-144,-2.0,7206,-5,-0.07,7067,7067,1399-11-29
703,اخزا906,اسنادخزانه-م6بودجه99-020321,15,5200,3661952908,685906,694999,713898,27992,4.08,704222,18316,2.67,692980,717400,1399-11-29
704,وبيمهح,ح . سرمايه‌ گذاري‌ صنعت‌ بيمه‌,15,221645,343549750,1610,1550,1550,-60,-3.73,1550,-60,-3.73,1550,1550,1399-11-29
705,لخانه,لوازم‌ خانگي‌ پارس‌,14,53052,1501902120,28887,28310,28310,-577,-2.0,28842,-45,-0.16,28310,28310,1399-11-29
706,ضفلا3005,اختيارخ فولاد-14000-1400/03/19,14,506,408343000,1432,800,839,-593,-41.41,807,-625,-43.65,773,849,1399-11-29
707,پيشگام,ص.ج.رشد يكم پيشگام 20%تاديه,14,1355810,271162000000,200000,200000,200000,0,0.0,200000,0,0.0,200000,200000,1399-11-29
708,اخزا812,اسنادخزانه-م12بودجه98-001111,14,54183,45397094269,835172,837000,838000,2828,0.34,837848,2676,0.32,837000,839999,1399-11-29
709,سفاسي,شركت فارسيت اهواز,14,46265,660988055,14578,14287,14287,-291,-2.0,14568,-10,-0.07,14287,14287,1399-11-29
710,زعف0008پ05,زعفران0008نگين زرين(پ),14,8740,1081398200,123518,123300,123300,-218,-0.18,123730,212,0.17,123300,124000,1399-11-29
711,ضشنا2000,اختيارخ شپنا-9000-1400/02/27,13,332,1521280000,4222,4480,4600,378,8.95,4582,360,8.53,4480,4600,1399-11-29
712,نگين,ص.س. زمين و ساختمان نگين شهرري,13,3285,157279110,47640,48160,47580,-60,-0.13,47880,240,0.5,47550,48200,1399-11-29
713,اخزا806,اسنادخزانه-م6بودجه98-000519,13,38351,35023106920,913056,913042,913044,-12,0.0,913225,169,0.02,913042,914000,1399-11-29
714,گنجين,صندوق س. گنجينه يكم آويد-د,12,53487,655082163,12234,12234,12250,16,0.13,12248,14,0.11,12233,12250,1399-11-29
715,وپسا,س. پتروشيمي ساختمان  خليج فارس,12,46094,138558564,3067,3006,3006,-61,-1.99,3066,-1,-0.03,3006,3006,1399-11-29
716,ومشان,س. فني و مهندسي مشانير,12,8403,684878112,83167,81504,81504,-1663,-2.0,83108,-59,-0.07,81504,81504,1399-11-29
717,داراب,پتروشيمي داراب,11,70131,168945579,2458,2409,2409,-49,-1.99,2458,0,0.0,2409,2409,1399-11-29
718,ضفلا3003,اختيارخ فولاد-10000-1400/03/19,11,400,1325000000,3450,3300,3350,-100,-2.9,3312,-138,-4.0,3300,3350,1399-11-29
719,تشتاد,صنايع توليدي اشتاد ايران‌,11,15315,237076200,15795,15480,15480,-315,-1.99,15791,-4,-0.03,15480,15480,1399-11-29
720,اخزا721,اسنادخزانه-م21بودجه97-000728,11,9972,8780053286,880079,882000,880000,-79,-0.01,880471,392,0.04,880000,882000,1399-11-29
721,حاريا,كشتيراني آريا,10,23426,668695170,29127,28545,28545,-582,-2.0,29107,-20,-0.07,28545,28545,1399-11-29
722,اخزا811,اسنادخزانه-م11بودجه98-001013,10,12532,10627136032,846846,848000,848000,1154,0.14,848000,1154,0.14,848000,848001,1399-11-29
723,عيار2,صندوق س. پشتوانه طلاي مفيد,10,100000,100000,29758,1,1,-29757,-100.0,1,-29757,-100.0,1,1,1399-11-29
724,اخزا720,اسنادخزانه-م20بودجه97-000324,10,26063,24591211990,938850,938980,941010,2160,0.23,943530,4680,0.5,938980,946000,1399-11-29
725,كصدف,كاشي صدف سرام استقلال آباده,10,8378,211745572,25789,25274,25274,-515,-2.0,25783,-6,-0.02,25274,25274,1399-11-29
726,ثاژن,سخت آژند,10,53066,536231930,10311,10105,10105,-206,-2.0,10299,-12,-0.12,10105,10105,1399-11-29
727,ضپنا2003,اختيارخ رمپنا-16000-1400/02/12,10,88,233776000,3533,2600,2600,-933,-26.41,2657,-876,-24.79,2600,2800,1399-11-29
728,اخزا722,اسنادخزانه-م22بودجه97-000428,10,26020,24158964230,922846,928001,928590,5744,0.62,928477,5631,0.61,923001,928698,1399-11-29
729,ضخود2010,اختيارخ خودرو-4500-1400/02/08,9,193,9805000,51,67,44,-7,-13.73,51,0,0.0,44,67,1399-11-29
730,دحاوي,الحاوي,9,14984,180047744,12261,12016,12016,-245,-2.0,12259,-2,-0.02,12016,12016,1399-11-29
731,ضترا3004,اختيارخ شتران-10000-1400/03/09,9,443,443000000,1700,1000,1000,-700,-41.18,1000,-700,-41.18,1000,1000,1399-11-29
732,صينا205,صكوك منفعت سينا دارو-3ماهه 19%,9,509,499690121,953000,999899,975000,22000,2.31,981709,28709,3.01,970000,999899,1399-11-29
733,تملي804,تسهيلات مسكن ب. ملي-تير98,9,151,101378984,639414,671384,671384,31970,5.0,671384,31970,5.0,671384,671384,1399-11-29
734,اخزا718,اسنادخزانه-م18بودجه97-000525,9,33332,30335156512,909245,910091,910091,846,0.09,910091,846,0.09,910091,910092,1399-11-29
735,وسلرستا,شركت س استان لرستان,8,160320,142684800,900,890,890,-10,-1.11,900,0,0.0,890,890,1399-11-29
736,زعف0008پ10,زعفران0008نگين طلاي سرخ(پ),8,2221,277786000,125482,126500,126000,518,0.41,125072,-410,-0.33,125000,126500,1399-11-29
737,ضبدر3001,اختيارخ شبندر-16000-1400/03/30,8,35,352520000,9546,10000,10001,455,4.77,10072,526,5.51,10000,10500,1399-11-29
738,زعف0008پ12,زعفران0008پوشالمعمول سحرخيز(پ),8,2550,211600000,82650,82500,83000,350,0.42,82980,330,0.4,82500,83000,1399-11-29
739,اخزا904,اسنادخزانه-م4بودجه99-011215,7,22668,15112993680,665430,662010,667000,1570,0.24,666710,1280,0.19,662010,667000,1399-11-29
740,اخزا804,اسنادخزانه-م4بودجه98-000421,7,46589,43409043207,925518,929991,932499,6981,0.75,931744,6226,0.67,925526,932499,1399-11-29
741,قجام,فرآوردههاي غذايي وقندتربت‌جام‌,7,6306,103670640,16775,16440,16440,-335,-2.0,16771,-4,-0.02,16440,16440,1399-11-29
742,شستا991,اجاره تامين اجتماعي-امين991226,7,25154,25153949836,977674,990000,1000000,22326,2.28,999998,22324,2.28,990000,1000000,1399-11-29
743,تملي703,تسهيلات مسكن ب. ملي-خرداد97,7,151,66461172,440286,462300,418272,-22014,-5.0,440140,-146,-0.03,418272,462300,1399-11-29
744,پست0008پ09,پسته بادامي30-28مه ولات0008(پ),7,570,780900000,1370000,1370000,1370000,0,0.0,1370000,0,0.0,1370000,1370000,1399-11-29
745,اخزا818,اسنادخزانه-م18بودجه98-010614,7,5334,3923130027,736033,735001,736000,-33,0.0,735495,-538,-0.07,735001,737000,1399-11-29
746,وسقم,شركت س استان قم,6,104375,145081250,1410,1390,1390,-20,-1.42,1410,0,0.0,1390,1390,1399-11-29
747,لخانهح,ح.لوازم‌ خانگي‌ پارس‌,6,2355,53312490,23100,22638,22638,-462,-2.0,22638,-462,-2.0,22638,22638,1399-11-29
748,اراد60,مرابحه عام دولتي6-ش.خ0210,6,1500,1419764000,935380,935380,950000,14620,1.56,946509,11129,1.19,935380,950000,1399-11-29
749,ضملت3003,اختيارخ وبملت-4500-1400/03/19,6,141,52855000,399,355,350,-49,-12.28,375,-24,-6.02,350,500,1399-11-29
750,ضصاد3000,اختيارخ وبصادر-1800-1400/03/12,6,200,172209000,1000,870,860,-140,-14.0,861,-139,-13.9,860,870,1399-11-29
751,شپارسح,ح . بين‌ المللي‌محصولات پارس‌,6,19279,346091800,18230,17900,18000,-230,-1.26,17950,-280,-1.54,17510,18000,1399-11-29
752,اراد544,مرابحه عام دولت5-ش.خ 0109,5,35142000,33482259692000,980000,951216,953500,-26500,-2.7,952770,-27230,-2.78,951216,953552,1399-11-29
753,خعمرا,توسعه و عمران شهرستان نائين,5,3498,82433868,22444,23566,23566,1122,5.0,22448,4,0.02,23566,23566,1399-11-29
754,پست0008پ08,پسته فندقي32-30مه ولات0008(پ),5,406,552890200,1366836,1330000,1375000,8164,0.6,1361798,-5038,-0.37,1330000,1375000,1399-11-29
755,زير0003پ04,زيره سبز0003شركت مينوبذر(پ),5,539,239150000,457577,450000,440000,-17577,-3.84,443692,-13885,-3.03,440000,450000,1399-11-29
756,عفولاد3,اوراق سلف موازي ورق گرم فولاد,5,56,46765012,835066,821881,838319,3253,0.39,835089,23,0.0,821881,838319,1399-11-29
757,ضفار3001,اختيارخ فارس-9000-1400/03/05,5,25,30900000,1848,1300,1400,-448,-24.24,1236,-612,-33.12,1200,1400,1399-11-29
758,اخزا723,اسنادخزانه-م23بودجه97-000824,5,7006,6095640000,869038,870060,870054,1016,0.12,870060,1022,0.12,870054,875000,1399-11-29
759,ضملت3004,اختيارخ وبملت-5000-1400/03/19,5,14,2769000,755,199,190,-565,-74.83,198,-557,-73.77,190,200,1399-11-29
760,اخزا713,اسنادخزانه-م13بودجه97-000518,5,11435,10452976400,911962,912165,919900,7938,0.87,914121,2159,0.24,912164,919900,1399-11-29
761,وسفارس,شركت س استان فارس,5,36218,36580180,1030,1010,1010,-20,-1.94,1030,0,0.0,1010,1010,1399-11-29
762,اطلس2,صندوق س.توسعه اندوخته آينده-س,4,40000,40000,202581,1,1,-202580,-100.0,1,-202580,-100.0,1,1,1399-11-29
763,اراد314,مرابحه عام دولت3-ش.خ 0208,4,26900000,24159878600000,1000000,898249,898044,-101956,-10.2,898137,-101863,-10.19,898044,898249,1399-11-29
764,ضمخا7071,اختيارخ اخابر-24000-1400/07/28,4,200,40000000,195,208,192,-3,-1.54,200,5,2.56,192,208,1399-11-29
765,اخزا805,اسنادخزانه-م5بودجه98-000422,4,411,381818919,924026,928999,929000,4974,0.54,929000,4974,0.54,928999,929000,1399-11-29
766,وسكرد,شركت س استان كردستان,4,41051,29967230,740,730,730,-10,-1.35,740,0,0.0,730,730,1399-11-29
767,ضپيك2009,اختيارخ تاپيكو-10000-00/02/19,4,44,132000000,3200,3000,3000,-200,-6.25,3000,-200,-6.25,3000,3000,1399-11-29
768,شستا9922,اجاره تامين اجتماعي-سپهر991226,4,3450279,3450279000000,1000000,1000000,1000000,0,0.0,1000000,0,0.0,1000000,1000000,1399-11-29
769,اراد55,مرابحه عام دولت5-ش.خ 0209,4,100000,93000000000,943500,930000,930000,-13500,-1.43,930000,-13500,-1.43,930000,930000,1399-11-29
770,رطب0002پ01,رطب مضافتي0002افشارتعاون بم(پ),4,75,15499999,204159,210000,209999,5840,2.86,206667,2508,1.23,205000,210000,1399-11-29
771,اراد384,مرابحه عام دولت3-ش.خ 0105,4,4020000,3872773000000,1050000,962800,963300,-86700,-8.26,963376,-86624,-8.25,961500,963465,1399-11-29
772,اراد334,مرابحه عام دولت3-ش.خ 0303,4,13194000,11467302318000,900000,869294,868409,-31591,-3.51,869130,-30870,-3.43,868400,870032,1399-11-29
773,اراد404,مرابحه عام دولت4-ش.خ 0207,4,16094000,15056909078000,999000,905474,939727,-59273,-5.93,935560,-63440,-6.35,905400,940405,1399-11-29
774,اخزا716,اسنادخزانه-م16بودجه97-000407,4,8341,7790494000,933636,934000,934000,364,0.04,934000,364,0.04,934000,934000,1399-11-29
775,ضجار2001,اختيارخ وتجارت-2000-1400/02/22,4,107,96709000,980,650,901,-79,-8.06,904,-76,-7.76,650,940,1399-11-29
776,تملي612,تسهيلات مسكن بانك ملي-اسفند96,4,40,29235324,706168,706167,741476,35308,5.0,730883,24715,3.5,706167,741476,1399-11-29
777,اراد554,مرابحه عام دولت5-ش.خ 0209,4,32346249,28984346819300,943500,898344,893800,-49700,-5.27,896065,-47435,-5.03,893791,898344,1399-11-29
778,اراد374,مرابحه عام دولت3-ش.خ 0005,3,5100000,5098763000000,1000000,1000618,999230,-770,-0.08,999757,-243,-0.02,999230,1000618,1399-11-29
779,زعف0008پ09,زعفران0008نگين نوين(پ),3,1590,195865000,124910,123000,123500,-1410,-1.13,123186,-1724,-1.38,123000,123500,1399-11-29
780,اخزا820,اسنادخزانه-م20بودجه98-020806,3,248,146320000,598879,590000,590000,-8879,-1.48,590000,-8879,-1.48,590000,590000,1399-11-29
781,وسمازن,س.سهام عدالت استان مازندران,3,66000,63360000,970,960,960,-10,-1.03,970,0,0.0,960,960,1399-11-29
782,ضپيك2008,اختيارخ تاپيكو-9000-00/02/19,3,13,50480000,4199,3980,3800,-399,-9.5,3883,-316,-7.53,3800,3980,1399-11-29
783,ضپاس2006,اختيارخ وپارس-5000-1400/02/29,3,3,550000,249,250,150,-99,-39.76,183,-66,-26.51,150,250,1399-11-29
784,سپرمي,پرميت‌,3,20515,178706165,8625,8711,8711,86,1.0,8628,3,0.03,8711,8711,1399-11-29
785,زعف0008پ19,زعفران0008نگين تروند قاينات(پ),3,7830,959176100,123236,122510,122500,-736,-0.6,122500,-736,-0.6,122500,122510,1399-11-29
786,اوصتا4,صندوق انديشه ورزان صباتامين -د,3,435000000,7795900000000,17946,17920,17922,-24,-0.13,17922,-24,-0.13,17920,17922,1399-11-29
787,دارا4,صندوق س. دارا الگوريتم-د,3,11000000,110550000000,10135,10050,10050,-85,-0.84,10050,-85,-0.84,10050,10050,1399-11-29
788,اخزا8144,اسنادخزانه-م14بودجه98-010318,3,1124525,876690156600,773144,793624,773144,0,0.0,779609,6465,0.84,773144,793624,1399-11-29
789,وساشرقي,شركت س استان آذربايجان شرقي,3,43500,41760000,970,960,960,-10,-1.03,970,0,0.0,960,960,1399-11-29
790,افاد14,منفعت دولت-با شرايط خاص140006,3,20000000,20227160000000,1000000,1010666,1012050,12050,1.21,1011358,11358,1.14,1010666,1012050,1399-11-29
791,هصيكو402,اختيارف ت تاصيكو13500-00/02/20,3,11500,32361000,2701,2814,2814,113,4.18,2814,113,4.18,2814,2814,1399-11-29
792,كمند2,صندوق س. با درآمد ثابت كمند,3,165000000,165000000,10072,1,1,-10071,-99.99,1,-10071,-99.99,1,1,1399-11-29
793,افاد744,منفعت دولت7-ش.خاص ساير0204,2,4000000,3849232000000,1000000,962426,962190,-37810,-3.78,962308,-37692,-3.77,962190,962426,1399-11-29
794,فاذر4,صنايع‌ آذرآب‌,2,29253456,757079441280,25950,25880,25880,-70,-0.27,25880,-70,-0.27,25880,25880,1399-11-29
795,ضفار3000,اختيارخ فارس-8000-1400/03/05,2,100,220000000,2125,2200,2200,75,3.53,2200,75,3.53,2200,2200,1399-11-29
796,ضمخا7066,اختيارخ اخابر-12000-1400/07/28,2,2,6222000,3251,4000,2222,-1029,-31.65,3111,-140,-4.31,2222,4000,1399-11-29
797,اراد51,مرابحه عام دولت5-ش.خ 0010,2,50000,50000000000,1000000,1000000,1000000,0,0.0,1000000,0,0.0,1000000,1000000,1399-11-29
798,اراد434,مرابحه عام دولت4-ش.خ 0205,2,3136000,2966775168000,955000,946176,945900,-9100,-0.95,946038,-8962,-0.94,945900,946176,1399-11-29
799,صفارس037,صكوك اجاره فارس037- 3ماهه18%,2,1007,1052241850,1045000,1034550,1045000,0,0.0,1044927,-73,-0.01,1034550,1045000,1399-11-29
800,وسكرشا,س.سهام عدالت استان كرمانشاه,2,4617,5725080,1260,1240,1240,-20,-1.59,1260,0,0.0,1240,1240,1399-11-29
801,اخزا810,اسنادخزانه-م10بودجه98-001006,2,4996,4251596000,850016,851000,851000,984,0.12,851000,984,0.12,851000,851000,1399-11-29
802,افران2,صندوق س افرا نماد پايدار-ثابت,2,4600000,4600000,12699,1,1,-12698,-99.99,1,-12698,-99.99,1,1,1399-11-29
803,وسگيلا,شركت س استان گيلان,2,20000,15800000,800,790,790,-10,-1.25,800,0,0.0,790,790,1399-11-29
804,افاد24,منفعت دولتي2-شرايط خاص14000626,2,10899000,11052956385000,985000,1016115,1012100,27100,2.75,1014126,29126,2.96,1012100,1016115,1399-11-29
805,خاتم2,صندوق س خاتم ايساتيس پويا-ثابت,2,1600000,1600000,10544,1,1,-10543,-99.99,1,-10543,-99.99,1,1,1399-11-29
806,اراد444,مرابحه عام دولت4-ش.خ 0007,2,4000000,3844874000000,1050000,961337,961100,-88900,-8.47,961218,-88782,-8.46,961100,961337,1399-11-29
807,ضخود2012,اختيارخ خودرو-6000-1400/02/08,2,50,1750000,34,35,35,1,2.94,35,1,2.94,35,35,1399-11-29
808,صخود412,ص مرابحه خودرو412- 3ماهه 18%,2,3010,2994800010,994320,980001,995000,680,0.07,994950,630,0.06,980001,995000,1399-11-29
809,عكاوه2,اوراق سلف شمش فولاد كاوه كيش,2,230,987735560,4276783,4221092,4305514,28731,0.67,4294502,17719,0.41,4221092,4305514,1399-11-29
810,اراد354,مرابحه عام دولت3-ش.خ 0103,2,7484500,7185332552500,955100,960545,959500,4400,0.46,960028,4928,0.52,959500,960545,1399-11-29
811,اخزا8064,اسنادخزانه-م6بودجه98-000519,2,310000,283860490000,913056,918302,913056,0,0.0,915679,2623,0.29,913056,918302,1399-11-29
812,اراد50,مرابحه عام دولت5-ش.خ0302,2,20000,20000000000,1000000,1000000,1000000,0,0.0,1000000,0,0.0,1000000,1000000,1399-11-29
813,اشاد14,مشاركت دولتي1-شرايط خاص001026,2,1500200,1501350653400,1000000,1001534,1000000,0,0.0,1000767,767,0.08,1000000,1001534,1399-11-29
814,ضغدر3003,اختيارخ وغدير-9200-1400/03/26,2,11,43000000,3200,3900,4000,800,25.0,3909,709,22.16,3900,4000,1399-11-29
815,اراد524,مرابحه عام دولت5-ش.خ 0108,2,9333000,8903071683000,1000000,953951,953900,-46100,-4.61,953935,-46065,-4.61,953900,953951,1399-11-29
816,افاد44,منفعت دولتي4-شرايط خاص14010729,2,6000000,5868873000000,1042700,978351,977940,-64760,-6.21,978145,-64555,-6.19,977940,978351,1399-11-29
817,اخزا7134,اسنادخزانه-م13بودجه97-000518,2,3270000,2998429770000,911962,921940,911962,0,0.0,916951,4989,0.55,911962,921940,1399-11-29
818,ضمخا7075,اختيارخ اخابر-9000-1400/07/28,2,2,7577000,4000,3800,3777,-223,-5.58,3788,-212,-5.3,3777,3800,1399-11-29
819,زعف0008پ18,زعفران0008نگين بهرامن(پ),2,400,50000000,125089,125000,125000,-89,-0.07,125000,-89,-0.07,125000,125000,1399-11-29
820,اشاد104,مشاركت دولتي10-شرايط خاص001226,2,72600,69169650000,948167,957333,948167,0,0.0,952750,4583,0.48,948167,957333,1399-11-29
821,اخزا7234,اسنادخزانه-م23بودجه97-000824,2,416000,363988144000,869038,880905,869038,0,0.0,874971,5933,0.68,869038,880905,1399-11-29
822,اخزا8054,اسنادخزانه-م5بودجه98-000422,2,336000,311155488000,924026,928090,924026,0,0.0,926058,2032,0.22,924026,928090,1399-11-29
823,وسمركز,شركت س استان مركزي,2,14200,19596000,1400,1380,1380,-20,-1.43,1400,0,0.0,1380,1380,1399-11-29
824,اخزا8154,اسنادخزانه-م15بودجه98-010406,2,1012000,785258870000,765024,786871,765024,0,0.0,775947,10923,1.43,765024,786871,1399-11-29
825,فسديد,لوله‌وتجهيزات‌ سديد - ورشكسته,2,213,25030269,118700,117513,117513,-1187,-1.0,118694,-6,-0.01,117513,117513,1399-11-29
826,اخزا8124,اسنادخزانه-م12بودجه98-001111,2,1264000,1061859224000,835172,844985,835172,0,0.0,840078,4906,0.59,835172,844985,1399-11-29
827,وسخراج,شركت س استان خراسان جنوبي,2,6750,14715000,2220,2180,2180,-40,-1.8,2220,0,0.0,2180,2180,1399-11-29
828,تصميم2,صندوق س با درآمد ثابت تصميم,2,2000000,2000000,15663,1,1,-15662,-99.99,1,-15662,-99.99,1,1,1399-11-29
829,وسصفا,شركت س استان اصفهان,2,41854,43946700,1070,1050,1050,-20,-1.87,1070,0,0.0,1050,1050,1399-11-29
830,اراد474,مرابحه عام دولت4-ش.خ 0008,2,8874000,8794777365000,980000,990076,992069,12069,1.23,991072,11072,1.13,990076,992069,1399-11-29
831,ضترا3000,اختيارخ شتران-6000-1400/03/09,2,6,21630000,4777,3010,4200,-577,-12.08,3605,-1172,-24.53,3010,4200,1399-11-29
832,ضپاس2000,اختيارخ وپارس-2000-1400/02/29,2,43,60210000,1401,1401,1400,-1,-0.07,1400,-1,-0.07,1400,1401,1399-11-29
833,ارمغان2,ص سرمايه گذاري ارمغان ايرانيان,1,119106699,119106699,10077,1,1,-10076,-99.99,1,-10076,-99.99,1,1,1399-11-29
834,شفن2,پتروشيمي فناوران,1,500000,144165000000,287640,288330,288330,690,0.24,288330,690,0.24,288330,288330,1399-11-29
835,افاد844,منفعت دولت8-ش.خاص ساير0205,1,5000000,4802550000000,924000,960510,960510,36510,3.95,960510,36510,3.95,960510,960510,1399-11-29
836,اراد454,مرابحه عام دولت4-ش.خ 0107,1,1475000,1430750000000,970000,970000,970000,0,0.0,970000,0,0.0,970000,970000,1399-11-29
837,اخزا807,اسنادخزانه-م7بودجه98-000719,1,391,346207431,885356,885441,885441,85,0.01,885441,85,0.01,885441,885441,1399-11-29
838,طمخا7066,اختيارف اخابر-12000-1400/07/28,1,1,1000000,250,1000,1000,750,300.0,1000,750,300.0,1000,1000,1399-11-29
839,سميعا001,سلف موازي استاندارد سميعا001,1,1840,2004128000,1085000,1089200,1089200,4200,0.39,1089200,4200,0.39,1089200,1089200,1399-11-29
840,ضجار2005,اختيارخ وتجارت-4000-1400/02/22,1,100,10000000,104,100,100,-4,-3.85,100,-4,-3.85,100,100,1399-11-29
841,سنفت001,سلف موازي استاندارد سنفت001,1,1790,2003726000,1115000,1119400,1119400,4400,0.39,1119400,4400,0.39,1119400,1119400,1399-11-29
842,كاوه2,فولاد كاوه جنوب كيش,1,10000000,181700000000,18170,18170,18170,0,0.0,18170,0,0.0,18170,18170,1399-11-29
843,اراد414,مرابحه عام دولت4-ش.خ 0006,1,1000000,998937000000,1000000,998937,998937,-1063,-0.11,998937,-1063,-0.11,998937,998937,1399-11-29
844,پا ر 37,بار پايه روز 37,1,12500,4375000,385,350,350,-35,-9.09,350,-35,-9.09,350,350,1399-11-29
845,وكارح2,ح . بانك‌ كارآفرين‌,1,126000000,158760000000,1310,1260,1260,-50,-3.82,1260,-50,-3.82,1260,1260,1399-11-29
846,پا ر 38,بار پايه روز 38,1,12500,4375000,385,350,350,-35,-9.09,350,-35,-9.09,350,350,1399-11-29
847,افاد554,منفعت دولت5-ش.خاص ساير0108,1,200000,195000000000,973159,975000,975000,1841,0.19,975000,1841,0.19,975000,975000,1399-11-29
848,اراد494,مرابحه عام دولت4-ش.خ 0206,1,322165,302590898930,990000,939242,939242,-50758,-5.13,939242,-50758,-5.13,939242,939242,1399-11-29
849,ضپاس2004,اختيارخ وپارس-4000-1400/02/29,1,25,8750000,353,350,350,-3,-0.85,350,-3,-0.85,350,350,1399-11-29
850,ياقوت2,صندوق س ياقوت آگاه-ثابت,1,685000,685000,11899,1,1,-11898,-99.99,1,-11898,-99.99,1,1,1399-11-29
851,تملي806,تسهيلات مسكن ب. ملي-شهريور98,1,10,5957370,627091,595737,595737,-31354,-5.0,595737,-31354,-5.0,595737,595737,1399-11-29
852,اراد134,مرابحه عام دولت1-ش.خ ساير0206,1,5000000,4788750000000,885000,957750,957750,72750,8.22,957750,72750,8.22,957750,957750,1399-11-29
853,ضپاس2005,اختيارخ وپارس-4500-1400/02/29,1,1,300000,299,300,300,1,0.33,300,1,0.33,300,300,1399-11-29
854,تملي704,تسهيلات مسكن ب. ملي-تير97,1,5,5070785,1067533,1014157,1014157,-53376,-5.0,1014157,-53376,-5.0,1014157,1014157,1399-11-29
855,پست0008پ04,پسته فندقي32-30سبزدانه0008(پ),1,4,5480000,1378169,1370000,1370000,-8169,-0.59,1370000,-8169,-0.59,1370000,1370000,1399-11-29
856,ضسپا3001,اختيارخ خساپا-1600-1400/03/26,1,25,27500000,1125,1100,1100,-25,-2.22,1100,-25,-2.22,1100,1100,1399-11-29
857,ضپيك2010,اختيارخ تاپيكو-12000-00/02/19,1,1,1850000,2500,1850,1850,-650,-26.0,1850,-650,-26.0,1850,1850,1399-11-29
858,ضسپا3005,اختيارخ خساپا-3000-1400/03/26,1,1,350000,350,350,350,0,0.0,350,0,0.0,350,350,1399-11-29
859,پا ه 25,بار پايه هفته 25,1,5000,1850000,350,370,370,20,5.71,370,20,5.71,370,370,1399-11-29
860,طمخا7070,اختيارف اخابر-20000-1400/07/28,1,1,6000000,1200,6000,6000,4800,400.0,6000,4800,400.0,6000,6000,1399-11-29
861,اخزا7214,اسنادخزانه-م21بودجه97-000728,1,430256,378659270224,880079,880079,880079,0,0.0,880079,0,0.0,880079,880079,1399-11-29
862,ضترا3002,اختيارخ شتران-8000-1400/03/09,1,4,10800000,3007,2700,2700,-307,-10.21,2700,-307,-10.21,2700,2700,1399-11-29
863,ضغدر3004,اختيارخ وغدير-11200-1400/03/26,1,10,20000000,2000,2000,2000,0,0.0,2000,0,0.0,2000,2000,1399-11-29
864,مارون2,پتروشيمي مارون,1,500000,74608000000,149216,149216,149216,0,0.0,149216,0,0.0,149216,149216,1399-11-29
865,اشاد10,مشاركت دولتي10-شرايط خاص001226,1,1100,1058175800,948167,961978,961978,13811,1.46,961978,13811,1.46,961978,961978,1399-11-29
866,پا ر 36,بار پايه روز 36,1,12500,4375000,375,350,350,-25,-6.67,350,-25,-6.67,350,350,1399-11-29
867,پا ر 39,بار پايه روز 39,1,12500,4375000,499,350,350,-149,-29.86,350,-149,-29.86,350,350,1399-11-29
868,صفارس412,صكوك اجاره خليج فارس- 3ماهه16%,1,2000,1884000000,925000,942000,942000,17000,1.84,942000,17000,1.84,942000,942000,1399-11-29
869,حكمت01,مشاركت حكمت ايرانيان 140107,1,10,9875000,990000,987500,987500,-2500,-0.25,987500,-2500,-0.25,987500,987500,1399-11-29
870,افاد54,منفعت دولت5-ش.خاص لوتوس0108,1,3000,2445000000,810000,815000,815000,5000,0.62,815000,5000,0.62,815000,815000,1399-11-29
871,ضخود2011,اختيارخ خودرو-5000-1400/02/08,1,5,220000,42,44,44,2,4.76,44,2,4.76,44,44,1399-11-29
872,دماوند4,توليد نيروي برق دماوند,1,126942000,8000011782000,47903,63021,63021,15118,31.56,63021,15118,31.56,63021,63021,1399-11-29
873,صبا1401,اجاره مهندسي صبا نفت14010225,1,14,13839700,988550,988550,988550,0,0.0,988550,0,0.0,988550,988550,1399-11-29
874,آگاس2,صندوق س.هستي بخش آگاه-س,1,100000,100000,65455,1,1,-65454,-100.0,1,-65454,-100.0,1,1,1399-11-29
875,صمسكن912,ص دين مسكن جنوب-ماهانه16درصد,1,418,20604474,50871,49293,49293,-1578,-3.1,49293,-1578,-3.1,49293,49293,1399-11-29
876,پا ر 40,بار پايه روز 40,1,12500,4375000,520,350,350,-170,-32.69,350,-170,-32.69,350,350,1399-11-29
877,هفارس912,اختيارف ت فارس-14576-99/12/13,1,59,294115,4797,4985,4985,188,3.92,4985,188,3.92,4985,4985,1399-11-29
878,اخزا8094,اسنادخزانه-م9بودجه98-000923,1,374042,319340601752,853756,853756,853756,0,0.0,853756,0,0.0,853756,853756,1399-11-29
879,ضجار2000,اختيارخ وتجارت-1800-1400/02/22,1,20,26000000,1255,1300,1300,45,3.59,1300,45,3.59,1300,1300,1399-11-29
880,ضسپا3008,اختيارخ خساپا-4500-1400/03/26,1,1,33000,22,33,33,11,50.0,33,11,50.0,33,33,1399-11-29
881,ضملت3000,اختيارخ وبملت-3000-1400/03/19,1,20,28000000,1280,1400,1400,120,9.38,1400,120,9.38,1400,1400,1399-11-29
882,زرين2,صندوق س. سهام زرين كوروش-س,1,1500000,1500000,10001,1,1,-10000,-99.99,1,-10000,-99.99,1,1,1399-11-29
883,زماهان4,مجتمع توليد گوشت مرغ ماهان,1,5000000,93950000000,17727,18790,18790,1063,6.0,18790,1063,6.0,18790,18790,1399-11-29
884,پا ه 26,بار پايه هفته 26,1,5000,1850000,350,370,370,20,5.71,370,20,5.71,370,370,1399-11-29
885,بزاگرس4,نيروگاه زاگرس كوثر,1,800000000,8000000000000,6678,10000,10000,3322,49.75,10000,3322,49.75,10000,10000,1399-11-29
886,ضپاس2007,اختيارخ وپارس-6000-1400/02/29,1,10,2200000,1,220,220,219,21900.0,220,219,21900.0,220,220,1399-11-29
887,وبملت2,بانك ملت,1,12896626,51457537740,4070,3990,3990,-80,-1.97,3990,-80,-1.97,3990,3990,1399-11-29
888,شسم,توليد سموم‌ علف‌ كش,1,110,9952910,88707,90481,90481,1774,2.0,88709,2,0.0,90481,90481,1399-11-29
889,وسيلام,شركت س استان ايلام,1,4444,5421680,1240,1220,1220,-20,-1.61,1240,0,0.0,1220,1220,1399-11-29
890,كيش1402,اجاره س. و توسعه كيش14020820,1,5,5000000,1000000,1000000,1000000,0,0.0,1000000,0,0.0,1000000,1000000,1399-11-29
891,صايپا203,صكوك مرابحه سايپا203-3ماهه 16%,1,10,9521310,952131,952131,952131,0,0.0,952131,0,0.0,952131,952131,1399-11-29
