,نماد,نام,تعداد,حجم,ارزش,دیروز,اولین,آخرین معامله - مقدار,آخرین معامله - تغییر,آخرین معامله - درصد,قیمت پایانی - مقدار,قیمت پایانی - تغییر,قیمت پایانی - درصد,کمترین,بیشترین,تاریخ
0,وسپهر,سرمايه گذاري مالي سپهرصادرات,272659,366452991,5545017175790,15372,15400,14698,-674,-4.38,15132,-240,-1.56,14645,16140,1399-7-22
1,بپيوند,برق و انرژي پيوندگستر پارس,93097,22260860,507893348917,23759,23130,22573,-1186,-4.99,22816,-943,-3.97,22572,24300,1399-7-22
2,خودرو,ايران‌ خودرو,84984,2009727499,7797344009190,3730,3800,3910,180,4.83,3880,150,4.02,3730,3910,1399-7-22
3,خساپا,سايپا,84928,1869123834,5613400783830,3040,3040,2960,-80,-2.63,3000,-40,-1.32,2890,3170,1399-7-22
4,ثاميد,توسعه و عمران اميد,69768,214024109,694187085870,3110,3150,3260,150,4.82,3240,130,4.18,3130,3260,1399-7-22
5,بگيلان,توسعه مسير برق گيلان,68101,9955040,296937060090,30143,29421,30039,-104,-0.35,29828,-315,-1.05,28650,31100,1399-7-22
6,امين,تامين سرمايه امين,67741,39254026,520073331110,12780,12980,13400,620,4.85,13250,470,3.68,12700,13410,1399-7-22
7,زملارد,كشاورزي و دامپروري ملارد شير,63459,6906316,350104226642,49220,51500,51681,2461,5.0,50693,1473,2.99,46759,51681,1399-7-22
8,دارا يكم,صندوق واسطه گري مالي يكم-سهام,62185,34156239,7595249005870,226780,225800,222210,-4570,-2.02,222370,-4410,-1.94,214500,232000,1399-7-22
9,ثبهساز,بهساز كاشانه تهران,54269,128815908,456246898280,3680,3670,3540,-140,-3.8,3540,-140,-3.8,3500,3670,1399-7-22
10,گدنا,تهيه توزيع غذاي دنا آفرين فدك,47475,451342,6403640296,13513,14188,14188,675,5.0,13593,80,0.59,14188,14188,1399-7-22
11,فولاد,فولاد مباركه اصفهان,46400,177118808,3112948836350,17600,17600,17630,30,0.17,17580,-20,-0.11,17020,18000,1399-7-22
12,خگستر,گسترش‌سرمايه‌گذاري‌ايران‌خودرو,44278,499966305,2619963836750,5440,5210,5170,-270,-4.96,5240,-200,-3.68,5170,5580,1399-7-22
13,وپويا,سرمايه گذاري پويا,43576,33779548,424987120857,11992,12591,12591,599,4.99,12581,589,4.91,12130,12591,1399-7-22
14,شاروم,پتروشيمي اروميه,40557,626120,10541982440,16036,16837,16837,801,5.0,16191,155,0.97,16837,16837,1399-7-22
15,دي,بانك دي,40505,93771129,5461151393509,55487,58261,58261,2774,5.0,58239,2752,4.96,57000,58261,1399-7-22
16,آبادا,توليد نيروي برق آبادان,40016,9365900,206428647460,23080,22100,21940,-1140,-4.94,22040,-1040,-4.51,21930,23110,1399-7-22
17,وبصادر,بانك صادرات ايران,38132,820661340,3688291458230,4600,4590,4580,-20,-0.43,4490,-110,-2.39,4370,4680,1399-7-22
18,وتجارت,بانك تجارت,36848,898664908,3090536859520,3490,3470,3470,-20,-0.57,3440,-50,-1.43,3320,3590,1399-7-22
19,شپنا,پالايش نفت اصفهان,34470,418647631,8178780411490,18610,19540,19540,930,5.0,19540,930,5.0,19110,19540,1399-7-22
20,شتران,پالايش نفت تهران,33552,199849030,3342548833540,16120,16200,16920,800,4.96,16730,610,3.78,15780,16920,1399-7-22
21,فملي,ملي‌ صنايع‌ مس‌ ايران‌,32898,89581422,2529641760510,28310,28360,28420,110,0.39,28240,-70,-0.25,27550,28980,1399-7-22
22,شبندر,پالايش نفت بندرعباس,31833,97443089,4029884405920,40080,41000,42080,2000,4.99,41360,1280,3.19,38800,42080,1399-7-22
23,وبملت,بانك ملت,31704,488285102,2997555856600,6310,6220,6230,-80,-1.27,6140,-170,-2.69,6000,6330,1399-7-22
24,آريا,پليمر آريا ساسول,30588,5131231,938044865559,181680,183290,182470,790,0.43,182811,1131,0.62,178090,186052,1399-7-22
25,پترول,گروه پتروشيمي س. ايرانيان,29774,135539284,2161050814190,16540,16500,15980,-560,-3.39,15940,-600,-3.63,15720,16510,1399-7-22
26,رافزا,رايان هم افزا,28810,177654,5876261358,31502,33077,33077,1575,5.0,31675,173,0.55,33077,33077,1399-7-22
27,ولپارس,ليزينگ پارسيان,26664,1972716,8877222000,4290,4500,4500,210,4.9,4320,30,0.7,4500,4500,1399-7-22
28,ذوب,سهامي ذوب آهن  اصفهان,22409,217408040,1310600800887,6283,6160,5969,-314,-5.0,6028,-255,-4.06,5969,6387,1399-7-22
29,بركت,گروه دارويي بركت,21185,65166544,1263986613580,18740,19080,19670,930,4.96,19400,660,3.52,18060,19670,1399-7-22
30,غزر,صنعتي زر ماكارون,20044,2712060,148142188680,57320,54550,54460,-2860,-4.99,54620,-2700,-4.71,54460,56000,1399-7-22
31,شگويا,پتروشيمي تندگويان,19956,62452815,988040683184,16130,15980,15690,-440,-2.73,15821,-309,-1.92,15350,16400,1399-7-22
32,سيتا,سرمايه گذاري سيمان تامين,18139,24664118,512357976110,21800,20710,20710,-1090,-5.0,20770,-1030,-4.72,20710,21500,1399-7-22
33,ثشاهد,سرمايه‌ گذاري‌ شاهد,16439,43969969,1697621367590,37040,37000,38890,1850,4.99,38610,1570,4.24,37000,38890,1399-7-22
34,تاپيكو,س. نفت و گاز و پتروشيمي تأمين,15694,93971396,1980726488790,20340,20350,21350,1010,4.97,21080,740,3.64,19340,21350,1399-7-22
35,وغدير,سرمايه‌گذاري‌غدير(هلدينگ‌,14654,61297488,968292961300,15710,15740,15900,190,1.21,15800,90,0.57,15120,16220,1399-7-22
36,اخابر,مخابرات ايران,10804,128950342,2582945090820,19250,19650,20210,960,4.99,20030,780,4.05,18650,20210,1399-7-22
37,كدماح,ح . معدني‌ دماوند,10381,9549527,1296842207810,128640,141500,135800,7160,5.57,135800,7160,5.57,115780,141500,1399-7-22
38,وخارزم,سرمايه گذاري خوارزمي,10337,66228202,813932544160,12910,12270,12270,-640,-4.96,12290,-620,-4.8,12270,12900,1399-7-22
39,وپاسار,بانك  پاسارگاد,9792,148248118,1664433238970,10720,10930,11250,530,4.94,11230,510,4.76,10770,11250,1399-7-22
40,صبا,سرمايه گذاري صبا تامين,9671,27416624,298890445955,10871,10580,10696,-175,-1.61,10902,31,0.29,10580,11361,1399-7-22
41,غگيلا,شيرپاستوريزه پگاه گيلان,9416,136667,2299422275,16024,16825,16825,801,5.0,16059,35,0.22,16825,16825,1399-7-22
42,صباح,ح . سرمايه گذاري صبا تامين,9400,33439377,257615436797,7770,7560,7570,-200,-2.57,7704,-66,-0.85,7400,8000,1399-7-22
43,كرمان,س. توسعه و عمران استان كرمان,9322,16427975,1335770028102,84392,84000,80173,-4219,-5.0,81311,-3081,-3.65,80173,86850,1399-7-22
44,وپارس,بانك‌پارسيان‌,8769,217643649,915689622910,4420,4200,4200,-220,-4.98,4210,-210,-4.75,4200,4360,1399-7-22
45,ثاخت,بين‌المللي‌توسعه‌ساختمان,8612,88850406,426290275190,4770,4780,4900,130,2.73,4800,30,0.63,4540,5000,1399-7-22
46,كاما,باما,8248,3550845,668630382960,186050,184990,191500,5450,2.93,188300,2250,1.21,178010,193980,1399-7-22
47,بجهرم,توسعه مولد نيروگاهي جهرم,7909,61453732,291661609985,4594,4680,4823,229,4.98,4746,152,3.31,4520,4823,1399-7-22
48,دماوند,توليد نيروي برق دماوند,7793,10887673,898258990012,78688,81500,82622,3934,5.0,82502,3814,4.85,80521,82622,1399-7-22
49,ثعمرا,عمران و توسعه شاهد,7756,31467920,723942996230,23104,22050,22460,-644,-2.79,23006,-98,-0.42,21990,23980,1399-7-22
50,سمگا,گروه سرمايه گذاري ميراث فرهنگي,7521,43899011,1097010365030,24604,25000,25101,497,2.02,24989,385,1.56,24001,25833,1399-7-22
51,شبريز,پالايش نفت تبريز,7245,22866715,857777408080,36030,36600,37830,1800,5.0,37510,1480,4.11,36250,37830,1399-7-22
52,سبزوا,سيمان لار سبزوار,6882,44083144,296283260337,7699,6930,6584,-1115,-14.48,6721,-978,-12.7,6584,7276,1399-7-22
53,چكاپا,گروه صنايع كاغذ پارس,6797,45120374,377880731900,8780,8500,8350,-430,-4.9,8370,-410,-4.67,8350,8690,1399-7-22
54,ختوقا,قطعات‌ اتومبيل‌ ايران‌,6733,64588325,278906451230,4480,4400,4260,-220,-4.91,4320,-160,-3.57,4260,4630,1399-7-22
55,كگل,معدني و صنعتي گل گهر,6722,38324954,777439976520,21260,20610,20500,-760,-3.57,20290,-970,-4.56,20200,21000,1399-7-22
56,حفاري,حفاري شمال,6524,47369353,558283634570,11310,11370,11870,560,4.95,11790,480,4.24,11030,11870,1399-7-22
57,غشهداب,كشت و صنعت شهداب ناب خراسان,6366,62002798,350446376821,5862,5900,5569,-293,-5.0,5652,-210,-3.58,5569,6032,1399-7-22
58,شلرد,كود شيميايي اوره لردگان,6360,69720532,744225939019,10181,10690,10690,509,5.0,10674,493,4.84,10486,10690,1399-7-22
59,فرابورس,فرابورس ايران,6244,8732988,640203574159,70044,72277,73546,3502,5.0,73309,3265,4.66,71000,73546,1399-7-22
60,تملت,تامين سرمايه بانك ملت,6114,19255730,231609323150,12570,12570,11950,-620,-4.93,12030,-540,-4.3,11950,12600,1399-7-22
61,فارس,صنايع پتروشيمي خليج فارس,5909,12650472,387370359160,30760,31000,30810,50,0.16,30620,-140,-0.46,29710,31400,1399-7-22
62,شكلر,نيروكلر,5794,12530458,691727075440,53250,55910,55910,2660,5.0,55200,1950,3.66,52260,55910,1399-7-22
63,ونوين,بانك‌اقتصادنوين‌,5728,105226815,512625541520,5080,4970,4920,-160,-3.15,4870,-210,-4.13,4830,5120,1399-7-22
64,شصدفح,ح . صنعتي دوده فام,5727,2110203,38529414840,17901,17660,18490,589,3.29,18259,358,2.0,17650,18688,1399-7-22
65,شفارس,صنايع‌ شيميايي‌ فارس‌,5701,11862031,558804567790,46230,48000,47920,1690,3.66,47110,880,1.9,44000,48490,1399-7-22
66,فاراك,ماشين‌ سازي‌ اراك‌,5685,45537959,418293422100,9620,9160,9140,-480,-4.99,9190,-430,-4.47,9140,9770,1399-7-22
67,بكام,كارخانجات توليدي شهيد قندي,5532,47277471,296147470530,6030,6100,6330,300,4.98,6260,230,3.81,6030,6330,1399-7-22
68,كمند,صندوق س. با درآمد ثابت كمند,5290,249120109,2502929707220,10030,10050,10060,30,0.3,10050,20,0.2,10030,10060,1399-7-22
69,فروي,ذوب روي اصفهان,5132,4651995,292737958988,65897,64250,62603,-3294,-5.0,62927,-2970,-4.51,62603,65750,1399-7-22
70,وتوصا,گروه س توسعه صنعتي ايران,4951,28162456,359172727300,13300,12890,12640,-660,-4.96,12750,-550,-4.14,12640,13550,1399-7-22
71,خپارس,پارس‌ خودرو,4869,39911720,351898342100,9250,8790,8790,-460,-4.97,8820,-430,-4.65,8790,9060,1399-7-22
72,فخوز,فولاد  خوزستان,4778,10754238,432107680840,39880,40520,40000,120,0.3,40180,300,0.75,39010,41090,1399-7-22
73,ماديرا,صنايع ماشين هاي اداري ايران,4739,10134048,382541684005,39451,38900,37479,-1972,-5.0,37748,-1703,-4.32,37479,39200,1399-7-22
74,سفارس,سيمان فارس و خوزستان,4618,55218284,1035002823490,17870,18760,18760,890,4.98,18740,870,4.87,18300,18760,1399-7-22
75,پترولح,ح . گروه پتروشيمي س. ايرانيان,4551,22312152,312976056550,14340,14500,14060,-280,-1.95,14030,-310,-2.16,13300,14790,1399-7-22
76,كچاد,معدني‌وصنعتي‌چادرملو,4110,17885814,332176832380,19320,19600,19010,-310,-1.6,18570,-750,-3.88,18360,19680,1399-7-22
77,ثفارس,عمران‌وتوسعه‌فارس‌,4104,25996714,231165401340,9190,9050,8870,-320,-3.48,8890,-300,-3.26,8740,9310,1399-7-22
78,پارسان,گسترش نفت و گاز پارسيان,4074,43632751,1220141836610,26860,26840,28200,1340,4.99,27960,1100,4.1,26020,28200,1399-7-22
79,ثباغ,شهر سازي و خانه سازي باغميشه,4034,14463487,417405393280,27521,28888,28897,1376,5.0,28859,1338,4.86,28160,28897,1399-7-22
80,شصدف,صنعتي دوده فام,3992,205263,4562380701,21169,22227,22227,1058,5.0,21260,91,0.43,22227,22227,1399-7-22
81,كاوه,فولاد كاوه جنوب كيش,3961,21117016,468638941530,22540,22710,22320,-220,-0.98,22190,-350,-1.55,21420,23290,1399-7-22
82,كروي,توسعه‌ معادن‌ روي‌ ايران‌,3948,10486809,399890688620,36720,38550,37700,980,2.67,38130,1410,3.84,35610,38550,1399-7-22
83,وآذر,سرمايه‌گذاري‌توسعه‌آذربايجان‌,3837,2238298,377037655130,162460,168000,170580,8120,5.0,168450,5990,3.69,162460,170580,1399-7-22
84,وبانك,سرمايه گذاري گروه توسعه ملي,3837,16594488,206559916950,12760,12760,12760,0,0.0,12450,-310,-2.43,12140,12970,1399-7-22
85,ولساپا,ليزينگ رايان‌ سايپا,3771,50985664,210567792440,4330,4210,4120,-210,-4.85,4130,-200,-4.62,4120,4300,1399-7-22
86,بترانس,ايران‌ ترانسفو,3757,8274848,307469795430,38720,37550,36900,-1820,-4.7,37160,-1560,-4.03,36790,38500,1399-7-22
87,ارفع,شركت آهن و فولاد ارفع,3754,23044908,364545781895,16535,16750,15850,-685,-4.14,15819,-716,-4.33,15709,16840,1399-7-22
88,خمحركه,نيرو محركه‌,3650,23434590,193631382840,8650,8220,8220,-430,-4.97,8260,-390,-4.51,8220,8700,1399-7-22
89,گشان,توسعه بين المللي پديده شانديز,3530,1296513,286708291794,225651,221138,221138,-4513,-2.0,221138,-4513,-2.0,221138,221138,1399-7-22
90,چكارن,كارتن‌ ايران‌,3496,29281231,129364540290,4620,4570,4390,-230,-4.98,4420,-200,-4.33,4390,4650,1399-7-22
91,ومهان,گروه توسعه مالي مهر آيندگان,3473,14721471,275124446156,18330,18900,18830,500,2.73,18689,359,1.96,18050,19000,1399-7-22
92,زكوثر,سرمايه گذاري كشاورزي كوثر,3452,6591552,162015288330,25220,25840,24390,-830,-3.29,24580,-640,-2.54,23960,25840,1399-7-22
93,ثنوسا,نوسازي‌وساختمان‌تهران‌,3450,34543993,357715334380,10840,10300,10500,-340,-3.14,10360,-480,-4.43,10300,10680,1399-7-22
94,مدير,ص.س.مديريت ثروت ص.بازنشستگي-س,3395,12271346,152533077799,12577,12600,12420,-157,-1.25,12430,-147,-1.17,12080,12900,1399-7-22
95,وساپا,سرمايه‌گذاري‌ سايپا,3348,25120088,265679334520,11120,10570,10570,-550,-4.95,10580,-540,-4.86,10570,11000,1399-7-22
96,كالا,بورس كالاي ايران,3308,6673344,335813954600,48120,50390,50520,2400,4.99,50320,2200,4.57,48900,50520,1399-7-22
97,شغدير,پتروشيمي غدير,3042,8464382,438321428012,50027,50000,52528,2501,5.0,51784,1757,3.51,48101,52528,1399-7-22
98,وصنعت,سرمايه گذاري توسعه صنعت وتجارت,3018,13489185,119966539040,9240,9260,8900,-340,-3.68,8890,-350,-3.79,8780,9370,1399-7-22
99,وزمين,بانك ايران زمين,2973,58249304,836274452752,14333,14047,14619,286,2.0,14357,24,0.17,14047,14619,1399-7-22
100,سامان,بانك سامان,2906,77358353,820825728826,10311,10270,10620,309,3.0,10611,300,2.91,10270,10620,1399-7-22
101,طلا,صندوق س.پشتوانه طلاي لوتوس,2906,2836552,333512851917,116560,117200,116830,270,0.23,117577,1017,0.87,116200,120000,1399-7-22
102,قثابت,قند ثابت‌ خراسان‌,2869,4699394,425176339880,92490,92500,93800,1310,1.42,90470,-2020,-2.18,87870,94800,1399-7-22
103,غپاك,لبنيات‌ پاك‌,2844,13317874,189745669610,14430,13750,14610,180,1.25,14250,-180,-1.25,13710,14900,1399-7-22
104,خكرمان,گروه اقتصادي كرمان خودرو,2736,24571200,146893858488,6136,5970,5952,-184,-3.0,5978,-158,-2.57,5952,6200,1399-7-22
105,وملل,اعتباري ملل,2686,23758958,345201617217,15209,15197,14500,-709,-4.66,14529,-680,-4.47,14449,15197,1399-7-22
106,حريل,ريل پردازسير,2631,33149460,148408905817,4358,4500,4575,217,4.98,4477,119,2.73,4250,4575,1399-7-22
107,آريان,سرمايه گذاري پارس آريان,2603,40122487,641249905139,15843,16230,16030,187,1.18,15982,139,0.88,15690,16318,1399-7-22
108,آگاس,صندوق س.هستي بخش آگاه-س,2509,2175483,162303968388,74747,75500,74980,233,0.31,74606,-141,-0.19,73350,75998,1399-7-22
109,فسازان,غلتك سازان سپاهان,2507,9436971,320043643450,35560,33790,34670,-890,-2.5,33910,-1650,-4.64,33790,34800,1399-7-22
110,شپلي,پلي اكريل ايران,2488,27443762,183564541010,6849,6725,6644,-205,-2.99,6689,-160,-2.34,6644,6950,1399-7-22
111,سشرق,سيمان‌ شرق‌,2459,17081885,133341212310,8170,7800,7770,-400,-4.9,7810,-360,-4.41,7770,8170,1399-7-22
112,وگردش,بانك گردشگري,2453,19879917,352639831375,18052,17702,18120,68,0.38,17738,-314,-1.74,17511,18593,1399-7-22
113,هرمز,فولاد هرمزگان جنوب,2426,17218660,230134810576,13425,13510,13300,-125,-0.93,13365,-60,-0.45,12760,13900,1399-7-22
114,بپاس,بيمه پاسارگاد,2411,3402017,235127943026,68766,69250,69130,364,0.53,69114,348,0.51,68900,69800,1399-7-22
115,والبر,سرمايه‌ گذاري‌ البرز(هلدينگ‌,2386,8644803,164330127920,19410,19500,18950,-460,-2.37,19010,-400,-2.06,18440,20290,1399-7-22
116,تاصيكو,سرمايه گذاري صدرتامين,2355,10197905,121041834060,11860,11680,12050,190,1.6,11870,10,0.08,11360,12200,1399-7-22
117,حفارس,حمل و نقل بين المللي خليج فارس,2348,22586795,111421411170,5140,5090,4930,-210,-4.09,4930,-210,-4.09,4890,5110,1399-7-22
118,مرقام,ايران‌ارقام‌,2328,3975179,116713030230,29710,30000,28900,-810,-2.73,29360,-350,-1.18,28230,31090,1399-7-22
119,ارزش,صندوق س ارزش آفرين بيدار-سهام,2211,12033416,139657394120,11780,11740,11570,-210,-1.78,11610,-170,-1.44,11430,11850,1399-7-22
120,همراه,شركت ارتباطات سيار ايران,2210,5468910,218104156690,40970,40970,40800,-170,-0.41,39880,-1090,-2.66,38930,42000,1399-7-22
121,ودي,بيمه  دي,2172,19824224,463289412939,22410,22858,23530,1120,5.0,23370,960,4.28,22462,23530,1399-7-22
122,قشرين,قند شيرين خراسان,2161,8895477,155226455944,17861,17326,17730,-131,-0.73,17450,-411,-2.3,17326,18199,1399-7-22
123,ساوه,سيمان ساوه,2143,713977,46945996981,68571,66000,65143,-3428,-5.0,65753,-2818,-4.11,65143,68080,1399-7-22
124,وثنو,سرمايه گذاري ساختماني نوين,2075,6759373,105659678466,16280,15466,16150,-130,-0.8,15632,-648,-3.98,15466,16280,1399-7-22
125,رمپنا,گروه مپنا (سهامي عام),2034,7470239,167033994880,22610,22400,22880,270,1.19,22360,-250,-1.11,21510,23260,1399-7-22
126,ونفت,سرمايه‌گذاري‌ صنعت‌ نفت‌,2027,7529047,118223584620,15600,15620,15700,100,0.64,15700,100,0.64,15100,16070,1399-7-22
127,خاهن,آهنگري‌ تراكتورسازي‌ ايران‌,1990,6861802,186362072600,28160,27000,28100,-60,-0.21,27160,-1000,-3.55,26760,28160,1399-7-22
128,وسكاب,س.ص.بازنشستگي كاركنان بانكها,1954,25604180,173625675080,7050,7000,6850,-200,-2.84,6780,-270,-3.83,6700,7050,1399-7-22
129,ولغدر,ليزينگ‌خودروغدير,1953,7923547,130656714700,16990,16150,16500,-490,-2.88,16490,-500,-2.94,16150,17740,1399-7-22
130,شسپا,نفت سپاهان,1902,7305577,172369739280,23820,23880,23910,90,0.38,23590,-230,-0.97,22900,24100,1399-7-22
131,بورس,بورس اوراق بهادار تهران,1890,3214130,203128351440,60330,62900,63340,3010,4.99,63200,2870,4.76,60940,63340,1399-7-22
132,كهمدا,شيشه‌ همدان‌,1882,3717674,93848291070,26150,26100,24860,-1290,-4.93,25240,-910,-3.48,24850,26840,1399-7-22
133,اعتماد,صندوق س.اعتماد آفرين پارسيان-د,1872,66484090,2180939981390,32788,32802,32803,15,0.05,32804,16,0.05,32802,32820,1399-7-22
134,خبهمن,گروه‌بهمن‌,1852,11556825,292010002420,26530,25470,25210,-1320,-4.98,25270,-1260,-4.75,25210,26000,1399-7-22
135,زاگرس,پتروشيمي زاگرس,1830,1506914,262243838798,172391,176700,175000,2609,1.51,174027,1636,0.95,168500,177300,1399-7-22
136,پاسا,ايران‌ياساتايرورابر,1826,7734132,161052429290,21580,20530,21540,-40,-0.19,20820,-760,-3.52,20510,21840,1399-7-22
137,ضجار1016,اختيارخ وتجارت-4000-1399/10/21,1797,98748,26866379000,320,550,356,36,11.25,272,-48,-15.0,150,610,1399-7-22
138,فلوله,لوله‌وماشين‌سازي‌ايران‌,1781,4097752,104900023980,26210,26800,25620,-590,-2.25,25600,-610,-2.33,24900,26870,1399-7-22
139,آسيا,بيمه آسيا,1774,3908973,116942369790,29700,29000,30500,800,2.69,29920,220,0.74,28450,31000,1399-7-22
140,ونيكي,سرمايه‌گذاري‌ ملي‌ايران‌,1774,3915751,137548807600,36260,35310,35530,-730,-2.01,35130,-1130,-3.12,34450,36600,1399-7-22
141,ستران,سيمان‌ تهران‌,1770,5312598,190956707770,33310,34970,36710,3400,10.21,35940,2630,7.9,33310,36710,1399-7-22
142,كلر,كلر پارس,1748,631795,44336962529,69954,71600,69010,-944,-1.35,70129,175,0.25,68000,72500,1399-7-22
143,گكوثر,هتل پارسيان كوثر اصفهان,1747,816731,134671905737,171680,165000,165600,-6080,-3.54,164891,-6789,-3.95,163096,172600,1399-7-22
144,سيمرغ,سيمرغ,1745,4270630,85940402090,21120,20210,20070,-1050,-4.97,20120,-1000,-4.73,20070,21000,1399-7-22
145,فولاژ,فولاد آلياژي ايران,1721,5945435,159704041840,25710,25960,26990,1280,4.98,26860,1150,4.47,25400,26990,1399-7-22
146,قرن,پديده شيمي قرن,1703,1023942,54616112840,54580,54580,53140,-1440,-2.64,53340,-1240,-2.27,52740,54590,1399-7-22
147,ضخود1044,اختيارخ خودرو-4000-1399/10/07,1701,79448,39507458000,413,401,510,97,23.49,497,84,20.34,401,575,1399-7-22
148,كوير,توليدي فولاد سپيد فراب كوير,1681,3918254,64274950760,16570,16990,16020,-550,-3.32,16420,-150,-0.91,15810,17150,1399-7-22
149,وسينا,بانك سينا,1658,11012355,136975784770,12950,12320,12700,-250,-1.93,12440,-510,-3.94,12310,12980,1399-7-22
150,امين يكم,صندوق درآمد ثابت امين يكم فردا,1629,53767730,558432624700,10370,10370,10400,30,0.29,10390,20,0.19,10360,10410,1399-7-22
151,ريشمك,توليد و صادرات ريشمك,1617,2057202,85363798517,41221,42999,41499,278,0.67,41495,274,0.66,40000,42999,1399-7-22
152,وهور,مديريت انرژي اميد  تابان هور,1616,4276317,167130056072,38449,38880,38650,201,0.52,39083,634,1.65,37100,39980,1399-7-22
153,گنجين,صندوق س. گنجينه يكم آويد-د,1605,87219485,999660645074,11448,11460,11468,20,0.17,11461,13,0.11,11450,11469,1399-7-22
154,نوين,بيمه نوين,1572,21075138,129812598660,5914,5902,6209,295,4.99,6160,246,4.16,5660,6209,1399-7-22
155,ثمسكن,سرمايه‌گذاري‌ مسكن‌,1565,15993661,112069581860,7330,7020,7070,-260,-3.55,7010,-320,-4.37,6970,7270,1399-7-22
156,نوري,پتروشيمي نوري,1561,929108,159909922640,171540,170000,176000,4460,2.6,172110,570,0.33,167810,176000,1399-7-22
157,زر,صندوق س.پشتوانه سكه طلاي زر,1560,1437403,95790054681,64853,65362,67016,2163,3.34,66641,1788,2.76,65362,67150,1399-7-22
158,وبيمهح,ح . سرمايه‌ گذاري‌ صنعت‌ بيمه‌,1556,31904831,56048917150,1810,1810,1770,-40,-2.21,1760,-50,-2.76,1700,1850,1399-7-22
159,وخاور,بانك خاورميانه,1531,8779314,100223085160,11410,11580,11600,190,1.67,11420,10,0.09,11050,11690,1399-7-22
160,وبيمه,سرمايه‌ گذاري‌ صنعت‌ بيمه‌,1525,12636628,38188560230,3150,3110,3050,-100,-3.17,3050,-100,-3.17,3000,3150,1399-7-22
161,آپ,آسان پرداخت پرشين,1518,5538528,105385106970,19700,19010,19370,-330,-1.68,19030,-670,-3.4,18720,19730,1399-7-22
162,وساخت,سرمايه‌ گذاري‌ ساختمان‌ايران‌,1517,2517707,121711920790,48300,48000,49800,1500,3.11,48340,40,0.08,47000,50000,1399-7-22
163,بفجر,فجر انرژي خليج فارس,1510,3422195,123915944590,35370,36500,36770,1400,3.96,36210,840,2.37,35530,36990,1399-7-22
164,وپترو,سرمايه‌گذاري صنايع پتروشيمي‌,1475,6703465,115691477630,17670,17300,17790,120,0.68,17260,-410,-2.32,16790,17980,1399-7-22
165,كنور,توسعه معدني و صنعتي صبانور,1469,2130899,97422549030,44630,43970,46500,1870,4.19,45720,1090,2.44,43210,46500,1399-7-22
166,سرو,صندوق س سروسودمند مدبران-سهام,1466,1526867,102433836350,67490,67750,67700,210,0.31,67090,-400,-0.59,66150,68500,1399-7-22
167,فزرين,زرين معدن آسيا,1452,5179947,114513788239,23116,23000,21961,-1155,-5.0,22107,-1009,-4.36,21961,23940,1399-7-22
168,سرچشمه,سرمايه گذاري مس سرچشمه,1449,7941608,75684228466,9789,9900,9690,-99,-1.01,9530,-259,-2.65,9310,9900,1399-7-22
169,تنوين,تامين سرمايه نوين,1417,11663147,130689821680,11540,11540,11070,-470,-4.07,11210,-330,-2.86,11010,11630,1399-7-22
170,آوا,صندوق س.سهام آواي معيار-س,1417,10385689,100703480674,9722,9600,9790,68,0.7,9696,-26,-0.27,9500,9870,1399-7-22
171,وبوعلي,سرمايه‌گذاري‌بوعلي‌,1398,9487772,87677698700,9390,8960,9600,210,2.24,9240,-150,-1.6,8940,9600,1399-7-22
172,قاسم,قاسم ايران,1365,5458097,75184852484,14358,13810,13641,-717,-4.99,13775,-583,-4.06,13641,14240,1399-7-22
173,كماسه,تامين‌ ماسه‌ ريخته‌گري‌,1365,1476305,84218165940,59750,60000,56770,-2980,-4.99,57050,-2700,-4.52,56770,61500,1399-7-22
174,فايرا,آلومينيوم‌ايران‌,1361,7536875,152455343150,19340,20230,20300,960,4.96,20230,890,4.6,19000,20300,1399-7-22
175,وسپه,سرمايه‌گذاري‌ سپه‌,1357,4473740,70396709000,16180,15450,15950,-230,-1.42,15740,-440,-2.72,15450,16200,1399-7-22
176,وبشهر,توسعه‌ صنايع‌ بهشهر(هلدينگ,1356,5268633,106174912260,19850,20500,19350,-500,-2.52,20150,300,1.51,19250,20840,1399-7-22
177,عيار,صندوق س. پشتوانه طلاي مفيد,1347,1507061,60877943086,39220,40000,40290,1070,2.73,40395,1175,3.0,39990,40900,1399-7-22
178,ختورح,ح . رادياتور ايران‌,1341,3002251,70145994470,24450,24120,23000,-1450,-5.93,23360,-1090,-4.46,22500,25300,1399-7-22
179,جم,پتروشيمي جم,1335,4452871,226236531450,49890,49800,52380,2490,4.99,50810,920,1.84,47820,52380,1399-7-22
180,رتاپ,تجارت الكترونيك  پارسيان,1331,7005092,53428864340,7270,7630,7630,360,4.95,7600,330,4.54,7500,7630,1399-7-22
181,ميدكو,هلدينگ صنايع  معدني خاورميانه,1325,7563113,177770470786,22930,23999,23770,840,3.66,23505,575,2.51,22900,23999,1399-7-22
182,غويتا,ويتانا,1311,2844118,169411084923,61552,62190,58475,-3077,-5.0,59565,-1987,-3.23,58475,63400,1399-7-22
183,تسه9906,امتياز تسهيلات مسكن شهريور99,1310,18484,16694856380,895858,900555,918000,22142,2.47,903206,7348,0.82,880009,940650,1399-7-22
184,دتماد,توليدمواداوليه‌داروپخش‌,1301,2290020,120683679540,51370,50000,51300,-70,-0.14,52700,1330,2.59,48810,53930,1399-7-22
185,سمازن,سيمان‌مازندران‌,1299,7161710,69606364160,10110,10080,9610,-500,-4.95,9720,-390,-3.86,9610,10250,1399-7-22
186,وصندوق,سرمايه‌گذاري‌صندوق‌بازنشستگي‌,1290,11481858,205454812050,17770,17770,18000,230,1.29,17890,120,0.68,17090,18240,1399-7-22
187,افق,فروشگاههاي زنجيره اي افق كوروش,1285,1491496,110693229820,73180,71610,75000,1820,2.49,74220,1040,1.42,71610,76430,1399-7-22
188,فباهنر,مس‌ شهيدباهنر,1283,1394536,82362912270,58720,60000,58520,-200,-0.34,59060,340,0.58,55790,61600,1399-7-22
189,سيدكو,سرمايه گذاري توسعه صنايع سيمان,1277,7076555,56165863630,7870,7860,8100,230,2.92,7940,70,0.89,7510,8210,1399-7-22
190,حكشتي,كشتيراني جمهوري اسلامي ايران,1268,2605904,114347067520,46180,43880,43880,-2300,-4.98,43880,-2300,-4.98,43880,43880,1399-7-22
191,ورنا,سرمايه‌گذاري‌ رنا(هلدينگ‌,1254,9763335,101178228690,10900,10360,10360,-540,-4.95,10360,-540,-4.95,10360,10770,1399-7-22
192,شپارسح,ح . بين‌ المللي‌محصولات پارس‌,1254,4641074,49443235752,11659,11110,10679,-980,-8.41,10653,-1006,-8.63,10490,11700,1399-7-22
193,شاوان,پالايش نفت لاوان,1247,1054277,126286459937,116678,116684,122500,5822,4.99,119785,3107,2.66,112000,122500,1399-7-22
194,ياقوت,صندوق س ياقوت آگاه-ثابت,1245,72271512,804446460100,11130,11150,11160,30,0.27,11130,0,0.0,11130,11160,1399-7-22
195,كرازي,كارخانجات‌توليدي‌شيشه‌رازي‌,1237,4247819,69166901340,17110,16430,16260,-850,-4.97,16280,-830,-4.85,16260,16700,1399-7-22
196,ونيرو,سرمايه‌گذاري‌نيرو,1236,17005713,87828653140,5420,5170,5150,-270,-4.98,5160,-260,-4.8,5150,5280,1399-7-22
197,وپست,پست بانك ايران,1229,7853260,91536277070,11690,11600,11770,80,0.68,11660,-30,-0.26,11130,11970,1399-7-22
198,پتاير,ايران‌ تاير,1226,831750,88301684860,105030,108800,106800,1770,1.69,106160,1130,1.08,102000,108830,1399-7-22
199,وملل تبعي9912,اختيارف.تبعي ملل 991220,1209,18107703,724308120,50,40,40,-10,-20.0,40,-10,-20.0,40,40,1399-7-22
200,لوتوس,تامين سرمايه لوتوس پارسيان,1198,3965319,67588807470,16660,17290,17430,770,4.62,17040,380,2.28,16370,17490,1399-7-22
201,ركيش,كارت اعتباري ايران كيش,1190,4476951,66345864720,15290,15880,14670,-620,-4.05,14820,-470,-3.07,14530,15880,1399-7-22
202,وبهمن,سرمايه‌گذاري‌بهمن‌,1178,7261467,110462904550,15870,15870,15230,-640,-4.03,15210,-660,-4.16,15080,16380,1399-7-22
203,زقيام,كشت و دام قيام اصفهان,1169,1739518,51151713716,29201,30649,28500,-701,-2.4,29397,196,0.67,28110,30649,1399-7-22
204,شبهرن,نفت‌ بهران‌,1165,1491396,103828401330,70360,70000,69400,-960,-1.36,69620,-740,-1.05,68100,72100,1399-7-22
205,شيران,س. صنايع‌شيميايي‌ايران,1163,4345537,159959216970,35060,36810,36810,1750,4.99,36810,1750,4.99,36810,36810,1399-7-22
206,وسبحان,سرمايه گذاري سبحان,1149,5104190,48607508851,9890,9470,9450,-440,-4.45,9523,-367,-3.71,9398,9870,1399-7-22
207,دانا,بيمه دانا,1147,7067403,51934821410,7700,7690,7380,-320,-4.16,7350,-350,-4.55,7320,7700,1399-7-22
208,وتوكاح,ح . ‌توكافولاد(هلدينگ‌,1091,5291250,52509486978,10147,9900,9960,-187,-1.84,9924,-223,-2.2,9710,10600,1399-7-22
209,مبين,مبين انرژي خليج فارس,1088,3630941,100889491760,27790,28140,27810,20,0.07,27790,0,0.0,27030,28300,1399-7-22
210,شاراك,پتروشيمي شازند,1088,3291767,80892286940,24740,24800,24700,-40,-0.16,24570,-170,-0.69,23600,25200,1399-7-22
211,شرانل,نفت ايرانول,1087,2249812,70579468293,32511,32500,30900,-1611,-4.96,31371,-1140,-3.51,30886,32500,1399-7-22
212,ارفعح,ح.شركت آهن و فولاد ارفع,1085,3072621,43154559445,14443,14090,14300,-143,-0.99,14045,-398,-2.76,13820,14600,1399-7-22
213,اميد,تامين سرمايه اميد,1072,5980065,88865125330,15580,15640,14810,-770,-4.94,14860,-720,-4.62,14810,15740,1399-7-22
214,پكوير,كوير تاير,1067,3184048,48668134280,15360,15490,15380,20,0.13,15300,-60,-0.39,14650,15890,1399-7-22
215,شكربن,كربن‌ ايران‌,1066,1830924,153840318210,81890,77900,85980,4090,4.99,84020,2130,2.6,77900,85980,1399-7-22
216,غبشهر,صنعتي‌ بهشهر,1059,2968331,82512750590,26850,27990,28190,1340,4.99,27800,950,3.54,26010,28190,1399-7-22
217,كرماشا,صنايع پتروشيمي كرمانشاه,1053,2734975,125554133340,44660,46200,46600,1940,4.34,45910,1250,2.8,44000,46890,1399-7-22
218,تاپكيشح,ح.تجارت الكترونيك پارسيان كيش,1038,2496992,20359989078,8148,8148,8200,52,0.64,8154,6,0.07,7800,8499,1399-7-22
219,ولصنم,ليزينگ‌صنعت‌ومعدن‌,1032,4860222,43761932110,9450,8990,8980,-470,-4.97,9060,-390,-4.13,8980,9450,1399-7-22
220,غگلستا,شير پاستوريزه پگاه گلستان,1028,3415339,57973199499,16256,17068,17068,812,5.0,16974,718,4.42,16010,17068,1399-7-22
221,ديران,ايران‌دارو,1025,2637588,54732255900,21810,20800,20730,-1080,-4.95,20750,-1060,-4.86,20720,21400,1399-7-22
222,خزر,فنرسازي‌زر,1019,5521805,48235855820,8810,8990,9080,270,3.06,8740,-70,-0.79,8370,9250,1399-7-22
223,رنيك,جنرال مكانيك,1016,2736771,65528894872,25092,23838,23957,-1135,-4.52,23944,-1148,-4.58,23838,25700,1399-7-22
224,شخارك,پتروشيمي‌ خارك‌,1016,2866614,134265497840,46010,45100,48310,2300,5.0,46840,830,1.8,44120,48310,1399-7-22
225,پكرمان,گروه‌ صنعتي‌ بارز,1001,4302079,112493048210,27400,27400,26390,-1010,-3.69,26150,-1250,-4.56,26030,27910,1399-7-22
226,شپديس,پتروشيمي پرديس,993,1199874,130267636470,108880,106010,111890,3010,2.76,108570,-310,-0.28,105520,112900,1399-7-22
227,قشير,قند شيروان قوچان و بجنورد,988,1760549,44675366326,26544,25810,25217,-1327,-5.0,25514,-1030,-3.88,25217,26490,1399-7-22
228,اپرداز,آتيه داده پرداز,965,2664223,82616514285,32125,32850,30519,-1606,-5.0,31010,-1115,-3.47,30519,32850,1399-7-22
229,شلعابح,ح . لعابيران‌,959,5946722,31049370190,5390,5090,5300,-90,-1.67,5220,-170,-3.15,5000,5590,1399-7-22
230,دتوليد,داروسازي توليد دارو,958,3249026,128952921181,41605,39603,39525,-2080,-5.0,39690,-1915,-4.6,39525,41000,1399-7-22
231,غمينو,شركت صنايع غذايي مينو شرق,956,2785703,43928688924,15098,15852,15852,754,4.99,15627,529,3.5,14345,15852,1399-7-22
232,غشهد,شهد ايران ‌,937,4618570,32625648580,7390,7170,7040,-350,-4.74,7170,-220,-2.98,7030,7250,1399-7-22
233,خفولا,خدمات فني فولاد يزد,936,3134052,94508436358,29345,29000,30225,880,3.0,30155,810,2.76,29000,30225,1399-7-22
234,وصنا,گروه‌صنايع‌بهشهرايران‌,936,4054289,47087756740,11110,11330,11800,690,6.21,11530,420,3.78,11120,11890,1399-7-22
235,وتوكا,سرمايه‌گذاري‌توكافولاد(هلدينگ,935,5644770,74840226680,13510,13220,13290,-220,-1.63,13260,-250,-1.85,12840,13800,1399-7-22
236,وآوا,سرمايه گذاري آوا نوين,932,1911309,23629764908,12867,12350,12450,-417,-3.24,12634,-233,-1.81,12250,12840,1399-7-22
237,اتكام,شركت بيمه اتكايي امين,930,5417164,47007268347,9025,9025,8574,-451,-5.0,8702,-323,-3.58,8574,9025,1399-7-22
238,شپاكسا,پاكسان‌,928,2559300,71577009130,29130,29000,28000,-1130,-3.88,27970,-1160,-3.98,27680,29430,1399-7-22
239,كيميا,معدني كيمياي زنجان گستران,924,2838176,76369665121,28240,26828,27000,-1240,-4.39,26908,-1332,-4.72,26828,27675,1399-7-22
240,فسپا,گروه‌صنعتي‌سپاهان‌,912,2349771,104445494830,46150,46170,43940,-2210,-4.79,44450,-1700,-3.68,43850,47500,1399-7-22
241,حتايد,تايدواترخاورميانه,910,3525243,61133380540,17960,17200,17210,-750,-4.18,17340,-620,-3.45,17110,17880,1399-7-22
242,ثترانح,ح سرمايه گذاري مسكن تهران,908,7377267,29087720425,3980,4000,3880,-100,-2.51,3943,-37,-0.93,3800,4090,1399-7-22
243,دابور,داروسازي‌ ابوريحان‌,905,1483947,72281646770,47660,47660,50040,2380,4.99,48710,1050,2.2,45280,50040,1399-7-22
244,بهپاك,صنعتي بهپاك,904,1480801,52881879117,36211,36900,35930,-281,-0.78,35735,-476,-1.31,34760,37000,1399-7-22
245,غدام,خوراك‌  دام‌ پارس‌,899,421080,69702135970,172400,179000,163780,-8620,-5.0,165530,-6870,-3.98,163780,179000,1399-7-22
246,وتوشه,سرمايه‌ گذاري‌ پارس‌ توشه‌,893,5363415,127581094610,23110,22980,24260,1150,4.98,23790,680,2.94,22050,24260,1399-7-22
247,پارند,صندوق س. پارند پايدار سپهر,872,27304061,324452619250,11860,11860,11880,20,0.17,11880,20,0.17,11860,11900,1399-7-22
248,كگهر,سنگ آهن گهرزمين,870,1039001,44161097405,43490,41410,42930,-560,-1.29,43098,-392,-0.9,41410,45450,1399-7-22
249,كگازح,ح . شيشه‌ و گاز,869,1983047,31868283090,16050,15780,16240,190,1.18,16070,20,0.12,15400,16980,1399-7-22
250,بموتو,موتوژن‌,867,1540657,78603067030,50300,51000,52810,2510,4.99,51020,720,1.43,48200,52810,1399-7-22
251,دبالك,مواد اوليه دارويي البرز بالك,867,1560174,25926681228,16841,16940,16810,-31,-0.18,16726,-115,-0.68,16000,17200,1399-7-22
252,سباقر,سيمان باقران,865,5075086,96398458019,19527,18942,18942,-585,-3.0,18994,-533,-2.73,18942,19496,1399-7-22
253,كمنگنز,معادن‌منگنزايران‌,855,600434,67029925340,109640,105050,115120,5480,5.0,111640,2000,1.82,105050,115120,1399-7-22
254,پارس,پتروشيمي پارس,853,1365933,221009741780,161710,163950,162740,1030,0.64,161800,90,0.06,156400,167000,1399-7-22
255,فجر,فولاد اميركبيركاشان,849,1857036,98641585530,54270,56090,54100,-170,-0.31,53120,-1150,-2.12,51600,56090,1399-7-22
256,واميد,گروه مديريت سرمايه گذاري اميد,847,1839234,76460619450,42500,41010,40950,-1550,-3.65,41890,-610,-1.44,40920,42500,1399-7-22
257,خاذين,سايپاآذين‌,841,7226905,52765733430,7680,7300,7300,-380,-4.95,7300,-380,-4.95,7300,7500,1399-7-22
258,فسرب,ملي‌ سرب‌وروي‌ ايران‌,834,668059,98695910980,154800,147060,149890,-4910,-3.17,147740,-7060,-4.56,147060,156000,1399-7-22
259,دتوزيع,توزيع دارو پخش,822,624888,30097655763,50216,48010,48300,-1916,-3.82,48910,-1306,-2.6,47706,50160,1399-7-22
260,خريخت,صنايع‌ريخته‌گري‌ايران‌,806,8560356,44519401410,5470,5200,5200,-270,-4.94,5220,-250,-4.57,5200,5280,1399-7-22
261,چدن,توليدي چدن سازان,796,6084625,176625341680,27670,27200,29050,1380,4.99,29030,1360,4.92,27200,29050,1399-7-22
262,دعبيد,لابراتوارداروسازي‌  دكترعبيدي‌,796,1013629,34093307050,35100,34850,33800,-1300,-3.7,34270,-830,-2.36,33350,34850,1399-7-22
263,تماوند,تامين سرمايه دماوند,793,8105772,126571875433,15191,15646,15646,455,3.0,15615,424,2.79,15201,15646,1399-7-22
264,تيپيكو,سرمايه گذاري دارويي تامين,793,723866,43416749950,60320,60320,59490,-830,-1.38,60170,-150,-0.25,59000,62900,1399-7-22
265,آتيمس,صندوق س.آرمان آتيه درخشان مس-س,788,448774,99962301477,222900,224000,224700,1800,0.81,222745,-155,-0.07,219000,226744,1399-7-22
266,فرآور,فرآوري‌موادمعدني‌ايران‌,775,2776533,68598194610,24560,24500,25160,600,2.44,24710,150,0.61,23340,25550,1399-7-22
267,دفارا,داروسازي‌ فارابي‌,765,549329,42380680120,79060,78010,77000,-2060,-2.61,77560,-1500,-1.9,76000,79000,1399-7-22
268,افرا,افرانت,763,967549,62040472595,61933,62000,65029,3096,5.0,64121,2188,3.53,61933,65029,1399-7-22
269,تاپكيش,تجارت الكترونيك پارسيان كيش,758,3578080,42972948976,11479,11900,12052,573,4.99,11892,413,3.6,11701,12052,1399-7-22
270,خمهر,مهركام‌پارس‌,749,5672475,43200342910,8000,7630,7600,-400,-5.0,7660,-340,-4.25,7600,7900,1399-7-22
271,سپاها,سيمان‌سپاهان‌,730,4734016,45839308340,10180,9680,9680,-500,-4.91,9710,-470,-4.62,9680,10100,1399-7-22
272,تايرا,تراكتورسازي‌ايران‌,723,2783500,69557360380,24020,24050,25250,1230,5.12,24990,970,4.04,24030,25250,1399-7-22
273,كپارس,كاشي‌ پارس‌,723,731515,73353229730,97890,102000,102780,4890,5.0,100280,2390,2.44,93000,102780,1399-7-22
274,ثقزوي,شركت عمران و سازندگي قزوين,722,2992754,84760778788,26974,28322,28322,1348,5.0,28322,1348,5.0,28322,28322,1399-7-22
275,ساروم,سيمان‌اروميه‌,721,1639778,45609183170,28080,28000,27800,-280,-1.0,27850,-230,-0.82,26680,28900,1399-7-22
276,واتي,سرمايه‌ گذاري‌ آتيه‌ دماوند,717,3522572,49810766970,13940,14220,14160,220,1.58,14130,190,1.36,13700,14620,1399-7-22
277,پرديس,سرمايه گذاري پرديس,709,4011101,31891111430,8140,7850,7940,-200,-2.46,8020,-120,-1.47,7760,8220,1399-7-22
278,زبينا,كشاورزي و دامپروري بينالود,709,1112803,49649844403,46903,44559,44558,-2345,-5.0,44617,-2286,-4.87,44558,46196,1399-7-22
279,شپارس,بين‌ المللي‌ محصولات‌  پارس‌,705,2092461,31569484850,15600,15880,15200,-400,-2.56,15270,-330,-2.12,14820,15880,1399-7-22
280,تسه9902,امتياز تسهيلات مسكن ارديبهشت99,705,13579,12024971531,895932,861101,895000,-932,-0.1,885556,-10376,-1.16,855000,910000,1399-7-22
281,شوينده,مديريت صنعت شوينده ت.ص.بهشهر,696,1068560,46342815600,45260,44000,43900,-1360,-3.0,43500,-1760,-3.89,43000,45000,1399-7-22
282,ثپرديس,سرمايه گذاري مسكن پرديس,689,2485222,30227763224,12637,12370,12006,-631,-4.99,12316,-321,-2.54,12006,12980,1399-7-22
283,سصفها,سيمان‌اصفهان‌,688,604069,74499664650,117530,123400,123400,5870,4.99,123330,5800,4.93,121000,123400,1399-7-22
284,غگرجي,بيسكويت‌  گرجي‌,685,1070750,32520229120,31400,30600,29980,-1420,-4.52,30690,-710,-2.26,29950,31800,1399-7-22
285,وسين,بيمه سينا,683,5834559,134865250383,23793,23080,23080,-713,-3.0,23115,-678,-2.85,23080,23990,1399-7-22
286,شپترو,پتروشيمي آبادان,682,6768470,37545578830,5703,5600,5532,-171,-3.0,5547,-156,-2.74,5532,5693,1399-7-22
287,ضجار7022,اختيارخ وتجارت-2800-1399/07/22,680,28305,13029275000,548,600,500,-48,-8.76,460,-88,-16.06,390,600,1399-7-22
288,كلوند,كاشي‌ الوند,674,1628886,36889016470,23800,22610,22610,-1190,-5.0,22870,-930,-3.91,22610,23800,1399-7-22
289,سخوز,سيمان خوزستان,672,1999015,46783829460,24050,23000,23600,-450,-1.87,23440,-610,-2.54,23000,24310,1399-7-22
290,داوه,داروسازي آوه سينا,671,1342737,23442668679,18245,17680,17360,-885,-4.85,17871,-374,-2.05,17333,18050,1399-7-22
291,شراز,پالايش نفت شيراز,670,532571,61438359647,114357,117200,116000,1643,1.44,115362,1005,0.88,111000,118500,1399-7-22
292,ثتران,سرمايه گذاري مسكن تهران,668,6746519,41505188339,6389,6160,6070,-319,-4.99,6171,-218,-3.41,6070,6360,1399-7-22
293,درهآور,دارويي ره آورد تامين,665,831343,25286483544,29948,31400,29520,-428,-1.43,30169,221,0.74,28451,31445,1399-7-22
294,تسه9905,امتياز تسهيلات مسكن مرداد99,663,8212,7366748456,900673,889666,898000,-2673,-0.3,897071,-3602,-0.4,857500,920000,1399-7-22
295,جم پيلن,پلي پروپيلن جم - جم پيلن,656,446452,40216849340,89760,89910,90990,1230,1.37,89940,180,0.2,88000,92000,1399-7-22
296,وتوسم,سرمايه‌گذاري‌توسعه‌ملي‌,654,1795671,23635678540,13320,13350,13080,-240,-1.8,13250,-70,-0.53,12700,13800,1399-7-22
297,تكشا,گسترش‌صنايع‌وخدمات‌كشاورزي‌,654,1595867,138023744520,85660,87000,89000,3340,3.9,86490,830,0.97,85100,89900,1399-7-22
298,مداران,داده‌پردازي‌ايران‌,652,2268797,65394930750,30080,30110,28660,-1420,-4.72,28820,-1260,-4.19,28580,30110,1399-7-22
299,غپينو,پارس‌ مينو,651,6606083,49017135860,7070,7420,7420,350,4.95,7370,300,4.24,7420,7420,1399-7-22
300,وكادو,تكادو,647,1680797,31251217857,18992,18720,18423,-569,-3.0,18593,-399,-2.1,18423,19500,1399-7-22
301,تسه9904,امتياز تسهيلات مسكن تير99,645,8070,7206954069,891250,935000,900000,8750,0.98,893055,1805,0.2,847000,935000,1399-7-22
302,اطلس,صندوق س.توسعه اندوخته آينده-س,640,178691,36672326446,205596,204000,206200,604,0.29,205228,-368,-0.18,203003,207970,1399-7-22
303,وآرين,شركت توسعه اقتصادي آرين,635,6430544,33859321726,5016,5266,5266,250,4.98,5265,249,4.96,5166,5266,1399-7-22
304,وآيند,بانك  آينده,634,10471917,320398772532,29997,30596,30596,599,2.0,30596,599,2.0,30596,30596,1399-7-22
305,شلعاب,لعابيران‌,631,1183194,9838966230,8520,8850,8200,-320,-3.76,8480,-40,-0.47,8100,8850,1399-7-22
306,زفكا,كشت و دامداري فكا,626,1072442,46419988416,41926,41500,43380,1454,3.47,43077,1151,2.75,41350,44000,1399-7-22
307,ساينا,صنايع بهداشتي ساينا,626,107399,23841390845,227266,217200,221229,-6037,-2.66,224688,-2578,-1.13,217200,234998,1399-7-22
308,فاما,صنعتي‌ آما,615,2125492,47316529440,22710,22800,22480,-230,-1.01,22300,-410,-1.81,21600,23000,1399-7-22
309,ختور,رادياتور ايران‌,614,1155640,37294621870,33960,32270,32270,-1690,-4.98,32650,-1310,-3.86,32270,32400,1399-7-22
310,مارون,پتروشيمي مارون,613,158655,21936901038,142877,137010,139040,-3837,-2.69,141800,-1077,-0.75,136010,142800,1399-7-22
311,واعتبار,سرمايه گذاري اعتبار ايران,608,5570875,36109839120,6820,6480,6480,-340,-4.99,6530,-290,-4.25,6480,6670,1399-7-22
312,كوثر,بيمه كوثر,604,5491747,76184626779,14592,13870,13865,-727,-4.98,13873,-719,-4.93,13863,14390,1399-7-22
313,وگستر,گسترش سرمايه گذاري ايرانيان,600,2252316,50927867130,21602,22490,22682,1080,5.0,22491,889,4.12,21750,22682,1399-7-22
314,كقزوي,شيشه‌ قزوين‌,600,3356433,32525638078,9975,9676,9676,-299,-3.0,9691,-284,-2.85,9676,9975,1399-7-22
315,ساراب,سيمان‌ داراب‌,598,2270976,28034487180,12940,12700,12380,-560,-4.33,12580,-360,-2.78,12300,12930,1399-7-22
316,تكمبا,كمباين‌ سازي‌ ايران‌,595,3779115,39747246950,11050,10530,10500,-550,-4.98,10630,-420,-3.8,10500,10840,1399-7-22
317,وسيلام,شركت س استان ايلام,595,14422411,18526431480,1230,1290,1290,60,4.88,1250,20,1.63,1240,1290,1399-7-22
318,شيراز,پتروشيمي‌شيراز,593,1516241,94264689970,61470,63000,64540,3070,4.99,62120,650,1.06,59500,64540,1399-7-22
319,دكوثر,داروسازي‌ كوثر,589,1470143,35546501960,25400,24130,24130,-1270,-5.0,24530,-870,-3.43,24130,25200,1399-7-22
320,دسبحان,سبحان دارو,588,783249,14703135150,18960,19200,18560,-400,-2.11,18910,-50,-0.26,18250,19200,1399-7-22
321,وارس,سرمايه گذاري ارس صبا,586,876962,81646034590,97762,92874,93010,-4752,-4.86,93101,-4661,-4.77,92874,98000,1399-7-22
322,بكاب,صنايع‌جوشكاب‌يزد,586,446716,72224969410,153990,161680,161680,7690,4.99,161680,7690,4.99,161220,161680,1399-7-22
323,كپشيرح,ح . پشم‌شيشه‌ايران‌,585,1405504,17655204212,12775,11780,12550,-225,-1.76,12561,-214,-1.68,11780,13400,1399-7-22
324,زدشت,كشت و صنعت دشت خرم دره,569,1349137,52647128728,40711,39000,38676,-2035,-5.0,39023,-1688,-4.15,38676,40416,1399-7-22
325,ولبهمن,شركت بهمن ليزينگ,566,4586724,45384612011,10242,10250,9730,-512,-5.0,9947,-295,-2.88,9730,10250,1399-7-22
326,دلر,داروسازي‌ اكسير,556,232592,26609439600,112100,117700,112030,-70,-0.06,113200,1100,0.98,110000,117700,1399-7-22
327,واحيا,م .صنايع و معادن احياء سپاهان,551,651839,130943500497,202692,197001,200656,-2036,-1.0,200883,-1809,-0.89,197001,206850,1399-7-22
328,ولملت,واسپاري ملت,550,4156334,45987158690,10560,11080,11080,520,4.92,11000,440,4.17,10560,11080,1399-7-22
329,پاكشو,گروه صنعتي پاكشو,549,848124,65839866120,73940,77630,77630,3690,4.99,76290,2350,3.18,77630,77630,1399-7-22
330,كاردان,صندوق س تجارت شاخصي كاردان,548,235804,45304747710,193120,193000,192800,-320,-0.17,192130,-990,-0.51,189000,196000,1399-7-22
331,حپارسا,توسعه حمل و نقل ريلي پارسيان,545,1126876,36530138769,33256,34300,31596,-1660,-4.99,32630,-626,-1.88,31594,34300,1399-7-22
332,غسالم,سالمين‌,534,3930704,20518274880,4980,5220,5220,240,4.82,5070,90,1.81,5220,5220,1399-7-22
333,ددام,داروسازي زاگرس فارمد پارس,532,902806,12495548170,14320,13610,14000,-320,-2.23,14200,-120,-0.84,13610,14650,1399-7-22
334,گنجين2,صندوق س. گنجينه يكم آويد-د,530,53000000,53000000,11448,1,1,-11447,-99.99,1,-11447,-99.99,1,1,1399-7-22
335,دتمادح,ح . توليدمواداوليه‌داروپخش‌,530,509918,23026950760,45100,43000,45250,150,0.33,45160,60,0.13,43000,47800,1399-7-22
336,رتكو,كنترل‌خوردگي‌تكين‌كو,528,2730298,44944777710,17310,16450,16450,-860,-4.97,16460,-850,-4.91,16450,17000,1399-7-22
337,مفاخر,توسعه فناوري اطلاعات خوارزمي,523,2783747,146596492897,52738,52738,53000,262,0.5,52662,-76,-0.14,50111,53994,1399-7-22
338,ميهن,بيمه ميهن,523,5405485,28151884118,5461,5240,5188,-273,-5.0,5319,-142,-2.6,5188,5495,1399-7-22
339,بخاور,بيمه زندگي خاورميانه,522,3697917,28363144650,7642,7700,7898,256,3.35,7657,15,0.2,7390,7999,1399-7-22
340,دارو,كارخانجات‌داروپخش‌,522,586105,35657035520,60920,63890,61600,680,1.12,60870,-50,-0.08,58200,63890,1399-7-22
341,سكه0012پ01,سكه تمام بهارتحويلي 1روزه رفاه,520,177000,283684231800,1553683,1600000,1605000,51317,3.3,1602736,49053,3.16,1590000,1618499,1399-7-22
342,شبصير,توليدات پتروشيمي قائد بصير,519,405588,50485858654,130089,128000,125990,-4099,-3.15,124476,-5613,-4.31,123585,133000,1399-7-22
343,دمعيار,صندوق س. توازن معيار-د,519,24232079,243864607853,10044,10040,10069,25,0.25,10064,20,0.2,10040,10080,1399-7-22
344,سيستم,همكاران سيستم,514,1337100,42095240660,30090,31590,31590,1500,4.99,31130,1040,3.46,31050,31590,1399-7-22
345,بزاگرس,نيروگاه زاگرس كوثر,510,3703067,60552551584,15574,16352,16352,778,5.0,16352,778,5.0,16352,16352,1399-7-22
346,وسقم,شركت س استان قم,506,6478312,9488766730,1410,1450,1480,70,4.96,1420,10,0.71,1380,1480,1399-7-22
347,غچين,كشت‌ و صنعت‌ چين‌ چين,505,547961,24205093450,46040,47290,43740,-2300,-5.0,45090,-950,-2.06,43740,47290,1399-7-22
348,گوهران,سرمايه گذاري توسعه گوهران اميد,505,1656675,15407553032,9587,9740,9340,-247,-2.58,9497,-90,-0.94,9200,9740,1399-7-22
349,ضفار1125,اختيارخ فارس-17826-1399/11/07,505,20619,30987795000,1409,2700,1510,101,7.17,1503,94,6.67,1201,2700,1399-7-22
350,وهنر,گروه توسعه هنر ايران,501,3612693,17214400955,4865,4800,4747,-118,-2.43,4778,-87,-1.79,4720,4890,1399-7-22
351,گوهر,صندوق سكه طلاي كيان,495,1337284,106940937200,77914,79800,79757,1843,2.37,79969,2055,2.64,79000,80010,1399-7-22
352,فخاس,فولاد خراسان,476,940106,33761737000,37370,35510,36010,-1360,-3.64,36850,-520,-1.39,35510,37370,1399-7-22
353,زشگزا,شير و گوشت زاگرس شهركرد,474,493364,49675039125,98293,102490,99000,707,0.72,100654,2361,2.4,96500,102490,1399-7-22
354,حسينا,توسعه خدمات دريايي وبندري سينا,470,353200,22061511335,64394,65400,62850,-1544,-2.4,63602,-792,-1.23,61182,65400,1399-7-22
355,بساما,بيمه سامان,469,1285080,28678430549,23234,23500,22073,-1161,-5.0,22717,-517,-2.23,22073,23500,1399-7-22
356,شنفت,نفت‌ پارس‌,464,348350,20387888090,58000,59990,58300,300,0.52,58180,180,0.31,57180,60000,1399-7-22
357,سهگمت,سيمان‌هگمتان‌,460,1789665,38732045630,20620,21650,21650,1030,5.0,21310,690,3.35,21000,21650,1399-7-22
358,زكشت,كشاورزي مكانيزه اصفهان كشت,457,562798,16866620262,31333,31000,29767,-1566,-5.0,30850,-483,-1.54,29767,31000,1399-7-22
359,دالبر,البرزدارو,453,627798,13225706330,21590,21000,21110,-480,-2.22,21450,-140,-0.65,20610,21890,1399-7-22
360,خصدرا,صنعتي‌ دريايي‌ ايران‌,452,3574925,21474574475,6192,6007,6007,-185,-2.99,6129,-63,-1.02,6007,6007,1399-7-22
361,ضجار7024,اختيارخ وتجارت-3200-1399/07/22,447,22284,2304825000,198,171,73,-125,-63.13,103,-95,-47.98,45,229,1399-7-22
362,سفانو,سيمان فارس نو,446,451574,14962038300,32540,33800,32690,150,0.46,32710,170,0.52,32000,34160,1399-7-22
363,سپ,پرداخت الكترونيك سامان كيش,446,3595386,84994925040,22520,23640,23640,1120,4.97,23640,1120,4.97,23640,23640,1399-7-22
364,فيروزه,صندوق شاخص30 شركت فيروزه- سهام,444,145989,28236577690,193570,193600,194900,1330,0.69,193420,-150,-0.08,190070,196300,1399-7-22
365,زگلدشت,كشت و دام گلدشت نمونه اصفهان,443,534167,18945004268,37246,35400,35384,-1862,-5.0,36523,-723,-1.94,35384,36700,1399-7-22
366,تسه9903,امتياز تسهيلات مسكن خرداد99,443,4089,3656875463,893487,894200,888000,-5487,-0.61,894320,833,0.09,850605,910000,1399-7-22
367,وتعاون,بيمه  تعاون,435,3478612,21829802806,6094,6276,6276,182,2.99,6275,181,2.97,6250,6276,1399-7-22
368,دسبحاح,ح .گروه دارويي سبحان,435,631435,9891339750,17010,15610,15400,-1610,-9.47,15660,-1350,-7.94,15320,16600,1399-7-22
369,دپارس,پارس‌ دارو,434,365093,40896614050,110300,110790,114470,4170,3.78,111560,1260,1.14,104790,115340,1399-7-22
370,ثجوان,تامين مسكن جوانان,431,2898012,23862665722,8531,8940,8106,-425,-4.98,8234,-297,-3.48,8105,8940,1399-7-22
371,پارسيان,بيمه پارسيان,429,2053488,27596275010,13730,13330,13730,0,0.0,13570,-160,-1.17,13050,14000,1399-7-22
372,خرينگ,رينگ‌سازي‌مشهد,427,1032332,30906163030,28540,29960,29960,1420,4.98,29280,740,2.59,28670,29960,1399-7-22
373,غفارس,شير پاستوريزه پگاه فارس,423,839951,8450939079,10294,10590,9980,-314,-3.05,10256,-38,-0.37,9820,10700,1399-7-22
374,تسه9810,امتياز تسهيلات مسكن دي98,422,8286,7436185771,905402,862000,890001,-15401,-1.7,897440,-7962,-0.88,860132,945000,1399-7-22
375,دجابر,داروسازي‌ جابرابن‌حيان‌,419,517031,21556437350,43280,43280,41900,-1380,-3.19,42590,-690,-1.59,41120,43280,1399-7-22
376,شفا,سرمايه گذاري شفادارو,418,537173,39137736010,71900,71990,70000,-1900,-2.64,72570,670,0.93,69000,75400,1399-7-22
377,كپرور,فرآوري زغال سنگ پروده طبس,413,546596,24319183921,43990,45000,43820,-170,-0.39,44214,224,0.51,43500,45995,1399-7-22
378,قصفها,قنداصفهان‌,411,148167,25673646550,182260,173510,173150,-9110,-5.0,177460,-4800,-2.63,173150,177480,1399-7-22
379,لسرما,سرما آفرين‌,407,1072121,23072350560,22550,21530,21430,-1120,-4.97,22030,-520,-2.31,21430,22450,1399-7-22
380,ثپرديسح,ح.سرمايه گذاري مسكن پرديس,405,1346531,10880338158,8495,8081,8071,-424,-4.99,8080,-415,-4.89,8071,8460,1399-7-22
381,ومعلم,بيمه معلم,405,2045002,12511563917,6263,6379,6260,-3,-0.05,6227,-36,-0.57,6000,6379,1399-7-22
382,وسرمد,بيمه  سرمد,402,2796355,17964174732,6611,6689,6413,-198,-3.0,6449,-162,-2.45,6413,6689,1399-7-22
383,دشيمي,شيمي‌ داروئي‌ داروپخش‌,402,548118,35113421110,67330,64020,63970,-3360,-4.99,65060,-2270,-3.37,63970,68860,1399-7-22
384,نطرين,عطرين نخ قم,399,1035719,16475239707,16697,16000,15863,-834,-4.99,16423,-274,-1.64,15863,16190,1399-7-22
385,كيان,صندوق س. با درآمد ثابت كيان,398,8981857,229171316190,25490,25520,25520,30,0.12,25510,20,0.08,25510,25530,1399-7-22
386,پارتا,مجتمع‌صنعتي‌آرتاويل‌تاير,397,647114,39048404471,58609,60363,60367,1758,3.0,60342,1733,2.96,58002,60367,1399-7-22
387,سكه9912پ04,سكه تمام بهارتحويل1روزه صادرات,391,145300,232698608900,1554224,1610000,1600000,45776,2.95,1601504,47280,3.04,1585002,1620000,1399-7-22
388,دسبحا,گروه دارويي سبحان,390,805222,14115479190,18410,17740,17500,-910,-4.94,18150,-260,-1.41,17490,17920,1399-7-22
389,زپارس,ملي كشت و صنعت و دامپروري پارس,387,264923,18318025830,68570,71000,69290,720,1.05,68780,210,0.31,66510,71000,1399-7-22
390,شگل,گلتاش‌,376,564803,15493128550,28050,26900,27500,-550,-1.96,27860,-190,-0.68,26710,28490,1399-7-22
391,خموتور,موتورسازان‌تراكتورسازي‌ايران‌,375,3045772,37828488240,13800,12420,12420,-1380,-10.0,12630,-1170,-8.48,12420,12420,1399-7-22
392,كخاكح,ح . صنايع‌خاك‌چيني‌ايران‌,371,473800,19338791560,43620,40000,40100,-3520,-8.07,40820,-2800,-6.42,39260,43670,1399-7-22
393,دكپسول,توليد ژلاتين كپسول ايران,371,525225,18627411861,37292,36400,35429,-1863,-5.0,36560,-732,-1.96,35428,36400,1399-7-22
394,فجام,جام‌دارو,371,198592,10534674150,55830,53100,53040,-2790,-5.0,55170,-660,-1.18,53040,53500,1399-7-22
395,سكرما,سيمان‌ كرمان‌,371,3990331,60622300460,15860,15100,15250,-610,-3.85,15190,-670,-4.22,15070,15950,1399-7-22
396,سخاش,سيمان‌خاش‌,363,164193,11918720450,75540,73300,72980,-2560,-3.39,74790,-750,-0.99,71770,76000,1399-7-22
397,غشصفا,شيرپاستوريزه‌پگاه‌اصفهان‌,362,519052,16664607340,32180,33000,32200,20,0.06,32160,-20,-0.06,30660,33500,1399-7-22
398,آبين,كشت و صنعت آبشيرين,359,1501798,6001124014,4108,4100,3985,-123,-2.99,4073,-35,-0.85,3985,4110,1399-7-22
399,ضملي1152,اختيارخ فملي-18252-1399/11/05,357,16115,31246921000,2518,2251,2500,-18,-0.71,1939,-579,-22.99,1800,2630,1399-7-22
400,خديزل,بهمن  ديزل,356,623692,30258359521,48835,48100,48835,0,0.0,48639,-196,-0.4,46711,49800,1399-7-22
401,اعتلا,شركت سرمايه گذاري اعتلاء البرز,355,1631401,16794416415,10831,10290,10290,-541,-4.99,10634,-197,-1.82,10290,10508,1399-7-22
402,ولشرق,ليزينگ ايران و شرق,353,3960664,30081696111,7981,7625,7582,-399,-5.0,7726,-255,-3.2,7582,7800,1399-7-22
403,وپخش,داروپخش‌ (هلدينگ‌,353,103420,13571839880,132640,138000,131190,-1450,-1.09,132280,-360,-0.27,127100,138000,1399-7-22
404,زماهان,مجتمع توليد گوشت مرغ ماهان,353,795072,19253761884,25224,24057,24060,-1164,-4.61,24826,-398,-1.58,24000,25370,1399-7-22
405,سدور,سيمان‌ دورود,347,2044036,17213635640,8850,8850,8410,-440,-4.97,8710,-140,-1.58,8410,8850,1399-7-22
406,قچار,فراوردههاي غذايي وقند چهارمحال,346,104132,22165459732,210830,219000,214000,3170,1.5,211669,839,0.4,209500,219000,1399-7-22
407,دشيري,شيرين دارو,344,231130,43433279065,191157,181600,194977,3820,2.0,187917,-3240,-1.69,181600,200700,1399-7-22
408,پارسيانح,ح.بيمه پارسيان,343,810703,9657036640,11870,11850,12010,140,1.18,11910,40,0.34,11210,12250,1399-7-22
409,افق ملت,صندوق س در سهام افق ملت,341,144925,21224543740,146190,148980,146450,260,0.18,146450,260,0.18,144900,148980,1399-7-22
410,هجرت,پخش هجرت,340,200769,12274195963,62746,62700,60540,-2206,-3.52,62356,-390,-0.62,60540,62950,1399-7-22
411,ثاصفا,شركت‌ ساختمان‌ اصفهان‌,339,1335832,36919718464,29076,27623,27623,-1453,-5.0,27638,-1438,-4.95,27623,28160,1399-7-22
412,دزهراوي,داروسازي‌زهراوي‌,338,2271311,27800846640,11660,12240,12240,580,4.97,11950,290,2.49,12240,12240,1399-7-22
413,شتوكا,توكا رنگ فولاد سپاهان,337,469007,13003873548,28872,28100,27429,-1443,-5.0,28562,-310,-1.07,27429,29649,1399-7-22
414,هصيكو402,اختيارف ت تاصيكو13500-00/02/20,337,1305276,1096431840,546,840,840,294,53.85,840,294,53.85,840,840,1399-7-22
415,حآسا,آسيا سير ارس,330,3157255,42161983270,12719,13354,13354,635,4.99,13191,472,3.71,13354,13354,1399-7-22
416,قزوين,كارخانجات‌ قند قزوين‌,326,922546,29919100180,34030,32510,32800,-1230,-3.61,32990,-1040,-3.06,32330,34440,1399-7-22
417,كاريس,صندوق س.سپهر كاريزما-س,322,127491,28187363630,222013,221980,221200,-813,-0.37,221093,-920,-0.41,218001,226000,1399-7-22
418,فروس,فروسيليس‌ ايران‌,321,1745672,43432319360,23700,24880,24880,1180,4.98,24600,900,3.8,24880,24880,1399-7-22
419,بشهاب,لامپ‌  پارس‌ شهاب‌,320,687230,47920547900,73400,69730,69730,-3670,-5.0,69730,-3670,-5.0,69730,69730,1399-7-22
420,ثشرق,سرمايه گذاري مسكن شمال شرق,319,3330676,20705570320,6480,6310,6160,-320,-4.94,6360,-120,-1.85,6160,6450,1399-7-22
421,داسوه,داروسازي‌ اسوه‌,316,611812,17258028940,29530,28120,28060,-1470,-4.98,29040,-490,-1.66,28060,29000,1399-7-22
422,سكارون,سيمان كارون,312,638019,64498478835,103907,101001,101600,-2307,-2.22,101092,-2815,-2.71,100790,103866,1399-7-22
423,شاملاح,ح . معدني‌ املاح‌  ايران‌,312,196675,11833418020,61380,55460,60030,-1350,-2.2,60170,-1210,-1.97,55460,62990,1399-7-22
424,انرژي3,سايراشخاص بورس انرژي,308,139079,56887483370,389560,409030,409030,19470,5.0,400840,11280,2.9,409030,409030,1399-7-22
425,تسه9901,امتياز تسهيلات مسكن فروردين99,306,3379,3016545870,890687,851455,898000,7313,0.82,892733,2046,0.23,851455,935000,1399-7-22
426,خراسان,پتروشيمي خراسان,305,832534,75582445470,90850,88570,90400,-450,-0.5,90790,-60,-0.07,88000,92280,1399-7-22
427,سصوفي,سيمان‌ صوفيان‌,302,1570555,24217958100,14690,15420,15420,730,4.97,15010,320,2.18,15420,15420,1399-7-22
428,پرداخت,به پرداخت ملت,300,1192318,53006695460,42420,44390,44540,2120,5.0,44430,2010,4.74,42600,44540,1399-7-22
429,كشرق,صنعتي و معدني شمال شرق شاهرود,291,364820,21697422482,62460,59580,59337,-3123,-5.0,60931,-1529,-2.45,59337,62000,1399-7-22
430,بنيرو,نيروترانس‌,290,459766,26340291640,60300,57290,57290,-3010,-4.99,58540,-1760,-2.92,57290,57310,1399-7-22
431,تسه9709,امتياز تسهيلات مسكن آذر97,290,3124,2755745247,884620,871111,880010,-4610,-0.52,882121,-2499,-0.28,860000,910000,1399-7-22
432,اتكاي,بيمه اتكايي ايرانيان,288,1006497,13263669302,12992,13101,13190,198,1.52,13040,48,0.37,13020,13500,1399-7-22
433,وسناح,ح. سرمايه گذاري نيروگاهي ايران,288,924490,11087895514,12332,11970,12000,-332,-2.69,11994,-338,-2.74,11963,12100,1399-7-22
434,رانفور,خدمات‌انفورماتيك‌,287,4135177,127818321070,29440,30910,30910,1470,4.99,30910,1470,4.99,30910,30910,1399-7-22
435,سرود,سيمان‌شاهرود,285,1110146,17060600410,16160,15430,15360,-800,-4.95,15880,-280,-1.73,15360,15740,1399-7-22
436,سهرمز,سيمان‌هرمزگان‌,281,901170,15340551710,17060,16210,17190,130,0.76,17050,-10,-0.06,16210,17670,1399-7-22
437,لابسا,آبسال‌,281,494302,17162165440,33070,34720,34720,1650,4.99,33560,490,1.48,34720,34720,1399-7-22
438,تسه9812,امتياز تسهيلات مسكن اسفند98,280,2866,2567261248,889952,890000,891000,1048,0.12,895765,5813,0.65,845460,930000,1399-7-22
439,ضخود1045,اختيارخ خودرو-4500-1399/10/07,279,11199,4072751000,257,360,361,104,40.47,364,107,41.63,335,389,1399-7-22
440,زشريف,كشت وصنعت شريف آباد,276,495200,12056837859,25626,24370,24345,-1281,-5.0,25293,-333,-1.3,24345,24500,1399-7-22
441,آ س پ,آ.س.پ,275,1422036,19182450022,14167,13459,13459,-708,-5.0,13889,-278,-1.96,13459,13919,1399-7-22
442,خفنر,فنرسازي‌خاور,271,753634,14431854600,20090,19130,19090,-1000,-4.98,19800,-290,-1.44,19090,19760,1399-7-22
443,ضجار7025,اختيارخ وتجارت-3400-1399/07/22,270,11638,304851000,61,70,1,-60,-98.36,26,-35,-57.38,1,73,1399-7-22
444,كخاك,صنايع‌خاك‌چيني‌ايران‌,267,272980,13527453590,51780,49200,49200,-2580,-4.98,51140,-640,-1.24,49200,51400,1399-7-22
445,تشتاد,صنايع توليدي اشتاد ايران‌,267,724917,10072774436,13535,13941,13941,406,3.0,13711,176,1.3,13130,13941,1399-7-22
446,تسه9708,امتياز تسهيلات مسكن آبان97,262,4211,3708426807,881659,850020,899998,18339,2.08,880652,-1007,-0.11,850020,905000,1399-7-22
447,سجام,مجتمع سيمان غرب آسيا,261,2590007,29812924909,11609,11609,11261,-348,-3.0,11511,-98,-0.84,11261,11609,1399-7-22
448,پيزد,مجتمع صنايع لاستيك يزد,260,50970,4994448360,103145,97988,97988,-5157,-5.0,102583,-562,-0.54,97988,97988,1399-7-22
449,وايران,ليزينگ ايرانيان,259,856758,8053525200,9890,9400,9400,-490,-4.95,9800,-90,-0.91,9400,9400,1399-7-22
450,كسرا,سراميك‌هاي‌صنعتي‌اردكان‌,258,532017,11996983350,21480,22550,22550,1070,4.98,21700,220,1.02,22550,22550,1399-7-22
451,وجامي,سرمايه گذاري جامي,257,1373894,18229285692,12944,12944,13332,388,3.0,13217,273,2.11,12944,13332,1399-7-22
452,سكرد,سيمان كردستان,255,1661748,16783654800,10630,10100,10100,-530,-4.99,10430,-200,-1.88,10100,10100,1399-7-22
453,كهرام,توليدي گرانيت بهسرام,255,1394608,76374198949,56081,54399,57000,919,1.64,54764,-1317,-2.35,54399,57763,1399-7-22
454,فپنتا,سپنتا,253,33722,9968096280,308000,292630,302000,-6000,-1.95,305160,-2840,-0.92,292620,303000,1399-7-22
455,تسه9711,امتياز تسهيلات مسكن بهمن 97,252,2549,2250067448,886236,879555,890000,3764,0.42,882726,-3510,-0.4,857000,910000,1399-7-22
456,ما,بيمه  ما,250,7883931,50614837020,6120,6420,6420,300,4.9,6380,260,4.25,6420,6420,1399-7-22
457,دسينا,داروسازي‌ سينا,250,181271,4884036680,27920,27000,26860,-1060,-3.8,27820,-100,-0.36,26680,27600,1399-7-22
458,بالبر,كابل‌ البرز,249,280474,6593973310,24740,23510,23510,-1230,-4.97,24560,-180,-0.73,23510,23520,1399-7-22
459,وتوس,توسعه‌شهري‌توس‌گستر,248,260908,8943926240,36080,34280,34280,-1800,-4.99,35760,-320,-0.89,34280,34280,1399-7-22
460,سقاين,سيمان‌ قائن‌,246,367572,14697247880,41720,40120,40400,-1320,-3.16,41170,-550,-1.32,39640,41120,1399-7-22
461,كساوه,صنايع‌ كاشي‌ و سراميك‌ سينا,243,444665,19508660050,46060,43860,43760,-2300,-4.99,45210,-850,-1.85,43760,46000,1399-7-22
462,سبهان,سيمان‌ بهبهان‌,242,124574,7383634210,62080,59150,59530,-2550,-4.11,61650,-430,-0.69,58980,60770,1399-7-22
463,قلرست,قند لرستان‌,241,570949,12870616220,23700,22520,22520,-1180,-4.98,23370,-330,-1.39,22520,23260,1399-7-22
464,تسه9710,امتياز تسهيلات مسكن دي 97,240,2716,2396079433,885293,851300,903000,17707,2.0,882209,-3084,-0.35,851300,903000,1399-7-22
465,خوساز,محورسازان‌ايران‌خودرو,238,818033,7215051060,9280,8820,8820,-460,-4.96,9210,-70,-0.75,8820,8820,1399-7-22
466,سكه0011پ02,سكه تمام بهارتحويلي 1روزه ملت,237,107900,172312296300,1556808,1615000,1599799,42991,2.76,1596963,40155,2.58,1582900,1619996,1399-7-22
467,زمگسا,كشاورزي‌ ودامپروي‌ مگسال‌,236,199052,5432668650,28140,29100,27400,-740,-2.63,28050,-90,-0.32,26740,29100,1399-7-22
468,تسه9811,امتياز تسهيلات مسكن بهمن98,236,2248,2001084367,897231,855778,888001,-9230,-1.03,890162,-7069,-0.79,855778,939000,1399-7-22
469,تسه9803,امتياز تسهيلات مسكن خرداد98,234,2007,1773087939,891134,870000,885900,-5234,-0.59,883452,-7682,-0.86,850000,900000,1399-7-22
470,آساس,صندوق س.آسمان آرماني سهام-س,234,104369,17396927830,167625,166000,167588,-37,-0.02,166687,-938,-0.56,165000,170998,1399-7-22
471,كبافق,معادن‌ بافق‌,232,213686,6968300460,31060,32610,32610,1550,4.99,31250,190,0.61,32610,32610,1399-7-22
472,كترام,توليدي‌ كاشي‌ تكسرام‌,226,553021,11430944070,19690,20670,20670,980,4.98,19890,200,1.02,20670,20670,1399-7-22
473,وملي,گروه‌ صنعتي‌ ملي‌ (هلدينگ‌,225,61661,25356853030,432870,411230,411230,-21640,-5.0,420150,-12720,-2.94,411230,411230,1399-7-22
474,آكورد,صندوق س. آرمان آتي كوثر-د,217,7600663,219431905098,28856,28870,28880,24,0.08,28870,14,0.05,28850,28880,1399-7-22
475,كاسپين,داروسازي كاسپين تامين,215,287311,7759870907,27044,25950,27200,156,0.58,27039,-5,-0.02,25950,27980,1399-7-22
476,دكيمي,كيميدارو,215,448076,10065342800,23620,23490,22440,-1180,-5.0,23370,-250,-1.06,22440,23490,1399-7-22
477,غنوش,نوش‌ مازندران‌,215,117901,8637427260,77110,73260,73260,-3850,-4.99,76400,-710,-0.92,73260,73260,1399-7-22
478,ملت,بيمه ملت,214,901227,13178833060,14310,14890,14500,190,1.33,14380,70,0.49,14310,14890,1399-7-22
479,كفرا,فراورده‌ هاي‌ نسوزايران‌,212,460989,21998283590,45450,47720,47720,2270,4.99,46340,890,1.96,47710,47720,1399-7-22
480,قشكر,شكرشاهرود,212,320826,12712969070,41650,39680,39570,-2080,-4.99,41080,-570,-1.37,39570,41000,1399-7-22
481,تسه9801,امتياز تسهيلات مسكن فروردين98,211,2119,1863931421,887729,845000,888000,271,0.03,879628,-8101,-0.91,845000,900000,1399-7-22
482,بنو,بيمه تجارت نو,208,1501473,54713676120,34705,36440,36440,1735,5.0,36278,1573,4.53,36440,36440,1399-7-22
483,تسه9712,امتياز تسهيلات مسكن اسفند97,208,1886,1664288264,887871,866000,900000,12129,1.37,882443,-5428,-0.61,850005,900000,1399-7-22
484,تسه9809,امتياز تسهيلات مسكن آذر98,206,2487,2216876262,891591,847099,936000,44409,4.98,891386,-205,-0.02,847099,936170,1399-7-22
485,ولتجار,واسپاري تجارت وسرمايه ايرانيان,206,1945499,12278286601,6503,6320,6308,-195,-3.0,6377,-126,-1.94,6308,6400,1399-7-22
486,كمينا,شيشه سازي مينا,205,443117,13596279945,31596,30885,30649,-947,-3.0,30949,-647,-2.05,30649,31800,1399-7-22
487,كفرآور,فرآورده هاي سيمان شرق,205,1694668,37058999824,21232,21868,21868,636,3.0,21868,636,3.0,21868,21868,1399-7-22
488,صايند,صندوق س. گنجينه آينده روشن-د,205,4116780,40894756340,9955,9960,9940,-15,-0.15,9934,-21,-0.21,9915,9969,1399-7-22
489,فيروزا,صندوق بادرآمد ثابت فيروزه آسيا,202,2324061,49650217330,21310,21390,21380,70,0.33,21360,50,0.23,21350,21390,1399-7-22
490,سفار,سيمان‌فارس‌,201,102313,9316070550,95460,99400,91000,-4460,-4.67,94560,-900,-0.94,90690,99400,1399-7-22
491,خكاوه,سايپا ديزل,201,1836353,11130135533,6248,6061,6061,-187,-2.99,6140,-108,-1.73,6061,6061,1399-7-22
492,وسگلستا,شركت س استان گلستان,199,3420405,4446526500,1240,1300,1300,60,4.84,1240,0,0.0,1300,1300,1399-7-22
493,ذوب تبعي9912,اختيارف.تبعي ذوب991224,197,485000,388000000,700,800,800,100,14.29,800,100,14.29,800,800,1399-7-22
494,حخزر,كشتيراني درياي خزر,197,358850,8126287170,23360,23330,23068,-292,-1.25,23243,-117,-0.5,22300,23400,1399-7-22
495,تبرك,گروه كارخانجات صنعتي تبرك,197,385264,10521174576,28746,27309,27309,-1437,-5.0,28419,-327,-1.14,27309,27309,1399-7-22
496,دسانكو,داروسازي سبحان انكولوژي,196,1456185,27069022965,17704,18589,18589,885,5.0,18124,420,2.37,18589,18589,1399-7-22
497,تپولا,مهندسي مرآت پولاد,196,1088246,25211873920,22567,23130,23244,677,3.0,23167,600,2.66,22800,23244,1399-7-22
498,وشهر,بانك شهر,196,4255796,36753054256,8812,8636,8636,-176,-2.0,8692,-120,-1.36,8636,8636,1399-7-22
499,تسه9802,امتياز تسهيلات مسكن ارديبهشت98,195,1506,1337727737,887953,880500,900000,12047,1.36,888265,312,0.04,845501,900000,1399-7-22
500,كي بي سي,شركت كي بي سي,195,262259,8943914943,35827,34040,34036,-1791,-5.0,35502,-325,-0.91,34036,35000,1399-7-22
501,ضجار1015,اختيارخ وتجارت-3500-1399/10/21,194,6242,4179859000,657,680,656,-1,-0.15,670,13,1.98,620,700,1399-7-22
502,ضصاد8024,اختيارخ وبصادر-5500-1399/08/11,190,7032,824940000,147,130,140,-7,-4.76,117,-30,-20.41,96,170,1399-7-22
503,سدشت,صنايع سيمان دشتستان,188,124722,4573257940,38480,36560,36560,-1920,-4.99,38310,-170,-0.44,36560,39490,1399-7-22
504,شدوص,دوده‌ صنعتي‌ پارس‌,187,1121020,23664732200,20110,21110,21110,1000,4.97,20570,460,2.29,21110,21110,1399-7-22
505,خلنت,لنت‌ ترمزايران‌,186,109125,10044785220,96750,91920,91920,-4830,-4.99,95750,-1000,-1.03,91920,96750,1399-7-22
506,ضجار7023,اختيارخ وتجارت-3000-1399/07/22,186,9674,2844566000,372,400,281,-91,-24.46,294,-78,-20.97,250,444,1399-7-22
507,ولانا,شركت ليزينگ آريا دانا,186,1453298,32282125280,21602,22250,22250,648,3.0,22213,611,2.83,21700,22250,1399-7-22
508,وسكرشا,س.سهام عدالت استان كرمانشاه,185,2234343,2879243810,1300,1360,1270,-30,-2.31,1300,0,0.0,1250,1360,1399-7-22
509,غالبر,لبنيات‌ كالبر,184,518888,6377133520,12930,12290,12290,-640,-4.95,12840,-90,-0.7,12290,12290,1399-7-22
510,بزاگرسح,ح . نيروگاه زاگرس كوثر,182,1201305,11814834675,9367,9835,9835,468,5.0,9835,468,5.0,9835,9835,1399-7-22
511,اخزا808,اسنادخزانه-م8بودجه98-000817,182,220024,183633388251,835297,835297,834570,-727,-0.09,834606,-691,-0.08,834455,836000,1399-7-22
512,شجم,صنايع پتروشيمي تخت جمشيد,181,2269475,20629527750,8826,9090,9090,264,2.99,9056,230,2.61,9090,9090,1399-7-22
513,بمپنا,توليد برق عسلويه  مپنا,180,333385,28443016880,89707,85222,85222,-4485,-5.0,87068,-2639,-2.94,85222,88980,1399-7-22
514,شاملا,معدني‌ املاح‌  ايران‌,179,136516,9449803100,72370,68760,70010,-2360,-3.26,71730,-640,-0.88,68760,71000,1399-7-22
515,سشمال,سيمان‌ شمال‌,179,586648,6130627320,10990,10450,10450,-540,-4.91,10920,-70,-0.64,10450,10640,1399-7-22
516,سبجنو,سيمان‌ بجنورد,177,358065,11356798860,32650,32000,31250,-1400,-4.29,32430,-220,-0.67,31020,33100,1399-7-22
517,وسخراش,شركت س استان خراسان شمالي,174,3425192,4555505360,1400,1330,1330,-70,-5.0,1390,-10,-0.71,1330,1330,1399-7-22
518,فنفت,صنايع تجهيزات نفت,174,445519,6975598502,15202,15658,15658,456,3.0,15350,148,0.97,15320,15658,1399-7-22
519,سدبير,س. تدبيرگران فارس وخوزستان,174,1461560,47882167160,31201,32761,32761,1560,5.0,32545,1344,4.31,32761,32761,1399-7-22
520,اخزا815,اسنادخزانه-م15بودجه98-010406,174,185851,136411819723,733646,733957,734000,354,0.05,733985,339,0.05,733957,734250,1399-7-22
521,ضخود1046,اختيارخ خودرو-5000-1399/10/07,173,11427,3377101000,243,290,320,77,31.69,296,53,21.81,280,320,1399-7-22
522,پسهند,صنايع‌ لاستيكي‌  سهند,173,299761,15108719320,53040,50390,50880,-2160,-4.07,52190,-850,-1.6,50390,50880,1399-7-22
523,ضخود1042,اختيارخ خودرو-3000-1399/10/07,171,7412,7725261000,961,1070,1011,50,5.2,1042,81,8.43,962,1140,1399-7-22
524,تسه9808,امتياز تسهيلات مسكن آبان98,168,2464,2174673075,891911,890000,900000,8089,0.91,882578,-9333,-1.05,850000,902000,1399-7-22
525,ساربيل,سيمان آرتا اردبيل,164,91063,5774304830,66740,63410,63410,-3330,-4.99,66400,-340,-0.51,63410,63410,1399-7-22
526,حتوكا,حمل‌ونقل‌توكا,162,764647,13664241890,17020,17870,17870,850,4.99,17230,210,1.23,17870,17870,1399-7-22
527,ثنورح,ح . سرمايه گذاري كوه نور,158,2209848,10323624416,4918,4775,4623,-295,-6.0,4672,-246,-5.0,4623,5110,1399-7-22
528,ختراك,ريخته‌گري‌ تراكتورسازي‌ ايران‌,157,280667,5346706350,20050,19050,19050,-1000,-4.99,19930,-120,-0.6,19050,19050,1399-7-22
529,دارا,صندوق س. دارا الگوريتم-د,157,2226019,22455431646,10077,10088,10089,12,0.12,10088,11,0.11,10085,10090,1399-7-22
530,هپارس912,اختيارف ت وپارس-5920-99/12/10,155,400000,305600000,761,764,764,3,0.39,764,3,0.39,764,764,1399-7-22
531,سغرب,سيمان‌غرب‌,152,267931,5259282500,20640,19870,19610,-1030,-4.99,20520,-120,-0.58,19610,20000,1399-7-22
532,وثخوز,سرمايه گذاري و توسعه خوزستان,152,292200,10419370002,36628,35530,35530,-1098,-3.0,36095,-533,-1.46,35530,36620,1399-7-22
533,غپونه,نوش پونه مشهد,151,219377,3527406134,16524,16029,16029,-495,-3.0,16444,-80,-0.48,16029,16500,1399-7-22
534,اعتلاح,ح سرمايه گذاري اعتلاء البرز,148,1359451,9898777260,7574,7850,7196,-378,-4.99,7281,-293,-3.87,7196,7850,1399-7-22
535,شپاس,نفت پاسارگاد,145,1198400,31043353600,24671,25904,25904,1233,5.0,25309,638,2.59,25904,25904,1399-7-22
536,واحصا,احياء صنايع خراسان,139,535193,10054940195,18246,18793,18793,547,3.0,18503,257,1.41,18350,18793,1399-7-22
537,ضجار7036,اختيارخ وتجارت-6500-1399/07/22,138,7000,7000000,1,1,1,0,0.0,1,0,0.0,1,1,1399-7-22
538,قهكمت,قندهكمتان‌,137,79131,3593852160,46330,45000,45980,-350,-0.76,46270,-60,-0.13,44710,47870,1399-7-22
539,غمارگ,مارگارين‌,137,207231,5555863110,25540,26810,26810,1270,4.97,25670,130,0.51,26810,26810,1399-7-22
540,كمرجان,بازرگاني و توليدي مرجان كار,137,155382,8045213814,49312,51777,51777,2465,5.0,49671,359,0.73,51777,51777,1399-7-22
541,شزنگ,تجهيزنيروي‌زنگان‌,134,154105,15150802046,96146,98990,99030,2884,3.0,97661,1515,1.58,96200,99030,1399-7-22
542,تسه9806,امتياز تسهيلات مسكن شهريور98,134,1565,1394512685,888983,895000,895000,6017,0.68,891062,2079,0.23,860000,900000,1399-7-22
543,هبركت912,اختيارف ت بركت-22100-99/12/17,132,360000,464760000,1848,1291,1291,-557,-30.14,1291,-557,-30.14,1291,1291,1399-7-22
544,بذر,صندوق س بذر اميد آفرين-سهام,132,39396,4655575570,119160,119200,118790,-370,-0.31,118170,-990,-0.83,116010,121250,1399-7-22
545,ضجار7021,اختيارخ وتجارت-2600-1399/07/22,127,4161,2714174000,736,651,700,-36,-4.89,652,-84,-11.41,577,700,1399-7-22
546,سفارود,كارخانه فارسيت درود,125,1241332,10167750412,8031,8191,8191,160,1.99,8180,149,1.86,8191,8191,1399-7-22
547,سخزر,سيمان‌ خزر,124,179360,4632868800,27180,25830,25830,-1350,-4.97,27040,-140,-0.52,25830,25830,1399-7-22
548,كيسون,شركت كيسون,124,2014762,40393963338,21104,20049,20049,-1055,-5.0,20050,-1054,-4.99,20049,20049,1399-7-22
549,پخش,پخش البرز,123,454082,15980961908,33519,35194,35194,1675,5.0,33989,470,1.4,35194,35194,1399-7-22
550,دفرا,فرآورده‌هاي‌ تزريقي‌ ايران‌,123,303506,7603071540,26360,25050,25050,-1310,-4.97,26140,-220,-0.83,25050,25100,1399-7-22
551,هاباد912,اختيارف ت آبادا-30100-99/12/12,122,121686,522032940,3063,4290,4290,1227,40.06,4290,1227,40.06,4290,4290,1399-7-22
552,ونيروح,ح . سرمايه‌گذاري‌نيرو,121,666847,2551701840,4210,4630,3790,-420,-9.98,3830,-380,-9.03,3790,4630,1399-7-22
553,اخزا814,اسنادخزانه-م14بودجه98-010318,118,222510,166284649180,746944,747303,747317,373,0.05,747313,369,0.05,742013,748000,1399-7-22
554,اوان,مبين وان كيش,118,1080092,54296224840,47877,50270,50270,2393,5.0,50122,2245,4.69,50270,50270,1399-7-22
555,اخزا809,اسنادخزانه-م9بودجه98-000923,117,150476,123113685725,819739,820000,818100,-1639,-0.2,818162,-1577,-0.19,816965,820000,1399-7-22
556,ثالوند,سرمايه گذاري مسكن الوند,117,830861,12053300527,13817,14507,14507,690,4.99,13967,150,1.09,14507,14507,1399-7-22
557,وسمركز,شركت س استان مركزي,116,1285375,1889501250,1400,1470,1470,70,5.0,1400,0,0.0,1470,1470,1399-7-22
558,تسه9807,امتياز تسهيلات مسكن مهر98,116,1053,932982179,890392,846000,915010,24618,2.76,886023,-4369,-0.49,846000,915010,1399-7-22
559,خاور,ايران خودرو ديزل,107,1148799,7599305385,6819,6615,6615,-204,-2.99,6736,-83,-1.22,6615,6615,1399-7-22
560,سكه0112پ03,سكه تمام بهارتحويلي1روزه سامان,107,25100,40247684400,1554089,1600300,1604000,49911,3.21,1603493,49404,3.18,1590099,1610010,1399-7-22
561,خشرق,الكتريك‌ خودرو شرق‌,105,151111,2948175610,20530,19510,19510,-1020,-4.97,20470,-60,-0.29,19510,19510,1399-7-22
562,نمرينو,ايران‌ مرينوس‌,104,167119,9468805010,59240,57030,56280,-2960,-5.0,58730,-510,-0.86,56280,60000,1399-7-22
563,سپاس,صندوق س. پاداش سهامداري توسعه1,101,2025370,20345234730,10030,10050,10060,30,0.3,10050,20,0.2,10040,10060,1399-7-22
564,هشير911,اختيارف ت شيراز-73480-99/11/27,100,40537,295920100,5924,7300,7300,1376,23.23,7300,1376,23.23,7300,7300,1399-7-22
565,اخزا812,اسنادخزانه-م12بودجه98-001111,100,437252,352258030405,805743,806406,806406,663,0.08,805618,-125,-0.02,765456,806500,1399-7-22
566,سمتاز,سيمان ممتازان كرمان,98,116546,2492128326,21159,21000,21489,330,1.56,21186,27,0.13,20530,21789,1399-7-22
567,ضجار7026,اختيارخ وتجارت-3600-1399/07/22,96,5461,15248000,17,15,1,-16,-94.12,3,-14,-82.35,1,15,1399-7-22
568,ضخود1041,اختيارخ خودرو-2500-1399/10/07,95,2328,3263807000,1283,1510,1420,137,10.68,1402,119,9.28,1376,1510,1399-7-22
569,درازك,دارويي‌ رازك‌,94,765221,26706212900,33240,34900,34900,1660,4.99,34260,1020,3.07,34900,34900,1399-7-22
570,هكاوه911,اختيارف ت كاوه-25477-99/11/18,93,180000,254520000,582,1414,1414,832,142.96,1414,832,142.96,1414,1414,1399-7-22
571,كساپا,سايپاشيشه‌,93,530351,10405486620,20650,19620,19620,-1030,-4.99,20420,-230,-1.11,19620,19620,1399-7-22
572,وثوق,سرمايه گذاري وثوق امين,91,153347,2330261012,15665,15196,15196,-469,-2.99,15607,-58,-0.37,15196,15196,1399-7-22
573,ثعتما,س. ساختماني اعتماد گستر,90,343037,11100334283,34062,32359,32359,-1703,-5.0,33019,-1043,-3.06,32359,32359,1399-7-22
574,لپارس,پارس‌ الكتريك‌,90,17576,6014331440,360200,342190,342190,-18010,-5.0,357850,-2350,-0.65,342190,342190,1399-7-22
575,سنوين,سرمايه گذاري اقتصاد نوين,87,1114105,12901229999,11815,11579,11579,-236,-2.0,11580,-235,-1.99,11579,11695,1399-7-22
576,نيرو,نيرو سرمايه,86,81521,4283765508,51018,52548,52548,1530,3.0,51338,320,0.63,52548,52548,1399-7-22
577,كدما,معدني‌ دماوند,86,174157,28631410800,156580,164400,164400,7820,4.99,160780,4200,2.68,164400,164400,1399-7-22
578,اخزا806,اسنادخزانه-م6بودجه98-000519,86,129996,112544302440,866981,867000,868000,1019,0.12,865752,-1229,-0.14,860112,868001,1399-7-22
579,كگلح,ح . معدني و صنعتي گل گهر,85,2398220,45019950100,19310,20260,18770,-540,-2.8,18770,-540,-2.8,18770,20260,1399-7-22
580,صنوين,صندوق سرمايه‌گذاري صنوين-مختلط,84,21122,2341750210,111200,110030,111630,430,0.39,110870,-330,-0.3,110030,111630,1399-7-22
581,قشهد,شهد,84,99029,2893869450,30730,29500,29200,-1530,-4.98,30640,-90,-0.29,29200,29500,1399-7-22
582,كاسپينح,ح .داروسازي كاسپين تامين,82,343756,7830417924,23977,22779,22779,-1198,-5.0,22779,-1198,-5.0,22779,22779,1399-7-22
583,پكويرح,ح. كوير تاير,81,326888,4117805950,12980,13000,12500,-480,-3.7,12600,-380,-2.93,12500,13000,1399-7-22
584,تصميم,صندوق س با درآمد ثابت تصميم,80,1561139,23027589730,14730,14740,14760,30,0.2,14750,20,0.14,14740,14760,1399-7-22
585,آساميد,صندوق س.مشترك آسمان اميد -د,78,2259065,24493690126,10838,10838,10869,31,0.29,10842,4,0.04,10837,10870,1399-7-22
586,تپمپي,پمپ‌ سازي‌ ايران‌,75,610030,24602509900,42450,40330,40330,-2120,-4.99,41260,-1190,-2.8,40330,40330,1399-7-22
587,قنيشا,قند  نيشابور,75,42550,3896729000,96400,91580,91580,-4820,-5.0,95960,-440,-0.46,91580,91580,1399-7-22
588,كپشير,پشم‌شيشه‌ايران‌,75,99609,1710286530,18070,17170,17170,-900,-4.98,18040,-30,-0.17,17170,17170,1399-7-22
589,تسه9805,امتياز تسهيلات مسكن مرداد98,74,676,600477717,895267,850504,900000,4733,0.53,888281,-6986,-0.78,850504,900000,1399-7-22
590,كتوكا,توليدي و خدمات صنايع نسوز توكا,72,212708,27519310208,136185,129376,129376,-6809,-5.0,131979,-4206,-3.09,129376,129376,1399-7-22
591,تسه9804,امتياز تسهيلات مسكن تير98,71,1042,916593300,892078,847801,890001,-2077,-0.23,879648,-12430,-1.39,847801,890001,1399-7-22
592,اخزا818,اسنادخزانه-م18بودجه98-010614,71,117646,83044470222,704970,705271,707698,2728,0.39,705884,914,0.13,705271,711488,1399-7-22
593,اخزا817,اسنادخزانه-م17بودجه98-010512,71,200388,143737907350,716912,717060,717500,588,0.08,717298,386,0.05,717000,718000,1399-7-22
594,غبهنوش,بهنوش‌ ايران‌,71,233069,15261358120,62370,65480,65480,3110,4.99,63220,850,1.36,65480,65480,1399-7-22
595,عيار2,صندوق س. پشتوانه طلاي مفيد,70,700000,700000,39220,1,1,-39219,-100.0,1,-39219,-100.0,1,1,1399-7-22
596,الماس,صندوق س.امين تدبيرگران فردا-س,69,24386,2934938312,122177,120005,121000,-1177,-0.96,120353,-1824,-1.49,119900,122000,1399-7-22
597,گپارس,امور رفاهي كارگزاران پارس,68,47368,5451251544,111732,115083,115083,3351,3.0,112669,937,0.84,115083,115083,1399-7-22
598,شكبير,پتروشيمي اميركبير,65,33964,1965822853,59592,61275,58100,-1492,-2.5,59552,-40,-0.07,57805,61275,1399-7-22
599,پلاسك,پلاسكوكار,63,138131,1160300400,8840,8400,8400,-440,-4.98,8830,-10,-0.11,8400,8400,1399-7-22
600,حاريا,كشتيراني آريا,62,164151,5200139529,32658,31679,31679,-979,-3.0,32386,-272,-0.83,31679,31679,1399-7-22
601,خكار,ايركا پارت صنعت,60,244493,8063379140,34710,32980,32980,-1730,-4.98,34400,-310,-0.89,32980,32980,1399-7-22
602,وسنا,سرمايه گذاري نيروگاهي ايران,59,1314135,24356178090,19107,18534,18534,-573,-3.0,18563,-544,-2.85,18534,18534,1399-7-22
603,ضخود1040,اختيارخ خودرو-2000-1399/10/07,58,1295,2451450000,1798,1890,1980,182,10.12,1893,95,5.28,1761,1990,1399-7-22
604,ضجار1014,اختيارخ وتجارت-3000-1399/10/21,58,1590,1457327000,976,782,992,16,1.64,917,-59,-6.05,782,1030,1399-7-22
605,تكنار,مجتمع معادن مس تكنار,58,44423,4187711787,91524,94269,94269,2745,3.0,92045,521,0.57,94269,94269,1399-7-22
606,ثروتم,صندوق س. ثروت آفرين پارسيان-س,57,14590,1465561510,99662,100490,101450,1788,1.79,100450,788,0.79,100000,101900,1399-7-22
607,فلات,گروه صنايع معادن فلات ايرانيان,56,323651,4493570484,13480,13884,13884,404,3.0,13565,85,0.63,13884,13884,1399-7-22
608,زنجان,صنايع كشاورزي وكود زنجان,56,245536,1584198272,6651,6452,6452,-199,-2.99,6634,-17,-0.26,6452,6452,1399-7-22
609,وشمال,س. چشم انداز توسعه شمال,55,62303,6897938948,116543,110716,110716,-5827,-5.0,114342,-2201,-1.89,110716,110716,1399-7-22
610,ضخود1043,اختيارخ خودرو-3500-1399/10/07,54,1970,1472858000,678,501,770,92,13.57,748,70,10.32,501,800,1399-7-22
611,اخزا811,اسنادخزانه-م11بودجه98-001013,54,225256,183335764071,813829,813882,813884,55,0.01,813900,71,0.01,813882,814000,1399-7-22
612,خچرخش,چرخشگر,52,215671,3972659820,19380,18420,18420,-960,-4.95,19290,-90,-0.46,18420,18420,1399-7-22
613,بسويچ,پارس‌سويچ‌,51,59601,2451389130,43290,41130,41130,-2160,-4.99,43170,-120,-0.28,41130,41130,1399-7-22
614,گوهر2,صندوق سكه طلاي كيان,50,500000,500000,77914,1,1,-77913,-100.0,1,-77913,-100.0,1,1,1399-7-22
615,ضجار7016,اختيارخ وتجارت-1800-1399/07/22,49,1134,1649200000,1581,1500,1540,-41,-2.59,1454,-127,-8.03,1370,1600,1399-7-22
616,شپنا2,پالايش نفت اصفهان,49,75472508,1474732806320,18610,19540,19540,930,5.0,19540,930,5.0,19540,19540,1399-7-22
617,غشاذر,پگاه‌آذربايجان‌غربي‌,49,62259,1261367340,21320,20260,20260,-1060,-4.97,21290,-30,-0.14,20260,20260,1399-7-22
618,سنفت101,سلف موازي استاندارد سنفت101,47,9097650,11249999329950,1236583,1236583,1236583,0,0.0,1236583,0,0.0,1236583,1236583,1399-7-22
619,زعف9908پ05,زعفران9908نگين زرين(پ),46,22445,2155683295,102395,101032,95981,-6414,-6.26,96043,-6352,-6.2,95981,101032,1399-7-22
620,لكما,كارخانجات‌مخابراتي‌ايران‌,46,203578,2226125430,11273,10935,10935,-338,-3.0,11233,-40,-0.35,10935,10935,1399-7-22
621,شصفها,پتروشيمي‌ اصفهان‌,44,43113,4099399605,93221,95085,95085,1864,2.0,93891,670,0.72,95085,95085,1399-7-22
622,وسخراج,شركت س استان خراسان جنوبي,44,704727,1515163050,2260,2150,2150,-110,-4.87,2260,0,0.0,2150,2150,1399-7-22
623,ضجار7019,اختيارخ وتجارت-2200-1399/07/22,43,797,803542000,1169,912,1062,-107,-9.15,1008,-161,-13.77,912,1110,1399-7-22
624,شستا991,اجاره تامين اجتماعي-امين991226,43,399,427310776,1079327,980000,1019990,-59337,-5.5,1070954,-8373,-0.78,980000,1187259,1399-7-22
625,ارمغان,ص سرمايه گذاري ارمغان ايرانيان,41,32972163,331041611120,10030,10030,10050,20,0.2,10040,10,0.1,10030,10050,1399-7-22
626,آرمان,بيمه آرمان,40,707544,4405168944,6045,6226,6226,181,2.99,6082,37,0.61,6226,6226,1399-7-22
627,اخزا903,اسنادخزانه-م3بودجه99-011110,40,35140,22777568726,647193,648501,650000,2807,0.43,648195,1002,0.15,645627,650000,1399-7-22
628,سخند,صندوق س.سپهرخبرگان نفت-د,40,153300,1535474590,10008,10011,10013,5,0.05,10016,8,0.08,10010,10028,1399-7-22
629,هبهرن912,اختيارف ت شبهرن-74590-99/12/02,38,105000,105000,1,1,1,0,0.0,1,0,0.0,1,1,1399-7-22
630,لخزر,پارس‌ خزر,37,22275,4590432000,216920,206080,206080,-10840,-5.0,215870,-1050,-0.48,206080,206080,1399-7-22
631,غگلپا,شير پاستوريزه پگاه گلپايگان,37,36935,2641886680,75292,71528,71528,-3764,-5.0,75081,-211,-0.28,71528,71528,1399-7-22
632,سيلام,سيمان‌ ايلام‌,37,61109,625145070,10760,10230,10230,-530,-4.93,10750,-10,-0.09,10230,10230,1399-7-22
633,ضشنا7076,اختيارخ شپنا-19864-1399/07/28,36,191,471966440,226,1000,2000,1774,784.96,1658,1432,633.63,1000,2000,1399-7-22
634,كگاز,شيشه‌ و گاز,36,103568,2491846080,25320,24060,24060,-1260,-4.98,25250,-70,-0.28,24060,24060,1399-7-22
635,بميلا,توسعه بازرگاني آهن وفولادميلاد,35,52617,1727416110,33845,32830,32830,-1015,-3.0,33747,-98,-0.29,32830,32830,1399-7-22
636,كطبس,ذغال‌سنگ‌ نگين‌ ط‌بس‌,35,72600,3351942000,48600,46170,46170,-2430,-5.0,48420,-180,-0.37,46170,46170,1399-7-22
637,ضصاد8016,اختيارخ وبصادر-3600-1399/08/11,35,488,449105000,784,940,1000,216,27.55,920,136,17.35,800,1000,1399-7-22
638,ثزاگرس,سرمايه گذاري توسعه عمران زاگرس,35,83531,2472517600,28738,29600,29600,862,3.0,28835,97,0.34,29600,29600,1399-7-22
639,آسام,صندوق س.آرمان سپهر آشنا-م,34,24820,2702165600,108820,108900,108880,60,0.06,108870,50,0.05,108020,108900,1399-7-22
640,قپيرا,فرآورده‌هاي‌غدايي‌وقندپيرانشهر,34,10216,859676400,80150,84150,84150,4000,4.99,80210,60,0.07,84150,84150,1399-7-22
641,اوصتا,صندوق انديشه ورزان صباتامين -د,33,635998,10689690969,16789,16890,16803,14,0.08,16808,19,0.11,16791,16989,1399-7-22
642,فولاي,صنايع فولاد آلياژي يزد,33,9858,488483616,52159,49552,49552,-2607,-5.0,52132,-27,-0.05,49552,49552,1399-7-22
643,اخزا821,اسنادخزانه-م21بودجه98-020906,32,28960,16444684338,569857,563001,570000,143,0.03,567841,-2016,-0.35,563000,570000,1399-7-22
644,هفارس912,اختيارف ت فارس-14576-99/12/13,32,1000000,1000000,1,1,1,0,0.0,1,0,0.0,1,1,1399-7-22
645,ثنور,سرمايه گذاري كوه نور,31,239794,1782149008,7661,7432,7432,-229,-2.99,7639,-22,-0.29,7432,7432,1399-7-22
646,اخزا813,اسنادخزانه-م13بودجه98-010219,31,110886,83947204502,756406,756605,757051,645,0.09,757059,653,0.09,756605,758500,1399-7-22
647,داريك,صندوق س.اعتماد داريك-د,31,82940,834049619,10012,10079,10080,68,0.68,10056,44,0.44,10030,10080,1399-7-22
648,زعف9908پ10,زعفران9908نگين طلاي سرخ(پ),31,32261,3096443041,101032,95981,95981,-5051,-5.0,95981,-5051,-5.0,95981,95981,1399-7-22
649,ضچاد1016,اختيارخ كچاد-18000-1399/10/02,31,160,602852000,4350,4000,3600,-750,-17.24,3768,-582,-13.38,3600,4000,1399-7-22
650,هملت911,اختيارف ت ملت-6770-99/11/25,31,1040000,1040000,1,1,1,0,0.0,1,0,0.0,1,1,1399-7-22
651,دسانكوح,ح . داروسازي سبحان انكولوژي,30,2724924,47928688236,28702,17589,17589,-11113,-38.72,17589,-11113,-38.72,17589,17589,1399-7-22
652,ضجار7018,اختيارخ وتجارت-2000-1399/07/22,30,855,1070704000,1369,1202,1330,-39,-2.85,1252,-117,-8.55,1100,1380,1399-7-22
653,شكف,كف,30,140543,8471088782,59093,60274,60274,1181,2.0,60014,921,1.56,60274,60274,1399-7-22
654,پست0008پ08,پسته فندقي32-30مه ولات0008(پ),29,461,741047172,100000,9999999,1600000,1500000,1500.0,1607478,1507478,1507.48,1591629,1759167,1399-7-22
655,تشتادح,ح.صنايع توليدي اشتاد ايران‌,28,305101,3966313000,10458,13000,13000,2542,24.31,13000,2542,24.31,13000,13000,1399-7-22
656,وآتوس,س.آرين توسكا قيمت اسمي 350ريال,28,476360,17242802920,37316,36197,36197,-1119,-3.0,36271,-1045,-2.8,36197,36197,1399-7-22
657,ضسپا8018,اختيارخ خساپا-2400-1399/08/26,28,259,193212000,754,600,750,-4,-0.53,746,-8,-1.06,600,850,1399-7-22
658,اخزا816,اسنادخزانه-م16بودجه98-010503,28,85040,61530290771,723053,723385,724000,947,0.13,723545,492,0.07,723385,724000,1399-7-22
659,شتولي,تولي‌پرس‌,28,84466,1790679200,20785,21200,21200,415,2.0,20855,70,0.34,21200,21200,1399-7-22
660,ساروج,بين المللي ساروج بوشهر,27,54708,1141155127,21504,20859,20859,-645,-3.0,21466,-38,-0.18,20859,20860,1399-7-22
661,ضصاد8008,اختيارخ وبصادر-2000-1399/08/11,27,117,233213000,2033,2100,2030,-3,-0.15,1993,-40,-1.97,1812,2150,1399-7-22
662,زير0003پ04,زيره سبز0003شركت مينوبذر(پ),27,1124,583884415,486611,550000,507613,21002,4.32,519470,32859,6.75,507613,559800,1399-7-22
663,خپويش,سازه‌ پويش‌,26,13285,513863800,40710,38680,38680,-2030,-4.99,40690,-20,-0.05,38680,38680,1399-7-22
664,دروز,داروسازي‌ روزدارو,26,52298,945547840,19030,18080,18080,-950,-4.99,19010,-20,-0.11,18080,18080,1399-7-22
665,ضصاد8015,اختيارخ وبصادر-3400-1399/08/11,26,325,308794000,981,1150,1000,19,1.94,950,-31,-3.16,900,1150,1399-7-22
666,دقاضي,داروسازي شهيد قاضي,25,14633,1328847393,93604,90796,90831,-2773,-2.96,93412,-192,-0.21,90796,92999,1399-7-22
667,ضترا8040,اختيارخ شتران-16326-1399/08/11,25,165,533934390,2165,3330,1812,-353,-16.3,1898,-267,-12.33,1300,3900,1399-7-22
668,اخزا807,اسنادخزانه-م7بودجه98-000719,25,60407,51287986664,847722,859999,847931,209,0.02,849040,1318,0.16,847905,859999,1399-7-22
669,ضشنا7053,اختيارخ شپنا-3758-1399/07/28,25,119,2823216240,18947,15789,17000,-1947,-10.28,15922,-3025,-15.97,15789,17000,1399-7-22
670,ضشنا7071,اختيارخ شپنا-13153-1399/07/28,24,134,1321649370,4000,5000,7900,3900,97.5,6619,2619,65.48,5000,7900,1399-7-22
671,ضخود1048,اختيارخ خودرو-7000-1399/10/07,24,566,86695000,171,171,145,-26,-15.2,153,-18,-10.53,145,198,1399-7-22
672,اخزا804,اسنادخزانه-م4بودجه98-000421,24,75234,66553859532,884339,884589,884582,243,0.03,884625,286,0.03,884339,885300,1399-7-22
673,اخزا810,اسنادخزانه-م10بودجه98-001006,24,104749,85842182649,819083,819503,819503,420,0.05,819504,421,0.05,819503,819504,1399-7-22
674,هخود911,اختيارف ت خودرو-3680-99/11/20,23,1650000,1650000,1,1,1,0,0.0,1,0,0.0,1,1,1399-7-22
675,ضجار7017,اختيارخ وتجارت-1900-1399/07/22,23,280,388947000,1489,1361,1490,1,0.07,1389,-100,-6.72,1230,1490,1399-7-22
676,زعف9908پ11,زعفران9908نگين سحرخيز(پ),23,2882,305731206,106177,106083,106083,-94,-0.09,106083,-94,-0.09,106083,106083,1399-7-22
677,كصدف,كاشي صدف سرام استقلال آباده,23,84955,1487647005,17001,17511,17511,510,3.0,17037,36,0.21,17511,17511,1399-7-22
678,ضپاس7017,اختيارخ وپارس-4400-1399/07/30,23,254,35099000,281,91,100,-181,-64.41,138,-143,-50.89,87,190,1399-7-22
679,وساربيل,شركت س استان اردبيل,23,214483,289552050,1290,1350,1350,60,4.65,1290,0,0.0,1350,1350,1399-7-22
680,زعف9908پ09,زعفران9908نگين نوين(پ),23,4504,432476024,100554,95982,96000,-4554,-4.53,96020,-4534,-4.51,95981,98390,1399-7-22
681,شفارا,پتروشيمي فارابي,22,36056,187743592,5368,5207,5207,-161,-3.0,5366,-2,-0.04,5207,5207,1399-7-22
682,وآفري,بيمه كارآفرين,22,59074,952804546,16627,16129,16129,-498,-3.0,16600,-27,-0.16,16129,16129,1399-7-22
683,ثاژن,سخت آژند,22,189755,1702292105,9344,8971,8971,-373,-3.99,9277,-67,-0.72,8971,8971,1399-7-22
684,فوكا,فولاد كاويان,22,57639,1180273803,21110,20477,20477,-633,-3.0,21095,-15,-0.07,20477,20477,1399-7-22
685,آكورد2,صندوق س. آرمان آتي كوثر-د,21,2100000,2100000,28856,1,1,-28855,-100.0,1,-28855,-100.0,1,1,1399-7-22
686,هغدير912,اختيارف ت غدير-17380-99/12/16,21,300000,119700000,1,399,399,398,39800.0,399,398,39800.0,399,399,1399-7-22
687,ضملي1153,اختيارخ فملي-20280-1399/11/05,21,170,299575000,1918,1650,1850,-68,-3.55,1762,-156,-8.13,1650,1900,1399-7-22
688,افران,صندوق س افرا نماد پايدار-ثابت,20,109652,1301224910,11860,11870,11860,0,0.0,11870,10,0.08,11860,11880,1399-7-22
689,زعف9908پ08,زعفران9908نگين روستا(پ),20,4430,453884500,105005,103000,99050,-5955,-5.67,102457,-2548,-2.43,99020,104990,1399-7-22
690,چكاوه,صنايع‌كاغذسازي‌كاوه‌,20,12456,444554640,37560,35690,35690,-1870,-4.98,37540,-20,-0.05,35690,35690,1399-7-22
691,هجم911,اختيارف ت جم-38645-99/11/28,20,100000,100000,1,1,1,0,0.0,1,0,0.0,1,1,1399-7-22
692,ضسپا8015,اختيارخ خساپا-1900-1399/08/26,20,183,214856000,1300,1489,1009,-291,-22.38,1174,-126,-9.69,930,1489,1399-7-22
693,فبيرا,بسته‌ بندي‌ ايران‌,19,58566,289140342,5089,4937,4937,-152,-2.99,5087,-2,-0.04,4937,4937,1399-7-22
694,زعف9908پ14,زعفران9908پوشالمعمول نوين(پ),19,2687,218813158,85720,81434,81434,-4286,-5.0,81434,-4286,-5.0,81434,81434,1399-7-22
695,ضفلا8085,اختيارخ فولاد-16775-1399/08/28,19,116,319310000,2655,2500,2890,235,8.85,2753,98,3.69,2200,3000,1399-7-22
696,سنير,سيمان‌ سفيد ني‌ريز,19,2209,174179650,83000,78850,78850,-4150,-5.0,82980,-20,-0.02,78850,78850,1399-7-22
697,فسا,پتروشيمي فسا,19,51853,152862644,3039,2948,2948,-91,-2.99,3038,-1,-0.03,2948,2948,1399-7-22
698,قمرو,قند مرودشت‌,18,9697,341819250,37100,35250,35250,-1850,-4.99,37090,-10,-0.03,35250,35250,1399-7-22
699,ضشنا7058,اختيارخ شپنا-5436-1399/07/28,18,253,5275343510,16999,13000,14000,-2999,-17.64,13994,-3005,-17.68,13000,14500,1399-7-22
700,ثنظام,س. ساختماني نظام مهندسي ايران,18,16329,703861545,44438,43105,43105,-1333,-3.0,44389,-49,-0.11,43105,43105,1399-7-22
701,اخزا902,اسنادخزانه-م2بودجه99-011019,18,7146,4706785670,656780,654029,660000,3220,0.49,658660,1880,0.29,646020,664990,1399-7-22
702,فنورد,نوردوقطعات‌ فولادي‌,17,67781,9584233400,134670,141400,141400,6730,5.0,135880,1210,0.9,141400,141400,1399-7-22
703,اشاد9,مشاركت دولتي9-شرايط خاص990909,17,180400,179453251800,994002,994300,995500,1498,0.15,994752,750,0.08,993500,995500,1399-7-22
704,طفلا8091,اختيارف فولاد-25775-1399/08/28,17,1700,13470800000,7924,7924,7924,0,0.0,7924,0,0.0,7924,7924,1399-7-22
705,سنفت102,سلف موازي استاندارد سنفت102,17,3032550,3749999776650,1236583,1236583,1236583,0,0.0,1236583,0,0.0,1236583,1236583,1399-7-22
706,بالاس,مهندسي ساختمان تاسيسات راه آهن,17,13409,627112112,49229,46768,46768,-2461,-5.0,49196,-33,-0.07,46768,46768,1399-7-22
707,طفلا8092,اختيارف فولاد-27775-1399/08/28,17,859,8524716000,1,9924,9924,9923,992300.0,9924,9923,992300.0,9924,9924,1399-7-22
708,خنصير,مهندسي‌نصيرماشين‌,16,9958,474199960,50120,47620,47620,-2500,-4.99,50090,-30,-0.06,47620,47620,1399-7-22
709,اخزا723,اسنادخزانه-م23بودجه97-000824,16,24820,20722624189,828820,827000,830013,1193,0.14,834916,6096,0.74,826093,835000,1399-7-22
710,فنوال,نورد آلومينيوم‌,16,24731,844069030,35920,34130,34130,-1790,-4.98,35890,-30,-0.08,34130,34130,1399-7-22
711,پست9908-08,پسته فندقي32-30زرينمه ولات9908,16,286,453545688,1741672,1619688,1538979,-202693,-11.64,1585824,-155848,-8.95,1538979,1619688,1399-7-22
712,شسم,توليد سموم‌ علف‌ كش,16,10845,902336535,80003,83203,83203,3200,4.0,80280,277,0.35,83203,83203,1399-7-22
713,زعف9908پ15,زعفران9908پوشالمعمول طلاسرخ(پ),16,1992,162216605,86721,81434,81434,-5287,-6.1,81434,-5287,-6.1,81434,81435,1399-7-22
714,پست9908-02,پسته فندقي32-30طلاسبززرند9908,16,2150,3308804850,1619977,1538979,1538979,-80998,-5.0,1538979,-80998,-5.0,1538979,1538979,1399-7-22
715,ضفار1126,اختيارخ فارس-19826-1399/11/07,15,343,523805000,1101,1100,1400,299,27.16,1527,426,38.69,1000,1800,1399-7-22
716,زر2,صندوق س.پشتوانه سكه طلاي زر,15,1500000,1500000,64853,1,1,-64852,-100.0,1,-64852,-100.0,1,1,1399-7-22
717,شستا993,اجاره ت.اجتماعي-كاردان991226,15,1032,993744497,968593,1000000,960600,-7993,-0.83,962931,-5662,-0.58,960016,1000000,1399-7-22
718,هصادر912,اختيارف ت صادرات-3750-99/12/23,15,1000000,1000000,1,1,1,0,0.0,1,0,0.0,1,1,1399-7-22
719,ضجار7010,اختيارخ وتجارت-1200-1399/07/22,15,222,462488000,2137,2100,2101,-36,-1.68,2083,-54,-2.53,2030,2101,1399-7-22
720,غدشت,دشت‌ مرغاب‌,15,461,125843780,287340,272980,272980,-14360,-5.0,287300,-40,-0.01,272980,272980,1399-7-22
721,ثغرب,شركت سرمايه گذاري مسكن شمالغرب,14,49779,645086061,13641,12959,12959,-682,-5.0,13631,-10,-0.07,12959,12959,1399-7-22
722,وحكمت,بيمه حكمت صبا,14,196771,1129268769,5916,5739,5739,-177,-2.99,5906,-10,-0.17,5739,5739,1399-7-22
723,زير0003پ01,زيره سبز0003كيميابذر(پ),14,2029,1062296709,534329,558000,555702,21373,4.0,523557,-10772,-2.02,507613,560000,1399-7-22
724,بايكا,كارخانجات كابلسازي ‌ايران‌,13,8266,337550376,42098,40836,40836,-1262,-3.0,42076,-22,-0.05,40836,40836,1399-7-22
725,ضپاس7015,اختيارخ وپارس-4000-1399/07/30,13,183,34814000,434,660,300,-134,-30.88,190,-244,-56.22,101,660,1399-7-22
726,اخزا805,اسنادخزانه-م5بودجه98-000422,13,70482,62283678008,882964,884000,883137,173,0.02,883682,718,0.08,883136,884000,1399-7-22
727,حپترو,حمل و نقل پتروشيمي( سهامي عام,13,13780,413262200,31560,29990,29990,-1570,-4.97,31550,-10,-0.03,29990,29990,1399-7-22
728,خكمك,كمك‌فنرايندامين‌,13,12288,652492800,55890,53100,53100,-2790,-4.99,55850,-40,-0.07,53100,53100,1399-7-22
729,ضفلا8076,اختيارخ فولاد-8775-1399/08/28,13,65,554300000,8873,8500,9000,127,1.43,8528,-345,-3.89,7900,9000,1399-7-22
730,لپيام,گسترش صنايع پيام,13,8552,264744264,31914,30957,30957,-957,-3.0,31901,-13,-0.04,30957,30957,1399-7-22
731,زعف9908پ17,زعفران9908پوشالمعمول بيرجند(پ),13,3689,300410026,87901,81434,81434,-6467,-7.36,81434,-6467,-7.36,81434,81434,1399-7-22
732,زنگان,صنعت روي زنگان,13,2471,379021748,161461,153388,153388,-8073,-5.0,161396,-65,-0.04,153388,153388,1399-7-22
733,لازما,كارخانه هاي صنعتي آزمايش,13,13204,398985268,31476,30217,30217,-1259,-4.0,31424,-52,-0.17,30217,30217,1399-7-22
734,ثاباد,توريستي ورفاهي آبادگران ايران,13,19296,590650560,32220,30610,30610,-1610,-5.0,32200,-20,-0.06,30610,30610,1399-7-22
735,ضصاد1100,اختيارخ وبصادر-2500-1399/11/12,12,317,883750000,2998,2900,2750,-248,-8.27,2788,-210,-7.0,2710,2900,1399-7-22
736,حبندر,دريايي و کشتيراني خط دريابندر,12,20936,481109280,23690,22980,22980,-710,-3.0,23672,-18,-0.08,22980,22980,1399-7-22
737,جهرم,پتروشيمي جهرم,12,55544,181184528,3362,3262,3262,-100,-2.97,3361,-1,-0.03,3262,3262,1399-7-22
738,غپآذر,شير پگاه آذربايجان شرقي,12,3885,203675010,55185,52426,52426,-2759,-5.0,55173,-12,-0.02,52426,52426,1399-7-22
739,وسبوشهر,شركت س استان بوشهر,12,261392,345037440,1260,1320,1320,60,4.76,1260,0,0.0,1320,1320,1399-7-22
740,ضچاد1017,اختيارخ كچاد-20000-1399/10/02,12,48,144658000,3307,3005,3006,-301,-9.1,3014,-293,-8.86,3000,3052,1399-7-22
741,اخزا721,اسنادخزانه-م21بودجه97-000728,12,52862,44660729710,844497,844854,844855,358,0.04,844855,358,0.04,844854,844856,1399-7-22
742,ضپاس7020,اختيارخ وپارس-5000-1399/07/30,12,518,15220000,175,36,13,-162,-92.57,29,-146,-83.43,13,50,1399-7-22
743,هترول911,اختيارف ت پترول-14730-99/11/15,12,225972,225972,1,1,1,0,0.0,1,0,0.0,1,1,1399-7-22
744,اخزا722,اسنادخزانه-م22بودجه97-000428,12,89000,78349977010,879054,880000,880000,946,0.11,880337,1283,0.15,880000,881000,1399-7-22
745,شلرد02,كود شيميايي اوره لردگان,12,749,753753000,1043848,1000000,990000,-53848,-5.16,1006346,-37502,-3.59,990000,1070000,1399-7-22
746,داراب,پتروشيمي داراب,12,63678,197465478,3196,3101,3101,-95,-2.97,3195,-1,-0.03,3101,3101,1399-7-22
747,ضصاد8012,اختيارخ وبصادر-2800-1399/08/11,12,161,202827000,1408,1250,1301,-107,-7.6,1260,-148,-10.51,1220,1301,1399-7-22
748,ضملت8032,اختيارخ وبملت-5789-1399/08/28,11,93,385030180,1000,1000,1000,0,0.0,1000,0,0.0,990,1000,1399-7-22
749,دسبحانح,ح. سبحان دارو,11,11700,203940000,17000,17000,17800,800,4.71,17430,430,2.53,17000,17800,1399-7-22
750,ضملت8033,اختيارخ وبملت-6272-1399/08/28,11,131,285749705,524,511,780,256,48.85,527,3,0.57,450,780,1399-7-22
751,ضملي8077,اختيارخ فملي -29750-1399/08/06,11,82,182400000,1878,2500,2200,322,17.15,2224,346,18.42,2000,2500,1399-7-22
752,وپسا,س. پتروشيمي ساختمان  خليج فارس,11,24392,122399056,5173,5018,5018,-155,-3.0,5172,-1,-0.02,5018,5018,1399-7-22
753,اخزا704,اسنادخزانه-م4بودجه97-991022,11,15282,14692140057,961181,961387,961392,211,0.02,961402,221,0.02,961387,967000,1399-7-22
754,زعف9908پ06,زعفران 9908پوشالمعمول زرين(پ),11,4104,335377808,86791,81434,81434,-5357,-6.17,81720,-5071,-5.84,81434,85720,1399-7-22
755,كرونا2,تامين مالي جمعي صرفا اهداي سود,11,1472,14720000,10000,10000,10000,0,0.0,10000,0,0.0,10000,10000,1399-7-22
756,اراد49,مرابحه عام دولت4-ش.خ 0206,10,1464000,1371240960000,935440,936640,936640,1200,0.13,936640,1200,0.13,936640,936640,1399-7-22
757,غبهار,كشت وصنعت بهاران گلبهار خراسان,10,6609,236331231,37641,35759,35759,-1882,-5.0,37618,-23,-0.06,35759,35759,1399-7-22
758,ضپيك1023,اختيارخ تاپيكو-20000-99/10/16,10,433,2086000000,4697,4500,5000,303,6.45,4818,121,2.58,4500,5000,1399-7-22
759,همپنا912,اختيارف ت مپنا-23410-99/12/11,10,105000,105000,1,1,1,0,0.0,1,0,0.0,1,1,1399-7-22
760,ضترا8022,اختيارخ شتران-4593-1399/08/11,10,37,670433280,12000,8250,13300,1300,10.83,10627,-1373,-11.44,1390,13300,1399-7-22
761,ثنام,س ساختماني ب نام آوران مهندسي,10,29499,620393469,21681,21031,21031,-650,-3.0,21660,-21,-0.1,21031,21031,1399-7-22
762,تكنو,تكنوتار,10,11197,163700140,15380,14620,14620,-760,-4.94,15380,0,0.0,14620,14620,1399-7-22
763,كسعدي,كاشي‌ سعدي‌,10,2231,129978060,61320,58260,58260,-3060,-4.99,61310,-10,-0.02,58260,58260,1399-7-22
764,اخزا720,اسنادخزانه-م20بودجه97-000324,9,32926,29413268605,890843,891363,893000,2157,0.24,893314,2471,0.28,891363,895001,1399-7-22
765,خعمرا,توسعه و عمران شهرستان نائين,9,13038,200837352,14956,15404,15404,448,3.0,14960,4,0.03,15404,15404,1399-7-22
766,ضملي1154,اختيارخ فملي-24336-1399/11/05,9,56,39506000,869,500,1000,131,15.07,705,-164,-18.87,500,1500,1399-7-22
767,ثتوسا,س.توسعه و عمران استان اردبيل,9,5923,434552741,75636,73367,73367,-2269,-3.0,75585,-51,-0.07,73367,73367,1399-7-22
768,سخواف,سيمان مجد خواف,9,104660,1703655480,16781,16278,16278,-503,-3.0,16737,-44,-0.26,16278,16278,1399-7-22
769,پست0008پ09,پسته بادامي30-28مه ولات0008(پ),9,214,332842598,1565023,1520000,1643274,78251,5.0,1555339,-9684,-0.62,1520000,1643274,1399-7-22
770,ضجار7015,اختيارخ وتجارت-1700-1399/07/22,9,198,289543000,1620,1500,1515,-105,-6.48,1462,-158,-9.75,1400,1698,1399-7-22
771,صگل1411,ص اجاره گل گهر 1411-3 ماهه 17%,8,347,336592760,1006921,970010,970010,-36911,-3.67,970008,-36913,-3.67,970000,970030,1399-7-22
772,غشوكو,شوكو پارس,8,1043,46211158,45676,44306,44306,-1370,-3.0,45673,-3,-0.01,44306,44306,1399-7-22
773,هصند911,اختيارف ت صندوق-19926-99/11/29,8,31606,27181160,510,860,860,350,68.63,860,350,68.63,860,860,1399-7-22
774,ضگل1145,اختيارخ كگل-24000-1399/11/21,8,510,1530000000,1,3000,3000,2999,299900.0,3000,2999,299900.0,3000,3000,1399-7-22
775,وحافظ,بيمه حافظ,8,1181,68271248,59595,57808,57808,-1787,-3.0,59589,-6,-0.01,57808,57808,1399-7-22
776,هنفت912,اختيارف ت نفت-15330-99/12/04,8,240000,240000,1,1,1,0,0.0,1,0,0.0,1,1,1399-7-22
777,اروند10,منفعت صبا اروند لوتوس 14001222,8,29920,30595327500,1034314,1024000,1133000,98686,9.54,1022571,-11743,-1.14,1014034,1133000,1399-7-22
778,زعف9908پ13,زعفران9908پوشالمعمول روستا(پ),8,620,51009910,84005,89998,81434,-2571,-3.06,82274,-1731,-2.06,81434,89998,1399-7-22
779,ضخوز1013,اختيارخ فخوز-10667-1399/10/16,8,125,2100000000,18950,16800,16800,-2150,-11.35,16800,-2150,-11.35,16800,16800,1399-7-22
780,چافست,افست‌,8,4492,114276480,26770,25440,25440,-1330,-4.97,26770,0,0.0,25440,25440,1399-7-22
781,ضفلا8078,اختيارخ فولاد-9775-1399/08/28,7,8,48000000,8001,6000,6000,-2001,-25.01,6000,-2001,-25.01,6000,6000,1399-7-22
782,ديرانح,ح . ‌ايران‌دارو,7,11547,223777580,19640,19640,19000,-640,-3.26,19380,-260,-1.32,19000,19640,1399-7-22
783,ضصاد8020,اختيارخ وبصادر-4400-1399/08/11,7,123,56802000,350,490,450,100,28.57,462,112,32.0,450,494,1399-7-22
784,فالوم,آلومتك‌,7,4031,136356637,34873,33827,33827,-1046,-3.0,34866,-7,-0.02,33827,33827,1399-7-22
785,فسديد,لوله‌وتجهيزات‌ سديد - ورشكسته,7,6455,750187190,117391,116218,116218,-1173,-1.0,117208,-183,-0.16,116218,116218,1399-7-22
786,پست9908-04,پسته فندقي32-30سبزدانه9908,7,435,671241056,1621511,1600538,1538979,-82532,-5.09,1543083,-78428,-4.84,1538979,1600538,1399-7-22
787,فمراد,آلومراد,7,1170,168070500,151210,143650,143650,-7560,-5.0,151180,-30,-0.02,143650,143650,1399-7-22
788,ثرود,سرمايه‌گذاري مسكن زاينده رود,7,9498,113890518,12622,11991,11991,-631,-5.0,12620,-2,-0.02,11991,11991,1399-7-22
789,ضفلا8084,اختيارخ فولاد-15775-1399/08/28,7,23,64650000,3300,2600,3000,-300,-9.09,2811,-489,-14.82,2600,3000,1399-7-22
790,زير0003پ02,زيره سبز0003 دانش(پ),7,190,96446470,490986,507613,507613,16627,3.39,507613,16627,3.39,507613,507613,1399-7-22
791,ثامان,سامان‌ گستراصفهان‌,7,30511,655986500,22630,21500,21500,-1130,-4.99,22610,-20,-0.09,21500,21500,1399-7-22
792,اطلس2,صندوق س.توسعه اندوخته آينده-س,7,70000,70000,205596,1,1,-205595,-100.0,1,-205595,-100.0,1,1,1399-7-22
793,ضترا8023,اختيارخ شتران-4886-1399/08/11,7,59,1264769000,11109,12900,13000,1891,17.02,12573,1464,13.18,12400,13000,1399-7-22
794,اميد99,مشارکت ليزينگ اميد9907,7,152,153400000,1010000,1010000,1000000,-10000,-0.99,1009210,-790,-0.08,1000000,1010000,1399-7-22
795,زعف9908پ12,زعفران9908پوشالمعمول سحرخيز(پ),6,876,78845256,90254,90006,90006,-248,-0.27,90006,-248,-0.27,90006,90006,1399-7-22
796,بتك,كارخانجات كابل سازي‌ تك‌,6,1085,37242625,33652,34325,34325,673,2.0,33654,2,0.01,34325,34325,1399-7-22
797,ورازي,بيمه رازي,6,3497,51860510,15288,14830,14830,-458,-3.0,15287,-1,-0.01,14830,14830,1399-7-22
798,فنرژي,گسترش صنايع انرژي آذرآب,6,5336,56919112,10884,10667,10667,-217,-1.99,10883,-1,-0.01,10667,10667,1399-7-22
799,سايرا,ايرانيت‌,6,1649,61719332,36998,36988,36988,-10,-0.03,37001,3,0.01,36988,37680,1399-7-22
800,ضجار1018,اختيارخ وتجارت-5000-1399/10/21,6,39,6382000,168,200,162,-6,-3.57,164,-4,-2.38,100,281,1399-7-22
801,شستا992,اجاره تامين اجتماعي-سپهر991226,6,68,69010000,1020000,1020000,1020000,0,0.0,1014853,-5147,-0.5,996000,1020000,1399-7-22
802,ولراز,ليزينگ رازي,6,28500,636747000,23032,22342,22342,-690,-3.0,23008,-24,-0.1,22342,22342,1399-7-22
803,ضپيك1021,اختيارخ تاپيكو-16000-99/10/16,6,42,344000000,7275,8000,8300,1025,14.09,8190,915,12.58,8000,8300,1399-7-22
804,پدرخش,درخشان‌ تهران‌,6,1159,250448310,227460,216090,216090,-11370,-5.0,227400,-60,-0.03,216090,216090,1399-7-22
805,وسالت,بانك قرض الحسنه رسالت,6,7800,33384000,4156,4280,4280,124,2.98,4156,0,0.0,4280,4280,1399-7-22
806,دلقما,دارويي‌ لقمان‌,6,3191,106579400,35150,33400,33400,-1750,-4.98,35150,0,0.0,33400,33400,1399-7-22
807,پلوله,گازلوله‌,6,13325,250016975,19145,18763,18763,-382,-2.0,19125,-20,-0.1,18763,18763,1399-7-22
808,ضسپا8022,اختيارخ خساپا-3200-1399/08/26,6,100,62649000,506,700,550,44,8.7,626,120,23.72,550,700,1399-7-22
809,ضصاد8017,اختيارخ وبصادر-3800-1399/08/11,6,63,38805000,999,660,885,-114,-11.41,616,-383,-38.34,600,885,1399-7-22
810,ضسان1039,اختيارخ پارسان-20000-99/10/14,5,101,961110000,11400,9500,11110,-290,-2.54,9516,-1884,-16.53,9500,11110,1399-7-22
811,سفاسي,شركت فارسيت اهواز,5,5472,61313760,11551,11205,11205,-346,-3.0,11550,-1,-0.01,11205,11205,1399-7-22
812,ضغدر8042,اختيارخ وغدير-15000-1399/08/26,5,44,124465000,2260,2848,2799,539,23.85,2829,569,25.18,2799,2849,1399-7-22
813,ضجار7020,اختيارخ وتجارت-2400-1399/07/22,5,18,15504000,913,910,926,13,1.42,861,-52,-5.7,828,926,1399-7-22
814,ضترا8037,اختيارخ شتران-12806-1399/08/11,5,5,36828000,4030,4800,4000,-30,-0.74,4320,290,7.2,3500,4800,1399-7-22
815,نتوس,پشم‌ بافي‌ توس,5,8552,92515536,11152,10818,10818,-334,-2.99,11150,-2,-0.02,10818,10818,1399-7-22
816,اخزا820,اسنادخزانه-م20بودجه98-020806,5,2317,1327167000,575941,566000,577000,1059,0.18,572795,-3146,-0.55,566000,577000,1399-7-22
817,خمحور,توليدمحورخودرو,5,1882,106314180,59460,56490,56490,-2970,-4.99,59450,-10,-0.02,56490,56490,1399-7-22
818,صايپا908,صكوك مرابحه سايپا908-3ماهه 18%,5,58,57655934,999731,995000,995000,-4731,-0.47,994068,-5663,-0.57,985989,995000,1399-7-22
819,ضمخا7049,اختيارخ اخابر-13750-1399/07/30,5,15,89497000,3838,5900,5000,1162,30.28,5966,2128,55.45,5000,6700,1399-7-22
820,اخزا718,اسنادخزانه-م18بودجه97-000525,5,18299,15899789212,866715,867356,868910,2195,0.25,868888,2173,0.25,867356,868910,1399-7-22
821,سلار,شركت سيمان لارستان,5,5090,139130060,28179,27334,27334,-845,-3.0,28173,-6,-0.02,27334,27334,1399-7-22
822,گكيش,توريستي ورفاهي آبادگران كيش,5,2554,180136174,72712,70531,70531,-2181,-3.0,72692,-20,-0.03,70531,70531,1399-7-22
823,ضپاس7016,اختيارخ وپارس-4200-1399/07/30,5,154,37038000,147,250,300,153,104.08,241,94,63.95,150,388,1399-7-22
824,ضشنا7074,اختيارخ شپنا-17179-1399/07/28,5,26,142742000,2213,3900,3100,887,40.08,3685,1472,66.52,3100,3900,1399-7-22
825,كيان2,صندوق س. با درآمد ثابت كيان,5,500000,500000,25490,1,1,-25489,-100.0,1,-25489,-100.0,1,1,1399-7-22
826,غيوان,كيوان,5,13680,211219200,15288,15440,15440,152,0.99,15294,6,0.04,15440,15440,1399-7-22
827,معيار,سرمايه گذاري معيار صنعت پارس,4,891,26018091,29796,29201,29201,-595,-2.0,29794,-2,-0.01,29201,29201,1399-7-22
828,ضملي1148,اختيارخ فملي-10140-1399/11/05,4,20,273800000,12700,13700,13500,800,6.3,13690,990,7.8,13500,13700,1399-7-22
829,ضملي8067,اختيارخ فملي -14750-1399/08/06,4,5,60509000,14500,12000,12009,-2491,-17.18,12102,-2398,-16.54,12000,12500,1399-7-22
830,لخانه,لوازم‌ خانگي‌ پارس‌,4,1707,97147077,58671,56911,56911,-1760,-3.0,58662,-9,-0.02,56911,56911,1399-7-22
831,ضشنا7057,اختيارخ شپنا-5100-1399/07/28,4,11,242870000,10000,14000,15000,5000,50.0,14818,4818,48.18,14000,15000,1399-7-22
832,ضشنا7054,اختيارخ شپنا-4094-1399/07/28,4,11,206365000,15250,12000,15500,250,1.64,12591,-2659,-17.44,12000,15500,1399-7-22
833,ضصاد8018,اختيارخ وبصادر-4000-1399/08/11,4,205,113413000,790,556,580,-210,-26.58,553,-237,-30.0,550,580,1399-7-22
834,تصميم2,صندوق س با درآمد ثابت تصميم,4,400000,400000,14730,1,1,-14729,-99.99,1,-14729,-99.99,1,1,1399-7-22
835,حسير,ريل سير كوثر,4,3006,78651990,27542,26165,26165,-1377,-5.0,27540,-2,-0.01,26165,26165,1399-7-22
836,ضفار8027,اختيارخ فارس-6326-1399/08/06,4,23,386000000,17000,17000,16500,-500,-2.94,16783,-217,-1.28,16000,17000,1399-7-22
837,شرنگي,شيميايي رنگين,4,629,72418657,118693,115133,115133,-3560,-3.0,118679,-14,-0.01,115133,115133,1399-7-22
838,صگل411,ص اجاره گل گهر 411- 3 ماهه 17%,3,1189,1168739650,992897,983000,973530,-19367,-1.95,982960,-9937,-1.0,973530,983000,1399-7-22
839,اشاد10,مشاركت دولتي10-شرايط خاص001226,3,16600,15934143500,950000,958000,959900,9900,1.04,959888,9888,1.04,958000,959900,1399-7-22
840,ضغدر8043,اختيارخ وغدير-16000-1399/08/26,3,26,56000000,1768,1600,2500,732,41.4,2154,386,21.83,1600,2500,1399-7-22
841,ضملي8082,اختيارخ فملي-39750-1399/08/06,3,21,2237000,72,102,202,130,180.56,107,35,48.61,101,202,1399-7-22
842,ضفلا8086,اختيارخ فولاد-17775-1399/08/28,3,20,27700000,2212,1300,2000,-212,-9.58,1385,-827,-37.39,1300,2000,1399-7-22
843,ضغدر8045,اختيارخ وغدير-18000-1399/08/26,3,70,118750000,1228,1500,2000,772,62.87,1696,468,38.11,1500,2000,1399-7-22
844,ضفلا8060,اختيارخ فولاد-3507-1399/08/28,3,7,155976000,13002,14000,13500,498,3.83,13857,855,6.58,13500,14000,1399-7-22
845,تهران012,مشاركت ش تهران012-3ماهه18%,3,1650,1558800600,952171,952002,940000,-12171,-1.28,944728,-7443,-0.78,940000,952002,1399-7-22
846,اخزا716,اسنادخزانه-م16بودجه97-000407,3,5611,4972934464,887916,885484,886362,-1554,-0.18,886283,-1633,-0.18,885484,888000,1399-7-22
847,ضفار8037,اختيارخ فارس-12826-1399/08/06,3,38,183900000,4500,4700,4900,400,8.89,4839,339,7.53,4700,4900,1399-7-22
848,ضپيك1022,اختيارخ تاپيكو-18000-99/10/16,3,16,99000000,7200,6000,7000,-200,-2.78,6187,-1013,-14.07,6000,7000,1399-7-22
849,ضشنا7056,اختيارخ شپنا-4765-1399/07/28,3,5,96134800,14001,14500,14500,499,3.56,12904,-1097,-7.84,10510,14500,1399-7-22
850,ضسپا8019,اختيارخ خساپا-2600-1399/08/26,3,90,71000000,700,900,700,0,0.0,789,89,12.71,700,900,1399-7-22
851,داريك2,صندوق س.اعتماد داريك-د,3,200000,200000,10012,1,1,-10011,-99.99,1,-10011,-99.99,1,1,1399-7-22
852,ضصاد8022,اختيارخ وبصادر-4800-1399/08/11,3,70,31000000,300,400,490,190,63.33,443,143,47.67,250,490,1399-7-22
853,صايپا203,صكوك مرابحه سايپا203-3ماهه 16%,3,730,694100010,951000,951000,938001,-12999,-1.37,950822,-178,-0.02,938001,951000,1399-7-22
854,كايتاح,ح.ايتالران‌,3,1356,19941336,15160,14706,14706,-454,-2.99,14706,-454,-2.99,14706,14706,1399-7-22
855,ضفلا8082,اختيارخ فولاد-13775-1399/08/28,3,28,116900000,5001,4050,4400,-601,-12.02,4175,-826,-16.52,4050,4400,1399-7-22
856,ضفلا8081,اختيارخ فولاد-12775-1399/08/28,3,22,118500000,6000,5000,5500,-500,-8.33,5386,-614,-10.23,5000,5500,1399-7-22
857,ضصاد8014,اختيارخ وبصادر-3200-1399/08/11,3,46,62364000,1109,1399,1001,-108,-9.74,1356,247,22.27,1001,1399,1399-7-22
858,ضملي8072,اختيارخ فملي -19750-1399/08/06,2,5,107000000,10000,7000,25000,15000,150.0,21400,11400,114.0,7000,25000,1399-7-22
859,ضسپا8016,اختيارخ خساپا-2000-1399/08/26,2,40,55200000,1070,1380,1380,310,28.97,1380,310,28.97,1380,1380,1399-7-22
860,كايتا,ايتالران‌,2,855,8159265,9266,9543,9543,277,2.99,9266,0,0.0,9543,9543,1399-7-22
861,ضبدر1149,اختيارخ شبندر-28000-1399/11/19,2,3,61400000,17000,20500,20400,3400,20.0,20467,3467,20.39,20400,20500,1399-7-22
862,ضپاس1005,اختيارخ وپارس-4500-1399/10/30,2,21,15750000,825,750,750,-75,-9.09,750,-75,-9.09,750,750,1399-7-22
863,ضچاد1012,اختيارخ كچاد-10000-1399/10/02,2,4,48000000,11950,12000,12000,50,0.42,12000,50,0.42,12000,12000,1399-7-22
864,اخزا713,اسنادخزانه-م13بودجه97-000518,2,1416,1227848400,867452,867100,870000,2548,0.29,867125,-327,-0.04,867100,870000,1399-7-22
865,ضپاس7014,اختيارخ وپارس-3800-1399/07/30,2,10,4000000,784,400,400,-384,-48.98,400,-384,-48.98,400,400,1399-7-22
866,زعف9908پ16,زعفران9908نگين بيرجند(پ),2,143,13725283,101522,95981,95981,-5541,-5.46,95981,-5541,-5.46,95981,95981,1399-7-22
867,ضفلا8075,اختيارخ فولاد-8275-1399/08/28,2,3,5003000,10850,2000,1003,-9847,-90.76,1668,-9182,-84.63,1003,2000,1399-7-22
868,كمند2,صندوق س. با درآمد ثابت كمند,2,65000000,65000000,10030,1,1,-10029,-99.99,1,-10029,-99.99,1,1,1399-7-22
869,صايپا998,صكوك مرابحه سايپا998-3ماهه 18%,2,15,15174755,994951,994951,1020000,25049,2.52,1011650,16699,1.68,994951,1020000,1399-7-22
870,ضپاس7000,اختيارخ وپارس-1500-1399/07/30,2,5,8807000,2072,1765,1759,-313,-15.11,1761,-311,-15.01,1759,1765,1399-7-22
871,تملي706,تسهيلات مسكن ب. ملي-شهريور97,2,34,15033406,421104,442159,442159,21055,5.0,442159,21055,5.0,442159,442159,1399-7-22
872,ضمخا7032,اختيارخ اخابر-4750-1399/07/30,2,3,39500000,13535,12000,13750,215,1.59,13167,-368,-2.72,12000,13750,1399-7-22
873,ضخوز1017,اختيارخ فخوز-18286-1399/10/16,2,10,21500000,937,1800,2500,1563,166.81,2150,1213,129.46,1800,2500,1399-7-22
874,ضصاد1105,اختيارخ وبصادر-5000-1399/11/12,2,35,35000000,1000,1000,1000,0,0.0,1000,0,0.0,1000,1000,1399-7-22
875,ضجار1017,اختيارخ وتجارت-4500-1399/10/21,2,2,601000,450,301,300,-150,-33.33,300,-150,-33.33,300,301,1399-7-22
876,ضپيك1019,اختيارخ تاپيكو-12000-99/10/16,2,7,78900000,11643,11200,11300,-343,-2.95,11271,-372,-3.2,11200,11300,1399-7-22
877,ضصاد8013,اختيارخ وبصادر-3000-1399/08/11,2,2,2700000,1337,1500,1200,-137,-10.25,1350,13,0.97,1200,1500,1399-7-22
878,شبريز2,پالايش نفت تبريز,2,7500000,283725000000,36030,37830,37830,1800,5.0,37830,1800,5.0,37830,37830,1399-7-22
879,ضغدر8033,اختيارخ وغدير-8010-1399/08/26,2,52,426400000,8300,8200,8200,-100,-1.2,8200,-100,-1.2,8200,8200,1399-7-22
880,ضملي8058,اختيارخ فملي -7750-1399/08/06,2,3,59997000,26389,19999,19999,-6390,-24.21,19999,-6390,-24.21,19999,19999,1399-7-22
881,شمواد,توليد مواداوليه الياف مصنوعي,2,195,12311715,65089,63137,63137,-1952,-3.0,65088,-1,0.0,63137,63137,1399-7-22
882,ضصاد8019,اختيارخ وبصادر-4200-1399/08/11,2,50,23000000,562,460,460,-102,-18.15,460,-102,-18.15,460,460,1399-7-22
883,صشستا112,صكوك اجاره شستا112-6ماهه18%,2,31,25389031,780001,819001,819001,39000,5.0,819001,39000,5.0,819001,819001,1399-7-22
884,ضسپا8021,اختيارخ خساپا-3000-1399/08/26,2,40,28800000,599,720,720,121,20.2,720,121,20.2,720,720,1399-7-22
885,ومشان,س. فني و مهندسي مشانير,2,420,23645160,59261,56298,56298,-2963,-5.0,59257,-4,-0.01,56298,56298,1399-7-22
886,ضبدر8056,اختيارخ شبندر-21580-1399/08/18,2,8,160000000,23499,20000,20000,-3499,-14.89,20000,-3499,-14.89,20000,20000,1399-7-22
887,ضشنا7048,اختيارخ شپنا-2685-1399/07/28,1,1,25330000,29499,17000,17000,-12499,-42.37,17000,-12499,-42.37,17000,17000,1399-7-22
888,ضشنا7073,اختيارخ شپنا-15837-1399/07/28,1,1,8791000,3797,5900,5900,2103,55.39,5900,2103,55.39,5900,5900,1399-7-22
889,ضفلا8080,اختيارخ فولاد-11775-1399/08/28,1,10,60000000,5284,6000,6000,716,13.55,6000,716,13.55,6000,6000,1399-7-22
890,تملي611,تسهيلات مسكن بانك ملي-بهمن96,1,4,2683708,638979,670927,670927,31948,5.0,670927,31948,5.0,670927,670927,1399-7-22
891,ضمخا7070,اختيارخ اخابر-20000-1400/07/28,1,1,5000,1,5,5,4,400.0,5,4,400.0,5,5,1399-7-22
892,تملي802,تسهيلات مسكن ب. ملي-ارديبهشت98,1,1,1092584,1040557,1092584,1092584,52027,5.0,1092584,52027,5.0,1092584,1092584,1399-7-22
893,ضملي1150,اختيارخ فملي-14196-1399/11/05,1,1,6006000,6001,6006,6006,5,0.08,6006,5,0.08,6006,6006,1399-7-22
894,ضغدر8030,اختيارخ وغدير-6510-1399/08/26,1,5,45000000,9000,9000,9000,0,0.0,9000,0,0.0,9000,9000,1399-7-22
895,ضصاد8011,اختيارخ وبصادر-2600-1399/08/11,1,10,16000000,1464,1600,1600,136,9.29,1600,136,9.29,1600,1600,1399-7-22
896,تملي704,تسهيلات مسكن ب. ملي-تير97,1,1,1712677,1631121,1712677,1712677,81556,5.0,1712677,81556,5.0,1712677,1712677,1399-7-22
897,ضصاد8000,اختيارخ وبصادر-1200-1399/08/11,1,1,3000000,2980,3000,3000,20,0.67,3000,20,0.67,3000,3000,1399-7-22
898,ضفلا8068,اختيارخ فولاد-4751-1399/08/28,1,1,20100000,12500,12500,12500,0,0.0,12500,0,0.0,12500,12500,1399-7-22
899,ضغدر8049,اختيارخ وغدير-24000-1399/08/26,1,69,26910000,600,390,390,-210,-35.0,390,-210,-35.0,390,390,1399-7-22
900,ضجار7027,اختيارخ وتجارت-3800-1399/07/22,1,1,1000,1,1,1,0,0.0,1,0,0.0,1,1,1399-7-22
901,عفولاد3,اوراق سلف موازي ورق گرم فولاد,1,10,7900000,787718,790000,790000,2282,0.29,790000,2282,0.29,790000,790000,1399-7-22
902,تملي806,تسهيلات مسكن ب. ملي-شهريور98,1,2,609364,290174,304682,304682,14508,5.0,304682,14508,5.0,304682,304682,1399-7-22
903,ضفار8029,اختيارخ فارس-7326-1399/08/06,1,11,159500000,14000,14500,14500,500,3.57,14500,500,3.57,14500,14500,1399-7-22
904,تملي804,تسهيلات مسكن ب. ملي-تير98,1,1,432422,411831,432422,432422,20591,5.0,432422,20591,5.0,432422,432422,1399-7-22
905,ضبدر8067,اختيارخ شبندر-47580-1399/08/18,1,8,13592000,5,1699,1699,1694,33880.0,1699,1694,33880.0,1699,1699,1399-7-22
906,ضترا8050,اختيارخ شتران-32752-1399/08/11,1,1,85250,2000,50,50,-1950,-97.5,50,-1950,-97.5,50,50,1399-7-22
907,ضفلا8090,اختيارخ فولاد-23775-1399/08/28,1,14,5614000,1000,401,401,-599,-59.9,401,-599,-59.9,401,401,1399-7-22
908,شتهران,داروسازي تهران شيمي,1,5115,42914850,8226,8390,8390,164,1.99,8227,1,0.01,8390,8390,1399-7-22
909,فخوز2,فولاد  خوزستان,1,15000000,603750000000,39880,40250,40250,370,0.93,40250,370,0.93,40250,40250,1399-7-22
910,كابگن,توليدي و صنعتي آبگينه‌,1,1400,6570200,4601,4693,4693,92,2.0,4601,0,0.0,4693,4693,1399-7-22
911,ضپاس7021,اختيارخ وپارس-5500-1399/07/30,1,74,74000,15,1,1,-14,-93.33,1,-14,-93.33,1,1,1399-7-22
912,ضفلا8083,اختيارخ فولاد-14775-1399/08/28,1,5,15250000,2500,3050,3050,550,22.0,3050,550,22.0,3050,3050,1399-7-22
913,تملي711,تسهيلات مسكن ب. ملي-بهمن97,1,1,963419,917542,963419,963419,45877,5.0,963419,45877,5.0,963419,963419,1399-7-22
914,ضمخا7052,اختيارخ اخابر-16750-1399/07/30,1,4,15600000,3450,3900,3900,450,13.04,3900,450,13.04,3900,3900,1399-7-22
915,اجاد42,اجاره دولت-واجدشرايط خاص991224,1,4000,3920000000,980000,980000,980000,0,0.0,980000,0,0.0,980000,980000,1399-7-22
916,ضجار7014,اختيارخ وتجارت-1600-1399/07/22,1,7,11340000,1751,1620,1620,-131,-7.48,1620,-131,-7.48,1620,1620,1399-7-22
917,ضمخا1024,اختيارخ اخابر-14000-1399/10/30,1,4,38400000,7824,9600,9600,1776,22.7,9600,1776,22.7,9600,9600,1399-7-22
918,اراد53,مرابحه عام دولت5-ش.خ 0207,1,700,655921000,933600,937030,937030,3430,0.37,937030,3430,0.37,937030,937030,1399-7-22
919,ضپنا1022,اختيارخ رمپنا-18806-1399/10/09,1,8,88860000,7000,7500,7500,500,7.14,7500,500,7.14,7500,7500,1399-7-22
920,تملي612,تسهيلات مسكن بانك ملي-اسفند96,1,1,5378085,5121986,5378085,5378085,256099,5.0,5378085,256099,5.0,5378085,5378085,1399-7-22
921,ضفلا8079,اختيارخ فولاد-10775-1399/08/28,1,7,47600000,9998,6800,6800,-3198,-31.99,6800,-3198,-31.99,6800,6800,1399-7-22
922,تملي710,تسهيلات مسكن ب. ملي-دي97,1,1,733471,698544,733471,733471,34927,5.0,733471,34927,5.0,733471,733471,1399-7-22
923,ضشنا7075,اختيارخ شپنا-18522-1399/07/28,1,2,7450000,1563,2500,2500,937,59.95,2500,937,59.95,2500,2500,1399-7-22
924,تابان032,اجاره تابان سپهر14021206,1,100000,100000000000,1000000,1000000,1000000,0,0.0,1000000,0,0.0,1000000,1000000,1399-7-22
925,تملي712,تسهيلات مسكن ب. ملي-اسفند97,1,1,1036963,987584,1036963,1036963,49379,5.0,1036963,49379,5.0,1036963,1036963,1399-7-22
926,ضبدر8064,اختيارخ شبندر-37580-1399/08/18,1,2,11800000,7022,5900,5900,-1122,-15.98,5900,-1122,-15.98,5900,5900,1399-7-22
927,كشم0001پ01,كشمش سبز0001خليل آباد(پ),1,15,5679255,398544,378617,378617,-19927,-5.0,378617,-19927,-5.0,378617,378617,1399-7-22
928,وايرا,سرمايه گذاري صنايع ايران,1,2000,17758000,9153,8879,8879,-274,-2.99,9153,0,0.0,8879,8879,1399-7-22
929,اراد544,مرابحه عام دولت5-ش.خ 0109,1,2000000,1896620000000,947320,948310,948310,990,0.1,948310,990,0.1,948310,948310,1399-7-22
930,ارمغان2,ص سرمايه گذاري ارمغان ايرانيان,1,59737156,59737156,10030,1,1,-10029,-99.99,1,-10029,-99.99,1,1,1399-7-22
931,شرق1400,مشاركت ليزينگ ايران وشرق140010,1,5,5150000,1030000,1030000,1030000,0,0.0,1030000,0,0.0,1030000,1030000,1399-7-22
932,ضغدر8039,اختيارخ وغدير-12000-1399/08/26,1,9,45000000,4176,5000,5000,824,19.73,5000,824,19.73,5000,5000,1399-7-22
933,ضپاس1002,اختيارخ وپارس-3000-1399/10/30,1,4,6004000,2000,1501,1501,-499,-24.95,1501,-499,-24.95,1501,1501,1399-7-22
934,ضغدر8044,اختيارخ وغدير-17000-1399/08/26,1,10,14000000,1400,1400,1400,0,0.0,1400,0,0.0,1400,1400,1399-7-22
935,ضسان1038,اختيارخ پارسان-18000-99/10/14,1,1,13700000,13100,13700,13700,600,4.58,13700,600,4.58,13700,13700,1399-7-22
936,ضترا8038,اختيارخ شتران-13979-1399/08/11,1,3,19948500,2101,3900,3900,1799,85.63,3900,1799,85.63,3900,3900,1399-7-22
937,ضپنا1023,اختيارخ رمپنا-21506-1399/10/09,1,8,59240000,4595,5000,5000,405,8.81,5000,405,8.81,5000,5000,1399-7-22
938,ضمخا7069,اختيارخ اخابر-18000-1400/07/28,1,1,3200000,1,3200,3200,3199,319900.0,3200,3199,319900.0,3200,3200,1399-7-22
939,تملي705,تسهيلات مسكن ب. ملي-مرداد97,1,1,648505,617624,648505,648505,30881,5.0,648505,30881,5.0,648505,648505,1399-7-22
940,فافزا,فولاد افزا سپاهان,1,462,21880782,48825,47361,47361,-1464,-3.0,48823,-2,0.0,47361,47361,1399-7-22
941,مگچسا104,مشاركت گچساران- 3 ماهه 18%,1,5,4928800,976000,985760,985760,9760,1.0,985760,9760,1.0,985760,985760,1399-7-22
942,تملي701,تسهيلات مسكن ب. ملي-فروردين97,1,1,1144703,1090194,1144703,1144703,54509,5.0,1144703,54509,5.0,1144703,1144703,1399-7-22
943,فن آوا,گروه فن آوا,1,500,7059500,14555,14119,14119,-436,-3.0,14555,0,0.0,14119,14119,1399-7-22
944,تملي703,تسهيلات مسكن ب. ملي-خرداد97,1,10,5401280,514408,540128,540128,25720,5.0,540128,25720,5.0,540128,540128,1399-7-22
945,ضفار8028,اختيارخ فارس-6826-1399/08/06,1,4,84000000,20000,21000,21000,1000,5.0,21000,1000,5.0,21000,21000,1399-7-22
946,تملي708,تسهيلات مسكن ب. ملي-آبان97,1,1,344915,328491,344915,344915,16424,5.0,344915,16424,5.0,344915,344915,1399-7-22
947,ضگل8055,اختيارخ كگل-11100-1399/08/21,1,4,58000000,15000,14500,14500,-500,-3.33,14500,-500,-3.33,14500,14500,1399-7-22
948,ضترا8030,اختيارخ شتران-8113-1399/08/11,1,2,27280000,10001,8000,8000,-2001,-20.01,8000,-2001,-20.01,8000,8000,1399-7-22
949,ضچاد1014,اختيارخ كچاد-14000-1399/10/02,1,5,35000000,6000,7000,7000,1000,16.67,7000,1000,16.67,7000,7000,1399-7-22
950,تملي801,تسهيلات مسكن ب. ملي-فروردين98,1,1,657081,625792,657081,657081,31289,5.0,657081,31289,5.0,657081,657081,1399-7-22
951,گندم2,مرابحه گندم2-واجدشرايط خاص1400,1,100,100000000,970000,1000000,1000000,30000,3.09,1000000,30000,3.09,1000000,1000000,1399-7-22
952,تملي707,تسهيلات مسكن ب. ملي-مهر97,1,1,852911,812297,852911,852911,40614,5.0,852911,40614,5.0,852911,852911,1399-7-22
953,ضجار1013,اختيارخ وتجارت-2500-1399/10/21,1,20,27000000,1350,1350,1350,0,0.0,1350,0,0.0,1350,1350,1399-7-22
954,ضصاد8023,اختيارخ وبصادر-5000-1399/08/11,1,10,2000000,239,200,200,-39,-16.32,200,-39,-16.32,200,200,1399-7-22
955,اجاد22,اجاره دولتي آپرورش-لوتوس991118,1,3000,2949000000,994000,983000,983000,-11000,-1.11,983000,-11000,-1.11,983000,983000,1399-7-22
956,صمسكن912,ص دين مسكن جنوب-ماهانه16درصد,1,60,6403440,112341,106724,106724,-5617,-5.0,106724,-5617,-5.0,106724,106724,1399-7-22
957,ضترا8029,اختيارخ شتران-7526-1399/08/11,1,50,852500000,24000,10000,10000,-14000,-58.33,10000,-14000,-58.33,10000,10000,1399-7-22
958,تملي709,تسهيلات مسكن ب. ملي-آذر97,1,1,572265,545015,572265,572265,27250,5.0,572265,27250,5.0,572265,572265,1399-7-22
959,ضبدر8071,اختيارخ شبندر-65580-1399/08/18,1,50,2550000,288,51,51,-237,-82.29,51,-237,-82.29,51,51,1399-7-22
960,تملي805,تسهيلات مسكن ب. ملي-مرداد98,1,1,339089,322942,339089,339089,16147,5.0,339089,16147,5.0,339089,339089,1399-7-22
961,ضفلا8087,اختيارخ فولاد-18775-1399/08/28,1,2,2700000,2237,1350,1350,-887,-39.65,1350,-887,-39.65,1350,1350,1399-7-22
962,دومينو4,اجاره دومينو14040208,1,500,460000000,931372,920000,920000,-11372,-1.22,920000,-11372,-1.22,920000,920000,1399-7-22
963,ضپيك1024,اختيارخ تاپيكو-24000-99/10/16,1,1,3500000,3750,3500,3500,-250,-6.67,3500,-250,-6.67,3500,3500,1399-7-22
964,شاروم4,پتروشيمي اروميه,1,31715095,227143510390,16036,7162,7162,-8874,-55.34,7162,-8874,-55.34,7162,7162,1399-7-22
965,تملي807,تسهيلات مسكن ب. ملي-مهر98,1,1,530319,505066,530319,530319,25253,5.0,530319,25253,5.0,530319,530319,1399-7-22
966,تملي702,تسهيلات مسكن ب. ملي-ارديبهشت97,1,1,986116,939159,986116,986116,46957,5.0,986116,46957,5.0,986116,986116,1399-7-22
967,ضملي1151,اختيارخ فملي-16224-1399/11/05,1,45,186750000,5050,4150,4150,-900,-17.82,4150,-900,-17.82,4150,4150,1399-7-22
968,ضشنا7060,اختيارخ شپنا-6107-1399/07/28,1,13,271180000,15000,14000,14000,-1000,-6.67,14000,-1000,-6.67,14000,14000,1399-7-22
969,افاد81,منفعت دولت8-ش.خاص مهر0205,1,100,98500000,964250,985000,985000,20750,2.15,985000,20750,2.15,985000,985000,1399-7-22
970,ضمخا7050,اختيارخ اخابر-14750-1399/07/30,1,6,12000000,3000,2000,2000,-1000,-33.33,2000,-1000,-33.33,2000,2000,1399-7-22
971,پلاست,كارخانجات توليدي پلاستيران,1,120,5037000,43273,41975,41975,-1298,-3.0,43273,0,0.0,41975,41975,1399-7-22
