,نماد,نام,تعداد,حجم,ارزش,دیروز,اولین,آخرین معامله - مقدار,آخرین معامله - تغییر,آخرین معامله - درصد,قیمت پایانی - مقدار,قیمت پایانی - تغییر,قیمت پایانی - درصد,کمترین,بیشترین,تاریخ
0,آريا,پليمر آريا ساسول,87771,12483250,1636094123284,137640,132201,130758,-6882,-5.0,131063,-6577,-4.78,130758,136561,1399-6-18
1,شاروم,پتروشيمي اروميه,57512,1297171,17797186120,13067,13720,13720,653,5.0,13280,213,1.63,13720,13720,1399-6-18
2,غزر,صنعتي زر ماكارون,40210,4494039,306478742820,69940,70700,66450,-3490,-4.99,68200,-1740,-2.49,66450,70700,1399-6-18
3,گدنا,تهيه توزيع غذاي دنا آفرين فدك,33381,318466,2054742632,6145,6452,6452,307,5.0,6157,12,0.2,6452,6452,1399-6-18
4,رافزا,رايان هم افزا,28448,173779,5053493320,27696,29080,29080,1384,5.0,27827,131,0.47,29080,29080,1399-6-18
5,ولپارس,ليزينگ پارسيان,25476,3637019,14111633720,3700,3880,3880,180,4.86,3740,40,1.08,3880,3880,1399-6-18
6,بپيوند,برق و انرژي پيوندگستر پارس,24182,2348441,51144348098,20741,21778,21778,1037,5.0,21642,901,4.34,21778,21778,1399-6-18
7,ثبهساز,بهساز كاشانه تهران,16084,62812747,238688438600,3990,3800,3800,-190,-4.76,3800,-190,-4.76,3800,3800,1399-6-18
8,دارا يكم,صندوق واسطه گري مالي يكم-سهام,12434,3148410,582427378230,204320,188000,183890,-20430,-10.0,184990,-19330,-9.46,183890,188000,1399-6-18
9,پتاير,ايران‌ تاير,10228,13748211,1458716894410,103010,108160,101000,-2010,-1.95,106100,3090,3.0,98200,108160,1399-6-18
10,غگيلا,شيرپاستوريزه پگاه گيلان,8024,115140,1825890120,15103,15858,15858,755,5.0,15129,26,0.17,15858,15858,1399-6-18
11,شصدف,صنعتي دوده فام,7181,1246327,23791136103,18180,19089,19089,909,5.0,18587,407,2.24,19089,19089,1399-6-18
12,وبصادر,بانك صادرات ايران,5722,176708855,590236655560,3510,3340,3340,-170,-4.84,3340,-170,-4.84,3340,3370,1399-6-18
13,كگل,معدني و صنعتي گل گهر,4854,42209458,805551253110,19990,19000,19000,-990,-4.95,19080,-910,-4.55,19000,20490,1399-6-18
14,طلا,صندوق س.پشتوانه طلاي لوتوس,4425,4095924,514706480965,118496,124000,127200,8704,7.35,125663,7167,6.05,123299,129800,1399-6-18
15,چكاپا,گروه صنايع كاغذ پارس,4244,34808763,308514988300,9190,9100,8740,-450,-4.9,8860,-330,-3.59,8740,9180,1399-6-18
16,ارفعح,ح.شركت آهن و فولاد ارفع,3889,11637384,120769467657,10862,10319,10320,-542,-4.99,10378,-484,-4.46,10319,10600,1399-6-18
17,آگاس,صندوق س.هستي بخش آگاه-س,3826,2720229,734459761176,284234,270000,269000,-15234,-5.36,269999,-14235,-5.01,268000,272500,1399-6-18
18,ارزش,صندوق س ارزش آفرين بيدار-سهام,3795,21761480,219419165170,10840,10350,9900,-940,-8.67,10080,-760,-7.01,9860,10520,1399-6-18
19,سمگا,گروه سرمايه گذاري ميراث فرهنگي,3700,16446680,270512984290,17076,16970,16223,-853,-5.0,16448,-628,-3.68,16223,17500,1399-6-18
20,فولاد,فولاد مباركه اصفهان,3630,15209824,260544285120,18030,17130,17130,-900,-4.99,17130,-900,-4.99,17130,17130,1399-6-18
21,بگيلان,توسعه مسير برق گيلان,3627,1513266,55526269338,38624,36693,36693,-1931,-5.0,36925,-1699,-4.4,36693,36693,1399-6-18
22,زاگرس,پتروشيمي زاگرس,3440,6201298,844377635902,140754,140000,138920,-1834,-1.3,136161,-4593,-3.26,133717,147791,1399-6-18
23,حاريا,كشتيراني آريا,3405,30603805,635718205304,21042,19990,20101,-941,-4.47,20773,-269,-1.28,19990,22094,1399-6-18
24,فملي,ملي‌ صنايع‌ مس‌ ايران‌,3378,7193249,228025993300,33360,31700,31700,-1660,-4.98,31700,-1660,-4.98,31700,31700,1399-6-18
25,شغدير,پتروشيمي غدير,3298,7970633,285488704630,36617,34787,35310,-1307,-3.57,35818,-799,-2.18,34787,38447,1399-6-18
26,خساپا,سايپا,3098,23392912,65734082720,2950,2810,2810,-140,-4.75,2860,-90,-3.05,2810,2810,1399-6-18
27,مفاخر,توسعه فناوري اطلاعات خوارزمي,3097,6777439,309052351451,44676,46906,44620,-56,-0.13,45600,924,2.07,42500,46909,1399-6-18
28,اعتماد,صندوق س.اعتماد آفرين پارسيان-د,2896,107169800,3457451007570,32249,32253,32252,3,0.01,32261,12,0.04,32251,32268,1399-6-18
29,فارس,صنايع پتروشيمي خليج فارس,2829,22346932,577523463740,27190,25850,25840,-1350,-4.97,25840,-1350,-4.97,25840,25950,1399-6-18
30,كچاد,معدني‌وصنعتي‌چادرملو,2795,23289860,380788607410,17140,16290,16290,-850,-4.96,16350,-790,-4.61,16290,17880,1399-6-18
31,وسبحان,سرمايه گذاري سبحان,2769,31320605,286558730396,9619,9139,9139,-480,-4.99,9149,-470,-4.89,9139,9586,1399-6-18
32,امين,تامين سرمايه امين,2558,2548427,38990933100,16100,15300,15300,-800,-4.97,15440,-660,-4.1,15300,15300,1399-6-18
33,وغدير,سرمايه‌گذاري‌غدير(هلدينگ‌,2459,41991524,663466079200,16630,15800,15800,-830,-4.99,15800,-830,-4.99,15800,15800,1399-6-18
34,وتجارت,بانك تجارت,2362,39340873,119989662650,3210,3050,3050,-160,-4.98,3050,-160,-4.98,3050,3050,1399-6-18
35,عيار,صندوق س. پشتوانه طلاي مفيد,2352,3466924,135928251447,36646,38500,39700,3054,8.33,39207,2561,6.99,38469,40000,1399-6-18
36,وآفري,بيمه كارآفرين,2334,38642371,465722017915,11850,12442,12400,550,4.64,12052,202,1.7,11264,12442,1399-6-18
37,وخاور,بانك خاورميانه,2288,34595740,336359986050,10200,9700,10200,0,0.0,9720,-480,-4.71,9690,10200,1399-6-18
38,سرو,صندوق س سروسودمند مدبران-سهام,2180,2669628,157630867170,62650,61000,57370,-5280,-8.43,59050,-3600,-5.75,57000,61280,1399-6-18
39,نوري,پتروشيمي نوري,2139,3527700,552377859130,163300,155740,155140,-8160,-5.0,156580,-6720,-4.12,155140,163500,1399-6-18
40,بنو,بيمه تجارت نو,1975,15321139,319940640281,21740,21990,20653,-1087,-5.0,20882,-858,-3.95,20653,21990,1399-6-18
41,امين يكم,صندوق درآمد ثابت امين يكم فردا,1895,59382412,632333620500,10640,10640,10670,30,0.28,10650,10,0.09,10630,10670,1399-6-18
42,پارس,پتروشيمي پارس,1876,3112645,424746202220,138320,133010,137000,-1320,-0.95,136460,-1860,-1.34,132510,142440,1399-6-18
43,دماوند,توليد نيروي برق دماوند,1795,3664873,197536654700,56736,53900,53900,-2836,-5.0,53900,-2836,-5.0,53900,53900,1399-6-18
44,تسه9905,امتياز تسهيلات مسكن مرداد99,1791,35295,27338220412,739957,776954,758000,18043,2.44,774564,34607,4.68,757000,776954,1399-6-18
45,وپاسار,بانك  پاسارگاد,1775,28182973,282055259620,10180,10180,9680,-500,-4.91,10010,-170,-1.67,9680,10190,1399-6-18
46,كمند,صندوق س. با درآمد ثابت كمند,1710,62679851,634661833080,10070,10100,10150,80,0.79,10130,60,0.6,10090,10150,1399-6-18
47,غاذر,كشت‌وصنعت‌پياذر,1673,2726481,225678126530,79710,76740,83690,3980,4.99,82770,3060,3.84,76740,83690,1399-6-18
48,مبين,مبين انرژي خليج فارس,1610,10628984,247659769070,24330,23150,23290,-1040,-4.27,23300,-1030,-4.23,23120,24960,1399-6-18
49,قرن,پديده شيمي قرن,1510,1481892,74039864650,52580,49960,49960,-2620,-4.98,49960,-2620,-4.98,49960,50500,1399-6-18
50,جم,پتروشيمي جم,1446,3980097,148600081910,38430,37000,37000,-1430,-3.72,37340,-1090,-2.84,36570,40000,1399-6-18
51,غدام,خوراك‌  دام‌ پارس‌,1418,610047,77128457050,128480,127000,122060,-6420,-5.0,126430,-2050,-1.6,122060,133800,1399-6-18
52,كدماح,ح . معدني‌ دماوند,1391,1991145,142108741260,78620,75110,70760,-7860,-10.0,71370,-7250,-9.22,70760,76980,1399-6-18
53,وتوكاح,ح . ‌توكافولاد(هلدينگ‌,1278,7099724,56124655401,8779,7900,7900,-879,-10.01,7905,-874,-9.96,7900,8190,1399-6-18
54,آتيمس,صندوق س.آرمان آتيه درخشان مس-س,1276,675310,149970686046,243548,235999,216540,-27008,-11.09,222077,-21471,-8.82,215000,235999,1399-6-18
55,پارسان,گسترش نفت و گاز پارسيان,1242,20340302,507083728860,26240,24930,24930,-1310,-4.99,24930,-1310,-4.99,24930,24930,1399-6-18
56,ذوب,سهامي ذوب آهن  اصفهان,1228,5555049,34702391103,6575,6247,6247,-328,-4.99,6469,-106,-1.61,6247,6247,1399-6-18
57,زر,صندوق س.پشتوانه سكه طلاي زر,1199,1043468,69047306749,62593,64996,66137,3544,5.66,66171,3578,5.72,64996,68474,1399-6-18
58,بفجر,فجر انرژي خليج فارس,1199,5533025,135735488650,25580,24370,24700,-880,-3.44,24530,-1050,-4.1,24310,25840,1399-6-18
59,جم پيلن,پلي پروپيلن جم - جم پيلن,1139,3029707,227079006500,78410,76000,74490,-3920,-5.0,74950,-3460,-4.41,74490,81310,1399-6-18
60,پاكشو,گروه صنعتي پاكشو,1131,1768717,102269801540,58220,58240,58000,-220,-0.38,57820,-400,-0.69,55340,58300,1399-6-18
61,اطلس,صندوق س.توسعه اندوخته آينده-س,1121,441790,80497598817,192746,185000,179050,-13696,-7.11,182208,-10538,-5.47,177000,187500,1399-6-18
62,كاريس,صندوق س.سپهر كاريزما-س,1115,1417791,268948260807,202567,187000,189000,-13567,-6.7,189695,-12872,-6.35,185000,194000,1399-6-18
63,سيتا,سرمايه گذاري سيمان تامين,1113,1000752,22276739520,23430,22260,22260,-1170,-4.99,23130,-300,-1.28,22260,22260,1399-6-18
64,تاصيكوح,ح . سرمايه گذاري صدرتامين,1080,11606760,106671600050,10210,9190,9200,-1010,-9.89,9190,-1020,-9.99,9190,9250,1399-6-18
65,كاوه,فولاد كاوه جنوب كيش,1074,15856146,296492925590,19670,18690,18690,-980,-4.98,18700,-970,-4.93,18690,19440,1399-6-18
66,تنوين,تامين سرمايه نوين,1042,16978305,170803820220,10580,10060,10060,-520,-4.91,10060,-520,-4.91,10060,10470,1399-6-18
67,شاراك,پتروشيمي شازند,1041,5959613,127793989980,22460,21340,21340,-1120,-4.99,21440,-1020,-4.54,21340,22950,1399-6-18
68,كرماشا,صنايع پتروشيمي كرمانشاه,1032,3694969,136114990360,38550,36630,36630,-1920,-4.98,36840,-1710,-4.44,36630,39500,1399-6-18
69,رتاپ,تجارت الكترونيك  پارسيان,1024,6340469,72979803980,12110,11510,11510,-600,-4.95,11510,-600,-4.95,11510,11540,1399-6-18
70,سباقر,سيمان باقران,1024,3941006,60147773377,15331,14910,15380,49,0.32,15262,-69,-0.45,14872,15623,1399-6-18
71,گوهر,صندوق سكه طلاي كيان,1021,1136423,84671728830,71462,74000,75000,3538,4.95,74507,3045,4.26,70000,77800,1399-6-18
72,بورس,بورس اوراق بهادار تهران,999,1325863,108150644910,85860,81570,81570,-4290,-5.0,81570,-4290,-5.0,81570,81570,1399-6-18
73,افق ملت,صندوق س در سهام افق ملت,972,697497,96913486780,146360,145400,132000,-14360,-9.81,138940,-7420,-5.07,131810,145400,1399-6-18
74,ومعادن,توسعه‌معادن‌وفلزات‌,930,15206900,227647293000,15750,14970,14970,-780,-4.95,14970,-780,-4.95,14970,14970,1399-6-18
75,تكنار,مجتمع معادن مس تكنار,920,1111239,73969843628,66232,68040,68218,1986,3.0,66565,333,0.5,64246,68218,1399-6-18
76,شخارك,پتروشيمي‌ خارك‌,914,2454725,96901179330,41100,39050,39050,-2050,-4.99,39480,-1620,-3.94,39050,42480,1399-6-18
77,شپارسح,ح . بين‌ المللي‌محصولات پارس‌,906,2173313,23127737202,11271,10210,11270,-1,-0.01,10642,-629,-5.58,10140,11740,1399-6-18
78,فيروزه,صندوق شاخص30 شركت فيروزه- سهام,896,716424,128716675520,188450,179500,172060,-16390,-8.7,179670,-8780,-4.66,170120,189000,1399-6-18
79,تسه9904,امتياز تسهيلات مسكن تير99,871,12328,9622740395,765436,781129,765000,-436,-0.06,780560,15124,1.98,742000,803707,1399-6-18
80,آوا,صندوق س.سهام آواي معيار-س,791,3415479,28247909605,9092,8400,8148,-944,-10.38,8271,-821,-9.03,8110,8690,1399-6-18
81,وآتوس,س.آرين توسكا قيمت اسمي 350ريال,785,2745986,77142017261,27884,28720,28720,836,3.0,28093,209,0.75,27048,28720,1399-6-18
82,كاردان,صندوق س تجارت شاخصي كاردان,783,556866,95944669580,188360,180600,169530,-18830,-10.0,172290,-16070,-8.53,169530,180600,1399-6-18
83,سپ,پرداخت الكترونيك سامان كيش,769,2636408,63205850340,25210,23950,25400,190,0.75,23970,-1240,-4.92,23950,25400,1399-6-18
84,شفن,پتروشيمي فناوران,753,467193,109717700500,238700,226770,226770,-11930,-5.0,234840,-3860,-1.62,226770,250630,1399-6-18
85,كفرآور,فرآورده هاي سيمان شرق,750,3367085,62694800243,18108,18152,18651,543,3.0,18620,512,2.83,18151,18651,1399-6-18
86,پارند,صندوق س. پارند پايدار سپهر,742,24680227,290851391190,11760,11720,11800,40,0.34,11780,20,0.17,11720,11820,1399-6-18
87,بجهرم,توسعه مولد نيروگاهي جهرم,733,6382301,28739501403,4740,4503,4503,-237,-5.0,4583,-157,-3.31,4503,4503,1399-6-18
88,آكورد,صندوق س. آرمان آتي كوثر-د,679,21644036,615542214602,28432,28432,28530,98,0.34,28439,7,0.02,28432,28540,1399-6-18
89,دي,بانك دي,673,590957,25756269888,45877,43584,43584,-2293,-5.0,45153,-724,-1.58,43584,43584,1399-6-18
90,مارون,پتروشيمي مارون,667,858634,97214645415,119176,113218,113218,-5958,-5.0,113220,-5956,-5.0,113218,116990,1399-6-18
91,شگويا,پتروشيمي تندگويان,665,3194366,48547974468,15997,15198,15198,-799,-4.99,15623,-374,-2.34,15198,15198,1399-6-18
92,ولصنم,ليزينگ‌صنعت‌ومعدن‌,659,3805703,47456408140,13110,12460,12460,-650,-4.96,12490,-620,-4.73,12460,12670,1399-6-18
93,كنور,توسعه معدني و صنعتي صبانور,646,4468085,192395947280,45320,43060,43060,-2260,-4.99,43060,-2260,-4.99,43060,43100,1399-6-18
94,كيان,صندوق س. با درآمد ثابت كيان,639,7333318,185778886460,25320,25380,25350,30,0.12,25330,10,0.04,25220,25500,1399-6-18
95,خفولا,خدمات فني فولاد يزد,625,1619097,52558898420,31880,32000,30924,-956,-3.0,32462,582,1.83,30924,32836,1399-6-18
96,خگستر,گسترش‌سرمايه‌گذاري‌ايران‌خودرو,611,2789469,18271021950,6890,6550,6550,-340,-4.93,6830,-60,-0.87,6550,6550,1399-6-18
97,ثشرقح,ح. سرمايه گذاري مسكن شمال شرق,609,2074153,9507627450,4820,4690,4500,-320,-6.64,4580,-240,-4.98,4480,4820,1399-6-18
98,ساينا,صنايع بهداشتي ساينا,600,239685,38676004805,167508,163000,163970,-3538,-2.11,162630,-4878,-2.91,159133,173000,1399-6-18
99,گنجين,صندوق س. گنجينه يكم آويد-د,599,1025567,11532298064,11236,11245,11245,9,0.08,11245,9,0.08,11240,11245,1399-6-18
100,شيراز,پتروشيمي‌شيراز,587,5672899,327227218900,60490,57470,57470,-3020,-4.99,57680,-2810,-4.65,57470,62000,1399-6-18
101,آساس,صندوق س.آسمان آرماني سهام-س,571,569537,82669011908,156830,153280,141147,-15683,-10.0,145151,-11679,-7.45,141147,153280,1399-6-18
102,فولاژ,فولاد آلياژي ايران,568,2525702,66501733660,27710,26330,26330,-1380,-4.98,26330,-1380,-4.98,26330,26330,1399-6-18
103,آپ,آسان پرداخت پرشين,554,2591518,52866967200,21470,20400,20400,-1070,-4.98,20400,-1070,-4.98,20400,20400,1399-6-18
104,تسه9902,امتياز تسهيلات مسكن ارديبهشت99,551,9063,7011202403,761627,799000,725000,-36627,-4.81,773607,11980,1.57,723546,799708,1399-6-18
105,صايند,صندوق س. گنجينه آينده روشن-د,518,8310670,80505729750,9843,9848,9598,-245,-2.49,9687,-156,-1.58,9552,9887,1399-6-18
106,زفكا,كشت و دامداري فكا,503,1490302,58594571756,41384,39315,39315,-2069,-5.0,39317,-2067,-4.99,39315,39615,1399-6-18
107,دسبحان,سبحان دارو,499,2134466,46680801420,23020,21870,21870,-1150,-5.0,21870,-1150,-5.0,21870,21970,1399-6-18
108,سلار,شركت سيمان لارستان,498,1172260,37517694762,32595,33572,32763,168,0.52,32005,-590,-1.81,31618,33572,1399-6-18
109,تسه9903,امتياز تسهيلات مسكن خرداد99,497,4907,3804212881,763962,781319,730000,-33962,-4.45,775262,11300,1.48,725764,802160,1399-6-18
110,پكرمان,گروه‌ صنعتي‌ بارز,485,2602018,54488826800,22040,20940,20940,-1100,-4.99,20940,-1100,-4.99,20940,20980,1399-6-18
111,غسالم,سالمين‌,483,1504500,8771235000,6130,5830,5830,-300,-4.89,6070,-60,-0.98,5830,5830,1399-6-18
112,تاپكيش,تجارت الكترونيك پارسيان كيش,470,2580778,88505213833,36098,34294,34294,-1804,-5.0,34294,-1804,-5.0,34294,34296,1399-6-18
113,كصدف,كاشي صدف سرام استقلال آباده,463,1091464,14565033454,13497,14036,13061,-436,-3.23,13344,-153,-1.13,12958,14036,1399-6-18
114,تليسه,دامداري تليسه نمونه,450,373425,28347438600,79907,75912,75912,-3995,-5.0,77724,-2183,-2.73,75912,75912,1399-6-18
115,تسه9810,امتياز تسهيلات مسكن دي98,445,12947,9907941277,758049,770000,745000,-13049,-1.72,765269,7220,0.95,720147,795951,1399-6-18
116,تيپيكو,سرمايه گذاري دارويي تامين,426,1738793,85409512160,51700,49120,49120,-2580,-4.99,49120,-2580,-4.99,49120,49120,1399-6-18
117,آبادا,توليد نيروي برق آبادان,423,205209,5871029490,30110,28610,28610,-1500,-4.98,29910,-200,-0.66,28610,28610,1399-6-18
118,وبانك,سرمايه گذاري گروه توسعه ملي,423,6302027,115011992750,19210,18250,18250,-960,-5.0,18250,-960,-5.0,18250,18250,1399-6-18
119,سجام,مجتمع سيمان غرب آسيا,423,8273287,109411627604,13285,13285,12887,-398,-3.0,13225,-60,-0.45,12887,13285,1399-6-18
120,شسينا,صنايع‌شيميايي‌سينا,422,33989,14972014730,455950,450000,434270,-21680,-4.75,451160,-4790,-1.05,433500,456100,1399-6-18
121,حكشتي,كشتيراني جمهوري اسلامي ايران,417,260502,13457533320,54370,51660,51660,-2710,-4.98,54010,-360,-0.66,51660,51660,1399-6-18
122,شپاكسا,پاكسان‌,413,2267146,67560950800,31360,29800,29800,-1560,-4.97,29800,-1560,-4.97,29800,29800,1399-6-18
123,وسپه,سرمايه‌گذاري‌ سپه‌,405,3408060,51461706000,15890,15100,15100,-790,-4.97,15100,-790,-4.97,15100,15100,1399-6-18
124,دارا,صندوق س. دارا الگوريتم-د,400,5796849,58779728521,10089,10120,10136,47,0.47,10140,51,0.51,10120,10159,1399-6-18
125,سيدكو,سرمايه گذاري توسعه صنايع سيمان,399,6187977,48018701520,8160,7760,7760,-400,-4.9,7760,-400,-4.9,7760,7760,1399-6-18
126,ختورح,ح . رادياتور ايران‌,391,1099863,21941078360,22040,20300,19840,-2200,-9.98,19950,-2090,-9.48,19840,20900,1399-6-18
127,قنيشا,قند  نيشابور,391,232996,25142598360,113580,107910,107910,-5670,-4.99,110720,-2860,-2.52,107910,107910,1399-6-18
128,ساروم,سيمان‌اروميه‌,386,1424838,35207746980,26010,24710,24710,-1300,-5.0,24930,-1080,-4.15,24710,24710,1399-6-18
129,دفارا,داروسازي‌ فارابي‌,385,886206,55565518280,66000,62700,62700,-3300,-5.0,62700,-3300,-5.0,62700,62710,1399-6-18
130,شوينده,مديريت صنعت شوينده ت.ص.بهشهر,382,1896345,67566772350,37500,35630,35630,-1870,-4.99,35630,-1870,-4.99,35630,35630,1399-6-18
131,وآوا,سرمايه گذاري آوا نوين,380,988136,14257158287,15178,14420,14420,-758,-4.99,14944,-234,-1.54,14420,14898,1399-6-18
132,وهور,مديريت انرژي اميد  تابان هور,365,3400306,158886098462,49186,46727,46727,-2459,-5.0,46727,-2459,-5.0,46727,46727,1399-6-18
133,دمعيار,صندوق س. توازن معيار-د,358,14558805,146701310754,10074,10071,10079,5,0.05,10076,2,0.02,10068,10086,1399-6-18
134,وخارزم,سرمايه گذاري خوارزمي,355,3538515,42780646350,12720,12090,12090,-630,-4.95,12270,-450,-3.54,12090,12090,1399-6-18
135,بذر,صندوق س بذر اميد آفرين-سهام,352,332024,37163497180,116000,112000,112000,-4000,-3.45,111930,-4070,-3.51,111000,112190,1399-6-18
136,فخوز,فولاد  خوزستان,348,484660,21426818600,46530,44210,44210,-2320,-4.99,46020,-510,-1.1,44210,44210,1399-6-18
137,سهگمت,سيمان‌هگمتان‌,345,2932225,53542588850,19220,18260,18260,-960,-4.99,18260,-960,-4.99,18260,18290,1399-6-18
138,ياقوت,صندوق س ياقوت آگاه-ثابت,344,13200655,144450641190,10980,10970,10930,-50,-0.46,10940,-40,-0.36,10930,10970,1399-6-18
139,ولراز,ليزينگ رازي,344,1233707,27818649735,21912,22569,22569,657,3.0,22549,637,2.91,22150,22569,1399-6-18
140,سيلامح,ح . سيمان‌ ايلام‌,339,18477561,101848646840,5910,6500,5500,-410,-6.94,5510,-400,-6.77,5500,6500,1399-6-18
141,ثنظام,س. ساختماني نظام مهندسي ايران,338,529628,29542120212,54155,55779,55779,1624,3.0,55779,1624,3.0,55779,55779,1399-6-18
142,شكلر,نيروكلر,333,1517456,70030651580,48570,46150,46150,-2420,-4.98,46150,-2420,-4.98,46150,46170,1399-6-18
143,فايرا,آلومينيوم‌ايران‌,327,2026170,41110989300,21350,20290,20290,-1060,-4.96,20350,-1000,-4.68,20290,20290,1399-6-18
144,بترانس,ايران‌ ترانسفو,325,290783,12785728510,46280,43970,43970,-2310,-4.99,45830,-450,-0.97,43970,43970,1399-6-18
145,كاسپينح,ح .داروسازي كاسپين تامين,320,567050,10020685419,18580,17651,17652,-928,-4.99,17672,-908,-4.89,17651,18000,1399-6-18
146,ختوقا,قطعات‌ اتومبيل‌ ايران‌,317,2066554,9940124740,5060,4810,4810,-250,-4.94,5000,-60,-1.19,4810,4810,1399-6-18
147,ماديرا,صنايع ماشين هاي اداري ايران,316,486175,21473863575,46493,44169,44169,-2324,-5.0,45610,-883,-1.9,44169,44169,1399-6-18
148,پرداخت,به پرداخت ملت,313,386527,16806956100,45070,42830,42820,-2250,-4.99,44530,-540,-1.2,42820,46000,1399-6-18
149,ثعتما,س. ساختماني اعتماد گستر,312,1101099,29248747298,25917,26694,26694,777,3.0,26563,646,2.49,25350,26694,1399-6-18
150,فخاس,فولاد خراسان,310,640693,22409080450,36810,34990,34970,-1840,-5.0,36340,-470,-1.28,34970,35100,1399-6-18
151,خودكفا,اقتصادي و خودكفايي آزادگان,309,144936,20775271176,147774,143341,143341,-4433,-3.0,145479,-2295,-1.55,143341,143341,1399-6-18
152,غگل,گلوكوزان‌,302,1168279,8773775290,7900,7510,7510,-390,-4.94,7820,-80,-1.01,7510,7510,1399-6-18
153,تسه9811,امتياز تسهيلات مسكن بهمن98,293,7191,5501180175,756995,760200,730000,-26995,-3.57,765009,8014,1.06,719146,794844,1399-6-18
154,فيروزا,صندوق بادرآمد ثابت فيروزه آسيا,293,9739941,200638107820,20520,20600,20600,80,0.39,20600,80,0.39,20490,20700,1399-6-18
155,فخاسح,ح . فولاد خراسان,292,639903,17571022930,30460,27410,27410,-3050,-10.01,27460,-3000,-9.85,27410,28940,1399-6-18
156,تسه9901,امتياز تسهيلات مسكن فروردين99,292,3264,2514239966,763121,760111,740000,-23121,-3.03,770294,7173,0.94,724965,801277,1399-6-18
157,كگهر,سنگ آهن گهرزمين,291,1333634,57146216900,45105,42850,42850,-2255,-5.0,44028,-1077,-2.39,42850,42850,1399-6-18
158,تسه9812,امتياز تسهيلات مسكن اسفند98,290,7235,5508568543,762177,800285,769000,6823,0.9,761378,-799,-0.1,735500,800285,1399-6-18
159,كيا,كيا الكترود شرق,286,14196800,53096032000,1000,3740,3740,2740,274.0,3740,2740,274.0,3740,3740,1399-6-18
160,شگل,گلتاش‌,284,1521035,43550255140,30130,28630,28630,-1500,-4.98,28810,-1320,-4.38,28630,28900,1399-6-18
161,ومهان,گروه توسعه مالي مهر آيندگان,282,4024600,67234967600,17585,16706,16706,-879,-5.0,16706,-879,-5.0,16706,16706,1399-6-18
162,اخابر,مخابرات ايران,277,290044,5412221040,19640,18660,18660,-980,-4.99,19590,-50,-0.25,18660,18660,1399-6-18
163,دسبحاح,ح .گروه دارويي سبحان,276,260046,3430568730,14580,13150,13120,-1460,-10.01,13190,-1390,-9.53,13120,13990,1399-6-18
164,واميد,گروه مديريت سرمايه گذاري اميد,271,2435945,97924989000,42310,40200,40200,-2110,-4.99,40530,-1780,-4.21,40200,40200,1399-6-18
165,بركت,گروه دارويي بركت,259,193040,4221784800,23020,21870,21870,-1150,-5.0,22920,-100,-0.43,21870,21870,1399-6-18
166,غشهداب,كشت و صنعت شهداب ناب خراسان,254,816720,5232725040,6744,6407,6407,-337,-5.0,6709,-35,-0.52,6407,6407,1399-6-18
167,تسه9809,امتياز تسهيلات مسكن آذر98,252,6427,4902071315,753069,763555,730300,-22769,-3.02,762731,9662,1.28,730005,790722,1399-6-18
168,تسه9806,امتياز تسهيلات مسكن شهريور98,247,10573,8104394908,755031,746000,750000,-5031,-0.67,766518,11487,1.52,717280,792000,1399-6-18
169,كي بي سي,شركت كي بي سي,244,1592281,58643891821,38768,36830,36830,-1938,-5.0,36830,-1938,-5.0,36830,37320,1399-6-18
170,كاما,باما,243,42098,7876535800,196940,187100,187100,-9840,-5.0,195900,-1040,-0.53,187100,187100,1399-6-18
171,وصندوق,سرمايه‌گذاري‌صندوق‌بازنشستگي‌,237,4560915,77581164150,17900,17010,17010,-890,-4.97,17270,-630,-3.52,17010,17010,1399-6-18
172,زعف9908پ10,زعفران9908نگين طلاي سرخ(پ),232,125548,11493278511,95727,91007,93890,-1837,-1.92,91545,-4182,-4.37,90941,93890,1399-6-18
173,سپاس,صندوق س. پاداش سهامداري توسعه1,224,4679469,47192283920,10060,10060,10090,30,0.3,10080,20,0.2,10060,10100,1399-6-18
174,شيران,س. صنايع‌شيميايي‌ايران,224,440672,15353012480,36670,34840,34840,-1830,-4.99,36360,-310,-0.85,34840,34840,1399-6-18
175,دسبحا,گروه دارويي سبحان,222,2426204,42824781900,18570,17650,17650,-920,-4.95,17710,-860,-4.63,17650,17890,1399-6-18
176,لوتوس,تامين سرمايه لوتوس پارسيان,219,2074195,32087796650,16280,15470,15470,-810,-4.98,15810,-470,-2.89,15470,15470,1399-6-18
177,شنفت,نفت‌ پارس‌,217,1018018,65509458300,67730,64350,64350,-3380,-4.99,64350,-3380,-4.99,64350,64350,1399-6-18
178,شسپا,نفت سپاهان,207,2465288,52929733360,22590,21470,21470,-1120,-4.96,21470,-1120,-4.96,21470,21470,1399-6-18
179,آسام,صندوق س.آرمان سپهر آشنا-م,201,66970,7347461770,113008,111000,110099,-2909,-2.57,109713,-3295,-2.92,107496,114000,1399-6-18
180,خمحركه,نيرو محركه‌,197,435419,4606733020,11130,10580,10580,-550,-4.94,11070,-60,-0.54,10580,10580,1399-6-18
181,خپارس,پارس‌ خودرو,194,368483,4123324770,11770,11190,11190,-580,-4.93,11750,-20,-0.17,11190,11190,1399-6-18
182,بكهنوج,توليد برق ماهتاب كهنوج,194,172769,12706814412,77418,73548,73548,-3870,-5.0,76400,-1018,-1.31,73548,73548,1399-6-18
183,گپارس,امور رفاهي كارگزاران پارس,194,322551,29630668832,89985,92684,92684,2699,3.0,91864,1879,2.09,87286,92684,1399-6-18
184,ونوين,بانك‌اقتصادنوين‌,193,833531,3584183300,4520,4300,4300,-220,-4.87,4500,-20,-0.44,4300,4300,1399-6-18
185,ونفت,سرمايه‌گذاري‌ صنعت‌ نفت‌,193,3012587,44646539340,15590,14820,14820,-770,-4.94,14820,-770,-4.94,14820,14820,1399-6-18
186,دلر,داروسازي‌ اكسير,191,124558,11260434180,95040,90290,90290,-4750,-5.0,93950,-1090,-1.15,90290,97870,1399-6-18
187,وسين,بيمه سينا,190,2512250,54525892509,22372,21701,21701,-671,-3.0,21704,-668,-2.99,21701,21738,1399-6-18
188,وصنعت,سرمايه گذاري توسعه صنعت وتجارت,190,572540,5421953800,9960,9470,9470,-490,-4.92,9900,-60,-0.6,9470,9470,1399-6-18
189,چكارن,كارتن‌ ايران‌,188,677616,3713335680,5760,5480,5480,-280,-4.86,5740,-20,-0.35,5480,5480,1399-6-18
190,ارفع,شركت آهن و فولاد ارفع,185,995169,14699641299,15548,14771,14771,-777,-5.0,15387,-161,-1.04,14771,14771,1399-6-18
191,سخوز,سيمان خوزستان,184,1857626,31115235500,17630,16750,16750,-880,-4.99,17010,-620,-3.52,16750,16750,1399-6-18
192,لوتوسح,ح . تامين سرمايه لوتوس پارسيان,182,1225979,13081717070,11860,10670,10670,-1190,-10.03,10670,-1190,-10.03,10670,10770,1399-6-18
193,ونيكي,سرمايه‌گذاري‌ ملي‌ايران‌,181,170832,7272318240,44810,42570,42570,-2240,-5.0,44640,-170,-0.38,42570,42570,1399-6-18
194,كويرح,ح. توليدي فولاد سپيد فراب كوير,181,721055,7419655950,11430,10290,10290,-1140,-9.97,10290,-1140,-9.97,10290,10290,1399-6-18
195,صنوين,صندوق سرمايه‌گذاري صنوين-مختلط,178,246405,26759793340,111810,111000,107300,-4510,-4.03,108600,-3210,-2.87,105600,111000,1399-6-18
196,تسه9708,امتياز تسهيلات مسكن آبان97,175,2456,1901948581,774635,780000,755000,-19635,-2.53,774409,-226,-0.03,741500,809997,1399-6-18
197,بكام,كارخانجات توليدي شهيد قندي,174,318445,2573035600,8500,8080,8080,-420,-4.94,8480,-20,-0.24,8080,8080,1399-6-18
198,تسه9803,امتياز تسهيلات مسكن خرداد98,173,1855,1412362681,754239,762222,745000,-9239,-1.22,761381,7142,0.95,720005,790000,1399-6-18
199,تسه9808,امتياز تسهيلات مسكن آبان98,173,5286,4087297346,758091,770000,767000,8909,1.18,773231,15140,2.0,730000,795995,1399-6-18
200,تسه9807,امتياز تسهيلات مسكن مهر98,172,5635,4338556083,761650,780000,723568,-38082,-5.0,769930,8280,1.09,723568,799732,1399-6-18
201,كدما,معدني‌ دماوند,171,246195,30328762050,117330,123190,123190,5860,4.99,120410,3080,2.63,123190,123190,1399-6-18
202,وتوسم,سرمايه‌گذاري‌توسعه‌ملي‌,171,4114603,51802851770,13250,12590,12590,-660,-4.98,12590,-660,-4.98,12590,12590,1399-6-18
203,سنوين,سرمايه گذاري اقتصاد نوين,170,6039831,70242349468,11865,11628,11628,-237,-2.0,11630,-235,-1.98,11628,11850,1399-6-18
204,والبر,سرمايه‌ گذاري‌ البرز(هلدينگ‌,170,468377,8163811110,18340,17430,17430,-910,-4.96,18160,-180,-0.98,17430,17430,1399-6-18
205,تسه9801,امتياز تسهيلات مسكن فروردين98,169,1691,1296579046,755663,756000,746000,-9663,-1.28,766753,11090,1.47,730000,793446,1399-6-18
206,اخزا808,اسنادخزانه-م8بودجه98-000817,168,95671,78360614966,818834,818000,820030,1196,0.15,819063,229,0.03,816818,820580,1399-6-18
207,وبشهر,توسعه‌ صنايع‌ بهشهر(هلدينگ,167,5313196,87295810280,17290,16430,16430,-860,-4.97,16430,-860,-4.97,16430,16430,1399-6-18
208,تسه9707,امتياز تسهيلات مسكن مهر97,166,2602,1986400980,762705,763500,742150,-20555,-2.7,763413,708,0.09,733500,799979,1399-6-18
209,دارو,كارخانجات‌داروپخش‌,166,719212,39089260790,57210,54350,54350,-2860,-5.0,54930,-2280,-3.99,54350,54410,1399-6-18
210,وپويا,سرمايه گذاري پويا,163,117646,1591632734,14241,13529,13529,-712,-5.0,14216,-25,-0.18,13529,13529,1399-6-18
211,درازك,دارويي‌ رازك‌,162,933374,41656481620,46970,44630,44630,-2340,-4.98,44820,-2150,-4.58,44630,44630,1399-6-18
212,وسخراج,شركت س استان خراسان جنوبي,158,11104893,20766149910,1790,1870,1870,80,4.47,1820,30,1.68,1870,1870,1399-6-18
213,تسه9710,امتياز تسهيلات مسكن دي 97,156,3104,2451290287,782313,778990,754031,-28282,-3.62,789720,7407,0.95,752021,810000,1399-6-18
214,دپارس,پارس‌ دارو,155,452139,41759558040,97220,92360,92360,-4860,-5.0,92810,-4410,-4.54,92360,92360,1399-6-18
215,دابور,داروسازي‌ ابوريحان‌,155,360638,13545938670,39530,37560,37560,-1970,-4.98,38950,-580,-1.47,37560,38400,1399-6-18
216,شلرد,كود شيميايي اوره لردگان,155,1842481,23045752348,12894,12508,12508,-386,-2.99,12696,-198,-1.54,12508,12508,1399-6-18
217,آكورد2,صندوق س. آرمان آتي كوثر-د,152,15200000,15200000,28432,1,1,-28431,-100.0,1,-28431,-100.0,1,1,1399-6-18
218,سرچشمه,سرمايه گذاري مس سرچشمه,152,1489980,13514118600,9547,9070,9070,-477,-5.0,9400,-147,-1.54,9070,9070,1399-6-18
219,نگين,ص.س. زمين و ساختمان نگين شهرري,150,137433,6957811120,51000,51000,50880,-120,-0.24,50630,-370,-0.73,50000,51000,1399-6-18
220,تسه9712,امتياز تسهيلات مسكن اسفند97,150,1373,1036769470,755138,745011,727610,-27528,-3.65,755112,-26,0.0,717382,792894,1399-6-18
221,تسه9802,امتياز تسهيلات مسكن ارديبهشت98,149,1140,868584295,757606,742556,730000,-27606,-3.64,761916,4310,0.57,729726,795480,1399-6-18
222,ولساپا,ليزينگ رايان‌ سايپا,148,516516,2711709000,5520,5250,5250,-270,-4.89,5500,-20,-0.36,5250,5250,1399-6-18
223,تسه9709,امتياز تسهيلات مسكن آذر97,147,1653,1284277706,781597,789998,752300,-29297,-3.75,776937,-4660,-0.6,743100,812999,1399-6-18
224,ساذري,آذريت‌,143,155111,26260912744,164373,169304,169304,4931,3.0,169304,4931,3.0,169304,169304,1399-6-18
225,شصدفح,ح . صنعتي دوده فام,138,193394,3763447240,20484,19460,19460,-1024,-5.0,19460,-1024,-5.0,19460,19460,1399-6-18
226,هرمز,فولاد هرمزگان جنوب,137,4955627,55909383814,11875,11282,11282,-593,-4.99,11581,-294,-2.48,11282,11282,1399-6-18
227,ثروتم,صندوق س. ثروت آفرين پارسيان-س,136,59120,5928087690,100918,100700,100000,-918,-0.91,100272,-646,-0.64,99500,104990,1399-6-18
228,شكف,كف,135,261062,9602452964,36800,37480,36064,-736,-2.0,36784,-16,-0.04,36064,37480,1399-6-18
229,اخزا815,اسنادخزانه-م15بودجه98-010406,134,171956,126049271308,732614,732620,730000,-2614,-0.36,733032,418,0.06,730000,733700,1399-6-18
230,فروي,ذوب روي اصفهان,132,68173,4177505094,64503,61278,61278,-3225,-5.0,64199,-304,-0.47,61278,61278,1399-6-18
231,تسه9711,امتياز تسهيلات مسكن بهمن 97,132,1363,1040712573,756694,794528,745000,-11694,-1.55,763546,6852,0.91,737000,794528,1399-6-18
232,غپينو,پارس‌ مينو,132,530615,3693080400,7320,6960,6960,-360,-4.92,7290,-30,-0.41,6960,6960,1399-6-18
233,گوهران,سرمايه گذاري توسعه گوهران اميد,131,797941,7738431818,10208,9698,9698,-510,-5.0,10129,-79,-0.77,9698,9698,1399-6-18
234,پيزد,مجتمع صنايع لاستيك يزد,128,11715,1335674010,120014,114014,114014,-6000,-5.0,119838,-176,-0.15,114014,114014,1399-6-18
235,ثزاگرس,سرمايه گذاري توسعه عمران زاگرس,127,166270,4104516866,25424,24662,24662,-762,-3.0,25266,-158,-0.62,24662,25423,1399-6-18
236,تصميم,صندوق س با درآمد ثابت تصميم,127,1733969,25105734630,14520,14500,14460,-60,-0.41,14480,-40,-0.28,14450,14510,1399-6-18
237,كابگن,توليدي و صنعتي آبگينه‌,126,969255,4251963751,4346,4389,4389,43,0.99,4380,34,0.78,4303,4389,1399-6-18
238,سنفت004,سلف موازي استاندارد سنفت004,124,24347550,24999991297350,1026797,1026797,1026797,0,0.0,1026797,0,0.0,1026797,1026797,1399-6-18
239,وسكاب,س.ص.بازنشستگي كاركنان بانكها,123,851111,5898199230,7290,6930,6930,-360,-4.94,7250,-40,-0.55,6930,6930,1399-6-18
240,آساميد,صندوق س.مشترك آسمان اميد -د,122,4455613,47375239069,10626,10656,10640,14,0.13,10633,7,0.07,10627,10658,1399-6-18
241,دروز,داروسازي‌ روزدارو,121,1006057,21117136430,22090,20990,20990,-1100,-4.98,21600,-490,-2.22,20990,20990,1399-6-18
242,وساپا,سرمايه‌گذاري‌ سايپا,120,214145,2835279800,13930,13240,13240,-690,-4.95,13900,-30,-0.22,13240,13240,1399-6-18
243,افران,صندوق س افرا نماد پايدار-ثابت,120,5246389,61071942740,11670,11670,11640,-30,-0.26,11640,-30,-0.26,11640,11670,1399-6-18
244,همراه,شركت ارتباطات سيار ايران,120,65725,2864295500,45870,43580,43580,-2290,-4.99,45790,-80,-0.17,43580,43580,1399-6-18
245,فرابورس,فرابورس ايران,120,137528,6050406832,46309,43994,43994,-2315,-5.0,46025,-284,-0.61,43994,43994,1399-6-18
246,ثشاهد,سرمايه‌ گذاري‌ شاهد,119,45837,2556329490,58700,55770,55770,-2930,-4.99,58620,-80,-0.14,55770,55770,1399-6-18
247,خراسان,پتروشيمي خراسان,119,576195,43888773150,80170,76170,76170,-4000,-4.99,76950,-3220,-4.02,76170,76170,1399-6-18
248,رمپنا,گروه مپنا (سهامي عام),118,2039013,66818456010,34490,32770,32770,-1720,-4.99,33380,-1110,-3.22,32770,32770,1399-6-18
249,كرمان,س. توسعه و عمران استان كرمان,117,87180,8674933080,104743,99506,99506,-5237,-5.0,103715,-1028,-0.98,99506,99506,1399-6-18
250,وسينا,بانك سينا,114,2075738,26652475920,13510,12840,12840,-670,-4.96,13160,-350,-2.59,12840,12840,1399-6-18
251,كبافق,معادن‌ بافق‌,112,95597,3664233010,40340,38330,38330,-2010,-4.98,40180,-160,-0.4,38330,38330,1399-6-18
252,فاراك,ماشين‌ سازي‌ اراك‌,112,140947,1684316650,12570,11950,11950,-620,-4.93,12550,-20,-0.16,11950,11950,1399-6-18
253,تاصيكو,سرمايه گذاري صدرتامين,110,1222550,14792855000,12730,12100,12100,-630,-4.95,12640,-90,-0.71,12100,12100,1399-6-18
254,حآسا,آسيا سير ارس,109,548884,7125063204,13664,12981,12981,-683,-5.0,13556,-108,-0.79,12981,12981,1399-6-18
255,سدشت,صنايع سيمان دشتستان,106,59025,2061858590,36550,34740,35120,-1430,-3.91,36480,-70,-0.19,34730,35960,1399-6-18
256,الماس,صندوق س.امين تدبيرگران فردا-س,106,39176,4730332266,125711,121100,119000,-6711,-5.34,120746,-4965,-3.95,113000,123990,1399-6-18
257,ارمغان,ص سرمايه گذاري ارمغان ايرانيان,105,2029262,20338137510,10030,10030,10020,-10,-0.1,10020,-10,-0.1,10010,10050,1399-6-18
258,كحافظ,كاشي‌ وسراميك‌ حافظ‌,105,499471,7142435300,15050,14300,14300,-750,-4.98,14930,-120,-0.8,14300,14300,1399-6-18
259,تماوند,تامين سرمايه دماوند,104,5027130,72923547780,14954,14506,14506,-448,-3.0,14506,-448,-3.0,14506,14506,1399-6-18
260,شبهرن,نفت‌ بهران‌,104,180003,12828813810,75020,71270,71270,-3750,-5.0,74370,-650,-0.87,71270,71270,1399-6-18
261,پارسيان,بيمه پارسيان,103,597852,8256336120,14530,13810,13810,-720,-4.96,14390,-140,-0.96,13810,13810,1399-6-18
262,وتوكا,سرمايه‌گذاري‌توكافولاد(هلدينگ,103,1681188,18728434320,11720,11140,11140,-580,-4.95,11460,-260,-2.22,11140,11140,1399-6-18
263,دانا,بيمه دانا,102,3052786,25399179520,8750,8320,8320,-430,-4.91,8510,-240,-2.74,8320,8320,1399-6-18
264,وپست,پست بانك ايران,100,1269508,16275092560,13490,12820,12820,-670,-4.97,13240,-250,-1.85,12820,12820,1399-6-18
265,كرازي,كارخانجات‌توليدي‌شيشه‌رازي‌,99,473737,9455790520,21010,19960,19960,-1050,-5.0,20800,-210,-1.0,19960,19960,1399-6-18
266,حريل,ريل پردازسير,98,347185,1723426340,5225,4964,4964,-261,-5.0,5215,-10,-0.19,4964,4964,1399-6-18
267,خبهمن,گروه‌بهمن‌,96,62520,1903734000,32050,30450,30450,-1600,-4.99,32020,-30,-0.09,30450,30450,1399-6-18
268,دعبيد,لابراتوارداروسازي‌  دكترعبيدي‌,95,71273,2337754400,34520,32800,32800,-1720,-4.98,34450,-70,-0.2,32800,32800,1399-6-18
269,زكوثر,سرمايه گذاري كشاورزي كوثر,93,140522,3291025240,24650,23420,23420,-1230,-4.99,24560,-90,-0.37,23420,23420,1399-6-18
270,اخزا811,اسنادخزانه-م11بودجه98-001013,90,120443,96442035096,799417,795100,798006,-1411,-0.18,800728,1311,0.16,795100,809998,1399-6-18
271,وپترو,سرمايه‌گذاري صنايع پتروشيمي‌,89,551514,9116526420,17390,16530,16530,-860,-4.95,17220,-170,-0.98,16530,16530,1399-6-18
272,بموتو,موتوژن‌,87,652425,29711434500,47930,45540,45540,-2390,-4.99,46360,-1570,-3.28,45540,45540,1399-6-18
273,شپديس,پتروشيمي پرديس,86,103362,10352737920,105430,100160,100160,-5270,-5.0,104870,-560,-0.53,100160,100160,1399-6-18
274,ثفارس,عمران‌وتوسعه‌فارس‌,86,200726,2326414340,12190,11590,11590,-600,-4.92,12160,-30,-0.25,11590,11590,1399-6-18
275,فجر,فولاد اميركبيركاشان,85,202268,10050696920,52300,49690,49690,-2610,-4.99,51770,-530,-1.01,49690,49690,1399-6-18
276,هاي وب,داده گسترعصرنوين-هاي وب,83,95615,2987012600,32880,31240,31240,-1640,-4.99,32780,-100,-0.3,31240,31240,1399-6-18
277,سخند,صندوق س.سپهرخبرگان نفت-د,82,167340,1674238770,10009,10005,10001,-8,-0.08,10005,-4,-0.04,10000,10040,1399-6-18
278,آسيا,بيمه آسيا,81,115439,3381208310,30830,29290,29290,-1540,-5.0,30710,-120,-0.39,29290,29290,1399-6-18
279,خزاميا,زامياد,80,82468,1552047760,19810,18820,18820,-990,-5.0,19780,-30,-0.15,18820,18820,1399-6-18
280,ضصاد8024,اختيارخ وبصادر-5500-1399/08/11,79,1867,239359000,198,150,140,-58,-29.29,128,-70,-35.35,101,190,1399-6-18
281,زعف9908پ05,زعفران9908نگين زرين(پ),79,29430,2694948243,95785,92501,93000,-2785,-2.91,91571,-4214,-4.4,90941,93200,1399-6-18
282,سفارس,سيمان فارس و خوزستان,78,160733,2862654730,18740,17810,17810,-930,-4.96,18680,-60,-0.32,17810,17810,1399-6-18
283,اخزا814,اسنادخزانه-م14بودجه98-010318,78,65133,48174383493,741265,740000,737500,-3765,-0.51,739631,-1634,-0.22,737500,741000,1399-6-18
284,ضچاد7024,اختيارخ كچاد-23300-1399/07/07,76,1753,395017000,386,265,324,-62,-16.06,225,-161,-41.71,170,400,1399-6-18
285,ستران,سيمان‌ تهران‌,76,29271,1303144920,46860,44520,44520,-2340,-4.99,46790,-70,-0.15,44520,44520,1399-6-18
286,اخزا703,اسنادخزانه-م3بودجه97-990721,76,84035,82643090973,982878,984999,983600,722,0.07,983437,559,0.06,983065,984999,1399-6-18
287,اخزا817,اسنادخزانه-م17بودجه98-010512,75,154875,111469416621,719187,719990,718750,-437,-0.06,719738,551,0.08,715259,721000,1399-6-18
288,ضجار7022,اختيارخ وتجارت-2800-1399/07/22,75,2139,907529000,569,450,420,-149,-26.19,424,-145,-25.48,400,465,1399-6-18
289,مرقام,ايران‌ارقام‌,74,42264,1229037120,30610,29080,29080,-1530,-5.0,30570,-40,-0.13,29080,29080,1399-6-18
290,خصدرا,صنعتي‌ دريايي‌ ايران‌,74,181065,1269808845,7229,7013,7013,-216,-2.99,7225,-4,-0.06,7013,7013,1399-6-18
291,داوه,داروسازي آوه سينا,74,99351,2051002044,21730,20644,20644,-1086,-5.0,21681,-49,-0.23,20644,20644,1399-6-18
292,رانفور,خدمات‌انفورماتيك‌,73,125220,3740321400,31440,29870,29870,-1570,-4.99,31370,-70,-0.22,29870,29870,1399-6-18
293,كوير,توليدي فولاد سپيد فراب كوير,72,544921,8582505750,16570,15750,15750,-820,-4.95,16470,-100,-0.6,15750,15750,1399-6-18
294,كهرام,توليدي گرانيت بهسرام,72,257385,14651898510,55268,56926,56926,1658,3.0,56335,1067,1.93,56926,56926,1399-6-18
295,اخزا812,اسنادخزانه-م12بودجه98-001111,72,172128,136052661985,790693,788000,790000,-693,-0.09,790416,-277,-0.04,784310,794497,1399-6-18
296,خكرمان,گروه اقتصادي كرمان خودرو,71,674563,5441699721,8316,8067,8067,-249,-2.99,8238,-78,-0.94,8067,8067,1399-6-18
297,غبشهر,صنعتي‌ بهشهر,71,757241,16242819450,22570,21450,21450,-1120,-4.96,22130,-440,-1.95,21450,21450,1399-6-18
298,وسديد,گروه ‌صنعتي‌سديد,70,119866,3203658582,27553,26727,26727,-826,-3.0,27491,-62,-0.23,26727,26727,1399-6-18
299,تسه9805,امتياز تسهيلات مسكن مرداد98,70,421,329906508,761919,800000,800014,38095,5.0,783626,21707,2.85,747000,800014,1399-6-18
300,سخاش,سيمان‌خاش‌,70,33025,2580243250,82240,78130,78130,-4110,-5.0,82010,-230,-0.28,78130,78130,1399-6-18
301,البرز,بيمه البرز,69,148590,2178329400,15430,14660,14660,-770,-4.99,15390,-40,-0.26,14660,14660,1399-6-18
302,تسه9804,امتياز تسهيلات مسكن تير98,68,775,593457490,754513,765000,750000,-4513,-0.6,765752,11239,1.49,745000,792238,1399-6-18
303,دتوليد,داروسازي توليد دارو,68,154640,6399312480,43559,41382,41382,-2177,-5.0,43237,-322,-0.74,41382,41382,1399-6-18
304,وساخت,سرمايه‌ گذاري‌ ساختمان‌ايران‌,68,38073,1648560900,45570,43300,43300,-2270,-4.98,45480,-90,-0.2,43300,43300,1399-6-18
305,اخزا816,اسنادخزانه-م16بودجه98-010503,67,83463,60289352143,723098,720500,723965,867,0.12,722348,-750,-0.1,720500,724007,1399-6-18
306,زگلدشت,كشت و دام گلدشت نمونه اصفهان,66,41588,1794272672,45414,43144,43144,-2270,-5.0,45327,-87,-0.19,43144,43144,1399-6-18
307,فنفت,صنايع تجهيزات نفت,66,1056585,18789251055,18332,17783,17783,-549,-2.99,17783,-549,-2.99,17783,17783,1399-6-18
308,دزهراوي,داروسازي‌زهراوي‌,65,90550,1279471500,14870,14130,14130,-740,-4.98,14850,-20,-0.13,14130,14130,1399-6-18
309,كسرام,پارس‌ سرام‌,65,12153,1359799170,117770,111890,111890,-5880,-4.99,117600,-170,-0.14,111890,111890,1399-6-18
310,قثابت,قند ثابت‌ خراسان‌,65,25406,2605893420,107960,102570,102570,-5390,-4.99,107680,-280,-0.26,102570,102570,1399-6-18
311,وشهر,بانك شهر,65,290658,2855714850,10025,9825,9825,-200,-2.0,10016,-9,-0.09,9825,9825,1399-6-18
312,اوصتا,صندوق انديشه ورزان صباتامين -د,64,521504,8623150640,16528,16525,16600,72,0.44,16535,7,0.04,16495,16600,1399-6-18
313,وبوعلي,سرمايه‌گذاري‌بوعلي‌,63,417387,4073697120,10270,9760,9760,-510,-4.97,10220,-50,-0.49,9760,9760,1399-6-18
314,سيمرغ,سيمرغ,61,110361,2134381740,20350,19340,19340,-1010,-4.96,20300,-50,-0.25,19340,19340,1399-6-18
315,كالا,بورس كالاي ايران,61,77623,3229893030,43790,41610,41610,-2180,-4.98,43630,-160,-0.37,41610,41610,1399-6-18
316,اميد,تامين سرمايه اميد,60,837420,17024748600,21400,20330,20330,-1070,-5.0,21160,-240,-1.12,20330,20330,1399-6-18
317,پكوير,كوير تاير,60,45726,729786960,16800,15960,15960,-840,-5.0,16790,-10,-0.06,15960,15960,1399-6-18
318,زعف9908پ17,زعفران9908پوشالمعمول بيرجند(پ),59,17759,1171485760,65167,64000,66700,1533,2.35,65966,799,1.23,64000,66700,1399-6-18
319,اخزا821,اسنادخزانه-م21بودجه98-020906,59,89345,52184480209,583718,583000,584000,282,0.05,584078,360,0.06,583000,593000,1399-6-18
320,غويتا,ويتانا,59,30184,1779890112,62071,58968,58968,-3103,-5.0,61958,-113,-0.18,58968,58968,1399-6-18
321,شپلي,پلي اكريل ايران,59,367585,3589835110,10068,9766,9766,-302,-3.0,10010,-58,-0.58,9766,9766,1399-6-18
322,سشرق,سيمان‌ شرق‌,59,125077,1070659120,9010,8560,8560,-450,-4.99,9000,-10,-0.11,8560,8560,1399-6-18
323,شرانل,نفت ايرانول,56,38424,985191360,26989,25640,25640,-1349,-5.0,26960,-29,-0.11,25640,25640,1399-6-18
324,بكاب,صنايع‌جوشكاب‌يزد,56,22430,2880012000,135150,128400,128400,-6750,-4.99,134750,-400,-0.3,128400,128400,1399-6-18
325,حفارس,حمل و نقل بين المللي خليج فارس,54,178357,1043388450,6150,5850,5850,-300,-4.88,6140,-10,-0.16,5850,5850,1399-6-18
326,فاسمين,كالسيمين‌,53,26701,1596452790,62930,59790,59790,-3140,-4.99,62830,-100,-0.16,59790,59790,1399-6-18
327,معيار,سرمايه گذاري معيار صنعت پارس,53,55999,1679832648,30186,30789,29583,-603,-2.0,30155,-31,-0.1,29583,30789,1399-6-18
328,نوين,بيمه نوين,52,598565,4189356435,7367,6999,6999,-368,-5.0,7334,-33,-0.45,6999,6999,1399-6-18
329,قاسم,قاسم ايران,52,65025,1016405775,16453,15631,15631,-822,-5.0,16435,-18,-0.11,15631,15631,1399-6-18
330,زپارس,ملي كشت و صنعت و دامپروري پارس,52,241700,20268962000,88270,83860,83860,-4410,-5.0,86290,-1980,-2.24,83860,83860,1399-6-18
331,ونچر,ص.ج.فيروزه10%تاديه,51,121650,23681694050,177003,194703,194703,17700,10.0,194671,17668,9.98,194000,194703,1399-6-18
332,فباهنر,مس‌ شهيدباهنر,51,21391,1164098220,57280,54420,54420,-2860,-4.99,57210,-70,-0.12,54420,54420,1399-6-18
333,ريشمك,توليد و صادرات ريشمك,50,68545,2256844125,34657,32925,32925,-1732,-5.0,34567,-90,-0.26,32925,32925,1399-6-18
334,اخزا809,اسنادخزانه-م9بودجه98-000923,49,105116,84808875501,805955,803176,807001,1046,0.13,806812,857,0.11,803175,808000,1399-6-18
335,ساوه,سيمان ساوه,49,11293,888567119,82824,78683,78683,-4141,-5.0,82745,-79,-0.1,78683,78683,1399-6-18
336,فزرين,زرين معدن آسيا,49,56022,1101784674,20702,19667,19667,-1035,-5.0,20675,-27,-0.13,19667,19667,1399-6-18
337,سمتاز,سيمان ممتازان كرمان,49,176844,3882613055,22634,21955,21955,-679,-3.0,22494,-140,-0.62,21955,21956,1399-6-18
338,ميدكو,هلدينگ صنايع  معدني خاورميانه,48,64337,1348246172,22058,20956,20956,-1102,-5.0,22045,-13,-0.06,20956,20956,1399-6-18
339,وملل,اعتباري ملل,48,134425,1977795025,15487,14713,14713,-774,-5.0,15461,-26,-0.17,14713,14713,1399-6-18
340,شساخت,مهندسي و ساختمان صنايع نفت,47,1024766,44396962184,44663,43324,43324,-1339,-3.0,43324,-1339,-3.0,43324,43324,1399-6-18
341,فسازان,غلتك سازان سپاهان,47,244280,9050574000,39000,37050,37050,-1950,-5.0,38630,-370,-0.95,37050,37050,1399-6-18
342,اخزا820,اسنادخزانه-م20بودجه98-020806,47,128737,76078876657,592123,596900,591000,-1123,-0.19,590964,-1159,-0.2,590000,596900,1399-6-18
343,قصفها,قنداصفهان‌,47,3486,689739960,208270,197860,197860,-10410,-5.0,208110,-160,-0.08,197860,197860,1399-6-18
344,وملي,گروه‌ صنعتي‌ ملي‌ (هلدينگ‌,47,2413,1465149470,639140,607190,607190,-31950,-5.0,638360,-780,-0.12,607190,607190,1399-6-18
345,نمرينو,ايران‌ مرينوس‌,47,20580,1546587000,79100,75150,75150,-3950,-4.99,78970,-130,-0.16,75150,75150,1399-6-18
346,غنوش,نوش‌ مازندران‌,46,13086,1207314360,97110,92260,92260,-4850,-4.99,96970,-140,-0.14,92260,92260,1399-6-18
347,كلر,كلر پارس,46,26515,1900462625,75447,71675,71675,-3772,-5.0,75284,-163,-0.22,71675,71675,1399-6-18
348,اخزا806,اسنادخزانه-م6بودجه98-000519,46,55051,47069471170,854475,854480,855003,528,0.06,855016,541,0.06,854479,856000,1399-6-18
349,كماسه,تامين‌ ماسه‌ ريخته‌گري‌,46,13977,1030663980,77620,73740,73740,-3880,-5.0,77530,-90,-0.12,73740,73740,1399-6-18
350,ثباغ,شهر سازي و خانه سازي باغميشه,45,2414620,40408665700,17615,16735,16735,-880,-5.0,16744,-871,-4.94,16735,16735,1399-6-18
351,ضجار7036,اختيارخ وتجارت-6500-1399/07/22,45,1085,56535000,70,50,53,-17,-24.29,52,-18,-25.71,46,55,1399-6-18
352,لكما,كارخانجات‌مخابراتي‌ايران‌,45,381483,4688807553,12671,12291,12291,-380,-3.0,12579,-92,-0.73,12291,12291,1399-6-18
353,اخزا813,اسنادخزانه-م13بودجه98-010219,44,49030,36826654272,748342,750201,752000,3658,0.49,751104,2762,0.37,748637,752000,1399-6-18
354,كهمدا,شيشه‌ همدان‌,43,34441,824517540,25200,23940,23940,-1260,-5.0,25180,-20,-0.08,23940,23940,1399-6-18
355,دتوزيع,توزيع دارو پخش,43,12847,740526774,60675,57642,57642,-3033,-5.0,60627,-48,-0.08,57642,57642,1399-6-18
356,كمنگنز,معادن‌منگنزايران‌,43,359221,31941931320,93600,88920,88920,-4680,-5.0,90210,-3390,-3.62,88920,88920,1399-6-18
357,ورنا,سرمايه‌گذاري‌ رنا(هلدينگ‌,43,47491,591737860,13110,12460,12460,-650,-4.96,13100,-10,-0.08,12460,12460,1399-6-18
358,ما,بيمه  ما,42,284957,2031743410,7500,7130,7130,-370,-4.93,7480,-20,-0.27,7130,7130,1399-6-18
359,سمازن,سيمان‌مازندران‌,42,59870,653181700,11480,10910,10910,-570,-4.97,11470,-10,-0.09,10910,10910,1399-6-18
360,واحيا,م .صنايع و معادن احياء سپاهان,41,54380,11836078900,224386,217655,217655,-6731,-3.0,223471,-915,-0.41,217655,217655,1399-6-18
361,سخواف,سيمان مجد خواف,41,1605068,28674539820,18805,17865,17865,-940,-5.0,17865,-940,-5.0,17865,17865,1399-6-18
362,دالبر,البرزدارو,41,112022,2377106840,22330,21220,21220,-1110,-4.97,22270,-60,-0.27,21220,21220,1399-6-18
363,كتوكا,توليدي و خدمات صنايع نسوز توكا,41,6618,1013659206,161228,153167,153167,-8061,-5.0,161055,-173,-0.11,153167,153167,1399-6-18
364,اراد49,مرابحه عام دولت4-ش.خ 0206,40,5720000,5345854800000,934210,934590,934590,380,0.04,934590,380,0.04,934590,934590,1399-6-18
365,غمارگ,مارگارين‌,40,58544,1849990400,33260,31600,31600,-1660,-4.99,33190,-70,-0.21,31600,31600,1399-6-18
366,غشهد,شهد ايران ‌,40,72786,623048160,9010,8560,8560,-450,-4.99,9000,-10,-0.11,8560,8560,1399-6-18
367,لپارس,پارس‌ الكتريك‌,40,2860,1162246800,427760,406380,406380,-21380,-5.0,427250,-510,-0.12,406380,406380,1399-6-18
368,توريل,توکاريل,40,59819,1026733316,18067,17164,17164,-903,-5.0,18046,-21,-0.12,17164,17164,1399-6-18
369,سامان,بانك سامان,39,65907,998095608,15612,15144,15144,-468,-3.0,15602,-10,-0.06,15144,15144,1399-6-18
370,كسرا,سراميك‌هاي‌صنعتي‌اردكان‌,39,31241,867562570,29230,27770,27770,-1460,-4.99,29200,-30,-0.1,27770,27770,1399-6-18
371,داناح,ح . بيمه دانا,38,146604,809782050,5550,5600,5400,-150,-2.7,5520,-30,-0.54,5400,5600,1399-6-18
372,سپاها,سيمان‌سپاهان‌,38,40820,426569000,11000,10450,10450,-550,-5.0,10990,-10,-0.09,10450,10450,1399-6-18
373,حبندر,دريايي و کشتيراني خط دريابندر,37,99812,2525243600,26082,25300,25300,-782,-3.0,25980,-102,-0.39,25300,25300,1399-6-18
374,شتولي,تولي‌پرس‌,36,141541,2556372001,18429,18061,18061,-368,-2.0,18334,-95,-0.52,18061,18061,1399-6-18
375,اطلس2,صندوق س.توسعه اندوخته آينده-س,36,360000,360000,192746,1,1,-192745,-100.0,1,-192745,-100.0,1,1,1399-6-18
376,دجابر,داروسازي‌ جابرابن‌حيان‌,36,1007936,45548627840,47560,45190,45190,-2370,-4.98,45190,-2370,-4.98,45190,45190,1399-6-18
377,حتايد,تايدواترخاورميانه,36,128172,2790304440,22910,21770,21770,-1140,-4.98,22830,-80,-0.35,21770,21770,1399-6-18
378,ضجار7024,اختيارخ وتجارت-3200-1399/07/22,36,1371,321154000,404,200,310,-94,-23.27,234,-170,-42.08,200,349,1399-6-18
379,پرديس,سرمايه گذاري پرديس,35,131337,1216180620,9740,9260,9260,-480,-4.93,9730,-10,-0.1,9260,9260,1399-6-18
380,ثجوان,تامين مسكن جوانان,35,626176,6091440128,10240,9728,9728,-512,-5.0,10065,-175,-1.71,9728,9728,1399-6-18
381,وصنا,گروه‌صنايع‌بهشهرايران‌,35,61055,710680200,12250,11640,11640,-610,-4.98,12240,-10,-0.08,11640,11640,1399-6-18
382,گكوثر,هتل پارسيان كوثر اصفهان,35,4545,972270945,225179,213921,213921,-11258,-5.0,224939,-240,-0.11,213921,213921,1399-6-18
383,سدبير,س. تدبيرگران فارس وخوزستان,34,78207,2093366769,28175,26767,26767,-1408,-5.0,28115,-60,-0.21,26767,26767,1399-6-18
384,قجام,فرآوردههاي غذايي وقندتربت‌جام‌,34,106399,2392062318,23177,22482,22482,-695,-3.0,23095,-82,-0.35,22482,22482,1399-6-18
385,سبهان,سيمان‌ بهبهان‌,34,26652,1541818200,60890,57850,57850,-3040,-4.99,60790,-100,-0.16,57850,57850,1399-6-18
386,زشگزا,شير و گوشت زاگرس شهركرد,33,6096,636818640,109963,104465,104465,-5498,-5.0,109887,-76,-0.07,104465,104465,1399-6-18
387,اپرداز,آتيه داده پرداز,33,422502,12143552484,30254,28742,28742,-1512,-5.0,29848,-406,-1.34,28742,28742,1399-6-18
388,ضجار7023,اختيارخ وتجارت-3000-1399/07/22,33,698,234576000,377,300,350,-27,-7.16,336,-41,-10.88,290,500,1399-6-18
389,دامين,داروسازي‌ امين‌,33,48128,684380160,14960,14220,14220,-740,-4.95,14950,-10,-0.07,14220,14220,1399-6-18
390,تبرك,گروه كارخانجات صنعتي تبرك,33,10959,352835964,33890,32196,32196,-1694,-5.0,33877,-13,-0.04,32196,32196,1399-6-18
391,زعف9908پ14,زعفران9908پوشالمعمول نوين(پ),32,4672,307819552,65734,64110,68838,3104,4.72,65886,152,0.23,64110,68884,1399-6-18
392,اخزا818,اسنادخزانه-م18بودجه98-010614,32,29340,20769539273,708784,710000,707002,-1782,-0.25,707892,-892,-0.13,705934,710000,1399-6-18
393,وآرينح,ح. شركت توسعه اقتصادي آرين,32,147328,581061632,4065,3944,3944,-121,-2.98,3944,-121,-2.98,3944,3944,1399-6-18
394,قشرين,قند شيرين خراسان,32,87243,2105173590,24876,24130,24130,-746,-3.0,24797,-79,-0.32,24130,24130,1399-6-18
395,خمهر,مهركام‌پارس‌,32,50230,451065400,9450,8980,8980,-470,-4.97,9450,0,0.0,8980,8980,1399-6-18
396,زعف9908پ09,زعفران9908نگين نوين(پ),31,15049,1371807572,94500,91150,90961,-3539,-3.74,91156,-3344,-3.54,90950,92000,1399-6-18
397,خاهن,آهنگري‌ تراكتورسازي‌ ايران‌,31,54015,1523763150,29690,28210,28210,-1480,-4.98,29640,-50,-0.17,28210,28210,1399-6-18
398,فاهواز,نورد و لوله اهواز,31,43068,946117824,22416,21968,21968,-448,-2.0,22407,-9,-0.04,21968,21968,1399-6-18
399,ولشرق,ليزينگ ايران و شرق,30,365925,3626316750,10431,9910,9910,-521,-4.99,10387,-44,-0.42,9910,9910,1399-6-18
400,ثمسكن,سرمايه‌گذاري‌ مسكن‌,30,66669,573353400,9050,8600,8600,-450,-4.97,9040,-10,-0.11,8600,8600,1399-6-18
401,شپترو,پتروشيمي آبادان,30,114903,908423118,8150,7906,7906,-244,-2.99,8138,-12,-0.15,7906,7906,1399-6-18
402,داريك,صندوق س.اعتماد داريك-د,29,151651,1501011943,9948,9940,9890,-58,-0.58,9898,-50,-0.5,9890,9960,1399-6-18
403,اخزا704,اسنادخزانه-م4بودجه97-991022,29,76128,72143084990,944681,946000,947750,3069,0.32,947655,2974,0.31,946000,948000,1399-6-18
404,درهآور,دارويي ره آورد تامين,29,28022,931675456,34997,33248,33248,-1749,-5.0,34961,-36,-0.1,33248,33248,1399-6-18
405,ثتران,سرمايه گذاري مسكن تهران,29,33090,321833340,10237,9726,9726,-511,-4.99,10233,-4,-0.04,9726,9726,1399-6-18
406,بزاگرسح,ح . نيروگاه زاگرس كوثر,29,33610,302120290,9462,8989,8989,-473,-5.0,8989,-473,-5.0,8989,8989,1399-6-18
407,وكار,بانك‌ كارآفرين‌,29,32418,440560620,14300,13590,13590,-710,-4.97,14290,-10,-0.07,13590,13590,1399-6-18
408,ودي,بيمه  دي,28,32921,764985277,24459,23237,23237,-1222,-5.0,24438,-21,-0.09,23237,23237,1399-6-18
409,رنيك,جنرال مكانيك,28,15011,411526565,28857,27415,27415,-1442,-5.0,28843,-14,-0.05,27415,27415,1399-6-18
410,كيميا,معدني كيمياي زنجان گستران,28,28683,946395585,34731,32995,32995,-1736,-5.0,34694,-37,-0.11,32995,32995,1399-6-18
411,چدن,توليدي چدن سازان,28,44172,1377282960,32820,31180,31180,-1640,-5.0,32770,-50,-0.15,31180,31180,1399-6-18
412,فولاي,صنايع فولاد آلياژي يزد,28,12057,640238757,55895,53101,53101,-2794,-5.0,55857,-38,-0.07,53101,53101,1399-6-18
413,خاور,ايران خودرو ديزل,28,60293,471973604,8070,7828,7828,-242,-3.0,8064,-6,-0.07,7828,7828,1399-6-18
414,فپنتا,سپنتا,28,1664,472459520,298870,283930,283930,-14940,-5.0,298730,-140,-0.05,283930,283930,1399-6-18
415,فسرب,ملي‌ سرب‌وروي‌ ايران‌,27,15221,1943721700,134420,127700,127700,-6720,-5.0,134120,-300,-0.22,127700,127700,1399-6-18
416,ثعمرا,عمران و توسعه شاهد,27,20681,571498754,29088,27634,27634,-1454,-5.0,29070,-18,-0.06,27634,27634,1399-6-18
417,ثقزوي,شركت عمران و سازندگي قزوين,27,66995,1194453855,18380,17829,17829,-551,-3.0,18345,-35,-0.19,17829,17829,1399-6-18
418,غشوكوح,ح . شوكو پارس,27,40141,874792813,22467,21793,21793,-674,-3.0,21793,-674,-3.0,21793,21793,1399-6-18
419,وپخش,داروپخش‌ (هلدينگ‌,27,3539,417248100,124100,117900,117900,-6200,-5.0,124040,-60,-0.05,117900,117900,1399-6-18
420,سرود,سيمان‌شاهرود,27,579260,9702605000,17630,16750,16750,-880,-4.99,17440,-190,-1.08,16750,16750,1399-6-18
421,ركيش,كارت اعتباري ايران كيش,27,1007417,19745373200,20630,19600,19600,-1030,-4.99,20170,-460,-2.23,19600,19600,1399-6-18
422,زدشت,كشت و صنعت دشت خرم دره,27,16273,869596574,56250,53438,53438,-2812,-5.0,56194,-56,-0.1,53438,53438,1399-6-18
423,ثنوسا,نوسازي‌وساختمان‌تهران‌,27,133967,1781761100,14000,13300,13300,-700,-5.0,13970,-30,-0.21,13300,13300,1399-6-18
424,دسانكو,داروسازي سبحان انكولوژي,27,329757,6487968975,20710,19675,19675,-1035,-5.0,20557,-153,-0.74,19675,19675,1399-6-18
425,تكمبا,كمباين‌ سازي‌ ايران‌,26,27569,305188830,11650,11070,11070,-580,-4.98,11650,0,0.0,11070,11070,1399-6-18
426,اخزا807,اسنادخزانه-م7بودجه98-000719,26,32979,27383907228,830568,830568,831000,432,0.05,830344,-224,-0.03,828562,831000,1399-6-18
427,سفانو,سيمان فارس نو,26,49436,1457867640,31040,29490,29490,-1550,-4.99,30990,-50,-0.16,29490,29490,1399-6-18
428,وتوصا,گروه س توسعه صنعتي ايران,26,38538,608129640,16610,15780,15780,-830,-5.0,16600,-10,-0.06,15780,15780,1399-6-18
429,شاملا,معدني‌ املاح‌  ايران‌,26,30039,2242411350,78570,74650,74650,-3920,-4.99,78200,-370,-0.47,74650,74650,1399-6-18
430,زعف9908پ08,زعفران9908نگين روستا(پ),26,10841,986256725,95715,91400,90941,-4774,-4.99,90975,-4740,-4.95,90941,91400,1399-6-18
431,زبينا,كشاورزي و دامپروري بينالود,26,11897,689466841,61003,57953,57953,-3050,-5.0,60959,-44,-0.07,57953,57953,1399-6-18
432,خشرق,الكتريك‌ خودرو شرق‌,26,23203,465916240,21130,20080,20080,-1050,-4.97,21120,-10,-0.05,20080,20080,1399-6-18
433,لابسا,آبسال‌,25,25970,962448200,39010,37060,37060,-1950,-5.0,38970,-40,-0.1,37060,37060,1399-6-18
434,وليز,ليزينگ‌ايران‌,25,43310,475543800,11550,10980,10980,-570,-4.94,11540,-10,-0.09,10980,10980,1399-6-18
435,وايران,ليزينگ ايرانيان,25,57391,725422240,13300,12640,12640,-660,-4.96,13290,-10,-0.08,12640,12640,1399-6-18
436,غديس,پاكديس,25,16092,646061616,42261,40148,40148,-2113,-5.0,42231,-30,-0.07,40148,40148,1399-6-18
437,شجم,صنايع پتروشيمي تخت جمشيد,25,570996,6010874892,10852,10527,10527,-325,-2.99,10781,-71,-0.65,10527,10527,1399-6-18
438,اخزا721,اسنادخزانه-م21بودجه97-000728,25,90189,74684264316,831695,826000,826501,-5194,-0.62,828086,-3609,-0.43,826000,831600,1399-6-18
439,بزاگرس,نيروگاه زاگرس كوثر,24,21316,356531416,17606,16726,16726,-880,-5.0,17599,-7,-0.04,16726,16726,1399-6-18
440,واتي,سرمايه‌ گذاري‌ آتيه‌ دماوند,24,138760,1987043200,15070,14320,14320,-750,-4.98,15040,-30,-0.2,14320,14320,1399-6-18
441,غصينو,صنعتي مينو,24,25102,875909188,35973,34894,34894,-1079,-3.0,35957,-16,-0.04,34894,34894,1399-6-18
442,غگرجي,بيسكويت‌  گرجي‌,24,113930,4799870900,44340,42130,42130,-2210,-4.98,44110,-230,-0.52,42130,42130,1399-6-18
443,فاما,صنعتي‌ آما,24,101838,2001116700,20680,19650,19650,-1030,-4.98,20630,-50,-0.24,19650,19650,1399-6-18
444,وزمين,بانك ايران زمين,24,44182,866585748,20014,19614,19614,-400,-2.0,20003,-11,-0.05,19614,19614,1399-6-18
445,قچار,فراوردههاي غذايي وقند چهارمحال,24,5180,882350840,179303,170338,170338,-8965,-5.0,179137,-166,-0.09,170338,170338,1399-6-18
446,شجمح,ح. صنايع پتروشيمي تخت جمشيد,24,35337,275204556,8028,7788,7788,-240,-2.99,7788,-240,-2.99,7788,7788,1399-6-18
447,فنورد,نوردوقطعات‌ فولادي‌,24,68624,8220468960,114090,119790,119790,5700,5.0,114970,880,0.77,119790,119790,1399-6-18
448,زعف9908پ15,زعفران9908پوشالمعمول طلاسرخ(پ),24,2841,187824877,64701,62530,67000,2299,3.55,66112,1411,2.18,62530,67700,1399-6-18
449,ضفلا8085,اختيارخ فولاد-16775-1399/08/28,23,653,1853230000,4000,3000,2600,-1400,-35.0,2838,-1162,-29.05,2500,3100,1399-6-18
450,اخزا810,اسنادخزانه-م10بودجه98-001006,23,67105,53992653040,800587,805000,800012,-575,-0.07,804600,4013,0.5,800000,806000,1399-6-18
451,بالبر,كابل‌ البرز,23,135085,3744556200,29170,27720,27720,-1450,-4.97,29060,-110,-0.38,27720,27720,1399-6-18
452,وتوس,توسعه‌شهري‌توس‌گستر,23,19176,690719520,37910,36020,36020,-1890,-4.99,37880,-30,-0.08,36020,36020,1399-6-18
453,زنجان,صنايع كشاورزي وكود زنجان,23,36690,294290490,8269,8021,8021,-248,-3.0,8265,-4,-0.05,8021,8021,1399-6-18
454,حپارسا,توسعه حمل و نقل ريلي پارسيان,23,15162,540464652,37522,35646,35646,-1876,-5.0,37499,-23,-0.06,35646,35646,1399-6-18
455,غدشت,دشت‌ مرغاب‌,23,13050,4031667000,325190,308940,308940,-16250,-5.0,323730,-1460,-0.45,308940,308940,1399-6-18
456,بخاور,بيمه زندگي خاورميانه,23,125775,1006200000,8421,8000,8000,-421,-5.0,8413,-8,-0.1,8000,8000,1399-6-18
457,فسپا,گروه‌صنعتي‌سپاهان‌,23,7375,387335000,55280,52520,52520,-2760,-4.99,55260,-20,-0.04,52520,52520,1399-6-18
458,دتماد,توليدمواداوليه‌داروپخش‌,23,17711,687895240,40880,38840,38840,-2040,-4.99,40850,-30,-0.07,38840,38840,1399-6-18
459,غشان,شيرپاستوريزه‌پگاه‌خراسان‌,23,6465,398567250,64890,61650,61650,-3240,-4.99,64860,-30,-0.05,61650,61650,1399-6-18
460,تملي704,تسهيلات مسكن ب. ملي-تير97,23,236,119360552,483397,505710,507566,24169,5.0,505765,22368,4.63,505710,507566,1399-6-18
461,پلوله,گازلوله‌,23,324399,6287177019,19190,19381,19381,191,1.0,19381,191,1.0,19381,19381,1399-6-18
462,شكربن,كربن‌ ايران‌,23,12238,837813480,72060,68460,68460,-3600,-5.0,71990,-70,-0.1,68460,68460,1399-6-18
463,آبين,كشت و صنعت آبشيرين,22,80193,389176629,5003,4853,4853,-150,-3.0,5000,-3,-0.06,4853,4853,1399-6-18
464,غمينو,شركت صنايع غذايي مينو شرق,22,34246,563552176,17322,16456,16456,-866,-5.0,17311,-11,-0.06,16456,16456,1399-6-18
465,شپارس,بين‌ المللي‌ محصولات‌  پارس‌,22,676354,11477727380,17860,16970,16970,-890,-4.98,17640,-220,-1.23,16970,16970,1399-6-18
466,اراد45,مرابحه عام دولت4-ش.خ 0107,21,3396724,3224000584600,948750,949150,949150,400,0.04,949150,400,0.04,949150,949150,1399-6-18
467,غفارس,شير پاستوريزه پگاه فارس,21,27279,290439513,11207,10647,10647,-560,-5.0,11203,-4,-0.04,10647,10647,1399-6-18
468,شصفها,پتروشيمي‌ اصفهان‌,21,124515,11377931670,93242,91378,91378,-1864,-2.0,91378,-1864,-2.0,91378,91378,1399-6-18
469,فسديد,لوله‌وتجهيزات‌ سديد - ورشكسته,21,59590,6618124990,109962,111061,111061,1099,1.0,111061,1099,1.0,111061,111061,1399-6-18
470,خزر,فنرسازي‌زر,21,33835,322785900,10040,9540,9540,-500,-4.98,10040,0,0.0,9540,9540,1399-6-18
471,اخزا624,اسنادخزانه-م24بودجه96-990625,21,4102,4084060256,995194,997000,995500,306,0.03,995627,433,0.04,995005,997920,1399-6-18
472,وسرمد,بيمه  سرمد,20,29913,239154435,8242,7995,7995,-247,-3.0,8239,-3,-0.04,7995,7995,1399-6-18
473,آگاس2,صندوق س.هستي بخش آگاه-س,20,2400000,2400000,284234,1,1,-284233,-100.0,1,-284233,-100.0,1,1,1399-6-18
474,پخش,پخش البرز,20,207430,6896840070,34998,33249,33249,-1749,-5.0,34718,-280,-0.8,33249,33249,1399-6-18
475,فروس,فروسيليس‌ ايران‌,20,21583,557488890,27180,25830,25830,-1350,-4.97,27160,-20,-0.07,25830,25830,1399-6-18
476,زعف9908پ16,زعفران9908نگين بيرجند(پ),20,10653,976645750,96389,91100,91000,-5389,-5.59,91678,-4711,-4.89,90941,92496,1399-6-18
477,خكاوه,سايپا ديزل,20,50671,361841611,7361,7141,7141,-220,-2.99,7357,-4,-0.05,7141,7141,1399-6-18
478,ثنور,سرمايه گذاري كوه نور,19,196618,1755798740,9206,8930,8930,-276,-3.0,9181,-25,-0.27,8930,8930,1399-6-18
479,پست9908-02,پسته فندقي32-30طلاسبززرند9908,19,236,293037189,1238336,1223477,1200001,-38335,-3.1,1241683,3347,0.27,1200001,1300252,1399-6-18
480,دبالك,مواد اوليه دارويي البرز بالك,19,79781,1604794815,21173,20115,20115,-1058,-5.0,21136,-37,-0.17,20115,20115,1399-6-18
481,ثغربح,ح.شركت سرمايه گذاري مسكن شمالغ,19,61073,574675970,9841,9841,9350,-491,-4.99,9410,-431,-4.38,9350,9841,1399-6-18
482,فسا,پتروشيمي فسا,19,40989,123376890,3103,3010,3010,-93,-3.0,3102,-1,-0.03,3010,3010,1399-6-18
483,خرينگ,رينگ‌سازي‌مشهد,19,27454,843112340,32320,30710,30710,-1610,-4.98,32290,-30,-0.09,30710,30710,1399-6-18
484,خوساز,محورسازان‌ايران‌خودرو,19,48447,503848800,10940,10400,10400,-540,-4.94,10930,-10,-0.09,10400,10400,1399-6-18
485,شلرد02,كود شيميايي اوره لردگان,19,6276,6266300000,1050000,1050000,991000,-59000,-5.62,998454,-51546,-4.91,991000,1155000,1399-6-18
486,شفا,سرمايه گذاري شفادارو,18,5351,289756650,56990,54150,54150,-2840,-4.98,56970,-20,-0.04,54150,54150,1399-6-18
487,سرو2,صندوق س سروسودمند مدبران-سهام,18,1800000,1800000,62650,1,1,-62649,-100.0,1,-62649,-100.0,1,1,1399-6-18
488,شلعاب,لعابيران‌,18,36651,1232206620,35380,33620,33620,-1760,-4.97,35330,-50,-0.14,33620,33620,1399-6-18
489,فرآور,فرآوري‌موادمعدني‌ايران‌,18,10158,266952240,27660,26280,26280,-1380,-4.99,27650,-10,-0.04,26280,26280,1399-6-18
490,زعف9908پ13,زعفران9908پوشالمعمول روستا(پ),18,2258,151114860,66434,63865,67000,566,0.85,66924,490,0.74,63865,67200,1399-6-18
491,ديران,ايران‌دارو,18,86226,2244462780,27390,26030,26030,-1360,-4.97,27320,-70,-0.26,26030,26030,1399-6-18
492,كقزوي,شيشه‌ قزوين‌,18,33282,352988892,10934,10606,10606,-328,-3.0,10928,-6,-0.05,10606,10606,1399-6-18
493,كيسون,شركت كيسون,18,13845,320622510,23874,23158,23158,-716,-3.0,23869,-5,-0.02,23158,23158,1399-6-18
494,زعف9908پ06,زعفران 9908پوشالمعمول زرين(پ),17,1432,94093225,64772,66500,66700,1928,2.98,65708,936,1.45,62888,66700,1399-6-18
495,ضجار7031,اختيارخ وتجارت-4600-1399/07/22,17,214,25470000,221,130,100,-121,-54.75,119,-102,-46.15,100,190,1399-6-18
496,سصوفي,سيمان‌ صوفيان‌,17,31189,679920200,22940,21800,21800,-1140,-4.97,22920,-20,-0.09,21800,21800,1399-6-18
497,وآذر,سرمايه‌گذاري‌توسعه‌آذربايجان‌,17,1942,247973980,134410,127690,127690,-6720,-5.0,134370,-40,-0.03,127690,127690,1399-6-18
498,اخزا723,اسنادخزانه-م23بودجه97-000824,17,7798,6390372199,822000,818001,818000,-4000,-0.49,819489,-2511,-0.31,817000,819999,1399-6-18
499,خاذين,سايپاآذين‌,17,39446,344758040,9200,8740,8740,-460,-5.0,9200,0,0.0,8740,8740,1399-6-18
500,شفارس,صنايع‌ شيميايي‌ فارس‌,17,7965,311750100,41190,39140,39140,-2050,-4.98,41180,-10,-0.02,39140,39140,1399-6-18
501,كاذر,فرآورده‌هاي‌نسوزآذر,17,9078,287500260,33330,31670,31670,-1660,-4.98,33320,-10,-0.03,31670,31670,1399-6-18
502,سيستم,همكاران سيستم,17,239107,6214390930,27350,25990,25990,-1360,-4.97,27160,-190,-0.69,25990,25990,1399-6-18
503,ساربيل,سيمان آرتا اردبيل,17,6661,757022650,119630,113650,113650,-5980,-5.0,119530,-100,-0.08,113650,113650,1399-6-18
504,فجام,جام‌دارو,17,5665,341033000,63360,60200,60200,-3160,-4.99,63340,-20,-0.03,60200,60200,1399-6-18
505,ثشرق,سرمايه گذاري مسكن شمال شرق,16,24855,182684250,7730,7350,7350,-380,-4.92,7730,0,0.0,7350,7350,1399-6-18
506,بهپاك,صنعتي بهپاك,16,11630,487378410,44112,41907,41907,-2205,-5.0,44088,-24,-0.05,41907,41907,1399-6-18
507,شفارا,پتروشيمي فارابي,16,34522,191804232,5727,5556,5556,-171,-2.99,5725,-2,-0.03,5556,5556,1399-6-18
508,ولغدر,ليزينگ‌خودروغدير,16,25736,487439840,19930,18940,18940,-990,-4.97,19920,-10,-0.05,18940,18940,1399-6-18
509,افرا,افرانت,16,234000,16880058000,75933,72137,72137,-3796,-5.0,74575,-1358,-1.79,72137,72137,1399-6-18
510,واحصا,احياء صنايع خراسان,16,55047,911303085,17066,16555,16555,-511,-2.99,17042,-24,-0.14,16555,16555,1399-6-18
511,وبرق,س.کارکنان صنعت برق زنجان وقزوي,16,2820,622624980,227617,220789,220789,-6828,-3.0,227396,-221,-0.1,220789,220789,1399-6-18
512,پاسا,ايران‌ياساتايرورابر,16,8509,209321400,25890,24600,24600,-1290,-4.98,25880,-10,-0.04,24600,24600,1399-6-18
513,كگاز,شيشه‌ و گاز,15,6526,165107800,26630,25300,25300,-1330,-4.99,26630,0,0.0,25300,25300,1399-6-18
514,ولانا,شركت ليزينگ آريا دانا,15,31184,843121808,28459,27037,27037,-1422,-5.0,28394,-65,-0.23,27037,27037,1399-6-18
515,فوكا,فولاد كاويان,15,8768,189783360,22086,21645,21645,-441,-2.0,22084,-2,-0.01,21645,21645,1399-6-18
516,جهرم,پتروشيمي جهرم,15,50428,168278236,3440,3337,3337,-103,-2.99,3439,-1,-0.03,3337,3337,1399-6-18
517,كمرجان,بازرگاني و توليدي مرجان كار,15,4704,193470816,43293,41129,41129,-2164,-5.0,43284,-9,-0.02,41129,41129,1399-6-18
518,حتوكا,حمل‌ونقل‌توكا,15,12410,228344000,19360,18400,18400,-960,-4.96,19360,0,0.0,18400,18400,1399-6-18
519,زير0003پ04,زيره سبز0003شركت مينوبذر(پ),15,217,96493965,491625,448487,443409,-48216,-9.81,444673,-46952,-9.55,443409,448487,1399-6-18
520,زمگسا,كشاورزي‌ ودامپروي‌ مگسال‌,15,7792,241785760,32660,31030,31030,-1630,-4.99,32650,-10,-0.03,31030,31030,1399-6-18
521,غپونه,نوش پونه مشهد,15,30004,603710484,20743,20121,20121,-622,-3.0,20722,-21,-0.1,20121,20121,1399-6-18
522,سمايه,بانك سرمايه,15,103541,1081692827,10770,10447,10447,-323,-3.0,10751,-19,-0.18,10447,10447,1399-6-18
523,اتكاي,بيمه اتكايي ايرانيان,15,20482,296989000,15263,14500,14500,-763,-5.0,15258,-5,-0.03,14500,14500,1399-6-18
524,شتوكا,توكا رنگ فولاد سپاهان,14,11012,389505452,37232,35371,35371,-1861,-5.0,37216,-16,-0.04,35371,35371,1399-6-18
525,ضجار7025,اختيارخ وتجارت-3400-1399/07/22,14,266,54935000,780,150,223,-557,-71.41,207,-573,-73.46,150,288,1399-6-18
526,زعف9908پ11,زعفران9908نگين سحرخيز(پ),14,1964,185953200,100814,95005,94000,-6814,-6.76,94681,-6133,-6.08,94000,95005,1399-6-18
527,زير0003پ01,زيره سبز0003كيميابذر(پ),14,297,134176579,466746,466550,443409,-23337,-5.0,451773,-14973,-3.21,443409,490000,1399-6-18
528,ميهن,بيمه ميهن,14,192451,1259014442,6886,6542,6542,-344,-5.0,6876,-10,-0.15,6542,6542,1399-6-18
529,ساراب,سيمان‌ داراب‌,14,13522,176867760,13760,13080,13080,-680,-4.94,13760,0,0.0,13080,13080,1399-6-18
530,قنقش,قند نقش جهان,14,7481,593475211,80949,79331,79331,-1618,-2.0,80851,-98,-0.12,79331,79331,1399-6-18
531,آريان,سرمايه گذاري پارس آريان,14,13531,236224198,17997,17458,17458,-539,-2.99,17996,-1,-0.01,17458,17458,1399-6-18
532,حپترو,حمل و نقل پتروشيمي( سهامي عام,14,23185,717343900,32560,30940,30940,-1620,-4.98,32540,-20,-0.06,30940,30940,1399-6-18
533,غبهنوش,بهنوش‌ ايران‌,14,202657,14485922360,75240,71480,71480,-3760,-5.0,74010,-1230,-1.63,71480,71480,1399-6-18
534,دكپسول,توليد ژلاتين كپسول ايران,14,8165,330004805,42544,40417,40417,-2127,-5.0,42529,-15,-0.04,40417,40417,1399-6-18
535,غشصفا,شيرپاستوريزه‌پگاه‌اصفهان‌,14,11661,342833400,30940,29400,29400,-1540,-4.98,30930,-10,-0.03,29400,29400,1399-6-18
536,فنوال,نورد آلومينيوم‌,14,111450,4158199500,39270,37310,37310,-1960,-4.99,39100,-170,-0.43,37310,37310,1399-6-18
537,شبصير,توليدات پتروشيمي قائد بصير,14,1318,157371836,125686,119402,119402,-6284,-5.0,125664,-22,-0.02,119402,119402,1399-6-18
538,زقيام,كشت و دام قيام اصفهان,13,11421,389581731,35906,34111,34111,-1795,-5.0,35890,-16,-0.04,34111,34111,1399-6-18
539,قشير,قند شيروان قوچان و بجنورد,13,4716,140230260,31299,29735,29735,-1564,-5.0,31294,-5,-0.02,29735,29735,1399-6-18
540,پلاسك,پلاسكوكار,13,15435,144162900,9830,9340,9340,-490,-4.98,9830,0,0.0,9340,9340,1399-6-18
541,وجامي,سرمايه گذاري جامي,13,15860,184340780,11982,11623,11623,-359,-3.0,11979,-3,-0.03,11623,11623,1399-6-18
542,ختور,رادياتور ايران‌,13,3496,137742400,41470,39400,39400,-2070,-4.99,41460,-10,-0.02,39400,39400,1399-6-18
543,كوثر,بيمه كوثر,13,19065,296575140,16374,15556,15556,-818,-5.0,16369,-5,-0.03,15556,15556,1399-6-18
544,اعتلاح,ح سرمايه گذاري اعتلاء البرز,13,21362,164188332,8090,7686,7686,-404,-4.99,7686,-404,-4.99,7686,7686,1399-6-18
545,ضملي8077,اختيارخ فملي -29750-1399/08/06,12,36,174701000,6320,5000,4000,-2320,-36.71,4853,-1467,-23.21,4000,5400,1399-6-18
546,ولملت,واسپاري ملت,12,112719,1445057580,13490,12820,12820,-670,-4.97,13470,-20,-0.15,12820,12820,1399-6-18
547,نتوس,پشم‌ بافي‌ توس,12,8655,94850145,11297,10959,10959,-338,-2.99,11295,-2,-0.02,10959,10959,1399-6-18
548,غالبر,لبنيات‌ كالبر,12,19858,290721120,15410,14640,14640,-770,-5.0,15410,0,0.0,14640,14640,1399-6-18
549,وحكمت,بيمه حكمت صبا,12,56117,331763704,6094,5912,5912,-182,-2.99,6091,-3,-0.05,5912,5912,1399-6-18
550,سدور,سيمان‌ دورود,12,39952,367957920,9690,9210,9210,-480,-4.95,9690,0,0.0,9210,9210,1399-6-18
551,داراب,پتروشيمي داراب,12,26715,83858385,3236,3139,3139,-97,-3.0,3236,0,0.0,3139,3139,1399-6-18
552,قشكر,شكرشاهرود,12,3872,201692480,54830,52090,52090,-2740,-5.0,54820,-10,-0.02,52090,52090,1399-6-18
553,ثاژن,سخت آژند,12,112731,1204305273,11128,10683,10683,-445,-4.0,11072,-56,-0.5,10683,10683,1399-6-18
554,فلوله,لوله‌وماشين‌سازي‌ايران‌,12,11039,321897240,30690,29160,29160,-1530,-4.99,30680,-10,-0.03,29160,29160,1399-6-18
555,كرونا2,تامين مالي جمعي صرفا اهداي سود,12,2747,27470000,10000,10000,10000,0,0.0,10000,0,0.0,10000,10000,1399-6-18
556,صايپا012,صكوك مرابحه سايپا012-3ماهه 16%,12,127,127537920,1008127,1040000,995000,-13127,-1.3,1004236,-3891,-0.39,988360,1040000,1399-6-18
557,فلات,گروه صنايع معادن فلات ايرانيان,12,56100,846100200,15548,15082,15082,-466,-3.0,15526,-22,-0.14,15082,15082,1399-6-18
558,شسم,توليد سموم‌ علف‌ كش,12,18787,1444344560,75373,76880,76880,1507,2.0,75586,213,0.28,76880,76880,1399-6-18
559,ددام,داروسازي زاگرس فارمد پارس,12,34625,525953750,15980,15190,15190,-790,-4.94,15970,-10,-0.06,15190,15190,1399-6-18
560,سبجنو,سيمان‌ بجنورد,12,21890,716240800,34440,32720,32720,-1720,-4.99,34410,-30,-0.09,32720,32720,1399-6-18
561,تشتاد,صنايع توليدي اشتاد ايران‌,11,9461,128499302,14002,13582,13582,-420,-3.0,13999,-3,-0.02,13582,13582,1399-6-18
562,ضچاد7025,اختيارخ كچاد-26000-1399/07/07,11,525,57521000,301,120,100,-201,-66.78,110,-191,-63.46,100,120,1399-6-18
563,نطرين,عطرين نخ قم,11,13954,267651674,20190,19181,19181,-1009,-5.0,20184,-6,-0.03,19181,19181,1399-6-18
564,اخزا718,اسنادخزانه-م18بودجه97-000525,11,11287,9624852835,851734,852000,852519,785,0.09,852738,1004,0.12,852000,862000,1399-6-18
565,ضفلا8082,اختيارخ فولاد-13775-1399/08/28,11,81,288455000,4722,4500,3900,-822,-17.41,3561,-1161,-24.59,3400,4500,1399-6-18
566,وهنر,گروه توسعه هنر ايران,11,18426,107220894,5998,5819,5819,-179,-2.98,5997,-1,-0.02,5819,5819,1399-6-18
567,ثپرديسح,ح.سرمايه گذاري مسكن پرديس,11,16609,137007641,8683,8249,8249,-434,-5.0,8249,-434,-5.0,8249,8249,1399-6-18
568,واعتبار,سرمايه گذاري اعتبار ايران,11,39931,318250070,8380,7970,7970,-410,-4.89,8380,0,0.0,7970,7970,1399-6-18
569,وثنو,سرمايه گذاري ساختماني نوين,11,16799,307337705,19257,18295,18295,-962,-5.0,19241,-16,-0.08,18295,18295,1399-6-18
570,ضجار7016,اختيارخ وتجارت-1800-1399/07/22,11,76,76154000,1312,908,1033,-279,-21.27,1002,-310,-23.63,908,1240,1399-6-18
571,شپاس,نفت پاسارگاد,11,3930,96988470,25977,24679,24679,-1298,-5.0,25974,-3,-0.01,24679,24679,1399-6-18
572,غپاك,لبنيات‌ پاك‌,11,15992,274742560,18080,17180,17180,-900,-4.98,18070,-10,-0.06,17180,17180,1399-6-18
573,ضغدر8042,اختيارخ وغدير-15000-1399/08/26,11,259,768840000,5700,3800,2885,-2815,-49.39,2968,-2732,-47.93,2885,3800,1399-6-18
574,سكرما,سيمان‌ كرمان‌,11,17017,309028720,19110,18160,18160,-950,-4.97,19100,-10,-0.05,18160,18160,1399-6-18
575,ضصاد8020,اختيارخ وبصادر-4400-1399/08/11,11,181,36474000,646,200,200,-446,-69.04,202,-444,-68.73,200,203,1399-6-18
576,سكه9912پ04,سكه تمام بهارتحويل1روزه صادرات,11,2400,2770082400,1142774,1154201,1154201,11427,1.0,1154201,11427,1.0,1154201,1154201,1399-6-18
577,دسينا,داروسازي‌ سينا,10,22923,766545120,35190,33440,33440,-1750,-4.97,35160,-30,-0.09,33440,33440,1399-6-18
578,زماهان,مجتمع توليد گوشت مرغ ماهان,10,5062,140409756,29197,27738,27738,-1459,-5.0,29193,-4,-0.01,27738,27738,1399-6-18
579,وبهمن,سرمايه‌گذاري‌بهمن‌,10,6542,135746500,21840,20750,20750,-1090,-4.99,21840,0,0.0,20750,20750,1399-6-18
580,ختراك,ريخته‌گري‌ تراكتورسازي‌ ايران‌,10,4878,108876960,23490,22320,22320,-1170,-4.98,23490,0,0.0,22320,22320,1399-6-18
581,بنيرو,نيروترانس‌,10,4761,347553000,76840,73000,73000,-3840,-5.0,76810,-30,-0.04,73000,73000,1399-6-18
582,تايرا,تراكتورسازي‌ايران‌,10,4975,129200750,27330,25970,25970,-1360,-4.98,27330,0,0.0,25970,25970,1399-6-18
583,ضملي8069,اختيارخ فملي -16750-1399/08/06,10,24,260000000,14875,11000,10000,-4875,-32.77,10833,-4042,-27.17,10000,11000,1399-6-18
584,اعتلا,شركت سرمايه گذاري اعتلاء البرز,10,180689,2391057537,13929,13233,13233,-696,-5.0,13894,-35,-0.25,13233,13233,1399-6-18
585,اخزا805,اسنادخزانه-م5بودجه98-000422,10,31502,27257199869,866600,867900,863671,-2929,-0.34,865253,-1347,-0.16,863671,868999,1399-6-18
586,فلامي,لاميران‌,10,1898,220870260,122490,116370,116370,-6120,-5.0,122460,-30,-0.02,116370,116370,1399-6-18
587,كاسپين,داروسازي كاسپين تامين,10,10757,308500003,30188,28679,28679,-1509,-5.0,30178,-10,-0.03,28679,28679,1399-6-18
588,ضفلا8087,اختيارخ فولاد-18775-1399/08/28,10,127,311164000,3018,2800,2150,-868,-28.76,2450,-568,-18.82,2000,3000,1399-6-18
589,اخزا713,اسنادخزانه-م13بودجه97-000518,10,9587,8205252506,861989,853020,854501,-7488,-0.87,855873,-6116,-0.71,853020,856517,1399-6-18
590,وتوشه,سرمايه‌ گذاري‌ پارس‌ توشه‌,10,50480,1273105600,26540,25220,25220,-1320,-4.97,26500,-40,-0.15,25220,25220,1399-6-18
591,ضصاد8015,اختيارخ وبصادر-3400-1399/08/11,10,154,87390000,912,500,600,-312,-34.21,567,-345,-37.83,500,600,1399-6-18
592,صايپا203,صكوك مرابحه سايپا203-3ماهه 16%,10,2046,1957524994,955002,990000,956000,998,0.1,956757,1755,0.18,955000,993999,1399-6-18
593,ضجار7026,اختيارخ وتجارت-3600-1399/07/22,9,55,11170000,655,320,200,-455,-69.47,203,-452,-69.01,200,320,1399-6-18
594,لخزر,پارس‌ خزر,9,30637,6933765840,238230,226320,226320,-11910,-5.0,236470,-1760,-0.74,226320,226320,1399-6-18
595,لسرما,سرما آفرين‌,9,10211,266609210,27480,26110,26110,-1370,-4.99,27470,-10,-0.04,26110,26110,1399-6-18
596,ثپرديس,سرمايه گذاري مسكن پرديس,9,82335,1150466955,14708,13973,13973,-735,-5.0,14690,-18,-0.12,13973,13973,1399-6-18
597,كمينا,شيشه سازي مينا,9,31477,1229019465,40252,39045,39045,-1207,-3.0,40169,-83,-0.21,39045,39045,1399-6-18
598,بسويچ,پارس‌سويچ‌,9,3812,186330560,51450,48880,48880,-2570,-5.0,51440,-10,-0.02,48880,48880,1399-6-18
599,شرنگي,شيميايي رنگين,9,621,75713562,125692,121922,121922,-3770,-3.0,125677,-15,-0.01,121922,121922,1399-6-18
600,خديزل,بهمن  ديزل,9,12156,498930864,43204,41044,41044,-2160,-5.0,43180,-24,-0.06,41044,41044,1399-6-18
601,سفار,سيمان‌فارس‌,9,661,70905470,112910,107270,107270,-5640,-5.0,112900,-10,-0.01,107270,107270,1399-6-18
602,اخزا804,اسنادخزانه-م4بودجه98-000421,9,3639,3147836922,867669,863550,866014,-1655,-0.19,865028,-2641,-0.3,863550,866500,1399-6-18
603,ولتجار,واسپاري تجارت وسرمايه ايرانيان,9,65577,492352116,7740,7508,7508,-232,-3.0,7734,-6,-0.08,7508,7508,1399-6-18
604,دكوثر,داروسازي‌ كوثر,9,14821,420916400,29890,28400,28400,-1490,-4.98,29880,-10,-0.03,28400,28400,1399-6-18
605,بايكا,كارخانجات كابلسازي ‌ايران‌,9,8205,351403740,44152,42828,42828,-1324,-3.0,44126,-26,-0.06,42828,42828,1399-6-18
606,آ س پ,آ.س.پ,9,9002,132131356,15450,14678,14678,-772,-5.0,15448,-2,-0.01,14678,14678,1399-6-18
607,سيلام,سيمان‌ ايلام‌,9,9470,102370700,11370,10810,10810,-560,-4.93,11370,0,0.0,10810,10810,1399-6-18
608,تكنو,تكنوتار,9,12360,181939200,15490,14720,14720,-770,-4.97,15490,0,0.0,14720,14720,1399-6-18
609,ضجار7018,اختيارخ وتجارت-2000-1399/07/22,9,69,74042000,1172,1050,1000,-172,-14.68,1073,-99,-8.45,1000,1250,1399-6-18
610,ومعلم,بيمه معلم,9,37795,715912890,19938,18942,18942,-996,-5.0,19922,-16,-0.08,18942,18942,1399-6-18
611,سكه0012پ01,سكه تمام بهارتحويلي 1روزه رفاه,9,2900,3347182900,1142711,1154201,1154201,11490,1.01,1154201,11490,1.01,1154201,1154201,1399-6-18
612,زكشت,كشاورزي مكانيزه اصفهان كشت,9,24700,894559900,38123,36217,36217,-1906,-5.0,38087,-36,-0.09,36217,36217,1399-6-18
613,خعمرا,توسعه و عمران شهرستان نائين,8,63735,869281665,13242,13639,13639,397,3.0,13259,17,0.13,13639,13639,1399-6-18
614,رتكو,كنترل‌خوردگي‌تكين‌كو,8,3000,60210000,21120,20070,20070,-1050,-4.97,21120,0,0.0,20070,20070,1399-6-18
615,پست9908-04,پسته فندقي32-30سبزدانه9908,8,371,454033254,1244945,1176430,1180001,-64944,-5.22,1223809,-21136,-1.7,1176430,1285000,1399-6-18
616,بميلا,توسعه بازرگاني آهن وفولادميلاد,8,6545,256851980,40457,39244,39244,-1213,-3.0,40440,-17,-0.04,39244,39244,1399-6-18
617,كفرا,فراورده‌ هاي‌ نسوزايران‌,8,8378,345843840,43450,41280,41280,-2170,-4.99,43430,-20,-0.05,41280,41280,1399-6-18
618,چافست,افست‌,8,6314,165553080,27600,26220,26220,-1380,-5.0,27600,0,0.0,26220,26220,1399-6-18
619,چكاوه,صنايع‌كاغذسازي‌كاوه‌,8,8232,314133120,40160,38160,38160,-2000,-4.98,40150,-10,-0.02,38160,38160,1399-6-18
620,كلوند,كاشي‌ الوند,8,3952,103740000,27630,26250,26250,-1380,-4.99,27630,0,0.0,26250,26250,1399-6-18
621,دلقما,دارويي‌ لقمان‌,8,2289,79725870,36660,34830,34830,-1830,-4.99,36660,0,0.0,34830,34830,1399-6-18
622,اعتماد2,صندوق س.اعتماد آفرين پارسيان-د,8,68000000,68000000,32249,1,1,-32248,-100.0,1,-32248,-100.0,1,1,1399-6-18
623,ضصاد8017,اختيارخ وبصادر-3800-1399/08/11,8,40,19068000,523,407,451,-72,-13.77,477,-46,-8.8,310,599,1399-6-18
624,بساما,بيمه سامان,8,53906,1590065282,31049,29497,29497,-1552,-5.0,30997,-52,-0.17,29497,29497,1399-6-18
625,وكادو,تكادو,8,5548,121229348,22526,21851,21851,-675,-3.0,22521,-5,-0.02,21851,21851,1399-6-18
626,خكار,ايركا پارت صنعت,8,5784,228583680,41600,39520,39520,-2080,-5.0,41590,-10,-0.02,39520,39520,1399-6-18
627,وثوق,سرمايه گذاري وثوق امين,8,13530,215708790,16436,15943,15943,-493,-3.0,16430,-6,-0.04,15943,15943,1399-6-18
628,بشهاب,لامپ‌  پارس‌ شهاب‌,8,1519,111692070,77400,73530,73530,-3870,-5.0,77390,-10,-0.01,73530,73530,1399-6-18
629,غبهار,كشت وصنعت بهاران گلبهار خراسان,8,2426,98646012,42802,40662,40662,-2140,-5.0,42791,-11,-0.03,40662,40662,1399-6-18
630,صايپا998,صكوك مرابحه سايپا998-3ماهه 18%,7,60008,60008039200,994950,1000000,1004900,9950,1.0,1000001,5051,0.51,1000000,1004900,1399-6-18
631,شزنگ,تجهيزنيروي‌زنگان‌,7,9495,769142475,82658,81005,81005,-1653,-2.0,82521,-137,-0.17,81005,81005,1399-6-18
632,غشاذر,پگاه‌آذربايجان‌غربي‌,7,3466,77673060,23580,22410,22410,-1170,-4.96,23580,0,0.0,22410,22410,1399-6-18
633,شكبير,پتروشيمي اميركبير,7,2637,164783493,64421,62489,62489,-1932,-3.0,64417,-4,-0.01,62489,62489,1399-6-18
634,اخزا720,اسنادخزانه-م20بودجه97-000324,7,7547,6648938952,881400,886000,880025,-1375,-0.16,881004,-396,-0.04,880025,886000,1399-6-18
635,تپمپي,پمپ‌ سازي‌ ايران‌,7,13034,645834700,52150,49550,49550,-2600,-4.99,52110,-40,-0.08,49550,49550,1399-6-18
636,شدوص,دوده‌ صنعتي‌ پارس‌,7,19489,415310590,22430,21310,21310,-1120,-4.99,22420,-10,-0.04,21310,21310,1399-6-18
637,ضجار7028,اختيارخ وتجارت-4000-1399/07/22,7,100,20000000,564,200,200,-364,-64.54,200,-364,-64.54,200,200,1399-6-18
638,ولبهمن,شركت بهمن ليزينگ,7,7000,75537000,11358,10791,10791,-567,-4.99,11357,-1,-0.01,10791,10791,1399-6-18
639,ضفلا8081,اختيارخ فولاد-12775-1399/08/28,7,95,353018000,8083,4001,4000,-4083,-50.51,3716,-4367,-54.03,993,4001,1399-6-18
640,وگستر,گسترش سرمايه گذاري ايرانيان,7,18401,457044038,26145,24838,24838,-1307,-5.0,26131,-14,-0.05,24838,24838,1399-6-18
641,ضفلا8086,اختيارخ فولاد-17775-1399/08/28,7,73,160090000,1578,2050,3000,1422,90.11,2193,615,38.97,2002,3000,1399-6-18
642,كسعدي,كاشي‌ سعدي‌,7,4407,289495830,69140,65690,65690,-3450,-4.99,69120,-20,-0.03,65690,65690,1399-6-18
643,حخزر,كشتيراني درياي خزر,7,21447,654455205,32121,30515,30515,-1606,-5.0,32097,-24,-0.07,30515,30515,1399-6-18
644,ضغدر8043,اختيارخ وغدير-16000-1399/08/26,7,70,182842000,2994,2610,2748,-246,-8.22,2612,-382,-12.76,2600,2790,1399-6-18
645,خچرخش,چرخشگر,7,4607,99879760,22820,21680,21680,-1140,-5.0,22820,0,0.0,21680,21680,1399-6-18
646,سفاسي,شركت فارسيت اهواز,7,6822,77839020,11762,11410,11410,-352,-2.99,11761,-1,-0.01,11410,11410,1399-6-18
647,خكمك,كمك‌فنرايندامين‌,7,49379,2859537890,60950,57910,57910,-3040,-4.99,60770,-180,-0.3,57910,57910,1399-6-18
648,ضفلا8093,اختيارخ فولاد-29775-1399/08/28,7,9,11800000,1200,1000,1100,-100,-8.33,1311,111,9.25,1000,1500,1399-6-18
649,ثالوند,سرمايه گذاري مسكن الوند,7,5846,90127782,16228,15417,15417,-811,-5.0,16226,-2,-0.01,15417,15417,1399-6-18
650,قهكمت,قندهكمتان‌,7,3111,155176680,52500,49880,49880,-2620,-4.99,52490,-10,-0.02,49880,49880,1399-6-18
651,خلنت,لنت‌ ترمزايران‌,7,1227,117681570,100950,95910,95910,-5040,-4.99,100940,-10,-0.01,95910,95910,1399-6-18
652,داسوه,داروسازي‌ اسوه‌,7,1214,45294340,39270,37310,37310,-1960,-4.99,39270,0,0.0,37310,37310,1399-6-18
653,اخزا722,اسنادخزانه-م22بودجه97-000428,7,4497,3892220519,865000,864500,862970,-2030,-0.23,865515,515,0.06,862954,873499,1399-6-18
654,لپيام,گسترش صنايع پيام,7,2508,79832148,32480,31831,31831,-649,-2.0,32475,-5,-0.02,31831,31831,1399-6-18
655,بالاس,مهندسي ساختمان تاسيسات راه آهن,7,1900,96510500,53468,50795,50795,-2673,-5.0,53462,-6,-0.01,50795,50795,1399-6-18
656,لوتوس99,اجاره لوتوس پارسيان990717,6,67,67170000,1004714,1000000,1010000,5286,0.53,1002537,-2177,-0.22,1000000,1010000,1399-6-18
657,وپسا,س. پتروشيمي ساختمان  خليج فارس,6,8942,47499904,5476,5312,5312,-164,-2.99,5476,0,0.0,5312,5312,1399-6-18
658,سصفها,سيمان‌اصفهان‌,6,708,91855920,136560,129740,129740,-6820,-4.99,136550,-10,-0.01,129740,129740,1399-6-18
659,هجرت,پخش هجرت,6,773,51716019,70424,66903,66903,-3521,-5.0,70420,-4,-0.01,66903,66903,1399-6-18
660,ضچاد7013,اختيارخ كچاد-10300-1399/07/07,6,35,158010000,8000,4600,4500,-3500,-43.75,4515,-3485,-43.56,4500,4610,1399-6-18
661,ثغرب,شركت سرمايه گذاري مسكن شمالغرب,6,8547,118110993,14546,13819,13819,-727,-5.0,14544,-2,-0.01,13819,13819,1399-6-18
662,دكيمي,كيميدارو,6,4821,141640980,30920,29380,29380,-1540,-4.98,30920,0,0.0,29380,29380,1399-6-18
663,وتعاون,بيمه  تعاون,6,8591,50686900,6082,5900,5900,-182,-2.99,6082,0,0.0,5900,5900,1399-6-18
664,غپآذر,شير پگاه آذربايجان شرقي,6,3380,189391540,58982,56033,56033,-2949,-5.0,58970,-12,-0.02,56033,56033,1399-6-18
665,بمپنا,توليد برق عسلويه  مپنا,6,898,100823848,118185,112276,112276,-5909,-5.0,118172,-13,-0.01,112276,112276,1399-6-18
666,سغرب,سيمان‌غرب‌,6,24783,563565420,23930,22740,22740,-1190,-4.97,23920,-10,-0.04,22740,22740,1399-6-18
667,سقاين,سيمان‌ قائن‌,6,915,41504400,47740,45360,45360,-2380,-4.99,47740,0,0.0,45360,45360,1399-6-18
668,كپشير,پشم‌شيشه‌ايران‌,6,1432,76239680,56040,53240,53240,-2800,-5.0,56040,0,0.0,53240,53240,1399-6-18
669,مداران,داده‌پردازي‌ايران‌,6,4157,147116230,37250,35390,35390,-1860,-4.99,37240,-10,-0.03,35390,35390,1399-6-18
670,قپيرا,فرآورده‌هاي‌غدايي‌وقندپيرانشهر,6,2064,166874400,85100,80850,80850,-4250,-4.99,85080,-20,-0.02,80850,80850,1399-6-18
671,سكرد,سيمان كردستان,6,17189,198189170,12130,11530,11530,-600,-4.95,12130,0,0.0,11530,11530,1399-6-18
672,چفيبر,فيبر ايران‌,6,12294,138799260,11880,11290,11290,-590,-4.97,11880,0,0.0,11290,11290,1399-6-18
673,دقاضي,داروسازي شهيد قاضي,6,2086,207644612,102620,99542,99542,-3078,-3.0,102587,-33,-0.03,99542,99542,1399-6-18
674,فنرژي,گسترش صنايع انرژي آذرآب,5,16700,187841600,11477,11248,11248,-229,-2.0,11473,-4,-0.03,11248,11248,1399-6-18
675,كيش1402,اجاره س. و توسعه كيش14020820,5,390,407893250,1042775,1040000,1050000,7225,0.69,1045880,3105,0.3,1040000,1050000,1399-6-18
676,ضملي8072,اختيارخ فملي -19750-1399/08/06,5,52,520000000,17455,10000,10000,-7455,-42.71,10000,-7455,-42.71,10000,10000,1399-6-18
677,سكه0011پ02,سكه تمام بهارتحويلي 1روزه ملت,5,1300,1500461300,1142784,1154201,1154201,11417,1.0,1154201,11417,1.0,1154201,1154201,1399-6-18
678,ضچاد7020,اختيارخ كچاد-17300-1399/07/07,5,55,66000000,2396,1200,1200,-1196,-49.92,1200,-1196,-49.92,1200,1200,1399-6-18
679,كشرق,صنعتي و معدني شمال شرق شاهرود,5,2741,235742446,90532,86006,86006,-4526,-5.0,90509,-23,-0.03,86006,86006,1399-6-18
680,غچين,كشت‌ و صنعت‌ چين‌ چين,5,1271,70210040,58140,55240,55240,-2900,-4.99,58140,0,0.0,55240,55240,1399-6-18
681,كساوه,صنايع‌ كاشي‌ و سراميك‌ سينا,5,1024,40468480,41600,39520,39520,-2080,-5.0,41600,0,0.0,39520,39520,1399-6-18
682,فالوم,آلومتك‌,5,2381,87594609,37926,36789,36789,-1137,-3.0,37921,-5,-0.01,36789,36789,1399-6-18
683,كپرور,فرآوري زغال سنگ پروده طبس,5,1243,56746679,48055,45653,45653,-2402,-5.0,48052,-3,-0.01,45653,45653,1399-6-18
684,تپولا,مهندسي مرآت پولاد,5,31041,508699908,16894,16388,16388,-506,-3.0,16881,-13,-0.08,16388,16388,1399-6-18
685,حسير,ريل سير كوثر,5,2264,60799720,28268,26855,26855,-1413,-5.0,28266,-2,-0.01,26855,26855,1399-6-18
686,ضفلا8084,اختيارخ فولاد-15775-1399/08/28,5,146,548800000,4000,3800,3200,-800,-20.0,3759,-241,-6.03,3200,3800,1399-6-18
687,تصميم2,صندوق س با درآمد ثابت تصميم,5,500000,500000,14520,1,1,-14519,-99.99,1,-14519,-99.99,1,1,1399-6-18
688,سشمال,سيمان‌ شمال‌,5,13544,176749200,13730,13050,13050,-680,-4.95,13730,0,0.0,13050,13050,1399-6-18
689,غمهرا,توليدي‌مهرام‌,4,976,103739040,111880,106290,106290,-5590,-5.0,111870,-10,-0.01,106290,106290,1399-6-18
690,ضپنا7046,اختيارخ رمپنا-44457-1399/07/13,4,79,3950000,100,50,50,-50,-50.0,50,-50,-50.0,50,50,1399-6-18
691,پسهند,صنايع‌ لاستيكي‌  سهند,4,2136,114660480,56500,53680,53680,-2820,-4.99,56490,-10,-0.02,53680,53680,1399-6-18
692,استارز,ص.ج.ستاره برتر20%تاديه,4,14500,2900000000,200000,200000,200000,0,0.0,200000,0,0.0,200000,200000,1399-6-18
693,ثنام,س ساختماني ب نام آوران مهندسي,4,3725,80337075,22234,21567,21567,-667,-3.0,22231,-3,-0.01,21567,21567,1399-6-18
694,فمراد,آلومراد,4,268,40572520,159350,151390,151390,-7960,-5.0,159340,-10,-0.01,151390,151390,1399-6-18
695,اخزا716,اسنادخزانه-م16بودجه97-000407,4,2002,1746506916,872519,872519,872000,-519,-0.06,872381,-138,-0.02,871999,872519,1399-6-18
696,تمحركه,ماشين‌سازي‌نيرومحركه‌,4,46340,1017163000,23100,21950,21950,-1150,-4.98,23080,-20,-0.09,21950,21950,1399-6-18
697,ضفلا8083,اختيارخ فولاد-14775-1399/08/28,4,68,269200000,4499,3600,4000,-499,-11.09,3959,-540,-12.0,3600,4000,1399-6-18
698,ضفلا8068,اختيارخ فولاد-4751-1399/08/28,4,17,314364000,12100,11500,11500,-600,-4.96,11500,-600,-4.96,11500,11500,1399-6-18
699,وآرين,شركت توسعه اقتصادي آرين,4,5001,29020803,5982,5803,5803,-179,-2.99,5982,0,0.0,5803,5803,1399-6-18
700,ثرود,سرمايه‌گذاري مسكن زاينده رود,4,5795,72425910,13155,12498,12498,-657,-4.99,13154,-1,-0.01,12498,12498,1399-6-18
701,دفرا,فرآورده‌هاي‌ تزريقي‌ ايران‌,4,837,23762430,29880,28390,28390,-1490,-4.99,29880,0,0.0,28390,28390,1399-6-18
702,خفنر,فنرسازي‌خاور,4,4046,81607820,21230,20170,20170,-1060,-4.99,21230,0,0.0,20170,20170,1399-6-18
703,كساپا,سايپاشيشه‌,4,22539,463401840,21640,20560,20560,-1080,-4.99,21630,-10,-0.05,20560,20560,1399-6-18
704,ياقوت2,صندوق س ياقوت آگاه-ثابت,4,5796000,5796000,10980,1,1,-10979,-99.99,1,-10979,-99.99,1,1,1399-6-18
705,صمسكن912,ص دين مسكن جنوب-ماهانه16درصد,4,268,51684316,192729,190001,197499,4770,2.47,192852,123,0.06,190001,197499,1399-6-18
706,تملي709,تسهيلات مسكن ب. ملي-آذر97,4,123,27855810,215686,226470,226470,10784,5.0,226470,10784,5.0,226470,226470,1399-6-18
707,نيرو,نيرو سرمايه,4,8643,524172021,62522,60647,60647,-1875,-3.0,62467,-55,-0.09,60647,60647,1399-6-18
708,وثخوز,سرمايه گذاري و توسعه خوزستان,4,5762,214254208,38333,37184,37184,-1149,-3.0,38320,-13,-0.03,37184,37184,1399-6-18
709,وارس,سرمايه گذاري ارس صبا,4,547,65924987,124248,120521,120521,-3727,-3.0,124235,-13,-0.01,120521,120521,1399-6-18
710,لازما,كارخانه هاي صنعتي آزمايش,4,2696,85169336,32907,31591,31591,-1316,-4.0,32895,-12,-0.04,31591,31591,1399-6-18
711,خموتور,موتورسازان‌تراكتورسازي‌ايران‌,4,2388,31808160,14020,13320,13320,-700,-4.99,14020,0,0.0,13320,13320,1399-6-18
712,غگز,گز سكه,4,146000,5037000000,35000,34500,34500,-500,-1.43,34500,-500,-1.43,34500,34500,1399-6-18
713,زعف9908پ12,زعفران9908پوشالمعمول سحرخيز(پ),4,950,61421670,69372,64500,65001,-4371,-6.3,64654,-4718,-6.8,64500,65001,1399-6-18
714,دشيري,شيرين دارو,4,763,145666619,200961,190913,190913,-10048,-5.0,200882,-79,-0.04,190913,190913,1399-6-18
715,زنگان,صنعت روي زنگان,4,1665,260184555,164491,156267,156267,-8224,-5.0,164446,-45,-0.03,156267,156267,1399-6-18
716,سخزر,سيمان‌ خزر,4,1541,53287780,36400,34580,34580,-1820,-5.0,36400,0,0.0,34580,34580,1399-6-18
717,ثامان,سامان‌ گستراصفهان‌,4,2779,61916120,23450,22280,22280,-1170,-4.99,23450,0,0.0,22280,22280,1399-6-18
718,ضچاد7016,اختيارخ كچاد-13300-1399/07/07,3,36,144000000,3867,4000,4000,133,3.44,4000,133,3.44,4000,4000,1399-6-18
719,پارتا,مجتمع‌صنعتي‌آرتاويل‌تاير,3,455,30159675,68335,66285,66285,-2050,-3.0,68333,-2,0.0,66285,66285,1399-6-18
720,اوان,مبين وان كيش,3,1971,110845098,59197,56238,56238,-2959,-5.0,59190,-7,-0.01,56238,56238,1399-6-18
721,قلرست,قند لرستان‌,3,1190,32927300,29120,27670,27670,-1450,-4.98,29120,0,0.0,27670,27670,1399-6-18
722,سكه0112پ03,سكه تمام بهارتحويلي1روزه سامان,3,600,692520600,1142849,1154201,1154201,11352,0.99,1154201,11352,0.99,1154201,1154201,1399-6-18
723,تملي707,تسهيلات مسكن ب. ملي-مهر97,3,27,6800625,239881,251875,251875,11994,5.0,251875,11994,5.0,251875,251875,1399-6-18
724,ضخوز7028,اختيارخ فخوز-43470-1399/07/20,3,7,39555000,8690,7000,5111,-3579,-41.19,5651,-3039,-34.97,5111,7000,1399-6-18
725,تملي807,تسهيلات مسكن ب. ملي-مهر98,3,125,20555125,156611,164441,164441,7830,5.0,164441,7830,5.0,164441,164441,1399-6-18
726,پلاست,كارخانجات توليدي پلاستيران,3,2949,125748309,43959,42641,42641,-1318,-3.0,43950,-9,-0.02,42641,42641,1399-6-18
727,ضسپا8038,اختيارخ خساپا-8500-1399/08/26,3,33,3859000,218,111,119,-99,-45.41,117,-101,-46.33,111,120,1399-6-18
728,عفولاد2,اوراق سلف ورق گرم فولاد مباركه,3,29,16038484,545650,556816,545898,248,0.05,553051,7401,1.36,545898,556816,1399-6-18
729,ضفار8023,اختيارخ فارس-4576-1399/08/06,3,4,54000000,15667,14000,13000,-2667,-17.02,13500,-2167,-13.83,13000,14000,1399-6-18
730,ضپار8019,اختيارخ خپارس-3800-1399/08/18,3,3,18050000,8250,5500,7000,-1250,-15.15,6017,-2233,-27.07,5500,7000,1399-6-18
731,فبيرا,بسته‌ بندي‌ ايران‌,3,15133,82262988,5604,5436,5436,-168,-3.0,5603,-1,-0.02,5436,5436,1399-6-18
732,قمرو,قند مرودشت‌,3,1729,61414080,37380,35520,35520,-1860,-4.98,37380,0,0.0,35520,35520,1399-6-18
733,گكيش,توريستي ورفاهي آبادگران كيش,3,269,19047352,72997,70808,70808,-2189,-3.0,72995,-2,0.0,70808,70808,1399-6-18
734,سهرمز,سيمان‌هرمزگان‌,3,1931,31764950,17310,16450,16450,-860,-4.97,17310,0,0.0,16450,16450,1399-6-18
735,لبوتان,گروه‌صنعتي‌بوتان‌,3,246,20152320,86230,81920,81920,-4310,-5.0,86230,0,0.0,81920,81920,1399-6-18
736,شمواد,توليد مواداوليه الياف مصنوعي,3,2000,129056000,66523,64528,64528,-1995,-3.0,66509,-14,-0.02,64528,64528,1399-6-18
737,ضسپا8021,اختيارخ خساپا-3000-1399/08/26,3,200,100000000,1500,500,500,-1000,-66.67,500,-1000,-66.67,500,500,1399-6-18
738,دشيمي,شيمي‌ داروئي‌ داروپخش‌,3,358,20230580,59480,56510,56510,-2970,-4.99,59480,0,0.0,56510,56510,1399-6-18
739,ضصاد8000,اختيارخ وبصادر-1200-1399/08/11,3,13,26350000,2124,2000,2050,-74,-3.48,2027,-97,-4.57,2000,2150,1399-6-18
740,خنصير,مهندسي‌نصيرماشين‌,3,569,29246600,54100,51400,51400,-2700,-4.99,54100,0,0.0,51400,51400,1399-6-18
741,غگلپا,شير پاستوريزه پگاه گلپايگان,3,350,26067650,78398,74479,74479,-3919,-5.0,78396,-2,0.0,74479,74479,1399-6-18
742,سفارود,كارخانه فارسيت درود,3,4720,32926720,7118,6976,6976,-142,-1.99,7118,0,0.0,6976,6976,1399-6-18
743,ضجار7021,اختيارخ وتجارت-2600-1399/07/22,3,30,15750000,1037,550,500,-537,-51.78,525,-512,-49.37,500,550,1399-6-18
744,صايپا908,صكوك مرابحه سايپا908-3ماهه 18%,3,22,21987000,999000,999000,1000000,1000,0.1,999409,409,0.04,999000,1000000,1399-6-18
745,اراد474,مرابحه عام دولت4-ش.خ 0008,3,8135000,7891600800000,969600,970080,970080,480,0.05,970080,480,0.05,970080,970080,1399-6-18
746,وايرا,سرمايه گذاري صنايع ايران,2,1160,10601240,9421,9139,9139,-282,-2.99,9421,0,0.0,9139,9139,1399-6-18
747,كطبس,ذغال‌سنگ‌ نگين‌ ط‌بس‌,2,1096,59216880,56870,54030,54030,-2840,-4.99,56870,0,0.0,54030,54030,1399-6-18
748,ثاصفا,شركت‌ ساختمان‌ اصفهان‌,2,790,18950520,24729,23988,23988,-741,-3.0,24728,-1,0.0,23988,23988,1399-6-18
749,اخزا819,اسنادخزانه-م19بودجه98-020322,2,50,31111100,622011,622222,622222,211,0.03,622222,211,0.03,622222,622222,1399-6-18
750,ضگل8057,اختيارخ كگل-13100-1399/08/21,2,2,13100000,7500,6600,6500,-1000,-13.33,6550,-950,-12.67,6500,6600,1399-6-18
751,صايپا112,صكوك مرابحه سايپا112-3ماهه 16%,2,6,5880000,980000,980000,980000,0,0.0,980000,0,0.0,980000,980000,1399-6-18
752,سنير,سيمان‌ سفيد ني‌ريز,2,200,18562000,97690,92810,92810,-4880,-5.0,97690,0,0.0,92810,92810,1399-6-18
753,قزوين,كارخانجات‌ قند قزوين‌,2,330,15387900,49080,46630,46630,-2450,-4.99,49080,0,0.0,46630,46630,1399-6-18
754,ضصاد8019,اختيارخ وبصادر-4200-1399/08/11,2,40,6020000,627,150,151,-476,-75.92,150,-477,-76.08,150,151,1399-6-18
755,عفولاد3,اوراق سلف موازي ورق گرم فولاد,2,20,15595320,779405,779766,779766,361,0.05,779766,361,0.05,779766,779766,1399-6-18
756,اراد484,مرابحه عام دولت4-ش.خ 0009,2,11389800,11020087092000,967060,967540,967540,480,0.05,967540,480,0.05,967540,967540,1399-6-18
757,پدرخش,درخشان‌ تهران‌,2,93,20468370,231670,220090,220090,-11580,-5.0,231660,-10,0.0,220090,220090,1399-6-18
758,غنيلي,مجتمع توليدي نيلي صنعت كرمان,2,30000,533310000,18262,17840,17714,-548,-3.0,17777,-485,-2.66,17714,17840,1399-6-18
759,اشاد10,مشاركت دولتي10-شرايط خاص001226,2,200,195778000,973989,978900,978880,4891,0.5,978890,4901,0.5,978880,978900,1399-6-18
760,ضسپا8018,اختيارخ خساپا-2400-1399/08/26,2,2,1300000,899,650,650,-249,-27.7,650,-249,-27.7,650,650,1399-6-18
761,اروند05,منفعت صبا اروند لوتوس 14001113,2,27,27000027,1015000,1000001,1000001,-14999,-1.48,1000001,-14999,-1.48,1000001,1000001,1399-6-18
762,ساروج,بين المللي ساروج بوشهر,2,598,14932658,25743,24971,24971,-772,-3.0,25742,-1,0.0,24971,24971,1399-6-18
763,صخود1412,ص مرابحه خودرو1412- 3ماهه 18%,2,15,15225750,1005000,1015050,1015050,10050,1.0,1015050,10050,1.0,1015050,1015050,1399-6-18
764,ضصاد8001,اختيارخ وبصادر-1300-1399/08/11,2,20,39500000,2100,1900,2050,-50,-2.38,1975,-125,-5.95,1900,2050,1399-6-18
765,قشهد,شهد,2,13147,452519740,36230,34420,34420,-1810,-5.0,36210,-20,-0.06,34420,34420,1399-6-18
766,ضپنا7038,اختيارخ رمپنا-24206-1399/07/13,2,11,33000000,27000,3000,3000,-24000,-88.89,3000,-24000,-88.89,3000,3000,1399-6-18
767,غشوكو,شوكو پارس,2,1240,55238280,45924,44547,44547,-1377,-3.0,45920,-4,-0.01,44547,44547,1399-6-18
768,ثاباد,توريستي ورفاهي آبادگران ايران,2,550,17842000,34140,32440,32440,-1700,-4.98,34140,0,0.0,32440,32440,1399-6-18
769,صخود0012,ص مرابحه خودرو0012- 3ماهه 18%,2,26,26780000,1021163,1030000,1030000,8837,0.87,1030000,8837,0.87,1030000,1030000,1399-6-18
770,افران2,صندوق س افرا نماد پايدار-ثابت,2,4900000,4900000,11670,1,1,-11669,-99.99,1,-11669,-99.99,1,1,1399-6-18
771,كرمان00,رهني كرمان موتور14001130,1,500,491500000,988000,983000,983000,-5000,-0.51,983000,-5000,-0.51,983000,983000,1399-6-18
772,اروند06,منفعت صبا اروند ملت 14001113,1,2000,1920000000,951000,960000,960000,9000,0.95,960000,9000,0.95,960000,960000,1399-6-18
773,سايرا,ايرانيت‌,1,427,14561127,34796,34101,34101,-695,-2.0,34795,-1,0.0,34101,34101,1399-6-18
774,فافزا,فولاد افزا سپاهان,1,208,9930544,49219,47743,47743,-1476,-3.0,49218,-1,0.0,47743,47743,1399-6-18
775,ضصاد8002,اختيارخ وبصادر-1400-1399/08/11,1,10,17000000,2000,1700,1700,-300,-15.0,1700,-300,-15.0,1700,1700,1399-6-18
776,تملي705,تسهيلات مسكن ب. ملي-مرداد97,1,1,201086,191511,201086,201086,9575,5.0,201086,9575,5.0,201086,201086,1399-6-18
777,رنيكح,ح.جنرال مكانيك,1,200,5125800,26977,25629,25629,-1348,-5.0,25629,-1348,-5.0,25629,25629,1399-6-18
778,تملي701,تسهيلات مسكن ب. ملي-فروردين97,1,1,338040,321943,338040,338040,16097,5.0,338040,16097,5.0,338040,338040,1399-6-18
779,اعتماد4,صندوق س.اعتماد آفرين پارسيان-د,1,4646200,149891058200,32249,32261,32261,12,0.04,32261,12,0.04,32261,32261,1399-6-18
780,ضملي8054,اختيارخ فملي -5750-1399/08/06,1,1,27000000,32000,27000,27000,-5000,-15.63,27000,-5000,-15.63,27000,27000,1399-6-18
781,ثعمرا2,عمران و توسعه شاهد,1,8028771,221867057814,29088,27634,27634,-1454,-5.0,27634,-1454,-5.0,27634,27634,1399-6-18
782,ضغدر8040,اختيارخ وغدير-13000-1399/08/26,1,1,6000000,5600,6000,6000,400,7.14,6000,400,7.14,6000,6000,1399-6-18
783,ضفلا8091,اختيارخ فولاد-25775-1399/08/28,1,1,2000000,3525,2000,2000,-1525,-43.26,2000,-1525,-43.26,2000,2000,1399-6-18
784,گندم2,مرابحه گندم2-واجدشرايط خاص1400,1,500,474500000,984000,949000,949000,-35000,-3.56,949000,-35000,-3.56,949000,949000,1399-6-18
785,ضچاد7023,اختيارخ كچاد-21300-1399/07/07,1,40,20000000,1100,500,500,-600,-54.55,500,-600,-54.55,500,500,1399-6-18
786,تملي703,تسهيلات مسكن ب. ملي-خرداد97,1,1,167482,159507,167482,167482,7975,5.0,167482,7975,5.0,167482,167482,1399-6-18
787,پست9908-08,پسته فندقي32-30زرينمه ولات9908,1,5,5882100,1225783,1176420,1176420,-49363,-4.03,1176420,-49363,-4.03,1176420,1176420,1399-6-18
788,افاد81,منفعت دولت8-ش.خاص مهر0205,1,2000,1900000000,1000000,950000,950000,-50000,-5.0,950000,-50000,-5.0,950000,950000,1399-6-18
789,مبين011,اجاره اعتماد مبين لوتوس010710,1,2000,1954000000,1000000,977000,977000,-23000,-2.3,977000,-23000,-2.3,977000,977000,1399-6-18
790,ضملي8067,اختيارخ فملي -14750-1399/08/06,1,20,250000000,21849,12500,12500,-9349,-42.79,12500,-9349,-42.79,12500,12500,1399-6-18
791,فن آوا,گروه فن آوا,1,1000,14373000,14666,14373,14373,-293,-2.0,14666,0,0.0,14373,14373,1399-6-18
792,لخانه,لوازم‌ خانگي‌ پارس‌,1,2500,145497500,59998,58199,58199,-1799,-3.0,59984,-14,-0.02,58199,58199,1399-6-18
793,افاد814,منفعت دولت8-ش.خاص مهر0205,1,340000,323000000000,1000000,950000,950000,-50000,-5.0,950000,-50000,-5.0,950000,950000,1399-6-18
794,ضفلا8088,اختيارخ فولاد-19775-1399/08/28,1,2,3600000,5222,1800,1800,-3422,-65.53,1800,-3422,-65.53,1800,1800,1399-6-18
795,تملي702,تسهيلات مسكن ب. ملي-ارديبهشت97,1,1,305769,291209,305769,305769,14560,5.0,305769,14560,5.0,305769,305769,1399-6-18
796,اخزا8212,اسنادخزانه-م21بودجه98-020906,1,315000,184275000000,583718,585000,585000,1282,0.22,585000,1282,0.22,585000,585000,1399-6-18
797,ضگل8065,اختيارخ كگل-23100-1399/08/21,1,1,1000000,2200,1000,1000,-1200,-54.55,1000,-1200,-54.55,1000,1000,1399-6-18
798,ضفلا8080,اختيارخ فولاد-11775-1399/08/28,1,5,30000000,8192,6000,6000,-2192,-26.76,6000,-2192,-26.76,6000,6000,1399-6-18
799,بذر2,صندوق س بذر اميد آفرين-سهام,1,7750000,7750000,116000,1,1,-115999,-100.0,1,-115999,-100.0,1,1,1399-6-18
800,صگل411,ص اجاره گل گهر 411- 3 ماهه 17%,1,20,19000200,909200,950010,950010,40810,4.49,950010,40810,4.49,950010,950010,1399-6-18
801,ضسپا8022,اختيارخ خساپا-3200-1399/08/26,1,50,20000000,554,400,400,-154,-27.8,400,-154,-27.8,400,400,1399-6-18
802,سنفت993,سلف نفت خام سبك داخلي 993,1,153600,122186342400,830125,795484,795484,-34641,-4.17,795484,-34641,-4.17,795484,795484,1399-6-18
803,تملي802,تسهيلات مسكن ب. ملي-ارديبهشت98,1,3,967950,307286,322650,322650,15364,5.0,322650,15364,5.0,322650,322650,1399-6-18
804,عسناسنگ,سلف كنستانتره سنگ آهن سناباد,1,1,6783106,6783106,6783106,6783106,0,0.0,6783106,0,0.0,6783106,6783106,1399-6-18
805,سپرمي,پرميت‌,1,1000,8381000,8465,8381,8381,-84,-0.99,8465,0,0.0,8381,8381,1399-6-18
806,طفلا8060,اختيارف فولاد-3507-1399/08/28,1,5,635160,29,79,79,50,172.41,79,50,172.41,79,79,1399-6-18
807,وتوكاح2,ح . ‌توكافولاد(هلدينگ‌,1,5484725,43329327500,8779,7900,7900,-879,-10.01,7900,-879,-10.01,7900,7900,1399-6-18
808,فماك,ماداكتو استيل كرد,1,20000,541420000,28496,27071,27071,-1425,-5.0,27071,-1425,-5.0,27071,27071,1399-6-18
809,اشاد9,مشاركت دولتي9-شرايط خاص990909,1,100,99999900,992407,999999,999999,7592,0.77,999999,7592,0.77,999999,999999,1399-6-18
810,ضغدر8049,اختيارخ وغدير-24000-1399/08/26,1,1,3000000,2378,3000,3000,622,26.16,3000,622,26.16,3000,3000,1399-6-18
811,سنفت2991,سلف نفت خام سبك داخلي2991,1,148120,111629749280,786000,753644,753644,-32356,-4.12,753644,-32356,-4.12,753644,753644,1399-6-18
812,افاد624,منفعت دولت6-ش.خاص ملت0109,1,4999000,4999000000000,1000000,1000000,1000000,0,0.0,1000000,0,0.0,1000000,1000000,1399-6-18
813,ضسپا8020,اختيارخ خساپا-2800-1399/08/26,1,18,9000000,989,500,500,-489,-49.44,500,-489,-49.44,500,500,1399-6-18
814,تملي711,تسهيلات مسكن ب. ملي-بهمن97,1,1,330561,314820,330561,330561,15741,5.0,330561,15741,5.0,330561,330561,1399-6-18
815,سكارون,سيمان كارون,1,90,10700190,122568,118891,118891,-3677,-3.0,122566,-2,0.0,118891,118891,1399-6-18
816,افاد61,منفعت دولت6-ش.خاص140109,1,1000,980000000,965000,980000,980000,15000,1.55,980000,15000,1.55,980000,980000,1399-6-18
817,گواهي ظرفيت,گواهي ظرفيت نقدي,1,3750,39894157500,9452118,10638442,10638442,1186324,12.55,10638442,1186324,12.55,10638442,10638442,1399-6-18
818,ضجار7010,اختيارخ وتجارت-1200-1399/07/22,1,10,17100000,1900,1710,1710,-190,-10.0,1710,-190,-10.0,1710,1710,1399-6-18
819,مكرج112,مشاركت شهرداري كرج-3ماهه18%,1,1000,953000000,963000,953000,953000,-10000,-1.04,953000,-10000,-1.04,953000,953000,1399-6-18
820,ضمخا7032,اختيارخ اخابر-4750-1399/07/30,1,13,156000000,14315,12000,12000,-2315,-16.17,12000,-2315,-16.17,12000,12000,1399-6-18
821,تملي612,تسهيلات مسكن بانك ملي-اسفند96,1,1,1591441,1515659,1591441,1591441,75782,5.0,1591441,75782,5.0,1591441,1591441,1399-6-18
822,تملي710,تسهيلات مسكن ب. ملي-دي97,1,2,552888,263280,276444,276444,13164,5.0,276444,13164,5.0,276444,276444,1399-6-18
823,تملي712,تسهيلات مسكن ب. ملي-اسفند97,1,1,321535,306224,321535,321535,15311,5.0,321535,15311,5.0,321535,321535,1399-6-18
824,تملي706,تسهيلات مسكن ب. ملي-شهريور97,1,1,143961,137106,143961,143961,6855,5.0,143961,6855,5.0,143961,143961,1399-6-18
825,اراد454,مرابحه عام دولت4-ش.خ 0107,1,7061686,6702599266900,948750,949150,949150,400,0.04,949150,400,0.04,949150,949150,1399-6-18
826,ضملي8078,اختيارخ فملي-31750-1399/08/06,1,2,6000000,6900,3000,3000,-3900,-56.52,3000,-3900,-56.52,3000,3000,1399-6-18
827,وكار2,بانك‌ كارآفرين‌,1,55000000,747450000000,14300,13590,13590,-710,-4.97,13590,-710,-4.97,13590,13590,1399-6-18
828,ضپار8013,اختيارخ خپارس-2600-1399/08/18,1,1,6500000,8250,6500,6500,-1750,-21.21,6500,-1750,-21.21,6500,6500,1399-6-18
829,ضپار8014,اختيارخ خپارس-2800-1399/08/18,1,1,6500000,8250,6500,6500,-1750,-21.21,6500,-1750,-21.21,6500,6500,1399-6-18
830,زير0003پ02,زيره سبز0003 دانش(پ),1,40,17736360,466934,443409,443409,-23525,-5.04,443409,-23525,-5.04,443409,443409,1399-6-18
831,دمعيار2,صندوق س. توازن معيار-د,1,2000000,2000000,10074,1,1,-10073,-99.99,1,-10073,-99.99,1,1,1399-6-18
832,ضغدر8046,اختيارخ وغدير-19000-1399/08/26,1,12,20400000,3064,1700,1700,-1364,-44.52,1700,-1364,-44.52,1700,1700,1399-6-18
