,نماد,نام,تعداد,حجم,ارزش,دیروز,اولین,آخرین معامله - مقدار,آخرین معامله - تغییر,آخرین معامله - درصد,قیمت پایانی - مقدار,قیمت پایانی - تغییر,قیمت پایانی - درصد,کمترین,بیشترین,تاریخ
0,شپنا,پالايش نفت اصفهان,139282,948399889,16398069506700,17250,18110,16690,-560,-3.25,17290,40,0.23,16390,18110,1399-9-4
1,خودرو,ايران‌ خودرو,122874,3506053982,14219286120680,3940,4000,3960,20,0.51,4060,120,3.05,3800,4130,1399-9-4
2,دارا يكم,صندوق واسطه گري مالي يكم-سهام,102368,59814054,11736486914230,191110,193100,194000,2890,1.51,196220,5110,2.67,189030,203990,1399-9-4
3,شستا,سرمايه گذاري تامين اجتماعي,99539,266630535,7801846977010,30590,30000,29070,-1520,-4.97,29260,-1330,-4.35,29070,30490,1399-9-4
4,وتجارت,بانك تجارت,94274,4011828005,14637296896510,3500,3670,3670,170,4.86,3650,150,4.29,3440,3670,1399-9-4
5,شتران,پالايش نفت تهران,72497,403351815,5556338894930,13740,14420,13410,-330,-2.4,13780,40,0.29,13060,14420,1399-9-4
6,حگردش,ريل گردش ايرانيان,68394,400000000,400000000000,1000,1000,1000,0,0.0,1000,0,0.0,1000,1000,1399-9-4
7,خساپا,سايپا,63776,2703307585,7947103863970,2860,2920,2880,20,0.7,2940,80,2.8,2780,3000,1399-9-4
8,وسپهر,سرمايه گذاري مالي سپهرصادرات,59291,141238427,1623177888875,11763,12000,11300,-463,-3.94,11492,-271,-2.3,11180,12000,1399-9-4
9,فملي,ملي‌ صنايع‌ مس‌ ايران‌,57611,226369717,5903262497750,27260,26320,25900,-1360,-4.99,26080,-1180,-4.33,25900,27250,1399-9-4
10,فولاد,فولاد مباركه اصفهان,52683,327023562,4131993407530,13190,13050,12540,-650,-4.93,12640,-550,-4.17,12540,13250,1399-9-4
11,ثاميد,توسعه و عمران اميد,43513,356900950,803765922630,2310,2350,2220,-90,-3.9,2250,-60,-2.6,2200,2360,1399-9-4
12,غزر,صنعتي زر ماكارون,37877,9182854,457242128210,47850,48000,50240,2390,4.99,49790,1940,4.05,47080,50240,1399-9-4
13,وبملت,بانك ملت,37696,755899943,4177687926250,5390,5500,5450,60,1.11,5530,140,2.6,5200,5650,1399-9-4
14,شبندر,پالايش نفت بندرعباس,37473,137730241,3950033544140,29640,30200,28160,-1480,-4.99,28680,-960,-3.24,28160,30500,1399-9-4
15,وبصادر,بانك صادرات ايران,36686,1034118356,3744211143510,3480,3640,3650,170,4.89,3620,140,4.02,3410,3650,1399-9-4
16,دي,بانك دي,35909,81155016,3638862526681,45268,45510,43322,-1946,-4.3,44838,-430,-0.95,43005,46996,1399-9-4
17,سيتا,سرمايه گذاري سيمان تامين,33537,48661719,840504801630,17510,17900,16980,-530,-3.03,17270,-240,-1.37,16800,18170,1399-9-4
18,پيزد,مجتمع صنايع لاستيك يزد,33400,5059239,458588879826,91662,95300,87100,-4562,-4.98,90644,-1018,-1.11,87079,96242,1399-9-4
19,زملارد,كشاورزي و دامپروري ملارد شير,32905,5480820,219838948000,38225,40136,40136,1911,5.0,40111,1886,4.93,39000,40136,1399-9-4
20,خگستر,گسترش‌سرمايه‌گذاري‌ايران‌خودرو,32236,725111103,2789713765120,3760,3780,3750,-10,-0.27,3850,90,2.39,3620,3940,1399-9-4
21,بپيوند,برق و انرژي پيوندگستر پارس,32138,23927366,554315335333,23710,23840,22567,-1143,-4.82,23167,-543,-2.29,22250,24400,1399-9-4
22,وپويا,سرمايه گذاري پويا,32012,54167979,480646084252,8774,8700,8670,-104,-1.19,8873,99,1.13,8533,9209,1399-9-4
23,امين,تامين سرمايه امين,29810,41882060,477490614870,11380,11410,11490,110,0.97,11400,20,0.18,11070,11550,1399-9-4
24,شاروم,پتروشيمي اروميه,28945,10024074,186088901571,18188,18800,18430,242,1.33,18564,376,2.07,17628,19097,1399-9-4
25,ثشاهد,سرمايه‌ گذاري‌ شاهد,26079,120574415,2767624972720,23720,23200,22690,-1030,-4.34,22950,-770,-3.25,22540,24200,1399-9-4
26,خزاميا,زامياد,25415,174760945,2390454306740,13390,13320,13230,-160,-1.19,13680,290,2.17,12750,14050,1399-9-4
27,تليسه,دامداري تليسه نمونه,24530,224791065,2067980342737,8494,8500,9343,849,10.0,9200,706,8.31,8494,9343,1399-9-4
28,بگيلان,توسعه مسير برق گيلان,24181,6526997,166600429176,25932,25600,25499,-433,-1.67,25525,-407,-1.57,25030,26400,1399-9-4
29,حكشتي,كشتيراني جمهوري اسلامي ايران,23475,106197060,2786761443630,25170,25300,26420,1250,4.97,26240,1070,4.25,24550,26420,1399-9-4
30,ذوب,سهامي ذوب آهن  اصفهان,22152,327379719,1472684020453,4676,4600,4483,-193,-4.13,4498,-178,-3.81,4443,4680,1399-9-4
31,ثبهساز,بهساز كاشانه تهران,19459,106833799,298432471970,2780,2810,2780,0,0.0,2790,10,0.36,2700,2890,1399-9-4
32,آريا,پليمر آريا ساسول,18662,3366880,536291211619,164631,162010,159000,-5631,-3.42,159284,-5347,-3.25,157000,164000,1399-9-4
33,خپارس,پارس‌ خودرو,18566,189017000,1556935752830,8160,8330,8000,-160,-1.96,8240,80,0.98,7760,8560,1399-9-4
34,كاما,باما,18216,9284164,1718230338590,179170,186870,187190,8020,4.48,185070,5900,3.29,179600,188000,1399-9-4
35,سبزوا,سيمان لار سبزوار,17189,178613617,1155922936057,6397,6716,6190,-207,-3.24,6472,75,1.17,6080,6716,1399-9-4
36,ولپارس,ليزينگ پارسيان,16675,5334063,30244137210,5400,5670,5670,270,5.0,5550,150,2.78,5670,5670,1399-9-4
37,رافزا,رايان هم افزا,16155,95086,3432509514,34380,36099,36099,1719,5.0,34491,111,0.32,36099,36099,1399-9-4
38,وپارس,بانك‌پارسيان‌,16021,1018117096,3971747152000,3730,3910,3910,180,4.83,3900,170,4.56,3750,3910,1399-9-4
39,كرمان,س. توسعه و عمران استان كرمان,13929,30800844,2218774979032,72885,76529,69990,-2895,-3.97,72036,-849,-1.16,69241,76529,1399-9-4
40,بترانس,ايران‌ ترانسفو,13803,33973645,1165682058270,32980,34610,34480,1500,4.55,34310,1330,4.03,33000,34620,1399-9-4
41,پترول,گروه پتروشيمي س. ايرانيان,13576,74285456,941632430520,13180,13180,12530,-650,-4.93,12680,-500,-3.79,12530,13180,1399-9-4
42,پتاير,ايران‌ تاير,13151,9412040,1332623278110,152050,145000,136850,-15200,-10.0,141590,-10460,-6.88,136850,150900,1399-9-4
43,بركت,گروه دارويي بركت,13122,59598587,979529223170,15740,16520,16520,780,4.96,16440,700,4.45,15910,16520,1399-9-4
44,تبرك,گروه كارخانجات صنعتي تبرك,12035,33573947,750403608538,22805,22250,21900,-905,-3.97,22351,-454,-1.99,21665,23582,1399-9-4
45,ميدكو,هلدينگ صنايع  معدني خاورميانه,11950,91720829,2363051382352,24662,25895,25894,1232,5.0,25764,1102,4.47,24900,25895,1399-9-4
46,وخارزم,سرمايه گذاري خوارزمي,11349,79381892,729224916510,9090,9400,8950,-140,-1.54,9190,100,1.1,8710,9540,1399-9-4
47,ونوين,بانك‌اقتصادنوين‌,11291,272785407,1402757115940,4990,5100,5070,80,1.6,5140,150,3.01,4880,5230,1399-9-4
48,گكوثر,هتل پارسيان كوثر اصفهان,11234,6133312,953780237204,165630,165000,149070,-16560,-10.0,155508,-10122,-6.11,149067,170000,1399-9-4
49,كسعدي,كاشي‌ سعدي‌,11232,22761632,786678579720,35470,33700,33750,-1720,-4.85,34560,-910,-2.57,33700,36490,1399-9-4
50,فرابورس,فرابورس ايران,11131,25768857,1448478520061,54839,57580,53700,-1139,-2.08,56210,1371,2.5,52600,57580,1399-9-4
51,لپارس,پارس‌ الكتريك‌,11080,10344017,1383780787550,132910,126270,139550,6640,5.0,133780,870,0.65,126270,139550,1399-9-4
52,وغدير,سرمايه‌گذاري‌غدير(هلدينگ‌,11072,88387552,1103859650210,13040,12990,12390,-650,-4.98,12490,-550,-4.22,12390,13000,1399-9-4
53,وساپا,سرمايه‌گذاري‌ سايپا,10970,198694191,1723447682320,8280,8690,8690,410,4.95,8670,390,4.71,8500,8690,1399-9-4
54,شگويا,پتروشيمي تندگويان,10372,54698350,610203604778,11588,11490,11009,-579,-5.0,11156,-432,-3.73,11009,11600,1399-9-4
55,فارس,صنايع پتروشيمي خليج فارس,10200,58685963,704557881900,12570,12620,11950,-620,-4.93,12010,-560,-4.46,11950,12620,1399-9-4
56,حفاري,حفاري شمال,10104,102532693,1347245156300,11830,12900,13540,1710,14.45,13140,1310,11.07,12510,13540,1399-9-4
57,خاور,ايران خودرو ديزل,9507,92088120,492691177464,5263,5240,5220,-43,-0.82,5350,87,1.65,5050,5526,1399-9-4
58,صبا,سرمايه گذاري صبا تامين,9049,31957820,259501487545,8233,8385,7975,-258,-3.13,8120,-113,-1.37,7891,8385,1399-9-4
59,خمحركه,نيرو محركه‌,8915,80366197,482438842410,5890,5880,5870,-20,-0.34,6000,110,1.87,5700,6180,1399-9-4
60,ثپرديس,سرمايه گذاري مسكن پرديس,8742,57188440,616585491037,11092,10538,10538,-554,-4.99,10782,-310,-2.79,10538,11364,1399-9-4
61,شبريز,پالايش نفت تبريز,8227,23657798,703384980830,30730,30800,29200,-1530,-4.98,29730,-1000,-3.25,29200,31060,1399-9-4
62,كچاد,معدني‌وصنعتي‌چادرملو,8155,47005847,946283104940,21010,21080,19960,-1050,-5.0,20130,-880,-4.19,19960,21080,1399-9-4
63,دماوند,توليد نيروي برق دماوند,7878,9692381,727985932855,75668,77500,71885,-3783,-5.0,75109,-559,-0.74,71885,78290,1399-9-4
64,ثباغ,شهر سازي و خانه سازي باغميشه,7836,30688461,779282557909,25063,23810,26316,1253,5.0,25393,330,1.32,23810,26316,1399-9-4
65,تاپيكو,س. نفت و گاز و پتروشيمي تأمين,7578,47517415,648011622590,14240,14000,13530,-710,-4.99,13640,-600,-4.21,13530,14200,1399-9-4
66,شيران,س. صنايع‌شيميايي‌ايران,7282,27568285,918582247520,32480,34100,32010,-470,-1.45,33320,840,2.59,31160,34100,1399-9-4
67,ونيرو,سرمايه‌گذاري‌نيرو,7058,143438069,600364550390,4010,4010,4210,200,4.99,4190,180,4.49,4010,4210,1399-9-4
68,صباح,ح . سرمايه گذاري صبا تامين,6983,25884895,147845073468,5823,5760,5603,-220,-3.78,5712,-111,-1.91,5582,5830,1399-9-4
69,نوري,پتروشيمي نوري,6901,4377458,775660313220,184350,184360,181000,-3350,-1.82,177190,-7160,-3.88,175140,184990,1399-9-4
70,قصفها,قنداصفهان‌,6896,4052882,848549918830,191830,201010,211010,19180,10.0,209370,17540,9.14,196000,211010,1399-9-4
71,كاوه,فولاد كاوه جنوب كيش,6889,40529405,729145645090,18660,18150,17900,-760,-4.07,17990,-670,-3.59,17730,19100,1399-9-4
72,بجهرم,توسعه مولد نيروگاهي جهرم,6775,86257008,328776463448,3717,3800,3780,63,1.69,3812,95,2.56,3670,3902,1399-9-4
73,فخوز,فولاد  خوزستان,6771,31141245,1080609774410,36380,35700,34570,-1810,-4.98,34700,-1680,-4.62,34570,35800,1399-9-4
74,فاراك,ماشين‌ سازي‌ اراك‌,6766,73276428,480783541750,6710,6700,6440,-270,-4.02,6560,-150,-2.24,6380,6970,1399-9-4
75,خكاوه,سايپا ديزل,6697,95281090,448015932654,4851,4630,4655,-196,-4.04,4702,-149,-3.07,4609,4981,1399-9-4
76,اخابر,مخابرات ايران,6583,50930840,687681635980,13530,13130,13080,-450,-3.33,13500,-30,-0.22,12860,14100,1399-9-4
77,تملت,تامين سرمايه بانك ملت,6465,24617872,201009215900,8180,8340,8120,-60,-0.73,8170,-10,-0.12,8000,8500,1399-9-4
78,چكاپا,گروه صنايع كاغذ پارس,6448,107818701,649105765430,5760,5830,6040,280,4.86,6020,260,4.51,5830,6040,1399-9-4
79,وپاسار,بانك  پاسارگاد,6381,76086988,836238859150,10620,11050,11060,440,4.14,10990,370,3.48,10620,11150,1399-9-4
80,بكام,كارخانجات توليدي شهيد قندي,6334,72996045,293435427340,4140,4230,3940,-200,-4.83,4020,-120,-2.9,3940,4230,1399-9-4
81,كگل,معدني و صنعتي گل گهر,6319,35355341,673075509600,19900,20390,18910,-990,-4.97,19040,-860,-4.32,18910,20390,1399-9-4
82,ورنا,سرمايه‌گذاري‌ رنا(هلدينگ‌,6099,66986788,588468925260,8450,8650,8800,350,4.14,8780,330,3.91,8390,8870,1399-9-4
83,ختوقا,قطعات‌ اتومبيل‌ ايران‌,6044,95280611,306116080510,3140,3150,3140,0,0.0,3210,70,2.23,3040,3290,1399-9-4
84,انرژي3,سايراشخاص بورس انرژي,5911,1967801,519230250290,275670,272100,261890,-13780,-5.0,263860,-11810,-4.28,261890,278120,1399-9-4
85,قثابت,قند ثابت‌ خراسان‌,5834,8298094,593149980850,69350,72810,69900,550,0.79,71480,2130,3.07,67060,72810,1399-9-4
86,ومعادن,توسعه‌معادن‌وفلزات‌,5695,50493594,707444148390,14680,14600,13950,-730,-4.97,14010,-670,-4.56,13950,14600,1399-9-4
87,سشرق,سيمان‌ شرق‌,5616,68894015,416910584860,5100,6200,6270,1170,22.94,6050,950,18.63,5890,6390,1399-9-4
88,كپارس,كاشي‌ پارس‌,5593,3693340,554523329390,146800,154140,143000,-3800,-2.59,150140,3340,2.28,139890,154140,1399-9-4
89,فاذر,صنايع‌ آذرآب‌,5564,12945286,379551377590,29640,30450,28400,-1240,-4.18,29320,-320,-1.08,28160,31000,1399-9-4
90,فروي,ذوب روي اصفهان,5522,6826277,370372284751,53423,55990,55250,1827,3.42,54257,834,1.56,50752,55990,1399-9-4
91,غنوش,نوش‌ مازندران‌,5338,14435215,1041395133150,69050,72500,72490,3440,4.98,72140,3090,4.48,69050,72500,1399-9-4
92,تنوينح,ح . تامين سرمايه نوين,5288,21639146,103217131882,4567,4700,4720,153,3.35,4770,203,4.44,4580,4950,1399-9-4
93,سفارس,سيمان فارس و خوزستان,5277,28739354,516065285410,17630,18510,17550,-80,-0.45,17960,330,1.87,16810,18510,1399-9-4
94,وساخت,سرمايه‌ گذاري‌ ساختمان‌ايران‌,5267,7439481,510366111850,65740,69020,69020,3280,4.99,68600,2860,4.35,66870,69020,1399-9-4
95,زشگزا,شير و گوشت زاگرس شهركرد,5173,3399416,580472926840,156195,165000,171814,15619,10.0,170757,14562,9.32,162000,171814,1399-9-4
96,ختور,رادياتور ايران‌,5079,9456381,398017532120,42960,43960,40880,-2080,-4.84,42090,-870,-2.03,40820,44920,1399-9-4
97,وصندوق,سرمايه‌گذاري‌صندوق‌بازنشستگي‌,5026,68031667,1159676363570,16280,17090,16900,620,3.81,17050,770,4.73,16200,17090,1399-9-4
98,غشهداب,كشت و صنعت شهداب ناب خراسان,5023,71145599,301341514317,4048,4190,4250,202,4.99,4236,188,4.64,4110,4250,1399-9-4
99,ثاخت,بين‌المللي‌توسعه‌ساختمان,4956,107283015,407489546500,3630,3810,3810,180,4.96,3800,170,4.68,3500,3810,1399-9-4
100,آگاس,صندوق س.هستي بخش آگاه-س,4809,5308293,369248641702,71032,71900,68502,-2530,-3.56,69561,-1471,-2.07,67700,71900,1399-9-4
101,كرازي,كارخانجات‌توليدي‌شيشه‌رازي‌,4731,12116857,248593831390,20880,21550,20000,-880,-4.21,20520,-360,-1.72,19840,21550,1399-9-4
102,حسير,ريل سير كوثر,4722,16071739,290665517593,17902,18797,17310,-592,-3.31,18086,184,1.03,17050,18797,1399-9-4
103,كالا,بورس كالاي ايران,4669,9996957,380201999190,36650,38480,37980,1330,3.63,38030,1380,3.77,36650,38480,1399-9-4
104,هاي وب,داده گسترعصرنوين-هاي وب,4614,14701661,350914422580,23180,23550,23910,730,3.15,23870,690,2.98,22500,24330,1399-9-4
105,ماديرا,صنايع ماشين هاي اداري ايران,4528,12378894,357764428301,27883,29000,29277,1394,5.0,28901,1018,3.65,27871,29277,1399-9-4
106,نوين,بيمه نوين,4500,41110127,315245076512,7434,7790,7600,166,2.23,7668,234,3.15,7100,7805,1399-9-4
107,قاسم,قاسم ايران,4433,20980795,232650770058,11489,11400,10915,-574,-5.0,11089,-400,-3.48,10915,11590,1399-9-4
108,رانفور,خدمات‌انفورماتيك‌,4376,10747461,376300415700,34240,34800,34270,30,0.09,35010,770,2.25,33130,35950,1399-9-4
109,آسيا,بيمه آسيا,4367,13441882,378914809430,29120,29480,27670,-1450,-4.98,28190,-930,-3.19,27670,30000,1399-9-4
110,وليز,ليزينگ‌ايران‌,4325,43971373,355630027500,7840,7900,8230,390,4.97,8090,250,3.19,7550,8230,1399-9-4
111,خاذين,سايپاآذين‌,4261,46980424,267300773660,5540,5530,5630,90,1.62,5690,150,2.71,5350,5810,1399-9-4
112,چكاوه,صنايع‌كاغذسازي‌كاوه‌,4153,7952411,226021649260,28460,29860,29530,1070,3.76,28420,-40,-0.14,27040,29860,1399-9-4
113,ولساپا,ليزينگ رايان‌ سايپا,4097,65783798,258433301810,3920,4000,3920,0,0.0,3930,10,0.26,3810,4070,1399-9-4
114,وملل,اعتباري ملل,4037,26658739,373680693230,13696,13900,13770,74,0.54,14017,321,2.34,13421,14380,1399-9-4
115,وبانك,سرمايه گذاري گروه توسعه ملي,4036,26603045,251373272010,9660,9780,9280,-380,-3.93,9450,-210,-2.17,9180,9850,1399-9-4
116,سمگا,گروه سرمايه گذاري ميراث فرهنگي,3941,27482622,555894131592,20681,20740,19990,-691,-3.34,20227,-454,-2.2,19647,21200,1399-9-4
117,غپاك,لبنيات‌ پاك‌,3761,23574749,349865675510,14430,15150,15150,720,4.99,14840,410,2.84,13900,15150,1399-9-4
118,كترام,توليدي‌ كاشي‌ تكسرام‌,3649,9819051,334337875710,34020,33890,34000,-20,-0.06,34050,30,0.09,32330,34880,1399-9-4
119,غگيلا,شيرپاستوريزه پگاه گيلان,3643,52442,927069676,16837,17678,17678,841,4.99,16852,15,0.09,17678,17678,1399-9-4
120,خريخت,صنايع‌ريخته‌گري‌ايران‌,3573,49831529,198283041130,4050,4050,3860,-190,-4.69,3980,-70,-1.73,3850,4180,1399-9-4
121,مدير,ص.س.مديريت ثروت ص.بازنشستگي-س,3567,21664910,219780347020,10355,10330,9950,-405,-3.91,10145,-210,-2.03,9890,10400,1399-9-4
122,ساوه,سيمان ساوه,3495,2085977,104734819193,47819,50209,50209,2390,5.0,50209,2390,5.0,50209,50209,1399-9-4
123,كهمداح,ح . شيشه‌ همدان‌,3481,13817107,153244564340,10310,11340,10900,590,5.72,11090,780,7.57,10600,11340,1399-9-4
124,شفارس,صنايع‌ شيميايي‌ فارس‌,3472,12005242,582461333880,47130,49480,47300,170,0.36,48520,1390,2.95,46300,49480,1399-9-4
125,لسرما,سرما آفرين‌,3447,6481943,195512464360,30740,31800,29210,-1530,-4.98,30160,-580,-1.89,29210,31800,1399-9-4
126,وبيمه,سرمايه‌ گذاري‌ صنعت‌ بيمه‌,3439,43051325,137785620010,3170,3320,3080,-90,-2.84,3200,30,0.95,3020,3320,1399-9-4
127,كوير,توليدي فولاد سپيد فراب كوير,3424,13793193,229647279850,16710,16050,16670,-40,-0.24,16650,-60,-0.36,16050,17350,1399-9-4
128,كساوه,صنايع‌ كاشي‌ و سراميك‌ سينا,3405,8921019,626610944020,71840,73000,72990,1150,1.6,70240,-1600,-2.23,68250,74900,1399-9-4
129,ومهان,گروه توسعه مالي مهر آيندگان,3375,17966879,287111703205,15821,16300,15315,-506,-3.2,15980,159,1.0,15030,16580,1399-9-4
130,دزهراوي,داروسازي‌زهراوي‌,3350,22918805,256029475380,10720,11250,11250,530,4.94,11170,450,4.2,10650,11250,1399-9-4
131,غپينو,پارس‌ مينو,3343,25169194,158600560680,6500,6610,6180,-320,-4.92,6300,-200,-3.08,6180,6690,1399-9-4
132,ثعمرا,عمران و توسعه شاهد,3328,17356053,239477083700,14140,14500,13433,-707,-5.0,13798,-342,-2.42,13433,14500,1399-9-4
133,غدشت,دشت‌ مرغاب‌,3307,2986200,745858011530,261810,248720,254430,-7380,-2.82,249770,-12040,-4.6,248720,261700,1399-9-4
134,خرينگ,رينگ‌سازي‌مشهد,3294,5475027,301736853320,52860,55000,55500,2640,4.99,55110,2250,4.26,53000,55500,1399-9-4
135,دشيمي,شيمي‌ داروئي‌ داروپخش‌,3245,6962896,446792575440,65630,68250,62350,-3280,-5.0,64170,-1460,-2.22,62350,68250,1399-9-4
136,وسينا,بانك سينا,3224,43179122,472095640540,10460,10860,10980,520,4.97,10930,470,4.49,10500,10980,1399-9-4
137,ودي,بيمه  دي,3213,16883183,419065495057,25686,25750,24402,-1284,-5.0,24821,-865,-3.37,24402,25890,1399-9-4
138,سفاسي,شركت فارسيت اهواز,3191,18792855,200728787144,10462,10165,10775,313,2.99,10681,219,2.09,10165,10775,1399-9-4
139,مرقام,ايران‌ارقام‌,3175,10706764,224331905270,20300,21180,21310,1010,4.98,20950,650,3.2,19570,21310,1399-9-4
140,اعتماد,صندوق س.اعتماد آفرين پارسيان-د,3149,114179750,3823536837090,33468,33493,33488,20,0.06,33487,19,0.06,33483,33493,1399-9-4
141,ارفع,شركت آهن و فولاد ارفع,3115,15560759,203508029324,13638,13060,12960,-678,-4.97,13078,-560,-4.11,12957,13640,1399-9-4
142,غسالم,سالمين‌,3114,22834160,99868416510,4390,4520,4340,-50,-1.14,4370,-20,-0.46,4190,4540,1399-9-4
143,واتي,سرمايه‌ گذاري‌ آتيه‌ دماوند,3076,16724705,223137400990,12940,13580,13050,110,0.85,13340,400,3.09,12660,13580,1399-9-4
144,زنگان,صنعت روي زنگان,3043,1804571,177292457726,100627,95596,95596,-5031,-5.0,98246,-2381,-2.37,95596,104500,1399-9-4
145,بورس,بورس اوراق بهادار تهران,3038,4605392,236945189660,50620,51090,50000,-620,-1.22,51450,830,1.64,48300,53150,1399-9-4
146,دتوليد,داروسازي توليد دارو,3029,6757494,199242909329,29896,30980,29150,-746,-2.5,29485,-411,-1.37,28402,31300,1399-9-4
147,سپح,ح . پرداخت الكترونيك سامان كيش,2928,8495198,105140063210,11510,12380,12660,1150,9.99,12380,870,7.56,11800,12660,1399-9-4
148,شصدف,صنعتي دوده فام,2867,136615,3372068045,23508,24683,24683,1175,5.0,23583,75,0.32,24683,24683,1399-9-4
149,آ س پ,آ.س.پ,2849,18542275,218269160905,11244,11700,11806,562,5.0,11771,527,4.69,11356,11806,1399-9-4
150,ارزش,صندوق س ارزش آفرين بيدار-سهام,2847,18679862,189017049310,10150,10190,9950,-200,-1.97,10120,-30,-0.3,9820,10380,1399-9-4
151,تاپكيش,تجارت الكترونيك پارسيان كيش,2846,9347204,173267111013,17705,18590,18590,885,5.0,18537,832,4.7,18011,18590,1399-9-4
152,خوساز,محورسازان‌ايران‌خودرو,2795,23001934,159615718160,6750,6760,6880,130,1.93,6940,190,2.81,6600,7080,1399-9-4
153,ولغدر,ليزينگ‌خودروغدير,2794,18042898,335685547170,17870,17900,18760,890,4.98,18600,730,4.09,16980,18760,1399-9-4
154,ستران,سيمان‌ تهران‌,2782,7840320,261672003250,32020,33620,33620,1600,5.0,33380,1360,4.25,32100,33620,1399-9-4
155,پاسا,ايران‌ياساتايرورابر,2726,13300828,332867043440,24850,26090,23820,-1030,-4.14,25030,180,0.72,23610,26090,1399-9-4
156,تماوند,تامين سرمايه دماوند,2706,19065554,252012719008,12678,13311,12980,302,2.38,13218,540,4.26,12680,13311,1399-9-4
157,وصنعت,سرمايه گذاري توسعه صنعت وتجارت,2702,16432748,130146780670,7880,7820,7760,-120,-1.52,7920,40,0.51,7610,8130,1399-9-4
158,قرن,پديده شيمي قرن,2685,2243972,120884077640,55380,55200,52630,-2750,-4.97,53870,-1510,-2.73,52620,56100,1399-9-4
159,ميهن,بيمه ميهن,2674,30731837,188599222187,5978,6276,5820,-158,-2.64,6137,159,2.66,5710,6276,1399-9-4
160,شسپا,نفت سپاهان,2673,12136749,268555071080,22780,23000,22100,-680,-2.99,22130,-650,-2.85,21650,23400,1399-9-4
161,كحافظ,كاشي‌ وسراميك‌ حافظ‌,2667,11255257,239067021350,21900,22110,21010,-890,-4.06,21240,-660,-3.01,21010,22250,1399-9-4
162,آريان,سرمايه گذاري پارس آريان,2662,79413169,1189435372850,14552,14988,14988,436,3.0,14978,426,2.93,14600,14988,1399-9-4
163,خمهر,مهركام‌پارس‌,2647,32913207,207478721560,6020,6320,6320,300,4.98,6300,280,4.65,6100,6320,1399-9-4
164,ونفت,سرمايه‌گذاري‌ صنعت‌ نفت‌,2618,15517194,212503740640,13420,14090,13250,-170,-1.27,13690,270,2.01,12750,14090,1399-9-4
165,رمپنا,گروه مپنا (سهامي عام),2596,20893693,391942273340,19600,19000,18620,-980,-5.0,18760,-840,-4.29,18620,19820,1399-9-4
166,هرمز,فولاد هرمزگان جنوب,2574,17069124,201097484670,12281,11950,12045,-236,-1.92,11781,-500,-4.07,11667,12281,1399-9-4
167,تكشا,گسترش‌صنايع‌وخدمات‌كشاورزي‌,2573,4878474,350550244620,69040,72490,71300,2260,3.27,71860,2820,4.08,65600,72490,1399-9-4
168,وسپه,سرمايه‌گذاري‌ سپه‌,2539,11714330,164256863770,14470,14800,13750,-720,-4.98,14020,-450,-3.11,13750,14800,1399-9-4
169,سرو,صندوق س سروسودمند مدبران-سهام,2537,3067591,195073785650,64130,64880,62340,-1790,-2.79,63590,-540,-0.84,61900,65500,1399-9-4
170,وتوس,توسعه‌شهري‌توس‌گستر,2514,7827130,220696447760,29160,28100,27710,-1450,-4.97,28200,-960,-3.29,27710,29500,1399-9-4
171,اپرداز,آتيه داده پرداز,2496,6815505,181215584451,26981,26500,25750,-1231,-4.56,26589,-392,-1.45,25632,28280,1399-9-4
172,فسازان,غلتك سازان سپاهان,2483,10595546,262163198980,23720,24160,24900,1180,4.97,24740,1020,4.3,23730,24900,1399-9-4
173,شلعابح,ح . لعابيران‌,2449,30339659,126265727640,4100,4100,4230,130,3.17,4160,60,1.46,3830,4510,1399-9-4
174,كروي,توسعه‌ معادن‌ روي‌ ايران‌,2421,5757570,165581899560,30130,28770,28630,-1500,-4.98,28760,-1370,-4.55,28630,29890,1399-9-4
175,پارسان,گسترش نفت و گاز پارسيان,2411,18719986,391243115230,21860,21350,20770,-1090,-4.99,20900,-960,-4.39,20770,21860,1399-9-4
176,وآوا,سرمايه گذاري آوا نوين,2396,10182368,138728250707,13684,13890,13840,156,1.14,13624,-60,-0.44,13159,14050,1399-9-4
177,كگاز,شيشه‌ و گاز,2387,11411435,266706494940,22280,23390,23390,1110,4.98,23370,1090,4.89,22280,23390,1399-9-4
178,چكارن,كارتن‌ ايران‌,2383,22744539,77877862930,3430,3560,3400,-30,-0.87,3420,-10,-0.29,3270,3560,1399-9-4
179,غديس,پاكديس,2374,14652218,200526444304,12450,13695,13695,1245,10.0,13686,1236,9.93,13240,13695,1399-9-4
180,پاكشو,گروه صنعتي پاكشو,2362,2323820,206687986020,89870,93990,86100,-3770,-4.19,88940,-930,-1.03,85380,93990,1399-9-4
181,افق,فروشگاههاي زنجيره اي افق كوروش,2356,3130415,228075116040,71010,72400,74560,3550,5.0,72860,1850,2.61,70020,74560,1399-9-4
182,دلقما,دارويي‌ لقمان‌,2356,7851619,231886782370,28260,29670,29670,1410,4.99,29530,1270,4.49,28340,29670,1399-9-4
183,شپترو,پتروشيمي آبادان,2342,27275310,111744738495,4045,4080,4032,-13,-0.32,4097,52,1.29,3941,4166,1399-9-4
184,زاگرس,پتروشيمي زاگرس,2336,1951295,324015886566,171675,169109,165000,-6675,-3.89,166052,-5623,-3.28,163092,174000,1399-9-4
185,قشير,قند شيروان قوچان و بجنورد,2328,6813510,245957562421,33050,35910,36355,3305,10.0,36099,3049,9.23,33194,36355,1399-9-4
186,اميد,تامين سرمايه اميد,2322,14850353,149279001270,10250,10160,9890,-360,-3.51,10050,-200,-1.95,9750,10590,1399-9-4
187,خچرخش,چرخشگر,2317,10370201,210365726300,19360,20320,19800,440,2.27,20290,930,4.8,19700,20320,1399-9-4
188,حريل,ريل پردازسير,2311,32357083,120868994548,3587,3610,3766,179,4.99,3735,148,4.13,3610,3766,1399-9-4
189,وسكاب,س.ص.بازنشستگي كاركنان بانكها,2294,26253642,169076880720,6340,6380,6300,-40,-0.63,6440,100,1.58,6180,6640,1399-9-4
190,خاهن,آهنگري‌ تراكتورسازي‌ ايران‌,2281,8998834,327795145770,34920,34400,36660,1740,4.98,36430,1510,4.32,34400,36660,1399-9-4
191,بكهنوج,توليد برق ماهتاب كهنوج,2276,45437602,142467034808,3270,3150,3107,-163,-4.98,3135,-135,-4.13,3107,3240,1399-9-4
192,تنوين,تامين سرمايه نوين,2258,39154580,251932042020,6220,6460,6450,230,3.7,6430,210,3.38,6230,6530,1399-9-4
193,حفارس,حمل و نقل بين المللي خليج فارس,2252,24564464,96665791080,3930,3950,3860,-70,-1.78,3940,10,0.25,3760,4060,1399-9-4
194,وهور,مديريت انرژي اميد  تابان هور,2248,6869044,281969135597,42874,41200,40731,-2143,-5.0,41049,-1825,-4.26,40731,42874,1399-9-4
195,گدنا,تهيه توزيع غذاي دنا آفرين فدك,2245,674074,16200020442,22889,24033,24033,1144,5.0,23214,325,1.42,24033,24033,1399-9-4
196,آوا,صندوق س.سهام آواي معيار-س,2211,13379161,118583597518,8841,9000,8669,-172,-1.95,8863,22,0.25,8551,9199,1399-9-4
197,غشاذر,پگاه‌آذربايجان‌غربي‌,2201,5360402,96327280850,19660,18390,18470,-1190,-6.05,17970,-1690,-8.6,17480,18480,1399-9-4
198,فلوله,لوله‌وماشين‌سازي‌ايران‌,2192,8766608,175237744540,19380,19500,20340,960,4.95,19990,610,3.15,19000,20340,1399-9-4
199,خكرمان,گروه اقتصادي كرمان خودرو,2191,22524019,105167026811,4580,4705,4649,69,1.51,4669,89,1.94,4510,4717,1399-9-4
200,كسرا,سراميك‌هاي‌صنعتي‌اردكان‌,2187,7378403,174730645360,22640,23600,23770,1130,4.99,23680,1040,4.59,22850,23770,1399-9-4
201,وتوصا,گروه س توسعه صنعتي ايران,2179,18164882,222675772070,11740,12320,12320,580,4.94,12260,520,4.43,11820,12320,1399-9-4
202,كمند,صندوق س. با درآمد ثابت كمند,2178,86066157,869761409278,10105,10107,10107,2,0.02,10106,1,0.01,10103,10111,1399-9-4
203,نطرين,عطرين نخ قم,2152,12558177,188320834197,14302,15017,15017,715,5.0,14996,694,4.85,14302,15017,1399-9-4
204,كمرجان,بازرگاني و توليدي مرجان كار,2150,2477749,155626990255,65321,62065,62350,-2971,-4.55,62810,-2511,-3.84,62055,66500,1399-9-4
205,بكاب,صنايع‌جوشكاب‌يزد,2141,644144,157921629880,238350,250260,250260,11910,5.0,245170,6820,2.86,229000,250260,1399-9-4
206,فمراد,آلومراد,2108,2044127,218526531060,102680,107810,107810,5130,5.0,106900,4220,4.11,97550,107810,1399-9-4
207,طلا,صندوق س.پشتوانه طلاي لوتوس,2075,1682319,135703374036,84416,82021,81000,-3416,-4.05,80664,-3752,-4.44,79500,82060,1399-9-4
208,وبوعلي,سرمايه‌گذاري‌بوعلي‌,2074,14152686,91838999370,6550,6710,6440,-110,-1.68,6490,-60,-0.92,6270,6800,1399-9-4
209,فسپا,گروه‌صنعتي‌سپاهان‌,2071,3088263,136979959860,43850,45890,43990,140,0.32,44360,510,1.16,42860,45890,1399-9-4
210,حسينا,توسعه خدمات دريايي وبندري سينا,2069,2631995,177313018627,70196,70195,66000,-4196,-5.98,67368,-2828,-4.03,65601,70195,1399-9-4
211,همراه,شركت ارتباطات سيار ايران,2051,4751415,159974332280,34420,35000,33110,-1310,-3.81,33670,-750,-2.18,32700,35500,1399-9-4
212,ريشمك,توليد و صادرات ريشمك,2033,3837920,163407113650,41969,41970,43000,1031,2.46,42577,608,1.45,39871,44067,1399-9-4
213,پكرمان,گروه‌ صنعتي‌ بارز,2016,5819623,187425573470,33560,33830,31890,-1670,-4.98,32210,-1350,-4.02,31890,33830,1399-9-4
214,حتوكا,حمل‌ونقل‌توكا,2011,6294945,115502676470,18920,19600,17990,-930,-4.92,18350,-570,-3.01,17980,19600,1399-9-4
215,كلر,كلر پارس,2005,2589259,146608261643,58490,60950,55600,-2890,-4.94,56622,-1868,-3.19,55566,61299,1399-9-4
216,كيميا,معدني كيمياي زنجان گستران,1987,5245931,135098672655,24661,25894,25800,1139,4.62,25753,1092,4.43,25000,25894,1399-9-4
217,تايرا,تراكتورسازي‌ايران‌,1985,13167786,347044220390,25650,26930,25110,-540,-2.11,26360,710,2.77,24500,26930,1399-9-4
218,پكوير,كوير تاير,1975,5771280,100439984000,17360,17690,16970,-390,-2.25,17400,40,0.23,16600,18140,1399-9-4
219,فباهنر,مس‌ شهيدباهنر,1946,2877645,147501722280,49640,52120,51260,1620,3.26,51260,1620,3.26,49040,52120,1399-9-4
220,ولصنم,ليزينگ‌صنعت‌ومعدن‌,1936,26405356,211286477890,8360,8610,7950,-410,-4.9,8000,-360,-4.31,7950,8610,1399-9-4
221,قمرو,قند مرودشت‌,1912,3119149,81628696940,26460,27760,25150,-1310,-4.95,26170,-290,-1.1,25140,27760,1399-9-4
222,ثزاگرس,سرمايه گذاري توسعه عمران زاگرس,1901,5344203,213368480254,40098,38896,38896,-1202,-3.0,39925,-173,-0.43,38896,41300,1399-9-4
223,سپاها,سيمان‌سپاهان‌,1893,17827154,144945887560,7650,8000,8400,750,9.8,8130,480,6.27,7600,8400,1399-9-4
224,فاسمين,كالسيمين‌,1870,9534583,140156112120,15260,15780,14500,-760,-4.98,14700,-560,-3.67,14500,15790,1399-9-4
225,شبهرن,نفت‌ بهران‌,1824,2882597,178603474570,63860,64990,60680,-3180,-4.98,61960,-1900,-2.98,60670,64990,1399-9-4
226,توريل,توکاريل,1805,6075430,124108645904,19735,20707,20597,862,4.37,20428,693,3.51,19303,20721,1399-9-4
227,وايران,ليزينگ ايرانيان,1797,16641104,156331697720,8980,9420,9420,440,4.9,9390,410,4.57,9050,9420,1399-9-4
228,سدور,سيمان‌ دورود,1796,13080605,112925286590,8310,8720,8720,410,4.93,8630,320,3.85,8030,8720,1399-9-4
229,دكوثر,داروسازي‌ كوثر,1741,4853605,98194699320,19320,20150,20280,960,4.97,20230,910,4.71,19650,20280,1399-9-4
230,بميلا,توسعه بازرگاني آهن وفولادميلاد,1736,8866831,216404887866,23406,24576,24300,894,3.82,24406,1000,4.27,23540,24576,1399-9-4
231,غويتا,ويتانا,1734,2484146,123389947904,51695,51600,49111,-2584,-5.0,49671,-2024,-3.92,49111,51700,1399-9-4
232,رنيك,جنرال مكانيك,1727,6977840,159241881492,21824,22900,22915,1091,5.0,22821,997,4.57,22020,22915,1399-9-4
233,لوتوس,تامين سرمايه لوتوس پارسيان,1725,23116366,363157327430,14970,15710,15710,740,4.94,15710,740,4.94,15350,15710,1399-9-4
234,فيروزه,صندوق شاخص30 شركت فيروزه- سهام,1704,769458,131707096230,175020,177000,169000,-6020,-3.44,171170,-3850,-2.2,165760,177000,1399-9-4
235,خبهمن,گروه‌بهمن‌,1692,36969963,922400576850,23770,24950,24950,1180,4.96,24950,1180,4.96,24950,24950,1399-9-4
236,امين يكم,صندوق درآمد ثابت امين يكم فردا,1666,45672359,463247788248,10143,10150,10141,-2,-0.02,10143,0,0.0,10139,10155,1399-9-4
237,سرچشمه,سرمايه گذاري مس سرچشمه,1661,10142173,78071458311,7976,8120,7578,-398,-4.99,7698,-278,-3.49,7578,8120,1399-9-4
238,ثمسكن,سرمايه‌گذاري‌ مسكن‌,1654,17728709,103017218900,5610,5780,5800,190,3.39,5810,200,3.57,5540,5890,1399-9-4
239,شنفت,نفت‌ پارس‌,1646,2898775,179985600980,61370,64430,59000,-2370,-3.86,62090,720,1.17,58310,64430,1399-9-4
240,شغدير,پتروشيمي غدير,1583,3075364,154798766085,50688,52900,50000,-688,-1.36,50335,-353,-0.7,48500,52900,1399-9-4
241,سكرد,سيمان كردستان,1574,9121139,76148381270,8320,8320,8110,-210,-2.52,8350,30,0.36,8000,8730,1399-9-4
242,تيپيكو,سرمايه گذاري دارويي تامين,1569,1888086,114228414470,59620,62180,58620,-1000,-1.68,60500,880,1.48,57250,62290,1399-9-4
243,كيسون,شركت كيسون,1554,22584738,306579879605,13990,13571,13571,-419,-2.99,13575,-415,-2.97,13571,13750,1399-9-4
244,وتوسم,سرمايه‌گذاري‌توسعه‌ملي‌,1543,6521001,80970902660,12880,13050,12240,-640,-4.97,12420,-460,-3.57,12240,13090,1399-9-4
245,شكلر,نيروكلر,1539,3626700,178745960630,51010,49000,48500,-2510,-4.92,49290,-1720,-3.37,48460,50990,1399-9-4
246,غشهد,شهد ايران ‌,1524,15197821,99888736760,6280,6590,6590,310,4.94,6570,290,4.62,6390,6590,1399-9-4
247,ثالوند,سرمايه گذاري مسكن الوند,1512,8705508,121280167164,13289,13953,13952,663,4.99,13931,642,4.83,13433,13953,1399-9-4
248,وگستر,گسترش سرمايه گذاري ايرانيان,1510,3734700,80349213376,21223,22284,20500,-723,-3.41,21514,291,1.37,20200,22284,1399-9-4
249,خفنر,فنرسازي‌خاور,1506,3981723,71229009020,17720,16870,17500,-220,-1.24,17890,170,0.96,16870,18490,1399-9-4
250,وصنا,گروه‌صنايع‌بهشهرايران‌,1503,9208560,121224055340,12650,13250,13160,510,4.03,13160,510,4.03,12650,13280,1399-9-4
251,حتايد,تايدواترخاورميانه,1500,7081884,136142080850,19100,19990,18940,-160,-0.84,19220,120,0.63,18500,19990,1399-9-4
252,زكوثر,سرمايه گذاري كشاورزي كوثر,1489,2398191,47364272250,18810,19750,19750,940,5.0,19660,850,4.52,19750,19750,1399-9-4
253,تاپكيشح,ح.تجارت الكترونيك پارسيان كيش,1485,9540566,106052010342,10741,11270,11278,537,5.0,11116,375,3.49,10450,11278,1399-9-4
254,فجر,فولاد اميركبيركاشان,1484,2168694,127537444030,59190,60500,58210,-980,-1.66,58810,-380,-0.64,56310,61980,1399-9-4
255,تاصيكو,سرمايه گذاري صدرتامين,1470,14577252,146887188100,10540,10700,10020,-520,-4.93,10080,-460,-4.36,10020,10700,1399-9-4
256,وبشهر,توسعه‌ صنايع‌ بهشهر(هلدينگ,1453,12244585,200265326060,15700,16000,16480,780,4.97,16360,660,4.2,15230,16480,1399-9-4
257,قزوين,كارخانجات‌ قند قزوين‌,1436,2365154,105047414060,45820,47940,43530,-2290,-5.0,44410,-1410,-3.08,43530,47940,1399-9-4
258,شرانل,نفت ايرانول,1406,4473865,143035738411,31080,32400,31290,210,0.68,31971,891,2.87,30530,32634,1399-9-4
259,وخاور,بانك خاورميانه,1403,9473605,94814731990,9690,9970,9900,210,2.17,10010,320,3.3,9600,10170,1399-9-4
260,كبافق,معادن‌ بافق‌,1400,1761393,62576387670,37070,36000,35220,-1850,-4.99,35530,-1540,-4.15,35220,36900,1399-9-4
261,وپترو,سرمايه‌گذاري صنايع پتروشيمي‌,1379,12769735,207050445900,15520,16240,16290,770,4.96,16210,690,4.45,14850,16290,1399-9-4
262,حخزر,كشتيراني درياي خزر,1355,5884035,149554897648,24490,25714,24900,410,1.67,25417,927,3.79,23266,25714,1399-9-4
263,وسبحان,سرمايه گذاري سبحان,1351,7373013,62533365134,8634,8890,8360,-274,-3.17,8481,-153,-1.77,8260,8950,1399-9-4
264,شپديس,پتروشيمي پرديس,1350,2781315,281002701920,104200,107700,101700,-2500,-2.4,101030,-3170,-3.04,98990,107710,1399-9-4
265,ثفارس,عمران‌وتوسعه‌فارس‌,1345,18560415,131206142770,6750,7080,7080,330,4.89,7070,320,4.74,6830,7080,1399-9-4
266,تسه9908,امتياز تسهيلات مسكن آبان99,1343,54185,37823544377,733521,732500,696845,-36676,-5.0,698045,-35476,-4.84,696845,747000,1399-9-4
267,كاردان,صندوق س تجارت شاخصي كاردان,1336,772602,131533306570,172470,175200,168150,-4320,-2.5,170250,-2220,-1.29,165000,175610,1399-9-4
268,غصينو,صنعتي مينو,1336,3022481,167993158715,52942,55589,55589,2647,5.0,55581,2639,4.98,54666,55589,1399-9-4
269,تابا,تابان نيرو سپاهان,1328,4644135,151642321562,34067,32364,32364,-1703,-5.0,32652,-1415,-4.15,32364,33998,1399-9-4
270,تكمبا,كمباين‌ سازي‌ ايران‌,1327,12269484,125833161570,10720,10700,10190,-530,-4.94,10260,-460,-4.29,10190,10700,1399-9-4
271,وكادو,تكادو,1323,5948760,102190215037,17661,17900,17132,-529,-3.0,17178,-483,-2.73,17132,17900,1399-9-4
272,پارسيانح,ح.بيمه پارسيان,1313,7954943,81893347770,10120,10580,10000,-120,-1.19,10290,170,1.68,9670,10930,1399-9-4
273,شدوص,دوده‌ صنعتي‌ پارس‌,1302,4538424,100210540840,22810,23300,21990,-820,-3.59,22080,-730,-3.2,21670,23600,1399-9-4
274,شاراك,پتروشيمي شازند,1295,6829091,138385311880,20920,21280,20300,-620,-2.96,20260,-660,-3.15,19880,21280,1399-9-4
275,كمينا,شيشه سازي مينا,1295,4223507,121127815043,27356,28723,28723,1367,5.0,28679,1323,4.84,28350,28723,1399-9-4
276,وپست,پست بانك ايران,1287,14549777,214674432090,14070,14750,14760,690,4.9,14750,680,4.83,14310,14770,1399-9-4
277,چفيبر,فيبر ايران‌,1280,8844966,57822410630,6590,6910,6360,-230,-3.49,6540,-50,-0.76,6270,6910,1399-9-4
278,دتوزيع,توزيع دارو پخش,1274,1172756,59703597521,48678,50990,51111,2433,5.0,50909,2231,4.58,49000,51111,1399-9-4
279,وآذر,سرمايه‌گذاري‌توسعه‌آذربايجان‌,1271,1387166,173236424140,119850,122500,125840,5990,5.0,124890,5040,4.21,117120,125840,1399-9-4
280,ثشرق,سرمايه گذاري مسكن شمال شرق,1268,13971528,69508348900,4860,4990,5080,220,4.53,4970,110,2.26,4760,5090,1399-9-4
281,ثعتما,س. ساختماني اعتماد گستر,1262,3818138,144529134605,36182,37991,37991,1809,5.0,37853,1671,4.62,34800,37991,1399-9-4
282,بهپاك,صنعتي بهپاك,1253,5071807,183279006447,34570,36298,35945,1375,3.98,36137,1567,4.53,34570,36298,1399-9-4
283,پارسيان,بيمه پارسيان,1222,18495287,241847972960,12460,13080,13080,620,4.98,13080,620,4.98,12460,13080,1399-9-4
284,بساما,بيمه سامان,1214,3428305,87432278878,24450,25672,25672,1222,5.0,25503,1053,4.31,24800,25672,1399-9-4
285,ما,بيمه  ما,1214,21706165,160175383060,7040,7180,7390,350,4.97,7380,340,4.83,7040,7390,1399-9-4
286,كرماشا,صنايع پتروشيمي كرمانشاه,1211,2028148,80068320440,39900,40690,38310,-1590,-3.98,39480,-420,-1.05,37910,41140,1399-9-4
287,سدبير,س. تدبيرگران فارس وخوزستان,1211,7457251,237745162212,30534,32060,32060,1526,5.0,31881,1347,4.41,30550,32060,1399-9-4
288,ثنوسا,نوسازي‌وساختمان‌تهران‌,1201,29036072,264159150700,8670,9100,9100,430,4.96,9100,430,4.96,8830,9100,1399-9-4
289,نتوس,پشم‌ بافي‌ توس,1196,4655469,49476733499,11093,10539,10539,-554,-4.99,10628,-465,-4.19,10539,10889,1399-9-4
290,خموتور,موتورسازان‌تراكتورسازي‌ايران‌,1190,6158450,61159659680,9750,10230,9800,50,0.51,9930,180,1.85,9410,10230,1399-9-4
291,دامين,داروسازي‌ امين‌,1187,6538358,89083384290,13020,13670,13670,650,4.99,13620,600,4.61,13100,13670,1399-9-4
292,كطبس,ذغال‌سنگ‌ نگين‌ ط‌بس‌,1184,3520003,183235962190,49950,49900,52440,2490,4.98,52060,2110,4.22,47720,52440,1399-9-4
293,ضخود1044,اختيارخ خودرو-4000-1399/10/07,1181,44385,20261744000,432,470,440,8,1.85,456,24,5.56,405,497,1399-9-4
294,پارند,صندوق س. پارند پايدار سپهر,1181,50247565,572900958463,11412,11410,11400,-12,-0.11,11402,-10,-0.09,11400,11424,1399-9-4
295,آپ,آسان پرداخت پرشين,1180,4020224,67334673960,16170,16610,16800,630,3.9,16750,580,3.59,16300,16970,1399-9-4
296,سخوز,سيمان خوزستان,1172,3614830,80217152380,22620,22830,21710,-910,-4.02,22190,-430,-1.9,21490,23450,1399-9-4
297,شاوان,پالايش نفت لاوان,1166,1666416,161769614277,100142,104600,95160,-4982,-4.97,97076,-3066,-3.06,95135,104600,1399-9-4
298,رتاپح,ح.تجارت الكترونيك پارسيان,1164,6438004,28952395900,4430,4580,4370,-60,-1.35,4500,70,1.58,4250,4680,1399-9-4
299,تپولا,مهندسي مرآت پولاد,1160,2911666,77659620219,26313,27102,26910,597,2.27,26672,359,1.36,25524,27102,1399-9-4
300,ساروم,سيمان‌اروميه‌,1140,2383644,59820630130,25580,26700,24720,-860,-3.36,25100,-480,-1.88,24310,26700,1399-9-4
301,غشان,شيرپاستوريزه‌پگاه‌خراسان‌,1137,7778841,65521882410,8620,8800,8190,-430,-4.99,8420,-200,-2.32,8190,8800,1399-9-4
302,دتماد,توليدمواداوليه‌داروپخش‌,1132,1732690,90612793010,51720,54290,50230,-1490,-2.88,52300,580,1.12,49240,54290,1399-9-4
303,سنير,سيمان‌ سفيد ني‌ريز,1123,736401,67181651770,86960,91300,91300,4340,4.99,91230,4270,4.91,88500,91300,1399-9-4
304,شفن,پتروشيمي فناوران,1112,453822,131078221840,302670,299600,287540,-15130,-5.0,288830,-13840,-4.57,287540,305000,1399-9-4
305,غفارس,شير پاستوريزه پگاه فارس,1102,5462551,48922537195,9045,9497,8700,-345,-3.81,8956,-89,-0.98,8593,9497,1399-9-4
306,كپشيرح,ح . پشم‌شيشه‌ايران‌,1102,5279206,59297865458,11010,11450,10998,-12,-0.11,11232,222,2.02,10800,11850,1399-9-4
307,كلوند,كاشي‌ الوند,1101,2591007,59057403510,22340,23200,22450,110,0.49,22790,450,2.01,21310,23450,1399-9-4
308,ولبهمن,شركت بهمن ليزينگ,1096,14223828,116374772739,8428,8311,8007,-421,-5.0,8182,-246,-2.92,8007,8700,1399-9-4
309,عيار,صندوق س. پشتوانه طلاي مفيد,1093,1051080,29390873504,29402,28790,27870,-1532,-5.21,27963,-1439,-4.89,27603,28790,1399-9-4
310,اتكام,شركت بيمه اتكايي امين,1088,10067896,60944357421,6246,6280,6099,-147,-2.35,6053,-193,-3.09,5934,6350,1399-9-4
311,غبشهر,صنعتي‌ بهشهر,1085,4124086,100627537340,25280,25600,24020,-1260,-4.98,24400,-880,-3.48,24020,25600,1399-9-4
312,بپاس,بيمه پاسارگاد,1074,2647798,192294756286,69524,69000,73000,3476,5.0,72624,3100,4.46,69000,73000,1399-9-4
313,كشرق,صنعتي و معدني شمال شرق شاهرود,1071,1173861,81057071803,70026,67020,70600,574,0.82,69052,-974,-1.39,66525,72500,1399-9-4
314,پرديس,سرمايه گذاري پرديس,1071,7800449,54481318030,7100,7300,6910,-190,-2.68,6980,-120,-1.69,6750,7390,1399-9-4
315,اعتلا,شركت سرمايه گذاري اعتلاء البرز,1067,4431615,35343729700,8076,8180,7800,-276,-3.42,7999,-77,-0.95,7750,8300,1399-9-4
316,حبندر,دريايي و کشتيراني خط دريابندر,1067,3721189,95732358368,25821,26395,26595,774,3.0,25726,-95,-0.37,25047,26595,1399-9-4
317,رتكو,كنترل‌خوردگي‌تكين‌كو,1039,4513482,76154030700,17160,17850,16310,-850,-4.95,16870,-290,-1.69,16310,17910,1399-9-4
318,قشرين,قند شيرين خراسان,1025,6969590,138879968820,19387,19968,19968,581,3.0,19927,540,2.79,19100,19968,1399-9-4
319,خمحور,توليدمحورخودرو,1013,1822688,118197934960,62700,65830,65330,2630,4.19,64850,2150,3.43,59600,65830,1399-9-4
320,شكربن,كربن‌ ايران‌,1009,1498479,122691641540,83050,86500,79160,-3890,-4.68,81880,-1170,-1.41,78930,86500,1399-9-4
321,سپ,پرداخت الكترونيك سامان كيش,1003,5711096,87263753800,14600,15330,15330,730,5.0,15280,680,4.66,14800,15330,1399-9-4
322,شلعاب,لعابيران‌,997,4080920,30252640940,7320,7090,7680,360,4.92,7380,60,0.82,7010,7680,1399-9-4
323,رتاپ,تجارت الكترونيك  پارسيان,996,5263106,33579683500,6330,6580,6290,-40,-0.63,6360,30,0.47,6110,6600,1399-9-4
324,قلرست,قند لرستان‌,992,2293634,55849857660,23590,24760,23620,30,0.13,24340,750,3.18,22520,24760,1399-9-4
325,ملت,بيمه ملت,990,5636544,77753050370,13170,13800,13820,650,4.94,13790,620,4.71,13490,13820,1399-9-4
326,كنور,توسعه معدني و صنعتي صبانور,983,1956964,81807171760,42850,42620,41010,-1840,-4.29,41800,-1050,-2.45,40830,43500,1399-9-4
327,لابسا,آبسال‌,976,2370554,76371465090,30900,30500,32440,1540,4.98,32220,1320,4.27,30500,32440,1399-9-4
328,ومعلم,بيمه معلم,975,7213604,51383737101,6810,7010,7150,340,4.99,7090,280,4.11,6830,7150,1399-9-4
329,كيان,صندوق س. با درآمد ثابت كيان,962,28247201,735797448687,26021,26036,26037,16,0.06,26049,28,0.11,26036,26090,1399-9-4
330,وسين,بيمه سينا,957,8028663,170421455297,20243,21000,21255,1012,5.0,21227,984,4.86,20320,21255,1399-9-4
331,پارس,پتروشيمي پارس,949,976806,143949644990,151810,150700,148900,-2910,-1.92,147370,-4440,-2.92,144310,153900,1399-9-4
332,بخاور,بيمه زندگي خاورميانه,948,4868260,38702721079,8233,8540,7822,-411,-4.99,8012,-221,-2.68,7822,8540,1399-9-4
333,دانا,بيمه دانا,940,5847972,35339568920,6110,6300,5940,-170,-2.78,6060,-50,-0.82,5870,6300,1399-9-4
334,غگرجي,بيسكويت‌  گرجي‌,925,2173964,66990845530,29370,30750,30830,1460,4.97,30820,1450,4.94,30010,30830,1399-9-4
335,كگازح,ح . شيشه‌ و گاز,922,5804937,119802199640,18790,19760,20670,1880,10.01,20640,1850,9.85,19760,20670,1399-9-4
336,سصفها,سيمان‌اصفهان‌,917,575161,107701684920,183890,186500,188980,5090,2.77,187250,3360,1.83,184000,188980,1399-9-4
337,كاذرح,ح . فرآورده‌هاي‌نسوزآذر,913,3877418,65207660520,15300,16830,16830,1530,10.0,16820,1520,9.93,16110,16830,1399-9-4
338,ثترانح,ح سرمايه گذاري مسكن تهران,904,8122655,19897173854,2342,2320,2459,117,5.0,2450,108,4.61,2320,2459,1399-9-4
339,دسانكو,داروسازي سبحان انكولوژي,903,3871047,60256990435,15701,15850,15311,-390,-2.48,15566,-135,-0.86,15120,16100,1399-9-4
340,حپارسا,توسعه حمل و نقل ريلي پارسيان,889,2034795,61832600170,31142,31400,30380,-762,-2.45,30388,-754,-2.42,29585,31900,1399-9-4
341,شخارك,پتروشيمي‌ خارك‌,886,1206550,48730535310,41690,42950,40010,-1680,-4.03,41040,-650,-1.56,39750,42950,1399-9-4
342,كاريس,صندوق س.سپهر كاريزما-س,864,384387,76178687691,202564,203100,194600,-7964,-3.93,198182,-4382,-2.16,194460,204000,1399-9-4
343,دفارا,داروسازي‌ فارابي‌,855,1182385,72488064080,61110,61000,61600,490,0.8,61310,200,0.33,59000,64000,1399-9-4
344,كفرا,فراورده‌ هاي‌ نسوزايران‌,853,1252772,62804472950,48910,48000,49800,890,1.82,50130,1220,2.49,48000,51350,1399-9-4
345,دابور,داروسازي‌ ابوريحان‌,849,833403,39684802660,46830,48300,47540,710,1.52,47430,600,1.28,46160,48390,1399-9-4
346,وآرين,شركت توسعه اقتصادي آرين,844,6543041,36763134540,5465,5628,5628,163,2.98,5619,154,2.82,5510,5628,1399-9-4
347,حآسا,آسيا سير ارس,823,2859248,53216889861,18845,19400,18521,-324,-1.72,18612,-233,-1.24,18150,19400,1399-9-4
348,سفانو,سيمان فارس نو,813,2143300,60270885080,26840,28170,28180,1340,4.99,28120,1280,4.77,27320,28180,1399-9-4
349,فاما,صنعتي‌ آما,807,2133604,54518967810,25610,25000,25600,-10,-0.04,25550,-60,-0.23,24330,26500,1399-9-4
350,وتوشه,سرمايه‌ گذاري‌ پارس‌ توشه‌,806,3436740,76122573450,22020,22890,21360,-660,-3.0,22150,130,0.59,21050,23120,1399-9-4
351,غگلستا,شير پاستوريزه پگاه گلستان,797,1915696,28143750859,14408,15128,13970,-438,-3.04,14556,148,1.03,13750,15128,1399-9-4
352,اطلس,صندوق س.توسعه اندوخته آينده-س,797,231183,44788832586,194925,199000,193300,-1625,-0.83,193738,-1187,-0.61,189000,199000,1399-9-4
353,شپاس,نفت پاسارگاد,790,1904399,35020366546,18941,18990,17994,-947,-5.0,18528,-413,-2.18,17994,19390,1399-9-4
354,دكپسول,توليد ژلاتين كپسول ايران,787,2662342,92865707208,33271,34900,34934,1663,5.0,34881,1610,4.84,32000,34934,1399-9-4
355,غمينو,شركت صنايع غذايي مينو شرق,785,4500965,45821398279,10539,10600,10070,-469,-4.45,10199,-340,-3.23,10070,11130,1399-9-4
356,كاذر,فرآورده‌هاي‌نسوزآذر,777,2580525,50674229930,18740,19670,19670,930,4.96,19630,890,4.75,19030,19670,1399-9-4
357,دالبر,البرزدارو,768,2142080,44569757110,20820,21220,20600,-220,-1.06,20810,-10,-0.05,20110,21670,1399-9-4
358,خفولا,خدمات فني فولاد يزد,765,2739734,82491143500,29283,30161,30161,878,3.0,30109,826,2.82,28405,30161,1399-9-4
359,كپشير,پشم‌شيشه‌ايران‌,764,2723547,44685049180,16300,16710,16360,60,0.37,16390,90,0.55,15840,16950,1399-9-4
360,واميد,گروه مديريت سرمايه گذاري اميد,760,5456525,204397100600,39220,39210,37260,-1960,-5.0,37460,-1760,-4.49,37260,39980,1399-9-4
361,فپنتا,سپنتا,757,138265,42802597990,309830,316750,302150,-7680,-2.48,309590,-240,-0.08,300000,323990,1399-9-4
362,سخاش,سيمان‌خاش‌,749,312905,26484156390,81460,85530,84900,3440,4.22,83020,1560,1.92,81640,85530,1399-9-4
363,زبينا,كشاورزي و دامپروري بينالود,745,1658550,102793611900,56344,61978,61978,5634,10.0,61978,5634,10.0,61978,61978,1399-9-4
364,وكار,بانك‌ كارآفرين‌,745,10562695,39849633830,3750,3640,3740,-10,-0.27,3770,20,0.53,3640,3840,1399-9-4
365,واعتبار,سرمايه گذاري اعتبار ايران,738,10525645,51482750020,4710,4830,4940,230,4.88,4890,180,3.82,4560,4940,1399-9-4
366,شبصير,توليدات پتروشيمي قائد بصير,732,764586,69048287056,94717,89982,89982,-4735,-5.0,90308,-4409,-4.65,89982,95856,1399-9-4
367,غچين,كشت‌ و صنعت‌ چين‌ چين,731,1371103,61841080510,45790,45600,43680,-2110,-4.61,45100,-690,-1.51,43510,46750,1399-9-4
368,سشمال,سيمان‌ شمال‌,730,4136481,34406676150,7950,8260,8340,390,4.91,8210,260,3.27,8020,8340,1399-9-4
369,درازك,دارويي‌ رازك‌,727,1948962,75299278040,38710,39790,39060,350,0.9,38640,-70,-0.18,37400,39790,1399-9-4
370,وزمين,بانك ايران زمين,725,8161967,105265031705,13159,12905,12896,-263,-2.0,12897,-262,-1.99,12896,13210,1399-9-4
371,غپآذر,شير پگاه آذربايجان شرقي,721,519544,24949568147,49197,49000,46738,-2459,-5.0,48527,-670,-1.36,46738,50982,1399-9-4
372,شوينده,مديريت صنعت شوينده ت.ص.بهشهر,719,887893,34013653520,38630,38010,37000,-1630,-4.22,38420,-210,-0.54,36710,39960,1399-9-4
373,گوهران,سرمايه گذاري توسعه گوهران اميد,715,3818143,31023923026,8261,8250,8000,-261,-3.16,8180,-81,-0.98,7850,8450,1399-9-4
374,ولشرق,ليزينگ ايران و شرق,713,11783142,70373533857,5713,5810,5998,285,4.99,5972,259,4.53,5700,5998,1399-9-4
375,شجم,صنايع پتروشيمي تخت جمشيد,711,6349872,52072530074,8216,8462,7970,-246,-2.99,8201,-15,-0.18,7970,8462,1399-9-4
376,سرود,سيمان‌شاهرود,709,3852199,54202807890,13450,13700,14120,670,4.98,14070,620,4.61,13550,14120,1399-9-4
377,شپارس,بين‌ المللي‌ محصولات‌  پارس‌,708,3469953,48176743890,14170,14600,14000,-170,-1.2,13890,-280,-1.98,13470,14610,1399-9-4
378,وپخش,داروپخش‌ (هلدينگ‌,700,477211,60407152480,120570,126590,126590,6020,4.99,126580,6010,4.98,121300,126590,1399-9-4
379,خراسان,پتروشيمي خراسان,698,482787,32010596720,67620,65510,65000,-2620,-3.87,66760,-860,-1.27,65000,69490,1399-9-4
380,حپترو,حمل و نقل پتروشيمي( سهامي عام,695,1147460,28871295750,26320,25010,25010,-1310,-4.98,25500,-820,-3.12,25010,25990,1399-9-4
381,سغرب,سيمان‌غرب‌,691,1671880,30213678430,18050,18950,17980,-70,-0.39,18060,10,0.06,17220,18950,1399-9-4
382,فايرا,آلومينيوم‌ايران‌,687,2044482,47125310100,21960,23050,23050,1090,4.96,22840,880,4.01,23050,23050,1399-9-4
383,پسهند,صنايع‌ لاستيكي‌  سهند,686,1398999,54997073930,40880,38870,39500,-1380,-3.38,39310,-1570,-3.84,38840,42480,1399-9-4
384,فولاژ,فولاد آلياژي ايران,685,1528376,34008109810,23070,22530,21920,-1150,-4.98,22550,-520,-2.25,21920,23200,1399-9-4
385,ركيش,كارت اعتباري ايران كيش,681,2577808,41543270620,15500,16180,16270,770,4.97,15970,470,3.03,15990,16270,1399-9-4
386,ساراب,سيمان‌ داراب‌,673,3493443,40387346090,11020,11570,11570,550,4.99,11440,420,3.81,11200,11570,1399-9-4
387,شتولي,تولي‌پرس‌,667,2189062,51681865034,23016,23936,23932,916,3.98,23609,593,2.58,22096,23936,1399-9-4
388,دسبحا,گروه دارويي سبحان,666,2582549,44815330880,17360,17700,17350,-10,-0.06,17350,-10,-0.06,16700,17900,1399-9-4
389,دعبيد,لابراتوارداروسازي‌  دكترعبيدي‌,664,782228,22063808010,27960,28860,28400,440,1.57,28070,110,0.39,27800,28860,1399-9-4
390,دفرا,فرآورده‌هاي‌ تزريقي‌ ايران‌,662,1638206,40085372590,23590,24500,24000,410,1.74,24250,660,2.8,23000,24760,1399-9-4
391,قشكر,شكرشاهرود,653,2395613,99320576400,39490,41460,41460,1970,4.99,41460,1970,4.99,40110,41460,1399-9-4
392,مبين,مبين انرژي خليج فارس,651,3250705,71203949890,21770,22850,21440,-330,-1.52,21860,90,0.41,20930,22850,1399-9-4
393,زدشت,كشت و صنعت دشت خرم دره,633,2299043,101622298686,40184,44202,44202,4018,10.0,44202,4018,10.0,44202,44202,1399-9-4
394,هجرت,پخش هجرت,633,566137,34825397437,59166,62124,62124,2958,5.0,60630,1464,2.47,59000,62124,1399-9-4
395,شراز,پالايش نفت شيراز,632,907474,80802080381,91751,93100,88000,-3751,-4.09,89041,-2710,-2.95,87164,93100,1399-9-4
396,داوه,داروسازي آوه سينا,627,1503356,22798388461,14967,15380,14950,-17,-0.11,15056,89,0.59,14600,15500,1399-9-4
397,زر,صندوق س.پشتوانه سكه طلاي زر,623,408066,19725484096,50922,48200,48451,-2471,-4.85,48339,-2583,-5.07,48000,49400,1399-9-4
398,جم پيلن,پلي پروپيلن جم - جم پيلن,620,753823,62352846900,82700,84750,82450,-250,-0.3,82710,10,0.01,81620,85000,1399-9-4
399,شتوكا,توكا رنگ فولاد سپاهان,608,1038038,38716042537,35593,37372,37372,1779,5.0,36757,1164,3.27,37000,37372,1399-9-4
400,ضجار1016,اختيارخ وتجارت-4000-1399/10/21,601,24156,8318667000,297,335,339,42,14.14,344,47,15.82,301,390,1399-9-4
401,فرآور,فرآوري‌موادمعدني‌ايران‌,597,1797589,35265998270,20040,20000,19250,-790,-3.94,19730,-310,-1.55,19060,20530,1399-9-4
402,سكه0012پ01,سكه تمام بهارتحويلي 1روزه رفاه,587,180500,197419043000,1142054,1109994,1094000,-48054,-4.21,1093734,-48320,-4.23,1085100,1109994,1399-9-4
403,كمنگنز,معادن‌منگنزايران‌,583,281204,25379644060,91850,94700,89300,-2550,-2.78,91050,-800,-0.87,88000,94700,1399-9-4
404,ختراك,ريخته‌گري‌ تراكتورسازي‌ ايران‌,582,1777153,16856918530,9560,9510,9240,-320,-3.35,9530,-30,-0.31,9140,9800,1399-9-4
405,كوثر,بيمه كوثر,580,5868543,87294577125,14167,14875,14875,708,5.0,14875,708,5.0,14875,14875,1399-9-4
406,سكارون,سيمان كارون,576,597145,80527645753,128546,134973,134973,6427,5.0,134854,6308,4.91,129140,134973,1399-9-4
407,غمهرا,توليدي‌مهرام‌,571,869597,44643132050,49070,51520,51520,2450,4.99,50980,1910,3.89,47200,51520,1399-9-4
408,وسخوز,شركت س استان خوزستان,564,14298391,13597946390,980,940,940,-40,-4.08,980,0,0.0,940,1000,1399-9-4
409,شگل,گلتاش‌,557,2858111,66438708230,23260,23940,23230,-30,-0.13,23250,-10,-0.04,22620,23950,1399-9-4
410,سمازن,سيمان‌مازندران‌,552,4242209,42337245820,9510,9980,9980,470,4.94,9880,370,3.89,9980,9980,1399-9-4
411,افق ملت,صندوق س در سهام افق ملت,552,221245,28783130230,132980,134690,127800,-5180,-3.9,130100,-2880,-2.17,126500,134690,1399-9-4
412,زقيام,كشت و دام قيام اصفهان,547,1737147,72843785151,38121,41933,41933,3812,10.0,41933,3812,10.0,41933,41933,1399-9-4
413,ولملت,واسپاري ملت,545,3518654,35515575820,10150,10150,10310,160,1.58,10110,-40,-0.39,9800,10380,1399-9-4
414,دشيري,شيرين دارو,544,326709,49637915592,152028,151248,156588,4560,3.0,151933,-95,-0.06,147468,156588,1399-9-4
415,ثتران,سرمايه گذاري مسكن تهران,543,15249325,70354287612,4398,4610,4617,219,4.98,4614,216,4.91,4440,4617,1399-9-4
416,سهرمز,سيمان‌هرمزگان‌,541,3128922,52934984480,16380,17190,17190,810,4.95,16910,530,3.24,15620,17190,1399-9-4
417,وسديد,گروه ‌صنعتي‌سديد,535,1443520,29404502400,21000,20370,20370,-630,-3.0,20429,-571,-2.72,20370,20370,1399-9-4
418,شيراز,پتروشيمي‌شيراز,523,3020397,158355718580,54160,54200,52380,-1780,-3.29,52430,-1730,-3.19,51460,54970,1399-9-4
419,فزرين,زرين معدن آسيا,518,2354016,50298259872,20350,21367,21367,1017,5.0,21293,943,4.63,21367,21367,1399-9-4
420,سبجنو,سيمان‌ بجنورد,514,570929,18338568870,30750,32270,31870,1120,3.64,31230,480,1.56,31000,32280,1399-9-4
421,ولراز,ليزينگ رازي,512,753494,23121356379,29349,30816,30816,1467,5.0,30686,1337,4.56,29352,30816,1399-9-4
422,ساينا,صنايع بهداشتي ساينا,510,224148,42019891240,182025,187318,191126,9101,5.0,186353,4328,2.38,180000,191126,1399-9-4
423,وهنر,گروه توسعه هنر ايران,499,4009180,16669278966,4147,4271,4119,-28,-0.68,4156,9,0.22,4023,4271,1399-9-4
424,بفجر,فجر انرژي خليج فارس,492,1224793,34704490110,28670,29590,28200,-470,-1.64,28510,-160,-0.56,27950,29590,1399-9-4
425,ضصاد1102,اختيارخ وبصادر-3500-1399/11/12,483,16127,8154507000,491,490,505,14,2.85,506,15,3.05,420,548,1399-9-4
426,خشرق,الكتريك‌ خودرو شرق‌,474,2661952,45892052480,16420,17240,17240,820,4.99,17180,760,4.63,17240,17240,1399-9-4
427,وثنو,سرمايه گذاري ساختماني نوين,473,3265964,42493109799,12637,13016,13016,379,3.0,13011,374,2.96,12641,13016,1399-9-4
428,ضخود1042,اختيارخ خودرو-3000-1399/10/07,463,12918,13861977000,1049,1120,1044,-5,-0.48,1073,24,2.29,1000,1189,1399-9-4
429,واحصا,احياء صنايع خراسان,460,1013347,23717803389,23621,22913,23300,-321,-1.36,23405,-216,-0.91,22913,24280,1399-9-4
430,اوصتا,صندوق انديشه ورزان صباتامين -د,456,29109197,499513440730,17146,17140,17160,14,0.08,17160,14,0.08,17140,17170,1399-9-4
431,بنيرو,نيروترانس‌,455,365623,17465056710,49970,51000,47480,-2490,-4.98,49130,-840,-1.68,47480,51000,1399-9-4
432,كي بي سي,شركت كي بي سي,451,1232868,34603221214,26800,28000,28140,1340,5.0,27643,843,3.15,27260,28140,1399-9-4
433,ياقوت,صندوق س ياقوت آگاه-ثابت,449,16482764,187216963562,11326,11340,11346,20,0.18,11358,32,0.28,11340,11379,1399-9-4
434,خزر,فنرسازي‌زر,448,2384917,45337272170,18110,19010,19010,900,4.97,18830,720,3.98,19010,19010,1399-9-4
435,آتيمس,صندوق س.آرمان آتيه درخشان مس-س,438,159314,32553671686,206856,205000,202500,-4356,-2.11,204337,-2519,-1.22,195001,209000,1399-9-4
436,سكرما,سيمان‌ كرمان‌,436,1991866,27951060730,13680,13900,13680,0,0.0,13870,190,1.39,13510,14360,1399-9-4
437,كپرور,فرآوري زغال سنگ پروده طبس,434,720291,28818766258,41784,40556,40230,-1554,-3.72,40702,-1082,-2.59,39695,41000,1399-9-4
438,جم,پتروشيمي جم,430,887567,35726267960,42320,40210,40310,-2010,-4.75,41540,-780,-1.84,40210,41800,1399-9-4
439,دارو,كارخانجات‌داروپخش‌,430,400120,22598531700,54180,56880,56000,1820,3.36,55140,960,1.77,55100,56880,1399-9-4
440,مداران,داده‌پردازي‌ايران‌,427,990523,20490360720,20500,20690,20500,0,0.0,20580,80,0.39,20190,21100,1399-9-4
441,خديزل,بهمن  ديزل,423,2068843,99716163757,45904,48199,48199,2295,5.0,48199,2295,5.0,48199,48199,1399-9-4
442,كخاكح,ح . صنايع‌خاك‌چيني‌ايران‌,422,1564921,57522885660,37410,37510,36910,-500,-1.34,36760,-650,-1.74,35100,38200,1399-9-4
443,بالاس,مهندسي ساختمان تاسيسات راه آهن,421,798947,40191028835,47910,50305,50305,2395,5.0,49828,1918,4.0,50305,50305,1399-9-4
444,سهگمت,سيمان‌هگمتان‌,420,860657,20236922780,23080,24230,23090,10,0.04,23240,160,0.69,22120,24230,1399-9-4
445,ختراكح,ح . ريخته‌گري‌ تراكتورسازي‌,420,836830,6839486340,8300,8150,8000,-300,-3.61,8170,-130,-1.57,7910,8500,1399-9-4
446,فلات,گروه صنايع معادن فلات ايرانيان,411,2867334,42595634857,15169,15620,14720,-449,-2.96,14855,-314,-2.07,14714,15620,1399-9-4
447,فخاس,فولاد خراسان,404,656224,18793699110,30110,28610,28610,-1500,-4.98,29810,-300,-1.0,28610,28900,1399-9-4
448,سجام,مجتمع سيمان غرب آسيا,403,2388120,33990203806,14149,14573,14250,101,0.71,14233,84,0.59,14150,14573,1399-9-4
449,مارون,پتروشيمي مارون,403,198622,24750966747,127416,127920,124000,-3416,-2.68,126706,-710,-0.56,123000,129000,1399-9-4
450,غالبر,لبنيات‌ كالبر,400,1405610,18892299560,11780,14000,13300,1520,12.9,12330,550,4.67,13300,14000,1399-9-4
451,دجابر,داروسازي‌ جابرابن‌حيان‌,392,591562,20349972260,34290,34500,34000,-290,-0.85,34330,40,0.12,33000,35650,1399-9-4
452,فسرب,ملي‌ سرب‌وروي‌ ايران‌,389,261174,35044327320,141240,134180,134180,-7060,-5.0,136310,-4930,-3.49,134180,134180,1399-9-4
453,گوهر,صندوق سكه طلاي كيان,387,631012,35183622996,57881,56100,55701,-2180,-3.77,55757,-2124,-3.67,55059,56601,1399-9-4
454,ضفلا1156,اختيارخ فولاد-16000-1399/11/28,381,15898,13625960000,604,949,1000,396,65.56,857,253,41.89,773,1000,1399-9-4
455,آساس,صندوق س.آسمان آرماني سهام-س,378,145797,23851476421,163615,167200,162200,-1415,-0.86,163594,-21,-0.01,160766,167200,1399-9-4
456,كخاك,صنايع‌خاك‌چيني‌ايران‌,376,742110,30679269080,43260,41100,41100,-2160,-4.99,42050,-1210,-2.8,41100,43000,1399-9-4
457,وسنا,سرمايه گذاري نيروگاهي ايران,371,2220012,26959067841,12667,12100,12034,-633,-5.0,12144,-523,-4.13,12034,13000,1399-9-4
458,آساميد,صندوق س.مشترك آسمان اميد -د,369,19583871,216583463165,11047,11053,11059,12,0.11,11059,12,0.11,11053,11062,1399-9-4
459,اوان,مبين وان كيش,366,1070918,62774015154,58771,60990,59469,698,1.19,58617,-154,-0.26,55833,60990,1399-9-4
460,كماسه,تامين‌ ماسه‌ ريخته‌گري‌,359,923362,42982501100,44340,46550,46550,2210,4.98,46290,1950,4.4,46550,46550,1399-9-4
461,دارا,صندوق س. دارا الگوريتم-د,353,11026621,110272471734,10004,10009,10000,-4,-0.04,10001,-3,-0.03,9983,10014,1399-9-4
462,ديران,ايران‌دارو,352,2908500,64772295000,21210,22270,22270,1060,5.0,22270,1060,5.0,22270,22270,1399-9-4
463,چدن,توليدي چدن سازان,352,2115845,60936336000,27430,28800,28800,1370,4.99,28800,1370,4.99,28800,28800,1399-9-4
464,افران,صندوق س افرا نماد پايدار-ثابت,352,15537052,188228147813,12100,12110,12118,18,0.15,12115,15,0.12,12095,12128,1399-9-4
465,بالبر,كابل‌ البرز,351,753041,15787202750,21930,20910,20840,-1090,-4.97,21600,-330,-1.5,20840,21750,1399-9-4
466,سخزر,سيمان‌ خزر,348,1559667,37968049230,23220,24240,24380,1160,5.0,24000,780,3.36,23510,24380,1399-9-4
467,سباقر,سيمان باقران,342,1088816,15153838455,13769,13520,13620,-149,-1.08,13880,111,0.81,13520,14182,1399-9-4
468,وسلرستا,شركت س استان لرستان,341,12438634,10710538320,900,870,870,-30,-3.33,890,-10,-1.11,860,870,1399-9-4
469,شپلي,پلي اكريل ايران,336,2452253,16670415894,6600,6798,6798,198,3.0,6747,147,2.23,6798,6798,1399-9-4
470,آكورد,صندوق س. آرمان آتي كوثر-د,335,10106650,297949441410,29465,29482,29481,16,0.05,29481,16,0.05,29468,29492,1399-9-4
471,شپاكسا,پاكسان‌,331,2192435,61453953050,26700,28030,28030,1330,4.98,28030,1330,4.98,28030,28030,1399-9-4
472,شفا,سرمايه گذاري شفادارو,328,298240,16121505410,55230,55490,54000,-1230,-2.23,54850,-380,-0.69,53200,56000,1399-9-4
473,غاذر,كشت‌وصنعت‌پياذر,328,736667,58682893220,75870,79660,79660,3790,5.0,79660,3790,5.0,79660,79660,1399-9-4
474,اتكاي,بيمه اتكايي ايرانيان,319,11231080,146199617733,12404,12560,13024,620,5.0,13017,613,4.94,12560,13024,1399-9-4
475,والبر,سرمايه‌ گذاري‌ البرز(هلدينگ‌,318,2102257,37083813480,16800,17640,17640,840,5.0,17330,530,3.15,17640,17640,1399-9-4
476,قشهد,شهد,312,603121,16952813980,29120,29120,28070,-1050,-3.61,28760,-360,-1.24,27670,29130,1399-9-4
477,شساخت,مهندسي و ساختمان صنايع نفت,311,716664,26692867344,36162,37246,37246,1084,3.0,36933,771,2.13,37246,37246,1399-9-4
478,فنفت,صنايع تجهيزات نفت,309,3443236,45733473277,12946,12700,13334,388,3.0,13282,336,2.6,12660,13334,1399-9-4
479,غمهراح,ح . توليدي‌مهرام‌,307,342373,16545163540,46760,48710,47400,640,1.37,48320,1560,3.34,46770,50500,1399-9-4
480,پرداخت,به پرداخت ملت,305,274405,11830034930,42510,43190,43300,790,1.86,42650,140,0.33,42520,44300,1399-9-4
481,خلنت,لنت‌ ترمزايران‌,302,122292,9455533800,80180,81470,76180,-4000,-4.99,79590,-590,-0.74,76180,81470,1399-9-4
482,زكشت,كشاورزي مكانيزه اصفهان كشت,298,1135886,34116336010,28605,30035,30035,1430,5.0,29494,889,3.11,30035,30035,1399-9-4
483,پكويرح,ح. كوير تاير,294,12323435,185055271540,14920,15200,14920,0,0.0,15020,100,0.67,14920,16410,1399-9-4
484,وتعاون,بيمه  تعاون,284,2195932,14145153242,6255,6442,6442,187,2.99,6380,125,2.0,6400,6442,1399-9-4
485,وملي,گروه‌ صنعتي‌ ملي‌ (هلدينگ‌,283,63106,19721887120,328960,312520,312520,-16440,-5.0,321400,-7560,-2.3,312520,312520,1399-9-4
486,وبهمن,سرمايه‌گذاري‌بهمن‌,282,3365188,55963076440,15840,16630,16630,790,4.99,16570,730,4.61,16630,16630,1399-9-4
487,سيمرغ,سيمرغ,280,1366401,21862416000,15240,16000,16000,760,4.99,15550,310,2.03,16000,16000,1399-9-4
488,ضجار1014,اختيارخ وتجارت-3000-1399/10/21,272,7130,6754165000,896,970,960,64,7.14,947,51,5.69,720,1053,1399-9-4
489,سصوفي,سيمان‌ صوفيان‌,271,1581214,21773316780,13120,13770,13770,650,4.95,13380,260,1.98,13770,13770,1399-9-4
490,سقاين,سيمان‌ قائن‌,269,533471,21517403160,39310,41200,40790,1480,3.76,39740,430,1.09,38800,41270,1399-9-4
491,لبوتان,گروه‌صنعتي‌بوتان‌,268,468073,30003479300,61050,64100,64100,3050,5.0,62810,1760,2.88,64100,64100,1399-9-4
492,غمارگ,مارگارين‌,267,1090633,34714848390,30320,31830,31830,1510,4.98,31150,830,2.74,31830,31830,1399-9-4
493,زمگسا,كشاورزي‌ ودامپروي‌ مگسال‌,262,571924,21704515800,34500,37950,37950,3450,10.0,35680,1180,3.42,37950,37950,1399-9-4
494,ساذريح,ح . آذريت‌,260,6241719,39084883763,6272,6084,6084,-188,-3.0,6262,-10,-0.16,6084,6440,1399-9-4
495,دروز,داروسازي‌ روزدارو,257,486935,7723682860,16570,16380,15930,-640,-3.86,16450,-120,-0.72,15750,16380,1399-9-4
496,داسوه,داروسازي‌ اسوه‌,254,445174,11950040820,25830,27120,26230,400,1.55,26050,220,0.85,26000,27120,1399-9-4
497,زعف0008پ11,زعفران0008نگين سحرخيز(پ),252,208428,25722614584,127223,122002,124000,-3223,-2.53,123412,-3811,-3.0,121500,126000,1399-9-4
498,سفار,سيمان‌فارس‌,248,102880,8317567410,84940,80710,80700,-4240,-4.99,84200,-740,-0.87,80700,83480,1399-9-4
499,سبهان,سيمان‌ بهبهان‌,248,297571,15598050960,52250,52110,52100,-150,-0.29,52300,50,0.1,51600,54150,1399-9-4
500,ددام,داروسازي زاگرس فارمد پارس,238,1256666,16361791320,12400,13020,13020,620,5.0,12590,190,1.53,13020,13020,1399-9-4
501,قپيرا,فرآورده‌هاي‌غدايي‌وقندپيرانشهر,235,137427,11748441430,88560,85300,85940,-2620,-2.96,87810,-750,-0.85,84140,88000,1399-9-4
502,سيستم,همكاران سيستم,233,535126,15310136980,28910,27720,29180,270,0.93,28820,-90,-0.31,27720,29390,1399-9-4
503,دپارس,پارس‌ دارو,229,83193,8807001460,109170,104500,104650,-4520,-4.14,108540,-630,-0.58,104500,110000,1399-9-4
504,كساپا,سايپاشيشه‌,229,798572,20970500720,25010,26260,26260,1250,5.0,25480,470,1.88,26260,26260,1399-9-4
505,زشريف,كشت وصنعت شريف آباد,228,1500344,33483177048,21255,22317,22317,1062,5.0,21913,658,3.1,22317,22317,1399-9-4
506,شاملا,معدني‌ املاح‌  ايران‌,228,156645,9203284170,61590,59000,58520,-3070,-4.98,61030,-560,-0.91,58520,60500,1399-9-4
507,قنيشا,قند  نيشابور,227,175602,13185954180,79040,75090,75090,-3950,-5.0,77950,-1090,-1.38,75090,75090,1399-9-4
508,بايكا,كارخانجات كابلسازي ‌ايران‌,226,508889,22569736039,43060,44351,44351,1291,3.0,44340,1280,2.97,44351,44351,1399-9-4
509,وسرمد,بيمه  سرمد,226,3145804,19424914734,5882,6176,6176,294,5.0,6141,259,4.4,6050,6176,1399-9-4
510,دبالك,مواد اوليه دارويي البرز بالك,224,1455891,23329197384,15261,16024,16024,763,5.0,15599,338,2.21,16024,16024,1399-9-4
511,سكه9912پ04,سكه تمام بهارتحويل1روزه صادرات,219,80400,87960627700,1141769,1103999,1099997,-41772,-3.66,1094038,-47731,-4.18,1087002,1115030,1399-9-4
512,كسرام,پارس‌ سرام‌,215,1922992,13980151840,6930,7270,7270,340,4.91,7020,90,1.3,7270,7270,1399-9-4
513,ضپاس1002,اختيارخ وپارس-3000-1399/10/30,206,6375,7421607000,1004,1360,1230,226,22.51,1164,160,15.94,1030,1370,1399-9-4
514,سكه0011پ02,سكه تمام بهارتحويلي 1روزه ملت,204,67500,73569646900,1142551,1100000,1095499,-47052,-4.12,1089921,-52630,-4.61,1084681,1109998,1399-9-4
515,زنجان,صنايع كشاورزي وكود زنجان,202,3038292,22398288624,7158,7372,7372,214,2.99,7372,214,2.99,7372,7372,1399-9-4
516,سامان,بانك سامان,202,5367900,53657528400,9705,9996,9996,291,3.0,9996,291,3.0,9996,9996,1399-9-4
517,سيدكو,سرمايه گذاري توسعه صنايع سيمان,200,3113942,23447983260,7180,7530,7530,350,4.87,7330,150,2.09,7530,7530,1399-9-4
518,كاسپين,داروسازي كاسپين تامين,198,267189,6611190035,24589,24720,24620,31,0.13,24609,20,0.08,24200,25500,1399-9-4
519,نيرو,نيرو سرمايه,194,406923,17518022048,44368,43037,43037,-1331,-3.0,43174,-1194,-2.69,43037,43700,1399-9-4
520,درهآور,دارويي ره آورد تامين,190,307787,10903354475,33739,35425,35425,1686,5.0,34074,335,0.99,35425,35425,1399-9-4
521,دسينا,داروسازي‌ سينا,188,930344,24896005440,25490,26760,26760,1270,4.98,26080,590,2.31,26760,26760,1399-9-4
522,ضصاد1104,اختيارخ وبصادر-4500-1399/11/12,188,10430,2192004000,203,203,200,-3,-1.48,210,7,3.45,200,290,1399-9-4
523,فلامي,لاميران‌,185,372746,13869878660,35440,37210,37210,1770,4.99,35890,450,1.27,37210,37210,1399-9-4
524,غبهنوش,بهنوش‌ ايران‌,184,601461,43251060510,65380,71910,71910,6530,9.99,69750,4370,6.68,71910,71910,1399-9-4
525,وسگيلا,شركت س استان گيلان,184,4732716,4080187080,900,870,870,-30,-3.33,900,0,0.0,860,870,1399-9-4
526,خصدرا,صنعتي‌ دريايي‌ ايران‌,183,861195,4261192860,5101,4948,4948,-153,-3.0,5088,-13,-0.25,4948,4948,1399-9-4
527,كقزوي,شيشه‌ قزوين‌,181,1424542,10711131298,7751,7519,7519,-232,-2.99,7598,-153,-1.97,7519,7519,1399-9-4
528,ضخود1045,اختيارخ خودرو-4500-1399/10/07,181,7970,2398649000,290,280,280,-10,-3.45,301,11,3.79,241,340,1399-9-4
529,وسناح,ح. سرمايه گذاري نيروگاهي ايران,180,1655458,15884667909,9859,9564,9564,-295,-2.99,9595,-264,-2.68,9564,10000,1399-9-4
530,ثاصفا,شركت‌ ساختمان‌ اصفهان‌,179,415390,12560562820,29358,30238,30238,880,3.0,29851,493,1.68,30238,30238,1399-9-4
531,ثامان,سامان‌ گستراصفهان‌,179,521262,10498216680,22370,20140,20140,-2230,-9.97,21850,-520,-2.32,20140,20140,1399-9-4
532,ضخود1048,اختيارخ خودرو-7000-1399/10/07,178,11970,472758000,40,33,40,0,0.0,39,-1,-2.5,33,44,1399-9-4
533,گپارس,امور رفاهي كارگزاران پارس,177,131504,16684520925,128846,124981,128648,-198,-0.15,127118,-1728,-1.34,124981,130970,1399-9-4
534,اخزا815,اسنادخزانه-م15بودجه98-010406,175,307881,228041400213,739382,738000,743002,3620,0.49,740680,1298,0.18,735007,743999,1399-9-4
535,دسبحان,سبحان دارو,174,1438442,28423613920,18820,19760,19760,940,4.99,19310,490,2.6,19760,19760,1399-9-4
536,وآيند,بانك  آينده,174,5785337,145194602689,24605,25097,25097,492,2.0,25097,492,2.0,25097,25097,1399-9-4
537,كفرآور,فرآورده هاي سيمان شرق,172,797143,14452202590,18690,18130,18130,-560,-3.0,18252,-438,-2.34,18130,18130,1399-9-4
538,ولانا,شركت ليزينگ آريا دانا,171,575598,10554801783,18807,18250,18243,-564,-3.0,18533,-274,-1.46,18243,19050,1399-9-4
539,كهمدا,شيشه‌ همدان‌,170,1075509,12809312190,11350,11910,11910,560,4.93,11470,120,1.06,11910,11910,1399-9-4
540,پخش,پخش البرز,168,1373910,52073936820,36098,37902,37902,1804,5.0,37802,1704,4.72,37902,37902,1399-9-4
541,وتوكا,سرمايه‌گذاري‌توكافولاد(هلدينگ,167,2946447,30260010690,9790,10270,10270,480,4.9,10050,260,2.66,10270,10270,1399-9-4
542,زماهان,مجتمع توليد گوشت مرغ ماهان,166,541858,12895136684,22665,23798,23798,1133,5.0,22927,262,1.16,23798,23798,1399-9-4
543,بمپنا,توليد برق عسلويه  مپنا,166,136005,11570342704,87735,85060,89000,1265,1.44,87083,-652,-0.74,83600,89939,1399-9-4
544,وثخوز,سرمايه گذاري و توسعه خوزستان,166,257573,8961360283,33985,35004,35004,1019,3.0,34321,336,0.99,34100,35004,1399-9-4
545,ضخود1043,اختيارخ خودرو-3500-1399/10/07,165,4940,3634503000,727,741,745,18,2.48,736,9,1.24,670,800,1399-9-4
546,زعف0008پ05,زعفران0008نگين زرين(پ),163,116153,14203584730,126856,126990,124100,-2756,-2.17,122283,-4573,-3.6,121367,126990,1399-9-4
547,ولتجار,واسپاري تجارت وسرمايه ايرانيان,160,2130618,12408719232,5655,5824,5824,169,2.99,5762,107,1.89,5824,5824,1399-9-4
548,وحافظ,بيمه حافظ,157,352481,19754092683,57776,56043,56043,-1733,-3.0,56043,-1733,-3.0,56043,56043,1399-9-4
549,وملت,سرمايه گذاري ملت,152,1372801,6026596390,4479,4390,4390,-89,-1.99,4422,-57,-1.27,4390,4390,1399-9-4
550,ضچاد1015,اختيارخ كچاد-16000-1399/10/02,150,1146,5472875000,5343,5888,4430,-913,-17.09,4776,-567,-10.61,4400,5888,1399-9-4
551,تسه9907,امتياز تسهيلات مسكن مهر99,147,3608,2633457199,764548,745795,726321,-38227,-5.0,729894,-34654,-4.53,726321,800000,1399-9-4
552,ضفلا1155,اختيارخ فولاد-14000-1399/11/28,147,4174,6682989000,1364,1600,1799,435,31.89,1601,237,17.38,1420,1849,1399-9-4
553,دلر,داروسازي‌ اكسير,145,607442,67195234040,105360,110620,110620,5260,4.99,110620,5260,4.99,110620,110620,1399-9-4
554,زفكا,كشت و دامداري فكا,144,1498293,73167640362,46509,48834,48834,2325,5.0,48834,2325,5.0,48834,48834,1399-9-4
555,افران2,صندوق س افرا نماد پايدار-ثابت,143,14300000,14300000,12100,1,1,-12099,-99.99,1,-12099,-99.99,1,1,1399-9-4
556,قهكمت,قندهكمتان‌,142,3047832,151721076960,47410,49780,49780,2370,5.0,49780,2370,5.0,49780,49780,1399-9-4
557,ضپاس1003,اختيارخ وپارس-3500-1399/10/30,142,4567,3940091000,739,980,879,140,18.94,863,124,16.78,720,1020,1399-9-4
558,وسهمدا,شركت س استان همدان,142,3843537,3470989860,900,940,890,-10,-1.11,900,0,0.0,870,940,1399-9-4
559,كگهر,سنگ آهن گهرزمين,141,313637,13582677559,41245,43307,43307,2062,5.0,41464,219,0.53,43307,43307,1399-9-4
560,دمعيار,صندوق س. توازن معيار-د,135,5365085,53729672994,10008,10015,10018,10,0.1,10015,7,0.07,10013,10018,1399-9-4
561,آبين,كشت و صنعت آبشيرين,133,4330649,15144279553,3396,3497,3497,101,2.97,3464,68,2.0,3497,3497,1399-9-4
562,ضجار1015,اختيارخ وتجارت-3500-1399/10/21,132,4852,2988242000,571,700,630,59,10.33,616,45,7.88,510,700,1399-9-4
563,شزنگ,تجهيزنيروي‌زنگان‌,132,113272,16400313064,140570,144787,144787,4217,3.0,143609,3039,2.16,144787,144787,1399-9-4
564,وبرق,س.کارکنان صنعت برق زنجان وقزوي,127,67931,11796761598,165389,173658,173658,8269,5.0,169874,4485,2.71,173658,173658,1399-9-4
565,سلار,شركت سيمان لارستان,125,979593,28700108714,27903,29298,29298,1395,5.0,29298,1395,5.0,29297,29298,1399-9-4
566,الماس,صندوق س.امين تدبيرگران فردا-س,123,41188,4687058932,113919,119960,113949,30,0.03,113797,-122,-0.11,110002,119960,1399-9-4
567,تسه9904,امتياز تسهيلات مسكن تير99,121,583,420893234,752750,780000,716000,-36750,-4.88,721944,-30806,-4.09,715113,780000,1399-9-4
568,وجامي,سرمايه گذاري جامي,121,1271345,11383623130,9230,8954,8954,-276,-2.99,8985,-245,-2.65,8954,8954,1399-9-4
569,وسكرمان,س.سهام عدالت استان كرمان,120,3188047,3258027040,990,1030,1030,40,4.04,990,0,0.0,950,1030,1399-9-4
570,تسه9810,امتياز تسهيلات مسكن دي98,117,4675,3467544366,746216,708906,708906,-37310,-5.0,741721,-4495,-0.6,708906,783000,1399-9-4
571,ضسپا1103,اختيارخ خساپا-2500-1399/11/26,116,4919,3917901000,830,830,820,-10,-1.2,796,-34,-4.1,700,964,1399-9-4
572,ثقزوي,شركت عمران و سازندگي قزوين,115,667075,17648803275,27849,26457,26457,-1392,-5.0,26513,-1336,-4.8,26457,26457,1399-9-4
573,تسه9906,امتياز تسهيلات مسكن شهريور99,114,754,547737580,764589,726400,726360,-38229,-5.0,726442,-38147,-4.99,726360,730000,1399-9-4
574,فنورد,نوردوقطعات‌ فولادي‌,114,149098,25336223140,161840,169930,169930,8090,5.0,165320,3480,2.15,169930,169930,1399-9-4
575,وگردش,بانك گردشگري,113,1163476,22629608200,19096,19450,19450,354,1.85,19172,76,0.4,19450,19450,1399-9-4
576,بذر,صندوق س بذر اميد آفرين-سهام,113,64341,6816571830,108610,108230,104300,-4310,-3.97,105940,-2670,-2.46,102970,110990,1399-9-4
577,وآفري,بيمه كارآفرين,112,899575,12807751861,14098,14010,14107,9,0.06,14186,88,0.62,14010,14459,1399-9-4
578,لپيام,گسترش صنايع پيام,108,702117,16888722318,24797,24054,24054,-743,-3.0,24080,-717,-2.89,24054,24054,1399-9-4
579,زگلدشت,كشت و دام گلدشت نمونه اصفهان,103,1580224,56941791616,34319,36034,36034,1715,5.0,36034,1715,5.0,36034,36034,1399-9-4
580,وارس,سرمايه گذاري ارس صبا,100,509683,42973922145,81860,84315,84315,2455,3.0,84315,2455,3.0,84315,84315,1399-9-4
581,ضپاس1001,اختيارخ وپارس-2500-1399/10/30,99,1680,2533769000,1371,1674,1600,229,16.7,1508,137,9.99,1350,1690,1399-9-4
582,سمتاز,سيمان ممتازان كرمان,97,114730,2443519902,21889,22100,21330,-559,-2.55,21814,-75,-0.34,21233,22100,1399-9-4
583,كيان2,صندوق س. با درآمد ثابت كيان,96,9600000,9600000,26021,1,1,-26020,-100.0,1,-26020,-100.0,1,1,1399-9-4
584,وسصفا,شركت س استان اصفهان,96,4184421,4309953630,990,1030,1030,40,4.04,990,0,0.0,1030,1030,1399-9-4
585,ارمغان,ص سرمايه گذاري ارمغان ايرانيان,96,3355023,33900973567,10112,10112,10104,-8,-0.08,10105,-7,-0.07,10104,10112,1399-9-4
586,وسكرد,شركت س استان كردستان,95,2002853,1726336880,900,870,860,-40,-4.44,900,0,0.0,860,870,1399-9-4
587,تسه9903,امتياز تسهيلات مسكن خرداد99,95,781,561772170,751879,714286,750000,-1879,-0.25,719299,-32580,-4.33,714286,750000,1399-9-4
588,شرنگي,شيميايي رنگين,95,92486,9930591764,102261,107374,107374,5113,5.0,104585,2324,2.27,107374,107374,1399-9-4
589,صايند,صندوق س. گنجينه آينده روشن-د,95,532160,5349894860,10036,10021,10060,24,0.24,10053,17,0.17,10021,10079,1399-9-4
590,ضسپا1104,اختيارخ خساپا-3000-1399/11/26,92,4106,1825215000,531,560,520,-11,-2.07,445,-86,-16.2,400,560,1399-9-4
591,صنوين,صندوق سرمايه‌گذاري صنوين-مختلط,92,43417,4480965000,104450,104000,102000,-2450,-2.35,103210,-1240,-1.19,101530,104270,1399-9-4
592,ثجوان,تامين مسكن جوانان,88,2108921,14492505112,6545,6872,6872,327,5.0,6771,226,3.45,6872,6872,1399-9-4
593,زعف0008پ10,زعفران0008نگين طلاي سرخ(پ),88,30381,3712305366,127754,126000,124000,-3754,-2.94,122192,-5562,-4.35,121367,127430,1399-9-4
594,كفپارس,فرآورده‌هاي‌ نسوز پارس‌,88,227964,1976447880,9120,8670,8670,-450,-4.93,9100,-20,-0.22,8670,8670,1399-9-4
595,تسه9709,امتياز تسهيلات مسكن آذر97,86,1296,900809461,723141,687001,686984,-36157,-5.0,695069,-28072,-3.88,686984,749998,1399-9-4
596,ساروج,بين المللي ساروج بوشهر,86,336920,6098043325,18353,18000,17803,-550,-3.0,18274,-79,-0.43,17803,18353,1399-9-4
597,ضصاد1101,اختيارخ وبصادر-3000-1399/11/12,85,1974,1652936000,802,1000,849,47,5.86,837,35,4.36,760,1000,1399-9-4
598,ثرود,سرمايه‌گذاري مسكن زاينده رود,84,3096515,36981678645,12571,11943,11943,-628,-5.0,12082,-489,-3.89,11943,11943,1399-9-4
599,سنوين,سرمايه گذاري اقتصاد نوين,84,1165612,10609263408,8926,9104,9104,178,1.99,9102,176,1.97,9014,9104,1399-9-4
600,ومعادنح,ح . توسعه‌معادن‌وفلزات‌,82,1427594,17131128000,9368,12000,12000,2632,28.1,12000,2632,28.1,12000,12000,1399-9-4
601,سكه0112پ03,سكه تمام بهارتحويلي1روزه سامان,82,13400,14667109500,1142612,1100000,1096983,-45629,-3.99,1094560,-48052,-4.21,1086100,1129000,1399-9-4
602,اخزا814,اسنادخزانه-م14بودجه98-010318,81,210266,158764216016,754417,751418,760000,5583,0.74,755064,647,0.09,751417,760000,1399-9-4
603,وسيستا,شركت س استان سيستان وبلوچستان,80,2130573,1833392780,900,860,860,-40,-4.44,900,0,0.0,860,870,1399-9-4
604,تسه9905,امتياز تسهيلات مسكن مرداد99,79,657,492044714,759091,721137,721137,-37954,-5.0,748926,-10165,-1.34,721137,790000,1399-9-4
605,تشتاد,صنايع توليدي اشتاد ايران‌,78,398468,5827594500,15077,14625,14625,-452,-3.0,14938,-139,-0.92,14625,14625,1399-9-4
606,دقاضي,داروسازي شهيد قاضي,77,36110,3011204646,85810,86000,83236,-2574,-3.0,85432,-378,-0.44,83236,86000,1399-9-4
607,اخزا817,اسنادخزانه-م17بودجه98-010512,77,201545,145823383779,722487,721603,725000,2513,0.35,723528,1041,0.14,721602,725000,1399-9-4
608,اخزا902,اسنادخزانه-م2بودجه99-011019,77,164784,109631050407,664104,665500,666001,1897,0.29,665302,1198,0.18,661008,668999,1399-9-4
609,ضجار1018,اختيارخ وتجارت-5000-1399/10/21,77,4739,667262000,103,159,139,36,34.95,141,38,36.89,120,164,1399-9-4
610,ثغرب,شركت سرمايه گذاري مسكن شمالغرب,77,3095737,39374678903,13388,12719,12719,-669,-5.0,12833,-555,-4.15,12719,12719,1399-9-4
611,فالوم,آلومتك‌,76,722805,17598133335,25100,24347,24347,-753,-3.0,24347,-753,-3.0,24347,24347,1399-9-4
612,شكبير,پتروشيمي اميركبير,75,44321,2365476638,54172,53835,53530,-642,-1.19,54147,-25,-0.05,52560,54640,1399-9-4
613,سپر,صندوق س سپر سرمايه بيدار- ثابت,73,319880,3314669866,10359,10380,10361,2,0.02,10362,3,0.03,10360,10380,1399-9-4
614,اخزا903,اسنادخزانه-م3بودجه99-011110,72,168154,110358090917,654795,658950,661165,6370,0.97,656292,1497,0.23,653000,661165,1399-9-4
615,پدرخش,درخشان‌ تهران‌,71,25447,5188897770,226560,203910,203910,-22650,-10.0,223940,-2620,-1.16,203910,203910,1399-9-4
616,ضشنا1035,اختيارخ شپنا-14000-1399/10/23,70,421,1875754000,5160,5000,4200,-960,-18.6,4455,-705,-13.66,4021,5300,1399-9-4
617,سپاس,صندوق س. پاداش سهامداري توسعه1,66,1660060,16781200203,10106,10106,10110,4,0.04,10109,3,0.03,10105,10113,1399-9-4
618,سدشت,صنايع سيمان دشتستان,65,53732,2019447220,38080,36750,38240,160,0.42,38060,-20,-0.05,36690,38880,1399-9-4
619,شلرد,كود شيميايي اوره لردگان,65,485286,4116195852,8235,8482,8482,247,3.0,8268,33,0.4,8482,8482,1399-9-4
620,تسه9901,امتياز تسهيلات مسكن فروردين99,64,962,696142261,757440,719568,720000,-37440,-4.94,723641,-33799,-4.46,719568,790000,1399-9-4
621,ضترا1118,اختيارخ شتران-12000-1399/11/14,63,601,1632792000,3253,3484,3150,-103,-3.17,2717,-536,-16.48,2451,3484,1399-9-4
622,تسه9812,امتياز تسهيلات مسكن اسفند98,63,440,316733400,757427,719556,720000,-37427,-4.94,719849,-37578,-4.96,719556,720000,1399-9-4
623,اخزا809,اسنادخزانه-م9بودجه98-000923,63,123096,102753839551,830759,834750,834200,3441,0.41,834746,3987,0.48,828502,836000,1399-9-4
624,ضشنا1036,اختيارخ شپنا-16000-1399/10/23,62,618,1894276000,3611,5098,2950,-661,-18.31,3065,-546,-15.12,2609,5098,1399-9-4
625,آرمان,بيمه آرمان,61,1406727,12391858143,8390,8809,8809,419,4.99,8630,240,2.86,8809,8809,1399-9-4
626,كابگن,توليدي و صنعتي آبگينه‌,61,301093,1485185379,4885,4932,4933,48,0.98,4899,14,0.29,4838,4933,1399-9-4
627,ضجار1017,اختيارخ وتجارت-4500-1399/10/21,60,2976,593340000,200,200,200,0,0.0,199,-1,-0.5,185,200,1399-9-4
628,كصدف,كاشي صدف سرام استقلال آباده,60,240435,4740656895,18779,19717,19717,938,4.99,18988,209,1.11,19717,19717,1399-9-4
629,بزاگرس,نيروگاه زاگرس كوثر,57,123690,1657074930,14102,13397,13397,-705,-5.0,14077,-25,-0.18,13397,13397,1399-9-4
630,خپويش,سازه‌ پويش‌,57,300042,11164562820,39160,37210,37210,-1950,-4.98,38700,-460,-1.17,37210,37210,1399-9-4
631,ضپاس1005,اختيارخ وپارس-4500-1399/10/30,57,2409,873135000,300,400,360,60,20.0,362,62,20.67,300,400,1399-9-4
632,ضچاد1014,اختيارخ كچاد-14000-1399/10/02,56,413,2463635000,6955,6440,5610,-1345,-19.34,5965,-990,-14.23,5001,6500,1399-9-4
633,هترول911,اختيارف ت پترول-14730-99/11/15,56,465753,464821494,1141,998,998,-143,-12.53,998,-143,-12.53,998,998,1399-9-4
634,ضفلا1154,اختيارخ فولاد-12000-1399/11/28,56,740,2261320000,3638,3700,3220,-418,-11.49,3056,-582,-16.0,2700,3700,1399-9-4
635,فيروزا,صندوق بادرآمد ثابت فيروزه آسيا,56,282094,6000973457,21240,21251,21307,67,0.32,21273,33,0.16,21250,21319,1399-9-4
636,اراد55,مرابحه عام دولت5-ش.خ 0209,55,10777000,9999978300000,1000000,927900,927900,-72100,-7.21,927900,-72100,-7.21,927900,927900,1399-9-4
637,وسمازن,س.سهام عدالت استان مازندران,54,602759,570538750,980,950,940,-40,-4.08,980,0,0.0,940,970,1399-9-4
638,تسه9710,امتياز تسهيلات مسكن دي 97,54,1423,1005358485,738530,710010,702000,-36530,-4.95,706506,-32024,-4.34,701604,710020,1399-9-4
639,لكما,كارخانجات‌مخابراتي‌ايران‌,53,624360,6357857880,10497,10183,10183,-314,-2.99,10393,-104,-0.99,10183,10183,1399-9-4
640,ضصاد1100,اختيارخ وبصادر-2500-1399/11/12,52,1120,1416222000,1282,1260,1280,-2,-0.16,1264,-18,-1.4,1150,1364,1399-9-4
641,تسه9902,امتياز تسهيلات مسكن ارديبهشت99,50,970,761917325,775630,800000,736849,-38781,-5.0,785482,9852,1.27,736849,800000,1399-9-4
642,اخزا904,اسنادخزانه-م4بودجه99-011215,50,36868,23748221284,643314,643002,646998,3684,0.57,644142,828,0.13,642000,646998,1399-9-4
643,كهرام,توليدي گرانيت بهسرام,50,113607,7528622283,63114,66269,66269,3155,5.0,64220,1106,1.75,66269,66269,1399-9-4
644,گكيش,توريستي ورفاهي آبادگران كيش,50,22272,1335763200,61829,59975,59975,-1854,-3.0,61694,-135,-0.22,59975,59975,1399-9-4
645,ثروتم,صندوق س. ثروت آفرين پارسيان-س,48,24860,2359614800,94468,96000,94500,32,0.03,94916,448,0.47,94500,96000,1399-9-4
646,اخزا808,اسنادخزانه-م8بودجه98-000817,47,40452,34549433271,849340,850030,854511,5171,0.61,854085,4745,0.56,850030,855992,1399-9-4
647,كايتاح,ح.ايتالران‌,46,164839,2182070001,13129,12736,12914,-215,-1.64,13238,109,0.83,12736,13522,1399-9-4
648,وآتوس,س.آرين توسكا قيمت اسمي 350ريال,46,583938,19073166894,34382,32663,32663,-1719,-5.0,32663,-1719,-5.0,32663,32663,1399-9-4
649,سيلام,سيمان‌ ايلام‌,45,135913,1336024790,10340,9830,9830,-510,-4.93,10330,-10,-0.1,9830,9830,1399-9-4
650,وساغربي,شركت س استان آذربايجان غربي,45,912894,785383350,900,860,860,-40,-4.44,900,0,0.0,860,870,1399-9-4
651,ضپيك1020,اختيارخ تاپيكو-14000-99/10/16,45,445,1092176000,3589,3000,2000,-1589,-44.27,2454,-1135,-31.62,2000,3000,1399-9-4
652,شكف,كف,45,116515,8000852020,70069,68668,68668,-1401,-2.0,68859,-1210,-1.73,68668,68668,1399-9-4
653,تكنار,مجتمع معادن مس تكنار,45,102701,8734720050,87680,85050,85050,-2630,-3.0,86457,-1223,-1.39,85050,85050,1399-9-4
654,اخزا818,اسنادخزانه-م18بودجه98-010614,45,61718,43855170285,709927,709927,711995,2068,0.29,710573,646,0.09,709000,711995,1399-9-4
655,اخزا816,اسنادخزانه-م16بودجه98-010503,44,103265,75315723660,728682,727000,730000,1318,0.18,729344,662,0.09,727000,730900,1399-9-4
656,ثنور,سرمايه گذاري كوه نور,44,263520,1856234880,7261,7044,7044,-217,-2.99,7240,-21,-0.29,7044,7044,1399-9-4
657,تسه9711,امتياز تسهيلات مسكن بهمن 97,44,471,338479622,753307,717000,715642,-37665,-5.0,718640,-34667,-4.6,715642,720010,1399-9-4
658,ضپاس1004,اختيارخ وپارس-4000-1399/10/30,44,2678,1678487000,670,650,620,-50,-7.46,627,-43,-6.42,561,690,1399-9-4
659,غگلپا,شير پاستوريزه پگاه گلپايگان,43,29471,2028223691,72443,68821,68821,-3622,-5.0,72284,-159,-0.22,68821,68821,1399-9-4
660,خكمك,كمك‌فنرايندامين‌,43,27774,1394254800,52840,50200,50200,-2640,-5.0,52760,-80,-0.15,50200,50200,1399-9-4
661,ضخود1041,اختيارخ خودرو-2500-1399/10/07,43,879,1361195000,1485,1650,1609,124,8.35,1549,64,4.31,1100,1655,1399-9-4
662,غشصفا,شيرپاستوريزه‌پگاه‌اصفهان‌,43,38167,1129361530,31140,29590,29590,-1550,-4.98,31100,-40,-0.13,29590,29590,1399-9-4
663,اخزا811,اسنادخزانه-م11بودجه98-001013,42,191745,158529824577,826116,823500,827501,1385,0.17,826774,658,0.08,823116,830950,1399-9-4
664,تسه9801,امتياز تسهيلات مسكن فروردين98,42,332,238241671,755339,717573,718000,-37339,-4.94,717595,-37744,-5.0,717573,718000,1399-9-4
665,سپرمي,پرميت‌,42,486844,4005009770,8290,8208,8372,82,0.99,8239,-51,-0.62,8208,8372,1399-9-4
666,تسه9712,امتياز تسهيلات مسكن اسفند97,41,849,608574359,753034,716030,716000,-37034,-4.92,716813,-36221,-4.81,715383,719010,1399-9-4
667,تصميم,صندوق س با درآمد ثابت تصميم,41,354631,5305149047,14964,14951,14951,-13,-0.09,14960,-4,-0.03,14950,14979,1399-9-4
668,حاريا,كشتيراني آريا,41,247437,7062346854,29424,28542,28542,-882,-3.0,29082,-342,-1.16,28542,28542,1399-9-4
669,پلاسك,پلاسكوكار,40,271171,2177503130,8450,8030,8030,-420,-4.97,8430,-20,-0.24,8030,8030,1399-9-4
670,تسه9811,امتياز تسهيلات مسكن بهمن98,40,380,285758760,773130,734474,810000,36870,4.77,751997,-21133,-2.73,734474,810000,1399-9-4
671,تسه9802,امتياز تسهيلات مسكن ارديبهشت98,40,469,332311167,745288,708024,708500,-36788,-4.94,708553,-36735,-4.93,708024,710000,1399-9-4
672,اخزا812,اسنادخزانه-م12بودجه98-001111,39,127222,103772014258,807624,804640,815000,7376,0.91,815677,8053,1.0,804640,817000,1399-9-4
673,ضفار1125,اختيارخ فارس-17826-1399/11/07,39,537,503454000,496,510,480,-16,-3.23,469,-27,-5.44,439,510,1399-9-4
674,تسه9803,امتياز تسهيلات مسكن خرداد98,39,383,287661020,741501,704426,704426,-37075,-5.0,751073,9572,1.29,704426,778576,1399-9-4
675,ورازي,بيمه رازي,39,580393,8357078807,15156,14399,14399,-757,-4.99,14821,-335,-2.21,14399,14399,1399-9-4
676,سخند,صندوق س.سپهرخبرگان نفت-د,38,1073830,10829930390,10081,10085,10081,0,0.0,10085,4,0.04,10080,10113,1399-9-4
677,ضخود1040,اختيارخ خودرو-2000-1399/10/07,38,408,835035000,2016,2000,2130,114,5.65,2047,31,1.54,1850,2220,1399-9-4
678,تملتح,ح . تامين سرمايه بانك ملت,38,133484,1067872000,8000,8000,8000,0,0.0,8000,0,0.0,8000,8000,1399-9-4
679,خكار,ايركا پارت صنعت,37,49738,1381721640,29240,27780,27780,-1460,-4.99,29190,-50,-0.17,27780,27780,1399-9-4
680,چافست,افست‌,33,31210,680690100,22950,21810,21810,-1140,-4.97,22930,-20,-0.09,21810,21810,1399-9-4
681,فولاي,صنايع فولاد آلياژي يزد,32,16538,567253400,36105,34300,34300,-1805,-5.0,36074,-31,-0.09,34300,34300,1399-9-4
682,وثوق,سرمايه گذاري وثوق امين,32,86359,888029597,10601,10283,10283,-318,-3.0,10580,-21,-0.2,10283,10283,1399-9-4
683,ضصاد1103,اختيارخ وبصادر-4000-1399/11/12,31,630,209212000,317,360,346,29,9.15,332,15,4.73,290,360,1399-9-4
684,اخزا901,اسنادخزانه-م1بودجه99-010621,31,27107,19286614937,706790,716000,715000,8210,1.16,711499,4709,0.67,706000,716000,1399-9-4
685,ضخود1046,اختيارخ خودرو-5000-1399/10/07,31,1323,255785000,184,210,190,6,3.26,193,9,4.89,177,219,1399-9-4
686,ضغدر1119,اختيارخ وغدير-10000-1399/11/26,31,412,1533613000,4205,4200,3481,-724,-17.22,3722,-483,-11.49,3201,4299,1399-9-4
687,شصفها,پتروشيمي‌ اصفهان‌,30,100170,9215640000,87499,92000,92000,4501,5.14,91256,3757,4.29,92000,92000,1399-9-4
688,هفارس912,اختيارف ت فارس-14576-99/12/13,30,538686,676589616,1279,1256,1256,-23,-1.8,1256,-23,-1.8,1256,1256,1399-9-4
689,تكنو,تكنوتار,29,325801,4704566440,15200,14440,14440,-760,-5.0,15120,-80,-0.53,14440,14440,1399-9-4
690,فاهواز,نورد و لوله اهواز,29,48043,929872265,19750,19355,19355,-395,-2.0,19742,-8,-0.04,19355,19355,1399-9-4
691,زپارس,ملي كشت و صنعت و دامپروري پارس,29,183748,12709849160,65880,69170,69170,3290,4.99,66620,740,1.12,69170,69170,1399-9-4
692,ضترا1117,اختيارخ شتران-10000-1399/11/14,28,148,608749000,5052,5001,4000,-1052,-20.82,4113,-939,-18.59,3500,5001,1399-9-4
693,ضملي1152,اختيارخ فملي-18252-1399/11/05,28,946,615576000,806,680,694,-112,-13.9,651,-155,-19.23,601,700,1399-9-4
694,ثتوسا,س.توسعه و عمران استان اردبيل,26,4297,264815516,64871,61628,61628,-3243,-5.0,64825,-46,-0.07,61628,61628,1399-9-4
695,اخزا806,اسنادخزانه-م6بودجه98-000519,25,30835,27256851498,882938,876019,885200,2262,0.26,883958,1020,0.12,876000,887840,1399-9-4
696,سمايه,بانك سرمايه,25,73884,676260252,9436,9153,9153,-283,-3.0,9426,-10,-0.11,9153,9153,1399-9-4
697,آسام,صندوق س.آرمان سپهر آشنا-م,24,14380,1444894060,100366,101000,100000,-366,-0.36,100479,113,0.11,99000,101980,1399-9-4
698,فسا,پتروشيمي فسا,24,96515,276515475,3015,2865,2865,-150,-4.98,3013,-2,-0.07,2865,2865,1399-9-4
699,ضچاد1017,اختيارخ كچاد-20000-1399/10/02,23,172,358172000,2511,2250,1911,-600,-23.89,2082,-429,-17.08,1909,2290,1399-9-4
700,وسالت,بانك قرض الحسنه رسالت,23,191170,861029680,4290,4504,4504,214,4.99,4299,9,0.21,4504,4504,1399-9-4
701,پارتا,مجتمع‌صنعتي‌آرتاويل‌تاير,23,17198,1025413552,61468,59624,59624,-1844,-3.0,61402,-66,-0.11,59624,59624,1399-9-4
702,داراب,پتروشيمي داراب,22,99963,298389555,3142,2985,2985,-157,-5.0,3140,-2,-0.06,2985,2985,1399-9-4
703,تسه9808,امتياز تسهيلات مسكن آبان98,21,256,193905392,745217,782477,707957,-37260,-5.0,757443,12226,1.64,707957,782477,1399-9-4
704,اخزا704,اسنادخزانه-م4بودجه97-991022,21,1006,982194380,977596,978010,976020,-1576,-0.16,976336,-1260,-0.13,976000,978010,1399-9-4
705,پلاست,كارخانجات توليدي پلاستيران,21,19039,795049601,43050,41759,41759,-1291,-3.0,42997,-53,-0.12,41759,41759,1399-9-4
706,اخزا810,اسنادخزانه-م10بودجه98-001006,21,61975,51425465209,829588,830000,830000,412,0.05,829778,190,0.02,828000,833990,1399-9-4
707,داريك,صندوق س.اعتماد داريك-د,20,230720,2326324587,10081,10083,10082,1,0.01,10083,2,0.02,10082,10083,1399-9-4
708,اخزا906,اسنادخزانه-م6بودجه99-020321,20,60601,37009217539,605011,610000,617000,11989,1.98,610703,5692,0.94,609999,617000,1399-9-4
709,ضپيك1019,اختيارخ تاپيكو-12000-99/10/16,19,108,320261000,3824,3000,2805,-1019,-26.65,2965,-859,-22.46,2601,3200,1399-9-4
710,اخزا821,اسنادخزانه-م21بودجه98-020906,19,4244,2445825508,572889,573000,577980,5091,0.89,576302,3413,0.6,573000,578000,1399-9-4
711,ساربيل,سيمان آرتا اردبيل,19,9063,531907470,61770,58690,58690,-3080,-4.99,61740,-30,-0.05,58690,58690,1399-9-4
712,سايرا,ايرانيت‌,19,28317,1035510660,36026,36206,36000,-26,-0.07,36082,56,0.16,35669,36746,1399-9-4
713,ضملي1148,اختيارخ فملي-10140-1399/11/05,19,65,488305000,8923,7500,7300,-1623,-18.19,7512,-1411,-15.81,7050,8400,1399-9-4
714,بسويچ,پارس‌سويچ‌,18,5502,222170760,42500,40380,40380,-2120,-4.99,42490,-10,-0.02,40380,40380,1399-9-4
715,تسه9809,امتياز تسهيلات مسكن آذر98,18,160,115377732,743016,705866,739454,-3562,-0.48,721111,-21905,-2.95,705866,739454,1399-9-4
716,ضفار1126,اختيارخ فارس-19826-1399/11/07,18,328,108792000,339,33,230,-109,-32.15,166,-173,-51.03,33,340,1399-9-4
717,اخزا804,اسنادخزانه-م4بودجه98-000421,18,17821,15881960103,889689,885000,894000,4311,0.48,891194,1505,0.17,882250,899999,1399-9-4
718,اخزا807,اسنادخزانه-م7بودجه98-000719,18,25641,21964994358,859986,867638,865000,5014,0.58,856636,-3350,-0.39,855011,867638,1399-9-4
719,وايرا,سرمايه گذاري صنايع ايران,18,589614,4956884898,8667,8407,8407,-260,-3.0,8598,-69,-0.8,8407,8407,1399-9-4
720,تسه9805,امتياز تسهيلات مسكن مرداد98,17,154,108350709,727944,764341,691547,-36397,-5.0,703576,-24368,-3.35,691547,764341,1399-9-4
721,فنوال,نورد آلومينيوم‌,17,15808,509333760,33910,32220,32220,-1690,-4.98,33890,-20,-0.06,32220,32220,1399-9-4
722,اخزا813,اسنادخزانه-م13بودجه98-010219,16,19346,14891564872,770104,767105,769001,-1103,-0.14,769749,-355,-0.05,767104,770200,1399-9-4
723,معيار,سرمايه گذاري معيار صنعت پارس,16,118873,3424968876,29400,28812,28812,-588,-2.0,29194,-206,-0.7,28812,28812,1399-9-4
724,جهرم,پتروشيمي جهرم,16,95303,293628543,3243,3081,3081,-162,-5.0,3240,-3,-0.09,3081,3081,1399-9-4
725,ضفار1122,اختيارخ فارس-11826-1399/11/07,16,66,281114000,2900,2700,2100,-800,-27.59,2130,-770,-26.55,2001,2700,1399-9-4
726,نمرينو,ايران‌ مرينوس‌,16,10307,548435470,56010,53210,53210,-2800,-5.0,55980,-30,-0.05,53210,53210,1399-9-4
727,ضملي1149,اختيارخ فملي-12168-1399/11/05,15,228,1059184000,4937,5000,4000,-937,-18.98,4646,-291,-5.89,3810,5000,1399-9-4
728,تسه9804,امتياز تسهيلات مسكن تير98,14,234,167355378,752701,715066,745000,-7701,-1.02,715194,-37507,-4.98,715066,745000,1399-9-4
729,فافزا,فولاد افزا سپاهان,14,101402,4505493664,45806,44432,44432,-1374,-3.0,45478,-328,-0.72,44432,44432,1399-9-4
730,شستا991,اجاره تامين اجتماعي-امين991226,14,101,101186890,997759,1005211,1000000,2241,0.22,1001850,4091,0.41,999999,1005211,1399-9-4
731,وسخراش,شركت س استان خراسان شمالي,14,209547,274506570,1370,1310,1310,-60,-4.38,1370,0,0.0,1310,1310,1399-9-4
732,شمواد,توليد مواداوليه الياف مصنوعي,14,9256,566346872,64407,61187,61187,-3220,-5.0,64311,-96,-0.15,61187,61187,1399-9-4
733,نگين,ص.س. زمين و ساختمان نگين شهرري,14,31046,1529182520,49250,49250,49250,0,0.0,49260,10,0.02,49250,49990,1399-9-4
734,وشمال,س. چشم انداز توسعه شمال,14,3844,395409216,106045,102864,102864,-3181,-3.0,105980,-65,-0.06,102864,102864,1399-9-4
735,خعمرا,توسعه و عمران شهرستان نائين,13,37091,647645951,16630,17461,17461,831,5.0,16655,25,0.15,17461,17461,1399-9-4
736,ضسپا1102,اختيارخ خساپا-2000-1399/11/26,13,305,361667000,1142,1180,1180,38,3.33,1186,44,3.85,1150,1220,1399-9-4
737,لازما,كارخانه هاي صنعتي آزمايش,13,5885,174784500,30937,29700,29700,-1237,-4.0,30914,-23,-0.07,29700,29700,1399-9-4
738,لخانه,لوازم‌ خانگي‌ پارس‌,12,5810,322943040,58509,55584,55584,-2925,-5.0,58459,-50,-0.09,55584,55584,1399-9-4
739,ضخود1047,اختيارخ خودرو-6000-1399/10/07,12,559,52690000,104,91,100,-4,-3.85,94,-10,-9.62,85,100,1399-9-4
740,اخزا820,اسنادخزانه-م20بودجه98-020806,12,60975,35186904820,577692,578001,577010,-682,-0.12,577071,-621,-0.11,577000,577600,1399-9-4
741,شفارا,پتروشيمي فارابي,12,195204,973091940,5139,4985,4985,-154,-3.0,5131,-8,-0.16,4985,4985,1399-9-4
742,خنصير,مهندسي‌نصيرماشين‌,12,7909,357961340,47640,45260,45260,-2380,-5.0,47620,-20,-0.04,45260,45260,1399-9-4
743,آينده,بازرگاني آينده سازان بهشت پارس,12,7758,169093368,22470,21796,21796,-674,-3.0,22464,-6,-0.03,21796,21796,1399-9-4
744,ضپاس1000,اختيارخ وپارس-2000-1399/10/30,11,97,200756000,2026,2400,2170,144,7.11,2070,44,2.17,2000,2400,1399-9-4
745,خفناور,مهندسي صنعتي روان فن آور,11,5006,119803592,24672,23932,23932,-740,-3.0,24667,-5,-0.02,23932,23932,1399-9-4
746,گنجين,صندوق س. گنجينه يكم آويد-د,11,103848,1213677732,11698,11687,11693,-5,-0.04,11687,-11,-0.09,11683,11693,1399-9-4
747,لخزر,پارس‌ خزر,10,5810,1165486000,211150,200600,200600,-10550,-5.0,210890,-260,-0.12,200600,200600,1399-9-4
748,وسقم,شركت س استان قم,10,43409,58168060,1410,1340,1340,-70,-4.96,1410,0,0.0,1340,1340,1399-9-4
749,افرا,افرانت,10,3748,181969148,51106,48551,48551,-2555,-5.0,51096,-10,-0.02,48551,48551,1399-9-4
750,بشهاب,لامپ‌  پارس‌ شهاب‌,10,2326,146258880,66180,62880,62880,-3300,-4.99,66170,-10,-0.02,62880,62880,1399-9-4
751,وحكمت,بيمه حكمت صبا,10,26137,148327475,5850,5675,5675,-175,-2.99,5849,-1,-0.02,5675,5675,1399-9-4
752,وساربيل,شركت س استان اردبيل,10,105988,129305360,1280,1220,1220,-60,-4.69,1280,0,0.0,1220,1220,1399-9-4
753,پست0008پ08,پسته فندقي32-30مه ولات0008(پ),10,211,367899840,1721465,1750000,1750000,28535,1.66,1743601,22136,1.29,1700000,1800000,1399-9-4
754,وسزنجان,شركت س استان زنجان,10,235883,318442050,1420,1350,1350,-70,-4.93,1420,0,0.0,1350,1350,1399-9-4
755,گوهر2,صندوق سكه طلاي كيان,10,100000,100000,57881,1,1,-57880,-100.0,1,-57880,-100.0,1,1,1399-9-4
756,ضمخا7070,اختيارخ اخابر-20000-1400/07/28,9,111,218043000,1943,2000,2000,57,2.93,1964,21,1.08,1900,2000,1399-9-4
757,ضجار1010,اختيارخ وتجارت-1600-1399/10/21,9,171,384891000,2178,2250,2269,91,4.18,2251,73,3.35,2114,2300,1399-9-4
758,ضصاد1106,اختيارخ وبصادر-6000-1399/11/12,9,170,14138000,113,81,90,-23,-20.35,83,-30,-26.55,81,120,1399-9-4
759,ضچاد1016,اختيارخ كچاد-18000-1399/10/02,9,57,173490000,3425,3300,2900,-525,-15.33,3044,-381,-11.12,2900,3400,1399-9-4
760,ضسپا1100,اختيارخ خساپا-1600-1399/11/26,8,37,58727000,1552,2000,1588,36,2.32,1587,35,2.26,1551,2000,1399-9-4
761,اخزا716,اسنادخزانه-م16بودجه97-000407,8,523,472648749,899176,902997,903999,4823,0.54,903726,4550,0.51,902499,903999,1399-9-4
762,تپمپي,پمپ‌ سازي‌ ايران‌,8,5688,192709440,35660,33880,33880,-1780,-4.99,35650,-10,-0.03,33880,33880,1399-9-4
763,غالبرح,ح . لبنيات ‌كالبر,8,6106,105328500,17250,17250,17250,0,0.0,17250,0,0.0,17250,17250,1399-9-4
764,ثنظام,س. ساختماني نظام مهندسي ايران,8,8005,339067785,43666,42357,42357,-1309,-3.0,43643,-23,-0.05,42357,42357,1399-9-4
765,ضچاد1012,اختيارخ كچاد-10000-1399/10/02,8,13,138843000,11014,10500,10000,-1014,-9.21,10680,-334,-3.03,9847,12000,1399-9-4
766,ضملت1123,اختيارخ وبملت-3000-1399/11/28,7,13,37884000,2900,2911,2912,12,0.41,2914,14,0.48,2911,2920,1399-9-4
767,كرونا2,تامين مالي جمعي صرفا اهداي سود,7,134,1340000,10000,10000,10000,0,0.0,10000,0,0.0,10000,10000,1399-9-4
768,ضشنا1037,اختيارخ شپنا-18000-1399/10/23,7,8,20360000,2400,2300,2600,200,8.33,2545,145,6.04,2300,2800,1399-9-4
769,وسبوشهر,شركت س استان بوشهر,7,71032,85238400,1260,1200,1200,-60,-4.76,1260,0,0.0,1200,1200,1399-9-4
770,تملي804,تسهيلات مسكن ب. ملي-تير98,7,123,100293093,776563,815391,815391,38828,5.0,815391,38828,5.0,815391,815391,1399-9-4
771,ضملت1126,اختيارخ وبملت-4500-1399/11/28,7,124,193761000,1625,1647,1580,-45,-2.77,1563,-62,-3.82,1550,1648,1399-9-4
772,كشم0001پ01,كشمش سبز0001خليل آباد(پ),7,79,32463615,424062,402859,426999,2937,0.69,410932,-13130,-3.1,402859,426999,1399-9-4
773,وسگلستا,شركت س استان گلستان,6,65515,77307700,1240,1180,1180,-60,-4.84,1240,0,0.0,1180,1180,1399-9-4
774,تسه9806,امتياز تسهيلات مسكن شهريور98,6,282,202204998,754777,717039,717039,-37738,-5.0,717039,-37738,-5.0,717039,717039,1399-9-4
775,زير0003پ04,زيره سبز0003شركت مينوبذر(پ),6,63,29513547,465637,468469,468469,2832,0.61,468469,2832,0.61,468469,468469,1399-9-4
776,فسديد,لوله‌وتجهيزات‌ سديد - ورشكسته,6,13628,1489240584,111508,109278,109278,-2230,-2.0,110830,-678,-0.61,109278,109278,1399-9-4
777,وپسا,س. پتروشيمي ساختمان  خليج فارس,6,27392,134932992,5078,4926,4926,-152,-2.99,5077,-1,-0.02,4926,4926,1399-9-4
778,زير0003پ01,زيره سبز0003كيميابذر(پ),6,535,273114525,493125,517000,509999,16874,3.42,510494,17369,3.52,500000,517500,1399-9-4
779,عيار2,صندوق س. پشتوانه طلاي مفيد,6,60000,60000,29402,1,1,-29401,-100.0,1,-29401,-100.0,1,1,1399-9-4
780,اخزا805,اسنادخزانه-م5بودجه98-000422,6,20019,17988531960,892393,893000,899000,6607,0.74,898573,6180,0.69,893000,899000,1399-9-4
781,غشوكو,شوكو پارس,6,3594,155965224,44738,43396,43396,-1342,-3.0,44727,-11,-0.02,43396,43396,1399-9-4
782,ضگل1142,اختيارخ كگل-16000-1399/11/21,6,58,261018000,4958,4500,4500,-458,-9.24,4500,-458,-9.24,4500,4501,1399-9-4
783,وسيلام,شركت س استان ايلام,6,96227,113547860,1240,1180,1180,-60,-4.84,1240,0,0.0,1180,1180,1399-9-4
784,تملي801,تسهيلات مسكن ب. ملي-فروردين98,6,68,67151700,940500,987525,987525,47025,5.0,987525,47025,5.0,987525,987525,1399-9-4
785,شسم,توليد سموم‌ علف‌ كش,5,1981,170534385,84398,86085,86085,1687,2.0,84426,28,0.03,86085,86085,1399-9-4
786,وسكرشا,س.سهام عدالت استان كرمانشاه,5,63267,78451080,1300,1240,1240,-60,-4.62,1300,0,0.0,1240,1240,1399-9-4
787,ساذري,آذريت‌,5,4013,23981688,5802,5976,5976,174,3.0,5802,0,0.0,5976,5976,1399-9-4
788,ضجار1013,اختيارخ وتجارت-2500-1399/10/21,5,48,73798000,1243,1600,1400,157,12.63,1537,294,23.65,1400,1600,1399-9-4
789,ضسپا1101,اختيارخ خساپا-1800-1399/11/26,5,40,55873000,1076,1500,1400,324,30.11,1397,321,29.83,1335,1500,1399-9-4
790,ضپيك1021,اختيارخ تاپيكو-16000-99/10/16,5,6,10300000,2502,2500,1300,-1202,-48.04,1717,-785,-31.37,1300,2600,1399-9-4
791,پلوله,گازلوله‌,5,3725,69329700,18800,18612,18612,-188,-1.0,18797,-3,-0.02,18612,18612,1399-9-4
792,هبركت912,اختيارف ت بركت-22100-99/12/17,5,30281,146832569,5506,4849,4849,-657,-11.93,4849,-657,-11.93,4849,4849,1399-9-4
793,تملي706,تسهيلات مسكن ب. ملي-شهريور97,4,28,25047204,941624,894543,894543,-47081,-5.0,894543,-47081,-5.0,894543,894543,1399-9-4
794,ضپيك1022,اختيارخ تاپيكو-18000-99/10/16,4,6,9598000,1234,1800,1200,-34,-2.76,1600,366,29.66,1200,1800,1399-9-4
795,وسخراج,شركت س استان خراسان جنوبي,4,12770,27072400,2230,2120,2120,-110,-4.93,2230,0,0.0,2120,2120,1399-9-4
796,زير0003پ02,زيره سبز0003 دانش(پ),4,41,19297229,467933,468469,468469,536,0.11,470664,2731,0.58,468469,478469,1399-9-4
797,ضگل1143,اختيارخ كگل-18000-1399/11/21,4,40,120009000,3810,3001,3000,-810,-21.26,3000,-810,-21.26,3000,3001,1399-9-4
798,شستا993,اجاره ت.اجتماعي-كاردان991226,4,21,20622009,999990,982001,982001,-17989,-1.8,982000,-17990,-1.8,982000,982001,1399-9-4
799,تملي701,تسهيلات مسكن ب. ملي-فروردين97,4,42,48794340,1222915,1161770,1161770,-61145,-5.0,1161770,-61145,-5.0,1161770,1161770,1399-9-4
800,اخزا721,اسنادخزانه-م21بودجه97-000728,4,374,321041700,856981,860500,857000,19,0.0,858400,1419,0.17,857000,860500,1399-9-4
801,فنرژي,گسترش صنايع انرژي آذرآب,4,4877,51345056,10742,10528,10528,-214,-1.99,10741,-1,-0.01,10528,10528,1399-9-4
802,تملي708,تسهيلات مسكن ب. ملي-آبان97,4,56,34687016,589916,619411,619411,29495,5.0,619411,29495,5.0,619411,619411,1399-9-4
803,ضپنا1021,اختيارخ رمپنا-16106-1399/10/09,4,23,141725776,4500,4500,3800,-700,-15.56,4161,-339,-7.53,3800,4500,1399-9-4
804,ضبدر1149,اختيارخ شبندر-28000-1399/11/19,4,14,59500000,4500,3500,4200,-300,-6.67,4250,-250,-5.56,3500,4400,1399-9-4
805,ضگل1150,اختيارخ كگل-12000-1399/11/21,3,4,32160000,4550,8080,8000,3450,75.82,8040,3490,76.7,8000,8080,1399-9-4
806,ضمخا7066,اختيارخ اخابر-12000-1400/07/28,3,14,66697000,6000,4471,5200,-800,-13.33,4764,-1236,-20.6,4471,5200,1399-9-4
807,ضپنا1020,اختيارخ رمپنا-13406-1399/10/09,3,18,180760493,3777,6553,6800,3023,80.04,6781,3004,79.53,6553,6800,1399-9-4
808,ضخوز1016,اختيارخ فخوز-15238-1399/10/16,3,203,205100000,700,400,1700,1000,142.86,1010,310,44.29,400,1700,1399-9-4
809,ضملي1151,اختيارخ فملي-16224-1399/11/05,3,120,203600000,2010,1700,1710,-300,-14.93,1697,-313,-15.57,1650,1710,1399-9-4
810,اخزا718,اسنادخزانه-م18بودجه97-000525,3,1000,880000445,880000,880010,880000,0,0.0,880000,0,0.0,880000,880010,1399-9-4
811,وسكهبو,س.عدالت ا. كهگيلويه وبويراحمد,3,59700,64476000,1130,1080,1080,-50,-4.42,1130,0,0.0,1080,1080,1399-9-4
812,ضملت1128,اختيارخ وبملت-6000-1399/11/28,3,12,9360000,735,780,780,45,6.12,780,45,6.12,780,780,1399-9-4
813,صخابر102,صكوك اجاره مخابرات-3 ماهه 16%,3,2032,1912720000,940042,960000,941000,958,0.1,941299,1257,0.13,941000,960000,1399-9-4
814,ثاژن,سخت آژند,3,23217,194001252,8526,8356,8356,-170,-1.99,8523,-3,-0.04,8356,8356,1399-9-4
815,صگل411,ص اجاره گل گهر 411- 3 ماهه 17%,3,40,39200000,980393,980000,980000,-393,-0.04,980000,-393,-0.04,980000,980000,1399-9-4
816,شستا992,اجاره تامين اجتماعي-سپهر991226,3,48,48290898,991498,990103,1009999,18501,1.87,1006060,14562,1.47,990103,1009999,1399-9-4
817,تملي803,تسهيلات مسكن ب. ملي-خرداد98,3,21,9208794,417633,438514,438514,20881,5.0,438514,20881,5.0,438514,438514,1399-9-4
818,ضمخا1024,اختيارخ اخابر-14000-1399/10/30,3,46,111900000,2597,2400,2900,303,11.67,2433,-164,-6.31,2400,2900,1399-9-4
819,تملي711,تسهيلات مسكن ب. ملي-بهمن97,2,16,16473360,1083773,1029585,1029585,-54188,-5.0,1029585,-54188,-5.0,1029585,1029585,1399-9-4
820,ضجار1011,اختيارخ وتجارت-1800-1399/10/21,2,20,40000000,2003,1900,2100,97,4.84,2000,-3,-0.15,1900,2100,1399-9-4
821,اشاد9,مشاركت دولتي9-شرايط خاص990909,2,50000,49999100000,999982,999982,999982,0,0.0,999982,0,0.0,999982,999982,1399-9-4
822,وسمركز,شركت س استان مركزي,2,8232,10948560,1400,1330,1330,-70,-5.0,1400,0,0.0,1330,1330,1399-9-4
823,تاپيكو2,س. نفت و گاز و پتروشيمي تأمين,2,214620000,2930001600000,14240,13680,13650,-590,-4.14,13652,-588,-4.13,13650,13680,1399-9-4
824,ضشنا1045,اختيارخ شپنا-12000-1399/10/23,2,10,63222000,6500,6400,6011,-489,-7.52,6322,-178,-2.74,6011,6400,1399-9-4
825,تملي612,تسهيلات مسكن بانك ملي-اسفند96,2,6,5598785,972405,1021025,935000,-37405,-3.85,933131,-39274,-4.04,923785,935000,1399-9-4
826,ضملي1153,اختيارخ فملي-20280-1399/11/05,2,11,2641000,517,241,240,-277,-53.58,240,-277,-53.58,240,241,1399-9-4
827,اراد544,مرابحه عام دولت5-ش.خ 0109,2,11071049,10451070256000,947320,944000,944000,-3320,-0.35,944000,-3320,-0.35,944000,944000,1399-9-4
828,سپ2,پرداخت الكترونيك سامان كيش,2,41200000,631596000000,14600,15330,15330,730,5.0,15330,730,5.0,15330,15330,1399-9-4
829,زعف0008پ09,زعفران0008نگين نوين(پ),2,78,9492810,133146,122010,121500,-11646,-8.75,121703,-11443,-8.59,121500,122010,1399-9-4
830,اخزا723,اسنادخزانه-م23بودجه97-000824,2,27000,23071525000,853029,854501,854500,1471,0.17,854501,1472,0.17,854500,854501,1399-9-4
831,اشاد10,مشاركت دولتي10-شرايط خاص001226,2,1400,1317440400,941000,941000,941101,101,0.01,941029,29,0.0,941000,941101,1399-9-4
832,شلرد02,كود شيميايي اوره لردگان,2,52,51704000,991619,1022000,990000,-1619,-0.16,994308,2689,0.27,990000,1022000,1399-9-4
833,تاصيكو2,سرمايه گذاري صدرتامين,2,318975332,3229999999280,10540,10540,10100,-440,-4.17,10126,-414,-3.93,10100,10540,1399-9-4
834,صينا205,صكوك منفعت سينا دارو-3ماهه 19%,2,20,20000034,1000002,1000002,1000001,-1,0.0,1000002,0,0.0,1000001,1000002,1399-9-4
835,ضگل1149,اختيارخ كگل-10000-1399/11/21,2,2,16324000,10065,9324,7000,-3065,-30.45,8162,-1903,-18.91,7000,9324,1399-9-4
836,ضچاد1019,اختيارخ كچاد-28000-1399/10/02,2,4,1604000,560,401,401,-159,-28.39,401,-159,-28.39,401,401,1399-9-4
837,غبهار,كشت وصنعت بهاران گلبهار خراسان,2,276,10020180,37427,36305,36305,-1122,-3.0,37426,-1,0.0,36305,36305,1399-9-4
838,ضگل1141,اختيارخ كگل-14000-1399/11/21,2,3,15960000,6831,5330,5300,-1531,-22.41,5320,-1511,-22.12,5300,5330,1399-9-4
839,صايپا203,صكوك مرابحه سايپا203-3ماهه 16%,2,2044,2024000000,1000000,990000,1000000,0,0.0,990215,-9785,-0.98,990000,1000000,1399-9-4
840,ضملت1124,اختيارخ وبملت-3500-1399/11/28,2,6,14483000,2340,2393,2418,78,3.33,2414,74,3.16,2393,2418,1399-9-4
841,اخزا713,اسنادخزانه-م13بودجه97-000518,2,100,88351000,881462,883510,883510,2048,0.23,883510,2048,0.23,883510,883510,1399-9-4
842,ضترا1127,اختيارخ شتران-8000-1399/11/14,2,2,13676000,6771,6838,6838,67,0.99,6838,67,0.99,6838,6838,1399-9-4
843,هغدير912,اختيارف ت غدير-17380-99/12/16,2,14521,49661820,3652,3420,3420,-232,-6.35,3420,-232,-6.35,3420,3420,1399-9-4
844,كايتا,ايتالران‌,2,551,5260948,9270,9548,9548,278,3.0,9270,0,0.0,9548,9548,1399-9-4
845,كرمان00,رهني كرمان موتور14001130,2,2,1994615,998326,997307,997308,-1018,-0.1,997307,-1019,-0.1,997307,997308,1399-9-4
846,فوكا,فولاد كاويان,2,58500,1186672500,20912,20285,20285,-627,-3.0,20897,-15,-0.07,20285,20285,1399-9-4
847,ثاباد,توريستي ورفاهي آبادگران ايران,2,1705,51184100,31600,30020,30020,-1580,-5.0,31600,0,0.0,30020,30020,1399-9-4
848,ضجار1012,اختيارخ وتجارت-2000-1399/10/21,1,1,1900000,1860,1900,1900,40,2.15,1900,40,2.15,1900,1900,1399-9-4
849,ضمخا7067,اختيارخ اخابر-14000-1400/07/28,1,1,4500000,4308,4500,4500,192,4.46,4500,192,4.46,4500,4500,1399-9-4
850,كيش1402,اجاره س. و توسعه كيش14020820,1,5,4900000,1000047,980000,980000,-20047,-2.0,980000,-20047,-2.0,980000,980000,1399-9-4
851,پارسا306,صكوك اجاره پارسيان-6ماهه16%,1,1000,926000000,926000,926000,926000,0,0.0,926000,0,0.0,926000,926000,1399-9-4
852,وبملت2,بانك ملت,1,36298000,200001980000,5390,5510,5510,120,2.23,5510,120,2.23,5510,5510,1399-9-4
853,ضپار1125,اختيارخ خپارس-4000-1399/11/19,1,2,9400000,1,4700,4700,4699,469900.0,4700,4699,469900.0,4700,4700,1399-9-4
854,ضترا1119,اختيارخ شتران-14000-1399/11/14,1,1,2100000,2002,2100,2100,98,4.9,2100,98,4.9,2100,2100,1399-9-4
855,وسيزد,شركت س استان يزد,1,4200,5124000,1280,1220,1220,-60,-4.69,1280,0,0.0,1220,1220,1399-9-4
856,سكرما2,سيمان‌ كرمان‌,1,5000000,69350000000,13680,13870,13870,190,1.39,13870,190,1.39,13870,13870,1399-9-4
857,ضملي1154,اختيارخ فملي-24336-1399/11/05,1,10,1100000,500,110,110,-390,-78.0,110,-390,-78.0,110,110,1399-9-4
858,اتكام2,شركت بيمه اتكايي امين,1,16010000,99998460000,6246,6246,6246,0,0.0,6246,0,0.0,6246,6246,1399-9-4
859,سشمال2,سيمان‌ شمال‌,1,7000000,57120000000,7950,8160,8160,210,2.64,8160,210,2.64,8160,8160,1399-9-4
860,صفارس307,صكوك اجاره فارس307- 3ماهه18%,1,500,475250000,959000,950500,950500,-8500,-0.89,950500,-8500,-0.89,950500,950500,1399-9-4
861,صمسكن912,ص دين مسكن جنوب-ماهانه16درصد,1,500,35196000,74096,70392,70392,-3704,-5.0,70392,-3704,-5.0,70392,70392,1399-9-4
862,آگاس2,صندوق س.هستي بخش آگاه-س,1,100000,100000,71032,1,1,-71031,-100.0,1,-71031,-100.0,1,1,1399-9-4
863,صايپا012,صكوك مرابحه سايپا012-3ماهه 16%,1,5,4901970,1000001,980394,980394,-19607,-1.96,980394,-19607,-1.96,980394,980394,1399-9-4
864,فن آوا,گروه فن آوا,1,4233,59689533,14537,14101,14101,-436,-3.0,14536,-1,-0.01,14101,14101,1399-9-4
865,بتك,كارخانجات كابل سازي‌ تك‌,1,509,17511636,33730,34404,34404,674,2.0,33731,1,0.0,34404,34404,1399-9-4
866,تملي702,تسهيلات مسكن ب. ملي-ارديبهشت97,1,20,18201620,957979,910081,910081,-47898,-5.0,910081,-47898,-5.0,910081,910081,1399-9-4
867,ضپار1124,اختيارخ خپارس-3500-1399/11/19,1,2,10400000,1,5200,5200,5199,519900.0,5200,5199,519900.0,5200,5200,1399-9-4
868,ساروج2,بين المللي ساروج بوشهر,1,4000000,73104000000,18353,18276,18276,-77,-0.42,18276,-77,-0.42,18276,18276,1399-9-4
869,ضترا1126,اختيارخ شتران-7000-1399/11/14,1,1,7804000,4140,7804,7804,3664,88.5,7804,3664,88.5,7804,7804,1399-9-4
870,ضغدر1120,اختيارخ وغدير-12000-1399/11/26,1,20,53000000,3098,2650,2650,-448,-14.46,2650,-448,-14.46,2650,2650,1399-9-4
871,كمند2,صندوق س. با درآمد ثابت كمند,1,30000000,30000000,10105,1,1,-10104,-99.99,1,-10104,-99.99,1,1,1399-9-4
872,اطلس2,صندوق س.توسعه اندوخته آينده-س,1,10000,10000,194925,1,1,-194924,-100.0,1,-194924,-100.0,1,1,1399-9-4
873,افاد534,منفعت دولت5-ش.خاص كاريزما0108,1,276000,234876000000,835000,851000,851000,16000,1.92,851000,16000,1.92,851000,851000,1399-9-4
874,ميهن2,بيمه ميهن,1,14341000,90004116000,5978,6276,6276,298,4.98,6276,298,4.98,6276,6276,1399-9-4
875,شتهران,داروسازي تهران شيمي,1,7920,62029440,7679,7832,7832,153,1.99,7680,1,0.01,7832,7832,1399-9-4
876,ياقوت2,صندوق س ياقوت آگاه-ثابت,1,6985000,6985000,11326,1,1,-11325,-99.99,1,-11325,-99.99,1,1,1399-9-4
877,چكاپا2,گروه صنايع كاغذ پارس,1,76539457,462298320280,5760,6040,6040,280,4.86,6040,280,4.86,6040,6040,1399-9-4
878,سمازن2,سيمان‌مازندران‌,1,9000000,88380000000,9510,9820,9820,310,3.26,9820,310,3.26,9820,9820,1399-9-4
879,ضترا1128,اختيارخ شتران-9000-1399/11/14,1,2,11664000,3257,5832,5832,2575,79.06,5832,2575,79.06,5832,5832,1399-9-4
880,ضمخا7075,اختيارخ اخابر-9000-1400/07/28,1,8,59016000,8090,7377,7377,-713,-8.81,7377,-713,-8.81,7377,7377,1399-9-4
881,خچرخش2,چرخشگر,1,5875000,119380000000,19360,20320,20320,960,4.96,20320,960,4.96,20320,20320,1399-9-4
882,وتجارت2,بانك تجارت,1,108992000,400000640000,3500,3670,3670,170,4.86,3670,170,4.86,3670,3670,1399-9-4
883,ضپار1120,اختيارخ خپارس-10000-1399/11/19,1,10,4000000,920,400,400,-520,-56.52,400,-520,-56.52,400,400,1399-9-4
884,ضپار1117,اختيارخ خپارس-7000-1399/11/19,1,21,52500000,2597,2500,2500,-97,-3.74,2500,-97,-3.74,2500,2500,1399-9-4
885,عفولاد3,اوراق سلف موازي ورق گرم فولاد,1,67491,53436809142,791053,791762,791762,709,0.09,791762,709,0.09,791762,791762,1399-9-4
886,اراد41,مرابحه عام دولت4-ش.خ 0006,1,500,523833500,1051667,1047667,1047667,-4000,-0.38,1047667,-4000,-0.38,1047667,1047667,1399-9-4
887,ضچاد1018,اختيارخ كچاد-24000-1399/10/02,1,2,2000000,100,1000,1000,900,900.0,1000,900,900.0,1000,1000,1399-9-4
888,ضملت1127,اختيارخ وبملت-5000-1399/11/28,1,2,2900000,1248,1450,1450,202,16.19,1450,202,16.19,1450,1450,1399-9-4
889,ضخوز1015,اختيارخ فخوز-13715-1399/10/16,1,10,50000000,7300,5000,5000,-2300,-31.51,5000,-2300,-31.51,5000,5000,1399-9-4
890,تبريز112,مشاركت شهرداري تبريز-3ماهه18%,1,5,4945000,990000,989000,989000,-1000,-0.1,989000,-1000,-0.1,989000,989000,1399-9-4
891,اراد50,مرابحه عام دولت5-ش.خ0302,1,100,96000000,951000,960000,960000,9000,0.95,960000,9000,0.95,960000,960000,1399-9-4
892,ضپار1115,اختيارخ خپارس-5000-1399/11/19,1,1,4980000,4599,4980,4980,381,8.28,4980,381,8.28,4980,4980,1399-9-4
893,كسرا2,سراميك‌هاي‌صنعتي‌اردكان‌,1,7300000,173521000000,22640,23770,23770,1130,4.99,23770,1130,4.99,23770,23770,1399-9-4
894,فبستم,صنايع ‌بسته‌بندي‌ مشهد,1,10000,8160000,793,816,816,23,2.9,793,0,0.0,816,816,1399-9-4
895,اخزا722,اسنادخزانه-م22بودجه97-000428,1,1187,1062365000,894902,895000,895000,98,0.01,895000,98,0.01,895000,895000,1399-9-4
896,ضفلا1151,اختيارخ فولاد-8000-1399/11/28,1,1,6000000,6657,6000,6000,-657,-9.87,6000,-657,-9.87,6000,6000,1399-9-4
897,ضبدر1150,اختيارخ شبندر-32000-1399/11/19,1,1,8000000,1500,8000,8000,6500,433.33,8000,6500,433.33,8000,8000,1399-9-4
898,زعف0008پ15,زعفران0008پوشالمعمول طلاسرخ(پ),1,10,930000,94292,93000,93000,-1292,-1.37,93000,-1292,-1.37,93000,93000,1399-9-4
899,تملي710,تسهيلات مسكن ب. ملي-دي97,1,10,9900000,993770,990000,990000,-3770,-0.38,990000,-3770,-0.38,990000,990000,1399-9-4
900,اراد53,مرابحه عام دولت5-ش.خ 0207,1,2735,2547871300,931520,931580,931580,60,0.01,931580,60,0.01,931580,931580,1399-9-4
901,كيميا2,معدني كيمياي زنجان گستران,1,1660000,41500000000,24661,25000,25000,339,1.37,25000,339,1.37,25000,25000,1399-9-4
902,ضملت1125,اختيارخ وبملت-4000-1399/11/28,1,7,13475000,1850,1925,1925,75,4.05,1925,75,4.05,1925,1925,1399-9-4
903,ضصاد1107,اختيارخ وبصادر-7000-1399/11/12,1,3,153000,80,51,51,-29,-36.25,51,-29,-36.25,51,51,1399-9-4
904,اراد534,مرابحه عام دولت5-ش.خ 0207,1,500000,465790000000,931520,931580,931580,60,0.01,931580,60,0.01,931580,931580,1399-9-4
905,ضپار1116,اختيارخ خپارس-6000-1399/11/19,1,10,31000000,3100,3100,3100,0,0.0,3100,0,0.0,3100,3100,1399-9-4
906,اراد494,مرابحه عام دولت4-ش.خ 0206,1,10712718,10000000871460,937400,933470,933470,-3930,-0.42,933470,-3930,-0.42,933470,933470,1399-9-4
907,سشرق2,سيمان‌ شرق‌,1,13270000,79620000000,5100,6000,6000,900,17.65,6000,900,17.65,6000,6000,1399-9-4
908,دمعيار2,صندوق س. توازن معيار-د,1,7600000,7600000,10008,1,1,-10007,-99.99,1,-10007,-99.99,1,1,1399-9-4
909,پا ر 11,بار پايه روز 11,1,10000,3900000,715,390,390,-325,-45.45,390,-325,-45.45,390,390,1399-9-4
