,نماد,نام,تعداد,حجم,ارزش,دیروز,اولین,آخرین معامله - مقدار,آخرین معامله - تغییر,آخرین معامله - درصد,قیمت پایانی - مقدار,قیمت پایانی - تغییر,قیمت پایانی - درصد,کمترین,بیشترین,تاریخ
0,چخزر,صنايع چوب خزر كاسپين,200139,27380444,1419561559361,50128,50000,49500,-628,-1.25,51846,1718,3.43,47622,52634,1399-10-29
1,ولپارس,ليزينگ پارسيان,36016,55417500,402582670190,7160,7230,7330,170,2.37,7260,100,1.4,7110,7490,1399-10-29
2,وسپهر,سرمايه گذاري مالي سپهرصادرات,35975,120375121,1269885528859,10445,10961,10319,-126,-1.21,10549,104,1.0,10100,10961,1399-10-29
3,بوعلي,پتروشيمي بوعلي سينا,35237,10618890,447934982550,44140,42800,42990,-1150,-2.61,42180,-1960,-4.44,41940,42990,1399-10-29
4,سپيدار,سپيدار سيستم آسيا,34015,579584,26182707200,43024,45175,45175,2151,5.0,44082,1058,2.46,45175,45175,1399-10-29
5,دارا يكم,صندوق واسطه گري مالي يكم-سهام,29013,16533066,1681946456270,111670,106000,100510,-11160,-9.99,101730,-9940,-8.9,100510,106000,1399-10-29
6,پالايش,صندوق پالايشي يکم-سهام,27384,17764894,937022097640,56460,56000,51400,-5060,-8.96,52750,-3710,-6.57,51310,56200,1399-10-29
7,وخارزم,سرمايه گذاري خوارزمي,21071,176074517,1496296689180,8220,8440,8630,410,4.99,8500,280,3.41,8010,8630,1399-10-29
8,سيتا,سرمايه گذاري سيمان تامين,20258,32304857,487894823620,15060,15000,15080,20,0.13,15100,40,0.27,15000,15550,1399-10-29
9,فولاد,فولاد مباركه اصفهان,18153,171942544,1687151987440,10320,9810,9810,-510,-4.94,9810,-510,-4.94,9810,10000,1399-10-29
10,پيزد,مجتمع صنايع لاستيك يزد,16538,3052812,230596056462,76227,74550,73250,-2977,-3.91,75536,-691,-0.91,72416,78925,1399-10-29
11,آريا,پليمر آريا ساسول,14873,5379377,410989761623,79263,75300,76550,-2713,-3.42,76401,-2862,-3.61,75300,82000,1399-10-29
12,شستا,سرمايه گذاري تامين اجتماعي,13284,72432081,1368847863330,19840,19000,18850,-990,-4.99,18900,-940,-4.74,18850,19490,1399-10-29
13,بگيلان,توسعه مسير برق گيلان,12598,7399445,147939219578,20887,20000,19843,-1044,-5.0,19993,-894,-4.28,19843,20995,1399-10-29
14,آبادا,توليد نيروي برق آبادان,12593,6305645,99150616240,16490,15670,15670,-820,-4.97,15720,-770,-4.67,15670,16220,1399-10-29
15,خودرو,ايران‌ خودرو,11934,372127212,877163917530,2450,2440,2330,-120,-4.9,2360,-90,-3.67,2330,2440,1399-10-29
16,وبصادر,بانك صادرات ايران,11361,419918638,963474218040,2350,2450,2240,-110,-4.68,2290,-60,-2.55,2240,2450,1399-10-29
17,رافزا,رايان هم افزا,10244,71577,3000364686,39922,41918,41918,1996,5.0,40036,114,0.29,41918,41918,1399-10-29
18,فجام,جام‌دارو,9973,62081150,708115556350,11290,11850,10820,-470,-4.16,11410,120,1.06,10730,11850,1399-10-29
19,غزر,صنعتي زر ماكارون,9797,6305074,143591485630,26170,23490,22640,-3530,-13.49,22770,-3400,-12.99,22320,23500,1399-10-29
20,وغدير,سرمايه‌گذاري‌غدير(هلدينگ‌,7465,86877115,815154902270,9860,9510,9370,-490,-4.97,9380,-480,-4.87,9370,9650,1399-10-29
21,سبهان,سيمان‌ بهبهان‌,7189,5107697,551291183980,111400,106090,105830,-5570,-5.0,107930,-3470,-3.11,105830,116500,1399-10-29
22,شپنا,پالايش نفت اصفهان,6708,71977742,639603127820,9340,8890,8880,-460,-4.93,8890,-450,-4.82,8880,9060,1399-10-29
23,خساپا,سايپا,6703,205195454,396722511790,2020,1970,1920,-100,-4.95,1930,-90,-4.46,1920,2000,1399-10-29
24,ددام,داروسازي زاگرس فارمد پارس,6467,24793734,481713159330,18940,19300,18940,0,0.0,19430,490,2.59,18100,19880,1399-10-29
25,سنير,سيمان‌ سفيد ني‌ريز,6310,3972943,697808436360,167300,175660,175660,8360,5.0,175640,8340,4.99,169590,175660,1399-10-29
26,كمند,صندوق س. با درآمد ثابت كمند,6166,274027825,2761665892092,10068,10079,10077,9,0.09,10078,10,0.1,10076,10081,1399-10-29
27,خموتور,موتورسازان‌تراكتورسازي‌ايران‌,5989,39101010,1122931976530,28570,29990,27150,-1420,-4.97,28720,150,0.53,27150,29990,1399-10-29
28,فملي,ملي‌ صنايع‌ مس‌ ايران‌,5987,63923016,632217936760,10410,9890,9890,-520,-5.0,9890,-520,-5.0,9890,9980,1399-10-29
29,غشاذر,پگاه‌آذربايجان‌غربي‌,5840,22437246,584922865050,25210,24700,26180,970,3.85,26070,860,3.41,23950,26470,1399-10-29
30,دتوزيع,توزيع دارو پخش,5573,5731020,281972855717,48738,49940,47352,-1386,-2.84,49201,463,0.95,46500,50800,1399-10-29
31,غگيلا,شيرپاستوريزه پگاه گيلان,4478,114860,2585383740,21438,22509,22509,1071,5.0,21490,52,0.24,22509,22509,1399-10-29
32,ولساپا,ليزينگ رايان‌ سايپا,4279,88869835,310222418280,3660,3480,3480,-180,-4.92,3490,-170,-4.64,3480,3650,1399-10-29
33,داوه,داروسازي آوه سينا,4214,14984902,337598856674,22810,21670,23000,190,0.83,22529,-281,-1.23,21670,23850,1399-10-29
34,سشرق,سيمان‌ شرق‌,4188,41984353,252493033990,6150,5850,6220,70,1.14,6010,-140,-2.28,5850,6370,1399-10-29
35,غپآذر,شير پگاه آذربايجان شرقي,4029,4684878,326409965608,66638,69800,69969,3331,5.0,69673,3035,4.55,67000,69969,1399-10-29
36,ثبهساز,بهساز كاشانه تهران,4019,49271076,150269326010,3180,3060,3030,-150,-4.72,3050,-130,-4.09,3030,3140,1399-10-29
37,ومعادن,توسعه‌معادن‌وفلزات‌,3981,41508680,410099286710,10360,9900,9850,-510,-4.92,9880,-480,-4.63,9850,10270,1399-10-29
38,ولملت,واسپاري ملت,3959,27088849,257163048000,9090,9540,9540,450,4.95,9490,400,4.4,8640,9540,1399-10-29
39,بالاس,مهندسي ساختمان تاسيسات راه آهن,3890,5142410,307584897928,57332,60000,60198,2866,5.0,59813,2481,4.33,57332,60198,1399-10-29
40,تاپكيش,تجارت الكترونيك پارسيان كيش,3461,9163819,201569708529,22402,22066,21520,-882,-3.94,21996,-406,-1.81,21282,23070,1399-10-29
41,وبملت,بانك ملت,3427,117676434,422542962990,3770,3590,3590,-180,-4.77,3590,-180,-4.77,3590,3650,1399-10-29
42,سفارس,سيمان فارس و خوزستان,3353,21719267,317474916950,15210,14450,14450,-760,-5.0,14620,-590,-3.88,14450,15400,1399-10-29
43,ثاميد,توسعه و عمران اميد,3213,38129429,67638897060,1860,1780,1770,-90,-4.84,1770,-90,-4.84,1770,1830,1399-10-29
44,شبندر,پالايش نفت بندرعباس,3059,19845413,362608296500,19220,18280,18260,-960,-4.99,18270,-950,-4.94,18260,18800,1399-10-29
45,سرو,صندوق س سروسودمند مدبران-سهام,2983,5587946,315367236500,61390,58990,56010,-5380,-8.76,56440,-4950,-8.06,55260,58990,1399-10-29
46,اعتماد,صندوق س.اعتماد آفرين پارسيان-د,2937,92493250,3181802184460,34372,34397,34405,33,0.1,34400,28,0.08,34396,34407,1399-10-29
47,ولصنم,ليزينگ‌صنعت‌ومعدن‌,2928,26648629,329996160450,12950,13000,12400,-550,-4.25,12380,-570,-4.4,12310,13000,1399-10-29
48,سخاش,سيمان‌خاش‌,2911,1758464,221355342990,130820,124280,124280,-6540,-5.0,125880,-4940,-3.78,124280,130570,1399-10-29
49,سپاها,سيمان‌سپاهان‌,2871,22955771,183006360580,8080,7680,8150,70,0.87,7970,-110,-1.36,7680,8470,1399-10-29
50,لپيام,گسترش صنايع پيام,2801,5919876,274633131678,46156,44772,47540,1384,3.0,46392,236,0.51,44772,47540,1399-10-29
51,فخوز,فولاد  خوزستان,2788,20151470,243592448990,12690,12100,12060,-630,-4.96,12090,-600,-4.73,12060,12690,1399-10-29
52,زنگان,صنعت روي زنگان,2784,1594001,193106073615,125219,121010,118959,-6260,-5.0,121146,-4073,-3.25,118959,129980,1399-10-29
53,امين يكم,صندوق درآمد ثابت امين يكم فردا,2746,101823560,1042799370289,10233,10230,10260,27,0.26,10241,8,0.08,10222,10270,1399-10-29
54,صبا,سرمايه گذاري صبا تامين,2722,16341788,109235126024,7014,6750,6664,-350,-4.99,6686,-328,-4.68,6664,6999,1399-10-29
55,سقاين,سيمان‌ قائن‌,2585,2812210,174061928940,60130,57230,63130,3000,4.99,61900,1770,2.94,57130,63130,1399-10-29
56,بپاس,بيمه پاسارگاد,2561,7419848,697153503852,95378,91260,94150,-1228,-1.29,93958,-1420,-1.49,91260,94500,1399-10-29
57,كچاد,معدني‌وصنعتي‌چادرملو,2561,17868276,312770935600,18380,17800,17600,-780,-4.24,17500,-880,-4.79,17470,18000,1399-10-29
58,شكلر,نيروكلر,2461,2333671,144348096180,60680,61010,60640,-40,-0.07,61850,1170,1.93,59760,63500,1399-10-29
59,پارند,صندوق س. پارند پايدار سپهر,2457,113440704,1278493089697,11260,11271,11271,11,0.1,11270,10,0.09,11270,11276,1399-10-29
60,كاوه,فولاد كاوه جنوب كيش,2407,21147467,341593299140,16920,16150,16080,-840,-4.96,16150,-770,-4.55,16080,16700,1399-10-29
61,والبر,سرمايه‌ گذاري‌ البرز(هلدينگ‌,2372,18736493,276481150180,15510,14740,14740,-770,-4.96,14760,-750,-4.84,14740,15000,1399-10-29
62,وتجارت,بانك تجارت,2357,78246036,192485248560,2580,2460,2460,-120,-4.65,2460,-120,-4.65,2460,2460,1399-10-29
63,كسعديح,ح . كاشي‌ سعدي‌,2312,9841789,153178449710,17180,15750,15460,-1720,-10.01,15560,-1620,-9.43,15460,16300,1399-10-29
64,مدير,ص.س.مديريت ثروت ص.بازنشستگي-س,2245,19467048,156565133184,8296,8010,7995,-301,-3.63,8043,-253,-3.05,7710,8600,1399-10-29
65,حسينا,توسعه خدمات دريايي وبندري سينا,2210,3305626,222884934970,70548,67021,68000,-2548,-3.61,67426,-3122,-4.43,67021,69488,1399-10-29
66,اخابر,مخابرات ايران,2160,30849147,330297056550,11090,11070,10540,-550,-4.96,10710,-380,-3.43,10540,11090,1399-10-29
67,خاهن,آهنگري‌ تراكتورسازي‌ ايران‌,2150,5228807,199579934570,38110,38000,38170,60,0.16,38170,60,0.16,37850,39480,1399-10-29
68,پترول,گروه پتروشيمي س. ايرانيان,2133,23964112,217392858190,9540,9070,9070,-470,-4.93,9070,-470,-4.93,9070,9150,1399-10-29
69,شتران,پالايش نفت تهران,2125,15448088,114470332080,7800,7410,7410,-390,-5.0,7410,-390,-5.0,7410,7410,1399-10-29
70,سكرد,سيمان كردستان,2092,15663617,126177457100,8230,7820,8330,100,1.22,8060,-170,-2.07,7820,8530,1399-10-29
71,شصدف,صنعتي دوده فام,2061,313642,8783230568,26671,28004,28004,1333,5.0,26894,223,0.84,28004,28004,1399-10-29
72,ومهان,گروه توسعه مالي مهر آيندگان,2037,8384158,99171776185,12418,11801,11798,-620,-4.99,11828,-590,-4.75,11798,12150,1399-10-29
73,خپويش,سازه‌ پويش‌,2028,1465925,71104174750,47370,49000,47370,0,0.0,48500,1130,2.39,45200,49690,1399-10-29
74,زاگرس,پتروشيمي زاگرس,2007,4528191,781161750656,181514,172439,172439,-9075,-5.0,172511,-9003,-4.96,172439,177498,1399-10-29
75,شبريز,پالايش نفت تبريز,1989,10218802,224609162800,22990,21870,22980,-10,-0.04,21980,-1010,-4.39,21850,24130,1399-10-29
76,سيلام,سيمان‌ ايلام‌,1944,12000371,102634385140,8920,8480,8480,-440,-4.93,8550,-370,-4.15,8480,8960,1399-10-29
77,دتماد,توليدمواداوليه‌داروپخش‌,1898,2159382,105925481620,50110,47610,48360,-1750,-3.49,49050,-1060,-2.12,47610,51970,1399-10-29
78,شگويا,پتروشيمي تندگويان,1848,16173384,141183547965,9188,8729,8729,-459,-5.0,8729,-459,-5.0,8729,8900,1399-10-29
79,وبانك,سرمايه گذاري گروه توسعه ملي,1816,17416143,126315546740,7620,7300,7240,-380,-4.99,7250,-370,-4.86,7240,7400,1399-10-29
80,داروح,ح . كارخانجات‌داروپخش,1792,3830281,116341944610,29610,29000,30500,890,3.01,30370,760,2.57,27010,31150,1399-10-29
81,كگل,معدني و صنعتي گل گهر,1774,16357206,247652960410,15910,15310,15120,-790,-4.97,15140,-770,-4.84,15120,16000,1399-10-29
82,آگاس,صندوق س.هستي بخش آگاه-س,1762,3937476,227461913521,60920,59490,57700,-3220,-5.29,57768,-3152,-5.17,57100,59490,1399-10-29
83,زماهان,مجتمع توليد گوشت مرغ ماهان,1756,2875314,100118922985,33672,33672,35355,1683,5.0,34820,1148,3.41,33672,35355,1399-10-29
84,سپ,پرداخت الكترونيك سامان كيش,1714,7351244,135212714180,18030,17130,18930,900,4.99,18390,360,2.0,17130,18930,1399-10-29
85,وصنعت,سرمايه گذاري توسعه صنعت وتجارت,1685,18446604,111505760000,6350,6100,6040,-310,-4.88,6040,-310,-4.88,6040,6180,1399-10-29
86,فافزا,فولاد افزا سپاهان,1586,3070200,152584980747,48881,46437,51325,2444,5.0,49699,818,1.67,46437,51325,1399-10-29
87,دتوزيعح,ح . توزيع دارو پخش,1553,2298599,78699464785,35236,34020,33475,-1761,-5.0,34238,-998,-2.83,33475,35950,1399-10-29
88,تكشا,گسترش‌صنايع‌وخدمات‌كشاورزي‌,1548,1669173,121815075790,76550,73100,72730,-3820,-4.99,72980,-3570,-4.66,72730,76000,1399-10-29
89,پلاست,كارخانجات توليدي پلاستيران,1510,1867270,112859039137,61119,64174,58064,-3055,-5.0,60441,-678,-1.11,58064,64174,1399-10-29
90,رتكو,كنترل‌خوردگي‌تكين‌كو,1483,5947024,107960699540,19060,18110,18110,-950,-4.98,18150,-910,-4.77,18110,18990,1399-10-29
91,شپديس,پتروشيمي پرديس,1458,3775703,311102846800,86440,83510,86900,460,0.53,82400,-4040,-4.67,82120,87000,1399-10-29
92,حفاري,حفاري شمال,1421,12634571,120475285370,10030,9530,9530,-500,-4.99,9540,-490,-4.89,9530,9880,1399-10-29
93,زفكا,كشت و دامداري فكا,1389,8048538,97877510216,12377,12400,11759,-618,-4.99,12161,-216,-1.75,11759,12490,1399-10-29
94,رانفور,خدمات‌انفورماتيك‌,1382,5228218,135028853210,27160,25810,25810,-1350,-4.97,25830,-1330,-4.9,25810,26680,1399-10-29
95,شبهرن,نفت‌ بهران‌,1369,4395255,231970690530,55540,52800,52770,-2770,-4.99,52780,-2760,-4.97,52770,53210,1399-10-29
96,ارزش,صندوق س ارزش آفرين بيدار-سهام,1348,9117521,73494677630,8610,8400,7920,-690,-8.01,8060,-550,-6.39,7860,8400,1399-10-29
97,غشصفا,شيرپاستوريزه‌پگاه‌اصفهان‌,1348,2587478,89139171960,35830,36000,34040,-1790,-5.0,34450,-1380,-3.85,34040,36000,1399-10-29
98,شگل,گلتاش‌,1310,4413371,107539526520,25460,24710,24500,-960,-3.77,24370,-1090,-4.28,24190,25990,1399-10-29
99,سبجنو,سيمان‌ بجنورد,1261,3229841,126967359830,41000,38950,38950,-2050,-5.0,39310,-1690,-4.12,38950,40900,1399-10-29
100,كيان,صندوق س. با درآمد ثابت كيان,1250,23020822,616751160779,26763,26790,26795,32,0.12,26791,28,0.1,26785,26795,1399-10-29
101,سغرب,سيمان‌غرب‌,1232,4339024,120761821900,29130,27680,27680,-1450,-4.98,27830,-1300,-4.46,27680,28750,1399-10-29
102,سخوز,سيمان خوزستان,1226,3584222,76580823910,22120,21020,21100,-1020,-4.61,21370,-750,-3.39,21020,22950,1399-10-29
103,سدور,سيمان‌ دورود,1215,7632484,120211623000,15000,15750,15750,750,5.0,15750,750,5.0,15750,15750,1399-10-29
104,فاما,صنعتي‌ آما,1202,6652301,143437342950,22660,21530,21530,-1130,-4.99,21560,-1100,-4.85,21530,22500,1399-10-29
105,تاپيكو,س. نفت و گاز و پتروشيمي تأمين,1198,16821271,179314748860,11220,10660,10660,-560,-4.99,10660,-560,-4.99,10660,10660,1399-10-29
106,دارو,كارخانجات‌داروپخش‌,1195,2949742,97603341110,31880,32000,33470,1590,4.99,33090,1210,3.8,30290,33470,1399-10-29
107,رمپنا,گروه مپنا (سهامي عام),1190,10637417,159713483690,15800,15010,15010,-790,-5.0,15010,-790,-5.0,15010,15460,1399-10-29
108,وهور,مديريت انرژي اميد  تابان هور,1186,12089375,430369665637,37472,35599,35599,-1873,-5.0,35599,-1873,-5.0,35599,35600,1399-10-29
109,خزر,فنرسازي‌زر,1177,3389592,124833808000,38670,36750,36740,-1930,-4.99,36830,-1840,-4.76,36740,37740,1399-10-29
110,همراه,شركت ارتباطات سيار ايران,1167,3268953,84215412510,26640,26640,25310,-1330,-4.99,25840,-800,-3.0,25310,26640,1399-10-29
111,شجم,صنايع پتروشيمي تخت جمشيد,1151,14833415,190957206387,13269,12871,12871,-398,-3.0,12873,-396,-2.98,12871,13150,1399-10-29
112,ياقوت,صندوق س ياقوت آگاه-ثابت,1148,37155469,438422355525,11792,11799,11800,8,0.07,11800,8,0.07,11795,11800,1399-10-29
113,تنوين,تامين سرمايه نوين,1127,19115346,97100463810,5330,5070,5070,-260,-4.88,5080,-250,-4.69,5070,5400,1399-10-29
114,بركت,گروه دارويي بركت,1122,9176630,179036051300,20530,19510,19510,-1020,-4.97,19510,-1020,-4.97,19510,19510,1399-10-29
115,غگلپا,شير پاستوريزه پگاه گلپايگان,1101,1184363,79987656963,69530,68500,66054,-3476,-5.0,67536,-1994,-2.87,66054,70400,1399-10-29
116,وملل,اعتباري ملل,1090,11207921,176820878968,16600,15772,15770,-830,-5.0,15776,-824,-4.96,15770,16250,1399-10-29
117,وپسا,س. پتروشيمي ساختمان  خليج فارس,1081,20539191,70084144648,3513,3408,3408,-105,-2.99,3412,-101,-2.88,3408,3500,1399-10-29
118,وتوسم,سرمايه‌گذاري‌توسعه‌ملي‌,1066,4702415,47087822170,10400,10000,9930,-470,-4.52,10010,-390,-3.75,9880,10390,1399-10-29
119,شپلي,پلي اكريل ايران,1045,21401725,291341682425,14034,13613,13613,-421,-3.0,13613,-421,-3.0,13613,13613,1399-10-29
120,وكارح,ح . بانك‌ كارآفرين‌,1030,18328831,40987507680,2440,2380,2200,-240,-9.84,2240,-200,-8.2,2200,2380,1399-10-29
121,ساروم,سيمان‌اروميه‌,1010,5244944,138928766360,25290,24800,26550,1260,4.98,26490,1200,4.74,24800,26550,1399-10-29
122,پارند2,صندوق س. پارند پايدار سپهر,1000,100000000,100000000,11260,1,1,-11259,-99.99,1,-11259,-99.99,1,1,1399-10-29
123,ثنور,سرمايه گذاري كوه نور,1000,12606000,181537774951,14830,14386,14386,-444,-2.99,14401,-429,-2.89,14386,14700,1399-10-29
124,طلا,صندوق س.پشتوانه طلاي لوتوس,989,647435,43928456757,70436,65701,68270,-2166,-3.08,67850,-2586,-3.67,65701,70000,1399-10-29
125,شرانل,نفت ايرانول,980,2056012,69529761362,34582,33200,33770,-812,-2.35,33818,-764,-2.21,32860,34800,1399-10-29
126,توريل,توکاريل,951,3686388,123429298706,35003,35003,33253,-1750,-5.0,33482,-1521,-4.35,33253,35003,1399-10-29
127,هرمز,فولاد هرمزگان جنوب,930,23773933,283608639607,12549,11922,11922,-627,-5.0,11929,-620,-4.94,11922,12500,1399-10-29
128,دالبر,البرزدارو,924,3731641,73801743670,20650,19620,20090,-560,-2.71,19780,-870,-4.21,19620,20610,1399-10-29
129,خفناور,مهندسي صنعتي روان فن آور,917,2778388,100793683512,36887,37986,35781,-1106,-3.0,36278,-609,-1.65,35781,37986,1399-10-29
130,وصندوق,سرمايه‌گذاري‌صندوق‌بازنشستگي‌,917,22139688,261317635710,12420,11820,11800,-620,-4.99,11800,-620,-4.99,11800,12010,1399-10-29
131,وسكاب,س.ص.بازنشستگي كاركنان بانكها,909,14302186,78283414150,5740,5500,5460,-280,-4.88,5470,-270,-4.7,5460,5670,1399-10-29
132,پدرخش,درخشان‌ تهران‌,905,466477,71087434430,159950,156000,151960,-7990,-5.0,152390,-7560,-4.73,151960,156000,1399-10-29
133,آ س پ,آ.س.پ,902,3208117,47600105068,15507,15300,14732,-775,-5.0,14840,-667,-4.3,14732,15300,1399-10-29
134,دشيري,شيرين دارو,893,240201,50105900852,213897,218403,203203,-10694,-5.0,208600,-5297,-2.48,203203,218700,1399-10-29
135,خگستر,گسترش‌سرمايه‌گذاري‌ايران‌خودرو,889,8496488,23025482480,2850,2710,2710,-140,-4.91,2780,-70,-2.46,2710,2710,1399-10-29
136,سفانو,سيمان فارس نو,889,2120224,71089895550,34810,33070,33070,-1740,-5.0,33530,-1280,-3.68,33070,34800,1399-10-29
137,سكرما,سيمان‌ كرمان‌,881,5806831,101677654970,18260,17350,17350,-910,-4.98,17510,-750,-4.11,17350,19170,1399-10-29
138,شاراك,پتروشيمي شازند,866,8111404,156568381340,20310,19300,19300,-1010,-4.97,19300,-1010,-4.97,19300,20000,1399-10-29
139,واعتبار,سرمايه گذاري اعتبار ايران,860,11144243,74723191660,6810,6510,6610,-200,-2.94,6710,-100,-1.47,6480,6990,1399-10-29
140,شپاس,نفت پاسارگاد,802,1920895,40619762814,22068,21554,21150,-918,-4.16,21297,-771,-3.49,20965,22700,1399-10-29
141,سشمال,سيمان‌ شمال‌,795,6007209,60741999990,10600,10070,10070,-530,-5.0,10110,-490,-4.62,10070,10420,1399-10-29
142,جم,پتروشيمي جم,791,5622449,224020807510,41880,39790,39790,-2090,-4.99,39840,-2040,-4.87,39790,41880,1399-10-29
143,شفن,پتروشيمي فناوران,760,356799,88910590070,262160,249060,249060,-13100,-5.0,249400,-12760,-4.87,249060,258400,1399-10-29
144,ضخود2005,اختيارخ خودرو-2000-1400/02/08,750,32981,18484671000,776,634,520,-256,-32.99,560,-216,-27.84,501,634,1399-10-29
145,فجر,فولاد اميركبيركاشان,741,3031094,158211238000,54930,52190,52190,-2740,-4.99,52200,-2730,-4.97,52190,53880,1399-10-29
146,تيپيكو,سرمايه گذاري دارويي تامين,738,2256287,105640377570,49260,46800,46800,-2460,-4.99,46820,-2440,-4.95,46800,49000,1399-10-29
147,خمهر,مهركام‌پارس‌,734,18880049,57363251760,3160,3050,3010,-150,-4.75,3040,-120,-3.8,3010,3180,1399-10-29
148,شستان,پتروشيمي گلستان,731,8297434,34800233124,4083,4246,4246,163,3.99,4194,111,2.72,3950,4246,1399-10-29
149,دابور,داروسازي‌ ابوريحان‌,729,1520093,60547631610,41900,39810,39810,-2090,-4.99,39830,-2070,-4.94,39810,40780,1399-10-29
150,سرود,سيمان‌شاهرود,728,4101114,67061576670,17090,16240,16240,-850,-4.97,16350,-740,-4.33,16240,17260,1399-10-29
151,ثاژن,سخت آژند,713,4192665,41963061410,10133,9931,9931,-202,-1.99,10009,-124,-1.22,9931,10200,1399-10-29
152,كرماشا,صنايع پتروشيمي كرمانشاه,711,4019902,137512721110,35620,33840,37400,1780,5.0,34210,-1410,-3.96,33840,37400,1399-10-29
153,ثامان,سامان‌ گستراصفهان‌,701,2067843,43441904180,21910,20820,20820,-1090,-4.97,21060,-850,-3.88,20820,21440,1399-10-29
154,لسرما,سرما آفرين‌,691,2879567,75549094640,25000,26250,26250,1250,5.0,26240,1240,4.96,25210,26250,1399-10-29
155,گوهران,سرمايه گذاري توسعه گوهران اميد,684,4520694,32662343850,7594,7215,7215,-379,-4.99,7328,-266,-3.5,7215,7400,1399-10-29
156,چكاوهح,ح . صنايع‌كاغذسازي‌كاوه‌,683,2655521,28526223360,10990,10860,10730,-260,-2.37,10740,-250,-2.27,10440,11090,1399-10-29
157,ارفع,شركت آهن و فولاد ارفع,682,4459112,51520819675,12162,11554,11554,-608,-5.0,11597,-565,-4.65,11554,11600,1399-10-29
158,غالبر,لبنيات‌ كالبر,680,2791736,39690785480,14850,14160,14110,-740,-4.98,14330,-520,-3.5,14110,15200,1399-10-29
159,كاردان,صندوق س تجارت شاخصي كاردان,668,450645,56947056390,135880,132000,123220,-12660,-9.32,126370,-9510,-7.0,122300,132000,1399-10-29
160,تاصيكو,سرمايه گذاري صدرتامين,664,8985386,78267149510,9150,8750,8700,-450,-4.92,8830,-320,-3.5,8700,9130,1399-10-29
161,سهگمت,سيمان‌هگمتان‌,660,2243133,48823222080,22620,21490,21500,-1120,-4.95,21770,-850,-3.76,21490,22980,1399-10-29
162,غدشت,دشت‌ مرغاب‌,652,183726,44206546590,251250,239110,238690,-12560,-5.0,240990,-10260,-4.08,238690,249990,1399-10-29
163,بپيوند,برق و انرژي پيوندگستر پارس,648,1257119,21135941747,17697,16813,16813,-884,-5.0,17291,-406,-2.29,16813,16813,1399-10-29
164,ثعتما,س. ساختماني اعتماد گستر,646,1701794,101378567015,58007,58000,59747,1740,3.0,59572,1565,2.7,57010,59747,1399-10-29
165,كگهر,سنگ آهن گهرزمين,642,2580401,106732464202,43500,41500,41325,-2175,-5.0,41411,-2089,-4.8,41325,42870,1399-10-29
166,فارس,صنايع پتروشيمي خليج فارس,640,7260269,66068447900,9570,9100,9100,-470,-4.91,9280,-290,-3.03,9100,9100,1399-10-29
167,كنور,توسعه معدني و صنعتي صبانور,640,2106462,82683987980,41120,39100,39070,-2050,-4.99,39250,-1870,-4.55,39070,40700,1399-10-29
168,وپارس,بانك‌پارسيان‌,619,27403599,73167609330,2810,2670,2670,-140,-4.98,2720,-90,-3.2,2670,2670,1399-10-29
169,دروز,داروسازي‌ روزدارو,614,2345068,45931720180,20190,19190,20100,-90,-0.45,19620,-570,-2.82,19190,20390,1399-10-29
170,سيستم,همكاران سيستم,597,1899164,74063940100,40940,39240,38900,-2040,-4.98,39000,-1940,-4.74,38900,39760,1399-10-29
171,تشتاد,صنايع توليدي اشتاد ايران‌,588,3715376,69741563502,18517,19072,17962,-555,-3.0,18771,254,1.37,17962,19072,1399-10-29
172,شپارس,بين‌ المللي‌ محصولات‌  پارس‌,586,7745648,161688135850,21960,20870,20870,-1090,-4.96,20870,-1090,-4.96,20870,21100,1399-10-29
173,جم پيلن,پلي پروپيلن جم - جم پيلن,581,1803347,129291380400,75460,71690,71690,-3770,-5.0,71700,-3760,-4.98,71690,72020,1399-10-29
174,دلرح,ح . داروسازي‌ اكسير,575,1479755,46701551400,34890,32000,31400,-3490,-10.0,31560,-3330,-9.54,31400,32690,1399-10-29
175,تسه9909,امتياز تسهيلات مسكن آذر99,571,27311,13636885840,519340,497395,493373,-25967,-5.0,499318,-20022,-3.86,493373,539000,1399-10-29
176,آوا,صندوق س.سهام آواي معيار-س,570,3279200,19185202698,6305,6160,5779,-526,-8.34,5851,-454,-7.2,5700,6160,1399-10-29
177,سكه0012پ01,سكه تمام بهارتحويلي 1روزه رفاه,567,189700,185209708900,1024577,985555,975671,-48906,-4.77,976329,-48248,-4.71,973452,1000000,1399-10-29
178,غپاك,لبنيات‌ پاك‌,566,6195065,77255248770,13120,12470,12470,-650,-4.95,12470,-650,-4.95,12470,13000,1399-10-29
179,حكشتي,كشتيراني جمهوري اسلامي ايران,558,2914764,54826710840,19790,18810,18810,-980,-4.95,19300,-490,-2.48,18810,18810,1399-10-29
180,بجهرم,توسعه مولد نيروگاهي جهرم,557,7286388,22208910624,3208,3048,3048,-160,-4.99,3130,-78,-2.43,3048,3048,1399-10-29
181,تسه9908,امتياز تسهيلات مسكن آبان99,553,28667,14105096887,508182,496700,482773,-25409,-5.0,492033,-16149,-3.18,482773,500000,1399-10-29
182,آتيمس,صندوق س.آرمان آتيه درخشان مس-س,547,132675,21917563131,177551,155000,160000,-17551,-9.89,165197,-12354,-6.96,155000,175000,1399-10-29
183,فروي,ذوب روي اصفهان,543,322245,18903213945,61748,58661,58661,-3087,-5.0,60468,-1280,-2.07,58661,58661,1399-10-29
184,نوري,پتروشيمي نوري,537,742015,41144731750,58360,55450,55450,-2910,-4.99,57030,-1330,-2.28,55450,55450,1399-10-29
185,ونفت,سرمايه‌گذاري‌ صنعت‌ نفت‌,534,5302963,90368390580,17930,17040,17040,-890,-4.96,17040,-890,-4.96,17040,17300,1399-10-29
186,وگستر,گسترش سرمايه گذاري ايرانيان,531,1424768,28640516050,20925,19880,20201,-724,-3.46,20410,-515,-2.46,19879,20925,1399-10-29
187,ثجوان,تامين مسكن جوانان,525,2540357,37009607035,15234,14490,14473,-761,-5.0,14569,-665,-4.37,14473,15151,1399-10-29
188,دسبحان,سبحان دارو,515,2182077,46486788370,22390,21280,21280,-1110,-4.96,21300,-1090,-4.87,21280,21650,1399-10-29
189,وثوق,سرمايه گذاري وثوق امين,512,1907203,41182234379,20965,21593,21593,628,3.0,21593,628,3.0,21593,21593,1399-10-29
190,شيراز,پتروشيمي‌شيراز,511,2207139,104553867200,49450,47010,47430,-2020,-4.08,47370,-2080,-4.21,46980,48800,1399-10-29
191,اطلس,صندوق س.توسعه اندوخته آينده-س,510,328353,60952355404,191759,187000,182000,-9759,-5.09,185631,-6128,-3.2,180001,191999,1399-10-29
192,اوان,مبين وان كيش,506,1697265,82758739539,51297,48733,48734,-2563,-5.0,48760,-2537,-4.95,48733,49980,1399-10-29
193,فباهنر,مس‌ شهيدباهنر,494,1081488,53212340900,51780,49200,49200,-2580,-4.98,49200,-2580,-4.98,49200,50010,1399-10-29
194,تابا,تابان نيرو سپاهان,493,807300,37077593391,47264,45847,45847,-1417,-3.0,45928,-1336,-2.83,45847,47263,1399-10-29
195,خپارس,پارس‌ خودرو,491,12170367,67180425840,5810,5520,5520,-290,-4.99,5520,-290,-4.99,5520,5520,1399-10-29
196,افق,فروشگاههاي زنجيره اي افق كوروش,485,1029158,78125474410,79870,75880,75880,-3990,-5.0,76470,-3400,-4.26,75880,77000,1399-10-29
197,آكورد,صندوق س. آرمان آتي كوثر-د,484,11705290,355034129064,30299,30334,30335,36,0.12,30331,32,0.11,30329,30335,1399-10-29
198,ساروج,بين المللي ساروج بوشهر,476,742348,18387927836,24747,24800,25190,443,1.79,24768,21,0.08,24118,25470,1399-10-29
199,شاوان,پالايش نفت لاوان,473,563925,45531350531,84944,80697,80697,-4247,-5.0,80795,-4149,-4.88,80697,83124,1399-10-29
200,عيار,صندوق س. پشتوانه طلاي مفيد,471,712507,17100704630,24767,24730,23834,-933,-3.77,24001,-766,-3.09,23220,24730,1399-10-29
201,شخارك,پتروشيمي‌ خارك‌,466,2995824,118996120590,41810,39720,39720,-2090,-5.0,39720,-2090,-5.0,39720,40000,1399-10-29
202,كاريس,صندوق س.سپهر كاريزما-س,460,4545319,45062760840,10360,10100,9913,-447,-4.31,9914,-446,-4.31,9420,10358,1399-10-29
203,وسينا,بانك سينا,442,5234260,18216490300,3660,3480,3480,-180,-4.92,3590,-70,-1.91,3480,3550,1399-10-29
204,تبرك,گروه كارخانجات صنعتي تبرك,433,2294428,39865686500,18289,17375,17375,-914,-5.0,17487,-802,-4.39,17375,17375,1399-10-29
205,آساس,صندوق س.آسمان آرماني سهام-س,429,264980,37778791841,151621,144050,139772,-11849,-7.81,142572,-9049,-5.97,138100,144200,1399-10-29
206,زر,صندوق س.پشتوانه سكه طلاي زر,428,459928,18365263291,41575,39250,40025,-1550,-3.73,39931,-1644,-3.95,39250,40799,1399-10-29
207,غشوكو,شوكو پارس,417,541625,24771340076,45232,43876,46588,1356,3.0,45735,503,1.11,43876,46588,1399-10-29
208,خفولا,خدمات فني فولاد يزد,416,1340015,86031643030,62333,64202,64202,1869,3.0,64202,1869,3.0,64202,64202,1399-10-29
209,انرژي3,سايراشخاص بورس انرژي,407,127175,44010180500,364270,346060,346060,-18210,-5.0,354620,-9650,-2.65,346060,346060,1399-10-29
210,وهنر,گروه توسعه هنر ايران,404,3830358,24659844804,6132,6438,6438,306,4.99,6438,306,4.99,6438,6438,1399-10-29
211,ونوين,بانك‌اقتصادنوين‌,395,17796478,69406264200,4100,3900,3900,-200,-4.88,3900,-200,-4.88,3900,3900,1399-10-29
212,دارا,صندوق س. دارا الگوريتم-د,385,11635675,116444706610,10045,10060,9990,-55,-0.55,10008,-37,-0.37,9970,10060,1399-10-29
213,كاما,باما,383,1292690,23901838100,19460,18490,18490,-970,-4.98,19150,-310,-1.59,18490,18490,1399-10-29
214,ضخود2007,اختيارخ خودرو-3000-1400/02/08,379,12047,3404535000,331,399,270,-61,-18.43,283,-48,-14.5,262,399,1399-10-29
215,گپارس,امور رفاهي كارگزاران پارس,363,182099,33747949103,182978,188467,177489,-5489,-3.0,185327,2349,1.28,177489,188467,1399-10-29
216,كرمان,س. توسعه و عمران استان كرمان,361,444131,35576669624,84319,80104,80104,-4215,-5.0,81054,-3265,-3.87,80104,80104,1399-10-29
217,شرنگي,شيميايي رنگين,361,215031,31742398612,148105,151900,143662,-4443,-3.0,147618,-487,-0.33,143662,151900,1399-10-29
218,پرديس,سرمايه گذاري پرديس,361,4472468,27019472190,6350,6040,6040,-310,-4.88,6170,-180,-2.83,6040,6090,1399-10-29
219,فيروزه,صندوق شاخص30 شركت فيروزه- سهام,353,115244,14496528900,137920,127700,124200,-13720,-9.95,125790,-12130,-8.79,124130,127790,1399-10-29
220,تپمپي,پمپ‌ سازي‌ ايران‌,351,923914,23809204110,27090,25740,25740,-1350,-4.98,26410,-680,-2.51,25740,26900,1399-10-29
221,آرمان,بيمه آرمان,347,3348879,30520220597,9384,9103,9103,-281,-2.99,9114,-270,-2.88,9103,9230,1399-10-29
222,تكنار,مجتمع معادن مس تكنار,344,306927,48444950542,162662,157783,157783,-4879,-3.0,157839,-4823,-2.97,157783,162000,1399-10-29
223,بترانس,ايران‌ ترانسفو,331,3245191,11487976140,3720,3540,3540,-180,-4.84,3680,-40,-1.08,3540,3540,1399-10-29
224,ختوقا,قطعات‌ اتومبيل‌ ايران‌,330,4012866,10674223560,2800,2660,2660,-140,-5.0,2770,-30,-1.07,2660,2660,1399-10-29
225,بكهنوج,توليد برق ماهتاب كهنوج,329,4674191,9385775528,2113,2008,2008,-105,-4.97,2092,-21,-0.99,2008,2008,1399-10-29
226,رنيك,جنرال مكانيك,327,1285276,26618951770,21796,20707,20707,-1089,-5.0,21158,-638,-2.93,20707,21330,1399-10-29
227,كپشير,پشم‌شيشه‌ايران‌,322,721243,20530337890,29940,28450,28450,-1490,-4.98,29300,-640,-2.14,28450,29030,1399-10-29
228,فسپا,گروه‌صنعتي‌سپاهان‌,320,2429203,94227415750,40820,38780,38780,-2040,-5.0,38790,-2030,-4.97,38780,39880,1399-10-29
229,بورس,بورس اوراق بهادار تهران,314,1032213,47471475870,48410,45990,45990,-2420,-5.0,46850,-1560,-3.22,45990,45990,1399-10-29
230,واتي,سرمايه‌ گذاري‌ آتيه‌ دماوند,304,3396359,36782567970,11400,10830,10830,-570,-5.0,10950,-450,-3.95,10830,10830,1399-10-29
231,شيران,س. صنايع‌شيميايي‌ايران,302,1284613,43150150670,35350,33590,33590,-1760,-4.98,34510,-840,-2.38,33590,33590,1399-10-29
232,فايرا,آلومينيوم‌ايران‌,302,1978663,38664836540,20560,19540,19540,-1020,-4.96,19710,-850,-4.13,19540,19800,1399-10-29
233,شاروم,پتروشيمي اروميه,301,3884871,90960369594,24646,23414,23414,-1232,-5.0,23414,-1232,-5.0,23414,23414,1399-10-29
234,ساوه,سيمان ساوه,300,300471,14776262367,51765,49177,49177,-2588,-5.0,50926,-839,-1.62,49177,49177,1399-10-29
235,شوينده,مديريت صنعت شوينده ت.ص.بهشهر,297,720032,24971554950,36480,34670,34660,-1820,-4.99,35500,-980,-2.69,34660,35590,1399-10-29
236,وتعاون,بيمه  تعاون,296,3851726,31739919341,8670,8238,8237,-433,-4.99,8240,-430,-4.96,8237,8371,1399-10-29
237,خفنر,فنرسازي‌خاور,295,1434273,35616211220,26100,24800,24800,-1300,-4.98,25150,-950,-3.64,24800,25800,1399-10-29
238,وپويا,سرمايه گذاري پويا,294,2866497,16522488708,6067,5764,5764,-303,-4.99,5956,-111,-1.83,5764,5764,1399-10-29
239,كاسپين,داروسازي كاسپين تامين,293,694765,18621409104,28069,26666,26666,-1403,-5.0,27572,-497,-1.77,26666,28069,1399-10-29
240,افق ملت,صندوق س در سهام افق ملت,290,158748,19081067100,122440,123500,119000,-3440,-2.81,120200,-2240,-1.83,119000,123500,1399-10-29
241,كتوكا,توليدي و خدمات صنايع نسوز توكا,290,862251,24762124218,30229,28718,28718,-1511,-5.0,29471,-758,-2.51,28718,28718,1399-10-29
242,دماوند,توليد نيروي برق دماوند,287,255421,12383065501,51032,48481,48481,-2551,-5.0,50442,-590,-1.16,48481,48481,1399-10-29
243,دقاضي,داروسازي شهيد قاضي,285,372531,19018667777,50163,48800,51667,1504,3.0,51014,851,1.7,48659,51667,1399-10-29
244,ونيكي,سرمايه‌گذاري‌ ملي‌ايران‌,283,3005315,37536384350,13140,12490,12490,-650,-4.95,12860,-280,-2.13,12490,12490,1399-10-29
245,سكه9912پ04,سكه تمام بهارتحويل1روزه صادرات,282,114300,111669884700,1024576,985000,973501,-51075,-4.98,976989,-47587,-4.64,973452,1000000,1399-10-29
246,غسالم,سالمين‌,279,4835564,20986347760,4560,4340,4340,-220,-4.82,4460,-100,-2.19,4340,4340,1399-10-29
247,بنو,بيمه تجارت نو,275,1010581,24821586133,25844,24553,24552,-1292,-5.0,25140,-704,-2.72,24552,25000,1399-10-29
248,شراز,پالايش نفت شيراز,274,609918,55841052751,95064,90311,99817,4753,5.0,91555,-3509,-3.69,90311,99817,1399-10-29
249,كويرح,ح. توليدي فولاد سپيد فراب كوير,272,823292,13610926110,17530,19280,17000,-530,-3.02,16530,-1000,-5.7,16000,19280,1399-10-29
250,خودكفا,اقتصادي و خودكفايي آزادگان,266,525042,17995814550,36078,34275,34275,-1803,-5.0,35540,-538,-1.49,34275,34275,1399-10-29
251,پاكشو,گروه صنعتي پاكشو,266,262218,20427947670,81980,77900,77890,-4090,-4.99,81070,-910,-1.11,77890,80590,1399-10-29
252,وپخش,داروپخش‌ (هلدينگ‌,262,126229,14238694260,118620,112690,112690,-5930,-5.0,116860,-1760,-1.48,112690,117990,1399-10-29
253,ميدكو,هلدينگ صنايع  معدني خاورميانه,262,487778,14013035652,30188,28682,28679,-1509,-5.0,30008,-180,-0.6,28679,30000,1399-10-29
254,وكار,بانك‌ كارآفرين‌,260,6452544,20525024760,3340,3180,3180,-160,-4.79,3280,-60,-1.8,3180,3220,1399-10-29
255,بكام,كارخانجات توليدي شهيد قندي,258,7187835,29613880200,4330,4120,4120,-210,-4.85,4190,-140,-3.23,4120,4120,1399-10-29
256,خمحركه,نيرو محركه‌,256,2825036,14153430360,5270,5010,5010,-260,-4.93,5190,-80,-1.52,5010,5010,1399-10-29
257,تليسه,دامداري تليسه نمونه,248,1207494,5408365626,4714,4479,4479,-235,-4.99,4686,-28,-0.59,4479,4479,1399-10-29
258,مارون,پتروشيمي مارون,246,209260,29608715340,146768,139430,141030,-5738,-3.91,145130,-1638,-1.12,139430,145900,1399-10-29
259,غصينو,صنعتي مينو,243,522636,41564195808,83713,79528,79528,-4185,-5.0,81803,-1910,-2.28,79528,79528,1399-10-29
260,تصميم,صندوق س با درآمد ثابت تصميم,241,5719424,88248128454,15414,15436,15438,24,0.16,15430,16,0.1,15413,15438,1399-10-29
261,گشان,توسعه بين المللي پديده شانديز,239,204510,10282558290,52373,50279,50279,-2094,-4.0,51652,-721,-1.38,50279,50279,1399-10-29
262,شساخت,مهندسي و ساختمان صنايع نفت,239,743494,29837473354,41370,40129,40129,-1241,-3.0,40456,-914,-2.21,40129,40740,1399-10-29
263,غشان,شيرپاستوريزه‌پگاه‌خراسان‌,238,3108119,23746729160,8040,7640,7640,-400,-4.98,7830,-210,-2.61,7640,7710,1399-10-29
264,آساميد,صندوق س.مشترك آسمان اميد -د,235,9217650,104980421137,11388,11399,11389,1,0.01,11389,1,0.01,11388,11399,1399-10-29
265,مفاخر,توسعه فناوري اطلاعات خوارزمي,235,519258,22177054392,44955,42708,42708,-2247,-5.0,43876,-1079,-2.4,42708,43250,1399-10-29
266,افران,صندوق س افرا نماد پايدار-ثابت,228,11139194,139120697058,12451,12484,12510,59,0.47,12489,38,0.31,12484,12510,1399-10-29
267,دعبيد,لابراتوارداروسازي‌  دكترعبيدي‌,228,557932,14690349560,27710,26330,26330,-1380,-4.98,27280,-430,-1.55,26330,26330,1399-10-29
268,پارس,پتروشيمي پارس,222,608876,82036349030,141790,135000,134710,-7080,-4.99,135380,-6410,-4.52,134710,136550,1399-10-29
269,چكاپا,گروه صنايع كاغذ پارس,222,4064533,25322040590,6550,6230,6230,-320,-4.89,6380,-170,-2.6,6230,6230,1399-10-29
270,سپاس,صندوق س. پاداش سهامداري توسعه1,222,6740684,67868640599,10067,10084,10057,-10,-0.1,10069,2,0.02,10055,10084,1399-10-29
271,وخاور,بانك خاورميانه,221,2957180,29808503400,10610,10080,10080,-530,-5.0,10350,-260,-2.45,10080,10090,1399-10-29
272,سيدكو,سرمايه گذاري توسعه صنايع سيمان,220,3124450,18403010500,6200,5890,5890,-310,-5.0,6080,-120,-1.94,5890,5890,1399-10-29
273,ومعلم,بيمه معلم,216,875812,4832730616,5808,5518,5518,-290,-4.99,5778,-30,-0.52,5518,5518,1399-10-29
274,سپر,صندوق س سپر سرمايه بيدار- ثابت,213,3382788,38044231312,11240,11231,11249,9,0.08,11246,6,0.05,11231,11375,1399-10-29
275,خزاميا,زامياد,211,811543,6914346360,8960,8520,8520,-440,-4.91,8890,-70,-0.78,8520,8520,1399-10-29
276,وكبهمن,مديريت سرمايه گذاري كوثربهمن,206,1391927,25617024508,19372,18404,18404,-968,-5.0,18847,-525,-2.71,18404,18404,1399-10-29
277,كطبس,ذغال‌سنگ‌ نگين‌ ط‌بس‌,204,341616,21327637100,65710,62430,62430,-3280,-4.99,64180,-1530,-2.33,62430,63000,1399-10-29
278,وپاسار,بانك  پاسارگاد,204,2063738,22102633980,11270,10710,10710,-560,-4.97,11160,-110,-0.98,10710,10710,1399-10-29
279,چكاوه,صنايع‌كاغذسازي‌كاوه‌,204,1060633,13660953040,12270,12880,12880,610,4.97,12430,160,1.3,12880,12880,1399-10-29
280,ارمغان,ص سرمايه گذاري ارمغان ايرانيان,200,5939741,59892550257,10072,10076,10150,78,0.77,10083,11,0.11,10076,10150,1399-10-29
281,فيروزا,صندوق بادرآمد ثابت فيروزه آسيا,200,3309402,72323354597,21850,21850,21846,-4,-0.02,21854,4,0.02,21775,21949,1399-10-29
282,مداران,داده‌پردازي‌ايران‌,200,860099,20429287560,24990,23750,23750,-1240,-4.96,24450,-540,-2.16,23750,24000,1399-10-29
283,ونيرو,سرمايه‌گذاري‌نيرو,199,2134614,6254419020,3080,2930,2930,-150,-4.87,3060,-20,-0.65,2930,2930,1399-10-29
284,اميد,تامين سرمايه اميد,198,3323573,28549492070,9040,8590,8590,-450,-4.98,8760,-280,-3.1,8590,8590,1399-10-29
285,گكوثر,هتل پارسيان كوثر اصفهان,197,4028786,14028232852,3665,3482,3482,-183,-4.99,3610,-55,-1.5,3482,3482,1399-10-29
286,صايند,صندوق س. گنجينه آينده روشن-د,196,6738540,67374572050,9978,9990,9993,15,0.15,9998,20,0.2,9989,10007,1399-10-29
287,فپنتا,سپنتا,195,83650,38144400000,479990,456000,456000,-23990,-5.0,459720,-20270,-4.22,456000,456000,1399-10-29
288,ضخود2006,اختيارخ خودرو-2500-1400/02/08,192,7780,3198977000,456,455,391,-65,-14.25,411,-45,-9.87,391,455,1399-10-29
289,قصفها,قنداصفهان‌,191,118170,18194634900,162070,153970,153970,-8100,-5.0,158840,-3230,-1.99,153970,153970,1399-10-29
290,لپارس,پارس‌ الكتريك‌,190,134732,14258687560,111390,105830,105830,-5560,-4.99,109640,-1750,-1.57,105830,105830,1399-10-29
291,كپارس,كاشي‌ پارس‌,186,231369,41459011110,188620,179190,179190,-9430,-5.0,179960,-8660,-4.59,179190,179190,1399-10-29
292,واحصا,احياء صنايع خراسان,186,396080,21468724240,52625,54203,54203,1578,3.0,54203,1578,3.0,54203,54203,1399-10-29
293,ساينا,صنايع بهداشتي ساينا,184,84177,15233542576,190418,180901,180898,-9520,-5.0,187238,-3180,-1.67,180898,187999,1399-10-29
294,غديس,پاكديس,184,1459822,15560242698,11219,10659,10659,-560,-4.99,11031,-188,-1.68,10659,10659,1399-10-29
295,دجابر,داروسازي‌ جابرابن‌حيان‌,179,425327,8731963310,21610,20530,20530,-1080,-5.0,21410,-200,-0.93,20530,20530,1399-10-29
296,فرابورس,فرابورس ايران,179,1020463,42181858568,43511,41336,41336,-2175,-5.0,41529,-1982,-4.56,41336,41336,1399-10-29
297,هاي وب,داده گسترعصرنوين-هاي وب,177,1643953,44090819460,28230,26820,26820,-1410,-4.99,26880,-1350,-4.78,26820,26820,1399-10-29
298,ستران,سيمان‌ تهران‌,176,516823,13478743840,27450,26080,26080,-1370,-4.99,27050,-400,-1.46,26080,26080,1399-10-29
299,خبهمن,گروه‌بهمن‌,176,258161,6087436380,24820,23580,23580,-1240,-5.0,24740,-80,-0.32,23580,23580,1399-10-29
300,فاذر,صنايع‌ آذرآب‌,175,907865,23195950750,26890,25550,25550,-1340,-4.98,26210,-680,-2.53,25550,25550,1399-10-29
301,تماوند,تامين سرمايه دماوند,174,2159087,37971007963,18511,17586,17586,-925,-5.0,17587,-924,-4.99,17586,18240,1399-10-29
302,وسنا,سرمايه گذاري نيروگاهي ايران,174,1588573,34088428771,22586,21457,21457,-1129,-5.0,21459,-1127,-4.99,21457,21700,1399-10-29
303,كالا,بورس كالاي ايران,173,597950,24767089000,43590,41420,41420,-2170,-4.98,42400,-1190,-2.73,41420,41420,1399-10-29
304,كفرا,فراورده‌ هاي‌ نسوزايران‌,173,403228,22756753900,59390,56430,56430,-2960,-4.98,57930,-1460,-2.46,56430,57430,1399-10-29
305,رتاپ,تجارت الكترونيك  پارسيان,170,2586820,16633252600,6760,6430,6430,-330,-4.88,6640,-120,-1.78,6430,6430,1399-10-29
306,قزوين,كارخانجات‌ قند قزوين‌,168,287210,10977166200,40230,38220,38220,-2010,-5.0,39760,-470,-1.17,38220,38220,1399-10-29
307,نوين,بيمه نوين,167,3642659,22336784988,6454,6132,6132,-322,-4.99,6297,-157,-2.43,6132,6132,1399-10-29
308,وبوعلي,سرمايه‌گذاري‌بوعلي‌,166,1054094,5428584100,5420,5150,5150,-270,-4.98,5390,-30,-0.55,5150,5150,1399-10-29
309,شلرد,كود شيميايي اوره لردگان,163,3330171,27060969546,8377,8126,8126,-251,-3.0,8145,-232,-2.77,8126,8126,1399-10-29
310,شبصير,توليدات پتروشيمي قائد بصير,163,336946,31134147346,97264,92401,92401,-4863,-5.0,93956,-3308,-3.4,92401,92401,1399-10-29
311,دزهراوي,داروسازي‌زهراوي‌,162,1407384,13665698640,10220,9710,9710,-510,-4.99,10070,-150,-1.47,9710,9710,1399-10-29
312,سدبير,س. تدبيرگران فارس وخوزستان,161,476689,30988148916,68427,65010,65006,-3421,-5.0,66088,-2339,-3.42,65006,65020,1399-10-29
313,شكبير,پتروشيمي اميركبير,160,1611707,122486663326,78347,75997,75997,-2350,-3.0,75998,-2349,-3.0,75997,77872,1399-10-29
314,دتوليد,داروسازي توليد دارو,160,1155075,37777882950,34427,32706,32706,-1721,-5.0,32996,-1431,-4.16,32706,32706,1399-10-29
315,فاراك,ماشين‌ سازي‌ اراك‌,159,676941,4176725970,6490,6170,6170,-320,-4.93,6460,-30,-0.46,6170,6170,1399-10-29
316,زعف0008پ10,زعفران0008نگين طلاي سرخ(پ),159,51935,6585951579,127227,131819,128600,1373,1.08,126811,-416,-0.33,125000,131819,1399-10-29
317,زدشت,كشت و صنعت دشت خرم دره,159,440823,14715553386,35138,33382,33382,-1756,-5.0,34567,-571,-1.63,33382,33382,1399-10-29
318,ثشاهد,سرمايه‌ گذاري‌ شاهد,158,483537,9288745770,20220,19210,19210,-1010,-5.0,20020,-200,-0.99,19210,19210,1399-10-29
319,افرا,افرانت,157,589890,27780869550,49573,47095,47095,-2478,-5.0,48120,-1453,-2.93,47095,47095,1399-10-29
320,بايكا,كارخانجات كابلسازي ‌ايران‌,156,324718,19117772250,60695,58875,58875,-1820,-3.0,58875,-1820,-3.0,58875,58875,1399-10-29
321,وملت,سرمايه گذاري ملت,154,3756621,16112147469,4376,4289,4289,-87,-1.99,4289,-87,-1.99,4289,4289,1399-10-29
322,دلر,داروسازي‌ اكسير,153,307830,11999213400,41030,38980,38980,-2050,-5.0,40510,-520,-1.27,38980,38980,1399-10-29
323,سكه0011پ02,سكه تمام بهارتحويلي 1روزه ملت,153,37600,36689284100,1025402,973464,975000,-50402,-4.92,975779,-49623,-4.84,973452,988000,1399-10-29
324,كبافق,معادن‌ بافق‌,152,177220,9089613800,53980,51290,51290,-2690,-4.98,53450,-530,-0.98,51290,51290,1399-10-29
325,دمعيار,صندوق س. توازن معيار-د,150,6622172,67151888507,10125,10150,10139,14,0.14,10140,15,0.15,10139,10151,1399-10-29
326,گوهر,صندوق سكه طلاي كيان,150,230035,11185832013,50493,48290,48800,-1693,-3.35,48627,-1866,-3.7,47800,49000,1399-10-29
327,خاتم,صندوق س خاتم ايساتيس پويا-ثابت,149,5310845,55284987844,10397,10410,10410,13,0.13,10410,13,0.13,10406,10411,1399-10-29
328,سرچشمه,سرمايه گذاري مس سرچشمه,149,1615109,11880741804,7743,7356,7356,-387,-5.0,7642,-101,-1.3,7356,7356,1399-10-29
329,ماديرا,صنايع ماشين هاي اداري ايران,147,1807427,20163655612,11743,11156,11156,-587,-5.0,11483,-260,-2.21,11156,11156,1399-10-29
330,غشهداب,كشت و صنعت شهداب ناب خراسان,146,684005,2790056395,4293,4079,4079,-214,-4.98,4280,-13,-0.3,4079,4079,1399-10-29
331,تسه9907,امتياز تسهيلات مسكن مهر99,142,2098,1062204096,525919,500000,510000,-15919,-3.03,506294,-19625,-3.73,499624,540000,1399-10-29
332,تسه9801,امتياز تسهيلات مسكن فروردين98,142,1563,802381022,521298,520000,505021,-16277,-3.12,513360,-7938,-1.52,496010,524998,1399-10-29
333,خكاوه,سايپا ديزل,142,5522312,31841650992,5944,5766,5766,-178,-2.99,5766,-178,-2.99,5766,5766,1399-10-29
334,لخزر,پارس‌ خزر,141,44497,7396291340,174960,166220,166220,-8740,-5.0,173550,-1410,-0.81,166220,166220,1399-10-29
335,كحافظ,كاشي‌ وسراميك‌ حافظ‌,140,1121843,14853201320,13930,13240,13240,-690,-4.95,13700,-230,-1.65,13240,13240,1399-10-29
336,دسينا,داروسازي‌ سينا,139,575012,17489017510,32010,30410,30410,-1600,-5.0,31400,-610,-1.91,30410,31000,1399-10-29
337,وحكمت,بيمه حكمت صبا,138,1442241,7754929857,5660,5377,5377,-283,-5.0,5541,-119,-2.1,5377,5377,1399-10-29
338,كوثر,بيمه كوثر,138,2361349,51942593953,23154,21997,21997,-1157,-5.0,22101,-1053,-4.55,21997,21997,1399-10-29
339,دسبحا,گروه دارويي سبحان,138,1402535,26676215700,20020,19020,19020,-1000,-5.0,19450,-570,-2.85,19020,19020,1399-10-29
340,اخزا818,اسنادخزانه-م18بودجه98-010614,138,238298,178393476919,749477,746004,751000,1523,0.2,748615,-862,-0.12,741200,752000,1399-10-29
341,وبشهر,توسعه‌ صنايع‌ بهشهر(هلدينگ,137,1185319,16286283060,14460,13740,13740,-720,-4.98,14210,-250,-1.73,13740,13740,1399-10-29
342,فولاژ,فولاد آلياژي ايران,136,2760251,46869061980,17870,16980,16980,-890,-4.98,17260,-610,-3.41,16980,16980,1399-10-29
343,سكه0112پ03,سكه تمام بهارتحويلي1روزه سامان,136,36800,35941217600,1024733,976500,973454,-51279,-5.0,976663,-48070,-4.69,973452,999000,1399-10-29
344,دفرا,فرآورده‌هاي‌ تزريقي‌ ايران‌,134,259175,7174248520,29130,27680,27680,-1450,-4.98,28910,-220,-0.76,27680,27700,1399-10-29
345,كدما,معدني‌ دماوند,134,17917,5087532150,298890,283950,283950,-14940,-5.0,297280,-1610,-0.54,283950,283950,1399-10-29
346,اخزا903,اسنادخزانه-م3بودجه99-011110,133,441051,302839900929,685508,683202,684643,-865,-0.13,686632,1124,0.16,683202,690000,1399-10-29
347,كي بي سي,شركت كي بي سي,131,564566,19095880384,35604,33824,33824,-1780,-5.0,34853,-751,-2.11,33824,33824,1399-10-29
348,زملارد,كشاورزي و دامپروري ملارد شير,131,1039531,40097829263,40603,38573,38573,-2030,-5.0,38804,-1799,-4.43,38573,38573,1399-10-29
349,سمازن,سيمان‌مازندران‌,130,2130415,21069804350,10410,9890,9890,-520,-5.0,10170,-240,-2.31,9890,9890,1399-10-29
350,سايرا,ايرانيت‌,130,330844,14168407990,43052,43980,41330,-1722,-4.0,42825,-227,-0.53,41330,43980,1399-10-29
351,ديران,ايران‌دارو,130,767380,28485145600,39070,37120,37120,-1950,-4.99,37860,-1210,-3.1,37120,37120,1399-10-29
352,مبين,مبين انرژي خليج فارس,129,1484237,20467628230,14510,13790,13790,-720,-4.96,14380,-130,-0.9,13790,13790,1399-10-29
353,آينده,بازرگاني آينده سازان بهشت پارس,128,1224996,25571791500,20875,20875,20875,0,0.0,20875,0,0.0,20875,20875,1399-10-29
354,فاسمين,كالسيمين‌,128,855477,12797935920,15740,14960,14960,-780,-4.96,15520,-220,-1.4,14960,14960,1399-10-29
355,كسرا,سراميك‌هاي‌صنعتي‌اردكان‌,127,704989,17490777090,26110,24810,24810,-1300,-4.98,25610,-500,-1.91,24810,24810,1399-10-29
356,زقيام,كشت و دام قيام اصفهان,126,481859,13421218727,29318,27853,27853,-1465,-5.0,28887,-431,-1.47,27853,27853,1399-10-29
357,فنرژي,گسترش صنايع انرژي آذرآب,126,452644,7105605512,15095,15698,15698,603,3.99,15501,406,2.69,15698,15698,1399-10-29
358,زبينا,كشاورزي و دامپروري بينالود,124,320217,13877244129,45617,43337,43337,-2280,-5.0,44923,-694,-1.52,43337,43337,1399-10-29
359,فن آوا,گروه فن آوا,124,1823238,29372364180,15641,16110,16110,469,3.0,16110,469,3.0,16110,16110,1399-10-29
360,شتولي,تولي‌پرس‌,123,371989,11680454600,32498,31400,31400,-1098,-3.38,31400,-1098,-3.38,31400,31400,1399-10-29
361,گنجين,صندوق س. گنجينه يكم آويد-د,121,5030759,60546043207,12026,12033,12038,12,0.1,12035,9,0.07,12033,12045,1399-10-29
362,لبوتان,گروه‌صنعتي‌بوتان‌,121,256477,20805414240,85380,81120,81120,-4260,-4.99,83470,-1910,-2.24,81120,81120,1399-10-29
363,شسينا,صنايع‌شيميايي‌سينا,121,56450,9116675000,169990,161500,161500,-8490,-4.99,168320,-1670,-0.98,161500,161500,1399-10-29
364,وساپا,سرمايه‌گذاري‌ سايپا,120,564838,3807008120,7090,6740,6740,-350,-4.94,7060,-30,-0.42,6740,6740,1399-10-29
365,آكورد2,صندوق س. آرمان آتي كوثر-د,120,12000000,12000000,30299,1,1,-30298,-100.0,1,-30298,-100.0,1,1,1399-10-29
366,كرازي,كارخانجات‌توليدي‌شيشه‌رازي‌,119,387772,12703410720,34480,32760,32760,-1720,-4.99,34000,-480,-1.39,32760,32760,1399-10-29
367,قثابت,قند ثابت‌ خراسان‌,118,79916,4672688520,61540,58470,58470,-3070,-4.99,61220,-320,-0.52,58470,58470,1399-10-29
368,ضسپا1102,اختيارخ خساپا-2000-1399/11/26,117,5094,821131000,240,200,146,-94,-39.17,161,-79,-32.92,145,205,1399-10-29
369,وجامي,سرمايه گذاري جامي,117,577606,8052405246,13535,13941,13941,406,3.0,13690,155,1.15,13941,13941,1399-10-29
370,فروس,فروسيليس‌ ايران‌,117,1308237,6214125750,4990,4750,4750,-240,-4.81,4960,-30,-0.6,4750,4750,1399-10-29
371,شپترو,پتروشيمي آبادان,117,7420005,41091987690,5709,5538,5538,-171,-3.0,5538,-171,-3.0,5538,5538,1399-10-29
372,واميد,گروه مديريت سرمايه گذاري اميد,116,404015,15308128350,39880,37890,37890,-1990,-4.99,39610,-270,-0.68,37890,37890,1399-10-29
373,كخاك,صنايع‌خاك‌چيني‌ايران‌,115,391869,18590339060,49920,47430,47430,-2490,-4.99,48900,-1020,-2.04,47430,48920,1399-10-29
374,غپينو,پارس‌ مينو,114,2750637,24975783960,9550,9080,9080,-470,-4.92,9290,-260,-2.72,9080,9080,1399-10-29
375,پكرمان,گروه‌ صنعتي‌ بارز,114,1157294,30992333320,28180,26780,26780,-1400,-4.97,27230,-950,-3.37,26780,26780,1399-10-29
376,تملت,تامين سرمايه بانك ملت,114,952254,6446759580,7120,6770,6770,-350,-4.92,7070,-50,-0.7,6770,6770,1399-10-29
377,وملي,گروه‌ صنعتي‌ ملي‌ (هلدينگ‌,111,50461,11159954760,232800,221160,221160,-11640,-5.0,230030,-2770,-1.19,221160,221160,1399-10-29
378,خلنت,لنت‌ ترمزايران‌,110,180901,23271104640,135410,128640,128640,-6770,-5.0,132090,-3320,-2.45,128640,128640,1399-10-29
379,البرز,بيمه البرز,110,3434807,15113150800,4630,4400,4400,-230,-4.97,4550,-80,-1.73,4400,4400,1399-10-29
380,ثباغ,شهر سازي و خانه سازي باغميشه,110,796285,15643018825,20678,19645,19645,-1033,-5.0,20328,-350,-1.69,19645,19645,1399-10-29
381,كهمدا,شيشه‌ همدان‌,108,863273,10687319740,13030,12380,12380,-650,-4.99,12880,-150,-1.15,12380,12380,1399-10-29
382,اخزا902,اسنادخزانه-م2بودجه99-011019,105,450589,312710414652,691222,691000,692230,1008,0.15,694004,2782,0.4,691000,698000,1399-10-29
383,حپترو,حمل و نقل پتروشيمي( سهامي عام,103,642882,24732102160,40490,38470,38470,-2020,-4.99,39450,-1040,-2.57,38470,38500,1399-10-29
384,غشهد,شهد ايران ‌,103,2436150,17637726000,7620,7240,7240,-380,-4.99,7470,-150,-1.97,7240,7240,1399-10-29
385,كماسه,تامين‌ ماسه‌ ريخته‌گري‌,103,290224,15733043040,57060,54210,54210,-2850,-4.99,56080,-980,-1.72,54210,54210,1399-10-29
386,تسه9712,امتياز تسهيلات مسكن اسفند97,102,1363,688759575,529843,503351,503351,-26492,-5.0,505326,-24517,-4.63,503351,511000,1399-10-29
387,وپترو,سرمايه‌گذاري صنايع پتروشيمي‌,102,531696,8581573440,16980,16140,16140,-840,-4.95,16830,-150,-0.88,16140,16140,1399-10-29
388,تسه9902,امتياز تسهيلات مسكن ارديبهشت99,100,1856,1004051643,545554,518277,565000,19446,3.56,540976,-4578,-0.84,518277,570000,1399-10-29
389,پسهند,صنايع‌ لاستيكي‌  سهند,100,321255,11674406700,38250,36340,36340,-1910,-4.99,37770,-480,-1.25,36340,36340,1399-10-29
390,ثاباد,توريستي ورفاهي آبادگران ايران,98,646661,30076203110,48950,46510,46510,-2440,-4.98,47320,-1630,-3.33,46510,46510,1399-10-29
391,فسرب,ملي‌ سرب‌وروي‌ ايران‌,97,31159,3216543570,108660,103230,103230,-5430,-5.0,108280,-380,-0.35,103230,103230,1399-10-29
392,زعف0008پ16,زعفران0008نگين بيرجند(پ),96,93798,11671102098,123944,125000,126200,2256,1.82,124428,484,0.39,123001,126200,1399-10-29
393,دقاضيح,ح . داروسازي شهيد قاضي,96,148626,6546787844,43746,42500,45058,1312,3.0,44049,303,0.69,42434,45058,1399-10-29
394,زگلدشت,كشت و دام گلدشت نمونه اصفهان,95,351746,20494128944,61330,58264,58264,-3066,-5.0,59963,-1367,-2.23,58264,58264,1399-10-29
395,ضصاد3001,اختيارخ وبصادر-2000-1400/03/12,95,6707,3644557000,1,550,511,510,51000.0,543,542,54200.0,500,599,1399-10-29
396,چكارن,كارتن‌ ايران‌,95,1265310,5099199300,4240,4030,4030,-210,-4.95,4220,-20,-0.47,4030,4030,1399-10-29
397,كفپارس,فرآورده‌هاي‌ نسوز پارس‌,94,646954,3215361380,5230,4970,4970,-260,-4.97,5210,-20,-0.38,4970,4970,1399-10-29
398,فزرين,زرين معدن آسيا,92,221110,5063197890,24104,22899,22899,-1205,-5.0,23969,-135,-0.56,22899,22899,1399-10-29
399,خرينگ,رينگ‌سازي‌مشهد,92,59364,3629514960,64350,61140,61140,-3210,-4.99,64090,-260,-0.4,61140,61140,1399-10-29
400,سامان,بانك سامان,91,4049970,44748118530,11390,11049,11049,-341,-2.99,11090,-300,-2.63,11049,11049,1399-10-29
401,حتايد,تايدواترخاورميانه,91,1540556,42180423280,28820,27380,27380,-1440,-5.0,27510,-1310,-4.55,27380,27380,1399-10-29
402,كگاز,شيشه‌ و گاز,91,696737,13272839850,20050,19050,19050,-1000,-4.99,19760,-290,-1.45,19050,19050,1399-10-29
403,خكرمان,گروه اقتصادي كرمان خودرو,90,2460873,13569253722,5804,5514,5514,-290,-5.0,5591,-213,-3.67,5514,5514,1399-10-29
404,سفار,سيمان‌فارس‌,89,165078,26466955740,168760,160330,160330,-8430,-5.0,163830,-4930,-2.92,160330,160330,1399-10-29
405,ودي,بيمه  دي,89,201099,4816522149,25211,23951,23951,-1260,-5.0,25081,-130,-0.52,23951,23951,1399-10-29
406,دامين,داروسازي‌ امين‌,89,419978,6476060760,16230,15420,15420,-810,-4.99,16120,-110,-0.68,15420,15420,1399-10-29
407,كاذر,فرآورده‌هاي‌نسوزآذر,87,219698,7915718940,37920,36030,36030,-1890,-4.98,37600,-320,-0.84,36030,36030,1399-10-29
408,فلات,گروه صنايع معادن فلات ايرانيان,87,1594311,25351139211,16392,15901,15901,-491,-3.0,15901,-491,-3.0,15901,15901,1399-10-29
409,بسويچ,پارس‌سويچ‌,87,374525,21003362000,59030,56080,56080,-2950,-5.0,57720,-1310,-2.22,56080,56080,1399-10-29
410,كسعدي,كاشي‌ سعدي‌,87,660354,13352357880,21280,20220,20220,-1060,-4.98,20970,-310,-1.46,20220,20220,1399-10-29
411,وليز,ليزينگ‌ايران‌,87,1784620,13045572200,7690,7310,7310,-380,-4.94,7580,-110,-1.43,7310,7310,1399-10-29
412,قرن,پديده شيمي قرن,86,366250,22311950000,64120,60920,60920,-3200,-4.99,62540,-1580,-2.46,60920,60920,1399-10-29
413,فبيرا,بسته‌ بندي‌ ايران‌,86,931677,3150931614,3559,3382,3382,-177,-4.97,3529,-30,-0.84,3382,3382,1399-10-29
414,بذر,صندوق س بذر اميد آفرين-سهام,85,45865,4219772030,95190,93950,92250,-2940,-3.09,92000,-3190,-3.35,88000,93950,1399-10-29
415,سيمرغ,سيمرغ,85,553462,9259419260,17610,16730,16730,-880,-5.0,17430,-180,-1.02,16730,16730,1399-10-29
416,ريشمك,توليد و صادرات ريشمك,85,677555,34629836050,53799,51110,51110,-2689,-5.0,51736,-2063,-3.83,51110,51110,1399-10-29
417,زكوثر,سرمايه گذاري كشاورزي كوثر,84,744878,17176886680,24270,23060,23060,-1210,-4.99,23810,-460,-1.9,23060,23060,1399-10-29
418,تسه9810,امتياز تسهيلات مسكن دي98,84,1392,704740174,532474,505851,505851,-26623,-5.0,506279,-26195,-4.92,505851,520000,1399-10-29
419,دكپسول,توليد ژلاتين كپسول ايران,84,185398,7613554268,43227,41066,41066,-2161,-5.0,42875,-352,-0.81,41066,41066,1399-10-29
420,دفارا,داروسازي‌ فارابي‌,84,234061,13809599000,62100,59000,59000,-3100,-4.99,61180,-920,-1.48,59000,59000,1399-10-29
421,غبهار,كشت وصنعت بهاران گلبهار خراسان,84,338271,15518858667,48291,45877,45877,-2414,-5.0,46269,-2022,-4.19,45877,45877,1399-10-29
422,فنورد,نوردوقطعات‌ فولادي‌,83,162510,46079710500,298470,283550,283550,-14920,-5.0,283550,-14920,-5.0,283550,283550,1399-10-29
423,كوير,توليدي فولاد سپيد فراب كوير,83,419657,9501034480,23830,22640,22640,-1190,-4.99,23710,-120,-0.5,22640,22640,1399-10-29
424,تسه9802,امتياز تسهيلات مسكن ارديبهشت98,83,867,449757525,530560,530000,510000,-20560,-3.88,518751,-11809,-2.23,504032,554980,1399-10-29
425,حتوكا,حمل‌ونقل‌توكا,82,801593,33121822760,43490,41320,41320,-2170,-4.99,41960,-1530,-3.52,41320,41320,1399-10-29
426,فسازان,غلتك سازان سپاهان,81,1686336,55278094080,34500,32780,32780,-1720,-4.99,32780,-1720,-4.99,32780,32780,1399-10-29
427,شتوكا,توكا رنگ فولاد سپاهان,81,348975,24672532500,74421,70700,70700,-3721,-5.0,72447,-1974,-2.65,70700,70700,1399-10-29
428,چفيبر,فيبر ايران‌,81,1121057,15975062250,14990,14250,14250,-740,-4.94,14730,-260,-1.73,14250,14250,1399-10-29
429,اوصتا,صندوق انديشه ورزان صباتامين -د,80,2717548,47887367559,17609,17626,17614,5,0.03,17622,13,0.07,17614,17634,1399-10-29
430,لوتوس,تامين سرمايه لوتوس پارسيان,80,1038578,12296763520,12460,11840,11840,-620,-4.98,12300,-160,-1.28,11840,11840,1399-10-29
431,دشيمي,شيمي‌ داروئي‌ داروپخش‌,80,385319,21562451240,58900,55960,55960,-2940,-4.99,57500,-1400,-2.38,55960,55960,1399-10-29
432,سصوفي,سيمان‌ صوفيان‌,80,572764,8408175520,15450,14680,14680,-770,-4.98,15310,-140,-0.91,14680,14680,1399-10-29
433,سفارود,كارخانه فارسيت درود,80,468878,7317310068,15924,15606,15606,-318,-2.0,15685,-239,-1.5,15606,15606,1399-10-29
434,تپولا,مهندسي مرآت پولاد,79,88689,3490532973,40574,39357,39357,-1217,-3.0,40358,-216,-0.53,39357,39357,1399-10-29
435,دانا,بيمه دانا,78,1165574,9336247740,8430,8010,8010,-420,-4.98,8350,-80,-0.95,8010,8010,1399-10-29
436,وسين,بيمه سينا,77,775249,14298692556,19414,18444,18444,-970,-5.0,18651,-763,-3.93,18444,18444,1399-10-29
437,خنصير,مهندسي‌نصيرماشين‌,77,144882,14446184220,104950,99710,99710,-5240,-4.99,103360,-1590,-1.52,99710,99710,1399-10-29
438,مرقام,ايران‌ارقام‌,76,813259,16850726480,21810,20720,20720,-1090,-5.0,21420,-390,-1.79,20720,20720,1399-10-29
439,شپاكسا,پاكسان‌,76,99420,3060147600,32400,30780,30780,-1620,-5.0,32290,-110,-0.34,30780,30780,1399-10-29
440,فرآور,فرآوري‌موادمعدني‌ايران‌,76,78834,2463562500,32890,31250,31250,-1640,-4.99,32800,-90,-0.27,31250,31250,1399-10-29
441,ضصاد1103,اختيارخ وبصادر-4000-1399/11/12,76,5144,8391000,1,1,1,0,0.0,2,1,100.0,1,2,1399-10-29
442,اخزا815,اسنادخزانه-م15بودجه98-010406,76,227032,175404219249,770641,770000,771504,863,0.11,772597,1956,0.25,770000,775000,1399-10-29
443,وتوكا,سرمايه‌گذاري‌توكافولاد(هلدينگ,75,1756444,21024634680,12590,11970,11970,-620,-4.92,12310,-280,-2.22,11970,11970,1399-10-29
444,خاذين,سايپاآذين‌,74,500272,2396302880,5040,4790,4790,-250,-4.96,5030,-10,-0.2,4790,4790,1399-10-29
445,ولشرق,ليزينگ ايران و شرق,74,1445214,12587813940,9168,8710,8710,-458,-5.0,9042,-126,-1.37,8710,8710,1399-10-29
446,شنفت,نفت‌ پارس‌,74,297730,18375895600,64960,61720,61720,-3240,-4.99,64000,-960,-1.48,61720,61720,1399-10-29
447,اخزا905,اسنادخزانه-م5بودجه99-020218,74,146722,94490123164,644205,645000,644000,-205,-0.03,644008,-197,-0.03,634000,646600,1399-10-29
448,دكيمي,كيميدارو,74,627604,16386740440,27480,26110,26110,-1370,-4.99,27000,-480,-1.75,26110,26110,1399-10-29
449,غدام,خوراك‌  دام‌ پارس‌,73,26945,12647444100,494080,469380,469380,-24700,-5.0,487220,-6860,-1.39,469380,469380,1399-10-29
450,كلر,كلر پارس,73,1220137,140376761850,121105,115050,115050,-6055,-5.0,115050,-6055,-5.0,115050,115050,1399-10-29
451,حفارس,حمل و نقل بين المللي خليج فارس,73,3111549,15744437940,5320,5060,5060,-260,-4.89,5230,-90,-1.69,5060,5060,1399-10-29
452,بخاور,بيمه زندگي خاورميانه,72,310792,2120533816,7182,6823,6823,-359,-5.0,7166,-16,-0.22,6823,6823,1399-10-29
453,تكنو,تكنوتار,71,756988,15185179280,21110,20060,20060,-1050,-4.97,20760,-350,-1.66,20060,20060,1399-10-29
454,قشير,قند شيروان قوچان و بجنورد,71,494845,15444112450,32852,31210,31210,-1642,-5.0,32290,-562,-1.71,31210,31210,1399-10-29
455,ملت,بيمه ملت,70,143074,2340690640,17220,16360,16360,-860,-4.99,17180,-40,-0.23,16360,16360,1399-10-29
456,ضچاد2002,اختيارخ كچاد-16000-1400/02/05,70,3956,13850100000,4000,3500,3500,-500,-12.5,3501,-499,-12.48,3400,3600,1399-10-29
457,بشهاب,لامپ‌  پارس‌ شهاب‌,69,29560,2760904000,98310,93400,93400,-4910,-4.99,98020,-290,-0.29,93400,93400,1399-10-29
458,شسپا,نفت سپاهان,68,1337704,32800502080,25810,24520,24520,-1290,-5.0,25090,-720,-2.79,24520,24520,1399-10-29
459,كمرجان,بازرگاني و توليدي مرجان كار,68,31060,3275680780,111013,105463,105463,-5550,-5.0,110618,-395,-0.36,105463,105463,1399-10-29
460,آسام,صندوق س.آرمان سپهر آشنا-م,68,44490,4517602890,103421,100100,102500,-921,-0.89,101542,-1879,-1.82,100000,103000,1399-10-29
461,ثتوسا,س.توسعه و عمران استان اردبيل,67,273665,12117612535,45648,44279,44279,-1369,-3.0,44767,-881,-1.93,44279,44279,1399-10-29
462,وصنا,گروه‌صنايع‌بهشهرايران‌,67,886461,6249550050,7420,7050,7050,-370,-4.99,7370,-50,-0.67,7050,7050,1399-10-29
463,كساوه,صنايع‌ كاشي‌ و سراميك‌ سينا,67,411465,31876193550,81540,77470,77470,-4070,-4.99,78710,-2830,-3.47,77470,77470,1399-10-29
464,شغدير,پتروشيمي غدير,67,887187,46328017953,54967,52219,52219,-2748,-5.0,52219,-2748,-5.0,52219,52219,1399-10-29
465,ثمسكن,سرمايه‌گذاري‌ مسكن‌,67,322735,1668539950,5440,5170,5170,-270,-4.96,5430,-10,-0.18,5170,5170,1399-10-29
466,وايران,ليزينگ ايرانيان,67,1472377,22380130400,16000,15200,15200,-800,-5.0,15610,-390,-2.44,15200,15200,1399-10-29
467,تسه9803,امتياز تسهيلات مسكن خرداد98,65,580,305830481,520731,494697,501001,-19730,-3.79,527294,6563,1.26,494697,546767,1399-10-29
468,دكوثر,داروسازي‌ كوثر,65,92586,2138736600,24310,23100,23100,-1210,-4.98,24250,-60,-0.25,23100,23100,1399-10-29
469,چدن,توليدي چدن سازان,65,262598,7919955680,31740,30160,30160,-1580,-4.98,31460,-280,-0.88,30160,30160,1399-10-29
470,كيميا,معدني كيمياي زنجان گستران,65,232095,8871831375,40236,38225,38225,-2011,-5.0,39844,-392,-0.97,38225,38225,1399-10-29
471,شفا,سرمايه گذاري شفادارو,65,290761,13203457010,47800,45410,45410,-2390,-5.0,47120,-680,-1.42,45410,45410,1399-10-29
472,فوكا,فولاد كاويان,65,1634694,22349536368,14094,13672,13672,-422,-2.99,13805,-289,-2.05,13672,13672,1399-10-29
473,اعتلا,شركت سرمايه گذاري اعتلاء البرز,64,1089408,10086828672,9746,9259,9259,-487,-5.0,9641,-105,-1.08,9259,9259,1399-10-29
474,كلوند,كاشي‌ الوند,64,666789,24337798500,38420,36500,36500,-1920,-5.0,37390,-1030,-2.68,36500,36500,1399-10-29
475,شاملا,معدني‌ املاح‌  ايران‌,64,129686,7232588220,58700,55770,55770,-2930,-4.99,58250,-450,-0.77,55770,55770,1399-10-29
476,كروي,توسعه‌ معادن‌ روي‌ ايران‌,64,89443,3111721970,36620,34790,34790,-1830,-5.0,36500,-120,-0.33,34790,34790,1399-10-29
477,اخزا909,اسنادخزانه-م9بودجه99-020316,63,292077,185921866564,634909,636010,634990,81,0.01,636551,1642,0.26,630000,640000,1399-10-29
478,غمينو,شركت صنايع غذايي مينو شرق,63,97253,1551866121,16796,15957,15957,-839,-5.0,16768,-28,-0.17,15957,15957,1399-10-29
479,لكما,كارخانجات‌مخابراتي‌ايران‌,63,357284,2941519172,8666,8233,8233,-433,-5.0,8599,-67,-0.77,8233,8233,1399-10-29
480,تسه9904,امتياز تسهيلات مسكن تير99,62,1115,584216875,549409,550120,521939,-27470,-5.0,523961,-25448,-4.63,521939,550121,1399-10-29
481,زشريف,كشت وصنعت شريف آباد,62,149727,3734490834,26254,24942,24942,-1312,-5.0,26150,-104,-0.4,24942,24942,1399-10-29
482,حاريا,كشتيراني آريا,62,331561,11877509703,36930,35823,35823,-1107,-3.0,36255,-675,-1.83,35823,35823,1399-10-29
483,وثنو,سرمايه گذاري ساختماني نوين,61,779496,15096499032,20386,19367,19367,-1019,-5.0,19540,-846,-4.15,19367,19367,1399-10-29
484,غچين,كشت‌ و صنعت‌ چين‌ چين,60,143293,10506242760,77170,73320,73320,-3850,-4.99,76270,-900,-1.17,73320,73320,1399-10-29
485,غنوش,نوش‌ مازندران‌,60,117778,8150237600,72840,69200,69200,-3640,-5.0,72190,-650,-0.89,69200,69200,1399-10-29
486,كمينا,شيشه سازي مينا,59,772461,27671097942,37707,35822,35822,-1885,-5.0,35822,-1885,-5.0,35822,35822,1399-10-29
487,اپرداز,آتيه داده پرداز,59,51894,1230873786,24967,23719,23719,-1248,-5.0,24933,-34,-0.14,23719,23719,1399-10-29
488,شدوص,دوده‌ صنعتي‌ پارس‌,59,938113,30432385720,34140,32440,32440,-1700,-4.98,33040,-1100,-3.22,32440,32440,1399-10-29
489,زعف0008پ11,زعفران0008نگين سحرخيز(پ),59,31516,3968375516,126517,124009,125003,-1514,-1.2,125916,-601,-0.48,124009,126997,1399-10-29
490,ضخود2013,اختيارخ خودرو-7000-1400/02/08,59,2948,120097000,51,44,34,-17,-33.33,41,-10,-19.61,34,50,1399-10-29
491,شفارا,پتروشيمي فارابي,59,2161648,11828537856,5641,5472,5472,-169,-3.0,5539,-102,-1.81,5472,5472,1399-10-29
492,شلعاب,لعابيران‌,58,1040558,14963224040,15130,14380,14380,-750,-4.96,14890,-240,-1.59,14380,14380,1399-10-29
493,بفجر,فجر انرژي خليج فارس,58,532230,13976359800,27640,26260,26260,-1380,-4.99,27360,-280,-1.01,26260,26260,1399-10-29
494,وآرين,شركت توسعه اقتصادي آرين,58,303309,1464982470,5084,4830,4830,-254,-5.0,5064,-20,-0.39,4830,4830,1399-10-29
495,وتوس,توسعه‌شهري‌توس‌گستر,58,1219968,28364256000,24470,23250,23250,-1220,-4.99,23720,-750,-3.06,23250,23250,1399-10-29
496,صنوين,صندوق سرمايه‌گذاري صنوين-مختلط,57,25056,2415376000,97630,96500,96000,-1630,-1.67,96400,-1230,-1.26,96000,96500,1399-10-29
497,دبالك,مواد اوليه دارويي البرز بالك,57,621537,14170422063,23998,22799,22799,-1199,-5.0,23633,-365,-1.52,22799,22799,1399-10-29
498,پلاسك,پلاسكوكار,57,1269170,11574830400,9590,9120,9120,-470,-4.9,9470,-120,-1.25,9120,9120,1399-10-29
499,سمگا,گروه سرمايه گذاري ميراث فرهنگي,57,65372,2077456788,33451,31779,31779,-1672,-5.0,33390,-61,-0.18,31779,31779,1399-10-29
500,ضشنا2010,اختيارخ شپنا-8000-1400/02/27,57,2305,4148995000,1,1800,1800,1799,179900.0,1800,1799,179900.0,1799,1800,1399-10-29
501,كسرام,پارس‌ سرام‌,57,498097,5812791990,12280,11670,11670,-610,-4.97,12210,-70,-0.57,11670,11670,1399-10-29
502,پارسيان,بيمه پارسيان,56,1991526,22583904840,11930,11340,11340,-590,-4.95,11650,-280,-2.35,11340,11340,1399-10-29
503,بزاگرس,نيروگاه زاگرس كوثر,56,114638,941292618,8643,8211,8211,-432,-5.0,8634,-9,-0.1,8211,8211,1399-10-29
504,تسه9711,امتياز تسهيلات مسكن بهمن 97,56,873,426038428,512429,486808,486808,-25621,-5.0,488017,-24412,-4.76,486808,499997,1399-10-29
505,خچرخش,چرخشگر,55,717994,13778304860,20200,19190,19190,-1010,-5.0,19900,-300,-1.49,19190,19190,1399-10-29
506,وآذر,سرمايه‌گذاري‌توسعه‌آذربايجان‌,55,187354,22358826360,125620,119340,119340,-6280,-5.0,122510,-3110,-2.48,119340,119340,1399-10-29
507,ثنام,س ساختماني ب نام آوران مهندسي,55,116590,2138843550,19310,18345,18345,-965,-5.0,19201,-109,-0.56,18345,18345,1399-10-29
508,خكمك,كمك‌فنرايندامين‌,55,53351,2039075220,40230,38220,38220,-2010,-5.0,40140,-90,-0.22,38220,38220,1399-10-29
509,بموتو,موتوژن‌,54,215839,11584079130,56490,53670,53670,-2820,-4.99,55800,-690,-1.22,53670,53670,1399-10-29
510,خاور,ايران خودرو ديزل,54,496062,4106897298,8535,8279,8279,-256,-3.0,8481,-54,-0.63,8279,8279,1399-10-29
511,گدنا,تهيه توزيع غذاي دنا آفرين فدك,54,32762,1178776760,37873,35980,35980,-1893,-5.0,37826,-47,-0.12,35980,35980,1399-10-29
512,الماس,صندوق س.امين تدبيرگران فردا-س,54,35675,3870603123,112241,116600,107000,-5241,-4.67,108496,-3745,-3.34,107000,116600,1399-10-29
513,تسه9903,امتياز تسهيلات مسكن خرداد99,54,428,221763000,545368,518100,520000,-25368,-4.65,518138,-27230,-4.99,518100,520000,1399-10-29
514,زنجان,صنايع كشاورزي وكود زنجان,53,318795,3390384825,11194,10635,10635,-559,-4.99,11092,-102,-0.91,10635,10635,1399-10-29
515,فمراد,آلومراد,53,16854,3454732920,215760,204980,204980,-10780,-5.0,214970,-790,-0.37,204980,204980,1399-10-29
516,فلوله,لوله‌وماشين‌سازي‌ايران‌,53,173819,3820541620,23130,21980,21980,-1150,-4.97,23030,-100,-0.43,21980,21980,1399-10-29
517,اخزا817,اسنادخزانه-م17بودجه98-010512,52,203882,154667697784,756865,756800,760500,3635,0.48,758614,1749,0.23,756000,760500,1399-10-29
518,ضصاد1101,اختيارخ وبصادر-3000-1399/11/12,52,1699,23593000,26,10,10,-16,-61.54,14,-12,-46.15,10,20,1399-10-29
519,شصفها,پتروشيمي‌ اصفهان‌,52,185877,23963634594,134293,128922,128922,-5371,-4.0,128922,-5371,-4.0,128922,128922,1399-10-29
520,حآسا,آسيا سير ارس,52,855374,40625132756,49993,47494,47494,-2499,-5.0,47766,-2227,-4.45,47494,47494,1399-10-29
521,ختور,رادياتور ايران‌,51,96699,3215241750,35000,33250,33250,-1750,-5.0,34880,-120,-0.34,33250,33250,1399-10-29
522,گنجين2,صندوق س. گنجينه يكم آويد-د,50,5000000,5000000,12026,1,1,-12025,-99.99,1,-12025,-99.99,1,1,1399-10-29
523,آپ,آسان پرداخت پرشين,50,93612,1875048360,21080,20030,20030,-1050,-4.98,21040,-40,-0.19,20030,20030,1399-10-29
524,تسه9812,امتياز تسهيلات مسكن اسفند98,50,838,452378450,540498,513474,567520,27022,5.0,539831,-667,-0.12,513474,567520,1399-10-29
525,زعف0008پ05,زعفران0008نگين زرين(پ),50,43444,5433547930,124826,124500,124500,-326,-0.26,125070,244,0.2,124500,125500,1399-10-29
526,ساربيل,سيمان آرتا اردبيل,50,175748,8214461520,49190,46740,46740,-2450,-4.98,48760,-430,-0.87,46740,46740,1399-10-29
527,قاسم,قاسم ايران,50,281439,4634174574,17332,16466,16466,-866,-5.0,17247,-85,-0.49,16466,16466,1399-10-29
528,ضسپا1103,اختيارخ خساپا-2500-1399/11/26,49,2292,137549000,88,100,55,-33,-37.5,60,-28,-31.82,51,100,1399-10-29
529,هبركت912,اختيارف ت بركت-22100-99/12/17,49,360000,302040000,29,839,839,810,2793.1,839,810,2793.1,839,839,1399-10-29
530,غمارگ,مارگارين‌,49,87146,2810458500,33940,32250,32250,-1690,-4.98,33840,-100,-0.29,32250,32250,1399-10-29
531,ضسپا1104,اختيارخ خساپا-3000-1399/11/26,49,3578,64528000,30,30,16,-14,-46.67,18,-12,-40.0,16,31,1399-10-29
532,خشرق,الكتريك‌ خودرو شرق‌,48,827930,20035906000,25470,24200,24200,-1270,-4.99,24930,-540,-2.12,24200,24200,1399-10-29
533,ثغرب,شركت سرمايه گذاري مسكن شمالغرب,48,172978,1494010986,9091,8637,8637,-454,-4.99,9076,-15,-0.16,8637,8637,1399-10-29
534,سدشت,صنايع سيمان دشتستان,48,41966,1787331940,40570,42590,42590,2020,4.98,40640,70,0.17,42590,42590,1399-10-29
535,غگرجي,بيسكويت‌  گرجي‌,48,436549,11018496760,26560,25240,25240,-1320,-4.97,26250,-310,-1.17,25240,25240,1399-10-29
536,ضشنا2000,اختيارخ شپنا-9000-1400/02/27,47,946,1503996000,1942,1600,1600,-342,-17.61,1590,-352,-18.13,1500,1600,1399-10-29
537,ضخود2009,اختيارخ خودرو-4000-1400/02/08,47,851,129296000,179,153,153,-26,-14.53,152,-27,-15.08,140,180,1399-10-29
538,دپارس,پارس‌ دارو,47,30400,2650880000,91780,87200,87200,-4580,-4.99,91520,-260,-0.28,87200,87200,1399-10-29
539,خريخت,صنايع‌ريخته‌گري‌ايران‌,46,332260,1461944000,4630,4400,4400,-230,-4.97,4620,-10,-0.22,4400,4400,1399-10-29
540,اخزا908,اسنادخزانه-م8بودجه99-020606,45,119815,72577325514,607209,610500,606400,-809,-0.13,605745,-1464,-0.24,605000,610500,1399-10-29
541,حريل,ريل پردازسير,45,206141,1305284812,6665,6332,6332,-333,-5.0,6656,-9,-0.14,6332,6332,1399-10-29
542,آبين,كشت و صنعت آبشيرين,44,2079716,9654041672,4785,4642,4642,-143,-2.99,4713,-72,-1.5,4642,4642,1399-10-29
543,ولغدر,ليزينگ‌خودروغدير,44,858871,24168629940,29620,28140,28140,-1480,-5.0,28830,-790,-2.67,28140,28140,1399-10-29
544,پخش,پخش البرز,44,438177,14957610072,35932,34136,34136,-1796,-5.0,35359,-573,-1.59,34136,34136,1399-10-29
545,كصدف,كاشي صدف سرام استقلال آباده,44,118353,3154580862,25878,26654,26654,776,3.0,25995,117,0.45,26654,26654,1399-10-29
546,دسانكو,داروسازي سبحان انكولوژي,44,677472,12487163904,19402,18432,18432,-970,-5.0,19136,-266,-1.37,18432,18432,1399-10-29
547,ومشان,س. فني و مهندسي مشانير,43,25327,1992120512,81088,78656,78656,-2432,-3.0,80839,-249,-0.31,78656,78656,1399-10-29
548,تكمبا,كمباين‌ سازي‌ ايران‌,43,1264677,14265556560,11870,11280,11280,-590,-4.97,11690,-180,-1.52,11280,11280,1399-10-29
549,دلقما,دارويي‌ لقمان‌,43,137273,3692643700,28310,26900,26900,-1410,-4.98,28200,-110,-0.39,26900,26900,1399-10-29
550,قچار,فراوردههاي غذايي وقند چهارمحال,43,114870,7313198550,67015,63665,63665,-3350,-5.0,66486,-529,-0.79,63665,63665,1399-10-29
551,ساراب,سيمان‌ داراب‌,43,438983,5232677360,12540,11920,11920,-620,-4.94,12470,-70,-0.56,11920,11920,1399-10-29
552,اخزا907,اسنادخزانه-م7بودجه99-020704,43,105352,62778076529,597769,601010,594012,-3757,-0.63,595889,-1880,-0.31,594012,601010,1399-10-29
553,ورازي,بيمه رازي,43,785625,6926070000,9280,8816,8816,-464,-5.0,9104,-176,-1.9,8816,8816,1399-10-29
554,فنوال,نورد آلومينيوم‌,42,128054,2951644700,24260,23050,23050,-1210,-4.99,24180,-80,-0.33,23050,23050,1399-10-29
555,سخزر,سيمان‌ خزر,42,166847,5928073910,37400,35530,35530,-1870,-5.0,37160,-240,-0.64,35530,35530,1399-10-29
556,كشرق,صنعتي و معدني شمال شرق شاهرود,42,63968,6767430592,111362,105794,105794,-5568,-5.0,110548,-814,-0.73,105794,105794,1399-10-29
557,سنوين,سرمايه گذاري اقتصاد نوين,41,1024294,8940105631,8906,8728,8728,-178,-2.0,8741,-165,-1.85,8728,8815,1399-10-29
558,ضملت1128,اختيارخ وبملت-6000-1399/11/28,41,1929,22723000,16,189,10,-6,-37.5,12,-4,-25.0,10,189,1399-10-29
559,غبهنوش,بهنوش‌ ايران‌,41,15325,1346148000,92460,87840,87840,-4620,-5.0,92330,-130,-0.14,87840,87840,1399-10-29
560,دسبحاح,ح .گروه دارويي سبحان,41,80607,1406246600,14270,17500,17300,3030,21.23,17450,3180,22.28,17300,17500,1399-10-29
561,پاسا,ايران‌ياساتايرورابر,40,723783,18130764150,26360,25050,25050,-1310,-4.97,25830,-530,-2.01,25050,25050,1399-10-29
562,ضپاس1001,اختيارخ وپارس-2500-1399/10/30,40,1216,45360000,104,44,30,-74,-71.15,37,-67,-64.42,30,50,1399-10-29
563,نيرو,نيرو سرمايه,40,171449,10714705255,64427,62495,62495,-1932,-3.0,63335,-1092,-1.69,62495,62495,1399-10-29
564,فولاي,صنايع فولاد آلياژي يزد,39,41085,1676925360,42964,40816,40816,-2148,-5.0,42887,-77,-0.18,40816,40816,1399-10-29
565,زكشت,كشاورزي مكانيزه اصفهان كشت,38,183258,6358319568,36522,34696,34696,-1826,-5.0,36273,-249,-0.68,34696,34696,1399-10-29
566,آريان,سرمايه گذاري پارس آريان,38,117396,1624291056,14263,13836,13836,-427,-2.99,14256,-7,-0.05,13836,13836,1399-10-29
567,ضسپا1105,اختيارخ خساپا-3500-1399/11/26,38,3023,27695000,11,12,5,-6,-54.55,9,-2,-18.18,5,15,1399-10-29
568,هترول911,اختيارف ت پترول-14730-99/11/15,37,212926,1077831412,4586,5062,5062,476,10.38,5062,476,10.38,5062,5062,1399-10-29
569,لابسا,آبسال‌,37,98226,5551733520,59490,56520,56520,-2970,-4.99,59140,-350,-0.59,56520,56520,1399-10-29
570,وحافظ,بيمه حافظ,37,181133,13548205001,78733,74797,74797,-3936,-5.0,75915,-2818,-3.58,74797,74797,1399-10-29
571,اخزا808,اسنادخزانه-م8بودجه98-000817,37,22834,19815734814,867431,867853,868500,1069,0.12,867817,386,0.04,866510,868500,1399-10-29
572,قشرين,قند شيرين خراسان,36,465175,8746220350,19383,18802,18802,-581,-3.0,19115,-268,-1.38,18802,18802,1399-10-29
573,درهآور,دارويي ره آورد تامين,36,125400,4740997800,39796,37807,37807,-1989,-5.0,39593,-203,-0.51,37807,37807,1399-10-29
574,تايرا,تراكتورسازي‌ايران‌,36,701488,21879410720,32830,31190,31190,-1640,-5.0,32050,-780,-2.38,31190,31190,1399-10-29
575,اخزا811,اسنادخزانه-م11بودجه98-001013,36,21224,17924576843,843280,847000,844850,1570,0.19,844543,1263,0.15,844508,847000,1399-10-29
576,زمگسا,كشاورزي‌ ودامپروي‌ مگسال‌,35,42849,1570844340,38580,36660,36660,-1920,-4.98,38520,-60,-0.16,36660,36660,1399-10-29
577,اخزا821,اسنادخزانه-م21بودجه98-020906,35,12860,7588680384,589553,586160,591400,1847,0.31,590100,547,0.09,586160,591997,1399-10-29
578,اخزا816,اسنادخزانه-م16بودجه98-010503,35,125465,95929899020,764216,760000,764500,284,0.04,764595,379,0.05,760000,766000,1399-10-29
579,نمرينو,ايران‌ مرينوس‌,35,118648,6266987360,55600,52820,52820,-2780,-5.0,55230,-370,-0.67,52820,52820,1399-10-29
580,ما,بيمه  ما,34,408834,3184816860,8190,7790,7790,-400,-4.88,8160,-30,-0.37,7790,7790,1399-10-29
581,ختراك,ريخته‌گري‌ تراكتورسازي‌ ايران‌,34,673982,10628696140,16600,15770,15770,-830,-5.0,16410,-190,-1.14,15770,15770,1399-10-29
582,وتوشه,سرمايه‌ گذاري‌ پارس‌ توشه‌,34,153811,3662239910,25060,23810,23810,-1250,-4.99,24960,-100,-0.4,23810,23810,1399-10-29
583,درازك,دارويي‌ رازك‌,33,446233,17786847380,41950,39860,39860,-2090,-4.98,41140,-810,-1.93,39860,39860,1399-10-29
584,فخاس,فولاد خراسان,33,235575,6247449000,27910,26520,26520,-1390,-4.98,27820,-90,-0.32,26520,26520,1399-10-29
585,شكربن,كربن‌ ايران‌,33,121260,12592851000,109310,103850,103850,-5460,-4.99,107810,-1500,-1.37,103850,103850,1399-10-29
586,شفارس,صنايع‌ شيميايي‌ فارس‌,33,35528,1766452160,52330,49720,49720,-2610,-4.99,52230,-100,-0.19,49720,49720,1399-10-29
587,ولانا,شركت ليزينگ آريا دانا,32,23147,677998777,30196,29291,29291,-905,-3.0,30164,-32,-0.11,29291,29291,1399-10-29
588,غگلستا,شير پاستوريزه پگاه گلستان,32,134743,3697078434,28882,27438,27438,-1444,-5.0,28767,-115,-0.4,27438,27438,1399-10-29
589,خكار,ايركا پارت صنعت,31,49069,1278247450,27420,26050,26050,-1370,-5.0,27380,-40,-0.15,26050,26050,1399-10-29
590,قمرو,قند مرودشت‌,31,38391,1111035540,30460,28940,28940,-1520,-4.99,30420,-40,-0.13,28940,28940,1399-10-29
591,خوساز,محورسازان‌ايران‌خودرو,31,495228,4219342560,8960,8520,8520,-440,-4.91,8920,-40,-0.45,8520,8520,1399-10-29
592,كترام,توليدي‌ كاشي‌ تكسرام‌,30,30201,1452366090,50620,48090,48090,-2530,-5.0,50540,-80,-0.16,48090,48090,1399-10-29
593,سرو2,صندوق س سروسودمند مدبران-سهام,30,3000000,3000000,61390,1,1,-61389,-100.0,1,-61389,-100.0,1,1,1399-10-29
594,بساما,بيمه سامان,30,268540,6896644280,27033,25682,25682,-1351,-5.0,26835,-198,-0.73,25682,25682,1399-10-29
595,وگردش,بانك گردشگري,30,199212,4602793260,23819,23105,23105,-714,-3.0,23784,-35,-0.15,23105,23105,1399-10-29
596,اخزا806,اسنادخزانه-م6بودجه98-000519,30,33187,29991986978,902796,901001,903728,932,0.1,903727,931,0.1,901001,906000,1399-10-29
597,تسه9905,امتياز تسهيلات مسكن مرداد99,30,486,250549020,542665,515532,515532,-27133,-5.0,515533,-27132,-5.0,515532,516000,1399-10-29
598,كمنگنز,معادن‌منگنزايران‌,29,6443,691462760,112960,107320,107320,-5640,-4.99,112880,-80,-0.07,107320,107320,1399-10-29
599,نطرين,عطرين نخ قم,29,271768,3403350664,13182,12523,12523,-659,-5.0,13134,-48,-0.36,12523,12523,1399-10-29
600,هجرت,پخش هجرت,29,158267,4888076295,32510,30885,30885,-1625,-5.0,32341,-169,-0.52,30885,30885,1399-10-29
601,غبشهر,صنعتي‌ بهشهر,29,30621,733679160,25220,23960,23960,-1260,-5.0,25200,-20,-0.08,23960,23960,1399-10-29
602,ضفلا1156,اختيارخ فولاد-16000-1399/11/28,29,1422,33144000,40,50,22,-18,-45.0,23,-17,-42.5,14,50,1399-10-29
603,ولتجار,واسپاري تجارت وسرمايه ايرانيان,29,493638,4770517632,9962,9664,9664,-298,-2.99,9887,-75,-0.75,9664,9664,1399-10-29
604,خديزل,بهمن  ديزل,28,40340,1764108540,46032,43731,43731,-2301,-5.0,45944,-88,-0.19,43731,43731,1399-10-29
605,ضپاس1002,اختيارخ وپارس-3000-1399/10/30,28,1148,1148000,7,1,1,-6,-85.71,1,-6,-85.71,1,1,1399-10-29
606,اخزا904,اسنادخزانه-م4بودجه99-011215,28,228337,154758347223,672163,674001,674000,1837,0.27,677763,5600,0.83,674000,678998,1399-10-29
607,بهپاك,صنعتي بهپاك,28,32791,1385616496,44479,42256,42256,-2223,-5.0,44413,-66,-0.15,42256,42256,1399-10-29
608,ثعمرا,عمران و توسعه شاهد,27,88754,1121406790,13299,12635,12635,-664,-4.99,13283,-16,-0.12,12635,12635,1399-10-29
609,نتوس,پشم‌ بافي‌ توس,27,153781,2698087645,18087,17545,17545,-542,-3.0,18012,-75,-0.41,17545,17545,1399-10-29
610,ضفلا1155,اختيارخ فولاد-14000-1399/11/28,27,882,105313000,143,100,100,-43,-30.07,119,-24,-16.78,100,150,1399-10-29
611,اخزا813,اسنادخزانه-م13بودجه98-010219,27,17948,14174332474,789764,789000,789851,87,0.01,789744,-20,0.0,789000,791000,1399-10-29
612,تسه9901,امتياز تسهيلات مسكن فروردين99,27,782,428270132,560774,532736,532736,-28038,-5.0,547660,-13114,-2.34,532736,588812,1399-10-29
613,پارتا,مجتمع‌صنعتي‌آرتاويل‌تاير,26,550962,36670928796,68616,66558,66558,-2058,-3.0,66558,-2058,-3.0,66558,66558,1399-10-29
614,ضسپا1100,اختيارخ خساپا-1600-1399/11/26,26,845,317178000,501,480,350,-151,-30.14,375,-126,-25.15,350,480,1399-10-29
615,پكوير,كوير تاير,26,24308,423445360,18330,17420,17420,-910,-4.96,18320,-10,-0.05,17420,17420,1399-10-29
616,خمحور,توليدمحورخودرو,25,14033,880149760,66020,62720,62720,-3300,-5.0,65960,-60,-0.09,62720,62720,1399-10-29
617,اخزا820,اسنادخزانه-م20بودجه98-020806,25,66996,39795364970,594012,594002,594000,-12,0.0,593996,-16,0.0,593900,595000,1399-10-29
618,ميهن,بيمه ميهن,25,345132,1862332272,5679,5396,5396,-283,-4.98,5668,-11,-0.19,5396,5396,1399-10-29
619,سلار,شركت سيمان لارستان,25,14112,913356864,68128,64722,64722,-3406,-5.0,67964,-164,-0.24,64722,64722,1399-10-29
620,ولبهمن,شركت بهمن ليزينگ,25,63135,531407295,8859,8417,8417,-442,-4.99,8854,-5,-0.06,8417,8417,1399-10-29
621,سخند,صندوق س.سپهرخبرگان نفت-د,25,562650,5665333730,10059,10069,10069,10,0.1,10069,10,0.1,10069,10075,1399-10-29
622,شزنگ,تجهيزنيروي‌زنگان‌,24,3282,814221534,255759,248087,248087,-7672,-3.0,255435,-324,-0.13,248087,248087,1399-10-29
623,ضسپا1101,اختيارخ خساپا-1800-1399/11/26,24,1236,348408000,343,301,271,-72,-20.99,282,-61,-17.78,250,301,1399-10-29
624,غفارس,شير پاستوريزه پگاه فارس,24,653546,7984371482,12859,12217,12217,-642,-4.99,12747,-112,-0.87,12217,12217,1399-10-29
625,فالوم,آلومتك‌,24,470109,19343575023,42419,41147,41147,-1272,-3.0,41147,-1272,-3.0,41147,41147,1399-10-29
626,فسا,پتروشيمي فسا,24,213831,448831269,2163,2099,2099,-64,-2.96,2162,-1,-0.05,2099,2099,1399-10-29
627,تسه9806,امتياز تسهيلات مسكن شهريور98,23,400,208156730,529225,555686,523000,-6225,-1.18,520392,-8833,-1.67,502764,555686,1399-10-29
628,واحيا,م .صنايع و معادن احياء سپاهان,23,130050,23601343950,187091,181479,181479,-5612,-3.0,185266,-1825,-0.98,181479,181479,1399-10-29
629,كپرور,فرآوري زغال سنگ پروده طبس,23,159137,7595927284,50244,47732,47732,-2512,-5.0,49829,-415,-0.83,47732,47732,1399-10-29
630,عيار2,صندوق س. پشتوانه طلاي مفيد,23,230000,230000,24767,1,1,-24766,-100.0,1,-24766,-100.0,1,1,1399-10-29
631,اراد60,مرابحه عام دولتي6-ش.خ0210,23,4405200,4078510368000,925720,925840,925840,120,0.01,925840,120,0.01,925840,925840,1399-10-29
632,فاهواز,نورد و لوله اهواز,22,60427,956982399,16496,15837,15837,-659,-3.99,16478,-18,-0.11,15837,15837,1399-10-29
633,فلامي,لاميران‌,22,10467,492681690,49540,47070,47070,-2470,-4.99,49510,-30,-0.06,47070,47070,1399-10-29
634,اخزا901,اسنادخزانه-م1بودجه99-010621,22,32624,24065449792,738727,740997,737408,-1319,-0.18,737661,-1066,-0.14,736004,740997,1399-10-29
635,كارين,صندوق س نگين سامان-ثابت,22,42097,429720361,10064,10210,10225,161,1.6,10208,144,1.43,10150,10234,1399-10-29
636,قهكمت,قندهكمتان‌,21,53340,2327224200,45920,43630,43630,-2290,-4.99,45810,-110,-0.24,43630,43630,1399-10-29
637,حسير,ريل سير كوثر,21,41725,682454100,17216,16356,16356,-860,-5.0,17203,-13,-0.08,16356,16356,1399-10-29
638,اخزا809,اسنادخزانه-م9بودجه98-000923,21,32237,27451596659,851500,850000,851806,306,0.04,851556,56,0.01,848002,853000,1399-10-29
639,غمينوح,ح . شركت صنايع غذايي مينو شرق,21,43250,449281000,10934,10388,10388,-546,-4.99,10388,-546,-4.99,10388,10388,1399-10-29
640,سمايه,بانك سرمايه,21,86190,645045960,7715,7484,7484,-231,-2.99,7707,-8,-0.1,7484,7484,1399-10-29
641,ضچاد2001,اختيارخ كچاد-14000-1400/02/05,21,1050,5275500000,7500,5500,5000,-2500,-33.33,5024,-2476,-33.01,5000,5500,1399-10-29
642,پرداخت,به پرداخت ملت,21,11782,398585060,35610,33830,33830,-1780,-5.0,35600,-10,-0.03,33830,33830,1399-10-29
643,آگاس2,صندوق س.هستي بخش آگاه-س,21,2700000,2700000,60920,1,1,-60919,-100.0,1,-60919,-100.0,1,1,1399-10-29
644,ضپاس1000,اختيارخ وپارس-2000-1399/10/30,21,608,282182000,545,550,456,-89,-16.33,464,-81,-14.86,442,550,1399-10-29
645,ثروتم,صندوق س. ثروت آفرين پارسيان-س,20,18270,1421406000,80701,77800,77800,-2901,-3.59,77800,-2901,-3.59,77800,77800,1399-10-29
646,كيان2,صندوق س. با درآمد ثابت كيان,20,2000000,2000000,26763,1,1,-26762,-100.0,1,-26762,-100.0,1,1,1399-10-29
647,هفارس912,اختيارف ت فارس-14576-99/12/13,20,347185,1618923655,4158,4663,4663,505,12.15,4663,505,12.15,4663,4663,1399-10-29
648,وكادو,تكادو,20,52891,1278798598,25450,24178,24178,-1272,-5.0,25362,-88,-0.35,24178,24178,1399-10-29
649,زپارس,ملي كشت و صنعت و دامپروري پارس,20,65903,8093547430,129270,122810,122810,-6460,-5.0,128110,-1160,-0.9,122810,122810,1399-10-29
650,وبهمن,سرمايه‌گذاري‌بهمن‌,20,11287,257004990,23960,22770,22770,-1190,-4.97,23950,-10,-0.04,22770,22770,1399-10-29
651,تسه9808,امتياز تسهيلات مسكن آبان98,19,546,281880144,543435,516264,516264,-27171,-5.0,516264,-27171,-5.0,516264,516264,1399-10-29
652,سباقر,سيمان باقران,19,28838,517094178,18485,17931,17931,-554,-3.0,18470,-15,-0.08,17931,17931,1399-10-29
653,زعف0008پ08,زعفران0008نگين روستا(پ),19,11877,1483450418,123990,125000,125000,1010,0.81,124901,911,0.73,124000,125499,1399-10-29
654,ضصاد1100,اختيارخ وبصادر-2500-1399/11/12,19,514,55360000,144,95,105,-39,-27.08,108,-36,-25.0,90,125,1399-10-29
655,تسه9809,امتياز تسهيلات مسكن آذر98,19,231,116953178,532916,506300,506271,-26645,-5.0,506291,-26625,-5.0,506271,507000,1399-10-29
656,كفرآور,فرآورده هاي سيمان شرق,19,527103,12041140932,23550,22844,22844,-706,-3.0,23099,-451,-1.92,22844,22844,1399-10-29
657,زفكاح,ح . كشت و دامداري فكا,18,35593,363404530,10747,10210,10210,-537,-5.0,10210,-537,-5.0,10210,10210,1399-10-29
658,ركيش,كارت اعتباري ايران كيش,18,131290,3232359800,25910,24620,24620,-1290,-4.98,25820,-90,-0.35,24620,24620,1399-10-29
659,ضصاد1102,اختيارخ وبصادر-3500-1399/11/12,18,1290,4180000,4,4,5,1,25.0,3,-1,-25.0,2,5,1399-10-29
660,اخزا812,اسنادخزانه-م12بودجه98-001111,18,13599,11336789434,833245,874907,833563,318,0.04,833649,404,0.05,830007,874907,1399-10-29
661,تسه9811,امتياز تسهيلات مسكن بهمن98,18,322,165711308,541707,514622,514622,-27085,-5.0,514631,-27076,-5.0,514622,515000,1399-10-29
662,ضپاس2001,اختيارخ وپارس-2500-1400/02/29,18,802,401796000,532,600,500,-32,-6.02,501,-31,-5.83,500,600,1399-10-29
663,ضغدر1119,اختيارخ وغدير-10000-1399/11/26,17,150,83995000,733,500,450,-283,-38.61,560,-173,-23.6,450,700,1399-10-29
664,اتكاي,بيمه اتكايي ايرانيان,17,23893,347571471,15312,14547,14547,-765,-5.0,15306,-6,-0.04,14547,14547,1399-10-29
665,ضخود2008,اختيارخ خودرو-3500-1400/02/08,17,393,68661000,215,170,168,-47,-21.86,175,-40,-18.6,168,190,1399-10-29
666,اخزا713,اسنادخزانه-م13بودجه97-000518,17,105890,95931579700,901200,902010,909000,7800,0.87,905955,4755,0.53,902010,909000,1399-10-29
667,سخواف,سيمان مجد خواف,16,17953,381878263,21928,21271,21271,-657,-3.0,21915,-13,-0.06,21271,21271,1399-10-29
668,اطلس2,صندوق س.توسعه اندوخته آينده-س,16,160000,160000,191759,1,1,-191758,-100.0,1,-191758,-100.0,1,1,1399-10-29
669,حبندر,دريايي و کشتيراني خط دريابندر,16,7946,237354966,30794,29871,29871,-923,-3.0,30783,-11,-0.04,29871,29871,1399-10-29
670,كقزوي,شيشه‌ قزوين‌,16,28675,325948725,11718,11367,11367,-351,-3.0,11712,-6,-0.05,11367,11367,1399-10-29
671,بمپنا,توليد برق عسلويه  مپنا,16,106381,9106639124,90109,85604,85604,-4505,-5.0,89200,-909,-1.01,85604,85604,1399-10-29
672,تسه9805,امتياز تسهيلات مسكن مرداد98,16,156,80320021,514545,529000,510000,-4545,-0.88,514872,327,0.06,510000,529000,1399-10-29
673,غمهرا,توليدي‌مهرام‌,15,1564,115454480,77700,73820,73820,-3880,-4.99,77690,-10,-0.01,73820,73820,1399-10-29
674,وسرمد,بيمه  سرمد,15,135722,1034065918,7854,7619,7619,-235,-2.99,7841,-13,-0.17,7619,7619,1399-10-29
675,داريك,صندوق س.اعتماد داريك-د,15,8619,87976841,10192,10230,10229,37,0.36,10207,15,0.15,10150,10230,1399-10-29
676,قلرست,قند لرستان‌,15,36302,1192883720,34580,32860,32860,-1720,-4.97,34540,-40,-0.12,32860,32860,1399-10-29
677,اخزا814,اسنادخزانه-م14بودجه98-010318,15,134069,104352102788,779951,778105,778116,-1835,-0.24,778346,-1605,-0.21,778105,779900,1399-10-29
678,ضچاد2003,اختيارخ كچاد-18000-1400/02/05,14,48,110693000,2601,2400,2399,-202,-7.77,2306,-295,-11.34,2250,2400,1399-10-29
679,اخزا810,اسنادخزانه-م10بودجه98-001006,14,11941,10090046816,844361,844327,845510,1149,0.14,844992,631,0.07,844327,846000,1399-10-29
680,اخزا721,اسنادخزانه-م21بودجه97-000728,14,128610,112450911236,873811,877990,871600,-2211,-0.25,874356,545,0.06,871014,877990,1399-10-29
681,غاذر,كشت‌وصنعت‌پياذر,14,108084,5859233640,57060,54210,54210,-2850,-4.99,56710,-350,-0.61,54210,54210,1399-10-29
682,زعف0008پ09,زعفران0008نگين نوين(پ),14,6716,840638600,124226,124010,125000,774,0.62,125170,944,0.76,124009,127000,1399-10-29
683,حپارسا,توسعه حمل و نقل ريلي پارسيان,14,264037,9826136955,39173,37215,37215,-1958,-5.0,38759,-414,-1.06,37215,37215,1399-10-29
684,سكارون,سيمان كارون,14,1522,343125768,232416,225444,225444,-6972,-3.0,232290,-126,-0.05,225444,225444,1399-10-29
685,اخزا807,اسنادخزانه-م7بودجه98-000719,13,6076,5327452130,876828,876004,877009,181,0.02,876802,-26,0.0,876004,877009,1399-10-29
686,كتوكاح,ح.توليدي وخدمات صنايع نسوزتوكا,13,68047,1639048089,25354,24087,24087,-1267,-5.0,24087,-1267,-5.0,24087,24087,1399-10-29
687,قجام,فرآوردههاي غذايي وقندتربت‌جام‌,13,8502,142918620,17329,16810,16810,-519,-2.99,17325,-4,-0.02,16810,16810,1399-10-29
688,كاردان2,صندوق س تجارت شاخصي كاردان,13,1300000,1300000,135880,1,1,-135879,-100.0,1,-135879,-100.0,1,1,1399-10-29
689,اراد50,مرابحه عام دولت5-ش.خ0302,13,315000,315000000000,1000000,1000000,1000000,0,0.0,1000000,0,0.0,1000000,1000000,1399-10-29
690,گوهر2,صندوق سكه طلاي كيان,13,130000,130000,50493,1,1,-50492,-100.0,1,-50492,-100.0,1,1,1399-10-29
691,ضجار2003,اختيارخ وتجارت-3000-1400/02/22,13,526,131544000,317,250,250,-67,-21.14,250,-67,-21.14,250,252,1399-10-29
692,قپيرا,فرآورده‌هاي‌غدايي‌وقندپيرانشهر,13,5916,663834360,118110,112210,112210,-5900,-5.0,118030,-80,-0.07,112210,112210,1399-10-29
693,كساپا,سايپاشيشه‌,12,9970,401591600,42390,40280,40280,-2110,-4.98,42370,-20,-0.05,40280,40280,1399-10-29
694,وآتوس,س.آرين توسكا قيمت اسمي 350ريال,12,6824,337726584,51021,49491,49491,-1530,-3.0,50994,-27,-0.05,49491,49491,1399-10-29
695,ضچاد2000,اختيارخ كچاد-12000-1400/02/05,11,130,930001000,8907,7500,7001,-1906,-21.4,7154,-1753,-19.68,7000,7500,1399-10-29
696,ثتران,سرمايه گذاري مسكن تهران,11,28036,135357808,5082,4828,4828,-254,-5.0,5081,-1,-0.02,4828,4828,1399-10-29
697,حخزر,كشتيراني درياي خزر,11,16068,406134768,26606,25276,25276,-1330,-5.0,26595,-11,-0.04,25276,25276,1399-10-29
698,تسه9804,امتياز تسهيلات مسكن تير98,11,117,59458320,534931,508200,508185,-26746,-5.0,508191,-26740,-5.0,508185,508200,1399-10-29
699,كيسون,شركت كيسون,11,65253,964439340,15237,14780,14780,-457,-3.0,15222,-15,-0.1,14780,14780,1399-10-29
700,جهرم,پتروشيمي جهرم,10,79027,177494642,2315,2246,2246,-69,-2.98,2314,-1,-0.04,2246,2246,1399-10-29
701,اخزا804,اسنادخزانه-م4بودجه98-000421,10,14497,13328078521,916031,917000,919401,3370,0.37,919368,3337,0.36,917000,919500,1399-10-29
702,سهرمز,سيمان‌هرمزگان‌,10,9316,226751440,25620,24340,24340,-1280,-5.0,25610,-10,-0.04,24340,24340,1399-10-29
703,اشاد1,مشاركت دولتي1-شرايط خاص001026,10,121800,121441000000,995000,995000,1000000,5000,0.5,997053,2053,0.21,995000,1000000,1399-10-29
704,نگين,ص.س. زمين و ساختمان نگين شهرري,9,8504,404279120,47530,47530,48230,700,1.47,47540,10,0.02,47530,48230,1399-10-29
705,پست0008پ08,پسته فندقي32-30مه ولات0008(پ),9,67,82123423,1280963,1220001,1300000,19037,1.49,1225723,-55240,-4.31,1214461,1300000,1399-10-29
706,ضبدر1159,اختيارخ شبندر-16000-1399/11/19,9,60,134404000,3674,2500,2050,-1624,-44.2,2240,-1434,-39.03,2050,2500,1399-10-29
707,داراب,پتروشيمي داراب,9,79159,195443571,2545,2469,2469,-76,-2.99,2544,-1,-0.04,2469,2469,1399-10-29
708,كهرام,توليدي گرانيت بهسرام,8,1132,98618708,89813,87119,87119,-2694,-3.0,89799,-14,-0.02,87119,87119,1399-10-29
709,سفاسي,شركت فارسيت اهواز,8,25245,418738815,17100,16587,16587,-513,-3.0,17089,-11,-0.06,16587,16587,1399-10-29
710,هاباد912,اختيارف ت آبادا-30100-99/12/12,8,1533,19492095,12075,12715,12715,640,5.3,12715,640,5.3,12715,12715,1399-10-29
711,تملي805,تسهيلات مسكن ب. ملي-مرداد98,8,142,77384960,522088,548192,548192,26104,5.0,544964,22876,4.38,510000,548192,1399-10-29
712,هجرتح,ح . پخش هجرت,8,16580,418976600,26600,25270,25270,-1330,-5.0,25270,-1330,-5.0,25270,25270,1399-10-29
713,ضملت1130,اختيارخ وبملت-8000-1399/11/28,7,601,602000,3,1,2,-1,-33.33,1,-2,-66.67,1,2,1399-10-29
714,وسيلام,شركت س استان ايلام,7,74856,88330080,1240,1180,1180,-60,-4.84,1240,0,0.0,1180,1180,1399-10-29
715,فنفت,صنايع تجهيزات نفت,7,4294,109660172,26327,25538,25538,-789,-3.0,26322,-5,-0.02,25538,25538,1399-10-29
716,اخزا718,اسنادخزانه-م18بودجه97-000525,7,31529,28419697319,901300,898010,902001,701,0.08,901383,83,0.01,898009,902002,1399-10-29
717,ضملي1148,اختيارخ فملي-10140-1399/11/05,7,34,9964516,427,200,131,-296,-69.32,149,-278,-65.11,131,200,1399-10-29
718,دحاوي,الحاوي,7,8334,99157932,12524,11898,11898,-626,-5.0,12521,-3,-0.02,11898,11898,1399-10-29
719,پلوله,گازلوله‌,7,52000,970892000,19052,18671,18671,-381,-2.0,18976,-76,-0.4,18671,18671,1399-10-29
720,ضفلا1152,اختيارخ فولاد-9000-1399/11/28,7,8,8240000,2800,1030,1030,-1770,-63.21,1030,-1770,-63.21,1030,1030,1399-10-29
721,ضخوز2012,اختيارخ فخوز-10000-1400/02/15,7,242,717117000,4887,2961,2960,-1927,-39.43,2963,-1924,-39.37,2960,3300,1399-10-29
722,تسه9906,امتياز تسهيلات مسكن شهريور99,7,60,33596880,568256,570000,539844,-28412,-5.0,559948,-8308,-1.46,539844,570000,1399-10-29
723,ضمخا1023,اختيارخ اخابر-12000-1399/10/30,7,110,115000,36,2,1,-35,-97.22,1,-35,-97.22,1,2,1399-10-29
724,تصميم2,صندوق س با درآمد ثابت تصميم,7,6500000,6500000,15414,1,1,-15413,-99.99,1,-15413,-99.99,1,1,1399-10-29
725,خعمرا,توسعه و عمران شهرستان نائين,6,34616,791771768,21784,22873,22873,1089,5.0,21825,41,0.19,22873,22873,1399-10-29
726,ضملي1153,اختيارخ فملي-20280-1399/11/05,6,10,86768,1,5,4,3,300.0,4,3,300.0,4,5,1399-10-29
727,كشم0001پ01,كشمش سبز0001خليل آباد(پ),6,225,106885750,490796,466257,515335,24539,5.0,475048,-15748,-3.21,466257,515335,1399-10-29
728,وسيستا,شركت س استان سيستان وبلوچستان,6,56750,43130000,790,760,760,-30,-3.8,790,0,0.0,760,760,1399-10-29
729,رطب0002پ01,رطب مضافتي0002افشارتعاون بم(پ),6,246,51857756,218966,227998,208018,-10948,-5.0,210804,-8162,-3.73,208018,227998,1399-10-29
730,ياقوت2,صندوق س ياقوت آگاه-ثابت,6,25928000,25928000,11792,1,1,-11791,-99.99,1,-11791,-99.99,1,1,1399-10-29
731,ضخود2011,اختيارخ خودرو-5000-1400/02/08,6,385,36828000,117,100,90,-27,-23.08,96,-21,-17.95,82,100,1399-10-29
732,ضملت1129,اختيارخ وبملت-7000-1399/11/28,6,121,3526000,11,5,98,87,790.91,29,18,163.64,5,98,1399-10-29
733,كرونا2,تامين مالي جمعي صرفا اهداي سود,5,855,8550000,10000,10000,10000,0,0.0,10000,0,0.0,10000,10000,1399-10-29
734,وسگيلا,شركت س استان گيلان,5,52515,41486850,830,790,790,-40,-4.82,830,0,0.0,790,790,1399-10-29
735,ضمخا7069,اختيارخ اخابر-18000-1400/07/28,5,5,9300000,1200,1000,2100,900,75.0,1860,660,55.0,1000,2100,1399-10-29
736,ضفلا1157,اختيارخ فولاد-18000-1399/11/28,5,381,1912000,12,12,5,-7,-58.33,5,-7,-58.33,5,12,1399-10-29
737,ولراز,ليزينگ رازي,5,1057,55388914,54022,52402,52402,-1620,-3.0,54017,-5,-0.01,52402,52402,1399-10-29
738,ضصاد3000,اختيارخ وبصادر-1800-1400/03/12,5,110,85000000,850,800,600,-250,-29.41,773,-77,-9.06,600,800,1399-10-29
739,ضمخا2001,اختيارخ اخابر-10000-1400/02/29,5,19,36870000,2822,1960,1700,-1122,-39.76,1941,-881,-31.22,1700,1960,1399-10-29
740,ضپاس2000,اختيارخ وپارس-2000-1400/02/29,5,53,47550000,1004,850,900,-104,-10.36,897,-107,-10.66,850,900,1399-10-29
741,ضترا3000,اختيارخ شتران-6000-1400/03/09,5,67,143400000,1,2200,2160,2159,215900.0,2140,2139,213900.0,2000,2200,1399-10-29
742,دمعيار2,صندوق س. توازن معيار-د,5,31300000,31300000,10125,1,1,-10124,-99.99,1,-10124,-99.99,1,1,1399-10-29
743,وسمازن,س.سهام عدالت استان مازندران,5,47900,45026000,980,940,940,-40,-4.08,980,0,0.0,940,940,1399-10-29
744,وسخراج,شركت س استان خراسان جنوبي,4,10000,21100000,2220,2110,2110,-110,-4.95,2220,0,0.0,2110,2110,1399-10-29
745,شستا992,اجاره تامين اجتماعي-سپهر991226,4,40,40395060,1008636,993004,1020000,11364,1.13,1009876,1240,0.12,993004,1020000,1399-10-29
746,ضترا3001,اختيارخ شتران-7000-1400/03/09,4,18,25200000,1,1400,1400,1399,139900.0,1400,1399,139900.0,1400,1400,1399-10-29
747,ضپيك2008,اختيارخ تاپيكو-9000-00/02/19,4,38,100000000,3659,3000,2600,-1059,-28.94,2632,-1027,-28.07,2600,3000,1399-10-29
748,ضفلا1151,اختيارخ فولاد-8000-1399/11/28,4,50,102498000,2152,2100,2050,-102,-4.74,2050,-102,-4.74,2000,2148,1399-10-29
749,اخزا716,اسنادخزانه-م16بودجه97-000407,4,11890,11001876898,924478,925999,926003,1525,0.16,925305,827,0.09,924650,927000,1399-10-29
750,ضملي3002,اختيارخ فملي-10000-1400/03/02,4,13,26000000,2008,2000,2000,-8,-0.4,2000,-8,-0.4,2000,2000,1399-10-29
751,غپونه,نوش پونه مشهد,4,37492,781820676,21497,20853,20853,-644,-3.0,21471,-26,-0.12,20853,20853,1399-10-29
752,شستا991,اجاره تامين اجتماعي-امين991226,4,43,43262878,1009000,1009999,1009899,899,0.09,1006113,-2887,-0.29,995010,1009999,1399-10-29
753,ضغدر1120,اختيارخ وغدير-12000-1399/11/26,4,120,11110000,229,190,82,-147,-64.19,93,-136,-59.39,82,190,1399-10-29
754,اراد45,مرابحه عام دولت4-ش.خ 0107,4,84500,81858000000,964324,964000,980000,15676,1.63,968734,4410,0.46,964000,980000,1399-10-29
755,خاتم2,صندوق س خاتم ايساتيس پويا-ثابت,3,4500000,4500000,10397,1,1,-10396,-99.99,1,-10396,-99.99,1,1,1399-10-29
756,ضترا1118,اختيارخ شتران-12000-1399/11/14,3,41,218000,19,10,5,-14,-73.68,5,-14,-73.68,3,10,1399-10-29
757,تملي807,تسهيلات مسكن ب. ملي-مهر98,3,60,50019300,793958,833655,833655,39697,5.0,833655,39697,5.0,833655,833655,1399-10-29
758,ضپاس2002,اختيارخ وپارس-3000-1400/02/29,3,12,5451000,522,451,450,-72,-13.79,454,-68,-13.03,450,500,1399-10-29
759,ضمخا1032,اختيارخ اخابر-9000-1399/10/30,3,7,9100000,5000,1300,1300,-3700,-74.0,1300,-3700,-74.0,1300,1300,1399-10-29
760,ساذري,آذريت‌,3,3307,20209077,5820,6111,6111,291,5.0,5820,0,0.0,6111,6111,1399-10-29
761,ضفلا1153,اختيارخ فولاد-10000-1399/11/28,3,9,5146000,1000,550,599,-401,-40.1,572,-428,-42.8,550,599,1399-10-29
762,اخزا805,اسنادخزانه-م5بودجه98-000422,3,1450,1326750000,913710,915000,915000,1290,0.14,915000,1290,0.14,915000,915000,1399-10-29
763,ضملت1125,اختيارخ وبملت-4000-1399/11/28,3,40,9980000,620,200,299,-321,-51.77,249,-371,-59.84,200,299,1399-10-29
764,اراد454,مرابحه عام دولت4-ش.خ 0107,3,5270000,5025876525000,964324,954946,950000,-14324,-1.49,953677,-10647,-1.1,950000,954946,1399-10-29
765,فبستم,صنايع ‌بسته‌بندي‌ مشهد,3,108800,90521600,793,832,832,39,4.92,793,0,0.0,832,832,1399-10-29
766,شرق1400,مشاركت ليزينگ ايران وشرق140010,3,62,62220020,1000076,990001,1010000,9924,0.99,1003549,3473,0.35,990001,1010000,1399-10-29
767,كابگن,توليدي و صنعتي آبگينه‌,3,10067,51895385,5054,5155,5155,101,2.0,5055,1,0.02,5155,5155,1399-10-29
768,ضفار1125,اختيارخ فارس-17826-1399/11/07,3,76,152000,1,1,1,0,0.0,1,0,0.0,1,1,1399-10-29
769,اراد474,مرابحه عام دولت4-ش.خ 0008,2,8874000,8735206203000,980000,984877,983842,3842,0.39,984359,4359,0.44,983842,984877,1399-10-29
770,شستا994,اجاره تامين اجتماعي-نوين991226,2,30,30239980,1005659,1008000,1007999,2340,0.23,1007999,2340,0.23,1007999,1008000,1399-10-29
771,پست0008پ02,پسته فندقي32-30طلاسبززرند0008,2,91,110515951,1378583,1214461,1214461,-164122,-11.91,1214461,-164122,-11.91,1214461,1214461,1399-10-29
772,وسصفا,شركت س استان اصفهان,2,15194,15497880,1070,1020,1020,-50,-4.67,1070,0,0.0,1020,1020,1399-10-29
773,ضسپا1106,اختيارخ خساپا-4000-1399/11/26,2,43,129000,2,3,3,1,50.0,3,1,50.0,3,3,1399-10-29
774,ضپيك2009,اختيارخ تاپيكو-10000-00/02/19,2,6,13800000,2945,2300,2300,-645,-21.9,2300,-645,-21.9,2300,2300,1399-10-29
775,تسه9807,امتياز تسهيلات مسكن مهر98,2,10,5407970,569260,540797,540797,-28463,-5.0,540797,-28463,-5.0,540797,540797,1399-10-29
776,اخزا723,اسنادخزانه-م23بودجه97-000824,2,1520,1311916500,861051,870000,863011,1960,0.23,863103,2052,0.24,863011,870000,1399-10-29
777,اخزا720,اسنادخزانه-م20بودجه97-000324,2,199,184871006,926155,929000,929001,2846,0.31,929000,2845,0.31,929000,929001,1399-10-29
778,وسبوشهر,شركت س استان بوشهر,2,37361,44833200,1260,1200,1200,-60,-4.76,1260,0,0.0,1200,1200,1399-10-29
779,ضمخا1025,اختيارخ اخابر-16000-1399/10/30,2,5,5000,1,1,1,0,0.0,1,0,0.0,1,1,1399-10-29
780,وسكرمان,س.سهام عدالت استان كرمان,2,7600,7448000,1030,980,980,-50,-4.85,1030,0,0.0,980,980,1399-10-29
781,ضمخا7066,اختيارخ اخابر-12000-1400/07/28,2,11,57004000,5000,5000,7004,2004,40.08,5182,182,3.64,5000,7004,1399-10-29
782,صگل1411,ص اجاره گل گهر 1411-3 ماهه 17%,2,45,43200000,958000,960000,960000,2000,0.21,960000,2000,0.21,960000,960000,1399-10-29
783,وسلرستا,شركت س استان لرستان,2,64091,55118260,900,860,860,-40,-4.44,900,0,0.0,860,860,1399-10-29
784,اراد214,مرابحه عام دولت2ش.خ صادرات0212,2,57612000,54245990094000,1000000,941791,941358,-58642,-5.86,941574,-58426,-5.84,941358,941791,1399-10-29
785,ضپاس1005,اختيارخ وپارس-4500-1399/10/30,1,1,1000,1,1,1,0,0.0,1,0,0.0,1,1,1399-10-29
786,ضملي1149,اختيارخ فملي-12168-1399/11/05,1,2,157760,35,40,40,5,14.29,40,5,14.29,40,40,1399-10-29
787,ضگل1150,اختيارخ كگل-12000-1399/11/21,1,1,3600000,4627,3600,3600,-1027,-22.2,3600,-1027,-22.2,3600,3600,1399-10-29
788,وسكرشا,س.سهام عدالت استان كرمانشاه,1,4263,5115600,1260,1200,1200,-60,-4.76,1260,0,0.0,1200,1200,1399-10-29
789,ضگل1142,اختيارخ كگل-16000-1399/11/21,1,1,1400000,2500,1400,1400,-1100,-44.0,1400,-1100,-44.0,1400,1400,1399-10-29
790,صايپا012,صكوك مرابحه سايپا012-3ماهه 16%,1,50,50000050,1000001,1000001,1000001,0,0.0,1000001,0,0.0,1000001,1000001,1399-10-29
791,وسقم,شركت س استان قم,1,7500,10050000,1410,1340,1340,-70,-4.96,1410,0,0.0,1340,1340,1399-10-29
792,ضملي1151,اختيارخ فملي-16224-1399/11/05,1,23,45356,1,1,1,0,0.0,1,0,0.0,1,1,1399-10-29
793,صخود412,ص مرابحه خودرو412- 3ماهه 18%,1,36,35636400,985000,989900,989900,4900,0.5,989900,4900,0.5,989900,989900,1399-10-29
794,ضچاد2004,اختيارخ كچاد-20000-1400/02/05,1,1,1000000,1205,1000,1000,-205,-17.01,1000,-205,-17.01,1000,1000,1399-10-29
795,غيوان,كيوان,1,900,13940100,15336,15489,15489,153,1.0,15336,0,0.0,15489,15489,1399-10-29
796,سپر2,صندوق س سپر سرمايه بيدار- ثابت,1,3000000,3000000,11240,1,1,-11239,-99.99,1,-11239,-99.99,1,1,1399-10-29
797,صمسكن912,ص دين مسكن جنوب-ماهانه16درصد,1,193,9773134,52433,50638,50638,-1795,-3.42,50638,-1795,-3.42,50638,50638,1399-10-29
798,ضملت1123,اختيارخ وبملت-3000-1399/11/28,1,10,7400000,887,740,740,-147,-16.57,740,-147,-16.57,740,740,1399-10-29
799,ضبدر1149,اختيارخ شبندر-28000-1399/11/19,1,1,1000,238,1,1,-237,-99.58,1,-237,-99.58,1,1,1399-10-29
800,پا ر 10,بار پايه روز 10,1,3500,1330000,380,380,380,0,0.0,380,0,0.0,380,380,1399-10-29
801,اروند06,منفعت صبا اروند ملت 14001113,1,1000,1010000000,1010000,1010000,1010000,0,0.0,1010000,0,0.0,1010000,1010000,1399-10-29
802,افران2,صندوق س افرا نماد پايدار-ثابت,1,6300000,6300000,12451,1,1,-12450,-99.99,1,-12450,-99.99,1,1,1399-10-29
803,تملي705,تسهيلات مسكن ب. ملي-مرداد97,1,10,5444410,573095,544441,544441,-28654,-5.0,544441,-28654,-5.0,544441,544441,1399-10-29
804,كمند2,صندوق س. با درآمد ثابت كمند,1,15000000,15000000,10068,1,1,-10067,-99.99,1,-10067,-99.99,1,1,1399-10-29
805,شدوص4,دوده‌ صنعتي‌ پارس‌,1,2372610,78391034400,34140,33040,33040,-1100,-3.22,33040,-1100,-3.22,33040,33040,1399-10-29
806,مصفها012,مشاركت ش اصفهان012-3ماهه20%,1,100,100000000,990000,1000000,1000000,10000,1.01,1000000,10000,1.01,1000000,1000000,1399-10-29
807,افاد744,منفعت دولت7-ش.خاص ساير0204,1,178000,178000000000,1000000,1000000,1000000,0,0.0,1000000,0,0.0,1000000,1000000,1399-10-29
808,عفولاد3,اوراق سلف موازي ورق گرم فولاد,1,10,8274760,826753,827476,827476,723,0.09,827476,723,0.09,827476,827476,1399-10-29
809,اراد41,مرابحه عام دولت4-ش.خ 0006,1,2000,2030260000,1015130,1015130,1015130,0,0.0,1015130,0,0.0,1015130,1015130,1399-10-29
810,افاد74,منفعت دولت7-ش.خاص ساير0204,1,2000,2000000000,1000000,1000000,1000000,0,0.0,1000000,0,0.0,1000000,1000000,1399-10-29
811,زعف0008پ18,زعفران0008نگين بهرامن(پ),1,100,12500000,125167,125000,125000,-167,-0.13,125000,-167,-0.13,125000,125000,1399-10-29
812,اروند05,منفعت صبا اروند لوتوس 14001113,1,2000,2010002000,980001,1005001,1005001,25000,2.55,1005001,25000,2.55,1005001,1005001,1399-10-29
813,اشاد10,مشاركت دولتي10-شرايط خاص001226,1,1000,952000000,942990,952000,952000,9010,0.96,952000,9010,0.96,952000,952000,1399-10-29
814,شستا993,اجاره ت.اجتماعي-كاردان991226,1,10,10049950,1004995,1004995,1004995,0,0.0,1004995,0,0.0,1004995,1004995,1399-10-29
815,ضپنا2000,اختيارخ رمپنا-10000-1400/02/12,1,10,63000000,7100,6300,6300,-800,-11.27,6300,-800,-11.27,6300,6300,1399-10-29
816,تابان01,اجاره تابان تمدن14021206,1,200,172120000,840600,860600,860600,20000,2.38,860600,20000,2.38,860600,860600,1399-10-29
817,ضشنا2001,اختيارخ شپنا-10000-1400/02/27,1,2,2800000,1551,1400,1400,-151,-9.74,1400,-151,-9.74,1400,1400,1399-10-29
818,ضصاد1104,اختيارخ وبصادر-4500-1399/11/12,1,6,6000,2,1,1,-1,-50.0,1,-1,-50.0,1,1,1399-10-29
819,ضگل1149,اختيارخ كگل-10000-1399/11/21,1,1,5000000,7217,5000,5000,-2217,-30.72,5000,-2217,-30.72,5000,5000,1399-10-29
820,افاد52,منفعت دولت5-ش.خاص سپهر0108,1,2000,1990000000,975000,995000,995000,20000,2.05,995000,20000,2.05,995000,995000,1399-10-29
821,صبا1401,اجاره مهندسي صبا نفت14010225,1,2,1825256,912628,912628,912628,0,0.0,912628,0,0.0,912628,912628,1399-10-29
822,ضغدر1121,اختيارخ وغدير-14000-1399/11/26,1,2,228000,413,114,114,-299,-72.4,114,-299,-72.4,114,114,1399-10-29
823,اوصتا4,صندوق انديشه ورزان صباتامين -د,1,23331326,411144626772,17609,17622,17622,13,0.07,17622,13,0.07,17622,17622,1399-10-29
824,اراد43,مرابحه عام دولت4-ش.خ 0205,1,3000,3000000000,980000,1000000,1000000,20000,2.04,1000000,20000,2.04,1000000,1000000,1399-10-29
825,مشير9911,مشاركت شهرداري شيراز-3ماهه16%,1,1400,1358000000,935000,970000,970000,35000,3.74,970000,35000,3.74,970000,970000,1399-10-29
826,اراد35,مرابحه عام دولت3-ش.خ 0103,1,25000,23850000000,954000,954000,954000,0,0.0,954000,0,0.0,954000,954000,1399-10-29
827,صفارس412,صكوك اجاره خليج فارس- 3ماهه16%,1,100,91400000,894000,914000,914000,20000,2.24,914000,20000,2.24,914000,914000,1399-10-29
828,تبريز112,مشاركت شهرداري تبريز-3ماهه18%,1,3000,2835000000,907994,945000,945000,37006,4.08,945000,37006,4.08,945000,945000,1399-10-29
829,اخزا8212,اسنادخزانه-م21بودجه98-020906,1,208000,122803200000,589553,590400,590400,847,0.14,590400,847,0.14,590400,590400,1399-10-29
830,ضفار1123,اختيارخ فارس-13826-1399/11/07,1,100,200000,10,1,1,-9,-90.0,1,-9,-90.0,1,1,1399-10-29
831,زعف0008پ12,زعفران0008پوشالمعمول سحرخيز(پ),1,100,8300900,82000,83009,83009,1009,1.23,83009,1009,1.23,83009,83009,1399-10-29
832,اروند10,منفعت صبا اروند لوتوس 14001222,1,5000,4925000000,981000,985000,985000,4000,0.41,985000,4000,0.41,985000,985000,1399-10-29
833,اراد494,مرابحه عام دولت4-ش.خ 0206,1,120000,115800000000,980000,965000,965000,-15000,-1.53,965000,-15000,-1.53,965000,965000,1399-10-29
834,ضخود2010,اختيارخ خودرو-4500-1400/02/08,1,30,3360000,166,112,112,-54,-32.53,112,-54,-32.53,112,112,1399-10-29
835,ضپاس1004,اختيارخ وپارس-4000-1399/10/30,1,1,1000,1,1,1,0,0.0,1,0,0.0,1,1,1399-10-29
836,ضجار2002,اختيارخ وتجارت-2500-1400/02/22,1,1,500000,502,500,500,-2,-0.4,500,-2,-0.4,500,500,1399-10-29
837,اروند04,منفعت صبا اروند كاردان14001113,1,11,11219989,1020000,1019999,1019999,-1,0.0,1019999,-1,0.0,1019999,1019999,1399-10-29
838,ضپار1126,اختيارخ خپارس-4500-1399/11/19,1,8,4000000,4480,500,500,-3980,-88.84,500,-3980,-88.84,500,500,1399-10-29
839,ضبدر1157,اختيارخ شبندر-20000-1399/11/19,1,3,942000,10100,314,314,-9786,-96.89,314,-9786,-96.89,314,314,1399-10-29
840,پست0008پ04,پسته فندقي32-30سبزدانه0008(پ),1,5,6500000,1270995,1300000,1300000,29005,2.28,1300000,29005,2.28,1300000,1300000,1399-10-29
841,تملي712,تسهيلات مسكن ب. ملي-اسفند97,1,5,5487200,1155200,1097440,1097440,-57760,-5.0,1097440,-57760,-5.0,1097440,1097440,1399-10-29
842,زعف0008پ15,زعفران0008پوشالمعمول طلاسرخ(پ),1,200,16800000,82444,84000,84000,1556,1.89,84000,1556,1.89,84000,84000,1399-10-29
843,تابان02,اجاره تابان لوتوس14021206,1,3000,3060000000,1000000,1020000,1020000,20000,2.0,1020000,20000,2.0,1020000,1020000,1399-10-29
844,افاد73,منفعت دولت7-ش.خاص نوين0204,1,15000,15150000000,1000000,1010000,1010000,10000,1.0,1010000,10000,1.0,1010000,1010000,1399-10-29
845,اخزا722,اسنادخزانه-م22بودجه97-000428,1,100,91600000,915684,916000,916000,316,0.03,916000,316,0.03,916000,916000,1399-10-29
846,ضمخا2002,اختيارخ اخابر-12000-1400/02/29,1,1,1980000,2060,1980,1980,-80,-3.88,1980,-80,-3.88,1980,1980,1399-10-29
847,ضپنا2003,اختيارخ رمپنا-16000-1400/02/12,1,50,160000000,3587,3200,3200,-387,-10.79,3200,-387,-10.79,3200,3200,1399-10-29
848,ضفلا1154,اختيارخ فولاد-12000-1399/11/28,1,1,144000,933,144,144,-789,-84.57,144,-789,-84.57,144,144,1399-10-29
849,پا ر 11,بار پايه روز 11,1,3500,1330000,380,380,380,0,0.0,380,0,0.0,380,380,1399-10-29
850,ضملت1126,اختيارخ وبملت-4500-1399/11/28,1,1,100000,193,100,100,-93,-48.19,100,-93,-48.19,100,100,1399-10-29
851,ضغدر1118,اختيارخ وغدير-9000-1399/11/26,1,10,15000000,1500,1500,1500,0,0.0,1500,0,0.0,1500,1500,1399-10-29
852,وسخوز,شركت س استان خوزستان,1,6000,5580000,970,930,930,-40,-4.12,970,0,0.0,930,930,1399-10-29
