,نماد,نام,تعداد,حجم,ارزش,دیروز,اولین,آخرین معامله - مقدار,آخرین معامله - تغییر,آخرین معامله - درصد,قیمت پایانی - مقدار,قیمت پایانی - تغییر,قیمت پایانی - درصد,کمترین,بیشترین,تاریخ
0,آريا,پليمر آريا ساسول,212106,25725812,3640757510411,144233,142700,148960,4727,3.28,141522,-2711,-1.88,137022,149888,1399-6-15
1,غزر,صنعتي زر ماكارون,188076,16438539,1224639573610,76860,76800,76990,130,0.17,74500,-2360,-3.07,73020,79550,1399-6-15
2,شستا,سرمايه گذاري تامين اجتماعي,178542,496549700,18945206523780,39720,40100,39180,-540,-1.36,38150,-1570,-3.95,37740,40980,1399-6-15
3,آبادا,توليد نيروي برق آبادان,97483,16632625,513896727420,32080,31850,31330,-750,-2.34,30900,-1180,-3.68,30480,33000,1399-6-15
4,خودرو,ايران‌ خودرو,83416,2201302038,8078379385040,3820,3660,3840,20,0.52,3670,-150,-3.93,3630,3850,1399-6-15
5,دارا يكم,صندوق واسطه گري مالي يكم-سهام,79562,19320492,4152405684170,200150,209000,220160,20010,10.0,214920,14770,7.38,208000,220160,1399-6-15
6,فولاد,فولاد مباركه اصفهان,66449,343688943,6317426973660,17610,18150,18490,880,5.0,18380,770,4.37,18000,18490,1399-6-15
7,فملي,ملي‌ صنايع‌ مس‌ ايران‌,64652,312090924,10458826757970,31940,33530,33530,1590,4.98,33510,1570,4.92,32950,33530,1399-6-15
8,سيتا,سرمايه گذاري سيمان تامين,61178,57296823,1406824826090,25480,25100,24210,-1270,-4.98,24550,-930,-3.65,24210,26040,1399-6-15
9,خساپا,سايپا,58191,1652148026,5242192587860,3300,3260,3260,-40,-1.21,3170,-130,-3.94,3140,3400,1399-6-15
10,شصدفح,ح . صنعتي دوده فام,56505,14097837,310348263260,22926,21820,22420,-506,-2.21,22014,-912,-3.98,21780,23390,1399-6-15
11,شاروم,پتروشيمي اروميه,49588,778453,10253004463,12544,13171,13171,627,5.0,12666,122,0.97,13171,13171,1399-6-15
12,ذوب,سهامي ذوب آهن  اصفهان,38748,366388181,2464141398316,6973,7000,6900,-73,-1.05,6725,-248,-3.56,6625,7190,1399-6-15
13,وتجارت,بانك تجارت,37267,1121293115,3646020201920,3110,3190,3260,150,4.82,3250,140,4.5,3150,3260,1399-6-15
14,وبصادر,بانك صادرات ايران,32501,686709053,2437346987270,3410,3460,3580,170,4.99,3550,140,4.11,3440,3580,1399-6-15
15,زملارد,كشاورزي و دامپروري ملارد شير,30797,1814250,52680377250,27655,29037,29037,1382,5.0,29037,1382,5.0,29037,29037,1399-6-15
16,شگويا,پتروشيمي تندگويان,27925,107656228,1814421878935,17592,17100,17050,-542,-3.08,16854,-738,-4.2,16713,17944,1399-6-15
17,گدنا,تهيه توزيع غذاي دنا آفرين فدك,27871,275572,1767794380,6110,6415,6415,305,4.99,6120,10,0.16,6415,6415,1399-6-15
18,بگيلان,توسعه مسير برق گيلان,27689,2150746,75437415950,33405,35075,35075,1670,5.0,35075,1670,5.0,35075,35075,1399-6-15
19,ثبهساز,بهساز كاشانه تهران,26395,26236787,95239536810,3460,3630,3630,170,4.91,3630,170,4.91,3630,3630,1399-6-15
20,وغدير,سرمايه‌گذاري‌غدير(هلدينگ‌,25771,143622152,2462969069580,16460,17280,17280,820,4.98,17150,690,4.19,16460,17280,1399-6-15
21,رافزا,رايان هم افزا,23954,217095,6193503255,27171,28529,28529,1358,5.0,27331,160,0.59,28529,28529,1399-6-15
22,ولپارس,ليزينگ پارسيان,17539,1293977,4955931910,3650,3830,3830,180,4.93,3660,10,0.27,3830,3830,1399-6-15
23,چكاپا,گروه صنايع كاغذ پارس,17058,164406550,1487204221720,9200,8780,9660,460,5.0,9050,-150,-1.63,8740,9660,1399-6-15
24,وخارزم,سرمايه گذاري خوارزمي,16965,181427404,2446407350640,14140,13600,13630,-510,-3.61,13480,-660,-4.67,13440,14290,1399-6-15
25,بجهرم,توسعه مولد نيروگاهي جهرم,15394,111162746,568635843822,5288,5200,5220,-68,-1.29,5115,-173,-3.27,5024,5400,1399-6-15
26,وآيند,بانك  آينده,13994,233038890,6674269004389,29165,28600,28700,-465,-1.59,28640,-525,-1.8,27999,29800,1399-6-15
27,بكام,كارخانجات توليدي شهيد قندي,13709,110227325,972516878900,9120,8670,8650,-470,-5.15,8820,-300,-3.29,8250,9100,1399-6-15
28,بپيوند,برق و انرژي پيوندگستر پارس,12801,918520,17842251000,18500,19425,19425,925,5.0,18814,314,1.7,19425,19425,1399-6-15
29,فخوز,فولاد  خوزستان,12446,59326016,2811376271350,45150,47400,47400,2250,4.98,47390,2240,4.96,46510,47400,1399-6-15
30,تماوند,تامين سرمايه دماوند,12071,216401209,3326172316363,1000,15000,15450,14450,1445.0,15370,14370,1437.0,14670,15450,1399-6-15
31,خبهمن,گروه‌بهمن‌,11393,68799394,2290525815370,34520,34810,33450,-1070,-3.1,33290,-1230,-3.56,32800,36100,1399-6-15
32,اخابر,مخابرات ايران,11075,66582628,1415102325320,22120,22210,21700,-420,-1.9,21250,-870,-3.93,21020,23110,1399-6-15
33,امين,تامين سرمايه امين,10909,4182173,70846010620,16140,16940,16940,800,4.96,16940,800,4.96,16940,16940,1399-6-15
34,فارس,صنايع پتروشيمي خليج فارس,10772,29536340,802414428720,26220,27490,27530,1310,5.0,27170,950,3.62,26300,27530,1399-6-15
35,ونوين,بانك‌اقتصادنوين‌,10765,183146549,854147189620,4840,4710,4750,-90,-1.86,4660,-180,-3.72,4600,4950,1399-6-15
36,وبانك,سرمايه گذاري گروه توسعه ملي,9929,61389040,1284973655630,20600,20810,21630,1030,5.0,20930,330,1.6,20000,21630,1399-6-15
37,تملت,تامين سرمايه بانك ملت,9130,30296736,457709488130,15720,15700,15900,180,1.15,15110,-610,-3.88,14940,16400,1399-6-15
38,فروي,ذوب روي اصفهان,8705,8766339,588480055309,69081,69102,68890,-191,-0.28,67130,-1951,-2.82,65627,72000,1399-6-15
39,ماديرا,صنايع ماشين هاي اداري ايران,8435,15481813,771817329250,49751,51900,51300,1549,3.11,49853,102,0.21,47720,51900,1399-6-15
40,دي,بانك دي,8389,25646449,1303148904157,53418,50748,50748,-2670,-5.0,50812,-2606,-4.88,50748,51874,1399-6-15
41,وپاسار,بانك  پاسارگاد,7426,59922724,634550481180,10440,10570,10960,520,4.98,10590,150,1.44,10240,10960,1399-6-15
42,وملل,اعتباري ملل,7193,110221682,1769356359351,16342,16000,16650,308,1.88,16053,-289,-1.77,15527,16900,1399-6-15
43,ومعادن,توسعه‌معادن‌وفلزات‌,7166,42633601,682421509200,15380,15890,16140,760,4.94,16010,630,4.1,15410,16140,1399-6-15
44,كمند,صندوق س. با درآمد ثابت كمند,6577,307667968,3143177927240,10260,10240,10210,-50,-0.49,10220,-40,-0.39,10190,10270,1399-6-15
45,شسپا,نفت سپاهان,6562,38322961,923047888500,25270,24750,24520,-750,-2.97,24090,-1180,-4.67,24010,25270,1399-6-15
46,غگيلا,شيرپاستوريزه پگاه گيلان,6399,94687,1493498051,15022,15773,15773,751,5.0,15043,21,0.14,15773,15773,1399-6-15
47,وصنعت,سرمايه گذاري توسعه صنعت وتجارت,6215,40727709,419398610490,10690,10410,10550,-140,-1.31,10300,-390,-3.65,10160,11100,1399-6-15
48,ونيكي,سرمايه‌گذاري‌ ملي‌ايران‌,6207,11452974,526203432660,44330,46470,46540,2210,4.99,45940,1610,3.63,43500,46540,1399-6-15
49,كاما,باما,6047,7284125,1489252437260,214690,203960,209000,-5690,-2.65,204450,-10240,-4.77,203960,213550,1399-6-15
50,خگستر,گسترش‌سرمايه‌گذاري‌ايران‌خودرو,5892,67344059,484203784210,7560,7190,7190,-370,-4.89,7190,-370,-4.89,7190,7190,1399-6-15
51,بترانس,ايران‌ ترانسفو,5880,10216715,479666713070,48210,50000,46960,-1250,-2.59,46950,-1260,-2.61,45900,50000,1399-6-15
52,بركت,گروه دارويي بركت,5862,27580645,674508357520,25730,24450,24450,-1280,-4.97,24460,-1270,-4.94,24450,24810,1399-6-15
53,حكشتيح,ح . كشتيراني ج. ا. ا,5831,11563614,472920825510,40780,42500,41930,1150,2.82,40900,120,0.29,38010,44840,1399-6-15
54,زكوثر,سرمايه گذاري كشاورزي كوثر,5807,8196713,210454353100,26690,26110,26060,-630,-2.36,25680,-1010,-3.78,25360,27990,1399-6-15
55,شيران,س. صنايع‌شيميايي‌ايران,5715,10503974,414324029500,38070,39970,39970,1900,4.99,39440,1370,3.6,38230,39970,1399-6-15
56,وزمين,بانك ايران زمين,5655,87505056,1765625090139,19491,20270,20270,779,4.0,20177,686,3.52,19492,20270,1399-6-15
57,ثاختح,ح . بين‌المللي‌توسعه‌ساختمان,5642,76502794,301771916000,3780,3890,4100,320,8.47,3940,160,4.23,3700,4150,1399-6-15
58,آگاس,صندوق س.هستي بخش آگاه-س,5539,3285834,1005498854158,289285,304000,308000,18715,6.47,306010,16725,5.78,299225,317000,1399-6-15
59,ومهان,گروه توسعه مالي مهر آيندگان,5295,14580772,269776130445,18376,18593,19000,624,3.4,18502,126,0.69,17650,19290,1399-6-15
60,غسالم,سالمين‌,5026,22344977,145125978200,6770,6580,6490,-280,-4.14,6490,-280,-4.14,6440,7000,1399-6-15
61,شصدف,صنعتي دوده فام,5006,207335,3910960105,17965,18863,18863,898,5.0,18032,67,0.37,18863,18863,1399-6-15
62,ارفع,شركت آهن و فولاد ارفع,4972,22503291,384853308050,17410,17500,17580,170,0.98,17102,-308,-1.77,16540,18280,1399-6-15
63,ونفت,سرمايه‌گذاري‌ صنعت‌ نفت‌,4933,28675292,463918282810,16970,16500,16370,-600,-3.54,16180,-790,-4.66,16130,16950,1399-6-15
64,كويرح,ح. توليدي فولاد سپيد فراب كوير,4883,19662401,251399158330,11870,13060,13060,1190,10.03,12790,920,7.75,12000,13060,1399-6-15
65,گكوثر,هتل پارسيان كوثر اصفهان,4836,2617962,607350404790,234448,246170,222726,-11722,-5.0,231994,-2454,-1.05,222726,246170,1399-6-15
66,تاصيكو,سرمايه گذاري صدرتامين,4320,23808928,327276330150,13530,13530,14200,670,4.95,13750,220,1.63,13150,14200,1399-6-15
67,آسيا,بيمه آسيا,4307,14046884,445228372260,32830,32000,32750,-80,-0.24,31700,-1130,-3.44,31190,34100,1399-6-15
68,چكارن,كارتن‌ ايران‌,4210,22945478,136217431710,6190,6000,6050,-140,-2.26,5940,-250,-4.04,5890,6380,1399-6-15
69,نوين,بيمه نوين,4110,46243593,359548859122,7417,7787,7785,368,4.96,7775,358,4.83,7500,7787,1399-6-15
70,فرآور,فرآوري‌موادمعدني‌ايران‌,3942,10670207,307741835650,28270,29600,28860,590,2.09,28840,570,2.02,27500,29680,1399-6-15
71,شلرد,كود شيميايي اوره لردگان,3908,31834943,422878018879,13667,13257,13470,-197,-1.44,13283,-384,-2.81,13257,13660,1399-6-15
72,پارسان,گسترش نفت و گاز پارسيان,3875,39256547,1059863748230,25720,27000,27000,1280,4.98,27000,1280,4.98,26490,27000,1399-6-15
73,قثابت,قند ثابت‌ خراسان‌,3748,3449464,372054259240,103870,103870,109060,5190,5.0,107860,3990,3.84,102200,109060,1399-6-15
74,كچاد,معدني‌وصنعتي‌چادرملو,3686,18196596,312397458150,16380,17190,17190,810,4.95,17170,790,4.82,16710,17190,1399-6-15
75,خودكفا,اقتصادي و خودكفايي آزادگان,3627,1742356,256403797615,146129,150510,150512,4383,3.0,147159,1030,0.7,142500,150512,1399-6-15
76,ارزش,صندوق س ارزش آفرين بيدار-سهام,3619,22589805,255687426170,10560,11310,11610,1050,9.94,11320,760,7.2,10860,11610,1399-6-15
77,ومعلم,بيمه معلم,3611,11994760,250669552585,20712,21740,19940,-772,-3.73,20898,186,0.9,19677,21747,1399-6-15
78,كدماح,ح . معدني‌ دماوند,3560,5270094,443839665510,79820,80600,87800,7980,10.0,84220,4400,5.51,80000,87800,1399-6-15
79,قرن,پديده شيمي قرن,3533,3720674,201730852360,53270,54000,55870,2600,4.88,54220,950,1.78,51500,55870,1399-6-15
80,دماوند,توليد نيروي برق دماوند,3501,5017299,285940394247,54381,57100,57100,2719,5.0,56991,2610,4.8,55000,57100,1399-6-15
81,ختوقا,قطعات‌ اتومبيل‌ ايران‌,3457,30007994,158887023690,5550,5280,5280,-270,-4.86,5290,-260,-4.68,5280,5540,1399-6-15
82,كبافق,معادن‌ بافق‌,3354,4953086,208176135290,40440,42460,42460,2020,5.0,42030,1590,3.93,40600,42460,1399-6-15
83,خپارس,پارس‌ خودرو,3340,29259863,355586628500,12750,12120,12120,-630,-4.94,12150,-600,-4.71,12120,12690,1399-6-15
84,هرمز,فولاد هرمزگان جنوب,3314,19490614,225351600978,11709,11420,11900,191,1.63,11562,-147,-1.26,11250,12000,1399-6-15
85,وسينا,بانك سينا,3164,69606544,1031670987100,15600,14820,14820,-780,-5.0,14820,-780,-5.0,14820,14950,1399-6-15
86,تسه9905,امتياز تسهيلات مسكن مرداد99,3019,109199,77303521665,698233,692000,719000,20767,2.97,707914,9681,1.39,690000,729885,1399-6-15
87,والبر,سرمايه‌ گذاري‌ البرز(هلدينگ‌,2950,10690002,212008420880,20630,20210,20290,-340,-1.65,19830,-800,-3.88,19600,21300,1399-6-15
88,كرازي,كارخانجات‌توليدي‌شيشه‌رازي‌,2934,11547698,248276763730,20610,21000,21640,1030,5.0,21500,890,4.32,20700,21640,1399-6-15
89,تنوين,تامين سرمايه نوين,2917,24108354,260704495520,11290,11010,10950,-340,-3.01,10810,-480,-4.25,10730,11500,1399-6-15
90,فسپا,گروه‌صنعتي‌سپاهان‌,2900,7745858,453206695350,60850,60800,57810,-3040,-5.0,58510,-2340,-3.85,57810,62900,1399-6-15
91,قنيشا,قند  نيشابور,2870,4848396,499551786230,108110,108110,104400,-3710,-3.43,103030,-5080,-4.7,102710,108110,1399-6-15
92,فرابورس,فرابورس ايران,2861,4153184,202957757117,51276,48800,48880,-2396,-4.67,48868,-2408,-4.7,48713,52300,1399-6-15
93,بورس,بورس اوراق بهادار تهران,2767,2566127,238555656130,94820,94010,93760,-1060,-1.12,92960,-1860,-1.96,90700,99480,1399-6-15
94,فسازان,غلتك سازان سپاهان,2762,6604850,255162829360,38580,38420,40000,1420,3.68,38630,50,0.13,37000,40100,1399-6-15
95,رانفور,خدمات‌انفورماتيك‌,2750,7284810,233658491500,33450,32010,32700,-750,-2.24,32070,-1380,-4.13,31780,33300,1399-6-15
96,حكشتي,كشتيراني جمهوري اسلامي ايران,2672,4490239,259176595080,60750,57720,57720,-3030,-4.99,57720,-3030,-4.99,57720,57720,1399-6-15
97,شپلي,پلي اكريل ايران,2637,40864299,416742331753,10486,10172,10200,-286,-2.73,10198,-288,-2.75,10172,10500,1399-6-15
98,سرچشمه,سرمايه گذاري مس سرچشمه,2626,16836200,169254328228,10326,10600,10315,-11,-0.11,10053,-273,-2.64,9810,10700,1399-6-15
99,شپديس,پتروشيمي پرديس,2613,7786022,833161411970,102010,107100,107110,5100,5.0,107010,5000,4.9,101990,107110,1399-6-15
100,ثاخت,بين‌المللي‌توسعه‌ساختمان,2577,23878900,138651127640,6100,5800,5800,-300,-4.92,5810,-290,-4.75,5800,6000,1399-6-15
101,تاصيكوح,ح . سرمايه گذاري صدرتامين,2542,12039585,138776790220,10850,11900,11940,1090,10.05,11530,680,6.27,10120,11940,1399-6-15
102,غنوش,نوش‌ مازندران‌,2523,4862763,498063358040,107690,102310,102310,-5380,-5.0,102420,-5270,-4.89,102310,107000,1399-6-15
103,وسكاب,س.ص.بازنشستگي كاركنان بانكها,2520,19388155,144282475880,7220,7570,7580,360,4.99,7440,220,3.05,7180,7580,1399-6-15
104,وسبحان,سرمايه گذاري سبحان,2475,13621077,141660223557,10626,10702,10650,24,0.23,10400,-226,-2.13,10100,11020,1399-6-15
105,كرمان,س. توسعه و عمران استان كرمان,2473,4581225,502756583102,113778,110000,108090,-5688,-5.0,109743,-4035,-3.55,108090,118440,1399-6-15
106,كگهر,سنگ آهن گهرزمين,2463,2655468,116581439536,42994,43290,45143,2149,5.0,43858,864,2.01,42854,45143,1399-6-15
107,كلر,كلر پارس,2425,1183415,91890200073,81388,78410,79800,-1588,-1.95,77648,-3740,-4.6,77319,83849,1399-6-15
108,هاي وب,داده گسترعصرنوين-هاي وب,2419,8184195,283491927770,36390,34580,34580,-1810,-4.97,34640,-1750,-4.81,34580,35890,1399-6-15
109,رمپنا,گروه مپنا (سهامي عام),2419,16149931,581983696560,37880,35990,36300,-1580,-4.17,36040,-1840,-4.86,35990,36900,1399-6-15
110,البرز,بيمه البرز,2417,8149640,131839144570,16030,16480,16280,250,1.56,16180,150,0.94,15230,16830,1399-6-15
111,شغدير,پتروشيمي غدير,2371,5651043,224441993799,41287,41310,40741,-546,-1.32,39717,-1570,-3.8,39223,41500,1399-6-15
112,رتاپ,تجارت الكترونيك  پارسيان,2262,9286902,122431348450,13630,13630,13600,-30,-0.22,13180,-450,-3.3,12950,14310,1399-6-15
113,كنور,توسعه معدني و صنعتي صبانور,2236,5248241,255996422450,46630,47000,48960,2330,5.0,48780,2150,4.61,46600,48960,1399-6-15
114,حريل,ريل پردازسير,2177,17675417,95552068087,5681,5397,5430,-251,-4.42,5406,-275,-4.84,5397,5680,1399-6-15
115,غويتا,ويتانا,2125,8089895,508357321452,60094,60900,63098,3004,5.0,62839,2745,4.57,60500,63098,1399-6-15
116,لوتوس,تامين سرمايه لوتوس پارسيان,2101,11326368,188315845090,16520,16520,17320,800,4.84,16630,110,0.67,15800,17340,1399-6-15
117,وساخت,سرمايه‌ گذاري‌ ساختمان‌ايران‌,2096,3528369,175712902300,49230,50050,49760,530,1.08,49800,570,1.16,47200,51690,1399-6-15
118,غپينو,پارس‌ مينو,2085,11398321,86215801820,7900,7610,7510,-390,-4.94,7560,-340,-4.3,7510,7900,1399-6-15
119,فولاژ,فولاد آلياژي ايران,2027,4425338,123587171450,26930,26250,28270,1340,4.98,27930,1000,3.71,26250,28270,1399-6-15
120,وتوكا,سرمايه‌گذاري‌توكافولاد(هلدينگ,2027,16010603,201242572820,13180,12530,12900,-280,-2.12,12570,-610,-4.63,12530,13130,1399-6-15
121,نوري,پتروشيمي نوري,1983,1859025,298038479320,152700,160330,160330,7630,5.0,160320,7620,4.99,160090,160330,1399-6-15
122,سرو,صندوق س سروسودمند مدبران-سهام,1957,1921434,127899195260,62430,66100,68450,6020,9.64,66560,4130,6.62,65000,68500,1399-6-15
123,طلا,صندوق س.پشتوانه طلاي لوتوس,1931,882296,95910585397,111452,111652,107001,-4451,-3.99,108706,-2746,-2.46,106050,111940,1399-6-15
124,وصندوق,سرمايه‌گذاري‌صندوق‌بازنشستگي‌,1893,18431330,353089581420,18500,19260,19420,920,4.97,19160,660,3.57,18240,19420,1399-6-15
125,اعتلاح,ح سرمايه گذاري اعتلاء البرز,1877,6073078,52880390354,3578,9000,9000,5422,151.54,8707,5129,143.35,8550,9300,1399-6-15
126,فباهنر,مس‌ شهيدباهنر,1875,2004425,118182088290,60220,58250,59000,-1220,-2.03,58960,-1260,-2.09,57210,63230,1399-6-15
127,اتكام,شركت بيمه اتكايي امين,1825,8854421,76182825437,8372,8680,8790,418,4.99,8604,232,2.77,8210,8790,1399-6-15
128,وخاور,بانك خاورميانه,1824,9325279,95006367000,9890,10380,10380,490,4.95,10190,300,3.03,9400,10380,1399-6-15
129,همراه,شركت ارتباطات سيار ايران,1806,7829741,382653370330,51010,50110,48460,-2550,-5.0,48870,-2140,-4.2,48460,51010,1399-6-15
130,زنجان,صنايع كشاورزي وكود زنجان,1785,14999602,126731931989,8697,8438,8460,-237,-2.73,8449,-248,-2.85,8437,8700,1399-6-15
131,كترام,توليدي‌ كاشي‌ تكسرام‌,1783,4719350,105655510980,23430,22260,22380,-1050,-4.48,22390,-1040,-4.44,22260,23430,1399-6-15
132,وپست,پست بانك ايران,1753,7756292,112057417470,14670,15370,14810,140,0.95,14450,-220,-1.5,13950,15370,1399-6-15
133,كگل,معدني و صنعتي گل گهر,1736,9342391,186193852630,18990,19930,19930,940,4.95,19930,940,4.95,19930,19930,1399-6-15
134,ولشرق,ليزينگ ايران و شرق,1732,25853433,281345385584,11418,10848,10990,-428,-3.75,10882,-536,-4.69,10848,11400,1399-6-15
135,امين يكم,صندوق درآمد ثابت امين يكم فردا,1713,46923564,499434804400,10630,10650,10650,20,0.19,10640,10,0.09,10610,10670,1399-6-15
136,فاسمين,كالسيمين‌,1686,6906200,454460063750,69180,65730,65730,-3450,-4.99,65800,-3380,-4.89,65730,69900,1399-6-15
137,اعتماد,صندوق س.اعتماد آفرين پارسيان-د,1675,57006440,1835522130990,32184,32197,32197,13,0.04,32199,15,0.05,32195,32222,1399-6-15
138,ميدكو,هلدينگ صنايع  معدني خاورميانه,1675,8742311,198186982453,22543,22550,22900,357,1.58,22670,127,0.56,22300,23299,1399-6-15
139,وسديد,گروه ‌صنعتي‌سديد,1671,9271643,258618872347,28743,27881,27881,-862,-3.0,27894,-849,-2.95,27881,28685,1399-6-15
140,سامان,بانك سامان,1666,31039441,489404001152,16084,15602,15602,-482,-3.0,15767,-317,-1.97,15602,16500,1399-6-15
141,وهور,مديريت انرژي اميد  تابان هور,1661,7173649,351920494645,46775,48000,49113,2338,5.0,49057,2282,4.88,47242,49113,1399-6-15
142,شاراك,پتروشيمي شازند,1661,6535387,147843567840,21820,22110,22910,1090,5.0,22620,800,3.67,22110,22910,1399-6-15
143,قشرين,قند شيرين خراسان,1626,10314326,256714468550,24182,24907,24907,725,3.0,24889,707,2.92,24650,24907,1399-6-15
144,فخاس,فولاد خراسان,1617,2226037,90120485360,40160,39070,41490,1330,3.31,40450,290,0.72,39040,42000,1399-6-15
145,وآوا,سرمايه گذاري آوا نوين,1576,4368708,65953449707,15827,15036,15280,-547,-3.46,15097,-730,-4.61,15036,15800,1399-6-15
146,وپترو,سرمايه‌گذاري صنايع پتروشيمي‌,1564,4876084,88135941700,18160,17800,18600,440,2.42,18080,-80,-0.44,17260,19040,1399-6-15
147,سيمرغ,سيمرغ,1563,3713379,78393714960,22160,21060,21250,-910,-4.11,21110,-1050,-4.74,21060,22160,1399-6-15
148,ختورح,ح . رادياتور ايران‌,1555,3119705,77496693770,24460,24990,25900,1440,5.89,24840,380,1.55,23300,26490,1399-6-15
149,وايران,ليزينگ ايرانيان,1547,10154755,135712724700,14000,13300,13300,-700,-5.0,13360,-640,-4.57,13300,14350,1399-6-15
150,شخارك,پتروشيمي‌ خارك‌,1524,4192984,171991247690,39110,39990,41060,1950,4.99,41020,1910,4.88,39200,41060,1399-6-15
151,تيپيكو,سرمايه گذاري دارويي تامين,1498,1421914,77588965140,52630,55260,55200,2570,4.88,54210,1580,3.0,52630,55260,1399-6-15
152,وسپه,سرمايه‌گذاري‌ سپه‌,1496,5325574,84731203570,15180,15930,15930,750,4.94,15910,730,4.81,15260,15930,1399-6-15
153,كالا,بورس كالاي ايران,1489,2730428,125858081390,48480,46060,46060,-2420,-4.99,46090,-2390,-4.93,46060,47000,1399-6-15
154,وتوسم,سرمايه‌گذاري‌توسعه‌ملي‌,1473,6120491,82799523090,13220,13260,13880,660,4.99,13530,310,2.34,13220,13880,1399-6-15
155,پارس,پتروشيمي پارس,1468,1018596,139262799190,132300,134590,138910,6610,5.0,136720,4420,3.34,133570,138910,1399-6-15
156,فزرين,زرين معدن آسيا,1463,7252347,160174758065,23180,22021,22070,-1110,-4.79,22086,-1094,-4.72,22021,23800,1399-6-15
157,عيار,صندوق س. پشتوانه طلاي مفيد,1422,1253421,44954415767,36824,37435,35200,-1624,-4.41,35865,-959,-2.6,35000,37435,1399-6-15
158,وبيمه,سرمايه‌ گذاري‌ صنعت‌ بيمه‌,1409,12129564,92316780600,7260,7620,7620,360,4.96,7610,350,4.82,7330,7620,1399-6-15
159,اطلس,صندوق س.توسعه اندوخته آينده-س,1407,342495,69670855390,191196,197000,205999,14803,7.74,203422,12226,6.39,196000,208000,1399-6-15
160,ريشمك,توليد و صادرات ريشمك,1403,3251328,117068660571,37871,35978,36530,-1341,-3.54,36006,-1865,-4.92,35978,36764,1399-6-15
161,آتيمس,صندوق س.آرمان آتيه درخشان مس-س,1402,585015,148771114656,243043,247000,259010,15967,6.57,254303,11260,4.63,247000,264950,1399-6-15
162,دعبيد,لابراتوارداروسازي‌  دكترعبيدي‌,1394,1190499,41098717790,35860,34080,35000,-860,-2.4,34980,-880,-2.45,34070,37500,1399-6-15
163,پرديس,سرمايه گذاري پرديس,1393,7010582,71795531450,10750,10230,10370,-380,-3.53,10240,-510,-4.74,10220,10800,1399-6-15
164,ولصنم,ليزينگ‌صنعت‌ومعدن‌,1382,7386793,98932200500,12770,13400,13400,630,4.93,13390,620,4.86,13110,13400,1399-6-15
165,واميد,گروه مديريت سرمايه گذاري اميد,1374,2868891,122607139420,41460,43500,43530,2070,4.99,42730,1270,3.06,41500,43530,1399-6-15
166,كهمدا,شيشه‌ همدان‌,1361,2435692,62757765310,26930,25590,25900,-1030,-3.82,25770,-1160,-4.31,25590,27100,1399-6-15
167,واتي,سرمايه‌ گذاري‌ آتيه‌ دماوند,1299,8100900,124103209240,16060,15260,15770,-290,-1.81,15320,-740,-4.61,15260,16060,1399-6-15
168,سفارس,سيمان فارس و خوزستان,1284,6194129,121633788020,20600,19570,19570,-1030,-5.0,19640,-960,-4.66,19570,20760,1399-6-15
169,كحافظ,كاشي‌ وسراميك‌ حافظ‌,1280,4085507,60673395220,15380,14920,14620,-760,-4.94,14850,-530,-3.45,14620,16000,1399-6-15
170,شكلر,نيروكلر,1272,1966312,97271187760,47170,49520,49520,2350,4.98,49470,2300,4.88,48610,49520,1399-6-15
171,ثپرديسح,ح.سرمايه گذاري مسكن پرديس,1268,3066476,28226301151,9033,8800,9484,451,4.99,9205,172,1.9,8582,9484,1399-6-15
172,ثقزوي,شركت عمران و سازندگي قزوين,1267,8711994,166944515280,19002,19572,19200,198,1.04,19163,161,0.85,18432,19572,1399-6-15
173,شپاكسا,پاكسان‌,1245,2593604,80789471070,29950,31250,31440,1490,4.97,31150,1200,4.01,29950,31440,1399-6-15
174,فايرا,آلومينيوم‌ايران‌,1218,5314767,117436339020,23240,22080,22080,-1160,-4.99,22100,-1140,-4.91,22080,22510,1399-6-15
175,غگل,گلوكوزان‌,1217,6564051,55269309420,8860,8420,8420,-440,-4.97,8420,-440,-4.97,8420,8420,1399-6-15
176,ثفارس,عمران‌وتوسعه‌فارس‌,1195,6329315,80659764570,13410,12740,12740,-670,-5.0,12740,-670,-5.0,12740,12890,1399-6-15
177,دسانكو,داروسازي سبحان انكولوژي,1149,5165187,110833430341,22475,21510,21800,-675,-3.0,21458,-1017,-4.53,21352,22500,1399-6-15
178,كاريس,صندوق س.سپهر كاريزما-س,1146,976181,215795686208,211356,218000,225997,14641,6.93,221061,9705,4.59,215000,226000,1399-6-15
179,آپ,آسان پرداخت پرشين,1138,3677107,86813659740,24830,23590,23590,-1240,-4.99,23610,-1220,-4.91,23590,24820,1399-6-15
180,فيروزه,صندوق شاخص30 شركت فيروزه- سهام,1125,752845,149070160820,185490,194200,204000,18510,9.98,198010,12520,6.75,190000,204030,1399-6-15
181,غبشهر,صنعتي‌ بهشهر,1121,7863746,195790331780,26190,24890,25000,-1190,-4.54,24900,-1290,-4.93,24890,26190,1399-6-15
182,قچار,فراوردههاي غذايي وقند چهارمحال,1114,500772,89485827200,178282,179000,181970,3688,2.07,178696,414,0.23,169380,184980,1399-6-15
183,ستران,سيمان‌ تهران‌,1109,2034698,99866362870,51510,48940,48940,-2570,-4.99,49080,-2430,-4.72,48940,51900,1399-6-15
184,سپ,پرداخت الكترونيك سامان كيش,1094,2435137,62596925100,26930,26200,25620,-1310,-4.86,25710,-1220,-4.53,25590,28200,1399-6-15
185,سمگا,گروه سرمايه گذاري ميراث فرهنگي,1087,7710806,133312124934,16466,17289,17289,823,5.0,17289,823,5.0,17289,17289,1399-6-15
186,وتوكاح,ح . ‌توكافولاد(هلدينگ‌,1086,2476709,22562818990,8286,9110,9110,824,9.94,9110,824,9.94,9110,9110,1399-6-15
187,بموتو,موتوژن‌,1083,1272403,65323824030,50360,52600,52250,1890,3.75,51340,980,1.95,50100,52600,1399-6-15
188,تاپكيش,تجارت الكترونيك پارسيان كيش,1077,2590481,99189663465,40238,38227,39270,-968,-2.41,38290,-1948,-4.84,38227,39372,1399-6-15
189,قجام,فرآوردههاي غذايي وقندتربت‌جام‌,1076,6043827,137678735443,22236,22903,22903,667,3.0,22780,544,2.45,22000,22903,1399-6-15
190,بايكا,كارخانجات كابلسازي ‌ايران‌,1073,3221475,144935059880,47160,44802,45700,-1460,-3.1,44990,-2170,-4.6,44802,45746,1399-6-15
191,فجر,فولاد اميركبيركاشان,1073,1978646,102943159180,49800,52280,52290,2490,5.0,52030,2230,4.48,50060,52290,1399-6-15
192,پاكشو,گروه صنعتي پاكشو,1059,1264232,74247381850,56650,59390,59420,2770,4.89,58290,1640,2.89,57530,59470,1399-6-15
193,كيميا,معدني كيمياي زنجان گستران,1050,2682289,96017855462,37626,35745,35745,-1881,-5.0,35797,-1829,-4.86,35745,38700,1399-6-15
194,گوهران,سرمايه گذاري توسعه گوهران اميد,1019,4524275,45820132564,9749,10236,10236,487,5.0,10083,334,3.43,9770,10236,1399-6-15
195,دتوزيع,توزيع دارو پخش,1013,700430,41303729059,61978,58880,58880,-3098,-5.0,59366,-2612,-4.21,58880,60360,1399-6-15
196,پكرمان,گروه‌ صنعتي‌ بارز,1013,1961758,43828831010,21580,21500,22650,1070,4.96,22220,640,2.97,21050,22650,1399-6-15
197,كاردان,صندوق س تجارت شاخصي كاردان,1005,487377,97321993110,189830,199400,204990,15160,7.99,199690,9860,5.19,195240,205000,1399-6-15
198,افق ملت,صندوق س در سهام افق ملت,1000,565464,90522405000,151300,157450,161000,9700,6.41,160090,8790,5.81,157450,164000,1399-6-15
199,شگل,گلتاش‌,991,2162038,64923133980,28990,28900,30430,1440,4.97,30030,1040,3.59,28900,30430,1399-6-15
200,جم پيلن,پلي پروپيلن جم - جم پيلن,976,1205155,95873973100,76240,80000,80050,3810,5.0,79550,3310,4.34,77640,80050,1399-6-15
201,تسه9904,امتياز تسهيلات مسكن تير99,971,18263,13099388253,711343,692001,737300,25957,3.65,717264,5921,0.83,692001,744999,1399-6-15
202,شپارسح,ح . بين‌ المللي‌محصولات پارس‌,969,2023324,24191413689,11742,12160,12510,768,6.54,11956,214,1.82,11000,12700,1399-6-15
203,آوا,صندوق س.سهام آواي معيار-س,958,4434645,42363616477,9013,9370,9940,927,10.29,9553,540,5.99,9200,9940,1399-6-15
204,كوير,توليدي فولاد سپيد فراب كوير,954,2517799,43207117330,18030,17130,17130,-900,-4.99,17520,-510,-2.83,17130,17640,1399-6-15
205,وبشهر,توسعه‌ صنايع‌ بهشهر(هلدينگ,953,6669991,121275879090,19100,18200,18150,-950,-4.97,18180,-920,-4.82,18150,18890,1399-6-15
206,شيراز,پتروشيمي‌شيراز,952,1225902,73919285830,58720,61000,61540,2820,4.8,59860,1140,1.94,58000,61540,1399-6-15
207,دامين,داروسازي‌ امين‌,944,2641837,39795608390,15740,14960,15070,-670,-4.26,15180,-560,-3.56,14960,16400,1399-6-15
208,دزهراوي,داروسازي‌زهراوي‌,927,3369069,51551204390,16100,15300,15300,-800,-4.97,15300,-800,-4.97,15300,15450,1399-6-15
209,سيدكو,سرمايه گذاري توسعه صنايع سيمان,923,5106590,43476974530,8900,8900,8730,-170,-1.91,8550,-350,-3.93,8460,8900,1399-6-15
210,مارون,پتروشيمي مارون,923,370506,47493195449,123881,123882,129600,5719,4.62,125856,1975,1.59,123882,130000,1399-6-15
211,شبصير,توليدات پتروشيمي قائد بصير,920,977166,130590320537,133355,133000,135751,2396,1.8,133642,287,0.22,127010,140010,1399-6-15
212,دفارا,داروسازي‌ فارابي‌,913,961229,67379887410,73600,70700,70540,-3060,-4.16,70100,-3500,-4.76,69920,73310,1399-6-15
213,لوتوسح,ح . تامين سرمايه لوتوس پارسيان,913,3749250,46462745520,12010,12650,12980,970,8.08,12390,380,3.16,11900,13100,1399-6-15
214,شوينده,مديريت صنعت شوينده ت.ص.بهشهر,911,1958454,75540567590,40320,38310,38500,-1820,-4.51,38570,-1750,-4.34,38310,40020,1399-6-15
215,بنو,بيمه تجارت نو,876,7989026,159320604569,19070,19990,20023,953,5.0,19942,872,4.57,19220,20023,1399-6-15
216,خمحركه,نيرو محركه‌,874,3173971,37325898960,12370,11760,11760,-610,-4.93,11890,-480,-3.88,11760,11760,1399-6-15
217,قصفها,قنداصفهان‌,869,539102,115659736960,225760,214480,214480,-11280,-5.0,214540,-11220,-4.97,214480,220920,1399-6-15
218,شنفت,نفت‌ پارس‌,859,3429665,243975136760,74810,71110,71070,-3740,-5.0,71140,-3670,-4.91,71070,74810,1399-6-15
219,كفرآور,فرآورده هاي سيمان شرق,857,5994993,112068581908,18400,18900,17952,-448,-2.43,18694,294,1.6,17848,18952,1399-6-15
220,سخوز,سيمان خوزستان,855,4005786,74159369060,19040,18400,18870,-170,-0.89,18510,-530,-2.78,18090,19990,1399-6-15
221,شرانل,نفت ايرانول,853,1203277,32685479883,27771,27120,27800,29,0.1,27365,-406,-1.46,26500,28500,1399-6-15
222,بكاب,صنايع‌جوشكاب‌يزد,835,336890,45409568660,132820,126180,139460,6640,5.0,134580,1760,1.33,126180,139460,1399-6-15
223,ثشاهد,سرمايه‌ گذاري‌ شاهد,834,669391,38851453640,61090,58040,58040,-3050,-4.99,59820,-1270,-2.08,58040,58040,1399-6-15
224,كاوه,فولاد كاوه جنوب كيش,820,5176219,102178563060,18800,19740,19740,940,5.0,19710,910,4.84,19740,19740,1399-6-15
225,دارو,كارخانجات‌داروپخش‌,815,1362707,77998981540,55480,58250,58250,2770,4.99,57240,1760,3.17,54700,58250,1399-6-15
226,دتوليد,داروسازي توليد دارو,811,1113574,50568027330,47796,45407,45407,-2389,-5.0,45411,-2385,-4.99,45407,45704,1399-6-15
227,مرقام,ايران‌ارقام‌,808,1767247,57001340290,33500,32000,31830,-1670,-4.99,32250,-1250,-3.73,31830,33500,1399-6-15
228,سباقر,سيمان باقران,808,3182068,48759667291,15137,15050,15430,293,1.94,15323,186,1.23,14690,15591,1399-6-15
229,وكار,بانك‌ كارآفرين‌,804,4013399,58668748910,14630,14500,14700,70,0.48,14620,-10,-0.07,13920,15290,1399-6-15
230,پارسيان,بيمه پارسيان,802,7071843,106564480510,15830,15190,15250,-580,-3.66,15070,-760,-4.8,15040,15700,1399-6-15
231,آكورد,صندوق س. آرمان آتي كوثر-د,801,5840713,166008795364,28423,28430,28438,15,0.05,28423,0,0.0,28356,28459,1399-6-15
232,فاما,صنعتي‌ آما,790,1710752,35754222490,21970,20900,21030,-940,-4.28,21170,-800,-3.64,20880,21870,1399-6-15
233,فاراك,ماشين‌ سازي‌ اراك‌,782,6121603,79948135180,13740,13060,13060,-680,-4.95,13060,-680,-4.95,13060,13060,1399-6-15
234,صايند,صندوق س. گنجينه آينده روشن-د,780,25275080,252967156800,10026,10012,10016,-10,-0.1,10009,-17,-0.17,9990,10041,1399-6-15
235,واحيا,م .صنايع و معادن احياء سپاهان,749,2319643,511137072531,213943,220361,220361,6418,3.0,220352,6409,3.0,215040,220361,1399-6-15
236,زشگزا,شير و گوشت زاگرس شهركرد,748,433907,48208325445,112689,112689,111000,-1689,-1.5,111138,-1551,-1.38,107110,118000,1399-6-15
237,غشهداب,كشت و صنعت شهداب ناب خراسان,747,7992869,53911901405,6424,6745,6745,321,5.0,6745,321,5.0,6745,6745,1399-6-15
238,شسينا,صنايع‌شيميايي‌سينا,747,138136,61255343700,456020,433220,456000,-20,0.0,443440,-12580,-2.76,433220,477500,1399-6-15
239,وساپا,سرمايه‌گذاري‌ سايپا,746,3146020,45648750200,15270,14510,14510,-760,-4.98,14710,-560,-3.67,14510,14510,1399-6-15
240,ولساپا,ليزينگ رايان‌ سايپا,744,6601721,37563792490,5980,5690,5690,-290,-4.85,5750,-230,-3.85,5690,5690,1399-6-15
241,اپرداز,آتيه داده پرداز,738,2709940,82146792863,31816,30226,30300,-1516,-4.76,30313,-1503,-4.72,30226,31893,1399-6-15
242,حتايد,تايدواترخاورميانه,729,4286389,104872286890,25720,24440,24440,-1280,-4.98,24470,-1250,-4.86,24440,25000,1399-6-15
243,فخاسح,ح . فولاد خراسان,723,912949,29618574940,29910,32500,32900,2990,10.0,32440,2530,8.46,30080,32900,1399-6-15
244,بفجر,فجر انرژي خليج فارس,718,3283399,86162930070,25010,25700,26260,1250,5.0,26240,1230,4.92,25600,26260,1399-6-15
245,دجابر,داروسازي‌ جابرابن‌حيان‌,715,2175120,105233524600,50800,48260,48260,-2540,-5.0,48380,-2420,-4.76,48260,52000,1399-6-15
246,داوه,داروسازي آوه سينا,708,1154666,24819444344,22607,21477,21490,-1117,-4.94,22026,-581,-2.57,21477,22500,1399-6-15
247,بالبر,كابل‌ البرز,707,2172832,61228707020,27150,26200,28500,1350,4.97,28180,1030,3.79,25830,28500,1399-6-15
248,حآسا,آسيا سير ارس,704,2089962,28630870031,14417,13697,13700,-717,-4.97,13984,-433,-3.0,13697,14300,1399-6-15
249,خراسان,پتروشيمي خراسان,698,1004027,84001984010,83270,83500,85500,2230,2.68,83670,400,0.48,80170,86960,1399-6-15
250,سهگمت,سيمان‌هگمتان‌,698,4547961,93132740410,21510,20460,21000,-510,-2.37,20480,-1030,-4.79,20440,21400,1399-6-15
251,پرداخت,به پرداخت ملت,698,1449848,65383439400,44330,42210,46050,1720,3.88,45100,770,1.74,42120,46540,1399-6-15
252,ثشرقح,ح. سرمايه گذاري مسكن شمال شرق,695,1615390,7844131360,4670,4750,4950,280,6.0,4860,190,4.07,4680,5100,1399-6-15
253,بزاگرسح,ح . نيروگاه زاگرس كوثر,693,5220441,54168725994,10919,10374,10374,-545,-4.99,10376,-543,-4.97,10374,10500,1399-6-15
254,وكادو,تكادو,687,3936661,91461415200,24413,23200,23193,-1220,-5.0,23233,-1180,-4.83,23193,23900,1399-6-15
255,ثنظام,س. ساختماني نظام مهندسي ايران,680,987726,50436813607,49001,51450,51451,2450,5.0,51064,2063,4.21,48000,51451,1399-6-15
256,وبوعلي,سرمايه‌گذاري‌بوعلي‌,676,3873347,40980011260,11130,10580,10580,-550,-4.94,10660,-470,-4.22,10580,10580,1399-6-15
257,زفكا,كشت و دامداري فكا,676,829157,35505546668,44891,42700,44210,-681,-1.52,43350,-1541,-3.43,42647,44890,1399-6-15
258,درهآور,دارويي ره آورد تامين,676,749718,26287059953,36869,35200,35026,-1843,-5.0,35870,-999,-2.71,35026,36800,1399-6-15
259,ودي,بيمه  دي,675,4873282,122659047422,26464,25142,25141,-1323,-5.0,25170,-1294,-4.89,25141,26423,1399-6-15
260,شفن,پتروشيمي فناوران,661,183819,47722007020,254710,255600,266000,11290,4.43,257080,2370,0.93,255600,266900,1399-6-15
261,شفارس,صنايع‌ شيميايي‌ فارس‌,660,1640162,69564957970,44370,42700,42230,-2140,-4.82,42410,-1960,-4.42,42160,44170,1399-6-15
262,چدن,توليدي چدن سازان,657,1581968,54392264600,36110,34310,34310,-1800,-4.98,34380,-1730,-4.79,34310,36010,1399-6-15
263,شساخت,مهندسي و ساختمان صنايع نفت,656,2807384,133125771799,48728,48000,47267,-1461,-3.0,47420,-1308,-2.68,47267,50189,1399-6-15
264,تسه9902,امتياز تسهيلات مسكن ارديبهشت99,653,7052,5054311467,701689,681000,716000,14311,2.04,716720,15031,2.14,681000,730000,1399-6-15
265,غالبر,لبنيات‌ كالبر,642,4198481,65577281310,16050,15350,15250,-800,-4.98,15620,-430,-2.68,15250,16500,1399-6-15
266,وپويا,سرمايه گذاري پويا,640,827668,11593145676,14744,14007,14007,-737,-5.0,14564,-180,-1.22,14007,14007,1399-6-15
267,كمنگنز,معادن‌منگنزايران‌,638,286732,27743175270,100820,96200,97980,-2840,-2.82,98470,-2350,-2.33,95780,102900,1399-6-15
268,سجام,مجتمع سيمان غرب آسيا,632,5119484,68472989824,13423,13423,13285,-138,-1.03,13375,-48,-0.36,13021,13500,1399-6-15
269,كرماشا,صنايع پتروشيمي كرمانشاه,630,1588835,60137404750,36050,37850,37850,1800,4.99,37850,1800,4.99,37850,37850,1399-6-15
270,وآرين,شركت توسعه اقتصادي آرين,629,7955954,48871739191,6463,6140,6140,-323,-5.0,6143,-320,-4.95,6140,6380,1399-6-15
271,غدام,خوراك‌  دام‌ پارس‌,620,1294243,158874129200,116940,122780,122780,5840,4.99,122750,5810,4.97,120010,122780,1399-6-15
272,خصدرا,صنعتي‌ دريايي‌ ايران‌,614,5965008,42429101904,7487,7113,7113,-374,-5.0,7274,-213,-2.84,7113,7113,1399-6-15
273,ساينا,صنايع بهداشتي ساينا,609,195847,33433866881,165562,173599,173300,7738,4.67,168903,3341,2.02,165001,173800,1399-6-15
274,سخاش,سيمان‌خاش‌,597,222049,18439863660,84390,87460,82790,-1600,-1.9,83890,-500,-0.59,80600,87460,1399-6-15
275,ولملت,واسپاري ملت,595,4709734,65333664290,14480,13760,13760,-720,-4.97,13870,-610,-4.21,13760,14900,1399-6-15
276,دانا,بيمه دانا,592,2225730,19545811340,9240,8780,8780,-460,-4.98,9050,-190,-2.06,8780,8900,1399-6-15
277,حبندر,دريايي و کشتيراني خط دريابندر,586,1393423,37195339021,26053,26834,26830,777,2.98,26694,641,2.46,25272,26834,1399-6-15
278,فلامي,لاميران‌,580,281611,34128802770,127230,121140,120870,-6360,-5.0,122900,-4330,-3.4,120870,127220,1399-6-15
279,توريل,توکاريل,580,3014323,56608985940,19768,18780,18780,-988,-5.0,18780,-988,-5.0,18780,18780,1399-6-15
280,فروس,فروسيليس‌ ايران‌,566,1260944,34653710820,28910,27470,27470,-1440,-4.98,27870,-1040,-3.6,27470,28000,1399-6-15
281,مبين,مبين انرژي خليج فارس,563,5384703,130148271510,23020,24170,24170,1150,5.0,24170,1150,5.0,24170,24170,1399-6-15
282,ولبهمن,شركت بهمن ليزينگ,562,4450368,50735106414,11983,11384,11384,-599,-5.0,11400,-583,-4.87,11384,11889,1399-6-15
283,خديزل,بهمن  ديزل,559,989038,43620654671,45474,45470,43630,-1844,-4.06,44242,-1232,-2.71,43201,46420,1399-6-15
284,دسبحاح,ح .گروه دارويي سبحان,556,742439,12045963880,16160,16880,16440,280,1.73,16220,60,0.37,16150,16880,1399-6-15
285,پارند,صندوق س. پارند پايدار سپهر,555,9467473,113242856350,12000,11980,11970,-30,-0.25,11960,-40,-0.33,11920,12040,1399-6-15
286,دالبر,البرزدارو,550,1310740,29286224240,23490,22320,22350,-1140,-4.85,22780,-710,-3.02,22320,22620,1399-6-15
287,بذر,صندوق س بذر اميد آفرين-سهام,547,428483,52924807030,120000,120100,125900,5900,4.92,123520,3520,2.93,120100,128500,1399-6-15
288,شپاس,نفت پاسارگاد,544,1256756,32418130521,27074,26010,25870,-1204,-4.45,26204,-870,-3.21,25721,27074,1399-6-15
289,كاسپينح,ح .داروسازي كاسپين تامين,544,871450,17299805496,20671,20010,19862,-809,-3.91,19852,-819,-3.96,19638,21280,1399-6-15
290,فسرب,ملي‌ سرب‌وروي‌ ايران‌,542,385177,54352132010,146870,146870,139530,-7340,-5.0,141110,-5760,-3.92,139530,153980,1399-6-15
291,پخش,پخش البرز,540,1270601,47022170864,38584,37586,36680,-1904,-4.93,37039,-1545,-4.0,36655,38440,1399-6-15
292,تسه9903,امتياز تسهيلات مسكن خرداد99,538,4013,2889836124,710414,680000,720013,9599,1.35,720119,9705,1.37,680000,739300,1399-6-15
293,حخزر,كشتيراني درياي خزر,526,1837411,59667780066,34126,32420,33300,-826,-2.42,32474,-1652,-4.84,32420,34120,1399-6-15
294,رنيك,جنرال مكانيك,523,2868251,86815786171,31855,30263,30263,-1592,-5.0,30268,-1587,-4.98,30263,31328,1399-6-15
295,واحصا,احياء صنايع خراسان,522,863986,14517747302,17178,16410,18036,858,4.99,16900,-278,-1.62,16320,18036,1399-6-15
296,آساس,صندوق س.آسمان آرماني سهام-س,519,340515,56587919117,160552,160500,171320,10768,6.71,166183,5631,3.51,160000,171340,1399-6-15
297,غفارس,شير پاستوريزه پگاه فارس,515,1984771,22265484747,11782,11194,11193,-589,-5.0,11518,-264,-2.24,11193,11410,1399-6-15
298,پكوير,كوير تاير,511,1561417,26091339070,17580,16710,16710,-870,-4.95,17100,-480,-2.73,16710,16750,1399-6-15
299,بخاور,بيمه زندگي خاورميانه,504,6149882,50068880321,7838,7900,8229,391,4.99,8131,293,3.74,7711,8229,1399-6-15
300,زمگسا,كشاورزي‌ ودامپروي‌ مگسال‌,499,756493,24557682930,33990,34200,32310,-1680,-4.94,33200,-790,-2.32,32300,35600,1399-6-15
301,شفا,سرمايه گذاري شفادارو,498,1105673,66166955190,62900,59760,59760,-3140,-4.99,59840,-3060,-4.86,59760,62000,1399-6-15
302,خزاميا,زامياد,487,995203,19814491730,20950,19910,19910,-1040,-4.96,20520,-430,-2.05,19910,19910,1399-6-15
303,كاذر,فرآورده‌هاي‌نسوزآذر,486,2571814,90219235120,36920,35080,35080,-1840,-4.98,35080,-1840,-4.98,35080,35080,1399-6-15
304,غگرجي,بيسكويت‌  گرجي‌,479,330788,14592542760,46300,43990,43990,-2310,-4.99,45630,-670,-1.45,43990,46000,1399-6-15
305,حپارسا,توسعه حمل و نقل ريلي پارسيان,476,838724,33655469339,41088,40020,40010,-1078,-2.62,40426,-662,-1.61,39101,41940,1399-6-15
306,آبين,كشت و صنعت آبشيرين,472,3275378,16429296048,5279,5016,5016,-263,-4.98,5052,-227,-4.3,5016,5016,1399-6-15
307,وسين,بيمه سينا,472,8612869,189139299541,23024,21901,21873,-1151,-5.0,21960,-1064,-4.62,21873,23990,1399-6-15
308,پيزد,مجتمع صنايع لاستيك يزد,466,263003,31301565048,125280,119016,119016,-6264,-5.0,121152,-4128,-3.3,119016,119016,1399-6-15
309,تسه9810,امتياز تسهيلات مسكن دي98,464,7748,5535367046,700097,710001,714000,13903,1.99,714425,14328,2.05,685759,730000,1399-6-15
310,اتكاي,بيمه اتكايي ايرانيان,462,1386923,21482030023,15219,15789,15599,380,2.5,15333,114,0.75,15223,15789,1399-6-15
311,وگستر,گسترش سرمايه گذاري ايرانيان,457,1669554,45899722777,28905,27460,27460,-1445,-5.0,27541,-1364,-4.72,27460,28000,1399-6-15
312,درازك,دارويي‌ رازك‌,457,943456,44144306240,49250,46790,46790,-2460,-4.99,46960,-2290,-4.65,46790,46790,1399-6-15
313,پارند2,صندوق س. پارند پايدار سپهر,456,45600000,45600000,12000,1,1,-11999,-99.99,1,-11999,-99.99,1,1,1399-6-15
314,غدشت,دشت‌ مرغاب‌,454,414539,136616028840,345280,328240,328020,-17260,-5.0,329560,-15720,-4.55,328020,354500,1399-6-15
315,جم,پتروشيمي جم,454,1779414,68881115940,36870,38710,38710,1840,4.99,38080,1210,3.28,38710,38710,1399-6-15
316,شدوص,دوده‌ صنعتي‌ پارس‌,450,960616,21088359750,23090,21940,21940,-1150,-4.98,22590,-500,-2.17,21940,23000,1399-6-15
317,دارا,صندوق س. دارا الگوريتم-د,449,11392366,114713448135,10084,10090,10053,-31,-0.31,10069,-15,-0.15,10050,10090,1399-6-15
318,شتوكا,توكا رنگ فولاد سپاهان,447,504475,18742235775,38361,36650,37700,-661,-1.72,37893,-468,-1.22,36443,38400,1399-6-15
319,رتكو,كنترل‌خوردگي‌تكين‌كو,446,902165,18739248080,21860,20770,20770,-1090,-4.99,21430,-430,-1.97,20770,21000,1399-6-15
320,تسه9706,امتياز تسهيلات مسكن شهريور97,440,4648,3075373137,655621,630000,688402,32781,5.0,661655,6034,0.92,630000,688402,1399-6-15
321,سپاها,سيمان‌سپاهان‌,437,1894199,21044550890,11690,11110,11110,-580,-4.96,11430,-260,-2.22,11110,11110,1399-6-15
322,تايرا,تراكتورسازي‌ايران‌,437,1784350,51587751040,30430,28910,28910,-1520,-5.0,28910,-1520,-5.0,28910,29000,1399-6-15
323,وآذر,سرمايه‌گذاري‌توسعه‌آذربايجان‌,436,375309,52528880730,146520,139200,139200,-7320,-5.0,139960,-6560,-4.48,139200,149540,1399-6-15
324,ولانا,شركت ليزينگ آريا دانا,435,656772,18946642484,29379,29900,28498,-881,-3.0,28867,-512,-1.74,28498,29900,1399-6-15
325,خفولا,خدمات فني فولاد يزد,428,1427898,42236416182,28781,29644,29644,863,3.0,29579,798,2.77,28013,29644,1399-6-15
326,گوهر,صندوق سكه طلاي كيان,424,243013,17138643626,71890,72000,69511,-2379,-3.31,70526,-1364,-1.9,69510,72990,1399-6-15
327,دسبحا,گروه دارويي سبحان,423,833689,15478077810,19280,18400,18700,-580,-3.01,19050,-230,-1.19,18350,19800,1399-6-15
328,پتاير,ايران‌ تاير,423,288841,28563486490,104090,98890,98890,-5200,-5.0,100960,-3130,-3.01,98890,98890,1399-6-15
329,غمارگ,مارگارين‌,421,1137301,38984036910,35940,34220,34150,-1790,-4.98,34580,-1360,-3.78,34150,35940,1399-6-15
330,غشوكوح,ح . شوكو پارس,419,721582,16931609666,23342,23580,24042,700,3.0,23465,123,0.53,22642,24300,1399-6-15
331,كمرجان,بازرگاني و توليدي مرجان كار,418,504641,21866513507,44283,42350,44200,-83,-0.19,43857,-426,-0.96,42350,45800,1399-6-15
332,وصنا,گروه‌صنايع‌بهشهرايران‌,413,1617729,19598173230,12720,12090,12090,-630,-4.95,12470,-250,-1.97,12090,12600,1399-6-15
333,خكرمان,گروه اقتصادي كرمان خودرو,412,5430687,47752030791,9255,8793,8793,-462,-4.99,8793,-462,-4.99,8793,8793,1399-6-15
334,سشرق,سيمان‌ شرق‌,411,2016294,18368438340,9580,9110,9110,-470,-4.91,9400,-180,-1.88,9110,9110,1399-6-15
335,دروز,داروسازي‌ روزدارو,411,604666,13057316910,22360,23440,21650,-710,-3.18,22150,-210,-0.94,21250,23440,1399-6-15
336,كساپا,سايپاشيشه‌,407,1167377,24789936250,22320,21210,21330,-990,-4.44,21750,-570,-2.55,21210,22000,1399-6-15
337,سهرمز,سيمان‌هرمزگان‌,404,933799,15822221850,17750,16900,16890,-860,-4.85,17480,-270,-1.52,16870,17550,1399-6-15
338,پسهند,صنايع‌ لاستيكي‌  سهند,395,764037,43771584280,59500,57500,57000,-2500,-4.2,57490,-2010,-3.38,56530,60000,1399-6-15
339,ميهن,بيمه ميهن,392,4634262,32875939468,7467,7094,7094,-373,-5.0,7209,-258,-3.46,7094,7117,1399-6-15
340,كي بي سي,شركت كي بي سي,389,647269,25163683178,39803,40007,38990,-813,-2.04,39326,-477,-1.2,37813,41500,1399-6-15
341,سنوين,سرمايه گذاري اقتصاد نوين,383,3965222,47356004574,11731,11965,11965,234,1.99,11943,212,1.81,11497,11965,1399-6-15
342,بكهنوج,توليد برق ماهتاب كهنوج,378,1118500,89411771500,76133,79939,79939,3806,5.0,79939,3806,5.0,79939,79939,1399-6-15
343,دپارس,پارس‌ دارو,378,339670,32784800890,100430,95410,96910,-3520,-3.5,97760,-2670,-2.66,95410,103990,1399-6-15
344,ورنا,سرمايه‌گذاري‌ رنا(هلدينگ‌,368,1891194,25474383180,14170,13470,13470,-700,-4.94,13790,-380,-2.68,13470,13470,1399-6-15
345,غشهد,شهد ايران ‌,367,1391999,12272750690,9270,8810,8810,-460,-4.96,9150,-120,-1.29,8810,9270,1399-6-15
346,دلر,داروسازي‌ اكسير,364,382317,37347428990,94180,92010,98880,4700,4.99,96710,2530,2.69,92010,98880,1399-6-15
347,سبهان,سيمان‌ بهبهان‌,361,183922,10954695130,62410,59290,61190,-1220,-1.95,61760,-650,-1.04,59290,62500,1399-6-15
348,كفرا,فراورده‌ هاي‌ نسوزايران‌,358,606143,26648656810,46270,43960,44470,-1800,-3.89,44980,-1290,-2.79,43960,44740,1399-6-15
349,وپخش,داروپخش‌ (هلدينگ‌,356,131442,16093439610,126690,125000,122600,-4090,-3.23,125270,-1420,-1.12,120360,128990,1399-6-15
350,ياقوت,صندوق س ياقوت آگاه-ثابت,352,11631940,127392834900,10920,10940,10950,30,0.27,10950,30,0.27,10940,10990,1399-6-15
351,تليسه,دامداري تليسه نمونه,347,348971,26805858394,73157,76814,76814,3657,5.0,75024,1867,2.55,76814,76814,1399-6-15
352,فنفت,صنايع تجهيزات نفت,344,1209240,22394711051,19073,18514,18520,-553,-2.9,18520,-553,-2.9,18501,19000,1399-6-15
353,حفارس,حمل و نقل بين المللي خليج فارس,341,2429359,15183493750,6570,6250,6250,-320,-4.87,6470,-100,-1.52,6250,6250,1399-6-15
354,غشصفا,شيرپاستوريزه‌پگاه‌اصفهان‌,339,551859,16548152740,31530,29960,29960,-1570,-4.98,30990,-540,-1.71,29960,32190,1399-6-15
355,دابور,داروسازي‌ ابوريحان‌,337,228026,8951069700,40540,39010,40490,-50,-0.12,40300,-240,-0.59,38700,40530,1399-6-15
356,تسه9707,امتياز تسهيلات مسكن مهر97,336,3900,2773834006,695832,685000,723999,28167,4.05,711239,15407,2.21,685000,724795,1399-6-15
357,تسه9708,امتياز تسهيلات مسكن آبان97,332,3856,2776406840,707134,729984,720800,13666,1.93,720022,12888,1.82,705000,742470,1399-6-15
358,زماهان,مجتمع توليد گوشت مرغ ماهان,332,478472,13620067812,29672,28189,28189,-1483,-5.0,29329,-343,-1.16,28189,30000,1399-6-15
359,مفاخر,توسعه فناوري اطلاعات خوارزمي,327,1630774,66430165786,38928,39990,40874,1946,5.0,40735,1807,4.64,37660,40874,1399-6-15
360,حتوكا,حمل‌ونقل‌توكا,324,974437,18873590470,20280,19270,19270,-1010,-4.98,19920,-360,-1.78,19270,20980,1399-6-15
361,خكار,ايركا پارت صنعت,318,1234920,52323560400,44590,42370,42370,-2220,-4.98,42370,-2220,-4.98,42370,42370,1399-6-15
362,زاگرس,پتروشيمي زاگرس,311,288233,40753263870,134658,141390,141390,6732,5.0,137271,2613,1.94,141390,141390,1399-6-15
363,وثخوز,سرمايه گذاري و توسعه خوزستان,307,498214,19211392203,39270,39000,38092,-1178,-3.0,38576,-694,-1.77,38092,40350,1399-6-15
364,سفانو,سيمان فارس نو,304,577046,16822553160,30480,29700,29100,-1380,-4.53,30010,-470,-1.54,29000,31000,1399-6-15
365,خمحور,توليدمحورخودرو,304,867949,57484262270,69710,66230,66230,-3480,-4.99,66230,-3480,-4.99,66230,66230,1399-6-15
366,كماسه,تامين‌ ماسه‌ ريخته‌گري‌,294,118266,8958649500,79730,75750,75750,-3980,-4.99,78980,-750,-0.94,75750,75750,1399-6-15
367,دتماد,توليدمواداوليه‌داروپخش‌,291,354283,14376804140,42710,40580,40580,-2130,-4.99,42070,-640,-1.5,40580,40580,1399-6-15
368,تسه9812,امتياز تسهيلات مسكن اسفند98,289,2719,1952575723,708121,740189,722000,13879,1.96,718123,10002,1.41,677020,740189,1399-6-15
369,تسه9901,امتياز تسهيلات مسكن فروردين99,288,1902,1373545733,711452,700000,720000,8548,1.2,722159,10707,1.5,700000,743000,1399-6-15
370,كيسون,شركت كيسون,284,409997,9417631090,24178,22970,22970,-1208,-5.0,23932,-246,-1.02,22970,22970,1399-6-15
371,ساوه,سيمان ساوه,283,117619,9403991907,84161,79953,79953,-4208,-5.0,83328,-833,-0.99,79953,79953,1399-6-15
372,غديس,پاكديس,278,365271,15499894518,44626,42395,42395,-2231,-5.0,43911,-715,-1.6,42395,44400,1399-6-15
373,وملي,گروه‌ صنعتي‌ ملي‌ (هلدينگ‌,277,18175,11234149250,650640,618110,618110,-32530,-5.0,644660,-5980,-0.92,618110,618110,1399-6-15
374,زپارس,ملي كشت و صنعت و دامپروري پارس,270,279434,24625598320,92710,88080,88080,-4630,-4.99,90340,-2370,-2.56,88080,90000,1399-6-15
375,كسرام,پارس‌ سرام‌,269,82988,9451503320,119880,113890,113890,-5990,-5.0,118690,-1190,-0.99,113890,113890,1399-6-15
376,شپترو,پتروشيمي آبادان,268,4291201,36119038817,8859,8417,8417,-442,-4.99,8417,-442,-4.99,8417,8417,1399-6-15
377,تسه9709,امتياز تسهيلات مسكن آذر97,267,2371,1722066016,706469,739000,727500,21031,2.98,726304,19835,2.81,710500,740000,1399-6-15
378,ولتجار,واسپاري تجارت وسرمايه ايرانيان,267,1274612,9743090216,8032,7631,7631,-401,-4.99,7833,-199,-2.48,7631,7808,1399-6-15
379,زقيام,كشت و دام قيام اصفهان,265,1171307,43107611521,38739,36803,36803,-1936,-5.0,36982,-1757,-4.54,36803,36803,1399-6-15
380,تسه9711,امتياز تسهيلات مسكن بهمن 97,262,1836,1309299993,694274,728987,715000,20726,2.99,713126,18852,2.72,660000,728987,1399-6-15
381,تسه9710,امتياز تسهيلات مسكن دي 97,259,1909,1381967588,701740,736827,718101,16361,2.33,723922,22182,3.16,681000,736827,1399-6-15
382,كسرا,سراميك‌هاي‌صنعتي‌اردكان‌,256,611421,17560011120,30230,28720,28720,-1510,-5.0,29670,-560,-1.85,28720,28720,1399-6-15
383,دفرا,فرآورده‌هاي‌ تزريقي‌ ايران‌,253,480727,13922865540,30320,28810,28810,-1510,-4.98,29920,-400,-1.32,28810,30900,1399-6-15
384,فولاي,صنايع فولاد آلياژي يزد,253,199766,10828715562,57060,54207,54207,-2853,-5.0,56410,-650,-1.14,54207,54207,1399-6-15
385,غپونه,نوش پونه مشهد,251,640430,13871528018,22275,22440,21607,-668,-3.0,21836,-439,-1.97,21607,22440,1399-6-15
386,دشيمي,شيمي‌ داروئي‌ داروپخش‌,249,515014,30217118300,61750,58670,58670,-3080,-4.99,59790,-1960,-3.17,58670,58700,1399-6-15
387,نيرو,نيرو سرمايه,244,548210,35563687680,68282,64868,64868,-3414,-5.0,64872,-3410,-4.99,64868,66233,1399-6-15
388,دبالك,مواد اوليه دارويي البرز بالك,243,547536,11501548091,22099,20995,20995,-1104,-5.0,21834,-265,-1.2,20995,21300,1399-6-15
389,وتوس,توسعه‌شهري‌توس‌گستر,243,684456,26748540480,41130,39080,39080,-2050,-4.98,39980,-1150,-2.8,39080,39080,1399-6-15
390,كساوه,صنايع‌ كاشي‌ و سراميك‌ سينا,238,1380081,57992879780,44230,42020,42020,-2210,-5.0,42020,-2210,-5.0,42020,42040,1399-6-15
391,شپارس,بين‌ المللي‌ محصولات‌  پارس‌,237,422491,7303298900,18160,17260,17260,-900,-4.96,18030,-130,-0.72,17260,17800,1399-6-15
392,وجامي,سرمايه گذاري جامي,236,849315,9718711545,11110,11443,11443,333,3.0,11267,157,1.41,11443,11443,1399-6-15
393,دسبحان,سبحان دارو,236,1217482,29024770880,25090,23840,23840,-1250,-4.98,24330,-760,-3.03,23840,23840,1399-6-15
394,تسه9803,امتياز تسهيلات مسكن خرداد98,234,1664,1212003729,710008,745508,725000,14992,2.11,728368,18360,2.59,700000,745508,1399-6-15
395,خريخت,صنايع‌ريخته‌گري‌ايران‌,234,733630,4482479300,6430,6110,6110,-320,-4.98,6400,-30,-0.47,6110,6110,1399-6-15
396,زشريف,كشت وصنعت شريف آباد,232,261092,7564029426,30493,28969,28969,-1524,-5.0,30251,-242,-0.79,28969,29032,1399-6-15
397,تسه9801,امتياز تسهيلات مسكن فروردين98,231,2104,1505524712,707620,708000,725000,17380,2.46,715554,7934,1.12,695888,743001,1399-6-15
398,اميد,تامين سرمايه اميد,230,2777924,61503237360,23300,22140,22140,-1160,-4.98,22450,-850,-3.65,22140,22140,1399-6-15
399,خمهر,مهركام‌پارس‌,223,845159,8003655730,9960,9470,9470,-490,-4.92,9880,-80,-0.8,9470,9470,1399-6-15
400,دكپسول,توليد ژلاتين كپسول ايران,219,240776,9907029123,43309,41144,41144,-2165,-5.0,42858,-451,-1.04,41144,41218,1399-6-15
401,كيان,صندوق س. با درآمد ثابت كيان,218,968768,24414718090,25170,25220,25200,30,0.12,25200,30,0.12,25150,25300,1399-6-15
402,تسه9712,امتياز تسهيلات مسكن اسفند97,218,1345,959996267,699155,710000,720000,20845,2.98,713752,14597,2.09,664300,733990,1399-6-15
403,تسه9811,امتياز تسهيلات مسكن بهمن98,218,2139,1543039280,706733,742069,720000,13267,1.88,721383,14650,2.07,695500,742069,1399-6-15
404,تسه9802,امتياز تسهيلات مسكن ارديبهشت98,218,1517,1084651001,704119,668914,730000,25881,3.68,714997,10878,1.54,668914,730000,1399-6-15
405,سدبير,س. تدبيرگران فارس وخوزستان,215,624800,17755566400,27065,28418,28418,1353,5.0,27523,458,1.69,28418,28418,1399-6-15
406,فاهواز,نورد و لوله اهواز,212,1383554,31212978240,23500,22560,22560,-940,-4.0,22924,-576,-2.45,22560,22560,1399-6-15
407,اخزا815,اسنادخزانه-م15بودجه98-010406,208,147120,107488687815,730613,732010,730600,-13,0.0,730619,6,0.0,728009,735000,1399-6-15
408,كوثر,بيمه كوثر,208,895063,14295051173,16811,15971,15971,-840,-5.0,16558,-253,-1.5,15971,15971,1399-6-15
409,خرينگ,رينگ‌سازي‌مشهد,206,351964,11086866000,33150,31500,31500,-1650,-4.98,32760,-390,-1.18,31500,31500,1399-6-15
410,ثمسكن,سرمايه‌گذاري‌ مسكن‌,203,1000870,8947777800,9410,8940,8940,-470,-4.99,9320,-90,-0.96,8940,8940,1399-6-15
411,شصفها,پتروشيمي‌ اصفهان‌,202,124197,11822275460,97036,95500,95096,-1940,-2.0,95190,-1846,-1.9,95096,97036,1399-6-15
412,سيستم,همكاران سيستم,198,523825,14256844810,28630,27200,27200,-1430,-4.99,28210,-420,-1.47,27200,28630,1399-6-15
413,سصوفي,سيمان‌ صوفيان‌,196,422209,9343485170,23290,22130,22130,-1160,-4.98,23060,-230,-0.99,22130,22130,1399-6-15
414,تكمبا,كمباين‌ سازي‌ ايران‌,192,1066244,12027232320,11870,11280,11280,-590,-4.97,11720,-150,-1.26,11280,11280,1399-6-15
415,فوكا,فولاد كاويان,191,1336301,29374568582,22897,21982,21982,-915,-4.0,22385,-512,-2.24,21982,21982,1399-6-15
416,خشرق,الكتريك‌ خودرو شرق‌,190,644513,13728126900,22420,21300,21300,-1120,-5.0,22100,-320,-1.43,21300,21300,1399-6-15
417,وليز,ليزينگ‌ايران‌,190,547714,6074148260,11670,11090,11090,-580,-4.97,11600,-70,-0.6,11090,11090,1399-6-15
418,ثجوان,تامين مسكن جوانان,188,943968,9835431946,10930,10391,10384,-546,-5.0,10667,-263,-2.41,10384,11000,1399-6-15
419,سمازن,سيمان‌مازندران‌,188,819631,9073315170,11650,11070,11070,-580,-4.98,11540,-110,-0.94,11070,11070,1399-6-15
420,سلار,شركت سيمان لارستان,188,1138522,35653954952,29825,31316,31316,1491,5.0,31316,1491,5.0,31316,31316,1399-6-15
421,شكف,كف,185,519351,18418783215,34101,35465,35465,1364,4.0,35465,1364,4.0,35465,35465,1399-6-15
422,ثنوسا,نوسازي‌وساختمان‌تهران‌,185,1412877,19723762920,14690,13960,13960,-730,-4.97,14390,-300,-2.04,13960,13960,1399-6-15
423,ثتران,سرمايه گذاري مسكن تهران,185,824869,8137332685,10384,9865,9865,-519,-5.0,10295,-89,-0.86,9865,9865,1399-6-15
424,غشان,شيرپاستوريزه‌پگاه‌خراسان‌,184,161296,10151970240,66250,62940,62940,-3310,-5.0,65540,-710,-1.07,62940,62940,1399-6-15
425,غاذر,كشت‌وصنعت‌پياذر,184,287123,22817664810,75690,79470,79470,3780,4.99,77330,1640,2.17,79470,79470,1399-6-15
426,صنوين,صندوق سرمايه‌گذاري صنوين-مختلط,184,42366,4887153980,112660,113500,117000,4340,3.85,115360,2700,2.4,113300,117600,1399-6-15
427,اخزا814,اسنادخزانه-م14بودجه98-010318,183,152385,112311191702,738729,739000,737300,-1429,-0.19,737023,-1706,-0.23,735215,739000,1399-6-15
428,غصينو,صنعتي مينو,182,575938,20111754960,36757,34920,34920,-1837,-5.0,36145,-612,-1.66,34920,34920,1399-6-15
429,خاهن,آهنگري‌ تراكتورسازي‌ ايران‌,179,452500,13561425000,31540,29970,29970,-1570,-4.98,31090,-450,-1.43,29970,29970,1399-6-15
430,ثعتما,س. ساختماني اعتماد گستر,179,1137661,29806744950,26981,26172,26172,-809,-3.0,26200,-781,-2.89,26172,26981,1399-6-15
431,دمعيار,صندوق س. توازن معيار-د,178,7501372,75632513453,10080,10080,10077,-3,-0.03,10082,2,0.02,10074,10094,1399-6-15
432,واعتبار,سرمايه گذاري اعتبار ايران,178,1261181,10177730670,8490,8070,8070,-420,-4.95,8400,-90,-1.06,8070,8070,1399-6-15
433,تبرك,گروه كارخانجات صنعتي تبرك,174,323315,10597619070,34503,32778,32778,-1725,-5.0,34118,-385,-1.12,32778,32778,1399-6-15
434,ضجار7036,اختيارخ وتجارت-6500-1399/07/22,173,5945,665596000,104,147,128,24,23.08,112,8,7.69,91,219,1399-6-15
435,بهپاك,صنعتي بهپاك,172,491346,21958744086,47043,44691,44691,-2352,-5.0,45956,-1087,-2.31,44691,44691,1399-6-15
436,تسه9809,امتياز تسهيلات مسكن آذر98,169,2001,1431117448,699512,734487,711500,11988,1.71,715201,15689,2.24,682800,734487,1399-6-15
437,ددام,داروسازي زاگرس فارمد پارس,169,279145,4276501400,16120,15320,15320,-800,-4.96,16050,-70,-0.43,15320,15320,1399-6-15
438,ثباغ,شهر سازي و خانه سازي باغميشه,168,2712806,52831896850,20500,19475,19475,-1025,-5.0,19475,-1025,-5.0,19475,19475,1399-6-15
439,لپارس,پارس‌ الكتريك‌,168,16863,7026643470,438620,416690,416690,-21930,-5.0,435540,-3080,-0.7,416690,416690,1399-6-15
440,نطرين,عطرين نخ قم,167,376072,7600039048,21272,20209,20209,-1063,-5.0,21102,-170,-0.8,20209,20209,1399-6-15
441,دقاضي,داروسازي شهيد قاضي,166,39527,4110869350,103383,100282,101750,-1633,-1.58,103509,126,0.12,100282,106440,1399-6-15
442,تشتاد,صنايع توليدي اشتاد ايران‌,166,495778,6945117182,14162,14584,13738,-424,-2.99,14108,-54,-0.38,13738,14586,1399-6-15
443,سبجنو,سيمان‌ بجنورد,166,159629,5283619180,34820,33080,33560,-1260,-3.62,34630,-190,-0.55,33080,34900,1399-6-15
444,هجرت,پخش هجرت,166,92336,6330203934,72164,68556,68556,-3608,-5.0,71683,-481,-0.67,68556,68610,1399-6-15
445,سپاس,صندوق س. پاداش سهامداري توسعه1,166,4968180,51038151810,10290,10270,10280,-10,-0.1,10270,-20,-0.19,10260,10290,1399-6-15
446,وآرينح,ح. شركت توسعه اقتصادي آرين,162,1676212,6853040155,4207,4081,4270,63,1.5,4088,-119,-2.83,4081,4274,1399-6-15
447,داسوه,داروسازي‌ اسوه‌,160,380126,14505749160,40160,38160,38160,-2000,-4.98,39550,-610,-1.52,38160,38180,1399-6-15
448,ضصاد8024,اختيارخ وبصادر-5500-1399/08/11,160,5811,1691329000,258,385,300,42,16.28,291,33,12.79,264,390,1399-6-15
449,اخزا817,اسنادخزانه-م17بودجه98-010512,160,170027,121856322476,717548,718000,716505,-1043,-0.15,716688,-860,-0.12,711609,719000,1399-6-15
450,داناح,ح . بيمه دانا,159,1086104,6816298240,6030,6630,6200,170,2.82,6280,250,4.15,6200,6630,1399-6-15
451,شكربن,كربن‌ ايران‌,158,156986,11238627740,75350,71590,71590,-3760,-4.99,74460,-890,-1.18,71590,71590,1399-6-15
452,بمپنا,توليد برق عسلويه  مپنا,156,61054,6938478423,119610,113630,113630,-5980,-5.0,118739,-871,-0.73,113630,119849,1399-6-15
453,قشكر,شكرشاهرود,155,388961,21731251070,58810,55870,55870,-2940,-5.0,57460,-1350,-2.3,55870,55870,1399-6-15
454,سرود,سيمان‌شاهرود,154,681963,11960264520,18430,17510,17510,-920,-4.99,18210,-220,-1.19,17510,17700,1399-6-15
455,تسه9808,امتياز تسهيلات مسكن آبان98,153,2166,1561730397,702382,737501,737501,35119,5.0,721020,18638,2.65,675744,737501,1399-6-15
456,زعف9908پ10,زعفران9908نگين طلاي سرخ(پ),148,83428,8207727506,98344,98280,98500,156,0.16,98381,37,0.04,97150,99000,1399-6-15
457,خاور,ايران خودرو ديزل,147,1409320,11283015920,8427,8006,8006,-421,-5.0,8177,-250,-2.97,8006,8006,1399-6-15
458,خاذين,سايپاآذين‌,145,538532,4760622880,9300,8840,8840,-460,-4.95,9250,-50,-0.54,8840,8840,1399-6-15
459,ساروم,سيمان‌اروميه‌,144,465624,12907097280,29170,27720,27720,-1450,-4.97,28780,-390,-1.34,27720,27720,1399-6-15
460,سمايه,بانك سرمايه,142,1358229,14895697443,11544,10967,10967,-577,-5.0,11092,-452,-3.92,10967,10967,1399-6-15
461,بشهاب,لامپ‌  پارس‌ شهاب‌,142,73660,5458959800,78010,74110,74110,-3900,-5.0,77560,-450,-0.58,74110,74150,1399-6-15
462,زكشت,كشاورزي مكانيزه اصفهان كشت,139,200884,7383692304,38690,36756,36756,-1934,-5.0,38389,-301,-0.78,36756,36756,1399-6-15
463,غمينو,شركت صنايع غذايي مينو شرق,138,432827,7378401869,17944,17047,17047,-897,-5.0,17805,-139,-0.77,17047,17047,1399-6-15
464,آسام,صندوق س.آرمان سپهر آشنا-م,136,78090,9247826720,116239,115005,119400,3161,2.72,118425,2186,1.88,115005,119500,1399-6-15
465,ضجار7023,اختيارخ وتجارت-3000-1399/07/22,136,3108,1995227000,569,400,790,221,38.84,642,73,12.83,400,840,1399-6-15
466,شلعاب,لعابيران‌,131,134705,4562458350,35650,33870,33870,-1780,-4.99,35480,-170,-0.48,33870,33870,1399-6-15
467,دكيمي,كيميدارو,130,222123,6742271290,31940,30350,30350,-1590,-4.98,31710,-230,-0.72,30350,30390,1399-6-15
468,اخزا808,اسنادخزانه-م8بودجه98-000817,130,73186,59699498836,815801,816500,815000,-801,-0.1,815723,-78,-0.01,813120,818000,1399-6-15
469,كدما,معدني‌ دماوند,127,292317,32774582040,106790,112120,112120,5330,4.99,110120,3330,3.12,112120,112120,1399-6-15
470,كپرور,فرآوري زغال سنگ پروده طبس,127,172719,7992487197,48709,46274,46274,-2435,-5.0,48299,-410,-0.84,46274,46315,1399-6-15
471,شزنگ,تجهيزنيروي‌زنگان‌,126,138332,11669307856,87202,83714,83714,-3488,-4.0,84357,-2845,-3.26,83714,85485,1399-6-15
472,ديران,ايران‌دارو,126,291790,7714927600,27830,26440,26440,-1390,-4.99,27600,-230,-0.83,26440,26440,1399-6-15
473,بزاگرس,نيروگاه زاگرس كوثر,125,198346,3374460498,17908,17013,17013,-895,-5.0,17844,-64,-0.36,17013,17013,1399-6-15
474,غشاذر,پگاه‌آذربايجان‌غربي‌,124,237522,5360871540,23750,22570,22570,-1180,-4.97,23620,-130,-0.55,22570,22570,1399-6-15
475,الماس,صندوق س.امين تدبيرگران فردا-س,122,44727,5844757112,125845,129000,133736,7891,6.27,130676,4831,3.84,128210,134990,1399-6-15
476,وتوصا,گروه س توسعه صنعتي ايران,121,247493,3949988280,16790,15960,15960,-830,-4.94,16720,-70,-0.42,15960,15960,1399-6-15
477,فلات,گروه صنايع معادن فلات ايرانيان,121,1693217,27155814246,16882,16038,16038,-844,-5.0,16038,-844,-5.0,16038,16038,1399-6-15
478,تصميم,صندوق س با درآمد ثابت تصميم,119,1037027,15136106190,14650,14740,14590,-60,-0.41,14600,-50,-0.34,14560,14740,1399-6-15
479,شفارا,پتروشيمي فارابي,118,983442,5465970636,5850,5558,5558,-292,-4.99,5766,-84,-1.44,5558,5558,1399-6-15
480,خلنت,لنت‌ ترمزايران‌,118,134238,13086864620,102620,97490,97490,-5130,-5.0,101210,-1410,-1.37,97490,97500,1399-6-15
481,وبهمن,سرمايه‌گذاري‌بهمن‌,117,496458,10450440900,22150,21050,21050,-1100,-4.97,21910,-240,-1.08,21050,21050,1399-6-15
482,حپترو,حمل و نقل پتروشيمي( سهامي عام,115,194295,6054395370,32800,31160,31160,-1640,-5.0,32590,-210,-0.64,31160,31170,1399-6-15
483,خزر,فنرسازي‌زر,114,382016,3663533440,10090,9590,9590,-500,-4.96,10050,-40,-0.4,9590,9590,1399-6-15
484,فلوله,لوله‌وماشين‌سازي‌ايران‌,112,267131,7880364500,31050,29500,29500,-1550,-4.99,30790,-260,-0.84,29500,29500,1399-6-15
485,ثروتم,صندوق س. ثروت آفرين پارسيان-س,112,40710,4248548940,102370,103501,105469,3099,3.03,104361,1991,1.94,103005,107000,1399-6-15
486,خكاوه,سايپا ديزل,110,1313337,9456026400,7578,7200,7200,-378,-4.99,7390,-188,-2.48,7200,7200,1399-6-15
487,ثزاگرس,سرمايه گذاري توسعه عمران زاگرس,110,181720,4476003462,25697,24927,24413,-1284,-5.0,25448,-249,-0.97,24413,26467,1399-6-15
488,تسه9806,امتياز تسهيلات مسكن شهريور98,110,1045,750186404,692209,726000,720000,27791,4.01,717882,25673,3.71,693009,726819,1399-6-15
489,زدشت,كشت و صنعت دشت خرم دره,109,560651,32674179629,61346,58279,58279,-3067,-5.0,59236,-2110,-3.44,58279,58279,1399-6-15
490,بپيوند4,برق و انرژي پيوندگستر پارس,109,25961052,480279462000,18500,18500,18500,0,0.0,18500,0,0.0,18500,18500,1399-6-15
491,بسويچ,پارس‌سويچ‌,107,135318,6679296480,51950,49360,49360,-2590,-4.99,51590,-360,-0.69,49360,49360,1399-6-15
492,تكشا,گسترش‌صنايع‌وخدمات‌كشاورزي‌,107,239443,17685259980,77740,73860,73860,-3880,-4.99,76300,-1440,-1.85,73860,73860,1399-6-15
493,ولراز,ليزينگ رازي,107,298393,6413047726,22083,22660,21421,-662,-3.0,21888,-195,-0.88,21421,22660,1399-6-15
494,آريان,سرمايه گذاري پارس آريان,107,5311690,98043174020,19028,18458,18458,-570,-3.0,18458,-570,-3.0,18458,18458,1399-6-15
495,گنجين,صندوق س. گنجينه يكم آويد-د,105,4951704,55522938481,11204,11234,11204,0,0.0,11213,9,0.08,11105,11234,1399-6-15
496,سكرد,سيمان كردستان,104,301028,3488914520,12190,11590,11590,-600,-4.92,12150,-40,-0.33,11590,11590,1399-6-15
497,تسه9807,امتياز تسهيلات مسكن مهر98,101,446,322117680,719995,720000,710000,-9995,-1.39,722237,2242,0.31,684020,749990,1399-6-15
498,ضخود7053,اختيارخ خودرو-3200-1399/07/09,99,3485,2754831000,845,1000,950,105,12.43,790,-55,-6.51,700,1000,1399-6-15
499,سيلامح,ح . سيمان‌ ايلام‌,99,4451998,30325672860,7510,8260,6800,-710,-9.45,6810,-700,-9.32,6800,8260,1399-6-15
500,اخزا818,اسنادخزانه-م18بودجه98-010614,97,88374,62293829426,708061,709630,706000,-2061,-0.29,704889,-3172,-0.45,699622,709630,1399-6-15
501,قشير,قند شيروان قوچان و بجنورد,93,84906,2587849974,32083,30479,30479,-1604,-5.0,31996,-87,-0.27,30479,30479,1399-6-15
502,دسينا,داروسازي‌ سينا,93,122897,4134255080,35410,33640,33640,-1770,-5.0,35260,-150,-0.42,33640,33640,1399-6-15
503,قهكمت,قندهكمتان‌,92,32408,1704336720,55350,52590,52590,-2760,-4.99,55250,-100,-0.18,52590,52590,1399-6-15
504,غبهنوش,بهنوش‌ ايران‌,91,302237,23254114780,80980,76940,76940,-4040,-4.99,79000,-1980,-2.45,76940,76940,1399-6-15
505,لخزر,پارس‌ خزر,91,42858,9816688920,241100,229050,229050,-12050,-5.0,238610,-2490,-1.03,229050,230000,1399-6-15
506,قلرست,قند لرستان‌,90,526195,14869840700,29730,28250,28250,-1480,-4.98,29270,-460,-1.55,28250,29760,1399-6-15
507,بميلا,توسعه بازرگاني آهن وفولادميلاد,90,240178,9823760556,43054,40902,40902,-2152,-5.0,41941,-1113,-2.59,40902,40902,1399-6-15
508,قزوين,كارخانجات‌ قند قزوين‌,90,339650,16975707000,52610,49980,49980,-2630,-5.0,51670,-940,-1.79,49980,49980,1399-6-15
509,سدور,سيمان‌ دورود,90,257683,2417066540,9870,9380,9380,-490,-4.96,9850,-20,-0.2,9380,9380,1399-6-15
510,ساربيل,سيمان آرتا اردبيل,90,66083,7680827090,122340,116230,116230,-6110,-4.99,121350,-990,-0.81,116230,116230,1399-6-15
511,خوساز,محورسازان‌ايران‌خودرو,88,285257,2980935650,11000,10450,10450,-550,-5.0,10970,-30,-0.27,10450,10450,1399-6-15
512,لپيام,گسترش صنايع پيام,88,97553,3137499586,32818,32162,32162,-656,-2.0,32608,-210,-0.64,32162,32162,1399-6-15
513,فنوال,نورد آلومينيوم‌,88,81764,3068602920,39500,37530,37530,-1970,-4.99,39370,-130,-0.33,37530,37530,1399-6-15
514,لابسا,آبسال‌,88,90842,3400216060,39390,37430,37430,-1960,-4.98,39250,-140,-0.36,37430,37430,1399-6-15
515,بالاس,مهندسي ساختمان تاسيسات راه آهن,86,54401,2802957124,54235,51524,51524,-2711,-5.0,54075,-160,-0.3,51524,51524,1399-6-15
516,فيروزا,صندوق بادرآمد ثابت فيروزه آسيا,86,436450,8915235880,20450,20500,20450,0,0.0,20430,-20,-0.1,20380,20550,1399-6-15
517,حسير,ريل سير كوثر,86,407802,11102001648,28656,27224,27224,-1432,-5.0,28321,-335,-1.17,27224,27224,1399-6-15
518,وسخراج,شركت س استان خراسان جنوبي,85,5353561,9743481020,1740,1820,1820,80,4.6,1750,10,0.57,1820,1820,1399-6-15
519,اخزا816,اسنادخزانه-م16بودجه98-010503,84,101885,73388409376,722221,716354,715674,-6547,-0.91,720306,-1915,-0.27,715674,723400,1399-6-15
520,حاريا,كشتيراني آريا,84,624213,12524833845,19481,20065,20065,584,3.0,19836,355,1.82,20065,20065,1399-6-15
521,ختور,رادياتور ايران‌,83,90001,3564939610,41690,39610,39610,-2080,-4.99,41530,-160,-0.38,39610,39610,1399-6-15
522,وبرق,س.کارکنان صنعت برق زنجان وقزوي,83,15282,3409567020,230010,223110,223110,-6900,-3.0,228797,-1213,-0.53,223110,223110,1399-6-15
523,ركيش,كارت اعتباري ايران كيش,83,519541,10837625260,21950,20860,20860,-1090,-4.97,21700,-250,-1.14,20860,20860,1399-6-15
524,بنيرو,نيروترانس‌,83,52409,3860446940,77530,73660,73660,-3870,-4.99,77220,-310,-0.4,73660,73660,1399-6-15
525,پاسا,ايران‌ياساتايرورابر,82,214205,5303715800,26060,24760,24760,-1300,-4.99,25910,-150,-0.58,24760,24760,1399-6-15
526,پلاسك,پلاسكوكار,82,445625,4215612500,9950,9460,9460,-490,-4.92,9910,-40,-0.4,9460,9460,1399-6-15
527,تپولا,مهندسي مرآت پولاد,81,308343,5221172019,16440,16933,16933,493,3.0,16565,125,0.76,16933,16933,1399-6-15
528,اعتلا,شركت سرمايه گذاري اعتلاء البرز,81,386907,5188035963,14114,13409,13409,-705,-5.0,14037,-77,-0.55,13409,13409,1399-6-15
529,اوان,مبين وان كيش,80,62504,3608293416,60767,57729,57729,-3038,-5.0,60536,-231,-0.38,57729,57729,1399-6-15
530,زير0003پ04,زيره سبز0003شركت مينوبذر(پ),79,1729,853023463,438369,477000,495695,57326,13.08,493362,54993,12.54,448487,495695,1399-6-15
531,غمهرا,توليدي‌مهرام‌,78,53391,5733685930,113040,107390,107420,-5620,-4.97,112360,-680,-0.6,107390,107420,1399-6-15
532,اخزا821,اسنادخزانه-م21بودجه98-020906,78,50115,29133347032,581886,582000,585000,3114,0.54,581330,-556,-0.1,573002,588999,1399-6-15
533,اخزا811,اسنادخزانه-م11بودجه98-001013,76,230865,184229112361,798309,796201,798008,-301,-0.04,797995,-314,-0.04,791211,803900,1399-6-15
534,آينده,بازرگاني آينده سازان بهشت پارس,74,498112,11365919616,24018,22818,22818,-1200,-5.0,23300,-718,-2.99,22818,22818,1399-6-15
535,اخزا809,اسنادخزانه-م9بودجه98-000923,72,126106,101519668566,804153,802054,804014,-139,-0.02,805034,881,0.11,802054,807999,1399-6-15
536,شكبير,پتروشيمي اميركبير,72,257939,16214045540,64804,62860,62860,-1944,-3.0,64456,-348,-0.54,62860,62860,1399-6-15
537,كمينا,شيشه سازي مينا,70,563919,23393051877,43666,41483,41483,-2183,-5.0,41483,-2183,-5.0,41483,41483,1399-6-15
538,غپآذر,شير پگاه آذربايجان شرقي,70,45662,2567391612,59185,56226,56226,-2959,-5.0,59025,-160,-0.27,56226,56226,1399-6-15
539,تسه9804,امتياز تسهيلات مسكن تير98,70,453,323043090,706469,673000,710550,4081,0.58,713119,6650,0.94,673000,722000,1399-6-15
540,گپارس,امور رفاهي كارگزاران پارس,70,247438,21362807168,82225,86336,86336,4111,5.0,86336,4111,5.0,86336,86336,1399-6-15
541,آ س پ,آ.س.پ,70,273091,4130501375,15921,15125,15125,-796,-5.0,15852,-69,-0.43,15125,15125,1399-6-15
542,وسرمد,بيمه  سرمد,70,209317,1817080877,8949,8681,8681,-268,-2.99,8924,-25,-0.28,8681,8681,1399-6-15
543,ولغدر,ليزينگ‌خودروغدير,70,156347,2970593000,19990,19000,19000,-990,-4.95,19930,-60,-0.3,19000,19000,1399-6-15
544,ثالوند,سرمايه گذاري مسكن الوند,69,343257,5326318869,16333,15517,15517,-816,-5.0,16242,-91,-0.56,15517,15517,1399-6-15
545,زگلدشت,كشت و دام گلدشت نمونه اصفهان,69,62147,2713027285,45952,43655,43655,-2297,-5.0,45821,-131,-0.29,43655,43655,1399-6-15
546,تسه9805,امتياز تسهيلات مسكن مرداد98,68,425,303016705,696025,690019,720000,23975,3.44,712980,16955,2.44,690019,720000,1399-6-15
547,سدشت,صنايع سيمان دشتستان,68,33597,1181556550,36740,34920,35020,-1720,-4.68,36700,-40,-0.11,34920,35960,1399-6-15
548,غچين,كشت‌ و صنعت‌ چين‌ چين,68,64580,3595814400,58610,55680,55680,-2930,-5.0,58390,-220,-0.38,55680,55680,1399-6-15
549,شمواد,توليد مواداوليه الياف مصنوعي,65,111200,7298612000,67664,65635,65635,-2029,-3.0,66901,-763,-1.13,65635,65635,1399-6-15
550,فبيرا,بسته‌ بندي‌ ايران‌,65,617007,3328752765,5678,5395,5395,-283,-4.98,5628,-50,-0.88,5395,5395,1399-6-15
551,ثپرديس,سرمايه گذاري مسكن پرديس,64,126886,1779576150,14763,14025,14025,-738,-5.0,14735,-28,-0.19,14025,14025,1399-6-15
552,چافست,افست‌,64,206975,5472419000,27830,26440,26440,-1390,-4.99,27670,-160,-0.57,26440,26440,1399-6-15
553,ضچاد7024,اختيارخ كچاد-23300-1399/07/07,63,805,690722000,779,850,878,99,12.71,858,79,10.14,701,1000,1399-6-15
554,ضجار7022,اختيارخ وتجارت-2800-1399/07/22,63,1173,1011026000,650,980,900,250,38.46,862,212,32.62,800,980,1399-6-15
555,اخزا812,اسنادخزانه-م12بودجه98-001111,62,282724,223355799619,789837,790201,790000,163,0.02,790014,177,0.02,782463,792900,1399-6-15
556,كسعدي,كاشي‌ سعدي‌,62,98315,6515335050,69750,66270,66270,-3480,-4.99,69270,-480,-0.69,66270,66270,1399-6-15
557,كهرام,توليدي گرانيت بهسرام,60,392401,20612039728,50027,52528,52528,2501,5.0,52482,2455,4.91,52528,52528,1399-6-15
558,وآتوس,س.آرين توسكا قيمت اسمي 350ريال,60,681023,17850293853,25448,26211,26211,763,3.0,26109,661,2.6,26211,26211,1399-6-15
559,فنرژي,گسترش صنايع انرژي آذرآب,60,274710,3128410757,11620,11389,11388,-232,-2.0,11546,-74,-0.64,11388,11389,1399-6-15
560,سخند,صندوق س.سپهرخبرگان نفت-د,58,112550,1146495150,10159,10192,10165,6,0.06,10187,28,0.28,10141,10193,1399-6-15
561,ساراب,سيمان‌ داراب‌,57,118975,1559762250,13800,13110,13110,-690,-5.0,13780,-20,-0.14,13110,13110,1399-6-15
562,فالوم,آلومتك‌,55,74291,2701592215,38278,36365,36365,-1913,-5.0,38006,-272,-0.71,36365,36365,1399-6-15
563,وتوشه,سرمايه‌ گذاري‌ پارس‌ توشه‌,55,328173,8424200910,27020,25670,25670,-1350,-5.0,26780,-240,-0.89,25670,25670,1399-6-15
564,وثوق,سرمايه گذاري وثوق امين,54,112550,1768160500,16536,15710,15710,-826,-5.0,16459,-77,-0.47,15710,15710,1399-6-15
565,كگاز,شيشه‌ و گاز,54,57285,1454466150,26720,25390,25390,-1330,-4.98,26680,-40,-0.15,25390,25390,1399-6-15
566,لبوتان,گروه‌صنعتي‌بوتان‌,54,34409,2840462950,86890,82550,82550,-4340,-4.99,86630,-260,-0.3,82550,82550,1399-6-15
567,كاسپين,داروسازي كاسپين تامين,53,47767,1374686493,30293,28779,28779,-1514,-5.0,30249,-44,-0.15,28779,28779,1399-6-15
568,غپاك,لبنيات‌ پاك‌,53,98787,1703087880,18140,17240,17240,-900,-4.96,18110,-30,-0.17,17240,17240,1399-6-15
569,سخزر,سيمان‌ خزر,53,71646,2487549120,36540,34720,34720,-1820,-4.98,36440,-100,-0.27,34720,34720,1399-6-15
570,فپنتا,سپنتا,52,77964,23401674240,285870,300160,300160,14290,5.0,292240,6370,2.23,300160,300160,1399-6-15
571,چفيبر,فيبر ايران‌,51,177957,2018032380,11930,11340,11340,-590,-4.95,11900,-30,-0.25,11340,11340,1399-6-15
572,تكنار,مجتمع معادن مس تكنار,51,240679,15630175618,61850,64942,64942,3092,5.0,64151,2301,3.72,64942,64942,1399-6-15
573,لازما,كارخانه هاي صنعتي آزمايش,51,37204,1214189744,33302,32636,32636,-666,-2.0,33219,-83,-0.25,32636,32636,1399-6-15
574,سايرا,ايرانيت‌,49,60773,2081373825,34945,33548,33548,-1397,-4.0,34797,-148,-0.42,33548,36342,1399-6-15
575,سفار,سيمان‌فارس‌,49,48221,5204010320,113600,107920,107920,-5680,-5.0,112980,-620,-0.55,107920,107920,1399-6-15
576,ارمغان,ص سرمايه گذاري ارمغان ايرانيان,49,798585,8134419840,10160,10180,10210,50,0.49,10190,30,0.3,10170,10210,1399-6-15
577,دكوثر,داروسازي‌ كوثر,49,54107,1543672710,30030,28530,28530,-1500,-5.0,29980,-50,-0.17,28530,28530,1399-6-15
578,آساميد,صندوق س.مشترك آسمان اميد -د,49,1928173,20487036189,10637,10650,10615,-22,-0.21,10625,-12,-0.11,10601,10650,1399-6-15
579,ضجار7031,اختيارخ وتجارت-4600-1399/07/22,49,1125,368125000,277,380,350,73,26.35,327,50,18.05,261,380,1399-6-15
580,فسا,پتروشيمي فسا,47,389137,1175582877,3114,3021,3021,-93,-2.99,3108,-6,-0.19,3021,3021,1399-6-15
581,كشرق,صنعتي و معدني شمال شرق شاهرود,47,45247,3913865500,91052,86500,86500,-4552,-5.0,90677,-375,-0.41,86500,86500,1399-6-15
582,شتولي,تولي‌پرس‌,47,191414,3550538286,18186,18549,18549,363,2.0,18312,126,0.69,18549,18549,1399-6-15
583,اخزا813,اسنادخزانه-م13بودجه98-010219,46,34027,25373085338,747862,743000,746600,-1262,-0.17,745675,-2187,-0.29,743000,748000,1399-6-15
584,وارس,سرمايه گذاري ارس صبا,46,207175,26294236650,130843,126918,126918,-3925,-3.0,126918,-3925,-3.0,126918,126918,1399-6-15
585,كپشير,پشم‌شيشه‌ايران‌,45,32237,1719843950,56150,53350,53350,-2800,-4.99,56050,-100,-0.18,53350,53350,1399-6-15
586,كقزوي,شيشه‌ قزوين‌,45,256776,2742881232,11012,10682,10682,-330,-3.0,10965,-47,-0.43,10682,10682,1399-6-15
587,وهنر,گروه توسعه هنر ايران,45,150296,912296720,6257,6070,6070,-187,-2.99,6248,-9,-0.14,6070,6070,1399-6-15
588,چكاوه,صنايع‌كاغذسازي‌كاوه‌,45,88296,3386151600,40360,38350,38350,-2010,-4.98,40220,-140,-0.35,38350,38350,1399-6-15
589,داراب,پتروشيمي داراب,45,230232,710265720,3247,3085,3085,-162,-4.99,3241,-6,-0.18,3085,3085,1399-6-15
590,پلوله,گازلوله‌,45,569200,10782924800,18573,18944,18944,371,2.0,18944,371,2.0,18944,18944,1399-6-15
591,نتوس,پشم‌ بافي‌ توس,44,67038,736144278,11320,10981,10981,-339,-2.99,11307,-13,-0.11,10981,10981,1399-6-15
592,اخزا807,اسنادخزانه-م7بودجه98-000719,44,44550,36841859043,826806,829283,825200,-1606,-0.19,826978,172,0.02,824102,830000,1399-6-15
593,ضجار7018,اختيارخ وتجارت-2000-1399/07/22,44,1039,1386603000,1056,1100,1498,442,41.86,1335,279,26.42,1100,1498,1399-6-15
594,وپسا,س. پتروشيمي ساختمان  خليج فارس,44,1512189,8047869858,5602,5322,5322,-280,-5.0,5483,-119,-2.12,5322,5322,1399-6-15
595,كتوكا,توليدي و خدمات صنايع نسوز توكا,44,7501,1153248746,161837,153746,153746,-8091,-5.0,161641,-196,-0.12,153746,153746,1399-6-15
596,معيار,سرمايه گذاري معيار صنعت پارس,44,173968,5243917424,28984,30143,30143,1159,4.0,29568,584,2.01,30143,30143,1399-6-15
597,خكمك,كمك‌فنرايندامين‌,43,69540,4059745200,61450,58380,58380,-3070,-5.0,61190,-260,-0.42,58380,58380,1399-6-15
598,ثشرق,سرمايه گذاري مسكن شمال شرق,43,198283,1463328540,7760,7380,7380,-380,-4.9,7750,-10,-0.13,7380,7380,1399-6-15
599,بساما,بيمه سامان,43,55060,1638640660,31327,29761,29761,-1566,-5.0,31273,-54,-0.17,29761,29761,1399-6-15
600,سغرب,سيمان‌غرب‌,42,87761,2005338850,24050,22850,22850,-1200,-4.99,24000,-50,-0.21,22850,22850,1399-6-15
601,سقاين,سيمان‌ قائن‌,42,17624,800305840,47800,45410,45410,-2390,-5.0,47760,-40,-0.08,45410,45410,1399-6-15
602,زعف9908پ16,زعفران9908نگين بيرجند(پ),41,23740,2330201413,99159,97800,98398,-761,-0.77,98155,-1004,-1.01,97400,99000,1399-6-15
603,ضجار7016,اختيارخ وتجارت-1800-1399/07/22,41,1500,2288164000,1276,1400,1600,324,25.39,1525,249,19.51,1400,1600,1399-6-15
604,ثنام,س ساختماني ب نام آوران مهندسي,41,169014,3845068500,23453,22750,22750,-703,-3.0,23314,-139,-0.59,22750,22750,1399-6-15
605,ضملي8077,اختيارخ فملي -29750-1399/08/06,41,209,1778241000,7169,7980,9000,1831,25.54,8508,1339,18.68,7980,9899,1399-6-15
606,قپيرا,فرآورده‌هاي‌غدايي‌وقندپيرانشهر,40,35554,2913336710,86230,81920,81920,-4310,-5.0,85970,-260,-0.3,81920,84990,1399-6-15
607,اوصتا,صندوق انديشه ورزان صباتامين -د,40,1106594,18254356856,16466,16467,16487,21,0.13,16496,30,0.18,16467,16597,1399-6-15
608,ختراك,ريخته‌گري‌ تراكتورسازي‌ ايران‌,39,40269,902025600,23570,22400,22400,-1170,-4.96,23550,-20,-0.08,22400,22400,1399-6-15
609,خفنر,فنرسازي‌خاور,39,52615,1062296850,21250,20190,20190,-1060,-4.99,21230,-20,-0.09,20190,20190,1399-6-15
610,اخزا804,اسنادخزانه-م4بودجه98-000421,39,46645,40297500419,861880,861012,863204,1324,0.15,863919,2039,0.24,861010,865500,1399-6-15
611,كلوند,كاشي‌ الوند,38,126030,3328452300,27790,26410,26410,-1380,-4.97,27690,-100,-0.36,26410,26410,1399-6-15
612,خنصير,مهندسي‌نصيرماشين‌,38,40193,2075566520,54350,51640,51640,-2710,-4.99,54230,-120,-0.22,51640,51640,1399-6-15
613,اخزا721,اسنادخزانه-م21بودجه97-000728,38,65533,54059639581,825503,825785,825505,2,0.0,824922,-581,-0.07,819706,825785,1399-6-15
614,آكورد2,صندوق س. آرمان آتي كوثر-د,38,3800000,3800000,28423,1,1,-28422,-100.0,1,-28422,-100.0,1,1,1399-6-15
615,ثامان,سامان‌ گستراصفهان‌,36,61694,1379477840,23530,22360,22360,-1170,-4.97,23500,-30,-0.13,22360,22360,1399-6-15
616,ثاصفا,شركت‌ ساختمان‌ اصفهان‌,36,53261,1257332427,24849,23607,23607,-1242,-5.0,24767,-82,-0.33,23607,23607,1399-6-15
617,وثنو,سرمايه گذاري ساختماني نوين,36,115168,2162164032,19354,18774,18774,-580,-3.0,19289,-65,-0.34,18774,18774,1399-6-15
618,خچرخش,چرخشگر,35,84808,1845422080,22900,21760,21760,-1140,-4.98,22860,-40,-0.17,21760,21760,1399-6-15
619,سكه0012پ01,سكه تمام بهارتحويلي 1روزه رفاه,35,28100,31481301100,1109239,1120331,1120331,11092,1.0,1120331,11092,1.0,1120331,1120331,1399-6-15
620,كطبس,ذغال‌سنگ‌ نگين‌ ط‌بس‌,34,21069,1141518420,57030,54180,54180,-2850,-5.0,56960,-70,-0.12,54180,54180,1399-6-15
621,زعف9908پ13,زعفران9908پوشالمعمول روستا(پ),34,11393,756148358,63001,68225,67000,3999,6.35,66370,3369,5.35,62004,68244,1399-6-15
622,فن آوا,گروه فن آوا,34,98029,1428646910,14839,14800,14543,-296,-1.99,14800,-39,-0.26,14543,14950,1399-6-15
623,افرا,افرانت,33,18179,1319759042,76418,72598,72598,-3820,-5.0,76312,-106,-0.14,72598,72598,1399-6-15
624,مداران,داده‌پردازي‌ايران‌,33,16678,590734760,37280,35420,35420,-1860,-4.99,37260,-20,-0.05,35420,35420,1399-6-15
625,سيلام,سيمان‌ ايلام‌,33,51778,560755740,11390,10830,10830,-560,-4.92,11380,-10,-0.09,10830,10830,1399-6-15
626,خموتور,موتورسازان‌تراكتورسازي‌ايران‌,32,60862,811290460,14030,13330,13330,-700,-4.99,14020,-10,-0.07,13330,13330,1399-6-15
627,غبهار,كشت وصنعت بهاران گلبهار خراسان,32,29597,1239670345,43180,41885,41885,-1295,-3.0,43097,-83,-0.19,41885,41885,1399-6-15
628,داريك,صندوق س.اعتماد داريك-د,31,47929,478139885,9925,9970,9990,65,0.65,9976,51,0.51,9970,9999,1399-6-15
629,اخزا806,اسنادخزانه-م6بودجه98-000519,31,39037,33325279020,855520,854990,854501,-1019,-0.12,853684,-1836,-0.21,850007,855760,1399-6-15
630,جهرم,پتروشيمي جهرم,31,199925,655154225,3449,3277,3277,-172,-4.99,3443,-6,-0.17,3277,3277,1399-6-15
631,سصفها,سيمان‌اصفهان‌,31,17731,2311767780,137240,130380,130380,-6860,-5.0,136910,-330,-0.24,130380,130380,1399-6-15
632,سشمال,سيمان‌ شمال‌,31,251811,3301242210,13800,13110,13110,-690,-5.0,13750,-50,-0.36,13110,13110,1399-6-15
633,ضصاد8018,اختيارخ وبصادر-4000-1399/08/11,31,684,465595000,695,700,685,-10,-1.44,681,-14,-2.01,640,700,1399-6-15
634,نمرينو,ايران‌ مرينوس‌,30,29335,2377895100,77200,81060,81060,3860,5.0,77370,170,0.22,81060,81060,1399-6-15
635,سمتاز,سيمان ممتازان كرمان,30,21752,490355336,23240,22543,22543,-697,-3.0,23222,-18,-0.08,22543,22543,1399-6-15
636,استارز,ص.ج.ستاره برتر20%تاديه,29,72250,14450000000,200000,200000,200000,0,0.0,200000,0,0.0,200000,200000,1399-6-15
637,وحافظ,بيمه حافظ,28,36615,2170720275,61118,59285,59285,-1833,-3.0,60913,-205,-0.34,59285,59285,1399-6-15
638,سكرما,سيمان‌ كرمان‌,28,37174,676566800,19150,18200,18200,-950,-4.96,19140,-10,-0.05,18200,18200,1399-6-15
639,اخزا703,اسنادخزانه-م3بودجه97-990721,28,77425,76049886551,981801,982000,982000,199,0.02,982239,438,0.04,981042,984000,1399-6-15
640,وتعاون,بيمه  تعاون,27,285649,1704753232,6152,5968,5968,-184,-2.99,6136,-16,-0.26,5968,5968,1399-6-15
641,ضغدر8043,اختيارخ وغدير-16000-1399/08/26,27,313,1324650000,3955,4999,5000,1045,26.42,4232,277,7.0,4100,5000,1399-6-15
642,كصدف,كاشي صدف سرام استقلال آباده,27,85985,1173351310,13379,13646,13646,267,2.0,13410,31,0.23,13646,13646,1399-6-15
643,سكه9912پ04,سكه تمام بهارتحويل1روزه صادرات,27,18400,20614090400,1109239,1120331,1120331,11092,1.0,1120331,11092,1.0,1120331,1120331,1399-6-15
644,زعف9908پ08,زعفران9908نگين روستا(پ),26,10316,1015627239,97960,96010,99131,1171,1.2,98452,492,0.5,96010,99131,1399-6-15
645,تپمپي,پمپ‌ سازي‌ ايران‌,26,20510,1017706200,52230,49620,49620,-2610,-5.0,52170,-60,-0.11,49620,49620,1399-6-15
646,ضخود7063,اختيارخ خودرو-5500-1399/07/09,26,620,175067000,516,250,300,-216,-41.86,282,-234,-45.35,200,330,1399-6-15
647,اخزا624,اسنادخزانه-م24بودجه96-990625,25,50464,50090205882,992728,994800,993000,272,0.03,992593,-135,-0.01,992503,994800,1399-6-15
648,زير0003پ02,زيره سبز0003 دانش(پ),25,905,428183776,457401,495695,448487,-8914,-1.95,473131,15730,3.44,448487,495695,1399-6-15
649,زعف9908پ05,زعفران9908نگين زرين(پ),24,7786,763670370,98215,101999,99200,985,1.0,98082,-133,-0.14,97500,101999,1399-6-15
650,صايند2,صندوق س. گنجينه آينده روشن-د,24,19500000,19500000,10026,1,1,-10025,-99.99,1,-10025,-99.99,1,1,1399-6-15
651,زعف9908پ11,زعفران9908نگين سحرخيز(پ),23,1799,183027253,96528,101899,100000,3472,3.6,101738,5210,5.4,99510,102989,1399-6-15
652,ضصاد8000,اختيارخ وبصادر-1200-1399/08/11,23,411,932321000,2071,2100,2500,429,20.71,2268,197,9.51,2100,2500,1399-6-15
653,زعف9908پ15,زعفران9908پوشالمعمول طلاسرخ(پ),23,3337,219302816,64158,61900,66000,1842,2.87,65719,1561,2.43,61900,67000,1399-6-15
654,فنورد,نوردوقطعات‌ فولادي‌,22,89842,10598660740,112360,117970,117970,5610,4.99,113490,1130,1.01,117970,117970,1399-6-15
655,ثغرب,شركت سرمايه گذاري مسكن شمالغرب,22,124255,1721428770,14583,13854,13854,-729,-5.0,14557,-26,-0.18,13854,13854,1399-6-15
656,غگلپا,شير پاستوريزه پگاه گلپايگان,22,7133,531964874,78503,74578,74578,-3925,-5.0,78459,-44,-0.06,74578,74578,1399-6-15
657,تكنو,تكنوتار,22,72823,1074139250,15520,14750,14750,-770,-4.96,15500,-20,-0.13,14750,14750,1399-6-15
658,سفاسي,شركت فارسيت اهواز,22,98165,1124381910,11808,11454,11454,-354,-3.0,11787,-21,-0.18,11454,11454,1399-6-15
659,ضسپا8033,اختيارخ خساپا-6000-1399/08/26,21,339,108428000,368,350,389,21,5.71,320,-48,-13.04,250,389,1399-6-15
660,زعف9908پ14,زعفران9908پوشالمعمول نوين(پ),21,4038,265637554,64995,64995,66987,1992,3.06,65784,789,1.21,63746,67128,1399-6-15
661,ضفلا8085,اختيارخ فولاد-16775-1399/08/28,21,181,861374000,3853,5000,5000,1147,29.77,4759,906,23.51,4310,5400,1399-6-15
662,دشيري,شيرين دارو,21,33621,6718080978,205997,199818,199818,-6179,-3.0,203857,-2140,-1.04,199818,199818,1399-6-15
663,پارتا,مجتمع‌صنعتي‌آرتاويل‌تاير,21,15773,1025812828,68458,65036,65036,-3422,-5.0,68346,-112,-0.16,65036,65036,1399-6-15
664,ساذري,آذريت‌,20,5785,933785775,156714,161415,161415,4701,3.0,156927,213,0.14,161415,161415,1399-6-15
665,اخزا810,اسنادخزانه-م10بودجه98-001006,20,24782,19801847371,796154,797000,799005,2851,0.36,799042,2888,0.36,794001,806000,1399-6-15
666,كرونا2,تامين مالي جمعي صرفا اهداي سود,20,2444,24440000,10000,10000,10000,0,0.0,10000,0,0.0,10000,10000,1399-6-15
667,جم2,پتروشيمي جم,20,3960987,153329806770,36870,38710,38710,1840,4.99,38710,1840,4.99,38710,38710,1399-6-15
668,وايرا,سرمايه گذاري صنايع ايران,19,62797,563163496,9440,8968,8968,-472,-5.0,9426,-14,-0.15,8968,8968,1399-6-15
669,قمرو,قند مرودشت‌,18,38860,1381861600,37430,35560,35560,-1870,-5.0,37380,-50,-0.13,35560,35560,1399-6-15
670,ضغدر8040,اختيارخ وغدير-13000-1399/08/26,18,153,1023602000,6761,8780,7000,239,3.53,6690,-71,-1.05,6600,8000,1399-6-15
671,صخود412,ص مرابحه خودرو412- 3ماهه 18%,17,2220,2198754261,981004,981002,999003,17999,1.83,990430,9426,0.96,981002,1013798,1399-6-15
672,ضصاد8017,اختيارخ وبصادر-3800-1399/08/11,17,354,238841000,620,830,790,170,27.42,675,55,8.87,610,830,1399-6-15
673,قشهد,شهد,17,19629,690744510,37040,35190,35190,-1850,-4.99,37010,-30,-0.08,35190,35190,1399-6-15
674,ضخود7068,اختيارخ خودرو-8000-1399/07/09,16,889,69362000,76,100,70,-6,-7.89,78,2,2.63,70,195,1399-6-15
675,ساروج,بين المللي ساروج بوشهر,16,11943,298395855,25757,24985,24985,-772,-3.0,25745,-12,-0.05,24985,24985,1399-6-15
676,اخزا820,اسنادخزانه-م20بودجه98-020806,16,57133,33531835000,586511,586000,590000,3489,0.59,586908,397,0.07,586000,590000,1399-6-15
677,پلاست,كارخانجات توليدي پلاستيران,16,13799,589037913,44007,42687,42687,-1320,-3.0,43967,-40,-0.09,42687,42687,1399-6-15
678,سخواف,سيمان مجد خواف,15,13015,244968330,19404,18822,18822,-582,-3.0,19397,-7,-0.04,18822,18822,1399-6-15
679,اخزا718,اسنادخزانه-م18بودجه97-000525,15,19374,16455967967,849663,851384,850610,947,0.11,849384,-279,-0.03,847420,853000,1399-6-15
680,ثرود,سرمايه‌گذاري مسكن زاينده رود,15,308487,3935985633,13430,12759,12759,-671,-5.0,13374,-56,-0.42,12759,12759,1399-6-15
681,فسديد,لوله‌وتجهيزات‌ سديد - ورشكسته,15,7264,808287072,109092,111273,111273,2181,2.0,109438,346,0.32,111273,111273,1399-6-15
682,وآفري,بيمه كارآفرين,15,63913,754173400,11457,11800,11800,343,2.99,11470,13,0.11,11800,11800,1399-6-15
683,ضجار7010,اختيارخ وتجارت-1200-1399/07/22,15,223,469749000,1913,2000,2200,287,15.0,2106,193,10.09,2000,2200,1399-6-15
684,ثغربح,ح.شركت سرمايه گذاري مسكن شمالغ,15,86500,939247800,11352,11919,10785,-567,-4.99,10858,-494,-4.35,10785,11919,1399-6-15
685,ثاژن,سخت آژند,15,266336,2937952416,11256,11031,11031,-225,-2.0,11189,-67,-0.6,11031,11031,1399-6-15
686,دلقما,دارويي‌ لقمان‌,15,12446,433992020,36700,34870,34870,-1830,-4.99,36680,-20,-0.05,34870,34870,1399-6-15
687,ضسپا8018,اختيارخ خساپا-2400-1399/08/26,15,352,425922000,1197,1307,1299,102,8.52,1210,13,1.09,1000,1307,1399-6-15
688,افران,صندوق س افرا نماد پايدار-ثابت,14,19491,227471620,11640,11670,11670,30,0.26,11670,30,0.26,11640,11680,1399-6-15
689,ضخود7048,اختيارخ خودرو-2800-1399/07/09,14,248,309600000,2700,1100,1300,-1400,-51.85,1248,-1452,-53.78,1100,1300,1399-6-15
690,سفارود,كارخانه فارسيت درود,14,41664,285190080,7130,6845,6845,-285,-4.0,7122,-8,-0.11,6845,6845,1399-6-15
691,نگين,ص.س. زمين و ساختمان نگين شهرري,14,76537,3903387000,51000,51120,51000,0,0.0,51000,0,0.0,51000,53000,1399-6-15
692,ضفلا8076,اختيارخ فولاد-8775-1399/08/28,14,141,1433010000,9045,9000,11000,1955,21.61,10163,1118,12.36,9000,11000,1399-6-15
693,ضملي8087,اختيارخ فملي-59750-1399/08/06,14,212,290300000,520,1300,1300,780,150.0,1369,849,163.27,1300,1500,1399-6-15
694,كگل2,معدني و صنعتي گل گهر,14,22730931,441627454830,18990,19360,19930,940,4.95,19428,438,2.31,19360,19930,1399-6-15
695,ضملي8076,اختيارخ فملي -27750-1399/08/06,14,88,863037000,12342,9999,9750,-2592,-21.0,9807,-2535,-20.54,9750,10000,1399-6-15
696,ثاباد,توريستي ورفاهي آبادگران ايران,14,24979,835047970,35180,33430,33430,-1750,-4.97,35150,-30,-0.09,33430,33430,1399-6-15
697,زنگان,صنعت روي زنگان,14,4877,763070051,164697,156463,156463,-8234,-5.0,164565,-132,-0.08,156463,156463,1399-6-15
698,ضخود7056,اختيارخ خودرو-3800-1399/07/09,13,236,200931000,835,1740,1400,565,67.66,851,16,1.92,400,1400,1399-6-15
699,لخانه,لوازم‌ خانگي‌ پارس‌,13,3690,215363160,60169,58364,58364,-1805,-3.0,60149,-20,-0.03,58364,58364,1399-6-15
700,آگاس2,صندوق س.هستي بخش آگاه-س,13,1600000,1600000,289285,1,1,-289284,-100.0,1,-289284,-100.0,1,1,1399-6-15
701,ضجار7024,اختيارخ وتجارت-3200-1399/07/22,13,138,89376000,566,790,660,94,16.61,648,82,14.49,571,790,1399-6-15
702,اشاد10,مشاركت دولتي10-شرايط خاص001226,13,12400,12067191000,968589,969002,968000,-589,-0.06,973161,4572,0.47,968000,975000,1399-6-15
703,پدرخش,درخشان‌ تهران‌,13,1546,340491040,231830,220240,220240,-11590,-5.0,231750,-80,-0.03,220240,220240,1399-6-15
704,شستا993,اجاره ت.اجتماعي-كاردان991226,12,110,112765463,1022658,1014711,1025000,2342,0.23,1025141,2483,0.24,1014711,1035000,1399-6-15
705,قنقش,قند نقش جهان,12,5864,456823192,81148,77903,77903,-3245,-4.0,80994,-154,-0.19,77903,77903,1399-6-15
706,ضغدر8044,اختيارخ وغدير-17000-1399/08/26,12,110,405200000,3400,4000,4500,1100,32.35,3684,284,8.35,3600,4500,1399-6-15
707,سنير,سيمان‌ سفيد ني‌ريز,12,3839,356758270,97820,92930,92930,-4890,-5.0,97780,-40,-0.04,92930,92930,1399-6-15
708,فمراد,آلومراد,12,771,116760240,159410,151440,151440,-7970,-5.0,159390,-20,-0.01,151440,151440,1399-6-15
709,ضخوز7028,اختيارخ فخوز-43470-1399/07/20,12,39,384600000,10244,10500,9000,-1244,-12.14,9862,-382,-3.73,9000,10500,1399-6-15
710,ضچاد7016,اختيارخ كچاد-13300-1399/07/07,12,228,1016040000,3548,4890,4900,1352,38.11,4456,908,25.59,4000,4900,1399-6-15
711,ضجار7026,اختيارخ وتجارت-3600-1399/07/22,11,225,131019000,416,633,550,134,32.21,582,166,39.9,500,633,1399-6-15
712,ضفلا8087,اختيارخ فولاد-18775-1399/08/28,11,328,1325500000,3395,3500,4500,1105,32.55,4041,646,19.03,3500,4500,1399-6-15
713,ضپار8019,اختيارخ خپارس-3800-1399/08/18,11,25,192683000,7800,8000,8500,700,8.97,7707,-93,-1.19,800,8500,1399-6-15
714,پست9908-04,پسته فندقي32-30سبزدانه9908,11,1540,1915235100,1242055,1246700,1280000,37945,3.06,1243659,1604,0.13,1220507,1280000,1399-6-15
715,كابگن,توليدي و صنعتي آبگينه‌,11,30677,135623017,4335,4421,4421,86,1.98,4337,2,0.05,4421,4421,1399-6-15
716,اخزا819,اسنادخزانه-م19بودجه98-020322,11,1131,699235441,616882,620000,621733,4851,0.79,618245,1363,0.22,616882,621733,1399-6-15
717,ضصاد8019,اختيارخ وبصادر-4200-1399/08/11,10,360,236750000,736,650,665,-71,-9.65,658,-78,-10.6,600,680,1399-6-15
718,ضصاد8001,اختيارخ وبصادر-1300-1399/08/11,10,322,691749000,2002,2000,2499,497,24.83,2148,146,7.29,2000,2499,1399-6-15
719,اخزا713,اسنادخزانه-م13بودجه97-000518,10,14606,12461489062,853129,853200,853120,-9,0.0,853176,47,0.01,853110,853307,1399-6-15
720,سكه0011پ02,سكه تمام بهارتحويلي 1روزه ملت,10,4300,4817423300,1109239,1120331,1120331,11092,1.0,1120331,11092,1.0,1120331,1120331,1399-6-15
721,صايپا203,صكوك مرابحه سايپا203-3ماهه 16%,10,2162,2065540100,938000,965000,955100,17100,1.82,955384,17384,1.85,955000,970000,1399-6-15
722,غشوكو,شوكو پارس,9,5080,226476560,45960,44582,44582,-1378,-3.0,45944,-16,-0.03,44582,44582,1399-6-15
723,ضملي8085,اختيارخ فملي-51750-1399/08/06,9,157,427490000,1722,3000,2700,978,56.79,2723,1001,58.13,2600,3000,1399-6-15
724,اخزا805,اسنادخزانه-م5بودجه98-000422,9,33218,28632858133,864112,861248,862177,-1935,-0.22,861968,-2144,-0.25,861248,864000,1399-6-15
725,زير0003پ01,زيره سبز0003كيميابذر(پ),9,141,68565603,472091,474500,495695,23604,5.0,486281,14190,3.01,474500,495695,1399-6-15
726,تملي704,تسهيلات مسكن ب. ملي-تير97,9,167,73222251,423536,439829,439829,16293,3.85,438457,14921,3.52,402360,439829,1399-6-15
727,خعمرا,توسعه و عمران شهرستان نائين,9,44784,609689376,13218,13614,13614,396,3.0,13230,12,0.09,13614,13614,1399-6-15
728,ضجار7021,اختيارخ وتجارت-2600-1399/07/22,8,30,26300000,765,712,989,224,29.28,877,112,14.64,712,994,1399-6-15
729,ضملي8082,اختيارخ فملي-39750-1399/08/06,8,65,313850000,4199,5300,4980,781,18.6,4828,629,14.98,4200,5350,1399-6-15
730,ضصاد8020,اختيارخ وبصادر-4400-1399/08/11,8,203,120927000,400,610,600,200,50.0,596,196,49.0,401,610,1399-6-15
731,عسناسنگ,سلف كنستانتره سنگ آهن سناباد,8,10,67109270,6732361,6777372,6644482,-87879,-1.31,6710927,-21434,-0.32,6644482,6777372,1399-6-15
732,سكه0112پ03,سكه تمام بهارتحويلي1روزه سامان,8,3200,3585059200,1109239,1120331,1120331,11092,1.0,1120331,11092,1.0,1120331,1120331,1399-6-15
733,ضصاد8015,اختيارخ وبصادر-3400-1399/08/11,7,130,105170000,527,900,990,463,87.86,809,282,53.51,800,990,1399-6-15
734,ضملي8067,اختيارخ فملي -14750-1399/08/06,7,70,1429500000,18818,19500,21000,2182,11.6,20421,1603,8.52,19500,21000,1399-6-15
735,ضخود7041,اختيارخ خودرو-1700-1399/07/09,7,21,40875000,1400,2000,2000,600,42.86,1946,546,39.0,1875,2000,1399-6-15
736,پست9908-08,پسته فندقي32-30زرينمه ولات9908,7,248,306532420,1203640,1184365,1260000,56360,4.68,1236018,32378,2.69,1184365,1260000,1399-6-15
737,پست9908-02,پسته فندقي32-30طلاسبززرند9908,7,631,808138000,1246700,1309035,1284400,37700,3.02,1280726,34026,2.73,1280000,1308000,1399-6-15
738,سكارون,سيمان كارون,7,1375,172147250,129070,125198,125198,-3872,-3.0,129036,-34,-0.03,125198,125198,1399-6-15
739,ضغدر8045,اختيارخ وغدير-18000-1399/08/26,7,147,465930000,3267,3210,3250,-17,-0.52,3170,-97,-2.97,3150,3250,1399-6-15
740,ضصاد8013,اختيارخ وبصادر-3000-1399/08/11,7,139,147160000,860,902,1150,290,33.72,1059,199,23.14,900,1150,1399-6-15
741,تملي612,تسهيلات مسكن بانك ملي-اسفند96,7,45,61863674,1371700,1371701,1440285,68585,5.0,1374748,3048,0.22,1371700,1440285,1399-6-15
742,زعف9908پ17,زعفران9908پوشالمعمول بيرجند(پ),7,553,36289968,63752,67000,62016,-1736,-2.72,65624,1872,2.94,62016,67000,1399-6-15
743,صينا205,صكوك منفعت سينا دارو-3ماهه 19%,7,66,69748404,1006471,1056794,1056794,50323,5.0,1056794,50323,5.0,1056794,1056794,1399-6-15
744,ضصاد8010,اختيارخ وبصادر-2400-1399/08/11,7,37,56358000,1200,1200,1550,350,29.17,1523,323,26.92,1200,1580,1399-6-15
745,ضخود7055,اختيارخ خودرو-3600-1399/07/09,6,284,159505000,662,501,680,18,2.72,562,-100,-15.11,501,680,1399-6-15
746,ضملي8058,اختيارخ فملي -7750-1399/08/06,6,157,3919400000,23000,25000,23600,600,2.61,24964,1964,8.54,23100,29000,1399-6-15
747,ضصاد8009,اختيارخ وبصادر-2200-1399/08/11,6,42,69150000,2090,1500,1770,-320,-15.31,1646,-444,-21.24,1500,1780,1399-6-15
748,ضفلا8079,اختيارخ فولاد-10775-1399/08/28,6,15,131996000,6976,7000,9480,2504,35.89,8800,1824,26.15,7000,9480,1399-6-15
749,اخزا722,اسنادخزانه-م22بودجه97-000428,6,1105,953062500,861686,862500,862500,814,0.09,862500,814,0.09,862500,862500,1399-6-15
750,ضخود7057,اختيارخ خودرو-4000-1399/07/09,6,58,23250000,471,390,500,29,6.16,401,-70,-14.86,390,500,1399-6-15
751,ضصاد8002,اختيارخ وبصادر-1400-1399/08/11,6,130,281000000,1961,2000,2200,239,12.19,2162,201,10.25,2000,2200,1399-6-15
752,ضخود7044,اختيارخ خودرو-2000-1399/07/09,6,64,126250000,2000,2100,2000,0,0.0,1973,-27,-1.35,1950,2100,1399-6-15
753,زعف9908پ06,زعفران 9908پوشالمعمول زرين(پ),6,619,40860288,64727,63002,65998,1271,1.96,66010,1283,1.98,63002,66800,1399-6-15
754,ضفلا8081,اختيارخ فولاد-12775-1399/08/28,6,41,327800000,1150,7900,8000,6850,595.65,7995,6845,595.22,7900,8000,1399-6-15
755,ضجار7028,اختيارخ وتجارت-4000-1399/07/22,6,94,53000000,504,500,700,196,38.89,564,60,11.9,500,700,1399-6-15
756,تابا,تابان نيرو سپاهان,5,5210,166006230,32848,31863,31863,-985,-3.0,32840,-8,-0.02,31863,31863,1399-6-15
757,ضصاد8014,اختيارخ وبصادر-3200-1399/08/11,5,110,110050000,784,1000,1010,226,28.83,1000,216,27.55,1000,1010,1399-6-15
758,ضخود7039,اختيارخ خودرو-1500-1399/07/09,5,30,62895000,1999,2000,2450,451,22.56,2096,97,4.85,2000,2450,1399-6-15
759,فافزا,فولاد افزا سپاهان,5,653,31195769,49250,47773,47773,-1477,-3.0,49248,-2,0.0,47773,47773,1399-6-15
760,اخزا704,اسنادخزانه-م4بودجه97-991022,5,6635,6272088089,946582,946582,940111,-6471,-0.68,945303,-1279,-0.14,940111,946582,1399-6-15
761,ضچاد7025,اختيارخ كچاد-26000-1399/07/07,5,12,5250000,267,400,450,183,68.54,437,170,63.67,400,450,1399-6-15
762,ضجار7015,اختيارخ وتجارت-1700-1399/07/22,5,38,62300000,1700,1600,1700,0,0.0,1639,-61,-3.59,1600,1700,1399-6-15
763,تملي707,تسهيلات مسكن ب. ملي-مهر97,5,77,17591352,225675,225675,236958,11283,5.0,228459,2784,1.23,214392,236958,1399-6-15
764,ضفار8034,اختيارخ فارس-9826-1399/08/06,5,33,306900000,8889,9300,9300,411,4.62,9300,411,4.62,9300,9300,1399-6-15
765,ضغدر8039,اختيارخ وغدير-12000-1399/08/26,5,21,152927000,7500,7000,7650,150,2.0,7282,-218,-2.91,7000,7650,1399-6-15
766,ضسپا8020,اختيارخ خساپا-2800-1399/08/26,5,156,154314000,1000,969,1000,0,0.0,989,-11,-1.1,969,1000,1399-6-15
767,ضچاد7017,اختيارخ كچاد-14300-1399/07/07,5,71,269500000,3133,3300,4500,1367,43.63,3796,663,21.16,3300,4500,1399-6-15
768,ضغدر8047,اختيارخ وغدير-20000-1399/08/26,5,56,187800000,7795,3000,3400,-4395,-56.38,3354,-4441,-56.97,2800,3400,1399-6-15
769,ضجار7027,اختيارخ وتجارت-3800-1399/07/22,5,100,57000000,576,570,570,-6,-1.04,570,-6,-1.04,570,570,1399-6-15
770,ضصاد8012,اختيارخ وبصادر-2800-1399/08/11,5,63,75340000,983,1290,1270,287,29.2,1196,213,21.67,1001,1290,1399-6-15
771,ومشان,س. فني و مهندسي مشانير,5,725,41883250,59556,57770,57770,-1786,-3.0,59552,-4,-0.01,57770,57770,1399-6-15
772,ضصاد8011,اختيارخ وبصادر-2600-1399/08/11,5,10,14550000,815,1500,1500,685,84.05,1455,640,78.53,1300,1500,1399-6-15
773,ضصاد8008,اختيارخ وبصادر-2000-1399/08/11,5,64,108936000,1520,1899,1699,179,11.78,1702,182,11.97,1699,1899,1399-6-15
774,ضخود7062,اختيارخ خودرو-5000-1399/07/09,5,12,3718000,459,200,400,-59,-12.85,310,-149,-32.46,199,500,1399-6-15
775,اخزا723,اسنادخزانه-م23بودجه97-000824,5,571,464262959,815348,817900,812201,-3147,-0.39,813070,-2278,-0.28,812066,822222,1399-6-15
776,اخزا720,اسنادخزانه-م20بودجه97-000324,4,3990,3496885000,883902,875000,880000,-3902,-0.44,876412,-7490,-0.85,875000,880000,1399-6-15
777,آرمان,بيمه آرمان,4,704,2912448,4056,4137,4137,81,2.0,4056,0,0.0,4137,4137,1399-6-15
778,ضفلا8086,اختيارخ فولاد-17775-1399/08/28,4,57,251406000,3487,4000,4950,1463,41.96,4411,924,26.5,4000,4950,1399-6-15
779,ضفلا8077,اختيارخ فولاد-9275-1399/08/28,4,50,500000000,9500,10000,10000,500,5.26,10000,500,5.26,10000,10000,1399-6-15
780,ضغدر8046,اختيارخ وغدير-19000-1399/08/26,4,14,49000000,4000,3500,3500,-500,-12.5,3500,-500,-12.5,3500,3500,1399-6-15
781,زعف9908پ09,زعفران9908نگين نوين(پ),4,300,29705200,97083,100000,97000,-83,-0.09,99017,1934,1.99,97000,100000,1399-6-15
782,تملي706,تسهيلات مسكن ب. ملي-شهريور97,4,110,13679640,118954,118954,124901,5947,5.0,124360,5406,4.54,118954,124901,1399-6-15
783,كيش1402,اجاره س. و توسعه كيش14020820,4,209,219450000,1041105,1050000,1050000,8895,0.85,1050000,8895,0.85,1050000,1050000,1399-6-15
784,ضخود7040,اختيارخ خودرو-1600-1399/07/09,4,61,112164000,1914,1800,1997,83,4.34,1839,-75,-3.92,1800,1997,1399-6-15
785,تملي702,تسهيلات مسكن ب. ملي-ارديبهشت97,4,27,7131683,253346,240679,266013,12667,5.0,264136,10790,4.26,240679,266013,1399-6-15
786,ضفلا8088,اختيارخ فولاد-19775-1399/08/28,4,20,68399000,3299,3299,3500,201,6.09,3420,121,3.67,3299,3500,1399-6-15
787,رنيكح,ح.جنرال مكانيك,4,1300,38222600,29402,29402,29402,0,0.0,29402,0,0.0,29402,29402,1399-6-15
788,تملي703,تسهيلات مسكن ب. ملي-خرداد97,3,149,21557171,137790,144679,144679,6889,5.0,144679,6889,5.0,144679,144679,1399-6-15
789,ضملي8083,اختيارخ فملي-43750-1399/08/06,3,100,300000000,550,3000,3000,2450,445.45,3000,2450,445.45,3000,3000,1399-6-15
790,ضملي8080,اختيارخ فملي-35750-1399/08/06,3,5,32997000,9000,6599,6600,-2400,-26.67,6599,-2401,-26.68,6599,6600,1399-6-15
791,ضگل8057,اختيارخ كگل-13100-1399/08/21,3,12,107400000,9000,10000,9800,800,8.89,8950,-50,-0.56,8000,10000,1399-6-15
792,ضخود7067,اختيارخ خودرو-7500-1399/07/09,3,25,3018000,350,99,150,-200,-57.14,121,-229,-65.43,99,150,1399-6-15
793,فملي2,ملي‌ صنايع‌ مس‌ ايران‌,3,22653648,740376817440,31940,32570,33530,1590,4.98,32682,742,2.32,32570,33530,1399-6-15
794,ضپار8014,اختيارخ خپارس-2800-1399/08/18,3,7,63000000,9000,9000,9000,0,0.0,9000,0,0.0,9000,9000,1399-6-15
795,ضفلا8093,اختيارخ فولاد-29775-1399/08/28,3,41,26600000,1999,1000,1400,-599,-29.96,649,-1350,-67.53,600,1400,1399-6-15
796,غنيلي,مجتمع توليدي نيلي صنعت كرمان,3,45000,821805000,19000,18517,17850,-1150,-6.05,18262,-738,-3.88,17850,18517,1399-6-15
797,ضفلا8090,اختيارخ فولاد-23775-1399/08/28,3,21,53655000,3000,2377,3000,0,0.0,2555,-445,-14.83,2377,3000,1399-6-15
798,حرهشا,رهشاد سپاهان (سهامي عام,3,353,20904660,62336,59220,59220,-3116,-5.0,62333,-3,0.0,59220,59220,1399-6-15
799,ضملي8073,اختيارخ فملي -21750-1399/08/06,3,13,176498000,1450,12999,15500,14050,968.97,13577,12127,836.34,12999,15500,1399-6-15
800,ضسپا8022,اختيارخ خساپا-3200-1399/08/26,3,15,9250000,1000,600,650,-350,-35.0,617,-383,-38.3,600,650,1399-6-15
801,ضجار7019,اختيارخ وتجارت-2200-1399/07/22,3,13,16640000,1300,1100,1770,470,36.15,1280,-20,-1.54,1100,1770,1399-6-15
802,تبريز112,مشاركت شهرداري تبريز-3ماهه18%,2,369,369049641,975000,999999,1005000,30000,3.08,1000134,25134,2.58,999999,1005000,1399-6-15
803,تفيرو,مهندسي فيروزا,2,484,9612724,19098,19861,19861,763,4.0,19099,1,0.01,19861,19861,1399-6-15
804,ضغدر8030,اختيارخ وغدير-6510-1399/08/26,2,6,70501000,9384,11001,11900,2516,26.81,11750,2366,25.21,11001,11900,1399-6-15
805,ضخود7058,اختيارخ خودرو-4200-1399/07/09,2,12,7680000,473,600,660,187,39.53,640,167,35.31,600,660,1399-6-15
806,وامير,گروه صنعتي و معدني امير,2,1100,1110000,1000,1010,1000,0,0.0,1009,9,0.9,1000,1010,1399-6-15
807,ضغدر8042,اختيارخ وغدير-15000-1399/08/26,2,50,285000000,7700,5700,5700,-2000,-25.97,5700,-2000,-25.97,5700,5700,1399-6-15
808,ضجار7020,اختيارخ وتجارت-2400-1399/07/22,2,41,40790000,948,910,1200,252,26.58,995,47,4.96,910,1200,1399-6-15
809,تاصيكو2,سرمايه گذاري صدرتامين,2,15500000,209715000000,13530,13530,13530,0,0.0,13530,0,0.0,13530,13530,1399-6-15
810,وسالت,بانك قرض الحسنه رسالت,2,2600,11224200,4151,4317,4317,166,4.0,4151,0,0.0,4317,4317,1399-6-15
811,طفلا8060,اختيارف فولاد-3507-1399/08/28,2,5,2154720,2,270,260,258,12900.0,268,266,13300.0,260,270,1399-6-15
812,سپرمي,پرميت‌,2,1711,14341602,8466,8382,8382,-84,-0.99,8466,0,0.0,8382,8382,1399-6-15
813,ضگل8063,اختيارخ كگل-19100-1399/08/21,2,11,66000000,7000,6000,6000,-1000,-14.29,6000,-1000,-14.29,6000,6000,1399-6-15
814,اخزا716,اسنادخزانه-م16بودجه97-000407,2,905,784774870,869884,867154,867156,-2728,-0.31,867155,-2729,-0.31,867154,867156,1399-6-15
815,ضغدر8048,اختيارخ وغدير-22000-1399/08/26,2,3,8998000,2997,3000,2999,2,0.07,2999,2,0.07,2999,3000,1399-6-15
816,ضخود7050,اختيارخ خودرو-1200-1399/07/09,2,9,20200000,2203,2200,2300,97,4.4,2244,41,1.86,2200,2300,1399-6-15
817,ضپار8013,اختيارخ خپارس-2600-1399/08/18,2,2,18000000,9429,9000,9000,-429,-4.55,9000,-429,-4.55,9000,9000,1399-6-15
818,ضسپا8019,اختيارخ خساپا-2600-1399/08/26,2,9,9900000,3390,1100,1100,-2290,-67.55,1100,-2290,-67.55,1100,1100,1399-6-15
819,صايپا112,صكوك مرابحه سايپا112-3ماهه 16%,2,7,6909700,1000006,987100,987100,-12906,-1.29,987100,-12906,-1.29,987100,987100,1399-6-15
820,صايپا908,صكوك مرابحه سايپا908-3ماهه 18%,2,7,6985000,1003360,995000,999000,-4360,-0.43,997857,-5503,-0.55,995000,999000,1399-6-15
821,ضملي8079,اختيارخ فملي-33750-1399/08/06,2,3,21200000,7000,7000,7200,200,2.86,7067,67,0.96,7000,7200,1399-6-15
822,صايپا998,صكوك مرابحه سايپا998-3ماهه 18%,2,11,10944450,996357,994950,994950,-1407,-0.14,994950,-1407,-0.14,994950,994950,1399-6-15
823,تملي705,تسهيلات مسكن ب. ملي-مرداد97,2,76,13404887,168722,168722,177157,8435,5.0,176380,7658,4.54,168722,177157,1399-6-15
824,زعف9908پ12,زعفران9908پوشالمعمول سحرخيز(پ),2,82,5207041,69096,62501,64500,-4596,-6.65,63500,-5596,-8.1,62501,64500,1399-6-15
825,گندم2,مرابحه گندم2-واجدشرايط خاص1400,2,3100,2918506000,965000,940002,985000,20000,2.07,941454,-23546,-2.44,940002,985000,1399-6-15
826,غگز,گز سكه,2,27000,945000000,36490,35000,35000,-1490,-4.08,35000,-1490,-4.08,35000,35000,1399-6-15
827,ضسپا8007,اختيارخ خساپا-1100-1399/08/26,2,6,13800000,2000,2300,2300,300,15.0,2300,300,15.0,2300,2300,1399-6-15
828,صمسكن912,ص دين مسكن جنوب-ماهانه16درصد,2,22,4096972,196023,186226,186226,-9797,-5.0,186226,-9797,-5.0,186226,186226,1399-6-15
829,ضگل8066,اختيارخ كگل-25100-1399/08/21,2,16,42800000,1900,2500,3200,1300,68.42,2675,775,40.79,2500,3200,1399-6-15
830,اطلس2,صندوق س.توسعه اندوخته آينده-س,2,20000,20000,191196,1,1,-191195,-100.0,1,-191195,-100.0,1,1,1399-6-15
831,تملي701,تسهيلات مسكن ب. ملي-فروردين97,1,2,584026,278108,292013,292013,13905,5.0,292013,13905,5.0,292013,292013,1399-6-15
832,ضفار8038,اختيارخ فارس-13826-1399/08/06,1,22,110000000,8400,5000,5000,-3400,-40.48,5000,-3400,-40.48,5000,5000,1399-6-15
833,اعتماد4,صندوق س.اعتماد آفرين پارسيان-د,1,6484060,208767279820,32184,32197,32197,13,0.04,32197,13,0.04,32197,32197,1399-6-15
834,ضسپا8016,اختيارخ خساپا-2000-1399/08/26,1,5,5700000,2500,1140,1140,-1360,-54.4,1140,-1360,-54.4,1140,1140,1399-6-15
835,سنفت992,سلف نفت خام سبك داخلي 992,1,1000,708500000,708500,708500,708500,0,0.0,708500,0,0.0,708500,708500,1399-6-15
836,ضملي8062,اختيارخ فملي -9750-1399/08/06,1,1,31000000,30800,31000,31000,200,0.65,31000,200,0.65,31000,31000,1399-6-15
837,ضخوز7029,اختيارخ فخوز-47470-1399/07/20,1,5,50000000,10000,10000,10000,0,0.0,10000,0,0.0,10000,10000,1399-6-15
838,ضگل8060,اختيارخ كگل-16100-1399/08/21,1,2,14000000,7500,7000,7000,-500,-6.67,7000,-500,-6.67,7000,7000,1399-6-15
839,صگل1411,ص اجاره گل گهر 1411-3 ماهه 17%,1,4,4000000,1000000,1000000,1000000,0,0.0,1000000,0,0.0,1000000,1000000,1399-6-15
840,ضفار8043,اختيارخ فارس-18826-1399/08/06,1,2,6000000,5800,3000,3000,-2800,-48.28,3000,-2800,-48.28,3000,3000,1399-6-15
841,ضمخا7050,اختيارخ اخابر-14750-1399/07/30,1,5,45000000,14067,9000,9000,-5067,-36.02,9000,-5067,-36.02,9000,9000,1399-6-15
842,ضفلا8082,اختيارخ فولاد-13775-1399/08/28,1,5,29000000,5998,5800,5800,-198,-3.3,5800,-198,-3.3,5800,5800,1399-6-15
843,فولاد2,فولاد مباركه اصفهان,1,1000000,18490000000,17610,18490,18490,880,5.0,18490,880,5.0,18490,18490,1399-6-15
844,فايرا2,آلومينيوم‌ايران‌,1,4000000,92960000000,23240,23240,23240,0,0.0,23240,0,0.0,23240,23240,1399-6-15
845,ضخود7059,اختيارخ خودرو-4400-1399/07/09,1,50,25050000,351,501,501,150,42.74,501,150,42.74,501,501,1399-6-15
846,تملي801,تسهيلات مسكن ب. ملي-فروردين98,1,1,214355,204148,214355,214355,10207,5.0,214355,10207,5.0,214355,214355,1399-6-15
847,ضفلا8055,اختيارخ فولاد-2513-1399/08/28,1,1,17705688,13000,11011,11011,-1989,-15.3,11011,-1989,-15.3,11011,11011,1399-6-15
848,ضصاد8022,اختيارخ وبصادر-4800-1399/08/11,1,40,14200000,105,355,355,250,238.1,355,250,238.1,355,355,1399-6-15
849,كاريس2,صندوق س.سپهر كاريزما-س,1,100000,100000,211356,1,1,-211355,-100.0,1,-211355,-100.0,1,1,1399-6-15
850,مكرج112,مشاركت شهرداري كرج-3ماهه18%,1,1000,963000000,945000,963000,963000,18000,1.9,963000,18000,1.9,963000,963000,1399-6-15
851,ضفلا8084,اختيارخ فولاد-15775-1399/08/28,1,20,114000000,5364,5700,5700,336,6.26,5700,336,6.26,5700,5700,1399-6-15
852,شستا2,سرمايه گذاري تامين اجتماعي,1,10100000,383800000000,39720,38000,38000,-1720,-4.33,38000,-1720,-4.33,38000,38000,1399-6-15
853,تملي712,تسهيلات مسكن ب. ملي-اسفند97,1,1,277755,264529,277755,277755,13226,5.0,277755,13226,5.0,277755,277755,1399-6-15
854,ضصاد8016,اختيارخ وبصادر-3600-1399/08/11,1,3,2640000,998,880,880,-118,-11.82,880,-118,-11.82,880,880,1399-6-15
855,تملي710,تسهيلات مسكن ب. ملي-دي97,1,3,752229,238803,250743,250743,11940,5.0,250743,11940,5.0,250743,250743,1399-6-15
856,ضپنا7045,اختيارخ رمپنا-40407-1399/07/13,1,2,2000000,530,1000,1000,470,88.68,1000,470,88.68,1000,1000,1399-6-15
857,سنفت2996,سلف نفت خام سبك داخلي 2996,1,1000,705833000,705833,705833,705833,0,0.0,705833,0,0.0,705833,705833,1399-6-15
858,تملي803,تسهيلات مسكن ب. ملي-خرداد98,1,2,298990,142377,149495,149495,7118,5.0,149495,7118,5.0,149495,149495,1399-6-15
859,ضخود7054,اختيارخ خودرو-3400-1399/07/09,1,21,10752000,682,512,512,-170,-24.93,512,-170,-24.93,512,512,1399-6-15
860,لوتوس99,اجاره لوتوس پارسيان990717,1,9,9045000,1005000,1005000,1005000,0,0.0,1005000,0,0.0,1005000,1005000,1399-6-15
861,ضملي8078,اختيارخ فملي-31750-1399/08/06,1,5,34500000,6000,6900,6900,900,15.0,6900,900,15.0,6900,6900,1399-6-15
862,اشاد1,مشاركت دولتي1-شرايط خاص001026,1,3000,2835000000,981000,945000,945000,-36000,-3.67,945000,-36000,-3.67,945000,945000,1399-6-15
863,وبصادر2,بانك صادرات ايران,1,150000000,531000000000,3410,3540,3540,130,3.81,3540,130,3.81,3540,3540,1399-6-15
864,تملي711,تسهيلات مسكن ب. ملي-بهمن97,1,1,285552,271955,285552,285552,13597,5.0,285552,13597,5.0,285552,285552,1399-6-15
865,ضفلا8068,اختيارخ فولاد-4751-1399/08/28,1,1,24120000,13050,15000,15000,1950,14.94,15000,1950,14.94,15000,15000,1399-6-15
866,اشاد9,مشاركت دولتي9-شرايط خاص990909,1,100,99999800,998000,999998,999998,1998,0.2,999998,1998,0.2,999998,999998,1399-6-15
867,ضفلا8070,اختيارخ فولاد-5775-1399/08/28,1,1,12000000,14000,12000,12000,-2000,-14.29,12000,-2000,-14.29,12000,12000,1399-6-15
868,فخوز2,فولاد  خوزستان,1,412004,19528989600,45150,47400,47400,2250,4.98,47400,2250,4.98,47400,47400,1399-6-15
869,ضمخا7036,اختيارخ اخابر-2750-1399/07/30,1,1,18500000,19500,18500,18500,-1000,-5.13,18500,-1000,-5.13,18500,18500,1399-6-15
870,ضفلا8060,اختيارخ فولاد-3507-1399/08/28,1,1,24441600,14037,15200,15200,1163,8.29,15200,1163,8.29,15200,15200,1399-6-15
871,ميدكو2,هلدينگ صنايع  معدني خاورميانه,1,30000000,681000000000,22543,22700,22700,157,0.7,22700,157,0.7,22700,22700,1399-6-15
872,سلامت6,مرابحه سلامت6واجدشرايط خاص1400,1,1000,940001000,955000,940001,940001,-14999,-1.57,940001,-14999,-1.57,940001,940001,1399-6-15
873,وسپه2,سرمايه‌گذاري‌ سپه‌,1,10000000,159300000000,15180,15930,15930,750,4.94,15930,750,4.94,15930,15930,1399-6-15
874,ضفار8029,اختيارخ فارس-7326-1399/08/06,1,1,12600000,11500,12600,12600,1100,9.57,12600,1100,9.57,12600,12600,1399-6-15
875,ضصاد8021,اختيارخ وبصادر-4600-1399/08/11,1,30,16500000,366,550,550,184,50.27,550,184,50.27,550,550,1399-6-15
876,ضچاد7018,اختيارخ كچاد-15300-1399/07/07,1,23,92000000,6600,4000,4000,-2600,-39.39,4000,-2600,-39.39,4000,4000,1399-6-15
877,اروند05,منفعت صبا اروند لوتوس 14001113,1,1000,1015000000,1045000,1015000,1015000,-30000,-2.87,1015000,-30000,-2.87,1015000,1015000,1399-6-15
878,عفولاد3,اوراق سلف موازي ورق گرم فولاد,1,200,155736000,777395,778680,778680,1285,0.17,778680,1285,0.17,778680,778680,1399-6-15
879,ضملي8069,اختيارخ فملي -16750-1399/08/06,1,4,76000000,17000,19000,19000,2000,11.76,19000,2000,11.76,19000,19000,1399-6-15
880,ياقوت2,صندوق س ياقوت آگاه-ثابت,1,4600000,4600000,10920,1,1,-10919,-99.99,1,-10919,-99.99,1,1,1399-6-15
881,ضمخا7037,اختيارخ اخابر-2950-1399/07/30,1,1,18000000,23250,18000,18000,-5250,-22.58,18000,-5250,-22.58,18000,18000,1399-6-15
882,شسپا2,نفت سپاهان,1,4500000,108495000000,25270,24110,24110,-1160,-4.59,24110,-1160,-4.59,24110,24110,1399-6-15
883,مبين012,اجاره اعتماد مبين تمدن010710,1,500,487500000,950000,975000,975000,25000,2.63,975000,25000,2.63,975000,975000,1399-6-15
884,حريل02,اجاره ريل پردازسير021212,1,1000,945000000,976975,945000,945000,-31975,-3.27,945000,-31975,-3.27,945000,945000,1399-6-15
885,اراد42,مرابحه عام دولت4-ش.خ 0106,1,1000,977710000,997710,977710,977710,-20000,-2.0,977710,-20000,-2.0,977710,977710,1399-6-15
886,ضفار8042,اختيارخ فارس-17826-1399/08/06,1,20,49980000,1000,2499,2499,1499,149.9,2499,1499,149.9,2499,2499,1399-6-15
887,تملي802,تسهيلات مسكن ب. ملي-ارديبهشت98,1,1,278719,265447,278719,278719,13272,5.0,278719,13272,5.0,278719,278719,1399-6-15
888,فارس2,صنايع پتروشيمي خليج فارس,1,5000000,133050000000,26220,26610,26610,390,1.49,26610,390,1.49,26610,26610,1399-6-15
889,ضسپا8038,اختيارخ خساپا-8500-1399/08/26,1,1,112000,385,112,112,-273,-70.91,112,-273,-70.91,112,112,1399-6-15
890,افاد54,منفعت دولت5-ش.خاص لوتوس0108,1,2000,1584000000,795000,792000,792000,-3000,-0.38,792000,-3000,-0.38,792000,792000,1399-6-15
891,كچاد2,معدني‌وصنعتي‌چادرملو,1,2000000,34380000000,16380,17190,17190,810,4.95,17190,810,4.95,17190,17190,1399-6-15
