,نماد,نام,تعداد,حجم,ارزش,دیروز,اولین,آخرین معامله - مقدار,آخرین معامله - تغییر,آخرین معامله - درصد,قیمت پایانی - مقدار,قیمت پایانی - تغییر,قیمت پایانی - درصد,کمترین,بیشترین,تاریخ
0,دارا يكم,صندوق واسطه گري مالي يكم-سهام,111236,24003363,5789182042650,222710,230000,244980,22270,10.0,241180,18470,8.29,230000,244980,1399-6-25
1,آبادا,توليد نيروي برق آبادان,62110,18955721,519151223690,26340,26230,27650,1310,4.97,27390,1050,3.99,26200,27650,1399-6-25
2,بگيلان,توسعه مسير برق گيلان,60264,13371732,498452329800,35864,35677,37657,1793,5.0,37277,1413,3.94,35677,37657,1399-6-25
3,غزر,صنعتي زر ماكارون,56609,7185414,534937957530,71670,72100,75250,3580,5.0,74450,2780,3.88,68090,75250,1399-6-25
4,وپارس,بانك‌پارسيان‌,50376,975631447,5352414326670,5280,5290,5540,260,4.92,5490,210,3.98,5290,5540,1399-6-25
5,امين,تامين سرمايه امين,47527,20021512,317609679620,15200,15580,15960,760,5.0,15860,660,4.34,15150,15960,1399-6-25
6,سيتا,سرمايه گذاري سيمان تامين,46407,32612503,712015564800,20920,21450,21960,1040,4.97,21830,910,4.35,21020,21960,1399-6-25
7,وبملت,بانك ملت,41408,709373166,4453046560220,6000,6130,6300,300,5.0,6280,280,4.67,6100,6300,1399-6-25
8,بركت,گروه دارويي بركت,39113,121009035,2439384569850,19660,19800,20630,970,4.93,20160,500,2.54,18900,20640,1399-6-25
9,غگل,گلوكوزان‌,37665,274898320,1816527815760,6660,6330,6790,130,1.95,6610,-50,-0.75,6330,6900,1399-6-25
10,زملارد,كشاورزي و دامپروري ملارد شير,35951,1567781,60997655367,37055,38907,38907,1852,5.0,38907,1852,5.0,38907,38907,1399-6-25
11,وساپا,سرمايه‌گذاري‌ سايپا,35013,211036047,2667676648150,12940,12300,12870,-70,-0.54,12640,-300,-2.32,12300,13390,1399-6-25
12,فملي,ملي‌ صنايع‌ مس‌ ايران‌,34893,119523124,4229415365190,33750,35390,35430,1680,4.98,35390,1640,4.86,34430,35430,1399-6-25
13,خپارس,پارس‌ خودرو,33284,242930751,2579545684620,10450,10200,10970,520,4.98,10620,170,1.63,9940,10970,1399-6-25
14,ثبهساز,بهساز كاشانه تهران,30194,36768506,163619851700,4240,4450,4450,210,4.95,4450,210,4.95,4450,4450,1399-6-25
15,خمحركه,نيرو محركه‌,28891,132910070,1298968503420,9860,9370,10020,160,1.62,9770,-90,-0.91,9370,10240,1399-6-25
16,گدنا,تهيه توزيع غذاي دنا آفرين فدك,27693,354849,2307583047,6194,6503,6503,309,4.99,6208,14,0.23,6503,6503,1399-6-25
17,خودرو,ايران‌ خودرو,23964,1166927150,3980524874480,3430,3400,3560,130,3.79,3410,-20,-0.58,3400,3570,1399-6-25
18,رافزا,رايان هم افزا,22381,149931,4441406013,28213,29623,29623,1410,5.0,28331,118,0.42,29623,29623,1399-6-25
19,بپيوند,برق و انرژي پيوندگستر پارس,22089,2231253,60614218998,25873,27166,27166,1293,5.0,27166,1293,5.0,27166,27166,1399-6-25
20,ساوه,سيمان ساوه,21292,5788405,448710710189,78664,74731,77130,-1534,-1.95,77519,-1145,-1.46,74731,81400,1399-6-25
21,خزاميا,زامياد,19988,113060752,1989115370110,18200,17290,17700,-500,-2.75,17590,-610,-3.35,17290,18490,1399-6-25
22,دي,بانك دي,19563,54422863,2359959337250,41810,42000,43900,2090,5.0,43363,1553,3.71,41000,43900,1399-6-25
23,خبهمن,گروه‌بهمن‌,18267,92100289,2625133816880,28430,27750,29800,1370,4.82,28500,70,0.25,27010,29850,1399-6-25
24,ولپارس,ليزينگ پارسيان,17886,1374118,5482730820,3800,3990,3990,190,5.0,3820,20,0.53,3990,3990,1399-6-25
25,آريا,پليمر آريا ساسول,17742,961404,160220860812,158718,166653,166653,7935,5.0,166653,7935,5.0,166653,166653,1399-6-25
26,وتجارت,بانك تجارت,16269,439819217,1521005259380,3300,3460,3460,160,4.85,3460,160,4.85,3390,3460,1399-6-25
27,تاپيكو,س. نفت و گاز و پتروشيمي تأمين,15389,163933302,3382928955580,17540,20010,21010,3470,19.78,20640,3100,17.67,20010,21010,1399-6-25
28,وآيند,بانك  آينده,14765,162069059,4438786770873,27850,28001,27293,-557,-2.0,27388,-462,-1.66,27293,28400,1399-6-25
29,ولساپا,ليزينگ رايان‌ سايپا,14584,129726507,646920223860,4870,4870,5110,240,4.93,4990,120,2.46,4750,5110,1399-6-25
30,ورنا,سرمايه‌گذاري‌ رنا(هلدينگ‌,14569,81757967,985795031290,12220,11610,12390,170,1.39,12060,-160,-1.31,11610,12780,1399-6-25
31,ثاختح,ح . بين‌المللي‌توسعه‌ساختمان,14076,193113745,581944965340,3030,3140,2980,-50,-1.65,3010,-20,-0.66,2870,3150,1399-6-25
32,فولاد,فولاد مباركه اصفهان,13528,96504033,1891479046800,18670,19600,19600,930,4.98,19600,930,4.98,19600,19600,1399-6-25
33,فاراك,ماشين‌ سازي‌ اراك‌,12733,98534900,1143318543550,11100,11300,11650,550,4.95,11600,500,4.5,11250,11650,1399-6-25
34,ثاميد,توسعه و عمران اميد,12402,33162228,69972301080,2010,2110,2110,100,4.98,2110,100,4.98,2110,2110,1399-6-25
35,خكرمان,گروه اقتصادي كرمان خودرو,11520,119641010,879908083206,7626,7245,7355,-271,-3.55,7355,-271,-3.55,7245,7690,1399-6-25
36,شصدفح,ح . صنعتي دوده فام,11399,2858087,58001891033,19775,20000,20430,655,3.31,20294,519,2.62,19999,20690,1399-6-25
37,غشهداب,كشت و صنعت شهداب ناب خراسان,11332,81106521,475232096656,5898,5604,5850,-48,-0.81,5859,-39,-0.66,5604,6140,1399-6-25
38,ماديرا,صنايع ماشين هاي اداري ايران,11127,19992929,802605158178,39527,39610,40020,493,1.25,40144,617,1.56,38700,41360,1399-6-25
39,آريان,سرمايه گذاري پارس آريان,10897,254703343,4071487236841,16411,15919,16240,-171,-1.04,15985,-426,-2.6,15919,16350,1399-6-25
40,آگاس,صندوق س.هستي بخش آگاه-س,10853,33051354,2644982842321,67500,80000,82600,15100,22.37,80026,12526,18.56,79010,82888,1399-6-25
41,وتوس,توسعه‌شهري‌توس‌گستر,9495,39370231,1213158922650,32250,30640,30640,-1610,-4.99,30810,-1440,-4.47,30640,32050,1399-6-25
42,خساپا,سايپا,9246,236677271,710031813000,2860,3000,3000,140,4.9,3000,140,4.9,3000,3000,1399-6-25
43,حفاري,حفاري شمال,8839,52431155,707466615520,12910,13300,13550,640,4.96,13490,580,4.49,13040,13550,1399-6-25
44,داناح,ح . بيمه دانا,8599,278835086,1310076933600,5010,5510,5510,500,9.98,4700,-310,-6.19,4510,5510,1399-6-25
45,فخوز,فولاد  خوزستان,8234,30403565,1559889471240,49050,50000,51500,2450,4.99,51310,2260,4.61,49500,51500,1399-6-25
46,شپلي,پلي اكريل ايران,8088,115812737,1016682818799,9211,8751,8751,-460,-4.99,8779,-432,-4.69,8751,8988,1399-6-25
47,خكاوه,سايپا ديزل,7978,90078552,622449396225,7242,6880,6880,-362,-5.0,6910,-332,-4.58,6880,7090,1399-6-25
48,كماسه,تامين‌ ماسه‌ ريخته‌گري‌,7606,9620460,639617223690,69750,66270,67300,-2450,-3.51,66490,-3260,-4.67,66270,68110,1399-6-25
49,كمند,صندوق س. با درآمد ثابت كمند,7248,343444299,3456034086290,10090,10060,10070,-20,-0.2,10060,-30,-0.3,10030,10080,1399-6-25
50,سرو,صندوق س سروسودمند مدبران-سهام,7241,9848571,705951818530,68150,69900,72500,4350,6.38,71680,3530,5.18,69900,72890,1399-6-25
51,غپينو,پارس‌ مينو,7177,43565593,293923692210,6670,0,6920,250,3.75,6750,80,1.2,6340,7000,1399-6-25
52,غگيلا,شيرپاستوريزه پگاه گيلان,7169,161816,2587114208,15227,15988,15988,761,5.0,15264,37,0.24,15988,15988,1399-6-25
53,ذوب,سهامي ذوب آهن  اصفهان,7046,67457905,454938118625,6467,6692,6790,323,4.99,6744,277,4.28,6569,6790,1399-6-25
54,اميد,تامين سرمايه اميد,6911,44890575,827451593320,19070,18120,18300,-770,-4.04,18430,-640,-3.36,18120,19470,1399-6-25
55,ثفارس,عمران‌وتوسعه‌فارس‌,6905,49883167,562594318620,10920,11390,11200,280,2.56,11280,360,3.3,10800,11460,1399-6-25
56,غاذر,كشت‌وصنعت‌پياذر,6897,10342134,999242960190,95740,100520,90960,-4780,-4.99,96620,880,0.92,90960,100520,1399-6-25
57,خاذين,سايپاآذين‌,6794,57631485,496557804100,9040,8590,8590,-450,-4.98,8620,-420,-4.65,8590,8790,1399-6-25
58,بجهرم,توسعه مولد نيروگاهي جهرم,6589,75565999,362902336807,4582,4710,4811,229,5.0,4802,220,4.8,4630,4811,1399-6-25
59,دانا,بيمه دانا,6397,46965050,372357838150,7980,7590,8360,380,4.76,7930,-50,-0.63,7590,8370,1399-6-25
60,تماوند,تامين سرمايه دماوند,6259,34490654,463859321179,13252,12950,13200,-52,-0.39,13449,197,1.49,12650,13880,1399-6-25
61,تبرك,گروه كارخانجات صنعتي تبرك,6004,16940527,538452818907,33283,31619,31619,-1664,-5.0,31785,-1498,-4.5,31619,32480,1399-6-25
62,خمهر,مهركام‌پارس‌,5953,37143245,331337948590,9320,8860,8950,-370,-3.97,8920,-400,-4.29,8860,9200,1399-6-25
63,تملت,تامين سرمايه بانك ملت,5751,17793881,247552365830,13280,13700,13940,660,4.97,13910,630,4.74,13400,13940,1399-6-25
64,سصوفي,سيمان‌ صوفيان‌,5743,15179623,314959003250,21640,20560,20560,-1080,-4.99,20750,-890,-4.11,20560,21530,1399-6-25
65,ثمسكن,سرمايه‌گذاري‌ مسكن‌,5727,45546996,375114998430,8470,8050,8110,-360,-4.25,8240,-230,-2.72,8050,8590,1399-6-25
66,كدماح,ح . معدني‌ دماوند,5642,7555154,785109157100,95360,100000,104900,9540,10.0,103920,8560,8.98,99500,104900,1399-6-25
67,غنوش,نوش‌ مازندران‌,5530,6376411,620388789770,93010,97660,95000,1990,2.14,97290,4280,4.6,93000,97660,1399-6-25
68,ارزش,صندوق س ارزش آفرين بيدار-سهام,5517,30397704,366768284790,11360,11400,12350,990,8.71,12070,710,6.25,11400,12410,1399-6-25
69,پتاير,ايران‌ تاير,5417,4541160,520762615270,114620,109000,114480,-140,-0.12,114680,60,0.05,109000,119000,1399-6-25
70,چكاپا,گروه صنايع كاغذ پارس,5181,40474179,438202273890,10320,10830,10830,510,4.94,10830,510,4.94,10550,10830,1399-6-25
71,بترانس,ايران‌ ترانسفو,4544,8913901,389679954290,41840,42550,43930,2090,5.0,43720,1880,4.49,42100,43930,1399-6-25
72,فارس,صنايع پتروشيمي خليج فارس,4538,25253265,757850482650,28590,30010,30010,1420,4.97,30010,1420,4.97,30010,30010,1399-6-25
73,وايران,ليزينگ ايرانيان,4359,25143265,295210888900,12260,11700,11790,-470,-3.83,11740,-520,-4.24,11650,12600,1399-6-25
74,وبصادر,بانك صادرات ايران,4323,126090932,500581000040,3790,3970,3970,180,4.75,3970,180,4.75,3970,3970,1399-6-25
75,چكارن,كارتن‌ ايران‌,4311,30420608,155869343810,4910,4950,5150,240,4.89,5120,210,4.28,4950,5150,1399-6-25
76,ديران,ايران‌دارو,4148,9836407,249780930660,26570,25250,25260,-1310,-4.93,25390,-1180,-4.44,25250,26000,1399-6-25
77,افقح,ح .فروشگاه زنجيره اي افق كوروش,4147,7416694,515640110340,66863,68020,70170,3307,4.95,69520,2657,3.97,67000,73100,1399-6-25
78,سمگا,گروه سرمايه گذاري ميراث فرهنگي,4141,17726293,330946175276,17957,18600,18854,897,5.0,18670,713,3.97,18030,18854,1399-6-25
79,زكوثر,سرمايه گذاري كشاورزي كوثر,4088,7540587,180758958030,22920,23650,24060,1140,4.97,23970,1050,4.58,22990,24060,1399-6-25
80,كسرا,سراميك‌هاي‌صنعتي‌اردكان‌,4006,9451503,251417195650,27190,25880,26500,-690,-2.54,26600,-590,-2.17,25840,27690,1399-6-25
81,گكوثر,هتل پارسيان كوثر اصفهان,3961,1898043,379716979740,205711,195426,202988,-2723,-1.32,200057,-5654,-2.75,195426,212499,1399-6-25
82,غسالم,سالمين‌,3926,20724798,113367053520,5270,5290,5530,260,4.93,5470,200,3.8,5290,5530,1399-6-25
83,شگويا,پتروشيمي تندگويان,3903,8685934,140138859156,15366,16134,16134,768,5.0,16134,768,5.0,16134,16134,1399-6-25
84,شصدف,صنعتي دوده فام,3877,86965,1715993380,18793,19732,19732,939,5.0,18823,30,0.16,19732,19732,1399-6-25
85,شپترو,پتروشيمي آبادان,3826,35198409,252171018185,7510,7140,7135,-375,-4.99,7164,-346,-4.61,7135,7401,1399-6-25
86,رتاپ,تجارت الكترونيك  پارسيان,3686,18282096,214491530430,11200,11650,11760,560,5.0,11730,530,4.73,11200,11760,1399-6-25
87,وگستر,گسترش سرمايه گذاري ايرانيان,3651,12631068,289279036679,23753,22566,23200,-553,-2.33,22902,-851,-3.58,22566,24000,1399-6-25
88,دزهراوي,داروسازي‌زهراوي‌,3439,10478184,145009043410,13410,13670,14080,670,5.0,13840,430,3.21,13040,14080,1399-6-25
89,افق,فروشگاههاي زنجيره اي افق كوروش,3422,3247091,245895805050,73000,76590,76000,3000,4.11,75730,2730,3.74,73000,76590,1399-6-25
90,امين يكم,صندوق درآمد ثابت امين يكم فردا,3417,113852022,1186880206410,10490,10470,10400,-90,-0.86,10420,-70,-0.67,10380,10470,1399-6-25
91,رنيك,جنرال مكانيك,3379,7601426,199595680986,26922,25576,25922,-1000,-3.71,26258,-664,-2.47,25576,27500,1399-6-25
92,كويرح,ح. توليدي فولاد سپيد فراب كوير,3316,12839530,163882586670,11810,12100,12990,1180,9.99,12760,950,8.04,12000,12990,1399-6-25
93,عيار,صندوق س. پشتوانه طلاي مفيد,3295,3434858,149583469140,46765,47300,42089,-4676,-10.0,43549,-3216,-6.88,42089,47300,1399-6-25
94,وزمين,بانك ايران زمين,3255,37181135,699299120254,19031,18651,19300,269,1.41,18808,-223,-1.17,18651,19370,1399-6-25
95,وصندوق,سرمايه‌گذاري‌صندوق‌بازنشستگي‌,3151,43578089,804478094770,17610,18480,18490,880,5.0,18460,850,4.83,17780,18490,1399-6-25
96,نوري,پتروشيمي نوري,3140,3048187,577853824200,180850,188000,189890,9040,5.0,189570,8720,4.82,186200,189890,1399-6-25
97,خشرق,الكتريك‌ خودرو شرق‌,3138,11139337,223913013570,20890,19850,20120,-770,-3.69,20100,-790,-3.78,19850,20850,1399-6-25
98,سشرق,سيمان‌ شرق‌,3129,19265818,161467036460,8030,8050,8360,330,4.11,8380,350,4.36,8050,8430,1399-6-25
99,سپاها,سيمان‌سپاهان‌,3102,13952065,146641387320,10080,10070,10450,370,3.67,10510,430,4.27,9860,10580,1399-6-25
100,ثاخت,بين‌المللي‌توسعه‌ساختمان,3041,22964043,118770125240,4940,5170,5180,240,4.86,5170,230,4.66,5060,5180,1399-6-25
101,غمينو,شركت صنايع غذايي مينو شرق,2992,7223522,117024628177,16852,16010,16023,-829,-4.92,16200,-652,-3.87,16010,16746,1399-6-25
102,ميهن,بيمه ميهن,2984,31457661,185614902953,6174,5866,5870,-304,-4.92,5900,-274,-4.44,5866,6140,1399-6-25
103,پارس,پتروشيمي پارس,2981,3685355,612882588240,158400,166320,166320,7920,5.0,166300,7900,4.99,161020,166320,1399-6-25
104,نطرين,عطرين نخ قم,2979,10578919,193409514136,19162,18204,18204,-958,-5.0,18283,-879,-4.59,18204,19162,1399-6-25
105,خگستر,گسترش‌سرمايه‌گذاري‌ايران‌خودرو,2976,44120057,265773035460,6080,6020,6090,10,0.16,6020,-60,-0.99,6020,6090,1399-6-25
106,آوا,صندوق س.سهام آواي معيار-س,2922,11885366,125950616996,9789,10100,10998,1209,12.35,10597,808,8.25,10070,10998,1399-6-25
107,وكادو,تكادو,2889,9797264,203012295672,21088,20200,20041,-1047,-4.96,20721,-367,-1.74,20041,21740,1399-6-25
108,ولشرق,ليزينگ ايران و شرق,2811,23832065,220970537999,9473,9000,9264,-209,-2.21,9272,-201,-2.12,9000,9650,1399-6-25
109,آتيمس,صندوق س.آرمان آتيه درخشان مس-س,2756,1199124,305224703726,243046,250519,256900,13854,5.7,254540,11494,4.73,245000,258999,1399-6-25
110,حريل,ريل پردازسير,2750,21536807,106183735213,4720,4845,4956,236,5.0,4930,210,4.45,4730,4956,1399-6-25
111,سامان,بانك سامان,2740,46583845,690549503253,14400,14772,14832,432,3.0,14824,424,2.94,14500,14832,1399-6-25
112,همراه,شركت ارتباطات سيار ايران,2715,6324948,282487615400,42620,43690,44750,2130,5.0,44660,2040,4.79,43120,44750,1399-6-25
113,سكرد,سيمان كردستان,2709,11448044,130140361020,11650,11070,11230,-420,-3.61,11370,-280,-2.4,11070,11900,1399-6-25
114,فسپا,گروه‌صنعتي‌سپاهان‌,2707,6745579,341587090260,48840,50000,51280,2440,5.0,50640,1800,3.69,49000,51280,1399-6-25
115,وهور,مديريت انرژي اميد  تابان هور,2685,7588150,345733157572,44037,44490,45693,1656,3.76,45562,1525,3.46,43010,46238,1399-6-25
116,وسبحان,سرمايه گذاري سبحان,2663,20012240,204810323851,9769,10124,10256,487,4.99,10234,465,4.76,10000,10257,1399-6-25
117,وصنعت,سرمايه گذاري توسعه صنعت وتجارت,2632,20133447,210513823370,10000,10310,10500,500,5.0,10460,460,4.6,10180,10500,1399-6-25
118,فيروزه,صندوق شاخص30 شركت فيروزه- سهام,2591,1973151,427619682570,207430,213900,215000,7570,3.65,216720,9290,4.48,210000,225000,1399-6-25
119,غشهد,شهد ايران ‌,2589,12527859,103758884550,8550,8130,8130,-420,-4.91,8280,-270,-3.16,8130,8750,1399-6-25
120,خرينگ,رينگ‌سازي‌مشهد,2581,4369741,130089960970,31150,29600,29600,-1550,-4.98,29770,-1380,-4.43,29600,30900,1399-6-25
121,زنجان,صنايع كشاورزي وكود زنجان,2546,17570653,128791390844,7626,7245,7328,-298,-3.91,7330,-296,-3.88,7245,7920,1399-6-25
122,ركيش,كارت اعتباري ايران كيش,2540,14802778,268107438100,19000,18050,18050,-950,-5.0,18110,-890,-4.68,18050,18800,1399-6-25
123,غصينو,صنعتي مينو,2496,11597996,378394713971,34327,32611,32611,-1716,-5.0,32626,-1701,-4.96,32611,33298,1399-6-25
124,ملت,بيمه ملت,2488,8330154,124429214090,15070,14320,14940,-130,-0.86,14940,-130,-0.86,14320,15800,1399-6-25
125,وتوكاح,ح . ‌توكافولاد(هلدينگ‌,2471,12035060,117349110069,9041,9300,9950,909,10.05,9751,710,7.85,9060,9950,1399-6-25
126,شيران,س. صنايع‌شيميايي‌ايران,2451,6930322,241766538870,33370,34400,35030,1660,4.97,34890,1520,4.55,33820,35030,1399-6-25
127,كرازي,كارخانجات‌توليدي‌شيشه‌رازي‌,2438,6270397,122595935160,19380,19430,19500,120,0.62,19550,170,0.88,18910,19960,1399-6-25
128,فروي,ذوب روي اصفهان,2395,1917291,112452576748,56003,58709,58803,2800,5.0,58652,2649,4.73,57500,58803,1399-6-25
129,كاما,باما,2380,2942881,526770096570,170860,178000,179400,8540,5.0,179000,8140,4.76,175000,179400,1399-6-25
130,وملل,اعتباري ملل,2379,22441901,342848810763,14572,15170,15300,728,5.0,15277,705,4.84,14700,15300,1399-6-25
131,دماوند,توليد نيروي برق دماوند,2358,2894530,191126863700,63259,64900,66421,3162,5.0,66030,2771,4.38,64524,66421,1399-6-25
132,اطلس,صندوق س.توسعه اندوخته آينده-س,2352,842155,179571620106,204248,208000,215580,11332,5.55,213229,8981,4.4,208000,215980,1399-6-25
133,تليسه,دامداري تليسه نمونه,2328,1669262,121454219565,69705,70111,73190,3485,5.0,72759,3054,4.38,70000,73190,1399-6-25
134,ختورح,ح . رادياتور ايران‌,2270,4385215,114840094370,24950,26000,26710,1760,7.05,26190,1240,4.97,25000,26720,1399-6-25
135,سدور,سيمان‌ دورود,2266,10446303,94690720970,9360,8900,9000,-360,-3.85,9060,-300,-3.21,8900,9500,1399-6-25
136,زقيام,كشت و دام قيام اصفهان,2253,3792890,123120704407,33771,32100,32083,-1688,-5.0,32461,-1310,-3.88,32083,34399,1399-6-25
137,وخاور,بانك خاورميانه,2250,14495444,163610453080,10760,11290,11290,530,4.93,11290,530,4.93,11170,11290,1399-6-25
138,غگرجي,بيسكويت‌  گرجي‌,2249,2525062,98152952180,38730,37000,40400,1670,4.31,38870,140,0.36,37000,40660,1399-6-25
139,ختوقا,قطعات‌ اتومبيل‌ ايران‌,2244,27778866,123116120180,4240,4400,4450,210,4.95,4430,190,4.48,4280,4450,1399-6-25
140,شفارس,صنايع‌ شيميايي‌ فارس‌,2243,5914309,213882573800,37810,35920,36400,-1410,-3.73,36160,-1650,-4.36,35920,37590,1399-6-25
141,شپاس,نفت پاسارگاد,2242,5565969,140590612212,25421,24150,25874,453,1.78,25259,-162,-0.64,24150,26500,1399-6-25
142,كرمان,س. توسعه و عمران استان كرمان,2231,7781131,692279443939,93651,88969,88969,-4682,-5.0,88969,-4682,-5.0,88969,88969,1399-6-25
143,غشان,شيرپاستوريزه‌پگاه‌خراسان‌,2203,2118688,125763411270,62290,59180,59180,-3110,-4.99,59360,-2930,-4.7,59180,61980,1399-6-25
144,فروس,فروسيليس‌ ايران‌,2195,4217582,101388280120,23420,23010,24490,1070,4.57,24040,620,2.65,22510,24590,1399-6-25
145,پارند,صندوق س. پارند پايدار سپهر,2175,86496875,1010060772080,11650,11670,11700,50,0.43,11680,30,0.26,11550,11710,1399-6-25
146,ثشاهد,سرمايه‌ گذاري‌ شاهد,2160,2930591,154705898890,55560,52790,52790,-2770,-4.99,52790,-2770,-4.99,52790,52790,1399-6-25
147,اخابر,مخابرات ايران,2158,13260352,283025305910,20390,21100,21400,1010,4.95,21340,950,4.66,20630,21400,1399-6-25
148,پاكشو,گروه صنعتي پاكشو,2152,5193630,379623282320,70050,73550,71600,1550,2.21,73090,3040,4.34,66550,73550,1399-6-25
149,وبوعلي,سرمايه‌گذاري‌بوعلي‌,2125,9865011,93330688390,9100,9130,9550,450,4.95,9460,360,3.96,9130,9550,1399-6-25
150,قشرين,قند شيرين خراسان,2119,8617048,193381477818,22635,22100,21956,-679,-3.0,22442,-193,-0.85,21956,23190,1399-6-25
151,سمازن,سيمان‌مازندران‌,2117,7391083,79397741310,10490,10300,10750,260,2.48,10740,250,2.38,9970,11000,1399-6-25
152,واميد,گروه مديريت سرمايه گذاري اميد,2115,6544120,298632909920,43750,45790,45920,2170,4.96,45630,1880,4.3,43800,45930,1399-6-25
153,وغدير,سرمايه‌گذاري‌غدير(هلدينگ‌,2096,24620136,415834097040,16090,16890,16890,800,4.97,16890,800,4.97,16890,16890,1399-6-25
154,اعتماد,صندوق س.اعتماد آفرين پارسيان-د,2078,63915390,2067993844050,32341,32355,32354,13,0.04,32355,14,0.04,32354,32360,1399-6-25
155,كلر,كلر پارس,2053,956451,67681197590,67876,69999,71269,3393,5.0,70763,2887,4.25,69100,71269,1399-6-25
156,غويتا,ويتانا,2015,8785530,590567513202,64117,67000,67000,2883,4.5,67220,3103,4.84,64900,67322,1399-6-25
157,دكوثر,داروسازي‌ كوثر,2011,5380284,151941173640,29650,28170,28170,-1480,-4.99,28240,-1410,-4.76,28170,28990,1399-6-25
158,آبين,كشت و صنعت آبشيرين,2011,12830696,58683416041,4790,4551,4551,-239,-4.99,4574,-216,-4.51,4551,4790,1399-6-25
159,ولصنم,ليزينگ‌صنعت‌ومعدن‌,1973,10432399,119435271170,10940,11010,11480,540,4.94,11450,510,4.66,11010,11480,1399-6-25
160,قرن,پديده شيمي قرن,1943,1972400,116087218270,56080,58880,58880,2800,4.99,58860,2780,4.96,56680,58880,1399-6-25
161,تنوين,تامين سرمايه نوين,1942,14978318,175050546920,11140,11650,11690,550,4.94,11690,550,4.94,11500,11690,1399-6-25
162,دبالك,مواد اوليه دارويي البرز بالك,1941,4941437,97258749629,20206,19196,19201,-1005,-4.97,19682,-524,-2.59,19196,20680,1399-6-25
163,پكوير,كوير تاير,1892,4714260,76386354020,15530,15560,16300,770,4.96,16200,670,4.31,15560,16300,1399-6-25
164,رمپنا,گروه مپنا (سهامي عام),1885,18320241,591400517000,30790,31900,32320,1530,4.97,32280,1490,4.84,31750,32320,1399-6-25
165,شجم,صنايع پتروشيمي تخت جمشيد,1884,12030720,122866762130,10483,10169,10540,57,0.54,10213,-270,-2.58,10169,10550,1399-6-25
166,شپارس,بين‌ المللي‌ محصولات‌  پارس‌,1862,5266965,86380069400,17110,16260,16300,-810,-4.73,16400,-710,-4.15,16260,16990,1399-6-25
167,وپويا,سرمايه گذاري پويا,1850,2380798,30605158290,13531,12855,12855,-676,-5.0,13080,-451,-3.33,12855,12855,1399-6-25
168,شكلر,نيروكلر,1837,3834886,190367006040,47580,49380,49950,2370,4.98,49640,2060,4.33,47800,49950,1399-6-25
169,ومهان,گروه توسعه مالي مهر آيندگان,1822,10982478,196706348446,17059,17911,17911,852,4.99,17911,852,4.99,17900,17911,1399-6-25
170,ددام,داروسازي زاگرس فارمد پارس,1809,4668148,71935326770,15700,14920,15300,-400,-2.55,15410,-290,-1.85,14920,16340,1399-6-25
171,شاوان,پالايش نفت لاوان,1804,5094845,716900606200,129075,135000,141750,12675,9.82,140711,11636,9.01,135000,141750,1399-6-25
172,كتوكا,توليدي و خدمات صنايع نسوز توكا,1793,1201563,186108358723,151759,144175,159300,7541,4.97,154889,3130,2.06,144175,159346,1399-6-25
173,وبانك,سرمايه گذاري گروه توسعه ملي,1776,15974833,305907109220,18240,19150,19150,910,4.99,19150,910,4.99,19000,19150,1399-6-25
174,غديس,پاكديس,1768,2496096,94599557093,39046,37367,37510,-1536,-3.93,37899,-1147,-2.94,37350,39290,1399-6-25
175,داوه,داروسازي آوه سينا,1767,2681339,54434710783,20403,19501,20077,-326,-1.6,20301,-102,-0.5,19383,20950,1399-6-25
176,وپاسار,بانك  پاسارگاد,1767,18914774,208156697270,10510,10710,11030,520,4.95,11000,490,4.66,10710,11030,1399-6-25
177,طلا,صندوق س.پشتوانه طلاي لوتوس,1740,1609048,200845870070,137436,135000,123693,-13743,-10.0,124823,-12613,-9.18,123693,135000,1399-6-25
178,زگلدشت,كشت و دام گلدشت نمونه اصفهان,1722,1779004,75071838232,43986,41787,42600,-1386,-3.15,42199,-1787,-4.06,41787,43500,1399-6-25
179,لوتوسح,ح . تامين سرمايه لوتوس پارسيان,1685,7238906,90439676390,11460,11460,12610,1150,10.03,12490,1030,8.99,11460,12610,1399-6-25
180,اعتلا,شركت سرمايه گذاري اعتلاء البرز,1654,8263759,107831388025,13699,13015,13015,-684,-4.99,13049,-650,-4.74,13015,13320,1399-6-25
181,تايرا,تراكتورسازي‌ايران‌,1654,6434189,165172884260,25390,24130,24990,-400,-1.58,25670,280,1.1,24130,26590,1399-6-25
182,وسپه,سرمايه‌گذاري‌ سپه‌,1606,10090084,179098991000,16910,17750,17750,840,4.97,17750,840,4.97,17750,17750,1399-6-25
183,كروي,توسعه‌ معادن‌ روي‌ ايران‌,1600,5346119,225610917800,40250,40580,42260,2010,4.99,42200,1950,4.84,40580,42260,1399-6-25
184,ونيكي,سرمايه‌گذاري‌ ملي‌ايران‌,1586,5284770,215671463700,38870,40810,40810,1940,4.99,40810,1940,4.99,40810,40810,1399-6-25
185,فخاسح,ح . فولاد خراسان,1576,3059295,105559578870,31610,33480,34770,3160,10.0,34500,2890,9.14,33000,34770,1399-6-25
186,كوير,توليدي فولاد سپيد فراب كوير,1571,5628762,85420839110,14540,15000,15260,720,4.95,15180,640,4.4,14790,15260,1399-6-25
187,ساراب,سيمان‌ داراب‌,1559,4712861,62309744810,13610,12930,13070,-540,-3.97,13220,-390,-2.87,12930,14120,1399-6-25
188,فاسمين,كالسيمين‌,1556,3043592,170996140250,53680,55000,56360,2680,4.99,56180,2500,4.66,55000,56360,1399-6-25
189,تاصيكوح,ح . سرمايه گذاري صدرتامين,1541,9420464,107668235830,10620,11400,11600,980,9.23,11430,810,7.63,10670,11630,1399-6-25
190,ميدكو,هلدينگ صنايع  معدني خاورميانه,1541,5624155,123676441549,21378,21900,21900,522,2.44,21981,603,2.82,21500,22299,1399-6-25
191,وآوا,سرمايه گذاري آوا نوين,1539,5677546,78356157847,13270,13390,13933,663,5.0,13801,531,4.0,13000,13933,1399-6-25
192,بساما,بيمه سامان,1502,11211541,298817333643,27969,26571,26571,-1398,-5.0,26653,-1316,-4.71,26571,27330,1399-6-25
193,بكهنوج,توليد برق ماهتاب كهنوج,1491,1932115,139512622590,69271,69271,72734,3463,5.0,72207,2936,4.24,68100,72734,1399-6-25
194,آ س پ,آ.س.پ,1490,6694057,103836957173,15262,14499,16025,763,5.0,15512,250,1.64,14499,16025,1399-6-25
195,ومعلم,بيمه معلم,1486,3906038,70284426759,17877,17862,18300,423,2.37,17994,117,0.65,17135,18570,1399-6-25
196,غالبر,لبنيات‌ كالبر,1484,5712577,83254576160,15250,14490,14490,-760,-4.98,14570,-680,-4.46,14490,15390,1399-6-25
197,دعبيد,لابراتوارداروسازي‌  دكترعبيدي‌,1482,1702538,60237171770,34130,35830,35830,1700,4.98,35310,1180,3.46,34130,35830,1399-6-25
198,مداران,داده‌پردازي‌ايران‌,1477,5319143,178567146630,35210,33450,33450,-1760,-5.0,33570,-1640,-4.66,33450,35000,1399-6-25
199,نوين,بيمه نوين,1472,12247310,83148272717,6485,6550,6809,324,5.0,6789,304,4.69,6522,6809,1399-6-25
200,خزر,فنرسازي‌زر,1471,7260815,68983710870,9960,9470,9470,-490,-4.92,9500,-460,-4.62,9470,9780,1399-6-25
201,هجرت,پخش هجرت,1465,1338762,89858766514,69755,66268,66268,-3487,-5.0,67121,-2634,-3.78,66268,69740,1399-6-25
202,ومعادن,توسعه‌معادن‌وفلزات‌,1464,20263646,358058624820,16830,17670,17670,840,4.99,17670,840,4.99,17670,17670,1399-6-25
203,زشگزا,شير و گوشت زاگرس شهركرد,1459,1076317,109753460593,101734,96777,99330,-2404,-2.36,101971,237,0.23,96777,105950,1399-6-25
204,پارتا,مجتمع‌صنعتي‌آرتاويل‌تاير,1447,4284054,278245304976,68257,64845,64845,-3412,-5.0,64949,-3308,-4.85,64845,66210,1399-6-25
205,مبين,مبين انرژي خليج فارس,1444,7798850,215489954030,26380,26990,27690,1310,4.97,27630,1250,4.74,26930,27690,1399-6-25
206,كاردان,صندوق س تجارت شاخصي كاردان,1416,639821,136003108090,199540,205000,217000,17460,8.75,212560,13020,6.53,205000,217000,1399-6-25
207,كبافق,معادن‌ بافق‌,1415,2033677,74428796600,35090,35120,36840,1750,4.99,36600,1510,4.3,35120,36840,1399-6-25
208,وهنر,گروه توسعه هنر ايران,1400,14572312,82590657219,5817,5643,5643,-174,-2.99,5668,-149,-2.56,5643,5903,1399-6-25
209,وخارزم,سرمايه گذاري خوارزمي,1356,9578610,107472004200,10690,11220,11220,530,4.96,11220,530,4.96,11220,11220,1399-6-25
210,بكام,كارخانجات توليدي شهيد قندي,1351,7955004,59026129680,7810,7420,7420,-390,-4.99,7420,-390,-4.99,7420,7420,1399-6-25
211,لابسا,آبسال‌,1340,3230688,116961701420,37910,36020,36020,-1890,-4.99,36200,-1710,-4.51,36020,37600,1399-6-25
212,كاريس,صندوق س.سپهر كاريزما-س,1325,952091,218701094628,222310,224800,234200,11890,5.35,229706,7396,3.33,220001,234200,1399-6-25
213,كيميا,معدني كيمياي زنجان گستران,1325,1674612,51920195877,30168,30025,31160,992,3.29,31004,836,2.77,30025,31450,1399-6-25
214,بميلا,توسعه بازرگاني آهن وفولادميلاد,1319,6664809,239256509899,37621,35740,37000,-621,-1.65,35898,-1723,-4.58,35740,38000,1399-6-25
215,تپولا,مهندسي مرآت پولاد,1314,9961373,169168545483,16790,15951,17629,839,5.0,16982,192,1.14,15951,17629,1399-6-25
216,دتوزيع,توزيع دارو پخش,1307,809395,46542991441,55402,56000,57800,2398,4.33,57376,1974,3.56,56000,58100,1399-6-25
217,سغرب,سيمان‌غرب‌,1283,2597904,58393345530,23540,22370,22370,-1170,-4.97,22480,-1060,-4.5,22370,23160,1399-6-25
218,دسبحان,سبحان دارو,1252,1628188,33427914040,19900,20780,20890,990,4.97,20330,430,2.16,19980,20890,1399-6-25
219,بهپاك,صنعتي بهپاك,1244,1448359,57149389313,38467,39000,40360,1893,4.92,39458,991,2.58,37313,40370,1399-6-25
220,كيان,صندوق س. با درآمد ثابت كيان,1244,48979725,1236763116930,25230,25210,25290,60,0.24,25250,20,0.08,25210,25290,1399-6-25
221,قشكر,شكرشاهرود,1230,1922721,93980385330,51320,48760,48760,-2560,-4.99,48880,-2440,-4.75,48760,50490,1399-6-25
222,شدوص,دوده‌ صنعتي‌ پارس‌,1223,1925238,41162189560,22070,20970,20970,-1100,-4.98,21480,-590,-2.67,20970,22690,1399-6-25
223,افق ملت,صندوق س در سهام افق ملت,1212,649251,103770595250,151270,154630,161000,9730,6.43,159830,8560,5.66,154630,162000,1399-6-25
224,زكشت,كشاورزي مكانيزه اصفهان كشت,1207,1490637,52455940768,36653,34821,34821,-1832,-5.0,35190,-1463,-3.99,34821,37485,1399-6-25
225,سپ,پرداخت الكترونيك سامان كيش,1205,2314943,55036600110,22660,23180,23790,1130,4.99,23770,1110,4.9,23180,23790,1399-6-25
226,زر,صندوق س.پشتوانه سكه طلاي زر,1204,1206712,78028762316,71256,68900,64131,-7125,-10.0,64662,-6594,-9.25,64131,68900,1399-6-25
227,پارسان,گسترش نفت و گاز پارسيان,1204,9181137,253721396770,26420,27580,27740,1320,5.0,27640,1220,4.62,26810,27740,1399-6-25
228,وسكاب,س.ص.بازنشستگي كاركنان بانكها,1187,11143977,84374701930,7220,7500,7580,360,4.99,7570,350,4.85,7400,7580,1399-6-25
229,توريل,توکاريل,1179,7374596,123457253984,15992,15800,16791,799,5.0,16741,749,4.68,15800,16791,1399-6-25
230,وآرين,شركت توسعه اقتصادي آرين,1176,10542349,60449764868,5594,5490,5650,56,1.0,5734,140,2.5,5490,5761,1399-6-25
231,كاوه,فولاد كاوه جنوب كيش,1175,24423298,576145599820,22470,23590,23590,1120,4.98,23590,1120,4.98,23590,23590,1399-6-25
232,قثابت,قند ثابت‌ خراسان‌,1171,1960211,186351610870,91550,92010,96120,4570,4.99,95070,3520,3.84,92010,96120,1399-6-25
233,وبشهر,توسعه‌ صنايع‌ بهشهر(هلدينگ,1171,9119232,151738749180,15860,16640,16650,790,4.98,16640,780,4.92,16300,16650,1399-6-25
234,سيلام,سيمان‌ ايلام‌,1162,3608575,39144651800,11320,10760,10760,-560,-4.95,10930,-390,-3.45,10760,11270,1399-6-25
235,اوان,مبين وان كيش,1162,1386998,72357905824,54544,51817,51817,-2727,-5.0,52169,-2375,-4.35,51817,54544,1399-6-25
236,پيزد,مجتمع صنايع لاستيك يزد,1161,223866,24576457212,115559,109782,109782,-5777,-5.0,112499,-3060,-2.65,109782,109782,1399-6-25
237,وصنا,گروه‌صنايع‌بهشهرايران‌,1159,3213761,36957754970,11240,11300,11500,260,2.31,11440,200,1.78,11070,11660,1399-6-25
238,فاما,صنعتي‌ آما,1131,2595448,52009247740,19650,19530,20200,550,2.8,20040,390,1.98,19100,20400,1399-6-25
239,حتوكا,حمل‌ونقل‌توكا,1123,4288409,70824655800,17110,16270,16260,-850,-4.97,16520,-590,-3.45,16260,17290,1399-6-25
240,سكرما,سيمان‌ كرمان‌,1112,2355080,42635907750,18080,17220,17850,-230,-1.27,18100,20,0.11,17220,18890,1399-6-25
241,شپديس,پتروشيمي پرديس,1108,6346443,739286459220,110990,116530,116530,5540,4.99,116490,5500,4.96,111000,116530,1399-6-25
242,غفارس,شير پاستوريزه پگاه فارس,1107,6165122,65703175936,10400,10500,10420,20,0.19,10657,257,2.47,10100,10920,1399-6-25
243,سدبير,س. تدبيرگران فارس وخوزستان,1099,3943157,97132647137,25671,24389,24400,-1271,-4.95,24633,-1038,-4.04,24388,25600,1399-6-25
244,سخزر,سيمان‌ خزر,1089,2486749,81867256050,34510,32790,32790,-1720,-4.98,32920,-1590,-4.61,32790,33660,1399-6-25
245,شسپا,نفت سپاهان,1071,6920883,152539575870,21040,21850,22090,1050,4.99,22040,1000,4.75,21510,22090,1399-6-25
246,ولانا,شركت ليزينگ آريا دانا,1069,2101197,54658006172,26623,26626,25825,-798,-3.0,26013,-610,-2.29,25825,27400,1399-6-25
247,والبر,سرمايه‌ گذاري‌ البرز(هلدينگ‌,1065,3896238,74416056790,18210,18990,19120,910,5.0,19100,890,4.89,18760,19120,1399-6-25
248,دتمادح,ح . توليدمواداوليه‌داروپخش‌,1060,988816,34148569120,32270,33400,35150,2880,8.92,34530,2260,7.0,33400,35300,1399-6-25
249,ستران,سيمان‌ تهران‌,1055,2473765,106131890050,40980,42000,43020,2040,4.98,42900,1920,4.69,41300,43020,1399-6-25
250,ثالوند,سرمايه گذاري مسكن الوند,1050,4506472,67911152889,15844,15052,15052,-792,-5.0,15070,-774,-4.89,15052,15490,1399-6-25
251,زماهان,مجتمع توليد گوشت مرغ ماهان,1047,2212739,61226678087,29046,27594,27594,-1452,-5.0,27670,-1376,-4.74,27594,28500,1399-6-25
252,غمارگ,مارگارين‌,1040,3972849,125095091780,30010,31500,31510,1500,5.0,31490,1480,4.93,31010,31510,1399-6-25
253,فاهواز,نورد و لوله اهواز,1038,10294580,215733218480,21829,20956,20956,-873,-4.0,20956,-873,-4.0,20956,20956,1399-6-25
254,آساس,صندوق س.آسمان آرماني سهام-س,1036,686017,119064411504,166407,173000,175600,9193,5.52,173559,7152,4.3,169200,175980,1399-6-25
255,ما,بيمه  ما,1026,5861460,39640720950,6690,6570,6700,10,0.15,6750,60,0.9,6420,6960,1399-6-25
256,وساخت,سرمايه‌ گذاري‌ ساختمان‌ايران‌,1022,2234782,106743648100,45690,46900,47970,2280,4.99,47760,2070,4.53,46120,47970,1399-6-25
257,كمينا,شيشه سازي مينا,1005,2521306,89307180803,37111,35589,35276,-1835,-4.94,35421,-1690,-4.55,35256,38800,1399-6-25
258,بكاب,صنايع‌جوشكاب‌يزد,986,541990,61716756820,119630,113800,114000,-5630,-4.71,113870,-5760,-4.81,113650,118980,1399-6-25
259,مفاخر,توسعه فناوري اطلاعات خوارزمي,980,2227279,119482899286,51147,53704,53704,2557,5.0,53645,2498,4.88,52000,53704,1399-6-25
260,شپارسح,ح . بين‌ المللي‌محصولات پارس‌,977,3162622,40599608065,11772,12000,12950,1178,10.01,12837,1065,9.05,12000,12950,1399-6-25
261,درهآور,دارويي ره آورد تامين,971,1110575,36408560591,33176,31530,32227,-949,-2.86,32876,-300,-0.9,31518,34800,1399-6-25
262,كگل,معدني و صنعتي گل گهر,962,5149989,123857235450,22910,24050,24050,1140,4.98,23880,970,4.23,24050,24050,1399-6-25
263,لوتوس,تامين سرمايه لوتوس پارسيان,958,4268305,66417176760,14830,15530,15570,740,4.99,15560,730,4.92,15170,15570,1399-6-25
264,ودي,بيمه  دي,956,5227658,118850783395,21802,22100,22892,1090,5.0,22735,933,4.28,22100,22892,1399-6-25
265,چدن,توليدي چدن سازان,952,3611410,106417977340,28190,28400,29590,1400,4.97,29470,1280,4.54,28400,29590,1399-6-25
266,كگازح,ح . شيشه‌ و گاز,945,2338901,41691533590,16360,17400,18000,1640,10.02,17830,1470,8.99,17100,18000,1399-6-25
267,شتوكا,توكا رنگ فولاد سپاهان,931,1016707,35373984565,35937,35000,34141,-1796,-5.0,35072,-865,-2.41,34141,36475,1399-6-25
268,كنور,توسعه معدني و صنعتي صبانور,918,2864871,135665978980,45140,47360,47390,2250,4.98,47360,2220,4.92,46450,47390,1399-6-25
269,وپترو,سرمايه‌گذاري صنايع پتروشيمي‌,914,5761103,95348049270,15790,16560,16570,780,4.94,16550,760,4.81,16020,16570,1399-6-25
270,دتماد,توليدمواداوليه‌داروپخش‌,894,1394409,54067440920,37070,37980,38920,1850,4.99,38770,1700,4.59,37120,38920,1399-6-25
271,كالا,بورس كالاي ايران,891,6273415,283809294600,43090,45240,45240,2150,4.99,45240,2150,4.99,45240,45240,1399-6-25
272,تاصيكو,سرمايه گذاري صدرتامين,890,12340035,159429865900,12310,12920,12920,610,4.96,12920,610,4.96,12800,12920,1399-6-25
273,حخزر,كشتيراني درياي خزر,887,4093722,116857095559,30009,28509,28509,-1500,-5.0,28545,-1464,-4.88,28509,30000,1399-6-25
274,شگل,گلتاش‌,887,2452631,76070321500,29580,30930,31050,1470,4.97,31020,1440,4.87,30030,31050,1399-6-25
275,قجام,فرآوردههاي غذايي وقندتربت‌جام‌,877,6034406,127824863565,21800,21146,21146,-654,-3.0,21183,-617,-2.83,21146,21780,1399-6-25
276,كچاد,معدني‌وصنعتي‌چادرملو,874,12178953,239316426450,18720,19650,19650,930,4.97,19650,930,4.97,19650,19650,1399-6-25
277,زشريف,كشت وصنعت شريف آباد,873,1854819,52965837350,30014,28514,28514,-1500,-5.0,28556,-1458,-4.86,28514,29402,1399-6-25
278,دكپسول,توليد ژلاتين كپسول ايران,872,784563,32379620663,41625,39544,41460,-165,-0.4,41391,-234,-0.56,39544,43010,1399-6-25
279,آپ,آسان پرداخت پرشين,869,3922987,84028017460,20400,21420,21420,1020,5.0,21420,1020,5.0,21400,21420,1399-6-25
280,زفكا,كشت و دامداري فكا,869,1170133,52892986623,43265,44800,45428,2163,5.0,44994,1729,4.0,43866,45428,1399-6-25
281,شكربن,كربن‌ ايران‌,862,654416,43073226770,64050,63500,65550,1500,2.34,65710,1660,2.59,63500,67000,1399-6-25
282,دسانكو,داروسازي سبحان انكولوژي,861,1917107,36346632154,18390,18090,19220,830,4.51,18819,429,2.33,18090,19290,1399-6-25
283,ثنوسا,نوسازي‌وساختمان‌تهران‌,854,9760874,126500927040,13640,12960,12960,-680,-4.99,12960,-680,-4.99,12960,12960,1399-6-25
284,بذر,صندوق س بذر اميد آفرين-سهام,850,786868,98009908430,121170,123240,126000,4830,3.99,124560,3390,2.8,123240,126550,1399-6-25
285,بسويچ,پارس‌سويچ‌,849,776936,38156244340,50130,47630,50000,-130,-0.26,49330,-800,-1.6,47630,51000,1399-6-25
286,جم پيلن,پلي پروپيلن جم - جم پيلن,840,2448888,222358201520,86510,90790,90830,4320,4.99,90800,4290,4.96,88120,90830,1399-6-25
287,سيمرغ,سيمرغ,837,2024475,38796649050,18300,18860,19210,910,4.97,18980,680,3.72,18600,19210,1399-6-25
288,شسينا,صنايع‌شيميايي‌سينا,823,184019,94857131720,492620,515900,517250,24630,5.0,515470,22850,4.64,505000,517250,1399-6-25
289,رتكو,كنترل‌خوردگي‌تكين‌كو,817,2089539,41556708080,20790,19760,19760,-1030,-4.95,19990,-800,-3.85,19760,20740,1399-6-25
290,داسوه,داروسازي‌ اسوه‌,817,943948,34053486890,36160,34400,36690,530,1.47,36100,-60,-0.17,34400,37960,1399-6-25
291,اپرداز,آتيه داده پرداز,807,3078206,85389996051,26637,26700,27968,1331,5.0,27740,1103,4.14,26700,27968,1399-6-25
292,سفارس,سيمان فارس و خوزستان,802,4310097,76630225470,16940,17780,17780,840,4.96,17780,840,4.96,17500,17780,1399-6-25
293,فولاژ,فولاد آلياژي ايران,802,2116840,59864389410,26960,28300,28300,1340,4.97,28120,1160,4.3,27510,28300,1399-6-25
294,وپست,پست بانك ايران,799,5594278,66927815620,11410,11830,11980,570,5.0,11960,550,4.82,11500,11980,1399-6-25
295,وسينا,بانك سينا,795,12687769,163418464720,12270,12880,12880,610,4.97,12880,610,4.97,12880,12880,1399-6-25
296,فرآور,فرآوري‌موادمعدني‌ايران‌,787,2847122,71605688890,24080,24200,25280,1200,4.98,25150,1070,4.44,24200,25280,1399-6-25
297,حآسا,آسيا سير ارس,776,1755423,22523584994,12768,12150,12609,-159,-1.25,12797,29,0.23,12150,13380,1399-6-25
298,كفرآور,فرآورده هاي سيمان شرق,776,2924397,54942241498,19074,18503,18502,-572,-3.0,18788,-286,-1.5,18502,19646,1399-6-25
299,كاسپين,داروسازي كاسپين تامين,771,1190241,33283380922,28480,28800,27400,-1080,-3.79,28112,-368,-1.29,27056,29500,1399-6-25
300,بخاور,بيمه زندگي خاورميانه,761,3919450,31980437991,8032,7800,8100,68,0.85,8114,82,1.02,7800,8340,1399-6-25
301,بفجر,فجر انرژي خليج فارس,760,4092745,123790339130,28810,30250,30250,1440,5.0,30250,1440,5.0,30000,30250,1399-6-25
302,حتايد,تايدواترخاورميانه,758,4773453,98749590100,19760,20000,20740,980,4.96,20690,930,4.71,20000,20740,1399-6-25
303,ثشرقح,ح. سرمايه گذاري مسكن شمال شرق,755,4731706,25297320380,5120,5000,5280,160,3.13,5350,230,4.49,4940,5520,1399-6-25
304,آسيا,بيمه آسيا,751,2305684,63386073030,26410,26240,27730,1320,5.0,27490,1080,4.09,26240,27730,1399-6-25
305,قزوين,كارخانجات‌ قند قزوين‌,747,2933528,120390782880,42920,40780,40780,-2140,-4.99,41040,-1880,-4.38,40780,45060,1399-6-25
306,دارا,صندوق س. دارا الگوريتم-د,744,23722131,240118415014,10135,10137,10090,-45,-0.44,10122,-13,-0.13,10083,10137,1399-6-25
307,غپونه,نوش پونه مشهد,736,1853349,35129576445,19454,18871,19020,-434,-2.23,18955,-499,-2.57,18871,19500,1399-6-25
308,دالبر,البرزدارو,733,1095784,24059642520,21150,20770,22200,1050,4.96,21530,380,1.8,20770,22200,1399-6-25
309,شبهرن,نفت‌ بهران‌,732,1147232,79418758080,66020,69070,69320,3300,5.0,69230,3210,4.86,67000,69320,1399-6-25
310,ولملت,واسپاري ملت,732,2657955,33722684540,13260,12860,12600,-660,-4.98,12850,-410,-3.09,12600,13250,1399-6-25
311,كپرور,فرآوري زغال سنگ پروده طبس,731,1044388,46581758328,46830,44489,44489,-2341,-5.0,44602,-2228,-4.76,44489,47000,1399-6-25
312,بمپنا,توليد برق عسلويه  مپنا,728,428178,47027064541,115346,109579,109579,-5767,-5.0,109831,-5515,-4.78,109579,114193,1399-6-25
313,دكيمي,كيميدارو,728,2505099,72713440580,30450,28930,28930,-1520,-4.99,29030,-1420,-4.66,28930,31500,1399-6-25
314,دسبحاح,ح .گروه دارويي سبحان,723,1025298,16766274860,15040,15800,16540,1500,9.97,16350,1310,8.71,15800,16540,1399-6-25
315,سرود,سيمان‌شاهرود,719,1541222,25364273590,16380,15900,16430,50,0.31,16420,40,0.24,15860,16900,1399-6-25
316,شبصير,توليدات پتروشيمي قائد بصير,718,364051,45091471094,118679,123990,123000,4321,3.64,123188,4509,3.8,120001,124612,1399-6-25
317,خمحور,توليدمحورخودرو,711,1759363,107772199210,64430,61210,61210,-3220,-5.0,61260,-3170,-4.92,61210,63000,1399-6-25
318,شپاكسا,پاكسان‌,710,2390691,71723043960,28740,29560,30170,1430,4.98,30000,1260,4.38,29350,30170,1399-6-25
319,قنيشا,قند  نيشابور,710,3750360,369898006800,103820,98630,98630,-5190,-5.0,98630,-5190,-5.0,98630,98630,1399-6-25
320,سهرمز,سيمان‌هرمزگان‌,708,1678350,28258976350,16260,15800,17070,810,4.98,16590,330,2.03,15800,17070,1399-6-25
321,خديزل,بهمن  ديزل,706,1055648,43614945849,39980,40000,41400,1420,3.55,41192,1212,3.03,38100,41979,1399-6-25
322,فپنتا,سپنتا,698,180814,49401544200,286040,273010,271890,-14150,-4.95,273220,-12820,-4.48,271740,285000,1399-6-25
323,وتوشه,سرمايه‌ گذاري‌ پارس‌ توشه‌,695,2824077,70582036870,26140,24840,24840,-1300,-4.97,24990,-1150,-4.4,24840,26160,1399-6-25
324,غپآذر,شير پگاه آذربايجان شرقي,691,970859,57967182403,58568,55640,60100,1532,2.62,59707,1139,1.94,55640,61496,1399-6-25
325,فزرين,زرين معدن آسيا,681,2723824,55279052378,19417,20150,20387,970,5.0,20295,878,4.52,19820,20387,1399-6-25
326,بالبر,كابل‌ البرز,678,1233899,34499305170,29020,28170,27800,-1220,-4.2,28270,-750,-2.58,27570,29020,1399-6-25
327,وسين,بيمه سينا,670,4282134,103482890923,23467,24100,24171,704,3.0,24166,699,2.98,23490,24171,1399-6-25
328,غبهنوش,بهنوش‌ ايران‌,669,1083298,74688502950,71800,71800,68210,-3590,-5.0,68950,-2850,-3.97,68210,75390,1399-6-25
329,كوثر,بيمه كوثر,666,3352680,52633016435,15095,14420,15849,754,5.0,15699,604,4.0,14420,15849,1399-6-25
330,دامين,داروسازي‌ امين‌,662,1939617,27908058320,13730,14150,14410,680,4.95,14100,370,2.69,14130,14410,1399-6-25
331,فلات,گروه صنايع معادن فلات ايرانيان,658,6882779,102521884151,14541,13814,15268,727,5.0,14895,354,2.43,13814,15268,1399-6-25
332,فسرب,ملي‌ سرب‌وروي‌ ايران‌,648,545743,67870814740,118600,123500,124530,5930,5.0,124360,5760,4.86,123500,124530,1399-6-25
333,وگردش,بانك گردشگري,647,20472929,409458580000,19715,20000,20000,285,1.45,20000,285,1.45,20000,20000,1399-6-25
334,شرانل,نفت ايرانول,645,6129925,167493792468,26023,27324,27324,1301,5.0,27324,1301,5.0,27000,27324,1399-6-25
335,حپارسا,توسعه حمل و نقل ريلي پارسيان,640,1239115,46297370626,35978,35020,37400,1422,3.95,37220,1242,3.45,34500,37776,1399-6-25
336,سخاش,سيمان‌خاش‌,636,289153,22731245940,79360,79000,78850,-510,-0.64,79010,-350,-0.44,76000,82000,1399-6-25
337,وتوسم,سرمايه‌گذاري‌توسعه‌ملي‌,632,3630801,48215497930,12650,13280,13280,630,4.98,13210,560,4.43,13220,13280,1399-6-25
338,ثباغ,شهر سازي و خانه سازي باغميشه,632,35566333,515929981220,13817,14507,14507,690,4.99,14506,689,4.99,13900,14507,1399-6-25
339,شفن,پتروشيمي فناوران,627,734571,216331159500,280480,294500,294500,14020,5.0,294500,14020,5.0,294500,294500,1399-6-25
340,غدشت,دشت‌ مرغاب‌,627,239509,75160504410,301830,286800,316910,15080,5.0,313810,11980,3.97,286800,316920,1399-6-25
341,گوهر,صندوق سكه طلاي كيان,607,524532,40685533521,84899,84400,76410,-8489,-10.0,77565,-7334,-8.64,76410,84400,1399-6-25
342,وتوكا,سرمايه‌گذاري‌توكافولاد(هلدينگ,603,5107130,58633047880,10970,11490,11510,540,4.92,11480,510,4.65,11200,11510,1399-6-25
343,دجابر,داروسازي‌ جابرابن‌حيان‌,602,976707,41844200520,40920,42700,42960,2040,4.99,42560,1640,4.01,41800,42960,1399-6-25
344,پرديس,سرمايه گذاري پرديس,598,4326787,38878281440,8600,8800,9030,430,5.0,8910,310,3.6,8800,9030,1399-6-25
345,قهكمت,قندهكمتان‌,596,1542502,70304035810,47840,46000,45930,-1910,-3.99,45580,-2260,-4.72,45450,47800,1399-6-25
346,پكرمان,گروه‌ صنعتي‌ بارز,596,5253619,118190217960,21430,22500,22500,1070,4.99,22500,1070,4.99,22000,22500,1399-6-25
347,مارون,پتروشيمي مارون,595,924692,125143191820,128891,135335,135335,6444,5.0,135335,6444,5.0,135335,135335,1399-6-25
348,وپخش,داروپخش‌ (هلدينگ‌,589,352814,42956772280,117970,117500,123860,5890,4.99,121260,3290,2.79,115000,123860,1399-6-25
349,قصفها,قنداصفهان‌,588,320915,60684698410,180200,189190,189210,9010,5.0,189100,8900,4.94,184520,189210,1399-6-25
350,ساينا,صنايع بهداشتي ساينا,584,266904,46705746034,169689,170000,178173,8484,5.0,174377,4688,2.76,167001,178173,1399-6-25
351,ولتجار,واسپاري تجارت وسرمايه ايرانيان,575,4337376,30803363664,7463,7090,7090,-373,-5.0,7102,-361,-4.84,7090,7337,1399-6-25
352,زمگسا,كشاورزي‌ ودامپروي‌ مگسال‌,566,559251,17024975580,29950,28520,29790,-160,-0.53,30130,180,0.6,28520,31200,1399-6-25
353,سجام,مجتمع سيمان غرب آسيا,562,3645356,50245415063,13395,13395,13796,401,2.99,13783,388,2.9,13395,13796,1399-6-25
354,سيدكو,سرمايه گذاري توسعه صنايع سيمان,558,4125620,33120868780,7650,8000,8030,380,4.97,7880,230,3.01,7900,8030,1399-6-25
355,فايرا,آلومينيوم‌ايران‌,555,3875261,72960171530,17970,18550,18860,890,4.95,18830,860,4.79,18110,18860,1399-6-25
356,كساوه,صنايع‌ كاشي‌ و سراميك‌ سينا,549,1645122,65264498150,37920,39810,39810,1890,4.98,39670,1750,4.61,36140,39810,1399-6-25
357,خكار,ايركا پارت صنعت,548,1720835,67198606750,41100,39050,39050,-2050,-4.99,39050,-2050,-4.99,39050,39050,1399-6-25
358,قشير,قند شيروان قوچان و بجنورد,546,1803351,51849947952,30265,28752,28752,-1513,-5.0,28752,-1513,-5.0,28752,28752,1399-6-25
359,فخاس,فولاد خراسان,540,2352389,91276530760,37010,38860,38860,1850,5.0,38510,1500,4.05,35170,38860,1399-6-25
360,شفا,سرمايه گذاري شفادارو,539,2976209,173759133550,55640,57980,58420,2780,5.0,58380,2740,4.92,55500,58420,1399-6-25
361,ثپرديسح,ح.سرمايه گذاري مسكن پرديس,539,1084590,9223446313,8180,8500,8589,409,5.0,8504,324,3.96,8016,8589,1399-6-25
362,رانفور,خدمات‌انفورماتيك‌,538,1882099,57257301330,29040,30000,30490,1450,4.99,29820,780,2.69,30000,30490,1399-6-25
363,شوينده,مديريت صنعت شوينده ت.ص.بهشهر,532,2389166,90355862690,36040,37080,37840,1800,4.99,37820,1780,4.94,36900,37840,1399-6-25
364,خاور,ايران خودرو ديزل,531,3295276,24675026688,7882,7488,7488,-394,-5.0,7488,-394,-5.0,7488,7488,1399-6-25
365,درازك,دارويي‌ رازك‌,529,760621,32825665880,41490,42000,43560,2070,4.99,42600,1110,2.68,39520,43560,1399-6-25
366,هرمز,فولاد هرمزگان جنوب,528,4943451,67804373916,13063,13716,13716,653,5.0,13386,323,2.47,13716,13716,1399-6-25
367,فسازان,غلتك سازان سپاهان,526,784683,31387320000,38100,40000,40000,1900,4.99,39200,1100,2.89,40000,40000,1399-6-25
368,فباهنر,مس‌ شهيدباهنر,523,857190,56247929410,62510,65630,65630,3120,4.99,65430,2920,4.67,64000,65630,1399-6-25
369,كگهر,سنگ آهن گهرزمين,521,1290071,62157772595,45947,48200,48244,2297,5.0,47001,1054,2.29,47130,48244,1399-6-25
370,زپارس,ملي كشت و صنعت و دامپروري پارس,520,382396,30397569040,77130,78000,79700,2570,3.33,78640,1510,1.96,77150,80980,1399-6-25
371,ثجوان,تامين مسكن جوانان,518,2210757,20458209583,8957,8906,9390,433,4.83,9254,297,3.32,8560,9390,1399-6-25
372,قنقش,قند نقش جهان,512,1049736,82445670877,79258,77673,77675,-1583,-2.0,78539,-719,-0.91,77673,80843,1399-6-25
373,اتكاي,بيمه اتكايي ايرانيان,508,2294961,35834815565,15324,15700,15806,482,3.15,15522,198,1.29,15108,15890,1399-6-25
374,افرا,افرانت,508,2501477,172431812564,72560,68932,68932,-3628,-5.0,68932,-3628,-5.0,68932,68932,1399-6-25
375,گوهران,سرمايه گذاري توسعه گوهران اميد,500,7980785,82818035247,9885,10379,10379,494,5.0,10377,492,4.98,10150,10379,1399-6-25
376,شنفت,نفت‌ پارس‌,492,489771,33357441490,65130,65250,68380,3250,4.99,66590,1460,2.24,65250,68380,1399-6-25
377,زدشت,كشت و صنعت دشت خرم دره,488,1011081,53098940877,55281,52517,52517,-2764,-5.0,52517,-2764,-5.0,52517,52517,1399-6-25
378,آكورد,صندوق س. آرمان آتي كوثر-د,476,22924873,653215906764,28474,28555,28485,11,0.04,28494,20,0.07,28485,28555,1399-6-25
379,تكمبا,كمباين‌ سازي‌ ايران‌,474,2467716,27021490200,11520,10950,10950,-570,-4.95,11190,-330,-2.86,10950,10950,1399-6-25
380,ثعتما,س. ساختماني اعتماد گستر,473,2510707,76456012626,29909,29600,30806,897,3.0,30452,543,1.82,29012,30806,1399-6-25
381,شاملا,معدني‌ املاح‌  ايران‌,464,364884,27540445430,72670,75580,74410,1740,2.39,74190,1520,2.09,72690,76300,1399-6-25
382,كفرا,فراورده‌ هاي‌ نسوزايران‌,462,799357,33631239060,40140,41850,42140,2000,4.98,41480,1340,3.34,40470,42140,1399-6-25
383,تيپيكو,سرمايه گذاري دارويي تامين,451,1189436,64312792860,51500,54070,54070,2570,4.99,53260,1760,3.42,54060,54070,1399-6-25
384,دفرا,فرآورده‌هاي‌ تزريقي‌ ايران‌,449,487042,13540813060,29220,27760,27780,-1440,-4.93,28820,-400,-1.37,27760,28500,1399-6-25
385,ارفع,شركت آهن و فولاد ارفع,448,4868696,81730799752,15988,16787,16787,799,5.0,16787,799,5.0,16787,16787,1399-6-25
386,غبشهر,صنعتي‌ بهشهر,446,1890413,40707763840,20520,21050,21540,1020,4.97,21340,820,4.0,21050,21540,1399-6-25
387,دپارس,پارس‌ دارو,443,1089312,103802946930,90850,94850,95390,4540,5.0,95290,4440,4.89,90000,95390,1399-6-25
388,كمرجان,بازرگاني و توليدي مرجان كار,441,370172,15060162929,40983,39500,40060,-923,-2.25,40889,-94,-0.23,39500,41990,1399-6-25
389,ارفعح,ح.شركت آهن و فولاد ارفع,440,1152315,15202491795,12565,13193,13193,628,5.0,13193,628,5.0,13193,13193,1399-6-25
390,دارو,كارخانجات‌داروپخش‌,436,421788,22908562430,52030,51100,54620,2590,4.98,53070,1040,2.0,51100,54630,1399-6-25
391,جم,پتروشيمي جم,432,2200555,102787924050,44490,46710,46710,2220,4.99,46380,1890,4.25,46710,46710,1399-6-25
392,كيان2,صندوق س. با درآمد ثابت كيان,430,43000000,43000000,25230,1,1,-25229,-100.0,1,-25229,-100.0,1,1,1399-6-25
393,كمنگنز,معادن‌منگنزايران‌,411,274993,24217499430,84080,86000,88280,4200,5.0,86010,1930,2.3,85050,88280,1399-6-25
394,وملي,گروه‌ صنعتي‌ ملي‌ (هلدينگ‌,397,73200,43398084000,624070,592870,592870,-31200,-5.0,600990,-23080,-3.7,592870,592870,1399-6-25
395,خوساز,محورسازان‌ايران‌خودرو,381,2117721,21833703510,10850,10310,10310,-540,-4.98,10600,-250,-2.3,10310,10310,1399-6-25
396,لپارس,پارس‌ الكتريك‌,380,41447,16018851030,406830,386490,386490,-20340,-5.0,399800,-7030,-1.73,386490,386490,1399-6-25
397,دفارا,داروسازي‌ فارابي‌,378,801255,55219885100,65640,68920,68920,3280,5.0,68910,3270,4.98,67400,68920,1399-6-25
398,وبهمن,سرمايه‌گذاري‌بهمن‌,377,1611286,33079701580,21610,20530,20530,-1080,-5.0,20850,-760,-3.52,20530,20530,1399-6-25
399,فلوله,لوله‌وماشين‌سازي‌ايران‌,372,1312606,36989237080,29660,28180,28180,-1480,-4.99,28480,-1180,-3.98,28180,28180,1399-6-25
400,كهمدا,شيشه‌ همدان‌,370,1060860,29714688600,26680,28010,28010,1330,4.99,27370,690,2.59,28010,28010,1399-6-25
401,پسهند,صنايع‌ لاستيكي‌  سهند,368,570091,29724836470,51210,52000,51520,310,0.61,51810,600,1.17,51000,53360,1399-6-25
402,سبجنو,سيمان‌ بجنورد,367,437982,14746198420,32790,31600,33300,510,1.56,33050,260,0.79,31600,34420,1399-6-25
403,فرابورس,فرابورس ايران,361,612122,32430835682,50459,52981,52981,2522,5.0,51811,1352,2.68,52981,52981,1399-6-25
404,بموتو,موتوژن‌,353,1272332,61337914450,45940,0,48230,2290,4.98,48210,2270,4.94,47200,48230,1399-6-25
405,پرداخت,به پرداخت ملت,348,305458,13386040380,43540,44800,44400,860,1.98,43620,80,0.18,42460,45000,1399-6-25
406,واحصا,احياء صنايع خراسان,344,488141,7895490704,16412,16210,16130,-282,-1.72,16314,-98,-0.6,16100,16620,1399-6-25
407,شيراز,پتروشيمي‌شيراز,344,3131887,213093591480,64800,68040,68040,3240,5.0,68040,3240,5.0,68040,68040,1399-6-25
408,واحيا,م .صنايع و معادن احياء سپاهان,338,745092,170688655728,222412,229084,229084,6672,3.0,229084,6672,3.0,229084,229084,1399-6-25
409,سبهان,سيمان‌ بهبهان‌,337,268041,16496932550,58690,61280,61620,2930,4.99,59610,920,1.57,59800,61620,1399-6-25
410,دروز,داروسازي‌ روزدارو,334,710861,14407087190,20960,19920,19920,-1040,-4.96,20750,-210,-1.0,19920,22000,1399-6-25
411,قشهد,شهد,332,302070,10242379160,33890,32200,32910,-980,-2.89,33890,0,0.0,32200,35500,1399-6-25
412,سلار,شركت سيمان لارستان,332,495302,14857728254,31512,29937,29937,-1575,-5.0,30311,-1201,-3.81,29937,30568,1399-6-25
413,وشهر,بانك شهر,330,1392772,13309329232,9751,9556,9556,-195,-2.0,9707,-44,-0.45,9556,9556,1399-6-25
414,دسبحا,گروه دارويي سبحان,329,689207,12434284550,17200,0,18060,860,5.0,17400,200,1.16,17500,18060,1399-6-25
415,كحافظ,كاشي‌ وسراميك‌ حافظ‌,328,2575667,38094114930,14090,14790,14790,700,4.97,14620,530,3.76,14790,14790,1399-6-25
416,وآرينح,ح. شركت توسعه اقتصادي آرين,328,5972929,23263736115,3789,3761,3902,113,2.98,3895,106,2.8,3700,3902,1399-6-25
417,ونفت,سرمايه‌گذاري‌ صنعت‌ نفت‌,327,885997,13068455750,14050,14750,14750,700,4.98,14220,170,1.21,14750,14750,1399-6-25
418,شاراك,پتروشيمي شازند,326,2923480,77559924400,25270,26530,26530,1260,4.99,26410,1140,4.51,26530,26530,1399-6-25
419,فنفت,صنايع تجهيزات نفت,322,755365,12452667014,16246,16727,16331,85,0.52,16406,160,0.98,15800,16733,1399-6-25
420,وتوصا,گروه س توسعه صنعتي ايران,318,1088581,16873005500,16310,15500,15500,-810,-4.97,16020,-290,-1.78,15500,15500,1399-6-25
421,سفانو,سيمان فارس نو,314,526451,18627085310,33730,35410,35410,1680,4.98,34260,530,1.57,34440,35410,1399-6-25
422,غشصفا,شيرپاستوريزه‌پگاه‌اصفهان‌,313,1202736,34121180720,29830,28340,28340,-1490,-4.99,28740,-1090,-3.65,28340,29550,1399-6-25
423,شتولي,تولي‌پرس‌,307,1079683,18483314231,17305,16959,16959,-346,-2.0,17119,-186,-1.07,16959,17651,1399-6-25
424,قچار,فراوردههاي غذايي وقند چهارمحال,302,196570,32181360647,171929,163333,163333,-8596,-5.0,166234,-5695,-3.31,163333,170000,1399-6-25
425,امين يكم2,صندوق درآمد ثابت امين يكم فردا,300,30000000,30000000,10490,1,1,-10489,-99.99,1,-10489,-99.99,1,1,1399-6-25
426,كيسون,شركت كيسون,300,1034168,23253267480,23668,22485,22485,-1183,-5.0,23061,-607,-2.56,22485,22485,1399-6-25
427,شخارك,پتروشيمي‌ خارك‌,295,691506,33572616300,46240,48550,48550,2310,5.0,46910,670,1.45,48550,48550,1399-6-25
428,ياقوت,صندوق س ياقوت آگاه-ثابت,289,9316158,102770237950,11010,11030,11050,40,0.36,11030,20,0.18,11030,11050,1399-6-25
429,سمايه,بانك سرمايه,287,1305250,12626988500,10183,9674,9674,-509,-5.0,9835,-348,-3.42,9674,9674,1399-6-25
430,دلر,داروسازي‌ اكسير,286,230877,23227085790,95970,99980,100760,4790,4.99,98020,2050,2.14,96120,100760,1399-6-25
431,بشهاب,لامپ‌  پارس‌ شهاب‌,282,313150,22691558780,76220,72410,72410,-3810,-5.0,74400,-1820,-2.39,72410,76100,1399-6-25
432,بنيرو,نيروترانس‌,278,279619,20266785120,76290,72480,72480,-3810,-4.99,74660,-1630,-2.14,72480,72480,1399-6-25
433,سرچشمه,سرمايه گذاري مس سرچشمه,275,3960748,39203483704,9427,9898,9898,471,5.0,9763,336,3.56,9898,9898,1399-6-25
434,زبينا,كشاورزي و دامپروري بينالود,274,272683,14756513228,56964,54116,54116,-2848,-5.0,56022,-942,-1.65,54116,54116,1399-6-25
435,سيستم,همكاران سيستم,273,875837,23414013390,25500,26770,26700,1200,4.71,26060,560,2.2,25990,26770,1399-6-25
436,فوكا,فولاد كاويان,271,756783,15845522454,21810,20938,20938,-872,-4.0,21534,-276,-1.27,20938,20938,1399-6-25
437,وآذر,سرمايه‌گذاري‌توسعه‌آذربايجان‌,269,145696,17949747200,129680,123200,123200,-6480,-5.0,127160,-2520,-1.94,123200,123200,1399-6-25
438,صنوين,صندوق سرمايه‌گذاري صنوين-مختلط,266,105412,12631260210,117310,119000,120400,3090,2.63,119830,2520,2.15,119000,120400,1399-6-25
439,فجر,فولاد اميركبيركاشان,260,982963,57660609580,55870,58660,58660,2790,4.99,58660,2790,4.99,58660,58660,1399-6-25
440,صايند,صندوق س. گنجينه آينده روشن-د,258,3417240,33824376030,9946,9979,9910,-36,-0.36,9898,-48,-0.48,9870,9979,1399-6-25
441,ساربيل,سيمان آرتا اردبيل,254,119591,13406151100,118000,112100,112100,-5900,-5.0,116320,-1680,-1.42,112100,112100,1399-6-25
442,فولاي,صنايع فولاد آلياژي يزد,254,239043,12421391409,54697,51963,51963,-2734,-5.0,53972,-725,-1.33,51963,51963,1399-6-25
443,الماس,صندوق س.امين تدبيرگران فردا-س,253,148855,19954845501,128803,133220,136289,7486,5.81,134056,5253,4.08,127110,141137,1399-6-25
444,فجام,جام‌دارو,250,172633,10280295150,62680,59550,59550,-3130,-4.99,62000,-680,-1.08,59550,59550,1399-6-25
445,گنجين,صندوق س. گنجينه يكم آويد-د,245,10422505,117482672254,11272,11279,11272,0,0.0,11272,0,0.0,11130,11285,1399-6-25
446,ثنور,سرمايه گذاري كوه نور,242,1958212,16905244196,8899,8633,8633,-266,-2.99,8661,-238,-2.67,8633,8633,1399-6-25
447,وليز,ليزينگ‌ايران‌,240,1265340,13108922400,10900,10360,10360,-540,-4.95,10740,-160,-1.47,10360,10360,1399-6-25
448,زعف9908پ10,زعفران9908نگين طلاي سرخ(پ),240,109746,9605626907,88301,87360,86500,-1801,-2.04,87526,-775,-0.88,86000,89500,1399-6-25
449,غدام,خوراك‌  دام‌ پارس‌,238,504740,65398994510,123400,129570,129570,6170,5.0,129570,6170,5.0,125300,129570,1399-6-25
450,شجمح,ح. صنايع پتروشيمي تخت جمشيد,238,1941151,14137826584,7073,7284,7285,212,3.0,7283,210,2.97,7002,7285,1399-6-25
451,شراز,پالايش نفت شيراز,238,580250,67018875000,110000,115500,115500,5500,5.0,115500,5500,5.0,115500,115500,1399-6-25
452,غچين,كشت‌ و صنعت‌ چين‌ چين,237,205491,11289675540,57830,54940,54940,-2890,-5.0,57140,-690,-1.19,54940,54940,1399-6-25
453,شغدير,پتروشيمي غدير,234,386181,16725112929,41247,43309,43309,2062,5.0,41841,594,1.44,43309,43309,1399-6-25
454,ختور,رادياتور ايران‌,227,262466,10162683520,40750,38720,38720,-2030,-4.98,40310,-440,-1.08,38720,38720,1399-6-25
455,پخش,پخش البرز,226,850450,27475902013,30824,31692,32365,1541,5.0,31689,865,2.81,31682,32365,1399-6-25
456,دشيري,شيرين دارو,223,127852,24861607674,200097,194095,194095,-6002,-3.0,194456,-5641,-2.82,194095,202990,1399-6-25
457,دمعيار,صندوق س. توازن معيار-د,222,6710433,67600307934,10076,10109,10066,-10,-0.1,10074,-2,-0.02,10030,10109,1399-6-25
458,وشمال,س. چشم انداز توسعه شمال,220,540406,68338121542,120436,126457,126457,6021,5.0,126457,6021,5.0,126457,126457,1399-6-25
459,ساروم,سيمان‌اروميه‌,217,1045713,26216024910,23880,25070,25070,1190,4.98,24490,610,2.55,25070,25070,1399-6-25
460,واتي,سرمايه‌ گذاري‌ آتيه‌ دماوند,213,2307964,31711425360,13090,13740,13740,650,4.97,13520,430,3.28,13740,13740,1399-6-25
461,پلاسك,پلاسكوكار,213,1371940,12772761400,9790,9310,9310,-480,-4.9,9660,-130,-1.33,9310,9310,1399-6-25
462,وتعاون,بيمه  تعاون,208,1166485,7165174849,5989,6100,6168,179,2.99,6043,54,0.9,5970,6168,1399-6-25
463,كرماشا,صنايع پتروشيمي كرمانشاه,208,1094198,50869265020,44280,46490,46490,2210,4.99,45990,1710,3.86,46490,46490,1399-6-25
464,ثاصفا,شركت‌ ساختمان‌ اصفهان‌,205,294521,7734415981,25011,26261,26261,1250,5.0,25456,445,1.78,26261,26261,1399-6-25
465,سهگمت,سيمان‌هگمتان‌,203,1219380,22568713210,17630,18510,18510,880,4.99,18010,380,2.16,18010,18510,1399-6-25
466,ولبهمن,شركت بهمن ليزينگ,202,902422,9490772174,11070,10517,10517,-553,-5.0,10957,-113,-1.02,10517,10517,1399-6-25
467,ثزاگرس,سرمايه گذاري توسعه عمران زاگرس,201,372501,9057772391,25088,23834,24389,-699,-2.79,24727,-361,-1.44,23834,25889,1399-6-25
468,گنجين2,صندوق س. گنجينه يكم آويد-د,200,20000000,20000000,11272,1,1,-11271,-99.99,1,-11271,-99.99,1,1,1399-6-25
469,آكورد2,صندوق س. آرمان آتي كوثر-د,200,20000000,20000000,28474,1,1,-28473,-100.0,1,-28473,-100.0,1,1,1399-6-25
470,آسام,صندوق س.آرمان سپهر آشنا-م,199,108890,12276146840,111489,113000,112889,1400,1.26,112739,1250,1.12,109910,113500,1399-6-25
471,وآتوس,س.آرين توسكا قيمت اسمي 350ريال,198,837462,27520676244,31905,32862,32862,957,3.0,32862,957,3.0,32862,32862,1399-6-25
472,تمحركه,ماشين‌سازي‌نيرومحركه‌,197,610836,15026565600,23430,24600,24600,1170,4.99,23760,330,1.41,24600,24600,1399-6-25
473,ريشمك,توليد و صادرات ريشمك,191,596958,23236590150,37072,38925,38925,1853,5.0,37805,733,1.98,38925,38925,1399-6-25
474,اعتلاح,ح سرمايه گذاري اعتلاء البرز,190,207552,1913836992,8782,9221,9221,439,5.0,9221,439,5.0,9221,9221,1399-6-25
475,پاسا,ايران‌ياساتايرورابر,190,521481,12739780830,25710,24430,24430,-1280,-4.98,25370,-340,-1.32,24430,24430,1399-6-25
476,ثنظام,س. ساختماني نظام مهندسي ايران,188,428033,21538620560,52968,50320,50320,-2648,-5.0,50320,-2648,-5.0,50320,50320,1399-6-25
477,سشمال,سيمان‌ شمال‌,188,922071,11406018270,13020,12370,12370,-650,-4.99,12860,-160,-1.23,12370,12370,1399-6-25
478,دسينا,داروسازي‌ سينا,188,249721,8250781840,34770,33040,33040,-1730,-4.98,34470,-300,-0.86,33040,33040,1399-6-25
479,غشوكوح,ح . شوكو پارس,187,282257,6464249814,22235,22902,22902,667,3.0,22902,667,3.0,22902,22902,1399-6-25
480,شفارا,پتروشيمي فارابي,184,996149,5371235408,5675,5392,5392,-283,-4.99,5595,-80,-1.41,5392,5392,1399-6-25
481,كاذر,فرآورده‌هاي‌نسوزآذر,184,1074490,34652302500,30720,32250,32250,1530,4.98,31800,1080,3.52,32250,32250,1399-6-25
482,كاسپينح,ح .داروسازي كاسپين تامين,182,395630,8739466700,21039,22090,22090,1051,5.0,22090,1051,5.0,22090,22090,1399-6-25
483,لكما,كارخانجات‌مخابراتي‌ايران‌,181,384890,4590583030,12295,11927,11927,-368,-2.99,12206,-89,-0.72,11927,11927,1399-6-25
484,دشيمي,شيمي‌ داروئي‌ داروپخش‌,179,1058058,60922979640,54840,57580,57580,2740,5.0,57580,2740,5.0,57580,57580,1399-6-25
485,دابور,داروسازي‌ ابوريحان‌,177,435907,17789364670,38870,40810,40810,1940,4.99,39520,650,1.67,40810,40810,1399-6-25
486,وسخراج,شركت س استان خراسان جنوبي,176,8545638,17091276000,1910,2000,2000,90,4.71,1940,30,1.57,2000,2000,1399-6-25
487,تصميم,صندوق س با درآمد ثابت تصميم,174,3864949,55900144750,14500,14500,14490,-10,-0.07,14460,-40,-0.28,14310,14650,1399-6-25
488,فنوال,نورد آلومينيوم‌,173,218440,8032038800,38700,36770,36770,-1930,-4.99,38370,-330,-0.85,36770,36770,1399-6-25
489,سپاس,صندوق س. پاداش سهامداري توسعه1,172,3319772,33308069800,10050,10050,10020,-30,-0.3,10030,-20,-0.2,10020,10050,1399-6-25
490,كلوند,كاشي‌ الوند,171,336146,8803663740,27560,26190,26190,-1370,-4.97,27310,-250,-0.91,26190,26190,1399-6-25
491,سصفها,سيمان‌اصفهان‌,167,245836,28128555120,120440,114420,114420,-6020,-5.0,116580,-3860,-3.2,114420,114420,1399-6-25
492,زاگرس,پتروشيمي زاگرس,167,353220,55204400580,148847,156289,156289,7442,5.0,152601,3754,2.52,156289,156289,1399-6-25
493,قاسم,قاسم ايران,166,462192,7159354080,16305,15490,15490,-815,-5.0,16182,-123,-0.75,15490,15490,1399-6-25
494,ثعمرا,عمران و توسعه شاهد,164,268678,7304817464,28618,27188,27188,-1430,-5.0,28395,-223,-0.78,27188,27188,1399-6-25
495,كگاز,شيشه‌ و گاز,159,205528,5185471440,26550,25230,25230,-1320,-4.97,26410,-140,-0.53,25230,25230,1399-6-25
496,غمهرا,توليدي‌مهرام‌,157,57453,6099268310,111700,106120,106120,-5580,-5.0,110990,-710,-0.64,106120,107990,1399-6-25
497,شكبير,پتروشيمي اميركبير,156,168505,10460574733,63996,62077,62077,-1919,-3.0,63772,-224,-0.35,62077,62147,1399-6-25
498,بنو,بيمه تجارت نو,154,1503108,38640397356,24483,25707,25707,1224,5.0,25283,800,3.27,25707,25707,1399-6-25
499,سمتاز,سيمان ممتازان كرمان,153,290135,6433550511,22298,21630,22500,202,0.91,22258,-40,-0.18,21630,22800,1399-6-25
500,ضصاد8024,اختيارخ وبصادر-5500-1399/08/11,153,3146,852792000,223,350,270,47,21.08,271,48,21.52,200,350,1399-6-25
501,رنيكح,ح.جنرال مكانيك,151,7659189,163994022549,21182,21182,22241,1059,5.0,21411,229,1.08,21182,22241,1399-6-25
502,فبيرا,بسته‌ بندي‌ ايران‌,150,3942328,20709048984,5529,5253,5253,-276,-4.99,5253,-276,-4.99,5253,5253,1399-6-25
503,واعتبار,سرمايه گذاري اعتبار ايران,147,644447,5084686830,8300,7890,7890,-410,-4.94,8260,-40,-0.48,7890,7890,1399-6-25
504,تشتاد,صنايع توليدي اشتاد ايران‌,146,258212,3515713878,13932,13515,13515,-417,-2.99,13875,-57,-0.41,13515,13963,1399-6-25
505,حاريا,كشتيراني آريا,140,966538,23279067730,23384,24085,24085,701,3.0,24085,701,3.0,24085,24085,1399-6-25
506,وحكمت,بيمه حكمت صبا,140,661502,3859202668,6014,5834,5834,-180,-2.99,5978,-36,-0.6,5834,5834,1399-6-25
507,ثغربح,ح.شركت سرمايه گذاري مسكن شمالغ,132,1212239,9991273838,8242,8242,8242,0,0.0,8242,0,0.0,8242,8242,1399-6-25
508,فنرژي,گسترش صنايع انرژي آذرآب,132,226237,2467103131,11336,10883,11000,-336,-2.96,11225,-111,-0.98,10883,11115,1399-6-25
509,ثروتم,صندوق س. ثروت آفرين پارسيان-س,132,38020,3881521710,100293,102000,102000,1707,1.7,102092,1799,1.79,101022,103999,1399-6-25
510,خراسان,پتروشيمي خراسان,128,1123551,99535383090,84380,88590,88590,4210,4.99,88590,4210,4.99,88590,88590,1399-6-25
511,حبندر,دريايي و کشتيراني خط دريابندر,125,324007,7555843240,24547,23320,23320,-1227,-5.0,24056,-491,-2.0,23320,23320,1399-6-25
512,لبوتان,گروه‌صنعتي‌بوتان‌,124,70571,5669674140,84560,80340,80340,-4220,-4.99,84050,-510,-0.6,80340,80340,1399-6-25
513,ولراز,ليزينگ رازي,124,421097,10417097586,23560,24738,24738,1178,5.0,24116,556,2.36,24738,24738,1399-6-25
514,ثشرق,سرمايه گذاري مسكن شمال شرق,122,531022,3887081040,7700,7320,7320,-380,-4.94,7670,-30,-0.39,7320,7320,1399-6-25
515,چكاوه,صنايع‌كاغذسازي‌كاوه‌,122,104149,3955579020,39970,37980,37980,-1990,-4.98,39800,-170,-0.43,37980,37980,1399-6-25
516,غشاذر,پگاه‌آذربايجان‌غربي‌,122,118819,2647287320,23450,22280,22280,-1170,-4.99,23380,-70,-0.3,22280,22280,1399-6-25
517,سخوز,سيمان خوزستان,120,1207483,24161734830,19060,20010,20010,950,4.98,19460,400,2.1,20010,20010,1399-6-25
518,ساروج,بين المللي ساروج بوشهر,119,360125,8743519677,25339,24073,24861,-478,-1.89,24848,-491,-1.94,24073,26590,1399-6-25
519,كقزوي,شيشه‌ قزوين‌,114,255446,2687291920,10845,10520,10520,-325,-3.0,10800,-45,-0.41,10520,10520,1399-6-25
520,شزنگ,تجهيزنيروي‌زنگان‌,114,166008,14142932060,83525,85195,85195,1670,2.0,85194,1669,2.0,84000,85195,1399-6-25
521,پست9908-02,پسته فندقي32-30طلاسبززرند9908,113,14549,21414039600,1462930,1536076,1447284,-15646,-1.07,1471856,8926,0.61,1389784,1536076,1399-6-25
522,بالاس,مهندسي ساختمان تاسيسات راه آهن,113,90053,4545965493,53137,50481,50481,-2656,-5.0,52881,-256,-0.48,50481,50481,1399-6-25
523,كصدف,كاشي صدف سرام استقلال آباده,112,740556,10372557730,13757,14032,14032,275,2.0,14006,249,1.81,13482,14032,1399-6-25
524,بزاگرس,نيروگاه زاگرس كوثر,110,676543,10824688000,17456,16000,16000,-1456,-8.34,17111,-345,-1.98,16000,16000,1399-6-25
525,حسير,ريل سير كوثر,109,212504,5655368952,28013,26613,26613,-1400,-5.0,27846,-167,-0.6,26613,26613,1399-6-25
526,نگين,ص.س. زمين و ساختمان نگين شهرري,108,80397,4094124980,50660,51000,51000,340,0.67,50920,260,0.51,50600,51000,1399-6-25
527,چفيبر,فيبر ايران‌,107,714468,7930594800,11680,11100,11100,-580,-4.97,11580,-100,-0.86,11100,11100,1399-6-25
528,ثقزوي,شركت عمران و سازندگي قزوين,106,510551,10309556343,19232,20193,20193,961,5.0,19670,438,2.28,20193,20193,1399-6-25
529,ثپرديس,سرمايه گذاري مسكن پرديس,105,233155,3241787120,14635,13904,13904,-731,-4.99,14585,-50,-0.34,13904,13904,1399-6-25
530,اخزا815,اسنادخزانه-م15بودجه98-010406,104,97314,71525566530,734923,733509,734000,-923,-0.13,734998,75,0.01,733509,735990,1399-6-25
531,سقاين,سيمان‌ قائن‌,103,117946,5340594880,47660,45280,45280,-2380,-4.99,47390,-270,-0.57,45280,45280,1399-6-25
532,خكمك,كمك‌فنرايندامين‌,100,133133,7656478830,60530,57510,57510,-3020,-4.99,60040,-490,-0.81,57510,57510,1399-6-25
533,فالوم,آلومتك‌,98,548233,19597136818,37627,35746,35746,-1881,-5.0,35746,-1881,-5.0,35746,35746,1399-6-25
534,خفنر,فنرسازي‌خاور,98,129836,2611001960,21160,20110,20110,-1050,-4.96,21100,-60,-0.28,20110,20110,1399-6-25
535,چافست,افست‌,97,240101,6266636100,27470,26100,26100,-1370,-4.99,27290,-180,-0.66,26100,26100,1399-6-25
536,دقاضي,داروسازي شهيد قاضي,96,73746,7278949904,101394,98353,98353,-3041,-3.0,100383,-1011,-1.0,98353,101393,1399-6-25
537,خموتور,موتورسازان‌تراكتورسازي‌ايران‌,95,256542,3412008600,14000,13300,13300,-700,-5.0,13950,-50,-0.36,13300,13300,1399-6-25
538,خلنت,لنت‌ ترمزايران‌,94,42796,4055776920,99750,94770,94770,-4980,-4.99,99320,-430,-0.43,94770,94770,1399-6-25
539,كساپا,سايپاشيشه‌,92,100313,2056416500,21570,20500,20500,-1070,-4.96,21520,-50,-0.23,20500,20500,1399-6-25
540,اخزا814,اسنادخزانه-م14بودجه98-010318,92,128968,95649014043,741304,741990,740606,-698,-0.09,741649,345,0.05,739009,742500,1399-6-25
541,سنوين,سرمايه گذاري اقتصاد نوين,91,980870,11071079690,11066,11287,11287,221,2.0,11287,221,2.0,11287,11287,1399-6-25
542,داريك,صندوق س.اعتماد داريك-د,90,760391,7627725107,9970,9980,10080,110,1.1,10031,61,0.61,9980,10080,1399-6-25
543,وثنو,سرمايه گذاري ساختماني نوين,89,152379,2811544929,19021,18451,18451,-570,-3.0,18938,-83,-0.44,18451,18451,1399-6-25
544,اخزا817,اسنادخزانه-م17بودجه98-010512,87,192658,138895848684,720935,720800,720910,-25,0.0,720945,10,0.0,720800,721297,1399-6-25
545,وبرق,س.کارکنان صنعت برق زنجان وقزوي,86,32115,6947855445,223034,216343,216343,-6691,-3.0,220604,-2430,-1.09,216343,216343,1399-6-25
546,خنصير,مهندسي‌نصيرماشين‌,81,104232,5320001280,53720,51040,51040,-2680,-4.99,53420,-300,-0.56,51040,51040,1399-6-25
547,وثوق,سرمايه گذاري وثوق امين,80,145480,2299602360,16295,15807,15807,-488,-2.99,16237,-58,-0.36,15807,15807,1399-6-25
548,لسرما,سرما آفرين‌,78,147147,3830236410,27400,26030,26030,-1370,-5.0,27290,-110,-0.4,26030,26030,1399-6-25
549,كپشير,پشم‌شيشه‌ايران‌,77,37397,1986154670,55900,53110,53110,-2790,-4.99,55780,-120,-0.21,53110,53110,1399-6-25
550,قپيرا,فرآورده‌هاي‌غدايي‌وقندپيرانشهر,76,17361,1375790390,80950,79900,79300,-1650,-2.04,80900,-50,-0.06,77210,80000,1399-6-25
551,آساميد,صندوق س.مشترك آسمان اميد -د,76,1681760,17920187931,10649,10659,10660,11,0.1,10656,7,0.07,10649,10666,1399-6-25
552,خچرخش,چرخشگر,75,213054,4608358020,22760,21630,21630,-1130,-4.96,22650,-110,-0.48,21630,21630,1399-6-25
553,اخزا808,اسنادخزانه-م8بودجه98-000817,75,66070,54267103766,824608,820001,821600,-3008,-0.36,821358,-3250,-0.39,820001,822949,1399-6-25
554,ثغرب,شركت سرمايه گذاري مسكن شمالغرب,74,292934,4035458784,14501,13776,13776,-725,-5.0,14439,-62,-0.43,13776,13776,1399-6-25
555,وپسا,س. پتروشيمي ساختمان  خليج فارس,74,1539459,7979015997,5455,5183,5183,-272,-4.99,5341,-114,-2.09,5183,5183,1399-6-25
556,كدما,معدني‌ دماوند,73,87493,11928795620,129850,136340,136340,6490,5.0,131250,1400,1.08,136340,136340,1399-6-25
557,اخزا816,اسنادخزانه-م16بودجه98-010503,73,215336,156015385791,725724,725000,725000,-724,-0.1,724521,-1203,-0.17,720181,725724,1399-6-25
558,ضجار7022,اختيارخ وتجارت-2800-1399/07/22,72,1379,1313292000,707,1020,951,244,34.51,952,245,34.65,751,1020,1399-6-25
559,تسه9905,امتياز تسهيلات مسكن مرداد99,70,885,708266914,762207,800000,800317,38110,5.0,800302,38095,5.0,800000,800317,1399-6-25
560,بايكا,كارخانجات كابلسازي ‌ايران‌,70,44108,1834010640,43768,41580,41580,-2188,-5.0,43556,-212,-0.48,41580,41580,1399-6-25
561,كسعدي,كاشي‌ سعدي‌,70,27753,1794786510,68070,64670,64670,-3400,-4.99,67940,-130,-0.19,64670,64670,1399-6-25
562,سدشت,صنايع سيمان دشتستان,69,61197,2363428140,36790,38620,38620,1830,4.97,36870,80,0.22,38620,38620,1399-6-25
563,فيروزا,صندوق بادرآمد ثابت فيروزه آسيا,69,667048,13720995330,20560,20630,20600,40,0.19,20570,10,0.05,20540,20630,1399-6-25
564,تسه9710,امتياز تسهيلات مسكن دي 97,69,2490,1975464509,760770,769998,798808,38038,5.0,793359,32589,4.28,769998,798808,1399-6-25
565,زعف9908پ05,زعفران9908نگين زرين(پ),69,26347,2310681492,87592,87360,87001,-591,-0.67,87702,110,0.13,87000,89800,1399-6-25
566,افران,صندوق س افرا نماد پايدار-ثابت,68,2347240,27435988620,11680,11680,11690,10,0.09,11690,10,0.09,11680,11700,1399-6-25
567,دارا2,صندوق س. دارا الگوريتم-د,68,6800000,6800000,10135,1,1,-10134,-99.99,1,-10134,-99.99,1,1,1399-6-25
568,قلرست,قند لرستان‌,68,184573,5066528850,28890,27450,27450,-1440,-4.98,28740,-150,-0.52,27450,27450,1399-6-25
569,سخند,صندوق س.سپهرخبرگان نفت-د,65,95170,954069770,10013,10015,10011,-2,-0.02,10025,12,0.12,10011,10049,1399-6-25
570,شراز4,پالايش نفت شيراز,65,612836,70911332500,110000,115710,115720,5720,5.2,115710,5710,5.19,115710,115720,1399-6-25
571,خفولا,خدمات فني فولاد يزد,63,144416,4472563520,31927,30970,30970,-957,-3.0,31704,-223,-0.7,30970,30970,1399-6-25
572,تپمپي,پمپ‌ سازي‌ ايران‌,62,30596,1512666240,52040,49440,49440,-2600,-5.0,51960,-80,-0.15,49440,49440,1399-6-25
573,كشرق,صنعتي و معدني شمال شرق شاهرود,62,46252,3952464660,89952,85455,85455,-4497,-5.0,89576,-376,-0.42,85455,85455,1399-6-25
574,وآفري,بيمه كارآفرين,62,1483609,20277967812,13270,13668,13668,398,3.0,13628,358,2.7,13668,13668,1399-6-25
575,تسه9707,امتياز تسهيلات مسكن مهر97,62,1716,1331225680,749379,766000,775200,25821,3.45,775773,26394,3.52,764990,784990,1399-6-25
576,لخزر,پارس‌ خزر,62,38232,8552498400,235470,223700,223700,-11770,-5.0,233350,-2120,-0.9,223700,223700,1399-6-25
577,تسه9708,امتياز تسهيلات مسكن آبان97,61,1875,1475767761,757251,769970,795113,37862,5.0,787076,29825,3.94,769970,795113,1399-6-25
578,كهرام,توليدي گرانيت بهسرام,61,385335,24126980355,59632,62613,62613,2981,5.0,62613,2981,5.0,62613,62613,1399-6-25
579,تسه9902,امتياز تسهيلات مسكن ارديبهشت99,60,826,671509004,777855,745800,816747,38892,5.0,812965,35110,4.51,745800,816747,1399-6-25
580,اخزا811,اسنادخزانه-م11بودجه98-001013,60,216713,173864593979,801525,801700,802301,776,0.1,802280,755,0.09,800507,807000,1399-6-25
581,سرو2,صندوق س سروسودمند مدبران-سهام,59,5900000,5900000,68150,1,1,-68149,-100.0,1,-68149,-100.0,1,1,1399-6-25
582,شگويا4,پتروشيمي تندگويان,58,1064848,17740368002,15366,16660,16661,1295,8.43,16660,1294,8.42,16660,16661,1399-6-25
583,زنگان,صنعت روي زنگان,57,15546,2426046576,164269,156056,156056,-8213,-5.0,163849,-420,-0.26,156056,156056,1399-6-25
584,تسه9904,امتياز تسهيلات مسكن تير99,57,733,586921125,762693,790000,800827,38134,5.0,800711,38018,4.98,790000,800827,1399-6-25
585,غگلپا,شير پاستوريزه پگاه گلپايگان,57,16340,1208490060,77851,73959,73959,-3892,-5.0,77752,-99,-0.13,73959,73959,1399-6-25
586,سفار,سيمان‌فارس‌,56,31492,3369644000,112630,107000,107000,-5630,-5.0,112230,-400,-0.36,107000,107000,1399-6-25
587,زعف9908پ16,زعفران9908نگين بيرجند(پ),56,19297,1683904154,87769,87000,86500,-1269,-1.45,87262,-507,-0.58,86500,88500,1399-6-25
588,دلقما,دارويي‌ لقمان‌,54,50967,1770593580,36560,34740,34740,-1820,-4.98,36490,-70,-0.19,34740,34740,1399-6-25
589,وبصادر2,بانك صادرات ايران,53,144440302,573445458427,3790,3970,3970,180,4.75,3970,180,4.75,3970,3979,1399-6-25
590,ثامان,سامان‌ گستراصفهان‌,53,92205,2047873050,23370,22210,22210,-1160,-4.96,23320,-50,-0.21,22210,22210,1399-6-25
591,اخزا721,اسنادخزانه-م21بودجه97-000728,53,25212,21017482791,837366,830100,833000,-4366,-0.52,833630,-3736,-0.45,830100,837367,1399-6-25
592,اخزا821,اسنادخزانه-م21بودجه98-020906,52,124771,72663121870,583414,582510,581100,-2314,-0.4,582372,-1042,-0.18,581000,583000,1399-6-25
593,كطبس,ذغال‌سنگ‌ نگين‌ ط‌بس‌,51,28448,1532493760,56700,53870,53870,-2830,-4.99,56610,-90,-0.16,53870,53870,1399-6-25
594,شكف,كف,51,277813,10898326177,37721,39229,39229,1508,4.0,39229,1508,4.0,39229,39229,1399-6-25
595,گپارس,امور رفاهي كارگزاران پارس,48,154625,16248922750,100082,105086,105086,5004,5.0,103775,3693,3.69,105086,105086,1399-6-25
596,وارس,سرمايه گذاري ارس صبا,48,30962,3697234344,123105,119412,119412,-3693,-3.0,122397,-708,-0.58,119412,119412,1399-6-25
597,ولغدر,ليزينگ‌خودروغدير,48,124834,2346879200,19780,18800,18800,-980,-4.95,19730,-50,-0.25,18800,18800,1399-6-25
598,نتوس,پشم‌ بافي‌ توس,47,60771,663983946,11263,10926,10926,-337,-2.99,11251,-12,-0.11,10926,10926,1399-6-25
599,اخزا809,اسنادخزانه-م9بودجه98-000923,47,24255,19645523622,809521,808001,810000,479,0.06,809958,437,0.05,808001,811053,1399-6-25
600,ضصاد8017,اختيارخ وبصادر-3800-1399/08/11,46,1233,1149774000,737,999,940,203,27.54,933,196,26.59,900,1000,1399-6-25
601,تسه9709,امتياز تسهيلات مسكن آذر97,45,837,660035725,758523,769759,796448,37925,5.0,788573,30050,3.96,769670,796449,1399-6-25
602,سخواف,سيمان مجد خواف,45,610749,10566568449,17836,17301,17301,-535,-3.0,17544,-292,-1.64,17301,17301,1399-6-25
603,ضجار7023,اختيارخ وتجارت-3000-1399/07/22,42,1112,905261000,595,770,830,235,39.5,814,219,36.81,750,840,1399-6-25
604,تسه9901,امتياز تسهيلات مسكن فروردين99,41,1260,1007014832,762770,741000,800908,38138,5.0,799218,36448,4.78,741000,800908,1399-6-25
605,اخزا818,اسنادخزانه-م18بودجه98-010614,40,71744,50978947553,709793,709999,709504,-289,-0.04,710567,774,0.11,708600,711498,1399-6-25
606,ضچاد7024,اختيارخ كچاد-23300-1399/07/07,40,638,486769000,352,598,851,499,141.76,763,411,116.76,502,950,1399-6-25
607,تصميم2,صندوق س با درآمد ثابت تصميم,40,4000000,4000000,14500,1,1,-14499,-99.99,1,-14499,-99.99,1,1,1399-6-25
608,زعف9908پ11,زعفران9908نگين سحرخيز(پ),39,7745,703431205,90727,88010,90000,-727,-0.8,90824,97,0.11,88000,91700,1399-6-25
609,اخزا813,اسنادخزانه-م13بودجه98-010219,39,41397,31119920011,752338,752000,751470,-868,-0.12,751743,-595,-0.08,751003,752000,1399-6-25
610,لازما,كارخانه هاي صنعتي آزمايش,38,56634,1796940186,32376,31729,31729,-647,-2.0,32256,-120,-0.37,31729,31729,1399-6-25
611,تسه9810,امتياز تسهيلات مسكن دي98,37,862,681985692,753631,731200,791312,37681,5.0,791167,37536,4.98,731200,791312,1399-6-25
612,تكنار,مجتمع معادن مس تكنار,37,129376,9410163360,69272,72735,72735,3463,5.0,70791,1519,2.19,72735,72735,1399-6-25
613,قمرو,قند مرودشت‌,37,36415,1292004200,37340,35480,35480,-1860,-4.98,37290,-50,-0.13,35480,35480,1399-6-25
614,ثاژن,سخت آژند,36,785162,8341561088,10840,10624,10624,-216,-1.99,10652,-188,-1.73,10624,10624,1399-6-25
615,پدرخش,درخشان‌ تهران‌,36,15204,3341991240,231370,219810,219810,-11560,-5.0,230560,-810,-0.35,219810,219810,1399-6-25
616,ارمغان,ص سرمايه گذاري ارمغان ايرانيان,36,298731,3002592380,10050,10060,10060,10,0.1,10050,0,0.0,10050,10060,1399-6-25
617,زعف9908پ08,زعفران9908نگين روستا(پ),36,24380,2154586037,87524,87360,87000,-524,-0.6,88375,851,0.97,86120,90500,1399-6-25
618,فافزا,فولاد افزا سپاهان,36,17399,829044951,49122,47649,47649,-1473,-3.0,49059,-63,-0.13,47649,47649,1399-6-25
619,سدشت2,صنايع سيمان دشتستان,35,114791,4433228420,36790,38620,38620,1830,4.97,38620,1830,4.97,38620,38620,1399-6-25
620,ضصاد8016,اختيارخ وبصادر-3600-1399/08/11,35,1103,1101960000,727,950,1000,273,37.55,999,272,37.41,950,1000,1399-6-25
621,سفارود,كارخانه فارسيت درود,34,94136,641536840,7098,6815,6815,-283,-3.99,7079,-19,-0.27,6815,6815,1399-6-25
622,ضغدر8043,اختيارخ وغدير-16000-1399/08/26,33,225,838265000,3176,3900,3650,474,14.92,3726,550,17.32,3555,3900,1399-6-25
623,اخزا806,اسنادخزانه-م6بودجه98-000519,33,57066,49372844211,866261,861650,865750,-511,-0.06,865188,-1073,-0.12,860094,868999,1399-6-25
624,اخزا903,اسنادخزانه-م3بودجه99-011110,33,66608,43696381950,1000000,650110,658000,-342000,-34.2,656023,-343977,-34.4,650110,661500,1399-6-25
625,ضپاس7020,اختيارخ وپارس-5000-1399/07/30,32,1503,1506294000,1444,1000,1000,-444,-30.75,1002,-442,-30.61,1000,1051,1399-6-25
626,اخزا807,اسنادخزانه-م7بودجه98-000719,32,71183,59611658447,836230,840000,835000,-1230,-0.15,837442,1212,0.14,831127,840000,1399-6-25
627,فمراد,آلومراد,31,11579,1746460570,158760,150830,150830,-7930,-4.99,158470,-290,-0.18,150830,150830,1399-6-25
628,اخزا703,اسنادخزانه-م3بودجه97-990721,31,40487,39964603466,986144,986100,986461,317,0.03,987097,953,0.1,986100,987999,1399-6-25
629,وثخوز,سرمايه گذاري و توسعه خوزستان,31,45002,1633257586,38203,36293,36293,-1910,-5.0,38039,-164,-0.43,36293,36293,1399-6-25
630,اوصتا,صندوق انديشه ورزان صباتامين -د,31,491871,8205533760,16564,16576,16680,116,0.7,16682,118,0.71,16576,16700,1399-6-25
631,فولاد2,فولاد مباركه اصفهان,30,69738094,1366866642400,18670,19600,19600,930,4.98,19600,930,4.98,19600,19600,1399-6-25
632,ضپاس7018,اختيارخ وپارس-4600-1399/07/30,30,1350,2040090000,1714,1500,1400,-314,-18.32,1511,-203,-11.84,1400,1700,1399-6-25
633,سكه9912پ04,سكه تمام بهارتحويل1روزه صادرات,30,38100,46218157500,1201065,1213075,1213075,12010,1.0,1213075,12010,1.0,1213075,1213075,1399-6-25
634,ضغدر8044,اختيارخ وغدير-17000-1399/08/26,29,640,2192550000,3939,4000,3200,-739,-18.76,3426,-513,-13.02,3200,4000,1399-6-25
635,تكنو,تكنوتار,29,38817,570221730,15460,14690,14690,-770,-4.98,15450,-10,-0.06,14690,14690,1399-6-25
636,ضجار7024,اختيارخ وتجارت-3200-1399/07/22,29,997,669718000,532,532,690,158,29.7,672,140,26.32,532,850,1399-6-25
637,استارز,ص.ج.ستاره برتر20%تاديه,28,90750,18150000000,200000,200000,200000,0,0.0,200000,0,0.0,200000,200000,1399-6-25
638,اخزا820,اسنادخزانه-م20بودجه98-020806,28,47961,28251741052,590103,594995,590000,-103,-0.02,589057,-1046,-0.18,587001,594995,1399-6-25
639,ضجار7036,اختيارخ وتجارت-6500-1399/07/22,28,912,51388000,57,60,62,5,8.77,56,-1,-1.75,50,66,1399-6-25
640,پلوله,گازلوله‌,28,352837,7180938624,19953,20352,20352,399,2.0,20352,399,2.0,20352,20352,1399-6-25
641,ضصاد8015,اختيارخ وبصادر-3400-1399/08/11,28,666,795948000,841,1299,1200,359,42.69,1195,354,42.09,1100,1299,1399-6-25
642,ثتوسا,س.توسعه و عمران استان اردبيل,27,6697,486449989,76460,72637,72637,-3823,-5.0,76359,-101,-0.13,72637,72637,1399-6-25
643,نمرينو,ايران‌ مرينوس‌,27,58602,4027715460,72340,68730,68730,-3610,-4.99,72020,-320,-0.44,68730,68730,1399-6-25
644,سنير,سيمان‌ سفيد ني‌ريز,27,7096,652477200,96780,91950,91950,-4830,-4.99,96710,-70,-0.07,91950,91950,1399-6-25
645,ثرود,سرمايه‌گذاري مسكن زاينده رود,27,112808,1401075360,13073,12420,12420,-653,-5.0,13054,-19,-0.15,12420,12420,1399-6-25
646,لپيام,گسترش صنايع پيام,27,10941,346359237,32303,31657,31657,-646,-2.0,32280,-23,-0.07,31657,31657,1399-6-25
647,ومللح,ح . اعتباري ملل,26,37734,535822800,14080,14200,14200,120,0.85,14200,120,0.85,14200,14200,1399-6-25
648,شسم,توليد سموم‌ علف‌ كش,26,49585,3939131570,77885,79442,79442,1557,2.0,78469,584,0.75,79442,79442,1399-6-25
649,ساذري,آذريت‌,26,35949,6508278858,175769,181042,181042,5273,3.0,177375,1606,0.91,181042,181042,1399-6-25
650,سايرا,ايرانيت‌,25,16446,560775708,34793,34098,34098,-695,-2.0,34753,-40,-0.11,34098,34098,1399-6-25
651,تسه9809,امتياز تسهيلات مسكن آذر98,25,366,292869570,762930,738522,801076,38146,5.0,800190,37260,4.88,738522,801076,1399-6-25
652,زعف9908پ06,زعفران 9908پوشالمعمول زرين(پ),25,5770,388156147,65442,65507,67000,1558,2.38,67271,1829,2.79,65507,67900,1399-6-25
653,شمواد,توليد مواداوليه الياف مصنوعي,25,19751,1267006899,66132,64149,64149,-1983,-3.0,66002,-130,-0.2,64149,64149,1399-6-25
654,تسه9903,امتياز تسهيلات مسكن خرداد99,25,280,223048150,759990,797989,797989,37999,5.0,796601,36611,4.82,759112,797989,1399-6-25
655,پست9908-04,پسته فندقي32-30سبزدانه9908,24,771,1164847148,1446685,1500000,1479999,33314,2.3,1510826,64141,4.43,1400001,1536074,1399-6-25
656,خعمرا,توسعه و عمران شهرستان نائين,24,721042,10064304236,13552,13958,13958,406,3.0,13746,194,1.43,13958,13958,1399-6-25
657,پست9908-08,پسته فندقي32-30زرينمه ولات9908,24,193,290082198,1455260,1536076,1520000,64740,4.45,1503017,47757,3.28,1390000,1536076,1399-6-25
658,ثاباد,توريستي ورفاهي آبادگران ايران,23,95599,3087847700,33990,32300,32300,-1690,-4.97,33880,-110,-0.32,32300,32300,1399-6-25
659,افران2,صندوق س افرا نماد پايدار-ثابت,23,2300000,2300000,11680,1,1,-11679,-99.99,1,-11679,-99.99,1,1,1399-6-25
660,لخانه,لوازم‌ خانگي‌ پارس‌,23,5727,330596802,59511,57726,57726,-1785,-3.0,59480,-31,-0.05,57726,57726,1399-6-25
661,تسه9802,امتياز تسهيلات مسكن ارديبهشت98,23,229,183547210,765810,750000,804100,38290,5.0,801516,35706,4.66,750000,804100,1399-6-25
662,اخزا812,اسنادخزانه-م12بودجه98-001111,23,44207,35003465255,791522,792000,791600,78,0.01,791808,286,0.04,790103,793400,1399-6-25
663,ضملي8077,اختيارخ فملي -29750-1399/08/06,23,89,668613000,5069,999,9300,4231,83.47,7513,2444,48.21,999,9550,1399-6-25
664,تسه9811,امتياز تسهيلات مسكن بهمن98,23,146,115806427,755978,725011,793776,37798,5.0,793195,37217,4.92,725011,793776,1399-6-25
665,تسه9806,امتياز تسهيلات مسكن شهريور98,23,727,594147351,778345,816999,817262,38917,5.0,817259,38914,5.0,816999,817262,1399-6-25
666,زير0003پ01,زيره سبز0003كيميابذر(پ),23,362,162844599,448649,467000,440001,-8648,-1.93,449847,1198,0.27,436217,467000,1399-6-25
667,ضجار7025,اختيارخ وتجارت-3400-1399/07/22,22,529,279769000,412,502,599,187,45.39,529,117,28.4,502,599,1399-6-25
668,ضپاس7017,اختيارخ وپارس-4400-1399/07/30,22,328,527185000,1716,1790,1380,-336,-19.58,1607,-109,-6.35,200,1790,1399-6-25
669,زعف9908پ15,زعفران9908پوشالمعمول طلاسرخ(پ),22,7112,483536713,68022,65112,65302,-2720,-4.0,67989,-33,-0.05,65112,69000,1399-6-25
670,آگاس2,صندوق س.هستي بخش آگاه-س,21,27500000,27500000,67500,1,1,-67499,-100.0,1,-67499,-100.0,1,1,1399-6-25
671,تسه9808,امتياز تسهيلات مسكن آبان98,21,341,272747145,761758,799845,799845,38087,5.0,799845,38087,5.0,799845,799845,1399-6-25
672,وايرا,سرمايه گذاري صنايع ايران,21,141484,1264159540,9405,8935,8935,-470,-5.0,9374,-31,-0.33,8935,8935,1399-6-25
673,ضملت8034,اختيارخ وبملت-6755-1399/08/28,20,220,861742100,800,1000,940,140,17.5,946,146,18.25,940,1000,1399-6-25
674,زير0003پ04,زيره سبز0003شركت مينوبذر(پ),20,415,178982860,466529,436217,450999,-15530,-3.33,431284,-35245,-7.55,426217,450999,1399-6-25
675,تسه9712,امتياز تسهيلات مسكن اسفند97,20,424,331528171,752941,726081,790588,37647,5.0,781906,28965,3.85,726081,790588,1399-6-25
676,كرونا2,تامين مالي جمعي صرفا اهداي سود,19,2463,24630000,10000,10000,10000,0,0.0,10000,0,0.0,10000,10000,1399-6-25
677,اطلس2,صندوق س.توسعه اندوخته آينده-س,19,190000,190000,204248,1,1,-204247,-100.0,1,-204247,-100.0,1,1,1399-6-25
678,زعف9908پ09,زعفران9908نگين نوين(پ),19,5085,449730200,88915,87000,87650,-1265,-1.42,88443,-472,-0.53,87000,91500,1399-6-25
679,هصادر912,اختيارف ت صادرات-3750-99/12/23,18,1000000,1000000,176,1,1,-175,-99.43,1,-175,-99.43,1,1,1399-6-25
680,جم2,پتروشيمي جم,18,3365999,157225813290,44490,46710,46710,2220,4.99,46710,2220,4.99,46710,46710,1399-6-25
681,تسه9812,امتياز تسهيلات مسكن اسفند98,18,458,364552660,758200,730500,796110,37910,5.0,795966,37766,4.98,730500,796110,1399-6-25
682,شلرد02,كود شيميايي اوره لردگان,18,2332,2354003000,1057756,1075000,999100,-58656,-5.55,1009435,-48321,-4.57,999100,1075000,1399-6-25
683,ضصاد8012,اختيارخ وبصادر-2800-1399/08/11,18,189,305712000,1228,1550,1663,435,35.42,1618,390,31.76,1500,1690,1399-6-25
684,زعف9908پ12,زعفران9908پوشالمعمول سحرخيز(پ),18,2497,179359368,67569,71964,69000,1431,2.12,71830,4261,6.31,69000,71964,1399-6-25
685,غشوكو,شوكو پارس,18,5649,251425692,45884,44508,44508,-1376,-3.0,45866,-18,-0.04,44508,44508,1399-6-25
686,ضملت8037,اختيارخ وبملت-8204-1399/08/28,17,77,180365396,511,697,635,124,24.27,566,55,10.76,520,698,1399-6-25
687,ضصاد8018,اختيارخ وبصادر-4000-1399/08/11,17,326,263175000,625,850,850,225,36.0,807,182,29.12,800,850,1399-6-25
688,تسه9803,امتياز تسهيلات مسكن خرداد98,17,189,148478240,761553,726680,799630,38077,5.0,785599,24046,3.16,726680,799630,1399-6-25
689,ضجار7031,اختيارخ وتجارت-4600-1399/07/22,17,386,73023000,183,190,188,5,2.73,189,6,3.28,151,200,1399-6-25
690,ضصاد8020,اختيارخ وبصادر-4400-1399/08/11,17,464,304617000,517,600,680,163,31.53,657,140,27.08,600,699,1399-6-25
691,تسه9801,امتياز تسهيلات مسكن فروردين98,16,254,204714949,777019,738869,815869,38850,5.0,805964,28945,3.73,738869,815869,1399-6-25
692,سكه0012پ01,سكه تمام بهارتحويلي 1روزه رفاه,16,4100,4973607500,1201065,1213075,1213075,12010,1.0,1213075,12010,1.0,1213075,1213075,1399-6-25
693,زعف9908پ13,زعفران9908پوشالمعمول روستا(پ),15,2554,172110352,67100,68000,66064,-1036,-1.54,67389,289,0.43,66000,69998,1399-6-25
694,ضملي8082,اختيارخ فملي-39750-1399/08/06,15,356,1360690000,3569,2650,4190,621,17.4,3822,253,7.09,2650,4190,1399-6-25
695,ضفلا8087,اختيارخ فولاد-18775-1399/08/28,15,202,969594000,4147,4800,4800,653,15.75,4800,653,15.75,4799,4800,1399-6-25
696,غبهار,كشت وصنعت بهاران گلبهار خراسان,14,5103,205033437,41421,40179,40179,-1242,-3.0,41407,-14,-0.03,40179,40179,1399-6-25
697,ضصاد8021,اختيارخ وبصادر-4600-1399/08/11,14,210,121282000,385,600,550,165,42.86,578,193,50.13,550,620,1399-6-25
698,فارس2,صنايع پتروشيمي خليج فارس,14,29043582,871597895820,28590,30010,30010,1420,4.97,30010,1420,4.97,30010,30010,1399-6-25
699,سكارون,سيمان كارون,13,1723,198217366,118600,115042,115042,-3558,-3.0,118562,-38,-0.03,115042,115042,1399-6-25
700,زعف9908پ17,زعفران9908پوشالمعمول بيرجند(پ),13,2343,159349435,67989,69998,66064,-1925,-2.83,68011,22,0.03,66064,69998,1399-6-25
701,زعف9908پ14,زعفران9908پوشالمعمول نوين(پ),13,10934,743932395,68538,70900,66001,-2537,-3.7,68038,-500,-0.73,66000,70900,1399-6-25
702,ضصاد8022,اختيارخ وبصادر-4800-1399/08/11,12,59,32450000,600,550,550,-50,-8.33,550,-50,-8.33,550,550,1399-6-25
703,اخزا810,اسنادخزانه-م10بودجه98-001006,12,21858,17570771815,807161,800185,805000,-2161,-0.27,803860,-3301,-0.41,800185,805999,1399-6-25
704,ضملي8078,اختيارخ فملي-31750-1399/08/06,12,89,699951000,5864,7998,7500,1636,27.9,7865,2001,34.12,7500,8000,1399-6-25
705,كچاد2,معدني‌وصنعتي‌چادرملو,12,21890431,430146969150,18720,19650,19650,930,4.97,19650,930,4.97,19650,19650,1399-6-25
706,ضجار7016,اختيارخ وتجارت-1800-1399/07/22,12,124,233851000,1548,1900,1900,352,22.74,1886,338,21.83,1750,1900,1399-6-25
707,شستا993,اجاره ت.اجتماعي-كاردان991226,12,276,284361460,1014711,1035000,1014710,-1,0.0,1030295,15584,1.54,1014710,1035000,1399-6-25
708,ضصاد8008,اختيارخ وبصادر-2000-1399/08/11,11,218,535635000,2016,2100,2500,484,24.01,2457,441,21.88,2100,2500,1399-6-25
709,اخزا804,اسنادخزانه-م4بودجه98-000421,11,14548,12696102676,874185,867876,872501,-1684,-0.19,872704,-1481,-0.17,867876,873500,1399-6-25
710,وتجارت2,بانك تجارت,11,17873683,61842943180,3300,3460,3460,160,4.85,3460,160,4.85,3460,3460,1399-6-25
711,ونچر,ص.ج.فيروزه10%تاديه,11,21400,4582553200,194671,214138,214138,19467,10.0,214138,19467,10.0,214138,214138,1399-6-25
712,ضپاس7016,اختيارخ وپارس-4200-1399/07/30,11,253,442102000,1893,1800,1700,-193,-10.2,1747,-146,-7.71,1700,1800,1399-6-25
713,اراد45,مرابحه عام دولت4-ش.خ 0107,10,1576647,1497215524140,949150,949620,949620,470,0.05,949620,470,0.05,949620,949620,1399-6-25
714,صايند2,صندوق س. گنجينه آينده روشن-د,10,1000000,1000000,9946,1,1,-9945,-99.99,1,-9945,-99.99,1,1,1399-6-25
715,فنورد,نوردوقطعات‌ فولادي‌,10,60788,7375408040,115560,121330,121330,5770,4.99,116370,810,0.7,121330,121330,1399-6-25
716,ضجار7026,اختيارخ وتجارت-3600-1399/07/22,10,173,78464000,339,785,500,161,47.49,454,115,33.92,400,785,1399-6-25
717,ضملي8079,اختيارخ فملي-33750-1399/08/06,10,38,236789000,5082,5800,5880,798,15.7,6231,1149,22.61,5800,6699,1399-6-25
718,ضصاد8010,اختيارخ وبصادر-2400-1399/08/11,10,125,260690000,1600,2050,2090,490,30.63,2086,486,30.38,2050,2090,1399-6-25
719,تسه9807,امتياز تسهيلات مسكن مهر98,10,81,64988649,764123,802329,802329,38206,5.0,802329,38206,5.0,802329,802329,1399-6-25
720,صگل411,ص اجاره گل گهر 411- 3 ماهه 17%,10,269,277000102,1000000,1500000,1020000,20000,2.0,1029740,29740,2.97,1020000,1040000,1399-6-25
721,اخزا902,اسنادخزانه-م2بودجه99-011019,10,28569,19024197044,664384,671142,668998,4614,0.69,665903,1519,0.23,664300,671142,1399-6-25
722,تسه9805,امتياز تسهيلات مسكن مرداد98,10,74,58915652,760418,790000,798438,38020,5.0,796157,35739,4.7,790000,798438,1399-6-25
723,ضصاد8000,اختيارخ وبصادر-1200-1399/08/11,10,309,973950000,2790,3600,3060,270,9.68,3152,362,12.97,3050,3600,1399-6-25
724,فسديد,لوله‌وتجهيزات‌ سديد - ورشكسته,9,43131,5134616157,116713,119047,119047,2334,2.0,118994,2281,1.95,119047,119047,1399-6-25
725,تسه9711,امتياز تسهيلات مسكن بهمن 97,9,133,104903461,752270,738957,789883,37613,5.0,788748,36478,4.85,738957,789883,1399-6-25
726,خفناور,مهندسي صنعتي روان فن آور,9,4762,116173752,25150,24396,24396,-754,-3.0,25145,-5,-0.02,24396,24396,1399-6-25
727,ضفلا8085,اختيارخ فولاد-16775-1399/08/28,9,27,157070000,4652,6000,5500,848,18.23,5817,1165,25.04,5500,6900,1399-6-25
728,سكه0011پ02,سكه تمام بهارتحويلي 1روزه ملت,9,2200,2668765000,1201065,1213075,1213075,12010,1.0,1213075,12010,1.0,1213075,1213075,1399-6-25
729,پلاست,كارخانجات توليدي پلاستيران,8,3558,151471176,43888,42572,42572,-1316,-3.0,43878,-10,-0.02,42572,42572,1399-6-25
730,ضخوز7028,اختيارخ فخوز-43470-1399/07/20,8,53,553451000,9775,1650,11650,1875,19.18,10442,667,6.82,1650,13000,1399-6-25
731,ضصاد8013,اختيارخ وبصادر-3000-1399/08/11,8,98,145573000,909,1490,1480,571,62.82,1485,576,63.37,1471,1490,1399-6-25
732,ضچاد7013,اختيارخ كچاد-10300-1399/07/07,8,48,485312000,9980,10200,10000,20,0.2,10111,131,1.31,10000,10500,1399-6-25
733,ضجار7021,اختيارخ وتجارت-2600-1399/07/22,8,31,34839000,874,1100,1139,265,30.32,1124,250,28.6,1100,1145,1399-6-25
734,ضفلا8079,اختيارخ فولاد-10775-1399/08/28,7,56,535400000,9030,10000,10000,970,10.74,9561,531,5.88,9000,10200,1399-6-25
735,ضجار7010,اختيارخ وتجارت-1200-1399/07/22,7,20,47599000,2007,2500,2500,493,24.56,2380,373,18.58,2300,2500,1399-6-25
736,ضجار7018,اختيارخ وتجارت-2000-1399/07/22,7,70,118855000,1479,1515,1710,231,15.62,1698,219,14.81,1515,1710,1399-6-25
737,سفاسي,شركت فارسيت اهواز,7,14993,170230522,11705,11354,11354,-351,-3.0,11702,-3,-0.03,11354,11354,1399-6-25
738,ضچاد7018,اختيارخ كچاد-15300-1399/07/07,7,81,534990000,4500,6020,7000,2500,55.56,6605,2105,46.78,6020,7000,1399-6-25
739,ضصاد8014,اختيارخ وبصادر-3200-1399/08/11,7,256,315100000,900,1200,1201,301,33.44,1231,331,36.78,1100,1350,1399-6-25
740,ضفلا8088,اختيارخ فولاد-19775-1399/08/28,7,217,902700000,3002,4300,4000,998,33.24,4160,1158,38.57,4000,4300,1399-6-25
741,كگل2,معدني و صنعتي گل گهر,7,8281544,199171133200,22910,24050,24050,1140,4.98,24050,1140,4.98,24050,24050,1399-6-25
742,ضگل8066,اختيارخ كگل-25100-1399/08/21,7,63,245545000,3500,3897,3900,400,11.43,3898,398,11.37,3897,3900,1399-6-25
743,عسناسنگ,سلف كنستانتره سنگ آهن سناباد,6,35,236312992,6669781,6672592,6806044,136263,2.04,6751800,82019,1.23,6672592,6806044,1399-6-25
744,ضگل8060,اختيارخ كگل-16100-1399/08/21,6,100,1115421000,7000,11149,11155,4155,59.36,11154,4154,59.34,11149,11155,1399-6-25
745,ضفار8030,اختيارخ فارس-7826-1399/08/06,6,112,1620000000,14000,14500,14000,0,0.0,14464,464,3.31,14000,14500,1399-6-25
746,سكه0112پ03,سكه تمام بهارتحويلي1روزه سامان,6,3000,3639225000,1201065,1213075,1213075,12010,1.0,1213075,12010,1.0,1213075,1213075,1399-6-25
747,تسه9804,امتياز تسهيلات مسكن تير98,6,77,61862493,765152,803409,803409,38257,5.0,803409,38257,5.0,803409,803409,1399-6-25
748,ضملي8080,اختيارخ فملي-35750-1399/08/06,6,116,629499000,6000,3900,5600,-400,-6.67,5427,-573,-9.55,3900,5600,1399-6-25
749,آتيمس2,صندوق س.آرمان آتيه درخشان مس-س,6,600000,600000,243046,1,1,-243045,-100.0,1,-243045,-100.0,1,1,1399-6-25
750,ضگل8062,اختيارخ كگل-18100-1399/08/21,6,21,174823000,7600,7700,9000,1400,18.42,8325,725,9.54,7700,9000,1399-6-25
751,ضجار7027,اختيارخ وتجارت-3800-1399/07/22,6,33,11550000,250,300,400,150,60.0,350,100,40.0,300,400,1399-6-25
752,ضملت8032,اختيارخ وبملت-5789-1399/08/28,6,146,830767420,1170,180,1635,465,39.74,1374,204,17.44,180,1635,1399-6-25
753,ومشان,س. فني و مهندسي مشانير,6,2772,159875100,59458,57675,57675,-1783,-3.0,59443,-15,-0.03,57675,57675,1399-6-25
754,كابگن,توليدي و صنعتي آبگينه‌,6,39271,174245427,4394,4437,4437,43,0.98,4395,1,0.02,4437,4437,1399-6-25
755,ضپنا7045,اختيارخ رمپنا-40407-1399/07/13,6,106,5985000,374,100,99,-275,-73.53,56,-318,-85.03,50,100,1399-6-25
756,مارون4,پتروشيمي مارون,6,160000,21653600000,128891,135335,135335,6444,5.0,135335,6444,5.0,135335,135335,1399-6-25
757,اشاد9,مشاركت دولتي9-شرايط خاص990909,6,16100,16051080400,998071,993000,997000,-1071,-0.11,996961,-1110,-0.11,991004,999000,1399-6-25
758,غنيلي,مجتمع توليدي نيلي صنعت كرمان,5,100000,1660100000,16600,16601,16601,1,0.01,16601,1,0.01,16601,16601,1399-6-25
759,اراد42,مرابحه عام دولت4-ش.خ 0106,5,101000,96200000000,1000000,952000,1000000,0,0.0,952475,-47525,-4.75,952000,1000000,1399-6-25
760,اشاد10,مشاركت دولتي10-شرايط خاص001226,5,5100,4951178000,972578,977560,975920,3342,0.34,970819,-1759,-0.18,950011,977560,1399-6-25
761,اراد34,مرابحه عام دولت3-ش.خ 0305,5,50000,49998500000,999970,999970,999970,0,0.0,999970,0,0.0,999970,999970,1399-6-25
762,اعتماد2,صندوق س.اعتماد آفرين پارسيان-د,5,50000000,50000000,32341,1,1,-32340,-100.0,1,-32340,-100.0,1,1,1399-6-25
763,ضغدر8042,اختيارخ وغدير-15000-1399/08/26,5,105,492500000,3899,4600,4700,801,20.54,4690,791,20.29,4600,4700,1399-6-25
764,ضپاس7014,اختيارخ وپارس-3800-1399/07/30,5,168,348690000,2000,2000,2180,180,9.0,2076,76,3.8,2000,2180,1399-6-25
765,اخزا704,اسنادخزانه-م4بودجه97-991022,5,4289,4074545015,949898,949500,950003,105,0.01,949999,101,0.01,949500,950003,1399-6-25
766,پارسا306,صكوك اجاره پارسيان-6ماهه16%,5,24988,24740184920,980356,1020000,990001,9645,0.98,990083,9727,0.99,990001,1020000,1399-6-25
767,صايپا012,صكوك مرابحه سايپا012-3ماهه 16%,5,7934,8104416788,1041424,1021004,1022000,-19424,-1.87,1021479,-19945,-1.92,1012000,1022000,1399-6-25
768,تابا,تابان نيرو سپاهان,5,5508,175385736,32826,31842,31842,-984,-3.0,32817,-9,-0.03,31842,31842,1399-6-25
769,صخود412,ص مرابحه خودرو412- 3ماهه 18%,4,3001,3000985220,999999,985239,1000000,1,0.0,999995,-4,0.0,985239,1000000,1399-6-25
770,تملي807,تسهيلات مسكن ب. ملي-مهر98,4,89,17789142,190360,199878,199878,9518,5.0,199878,9518,5.0,199878,199878,1399-6-25
771,وسقم,شركت س استان قم,4,58321,82232610,1350,1410,1410,60,4.44,1350,0,0.0,1410,1410,1399-6-25
772,اخزا713,اسنادخزانه-م13بودجه97-000518,4,1608,1376575376,858261,855227,857102,-1159,-0.14,856079,-2182,-0.25,855227,857102,1399-6-25
773,ضخوز7027,اختيارخ فخوز-39470-1399/07/20,4,299,4188000000,6310,14000,15000,8690,137.72,14007,7697,121.98,14000,15000,1399-6-25
774,ضملي8067,اختيارخ فملي -14750-1399/08/06,4,8,168080000,20681,20020,22000,1319,6.38,21010,329,1.59,20020,22000,1399-6-25
775,صمسكن912,ص دين مسكن جنوب-ماهانه16درصد,4,575,113599500,197494,197499,198000,506,0.26,197564,70,0.04,197499,198000,1399-6-25
776,اراد43,مرابحه عام دولت4-ش.خ 0205,4,100000,94100000000,935900,941000,941000,5100,0.54,941000,5100,0.54,941000,941000,1399-6-25
777,تملي705,تسهيلات مسكن ب. ملي-مرداد97,4,89,22841049,244420,256641,256641,12221,5.0,256641,12221,5.0,256641,256641,1399-6-25
778,ضملي8085,اختيارخ فملي-51750-1399/08/06,4,26,89300000,910,3500,3300,2390,262.64,3435,2525,277.47,3300,3500,1399-6-25
779,حرهشا,رهشاد سپاهان (سهامي عام,4,1230,72812310,62312,59197,59197,-3115,-5.0,62300,-12,-0.02,59197,59197,1399-6-25
780,ضفار8041,اختيارخ فارس-16826-1399/08/06,4,15,23184000,3000,500,3545,545,18.17,1546,-1454,-48.47,500,3994,1399-6-25
781,وسالت,بانك قرض الحسنه رسالت,4,4200,17782800,4151,4234,4234,83,2.0,4151,0,0.0,4234,4234,1399-6-25
782,اخزا720,اسنادخزانه-م20بودجه97-000324,4,551,485929481,880930,883000,881306,376,0.04,881905,975,0.11,881263,883000,1399-6-25
783,حريل02,اجاره ريل پردازسير021212,4,36,33840018,945000,940000,940001,-4999,-0.53,940000,-5000,-0.53,940000,940001,1399-6-25
784,ضملي8081,اختيارخ فملي-37750-1399/08/06,4,200,850000000,4000,4000,4500,500,12.5,4250,250,6.25,4000,4500,1399-6-25
785,ضپاس7021,اختيارخ وپارس-5500-1399/07/30,4,25,24985000,1600,999,1000,-600,-37.5,999,-601,-37.56,999,1000,1399-6-25
786,ضملي8087,اختيارخ فملي-59750-1399/08/06,4,24,15594000,550,600,899,349,63.45,650,100,18.18,600,899,1399-6-25
787,فخوز2,فولاد  خوزستان,4,1042451,53686226500,49050,51500,51500,2450,4.99,51500,2450,4.99,51500,51500,1399-6-25
788,اراد514,مرابحه عام دولت5-ش.خ 0010,4,10000000,9640000000000,1000000,964000,964000,-36000,-3.6,964000,-36000,-3.6,964000,964000,1399-6-25
789,فملي2,ملي‌ صنايع‌ مس‌ ايران‌,3,24833967,879867450810,33750,35430,35430,1680,4.98,35430,1680,4.98,35430,35430,1399-6-25
790,اخزا722,اسنادخزانه-م22بودجه97-000428,3,319,279130000,871766,870000,870000,-1766,-0.2,875016,3250,0.37,870000,886000,1399-6-25
791,ضصاد8009,اختيارخ وبصادر-2200-1399/08/11,3,25,56250000,1550,2250,2250,700,45.16,2250,700,45.16,2250,2250,1399-6-25
792,اخزا716,اسنادخزانه-م16بودجه97-000407,3,11015,9615518500,876282,872171,876500,218,0.02,872948,-3334,-0.38,872171,876500,1399-6-25
793,ضگل8065,اختيارخ كگل-23100-1399/08/21,3,20,114000000,4500,5700,5700,1200,26.67,5700,1200,26.67,5700,5700,1399-6-25
794,اراد524,مرابحه عام دولت5-ش.خ 0108,3,14333925,13578240474000,1000000,947280,947280,-52720,-5.27,947280,-52720,-5.27,947280,947280,1399-6-25
795,اراد35,مرابحه عام دولت3-ش.خ 0103,3,52000,49350000000,945000,950000,925000,-20000,-2.12,949038,4038,0.43,925000,950000,1399-6-25
796,اخزا723,اسنادخزانه-م23بودجه97-000824,3,5296,4392282488,830084,830084,817103,-12981,-1.56,829358,-726,-0.09,817103,830084,1399-6-25
797,ضجار7019,اختيارخ وتجارت-2200-1399/07/22,3,42,60602000,1310,1301,1500,190,14.5,1443,133,10.15,1301,1500,1399-6-25
798,ضپاس7013,اختيارخ وپارس-3600-1399/07/30,3,30,75000000,2422,2500,2500,78,3.22,2500,78,3.22,2500,2500,1399-6-25
799,ضصاد8019,اختيارخ وبصادر-4200-1399/08/11,3,26,20280000,620,780,780,160,25.81,780,160,25.81,780,780,1399-6-25
800,اراد41,مرابحه عام دولت4-ش.خ 0006,3,51000,48899638000,958320,958320,983638,25318,2.64,958816,496,0.05,958320,983638,1399-6-25
801,ضفار8036,اختيارخ فارس-11826-1399/08/06,3,99,891000000,9400,9000,9000,-400,-4.26,9000,-400,-4.26,9000,9000,1399-6-25
802,ضملي8075,اختيارخ فملي -25750-1399/08/06,3,5,59995000,10900,11999,11999,1099,10.08,11999,1099,10.08,11999,11999,1399-6-25
803,اخابر2,مخابرات ايران,3,1773552,37954012800,20390,21400,21400,1010,4.95,21400,1010,4.95,21400,21400,1399-6-25
804,ضملي8068,اختيارخ فملي -15750-1399/08/06,3,4,68980000,11000,14000,20490,9490,86.27,17245,6245,56.77,14000,20490,1399-6-25
805,ضفلا8082,اختيارخ فولاد-13775-1399/08/28,3,3,21125000,5953,6625,7500,1547,25.99,7042,1089,18.29,6625,7500,1399-6-25
806,ضفار8032,اختيارخ فارس-8826-1399/08/06,2,101,1263500000,10000,12500,13500,3500,35.0,12510,2510,25.1,12500,13500,1399-6-25
807,ضچاد1012,اختيارخ كچاد-10000-1399/10/02,2,2,27800000,1,13900,13900,13899,1389900.0,13900,13899,1389900.0,13900,13900,1399-6-25
808,وسخراش,شركت س استان خراسان شمالي,2,174000,245340000,1350,1410,1410,60,4.44,1350,0,0.0,1410,1410,1399-6-25
809,ضپيك7030,اختيارخ تاپيكو-17370-99/07/20,2,6,36000000,3992,6000,6000,2008,50.3,6000,2008,50.3,6000,6000,1399-6-25
810,اراد49,مرابحه عام دولت4-ش.خ 0206,2,12500,11644750000,934590,931580,931580,-3010,-0.32,931580,-3010,-0.32,931580,931580,1399-6-25
811,ضگل8067,اختيارخ كگل-26000-1399/08/21,2,150,535000000,4000,3500,3700,-300,-7.5,3567,-433,-10.83,3500,3700,1399-6-25
812,ضملي8076,اختيارخ فملي -27750-1399/08/06,2,3,35097000,8501,11699,11699,3198,37.62,11699,3198,37.62,11699,11699,1399-6-25
813,ضملي8072,اختيارخ فملي -19750-1399/08/06,2,10,179000000,17533,17000,18000,467,2.66,17900,367,2.09,17000,18000,1399-6-25
814,صايپا203,صكوك مرابحه سايپا203-3ماهه 16%,2,1892,1810709994,955010,967999,957000,1990,0.21,957035,2025,0.21,957000,967999,1399-6-25
815,كمند2,صندوق س. با درآمد ثابت كمند,2,170000000,170000000,10090,1,1,-10089,-99.99,1,-10089,-99.99,1,1,1399-6-25
816,اخزا718,اسنادخزانه-م18بودجه97-000525,2,16,13919842,855436,869997,869986,14550,1.7,869990,14554,1.7,869986,869997,1399-6-25
817,ياقوت2,صندوق س ياقوت آگاه-ثابت,2,8000000,8000000,11010,1,1,-11009,-99.99,1,-11009,-99.99,1,1,1399-6-25
818,ضغدر8037,اختيارخ وغدير-10000-1399/08/26,2,6,57000000,8000,9500,9500,1500,18.75,9500,1500,18.75,9500,9500,1399-6-25
819,ضپنا7047,اختيارخ رمپنا-48507-1399/07/13,2,88,8620000,82,90,100,18,21.95,98,16,19.51,90,100,1399-6-25
820,ضفلا8078,اختيارخ فولاد-9775-1399/08/28,2,40,437000000,10000,11000,10000,0,0.0,10925,925,9.25,10000,11000,1399-6-25
821,ضصاد8023,اختيارخ وبصادر-5000-1399/08/11,2,8,4397000,512,549,550,38,7.42,550,38,7.42,549,550,1399-6-25
822,ضخوز7024,اختيارخ فخوز-33470-1399/07/20,2,17,340000000,17057,20000,20000,2943,17.25,20000,2943,17.25,20000,20000,1399-6-25
823,فماك,ماداكتو استيل كرد,2,100000,2998000000,28400,29980,29980,1580,5.56,29980,1580,5.56,29980,29980,1399-6-25
824,اراد53,مرابحه عام دولت5-ش.خ 0207,2,104200,97236418200,1000000,933171,933171,-66829,-6.68,933171,-66829,-6.68,933171,933171,1399-6-25
825,زير0003پ02,زيره سبز0003 دانش(پ),2,30,13086510,438745,436217,436217,-2528,-0.58,436217,-2528,-0.58,436217,436217,1399-6-25
826,لوتوس99,اجاره لوتوس پارسيان990717,2,30,30000000,1002000,1000000,1000000,-2000,-0.2,1000000,-2000,-0.2,1000000,1000000,1399-6-25
827,صايپا908,صكوك مرابحه سايپا908-3ماهه 18%,2,10,10000000,1002547,1000000,1000000,-2547,-0.25,1000000,-2547,-0.25,1000000,1000000,1399-6-25
828,رايان911,مشاركت رايان سايپا-3ماهه18%,2,90,89280000,1000000,1000000,990000,-10000,-1.0,992000,-8000,-0.8,990000,1000000,1399-6-25
829,شستا003,اجاره تامين اجتماعي-سپهر000523,2,10,10490000,1041067,1049000,1049000,7933,0.76,1049000,7933,0.76,1049000,1049000,1399-6-25
830,فولاژ2,فولاد آلياژي ايران,1,427046,12085401800,26960,28300,28300,1340,4.97,28300,1340,4.97,28300,28300,1399-6-25
831,تملي712,تسهيلات مسكن ب. ملي-اسفند97,1,1,390825,372215,390825,390825,18610,5.0,390825,18610,5.0,390825,390825,1399-6-25
832,تملي612,تسهيلات مسكن بانك ملي-اسفند96,1,1,2026949,1930428,2026949,2026949,96521,5.0,2026949,96521,5.0,2026949,2026949,1399-6-25
833,ضگل8057,اختيارخ كگل-13100-1399/08/21,1,1,9200000,8876,9200,9200,324,3.65,9200,324,3.65,9200,9200,1399-6-25
834,تملي710,تسهيلات مسكن ب. ملي-دي97,1,11,3696187,320017,336017,336017,16000,5.0,336017,16000,5.0,336017,336017,1399-6-25
835,عپلي جم,سلف پلي اتيلن سنگين تزريقي,1,144000,201074400000,1394892,1396350,1396350,1458,0.1,1396350,1458,0.1,1396350,1396350,1399-6-25
836,تابان02,اجاره تابان لوتوس14021206,1,7000,6055000000,855000,865000,865000,10000,1.17,865000,10000,1.17,865000,865000,1399-6-25
837,تملي706,تسهيلات مسكن ب. ملي-شهريور97,1,2,367464,174983,183732,183732,8749,5.0,183732,8749,5.0,183732,183732,1399-6-25
838,اراد454,مرابحه عام دولت4-ش.خ 0107,1,1000000,949620000000,949150,949620,949620,470,0.05,949620,470,0.05,949620,949620,1399-6-25
839,دمعيار2,صندوق س. توازن معيار-د,1,4000000,4000000,10076,1,1,-10075,-99.99,1,-10075,-99.99,1,1,1399-6-25
840,ضفار8034,اختيارخ فارس-9826-1399/08/06,1,56,616000000,9300,11000,11000,1700,18.28,11000,1700,18.28,11000,11000,1399-6-25
841,ضپنا7046,اختيارخ رمپنا-44457-1399/07/13,1,21,2100000,197,100,100,-97,-49.24,100,-97,-49.24,100,100,1399-6-25
842,اراد22,مرابحه عام دولت2-ش.خ لوتوس0212,1,5000,4030000000,800000,806000,806000,6000,0.75,806000,6000,0.75,806000,806000,1399-6-25
843,تملي711,تسهيلات مسكن ب. ملي-بهمن97,1,1,381263,363108,381263,381263,18155,5.0,381263,18155,5.0,381263,381263,1399-6-25
844,وشهر2,بانك شهر,1,5800000,55424800000,9751,9556,9556,-195,-2.0,9556,-195,-2.0,9556,9556,1399-6-25
845,ضملت8025,اختيارخ وبملت-3616-1399/08/28,1,7,86961000,3000,3000,3000,0,0.0,3000,0,0.0,3000,3000,1399-6-25
846,ضفلا8068,اختيارخ فولاد-4751-1399/08/28,1,4,90691200,14378,14100,14100,-278,-1.93,14100,-278,-1.93,14100,14100,1399-6-25
847,ضفلا8076,اختيارخ فولاد-8775-1399/08/28,1,1,12000000,11000,12000,12000,1000,9.09,12000,1000,9.09,12000,12000,1399-6-25
848,ضفلا8093,اختيارخ فولاد-29775-1399/08/28,1,2,3398000,1309,1699,1699,390,29.79,1699,390,29.79,1699,1699,1399-6-25
849,ضفار8037,اختيارخ فارس-12826-1399/08/06,1,7,35000000,4672,5000,5000,328,7.02,5000,328,7.02,5000,5000,1399-6-25
850,ضگل8063,اختيارخ كگل-19100-1399/08/21,1,1,9000000,6000,9000,9000,3000,50.0,9000,3000,50.0,9000,9000,1399-6-25
851,اراد534,مرابحه عام دولت5-ش.خ 0207,1,5350000,4992464850000,1000000,933171,933171,-66829,-6.68,933171,-66829,-6.68,933171,933171,1399-6-25
852,ضغدر8045,اختيارخ وغدير-18000-1399/08/26,1,3,7530000,2000,2510,2510,510,25.5,2510,510,25.5,2510,2510,1399-6-25
853,ضمخا7038,اختيارخ اخابر-3150-1399/07/30,1,3,54000000,16250,18000,18000,1750,10.77,18000,1750,10.77,18000,18000,1399-6-25
854,ضفلا8060,اختيارخ فولاد-3507-1399/08/28,1,2,57888000,16000,18000,18000,2000,12.5,18000,2000,12.5,18000,18000,1399-6-25
855,گواهي ظرفيت,گواهي ظرفيت نقدي,1,900000,9575100000,10639,10639,10639,0,0.0,10639,0,0.0,10639,10639,1399-6-25
856,اراد11,مرابحه عام دولت1-ش.خ لوتوس0206,1,5000,4200000000,835000,840000,840000,5000,0.6,840000,5000,0.6,840000,840000,1399-6-25
857,مبين012,اجاره اعتماد مبين تمدن010710,1,500,476000000,940000,952000,952000,12000,1.28,952000,12000,1.28,952000,952000,1399-6-25
858,ضفلا8080,اختيارخ فولاد-11775-1399/08/28,1,2,16000000,6000,8000,8000,2000,33.33,8000,2000,33.33,8000,8000,1399-6-25
859,ضپاس7015,اختيارخ وپارس-4000-1399/07/30,1,19,40850000,2150,2150,2150,0,0.0,2150,0,0.0,2150,2150,1399-6-25
860,تملي704,تسهيلات مسكن ب. ملي-تير97,1,1,645496,614759,645496,645496,30737,5.0,645496,30737,5.0,645496,645496,1399-6-25
861,ضخود7068,اختيارخ خودرو-8000-1399/07/09,1,1,70000,70,70,70,0,0.0,70,0,0.0,70,70,1399-6-25
862,ضخوز7022,اختيارخ فخوز-29470-1399/07/20,1,4,90000000,21200,22500,22500,1300,6.13,22500,1300,6.13,22500,22500,1399-6-25
863,ضچاد7020,اختيارخ كچاد-17300-1399/07/07,1,1,4675000,3102,4675,4675,1573,50.71,4675,1573,50.71,4675,4675,1399-6-25
864,اراد36,مرابحه عام دولت3-ش.خ 0104,1,2000,1900000000,1000000,950000,950000,-50000,-5.0,950000,-50000,-5.0,950000,950000,1399-6-25
865,تملي802,تسهيلات مسكن ب. ملي-ارديبهشت98,1,1,411791,392182,411791,411791,19609,5.0,411791,19609,5.0,411791,411791,1399-6-25
866,ضسان7057,اختيارخ پارسان-18000-99/07/15,1,27,297000000,9000,11000,11000,2000,22.22,11000,2000,22.22,11000,11000,1399-6-25
867,اراد50,مرابحه عام دولت5-ش.خ0302,1,1000,970000000,1000000,970000,970000,-30000,-3.0,970000,-30000,-3.0,970000,970000,1399-6-25
868,وساپا2,سرمايه‌گذاري‌ سايپا,1,79000000,999350000000,12940,12650,12650,-290,-2.24,12650,-290,-2.24,12650,12650,1399-6-25
869,اخزا9022,اسنادخزانه-م2بودجه99-011019,1,300000,201600000000,664384,672000,672000,7616,1.15,672000,7616,1.15,672000,672000,1399-6-25
870,صخابر102,صكوك اجاره مخابرات-3 ماهه 16%,1,5000,5050000000,1010000,1010000,1010000,0,0.0,1010000,0,0.0,1010000,1010000,1399-6-25
871,ضخود7055,اختيارخ خودرو-3600-1399/07/09,1,5,1600000,332,320,320,-12,-3.61,320,-12,-3.61,320,320,1399-6-25
872,عفولاد3,اوراق سلف موازي ورق گرم فولاد,1,7,5476072,781935,782296,782296,361,0.05,782296,361,0.05,782296,782296,1399-6-25
873,ضفار8027,اختيارخ فارس-6326-1399/08/06,1,4,60400000,15040,15100,15100,60,0.4,15100,60,0.4,15100,15100,1399-6-25
874,اشاد102,مشاركت دولتي10-شرايط خاص001226,1,45,41580000,972578,924000,924000,-48578,-4.99,924000,-48578,-4.99,924000,924000,1399-6-25
875,طفلا8060,اختيارف فولاد-3507-1399/08/28,1,10,1206000,79,75,75,-4,-5.06,75,-4,-5.06,75,75,1399-6-25
876,سپرمي,پرميت‌,1,2378,19920506,8461,8377,8377,-84,-0.99,8461,0,0.0,8377,8377,1399-6-25
877,ضگل8059,اختيارخ كگل-15100-1399/08/21,1,47,470000000,10000,10000,10000,0,0.0,10000,0,0.0,10000,10000,1399-6-25
878,ضچاد1019,اختيارخ كچاد-28000-1399/10/02,1,1,5000000,1,5000,5000,4999,499900.0,5000,4999,499900.0,5000,5000,1399-6-25
879,ضملي8069,اختيارخ فملي -16750-1399/08/06,1,10,190000000,18167,19000,19000,833,4.59,19000,833,4.59,19000,19000,1399-6-25
880,ضفلا8086,اختيارخ فولاد-17775-1399/08/28,1,1,4009000,4236,4009,4009,-227,-5.36,4009,-227,-5.36,4009,4009,1399-6-25
881,اشاد94,مشاركت دولتي9-شرايط خاص990909,1,128000,126848000000,998071,991000,991000,-7071,-0.71,991000,-7071,-0.71,991000,991000,1399-6-25
882,آساميد4,صندوق س.مشترك آسمان اميد -د,1,26370197,281106300020,10649,10660,10660,11,0.1,10660,11,0.1,10660,10660,1399-6-25
883,صايپا998,صكوك مرابحه سايپا998-3ماهه 18%,1,50,49747500,1000002,994950,994950,-5052,-0.51,994950,-5052,-0.51,994950,994950,1399-6-25
884,تملي701,تسهيلات مسكن ب. ملي-فروردين97,1,1,431433,410889,431433,431433,20544,5.0,431433,20544,5.0,431433,431433,1399-6-25
885,ضملت8031,اختيارخ وبملت-5306-1399/08/28,1,15,124230000,1677,2000,2000,323,19.26,2000,323,19.26,2000,2000,1399-6-25
886,ضگل8061,اختيارخ كگل-17100-1399/08/21,1,10,81000000,7967,8100,8100,133,1.67,8100,133,1.67,8100,8100,1399-6-25
887,افاد81,منفعت دولت8-ش.خاص مهر0205,1,100,101500000,1000000,1015000,1015000,15000,1.5,1015000,15000,1.5,1015000,1015000,1399-6-25
888,ضملت8036,اختيارخ وبملت-7721-1399/08/28,1,4,9607120,564,580,580,16,2.84,580,16,2.84,580,580,1399-6-25
889,تملي702,تسهيلات مسكن ب. ملي-ارديبهشت97,1,1,371662,353964,371662,371662,17698,5.0,371662,17698,5.0,371662,371662,1399-6-25
890,شاروم4,پتروشيمي اروميه,1,1000,13421000,13421,13421,13421,0,0.0,13421,0,0.0,13421,13421,1399-6-25
891,ضخود7039,اختيارخ خودرو-1500-1399/07/09,1,1,1800000,1800,1800,1800,0,0.0,1800,0,0.0,1800,1800,1399-6-25
892,حفاري2,حفاري شمال,1,47371000,611559610000,12910,12910,12910,0,0.0,12910,0,0.0,12910,12910,1399-6-25
893,تملي703,تسهيلات مسكن ب. ملي-خرداد97,1,8,1628592,193880,203574,203574,9694,5.0,203574,9694,5.0,203574,203574,1399-6-25
894,بركت2,گروه دارويي بركت,1,53300000,1100112000000,19660,20640,20640,980,4.98,20640,980,4.98,20640,20640,1399-6-25
895,اراد354,مرابحه عام دولت3-ش.خ 0103,1,1496000,1361360000000,945000,910000,910000,-35000,-3.7,910000,-35000,-3.7,910000,910000,1399-6-25
896,ضغدر8041,اختيارخ وغدير-14000-1399/08/26,1,1,6000000,4858,6000,6000,1142,23.51,6000,1142,23.51,6000,6000,1399-6-25
897,تملي709,تسهيلات مسكن ب. ملي-آذر97,1,11,2883826,249682,262166,262166,12484,5.0,262166,12484,5.0,262166,262166,1399-6-25
898,اجاد22,اجاره دولتي آپرورش-لوتوس991118,1,5000,5050000000,1017032,1010000,1010000,-7032,-0.69,1010000,-7032,-0.69,1010000,1010000,1399-6-25
899,شجم2,صنايع پتروشيمي تخت جمشيد,1,45155962,460274720666,10483,10193,10193,-290,-2.77,10193,-290,-2.77,10193,10193,1399-6-25
900,ضچاد7025,اختيارخ كچاد-26000-1399/07/07,1,1,179000,21,179,179,158,752.38,179,158,752.38,179,179,1399-6-25
901,ضمخا7049,اختيارخ اخابر-13750-1399/07/30,1,1,9000000,8072,9000,9000,928,11.5,9000,928,11.5,9000,9000,1399-6-25
902,ضچاد7015,اختيارخ كچاد-12300-1399/07/07,1,4,26000000,6000,6500,6500,500,8.33,6500,500,8.33,6500,6500,1399-6-25
903,اروند08,منفعت صبا اروند ملت 14001222,1,2,1930000,979000,965000,965000,-14000,-1.43,965000,-14000,-1.43,965000,965000,1399-6-25
904,ضجار7015,اختيارخ وتجارت-1700-1399/07/22,1,1,2500000,1372,2500,2500,1128,82.22,2500,1128,82.22,2500,2500,1399-6-25
905,تملي707,تسهيلات مسكن ب. ملي-مهر97,1,7,2250220,306153,321460,321460,15307,5.0,321460,15307,5.0,321460,321460,1399-6-25
906,مبين014,اجاره اعتماد مبين لوتوس011019,1,5000,4875000000,970000,975000,975000,5000,0.52,975000,5000,0.52,975000,975000,1399-6-25
907,ضفلا8091,اختيارخ فولاد-25775-1399/08/28,1,1,3000000,2777,3000,3000,223,8.03,3000,223,8.03,3000,3000,1399-6-25
908,ضچاد7016,اختيارخ كچاد-13300-1399/07/07,1,10,60000000,5500,6000,6000,500,9.09,6000,500,9.09,6000,6000,1399-6-25
909,رهن01042,اوراق رهني بانك مسكن14010423,1,499879,499879000000,1000000,1000000,1000000,0,0.0,1000000,0,0.0,1000000,1000000,1399-6-25
910,ضملت8026,اختيارخ وبملت-3857-1399/08/28,1,1,12837100,2990,3100,3100,110,3.68,3100,110,3.68,3100,3100,1399-6-25
911,تملي801,تسهيلات مسكن ب. ملي-فروردين98,1,1,247653,235860,247653,247653,11793,5.0,247653,11793,5.0,247653,247653,1399-6-25
912,ضفار8031,اختيارخ فارس-8326-1399/08/06,1,100,1400000000,13000,14000,14000,1000,7.69,14000,1000,7.69,14000,14000,1399-6-25
