,نماد,نام,تعداد,حجم,ارزش,دیروز,اولین,آخرین معامله - مقدار,آخرین معامله - تغییر,آخرین معامله - درصد,قیمت پایانی - مقدار,قیمت پایانی - تغییر,قیمت پایانی - درصد,کمترین,بیشترین,تاریخ
0,كزغال,زغال سنگ پروده طبس,313517,37040017,1135870663736,29050,29654,30793,1743,6.0,30666,1616,5.56,29654,30793,1399-12-12
1,اپال,فرآوري معدني اپال كاني پارس,70458,43373942,678802192300,14770,15650,15650,880,5.96,15650,880,5.96,15650,15650,1399-12-12
2,پالايش,صندوق پالايشي يکم-سهام,68935,89297343,7635292689290,82020,85100,84970,2950,3.6,85500,3480,4.24,83500,88900,1399-12-12
3,دارا يكم,صندوق واسطه گري مالي يكم-سهام,43167,32054583,4639749551900,138420,143980,145800,7380,5.33,144750,6330,4.57,142010,149010,1399-12-12
4,شستا,سرمايه گذاري تامين اجتماعي,34394,102568321,1938930741430,19070,19100,18740,-330,-1.73,18900,-170,-0.89,18690,19610,1399-12-12
5,بركت,گروه دارويي بركت,31754,109253372,2974186241540,26010,26010,27570,1560,6.0,27220,1210,4.65,26010,27570,1399-12-12
6,وكبهمن,مديريت سرمايه گذاري كوثربهمن,28390,8389039,102849390987,11812,12280,12500,688,5.82,12260,448,3.79,11865,12520,1399-12-12
7,شپنا,پالايش نفت اصفهان,23800,149756829,1746633491480,11550,11580,11530,-20,-0.17,11660,110,0.95,11370,12100,1399-12-12
8,فملي,ملي‌ صنايع‌ مس‌ ايران‌,22949,146342409,1838783474210,12650,12710,12410,-240,-1.9,12560,-90,-0.71,12400,12990,1399-12-12
9,خساپا,سايپا,22652,891542657,2040852201010,2320,2280,2280,-40,-1.72,2290,-30,-1.29,2280,2360,1399-12-12
10,ثاميد,توسعه و عمران اميد,21182,84201046,130994606450,1560,1540,1560,0,0.0,1560,0,0.0,1530,1620,1399-12-12
11,خودرو,ايران‌ خودرو,19471,511161169,1273099106430,2530,2480,2480,-50,-1.98,2490,-40,-1.58,2480,2570,1399-12-12
12,وتجارت,بانك تجارت,19291,632294308,1624233656680,2600,2560,2610,10,0.38,2570,-30,-1.15,2550,2690,1399-12-12
13,بوعلي,پتروشيمي بوعلي سينا,18108,3498655,147697538740,41650,41520,42200,550,1.32,42220,570,1.37,41520,43030,1399-12-12
14,وسپهر,سرمايه گذاري مالي سپهرصادرات,16346,32077025,323999165769,10100,10101,10100,0,0.0,10101,1,0.01,10100,10104,1399-12-12
15,شاروم,پتروشيمي اروميه,15735,9211633,179235061004,19542,19152,19152,-390,-2.0,19457,-85,-0.43,19152,20340,1399-12-12
16,بپيوند,برق و انرژي پيوندگستر پارس,14661,9995119,137405844511,13916,13670,13763,-153,-1.1,13747,-169,-1.21,13638,14250,1399-12-12
17,شبندر,پالايش نفت بندرعباس,11997,55380484,1379691316020,23740,24200,24680,940,3.96,24910,1170,4.93,24020,25160,1399-12-12
18,بگيلان,توسعه مسير برق گيلان,10708,2465681,48637747683,19658,19290,19750,92,0.47,19725,67,0.34,19270,20042,1399-12-12
19,فولاد,فولاد مباركه اصفهان,10582,62580371,739704570690,11560,11810,11860,300,2.6,11820,260,2.25,11600,12100,1399-12-12
20,رافزا,رايان هم افزا,10466,61171,2788663548,43008,45588,45588,2580,6.0,43143,135,0.31,45588,45588,1399-12-12
21,سيتا,سرمايه گذاري سيمان تامين,10420,10206814,153977239980,15010,15020,15000,-10,-0.07,15090,80,0.53,15000,15220,1399-12-12
22,امين,تامين سرمايه امين,10406,8792170,91447357630,10400,10400,10400,0,0.0,10400,0,0.0,10400,10420,1399-12-12
23,آريا,پليمر آريا ساسول,10365,3928802,296136091671,72238,73001,76572,4334,6.0,75376,3138,4.34,73001,76572,1399-12-12
24,وبصادر,بانك صادرات ايران,9550,250357803,586933635640,2370,2340,2370,0,0.0,2340,-30,-1.27,2330,2440,1399-12-12
25,ذوب,سهامي ذوب آهن  اصفهان,8010,118653776,463083014947,3966,3887,3887,-79,-1.99,3903,-63,-1.59,3887,4000,1399-12-12
26,شتران,پالايش نفت تهران,7614,70322858,592101657270,8560,8560,8390,-170,-1.99,8420,-140,-1.64,8390,8580,1399-12-12
27,آبادا,توليد نيروي برق آبادان,7234,1959017,27544106910,14340,14060,14060,-280,-1.95,14180,-160,-1.12,14060,14070,1399-12-12
28,وبملت,بانك ملت,7075,153862555,560500900110,3590,3620,3680,90,2.51,3640,50,1.39,3580,3760,1399-12-12
29,پترول,گروه پتروشيمي س. ايرانيان,5921,27251200,247081910690,8900,9170,9050,150,1.69,9070,170,1.91,8920,9260,1399-12-12
30,آوا,صندوق س.سهام آواي معيار-س,5643,53831894,372447723254,6702,6879,6848,146,2.18,6919,217,3.24,6781,7140,1399-12-12
31,وخارزم,سرمايه گذاري خوارزمي,5617,32641328,260306128690,8030,7900,7910,-120,-1.49,7970,-60,-0.75,7870,8240,1399-12-12
32,فخوز,فولاد  خوزستان,5531,44283445,574992748440,12490,12530,12840,350,2.8,12980,490,3.92,12530,13230,1399-12-12
33,سشمال,سيمان‌ شمال‌,5273,24542883,316044562620,12530,12280,13120,590,4.71,12880,350,2.79,12280,13280,1399-12-12
34,شگويا,پتروشيمي تندگويان,5166,21582159,176905648486,8048,8200,8210,162,2.01,8197,149,1.85,8080,8380,1399-12-12
35,سبزوا,سيمان لار سبزوار,4949,49038202,187801575123,3824,3748,3917,93,2.43,3830,6,0.16,3748,3950,1399-12-12
36,پيزد,مجتمع صنايع لاستيك يزد,4674,499075,33189384280,67699,66346,66346,-1353,-2.0,66874,-825,-1.22,66346,68100,1399-12-12
37,سيلام,سيمان‌ ايلام‌,4519,30345919,362366244910,11720,11490,12420,700,5.97,11940,220,1.88,11490,12420,1399-12-12
38,كرمان,س. توسعه و عمران استان كرمان,4347,7680885,405878704355,50928,51990,53200,2272,4.46,52843,1915,3.76,50600,53979,1399-12-12
39,سصوفي,سيمان‌ صوفيان‌,4301,16252488,316463678460,18430,19530,19530,1100,5.97,19470,1040,5.64,19000,19530,1399-12-12
40,غگيلا,شيرپاستوريزه پگاه گيلان,4205,60443,1443801941,22535,23887,23887,1352,6.0,22572,37,0.16,23887,23887,1399-12-12
41,كاوه,فولاد كاوه جنوب كيش,4179,24833257,479157123120,19080,19250,19090,10,0.05,19290,210,1.1,19010,19770,1399-12-12
42,صبا,سرمايه گذاري صبا تامين,4136,10218813,71782502588,6869,7070,7010,141,2.05,6963,94,1.37,6900,7196,1399-12-12
43,غالبر,لبنيات‌ كالبر,4117,14570406,275234616000,19050,18670,18670,-380,-1.99,18890,-160,-0.84,18670,19740,1399-12-12
44,وغدير,سرمايه‌گذاري‌غدير(هلدينگ‌,3965,20101299,220170185880,10950,10810,10950,0,0.0,10950,0,0.0,10770,11300,1399-12-12
45,شبريز,پالايش نفت تبريز,3938,16685954,473506299930,27140,27550,27980,840,3.1,28380,1240,4.57,27200,28760,1399-12-12
46,كمند,صندوق س. با درآمد ثابت كمند,3922,156752089,1590813425775,10142,10148,10149,7,0.07,10149,7,0.07,10148,10150,1399-12-12
47,ونوين,بانك‌اقتصادنوين‌,3916,80473560,312981490140,3870,3930,3840,-30,-0.78,3890,20,0.52,3800,4010,1399-12-12
48,وپاسار,بانك  پاسارگاد,3817,40152633,477681247980,11960,11730,12010,50,0.42,11900,-60,-0.5,11730,12010,1399-12-12
49,چفيبر,فيبر ايران‌,3798,11049226,157167629670,14260,13980,13980,-280,-1.96,14220,-40,-0.28,13980,14860,1399-12-12
50,حفاري,حفاري شمال,3780,26843764,291255264280,10700,10870,11000,300,2.8,10850,150,1.4,10660,11050,1399-12-12
51,سغرب,سيمان‌غرب‌,3697,4746289,195791063110,39060,41100,41400,2340,5.99,41250,2190,5.61,40100,41400,1399-12-12
52,كپشير,پشم‌شيشه‌ايران‌,3696,8284924,351705567110,40360,40010,42770,2410,5.97,42450,2090,5.18,40010,42780,1399-12-12
53,حريل,ريل پردازسير,3614,44742669,242952045216,5462,5470,5353,-109,-2.0,5430,-32,-0.59,5353,5708,1399-12-12
54,ساربيل,سيمان آرتا اردبيل,3510,3345697,211101589770,59850,63000,63440,3590,6.0,63100,3250,5.43,61990,63440,1399-12-12
55,امين يكم,صندوق درآمد ثابت امين يكم فردا,3468,112991190,1144998481261,10129,10135,10132,3,0.03,10134,5,0.05,10132,10136,1399-12-12
56,فارس,صنايع پتروشيمي خليج فارس,3277,18206998,155874534300,8530,8530,8570,40,0.47,8560,30,0.35,8400,8760,1399-12-12
57,ستران,سيمان‌ تهران‌,3246,7105484,194611747630,25940,26880,27490,1550,5.98,27390,1450,5.59,26610,27490,1399-12-12
58,سشرق,سيمان‌ شرق‌,3242,23124236,162307401720,6940,6810,7240,300,4.32,7020,80,1.15,6810,7280,1399-12-12
59,سامان,بانك سامان,2741,34176843,351524108502,10022,9907,10322,300,2.99,10285,263,2.62,9907,10322,1399-12-12
60,وتوسم,سرمايه‌گذاري‌توسعه‌ملي‌,2666,16509974,214381284830,12430,12630,13000,570,4.59,12980,550,4.42,12630,13120,1399-12-12
61,وسپهح,ح . سرمايه‌گذاري‌ سپه‌,2636,18417540,91173304370,4960,4770,5050,90,1.81,4950,-10,-0.2,4770,5290,1399-12-12
62,كيان,صندوق س. با درآمد ثابت كيان,2619,23575995,645673614861,27382,27387,27387,5,0.02,27387,5,0.02,27386,27395,1399-12-12
63,شلرد,كود شيميايي اوره لردگان,2561,27197199,185119536277,6632,6600,6830,198,2.99,6807,175,2.64,6581,6830,1399-12-12
64,كرازي,كارخانجات‌توليدي‌شيشه‌رازي‌,2519,7619461,172736689280,22860,22410,22420,-440,-1.92,22670,-190,-0.83,22410,23330,1399-12-12
65,شلعاب,لعابيران‌,2501,9914939,220031605080,21910,21480,23100,1190,5.43,22190,280,1.28,21480,23200,1399-12-12
66,كروي,توسعه‌ معادن‌ روي‌ ايران‌,2476,5804820,157112074420,26840,26310,26500,-340,-1.27,27070,230,0.86,26310,28250,1399-12-12
67,بجهرم,توسعه مولد نيروگاهي جهرم,2462,20494466,57303846298,2793,2810,2790,-3,-0.11,2796,3,0.11,2752,2860,1399-12-12
68,آگاس,صندوق س.هستي بخش آگاه-س,2434,3372123,215121430417,63121,63990,63121,0,0.0,63794,673,1.07,63003,65200,1399-12-12
69,ساروم,سيمان‌اروميه‌,2411,4154787,172958511710,41310,40490,42020,710,1.72,41630,320,0.77,40490,42770,1399-12-12
70,فوكا,فولاد كاويان,2404,12485312,162684378164,13006,12760,13006,0,0.0,13030,24,0.18,12760,13396,1399-12-12
71,سرو,صندوق س سروسودمند مدبران-سهام,2357,2602261,169531178910,63930,64990,64580,650,1.02,65150,1220,1.91,64350,66250,1399-12-12
72,قرن,پديده شيمي قرن,2287,4705430,284193382170,60340,59140,60700,360,0.6,60400,60,0.1,59140,62150,1399-12-12
73,گكوثر,هتل پارسيان كوثر اصفهان,2285,32237901,84575312952,2648,2648,2605,-43,-1.62,2623,-25,-0.94,2596,2700,1399-12-12
74,سمازن,سيمان‌مازندران‌,2239,8664565,107439154850,11950,12300,12610,660,5.52,12400,450,3.77,12000,12660,1399-12-12
75,ثاخت,بين‌المللي‌توسعه‌ساختمان,2239,36822683,98902664180,2730,2680,2680,-50,-1.83,2690,-40,-1.47,2680,2730,1399-12-12
76,سفارس,سيمان فارس و خوزستان,2155,9341691,177779835220,18610,18500,18990,380,2.04,19030,420,2.26,18500,19440,1399-12-12
77,ثامان,سامان‌ گستراصفهان‌,2150,4563555,108085554470,23440,24000,22980,-460,-1.96,23680,240,1.02,22980,24840,1399-12-12
78,فولاژ,فولاد آلياژي ايران,2115,9238026,155915977600,15970,16890,16920,950,5.95,16880,910,5.7,16500,16920,1399-12-12
79,پاكشو,گروه صنعتي پاكشو,2078,1925312,154791289260,76360,80500,80940,4580,6.0,80400,4040,5.29,77500,80940,1399-12-12
80,غسالم,سالمين‌,2067,14883084,62625259160,4260,4210,4190,-70,-1.64,4210,-50,-1.17,4180,4310,1399-12-12
81,سكرد,سيمان كردستان,2057,9331761,98468007520,10610,10400,10410,-200,-1.89,10550,-60,-0.57,10400,10970,1399-12-12
82,اعتماد,صندوق س.اعتماد آفرين پارسيان-د,2036,43242060,1519122602320,35113,35130,35134,21,0.06,35131,18,0.05,35129,35134,1399-12-12
83,مدير,ص.س.مديريت ثروت ص.بازنشستگي-س,1979,10578034,95175903723,8769,8890,8897,128,1.46,8998,229,2.61,8801,9250,1399-12-12
84,تملت,تامين سرمايه بانك ملت,1971,9285796,52479658670,5740,5630,5630,-110,-1.92,5650,-90,-1.57,5630,5820,1399-12-12
85,نوري,پتروشيمي نوري,1967,1770622,89140517890,49330,49490,50640,1310,2.66,50250,920,1.86,49490,51750,1399-12-12
86,شيران,س. صنايع‌شيميايي‌ايران,1955,9985403,268311115060,27400,26860,26860,-540,-1.97,26870,-530,-1.93,26860,27340,1399-12-12
87,تسه9911,امتياز تسهيلات مسكن بهمن99,1928,50054,27919821218,555093,560000,560000,4907,0.88,557794,2701,0.49,540000,560000,1399-12-12
88,شغدير,پتروشيمي غدير,1912,2104226,136612897383,62016,64990,64330,2314,3.73,64923,2907,4.69,63220,65736,1399-12-12
89,فزرين,زرين معدن آسيا,1812,7965675,233135518047,29790,29195,29195,-595,-2.0,29268,-522,-1.75,29195,30147,1399-12-12
90,تاپيكو,س. نفت و گاز و پتروشيمي تأمين,1772,11220667,122855117620,10990,10850,10850,-140,-1.27,10950,-40,-0.36,10780,11330,1399-12-12
91,فاسمين,كالسيمين‌,1760,9042273,147262651570,16370,16410,16300,-70,-0.43,16290,-80,-0.49,16050,16870,1399-12-12
92,كگل,معدني و صنعتي گل گهر,1741,8445067,150465211350,16980,17220,17660,680,4.0,17820,840,4.95,16980,17990,1399-12-12
93,ومهان,گروه توسعه مالي مهر آيندگان,1732,6026898,73307883663,12202,12115,12062,-140,-1.15,12163,-39,-0.32,12000,12442,1399-12-12
94,درهآور,دارويي ره آورد تامين,1615,3107496,168263806586,55180,54077,54077,-1103,-2.0,54148,-1032,-1.87,54077,54930,1399-12-12
95,شصدف,صنعتي دوده فام,1608,34809,1062057399,28784,30511,30511,1727,6.0,28818,34,0.12,30511,30511,1399-12-12
96,غپاك,لبنيات‌ پاك‌,1597,5777775,111725555440,19470,19150,19470,0,0.0,19340,-130,-0.67,19090,19690,1399-12-12
97,كچاد,معدني‌وصنعتي‌چادرملو,1586,6664631,133270731780,19350,19370,19790,440,2.27,20000,650,3.36,19370,20510,1399-12-12
98,ارزش,صندوق س ارزش آفرين بيدار-سهام,1562,9044029,85958198300,9310,9450,9440,130,1.4,9500,190,2.04,9350,9740,1399-12-12
99,سفانو,سيمان فارس نو,1552,2127225,92623126090,43970,43100,44200,230,0.52,43540,-430,-0.98,43100,45460,1399-12-12
100,وملي,گروه‌ صنعتي‌ ملي‌ (هلدينگ‌,1548,511879,89517567230,174830,175410,173630,-1200,-0.69,174880,50,0.03,172010,179500,1399-12-12
101,ومعادن,توسعه‌معادن‌وفلزات‌,1537,11174492,124271432430,11060,11020,11090,30,0.27,11120,60,0.54,10950,11420,1399-12-12
102,ونيرو,سرمايه‌گذاري‌نيرو,1529,19845618,51419131750,2600,2590,2560,-40,-1.54,2590,-10,-0.38,2550,2650,1399-12-12
103,خكرمان,گروه اقتصادي كرمان خودرو,1504,13467121,53593134919,3919,3921,3960,41,1.05,3980,61,1.56,3921,4033,1399-12-12
104,خگستر,گسترش‌سرمايه‌گذاري‌ايران‌خودرو,1490,36477959,107974758640,3020,2960,2960,-60,-1.99,2960,-60,-1.99,2960,2960,1399-12-12
105,دزهراويح,ح . ‌داروسازي‌زهراوي‌,1449,4751716,25664023110,5320,5210,5340,20,0.38,5400,80,1.5,5210,5580,1399-12-12
106,سپاها,سيمان‌سپاهان‌,1436,7590304,67402782870,8690,8880,9010,320,3.68,8880,190,2.19,8650,9130,1399-12-12
107,جمح,ح . پتروشيمي جم,1385,2322360,55927439920,23910,24190,23980,70,0.29,24080,170,0.71,23550,25000,1399-12-12
108,دشيميح,ح . شيمي‌ داروئي‌ داروپخش‌,1366,3334703,76426768680,21980,21120,22550,570,2.59,22920,940,4.28,21120,24110,1399-12-12
109,همراه,شركت ارتباطات سيار ايران,1355,3233579,83454370060,26170,25800,25650,-520,-1.99,25860,-310,-1.18,25650,26800,1399-12-12
110,وملل,اعتباري ملل,1350,14852283,203646968330,13435,13248,13703,268,1.99,13711,276,2.05,13248,14241,1399-12-12
111,چكاوه,صنايع‌كاغذسازي‌كاوه‌,1348,4005991,66340344200,16480,17200,16530,50,0.3,16560,80,0.49,16160,17200,1399-12-12
112,غبشهر,صنعتي‌ بهشهر,1335,7604540,150857727060,20220,19820,19820,-400,-1.98,19840,-380,-1.88,19820,20260,1399-12-12
113,البرز,بيمه البرز,1319,34367459,122779681390,3640,3570,3570,-70,-1.92,3570,-70,-1.92,3570,3620,1399-12-12
114,بكام,كارخانجات توليدي شهيد قندي,1312,15145630,50681957440,3340,3370,3350,10,0.3,3350,10,0.3,3320,3380,1399-12-12
115,سرود,سيمان‌شاهرود,1308,3383579,68899638350,20620,20210,20210,-410,-1.99,20360,-260,-1.26,20210,20980,1399-12-12
116,بالاس,مهندسي ساختمان تاسيسات راه آهن,1275,814875,48448678200,60094,59200,58893,-1201,-2.0,59455,-639,-1.06,58893,61300,1399-12-12
117,بكهنوج,توليد برق ماهتاب كهنوج,1270,24228812,44601408539,1874,1837,1837,-37,-1.97,1844,-30,-1.6,1837,1880,1399-12-12
118,بميلا,توسعه بازرگاني آهن وفولادميلاد,1270,5220491,78096831169,15273,14510,15111,-162,-1.06,14960,-313,-2.05,14510,15755,1399-12-12
119,تاصيكو,سرمايه گذاري صدرتامين,1269,13533626,127553416660,9330,9330,9540,210,2.25,9420,90,0.96,9270,9600,1399-12-12
120,دتوليد,داروسازي توليد دارو,1267,2516114,70171484017,28286,27721,27721,-565,-2.0,27889,-397,-1.4,27721,28900,1399-12-12
121,وثخوز,سرمايه گذاري و توسعه خوزستان,1265,1435543,110771733677,80819,76779,76779,-4040,-5.0,77164,-3655,-4.52,76779,79790,1399-12-12
122,ثتوسا,س.توسعه و عمران استان اردبيل,1249,1726637,77387064121,46522,44672,44662,-1860,-4.0,44820,-1702,-3.66,44662,46705,1399-12-12
123,دسانكو,داروسازي سبحان انكولوژي,1235,5807278,89482486899,15680,15367,15367,-313,-2.0,15409,-271,-1.73,15367,15800,1399-12-12
124,فجر,فولاد اميركبيركاشان,1234,2180265,124582224350,55780,56020,57200,1420,2.55,57140,1360,2.44,56020,58490,1399-12-12
125,نطرين,عطرين نخ قم,1207,8952945,109516511175,12475,12226,12226,-249,-2.0,12232,-243,-1.95,12226,12414,1399-12-12
126,والبر,سرمايه‌ گذاري‌ البرز(هلدينگ‌,1191,3468074,58272384530,16330,16170,16600,270,1.65,16800,470,2.88,16050,17200,1399-12-12
127,وايرا,سرمايه گذاري صنايع ايران,1191,8038964,86819529060,10822,11119,10820,-2,-0.02,10800,-22,-0.2,10606,11146,1399-12-12
128,فنورد,نوردوقطعات‌ فولادي‌,1162,319514,64833829750,205590,201800,201480,-4110,-2.0,202910,-2680,-1.3,201480,209000,1399-12-12
129,كحافظ,كاشي‌ وسراميك‌ حافظ‌,1152,3040632,38510571840,12740,12510,12490,-250,-1.96,12680,-60,-0.47,12490,13090,1399-12-12
130,وسكاب,س.ص.بازنشستگي كاركنان بانكها,1151,12423146,66302364180,5360,5380,5350,-10,-0.19,5340,-20,-0.37,5260,5500,1399-12-12
131,وبانك,سرمايه گذاري گروه توسعه ملي,1142,4573650,34624676860,7650,7510,7550,-100,-1.31,7620,-30,-0.39,7500,7800,1399-12-12
132,تبرك,گروه كارخانجات صنعتي تبرك,1130,2694976,43386575997,15871,15610,16020,149,0.94,16070,199,1.25,15610,16400,1399-12-12
133,وسين,بيمه سينا,1117,4342002,67590252422,15957,15400,15300,-657,-4.12,15567,-390,-2.44,15160,16298,1399-12-12
134,وسينا,بانك سينا,1088,15050025,49340854270,3330,3270,3300,-30,-0.9,3280,-50,-1.5,3270,3390,1399-12-12
135,وپست,پست بانك ايران,1079,9940697,161147536650,16530,16200,16200,-330,-2.0,16210,-320,-1.94,16200,16470,1399-12-12
136,وصنعت,سرمايه گذاري توسعه صنعت وتجارت,1063,7360763,52587115610,7260,7120,7120,-140,-1.93,7140,-120,-1.65,7120,7330,1399-12-12
137,شكربن,كربن‌ ايران‌,1057,867492,84689618820,99480,97500,97530,-1950,-1.96,97630,-1850,-1.86,97500,99420,1399-12-12
138,رمپنا,گروه مپنا (سهامي عام),1045,10560870,166122591020,15840,15750,15530,-310,-1.96,15730,-110,-0.69,15530,16170,1399-12-12
139,نهال,صندوق س. طلاي سرخ نوويرا,1038,1934877,18227262607,9454,9430,9400,-54,-0.57,9420,-34,-0.36,9283,9587,1399-12-12
140,ميدكو,هلدينگ صنايع  معدني خاورميانه,1031,5172740,156932164513,30201,29597,30549,348,1.15,30338,137,0.45,29597,30790,1399-12-12
141,غفارس,شير پاستوريزه پگاه فارس,1022,7613173,118628446632,15896,15579,15579,-317,-1.99,15582,-314,-1.98,15579,15790,1399-12-12
142,ساراب,سيمان‌ داراب‌,1011,5465712,85612267150,15840,15530,15530,-310,-1.96,15660,-180,-1.14,15530,16600,1399-12-12
143,بموتو,موتوژن‌,1009,862908,48850194310,55190,57500,56990,1800,3.26,56580,1390,2.52,54160,57600,1399-12-12
144,رتاپ,تجارت الكترونيك  پارسيان,998,5684579,36475415190,6520,6500,6390,-130,-1.99,6450,-70,-1.07,6390,6620,1399-12-12
145,وتوشه,سرمايه‌ گذاري‌ پارس‌ توشه‌,994,6311779,145903159350,23370,22910,22910,-460,-1.97,23120,-250,-1.07,22910,23890,1399-12-12
146,وساخت,سرمايه‌ گذاري‌ ساختمان‌ايران‌,990,1336370,60932283070,46440,45520,45520,-920,-1.98,45600,-840,-1.81,45520,46990,1399-12-12
147,قچار,فراوردههاي غذايي وقند چهارمحال,987,847020,80757543572,93232,93500,94500,1268,1.36,95343,2111,2.26,93500,97000,1399-12-12
148,شسپا,نفت سپاهان,975,3182718,46179877710,14470,14470,14610,140,0.97,14500,30,0.21,14190,15090,1399-12-12
149,فباهنر,مس‌ شهيدباهنر,966,590457,29925615800,51080,51890,50200,-880,-1.72,50830,-250,-0.49,50060,52150,1399-12-12
150,پارسان,گسترش نفت و گاز پارسيان,948,7625532,137043902420,18070,17800,17900,-170,-0.94,17970,-100,-0.55,17760,18400,1399-12-12
151,تكنو,تكنوتار,938,2182152,52156163750,24180,23980,23710,-470,-1.94,23900,-280,-1.16,23700,24590,1399-12-12
152,فسپا,گروه‌صنعتي‌سپاهان‌,936,2842369,106566375820,38220,37460,37460,-760,-1.99,37490,-730,-1.91,37460,38000,1399-12-12
153,پلاسك,پلاسكوكار,911,3525137,28039707270,7930,7990,7830,-100,-1.26,7940,10,0.13,7780,8200,1399-12-12
154,رانفور,خدمات‌انفورماتيك‌,886,3140451,76451078930,24820,24330,24330,-490,-1.97,24380,-440,-1.77,24330,24690,1399-12-12
155,ضخود2006,اختيارخ خودرو-2500-1400/02/08,883,32474,9250994000,294,329,272,-22,-7.48,285,-9,-3.06,271,330,1399-12-12
156,سكرما,سيمان‌ كرمان‌,868,2329534,42124838750,17970,17640,18060,90,0.5,18070,100,0.56,17620,18600,1399-12-12
157,ضخود2007,اختيارخ خودرو-3000-1400/02/08,859,39440,5952610000,142,162,147,5,3.52,151,9,6.34,140,180,1399-12-12
158,حسينا,توسعه خدمات دريايي وبندري سينا,855,859666,61045330965,70878,71469,70500,-378,-0.53,71011,133,0.19,69553,72560,1399-12-12
159,ارفع,شركت آهن و فولاد ارفع,850,4276631,54652480715,12581,12600,12900,319,2.54,12758,177,1.41,12580,12980,1399-12-12
160,وشهر,بانك شهر,835,13064801,77627437890,5782,5900,6013,231,4.0,5942,160,2.77,5557,6013,1399-12-12
161,وتوس,توسعه‌شهري‌توس‌گستر,823,3395979,50690895680,15200,14900,14900,-300,-1.97,14930,-270,-1.78,14900,15270,1399-12-12
162,ساينا,صنايع بهداشتي ساينا,814,375528,59845055097,161979,158740,158740,-3239,-2.0,159362,-2617,-1.62,158740,164000,1399-12-12
163,زشگزا,شير و گوشت زاگرس شهركرد,805,4963400,40674554056,8329,8163,8163,-166,-1.99,8217,-112,-1.34,8163,8390,1399-12-12
164,كسرام,پارس‌ سرام‌,789,4769050,39984484110,9890,8500,8330,-1560,-15.77,8470,-1420,-14.36,8330,8500,1399-12-12
165,زفكاح,ح . كشت و دامداري فكا,781,6172264,49470160737,7807,7807,8035,228,2.92,8015,208,2.66,7807,8111,1399-12-12
166,فسازان,غلتك سازان سپاهان,779,1031978,35395298320,34030,34030,33690,-340,-1.0,34220,190,0.56,33420,35490,1399-12-12
167,هرمز,فولاد هرمزگان جنوب,756,8130462,107027085740,13123,13399,13070,-53,-0.4,13160,37,0.28,13000,13489,1399-12-12
168,دزهراوي,داروسازي‌زهراوي‌,741,3419582,27387280790,8160,8000,8000,-160,-1.96,8080,-80,-0.98,8000,8150,1399-12-12
169,زاگرس,پتروشيمي زاگرس,739,491903,89599101320,180262,183500,182300,2038,1.13,181948,1686,0.94,180000,186000,1399-12-12
170,كاردان,صندوق س تجارت شاخصي كاردان,737,287816,44310210820,149590,153010,152200,2610,1.74,153950,4360,2.91,152000,158800,1399-12-12
171,فنوال,نورد آلومينيوم‌,732,2344650,61288347360,26500,25970,25970,-530,-2.0,26140,-360,-1.36,25970,27240,1399-12-12
172,شرانل,نفت ايرانول,721,2005765,70892198469,35392,36120,34960,-432,-1.22,35344,-48,-0.14,34685,36500,1399-12-12
173,غگلپا,شير پاستوريزه پگاه گلپايگان,717,655227,46393890747,70432,69024,71700,1268,1.8,70784,352,0.5,69024,73500,1399-12-12
174,وسپه,سرمايه‌گذاري‌ سپه‌,715,13385506,89741431790,6830,6700,6700,-130,-1.9,6700,-130,-1.9,6700,6810,1399-12-12
175,ميهن,بيمه ميهن,715,6791113,33469795345,5014,4914,4914,-100,-1.99,4956,-58,-1.16,4914,5020,1399-12-12
176,نوين,بيمه نوين,712,5493325,34229570874,6334,6208,6208,-126,-1.99,6261,-73,-1.15,6208,6460,1399-12-12
177,شبصير,توليدات پتروشيمي قائد بصير,712,414068,38112932325,90465,94770,90990,525,0.58,91606,1141,1.26,90120,94770,1399-12-12
178,شپديس,پتروشيمي پرديس,710,929874,81998567820,87780,89750,87900,120,0.14,88110,330,0.38,87200,90000,1399-12-12
179,غپآذر,شير پگاه آذربايجان شرقي,709,1387725,91972192868,67571,66220,66220,-1351,-2.0,66276,-1295,-1.92,66220,66960,1399-12-12
180,دعبيد,لابراتوارداروسازي‌  دكترعبيدي‌,698,1029051,22903323050,22510,22070,22160,-350,-1.55,22390,-120,-0.53,22060,22890,1399-12-12
181,سباقر,سيمان باقران,696,2957390,55927878095,18370,18500,18921,551,3.0,18911,541,2.95,18500,18921,1399-12-12
182,شاوان,پالايش نفت لاوان,694,1195026,91194819543,74300,74500,75830,1530,2.06,76312,2012,2.71,74500,77900,1399-12-12
183,سخوز,سيمان خوزستان,692,1182541,27041395930,22600,22700,22740,140,0.62,22740,140,0.62,22250,23430,1399-12-12
184,شجم,صنايع پتروشيمي تخت جمشيد,677,19153140,180245258981,9258,9520,9535,277,2.99,9411,153,1.65,9258,9535,1399-12-12
185,كهمدا,شيشه‌ همدان‌,673,2165436,21771091110,10110,10000,10000,-110,-1.09,10090,-20,-0.2,9910,10290,1399-12-12
186,سهگمت,سيمان‌هگمتان‌,672,1047081,27186894690,26090,26950,26170,80,0.31,26020,-70,-0.27,25570,26990,1399-12-12
187,وبشهر,توسعه‌ صنايع‌ بهشهر(هلدينگ,665,4954169,57158196110,11560,11500,11700,140,1.21,11540,-20,-0.17,11330,11950,1399-12-12
188,پرديس,سرمايه گذاري پرديس,662,5191642,32908382480,6430,6350,6310,-120,-1.87,6370,-60,-0.93,6310,6500,1399-12-12
189,فيروزه,صندوق شاخص30 شركت فيروزه- سهام,658,422035,56128128840,130420,133900,131930,1510,1.16,132990,2570,1.97,131000,136790,1399-12-12
190,شنفت,نفت‌ پارس‌,651,454742,22440345390,49540,48550,48560,-980,-1.98,49450,-90,-0.18,48550,50980,1399-12-12
191,وبوعلي,سرمايه‌گذاري‌بوعلي‌,650,2959840,17015657330,5750,5920,5700,-50,-0.87,5750,0,0.0,5650,5920,1399-12-12
192,دي,بانك دي,646,1271857,27076563673,21723,21289,21289,-434,-2.0,21507,-216,-0.99,21289,21289,1399-12-12
193,اميد,تامين سرمايه اميد,638,6292430,55460814680,8930,8850,8760,-170,-1.9,8810,-120,-1.34,8760,9000,1399-12-12
194,تيپيكو,سرمايه گذاري دارويي تامين,635,1618801,66470788300,41790,41390,40960,-830,-1.99,41110,-680,-1.63,40960,41900,1399-12-12
195,سرچشمه,سرمايه گذاري مس سرچشمه,633,3029697,19690328792,6607,6481,6475,-132,-2.0,6563,-44,-0.67,6475,6709,1399-12-12
196,شپترو,پتروشيمي آبادان,624,9754039,43455404687,4337,4438,4467,130,3.0,4455,118,2.72,4350,4467,1399-12-12
197,شفن,پتروشيمي فناوران,623,128007,36604948220,277580,281990,285580,8000,2.88,280580,3000,1.08,281700,290000,1399-12-12
198,وصنا,گروه‌صنايع‌بهشهرايران‌,615,3651683,21787139340,6080,5960,5960,-120,-1.97,6030,-50,-0.82,5960,6090,1399-12-12
199,مبين,مبين انرژي خليج فارس,609,3681558,54919390750,14660,14800,15040,380,2.59,14780,120,0.82,14710,15040,1399-12-12
200,خاهن,آهنگري‌ تراكتورسازي‌ ايران‌,600,1262926,48080769460,38000,38010,38000,0,0.0,38070,70,0.18,38000,38480,1399-12-12
201,تسه9908,امتياز تسهيلات مسكن آبان99,599,12363,6838340405,548125,540000,550030,1905,0.35,553130,5005,0.91,540000,559799,1399-12-12
202,امين يكم2,صندوق درآمد ثابت امين يكم فردا,590,59000000,59000000,10129,1,1,-10128,-99.99,1,-10128,-99.99,1,1,1399-12-12
203,دپارس,پارس‌ دارو,588,865234,74480125910,87610,85860,85860,-1750,-2.0,86080,-1530,-1.75,85860,89210,1399-12-12
204,طلا,صندوق س.پشتوانه طلاي لوتوس,587,528984,41731840071,80375,79050,78700,-1675,-2.08,78891,-1484,-1.85,78202,79300,1399-12-12
205,واعتبار,سرمايه گذاري اعتبار ايران,583,3303300,29317905320,8830,8670,8750,-80,-0.91,8860,30,0.34,8660,9300,1399-12-12
206,سيدكو,سرمايه گذاري توسعه صنايع سيمان,579,3901185,24051707390,6110,6020,6290,180,2.95,6140,30,0.49,6020,6320,1399-12-12
207,وحكمت,بيمه حكمت صبا,579,3198547,13017033167,4118,4040,4040,-78,-1.89,4086,-32,-0.78,4036,4190,1399-12-12
208,شبهرن,نفت‌ بهران‌,573,448631,23786193450,52480,53000,52810,330,0.63,52710,230,0.44,52500,53500,1399-12-12
209,ما,بيمه  ما,559,5150606,41268682290,8100,8000,8140,40,0.49,8020,-80,-0.99,7940,8230,1399-12-12
210,پخش,پخش البرز,558,1195287,41877075905,34921,34224,34226,-695,-1.99,35016,95,0.27,34223,36500,1399-12-12
211,كاريس,صندوق س.سپهر كاريزما-س,557,1988869,21276757863,10557,10700,10589,32,0.3,10698,141,1.34,10400,10990,1399-12-12
212,تسه9910,امتياز تسهيلات مسكن دي99,557,10699,5946530757,552658,542200,551030,-1628,-0.29,555802,3144,0.57,541111,560000,1399-12-12
213,كمينا,شيشه سازي مينا,546,850530,22507507870,26125,27100,26580,455,1.74,26463,338,1.29,25850,27100,1399-12-12
214,ونفت,سرمايه‌گذاري‌ صنعت‌ نفت‌,542,1947331,32042703780,16530,16530,16200,-330,-2.0,16480,-50,-0.3,16200,17000,1399-12-12
215,كگاز,شيشه‌ و گاز,538,1101419,21115389960,18930,19000,19190,260,1.37,19030,100,0.53,18940,19440,1399-12-12
216,ثبهساز,بهساز كاشانه تهران,533,4566402,10639716660,2370,2330,2330,-40,-1.69,2360,-10,-0.42,2330,2330,1399-12-12
217,جم,پتروشيمي جم,532,2430219,73646119700,30550,29940,30480,-70,-0.23,30360,-190,-0.62,29940,31060,1399-12-12
218,سحرخيز,صندوق س. گروه زعفران سحرخيز,532,1884198,17908593445,9525,9689,9510,-15,-0.16,9505,-20,-0.21,9423,9689,1399-12-12
219,ثمسكن,سرمايه‌گذاري‌ مسكن‌,531,3888707,20560659340,5340,5340,5310,-30,-0.56,5320,-20,-0.37,5240,5500,1399-12-12
220,غويتاح,ح . ويتانا,530,2398286,27176768288,11521,11291,11291,-230,-2.0,11332,-189,-1.64,11291,11521,1399-12-12
221,دتماد,توليدمواداوليه‌داروپخش‌,529,828232,36590881880,44670,43920,43780,-890,-1.99,44300,-370,-0.83,43780,45490,1399-12-12
222,ياقوت,صندوق س ياقوت آگاه-ثابت,528,8874570,106326977952,11988,11994,11994,6,0.05,11981,-7,-0.06,11977,11997,1399-12-12
223,شاراك,پتروشيمي شازند,516,1544017,33917721800,21480,21750,22100,620,2.89,21710,230,1.07,21750,22180,1399-12-12
224,مداران,داده‌پردازي‌ايران‌,510,1185473,30741115550,26250,25730,25730,-520,-1.98,26050,-200,-0.76,25730,26680,1399-12-12
225,هاي وب,داده گسترعصرنوين-هاي وب,505,7892491,76241463060,9850,9660,9660,-190,-1.93,9660,-190,-1.93,9660,9660,1399-12-12
226,تسه9909,امتياز تسهيلات مسكن آذر99,495,11007,6121687943,544323,520021,551002,6679,1.23,556163,11840,2.18,520021,571500,1399-12-12
227,بترانس,ايران‌ ترانسفو,488,9327691,25837704070,2820,2770,2770,-50,-1.77,2790,-30,-1.06,2770,2770,1399-12-12
228,كاما,باما,481,1569707,22132868700,14380,14100,14100,-280,-1.95,14270,-110,-0.76,14100,14100,1399-12-12
229,دكيمي,كيميدارو,479,1114169,28870939650,25930,25800,25500,-430,-1.66,25920,-10,-0.04,25420,26120,1399-12-12
230,شوينده,مديريت صنعت شوينده ت.ص.بهشهر,477,710604,22219186010,31670,31040,31040,-630,-1.99,31490,-180,-0.57,31040,32730,1399-12-12
231,وخاور,بانك خاورميانه,477,3064548,26769422560,8670,8550,8700,30,0.35,8700,30,0.35,8550,8910,1399-12-12
232,شپاكسا,پاكسان‌,470,751645,20722316160,27760,28000,27250,-510,-1.84,27680,-80,-0.29,27210,28500,1399-12-12
233,وآرين,شركت توسعه اقتصادي آرين,462,4338063,17586790740,4213,4045,4045,-168,-3.99,4067,-146,-3.47,4045,4180,1399-12-12
234,بنيرو,نيروترانس‌,451,2059751,31692795560,15690,15380,15670,-20,-0.13,15490,-200,-1.27,15380,15670,1399-12-12
235,خكاوه,سايپا ديزل,450,7518632,27333929133,3708,3634,3634,-74,-2.0,3635,-73,-1.97,3634,3688,1399-12-12
236,بپاس,بيمه پاسارگاد,448,1882170,143135264160,77600,76048,76048,-1552,-2.0,76048,-1552,-2.0,76048,76048,1399-12-12
237,فايرا,آلومينيوم‌ايران‌,444,1476765,38124943710,25300,24940,25800,500,1.98,25670,370,1.46,24940,26170,1399-12-12
238,دسبحان,سبحان دارو,441,1403083,30990295580,22160,21720,21940,-220,-0.99,22110,-50,-0.23,21720,23000,1399-12-12
239,پارند,صندوق س. پارند پايدار سپهر,438,9367246,106419552337,11355,11363,11360,5,0.04,11361,6,0.05,11360,11365,1399-12-12
240,آكورد,صندوق س. آرمان آتي كوثر-د,434,7741300,239759236999,30957,30973,30985,28,0.09,30971,14,0.05,30970,30985,1399-12-12
241,سهرمز,سيمان‌هرمزگان‌,433,887949,22147193580,25270,24770,24770,-500,-1.98,25120,-150,-0.59,24770,25490,1399-12-12
242,اطلس,صندوق س.توسعه اندوخته آينده-س,428,107660,21181375932,194102,195460,197995,3893,2.01,196743,2641,1.36,195005,199000,1399-12-12
243,رنيك,جنرال مكانيك,425,919156,18682463199,20644,21000,20280,-364,-1.76,20519,-125,-0.61,20232,21000,1399-12-12
244,كفرآور,فرآورده هاي سيمان شرق,415,1600757,41679561360,26529,26002,25999,-530,-2.0,26037,-492,-1.85,25999,26529,1399-12-12
245,خريخت,صنايع‌ريخته‌گري‌ايران‌,412,4301233,15252662840,3600,3540,3530,-70,-1.94,3580,-20,-0.56,3530,3610,1399-12-12
246,كنور,توسعه معدني و صنعتي صبانور,405,626447,26960445950,42650,44240,42400,-250,-0.59,42860,210,0.49,42300,44240,1399-12-12
247,انرژي3,سايراشخاص بورس انرژي,404,62845,16907818800,274530,269040,269040,-5490,-2.0,273090,-1440,-0.52,269040,269040,1399-12-12
248,واحيا,م .صنايع و معادن احياء سپاهان,399,410082,58626803353,140363,142000,143499,3136,2.23,142964,2601,1.85,141990,144000,1399-12-12
249,گشان,توسعه بين المللي پديده شانديز,397,465087,16568724375,37109,35625,35625,-1484,-4.0,35947,-1162,-3.13,35625,35625,1399-12-12
250,وپارس,بانك‌پارسيان‌,396,33733170,110307465900,3330,3270,3270,-60,-1.8,3270,-60,-1.8,3270,3270,1399-12-12
251,لابسا,آبسال‌,392,336397,16614569210,50320,49320,49320,-1000,-1.99,50000,-320,-0.64,49320,50880,1399-12-12
252,اتكاي,بيمه اتكايي ايرانيان,386,1882259,25132032800,13251,12986,13530,279,2.11,13302,51,0.38,12986,13555,1399-12-12
253,كپرور,فرآوري زغال سنگ پروده طبس,386,350493,13811480393,39960,39161,39161,-799,-2.0,39802,-158,-0.4,39161,40600,1399-12-12
254,فسرب,ملي‌ سرب‌وروي‌ ايران‌,384,195784,16226484100,84560,82870,82870,-1690,-2.0,84000,-560,-0.66,82870,84560,1399-12-12
255,دكپسولح,ح .توليد ژلاتين كپسول ايران,381,468606,10838070807,23015,23640,23009,-6,-0.03,23128,113,0.49,22559,23640,1399-12-12
256,سيستم,همكاران سيستم,379,1192772,31121985130,26620,26090,26090,-530,-1.99,26280,-340,-1.28,26090,26870,1399-12-12
257,پارس,پتروشيمي پارس,369,300974,38220392180,126310,129200,127200,890,0.7,126570,260,0.21,125500,129200,1399-12-12
258,تصميم,صندوق س با درآمد ثابت تصميم,365,6269177,98819199417,15759,15765,15753,-6,-0.04,15763,4,0.03,15745,15765,1399-12-12
259,لوتوس,تامين سرمايه لوتوس پارسيان,359,1807218,18977615330,10200,10090,10440,240,2.35,10310,110,1.08,10090,10690,1399-12-12
260,تنوين,تامين سرمايه نوين,355,5563272,34341868110,6120,6150,6180,60,0.98,6160,40,0.65,6120,6330,1399-12-12
261,حكشتي,كشتيراني جمهوري اسلامي ايران,354,1237547,24540557010,20230,19830,19830,-400,-1.98,20150,-80,-0.4,19830,19830,1399-12-12
262,تماوند,تامين سرمايه دماوند,351,1404850,20268292045,14592,14100,14201,-391,-2.68,14427,-165,-1.13,14100,14900,1399-12-12
263,پكرمان,گروه‌ صنعتي‌ بارز,341,650626,16612674040,25820,25350,25320,-500,-1.94,25720,-100,-0.39,25310,26480,1399-12-12
264,حتايد,تايدواترخاورميانه,333,3135340,72268863970,23470,23210,23010,-460,-1.96,23050,-420,-1.79,23010,24500,1399-12-12
265,جم پيلن,پلي پروپيلن جم - جم پيلن,332,227040,15012832050,65140,67960,65400,260,0.4,65420,280,0.43,64450,67960,1399-12-12
266,ثشاهد,سرمايه‌ گذاري‌ شاهد,329,698826,13354564860,19490,19110,19110,-380,-1.95,19390,-100,-0.51,19110,19110,1399-12-12
267,كرماشا,صنايع پتروشيمي كرمانشاه,322,377616,12993257190,34050,33870,34150,100,0.29,34140,90,0.26,33870,35000,1399-12-12
268,ضجار2002,اختيارخ وتجارت-2500-1400/02/22,314,15478,4970553000,356,449,320,-36,-10.11,321,-35,-9.83,300,470,1399-12-12
269,افق ملت,صندوق س در سهام افق ملت,309,174800,20374521780,114470,114000,119000,4530,3.96,116560,2090,1.83,114000,119100,1399-12-12
270,بهپاك,صنعتي بهپاك,306,827460,38189761380,47094,46153,46153,-941,-2.0,46358,-736,-1.56,46153,46153,1399-12-12
271,شراز,پالايش نفت شيراز,299,390081,40016082632,103813,102503,101737,-2076,-2.0,102805,-1008,-0.97,101737,105500,1399-12-12
272,شخارك,پتروشيمي‌ خارك‌,283,364913,15102774580,41330,41940,41520,190,0.46,41340,10,0.02,40640,42370,1399-12-12
273,آساس,صندوق س.آسمان آرماني سهام-س,280,167099,26166882515,154011,156061,155004,993,0.64,156595,2584,1.68,155000,159400,1399-12-12
274,عيار,صندوق س. پشتوانه طلاي مفيد,273,249329,6881184193,28106,27750,27550,-556,-1.98,27599,-507,-1.8,27510,27800,1399-12-12
275,سمتاز,سيمان ممتازان كرمان,271,421918,7631033231,17888,17600,18424,536,3.0,17965,77,0.43,17600,18424,1399-12-12
276,سپح,ح . پرداخت الكترونيك سامان كيش,268,10410360,145833146300,13830,15000,15000,1170,8.46,14010,180,1.3,14000,15000,1399-12-12
277,خبهمن,گروه‌بهمن‌,266,2709794,55903050220,21050,20630,20630,-420,-2.0,20770,-280,-1.33,20630,20630,1399-12-12
278,افران,صندوق س افرا نماد پايدار-ثابت,265,5591014,71557941090,12788,12791,12800,12,0.09,12799,11,0.09,12791,12839,1399-12-12
279,سپيدار,سپيدار سيستم آسيا,263,359478,24633589428,69924,68526,68526,-1398,-2.0,69201,-723,-1.03,68526,68526,1399-12-12
280,تسه9907,امتياز تسهيلات مسكن مهر99,262,3214,1777948163,553279,537033,532000,-21279,-3.85,553189,-90,-0.02,526111,569000,1399-12-12
281,لبوتان,گروه‌صنعتي‌بوتان‌,261,188450,11951756540,64360,63080,63080,-1280,-1.99,64130,-230,-0.36,63080,64990,1399-12-12
282,كگهر,سنگ آهن گهرزمين,254,327561,14970688033,45834,45188,45250,-584,-1.27,45818,-16,-0.03,45020,46275,1399-12-12
283,فروي,ذوب روي اصفهان,250,160322,10595520658,67437,66089,66089,-1348,-2.0,67143,-294,-0.44,66089,66089,1399-12-12
284,تسه9801,امتياز تسهيلات مسكن فروردين98,250,2861,1570700383,554578,550000,543340,-11238,-2.03,549004,-5574,-1.01,530000,559000,1399-12-12
285,شفارا,پتروشيمي فارابي,244,1760321,6528836889,3823,3671,3710,-113,-2.96,3784,-39,-1.02,3671,3785,1399-12-12
286,غگل,گلوكوزان‌,244,2536567,8827253160,3550,3480,3480,-70,-1.97,3540,-10,-0.28,3480,3480,1399-12-12
287,واميد,گروه مديريت سرمايه گذاري اميد,238,1139578,41117933000,36700,35970,35970,-730,-1.99,36480,-220,-0.6,35970,36630,1399-12-12
288,دلر,داروسازي‌ اكسير,234,248705,9149069410,37400,36660,36660,-740,-1.98,37290,-110,-0.29,36660,37490,1399-12-12
289,خودكفا,اقتصادي و خودكفايي آزادگان,232,519949,12101293026,24243,23274,23274,-969,-4.0,23957,-286,-1.18,23274,23274,1399-12-12
290,ثباغ,شهر سازي و خانه سازي باغميشه,231,678768,10242916442,15397,15090,15090,-307,-1.99,15333,-64,-0.42,15090,15379,1399-12-12
291,فلات,گروه صنايع معادن فلات ايرانيان,229,1131472,14558684374,12494,12868,12868,374,2.99,12769,275,2.2,12800,12868,1399-12-12
292,تسه9810,امتياز تسهيلات مسكن دي98,226,3945,2165277249,553042,533000,549699,-3343,-0.6,548866,-4176,-0.76,530000,560000,1399-12-12
293,زرين,صندوق س. سهام زرين كوروش-س,225,476622,4480521960,9297,9300,9350,53,0.57,9401,104,1.12,9300,9590,1399-12-12
294,ورازي,بيمه رازي,224,1516331,12388155514,7791,8010,8180,389,4.99,8045,254,3.26,7900,8180,1399-12-12
295,سقاين,سيمان‌ قائن‌,222,230035,17682790450,78430,76870,76870,-1560,-1.99,77860,-570,-0.73,76870,76870,1399-12-12
296,قنقش,قند نقش جهان,220,1616932,110151020493,70772,67942,67959,-2813,-3.97,68123,-2649,-3.74,67942,69357,1399-12-12
297,شكف,كف,212,153107,13193234248,87320,85574,85574,-1746,-2.0,86170,-1150,-1.32,85574,89066,1399-12-12
298,اتكام,شركت بيمه اتكايي امين,211,3334276,16636300229,5090,4989,4989,-101,-1.98,5056,-34,-0.67,4989,5050,1399-12-12
299,سكه0012پ01,سكه تمام بهارتحويلي 1روزه رفاه,210,45600,49382212700,1103724,1080000,1084800,-18924,-1.71,1082943,-20781,-1.88,1071119,1089000,1399-12-12
300,تسه9902,امتياز تسهيلات مسكن ارديبهشت99,205,3465,1923971016,560053,532425,535000,-25053,-4.47,555259,-4794,-0.86,532051,588000,1399-12-12
301,خپارس,پارس‌ خودرو,205,6188806,36142627040,5950,5840,5840,-110,-1.85,5880,-70,-1.18,5840,5840,1399-12-12
302,زر,صندوق س.پشتوانه سكه طلاي زر,204,163940,7825249638,48800,48703,47626,-1174,-2.41,47732,-1068,-2.19,47301,48703,1399-12-12
303,ضسپا3004,اختيارخ خساپا-2500-1400/03/26,204,10272,3093789000,292,300,282,-10,-3.42,301,9,3.08,271,335,1399-12-12
304,صايند,صندوق س. گنجينه آينده روشن-د,202,2223140,22033141680,9930,9930,9910,-20,-0.2,9911,-19,-0.19,9902,9939,1399-12-12
305,سكه9912پ04,سكه تمام بهارتحويل1روزه صادرات,200,104500,112810139100,1105639,1106499,1080000,-25639,-2.32,1079523,-26116,-2.36,1074200,1106500,1399-12-12
306,سپ,پرداخت الكترونيك سامان كيش,200,478949,8163502510,17360,17030,17020,-340,-1.96,17310,-50,-0.29,17020,17380,1399-12-12
307,مارون,پتروشيمي مارون,197,103537,15482128861,148639,147280,150000,1361,0.92,148776,137,0.09,147280,151999,1399-12-12
308,بالبر,كابل‌ البرز,196,379774,21411658120,57530,56380,56380,-1150,-2.0,57020,-510,-0.89,56380,56380,1399-12-12
309,بفجر,فجر انرژي خليج فارس,194,427080,9576317150,22820,22370,22380,-440,-1.93,22750,-70,-0.31,22370,22950,1399-12-12
310,خصدرا,صنعتي‌ دريايي‌ ايران‌,192,4661925,14754992625,3229,3165,3165,-64,-1.98,3201,-28,-0.87,3165,3165,1399-12-12
311,تسه9906,امتياز تسهيلات مسكن شهريور99,190,2543,1407315713,551309,540000,570000,18691,3.39,553408,2099,0.38,524222,578000,1399-12-12
312,شپاس,نفت پاسارگاد,185,495030,10404870637,21066,20740,20999,-67,-0.32,21056,-10,-0.05,20650,21640,1399-12-12
313,كماسه,تامين‌ ماسه‌ ريخته‌گري‌,185,262177,11559383930,44980,44090,44090,-890,-1.98,44770,-210,-0.47,44090,44090,1399-12-12
314,ضسپا3003,اختيارخ خساپا-2000-1400/03/26,184,12830,7038054000,537,770,499,-38,-7.08,549,12,2.23,486,630,1399-12-12
315,افق,فروشگاههاي زنجيره اي افق كوروش,182,313291,22976761940,74830,73340,73340,-1490,-1.99,74440,-390,-0.52,73340,73340,1399-12-12
316,تسه9712,امتياز تسهيلات مسكن اسفند97,180,2003,1064756840,532550,506000,536000,3450,0.65,531581,-969,-0.18,506000,550000,1399-12-12
317,خراسان,پتروشيمي خراسان,179,514734,33835364500,65830,65000,65700,-130,-0.2,65760,-70,-0.11,65000,66940,1399-12-12
318,ساروج,بين المللي ساروج بوشهر,177,610230,13779006750,22984,23550,22880,-104,-0.45,22703,-281,-1.22,22525,23550,1399-12-12
319,كخاك,صنايع‌خاك‌چيني‌ايران‌,174,171074,7477989150,44560,44400,43670,-890,-2.0,44430,-130,-0.29,43670,44500,1399-12-12
320,تسه9802,امتياز تسهيلات مسكن ارديبهشت98,170,1584,885867465,562198,551021,551111,-11087,-1.97,559260,-2938,-0.52,551020,567988,1399-12-12
321,اخابر,مخابرات ايران,166,1403851,14361395730,10430,10230,10230,-200,-1.92,10410,-20,-0.19,10230,10230,1399-12-12
322,شيراز,پتروشيمي‌شيراز,161,111762,5663614220,50620,50600,50700,80,0.16,50620,0,0.0,50190,52000,1399-12-12
323,گوهر,صندوق سكه طلاي كيان,158,50187,2716241601,55272,54989,54055,-1217,-2.2,54122,-1150,-2.08,53877,54989,1399-12-12
324,شصفها,پتروشيمي‌ اصفهان‌,157,148803,19179293867,126364,128891,128891,2527,2.0,128891,2527,2.0,128000,128891,1399-12-12
325,غپينو,پارس‌ مينو,156,755411,4879955060,6590,6460,6460,-130,-1.97,6580,-10,-0.15,6460,6460,1399-12-12
326,ضخود2009,اختيارخ خودرو-4000-1400/02/08,155,9041,444796000,47,47,54,7,14.89,49,2,4.26,46,55,1399-12-12
327,كالا,بورس كالاي ايران,149,457353,15801546150,35250,34550,34550,-700,-1.99,35020,-230,-0.65,34550,34550,1399-12-12
328,شكبير,پتروشيمي اميركبير,149,419481,37543263384,90159,88356,88900,-1259,-1.4,89907,-252,-0.28,88356,92863,1399-12-12
329,تسه9904,امتياز تسهيلات مسكن تير99,143,1967,1098694891,557203,531000,555000,-2203,-0.4,558564,1361,0.24,531000,585062,1399-12-12
330,تسه9903,امتياز تسهيلات مسكن خرداد99,142,1713,950596781,552858,525516,551000,-1858,-0.34,554931,2073,0.37,525516,580499,1399-12-12
331,فروس,فروسيليس‌ ايران‌,142,1742087,8327175860,4870,4780,4780,-90,-1.85,4850,-20,-0.41,4780,4780,1399-12-12
332,فرابورس,فرابورس ايران,142,251658,8315031978,33715,33041,33041,-674,-2.0,33600,-115,-0.34,33041,33041,1399-12-12
333,ضخود2005,اختيارخ خودرو-2000-1400/02/08,141,4981,3141083000,632,680,609,-23,-3.64,631,-1,-0.16,606,680,1399-12-12
334,دارو,كارخانجات‌داروپخش‌,141,174408,5646902320,33010,32350,32350,-660,-2.0,32940,-70,-0.21,32350,32990,1399-12-12
335,آسيا,بيمه آسيا,140,1455131,3434109160,2400,2360,2360,-40,-1.67,2400,0,0.0,2360,2360,1399-12-12
336,دارا,صندوق س. دارا الگوريتم-د,139,3602240,36088967799,10014,10010,10030,16,0.16,10018,4,0.04,9991,10030,1399-12-12
337,سدور,سيمان‌ دورود,139,438388,8706385680,20260,19860,19860,-400,-1.97,20190,-70,-0.35,19860,19860,1399-12-12
338,تليسه,دامداري تليسه نمونه,137,864823,3840678943,4531,4441,4441,-90,-1.99,4524,-7,-0.15,4441,4441,1399-12-12
339,بورس,بورس اوراق بهادار تهران,137,430342,16869406400,39990,39200,39200,-790,-1.98,39780,-210,-0.53,39200,39200,1399-12-12
340,تسه9905,امتياز تسهيلات مسكن مرداد99,136,1963,1090091674,556124,529000,552500,-3624,-0.65,555319,-805,-0.14,529000,583930,1399-12-12
341,ثرود,سرمايه‌گذاري مسكن زاينده رود,136,452642,8019458314,18078,17717,17717,-361,-2.0,18017,-61,-0.34,17717,17717,1399-12-12
342,آتيمس,صندوق س.آرمان آتيه درخشان مس-س,136,31387,5608637070,177348,179000,177500,152,0.09,178693,1345,0.76,177000,181000,1399-12-12
343,تسه9803,امتياز تسهيلات مسكن خرداد98,134,923,520762971,579358,551000,565000,-14358,-2.48,564207,-15151,-2.62,551000,577868,1399-12-12
344,پارسيان,بيمه پارسيان,132,3949996,47755451640,12330,12090,12090,-240,-1.95,12090,-240,-1.95,12090,12090,1399-12-12
345,كسعدي,كاشي‌ سعدي‌,131,437951,9516675230,22170,21730,21730,-440,-1.98,22080,-90,-0.41,21730,21730,1399-12-12
346,چكارن,كارتن‌ ايران‌,131,2950946,10564386680,3650,3580,3580,-70,-1.92,3630,-20,-0.55,3580,3580,1399-12-12
347,وسرضوي,س.سهام عدالت استان خراسان رضوي,130,7173755,7245492550,1030,1010,1010,-20,-1.94,1030,0,0.0,1010,1010,1399-12-12
348,وثوق,سرمايه گذاري وثوق امين,128,706950,17055875700,25131,24126,24126,-1005,-4.0,24234,-897,-3.57,24126,24126,1399-12-12
349,خزاميا,زامياد,125,1422561,11849933130,8500,8330,8330,-170,-2.0,8460,-40,-0.47,8330,8330,1399-12-12
350,اخزا910,اسنادخزانه-م10بودجه99-020807,123,195479,114253283285,586095,581510,586729,634,0.11,584479,-1616,-0.28,556791,586999,1399-12-12
351,وصندوق,سرمايه‌گذاري‌صندوق‌بازنشستگي‌,123,2848883,37519789110,13430,13170,13170,-260,-1.94,13350,-80,-0.6,13170,13170,1399-12-12
352,بسويچ,پارس‌سويچ‌,122,63517,3322087430,53270,52470,52210,-1060,-1.99,53200,-70,-0.13,52210,53160,1399-12-12
353,دماوند,توليد نيروي برق دماوند,118,175733,8574716002,49789,48794,48794,-995,-2.0,49631,-158,-0.32,48794,48794,1399-12-12
354,غزر,صنعتي زر ماكارون,118,179165,4688748050,26700,26170,26170,-530,-1.99,26650,-50,-0.19,26170,26170,1399-12-12
355,سپاس,صندوق س. پاداش سهامداري توسعه1,117,2115475,21440242179,10130,10156,10134,4,0.04,10135,5,0.05,10133,10156,1399-12-12
356,چكاپا,گروه صنايع كاغذ پارس,117,561724,2965902720,5380,5280,5280,-100,-1.86,5370,-10,-0.19,5280,5280,1399-12-12
357,وهور,مديريت انرژي اميد  تابان هور,114,971844,2267312052,2380,2333,2333,-47,-1.97,2378,-2,-0.08,2333,2333,1399-12-12
358,سخاش,سيمان‌خاش‌,112,17688,2887389120,166570,163240,163240,-3330,-2.0,166370,-200,-0.12,163240,163240,1399-12-12
359,اخزا903,اسنادخزانه-م3بودجه99-011110,112,252259,172434356664,682190,675555,683331,1141,0.17,683561,1371,0.2,675555,685000,1399-12-12
360,تسه9901,امتياز تسهيلات مسكن فروردين99,111,1102,623003371,557261,530001,585123,27862,5.0,565339,8078,1.45,530001,585124,1399-12-12
361,چخزر,صنايع چوب خزر كاسپين,111,429741,25395544395,60301,59095,59095,-1206,-2.0,59663,-638,-1.06,59095,59095,1399-12-12
362,خمحركه,نيرو محركه‌,110,471377,2276750910,4920,4830,4830,-90,-1.83,4920,0,0.0,4830,4830,1399-12-12
363,تسه9811,امتياز تسهيلات مسكن بهمن98,110,964,534885018,564456,536334,545000,-19456,-3.45,554860,-9596,-1.7,536334,591999,1399-12-12
364,فاراك,ماشين‌ سازي‌ اراك‌,110,723497,3783889310,5330,5230,5230,-100,-1.88,5320,-10,-0.19,5230,5230,1399-12-12
365,شساخت,مهندسي و ساختمان صنايع نفت,105,1719103,69307356548,41138,40316,40316,-822,-2.0,40316,-822,-2.0,40316,40316,1399-12-12
366,فرآور,فرآوري‌موادمعدني‌ايران‌,105,354672,13094490240,37670,36920,36920,-750,-1.99,37470,-200,-0.53,36920,36920,1399-12-12
367,كيان2,صندوق س. با درآمد ثابت كيان,105,10500000,10500000,27382,1,1,-27381,-100.0,1,-27381,-100.0,1,1,1399-12-12
368,ختوقا,قطعات‌ اتومبيل‌ ايران‌,103,702081,1902639510,2760,2710,2710,-50,-1.81,2760,0,0.0,2710,2710,1399-12-12
369,پتاير,ايران‌ تاير,103,682537,3194273160,4770,4680,4680,-90,-1.89,4760,-10,-0.21,4680,4680,1399-12-12
370,كيميا,معدني كيمياي زنجان گستران,103,680928,12702711840,19035,18655,18655,-380,-2.0,18935,-100,-0.53,18655,18655,1399-12-12
371,اخزا902,اسنادخزانه-م2بودجه99-011019,102,129181,89162190013,690139,685555,690501,362,0.05,690211,72,0.01,685555,691700,1399-12-12
372,تسه9812,امتياز تسهيلات مسكن اسفند98,101,1287,716634422,558136,530358,551000,-7136,-1.28,556825,-1311,-0.23,530358,586042,1399-12-12
373,كترام,توليدي‌ كاشي‌ تكسرام‌,101,154902,7478668560,49260,48280,48280,-980,-1.99,49110,-150,-0.3,48280,48280,1399-12-12
374,ساوه,سيمان ساوه,101,130627,7970728913,62264,61019,61019,-1245,-2.0,62060,-204,-0.33,61019,61019,1399-12-12
375,ودي,بيمه  دي,99,287015,6648702475,23637,23165,23165,-472,-2.0,23573,-64,-0.27,23165,23165,1399-12-12
376,وهنر,گروه توسعه هنر ايران,98,459935,4132515975,9168,8985,8985,-183,-2.0,9127,-41,-0.45,8985,8985,1399-12-12
377,سكه0011پ02,سكه تمام بهارتحويلي 1روزه ملت,97,23700,25631766600,1107291,1099989,1084000,-23291,-2.1,1081509,-25782,-2.33,1073001,1099989,1399-12-12
378,ضشنا2001,اختيارخ شپنا-10000-1400/02/27,94,3205,8241402000,2507,2900,2450,-57,-2.27,2571,64,2.55,2450,2900,1399-12-12
379,كارين,صندوق س نگين سامان-ثابت,94,927823,9344541436,10065,10070,10074,9,0.09,10071,6,0.06,10070,10074,1399-12-12
380,چدن,توليدي چدن سازان,94,348133,8588441110,25170,24670,24670,-500,-1.99,25080,-90,-0.36,24670,24670,1399-12-12
381,زدشت,كشت و صنعت دشت خرم دره,93,548728,15989385192,29733,29139,29139,-594,-2.0,29535,-198,-0.67,29139,29139,1399-12-12
382,قصفها,قنداصفهان‌,93,12152,1967044240,165170,161870,161870,-3300,-2.0,165040,-130,-0.08,161870,161870,1399-12-12
383,ضشنا2002,اختيارخ شپنا-12000-1400/02/27,93,3410,4691096000,1364,1950,1300,-64,-4.69,1376,12,0.88,1300,1950,1399-12-12
384,ونيكي,سرمايه‌گذاري‌ ملي‌ايران‌,92,719057,8118153530,11520,11290,11290,-230,-2.0,11500,-20,-0.17,11290,11290,1399-12-12
385,وبيمهح,ح . سرمايه‌ گذاري‌ صنعت‌ بيمه‌,92,4600812,5336991920,1160,1170,1160,0,0.0,1160,0,0.0,1160,1170,1399-12-12
386,تكشا,گسترش‌صنايع‌وخدمات‌كشاورزي‌,92,626145,30342986700,49440,48460,48460,-980,-1.98,48830,-610,-1.23,48460,48460,1399-12-12
387,نمرينو,ايران‌ مرينوس‌,91,365416,26404960160,68170,72260,72260,4090,6.0,70010,1840,2.7,72260,72260,1399-12-12
388,وكار,بانك‌ كارآفرين‌,91,6940663,17212844240,2530,2480,2480,-50,-1.98,2510,-20,-0.79,2480,2480,1399-12-12
389,كفپارس,فرآورده‌هاي‌ نسوز پارس‌,90,767747,3600733430,4780,4690,4690,-90,-1.88,4770,-10,-0.21,4690,4690,1399-12-12
390,مرقام,ايران‌ارقام‌,89,317902,5620507360,18040,17680,17680,-360,-2.0,18000,-40,-0.22,17680,17680,1399-12-12
391,كبافق,معادن‌ بافق‌,88,90401,4846397610,54700,53610,53610,-1090,-1.99,54590,-110,-0.2,53610,53610,1399-12-12
392,شفا,سرمايه گذاري شفادارو,86,579986,27491336400,48360,47400,47400,-960,-1.99,47840,-520,-1.08,47400,47400,1399-12-12
393,اخزا808,اسنادخزانه-م8بودجه98-000817,84,153485,134325592046,876676,877616,877616,940,0.11,875171,-1505,-0.17,872101,877616,1399-12-12
394,ارمغان,ص سرمايه گذاري ارمغان ايرانيان,83,873631,8870257038,10149,10152,10154,5,0.05,10153,4,0.04,10152,10160,1399-12-12
395,ضخود2008,اختيارخ خودرو-3500-1400/02/08,82,3351,275070000,80,79,80,0,0.0,82,2,2.5,77,94,1399-12-12
396,ضصاد3002,اختيارخ وبصادر-2500-1400/03/12,81,2554,751951000,271,310,290,19,7.01,294,23,8.49,270,330,1399-12-12
397,دانا,بيمه دانا,81,690588,4689092520,6920,6790,6790,-130,-1.88,6910,-10,-0.14,6790,6790,1399-12-12
398,كسعديح,ح . كاشي‌ سعدي‌,81,222960,3212853600,15010,14410,14410,-600,-4.0,14410,-600,-4.0,14410,14410,1399-12-12
399,زماهان,مجتمع توليد گوشت مرغ ماهان,80,93842,1938400352,21077,20656,20656,-421,-2.0,21060,-17,-0.08,20656,20656,1399-12-12
400,ريشمك,توليد و صادرات ريشمك,80,73665,3981151260,55146,54044,54044,-1102,-2.0,55056,-90,-0.16,54044,54044,1399-12-12
401,وپخش,داروپخش‌ (هلدينگ‌,80,133004,13733993040,105360,103260,103260,-2100,-1.99,104770,-590,-0.56,103260,103260,1399-12-12
402,تسه9808,امتياز تسهيلات مسكن آبان98,80,1110,610750932,552456,550000,544169,-8287,-1.5,550226,-2230,-0.4,528000,570000,1399-12-12
403,ماديرا,صنايع ماشين هاي اداري ايران,77,159863,1460028779,9319,9133,9133,-186,-2.0,9313,-6,-0.06,9133,9133,1399-12-12
404,زكوثر,سرمايه گذاري كشاورزي كوثر,77,105064,2264129200,21980,21550,21550,-430,-1.96,21960,-20,-0.09,21550,21550,1399-12-12
405,آسام,صندوق س.آرمان سپهر آشنا-م,77,113850,11558087130,101795,102000,101500,-295,-0.29,101520,-275,-0.27,100400,102977,1399-12-12
406,وساپا,سرمايه‌گذاري‌ سايپا,76,322794,2017462500,6370,6250,6250,-120,-1.88,6370,0,0.0,6250,6250,1399-12-12
407,ولپارس,ليزينگ پارسيان,76,170134,966361120,5790,5680,5680,-110,-1.9,5790,0,0.0,5680,5680,1399-12-12
408,تپمپي,پمپ‌ سازي‌ ايران‌,74,174192,3384550560,19820,19430,19430,-390,-1.97,19790,-30,-0.15,19430,19430,1399-12-12
409,سپر,صندوق س سپر سرمايه بيدار- ثابت,74,1002114,11456191593,11430,11432,11432,2,0.02,11432,2,0.02,11432,11435,1399-12-12
410,وليز,ليزينگ‌ايران‌,73,1681388,16023627640,9720,9530,9530,-190,-1.95,9660,-60,-0.62,9530,9530,1399-12-12
411,گوهران,سرمايه گذاري توسعه گوهران اميد,73,854613,6512151060,7775,7620,7620,-155,-1.99,7754,-21,-0.27,7620,7620,1399-12-12
412,كمنگنز,معادن‌منگنزايران‌,71,38160,3337855200,89250,87470,87470,-1780,-1.99,89130,-120,-0.13,87470,87470,1399-12-12
413,ضجار2003,اختيارخ وتجارت-3000-1400/02/22,70,2394,483828000,206,225,200,-6,-2.91,202,-4,-1.94,178,235,1399-12-12
414,اخزا908,اسنادخزانه-م8بودجه99-020606,70,158104,95732321234,603354,605329,606000,2646,0.44,605502,2148,0.36,604000,607000,1399-12-12
415,غشهداب,كشت و صنعت شهداب ناب خراسان,70,312245,1250228980,4085,4004,4004,-81,-1.98,4083,-2,-0.05,4004,4004,1399-12-12
416,ضصاد3001,اختيارخ وبصادر-2000-1400/03/12,69,3584,2008673000,549,600,530,-19,-3.46,560,11,2.0,530,619,1399-12-12
417,ثشرق,سرمايه گذاري مسكن شمال شرق,69,1244637,8538209820,7000,6860,6860,-140,-2.0,6980,-20,-0.29,6860,6860,1399-12-12
418,زملارد,كشاورزي و دامپروري ملارد شير,68,39342,1450500198,37621,36869,36869,-752,-2.0,37599,-22,-0.06,36869,36869,1399-12-12
419,خاور,ايران خودرو ديزل,67,2148132,13043457504,6195,6072,6072,-123,-1.99,6112,-83,-1.34,6072,6072,1399-12-12
420,اخزا909,اسنادخزانه-م9بودجه99-020316,66,287705,182735349413,633641,637299,635200,1559,0.25,635148,1507,0.24,633641,638000,1399-12-12
421,كسرا,سراميك‌هاي‌صنعتي‌اردكان‌,66,279867,6157074000,22440,22000,22000,-440,-1.96,22380,-60,-0.27,22000,22000,1399-12-12
422,اخزا905,اسنادخزانه-م5بودجه99-020218,64,384558,248036884287,645009,646000,644000,-1009,-0.16,644992,-17,0.0,644000,646000,1399-12-12
423,آساميد,صندوق س.مشترك آسمان اميد -د,64,1829937,21230898784,11607,11601,11604,-3,-0.03,11602,-5,-0.04,11601,11608,1399-12-12
424,حفارس,حمل و نقل بين المللي خليج فارس,64,434121,2066415960,4850,4760,4760,-90,-1.86,4850,0,0.0,4760,4760,1399-12-12
425,لپارس,پارس‌ الكتريك‌,63,52611,5090114250,98720,96750,96750,-1970,-2.0,98510,-210,-0.21,96750,96750,1399-12-12
426,ثزاگرس,سرمايه گذاري توسعه عمران زاگرس,62,250700,17026039800,71488,67914,67914,-3574,-5.0,68160,-3328,-4.66,67914,67914,1399-12-12
427,ولتجار,واسپاري تجارت وسرمايه ايرانيان,62,432261,3773206269,8475,8729,8729,254,3.0,8519,44,0.52,8729,8729,1399-12-12
428,ضملت3001,اختيارخ وبملت-3500-1400/03/19,62,2821,1776493000,590,650,669,79,13.39,630,40,6.78,602,669,1399-12-12
429,تسه9809,امتياز تسهيلات مسكن آذر98,61,377,206177328,549531,525600,549500,-31,-0.01,546889,-2642,-0.48,525600,559000,1399-12-12
430,سمگا,گروه سرمايه گذاري ميراث فرهنگي,61,70930,1868508990,26880,26343,26343,-537,-2.0,26859,-21,-0.08,26343,26343,1399-12-12
431,فيروزا,صندوق بادرآمد ثابت فيروزه آسيا,61,78927,1755820157,22266,22249,22231,-35,-0.16,22246,-20,-0.09,22153,22275,1399-12-12
432,دارا2,صندوق س. دارا الگوريتم-د,60,6000000,6000000,10014,1,1,-10013,-99.99,1,-10013,-99.99,1,1,1399-12-12
433,زعف0008پ11,زعفران0008نگين سحرخيز(پ),59,77459,9547207760,119392,120899,121000,1608,1.35,123255,3863,3.24,119500,125000,1399-12-12
434,زعف0008پ20,زعفران0008نگين وحدت جام(پ),59,39800,4789406000,118926,120000,119612,686,0.58,120337,1411,1.19,119500,121900,1399-12-12
435,ثنور,سرمايه گذاري كوه نور,59,366267,3652048257,10174,9971,9971,-203,-2.0,10135,-39,-0.38,9971,9971,1399-12-12
436,درازك,دارويي‌ رازك‌,58,748025,26061191000,35550,34840,34840,-710,-2.0,35170,-380,-1.07,34840,34840,1399-12-12
437,ولساپا,ليزينگ رايان‌ سايپا,58,653685,2359802850,3680,3610,3610,-70,-1.9,3680,0,0.0,3610,3610,1399-12-12
438,غديس,پاكديس,56,338071,4549421447,13731,13457,13457,-274,-2.0,13705,-26,-0.19,13457,13457,1399-12-12
439,تپولا,مهندسي مرآت پولاد,55,90534,3226360158,37121,35637,35637,-1484,-4.0,36871,-250,-0.67,35637,35637,1399-12-12
440,دتمادح,ح . توليدمواداوليه‌داروپخش‌,55,674467,26948242600,39900,40000,39400,-500,-1.25,39950,50,0.13,39400,40000,1399-12-12
441,ورنا,سرمايه‌گذاري‌ رنا(هلدينگ‌,54,203002,1153051360,5790,5680,5680,-110,-1.9,5790,0,0.0,5680,5680,1399-12-12
442,فاذر,صنايع‌ آذرآب‌,54,208014,5092182720,24970,24480,24480,-490,-1.96,24920,-50,-0.2,24480,24480,1399-12-12
443,ضشنا2003,اختيارخ شپنا-14000-1400/02/27,54,2843,2296926000,762,850,810,48,6.3,808,46,6.04,761,850,1399-12-12
444,تپكو,توليدتجهيزات‌سنگين‌هپكو,53,295880,1557512320,5483,5264,5264,-219,-3.99,5475,-8,-0.15,5264,5264,1399-12-12
445,سفار,سيمان‌فارس‌,53,89196,13778106120,157620,154470,154470,-3150,-2.0,156730,-890,-0.56,154470,154470,1399-12-12
446,زشريف,كشت وصنعت شريف آباد,52,361451,1825689001,5154,5051,5051,-103,-2.0,5150,-4,-0.08,5051,5051,1399-12-12
447,سبهان,سيمان‌ بهبهان‌,52,7617,1086260370,145520,142610,142610,-2910,-2.0,145460,-60,-0.04,142610,142610,1399-12-12
448,لسرما,سرما آفرين‌,52,169180,4589853400,27680,27130,27130,-550,-1.99,27630,-50,-0.18,27130,27130,1399-12-12
449,زنگان,صنعت روي زنگان,52,14224,1473876656,105733,103619,103619,-2114,-2.0,105669,-64,-0.06,103619,103619,1399-12-12
450,فردا,صندوق س آواي فرداي زاگرس-ثابت,51,1012729,10383523722,10248,10253,10259,11,0.11,10253,5,0.05,10253,10259,1399-12-12
451,سيمرغ,سيمرغ,51,134303,2152877090,16350,16030,16030,-320,-1.96,16340,-10,-0.06,16030,16030,1399-12-12
452,خاتم,صندوق س خاتم ايساتيس پويا-ثابت,51,1016031,10792666914,10619,10625,10626,7,0.07,10622,3,0.03,10622,10626,1399-12-12
453,ضفلا3004,اختيارخ فولاد-12000-1400/03/19,50,1570,2430547000,1465,1699,1500,35,2.39,1548,83,5.67,1443,1788,1399-12-12
454,غصينو,صنعتي مينو,50,61210,4241302110,70705,69291,69291,-1414,-2.0,70644,-61,-0.09,69291,69291,1399-12-12
455,ضخود2010,اختيارخ خودرو-4500-1400/02/08,49,2384,68073000,31,33,28,-3,-9.68,29,-2,-6.45,28,33,1399-12-12
456,آريان,سرمايه گذاري پارس آريان,48,2287485,25510032720,11379,11152,11152,-227,-1.99,11313,-66,-0.58,11152,11152,1399-12-12
457,الماس,صندوق س.امين تدبيرگران فردا-س,48,12760,1418885864,109686,108015,110130,444,0.4,111198,1512,1.38,108015,112000,1399-12-12
458,بذر,صندوق س بذر اميد آفرين-سهام,48,15961,1529172650,94650,94810,94330,-320,-0.34,95810,1160,1.23,94330,97800,1399-12-12
459,دشيمي,شيمي‌ داروئي‌ داروپخش‌,47,40838,1284763480,32100,31460,31460,-640,-1.99,32080,-20,-0.06,31460,31460,1399-12-12
460,اخزا901,اسنادخزانه-م1بودجه99-010621,47,47392,34933694310,735947,736000,738500,2553,0.35,737122,1175,0.16,736000,738500,1399-12-12
461,وتوصا,گروه س توسعه صنعتي ايران,47,93493,1131265300,12340,12100,12100,-240,-1.94,12330,-10,-0.08,12100,12100,1399-12-12
462,ثالوند,سرمايه گذاري مسكن الوند,47,52239,1779312579,34756,34061,34061,-695,-2.0,34731,-25,-0.07,34061,34061,1399-12-12
463,سخزر,سيمان‌ خزر,47,325288,9960318560,31240,30620,30620,-620,-1.98,31110,-130,-0.42,30620,30620,1399-12-12
464,وسنا,سرمايه گذاري نيروگاهي ايران,46,176207,2632180166,15724,14938,14938,-786,-5.0,15624,-100,-0.64,14938,14938,1399-12-12
465,اخزا815,اسنادخزانه-م15بودجه98-010406,45,98160,75670512360,770674,769200,771000,326,0.04,770889,215,0.03,769200,771010,1399-12-12
466,ثفارس,عمران‌وتوسعه‌فارس‌,45,268395,2716157400,10320,10120,10120,-200,-1.94,10310,-10,-0.1,10120,10120,1399-12-12
467,تسه9807,امتياز تسهيلات مسكن مهر98,45,366,199102591,552295,525004,541000,-11295,-2.05,543996,-8299,-1.5,525004,579000,1399-12-12
468,ضملي3003,اختيارخ فملي-12000-1400/03/02,45,439,856265000,1862,2000,1800,-62,-3.33,1950,88,4.73,1710,2300,1399-12-12
469,ثروتم,صندوق س. ثروت آفرين پارسيان-س,45,70650,5318766430,74429,73101,75100,671,0.9,75283,854,1.15,73101,75750,1399-12-12
470,اوصتا,صندوق انديشه ورزان صباتامين -د,44,174454,3138398748,17979,18000,17998,19,0.11,17990,11,0.06,17980,18000,1399-12-12
471,زگلدشت,كشت و دام گلدشت نمونه اصفهان,44,60455,2693270250,45459,44550,44550,-909,-2.0,45409,-50,-0.11,44550,44550,1399-12-12
472,سدشت,صنايع سيمان دشتستان,44,254720,13979033600,51780,54880,54880,3100,5.99,52590,810,1.56,54880,54880,1399-12-12
473,ركيش,كارت اعتباري ايران كيش,43,902045,23597497200,26690,26160,26160,-530,-1.99,26430,-260,-0.97,26160,26160,1399-12-12
474,خمهر,مهركام‌پارس‌,43,488374,1206283780,2520,2470,2470,-50,-1.98,2520,0,0.0,2470,2470,1399-12-12
475,اخزا809,اسنادخزانه-م9بودجه98-000923,43,114123,98339740972,863883,863992,860999,-2884,-0.33,861700,-2183,-0.25,857022,863992,1399-12-12
476,غويتا,ويتانا,42,69007,1247025497,18439,18071,18071,-368,-2.0,18430,-9,-0.05,18071,18071,1399-12-12
477,ضملي3004,اختيارخ فملي-14000-1400/03/02,42,217,235425000,1017,1000,999,-18,-1.77,1085,68,6.69,920,1275,1399-12-12
478,تكمبا,كمباين‌ سازي‌ ايران‌,41,485635,3724820450,7820,7670,7670,-150,-1.92,7810,-10,-0.13,7670,7670,1399-12-12
479,تسه9806,امتياز تسهيلات مسكن شهريور98,41,488,266965836,565358,538000,542190,-23168,-4.1,547061,-18297,-3.24,538000,560000,1399-12-12
480,غمينو,شركت صنايع غذايي مينو شرق,41,59476,715793660,12280,12035,12035,-245,-2.0,12276,-4,-0.03,12035,12035,1399-12-12
481,وبيمه,سرمايه‌ گذاري‌ صنعت‌ بيمه‌,40,685593,1940228190,2880,2830,2830,-50,-1.74,2880,0,0.0,2830,2830,1399-12-12
482,كساوه,صنايع‌ كاشي‌ و سراميك‌ سينا,40,31621,2299162910,74190,72710,72710,-1480,-1.99,74120,-70,-0.09,72710,72710,1399-12-12
483,توريل,توکاريل,40,95201,2424674269,25988,25469,25469,-519,-2.0,25962,-26,-0.1,25469,25469,1399-12-12
484,دمعيار,صندوق س. توازن معيار-د,39,994512,10004016822,10056,10060,10059,3,0.03,10059,3,0.03,10056,10063,1399-12-12
485,آ س پ,آ.س.پ,39,157415,2547132115,16511,16181,16181,-330,-2.0,16494,-17,-0.1,16181,16181,1399-12-12
486,گكيش,توريستي ورفاهي آبادگران كيش,38,27129,1392151764,53454,51316,51316,-2138,-4.0,53299,-155,-0.29,51316,51316,1399-12-12
487,بايكا,كارخانجات كابلسازي ‌ايران‌,38,40551,1680757848,43175,41448,41448,-1727,-4.0,43024,-151,-0.35,41448,41448,1399-12-12
488,سبجنو,سيمان‌ بجنورد,38,228327,13701903270,61230,60010,60010,-1220,-1.99,60890,-340,-0.56,60010,60010,1399-12-12
489,اخزا817,اسنادخزانه-م17بودجه98-010512,38,173008,130649795102,754427,754427,755009,582,0.08,755166,739,0.1,751001,756000,1399-12-12
490,وپويا,سرمايه گذاري پويا,37,148394,979252006,6733,6599,6599,-134,-1.99,6730,-3,-0.04,6599,6599,1399-12-12
491,كوير,توليدي فولاد سپيد فراب كوير,37,72376,1617603600,22800,22350,22350,-450,-1.97,22790,-10,-0.04,22350,22350,1399-12-12
492,زفكا,كشت و دامداري فكا,37,289134,3782740122,13349,13083,13083,-266,-1.99,13328,-21,-0.16,13083,13083,1399-12-12
493,خنصير,مهندسي‌نصيرماشين‌,36,61196,6718708840,112030,109790,109790,-2240,-2.0,111720,-310,-0.28,109790,109790,1399-12-12
494,ضخود2013,اختيارخ خودرو-7000-1400/02/08,36,1588,21088000,14,17,13,-1,-7.14,13,-1,-7.14,13,17,1399-12-12
495,شگل,گلتاش‌,36,97517,1031729860,10790,10580,10580,-210,-1.95,10790,0,0.0,10580,10580,1399-12-12
496,خديزل,بهمن  ديزل,36,122595,5136240120,42751,41896,41896,-855,-2.0,42660,-91,-0.21,41896,41896,1399-12-12
497,دامين,داروسازي‌ امين‌,36,113022,1563094260,14110,13830,13830,-280,-1.98,14100,-10,-0.07,13830,13830,1399-12-12
498,دشيري,شيرين دارو,35,6888,1507927848,228042,218921,218921,-9121,-4.0,227325,-717,-0.31,218921,218921,1399-12-12
499,قشكر,شكرشاهرود,35,181432,700327520,3930,3860,3860,-70,-1.78,3930,0,0.0,3860,3860,1399-12-12
500,وتوكا,سرمايه‌گذاري‌توكافولاد(هلدينگ,35,172326,1919711640,11360,11140,11140,-220,-1.94,11350,-10,-0.09,11140,11140,1399-12-12
501,غبهنوش,بهنوش‌ ايران‌,35,10154,758199180,76190,74670,74670,-1520,-2.0,76170,-20,-0.03,74670,74670,1399-12-12
502,ملت,بيمه ملت,35,131824,2194869600,16980,16650,16650,-330,-1.94,16970,-10,-0.06,16650,16650,1399-12-12
503,كوثر,بيمه كوثر,35,63361,924627073,14890,14593,14593,-297,-1.99,14884,-6,-0.04,14593,14593,1399-12-12
504,كپارس,كاشي‌ پارس‌,35,12369,1917813450,158210,155050,155050,-3160,-2.0,158090,-120,-0.08,155050,155050,1399-12-12
505,گدنا,تهيه توزيع غذاي دنا آفرين فدك,34,9119,307702417,34431,33743,33743,-688,-2.0,34427,-4,-0.01,33743,33743,1399-12-12
506,اخزا821,اسنادخزانه-م21بودجه98-020906,34,68534,39980933868,584412,583012,583820,-592,-0.1,583374,-1038,-0.18,580040,584412,1399-12-12
507,وآوا,سرمايه گذاري آوا نوين,34,126085,1102361155,8921,8743,8743,-178,-2.0,8917,-4,-0.04,8743,8743,1399-12-12
508,خرينگ,رينگ‌سازي‌مشهد,34,57631,2621057880,46400,45480,45480,-920,-1.98,46350,-50,-0.11,45480,45480,1399-12-12
509,غچين,كشت‌ و صنعت‌ چين‌ چين,34,82927,1672637590,20580,20170,20170,-410,-1.99,20570,-10,-0.05,20170,20170,1399-12-12
510,غاذر,كشت‌وصنعت‌پياذر,34,28129,1556940150,56470,55350,55350,-1120,-1.98,56430,-40,-0.07,55350,55350,1399-12-12
511,شپلي,پلي اكريل ايران,34,269214,2830515996,10728,10514,10514,-214,-1.99,10688,-40,-0.37,10514,10514,1399-12-12
512,زپارس,ملي كشت و صنعت و دامپروري پارس,34,31605,5486311950,177130,173590,173590,-3540,-2.0,176720,-410,-0.23,173590,173590,1399-12-12
513,هجرت,پخش هجرت,33,26486,740522074,28529,27959,27959,-570,-2.0,28520,-9,-0.03,27959,27959,1399-12-12
514,لخزر,پارس‌ خزر,33,16531,3048977640,188200,184440,184440,-3760,-2.0,187970,-230,-0.12,184440,184440,1399-12-12
515,ديران,ايران‌دارو,33,48847,1379439280,28810,28240,28240,-570,-1.98,28790,-20,-0.07,28240,28240,1399-12-12
516,كتوكا,توليدي و خدمات صنايع نسوز توكا,32,60136,2324376672,39440,38652,38652,-788,-2.0,39403,-37,-0.09,38652,38652,1399-12-12
517,سكه0112پ03,سكه تمام بهارتحويلي1روزه سامان,32,6600,7133724100,1105462,1080000,1084999,-20463,-1.85,1080867,-24595,-2.22,1078000,1085000,1399-12-12
518,كلر,كلر پارس,32,8582,1119633466,133125,130463,130463,-2662,-2.0,133064,-61,-0.05,130463,130463,1399-12-12
519,اخزا805,اسنادخزانه-م5بودجه98-000422,32,99938,92853944195,935500,933990,932990,-2510,-0.27,929115,-6385,-0.68,888725,933990,1399-12-12
520,خزر,فنرسازي‌زر,31,150204,7106151240,48270,47310,47310,-960,-1.99,48130,-140,-0.29,47310,47310,1399-12-12
521,شسينا,صنايع‌شيميايي‌سينا,31,11139,1517131800,138970,136200,136200,-2770,-1.99,138880,-90,-0.06,136200,136200,1399-12-12
522,گنجين,صندوق س. گنجينه يكم آويد-د,31,508298,6267046313,12327,12348,12342,15,0.12,12329,2,0.02,12328,12348,1399-12-12
523,بنو,بيمه تجارت نو,31,34392,1198423632,35557,34846,34846,-711,-2.0,35539,-18,-0.05,34846,34846,1399-12-12
524,صنوين,صندوق سرمايه‌گذاري صنوين-مختلط,31,9659,977315280,101150,101190,101150,0,0.0,101180,30,0.03,101150,102500,1399-12-12
525,شپارس,بين‌ المللي‌ محصولات‌  پارس‌,31,147100,2896399000,20090,19690,19690,-400,-1.99,20070,-20,-0.1,19690,19690,1399-12-12
526,اپرداز,آتيه داده پرداز,30,43864,909563904,21159,20736,20736,-423,-2.0,21151,-8,-0.04,20736,20736,1399-12-12
527,كساپا,سايپاشيشه‌,30,229013,8981889860,40020,39220,39220,-800,-2.0,39870,-150,-0.37,39220,39220,1399-12-12
528,تسه9805,امتياز تسهيلات مسكن مرداد98,30,411,225876405,561544,534001,542122,-19422,-3.46,549578,-11966,-2.13,534001,570000,1399-12-12
529,دسينا,داروسازي‌ سينا,30,525548,14205562440,27580,27030,27030,-550,-1.99,27420,-160,-0.58,27030,27030,1399-12-12
530,داسوه,داروسازي‌ اسوه‌,30,467996,17868087280,38950,38180,38180,-770,-1.98,38670,-280,-0.72,38180,38180,1399-12-12
531,سنير,سيمان‌ سفيد ني‌ريز,29,7571,1894112780,255280,250180,250180,-5100,-2.0,255080,-200,-0.08,250180,250180,1399-12-12
532,اراد50,مرابحه عام دولت5-ش.خ0302,29,660000,660000605000,1000000,1000000,1000001,1,0.0,1000001,1,0.0,1000000,1000001,1399-12-12
533,حآسا,آسيا سير ارس,29,46574,2114552748,46328,45402,45402,-926,-2.0,46288,-40,-0.09,45402,45402,1399-12-12
534,قثابت,قند ثابت‌ خراسان‌,29,4102,289026920,71890,70460,70460,-1430,-1.99,71880,-10,-0.01,70460,70460,1399-12-12
535,شكلر,نيروكلر,29,19675,1043758750,54130,53050,53050,-1080,-2.0,54110,-20,-0.04,53050,53050,1399-12-12
536,قشير,قند شيروان قوچان و بجنورد,28,44797,1140800402,25985,25466,25466,-519,-2.0,25973,-12,-0.05,25466,25466,1399-12-12
537,بساما,بيمه سامان,28,115408,2368287568,20939,20521,20521,-418,-2.0,20919,-20,-0.1,20521,20521,1399-12-12
538,خچرخش,چرخشگر,28,318517,5787453890,18540,18170,18170,-370,-2.0,18500,-40,-0.22,18170,18170,1399-12-12
539,داوه,داروسازي آوه سينا,28,209290,4162150230,20292,19887,19887,-405,-2.0,20258,-34,-0.17,19887,19887,1399-12-12
540,وايران,ليزينگ ايرانيان,27,18965,235545300,12670,12420,12420,-250,-1.97,12670,0,0.0,12420,12420,1399-12-12
541,دفرا,فرآورده‌هاي‌ تزريقي‌ ايران‌,27,237756,6269625720,26900,26370,26370,-530,-1.97,26830,-70,-0.26,26370,26370,1399-12-12
542,غگرجي,بيسكويت‌  گرجي‌,27,46999,878881300,19080,18700,18700,-380,-1.99,19070,-10,-0.05,18700,18700,1399-12-12
543,كفرا,فراورده‌ هاي‌ نسوزايران‌,27,4608,215884800,47800,46850,46850,-950,-1.99,47800,0,0.0,46850,46850,1399-12-12
544,دروز,داروسازي‌ روزدارو,27,789612,21872252400,28260,27700,27700,-560,-1.98,28010,-250,-0.88,27700,27700,1399-12-12
545,شتوكا,توكا رنگ فولاد سپاهان,27,22644,1208442348,54456,53367,53367,-1089,-2.0,54429,-27,-0.05,53367,53367,1399-12-12
546,غبهار,كشت وصنعت بهاران گلبهار خراسان,27,14318,474541474,34523,33143,33143,-1380,-4.0,34489,-34,-0.1,33143,33143,1399-12-12
547,وجامي,سرمايه گذاري جامي,27,188251,2966835760,16081,15760,15760,-321,-2.0,16032,-49,-0.3,15760,15760,1399-12-12
548,وپترو,سرمايه‌گذاري صنايع پتروشيمي‌,26,62633,960163890,15640,15330,15330,-310,-1.98,15630,-10,-0.06,15330,15330,1399-12-12
549,زعف0008پ08,زعفران0008نگين روستا(پ),26,23045,2807672600,117000,121990,120600,3600,3.08,121834,4834,4.13,120600,121997,1399-12-12
550,خشرق,الكتريك‌ خودرو شرق‌,26,21482,349726960,16610,16280,16280,-330,-1.99,16610,0,0.0,16280,16280,1399-12-12
551,كيا,كيا الكترود شرق,26,640000,5013120000,7833,7833,7833,0,0.0,7833,0,0.0,7833,7833,1399-12-12
552,ولملت,واسپاري ملت,25,169454,1374271940,8270,8110,8110,-160,-1.93,8270,0,0.0,8110,8110,1399-12-12
553,پسهند,صنايع‌ لاستيكي‌  سهند,25,13074,566888640,44240,43360,43360,-880,-1.99,44230,-10,-0.02,43360,43360,1399-12-12
554,وبهمن,سرمايه‌گذاري‌بهمن‌,25,215847,3576584790,16900,16570,16570,-330,-1.95,16880,-20,-0.12,16570,16570,1399-12-12
555,اعتلا,شركت سرمايه گذاري اعتلاء البرز,25,54883,455583783,8470,8301,8301,-169,-2.0,8469,-1,-0.01,8301,8301,1399-12-12
556,وتعاون,بيمه  تعاون,25,106051,647759508,6232,6108,6108,-124,-1.99,6228,-4,-0.06,6108,6108,1399-12-12
557,تسه9804,امتياز تسهيلات مسكن تير98,25,284,156168751,561306,534000,547222,-14084,-2.51,549890,-11416,-2.03,534000,569992,1399-12-12
558,دتوزيع,توزيع دارو پخش,25,189759,9065166948,48746,47772,47772,-974,-2.0,48564,-182,-0.37,47772,47772,1399-12-12
559,آپ,آسان پرداخت پرشين,25,39592,709488640,18280,17920,17920,-360,-1.97,18270,-10,-0.05,17920,17920,1399-12-12
560,دكپسول,توليد ژلاتين كپسول ايران,24,162457,4987429900,31326,30700,30700,-626,-2.0,31262,-64,-0.2,30700,30700,1399-12-12
561,بزاگرس,نيروگاه زاگرس كوثر,24,38739,280586577,7390,7243,7243,-147,-1.99,7389,-1,-0.01,7243,7243,1399-12-12
562,قاسم,قاسم ايران,24,42853,577187057,13743,13469,13469,-274,-1.99,13740,-3,-0.02,13469,13469,1399-12-12
563,لكما,كارخانجات‌مخابراتي‌ايران‌,24,42073,265312338,6434,6306,6306,-128,-1.99,6432,-2,-0.03,6306,6306,1399-12-12
564,زعف0008پ16,زعفران0008نگين بيرجند(پ),24,17135,2067178609,119783,120000,120000,217,0.18,120641,858,0.72,120000,121200,1399-12-12
565,بخاور,بيمه زندگي خاورميانه,24,74203,524392601,7211,7067,7067,-144,-2.0,7209,-2,-0.03,7067,7067,1399-12-12
566,زعف0008پ09,زعفران0008نگين نوين(پ),23,23110,2814085568,118378,121729,121000,2622,2.21,121769,3391,2.86,121000,122800,1399-12-12
567,خلنت,لنت‌ ترمزايران‌,23,24922,2298306840,94100,92220,92220,-1880,-2.0,94010,-90,-0.1,92220,92220,1399-12-12
568,فاما,صنعتي‌ آما,23,27720,567982800,20900,20490,20490,-410,-1.96,20900,0,0.0,20490,20490,1399-12-12
569,ضجار2000,اختيارخ وتجارت-1800-1400/02/22,23,462,437791000,988,1200,890,-98,-9.92,948,-40,-4.05,870,1200,1399-12-12
570,غنوش,نوش‌ مازندران‌,23,9693,579059820,60950,59740,59740,-1210,-1.99,60940,-10,-0.02,59740,59740,1399-12-12
571,ثاباد,توريستي ورفاهي آبادگران ايران,23,18374,995687060,55290,54190,54190,-1100,-1.99,55270,-20,-0.04,54190,54190,1399-12-12
572,خموتور,موتورسازان‌تراكتورسازي‌ايران‌,23,109093,1625485700,15200,14900,14900,-300,-1.97,15190,-10,-0.07,14900,14900,1399-12-12
573,قپيرا,فرآورده‌هاي‌غدايي‌وقندپيرانشهر,23,32562,3377981880,105850,103740,103740,-2110,-1.99,105700,-150,-0.14,103740,103740,1399-12-12
574,قنيشا,قند  نيشابور,23,49137,2989003710,62070,60830,60830,-1240,-2.0,61990,-80,-0.13,60830,60830,1399-12-12
575,خكار,ايركا پارت صنعت,22,66949,1448106870,22070,21630,21630,-440,-1.99,22060,-10,-0.05,21630,21630,1399-12-12
576,اخزا806,اسنادخزانه-م6بودجه98-000519,22,12480,11440236396,916096,917500,916618,522,0.06,916686,590,0.06,916618,917500,1399-12-12
577,تاپكيش,تجارت الكترونيك پارسيان كيش,22,15121,314017807,21190,20767,20767,-423,-2.0,21187,-3,-0.01,20767,20767,1399-12-12
578,ختور,رادياتور ايران‌,22,17685,413829000,23870,23400,23400,-470,-1.97,23870,0,0.0,23400,23400,1399-12-12
579,غمارگ,مارگارين‌,22,47257,1516004560,32730,32080,32080,-650,-1.99,32710,-20,-0.06,32080,32080,1399-12-12
580,قمرو,قند مرودشت‌,22,41317,1501459780,37080,36340,36340,-740,-2.0,37060,-20,-0.05,36340,36340,1399-12-12
581,زعف0008پ05,زعفران0008نگين زرين(پ),22,21043,2543411800,118788,120999,120000,1212,1.02,120867,2079,1.75,120000,121500,1399-12-12
582,فمراد,آلومراد,22,7469,1079643950,147500,144550,144550,-2950,-2.0,147430,-70,-0.05,144550,144550,1399-12-12
583,نيرو,نيرو سرمايه,21,30826,1716699940,56826,55690,55690,-1136,-2.0,56726,-100,-0.18,55690,55690,1399-12-12
584,خاذين,سايپاآذين‌,20,245889,1158137190,4800,4710,4710,-90,-1.88,4800,0,0.0,4710,4710,1399-12-12
585,شدوص,دوده‌ صنعتي‌ پارس‌,20,311051,9309756430,30540,29930,29930,-610,-2.0,30420,-120,-0.39,29930,29930,1399-12-12
586,وگستر,گسترش سرمايه گذاري ايرانيان,20,52471,1001986216,19485,19096,19096,-389,-2.0,19477,-8,-0.04,19096,19096,1399-12-12
587,پدرخش,درخشان‌ تهران‌,20,5459,692747100,129480,126900,126900,-2580,-1.99,129440,-40,-0.03,126900,126900,1399-12-12
588,خكمك,كمك‌فنرايندامين‌,20,113946,3212137740,28760,28190,28190,-570,-1.98,28720,-40,-0.14,28190,28190,1399-12-12
589,غشهد,شهد ايران ‌,20,31832,242878160,7780,7630,7630,-150,-1.93,7780,0,0.0,7630,7630,1399-12-12
590,وگردش,بانك گردشگري,20,212155,3695315790,17773,17418,17418,-355,-2.0,17760,-13,-0.07,17418,17418,1399-12-12
591,رتكو,كنترل‌خوردگي‌تكين‌كو,20,604200,11497926000,19410,19030,19030,-380,-1.96,19320,-90,-0.46,19030,19030,1399-12-12
592,اخزا904,اسنادخزانه-م4بودجه99-011215,19,82786,55338213869,667095,672607,670004,2909,0.44,668449,1354,0.2,667301,672607,1399-12-12
593,شاملا,معدني‌ املاح‌  ايران‌,19,42747,2210019900,52750,51700,51700,-1050,-1.99,52700,-50,-0.09,51700,51700,1399-12-12
594,ضخوز2012,اختيارخ فخوز-10000-1400/02/15,19,300,1204700000,3481,4000,4000,519,14.91,4016,535,15.37,3700,4100,1399-12-12
595,زعف0008پ12,زعفران0008پوشالمعمول سحرخيز(پ),19,1918,152824721,82471,79000,79600,-2871,-3.48,79679,-2792,-3.39,78500,80100,1399-12-12
596,كشرق,صنعتي و معدني شمال شرق شاهرود,19,47670,4477071060,95834,93918,93918,-1916,-2.0,95658,-176,-0.18,93918,93918,1399-12-12
597,قشرين,قند شيرين خراسان,19,14732,230585264,15971,15652,15652,-319,-2.0,15967,-4,-0.03,15652,15652,1399-12-12
598,اخزا907,اسنادخزانه-م7بودجه99-020704,19,45473,27375885443,597339,599000,599999,2660,0.45,602025,4686,0.78,595000,604000,1399-12-12
599,كي بي سي,شركت كي بي سي,19,68832,1897629408,28131,27569,27569,-562,-2.0,28109,-22,-0.08,27569,27569,1399-12-12
600,فافزا,فولاد افزا سپاهان,19,52730,2651791700,51316,50290,50290,-1026,-2.0,51174,-142,-0.28,50290,50290,1399-12-12
601,اخزا811,اسنادخزانه-م11بودجه98-001013,19,37508,31962322358,851999,852939,852938,939,0.11,852147,148,0.02,848000,852939,1399-12-12
602,زقيام,كشت و دام قيام اصفهان,18,27157,814411273,30601,29989,29989,-612,-2.0,30591,-10,-0.03,29989,29989,1399-12-12
603,دلقما,دارويي‌ لقمان‌,18,15561,380622060,24950,24460,24460,-490,-1.96,24950,0,0.0,24460,24460,1399-12-12
604,زمگسا,كشاورزي‌ ودامپروي‌ مگسال‌,18,22430,721348800,32810,32160,32160,-650,-1.98,32800,-10,-0.03,32160,32160,1399-12-12
605,كدما,معدني‌ دماوند,17,1612,379497040,240220,235420,235420,-4800,-2.0,240180,-40,-0.02,235420,235420,1399-12-12
606,خمحور,توليدمحورخودرو,17,7804,467303520,61100,59880,59880,-1220,-2.0,61090,-10,-0.02,59880,59880,1399-12-12
607,اخزا812,اسنادخزانه-م12بودجه98-001111,17,36879,31060340800,842335,842780,840000,-2335,-0.28,842223,-112,-0.01,837000,842780,1399-12-12
608,كطبس,ذغال‌سنگ‌ نگين‌ ط‌بس‌,17,5347,436154790,83230,81570,81570,-1660,-1.99,83220,-10,-0.01,81570,81570,1399-12-12
609,اخزا820,اسنادخزانه-م20بودجه98-020806,17,7278,4298968274,594303,590000,591013,-3290,-0.55,590680,-3623,-0.61,590000,599900,1399-12-12
610,تايرا,تراكتورسازي‌ايران‌,17,45922,1189839020,26430,25910,25910,-520,-1.97,26420,-10,-0.04,25910,25910,1399-12-12
611,ولغدر,ليزينگ‌خودروغدير,17,21607,477514700,22550,22100,22100,-450,-2.0,22550,0,0.0,22100,22100,1399-12-12
612,دجابر,داروسازي‌ جابرابن‌حيان‌,17,372998,7530829620,20600,20190,20190,-410,-1.99,20540,-60,-0.29,20190,20190,1399-12-12
613,كلوند,كاشي‌ الوند,17,5740,271042800,48180,47220,47220,-960,-1.99,48170,-10,-0.02,47220,47220,1399-12-12
614,وسرمد,بيمه  سرمد,17,1013512,6732760216,6778,6643,6643,-135,-1.99,6730,-48,-0.71,6643,6643,1399-12-12
615,فپنتا,سپنتا,17,2915,1182761250,414030,405750,405750,-8280,-2.0,413830,-200,-0.05,405750,405750,1399-12-12
616,غشصفا,شيرپاستوريزه‌پگاه‌اصفهان‌,17,83601,2338319970,28540,27970,27970,-570,-2.0,28510,-30,-0.11,27970,27970,1399-12-12
617,كمرجان,بازرگاني و توليدي مرجان كار,17,6703,968663936,147461,144512,144512,-2949,-2.0,147402,-59,-0.04,144512,144512,1399-12-12
618,دابور,داروسازي‌ ابوريحان‌,16,5287,209682420,40460,39660,39660,-800,-1.98,40460,0,0.0,39660,39660,1399-12-12
619,ومشان,س. فني و مهندسي مشانير,16,17167,1262409679,75037,73537,73537,-1500,-2.0,74935,-102,-0.14,73537,73537,1399-12-12
620,بمپنا,توليد برق عسلويه  مپنا,16,7758,607955670,79964,78365,78365,-1599,-2.0,79944,-20,-0.03,78365,78365,1399-12-12
621,زنجان,صنايع كشاورزي وكود زنجان,16,23693,220581830,9499,9310,9310,-189,-1.99,9497,-2,-0.02,9310,9310,1399-12-12
622,وآتوس,س.آرين توسكا قيمت اسمي 350ريال,16,10033,449207509,46638,44773,44773,-1865,-4.0,46594,-44,-0.09,44773,44773,1399-12-12
623,مفاخر,توسعه فناوري اطلاعات خوارزمي,16,262248,17470175016,67976,66617,66617,-1359,-2.0,67481,-495,-0.73,66617,66617,1399-12-12
624,خپويش,سازه‌ پويش‌,15,7690,466014000,61830,60600,60600,-1230,-1.99,61820,-10,-0.02,60600,60600,1399-12-12
625,غدام,خوراك‌  دام‌ پارس‌,15,5820,2299656600,403190,395130,395130,-8060,-2.0,402810,-380,-0.09,395130,395130,1399-12-12
626,ضجار2001,اختيارخ وتجارت-2000-1400/02/22,15,440,307689000,778,770,710,-68,-8.74,699,-79,-10.15,680,770,1399-12-12
627,سجام,مجتمع سيمان غرب آسيا,15,20271,103057764,5187,5084,5084,-103,-1.99,5186,-1,-0.02,5084,5084,1399-12-12
628,اخزا814,اسنادخزانه-م14بودجه98-010318,15,13099,10202498626,779214,770000,779214,0,0.0,778876,-338,-0.04,770000,779214,1399-12-12
629,بشهاب,لامپ‌  پارس‌ شهاب‌,15,4443,654631620,150340,147340,147340,-3000,-2.0,150300,-40,-0.03,147340,147340,1399-12-12
630,ددام,داروسازي زاگرس فارمد پارس,15,23683,538314590,23190,22730,22730,-460,-1.98,23180,-10,-0.04,22730,22730,1399-12-12
631,تكنار,مجتمع معادن مس تكنار,15,1601,223573246,142495,139646,139646,-2849,-2.0,142461,-34,-0.02,139646,139646,1399-12-12
632,ضفلا3003,اختيارخ فولاد-10000-1400/03/19,14,552,1565950000,2695,2800,2850,155,5.75,2837,142,5.27,2800,2850,1399-12-12
633,ثقزوي,شركت عمران و سازندگي قزوين,14,4384,137170976,31927,31289,31289,-638,-2.0,31923,-4,-0.01,31289,31289,1399-12-12
634,ومعلم,بيمه معلم,14,134472,633094176,4804,4708,4708,-96,-2.0,4803,-1,-0.02,4708,4708,1399-12-12
635,اخزا720,اسنادخزانه-م20بودجه97-000324,14,12001,11376448100,945000,945000,947000,2000,0.21,947958,2958,0.31,945000,948010,1399-12-12
636,ثنوسا,نوسازي‌وساختمان‌تهران‌,13,19631,256577170,13330,13070,13070,-260,-1.95,13330,0,0.0,13070,13070,1399-12-12
637,دكوثر,داروسازي‌ كوثر,13,45938,945404040,20990,20580,20580,-410,-1.95,20980,-10,-0.05,20580,20580,1399-12-12
638,شستا992,اجاره تامين اجتماعي-سپهر991226,13,141061,141061000000,1000000,1000000,1000000,0,0.0,1000000,0,0.0,1000000,1000000,1399-12-12
639,حپارسا,توسعه حمل و نقل ريلي پارسيان,13,5521,191484843,35390,34683,34683,-707,-2.0,35387,-3,-0.01,34683,34683,1399-12-12
640,سكارون,سيمان كارون,13,19525,3430386300,179277,175692,175692,-3585,-2.0,178648,-629,-0.35,175692,175692,1399-12-12
641,سخند,صندوق س.سپهرخبرگان نفت-د,13,38490,390032820,10129,10133,10133,4,0.04,10133,4,0.04,10133,10140,1399-12-12
642,ضمخا7066,اختيارخ اخابر-12000-1400/07/28,13,126,239259000,1601,1995,1670,69,4.31,1899,298,18.61,1605,1999,1399-12-12
643,ضملت3000,اختيارخ وبملت-3000-1400/03/19,12,176,176030000,931,1080,944,13,1.4,1000,69,7.41,944,1080,1399-12-12
644,اخزا813,اسنادخزانه-م13بودجه98-010219,12,2922,2311843572,791192,789220,791215,23,0.0,791185,-7,0.0,789220,792000,1399-12-12
645,ثپرديس,سرمايه گذاري مسكن پرديس,12,21315,214684680,10277,10072,10072,-205,-1.99,10276,-1,-0.01,10072,10072,1399-12-12
646,افرا,افرانت,12,6657,231956508,35555,34844,34844,-711,-2.0,35552,-3,-0.01,34844,34844,1399-12-12
647,داريك,صندوق س.اعتماد داريك-د,12,14520,149594596,10300,10300,10316,16,0.16,10303,3,0.03,10300,10320,1399-12-12
648,سجامح,ح.مجتمع سيمان غرب آسيا,12,53442,126443772,2414,2366,2366,-48,-1.99,2366,-48,-1.99,2366,2366,1399-12-12
649,غدشت,دشت‌ مرغاب‌,12,2195,626826150,291390,285570,285570,-5820,-2.0,291320,-70,-0.02,285570,285570,1399-12-12
650,نگين,ص.س. زمين و ساختمان نگين شهرري,12,1251,60849600,48180,49000,48260,80,0.17,48640,460,0.95,48200,49000,1399-12-12
651,فجام,جام‌دارو,12,13541,138118200,10400,10200,10200,-200,-1.92,10400,0,0.0,10200,10200,1399-12-12
652,وسكرد,شركت س استان كردستان,12,157533,114999090,740,730,730,-10,-1.35,740,0,0.0,730,730,1399-12-12
653,دسبحا,گروه دارويي سبحان,11,17395,321807500,18870,18500,18500,-370,-1.96,18870,0,0.0,18500,18500,1399-12-12
654,ضملي3002,اختيارخ فملي-10000-1400/03/02,11,49,177937000,3621,3620,3450,-171,-4.72,3631,10,0.28,3400,4000,1399-12-12
655,پست0008پ04,پسته فندقي32-30سبزدانه0008(پ),11,665,895005100,1337531,1311000,1340001,2470,0.18,1345872,8341,0.62,1311000,1360000,1399-12-12
656,اراد33,مرابحه عام دولت3-ش.خ 0303,11,75000,63728550000,884154,847850,889500,5346,0.6,849714,-34440,-3.9,847850,889500,1399-12-12
657,وامين4,س. امين توان آفرين ساز,11,9929005292,9929005292000,1000,1000,1000,0,0.0,1000,0,0.0,1000,1000,1399-12-12
658,حتوكا,حمل‌ونقل‌توكا,11,5731,173935850,30960,30350,30350,-610,-1.97,30960,0,0.0,30350,30350,1399-12-12
659,ثعمرا,عمران و توسعه شاهد,11,42667,549892296,13151,12888,12888,-263,-2.0,13148,-3,-0.02,12888,12888,1399-12-12
660,حسير,ريل سير كوثر,11,5157,88303311,17472,17123,17123,-349,-2.0,17471,-1,-0.01,17123,17123,1399-12-12
661,معيار,سرمايه گذاري معيار صنعت پارس,11,10676,509629536,48710,47736,47736,-974,-2.0,48685,-25,-0.05,47736,47736,1399-12-12
662,سخواف,سيمان مجد خواف,11,139031,2359217039,17315,16969,16969,-346,-2.0,17273,-42,-0.24,16969,16969,1399-12-12
663,اوان,مبين وان كيش,11,5432,293442072,55123,54021,54021,-1102,-2.0,55116,-7,-0.01,54021,54021,1399-12-12
664,اخزا818,اسنادخزانه-م18بودجه98-010614,11,29208,21668309350,738424,739805,742030,3606,0.49,741862,3438,0.47,739805,742030,1399-12-12
665,سدبير,س. تدبيرگران فارس وخوزستان,11,1460,131890560,92179,90336,90336,-1843,-2.0,92174,-5,-0.01,90336,90336,1399-12-12
666,غشاذر,پگاه‌آذربايجان‌غربي‌,11,64021,627405800,10000,9800,9800,-200,-2.0,10000,0,0.0,9800,9800,1399-12-12
667,آكورد2,صندوق س. آرمان آتي كوثر-د,10,1000000,1000000,30957,1,1,-30956,-100.0,1,-30956,-100.0,1,1,1399-12-12
668,اخزا810,اسنادخزانه-م10بودجه98-001006,10,30897,26419989407,854598,855326,847502,-7096,-0.83,855099,501,0.06,847502,855326,1399-12-12
669,فن آوا,گروه فن آوا,10,156468,2812825236,18726,17977,17977,-749,-4.0,18615,-111,-0.59,17977,17977,1399-12-12
670,ولبهمن,شركت بهمن ليزينگ,10,140774,1201365316,8708,8534,8534,-174,-2.0,8704,-4,-0.05,8534,8534,1399-12-12
671,فخاس,فولاد خراسان,10,11581,348703910,30720,30110,30110,-610,-1.99,30720,0,0.0,30110,30110,1399-12-12
672,تملي806,تسهيلات مسكن ب. ملي-شهريور98,10,89,55716047,596213,626023,626023,29810,5.0,626023,29810,5.0,626023,626023,1399-12-12
673,غشان,شيرپاستوريزه‌پگاه‌خراسان‌,10,27078,211208400,7950,7800,7800,-150,-1.89,7950,0,0.0,7800,7800,1399-12-12
674,واتي,سرمايه‌ گذاري‌ آتيه‌ دماوند,10,23790,285242100,12230,11990,11990,-240,-1.96,12230,0,0.0,11990,11990,1399-12-12
675,سفاسي,شركت فارسيت اهواز,10,61571,877633034,14544,14254,14254,-290,-1.99,14531,-13,-0.09,14254,14254,1399-12-12
676,اخزا816,اسنادخزانه-م16بودجه98-010503,10,10717,8125978069,755297,760000,758000,2703,0.36,758233,2936,0.39,757001,760000,1399-12-12
677,اخزا721,اسنادخزانه-م21بودجه97-000728,10,13736,12144544452,883615,884137,884137,522,0.06,884140,525,0.06,884137,887999,1399-12-12
678,ضغدر3003,اختيارخ وغدير-9200-1400/03/26,10,330,716000000,2277,2300,2100,-177,-7.77,2170,-107,-4.7,2100,2300,1399-12-12
679,ضغدر3002,اختيارخ وغدير-8200-1400/03/26,10,320,960020000,3033,3001,3000,-33,-1.09,3000,-33,-1.09,3000,3001,1399-12-12
680,اخزا723,اسنادخزانه-م23بودجه97-000824,10,30060,26261287800,873640,873629,873629,-11,0.0,873629,-11,0.0,873629,873630,1399-12-12
681,زعف0008پ10,زعفران0008نگين طلاي سرخ(پ),9,2070,251591600,122392,122990,123188,796,0.65,121542,-850,-0.69,120006,123188,1399-12-12
682,حخزر,كشتيراني درياي خزر,9,7252,209017144,29410,28822,28822,-588,-2.0,29407,-3,-0.01,28822,28822,1399-12-12
683,چافست,افست‌,9,13998,228307380,16640,16310,16310,-330,-1.98,16640,0,0.0,16310,16310,1399-12-12
684,قهكمت,قندهكمتان‌,9,8451,385112070,46490,45570,45570,-920,-1.98,46480,-10,-0.02,45570,45570,1399-12-12
685,لازما,كارخانه هاي صنعتي آزمايش,9,8213,281755178,35006,34306,34306,-700,-2.0,34996,-10,-0.03,34306,34306,1399-12-12
686,جهرم,پتروشيمي جهرم,9,59204,115270188,1986,1947,1947,-39,-1.96,1986,0,0.0,1947,1947,1399-12-12
687,واحصا,احياء صنايع خراسان,9,4114,295323490,73250,71785,71785,-1465,-2.0,73228,-22,-0.03,71785,71785,1399-12-12
688,قلرست,قند لرستان‌,9,20855,739101200,36160,35440,35440,-720,-1.99,36150,-10,-0.03,35440,35440,1399-12-12
689,وساشرقي,شركت س استان آذربايجان شرقي,9,92777,89065920,970,960,960,-10,-1.03,970,0,0.0,960,960,1399-12-12
690,ضخوز2013,اختيارخ فخوز-12000-1400/02/15,8,90,207900000,2000,2200,2400,400,20.0,2310,310,15.5,2190,2400,1399-12-12
691,وسفارس,شركت س استان فارس,8,175280,177032800,1030,1010,1010,-20,-1.94,1030,0,0.0,1010,1010,1399-12-12
692,ثغرب,شركت سرمايه گذاري مسكن شمالغرب,8,14653,115157927,8019,7859,7859,-160,-2.0,8019,0,0.0,7859,7859,1399-12-12
693,خبازرس,بازرسي مهندسي و صنعتي ايران,8,133880,4890234760,35464,36527,36527,1063,3.0,35703,239,0.67,36527,36527,1399-12-12
694,وحافظ,بيمه حافظ,8,2424,162633432,68462,67093,67093,-1369,-2.0,68439,-23,-0.03,67093,67093,1399-12-12
695,وشمال,س. چشم انداز توسعه شمال,8,1510,131561770,88905,87127,87127,-1778,-2.0,88893,-12,-0.01,87127,87127,1399-12-12
696,كاسپين,داروسازي كاسپين تامين,8,3223,79498518,25169,24666,24666,-503,-2.0,25168,-1,0.0,24666,24666,1399-12-12
697,ضملي3005,اختيارخ فملي-16000-1400/03/02,8,20,11993000,586,600,599,13,2.22,600,14,2.39,599,600,1399-12-12
698,زعف0008پ19,زعفران0008نگين تروند قاينات(پ),8,6560,779479600,118900,118500,121500,2600,2.19,118823,-77,-0.06,118500,121500,1399-12-12
699,آرمان,بيمه آرمان,8,41092,349734012,8684,8511,8511,-173,-1.99,8681,-3,-0.03,8511,8511,1399-12-12
700,ضخود2011,اختيارخ خودرو-5000-1400/02/08,8,400,9292000,27,23,23,-4,-14.81,23,-4,-14.81,23,24,1399-12-12
701,سمايه,بانك سرمايه,7,17664,124513536,7192,7049,7049,-143,-1.99,7191,-1,-0.01,7049,7049,1399-12-12
702,ضشنا2000,اختيارخ شپنا-9000-1400/02/27,7,161,537833000,3484,3450,3300,-184,-5.28,3341,-143,-4.1,3300,3450,1399-12-12
703,ثجوان,تامين مسكن جوانان,7,71040,801118080,11507,11277,11277,-230,-2.0,11498,-9,-0.08,11277,11277,1399-12-12
704,اخزا807,اسنادخزانه-م7بودجه98-000719,7,30284,26923032316,892522,889016,894997,2475,0.28,889018,-3504,-0.39,889016,894997,1399-12-12
705,لپيام,گسترش صنايع پيام,7,17410,950429310,55705,54591,54591,-1114,-2.0,55651,-54,-0.1,54591,54591,1399-12-12
706,اخزا716,اسنادخزانه-م16بودجه97-000407,7,4014,3772494750,930525,940000,937700,7175,0.77,939834,9309,1.0,937700,940000,1399-12-12
707,ولصنم,ليزينگ‌صنعت‌ومعدن‌,7,7082,77547900,11170,10950,10950,-220,-1.97,11170,0,0.0,10950,10950,1399-12-12
708,پارتا,مجتمع‌صنعتي‌آرتاويل‌تاير,7,7273,413506415,58015,56855,56855,-1160,-2.0,57997,-18,-0.03,56855,56855,1399-12-12
709,غگلستا,شير پاستوريزه پگاه گلستان,7,5223,149424807,29192,28609,28609,-583,-2.0,29190,-2,-0.01,28609,28609,1399-12-12
710,ثعتما,س. ساختماني اعتماد گستر,7,2268,152670420,68688,67315,67315,-1373,-2.0,68677,-11,-0.02,67315,67315,1399-12-12
711,پاسا,ايران‌ياساتايرورابر,6,4105,108330950,26920,26390,26390,-530,-1.97,26920,0,0.0,26390,26390,1399-12-12
712,كقزوي,شيشه‌ قزوين‌,6,8769,88558131,10305,10099,10099,-206,-2.0,10304,-1,-0.01,10099,10099,1399-12-12
713,سايرا,ايرانيت‌,6,4545,207433800,46571,45640,45640,-931,-2.0,46551,-20,-0.04,45640,45640,1399-12-12
714,بكاب,صنايع‌جوشكاب‌يزد,6,330,117410700,363050,355790,355790,-7260,-2.0,363030,-20,-0.01,355790,355790,1399-12-12
715,شزنگ,تجهيزنيروي‌زنگان‌,6,329,76134877,236135,231413,231413,-4722,-2.0,236117,-18,-0.01,231413,231413,1399-12-12
716,كاذر,فرآورده‌هاي‌نسوزآذر,6,1241,41213610,33880,33210,33210,-670,-1.98,33880,0,0.0,33210,33210,1399-12-12
717,كيسون,شركت كيسون,6,3455,49893655,14735,14441,14441,-294,-2.0,14734,-1,-0.01,14441,14441,1399-12-12
718,وسگيلا,شركت س استان گيلان,6,58350,44929500,780,770,770,-10,-1.28,780,0,0.0,770,770,1399-12-12
719,تملي708,تسهيلات مسكن ب. ملي-آبان97,6,181,115455375,607500,637875,637875,30375,5.0,637875,30375,5.0,637875,637875,1399-12-12
720,اخزا718,اسنادخزانه-م18بودجه97-000525,6,28191,25790516375,913817,913671,913671,-146,-0.02,914849,1032,0.11,913666,915000,1399-12-12
721,وسمركز,شركت س استان مركزي,6,47100,64998000,1400,1380,1380,-20,-1.43,1400,0,0.0,1380,1380,1399-12-12
722,حكشتيح,ح . كشتيراني ج. ا. ا,6,9865,185757950,19100,18830,18830,-270,-1.41,18830,-270,-1.41,18830,18830,1399-12-12
723,تملي612,تسهيلات مسكن بانك ملي-اسفند96,6,54,44934093,794591,794591,834320,39729,5.0,832113,37522,4.72,794591,834320,1399-12-12
724,خوساز,محورسازان‌ايران‌خودرو,6,6465,51073500,8060,7900,7900,-160,-1.99,8060,0,0.0,7900,7900,1399-12-12
725,اخزا804,اسنادخزانه-م4بودجه98-000421,6,17331,16168098036,930241,936500,930613,372,0.04,932900,2659,0.29,930583,936500,1399-12-12
726,ضسپا3005,اختيارخ خساپا-3000-1400/03/26,6,45,8415000,275,102,190,-85,-30.91,187,-88,-32.0,102,250,1399-12-12
727,ضغدر3004,اختيارخ وغدير-11200-1400/03/26,6,43,71900000,1143,1500,1200,57,4.99,1672,529,46.28,1200,2500,1399-12-12
728,وسبوشهر,شركت س استان بوشهر,5,24400,30256000,1260,1240,1240,-20,-1.59,1260,0,0.0,1240,1240,1399-12-12
729,داراب,پتروشيمي داراب,5,17019,40113783,2455,2357,2357,-98,-3.99,2455,0,0.0,2357,2357,1399-12-12
730,تملي804,تسهيلات مسكن ب. ملي-تير98,5,28,25192048,856873,899716,899716,42843,5.0,899716,42843,5.0,899716,899716,1399-12-12
731,اعتماد2,صندوق س.اعتماد آفرين پارسيان-د,5,43000000,43000000,35113,1,1,-35112,-100.0,1,-35112,-100.0,1,1,1399-12-12
732,زكشت,كشاورزي مكانيزه اصفهان كشت,5,9384,373370592,40600,39788,39788,-812,-2.0,40594,-6,-0.01,39788,39788,1399-12-12
733,غمهرا,توليدي‌مهرام‌,5,1033,125168610,123640,121170,121170,-2470,-2.0,123630,-10,-0.01,121170,121170,1399-12-12
734,حپترو,حمل و نقل پتروشيمي( سهامي عام,5,24320,1299174400,54510,53420,53420,-1090,-2.0,54480,-30,-0.06,53420,53420,1399-12-12
735,شاملاح,ح . معدني‌ املاح‌  ايران‌,5,4720,219480000,46500,46500,46500,0,0.0,46500,0,0.0,46500,46500,1399-12-12
736,آينده,بازرگاني آينده سازان بهشت پارس,5,29824,589322240,20163,19760,19760,-403,-2.0,20151,-12,-0.06,19760,19760,1399-12-12
737,نتوس,پشم‌ بافي‌ توس,5,1941,42024591,22092,21651,21651,-441,-2.0,22091,-1,0.0,21651,21651,1399-12-12
738,پرداخت,به پرداخت ملت,5,2636,93973400,36370,35650,35650,-720,-1.98,36370,0,0.0,35650,35650,1399-12-12
739,ضملت3002,اختيارخ وبملت-4000-1400/03/19,5,228,83352000,342,344,331,-11,-3.22,366,24,7.02,331,400,1399-12-12
740,خفناور,مهندسي صنعتي روان فن آور,5,1955,101880915,53176,52113,52113,-1063,-2.0,53170,-6,-0.01,52113,52113,1399-12-12
741,دفارا,داروسازي‌ فارابي‌,5,72490,4841607100,68150,66790,66790,-1360,-2.0,68010,-140,-0.21,66790,66790,1399-12-12
742,تملي705,تسهيلات مسكن ب. ملي-مرداد97,5,48,26684672,537998,511099,564897,26899,5.0,555931,17933,3.33,511099,564897,1399-12-12
743,شتولي,تولي‌پرس‌,5,2843,101401281,36394,35667,35667,-727,-2.0,36386,-8,-0.02,35667,35667,1399-12-12
744,تشتاد,صنايع توليدي اشتاد ايران‌,5,8747,135141150,15765,15450,15450,-315,-2.0,15763,-2,-0.01,15450,15450,1399-12-12
745,ضفلا3000,اختيارخ فولاد-7000-1400/03/19,5,25,140475000,6000,5980,5600,-400,-6.67,5619,-381,-6.35,5500,5980,1399-12-12
746,ضپاس2002,اختيارخ وپارس-3000-1400/02/29,5,203,99712000,564,545,491,-73,-12.94,491,-73,-12.94,491,530,1399-12-12
747,وسيزد,شركت س استان يزد,5,25979,32733540,1280,1260,1260,-20,-1.56,1280,0,0.0,1260,1260,1399-12-12
748,شستا991,اجاره تامين اجتماعي-امين991226,4,24,23958000,999998,997000,997000,-2998,-0.3,998250,-1748,-0.17,997000,1000000,1399-12-12
749,سلار,شركت سيمان لارستان,4,387,22846158,60238,59034,59034,-1204,-2.0,60237,-1,0.0,59034,59034,1399-12-12
750,گپارس,امور رفاهي كارگزاران پارس,4,115,23592135,209335,205149,205149,-4186,-2.0,209330,-5,0.0,205149,205149,1399-12-12
751,تملي801,تسهيلات مسكن ب. ملي-فروردين98,4,65,38994405,616512,585687,647337,30825,5.0,599914,-16598,-2.69,585687,647337,1399-12-12
752,صگل309,صكوك اجاره گل گهر309-3ماهه20%,4,3149,3313231300,1053763,1019700,1053770,7,0.0,1052153,-1610,-0.15,1019700,1053770,1399-12-12
753,تملي701,تسهيلات مسكن ب. ملي-فروردين97,4,73,44534140,603863,573700,634056,30193,5.0,610057,6194,1.03,573700,634056,1399-12-12
754,ضغدر3000,اختيارخ وغدير-6200-1400/03/26,4,16,57601000,4060,3120,4400,340,8.37,3600,-460,-11.33,3120,4401,1399-12-12
755,حاريا,كشتيراني آريا,4,1244,35429120,29061,28480,28480,-581,-2.0,29060,-1,0.0,28480,28480,1399-12-12
756,اخزا713,اسنادخزانه-م13بودجه97-000518,4,1223,1120420230,916090,916010,923010,6920,0.76,916124,34,0.0,916010,923010,1399-12-12
757,ضخود2012,اختيارخ خودرو-6000-1400/02/08,4,161,2910000,20,19,18,-2,-10.0,18,-2,-10.0,18,20,1399-12-12
758,صخود412,ص مرابحه خودرو412- 3ماهه 18%,4,40000,40000000000,1000000,1000000,1000000,0,0.0,1000000,0,0.0,1000000,1000000,1399-12-12
759,غشوكو,شوكو پارس,4,10128,398162064,40115,39313,39313,-802,-2.0,40099,-16,-0.04,39313,39313,1399-12-12
760,قزوين,كارخانجات‌ قند قزوين‌,4,1166,45905420,40170,39370,39370,-800,-1.99,40170,0,0.0,39370,39370,1399-12-12
761,كاسپينح,ح .داروسازي كاسپين تامين,4,5685,127330490,22800,23200,22344,-456,-2.0,22398,-402,-1.76,22344,23200,1399-12-12
762,وپسا,س. پتروشيمي ساختمان  خليج فارس,4,9178,27433042,3050,2989,2989,-61,-2.0,3050,0,0.0,2989,2989,1399-12-12
763,ضفلا3006,اختيارخ فولاد-16000-1400/03/19,4,23,4589000,111,111,299,188,169.37,200,89,80.18,111,299,1399-12-12
764,اخزا722,اسنادخزانه-م22بودجه97-000428,4,34192,31714220228,928289,928001,927007,-1282,-0.14,927533,-756,-0.08,927002,928001,1399-12-12
765,تملي706,تسهيلات مسكن ب. ملي-شهريور97,4,41,23065142,535777,562564,562565,26788,5.0,562564,26787,5.0,562564,562565,1399-12-12
766,اراد774,مرابحه عام دولت77-ش.خ000812,4,15188585,14839399430850,1000000,977010,977010,-22990,-2.3,977010,-22990,-2.3,977010,977010,1399-12-12
767,قجام,فرآوردههاي غذايي وقندتربت‌جام‌,4,1166,19068764,16687,16354,16354,-333,-2.0,16686,-1,-0.01,16354,16354,1399-12-12
768,فلامي,لاميران‌,4,1937,85867210,45230,44330,44330,-900,-1.99,45230,0,0.0,44330,44330,1399-12-12
769,صشستا311,صكوك اجاره شستا311-بدون ضامن,4,10015,10014805560,995556,990000,1000000,4444,0.45,999981,4425,0.44,990000,1000000,1399-12-12
770,كشم0006پ02,كشمش تيزابي0006تاكستان(پ),4,2248,515017800,228400,229100,229100,700,0.31,229100,700,0.31,229100,229110,1399-12-12
771,زير0003پ01,زيره سبز0003كيميابذر(پ),3,93,46639358,481806,505895,465000,-16806,-3.49,501498,19692,4.09,465000,505896,1399-12-12
772,زعف0008پ18,زعفران0008نگين بهرامن(پ),3,900,109080000,119017,121200,121200,2183,1.83,121200,2183,1.83,121200,121200,1399-12-12
773,ياقوت2,صندوق س ياقوت آگاه-ثابت,3,5085000,5085000,11988,1,1,-11987,-99.99,1,-11987,-99.99,1,1,1399-12-12
774,ثنام,س ساختماني ب نام آوران مهندسي,3,11999,197059577,16758,16423,16423,-335,-2.0,16754,-4,-0.02,16423,16423,1399-12-12
775,وسصفا,شركت س استان اصفهان,3,14648,15380400,1070,1050,1050,-20,-1.87,1070,0,0.0,1050,1050,1399-12-12
776,ضپاس2003,اختيارخ وپارس-3500-1400/02/29,3,300,89600000,311,298,299,-12,-3.86,299,-12,-3.86,298,299,1399-12-12
777,وملت,سرمايه گذاري ملت,3,3500,15638000,4559,4468,4468,-91,-2.0,4559,0,0.0,4468,4468,1399-12-12
778,شستا002,اجاره تامين اجتماعي-تمدن000523,3,17194,17194000000,1000000,1000000,1000000,0,0.0,1000000,0,0.0,1000000,1000000,1399-12-12
779,اراد404,مرابحه عام دولت4-ش.خ 0207,3,5716000,5380740432000,999000,941089,972000,-27000,-2.7,941347,-57653,-5.77,940955,972000,1399-12-12
780,افاد53,منفعت دولت5-ش.خاص كاريزما0108,3,65000,57200000000,876750,880000,880000,3250,0.37,880000,3250,0.37,880000,880000,1399-12-12
781,تاپيكو2,س. نفت و گاز و پتروشيمي تأمين,3,19710547,220000003600,10990,11080,11200,210,1.91,11162,172,1.57,11080,11200,1399-12-12
782,تملي711,تسهيلات مسكن ب. ملي-بهمن97,3,13,7834828,586879,616222,557536,-29343,-5.0,602679,15800,2.69,557536,616222,1399-12-12
783,تابا,تابان نيرو سپاهان,3,379,21067852,56722,55588,55588,-1134,-2.0,56721,-1,0.0,55588,55588,1399-12-12
784,پلاست,كارخانجات توليدي پلاستيران,3,256,18223360,72637,71185,71185,-1452,-2.0,72636,-1,0.0,71185,71185,1399-12-12
785,وسقم,شركت س استان قم,3,14760,20516400,1410,1390,1390,-20,-1.42,1410,0,0.0,1390,1390,1399-12-12
786,تملي703,تسهيلات مسكن ب. ملي-خرداد97,3,34,17584290,492558,517185,517185,24627,5.0,517185,24627,5.0,517185,517185,1399-12-12
787,ضملي3001,اختيارخ فملي-9000-1400/03/02,3,14,63040000,4421,4510,4500,79,1.79,4503,82,1.85,4500,4510,1399-12-12
788,ضفار3000,اختيارخ فارس-8000-1400/03/05,3,27,44400000,1336,1700,1400,64,4.79,1644,308,23.05,1400,1700,1399-12-12
789,ضفلا3001,اختيارخ فولاد-8000-1400/03/19,2,14,68700000,4500,5500,4670,170,3.78,4907,407,9.04,4670,5500,1399-12-12
790,وسلرستا,شركت س استان لرستان,2,12316,10961240,900,890,890,-10,-1.11,900,0,0.0,890,890,1399-12-12
791,ارفعح,ح.شركت آهن و فولاد ارفع,2,2950,36922950,12296,12600,12051,-245,-1.99,12516,220,1.79,12051,12600,1399-12-12
792,لخانه,لوازم‌ خانگي‌ پارس‌,2,250,6978000,28481,27912,27912,-569,-2.0,28481,0,0.0,27912,27912,1399-12-12
793,ضجار2004,اختيارخ وتجارت-3500-1400/02/22,2,106,10546000,99,100,91,-8,-8.08,99,0,0.0,91,100,1399-12-12
794,افاد24,منفعت دولتي2-شرايط خاص14000626,2,10980000,11108004840000,985000,1011286,1012030,27030,2.74,1011658,26658,2.71,1011286,1012030,1399-12-12
795,تملي807,تسهيلات مسكن ب. ملي-مهر98,2,27,18438543,718851,682909,682909,-35942,-5.0,682909,-35942,-5.0,682909,682909,1399-12-12
796,اراد354,مرابحه عام دولت3-ش.خ 0103,2,17800000,17116987300000,1000000,961682,961575,-38425,-3.84,961628,-38372,-3.84,961575,961682,1399-12-12
797,اراد444,مرابحه عام دولت4-ش.خ 0007,2,4000000,3979194000000,1050000,994887,994710,-55290,-5.27,994798,-55202,-5.26,994710,994887,1399-12-12
798,وغدير2,سرمايه‌گذاري‌غدير(هلدينگ‌,2,18420000,199672800000,10950,10840,10840,-110,-1.0,10840,-110,-1.0,10840,10840,1399-12-12
799,طلا2,صندوق س.پشتوانه طلاي لوتوس,2,200000,200000,80375,1,1,-80374,-100.0,1,-80374,-100.0,1,1,1399-12-12
800,اطلس2,صندوق س.توسعه اندوخته آينده-س,2,20000,20000,194102,1,1,-194101,-100.0,1,-194101,-100.0,1,1,1399-12-12
801,افاد14,منفعت دولت-با شرايط خاص140006,2,10000000,10211680000000,1000000,1021276,1021060,21060,2.11,1021168,21168,2.12,1021060,1021276,1399-12-12
802,فولاد2,فولاد مباركه اصفهان,2,32722646,388399996340,11560,11920,11790,230,1.99,11869,309,2.67,11790,11920,1399-12-12
803,وزمين,بانك ايران زمين,2,1651,22739223,14054,13773,13773,-281,-2.0,14054,0,0.0,13773,13773,1399-12-12
804,زير0003پ04,زيره سبز0003شركت مينوبذر(پ),2,85,39100000,423686,460000,460000,36314,8.57,460000,36314,8.57,460000,460000,1399-12-12
805,ضپيك2012,اختيارخ تاپيكو-16000-00/02/19,2,21,11655000,1500,555,555,-945,-63.0,555,-945,-63.0,555,555,1399-12-12
806,شرق1400,مشاركت ليزينگ ايران وشرق140010,2,15,15150000,1010000,1010000,1010000,0,0.0,1010000,0,0.0,1010000,1010000,1399-12-12
807,خعمرا,توسعه و عمران شهرستان نائين,2,1216,28151616,22477,23151,23151,674,3.0,22478,1,0.0,23151,23151,1399-12-12
808,اراد374,مرابحه عام دولت3-ش.خ 0005,2,2000000,1999091000000,1000000,999646,999445,-555,-0.06,999545,-455,-0.05,999445,999646,1399-12-12
809,ضپنا2003,اختيارخ رمپنا-16000-1400/02/12,2,70,125977000,1963,1800,1777,-186,-9.48,1800,-163,-8.3,1777,1800,1399-12-12
810,وسمازن,س.سهام عدالت استان مازندران,2,20104,19299840,970,960,960,-10,-1.03,970,0,0.0,960,960,1399-12-12
811,تصميم2,صندوق س با درآمد ثابت تصميم,2,2000000,2000000,15759,1,1,-15758,-99.99,1,-15758,-99.99,1,1,1399-12-12
812,زعف0008پ15,زعفران0008پوشالمعمول طلاسرخ(پ),2,200,16000900,80924,80000,80009,-915,-1.13,80004,-920,-1.14,80000,80009,1399-12-12
813,فملي2,ملي‌ صنايع‌ مس‌ ايران‌,2,15750000,197190000000,12650,12520,12520,-130,-1.03,12520,-130,-1.03,12520,12520,1399-12-12
814,تملي809,تسهيلات مسكن ب. ملي-آذر98,2,32,10346656,307937,323333,323333,15396,5.0,323333,15396,5.0,323333,323333,1399-12-12
815,اراد334,مرابحه عام دولت3-ش.خ 0303,2,10000000,8722485000000,884154,872277,872220,-11934,-1.35,872248,-11906,-1.35,872220,872277,1399-12-12
816,ضسپا3001,اختيارخ خساپا-1600-1400/03/26,2,21,18688000,930,890,888,-42,-4.52,890,-40,-4.3,888,890,1399-12-12
817,اراد384,مرابحه عام دولت3-ش.خ 0105,2,4000000,3856856000000,1050000,964265,964163,-85837,-8.17,964214,-85786,-8.17,964163,964265,1399-12-12
818,رطب0002پ01,رطب مضافتي0002افشارتعاون بم(پ),2,34,6429400,194989,189100,189100,-5889,-3.02,189100,-5889,-3.02,189100,189100,1399-12-12
819,اراد524,مرابحه عام دولت5-ش.خ 0108,2,12666000,12088113750000,1000000,954450,954300,-45700,-4.57,954375,-45625,-4.56,954300,954450,1399-12-12
820,صبا1401,اجاره مهندسي صبا نفت14010225,2,19,18782450,988550,988550,988550,0,0.0,988550,0,0.0,988550,988550,1399-12-12
821,دحاوي,الحاوي,2,897,10772970,12255,12010,12010,-245,-2.0,12255,0,0.0,12010,12010,1399-12-12
822,تملي709,تسهيلات مسكن ب. ملي-آذر97,2,41,21629304,555309,527544,527544,-27765,-5.0,527544,-27765,-5.0,527544,527544,1399-12-12
823,وسخراش,شركت س استان خراسان شمالي,2,5000,6750000,1370,1350,1350,-20,-1.46,1370,0,0.0,1350,1350,1399-12-12
824,ضمخا7071,اختيارخ اخابر-24000-1400/07/28,2,23,4600000,200,200,200,0,0.0,200,0,0.0,200,200,1399-12-12
825,تفيرو,مهندسي فيروزا,1,484,9621436,19115,19879,19879,764,4.0,19116,1,0.01,19879,19879,1399-12-12
826,كصدف,كاشي صدف سرام استقلال آباده,1,211,5324163,25747,25233,25233,-514,-2.0,25747,0,0.0,25233,25233,1399-12-12
827,اخزا7182,اسنادخزانه-م18بودجه97-000525,1,197363,180784508000,913817,916000,916000,2183,0.24,916000,2183,0.24,916000,916000,1399-12-12
828,بگيلان2,توسعه مسير برق گيلان,1,42950000,842679000000,19658,19620,19620,-38,-0.19,19620,-38,-0.19,19620,19620,1399-12-12
829,بزاگرسح,ح . نيروگاه زاگرس كوثر,1,800,5184800,6303,6481,6481,178,2.82,6481,178,2.82,6481,6481,1399-12-12
830,اخزا7232,اسنادخزانه-م23بودجه97-000824,1,266959,233322166000,873640,874000,874000,360,0.04,874000,360,0.04,874000,874000,1399-12-12
831,ضترا3002,اختيارخ شتران-8000-1400/03/09,1,10,12000000,1212,1200,1200,-12,-0.99,1200,-12,-0.99,1200,1200,1399-12-12
832,آرمانح,ح.بيمه آرمان,1,1000,7078000,7222,7078,7078,-144,-1.99,7078,-144,-1.99,7078,7078,1399-12-12
833,عفولاد3,اوراق سلف موازي ورق گرم فولاد,1,6,5058102,842656,843017,843017,361,0.04,843017,361,0.04,843017,843017,1399-12-12
834,وتجارت2,بانك تجارت,1,49000000,124950000000,2600,2550,2550,-50,-1.92,2550,-50,-1.92,2550,2550,1399-12-12
835,وسينا2,بانك سينا,1,250000000,832500000000,3330,3330,3330,0,0.0,3330,0,0.0,3330,3330,1399-12-12
836,اراد644,مرابحه عام دولتي64-ش.خ0111,1,11200000,10608640000000,944500,947200,947200,2700,0.29,947200,2700,0.29,947200,947200,1399-12-12
837,خودرو2,ايران‌ خودرو,1,50000000,124000000000,2530,2480,2480,-50,-1.98,2480,-50,-1.98,2480,2480,1399-12-12
838,تملي704,تسهيلات مسكن ب. ملي-تير97,1,30,21246810,745502,708227,708227,-37275,-5.0,708227,-37275,-5.0,708227,708227,1399-12-12
839,ومعادن2,توسعه‌معادن‌وفلزات‌,1,6000000,67200000000,11060,11200,11200,140,1.27,11200,140,1.27,11200,11200,1399-12-12
840,اروند01,منفعت صبا اروند اميد14001113,1,1000,897000000,882000,897000,897000,15000,1.7,897000,15000,1.7,897000,897000,1399-12-12
841,فسا,پتروشيمي فسا,1,3000,5457000,1856,1819,1819,-37,-1.99,1856,0,0.0,1819,1819,1399-12-12
842,تملي710,تسهيلات مسكن ب. ملي-دي97,1,10,6032410,634990,603241,603241,-31749,-5.0,603241,-31749,-5.0,603241,603241,1399-12-12
843,تملي803,تسهيلات مسكن ب. ملي-خرداد98,1,24,15555528,617283,648147,648147,30864,5.0,648147,30864,5.0,648147,648147,1399-12-12
844,مكرج112,مشاركت شهرداري كرج-3ماهه18%,1,500,497250000,974500,994500,994500,20000,2.05,994500,20000,2.05,994500,994500,1399-12-12
845,طمخا2007,اختيارف اخابر-24000-1400/02/29,1,6,76182000,1,12697,12697,12696,1269600.0,12697,12696,1269600.0,12697,12697,1399-12-12
846,پست0008پ08,پسته فندقي32-30مه ولات0008(پ),1,196,266560000,1355044,1360000,1360000,4956,0.37,1360000,4956,0.37,1360000,1360000,1399-12-12
847,تملي712,تسهيلات مسكن ب. ملي-اسفند97,1,25,14826050,624254,593042,593042,-31212,-5.0,593042,-31212,-5.0,593042,593042,1399-12-12
848,ضفلا3002,اختيارخ فولاد-9000-1400/03/19,1,3,12600000,3550,4200,4200,650,18.31,4200,650,18.31,4200,4200,1399-12-12
849,وسخراج,شركت س استان خراسان جنوبي,1,17500,38150000,2220,2180,2180,-40,-1.8,2220,0,0.0,2180,2180,1399-12-12
850,تنوين2,تامين سرمايه نوين,1,85000000,512550000000,6120,6030,6030,-90,-1.47,6030,-90,-1.47,6030,6030,1399-12-12
851,آبين,كشت و صنعت آبشيرين,1,1191,5008155,4290,4205,4205,-85,-1.98,4290,0,0.0,4205,4205,1399-12-12
852,فسديد,لوله‌وتجهيزات‌ سديد - ورشكسته,1,427,49753613,117695,116519,116519,-1176,-1.0,117683,-12,-0.01,116519,116519,1399-12-12
853,وبصادر2,بانك صادرات ايران,1,54000000,125820000000,2370,2330,2330,-40,-1.69,2330,-40,-1.69,2330,2330,1399-12-12
854,ضسپا3002,اختيارخ خساپا-1800-1400/03/26,1,1,666000,733,666,666,-67,-9.14,666,-67,-9.14,666,666,1399-12-12
855,وسيستا,شركت س استان سيستان وبلوچستان,1,7000,5320000,770,760,760,-10,-1.3,770,0,0.0,760,760,1399-12-12
856,اخزا906,اسنادخزانه-م6بودجه99-020321,1,30,19819890,660663,660663,660663,0,0.0,660663,0,0.0,660663,660663,1399-12-12
857,ضفلا3005,اختيارخ فولاد-14000-1400/03/19,1,1,749000,725,749,749,24,3.31,749,24,3.31,749,749,1399-12-12
858,اراد494,مرابحه عام دولت4-ش.خ 0206,1,10712000,10092985656000,990000,942213,942213,-47787,-4.83,942213,-47787,-4.83,942213,942213,1399-12-12
859,خساپا2,سايپا,1,55000000,125400000000,2320,2280,2280,-40,-1.72,2280,-40,-1.72,2280,2280,1399-12-12
860,ضترا3003,اختيارخ شتران-9000-1400/03/09,1,50,45000000,940,900,900,-40,-4.26,900,-40,-4.26,900,900,1399-12-12
861,ضملت3004,اختيارخ وبملت-5000-1400/03/19,1,7,2093000,112,299,299,187,166.96,299,187,166.96,299,299,1399-12-12
862,افران2,صندوق س افرا نماد پايدار-ثابت,1,1500000,1500000,12788,1,1,-12787,-99.99,1,-12787,-99.99,1,1,1399-12-12
863,اخزا9092,اسنادخزانه-م9بودجه99-020316,1,242040,153695400000,633641,635000,635000,1359,0.21,635000,1359,0.21,635000,635000,1399-12-12
864,گندم2,مرابحه گندم2-واجدشرايط خاص1400,1,3000,3142125000,997500,1047375,1047375,49875,5.0,1047375,49875,5.0,1047375,1047375,1399-12-12
865,اراد784,مرابحه عام دولت78-ش.خ001112,1,1000000,971070000000,1000000,971070,971070,-28930,-2.89,971070,-28930,-2.89,971070,971070,1399-12-12
866,هصيكو402,اختيارف ت تاصيكو13500-00/02/20,1,1,3712,3536,3712,3712,176,4.98,3712,176,4.98,3712,3712,1399-12-12
867,اخزا8152,اسنادخزانه-م15بودجه98-010406,1,500000,386000000000,770674,772000,772000,1326,0.17,772000,1326,0.17,772000,772000,1399-12-12
868,اخزا9082,اسنادخزانه-م8بودجه99-020606,1,500000,305500000000,603354,611000,611000,7646,1.27,611000,7646,1.27,611000,611000,1399-12-12
869,ضبدر3004,اختيارخ شبندر-24000-1400/03/30,1,10,50000000,3100,5000,5000,1900,61.29,5000,1900,61.29,5000,5000,1399-12-12
870,ضملي3008,اختيارخ فملي-24000-1400/03/02,1,1,11000,1,11,11,10,1000.0,11,10,1000.0,11,11,1399-12-12
871,وسكهبو,س.عدالت ا. كهگيلويه وبويراحمد,1,4505,5000550,1130,1110,1110,-20,-1.77,1130,0,0.0,1110,1110,1399-12-12
872,ثقزوي4,شركت عمران و سازندگي قزوين,1,600000,18660000000,31927,31100,31100,-827,-2.59,31100,-827,-2.59,31100,31100,1399-12-12
873,تملي805,تسهيلات مسكن ب. ملي-مرداد98,1,22,19924718,953335,905669,905669,-47666,-5.0,905669,-47666,-5.0,905669,905669,1399-12-12
874,ضچاد2004,اختيارخ كچاد-20000-1400/02/05,1,30,63000000,2100,2100,2100,0,0.0,2100,0,0.0,2100,2100,1399-12-12
875,تملي702,تسهيلات مسكن ب. ملي-ارديبهشت97,1,26,15043106,551030,578581,578581,27551,5.0,578581,27551,5.0,578581,578581,1399-12-12
876,ضسان2007,اختيارخ پارسان-14750-00/02/15,1,1,4444000,5000,4444,4444,-556,-11.12,4444,-556,-11.12,4444,4444,1399-12-12
877,جم پيلن2,پلي پروپيلن جم - جم پيلن,1,2000000,130800000000,65140,65400,65400,260,0.4,65400,260,0.4,65400,65400,1399-12-12
878,اخزا9052,اسنادخزانه-م5بودجه99-020218,1,527698,340787368400,645009,645800,645800,791,0.12,645800,791,0.12,645800,645800,1399-12-12
879,كباده,توليد خاك نسوزاستقلال آباده,1,347,3134104,8602,9032,9032,430,5.0,8602,0,0.0,9032,9032,1399-12-12
880,صگل1411,ص اجاره گل گهر 1411-3 ماهه 17%,1,5,4775100,974000,955020,955020,-18980,-1.95,955020,-18980,-1.95,955020,955020,1399-12-12
881,حفاري2,حفاري شمال,1,47371000,506869700000,10700,10700,10700,0,0.0,10700,0,0.0,10700,10700,1399-12-12
882,وكادو,تكادو,1,2900,59870500,21066,20645,20645,-421,-2.0,21065,-1,0.0,20645,20645,1399-12-12
883,كگل2,معدني و صنعتي گل گهر,1,9985226,169549137480,16980,16980,16980,0,0.0,16980,0,0.0,16980,16980,1399-12-12
884,ضمخا7067,اختيارخ اخابر-14000-1400/07/28,1,35,52465000,1111,1499,1499,388,34.92,1499,388,34.92,1499,1499,1399-12-12
885,وسيلام,شركت س استان ايلام,1,5000,6100000,1240,1220,1220,-20,-1.61,1240,0,0.0,1220,1220,1399-12-12
886,ضپنا2002,اختيارخ رمپنا-14000-1400/02/12,1,30,87000000,3500,2900,2900,-600,-17.14,2900,-600,-17.14,2900,2900,1399-12-12
887,صايپا203,صكوك مرابحه سايپا203-3ماهه 16%,1,5000,4835000000,960000,967000,967000,7000,0.73,967000,7000,0.73,967000,967000,1399-12-12
888,كمند2,صندوق س. با درآمد ثابت كمند,1,20000000,20000000,10142,1,1,-10141,-99.99,1,-10141,-99.99,1,1,1399-12-12
889,اعتماد4,صندوق س.اعتماد آفرين پارسيان-د,1,42696000,1499910480000,35113,35130,35130,17,0.05,35130,17,0.05,35130,35130,1399-12-12
890,ضسان2006,اختيارخ پارسان-12750-00/02/15,1,1,6666000,1,6666,6666,6665,666500.0,6666,6665,666500.0,6666,6666,1399-12-12
