,نماد,نام,تعداد,حجم,ارزش,دیروز,اولین,آخرین معامله - مقدار,آخرین معامله - تغییر,آخرین معامله - درصد,قیمت پایانی - مقدار,قیمت پایانی - تغییر,قیمت پایانی - درصد,کمترین,بیشترین,تاریخ
0,پالايش,صندوق پالايشي يکم-سهام,185583,36892044,4196028936500,100000,119000,113300,13300,13.3,113740,13740,13.74,107500,130900,1399-9-11
1,شستا,سرمايه گذاري تامين اجتماعي,113606,273536019,8098303311110,30360,29990,29120,-1240,-4.08,29610,-750,-2.47,29000,30590,1399-9-11
2,شپنا,پالايش نفت اصفهان,104679,721067018,13776483519240,18590,18200,19510,920,4.95,19110,520,2.8,17840,19510,1399-9-11
3,خودرو,ايران‌ خودرو,81148,1811404719,7389739717950,4150,4070,4000,-150,-3.61,4080,-70,-1.69,4000,4200,1399-9-11
4,وتجارت,بانك تجارت,79977,1955212246,7836722745250,4000,4010,3940,-60,-1.5,4010,10,0.25,3900,4150,1399-9-11
5,دارا يكم,صندوق واسطه گري مالي يكم-سهام,79509,43296840,8980031203740,205480,205200,203100,-2380,-1.16,207410,1930,0.94,202000,213940,1399-9-11
6,گدنا,تهيه توزيع غذاي دنا آفرين فدك,69584,34958497,899941933229,25447,25800,26719,1272,5.0,25743,296,1.16,24175,26719,1399-9-11
7,دي,بانك دي,64627,150046443,7609936710682,49087,50000,49900,813,1.66,50717,1630,3.32,47510,51541,1399-9-11
8,وسپهر,سرمايه گذاري مالي سپهرصادرات,63132,147013744,1719269106843,12080,11823,11770,-310,-2.57,11695,-385,-3.19,11519,11999,1399-9-11
9,بپيوند,برق و انرژي پيوندگستر پارس,52766,45466045,1242664292267,28326,27300,26930,-1396,-4.93,27332,-994,-3.51,26300,28400,1399-9-11
10,شاروم,پتروشيمي اروميه,48551,15964722,340725866274,20590,21300,21618,1028,4.99,21342,752,3.65,20000,21619,1399-9-11
11,فولاد,فولاد مباركه اصفهان,48231,267082723,3850525210230,14250,14220,14250,0,0.0,14420,170,1.19,13900,14840,1399-9-11
12,زملارد,كشاورزي و دامپروري ملارد شير,46599,3490206,145407249701,43406,42880,41240,-2166,-4.99,41662,-1744,-4.02,41236,42880,1399-9-11
13,ثاميد,توسعه و عمران اميد,45311,266763472,616540070020,2400,2310,2320,-80,-3.33,2310,-90,-3.75,2280,2380,1399-9-11
14,آبادا,توليد نيروي برق آبادان,43716,22163910,417077983700,18020,18720,18920,900,4.99,18820,800,4.44,18020,18920,1399-9-11
15,اخابر,مخابرات ايران,41641,59793686,927688721320,15520,14870,15790,270,1.74,15510,-10,-0.06,14870,15990,1399-9-11
16,شبندر,پالايش نفت بندرعباس,40387,169220227,5229148661640,29760,29300,31000,1240,4.17,30900,1140,3.83,28900,31240,1399-9-11
17,سيتا,سرمايه گذاري سيمان تامين,35373,50980712,899881419060,18150,17890,17510,-640,-3.53,17650,-500,-2.75,17300,18150,1399-9-11
18,امين,تامين سرمايه امين,34085,41748430,526525093350,12740,12740,12300,-440,-3.45,12610,-130,-1.02,12200,12900,1399-9-11
19,پيزد,مجتمع صنايع لاستيك يزد,33641,3079581,265858366562,89859,88000,86400,-3459,-3.85,86329,-3530,-3.93,85367,89000,1399-9-11
20,بگيلان,توسعه مسير برق گيلان,32411,10514872,279082325310,27015,26630,26541,-474,-1.75,26542,-473,-1.75,26011,26860,1399-9-11
21,حكشتي,كشتيراني جمهوري اسلامي ايران,31628,82045230,2452186519390,30940,29650,29400,-1540,-4.98,29890,-1050,-3.39,29400,30880,1399-9-11
22,غزر,صنعتي زر ماكارون,31299,5858701,320661491150,56220,53420,53810,-2410,-4.29,54730,-1490,-2.65,53410,57500,1399-9-11
23,ثبهساز,بهساز كاشانه تهران,30979,166785506,471072407420,2920,2850,2790,-130,-4.45,2820,-100,-3.42,2780,2910,1399-9-11
24,پترول,گروه پتروشيمي س. ايرانيان,30584,177935503,2509428750590,14000,13990,14110,110,0.79,14100,100,0.71,13500,14510,1399-9-11
25,وبصادر,بانك صادرات ايران,29542,588165028,2194081715830,3770,3750,3660,-110,-2.92,3730,-40,-1.06,3640,3860,1399-9-11
26,وپويا,سرمايه گذاري پويا,25130,37675011,347037787843,9430,9250,8976,-454,-4.81,9211,-219,-2.32,8959,9626,1399-9-11
27,رافزا,رايان هم افزا,24009,142144,5224787008,35007,36757,36757,1750,5.0,35179,172,0.49,36757,36757,1399-9-11
28,بركت,گروه دارويي بركت,23503,86543452,1573333978660,18100,17700,18000,-100,-0.55,18180,80,0.44,17210,18640,1399-9-11
29,لكما,كارخانجات‌مخابراتي‌ايران‌,23089,175324090,1698865795089,9478,9400,9762,284,3.0,9690,212,2.24,9200,9762,1399-9-11
30,وبملت,بانك ملت,22978,329255402,1896384137680,5810,5720,5710,-100,-1.72,5760,-50,-0.86,5600,5900,1399-9-11
31,ولپارس,ليزينگ پارسيان,22909,8508266,53602075800,6000,6300,6300,300,5.0,6290,290,4.83,6300,6300,1399-9-11
32,شگويا,پتروشيمي تندگويان,21977,179467072,2322314866790,12351,12968,12968,617,5.0,12940,589,4.77,12598,12968,1399-9-11
33,آريا,پليمر آريا ساسول,21313,3907046,714832399347,181638,180840,182700,1062,0.58,182960,1322,0.73,175830,185500,1399-9-11
34,بكهنوج,توليد برق ماهتاب كهنوج,19855,516720935,1752146014310,3427,3401,3457,30,0.88,3391,-36,-1.05,3256,3550,1399-9-11
35,سمايه,بانك سرمايه,19425,191318749,1689166452044,9260,8797,8797,-463,-5.0,8829,-431,-4.65,8797,8983,1399-9-11
36,صباح,ح . سرمايه گذاري صبا تامين,19240,112397657,736130003834,6303,6500,6484,181,2.87,6549,246,3.9,6120,6618,1399-9-11
37,وغدير,سرمايه‌گذاري‌غدير(هلدينگ‌,17297,103944793,1496187316340,14290,14000,14620,330,2.31,14390,100,0.7,13630,14900,1399-9-11
38,فارس,صنايع پتروشيمي خليج فارس,17269,86766313,1205643851070,13760,13790,13900,140,1.02,13900,140,1.02,13080,14200,1399-9-11
39,ذوب,سهامي ذوب آهن  اصفهان,15941,362027797,1951855631262,5165,5200,5423,258,5.0,5391,226,4.38,5001,5423,1399-9-11
40,بجهرم,توسعه مولد نيروگاهي جهرم,15616,189726335,838051535376,4285,4290,4333,48,1.12,4417,132,3.08,4100,4499,1399-9-11
41,وخارزم,سرمايه گذاري خوارزمي,15010,112177310,1142339004170,9910,9990,10380,470,4.74,10180,270,2.72,9450,10400,1399-9-11
42,ونوين,بانك‌اقتصادنوين‌,14819,370012614,2030410614580,5300,5310,5370,70,1.32,5490,190,3.58,5300,5560,1399-9-11
43,وملي,گروه‌ صنعتي‌ ملي‌ (هلدينگ‌,14715,4021561,1374439077590,338780,340000,330000,-8780,-2.59,341770,2990,0.88,321850,355700,1399-9-11
44,بكام,كارخانجات توليدي شهيد قندي,14255,232449434,1144058587460,4740,4900,4960,220,4.64,4920,180,3.8,4510,4970,1399-9-11
45,ثشاهد,سرمايه‌ گذاري‌ شاهد,14052,37793219,984969890570,27100,26200,25750,-1350,-4.98,26060,-1040,-3.84,25750,27000,1399-9-11
46,لپارس,پارس‌ الكتريك‌,14040,7049612,1105930208590,161930,161900,153840,-8090,-5.0,156880,-5050,-3.12,153840,169000,1399-9-11
47,صبا,سرمايه گذاري صبا تامين,13601,53836277,506990763970,9121,9200,9336,215,2.36,9417,296,3.25,8800,9577,1399-9-11
48,خپارس,پارس‌ خودرو,13403,122973452,958449490890,8050,7810,7650,-400,-4.97,7790,-260,-3.23,7650,8080,1399-9-11
49,غگل,گلوكوزان‌,13331,119633936,602365535370,5190,5100,4940,-250,-4.82,5040,-150,-2.89,4940,5310,1399-9-11
50,وساپا,سرمايه‌گذاري‌ سايپا,13016,121049527,1167753474640,9980,9750,9490,-490,-4.91,9650,-330,-3.31,9490,10140,1399-9-11
51,خگستر,گسترش‌سرمايه‌گذاري‌ايران‌خودرو,12603,513848708,2162878920200,4010,4210,4210,200,4.99,4210,200,4.99,4150,4210,1399-9-11
52,خكمك,كمك‌فنرايندامين‌,12366,24259485,1227692538900,49280,48300,51740,2460,4.99,50610,1330,2.7,47000,51740,1399-9-11
53,ومعادن,توسعه‌معادن‌وفلزات‌,12106,82112034,1246297887500,14660,14800,14980,320,2.18,15180,520,3.55,14390,15390,1399-9-11
54,قنيشا,قند  نيشابور,12091,23225650,1591566370070,71760,68180,68200,-3560,-4.96,68530,-3230,-4.5,68180,70600,1399-9-11
55,چكاپا,گروه صنايع كاغذ پارس,12067,91327000,639202269380,7270,6910,6910,-360,-4.95,7000,-270,-3.71,6910,7270,1399-9-11
56,فاراك,ماشين‌ سازي‌ اراك‌,11148,127514256,1009278004180,7660,7660,7820,160,2.09,7920,260,3.39,7400,8040,1399-9-11
57,گكوثر,هتل پارسيان كوثر اصفهان,10024,5436889,917159967711,180097,172000,163001,-17096,-9.49,168692,-11405,-6.33,162100,178740,1399-9-11
58,كرمان,س. توسعه و عمران استان كرمان,9654,16163521,1284776686114,81707,78110,78800,-2907,-3.56,79486,-2221,-2.72,78000,81125,1399-9-11
59,شبريز,پالايش نفت تبريز,9648,50598946,1625917825030,30710,31100,32240,1530,4.98,32130,1420,4.62,30800,32240,1399-9-11
60,كفپارس,فرآورده‌هاي‌ نسوز پارس‌,9641,69860848,612945829050,9190,8810,8740,-450,-4.9,8770,-420,-4.57,8740,9090,1399-9-11
61,خمحركه,نيرو محركه‌,9304,144633520,1072050588060,7070,7420,7420,350,4.95,7410,340,4.81,7070,7420,1399-9-11
62,شغدير,پتروشيمي غدير,9237,55521957,3533590064657,60622,63653,63653,3031,5.0,63643,3021,4.98,62450,63653,1399-9-11
63,سبزوا,سيمان لار سبزوار,9005,91558674,592876467970,6206,6380,6448,242,3.9,6475,269,4.33,6000,6516,1399-9-11
64,پتاير,ايران‌ تاير,8909,4630246,771311060510,169300,163360,164700,-4600,-2.72,166580,-2720,-1.61,158010,176000,1399-9-11
65,فرابورس,فرابورس ايران,8868,14730735,806186877081,54609,52350,54410,-199,-0.36,54728,119,0.22,52000,56500,1399-9-11
66,غگيلا,شيرپاستوريزه پگاه گيلان,8838,178140,3177483180,16988,17837,17837,849,5.0,17039,51,0.3,17837,17837,1399-9-11
67,زدشت,كشت و صنعت دشت خرم دره,8802,15775534,736592221438,49257,48400,45400,-3857,-7.83,46692,-2565,-5.21,45000,48410,1399-9-11
68,ثغرب,شركت سرمايه گذاري مسكن شمالغرب,8522,39909311,460507868162,11674,11700,11091,-583,-4.99,11539,-135,-1.16,11091,12121,1399-9-11
69,تبرك,گروه كارخانجات صنعتي تبرك,8300,19993483,506854700940,25314,24184,24900,-414,-1.64,25351,37,0.15,24184,26390,1399-9-11
70,دماوند,توليد نيروي برق دماوند,8049,7502429,596663980770,79757,80000,77250,-2507,-3.14,79529,-228,-0.29,76000,82000,1399-9-11
71,ونيرو,سرمايه‌گذاري‌نيرو,7900,132708356,569471776050,4450,4310,4230,-220,-4.94,4290,-160,-3.6,4230,4500,1399-9-11
72,افق,فروشگاههاي زنجيره اي افق كوروش,7442,3223375,268884656370,84180,84180,81490,-2690,-3.2,83420,-760,-0.9,80010,85480,1399-9-11
73,وصنعت,سرمايه گذاري توسعه صنعت وتجارت,7347,58561761,529690220430,8700,8950,9130,430,4.94,9040,340,3.91,8330,9130,1399-9-11
74,هاي وب,داده گسترعصرنوين-هاي وب,7273,71198474,2014167403020,27220,27800,28580,1360,5.0,28290,1070,3.93,26650,28580,1399-9-11
75,كحافظ,كاشي‌ وسراميك‌ حافظ‌,7095,22255854,428498775980,20130,19150,19130,-1000,-4.97,19250,-880,-4.37,19130,19920,1399-9-11
76,خزر,فنرسازي‌زر,6969,34439693,796273275220,22520,23640,23640,1120,4.97,23120,600,2.66,21400,23640,1399-9-11
77,فخوز,فولاد  خوزستان,6957,16790241,650204947750,38470,38470,38740,270,0.7,38730,260,0.68,37420,39600,1399-9-11
78,ولساپا,ليزينگ رايان‌ سايپا,6916,105557041,464548909030,4470,4290,4350,-120,-2.68,4400,-70,-1.57,4250,4550,1399-9-11
79,وبانك,سرمايه گذاري گروه توسعه ملي,6890,64205351,711621988280,10650,11000,11160,510,4.79,11080,430,4.04,10360,11180,1399-9-11
80,كچاد,معدني‌وصنعتي‌چادرملو,6782,27389037,574957253570,20730,20800,21200,470,2.27,20990,260,1.25,20010,21550,1399-9-11
81,تنوينح,ح . تامين سرمايه نوين,6759,30573058,169111984048,5264,5290,5449,185,3.51,5531,267,5.07,5152,5769,1399-9-11
82,وپست,پست بانك ايران,6715,64659619,1100925425320,16300,16100,17110,810,4.97,17030,730,4.48,15900,17110,1399-9-11
83,حفاري,حفاري شمال,6639,49927022,699480928920,13830,13920,13840,10,0.07,14010,180,1.3,13490,14450,1399-9-11
84,فنوال,نورد آلومينيوم‌,6592,14562635,477306301110,34200,32570,32490,-1710,-5.0,32780,-1420,-4.15,32490,34190,1399-9-11
85,ثاخت,بين‌المللي‌توسعه‌ساختمان,6486,81636878,331792987400,4180,4050,3990,-190,-4.55,4060,-120,-2.87,3980,4250,1399-9-11
86,غنوش,نوش‌ مازندران‌,6430,8474756,573966787780,68220,67480,67500,-720,-1.06,67730,-490,-0.72,64850,70000,1399-9-11
87,كگل,معدني و صنعتي گل گهر,6388,22514094,460530439890,20150,20490,20190,40,0.2,20460,310,1.54,19550,20970,1399-9-11
88,وساخت,سرمايه‌ گذاري‌ ساختمان‌ايران‌,6235,15367121,1097534718180,71040,68790,71200,160,0.23,71420,380,0.53,67550,74190,1399-9-11
89,ماديرا,صنايع ماشين هاي اداري ايران,6064,13622414,407207246124,31130,30110,29574,-1556,-5.0,29892,-1238,-3.98,29574,30850,1399-9-11
90,ثقزوي,شركت عمران و سازندگي قزوين,5963,19887609,498581406719,24620,24620,25358,738,3.0,25070,450,1.83,23900,25358,1399-9-11
91,وملل,اعتباري ملل,5895,82337449,1268651369611,14681,15415,15415,734,5.0,15408,727,4.95,15000,15415,1399-9-11
92,بزاگرس,نيروگاه زاگرس كوثر,5731,27062872,382067133155,14227,13650,13710,-517,-3.63,14118,-109,-0.77,13600,14600,1399-9-11
93,قصفها,قنداصفهان‌,5655,1898654,399363694070,229210,216390,206290,-22920,-10.0,210340,-18870,-8.23,206290,219510,1399-9-11
94,زكوثر,سرمايه گذاري كشاورزي كوثر,5538,13339407,305543775070,23070,22510,22900,-170,-0.74,22910,-160,-0.69,21950,23580,1399-9-11
95,شيران,س. صنايع‌شيميايي‌ايران,5448,18037086,637961703580,34980,34050,36720,1740,4.97,35370,390,1.11,33600,36720,1399-9-11
96,شمواد,توليد مواداوليه الياف مصنوعي,5445,6036283,375194765072,60790,60000,60790,0,0.0,62157,1367,2.25,60000,62613,1399-9-11
97,پارسان,گسترش نفت و گاز پارسيان,5367,31427387,762670720600,23440,23400,24350,910,3.88,24270,830,3.54,22280,24610,1399-9-11
98,تپمپي,پمپ‌ سازي‌ ايران‌,5329,12539342,434181776510,36150,36010,34350,-1800,-4.98,34630,-1520,-4.2,34350,36010,1399-9-11
99,وتوصا,گروه س توسعه صنعتي ايران,5277,52748162,746090592340,13600,13200,14280,680,5.0,14140,540,3.97,13010,14280,1399-9-11
100,فولاي,صنايع فولاد آلياژي يزد,5180,9234891,331048903645,37274,36000,35411,-1863,-5.0,35848,-1426,-3.83,35411,36960,1399-9-11
101,ثاباد,توريستي ورفاهي آبادگران ايران,5125,11709208,365684635710,30180,28710,31680,1500,4.97,31230,1050,3.48,28710,31680,1399-9-11
102,غشهداب,كشت و صنعت شهداب ناب خراسان,5108,52105626,238363715515,4673,4510,4473,-200,-4.28,4575,-98,-2.1,4460,4740,1399-9-11
103,آگاس,صندوق س.هستي بخش آگاه-س,5048,9240863,701156374734,75422,75666,75199,-223,-0.3,75876,454,0.6,73300,76760,1399-9-11
104,تملت,تامين سرمايه بانك ملت,4948,39918629,373263542340,8970,9100,9410,440,4.91,9350,380,4.24,8900,9410,1399-9-11
105,وتوس,توسعه‌شهري‌توس‌گستر,4926,12448125,344407055230,28890,27450,27450,-1440,-4.98,27670,-1220,-4.22,27450,28600,1399-9-11
106,كاوه,فولاد كاوه جنوب كيش,4856,26055869,532917936670,20350,20000,20310,-40,-0.2,20450,100,0.49,19830,21100,1399-9-11
107,وسديد,گروه ‌صنعتي‌سديد,4696,18486586,378013508207,20927,21150,20490,-437,-2.09,20448,-479,-2.29,20300,21150,1399-9-11
108,كگاز,شيشه‌ و گاز,4621,11873032,289956299810,24430,23900,24990,560,2.29,24420,-10,-0.04,23300,25220,1399-9-11
109,ختور,رادياتور ايران‌,4508,7810904,297853539100,39410,37450,38050,-1360,-3.45,38130,-1280,-3.25,37440,39900,1399-9-11
110,غسالم,سالمين‌,4503,32610639,160096933850,5030,4990,4830,-200,-3.98,4910,-120,-2.39,4790,5080,1399-9-11
111,ثنام,س ساختماني ب نام آوران مهندسي,4488,20974025,424573141260,19675,20265,19900,225,1.14,20243,568,2.89,19400,20265,1399-9-11
112,وپاسار,بانك  پاسارگاد,4448,48600655,567348603500,11630,11780,11700,70,0.6,11670,40,0.34,11450,11900,1399-9-11
113,فزرين,زرين معدن آسيا,4394,23770337,627855573927,25380,26649,26649,1269,5.0,26413,1033,4.07,25582,26649,1399-9-11
114,خاذين,سايپاآذين‌,4386,43970210,264106060580,6050,6030,5870,-180,-2.98,6010,-40,-0.66,5750,6230,1399-9-11
115,كسعدي,كاشي‌ سعدي‌,4370,8337200,305845122070,38380,36610,36470,-1910,-4.98,36680,-1700,-4.43,36470,38000,1399-9-11
116,انرژي3,سايراشخاص بورس انرژي,4333,2371847,693581009690,279550,293520,293520,13970,5.0,292420,12870,4.6,280000,293520,1399-9-11
117,فسرب,ملي‌ سرب‌وروي‌ ايران‌,4271,1985021,279079862640,138790,139200,140600,1810,1.3,140590,1800,1.3,134000,144900,1399-9-11
118,پلاسك,پلاسكوكار,4192,32014235,257557873700,8400,7980,8000,-400,-4.76,8050,-350,-4.17,7980,8360,1399-9-11
119,شسپا,نفت سپاهان,4164,17711340,455425992850,24640,24900,25870,1230,4.99,25710,1070,4.34,24350,25870,1399-9-11
120,وبوعلي,سرمايه‌گذاري‌بوعلي‌,4161,37162882,277855498400,7220,7300,7580,360,4.99,7480,260,3.6,6930,7580,1399-9-11
121,خنصير,مهندسي‌نصيرماشين‌,4086,7153429,341850131540,48890,50000,46450,-2440,-4.99,47790,-1100,-2.25,46450,51290,1399-9-11
122,سرو,صندوق س سروسودمند مدبران-سهام,4072,4227765,300599924500,70390,70750,71180,790,1.12,71100,710,1.01,67940,72990,1399-9-11
123,ثپرديس,سرمايه گذاري مسكن پرديس,4063,20136005,235883008115,11805,11805,11600,-205,-1.74,11714,-91,-0.77,11215,12348,1399-9-11
124,غپينو,پارس‌ مينو,4044,36439661,269814548720,7100,7290,7450,350,4.93,7400,300,4.23,7100,7450,1399-9-11
125,خشرق,الكتريك‌ خودرو شرق‌,3976,17727625,368750366950,20100,21100,20250,150,0.75,20800,700,3.48,20100,21100,1399-9-11
126,دزهراوي,داروسازي‌زهراوي‌,3852,13304528,166918318610,12890,12680,12260,-630,-4.89,12550,-340,-2.64,12250,13000,1399-9-11
127,غمارگ,مارگارين‌,3840,13742896,486822621900,35190,33440,36940,1750,4.97,35420,230,0.65,33440,36940,1399-9-11
128,قرن,پديده شيمي قرن,3801,4094581,244478790530,60470,60470,59220,-1250,-2.07,59710,-760,-1.26,58000,60990,1399-9-11
129,خصدرا,صنعتي‌ دريايي‌ ايران‌,3794,66130307,393527658040,5074,6000,5820,746,14.7,5951,877,17.28,5820,6180,1399-9-11
130,مرقام,ايران‌ارقام‌,3771,10407111,253924019830,25260,25000,24000,-1260,-4.99,24400,-860,-3.4,24000,25450,1399-9-11
131,چدن,توليدي چدن سازان,3734,11990369,395669006860,34380,33500,32670,-1710,-4.97,33000,-1380,-4.01,32670,34000,1399-9-11
132,حسير,ريل سير كوثر,3727,17000444,305892851852,17383,17450,18252,869,5.0,17993,610,3.51,17010,18252,1399-9-11
133,ثرود,سرمايه‌گذاري مسكن زاينده رود,3705,25137241,268786192473,11213,10860,10653,-560,-4.99,10693,-520,-4.64,10653,11073,1399-9-11
134,خريخت,صنايع‌ريخته‌گري‌ايران‌,3648,41861755,177599552870,4350,4200,4180,-170,-3.91,4240,-110,-2.53,4140,4400,1399-9-11
135,كهمداح,ح . شيشه‌ همدان‌,3627,23941512,261404106610,10070,10540,11080,1010,10.03,10920,850,8.44,9750,11080,1399-9-11
136,كمند,صندوق س. با درآمد ثابت كمند,3622,263740328,2675080278805,10140,10143,10144,4,0.04,10143,3,0.03,10140,10146,1399-9-11
137,كالا,بورس كالاي ايران,3618,9678335,398913792800,39540,40000,41510,1970,4.98,41220,1680,4.25,38350,41510,1399-9-11
138,كرازي,كارخانجات‌توليدي‌شيشه‌رازي‌,3602,9432357,200182705070,20670,20650,21560,890,4.31,21220,550,2.66,20000,21700,1399-9-11
139,كرماشا,صنايع پتروشيمي كرمانشاه,3598,18618634,879566976810,45130,43200,47230,2100,4.65,47240,2110,4.68,43200,47380,1399-9-11
140,ثباغ,شهر سازي و خانه سازي باغميشه,3586,12836218,324132348353,24274,23300,25487,1213,5.0,25251,977,4.02,23300,25487,1399-9-11
141,ثتران,سرمايه گذاري مسكن تهران,3463,46782055,240990702692,5001,5050,5059,58,1.16,5151,150,3.0,4930,5251,1399-9-11
142,زمگسا,كشاورزي‌ ودامپروي‌ مگسال‌,3462,5951309,237057314960,43130,40110,38820,-4310,-9.99,39830,-3300,-7.65,38820,42220,1399-9-11
143,مدير,ص.س.مديريت ثروت ص.بازنشستگي-س,3454,22115539,236874901711,10860,10800,10601,-259,-2.38,10711,-149,-1.37,10510,10949,1399-9-11
144,ميهن,بيمه ميهن,3440,26582388,167208679325,6238,6300,6101,-137,-2.2,6290,52,0.83,6051,6510,1399-9-11
145,فاذر,صنايع‌ آذرآب‌,3430,10889417,364673929950,32130,31110,33730,1600,4.98,33490,1360,4.23,31110,33730,1399-9-11
146,سيلام,سيمان‌ ايلام‌,3372,20435856,206302220460,10550,10300,10030,-520,-4.93,10100,-450,-4.27,10030,10470,1399-9-11
147,وهور,مديريت انرژي اميد  تابان هور,3353,7984345,332703573464,43391,43100,41500,-1891,-4.36,41669,-1722,-3.97,41222,43100,1399-9-11
148,شصدف,صنعتي دوده فام,3348,121617,3050032743,23885,25079,25079,1194,5.0,23954,69,0.29,25079,25079,1399-9-11
149,بپاس,بيمه پاسارگاد,3342,3187535,278584128963,86516,87490,87430,914,1.06,87398,882,1.02,86520,87600,1399-9-11
150,چكارن,كارتن‌ ايران‌,3341,51947052,205085647170,3780,3960,3920,140,3.7,3950,170,4.5,3780,3960,1399-9-11
151,خكاوه,سايپا ديزل,3319,42933595,197768130587,4659,4658,4680,21,0.45,4606,-53,-1.14,4520,4710,1399-9-11
152,رانفور,خدمات‌انفورماتيك‌,3312,11737507,438531822690,36580,35100,37500,920,2.52,37360,780,2.13,34850,38210,1399-9-11
153,خچرخش,چرخشگر,3276,11488608,206543211390,18760,18000,17830,-930,-4.96,17980,-780,-4.16,17830,18500,1399-9-11
154,تاپيكو,س. نفت و گاز و پتروشيمي تأمين,3241,71940675,1169035968750,15480,16250,16250,770,4.97,16250,770,4.97,16250,16250,1399-9-11
155,كترام,توليدي‌ كاشي‌ تكسرام‌,3240,8040730,311872280080,38990,39010,39070,80,0.21,38790,-200,-0.51,37050,40150,1399-9-11
156,زاگرس,پتروشيمي زاگرس,3223,2203359,409483501379,188233,180210,185900,-2333,-1.24,185845,-2388,-1.27,180210,190500,1399-9-11
157,ولغدر,ليزينگ‌خودروغدير,3212,15368873,355941188320,22180,23280,23280,1100,4.96,23160,980,4.42,22240,23280,1399-9-11
158,تنوين,تامين سرمايه نوين,3207,50105214,367777735010,7020,7180,7260,240,3.42,7340,320,4.56,7090,7370,1399-9-11
159,غصينو,صنعتي مينو,3198,4855866,333864969113,66331,64500,69647,3316,5.0,68755,2424,3.65,64500,69647,1399-9-11
160,ومهان,گروه توسعه مالي مهر آيندگان,3195,16342521,280633014137,17217,17000,16951,-266,-1.54,17172,-45,-0.26,16710,17620,1399-9-11
161,قاسم,قاسم ايران,3151,13876721,171194576097,12735,12102,12100,-635,-4.99,12337,-398,-3.13,12099,12900,1399-9-11
162,چافست,افست‌,3107,8132680,189717492100,23580,22620,23310,-270,-1.15,23330,-250,-1.06,22410,24520,1399-9-11
163,سنير,سيمان‌ سفيد ني‌ريز,3091,1680006,163340371910,101510,97000,98500,-3010,-2.97,97230,-4280,-4.22,96440,100000,1399-9-11
164,پاكشو,گروه صنعتي پاكشو,3085,2260078,215665240790,98970,95100,95690,-3280,-3.31,95420,-3550,-3.59,94030,98300,1399-9-11
165,خساپا,سايپا,3076,122203701,375286633620,3070,3100,3050,-20,-0.65,3070,0,0.0,2950,3140,1399-9-11
166,كلر,كلر پارس,3000,3397974,219729800968,61809,64899,64899,3090,5.0,64665,2856,4.62,63000,64899,1399-9-11
167,ارزش,صندوق س ارزش آفرين بيدار-سهام,2988,20046778,217379758270,10860,10800,10760,-100,-0.92,10840,-20,-0.18,10400,11080,1399-9-11
168,وسين,بيمه سينا,2987,16004502,428716753988,25737,24451,27023,1286,5.0,26787,1050,4.08,24451,27023,1399-9-11
169,سفارس,سيمان فارس و خوزستان,2983,14975387,273658734530,18700,18700,17980,-720,-3.85,18270,-430,-2.3,17770,19150,1399-9-11
170,كهمدا,شيشه‌ همدان‌,2978,17589360,221369624970,12100,12000,12700,600,4.96,12590,490,4.05,11530,12700,1399-9-11
171,ارفع,شركت آهن و فولاد ارفع,2977,11635694,168785924826,14433,14433,14340,-93,-0.64,14506,73,0.51,13848,14900,1399-9-11
172,كسرا,سراميك‌هاي‌صنعتي‌اردكان‌,2966,10063794,295758683040,27620,29400,29070,1450,5.25,29390,1770,6.41,28220,30300,1399-9-11
173,نوين,بيمه نوين,2947,30919919,260325627143,8093,8250,8497,404,4.99,8419,326,4.03,8000,8497,1399-9-11
174,تكمبا,كمباين‌ سازي‌ ايران‌,2898,15105653,147124088060,10110,10100,9620,-490,-4.85,9740,-370,-3.66,9610,10100,1399-9-11
175,غشان,شيرپاستوريزه‌پگاه‌خراسان‌,2883,18406202,157518363830,8500,8130,8740,240,2.82,8560,60,0.71,8080,8820,1399-9-11
176,حفارس,حمل و نقل بين المللي خليج فارس,2867,30477618,130634472400,4440,4360,4270,-170,-3.83,4290,-150,-3.38,4220,4420,1399-9-11
177,حآسا,آسيا سير ارس,2864,14108472,328505621301,22287,23401,22900,613,2.75,23284,997,4.47,22300,23401,1399-9-11
178,شبهرن,نفت‌ بهران‌,2850,4156723,263366318910,64990,64900,63500,-1490,-2.29,63360,-1630,-2.51,62350,65000,1399-9-11
179,رنيك,جنرال مكانيك,2843,16312571,464075610498,27296,27570,28660,1364,5.0,28449,1153,4.22,26750,28660,1399-9-11
180,فنورد,نوردوقطعات‌ فولادي‌,2813,1402886,256167421650,188070,180010,179000,-9070,-4.82,182600,-5470,-2.91,178670,192000,1399-9-11
181,سكرد,سيمان كردستان,2810,16863920,153317338790,8980,8700,9290,310,3.45,9090,110,1.22,8540,9400,1399-9-11
182,حاريا,كشتيراني آريا,2804,8691725,240118784094,27936,27098,27098,-838,-3.0,27626,-310,-1.11,27098,28774,1399-9-11
183,ساوه,سيمان ساوه,2802,675091,40704611845,57424,60295,60295,2871,5.0,59468,2044,3.56,60295,60295,1399-9-11
184,وايران,ليزينگ ايرانيان,2756,23307996,273491347790,11290,10990,11850,560,4.96,11730,440,3.9,10770,11850,1399-9-11
185,وآوا,سرمايه گذاري آوا نوين,2711,15936362,254383016747,15215,15975,15975,760,5.0,15962,747,4.91,15300,15975,1399-9-11
186,ستران,سيمان‌ تهران‌,2711,8572038,323012316790,36090,37890,37500,1410,3.91,37680,1590,4.41,34290,37890,1399-9-11
187,دتوليد,داروسازي توليد دارو,2704,5521200,183703647897,33425,33425,32300,-1125,-3.37,33272,-153,-0.46,31990,34700,1399-9-11
188,لسرما,سرما آفرين‌,2698,5125534,156639186690,30000,29500,31300,1300,4.33,30560,560,1.87,29500,31460,1399-9-11
189,دشيمي,شيمي‌ داروئي‌ داروپخش‌,2671,3611329,200970269050,58420,56200,55500,-2920,-5.0,55650,-2770,-4.74,55500,58290,1399-9-11
190,ثاژن,سخت آژند,2627,25276599,201257604843,8167,7841,7950,-217,-2.66,7962,-205,-2.51,7841,8356,1399-9-11
191,طلا,صندوق س.پشتوانه طلاي لوتوس,2602,1685059,147688962822,83665,88989,87297,3632,4.34,87646,3981,4.76,85823,89111,1399-9-11
192,هرمز,فولاد هرمزگان جنوب,2593,14913232,193821682875,12966,13140,12770,-196,-1.51,12997,31,0.24,12500,13290,1399-9-11
193,دلقما,دارويي‌ لقمان‌,2590,6460159,209304215520,32150,32900,31200,-950,-2.95,32400,250,0.78,30550,33620,1399-9-11
194,حريل,ريل پردازسير,2590,27699407,114995605386,4191,4110,4117,-74,-1.77,4152,-39,-0.93,3982,4280,1399-9-11
195,رمپنا,گروه مپنا (سهامي عام),2589,10085274,199110156810,20220,20290,19410,-810,-4.01,19740,-480,-2.37,19300,20450,1399-9-11
196,بورس,بورس اوراق بهادار تهران,2578,6294295,350845052800,53520,53000,56190,2670,4.99,55740,2220,4.15,52020,56190,1399-9-11
197,وصندوق,سرمايه‌گذاري‌صندوق‌بازنشستگي‌,2574,30661639,496437093880,16760,16050,15930,-830,-4.95,16190,-570,-3.4,15930,16760,1399-9-11
198,پارسيان,بيمه پارسيان,2558,13434066,204394992780,14530,14820,15250,720,4.96,15210,680,4.68,14600,15250,1399-9-11
199,دتوزيع,توزيع دارو پخش,2545,4914111,261198183173,50675,53199,53208,2533,5.0,53153,2478,4.89,51140,53208,1399-9-11
200,تاصيكو,سرمايه گذاري صدرتامين,2537,13450430,152426543810,11460,11500,11220,-240,-2.09,11330,-130,-1.13,10890,11800,1399-9-11
201,زفكا,كشت و دامداري فكا,2525,4157603,210365189272,52812,50600,50172,-2640,-5.0,50598,-2214,-4.19,50172,51870,1399-9-11
202,شكلر,نيروكلر,2475,5002845,290537761130,55810,56990,58600,2790,5.0,58070,2260,4.05,54030,58600,1399-9-11
203,وسكاب,س.ص.بازنشستگي كاركنان بانكها,2470,27431086,193734860930,6940,6900,7060,120,1.73,7060,120,1.73,6800,7270,1399-9-11
204,سشرق,سيمان‌ شرق‌,2433,21579138,148039457050,6830,6900,6750,-80,-1.17,6860,30,0.44,6510,7130,1399-9-11
205,زنگان,صنعت روي زنگان,2411,1765456,185237754688,103893,98800,105930,2037,1.96,104923,1030,0.99,98699,109086,1399-9-11
206,فجر,فولاد اميركبيركاشان,2409,6880544,455251441210,63200,64000,66360,3160,5.0,66170,2970,4.7,63200,66360,1399-9-11
207,ثعمرا,عمران و توسعه شاهد,2385,10078376,150596878316,15008,15400,14500,-508,-3.38,14943,-65,-0.43,14260,15490,1399-9-11
208,خزاميا,زامياد,2364,27587495,400018677500,13810,14500,14500,690,5.0,14500,690,5.0,14500,14500,1399-9-11
209,فسازان,غلتك سازان سپاهان,2354,14886224,450387705150,28910,30350,30350,1440,4.98,30260,1350,4.67,29470,30350,1399-9-11
210,ساربيل,سيمان آرتا اردبيل,2338,2626834,141463624700,56480,53660,53660,-2820,-4.99,53850,-2630,-4.66,53660,56300,1399-9-11
211,كبافق,معادن‌ بافق‌,2330,5042188,205247385510,39290,38500,41250,1960,4.99,40710,1420,3.61,37350,41250,1399-9-11
212,پكوير,كوير تاير,2329,6481991,126158411830,19220,20020,19430,210,1.09,19460,240,1.25,18700,20020,1399-9-11
213,فمراد,آلومراد,2327,1851851,234936067420,120610,129800,130000,9390,7.79,126870,6260,5.19,123310,136290,1399-9-11
214,شاراك,پتروشيمي شازند,2319,25124627,608758159940,23100,24250,24250,1150,4.98,24230,1130,4.89,23500,24250,1399-9-11
215,دكوثر,داروسازي‌ كوثر,2299,4902379,112200075500,23490,22700,22480,-1010,-4.3,22890,-600,-2.55,22430,24000,1399-9-11
216,كسرام,پارس‌ سرام‌,2290,27750928,224949985480,7750,8130,8130,380,4.9,8110,360,4.65,7400,8130,1399-9-11
217,وبيمه,سرمايه‌ گذاري‌ صنعت‌ بيمه‌,2283,36119249,120011984260,3190,3290,3340,150,4.7,3320,130,4.08,3050,3340,1399-9-11
218,خاهن,آهنگري‌ تراكتورسازي‌ ايران‌,2272,4826523,180793832970,37760,37110,38010,250,0.66,37460,-300,-0.79,36000,38250,1399-9-11
219,ميدكو,هلدينگ صنايع  معدني خاورميانه,2262,19306690,514873760724,26604,26660,26730,126,0.47,26668,64,0.24,25800,26780,1399-9-11
220,ثنور,سرمايه گذاري كوه نور,2248,28377802,198679017102,7192,7010,7010,-182,-2.53,7001,-191,-2.66,6977,7200,1399-9-11
221,شپاكسا,پاكسان‌,2246,6721414,205976248760,31980,30550,30700,-1280,-4.0,30640,-1340,-4.19,30390,31240,1399-9-11
222,غويتا,ويتانا,2212,3198804,149945582576,48999,46610,46550,-2449,-5.0,46876,-2123,-4.33,46550,49000,1399-9-11
223,امين يكم,صندوق درآمد ثابت امين يكم فردا,2204,74325130,754000670320,10142,10149,10130,-12,-0.12,10145,3,0.03,10122,10152,1399-9-11
224,اپرداز,آتيه داده پرداز,2192,11022020,344835357993,29890,31350,31384,1494,5.0,31286,1396,4.67,29928,31384,1399-9-11
225,فالوم,آلومتك‌,2160,7978963,184151974833,22901,22214,23500,599,2.62,23080,179,0.78,22214,23588,1399-9-11
226,اعتماد,صندوق س.اعتماد آفرين پارسيان-د,2156,62367840,2095474435020,33584,33598,33601,17,0.05,33599,15,0.04,33597,33604,1399-9-11
227,ثامان,سامان‌ گستراصفهان‌,2099,5212764,111242000030,22070,20970,20970,-1100,-4.98,21340,-730,-3.31,20970,22410,1399-9-11
228,والبر,سرمايه‌ گذاري‌ البرز(هلدينگ‌,2089,7785175,149773163190,19150,19170,19240,90,0.47,19240,90,0.47,18200,19780,1399-9-11
229,وآذر,سرمايه‌گذاري‌توسعه‌آذربايجان‌,2073,2057768,256119111910,130570,124220,124050,-6520,-4.99,124460,-6110,-4.68,124050,129900,1399-9-11
230,تابا,تابان نيرو سپاهان,2067,3434462,105136306104,31070,31500,30138,-932,-3.0,30612,-458,-1.47,30138,31500,1399-9-11
231,كپشيرح,ح . پشم‌شيشه‌ايران‌,2047,9181625,124996971245,13705,13600,13170,-535,-3.9,13614,-91,-0.66,12340,14330,1399-9-11
232,همراه,شركت ارتباطات سيار ايران,2023,5435926,201164934350,37270,36000,36500,-770,-2.07,37010,-260,-0.7,35900,37400,1399-9-11
233,آ س پ,آ.س.پ,2011,7783639,92043246646,11849,11310,11600,-249,-2.1,11825,-24,-0.2,11310,12370,1399-9-11
234,كپارس,كاشي‌ پارس‌,1993,1366411,203565117420,155910,150020,150000,-5910,-3.79,148980,-6930,-4.44,148120,155000,1399-9-11
235,قثابت,قند ثابت‌ خراسان‌,1986,2738210,225441786380,79060,79400,83010,3950,5.0,82330,3270,4.14,79300,83010,1399-9-11
236,كگازح,ح . شيشه‌ و گاز,1986,5313067,120311619690,22300,21600,22700,400,1.79,22640,340,1.52,20200,23560,1399-9-11
237,تسه9908,امتياز تسهيلات مسكن آبان99,1966,48856,30441992300,610775,610200,641313,30538,5.0,623096,12321,2.02,603000,641313,1399-9-11
238,شپديس,پتروشيمي پرديس,1964,1837502,207032593530,113960,113000,111000,-2960,-2.6,112670,-1290,-1.13,109280,117000,1399-9-11
239,وسپه,سرمايه‌گذاري‌ سپه‌,1955,6932880,101095745950,14860,14740,14500,-360,-2.42,14580,-280,-1.88,14200,15120,1399-9-11
240,خوساز,محورسازان‌ايران‌خودرو,1952,11234435,87476601560,7940,7840,7640,-300,-3.78,7790,-150,-1.89,7550,8150,1399-9-11
241,بفجر,فجر انرژي خليج فارس,1950,7955253,242872222220,30480,30480,30440,-40,-0.13,30530,50,0.16,29330,31100,1399-9-11
242,فلوله,لوله‌وماشين‌سازي‌ايران‌,1945,11107111,250086466800,21650,21100,22730,1080,4.99,22520,870,4.02,21100,22730,1399-9-11
243,اتكام,شركت بيمه اتكايي امين,1924,14575381,98428983685,6656,6590,6986,330,4.96,6753,97,1.46,6324,6986,1399-9-11
244,ومعلم,بيمه معلم,1914,20188405,157600300987,7553,7680,7930,377,4.99,7806,253,3.35,7310,7930,1399-9-11
245,تاپكيش,تجارت الكترونيك پارسيان كيش,1912,6453768,147225386818,21865,22840,22958,1093,5.0,22812,947,4.33,21500,22958,1399-9-11
246,غشاذر,پگاه‌آذربايجان‌غربي‌,1885,5617967,110649561560,19050,18250,20000,950,4.99,19700,650,3.41,18250,20000,1399-9-11
247,چكاوه,صنايع‌كاغذسازي‌كاوه‌,1871,3551087,102523867320,29610,28900,28430,-1180,-3.99,28870,-740,-2.5,28130,29800,1399-9-11
248,ودي,بيمه  دي,1868,12225707,335334386308,26191,27500,27500,1309,5.0,27429,1238,4.73,26696,27500,1399-9-11
249,سپاها,سيمان‌سپاهان‌,1864,12452276,114626878810,9080,9300,9530,450,4.96,9210,130,1.43,8810,9530,1399-9-11
250,غدشت,دشت‌ مرغاب‌,1857,683769,184225092820,262060,265000,275160,13100,5.0,269430,7370,2.81,248960,275160,1399-9-11
251,غگرجي,بيسكويت‌  گرجي‌,1850,3131351,112065270310,36180,34380,35700,-480,-1.33,35790,-390,-1.08,34380,37970,1399-9-11
252,وآيند,بانك  آينده,1845,8104515,191777138445,24145,23663,23663,-482,-2.0,23663,-482,-2.0,23663,23663,1399-9-11
253,كلوند,كاشي‌ الوند,1838,6821422,169698620910,23750,24930,24930,1180,4.97,24880,1130,4.76,23510,24930,1399-9-11
254,آريان,سرمايه گذاري پارس آريان,1825,39207581,644280783065,16443,16450,16442,-1,-0.01,16433,-10,-0.06,16000,16690,1399-9-11
255,لخزر,پارس‌ خزر,1819,478477,91004881630,191920,186000,185600,-6320,-3.29,190200,-1720,-0.9,185030,197000,1399-9-11
256,قشرين,قند شيرين خراسان,1809,8715930,184451091066,20568,20300,21184,616,2.99,21163,595,2.89,20300,21185,1399-9-11
257,ثمسكن,سرمايه‌گذاري‌ مسكن‌,1804,23669855,151883563790,6490,6310,6400,-90,-1.39,6420,-70,-1.08,6190,6600,1399-9-11
258,غاذر,كشت‌وصنعت‌پياذر,1764,2927541,237928039300,85040,83000,80790,-4250,-5.0,81270,-3770,-4.43,80790,84790,1399-9-11
259,غپاك,لبنيات‌ پاك‌,1764,7788703,114606478500,15180,14550,14470,-710,-4.68,14710,-470,-3.1,14430,15300,1399-9-11
260,پكرمان,گروه‌ صنعتي‌ بارز,1759,4991648,165914254680,33660,33950,32500,-1160,-3.45,33240,-420,-1.25,32200,34500,1399-9-11
261,كمرجان,بازرگاني و توليدي مرجان كار,1753,1766585,122513217093,67296,68500,70660,3364,5.0,69350,2054,3.05,63960,70660,1399-9-11
262,شخارك,پتروشيمي‌ خارك‌,1749,3510053,163827861980,46820,47500,46000,-820,-1.75,46670,-150,-0.32,45110,48500,1399-9-11
263,شرانل,نفت ايرانول,1749,2528848,92331966493,37149,36510,35510,-1639,-4.41,36511,-638,-1.72,35310,37990,1399-9-11
264,فخاس,فولاد خراسان,1743,3176797,103576744740,32080,33000,32360,280,0.87,32570,490,1.53,30480,33570,1399-9-11
265,ثالوند,سرمايه گذاري مسكن الوند,1730,6062078,88231726847,14309,14200,14840,531,3.71,14555,246,1.72,13660,15000,1399-9-11
266,سرچشمه,سرمايه گذاري مس سرچشمه,1725,11266273,98564382933,8623,8930,8600,-23,-0.27,8749,126,1.46,8251,8999,1399-9-11
267,كقزوي,شيشه‌ قزوين‌,1717,8929206,69574320956,7916,8000,7679,-237,-2.99,7792,-124,-1.57,7679,8100,1399-9-11
268,كساوه,صنايع‌ كاشي‌ و سراميك‌ سينا,1708,2500543,200052767100,77580,77000,80000,2420,3.12,80000,2420,3.12,75600,81290,1399-9-11
269,تيپيكو,سرمايه گذاري دارويي تامين,1703,2669679,158721203750,62010,60110,58970,-3040,-4.9,59450,-2560,-4.13,58910,61980,1399-9-11
270,وليز,ليزينگ‌ايران‌,1686,19467479,175562035710,8750,8930,9180,430,4.91,9020,270,3.09,8570,9180,1399-9-11
271,غمهراح,ح . توليدي‌مهرام‌,1675,2287453,127470476590,53560,50200,57440,3880,7.24,55730,2170,4.05,50200,58920,1399-9-11
272,تكشا,گسترش‌صنايع‌وخدمات‌كشاورزي‌,1668,2357049,152574629750,68050,64650,64650,-3400,-5.0,64730,-3320,-4.88,64650,66200,1399-9-11
273,وايرا,سرمايه گذاري صنايع ايران,1657,15896741,128834218238,7908,7930,8145,237,3.0,8104,196,2.48,7692,8145,1399-9-11
274,سپح,ح . پرداخت الكترونيك سامان كيش,1652,3550867,52848816720,15120,14000,15040,-80,-0.53,14880,-240,-1.59,13990,15100,1399-9-11
275,كطبس,ذغال‌سنگ‌ نگين‌ ط‌بس‌,1632,4167648,264720600390,61940,59200,64990,3050,4.92,63520,1580,2.55,59200,65030,1399-9-11
276,كاردان,صندوق س تجارت شاخصي كاردان,1613,781360,144094432230,185580,185520,185600,20,0.01,184410,-1170,-0.63,176000,187300,1399-9-11
277,فباهنر,مس‌ شهيدباهنر,1607,1665337,91019191940,55940,56000,53650,-2290,-4.09,54660,-1280,-2.29,53200,57950,1399-9-11
278,بخاور,بيمه زندگي خاورميانه,1576,12998770,113305752572,8520,8730,8930,410,4.81,8717,197,2.31,8140,8946,1399-9-11
279,فايرا,آلومينيوم‌ايران‌,1568,4068486,98653979750,25110,25000,24300,-810,-3.23,24250,-860,-3.42,23860,25280,1399-9-11
280,پارس,پتروشيمي پارس,1565,1206455,202466004870,166080,166780,168000,1920,1.16,167820,1740,1.05,161950,170000,1399-9-11
281,وپترو,سرمايه‌گذاري صنايع پتروشيمي‌,1559,20988488,392483632090,17870,17750,18760,890,4.98,18700,830,4.64,17200,18760,1399-9-11
282,حتوكا,حمل‌ونقل‌توكا,1554,4186194,78553573460,19340,19000,18390,-950,-4.91,18760,-580,-3.0,18380,19400,1399-9-11
283,آرمان,بيمه آرمان,1547,21958089,209796846015,9428,9146,9710,282,2.99,9554,126,1.34,9146,9710,1399-9-11
284,فپنتا,سپنتا,1546,253546,82108920810,320220,330000,322900,2680,0.84,323840,3620,1.13,320000,330000,1399-9-11
285,ما,بيمه  ما,1535,24861576,227991357970,8760,9120,9190,430,4.91,9170,410,4.68,8760,9190,1399-9-11
286,فرآور,فرآوري‌موادمعدني‌ايران‌,1530,7029902,156595316980,21250,22290,22310,1060,4.99,22280,1030,4.85,21260,22310,1399-9-11
287,بهپاك,صنعتي بهپاك,1517,4126798,164785708784,40983,38934,39100,-1883,-4.59,39931,-1052,-2.57,38934,41490,1399-9-11
288,وكار,بانك‌ كارآفرين‌,1517,51270316,216981665430,4040,4240,4230,190,4.7,4230,190,4.7,4110,4240,1399-9-11
289,زگلدشت,كشت و دام گلدشت نمونه اصفهان,1515,2120578,85405291706,39744,37860,40500,756,1.9,40275,531,1.34,37757,41490,1399-9-11
290,سپ,پرداخت الكترونيك سامان كيش,1512,4164803,69191135780,16950,16850,16640,-310,-1.83,16610,-340,-2.01,16220,17190,1399-9-11
291,دفارا,داروسازي‌ فارابي‌,1483,2118066,141540467990,65990,65990,68500,2510,3.8,66830,840,1.27,62860,68500,1399-9-11
292,ملت,بيمه ملت,1466,7273842,122424594540,16180,16790,16980,800,4.94,16830,650,4.02,15390,16980,1399-9-11
293,خفنر,فنرسازي‌خاور,1464,6513232,127992310330,18800,19100,19740,940,5.0,19650,850,4.52,18170,19740,1399-9-11
294,قشكر,شكرشاهرود,1441,2732584,116471560660,44270,42060,42450,-1820,-4.11,42620,-1650,-3.73,42060,44690,1399-9-11
295,فيروزه,صندوق شاخص30 شركت فيروزه- سهام,1440,683669,125690992110,184680,184000,182820,-1860,-1.01,183850,-830,-0.45,170030,187970,1399-9-11
296,قزوين,كارخانجات‌ قند قزوين‌,1432,2490118,102392300550,42690,41500,40560,-2130,-4.99,41120,-1570,-3.68,40560,43200,1399-9-11
297,حبندر,دريايي و کشتيراني خط دريابندر,1423,3895789,113927923498,28602,29240,29158,556,1.94,29244,642,2.24,27744,29460,1399-9-11
298,دكپسول,توليد ژلاتين كپسول ايران,1421,4984184,192649411158,37021,38872,38872,1851,5.0,38652,1631,4.41,37180,38872,1399-9-11
299,آوا,صندوق س.سهام آواي معيار-س,1421,6590122,61919357746,9403,9460,9300,-103,-1.1,9396,-7,-0.07,9100,9550,1399-9-11
300,عيار,صندوق س. پشتوانه طلاي مفيد,1418,3180306,93617108169,28060,29900,29300,1240,4.42,29437,1377,4.91,29210,29900,1399-9-11
301,ثشرق,سرمايه گذاري مسكن شمال شرق,1417,13028971,71445436870,5510,5450,5410,-100,-1.81,5480,-30,-0.54,5250,5600,1399-9-11
302,كاذر,فرآورده‌هاي‌نسوزآذر,1411,4037537,76052828330,19640,19640,18720,-920,-4.68,18840,-800,-4.07,18660,19640,1399-9-11
303,كساپا,سايپاشيشه‌,1407,4611530,122994837660,26760,25430,26990,230,0.86,26670,-90,-0.34,25430,27500,1399-9-11
304,آپ,آسان پرداخت پرشين,1400,4306089,79632799020,18890,18300,18250,-640,-3.39,18490,-400,-2.12,18050,18900,1399-9-11
305,بشهاب,لامپ‌  پارس‌ شهاب‌,1398,905686,60545324040,68060,69510,67000,-1060,-1.56,66850,-1210,-1.78,64660,71000,1399-9-11
306,مارون,پتروشيمي مارون,1394,1224451,168550606715,140352,138995,139990,-362,-0.26,137654,-2698,-1.92,135320,141755,1399-9-11
307,وگستر,گسترش سرمايه گذاري ايرانيان,1389,4343019,104563974615,23217,23870,24000,783,3.37,24076,859,3.7,22753,24377,1399-9-11
308,غشهد,شهد ايران ‌,1379,6618650,43829772070,6890,6550,6550,-340,-4.93,6650,-240,-3.48,6550,6860,1399-9-11
309,غگلپا,شير پاستوريزه پگاه گلپايگان,1379,2355690,173519942914,70382,73800,73901,3519,5.0,73660,3278,4.66,70382,73901,1399-9-11
310,فلامي,لاميران‌,1370,2117953,87770032680,40080,42050,42080,2000,4.99,41440,1360,3.39,38080,42080,1399-9-11
311,شوينده,مديريت صنعت شوينده ت.ص.بهشهر,1365,3571798,146835093720,42770,40760,41300,-1470,-3.44,41110,-1660,-3.88,40640,42300,1399-9-11
312,خكار,ايركا پارت صنعت,1362,4098039,129814947280,30260,31300,31770,1510,4.99,31680,1420,4.69,30020,31770,1399-9-11
313,خموتور,موتورسازان‌تراكتورسازي‌ايران‌,1355,9311492,98966708220,11000,10600,10450,-550,-5.0,10630,-370,-3.36,10450,11090,1399-9-11
314,غپآذر,شير پگاه آذربايجان شرقي,1354,4962626,296679616604,57494,60368,55900,-1594,-2.77,59783,2289,3.98,55011,60368,1399-9-11
315,شاوان,پالايش نفت لاوان,1342,4049816,491155245623,116063,115980,121510,5447,4.69,121278,5215,4.49,110260,121866,1399-9-11
316,سدور,سيمان‌ دورود,1340,19296078,173494261810,8590,8710,9010,420,4.89,8990,400,4.66,8700,9010,1399-9-11
317,ولشرق,ليزينگ ايران و شرق,1336,11081803,71981239031,6640,6500,6400,-240,-3.61,6495,-145,-2.18,6308,6740,1399-9-11
318,دامين,داروسازي‌ امين‌,1330,4126511,58629804550,14570,13920,13870,-700,-4.8,14210,-360,-2.47,13850,14720,1399-9-11
319,رتاپ,تجارت الكترونيك  پارسيان,1324,5034893,35077953790,7050,7180,6860,-190,-2.7,7000,-50,-0.71,6800,7180,1399-9-11
320,ثنوسا,نوسازي‌وساختمان‌تهران‌,1320,25451278,282434189740,10640,10660,11170,530,4.98,11100,460,4.32,10660,11170,1399-9-11
321,وسبحان,سرمايه گذاري سبحان,1315,8189206,73468860939,8799,8920,8915,116,1.32,8971,172,1.95,8710,9190,1399-9-11
322,حتايد,تايدواترخاورميانه,1314,5109361,104501796310,20930,19910,20150,-780,-3.73,20450,-480,-2.29,19890,21210,1399-9-11
323,وپسا,س. پتروشيمي ساختمان  خليج فارس,1291,16034653,63659443240,4008,3950,3888,-120,-2.99,3970,-38,-0.95,3888,4100,1399-9-11
324,وگردش,بانك گردشگري,1286,10507275,215994622820,19963,20561,20561,598,3.0,20557,594,2.98,20190,20561,1399-9-11
325,دكيمي,كيميدارو,1280,4710083,128722605500,26360,27670,26500,140,0.53,27330,970,3.68,26360,27670,1399-9-11
326,پارند,صندوق س. پارند پايدار سپهر,1265,110152674,1255734185726,11401,11400,11405,4,0.04,11400,-1,-0.01,11383,11410,1399-9-11
327,غمينو,شركت صنايع غذايي مينو شرق,1260,5984727,73536143800,11761,12349,12349,588,5.0,12287,526,4.47,11700,12349,1399-9-11
328,فولاژ,فولاد آلياژي ايران,1239,2828141,75032538960,25460,26610,26400,940,3.69,26530,1070,4.2,25800,26730,1399-9-11
329,تكنو,تكنوتار,1238,3552091,49488260690,14500,13790,13780,-720,-4.97,13930,-570,-3.93,13780,14500,1399-9-11
330,خمهر,مهركام‌پارس‌,1237,20772353,161347869620,7420,7790,7790,370,4.99,7770,350,4.72,7510,7790,1399-9-11
331,رتاپح,ح.تجارت الكترونيك پارسيان,1225,6094164,30625476850,5220,5080,4900,-320,-6.13,5030,-190,-3.64,4850,5250,1399-9-11
332,بكاب,صنايع‌جوشكاب‌يزد,1223,744747,198569522560,254150,266850,266850,12700,5.0,266630,12480,4.91,256800,266850,1399-9-11
333,قلرست,قند لرستان‌,1210,3262506,88417739300,26060,25960,27360,1300,4.99,27100,1040,3.99,24960,27360,1399-9-11
334,سمازن,سيمان‌مازندران‌,1210,5813862,60462070960,10520,10530,10250,-270,-2.57,10400,-120,-1.14,10110,10660,1399-9-11
335,جم,پتروشيمي جم,1188,2929779,139782665660,48130,48790,47790,-340,-0.71,47710,-420,-0.87,46010,49600,1399-9-11
336,ولصنم,ليزينگ‌صنعت‌ومعدن‌,1177,14897864,143308150350,9210,9550,9670,460,4.99,9620,410,4.45,8840,9670,1399-9-11
337,وآرين,شركت توسعه اقتصادي آرين,1175,7789475,49083438506,6153,6200,6337,184,2.99,6301,148,2.41,6010,6337,1399-9-11
338,وتوسم,سرمايه‌گذاري‌توسعه‌ملي‌,1150,4144485,54802033160,13270,13270,13270,0,0.0,13220,-50,-0.38,12820,13500,1399-9-11
339,دعبيد,لابراتوارداروسازي‌  دكترعبيدي‌,1147,1792688,57003558410,31500,31500,31800,300,0.95,31800,300,0.95,30200,33000,1399-9-11
340,پسهند,صنايع‌ لاستيكي‌  سهند,1134,2972152,126058242300,40630,42590,42660,2030,5.0,42410,1780,4.38,38700,42660,1399-9-11
341,پخش,پخش البرز,1123,2074493,85883978242,42100,42000,40860,-1240,-2.95,41400,-700,-1.66,40000,42850,1399-9-11
342,پرديس,سرمايه گذاري پرديس,1118,8923903,67609343330,7630,7650,7480,-150,-1.97,7580,-50,-0.66,7310,7750,1399-9-11
343,حپارسا,توسعه حمل و نقل ريلي پارسيان,1108,2067754,75100980532,36017,36800,35400,-617,-1.71,36320,303,0.84,34520,37370,1399-9-11
344,كمنگنز,معادن‌منگنزايران‌,1107,902418,88299070230,93690,95800,98370,4680,5.0,97850,4160,4.44,90070,98370,1399-9-11
345,پارند2,صندوق س. پارند پايدار سپهر,1100,110000000,110000000,11401,1,1,-11400,-99.99,1,-11400,-99.99,1,1,1399-9-11
346,چفيبر,فيبر ايران‌,1096,11417501,77930635020,7030,6860,6700,-330,-4.69,6830,-200,-2.84,6680,7100,1399-9-11
347,غشصفا,شيرپاستوريزه‌پگاه‌اصفهان‌,1095,4169375,129420845640,29840,30500,31330,1490,4.99,31040,1200,4.02,29000,31330,1399-9-11
348,پارتا,مجتمع‌صنعتي‌آرتاويل‌تاير,1095,1370185,79406552798,57885,56800,56211,-1674,-2.89,57953,68,0.12,56149,59621,1399-9-11
349,فسپا,گروه‌صنعتي‌سپاهان‌,1093,1771721,80774648460,46320,44510,44900,-1420,-3.07,45590,-730,-1.58,44510,46800,1399-9-11
350,ددام,داروسازي زاگرس فارمد پارس,1071,10303213,153130859440,14170,14870,14870,700,4.94,14860,690,4.87,14000,14870,1399-9-11
351,زنجان,صنايع كشاورزي وكود زنجان,1070,14444228,128067241059,8453,8875,8875,422,4.99,8866,413,4.89,8031,8875,1399-9-11
352,وخاور,بانك خاورميانه,1065,4899451,53942519120,11150,11010,10870,-280,-2.51,11040,-110,-0.99,10870,11300,1399-9-11
353,ونفت,سرمايه‌گذاري‌ صنعت‌ نفت‌,1060,6474911,103258040180,15320,15330,16080,760,4.96,15950,630,4.11,15330,16080,1399-9-11
354,واتي,سرمايه‌ گذاري‌ آتيه‌ دماوند,1058,5634803,75919491570,13600,13470,13600,0,0.0,13470,-130,-0.96,13120,13890,1399-9-11
355,وشهر,بانك شهر,1058,29702868,241929859860,7832,8145,8145,313,4.0,8145,313,4.0,8145,8145,1399-9-11
356,وصنا,گروه‌صنايع‌بهشهرايران‌,1057,5465556,79381317640,14480,14700,14700,220,1.52,14520,40,0.28,13800,14980,1399-9-11
357,ساروم,سيمان‌اروميه‌,1055,2276113,58819605660,25740,26000,25560,-180,-0.7,25840,100,0.39,24900,26480,1399-9-11
358,زر,صندوق س.پشتوانه سكه طلاي زر,1050,984991,50430416089,49147,51500,50900,1753,3.57,51199,2052,4.18,50610,52345,1399-9-11
359,گشان,توسعه بين المللي پديده شانديز,1049,425135,32335342965,77611,76059,76059,-1552,-2.0,76501,-1110,-1.43,76059,76059,1399-9-11
360,زشريف,كشت وصنعت شريف آباد,1042,2498831,59332372946,23594,22520,23750,156,0.66,23744,150,0.64,22520,24400,1399-9-11
361,غالبر,لبنيات‌ كالبر,1038,3456618,43006286720,12990,13000,12350,-640,-4.93,12510,-480,-3.7,12350,13000,1399-9-11
362,دسانكو,داروسازي سبحان انكولوژي,1031,2693442,46423528762,16917,16917,17190,273,1.61,17185,268,1.58,16400,17600,1399-9-11
363,شكربن,كربن‌ ايران‌,1022,3027273,263617093220,83270,79110,87430,4160,5.0,87080,3810,4.58,79110,87430,1399-9-11
364,وزمين,بانك ايران زمين,1019,8697985,108172852681,12659,12860,12406,-253,-2.0,12437,-222,-1.75,12406,12860,1399-9-11
365,شبصير,توليدات پتروشيمي قائد بصير,1019,1285760,131739560181,101520,100000,106596,5076,5.0,102460,940,0.93,98000,106596,1399-9-11
366,غفارس,شير پاستوريزه پگاه فارس,1013,3501743,32808270712,9793,9500,9304,-489,-4.99,9519,-274,-2.8,9304,9649,1399-9-11
367,داسوه,داروسازي‌ اسوه‌,1013,1280999,37558280450,26440,28890,29400,2960,11.2,28370,1930,7.3,28510,30330,1399-9-11
368,افرا,افرانت,985,2586745,128952132068,52433,49813,50000,-2433,-4.64,49851,-2582,-4.92,49812,51899,1399-9-11
369,لپيام,گسترش صنايع پيام,979,1699852,45210896805,26274,27050,27062,788,3.0,26597,323,1.23,25486,27062,1399-9-11
370,سمگا,گروه سرمايه گذاري ميراث فرهنگي,975,6632999,142483451519,20459,21481,21481,1022,5.0,21481,1022,5.0,21481,21481,1399-9-11
371,شلعاب,لعابيران‌,972,3451386,27950163820,8220,8350,7940,-280,-3.41,8160,-60,-0.73,7810,8350,1399-9-11
372,قهكمت,قندهكمتان‌,964,2912108,157525983800,56890,54730,54050,-2840,-4.99,54090,-2800,-4.92,54050,56880,1399-9-11
373,كفرآور,فرآورده هاي سيمان شرق,950,2662589,50899313157,19625,19153,19037,-588,-3.0,19116,-509,-2.59,19037,19850,1399-9-11
374,دسبحان,سبحان دارو,949,2042168,45424018280,22020,22950,22000,-20,-0.09,22200,180,0.82,21310,22950,1399-9-11
375,وتوشه,سرمايه‌ گذاري‌ پارس‌ توشه‌,941,3161297,69906715710,22870,21910,22000,-870,-3.8,22110,-760,-3.32,21730,23000,1399-9-11
376,مبين,مبين انرژي خليج فارس,940,4532904,108658885090,23530,23200,24080,550,2.34,23970,440,1.87,22630,24520,1399-9-11
377,اطلس,صندوق س.توسعه اندوخته آينده-س,927,225300,46844098742,207936,209990,208660,724,0.35,207919,-17,-0.01,200000,210500,1399-9-11
378,شراز,پالايش نفت شيراز,926,777742,83366500394,105797,104000,111086,5289,5.0,107190,1393,1.32,100510,111086,1399-9-11
379,ختوقا,قطعات‌ اتومبيل‌ ايران‌,925,21816604,83557593320,3650,3830,3830,180,4.93,3830,180,4.93,3830,3830,1399-9-11
380,ختراكح,ح . ريخته‌گري‌ تراكتورسازي‌,923,2398012,29832768800,11480,12300,12630,1150,10.02,12440,960,8.36,11480,12630,1399-9-11
381,شيراز,پتروشيمي‌شيراز,920,2297401,135466353730,58210,57000,58000,-210,-0.36,58970,760,1.31,55350,60470,1399-9-11
382,كنور,توسعه معدني و صنعتي صبانور,911,1249827,58875035030,46660,47610,46680,20,0.04,47110,450,0.96,46650,48220,1399-9-11
383,كروي,توسعه‌ معادن‌ روي‌ ايران‌,898,4850448,168730953880,33140,34790,34790,1650,4.98,34790,1650,4.98,33820,34790,1399-9-11
384,فاما,صنعتي‌ آما,897,1719151,47519528020,28010,28450,27300,-710,-2.53,27680,-330,-1.18,26850,28450,1399-9-11
385,نتوس,پشم‌ بافي‌ توس,896,1918410,19470755051,10432,10140,10120,-312,-2.99,10149,-283,-2.71,10120,10489,1399-9-11
386,بميلا,توسعه بازرگاني آهن وفولادميلاد,874,3610138,82466260508,23443,22500,22902,-541,-2.31,22843,-600,-2.56,22271,23600,1399-9-11
387,خمحور,توليدمحورخودرو,873,935891,60081715160,66950,63700,63610,-3340,-4.99,64200,-2750,-4.11,63610,66840,1399-9-11
388,سيدكو,سرمايه گذاري توسعه صنايع سيمان,869,18773627,155800589250,7910,8300,8300,390,4.93,8300,390,4.93,8130,8300,1399-9-11
389,ضخود1044,اختيارخ خودرو-4000-1399/10/07,866,31990,15304659000,491,450,469,-22,-4.48,478,-13,-2.65,450,502,1399-9-11
390,شفن,پتروشيمي فناوران,858,290734,86621127830,301180,297900,293390,-7790,-2.59,298550,-2630,-0.87,292000,306500,1399-9-11
391,سشمال,سيمان‌ شمال‌,857,4621630,41519085030,8610,9040,9040,430,4.99,8890,280,3.25,8500,9040,1399-9-11
392,لبوتان,گروه‌صنعتي‌بوتان‌,853,882605,60294398600,68010,70000,69180,1170,1.72,68310,300,0.44,64610,70200,1399-9-11
393,شدوص,دوده‌ صنعتي‌ پارس‌,852,1386845,31313179040,23090,23090,22300,-790,-3.42,22780,-310,-1.34,22250,23450,1399-9-11
394,كيان,صندوق س. با درآمد ثابت كيان,852,22171594,579474983144,26121,26136,26139,18,0.07,26136,15,0.06,26135,26140,1399-9-11
395,وبشهر,توسعه‌ صنايع‌ بهشهر(هلدينگ,848,3749834,65945388570,17450,17530,17300,-150,-0.86,17590,140,0.8,16700,18000,1399-9-11
396,خفناور,مهندسي صنعتي روان فن آور,843,3206220,81902497076,24824,25568,25568,744,3.0,25545,721,2.9,24500,25568,1399-9-11
397,بالبر,كابل‌ البرز,842,1490753,34785368200,23790,22610,23300,-490,-2.06,23490,-300,-1.26,22610,24390,1399-9-11
398,كشرق,صنعتي و معدني شمال شرق شاهرود,842,909805,70295824209,75289,72100,79053,3764,5.0,77265,1976,2.62,72100,79053,1399-9-11
399,ثعتما,س. ساختماني اعتماد گستر,837,1786123,69998607402,40183,40789,38978,-1205,-3.0,39190,-993,-2.47,38978,40789,1399-9-11
400,سيستم,همكاران سيستم,836,1428726,48694864640,34700,33850,33600,-1100,-3.17,34170,-530,-1.53,32970,35900,1399-9-11
401,جم پيلن,پلي پروپيلن جم - جم پيلن,831,1734691,152043968780,86130,88000,87600,1470,1.71,87650,1520,1.76,84000,89000,1399-9-11
402,توريل,توکاريل,830,4409190,96961197572,20946,21993,21993,1047,5.0,21991,1045,4.99,21449,21993,1399-9-11
403,وسلرستا,شركت س استان لرستان,830,31239208,29264252780,900,930,940,40,4.44,920,20,2.22,910,940,1399-9-11
404,كپشير,پشم‌شيشه‌ايران‌,821,2809798,51595933530,18150,18200,18240,90,0.5,18350,200,1.1,17250,19050,1399-9-11
405,تليسه,دامداري تليسه نمونه,812,5684763,51958733820,9621,9140,9140,-481,-5.0,9140,-481,-5.0,9140,9140,1399-9-11
406,تكنار,مجتمع معادن مس تكنار,807,612725,60481412951,96011,98891,98330,2319,2.42,98709,2698,2.81,96100,98891,1399-9-11
407,كفرا,فراورده‌ هاي‌ نسوزايران‌,799,804083,42018962080,50870,52800,50880,10,0.02,51990,1120,2.2,50880,52800,1399-9-11
408,كيميا,معدني كيمياي زنجان گستران,792,3605928,111227090984,29387,30856,30856,1469,5.0,30846,1459,4.96,30000,30856,1399-9-11
409,دتماد,توليدمواداوليه‌داروپخش‌,791,1435711,78486968120,54080,55000,54160,80,0.15,54670,590,1.09,54080,56500,1399-9-11
410,درازك,دارويي‌ رازك‌,791,1572207,66313545550,42750,43000,41800,-950,-2.22,42180,-570,-1.33,41000,43000,1399-9-11
411,سبهان,سيمان‌ بهبهان‌,790,524083,30865498530,57230,60000,58230,1000,1.75,58140,910,1.59,55500,60000,1399-9-11
412,رتكو,كنترل‌خوردگي‌تكين‌كو,783,3199349,54062934660,17330,17340,16900,-430,-2.48,16900,-430,-2.48,16480,17670,1399-9-11
413,كاذرح,ح . فرآورده‌هاي‌نسوزآذر,778,2839423,45757537530,17050,16310,15880,-1170,-6.86,16120,-930,-5.45,15800,17000,1399-9-11
414,شنفت,نفت‌ پارس‌,777,881664,57434255480,64900,66600,64620,-280,-0.43,65110,210,0.32,62000,66800,1399-9-11
415,خپويش,سازه‌ پويش‌,774,1086696,40105055630,38350,38000,36440,-1910,-4.98,37140,-1210,-3.16,36440,38000,1399-9-11
416,وسخوز,شركت س استان خوزستان,759,22838081,21585624110,980,990,940,-40,-4.08,970,-10,-1.02,940,990,1399-9-11
417,كپرور,فرآوري زغال سنگ پروده طبس,758,1217066,56723611585,46807,48000,45065,-1742,-3.72,46607,-200,-0.43,45065,48890,1399-9-11
418,اوان,مبين وان كيش,757,1310762,87789313615,65376,66000,68642,3266,5.0,66976,1600,2.45,62108,68644,1399-9-11
419,گوهران,سرمايه گذاري توسعه گوهران اميد,754,2936609,25782081181,8587,8639,8780,193,2.25,8679,92,1.07,8330,8950,1399-9-11
420,دابور,داروسازي‌ ابوريحان‌,754,704194,32995272280,47220,47550,46740,-480,-1.02,46970,-250,-0.53,46160,47550,1399-9-11
421,لوتوس,تامين سرمايه لوتوس پارسيان,753,5635609,92039740760,16080,15760,16130,50,0.31,16330,250,1.55,15660,16600,1399-9-11
422,كي بي سي,شركت كي بي سي,751,1396010,43917874864,32055,32630,30990,-1065,-3.32,31576,-479,-1.49,30453,33091,1399-9-11
423,ولملت,واسپاري ملت,751,6485566,71023793170,10600,10400,11130,530,5.0,10950,350,3.3,10400,11130,1399-9-11
424,غگلستا,شير پاستوريزه پگاه گلستان,734,2179723,35731118865,15794,16583,16583,789,5.0,16172,378,2.39,15794,16583,1399-9-11
425,كمينا,شيشه سازي مينا,728,3685098,133796893102,34720,36456,36456,1736,5.0,36308,1588,4.57,34877,36456,1399-9-11
426,دسبحا,گروه دارويي سبحان,728,2625338,52821961150,20290,20010,20120,-170,-0.84,20130,-160,-0.79,19280,20880,1399-9-11
427,سفانو,سيمان فارس نو,722,1538202,51680360350,32740,34250,32780,40,0.12,33510,770,2.35,32740,34250,1399-9-11
428,شتوكا,توكا رنگ فولاد سپاهان,720,1130095,47450622586,40003,42003,42003,2000,5.0,41719,1716,4.29,41500,42003,1399-9-11
429,خاور,ايران خودرو ديزل,719,11844813,65940073971,5405,5567,5567,162,3.0,5567,162,3.0,5567,5567,1399-9-11
430,ياقوت,صندوق س ياقوت آگاه-ثابت,685,26907375,308206471472,11451,11469,11440,-11,-0.1,11454,3,0.03,11440,11469,1399-9-11
431,دالبر,البرزدارو,679,2101514,49083036540,23550,23170,23270,-280,-1.19,23380,-170,-0.72,22520,23770,1399-9-11
432,دبالك,مواد اوليه دارويي البرز بالك,678,6206410,106240787466,16326,17142,17142,816,5.0,17118,792,4.85,16757,17142,1399-9-11
433,افق ملت,صندوق س در سهام افق ملت,678,255933,35767519720,139870,140000,140340,470,0.34,139750,-120,-0.09,132000,143890,1399-9-11
434,كاريس,صندوق س.سپهر كاريزما-س,673,332522,70447227647,211651,212948,210100,-1551,-0.73,211857,206,0.1,206350,215000,1399-9-11
435,دپارس,پارس‌ دارو,669,431554,46531594970,107510,104000,103250,-4260,-3.96,107800,290,0.27,103000,109900,1399-9-11
436,آساس,صندوق س.آسمان آرماني سهام-س,669,332134,57145235638,172726,171010,171180,-1546,-0.9,172055,-671,-0.39,169500,174980,1399-9-11
437,سخزر,سيمان‌ خزر,664,1843271,48755566030,25490,26760,26760,1270,4.98,26350,860,3.37,24380,26760,1399-9-11
438,كوير,توليدي فولاد سپيد فراب كوير,659,3357264,64560186720,18320,19230,19230,910,4.97,19030,710,3.88,19230,19230,1399-9-11
439,شفارا,پتروشيمي فارابي,658,4506099,22253120569,5086,4934,4934,-152,-2.99,4938,-148,-2.91,4934,5000,1399-9-11
440,خودكفا,اقتصادي و خودكفايي آزادگان,655,6097889,177351003676,28237,29084,29084,847,3.0,29084,847,3.0,29084,29084,1399-9-11
441,آتيمس,صندوق س.آرمان آتيه درخشان مس-س,652,238055,53372038048,223449,220160,223300,-149,-0.07,224200,751,0.34,220160,228867,1399-9-11
442,بسويچ,پارس‌سويچ‌,650,546578,23705196660,45280,43040,43020,-2260,-4.99,44390,-890,-1.97,43020,45700,1399-9-11
443,شگل,گلتاش‌,647,2247167,59251541110,26780,26000,26400,-380,-1.42,26370,-410,-1.53,25450,26800,1399-9-11
444,سخوز,سيمان خوزستان,643,1416565,32711069470,23090,23800,23100,10,0.04,23090,0,0.0,22400,23800,1399-9-11
445,غبشهر,صنعتي‌ بهشهر,642,3367490,92693637130,26340,27650,27650,1310,4.97,27530,1190,4.52,26400,27650,1399-9-11
446,خديزل,بهمن  ديزل,631,1214393,59632724876,51230,48670,48720,-2510,-4.9,49105,-2125,-4.15,48669,50999,1399-9-11
447,قمرو,قند مرودشت‌,618,996319,26476435810,27560,27490,26660,-900,-3.27,27030,-530,-1.92,26300,27490,1399-9-11
448,وارس,سرمايه گذاري ارس صبا,618,594610,58789613459,96266,99153,97890,1624,1.69,98871,2605,2.71,97000,99153,1399-9-11
449,سرود,سيمان‌شاهرود,615,1931885,27943154230,14180,14220,14750,570,4.02,14330,150,1.06,14000,14870,1399-9-11
450,حخزر,كشتيراني درياي خزر,613,2331953,61979278586,25705,24800,26990,1285,5.0,26578,873,3.4,24420,26990,1399-9-11
451,سبجنو,سيمان‌ بجنورد,613,579079,20005336730,33050,33990,34700,1650,4.99,33600,550,1.66,33050,34700,1399-9-11
452,ولتجار,واسپاري تجارت وسرمايه ايرانيان,591,5200289,32517028352,6117,6277,6300,183,2.99,6253,136,2.22,5998,6300,1399-9-11
453,غپونه,نوش پونه مشهد,590,1506208,26129518643,17792,17281,17519,-273,-1.53,17348,-444,-2.5,17259,17792,1399-9-11
454,دلر,داروسازي‌ اكسير,582,416200,46683663020,116690,113000,110860,-5830,-5.0,112390,-4300,-3.68,110860,115220,1399-9-11
455,شزنگ,تجهيزنيروي‌زنگان‌,577,360219,59894834807,158916,166861,166861,7945,5.0,166273,7357,4.63,158916,166861,1399-9-11
456,واميد,گروه مديريت سرمايه گذاري اميد,567,1285806,49274775810,38290,38990,38280,-10,-0.03,38300,10,0.03,37500,39000,1399-9-11
457,شاملا,معدني‌ املاح‌  ايران‌,555,490302,31269095460,60950,62630,63990,3040,4.99,62640,1690,2.77,61000,63990,1399-9-11
458,سهرمز,سيمان‌هرمزگان‌,547,1475709,28242460080,18710,19190,19380,670,3.58,18930,220,1.18,17780,19520,1399-9-11
459,ركيش,كارت اعتباري ايران كيش,543,2229330,37142674620,16440,16780,16690,250,1.52,16600,160,0.97,16510,16960,1399-9-11
460,گوهر,صندوق سكه طلاي كيان,534,1614494,94172231219,56269,59100,58154,1885,3.35,58329,2060,3.66,57800,59549,1399-9-11
461,ضجار1016,اختيارخ وتجارت-4000-1399/10/21,533,22600,10384063000,439,370,450,11,2.51,459,20,4.56,370,484,1399-9-11
462,زكشت,كشاورزي مكانيزه اصفهان كشت,526,1630011,50998363508,32641,31009,31009,-1632,-5.0,31319,-1322,-4.05,31009,32100,1399-9-11
463,هجرت,پخش هجرت,516,404024,26273482264,65637,62800,64070,-1567,-2.39,65327,-310,-0.47,62800,66226,1399-9-11
464,بمپنا,توليد برق عسلويه  مپنا,516,312884,29652972013,96718,100000,93990,-2728,-2.82,95635,-1083,-1.12,91883,100000,1399-9-11
465,دجابر,داروسازي‌ جابرابن‌حيان‌,515,2682290,106878350320,38060,39960,39960,1900,4.99,39850,1790,4.7,37260,39960,1399-9-11
466,سخاش,سيمان‌خاش‌,514,227353,20661628440,86610,90940,90940,4330,5.0,88240,1630,1.88,89690,90940,1399-9-11
467,خفولا,خدمات فني فولاد يزد,514,1457445,49938030285,33434,34000,35105,1671,5.0,34264,830,2.48,31763,35105,1399-9-11
468,واعتبار,سرمايه گذاري اعتبار ايران,513,8778181,51367475290,5610,5790,5890,280,4.99,5830,220,3.92,5400,5890,1399-9-11
469,پرداخت,به پرداخت ملت,511,654569,31686810260,45720,49950,47460,1740,3.81,47270,1550,3.39,47460,49950,1399-9-11
470,سباقر,سيمان باقران,508,1736180,25700914034,14990,14541,14600,-390,-2.6,14803,-187,-1.25,14541,15390,1399-9-11
471,دروز,داروسازي‌ روزدارو,501,1594832,28415513810,17040,17400,17890,850,4.99,17450,410,2.41,16600,17890,1399-9-11
472,اتكاي,بيمه اتكايي ايرانيان,499,1999964,29592335152,14097,14801,14800,703,4.99,14467,370,2.62,14450,14801,1399-9-11
473,زعف0008پ10,زعفران0008نگين طلاي سرخ(پ),495,362857,48071272015,129863,130000,133333,3470,2.67,132480,2617,2.02,129111,133873,1399-9-11
474,ساراب,سيمان‌ داراب‌,495,1651285,20765445090,12260,12750,12420,160,1.31,12380,120,0.98,12240,12850,1399-9-11
475,وسرضوي,س.سهام عدالت استان خراسان رضوي,489,10219122,11022079750,1030,1080,1080,50,4.85,1030,0,0.0,1030,1080,1399-9-11
476,ثزاگرس,سرمايه گذاري توسعه عمران زاگرس,487,882978,32150233485,37884,38500,36040,-1844,-4.87,36411,-1473,-3.89,35990,38500,1399-9-11
477,لابسا,آبسال‌,486,838627,30879599740,35470,36700,37240,1770,4.99,36210,740,2.09,34510,37240,1399-9-11
478,وثوق,سرمايه گذاري وثوق امين,485,1939559,22115467814,11219,11219,11555,336,2.99,11402,183,1.63,10883,11555,1399-9-11
479,وسينا,بانك سينا,483,6061880,78935036670,12580,12770,13200,620,4.93,13020,440,3.5,12100,13200,1399-9-11
480,شفا,سرمايه گذاري شفادارو,482,361666,21234303300,58620,61490,57000,-1620,-2.76,58660,40,0.07,56500,61490,1399-9-11
481,وسناح,ح. سرمايه گذاري نيروگاهي ايران,476,1752599,18247051065,9923,10419,10419,496,5.0,10411,488,4.92,9511,10419,1399-9-11
482,سغرب,سيمان‌غرب‌,472,1724561,32693245510,18130,18600,19030,900,4.96,18640,510,2.81,18500,19030,1399-9-11
483,قچار,فراوردههاي غذايي وقند چهارمحال,471,1104532,58343603268,50309,52824,52824,2515,5.0,52822,2513,5.0,52010,52824,1399-9-11
484,دسينا,داروسازي‌ سينا,470,962455,26880990300,28320,27000,27900,-420,-1.48,28120,-200,-0.71,27000,28320,1399-9-11
485,خراسان,پتروشيمي خراسان,468,409064,31165227530,76820,75650,76300,-520,-0.68,76460,-360,-0.47,75250,79000,1399-9-11
486,شپاس,نفت پاسارگاد,465,6226824,125743585152,19244,20206,20206,962,5.0,20194,950,4.94,19833,20206,1399-9-11
487,تملتح,ح . تامين سرمايه بانك ملت,460,9061282,72490256000,8000,8000,8000,0,0.0,8000,0,0.0,8000,8000,1399-9-11
488,خلنت,لنت‌ ترمزايران‌,454,467881,36375651270,80440,81000,78100,-2340,-2.91,78460,-1980,-2.46,76420,81400,1399-9-11
489,شپارس,بين‌ المللي‌ محصولات‌  پارس‌,445,1367897,21007495370,15360,15990,15200,-160,-1.04,15360,0,0.0,15200,15990,1399-9-11
490,شرنگي,شيميايي رنگين,444,331344,38105686642,112655,109276,116034,3379,3.0,115003,2348,2.08,109276,116034,1399-9-11
491,فنفت,صنايع تجهيزات نفت,440,4622462,66166723345,13783,14400,14472,689,5.0,14314,531,3.85,13360,14472,1399-9-11
492,وسكرد,شركت س استان كردستان,435,24946641,22290686680,890,880,890,0,0.0,890,0,0.0,880,920,1399-9-11
493,كاسپين,داروسازي كاسپين تامين,432,1042305,28974974803,26887,28231,27300,413,1.54,27363,476,1.77,26000,28231,1399-9-11
494,آكورد,صندوق س. آرمان آتي كوثر-د,423,12127309,358129125241,29517,29534,29505,-12,-0.04,29531,14,0.05,29500,29544,1399-9-11
495,سفاسي,شركت فارسيت اهواز,415,1479191,18374510602,12061,12422,12422,361,2.99,12355,294,2.44,12422,12422,1399-9-11
496,وساغربي,شركت س استان آذربايجان غربي,412,16798936,15073515200,890,870,890,0,0.0,890,0,0.0,870,930,1399-9-11
497,ولانا,شركت ليزينگ آريا دانا,409,1454782,27445180393,18360,18860,18910,550,3.0,18865,505,2.75,18360,18910,1399-9-11
498,مفاخر,توسعه فناوري اطلاعات خوارزمي,406,1255762,52766603991,40026,42027,42027,2001,5.0,41977,1951,4.87,41060,42027,1399-9-11
499,آبين,كشت و صنعت آبشيرين,401,8039357,31821392258,3847,3962,3962,115,2.99,3958,111,2.89,3740,3962,1399-9-11
500,سجام,مجتمع سيمان غرب آسيا,396,1287617,18770606418,14485,14485,14525,40,0.28,14571,86,0.59,14485,14850,1399-9-11
501,غبهار,كشت وصنعت بهاران گلبهار خراسان,395,1651144,61176536344,35972,37051,37051,1079,3.0,37051,1079,3.0,37051,37051,1399-9-11
502,سكرما,سيمان‌ كرمان‌,389,1563296,23531552770,15020,14850,14800,-220,-1.46,15030,10,0.07,14500,15400,1399-9-11
503,فاسمين,كالسيمين‌,381,3691169,63340460040,16350,17160,17160,810,4.95,17160,810,4.95,17160,17160,1399-9-11
504,سدبير,س. تدبيرگران فارس وخوزستان,380,1860056,72181412585,37060,38913,38913,1853,5.0,38806,1746,4.71,37124,38913,1399-9-11
505,وسنا,سرمايه گذاري نيروگاهي ايران,380,4238923,60344923009,13566,14244,14244,678,5.0,14236,670,4.94,13816,14244,1399-9-11
506,آساميد,صندوق س.مشترك آسمان اميد -د,379,18950157,210586772860,11108,11118,11112,4,0.04,11113,5,0.05,11109,11123,1399-9-11
507,وتعاون,بيمه  تعاون,374,1399538,9830243529,7000,7190,6990,-10,-0.14,7011,11,0.16,6890,7190,1399-9-11
508,حپترو,حمل و نقل پتروشيمي( سهامي عام,371,558456,14660437500,26610,26790,26090,-520,-1.95,26510,-100,-0.38,25280,27000,1399-9-11
509,وثخوز,سرمايه گذاري و توسعه خوزستان,370,458395,18819828345,39286,41200,41250,1964,5.0,40707,1421,3.62,39286,41250,1399-9-11
510,شپلي,پلي اكريل ايران,359,4450749,34951731897,7625,7853,7853,228,2.99,7853,228,2.99,7853,7853,1399-9-11
511,وآتوس,س.آرين توسكا قيمت اسمي 350ريال,353,600717,20137951534,32619,33595,33597,978,3.0,33479,860,2.64,31700,33597,1399-9-11
512,سامان,بانك سامان,350,4368479,50150138920,10934,11480,11480,546,4.99,11453,519,4.75,11480,11480,1399-9-11
513,وهنر,گروه توسعه هنر ايران,348,2317488,10156592269,4388,4390,4325,-63,-1.44,4385,-3,-0.07,4270,4498,1399-9-11
514,تشتاد,صنايع توليدي اشتاد ايران‌,348,1901746,29374407933,15053,15000,15504,451,3.0,15446,393,2.61,14800,15504,1399-9-11
515,تسه9907,امتياز تسهيلات مسكن مهر99,344,4143,2603850120,617462,601000,648335,30873,5.0,628494,11032,1.79,601000,648335,1399-9-11
516,كوثر,بيمه كوثر,344,5042354,83909812914,15849,16641,16641,792,5.0,16641,792,5.0,16641,16641,1399-9-11
517,سكارون,سيمان كارون,340,173364,25523484674,151100,155500,146567,-4533,-3.0,147225,-3875,-2.56,146567,155500,1399-9-11
518,ثفارس,عمران‌وتوسعه‌فارس‌,338,2823793,23239816390,7840,8230,8230,390,4.97,8000,160,2.04,8230,8230,1399-9-11
519,ولراز,ليزينگ رازي,333,395564,13865862148,34059,35080,35080,1021,3.0,34674,615,1.81,34570,35080,1399-9-11
520,اميد,تامين سرمايه اميد,329,4440798,53689247820,11520,12090,12090,570,4.95,12040,520,4.51,12090,12090,1399-9-11
521,وپخش,داروپخش‌ (هلدينگ‌,325,260405,35542213360,135450,140000,135630,180,0.13,136150,700,0.52,132920,140000,1399-9-11
522,شساخت,مهندسي و ساختمان صنايع نفت,317,666514,25925203605,38061,38100,39202,1141,3.0,38614,553,1.45,38100,39202,1399-9-11
523,دفرا,فرآورده‌هاي‌ تزريقي‌ ايران‌,316,533353,14081843070,25770,26990,26060,290,1.13,25930,160,0.62,25850,26990,1399-9-11
524,وحافظ,بيمه حافظ,315,731002,41128365526,54625,56263,56263,1638,3.0,56263,1638,3.0,56263,56263,1399-9-11
525,ساينا,صنايع بهداشتي ساينا,315,60001,11351202339,188969,190000,187300,-1669,-0.88,189017,48,0.03,186100,192000,1399-9-11
526,دانا,بيمه دانا,306,8901377,61419501300,6580,6900,6900,320,4.86,6900,320,4.86,6900,6900,1399-9-11
527,كيسون,شركت كيسون,305,2828406,41136336864,13852,14544,14544,692,5.0,14544,692,5.0,14544,14544,1399-9-11
528,خكرمان,گروه اقتصادي كرمان خودرو,304,5346453,28223925387,5126,5279,5279,153,2.98,5279,153,2.98,5279,5279,1399-9-11
529,صايند,صندوق س. گنجينه آينده روشن-د,295,5273160,52531788190,10115,9989,9990,-125,-1.24,9962,-153,-1.51,9910,9990,1399-9-11
530,ضصاد1102,اختيارخ وبصادر-3500-1399/11/12,288,8911,5527550000,629,640,620,-9,-1.43,620,-9,-1.43,600,650,1399-9-11
531,وسفارس,شركت س استان فارس,282,4087169,4414142520,1030,1080,1080,50,4.85,1030,0,0.0,1080,1080,1399-9-11
532,شلرد,كود شيميايي اوره لردگان,281,4258346,41599782074,9485,9769,9769,284,2.99,9769,284,2.99,9769,9769,1399-9-11
533,تسه9902,امتياز تسهيلات مسكن ارديبهشت99,280,3447,2183032927,639806,607816,671796,31990,5.0,633314,-6492,-1.01,607816,671796,1399-9-11
534,شجم,صنايع پتروشيمي تخت جمشيد,279,4226704,36422688670,8409,8620,8661,252,3.0,8617,208,2.47,8410,8661,1399-9-11
535,ونيكي,سرمايه‌گذاري‌ ملي‌ايران‌,274,3036922,48864074980,15330,16090,16090,760,4.96,15680,350,2.28,16090,16090,1399-9-11
536,تپولا,مهندسي مرآت پولاد,272,1033494,30398159022,28557,29413,29413,856,3.0,29413,856,3.0,29413,29413,1399-9-11
537,مداران,داده‌پردازي‌ايران‌,270,1100152,26241185250,22740,23870,23870,1130,4.97,23260,520,2.29,22890,23870,1399-9-11
538,شكف,كف,268,129853,8494798275,66748,65414,65414,-1334,-2.0,65566,-1182,-1.77,65414,65900,1399-9-11
539,سصوفي,سيمان‌ صوفيان‌,267,861213,13176558900,14580,15300,15300,720,4.94,14750,170,1.17,15300,15300,1399-9-11
540,غمهرا,توليدي‌مهرام‌,267,480361,27238871230,54060,56760,56760,2700,4.99,55360,1300,2.4,55140,56760,1399-9-11
541,سيمرغ,سيمرغ,266,770223,13486604730,16680,17510,17510,830,4.98,16880,200,1.2,17510,17510,1399-9-11
542,تسه9709,امتياز تسهيلات مسكن آذر97,265,5049,2794609201,568879,540436,542994,-25885,-4.55,553498,-15381,-2.7,540436,588990,1399-9-11
543,سفار,سيمان‌فارس‌,262,135572,11064568390,84010,82500,81710,-2300,-2.74,83470,-540,-0.64,80040,84400,1399-9-11
544,زماهان,مجتمع توليد گوشت مرغ ماهان,259,913017,23355972368,24412,25632,25632,1220,5.0,24905,493,2.02,25079,25632,1399-9-11
545,بايكا,كارخانجات كابلسازي ‌ايران‌,254,438753,22245215853,49225,50701,50701,1476,3.0,50701,1476,3.0,50701,50701,1399-9-11
546,غچين,كشت‌ و صنعت‌ چين‌ چين,253,849573,44721522720,50140,52640,52640,2500,4.99,52000,1860,3.71,52640,52640,1399-9-11
547,كدما,معدني‌ دماوند,253,87151,22769070260,248820,261260,261260,12440,5.0,253530,4710,1.89,261260,261260,1399-9-11
548,ريشمك,توليد و صادرات ريشمك,250,448680,20957233455,45781,47471,47480,1699,3.71,46138,357,0.78,45781,47500,1399-9-11
549,سصفها,سيمان‌اصفهان‌,246,292382,60569855120,197300,207160,207160,9860,5.0,207160,9860,5.0,207160,207160,1399-9-11
550,واحصا,احياء صنايع خراسان,246,665284,16644519907,23888,25082,25082,1194,5.0,24747,859,3.6,23520,25082,1399-9-11
551,زشگزا,شير و گوشت زاگرس شهركرد,245,310404,52431581256,177804,168914,168914,-8890,-5.0,168914,-8890,-5.0,168914,168914,1399-9-11
552,گپارس,امور رفاهي كارگزاران پارس,244,150360,19626255736,126912,130719,130719,3807,3.0,130347,3435,2.71,126950,130719,1399-9-11
553,دارو,كارخانجات‌داروپخش‌,243,172240,9483491860,55420,54000,55130,-290,-0.52,55350,-70,-0.13,54000,56490,1399-9-11
554,ثجوان,تامين مسكن جوانان,232,2432433,19371571260,7608,7676,7988,380,4.99,7910,302,3.97,7610,7988,1399-9-11
555,تسه9906,امتياز تسهيلات مسكن شهريور99,231,8584,5528064786,614914,600000,645659,30745,5.0,643996,29082,4.73,600000,645659,1399-9-11
556,درهآور,دارويي ره آورد تامين,230,2400003,90100912626,35755,37542,37542,1787,5.0,37542,1787,5.0,37542,37542,1399-9-11
557,ثاصفا,شركت‌ ساختمان‌ اصفهان‌,225,799714,28102749674,33468,35141,35141,1673,5.0,35141,1673,5.0,35141,35141,1399-9-11
558,بالاس,مهندسي ساختمان تاسيسات راه آهن,224,812346,46692835734,54742,57479,57479,2737,5.0,57019,2277,4.16,57479,57479,1399-9-11
559,ختراك,ريخته‌گري‌ تراكتورسازي‌ ايران‌,223,1441658,16276318820,10760,11290,11290,530,4.93,10910,150,1.39,11290,11290,1399-9-11
560,دارا,صندوق س. دارا الگوريتم-د,222,5368225,53798926687,10007,10030,10017,10,0.1,10022,15,0.15,10004,10030,1399-9-11
561,آسيا,بيمه آسيا,222,1165653,40564724400,33150,34800,34800,1650,4.98,34280,1130,3.41,34800,34800,1399-9-11
562,وآفري,بيمه كارآفرين,220,14045195,211295913580,14606,15044,15044,438,3.0,15044,438,3.0,15044,15044,1399-9-11
563,ضجار1014,اختيارخ وتجارت-3000-1399/10/21,218,5979,6506274000,1081,1070,1080,-1,-0.09,1088,7,0.65,1010,1145,1399-9-11
564,زقيام,كشت و دام قيام اصفهان,217,1066672,43694085136,43118,40963,40963,-2155,-5.0,40997,-2121,-4.92,40963,40963,1399-9-11
565,سكه0012پ01,سكه تمام بهارتحويلي 1روزه رفاه,216,166600,192187927400,1098657,1153589,1153589,54932,5.0,1153589,54932,5.0,1153589,1153589,1399-9-11
566,سقاين,سيمان‌ قائن‌,213,628619,27558656960,41760,43840,43840,2080,4.98,42800,1040,2.49,43840,43840,1399-9-11
567,شپترو,پتروشيمي آبادان,212,2988994,13904800088,4517,4652,4652,135,2.99,4601,84,1.86,4652,4652,1399-9-11
568,غديس,پاكديس,212,771128,10316150384,14082,13378,13378,-704,-5.0,13924,-158,-1.12,13378,13378,1399-9-11
569,وسيستا,شركت س استان سيستان وبلوچستان,210,6110123,5468503290,890,880,890,0,0.0,890,0,0.0,880,930,1399-9-11
570,ضخود1042,اختيارخ خودرو-3000-1399/10/07,210,6699,7730556000,1209,1136,1159,-50,-4.14,1154,-55,-4.55,1074,1200,1399-9-11
571,قشهد,شهد,207,337840,9694316180,29670,29640,28990,-680,-2.29,29480,-190,-0.64,28190,29770,1399-9-11
572,زبينا,كشاورزي و دامپروري بينالود,204,658668,40408623132,64577,61349,61349,-3228,-5.0,61684,-2893,-4.48,61349,61349,1399-9-11
573,شتولي,تولي‌پرس‌,202,746217,18223774119,24017,24497,24497,480,2.0,24422,405,1.69,23700,24497,1399-9-11
574,نمرينو,ايران‌ مرينوس‌,202,153954,8542945030,57720,54850,54840,-2880,-4.99,57330,-390,-0.68,54840,57860,1399-9-11
575,ساذريح,ح . آذريت‌,201,2585177,14018728591,5575,5410,5408,-167,-3.0,5423,-152,-2.73,5408,5740,1399-9-11
576,وكادو,تكادو,196,1072761,20092813530,18185,18730,18730,545,3.0,18694,509,2.8,18730,18730,1399-9-11
577,زعف0008پ11,زعفران0008نگين سحرخيز(پ),193,120853,15449615912,127499,125100,128000,501,0.39,127838,339,0.27,125100,128500,1399-9-11
578,وملت,سرمايه گذاري ملت,193,1259450,5457196850,4421,4333,4333,-88,-1.99,4372,-49,-1.11,4333,4333,1399-9-11
579,دشيري,شيرين دارو,188,47156,7467121622,158836,160102,158595,-241,-0.15,158657,-179,-0.11,154520,160950,1399-9-11
580,ولبهمن,شركت بهمن ليزينگ,184,3174592,30768145664,9231,9692,9692,461,4.99,9480,249,2.7,9692,9692,1399-9-11
581,آساميد2,صندوق س.مشترك آسمان اميد -د,180,18000000,18000000,11108,1,1,-11107,-99.99,1,-11107,-99.99,1,1,1399-9-11
582,شكبير,پتروشيمي اميركبير,178,148524,8415496394,55242,56000,56415,1173,2.12,55388,146,0.26,55000,56899,1399-9-11
583,بنو,بيمه تجارت نو,177,1346321,34341956068,24294,25508,25508,1214,5.0,25020,726,2.99,25508,25508,1399-9-11
584,اعتلا,شركت سرمايه گذاري اعتلاء البرز,176,3049406,27667260638,8641,9073,9073,432,5.0,8852,211,2.44,9073,9073,1399-9-11
585,داوه,داروسازي آوه سينا,171,718422,12216766110,16196,17005,17005,809,5.0,16377,181,1.12,17005,17005,1399-9-11
586,وسهمدا,شركت س استان همدان,171,3469659,3091557210,900,870,900,0,0.0,900,0,0.0,870,910,1399-9-11
587,سمتاز,سيمان ممتازان كرمان,171,1130985,23825232060,21435,20793,20851,-584,-2.72,21066,-369,-1.72,20793,21600,1399-9-11
588,قپيرا,فرآورده‌هاي‌غدايي‌وقندپيرانشهر,163,66066,5640058950,88390,86000,85740,-2650,-3.0,88040,-350,-0.4,83980,88900,1399-9-11
589,وسمازن,س.سهام عدالت استان مازندران,163,4148006,3905704920,980,940,960,-20,-2.04,980,0,0.0,940,970,1399-9-11
590,وسگيلا,شركت س استان گيلان,159,4894863,4399093870,900,900,900,0,0.0,900,0,0.0,880,920,1399-9-11
591,نيرو,نيرو سرمايه,157,512961,23126079878,43785,45000,45098,1313,3.0,45084,1299,2.97,43810,45098,1399-9-11
592,وسكرمان,س.سهام عدالت استان كرمان,156,2160463,2195182980,990,1020,1020,30,3.03,990,0,0.0,1000,1030,1399-9-11
593,تسه9904,امتياز تسهيلات مسكن تير99,155,1019,641759276,614012,620000,635000,20988,3.42,629793,15781,2.57,610001,644712,1399-9-11
594,سپاس,صندوق س. پاداش سهامداري توسعه1,154,4722777,47909868063,10138,10144,10140,2,0.02,10144,6,0.06,10140,10151,1399-9-11
595,غدام,خوراك‌  دام‌ پارس‌,151,32875,9387127500,300560,285540,285540,-15020,-5.0,297510,-3050,-1.01,285540,285540,1399-9-11
596,الماس,صندوق س.امين تدبيرگران فردا-س,146,30295,3815402876,123996,125999,126850,2854,2.3,125942,1946,1.57,121400,127990,1399-9-11
597,گكيش,توريستي ورفاهي آبادگران كيش,144,179253,10479488886,60270,58462,58462,-1808,-3.0,59279,-991,-1.64,58462,58462,1399-9-11
598,تسه9810,امتياز تسهيلات مسكن دي98,144,2838,1774476257,638104,606199,637748,-356,-0.06,625256,-12848,-2.01,606199,640000,1399-9-11
599,دقاضي,داروسازي شهيد قاضي,143,113903,10057970020,86004,88584,88584,2580,3.0,87114,1110,1.29,85110,88584,1399-9-11
600,سپر,صندوق س سپر سرمايه بيدار- ثابت,143,595151,6393135010,10430,10600,10832,402,3.85,10742,312,2.99,10403,10850,1399-9-11
601,بنيرو,نيروترانس‌,139,530559,28315933830,50830,53370,53370,2540,5.0,52100,1270,2.5,53370,53370,1399-9-11
602,سلار,شركت سيمان لارستان,132,329918,10919835090,32391,33362,33362,971,3.0,32737,346,1.07,31421,33362,1399-9-11
603,وتوكا,سرمايه‌گذاري‌توكافولاد(هلدينگ,132,1064688,11967093120,10710,11240,11240,530,4.95,10830,120,1.12,11240,11240,1399-9-11
604,صنوين,صندوق سرمايه‌گذاري صنوين-مختلط,129,97759,10182441710,104260,104550,103020,-1240,-1.19,104160,-100,-0.1,103010,105100,1399-9-11
605,تسه9903,امتياز تسهيلات مسكن خرداد99,126,1147,732035301,621533,652609,652609,31076,5.0,638217,16684,2.68,617888,652609,1399-9-11
606,ضصاد1104,اختيارخ وبصادر-4500-1399/11/12,125,6273,1505309000,236,240,230,-6,-2.54,240,4,1.69,222,258,1399-9-11
607,ثروتم,صندوق س. ثروت آفرين پارسيان-س,125,58460,6016147480,101427,103000,102450,1023,1.01,102910,1483,1.46,101000,108990,1399-9-11
608,قشير,قند شيروان قوچان و بجنورد,124,605938,21500498054,37350,35483,35483,-1867,-5.0,36461,-889,-2.38,35483,35483,1399-9-11
609,بذر,صندوق س بذر اميد آفرين-سهام,124,56301,6336357260,112880,113000,111800,-1080,-0.96,112540,-340,-0.3,110650,115270,1399-9-11
610,ضشنا1036,اختيارخ شپنا-16000-1399/10/23,121,1019,4325138000,3555,3750,4450,895,25.18,4244,689,19.38,3371,4700,1399-9-11
611,تسه9905,امتياز تسهيلات مسكن مرداد99,120,1048,663300544,632101,600622,640000,7899,1.25,632920,819,0.13,600622,660000,1399-9-11
612,سفارود,كارخانه فارسيت درود,118,241105,2335101925,9882,9685,9685,-197,-1.99,9835,-47,-0.48,9685,9685,1399-9-11
613,اخزا821,اسنادخزانه-م21بودجه98-020906,114,126623,72712709008,578363,574503,573999,-4364,-0.75,574246,-4117,-0.71,571101,577000,1399-9-11
614,ضخود1043,اختيارخ خودرو-3500-1399/10/07,111,2933,2287229000,814,710,751,-63,-7.74,780,-34,-4.18,702,817,1399-9-11
615,ضجار1015,اختيارخ وتجارت-3500-1399/10/21,111,3284,2491022000,725,760,711,-14,-1.93,759,34,4.69,700,790,1399-9-11
616,بموتو,موتوژن‌,110,238668,11064648480,44160,46360,46360,2200,4.98,44610,450,1.02,46360,46360,1399-9-11
617,وحكمت,بيمه حكمت صبا,109,844940,4642100360,5663,5494,5494,-169,-2.98,5621,-42,-0.74,5494,5494,1399-9-11
618,وثنو,سرمايه گذاري ساختماني نوين,108,924418,14351589450,14786,15525,15525,739,5.0,15248,462,3.12,15525,15525,1399-9-11
619,وجامي,سرمايه گذاري جامي,107,645895,6196716630,9138,9594,9594,456,4.99,9266,128,1.4,9594,9594,1399-9-11
620,تسه9710,امتياز تسهيلات مسكن دي 97,104,2780,1812059666,638737,633200,664995,26258,4.11,651820,13083,2.05,630000,668443,1399-9-11
621,كگهر,سنگ آهن گهرزمين,102,323475,14432160600,42492,44616,44616,2124,5.0,42730,238,0.56,44616,44616,1399-9-11
622,تسه9803,امتياز تسهيلات مسكن خرداد98,97,875,537598115,612585,611755,643214,30629,5.0,614398,1813,0.3,582105,643214,1399-9-11
623,ومعادنح,ح . توسعه‌معادن‌وفلزات‌,94,276805,4009258370,13740,15110,14000,260,1.89,14480,740,5.39,14000,15110,1399-9-11
624,ضشنا1035,اختيارخ شپنا-14000-1399/10/23,93,758,4286670000,5087,5380,5804,717,14.09,5655,568,11.17,5026,7000,1399-9-11
625,عيار2,صندوق س. پشتوانه طلاي مفيد,91,910000,910000,28060,1,1,-28059,-100.0,1,-28059,-100.0,1,1,1399-9-11
626,ضفلا1155,اختيارخ فولاد-14000-1399/11/28,90,1575,4051728000,2525,2350,2504,-21,-0.83,2573,48,1.9,2350,2699,1399-9-11
627,اخزا815,اسنادخزانه-م15بودجه98-010406,89,88474,66883926286,755330,750021,756001,671,0.09,755973,643,0.09,750000,759000,1399-9-11
628,وسرمد,بيمه  سرمد,88,604350,4005027450,6434,6627,6627,193,3.0,6470,36,0.56,6627,6627,1399-9-11
629,ساروج,بين المللي ساروج بوشهر,88,195455,3637999065,18353,18903,18200,-153,-0.83,18399,46,0.25,17910,18903,1399-9-11
630,فلات,گروه صنايع معادن فلات ايرانيان,88,1622615,24666993230,14760,15202,15202,442,2.99,15202,442,2.99,15202,15202,1399-9-11
631,ضفلا1156,اختيارخ فولاد-16000-1399/11/28,87,2470,4098348000,1657,1700,1605,-52,-3.14,1659,2,0.12,1600,1729,1399-9-11
632,تصميم,صندوق س با درآمد ثابت تصميم,86,670999,10037864919,14974,14974,14946,-28,-0.19,14960,-14,-0.09,14930,14976,1399-9-11
633,ضملت1130,اختيارخ وبملت-8000-1399/11/28,84,4329,1344703000,264,320,320,56,21.21,311,47,17.8,290,350,1399-9-11
634,وسصفا,شركت س استان اصفهان,84,3517914,3623451420,990,1030,1030,40,4.04,990,0,0.0,1030,1030,1399-9-11
635,ضجار1017,اختيارخ وتجارت-4500-1399/10/21,84,3797,1004397000,252,297,260,8,3.17,265,13,5.16,250,297,1399-9-11
636,اميدح,ح . تامين سرمايه اميد,83,941115,9881707500,10500,10500,10500,0,0.0,10500,0,0.0,10500,10500,1399-9-11
637,گوهر2,صندوق سكه طلاي كيان,80,800000,800000,56269,1,1,-56268,-100.0,1,-56268,-100.0,1,1,1399-9-11
638,پلوله,گازلوله‌,74,827131,15158829837,18512,18327,18327,-185,-1.0,18327,-185,-1.0,18327,18327,1399-9-11
639,سدشت,صنايع سيمان دشتستان,73,28547,1117105790,38270,36710,39240,970,2.53,38290,20,0.05,36710,39980,1399-9-11
640,فيروزا,صندوق بادرآمد ثابت فيروزه آسيا,73,303475,6493335750,21295,21162,21400,105,0.49,21397,102,0.48,21162,21430,1399-9-11
641,ارمغان,ص سرمايه گذاري ارمغان ايرانيان,72,1504765,15272060962,10140,10142,10142,2,0.02,10149,9,0.09,10142,10159,1399-9-11
642,زپارس,ملي كشت و صنعت و دامپروري پارس,70,596282,43665730860,69750,73230,73230,3480,4.99,72510,2760,3.96,73230,73230,1399-9-11
643,تسه9711,امتياز تسهيلات مسكن بهمن 97,70,1022,668748327,643244,663500,675406,32162,5.0,654353,11109,1.73,633010,675406,1399-9-11
644,ضصاد1103,اختيارخ وبصادر-4000-1399/11/12,70,2072,856374000,423,354,383,-40,-9.46,413,-10,-2.36,354,465,1399-9-11
645,سنوين,سرمايه گذاري اقتصاد نوين,70,587309,5851306486,9777,9972,9972,195,1.99,9878,101,1.03,9873,9972,1399-9-11
646,ضخود1048,اختيارخ خودرو-7000-1399/10/07,70,3183,97519000,33,30,31,-2,-6.06,31,-2,-6.06,27,34,1399-9-11
647,تسه9802,امتياز تسهيلات مسكن ارديبهشت98,70,493,305994246,613078,582526,643731,30653,5.0,620678,7600,1.24,582526,643731,1399-9-11
648,تسه9811,امتياز تسهيلات مسكن بهمن98,70,665,428793179,678679,645000,645000,-33679,-4.96,644802,-33877,-4.99,644746,645000,1399-9-11
649,كخاك,صنايع‌خاك‌چيني‌ايران‌,70,431188,19657860920,43420,45590,45590,2170,5.0,44190,770,1.77,45590,45590,1399-9-11
650,كيان2,صندوق س. با درآمد ثابت كيان,70,7000000,7000000,26121,1,1,-26120,-100.0,1,-26120,-100.0,1,1,1399-9-11
651,ضپيك1020,اختيارخ تاپيكو-14000-99/10/16,68,678,2946608000,4592,4500,4300,-292,-6.36,4346,-246,-5.36,4080,4900,1399-9-11
652,افران,صندوق س افرا نماد پايدار-ثابت,66,562338,6877175163,12221,12224,12230,9,0.07,12230,9,0.07,12224,12230,1399-9-11
653,شصفها,پتروشيمي‌ اصفهان‌,64,52315,5195821170,97371,99318,99318,1947,2.0,98220,849,0.87,99318,99318,1399-9-11
654,فسا,پتروشيمي فسا,63,312997,892354447,2939,2851,2851,-88,-2.99,2935,-4,-0.14,2851,2851,1399-9-11
655,تسه9801,امتياز تسهيلات مسكن فروردين98,62,493,324469413,642909,647800,675054,32145,5.0,658153,15244,2.37,647000,675054,1399-9-11
656,تسه9712,امتياز تسهيلات مسكن اسفند97,62,1018,680888199,646647,664998,678979,32332,5.0,668849,22202,3.43,649000,678979,1399-9-11
657,ضخود1045,اختيارخ خودرو-4500-1399/10/07,61,2649,810195000,304,300,297,-7,-2.3,306,2,0.66,277,318,1399-9-11
658,ورازي,بيمه رازي,59,743658,9336626190,13215,12555,12555,-660,-4.99,12859,-356,-2.69,12555,12555,1399-9-11
659,ضملت1128,اختيارخ وبملت-6000-1399/11/28,59,1698,1519756000,920,997,890,-30,-3.26,895,-25,-2.72,875,900,1399-9-11
660,سكه9912پ04,سكه تمام بهارتحويل1روزه صادرات,58,53800,62063088200,1098657,1153589,1153589,54932,5.0,1153589,54932,5.0,1153589,1153589,1399-9-11
661,تسه9812,امتياز تسهيلات مسكن اسفند98,57,688,423280601,619951,591222,649999,30048,4.85,615233,-4718,-0.76,591222,649999,1399-9-11
662,تسه9901,امتياز تسهيلات مسكن فروردين99,57,315,198923238,612370,612370,642988,30618,5.0,631502,19132,3.12,606522,642988,1399-9-11
663,هفارس912,اختيارف ت فارس-14576-99/12/13,55,677169,78551604,729,116,116,-613,-84.09,116,-613,-84.09,116,116,1399-9-11
664,زعف0008پ05,زعفران0008نگين زرين(پ),55,74873,9560621434,127696,128500,126820,-876,-0.69,127691,-5,0.0,126820,128500,1399-9-11
665,اخزا812,اسنادخزانه-م12بودجه98-001111,55,163863,135509339550,825439,805005,824207,-1232,-0.15,826967,1528,0.19,805005,830000,1399-9-11
666,تسه9808,امتياز تسهيلات مسكن آبان98,54,841,530109128,618191,587283,630000,11809,1.91,630332,12141,1.96,587283,649100,1399-9-11
667,وبرق,س.کارکنان صنعت برق زنجان وقزوي,54,62688,11768480928,182264,187731,187731,5467,3.0,185219,2955,1.62,187731,187731,1399-9-11
668,سكه0011پ02,سكه تمام بهارتحويلي 1روزه ملت,53,32700,37722360300,1098656,1153589,1153589,54933,5.0,1153589,54933,5.0,1153589,1153589,1399-9-11
669,جوين,كشت و صنعت جوين,53,268362,6159444624,22284,22952,22952,668,3.0,22479,195,0.88,22952,22952,1399-9-11
670,قجام,فرآوردههاي غذايي وقندتربت‌جام‌,52,175439,2072460907,12178,11813,11813,-365,-3.0,12144,-34,-0.28,11813,11813,1399-9-11
671,آسام,صندوق س.آرمان سپهر آشنا-م,51,31310,3333357240,106183,105001,107540,1357,1.28,106463,280,0.26,105001,107900,1399-9-11
672,اخزا809,اسنادخزانه-م9بودجه98-000923,51,157744,133082177738,842002,842000,844885,2883,0.34,843659,1657,0.2,839002,844885,1399-9-11
673,دعبيدح,ح . داروسازي‌ دكترعبيدي‌,51,27814,831782590,29020,31920,29000,-20,-0.07,29910,890,3.07,29000,31920,1399-9-11
674,ضچاد1017,اختيارخ كچاد-20000-1399/10/02,47,347,914871000,2669,3000,2701,32,1.2,2637,-32,-1.2,2500,3000,1399-9-11
675,اخزا903,اسنادخزانه-م3بودجه99-011110,47,74434,49329847529,665588,663652,663720,-1868,-0.28,662733,-2855,-0.43,661100,665500,1399-9-11
676,كايتاح,ح.ايتالران‌,46,248641,3612505089,14106,14529,14529,423,3.0,14529,423,3.0,14529,14529,1399-9-11
677,جهرم,پتروشيمي جهرم,46,200583,607164741,3120,3027,3027,-93,-2.98,3117,-3,-0.1,3027,3027,1399-9-11
678,تسه9809,امتياز تسهيلات مسكن آذر98,44,597,376350842,619417,595000,650000,30583,4.94,630403,10986,1.77,590000,650387,1399-9-11
679,ضصاد1101,اختيارخ وبصادر-3000-1399/11/12,43,825,780271000,1021,998,942,-79,-7.74,946,-75,-7.35,901,998,1399-9-11
680,فاهواز,نورد و لوله اهواز,42,53022,1019825148,19626,19234,19234,-392,-2.0,19617,-9,-0.05,19234,19234,1399-9-11
681,اخزا902,اسنادخزانه-م2بودجه99-011019,42,44333,29695470420,673728,666155,670999,-2729,-0.41,669828,-3900,-0.58,666155,672999,1399-9-11
682,ضفار1125,اختيارخ فارس-17826-1399/11/07,41,1369,1933898000,718,700,700,-18,-2.51,706,-12,-1.67,611,725,1399-9-11
683,ضغدر1119,اختيارخ وغدير-10000-1399/11/26,40,699,3533101000,4860,4990,5150,290,5.97,5055,195,4.01,4855,5488,1399-9-11
684,اخزا814,اسنادخزانه-م14بودجه98-010318,40,57243,43813035879,764614,760000,764011,-603,-0.08,765387,773,0.1,760000,767900,1399-9-11
685,اخزا818,اسنادخزانه-م18بودجه98-010614,39,33140,23924420127,720617,720000,719710,-907,-0.13,721920,1303,0.18,719710,725000,1399-9-11
686,تسه9806,امتياز تسهيلات مسكن شهريور98,39,658,408035335,612741,611943,643378,30637,5.0,620114,7373,1.2,591500,643378,1399-9-11
687,ضمخا7070,اختيارخ اخابر-20000-1400/07/28,38,301,913233000,2975,3050,3100,125,4.2,3034,59,1.98,2800,3150,1399-9-11
688,اخزا817,اسنادخزانه-م17بودجه98-010512,38,72028,53376588193,741341,735000,741500,159,0.02,741053,-288,-0.04,735000,741999,1399-9-11
689,فافزا,فولاد افزا سپاهان,37,125970,5451855630,44617,43279,43279,-1338,-3.0,44234,-383,-0.86,43279,43279,1399-9-11
690,دمعيار,صندوق س. توازن معيار-د,36,1543009,15504940102,10044,10050,10050,6,0.06,10049,5,0.05,10040,10059,1399-9-11
691,سكه0112پ03,سكه تمام بهارتحويلي1روزه سامان,36,24100,27801494900,1098657,1153589,1153589,54932,5.0,1153589,54932,5.0,1153589,1153589,1399-9-11
692,هترول911,اختيارف ت پترول-14730-99/11/15,36,500000,115500000,853,231,231,-622,-72.92,231,-622,-72.92,231,231,1399-9-11
693,ضخود1046,اختيارخ خودرو-5000-1399/10/07,36,953,152857000,174,180,151,-23,-13.22,160,-14,-8.05,151,190,1399-9-11
694,هبركت912,اختيارف ت بركت-22100-99/12/17,36,143533,371032805,2222,2585,2585,363,16.34,2585,363,16.34,2585,2585,1399-9-11
695,ضپيك1019,اختيارخ تاپيكو-12000-99/10/16,36,392,1707027000,5972,5901,5602,-370,-6.2,4355,-1617,-27.08,600,6100,1399-9-11
696,پدرخش,درخشان‌ تهران‌,35,6914,1432580800,218100,207200,207200,-10900,-5.0,217760,-340,-0.16,207200,207200,1399-9-11
697,اخزا808,اسنادخزانه-م8بودجه98-000817,34,77889,66946374720,862361,860000,857000,-5361,-0.62,859510,-2851,-0.33,851011,860010,1399-9-11
698,ضجار1018,اختيارخ وتجارت-5000-1399/10/21,34,1597,231553000,158,130,155,-3,-1.9,145,-13,-8.23,130,168,1399-9-11
699,غشوكوح,ح . شوكو پارس,32,9943,364551170,36162,38331,35500,-662,-1.83,36664,502,1.39,35500,38331,1399-9-11
700,آكورد2,صندوق س. آرمان آتي كوثر-د,30,3000000,3000000,29517,1,1,-29516,-100.0,1,-29516,-100.0,1,1,1399-9-11
701,اوصتا,صندوق انديشه ورزان صباتامين -د,28,685137,11787025809,17200,17200,17200,0,0.0,17204,4,0.02,17200,17219,1399-9-11
702,سخند,صندوق س.سپهرخبرگان نفت-د,27,171200,1727615020,10097,10085,10097,0,0.0,10091,-6,-0.06,10085,10120,1399-9-11
703,لخانه,لوازم‌ خانگي‌ پارس‌,27,20246,1145134006,58310,56561,56561,-1749,-3.0,58206,-104,-0.18,56561,56561,1399-9-11
704,ضچاد1014,اختيارخ كچاد-14000-1399/10/02,27,204,1501308000,7264,7000,7396,132,1.82,7359,95,1.31,7000,7600,1399-9-11
705,ضخود1041,اختيارخ خودرو-2500-1399/10/07,27,351,565850000,1669,1650,1611,-58,-3.48,1612,-57,-3.42,1600,1690,1399-9-11
706,اخزا901,اسنادخزانه-م1بودجه99-010621,26,37453,27104972945,722740,726000,726000,3260,0.45,723706,966,0.13,715151,726000,1399-9-11
707,اخزا811,اسنادخزانه-م11بودجه98-001013,25,59560,49762183838,836346,836997,834110,-2236,-0.27,835497,-849,-0.1,831100,837001,1399-9-11
708,تسه9804,امتياز تسهيلات مسكن تير98,25,170,103632106,599414,629384,629384,29970,5.0,609601,10187,1.7,575005,629384,1399-9-11
709,ضفار1122,اختيارخ فارس-11826-1399/11/07,24,50,353018000,3525,3300,3940,415,11.77,3530,5,0.14,3200,3999,1399-9-11
710,اخزا704,اسنادخزانه-م4بودجه97-991022,24,37792,37056994342,979466,980500,980299,833,0.09,980551,1085,0.11,980000,985000,1399-9-11
711,ضخود1040,اختيارخ خودرو-2000-1399/10/07,23,452,957167000,2181,2300,2100,-81,-3.71,2118,-63,-2.89,2100,2300,1399-9-11
712,داراب,پتروشيمي داراب,23,151722,459414216,3121,3028,3028,-93,-2.98,3119,-2,-0.06,3028,3028,1399-9-11
713,پست0008پ08,پسته فندقي32-30مه ولات0008(پ),23,2034,3624576398,1776304,1849990,1830000,53696,3.02,1781994,5690,0.32,1770000,1849990,1399-9-11
714,اخزا904,اسنادخزانه-م4بودجه99-011215,22,22446,14592710809,650933,650002,651111,178,0.03,650125,-808,-0.12,642021,656000,1399-9-11
715,كصدف,كاشي صدف سرام استقلال آباده,22,125900,2567101000,19797,20390,20390,593,3.0,19869,72,0.36,20390,20390,1399-9-11
716,اخزا813,اسنادخزانه-م13بودجه98-010219,22,20663,15993568862,772560,772325,774005,1445,0.19,774020,1460,0.19,772325,775500,1399-9-11
717,ضچاد1015,اختيارخ كچاد-16000-1399/10/02,21,42,234585000,5434,6490,5500,66,1.21,5585,151,2.78,5300,6490,1399-9-11
718,اخزا816,اسنادخزانه-م16بودجه98-010503,21,22351,16640005780,743576,745000,745000,1424,0.19,744486,910,0.12,744000,745000,1399-9-11
719,تهران112,مشاركت ش تهران112-3ماهه18%,21,201000,201000000000,1000000,1000000,1000000,0,0.0,1000000,0,0.0,1000000,1000000,1399-9-11
720,وسخراج,شركت س استان خراسان جنوبي,21,110244,233717280,2230,2120,2120,-110,-4.93,2230,0,0.0,2120,2120,1399-9-11
721,سايرا,ايرانيت‌,20,65396,2314274652,35543,35400,35257,-286,-0.8,35507,-36,-0.1,35053,35500,1399-9-11
722,ضصاد1100,اختيارخ وبصادر-2500-1399/11/12,20,294,405168000,1385,1410,1350,-35,-2.53,1378,-7,-0.51,1300,1410,1399-9-11
723,وسقم,شركت س استان قم,20,189115,253414100,1410,1340,1340,-70,-4.96,1410,0,0.0,1340,1340,1399-9-11
724,وسيزد,شركت س استان يزد,19,230347,281023340,1280,1220,1220,-60,-4.69,1280,0,0.0,1220,1220,1399-9-11
725,وشمال,س. چشم انداز توسعه شمال,19,3891,388045539,102813,99729,99729,-3084,-3.0,102750,-63,-0.06,99729,99729,1399-9-11
726,ضبدر1150,اختيارخ شبندر-32000-1399/11/19,19,439,1819640000,3402,3300,4300,898,26.4,4145,743,21.84,3200,4500,1399-9-11
727,ثنظام,س. ساختماني نظام مهندسي ايران,19,21219,864589374,42006,40746,40746,-1260,-3.0,41948,-58,-0.14,40746,40746,1399-9-11
728,ضپيك1021,اختيارخ تاپيكو-16000-99/10/16,18,88,262406000,3000,2800,3300,300,10.0,2982,-18,-0.6,2503,3300,1399-9-11
729,اخزا810,اسنادخزانه-م10بودجه98-001006,18,19014,15875296966,836242,835000,835511,-731,-0.09,834927,-1315,-0.16,825009,837500,1399-9-11
730,داريك,صندوق س.اعتماد داريك-د,18,122260,1242705230,10138,10160,10160,22,0.22,10164,26,0.26,10160,10170,1399-9-11
731,اخزا806,اسنادخزانه-م6بودجه98-000519,17,23481,20924232258,889969,888001,892999,3030,0.34,891113,1144,0.13,888001,892999,1399-9-11
732,اخزا819,اسنادخزانه-م19بودجه98-020322,17,39450,25308750000,650000,655000,640250,-9750,-1.5,641540,-8460,-1.3,640250,655000,1399-9-11
733,ضفلا1154,اختيارخ فولاد-12000-1399/11/28,16,53,197156000,4052,4200,4199,147,3.63,3720,-332,-8.19,409,4200,1399-9-11
734,شستا991,اجاره تامين اجتماعي-امين991226,16,168,167522189,1004691,992022,992246,-12445,-1.24,997156,-7535,-0.75,992022,1009974,1399-9-11
735,فوكا,فولاد كاويان,16,15872,315265536,20477,19863,19863,-614,-3.0,20473,-4,-0.02,19863,19863,1399-9-11
736,اخزا820,اسنادخزانه-م20بودجه98-020806,15,2591,1509883601,582099,582100,582255,156,0.03,582742,643,0.11,582100,584000,1399-9-11
737,نگين,ص.س. زمين و ساختمان نگين شهرري,13,3555,172744130,48740,48500,48550,-190,-0.39,48590,-150,-0.31,48500,48800,1399-9-11
738,تسه9807,امتياز تسهيلات مسكن مهر98,13,161,107426123,702361,667243,667243,-35118,-5.0,667243,-35118,-5.0,667243,667243,1399-9-11
739,كرونا2,تامين مالي جمعي صرفا اهداي سود,13,2652,26520000,10000,10000,10000,0,0.0,10000,0,0.0,10000,10000,1399-9-11
740,ثتوسا,س.توسعه و عمران استان اردبيل,12,3391,210252173,63920,62003,62003,-1917,-3.0,63899,-21,-0.03,62003,62003,1399-9-11
741,فنرژي,گسترش صنايع انرژي آذرآب,12,57111,588471744,10514,10304,10304,-210,-2.0,10501,-13,-0.12,10304,10304,1399-9-11
742,سرو2,صندوق س سروسودمند مدبران-سهام,12,1200000,1200000,70390,1,1,-70389,-100.0,1,-70389,-100.0,1,1,1399-9-11
743,اراد53,مرابحه عام دولت5-ش.خ 0207,12,270000,252100070000,931580,933705,933700,2120,0.23,933704,2124,0.23,933700,933705,1399-9-11
744,ضبدر1151,اختيارخ شبندر-36000-1399/11/19,11,200,656000000,4200,3500,3300,-900,-21.43,3280,-920,-21.9,3200,3500,1399-9-11
745,وسبوشهر,شركت س استان بوشهر,11,460978,553173600,1260,1200,1200,-60,-4.76,1260,0,0.0,1200,1200,1399-9-11
746,اخزا723,اسنادخزانه-م23بودجه97-000824,11,31006,26640744986,853110,859890,859000,5890,0.69,859213,6103,0.72,853802,859900,1399-9-11
747,ضپار1117,اختيارخ خپارس-7000-1399/11/19,11,36,77405000,2126,2423,2100,-26,-1.22,2150,24,1.13,1054,2423,1399-9-11
748,وسخراش,شركت س استان خراسان شمالي,11,71219,93296890,1370,1310,1310,-60,-4.38,1370,0,0.0,1310,1310,1399-9-11
749,ضشنا1037,اختيارخ شپنا-18000-1399/10/23,11,81,244191000,2599,3000,3300,701,26.97,3015,416,16.01,2690,3300,1399-9-11
750,فيروزه2,صندوق شاخص30 شركت فيروزه- سهام,10,100000,100000,184680,1,1,-184679,-100.0,1,-184679,-100.0,1,1,1399-9-11
751,پلاست,كارخانجات توليدي پلاستيران,10,17658,734131350,42860,41575,41575,-1285,-3.0,42811,-49,-0.11,41575,41575,1399-9-11
752,معيار,سرمايه گذاري معيار صنعت پارس,10,154843,4407915681,29047,28467,28467,-580,-2.0,28785,-262,-0.9,28467,28467,1399-9-11
753,وسيلام,شركت س استان ايلام,10,180132,212555760,1240,1180,1180,-60,-4.84,1240,0,0.0,1180,1180,1399-9-11
754,سپرمي,پرميت‌,10,10000,83620912,8281,8359,8363,82,0.99,8282,1,0.01,8359,8363,1399-9-11
755,ضفلا1157,اختيارخ فولاد-18000-1399/11/28,9,197,213680000,1088,1398,1100,12,1.1,1085,-3,-0.28,1000,1200,1399-9-11
756,ضپيك1023,اختيارخ تاپيكو-20000-99/10/16,9,50,55100000,1395,1100,1100,-295,-21.15,1102,-293,-21.0,1100,1150,1399-9-11
757,گنجين,صندوق س. گنجينه يكم آويد-د,9,52318,613533686,11719,11727,11727,8,0.07,11727,8,0.07,11727,11728,1399-9-11
758,ضخود1047,اختيارخ خودرو-6000-1399/10/07,8,131,11750000,71,90,90,19,26.76,90,19,26.76,85,90,1399-9-11
759,كابگن,توليدي و صنعتي آبگينه‌,8,74210,367858970,4908,4957,4957,49,1.0,4912,4,0.08,4957,4957,1399-9-11
760,اراد54,مرابحه عام دولت5-ش.خ 0109,8,1463222,1382013179000,947320,944500,944500,-2820,-0.3,944500,-2820,-0.3,944500,944500,1399-9-11
761,اخزا720,اسنادخزانه-م20بودجه97-000324,8,4111,3763209673,912858,915400,915400,2542,0.28,915400,2542,0.28,915400,915413,1399-9-11
762,اخزا804,اسنادخزانه-م4بودجه98-000421,8,7370,6667718766,899267,902000,905000,5733,0.64,904711,5444,0.61,902000,905000,1399-9-11
763,حرهشا,رهشاد سپاهان (سهامي عام,8,1853,111515393,62042,60181,60181,-1861,-3.0,62031,-11,-0.02,60181,60181,1399-9-11
764,ضغدر1118,اختيارخ وغدير-9000-1399/11/26,7,60,345230000,5789,5701,6000,211,3.64,5754,-35,-0.6,5700,6000,1399-9-11
765,ضپيك1022,اختيارخ تاپيكو-18000-99/10/16,7,121,229603000,1731,1003,1900,169,9.76,1898,167,9.65,1003,1950,1399-9-11
766,وسگلستا,شركت س استان گلستان,7,44238,52200840,1240,1180,1180,-60,-4.84,1240,0,0.0,1180,1180,1399-9-11
767,وسمركز,شركت س استان مركزي,7,58900,78337000,1400,1330,1330,-70,-5.0,1400,0,0.0,1330,1330,1399-9-11
768,آينده,بازرگاني آينده سازان بهشت پارس,7,5389,115642551,22122,21459,21459,-663,-3.0,22118,-4,-0.02,21459,21459,1399-9-11
769,فسديد,لوله‌وتجهيزات‌ سديد - ورشكسته,7,2030,221682090,110306,109203,109203,-1103,-1.0,110256,-50,-0.05,109203,109203,1399-9-11
770,اطلس2,صندوق س.توسعه اندوخته آينده-س,7,70000,70000,207936,1,1,-207935,-100.0,1,-207935,-100.0,1,1,1399-9-11
771,ضمخا7066,اختيارخ اخابر-12000-1400/07/28,7,14,94853000,7210,6100,6750,-460,-6.38,6775,-435,-6.03,6100,7000,1399-9-11
772,آگاس2,صندوق س.هستي بخش آگاه-س,7,2300000,2300000,75422,1,1,-75421,-100.0,1,-75421,-100.0,1,1,1399-9-11
773,اخزا721,اسنادخزانه-م21بودجه97-000728,6,5298,4577489323,862059,861591,864990,2931,0.34,864003,1944,0.23,861591,864990,1399-9-11
774,ضشنا1038,اختيارخ شپنا-20000-1399/10/23,6,57,164398000,2000,2000,2900,900,45.0,2884,884,44.2,2000,2900,1399-9-11
775,اخزا713,اسنادخزانه-م13بودجه97-000518,6,4840,4315936917,889246,892000,889001,-245,-0.03,891722,2476,0.28,889001,900000,1399-9-11
776,ضفار1126,اختيارخ فارس-19826-1399/11/07,6,122,92712000,374,398,395,21,5.61,380,6,1.6,350,399,1399-9-11
777,وسكهبو,س.عدالت ا. كهگيلويه وبويراحمد,6,40000,43200000,1130,1080,1080,-50,-4.42,1130,0,0.0,1080,1080,1399-9-11
778,ضچاد1016,اختيارخ كچاد-18000-1399/10/02,6,83,318500000,3883,4100,3820,-63,-1.62,3837,-46,-1.18,3620,4100,1399-9-11
779,خعمرا,توسعه و عمران شهرستان نائين,6,13040,224353200,16704,17205,17205,501,3.0,16709,5,0.03,17205,17205,1399-9-11
780,شستا993,اجاره ت.اجتماعي-كاردان991226,6,94,93766821,1000312,991000,1000000,-312,-0.03,997519,-2793,-0.28,991000,1000000,1399-9-11
781,ضغدر1121,اختيارخ وغدير-14000-1399/11/26,5,220,671400000,2272,2780,3300,1028,45.25,3052,780,34.33,2780,3300,1399-9-11
782,ضخوز1015,اختيارخ فخوز-13715-1399/10/16,5,17,92499000,5000,5500,5002,2,0.04,5441,441,8.82,5002,5500,1399-9-11
783,اخزا906,اسنادخزانه-م6بودجه99-020321,5,10098,6280184000,621913,621913,623000,1087,0.17,621924,11,0.0,621913,623000,1399-9-11
784,ساذري,آذريت‌,5,2204,13182124,5807,5981,5981,174,3.0,5807,0,0.0,5981,5981,1399-9-11
785,شسم,توليد سموم‌ علف‌ كش,5,1557,135051066,85038,86738,86738,1700,2.0,85060,22,0.03,86738,86738,1399-9-11
786,فن آوا,گروه فن آوا,5,12899,181566324,14511,14076,14076,-435,-3.0,14507,-4,-0.03,14076,14076,1399-9-11
787,وسكرشا,س.سهام عدالت استان كرمانشاه,5,29000,34800000,1260,1200,1200,-60,-4.76,1260,0,0.0,1200,1200,1399-9-11
788,لازما,كارخانه هاي صنعتي آزمايش,5,7788,230003004,30135,29533,29533,-602,-2.0,30121,-14,-0.05,29533,29533,1399-9-11
789,ضملت1129,اختيارخ وبملت-7000-1399/11/28,4,13,7000000,500,500,550,50,10.0,538,38,7.6,500,550,1399-9-11
790,پست0008پ09,پسته بادامي30-28مه ولات0008(پ),4,218,336259918,1622027,1540938,1624999,2972,0.18,1542477,-79550,-4.9,1540934,1624999,1399-9-11
791,افران2,صندوق س افرا نماد پايدار-ثابت,4,400000,400000,12221,1,1,-12220,-99.99,1,-12220,-99.99,1,1,1399-9-11
792,ضملت1123,اختيارخ وبملت-3000-1399/11/28,4,100,250000000,3000,2000,3000,0,0.0,2500,-500,-16.67,2000,3000,1399-9-11
793,وسالت,بانك قرض الحسنه رسالت,4,7500,33202500,4299,4427,4427,128,2.98,4299,0,0.0,4427,4427,1399-9-11
794,وساربيل,شركت س استان اردبيل,4,22911,27951420,1280,1220,1220,-60,-4.69,1280,0,0.0,1220,1220,1399-9-11
795,ضصاد1106,اختيارخ وبصادر-6000-1399/11/12,4,400,40000000,100,100,100,0,0.0,100,0,0.0,100,100,1399-9-11
796,اخزا805,اسنادخزانه-م5بودجه98-000422,4,12814,11574752200,901001,902100,905000,3999,0.44,903290,2289,0.25,902100,905000,1399-9-11
797,ومشان,س. فني و مهندسي مشانير,4,849,47715498,59159,56202,56202,-2957,-5.0,59152,-7,-0.01,56202,56202,1399-9-11
798,اراد35,مرابحه عام دولت3-ش.خ 0103,4,81500,74980000000,920000,920000,920000,0,0.0,920000,0,0.0,920000,920000,1399-9-11
799,اراد55,مرابحه عام دولت5-ش.خ 0209,4,447000,414972450000,928290,928350,928350,60,0.01,928350,60,0.01,928350,928350,1399-9-11
800,زير0003پ01,زيره سبز0003كيميابذر(پ),4,75,42987482,570000,588999,541500,-28500,-5.0,573166,3166,0.56,541500,589000,1399-9-11
801,كايتا,ايتالران‌,3,30373,295620409,9270,9733,9733,463,4.99,9277,7,0.08,9733,9733,1399-9-11
802,وسزنجان,شركت س استان زنجان,3,28763,38830050,1420,1350,1350,-70,-4.93,1420,0,0.0,1350,1350,1399-9-11
803,ضچاد1013,اختيارخ كچاد-12000-1399/10/02,3,21,198490000,8855,8990,9000,145,1.64,9452,597,6.74,8990,9500,1399-9-11
804,ضگل1145,اختيارخ كگل-24000-1399/11/21,3,20,47000000,3000,2000,2500,-500,-16.67,2350,-650,-21.67,2000,2500,1399-9-11
805,ضخوز1014,اختيارخ فخوز-12191-1399/10/16,3,15,130500000,9000,8700,8700,-300,-3.33,8700,-300,-3.33,8700,8700,1399-9-11
806,ضملت1124,اختيارخ وبملت-3500-1399/11/28,3,52,105600000,2965,2000,2800,-165,-5.56,2031,-934,-31.5,2000,2800,1399-9-11
807,اخزا718,اسنادخزانه-م18بودجه97-000525,3,169,150283730,884055,889350,889002,4947,0.56,889253,5198,0.59,889002,889360,1399-9-11
808,تملي702,تسهيلات مسكن ب. ملي-ارديبهشت97,2,10,7802820,780282,780282,780282,0,0.0,780282,0,0.0,780282,780282,1399-9-11
809,صايپا203,صكوك مرابحه سايپا203-3ماهه 16%,2,3005,2968760655,990215,952131,988000,-2215,-0.22,987940,-2275,-0.23,952131,988000,1399-9-11
810,ضبدر1149,اختيارخ شبندر-28000-1399/11/19,2,10,63999000,5500,6399,6400,900,16.36,6400,900,16.36,6399,6400,1399-9-11
811,غنيلي,مجتمع توليدي نيلي صنعت كرمان,2,40000,662520000,16563,16563,16563,0,0.0,16563,0,0.0,16563,16563,1399-9-11
812,شرق1400,مشاركت ليزينگ ايران وشرق140010,2,991,1010820000,1040000,1020000,1020000,-20000,-1.92,1020000,-20000,-1.92,1020000,1020000,1399-9-11
813,ضملت1126,اختيارخ وبملت-4500-1399/11/28,2,4,7998000,1995,1999,2000,5,0.25,1999,4,0.2,1999,2000,1399-9-11
814,ضفلا1151,اختيارخ فولاد-8000-1399/11/28,2,2,13900000,7850,7000,6900,-950,-12.1,6950,-900,-11.46,6900,7000,1399-9-11
815,اخزا807,اسنادخزانه-م7بودجه98-000719,2,8983,7815209722,866112,869999,870000,3888,0.45,870000,3888,0.45,869999,870000,1399-9-11
816,فبستم,صنايع ‌بسته‌بندي‌ مشهد,2,6300,5140800,793,816,816,23,2.9,793,0,0.0,816,816,1399-9-11
817,كشم0001پ01,كشمش سبز0001خليل آباد(پ),2,20,7805490,391794,372250,399980,8186,2.09,390274,-1520,-0.39,372250,399980,1399-9-11
818,ضبدر1158,اختيارخ شبندر-24000-1399/11/19,2,36,360000000,8000,10000,10000,2000,25.0,10000,2000,25.0,10000,10000,1399-9-11
819,هاباد912,اختيارف ت آبادا-30100-99/12/12,2,10954,112256592,11079,10248,10248,-831,-7.5,10248,-831,-7.5,10248,10248,1399-9-11
820,ضملت1127,اختيارخ وبملت-5000-1399/11/28,2,12,17844000,1542,1487,1487,-55,-3.57,1487,-55,-3.57,1487,1487,1399-9-11
821,صگل411,ص اجاره گل گهر 411- 3 ماهه 17%,2,16,16159984,981000,1009999,1009999,28999,2.96,1009999,28999,2.96,1009999,1009999,1399-9-11
822,ضچاد1018,اختيارخ كچاد-24000-1399/10/02,2,3,3000000,4322,1000,1000,-3322,-76.86,1000,-3322,-76.86,1000,1000,1399-9-11
823,ضگل1143,اختيارخ كگل-18000-1399/11/21,1,10,55000000,3000,5500,5500,2500,83.33,5500,2500,83.33,5500,5500,1399-9-11
824,اراد384,مرابحه عام دولت3-ش.خ 0105,1,100000,98967500000,989675,989675,989675,0,0.0,989675,0,0.0,989675,989675,1399-9-11
825,ارزش2,صندوق س ارزش آفرين بيدار-سهام,1,1000000,1000000,10860,1,1,-10859,-99.99,1,-10859,-99.99,1,1,1399-9-11
826,اخزا9062,اسنادخزانه-م6بودجه99-020321,1,500000,311000000000,621913,622000,622000,87,0.01,622000,87,0.01,622000,622000,1399-9-11
827,شكلر2,نيروكلر,1,6200000,363320000000,55810,58600,58600,2790,5.0,58600,2790,5.0,58600,58600,1399-9-11
828,اخزا9042,اسنادخزانه-م4بودجه99-011215,1,100000,65310000000,650933,653100,653100,2167,0.33,653100,2167,0.33,653100,653100,1399-9-11
829,ثاخت2,بين‌المللي‌توسعه‌ساختمان,1,53900000,225302000000,4180,4180,4180,0,0.0,4180,0,0.0,4180,4180,1399-9-11
830,ياقوت2,صندوق س ياقوت آگاه-ثابت,1,13395000,13395000,11451,1,1,-11450,-99.99,1,-11450,-99.99,1,1,1399-9-11
831,اراد584,مرابحه عام دولت5-ش.خ 0110,1,5000000,4715400000000,1000000,943080,943080,-56920,-5.69,943080,-56920,-5.69,943080,943080,1399-9-11
832,آكورد4,صندوق س. آرمان آتي كوثر-د,1,5000000,147250000000,29517,29450,29450,-67,-0.23,29450,-67,-0.23,29450,29450,1399-9-11
833,ضسان1040,اختيارخ پارسان-24000-99/10/14,1,10,31000000,3000,3100,3100,100,3.33,3100,100,3.33,3100,3100,1399-9-11
834,پشاهن,توليدي پلاستيك‌ شاهين,1,2569,19501279,7370,7591,7591,221,3.0,7370,0,0.0,7591,7591,1399-9-11
835,افق2,فروشگاههاي زنجيره اي افق كوروش,1,500000,42090000000,84180,84180,84180,0,0.0,84180,0,0.0,84180,84180,1399-9-11
836,اراد454,مرابحه عام دولت4-ش.خ 0107,1,340000,327760000000,949620,964000,964000,14380,1.51,964000,14380,1.51,964000,964000,1399-9-11
837,رايان911,مشاركت رايان سايپا-3ماهه18%,1,36,35964000,990000,999000,999000,9000,0.91,999000,9000,0.91,999000,999000,1399-9-11
838,كحافظ2,كاشي‌ وسراميك‌ حافظ‌,1,10000000,191400000000,20130,19140,19140,-990,-4.92,19140,-990,-4.92,19140,19140,1399-9-11
839,پكوير2,كوير تاير,1,5000000,99000000000,19220,19800,19800,580,3.02,19800,580,3.02,19800,19800,1399-9-11
840,وصنعت2,سرمايه گذاري توسعه صنعت وتجارت,1,5300000,48389000000,8700,9130,9130,430,4.94,9130,430,4.94,9130,9130,1399-9-11
841,افاد844,منفعت دولت8-ش.خاص ساير0205,1,100000,88000000000,880000,880000,880000,0,0.0,880000,0,0.0,880000,880000,1399-9-11
842,شستا992,اجاره تامين اجتماعي-سپهر991226,1,20,20000000,1000000,1000000,1000000,0,0.0,1000000,0,0.0,1000000,1000000,1399-9-11
843,اراد544,مرابحه عام دولت5-ش.خ 0109,1,400000,377800000000,947320,944500,944500,-2820,-0.3,944500,-2820,-0.3,944500,944500,1399-9-11
844,ونفت2,سرمايه‌گذاري‌ صنعت‌ نفت‌,1,8156501,124794465300,15320,15300,15300,-20,-0.13,15300,-20,-0.13,15300,15300,1399-9-11
845,زعف0008پ09,زعفران0008نگين نوين(پ),1,40,5060800,126376,126520,126520,144,0.11,126520,144,0.11,126520,126520,1399-9-11
846,دمعيار2,صندوق س. توازن معيار-د,1,2500000,2500000,10044,1,1,-10043,-99.99,1,-10043,-99.99,1,1,1399-9-11
847,معيار 2,سرمايه گذاري معيار صنعت پارس,1,2490000,70882830000,29047,28467,28467,-580,-2.0,28467,-580,-2.0,28467,28467,1399-9-11
848,تملي808,تسهيلات مسكن ب. ملي-آبان98,1,24,5002296,198504,208429,208429,9925,5.0,208429,9925,5.0,208429,208429,1399-9-11
849,ضفار1124,اختيارخ فارس-15826-1399/11/07,1,1,3000000,1000,1500,1500,500,50.0,1500,500,50.0,1500,1500,1399-9-11
850,گواهي ظرفيت,گواهي ظرفيت نقدي,1,600000,6383400000,10639,10639,10639,0,0.0,10639,0,0.0,10639,10639,1399-9-11
851,ميدكو2,هلدينگ صنايع  معدني خاورميانه,1,25000000,665875000000,26604,26635,26635,31,0.12,26635,31,0.12,26635,26635,1399-9-11
852,اراد424,مرابحه عام دولت4-ش.خ 0106,1,100000,105625000000,1056250,1056250,1056250,0,0.0,1056250,0,0.0,1056250,1056250,1399-9-11
853,اخزا8152,اسنادخزانه-م15بودجه98-010406,1,100000,75541900000,755330,755419,755419,89,0.01,755419,89,0.01,755419,755419,1399-9-11
854,كرمان02,مرابحه كرمان موتور14020306,1,1000,1020000000,1000769,1020000,1020000,19231,1.92,1020000,19231,1.92,1020000,1020000,1399-9-11
855,افاد744,منفعت دولت7-ش.خاص ساير0204,1,100000,98389000000,983890,983890,983890,0,0.0,983890,0,0.0,983890,983890,1399-9-11
856,صگل1411,ص اجاره گل گهر 1411-3 ماهه 17%,1,40,38240000,1008832,956000,956000,-52832,-5.24,956000,-52832,-5.24,956000,956000,1399-9-11
857,ضمخا7068,اختيارخ اخابر-16000-1400/07/28,1,1,6300000,4000,6300,6300,2300,57.5,6300,2300,57.5,6300,6300,1399-9-11
858,ضمخا7067,اختيارخ اخابر-14000-1400/07/28,1,2,15000000,4500,7500,7500,3000,66.67,7500,3000,66.67,7500,7500,1399-9-11
859,ضگل1142,اختيارخ كگل-16000-1399/11/21,1,5,32500000,6444,6500,6500,56,0.87,6500,56,0.87,6500,6500,1399-9-11
860,اراد56,مرابحه عام دولت5-ش.خ 0308,1,1000,935000000,1000000,935000,935000,-65000,-6.5,935000,-65000,-6.5,935000,935000,1399-9-11
861,مبين011,اجاره اعتماد مبين لوتوس010710,1,155,148921675,975000,960785,960785,-14215,-1.46,960785,-14215,-1.46,960785,960785,1399-9-11
862,غيوان,كيوان,1,6403,99144052,15331,15484,15484,153,1.0,15334,3,0.02,15484,15484,1399-9-11
863,اراد504,مرابحه عام دولت5-ش.خ0302,1,100000,100000000000,968000,1000000,1000000,32000,3.31,1000000,32000,3.31,1000000,1000000,1399-9-11
864,غنوش2,نوش‌ مازندران‌,1,6000000,407340000000,68220,67890,67890,-330,-0.48,67890,-330,-0.48,67890,67890,1399-9-11
865,شپاكسا2,پاكسان‌,1,1500000,46500000000,31980,31000,31000,-980,-3.06,31000,-980,-3.06,31000,31000,1399-9-11
866,اراد45,مرابحه عام دولت4-ش.خ 0107,1,10000,9640000000,949620,964000,964000,14380,1.51,964000,14380,1.51,964000,964000,1399-9-11
867,ضگل1141,اختيارخ كگل-14000-1399/11/21,1,8,58400000,6721,7300,7300,579,8.61,7300,579,8.61,7300,7300,1399-9-11
868,كمند2,صندوق س. با درآمد ثابت كمند,1,50000000,50000000,10140,1,1,-10139,-99.99,1,-10139,-99.99,1,1,1399-9-11
