,نماد,نام,تعداد,حجم,ارزش,دیروز,اولین,آخرین معامله - مقدار,آخرین معامله - تغییر,آخرین معامله - درصد,قیمت پایانی - مقدار,قیمت پایانی - تغییر,قیمت پایانی - درصد,کمترین,بیشترین,تاریخ
0,بوعلي,پتروشيمي بوعلي سينا,579968,108133476,7295672842810,64260,67470,67470,3210,5.0,67470,3210,5.0,67030,67470,1399-10-6
1,شستا,سرمايه گذاري تامين اجتماعي,82612,205214212,4669546687310,23780,23420,22600,-1180,-4.96,22750,-1030,-4.33,22600,23420,1399-10-6
2,پالايش,صندوق پالايشي يکم-سهام,60335,20295655,1690185065880,88620,87100,81740,-6880,-7.76,83280,-5340,-6.03,81260,87200,1399-10-6
3,وسپهر,سرمايه گذاري مالي سپهرصادرات,57334,104307500,1114562671825,11022,11140,10620,-402,-3.65,10685,-337,-3.06,10530,11140,1399-10-6
4,وكبهمن,مديريت سرمايه گذاري كوثربهمن,51583,4464724,90049018356,19209,20169,20169,960,5.0,20169,960,5.0,20169,20169,1399-10-6
5,دارا يكم,صندوق واسطه گري مالي يكم-سهام,43549,10904007,1855877819280,175890,174400,168200,-7690,-4.37,170200,-5690,-3.23,167010,174700,1399-10-6
6,بپيوند,برق و انرژي پيوندگستر پارس,42386,33720113,1015160840879,31783,31500,29345,-2438,-7.67,30105,-1678,-5.28,29050,31783,1399-10-6
7,چخزر,صنايع چوب خزر كاسپين,39246,266016,7635457248,27337,28703,28703,1366,5.0,27536,199,0.73,28703,28703,1399-10-6
8,دي,بانك دي,35681,61526369,2539390808580,42982,43000,40833,-2149,-5.0,41273,-1709,-3.98,40833,43680,1399-10-6
9,فملي,ملي‌ صنايع‌ مس‌ ايران‌,34922,121163788,1811969611180,15580,15500,14810,-770,-4.94,14950,-630,-4.04,14810,15740,1399-10-6
10,سيتا,سرمايه گذاري سيمان تامين,34912,77891714,1366146010630,16870,16870,17710,840,4.98,17540,670,3.97,16610,17710,1399-10-6
11,شپنا,پالايش نفت اصفهان,33786,154734101,2045735094100,13840,13550,13150,-690,-4.99,13220,-620,-4.48,13150,13830,1399-10-6
12,فولاد,فولاد مباركه اصفهان,32340,220671994,2993309973680,14030,13850,13460,-570,-4.06,13560,-470,-3.35,13380,14200,1399-10-6
13,وتجارت,بانك تجارت,32055,831443798,2694745238490,3390,3390,3240,-150,-4.42,3240,-150,-4.42,3230,3390,1399-10-6
14,خودرو,ايران‌ خودرو,28252,566923668,1873960305590,3460,3420,3290,-170,-4.91,3310,-150,-4.34,3290,3450,1399-10-6
15,بگيلان,توسعه مسير برق گيلان,26806,8241252,211237418927,25839,26000,25400,-439,-1.7,25632,-207,-0.8,25201,26150,1399-10-6
16,آبادا,توليد نيروي برق آبادان,26427,12610077,228672050400,18160,18600,18130,-30,-0.17,18130,-30,-0.17,17600,18670,1399-10-6
17,امين,تامين سرمايه امين,25770,21445095,240367132760,11210,11270,11120,-90,-0.8,11210,0,0.0,10960,11550,1399-10-6
18,زملارد,كشاورزي و دامپروري ملارد شير,24919,3880217,175718457011,43254,45200,45416,2162,5.0,45286,2032,4.7,43800,45416,1399-10-6
19,غگل,گلوكوزان‌,24672,341406115,1974656549720,5540,5810,5810,270,4.87,5780,240,4.33,5570,5810,1399-10-6
20,ثبهساز,بهساز كاشانه تهران,21417,106920316,289003299650,2810,2790,2700,-110,-3.91,2700,-110,-3.91,2670,2810,1399-10-6
21,تليسه,دامداري تليسه نمونه,21054,145148346,1126945715067,7754,8141,7550,-204,-2.63,7764,10,0.13,7400,8141,1399-10-6
22,شاروم,پتروشيمي اروميه,20628,11654782,420737630200,34381,36100,36100,1719,5.0,36100,1719,5.0,36100,36100,1399-10-6
23,ثاميد,توسعه و عمران اميد,20464,108116086,237256242180,2240,2250,2160,-80,-3.57,2190,-50,-2.23,2160,2250,1399-10-6
24,پترول,گروه پتروشيمي س. ايرانيان,20069,87740347,1092316366180,12700,13130,12220,-480,-3.78,12450,-250,-1.97,12130,13130,1399-10-6
25,خساپا,سايپا,20011,492253433,1180097175240,2510,2480,2390,-120,-4.78,2400,-110,-4.38,2390,2480,1399-10-6
26,آريا,پليمر آريا ساسول,19137,3244882,607865242545,183593,188600,187000,3407,1.86,187330,3737,2.04,184650,191280,1399-10-6
27,غزر,صنعتي زر ماكارون,18951,3583486,205192720050,59680,59950,56700,-2980,-4.99,57260,-2420,-4.05,56700,59950,1399-10-6
28,وبصادر,بانك صادرات ايران,18641,391001420,1178958500580,3150,3140,3010,-140,-4.44,3020,-130,-4.13,3000,3150,1399-10-6
29,پيزد,مجتمع صنايع لاستيك يزد,18496,2465832,218049025995,88773,90999,86999,-1774,-2.0,88428,-345,-0.39,84735,91440,1399-10-6
30,شگويا,پتروشيمي تندگويان,18453,78412500,858901685736,11447,11450,10920,-527,-4.6,10954,-493,-4.31,10875,11450,1399-10-6
31,وبملت,بانك ملت,18010,232224818,1126087716100,5030,5050,4800,-230,-4.57,4850,-180,-3.58,4780,5050,1399-10-6
32,فروي,ذوب روي اصفهان,17585,12756143,1008798634940,75934,79729,79730,3796,5.0,79083,3149,4.15,75500,79730,1399-10-6
33,سمگا,گروه سرمايه گذاري ميراث فرهنگي,17202,79760591,2920708043803,36215,37800,36500,285,0.79,36618,403,1.11,34700,37800,1399-10-6
34,وپويا,سرمايه گذاري پويا,17084,34250460,272966406365,8319,8350,7905,-414,-4.98,7970,-349,-4.2,7904,8400,1399-10-6
35,حكشتي,كشتيراني جمهوري اسلامي ايران,17079,35918888,893861805910,26040,25300,24740,-1300,-4.99,24890,-1150,-4.42,24740,26000,1399-10-6
36,سفاسي,شركت فارسيت اهواز,16271,65801422,1151396707042,17180,17180,17695,515,3.0,17498,318,1.85,16765,17695,1399-10-6
37,خزر,فنرسازي‌زر,16069,44931141,1558233039620,33510,35180,33000,-510,-1.52,34680,1170,3.49,31850,35180,1399-10-6
38,شتران,پالايش نفت تهران,15919,69342396,774562791760,11700,11540,11120,-580,-4.96,11170,-530,-4.53,11120,11800,1399-10-6
39,خبهمن,گروه‌بهمن‌,15215,45646698,1436992431350,32520,32520,31100,-1420,-4.37,31480,-1040,-3.2,30900,32520,1399-10-6
40,ذوب,سهامي ذوب آهن  اصفهان,15103,183885376,965452747404,5453,5380,5181,-272,-4.99,5250,-203,-3.72,5181,5519,1399-10-6
41,قرن,پديده شيمي قرن,15083,40949488,2741477643800,63900,67090,65190,1290,2.02,66950,3050,4.77,64210,67090,1399-10-6
42,زدشت,كشت و صنعت دشت خرم دره,14961,16501550,992246116205,63715,64620,58111,-5604,-8.8,60130,-3585,-5.63,58040,64800,1399-10-6
43,وسديد,گروه ‌صنعتي‌سديد,14253,51399980,1532425046319,29738,30630,30570,832,2.8,29814,76,0.26,28846,30630,1399-10-6
44,كالا,بورس كالاي ايران,14237,17661055,982098495190,56360,56850,54310,-2050,-3.64,55610,-750,-1.33,53750,58500,1399-10-6
45,ثشاهد,سرمايه‌ گذاري‌ شاهد,14122,42296570,1086203012230,26670,26990,25340,-1330,-4.99,25680,-990,-3.71,25340,27400,1399-10-6
46,خپارس,پارس‌ خودرو,13723,141931153,1192544592720,8140,8490,8540,400,4.91,8400,260,3.19,8140,8540,1399-10-6
47,شبندر,پالايش نفت بندرعباس,13561,45254168,1262251786050,29260,28500,27800,-1460,-4.99,27890,-1370,-4.68,27800,29240,1399-10-6
48,غسالم,سالمين‌,13237,113588841,792199927350,7290,6990,6930,-360,-4.94,6970,-320,-4.39,6930,7250,1399-10-6
49,رافزا,رايان هم افزا,13138,523285,20437418960,37197,39056,39056,1859,5.0,37921,724,1.95,39056,39056,1399-10-6
50,وخارزم,سرمايه گذاري خوارزمي,12841,65394739,700319001610,10800,11130,10690,-110,-1.02,10710,-90,-0.83,10470,11290,1399-10-6
51,خرينگ,رينگ‌سازي‌مشهد,12615,15790248,1182795211580,72290,75900,74250,1960,2.71,74910,2620,3.62,69740,75900,1399-10-6
52,خزاميا,زامياد,12485,66001534,902011588810,13890,14120,13500,-390,-2.81,13670,-220,-1.58,13210,14470,1399-10-6
53,كوثر,بيمه كوثر,12317,77181410,2168840164462,27547,27700,28830,1283,4.66,28101,554,2.01,26170,28924,1399-10-6
54,بكام,كارخانجات توليدي شهيد قندي,12306,192575849,969799077270,4810,5050,5050,240,4.99,5040,230,4.78,4920,5050,1399-10-6
55,ومعلم,بيمه معلم,12180,147249460,1192693743398,7755,8142,8142,387,4.99,8100,345,4.45,7840,8142,1399-10-6
56,خگستر,گسترش‌سرمايه‌گذاري‌ايران‌خودرو,12069,182052327,775933474750,4440,4450,4220,-220,-4.95,4260,-180,-4.05,4220,4530,1399-10-6
57,ملت,بيمه ملت,11990,44266985,1000806245380,22100,22200,23160,1060,4.8,22610,510,2.31,21400,23200,1399-10-6
58,البرز,بيمه البرز,11412,186973876,1156884914220,5930,6150,6170,240,4.05,6190,260,4.38,5980,6220,1399-10-6
59,بجهرم,توسعه مولد نيروگاهي جهرم,11093,131105083,559492113198,4111,4299,4316,205,4.99,4268,157,3.82,4150,4316,1399-10-6
60,وغدير,سرمايه‌گذاري‌غدير(هلدينگ‌,10988,61784909,748761940550,12490,12270,11950,-540,-4.32,12120,-370,-2.96,11870,12570,1399-10-6
61,نوري,پتروشيمي نوري,10785,11603273,799211524920,68110,68300,69000,890,1.31,68880,770,1.13,66990,70700,1399-10-6
62,وملل,اعتباري ملل,10502,151482252,2702767080997,17672,18350,17300,-372,-2.11,17842,170,0.96,16840,18428,1399-10-6
63,حريل,ريل پردازسير,9831,126656452,749087667126,5669,5952,5947,278,4.9,5914,245,4.32,5729,5952,1399-10-6
64,خصدرا,صنعتي‌ دريايي‌ ايران‌,9770,87864957,460628098199,5191,5345,5093,-98,-1.89,5242,51,0.98,5081,5346,1399-10-6
65,شسينا,صنايع‌شيميايي‌سينا,9646,5100081,945735869300,176930,175100,185770,8840,5.0,185440,8510,4.81,175100,185770,1399-10-6
66,وساپا,سرمايه‌گذاري‌ سايپا,9581,64321540,530986358890,8620,8350,8190,-430,-4.99,8260,-360,-4.18,8190,8750,1399-10-6
67,وپارس,بانك‌پارسيان‌,9541,220358212,907185023250,4310,4280,4100,-210,-4.87,4120,-190,-4.41,4100,4280,1399-10-6
68,انرژي3,سايراشخاص بورس انرژي,9528,1706522,618949808580,366160,355000,360990,-5170,-1.41,362700,-3460,-0.94,355000,376530,1399-10-6
69,صبا,سرمايه گذاري صبا تامين,9466,27855254,226844392408,8482,8410,8163,-319,-3.76,8144,-338,-3.98,8058,8450,1399-10-6
70,فاراك,ماشين‌ سازي‌ اراك‌,9456,87728389,722900998770,8040,8000,8240,200,2.49,8240,200,2.49,7850,8440,1399-10-6
71,ونيرو,سرمايه‌گذاري‌نيرو,9323,103000688,430058900020,4320,4310,4150,-170,-3.94,4180,-140,-3.24,4110,4450,1399-10-6
72,شبريز,پالايش نفت تبريز,8896,24401862,776063527590,33400,33000,31730,-1670,-5.0,31800,-1600,-4.79,31730,33400,1399-10-6
73,توريل,توکاريل,8868,37329798,1139885659847,29375,30600,30843,1468,5.0,30536,1161,3.95,28301,30843,1399-10-6
74,غبهار,كشت وصنعت بهاران گلبهار خراسان,8836,11094006,567652632861,50250,51574,51470,1220,2.43,51168,918,1.83,48743,51757,1399-10-6
75,حسينا,توسعه خدمات دريايي وبندري سينا,8762,6015203,528424045395,93302,92200,86520,-6782,-7.27,87848,-5454,-5.85,85500,92200,1399-10-6
76,فارس,صنايع پتروشيمي خليج فارس,8604,42338327,512473670650,12640,12600,12110,-530,-4.19,12100,-540,-4.27,12010,12600,1399-10-6
77,تملت,تامين سرمايه بانك ملت,8540,29831865,306761598240,10240,10020,10040,-200,-1.95,10280,40,0.39,9850,10690,1399-10-6
78,تاپيكو,س. نفت و گاز و پتروشيمي تأمين,8326,37701215,515268547940,14250,14100,13570,-680,-4.77,13670,-580,-4.07,13540,14100,1399-10-6
79,غصينو,صنعتي مينو,8298,9672217,855748287643,90690,95088,86156,-4534,-5.0,88475,-2215,-2.44,86156,95088,1399-10-6
80,فرابورس,فرابورس ايران,8060,12252840,679973958198,58163,57130,55255,-2908,-5.0,55495,-2668,-4.59,55255,57170,1399-10-6
81,ونوين,بانك‌اقتصادنوين‌,8041,144120108,802101749080,5790,5680,5520,-270,-4.66,5570,-220,-3.8,5510,5790,1399-10-6
82,قصفها,قنداصفهان‌,8032,2225031,479333696020,216780,215000,212200,-4580,-2.11,215430,-1350,-0.62,208200,222220,1399-10-6
83,چكاپا,گروه صنايع كاغذ پارس,7995,67415729,479425993300,7440,7500,7070,-370,-4.97,7110,-330,-4.44,7070,7500,1399-10-6
84,تبرك,گروه كارخانجات صنعتي تبرك,7875,16892561,457027814719,26282,27350,26500,218,0.83,27055,773,2.94,25765,27596,1399-10-6
85,بكهنوج,توليد برق ماهتاب كهنوج,7735,109115723,320696212329,2894,3038,2880,-14,-0.48,2939,45,1.55,2850,3038,1399-10-6
86,كرازي,كارخانجات‌توليدي‌شيشه‌رازي‌,7676,14194674,388872225550,28370,29300,26960,-1410,-4.97,27400,-970,-3.42,26960,29300,1399-10-6
87,زمگسا,كشاورزي‌ ودامپروي‌ مگسال‌,7674,9853995,543849912670,56420,59100,53600,-2820,-5.0,55190,-1230,-2.18,53600,59100,1399-10-6
88,كلر,كلر پارس,7481,11800582,1022510158714,83708,87883,87893,4185,5.0,86649,2941,3.51,82000,87893,1399-10-6
89,قاسم,قاسم ايران,7448,32089157,544528629211,17181,16899,17210,29,0.17,16969,-212,-1.23,16322,17800,1399-10-6
90,گدنا,تهيه توزيع غذاي دنا آفرين فدك,7367,527206,24495572378,44251,46463,46463,2212,5.0,45283,1032,2.33,46463,46463,1399-10-6
91,ودي,بيمه  دي,7297,23061821,715261726256,30393,31300,31060,667,2.19,31015,622,2.05,30400,31900,1399-10-6
92,غدام,خوراك‌  دام‌ پارس‌,7179,1158066,484507381830,402700,419900,409000,6300,1.56,418380,15680,3.89,402700,422830,1399-10-6
93,دتوليد,داروسازي توليد دارو,7110,14717525,605348138675,39361,41329,41329,1968,5.0,41131,1770,4.5,39401,41329,1399-10-6
94,حفاري,حفاري شمال,7061,39692135,521973549870,13280,13010,13010,-270,-2.03,13150,-130,-0.98,12860,13600,1399-10-6
95,شيران,س. صنايع‌شيميايي‌ايران,7010,10549054,437933642580,41400,42010,40530,-870,-2.1,41510,110,0.27,40420,43000,1399-10-6
96,فولاي,صنايع فولاد آلياژي يزد,7003,9155550,381468814201,41852,40010,43600,1748,4.18,41665,-187,-0.45,39760,43900,1399-10-6
97,ديران,ايران‌دارو,6919,15684369,475170663710,29020,30080,30470,1450,5.0,30300,1280,4.41,29100,30470,1399-10-6
98,فخوز,فولاد  خوزستان,6900,19474448,311364502800,16540,16780,15720,-820,-4.96,15990,-550,-3.33,15720,16810,1399-10-6
99,خكرمان,گروه اقتصادي كرمان خودرو,6874,74165921,478279435468,6193,6502,6389,196,3.16,6449,256,4.13,6270,6502,1399-10-6
100,فاذر,صنايع‌ آذرآب‌,6820,10729469,403198953600,37060,37060,37220,160,0.43,37580,520,1.4,35620,38500,1399-10-6
101,شپديس,پتروشيمي پرديس,6673,16962465,1780543618540,99980,104970,104970,4990,4.99,104970,4990,4.99,104720,104970,1399-10-6
102,ماديرا,صنايع ماشين هاي اداري ايران,6669,13125452,423447134798,32268,33100,31550,-718,-2.23,32262,-6,-0.02,31010,33108,1399-10-6
103,ثنوسا,نوسازي‌وساختمان‌تهران‌,6648,39363160,608356193640,16140,16050,15340,-800,-4.96,15450,-690,-4.28,15340,16100,1399-10-6
104,خكمك,كمك‌فنرايندامين‌,6584,8256535,340079013690,42880,42800,40740,-2140,-4.99,41190,-1690,-3.94,40740,43790,1399-10-6
105,ونيكي,سرمايه‌گذاري‌ ملي‌ايران‌,6487,19902331,407673933250,21380,21600,20320,-1060,-4.96,20480,-900,-4.21,20320,21690,1399-10-6
106,كوير,توليدي فولاد سپيد فراب كوير,6398,18999516,467449294470,24400,25000,24000,-400,-1.64,24600,200,0.82,23610,25620,1399-10-6
107,غويتا,ويتانا,6375,7849214,461963196480,56199,58250,59008,2809,5.0,58855,2656,4.73,57200,59008,1399-10-6
108,ولغدر,ليزينگ‌خودروغدير,6289,23254277,645016819610,28810,28950,28800,-10,-0.03,27740,-1070,-3.71,27370,28950,1399-10-6
109,كلوند,كاشي‌ الوند,6223,15847792,560255091450,34060,35760,35450,1390,4.08,35350,1290,3.79,32360,35760,1399-10-6
110,رانفور,خدمات‌انفورماتيك‌,6079,24184284,866389747200,35770,35900,34900,-870,-2.43,35820,50,0.14,34500,37000,1399-10-6
111,وحكمت,بيمه حكمت صبا,6072,41181957,256381235849,6097,6200,6100,3,0.05,6226,129,2.12,6049,6279,1399-10-6
112,ريشمك,توليد و صادرات ريشمك,5978,6503570,447441630788,66810,68745,66800,-10,-0.01,68799,1989,2.98,66100,70010,1399-10-6
113,ولشرق,ليزينگ ايران و شرق,5928,33952513,299961270064,8849,9285,8910,61,0.69,8835,-14,-0.16,8407,9285,1399-10-6
114,فاسمين,كالسيمين‌,5843,19896218,422821564680,21070,21600,21300,230,1.09,21250,180,0.85,20550,21900,1399-10-6
115,چدن,توليدي چدن سازان,5825,14293699,562007017050,40520,40010,38600,-1920,-4.74,39320,-1200,-2.96,38500,41000,1399-10-6
116,كفپارس,فرآورده‌هاي‌ نسوز پارس‌,5786,36686120,286368970890,8070,8200,7710,-360,-4.46,7810,-260,-3.22,7670,8350,1399-10-6
117,ميهن,بيمه ميهن,5716,54636114,414980295557,7260,7623,7622,362,4.99,7595,335,4.61,7451,7623,1399-10-6
118,ولساپا,ليزينگ رايان‌ سايپا,5712,65840176,295095270410,4630,4630,4410,-220,-4.75,4480,-150,-3.24,4400,4700,1399-10-6
119,كچاد,معدني‌وصنعتي‌چادرملو,5632,18461916,378746660760,20590,20900,20210,-380,-1.85,20520,-70,-0.34,20010,21190,1399-10-6
120,خريخت,صنايع‌ريخته‌گري‌ايران‌,5438,65436646,310928161400,4680,4800,4860,180,3.85,4750,70,1.5,4470,4910,1399-10-6
121,وپست,پست بانك ايران,5386,26830110,500211022450,19220,18920,18960,-260,-1.35,18640,-580,-3.02,18260,19200,1399-10-6
122,شلرد,كود شيميايي اوره لردگان,5380,30729673,306281691791,10179,10400,9880,-299,-2.94,9967,-212,-2.08,9874,10400,1399-10-6
123,غشهداب,كشت و صنعت شهداب ناب خراسان,5358,55682961,321353095806,5520,5796,5796,276,5.0,5771,251,4.55,5592,5796,1399-10-6
124,رنيك,جنرال مكانيك,5315,19794364,613516913203,29545,31022,31022,1477,5.0,30995,1450,4.91,30060,31022,1399-10-6
125,زاگرس,پتروشيمي زاگرس,5310,2190023,511287597203,228730,237000,226550,-2180,-0.95,233462,4732,2.07,225000,240160,1399-10-6
126,ختور,رادياتور ايران‌,5310,10570422,436881946080,39470,41400,41440,1970,4.99,41330,1860,4.71,39880,41440,1399-10-6
127,ومعادن,توسعه‌معادن‌وفلزات‌,5258,23455489,328283755370,14230,14200,13920,-310,-2.18,14000,-230,-1.62,13640,14560,1399-10-6
128,شكلر,نيروكلر,5233,6261504,433589157780,66540,69850,67800,1260,1.89,69250,2710,4.07,66220,69860,1399-10-6
129,بزاگرس,نيروگاه زاگرس كوثر,5210,22668968,272029401009,12521,12850,11895,-626,-5.0,12000,-521,-4.16,11895,12850,1399-10-6
130,وهور,مديريت انرژي اميد  تابان هور,5143,11829092,520571237140,42505,44001,44630,2125,5.0,44008,1503,3.54,42050,44630,1399-10-6
131,كروي,توسعه‌ معادن‌ روي‌ ايران‌,5141,13578960,567921884570,39850,41840,41840,1990,4.99,41820,1970,4.94,40320,41840,1399-10-6
132,بايكا,كارخانجات كابلسازي ‌ايران‌,5131,5777242,362398824849,63616,61708,61708,-1908,-3.0,62729,-887,-1.39,61708,65514,1399-10-6
133,نوين,بيمه نوين,5122,45571735,436015851979,9136,9592,9592,456,4.99,9568,432,4.73,9204,9592,1399-10-6
134,وصنعت,سرمايه گذاري توسعه صنعت وتجارت,5104,27644670,216613079200,7800,7970,7740,-60,-0.77,7840,40,0.51,7690,7970,1399-10-6
135,هرمز,فولاد هرمزگان جنوب,5085,31996703,480486742697,15744,15580,14999,-745,-4.73,15017,-727,-4.62,14957,15580,1399-10-6
136,وصنا,گروه‌صنايع‌بهشهرايران‌,5078,110078999,1162112864000,10060,10560,10560,500,4.97,10560,500,4.97,10190,10560,1399-10-6
137,ورنا,سرمايه‌گذاري‌ رنا(هلدينگ‌,5075,37337171,310737336860,8680,8550,8250,-430,-4.95,8320,-360,-4.15,8250,8550,1399-10-6
138,غگيلا,شيرپاستوريزه پگاه گيلان,5074,577413,11673558621,19255,20217,20217,962,5.0,19469,214,1.11,20217,20217,1399-10-6
139,كحافظ,كاشي‌ وسراميك‌ حافظ‌,5066,13840387,245017128040,18210,18640,17500,-710,-3.9,17700,-510,-2.8,17300,18980,1399-10-6
140,بپاس,بيمه پاسارگاد,5050,6946772,679287738210,101720,100452,97730,-3990,-3.92,97785,-3935,-3.87,97200,100452,1399-10-6
141,هاي وب,داده گسترعصرنوين-هاي وب,5016,16271942,469924579790,29710,29710,28230,-1480,-4.98,28880,-830,-2.79,28230,29710,1399-10-6
142,حآسا,آسيا سير ارس,4972,9479345,408392870572,41128,42200,43184,2056,5.0,43082,1954,4.75,41540,43184,1399-10-6
143,والبر,سرمايه‌ گذاري‌ البرز(هلدينگ‌,4966,18520346,434647441640,22370,23480,23370,1000,4.47,23470,1100,4.92,23130,23480,1399-10-6
144,غمينو,شركت صنايع غذايي مينو شرق,4938,13520132,233065934801,16765,17200,17510,745,4.44,17238,473,2.82,15970,17603,1399-10-6
145,وسبحان,سرمايه گذاري سبحان,4875,34561647,369833717414,10229,10730,10600,371,3.63,10701,472,4.61,10300,10740,1399-10-6
146,وسين,بيمه سينا,4859,16938639,443238981210,25319,24520,26580,1261,4.98,26167,848,3.35,24101,26584,1399-10-6
147,لوتوس,تامين سرمايه لوتوس پارسيان,4844,22115142,375119228060,16400,16630,16630,230,1.4,16960,560,3.41,16400,17220,1399-10-6
148,نطرين,عطرين نخ قم,4794,21163393,261600759050,12191,12800,11927,-264,-2.17,12361,170,1.39,11810,12800,1399-10-6
149,تكشا,گسترش‌صنايع‌وخدمات‌كشاورزي‌,4781,10144397,628528385460,59800,59800,62790,2990,5.0,61960,2160,3.61,58020,62790,1399-10-6
150,دماوند,توليد نيروي برق دماوند,4713,6479772,441236721574,65078,66200,68331,3253,5.0,68094,3016,4.63,65030,68331,1399-10-6
151,كگل,معدني و صنعتي گل گهر,4684,15235035,288611128190,19340,19600,18670,-670,-3.46,18940,-400,-2.07,18600,19620,1399-10-6
152,فرآور,فرآوري‌موادمعدني‌ايران‌,4569,10163171,320934808400,32550,33200,30940,-1610,-4.95,31580,-970,-2.98,30930,33200,1399-10-6
153,شغدير,پتروشيمي غدير,4534,10628735,741708730770,70889,71200,71000,111,0.16,69783,-1106,-1.56,67345,72500,1399-10-6
154,پتاير,ايران‌ تاير,4490,1936704,333578846700,180510,176900,171490,-9020,-5.0,172240,-8270,-4.58,171490,180250,1399-10-6
155,زبينا,كشاورزي و دامپروري بينالود,4405,4868083,264225000843,53040,52800,55692,2652,5.0,54277,1237,2.33,51800,55692,1399-10-6
156,دزهراوي,داروسازي‌زهراوي‌,4403,19942892,309936799660,14870,15610,15610,740,4.98,15540,670,4.51,15010,15610,1399-10-6
157,خكار,ايركا پارت صنعت,4362,9793041,311221496530,31240,30010,30920,-320,-1.02,31780,540,1.73,30010,32800,1399-10-6
158,شفا,سرمايه گذاري شفادارو,4297,5295308,378572871600,69210,72670,71150,1940,2.8,71490,2280,3.29,67000,72670,1399-10-6
159,خمهر,مهركام‌پارس‌,4289,36615066,289554957190,7580,7950,7820,240,3.17,7910,330,4.35,7700,7950,1399-10-6
160,ثقزوي,شركت عمران و سازندگي قزوين,4278,17180170,569429382412,32228,33194,33060,832,2.58,33145,917,2.85,32300,33194,1399-10-6
161,خوساز,محورسازان‌ايران‌خودرو,4268,24412640,235108586700,9480,9950,9480,0,0.0,9630,150,1.58,9210,9950,1399-10-6
162,وبانك,سرمايه گذاري گروه توسعه ملي,4194,16562851,168772138670,10230,10480,10240,10,0.1,10190,-40,-0.39,9950,10580,1399-10-6
163,غپينو,پارس‌ مينو,4167,41047017,478920483730,11790,12360,11210,-580,-4.92,11670,-120,-1.02,11210,12360,1399-10-6
164,زكوثر,سرمايه گذاري كشاورزي كوثر,4140,6827495,189981389070,26950,27000,28290,1340,4.97,27830,880,3.27,26150,28290,1399-10-6
165,لپارس,پارس‌ الكتريك‌,4131,1581014,250027185580,151580,158000,159150,7570,4.99,158140,6560,4.33,151720,159150,1399-10-6
166,دابور,داروسازي‌ ابوريحان‌,4127,12083237,659947472940,52100,54690,54700,2600,4.99,54620,2520,4.84,52960,54700,1399-10-6
167,گوهران,سرمايه گذاري توسعه گوهران اميد,4103,39902052,405151137745,9720,10206,10206,486,5.0,10154,434,4.47,9740,10206,1399-10-6
168,شپترو,پتروشيمي آبادان,4081,43993570,298974843132,6650,6840,6800,150,2.26,6796,146,2.2,6560,6849,1399-10-6
169,وسينا,بانك سينا,4077,29135431,326994595250,11730,11450,11150,-580,-4.94,11220,-510,-4.35,11150,11890,1399-10-6
170,وپاسار,بانك  پاسارگاد,4049,41885709,498813784300,12010,12010,11840,-170,-1.42,11910,-100,-0.83,11820,12100,1399-10-6
171,تنوينح,ح . تامين سرمايه نوين,4008,17893466,96072783387,5458,5440,5400,-58,-1.06,5369,-89,-1.63,5140,5580,1399-10-6
172,چفيبر,فيبر ايران‌,3985,26829519,254340244390,9680,9690,9700,20,0.21,9480,-200,-2.07,9200,10050,1399-10-6
173,زقيام,كشت و دام قيام اصفهان,3931,5312412,221884523996,41881,43700,40990,-891,-2.13,41767,-114,-0.27,40301,43700,1399-10-6
174,دلقما,دارويي‌ لقمان‌,3912,6713602,228727126840,31160,33190,34750,3590,11.52,34070,2910,9.34,32200,34820,1399-10-6
175,كيسون,شركت كيسون,3903,20985852,322843587495,15810,15801,15590,-220,-1.39,15384,-426,-2.69,15336,15801,1399-10-6
176,ساوه,سيمان ساوه,3860,2010814,125053728452,59395,62200,62364,2969,5.0,62191,2796,4.71,60000,62364,1399-10-6
177,شجم,صنايع پتروشيمي تخت جمشيد,3835,28080145,338885610301,11844,12199,11879,35,0.3,12069,225,1.9,11493,12199,1399-10-6
178,وساخت,سرمايه‌ گذاري‌ ساختمان‌ايران‌,3744,3891238,261322928430,69280,70000,66500,-2780,-4.01,67160,-2120,-3.06,66000,70000,1399-10-6
179,ختوقا,قطعات‌ اتومبيل‌ ايران‌,3696,46017561,188920209130,4300,4200,4090,-210,-4.88,4110,-190,-4.42,4090,4290,1399-10-6
180,درهآور,دارويي ره آورد تامين,3688,5065446,255064809853,51640,53000,49058,-2582,-5.0,50354,-1286,-2.49,49058,53000,1399-10-6
181,شوينده,مديريت صنعت شوينده ت.ص.بهشهر,3669,6758581,291077559730,41200,41200,42550,1350,3.28,43070,1870,4.54,41200,43260,1399-10-6
182,تاپكيش,تجارت الكترونيك پارسيان كيش,3642,9771832,252093380977,26980,26690,25631,-1349,-5.0,25798,-1182,-4.38,25631,27000,1399-10-6
183,غمارگ,مارگارين‌,3621,5883768,268542649330,45880,47490,45490,-390,-0.85,45640,-240,-0.52,44010,47490,1399-10-6
184,دعبيد,لابراتوارداروسازي‌  دكترعبيدي‌,3610,4997146,181837911230,35170,35400,36300,1130,3.21,36390,1220,3.47,34110,36920,1399-10-6
185,وتوصا,گروه س توسعه صنعتي ايران,3598,53123366,1187307230100,21290,22350,22350,1060,4.98,22350,1060,4.98,22350,22350,1399-10-6
186,فسازان,غلتك سازان سپاهان,3592,9873236,388708003410,40740,40740,38720,-2020,-4.96,39370,-1370,-3.36,38710,41560,1399-10-6
187,فولاژ,فولاد آلياژي ايران,3488,9774129,186075317510,18500,19100,19350,850,4.59,19040,540,2.92,17770,19420,1399-10-6
188,دكوثر,داروسازي‌ كوثر,3476,6748110,193972488540,27670,28400,29000,1330,4.81,28740,1070,3.87,26700,29050,1399-10-6
189,ارفع,شركت آهن و فولاد ارفع,3468,15320299,238559312106,16179,16000,15450,-729,-4.51,15571,-608,-3.76,15371,16100,1399-10-6
190,تيپيكو,سرمايه گذاري دارويي تامين,3427,3793260,242840012690,61930,64800,63980,2050,3.31,64020,2090,3.37,62620,64980,1399-10-6
191,خچرخش,چرخشگر,3422,13004231,230964267580,17030,17880,17330,300,1.76,17760,730,4.29,17140,17880,1399-10-6
192,فنوال,نورد آلومينيوم‌,3414,6590384,191195510280,30280,30550,28770,-1510,-4.99,29010,-1270,-4.19,28770,30550,1399-10-6
193,اخابر,مخابرات ايران,3389,25630211,361812193180,14780,14410,14050,-730,-4.94,14120,-660,-4.47,14050,14630,1399-10-6
194,قشرين,قند شيرين خراسان,3384,10126773,228858443172,23079,23539,22387,-692,-3.0,22599,-480,-2.08,22387,23539,1399-10-6
195,وشمال,س. چشم انداز توسعه شمال,3303,2274764,237520756164,102325,105000,102800,475,0.46,104416,2091,2.04,99256,105394,1399-10-6
196,دفارا,داروسازي‌ فارابي‌,3284,5922889,463555493120,74660,77980,78390,3730,5.0,78270,3610,4.84,76000,78390,1399-10-6
197,كاوه,فولاد كاوه جنوب كيش,3244,15539899,344162343080,22470,22470,22090,-380,-1.69,22150,-320,-1.42,21760,22790,1399-10-6
198,فسپا,گروه‌صنعتي‌سپاهان‌,3228,7113400,408807422490,57400,60000,56060,-1340,-2.33,57470,70,0.12,55580,60000,1399-10-6
199,پكوير,كوير تاير,3201,7637995,178711435240,23270,23800,22740,-530,-2.28,23400,130,0.56,22650,24370,1399-10-6
200,وبوعلي,سرمايه‌گذاري‌بوعلي‌,3182,34124154,256347466520,7240,7390,7600,360,4.97,7510,270,3.73,7100,7600,1399-10-6
201,فباهنر,مس‌ شهيدباهنر,3180,5025230,298347905100,56550,59370,59370,2820,4.99,59370,2820,4.99,59370,59370,1399-10-6
202,رمپنا,گروه مپنا (سهامي عام),3168,17681805,350016480580,20620,20620,19590,-1030,-5.0,19800,-820,-3.98,19590,20620,1399-10-6
203,مرقام,ايران‌ارقام‌,3168,9152162,231677497490,24280,24800,25490,1210,4.98,25310,1030,4.24,24000,25490,1399-10-6
204,تنوين,تامين سرمايه نوين,3163,33534040,254412567190,7390,7470,7600,210,2.84,7590,200,2.71,7230,7750,1399-10-6
205,اميد,تامين سرمايه اميد,3154,12635818,159425919140,12760,12850,12380,-380,-2.98,12620,-140,-1.1,12300,13300,1399-10-6
206,ولصنم,ليزينگ‌صنعت‌ومعدن‌,3136,15809894,174583217500,10570,10580,11090,520,4.92,11040,470,4.45,10580,11090,1399-10-6
207,زشريف,كشت وصنعت شريف آباد,3122,4372037,137785452928,30229,31500,31738,1509,4.99,31515,1286,4.25,30420,31740,1399-10-6
208,فبيرا,بسته‌ بندي‌ ايران‌,3095,29017646,135054491833,4562,4500,4698,136,2.98,4654,92,2.02,4426,4698,1399-10-6
209,شفارس,صنايع‌ شيميايي‌ فارس‌,3052,4806138,317105599110,66060,65050,68000,1940,2.94,65980,-80,-0.12,64010,68000,1399-10-6
210,پارسان,گسترش نفت و گاز پارسيان,3047,13661742,317233939840,24280,23760,23070,-1210,-4.98,23220,-1060,-4.37,23070,23950,1399-10-6
211,ثنام,س ساختماني ب نام آوران مهندسي,3025,7527003,164382922491,21631,22279,21730,99,0.46,21839,208,0.96,21070,22279,1399-10-6
212,سفارس,سيمان فارس و خوزستان,3024,15913527,324559752700,19440,20400,20410,970,4.99,20400,960,4.94,20000,20410,1399-10-6
213,ومهان,گروه توسعه مالي مهر آيندگان,2981,9340589,149412437123,16279,16300,15910,-369,-2.27,15996,-283,-1.74,15760,16600,1399-10-6
214,رتكو,كنترل‌خوردگي‌تكين‌كو,2976,8879134,201342127000,22290,22500,22290,0,0.0,22680,390,1.75,22100,23400,1399-10-6
215,لكما,كارخانجات‌مخابراتي‌ايران‌,2951,25194056,198092870067,7639,7868,7868,229,3.0,7863,224,2.93,7639,7868,1399-10-6
216,پلاسك,پلاسكوكار,2949,14595803,129392348870,8890,9280,8710,-180,-2.02,8870,-20,-0.22,8620,9280,1399-10-6
217,غديس,پاكديس,2925,17590721,249611386206,13548,14224,13910,362,2.67,14190,642,4.74,13550,14225,1399-10-6
218,وبيمه,سرمايه‌ گذاري‌ صنعت‌ بيمه‌,2915,36432936,134239689610,3570,3700,3740,170,4.76,3680,110,3.08,3540,3740,1399-10-6
219,فسرب,ملي‌ سرب‌وروي‌ ايران‌,2915,1164789,160760776240,142870,145200,135780,-7090,-4.96,138020,-4850,-3.39,135730,145200,1399-10-6
220,شسپا,نفت سپاهان,2899,12062496,334221559130,29030,28300,27580,-1450,-4.99,27710,-1320,-4.55,27580,28890,1399-10-6
221,شكربن,كربن‌ ايران‌,2875,2064435,185835784760,87460,91490,90700,3240,3.7,90020,2560,2.93,88110,91490,1399-10-6
222,وايران,ليزينگ ايرانيان,2869,13459809,180657127200,13960,14200,13270,-690,-4.94,13420,-540,-3.87,13270,14200,1399-10-6
223,خمحركه,نيرو محركه‌,2857,19272769,135740747580,7370,7390,7010,-360,-4.88,7040,-330,-4.48,7010,7390,1399-10-6
224,وآوا,سرمايه گذاري آوا نوين,2856,21371092,185056837264,8307,8458,8722,415,5.0,8659,352,4.24,8120,8722,1399-10-6
225,ثتران,سرمايه گذاري مسكن تهران,2833,29979070,167369818178,5412,5599,5682,270,4.99,5583,171,3.16,5300,5682,1399-10-6
226,سيمرغ,سيمرغ,2830,10268989,232992493900,21700,22470,22780,1080,4.98,22690,990,4.56,22010,22780,1399-10-6
227,غشصفا,شيرپاستوريزه‌پگاه‌اصفهان‌,2822,8328892,272401080100,32560,33070,31880,-680,-2.09,32710,150,0.46,31550,33610,1399-10-6
228,ونفت,سرمايه‌گذاري‌ صنعت‌ نفت‌,2781,21581720,408093607170,18030,18930,18930,900,4.99,18910,880,4.88,18500,18930,1399-10-6
229,تسه9909,امتياز تسهيلات مسكن آذر99,2772,48014,25235241309,545398,530000,520010,-25388,-4.65,525581,-19817,-3.63,518129,540000,1399-10-6
230,وپسا,س. پتروشيمي ساختمان  خليج فارس,2734,44372045,184247963895,3977,4175,4173,196,4.93,4152,175,4.4,4000,4175,1399-10-6
231,واعتبار,سرمايه گذاري اعتبار ايران,2732,20308499,162539082340,7810,7430,8110,300,3.84,8000,190,2.43,7430,8200,1399-10-6
232,زگلدشت,كشت و دام گلدشت نمونه اصفهان,2723,2909057,140376584286,47892,49110,49533,1641,3.43,48255,363,0.76,46200,50286,1399-10-6
233,مدير,ص.س.مديريت ثروت ص.بازنشستگي-س,2706,11641647,126517578972,11209,11199,10730,-479,-4.27,10868,-341,-3.04,10660,11230,1399-10-6
234,خشرق,الكتريك‌ خودرو شرق‌,2679,7884909,175590902880,23240,22600,22080,-1160,-4.99,22270,-970,-4.17,22080,23990,1399-10-6
235,خفناور,مهندسي صنعتي روان فن آور,2664,5081978,138150700346,26453,27775,26420,-33,-0.12,27184,731,2.76,25131,27775,1399-10-6
236,شگل,گلتاش‌,2648,8032105,235706394960,30280,30200,29300,-980,-3.24,29350,-930,-3.07,28770,30280,1399-10-6
237,بنو,بيمه تجارت نو,2632,8656620,266217566330,32247,31220,30700,-1547,-4.8,30753,-1494,-4.63,30635,32247,1399-10-6
238,سصفها,سيمان‌اصفهان‌,2617,1930795,609556379460,305890,309000,321180,15290,5.0,315700,9810,3.21,290600,321180,1399-10-6
239,وبشهر,توسعه‌ صنايع‌ بهشهر(هلدينگ,2611,10509242,195377255360,17910,17600,18500,590,3.29,18590,680,3.8,17600,18800,1399-10-6
240,كرماشا,صنايع پتروشيمي كرمانشاه,2603,7079476,298542491270,40930,40960,42500,1570,3.84,42170,1240,3.03,39000,42970,1399-10-6
241,رتاپ,تجارت الكترونيك  پارسيان,2602,10804162,89416410050,8320,8320,8210,-110,-1.32,8280,-40,-0.48,8050,8500,1399-10-6
242,ساربيل,سيمان آرتا اردبيل,2597,4048210,212466611750,50120,51800,52620,2500,4.99,52480,2360,4.71,50150,52620,1399-10-6
243,سرو,صندوق س سروسودمند مدبران-سهام,2589,2004167,149214640960,74960,75410,74050,-910,-1.21,74450,-510,-0.68,74000,75410,1399-10-6
244,خكاوه,سايپا ديزل,2499,37321355,209828008341,5380,5649,5500,120,2.23,5622,242,4.5,5400,5649,1399-10-6
245,كطبس,ذغال‌سنگ‌ نگين‌ ط‌بس‌,2483,3567178,254865913650,69830,71950,73320,3490,5.0,71450,1620,2.32,66510,73320,1399-10-6
246,كپارس,كاشي‌ پارس‌,2482,2259122,402473607470,169980,178470,178470,8490,4.99,178150,8170,4.81,170260,178470,1399-10-6
247,ددام,داروسازي زاگرس فارمد پارس,2481,8338494,150489217950,17300,18000,18160,860,4.97,18050,750,4.34,17510,18160,1399-10-6
248,وشهر,بانك شهر,2456,32632279,224021610459,7065,7200,6996,-69,-0.98,6865,-200,-2.83,6783,7200,1399-10-6
249,كمند,صندوق س. با درآمد ثابت كمند,2450,112662596,1139627634469,10102,10115,10116,14,0.14,10115,13,0.13,10113,10119,1399-10-6
250,لابسا,آبسال‌,2450,4277626,204373807660,46300,45010,48600,2300,4.97,47780,1480,3.2,44100,48610,1399-10-6
251,ثرود,سرمايه‌گذاري مسكن زاينده رود,2445,13236508,160363370661,11605,11800,12086,481,4.14,12115,510,4.39,11740,12185,1399-10-6
252,ثمسكن,سرمايه‌گذاري‌ مسكن‌,2429,27209203,179809347580,6330,6550,6640,310,4.9,6610,280,4.42,6380,6640,1399-10-6
253,ثباغ,شهر سازي و خانه سازي باغميشه,2424,7254501,175507173853,23161,23300,24319,1158,5.0,24193,1032,4.46,23162,24319,1399-10-6
254,وبهمن,سرمايه‌گذاري‌بهمن‌,2419,9914458,226354974530,22100,23150,23050,950,4.3,22830,730,3.3,21100,23200,1399-10-6
255,پخش,پخش البرز,2419,2653509,123162889099,47316,48300,45500,-1816,-3.84,46415,-901,-1.9,44960,48480,1399-10-6
256,بورس,بورس اوراق بهادار تهران,2402,3333728,199493294020,62490,61100,59370,-3120,-4.99,59840,-2650,-4.24,59370,62490,1399-10-6
257,غنوش,نوش‌ مازندران‌,2348,3293160,226256471500,65620,68700,68900,3280,5.0,68700,3080,4.69,66700,68900,1399-10-6
258,بخاور,بيمه زندگي خاورميانه,2323,17908691,179679321452,9597,9990,9989,392,4.08,10033,436,4.54,9780,10076,1399-10-6
259,ولبهمن,شركت بهمن ليزينگ,2317,14679697,156878962858,10861,11300,10318,-543,-5.0,10687,-174,-1.6,10318,11300,1399-10-6
260,كپرور,فرآوري زغال سنگ پروده طبس,2312,7466202,368647752316,47060,49413,49413,2353,5.0,49376,2316,4.92,47800,49413,1399-10-6
261,زنگان,صنعت روي زنگان,2310,1791996,187069196802,101566,100080,106644,5078,5.0,104392,2826,2.78,96488,106644,1399-10-6
262,اپرداز,آتيه داده پرداز,2304,4553816,139088256088,31562,30200,30320,-1242,-3.94,30543,-1019,-3.23,30000,31800,1399-10-6
263,غشهد,شهد ايران ‌,2296,10139117,86768607590,8610,8870,8480,-130,-1.51,8560,-50,-0.58,8300,8870,1399-10-6
264,آگاس,صندوق س.هستي بخش آگاه-س,2287,2218829,167093485925,76524,76000,75200,-1324,-1.73,75307,-1217,-1.59,75000,76522,1399-10-6
265,دتماد,توليدمواداوليه‌داروپخش‌,2283,6149851,375333477670,58180,61080,60250,2070,3.56,61030,2850,4.9,60010,61080,1399-10-6
266,شدوص,دوده‌ صنعتي‌ پارس‌,2250,4886349,122448462930,24800,26040,25000,200,0.81,25060,260,1.05,24040,26040,1399-10-6
267,كهمداح,ح . شيشه‌ همدان‌,2241,11569496,128547447640,10960,11490,10990,30,0.27,11110,150,1.37,10980,11500,1399-10-6
268,وآرين,شركت توسعه اقتصادي آرين,2238,18158703,99164582114,5522,5687,5370,-152,-2.75,5461,-61,-1.1,5357,5687,1399-10-6
269,لسرما,سرما آفرين‌,2238,3519435,114820846430,32330,33700,32390,60,0.19,32620,290,0.9,31500,33700,1399-10-6
270,داروح,ح . كارخانجات‌داروپخش,2222,2571473,84422107120,20044,34000,33350,13306,66.38,32830,12786,63.79,31000,34700,1399-10-6
271,ميدكو,هلدينگ صنايع  معدني خاورميانه,2214,6067500,189084581356,31155,31155,31158,3,0.01,31164,9,0.03,31110,31300,1399-10-6
272,پاكشو,گروه صنعتي پاكشو,2205,1454259,117716151260,82690,83800,80230,-2460,-2.97,80950,-1740,-2.1,80000,83900,1399-10-6
273,ما,بيمه  ما,2180,15685915,150227864540,9570,9600,9670,100,1.04,9580,10,0.1,9350,9830,1399-10-6
274,حتايد,تايدواترخاورميانه,2178,16394336,429783366580,25040,26000,26290,1250,4.99,26220,1180,4.71,25040,26290,1399-10-6
275,شصدف,صنعتي دوده فام,2176,963504,25502023872,25208,26468,26468,1260,5.0,25820,612,2.43,26468,26468,1399-10-6
276,غچين,كشت‌ و صنعت‌ چين‌ چين,2174,4311315,325038613890,71900,75490,75490,3590,4.99,75390,3490,4.85,72500,75490,1399-10-6
277,اتكام,شركت بيمه اتكايي امين,2170,10696183,79119742673,7446,7630,7440,-6,-0.08,7397,-49,-0.66,7170,7630,1399-10-6
278,بالاس,مهندسي ساختمان تاسيسات راه آهن,2161,3220181,179270036701,53596,55750,56275,2679,5.0,55671,2075,3.87,53000,56275,1399-10-6
279,فايرا,آلومينيوم‌ايران‌,2160,6860883,189632235870,26560,26900,27600,1040,3.92,27640,1080,4.07,26030,27880,1399-10-6
280,ثعمرا,عمران و توسعه شاهد,2156,8558737,129479240169,15733,16290,14947,-786,-5.0,15128,-605,-3.85,14947,16290,1399-10-6
281,دالبر,البرزدارو,2154,5307872,142694357160,25670,26950,26750,1080,4.21,26880,1210,4.71,26200,26950,1399-10-6
282,غشان,شيرپاستوريزه‌پگاه‌خراسان‌,2129,13388911,116803267980,8370,8480,8780,410,4.9,8720,350,4.18,8250,8780,1399-10-6
283,سپاها,سيمان‌سپاهان‌,2128,15886196,171394732760,10280,10790,10790,510,4.96,10790,510,4.96,10500,10790,1399-10-6
284,قنيشا,قند  نيشابور,2128,1838177,124539613180,71040,68050,67490,-3550,-5.0,67750,-3290,-4.63,67490,70900,1399-10-6
285,كهمدا,شيشه‌ همدان‌,2102,13132112,172431836470,12520,13140,13140,620,4.95,13130,610,4.87,12790,13140,1399-10-6
286,خاذين,سايپاآذين‌,2035,23950065,158153121490,6330,6490,6640,310,4.9,6600,270,4.27,6400,6640,1399-10-6
287,تايرا,تراكتورسازي‌ايران‌,2031,14539751,513470912210,33670,35350,35350,1680,4.99,35310,1640,4.87,34650,35350,1399-10-6
288,حسير,ريل سير كوثر,2026,8765993,164734607135,18119,18200,18889,770,4.25,18792,673,3.71,17750,19024,1399-10-6
289,وسكاب,س.ص.بازنشستگي كاركنان بانكها,2015,16665984,121646911050,7370,7320,7250,-120,-1.63,7300,-70,-0.95,7150,7580,1399-10-6
290,خاهن,آهنگري‌ تراكتورسازي‌ ايران‌,1995,5635194,226179292590,40220,40420,40100,-120,-0.3,40140,-80,-0.2,40100,41000,1399-10-6
291,وسپه,سرمايه‌گذاري‌ سپه‌,1995,11510185,169094161170,14720,14890,14600,-120,-0.82,14690,-30,-0.2,14300,15180,1399-10-6
292,كساپا,سايپاشيشه‌,1990,4262888,164986938020,37450,36160,39320,1870,4.99,38700,1250,3.34,36160,39320,1399-10-6
293,ثپرديس,سرمايه گذاري مسكن پرديس,1982,10952385,126090397190,11212,11290,11772,560,4.99,11513,301,2.68,10652,11772,1399-10-6
294,ثشرق,سرمايه گذاري مسكن شمال شرق,1980,14650658,98892456570,6860,7000,6580,-280,-4.08,6750,-110,-1.6,6550,7000,1399-10-6
295,قشير,قند شيروان قوچان و بجنورد,1951,3568597,126641681064,33958,34880,35655,1697,5.0,35488,1530,4.51,34220,35655,1399-10-6
296,زپارس,ملي كشت و صنعت و دامپروري پارس,1948,2530210,269158705350,102080,107180,104960,2880,2.82,106380,4300,4.21,102080,107180,1399-10-6
297,بساما,بيمه سامان,1941,3026785,92915498958,31966,31655,30368,-1598,-5.0,30698,-1268,-3.97,30368,31966,1399-10-6
298,درازك,دارويي‌ رازك‌,1933,4736889,239917545580,49170,50600,51620,2450,4.98,50650,1480,3.01,47520,51620,1399-10-6
299,دپارس,پارس‌ دارو,1931,899141,107445231710,119830,125820,118500,-1330,-1.11,119500,-330,-0.28,113900,125820,1399-10-6
300,اوان,مبين وان كيش,1929,2710252,148616607423,53762,53030,56450,2688,5.0,54835,1073,2.0,51601,56450,1399-10-6
301,خفنر,فنرسازي‌خاور,1924,4791398,99660141440,20750,21450,20290,-460,-2.22,20800,50,0.24,20000,21630,1399-10-6
302,قزوين,كارخانجات‌ قند قزوين‌,1894,2486591,122628237930,47110,49460,49460,2350,4.99,49320,2210,4.69,48200,49460,1399-10-6
303,پرديس,سرمايه گذاري پرديس,1889,14778470,114620707350,7420,7770,7790,370,4.99,7760,340,4.58,7500,7790,1399-10-6
304,كتوكاح,ح.توليدي وخدمات صنايع نسوزتوكا,1888,5659019,145935105801,26671,26270,25800,-871,-3.27,25788,-883,-3.31,25338,26510,1399-10-6
305,پاسا,ايران‌ياساتايرورابر,1877,6262104,172227762180,28730,27600,27300,-1430,-4.98,27500,-1230,-4.28,27300,28300,1399-10-6
306,همراه,شركت ارتباطات سيار ايران,1874,3443940,114982147440,34950,33710,33360,-1590,-4.55,33390,-1560,-4.46,33210,34700,1399-10-6
307,هجرتح,ح . پخش هجرت,1870,2343268,90414460029,1000,39000,38890,37890,3789.0,38585,37585,3758.5,37050,39500,1399-10-6
308,شپاكسا,پاكسان‌,1870,3311709,116003001650,35060,34000,34600,-460,-1.31,35030,-30,-0.09,34000,35750,1399-10-6
309,فجر,فولاد اميركبيركاشان,1849,2526526,158786380770,64470,64470,62500,-1970,-3.06,62850,-1620,-2.51,61700,64480,1399-10-6
310,ثنظام,س. ساختماني نظام مهندسي ايران,1837,2288113,106498388746,46806,48890,45300,-1506,-3.22,46544,-262,-0.56,45020,48890,1399-10-6
311,وگستر,گسترش سرمايه گذاري ايرانيان,1829,4935736,124876277793,25963,26590,25000,-963,-3.71,25300,-663,-2.55,24690,27000,1399-10-6
312,سرود,سيمان‌شاهرود,1829,9393916,192768174060,19770,19990,20740,970,4.91,20520,750,3.79,19020,20750,1399-10-6
313,كاما,باما,1829,21576927,533597404710,23560,24730,24730,1170,4.97,24730,1170,4.97,24730,24730,1399-10-6
314,افق,فروشگاههاي زنجيره اي افق كوروش,1819,1233040,100058372040,81740,81000,80560,-1180,-1.44,81150,-590,-0.72,80050,82870,1399-10-6
315,تاصيكو,سرمايه گذاري صدرتامين,1807,10780886,122024492790,11360,11500,11150,-210,-1.85,11320,-40,-0.35,11010,11670,1399-10-6
316,غبشهر,صنعتي‌ بهشهر,1796,5251801,146077397680,27830,27000,27220,-610,-2.19,27810,-20,-0.07,27000,28500,1399-10-6
317,سيدكو,سرمايه گذاري توسعه صنايع سيمان,1771,12589090,115071182040,8770,8800,9200,430,4.9,9140,370,4.22,8730,9200,1399-10-6
318,پكرمان,گروه‌ صنعتي‌ بارز,1763,5533996,189507039030,35740,36300,33960,-1780,-4.98,34240,-1500,-4.2,33960,36300,1399-10-6
319,كفرا,فراورده‌ هاي‌ نسوزايران‌,1762,2626698,177645419040,64790,64090,68020,3230,4.99,67630,2840,4.38,62700,68020,1399-10-6
320,اعتماد,صندوق س.اعتماد آفرين پارسيان-د,1759,49290250,1676746673100,33978,34014,34023,45,0.13,34018,40,0.12,34012,34023,1399-10-6
321,وهنر,گروه توسعه هنر ايران,1736,19004679,106263397289,5436,5580,5599,163,3.0,5591,155,2.85,5436,5599,1399-10-6
322,غمينوح,ح . شركت صنايع غذايي مينو شرق,1735,5870854,67622288793,11402,11551,11622,220,1.93,11518,116,1.02,11102,11781,1399-10-6
323,سرچشمه,سرمايه گذاري مس سرچشمه,1712,10818669,89629873024,8638,8799,8270,-368,-4.26,8285,-353,-4.09,8207,8799,1399-10-6
324,وثخوز,سرمايه گذاري و توسعه خوزستان,1675,1803648,128965867174,69190,72649,72649,3459,5.0,71503,2313,3.34,65731,72649,1399-10-6
325,دسينا,داروسازي‌ سينا,1671,2818093,96147666780,32680,33900,34170,1490,4.56,34120,1440,4.41,32810,34310,1399-10-6
326,سبهان,سيمان‌ بهبهان‌,1668,1593845,125031800390,74740,78400,78470,3730,4.99,78450,3710,4.96,75500,78470,1399-10-6
327,كخاك,صنايع‌خاك‌چيني‌ايران‌,1663,2446680,144454158290,59020,57630,60030,1010,1.71,59040,20,0.03,56070,60880,1399-10-6
328,سپح,ح . پرداخت الكترونيك سامان كيش,1657,2237501,48152030220,20010,20030,21410,1400,7.0,21520,1510,7.55,20030,22000,1399-10-6
329,وليز,ليزينگ‌ايران‌,1647,14299217,133949632440,8930,9370,9370,440,4.93,9370,440,4.93,9250,9370,1399-10-6
330,آبين,كشت و صنعت آبشيرين,1644,19219195,99178875694,5299,5141,5141,-158,-2.98,5160,-139,-2.62,5141,5320,1399-10-6
331,فلوله,لوله‌وماشين‌سازي‌ايران‌,1643,6753293,176252464320,24950,25000,26190,1240,4.97,26100,1150,4.61,25000,26190,1399-10-6
332,ارزش,صندوق س ارزش آفرين بيدار-سهام,1631,8066323,87830876350,11170,11070,10760,-410,-3.67,10890,-280,-2.51,10730,11180,1399-10-6
333,حفارس,حمل و نقل بين المللي خليج فارس,1625,25240846,114380951320,4390,4400,4600,210,4.78,4530,140,3.19,4340,4600,1399-10-6
334,حبندر,دريايي و کشتيراني خط دريابندر,1620,3756798,125546886983,32582,31900,33559,977,3.0,33419,837,2.57,31700,33559,1399-10-6
335,كنور,توسعه معدني و صنعتي صبانور,1605,2133211,105833214100,48510,50330,48920,410,0.85,49610,1100,2.27,48500,50350,1399-10-6
336,بهپاك,صنعتي بهپاك,1597,3605833,186382795116,49660,52143,52143,2483,5.0,51689,2029,4.09,49650,52143,1399-10-6
337,وسنا,سرمايه گذاري نيروگاهي ايران,1589,6885494,126436856258,17624,18500,18505,881,5.0,18363,739,4.19,17400,18505,1399-10-6
338,ثزاگرس,سرمايه گذاري توسعه عمران زاگرس,1586,2382506,124313094309,49983,52482,52482,2499,5.0,52177,2194,4.39,47960,52482,1399-10-6
339,شبهرن,نفت‌ بهران‌,1533,2285049,127964712680,56800,56780,56270,-530,-0.93,56000,-800,-1.41,55500,57990,1399-10-6
340,غگلپا,شير پاستوريزه پگاه گلپايگان,1526,1201363,95749714935,78978,81950,77601,-1377,-1.74,79701,723,0.92,76500,81950,1399-10-6
341,پارسيان,بيمه پارسيان,1525,8055483,115484008130,14960,15110,14220,-740,-4.95,14340,-620,-4.14,14220,15110,1399-10-6
342,ركيش,كارت اعتباري ايران كيش,1518,4136155,91505625080,21500,22230,22200,700,3.26,22120,620,2.88,21750,22500,1399-10-6
343,امين يكم,صندوق درآمد ثابت امين يكم فردا,1483,33494211,339981830571,10140,10159,10150,10,0.1,10150,10,0.1,10146,10160,1399-10-6
344,سكرد,سيمان كردستان,1472,11350809,108612699270,9140,9570,9590,450,4.92,9570,430,4.7,9170,9590,1399-10-6
345,بميلا,توسعه بازرگاني آهن وفولادميلاد,1470,6066387,115450954436,18667,19100,19600,933,5.0,19031,364,1.95,17736,19600,1399-10-6
346,وكادو,تكادو,1458,12780583,301505685893,22914,23601,23601,687,3.0,23591,677,2.95,23000,23601,1399-10-6
347,ثامان,سامان‌ گستراصفهان‌,1454,3213656,75325043590,23940,24500,23450,-490,-2.05,23440,-500,-2.09,22800,24500,1399-10-6
348,كاسپين,داروسازي كاسپين تامين,1452,2890336,91656209280,30204,31714,31714,1510,5.0,31711,1507,4.99,31300,31714,1399-10-6
349,فالوم,آلومتك‌,1450,8489447,279316478245,28560,32900,33887,5327,18.65,32902,4342,15.2,31913,33887,1399-10-6
350,وخاور,بانك خاورميانه,1449,9620202,95761770560,10300,10300,10040,-260,-2.52,9950,-350,-3.4,9790,10300,1399-10-6
351,كمينا,شيشه سازي مينا,1435,2888572,100049757310,34598,34020,35690,1092,3.16,34636,38,0.11,33000,36100,1399-10-6
352,شفن,پتروشيمي فناوران,1433,482101,150659903100,310040,317900,309960,-80,-0.03,312510,2470,0.8,308500,323820,1399-10-6
353,زماهان,مجتمع توليد گوشت مرغ ماهان,1428,2106096,60363875725,28697,28900,28880,183,0.64,28662,-35,-0.12,28010,29440,1399-10-6
354,سپ,پرداخت الكترونيك سامان كيش,1407,3188200,69372888870,20800,21700,21550,750,3.61,21760,960,4.62,21110,21840,1399-10-6
355,پرداخت,به پرداخت ملت,1391,2346982,62877023730,27690,28680,26500,-1190,-4.3,26790,-900,-3.25,26310,28680,1399-10-6
356,شاوان,پالايش نفت لاوان,1386,1130355,112576072248,103072,103110,100100,-2972,-2.88,99594,-3478,-3.37,97919,103110,1399-10-6
357,ستران,سيمان‌ تهران‌,1384,2851325,109954059300,36820,38600,38660,1840,5.0,38560,1740,4.73,36930,38660,1399-10-6
358,اعتلا,شركت سرمايه گذاري اعتلاء البرز,1376,9062870,107506401860,11302,11867,11867,565,5.0,11862,560,4.95,11740,11867,1399-10-6
359,غپاك,لبنيات‌ پاك‌,1368,6913976,117340000430,16190,16990,16990,800,4.94,16970,780,4.82,16360,16990,1399-10-6
360,نيرو,نيرو سرمايه,1366,1249948,76771419361,59741,61530,61533,1792,3.0,61420,1679,2.81,58000,61533,1399-10-6
361,سخوز,سيمان خوزستان,1333,4465853,116650385190,24940,26120,26180,1240,4.97,26120,1180,4.73,25300,26180,1399-10-6
362,فلات,گروه صنايع معادن فلات ايرانيان,1331,5285441,83087636478,15614,15250,15200,-414,-2.65,15720,106,0.68,15146,16070,1399-10-6
363,دسبحا,گروه دارويي سبحان,1303,4059580,111196711480,26100,27400,27390,1290,4.94,27390,1290,4.94,27060,27400,1399-10-6
364,وتوسم,سرمايه‌گذاري‌توسعه‌ملي‌,1273,4365966,57467427380,12990,13370,12900,-90,-0.69,13160,170,1.31,12850,13440,1399-10-6
365,شاراك,پتروشيمي شازند,1269,10477604,265076937760,26510,26010,25190,-1320,-4.98,25300,-1210,-4.56,25190,26780,1399-10-6
366,كساوه,صنايع‌ كاشي‌ و سراميك‌ سينا,1269,2684896,258062122400,91550,96120,96120,4570,4.99,96120,4570,4.99,94800,96120,1399-10-6
367,ثاصفا,شركت‌ ساختمان‌ اصفهان‌,1255,2313698,83319316155,37093,35981,35981,-1112,-3.0,36011,-1082,-2.92,35981,36720,1399-10-6
368,اتكاي,بيمه اتكايي ايرانيان,1251,4045765,75718878496,18528,18528,19140,612,3.3,18716,188,1.01,18520,19288,1399-10-6
369,وملت,سرمايه گذاري ملت,1244,14548192,62031251634,4341,4255,4260,-81,-1.87,4264,-77,-1.77,4255,4370,1399-10-6
370,بسويچ,پارس‌سويچ‌,1214,1284950,64901632170,51990,54570,49420,-2570,-4.94,50510,-1480,-2.85,49400,54570,1399-10-6
371,غپآذر,شير پگاه آذربايجان شرقي,1196,1243269,82742208091,64517,67542,67742,3225,5.0,66552,2035,3.15,64590,67742,1399-10-6
372,وتوشه,سرمايه‌ گذاري‌ پارس‌ توشه‌,1189,4347302,107983719990,23660,24840,24840,1180,4.99,24840,1180,4.99,24510,24840,1399-10-6
373,شتوكا,توكا رنگ فولاد سپاهان,1182,3231236,164753264256,48637,51060,51068,2431,5.0,50988,2351,4.83,48900,51068,1399-10-6
374,خديزل,بهمن  ديزل,1182,1672287,89094630449,53168,54500,53960,792,1.49,53277,109,0.21,51850,54500,1399-10-6
375,كاذرح,ح . فرآورده‌هاي‌نسوزآذر,1162,2928384,64470858820,21150,22450,21990,840,3.97,22020,870,4.11,21520,22730,1399-10-6
376,وپخش,داروپخش‌ (هلدينگ‌,1144,400103,58588857800,143360,146000,144400,1040,0.73,146430,3070,2.14,143520,150000,1399-10-6
377,واتي,سرمايه‌ گذاري‌ آتيه‌ دماوند,1127,3718370,58862433250,15590,15900,15700,110,0.71,15830,240,1.54,15130,16260,1399-10-6
378,ساينا,صنايع بهداشتي ساينا,1120,380469,75510549729,190464,195900,199987,9523,5.0,198467,8003,4.2,191400,199987,1399-10-6
379,دتوزيعح,ح . توزيع دارو پخش,1120,3322546,95991676486,27516,28891,28891,1375,5.0,28891,1375,5.0,28891,28891,1399-10-6
380,تكنو,تكنوتار,1102,6041489,99379498930,15900,16690,16690,790,4.97,16450,550,3.46,15250,16690,1399-10-6
381,وصندوق,سرمايه‌گذاري‌صندوق‌بازنشستگي‌,1094,4496027,69832555350,15540,15450,15600,60,0.39,15540,0,0.0,15300,15890,1399-10-6
382,داراب,پتروشيمي داراب,1081,14564686,42053822737,2964,2878,2876,-88,-2.97,2887,-77,-2.6,2876,3000,1399-10-6
383,پارتا,مجتمع‌صنعتي‌آرتاويل‌تاير,1073,2090874,144299516999,67145,68400,69111,1966,2.93,69014,1869,2.78,67300,69159,1399-10-6
384,دروز,داروسازي‌ روزدارو,1064,3578354,72020172580,19230,20170,20190,960,4.99,20130,900,4.68,19550,20190,1399-10-6
385,گكيش,توريستي ورفاهي آبادگران كيش,1044,1280481,77524553259,58983,57250,60752,1769,3.0,60543,1560,2.64,57250,60752,1399-10-6
386,ساروم,سيمان‌اروميه‌,1044,3208128,98851981680,29370,30800,30830,1460,4.97,30810,1440,4.9,30110,30830,1399-10-6
387,كويرح,ح. توليدي فولاد سپيد فراب كوير,1042,8010000,151004905040,18690,20560,20560,1870,10.01,18850,160,0.86,18700,20560,1399-10-6
388,شبصير,توليدات پتروشيمي قائد بصير,1038,1099866,141245378848,132036,130001,125809,-6227,-4.72,128421,-3615,-2.74,125500,132000,1399-10-6
389,بفجر,فجر انرژي خليج فارس,1024,1370891,40352333580,28720,29990,29500,780,2.72,29100,380,1.32,28720,29990,1399-10-6
390,تسه9908,امتياز تسهيلات مسكن آبان99,1021,21846,11599808238,550298,577812,522784,-27514,-5.0,530981,-19317,-3.51,522784,577812,1399-10-6
391,ضخود1042,اختيارخ خودرو-3000-1399/10/07,1013,44971,4799436000,299,290,68,-231,-77.26,107,-192,-64.21,67,290,1399-10-6
392,وآيند,بانك  آينده,1008,5197575,113213578650,22226,21782,21782,-444,-2.0,21782,-444,-2.0,21782,21782,1399-10-6
393,جم,پتروشيمي جم,1003,3193148,153558331670,47670,47680,48180,510,1.07,48090,420,0.88,47670,49710,1399-10-6
394,لخانه,لوازم‌ خانگي‌ پارس‌,994,1407687,75305701488,51975,53532,53534,1559,3.0,53496,1521,2.93,53000,53534,1399-10-6
395,بالبر,كابل‌ البرز,993,3047934,89662529970,28100,29500,29500,1400,4.98,29420,1320,4.7,28100,29500,1399-10-6
396,تماوند,تامين سرمايه دماوند,978,9119532,152770729547,16164,16150,16972,808,5.0,16752,588,3.64,15950,16972,1399-10-6
397,سخزر,سيمان‌ خزر,977,1844584,64160899760,33770,35450,35450,1680,4.97,34780,1010,2.99,32120,35450,1399-10-6
398,شنفت,نفت‌ پارس‌,967,1214209,71440736000,58010,56450,58000,-10,-0.02,58840,830,1.43,56450,60000,1399-10-6
399,فوكا,فولاد كاويان,962,11819671,181774720309,15854,15379,15379,-475,-3.0,15379,-475,-3.0,15379,15379,1399-10-6
400,سشمال,سيمان‌ شمال‌,952,5431129,60883243440,10730,10650,11260,530,4.94,11210,480,4.47,10600,11260,1399-10-6
401,وپترو,سرمايه‌گذاري صنايع پتروشيمي‌,948,3631818,69205041700,19920,19200,18930,-990,-4.97,19060,-860,-4.32,18930,19500,1399-10-6
402,كمنگنز,معادن‌منگنزايران‌,925,1010800,123480609320,116390,122170,122200,5810,4.99,122160,5770,4.96,118100,122200,1399-10-6
403,داسوه,داروسازي‌ اسوه‌,925,3413162,115489720600,32250,33840,33860,1610,4.99,33840,1590,4.93,32870,33860,1399-10-6
404,وزمين,بانك ايران زمين,913,7753688,97201779823,12663,12890,12410,-253,-2.0,12536,-127,-1.0,12410,12890,1399-10-6
405,سامان,بانك سامان,907,7901986,102825869599,13407,13080,13005,-402,-3.0,13013,-394,-2.94,13005,13375,1399-10-6
406,خمحور,توليدمحورخودرو,904,1356066,103648137610,80280,79600,76270,-4010,-5.0,76430,-3850,-4.8,76270,79600,1399-10-6
407,كگاز,شيشه‌ و گاز,904,2648434,65192439640,23480,24600,24650,1170,4.98,24620,1140,4.86,24110,24650,1399-10-6
408,سنير,سيمان‌ سفيد ني‌ريز,896,477364,53846011070,107630,112900,113010,5380,5.0,112800,5170,4.8,110000,113010,1399-10-6
409,قهكمت,قندهكمتان‌,887,1057444,55342719970,50530,50550,53050,2520,4.99,52340,1810,3.58,50540,53050,1399-10-6
410,خودكفا,اقتصادي و خودكفايي آزادگان,886,5471490,240324255270,42644,43923,43923,1279,3.0,43923,1279,3.0,43923,43923,1399-10-6
411,شرانل,نفت ايرانول,885,1435566,47598640648,34099,33640,32990,-1109,-3.25,33176,-923,-2.71,32401,34000,1399-10-6
412,طلا,صندوق س.پشتوانه طلاي لوتوس,872,297801,24921659808,84929,84000,83500,-1429,-1.68,83686,-1243,-1.46,83000,84430,1399-10-6
413,ولتجار,واسپاري تجارت وسرمايه ايرانيان,870,5069378,41387778290,7938,8176,8176,238,3.0,8164,226,2.85,8010,8176,1399-10-6
414,جم پيلن,پلي پروپيلن جم - جم پيلن,866,642164,57380788670,88500,89000,88020,-480,-0.54,89190,690,0.78,88000,92000,1399-10-6
415,وثنو,سرمايه گذاري ساختماني نوين,863,2476256,51114432263,21368,21500,20425,-943,-4.41,20642,-726,-3.4,20425,21500,1399-10-6
416,تپمپي,پمپ‌ سازي‌ ايران‌,858,2807963,101000474600,34320,35150,36030,1710,4.98,35970,1650,4.81,35150,36030,1399-10-6
417,لخزر,پارس‌ خزر,855,222307,49771303500,219610,230570,224910,5300,2.41,223780,4170,1.9,219140,230570,1399-10-6
418,كيميا,معدني كيمياي زنجان گستران,854,1340534,56041023870,44005,41805,41805,-2200,-5.0,41805,-2200,-5.0,41805,41805,1399-10-6
419,سكرما,سيمان‌ كرمان‌,849,2662832,54975592130,19770,20740,20750,980,4.96,20650,880,4.45,20000,20750,1399-10-6
420,سبزوا,سيمان لار سبزوار,838,7118260,41663175780,5575,5853,5853,278,4.99,5796,221,3.96,5853,5853,1399-10-6
421,واحصا,احياء صنايع خراسان,830,1193084,41831711368,34466,35498,35499,1033,3.0,35062,596,1.73,33433,35499,1399-10-6
422,كمرجان,بازرگاني و توليدي مرجان كار,829,656348,57370432034,83497,87600,87671,4174,5.0,87409,3912,4.69,85000,87671,1399-10-6
423,سيستم,همكاران سيستم,829,1152924,38821405070,34600,34580,33260,-1340,-3.87,33860,-740,-2.14,33200,34580,1399-10-6
424,ضخود1043,اختيارخ خودرو-3500-1399/10/07,823,41561,243582000,48,30,1,-47,-97.92,6,-42,-87.5,1,30,1399-10-6
425,مبين,مبين انرژي خليج فارس,820,3020515,47532473570,16120,16460,15620,-500,-3.1,15960,-160,-0.99,15430,16460,1399-10-6
426,كبافق,معادن‌ بافق‌,813,1663582,102210478080,58520,61440,61440,2920,4.99,61440,2920,4.99,61440,61440,1399-10-6
427,ولملت,واسپاري ملت,798,2994495,30193079790,10360,10200,10000,-360,-3.47,10190,-170,-1.64,9890,10500,1399-10-6
428,فسا,پتروشيمي فسا,792,11122609,27830986070,2574,2502,2497,-77,-2.99,2502,-72,-2.8,2497,2574,1399-10-6
429,پارس,پتروشيمي پارس,780,506243,81898233520,162500,161200,160000,-2500,-1.54,161900,-600,-0.37,159810,163990,1399-10-6
430,دفرا,فرآورده‌هاي‌ تزريقي‌ ايران‌,775,2326636,71406035250,29240,30690,30700,1460,4.99,30690,1450,4.96,30000,30700,1399-10-6
431,لبوتان,گروه‌صنعتي‌بوتان‌,774,413909,43646704050,111000,105450,105450,-5550,-5.0,105900,-5100,-4.59,105450,105450,1399-10-6
432,كاردان,صندوق س تجارت شاخصي كاردان,765,301251,53672470870,182740,181550,176160,-6580,-3.6,178170,-4570,-2.5,176000,182550,1399-10-6
433,ساراب,سيمان‌ داراب‌,762,3198142,48699813920,14510,15230,15230,720,4.96,15180,670,4.62,15010,15230,1399-10-6
434,كيان,صندوق س. با درآمد ثابت كيان,759,19856221,525585251813,26425,26473,26468,43,0.16,26470,45,0.17,26467,26474,1399-10-6
435,خلنت,لنت‌ ترمزايران‌,754,374679,34198907170,88980,84700,92700,3720,4.18,90510,1530,1.72,84700,93420,1399-10-6
436,آوا,صندوق س.سهام آواي معيار-س,743,2921187,26002257837,9243,9200,8830,-413,-4.47,8901,-342,-3.7,8810,9201,1399-10-6
437,كترام,توليدي‌ كاشي‌ تكسرام‌,740,1319795,57173519400,41260,43320,43320,2060,4.99,43320,2060,4.99,43320,43320,1399-10-6
438,خراسان,پتروشيمي خراسان,739,2227271,164813780050,70650,69660,74180,3530,5.0,74000,3350,4.74,69660,74180,1399-10-6
439,شپاس,نفت پاسارگاد,736,2049677,46614943727,23903,23500,22708,-1195,-5.0,22766,-1137,-4.76,22708,23500,1399-10-6
440,آپ,آسان پرداخت پرشين,722,3528175,72680405000,19620,20600,20600,980,4.99,20600,980,4.99,20600,20600,1399-10-6
441,نمرينو,ايران‌ مرينوس‌,717,716289,43902396120,59170,59950,62120,2950,4.99,60970,1800,3.04,57530,62120,1399-10-6
442,قمرو,قند مرودشت‌,713,2028890,58953331650,27680,29060,29060,1380,4.99,29060,1380,4.99,28930,29060,1399-10-6
443,ختراكح,ح . ريخته‌گري‌ تراكتورسازي‌,712,2625581,42780062460,17720,16450,15950,-1770,-9.99,16290,-1430,-8.07,15950,17700,1399-10-6
444,سلار,شركت سيمان لارستان,712,1078572,50469411806,45983,47200,47362,1379,3.0,46793,810,1.76,44604,47362,1399-10-6
445,سفانو,سيمان فارس نو,701,1878380,69495567510,35300,36700,37060,1760,4.99,37000,1700,4.82,35840,37060,1399-10-6
446,شاملا,معدني‌ املاح‌  ايران‌,697,418802,30000987420,68750,72100,72140,3390,4.93,70410,1660,2.41,68820,72180,1399-10-6
447,فلامي,لاميران‌,694,778552,41489036080,50760,53290,53290,2530,4.98,52760,2000,3.94,53290,53290,1399-10-6
448,شخارك,پتروشيمي‌ خارك‌,690,1156036,55266954000,48030,49600,47750,-280,-0.58,47910,-120,-0.25,47120,49600,1399-10-6
449,شراز,پالايش نفت شيراز,687,215419,24212997351,111430,108000,110160,-1270,-1.14,111895,465,0.42,108000,116250,1399-10-6
450,سشرق,سيمان‌ شرق‌,681,11534277,93312300930,7710,8090,8090,380,4.93,8090,380,4.93,8090,8090,1399-10-6
451,وتعاون,بيمه  تعاون,664,6947869,50338828934,7042,7100,7253,211,3.0,7245,203,2.88,6980,7253,1399-10-6
452,غشوكو,شوكو پارس,659,792808,38927910274,47755,49187,49187,1432,3.0,49101,1346,2.82,46340,49187,1399-10-6
453,سجام,مجتمع سيمان غرب آسيا,643,2170270,28749776327,12931,13100,13318,387,2.99,13247,316,2.44,12544,13318,1399-10-6
454,لپيام,گسترش صنايع پيام,643,1952889,66860602052,33246,34243,34242,996,3.0,34237,991,2.98,33246,34243,1399-10-6
455,حپترو,حمل و نقل پتروشيمي( سهامي عام,640,988217,31325309160,32010,32800,31480,-530,-1.66,31810,-200,-0.62,30940,32800,1399-10-6
456,شيراز,پتروشيمي‌شيراز,639,1384904,78405324410,56280,55020,56860,580,1.03,56540,260,0.46,55020,57500,1399-10-6
457,فن آوا,گروه فن آوا,635,2754249,36694620107,13124,13212,13320,196,1.49,13323,199,1.52,12770,13517,1399-10-6
458,بمپنا,توليد برق عسلويه  مپنا,629,318392,31403725056,97508,97506,99998,2490,2.55,98206,698,0.72,95001,102300,1399-10-6
459,سدور,سيمان‌ دورود,621,4829955,59215248300,11680,12260,12260,580,4.97,12260,580,4.97,12260,12260,1399-10-6
460,قچار,فراوردههاي غذايي وقند چهارمحال,619,1717489,123173158613,68302,71717,71717,3415,5.0,71717,3415,5.0,71717,71717,1399-10-6
461,مفاخر,توسعه فناوري اطلاعات خوارزمي,617,1186199,50838546461,42968,41300,42000,-968,-2.25,42858,-110,-0.26,41300,44000,1399-10-6
462,ثفارس,عمران‌وتوسعه‌فارس‌,613,3327706,36471657760,10440,10960,10960,520,4.98,10800,360,3.45,10960,10960,1399-10-6
463,غپونه,نوش پونه مشهد,612,2213054,44375538324,19499,19060,20083,584,3.0,20052,553,2.84,19060,20083,1399-10-6
464,سهرمز,سيمان‌هرمزگان‌,602,3076116,68781953760,21300,22360,22360,1060,4.98,22360,1060,4.98,22360,22360,1399-10-6
465,وسصفا,شركت س استان اصفهان,600,12807833,13244746120,1070,1120,1020,-50,-4.67,1070,0,0.0,1020,1120,1399-10-6
466,اوصتا,صندوق انديشه ورزان صباتامين -د,594,29980031,523019753718,17434,17455,17450,16,0.09,17446,12,0.07,17404,17480,1399-10-6
467,شكبير,پتروشيمي اميركبير,588,829205,65979611931,79138,81000,80000,862,1.09,79421,283,0.36,77010,81000,1399-10-6
468,شپارس,بين‌ المللي‌ محصولات‌  پارس‌,573,2454561,51272084550,19990,20050,20980,990,4.95,20870,880,4.4,20050,20980,1399-10-6
469,واميد,گروه مديريت سرمايه گذاري اميد,572,1359615,52292038970,38290,38900,38300,10,0.03,38360,70,0.18,37610,39790,1399-10-6
470,جهرم,پتروشيمي جهرم,566,7141862,19644516160,2832,2835,2748,-84,-2.97,2751,-81,-2.86,2748,2835,1399-10-6
471,سبجنو,سيمان‌ بجنورد,559,1384064,54872502220,37790,39670,39670,1880,4.97,39650,1860,4.92,39000,39670,1399-10-6
472,شمواد,توليد مواداوليه الياف مصنوعي,550,717638,42654579171,56624,59455,59455,2831,5.0,59437,2813,4.97,57049,59455,1399-10-6
473,وايرا,سرمايه گذاري صنايع ايران,544,3467664,37448815119,11111,10778,10778,-333,-3.0,10799,-312,-2.81,10778,11111,1399-10-6
474,غشاذر,پگاه‌آذربايجان‌غربي‌,541,2418580,54224563600,21360,22420,22420,1060,4.96,22420,1060,4.96,22420,22420,1399-10-6
475,سيلام,سيمان‌ ايلام‌,535,4508775,49686700500,10500,11020,11020,520,4.95,10990,490,4.67,11020,11020,1399-10-6
476,زر,صندوق س.پشتوانه سكه طلاي زر,524,665485,32157997955,49170,48801,48077,-1093,-2.22,48323,-847,-1.72,47900,48821,1399-10-6
477,مارون,پتروشيمي مارون,507,287653,43907997257,156480,156010,151341,-5139,-3.28,154753,-1727,-1.1,151250,156400,1399-10-6
478,ختراك,ريخته‌گري‌ تراكتورسازي‌ ايران‌,506,4866019,74888032410,14660,15390,15390,730,4.98,15390,730,4.98,15390,15390,1399-10-6
479,حپارسا,توسعه حمل و نقل ريلي پارسيان,499,1025537,41048143962,38120,40026,40026,1906,5.0,39610,1490,3.91,40026,40026,1399-10-6
480,سصوفي,سيمان‌ صوفيان‌,498,2637411,45442591530,16410,17230,17230,820,5.0,17120,710,4.33,17230,17230,1399-10-6
481,شساخت,مهندسي و ساختمان صنايع نفت,497,1693810,76477542785,46461,45201,45068,-1393,-3.0,45151,-1310,-2.82,45068,46450,1399-10-6
482,ثالوند,سرمايه گذاري مسكن الوند,496,3064563,52532738946,16326,17142,17142,816,5.0,17142,816,5.0,17142,17142,1399-10-6
483,تشتاد,صنايع توليدي اشتاد ايران‌,489,1857272,29761442141,15565,16020,16031,466,2.99,16024,459,2.95,15570,16031,1399-10-6
484,حتوكا,حمل‌ونقل‌توكا,484,1165255,35773328500,29240,30700,30700,1460,4.99,30230,990,3.39,30700,30700,1399-10-6
485,غبهنوش,بهنوش‌ ايران‌,468,617915,86965357100,148140,140740,140740,-7400,-5.0,140740,-7400,-5.0,140740,140740,1399-10-6
486,غدشت,دشت‌ مرغاب‌,466,153938,43255038620,267610,280990,280990,13380,5.0,278630,11020,4.12,280990,280990,1399-10-6
487,وتوكا,سرمايه‌گذاري‌توكافولاد(هلدينگ,454,4659252,69609224880,14230,14940,14940,710,4.99,14940,710,4.99,14940,14940,1399-10-6
488,تكمبا,كمباين‌ سازي‌ ايران‌,452,3860511,52464344490,12950,13590,13590,640,4.94,13590,640,4.94,13590,13590,1399-10-6
489,كشرق,صنعتي و معدني شمال شرق شاهرود,451,481703,40004593566,79095,83047,83049,3954,5.0,82107,3012,3.81,83040,83049,1399-10-6
490,فيروزه,صندوق شاخص30 شركت فيروزه- سهام,441,143287,24832902310,178220,179000,171000,-7220,-4.05,173310,-4910,-2.76,170350,179000,1399-10-6
491,عيار,صندوق س. پشتوانه طلاي مفيد,424,1176116,33668419778,28995,28600,28490,-505,-1.74,28627,-368,-1.27,28402,28945,1399-10-6
492,پارند,صندوق س. پارند پايدار سپهر,422,7934767,90352151859,11415,11400,11398,-17,-0.15,11387,-28,-0.25,11352,11420,1399-10-6
493,اطلس,صندوق س.توسعه اندوخته آينده-س,418,65649,14130375553,215949,215000,215090,-859,-0.4,215241,-708,-0.33,214000,216300,1399-10-6
494,پسهند,صنايع‌ لاستيكي‌  سهند,407,1399722,69426211200,47240,49600,49600,2360,5.0,49600,2360,5.0,49600,49600,1399-10-6
495,ثنور,سرمايه گذاري كوه نور,407,5405899,55183416992,9911,10208,10208,297,3.0,10208,297,3.0,10208,10208,1399-10-6
496,ضخود2009,اختيارخ خودرو-4000-1400/02/08,406,15454,10091688000,735,696,620,-115,-15.65,653,-82,-11.16,620,720,1399-10-6
497,پلاست,كارخانجات توليدي پلاستيران,402,340061,16022037851,45053,47305,47305,2252,5.0,46633,1580,3.51,42801,47305,1399-10-6
498,حخزر,كشتيراني درياي خزر,397,1935724,50809897103,25056,26308,26308,1252,5.0,26213,1157,4.62,25308,26308,1399-10-6
499,غگلستا,شير پاستوريزه پگاه گلستان,393,1910887,49247379764,24545,25772,25772,1227,5.0,25696,1151,4.69,25772,25772,1399-10-6
500,مداران,داده‌پردازي‌ايران‌,381,1881352,54371072800,27530,28900,28900,1370,4.98,28900,1370,4.98,28900,28900,1399-10-6
501,افق ملت,صندوق س در سهام افق ملت,372,128747,18666636990,149320,147000,143740,-5580,-3.74,144990,-4330,-2.9,143500,147720,1399-10-6
502,ثعتما,س. ساختماني اعتماد گستر,367,1517029,71082359964,45507,46872,46872,1365,3.0,46856,1349,2.96,45710,46872,1399-10-6
503,وگردش,بانك گردشگري,362,5438316,114025171572,20357,20967,20967,610,3.0,20967,610,3.0,20967,20967,1399-10-6
504,ساروج,بين المللي ساروج بوشهر,360,1663823,39462943087,23055,22401,23740,685,2.97,23718,663,2.88,22401,23746,1399-10-6
505,فاما,صنعتي‌ آما,352,956951,19923719820,19830,20820,20820,990,4.99,20210,380,1.92,20820,20820,1399-10-6
506,آتيمس,صندوق س.آرمان آتيه درخشان مس-س,351,95552,21708506134,228899,229850,225700,-3199,-1.4,227190,-1709,-0.75,224030,229850,1399-10-6
507,آريان,سرمايه گذاري پارس آريان,348,13489841,237151404780,17068,17580,17580,512,3.0,17580,512,3.0,17580,17580,1399-10-6
508,آساس,صندوق س.آسمان آرماني سهام-س,332,77604,13541898024,176897,175300,174000,-2897,-1.64,174500,-2397,-1.36,173900,177690,1399-10-6
509,سمازن,سيمان‌مازندران‌,326,3261167,38351323920,11200,11760,11760,560,5.0,11610,410,3.66,11760,11760,1399-10-6
510,دارا,صندوق س. دارا الگوريتم-د,316,12299930,123122768094,9992,10001,10010,18,0.18,10010,18,0.18,10000,10019,1399-10-6
511,دسانكو,داروسازي سبحان انكولوژي,313,2358324,50295975948,20312,21327,21327,1015,5.0,21284,972,4.79,21327,21327,1399-10-6
512,غگرجي,بيسكويت‌  گرجي‌,305,1214956,23849586280,18700,19630,19630,930,4.97,19120,420,2.25,19630,19630,1399-10-6
513,كاذر,فرآورده‌هاي‌نسوزآذر,297,2131369,55650044590,24870,26110,26110,1240,4.99,26110,1240,4.99,26110,26110,1399-10-6
514,دتوزيع,توزيع دارو پخش,292,433985,13718265850,30105,31610,31610,1505,5.0,30498,393,1.31,31610,31610,1399-10-6
515,تسه9907,امتياز تسهيلات مسكن مهر99,287,2413,1274800929,547774,520386,521000,-26774,-4.89,528305,-19469,-3.55,520386,575161,1399-10-6
516,آ س پ,آ.س.پ,285,2184847,27535626741,12003,12603,12603,600,5.0,12318,315,2.62,12603,12603,1399-10-6
517,دامين,داروسازي‌ امين‌,285,2302646,41033151720,16980,17820,17820,840,4.95,17640,660,3.89,17820,17820,1399-10-6
518,فخاس,فولاد خراسان,279,2249671,73699221960,31200,32760,32760,1560,5.0,32290,1090,3.49,32760,32760,1399-10-6
519,خنصير,مهندسي‌نصيرماشين‌,272,682295,45584128950,63630,66810,66810,3180,5.0,66390,2760,4.34,66810,66810,1399-10-6
520,چافست,افست‌,268,1284119,29945655080,22210,23320,23320,1110,5.0,22840,630,2.84,23320,23320,1399-10-6
521,دكپسول,توليد ژلاتين كپسول ايران,255,448331,21829684721,46373,48691,48691,2318,5.0,47337,964,2.08,48691,48691,1399-10-6
522,حرهشا,رهشاد سپاهان (سهامي عام,254,356546,22887044286,62322,64191,64191,1869,3.0,64191,1869,3.0,64191,64191,1399-10-6
523,فروس,فروسيليس‌ ايران‌,251,2136003,13798579380,6160,6460,6460,300,4.87,6240,80,1.3,6460,6460,1399-10-6
524,سهگمت,سيمان‌هگمتان‌,250,1901584,51799148160,25950,27240,27240,1290,4.97,27220,1270,4.89,27240,27240,1399-10-6
525,شلعاب,لعابيران‌,250,1257540,15367138800,11640,12220,12220,580,4.98,11810,170,1.46,12220,12220,1399-10-6
526,وثوق,سرمايه گذاري وثوق امين,239,663282,9867646314,14444,14877,14877,433,3.0,14651,207,1.43,14877,14877,1399-10-6
527,كهرام,توليدي گرانيت بهسرام,236,192510,14674052689,72636,76267,76267,3631,5.0,75145,2509,3.45,73267,76267,1399-10-6
528,سخاش,سيمان‌خاش‌,234,285791,35140861360,117110,122960,122960,5850,5.0,121030,3920,3.35,122960,122960,1399-10-6
529,وآذر,سرمايه‌گذاري‌توسعه‌آذربايجان‌,233,639253,72088560810,107400,112770,112770,5370,5.0,112770,5370,5.0,112770,112770,1399-10-6
530,قلرست,قند لرستان‌,233,609804,16464708000,25720,27000,27000,1280,4.98,26120,400,1.56,27000,27000,1399-10-6
531,وسرمد,بيمه  سرمد,229,2937379,27173693129,8982,9251,9251,269,2.99,9251,269,2.99,9251,9251,1399-10-6
532,شفارا,پتروشيمي فارابي,228,3780912,19853568912,5001,5251,5251,250,5.0,5237,236,4.72,5251,5251,1399-10-6
533,آكورد,صندوق س. آرمان آتي كوثر-د,227,3732719,111751260759,29891,29945,29938,47,0.16,29938,47,0.16,29938,29945,1399-10-6
534,تسه9904,امتياز تسهيلات مسكن تير99,226,3318,1747250780,546822,519788,520000,-26822,-4.91,526598,-20224,-3.7,519481,555000,1399-10-6
535,سكه0012پ01,سكه تمام بهارتحويلي 1روزه رفاه,226,87200,101739386900,1181750,1165300,1168000,-13750,-1.16,1166736,-15014,-1.27,1163000,1171700,1399-10-6
536,قپيرا,فرآورده‌هاي‌غدايي‌وقندپيرانشهر,226,151028,14519830460,91570,96140,96140,4570,4.99,92830,1260,1.38,96130,96140,1399-10-6
537,خفولا,خدمات فني فولاد يزد,223,487797,23103041514,45983,47362,47362,1379,3.0,47362,1379,3.0,47362,47362,1399-10-6
538,خپويش,سازه‌ پويش‌,219,493400,20959632000,40460,42480,42480,2020,4.99,41270,810,2.0,42480,42480,1399-10-6
539,ضجار1016,اختيارخ وتجارت-4000-1399/10/21,218,11057,441811000,92,69,42,-50,-54.35,40,-52,-56.52,31,69,1399-10-6
540,دكيمي,كيميدارو,216,1668127,52996394790,30260,31770,31770,1510,4.99,31770,1510,4.99,31770,31770,1399-10-6
541,سغرب,سيمان‌غرب‌,215,925344,21116350080,21740,22820,22820,1080,4.97,22170,430,1.98,22820,22820,1399-10-6
542,گشان,توسعه بين المللي پديده شانديز,214,213813,13724015031,65496,64187,64187,-1309,-2.0,65025,-471,-0.72,64187,64187,1399-10-6
543,دجابر,داروسازي‌ جابرابن‌حيان‌,211,2247432,58995090000,25000,26250,26250,1250,5.0,26250,1250,5.0,26250,26250,1399-10-6
544,كگهر,سنگ آهن گهرزمين,208,1631814,83289418374,48611,51041,51041,2430,5.0,50217,1606,3.3,51041,51041,1399-10-6
545,دبالك,مواد اوليه دارويي البرز بالك,200,1576847,39744428635,24005,25205,25205,1200,5.0,24913,908,3.78,25205,25205,1399-10-6
546,دشيري,شيرين دارو,198,98004,17635882722,171658,179000,180240,8582,5.0,178633,6975,4.06,176807,180240,1399-10-6
547,تسه9902,امتياز تسهيلات مسكن ارديبهشت99,196,1908,1014968689,543511,517746,550000,6489,1.19,531954,-11557,-2.13,516336,570686,1399-10-6
548,ولراز,ليزينگ رازي,195,154989,8650401057,54188,55813,55813,1625,3.0,54870,682,1.26,55813,55813,1399-10-6
549,فافزا,فولاد افزا سپاهان,195,421760,20796985600,47874,49310,49310,1436,3.0,49310,1436,3.0,49310,49310,1399-10-6
550,سدشت,صنايع سيمان دشتستان,194,152333,6077799150,38040,39940,38100,60,0.16,38260,220,0.58,38100,39940,1399-10-6
551,زكشت,كشاورزي مكانيزه اصفهان كشت,192,834520,31823585680,36319,38134,38134,1815,5.0,37419,1100,3.03,38134,38134,1399-10-6
552,ثاباد,توريستي ورفاهي آبادگران ايران,190,380746,14917628280,37320,39180,39180,1860,4.98,37850,530,1.42,39180,39180,1399-10-6
553,سمتاز,سيمان ممتازان كرمان,185,493728,13670340864,26882,27688,27688,806,3.0,27417,535,1.99,27688,27688,1399-10-6
554,بشهاب,لامپ‌  پارس‌ شهاب‌,185,238187,18823918610,75270,79030,79030,3760,5.0,76620,1350,1.79,79030,79030,1399-10-6
555,معيار,سرمايه گذاري معيار صنعت پارس,184,263483,9455350938,34506,35886,35886,1380,4.0,35761,1255,3.64,35886,35886,1399-10-6
556,ياقوت,صندوق س ياقوت آگاه-ثابت,182,1347915,15697274156,11627,11661,11658,31,0.27,11646,19,0.16,11643,11661,1399-10-6
557,كقزوي,شيشه‌ قزوين‌,181,1598809,14932876060,8896,9340,9340,444,4.99,9212,316,3.55,9340,9340,1399-10-6
558,حاريا,كشتيراني آريا,180,725233,21313147404,27989,29388,29388,1399,5.0,29388,1399,5.0,29388,29388,1399-10-6
559,تسه9906,امتياز تسهيلات مسكن شهريور99,175,1082,585851765,555333,527567,530000,-25333,-4.56,541453,-13880,-2.5,527567,580000,1399-10-6
560,ضخود2007,اختيارخ خودرو-3000-1400/02/08,174,6510,5894438000,1188,1002,860,-328,-27.61,905,-283,-23.82,848,1050,1399-10-6
561,فنورد,نوردوقطعات‌ فولادي‌,172,116682,27242913360,222370,233480,233480,11110,5.0,228140,5770,2.59,233480,233480,1399-10-6
562,ثپرديسح,ح.سرمايه گذاري مسكن پرديس,170,10000000,86546990540,8439,8860,8860,421,4.99,8655,216,2.56,8500,8860,1399-10-6
563,قجام,فرآوردههاي غذايي وقندتربت‌جام‌,168,2824539,37843173522,13008,13398,13398,390,3.0,13398,390,3.0,13398,13398,1399-10-6
564,هجرت,پخش هجرت,162,1319398,52014627354,37546,39423,39423,1877,5.0,39406,1860,4.95,39423,39423,1399-10-6
565,پلوله,گازلوله‌,160,681130,11962263597,17481,17650,17655,174,1.0,17562,81,0.46,17307,17655,1399-10-6
566,ومشان,س. فني و مهندسي مشانير,159,322476,20213118156,60856,62681,62681,1825,3.0,62647,1791,2.94,62681,62681,1399-10-6
567,تابا,تابان نيرو سپاهان,157,285482,10860020762,36230,38041,38041,1811,5.0,37167,937,2.59,38041,38041,1399-10-6
568,كي بي سي,شركت كي بي سي,152,1533425,60472148300,37559,39436,39436,1877,5.0,39436,1877,5.0,39436,39436,1399-10-6
569,الماس,صندوق س.امين تدبيرگران فردا-س,152,40543,5435491287,132427,135000,133200,773,0.58,134067,1640,1.24,130054,135200,1399-10-6
570,تسه9711,امتياز تسهيلات مسكن بهمن 97,149,1944,975477981,525577,499299,499299,-26278,-5.0,501789,-23788,-4.53,499299,519970,1399-10-6
571,سدبير,س. تدبيرگران فارس وخوزستان,148,1306925,69791101925,50859,53401,53401,2542,5.0,53401,2542,5.0,53401,53401,1399-10-6
572,ولانا,شركت ليزينگ آريا دانا,147,610451,16059744908,25542,26308,26308,766,3.0,26139,597,2.34,26308,26308,1399-10-6
573,شكف,كف,147,188668,16302801880,83087,86410,86410,3323,4.0,86410,3323,4.0,86410,86410,1399-10-6
574,تسه9810,امتياز تسهيلات مسكن دي98,145,3338,1852161502,557972,530074,530074,-27898,-5.0,554872,-3100,-0.56,530074,579999,1399-10-6
575,گپارس,امور رفاهي كارگزاران پارس,144,141696,19763516881,135437,139488,139500,4063,3.0,139315,3878,2.86,138385,139500,1399-10-6
576,دقاضيح,ح . داروسازي شهيد قاضي,142,76017,4090213490,57003,55000,53350,-3653,-6.41,53807,-3196,-5.61,53350,55000,1399-10-6
577,وبرق,س.کارکنان صنعت برق زنجان وقزوي,138,252068,53428585348,205788,211961,211961,6173,3.0,211961,6173,3.0,211961,211961,1399-10-6
578,تسه9903,امتياز تسهيلات مسكن خرداد99,136,772,405373913,548308,520893,530000,-18308,-3.34,525096,-23212,-4.23,520893,530000,1399-10-6
579,كپشير,پشم‌شيشه‌ايران‌,135,2403048,59667681840,23650,24830,24830,1180,4.99,24830,1180,4.99,24830,24830,1399-10-6
580,داوه,داروسازي آوه سينا,133,342941,7020688152,19498,20472,20472,974,5.0,19628,130,0.67,20472,20472,1399-10-6
581,آساميد2,صندوق س.مشترك آسمان اميد -د,132,13200000,13200000,11264,1,1,-11263,-99.99,1,-11263,-99.99,1,1,1399-10-6
582,بموتو,موتوژن‌,130,131308,7215374600,52340,54950,54950,2610,4.99,52700,360,0.69,54950,54950,1399-10-6
583,تسه9801,امتياز تسهيلات مسكن فروردين98,130,1798,949004353,537713,511010,512178,-25535,-4.75,527811,-9902,-1.84,510828,548919,1399-10-6
584,قشهد,شهد,130,349070,11589124000,31620,33200,33200,1580,5.0,31970,350,1.11,33200,33200,1399-10-6
585,صايند,صندوق س. گنجينه آينده روشن-د,130,2123820,21335622350,10042,10044,10044,2,0.02,10046,4,0.04,10042,10084,1399-10-6
586,سپر,صندوق س سپر سرمايه بيدار- ثابت,129,1077300,11895307832,10980,11010,11070,90,0.82,11042,62,0.56,11000,11070,1399-10-6
587,تسه9905,امتياز تسهيلات مسكن مرداد99,129,806,432985798,540990,515009,540000,-990,-0.18,537203,-3787,-0.7,515000,550000,1399-10-6
588,تسه9710,امتياز تسهيلات مسكن دي 97,128,3545,1544138190,458507,435582,435582,-22925,-5.0,435582,-22925,-5.0,435582,435582,1399-10-6
589,نتوس,پشم‌ بافي‌ توس,126,967739,13315120901,13359,13759,13759,400,2.99,13618,259,1.94,13759,13759,1399-10-6
590,تسه9712,امتياز تسهيلات مسكن اسفند97,125,1463,751854470,535549,543000,508772,-26777,-5.0,513913,-21636,-4.04,508772,543000,1399-10-6
591,چكاوه,صنايع‌كاغذسازي‌كاوه‌,121,337224,3955637520,11180,11730,11730,550,4.92,11220,40,0.36,11730,11730,1399-10-6
592,ضخود1041,اختيارخ خودرو-2500-1399/10/07,120,5606,3170732000,794,523,549,-245,-30.86,566,-228,-28.72,512,650,1399-10-6
593,غمهرا,توليدي‌مهرام‌,119,197895,16223432100,78080,81980,81980,3900,4.99,79290,1210,1.55,81980,81980,1399-10-6
594,گوهر,صندوق سكه طلاي كيان,118,26291,1536447514,59279,59000,58269,-1010,-1.7,58440,-839,-1.42,58011,59688,1399-10-6
595,دارو,كارخانجات‌داروپخش‌,118,540624,18100091520,31890,33480,33480,1590,4.99,32440,550,1.72,33480,33480,1399-10-6
596,ضصاد1102,اختيارخ وبصادر-3500-1399/11/12,117,3302,795615000,328,300,237,-91,-27.74,241,-87,-26.52,210,300,1399-10-6
597,سكارون,سيمان كارون,114,411335,70841347705,167207,172223,172223,5016,3.0,172223,5016,3.0,172223,172223,1399-10-6
598,تصميم,صندوق س با درآمد ثابت تصميم,114,718228,10959483766,15274,15262,15262,-12,-0.08,15259,-15,-0.1,15253,15262,1399-10-6
599,تپولا,مهندسي مرآت پولاد,112,578204,20255064324,34011,35031,35031,1020,3.0,35014,1003,2.95,35031,35031,1399-10-6
600,سايرا,ايرانيت‌,111,208754,7108390713,34693,35386,34000,-693,-2.0,34228,-465,-1.34,34000,35386,1399-10-6
601,كفرآور,فرآورده هاي سيمان شرق,109,650591,15694857284,23422,24124,24124,702,3.0,23957,535,2.28,24124,24124,1399-10-6
602,سپاس,صندوق س. پاداش سهامداري توسعه1,108,1841552,18622076101,10091,10111,10113,22,0.22,10112,21,0.21,10110,10123,1399-10-6
603,ضخود1040,اختيارخ خودرو-2000-1399/10/07,108,4545,4901958000,1297,1230,1041,-256,-19.74,1079,-218,-16.81,1004,1230,1399-10-6
604,سنوين,سرمايه گذاري اقتصاد نوين,107,1662289,16390240703,9925,9930,9727,-198,-1.99,9860,-65,-0.65,9727,9960,1399-10-6
605,فاهواز,نورد و لوله اهواز,105,232145,4187199365,18788,18037,18037,-751,-4.0,18711,-77,-0.41,18037,18037,1399-10-6
606,تسه9901,امتياز تسهيلات مسكن فروردين99,105,927,502542516,541625,514555,530000,-11625,-2.15,542117,492,0.09,514555,568706,1399-10-6
607,شزنگ,تجهيزنيروي‌زنگان‌,97,82383,20301889839,239256,246433,246433,7177,3.0,246329,7073,2.96,246433,246433,1399-10-6
608,ضخود2013,اختيارخ خودرو-7000-1400/02/08,97,4399,498767000,172,150,110,-62,-36.05,113,-59,-34.3,100,150,1399-10-6
609,زعف0008پ16,زعفران0008نگين بيرجند(پ),97,75014,9489230638,128013,126505,127000,-1013,-0.79,126499,-1514,-1.18,126001,127000,1399-10-6
610,ضسپا1102,اختيارخ خساپا-2000-1399/11/26,96,5532,3161688000,716,600,570,-146,-20.39,572,-144,-20.11,550,666,1399-10-6
611,دقاضي,داروسازي شهيد قاضي,95,433035,22998055815,51563,53109,53109,1546,3.0,53109,1546,3.0,53109,53109,1399-10-6
612,صنوين,صندوق سرمايه‌گذاري صنوين-مختلط,92,23467,2510366800,106720,107990,106770,50,0.05,106970,250,0.23,106700,108200,1399-10-6
613,فنفت,صنايع تجهيزات نفت,91,231015,4261071675,17908,18445,18445,537,3.0,18019,111,0.62,18445,18445,1399-10-6
614,تسه9803,امتياز تسهيلات مسكن خرداد98,91,542,282827243,546254,518942,540000,-6254,-1.14,521821,-24433,-4.47,518942,540000,1399-10-6
615,وسكرد,شركت س استان كردستان,91,3142904,2357178000,780,750,750,-30,-3.85,780,0,0.0,750,750,1399-10-6
616,سكه0112پ03,سكه تمام بهارتحويلي1روزه سامان,90,16900,19722273600,1182576,1170000,1169996,-12580,-1.06,1166998,-15578,-1.32,1165000,1170000,1399-10-6
617,ورازي,بيمه رازي,83,599329,9061255151,14305,15119,15119,814,5.69,14654,349,2.44,15119,15119,1399-10-6
618,شتولي,تولي‌پرس‌,82,128576,3986884608,30400,31008,31008,608,2.0,30638,238,0.78,31008,31008,1399-10-6
619,فنرژي,گسترش صنايع انرژي آذرآب,82,380931,4754399811,12001,12481,12481,480,4.0,12220,219,1.82,12481,12481,1399-10-6
620,سكه9912پ04,سكه تمام بهارتحويل1روزه صادرات,81,25500,29750202900,1181618,1166666,1171000,-10618,-0.9,1166675,-14943,-1.26,1163500,1171000,1399-10-6
621,بذر,صندوق س بذر اميد آفرين-سهام,80,14680,1659706280,114310,114880,113370,-940,-0.82,113060,-1250,-1.09,111770,114880,1399-10-6
622,تسه9812,امتياز تسهيلات مسكن اسفند98,79,472,250524726,543223,516062,531500,-11723,-2.16,530773,-12450,-2.29,516062,535008,1399-10-6
623,تسه9802,امتياز تسهيلات مسكن ارديبهشت98,79,310,161966056,546509,519500,522000,-24509,-4.48,522471,-24038,-4.4,519500,530000,1399-10-6
624,سكه0011پ02,سكه تمام بهارتحويلي 1روزه ملت,79,35200,40978260700,1181645,1164500,1169000,-12645,-1.07,1164155,-17490,-1.48,1163009,1169888,1399-10-6
625,ضجار1015,اختيارخ وتجارت-3500-1399/10/21,78,2196,287749000,257,61,120,-137,-53.31,131,-126,-49.03,61,250,1399-10-6
626,ضخود2008,اختيارخ خودرو-3500-1400/02/08,77,1510,1201839000,907,822,700,-207,-22.82,796,-111,-12.24,700,888,1399-10-6
627,سفارود,كارخانه فارسيت درود,75,454882,5549560400,11961,12200,12200,239,2.0,12091,130,1.09,12200,12200,1399-10-6
628,ضجار1014,اختيارخ وتجارت-3000-1399/10/21,75,2230,820779000,579,302,360,-219,-37.82,368,-211,-36.44,302,500,1399-10-6
629,شصفها,پتروشيمي‌ اصفهان‌,74,46618,5894939336,123973,126452,126452,2479,2.0,124936,963,0.78,126452,126452,1399-10-6
630,زعف0008پ10,زعفران0008نگين طلاي سرخ(پ),74,74101,9435773427,128634,129990,127200,-1434,-1.11,127337,-1297,-1.01,126901,129990,1399-10-6
631,آساميد,صندوق س.مشترك آسمان اميد -د,70,2095427,23643514529,11264,11279,11286,22,0.2,11283,19,0.17,11279,11288,1399-10-6
632,وجامي,سرمايه گذاري جامي,70,218562,2530073712,11239,11576,11576,337,3.0,11280,41,0.36,11576,11576,1399-10-6
633,دمعيار,صندوق س. توازن معيار-د,65,1790180,17954694307,10012,10030,10028,16,0.16,10030,18,0.18,10028,10039,1399-10-6
634,كتوكا,توليدي و خدمات صنايع نسوز توكا,65,47187,1242480897,25078,26331,26331,1253,5.0,25108,30,0.12,26331,26331,1399-10-6
635,عيار2,صندوق س. پشتوانه طلاي مفيد,65,650000,650000,28995,1,1,-28994,-100.0,1,-28994,-100.0,1,1,1399-10-6
636,ضپاس1003,اختيارخ وپارس-3500-1399/10/30,64,1803,1155100000,821,800,590,-231,-28.14,641,-180,-21.92,570,800,1399-10-6
637,فيروزا,صندوق بادرآمد ثابت فيروزه آسيا,63,215484,4655925975,21607,21648,21628,21,0.1,21607,0,0.0,21562,21648,1399-10-6
638,وآتوس,س.آرين توسكا قيمت اسمي 350ريال,62,220251,9028308741,39798,40991,40991,1193,3.0,40321,523,1.31,40991,40991,1399-10-6
639,آسام,صندوق س.آرمان سپهر آشنا-م,62,20900,2380534650,112480,114000,114880,2400,2.13,113901,1421,1.26,112486,114880,1399-10-6
640,اخزا902,اسنادخزانه-م2بودجه99-011019,58,125787,84708919342,673466,672800,674999,1533,0.23,673431,-35,-0.01,672000,676969,1399-10-6
641,لازما,كارخانه هاي صنعتي آزمايش,58,467474,13251485478,28925,28347,28347,-578,-2.0,28347,-578,-2.0,28347,28347,1399-10-6
642,اخزا808,اسنادخزانه-م8بودجه98-000817,57,80183,69017499681,858288,856860,862000,3712,0.43,860750,2462,0.29,856860,864000,1399-10-6
643,دلر,داروسازي‌ اكسير,57,206639,10013725940,46160,48460,48460,2300,4.98,46600,440,0.95,48460,48460,1399-10-6
644,ضشنا1035,اختيارخ شپنا-14000-1399/10/23,56,496,511996000,1525,1600,910,-615,-40.33,1032,-493,-32.33,871,1600,1399-10-6
645,تسه9811,امتياز تسهيلات مسكن بهمن98,53,214,115223164,566764,538426,538426,-28338,-5.0,538426,-28338,-5.0,538426,538426,1399-10-6
646,اخزا809,اسنادخزانه-م9بودجه98-000923,50,75172,63618304965,843985,843985,846500,2515,0.3,846303,2318,0.27,843985,848885,1399-10-6
647,جوين,كشت و صنعت جوين,49,379887,10305574536,25837,27128,27128,1291,5.0,26471,634,2.45,27128,27128,1399-10-6
648,ضپاس1005,اختيارخ وپارس-4500-1399/10/30,49,1633,432935000,318,330,249,-69,-21.7,265,-53,-16.67,190,340,1399-10-6
649,هفارس912,اختيارف ت فارس-14576-99/12/13,46,438349,622455580,1118,1420,1420,302,27.01,1420,302,27.01,1420,1420,1399-10-6
650,كصدف,كاشي صدف سرام استقلال آباده,46,287597,7096168378,23956,24674,24674,718,3.0,24203,247,1.03,24674,24674,1399-10-6
651,افران,صندوق س افرا نماد پايدار-ثابت,45,350344,4324173640,12336,12344,12345,9,0.07,12343,7,0.06,12326,12345,1399-10-6
652,ضملت1128,اختيارخ وبملت-6000-1399/11/28,44,1599,760390000,490,500,470,-20,-4.08,476,-14,-2.86,440,500,1399-10-6
653,ثاژن,سخت آژند,44,346668,3052411740,8633,8805,8805,172,1.99,8684,51,0.59,8805,8805,1399-10-6
654,اخزا903,اسنادخزانه-م3بودجه99-011110,43,106710,71366184891,668430,668430,668002,-428,-0.06,668786,356,0.05,667911,669970,1399-10-6
655,زعف0008پ05,زعفران0008نگين زرين(پ),42,21661,2769236385,128502,128000,127876,-626,-0.49,127844,-658,-0.51,127400,128990,1399-10-6
656,وساغربي,شركت س استان آذربايجان غربي,41,952079,704538460,770,740,740,-30,-3.9,770,0,0.0,740,740,1399-10-6
657,پست0008پ04,پسته فندقي32-30سبزدانه0008(پ),41,3217,4581879509,1503678,1413923,1420000,-83678,-5.56,1424271,-79407,-5.28,1413923,1505791,1399-10-6
658,اخزا901,اسنادخزانه-م1بودجه99-010621,41,34331,25153727231,734021,731005,735000,979,0.13,732683,-1338,-0.18,731000,735000,1399-10-6
659,اخزا814,اسنادخزانه-م14بودجه98-010318,40,150146,116195558788,773969,772201,774000,31,0.0,773884,-85,-0.01,772200,778000,1399-10-6
660,زعف0008پ08,زعفران0008نگين روستا(پ),40,21998,2798491886,128267,127600,127000,-1267,-0.99,127216,-1051,-0.82,126150,127999,1399-10-6
661,وسفارس,شركت س استان فارس,38,1836217,1799492660,1030,980,980,-50,-4.85,1030,0,0.0,980,980,1399-10-6
662,تسه9809,امتياز تسهيلات مسكن آذر98,37,457,238691589,544861,520000,519000,-25861,-4.75,522301,-22560,-4.14,518000,550000,1399-10-6
663,اخزا815,اسنادخزانه-م15بودجه98-010406,36,123553,94625511528,766750,760200,765970,-780,-0.1,765870,-880,-0.11,760200,766399,1399-10-6
664,وسخوز,شركت س استان خوزستان,36,1421653,1322137290,970,930,930,-40,-4.12,970,0,0.0,930,930,1399-10-6
665,تسه9808,امتياز تسهيلات مسكن آبان98,36,261,136829294,544801,517562,530000,-14801,-2.72,524250,-20551,-3.77,517562,530000,1399-10-6
666,ضفار1125,اختيارخ فارس-17826-1399/11/07,35,1038,192396000,121,101,75,-46,-38.02,93,-28,-23.14,70,150,1399-10-6
667,ارمغان,ص سرمايه گذاري ارمغان ايرانيان,34,328202,3319701253,10111,10111,10113,2,0.02,10115,4,0.04,10111,10123,1399-10-6
668,ضفلا1156,اختيارخ فولاد-16000-1399/11/28,34,621,612817000,1064,930,951,-113,-10.62,987,-77,-7.24,930,1039,1399-10-6
669,ضجار1017,اختيارخ وتجارت-4500-1399/10/21,33,1485,12361000,26,5,18,-8,-30.77,8,-18,-69.23,5,18,1399-10-6
670,ضپاس1002,اختيارخ وپارس-3000-1399/10/30,32,861,986896000,1313,1300,1110,-203,-15.46,1146,-167,-12.72,1022,1300,1399-10-6
671,ضملي1152,اختيارخ فملي-18252-1399/11/05,31,575,290260652,486,261,225,-261,-53.7,256,-230,-47.33,223,300,1399-10-6
672,آينده,بازرگاني آينده سازان بهشت پارس,31,27550,561055750,20994,20365,20365,-629,-3.0,20976,-18,-0.09,20365,20365,1399-10-6
673,ضفار1126,اختيارخ فارس-19826-1399/11/07,31,563,29820000,95,80,15,-80,-84.21,26,-69,-72.63,13,80,1399-10-6
674,اخزا818,اسنادخزانه-م18بودجه98-010614,31,64738,47673045702,733934,735000,736528,2594,0.35,736400,2466,0.34,735000,739100,1399-10-6
675,اخزا820,اسنادخزانه-م20بودجه98-020806,30,112399,65191617258,579932,582995,580000,68,0.01,580002,70,0.01,579999,582995,1399-10-6
676,اخزا816,اسنادخزانه-م16بودجه98-010503,30,137025,103524572921,756778,750000,755980,-798,-0.11,755516,-1262,-0.17,750000,756000,1399-10-6
677,ضخود2005,اختيارخ خودرو-2000-1400/02/08,29,1011,1704155000,1787,1800,1650,-137,-7.67,1686,-101,-5.65,1600,1800,1399-10-6
678,اخزا817,اسنادخزانه-م17بودجه98-010512,28,151574,114129004781,752846,752000,753000,154,0.02,752959,113,0.02,751001,753000,1399-10-6
679,اخزا813,اسنادخزانه-م13بودجه98-010219,28,45770,35871797385,782910,783880,783763,853,0.11,783740,830,0.11,783103,783880,1399-10-6
680,اخزا811,اسنادخزانه-م11بودجه98-001013,28,66538,55820528442,836888,844999,838000,1112,0.13,838927,2039,0.24,834008,844999,1399-10-6
681,ضصاد1105,اختيارخ وبصادر-5000-1399/11/12,28,1511,30440000,50,40,22,-28,-56.0,20,-30,-60.0,8,40,1399-10-6
682,زعف0008پ11,زعفران0008نگين سحرخيز(پ),28,17446,2237134305,128843,128000,127320,-1523,-1.18,128232,-611,-0.47,127225,129400,1399-10-6
683,ضصاد1104,اختيارخ وبصادر-4500-1399/11/12,27,996,96235000,151,110,100,-51,-33.77,97,-54,-35.76,50,169,1399-10-6
684,ضفلا1155,اختيارخ فولاد-14000-1399/11/28,27,638,1155075000,2054,1900,1800,-254,-12.37,1810,-244,-11.88,1751,1900,1399-10-6
685,ضصاد1100,اختيارخ وبصادر-2500-1399/11/12,27,325,247372000,833,833,700,-133,-15.97,761,-72,-8.64,700,842,1399-10-6
686,اخزا704,اسنادخزانه-م4بودجه97-991022,26,20750,20561526762,989317,989821,991000,1683,0.17,990917,1600,0.16,989821,995000,1399-10-6
687,ثروتم,صندوق س. ثروت آفرين پارسيان-س,26,11030,1063891480,96714,95760,96510,-204,-0.21,96454,-260,-0.27,95760,97000,1399-10-6
688,سخند,صندوق س.سپهرخبرگان نفت-د,26,135800,1373822700,10091,10104,10111,20,0.2,10117,26,0.26,10104,10120,1399-10-6
689,ضملي1153,اختيارخ فملي-20280-1399/11/05,26,592,81043284,205,110,80,-125,-60.98,69,-136,-66.34,47,110,1399-10-6
690,ضملت1126,اختيارخ وبملت-4500-1399/11/28,26,830,767150000,1036,910,900,-136,-13.13,924,-112,-10.81,900,1000,1399-10-6
691,اخزا821,اسنادخزانه-م21بودجه98-020906,24,9433,5387321670,572887,570715,571000,-1887,-0.33,571114,-1773,-0.31,570700,573700,1399-10-6
692,وسلرستا,شركت س استان لرستان,24,429744,369579840,900,860,860,-40,-4.44,900,0,0.0,860,860,1399-10-6
693,اخزا806,اسنادخزانه-م6بودجه98-000519,24,39558,35502710728,896214,897001,898000,1786,0.2,897485,1271,0.14,897000,899000,1399-10-6
694,هترول911,اختيارف ت پترول-14730-99/11/15,24,96508,166186776,2239,1722,1722,-517,-23.09,1722,-517,-23.09,1722,1722,1399-10-6
695,داريك,صندوق س.اعتماد داريك-د,23,152732,1593273474,10431,10432,10432,1,0.01,10432,1,0.01,10410,10433,1399-10-6
696,ضشنا1036,اختيارخ شپنا-16000-1399/10/23,23,233,183633000,982,800,560,-422,-42.97,788,-194,-19.76,560,940,1399-10-6
697,اخزا812,اسنادخزانه-م12بودجه98-001111,22,44478,36673809459,825327,822281,825000,-327,-0.04,824538,-789,-0.1,822281,829990,1399-10-6
698,ضسپا1103,اختيارخ خساپا-2500-1399/11/26,20,416,175750000,592,500,369,-223,-37.67,422,-170,-28.72,369,500,1399-10-6
699,ضخود1044,اختيارخ خودرو-4000-1399/10/07,20,646,646000,1,1,1,0,0.0,1,0,0.0,1,1,1399-10-6
700,آكورد2,صندوق س. آرمان آتي كوثر-د,20,2000000,2000000,29891,1,1,-29890,-100.0,1,-29890,-100.0,1,1,1399-10-6
701,تسه9805,امتياز تسهيلات مسكن مرداد98,19,73,37795760,536898,510054,521000,-15898,-2.96,517750,-19148,-3.57,510054,550000,1399-10-6
702,ضخود2006,اختيارخ خودرو-2500-1400/02/08,19,446,572119000,1361,1650,1250,-111,-8.16,1283,-78,-5.73,1250,1650,1399-10-6
703,تسه9806,امتياز تسهيلات مسكن شهريور98,19,85,44097688,545872,518579,520000,-25872,-4.74,518796,-27076,-4.96,518579,520000,1399-10-6
704,تسه9804,امتياز تسهيلات مسكن تير98,18,79,44465782,536056,562858,562858,26802,5.0,562858,26802,5.0,562858,562858,1399-10-6
705,اخزا908,اسنادخزانه-م8بودجه99-020606,17,91439,55087780425,604990,600001,602500,-2490,-0.41,602454,-2536,-0.42,600001,604000,1399-10-6
706,ضپيك1020,اختيارخ تاپيكو-14000-99/10/16,16,155,95315000,1259,1000,555,-704,-55.92,615,-644,-51.15,500,1000,1399-10-6
707,تسه9807,امتياز تسهيلات مسكن مهر98,16,251,132870419,549053,530000,530000,-19053,-3.47,529364,-19689,-3.59,521601,530000,1399-10-6
708,ضفلا1157,اختيارخ فولاد-18000-1399/11/28,16,382,180881000,507,500,488,-19,-3.75,474,-33,-6.51,421,510,1399-10-6
709,وسيستا,شركت س استان سيستان وبلوچستان,15,271074,206016240,790,760,760,-30,-3.8,790,0,0.0,760,760,1399-10-6
710,وسگيلا,شركت س استان گيلان,15,194846,153928340,830,790,790,-40,-4.82,830,0,0.0,790,790,1399-10-6
711,ضپاس1001,اختيارخ وپارس-2500-1399/10/30,14,228,322130000,1451,1530,1500,49,3.38,1413,-38,-2.62,1300,1660,1399-10-6
712,اخزا807,اسنادخزانه-م7بودجه98-000719,13,28217,24499883093,867200,868470,868015,815,0.09,868267,1067,0.12,868000,868471,1399-10-6
713,ضپاس1004,اختيارخ وپارس-4000-1399/10/30,13,384,119380000,600,440,250,-350,-58.33,311,-289,-48.17,250,450,1399-10-6
714,زعف0008پ18,زعفران0008نگين بهرامن(پ),13,9087,1149627792,130000,127000,126101,-3899,-3.0,126513,-3487,-2.68,126101,127000,1399-10-6
715,ضملت1129,اختيارخ وبملت-7000-1399/11/28,13,211,40389000,199,130,199,0,0.0,191,-8,-4.02,130,220,1399-10-6
716,ضصاد1101,اختيارخ وبصادر-3000-1399/11/12,12,139,60217000,517,450,438,-79,-15.28,433,-84,-16.25,382,450,1399-10-6
717,ضفلا1158,اختيارخ فولاد-20000-1399/11/28,12,335,51813000,300,300,180,-120,-40.0,155,-145,-48.33,100,300,1399-10-6
718,ضصاد1103,اختيارخ وبصادر-4000-1399/11/12,12,49,9575000,228,200,175,-53,-23.25,195,-33,-14.47,170,220,1399-10-6
719,ضخود1048,اختيارخ خودرو-7000-1399/10/07,12,1175,1175000,1,1,1,0,0.0,1,0,0.0,1,1,1399-10-6
720,كشم0001پ01,كشمش سبز0001خليل آباد(پ),11,224,77277211,349647,362915,360000,10353,2.96,344988,-4659,-1.33,333500,367129,1399-10-6
721,ضملي1151,اختيارخ فملي-16224-1399/11/05,11,75,167797480,2000,1250,1050,-950,-47.5,1135,-865,-43.25,1050,1250,1399-10-6
722,ضغدر1119,اختيارخ وغدير-10000-1399/11/26,10,83,247984000,3500,3000,2998,-502,-14.34,2988,-512,-14.63,2950,3000,1399-10-6
723,ضخود2011,اختيارخ خودرو-5000-1400/02/08,10,189,57203000,400,305,301,-99,-24.75,303,-97,-24.25,301,309,1399-10-6
724,ضپار1117,اختيارخ خپارس-7000-1399/11/19,9,156,333000000,1960,2000,2300,340,17.35,2135,175,8.93,1890,2300,1399-10-6
725,نگين,ص.س. زمين و ساختمان نگين شهرري,9,2568,122123020,47550,47540,47560,10,0.02,47560,10,0.02,47530,47770,1399-10-6
726,وسهمدا,شركت س استان همدان,9,87285,74192250,890,850,850,-40,-4.49,890,0,0.0,850,850,1399-10-6
727,ضخود2012,اختيارخ خودرو-6000-1400/02/08,9,293,59731000,310,206,201,-109,-35.16,204,-106,-34.19,201,211,1399-10-6
728,وسرضوي,س.سهام عدالت استان خراسان رضوي,9,91246,89421080,1030,980,980,-50,-4.85,1030,0,0.0,980,980,1399-10-6
729,آگاس2,صندوق س.هستي بخش آگاه-س,9,900000,900000,76524,1,1,-76523,-100.0,1,-76523,-100.0,1,1,1399-10-6
730,هصيكو402,اختيارف ت تاصيكو13500-00/02/20,8,31422,50652264,1371,1612,1612,241,17.58,1612,241,17.58,1612,1612,1399-10-6
731,ضپنا1022,اختيارخ رمپنا-18806-1399/10/09,8,38,40560147,1660,2200,617,-1043,-62.83,721,-939,-56.57,600,2200,1399-10-6
732,اخزا905,اسنادخزانه-م5بودجه99-020218,8,21485,13593645090,631108,634000,633000,1892,0.3,632704,1596,0.25,632000,634000,1399-10-6
733,زعف0008پ09,زعفران0008نگين نوين(پ),8,10000,1268605900,128349,126450,127000,-1349,-1.05,126861,-1488,-1.16,126120,127500,1399-10-6
734,اعتماد2,صندوق س.اعتماد آفرين پارسيان-د,8,72000000,72000000,33978,1,1,-33977,-100.0,1,-33977,-100.0,1,1,1399-10-6
735,ضپار1115,اختيارخ خپارس-5000-1399/11/19,7,84,286830000,3092,3201,3400,308,9.96,3415,323,10.45,3201,3900,1399-10-6
736,ضفلا1154,اختيارخ فولاد-12000-1399/11/28,7,52,155661000,3327,3000,2851,-476,-14.31,2993,-334,-10.04,2810,3000,1399-10-6
737,ضفلا1151,اختيارخ فولاد-8000-1399/11/28,7,60,356301000,7040,7500,6295,-745,-10.58,5938,-1102,-15.65,5100,7500,1399-10-6
738,وسگلستا,شركت س استان گلستان,7,31656,37354080,1240,1180,1180,-60,-4.84,1240,0,0.0,1180,1180,1399-10-6
739,ضجار2003,اختيارخ وتجارت-3000-1400/02/22,7,57,57011000,1200,1000,1000,-200,-16.67,1000,-200,-16.67,1000,1011,1399-10-6
740,وسكرمان,س.سهام عدالت استان كرمان,7,136134,133411320,1030,980,980,-50,-4.85,1030,0,0.0,980,980,1399-10-6
741,ضسپا1105,اختيارخ خساپا-3500-1399/11/26,7,30,4900000,209,180,155,-54,-25.84,163,-46,-22.01,155,180,1399-10-6
742,ضخوز1014,اختيارخ فخوز-12191-1399/10/16,7,17,143128125,4198,3500,3012,-1186,-28.25,3207,-991,-23.61,3012,3501,1399-10-6
743,وسيلام,شركت س استان ايلام,7,45530,53725400,1240,1180,1180,-60,-4.84,1240,0,0.0,1180,1180,1399-10-6
744,اخزا713,اسنادخزانه-م13بودجه97-000518,6,650,583291300,897085,897302,897402,317,0.04,897371,286,0.03,897302,897402,1399-10-6
745,ضخود2010,اختيارخ خودرو-4500-1400/02/08,6,156,62416000,441,404,400,-41,-9.3,400,-41,-9.3,400,404,1399-10-6
746,اخزا721,اسنادخزانه-م21بودجه97-000728,6,1472,1274302485,863880,864660,866005,2125,0.25,865695,1815,0.21,864660,866005,1399-10-6
747,اخزا805,اسنادخزانه-م5بودجه98-000422,6,22826,20713704786,906501,907461,907461,960,0.11,907461,960,0.11,907461,907461,1399-10-6
748,ضفلا1153,اختيارخ فولاد-10000-1399/11/28,5,10,31804000,5100,3301,3100,-2000,-39.22,3180,-1920,-37.65,3100,3301,1399-10-6
749,ضملت1125,اختيارخ وبملت-4000-1399/11/28,5,32,43105000,1483,1450,1250,-233,-15.71,1347,-136,-9.17,1250,1450,1399-10-6
750,زير0003پ04,زيره سبز0003شركت مينوبذر(پ),5,117,54655000,474045,465000,470000,-4045,-0.85,467137,-6908,-1.46,465000,470000,1399-10-6
751,كابگن,توليدي و صنعتي آبگينه‌,5,61139,312114595,5005,5105,5105,100,2.0,5011,6,0.12,5105,5105,1399-10-6
752,ضصاد1106,اختيارخ وبصادر-6000-1399/11/12,5,122,2502000,21,21,21,0,0.0,21,0,0.0,15,21,1399-10-6
753,صگل1411,ص اجاره گل گهر 1411-3 ماهه 17%,5,159,157334500,990000,975100,990000,0,0.0,989525,-475,-0.05,975100,990000,1399-10-6
754,گنجين,صندوق س. گنجينه يكم آويد-د,5,2369,28174495,11875,11885,11900,25,0.21,11893,18,0.15,11885,11900,1399-10-6
755,ضملي1148,اختيارخ فملي-10140-1399/11/05,5,21,197000828,5700,5600,5299,-401,-7.04,4757,-943,-16.54,4001,5600,1399-10-6
756,اخزا810,اسنادخزانه-م10بودجه98-001006,5,12045,10123042700,837577,840700,842000,4423,0.53,840435,2858,0.34,839900,842000,1399-10-6
757,شستا991,اجاره تامين اجتماعي-امين991226,5,65,64797754,1008883,1009000,993522,-15361,-1.52,996888,-11995,-1.19,993040,1009000,1399-10-6
758,ضملي1149,اختيارخ فملي-12168-1399/11/05,5,9,56734440,3242,3400,3114,-128,-3.95,3197,-45,-1.39,3114,3400,1399-10-6
759,تملي701,تسهيلات مسكن ب. ملي-فروردين97,4,40,30829840,811311,770746,770746,-40565,-5.0,770746,-40565,-5.0,770746,770746,1399-10-6
760,پست0008پ09,پسته بادامي30-28مه ولات0008(پ),4,40,53100000,1321273,1300000,1350000,28727,2.17,1327500,6227,0.47,1300000,1350000,1399-10-6
761,وسقم,شركت س استان قم,4,66003,88444020,1410,1340,1340,-70,-4.96,1410,0,0.0,1340,1340,1399-10-6
762,اراد62,مرابحه عام دولت62-ش.خ0309,4,100000,100000000000,1000000,1000000,1000000,0,0.0,1000000,0,0.0,1000000,1000000,1399-10-6
763,پست0008پ08,پسته فندقي32-30مه ولات0008(پ),4,138,197600000,1484890,1470000,1420000,-64890,-4.37,1431884,-53006,-3.57,1420000,1470000,1399-10-6
764,تملي612,تسهيلات مسكن بانك ملي-اسفند96,4,52,47972132,971095,1019649,922541,-48554,-5.0,922541,-48554,-5.0,922541,922541,1399-10-6
765,اشاد10,مشاركت دولتي10-شرايط خاص001226,4,400,379890000,950000,937000,956000,6000,0.63,949725,-275,-0.03,937000,956000,1399-10-6
766,ضجار1010,اختيارخ وتجارت-1600-1399/10/21,4,45,68500000,2000,1600,1500,-500,-25.0,1522,-478,-23.9,1500,1600,1399-10-6
767,هاباد912,اختيارف ت آبادا-30100-99/12/12,4,435,4605780,10960,10588,10588,-372,-3.39,10588,-372,-3.39,10588,10588,1399-10-6
768,اراد50,مرابحه عام دولت5-ش.خ0302,4,100000,100000100000,1000000,1000001,1000001,1,0.0,1000001,1,0.0,1000001,1000001,1399-10-6
769,ضملت1127,اختيارخ وبملت-5000-1399/11/28,4,12,8590000,883,640,700,-183,-20.72,716,-167,-18.91,640,750,1399-10-6
770,كايتا,ايتالران‌,4,3933,37583748,9278,9556,9556,278,3.0,9279,1,0.01,9556,9556,1399-10-6
771,ضمخا7070,اختيارخ اخابر-20000-1400/07/28,4,5,18800000,4250,3800,3800,-450,-10.59,3760,-490,-11.53,3700,3800,1399-10-6
772,اخزا723,اسنادخزانه-م23بودجه97-000824,3,5473,4679153350,853725,855000,854950,1225,0.14,854952,1227,0.14,854950,855000,1399-10-6
773,اخزا804,اسنادخزانه-م4بودجه98-000421,3,1685,1529812000,907172,907900,907901,729,0.08,907900,728,0.08,907900,907901,1399-10-6
774,صينا205,صكوك منفعت سينا دارو-3ماهه 19%,3,12,11725002,988568,960001,1000999,12431,1.26,977083,-11485,-1.16,960001,1000999,1399-10-6
775,سپرمي,پرميت‌,3,17350,146659550,8370,8453,8453,83,0.99,8372,2,0.02,8453,8453,1399-10-6
776,وساربيل,شركت س استان اردبيل,3,12164,14840080,1280,1220,1220,-60,-4.69,1280,0,0.0,1220,1220,1399-10-6
777,ضبدر1157,اختيارخ شبندر-20000-1399/11/19,3,8,78499000,15999,10000,9500,-6499,-40.62,9812,-6187,-38.67,9499,10000,1399-10-6
778,ضمخا1024,اختيارخ اخابر-14000-1399/10/30,3,16,14910000,1490,1000,900,-590,-39.6,932,-558,-37.45,900,1000,1399-10-6
779,ضچاد2004,اختيارخ كچاد-20000-1400/02/05,3,26,130462000,5096,5000,4962,-134,-2.63,5018,-78,-1.53,4962,5100,1399-10-6
780,ضترا1118,اختيارخ شتران-12000-1399/11/14,3,36,64400000,1820,1800,1700,-120,-6.59,1789,-31,-1.7,1700,1800,1399-10-6
781,ضملت1123,اختيارخ وبملت-3000-1399/11/28,3,15,33053000,2395,2251,1900,-495,-20.67,2204,-191,-7.97,1900,2251,1399-10-6
782,ساذري,آذريت‌,3,910,5553730,5813,6103,6103,290,4.99,5813,0,0.0,6103,6103,1399-10-6
783,وسيزد,شركت س استان يزد,2,8279,10100380,1280,1220,1220,-60,-4.69,1280,0,0.0,1220,1220,1399-10-6
784,پا ر 43,بار پايه روز 43,2,40000,15400000,520,385,385,-135,-25.96,385,-135,-25.96,385,385,1399-10-6
785,مبين014,اجاره اعتماد مبين لوتوس011019,2,3012,2846520000,910000,960000,945000,35000,3.85,945060,35060,3.85,945000,960000,1399-10-6
786,ضپاس1000,اختيارخ وپارس-2000-1399/10/30,2,8,14200000,1910,1750,1950,40,2.09,1775,-135,-7.07,1750,1950,1399-10-6
787,ضجار1018,اختيارخ وتجارت-5000-1399/10/21,2,102,510000,16,5,5,-11,-68.75,5,-11,-68.75,5,5,1399-10-6
788,تملي807,تسهيلات مسكن ب. ملي-مهر98,2,7,5514712,829280,787816,787816,-41464,-5.0,787816,-41464,-5.0,787816,787816,1399-10-6
789,ضجار2000,اختيارخ وتجارت-1800-1400/02/22,2,7,13300000,2084,1900,1900,-184,-8.83,1900,-184,-8.83,1900,1900,1399-10-6
790,اراد624,مرابحه عام دولت62-ش.خ0309,2,500000,500000000000,1000000,1000000,1000000,0,0.0,1000000,0,0.0,1000000,1000000,1399-10-6
791,صمسكن912,ص دين مسكن جنوب-ماهانه16درصد,2,200,10280000,51840,51400,51400,-440,-0.85,51400,-440,-0.85,51400,51400,1399-10-6
792,اراد43,مرابحه عام دولت4-ش.خ 0205,2,500,450000000,885000,900000,900000,15000,1.69,900000,15000,1.69,900000,900000,1399-10-6
793,بتك,كارخانجات كابل سازي‌ تك‌,2,266,9179660,33834,34510,34510,676,2.0,33835,1,0.0,34510,34510,1399-10-6
794,ضملت1124,اختيارخ وبملت-3500-1399/11/28,2,14,25160000,1800,1800,1790,-10,-0.56,1797,-3,-0.17,1790,1800,1399-10-6
795,كرونا2,تامين مالي جمعي صرفا اهداي سود,2,1185,11850000,10000,10000,10000,0,0.0,10000,0,0.0,10000,10000,1399-10-6
796,اخزا906,اسنادخزانه-م6بودجه99-020321,2,830,518799990,620000,625000,629999,9999,1.61,625060,5060,0.82,625000,629999,1399-10-6
797,ضپاس1007,اختيارخ وپارس-6000-1399/10/30,2,32,1980000,265,90,60,-205,-77.36,62,-203,-76.6,60,90,1399-10-6
798,ضصاد1107,اختيارخ وبصادر-7000-1399/11/12,2,10,120000,16,12,12,-4,-25.0,12,-4,-25.0,12,12,1399-10-6
799,ضسپا1100,اختيارخ خساپا-1600-1399/11/26,2,10,9124000,1137,802,940,-197,-17.33,912,-225,-19.79,802,940,1399-10-6
800,زعف0008پ12,زعفران0008پوشالمعمول سحرخيز(پ),2,140,12530000,90035,89000,90000,-35,-0.04,89500,-535,-0.59,89000,90000,1399-10-6
801,زعف0008پ15,زعفران0008پوشالمعمول طلاسرخ(پ),2,155,14129955,92766,92899,88001,-4765,-5.14,91161,-1605,-1.73,88001,92899,1399-10-6
802,شگامرن,مجتمع پترو صنعت گامرون,2,16000,4321600000,264700,270100,270100,5400,2.04,270100,5400,2.04,270100,270100,1399-10-6
803,پست0008پ02,پسته فندقي32-30طلاسبززرند0008,2,5,7813775,1505790,1562755,1562755,56965,3.78,1562755,56965,3.78,1562755,1562755,1399-10-6
804,اخزا9062,اسنادخزانه-م6بودجه99-020321,2,1768000,1099696000000,620000,622000,622000,2000,0.32,622000,2000,0.32,622000,622000,1399-10-6
805,ضغدر1126,اختيارخ وغدير-6000-1399/11/26,2,6,40650000,7200,6800,6750,-450,-6.25,6775,-425,-5.9,6750,6800,1399-10-6
806,ضپاس1006,اختيارخ وپارس-5000-1399/10/30,2,134,14114000,213,100,121,-92,-43.19,105,-108,-50.7,100,121,1399-10-6
807,ضشنا1044,اختيارخ شپنا-10000-1399/10/23,2,30,105000000,4296,3500,3500,-796,-18.53,3500,-796,-18.53,3500,3500,1399-10-6
808,اخزا720,اسنادخزانه-م20بودجه97-000324,2,117,107640144,917972,920001,920002,2030,0.22,920001,2029,0.22,920001,920002,1399-10-6
809,ضبدر1158,اختيارخ شبندر-24000-1399/11/19,2,3,15000000,4038,5000,5000,962,23.82,5000,962,23.82,5000,5000,1399-10-6
810,مبين015,اجاره اعتماد مبين تمدن011019,2,200,187080000,932100,932700,938100,6000,0.64,935400,3300,0.35,932700,938100,1399-10-6
811,اشاد2,مشاركت دولتي2-شرايط خاص001227,1,1000,916650000,873000,916650,916650,43650,5.0,916650,43650,5.0,916650,916650,1399-10-6
812,ضچاد2002,اختيارخ كچاد-16000-1400/02/05,1,3,24000000,7780,8000,8000,220,2.83,8000,220,2.83,8000,8000,1399-10-6
813,شسپا2,نفت سپاهان,1,59858520,1650897981600,29030,27580,27580,-1450,-4.99,27580,-1450,-4.99,27580,27580,1399-10-6
814,تبريز112,مشاركت شهرداري تبريز-3ماهه18%,1,6,5560506,926751,926751,926751,0,0.0,926751,0,0.0,926751,926751,1399-10-6
815,هاي وب2,داده گسترعصرنوين-هاي وب,1,17500000,505750000000,29710,28900,28900,-810,-2.73,28900,-810,-2.73,28900,28900,1399-10-6
816,پشاهن,توليدي پلاستيك‌ شاهين,1,2450,18958100,7370,7738,7738,368,4.99,7370,0,0.0,7738,7738,1399-10-6
817,ضترا1117,اختيارخ شتران-10000-1399/11/14,1,8,16400000,2592,2050,2050,-542,-20.91,2050,-542,-20.91,2050,2050,1399-10-6
818,ضسپا1108,اختيارخ خساپا-5000-1399/11/26,1,1,70000,200,70,70,-130,-65.0,70,-130,-65.0,70,70,1399-10-6
819,ونيكي2,سرمايه‌گذاري‌ ملي‌ايران‌,1,3000000,62190000000,21380,20730,20730,-650,-3.04,20730,-650,-3.04,20730,20730,1399-10-6
820,ضپيك2010,اختيارخ تاپيكو-12000-00/02/19,1,1,6900000,5090,6900,6900,1810,35.56,6900,1810,35.56,6900,6900,1399-10-6
821,اشاد102,مشاركت دولتي10-شرايط خاص001226,1,53,47859000,950000,903000,903000,-47000,-4.95,903000,-47000,-4.95,903000,903000,1399-10-6
822,شستا994,اجاره تامين اجتماعي-نوين991226,1,9,8761689,972701,973521,973521,820,0.08,973521,820,0.08,973521,973521,1399-10-6
823,اخزا722,اسنادخزانه-م22بودجه97-000428,1,11061,10008025983,903040,904803,904803,1763,0.2,904803,1763,0.2,904803,904803,1399-10-6
824,صايپا038,صكوك مرابحه سايپا038-3ماهه 18%,1,5000,4800000000,940000,960000,960000,20000,2.13,960000,20000,2.13,960000,960000,1399-10-6
825,ضغدر1118,اختيارخ وغدير-9000-1399/11/26,1,1,4000000,4500,4000,4000,-500,-11.11,4000,-500,-11.11,4000,4000,1399-10-6
826,ضپنا2003,اختيارخ رمپنا-16000-1400/02/12,1,20,140000000,1,7000,7000,6999,699900.0,7000,6999,699900.0,7000,7000,1399-10-6
827,تابان03,اجاره تابان سپهر14021206,1,500,507500000,1000000,1015000,1015000,15000,1.5,1015000,15000,1.5,1015000,1015000,1399-10-6
828,ضمخا1033,اختيارخ اخابر-10000-1399/10/30,1,3,14970000,6000,4990,4990,-1010,-16.83,4990,-1010,-16.83,4990,4990,1399-10-6
829,دمعيار2,صندوق س. توازن معيار-د,1,5300000,5300000,10012,1,1,-10011,-99.99,1,-10011,-99.99,1,1,1399-10-6
830,وسخراج,شركت س استان خراسان جنوبي,1,2408,5080880,2220,2110,2110,-110,-4.95,2220,0,0.0,2110,2110,1399-10-6
831,ضبدر1159,اختيارخ شبندر-16000-1399/11/19,1,1,13300000,15100,13300,13300,-1800,-11.92,13300,-1800,-11.92,13300,13300,1399-10-6
832,ضسپا1106,اختيارخ خساپا-4000-1399/11/26,1,1,90000,110,90,90,-20,-18.18,90,-20,-18.18,90,90,1399-10-6
833,ضبدر1160,اختيارخ شبندر-18000-1399/11/19,1,1,11999000,12688,11999,11999,-689,-5.43,11999,-689,-5.43,11999,11999,1399-10-6
834,پا ر 46,بار پايه روز 46,1,30000,11550000,720,385,385,-335,-46.53,385,-335,-46.53,385,385,1399-10-6
835,ضپيك1019,اختيارخ تاپيكو-12000-99/10/16,1,11,22011000,3290,2001,2001,-1289,-39.18,2001,-1289,-39.18,2001,2001,1399-10-6
836,سنفت001,سلف موازي استاندارد سنفت001,1,18500,20030579000,1079820,1082734,1082734,2914,0.27,1082734,2914,0.27,1082734,1082734,1399-10-6
837,وسمركز,شركت س استان مركزي,1,3820,5080600,1400,1330,1330,-70,-5.0,1400,0,0.0,1330,1330,1399-10-6
838,ضپنا2004,اختيارخ رمپنا-18000-1400/02/12,1,20,108000000,1,5400,5400,5399,539900.0,5400,5399,539900.0,5400,5400,1399-10-6
839,هغدير912,اختيارف ت غدير-17380-99/12/16,1,30000,127440000,3724,4248,4248,524,14.07,4248,524,14.07,4248,4248,1399-10-6
840,ضگل1142,اختيارخ كگل-16000-1399/11/21,1,5,21000000,3500,4200,4200,700,20.0,4200,700,20.0,4200,4200,1399-10-6
841,شسم,توليد سموم‌ علف‌ كش,1,43,3817325,87035,88775,88775,1740,2.0,87036,1,0.0,88775,88775,1399-10-6
842,تملي801,تسهيلات مسكن ب. ملي-فروردين98,1,7,5103931,767508,729133,729133,-38375,-5.0,729133,-38375,-5.0,729133,729133,1399-10-6
843,بوعلي4,پتروشيمي بوعلي سينا,1,35000000,2361450000000,64260,67470,67470,3210,5.0,67470,3210,5.0,67470,67470,1399-10-6
844,ضسپا1107,اختيارخ خساپا-4500-1399/11/26,1,1,90000,1,90,90,89,8900.0,90,89,8900.0,90,90,1399-10-6
845,ما2,بيمه  ما,1,5000000,47850000000,9570,9570,9570,0,0.0,9570,0,0.0,9570,9570,1399-10-6
846,ضسپا1104,اختيارخ خساپا-3000-1399/11/26,1,3,840000,479,280,280,-199,-41.54,280,-199,-41.54,280,280,1399-10-6
847,ضفار1122,اختيارخ فارس-11826-1399/11/07,1,1,3600000,2800,1800,1800,-1000,-35.71,1800,-1000,-35.71,1800,1800,1399-10-6
848,اطلس2,صندوق س.توسعه اندوخته آينده-س,1,10000,10000,215949,1,1,-215948,-100.0,1,-215948,-100.0,1,1,1399-10-6
849,صايپا203,صكوك مرابحه سايپا203-3ماهه 16%,1,10,9521310,954754,952131,952131,-2623,-0.27,952131,-2623,-0.27,952131,952131,1399-10-6
850,شجم2,صنايع پتروشيمي تخت جمشيد,1,7000000,82908000000,11844,11844,11844,0,0.0,11844,0,0.0,11844,11844,1399-10-6
851,ضبدر1149,اختيارخ شبندر-28000-1399/11/19,1,1,4800000,4481,4800,4800,319,7.12,4800,319,7.12,4800,4800,1399-10-6
