,نماد,نام,تعداد,حجم,ارزش,دیروز,اولین,آخرین معامله - مقدار,آخرین معامله - تغییر,آخرین معامله - درصد,قیمت پایانی - مقدار,قیمت پایانی - تغییر,قیمت پایانی - درصد,کمترین,بیشترین,تاریخ
0,غزر,صنعتي زر ماكارون,110192,10601255,780425108270,74500,77850,70780,-3720,-4.99,73620,-880,-1.18,70780,77850,1399-6-16
1,شستا,سرمايه گذاري تامين اجتماعي,96760,267054307,9918200943510,38150,38900,36250,-1900,-4.98,37140,-1010,-2.65,36250,39900,1399-6-16
2,سيتا,سرمايه گذاري سيمان تامين,96629,85558416,2043529068180,24550,24650,23330,-1220,-4.97,23880,-670,-2.73,23330,25510,1399-6-16
3,فملي,ملي‌ صنايع‌ مس‌ ايران‌,94052,349731612,12198183080770,33510,35180,34380,870,2.6,34880,1370,4.09,33540,35180,1399-6-16
4,آريا,پليمر آريا ساسول,92776,12017295,1738905876434,141522,148598,139950,-1572,-1.11,144700,3178,2.25,138000,148598,1399-6-16
5,دارا يكم,صندوق واسطه گري مالي يكم-سهام,92447,30269236,6798676845030,214920,227000,216800,1880,0.87,224610,9690,4.51,215830,236000,1399-6-16
6,فولاد,فولاد مباركه اصفهان,89314,447589909,8474706007620,18380,19290,18410,30,0.16,18930,550,2.99,18000,19290,1399-6-16
7,خودرو,ايران‌ خودرو,75092,1807376782,6424664493180,3670,3710,3490,-180,-4.9,3550,-120,-3.27,3490,3820,1399-6-16
8,خساپا,سايپا,50503,1292239323,4009460046870,3170,3250,3020,-150,-4.73,3100,-70,-2.21,3020,3280,1399-6-16
9,وتجارت,بانك تجارت,49414,1323780578,4452532946400,3250,3410,3290,40,1.23,3360,110,3.38,3260,3410,1399-6-16
10,ذوب,سهامي ذوب آهن  اصفهان,40539,383478713,2582851791389,6725,6895,6440,-285,-4.24,6735,10,0.15,6389,7061,1399-6-16
11,شاروم,پتروشيمي اروميه,39972,794974,10572359226,12666,13299,13299,633,5.0,12792,126,0.99,13299,13299,1399-6-16
12,آبادا,توليد نيروي برق آبادان,37705,8226373,250588646840,30900,31400,29360,-1540,-4.98,30460,-440,-1.42,29360,32000,1399-6-16
13,وبصادر,بانك صادرات ايران,35649,922227813,3384150226210,3550,3720,3560,10,0.28,3670,120,3.38,3480,3720,1399-6-16
14,بگيلان,توسعه مسير برق گيلان,28357,2556657,94156563996,35075,36828,36828,1753,5.0,36828,1753,5.0,36828,36828,1399-6-16
15,وغدير,سرمايه‌گذاري‌غدير(هلدينگ‌,27981,132979559,2327500869230,17150,18000,16790,-360,-2.1,17500,350,2.04,16680,18000,1399-6-16
16,زملارد,كشاورزي و دامپروري ملارد شير,27680,1719667,52429207496,29037,30488,30488,1451,5.0,30417,1380,4.75,30488,30488,1399-6-16
17,گدنا,تهيه توزيع غذاي دنا آفرين فدك,26018,311838,2003870988,6120,6426,6426,306,5.0,6132,12,0.2,6426,6426,1399-6-16
18,شصدفح,ح . صنعتي دوده فام,25989,5829310,125682869440,22014,22400,20920,-1094,-4.97,21561,-453,-2.06,20914,22700,1399-6-16
19,ثبهساز,بهساز كاشانه تهران,24111,23920027,91135302870,3630,3810,3810,180,4.96,3810,180,4.96,3810,3810,1399-6-16
20,رافزا,رايان هم افزا,23604,253080,7262636760,27331,28697,28697,1366,5.0,27519,188,0.69,28697,28697,1399-6-16
21,خگستر,گسترش‌سرمايه‌گذاري‌ايران‌خودرو,19276,187002990,1302735258800,7190,7000,6840,-350,-4.87,6970,-220,-3.06,6840,7310,1399-6-16
22,ولپارس,ليزينگ پارسيان,18560,1616559,6207586560,3660,3840,3840,180,4.92,3680,20,0.55,3840,3840,1399-6-16
23,فخوز,فولاد  خوزستان,15582,49295984,2412325629810,47390,49750,47070,-320,-0.68,48940,1550,3.27,46550,49750,1399-6-16
24,شگويا,پتروشيمي تندگويان,15224,48626976,800145499611,16854,16870,16012,-842,-5.0,16455,-399,-2.37,16012,17310,1399-6-16
25,بپيوند,برق و انرژي پيوندگستر پارس,12806,2776961,54856087594,18814,19754,19754,940,5.0,19754,940,5.0,19754,19754,1399-6-16
26,فارس,صنايع پتروشيمي خليج فارس,12176,35182469,987409729400,27170,28520,27260,90,0.33,28070,900,3.31,27180,28520,1399-6-16
27,تماوند,تامين سرمايه دماوند,11826,247362269,3813180591743,15370,15831,14909,-461,-3.0,15415,45,0.29,14909,15831,1399-6-16
28,چكاپا,گروه صنايع كاغذ پارس,10606,157140894,1491325589750,9050,9500,9500,450,4.97,9490,440,4.86,9100,9500,1399-6-16
29,ونيكي,سرمايه‌گذاري‌ ملي‌ايران‌,10461,21184503,998850293390,45940,48230,45490,-450,-0.98,47150,1210,2.63,44500,48230,1399-6-16
30,بجهرم,توسعه مولد نيروگاهي جهرم,10264,80794234,403049376130,5115,5250,4860,-255,-4.99,4989,-126,-2.46,4860,5320,1399-6-16
31,وخارزم,سرمايه گذاري خوارزمي,9932,61531527,807960281690,13480,13670,12810,-670,-4.97,13130,-350,-2.6,12810,13730,1399-6-16
32,كگل,معدني و صنعتي گل گهر,9922,71857457,1499189284250,19930,20920,20920,990,4.97,20860,930,4.67,19950,20920,1399-6-16
33,تملت,تامين سرمايه بانك ملت,9555,21422824,322889760620,15110,15860,14360,-750,-4.96,15070,-40,-0.26,14360,15860,1399-6-16
34,دي,بانك دي,9356,41935801,2025127152968,50812,48272,48272,-2540,-5.0,48291,-2521,-4.96,48272,49272,1399-6-16
35,ومعادن,توسعه‌معادن‌وفلزات‌,9297,62738855,1037003923910,16010,16670,16160,150,0.94,16530,520,3.25,15850,16810,1399-6-16
36,كاوه,فولاد كاوه جنوب كيش,8498,138698135,2867356391150,19710,20690,20400,690,3.5,20670,960,4.87,20000,20690,1399-6-16
37,ماديرا,صنايع ماشين هاي اداري ايران,8471,18915904,925735688211,49853,51800,47361,-2492,-5.0,48940,-913,-1.83,47361,52345,1399-6-16
38,دماوند,توليد نيروي برق دماوند,8342,18605163,1106242078545,56991,59840,59840,2849,5.0,59459,2468,4.33,56000,59840,1399-6-16
39,بكهنوج,توليد برق ماهتاب كهنوج,7978,11180200,911096431592,79939,83935,77500,-2439,-3.05,81492,1553,1.94,75943,83935,1399-6-16
40,بترانس,ايران‌ ترانسفو,7911,16776405,813248800060,46950,49290,47490,540,1.15,48480,1530,3.26,45640,49290,1399-6-16
41,ونوين,بانك‌اقتصادنوين‌,7680,128357536,586353729260,4660,4790,4430,-230,-4.94,4570,-90,-1.93,4430,4890,1399-6-16
42,وبانك,سرمايه گذاري گروه توسعه ملي,6928,39102241,790519128470,20930,21630,19890,-1040,-4.97,20220,-710,-3.39,19890,21700,1399-6-16
43,غگيلا,شيرپاستوريزه پگاه گيلان,6831,117805,1860729975,15043,15795,15795,752,5.0,15070,27,0.18,15795,15795,1399-6-16
44,بركت,گروه دارويي بركت,6761,32355380,752736226020,24460,23240,23240,-1220,-4.99,23260,-1200,-4.91,23240,23820,1399-6-16
45,كمند,صندوق س. با درآمد ثابت كمند,6695,309446391,3111435484410,10220,10060,10050,-170,-1.66,10050,-170,-1.66,10030,10080,1399-6-16
46,وپاسار,بانك  پاسارگاد,6695,80877785,859039086690,10590,11100,10790,200,1.89,10620,30,0.28,10120,11110,1399-6-16
47,آگاس,صندوق س.هستي بخش آگاه-س,6600,2493048,760847748637,306010,311500,295400,-10610,-3.47,305188,-822,-0.27,294000,318000,1399-6-16
48,اخابر,مخابرات ايران,6510,41380531,854884990790,21250,22150,20190,-1060,-4.99,20660,-590,-2.78,20190,22150,1399-6-16
49,كرازي,كارخانجات‌توليدي‌شيشه‌رازي‌,6301,24327627,530901437990,21500,21800,22380,880,4.09,21820,320,1.49,20700,22570,1399-6-16
50,فاراك,ماشين‌ سازي‌ اراك‌,6180,65506839,827771203110,13060,12750,12410,-650,-4.98,12640,-420,-3.22,12410,13320,1399-6-16
51,بكام,كارخانجات توليدي شهيد قندي,6160,38862567,333414438060,8820,8830,8380,-440,-4.99,8580,-240,-2.72,8380,9080,1399-6-16
52,كچاد,معدني‌وصنعتي‌چادرملو,5889,26342136,472338556460,17170,17800,17300,130,0.76,17930,760,4.43,17260,18020,1399-6-16
53,پارسان,گسترش نفت و گاز پارسيان,5855,38389056,1060328103410,27000,28350,26680,-320,-1.19,27620,620,2.3,25670,28350,1399-6-16
54,حكشتيح,ح . كشتيراني ج. ا. ا,5800,13158350,505745603690,40900,40650,36810,-4090,-10.0,38440,-2460,-6.01,36810,43700,1399-6-16
55,فروي,ذوب روي اصفهان,5759,6120341,402206833715,67130,68750,63774,-3356,-5.0,65716,-1414,-2.11,63774,70380,1399-6-16
56,هاي وب,داده گسترعصرنوين-هاي وب,5334,21802436,719429348770,34640,33150,32910,-1730,-4.99,33000,-1640,-4.73,32910,34580,1399-6-16
57,شيران,س. صنايع‌شيميايي‌ايران,5203,9901377,382136392050,39440,40870,37470,-1970,-4.99,38590,-850,-2.16,37470,40900,1399-6-16
58,نوري,پتروشيمي نوري,5121,3733510,623678687050,160320,168330,167550,7230,4.51,167050,6730,4.2,160320,168330,1399-6-16
59,ثاختح,ح . بين‌المللي‌توسعه‌ساختمان,4969,67150439,257136926620,3940,4060,3700,-240,-6.09,3830,-110,-2.79,3590,4200,1399-6-16
60,زكوثر,سرمايه گذاري كشاورزي كوثر,4936,8733893,217915869690,25680,26250,24400,-1280,-4.98,24950,-730,-2.84,24400,26600,1399-6-16
61,وملل,اعتباري ملل,4776,56152432,873254499632,16053,16755,15251,-802,-5.0,15551,-502,-3.13,15251,16755,1399-6-16
62,ختوقا,قطعات‌ اتومبيل‌ ايران‌,4758,33890985,173712231700,5290,5270,5030,-260,-4.91,5130,-160,-3.02,5030,5400,1399-6-16
63,خبهمن,گروه‌بهمن‌,4741,19136266,614783991090,33290,32800,31630,-1660,-4.99,32130,-1160,-3.48,31630,34200,1399-6-16
64,خپارس,پارس‌ خودرو,4645,30469724,359363115420,12150,11860,11550,-600,-4.94,11790,-360,-2.96,11550,12350,1399-6-16
65,ومهان,گروه توسعه مالي مهر آيندگان,4603,17028469,315177786853,18502,19100,17850,-652,-3.52,18509,7,0.04,17580,19280,1399-6-16
66,غسالم,سالمين‌,4562,22810995,141998794380,6490,6600,6170,-320,-4.93,6230,-260,-4.01,6170,6640,1399-6-16
67,كاما,باما,4558,2416201,478775465510,204450,209200,194230,-10220,-5.0,198150,-6300,-3.08,194230,209410,1399-6-16
68,ارزش,صندوق س ارزش آفرين بيدار-سهام,4496,24205633,279617668420,11320,11720,11450,130,1.15,11550,230,2.03,11000,12400,1399-6-16
69,شصدف,صنعتي دوده فام,4443,137144,2596547352,18032,18933,18933,901,5.0,18076,44,0.24,18933,18933,1399-6-16
70,كويرح,ح. توليدي فولاد سپيد فراب كوير,4410,18238924,230679620210,12790,13470,12010,-780,-6.1,12650,-140,-1.09,11750,13800,1399-6-16
71,خمحركه,نيرو محركه‌,4391,20692204,234393065440,11890,11300,11300,-590,-4.96,11330,-560,-4.71,11300,11590,1399-6-16
72,وساپا,سرمايه‌گذاري‌ سايپا,4353,26320235,368218461120,14710,13980,13980,-730,-4.96,13990,-720,-4.89,13980,14270,1399-6-16
73,همراه,شركت ارتباطات سيار ايران,4088,12183403,575849377530,48870,47100,46430,-2440,-4.99,47270,-1600,-3.27,46430,49500,1399-6-16
74,وسينا,بانك سينا,4072,49611672,705268877750,14820,14630,14080,-740,-4.99,14220,-600,-4.05,14080,14800,1399-6-16
75,ارفعح,ح.شركت آهن و فولاد ارفع,3875,9400875,106766047990,5200,11000,11550,6350,122.12,11357,6157,118.4,11000,11550,1399-6-16
76,وصنعت,سرمايه گذاري توسعه صنعت وتجارت,3575,17969546,180557424300,10300,10500,9790,-510,-4.95,10050,-250,-2.43,9790,10690,1399-6-16
77,شسپا,نفت سپاهان,3566,13776019,319023905360,24090,24820,22890,-1200,-4.98,23160,-930,-3.86,22890,24820,1399-6-16
78,خكرمان,گروه اقتصادي كرمان خودرو,3543,45798610,392649663347,8793,8700,8530,-263,-2.99,8573,-220,-2.5,8530,8793,1399-6-16
79,تكشا,گسترش‌صنايع‌وخدمات‌كشاورزي‌,3505,6700654,494138545540,76300,72490,78990,2690,3.53,73740,-2560,-3.36,72490,79800,1399-6-16
80,سامان,بانك سامان,3402,51763214,815923379097,15767,15820,15294,-473,-3.0,15763,-4,-0.03,15294,16240,1399-6-16
81,ولساپا,ليزينگ رايان‌ سايپا,3369,29209929,161783890490,5750,5690,5470,-280,-4.87,5540,-210,-3.65,5470,5790,1399-6-16
82,سمگا,گروه سرمايه گذاري ميراث فرهنگي,3337,21090390,376940857214,17289,18000,18153,864,5.0,17873,584,3.38,16425,18153,1399-6-16
83,كدماح,ح . معدني‌ دماوند,3329,4660134,402137914770,84220,89900,84230,10,0.01,86290,2070,2.46,82000,89980,1399-6-16
84,ثاخت,بين‌المللي‌توسعه‌ساختمان,3329,27221730,153097673120,5810,5800,5520,-290,-4.99,5620,-190,-3.27,5520,5920,1399-6-16
85,وايران,ليزينگ ايرانيان,3301,13326018,177926128510,13360,13260,12700,-660,-4.94,13350,-10,-0.07,12700,13990,1399-6-16
86,قثابت,قند ثابت‌ خراسان‌,3298,3715596,409816785180,107860,113250,105340,-2520,-2.34,110300,2440,2.26,103700,113250,1399-6-16
87,شلرد,كود شيميايي اوره لردگان,3264,17165030,225903538417,13283,13470,12885,-398,-3.0,13161,-122,-0.92,12885,13660,1399-6-16
88,هرمز,فولاد هرمزگان جنوب,3209,28219459,339031374543,11562,12140,11570,8,0.07,12014,452,3.91,11300,12140,1399-6-16
89,خاهن,آهنگري‌ تراكتورسازي‌ ايران‌,3142,13346263,399422894470,31090,29540,29540,-1550,-4.99,29930,-1160,-3.73,29540,32000,1399-6-16
90,قرن,پديده شيمي قرن,3113,2188459,120146922320,54220,54000,55800,1580,2.91,54900,680,1.25,52510,56890,1399-6-16
91,وتوكاح,ح . ‌توكافولاد(هلدينگ‌,3086,13684578,132923488840,9110,10020,9461,351,3.85,9713,603,6.62,9110,10020,1399-6-16
92,شكلر,نيروكلر,3008,6302220,322113875890,49470,51940,49000,-470,-0.95,51110,1640,3.32,48800,51940,1399-6-16
93,بورس,بورس اوراق بهادار تهران,2919,2930633,264826919590,92960,97180,88320,-4640,-4.99,90370,-2590,-2.79,88320,97180,1399-6-16
94,والبر,سرمايه‌ گذاري‌ البرز(هلدينگ‌,2901,9148673,176569591550,19830,19560,18840,-990,-4.99,19300,-530,-2.67,18840,20690,1399-6-16
95,خودكفا,اقتصادي و خودكفايي آزادگان,2870,1822764,274738771048,147159,151573,151573,4414,3.0,150726,3567,2.42,147160,151573,1399-6-16
96,شپديس,پتروشيمي پرديس,2811,6130263,678818656420,107010,112360,109810,2800,2.62,110730,3720,3.48,107110,112360,1399-6-16
97,تاصيكو,سرمايه گذاري صدرتامين,2663,10979848,147182337610,13750,14000,13070,-680,-4.95,13400,-350,-2.55,13070,14300,1399-6-16
98,فسازان,غلتك سازان سپاهان,2643,7587362,301890515220,38630,40560,37980,-650,-1.68,39790,1160,3.0,37400,40560,1399-6-16
99,تنوين,تامين سرمايه نوين,2608,21056041,233827546540,10810,10920,11090,280,2.59,11110,300,2.78,10810,11350,1399-6-16
100,وبيمه,سرمايه‌ گذاري‌ صنعت‌ بيمه‌,2604,20879831,165755043530,7610,7990,7990,380,4.99,7940,330,4.34,7620,7990,1399-6-16
101,حكشتي,كشتيراني جمهوري اسلامي ايران,2603,3016761,165439173240,57720,54840,54840,-2880,-4.99,54840,-2880,-4.99,54840,54840,1399-6-16
102,غويتا,ويتانا,2583,7872861,512034251186,62839,65980,62500,-339,-0.54,65038,2199,3.5,60100,65980,1399-6-16
103,آسيا,بيمه آسيا,2562,6969612,216915122870,31700,32800,30120,-1580,-4.98,31120,-580,-1.83,30120,33200,1399-6-16
104,چكارن,كارتن‌ ايران‌,2549,13281740,77058475590,5940,6150,5650,-290,-4.88,5800,-140,-2.36,5650,6150,1399-6-16
105,ستران,سيمان‌ تهران‌,2548,4471463,210871197630,49080,48000,46630,-2450,-4.99,47160,-1920,-3.91,46630,51000,1399-6-16
106,ولصنم,ليزينگ‌صنعت‌ومعدن‌,2532,11628499,160335742540,13390,14050,13220,-170,-1.27,13790,400,2.99,13100,14050,1399-6-16
107,كحافظ,كاشي‌ وسراميك‌ حافظ‌,2497,8366714,127730602640,14850,14620,15590,740,4.98,15270,420,2.83,14130,15590,1399-6-16
108,فرابورس,فرابورس ايران,2448,2639426,124677936895,48868,50000,46425,-2443,-5.0,47237,-1631,-3.34,46425,50000,1399-6-16
109,فاسمين,كالسيمين‌,2419,6254495,395108873180,65800,64150,62510,-3290,-5.0,63170,-2630,-4.0,62510,67400,1399-6-16
110,سرچشمه,سرمايه گذاري مس سرچشمه,2397,14186356,139116148088,10053,10500,9788,-265,-2.64,9806,-247,-2.46,9551,10500,1399-6-16
111,وسكاب,س.ص.بازنشستگي كاركنان بانكها,2380,20943620,160557506220,7440,7810,7400,-40,-0.54,7670,230,3.09,7370,7810,1399-6-16
112,رمپنا,گروه مپنا (سهامي عام),2374,12961204,449241608600,36040,36050,34240,-1800,-4.99,34660,-1380,-3.83,34240,36990,1399-6-16
113,دتوزيع,توزيع دارو پخش,2353,2378244,147206039551,59366,56900,62334,2968,5.0,61897,2531,4.26,56900,62334,1399-6-16
114,وآوا,سرمايه گذاري آوا نوين,2331,10916986,171828246757,15097,15000,15138,41,0.27,15740,643,4.26,14910,15851,1399-6-16
115,كوير,توليدي فولاد سپيد فراب كوير,2317,7933613,132393904340,17520,16650,16650,-870,-4.97,16690,-830,-4.74,16650,17140,1399-6-16
116,آتيمس,صندوق س.آرمان آتيه درخشان مس-س,2288,939447,245887132416,254303,271990,261051,6748,2.65,261736,7433,2.92,248001,272000,1399-6-16
117,كلر,كلر پارس,2250,1017338,77005616952,77648,79001,73766,-3882,-5.0,75693,-1955,-2.52,73766,81200,1399-6-16
118,سرو,صندوق س سروسودمند مدبران-سهام,2232,1965890,134311541640,66560,72000,67130,570,0.86,68320,1760,2.64,64820,72000,1399-6-16
119,وسبحان,سرمايه گذاري سبحان,2231,11441292,115642152805,10400,10800,9880,-520,-5.0,10107,-293,-2.82,9880,10800,1399-6-16
120,سفارس,سيمان فارس و خوزستان,2216,9558107,180479923830,19640,19330,18660,-980,-4.99,18880,-760,-3.87,18660,19990,1399-6-16
121,البرز,بيمه البرز,2204,16323208,254067104040,16180,16790,15380,-800,-4.94,15560,-620,-3.83,15380,16830,1399-6-16
122,قشرين,قند شيرين خراسان,2176,11561952,295380597702,24889,25635,25635,746,3.0,25548,659,2.65,24300,25635,1399-6-16
123,حريل,ريل پردازسير,2149,13203813,69263255327,5406,5450,5136,-270,-4.99,5246,-160,-2.96,5136,5597,1399-6-16
124,امين يكم,صندوق درآمد ثابت امين يكم فردا,2135,63655573,677388487410,10640,10660,10670,30,0.28,10640,0,0.0,10610,10680,1399-6-16
125,اتكام,شركت بيمه اتكايي امين,2113,10059600,89495489531,8604,9000,8900,296,3.44,8897,293,3.41,8600,9034,1399-6-16
126,تسه9905,امتياز تسهيلات مسكن مرداد99,2094,42508,31539006197,707894,743288,743288,35394,5.0,741955,34061,4.81,725400,743288,1399-6-16
127,شاراك,پتروشيمي شازند,2056,10402114,243820253380,22620,23750,23280,660,2.92,23440,820,3.63,22600,23750,1399-6-16
128,طلا,صندوق س.پشتوانه طلاي لوتوس,2049,1072538,123084103452,108706,111900,114990,6284,5.78,114760,6054,5.57,111002,117000,1399-6-16
129,كنور,توسعه معدني و صنعتي صبانور,2037,3600391,171748111310,48780,51150,46350,-2430,-4.98,47700,-1080,-2.21,46350,51150,1399-6-16
130,شغدير,پتروشيمي غدير,1996,3258681,125595482455,39717,40100,37732,-1985,-5.0,38542,-1175,-2.96,37732,41200,1399-6-16
131,وتوكا,سرمايه‌گذاري‌توكافولاد(هلدينگ,1994,11784036,145326316700,12570,13100,11950,-620,-4.93,12330,-240,-1.91,11950,13190,1399-6-16
132,ميدكو,هلدينگ صنايع  معدني خاورميانه,1941,9509567,215924988727,22670,23400,22997,327,1.44,22706,36,0.16,21601,23570,1399-6-16
133,كرمان,س. توسعه و عمران استان كرمان,1939,1979001,211113256537,109743,109971,104256,-5487,-5.0,106677,-3066,-2.79,104256,113608,1399-6-16
134,فسپا,گروه‌صنعتي‌سپاهان‌,1874,5707601,319614801460,58510,57200,55590,-2920,-4.99,56000,-2510,-4.29,55590,59400,1399-6-16
135,رتاپ,تجارت الكترونيك  پارسيان,1865,6976564,88867693990,13180,13440,12530,-650,-4.93,12740,-440,-3.34,12530,13600,1399-6-16
136,ونفت,سرمايه‌گذاري‌ صنعت‌ نفت‌,1859,7503554,117547999460,16180,16400,15380,-800,-4.94,15670,-510,-3.15,15380,16640,1399-6-16
137,ودي,بيمه  دي,1858,11307536,278834460807,25170,24500,23912,-1258,-5.0,24659,-511,-2.03,23912,25800,1399-6-16
138,ورنا,سرمايه‌گذاري‌ رنا(هلدينگ‌,1845,10454142,137314846630,13790,13110,13110,-680,-4.93,13130,-660,-4.79,13110,13460,1399-6-16
139,دزهراوي,داروسازي‌زهراوي‌,1822,5541538,82654839200,15300,15300,14540,-760,-4.97,14920,-380,-2.48,14540,15950,1399-6-16
140,كگهر,سنگ آهن گهرزمين,1808,2673954,121785418170,43858,46050,45509,1651,3.76,45474,1616,3.68,42000,46050,1399-6-16
141,فولاژ,فولاد آلياژي ايران,1793,2840985,78891115140,27930,28970,26760,-1170,-4.19,27770,-160,-0.57,26540,29310,1399-6-16
142,شخارك,پتروشيمي‌ خارك‌,1780,2478519,104315649950,41020,43070,42180,1160,2.83,42090,1070,2.61,39300,43070,1399-6-16
143,وخاور,بانك خاورميانه,1771,10169564,106483838330,10190,10600,10680,490,4.81,10470,280,2.75,9810,10690,1399-6-16
144,وصندوق,سرمايه‌گذاري‌صندوق‌بازنشستگي‌,1746,14829323,279163987440,19160,19670,18210,-950,-4.96,18830,-330,-1.72,18210,20000,1399-6-16
145,شپلي,پلي اكريل ايران,1727,14173722,143663681359,10198,10300,9893,-305,-2.99,10136,-62,-0.61,9893,10460,1399-6-16
146,آكورد,صندوق س. آرمان آتي كوثر-د,1724,5551383,157815146224,28423,28425,28460,37,0.13,28428,5,0.02,28361,28464,1399-6-16
147,غپينو,پارس‌ مينو,1701,7890588,57998049750,7560,7600,7190,-370,-4.89,7350,-210,-2.78,7190,7760,1399-6-16
148,وسپه,سرمايه‌گذاري‌ سپه‌,1695,22914206,382667240200,15910,16700,16700,790,4.97,16700,790,4.97,16700,16700,1399-6-16
149,تاصيكوح,ح . سرمايه گذاري صدرتامين,1695,12122511,137147508970,11530,12330,10900,-630,-5.46,11310,-220,-1.91,10850,12330,1399-6-16
150,وساخت,سرمايه‌ گذاري‌ ساختمان‌ايران‌,1674,2672068,128139769040,49800,52100,47310,-2490,-5.0,47960,-1840,-3.69,47310,52100,1399-6-16
151,نوين,بيمه نوين,1648,12971822,97117232662,7775,7420,7387,-388,-4.99,7487,-288,-3.7,7387,7800,1399-6-16
152,وزمين,بانك ايران زمين,1633,12416136,249999989288,20177,20250,19774,-403,-2.0,20135,-42,-0.21,19774,20580,1399-6-16
153,وهور,مديريت انرژي اميد  تابان هور,1615,9664079,497785884726,49057,51509,51509,2452,5.0,51509,2452,5.0,51000,51509,1399-6-16
154,ثقزوي,شركت عمران و سازندگي قزوين,1610,5821620,110209729527,19163,18600,19100,-63,-0.33,18931,-232,-1.21,18589,19580,1399-6-16
155,آوا,صندوق س.سهام آواي معيار-س,1601,4607164,45400711598,9553,10100,9577,24,0.25,9854,301,3.15,9340,10264,1399-6-16
156,مبين,مبين انرژي خليج فارس,1592,9778728,247108591930,24170,25370,25310,1140,4.72,25270,1100,4.55,24500,25370,1399-6-16
157,كالا,بورس كالاي ايران,1570,2891702,127188745540,46090,43790,43790,-2300,-4.99,43980,-2110,-4.58,43790,47350,1399-6-16
158,شپاكسا,پاكسان‌,1561,3933321,124981614370,31150,32590,30800,-350,-1.12,31780,630,2.02,29600,32700,1399-6-16
159,سشرق,سيمان‌ شرق‌,1552,8419028,75900179160,9400,8940,8930,-470,-5.0,9020,-380,-4.04,8930,9400,1399-6-16
160,اعتماد,صندوق س.اعتماد آفرين پارسيان-د,1534,50879950,1639462615890,32199,32213,32217,18,0.06,32222,23,0.07,32213,32236,1399-6-16
161,تيپيكو,سرمايه گذاري دارويي تامين,1527,1658164,89493645610,54210,56900,52530,-1680,-3.1,53980,-230,-0.42,51600,56900,1399-6-16
162,وپست,پست بانك ايران,1501,6019064,84314793260,14450,15000,13730,-720,-4.98,14010,-440,-3.04,13730,15000,1399-6-16
163,عيار,صندوق س. پشتوانه طلاي مفيد,1486,1633430,60686520468,35865,36490,36995,1130,3.15,37153,1288,3.59,36490,37990,1399-6-16
164,ختورح,ح . رادياتور ايران‌,1484,3827485,93310429680,24840,26000,23100,-1740,-7.0,24380,-460,-1.85,22900,26390,1399-6-16
165,كبافق,معادن‌ بافق‌,1470,2151478,87579221610,42030,43000,39930,-2100,-5.0,40710,-1320,-3.14,39930,43000,1399-6-16
166,فخاس,فولاد خراسان,1462,7572755,293078763030,40450,41500,38430,-2020,-4.99,38700,-1750,-4.33,38430,42000,1399-6-16
167,فرآور,فرآوري‌موادمعدني‌ايران‌,1451,4618120,127893917310,28840,28940,27400,-1440,-4.99,27690,-1150,-3.99,27400,28940,1399-6-16
168,اطلس,صندوق س.توسعه اندوخته آينده-س,1448,422067,86656104997,203422,211000,200000,-3422,-1.68,205314,1892,0.93,198000,212000,1399-6-16
169,فباهنر,مس‌ شهيدباهنر,1436,1889614,108612627950,58960,59000,56020,-2940,-4.99,57480,-1480,-2.51,56020,61000,1399-6-16
170,فخاسح,ح . فولاد خراسان,1418,2433710,82231025980,32440,35680,32000,-440,-1.36,33790,1350,4.16,31020,35680,1399-6-16
171,رانفور,خدمات‌انفورماتيك‌,1388,2914887,91782787240,32070,32600,30470,-1600,-4.99,31500,-570,-1.78,30470,33300,1399-6-16
172,وتوسم,سرمايه‌گذاري‌توسعه‌ملي‌,1380,5631917,76221888120,13530,14100,13050,-480,-3.55,13530,0,0.0,13000,14200,1399-6-16
173,واميد,گروه مديريت سرمايه گذاري اميد,1377,4488578,194413684920,42730,43930,42990,260,0.61,43310,580,1.36,40600,44500,1399-6-16
174,توريل,توکاريل,1373,5180719,93839005607,18780,18305,17841,-939,-5.0,18113,-667,-3.55,17841,19191,1399-6-16
175,واتي,سرمايه‌ گذاري‌ آتيه‌ دماوند,1360,16181431,245742438230,15320,15500,14650,-670,-4.37,15190,-130,-0.85,14560,15870,1399-6-16
176,غگل,گلوكوزان‌,1360,6148808,49190464000,8420,8000,8000,-420,-4.99,8000,-420,-4.99,8000,8000,1399-6-16
177,فجر,فولاد اميركبيركاشان,1352,3965446,215520104920,52030,54630,53000,970,1.86,54350,2320,4.46,52060,54630,1399-6-16
178,فيروزه,صندوق شاخص30 شركت فيروزه- سهام,1350,1368381,276519631610,198010,205000,199450,1440,0.73,202080,4070,2.06,194000,209500,1399-6-16
179,سيمرغ,سيمرغ,1305,3171560,65128495140,21110,21950,20060,-1050,-4.97,20540,-570,-2.7,20060,21950,1399-6-16
180,مرقام,ايران‌ارقام‌,1305,3253204,99939026570,32250,30640,30640,-1610,-4.99,30720,-1530,-4.74,30640,31830,1399-6-16
181,شپترو,پتروشيمي آبادان,1304,14292950,116715204014,8417,8165,8165,-252,-2.99,8166,-251,-2.98,8165,8300,1399-6-16
182,بكاب,صنايع‌جوشكاب‌يزد,1302,695242,96118826970,134580,141300,135900,1320,0.98,138250,3670,2.73,128000,141300,1399-6-16
183,گوهران,سرمايه گذاري توسعه گوهران اميد,1298,6483205,67245880933,10083,10500,10360,277,2.75,10372,289,2.87,9579,10587,1399-6-16
184,ارفع,شركت آهن و فولاد ارفع,1256,5113395,83683273335,17102,16247,16247,-855,-5.0,16366,-736,-4.3,16247,17102,1399-6-16
185,لوتوس,تامين سرمايه لوتوس پارسيان,1240,4151787,69737403310,16630,17460,16260,-370,-2.22,16800,170,1.02,16100,17460,1399-6-16
186,وبوعلي,سرمايه‌گذاري‌بوعلي‌,1209,5850429,60367076220,10660,10650,10130,-530,-4.97,10320,-340,-3.19,10130,11000,1399-6-16
187,جم,پتروشيمي جم,1191,5256983,209651370060,38080,39980,39250,1170,3.07,39880,1800,4.73,38720,39980,1399-6-16
188,حفارس,حمل و نقل بين المللي خليج فارس,1181,11433152,70412148060,6470,6150,6150,-320,-4.95,6160,-310,-4.79,6150,6350,1399-6-16
189,وپترو,سرمايه‌گذاري صنايع پتروشيمي‌,1176,4704136,84414080070,18080,18900,17300,-780,-4.31,17940,-140,-0.77,17180,18900,1399-6-16
190,بزاگرسح,ح . نيروگاه زاگرس كوثر,1175,8547156,85118095270,10376,10100,9858,-518,-4.99,9959,-417,-4.02,9858,10373,1399-6-16
191,مارون,پتروشيمي مارون,1160,423665,52983312253,125856,132130,123450,-2406,-1.91,125438,-418,-0.33,119564,132130,1399-6-16
192,كاريس,صندوق س.سپهر كاريزما-س,1153,926198,204924562175,221061,230000,216130,-4931,-2.23,221254,193,0.09,215000,230000,1399-6-16
193,افق ملت,صندوق س در سهام افق ملت,1135,486721,78520088070,160090,168020,153000,-7090,-4.43,161320,1230,0.77,152000,168500,1399-6-16
194,وبشهر,توسعه‌ صنايع‌ بهشهر(هلدينگ,1132,10254060,179280449690,18180,17800,17280,-900,-4.95,17480,-700,-3.85,17280,18740,1399-6-16
195,دعبيد,لابراتوارداروسازي‌  دكترعبيدي‌,1122,833459,28717422230,34980,35020,33280,-1700,-4.86,34740,-240,-0.69,33240,36720,1399-6-16
196,حتوكا,حمل‌ونقل‌توكا,1120,3830485,74630706540,19920,18930,18930,-990,-4.97,19480,-440,-2.21,18930,20910,1399-6-16
197,واحيا,م .صنايع و معادن احياء سپاهان,1119,4266628,968136871297,220352,226962,225700,5348,2.43,226909,6557,2.98,221923,226962,1399-6-16
198,پارند,صندوق س. پارند پايدار سپهر,1119,37381230,438753801760,11960,11680,11730,-230,-1.92,11740,-220,-1.84,11680,11850,1399-6-16
199,بموتو,موتوژن‌,1082,1715633,86034221040,51340,53000,48780,-2560,-4.99,50150,-1190,-2.32,48780,53890,1399-6-16
200,زنجان,صنايع كشاورزي وكود زنجان,1078,8013215,66369279704,8449,8567,8196,-253,-2.99,8282,-167,-1.98,8196,8680,1399-6-16
201,بخاور,بيمه زندگي خاورميانه,1075,17464492,148705860586,8131,8537,8537,406,4.99,8515,384,4.72,8002,8537,1399-6-16
202,آپ,آسان پرداخت پرشين,1075,2648974,59877295100,23610,23100,22430,-1180,-5.0,22600,-1010,-4.28,22430,24000,1399-6-16
203,كاردان,صندوق س تجارت شاخصي كاردان,1064,450449,90813770690,199690,205890,195000,-4690,-2.35,201610,1920,0.96,194000,212000,1399-6-16
204,شفن,پتروشيمي فناوران,1064,383850,96261236630,257080,269790,251000,-6080,-2.37,250780,-6300,-2.45,244230,269920,1399-6-16
205,پرديس,سرمايه گذاري پرديس,1043,6497258,64062833680,10240,10150,9730,-510,-4.98,9860,-380,-3.71,9730,10530,1399-6-16
206,شرانل,نفت ايرانول,1039,2221789,60463172440,27365,28000,26010,-1355,-4.95,27214,-151,-0.55,25997,28710,1399-6-16
207,وآذر,سرمايه‌گذاري‌توسعه‌آذربايجان‌,1020,744901,100315884370,139960,132970,132970,-6990,-4.99,134670,-5290,-3.78,132970,144160,1399-6-16
208,پارس,پتروشيمي پارس,998,728890,101032595150,136720,143000,137590,870,0.64,138540,1820,1.33,136720,143000,1399-6-16
209,وسين,بيمه سينا,997,9755998,215160754376,21960,21303,21302,-658,-3.0,22054,94,0.43,21302,22618,1399-6-16
210,غبشهر,صنعتي‌ بهشهر,989,7580534,179958335240,24900,23660,23660,-1240,-4.98,23740,-1160,-4.66,23660,25400,1399-6-16
211,شپارسح,ح . بين‌ المللي‌محصولات پارس‌,982,2459389,30539554484,11956,12920,11800,-156,-1.3,12418,462,3.86,11710,13150,1399-6-16
212,پاكشو,گروه صنعتي پاكشو,974,1457023,85916206520,58290,60000,58530,240,0.41,58910,620,1.06,58290,60400,1399-6-16
213,چدن,توليدي چدن سازان,970,2604313,85929251500,34380,33000,32670,-1710,-4.97,32990,-1390,-4.04,32670,35580,1399-6-16
214,شنفت,نفت‌ پارس‌,970,2077712,140840869010,71140,67600,67590,-3550,-4.99,67790,-3350,-4.71,67590,72400,1399-6-16
215,ريشمك,توليد و صادرات ريشمك,956,1137770,40123196812,36006,37000,34206,-1800,-5.0,35367,-639,-1.77,34206,37005,1399-6-16
216,فپنتا,سپنتا,944,410511,122960382650,292240,306850,288880,-3360,-1.15,299530,7290,2.49,277870,306850,1399-6-16
217,شوينده,مديريت صنعت شوينده ت.ص.بهشهر,943,1985595,74767228580,38570,39000,36650,-1920,-4.98,37650,-920,-2.39,36650,40400,1399-6-16
218,اعتلاح,ح سرمايه گذاري اعتلاء البرز,941,3098238,26380078558,8707,8700,8272,-435,-5.0,8515,-192,-2.21,8272,8990,1399-6-16
219,كهمدا,شيشه‌ همدان‌,941,1491035,37529029380,25770,26000,24490,-1280,-4.97,25290,-480,-1.86,24490,26550,1399-6-16
220,تايرا,تراكتورسازي‌ايران‌,939,11055966,304174846210,28910,28000,27470,-1440,-4.98,27510,-1400,-4.84,27470,30000,1399-6-16
221,دفارا,داروسازي‌ فارابي‌,933,1147700,77667954580,70100,70110,66600,-3500,-4.99,67670,-2430,-3.47,66600,71990,1399-6-16
222,سپاها,سيمان‌سپاهان‌,922,3460332,37806568950,11430,10900,10860,-570,-4.99,11020,-410,-3.59,10860,11450,1399-6-16
223,كترام,توليدي‌ كاشي‌ تكسرام‌,921,1467446,31644471070,22390,22800,21280,-1110,-4.96,21820,-570,-2.55,21280,22800,1399-6-16
224,تسه9904,امتياز تسهيلات مسكن تير99,920,10163,7596000097,717170,737000,753028,35858,5.0,747417,30247,4.22,720000,753028,1399-6-16
225,زر,صندوق س.پشتوانه سكه طلاي زر,918,495351,31715722589,63516,65990,63490,-26,-0.04,64027,511,0.8,63000,65990,1399-6-16
226,فروس,فروسيليس‌ ايران‌,917,1752606,47672614960,27870,26500,26480,-1390,-4.99,27200,-670,-2.4,26480,29260,1399-6-16
227,سلار,شركت سيمان لارستان,898,3517337,112291412035,31316,32255,32100,784,2.5,31925,609,1.94,30377,32255,1399-6-16
228,شگل,گلتاش‌,895,1854825,56653395370,30030,31530,29620,-410,-1.37,30540,510,1.7,29000,31530,1399-6-16
229,فسرب,ملي‌ سرب‌وروي‌ ايران‌,892,446921,60521526740,141110,134420,134060,-7050,-5.0,135420,-5690,-4.03,134060,144000,1399-6-16
230,رنيك,جنرال مكانيك,889,3028117,87448950330,30268,29000,28755,-1513,-5.0,28879,-1389,-4.59,28755,30120,1399-6-16
231,غشهداب,كشت و صنعت شهداب ناب خراسان,889,8922294,63187686108,6745,7082,7082,337,5.0,7082,337,5.0,7082,7082,1399-6-16
232,ساروم,سيمان‌اروميه‌,883,3869648,105858379640,28780,27350,27350,-1430,-4.97,27360,-1420,-4.93,27350,28000,1399-6-16
233,شيراز,پتروشيمي‌شيراز,864,1863914,115039049190,59860,62850,60010,150,0.25,61720,1860,3.11,58020,62850,1399-6-16
234,قشكر,شكرشاهرود,863,1631572,89531287980,57460,54590,54590,-2870,-4.99,54870,-2590,-4.51,54590,58000,1399-6-16
235,قجام,فرآوردههاي غذايي وقندتربت‌جام‌,853,2807411,65743241696,22780,23463,23463,683,3.0,23418,638,2.8,22903,23463,1399-6-16
236,كرماشا,صنايع پتروشيمي كرمانشاه,850,4720945,187583685860,37850,39740,39740,1890,4.99,39730,1880,4.97,39200,39740,1399-6-16
237,وسرمد,بيمه  سرمد,836,9037717,76755854014,8924,8478,8480,-444,-4.98,8493,-431,-4.83,8478,8896,1399-6-16
238,بفجر,فجر انرژي خليج فارس,831,1776583,47612351760,26240,27550,26640,400,1.52,26620,380,1.45,26240,27550,1399-6-16
239,وآرين,شركت توسعه اقتصادي آرين,823,8686778,52011946607,6143,6000,5959,-184,-3.0,5987,-156,-2.54,5959,6300,1399-6-16
240,پكرمان,گروه‌ صنعتي‌ بارز,812,1977077,44351752640,22220,23330,21790,-430,-1.94,22400,180,0.81,21300,23330,1399-6-16
241,قصفها,قنداصفهان‌,811,290304,60724161530,214540,214500,203820,-10720,-5.0,209170,-5370,-2.5,203820,223200,1399-6-16
242,پارسيان,بيمه پارسيان,805,4076078,61954127410,15070,15230,14700,-370,-2.46,15200,130,0.86,14340,15820,1399-6-16
243,سيدكو,سرمايه گذاري توسعه صنايع سيمان,803,4252768,34828350230,8550,8600,8130,-420,-4.91,8280,-270,-3.16,8130,8880,1399-6-16
244,پرداخت,به پرداخت ملت,789,1117132,51161116730,45100,43350,47340,2240,4.97,45790,690,1.53,42860,47340,1399-6-16
245,غمارگ,مارگارين‌,785,1796734,60032650080,34580,33290,32860,-1720,-4.97,33410,-1170,-3.38,32860,36190,1399-6-16
246,تاپكيش,تجارت الكترونيك پارسيان كيش,785,2465146,90751741432,38290,39055,36376,-1914,-5.0,36814,-1476,-3.85,36376,39055,1399-6-16
247,شسينا,صنايع‌شيميايي‌سينا,785,141292,65262973960,443440,460000,465610,22170,5.0,461900,18460,4.16,445010,465610,1399-6-16
248,زشگزا,شير و گوشت زاگرس شهركرد,783,843777,92999855696,111138,112000,105582,-5556,-5.0,110219,-919,-0.83,105582,115000,1399-6-16
249,درازك,دارويي‌ رازك‌,774,3241537,152332659740,46960,44620,44620,-2340,-4.98,46990,30,0.06,44620,49300,1399-6-16
250,اتكاي,بيمه اتكايي ايرانيان,774,3833171,59244945839,15333,15700,15479,146,0.95,15456,123,0.8,14901,15950,1399-6-16
251,ولشرق,ليزينگ ايران و شرق,770,8179603,85999469537,10882,10885,10338,-544,-5.0,10514,-368,-3.38,10338,11350,1399-6-16
252,كيميا,معدني كيمياي زنجان گستران,755,1329189,46203713870,35797,36000,34008,-1789,-5.0,34761,-1036,-2.89,34008,37450,1399-6-16
253,بهپاك,صنعتي بهپاك,754,1382796,61057608066,45956,43659,43659,-2297,-5.0,44155,-1801,-3.92,43659,47950,1399-6-16
254,ثشاهد,سرمايه‌ گذاري‌ شاهد,752,484153,27514414990,59820,56830,56830,-2990,-5.0,58920,-900,-1.5,56830,56830,1399-6-16
255,فايرا,آلومينيوم‌ايران‌,750,2050126,43707059790,22100,22100,21000,-1100,-4.98,21360,-740,-3.35,21000,22500,1399-6-16
256,غدام,خوراك‌  دام‌ پارس‌,746,1171037,150921616160,122750,128880,128880,6130,4.99,128880,6130,4.99,127100,128880,1399-6-16
257,خمهر,مهركام‌پارس‌,741,4260513,40008451360,9880,9390,9390,-490,-4.96,9460,-420,-4.25,9390,9460,1399-6-16
258,ثپرديسح,ح.سرمايه گذاري مسكن پرديس,738,1503468,13740050234,9205,9665,8881,-324,-3.52,9139,-66,-0.72,8755,9665,1399-6-16
259,لوتوسح,ح . تامين سرمايه لوتوس پارسيان,736,2776085,34336773860,12390,13370,11800,-590,-4.76,12370,-20,-0.16,11520,13370,1399-6-16
260,فلامي,لاميران‌,731,285220,34939755830,122900,128800,116760,-6140,-5.0,122610,-290,-0.24,116760,128800,1399-6-16
261,سخوز,سيمان خوزستان,727,2614691,48153999280,18510,19390,17970,-540,-2.92,18420,-90,-0.49,17590,19400,1399-6-16
262,جم پيلن,پلي پروپيلن جم - جم پيلن,722,1246551,101964819720,79550,82940,80550,1000,1.26,81800,2250,2.83,78030,83000,1399-6-16
263,زفكا,كشت و دامداري فكا,715,942716,39180704624,43350,43150,41183,-2167,-5.0,41836,-1514,-3.49,41183,45080,1399-6-16
264,غفارس,شير پاستوريزه پگاه فارس,710,2554258,28206779892,11518,10945,10943,-575,-4.99,11232,-286,-2.48,10943,12000,1399-6-16
265,سفانو,سيمان فارس نو,707,1618896,50649321850,30010,31510,31500,1490,4.97,31270,1260,4.2,30500,31510,1399-6-16
266,سباقر,سيمان باقران,691,3316399,52247280395,15323,15740,15782,459,3.0,15754,431,2.81,15430,15782,1399-6-16
267,دانا,بيمه دانا,679,4166121,36111098020,9050,8620,8600,-450,-4.97,8760,-290,-3.2,8600,9030,1399-6-16
268,ومعلم,بيمه معلم,669,2407965,48085346204,20898,19854,19854,-1044,-5.0,19972,-926,-4.43,19854,20500,1399-6-16
269,قچار,فراوردههاي غذايي وقند چهارمحال,666,348041,63027572611,178696,187600,179500,804,0.45,181092,2396,1.34,169970,187600,1399-6-16
270,بنو,بيمه تجارت نو,662,6897123,144388151502,19942,20939,20939,997,5.0,20935,993,4.98,20024,20939,1399-6-16
271,شبصير,توليدات پتروشيمي قائد بصير,659,1029481,131711341740,133642,126960,126960,-6682,-5.0,127940,-5702,-4.27,126960,135900,1399-6-16
272,نطرين,عطرين نخ قم,657,2085797,41888695349,21102,20047,20047,-1055,-5.0,20198,-904,-4.28,20047,20900,1399-6-16
273,سپ,پرداخت الكترونيك سامان كيش,651,877851,21720718730,25710,25000,24430,-1280,-4.98,25250,-460,-1.79,24430,25890,1399-6-16
274,غمينو,شركت صنايع غذايي مينو شرق,651,1514331,25641662573,17805,16915,16915,-890,-5.0,17331,-474,-2.66,16915,17300,1399-6-16
275,خراسان,پتروشيمي خراسان,647,645951,53781241690,83670,86900,81530,-2140,-2.56,83300,-370,-0.44,81020,86900,1399-6-16
276,گوهر,صندوق سكه طلاي كيان,640,935173,67002923595,70526,71900,71500,974,1.38,71648,1122,1.59,70000,74500,1399-6-16
277,ثشرقح,ح. سرمايه گذاري مسكن شمال شرق,636,1813414,8942333580,4860,5300,5000,140,2.88,4930,70,1.44,4570,5300,1399-6-16
278,تسه9902,امتياز تسهيلات مسكن ارديبهشت99,632,7975,5943187932,716720,712000,752556,35836,5.0,745227,28507,3.98,712000,752556,1399-6-16
279,وگستر,گسترش سرمايه گذاري ايرانيان,625,1964616,51485507697,27541,26164,26164,-1377,-5.0,26206,-1335,-4.85,26164,27000,1399-6-16
280,سخاش,سيمان‌خاش‌,612,272022,22529687900,83890,82790,82550,-1340,-1.6,83400,-490,-0.58,79700,86570,1399-6-16
281,دتماد,توليدمواداوليه‌داروپخش‌,607,1048527,42773058700,42070,42070,39970,-2100,-4.99,40930,-1140,-2.71,39970,43190,1399-6-16
282,پارند2,صندوق س. پارند پايدار سپهر,606,60600000,60600000,11960,1,1,-11959,-99.99,1,-11959,-99.99,1,1,1399-6-16
283,خشرق,الكتريك‌ خودرو شرق‌,605,1955275,41089918050,22100,21000,21000,-1100,-4.98,21150,-950,-4.3,21000,21990,1399-6-16
284,ثفارس,عمران‌وتوسعه‌فارس‌,598,2951484,35742471240,12740,12110,12110,-630,-4.95,12240,-500,-3.92,12110,12110,1399-6-16
285,وصنا,گروه‌صنايع‌بهشهرايران‌,590,2030764,24451339250,12470,12100,11850,-620,-4.97,12250,-220,-1.76,11850,12500,1399-6-16
286,كفرا,فراورده‌ هاي‌ نسوزايران‌,584,1164501,50661671170,44980,43050,42740,-2240,-4.98,43510,-1470,-3.27,42740,47090,1399-6-16
287,وپويا,سرمايه گذاري پويا,581,832066,11512465176,14564,13836,13836,-728,-5.0,14385,-179,-1.23,13836,13836,1399-6-16
288,پكوير,كوير تاير,579,963547,15670854550,17100,16250,16250,-850,-4.97,16820,-280,-1.64,16250,16580,1399-6-16
289,كمينا,شيشه سازي مينا,577,2061741,83109558507,41483,40239,40239,-1244,-3.0,40310,-1173,-2.83,40239,42402,1399-6-16
290,خكار,ايركا پارت صنعت,574,1077866,44834294250,42370,41010,40260,-2110,-4.98,41630,-740,-1.75,40260,44380,1399-6-16
291,مفاخر,توسعه فناوري اطلاعات خوارزمي,564,1639475,69838768746,40735,42771,42771,2036,5.0,42598,1863,4.57,40881,42771,1399-6-16
292,دارا,صندوق س. دارا الگوريتم-د,557,16431560,165384287300,10069,10090,10074,5,0.05,10065,-4,-0.04,10056,10090,1399-6-16
293,ساينا,صنايع بهداشتي ساينا,553,150737,25834907219,168903,162600,167000,-1903,-1.13,170145,1242,0.74,162600,177345,1399-6-16
294,ثنام,س ساختماني ب نام آوران مهندسي,551,4098948,91230200830,23314,22149,22149,-1165,-5.0,22257,-1057,-4.53,22149,22630,1399-6-16
295,دامين,داروسازي‌ امين‌,549,1199726,17571699920,15180,15010,14430,-750,-4.94,14980,-200,-1.32,14430,15500,1399-6-16
296,وكار,بانك‌ كارآفرين‌,548,1861312,26346129480,14620,15190,13890,-730,-4.99,14370,-250,-1.71,13890,15190,1399-6-16
297,زاگرس,پتروشيمي زاگرس,546,4306397,620698225198,137271,144134,144134,6863,5.0,144134,6863,5.0,144134,144134,1399-6-16
298,وكادو,تكادو,545,1554270,35038229610,23233,22537,22537,-696,-3.0,22543,-690,-2.97,22537,23000,1399-6-16
299,غشهد,شهد ايران ‌,541,1578483,13751199820,9150,8700,8700,-450,-4.92,9020,-130,-1.42,8700,8900,1399-6-16
300,بميلا,توسعه بازرگاني آهن وفولادميلاد,533,4120133,167650914772,41941,40683,40683,-1258,-3.0,40691,-1250,-2.98,40683,41589,1399-6-16
301,تسه9903,امتياز تسهيلات مسكن خرداد99,524,4538,3394121821,720119,705719,756124,36005,5.0,747933,27814,3.86,705719,756124,1399-6-16
302,خديزل,بهمن  ديزل,514,813639,34893421811,44242,43630,42030,-2212,-5.0,43238,-1004,-2.27,42030,46000,1399-6-16
303,دالبر,البرزدارو,505,913998,20044695960,22780,21690,21650,-1130,-4.96,22420,-360,-1.58,21650,22800,1399-6-16
304,ميهن,بيمه ميهن,501,6251341,42957701872,7209,6950,6849,-360,-4.99,6894,-315,-4.37,6849,7100,1399-6-16
305,بالبر,كابل‌ البرز,499,2488494,73534743120,28180,29580,29580,1400,4.97,29550,1370,4.86,28600,29580,1399-6-16
306,دارو,كارخانجات‌داروپخش‌,499,622029,35630350100,57240,60100,55500,-1740,-3.04,57270,30,0.05,54380,60100,1399-6-16
307,ركيش,كارت اعتباري ايران كيش,498,5203505,107327999860,21700,20620,20620,-1080,-4.98,20630,-1070,-4.93,20620,21000,1399-6-16
308,دجابر,داروسازي‌ جابرابن‌حيان‌,495,547453,25711398090,48380,48000,45970,-2410,-4.98,47590,-790,-1.63,45970,49500,1399-6-16
309,فاما,صنعتي‌ آما,492,1204145,24432305370,21170,21920,20120,-1050,-4.96,20700,-470,-2.22,20120,21920,1399-6-16
310,دسبحا,گروه دارويي سبحان,491,1847997,34271962060,19050,19010,18100,-950,-4.99,18690,-360,-1.89,18100,19690,1399-6-16
311,كاسپينح,ح .داروسازي كاسپين تامين,477,684739,13345580858,19852,19310,19051,-801,-4.03,19490,-362,-1.82,19031,20800,1399-6-16
312,دسبحان,سبحان دارو,474,2243156,51867622170,24330,23120,23120,-1210,-4.97,23120,-1210,-4.97,23120,23700,1399-6-16
313,بذر,صندوق س بذر اميد آفرين-سهام,470,265258,32647421580,123520,126500,119200,-4320,-3.5,123080,-440,-0.36,119010,128980,1399-6-16
314,ما,بيمه  ما,467,4240610,32811619520,7830,7840,7450,-380,-4.85,7770,-60,-0.77,7450,8100,1399-6-16
315,سهگمت,سيمان‌هگمتان‌,459,1022863,20093441440,20480,19800,19480,-1000,-4.88,20110,-370,-1.81,19460,20390,1399-6-16
316,فاهواز,نورد و لوله اهواز,457,9140059,205340565494,22924,22466,22466,-458,-2.0,22466,-458,-2.0,22466,22466,1399-6-16
317,غگرجي,بيسكويت‌  گرجي‌,455,575601,25130659060,45630,43350,43350,-2280,-5.0,44580,-1050,-2.3,43350,44990,1399-6-16
318,داوه,داروسازي آوه سينا,454,638600,13436198372,22026,21970,20925,-1101,-5.0,21741,-285,-1.29,20925,21970,1399-6-16
319,حبندر,دريايي و کشتيراني خط دريابندر,447,996718,26195169386,26694,26835,25894,-800,-3.0,26281,-413,-1.55,25894,27258,1399-6-16
320,كفرآور,فرآورده هاي سيمان شرق,441,2908100,52769093680,18694,18134,18300,-394,-2.11,18146,-548,-2.93,18134,18500,1399-6-16
321,خزاميا,زامياد,440,1440116,28082262000,20520,19500,19500,-1020,-4.97,19900,-620,-3.02,19500,19500,1399-6-16
322,آ س پ,آ.س.پ,439,1845321,27997411187,15852,15060,15060,-792,-5.0,15453,-399,-2.52,15060,16180,1399-6-16
323,آساس,صندوق س.آسمان آرماني سهام-س,438,497347,83060226390,166183,171250,166000,-183,-0.11,167007,824,0.5,162402,173500,1399-6-16
324,تپولا,مهندسي مرآت پولاد,431,2921076,49354857243,16565,17061,16069,-496,-2.99,16896,331,2.0,16069,17061,1399-6-16
325,درهآور,دارويي ره آورد تامين,429,635466,21676967073,35870,34100,34077,-1793,-5.0,35046,-824,-2.3,34077,35070,1399-6-16
326,قنيشا,قند  نيشابور,416,490050,53013609000,103030,108180,108180,5150,5.0,108180,5150,5.0,108180,108180,1399-6-16
327,تسه9810,امتياز تسهيلات مسكن دي98,416,7494,5575671959,714425,750146,750000,35575,4.98,744018,29593,4.14,678754,750146,1399-6-16
328,شفارس,صنايع‌ شيميايي‌ فارس‌,411,859140,35158636850,42410,42300,40290,-2120,-5.0,41280,-1130,-2.66,40290,43930,1399-6-16
329,پتاير,ايران‌ تاير,411,760171,74579303930,100960,104000,95920,-5040,-4.99,98110,-2850,-2.82,95920,104120,1399-6-16
330,كمنگنز,معادن‌منگنزايران‌,410,669851,62975015960,98470,95120,93550,-4920,-5.0,94010,-4460,-4.53,93550,97780,1399-6-16
331,كمرجان,بازرگاني و توليدي مرجان كار,407,417774,17781484888,43857,44970,41665,-2192,-5.0,43378,-479,-1.09,41665,44970,1399-6-16
332,دسبحاح,ح .گروه دارويي سبحان,404,710300,11477544940,16220,16450,15200,-1020,-6.29,16160,-60,-0.37,14700,16880,1399-6-16
333,كاذر,فرآورده‌هاي‌نسوزآذر,398,1538582,51346903990,35080,35000,33330,-1750,-4.99,33370,-1710,-4.87,33330,35000,1399-6-16
334,دسانكو,داروسازي سبحان انكولوژي,395,1429774,29224784292,21458,20665,20386,-1072,-5.0,20804,-654,-3.05,20386,21042,1399-6-16
335,حپارسا,توسعه حمل و نقل ريلي پارسيان,392,1927619,74069360135,40426,41940,38405,-2021,-5.0,38425,-2001,-4.95,38405,41940,1399-6-16
336,صايند,صندوق س. گنجينه آينده روشن-د,384,4261870,42361802550,10009,10000,9900,-109,-1.09,9940,-69,-0.69,9900,10016,1399-6-16
337,غاذر,كشت‌وصنعت‌پياذر,384,604153,49051182070,77330,81190,81190,3860,4.99,80860,3530,4.56,81190,81190,1399-6-16
338,سبهان,سيمان‌ بهبهان‌,376,216348,12937383080,61760,60210,59210,-2550,-4.13,61230,-530,-0.86,58710,63080,1399-6-16
339,شكربن,كربن‌ ايران‌,370,417118,29525426120,74460,70740,70740,-3720,-5.0,72150,-2310,-3.1,70740,71590,1399-6-16
340,گنجين,صندوق س. گنجينه يكم آويد-د,369,16252704,182359906923,11213,11231,11236,23,0.21,11220,7,0.06,11220,11237,1399-6-16
341,دابور,داروسازي‌ ابوريحان‌,368,272189,10570885970,40300,40500,38550,-1750,-4.34,39980,-320,-0.79,38300,41890,1399-6-16
342,سپاس,صندوق س. پاداش سهامداري توسعه1,368,11893523,119669021290,10270,10090,10060,-210,-2.04,10060,-210,-2.04,10040,10090,1399-6-16
343,شزنگ,تجهيزنيروي‌زنگان‌,366,506546,42578598080,84357,82670,82800,-1557,-1.85,84057,-300,-0.36,82670,86044,1399-6-16
344,زقيام,كشت و دام قيام اصفهان,364,735823,25851669459,36982,35133,35133,-1849,-5.0,35928,-1054,-2.85,35133,35133,1399-6-16
345,واحصا,احياء صنايع خراسان,363,976135,16745215748,16900,17407,17000,100,0.59,17113,213,1.26,16400,17407,1399-6-16
346,سدور,سيمان‌ دورود,363,1668178,15621242280,9850,9360,9360,-490,-4.97,9690,-160,-1.62,9360,9450,1399-6-16
347,پخش,پخش البرز,362,1168787,41184696784,37039,35188,35188,-1851,-5.0,35414,-1625,-4.39,35188,36670,1399-6-16
348,غديس,پاكديس,360,706746,29506562001,43911,41716,41716,-2195,-5.0,42548,-1363,-3.1,41716,42395,1399-6-16
349,دلر,داروسازي‌ اكسير,359,180247,17678995080,96710,101540,95900,-810,-0.84,97180,470,0.49,94160,101540,1399-6-16
350,پيزد,مجتمع صنايع لاستيك يزد,358,58243,6703478085,121152,115095,115095,-6057,-5.0,120268,-884,-0.73,115095,115095,1399-6-16
351,قهكمت,قندهكمتان‌,357,1154998,60676823450,55250,52490,52490,-2760,-5.0,52530,-2720,-4.92,52490,55230,1399-6-16
352,وجامي,سرمايه گذاري جامي,355,3406217,40148384350,11267,11830,11830,563,5.0,11787,520,4.62,10800,11830,1399-6-16
353,حآسا,آسيا سير ارس,346,1058008,14062149273,13984,13285,13285,-699,-5.0,13773,-211,-1.51,13285,13984,1399-6-16
354,دبالك,مواد اوليه دارويي البرز بالك,345,1292119,26811679407,21834,20743,20743,-1091,-5.0,21215,-619,-2.84,20743,21000,1399-6-16
355,غنوش,نوش‌ مازندران‌,342,664567,64662369100,102420,97300,97300,-5120,-5.0,97300,-5120,-5.0,97300,97300,1399-6-16
356,تسه9901,امتياز تسهيلات مسكن فروردين99,338,3209,2402562313,722159,730012,758266,36107,5.0,748695,26536,3.67,701011,758266,1399-6-16
357,دتوليد,داروسازي توليد دارو,338,666397,28749032977,45411,43141,43141,-2270,-5.0,43965,-1446,-3.18,43141,43141,1399-6-16
358,شفا,سرمايه گذاري شفادارو,335,846066,48260093010,59840,57080,56850,-2990,-5.0,57040,-2800,-4.68,56850,61970,1399-6-16
359,زمگسا,كشاورزي‌ ودامپروي‌ مگسال‌,334,543910,17333507290,33200,32100,31540,-1660,-5.0,32710,-490,-1.48,31540,33410,1399-6-16
360,خصدرا,صنعتي‌ دريايي‌ ايران‌,331,1395672,9847861632,7274,7056,7056,-218,-3.0,7245,-29,-0.4,7056,7056,1399-6-16
361,تسه9812,امتياز تسهيلات مسكن اسفند98,323,3211,2389922093,718123,730000,754029,35906,5.0,744292,26169,3.64,720000,754029,1399-6-16
362,ضجار7036,اختيارخ وتجارت-6500-1399/07/22,317,11230,1189500000,112,355,90,-22,-19.64,106,-6,-5.36,85,355,1399-6-16
363,رتكو,كنترل‌خوردگي‌تكين‌كو,312,749101,15366158410,21430,20360,20360,-1070,-4.99,21130,-300,-1.4,20360,21890,1399-6-16
364,وسديد,گروه ‌صنعتي‌سديد,312,476695,12898413310,27894,27058,27058,-836,-3.0,27644,-250,-0.9,27058,27058,1399-6-16
365,بايكا,كارخانجات كابلسازي ‌ايران‌,311,816054,36056551212,44990,45500,43641,-1349,-3.0,44184,-806,-1.79,43641,45500,1399-6-16
366,گكوثر,هتل پارسيان كوثر اصفهان,305,96180,21197591100,231994,220395,220395,-11599,-5.0,226763,-5231,-2.25,220395,220395,1399-6-16
367,لسرما,سرما آفرين‌,305,508795,13067962650,28210,27000,25650,-2560,-9.07,27480,-730,-2.59,25650,27000,1399-6-16
368,خمحور,توليدمحورخودرو,303,511410,32613837510,66230,62930,62920,-3310,-5.0,64480,-1750,-2.64,62920,66200,1399-6-16
369,آساميد,صندوق س.مشترك آسمان اميد -د,299,16065490,170738194459,10625,10685,10641,16,0.15,10628,3,0.03,10623,10685,1399-6-16
370,دكپسول,توليد ژلاتين كپسول ايران,299,251716,10442130550,42858,40716,40716,-2142,-5.0,42558,-300,-0.7,40716,43000,1399-6-16
371,وهنر,گروه توسعه هنر ايران,297,2600653,15452577991,6248,5936,5936,-312,-4.99,5999,-249,-3.99,5936,6060,1399-6-16
372,شپاس,نفت پاسارگاد,292,444749,11248710380,26204,26010,24894,-1310,-5.0,25984,-220,-0.84,24894,26970,1399-6-16
373,تليسه,دامداري تليسه نمونه,291,632240,49804706000,75024,78775,78775,3751,5.0,78494,3470,4.63,78775,78775,1399-6-16
374,كيان,صندوق س. با درآمد ثابت كيان,289,2520009,63603893140,25200,25240,25270,70,0.28,25240,40,0.16,25190,25360,1399-6-16
375,شتوكا,توكا رنگ فولاد سپاهان,276,465205,16791272937,37893,36020,35999,-1894,-5.0,37251,-642,-1.69,35999,37891,1399-6-16
376,حسينا,توسعه خدمات دريايي وبندري سينا,269,1523420,79968202581,54865,55000,52280,-2585,-4.71,52493,-2372,-4.32,52250,55000,1399-6-16
377,ولملت,واسپاري ملت,267,899825,11952368290,13870,13180,13180,-690,-4.97,13720,-150,-1.08,13180,13980,1399-6-16
378,غشان,شيرپاستوريزه‌پگاه‌خراسان‌,267,134352,8366099040,65540,62270,62270,-3270,-4.99,64960,-580,-0.88,62270,62270,1399-6-16
379,سنوين,سرمايه گذاري اقتصاد نوين,265,1958596,23689267332,11943,12181,11931,-12,-0.1,12095,152,1.27,11705,12181,1399-6-16
380,ثعتما,س. ساختماني اعتماد گستر,264,995778,25345284674,26200,25414,25414,-786,-3.0,25453,-747,-2.85,25414,26686,1399-6-16
381,زعف9908پ10,زعفران9908نگين طلاي سرخ(پ),260,219048,21442284059,98381,98700,97900,-481,-0.49,97889,-492,-0.5,97101,98788,1399-6-16
382,ثمسكن,سرمايه‌گذاري‌ مسكن‌,257,3038409,26920303740,9320,8860,8860,-460,-4.94,9060,-260,-2.79,8860,8860,1399-6-16
383,شدوص,دوده‌ صنعتي‌ پارس‌,254,304691,6548723430,22590,21480,21470,-1120,-4.96,22440,-150,-0.66,21470,22000,1399-6-16
384,غبهنوش,بهنوش‌ ايران‌,253,413675,31141331920,79000,75050,75050,-3950,-5.0,76510,-2490,-3.15,75050,79010,1399-6-16
385,شصفها,پتروشيمي‌ اصفهان‌,252,432819,40376888038,95190,93287,93287,-1903,-2.0,93288,-1902,-2.0,93287,93500,1399-6-16
386,كماسه,تامين‌ ماسه‌ ريخته‌گري‌,249,195208,14648408320,78980,75040,75040,-3940,-4.99,77750,-1230,-1.56,75040,75040,1399-6-16
387,اوان,مبين وان كيش,245,360145,20712367600,60536,57510,57510,-3026,-5.0,59212,-1324,-2.19,57510,57710,1399-6-16
388,شپارس,بين‌ المللي‌ محصولات‌  پارس‌,243,524884,9004742910,18030,17130,17130,-900,-4.99,17860,-170,-0.94,17130,17790,1399-6-16
389,سجام,مجتمع سيمان غرب آسيا,242,2570072,34210737791,13375,13375,12974,-401,-3.0,13311,-64,-0.48,12974,13600,1399-6-16
390,غپونه,نوش پونه مشهد,241,1040253,22064509469,21836,21183,21181,-655,-3.0,21211,-625,-2.86,21181,22275,1399-6-16
391,كي بي سي,شركت كي بي سي,241,345656,13200356563,39326,38150,37360,-1966,-5.0,39013,-313,-0.8,37360,40200,1399-6-16
392,نيرو,نيرو سرمايه,237,331738,20885989936,64872,62926,62926,-1946,-3.0,62959,-1913,-2.95,62926,66234,1399-6-16
393,تسه9811,امتياز تسهيلات مسكن بهمن98,234,2078,1555598910,721383,703255,757452,36069,5.0,748604,27221,3.77,703255,757452,1399-6-16
394,ثجوان,تامين مسكن جوانان,233,1059926,10764462641,10667,10134,10134,-533,-5.0,10371,-296,-2.77,10134,10380,1399-6-16
395,وآرينح,ح. شركت توسعه اقتصادي آرين,233,2063653,8604366501,4088,4210,4091,3,0.07,4169,81,1.98,4001,4210,1399-6-16
396,سهرمز,سيمان‌هرمزگان‌,231,536987,8951551960,17480,17730,16610,-870,-4.98,17330,-150,-0.86,16610,17730,1399-6-16
397,بالاس,مهندسي ساختمان تاسيسات راه آهن,230,197757,10159247185,54075,51372,51372,-2703,-5.0,53495,-580,-1.07,51372,51524,1399-6-16
398,خفولا,خدمات فني فولاد يزد,225,649031,19770088761,29579,30466,30466,887,3.0,30403,824,2.79,30150,30466,1399-6-16
399,خريخت,صنايع‌ريخته‌گري‌ايران‌,223,1024271,6227567680,6400,6080,6080,-320,-5.0,6360,-40,-0.63,6080,6080,1399-6-16
400,غالبر,لبنيات‌ كالبر,219,989812,14800548650,15620,14910,14840,-780,-4.99,15410,-210,-1.34,14840,15900,1399-6-16
401,آبين,كشت و صنعت آبشيرين,218,1119461,5486478361,5052,4901,4901,-151,-2.99,5007,-45,-0.89,4901,4901,1399-6-16
402,قشهد,شهد,217,551976,19409315660,37010,35160,35160,-1850,-5.0,36250,-760,-2.05,35160,35970,1399-6-16
403,وپخش,داروپخش‌ (هلدينگ‌,216,70977,8511663840,125270,120000,119010,-6260,-5.0,124310,-960,-0.77,119010,125000,1399-6-16
404,شساخت,مهندسي و ساختمان صنايع نفت,216,1037512,47770897246,47420,47000,45998,-1422,-3.0,46044,-1376,-2.9,45998,47000,1399-6-16
405,هجرت,پخش هجرت,215,240648,16388351684,71683,68099,68099,-3584,-5.0,70439,-1244,-1.74,68099,68556,1399-6-16
406,وملي,گروه‌ صنعتي‌ ملي‌ (هلدينگ‌,215,12334,7553711620,644660,612430,612430,-32230,-5.0,640640,-4020,-0.62,612430,612430,1399-6-16
407,زپارس,ملي كشت و صنعت و دامپروري پارس,215,190982,16482246950,90340,86200,85830,-4510,-4.99,88910,-1430,-1.58,85830,90330,1399-6-16
408,خرينگ,رينگ‌سازي‌مشهد,214,335085,10431196050,32760,31130,31130,-1630,-4.98,32400,-360,-1.1,31130,31130,1399-6-16
409,زكشت,كشاورزي مكانيزه اصفهان كشت,213,174095,6359108656,38389,36470,36470,-1919,-5.0,38138,-251,-0.65,36470,36860,1399-6-16
410,تسه9809,امتياز تسهيلات مسكن آذر98,212,2320,1722663781,715201,710010,750961,35760,5.0,742527,27326,3.82,710010,750961,1399-6-16
411,دكيمي,كيميدارو,211,786118,23686389780,31710,30130,30130,-1580,-4.98,30920,-790,-2.49,30130,30350,1399-6-16
412,غشوكوح,ح . شوكو پارس,207,634567,14697214236,23465,24168,22762,-703,-3.0,23161,-304,-1.3,22762,24168,1399-6-16
413,زدشت,كشت و صنعت دشت خرم دره,207,1082818,60935582950,59236,56275,56275,-2961,-5.0,56275,-2961,-5.0,56275,56275,1399-6-16
414,فلات,گروه صنايع معادن فلات ايرانيان,206,1249774,19445424973,16038,15557,15557,-481,-3.0,15559,-479,-2.99,15557,15800,1399-6-16
415,حتايد,تايدواترخاورميانه,203,580283,13491579750,24470,23250,23250,-1220,-4.99,24110,-360,-1.47,23250,23250,1399-6-16
416,ولراز,ليزينگ رازي,201,567837,12304725959,21888,21232,21275,-613,-2.8,21751,-137,-0.63,21232,22259,1399-6-16
417,ياقوت,صندوق س ياقوت آگاه-ثابت,200,3268899,35876226130,10950,10980,10980,30,0.27,10980,30,0.27,10960,10980,1399-6-16
418,ثنوسا,نوسازي‌وساختمان‌تهران‌,199,1734639,23729861520,14390,13680,13680,-710,-4.93,14030,-360,-2.5,13680,13680,1399-6-16
419,اميد,تامين سرمايه اميد,196,1515175,32318682750,22450,21330,21330,-1120,-4.99,22000,-450,-2.0,21330,21330,1399-6-16
420,تسه9803,امتياز تسهيلات مسكن خرداد98,195,1726,1295687924,728368,692004,748556,20188,2.77,750688,22320,3.06,692004,764786,1399-6-16
421,كسرا,سراميك‌هاي‌صنعتي‌اردكان‌,194,461932,13021863080,29670,28190,28190,-1480,-4.99,29260,-410,-1.38,28190,28190,1399-6-16
422,كسرام,پارس‌ سرام‌,194,45495,5130016200,118690,112760,112760,-5930,-5.0,118040,-650,-0.55,112760,112760,1399-6-16
423,صنوين,صندوق سرمايه‌گذاري صنوين-مختلط,194,78553,9113186640,115360,117500,113250,-2110,-1.83,116010,650,0.56,113000,119000,1399-6-16
424,سرود,سيمان‌شاهرود,191,1763792,30586863580,18210,17310,17300,-910,-5.0,17650,-560,-3.08,17300,18000,1399-6-16
425,تسه9802,امتياز تسهيلات مسكن ارديبهشت98,189,1611,1199020399,714997,718000,750000,35003,4.9,744271,29274,4.09,718000,750746,1399-6-16
426,پلاسك,پلاسكوكار,189,775251,7302864420,9910,9420,9420,-490,-4.94,9830,-80,-0.81,9420,9420,1399-6-16
427,پسهند,صنايع‌ لاستيكي‌  سهند,188,304973,16782884330,57490,55030,54620,-2870,-4.99,56600,-890,-1.55,54620,57500,1399-6-16
428,ثباغ,شهر سازي و خانه سازي باغميشه,182,2339325,43282191150,19475,18502,18502,-973,-5.0,18542,-933,-4.79,18502,18502,1399-6-16
429,تصميم,صندوق س با درآمد ثابت تصميم,181,1844974,26824810980,14600,14630,14520,-80,-0.55,14540,-60,-0.41,14510,14630,1399-6-16
430,ثنظام,س. ساختماني نظام مهندسي ايران,175,403517,21222976615,51064,52595,52595,1531,3.0,52578,1514,2.96,52595,52595,1399-6-16
431,لپارس,پارس‌ الكتريك‌,172,30385,12572401450,435540,413770,413770,-21770,-5.0,430030,-5510,-1.27,413770,413770,1399-6-16
432,تسه9808,امتياز تسهيلات مسكن آبان98,170,2297,1721502936,721020,690122,757071,36051,5.0,749457,28437,3.94,690122,757071,1399-6-16
433,كساپا,سايپاشيشه‌,170,221529,4632634400,21750,20700,20670,-1080,-4.97,21670,-80,-0.37,20670,21750,1399-6-16
434,سدبير,س. تدبيرگران فارس وخوزستان,170,599514,17325355086,27523,28899,28899,1376,5.0,27970,447,1.62,28899,28899,1399-6-16
435,اخزا815,اسنادخزانه-م15بودجه98-010406,169,106081,77636676108,730619,730619,732003,1384,0.19,731862,1243,0.17,729300,733600,1399-6-16
436,فولاي,صنايع فولاد آلياژي يزد,169,107337,5752189830,56410,53590,53590,-2820,-5.0,56065,-345,-0.61,53590,53590,1399-6-16
437,ساوه,سيمان ساوه,166,56162,4445896244,83328,79162,79162,-4166,-5.0,82934,-394,-0.47,79162,79162,1399-6-16
438,سبجنو,سيمان‌ بجنورد,166,138239,4562737200,34630,34000,32900,-1730,-5.0,34470,-160,-0.46,32900,34500,1399-6-16
439,دمعيار,صندوق س. توازن معيار-د,166,6109590,61601824413,10082,10080,10078,-4,-0.04,10083,1,0.01,10070,10091,1399-6-16
440,تسه9801,امتياز تسهيلات مسكن فروردين98,165,1208,901069561,715554,683333,751331,35777,5.0,745918,30364,4.24,683333,751331,1399-6-16
441,كساوه,صنايع‌ كاشي‌ و سراميك‌ سينا,160,323649,13168884360,42020,39960,39920,-2100,-5.0,41640,-380,-0.9,39920,42700,1399-6-16
442,وتوس,توسعه‌شهري‌توس‌گستر,160,1219034,46311101660,39980,37990,37990,-1990,-4.98,37990,-1990,-4.98,37990,37990,1399-6-16
443,وتعاون,بيمه  تعاون,159,1472183,8860664126,6136,5952,5952,-184,-3.0,6083,-53,-0.86,5952,6318,1399-6-16
444,داسوه,داروسازي‌ اسوه‌,159,172923,6499023630,39550,37580,37580,-1970,-4.98,39280,-270,-0.68,37580,38000,1399-6-16
445,سيستم,همكاران سيستم,154,872353,23394104890,28210,27100,26800,-1410,-5.0,27510,-700,-2.48,26800,27600,1399-6-16
446,تكمبا,كمباين‌ سازي‌ ايران‌,153,460339,5128176460,11720,11140,11140,-580,-4.95,11660,-60,-0.51,11140,11140,1399-6-16
447,تسه9711,امتياز تسهيلات مسكن بهمن 97,152,1146,850159553,713126,715000,748782,35656,5.0,741849,28723,4.03,715000,748782,1399-6-16
448,ددام,داروسازي زاگرس فارمد پارس,151,231587,3531701750,16050,15250,15250,-800,-4.98,15990,-60,-0.37,15250,15250,1399-6-16
449,اخزا817,اسنادخزانه-م17بودجه98-010512,148,207644,149115386314,716688,716688,718000,1312,0.18,718130,1442,0.2,714003,720000,1399-6-16
450,تسه9712,امتياز تسهيلات مسكن اسفند97,148,1421,1054554291,713752,700000,749439,35687,5.0,742121,28369,3.97,700000,749439,1399-6-16
451,داناح,ح . بيمه دانا,146,1852638,11425757420,6280,6910,6000,-280,-4.46,6170,-110,-1.75,6000,6910,1399-6-16
452,حخزر,كشتيراني درياي خزر,146,343207,10632977473,32474,33280,30851,-1623,-5.0,32124,-350,-1.08,30851,33280,1399-6-16
453,ضصاد8024,اختيارخ وبصادر-5500-1399/08/11,144,3216,887123000,291,301,250,-41,-14.09,276,-15,-5.15,250,344,1399-6-16
454,شتولي,تولي‌پرس‌,144,1156439,21599966042,18312,18678,18678,366,2.0,18678,366,2.0,18677,18678,1399-6-16
455,فيروزا,صندوق بادرآمد ثابت فيروزه آسيا,143,3387924,69409270360,20430,20480,20450,20,0.1,20490,60,0.29,20400,20500,1399-6-16
456,تسه9710,امتياز تسهيلات مسكن دي 97,142,1258,947279182,723922,700090,760118,36196,5.0,753004,29082,4.02,700090,760118,1399-6-16
457,وليز,ليزينگ‌ايران‌,142,307680,3390633600,11600,11020,11020,-580,-5.0,11560,-40,-0.34,11020,11020,1399-6-16
458,تسه9709,امتياز تسهيلات مسكن آذر97,140,1858,1403433115,726304,727550,762619,36315,5.0,755346,29042,4.0,727500,762619,1399-6-16
459,تسه9708,امتياز تسهيلات مسكن آبان97,140,2302,1723176931,720022,735000,756023,36001,5.0,748556,28534,3.96,727021,756023,1399-6-16
460,تبرك,گروه كارخانجات صنعتي تبرك,138,79705,2583478165,34118,32413,32413,-1705,-5.0,34024,-94,-0.28,32413,32413,1399-6-16
461,وتوشه,سرمايه‌ گذاري‌ پارس‌ توشه‌,138,333412,8489090360,26780,25450,25450,-1330,-4.97,26540,-240,-0.9,25450,25680,1399-6-16
462,فنفت,صنايع تجهيزات نفت,137,379784,6841306605,18520,18001,17965,-555,-3.0,18337,-183,-0.99,17965,18555,1399-6-16
463,قزوين,كارخانجات‌ قند قزوين‌,136,1230131,60387130790,51670,49090,49090,-2580,-4.99,49090,-2580,-4.99,49090,49090,1399-6-16
464,تسه9707,امتياز تسهيلات مسكن مهر97,135,1324,980479273,711210,720100,746770,35560,5.0,740543,29333,4.12,720100,746770,1399-6-16
465,شفارا,پتروشيمي فارابي,133,719775,4026421350,5766,5594,5594,-172,-2.98,5730,-36,-0.62,5594,5594,1399-6-16
466,ولتجار,واسپاري تجارت وسرمايه ايرانيان,132,916197,6962205209,7833,7599,7599,-234,-2.99,7747,-86,-1.1,7599,7600,1399-6-16
467,سصوفي,سيمان‌ صوفيان‌,130,161495,3538355450,23060,21910,21910,-1150,-4.99,22970,-90,-0.39,21910,21910,1399-6-16
468,اخزا808,اسنادخزانه-م8بودجه98-000817,126,77471,63370549037,815723,815200,816303,580,0.07,817991,2268,0.28,815193,827000,1399-6-16
469,سمازن,سيمان‌مازندران‌,125,396575,4350427750,11540,10970,10970,-570,-4.94,11490,-50,-0.43,10970,10970,1399-6-16
470,تسه9807,امتياز تسهيلات مسكن مهر98,124,862,647452573,722237,702000,758348,36111,5.0,751105,28868,4.0,702000,758348,1399-6-16
471,بمپنا,توليد برق عسلويه  مپنا,123,35444,4005247038,118739,112803,112803,-5936,-5.0,118253,-486,-0.41,112803,115000,1399-6-16
472,ثتران,سرمايه گذاري مسكن تهران,123,511213,5000174353,10295,9781,9781,-514,-4.99,10240,-55,-0.53,9781,9781,1399-6-16
473,ثرود,سرمايه‌گذاري مسكن زاينده رود,123,1182535,15026283010,13374,12706,12706,-668,-4.99,13162,-212,-1.59,12706,12762,1399-6-16
474,بزاگرس,نيروگاه زاگرس كوثر,122,725130,12292403760,17844,16952,16952,-892,-5.0,17612,-232,-1.3,16952,16952,1399-6-16
475,دشيري,شيرين دارو,122,44346,8769455683,203857,197742,197742,-6115,-3.0,201068,-2789,-1.37,197742,200000,1399-6-16
476,غدشت,دشت‌ مرغاب‌,119,37801,11854088850,329560,325000,313090,-16470,-5.0,325390,-4170,-1.27,313090,332500,1399-6-16
477,آسام,صندوق س.آرمان سپهر آشنا-م,115,152500,17895740800,118425,120000,116400,-2025,-1.71,117349,-1076,-0.91,116000,121200,1399-6-16
478,سمايه,بانك سرمايه,114,1617260,17401717600,11092,10760,10760,-332,-2.99,10782,-310,-2.79,10760,10760,1399-6-16
479,خاذين,سايپاآذين‌,112,474513,4170969270,9250,8790,8790,-460,-4.97,9210,-40,-0.43,8790,8790,1399-6-16
480,تسه9806,امتياز تسهيلات مسكن شهريور98,112,946,706889530,717843,682019,753735,35892,5.0,747240,29397,4.1,682019,753735,1399-6-16
481,فزرين,زرين معدن آسيا,111,576492,12095955144,22086,20982,20982,-1104,-5.0,21791,-295,-1.34,20982,20982,1399-6-16
482,سدشت,صنايع سيمان دشتستان,111,55468,1957287970,36700,34900,35100,-1600,-4.36,36640,-60,-0.16,34900,35950,1399-6-16
483,حاريا,كشتيراني آريا,111,1025428,20950519468,19836,20431,20431,595,3.0,20430,594,2.99,20431,20431,1399-6-16
484,خاور,ايران خودرو ديزل,109,984761,7811124252,8177,7932,7932,-245,-3.0,8075,-102,-1.25,7932,7932,1399-6-16
485,تشتاد,صنايع توليدي اشتاد ايران‌,107,360736,4942691409,14108,13685,13685,-423,-3.0,14004,-104,-0.74,13685,14392,1399-6-16
486,اخزا814,اسنادخزانه-م14بودجه98-010318,106,126731,93605037975,737023,735780,741000,3977,0.54,738612,1589,0.22,735752,741800,1399-6-16
487,ثروتم,صندوق س. ثروت آفرين پارسيان-س,105,38140,3997315260,104361,105511,104000,-361,-0.35,104806,445,0.43,102020,107110,1399-6-16
488,وتوصا,گروه س توسعه صنعتي ايران,105,253184,4023093760,16720,15890,15890,-830,-4.96,16650,-70,-0.42,15890,15890,1399-6-16
489,اراد50,مرابحه عام دولت5-ش.خ0302,105,20000000,20000000000000,1000000,1000000,1000000,0,0.0,1000000,0,0.0,1000000,1000000,1399-6-16
490,زماهان,مجتمع توليد گوشت مرغ ماهان,103,138114,3848270382,29329,27863,27863,-1466,-5.0,29209,-120,-0.41,27863,27863,1399-6-16
491,زير0003پ04,زيره سبز0003شركت مينوبذر(پ),102,2454,1189842531,493362,510595,509450,16088,3.26,484858,-8504,-1.72,461967,510595,1399-6-16
492,لابسا,آبسال‌,102,151124,5635413960,39250,37290,37290,-1960,-4.99,39020,-230,-0.59,37290,37290,1399-6-16
493,فوكا,فولاد كاويان,100,1286425,28221591650,22385,21938,21938,-447,-2.0,22144,-241,-1.08,21938,21938,1399-6-16
494,پلوله,گازلوله‌,100,1300624,24884838992,18944,19133,19133,189,1.0,19133,189,1.0,19133,19133,1399-6-16
495,غصينو,صنعتي مينو,100,210474,7379428914,36145,35061,35061,-1084,-3.0,36013,-132,-0.37,35061,35061,1399-6-16
496,وسخراج,شركت س استان خراسان جنوبي,97,6150882,11256114060,1750,1830,1830,80,4.57,1770,20,1.14,1830,1830,1399-6-16
497,ديران,ايران‌دارو,97,186985,4902746700,27600,26220,26220,-1380,-5.0,27460,-140,-0.51,26220,26220,1399-6-16
498,شلعاب,لعابيران‌,96,60591,2042522610,35480,33710,33710,-1770,-4.99,35400,-80,-0.23,33710,33710,1399-6-16
499,قشير,قند شيروان قوچان و بجنورد,95,663442,20166646474,31996,30397,30397,-1599,-5.0,31315,-681,-2.13,30397,30397,1399-6-16
500,ولبهمن,شركت بهمن ليزينگ,94,277256,3002682480,11400,10830,10830,-570,-5.0,11362,-38,-0.33,10830,10830,1399-6-16
501,كدما,معدني‌ دماوند,94,270774,31306889880,110120,115620,115620,5500,4.99,113300,3180,2.89,115620,115620,1399-6-16
502,وثخوز,سرمايه گذاري و توسعه خوزستان,93,87522,3281395945,38576,37431,37419,-1157,-3.0,38390,-186,-0.48,37419,38999,1399-6-16
503,تسه9805,امتياز تسهيلات مسكن مرداد98,91,1006,747035299,712980,712980,748629,35649,5.0,742580,29600,4.15,712980,748629,1399-6-16
504,كوثر,بيمه كوثر,91,458135,7206921685,16558,15731,15731,-827,-4.99,16431,-127,-0.77,15731,15731,1399-6-16
505,سمتاز,سيمان ممتازان كرمان,91,160088,3607442738,23222,22526,22526,-696,-3.0,23094,-128,-0.55,22526,23221,1399-6-16
506,داريك,صندوق س.اعتماد داريك-د,90,131288,1313355043,9976,10010,10001,25,0.25,10004,28,0.28,10000,10010,1399-6-16
507,ضخود7053,اختيارخ خودرو-3200-1399/07/09,88,1871,1335796000,790,1250,600,-190,-24.05,714,-76,-9.62,599,1250,1399-6-16
508,ضچاد7024,اختيارخ كچاد-23300-1399/07/07,87,763,425322000,858,650,500,-358,-41.72,557,-301,-35.08,500,700,1399-6-16
509,افران,صندوق س افرا نماد پايدار-ثابت,84,2962087,34679427700,11670,11680,11730,60,0.51,11710,40,0.34,11680,11740,1399-6-16
510,تسه9804,امتياز تسهيلات مسكن تير98,83,743,550850714,713119,710110,748774,35655,5.0,741387,28268,3.96,710110,748774,1399-6-16
511,الماس,صندوق س.امين تدبيرگران فردا-س,82,27957,3670275971,130676,134500,128500,-2176,-1.67,131283,607,0.46,128500,135200,1399-6-16
512,دپارس,پارس‌ دارو,80,50570,4699811380,97760,92880,92880,-4880,-4.99,97270,-490,-0.5,92880,96990,1399-6-16
513,سيلامح,ح . سيمان‌ ايلام‌,79,4887160,31322387680,6810,7490,6400,-410,-6.02,6410,-400,-5.87,6400,7490,1399-6-16
514,نگين,ص.س. زمين و ساختمان نگين شهرري,79,306678,15640535880,51000,51000,51000,0,0.0,51000,0,0.0,50820,51000,1399-6-16
515,اخزا812,اسنادخزانه-م12بودجه98-001111,78,243655,191975682004,790014,786155,791000,986,0.12,787900,-2114,-0.27,785023,792999,1399-6-16
516,دشيمي,شيمي‌ داروئي‌ داروپخش‌,77,73904,4198722840,59790,56820,56810,-2980,-4.98,59520,-270,-0.45,56810,56820,1399-6-16
517,اخزا703,اسنادخزانه-م3بودجه97-990721,76,107082,105189365194,982239,982500,982999,760,0.08,982325,86,0.01,973814,983200,1399-6-16
518,خزر,فنرسازي‌زر,74,138529,1322951950,10050,9550,9550,-500,-4.98,10040,-10,-0.1,9550,9550,1399-6-16
519,دقاضي,داروسازي شهيد قاضي,73,16833,1708699411,103509,101751,100404,-3105,-3.0,103335,-174,-0.17,100404,106000,1399-6-16
520,سخند,صندوق س.سپهرخبرگان نفت-د,72,327480,3285035980,10187,10100,10049,-138,-1.35,10031,-156,-1.53,10000,10100,1399-6-16
521,فلوله,لوله‌وماشين‌سازي‌ايران‌,72,93392,2732649920,30790,29260,29260,-1530,-4.97,30700,-90,-0.29,29260,29260,1399-6-16
522,زشريف,كشت وصنعت شريف آباد,71,55372,1591335908,30251,28739,28739,-1512,-5.0,30200,-51,-0.17,28739,28739,1399-6-16
523,زگلدشت,كشت و دام گلدشت نمونه اصفهان,70,81536,3549262080,45821,43530,43530,-2291,-5.0,45649,-172,-0.38,43530,43530,1399-6-16
524,وبهمن,سرمايه‌گذاري‌بهمن‌,70,129230,2690568600,21910,20820,20820,-1090,-4.97,21850,-60,-0.27,20820,20820,1399-6-16
525,ولانا,شركت ليزينگ آريا دانا,70,290890,8145210890,28867,28001,28001,-866,-3.0,28497,-370,-1.28,28001,28001,1399-6-16
526,سكرد,سيمان كردستان,68,101968,1177730400,12150,11550,11550,-600,-4.94,12140,-10,-0.08,11550,11550,1399-6-16
527,اخزا811,اسنادخزانه-م11بودجه98-001013,67,84026,67232620337,797995,796002,809379,11384,1.43,800141,2146,0.27,796002,809379,1399-6-16
528,ختور,رادياتور ايران‌,67,30549,1205463540,41530,39460,39460,-2070,-4.98,41480,-50,-0.12,39460,39460,1399-6-16
529,خوساز,محورسازان‌ايران‌خودرو,67,192796,2010862280,10970,10430,10430,-540,-4.92,10950,-20,-0.18,10430,10430,1399-6-16
530,بنيرو,نيروترانس‌,66,59839,4389789040,77220,73360,73360,-3860,-5.0,76860,-360,-0.47,73360,73360,1399-6-16
531,قلرست,قند لرستان‌,66,174324,4847950440,29270,27810,27810,-1460,-4.99,29120,-150,-0.51,27810,27810,1399-6-16
532,قپيرا,فرآورده‌هاي‌غدايي‌وقندپيرانشهر,65,115177,9410800340,85970,81700,81680,-4290,-4.99,85120,-850,-0.99,81680,83970,1399-6-16
533,دروز,داروسازي‌ روزدارو,65,130784,2787222110,22150,21250,21050,-1100,-4.97,22100,-50,-0.23,21050,22000,1399-6-16
534,حپترو,حمل و نقل پتروشيمي( سهامي عام,64,30162,934272660,32590,30970,30970,-1620,-4.97,32560,-30,-0.09,30970,31160,1399-6-16
535,وآتوس,س.آرين توسكا قيمت اسمي 350ريال,64,570518,15342370056,26109,26892,26892,783,3.0,26677,568,2.18,26892,26892,1399-6-16
536,خكاوه,سايپا ديزل,64,273726,1962341694,7390,7169,7169,-221,-2.99,7367,-23,-0.31,7169,7169,1399-6-16
537,شكف,كف,64,276743,10010901282,35465,36174,36174,709,2.0,36134,669,1.89,36174,36174,1399-6-16
538,بسويچ,پارس‌سويچ‌,64,39558,1939133160,51590,49020,49020,-2570,-4.98,51480,-110,-0.21,49020,49020,1399-6-16
539,كيسون,شركت كيسون,63,133089,3089661135,23932,23215,23215,-717,-3.0,23885,-47,-0.2,23215,23215,1399-6-16
540,كهرام,توليدي گرانيت بهسرام,63,298900,16157338400,52482,54056,54056,1574,3.0,53659,1177,2.24,54056,54056,1399-6-16
541,ختراك,ريخته‌گري‌ تراكتورسازي‌ ايران‌,63,112691,2522024580,23550,22380,22380,-1170,-4.97,23490,-60,-0.25,22380,22380,1399-6-16
542,كپرور,فرآوري زغال سنگ پروده طبس,63,90950,4173240750,48299,45885,45885,-2414,-5.0,48085,-214,-0.44,45885,45885,1399-6-16
543,اعتلا,شركت سرمايه گذاري اعتلاء البرز,62,366762,4891138032,14037,13336,13336,-701,-4.99,13964,-73,-0.52,13336,13336,1399-6-16
544,اخزا816,اسنادخزانه-م16بودجه98-010503,62,92177,66638159959,720306,720500,723000,2694,0.37,722937,2631,0.37,720350,724499,1399-6-16
545,لازما,كارخانه هاي صنعتي آزمايش,62,134214,4369336770,33219,32555,32555,-664,-2.0,32922,-297,-0.89,32555,32555,1399-6-16
546,سغرب,سيمان‌غرب‌,61,60944,1389523200,24000,22800,22800,-1200,-5.0,23960,-40,-0.17,22800,22800,1399-6-16
547,فنوال,نورد آلومينيوم‌,61,63388,2371345080,39370,37410,37410,-1960,-4.98,39270,-100,-0.25,37410,37410,1399-6-16
548,خكمك,كمك‌فنرايندامين‌,61,53335,3100896900,61190,58140,58140,-3050,-4.98,60990,-200,-0.33,58140,58140,1399-6-16
549,واعتبار,سرمايه گذاري اعتبار ايران,60,279916,2233729680,8400,7980,7980,-420,-5.0,8380,-20,-0.24,7980,7980,1399-6-16
550,كگاز,شيشه‌ و گاز,60,53672,1360585200,26680,25350,25350,-1330,-4.99,26640,-40,-0.15,25350,25350,1399-6-16
551,خلنت,لنت‌ ترمزايران‌,59,11698,1124762700,101210,96150,96150,-5060,-5.0,101090,-120,-0.12,96150,96150,1399-6-16
552,زبينا,كشاورزي و دامپروري بينالود,57,44986,2616700662,61228,58167,58167,-3061,-5.0,61059,-169,-0.28,58167,58167,1399-6-16
553,اخزا809,اسنادخزانه-م9بودجه98-000923,56,60036,48312292259,805034,802141,805150,116,0.01,804722,-312,-0.04,802141,807998,1399-6-16
554,ساراب,سيمان‌ داراب‌,55,112230,1470213000,13780,13100,13100,-680,-4.93,13760,-20,-0.15,13100,13100,1399-6-16
555,ضسپا8022,اختيارخ خساپا-3200-1399/08/26,55,692,393057000,617,627,600,-17,-2.76,568,-49,-7.94,431,700,1399-6-16
556,ساربيل,سيمان آرتا اردبيل,55,11864,1367800560,121350,115290,115290,-6060,-4.99,121170,-180,-0.15,115290,115290,1399-6-16
557,غشاذر,پگاه‌آذربايجان‌غربي‌,55,77309,1734813960,23620,22440,22440,-1180,-5.0,23580,-40,-0.17,22440,22440,1399-6-16
558,غچين,كشت‌ و صنعت‌ چين‌ چين,54,66511,3690030280,58390,55480,55480,-2910,-4.98,58160,-230,-0.39,55480,55480,1399-6-16
559,گپارس,امور رفاهي كارگزاران پارس,53,114525,10184250150,86336,88926,88926,2590,3.0,87555,1219,1.41,88926,88926,1399-6-16
560,ثپرديس,سرمايه گذاري مسكن پرديس,53,95082,1331052918,14735,13999,13999,-736,-4.99,14714,-21,-0.14,13999,13999,1399-6-16
561,اخزا806,اسنادخزانه-م6بودجه98-000519,53,100869,86130546044,853684,853680,854000,316,0.04,853885,201,0.02,849747,859000,1399-6-16
562,اخزا818,اسنادخزانه-م18بودجه98-010614,52,53481,37894229239,704889,706010,709000,4111,0.58,708555,3666,0.52,706010,709698,1399-6-16
563,آريان,سرمايه گذاري پارس آريان,52,98808,1732697088,18458,17536,17536,-922,-5.0,18441,-17,-0.09,17536,17536,1399-6-16
564,بساما,بيمه سامان,50,223872,6651237120,31273,29710,29710,-1563,-5.0,31054,-219,-0.7,29710,29710,1399-6-16
565,فن آوا,گروه فن آوا,49,244233,3542357565,14800,14504,14504,-296,-2.0,14693,-107,-0.72,14504,14505,1399-6-16
566,شكبير,پتروشيمي اميركبير,48,25811,1613781153,64456,62523,62523,-1933,-3.0,64421,-35,-0.05,62523,62523,1399-6-16
567,ضجار7022,اختيارخ وتجارت-2800-1399/07/22,48,1016,806633000,862,1299,700,-162,-18.79,794,-68,-7.89,700,1299,1399-6-16
568,فنرژي,گسترش صنايع انرژي آذرآب,48,206510,2337527982,11546,11773,11316,-230,-1.99,11492,-54,-0.47,11316,11773,1399-6-16
569,سكه9912پ04,سكه تمام بهارتحويل1روزه صادرات,48,54300,61442296200,1120331,1131534,1131534,11203,1.0,1131534,11203,1.0,1131534,1131534,1399-6-16
570,فسا,پتروشيمي فسا,48,196425,592221375,3108,3015,3015,-93,-2.99,3105,-3,-0.1,3015,3015,1399-6-16
571,وثوق,سرمايه گذاري وثوق امين,47,44765,714717990,16459,15966,15966,-493,-3.0,16441,-18,-0.11,15966,15966,1399-6-16
572,حسير,ريل سير كوثر,46,58651,1578005155,28321,26905,26905,-1416,-5.0,28273,-48,-0.17,26905,26905,1399-6-16
573,ضملي8077,اختيارخ فملي -29750-1399/08/06,45,198,1874274000,8508,10308,9000,492,5.78,9466,958,11.26,8001,10600,1399-6-16
574,زير0003پ01,زيره سبز0003كيميابذر(پ),45,1781,874664283,486281,510595,510500,24219,4.98,491109,4828,0.99,461967,510595,1399-6-16
575,ثامان,سامان‌ گستراصفهان‌,45,63846,1425681180,23500,22330,22330,-1170,-4.98,23460,-40,-0.17,22330,22330,1399-6-16
576,بشهاب,لامپ‌  پارس‌ شهاب‌,43,20993,1546974170,77560,73690,73690,-3870,-4.99,77430,-130,-0.17,73690,73690,1399-6-16
577,استارز,ص.ج.ستاره برتر20%تاديه,43,71550,14310000000,200000,200000,200000,0,0.0,200000,0,0.0,200000,200000,1399-6-16
578,دفرا,فرآورده‌هاي‌ تزريقي‌ ايران‌,42,48099,1367454570,29920,28430,28430,-1490,-4.98,29880,-40,-0.13,28430,28430,1399-6-16
579,وبرق,س.کارکنان صنعت برق زنجان وقزوي,42,4226,937893084,228797,221934,221934,-6863,-3.0,228463,-334,-0.15,221934,221934,1399-6-16
580,ضجار7023,اختيارخ وتجارت-3000-1399/07/22,42,1372,996520000,642,1090,650,8,1.25,726,84,13.08,600,1090,1399-6-16
581,تكنار,مجتمع معادن مس تكنار,41,91789,6064958175,64151,66075,66075,1924,3.0,64697,546,0.85,66075,66075,1399-6-16
582,افرا,افرانت,41,64272,4659527184,76312,72497,72497,-3815,-5.0,75937,-375,-0.49,72497,72497,1399-6-16
583,فبيرا,بسته‌ بندي‌ ايران‌,41,484695,2646434700,5628,5460,5460,-168,-2.99,5605,-23,-0.41,5460,5460,1399-6-16
584,غشصفا,شيرپاستوريزه‌پگاه‌اصفهان‌,41,40446,1191737190,30990,29500,29450,-1540,-4.97,30950,-40,-0.13,29450,29500,1399-6-16
585,اخزا813,اسنادخزانه-م13بودجه98-010219,41,22496,16857841233,745675,746614,751000,5325,0.71,749371,3696,0.5,746613,751500,1399-6-16
586,اخزا807,اسنادخزانه-م7بودجه98-000719,41,89779,74467219077,826978,825151,829000,2022,0.24,829450,2472,0.3,825150,839533,1399-6-16
587,ارمغان,ص سرمايه گذاري ارمغان ايرانيان,41,133929,1341788170,10190,10090,10030,-160,-1.57,10020,-170,-1.67,10010,10090,1399-6-16
588,وحافظ,بيمه حافظ,40,44715,2642030490,60913,59086,59086,-1827,-3.0,60663,-250,-0.41,59086,59086,1399-6-16
589,دسينا,داروسازي‌ سينا,40,27589,924231500,35260,33500,33500,-1760,-4.99,35230,-30,-0.09,33500,33500,1399-6-16
590,دكوثر,داروسازي‌ كوثر,39,33742,961309580,29980,28490,28490,-1490,-4.97,29950,-30,-0.1,28490,28490,1399-6-16
591,پاسا,ايران‌ياساتايرورابر,39,25907,637830340,25910,24620,24620,-1290,-4.98,25890,-20,-0.08,24620,24620,1399-6-16
592,كاسپين,داروسازي كاسپين تامين,38,58284,1674907308,30249,28737,28737,-1512,-5.0,30196,-53,-0.18,28737,28737,1399-6-16
593,ضجار7016,اختيارخ وتجارت-1800-1399/07/22,38,462,757632000,1525,1800,1700,175,11.48,1640,115,7.54,1501,1850,1399-6-16
594,لبوتان,گروه‌صنعتي‌بوتان‌,37,50225,4133517500,86630,82300,82300,-4330,-5.0,86250,-380,-0.44,82300,82300,1399-6-16
595,فجام,جام‌دارو,36,47022,2842479900,63630,60450,60450,-3180,-5.0,63440,-190,-0.3,60450,60450,1399-6-16
596,وثنو,سرمايه گذاري ساختماني نوين,36,43283,809868213,19289,18711,18711,-578,-3.0,19265,-24,-0.12,18711,18711,1399-6-16
597,ثالوند,سرمايه گذاري مسكن الوند,36,49385,762010550,16242,15430,15430,-812,-5.0,16229,-13,-0.08,15430,15430,1399-6-16
598,ضخود7056,اختيارخ خودرو-3800-1399/07/09,36,362,220072000,851,1590,450,-401,-47.12,608,-243,-28.55,450,1590,1399-6-16
599,چفيبر,فيبر ايران‌,35,170559,1929022290,11900,11310,11310,-590,-4.96,11880,-20,-0.17,11310,11310,1399-6-16
600,ضخوز7028,اختيارخ فخوز-43470-1399/07/20,35,129,1146250000,9862,10000,9000,-862,-8.74,8886,-976,-9.9,7000,12000,1399-6-16
601,غبهار,كشت وصنعت بهاران گلبهار خراسان,35,59061,2469045105,43097,41805,41805,-1292,-3.0,42932,-165,-0.38,41805,41805,1399-6-16
602,غپاك,لبنيات‌ پاك‌,34,58488,1006578480,18110,17210,17210,-900,-4.97,18090,-20,-0.11,17210,17210,1399-6-16
603,كلوند,كاشي‌ الوند,34,63089,1659871590,27690,26310,26310,-1380,-4.98,27640,-50,-0.18,26310,26310,1399-6-16
604,چافست,افست‌,34,70349,1849475210,27670,26290,26290,-1380,-4.99,27620,-50,-0.18,26290,26290,1399-6-16
605,ضغدر8043,اختيارخ وغدير-16000-1399/08/26,33,313,1176936000,4232,4301,3500,-732,-17.3,3760,-472,-11.15,3500,4310,1399-6-16
606,كابگن,توليدي و صنعتي آبگينه‌,33,235525,1031599500,4337,4380,4380,43,0.99,4346,9,0.21,4380,4380,1399-6-16
607,سكه0011پ02,سكه تمام بهارتحويلي 1روزه ملت,33,43000,48655962000,1120331,1131534,1131534,11203,1.0,1131534,11203,1.0,1131534,1131534,1399-6-16
608,جهرم,پتروشيمي جهرم,32,101807,340035380,3443,3340,3340,-103,-2.99,3441,-2,-0.06,3340,3340,1399-6-16
609,آكورد2,صندوق س. آرمان آتي كوثر-د,32,3200000,3200000,28423,1,1,-28422,-100.0,1,-28422,-100.0,1,1,1399-6-16
610,ثاباد,توريستي ورفاهي آبادگران ايران,32,822008,27455067200,35150,33400,33400,-1750,-4.98,34140,-1010,-2.87,33400,33400,1399-6-16
611,ثشرق,سرمايه گذاري مسكن شمال شرق,32,104472,769958640,7750,7370,7370,-380,-4.9,7740,-10,-0.13,7370,7370,1399-6-16
612,سفاسي,شركت فارسيت اهواز,32,88922,1016734148,11787,11434,11434,-353,-2.99,11768,-19,-0.16,11434,11434,1399-6-16
613,سفار,سيمان‌فارس‌,31,5340,573195600,112980,107340,107340,-5640,-4.99,112910,-70,-0.06,107340,107340,1399-6-16
614,كسعدي,كاشي‌ سعدي‌,31,19762,1300537220,69270,65810,65810,-3460,-4.99,69170,-100,-0.14,65810,65810,1399-6-16
615,لپيام,گسترش صنايع پيام,31,19773,631865988,32608,31956,31956,-652,-2.0,32566,-42,-0.13,31956,31956,1399-6-16
616,سكرما,سيمان‌ كرمان‌,31,70276,1278320440,19140,18190,18190,-950,-4.96,19110,-30,-0.16,18190,18190,1399-6-16
617,كقزوي,شيشه‌ قزوين‌,31,51708,550017996,10965,10637,10637,-328,-2.99,10956,-9,-0.08,10637,10637,1399-6-16
618,سخزر,سيمان‌ خزر,30,19583,677963460,36440,34620,34620,-1820,-4.99,36410,-30,-0.08,34620,34620,1399-6-16
619,سكه0112پ03,سكه تمام بهارتحويلي1روزه سامان,30,24100,27269969400,1120331,1131534,1131534,11203,1.0,1131534,11203,1.0,1131534,1131534,1399-6-16
620,سكارون,سيمان كارون,30,154955,18995158675,129036,122585,122585,-6451,-5.0,122585,-6451,-5.0,122585,122585,1399-6-16
621,سكه0012پ01,سكه تمام بهارتحويلي 1روزه رفاه,30,28000,31682952000,1120331,1131534,1131534,11203,1.0,1131534,11203,1.0,1131534,1131534,1399-6-16
622,ضجار7018,اختيارخ وتجارت-2000-1399/07/22,29,469,677769000,1335,1501,1410,75,5.62,1445,110,8.24,1122,1700,1399-6-16
623,شمواد,توليد مواداوليه الياف مصنوعي,29,36706,2381999164,66901,64894,64894,-2007,-3.0,66652,-249,-0.37,64894,64894,1399-6-16
624,ضجار7025,اختيارخ وتجارت-3400-1399/07/22,29,959,748135000,900,871,600,-300,-33.33,780,-120,-13.33,600,871,1399-6-16
625,زعف9908پ16,زعفران9908نگين بيرجند(پ),29,18436,1808649350,98155,98900,97700,-455,-0.46,98104,-51,-0.05,97000,98900,1399-6-16
626,اوصتا,صندوق انديشه ورزان صباتامين -د,28,73721,1216623120,16496,16499,16545,49,0.3,16503,7,0.04,16499,16545,1399-6-16
627,چكاوه,صنايع‌كاغذسازي‌كاوه‌,28,29192,1115426320,40220,38210,38210,-2010,-5.0,40170,-50,-0.12,38210,38210,1399-6-16
628,زعف9908پ05,زعفران9908نگين زرين(پ),28,8116,796339543,98082,99994,97800,-282,-0.29,98120,38,0.04,97001,99994,1399-6-16
629,داراب,پتروشيمي داراب,27,136704,429797376,3241,3144,3144,-97,-2.99,3239,-2,-0.06,3144,3144,1399-6-16
630,خچرخش,چرخشگر,27,68728,1492772160,22860,21720,21720,-1140,-4.99,22820,-40,-0.17,21720,21720,1399-6-16
631,زعف9908پ11,زعفران9908نگين سحرخيز(پ),26,2606,260617346,101738,100000,101295,-443,-0.44,100007,-1731,-1.7,97011,101789,1399-6-16
632,غپآذر,شير پگاه آذربايجان شرقي,26,10842,607954308,59025,56074,56074,-2951,-5.0,58987,-38,-0.06,56074,56074,1399-6-16
633,فالوم,آلومتك‌,26,26541,978460506,38006,36866,36866,-1140,-3.0,37948,-58,-0.15,36866,36866,1399-6-16
634,وپسا,س. پتروشيمي ساختمان  خليج فارس,26,131575,699847425,5483,5319,5319,-164,-2.99,5477,-6,-0.11,5319,5319,1399-6-16
635,غمهرا,توليدي‌مهرام‌,26,37227,3974327820,112360,106750,106750,-5610,-4.99,111890,-470,-0.42,106750,110000,1399-6-16
636,تكنو,تكنوتار,26,48542,715023660,15500,14730,14730,-770,-4.97,15490,-10,-0.06,14730,14730,1399-6-16
637,اخزا721,اسنادخزانه-م21بودجه97-000728,26,17180,14185286603,824922,811122,827000,2078,0.25,825686,764,0.09,811122,827000,1399-6-16
638,كتوكا,توليدي و خدمات صنايع نسوز توكا,25,10279,1578432961,161641,153559,153559,-8082,-5.0,161372,-269,-0.17,153559,153559,1399-6-16
639,سصفها,سيمان‌اصفهان‌,25,17874,2324871180,136910,130070,130070,-6840,-5.0,136570,-340,-0.25,130070,130070,1399-6-16
640,سشمال,سيمان‌ شمال‌,24,92561,1209772270,13750,13070,13070,-680,-4.95,13730,-20,-0.15,13070,13070,1399-6-16
641,زعف9908پ13,زعفران9908پوشالمعمول روستا(پ),24,6596,440560060,66370,67800,66800,430,0.65,66792,422,0.64,63110,67000,1399-6-16
642,كشرق,صنعتي و معدني شمال شرق شاهرود,24,15513,1336351872,90677,86144,86144,-4533,-5.0,90549,-128,-0.14,86144,86144,1399-6-16
643,زعف9908پ14,زعفران9908پوشالمعمول نوين(پ),24,3437,227078541,65784,67500,66900,1116,1.7,66069,285,0.43,64050,68530,1399-6-16
644,ضملي8076,اختيارخ فملي -27750-1399/08/06,23,93,992625000,9807,11500,10000,193,1.97,10673,866,8.83,9000,12000,1399-6-16
645,سيلام,سيمان‌ ايلام‌,23,47966,518992120,11380,10820,10820,-560,-4.92,11370,-10,-0.09,10820,10820,1399-6-16
646,سنير,سيمان‌ سفيد ني‌ريز,23,8439,783983100,97780,92900,92900,-4880,-4.99,97700,-80,-0.08,92900,92900,1399-6-16
647,وآفري,بيمه كارآفرين,23,782838,9248448132,11470,11814,11814,344,3.0,11624,154,1.34,11814,11814,1399-6-16
648,ضملي8082,اختيارخ فملي-39750-1399/08/06,23,88,378786000,4828,4030,4200,-628,-13.01,4304,-524,-10.85,4020,4800,1399-6-16
649,وارس,سرمايه گذاري ارس صبا,22,101673,12517064703,126918,123111,123111,-3807,-3.0,124386,-2532,-1.99,123111,123111,1399-6-16
650,لخزر,پارس‌ خزر,22,3222,730362960,238610,226680,226680,-11930,-5.0,238420,-190,-0.08,226680,226680,1399-6-16
651,افران2,صندوق س افرا نماد پايدار-ثابت,22,2200000,2200000,11670,1,1,-11669,-99.99,1,-11669,-99.99,1,1,1399-6-16
652,لخانه,لوازم‌ خانگي‌ پارس‌,21,16593,968118585,60149,58345,58345,-1804,-3.0,60059,-90,-0.15,58345,58345,1399-6-16
653,كطبس,ذغال‌سنگ‌ نگين‌ ط‌بس‌,21,14731,797241720,56960,54120,54120,-2840,-4.99,56910,-50,-0.09,54120,54120,1399-6-16
654,اخزا716,اسنادخزانه-م16بودجه97-000407,20,17404,15128584380,867155,866032,872966,5811,0.67,869259,2104,0.24,866032,872966,1399-6-16
655,ضجار7031,اختيارخ وتجارت-4600-1399/07/22,20,238,69218000,327,282,231,-96,-29.36,291,-36,-11.01,203,399,1399-6-16
656,غگلپا,شير پاستوريزه پگاه گلپايگان,20,9486,707057982,78459,74537,74537,-3922,-5.0,78401,-58,-0.07,74537,74537,1399-6-16
657,كصدف,كاشي صدف سرام استقلال آباده,20,53583,732908274,13410,13678,13678,268,2.0,13429,19,0.14,13678,13678,1399-6-16
658,ثاژن,سخت آژند,20,175150,1920694900,11189,10966,10966,-223,-1.99,11145,-44,-0.39,10966,10966,1399-6-16
659,شرنگي,شيميايي رنگين,20,16297,2053422000,126318,126000,126000,-318,-0.25,126285,-33,-0.03,126000,126000,1399-6-16
660,نتوس,پشم‌ بافي‌ توس,20,29281,321154008,11307,10968,10968,-339,-3.0,11301,-6,-0.05,10968,10968,1399-6-16
661,نمرينو,ايران‌ مرينوس‌,19,77801,6319775230,77370,81230,81230,3860,4.99,77830,460,0.59,81230,81230,1399-6-16
662,زير0003پ02,زيره سبز0003 دانش(پ),19,394,182511318,473131,461967,462000,-11131,-2.35,463227,-9904,-2.09,461967,495000,1399-6-16
663,ضغدر8044,اختيارخ وغدير-17000-1399/08/26,19,273,1026357000,3684,5600,2800,-884,-24.0,3760,76,2.06,2800,5600,1399-6-16
664,اخزا821,اسنادخزانه-م21بودجه98-020906,19,7259,4219525278,581330,578000,581330,0,0.0,581282,-48,-0.01,578000,584850,1399-6-16
665,معيار,سرمايه گذاري معيار صنعت پارس,19,24200,729847800,29568,30159,30159,591,2.0,29609,41,0.14,30159,30159,1399-6-16
666,ساذري,آذريت‌,19,8371,1353038214,156927,161634,161634,4707,3.0,157236,309,0.2,161634,161634,1399-6-16
667,سقاين,سيمان‌ قائن‌,18,6923,314165740,47760,45380,45380,-2380,-4.98,47740,-20,-0.04,45380,45380,1399-6-16
668,ضغدر8046,اختيارخ وغدير-19000-1399/08/26,18,197,603556000,3500,3000,3050,-450,-12.86,3064,-436,-12.46,3000,3190,1399-6-16
669,ثغرب,شركت سرمايه گذاري مسكن شمالغرب,17,42817,592159110,14557,13830,13830,-727,-4.99,14548,-9,-0.06,13830,13830,1399-6-16
670,ضجار7024,اختيارخ وتجارت-3200-1399/07/22,17,209,122687000,648,850,570,-78,-12.04,587,-61,-9.41,500,850,1399-6-16
671,خفنر,فنرسازي‌خاور,17,10186,205451620,21230,20170,20170,-1060,-4.99,21230,0,0.0,20170,20170,1399-6-16
672,صخود412,ص مرابحه خودرو412- 3ماهه 18%,17,50200,50154285600,990430,985009,999000,8570,0.87,999089,8659,0.87,985009,1000000,1399-6-16
673,خموتور,موتورسازان‌تراكتورسازي‌ايران‌,17,25368,337901760,14020,13320,13320,-700,-4.99,14020,0,0.0,13320,13320,1399-6-16
674,زعف9908پ15,زعفران9908پوشالمعمول طلاسرخ(پ),16,1127,76436177,65719,66000,66000,281,0.43,67823,2104,3.2,66000,69000,1399-6-16
675,اشاد10,مشاركت دولتي10-شرايط خاص001226,16,30200,29360435600,973161,950010,973989,828,0.09,972200,-961,-0.1,950009,974000,1399-6-16
676,ضصاد8012,اختيارخ وبصادر-2800-1399/08/11,16,128,138150000,1196,1200,1199,3,0.25,1079,-117,-9.78,700,1200,1399-6-16
677,تپمپي,پمپ‌ سازي‌ ايران‌,16,7993,396213010,52170,49570,49570,-2600,-4.98,52150,-20,-0.04,49570,49570,1399-6-16
678,ضملي8087,اختيارخ فملي-59750-1399/08/06,16,197,258515000,1369,1300,1300,-69,-5.04,1312,-57,-4.16,1300,1400,1399-6-16
679,ضصاد8000,اختيارخ وبصادر-1200-1399/08/11,15,60,151021000,2268,2550,2200,-68,-3.0,2517,249,10.98,2200,2650,1399-6-16
680,قمرو,قند مرودشت‌,15,2923,103824960,37380,35520,35520,-1860,-4.98,37380,0,0.0,35520,35520,1399-6-16
681,ثزاگرس,سرمايه گذاري توسعه عمران زاگرس,15,24034,593279290,25448,24685,24685,-763,-3.0,25424,-24,-0.09,24685,24685,1399-6-16
682,كرونا2,تامين مالي جمعي صرفا اهداي سود,15,8029,80290000,10000,10000,10000,0,0.0,10000,0,0.0,10000,10000,1399-6-16
683,مداران,داده‌پردازي‌ايران‌,15,5050,178770000,37260,35400,35400,-1860,-4.99,37250,-10,-0.03,35400,35400,1399-6-16
684,اخزا704,اسنادخزانه-م4بودجه97-991022,15,3020,2853590000,945303,945000,945000,-303,-0.03,944897,-406,-0.04,942000,945000,1399-6-16
685,ضملي8085,اختيارخ فملي-51750-1399/08/06,14,174,345800000,2723,2000,2000,-723,-26.55,1987,-736,-27.03,1900,2000,1399-6-16
686,ضصاد8017,اختيارخ وبصادر-3800-1399/08/11,14,256,198498000,675,1199,600,-75,-11.11,775,100,14.81,600,950,1399-6-16
687,ضخود7068,اختيارخ خودرو-8000-1399/07/09,14,290,17724000,78,90,52,-26,-33.33,61,-17,-21.79,50,98,1399-6-16
688,فسديد,لوله‌وتجهيزات‌ سديد - ورشكسته,14,12723,1406298636,109438,110532,110532,1094,1.0,109742,304,0.28,110532,110532,1399-6-16
689,خنصير,مهندسي‌نصيرماشين‌,14,26770,1379190400,54230,51520,51520,-2710,-5.0,54150,-80,-0.15,51520,51520,1399-6-16
690,سفارود,كارخانه فارسيت درود,14,31000,216380000,7122,6980,6980,-142,-1.99,7119,-3,-0.04,6980,6980,1399-6-16
691,ضسپا8033,اختيارخ خساپا-6000-1399/08/26,13,133,40873000,320,600,349,29,9.06,307,-13,-4.06,250,600,1399-6-16
692,شرق1400,مشاركت ليزينگ ايران وشرق140010,13,690,701970174,999639,1010000,1020000,20361,2.04,1017348,17709,1.77,1001000,1099602,1399-6-16
693,ثاصفا,شركت‌ ساختمان‌ اصفهان‌,13,38759,931146216,24767,24024,24024,-743,-3.0,24731,-36,-0.15,24024,24024,1399-6-16
694,صايند2,صندوق س. گنجينه آينده روشن-د,13,1300000,1300000,10009,1,1,-10008,-99.99,1,-10008,-99.99,1,1,1399-6-16
695,اخزا804,اسنادخزانه-م4بودجه98-000421,13,8934,7734655743,863919,864000,864000,81,0.01,865755,1836,0.21,864000,866950,1399-6-16
696,فافزا,فولاد افزا سپاهان,13,4515,211238790,49248,46786,46786,-2462,-5.0,49221,-27,-0.05,46786,46786,1399-6-16
697,كپشير,پشم‌شيشه‌ايران‌,13,2990,159217500,56050,53250,53250,-2800,-5.0,56040,-10,-0.02,53250,53250,1399-6-16
698,فنورد,نوردوقطعات‌ فولادي‌,12,10206,1216146960,113490,119160,119160,5670,5.0,113620,130,0.11,119160,119160,1399-6-16
699,سخواف,سيمان مجد خواف,12,20000,376320000,19397,18816,18816,-581,-3.0,19386,-11,-0.06,18816,18816,1399-6-16
700,اطلس2,صندوق س.توسعه اندوخته آينده-س,12,120000,120000,203422,1,1,-203421,-100.0,1,-203421,-100.0,1,1,1399-6-16
701,اخزا805,اسنادخزانه-م5بودجه98-000422,12,11757,10145444627,861968,862030,865451,3483,0.4,862928,960,0.11,862030,865451,1399-6-16
702,اخزا624,اسنادخزانه-م24بودجه96-990625,12,512,509118300,992593,994500,995000,2407,0.24,994372,1779,0.18,994200,995000,1399-6-16
703,فمراد,آلومراد,12,1026,155367180,159390,151430,151430,-7960,-4.99,159360,-30,-0.02,151430,151430,1399-6-16
704,اخزا819,اسنادخزانه-م19بودجه98-020322,11,1980,1230515478,618245,620006,622000,3755,0.61,621472,3227,0.52,620006,630000,1399-6-16
705,اخزا722,اسنادخزانه-م22بودجه97-000428,11,2708,2335466802,862500,879995,866543,4043,0.47,862432,-68,-0.01,861870,879995,1399-6-16
706,ضجار7026,اختيارخ وتجارت-3600-1399/07/22,11,159,104089000,582,722,431,-151,-25.95,655,73,12.54,431,722,1399-6-16
707,ضفلا8085,اختيارخ فولاد-16775-1399/08/28,11,27,123820000,4759,4650,4990,231,4.85,4586,-173,-3.64,4000,4990,1399-6-16
708,ضخود7059,اختيارخ خودرو-4400-1399/07/09,10,77,23159000,501,391,264,-237,-47.31,301,-200,-39.92,263,391,1399-6-16
709,اخزا810,اسنادخزانه-م10بودجه98-001006,10,13778,11003012006,799042,796001,800000,958,0.12,798593,-449,-0.06,796001,800000,1399-6-16
710,زنگان,صنعت روي زنگان,10,1321,206521177,164565,156337,156337,-8228,-5.0,164529,-36,-0.02,156337,156337,1399-6-16
711,اخزا713,اسنادخزانه-م13بودجه97-000518,10,1867,1589376327,853176,848036,853535,359,0.04,851300,-1876,-0.22,848036,853550,1399-6-16
712,ثغربح,ح.شركت سرمايه گذاري مسكن شمالغ,10,28127,291246130,10858,10858,10316,-542,-4.99,10355,-503,-4.63,10316,10858,1399-6-16
713,ضخود7055,اختيارخ خودرو-3600-1399/07/09,10,182,114662000,562,652,630,68,12.1,630,68,12.1,600,800,1399-6-16
714,دلقما,دارويي‌ لقمان‌,9,7482,260747700,36680,34850,34850,-1830,-4.99,36670,-10,-0.03,34850,34850,1399-6-16
715,ضجار7021,اختيارخ وتجارت-2600-1399/07/22,9,220,228045000,877,1399,999,122,13.91,1037,160,18.24,800,1399,1399-6-16
716,صايپا908,صكوك مرابحه سايپا908-3ماهه 18%,9,85,85380106,997857,999002,1008900,11043,1.11,1004472,6615,0.66,999000,1008900,1399-6-16
717,قنقش,قند نقش جهان,9,1572,124777500,80994,79375,79375,-1619,-2.0,80973,-21,-0.03,79375,79375,1399-6-16
718,وايرا,سرمايه گذاري صنايع ايران,9,32085,293385240,9426,9144,9144,-282,-2.99,9422,-4,-0.04,9144,9144,1399-6-16
719,زعف9908پ09,زعفران9908نگين نوين(پ),9,1163,112138708,99017,94801,96301,-2716,-2.74,96422,-2595,-2.62,94801,98699,1399-6-16
720,زعف9908پ08,زعفران9908نگين روستا(پ),9,1400,135888100,98452,96801,96850,-1602,-1.63,97063,-1389,-1.41,96801,98300,1399-6-16
721,ضفلا8068,اختيارخ فولاد-4751-1399/08/28,9,34,697243272,15000,14500,14200,-800,-5.33,12753,-2247,-14.98,11100,14500,1399-6-16
722,اشاد9,مشاركت دولتي9-شرايط خاص990909,9,100500,99595747100,999998,991001,991000,-8998,-0.9,991002,-8996,-0.9,991000,991010,1399-6-16
723,ضفلا8060,اختيارخ فولاد-3507-1399/08/28,9,24,557511288,15200,15000,14001,-1199,-7.89,14446,-754,-4.96,14000,15001,1399-6-16
724,پلاست,كارخانجات توليدي پلاستيران,9,2468,105255264,43967,42648,42648,-1319,-3.0,43960,-7,-0.02,42648,42648,1399-6-16
725,صايپا203,صكوك مرابحه سايپا203-3ماهه 16%,9,114,110581440,955384,979990,978000,22616,2.37,970013,14629,1.53,955500,979990,1399-6-16
726,كمند2,صندوق س. با درآمد ثابت كمند,9,145000000,145000000,10220,1,1,-10219,-99.99,1,-10219,-99.99,1,1,1399-6-16
727,ونچر,ص.ج.فيروزه10%تاديه,8,10800,1911632400,160912,177003,177003,16091,10.0,177003,16091,10.0,177003,177003,1399-6-16
728,ضصاد8002,اختيارخ وبصادر-1400-1399/08/11,8,92,209360000,2162,2300,2200,38,1.76,2276,114,5.27,2200,2440,1399-6-16
729,تملي705,تسهيلات مسكن ب. ملي-مرداد97,8,360,65661203,176380,185199,179000,2620,1.49,182392,6012,3.41,179000,185199,1399-6-16
730,اخزا820,اسنادخزانه-م20بودجه98-020806,8,30532,17920627563,586908,588000,586908,0,0.0,586946,38,0.01,586908,588000,1399-6-16
731,ضصاد8019,اختيارخ وبصادر-4200-1399/08/11,8,176,110283000,658,193,600,-58,-8.81,627,-31,-4.71,193,690,1399-6-16
732,ضصاد8018,اختيارخ وبصادر-4000-1399/08/11,8,146,94497000,681,1100,625,-56,-8.22,647,-34,-4.99,625,1100,1399-6-16
733,ضسپا8038,اختيارخ خساپا-8500-1399/08/26,8,42,9151000,112,151,200,88,78.57,218,106,94.64,151,1000,1399-6-16
734,اخزا723,اسنادخزانه-م23بودجه97-000824,8,1205,982197461,813070,814001,816000,2930,0.36,815102,2032,0.25,814001,816000,1399-6-16
735,خعمرا,توسعه و عمران شهرستان نائين,7,44505,606425130,13230,13626,13626,396,2.99,13242,12,0.09,13626,13626,1399-6-16
736,ضصاد8016,اختيارخ وبصادر-3600-1399/08/11,7,206,157314000,880,880,701,-179,-20.34,764,-116,-13.18,701,880,1399-6-16
737,پارتا,مجتمع‌صنعتي‌آرتاويل‌تاير,7,1689,111973944,68346,66296,66296,-2050,-3.0,68339,-7,-0.01,66296,66296,1399-6-16
738,ضجار7015,اختيارخ وتجارت-1700-1399/07/22,7,17,29358000,1639,1720,1800,161,9.82,1727,88,5.37,1700,1800,1399-6-16
739,ضخود7039,اختيارخ خودرو-1500-1399/07/09,7,30,54004000,2096,2200,1701,-395,-18.85,1800,-296,-14.12,1701,2200,1399-6-16
740,غشوكو,شوكو پارس,7,1084,48309544,45944,44566,44566,-1378,-3.0,45941,-3,-0.01,44566,44566,1399-6-16
741,ضجار7030,اختيارخ وتجارت-4400-1399/07/22,6,70,22820000,699,200,333,-366,-52.36,326,-373,-53.36,200,333,1399-6-16
742,ضملي8067,اختيارخ فملي -14750-1399/08/06,6,63,1376500000,20421,20000,22000,1579,7.73,21849,1428,6.99,20000,22000,1399-6-16
743,صايپا112,صكوك مرابحه سايپا112-3ماهه 16%,6,27,27702010,987100,1036455,980000,-7100,-0.72,1026000,38900,3.94,980000,1036455,1399-6-16
744,زعف9908پ17,زعفران9908پوشالمعمول بيرجند(پ),6,497,33239601,65624,68930,63899,-1725,-2.63,66880,1256,1.91,63011,68930,1399-6-16
745,ضفلا8076,اختيارخ فولاد-8775-1399/08/28,6,27,294800000,10163,11000,10400,237,2.33,10919,756,7.44,10400,11000,1399-6-16
746,ضچاد7017,اختيارخ كچاد-14300-1399/07/07,6,54,218000000,3796,4000,4500,704,18.55,4037,241,6.35,4000,4500,1399-6-16
747,ومشان,س. فني و مهندسي مشانير,6,8638,488694850,59552,56575,56575,-2977,-5.0,59475,-77,-0.13,56575,56575,1399-6-16
748,پدرخش,درخشان‌ تهران‌,6,942,207400140,231750,220170,220170,-11580,-5.0,231700,-50,-0.02,220170,220170,1399-6-16
749,ضملي8058,اختيارخ فملي -7750-1399/08/06,6,9,231200000,24964,27000,26000,1036,4.15,25689,725,2.9,20600,28000,1399-6-16
750,طفلا8060,اختيارف فولاد-3507-1399/08/28,5,216,34076736,268,102,95,-173,-64.55,98,-170,-63.43,92,102,1399-6-16
751,ضصاد8001,اختيارخ وبصادر-1300-1399/08/11,5,81,180500000,2148,2400,2000,-148,-6.89,2228,80,3.72,2000,2500,1399-6-16
752,ضفلا8080,اختيارخ فولاد-11775-1399/08/28,5,12,98300000,6529,8500,7800,1271,19.47,8192,1663,25.47,7800,8500,1399-6-16
753,ضصاد8020,اختيارخ وبصادر-4400-1399/08/11,5,114,73630000,596,730,650,54,9.06,646,50,8.39,630,740,1399-6-16
754,ضفلا8079,اختيارخ فولاد-10775-1399/08/28,5,24,218000000,8800,9200,8900,100,1.14,9083,283,3.22,8800,9200,1399-6-16
755,زعف9908پ06,زعفران 9908پوشالمعمول زرين(پ),5,596,40179600,66010,67885,67299,1289,1.95,67415,1405,2.13,67200,67885,1399-6-16
756,ضصاد8015,اختيارخ وبصادر-3400-1399/08/11,5,180,164120000,809,1000,800,-9,-1.11,912,103,12.73,800,1000,1399-6-16
757,عسناسنگ,سلف كنستانتره سنگ آهن سناباد,5,11,74551710,6710927,6777371,6778000,67073,1.0,6777428,66501,0.99,6777371,6778000,1399-6-16
758,ضفلا8081,اختيارخ فولاد-12775-1399/08/28,5,18,145500000,7995,8000,7000,-995,-12.45,8083,88,1.1,7000,8500,1399-6-16
759,صمسكن912,ص دين مسكن جنوب-ماهانه16درصد,5,672,131394416,186226,195524,195537,9311,5.0,195527,9301,4.99,195524,195537,1399-6-16
760,ضفلا8082,اختيارخ فولاد-13775-1399/08/28,5,20,123611000,5800,7000,6000,200,3.45,6181,381,6.57,6000,7000,1399-6-16
761,پست9908-02,پسته فندقي32-30طلاسبززرند9908,5,69,87293826,1280726,1250000,1265337,-15389,-1.2,1265128,-15598,-1.22,1250000,1265357,1399-6-16
762,كيش1402,اجاره س. و توسعه كيش14020820,4,69,71951500,1050000,1050010,1000100,-49900,-4.75,1042775,-7225,-0.69,1000100,1050010,1399-6-16
763,ضپنا7041,اختيارخ رمپنا-29606-1399/07/13,4,10,22000000,15000,2200,2200,-12800,-85.33,2200,-12800,-85.33,2200,2200,1399-6-16
764,ضفلا8087,اختيارخ فولاد-18775-1399/08/28,4,12,42000000,4041,3500,3500,-541,-13.39,3500,-541,-13.39,3500,3500,1399-6-16
765,ضصاد8014,اختيارخ وبصادر-3200-1399/08/11,4,161,144962000,1000,802,901,-99,-9.9,900,-100,-10.0,802,901,1399-6-16
766,ضخود7054,اختيارخ خودرو-3400-1399/07/09,4,34,15880000,512,500,420,-92,-17.97,467,-45,-8.79,420,500,1399-6-16
767,ضجار7010,اختيارخ وتجارت-1200-1399/07/22,4,20,42010000,2106,2200,2001,-105,-4.99,2100,-6,-0.28,2001,2200,1399-6-16
768,ضپار8013,اختيارخ خپارس-2600-1399/08/18,4,6,49500000,9000,9000,8000,-1000,-11.11,8250,-750,-8.33,8000,9000,1399-6-16
769,ضخود7065,اختيارخ خودرو-6500-1399/07/09,4,61,12200000,781,200,200,-581,-74.39,200,-581,-74.39,200,200,1399-6-16
770,ضصاد8008,اختيارخ وبصادر-2000-1399/08/11,4,38,67431000,1702,1899,1650,-52,-3.06,1774,72,4.23,1650,1899,1399-6-16
771,ضصاد8011,اختيارخ وبصادر-2600-1399/08/11,4,170,244100000,1455,1500,1330,-125,-8.59,1436,-19,-1.31,1330,1500,1399-6-16
772,شستا993,اجاره ت.اجتماعي-كاردان991226,4,93,95130000,1025141,1035000,1020000,-5141,-0.5,1022903,-2238,-0.22,1020000,1035000,1399-6-16
773,وسالت,بانك قرض الحسنه رسالت,4,6203,26263502,4151,4234,4234,83,2.0,4151,0,0.0,4234,4234,1399-6-16
774,تملي704,تسهيلات مسكن ب. ملي-تير97,4,17,7826443,438457,460379,460379,21922,5.0,460379,21922,5.0,460379,460379,1399-6-16
775,شتهران,داروسازي تهران شيمي,3,41942,357429724,8195,8522,8522,327,3.99,8206,11,0.13,8522,8522,1399-6-16
776,حرهشا,رهشاد سپاهان (سهامي عام,3,700,42324800,62333,60464,60464,-1869,-3.0,62329,-4,-0.01,60464,60464,1399-6-16
777,ياقوت2,صندوق س ياقوت آگاه-ثابت,3,5200000,5200000,10950,1,1,-10949,-99.99,1,-10949,-99.99,1,1,1399-6-16
778,ضفار8029,اختيارخ فارس-7326-1399/08/06,3,4,53000000,12600,14000,13000,400,3.17,13250,650,5.16,13000,14000,1399-6-16
779,ضغدر8047,اختيارخ وغدير-20000-1399/08/26,3,71,246400000,3354,5000,3400,46,1.37,3470,116,3.46,3400,3500,1399-6-16
780,صينا205,صكوك منفعت سينا دارو-3ماهه 19%,3,10,10563970,1056794,1056000,1056794,0,0.0,1056397,-397,-0.04,1056000,1056794,1399-6-16
781,صخود0004,صكوك رهني خودرو0004- 3ماهه 16%,3,20,19885000,970000,970000,1018500,48500,5.0,994250,24250,2.5,970000,1018500,1399-6-16
782,ضجار7019,اختيارخ وتجارت-2200-1399/07/22,3,30,39300000,1280,1310,1310,30,2.34,1310,30,2.34,1310,1310,1399-6-16
783,سدشت2,صنايع سيمان دشتستان,3,249024,9147564360,36700,36740,36640,-60,-0.16,36734,34,0.09,36640,36740,1399-6-16
784,ضصاد8013,اختيارخ وبصادر-3000-1399/08/11,3,28,28867000,1059,1000,1051,-8,-0.76,1031,-28,-2.64,1000,1051,1399-6-16
785,تابان03,اجاره تابان سپهر14021206,3,52000,50024000000,975000,962000,962000,-13000,-1.33,962000,-13000,-1.33,962000,962000,1399-6-16
786,طسان7050,اختيارف پارسان-11000-99/07/15,3,35,3370000,100,100,70,-30,-30.0,96,-4,-4.0,70,101,1399-6-16
787,ضپنا7045,اختيارخ رمپنا-40407-1399/07/13,3,8,7500000,1000,1000,900,-100,-10.0,937,-63,-6.3,900,1000,1399-6-16
788,اجاد25,اجاره دولتي آپرورش-سپهر991118,3,41,41000164,1000010,1000004,1000004,-6,0.0,1000004,-6,0.0,1000004,1000004,1399-6-16
789,تابا,تابان نيرو سپاهان,3,524,16347752,32840,31198,31198,-1642,-5.0,32839,-1,0.0,31198,31198,1399-6-16
790,آگاس2,صندوق س.هستي بخش آگاه-س,3,300000,300000,306010,1,1,-306009,-100.0,1,-306009,-100.0,1,1,1399-6-16
791,ضسپا8016,اختيارخ خساپا-2000-1399/08/26,3,72,108000000,1140,1500,1500,360,31.58,1500,360,31.58,1500,1500,1399-6-16
792,زعف9908پ12,زعفران9908پوشالمعمول سحرخيز(پ),3,105,7252665,63500,69073,69073,5573,8.78,69073,5573,8.78,69073,69073,1399-6-16
793,صايپا012,صكوك مرابحه سايپا012-3ماهه 16%,3,2039,2058044110,995000,975490,1010000,15000,1.51,1009340,14340,1.44,975490,1010000,1399-6-16
794,ضخوز7027,اختيارخ فخوز-39470-1399/07/20,3,8,97200000,12576,11600,12500,-76,-0.6,12150,-426,-3.39,11500,12500,1399-6-16
795,ضپنا7039,اختيارخ رمپنا-25556-1399/07/13,3,64,318900000,5868,4000,4950,-918,-15.64,4983,-885,-15.08,4000,5000,1399-6-16
796,ضخود7057,اختيارخ خودرو-4000-1399/07/09,3,12,4878000,401,404,444,43,10.72,406,5,1.25,403,444,1399-6-16
797,پست9908-08,پسته فندقي32-30زرينمه ولات9908,3,117,142352730,1236018,1216690,1216690,-19328,-1.56,1216690,-19328,-1.56,1216690,1216690,1399-6-16
798,رنيكح,ح.جنرال مكانيك,3,1093,30815100,29402,28800,27950,-1452,-4.94,28193,-1209,-4.11,27950,28800,1399-6-16
799,صايپا998,صكوك مرابحه سايپا998-3ماهه 18%,3,15,14974000,994950,994950,994950,0,0.0,998267,3317,0.33,994950,1004900,1399-6-16
800,ضملي8083,اختيارخ فملي-43750-1399/08/06,2,20,60000000,3000,3000,3000,0,0.0,3000,0,0.0,3000,3000,1399-6-16
801,ضخود7044,اختيارخ خودرو-2000-1399/07/09,2,24,40900000,1973,1720,1700,-273,-13.84,1704,-269,-13.63,1700,1720,1399-6-16
802,تملي801,تسهيلات مسكن ب. ملي-فروردين98,2,3,664499,214355,214355,225072,10717,5.0,221500,7145,3.33,214355,225072,1399-6-16
803,ضچاد7025,اختيارخ كچاد-26000-1399/07/07,2,32,25600000,437,790,800,363,83.07,800,363,83.07,800,800,1399-6-16
804,ضفلا8088,اختيارخ فولاد-19775-1399/08/28,2,11,57446000,3420,5399,3456,36,1.05,5222,1802,52.69,3456,5399,1399-6-16
805,ضپار8019,اختيارخ خپارس-3800-1399/08/18,2,2,16500000,7707,8000,8500,793,10.29,8250,543,7.05,8000,8500,1399-6-16
806,ضملي8072,اختيارخ فملي -19750-1399/08/06,2,11,192000000,13100,18000,12000,-1100,-8.4,17455,4355,33.24,12000,18000,1399-6-16
807,ضفلا8075,اختيارخ فولاد-8275-1399/08/28,2,15,210000000,14000,14000,14000,0,0.0,14000,0,0.0,14000,14000,1399-6-16
808,شگامرن,مجتمع پترو صنعت گامرون,2,84000,20160000000,277000,240000,240000,-37000,-13.36,240000,-37000,-13.36,240000,240000,1399-6-16
809,ضخود7067,اختيارخ خودرو-7500-1399/07/09,2,20,2700000,121,150,120,-1,-0.83,135,14,11.57,120,150,1399-6-16
810,ضپار8014,اختيارخ خپارس-2800-1399/08/18,2,2,16500000,9000,8500,8000,-1000,-11.11,8250,-750,-8.33,8000,8500,1399-6-16
811,تصميم2,صندوق س با درآمد ثابت تصميم,2,2000000,2000000,14600,1,1,-14599,-99.99,1,-14599,-99.99,1,1,1399-6-16
812,افاد61,منفعت دولت6-ش.خاص140109,2,1000,931972000,887593,931972,931972,44379,5.0,931972,44379,5.0,931972,931972,1399-6-16
813,ضجار7014,اختيارخ وتجارت-1600-1399/07/22,2,6,10203000,2400,1701,1700,-700,-29.17,1700,-700,-29.17,1700,1701,1399-6-16
814,ضغدر8048,اختيارخ وغدير-22000-1399/08/26,2,10,31000000,2999,3400,2800,-199,-6.64,3100,101,3.37,2800,3400,1399-6-16
815,تملي711,تسهيلات مسكن ب. ملي-بهمن97,2,13,3897777,285552,299829,299829,14277,5.0,299829,14277,5.0,299829,299829,1399-6-16
816,ضفار8037,اختيارخ فارس-12826-1399/08/06,2,120,888000000,8500,7400,7400,-1100,-12.94,7400,-1100,-12.94,7400,7400,1399-6-16
817,كاردان4,صندوق س تجارت شاخصي كاردان,2,500000,100281500000,199690,200563,200563,873,0.44,200563,873,0.44,200563,200563,1399-6-16
818,صخابر102,صكوك اجاره مخابرات-3 ماهه 16%,2,2200,2189431200,1009419,980392,1010000,581,0.06,995196,-14223,-1.41,980392,1010000,1399-6-16
819,عفولاد2,اوراق سلف ورق گرم فولاد مباركه,2,500000,273500000000,538800,547000,547000,8200,1.52,547000,8200,1.52,547000,547000,1399-6-16
820,اوصتا4,صندوق انديشه ورزان صباتامين -د,2,12136000,200001280000,16496,16480,16480,-16,-0.1,16480,-16,-0.1,16480,16480,1399-6-16
821,ساروج,بين المللي ساروج بوشهر,2,1990,49696270,25745,24973,24973,-772,-3.0,25743,-2,-0.01,24973,24973,1399-6-16
822,ضصاد8021,اختيارخ وبصادر-4600-1399/08/11,2,95,54750000,550,600,550,0,0.0,576,26,4.73,550,600,1399-6-16
823,سپرمي,پرميت‌,2,2500,20955000,8466,8382,8382,-84,-0.99,8466,0,0.0,8382,8382,1399-6-16
824,اروند05,منفعت صبا اروند لوتوس 14001113,2,527,534905250,1015000,1065750,1012260,-2740,-0.27,1015000,0,0.0,1012260,1065750,1399-6-16
825,شستا005,اجاره تامين اجتماعي-امين001220,2,2500,2420018000,960226,968012,968006,7780,0.81,968007,7781,0.81,968006,968012,1399-6-16
826,ضفلا8077,اختيارخ فولاد-9275-1399/08/28,1,5,50000000,10000,10000,10000,0,0.0,10000,0,0.0,10000,10000,1399-6-16
827,ضملي8069,اختيارخ فملي -16750-1399/08/06,1,10,180000000,19000,18000,18000,-1000,-5.26,18000,-1000,-5.26,18000,18000,1399-6-16
828,ضپنا7042,اختيارخ رمپنا-32306-1399/07/13,1,10,20000000,5000,2000,2000,-3000,-60.0,2000,-3000,-60.0,2000,2000,1399-6-16
829,ضگل8059,اختيارخ كگل-15100-1399/08/21,1,47,371300000,4900,7900,7900,3000,61.22,7900,3000,61.22,7900,7900,1399-6-16
830,ضصاد8010,اختيارخ وبصادر-2400-1399/08/11,1,1,1600000,1523,1600,1600,77,5.06,1600,77,5.06,1600,1600,1399-6-16
831,ضپنا7047,اختيارخ رمپنا-48507-1399/07/13,1,1,699000,1000,699,699,-301,-30.1,699,-301,-30.1,699,699,1399-6-16
832,ضفار8027,اختيارخ فارس-6326-1399/08/06,1,1,16000000,13840,16000,16000,2160,15.61,16000,2160,15.61,16000,16000,1399-6-16
833,ضفار8036,اختيارخ فارس-11826-1399/08/06,1,50,470000000,9909,9400,9400,-509,-5.14,9400,-509,-5.14,9400,9400,1399-6-16
834,ضفلا8078,اختيارخ فولاد-9775-1399/08/28,1,37,314500000,9497,8500,8500,-997,-10.5,8500,-997,-10.5,8500,8500,1399-6-16
835,ضخوز7022,اختيارخ فخوز-29470-1399/07/20,1,4,80000000,22000,20000,20000,-2000,-9.09,20000,-2000,-9.09,20000,20000,1399-6-16
836,تملي802,تسهيلات مسكن ب. ملي-ارديبهشت98,1,1,292654,278719,292654,292654,13935,5.0,292654,13935,5.0,292654,292654,1399-6-16
837,سميعا991,سلف موازي استاندارد سميعا 991,1,65000,50012495000,763747,769423,769423,5676,0.74,769423,5676,0.74,769423,769423,1399-6-16
838,ضخوز7024,اختيارخ فخوز-33470-1399/07/20,1,1,21000000,12950,21000,21000,8050,62.16,21000,8050,62.16,21000,21000,1399-6-16
839,ضفلا8093,اختيارخ فولاد-29775-1399/08/28,1,10,12000000,649,1200,1200,551,84.9,1200,551,84.9,1200,1200,1399-6-16
840,ضمخا7052,اختيارخ اخابر-16750-1399/07/30,1,1,5000000,11500,5000,5000,-6500,-56.52,5000,-6500,-56.52,5000,5000,1399-6-16
841,ضخوز7030,اختيارخ فخوز-51470-1399/07/20,1,1,7777000,7957,7777,7777,-180,-2.26,7777,-180,-2.26,7777,7777,1399-6-16
842,ضچاد7012,اختيارخ كچاد-9300-1399/07/07,1,24,216000000,7000,9000,9000,2000,28.57,9000,2000,28.57,9000,9000,1399-6-16
843,ضفلا8083,اختيارخ فولاد-14775-1399/08/28,1,10,50000000,4000,5000,5000,1000,25.0,5000,1000,25.0,5000,5000,1399-6-16
844,پست9908-04,پسته فندقي32-30سبزدانه9908,1,4,5000000,1243659,1250000,1250000,6341,0.51,1250000,6341,0.51,1250000,1250000,1399-6-16
845,ضمخا7036,اختيارخ اخابر-2750-1399/07/30,1,1,18500000,18500,18500,18500,0,0.0,18500,0,0.0,18500,18500,1399-6-16
846,ضغدر8045,اختيارخ وغدير-18000-1399/08/26,1,25,87500000,3170,3500,3500,330,10.41,3500,330,10.41,3500,3500,1399-6-16
847,ضخود7051,اختيارخ خودرو-1300-1399/07/09,1,18,36000000,3700,2000,2000,-1700,-45.95,2000,-1700,-45.95,2000,2000,1399-6-16
848,اروند10,منفعت صبا اروند لوتوس 14001222,1,10,10098050,1030000,1009805,1009805,-20195,-1.96,1009805,-20195,-1.96,1009805,1009805,1399-6-16
849,ضفلا8070,اختيارخ فولاد-5775-1399/08/28,1,2,24000000,12000,12000,12000,0,0.0,12000,0,0.0,12000,12000,1399-6-16
850,وسپه2,سرمايه‌گذاري‌ سپه‌,1,10000000,167000000000,15910,16700,16700,790,4.97,16700,790,4.97,16700,16700,1399-6-16
851,وكار2,بانك‌ كارآفرين‌,1,58200000,808398000000,14620,13890,13890,-730,-4.99,13890,-730,-4.99,13890,13890,1399-6-16
852,ضصاد8009,اختيارخ وبصادر-2200-1399/08/11,1,50,85000000,1646,1700,1700,54,3.28,1700,54,3.28,1700,1700,1399-6-16
853,ضفلا8084,اختيارخ فولاد-15775-1399/08/28,1,1,5500000,5700,5500,5500,-200,-3.51,5500,-200,-3.51,5500,5500,1399-6-16
854,ضچاد7013,اختيارخ كچاد-10300-1399/07/07,1,1,8000000,6700,8000,8000,1300,19.4,8000,1300,19.4,8000,8000,1399-6-16
855,تملي612,تسهيلات مسكن بانك ملي-اسفند96,1,1,1443485,1374748,1443485,1443485,68737,5.0,1443485,68737,5.0,1443485,1443485,1399-6-16
856,تملي712,تسهيلات مسكن ب. ملي-اسفند97,1,1,291642,277755,291642,291642,13887,5.0,291642,13887,5.0,291642,291642,1399-6-16
857,آسام2,صندوق س.آرمان سپهر آشنا-م,1,100000,100000,118425,1,1,-118424,-100.0,1,-118424,-100.0,1,1,1399-6-16
858,عپلي جم,سلف پلي اتيلن سنگين تزريقي,1,4,5530616,1382256,1382654,1382654,398,0.03,1382654,398,0.03,1382654,1382654,1399-6-16
859,تملي706,تسهيلات مسكن ب. ملي-شهريور97,1,1,130578,124360,130578,130578,6218,5.0,130578,6218,5.0,130578,130578,1399-6-16
860,ضگل8062,اختيارخ كگل-18100-1399/08/21,1,10,55000000,3850,5500,5500,1650,42.86,5500,1650,42.86,5500,5500,1399-6-16
861,ضگل8061,اختيارخ كگل-17100-1399/08/21,1,10,65000000,7333,6500,6500,-833,-11.36,6500,-833,-11.36,6500,6500,1399-6-16
862,ضفلا8092,اختيارخ فولاد-27775-1399/08/28,1,1,1000000,6000,1000,1000,-5000,-83.33,1000,-5000,-83.33,1000,1000,1399-6-16
863,پارسيان2,بيمه پارسيان,1,12521874,192210765900,15070,15350,15350,280,1.86,15350,280,1.86,15350,15350,1399-6-16
864,ضسپا8011,اختيارخ خساپا-1500-1399/08/26,1,1,2000000,2100,2000,2000,-100,-4.76,2000,-100,-4.76,2000,2000,1399-6-16
865,ضجار7017,اختيارخ وتجارت-1900-1399/07/22,1,1,1660000,1277,1660,1660,383,29.99,1660,383,29.99,1660,1660,1399-6-16
866,تملي807,تسهيلات مسكن ب. ملي-مهر98,1,1,149154,142052,149154,149154,7102,5.0,149154,7102,5.0,149154,149154,1399-6-16
867,تملي702,تسهيلات مسكن ب. ملي-ارديبهشت97,1,1,277342,264136,277342,277342,13206,5.0,277342,13206,5.0,277342,277342,1399-6-16
868,عكاوه2,اوراق سلف شمش فولاد كاوه كيش,1,2,7889696,3965330,3944848,3944848,-20482,-0.52,3944848,-20482,-0.52,3944848,3944848,1399-6-16
869,افاد814,منفعت دولت8-ش.خاص مهر0205,1,400000,408000000000,1000000,1020000,1020000,20000,2.0,1020000,20000,2.0,1020000,1020000,1399-6-16
870,صگل1411,ص اجاره گل گهر 1411-3 ماهه 17%,1,8000,8115368000,1000000,1014421,1014421,14421,1.44,1014421,14421,1.44,1014421,1014421,1399-6-16
871,ضچاد7023,اختيارخ كچاد-21300-1399/07/07,1,1,1100000,1000,1100,1100,100,10.0,1100,100,10.0,1100,1100,1399-6-16
872,تملي703,تسهيلات مسكن ب. ملي-خرداد97,1,1,151912,144679,151912,151912,7233,5.0,151912,7233,5.0,151912,151912,1399-6-16
873,سايرا,ايرانيت‌,1,200,6820400,34797,34102,34102,-695,-2.0,34797,0,0.0,34102,34102,1399-6-16
874,مبين014,اجاره اعتماد مبين لوتوس011019,1,2000,1940000000,953000,970000,970000,17000,1.78,970000,17000,1.78,970000,970000,1399-6-16
875,ضغدر8040,اختيارخ وغدير-13000-1399/08/26,1,10,56000000,6690,5600,5600,-1090,-16.29,5600,-1090,-16.29,5600,5600,1399-6-16
876,ضملي8054,اختيارخ فملي -5750-1399/08/06,1,2,64000000,3000,32000,32000,29000,966.67,32000,29000,966.67,32000,32000,1399-6-16
877,ضچاد7014,اختيارخ كچاد-11300-1399/07/07,1,1,7500000,5133,7500,7500,2367,46.11,7500,2367,46.11,7500,7500,1399-6-16
878,ضفلا8055,اختيارخ فولاد-2513-1399/08/28,1,1,25728000,11011,16000,16000,4989,45.31,16000,4989,45.31,16000,16000,1399-6-16
879,ضخود7040,اختيارخ خودرو-1600-1399/07/09,1,1,2050000,1839,2050,2050,211,11.47,2050,211,11.47,2050,2050,1399-6-16
880,ضصاد8022,اختيارخ وبصادر-4800-1399/08/11,1,10,6000000,355,600,600,245,69.01,600,245,69.01,600,600,1399-6-16
881,ضچاد7015,اختيارخ كچاد-12300-1399/07/07,1,2,12800000,4000,6400,6400,2400,60.0,6400,2400,60.0,6400,6400,1399-6-16
882,مگچسا104,مشاركت گچساران- 3 ماهه 18%,1,2,1939200,960000,969600,969600,9600,1.0,969600,9600,1.0,969600,969600,1399-6-16
883,تملي701,تسهيلات مسكن ب. ملي-فروردين97,1,1,306613,292013,306613,306613,14600,5.0,306613,14600,5.0,306613,306613,1399-6-16
