,نماد,نام,تعداد,حجم,ارزش,دیروز,اولین,آخرین معامله - مقدار,آخرین معامله - تغییر,آخرین معامله - درصد,قیمت پایانی - مقدار,قیمت پایانی - تغییر,قیمت پایانی - درصد,کمترین,بیشترین,تاریخ
0,پالايش,صندوق پالايشي يکم-سهام,139912,125848780,10930725755420,79870,87850,84990,5120,6.41,86860,6990,8.75,82510,87850,1399-11-7
1,دارا يكم,صندوق واسطه گري مالي يكم-سهام,122499,81140083,12336018070260,150310,157500,143600,-6710,-4.46,152030,1720,1.14,140070,162590,1399-11-7
2,شپنا,پالايش نفت اصفهان,58557,677867538,7585034137260,10890,11430,10690,-200,-1.84,11190,300,2.75,10670,11430,1399-11-7
3,شتران,پالايش نفت تهران,53986,481162403,4418108068670,8940,9380,8730,-210,-2.35,9180,240,2.68,8610,9380,1399-11-7
4,شستا,سرمايه گذاري تامين اجتماعي,36907,163879661,3599616833120,22600,22900,21470,-1130,-5.0,21960,-640,-2.83,21470,23270,1399-11-7
5,فخوز,فولاد  خوزستان,34290,48568676,655302874440,13430,13400,13000,-430,-3.2,13490,60,0.45,12770,14100,1399-11-7
6,سپيدار,سپيدار سيستم آسيا,28955,186445,9907314410,50608,53138,53138,2530,5.0,51037,429,0.85,53138,53138,1399-11-7
7,فولاد,فولاد مباركه اصفهان,25865,133965745,1564647132020,11790,11890,11300,-490,-4.16,11680,-110,-0.93,11210,12150,1399-11-7
8,شبندر,پالايش نفت بندرعباس,23794,113555743,2541637051440,22570,23400,21450,-1120,-4.96,22380,-190,-0.84,21450,23680,1399-11-7
9,بوعلي,پتروشيمي بوعلي سينا,23112,9766182,424030910390,44840,43710,42740,-2100,-4.68,43420,-1420,-3.17,42660,45750,1399-11-7
10,خودرو,ايران‌ خودرو,21935,690341038,1844200416390,2750,2790,2620,-130,-4.73,2670,-80,-2.91,2620,2830,1399-11-7
11,خساپا,سايپا,21492,888935085,1930270688740,2240,2260,2130,-110,-4.91,2170,-70,-3.13,2130,2290,1399-11-7
12,چخزر,صنايع چوب خزر كاسپين,19591,383394,22918143138,56931,59777,59777,2846,5.0,58025,1094,1.92,59777,59777,1399-11-7
13,شاروم,پتروشيمي اروميه,18307,24249518,550403629178,21760,21324,22848,1088,5.0,22698,938,4.31,21324,22848,1399-11-7
14,فملي,ملي‌ صنايع‌ مس‌ ايران‌,16105,89064877,973188431210,11220,11530,10660,-560,-4.99,10930,-290,-2.58,10660,11530,1399-11-7
15,غزر,صنعتي زر ماكارون,15174,9140977,250479784150,26210,27470,27520,1310,5.0,27400,1190,4.54,26500,27520,1399-11-7
16,سيتا,سرمايه گذاري سيمان تامين,14816,37261539,560444157510,15560,15060,15000,-560,-3.6,15040,-520,-3.34,15000,15450,1399-11-7
17,آبادا,توليد نيروي برق آبادان,13593,11300521,193262325810,17130,17550,16640,-490,-2.86,17100,-30,-0.18,16400,17890,1399-11-7
18,غگل,گلوكوزان‌,11545,148624616,600964122880,4080,4000,4190,110,2.7,4040,-40,-0.98,3880,4250,1399-11-7
19,وبصادر,بانك صادرات ايران,11098,312670276,833277748180,2730,2790,2600,-130,-4.76,2670,-60,-2.2,2600,2800,1399-11-7
20,پترول,گروه پتروشيمي س. ايرانيان,10506,67659295,695089856770,10540,10850,10020,-520,-4.93,10270,-270,-2.56,10020,10850,1399-11-7
21,وپارس,بانك‌پارسيان‌,10277,353728190,1085878787070,3140,3180,2990,-150,-4.78,3070,-70,-2.23,2990,3250,1399-11-7
22,بپيوند,برق و انرژي پيوندگستر پارس,10040,16989353,276471091930,17099,16600,16245,-854,-4.99,16273,-826,-4.83,16245,16890,1399-11-7
23,خگستر,گسترش‌سرمايه‌گذاري‌ايران‌خودرو,9858,269299989,798958273280,3090,3060,2940,-150,-4.85,2970,-120,-3.88,2940,3100,1399-11-7
24,شبريز,پالايش نفت تبريز,9681,59257808,1637073316540,26530,27850,26530,0,0.0,27630,1100,4.15,26530,27850,1399-11-7
25,امين,تامين سرمايه امين,9601,13913317,144742714610,10420,10400,10400,-20,-0.19,10400,-20,-0.19,10400,10440,1399-11-7
26,حتوكا,حمل‌ونقل‌توكا,9442,27054125,1003398189790,37130,38980,35280,-1850,-4.98,37090,-40,-0.11,35280,38980,1399-11-7
27,آوا,صندوق س.سهام آواي معيار-س,9149,83571100,650906034219,8192,8050,7378,-814,-9.94,7789,-403,-4.92,7300,8449,1399-11-7
28,بگيلان,توسعه مسير برق گيلان,9083,7265960,160347278833,22648,22250,22039,-609,-2.69,22068,-580,-2.56,21516,22600,1399-11-7
29,ذوب,سهامي ذوب آهن  اصفهان,8784,133707691,626520680233,4891,4720,4647,-244,-4.99,4686,-205,-4.19,4647,4891,1399-11-7
30,كاذر,فرآورده‌هاي‌نسوزآذر,8690,17698747,665091731610,37770,39650,35890,-1880,-4.98,37580,-190,-0.5,35890,39650,1399-11-7
31,وآذر,سرمايه‌گذاري‌توسعه‌آذربايجان‌,8356,9503043,1058699855220,110030,115530,104530,-5500,-5.0,111410,1380,1.25,104530,115530,1399-11-7
32,ثاميد,توسعه و عمران اميد,8139,95084993,175884620850,1930,1870,1840,-90,-4.66,1850,-80,-4.15,1840,1920,1399-11-7
33,آريا,پليمر آريا ساسول,8035,3044094,247399625949,84782,81000,80543,-4239,-5.0,81272,-3510,-4.14,80543,83500,1399-11-7
34,بركت,گروه دارويي بركت,7929,32364143,613890055100,19890,19230,18900,-990,-4.98,18970,-920,-4.63,18900,19800,1399-11-7
35,وكبهمن,مديريت سرمايه گذاري كوثربهمن,7837,5883543,91099561874,16165,15900,15357,-808,-5.0,15484,-681,-4.21,15357,15990,1399-11-7
36,وبملت,بانك ملت,7700,163742492,662473813510,4150,4230,3950,-200,-4.82,4050,-100,-2.41,3950,4250,1399-11-7
37,وهنر,گروه توسعه هنر ايران,7526,55237210,414873245404,7374,7595,7577,203,2.75,7511,137,1.86,7201,7595,1399-11-7
38,كچاد,معدني‌وصنعتي‌چادرملو,7116,12006664,244247678140,20300,21300,21000,700,3.45,20340,40,0.2,19690,21300,1399-11-7
39,كاما,باما,7102,33568031,578026421570,18010,17400,17110,-900,-5.0,17220,-790,-4.39,17110,18000,1399-11-7
40,خنصير,مهندسي‌نصيرماشين‌,6961,8164900,797396205830,93270,97930,97850,4580,4.91,97660,4390,4.71,95010,97930,1399-11-7
41,ثنور,سرمايه گذاري كوه نور,6952,69165492,920114634843,13116,13116,12650,-466,-3.55,13303,187,1.43,12490,13771,1399-11-7
42,شگويا,پتروشيمي تندگويان,6888,39016088,349389640121,9348,9259,8881,-467,-5.0,8955,-393,-4.2,8881,9390,1399-11-7
43,خودكفا,اقتصادي و خودكفايي آزادگان,6693,23908943,772715705815,31641,32590,31690,49,0.15,32319,678,2.14,30750,32590,1399-11-7
44,رافزا,رايان هم افزا,6689,44697,1897521741,40432,42453,42453,2021,5.0,40505,73,0.18,42453,42453,1399-11-7
45,كلر,كلر پارس,6684,5764414,638354651619,106648,104900,111980,5332,5.0,110741,4093,3.84,104900,111980,1399-11-7
46,قنيشا,قند  نيشابور,6615,11315403,782667029910,67790,71170,66790,-1000,-1.48,69170,1380,2.04,64520,71170,1399-11-7
47,ومعادن,توسعه‌معادن‌وفلزات‌,6598,48966849,584040397510,11670,12250,11490,-180,-1.54,11930,260,2.23,11250,12250,1399-11-7
48,وخارزم,سرمايه گذاري خوارزمي,6579,74232103,683455526110,9630,9450,9150,-480,-4.98,9210,-420,-4.36,9150,9710,1399-11-7
49,فجام,جام‌دارو,6544,45873867,578815194160,12130,12730,12200,70,0.58,12620,490,4.04,12010,12730,1399-11-7
50,كمند,صندوق س. با درآمد ثابت كمند,6527,305918798,3096879321369,10116,10121,10123,7,0.07,10123,7,0.07,10121,10128,1399-11-7
51,هاي وب,داده گسترعصرنوين-هاي وب,6228,19358227,487099748390,25270,24500,24010,-1260,-4.99,25160,-110,-0.44,24010,26530,1399-11-7
52,غصينو,صنعتي مينو,6147,8237316,711137681649,86392,89400,82400,-3992,-4.62,86331,-61,-0.07,82073,90711,1399-11-7
53,حفارس,حمل و نقل بين المللي خليج فارس,6012,90151290,501724333400,5450,5720,5360,-90,-1.65,5570,120,2.2,5250,5720,1399-11-7
54,گشان,توسعه بين المللي پديده شانديز,5969,9567294,470735058894,50123,50500,49121,-1002,-2.0,49203,-920,-1.84,49121,50500,1399-11-7
55,پيزد,مجتمع صنايع لاستيك يزد,5889,2135929,143849397708,70280,68010,68880,-1400,-1.99,67347,-2933,-4.17,66766,70064,1399-11-7
56,ديران,ايران‌دارو,5750,18617853,623292196210,31970,33490,33560,1590,4.97,33480,1510,4.72,32200,33560,1399-11-7
57,حفاري,حفاري شمال,5277,31810893,365666333360,11600,11920,11090,-510,-4.4,11500,-100,-0.86,11030,12120,1399-11-7
58,كترام,توليدي‌ كاشي‌ تكسرام‌,5134,12363540,534041863640,41430,41200,43500,2070,5.0,43190,1760,4.25,41200,43500,1399-11-7
59,وپويا,سرمايه گذاري پويا,5124,13803956,76654940182,5821,5700,5530,-291,-5.0,5553,-268,-4.6,5530,5800,1399-11-7
60,حكشتي,كشتيراني جمهوري اسلامي ايران,5068,21336125,411315267270,20120,19940,19120,-1000,-4.97,19280,-840,-4.17,19120,20410,1399-11-7
61,وغدير,سرمايه‌گذاري‌غدير(هلدينگ‌,5066,35189972,391367036310,11420,11690,10850,-570,-4.99,11120,-300,-2.63,10850,11730,1399-11-7
62,ددام,داروسازي زاگرس فارمد پارس,4960,20036241,440256664970,21640,21000,22720,1080,4.99,21970,330,1.52,20610,22720,1399-11-7
63,پرداخت,به پرداخت ملت,4781,15920392,613575369380,37150,39000,39000,1850,4.98,38540,1390,3.74,35300,39000,1399-11-7
64,وايران,ليزينگ ايرانيان,4644,21140344,290646360750,13660,14010,13260,-400,-2.93,13750,90,0.66,12980,14340,1399-11-7
65,سرو,صندوق س سروسودمند مدبران-سهام,4632,5707751,381453019030,68470,68000,64530,-3940,-5.75,66830,-1640,-2.4,64300,70790,1399-11-7
66,بجهرم,توسعه مولد نيروگاهي جهرم,4573,54889800,168816912747,3159,3090,3002,-157,-4.97,3076,-83,-2.63,3002,3240,1399-11-7
67,غبهنوش,بهنوش‌ ايران‌,4471,4163558,361919292590,88300,92000,83890,-4410,-4.99,86930,-1370,-1.55,83890,92710,1399-11-7
68,ثبهساز,بهساز كاشانه تهران,4333,123633736,362495638810,3080,2930,2930,-150,-4.87,2930,-150,-4.87,2930,3000,1399-11-7
69,كسعدي,كاشي‌ سعدي‌,4308,17141556,300749816390,17680,17500,18560,880,4.98,17550,-130,-0.74,16800,18560,1399-11-7
70,ولپارس,ليزينگ پارسيان,4262,19053654,133481665240,7360,7000,7000,-360,-4.89,7010,-350,-4.76,7000,7200,1399-11-7
71,كوير,توليدي فولاد سپيد فراب كوير,4220,20656089,477705930190,22170,23190,23270,1100,4.96,23130,960,4.33,22180,23270,1399-11-7
72,انرژي3,سايراشخاص بورس انرژي,4190,927773,328819943330,371000,370000,352450,-18550,-5.0,354420,-16580,-4.47,352450,372000,1399-11-7
73,فارس,صنايع پتروشيمي خليج فارس,4134,22430304,213423390950,9880,9730,9390,-490,-4.96,9510,-370,-3.74,9390,10060,1399-11-7
74,فوكا,فولاد كاويان,4107,38591554,500467319700,12776,13159,12780,4,0.03,12968,192,1.5,12420,13159,1399-11-7
75,دارو,كارخانجات‌داروپخش‌,4061,8954218,326353135790,36080,34280,36860,780,2.16,36450,370,1.03,34280,37880,1399-11-7
76,مدير,ص.س.مديريت ثروت ص.بازنشستگي-س,4019,23899014,233088353233,10212,9983,9300,-912,-8.93,9753,-459,-4.49,9204,10450,1399-11-7
77,لپيام,گسترش صنايع پيام,4005,8713205,473703098537,53875,55491,52350,-1525,-2.83,54366,491,0.91,52259,55491,1399-11-7
78,چكاپا,گروه صنايع كاغذ پارس,3958,42306580,256520609860,6270,6400,5960,-310,-4.94,6060,-210,-3.35,5960,6410,1399-11-7
79,ثشاهد,سرمايه‌ گذاري‌ شاهد,3936,18153965,321188631660,18470,17800,17550,-920,-4.98,17690,-780,-4.22,17550,18700,1399-11-7
80,فمراد,آلومراد,3870,2399238,462921473400,192310,182700,201920,9610,5.0,192950,640,0.33,182700,201920,1399-11-7
81,شغدير,پتروشيمي غدير,3826,9069828,584835209564,63408,64621,60238,-3170,-5.0,64481,1073,1.69,60238,66578,1399-11-7
82,شرانل,نفت ايرانول,3775,13169502,530779250841,41853,42400,39820,-2033,-4.86,40304,-1549,-3.7,39761,42400,1399-11-7
83,زماهان,مجتمع توليد گوشت مرغ ماهان,3733,8202377,356722160568,41428,43499,43499,2071,5.0,43490,2062,4.98,43000,43499,1399-11-7
84,ثاخت,بين‌المللي‌توسعه‌ساختمان,3690,56173362,194228473790,3550,3490,3380,-170,-4.79,3460,-90,-2.54,3380,3650,1399-11-7
85,آگاس,صندوق س.هستي بخش آگاه-س,3640,8205927,538021537015,67186,67000,64050,-3136,-4.67,65565,-1621,-2.41,63801,67999,1399-11-7
86,كرمان,س. توسعه و عمران استان كرمان,3585,4310257,284096956411,68581,68500,65152,-3429,-5.0,65912,-2669,-3.89,65152,68510,1399-11-7
87,غگلستا,شير پاستوريزه پگاه گلستان,3527,10309920,264580448490,26108,25140,25560,-548,-2.1,25663,-445,-1.7,24803,27262,1399-11-7
88,ساربيل,سيمان آرتا اردبيل,3523,4153280,176883663070,43740,41560,42000,-1740,-3.98,42590,-1150,-2.63,41560,44480,1399-11-7
89,فاراك,ماشين‌ سازي‌ اراك‌,3477,36141385,211905787220,6110,6010,5810,-300,-4.91,5860,-250,-4.09,5810,6190,1399-11-7
90,ولغدر,ليزينگ‌خودروغدير,3474,12084731,294718119380,24550,24920,23530,-1020,-4.15,24390,-160,-0.65,23330,25770,1399-11-7
91,خزاميا,زامياد,3442,35429054,287042819460,8460,8100,8040,-420,-4.96,8100,-360,-4.26,8040,8550,1399-11-7
92,نوري,پتروشيمي نوري,3421,3782149,209977123370,57670,56640,54790,-2880,-4.99,55520,-2150,-3.73,54790,58480,1399-11-7
93,صبا,سرمايه گذاري صبا تامين,3337,19561759,140814918241,7527,7410,7151,-376,-5.0,7198,-329,-4.37,7151,7527,1399-11-7
94,كسعديح,ح . كاشي‌ سعدي‌,3299,16486774,236708969010,14980,14520,15300,320,2.14,14360,-620,-4.14,13480,15750,1399-11-7
95,غويتا,ويتانا,3281,8254985,193728609851,24444,24760,23222,-1222,-5.0,23468,-976,-3.99,23222,24760,1399-11-7
96,غنوش,نوش‌ مازندران‌,3223,4246527,251534126650,60300,59000,57290,-3010,-4.99,59230,-1070,-1.77,57290,62210,1399-11-7
97,امين يكم,صندوق درآمد ثابت امين يكم فردا,3190,116729783,1183061193001,10132,10136,10135,3,0.03,10135,3,0.03,10131,10140,1399-11-7
98,بكام,كارخانجات توليدي شهيد قندي,3171,40561180,143163149400,3670,3760,3490,-180,-4.9,3530,-140,-3.81,3490,3760,1399-11-7
99,فرآور,فرآوري‌موادمعدني‌ايران‌,3128,11627135,406934609640,33830,34000,34190,360,1.06,35000,1170,3.46,33460,35520,1399-11-7
100,وسكاب,س.ص.بازنشستگي كاركنان بانكها,3062,37801197,243585306330,6590,6780,6290,-300,-4.55,6440,-150,-2.28,6270,6780,1399-11-7
101,غپآذر,شير پگاه آذربايجان شرقي,3038,2542299,183420188702,74311,76987,70596,-3715,-5.0,72147,-2164,-2.91,70596,76987,1399-11-7
102,تكمبا,كمباين‌ سازي‌ ايران‌,3004,31480975,318275502400,9820,9500,10310,490,4.99,10110,290,2.95,9360,10310,1399-11-7
103,تملت,تامين سرمايه بانك ملت,2997,22684834,144045867350,6640,6370,6310,-330,-4.97,6350,-290,-4.37,6310,6650,1399-11-7
104,وهور,مديريت انرژي اميد  تابان هور,2995,13284568,514185727318,39313,38700,39900,587,1.49,38705,-608,-1.55,37348,40480,1399-11-7
105,خپارس,پارس‌ خودرو,2963,41240757,234602154220,5920,5810,5630,-290,-4.9,5690,-230,-3.89,5630,5930,1399-11-7
106,غشهداب,كشت و صنعت شهداب ناب خراسان,2904,25782748,100833378330,4009,4000,3809,-200,-4.99,3911,-98,-2.44,3809,4139,1399-11-7
107,شفن,پتروشيمي فناوران,2899,1150516,337787125440,298590,306400,284010,-14580,-4.88,293600,-4990,-1.67,284010,311900,1399-11-7
108,كاوه,فولاد كاوه جنوب كيش,2879,16471187,311662254870,19350,19990,18420,-930,-4.81,18920,-430,-2.22,18390,20090,1399-11-7
109,فسازان,غلتك سازان سپاهان,2856,10530303,400019321980,36620,38450,36260,-360,-0.98,37990,1370,3.74,36020,38450,1399-11-7
110,غسالم,سالمين‌,2846,36146191,154945841260,4450,4310,4230,-220,-4.94,4290,-160,-3.6,4230,4530,1399-11-7
111,غپينو,پارس‌ مينو,2839,23774788,194746344580,8320,8170,7910,-410,-4.93,8190,-130,-1.56,7910,8600,1399-11-7
112,تاپكيش,تجارت الكترونيك پارسيان كيش,2795,10209272,245071415713,22944,23862,24091,1147,5.0,24005,1061,4.62,23350,24091,1399-11-7
113,زملارد,كشاورزي و دامپروري ملارد شير,2761,2200291,80095974284,38107,36840,36202,-1905,-5.0,36402,-1705,-4.47,36202,37610,1399-11-7
114,غگيلا,شيرپاستوريزه پگاه گيلان,2744,58131,1320852582,21640,22722,22722,1082,5.0,21667,27,0.12,22722,22722,1399-11-7
115,زفكا,كشت و دامداري فكا,2736,8352858,110299374264,13417,13600,12748,-669,-4.99,13205,-212,-1.58,12747,13950,1399-11-7
116,تسه9910,امتياز تسهيلات مسكن دي99,2708,48861,25119513672,525213,506111,510020,-15193,-2.89,514101,-11112,-2.12,498953,551473,1399-11-7
117,ارزش,صندوق س ارزش آفرين بيدار-سهام,2686,19657921,189742301900,10050,10100,9290,-760,-7.56,9650,-400,-3.98,9200,10240,1399-11-7
118,فجر,فولاد اميركبيركاشان,2670,5440262,351268238200,65600,67000,63300,-2300,-3.51,64570,-1030,-1.57,62320,68480,1399-11-7
119,بترانس,ايران‌ ترانسفو,2670,48237294,154458458150,3350,3220,3190,-160,-4.78,3200,-150,-4.48,3190,3330,1399-11-7
120,كحافظ,كاشي‌ وسراميك‌ حافظ‌,2647,10929786,139114908410,13200,13110,12940,-260,-1.97,12730,-470,-3.56,12540,13550,1399-11-7
121,كگل,معدني و صنعتي گل گهر,2629,14140432,247183864330,17830,17800,17600,-230,-1.29,17480,-350,-1.96,16940,18500,1399-11-7
122,خبهمن,گروه‌بهمن‌,2618,11584135,257081462570,23210,23210,22050,-1160,-5.0,22190,-1020,-4.39,22050,23280,1399-11-7
123,وثخوز,سرمايه گذاري و توسعه خوزستان,2597,3998027,265807012893,65478,62205,67870,2392,3.65,66485,1007,1.54,62205,68751,1399-11-7
124,تاپيكو,س. نفت و گاز و پتروشيمي تأمين,2593,19974670,222841175960,11630,11300,11050,-580,-4.99,11160,-470,-4.04,11050,11810,1399-11-7
125,قچار,فراوردههاي غذايي وقند چهارمحال,2591,5562805,419070954530,73391,74590,77060,3669,5.0,75334,1943,2.65,69760,77060,1399-11-7
126,وپاسار,بانك  پاسارگاد,2584,29273773,359191598370,12430,12430,11810,-620,-4.99,12270,-160,-1.29,11810,12590,1399-11-7
127,شبهرن,نفت‌ بهران‌,2530,4192109,260265658700,59420,62370,61390,1970,3.32,62080,2660,4.48,60000,62390,1399-11-7
128,تپولا,مهندسي مرآت پولاد,2500,6101448,228220232853,37943,36805,37000,-943,-2.49,37404,-539,-1.42,36805,39081,1399-11-7
129,پدرخش,درخشان‌ تهران‌,2497,1710104,213884981040,130950,124410,124410,-6540,-4.99,125070,-5880,-4.49,124410,130500,1399-11-7
130,سخاش,سيمان‌خاش‌,2488,1314860,161438396790,128540,123200,122120,-6420,-4.99,122780,-5760,-4.48,122120,128540,1399-11-7
131,وساپا,سرمايه‌گذاري‌ سايپا,2483,32403693,206918629390,6660,6440,6330,-330,-4.95,6390,-270,-4.05,6330,6770,1399-11-7
132,دكپسول,توليد ژلاتين كپسول ايران,2482,8268885,403053066622,46494,48000,48818,2324,5.0,48743,2249,4.84,47500,48818,1399-11-7
133,لابسا,آبسال‌,2469,4434935,245937847840,53050,52500,55700,2650,5.0,55450,2400,4.52,52500,55700,1399-11-7
134,فاسمين,كالسيمين‌,2434,11266260,178115285740,16070,16300,15310,-760,-4.73,15810,-260,-1.62,15270,16700,1399-11-7
135,خزر,فنرسازي‌زر,2426,3627927,160245535590,42070,44170,44170,2100,4.99,44170,2100,4.99,44170,44170,1399-11-7
136,ونيرو,سرمايه‌گذاري‌نيرو,2364,55021823,164763935040,3100,3100,2950,-150,-4.84,2990,-110,-3.55,2950,3110,1399-11-7
137,وكادو,تكادو,2359,10713174,279276680616,25733,25990,25180,-553,-2.15,26069,336,1.31,24962,26504,1399-11-7
138,آ س پ,آ.س.پ,2352,8569252,120044201261,14148,14650,13441,-707,-5.0,14009,-139,-0.98,13441,14835,1399-11-7
139,ورازي,بيمه رازي,2338,28104789,239050104342,8166,8000,8574,408,5.0,8506,340,4.16,8000,8574,1399-11-7
140,رمپنا,گروه مپنا (سهامي عام),2307,9965574,173619765410,17540,17920,16670,-870,-4.96,17420,-120,-0.68,16670,18360,1399-11-7
141,افق,فروشگاههاي زنجيره اي افق كوروش,2291,7013316,580295691130,79620,78400,83600,3980,5.0,82740,3120,3.92,78400,83600,1399-11-7
142,كساوه,صنايع‌ كاشي‌ و سراميك‌ سينا,2290,3725334,299746081300,77450,77900,80460,3010,3.89,80460,3010,3.89,77470,81320,1399-11-7
143,وكارح,ح . بانك‌ كارآفرين‌,2271,52369172,107947262100,2180,2190,1990,-190,-8.72,2060,-120,-5.5,1960,2260,1399-11-7
144,ملت,بيمه ملت,2262,13408402,196655741080,15000,15010,14250,-750,-5.0,14670,-330,-2.2,14250,15630,1399-11-7
145,غپاك,لبنيات‌ پاك‌,2245,15205568,210344837200,14330,14000,13620,-710,-4.95,13830,-500,-3.49,13620,14800,1399-11-7
146,دشيمي,شيمي‌ داروئي‌ داروپخش‌,2229,3694040,177670273140,50390,47880,47880,-2510,-4.98,48100,-2290,-4.54,47880,50300,1399-11-7
147,ونوين,بانك‌اقتصادنوين‌,2185,48854976,208863264040,4460,4460,4240,-220,-4.93,4280,-180,-4.04,4240,4500,1399-11-7
148,رانفور,خدمات‌انفورماتيك‌,2170,5285232,138073347180,25960,24850,27000,1040,4.01,26120,160,0.62,24760,27250,1399-11-7
149,ولصنم,ليزينگ‌صنعت‌ومعدن‌,2164,35504943,461069147320,13630,12950,13000,-630,-4.62,12990,-640,-4.7,12950,13430,1399-11-7
150,قثابت,قند ثابت‌ خراسان‌,2162,2292924,124262329630,56310,56600,53500,-2810,-4.99,54190,-2120,-3.76,53500,57100,1399-11-7
151,دماوند,توليد نيروي برق دماوند,2161,2290265,106742023577,48643,46300,46211,-2432,-5.0,46607,-2036,-4.19,46211,48700,1399-11-7
152,بموتو,موتوژن‌,2143,3659366,206302082530,54860,54950,57600,2740,4.99,56380,1520,2.77,52800,57600,1399-11-7
153,ساوه,سيمان ساوه,2129,1496555,76746406125,52756,52410,50119,-2637,-5.0,51282,-1474,-2.79,50119,54400,1399-11-7
154,دزهراويح,ح . ‌داروسازي‌زهراوي‌,2128,10199290,69223633570,7400,6960,6660,-740,-10.0,6790,-610,-8.24,6660,7350,1399-11-7
155,لسرما,سرما آفرين‌,2123,6219850,174674723430,27410,27410,27900,490,1.79,28080,670,2.44,26730,28780,1399-11-7
156,كمنگنز,معادن‌منگنزايران‌,2102,1998831,204167009810,98520,98520,102390,3870,3.93,102140,3620,3.67,98000,103440,1399-11-7
157,ودي,بيمه  دي,2096,13380360,306642491201,24006,23166,22806,-1200,-5.0,22917,-1089,-4.54,22806,23909,1399-11-7
158,وصنعت,سرمايه گذاري توسعه صنعت وتجارت,2086,18719153,114259409130,6350,6200,6040,-310,-4.88,6100,-250,-3.94,6040,6560,1399-11-7
159,سيمرغ,سيمرغ,2068,7401910,113213065760,15860,15400,15070,-790,-4.98,15300,-560,-3.53,15070,15860,1399-11-7
160,كيميا,معدني كيمياي زنجان گستران,2060,5244017,192285452977,38468,36600,36720,-1748,-4.54,36668,-1800,-4.68,36545,38000,1399-11-7
161,ختوقا,قطعات‌ اتومبيل‌ ايران‌,2055,30064605,82846221010,2860,2820,2720,-140,-4.9,2760,-100,-3.5,2720,2900,1399-11-7
162,خپويش,سازه‌ پويش‌,2034,2729100,126659337510,47510,45160,47990,480,1.01,46410,-1100,-2.32,45140,49400,1399-11-7
163,شلعاب,لعابيران‌,2029,9051363,131339427880,14900,15200,14160,-740,-4.97,14510,-390,-2.62,14160,15600,1399-11-7
164,فرابورس,فرابورس ايران,2018,4317448,169248021832,41126,39800,39070,-2056,-5.0,39201,-1925,-4.68,39070,41000,1399-11-7
165,قرن,پديده شيمي قرن,2008,2813880,182189343220,65760,65750,63030,-2730,-4.15,64750,-1010,-1.54,62510,68350,1399-11-7
166,رتكو,كنترل‌خوردگي‌تكين‌كو,1980,8313407,165270820400,19780,20700,19410,-370,-1.87,19880,100,0.51,18890,20760,1399-11-7
167,اعتماد,صندوق س.اعتماد آفرين پارسيان-د,1974,48432040,1672865611840,34522,34542,34541,19,0.06,34540,18,0.05,34532,34542,1399-11-7
168,چدن,توليدي چدن سازان,1954,6407632,187720071160,29920,30600,28430,-1490,-4.98,29300,-620,-2.07,28430,31000,1399-11-7
169,تكنو,تكنوتار,1935,6438070,139504694630,20860,21790,21900,1040,4.99,21670,810,3.88,20870,21900,1399-11-7
170,قاسم,قاسم ايران,1920,11944473,171664152707,15041,15000,14289,-752,-5.0,14372,-669,-4.45,14289,15200,1399-11-7
171,ونيكي,سرمايه‌گذاري‌ ملي‌ايران‌,1881,7735427,96829467000,13070,12600,12420,-650,-4.97,12520,-550,-4.21,12420,13080,1399-11-7
172,ولساپا,ليزينگ رايان‌ سايپا,1843,36521252,130471983660,3730,3650,3550,-180,-4.83,3570,-160,-4.29,3550,3730,1399-11-7
173,فاذر,صنايع‌ آذرآب‌,1837,6123553,145513466330,24440,23240,23220,-1220,-4.99,23760,-680,-2.78,23220,24740,1399-11-7
174,وسين,بيمه سينا,1821,14889600,271256734407,17482,17500,17787,305,1.74,18218,736,4.21,17500,18356,1399-11-7
175,بشهاب,لامپ‌  پارس‌ شهاب‌,1817,853783,87257316390,102280,107000,98500,-3780,-3.7,102200,-80,-0.08,97170,107390,1399-11-7
176,رنيك,جنرال مكانيك,1798,4242421,93175696672,21785,21653,21700,-85,-0.39,21963,178,0.82,21110,22720,1399-11-7
177,كتوكا,توليدي و خدمات صنايع نسوز توكا,1784,5549770,157193224923,27139,25800,28495,1356,5.0,28324,1185,4.37,25800,28495,1399-11-7
178,دتوليد,داروسازي توليد دارو,1775,5925215,165985720031,29320,28000,27854,-1466,-5.0,28013,-1307,-4.46,27854,29235,1399-11-7
179,وشهر,بانك شهر,1762,20710563,134350455570,6562,6800,6340,-222,-3.38,6487,-75,-1.14,6300,6800,1399-11-7
180,كاردان,صندوق س تجارت شاخصي كاردان,1760,1015095,152052799220,156340,159960,143600,-12740,-8.15,149790,-6550,-4.19,143030,159990,1399-11-7
181,ومهان,گروه توسعه مالي مهر آيندگان,1710,8529570,108920887664,13311,13310,12646,-665,-5.0,12770,-541,-4.06,12646,13479,1399-11-7
182,زدشت,كشت و صنعت دشت خرم دره,1709,3624824,114041527534,33007,32000,31357,-1650,-5.0,31461,-1546,-4.68,31357,33000,1399-11-7
183,توريل,توکاريل,1708,5909373,160571631778,27996,27150,26597,-1399,-5.0,27172,-824,-2.94,26597,29000,1399-11-7
184,نوين,بيمه نوين,1703,22767323,157155683378,7252,7110,6890,-362,-4.99,6903,-349,-4.81,6890,7110,1399-11-7
185,شاراك,پتروشيمي شازند,1697,8974466,207311735040,22920,23590,23000,80,0.35,23100,180,0.79,22100,23850,1399-11-7
186,وآتوس,س.آرين توسكا قيمت اسمي 350ريال,1694,2856235,136360796748,46958,45590,47750,792,1.69,47741,783,1.67,45550,48366,1399-11-7
187,دانا,بيمه دانا,1681,19145501,143600234340,7860,7770,7470,-390,-4.96,7500,-360,-4.58,7470,7800,1399-11-7
188,بالبر,كابل‌ البرز,1671,2622231,108577678270,41960,44020,39870,-2090,-4.98,41410,-550,-1.31,39870,44020,1399-11-7
189,چكاوهح,ح . صنايع‌كاغذسازي‌كاوه‌,1668,16372890,185842564260,10900,10900,11990,1090,10.0,11350,450,4.13,10200,11990,1399-11-7
190,فالوم,آلومتك‌,1659,10963674,408620144988,38366,37216,37216,-1150,-3.0,37270,-1096,-2.86,37216,38057,1399-11-7
191,فنوال,نورد آلومينيوم‌,1654,4424100,99846242920,23500,22700,22330,-1170,-4.98,22570,-930,-3.96,22330,23500,1399-11-7
192,پارسان,گسترش نفت و گاز پارسيان,1636,9215027,166274280310,18660,18110,17730,-930,-4.98,18040,-620,-3.32,17730,19150,1399-11-7
193,فروي,ذوب روي اصفهان,1623,1339133,88612370138,68878,67000,65435,-3443,-5.0,66171,-2707,-3.93,65435,68878,1399-11-7
194,كسرا,سراميك‌هاي‌صنعتي‌اردكان‌,1612,10919879,253420241750,24400,23180,23180,-1220,-5.0,23210,-1190,-4.88,23180,24200,1399-11-7
195,فزرين,زرين معدن آسيا,1609,5933825,124745408303,21458,20450,20386,-1072,-5.0,21023,-435,-2.03,20386,22200,1399-11-7
196,گكوثر,هتل پارسيان كوثر اصفهان,1609,33433478,101917466730,3196,3060,3037,-159,-4.97,3048,-148,-4.63,3037,3180,1399-11-7
197,لپارس,پارس‌ الكتريك‌,1608,781243,77090535600,102830,98900,97690,-5140,-5.0,98680,-4150,-4.04,97690,103500,1399-11-7
198,بكهنوج,توليد برق ماهتاب كهنوج,1592,33761430,68656746560,2130,2070,2024,-106,-4.98,2034,-96,-4.51,2024,2150,1399-11-7
199,تليسه,دامداري تليسه نمونه,1588,12639218,56163282732,4637,4470,4406,-231,-4.98,4444,-193,-4.16,4406,4640,1399-11-7
200,وساخت,سرمايه‌ گذاري‌ ساختمان‌ايران‌,1578,2872883,154967329040,56450,54610,53630,-2820,-5.0,53940,-2510,-4.45,53630,56050,1399-11-7
201,ولانا,شركت ليزينگ آريا دانا,1528,2812034,80869519993,28389,28990,29000,611,2.15,28758,369,1.3,28006,29210,1399-11-7
202,فاما,صنعتي‌ آما,1517,4957965,102524723590,20180,20800,20550,370,1.83,20680,500,2.48,20420,21050,1399-11-7
203,فسرب,ملي‌ سرب‌وروي‌ ايران‌,1502,1455978,131038261860,93610,91000,88930,-4680,-5.0,90000,-3610,-3.86,88930,97200,1399-11-7
204,كبافق,معادن‌ بافق‌,1494,2026437,103486639290,53360,52200,50700,-2660,-4.99,51070,-2290,-4.29,50700,54000,1399-11-7
205,بپاس,بيمه پاسارگاد,1491,1414499,141309980403,99894,99930,99900,6,0.01,99901,7,0.01,99894,99940,1399-11-7
206,شكلر,نيروكلر,1471,2269642,133328641720,60670,59000,57650,-3020,-4.98,58740,-1930,-3.18,57640,60990,1399-11-7
207,زنگان,صنعت روي زنگان,1469,1137649,121739376582,103864,100000,109057,5193,5.0,107010,3146,3.03,99500,109057,1399-11-7
208,واحيا,م .صنايع و معادن احياء سپاهان,1461,1125157,186975593162,169432,173980,164350,-5082,-3.0,166177,-3255,-1.92,164350,173980,1399-11-7
209,زاگرس,پتروشيمي زاگرس,1441,944172,175808247965,191205,189000,183000,-8205,-4.29,186204,-5001,-2.62,182000,193000,1399-11-7
210,سامان,بانك سامان,1439,18509035,193180084374,10707,10420,10386,-321,-3.0,10437,-270,-2.52,10386,10921,1399-11-7
211,وملل,اعتباري ملل,1438,16836497,252252702899,15739,15100,14953,-786,-4.99,14982,-757,-4.81,14953,15500,1399-11-7
212,تبرك,گروه كارخانجات صنعتي تبرك,1428,4528653,70995378672,16415,15800,15595,-820,-5.0,15677,-738,-4.5,15595,16415,1399-11-7
213,وبانك,سرمايه گذاري گروه توسعه ملي,1404,12335104,97513144830,8270,8260,8000,-270,-3.26,7910,-360,-4.35,7860,8430,1399-11-7
214,كالا,بورس كالاي ايران,1402,2850957,107909803920,39760,38010,37780,-1980,-4.98,37850,-1910,-4.8,37780,39490,1399-11-7
215,سيلام,سيمان‌ ايلام‌,1387,9834402,77577630320,7980,7650,7620,-360,-4.51,7890,-90,-1.13,7590,8300,1399-11-7
216,شجم,صنايع پتروشيمي تخت جمشيد,1384,9065911,108845171580,11771,12120,11948,177,1.5,12006,235,2.0,11500,12124,1399-11-7
217,وليز,ليزينگ‌ايران‌,1379,16143660,102749880940,6680,6350,6350,-330,-4.94,6360,-320,-4.79,6350,6650,1399-11-7
218,سفانو,سيمان فارس نو,1367,6529128,245030190910,36120,36120,37920,1800,4.98,37530,1410,3.9,34330,37920,1399-11-7
219,درهآور,دارويي ره آورد تامين,1362,1759599,67411126273,39445,39000,38200,-1245,-3.16,38311,-1134,-2.87,37473,40450,1399-11-7
220,فايرا,آلومينيوم‌ايران‌,1362,5312082,120755742980,22220,23250,22000,-220,-0.99,22730,510,2.3,21380,23330,1399-11-7
221,سفارس,سيمان فارس و خوزستان,1321,6756635,111641802980,17190,16660,16340,-850,-4.94,16520,-670,-3.9,16340,17410,1399-11-7
222,ثنوسا,نوسازي‌وساختمان‌تهران‌,1303,11530862,158746185920,14200,13800,13490,-710,-5.0,13770,-430,-3.03,13490,14200,1399-11-7
223,سخواف,سيمان مجد خواف,1303,5385600,117151342487,21745,21095,21093,-652,-3.0,21753,8,0.04,21093,22397,1399-11-7
224,شسپا,نفت سپاهان,1302,5482159,134728225310,25560,26270,24290,-1270,-4.97,24580,-980,-3.83,24290,26270,1399-11-7
225,غديس,پاكديس,1301,8361096,107652988780,12295,12909,12909,614,4.99,12875,580,4.72,12300,12909,1399-11-7
226,سرچشمه,سرمايه گذاري مس سرچشمه,1300,9672157,69490805896,7478,7300,7105,-373,-4.99,7185,-293,-3.92,7105,7548,1399-11-7
227,البرز,بيمه البرز,1284,29924430,128125338440,4490,4300,4270,-220,-4.9,4280,-210,-4.68,4270,4440,1399-11-7
228,كپارس,كاشي‌ پارس‌,1258,729959,119575393910,171430,167950,162860,-8570,-5.0,163810,-7620,-4.44,162860,174000,1399-11-7
229,تايرا,تراكتورسازي‌ايران‌,1256,3647439,105370150120,30080,31500,28580,-1500,-4.99,28890,-1190,-3.96,28580,31520,1399-11-7
230,شاوان,پالايش نفت لاوان,1248,1247588,110405012144,90047,93130,85545,-4502,-5.0,88495,-1552,-1.72,85545,94489,1399-11-7
231,كطبس,ذغال‌سنگ‌ نگين‌ ط‌بس‌,1239,1467422,101436173550,68020,70000,67070,-950,-1.4,69130,1110,1.63,66340,70890,1399-11-7
232,كيان,صندوق س. با درآمد ثابت كيان,1227,25817141,694817885428,26894,26916,26914,20,0.07,26913,19,0.07,26912,26916,1399-11-7
233,پكوير,كوير تاير,1220,7106396,109742372740,16180,15400,15380,-800,-4.94,15440,-740,-4.57,15380,16130,1399-11-7
234,فيروزه,صندوق شاخص30 شركت فيروزه- سهام,1207,699368,100664545510,149650,148850,138800,-10850,-7.25,143940,-5710,-3.82,136540,151480,1399-11-7
235,سرود,سيمان‌شاهرود,1206,11351123,202827400680,17100,16490,17950,850,4.97,17870,770,4.5,16490,17950,1399-11-7
236,شصدف,صنعتي دوده فام,1202,26002,742747130,27205,28565,28565,1360,5.0,27224,19,0.07,28565,28565,1399-11-7
237,خديزل,بهمن  ديزل,1201,1617095,69280058025,41393,42900,42330,937,2.26,42842,1449,3.5,41400,43462,1399-11-7
238,اخابر,مخابرات ايران,1197,9965785,109511472730,11500,11020,10930,-570,-4.96,11040,-460,-4.0,10930,11330,1399-11-7
239,آرمان,بيمه آرمان,1194,13215705,127370653561,9377,9658,9658,281,3.0,9638,261,2.78,9300,9658,1399-11-7
240,كروي,توسعه‌ معادن‌ روي‌ ايران‌,1164,3655893,114511786830,32590,32000,30970,-1620,-4.97,31320,-1270,-3.9,30970,33790,1399-11-7
241,وخاور,بانك خاورميانه,1157,10718776,108723344720,10320,10000,9980,-340,-3.29,10140,-180,-1.74,9900,10400,1399-11-7
242,وآوا,سرمايه گذاري آوا نوين,1156,5857597,50362149558,8958,8620,8511,-447,-4.99,8598,-360,-4.02,8511,9100,1399-11-7
243,شخارك,پتروشيمي‌ خارك‌,1152,3129473,130409408610,40400,42420,41550,1150,2.85,41670,1270,3.14,40140,42420,1399-11-7
244,فنورد,نوردوقطعات‌ فولادي‌,1150,597109,138077403340,243000,230860,230850,-12150,-5.0,231240,-11760,-4.84,230850,241000,1399-11-7
245,فپنتا,سپنتا,1137,137985,56842856630,423800,423800,409890,-13910,-3.28,411950,-11850,-2.8,402610,428000,1399-11-7
246,خمهر,مهركام‌پارس‌,1135,18277361,53593056060,3040,2960,2890,-150,-4.93,2930,-110,-3.62,2890,3120,1399-11-7
247,شلرد,كود شيميايي اوره لردگان,1132,10759548,83905489932,8020,7865,7780,-240,-2.99,7798,-222,-2.77,7780,8006,1399-11-7
248,حسينا,توسعه خدمات دريايي وبندري سينا,1127,1298608,91631706926,71679,73000,68776,-2903,-4.05,70561,-1118,-1.56,68200,73700,1399-11-7
249,سشرق,سيمان‌ شرق‌,1125,10586848,66129947710,6510,6370,6190,-320,-4.92,6250,-260,-3.99,6190,6660,1399-11-7
250,ثاباد,توريستي ورفاهي آبادگران ايران,1118,3113955,177557622660,54320,57030,57030,2710,4.99,57020,2700,4.97,56500,57030,1399-11-7
251,واعتبار,سرمايه گذاري اعتبار ايران,1115,13128674,103588401640,7550,7900,7920,370,4.9,7890,340,4.5,7550,7920,1399-11-7
252,هرمز,فولاد هرمزگان جنوب,1115,7326645,95481923522,13558,13894,13099,-459,-3.39,13149,-409,-3.02,12881,13894,1399-11-7
253,وبوعلي,سرمايه‌گذاري‌بوعلي‌,1110,11404174,61024910830,5590,5590,5320,-270,-4.83,5350,-240,-4.29,5320,5590,1399-11-7
254,امين يكم2,صندوق درآمد ثابت امين يكم فردا,1100,110000000,110000000,10132,1,1,-10131,-99.99,1,-10131,-99.99,1,1,1399-11-7
255,وزمين,بانك ايران زمين,1092,18036417,264467449596,14866,14569,14780,-86,-0.58,14663,-203,-1.37,14569,15090,1399-11-7
256,فبيرا,بسته‌ بندي‌ ايران‌,1087,12477315,41327331537,3300,3300,3201,-99,-3.0,3312,12,0.36,3201,3399,1399-11-7
257,فباهنر,مس‌ شهيدباهنر,1087,1571876,83345147210,53430,54980,52000,-1430,-2.68,53020,-410,-0.77,51500,55450,1399-11-7
258,وملي,گروه‌ صنعتي‌ ملي‌ (هلدينگ‌,1083,593555,116548559080,206040,197120,195740,-10300,-5.0,196360,-9680,-4.7,195740,201920,1399-11-7
259,شاملا,معدني‌ املاح‌  ايران‌,1082,1205829,72430728770,58810,61750,57470,-1340,-2.28,60070,1260,2.14,55880,61750,1399-11-7
260,ولتجار,واسپاري تجارت وسرمايه ايرانيان,1064,10391838,88841315533,8863,8420,8420,-443,-5.0,8549,-314,-3.54,8420,9240,1399-11-7
261,كي بي سي,شركت كي بي سي,1062,2535439,78720832567,29778,28700,31266,1488,5.0,31048,1270,4.26,28700,31266,1399-11-7
262,شنفت,نفت‌ پارس‌,1059,1297151,71209030690,56860,56260,54020,-2840,-4.99,54900,-1960,-3.45,54020,59000,1399-11-7
263,شگل,گلتاش‌,1055,3682382,97202776520,26120,25420,27420,1300,4.98,26400,280,1.07,24830,27420,1399-11-7
264,شكربن,كربن‌ ايران‌,1053,1338243,140907500170,108750,106610,103320,-5430,-4.99,105290,-3460,-3.18,103320,111100,1399-11-7
265,داروح,ح . كارخانجات‌داروپخش,1044,3585900,109824331590,28240,30800,31060,2820,9.99,30630,2390,8.46,26420,31060,1399-11-7
266,چكارن,كارتن‌ ايران‌,1041,10533371,38769356080,3850,3750,3660,-190,-4.94,3710,-140,-3.64,3660,3790,1399-11-7
267,ما,بيمه  ما,1038,7723792,62723851150,8150,8270,7840,-310,-3.8,8120,-30,-0.37,7750,8470,1399-11-7
268,ريشمك,توليد و صادرات ريشمك,1034,1864777,96865290937,53459,54000,50800,-2659,-4.97,51945,-1514,-2.83,50787,54744,1399-11-7
269,والبر,سرمايه‌ گذاري‌ البرز(هلدينگ‌,1030,5791673,82813653780,14960,14330,14220,-740,-4.95,14300,-660,-4.41,14220,15000,1399-11-7
270,شپديس,پتروشيمي پرديس,1029,1550462,143653629580,95030,94490,90280,-4750,-5.0,92650,-2380,-2.5,90280,98500,1399-11-7
271,پاسا,ايران‌ياساتايرورابر,1027,4472914,112796233910,26330,26390,25020,-1310,-4.98,25220,-1110,-4.22,25020,27000,1399-11-7
272,سيستم,همكاران سيستم,1024,2733630,95216663520,36410,36930,34590,-1820,-5.0,34830,-1580,-4.34,34590,36930,1399-11-7
273,خاهن,آهنگري‌ تراكتورسازي‌ ايران‌,1024,2333160,90701308830,39950,39150,38530,-1420,-3.55,38870,-1080,-2.7,38350,39720,1399-11-7
274,دزهراوي,داروسازي‌زهراوي‌,1023,5667269,50381852720,9340,9000,8880,-460,-4.93,8890,-450,-4.82,8880,9280,1399-11-7
275,وسينا,بانك سينا,1013,15516052,52596117940,3540,3540,3370,-170,-4.8,3390,-150,-4.24,3370,3630,1399-11-7
276,سكارون,سيمان كارون,996,942262,200142983711,209221,215497,202945,-6276,-3.0,212407,3186,1.52,202945,215497,1399-11-7
277,كگاز,شيشه‌ و گاز,993,3508682,59127278020,17630,17010,16750,-880,-4.99,16850,-780,-4.42,16750,17530,1399-11-7
278,وسپه,سرمايه‌گذاري‌ سپه‌,992,12244333,85041249340,7290,7190,6930,-360,-4.94,6950,-340,-4.66,6930,7250,1399-11-7
279,خفنر,فنرسازي‌خاور,984,5575553,127182938130,21900,21220,22990,1090,4.98,22810,910,4.16,20950,22990,1399-11-7
280,وآرين,شركت توسعه اقتصادي آرين,983,15945272,76959688997,4694,4590,4834,140,2.98,4826,132,2.81,4590,4834,1399-11-7
281,غمينو,شركت صنايع غذايي مينو شرق,980,3013366,47608428843,16199,15806,15390,-809,-4.99,15799,-400,-2.47,15390,16700,1399-11-7
282,بورس,بورس اوراق بهادار تهران,974,3292863,153976195490,49220,46760,46760,-2460,-5.0,46760,-2460,-5.0,46760,47660,1399-11-7
283,خفناور,مهندسي صنعتي روان فن آور,973,3031961,121745243242,38998,40167,40167,1169,3.0,40154,1156,2.96,39600,40167,1399-11-7
284,لخزر,پارس‌ خزر,971,577373,102145998510,168940,177380,177380,8440,5.0,176920,7980,4.72,173130,177380,1399-11-7
285,فسپا,گروه‌صنعتي‌سپاهان‌,971,3331272,135903100020,42160,44260,40510,-1650,-3.91,40800,-1360,-3.23,40060,44260,1399-11-7
286,آپ,آسان پرداخت پرشين,970,4404412,79611070100,18930,18140,17990,-940,-4.97,18080,-850,-4.49,17990,18850,1399-11-7
287,خريخت,صنايع‌ريخته‌گري‌ايران‌,968,14345625,56548204770,4120,4050,3920,-200,-4.85,3940,-180,-4.37,3920,4100,1399-11-7
288,قصفها,قنداصفهان‌,963,466015,69916655680,157360,150500,149500,-7860,-4.99,150030,-7330,-4.66,149500,157350,1399-11-7
289,زكوثر,سرمايه گذاري كشاورزي كوثر,962,3113656,65624610600,22100,21050,21000,-1100,-4.98,21080,-1020,-4.62,21000,22000,1399-11-7
290,سبجنو,سيمان‌ بجنورد,961,1848308,74126011500,41110,39460,39170,-1940,-4.72,40100,-1010,-2.46,39060,42020,1399-11-7
291,مداران,داده‌پردازي‌ايران‌,954,2645055,70922702180,27530,28600,26160,-1370,-4.98,26810,-720,-2.62,26160,28600,1399-11-7
292,تيپيكو,سرمايه گذاري دارويي تامين,949,2478232,118830074690,50360,50200,47850,-2510,-4.98,47950,-2410,-4.79,47850,50200,1399-11-7
293,فلوله,لوله‌وماشين‌سازي‌ايران‌,946,4758955,95372972250,20900,20370,19860,-1040,-4.98,20040,-860,-4.11,19860,21450,1399-11-7
294,لوتوس,تامين سرمايه لوتوس پارسيان,945,7752193,80793733320,10920,10650,10400,-520,-4.76,10420,-500,-4.58,10380,10900,1399-11-7
295,همراه,شركت ارتباطات سيار ايران,945,2610276,69810890620,27690,27600,26310,-1380,-4.98,27020,-670,-2.42,26310,28280,1399-11-7
296,ارفع,شركت آهن و فولاد ارفع,943,7446170,92013744040,12883,13000,12239,-644,-5.0,12357,-526,-4.08,12239,13000,1399-11-7
297,كتوكاح,ح.توليدي وخدمات صنايع نسوزتوكا,941,3665538,77833669389,20819,19779,20900,81,0.39,21234,415,1.99,19779,21859,1399-11-7
298,پارسيان,بيمه پارسيان,934,4580130,54340701980,11620,12200,11590,-30,-0.26,11860,240,2.07,11210,12200,1399-11-7
299,وپست,پست بانك ايران,934,7285555,146537399900,20960,20030,19920,-1040,-4.96,20110,-850,-4.06,19920,21200,1399-11-7
300,شپاكسا,پاكسان‌,930,2792469,89793983860,32600,32600,32500,-100,-0.31,32160,-440,-1.35,31000,33280,1399-11-7
301,شفارا,پتروشيمي فارابي,916,7651144,37350376789,4980,5109,4831,-149,-2.99,4882,-98,-1.97,4831,5109,1399-11-7
302,وسنا,سرمايه گذاري نيروگاهي ايران,911,5028241,96445377340,19851,19851,18859,-992,-5.0,19181,-670,-3.38,18859,20350,1399-11-7
303,وتوسم,سرمايه‌گذاري‌توسعه‌ملي‌,906,5382230,62413913120,12090,11490,11490,-600,-4.96,11600,-490,-4.05,11490,12090,1399-11-7
304,تنوين,تامين سرمايه نوين,897,7370088,42795578170,6040,6050,5810,-230,-3.81,5850,-190,-3.15,5740,6230,1399-11-7
305,حتايد,تايدواترخاورميانه,892,4516296,117953601040,27030,27000,25680,-1350,-4.99,26120,-910,-3.37,25680,27000,1399-11-7
306,پاكشو,گروه صنعتي پاكشو,884,819189,63882175690,79230,80000,77800,-1430,-1.8,78440,-790,-1.0,77000,80000,1399-11-7
307,غاذر,كشت‌وصنعت‌پياذر,882,982672,52740837150,56240,54000,53430,-2810,-5.0,53670,-2570,-4.57,53430,56210,1399-11-7
308,كشرق,صنعتي و معدني شمال شرق شاهرود,871,775027,72207548428,97856,93020,92964,-4892,-5.0,93168,-4688,-4.79,92964,96650,1399-11-7
309,ثمسكن,سرمايه‌گذاري‌ مسكن‌,868,8682354,43590439210,5230,5130,4970,-260,-4.97,5040,-190,-3.63,4970,5300,1399-11-7
310,رتاپ,تجارت الكترونيك  پارسيان,866,4802008,28687556360,6260,6010,5950,-310,-4.95,6080,-180,-2.88,5950,6160,1399-11-7
311,پارند,صندوق س. پارند پايدار سپهر,865,31676377,358307200022,11306,11315,11313,7,0.06,11311,5,0.04,11310,11317,1399-11-7
312,خچرخش,چرخشگر,863,2304478,38867751530,17420,17100,16550,-870,-4.99,16940,-480,-2.76,16550,17800,1399-11-7
313,خوساز,محورسازان‌ايران‌خودرو,856,8196396,63674852570,8120,7950,7720,-400,-4.93,7770,-350,-4.31,7720,8100,1399-11-7
314,كوثر,بيمه كوثر,856,5149959,90682686679,18459,17800,17537,-922,-4.99,17608,-851,-4.61,17537,18280,1399-11-7
315,دفارا,داروسازي‌ فارابي‌,851,1162299,62917736640,56390,54100,53580,-2810,-4.98,54130,-2260,-4.01,53580,56370,1399-11-7
316,تاصيكو,سرمايه گذاري صدرتامين,850,7292846,69997651720,9920,10140,9430,-490,-4.94,9730,-190,-1.92,9430,10140,1399-11-7
317,مبين,مبين انرژي خليج فارس,849,3426539,45576005300,13590,13780,13000,-590,-4.34,13470,-120,-0.88,12920,14090,1399-11-7
318,واتي,سرمايه‌ گذاري‌ آتيه‌ دماوند,843,5189829,53928588830,10790,10900,10330,-460,-4.26,10390,-400,-3.71,10260,11150,1399-11-7
319,طلا,صندوق س.پشتوانه طلاي لوتوس,838,1425102,103005998667,75501,72610,72150,-3351,-4.44,72280,-3221,-4.27,71620,74266,1399-11-7
320,كفپارس,فرآورده‌هاي‌ نسوز پارس‌,835,9649617,43520071270,4690,4700,4460,-230,-4.9,4520,-170,-3.62,4460,4700,1399-11-7
321,پكرمان,گروه‌ صنعتي‌ بارز,833,2715415,71099271230,25730,26690,25350,-380,-1.48,26180,450,1.75,24810,27000,1399-11-7
322,زفكاح,ح . كشت و دامداري فكا,832,6236236,56068432912,9298,9070,8834,-464,-4.99,8991,-307,-3.3,8834,9400,1399-11-7
323,ورنا,سرمايه‌گذاري‌ رنا(هلدينگ‌,828,10118772,63002351380,6500,6250,6180,-320,-4.92,6230,-270,-4.15,6180,6420,1399-11-7
324,ونفت,سرمايه‌گذاري‌ صنعت‌ نفت‌,827,5693740,101354690220,18470,17720,17550,-920,-4.98,17800,-670,-3.63,17550,18680,1399-11-7
325,مرقام,ايران‌ارقام‌,821,2661794,50064638790,19710,19600,18730,-980,-4.97,18810,-900,-4.57,18730,19600,1399-11-7
326,هفملي011,اختيارف ت فملي-14400-00/11/06,810,81000000,17820000000,1,220,220,219,21900.0,220,219,21900.0,220,220,1399-11-7
327,شوينده,مديريت صنعت شوينده ت.ص.بهشهر,796,1760277,57619892510,34370,33600,32660,-1710,-4.98,32730,-1640,-4.77,32660,34230,1399-11-7
328,تماوند,تامين سرمايه دماوند,792,12822955,234423195989,18413,17900,18212,-201,-1.09,18282,-131,-0.71,17900,18879,1399-11-7
329,جم,پتروشيمي جم,790,1364007,56026372090,41930,40000,40510,-1420,-3.39,41440,-490,-1.17,40000,43300,1399-11-7
330,دمعيار,صندوق س. توازن معيار-د,788,40219623,403481932926,10030,10035,10028,-2,-0.02,10032,2,0.02,10028,10040,1399-11-7
331,نيرو,نيرو سرمايه,787,880400,55518812797,64043,64980,62122,-1921,-3.0,63061,-982,-1.53,62122,65499,1399-11-7
332,ومعلم,بيمه معلم,787,5344617,28727296652,5598,5450,5319,-279,-4.98,5460,-138,-2.47,5319,5583,1399-11-7
333,كپشير,پشم‌شيشه‌ايران‌,785,3313379,88818683570,25590,25000,26860,1270,4.96,26810,1220,4.77,25000,26860,1399-11-7
334,غمينوح,ح . شركت صنايع غذايي مينو شرق,782,4473705,42916300112,10038,10000,9537,-501,-4.99,9593,-445,-4.43,9537,10310,1399-11-7
335,اپرداز,آتيه داده پرداز,781,2692855,59469542825,22884,22800,21740,-1144,-5.0,22084,-800,-3.5,21740,23500,1399-11-7
336,ميدكو,هلدينگ صنايع  معدني خاورميانه,771,6013170,188886706080,31523,31524,31300,-223,-0.71,31412,-111,-0.35,31000,31800,1399-11-7
337,ختور,رادياتور ايران‌,764,1778809,51428241680,30240,28740,28730,-1510,-4.99,28910,-1330,-4.4,28730,29970,1399-11-7
338,غمارگ,مارگارين‌,762,2175515,67752372820,32310,31850,30700,-1610,-4.98,31140,-1170,-3.62,30700,33200,1399-11-7
339,شكبير,پتروشيمي اميركبير,749,1925847,156998908365,83208,81000,82000,-1208,-1.45,81522,-1686,-2.03,80717,83200,1399-11-7
340,خاذين,سايپاآذين‌,747,11609996,52822111920,4740,4700,4510,-230,-4.85,4550,-190,-4.01,4510,4740,1399-11-7
341,غشهد,شهد ايران ‌,746,6365999,41303639010,6770,6840,6440,-330,-4.87,6520,-250,-3.69,6440,6840,1399-11-7
342,ثجوان,تامين مسكن جوانان,744,4406983,55685409627,12997,12608,12608,-389,-2.99,12636,-361,-2.78,12608,12950,1399-11-7
343,گوهران,سرمايه گذاري توسعه گوهران اميد,744,2716559,21083026218,7841,8132,7680,-161,-2.05,7808,-33,-0.42,7450,8132,1399-11-7
344,بساما,بيمه سامان,739,3179717,69642754246,23006,23000,21860,-1146,-4.98,21902,-1104,-4.8,21856,23000,1399-11-7
345,وكار,بانك‌ كارآفرين‌,733,11236141,33065955330,3050,3130,2900,-150,-4.92,2970,-80,-2.62,2900,3130,1399-11-7
346,مفاخر,توسعه فناوري اطلاعات خوارزمي,718,1346673,59304417725,43362,41210,45530,2168,5.0,44038,676,1.56,41210,45530,1399-11-7
347,شپارس,بين‌ المللي‌ محصولات‌  پارس‌,706,4156281,80758689790,20370,19600,19360,-1010,-4.96,19430,-940,-4.61,19360,20620,1399-11-7
348,وآفري,بيمه كارآفرين,704,10999717,208711966002,19531,19900,19140,-391,-2.0,18974,-557,-2.85,18946,19900,1399-11-7
349,تسه9908,امتياز تسهيلات مسكن آبان99,703,15226,7765030905,522295,521000,530000,7705,1.48,509985,-12310,-2.36,496181,539998,1399-11-7
350,ولبهمن,شركت بهمن ليزينگ,703,7662888,57306468237,7800,7500,7410,-390,-5.0,7478,-322,-4.13,7410,7940,1399-11-7
351,شپاس,نفت پاسارگاد,698,2382966,54415678254,23205,24030,22960,-245,-1.06,22835,-370,-1.59,22220,24035,1399-11-7
352,هخود011,اختيارف ت خودرو-3540-00/11/06,694,69400000,4858000000,1,70,70,69,6900.0,70,69,6900.0,70,70,1399-11-7
353,ستران,سيمان‌ تهران‌,687,1406389,38041095460,28380,28000,26970,-1410,-4.97,27310,-1070,-3.77,26970,28380,1399-11-7
354,سمازن,سيمان‌مازندران‌,684,4549742,41184499920,9470,9250,9000,-470,-4.96,9100,-370,-3.91,9000,9380,1399-11-7
355,خكمك,كمك‌فنرايندامين‌,682,1511488,48724450460,33600,32050,31920,-1680,-5.0,32240,-1360,-4.05,31920,33420,1399-11-7
356,عيار,صندوق س. پشتوانه طلاي مفيد,681,1661888,41692484594,26492,25800,25250,-1242,-4.69,25087,-1405,-5.3,24570,25800,1399-11-7
357,قشير,قند شيروان قوچان و بجنورد,676,1721832,45680269651,27854,26850,26462,-1392,-5.0,26530,-1324,-4.75,26462,27800,1399-11-7
358,فولاژ,فولاد آلياژي ايران,675,2798185,45250594230,16770,16350,15940,-830,-4.95,16350,-420,-2.5,15940,17500,1399-11-7
359,نطرين,عطرين نخ قم,674,3480187,42179478437,12722,12603,12086,-636,-5.0,12185,-537,-4.22,12086,12700,1399-11-7
360,شبصير,توليدات پتروشيمي قائد بصير,667,587433,57460506878,96983,94501,95541,-1442,-1.49,97816,833,0.86,93436,101420,1399-11-7
361,غشوكو,شوكو پارس,664,775615,37860798301,49671,51100,48181,-1490,-3.0,48814,-857,-1.73,48181,51100,1399-11-7
362,ثالوند,سرمايه گذاري مسكن الوند,664,4376276,102172709198,22237,23348,23348,1111,5.0,23347,1110,4.99,23000,23348,1399-11-7
363,تسه9909,امتياز تسهيلات مسكن آذر99,659,7492,3859375807,530193,503684,505000,-25193,-4.75,515133,-15060,-2.84,503684,540000,1399-11-7
364,اطلس,صندوق س.توسعه اندوخته آينده-س,658,319669,64186829147,204165,205000,197100,-7065,-3.46,200792,-3373,-1.65,195100,205001,1399-11-7
365,سهرمز,سيمان‌هرمزگان‌,658,1128267,26376623860,23180,22800,23720,540,2.33,23290,110,0.47,22800,24330,1399-11-7
366,كهمدا,شيشه‌ همدان‌,658,3652549,39499635680,11170,10710,10620,-550,-4.92,10860,-310,-2.78,10620,11360,1399-11-7
367,كفرآور,فرآورده هاي سيمان شرق,656,3273798,67792487569,21309,20670,20690,-619,-2.9,20708,-601,-2.82,20670,21290,1399-11-7
368,دسانكو,داروسازي سبحان انكولوژي,650,3093799,49447696789,16794,16052,15955,-839,-5.0,15983,-811,-4.83,15955,16749,1399-11-7
369,وصنا,گروه‌صنايع‌بهشهرايران‌,649,4099906,27194782480,6910,6800,6570,-340,-4.92,6750,-160,-2.32,6570,7000,1399-11-7
370,كگهر,سنگ آهن گهرزمين,643,1600224,71804168196,45109,46610,44600,-509,-1.13,44970,-139,-0.31,43116,46610,1399-11-7
371,سپاها,سيمان‌سپاهان‌,643,5574626,44992824950,8430,8280,8010,-420,-4.98,8090,-340,-4.03,8010,8410,1399-11-7
372,وصندوق,سرمايه‌گذاري‌صندوق‌بازنشستگي‌,643,6472171,81000797490,13020,13000,12370,-650,-4.99,12690,-330,-2.53,12370,13670,1399-11-7
373,سصوفي,سيمان‌ صوفيان‌,643,2922062,42013735360,15070,15180,14320,-750,-4.98,14480,-590,-3.92,14320,15180,1399-11-7
374,پرديس,سرمايه گذاري پرديس,642,5369376,33729083610,6510,6300,6190,-320,-4.92,6360,-150,-2.3,6190,6560,1399-11-7
375,آريان,سرمايه گذاري پارس آريان,635,9796128,131649791851,13693,13800,13283,-410,-2.99,13439,-254,-1.85,13283,13899,1399-11-7
376,غالبر,لبنيات‌ كالبر,626,2327030,30179324360,13340,13240,12680,-660,-4.95,13090,-250,-1.87,12680,13780,1399-11-7
377,خكرمان,گروه اقتصادي كرمان خودرو,625,8375739,41704222839,5125,5001,4972,-153,-2.99,4979,-146,-2.85,4972,5030,1399-11-7
378,كرماشا,صنايع پتروشيمي كرمانشاه,608,1508913,52996557920,36270,37490,34900,-1370,-3.78,35120,-1150,-3.17,34460,37490,1399-11-7
379,پارس,پتروشيمي پارس,606,1097741,144188056280,133880,131300,128600,-5280,-3.94,131350,-2530,-1.89,127190,134900,1399-11-7
380,بهپاك,صنعتي بهپاك,600,1167106,48067443969,42653,43700,40521,-2132,-5.0,41185,-1468,-3.44,40521,44250,1399-11-7
381,هفولا011,اختيارف ت فولاد-14832-00/11/06,600,60000000,60000000,1,1,1,0,0.0,1,0,0.0,1,1,1399-11-7
382,غپونه,نوش پونه مشهد,599,1754234,38179112081,22323,22490,21654,-669,-3.0,21764,-559,-2.5,21654,22490,1399-11-7
383,ثشرق,سرمايه گذاري مسكن شمال شرق,597,10724292,65913233990,6460,6150,6140,-320,-4.95,6150,-310,-4.8,6140,6450,1399-11-7
384,آساس,صندوق س.آسمان آرماني سهام-س,595,448301,73276952209,166074,168990,157000,-9074,-5.46,163455,-2619,-1.58,157000,170500,1399-11-7
385,اتكام,شركت بيمه اتكايي امين,592,6385313,35396069896,5816,5570,5526,-290,-4.99,5606,-210,-3.61,5526,5800,1399-11-7
386,وپترو,سرمايه‌گذاري صنايع پتروشيمي‌,590,1962172,31455199830,16760,16020,15930,-830,-4.95,16280,-480,-2.86,15930,16760,1399-11-7
387,دلرح,ح . داروسازي‌ اكسير,590,1224373,37740663520,32690,33690,30200,-2490,-7.62,30820,-1870,-5.72,30000,33950,1399-11-7
388,دتماد,توليدمواداوليه‌داروپخش‌,586,643515,32411260140,51260,51880,50160,-1100,-2.15,50640,-620,-1.21,48700,52300,1399-11-7
389,سخزر,سيمان‌ خزر,584,1189251,36321399130,31880,31220,30290,-1590,-4.99,30780,-1100,-3.45,30290,31680,1399-11-7
390,ولشرق,ليزينگ ايران و شرق,581,5135302,42925989418,7961,8359,8359,398,5.0,8310,349,4.38,8359,8359,1399-11-7
391,سكرد,سيمان كردستان,577,4146575,33595277260,8430,8580,8010,-420,-4.98,8190,-240,-2.85,8010,8580,1399-11-7
392,خشرق,الكتريك‌ خودرو شرق‌,576,2315128,47126728740,21210,21000,20150,-1060,-5.0,20360,-850,-4.01,20150,21250,1399-11-7
393,ضخود2007,اختيارخ خودرو-3000-1400/02/08,575,15368,4852080000,349,389,309,-40,-11.46,316,-33,-9.46,280,389,1399-11-7
394,آتيمس,صندوق س.آرمان آتيه درخشان مس-س,573,219390,39488937134,188711,184000,174998,-13713,-7.27,179994,-8717,-4.62,173000,190000,1399-11-7
395,خاور,ايران خودرو ديزل,567,5810892,43017640959,7627,7400,7399,-228,-2.99,7403,-224,-2.94,7399,7555,1399-11-7
396,زمگسا,كشاورزي‌ ودامپروي‌ مگسال‌,567,1102697,35273724580,33570,33000,31900,-1670,-4.97,32280,-1290,-3.84,31900,33450,1399-11-7
397,سبهان,سيمان‌ بهبهان‌,567,659843,80909948660,116790,122620,122620,5830,4.99,122620,5830,4.99,122620,122620,1399-11-7
398,غشاذر,پگاه‌آذربايجان‌غربي‌,567,2076395,52433999460,26380,25150,25070,-1310,-4.97,25250,-1130,-4.28,25070,26000,1399-11-7
399,كاريس,صندوق س.سپهر كاريزما-س,557,6093883,66076512173,11261,10923,10840,-421,-3.74,10843,-418,-3.71,10585,11490,1399-11-7
400,ثعمرا,عمران و توسعه شاهد,557,4133814,45911136786,11669,11087,11086,-583,-5.0,11109,-560,-4.8,11086,11450,1399-11-7
401,دبالك,مواد اوليه دارويي البرز بالك,554,1722297,36096121612,21988,20889,20889,-1099,-5.0,21194,-794,-3.61,20889,21500,1399-11-7
402,سكرما,سيمان‌ كرمان‌,553,3986796,61187487710,16120,15320,15320,-800,-4.96,15350,-770,-4.78,15320,16120,1399-11-7
403,حپارسا,توسعه حمل و نقل ريلي پارسيان,553,976968,34045532953,36027,35850,34226,-1801,-5.0,35173,-854,-2.37,34226,36728,1399-11-7
404,سقاين,سيمان‌ قائن‌,551,789905,59849557020,72630,75500,76260,3630,5.0,75770,3140,4.32,73100,76260,1399-11-7
405,وگردش,بانك گردشگري,550,2502012,53727786393,22064,21430,21403,-661,-3.0,21713,-351,-1.59,21403,21990,1399-11-7
406,فخاس,فولاد خراسان,546,1652172,42693165020,27090,25850,25740,-1350,-4.98,26540,-550,-2.03,25740,27200,1399-11-7
407,دلر,داروسازي‌ اكسير,545,687661,25894782030,38590,40400,36880,-1710,-4.43,38090,-500,-1.3,36670,40400,1399-11-7
408,خلنت,لنت‌ ترمزايران‌,545,462611,59390092680,134730,128000,128000,-6730,-5.0,128380,-6350,-4.71,128000,132660,1399-11-7
409,غشصفا,شيرپاستوريزه‌پگاه‌اصفهان‌,545,1621534,48890317460,31550,29980,29980,-1570,-4.98,30150,-1400,-4.44,29980,30990,1399-11-7
410,بخاور,بيمه زندگي خاورميانه,541,4874602,33362245453,7156,6800,6799,-357,-4.99,6945,-211,-2.95,6799,7130,1399-11-7
411,درازك,دارويي‌ رازك‌,539,747077,27919898560,37950,36250,36720,-1230,-3.24,37600,-350,-0.92,36250,39190,1399-11-7
412,سكه0012پ01,سكه تمام بهارتحويلي 1روزه رفاه,537,242300,248024219900,1060947,1039000,1020555,-40392,-3.81,1023624,-37323,-3.52,1012500,1039888,1399-11-7
413,مارون,پتروشيمي مارون,537,280269,42277157260,154337,158200,148510,-5827,-3.78,152860,-1477,-0.96,146621,159858,1399-11-7
414,وتوكا,سرمايه‌گذاري‌توكافولاد(هلدينگ,536,4381300,51546010710,12300,11810,11690,-610,-4.96,11770,-530,-4.31,11690,12400,1399-11-7
415,زبينا,كشاورزي و دامپروري بينالود,530,813378,31224834417,40289,38310,38275,-2014,-5.0,39027,-1262,-3.13,38275,39780,1399-11-7
416,وبشهر,توسعه‌ صنايع‌ بهشهر(هلدينگ,527,3103392,38566604830,12980,12980,12340,-640,-4.93,12510,-470,-3.62,12340,13090,1399-11-7
417,زر,صندوق س.پشتوانه سكه طلاي زر,525,1554467,68345829428,44726,42200,42850,-1876,-4.19,43967,-759,-1.7,42000,44500,1399-11-7
418,دابور,داروسازي‌ ابوريحان‌,525,986524,35788093790,37910,37000,36020,-1890,-4.99,36630,-1280,-3.38,36020,37550,1399-11-7
419,دعبيد,لابراتوارداروسازي‌  دكترعبيدي‌,520,627543,16153890740,26770,25730,25440,-1330,-4.97,26430,-340,-1.27,25440,26610,1399-11-7
420,سخوز,سيمان خوزستان,515,1789569,39777793020,22880,22000,22280,-600,-2.62,22350,-530,-2.32,22000,22880,1399-11-7
421,ياقوت,صندوق س ياقوت آگاه-ثابت,512,13293767,156950827322,11803,11808,11799,-4,-0.03,11806,3,0.03,11798,11808,1399-11-7
422,شسينا,صنايع‌شيميايي‌سينا,511,268286,44250051440,173570,164900,164900,-8670,-5.0,165750,-7820,-4.51,164900,167900,1399-11-7
423,اميد,تامين سرمايه اميد,504,3657697,30077753570,8590,8200,8170,-420,-4.89,8360,-230,-2.68,8170,8700,1399-11-7
424,كنور,توسعه معدني و صنعتي صبانور,504,537902,23502957050,43910,45000,42810,-1100,-2.51,43810,-100,-0.23,42000,46100,1399-11-7
425,خمحور,توليدمحورخودرو,501,841370,44436044190,55080,52550,52330,-2750,-4.99,52810,-2270,-4.12,52330,55900,1399-11-7
426,كپرور,فرآوري زغال سنگ پروده طبس,500,857795,35180349079,42357,41150,40240,-2117,-5.0,41298,-1059,-2.5,40240,43000,1399-11-7
427,سشمال,سيمان‌ شمال‌,496,3105912,28715659310,9700,9250,9280,-420,-4.33,9420,-280,-2.89,9220,9500,1399-11-7
428,ثتوسا,س.توسعه و عمران استان اردبيل,494,919039,37825807162,39960,41158,41158,1198,3.0,41158,1198,3.0,41158,41158,1399-11-7
429,سپ,پرداخت الكترونيك سامان كيش,492,1399155,24335842070,18260,17810,17350,-910,-4.98,17790,-470,-2.57,17350,17980,1399-11-7
430,بميلا,توسعه بازرگاني آهن وفولادميلاد,490,2054398,47256384163,24090,22900,22886,-1204,-5.0,23003,-1087,-4.51,22886,23850,1399-11-7
431,شراز,پالايش نفت شيراز,486,247549,24153640533,101013,102990,95963,-5050,-5.0,99350,-1663,-1.65,95963,102990,1399-11-7
432,فولاي,صنايع فولاد آلياژي يزد,477,540692,22434601050,43326,41300,41160,-2166,-5.0,42480,-846,-1.95,41160,43319,1399-11-7
433,قزوين,كارخانجات‌ قند قزوين‌,472,707784,25289750180,37270,37900,35410,-1860,-4.99,36430,-840,-2.25,35410,37900,1399-11-7
434,ختراك,ريخته‌گري‌ تراكتورسازي‌ ايران‌,472,2857106,37929229560,13960,13270,13270,-690,-4.94,13340,-620,-4.44,13270,13760,1399-11-7
435,سغرب,سيمان‌غرب‌,465,1452397,35981148330,25700,24420,24420,-1280,-4.98,24990,-710,-2.76,24420,26950,1399-11-7
436,قشهد,شهد,462,633442,22587781640,35650,36200,34740,-910,-2.55,35650,0,0.0,34000,36980,1399-11-7
437,سيدكو,سرمايه گذاري توسعه صنايع سيمان,456,5354457,30762256200,6030,5800,5730,-300,-4.98,5840,-190,-3.15,5730,6030,1399-11-7
438,اوان,مبين وان كيش,456,625287,32384780579,50602,52000,51175,573,1.13,51388,786,1.55,49500,53132,1399-11-7
439,وتوشه,سرمايه‌ گذاري‌ پارس‌ توشه‌,455,1324728,30031848080,23650,23450,22470,-1180,-4.99,23020,-630,-2.66,22470,23450,1399-11-7
440,زپارس,ملي كشت و صنعت و دامپروري پارس,446,578175,68698366500,114870,119480,120610,5740,5.0,118820,3950,3.44,110810,120610,1399-11-7
441,جم پيلن,پلي پروپيلن جم - جم پيلن,445,409839,29240072460,72590,70160,70800,-1790,-2.47,71950,-640,-0.88,69890,74900,1399-11-7
442,دفرا,فرآورده‌هاي‌ تزريقي‌ ايران‌,445,907134,25452650480,28170,26780,27760,-410,-1.46,28110,-60,-0.21,26770,29560,1399-11-7
443,آساميد,صندوق س.مشترك آسمان اميد -د,440,19110292,218948066250,11459,11463,11460,1,0.01,11457,-2,-0.02,11452,11470,1399-11-7
444,بالاس,مهندسي ساختمان تاسيسات راه آهن,436,520744,31791271731,63988,62000,60789,-3199,-5.0,61995,-1993,-3.11,60789,63000,1399-11-7
445,ثباغ,شهر سازي و خانه سازي باغميشه,434,1670795,27860597260,17484,17400,16610,-874,-5.0,16945,-539,-3.08,16610,17400,1399-11-7
446,واميد,گروه مديريت سرمايه گذاري اميد,429,1883833,73866104950,39740,39130,38880,-860,-2.16,39400,-340,-0.86,37780,40270,1399-11-7
447,دسبحا,گروه دارويي سبحان,428,1478079,24994947230,17650,17000,16790,-860,-4.87,17240,-410,-2.32,16770,17550,1399-11-7
448,غگلپا,شير پاستوريزه پگاه گلپايگان,424,606632,37906359502,64931,63010,61685,-3246,-5.0,62848,-2083,-3.21,61685,66250,1399-11-7
449,پخش,پخش البرز,423,1025983,31002849289,31674,30091,30091,-1583,-5.0,30680,-994,-3.14,30091,31980,1399-11-7
450,پلوله,گازلوله‌,414,2371835,44330080610,18512,18690,18697,185,1.0,18690,178,0.96,18520,18697,1399-11-7
451,آرمانح,ح.بيمه آرمان,412,5633974,44661944205,7850,8084,8000,150,1.91,7927,77,0.98,7626,8085,1399-11-7
452,وحكمت,بيمه حكمت صبا,411,4285062,20622013388,4955,4807,4807,-148,-2.99,4813,-142,-2.87,4807,4870,1399-11-7
453,شيراز,پتروشيمي‌شيراز,410,781163,41992105420,55560,54000,52790,-2770,-4.99,54840,-720,-1.3,52790,56490,1399-11-7
454,غبشهر,صنعتي‌ بهشهر,409,2272275,48614533790,22470,21350,21350,-1120,-4.98,21390,-1080,-4.81,21350,22010,1399-11-7
455,شفارس,صنايع‌ شيميايي‌ فارس‌,406,986304,44488071080,47340,45700,44980,-2360,-4.99,45250,-2090,-4.41,44980,47240,1399-11-7
456,سهگمت,سيمان‌هگمتان‌,403,577227,13197061620,22590,23000,22270,-320,-1.42,22660,70,0.31,22020,23500,1399-11-7
457,خكاوه,سايپا ديزل,400,6003135,31818490008,5456,5320,5293,-163,-2.99,5300,-156,-2.86,5293,5390,1399-11-7
458,ضخود2006,اختيارخ خودرو-2500-1400/02/08,397,14044,6982069000,538,520,461,-77,-14.31,497,-41,-7.62,445,590,1399-11-7
459,كلوند,كاشي‌ الوند,394,1498515,56419089750,35860,37650,37650,1790,4.99,37650,1790,4.99,37650,37650,1399-11-7
460,دجابر,داروسازي‌ جابرابن‌حيان‌,391,1127920,22624365230,20940,20030,19900,-1040,-4.97,20520,-420,-2.01,19900,20970,1399-11-7
461,كمينا,شيشه سازي مينا,391,1366317,41142824836,31496,30101,29922,-1574,-5.0,30112,-1384,-4.39,29922,31960,1399-11-7
462,دارا,صندوق س. دارا الگوريتم-د,386,13744487,137405689998,9989,10000,9985,-4,-0.04,9997,8,0.08,9966,10007,1399-11-7
463,دكوثر,داروسازي‌ كوثر,386,968560,20142804370,21850,20760,20760,-1090,-4.99,21380,-470,-2.15,20760,21820,1399-11-7
464,آسيا,بيمه آسيا,383,5234522,14813697260,2970,2830,2830,-140,-4.71,2920,-50,-1.68,2830,2830,1399-11-7
465,دالبر,البرزدارو,381,1878036,36269699920,20300,19290,19290,-1010,-4.98,19520,-780,-3.84,19290,19640,1399-11-7
466,بفجر,فجر انرژي خليج فارس,370,1263224,31224142260,25500,24750,24230,-1270,-4.98,25120,-380,-1.49,24230,26280,1399-11-7
467,حآسا,آسيا سير ارس,369,1555638,61531705452,41635,39554,39554,-2081,-5.0,39554,-2081,-5.0,39554,39554,1399-11-7
468,لبوتان,گروه‌صنعتي‌بوتان‌,369,431712,30192459780,73370,69750,69710,-3660,-4.99,70980,-2390,-3.26,69710,72500,1399-11-7
469,فلات,گروه صنايع معادن فلات ايرانيان,369,2008787,30675123024,15611,15201,15143,-468,-3.0,15270,-341,-2.18,15143,15930,1399-11-7
470,غمهرا,توليدي‌مهرام‌,351,434562,38563031880,84520,88740,88740,4220,4.99,87360,2840,3.36,88740,88740,1399-11-7
471,پلاسك,پلاسكوكار,350,3434484,32922244030,10070,9570,9570,-500,-4.97,9730,-340,-3.38,9570,9930,1399-11-7
472,وثنو,سرمايه گذاري ساختماني نوين,349,1350617,23637520866,18167,17510,17259,-908,-5.0,17501,-666,-3.67,17259,18499,1399-11-7
473,فلامي,لاميران‌,348,718505,35587552650,47180,49530,49530,2350,4.98,48700,1520,3.22,49530,49530,1399-11-7
474,دسينا,داروسازي‌ سينا,348,733966,19674041340,28200,26790,26900,-1300,-4.61,27590,-610,-2.16,26790,27200,1399-11-7
475,سدور,سيمان‌ دورود,345,2872714,53489934680,17740,18620,18620,880,4.96,18600,860,4.85,18620,18620,1399-11-7
476,وگستر,گسترش سرمايه گذاري ايرانيان,341,2006359,43792660476,22906,22350,21761,-1145,-5.0,21949,-957,-4.18,21761,22900,1399-11-7
477,دلقما,دارويي‌ لقمان‌,337,661477,15672678960,24760,23530,23530,-1230,-4.97,24390,-370,-1.49,23530,24850,1399-11-7
478,كخاك,صنايع‌خاك‌چيني‌ايران‌,334,462335,22359512210,49510,48470,47820,-1690,-3.41,48990,-520,-1.05,47150,49500,1399-11-7
479,بمپنا,توليد برق عسلويه  مپنا,333,425393,32989777347,81130,80000,77074,-4056,-5.0,78551,-2579,-3.18,77074,80000,1399-11-7
480,دامين,داروسازي‌ امين‌,328,943201,14422524840,16010,15210,15210,-800,-5.0,15780,-230,-1.44,15210,15810,1399-11-7
481,خراسان,پتروشيمي خراسان,323,279861,17775654650,64420,62000,62300,-2120,-3.29,64090,-330,-0.51,61750,67000,1399-11-7
482,ركيش,كارت اعتباري ايران كيش,322,1403412,32688850870,23780,23780,22600,-1180,-4.96,23450,-330,-1.39,22600,23900,1399-11-7
483,ساراب,سيمان‌ داراب‌,319,1289632,18686767680,13800,14490,14490,690,5.0,14020,220,1.59,14490,14490,1399-11-7
484,هجرت,پخش هجرت,318,549133,14422782488,27588,26209,26209,-1379,-5.0,27156,-432,-1.57,26209,27199,1399-11-7
485,اعتلا,شركت سرمايه گذاري اعتلاء البرز,312,2490258,20682320346,8715,8310,8280,-435,-4.99,8520,-195,-2.24,8280,8710,1399-11-7
486,دسبحان,سبحان دارو,308,1267659,24422127150,20120,19130,19120,-1000,-4.97,19660,-460,-2.29,19120,20230,1399-11-7
487,حسير,ريل سير كوثر,305,1464547,25632501594,16669,17502,17502,833,5.0,17073,404,2.42,17502,17502,1399-11-7
488,افرا,افرانت,303,614435,24188762087,41332,39266,39266,-2066,-5.0,40250,-1082,-2.62,39266,40490,1399-11-7
489,داسوه,داروسازي‌ اسوه‌,296,500687,21659719620,41200,43260,43260,2060,5.0,42000,800,1.94,43260,43260,1399-11-7
490,دپارس,پارس‌ دارو,287,85299,7243158180,86340,87700,83000,-3340,-3.87,86120,-220,-0.25,82060,89730,1399-11-7
491,ساينا,صنايع بهداشتي ساينا,286,59777,9968778814,173818,165250,165155,-8663,-4.98,172297,-1521,-0.88,165131,170740,1399-11-7
492,فنفت,صنايع تجهيزات نفت,279,971634,24099438102,24081,24803,24803,722,3.0,24803,722,3.0,24803,24803,1399-11-7
493,سباقر,سيمان باقران,279,1377790,22219273558,16596,16099,16099,-497,-2.99,16127,-469,-2.83,16099,16590,1399-11-7
494,بسويچ,پارس‌سويچ‌,270,281597,15888937390,59170,56220,56220,-2950,-4.99,58240,-930,-1.57,56220,58780,1399-11-7
495,تسه9907,امتياز تسهيلات مسكن مهر99,269,3343,1734309504,530157,503905,539950,9793,1.85,518788,-11369,-2.14,503650,540000,1399-11-7
496,دكيمي,كيميدارو,266,1018144,25095219010,25930,24650,24640,-1290,-4.97,25250,-680,-2.62,24640,25000,1399-11-7
497,تصميم,صندوق س با درآمد ثابت تصميم,264,4521148,70053750762,15491,15499,15500,9,0.06,15495,4,0.03,15300,15500,1399-11-7
498,سايرا,ايرانيت‌,262,840685,35446512280,41338,42164,42164,826,2.0,42164,826,2.0,41208,42164,1399-11-7
499,ولراز,ليزينگ رازي,260,472309,25877810110,53195,54790,54790,1595,3.0,54790,1595,3.0,54790,54790,1399-11-7
500,آكورد,صندوق س. آرمان آتي كوثر-د,259,3086475,94020265246,30439,30455,30480,41,0.13,30462,23,0.08,30455,30505,1399-11-7
501,سكه9912پ04,سكه تمام بهارتحويل1روزه صادرات,256,189800,193502322700,1062974,1050000,1024995,-37979,-3.57,1019506,-43468,-4.09,1010000,1050000,1399-11-7
502,ضسپا1102,اختيارخ خساپا-2000-1399/11/26,249,9142,1936096000,289,289,179,-110,-38.06,212,-77,-26.64,157,297,1399-11-7
503,قهكمت,قندهكمتان‌,249,399164,17420316060,45410,46700,43140,-2270,-5.0,44790,-620,-1.37,43140,46700,1399-11-7
504,اتكاي,بيمه اتكايي ايرانيان,248,1033700,15967719641,16119,15470,15314,-805,-4.99,15903,-216,-1.34,15314,16090,1399-11-7
505,وپخش,داروپخش‌ (هلدينگ‌,245,98734,10778846940,114200,109000,108490,-5710,-5.0,113050,-1150,-1.01,108490,114190,1399-11-7
506,شصفها,پتروشيمي‌ اصفهان‌,241,379057,46977902117,126447,125836,124000,-2447,-1.94,123934,-2513,-1.99,123919,125836,1399-11-7
507,افق ملت,صندوق س در سهام افق ملت,238,127026,15822296390,127830,126040,122510,-5320,-4.16,124560,-3270,-2.56,122500,127000,1399-11-7
508,ماديرا,صنايع ماشين هاي اداري ايران,236,709338,7216804812,10709,10174,10174,-535,-5.0,10625,-84,-0.78,10174,10174,1399-11-7
509,ضپاس2002,اختيارخ وپارس-3000-1400/02/29,236,10028,5863430000,669,666,525,-144,-21.52,585,-84,-12.56,525,666,1399-11-7
510,ثزاگرس,سرمايه گذاري توسعه عمران زاگرس,234,471150,25106427395,50751,53280,53288,2537,5.0,53288,2537,5.0,53280,53288,1399-11-7
511,سدبير,س. تدبيرگران فارس وخوزستان,233,643608,50911323624,75337,79103,79103,3766,5.0,78545,3208,4.26,79103,79103,1399-11-7
512,زشگزا,شير و گوشت زاگرس شهركرد,231,1573095,15196097700,10168,9660,9660,-508,-5.0,9991,-177,-1.74,9660,9660,1399-11-7
513,بزاگرس,نيروگاه زاگرس كوثر,218,1133892,8297821656,7703,7318,7318,-385,-5.0,7634,-69,-0.9,7318,7318,1399-11-7
514,زكشت,كشاورزي مكانيزه اصفهان كشت,218,395275,12748103735,33944,32265,32247,-1697,-5.0,33461,-483,-1.42,32247,33000,1399-11-7
515,شفا,سرمايه گذاري شفادارو,214,507194,21501769960,44570,42350,42350,-2220,-4.98,43530,-1040,-2.33,42350,43630,1399-11-7
516,غبهار,كشت وصنعت بهاران گلبهار خراسان,214,427106,17952973604,43333,42034,42034,-1299,-3.0,42111,-1222,-2.82,42034,42034,1399-11-7
517,وثوق,سرمايه گذاري وثوق امين,212,559325,14188956600,24160,25368,25368,1208,5.0,24927,767,3.17,25368,25368,1399-11-7
518,حخزر,كشتيراني درياي خزر,212,401445,9697167752,25342,24462,24075,-1267,-5.0,25098,-244,-0.96,24075,25340,1399-11-7
519,چفيبر,فيبر ايران‌,210,2261385,30483469800,14180,13480,13480,-700,-4.94,13710,-470,-3.31,13480,13480,1399-11-7
520,پسهند,صنايع‌ لاستيكي‌  سهند,197,240577,8254040380,35940,34150,34150,-1790,-4.98,35650,-290,-0.81,34150,35260,1399-11-7
521,شكف,كف,196,124194,10292826138,81252,82877,82877,1625,2.0,82877,1625,2.0,82877,82877,1399-11-7
522,كمرجان,بازرگاني و توليدي مرجان كار,196,151506,17337134592,108983,114432,114432,5449,5.0,110647,1664,1.53,114432,114432,1399-11-7
523,ثاژن,سخت آژند,193,2717067,24101408269,9050,8869,8869,-181,-2.0,8870,-180,-1.99,8869,8999,1399-11-7
524,سنير,سيمان‌ سفيد ني‌ريز,187,144861,31586941050,207670,218050,218050,10380,5.0,213490,5820,2.8,218050,218050,1399-11-7
525,كيان2,صندوق س. با درآمد ثابت كيان,185,18500000,18500000,26894,1,1,-26893,-100.0,1,-26893,-100.0,1,1,1399-11-7
526,ضخود2005,اختيارخ خودرو-2000-1400/02/08,184,4798,3727161000,897,900,740,-157,-17.5,777,-120,-13.38,719,902,1399-11-7
527,حبندر,دريايي و کشتيراني خط دريابندر,184,515249,17259295753,32522,33497,33497,975,3.0,33272,750,2.31,33497,33497,1399-11-7
528,خاتم,صندوق س خاتم ايساتيس پويا-ثابت,181,6662519,69597283082,10441,10450,10450,9,0.09,10446,5,0.05,10446,10450,1399-11-7
529,وملت,سرمايه گذاري ملت,181,2282382,8969022097,4007,3950,3927,-80,-2.0,3933,-74,-1.85,3927,3990,1399-11-7
530,قمرو,قند مرودشت‌,180,263601,6813155010,27190,25850,25840,-1350,-4.97,26980,-210,-0.77,25840,26840,1399-11-7
531,ثفارس,عمران‌وتوسعه‌فارس‌,179,1184349,13560796050,12050,11450,11450,-600,-4.98,11860,-190,-1.58,11450,11450,1399-11-7
532,قشكر,شكرشاهرود,177,4657710,18304800300,3750,3930,3930,180,4.8,3820,70,1.87,3930,3930,1399-11-7
533,حريل,ريل پردازسير,177,5578620,32690713200,6168,5860,5860,-308,-4.99,5953,-215,-3.49,5860,5860,1399-11-7
534,تسه9711,امتياز تسهيلات مسكن بهمن 97,174,3010,1539610990,508271,483010,500000,-8271,-1.63,511499,3228,0.64,483010,533684,1399-11-7
535,آينده,بازرگاني آينده سازان بهشت پارس,169,699966,17282860506,23972,24691,24691,719,3.0,24518,546,2.28,24691,24691,1399-11-7
536,تكشا,گسترش‌صنايع‌وخدمات‌كشاورزي‌,169,129493,7624547840,61970,58880,58880,-3090,-4.99,61420,-550,-0.89,58880,58880,1399-11-7
537,كاسپين,داروسازي كاسپين تامين,165,233635,6051617920,27146,25790,25789,-1357,-5.0,26983,-163,-0.6,25789,26699,1399-11-7
538,شتوكا,توكا رنگ فولاد سپاهان,164,104429,6457993789,65095,61841,61841,-3254,-5.0,64646,-449,-0.69,61841,61841,1399-11-7
539,خرينگ,رينگ‌سازي‌مشهد,163,318481,17045103120,56330,53520,53520,-2810,-4.99,55190,-1140,-2.02,53520,53520,1399-11-7
540,سفار,سيمان‌فارس‌,159,145094,18883984100,137000,130150,130150,-6850,-5.0,134040,-2960,-2.16,130150,130150,1399-11-7
541,ضصاد1102,اختيارخ وبصادر-3500-1399/11/12,159,7586,7736000,1,1,1,0,0.0,1,0,0.0,1,2,1399-11-7
542,نتوس,پشم‌ بافي‌ توس,158,699184,14095549440,19573,20160,20160,587,3.0,19939,366,1.87,20160,20160,1399-11-7
543,تسه9712,امتياز تسهيلات مسكن اسفند97,156,1503,768154195,521519,540000,508000,-13519,-2.59,511081,-10438,-2.0,500020,540000,1399-11-7
544,غدشت,دشت‌ مرغاب‌,152,93581,27206804130,276890,290730,290730,13840,5.0,283540,6650,2.4,290730,290730,1399-11-7
545,ثعتما,س. ساختماني اعتماد گستر,150,376824,27167879928,69998,72097,72097,2099,3.0,72097,2099,3.0,72097,72097,1399-11-7
546,تسه9905,امتياز تسهيلات مسكن مرداد99,149,2585,1366347520,536761,509999,510000,-26761,-4.99,528568,-8193,-1.53,509923,563599,1399-11-7
547,تسه9810,امتياز تسهيلات مسكن دي98,149,4617,2416926813,524065,540000,508900,-15165,-2.89,523484,-581,-0.11,497862,550268,1399-11-7
548,گوهر,صندوق سكه طلاي كيان,149,622700,31490161025,52538,51003,50880,-1658,-3.16,50570,-1968,-3.75,50201,51950,1399-11-7
549,هجرتح,ح . پخش هجرت,145,166436,3652722701,22803,22630,21663,-1140,-5.0,21947,-856,-3.75,21663,22630,1399-11-7
550,كرازي,كارخانجات‌توليدي‌شيشه‌رازي‌,141,230460,6326127000,28890,27450,27450,-1440,-4.98,28680,-210,-0.73,27450,27450,1399-11-7
551,تسه9902,امتياز تسهيلات مسكن ارديبهشت99,140,2483,1262013221,526338,506500,550000,23662,4.5,508261,-18077,-3.43,500022,550000,1399-11-7
552,دروز,داروسازي‌ روزدارو,140,1135923,26557879740,22270,23380,23380,1110,4.98,22790,520,2.33,23380,23380,1399-11-7
553,ومشان,س. فني و مهندسي مشانير,139,142880,11648720640,79154,81528,81528,2374,3.0,80506,1352,1.71,81528,81528,1399-11-7
554,تسه9904,امتياز تسهيلات مسكن تير99,138,1203,626305248,534838,508097,510000,-24838,-4.64,520619,-14219,-2.66,508097,560000,1399-11-7
555,افران,صندوق س افرا نماد پايدار-ثابت,137,3443917,43217189821,12544,12560,12555,11,0.09,12549,5,0.04,12542,12565,1399-11-7
556,خفولا,خدمات فني فولاد يزد,136,361107,28763255871,75860,79653,79653,3793,5.0,79653,3793,5.0,79653,79653,1399-11-7
557,فافزا,فولاد افزا سپاهان,136,257586,14459847696,53463,56136,56136,2673,5.0,55221,1758,3.29,56136,56136,1399-11-7
558,تسه9906,امتياز تسهيلات مسكن شهريور99,134,1237,638408045,531747,505160,505160,-26587,-5.0,516094,-15653,-2.94,505160,539990,1399-11-7
559,تسه9801,امتياز تسهيلات مسكن فروردين98,132,1249,654294647,526232,500000,511259,-14973,-2.85,523855,-2377,-0.45,500000,544998,1399-11-7
560,ساروم,سيمان‌اروميه‌,128,985788,27483769440,29340,27880,27880,-1460,-4.98,28520,-820,-2.79,27880,27880,1399-11-7
561,تسه9802,امتياز تسهيلات مسكن ارديبهشت98,127,1348,715226763,528139,549998,516444,-11695,-2.21,530584,2445,0.46,510100,549998,1399-11-7
562,واحصا,احياء صنايع خراسان,127,246693,14815641501,58308,60057,60057,1749,3.0,59501,1193,2.05,60057,60057,1399-11-7
563,شپترو,پتروشيمي آبادان,127,2337182,11788746008,5200,5044,5044,-156,-3.0,5105,-95,-1.83,5044,5044,1399-11-7
564,تابا,تابان نيرو سپاهان,125,470276,23640304244,48805,50269,50269,1464,3.0,50269,1464,3.0,50269,50269,1399-11-7
565,وتعاون,بيمه  تعاون,125,853550,5944122200,7179,6964,6964,-215,-2.99,7108,-71,-0.99,6964,6964,1399-11-7
566,سپاس,صندوق س. پاداش سهامداري توسعه1,124,3977093,40162769434,10099,10101,10090,-9,-0.09,10099,0,0.0,10085,10105,1399-11-7
567,تپمپي,پمپ‌ سازي‌ ايران‌,123,272812,6315597800,24360,23150,23150,-1210,-4.97,24190,-170,-0.7,23150,23150,1399-11-7
568,وبيمه,سرمايه‌ گذاري‌ صنعت‌ بيمه‌,123,4997258,15991225600,3360,3200,3200,-160,-4.76,3300,-60,-1.79,3200,3200,1399-11-7
569,دارا2,صندوق س. دارا الگوريتم-د,121,12100000,12100000,9989,1,1,-9988,-99.99,1,-9988,-99.99,1,1,1399-11-7
570,زعف0008پ10,زعفران0008نگين طلاي سرخ(پ),121,312059,39374307297,126225,125000,127300,1075,0.85,126176,-49,-0.04,124063,127400,1399-11-7
571,اراد69,مرابحه عام دولت69-ش.خ0310,120,1999000,1997385114000,1000000,1000886,997500,-2500,-0.25,999192,-808,-0.08,997500,1000886,1399-11-7
572,وتوصا,گروه س توسعه صنعتي ايران,115,1092017,18029200670,17370,16510,16510,-860,-4.95,16970,-400,-2.3,16510,16510,1399-11-7
573,شساخت,مهندسي و ساختمان صنايع نفت,113,604124,24206098280,41274,42430,40036,-1238,-3.0,40551,-723,-1.75,40036,42430,1399-11-7
574,سپر,صندوق س سپر سرمايه بيدار- ثابت,112,1808764,20197669890,11210,11195,11180,-30,-0.27,11167,-43,-0.38,11150,11200,1399-11-7
575,شتولي,تولي‌پرس‌,112,396581,12836930389,31735,32369,32369,634,2.0,32369,634,2.0,32369,32369,1399-11-7
576,خكار,ايركا پارت صنعت,111,684098,15118565800,23260,22100,22100,-1160,-4.99,22850,-410,-1.76,22100,22100,1399-11-7
577,وتوس,توسعه‌شهري‌توس‌گستر,108,1304482,24863426920,20060,19060,19060,-1000,-4.99,19480,-580,-2.89,19060,19060,1399-11-7
578,كدما,معدني‌ دماوند,108,9783,2518242030,270950,257410,257410,-13540,-5.0,270190,-760,-0.28,257410,257410,1399-11-7
579,چكاوه,صنايع‌كاغذسازي‌كاوه‌,108,482916,6717361560,13250,13910,13910,660,4.98,13330,80,0.6,13910,13910,1399-11-7
580,گكيش,توريستي ورفاهي آبادگران كيش,107,163611,13126674141,77895,80231,80231,2336,3.0,79388,1493,1.92,80231,80231,1399-11-7
581,سكه0011پ02,سكه تمام بهارتحويلي 1روزه ملت,102,23800,24325335100,1061827,1042602,1022600,-39227,-3.69,1022073,-39754,-3.74,1012000,1042602,1399-11-7
582,چافست,افست‌,101,339965,5565227050,17230,16370,16370,-860,-4.99,17120,-110,-0.64,16370,16370,1399-11-7
583,بايكا,كارخانجات كابلسازي ‌ايران‌,100,148742,7158506234,50659,48127,48127,-2532,-5.0,49619,-1040,-2.05,48127,48127,1399-11-7
584,تسه9903,امتياز تسهيلات مسكن خرداد99,100,419,217639091,528570,502145,550000,21430,4.05,519425,-9145,-1.73,502142,550000,1399-11-7
585,ميهن,بيمه ميهن,96,637466,3209641310,5299,5035,5035,-264,-4.98,5281,-18,-0.34,5035,5035,1399-11-7
586,الماس,صندوق س.امين تدبيرگران فردا-س,94,56767,6221141196,114201,111339,108500,-5701,-4.99,109591,-4610,-4.04,106381,111586,1399-11-7
587,ارمغان,ص سرمايه گذاري ارمغان ايرانيان,94,1287895,13059502976,10116,10134,10150,34,0.34,10140,24,0.24,10127,10156,1399-11-7
588,لخانه,لوازم‌ خانگي‌ پارس‌,94,73445,2031341810,26853,27658,27658,805,3.0,26928,75,0.28,27658,27658,1399-11-7
589,پلاست,كارخانجات توليدي پلاستيران,94,185047,12324685341,64664,66603,66603,1939,3.0,65754,1090,1.69,66603,66603,1399-11-7
590,تسه9803,امتياز تسهيلات مسكن خرداد98,92,638,329220556,527129,510113,515022,-12107,-2.3,516020,-11109,-2.11,500877,534000,1399-11-7
591,زگلدشت,كشت و دام گلدشت نمونه اصفهان,88,202599,11073048345,57531,54655,54655,-2876,-5.0,56830,-701,-1.22,54655,54655,1399-11-7
592,غشان,شيرپاستوريزه‌پگاه‌خراسان‌,88,890712,6012306000,7100,6750,6750,-350,-4.93,7050,-50,-0.7,6750,6750,1399-11-7
593,غدام,خوراك‌  دام‌ پارس‌,87,31668,12550345080,417160,396310,396310,-20850,-5.0,411330,-5830,-1.4,396310,396310,1399-11-7
594,ضسپا1103,اختيارخ خساپا-2500-1399/11/26,86,4023,177463000,91,59,44,-47,-51.65,44,-47,-51.65,35,60,1399-11-7
595,صايند,صندوق س. گنجينه آينده روشن-د,86,1797090,18063799510,10041,10040,10052,11,0.11,10052,11,0.11,10038,10066,1399-11-7
596,بكاب,صنايع‌جوشكاب‌يزد,86,15394,6536600280,446960,424620,424620,-22340,-5.0,443810,-3150,-0.7,424620,424620,1399-11-7
597,خموتور,موتورسازان‌تراكتورسازي‌ايران‌,85,1437427,32097744910,23500,22330,22330,-1170,-4.98,22620,-880,-3.74,22330,22330,1399-11-7
598,فيروزا,صندوق بادرآمد ثابت فيروزه آسيا,84,603585,13290437110,21990,22038,22045,55,0.25,22019,29,0.13,21920,22066,1399-11-7
599,غگرجي,بيسكويت‌  گرجي‌,81,523676,12039311240,24190,22990,22990,-1200,-4.96,23870,-320,-1.32,22990,22990,1399-11-7
600,تسه9901,امتياز تسهيلات مسكن فروردين99,80,750,385593105,521187,521187,510000,-11187,-2.15,514124,-7063,-1.36,495128,547246,1399-11-7
601,فن آوا,گروه فن آوا,79,1463667,26771933097,17420,18291,18291,871,5.0,18291,871,5.0,18291,18291,1399-11-7
602,گدنا,تهيه توزيع غذاي دنا آفرين فدك,79,33731,1126446745,35152,33395,33395,-1757,-5.0,35110,-42,-0.12,33395,33395,1399-11-7
603,ثقزوي,شركت عمران و سازندگي قزوين,79,133206,4800877446,37155,36041,36041,-1114,-3.0,36868,-287,-0.77,36041,36041,1399-11-7
604,وبهمن,سرمايه‌گذاري‌بهمن‌,78,954756,19352904120,21330,20270,20270,-1060,-4.97,20870,-460,-2.16,20270,20270,1399-11-7
605,ضسپا1101,اختيارخ خساپا-1800-1399/11/26,76,2266,740196000,460,412,315,-145,-31.52,327,-133,-28.91,290,440,1399-11-7
606,ضصاد1100,اختيارخ وبصادر-2500-1399/11/12,75,3436,692965000,278,295,100,-178,-64.03,202,-76,-27.34,100,295,1399-11-7
607,حاريا,كشتيراني آريا,74,215807,7516126196,35905,34828,34828,-1077,-3.0,35484,-421,-1.17,34828,34828,1399-11-7
608,زعف0008پ16,زعفران0008نگين بيرجند(پ),74,68786,8536912900,123796,123333,124800,1004,0.81,124108,312,0.25,123000,124800,1399-11-7
609,تسه9811,امتياز تسهيلات مسكن بهمن98,72,510,262893399,523917,497725,550000,26083,4.98,515477,-8440,-1.61,497722,550000,1399-11-7
610,عيار2,صندوق س. پشتوانه طلاي مفيد,72,720000,720000,26492,1,1,-26491,-100.0,1,-26491,-100.0,1,1,1399-11-7
611,سفارود,كارخانه فارسيت درود,70,387462,6559731660,16599,16930,16930,331,1.99,16801,202,1.22,16930,16930,1399-11-7
612,كفرا,فراورده‌ هاي‌ نسوزايران‌,70,185535,9464140350,53690,51010,51010,-2680,-4.99,53120,-570,-1.06,51010,51010,1399-11-7
613,صنوين,صندوق سرمايه‌گذاري صنوين-مختلط,70,39580,3959737030,100280,101500,99500,-780,-0.78,100040,-240,-0.24,99000,101990,1399-11-7
614,شدوص,دوده‌ صنعتي‌ پارس‌,68,222791,6137892050,29000,27550,27550,-1450,-5.0,28800,-200,-0.69,27550,27550,1399-11-7
615,ساروج,بين المللي ساروج بوشهر,65,1099099,26376734026,24740,24000,23998,-742,-3.0,23999,-741,-3.0,23998,24100,1399-11-7
616,وجامي,سرمايه گذاري جامي,65,1350096,20225788176,14545,14981,14981,436,3.0,14959,414,2.85,14981,14981,1399-11-7
617,وارس,سرمايه گذاري ارس صبا,65,222420,4243106340,19667,19077,19077,-590,-3.0,19538,-129,-0.66,19077,19077,1399-11-7
618,سكه0112پ03,سكه تمام بهارتحويلي1روزه سامان,62,25300,25689226800,1061142,1037000,1022000,-39142,-3.69,1015384,-45758,-4.31,1010000,1037110,1399-11-7
619,گپارس,امور رفاهي كارگزاران پارس,62,8715,1652608020,184105,189628,189628,5523,3.0,184548,443,0.24,189628,189628,1399-11-7
620,تسه9812,امتياز تسهيلات مسكن اسفند98,62,327,164750048,521802,505100,540000,18198,3.49,503823,-17979,-3.45,495712,540000,1399-11-7
621,كسرام,پارس‌ سرام‌,61,371704,4036705440,11430,10860,10860,-570,-4.99,11380,-50,-0.44,10860,10860,1399-11-7
622,هبركت912,اختيارف ت بركت-22100-99/12/17,59,359561,574578478,983,1598,1598,615,62.56,1598,615,62.56,1598,1598,1399-11-7
623,شرنگي,شيميايي رنگين,58,63586,10075138114,153834,158449,158449,4615,3.0,155960,2126,1.38,158449,158449,1399-11-7
624,ضسپا1104,اختيارخ خساپا-3000-1399/11/26,58,3583,23894000,24,13,6,-18,-75.0,7,-17,-70.83,4,16,1399-11-7
625,گوهر2,صندوق سكه طلاي كيان,55,550000,550000,52538,1,1,-52537,-100.0,1,-52537,-100.0,1,1,1399-11-7
626,آسام,صندوق س.آرمان سپهر آشنا-م,55,43480,4462201570,105141,105996,103992,-1149,-1.09,102627,-2514,-2.39,101000,105996,1399-11-7
627,اخزا902,اسنادخزانه-م2بودجه99-011019,55,212625,148652626516,697710,695000,698121,411,0.06,699130,1420,0.2,694000,701000,1399-11-7
628,زنجان,صنايع كشاورزي وكود زنجان,55,335216,3337745712,10264,9957,9957,-307,-2.99,10208,-56,-0.55,9957,9957,1399-11-7
629,حپترو,حمل و نقل پتروشيمي( سهامي عام,54,62354,2126757950,35880,34100,34090,-1790,-4.99,35800,-80,-0.22,34090,34300,1399-11-7
630,دقاضي,داروسازي شهيد قاضي,54,191967,9099541679,48838,50299,47373,-1465,-3.0,48135,-703,-1.44,47373,50299,1399-11-7
631,قپيرا,فرآورده‌هاي‌غدايي‌وقندپيرانشهر,53,22710,2531256600,117320,111460,111460,-5860,-4.99,117010,-310,-0.26,111460,111460,1399-11-7
632,تكنار,مجتمع معادن مس تكنار,53,133335,21814539345,158842,163607,163607,4765,3.0,163607,4765,3.0,163607,163607,1399-11-7
633,اوصتا,صندوق انديشه ورزان صباتامين -د,53,1367009,24266548788,17740,17751,17752,12,0.07,17752,12,0.07,17750,17758,1399-11-7
634,ضخود2013,اختيارخ خودرو-7000-1400/02/08,50,2450,69637000,33,31,25,-8,-24.24,28,-5,-15.15,24,31,1399-11-7
635,داوه,داروسازي آوه سينا,50,98161,2111737593,22645,21513,21513,-1132,-5.0,22591,-54,-0.24,21513,21513,1399-11-7
636,غفارس,شير پاستوريزه پگاه فارس,49,129155,1361681165,11097,10543,10543,-554,-4.99,11080,-17,-0.15,10543,10543,1399-11-7
637,ثغرب,شركت سرمايه گذاري مسكن شمالغرب,48,147413,1130952536,8075,7672,7672,-403,-4.99,8065,-10,-0.12,7672,7672,1399-11-7
638,ثرود,سرمايه‌گذاري مسكن زاينده رود,48,252218,3287409412,13720,13034,13034,-686,-5.0,13672,-48,-0.35,13034,13034,1399-11-7
639,تسه9809,امتياز تسهيلات مسكن آذر98,47,375,191053374,516611,500795,524000,7389,1.43,509476,-7135,-1.38,490787,524000,1399-11-7
640,جهرم,پتروشيمي جهرم,47,344993,737250041,2203,2137,2137,-66,-3.0,2200,-3,-0.14,2137,2137,1399-11-7
641,اخزا903,اسنادخزانه-م3بودجه99-011110,46,121269,83743013064,688008,686221,690557,2549,0.37,690556,2548,0.37,686221,698800,1399-11-7
642,ضخود2008,اختيارخ خودرو-3500-1400/02/08,46,1396,283125000,222,230,199,-23,-10.36,203,-19,-8.56,182,230,1399-11-7
643,دقاضيح,ح . داروسازي شهيد قاضي,46,65720,2552197732,40007,38810,38807,-1200,-3.0,38834,-1173,-2.93,38807,38890,1399-11-7
644,وسرمد,بيمه  سرمد,46,2068863,14682720711,7316,7097,7097,-219,-2.99,7149,-167,-2.28,7097,7097,1399-11-7
645,بذر,صندوق س بذر اميد آفرين-سهام,46,28710,2838249050,100070,100160,98500,-1570,-1.57,98860,-1210,-1.21,96410,100370,1399-11-7
646,ضشنا2001,اختيارخ شپنا-10000-1400/02/27,45,475,1368974000,3033,3000,2500,-533,-17.57,2882,-151,-4.98,2500,3100,1399-11-7
647,ولملت,واسپاري ملت,45,191555,1892563400,10390,9880,9880,-510,-4.91,10370,-20,-0.19,9880,9880,1399-11-7
648,سفاسي,شركت فارسيت اهواز,44,98265,1490680050,15639,15170,15170,-469,-3.0,15601,-38,-0.24,15170,15170,1399-11-7
649,فسا,پتروشيمي فسا,42,512082,1016482770,2046,1985,1985,-61,-2.98,2043,-3,-0.15,1985,1985,1399-11-7
650,ضصاد1101,اختيارخ وبصادر-3000-1399/11/12,42,1668,16593000,25,20,4,-21,-84.0,10,-15,-60.0,4,22,1399-11-7
651,ضسپا1100,اختيارخ خساپا-1600-1399/11/26,41,814,407989000,655,533,498,-157,-23.97,501,-154,-23.51,440,598,1399-11-7
652,سدشت,صنايع سيمان دشتستان,41,30527,1372799190,42830,44970,44970,2140,5.0,42880,50,0.12,44970,44970,1399-11-7
653,تاپكيشح,ح.تجارت الكترونيك پارسيان كيش,41,202853,4132907320,21400,22470,20330,-1070,-5.0,20374,-1026,-4.79,20330,22470,1399-11-7
654,زعف0008پ05,زعفران0008نگين زرين(پ),40,37555,4671745720,124609,124100,124800,191,0.15,124397,-212,-0.17,123500,124800,1399-11-7
655,ضپاس2001,اختيارخ وپارس-2500-1400/02/29,40,667,566927000,970,900,777,-193,-19.9,850,-120,-12.37,777,1000,1399-11-7
656,دشيري,شيرين دارو,40,21295,5033925050,229505,236390,236390,6885,3.0,231101,1596,0.7,236390,236390,1399-11-7
657,وساشرقي,شركت س استان آذربايجان شرقي,40,637739,605852050,990,950,950,-40,-4.04,990,0,0.0,950,950,1399-11-7
658,اخزا817,اسنادخزانه-م17بودجه98-010512,39,30707,23490764401,763472,763472,768000,4528,0.59,764997,1525,0.2,762229,768000,1399-11-7
659,ثروتم,صندوق س. ثروت آفرين پارسيان-س,39,17380,1419006400,82642,81900,79110,-3532,-4.27,81646,-996,-1.21,79100,82490,1399-11-7
660,زعف0008پ11,زعفران0008نگين سحرخيز(پ),38,98731,12421753100,125519,125800,126000,481,0.38,125814,295,0.24,125600,126000,1399-11-7
661,ضخود2009,اختيارخ خودرو-4000-1400/02/08,38,1193,199028000,168,198,147,-21,-12.5,167,-1,-0.6,145,199,1399-11-7
662,كارين,صندوق س نگين سامان-ثابت,36,1046533,10509672470,10034,10050,10050,16,0.16,10042,8,0.08,10040,10070,1399-11-7
663,اخزا815,اسنادخزانه-م15بودجه98-010406,36,131956,102622649930,777957,779500,780000,2043,0.26,777704,-253,-0.03,776000,786000,1399-11-7
664,فنرژي,گسترش صنايع انرژي آذرآب,36,94873,1642725995,16976,17315,17315,339,2.0,17027,51,0.3,17315,17315,1399-11-7
665,هترول911,اختيارف ت پترول-14730-99/11/15,35,487962,2013331212,4448,4126,4126,-322,-7.24,4126,-322,-7.24,4126,4126,1399-11-7
666,اخزا814,اسنادخزانه-م14بودجه98-010318,33,38129,29898187071,784030,786000,786000,1970,0.25,784132,102,0.01,781700,786000,1399-11-7
667,تسه9806,امتياز تسهيلات مسكن شهريور98,33,281,142695800,515354,515000,520000,4646,0.9,507814,-7540,-1.46,500000,520000,1399-11-7
668,تشتاد,صنايع توليدي اشتاد ايران‌,32,198889,3348097426,17354,16834,16834,-520,-3.0,17260,-94,-0.54,16834,16834,1399-11-7
669,اخزا909,اسنادخزانه-م9بودجه99-020316,31,131939,84280594568,636450,639000,638000,1550,0.24,638785,2335,0.37,636500,641000,1399-11-7
670,تسه9808,امتياز تسهيلات مسكن آبان98,31,182,91820939,523993,497799,510000,-13993,-2.67,504511,-19482,-3.72,497794,519978,1399-11-7
671,تسه9807,امتياز تسهيلات مسكن مهر98,31,144,73174773,525501,510000,500000,-25501,-4.85,508158,-17343,-3.3,499231,539000,1399-11-7
672,اخزا808,اسنادخزانه-م8بودجه98-000817,31,8729,7613127730,872439,870550,872181,-258,-0.03,872165,-274,-0.03,870550,873000,1399-11-7
673,اخزا818,اسنادخزانه-م18بودجه98-010614,29,32230,24379226876,755460,752000,755300,-160,-0.02,756414,954,0.13,752000,758990,1399-11-7
674,كقزوي,شيشه‌ قزوين‌,29,184063,1937079012,10849,10524,10524,-325,-3.0,10814,-35,-0.32,10524,10524,1399-11-7
675,ضملت1128,اختيارخ وبملت-6000-1399/11/28,28,652,10083000,16,19,10,-6,-37.5,15,-1,-6.25,10,20,1399-11-7
676,اراد50,مرابحه عام دولت5-ش.خ0302,28,675000,675000175000,1000000,1000000,1000001,1,0.0,1000000,0,0.0,1000000,1000001,1399-11-7
677,ساروجح,ح . بين المللي ساروج بوشهر,27,2952975,59059500000,17087,20000,20000,2913,17.05,20000,2913,17.05,20000,20000,1399-11-7
678,ثنام,س ساختماني ب نام آوران مهندسي,27,45032,785808400,17989,17450,17450,-539,-3.0,17966,-23,-0.13,17450,17450,1399-11-7
679,آگاس2,صندوق س.هستي بخش آگاه-س,27,4400000,4400000,67186,1,1,-67185,-100.0,1,-67185,-100.0,1,1,1399-11-7
680,سخند,صندوق س.سپهرخبرگان نفت-د,26,115970,1172496230,10108,10120,10110,2,0.02,10110,2,0.02,10109,10130,1399-11-7
681,زعف0008پ08,زعفران0008نگين روستا(پ),26,15633,1941616410,124528,124700,124499,-29,-0.02,124200,-328,-0.26,124000,124700,1399-11-7
682,ضفلا1155,اختيارخ فولاد-14000-1399/11/28,26,510,47992000,193,121,71,-122,-63.21,94,-99,-51.3,55,121,1399-11-7
683,اخزا907,اسنادخزانه-م7بودجه99-020704,25,77533,46514799806,600311,599800,600000,-311,-0.05,599935,-376,-0.06,599800,600001,1399-11-7
684,دسبحاح,ح .گروه دارويي سبحان,25,589723,8859256500,15640,15500,15000,-640,-4.09,15020,-620,-3.96,15000,15500,1399-11-7
685,داراب,پتروشيمي داراب,24,151116,359958312,2507,2382,2382,-125,-4.99,2505,-2,-0.08,2382,2382,1399-11-7
686,ضفلا1151,اختيارخ فولاد-8000-1399/11/28,23,537,1604420000,3658,3700,2900,-758,-20.72,2988,-670,-18.32,2001,3750,1399-11-7
687,تسه9804,امتياز تسهيلات مسكن تير98,23,115,58000915,519896,500006,500013,-19883,-3.82,504356,-15540,-2.99,500006,520000,1399-11-7
688,وايرا,سرمايه گذاري صنايع ايران,22,508444,6489779216,13158,12764,12764,-394,-2.99,13023,-135,-1.03,12764,12764,1399-11-7
689,تسه9805,امتياز تسهيلات مسكن مرداد98,21,67,34449684,529833,503342,513000,-16833,-3.18,514174,-15659,-2.96,503342,520000,1399-11-7
690,ثنظام,س. ساختماني نظام مهندسي ايران,21,19166,950269446,51114,49581,49581,-1533,-3.0,51039,-75,-0.15,49581,49581,1399-11-7
691,ثپرديس,سرمايه گذاري مسكن پرديس,21,30940,363328420,12361,11743,11743,-618,-5.0,12356,-5,-0.04,11743,11743,1399-11-7
692,قلرست,قند لرستان‌,20,36325,1179472750,34170,32470,32470,-1700,-4.98,34130,-40,-0.12,32470,32470,1399-11-7
693,كساپا,سايپاشيشه‌,20,28478,1113774580,41160,39110,39110,-2050,-4.98,41110,-50,-0.12,39110,39110,1399-11-7
694,اخزا901,اسنادخزانه-م1بودجه99-010621,20,17030,12622588015,739483,740001,740700,1217,0.16,741197,1714,0.23,740001,742900,1399-11-7
695,اخزا820,اسنادخزانه-م20بودجه98-020806,20,15967,9557807805,597995,598000,599900,1905,0.32,598598,603,0.1,597000,599900,1399-11-7
696,ضفلا1154,اختيارخ فولاد-12000-1399/11/28,20,194,99637000,615,502,455,-160,-26.02,514,-101,-16.42,450,560,1399-11-7
697,نمرينو,ايران‌ مرينوس‌,19,17314,880416900,53520,50850,50850,-2670,-4.99,53470,-50,-0.09,50850,50850,1399-11-7
698,اخزا812,اسنادخزانه-م12بودجه98-001111,18,36538,30540600491,834952,835001,836000,1048,0.13,835859,907,0.11,835001,836102,1399-11-7
699,بنيرو,نيروترانس‌,18,49843,914120620,19300,18340,18340,-960,-4.97,19280,-20,-0.1,18340,18340,1399-11-7
700,اخزا809,اسنادخزانه-م9بودجه98-000923,17,13250,11362888950,856049,858120,857600,1551,0.18,857576,1527,0.18,856716,858990,1399-11-7
701,ضفار1120,اختيارخ فارس-8826-1399/11/07,17,176,246470000,899,899,555,-344,-38.26,700,-199,-22.14,551,1000,1399-11-7
702,ضپاس2003,اختيارخ وپارس-3500-1400/02/29,17,377,144032000,508,400,291,-217,-42.72,382,-126,-24.8,289,400,1399-11-7
703,سپرمي,پرميت‌,17,355168,3027452032,8440,8524,8524,84,1.0,8490,50,0.59,8524,8524,1399-11-7
704,گنجين,صندوق س. گنجينه يكم آويد-د,17,120210,1454877827,12101,12114,12106,5,0.04,12103,2,0.02,12096,12114,1399-11-7
705,اخزا806,اسنادخزانه-م6بودجه98-000519,16,23414,21264554262,907310,908000,909000,1690,0.19,908198,888,0.1,907030,910000,1399-11-7
706,ضفار1121,اختيارخ فارس-9826-1399/11/07,16,308,18140000,123,40,1,-122,-99.19,29,-94,-76.42,1,40,1399-11-7
707,ضفلا1156,اختيارخ فولاد-16000-1399/11/28,16,480,15286000,51,39,18,-33,-64.71,32,-19,-37.25,18,42,1399-11-7
708,ضملت1126,اختيارخ وبملت-4500-1399/11/28,16,559,114394000,242,300,53,-189,-78.1,205,-37,-15.29,53,300,1399-11-7
709,اخزا821,اسنادخزانه-م21بودجه98-020906,16,107419,63523545467,591375,591000,591419,44,0.01,591362,-13,0.0,591000,591502,1399-11-7
710,اشاد1,مشاركت دولتي1-شرايط خاص001026,15,168000,165312666000,985000,982100,999999,14999,1.52,984004,-996,-0.1,982000,999999,1399-11-7
711,اخزا908,اسنادخزانه-م8بودجه99-020606,15,109246,66797121413,607464,608000,612000,4536,0.75,611438,3974,0.65,607299,612000,1399-11-7
712,ضفلا1153,اختيارخ فولاد-10000-1399/11/28,15,198,319253000,1905,1850,1370,-535,-28.08,1612,-293,-15.38,1370,2100,1399-11-7
713,اخزا813,اسنادخزانه-م13بودجه98-010219,15,12245,9845258404,794838,795000,795000,162,0.02,804023,9185,1.16,792600,825000,1399-11-7
714,ضملي3004,اختيارخ فملي-14000-1400/03/02,15,358,245720000,653,707,650,-3,-0.46,686,33,5.05,556,707,1399-11-7
715,زر2,صندوق س.پشتوانه سكه طلاي زر,14,1400000,1400000,44726,1,1,-44725,-100.0,1,-44725,-100.0,1,1,1399-11-7
716,اخزا904,اسنادخزانه-م4بودجه99-011215,14,100865,68689240000,676800,676100,690000,13200,1.95,681002,4202,0.62,676100,690000,1399-11-7
717,نگين,ص.س. زمين و ساختمان نگين شهرري,14,18573,883028440,47800,47550,47540,-260,-0.54,47540,-260,-0.54,47530,47560,1399-11-7
718,اخزا905,اسنادخزانه-م5بودجه99-020218,13,55179,35713170151,645256,641001,647999,2743,0.43,647224,1968,0.3,641000,647999,1399-11-7
719,ضملي3003,اختيارخ فملي-12000-1400/03/02,13,522,798750000,1500,1900,1750,250,16.67,1530,30,2.0,1201,2000,1399-11-7
720,ضغدر1119,اختيارخ وغدير-10000-1399/11/26,13,50,69123000,1813,1503,1016,-797,-43.96,1382,-431,-23.77,1005,1540,1399-11-7
721,تملي705,تسهيلات مسكن ب. ملي-مرداد97,13,234,123870474,504154,529361,529361,25207,5.0,529361,25207,5.0,529361,529361,1399-11-7
722,داريك,صندوق س.اعتماد داريك-د,13,11683,122010365,10477,10450,10400,-77,-0.73,10443,-34,-0.32,10400,10465,1399-11-7
723,هفارس912,اختيارف ت فارس-14576-99/12/13,12,270524,1194078936,4416,4400,4414,-2,-0.05,4414,-2,-0.05,4400,4414,1399-11-7
724,ضشنا2000,اختيارخ شپنا-9000-1400/02/27,12,119,347860000,3743,3996,2807,-936,-25.01,2923,-820,-21.91,2807,3996,1399-11-7
725,ضفلا1157,اختيارخ فولاد-18000-1399/11/28,11,415,1965000,12,2,8,-4,-33.33,5,-7,-58.33,2,8,1399-11-7
726,ضچاد2002,اختيارخ كچاد-16000-1400/02/05,11,41,206112000,6185,5111,5000,-1185,-19.16,5027,-1158,-18.72,5000,5111,1399-11-7
727,خبازرس,بازرسي مهندسي و صنعتي ايران,11,15589,384611808,23954,24672,24672,718,3.0,23967,13,0.05,24672,24672,1399-11-7
728,ضپاس2000,اختيارخ وپارس-2000-1400/02/29,11,310,370680000,1520,1050,1162,-358,-23.55,1196,-324,-21.32,1000,1400,1399-11-7
729,اراد60,مرابحه عام دولتي6-ش.خ0210,11,2120000,1963840800000,925910,926340,926340,430,0.05,926340,430,0.05,926340,926340,1399-11-7
730,طلا2,صندوق س.پشتوانه طلاي لوتوس,10,1000000,1000000,75501,1,1,-75500,-100.0,1,-75500,-100.0,1,1,1399-11-7
731,تملي701,تسهيلات مسكن ب. ملي-فروردين97,10,92,58890072,640806,640806,672846,32040,5.0,640109,-697,-0.11,608766,672846,1399-11-7
732,اطلس2,صندوق س.توسعه اندوخته آينده-س,10,100000,100000,204165,1,1,-204164,-100.0,1,-204164,-100.0,1,1,1399-11-7
733,قنقش,قند نقش جهان,10,3736,265285888,73966,71008,71008,-2958,-4.0,73884,-82,-0.11,71008,71008,1399-11-7
734,ضشنا2002,اختيارخ شپنا-12000-1400/02/27,9,101,203921000,2170,2199,1350,-820,-37.79,2019,-151,-6.96,1350,2199,1399-11-7
735,ضخود2011,اختيارخ خودرو-5000-1400/02/08,9,211,18206000,102,89,85,-17,-16.67,86,-16,-15.69,81,89,1399-11-7
736,ضفلا1158,اختيارخ فولاد-20000-1399/11/28,9,830,8300000,12,10,10,-2,-16.67,10,-2,-16.67,10,10,1399-11-7
737,اخزا811,اسنادخزانه-م11بودجه98-001013,9,9435,7982591419,845195,845301,846500,1305,0.15,846062,867,0.1,845301,847000,1399-11-7
738,وسيزد,شركت س استان يزد,8,320793,391367460,1280,1220,1220,-60,-4.69,1280,0,0.0,1220,1220,1399-11-7
739,اخزا713,اسنادخزانه-م13بودجه97-000518,8,5650,5135207454,907087,915051,911100,4013,0.44,908886,1799,0.2,905688,915051,1399-11-7
740,اخزا721,اسنادخزانه-م21بودجه97-000728,8,3948,3461933341,875851,875851,878480,2629,0.3,876883,1032,0.12,875851,878480,1399-11-7
741,اخزا807,اسنادخزانه-م7بودجه98-000719,8,4138,3678641020,880036,881309,882002,1966,0.22,888990,8954,1.02,881309,899000,1399-11-7
742,ضسپا1106,اختيارخ خساپا-4000-1399/11/26,7,227,229000,2,1,2,0,0.0,1,-1,-50.0,1,2,1399-11-7
743,اخزا804,اسنادخزانه-م4بودجه98-000421,7,1632,1500912074,921946,918164,921000,-946,-0.1,919676,-2270,-0.25,918164,921001,1399-11-7
744,رطب0002پ01,رطب مضافتي0002افشارتعاون بم(پ),7,218,46016530,202187,211085,211085,8898,4.4,211085,8898,4.4,211085,211085,1399-11-7
745,دحاوي,الحاوي,7,5954,71983860,12463,12090,12090,-373,-2.99,12462,-1,-0.01,12090,12090,1399-11-7
746,ضچاد2004,اختيارخ كچاد-20000-1400/02/05,7,48,144499000,2426,2900,3000,574,23.66,3010,584,24.07,2900,3333,1399-11-7
747,كرونا2,تامين مالي جمعي صرفا اهداي سود,7,479,4790000,10000,10000,10000,0,0.0,10000,0,0.0,10000,10000,1399-11-7
748,افران2,صندوق س افرا نماد پايدار-ثابت,7,700000,700000,12544,1,1,-12543,-99.99,1,-12543,-99.99,1,1,1399-11-7
749,تملي707,تسهيلات مسكن ب. ملي-مهر97,6,28,27060152,1017298,966434,966434,-50864,-5.0,966434,-50864,-5.0,966434,966434,1399-11-7
750,ضغدر1120,اختيارخ وغدير-12000-1399/11/26,6,38,12770000,592,700,400,-192,-32.43,336,-256,-43.24,200,700,1399-11-7
751,اخزا810,اسنادخزانه-م10بودجه98-001006,6,64663,55056869210,847754,852000,851500,3746,0.44,851443,3689,0.44,848005,852000,1399-11-7
752,وسقم,شركت س استان قم,6,82556,110625040,1410,1340,1340,-70,-4.96,1410,0,0.0,1340,1340,1399-11-7
753,پست0008پ09,پسته بادامي30-28مه ولات0008(پ),6,90,117515000,1292066,1320000,1310000,17934,1.39,1305722,13656,1.06,1300000,1320000,1399-11-7
754,خاتم2,صندوق س خاتم ايساتيس پويا-ثابت,6,6000000,6000000,10441,1,1,-10440,-99.99,1,-10440,-99.99,1,1,1399-11-7
755,ضفار3000,اختيارخ فارس-8000-1400/03/05,6,155,469699000,3800,3100,2800,-1000,-26.32,3030,-770,-20.26,2799,3100,1399-11-7
756,ضملت1127,اختيارخ وبملت-5000-1399/11/28,6,163,12839000,90,50,99,9,10.0,79,-11,-12.22,20,99,1399-11-7
757,وسكرد,شركت س استان كردستان,6,55306,41479500,780,750,750,-30,-3.85,780,0,0.0,750,750,1399-11-7
758,ضصاد3001,اختيارخ وبصادر-2000-1400/03/12,6,212,166245000,997,755,750,-247,-24.77,784,-213,-21.36,750,990,1399-11-7
759,اعتماد2,صندوق س.اعتماد آفرين پارسيان-د,5,50000000,50000000,34522,1,1,-34521,-100.0,1,-34521,-100.0,1,1,1399-11-7
760,زير0003پ01,زيره سبز0003كيميابذر(پ),5,129,59619876,465000,435155,461000,-4000,-0.86,462170,-2830,-0.61,435155,480959,1399-11-7
761,ياقوت2,صندوق س ياقوت آگاه-ثابت,5,10349000,10349000,11803,1,1,-11802,-99.99,1,-11802,-99.99,1,1,1399-11-7
762,اخزا816,اسنادخزانه-م16بودجه98-010503,5,3218,2467764002,768232,766000,769000,768,0.1,766863,-1369,-0.18,766000,769000,1399-11-7
763,ضملت1125,اختيارخ وبملت-4000-1399/11/28,5,41,23500000,679,505,600,-79,-11.63,573,-106,-15.61,505,600,1399-11-7
764,كابگن,توليدي و صنعتي آبگينه‌,5,28100,143787700,5067,5117,5117,50,0.99,5068,1,0.02,5117,5117,1399-11-7
765,ضترا1118,اختيارخ شتران-12000-1399/11/14,5,89,89000,3,1,1,-2,-66.67,1,-2,-66.67,1,1,1399-11-7
766,وسخراش,شركت س استان خراسان شمالي,5,36200,47422000,1370,1310,1310,-60,-4.38,1370,0,0.0,1310,1310,1399-11-7
767,اجاد22,اجاره دولتي آپرورش-لوتوس991118,5,2050,2050001050,999026,1000001,1000001,975,0.1,1000000,974,0.1,1000000,1000001,1399-11-7
768,ضسپا1105,اختيارخ خساپا-3500-1399/11/26,5,85,180000,4,2,6,2,50.0,2,-2,-50.0,2,6,1399-11-7
769,وسكرشا,س.سهام عدالت استان كرمانشاه,4,170250,204300000,1260,1200,1200,-60,-4.76,1260,0,0.0,1200,1200,1399-11-7
770,اراد65,مرابحه عام دولتي65-ش.خ0210,4,700000,648354000000,925690,926220,926220,530,0.06,926220,530,0.06,926220,926220,1399-11-7
771,كمند2,صندوق س. با درآمد ثابت كمند,4,230000000,230000000,10116,1,1,-10115,-99.99,1,-10115,-99.99,1,1,1399-11-7
772,اخزا718,اسنادخزانه-م18بودجه97-000525,4,7555,6835579574,906200,902618,905569,-631,-0.07,904776,-1424,-0.16,902618,906999,1399-11-7
773,اخزا722,اسنادخزانه-م22بودجه97-000428,4,22298,20469564000,917909,918000,918000,91,0.01,918000,91,0.01,918000,918000,1399-11-7
774,پست0008پ08,پسته فندقي32-30مه ولات0008(پ),4,49,65065000,1285000,1300000,1335000,50000,3.89,1327857,42857,3.34,1300000,1335000,1399-11-7
775,ضصاد3000,اختيارخ وبصادر-1800-1400/03/12,4,4,3688000,882,1011,888,6,0.68,922,40,4.54,888,1011,1399-11-7
776,ضبدر1159,اختيارخ شبندر-16000-1399/11/19,4,20,125500000,7000,7000,5100,-1900,-27.14,6275,-725,-10.36,5100,7000,1399-11-7
777,صبا1401,اجاره مهندسي صبا نفت14010225,4,99,96060000,960000,990000,965000,5000,0.52,970303,10303,1.07,965000,990000,1399-11-7
778,ضترا3002,اختيارخ شتران-8000-1400/03/09,4,6,16219000,2582,3000,2222,-360,-13.94,2703,121,4.69,2222,3000,1399-11-7
779,تبريز112,مشاركت شهرداري تبريز-3ماهه18%,4,524,513414983,965000,965000,980000,15000,1.55,979800,14800,1.53,965000,980000,1399-11-7
780,ضترا1117,اختيارخ شتران-10000-1399/11/14,4,6,600000,302,100,100,-202,-66.89,100,-202,-66.89,100,100,1399-11-7
781,ضفار3001,اختيارخ فارس-9000-1400/03/05,4,39,85800000,2086,2200,2200,114,5.47,2200,114,5.47,2200,2200,1399-11-7
782,اراد64,مرابحه عام دولتي64-ش.خ0111,4,500000,471840000000,943530,943680,943680,150,0.02,943680,150,0.02,943680,943680,1399-11-7
783,ضملي3000,اختيارخ فملي-8000-1400/03/02,3,10,44200000,4228,4600,4400,172,4.07,4420,192,4.54,4400,4600,1399-11-7
784,اراد644,مرابحه عام دولتي64-ش.خ0111,3,9113260,8600001196800,943530,943680,943680,150,0.02,943680,150,0.02,943680,943680,1399-11-7
785,اخزا723,اسنادخزانه-م23بودجه97-000824,3,458,396768400,864491,866000,866520,2029,0.23,866307,1816,0.21,866000,866520,1399-11-7
786,ضملي3002,اختيارخ فملي-10000-1400/03/02,3,80,169471000,2929,2101,2121,-808,-27.59,2118,-811,-27.69,2100,2121,1399-11-7
787,وسبوشهر,شركت س استان بوشهر,3,17000,20400000,1260,1200,1200,-60,-4.76,1260,0,0.0,1200,1200,1399-11-7
788,وسيستا,شركت س استان سيستان وبلوچستان,3,16862,12815120,790,760,760,-30,-3.8,790,0,0.0,760,760,1399-11-7
789,ضصاد3003,اختيارخ وبصادر-3000-1400/03/12,3,101,50203000,502,498,313,-189,-37.65,497,-5,-1.0,313,499,1399-11-7
790,ضفار1125,اختيارخ فارس-17826-1399/11/07,3,101,202000,1,1,1,0,0.0,1,0,0.0,1,1,1399-11-7
791,زعف0008پ09,زعفران0008نگين نوين(پ),3,2505,314997500,124765,125000,125749,984,0.79,125748,983,0.79,125000,125749,1399-11-7
792,ضغدر1118,اختيارخ وغدير-9000-1399/11/26,3,30,69000000,2294,2400,1900,-394,-17.18,2300,6,0.26,1900,2400,1399-11-7
793,ضملت1129,اختيارخ وبملت-7000-1399/11/28,3,127,136000,1,1,10,9,900.0,1,0,0.0,1,10,1399-11-7
794,تملي805,تسهيلات مسكن ب. ملي-مرداد98,3,25,18190237,692965,727605,727613,34648,5.0,727609,34644,5.0,727605,727613,1399-11-7
795,اراد49,مرابحه عام دولت4-ش.خ 0206,3,61000,60146000000,986000,986000,986000,0,0.0,986000,0,0.0,986000,986000,1399-11-7
796,وسيلام,شركت س استان ايلام,3,13700,16166000,1240,1180,1180,-60,-4.84,1240,0,0.0,1180,1180,1399-11-7
797,شستا991,اجاره تامين اجتماعي-امين991226,2,62,62027745,1000448,1000447,1000448,0,0.0,1000447,-1,0.0,1000447,1000448,1399-11-7
798,ضملت1123,اختيارخ وبملت-3000-1399/11/28,2,6,7490000,1250,1380,1240,-10,-0.8,1248,-2,-0.16,1240,1250,1399-11-7
799,ساذري,آذريت‌,2,1287,7714278,5820,5994,5994,174,2.99,5820,0,0.0,5994,5994,1399-11-7
800,اروند09,منفعت صبا اروند نوين 14001222,2,10010,9193367680,910500,918400,936768,26268,2.89,918418,7918,0.87,918400,936768,1399-11-7
801,ضخود2012,اختيارخ خودرو-6000-1400/02/08,2,110,5750000,87,55,52,-35,-40.23,52,-35,-40.23,52,55,1399-11-7
802,ضشنا2003,اختيارخ شپنا-14000-1400/02/27,2,10,12200000,550,1300,500,-50,-9.09,1220,670,121.82,500,1300,1399-11-7
803,وسلرستا,شركت س استان لرستان,2,18000,15480000,900,860,860,-40,-4.44,900,0,0.0,860,860,1399-11-7
804,خعمرا,توسعه و عمران شهرستان نائين,2,1555,35012380,21861,22516,22516,655,3.0,21862,1,0.0,22516,22516,1399-11-7
805,فملي2,ملي‌ صنايع‌ مس‌ ايران‌,2,81000000,954180000000,11220,11780,11780,560,4.99,11780,560,4.99,11780,11780,1399-11-7
806,فبستم,صنايع ‌بسته‌بندي‌ مشهد,2,2625,2142000,793,816,816,23,2.9,793,0,0.0,816,816,1399-11-7
807,صخابر102,صكوك اجاره مخابرات-3 ماهه 16%,2,160,160000000,1000000,1000000,1000000,0,0.0,1000000,0,0.0,1000000,1000000,1399-11-7
808,هاباد912,اختيارف ت آبادا-30100-99/12/12,2,1015,12421570,13607,12238,12238,-1369,-10.06,12238,-1369,-10.06,12238,12238,1399-11-7
809,سحرا021,سلف موازي برق نيروي برق حرارتي,2,242080,66232119680,271776,273596,273596,1820,0.67,273596,1820,0.67,273596,273596,1399-11-7
810,ضچاد2001,اختيارخ كچاد-14000-1400/02/05,2,2,20000000,5750,10000,10000,4250,73.91,10000,4250,73.91,10000,10000,1399-11-7
811,ضخوز2014,اختيارخ فخوز-14000-1400/02/15,2,2,4940000,1961,2490,2450,489,24.94,2470,509,25.96,2450,2490,1399-11-7
812,اشاد10,مشاركت دولتي10-شرايط خاص001226,2,900,846000400,952659,940000,940001,-12658,-1.33,940000,-12659,-1.33,940000,940001,1399-11-7
813,رطب0002پ02,رطب مضافتي0002اتحاديه كرمان(پ),2,29,6121465,195192,211085,211085,15893,8.14,211085,15893,8.14,211085,211085,1399-11-7
814,افاد74,منفعت دولت7-ش.خاص ساير0204,2,50000,50000000000,1000000,1000000,1000000,0,0.0,1000000,0,0.0,1000000,1000000,1399-11-7
815,زعف0008پ19,زعفران0008نگين تروند قاينات(پ),2,881,110355386,127000,122906,125500,-1500,-1.18,125262,-1738,-1.37,122906,125500,1399-11-7
816,ضفلا1152,اختيارخ فولاد-9000-1399/11/28,1,1,2000000,1950,2000,2000,50,2.56,2000,50,2.56,2000,2000,1399-11-7
817,زعف0008پ18,زعفران0008نگين بهرامن(پ),1,1000,124794000,124794,124794,124794,0,0.0,124794,0,0.0,124794,124794,1399-11-7
818,اخزا8162,اسنادخزانه-م16بودجه98-010503,1,225000,172575000000,768232,767000,767000,-1232,-0.16,767000,-1232,-0.16,767000,767000,1399-11-7
819,خودرو2,ايران‌ خودرو,1,69400000,199872000000,2750,2880,2880,130,4.73,2880,130,4.73,2880,2880,1399-11-7
820,مشير112,مشاركت شهرداري شيراز-3ماهه18%,1,1,1000000,1000000,1000000,1000000,0,0.0,1000000,0,0.0,1000000,1000000,1399-11-7
821,اروند092,منفعت صبا اروند نوين 14001222,1,290000,266336000000,910500,918400,918400,7900,0.87,918400,7900,0.87,918400,918400,1399-11-7
822,اخزا805,اسنادخزانه-م5بودجه98-000422,1,10000,9160360000,917850,916036,916036,-1814,-0.2,916036,-1814,-0.2,916036,916036,1399-11-7
823,اخزا9022,اسنادخزانه-م2بودجه99-011019,1,150000,104760000000,697710,698400,698400,690,0.1,698400,690,0.1,698400,698400,1399-11-7
824,ضفار1123,اختيارخ فارس-13826-1399/11/07,1,11,22000,1,1,1,0,0.0,1,0,0.0,1,1,1399-11-7
825,ضپار1115,اختيارخ خپارس-5000-1399/11/19,1,5,5750000,1167,1150,1150,-17,-1.46,1150,-17,-1.46,1150,1150,1399-11-7
826,ضغدر1121,اختيارخ وغدير-14000-1399/11/26,1,10,1500000,540,150,150,-390,-72.22,150,-390,-72.22,150,150,1399-11-7
827,هاي وب2,داده گسترعصرنوين-هاي وب,1,20000000,496000000000,25270,24800,24800,-470,-1.86,24800,-470,-1.86,24800,24800,1399-11-7
828,اراد36,مرابحه عام دولت3-ش.خ 0104,1,5000,4752000000,980000,950400,950400,-29600,-3.02,950400,-29600,-3.02,950400,950400,1399-11-7
829,ضسان2009,اختيارخ پارسان-18750-00/02/15,1,20,80000000,3833,4000,4000,167,4.36,4000,167,4.36,4000,4000,1399-11-7
830,كشم0001پ01,كشمش سبز0001خليل آباد(پ),1,8,5058560,602210,632320,632320,30110,5.0,632320,30110,5.0,632320,632320,1399-11-7
831,اخزا819,اسنادخزانه-م19بودجه98-020322,1,100,70305500,696095,703055,703055,6960,1.0,703055,6960,1.0,703055,703055,1399-11-7
832,زعف0008پ15,زعفران0008پوشالمعمول طلاسرخ(پ),1,69,5726931,82080,82999,82999,919,1.12,82999,919,1.12,82999,82999,1399-11-7
833,تسه99022,امتياز تسهيلات مسكن ارديبهشت99,1,30,300,526338,10,10,-526328,-100.0,10,-526328,-100.0,10,10,1399-11-7
834,اراد704,مرابحه عام دولت70-ش.خ0112,1,1000000,941000000000,1000000,941000,941000,-59000,-5.9,941000,-59000,-5.9,941000,941000,1399-11-7
835,شستا992,اجاره تامين اجتماعي-سپهر991226,1,10,9965000,996500,996500,996500,0,0.0,996500,0,0.0,996500,996500,1399-11-7
836,زير0003پ02,زيره سبز0003 دانش(پ),1,50,23750000,465332,475000,475000,9668,2.08,475000,9668,2.08,475000,475000,1399-11-7
837,وسمازن,س.سهام عدالت استان مازندران,1,10000,9400000,980,940,940,-40,-4.08,980,0,0.0,940,940,1399-11-7
838,افاد554,منفعت دولت5-ش.خاص ساير0108,1,200000,194000000000,971000,970000,970000,-1000,-0.1,970000,-1000,-0.1,970000,970000,1399-11-7
839,اروند10,منفعت صبا اروند لوتوس 14001222,1,1000,1000000000,985000,1000000,1000000,15000,1.52,1000000,15000,1.52,1000000,1000000,1399-11-7
840,اخزا8044,اسنادخزانه-م4بودجه98-000421,1,10,9219460,921946,921946,921946,0,0.0,921946,0,0.0,921946,921946,1399-11-7
841,ضچاد2000,اختيارخ كچاد-12000-1400/02/05,1,10,90000000,8000,9000,9000,1000,12.5,9000,1000,12.5,9000,9000,1399-11-7
842,ضخود2010,اختيارخ خودرو-4500-1400/02/08,1,10,1550000,113,155,155,42,37.17,155,42,37.17,155,155,1399-11-7
843,وسمركز,شركت س استان مركزي,1,6069,8071770,1400,1330,1330,-70,-5.0,1400,0,0.0,1330,1330,1399-11-7
844,شستا001,اجاره تامين اجتماعي-امين000523,1,7,7007049,1001007,1001007,1001007,0,0.0,1001007,0,0.0,1001007,1001007,1399-11-7
845,پست0008پ04,پسته فندقي32-30سبزدانه0008(پ),1,4,5396000,1297000,1349000,1349000,52000,4.01,1349000,52000,4.01,1349000,1349000,1399-11-7
846,تملي708,تسهيلات مسكن ب. ملي-آبان97,1,8,5104880,671694,638110,638110,-33584,-5.0,638110,-33584,-5.0,638110,638110,1399-11-7
847,اراد44,مرابحه عام دولت4-ش.خ 0007,1,2000,2100000000,1027000,1050000,1050000,23000,2.24,1050000,23000,2.24,1050000,1050000,1399-11-7
848,اراد38,مرابحه عام دولت3-ش.خ 0105,1,2000,2027454000,997727,1013727,1013727,16000,1.6,1013727,16000,1.6,1013727,1013727,1399-11-7
849,ضصاد3004,اختيارخ وبصادر-3500-1400/03/12,1,1,133000,1,133,133,132,13200.0,133,132,13200.0,133,133,1399-11-7
850,ضگل1144,اختيارخ كگل-20000-1399/11/21,1,50,6000000,1000,120,120,-880,-88.0,120,-880,-88.0,120,120,1399-11-7
851,وسگيلا,شركت س استان گيلان,1,8892,7024680,830,790,790,-40,-4.82,830,0,0.0,790,790,1399-11-7
852,صمسكن912,ص دين مسكن جنوب-ماهانه16درصد,1,700,35609700,50871,50871,50871,0,0.0,50871,0,0.0,50871,50871,1399-11-7
853,دسينا2,داروسازي‌ سينا,1,892500,24413445000,28200,27354,27354,-846,-3.0,27354,-846,-3.0,27354,27354,1399-11-7
854,ضفار1122,اختيارخ فارس-11826-1399/11/07,1,16,32000,1,1,1,0,0.0,1,0,0.0,1,1,1399-11-7
855,وهنر2,گروه توسعه هنر ايران,1,9000000,67572000000,7374,7508,7508,134,1.82,7508,134,1.82,7508,7508,1399-11-7
856,ضترا3003,اختيارخ شتران-9000-1400/03/09,1,100,250000000,2200,2500,2500,300,13.64,2500,300,13.64,2500,2500,1399-11-7
857,شسم,توليد سموم‌ علف‌ كش,1,2389,213722329,87707,89461,89461,1754,2.0,87744,37,0.04,89461,89461,1399-11-7
858,فولاد2,فولاد مباركه اصفهان,1,60000000,741600000000,11790,12360,12360,570,4.83,12360,570,4.83,12360,12360,1399-11-7
859,اعتماد4,صندوق س.اعتماد آفرين پارسيان-د,1,3430000,118461910000,34522,34537,34537,15,0.04,34537,15,0.04,34537,34537,1399-11-7
860,ضگل1141,اختيارخ كگل-14000-1399/11/21,1,20,70000000,4000,3500,3500,-500,-12.5,3500,-500,-12.5,3500,3500,1399-11-7
861,ضفار1126,اختيارخ فارس-19826-1399/11/07,1,1,2000,1,1,1,0,0.0,1,0,0.0,1,1,1399-11-7
