,نماد,نام,تعداد,حجم,ارزش,دیروز,اولین,آخرین معامله - مقدار,آخرین معامله - تغییر,آخرین معامله - درصد,قیمت پایانی - مقدار,قیمت پایانی - تغییر,قیمت پایانی - درصد,کمترین,بیشترین,تاریخ
0,پالايش,صندوق پالايشي يکم-سهام,57364,66618974,5753457915230,84380,84500,86470,2090,2.48,86360,1980,2.35,83500,87750,1399-12-26
1,بركت,گروه دارويي بركت,44775,98415477,3401132671930,34900,35500,34210,-690,-1.98,34560,-340,-0.97,34210,36170,1399-12-26
2,دارا يكم,صندوق واسطه گري مالي يكم-سهام,40813,33622663,4975722543670,145790,143500,149000,3210,2.2,147990,2200,1.51,142210,150280,1399-12-26
3,رافزا,رايان هم افزا,30057,17651115,1593319677261,86269,88500,91445,5176,6.0,90267,3998,4.63,87210,91445,1399-12-26
4,كزغال,زغال سنگ پروده طبس,28959,12768516,473717842605,37078,36860,37110,32,0.09,37100,22,0.06,36440,38000,1399-12-26
5,اپال,فرآوري معدني اپال كاني پارس,28031,45343204,819713923290,17920,18070,17990,70,0.39,18080,160,0.89,17800,18600,1399-12-26
6,ثبهساز,بهساز كاشانه تهران,23503,121752453,288030368370,2360,2320,2360,0,0.0,2370,10,0.42,2320,2450,1399-12-26
7,غزر,صنعتي زر ماكارون,22538,25474598,704996836240,27390,27410,27790,400,1.46,27670,280,1.02,26850,28350,1399-12-26
8,خودرو,ايران‌ خودرو,22424,719459978,1842287799700,2470,2460,2600,130,5.26,2560,90,3.64,2450,2610,1399-12-26
9,خساپا,سايپا,21777,1062106075,2499710551580,2250,2240,2380,130,5.78,2350,100,4.44,2230,2380,1399-12-26
10,شپنا,پالايش نفت اصفهان,19464,181565278,2574682927010,13470,13600,14270,800,5.94,14180,710,5.27,13500,14270,1399-12-26
11,وسپهر,سرمايه گذاري مالي سپهرصادرات,18796,36304543,385431701496,10100,10100,10706,606,6.0,10617,517,5.12,10100,10706,1399-12-26
12,بوعلي,پتروشيمي بوعلي سينا,16965,17363093,794144866230,43630,44290,46240,2610,5.98,45740,2110,4.84,44000,46240,1399-12-26
13,فملي,ملي‌ صنايع‌ مس‌ ايران‌,16614,109638945,1453581279300,12610,12680,13360,750,5.95,13260,650,5.15,12620,13360,1399-12-26
14,وبملت,بانك ملت,13563,499852655,2104942576090,4170,4090,4320,150,3.6,4210,40,0.96,4090,4380,1399-12-26
15,سيتا,سرمايه گذاري سيمان تامين,12913,20316644,317342066950,15000,15010,15900,900,6.0,15620,620,4.13,15000,15900,1399-12-26
16,آبادا,توليد نيروي برق آبادان,12699,15110919,224489125460,15090,14790,14790,-300,-1.99,14860,-230,-1.52,14790,15290,1399-12-26
17,شبندر,پالايش نفت بندرعباس,12371,58087252,1658346390290,27410,27410,29030,1620,5.91,28550,1140,4.16,27000,29040,1399-12-26
18,كمند,صندوق س. با درآمد ثابت كمند,11875,554973667,5583447442921,10056,10061,10061,5,0.05,10061,5,0.05,10060,10064,1399-12-26
19,شاروم,پتروشيمي اروميه,11826,6497422,124041330719,18883,18885,19022,139,0.74,19091,208,1.1,18882,19440,1399-12-26
20,خگستر,گسترش‌سرمايه‌گذاري‌ايران‌خودرو,11546,229261162,671763506010,2830,2820,2970,140,4.95,2930,100,3.53,2810,2990,1399-12-26
21,ولپارس,ليزينگ پارسيان,11374,12726392,62557003500,4930,4850,4910,-20,-0.41,4920,-10,-0.2,4840,5050,1399-12-26
22,حكشتي,كشتيراني جمهوري اسلامي ايران,11257,42274465,831387422870,19190,19400,19510,320,1.67,19670,480,2.5,19320,20000,1399-12-26
23,وكبهمن,مديريت سرمايه گذاري كوثربهمن,10640,7252586,87656973703,11717,11595,12240,523,4.46,12086,369,3.15,11590,12416,1399-12-26
24,شلعاب,لعابيران‌,9720,26792475,635062548490,22870,24240,23230,360,1.57,23700,830,3.63,22550,24240,1399-12-26
25,وتجارت,بانك تجارت,9540,354312251,1000095895250,2670,2760,2830,160,5.99,2820,150,5.62,2760,2830,1399-12-26
26,فزرين,زرين معدن آسيا,8996,47205501,1266944943090,27182,26639,27122,-60,-0.22,26839,-343,-1.26,26639,27943,1399-12-26
27,فرابورس,فرابورس ايران,8662,26782912,881202144601,32838,32182,32990,152,0.46,32902,64,0.19,32182,34590,1399-12-26
28,بپيوند,برق و انرژي پيوندگستر پارس,8122,5698632,81420701929,14017,13986,14430,413,2.95,14288,271,1.93,13801,14620,1399-12-26
29,آسيا,بيمه آسيا,8027,157423015,363111947370,2340,2300,2300,-40,-1.71,2310,-30,-1.28,2300,2360,1399-12-26
30,كاما,باما,7824,33851516,459493700690,13410,13210,13600,190,1.42,13570,160,1.19,13210,13790,1399-12-26
31,آريا,پليمر آريا ساسول,7546,4315009,387650925532,87740,87740,90040,2300,2.62,89838,2098,2.39,87740,91340,1399-12-26
32,انرژي3,سايراشخاص بورس انرژي,7450,2030819,538928378000,263540,258270,271000,7460,2.83,265370,1830,0.69,258270,274700,1399-12-26
33,فروي,ذوب روي اصفهان,7272,5968212,388891385878,64763,63468,66410,1647,2.54,65160,397,0.61,63468,67980,1399-12-26
34,وبصادر,بانك صادرات ايران,7231,348770108,884983745760,2420,2420,2560,140,5.79,2540,120,4.96,2390,2560,1399-12-26
35,شتران,پالايش نفت تهران,7030,89316531,820301870800,8730,8800,9250,520,5.96,9180,450,5.15,8730,9250,1399-12-26
36,ثاميد,توسعه و عمران اميد,6569,77664097,125123426110,1560,1550,1620,60,3.85,1610,50,3.21,1540,1630,1399-12-26
37,ذوب,سهامي ذوب آهن  اصفهان,6337,137583909,549216170786,3794,3760,4021,227,5.98,3992,198,5.22,3760,4021,1399-12-26
38,ثشاهد,سرمايه‌ گذاري‌ شاهد,6255,24115467,455035845350,18960,18590,19040,80,0.42,18870,-90,-0.47,18590,19400,1399-12-26
39,كچاد,معدني‌وصنعتي‌چادرملو,6172,22054744,534359725520,23920,24310,24040,120,0.5,24230,310,1.3,23680,24740,1399-12-26
40,پتاير,ايران‌ تاير,6067,204865429,832174754860,4140,4060,4060,-80,-1.93,4060,-80,-1.93,4060,4130,1399-12-26
41,امين يكم,صندوق درآمد ثابت امين يكم فردا,5888,191016271,1923487218921,10210,10084,10066,-144,-1.41,10070,-140,-1.37,10062,10090,1399-12-26
42,وپارس,بانك‌پارسيان‌,5869,157670409,495006641510,3090,3060,3130,40,1.29,3140,50,1.62,3030,3200,1399-12-26
43,بگيلان,توسعه مسير برق گيلان,5641,1128208,24357831859,21364,21200,21630,266,1.25,21471,107,0.5,21200,21860,1399-12-26
44,غگل,گلوكوزان‌,5509,58404702,212167954690,3610,3550,3620,10,0.28,3630,20,0.55,3540,3750,1399-12-26
45,خزاميا,زامياد,5426,44473339,356403430460,8030,8010,8000,-30,-0.37,8010,-20,-0.25,7870,8210,1399-12-26
46,بورس,بورس اوراق بهادار تهران,5306,12554362,468716408750,37180,36440,37680,500,1.34,37330,150,0.4,36440,39200,1399-12-26
47,خمحركه,نيرو محركه‌,4980,43822098,207648657940,4790,4700,4720,-70,-1.46,4740,-50,-1.04,4700,4900,1399-12-26
48,دانا,بيمه دانا,4969,48604625,319603093780,6680,6550,6560,-120,-1.8,6580,-100,-1.5,6550,6730,1399-12-26
49,ولساپا,ليزينگ رايان‌ سايپا,4931,79119025,281948389330,3590,3520,3620,30,0.84,3560,-30,-0.84,3520,3670,1399-12-26
50,كالا,بورس كالاي ايران,4782,10019547,337925024970,33870,33200,33680,-190,-0.56,33730,-140,-0.41,33200,34980,1399-12-26
51,خپارس,پارس‌ خودرو,4568,46420324,263772067440,5620,5560,5660,40,0.71,5680,60,1.07,5510,5800,1399-12-26
52,ومعادن,توسعه‌معادن‌وفلزات‌,4548,43831252,601591727800,13180,13500,13950,770,5.84,13730,550,4.17,13270,13970,1399-12-26
53,صبا,سرمايه گذاري صبا تامين,4521,25130179,206996622116,7837,7989,8307,470,6.0,8237,400,5.1,7890,8307,1399-12-26
54,پيزد,مجتمع صنايع لاستيك يزد,4498,446835,29630248882,65513,64800,66320,807,1.23,65987,474,0.72,64800,67350,1399-12-26
55,هاي وب,داده گسترعصرنوين-هاي وب,4384,28934974,304101080220,9970,10300,10560,590,5.92,10510,540,5.42,10030,10560,1399-12-26
56,آوا,صندوق س.سهام آواي معيار-س,4271,41515288,290703454439,6731,6780,7140,409,6.08,7002,271,4.03,6740,7141,1399-12-26
57,وساپا,سرمايه‌گذاري‌ سايپا,4223,45193937,276004557890,6080,5960,6110,30,0.49,6110,30,0.49,5960,6300,1399-12-26
58,ماديرا,صنايع ماشين هاي اداري ايران,4205,31224436,276443713126,8982,8803,8840,-142,-1.58,8853,-129,-1.44,8803,9520,1399-12-26
59,كرمان,س. توسعه و عمران استان كرمان,4202,8985555,458612118993,51353,50326,51880,527,1.03,51039,-314,-0.61,50326,53490,1399-12-26
60,غپينو,پارس‌ مينو,4127,30109668,206406261300,6880,7000,6750,-130,-1.89,6860,-20,-0.29,6750,7100,1399-12-26
61,فخوز,فولاد  خوزستان,4059,37048565,583308230610,14900,15190,15790,890,5.97,15740,840,5.64,14950,15790,1399-12-26
62,پترول,گروه پتروشيمي س. ايرانيان,4004,49532830,516200534250,9860,10250,10450,590,5.98,10420,560,5.68,10170,10450,1399-12-26
63,كلر,كلر پارس,3943,2347406,298046594842,128628,126057,126056,-2572,-2.0,126968,-1660,-1.29,126056,132100,1399-12-26
64,ودي,بيمه  دي,3902,23576848,542468877593,23387,22920,23111,-276,-1.18,23009,-378,-1.62,22920,23500,1399-12-26
65,ثاخت,بين‌المللي‌توسعه‌ساختمان,3810,56597777,158284707120,2770,2830,2800,30,1.08,2800,30,1.08,2760,2870,1399-12-26
66,نوري,پتروشيمي نوري,3790,7279488,476882073260,62110,62730,65830,3720,5.99,65510,3400,5.47,62650,65830,1399-12-26
67,تاپيكو,س. نفت و گاز و پتروشيمي تأمين,3740,45291904,595037802180,12440,12690,13180,740,5.95,13140,700,5.63,12610,13180,1399-12-26
68,غسالم,سالمين‌,3738,47616659,218072861580,4380,4560,4610,230,5.25,4580,200,4.57,4400,4640,1399-12-26
69,شبريز,پالايش نفت تبريز,3705,11483187,375344640040,31470,31470,32990,1520,4.83,32690,1220,3.88,31010,33290,1399-12-26
70,سمگا,گروه سرمايه گذاري ميراث فرهنگي,3461,28117254,780481443172,27735,27735,27735,0,0.0,27758,23,0.08,27220,28500,1399-12-26
71,ختوقا,قطعات‌ اتومبيل‌ ايران‌,3426,54654005,146519750500,2660,2620,2690,30,1.13,2680,20,0.75,2610,2760,1399-12-26
72,كاوه,فولاد كاوه جنوب كيش,3407,30431867,678058131630,21110,21500,22370,1260,5.97,22280,1170,5.54,21500,22370,1399-12-26
73,بترانس,ايران‌ ترانسفو,3399,53852412,146756244890,2670,2640,2760,90,3.37,2730,60,2.25,2620,2790,1399-12-26
74,غپاك,لبنيات‌ پاك‌,3365,8962287,242444208870,25700,26500,27170,1470,5.72,27050,1350,5.25,26490,27240,1399-12-26
75,سصوفي,سيمان‌ صوفيان‌,3359,12706920,244020773870,19080,18700,19940,860,4.51,19200,120,0.63,18700,20160,1399-12-26
76,سبزوا,سيمان لار سبزوار,3358,26540136,92709948362,3550,3479,3485,-65,-1.83,3493,-57,-1.61,3479,3590,1399-12-26
77,فولاد,فولاد مباركه اصفهان,3345,57173706,771845031000,12740,13500,13500,760,5.97,13500,760,5.97,13500,13500,1399-12-26
78,ونيكي,سرمايه‌گذاري‌ ملي‌ايران‌,3220,15088358,165917772960,10980,10770,11010,30,0.27,11000,20,0.18,10770,11270,1399-12-26
79,حفاري,حفاري شمال,3166,20973695,161679169430,7660,7690,7710,50,0.65,7710,50,0.65,7530,7870,1399-12-26
80,فرآور,فرآوري‌موادمعدني‌ايران‌,3124,6917600,253131400050,36670,35940,36600,-70,-0.19,36590,-80,-0.22,35940,38230,1399-12-26
81,سيمرغ,سيمرغ,3095,8650061,136091955230,15930,15700,15640,-290,-1.82,15730,-200,-1.26,15620,16140,1399-12-26
82,آگاس,صندوق س.هستي بخش آگاه-س,2892,3226226,228519140560,67577,68490,72199,4622,6.84,70832,3255,4.82,67600,72199,1399-12-26
83,دزهراويح,ح . ‌داروسازي‌زهراوي‌,2763,9357960,42692169120,4470,4420,4640,170,3.8,4560,90,2.01,4360,4680,1399-12-26
84,سرو,صندوق س سروسودمند مدبران-سهام,2734,3292845,233674767730,68440,69190,71620,3180,4.65,70960,2520,3.68,69000,71980,1399-12-26
85,كرازي,كارخانجات‌توليدي‌شيشه‌رازي‌,2646,7211042,174508993990,24110,23630,24600,490,2.03,24200,90,0.37,23630,24990,1399-12-26
86,كيميا,معدني كيمياي زنجان گستران,2626,10293021,184946026543,18299,18000,18076,-223,-1.22,17968,-331,-1.81,17934,18299,1399-12-26
87,دماوند,توليد نيروي برق دماوند,2587,3479588,170544186183,48303,47500,48600,297,0.61,49013,710,1.47,47500,50000,1399-12-26
88,تكمبا,كمباين‌ سازي‌ ايران‌,2582,21827291,165689842270,7710,7560,7720,10,0.13,7590,-120,-1.56,7560,7790,1399-12-26
89,شيران,س. صنايع‌شيميايي‌ايران,2565,5648102,159048470610,27070,27710,28240,1170,4.32,28160,1090,4.03,27650,28690,1399-12-26
90,ضخود2007,اختيارخ خودرو-3000-1400/02/08,2503,130531,15087972000,97,100,125,28,28.87,116,19,19.59,97,130,1399-12-26
91,ونوين,بانك‌اقتصادنوين‌,2480,98597767,464955278750,4470,4600,4730,260,5.82,4720,250,5.59,4550,4730,1399-12-26
92,فارس,صنايع پتروشيمي خليج فارس,2457,40319304,421881928790,9900,10250,10490,590,5.96,10460,560,5.66,10100,10490,1399-12-26
93,وهور,مديريت انرژي اميد  تابان هور,2418,49177904,111838888752,2193,2170,2269,76,3.47,2274,81,3.69,2160,2324,1399-12-26
94,اعتماد,صندوق س.اعتماد آفرين پارسيان-د,2369,58330220,2063173411400,35354,35370,35374,20,0.06,35371,17,0.05,35370,35374,1399-12-26
95,وپاسار,بانك  پاسارگاد,2352,36540646,465331932220,12510,12510,12840,330,2.64,12730,220,1.76,12510,12990,1399-12-26
96,تليسه,دامداري تليسه نمونه,2338,23613771,103703070441,4475,4386,4386,-89,-1.99,4392,-83,-1.85,4386,4450,1399-12-26
97,شپترو,پتروشيمي آبادان,2334,33265305,188762612263,5556,5555,5722,166,2.99,5674,118,2.12,5472,5722,1399-12-26
98,دزهراوي,داروسازي‌زهراوي‌,2329,10827116,85099841180,7980,7830,7870,-110,-1.38,7860,-120,-1.5,7830,8000,1399-12-26
99,حكشتيح,ح . كشتيراني ج. ا. ا,2311,42710350,651063789400,15210,15210,15300,90,0.59,15240,30,0.2,15210,17030,1399-12-26
100,بپاس,بيمه پاسارگاد,2290,2554915,186580897400,69895,71500,74088,4193,6.0,73028,3133,4.48,71000,74088,1399-12-26
101,بجهرم,توسعه مولد نيروگاهي جهرم,2287,24884526,71732765311,2826,2860,2884,58,2.05,2883,57,2.02,2820,2930,1399-12-26
102,تملت,تامين سرمايه بانك ملت,2267,17721668,101827020360,5490,5510,5810,320,5.83,5750,260,4.74,5510,5810,1399-12-26
103,حريل,ريل پردازسير,2199,18076031,102485298975,5728,5626,5614,-114,-1.99,5670,-58,-1.01,5614,5810,1399-12-26
104,اخابر,مخابرات ايران,2183,24122001,235297218480,9350,9200,9910,560,5.99,9750,400,4.28,9200,9910,1399-12-26
105,غنوش,نوش‌ مازندران‌,2179,2458894,143693829280,59210,58380,58030,-1180,-1.99,58440,-770,-1.3,58030,60440,1399-12-26
106,ساروم,سيمان‌اروميه‌,2119,4722858,198541200340,42610,41760,41760,-850,-1.99,42040,-570,-1.34,41760,43000,1399-12-26
107,سفارس,سيمان فارس و خوزستان,2113,11804278,223101999100,17970,17810,19040,1070,5.95,18900,930,5.18,17810,19040,1399-12-26
108,مارون,پتروشيمي مارون,2104,991155,162123139840,159687,162900,163269,3582,2.24,163570,3883,2.43,161000,166990,1399-12-26
109,رمپنا,گروه مپنا (سهامي عام),2090,19066286,317189489000,15850,15760,16800,950,5.99,16640,790,4.98,15760,16800,1399-12-26
110,سغرب,سيمان‌غرب‌,2076,3503965,129695987640,37540,36790,36790,-750,-2.0,37010,-530,-1.41,36790,38040,1399-12-26
111,قنيشا,قند  نيشابور,2067,2347190,137887093570,59030,57850,58610,-420,-0.71,58750,-280,-0.47,57850,60000,1399-12-26
112,كارين2,صندوق س نگين سامان-ثابت,2000,20000000,20000000,10005,1,1,-10004,-99.99,1,-10004,-99.99,1,1,1399-12-26
113,افق,فروشگاههاي زنجيره اي افق كوروش,1989,4405365,319856221580,70120,72000,74320,4200,5.99,72610,2490,3.55,70810,74320,1399-12-26
114,فخاس,فولاد خراسان,1936,5561467,160080854200,29220,28660,29840,620,2.12,28780,-440,-1.51,28640,30140,1399-12-26
115,ورنا,سرمايه‌گذاري‌ رنا(هلدينگ‌,1911,14784871,82169856810,5540,5430,5560,20,0.36,5560,20,0.36,5430,5670,1399-12-26
116,بكهنوج,توليد برق ماهتاب كهنوج,1876,31076535,54118094779,1698,1700,1760,62,3.65,1741,43,2.53,1698,1779,1399-12-26
117,غشهداب,كشت و صنعت شهداب ناب خراسان,1873,19478050,77434464842,3932,3930,3993,61,1.55,3975,43,1.09,3877,4040,1399-12-26
118,غويتاح,ح . ويتانا,1845,6333486,70497568526,11347,11121,11121,-226,-1.99,11131,-216,-1.9,11121,11346,1399-12-26
119,غمينو,شركت صنايع غذايي مينو شرق,1838,6901209,81859799502,12019,12300,11840,-179,-1.49,11862,-157,-1.31,11779,12300,1399-12-26
120,نوين,بيمه نوين,1832,19808385,114379438891,5539,5556,5871,332,5.99,5774,235,4.24,5556,5871,1399-12-26
121,فوكا,فولاد كاويان,1828,19276894,230795635796,11870,11870,12160,290,2.44,11973,103,0.87,11692,12226,1399-12-26
122,دعبيد,لابراتوارداروسازي‌  دكترعبيدي‌,1826,5274784,130298243030,24820,24330,25000,180,0.73,24700,-120,-0.48,24330,25280,1399-12-26
123,حامي1401,اختيارف ت حامي-1401/02/31,1823,1823,1823,1,1,1,0,0.0,1,0,0.0,1,1,1399-12-26
124,خودكفا,اقتصادي و خودكفايي آزادگان,1811,4218133,99266610428,23319,23320,23480,161,0.69,23533,214,0.92,23320,23850,1399-12-26
125,آ س پ,آ.س.پ,1799,9493750,153414576745,16400,16100,16072,-328,-2.0,16160,-240,-1.46,16072,17000,1399-12-26
126,فاسمين,كالسيمين‌,1787,14044407,257203315970,17420,17160,18460,1040,5.97,18310,890,5.11,17160,18460,1399-12-26
127,پكوير,كوير تاير,1784,8145738,104926317700,12980,12740,13070,90,0.69,12880,-100,-0.77,12730,13110,1399-12-26
128,وصنعت,سرمايه گذاري توسعه صنعت وتجارت,1774,8665205,58733746710,6680,6610,6790,110,1.65,6780,100,1.5,6610,6910,1399-12-26
129,پارند,صندوق س. پارند پايدار سپهر,1754,71081506,800182591900,11251,11257,11256,5,0.04,11257,6,0.05,11256,11262,1399-12-26
130,تاصيكو,سرمايه گذاري صدرتامين,1734,13360243,159156258450,11350,11590,12030,680,5.99,11910,560,4.93,11410,12030,1399-12-26
131,شپديس,پتروشيمي پرديس,1734,3173407,323628730020,97930,98000,103770,5840,5.96,101980,4050,4.14,96940,103800,1399-12-26
132,زاگرس,پتروشيمي زاگرس,1701,892306,199386813532,212749,214900,225400,12651,5.95,223451,10702,5.03,213000,225480,1399-12-26
133,خاهن,آهنگري‌ تراكتورسازي‌ ايران‌,1697,4617856,173350789240,36500,37620,37520,1020,2.79,37540,1040,2.85,37500,38100,1399-12-26
134,كيان,صندوق س. با درآمد ثابت كيان,1690,27857158,768046924537,27560,27572,27572,12,0.04,27571,11,0.04,27564,27575,1399-12-26
135,البرز,بيمه البرز,1686,26886255,100460942560,3570,3580,3760,190,5.32,3740,170,4.76,3580,3780,1399-12-26
136,زدشت,كشت و صنعت دشت خرم دره,1682,2799540,75209989620,26984,26445,27250,266,0.99,26865,-119,-0.44,26445,27650,1399-12-26
137,وملي,گروه‌ صنعتي‌ ملي‌ (هلدينگ‌,1655,523636,92081644860,169430,172500,179000,9570,5.65,175850,6420,3.79,170000,179590,1399-12-26
138,ولتجار,واسپاري تجارت وسرمايه ايرانيان,1644,13760641,117975292237,8889,8534,8534,-355,-3.99,8573,-316,-3.55,8534,8800,1399-12-26
139,شسپا,نفت سپاهان,1639,9561302,152720140790,15540,15540,15990,450,2.9,15970,430,2.77,15540,16190,1399-12-26
140,مدير,ص.س.مديريت ثروت ص.بازنشستگي-س,1635,8214928,75939812044,9038,8940,9336,298,3.3,9244,206,2.28,8940,9350,1399-12-26
141,شگويا,پتروشيمي تندگويان,1631,11635971,109063956183,8843,9373,9373,530,5.99,9373,530,5.99,9373,9373,1399-12-26
142,فروس,فروسيليس‌ ايران‌,1611,12961771,61968276590,4820,4730,4770,-50,-1.04,4780,-40,-0.83,4730,4900,1399-12-26
143,همراه,شركت ارتباطات سيار ايران,1600,11094706,291062059460,25060,24780,26560,1500,5.99,26230,1170,4.67,24780,26560,1399-12-26
144,وپست,پست بانك ايران,1585,9168539,176889228960,18900,18560,19720,820,4.34,19290,390,2.06,18560,19730,1399-12-26
145,چكارن,كارتن‌ ايران‌,1551,14790055,50901238900,3450,3400,3470,20,0.58,3440,-10,-0.29,3390,3510,1399-12-26
146,شغدير,پتروشيمي غدير,1538,1879881,134056464983,68307,67620,72000,3693,5.41,71311,3004,4.4,67620,72405,1399-12-26
147,جم,پتروشيمي جم,1492,12787069,489790756740,36440,36000,38000,1560,4.28,38300,1860,5.1,36000,38620,1399-12-26
148,ونيرو,سرمايه‌گذاري‌نيرو,1474,23509924,66979308800,2760,2790,2880,120,4.35,2850,90,3.26,2750,2890,1399-12-26
149,قرن,پديده شيمي قرن,1471,2061920,133854829520,63590,64100,65000,1410,2.22,64920,1330,2.09,63600,65970,1399-12-26
150,جم پيلن,پلي پروپيلن جم - جم پيلن,1463,2162208,180719075390,82040,84200,82340,300,0.37,83580,1540,1.88,81220,86100,1399-12-26
151,ومهان,گروه توسعه مالي مهر آيندگان,1462,11893875,168426028384,13472,13749,14280,808,6.0,14161,689,5.11,13472,14280,1399-12-26
152,ارفع,شركت آهن و فولاد ارفع,1439,9304166,143353427066,14673,15110,15553,880,6.0,15407,734,5.0,14710,15553,1399-12-26
153,سرچشمه,سرمايه گذاري مس سرچشمه,1437,11144732,74426790860,6400,6480,6784,384,6.0,6678,278,4.34,6400,6784,1399-12-26
154,پرديس,سرمايه گذاري پرديس,1428,11707643,64299302410,5570,5460,5470,-100,-1.8,5490,-80,-1.44,5460,5600,1399-12-26
155,تنوين,تامين سرمايه نوين,1419,40209896,312571848190,7400,7470,7840,440,5.95,7770,370,5.0,7460,7840,1399-12-26
156,وبانك,سرمايه گذاري گروه توسعه ملي,1401,22688011,205054344880,8540,8560,9050,510,5.97,9040,500,5.85,8560,9050,1399-12-26
157,سيدكو,سرمايه گذاري توسعه صنايع سيمان,1400,15182549,100856131760,6320,6490,6690,370,5.85,6640,320,5.06,6390,6690,1399-12-26
158,وساخت,سرمايه‌ گذاري‌ ساختمان‌ايران‌,1396,1967938,89329020970,43630,42850,46240,2610,5.98,45390,1760,4.03,42850,46240,1399-12-26
159,شاراك,پتروشيمي شازند,1374,6264704,162279666590,25200,25200,26070,870,3.45,25900,700,2.78,25200,26660,1399-12-26
160,وسپهح,ح . سرمايه‌گذاري‌ سپه‌,1356,11619851,61895580630,5120,5150,5390,270,5.27,5330,210,4.1,5120,5500,1399-12-26
161,شلرد,كود شيميايي اوره لردگان,1355,16933261,129561576422,7439,7569,7662,223,3.0,7651,212,2.85,7514,7662,1399-12-26
162,گكوثر,هتل پارسيان كوثر اصفهان,1351,15971432,38669871839,2401,2390,2456,55,2.29,2417,16,0.67,2371,2470,1399-12-26
163,وصندوق,سرمايه‌گذاري‌صندوق‌بازنشستگي‌,1349,22566896,344597759590,14560,15130,15430,870,5.98,15270,710,4.88,14570,15430,1399-12-26
164,فسرب,ملي‌ سرب‌وروي‌ ايران‌,1346,854435,69712948260,82780,81130,81900,-880,-1.06,81590,-1190,-1.44,81130,85000,1399-12-26
165,كحافظ,كاشي‌ وسراميك‌ حافظ‌,1337,5986077,71729038430,12200,11960,12080,-120,-0.98,11980,-220,-1.8,11960,12200,1399-12-26
166,والبر,سرمايه‌ گذاري‌ البرز(هلدينگ‌,1334,6087189,102670148880,16510,16190,16810,300,1.82,16870,360,2.18,16180,17290,1399-12-26
167,ريشمك,توليد و صادرات ريشمك,1323,1542363,80655851271,52948,51907,52560,-388,-0.73,52294,-654,-1.24,51890,53850,1399-12-26
168,فسازان,غلتك سازان سپاهان,1303,5249592,189833362360,34160,36200,36200,2040,5.97,36160,2000,5.85,35500,36200,1399-12-26
169,تيپيكو,سرمايه گذاري دارويي تامين,1294,4354574,187613427740,40710,41710,43150,2440,5.99,43080,2370,5.82,41600,43150,1399-12-26
170,هرمز,فولاد هرمزگان جنوب,1290,7056682,103725778248,13993,14020,14832,839,6.0,14542,549,3.92,14020,14832,1399-12-26
171,غگلپا,شير پاستوريزه پگاه گلپايگان,1279,998845,76078691066,76609,75800,75080,-1529,-2.0,76167,-442,-0.58,75077,79000,1399-12-26
172,ولانا,شركت ليزينگ آريا دانا,1272,2166945,83681427534,39378,38600,38591,-787,-2.0,38617,-761,-1.93,38591,39362,1399-12-26
173,فولاژ,فولاد آلياژي ايران,1255,3462998,66399546160,18880,18660,19650,770,4.08,19130,250,1.32,18510,19750,1399-12-26
174,سشرق,سيمان‌ شرق‌,1252,8858624,60790689390,6680,6820,6960,280,4.19,6860,180,2.69,6670,7050,1399-12-26
175,فنرژي,گسترش صنايع انرژي آذرآب,1246,4644842,92421826084,20194,19791,20000,-194,-0.96,19898,-296,-1.47,19791,20255,1399-12-26
176,خكرمان,گروه اقتصادي كرمان خودرو,1235,15234565,62686051831,4068,4078,4075,7,0.17,4115,47,1.16,4068,4175,1399-12-26
177,قجامح,ح.فرآورده غذايي وقندتربت‌جام,1233,15667738,93074589866,5898,5783,6015,117,1.98,5941,43,0.73,5783,6015,1399-12-26
178,وگردش,بانك گردشگري,1222,5747932,98323035301,17191,17330,16850,-341,-1.98,17106,-85,-0.49,16848,17330,1399-12-26
179,پارسان,گسترش نفت و گاز پارسيان,1217,8095251,177848911350,21350,21230,21900,550,2.58,21970,620,2.9,21230,22290,1399-12-26
180,وتوسم,سرمايه‌گذاري‌توسعه‌ملي‌,1215,10121620,97666915640,9830,9640,9640,-190,-1.93,9650,-180,-1.83,9640,9800,1399-12-26
181,دكپسول,توليد ژلاتين كپسول ايران,1202,3114268,95236519503,31047,30427,30427,-620,-2.0,30581,-466,-1.5,30427,31255,1399-12-26
182,ارزش,صندوق س ارزش آفرين بيدار-سهام,1198,9770532,97699968650,9660,9680,10170,510,5.28,10000,340,3.52,9680,10180,1399-12-26
183,وسينا,بانك سينا,1191,27441415,92942161350,3280,3470,3350,70,2.13,3390,110,3.35,3320,3470,1399-12-26
184,شفن,پتروشيمي فناوران,1179,232071,75505647310,321080,315700,332180,11100,3.46,324060,2980,0.93,315700,333330,1399-12-26
185,رانفور,خدمات‌انفورماتيك‌,1177,4050710,93978196170,23100,22800,23470,370,1.6,23200,100,0.43,22800,23600,1399-12-26
186,ختراك,ريخته‌گري‌ تراكتورسازي‌ ايران‌,1166,6061310,98226947340,16480,16160,16160,-320,-1.94,16210,-270,-1.64,16160,16690,1399-12-26
187,بكام,كارخانجات توليدي شهيد قندي,1148,11775178,40643432930,3400,3400,3470,70,2.06,3440,40,1.18,3400,3490,1399-12-26
188,امين يكم2,صندوق درآمد ثابت امين يكم فردا,1120,112000000,112000000,10210,1,1,-10209,-99.99,1,-10209,-99.99,1,1,1399-12-26
189,فجر,فولاد اميركبيركاشان,1109,2927617,183848774120,59730,59510,63310,3580,5.99,62800,3070,5.14,59510,63310,1399-12-26
190,ساراب,سيمان‌ داراب‌,1099,5377388,88412669160,16750,16890,16420,-330,-1.97,16440,-310,-1.85,16420,16890,1399-12-26
191,غفارس,شير پاستوريزه پگاه فارس,1090,2768191,46738532203,16390,17200,16980,590,3.6,16848,458,2.79,16540,17200,1399-12-26
192,تمحركه,ماشين سازي نيرو محركه,1077,3272446,69091152398,21543,21113,21113,-430,-2.0,21113,-430,-2.0,21113,21113,1399-12-26
193,فسپا,گروه‌صنعتي‌سپاهان‌,1076,1869985,71444712430,37520,37800,38990,1470,3.92,38210,690,1.84,37000,39000,1399-12-26
194,ثنور,سرمايه گذاري كوه نور,1072,7806646,74456105586,9920,9524,9524,-396,-3.99,9538,-382,-3.85,9524,9740,1399-12-26
195,ونفت,سرمايه‌گذاري‌ صنعت‌ نفت‌,1037,6576658,114479353160,16570,16580,17560,990,5.97,17410,840,5.07,16570,17560,1399-12-26
196,سكه0012پ01,سكه تمام بهارتحويلي 1روزه رفاه,1029,439100,470159784700,1034902,1064420,1072000,37098,3.58,1070735,35833,3.46,1064420,1079900,1399-12-26
197,شپارس,بين‌ المللي‌ محصولات‌  پارس‌,1027,6546759,135927131610,19760,19370,20940,1180,5.97,20760,1000,5.06,19370,20940,1399-12-26
198,دسانكو,داروسازي سبحان انكولوژي,1021,4098799,61717443685,15301,14995,14995,-306,-2.0,15057,-244,-1.59,14995,15690,1399-12-26
199,كروي,توسعه‌ معادن‌ روي‌ ايران‌,1019,3959058,115421220260,27880,28100,29550,1670,5.99,29150,1270,4.56,28000,29550,1399-12-26
200,چكاوه,صنايع‌كاغذسازي‌كاوه‌,1014,2495241,46698139800,19010,18710,18630,-380,-2.0,18740,-270,-1.42,18630,19170,1399-12-26
201,فنورد,نوردوقطعات‌ فولادي‌,1014,367078,71154018920,197150,193210,193210,-3940,-2.0,193840,-3310,-1.68,193210,198000,1399-12-26
202,وسكاب,س.ص.بازنشستگي كاركنان بانكها,983,8158918,44544041920,5300,5340,5540,240,4.53,5440,140,2.64,5250,5560,1399-12-26
203,وبوعلي,سرمايه‌گذاري‌بوعلي‌,979,5914114,34429151820,5670,5640,5910,240,4.23,5770,100,1.76,5640,5950,1399-12-26
204,كاردان,صندوق س تجارت شاخصي كاردان,977,406993,67499543820,156860,158000,169890,13030,8.31,165850,8990,5.73,157610,170300,1399-12-26
205,بالبر,كابل‌ البرز,976,1056185,63955834010,61520,62000,60290,-1230,-2.0,60550,-970,-1.58,60290,62750,1399-12-26
206,پلاسك,پلاسكوكار,976,6479264,50031503200,7760,7700,7770,10,0.13,7720,-40,-0.52,7610,7940,1399-12-26
207,وبيمهح,ح . سرمايه‌ گذاري‌ صنعت‌ بيمه‌,975,83723129,83723129000,1000,1000,1000,0,0.0,1000,0,0.0,1000,1000,1399-12-26
208,وتوكا,سرمايه‌گذاري‌توكافولاد(هلدينگ,974,13783484,169463808310,11610,12300,12300,690,5.94,12290,680,5.86,12010,12300,1399-12-26
209,زشگزا,شير و گوشت زاگرس شهركرد,962,4391512,34116734679,7787,7650,7830,43,0.55,7774,-13,-0.17,7632,7919,1399-12-26
210,وتوس,توسعه‌شهري‌توس‌گستر,961,3815147,53826401470,14360,14080,14080,-280,-1.95,14110,-250,-1.74,14080,14490,1399-12-26
211,كنور,توسعه معدني و صنعتي صبانور,948,1278755,63747337720,48290,49870,50020,1730,3.58,49850,1560,3.23,48630,50340,1399-12-26
212,ورازي,بيمه رازي,942,19055708,161381782253,8656,8799,8529,-127,-1.47,8469,-187,-2.16,8270,8799,1399-12-26
213,كهمدا,شيشه‌ همدان‌,940,3742164,37835736390,9770,9650,10140,370,3.79,10020,250,2.56,9650,10280,1399-12-26
214,مبين,مبين انرژي خليج فارس,934,4924612,85868686540,17230,17190,17450,220,1.28,17370,140,0.81,16890,17730,1399-12-26
215,كبافق,معادن‌ بافق‌,934,1237773,65218259370,53760,52690,52690,-1070,-1.99,52690,-1070,-1.99,52690,52690,1399-12-26
216,شكلر,نيروكلر,933,992471,50440250540,51240,50290,51300,60,0.12,50820,-420,-0.82,50290,52400,1399-12-26
217,واتي,سرمايه‌ گذاري‌ آتيه‌ دماوند,932,8245290,98251219920,11900,12400,12100,200,1.68,11920,20,0.17,11670,12400,1399-12-26
218,حتايد,تايدواترخاورميانه,928,3866474,98340022260,25110,25000,25880,770,3.07,25430,320,1.27,24610,26390,1399-12-26
219,پارس,پتروشيمي پارس,923,1389483,217456042540,148300,145600,157190,8890,5.99,156500,8200,5.53,145600,157190,1399-12-26
220,كفرآور,فرآورده هاي سيمان شرق,916,3557874,89738562831,24530,25264,25230,700,2.85,25223,693,2.83,25025,25265,1399-12-26
221,ومشان,س. فني و مهندسي مشانير,915,608540,45938541197,75294,73900,74350,-944,-1.25,75490,196,0.26,73789,77390,1399-12-26
222,سرود,سيمان‌شاهرود,914,3719536,71454471280,19560,19180,19590,30,0.15,19210,-350,-1.79,19170,19710,1399-12-26
223,ثالوند,سرمايه گذاري مسكن الوند,900,2405038,79464278578,33699,33026,33026,-673,-2.0,33041,-658,-1.95,33026,33514,1399-12-26
224,ثزاگرس,سرمايه گذاري توسعه عمران زاگرس,900,1478048,94033968711,60729,63765,63765,3036,5.0,63620,2891,4.76,62091,63765,1399-12-26
225,وخاور,بانك خاورميانه,900,10061550,93786165410,9070,9200,9580,510,5.62,9320,250,2.76,9000,9580,1399-12-26
226,فنوال,نورد آلومينيوم‌,892,2574140,65867124860,25770,26790,25780,10,0.04,25590,-180,-0.7,25260,26790,1399-12-26
227,وبازار,صندوق س شاخصي بازارآشنا,892,4498867,46633214250,10000,10300,10520,520,5.2,10370,370,3.7,10150,10550,1399-12-26
228,ختورح,ح . رادياتور ايران‌,892,21225095,403517090400,23570,19790,19000,-4570,-19.39,19010,-4560,-19.35,19000,22160,1399-12-26
229,سامان,بانك سامان,890,6915194,73867364855,10604,10420,10645,41,0.39,10682,78,0.74,10413,10799,1399-12-26
230,رتاپ,تجارت الكترونيك  پارسيان,888,3880406,28423534070,7390,7450,7280,-110,-1.49,7360,-30,-0.41,7250,7490,1399-12-26
231,شرانل,نفت ايرانول,888,2759888,106317436771,36698,36900,38899,2201,6.0,38522,1824,4.97,36900,38899,1399-12-26
232,خشرق,الكتريك‌ خودرو شرق‌,883,4052317,64568187670,16240,15920,15920,-320,-1.97,15930,-310,-1.91,15920,16180,1399-12-26
233,خمحور,توليدمحورخودرو,878,500528,35465438690,69250,70490,69100,-150,-0.22,70250,1000,1.44,68020,73300,1399-12-26
234,وسپه,سرمايه‌گذاري‌ سپه‌,867,9402553,66864056960,6850,7000,7200,350,5.11,7110,260,3.8,6830,7240,1399-12-26
235,خريخت,صنايع‌ريخته‌گري‌ايران‌,865,10242314,34930587720,3400,3350,3430,30,0.88,3410,10,0.29,3340,3490,1399-12-26
236,وكار,بانك‌ كارآفرين‌,857,23077323,58525742360,2430,2460,2570,140,5.76,2540,110,4.53,2390,2570,1399-12-26
237,تبرك,گروه كارخانجات صنعتي تبرك,852,2069816,34140384867,16404,16200,16630,226,1.38,16468,64,0.39,16200,16800,1399-12-26
238,وپترو,سرمايه‌گذاري صنايع پتروشيمي‌,850,4840994,70431695580,14760,14930,14670,-90,-0.61,14550,-210,-1.42,14470,14930,1399-12-26
239,شفارا,پتروشيمي فارابي,849,6614468,26931411538,4010,4130,4049,39,0.97,4072,62,1.55,3960,4130,1399-12-26
240,رنيك,جنرال مكانيك,845,3176146,67822719277,20432,20699,21657,1225,6.0,21354,922,4.51,20530,21657,1399-12-26
241,نطرين,عطرين نخ قم,838,5747433,67380009319,11924,11686,11700,-224,-1.88,11723,-201,-1.69,11686,11990,1399-12-26
242,فاما,صنعتي‌ آما,836,2281045,45605429810,20170,19770,20190,20,0.1,20010,-160,-0.79,19770,20960,1399-12-26
243,طلا,صندوق س.پشتوانه طلاي لوتوس,833,545733,41543039235,74464,75021,76399,1935,2.6,76123,1659,2.23,75021,76500,1399-12-26
244,وملل,اعتباري ملل,830,5851128,79518958007,12991,13349,13360,369,2.84,13590,599,4.61,13349,13770,1399-12-26
245,قشرين,قند شيرين خراسان,829,2429501,38142344408,15867,15550,15560,-307,-1.93,15700,-167,-1.05,15550,16000,1399-12-26
246,كپارس,كاشي‌ پارس‌,819,292106,43089826480,150190,147300,147190,-3000,-2.0,147780,-2410,-1.6,147190,151500,1399-12-26
247,جمح,ح . پتروشيمي جم,808,1648367,50767380160,29260,29000,31000,1740,5.95,30800,1540,5.26,29000,31880,1399-12-26
248,ثباغ,شهر سازي و خانه سازي باغميشه,789,2358666,34255541469,14683,14390,14620,-63,-0.43,14570,-113,-0.77,14390,14990,1399-12-26
249,كپشير,پشم‌شيشه‌ايران‌,764,1218639,48946748120,40890,40620,40600,-290,-0.71,40170,-720,-1.76,40080,41190,1399-12-26
250,معيار,سرمايه گذاري معيار صنعت پارس,757,964448,43825129796,46037,45117,45117,-920,-2.0,45441,-596,-1.29,45117,47000,1399-12-26
251,فيروزه,صندوق شاخص30 شركت فيروزه- سهام,756,575891,82104526910,138450,138450,143800,5350,3.86,142570,4120,2.98,138450,143980,1399-12-26
252,كرماشا,صنايع پتروشيمي كرمانشاه,754,1643609,64963179020,38630,38250,40220,1590,4.12,39520,890,2.3,38010,40300,1399-12-26
253,شكربن,كربن‌ ايران‌,723,546442,50887610280,94500,92610,92610,-1890,-2.0,93130,-1370,-1.45,92610,94500,1399-12-26
254,ضسپا3004,اختيارخ خساپا-2500-1400/03/26,718,33774,8915750000,232,240,265,33,14.22,264,32,13.79,234,282,1399-12-26
255,ضخود2006,اختيارخ خودرو-2500-1400/02/08,716,30799,8110764000,233,234,274,41,17.6,263,30,12.88,234,280,1399-12-26
256,سپاها,سيمان‌سپاهان‌,714,3616847,30344865150,8370,8370,8470,100,1.19,8380,10,0.12,8240,8500,1399-12-26
257,شخارك,پتروشيمي‌ خارك‌,714,3144695,145530155470,44360,45880,46600,2240,5.05,46280,1920,4.33,45040,46990,1399-12-26
258,ركيش,كارت اعتباري ايران كيش,705,2226565,55643528420,25410,25410,24910,-500,-1.97,24990,-420,-1.65,24910,26000,1399-12-26
259,شپاكسا,پاكسان‌,705,1749515,49390609210,26690,27990,28290,1600,5.99,28100,1410,5.28,27260,28290,1399-12-26
260,وبشهر,توسعه‌ صنايع‌ بهشهر(هلدينگ,704,4632710,56577038910,11810,11720,12300,490,4.15,12210,400,3.39,11720,12480,1399-12-26
261,اتكاي,بيمه اتكايي ايرانيان,693,2513591,42013711699,16091,16252,17056,965,6.0,16572,481,2.99,16240,17056,1399-12-26
262,خكاوه,سايپا ديزل,690,14988629,50101176251,3270,3210,3368,98,3.0,3343,73,2.23,3210,3368,1399-12-26
263,آريان,سرمايه گذاري پارس آريان,681,13546854,158554765228,11375,11500,11716,341,3.0,11704,329,2.89,11373,11716,1399-12-26
264,گوهران,سرمايه گذاري توسعه گوهران اميد,677,2609551,19630219634,7294,7170,7640,346,4.74,7382,88,1.21,7170,7710,1399-12-26
265,واحيا,م .صنايع و معادن احياء سپاهان,671,1388634,199820674565,142053,139500,146314,4261,3.0,143897,1844,1.3,139500,146314,1399-12-26
266,حسينا,توسعه خدمات دريايي وبندري سينا,669,824871,58889229850,70267,69700,72500,2233,3.18,71392,1125,1.6,69270,72500,1399-12-26
267,تايرا,تراكتورسازي‌ايران‌,666,2055871,59826231380,28640,28960,29000,360,1.26,29100,460,1.61,28800,29660,1399-12-26
268,شگلح,ح . گلتاش‌,663,2265440,15349443050,6470,6500,6820,350,5.41,6780,310,4.79,6500,7000,1399-12-26
269,ثمسكن,سرمايه‌گذاري‌ مسكن‌,659,3992414,22491608920,5480,5550,5660,180,3.28,5550,70,1.28,5520,5720,1399-12-26
270,غشهد,شهد ايران ‌,658,6628700,49615999080,7630,7480,7480,-150,-1.97,7490,-140,-1.83,7480,7600,1399-12-26
271,دامين,داروسازي‌ امين‌,657,2251410,30812384820,13930,13660,13660,-270,-1.94,13780,-150,-1.08,13660,13930,1399-12-26
272,افران,صندوق س افرا نماد پايدار-ثابت,655,22551810,290740794946,12889,12908,12899,10,0.08,12892,3,0.02,12889,12908,1399-12-26
273,بساما,بيمه سامان,652,1271474,29553873233,23515,24000,23045,-470,-2.0,23369,-146,-0.62,23045,24000,1399-12-26
274,سپ,پرداخت الكترونيك سامان كيش,652,2721949,47767412850,16890,16570,17900,1010,5.98,17500,610,3.61,16570,17900,1399-12-26
275,فافزا,فولاد افزا سپاهان,642,643499,33641252405,53137,54000,53590,453,0.85,52279,-858,-1.61,52075,54000,1399-12-26
276,مداران,داده‌پردازي‌ايران‌,638,2567609,65721836040,26000,25480,25480,-520,-2.0,25600,-400,-1.54,25480,26990,1399-12-26
277,لوتوس,تامين سرمايه لوتوس پارسيان,635,5681129,59753071460,10430,10330,10570,140,1.34,10520,90,0.86,10240,10820,1399-12-26
278,ما,بيمه  ما,632,4804040,35878212260,7510,7480,7820,310,4.13,7480,-30,-0.4,7360,7900,1399-12-26
279,شبصير,توليدات پتروشيمي قائد بصير,626,1346924,96141525093,67628,69160,71685,4057,6.0,71379,3751,5.55,69110,71685,1399-12-26
280,تسه9911,امتياز تسهيلات مسكن بهمن99,618,11396,6847120289,599775,620000,570001,-29774,-4.96,600835,1060,0.18,570001,629700,1399-12-26
281,بمپنا,توليد برق عسلويه  مپنا,615,450454,33144737080,74664,73171,75100,436,0.58,73917,-747,-1.0,73171,77000,1399-12-26
282,لسرما,سرما آفرين‌,605,1701437,43829584520,26140,25850,25620,-520,-1.99,25790,-350,-1.34,25620,26900,1399-12-26
283,كاريس,صندوق س.سپهر كاريزما-س,592,3647125,41144393595,10809,10707,11487,678,6.27,11281,472,4.37,10707,11610,1399-12-26
284,بميلا,توسعه بازرگاني آهن وفولادميلاد,592,1774849,29224677332,16043,16399,16631,588,3.67,16466,423,2.64,15410,16840,1399-12-26
285,غالبر,لبنيات‌ كالبر,589,2810717,49153992750,17830,17480,17480,-350,-1.96,17490,-340,-1.91,17480,17820,1399-12-26
286,وثنو,سرمايه گذاري ساختماني نوين,581,3070072,18823006489,6259,6290,6183,-76,-1.21,6146,-113,-1.81,5960,6320,1399-12-26
287,دتماد,توليدمواداوليه‌داروپخش‌,580,1153539,52985537420,43590,44480,46200,2610,5.99,45920,2330,5.35,43690,46200,1399-12-26
288,زملارد,كشاورزي و دامپروري ملارد شير,570,810689,28716225758,36144,35422,35422,-722,-2.0,35717,-427,-1.18,35422,35422,1399-12-26
289,سفانو,سيمان فارس نو,568,1658693,68712642600,42230,41390,41390,-840,-1.99,41430,-800,-1.89,41390,42000,1399-12-26
290,فردا,صندوق س آواي فرداي زاگرس-ثابت,558,24440338,252659776209,10330,10399,10345,15,0.15,10338,8,0.08,10336,10399,1399-12-26
291,بموتو,موتوژن‌,552,402649,22773629800,56620,55930,57180,560,0.99,56590,-30,-0.05,55720,57450,1399-12-26
292,اطلس,صندوق س.توسعه اندوخته آينده-س,547,103480,22317620000,209461,212500,218000,8539,4.08,215671,6210,2.96,210100,219100,1399-12-26
293,واعتبار,سرمايه گذاري اعتبار ايران,546,4751559,44721740850,8940,8820,9470,530,5.93,9340,400,4.47,8820,9470,1399-12-26
294,وارس,سرمايه گذاري ارس صبا,543,2434231,37030119147,14792,15150,15235,443,2.99,15212,420,2.84,14838,15235,1399-12-26
295,ميدكو,هلدينگ صنايع  معدني خاورميانه,539,2340624,72541832334,30665,30990,31130,465,1.52,30859,194,0.63,30655,31200,1399-12-26
296,كگهر,سنگ آهن گهرزمين,536,1042518,49510830706,46362,47000,47590,1228,2.65,46815,453,0.98,46350,48478,1399-12-26
297,دلقما,دارويي‌ لقمان‌,529,1967223,47958970360,24830,24340,24340,-490,-1.97,24390,-440,-1.77,24340,24800,1399-12-26
298,ستران,سيمان‌ تهران‌,528,1212196,30644314880,25790,25280,25280,-510,-1.98,25460,-330,-1.28,25280,25280,1399-12-26
299,وايرا,سرمايه گذاري صنايع ايران,523,2051271,24682918924,11720,11720,12071,351,2.99,12033,313,2.67,11720,12071,1399-12-26
300,پارسيان,بيمه پارسيان,523,2231203,24386230130,10870,10690,10850,-20,-0.18,10900,30,0.28,10690,11100,1399-12-26
301,سمازن,سيمان‌مازندران‌,520,4457167,52706348730,11140,11400,12000,860,7.72,11830,690,6.19,11330,12040,1399-12-26
302,شراز,پالايش نفت شيراز,517,392899,46050690800,111944,109707,118660,6716,6.0,116610,4666,4.17,109707,118660,1399-12-26
303,شجم,صنايع پتروشيمي تخت جمشيد,511,5838744,59212981459,9852,9980,10147,295,2.99,10141,289,2.93,9860,10147,1399-12-26
304,اتكام,شركت بيمه اتكايي امين,502,1902882,9305983437,4917,4820,4945,28,0.57,4912,-5,-0.1,4819,4990,1399-12-26
305,شنفت,نفت‌ پارس‌,493,465085,23169744110,49550,49550,50000,450,0.91,49670,120,0.24,48560,50970,1399-12-26
306,فلات,گروه صنايع معادن فلات ايرانيان,485,2151076,32722841347,14506,15180,15231,725,5.0,15212,706,4.87,14603,15231,1399-12-26
307,سحرخيز,صندوق س. گروه زعفران سحرخيز,481,2825464,26992584702,9543,9500,9589,46,0.48,9553,10,0.1,9471,9696,1399-12-26
308,سيستم,همكاران سيستم,480,1492838,38574494250,25720,25210,25470,-250,-0.97,25810,90,0.35,25210,26600,1399-12-26
309,كگاز,شيشه‌ و گاز,480,1300258,23427677630,18360,18000,18150,-210,-1.14,18200,-160,-0.87,18000,18450,1399-12-26
310,شاوان,پالايش نفت لاوان,477,489214,45251933221,89968,89200,93000,3032,3.37,92070,2102,2.34,89050,94300,1399-12-26
311,وتوشه,سرمايه‌ گذاري‌ پارس‌ توشه‌,476,2652691,58365728880,22280,22600,21940,-340,-1.53,22000,-280,-1.26,21840,22800,1399-12-26
312,شپاس,نفت پاسارگاد,475,799250,18494263481,22269,21870,23460,1191,5.35,22561,292,1.31,21870,23592,1399-12-26
313,سپيدار,سپيدار سيستم آسيا,464,814954,55074591320,68959,67580,67580,-1379,-2.0,67580,-1379,-2.0,67580,67580,1399-12-26
314,سخوز,سيمان خوزستان,463,1126644,24712649240,21470,22400,22290,820,3.82,21700,230,1.07,21420,22400,1399-12-26
315,فالوم,آلومتك‌,457,1294934,49293094832,37244,36520,38361,1117,3.0,38066,822,2.21,36520,38361,1399-12-26
316,شيراز,پتروشيمي‌شيراز,454,1948148,112507507600,54540,55600,57810,3270,6.0,57710,3170,5.81,54900,57810,1399-12-26
317,غشصفا,شيرپاستوريزه‌پگاه‌اصفهان‌,454,1208323,33974694860,28470,27910,27910,-560,-1.97,28230,-240,-0.84,27910,28990,1399-12-26
318,لابسا,آبسال‌,452,625600,30390964690,49540,48550,48550,-990,-2.0,48940,-600,-1.21,48550,49450,1399-12-26
319,بخاور,بيمه زندگي خاورميانه,452,3811138,26210861170,6924,6786,6999,75,1.08,6899,-25,-0.36,6786,7040,1399-12-26
320,كوثر,بيمه كوثر,451,3628384,52241472832,14691,14398,14398,-293,-1.99,14398,-293,-1.99,14398,14398,1399-12-26
321,آساس,صندوق س.آسمان آرماني سهام-س,449,366143,63082719333,165913,166800,174000,8087,4.87,172290,6377,3.84,166800,174000,1399-12-26
322,درازك,دارويي‌ رازك‌,448,582565,19773626870,34440,34000,34590,150,0.44,34240,-200,-0.58,33760,34880,1399-12-26
323,تسه9908,امتياز تسهيلات مسكن آبان99,443,9384,5501799475,596241,603333,566429,-29812,-5.0,586296,-9945,-1.67,566429,610000,1399-12-26
324,دشيميح,ح . شيمي‌ داروئي‌ داروپخش‌,442,548006,11154433990,19920,19850,20600,680,3.41,20350,430,2.16,19850,21250,1399-12-26
325,كماسه,تامين‌ ماسه‌ ريخته‌گري‌,440,422598,18421046820,44470,43590,43590,-880,-1.98,44140,-330,-0.74,43590,43590,1399-12-26
326,دپارس,پارس‌ دارو,439,178986,14997618740,84990,83300,83300,-1690,-1.99,84620,-370,-0.44,83300,86450,1399-12-26
327,قچار,فراوردههاي غذايي وقند چهارمحال,439,308390,27911423251,91808,89972,89972,-1836,-2.0,91054,-754,-0.82,89972,93000,1399-12-26
328,دكيمي,كيميدارو,433,4687568,124281471970,25610,25770,27140,1530,5.97,26510,900,3.51,25650,27140,1399-12-26
329,آكورد,صندوق س. آرمان آتي كوثر-د,429,6033906,188156677707,31168,31183,31175,7,0.02,31183,15,0.05,31174,31189,1399-12-26
330,وبهمن,سرمايه‌گذاري‌بهمن‌,415,672287,10685879970,15980,15670,16120,140,0.88,15960,-20,-0.13,15670,16410,1399-12-26
331,تكنار,مجتمع معادن مس تكنار,412,232666,30634823804,136615,131151,131151,-5464,-4.0,131669,-4946,-3.62,131151,139445,1399-12-26
332,وسين,بيمه سينا,402,1660761,23415540500,14045,14000,14407,362,2.58,14099,54,0.38,13802,14430,1399-12-26
333,آساميد,صندوق س.مشترك آسمان اميد -د,398,18026836,210691546718,11679,11685,11691,12,0.1,11688,9,0.08,11684,11691,1399-12-26
334,غپونه,نوش پونه مشهد,391,774121,15181123234,19997,19598,19598,-399,-2.0,19673,-324,-1.62,19598,19980,1399-12-26
335,بنيرو,نيروترانس‌,386,1052609,15923309540,15420,15120,15120,-300,-1.95,15320,-100,-0.65,15120,15550,1399-12-26
336,شساخت,مهندسي و ساختمان صنايع نفت,385,1846367,68869219851,37537,38663,37889,352,0.94,37300,-237,-0.63,36787,38663,1399-12-26
337,پكرمان,گروه‌ صنعتي‌ بارز,383,613479,16751248800,26510,26500,27460,950,3.58,26760,250,0.94,26500,27690,1399-12-26
338,غبشهر,صنعتي‌ بهشهر,375,905381,18207757690,20050,19660,20290,240,1.2,20070,20,0.1,19660,20600,1399-12-26
339,دكپسولح,ح .توليد ژلاتين كپسول ايران,372,777477,17444716635,21784,21357,23091,1307,6.0,22438,654,3.0,21357,23091,1399-12-26
340,جهرم,پتروشيمي جهرم,370,6225703,11639447904,1907,1869,1869,-38,-1.99,1885,-22,-1.15,1869,1893,1399-12-26
341,تسه9909,امتياز تسهيلات مسكن آذر99,369,8730,5178856627,597223,577122,567362,-29861,-5.0,593225,-3998,-0.67,567362,620000,1399-12-26
342,دسبحان,سبحان دارو,368,839045,18057214160,21610,21180,21630,20,0.09,21580,-30,-0.14,21180,21990,1399-12-26
343,ياقوت,صندوق س ياقوت آگاه-ثابت,359,3553342,42860308293,12062,12078,12062,0,0.0,12062,0,0.0,12060,12078,1399-12-26
344,وپخش,داروپخش‌ (هلدينگ‌,357,283338,28809276730,102440,100400,103300,860,0.84,101990,-450,-0.44,100400,103430,1399-12-26
345,خديزل,بهمن  ديزل,357,308185,12537250132,40059,41499,40988,929,2.32,40216,157,0.39,40151,41568,1399-12-26
346,زرين,صندوق س. سهام زرين كوروش-س,356,2380195,24481640967,10110,9990,10294,184,1.82,10286,176,1.74,9990,10530,1399-12-26
347,ضجار2003,اختيارخ وتجارت-3000-1400/02/22,354,17925,3738578000,194,200,230,36,18.56,209,15,7.73,193,240,1399-12-26
348,دسبحا,گروه دارويي سبحان,352,1202837,23585642810,19130,19130,19400,270,1.41,19350,220,1.15,18750,20200,1399-12-26
349,تسه9910,امتياز تسهيلات مسكن دي99,352,5076,2995177866,600552,600000,580000,-20552,-3.42,590067,-10485,-1.75,570525,619990,1399-12-26
350,زفكاح,ح . كشت و دامداري فكا,350,1117166,8531639401,7503,7420,7688,185,2.47,7637,134,1.79,7420,7710,1399-12-26
351,ساينا,صنايع بهداشتي ساينا,332,81482,12871747050,159837,158130,156660,-3177,-1.99,159350,-487,-0.3,156641,162900,1399-12-26
352,ثرود,سرمايه‌گذاري مسكن زاينده رود,330,3143545,55084500063,17880,17523,17541,-339,-1.9,17523,-357,-2.0,17523,17541,1399-12-26
353,عيار,صندوق س. پشتوانه طلاي مفيد,329,212221,5751855285,26594,26999,27000,406,1.53,27103,509,1.91,26950,27220,1399-12-26
354,تصميم,صندوق س با درآمد ثابت تصميم,326,2002292,31794048116,15869,15879,15877,8,0.05,15879,10,0.06,15877,15885,1399-12-26
355,شفا,سرمايه گذاري شفادارو,325,201217,9039240980,45700,44790,44800,-900,-1.97,45560,-140,-0.31,44790,46000,1399-12-26
356,خراسان,پتروشيمي خراسان,315,286908,21890150620,74550,73540,76290,1740,2.33,75250,700,0.94,73540,77960,1399-12-26
357,تماوند,تامين سرمايه دماوند,313,1952355,30144967825,15200,14900,15655,455,2.99,15440,240,1.58,14900,15656,1399-12-26
358,جوين,كشت و صنعت جوين,310,8333768,46735770944,5722,5608,5608,-114,-1.99,5608,-114,-1.99,5608,5608,1399-12-26
359,افق ملت,صندوق س در سهام افق ملت,306,1808781,234628277750,124220,125030,130800,6580,5.3,129720,5500,4.43,125030,131000,1399-12-26
360,وسرمد,بيمه  سرمد,300,1811520,11343664439,6358,6234,6339,-19,-0.3,6302,-56,-0.88,6231,6350,1399-12-26
361,كوير,توليدي فولاد سپيد فراب كوير,299,651737,14214383970,22710,21810,21810,-900,-3.96,22570,-140,-0.62,21810,21810,1399-12-26
362,نهال,صندوق س. طلاي سرخ نوويرا,296,569174,5378393978,9481,9357,9429,-52,-0.55,9449,-32,-0.34,9357,9589,1399-12-26
363,دالبر,البرزدارو,290,612019,9309609510,15290,15290,15320,30,0.2,15280,-10,-0.07,14990,15780,1399-12-26
364,واميد,گروه مديريت سرمايه گذاري اميد,288,9822491,121798888400,11700,12400,12400,700,5.98,12400,700,5.98,12400,12400,1399-12-26
365,سهگمت,سيمان‌هگمتان‌,283,496594,12374811440,25260,25430,25330,70,0.28,25170,-90,-0.36,24760,25430,1399-12-26
366,پخش,پخش البرز,281,905236,29924022996,33695,33695,33022,-673,-2.0,33298,-397,-1.18,33022,33695,1399-12-26
367,چدن,توليدي چدن سازان,267,380127,9240887370,24800,24310,24310,-490,-1.98,24710,-90,-0.36,24310,24310,1399-12-26
368,لبوتان,گروه‌صنعتي‌بوتان‌,265,76066,4658314270,61400,60180,60500,-900,-1.47,61380,-20,-0.03,60180,63000,1399-12-26
369,وآيند,بانك  آينده,264,4351567,83428242524,19563,19172,19172,-391,-2.0,19223,-340,-1.74,19172,19172,1399-12-26
370,ضصاد3003,اختيارخ وبصادر-3000-1400/03/12,260,12272,1840478000,127,150,150,23,18.11,150,23,18.11,149,170,1399-12-26
371,وتوصا,گروه س توسعه صنعتي ايران,254,1235804,14780215840,12200,11960,11960,-240,-1.97,12130,-70,-0.57,11960,11960,1399-12-26
372,ارمغان,ص سرمايه گذاري ارمغان ايرانيان,248,6647173,66901761470,10060,10069,10073,13,0.13,10065,5,0.05,10061,10073,1399-12-26
373,خاذين,سايپاآذين‌,247,1431283,6598214630,4800,4610,4610,-190,-3.96,4770,-30,-0.63,4610,4610,1399-12-26
374,پسهند,صنايع‌ لاستيكي‌  سهند,247,271913,11566412100,43040,42190,42300,-740,-1.72,42920,-120,-0.28,42180,43470,1399-12-26
375,بفجر,فجر انرژي خليج فارس,246,781334,18737569250,23440,24040,24000,560,2.39,23600,160,0.68,23600,24260,1399-12-26
376,خرينگ,رينگ‌سازي‌مشهد,245,307372,13834813720,45920,45010,45010,-910,-1.98,45660,-260,-0.57,45010,45010,1399-12-26
377,بنو,بيمه تجارت نو,230,5191490,169787680450,33372,32705,32705,-667,-2.0,32705,-667,-2.0,32705,32705,1399-12-26
378,خمهر,مهركام‌پارس‌,227,2771357,6706683940,2520,2420,2420,-100,-3.97,2510,-10,-0.4,2420,2420,1399-12-26
379,كپرور,فرآوري زغال سنگ پروده طبس,225,593391,22642110544,38829,38053,39000,171,0.44,38515,-314,-0.81,38053,39000,1399-12-26
380,زر,صندوق س.پشتوانه سكه طلاي زر,224,70110,3236139521,45055,45950,46389,1334,2.96,46158,1103,2.45,45800,46389,1399-12-26
381,كمنگنز,معادن‌منگنزايران‌,219,679374,58555245060,87940,86190,86190,-1750,-1.99,86190,-1750,-1.99,86190,86190,1399-12-26
382,تسه9907,امتياز تسهيلات مسكن مهر99,217,4213,2434675303,594487,609995,564763,-29724,-5.0,577896,-16591,-2.79,564763,610000,1399-12-26
383,كفپارس,فرآورده‌هاي‌ نسوز پارس‌,217,1983992,9245402720,4750,4660,4660,-90,-1.89,4730,-20,-0.42,4660,4660,1399-12-26
384,ثفارس,عمران‌وتوسعه‌فارس‌,207,802929,8021260710,10190,9990,9990,-200,-1.96,10160,-30,-0.29,9990,9990,1399-12-26
385,آتيمس,صندوق س.آرمان آتيه درخشان مس-س,205,66282,12563673872,182935,185499,191249,8314,4.54,189549,6614,3.62,183550,191600,1399-12-26
386,زگلدشت,كشت و دام گلدشت نمونه اصفهان,204,266923,11597537427,44335,43449,43449,-886,-2.0,44124,-211,-0.48,43449,43449,1399-12-26
387,وپويا,سرمايه گذاري پويا,200,636958,4185451018,6705,6571,6571,-134,-2.0,6694,-11,-0.16,6571,6571,1399-12-26
388,دارا,صندوق س. دارا الگوريتم-د,200,4039317,40373938762,10064,10001,9999,-65,-0.65,9995,-69,-0.69,9662,10001,1399-12-26
389,ضخود2005,اختيارخ خودرو-2000-1400/02/08,200,5964,3869668000,592,610,679,87,14.7,649,57,9.63,600,698,1399-12-26
390,قشكر,شكرشاهرود,191,6674765,25631097600,3910,3840,3840,-70,-1.79,3870,-40,-1.02,3840,3840,1399-12-26
391,شگل,گلتاش‌,190,1662706,17425158880,10690,10480,10480,-210,-1.96,10620,-70,-0.65,10480,10480,1399-12-26
392,كيان2,صندوق س. با درآمد ثابت كيان,190,19000000,19000000,27560,1,1,-27559,-100.0,1,-27559,-100.0,1,1,1399-12-26
393,شكبير,پتروشيمي اميركبير,189,1298424,117540886073,88194,89430,90839,2645,3.0,90526,2332,2.64,86501,90839,1399-12-26
394,وآرين,شركت توسعه اقتصادي آرين,189,5065384,20580655192,3945,4063,4063,118,2.99,4061,116,2.94,4063,4063,1399-12-26
395,كخاك,صنايع‌خاك‌چيني‌ايران‌,188,193471,8308213240,43280,42520,43190,-90,-0.21,43220,-60,-0.14,42420,43400,1399-12-26
396,قپيرا,فرآورده‌هاي‌غدايي‌وقندپيرانشهر,185,189775,19229777830,103350,101300,101290,-2060,-1.99,102550,-800,-0.77,101290,102490,1399-12-26
397,دارو,كارخانجات‌داروپخش‌,181,166135,5363791740,32930,32340,32400,-530,-1.61,32860,-70,-0.21,32280,32400,1399-12-26
398,خچرخش,چرخشگر,179,1404739,25467918070,18490,18130,18130,-360,-1.95,18300,-190,-1.03,18130,18130,1399-12-26
399,فاذر,صنايع‌ آذرآب‌,178,601190,14500702800,24610,24120,24120,-490,-1.99,24460,-150,-0.61,24120,24120,1399-12-26
400,غمارگ,مارگارين‌,177,556397,17437481980,32640,31340,31340,-1300,-3.98,32170,-470,-1.44,31340,31340,1399-12-26
401,ضسپا3003,اختيارخ خساپا-2000-1400/03/26,174,7235,3838585000,469,479,570,101,21.54,531,62,13.22,479,575,1399-12-26
402,سپاس,صندوق س. پاداش سهامداري توسعه1,172,5062797,50910106333,10050,10055,10069,19,0.19,10056,6,0.06,10054,10069,1399-12-26
403,لپارس,پارس‌ الكتريك‌,171,118781,11260438800,96730,94800,94800,-1930,-2.0,96280,-450,-0.47,94800,94800,1399-12-26
404,سنوين,سرمايه گذاري اقتصاد نوين,170,1272443,12943856009,10379,10172,10172,-207,-1.99,10248,-131,-1.26,10172,10375,1399-12-26
405,ثنوسا,نوسازي‌وساختمان‌تهران‌,168,1163829,14815543170,13260,12730,12730,-530,-4.0,13100,-160,-1.21,12730,12730,1399-12-26
406,دلر,داروسازي‌ اكسير,168,238966,8706462380,36410,35720,37000,590,1.62,36410,0,0.0,35720,37000,1399-12-26
407,خكمك,كمك‌فنرايندامين‌,167,1196251,33650540630,28700,28130,28130,-570,-1.99,28310,-390,-1.36,28130,28130,1399-12-26
408,پترولح,ح . گروه پتروشيمي س. ايرانيان,167,3607004,33725487400,9940,9350,9350,-590,-5.94,9350,-590,-5.94,9350,9350,1399-12-26
409,قصفها,قنداصفهان‌,163,81719,13005578850,162390,159150,159150,-3240,-2.0,161530,-860,-0.53,159150,159150,1399-12-26
410,اخزا902,اسنادخزانه-م2بودجه99-011019,163,299412,209383832470,698812,694502,698701,-111,-0.02,699317,505,0.07,694502,710000,1399-12-26
411,صايند,صندوق س. گنجينه آينده روشن-د,161,3103560,30751876950,9888,9900,9928,40,0.4,9909,21,0.21,9885,9928,1399-12-26
412,بزاگرس,نيروگاه زاگرس كوثر,157,1602295,11387510565,7252,7107,7107,-145,-2.0,7218,-34,-0.47,7107,7107,1399-12-26
413,ضشنا2002,اختيارخ شپنا-12000-1400/02/27,153,2545,7333044000,2179,2200,3050,871,39.97,2881,702,32.22,2200,3100,1399-12-26
414,تسه9810,امتياز تسهيلات مسكن دي98,151,3411,1965574977,588359,559112,569999,-18360,-3.12,576246,-12113,-2.06,558942,617775,1399-12-26
415,غشان,شيرپاستوريزه‌پگاه‌خراسان‌,150,2234754,17386386120,7930,7780,7780,-150,-1.89,7880,-50,-0.63,7780,7780,1399-12-26
416,وحكمت,بيمه حكمت صبا,150,1603417,6091381183,3689,3799,3799,110,2.98,3722,33,0.89,3799,3799,1399-12-26
417,گوهر,صندوق سكه طلاي كيان,148,39918,2119709442,52141,52459,53220,1079,2.07,53102,961,1.84,52458,53302,1399-12-26
418,اخزا908,اسنادخزانه-م8بودجه99-020606,146,635143,387444393183,606152,606001,623000,16848,2.78,610011,3859,0.64,606001,625411,1399-12-26
419,چخزر,صنايع چوب خزر كاسپين,145,473207,27623458625,59566,58375,58375,-1191,-2.0,58920,-646,-1.08,58375,58375,1399-12-26
420,حفارس,حمل و نقل بين المللي خليج فارس,143,1812903,8593160220,4830,4740,4740,-90,-1.86,4810,-20,-0.41,4740,4740,1399-12-26
421,ميهن,بيمه ميهن,140,1238621,5982539430,4928,4830,4830,-98,-1.99,4916,-12,-0.24,4830,4830,1399-12-26
422,شاملا,معدني‌ املاح‌  ايران‌,140,296154,15223968040,52030,50990,52000,-30,-0.06,51840,-190,-0.37,50990,53170,1399-12-26
423,اخزا909,اسنادخزانه-م9بودجه99-020316,139,465852,298937901295,634004,635050,641215,7211,1.14,641701,7697,1.21,635050,655000,1399-12-26
424,پاسا,ايران‌ياساتايرورابر,136,246266,6361050780,26900,25830,25830,-1070,-3.98,26760,-140,-0.52,25830,25830,1399-12-26
425,اخزا903,اسنادخزانه-م3بودجه99-011110,135,258710,179300330857,688945,687001,692000,3055,0.44,693055,4110,0.6,687000,700000,1399-12-26
426,گكيشح,ح.توريستي ورفاهي آبادگران كيش,134,398609,14017548772,35868,35151,35151,-717,-2.0,35166,-702,-1.96,35151,36768,1399-12-26
427,زكوثر,سرمايه گذاري كشاورزي كوثر,132,153532,3287120120,21840,21410,21410,-430,-1.97,21810,-30,-0.14,21410,21410,1399-12-26
428,نيرو,نيرو سرمايه,131,96944,5188882896,54299,53214,53214,-1085,-2.0,54086,-213,-0.39,53214,55500,1399-12-26
429,دروز,داروسازي‌ روزدارو,129,1044502,33382283920,30160,31960,31960,1800,5.97,31210,1050,3.48,31960,31960,1399-12-26
430,سجامح,ح.مجتمع سيمان غرب آسيا,126,2012583,4222399134,2140,2098,2098,-42,-1.96,2098,-42,-1.96,2098,2098,1399-12-26
431,فيروزا,صندوق بادرآمد ثابت فيروزه آسيا,126,984668,21880492326,22200,22213,22319,119,0.54,22221,21,0.09,22110,22330,1399-12-26
432,كسرا,سراميك‌هاي‌صنعتي‌اردكان‌,125,475912,10241626240,21950,21520,21520,-430,-1.96,21860,-90,-0.41,21520,21520,1399-12-26
433,تسه9906,امتياز تسهيلات مسكن شهريور99,125,1594,926045375,594545,584828,564818,-29727,-5.0,580957,-13588,-2.29,564818,624272,1399-12-26
434,ضخود2008,اختيارخ خودرو-3500-1400/02/08,124,4390,218324000,45,43,50,5,11.11,50,5,11.11,41,54,1399-12-26
435,سكه0112پ03,سكه تمام بهارتحويلي1روزه سامان,122,30800,33034853300,1038712,1079990,1072000,33288,3.2,1072560,33848,3.26,1070000,1080001,1399-12-26
436,تسه9904,امتياز تسهيلات مسكن تير99,122,1085,640416759,596075,568998,610000,13925,2.34,590246,-5829,-0.98,566272,610000,1399-12-26
437,دسينا,داروسازي‌ سينا,120,807232,20568271360,25990,25480,25480,-510,-1.96,25770,-220,-0.85,25480,25480,1399-12-26
438,وبيمه,سرمايه‌ گذاري‌ صنعت‌ بيمه‌,119,1114615,3154360450,2880,2830,2830,-50,-1.74,2880,0,0.0,2830,2830,1399-12-26
439,وايران,ليزينگ ايرانيان,119,545817,6631676550,12650,12150,12150,-500,-3.95,12580,-70,-0.55,12150,12150,1399-12-26
440,آپ,آسان پرداخت پرشين,117,227064,4053092400,18210,17850,17850,-360,-1.98,18180,-30,-0.16,17850,17850,1399-12-26
441,تسه9902,امتياز تسهيلات مسكن ارديبهشت99,116,1711,1003103612,593867,600000,590000,-3867,-0.65,586267,-7600,-1.28,564174,600000,1399-12-26
442,اراد76,مرابحه عام دولت76-ش.خ030406,114,22445000,20648951100000,933650,919980,919980,-13670,-1.46,919980,-13670,-1.46,919980,919980,1399-12-26
443,خفولا,خدمات فني فولاد يزد,113,455555,22838794370,48674,50134,50134,1460,3.0,50134,1460,3.0,50134,50134,1399-12-26
444,صنوين,صندوق سرمايه‌گذاري صنوين-مختلط,111,72938,7666485020,104940,105880,105750,810,0.77,105110,170,0.16,104940,105880,1399-12-26
445,وثوق,سرمايه گذاري وثوق امين,109,770373,16616175237,22009,21569,21569,-440,-2.0,21619,-390,-1.77,21569,21569,1399-12-26
446,تسه9801,امتياز تسهيلات مسكن فروردين98,109,2132,1151744974,562147,551500,534040,-28107,-5.0,540218,-21929,-3.9,534040,557988,1399-12-26
447,سبهان,سيمان‌ بهبهان‌,108,33028,4601460960,145120,139320,139320,-5800,-4.0,144560,-560,-0.39,139320,139320,1399-12-26
448,شكف,كف,105,75072,6541601335,85477,87186,87186,1709,2.0,86525,1048,1.23,86500,87186,1399-12-26
449,سقاين,سيمان‌ قائن‌,104,62014,4566710960,75140,73640,73640,-1500,-2.0,75000,-140,-0.19,73640,73640,1399-12-26
450,سپر,صندوق س سپر سرمايه بيدار- ثابت,103,5238429,59589307879,11367,11370,11440,73,0.64,11375,8,0.07,11370,11440,1399-12-26
451,سكه9912پ04,سكه تمام بهارتحويل1روزه صادرات,103,34500,36940866500,1040060,1062001,1073700,33640,3.23,1070750,30690,2.95,1062001,1079990,1399-12-26
452,ملت,بيمه ملت,102,167014,2750720580,16800,16470,16470,-330,-1.96,16780,-20,-0.12,16470,16470,1399-12-26
453,شپلي,پلي اكريل ايران,102,391453,3890651367,10141,9939,9939,-202,-1.99,10086,-55,-0.54,9939,9939,1399-12-26
454,ثروتم,صندوق س. ثروت آفرين پارسيان-س,102,226270,17363846350,75738,75800,77900,2162,2.85,76739,1001,1.32,75800,79400,1399-12-26
455,كمينا,شيشه سازي مينا,101,280850,6530885900,23728,23254,23254,-474,-2.0,23563,-165,-0.7,23254,23254,1399-12-26
456,قثابت,قند ثابت‌ خراسان‌,101,99636,6739379040,69020,67640,67640,-1380,-2.0,68830,-190,-0.28,67640,67640,1399-12-26
457,غاذر,كشت‌وصنعت‌پياذر,101,69720,3762788400,56210,53970,53970,-2240,-3.99,56030,-180,-0.32,53970,53970,1399-12-26
458,غمهرا,توليدي‌مهرام‌,101,42404,4993495040,122660,117760,117760,-4900,-3.99,122150,-510,-0.42,117760,117760,1399-12-26
459,تسه9802,امتياز تسهيلات مسكن ارديبهشت98,99,1139,667038253,582033,555202,571533,-10500,-1.8,585635,3602,0.62,555202,592998,1399-12-26
460,ومعلم,بيمه معلم,99,721982,3382485670,4780,4685,4685,-95,-1.99,4773,-7,-0.15,4685,4685,1399-12-26
461,غويتا,ويتانا,98,163158,2934070314,18350,17983,17983,-367,-2.0,18328,-22,-0.12,17983,17983,1399-12-26
462,ضشنا2003,اختيارخ شپنا-14000-1400/02/27,97,1548,2476823000,1074,1170,1669,595,55.4,1600,526,48.98,1170,1746,1399-12-26
463,سدبير,س. تدبيرگران فارس وخوزستان,97,128648,11388821496,90333,88527,88527,-1806,-2.0,89910,-423,-0.47,88527,88527,1399-12-26
464,ولصنم,ليزينگ‌صنعت‌ومعدن‌,97,453833,4856013100,11140,10700,10700,-440,-3.95,11100,-40,-0.36,10700,10700,1399-12-26
465,غصينو,صنعتي مينو,96,142256,9524750480,68321,66955,66955,-1366,-2.0,68187,-134,-0.2,66955,66955,1399-12-26
466,ضپاس2002,اختيارخ وپارس-3000-1400/02/29,95,2425,1042526000,392,370,440,48,12.24,430,38,9.69,370,448,1399-12-26
467,كسرام,پارس‌ سرام‌,93,624693,5141223390,8390,8230,8230,-160,-1.91,8370,-20,-0.24,8230,8230,1399-12-26
468,ولملت,واسپاري ملت,93,1713753,13847124240,8240,8080,8080,-160,-1.94,8190,-50,-0.61,8080,8080,1399-12-26
469,اخزا910,اسنادخزانه-م10بودجه99-020807,92,104806,62013331967,586273,585821,597000,10727,1.83,591696,5423,0.92,585821,600774,1399-12-26
470,تپمپي,پمپ‌ سازي‌ ايران‌,92,113839,2178878460,19530,19140,19140,-390,-2.0,19510,-20,-0.1,19140,19140,1399-12-26
471,تسه9905,امتياز تسهيلات مسكن مرداد99,92,1230,708056414,595566,582222,565788,-29778,-5.0,575656,-19910,-3.34,565788,600000,1399-12-26
472,تسه9903,امتياز تسهيلات مسكن خرداد99,91,673,395199086,593959,568777,564262,-29697,-5.0,587220,-6739,-1.13,564262,605000,1399-12-26
473,دفرا,فرآورده‌هاي‌ تزريقي‌ ايران‌,91,126609,3241190400,26120,25600,25600,-520,-1.99,26090,-30,-0.11,25600,25600,1399-12-26
474,دشيري,شيرين دارو,90,55568,11981572160,220020,215620,215620,-4400,-2.0,217327,-2693,-1.22,215620,215620,1399-12-26
475,فباهنر,مس‌ شهيدباهنر,90,1029571,23360965990,21410,22690,22690,1280,5.98,22690,1280,5.98,22690,22690,1399-12-26
476,ختور,رادياتور ايران‌,88,127610,2979693500,23820,23350,23350,-470,-1.97,23790,-30,-0.13,23350,23350,1399-12-26
477,لكما,كارخانجات‌مخابراتي‌ايران‌,88,372922,2320320684,6348,6222,6222,-126,-1.98,6333,-15,-0.24,6222,6222,1399-12-26
478,تكشاح,ح . صنايع‌وخدمات‌كشاورزي‌,87,1373034,55086786950,41780,46790,40110,-1670,-4.0,40120,-1660,-3.97,40110,46790,1399-12-26
479,تسه9803,امتياز تسهيلات مسكن خرداد98,86,830,490310918,592410,563010,570900,-21510,-3.63,590736,-1674,-0.28,563010,601000,1399-12-26
480,غبهنوش,بهنوش‌ ايران‌,85,30855,2231433600,73790,72320,72320,-1470,-1.99,73720,-70,-0.09,72320,72320,1399-12-26
481,زبينا,كشاورزي و دامپروري بينالود,85,550788,1919496180,3556,3485,3485,-71,-2.0,3553,-3,-0.08,3485,3485,1399-12-26
482,بكاب,صنايع‌جوشكاب‌يزد,84,10278,3574380060,362260,347770,347770,-14490,-4.0,361180,-1080,-0.3,347770,347770,1399-12-26
483,شسينا,صنايع‌شيميايي‌سينا,84,14014,1880959080,136950,134220,134220,-2730,-1.99,136850,-100,-0.07,134220,134220,1399-12-26
484,نمرينو,ايران‌ مرينوس‌,84,218828,19884900360,85730,90870,90870,5140,6.0,87670,1940,2.26,90870,90870,1399-12-26
485,تسه9901,امتياز تسهيلات مسكن فروردين99,83,1003,603641768,607113,607113,576758,-30355,-5.0,601836,-5277,-0.87,576758,637399,1399-12-26
486,ثپرديس,سرمايه گذاري مسكن پرديس,82,735102,7376013468,10238,10034,10034,-204,-1.99,10207,-31,-0.3,10034,10034,1399-12-26
487,دفارا,داروسازي‌ فارابي‌,81,537409,35495864450,67390,66050,66050,-1340,-1.99,66420,-970,-1.44,66050,66050,1399-12-26
488,فجام,جام‌دارو,80,333850,3335161500,10400,9990,9990,-410,-3.94,10370,-30,-0.29,9990,9990,1399-12-26
489,بالاس,مهندسي ساختمان تاسيسات راه آهن,80,188885,11178025415,60386,59179,59179,-1207,-2.0,60121,-265,-0.44,59179,59179,1399-12-26
490,شجمح,ح. صنايع پتروشيمي تخت جمشيد,79,3584171,31656460300,8500,8500,8800,300,3.53,8832,332,3.91,8500,9000,1399-12-26
491,دتوزيع,توزيع دارو پخش,78,137973,6388425846,47246,46302,46302,-944,-2.0,47123,-123,-0.26,46302,46302,1399-12-26
492,چفيبر,فيبر ايران‌,77,239270,3277999000,13970,13700,13700,-270,-1.93,13950,-20,-0.14,13700,13700,1399-12-26
493,افرا,افرانت,77,257004,8950421304,35536,34826,34826,-710,-2.0,35406,-130,-0.37,34826,34826,1399-12-26
494,تسه9812,امتياز تسهيلات مسكن اسفند98,77,867,510471762,595508,625283,565733,-29775,-5.0,588779,-6729,-1.13,565733,625283,1399-12-26
495,قزوين,كارخانجات‌ قند قزوين‌,76,344711,13267926390,40090,38490,38490,-1600,-3.99,39650,-440,-1.1,38490,38490,1399-12-26
496,توريل,توکاريل,74,92617,2347377865,25862,25345,25345,-517,-2.0,25837,-25,-0.1,25345,25345,1399-12-26
497,ساوه,سيمان ساوه,74,32477,1956901635,61484,60255,60255,-1229,-2.0,61435,-49,-0.08,60255,60255,1399-12-26
498,ولبهمن,شركت بهمن ليزينگ,73,1332752,11027190048,8442,8274,8274,-168,-1.99,8404,-38,-0.45,8274,8274,1399-12-26
499,غچين,كشت‌ و صنعت‌ چين‌ چين,72,144551,2885237960,20360,19960,19960,-400,-1.96,20340,-20,-0.1,19960,19960,1399-12-26
500,دتوليد,داروسازي توليد دارو,72,80991,2207976642,27818,27262,27262,-556,-2.0,27793,-25,-0.09,27262,27262,1399-12-26
501,اخزا815,اسنادخزانه-م15بودجه98-010406,69,165177,128993535125,776723,776000,777100,377,0.05,780941,4218,0.54,773000,787736,1399-12-26
502,ضملي3003,اختيارخ فملي-12000-1400/03/02,68,1599,3661052000,1831,1910,2350,519,28.35,2290,459,25.07,1910,2389,1399-12-26
503,زقيام,كشت و دام قيام اصفهان,68,77096,2305710072,30517,29907,29907,-610,-2.0,30488,-29,-0.1,29907,29907,1399-12-26
504,كفرا,فراورده‌ هاي‌ نسوزايران‌,67,52240,2388412800,47620,45720,45720,-1900,-3.99,47530,-90,-0.19,45720,45720,1399-12-26
505,وسنا,سرمايه گذاري نيروگاهي ايران,66,259649,3880194656,15248,14944,14944,-304,-1.99,15191,-57,-0.37,14944,14944,1399-12-26
506,ساربيل,سيمان آرتا اردبيل,64,186296,10684075600,58520,57350,57350,-1170,-2.0,58260,-260,-0.44,57350,57350,1399-12-26
507,آكورد2,صندوق س. آرمان آتي كوثر-د,64,6400000,6400000,31168,1,1,-31167,-100.0,1,-31167,-100.0,1,1,1399-12-26
508,اخزا814,اسنادخزانه-م14بودجه98-010318,63,236737,187878360417,788207,793000,796000,7793,0.99,793616,5409,0.69,785000,796000,1399-12-26
509,ضملي3004,اختيارخ فملي-14000-1400/03/02,63,1314,1364286000,729,889,1070,341,46.78,1038,309,42.39,889,1100,1399-12-26
510,اخزا901,اسنادخزانه-م1بودجه99-010621,62,55127,40826704135,739143,737000,745000,5857,0.79,740594,1451,0.2,737000,745000,1399-12-26
511,سخاش,سيمان‌خاش‌,62,12908,1994544160,157670,154520,154520,-3150,-2.0,157540,-130,-0.08,154520,154520,1399-12-26
512,قنقش,قند نقش جهان,62,97657,7072220755,73892,72415,72415,-1477,-2.0,72801,-1091,-1.48,72415,73500,1399-12-26
513,ضجار2002,اختيارخ وتجارت-2500-1400/02/22,61,914,433648000,383,405,473,90,23.5,474,91,23.76,447,500,1399-12-26
514,تكشا,گسترش‌صنايع‌وخدمات‌كشاورزي‌,61,59114,2742298460,47330,46390,46390,-940,-1.99,47280,-50,-0.11,46390,46390,1399-12-26
515,ضملت3001,اختيارخ وبملت-3500-1400/03/19,60,1587,1584888000,1019,901,1043,24,2.36,999,-20,-1.96,850,1078,1399-12-26
516,خبازرس,بازرسي مهندسي و صنعتي ايران,60,137664,4554338112,33758,33083,33083,-675,-2.0,33590,-168,-0.5,33083,33083,1399-12-26
517,داريك,صندوق س.اعتماد داريك-د,59,168031,1742636517,10368,10372,10415,47,0.45,10371,3,0.03,10016,10476,1399-12-26
518,شتولي,تولي‌پرس‌,59,184153,6319578501,35017,34317,34317,-700,-2.0,34555,-462,-1.32,34317,34317,1399-12-26
519,تسه9809,امتياز تسهيلات مسكن آذر98,58,473,283179070,581881,558000,555020,-26861,-4.62,598687,16806,2.89,555001,610000,1399-12-26
520,گدنا,تهيه توزيع غذاي دنا آفرين فدك,58,50674,1693727776,34106,33424,33424,-682,-2.0,34082,-24,-0.07,33424,33424,1399-12-26
521,تسه9811,امتياز تسهيلات مسكن بهمن98,58,587,343786341,585719,561111,580000,-5719,-0.98,585667,-52,-0.01,561111,610000,1399-12-26
522,دشيمي,شيمي‌ داروئي‌ داروپخش‌,57,181847,5589976780,31360,30740,30740,-620,-1.98,31290,-70,-0.22,30740,30740,1399-12-26
523,الماس,صندوق س.امين تدبيرگران فردا-س,56,20324,2240557455,109025,109000,111700,2675,2.45,110242,1217,1.12,109000,112090,1399-12-26
524,كارين,صندوق س نگين سامان-ثابت,56,956159,9573228566,10005,10012,10014,9,0.09,10012,7,0.07,10011,10015,1399-12-26
525,سكه0011پ02,سكه تمام بهارتحويلي 1روزه ملت,56,8400,9004553400,1041637,1065999,1073100,31463,3.02,1071971,30334,2.91,1065999,1080055,1399-12-26
526,دابور,داروسازي‌ ابوريحان‌,55,239047,9310880650,39740,38950,38950,-790,-1.99,39590,-150,-0.38,38950,38950,1399-12-26
527,خاتم,صندوق س خاتم ايساتيس پويا-ثابت,55,1446732,15479702947,10696,10704,10704,8,0.07,10700,4,0.04,10698,10704,1399-12-26
528,رتكو,كنترل‌خوردگي‌تكين‌كو,55,376553,6962464970,18860,18490,18490,-370,-1.96,18810,-50,-0.27,18490,18490,1399-12-26
529,ضصاد3001,اختيارخ وبصادر-2000-1400/03/12,55,2132,1479615000,582,640,730,148,25.43,694,112,19.24,639,750,1399-12-26
530,ضخود2009,اختيارخ خودرو-4000-1400/02/08,54,2744,67069000,23,21,26,3,13.04,24,1,4.35,20,28,1399-12-26
531,فبيرا,بسته‌ بندي‌ ايران‌,54,360708,1088616744,3143,3018,3018,-125,-3.98,3136,-7,-0.22,3018,3018,1399-12-26
532,تكنو,تكنوتار,53,179106,4060333020,23130,22670,22670,-460,-1.99,23090,-40,-0.17,22670,22670,1399-12-26
533,وآذر,سرمايه‌گذاري‌توسعه‌آذربايجان‌,52,22485,1895485500,86020,84300,84300,-1720,-2.0,85950,-70,-0.08,84300,84300,1399-12-26
534,كترام,توليدي‌ كاشي‌ تكسرام‌,52,49494,2371257540,48880,47910,47910,-970,-1.98,48830,-50,-0.1,47910,47910,1399-12-26
535,حآسا,آسيا سير ارس,52,66638,3012504066,46129,45207,45207,-922,-2.0,46072,-57,-0.12,45207,45207,1399-12-26
536,سمتاز,سيمان ممتازان كرمان,51,163031,3256381194,19393,19974,19974,581,3.0,19482,89,0.46,19974,19974,1399-12-26
537,قشير,قند شيروان قوچان و بجنورد,51,129706,3293235340,25908,25390,25390,-518,-2.0,25873,-35,-0.14,25390,25390,1399-12-26
538,غدام,خوراك‌  دام‌ پارس‌,51,8075,3113639250,401650,385590,385590,-16060,-4.0,400610,-1040,-0.26,385590,385590,1399-12-26
539,سيلام,سيمان‌ ايلام‌,49,175323,1972383750,11470,11250,11250,-220,-1.92,11460,-10,-0.09,11250,11250,1399-12-26
540,اخزا905,اسنادخزانه-م5بودجه99-020218,49,170968,112215377778,650965,650832,664900,13935,2.14,656353,5388,0.83,650832,664900,1399-12-26
541,دكوثر,داروسازي‌ كوثر,49,117455,2413700250,20960,20550,20550,-410,-1.96,20940,-20,-0.1,20550,20550,1399-12-26
542,خفنر,فنرسازي‌خاور,49,440110,3789347100,8780,8610,8610,-170,-1.94,8770,-10,-0.11,8610,8610,1399-12-26
543,كسعدي,كاشي‌ سعدي‌,49,339349,7200985780,21650,21220,21220,-430,-1.99,21590,-60,-0.28,21220,21220,1399-12-26
544,تسه9807,امتياز تسهيلات مسكن مهر98,49,589,343540167,581765,561159,560000,-21765,-3.74,583260,1495,0.26,553000,600000,1399-12-26
545,وتعاون,بيمه  تعاون,48,110667,666768675,6147,6025,6025,-122,-1.98,6143,-4,-0.07,6025,6025,1399-12-26
546,ثعمرا,عمران و توسعه شاهد,48,317948,4086903592,13116,12854,12854,-262,-2.0,13094,-22,-0.17,12854,12854,1399-12-26
547,فمراد,آلومراد,47,17245,2441029750,144430,141550,141550,-2880,-1.99,144280,-150,-0.1,141550,141550,1399-12-26
548,زفكا,كشت و دامداري فكا,47,208177,2714003549,13303,13037,13037,-266,-2.0,13288,-15,-0.11,13037,13037,1399-12-26
549,ختراكح,ح . ريخته‌گري‌ تراكتورسازي‌,47,274634,3348824100,12350,12350,12100,-250,-2.02,12190,-160,-1.3,12100,12350,1399-12-26
550,ضخود2013,اختيارخ خودرو-7000-1400/02/08,46,2341,21220000,8,8,10,2,25.0,9,1,12.5,7,10,1399-12-26
551,تسه9806,امتياز تسهيلات مسكن شهريور98,46,640,372469729,584848,565611,555606,-29242,-5.0,581984,-2864,-0.49,555606,600000,1399-12-26
552,فپنتا,سپنتا,46,8939,3605366870,411560,403330,403330,-8230,-2.0,410950,-610,-0.15,403330,403330,1399-12-26
553,اخزا818,اسنادخزانه-م18بودجه98-010614,46,32164,24142544996,748378,751000,749605,1227,0.16,750608,2230,0.3,745000,760000,1399-12-26
554,اپرداز,آتيه داده پرداز,46,73230,1513005030,21082,20661,20661,-421,-2.0,21069,-13,-0.06,20661,20661,1399-12-26
555,كتوكا,توليدي و خدمات صنايع نسوز توكا,45,127913,4913266243,39194,38411,38411,-783,-2.0,39115,-79,-0.2,38411,38411,1399-12-26
556,زنگان,صنعت روي زنگان,45,6331,654454463,105482,103373,103373,-2109,-2.0,105454,-28,-0.03,103373,103373,1399-12-26
557,سمايه,بانك سرمايه,44,83267,538570956,6600,6468,6468,-132,-2.0,6596,-4,-0.06,6468,6468,1399-12-26
558,تسه9808,امتياز تسهيلات مسكن آبان98,44,434,253636766,590976,563288,590000,-976,-0.17,584416,-6560,-1.11,563288,600000,1399-12-26
559,غديس,پاكديس,44,93433,1239015013,13531,13261,13261,-270,-2.0,13524,-7,-0.05,13261,13261,1399-12-26
560,غمينوح,ح . شركت صنايع غذايي مينو شرق,43,3055450,29161458594,9738,9922,9544,-194,-1.99,9544,-194,-1.99,9544,9922,1399-12-26
561,دمعيار,صندوق س. توازن معيار-د,43,1033562,10463030366,10119,10130,10123,4,0.04,10123,4,0.04,10121,10130,1399-12-26
562,سكرد,سيمان كردستان,43,139052,1404425200,10300,10100,10100,-200,-1.94,10290,-10,-0.1,10100,10100,1399-12-26
563,بشهاب,لامپ‌  پارس‌ شهاب‌,43,16222,2335968000,150000,144000,144000,-6000,-4.0,149710,-290,-0.19,144000,144000,1399-12-26
564,قيستو,شركت قند بيستون,42,1674711,26380047672,15444,15752,15752,308,1.99,15549,105,0.68,15752,15752,1399-12-26
565,بذر,صندوق س بذر اميد آفرين-سهام,42,8446,849859900,99710,99540,101350,1640,1.64,100620,910,0.91,99540,102000,1399-12-26
566,فماك,ماداكتو استيل كرد,41,985463,20201991500,21000,20500,20500,-500,-2.38,20500,-500,-2.38,20500,20500,1399-12-26
567,كي بي سي,شركت كي بي سي,41,31345,862206915,28068,27507,27507,-561,-2.0,28058,-10,-0.04,27507,27507,1399-12-26
568,سدشت,صنايع سيمان دشتستان,40,31136,1860687360,56380,59760,59760,3380,6.0,56500,120,0.21,59760,59760,1399-12-26
569,ضفلا3004,اختيارخ فولاد-12000-1400/03/19,40,939,2472241000,2034,2500,2701,667,32.79,2633,599,29.45,2500,2712,1399-12-26
570,ثغرب,شركت سرمايه گذاري مسكن شمالغرب,39,560127,4391955807,8001,7841,7841,-160,-2.0,7987,-14,-0.17,7841,7841,1399-12-26
571,زنجان,صنايع كشاورزي وكود زنجان,39,70141,636529575,9453,9075,9075,-378,-4.0,9440,-13,-0.14,9075,9075,1399-12-26
572,زعف0008پ20,زعفران0008نگين وحدت جام(پ),39,15540,1838788494,117935,119400,117999,64,0.05,118326,391,0.33,117788,119400,1399-12-26
573,اعتلا,شركت سرمايه گذاري اعتلاء البرز,38,283813,2351106892,8453,8284,8284,-169,-2.0,8445,-8,-0.09,8284,8284,1399-12-26
574,اراد50,مرابحه عام دولت5-ش.خ0302,38,690500,690500161000,1000000,1000000,1000000,0,0.0,1000000,0,0.0,1000000,1000001,1399-12-26
575,كلوند,كاشي‌ الوند,37,51977,2376388440,46650,45720,45720,-930,-1.99,46600,-50,-0.11,45720,45720,1399-12-26
576,اخزا904,اسنادخزانه-م4بودجه99-011215,37,251018,170291287867,669376,675000,677500,8124,1.21,678403,9027,1.35,667014,683000,1399-12-26
577,خموتور,موتورسازان‌تراكتورسازي‌ايران‌,37,127550,1887740000,15100,14800,14800,-300,-1.99,15090,-10,-0.07,14800,14800,1399-12-26
578,اخزا817,اسنادخزانه-م17بودجه98-010512,37,65874,50733577560,763274,763500,777000,13726,1.8,770161,6887,0.9,762000,777000,1399-12-26
579,غشاذر,پگاه‌آذربايجان‌غربي‌,37,96083,941613400,10000,9800,9800,-200,-2.0,10000,0,0.0,9800,9800,1399-12-26
580,لخزر,پارس‌ خزر,36,2440,448545200,187580,183830,183830,-3750,-2.0,187550,-30,-0.02,183830,183830,1399-12-26
581,ضصاد3002,اختيارخ وبصادر-2500-1400/03/12,36,854,330702000,360,350,385,25,6.94,387,27,7.5,350,469,1399-12-26
582,اخزا907,اسنادخزانه-م7بودجه99-020704,36,80363,49288934940,600000,600000,600004,4,0.0,613329,13329,2.22,599001,620000,1399-12-26
583,زعف0008پ16,زعفران0008نگين بيرجند(پ),36,18167,2154660209,118079,120100,118000,-79,-0.07,118603,524,0.44,117850,120170,1399-12-26
584,داوه,داروسازي آوه سينا,36,42166,835350626,20215,19811,19811,-404,-2.0,20208,-7,-0.03,19811,19811,1399-12-26
585,وملت,سرمايه گذاري ملت,36,295125,1292942625,4470,4381,4381,-89,-1.99,4458,-12,-0.27,4381,4381,1399-12-26
586,پلوله,گازلوله‌,36,1114197,22253856681,19392,19973,19973,581,3.0,19973,581,3.0,19973,19973,1399-12-26
587,ضشنا2001,اختيارخ شپنا-10000-1400/02/27,35,623,2909984000,3675,3999,4722,1047,28.49,4671,996,27.1,3999,4800,1399-12-26
588,اخزا809,اسنادخزانه-م9بودجه98-000923,35,50517,43742116431,864014,864792,865306,1292,0.15,865889,1875,0.22,864792,869987,1399-12-26
589,مفاخر,توسعه فناوري اطلاعات خوارزمي,35,74900,4915087800,66961,65622,65622,-1339,-2.0,66826,-135,-0.2,65622,65622,1399-12-26
590,كاذر,فرآورده‌هاي‌نسوزآذر,34,47379,1554978780,33480,32820,32820,-660,-1.97,33460,-20,-0.06,32820,32820,1399-12-26
591,اخزا808,اسنادخزانه-م8بودجه98-000817,34,20759,18245858644,878852,878416,879011,159,0.02,878937,85,0.01,878416,880000,1399-12-26
592,پارتا,مجتمع‌صنعتي‌آرتاويل‌تاير,32,15840,881258400,56770,55635,55635,-1135,-2.0,56733,-37,-0.07,55635,55635,1399-12-26
593,هجرت,پخش هجرت,32,34651,965446162,28430,27862,27862,-568,-2.0,28419,-11,-0.04,27862,27862,1399-12-26
594,تسه9805,امتياز تسهيلات مسكن مرداد98,32,311,179792326,585691,562270,556409,-29282,-5.0,578110,-7581,-1.29,556409,605000,1399-12-26
595,وآوا,سرمايه گذاري آوا نوين,32,55625,485661875,8909,8731,8731,-178,-2.0,8907,-2,-0.02,8731,8731,1399-12-26
596,حتوكا,حمل‌ونقل‌توكا,31,27728,839603840,30890,30280,30280,-610,-1.97,30880,-10,-0.03,30280,30280,1399-12-26
597,قاسم,قاسم ايران,31,84152,1126879432,13664,13391,13391,-273,-2.0,13658,-6,-0.04,13391,13391,1399-12-26
598,شتوكا,توكا رنگ فولاد سپاهان,31,15789,841095819,54358,53271,53271,-1087,-2.0,54339,-19,-0.03,53271,53271,1399-12-26
599,خودرو4,ايران‌ خودرو,31,15042462245,752123112250,2470,50,50,-2420,-97.98,50,-2420,-97.98,50,50,1399-12-26
600,داسوه,داروسازي‌ اسوه‌,31,40727,1494680900,37440,36700,36700,-740,-1.98,37420,-20,-0.05,36700,36700,1399-12-26
601,گنجين,صندوق س. گنجينه يكم آويد-د,31,58938,733112956,12415,12440,12435,20,0.16,12439,24,0.19,12429,12440,1399-12-26
602,بهپاك,صنعتي بهپاك,30,95005,4281875350,45989,45070,45070,-919,-2.0,45908,-81,-0.18,45070,45070,1399-12-26
603,ضترا3002,اختيارخ شتران-8000-1400/03/09,30,262,634358000,1596,1900,2740,1144,71.68,2421,825,51.69,1900,2740,1399-12-26
604,سفاسي,شركت فارسيت اهواز,29,30109,418274228,14470,13892,13892,-578,-3.99,14457,-13,-0.09,13892,13892,1399-12-26
605,شدوص,دوده‌ صنعتي‌ پارس‌,29,80164,2288682200,29130,28550,28550,-580,-1.99,29100,-30,-0.1,28550,28550,1399-12-26
606,زشريف,كشت وصنعت شريف آباد,29,72218,363978720,5142,5040,5040,-102,-1.98,5141,-1,-0.02,5040,5040,1399-12-26
607,سدور,سيمان‌ دورود,29,176895,3378694500,19480,19100,19100,-380,-1.95,19450,-30,-0.15,19100,19100,1399-12-26
608,اخزا821,اسنادخزانه-م21بودجه98-020906,28,33019,19368677460,582265,582201,586200,3935,0.68,586592,4327,0.74,582201,592900,1399-12-26
609,ثشرق,سرمايه گذاري مسكن شمال شرق,28,568138,3869019780,6940,6810,6810,-130,-1.87,6930,-10,-0.14,6810,6810,1399-12-26
610,غشوكو,شوكو پارس,28,13595,522510230,40035,38434,38434,-1601,-4.0,39991,-44,-0.11,38434,38434,1399-12-26
611,غبهار,كشت وصنعت بهاران گلبهار خراسان,28,10805,364128500,34387,33700,33700,-687,-2.0,34374,-13,-0.04,33700,33700,1399-12-26
612,غدشت,دشت‌ مرغاب‌,27,11822,3371516180,291010,285190,285190,-5820,-2.0,290610,-400,-0.14,285190,285190,1399-12-26
613,زعف0008پ10,زعفران0008نگين طلاي سرخ(پ),27,6126,736289800,119190,122990,119405,215,0.18,120191,1001,0.84,118500,123000,1399-12-26
614,چافست,افست‌,26,32325,526574250,16620,16290,16290,-330,-1.99,16620,0,0.0,16290,16290,1399-12-26
615,زمگسا,كشاورزي‌ ودامپروي‌ مگسال‌,26,19345,621361400,32770,32120,32120,-650,-1.98,32760,-10,-0.03,32120,32120,1399-12-26
616,كاسپينح,ح .داروسازي كاسپين تامين,26,276377,5397951400,19554,20400,19400,-154,-0.79,19531,-23,-0.12,19400,20400,1399-12-26
617,ضجار2004,اختيارخ وتجارت-3500-1400/02/22,26,1611,164479000,87,89,99,12,13.79,102,15,17.24,89,117,1399-12-26
618,بسويچ,پارس‌سويچ‌,26,35469,1837648890,52860,51810,51810,-1050,-1.99,52820,-40,-0.08,51810,51810,1399-12-26
619,تسه9804,امتياز تسهيلات مسكن تير98,26,217,131040120,615094,615000,584500,-30594,-4.97,603871,-11223,-1.82,584500,639980,1399-12-26
620,اوصتا,صندوق انديشه ورزان صباتامين -د,25,320633,5812563398,18120,18125,18135,15,0.08,18128,8,0.04,18125,18149,1399-12-26
621,زماهان,مجتمع توليد گوشت مرغ ماهان,25,59273,1208043013,20796,20381,20381,-415,-2.0,20786,-10,-0.05,20381,20381,1399-12-26
622,زعف0008پ11,زعفران0008نگين سحرخيز(پ),25,17375,2081582690,119761,121900,120099,338,0.28,119803,42,0.04,118756,122000,1399-12-26
623,درهآور,دارويي ره آورد تامين,25,57545,3010351585,53380,52313,52313,-1067,-2.0,53314,-66,-0.12,52313,52313,1399-12-26
624,اخزا820,اسنادخزانه-م20بودجه98-020806,24,14778,8885344569,589699,589200,606000,16301,2.76,601255,11556,1.96,589200,609960,1399-12-26
625,سهرمز,سيمان‌هرمزگان‌,24,319016,7831842800,25050,24550,24550,-500,-2.0,24970,-80,-0.32,24550,24550,1399-12-26
626,وكادو,تكادو,24,222235,4499147575,20658,20245,20245,-413,-2.0,20562,-96,-0.46,20245,20245,1399-12-26
627,خكار,ايركا پارت صنعت,24,29442,634769520,22000,21560,21560,-440,-2.0,21990,-10,-0.05,21560,21560,1399-12-26
628,تابا,تابان نيرو سپاهان,24,31895,1735215580,56670,54404,54404,-2266,-4.0,56465,-205,-0.36,54404,54404,1399-12-26
629,آسام,صندوق س.آرمان سپهر آشنا-م,23,13320,1395739180,104068,104100,105500,1432,1.38,104785,717,0.69,103600,106990,1399-12-26
630,سجام,مجتمع سيمان غرب آسيا,23,56947,289006025,5178,5075,5075,-103,-1.99,5176,-2,-0.04,5075,5075,1399-12-26
631,سصفها,سيمان‌اصفهان‌,22,1848,232441440,128340,125780,125780,-2560,-1.99,128330,-10,-0.01,125780,125780,1399-12-26
632,بزاگرسح,ح . نيروگاه زاگرس كوثر,22,132670,754831202,5798,5710,5683,-115,-1.98,5690,-108,-1.86,5683,5710,1399-12-26
633,كاسپين,داروسازي كاسپين تامين,22,26401,646349282,24981,24482,24482,-499,-2.0,24974,-7,-0.03,24482,24482,1399-12-26
634,اخزا811,اسنادخزانه-م11بودجه98-001013,22,16149,13808230375,854861,853738,855100,239,0.03,855052,191,0.02,853738,858000,1399-12-26
635,خفناور,مهندسي صنعتي روان فن آور,21,53209,2689395696,51575,50544,50544,-1031,-2.0,51433,-142,-0.28,50544,50544,1399-12-26
636,خوساز,محورسازان‌ايران‌خودرو,21,64593,507700980,8020,7860,7860,-160,-2.0,8020,0,0.0,7860,7860,1399-12-26
637,فلامي,لاميران‌,21,32723,1445702140,45080,44180,44180,-900,-2.0,45050,-30,-0.07,44180,44180,1399-12-26
638,كيا,كيا الكترود شرق,21,633300,5468545500,8224,8635,8635,411,5.0,8635,411,5.0,8635,8635,1399-12-26
639,آينده,بازرگاني آينده سازان بهشت پارس,21,83025,1631358225,20049,19649,19649,-400,-2.0,20016,-33,-0.16,19649,19649,1399-12-26
640,فولاي,صنايع فولاد آلياژي يزد,20,38538,1944126486,51476,50447,50447,-1029,-2.0,51435,-41,-0.08,50447,50447,1399-12-26
641,سنير,سيمان‌ سفيد ني‌ريز,20,5980,1476701200,251970,246940,246940,-5030,-2.0,251820,-150,-0.06,246940,246940,1399-12-26
642,سفارود,كارخانه فارسيت درود,20,101872,1845920640,18489,18120,18120,-369,-2.0,18419,-70,-0.38,18120,18120,1399-12-26
643,ضصاد3005,اختيارخ وبصادر-4000-1400/03/12,20,1913,85507000,35,39,50,15,42.86,45,10,28.57,35,50,1399-12-26
644,حخزر,كشتيراني درياي خزر,20,309163,8905749378,29393,28806,28806,-587,-2.0,29286,-107,-0.36,28806,28806,1399-12-26
645,زپارس,ملي كشت و صنعت و دامپروري پارس,20,19842,3314010840,170420,167020,167020,-3400,-2.0,170190,-230,-0.13,167020,167020,1399-12-26
646,اراد79,مرابحه عام دولت79-ش.خ010612,20,3452500,3246489325000,1000000,940330,940330,-59670,-5.97,940330,-59670,-5.97,940330,940330,1399-12-26
647,اراد82,مرابحه عام دولت82-ش.خ010912,20,4000000,3730200000000,949920,932550,932550,-17370,-1.83,932550,-17370,-1.83,932550,932550,1399-12-26
648,ثامان,سامان‌ گستراصفهان‌,20,34027,768669930,23050,22590,22590,-460,-2.0,23040,-10,-0.04,22590,22590,1399-12-26
649,ضمخا7071,اختيارخ اخابر-24000-1400/07/28,19,1007,251245000,219,245,259,40,18.26,249,30,13.7,225,297,1399-12-26
650,لخانه,لوازم‌ خانگي‌ پارس‌,19,261337,7673376994,29961,29362,29362,-599,-2.0,29724,-237,-0.79,29362,29362,1399-12-26
651,ضملت3000,اختيارخ وبملت-3000-1400/03/19,19,121,185684000,1444,1459,1500,56,3.88,1535,91,6.3,1459,1600,1399-12-26
652,حپترو,حمل و نقل پتروشيمي( سهامي عام,19,12777,666576090,54340,52170,52170,-2170,-3.99,54310,-30,-0.06,52170,52170,1399-12-26
653,قهكمت,قندهكمتان‌,18,24326,1103184100,46270,45350,45350,-920,-1.99,46250,-20,-0.04,45350,45350,1399-12-26
654,حسير,ريل سير كوثر,18,16966,289609620,17418,17070,17070,-348,-2.0,17416,-2,-0.01,17070,17070,1399-12-26
655,وثخوز,سرمايه گذاري و توسعه خوزستان,18,13389,906033630,71231,67670,67670,-3561,-5.0,71060,-171,-0.24,67670,67670,1399-12-26
656,زعف0008پ05,زعفران0008نگين زرين(پ),18,11541,1383469697,118670,118006,119900,1230,1.04,119874,1204,1.01,118006,119999,1399-12-26
657,سفار,سيمان‌فارس‌,18,3296,500959040,155090,151990,151990,-3100,-2.0,155060,-30,-0.02,151990,151990,1399-12-26
658,لخانهح,ح.لوازم‌ خانگي‌ پارس‌,18,22572,420651792,19016,18636,18636,-380,-2.0,18636,-380,-2.0,18636,18636,1399-12-26
659,گكيش,توريستي ورفاهي آبادگران كيش,18,6407,332593777,52970,51911,51911,-1059,-2.0,52952,-18,-0.03,51911,51911,1399-12-26
660,ثتوسا,س.توسعه و عمران استان اردبيل,18,13217,523657540,40428,39620,39620,-808,-2.0,40406,-22,-0.05,39620,39620,1399-12-26
661,اخزا816,اسنادخزانه-م16بودجه98-010503,17,68581,53598050832,776601,765000,770000,-6601,-0.85,781529,4928,0.63,765000,785000,1399-12-26
662,غپآذر,شير پگاه آذربايجان شرقي,17,5777,373841224,66032,64712,64712,-1320,-2.0,66022,-10,-0.02,64712,64712,1399-12-26
663,پرداخت,به پرداخت ملت,17,8154,283188420,35430,34730,34730,-700,-1.98,35430,0,0.0,34730,34730,1399-12-26
664,سخزر,سيمان‌ خزر,17,19515,590328750,30860,30250,30250,-610,-1.98,30850,-10,-0.03,30250,30250,1399-12-26
665,دجابر,داروسازي‌ جابرابن‌حيان‌,17,11855,235795950,20290,19890,19890,-400,-1.97,20290,0,0.0,19890,19890,1399-12-26
666,وپسا,س. پتروشيمي ساختمان  خليج فارس,17,115397,342267502,3026,2966,2966,-60,-1.98,3024,-2,-0.07,2966,2966,1399-12-26
667,كطبس,ذغال‌سنگ‌ نگين‌ ط‌بس‌,17,17617,1427681680,82690,81040,81040,-1650,-2.0,82640,-50,-0.06,81040,81040,1399-12-26
668,آبين,كشت و صنعت آبشيرين,16,53367,221899986,4242,4158,4158,-84,-1.98,4240,-2,-0.05,4158,4158,1399-12-26
669,حپارسا,توسعه حمل و نقل ريلي پارسيان,16,10420,360802920,35332,34626,34626,-706,-2.0,35327,-5,-0.01,34626,34626,1399-12-26
670,ضملي3000,اختيارخ فملي-8000-1400/03/02,16,36,212450000,4532,3900,6100,1568,34.6,5901,1369,30.21,3900,6250,1399-12-26
671,اخزا806,اسنادخزانه-م6بودجه98-000519,16,13642,12579990263,924774,920012,926000,1226,0.13,922151,-2623,-0.28,920012,926000,1399-12-26
672,غگلستا,شير پاستوريزه پگاه گلستان,16,41772,1172915988,28652,28079,28079,-573,-2.0,28638,-14,-0.05,28079,28079,1399-12-26
673,حبندر,دريايي و کشتيراني خط دريابندر,16,151010,5260584360,35546,34836,34836,-710,-2.0,35354,-192,-0.54,34836,34836,1399-12-26
674,سلار,شركت سيمان لارستان,15,16037,926232972,60162,57756,57756,-2406,-4.0,60046,-116,-0.19,57756,57756,1399-12-26
675,اخزا813,اسنادخزانه-م13بودجه98-010219,15,13790,11057158794,800304,798001,800321,17,0.0,801824,1520,0.19,798001,805000,1399-12-26
676,سخند,صندوق س.سپهرخبرگان نفت-د,15,73560,739761740,10054,10055,10054,0,0.0,10057,3,0.03,10054,10060,1399-12-26
677,ضملي3002,اختيارخ فملي-10000-1400/03/02,15,130,552330000,3444,3750,4100,656,19.05,4249,805,23.37,3750,4400,1399-12-26
678,اخزا721,اسنادخزانه-م21بودجه97-000728,15,79226,70623344880,888069,888000,889008,939,0.11,891416,3347,0.38,888000,902000,1399-12-26
679,خزر,فنرسازي‌زر,15,11877,555962370,47760,46810,46810,-950,-1.99,47750,-10,-0.02,46810,46810,1399-12-26
680,قمرو,قند مرودشت‌,15,16284,590783520,37020,36280,36280,-740,-2.0,37010,-10,-0.03,36280,36280,1399-12-26
681,آرمان,بيمه آرمان,15,262976,2236610880,8678,8505,8505,-173,-1.99,8658,-20,-0.23,8505,8505,1399-12-26
682,زعف0008پ18,زعفران0008نگين بهرامن(پ),15,6760,809787850,119153,119900,119590,437,0.37,119791,638,0.54,119153,120989,1399-12-26
683,لپيام,گسترش صنايع پيام,15,14482,785257486,55329,54223,54223,-1106,-2.0,55285,-44,-0.08,54223,54223,1399-12-26
684,فسا,پتروشيمي فسا,14,131122,236806332,1842,1806,1806,-36,-1.95,1842,0,0.0,1806,1806,1399-12-26
685,ضخود2010,اختيارخ خودرو-4500-1400/02/08,14,970,18130000,18,18,18,0,0.0,19,1,5.56,18,19,1399-12-26
686,خنصير,مهندسي‌نصيرماشين‌,14,5125,552885000,110080,107880,107880,-2200,-2.0,110060,-20,-0.02,107880,107880,1399-12-26
687,قجام,فرآوردههاي غذايي وقندتربت‌جام‌,14,38455,624278470,16565,16234,16234,-331,-2.0,16544,-21,-0.13,16234,16234,1399-12-26
688,كساپا,سايپاشيشه‌,14,16604,639254000,39280,38500,38500,-780,-1.99,39270,-10,-0.03,38500,38500,1399-12-26
689,اخزا720,اسنادخزانه-م20بودجه97-000324,14,3292,3130860220,951561,943073,954999,3438,0.36,951051,-510,-0.05,943073,954999,1399-12-26
690,اخزا723,اسنادخزانه-م23بودجه97-000824,14,101365,89325143265,876967,881300,876100,-867,-0.1,881223,4256,0.49,875000,881300,1399-12-26
691,زعف0008پ08,زعفران0008نگين روستا(پ),14,5900,702831080,119082,119900,119980,898,0.75,119124,42,0.04,118500,119997,1399-12-26
692,لازما,كارخانه هاي صنعتي آزمايش,14,11328,386749248,34837,34141,34141,-696,-2.0,34823,-14,-0.04,34141,34141,1399-12-26
693,اخزا713,اسنادخزانه-م13بودجه97-000518,14,1380,1274974637,923020,923030,924500,1480,0.16,923895,875,0.09,923030,924500,1399-12-26
694,سحرا022,سلف موازي نيروي برق حرارتي022,14,2359000,689194218000,285850,288966,294502,8652,3.03,292155,6305,2.21,288966,294502,1399-12-26
695,سبجنو,سيمان‌ بجنورد,14,97532,5726103720,59900,58710,58710,-1190,-1.99,59760,-140,-0.23,58710,58710,1399-12-26
696,ضملت3002,اختيارخ وبملت-4000-1400/03/19,13,379,294020000,713,760,818,105,14.73,776,63,8.84,760,818,1399-12-26
697,ضشنا2004,اختيارخ شپنا-16000-1400/02/27,13,197,161498000,860,774,800,-60,-6.98,820,-40,-4.65,774,914,1399-12-26
698,ضشنا2000,اختيارخ شپنا-9000-1400/02/27,13,46,251806000,4833,5200,5690,857,17.73,5474,641,13.26,5200,5690,1399-12-26
699,ثقزوي,شركت عمران و سازندگي قزوين,13,14966,468211310,31923,31285,31285,-638,-2.0,31908,-15,-0.05,31285,31285,1399-12-26
700,خپويش,سازه‌ پويش‌,13,25027,1484851910,60540,59330,59330,-1210,-2.0,60500,-40,-0.07,59330,59330,1399-12-26
701,اخزا812,اسنادخزانه-م12بودجه98-001111,13,13056,11040510781,844271,843281,845627,1356,0.16,845627,1356,0.16,843280,849990,1399-12-26
702,ثجوان,تامين مسكن جوانان,12,45259,508394347,11462,11233,11233,-229,-2.0,11456,-6,-0.05,11233,11233,1399-12-26
703,كيسون,شركت كيسون,12,44063,635035956,14706,14412,14412,-294,-2.0,14700,-6,-0.04,14412,14412,1399-12-26
704,دقاضي,داروسازي شهيد قاضي,12,2187,94172220,43938,43060,43060,-878,-2.0,43934,-4,-0.01,43060,43060,1399-12-26
705,اخزا810,اسنادخزانه-م10بودجه98-001006,11,10289,8811135137,857002,856126,857112,110,0.01,856365,-637,-0.07,856126,857112,1399-12-26
706,كقزوي,شيشه‌ قزوين‌,11,38825,391472475,10288,10083,10083,-205,-1.99,10284,-4,-0.04,10083,10083,1399-12-26
707,اوان,مبين وان كيش,11,18802,1012638116,54957,53858,53858,-1099,-2.0,54934,-23,-0.04,53858,53858,1399-12-26
708,خلنت,لنت‌ ترمزايران‌,11,7149,656850120,93750,91880,91880,-1870,-1.99,93720,-30,-0.03,91880,91880,1399-12-26
709,نگين,ص.س. زمين و ساختمان نگين شهرري,10,2384,115328920,48470,48600,48210,-260,-0.54,48380,-90,-0.19,47890,48700,1399-12-26
710,سحرخيز2,صندوق س. گروه زعفران سحرخيز,10,1000000,1000000,9543,1,1,-9542,-99.99,1,-9542,-99.99,1,1,1399-12-26
711,وشمال,س. چشم انداز توسعه شمال,10,2207,191883201,88717,86943,86943,-1774,-2.0,88700,-17,-0.02,86943,86943,1399-12-26
712,ضپاس2001,اختيارخ وپارس-2500-1400/02/29,10,202,164120000,764,760,840,76,9.95,812,48,6.28,750,840,1399-12-26
713,ضمخا2000,اختيارخ اخابر-9000-1400/02/29,10,88,145551000,1655,1400,1951,296,17.89,1654,-1,-0.06,1400,1951,1399-12-26
714,شزنگ,تجهيزنيروي‌زنگان‌,10,842,194285606,235452,230743,230743,-4709,-2.0,235405,-47,-0.02,230743,230743,1399-12-26
715,ثاباد,توريستي ورفاهي آبادگران ايران,10,4051,218875530,55130,54030,54030,-1100,-2.0,55130,0,0.0,54030,54030,1399-12-26
716,سخواف,سيمان مجد خواف,9,10317,173542257,17164,16821,16821,-343,-2.0,17161,-3,-0.02,16821,16821,1399-12-26
717,قلرست,قند لرستان‌,9,3690,129851100,35900,35190,35190,-710,-1.98,35900,0,0.0,35190,35190,1399-12-26
718,وجامي,سرمايه گذاري جامي,9,37657,579993114,15716,15402,15402,-314,-2.0,15707,-9,-0.06,15402,15402,1399-12-26
719,ددام,داروسازي زاگرس فارمد پارس,9,8077,177047840,22360,21920,21920,-440,-1.97,22360,0,0.0,21920,21920,1399-12-26
720,ولغدر,ليزينگ‌خودروغدير,9,24790,545380000,22440,22000,22000,-440,-1.96,22440,0,0.0,22000,22000,1399-12-26
721,ضفار3001,اختيارخ فارس-9000-1400/03/05,9,38,83330000,1440,1890,2500,1060,73.61,2193,753,52.29,1890,2600,1399-12-26
722,كشرق,صنعتي و معدني شمال شرق شاهرود,9,1801,168694267,95578,93667,93667,-1911,-2.0,95571,-7,-0.01,93667,93667,1399-12-26
723,تملي803,تسهيلات مسكن ب. ملي-خرداد98,9,120,102532140,816559,816559,853099,36540,4.47,854434,37875,4.64,816559,857386,1399-12-26
724,تابان02,اجاره تابان لوتوس14021206,8,57000,56925000000,1000000,1000000,985000,-15000,-1.5,998684,-1316,-0.13,985000,1000000,1399-12-26
725,ضپنا2003,اختيارخ رمپنا-16000-1400/02/12,8,100,195000000,1224,1950,1950,726,59.31,1950,726,59.31,1950,1950,1399-12-26
726,قشهد,شهد,8,15441,309900870,20470,20070,20070,-400,-1.95,20470,0,0.0,20070,20070,1399-12-26
727,اشاد10,مشاركت دولتي10-شرايط خاص001226,8,19200,18248607400,952570,954999,941600,-10970,-1.15,950448,-2122,-0.22,941600,954999,1399-12-26
728,ضجار2006,اختيارخ وتجارت-4500-1400/02/22,8,770,31730000,35,39,45,10,28.57,41,6,17.14,39,45,1399-12-26
729,تابان042,اجاره تابان سپهر14031126,8,6200000,6185555400000,990000,1000000,1000000,10000,1.01,997670,7670,0.77,984000,1001111,1399-12-26
730,فنفت,صنايع تجهيزات نفت,8,2283,75261378,33638,32966,32966,-672,-2.0,33635,-3,-0.01,32966,32966,1399-12-26
731,كمرجان,بازرگاني و توليدي مرجان كار,8,560,80696560,147041,144101,144101,-2940,-2.0,147036,-5,0.0,144101,144101,1399-12-26
732,ضچاد2004,اختيارخ كچاد-20000-1400/02/05,7,34,142304000,3483,4001,4200,717,20.59,4185,702,20.16,4000,4500,1399-12-26
733,دحاوي,الحاوي,7,18707,224353051,12237,11993,11993,-244,-1.99,12234,-3,-0.02,11993,11993,1399-12-26
734,گپارس,امور رفاهي كارگزاران پارس,7,333,66749184,208799,200448,200448,-8351,-4.0,208770,-29,-0.01,200448,200448,1399-12-26
735,ضفلا3003,اختيارخ فولاد-10000-1400/03/19,7,129,561121000,3534,4343,4342,808,22.86,4350,816,23.09,4342,4350,1399-12-26
736,ضصاد3006,اختيارخ وبصادر-4500-1400/03/12,7,300,7800000,11,25,28,17,154.55,26,15,136.36,25,28,1399-12-26
737,طخود2005,اختيارف خودرو-2000-1400/02/08,7,113,5289000,67,63,42,-25,-37.31,47,-20,-29.85,42,63,1399-12-26
738,وزمين,بانك ايران زمين,7,17244,232397388,13752,13477,13477,-275,-2.0,13749,-3,-0.02,13477,13477,1399-12-26
739,ضجار2005,اختيارخ وتجارت-4000-1400/02/22,7,353,24907000,44,55,90,46,104.55,71,27,61.36,55,90,1399-12-26
740,بايكا,كارخانجات كابلسازي ‌ايران‌,7,3153,132060252,42738,41884,41884,-854,-2.0,42732,-6,-0.01,41884,41884,1399-12-26
741,اخزا804,اسنادخزانه-م4بودجه98-000421,7,6117,5737787042,936862,936013,938000,1138,0.12,938007,1145,0.12,936013,939000,1399-12-26
742,تملي704,تسهيلات مسكن ب. ملي-تير97,7,101,58340530,558847,530905,586780,27933,5.0,577629,18782,3.36,530905,586780,1399-12-26
743,زكشت,كشاورزي مكانيزه اصفهان كشت,7,1754,69544346,40458,39649,39649,-809,-2.0,40457,-1,0.0,39649,39649,1399-12-26
744,اخزا722,اسنادخزانه-م22بودجه97-000428,7,65400,61257623994,936138,936500,937999,1861,0.2,936661,523,0.06,933800,937999,1399-12-26
745,اخزا807,اسنادخزانه-م7بودجه98-000719,7,3077,2744916456,893079,893000,892001,-1078,-0.12,892076,-1003,-0.11,889817,894999,1399-12-26
746,زعف0008پ15,زعفران0008پوشالمعمول طلاسرخ(پ),6,1907,159957800,83182,85000,84500,1318,1.58,83879,697,0.84,83500,85000,1399-12-26
747,زعف0008پ12,زعفران0008پوشالمعمول سحرخيز(پ),6,1120,94319900,84156,86000,85999,1843,2.19,84214,58,0.07,84000,86000,1399-12-26
748,اخزا906,اسنادخزانه-م6بودجه99-020321,6,1000,672000000,670982,672000,672000,1018,0.15,672000,1018,0.15,672000,672000,1399-12-26
749,گواهي ظرفيت,گواهي ظرفيت نقدي,6,31857000,338926623000,10639,10639,10639,0,0.0,10639,0,0.0,10639,10639,1399-12-26
750,ضسپا3000,اختيارخ خساپا-1400-1400/03/26,6,11,11028000,994,995,1040,46,4.63,1003,9,0.91,994,1040,1399-12-26
751,زعف0008پ19,زعفران0008نگين تروند قاينات(پ),6,1400,166547500,119029,120900,120870,1841,1.55,118962,-67,-0.06,118000,120900,1399-12-26
752,اراد33,مرابحه عام دولت3-ش.خ 0303,6,11500,9844200000,871846,886200,853000,-18846,-2.16,856017,-15829,-1.82,853000,886200,1399-12-26
753,ضمخا7075,اختيارخ اخابر-9000-1400/07/28,6,40,124000000,2864,3100,3100,236,8.24,3100,236,8.24,3100,3100,1399-12-26
754,فسديد,لوله‌وتجهيزات‌ سديد - ورشكسته,6,22670,2605825820,117291,114946,114946,-2345,-2.0,116044,-1247,-1.06,114946,114946,1399-12-26
755,ضچاد2003,اختيارخ كچاد-18000-1400/02/05,6,14,75056000,5333,5000,5220,-113,-2.12,5361,28,0.53,5000,5500,1399-12-26
756,واحصا,احياء صنايع خراسان,6,633,45258867,72958,71499,71499,-1459,-2.0,72955,-3,0.0,71499,71499,1399-12-26
757,طلا2,صندوق س.پشتوانه طلاي لوتوس,6,600000,600000,74464,1,1,-74463,-100.0,1,-74463,-100.0,1,1,1399-12-26
758,ضفار3000,اختيارخ فارس-8000-1400/03/05,6,32,94128000,2372,2651,3290,918,38.7,2941,569,23.99,2651,3290,1399-12-26
759,حاريا,كشتيراني آريا,5,2705,76843640,28987,28408,28408,-579,-2.0,28985,-2,-0.01,28408,28408,1399-12-26
760,فملي4,ملي‌ صنايع‌ مس‌ ايران‌,5,2945271586,1502088508860,12610,510,510,-12100,-95.96,510,-12100,-95.96,510,510,1399-12-26
761,ضملت3004,اختيارخ وبملت-5000-1400/03/19,5,87,26850000,297,300,350,53,17.85,309,12,4.04,300,350,1399-12-26
762,ثروت,ص.خ.ثروت آفرين فيروزه 35%تاديه,5,6750,2177280000,336000,322560,322560,-13440,-4.0,322560,-13440,-4.0,322560,322560,1399-12-26
763,ياقوت2,صندوق س ياقوت آگاه-ثابت,5,1940000,1940000,12062,1,1,-12061,-99.99,1,-12061,-99.99,1,1,1399-12-26
764,ضبدر3001,اختيارخ شبندر-16000-1400/03/30,5,21,295000000,13250,14000,14500,1250,9.43,14048,798,6.02,14000,14500,1399-12-26
765,سكارون,سيمان كارون,5,480,83829120,178208,174644,174644,-3564,-2.0,178193,-15,-0.01,174644,174644,1399-12-26
766,ولراز,ليزينگ رازي,5,660,35566080,56133,53888,53888,-2245,-4.0,56129,-4,-0.01,53888,53888,1399-12-26
767,ثنام,س ساختماني ب نام آوران مهندسي,5,1977,32412915,16729,16395,16395,-334,-2.0,16728,-1,-0.01,16395,16395,1399-12-26
768,ضچاد2001,اختيارخ كچاد-14000-1400/02/05,4,5,48000000,10000,9500,9500,-500,-5.0,9600,-400,-4.0,9500,10000,1399-12-26
769,ضخود2011,اختيارخ خودرو-5000-1400/02/08,4,42,708000,10,11,17,7,70.0,17,7,70.0,11,17,1399-12-26
770,سنفت010,سلف موازي استاندارد سنفت010,4,334000,498776228000,1491120,1493342,1493342,2222,0.15,1493342,2222,0.15,1493342,1493342,1399-12-26
771,داراب,پتروشيمي داراب,4,24331,58491724,2453,2404,2404,-49,-2.0,2453,0,0.0,2404,2404,1399-12-26
772,تپولا,مهندسي مرآت پولاد,4,1450,52027450,36613,35881,35881,-732,-2.0,36611,-2,-0.01,35881,35881,1399-12-26
773,ضسپا3005,اختيارخ خساپا-3000-1400/03/26,4,21,3891000,143,101,189,46,32.17,185,42,29.37,101,190,1399-12-26
774,پلاست,كارخانجات توليدي پلاستيران,4,841,59579804,72289,70844,70844,-1445,-2.0,72285,-4,-0.01,70844,70844,1399-12-26
775,ثنظام,س. ساختماني نظام مهندسي ايران,4,3224,151328112,47895,46938,46938,-957,-2.0,47888,-7,-0.01,46938,46938,1399-12-26
776,آريان2,سرمايه گذاري پارس آريان,3,197400000,2312738400000,11375,11716,11716,341,3.0,11716,341,3.0,11716,11716,1399-12-26
777,ضصاد3004,اختيارخ وبصادر-3500-1400/03/12,3,18,1562000,84,99,79,-5,-5.95,87,3,3.57,79,99,1399-12-26
778,تشتاد,صنايع توليدي اشتاد ايران‌,3,2350,36255800,15742,15428,15428,-314,-1.99,15741,-1,-0.01,15428,15428,1399-12-26
779,كوثر2,بيمه كوثر,3,312365610,4864157278920,14691,15572,15572,881,6.0,15572,881,6.0,15572,15572,1399-12-26
780,فولاد4,فولاد مباركه اصفهان,3,942588466,339331847760,12740,360,360,-12380,-97.17,360,-12380,-97.17,360,360,1399-12-26
781,اخزا718,اسنادخزانه-م18بودجه97-000525,3,973,893977158,923927,915019,919526,-4401,-0.48,918784,-5143,-0.56,915019,919526,1399-12-26
782,ضفلا3000,اختيارخ فولاد-7000-1400/03/19,3,17,119000000,5600,7000,7000,1400,25.0,7000,1400,25.0,7000,7000,1399-12-26
783,كمند2,صندوق س. با درآمد ثابت كمند,3,210000000,210000000,10056,1,1,-10055,-99.99,1,-10055,-99.99,1,1,1399-12-26
784,پست0008پ04,پسته فندقي32-30سبزدانه0008(پ),3,27,36278940,1343682,1303245,1380000,36318,2.7,1343664,-18,0.0,1303245,1380000,1399-12-26
785,اراد77,مرابحه عام دولت77-ش.خ000812,3,600000,583227000000,978240,972045,972045,-6195,-0.63,972045,-6195,-0.63,972045,972045,1399-12-26
786,كاردان2,صندوق س تجارت شاخصي كاردان,3,300000,300000,156860,1,1,-156859,-100.0,1,-156859,-100.0,1,1,1399-12-26
787,ضسپا3001,اختيارخ خساپا-1600-1400/03/26,3,5,4850000,761,950,1000,239,31.41,970,209,27.46,950,1000,1399-12-26
788,رطب0002پ01,رطب مضافتي0002افشارتعاون بم(پ),3,106,19430436,177726,186612,180000,2274,1.28,183306,5580,3.14,180000,186612,1399-12-26
789,ضپنا2000,اختيارخ رمپنا-10000-1400/02/12,3,12,86398000,6500,7199,7200,700,10.77,7200,700,10.77,7199,7200,1399-12-26
790,شتهران,داروسازي تهران شيمي,3,3144,24714984,7707,7861,7861,154,2.0,7707,0,0.0,7861,7861,1399-12-26
791,تملي802,تسهيلات مسكن ب. ملي-ارديبهشت98,3,22,19799571,916647,962478,870815,-45832,-5.0,899980,-16667,-1.82,870815,962478,1399-12-26
792,سنفت009,سلف موازي استاندارد سنفت009,3,270000,400104360000,1481868,1481868,1481868,0,0.0,1481868,0,0.0,1481868,1481868,1399-12-26
793,پست0008پ08,پسته فندقي32-30مه ولات0008(پ),3,14,19755000,1382541,1440000,1415000,32459,2.35,1411071,28530,2.06,1370000,1440000,1399-12-26
794,ضخوز2016,اختيارخ فخوز-18000-1400/02/15,3,196,34380000,87,174,450,363,417.24,175,88,101.15,174,450,1399-12-26
795,ضپاس2000,اختيارخ وپارس-2000-1400/02/29,3,20,26000000,1284,1300,1300,16,1.25,1300,16,1.25,1300,1300,1399-12-26
796,زعف0008پ09,زعفران0008نگين نوين(پ),3,317,38930426,119069,123989,120000,931,0.78,122809,3740,3.14,119000,123989,1399-12-26
797,نبروج,نساجي بروجرد,3,754,4470466,5813,5929,5929,116,2.0,5813,0,0.0,5929,5929,1399-12-26
798,ضپاس2003,اختيارخ وپارس-3500-1400/02/29,3,3,600000,158,200,200,42,26.58,200,42,26.58,200,200,1399-12-26
799,اخزا716,اسنادخزانه-م16بودجه97-000407,3,3398,3204835389,944799,945000,943001,-1798,-0.19,943153,-1646,-0.17,943001,945000,1399-12-26
800,ضپنا2004,اختيارخ رمپنا-18000-1400/02/12,2,30,28500000,950,950,950,0,0.0,950,0,0.0,950,950,1399-12-26
801,شاراك4,پتروشيمي شازند,2,1072860504,1480547495520,25200,1380,1380,-23820,-94.52,1380,-23820,-94.52,1380,1380,1399-12-26
802,ضفلا3005,اختيارخ فولاد-14000-1400/03/19,2,9,12400000,948,2000,1300,352,37.13,1378,430,45.36,1300,2000,1399-12-26
803,ضچاد2000,اختيارخ كچاد-12000-1400/02/05,2,6,41250000,10500,1500,12250,1750,16.67,6875,-3625,-34.52,1500,12250,1399-12-26
804,اراد494,مرابحه عام دولت4-ش.خ 0206,2,21424000,19758326848000,990000,922004,922500,-67500,-6.82,922252,-67748,-6.84,922004,922500,1399-12-26
805,ضسپا3002,اختيارخ خساپا-1800-1400/03/26,2,2,1400000,656,700,700,44,6.71,700,44,6.71,700,700,1399-12-26
806,تسه99062,امتياز تسهيلات مسكن شهريور99,2,240,2400,594545,10,10,-594535,-100.0,10,-594535,-100.0,10,10,1399-12-26
807,اراد474,مرابحه عام دولت4-ش.خ 0008,2,5488000,5375808816000,960000,979614,979500,19500,2.03,979557,19557,2.04,979500,979614,1399-12-26
808,صفارس147,صكوك اجاره فارس147- 3ماهه18%,2,200,204522700,1045227,1000000,1045227,0,0.0,1022613,-22614,-2.16,1000000,1045227,1399-12-26
809,ضترا3000,اختيارخ شتران-6000-1400/03/09,2,2,9557000,3500,4777,4780,1280,36.57,4778,1278,36.51,4777,4780,1399-12-26
810,جم4,پتروشيمي جم,2,1286748562,3139666491280,36440,2440,2440,-34000,-93.3,2440,-34000,-93.3,2440,2440,1399-12-26
811,ضفلا3002,اختيارخ فولاد-9000-1400/03/19,2,51,265150000,4000,5200,5199,1199,29.98,5199,1199,29.98,5199,5200,1399-12-26
812,اراد454,مرابحه عام دولت4-ش.خ 0107,2,6316000,5972482234000,978000,945523,945700,-32300,-3.3,945611,-32389,-3.31,945523,945700,1399-12-26
813,ضپيك2008,اختيارخ تاپيكو-9000-00/02/19,2,10,44000000,3700,4400,4400,700,18.92,4400,700,18.92,4400,4400,1399-12-26
814,اخزا805,اسنادخزانه-م5بودجه98-000422,2,106,99152094,937835,935001,941999,4164,0.44,935397,-2438,-0.26,935001,941999,1399-12-26
815,ضفار3002,اختيارخ فارس-10000-1400/03/05,2,6,10662000,1200,1777,1777,577,48.08,1777,577,48.08,1777,1777,1399-12-26
816,ثاژن,سخت آژند,2,1894,18780904,10118,9916,9916,-202,-2.0,10118,0,0.0,9916,9916,1399-12-26
817,اراد584,مرابحه عام دولت5-ش.خ 0110,2,10602000,9915743142000,972287,935242,935300,-36987,-3.8,935271,-37016,-3.81,935242,935300,1399-12-26
818,اراد78,مرابحه عام دولت78-ش.خ001112,2,400000,384610000000,970000,961525,961525,-8475,-0.87,961525,-8475,-0.87,961525,961525,1399-12-26
819,اراد644,مرابحه عام دولتي64-ش.خ0111,2,14000000,13044115000000,944500,931745,931700,-12800,-1.36,931722,-12778,-1.35,931700,931745,1399-12-26
820,شستا004,اجاره تامين اجتماعي-نوين000523,2,3019,2972367000,991500,993000,984500,-7000,-0.71,984553,-6947,-0.7,984500,993000,1399-12-26
821,ضپيك2010,اختيارخ تاپيكو-12000-00/02/19,2,2,3902000,1677,1900,2002,325,19.38,1951,274,16.34,1900,2002,1399-12-26
822,ضمخا7066,اختيارخ اخابر-12000-1400/07/28,2,44,101156000,2500,2299,2299,-201,-8.04,2299,-201,-8.04,2299,2299,1399-12-26
823,كباده,توليد خاك نسوزاستقلال آباده,2,1300,11748100,8607,9037,9037,430,5.0,8607,0,0.0,9037,9037,1399-12-26
824,ضملي3001,اختيارخ فملي-9000-1400/03/02,2,30,149980000,4052,4999,5000,948,23.4,4999,947,23.37,4999,5000,1399-12-26
825,تملي708,تسهيلات مسكن ب. ملي-آبان97,2,22,11222402,519555,519555,493579,-25976,-5.0,510109,-9446,-1.82,493579,519555,1399-12-26
826,ضفلا3001,اختيارخ فولاد-8000-1400/03/19,2,6,38390000,4907,6400,6390,1483,30.22,6398,1491,30.39,6390,6400,1399-12-26
827,ميفروردي,ميان باري فروردين,2,13500,7110000,251000,470,560,-250440,-99.78,527,-250473,-99.79,470,560,1399-12-26
828,پافروردي,بار پايه فروردين,2,69500,23977500,345,345,345,0,0.0,345,0,0.0,345,345,1399-12-26
829,شبندر2,پالايش نفت بندرعباس,1,7150000,204776000000,27410,28640,28640,1230,4.49,28640,1230,4.49,28640,28640,1399-12-26
830,بهپاك2,صنعتي بهپاك,1,5500000,248275500000,45989,45141,45141,-848,-1.84,45141,-848,-1.84,45141,45141,1399-12-26
831,اراد794,مرابحه عام دولت79-ش.خ010612,1,4785554,4499999992820,1000000,940330,940330,-59670,-5.97,940330,-59670,-5.97,940330,940330,1399-12-26
832,ضخوز2013,اختيارخ فخوز-12000-1400/02/15,1,2,10000000,3850,5000,5000,1150,29.87,5000,1150,29.87,5000,5000,1399-12-26
833,زكوثر2,سرمايه گذاري كشاورزي كوثر,1,7000000,149870000000,21840,21410,21410,-430,-1.97,21410,-430,-1.97,21410,21410,1399-12-26
834,ضسپا3008,اختيارخ خساپا-4500-1400/03/26,1,1,39000,22,39,39,17,77.27,39,17,77.27,39,39,1399-12-26
835,صخود1404,صكوك رهني خودرو1404- 3ماهه 16%,1,10000,9270000000,924700,927000,927000,2300,0.25,927000,2300,0.25,927000,927000,1399-12-26
836,صخود14042,صكوك رهني خودرو1404- 3ماهه 16%,1,330000,305910000000,924700,927000,927000,2300,0.25,927000,2300,0.25,927000,927000,1399-12-26
837,تملي702,تسهيلات مسكن ب. ملي-ارديبهشت97,1,74,49439770,636291,668105,668105,31814,5.0,668105,31814,5.0,668105,668105,1399-12-26
838,كايتا,ايتالران‌,1,25133,244996484,9284,9748,9748,464,5.0,9289,5,0.05,9748,9748,1399-12-26
839,عيار2,صندوق س. پشتوانه طلاي مفيد,1,10000,10000,26594,1,1,-26593,-100.0,1,-26593,-100.0,1,1,1399-12-26
840,ملت4,بيمه ملت,1,41324999,79343998080,16800,1920,1920,-14880,-88.57,1920,-14880,-88.57,1920,1920,1399-12-26
841,ورنا4,سرمايه‌گذاري‌ رنا(هلدينگ‌,1,580508818,441186701680,5540,760,760,-4780,-86.28,760,-4780,-86.28,760,760,1399-12-26
842,مبين2,مبين انرژي خليج فارس,1,15000000,255000000000,17230,17000,17000,-230,-1.33,17000,-230,-1.33,17000,17000,1399-12-26
843,هاي وب2,داده گسترعصرنوين-هاي وب,1,47000000,493500000000,9970,10500,10500,530,5.32,10500,530,5.32,10500,10500,1399-12-26
844,تملي709,تسهيلات مسكن ب. ملي-آذر97,1,10,5511550,580163,551155,551155,-29008,-5.0,551155,-29008,-5.0,551155,551155,1399-12-26
845,پرفروردي,پر باري فروردين,1,15000,9150000,250000,610,610,-249390,-99.76,610,-249390,-99.76,610,610,1399-12-26
846,شستا0042,اجاره تامين اجتماعي-نوين000523,1,196981,193041380000,991500,980000,980000,-11500,-1.16,980000,-11500,-1.16,980000,980000,1399-12-26
847,تملي703,تسهيلات مسكن ب. ملي-خرداد97,1,21,11796645,534998,561745,561745,26747,5.0,561745,26747,5.0,561745,561745,1399-12-26
848,شيراز4,پتروشيمي‌شيراز,1,78447159,83153988540,54540,1060,1060,-53480,-98.06,1060,-53480,-98.06,1060,1060,1399-12-26
849,نكالا4,نهادهاي مالي بورس كالاي ايران,1,36674997,1466999880,33870,40,40,-33830,-99.88,40,-33830,-99.88,40,40,1399-12-26
850,تملي801,تسهيلات مسكن ب. ملي-فروردين98,1,18,11577474,677045,643193,643193,-33852,-5.0,643193,-33852,-5.0,643193,643193,1399-12-26
851,صمعاد2122,صكوك اجاره معادن212-6ماهه21%,1,800000,800000000000,1001006,1000000,1000000,-1006,-0.1,1000000,-1006,-0.1,1000000,1000000,1399-12-26
852,صفارس037,صكوك اجاره فارس037- 3ماهه18%,1,10,10345500,1044500,1034550,1034550,-9950,-0.95,1034550,-9950,-0.95,1034550,1034550,1399-12-26
853,صفارس1472,صكوك اجاره فارس147- 3ماهه18%,1,150000,150000000000,1045227,1000000,1000000,-45227,-4.33,1000000,-45227,-4.33,1000000,1000000,1399-12-26
854,اراد784,مرابحه عام دولت78-ش.خ001112,1,5200073,5000000191325,970000,961525,961525,-8475,-0.87,961525,-8475,-0.87,961525,961525,1399-12-26
855,فولاد2,فولاد مباركه اصفهان,1,6000000,81000000000,12740,13500,13500,760,5.97,13500,760,5.97,13500,13500,1399-12-26
856,وبملت2,بانك ملت,1,28986000,125509380000,4170,4330,4330,160,3.84,4330,160,3.84,4330,4330,1399-12-26
857,تملي705,تسهيلات مسكن ب. ملي-مرداد97,1,10,5241830,551771,524183,524183,-27588,-5.0,524183,-27588,-5.0,524183,524183,1399-12-26
858,ونوين4,بانك‌اقتصادنوين‌,1,474512075,156588984750,4470,330,330,-4140,-92.62,330,-4140,-92.62,330,330,1399-12-26
859,افران2,صندوق س افرا نماد پايدار-ثابت,1,100000,100000,12889,1,1,-12888,-99.99,1,-12888,-99.99,1,1,1399-12-26
860,اعتماد4,صندوق س.اعتماد آفرين پارسيان-د,1,10130000,358298100000,35354,35370,35370,16,0.05,35370,16,0.05,35370,35370,1399-12-26
861,صايپا203,صكوك مرابحه سايپا203-3ماهه 16%,1,7000,6685000000,970000,955000,955000,-15000,-1.55,955000,-15000,-1.55,955000,955000,1399-12-26
862,سميعا002,سلف موازي استاندارد سميعا002,1,5000,6471930000,1264480,1294386,1294386,29906,2.37,1294386,29906,2.37,1294386,1294386,1399-12-26
863,ضپنا2002,اختيارخ رمپنا-14000-1400/02/12,1,7,23800000,2976,3400,3400,424,14.25,3400,424,14.25,3400,3400,1399-12-26
864,اطلس2,صندوق س.توسعه اندوخته آينده-س,1,10000,10000,209461,1,1,-209460,-100.0,1,-209460,-100.0,1,1,1399-12-26
865,صگل309,صكوك اجاره گل گهر309-3ماهه20%,1,8500,8948545000,1052770,1052770,1052770,0,0.0,1052770,0,0.0,1052770,1052770,1399-12-26
866,مصفها012,مشاركت ش اصفهان012-3ماهه20%,1,3000,3051000000,1000000,1017000,1017000,17000,1.7,1017000,17000,1.7,1017000,1017000,1399-12-26
867,تملي701,تسهيلات مسكن ب. ملي-فروردين97,1,21,13154484,627120,626404,626404,-716,-0.11,626404,-716,-0.11,626404,626404,1399-12-26
868,فرابورس4,فرابورس ايران,1,7000000,504000000,32838,72,72,-32766,-99.78,72,-32766,-99.78,72,72,1399-12-26
869,كرماشا2,صنايع پتروشيمي كرمانشاه,1,2000000,80000000000,38630,40000,40000,1370,3.55,40000,1370,3.55,40000,40000,1399-12-26
870,اشاد102,مشاركت دولتي10-شرايط خاص001226,1,41,37187000,952570,907000,907000,-45570,-4.78,907000,-45570,-4.78,907000,907000,1399-12-26
871,تملي804,تسهيلات مسكن ب. ملي-تير98,1,8,6920176,865022,865022,865022,0,0.0,865022,0,0.0,865022,865022,1399-12-26
872,اشاد104,مشاركت دولتي10-شرايط خاص001226,1,196500,187180005000,952570,952570,952570,0,0.0,952570,0,0.0,952570,952570,1399-12-26
873,نتوس,پشم‌ بافي‌ توس,1,10000,215390000,21978,21539,21539,-439,-2.0,21973,-5,-0.02,21539,21539,1399-12-26
874,شپنا2,پالايش نفت اصفهان,1,4000000,57000000000,13470,14250,14250,780,5.79,14250,780,5.79,14250,14250,1399-12-26
875,كاوه2,فولاد كاوه جنوب كيش,1,22730000,500060000000,21110,22000,22000,890,4.22,22000,890,4.22,22000,22000,1399-12-26
876,ضملي3005,اختيارخ فملي-16000-1400/03/02,1,5,1250000,463,250,250,-213,-46.0,250,-213,-46.0,250,250,1399-12-26
877,فلوله4,لوله‌وماشين‌سازي‌ايران‌,1,113152825,125599635750,20970,1110,1110,-19860,-94.71,1110,-19860,-94.71,1110,1110,1399-12-26
878,وهور2,مديريت انرژي اميد  تابان هور,1,87290000,198933910000,2193,2279,2279,86,3.92,2279,86,3.92,2279,2279,1399-12-26
879,پا ر 3,بار پايه روز 3,1,38600,14899600,350,386,386,36,10.29,386,36,10.29,386,386,1399-12-26
880,ضخوز2014,اختيارخ فخوز-14000-1400/02/15,1,5,15000000,2250,3000,3000,750,33.33,3000,750,33.33,3000,3000,1399-12-26
881,وسينا2,بانك سينا,1,250000000,867500000000,3280,3470,3470,190,5.79,3470,190,5.79,3470,3470,1399-12-26
882,ضپيك2011,اختيارخ تاپيكو-14000-00/02/19,1,1,1200000,1100,1200,1200,100,9.09,1200,100,9.09,1200,1200,1399-12-26
883,ضچاد2002,اختيارخ كچاد-16000-1400/02/05,1,2,16000000,7400,8000,8000,600,8.11,8000,600,8.11,8000,8000,1399-12-26
884,صگل411,ص اجاره گل گهر 411- 3 ماهه 17%,1,5,5000000,1000000,1000000,1000000,0,0.0,1000000,0,0.0,1000000,1000000,1399-12-26
885,تكنار4,مجتمع معادن مس تكنار,1,23995816,39209163344,136615,1634,1634,-134981,-98.8,1634,-134981,-98.8,1634,1634,1399-12-26
886,اخزا9022,اسنادخزانه-م2بودجه99-011019,1,305419,212724333500,698812,696500,696500,-2312,-0.33,696500,-2312,-0.33,696500,696500,1399-12-26
887,سمگا2,گروه سرمايه گذاري ميراث فرهنگي,1,10000000,277350000000,27735,27735,27735,0,0.0,27735,0,0.0,27735,27735,1399-12-26
888,صخابر102,صكوك اجاره مخابرات-3 ماهه 16%,1,5000,4825000000,975000,965000,965000,-10000,-1.03,965000,-10000,-1.03,965000,965000,1399-12-26
889,كصدف,كاشي صدف سرام استقلال آباده,1,500,12519000,25548,25038,25038,-510,-2.0,25548,0,0.0,25038,25038,1399-12-26
890,اوصتا4,صندوق انديشه ورزان صباتامين -د,1,27600000,500664000000,18120,18140,18140,20,0.11,18140,20,0.11,18140,18140,1399-12-26
891,اراد814,مرابحه عام دولت81-ش.خ010812,1,21332651,20000000292030,1000000,937530,937530,-62470,-6.25,937530,-62470,-6.25,937530,937530,1399-12-26
892,امين4,تامين سرمايه امين,1,249750000,249750000000,10410,1000,1000,-9410,-90.39,1000,-9410,-90.39,1000,1000,1399-12-26
893,وصنا4,گروه‌صنايع‌بهشهرايران‌,1,703403511,689335440780,6300,980,980,-5320,-84.44,980,-5320,-84.44,980,980,1399-12-26
894,اراد774,مرابحه عام دولت77-ش.خ000812,1,3000000,2916135000000,978240,972045,972045,-6195,-0.63,972045,-6195,-0.63,972045,972045,1399-12-26
895,كشم0006پ02,كشمش تيزابي0006تاكستان(پ),1,500,114999000,229996,229998,229998,2,0.0,229998,2,0.0,229998,229998,1399-12-26
896,مبين012,اجاره اعتماد مبين تمدن010710,1,500,476500000,963000,953000,953000,-10000,-1.04,953000,-10000,-1.04,953000,953000,1399-12-26
897,وملي4,گروه‌ صنعتي‌ ملي‌ (هلدينگ‌,1,190274768,72304411840,169430,380,380,-169050,-99.78,380,-169050,-99.78,380,380,1399-12-26
898,اخزا8202,اسنادخزانه-م20بودجه98-020806,1,287267,169487530000,589699,590000,590000,301,0.05,590000,301,0.05,590000,590000,1399-12-26
899,ضملت3003,اختيارخ وبملت-4500-1400/03/19,1,10,5000000,489,500,500,11,2.25,500,11,2.25,500,500,1399-12-26
900,تملي706,تسهيلات مسكن ب. ملي-شهريور97,1,21,12647880,573746,602280,602280,28534,4.97,602280,28534,4.97,602280,602280,1399-12-26
901,وحافظ,بيمه حافظ,1,78,5190510,67903,66545,66545,-1358,-2.0,67902,-1,0.0,66545,66545,1399-12-26
902,ومعادن2,توسعه‌معادن‌وفلزات‌,1,2000000,27820000000,13180,13910,13910,730,5.54,13910,730,5.54,13910,13910,1399-12-26
903,ضخوز2015,اختيارخ فخوز-16000-1400/02/15,1,1,1111000,550,1111,1111,561,102.0,1111,561,102.0,1111,1111,1399-12-26
904,ضترا3001,اختيارخ شتران-7000-1400/03/09,1,1,3555000,2209,3555,3555,1346,60.93,3555,1346,60.93,3555,3555,1399-12-26
905,تملي612,تسهيلات مسكن بانك ملي-اسفند96,1,10,8506010,887957,850601,850601,-37356,-4.21,850601,-37356,-4.21,850601,850601,1399-12-26
906,تملي710,تسهيلات مسكن ب. ملي-دي97,1,10,5730220,603181,573022,573022,-30159,-5.0,573022,-30159,-5.0,573022,573022,1399-12-26
907,شكبير4,پتروشيمي اميركبير,1,101532646,248348852116,88194,2446,2446,-85748,-97.23,2446,-85748,-97.23,2446,2446,1399-12-26
908,شستا002,اجاره تامين اجتماعي-تمدن000523,1,3,3000000,1000000,1000000,1000000,0,0.0,1000000,0,0.0,1000000,1000000,1399-12-26
909,شرق1400,مشاركت ليزينگ ايران وشرق140010,1,5,5000000,1001600,1000000,1000000,-1600,-0.16,1000000,-1600,-0.16,1000000,1000000,1399-12-26
910,مصفها203,مشاركت ش اصفهان203-3ماهه18%,1,200,196800000,993000,984000,984000,-9000,-0.91,984000,-9000,-0.91,984000,984000,1399-12-26
911,دفرا4,فرآورده‌هاي‌ تزريقي‌ ايران‌,1,55623862,32818078580,26120,590,590,-25530,-97.74,590,-25530,-97.74,590,590,1399-12-26
912,ودي2,بيمه  دي,1,6500000,149480500000,23387,22997,22997,-390,-1.67,22997,-390,-1.67,22997,22997,1399-12-26
913,وبشهر4,توسعه‌ صنايع‌ بهشهر(هلدينگ,1,156039506,173203851660,11810,1110,1110,-10700,-90.6,1110,-10700,-90.6,1110,1110,1399-12-26
914,صنفت03122,صكوك منفعت نفت0312-6ماهه 18/5%,1,250000,250000000000,1000000,1000000,1000000,0,0.0,1000000,0,0.0,1000000,1000000,1399-12-26
915,كابگن,توليدي و صنعتي آبگينه‌,1,156,805116,5110,5161,5161,51,1.0,5110,0,0.0,5161,5161,1399-12-26
916,كهمدا2,شيشه‌ همدان‌,1,20000000,202000000000,9770,10100,10100,330,3.38,10100,330,3.38,10100,10100,1399-12-26
917,ضپاس2004,اختيارخ وپارس-4000-1400/02/29,1,8,1200000,150,150,150,0,0.0,150,0,0.0,150,150,1399-12-26
918,شپنا4,پالايش نفت اصفهان,1,32218214,11276374900,13470,350,350,-13120,-97.4,350,-13120,-97.4,350,350,1399-12-26
919,شپديس2,پتروشيمي پرديس,1,3000000,300000000000,97930,100000,100000,2070,2.11,100000,2070,2.11,100000,100000,1399-12-26
920,ومعادن4,توسعه‌معادن‌وفلزات‌,1,419001946,481852237900,13180,1150,1150,-12030,-91.27,1150,-12030,-91.27,1150,1150,1399-12-26
921,پاسا4,ايران‌ياساتايرورابر,1,170968616,157291126720,26900,920,920,-25980,-96.58,920,-25980,-96.58,920,920,1399-12-26
922,ضخوز2012,اختيارخ فخوز-10000-1400/02/15,1,1,6666000,5364,6666,6666,1302,24.27,6666,1302,24.27,6666,6666,1399-12-26
923,كپشير4,پشم‌شيشه‌ايران‌,1,4274261,4231518390,40890,990,990,-39900,-97.58,990,-39900,-97.58,990,990,1399-12-26
924,اخزا9032,اسنادخزانه-م3بودجه99-011110,1,400000,274800000000,688945,687000,687000,-1945,-0.28,687000,-1945,-0.28,687000,687000,1399-12-26
925,شخارك4,پتروشيمي‌ خارك‌,1,216322738,289872468920,44360,1340,1340,-43020,-96.98,1340,-43020,-96.98,1340,1340,1399-12-26
926,زير0003پ04,زيره سبز0003شركت مينوبذر(پ),1,12,5125200,434977,427100,427100,-7877,-1.81,427100,-7877,-1.81,427100,427100,1399-12-26
927,ضصاد3000,اختيارخ وبصادر-1800-1400/03/12,1,1,900000,805,900,900,95,11.8,900,95,11.8,900,900,1399-12-26
928,جوين4,كشت و صنعت جوين,1,841529154,40393399392,5722,48,48,-5674,-99.16,48,-5674,-99.16,48,48,1399-12-26
929,صشستا3112,صكوك اجاره شستا311-بدون ضامن,1,500000,500000000000,999981,1000000,1000000,19,0.0,1000000,19,0.0,1000000,1000000,1399-12-26
930,اراد22,مرابحه عام دولت2-ش.خ لوتوس0212,1,6000,5934000000,1000000,989000,989000,-11000,-1.1,989000,-11000,-1.1,989000,989000,1399-12-26
