,نماد,نام,تعداد,حجم,ارزش,دیروز,اولین,آخرین معامله - مقدار,آخرین معامله - تغییر,آخرین معامله - درصد,قیمت پایانی - مقدار,قیمت پایانی - تغییر,قیمت پایانی - درصد,کمترین,بیشترین,تاریخ
0,فملي,ملي‌ صنايع‌ مس‌ ايران‌,62001,252296660,6828173103080,27970,28700,27220,-750,-2.68,27060,-910,-3.25,26580,29260,1399-6-2
1,فولاد,فولاد مباركه اصفهان,56036,419529484,7060284429280,17570,17940,16700,-870,-4.95,16830,-740,-4.21,16700,18000,1399-6-2
2,آبادا,توليد نيروي برق آبادان,47715,26157184,830618939280,33250,34910,31590,-1660,-4.99,31750,-1500,-4.51,31590,34910,1399-6-2
3,دارا يكم,صندوق واسطه گري مالي يكم-سهام,43315,7634365,1353069903540,183550,188500,176000,-7550,-4.11,177230,-6320,-3.44,170100,194500,1399-6-2
4,ونيكي,سرمايه‌گذاري‌ ملي‌ايران‌,28096,193324901,8426230127210,44240,46450,42370,-1870,-4.23,43590,-650,-1.47,42030,46450,1399-6-2
5,شبندر,پالايش نفت بندرعباس,27546,116409325,4661464553230,41960,41600,39870,-2090,-4.98,40040,-1920,-4.58,39870,42990,1399-6-2
6,وتجارت,بانك تجارت,26100,978135658,2891570294630,3100,3000,2950,-150,-4.84,2960,-140,-4.52,2950,3100,1399-6-2
7,وبصادر,بانك صادرات ايران,23334,947959811,3197077552180,3530,3580,3360,-170,-4.82,3370,-160,-4.53,3360,3600,1399-6-2
8,صبا,سرمايه گذاري صبا تامين,22689,69162398,2146517505588,32620,31650,30998,-1622,-4.97,31036,-1584,-4.86,30989,32600,1399-6-2
9,وپارس,بانك‌پارسيان‌,19670,321992500,1860593947150,5940,5950,5650,-290,-4.88,5780,-160,-2.69,5650,6040,1399-6-2
10,امين,تامين سرمايه امين,19460,12497990,160849131300,12260,12870,12870,610,4.98,12870,610,4.98,12870,12870,1399-6-2
11,شپنا,پالايش نفت اصفهان,17092,63345064,2238602097640,36860,35550,35020,-1840,-4.99,35340,-1520,-4.12,35020,36800,1399-6-2
12,خساپا,سايپا,15490,276144592,996089948450,3740,3740,3560,-180,-4.81,3610,-130,-3.48,3560,3750,1399-6-2
13,شستا,سرمايه گذاري تامين اجتماعي,14761,18592465,811189247950,45920,43630,43630,-2290,-4.99,43630,-2290,-4.99,43630,43630,1399-6-2
14,وغدير,سرمايه‌گذاري‌غدير(هلدينگ‌,13632,130787199,2207540346210,17730,16900,16850,-880,-4.96,16880,-850,-4.79,16850,17400,1399-6-2
15,ولپارس,ليزينگ پارسيان,12952,1380431,5107594700,3530,3700,3700,170,4.82,3550,20,0.57,3700,3700,1399-6-2
16,ثبهساز,بهساز كاشانه تهران,12424,23668535,66508583350,2680,2810,2810,130,4.85,2810,130,4.85,2810,2810,1399-6-2
17,تاپيكو,س. نفت و گاز و پتروشيمي تأمين,12359,207716522,3959598306450,20020,19050,19140,-880,-4.4,19060,-960,-4.8,19020,19300,1399-6-2
18,شتران,پالايش نفت تهران,12046,78252524,2735708239040,36790,34960,34960,-1830,-4.97,34960,-1830,-4.97,34960,34960,1399-6-2
19,گدنا,تهيه توزيع غذاي دنا آفرين فدك,10991,1427958,9001847232,6004,6304,6304,300,5.0,6055,51,0.85,6304,6304,1399-6-2
20,زملارد,كشاورزي و دامپروري ملارد شير,10624,2323814,52560025052,21541,22618,22618,1077,5.0,22618,1077,5.0,22618,22618,1399-6-2
21,بگيلان,توسعه مسير برق گيلان,10333,490442,14238021702,27649,29031,29031,1382,5.0,28020,371,1.34,29031,29031,1399-6-2
22,فخوز,فولاد  خوزستان,9758,44667919,1769204986010,41070,41900,39100,-1970,-4.8,39610,-1460,-3.55,39020,43000,1399-6-2
23,وبانك,سرمايه گذاري گروه توسعه ملي,9447,128472199,2729133607980,22280,22350,21170,-1110,-4.98,21240,-1040,-4.67,21170,22700,1399-6-2
24,فسپا,گروه‌صنعتي‌سپاهان‌,8544,33177958,2015560315180,58140,61040,61040,2900,4.99,60750,2610,4.49,58140,61040,1399-6-2
25,خودرو,ايران‌ خودرو,8391,111652130,472288509900,4450,4230,4230,-220,-4.94,4230,-220,-4.94,4230,4230,1399-6-2
26,رافزا,رايان هم افزا,7705,45434,1270289206,26628,27959,27959,1331,5.0,26660,32,0.12,27959,27959,1399-6-2
27,ذوب,سهامي ذوب آهن  اصفهان,7669,50767550,370522778434,7660,7303,7277,-383,-5.0,7298,-362,-4.73,7277,7500,1399-6-2
28,سيتا,سرمايه گذاري سيمان تامين,7454,6051948,177867675720,30930,29390,29390,-1540,-4.98,29390,-1540,-4.98,29390,30930,1399-6-2
29,وگستر,گسترش سرمايه گذاري ايرانيان,7311,23137654,709136274341,30104,31609,29000,-1104,-3.67,30649,545,1.81,28599,31609,1399-6-2
30,حتايد,تايدواترخاورميانه,6706,39631484,1041216304720,26180,27450,25500,-680,-2.6,26270,90,0.34,24880,27480,1399-6-2
31,فارس,صنايع پتروشيمي خليج فارس,6367,44468475,1170227049480,27670,27000,26290,-1380,-4.99,26320,-1350,-4.88,26290,27200,1399-6-2
32,ماديرا,صنايع ماشين هاي اداري ايران,6310,13979246,718070511826,52949,53990,50302,-2647,-5.0,51367,-1582,-2.99,50302,54590,1399-6-2
33,فولاي,صنايع فولاد آلياژي يزد,5067,12967364,754049666637,58572,61500,55644,-2928,-5.0,58150,-422,-0.72,55644,61500,1399-6-2
34,غاذر,كشت‌وصنعت‌پياذر,4929,11172107,707526963220,63990,67180,60800,-3190,-4.99,63330,-660,-1.03,60800,67180,1399-6-2
35,ومعادن,توسعه‌معادن‌وفلزات‌,4854,56175535,885890301890,16550,16350,15730,-820,-4.95,15770,-780,-4.71,15730,16500,1399-6-2
36,اخابر,مخابرات ايران,4692,71690606,1790242174640,26280,24970,24970,-1310,-4.98,24970,-1310,-4.98,24970,25390,1399-6-2
37,ولغدر,ليزينگ‌خودروغدير,4656,31540665,623342260040,19450,20420,18480,-970,-4.99,19760,310,1.59,18480,20420,1399-6-2
38,غگيلا,شيرپاستوريزه پگاه گيلان,4597,128536,2008246464,14880,15624,15624,744,5.0,14908,28,0.19,15624,15624,1399-6-2
39,شيران,س. صنايع‌شيميايي‌ايران,4535,12318525,486017036100,40390,41500,38380,-2010,-4.98,39450,-940,-2.33,38380,41600,1399-6-2
40,پترولح,ح . گروه پتروشيمي س. ايرانيان,4002,20053983,238843064000,13020,13000,11720,-1300,-9.98,11910,-1110,-8.53,11720,13020,1399-6-2
41,پترول,گروه پتروشيمي س. ايرانيان,3997,21961354,307965406650,14720,14000,13990,-730,-4.96,14020,-700,-4.76,13990,14700,1399-6-2
42,بجهرم,توسعه مولد نيروگاهي جهرم,3936,23618885,135230032644,6007,5741,5707,-300,-4.99,5726,-281,-4.68,5707,5930,1399-6-2
43,كحافظ,كاشي‌ وسراميك‌ حافظ‌,3921,15821230,232631655520,14700,15430,14400,-300,-2.04,14700,0,0.0,13970,15430,1399-6-2
44,خبهمن,گروه‌بهمن‌,3636,16850210,668833999120,41650,40010,39570,-2080,-4.99,39690,-1960,-4.71,39570,40990,1399-6-2
45,تاپكيش,تجارت الكترونيك پارسيان كيش,3535,8814393,372941835616,40676,40000,42709,2033,5.0,42311,1635,4.02,40000,42709,1399-6-2
46,ونوين,بانك‌اقتصادنوين‌,3492,95861483,493613228750,5410,5170,5140,-270,-4.99,5150,-260,-4.81,5140,5300,1399-6-2
47,قشرين,قند شيرين خراسان,3178,18249436,404171752178,21607,22255,22255,648,3.0,22147,540,2.5,21700,22255,1399-6-2
48,كگل,معدني و صنعتي گل گهر,3151,30408911,538659652940,18570,18890,17650,-920,-4.95,17710,-860,-4.63,17650,18940,1399-6-2
49,بترانس,ايران‌ ترانسفو,2858,10101290,522174307100,54380,51690,51670,-2710,-4.98,51690,-2690,-4.95,51670,53000,1399-6-2
50,وهور,مديريت انرژي اميد  تابان هور,2719,13041435,531219738027,41153,43210,39099,-2054,-4.99,40733,-420,-1.02,39096,43210,1399-6-2
51,كچاد,معدني‌وصنعتي‌چادرملو,2691,23401094,382857514440,17130,16810,16280,-850,-4.96,16360,-770,-4.5,16280,17130,1399-6-2
52,قرن,پديده شيمي قرن,2592,4111599,236699420010,58790,59970,55860,-2930,-4.98,57570,-1220,-2.08,55860,61000,1399-6-2
53,دماوند,توليد نيروي برق دماوند,2555,4254076,241851234682,59804,56814,56814,-2990,-5.0,56852,-2952,-4.94,56814,58604,1399-6-2
54,ارزش,صندوق س ارزش آفرين بيدار-سهام,2476,12374568,127420411080,10400,10600,10270,-130,-1.25,10300,-100,-0.96,10100,10700,1399-6-2
55,حسير,ريل سير كوثر,2474,12338710,373519121030,29774,31262,28286,-1488,-5.0,30272,498,1.67,28286,31262,1399-6-2
56,شبريز,پالايش نفت تبريز,2433,2915730,126886848540,45740,43460,43460,-2280,-4.98,43520,-2220,-4.85,43460,45000,1399-6-2
57,شصدف,صنعتي دوده فام,2412,82002,1526549232,17730,18616,18616,886,5.0,17756,26,0.15,18616,18616,1399-6-2
58,آگاس,صندوق س.هستي بخش آگاه-س,2353,1198712,350858686029,308953,300000,284750,-24203,-7.83,292696,-16257,-5.26,284001,306900,1399-6-2
59,تملت,تامين سرمايه بانك ملت,2330,12248606,211043481380,18130,17230,17230,-900,-4.96,17230,-900,-4.96,17230,17230,1399-6-2
60,سرچشمه,سرمايه گذاري مس سرچشمه,2318,19161279,207672897611,11191,11525,10910,-281,-2.51,10838,-353,-3.15,10632,11630,1399-6-2
61,امين يكم,صندوق درآمد ثابت امين يكم فردا,2308,68956289,730702772320,10580,10580,10580,0,0.0,10600,20,0.19,10550,10630,1399-6-2
62,ختوقا,قطعات‌ اتومبيل‌ ايران‌,2292,14367645,82786362710,6020,5810,5720,-300,-4.98,5760,-260,-4.32,5720,5900,1399-6-2
63,خگستر,گسترش‌سرمايه‌گذاري‌ايران‌خودرو,2222,9983651,76774276190,8090,7690,7690,-400,-4.94,7810,-280,-3.46,7690,7690,1399-6-2
64,وسبحان,سرمايه گذاري سبحان,2171,24835645,264509816531,11190,10890,10690,-500,-4.47,10650,-540,-4.83,10631,11170,1399-6-2
65,شلعاب,لعابيران‌,2154,3308764,125498274160,38070,39930,36170,-1900,-4.99,37930,-140,-0.37,36170,39930,1399-6-2
66,ثاختح,ح . بين‌المللي‌توسعه‌ساختمان,2139,22133389,106534356870,5290,5010,4760,-530,-10.02,4810,-480,-9.07,4760,5160,1399-6-2
67,كاوه,فولاد كاوه جنوب كيش,2055,22174214,370483746870,17540,17730,16670,-870,-4.96,16710,-830,-4.73,16670,18000,1399-6-2
68,كمند,صندوق س. با درآمد ثابت كمند,2036,90023172,917195393060,10150,10160,10200,50,0.49,10190,40,0.39,10150,10230,1399-6-2
69,پارسان,گسترش نفت و گاز پارسيان,1929,15842935,438048194020,29090,27770,27640,-1450,-4.98,27650,-1440,-4.95,27640,28500,1399-6-2
70,وپاسار,بانك  پاسارگاد,1905,13858722,149324266560,11220,10900,10660,-560,-4.99,10770,-450,-4.01,10660,11220,1399-6-2
71,شبهرن,نفت‌ بهران‌,1891,1759333,139333138140,83320,79230,79160,-4160,-4.99,79200,-4120,-4.94,79160,82000,1399-6-2
72,حريل,ريل پردازسير,1878,12685407,71993825110,5881,5721,5587,-294,-5.0,5675,-206,-3.5,5587,5989,1399-6-2
73,سباقر,سيمان باقران,1854,10328035,160236501907,15053,15805,15805,752,5.0,15515,462,3.07,14301,15805,1399-6-2
74,ثامان,سامان‌ گستراصفهان‌,1811,5773590,148832838200,25840,27130,24550,-1290,-4.99,25780,-60,-0.23,24550,27130,1399-6-2
75,كرمان,س. توسعه و عمران استان كرمان,1811,1723496,210645591649,126304,125000,119989,-6315,-5.0,122220,-4084,-3.23,119989,129890,1399-6-2
76,غسالم,سالمين‌,1794,6000831,44593005890,7820,7430,7430,-390,-4.99,7440,-380,-4.86,7430,7500,1399-6-2
77,دي,بانك دي,1790,2857572,164401832304,60559,57532,57532,-3027,-5.0,57532,-3027,-5.0,57532,57532,1399-6-2
78,وصندوق,سرمايه‌گذاري‌صندوق‌بازنشستگي‌,1749,25294807,480429617540,19970,19100,18980,-990,-4.96,18990,-980,-4.91,18980,19800,1399-6-2
79,ولساپا,ليزينگ رايان‌ سايپا,1730,16847377,102598348110,6390,6090,6080,-310,-4.85,6090,-300,-4.69,6080,6270,1399-6-2
80,اعتماد,صندوق س.اعتماد آفرين پارسيان-د,1730,74232310,2376452990150,31999,32000,32001,2,0.01,32014,15,0.05,32000,32021,1399-6-2
81,ولصنم,ليزينگ‌صنعت‌ومعدن‌,1727,18195789,236761125660,13680,13320,13000,-680,-4.97,13010,-670,-4.9,13000,13680,1399-6-2
82,خپارس,پارس‌ خودرو,1700,13353005,170784933950,13460,12790,12790,-670,-4.98,12790,-670,-4.98,12790,12790,1399-6-2
83,واميد,گروه مديريت سرمايه گذاري اميد,1686,16387374,629653088720,40130,39100,39200,-930,-2.32,38420,-1710,-4.26,38130,39960,1399-6-2
84,ولملت,واسپاري ملت,1684,7543069,97643714110,12450,11910,13070,620,4.98,12940,490,3.94,11910,13070,1399-6-2
85,غويتا,ويتانا,1667,6787495,415690976106,63908,60800,60713,-3195,-5.0,61244,-2664,-4.17,60713,66500,1399-6-2
86,ثنام,س ساختماني ب نام آوران مهندسي,1640,5975293,150784563197,24979,26227,23731,-1248,-5.0,25235,256,1.02,23731,26227,1399-6-2
87,ستران,سيمان‌ تهران‌,1610,2299292,124512358520,55110,54370,52360,-2750,-4.99,54150,-960,-1.74,52360,56150,1399-6-2
88,تيپيكو,سرمايه گذاري دارويي تامين,1609,15693983,800435774080,53580,54900,50910,-2670,-4.98,51000,-2580,-4.82,50910,54900,1399-6-2
89,شگويا,پتروشيمي تندگويان,1602,4353615,84016062270,20313,19298,19298,-1015,-5.0,19546,-767,-3.78,19298,19298,1399-6-2
90,حكشتيح,ح . كشتيراني ج. ا. ا,1578,5714997,266065837540,51240,48130,46120,-5120,-9.99,46560,-4680,-9.13,46120,50000,1399-6-2
91,كويرح,ح. توليدي فولاد سپيد فراب كوير,1560,6448915,78423629790,13320,12620,11990,-1330,-9.98,12160,-1160,-8.71,11990,13000,1399-6-2
92,سدبير,س. تدبيرگران فارس وخوزستان,1553,6497096,143620089797,21341,22408,22408,1067,5.0,22105,764,3.58,20690,22408,1399-6-2
93,كنور,توسعه معدني و صنعتي صبانور,1521,2862079,144091073490,52040,52500,49440,-2600,-5.0,50340,-1700,-3.27,49440,52500,1399-6-2
94,رتاپ,تجارت الكترونيك  پارسيان,1506,6575824,96078840190,15360,14600,14600,-760,-4.95,14610,-750,-4.88,14600,15190,1399-6-2
95,البرز,بيمه البرز,1492,15584744,262777270950,17740,16860,16860,-880,-4.96,16860,-880,-4.96,16860,17410,1399-6-2
96,والبر,سرمايه‌ گذاري‌ البرز(هلدينگ‌,1486,10697306,234993396580,23100,21990,21950,-1150,-4.98,21970,-1130,-4.89,21950,22900,1399-6-2
97,شكلر,نيروكلر,1484,5302426,247430880550,49060,47000,47000,-2060,-4.2,46660,-2400,-4.89,46610,48000,1399-6-2
98,وشمال,س. چشم انداز توسعه شمال,1472,1291212,136705283303,105512,108677,108390,2878,2.73,105874,362,0.34,102347,108677,1399-6-2
99,حكشتي,كشتيراني جمهوري اسلامي ايران,1451,726958,46016441400,66630,63300,63300,-3330,-5.0,65240,-1390,-2.09,63300,63300,1399-6-2
100,رمپنا,گروه مپنا (سهامي عام),1443,25737810,1036718986800,42390,40280,40280,-2110,-4.98,40280,-2110,-4.98,40280,40280,1399-6-2
101,ثاخت,بين‌المللي‌توسعه‌ساختمان,1440,7840375,51040841250,6850,6510,6510,-340,-4.96,6510,-340,-4.96,6510,6510,1399-6-2
102,زنجان,صنايع كشاورزي وكود زنجان,1440,17867019,149786760538,8613,8355,8355,-258,-3.0,8383,-230,-2.67,8355,8870,1399-6-2
103,وايران,ليزينگ ايرانيان,1439,5634670,82338524290,14790,14200,14060,-730,-4.94,14610,-180,-1.22,14060,15380,1399-6-2
104,زكوثر,سرمايه گذاري كشاورزي كوثر,1413,2029332,58820124560,30380,29220,28870,-1510,-4.97,28980,-1400,-4.61,28870,29980,1399-6-2
105,وآيند,بانك  آينده,1387,10064653,309679308157,31396,30769,30769,-627,-2.0,30769,-627,-2.0,30769,30769,1399-6-2
106,وبيمه,سرمايه‌ گذاري‌ صنعت‌ بيمه‌,1377,10884252,79944740640,7720,7340,7340,-380,-4.92,7340,-380,-4.92,7340,7700,1399-6-2
107,فروي,ذوب روي اصفهان,1373,1731942,124871663510,75458,72050,71686,-3772,-5.0,72099,-3359,-4.45,71686,75450,1399-6-2
108,كفرآور,فرآورده هاي سيمان شرق,1369,11637001,203738981648,17200,17716,17716,516,3.0,17508,308,1.79,16684,17716,1399-6-2
109,نوري,پتروشيمي نوري,1317,1170869,170020653080,152240,149990,144630,-7610,-5.0,145210,-7030,-4.62,144630,149990,1399-6-2
110,رانفور,خدمات‌انفورماتيك‌,1253,5489074,188766932690,36170,34520,34370,-1800,-4.98,34390,-1780,-4.92,34370,35500,1399-6-2
111,سنير,سيمان‌ سفيد ني‌ريز,1244,849153,87311004930,100660,105690,95630,-5030,-5.0,102820,2160,2.15,95630,105690,1399-6-2
112,پارس,پتروشيمي پارس,1236,1571514,215403964890,143450,140620,136280,-7170,-5.0,137070,-6380,-4.45,136280,141990,1399-6-2
113,آريا,پليمر آريا ساسول,1236,413256,65253948912,166212,157902,157902,-8310,-5.0,160204,-6008,-3.61,157902,157902,1399-6-2
114,وتوسم,سرمايه‌گذاري‌توسعه‌ملي‌,1235,9878602,141769705510,15040,15120,14290,-750,-4.99,14350,-690,-4.59,14290,15480,1399-6-2
115,مبين,مبين انرژي خليج فارس,1224,10913663,259700604110,25030,24200,23800,-1230,-4.91,23800,-1230,-4.91,23780,24890,1399-6-2
116,تنوين,تامين سرمايه نوين,1215,13157640,160764134470,12850,12260,12210,-640,-4.98,12220,-630,-4.9,12210,12370,1399-6-2
117,شاراك,پتروشيمي شازند,1211,7220351,161592225150,23510,22900,22340,-1170,-4.98,22380,-1130,-4.81,22340,23230,1399-6-2
118,بركت,گروه دارويي بركت,1210,1191806,32977272020,29120,27670,27670,-1450,-4.98,28380,-740,-2.54,27670,27670,1399-6-2
119,افقح,ح .فروشگاه زنجيره اي افق كوروش,1192,2226208,121988513714,60115,60980,57000,-3115,-5.18,54797,-5318,-8.85,54100,60980,1399-6-2
120,ختورح,ح . رادياتور ايران‌,1192,1663146,47750644130,31270,30000,28660,-2610,-8.35,28710,-2560,-8.19,28140,31500,1399-6-2
121,وخاور,بانك خاورميانه,1170,16670417,177214236110,11180,10630,10630,-550,-4.92,10630,-550,-4.92,10630,10670,1399-6-2
122,افق,فروشگاههاي زنجيره اي افق كوروش,1166,736165,50969752900,71950,71950,68360,-3590,-4.99,70290,-1660,-2.31,68360,71950,1399-6-2
123,فجام,جام‌دارو,1158,1171655,75986030510,66130,67500,62830,-3300,-4.99,64850,-1280,-1.94,62830,69000,1399-6-2
124,كيميا,معدني كيمياي زنجان گستران,1129,1367487,52594682496,39211,39990,37251,-1960,-5.0,38461,-750,-1.91,37251,40700,1399-6-2
125,غپينو,پارس‌ مينو,1127,4102932,33331942970,8530,8120,8110,-420,-4.92,8240,-290,-3.4,8110,8400,1399-6-2
126,ودي,بيمه  دي,1124,5029746,138181121669,28402,28770,26982,-1420,-5.0,27473,-929,-3.27,26982,29200,1399-6-2
127,غگل,گلوكوزان‌,1123,5539240,54893868400,10430,9910,9910,-520,-4.99,9910,-520,-4.99,9910,9910,1399-6-2
128,شپلي,پلي اكريل ايران,1120,9141501,103856592861,11712,11361,11361,-351,-3.0,11361,-351,-3.0,11361,11361,1399-6-2
129,ومهان,گروه توسعه مالي مهر آيندگان,1102,3959738,76918513668,20430,19409,19409,-1021,-5.0,19435,-995,-4.87,19409,19991,1399-6-2
130,سرو,صندوق س سروسودمند مدبران-سهام,1084,1944590,122286784620,64460,64510,63090,-1370,-2.13,62890,-1570,-2.44,61000,65500,1399-6-2
131,كگهر,سنگ آهن گهرزمين,1078,4100091,180733704674,46054,46900,43752,-2302,-5.0,44080,-1974,-4.29,43752,47300,1399-6-2
132,فولاژ,فولاد آلياژي ايران,1062,2394424,63693163160,27740,28850,26360,-1380,-4.97,26600,-1140,-4.11,26360,28850,1399-6-2
133,وكار,بانك‌ كارآفرين‌,1041,3834224,57379173050,15200,15960,14440,-760,-5.0,14970,-230,-1.51,14440,15960,1399-6-2
134,قثابت,قند ثابت‌ خراسان‌,1000,841888,87118658510,108120,103300,102720,-5400,-4.99,103480,-4640,-4.29,102720,108120,1399-6-2
135,كاما,باما,1000,326953,72505097280,233430,221760,221760,-11670,-5.0,223890,-9540,-4.09,221760,221760,1399-6-2
136,كسرام,پارس‌ سرام‌,974,278912,36759341970,138140,131280,131240,-6900,-4.99,133210,-4930,-3.57,131240,136990,1399-6-2
137,ولانا,شركت ليزينگ آريا دانا,963,4193787,104844766284,24613,25351,24613,0,0.0,25000,387,1.57,23875,25351,1399-6-2
138,ملت,بيمه ملت,961,10130346,170727458940,17070,16510,16220,-850,-4.98,16850,-220,-1.29,16220,17070,1399-6-2
139,ثفارس,عمران‌وتوسعه‌فارس‌,946,3993053,58481987360,15340,14800,14580,-760,-4.95,14650,-690,-4.5,14580,14900,1399-6-2
140,فسازان,غلتك سازان سپاهان,931,2895713,115588065700,41570,40000,39500,-2070,-4.98,39920,-1650,-3.97,39500,41930,1399-6-2
141,قجام,فرآوردههاي غذايي وقندتربت‌جام‌,922,4611112,106387487504,22977,23666,23000,23,0.1,23072,95,0.41,22288,23666,1399-6-2
142,شپديس,پتروشيمي پرديس,916,6242191,564929157310,95200,92000,90440,-4760,-5.0,90500,-4700,-4.94,90440,94970,1399-6-2
143,بكاب,صنايع‌جوشكاب‌يزد,915,328870,43278603640,128360,134770,131000,2640,2.06,131040,2680,2.09,122010,134770,1399-6-2
144,مرقام,ايران‌ارقام‌,914,1117115,38893173810,36560,34770,34740,-1820,-4.98,35080,-1480,-4.05,34740,35820,1399-6-2
145,تسه9904,امتياز تسهيلات مسكن تير99,912,48939,37246384439,730397,742000,766916,36519,5.0,761078,30681,4.2,742000,766916,1399-6-2
146,بپاس,بيمه پاسارگاد,906,865854,74323668714,88692,84339,84258,-4434,-5.0,86499,-2193,-2.47,84258,88691,1399-6-2
147,دمعيار,صندوق س. توازن معيار-د,899,37062198,370913106250,10006,10018,10007,1,0.01,10008,2,0.02,10002,10023,1399-6-2
148,فخاسح,ح . فولاد خراسان,897,841731,24323972180,30960,30000,28180,-2780,-8.98,28900,-2060,-6.65,27870,30950,1399-6-2
149,شمواد,توليد مواداوليه الياف مصنوعي,857,1526979,87253107039,55477,57141,57141,1664,3.0,57141,1664,3.0,57141,57141,1399-6-2
150,قشهد,شهد,853,2169810,85482162730,39070,41020,37400,-1670,-4.27,39400,330,0.84,37120,41020,1399-6-2
151,گكوثر,هتل پارسيان كوثر اصفهان,843,506723,95409046158,193549,196099,183872,-9677,-5.0,188286,-5263,-2.72,183872,197400,1399-6-2
152,اطلس,صندوق س.توسعه اندوخته آينده-س,831,1168480,225127702041,208679,205000,191800,-16879,-8.09,192667,-16012,-7.67,191000,205800,1399-6-2
153,كاريس,صندوق س.سپهر كاريزما-س,810,714762,152965455439,230552,227001,213000,-17552,-7.61,214009,-16543,-7.18,209010,228449,1399-6-2
154,هرمز,فولاد هرمزگان جنوب,806,4929064,58206257411,12383,12000,11764,-619,-5.0,12079,-304,-2.45,11764,12270,1399-6-2
155,وخارزم,سرمايه گذاري خوارزمي,806,8448564,140922047520,17550,16680,16680,-870,-4.96,16680,-870,-4.96,16680,16680,1399-6-2
156,ثشاهد,سرمايه‌ گذاري‌ شاهد,788,460649,29840842220,68180,64780,64780,-3400,-4.99,67080,-1100,-1.61,64780,64780,1399-6-2
157,خمحركه,نيرو محركه‌,786,1487639,18654993060,13200,12540,12540,-660,-5.0,12930,-270,-2.05,12540,12540,1399-6-2
158,بفجر,فجر انرژي خليج فارس,780,5158382,142513404460,28960,29000,27600,-1360,-4.7,27630,-1330,-4.59,27520,29490,1399-6-2
159,تليسه,دامداري تليسه نمونه,774,660805,51490960174,81813,78300,77723,-4090,-5.0,77922,-3891,-4.76,77723,81813,1399-6-2
160,بورس,بورس اوراق بهادار تهران,773,986579,100501750240,107190,101840,101840,-5350,-4.99,101870,-5320,-4.96,101840,104200,1399-6-2
161,ثشرقح,ح. سرمايه گذاري مسكن شمال شرق,772,2350003,11822238800,5530,5580,5090,-440,-7.96,5030,-500,-9.04,4980,5580,1399-6-2
162,وصنعت,سرمايه گذاري توسعه صنعت وتجارت,769,4809293,54200732110,11860,11270,11270,-590,-4.97,11270,-590,-4.97,11270,11270,1399-6-2
163,ثاصفا,شركت‌ ساختمان‌ اصفهان‌,766,2932001,74673656312,25071,25823,24319,-752,-3.0,25468,397,1.58,24319,25823,1399-6-2
164,شخارك,پتروشيمي‌ خارك‌,761,2652316,107249613680,42540,40470,40420,-2120,-4.98,40440,-2100,-4.94,40420,40900,1399-6-2
165,ثقزوي,شركت عمران و سازندگي قزوين,760,2457838,42795072188,17183,17600,17320,137,0.8,17412,229,1.33,16668,17698,1399-6-2
166,شتوكا,توكا رنگ فولاد سپاهان,760,1259463,50361540150,41038,40010,40229,-809,-1.97,39987,-1051,-2.56,38996,41800,1399-6-2
167,شفن,پتروشيمي فناوران,759,807265,222089857120,288290,301000,273880,-14410,-5.0,275110,-13180,-4.57,273880,301000,1399-6-2
168,واتي,سرمايه‌ گذاري‌ آتيه‌ دماوند,741,8205720,129337715920,16560,15920,15740,-820,-4.95,15760,-800,-4.83,15740,16300,1399-6-2
169,وتوكا,سرمايه‌گذاري‌توكافولاد(هلدينگ,740,6344395,83214189200,13630,13010,12950,-680,-4.99,13120,-510,-3.74,12950,13590,1399-6-2
170,فرابورس,فرابورس ايران,736,811932,44345290044,57491,54617,54617,-2874,-5.0,55408,-2083,-3.62,54617,54617,1399-6-2
171,تكشاح,ح . صنايع‌وخدمات‌كشاورزي‌,735,1107355,46140517800,43410,43420,41840,-1570,-3.62,41670,-1740,-4.01,40010,44500,1399-6-2
172,خودكفا,اقتصادي و خودكفايي آزادگان,731,376023,58137245431,159036,154265,154265,-4771,-3.0,154611,-4425,-2.78,154265,160000,1399-6-2
173,حفارس,حمل و نقل بين المللي خليج فارس,714,6593041,45396357250,7230,6870,6870,-360,-4.98,6890,-340,-4.7,6870,7100,1399-6-2
174,وآوا,سرمايه گذاري آوا نوين,700,2709464,42558948681,16369,16000,15551,-818,-5.0,15773,-596,-3.64,15551,16500,1399-6-2
175,كرماشا,صنايع پتروشيمي كرمانشاه,688,3751421,139291579570,38930,38000,37010,-1920,-4.93,37130,-1800,-4.62,36990,40700,1399-6-2
176,دفارا,داروسازي‌ فارابي‌,687,1075431,75486825120,73790,71500,70110,-3680,-4.99,70190,-3600,-4.88,70110,73780,1399-6-2
177,كاردان,صندوق س تجارت شاخصي كاردان,682,264078,48969166640,193980,195510,181500,-12480,-6.43,185430,-8550,-4.41,179500,196890,1399-6-2
178,خمحور,توليدمحورخودرو,676,1008679,70878107490,72020,74000,68420,-3600,-5.0,70270,-1750,-2.43,68420,74000,1399-6-2
179,جم,پتروشيمي جم,671,4707544,189781849930,42410,41500,40290,-2120,-5.0,40310,-2100,-4.95,40290,41500,1399-6-2
180,پارند,صندوق س. پارند پايدار سپهر,662,21471288,250592634620,11620,11620,11740,120,1.03,11670,50,0.43,11610,11750,1399-6-2
181,همراه,شركت ارتباطات سيار ايران,653,1784726,100587157360,59320,56360,56360,-2960,-4.99,56360,-2960,-4.99,56360,56360,1399-6-2
182,ومعلم,بيمه معلم,652,2308424,41055313895,17916,18205,17021,-895,-5.0,17811,-105,-0.59,17021,18811,1399-6-2
183,مارون,پتروشيمي مارون,650,1891318,230231523425,128123,126700,121717,-6406,-5.0,121731,-6392,-4.99,121717,126700,1399-6-2
184,وسپه,سرمايه‌گذاري‌ سپه‌,641,3233724,50306546480,16290,15580,15480,-810,-4.97,15560,-730,-4.48,15480,15970,1399-6-2
185,آپ,آسان پرداخت پرشين,637,1660445,45750535180,28860,27530,27420,-1440,-4.99,27550,-1310,-4.54,27420,29300,1399-6-2
186,سيدكو,سرمايه گذاري توسعه صنايع سيمان,628,5511393,53120323110,10130,9630,9630,-500,-4.94,9640,-490,-4.84,9630,10000,1399-6-2
187,خصدرا,صنعتي‌ دريايي‌ ايران‌,627,4293218,32224894308,7738,7506,7506,-232,-3.0,7643,-95,-1.23,7506,7506,1399-6-2
188,سشرق,سيمان‌ شرق‌,625,2304354,22660646840,10340,9830,9830,-510,-4.93,10090,-250,-2.42,9830,10000,1399-6-2
189,كلر,كلر پارس,621,449298,38075485002,88999,84560,84550,-4449,-5.0,85480,-3519,-3.95,84550,88000,1399-6-2
190,وايرا,سرمايه گذاري صنايع ايران,611,8085930,79721007709,9710,10001,9419,-291,-3.0,9859,149,1.53,9419,10001,1399-6-2
191,وبهمن,سرمايه‌گذاري‌بهمن‌,608,4315243,101234406710,24620,23390,23390,-1230,-5.0,23460,-1160,-4.71,23390,24600,1399-6-2
192,فاراك,ماشين‌ سازي‌ اراك‌,607,5225067,78010250310,15710,14930,14930,-780,-4.96,14930,-780,-4.96,14930,14930,1399-6-2
193,گوهران,سرمايه گذاري توسعه گوهران اميد,607,2326154,23288227935,10521,10100,9995,-526,-5.0,10267,-254,-2.41,9995,10500,1399-6-2
194,سيمرغ,سيمرغ,606,1742784,41081128640,24780,23550,23550,-1230,-4.96,23700,-1080,-4.36,23550,24410,1399-6-2
195,فاما,صنعتي‌ آما,601,1931665,42478527800,23120,22100,21970,-1150,-4.97,22070,-1050,-4.54,21970,23000,1399-6-2
196,دكپسول,توليد ژلاتين كپسول ايران,601,750273,32770310672,44329,46000,42113,-2216,-5.0,43894,-435,-0.98,42113,46540,1399-6-2
197,وسكاب,س.ص.بازنشستگي كاركنان بانكها,599,4321070,29229632510,7070,6830,6720,-350,-4.95,6880,-190,-2.69,6720,6900,1399-6-2
198,دعبيد,لابراتوارداروسازي‌  دكترعبيدي‌,598,528396,17850173610,35510,33760,33740,-1770,-4.98,35000,-510,-1.44,33740,34500,1399-6-2
199,فسرب,ملي‌ سرب‌وروي‌ ايران‌,597,247156,34458483760,143030,146300,135880,-7150,-5.0,140490,-2540,-1.78,135880,148990,1399-6-2
200,شرانل,نفت ايرانول,584,2013488,61854606687,32334,30718,30718,-1616,-5.0,30720,-1614,-4.99,30718,31500,1399-6-2
201,سمگا,گروه سرمايه گذاري ميراث فرهنگي,583,2007188,37411977132,19620,18639,18639,-981,-5.0,18819,-801,-4.08,18639,18639,1399-6-2
202,قشير,قند شيروان قوچان و بجنورد,574,2208080,77931975520,37151,35294,35294,-1857,-5.0,35294,-1857,-5.0,35294,35294,1399-6-2
203,نوين,بيمه نوين,572,5706216,38117583366,7031,6680,6680,-351,-4.99,6742,-289,-4.11,6680,6700,1399-6-2
204,آتيمس,صندوق س.آرمان آتيه درخشان مس-س,570,234102,58191146060,261861,260989,243101,-18760,-7.16,248572,-13289,-5.07,240010,260989,1399-6-2
205,خديزل,بهمن  ديزل,564,2792383,141194146953,53156,53000,50499,-2657,-5.0,50564,-2592,-4.88,50499,53000,1399-6-2
206,وساخت,سرمايه‌ گذاري‌ ساختمان‌ايران‌,560,1824328,99126511110,57160,55160,54310,-2850,-4.99,54340,-2820,-4.93,54310,56900,1399-6-2
207,آكورد,صندوق س. آرمان آتي كوثر-د,556,9143141,260263777764,28454,28569,28500,46,0.16,28465,11,0.04,28330,28569,1399-6-2
208,شاوان,پالايش نفت لاوان,551,692583,86747079933,131592,126110,125013,-6579,-5.0,125252,-6340,-4.82,125013,130000,1399-6-2
209,زاگرس,پتروشيمي زاگرس,546,817021,117865201804,151571,146000,143993,-7578,-5.0,144262,-7309,-4.82,143993,149590,1399-6-2
210,ثنور,سرمايه گذاري كوه نور,544,4192686,38206077852,9338,9058,9058,-280,-3.0,9113,-225,-2.41,9058,9490,1399-6-2
211,كهمدا,شيشه‌ همدان‌,543,1171959,32511744880,29140,27780,27690,-1450,-4.98,28140,-1000,-3.43,27690,28700,1399-6-2
212,كالا,بورس كالاي ايران,540,993066,51907559820,55020,52270,52270,-2750,-5.0,52290,-2730,-4.96,52270,52270,1399-6-2
213,وپترو,سرمايه‌گذاري صنايع پتروشيمي‌,536,2014458,34637320370,18030,17400,17130,-900,-4.99,17400,-630,-3.49,17130,17600,1399-6-2
214,طلا,صندوق س.پشتوانه طلاي لوتوس,535,517333,46440776438,88268,89527,89400,1132,1.28,89770,1502,1.7,89020,91101,1399-6-2
215,سكرد,سيمان كردستان,530,1516281,18201186170,12470,11910,11850,-620,-4.97,12290,-180,-1.44,11850,12800,1399-6-2
216,پكرمان,گروه‌ صنعتي‌ بارز,529,2776012,64909775910,24540,23420,23320,-1220,-4.97,23380,-1160,-4.73,23320,24990,1399-6-2
217,فزرين,زرين معدن آسيا,523,1665735,38899554376,24256,23200,23044,-1212,-5.0,23501,-755,-3.11,23044,24510,1399-6-2
218,سپاها,سيمان‌سپاهان‌,522,1617060,19084517680,12390,11780,11780,-610,-4.92,12140,-250,-2.02,11780,12270,1399-6-2
219,وپويا,سرمايه گذاري پويا,516,700657,10331888122,15522,14746,14746,-776,-5.0,15345,-177,-1.14,14746,14746,1399-6-2
220,وساپا,سرمايه‌گذاري‌ سايپا,510,1284360,20164452000,16520,15700,15700,-820,-4.96,16270,-250,-1.51,15700,15700,1399-6-2
221,شپاكسا,پاكسان‌,500,832147,26432888470,33210,33000,31550,-1660,-5.0,32380,-830,-2.5,31550,34000,1399-6-2
222,بكهنوج,توليد برق ماهتاب كهنوج,500,685968,45783775461,70246,66734,66734,-3512,-5.0,66762,-3484,-4.96,66734,68000,1399-6-2
223,قنيشا,قند  نيشابور,499,624194,56891039650,95010,92710,90260,-4750,-5.0,91140,-3870,-4.07,90260,97000,1399-6-2
224,خراسان,پتروشيمي خراسان,496,1407158,110261916280,82390,78310,78280,-4110,-4.99,78360,-4030,-4.89,78280,80500,1399-6-2
225,پاكشو,گروه صنعتي پاكشو,494,633812,35405099340,58590,55750,55670,-2920,-4.98,57510,-1080,-1.84,55670,58590,1399-6-2
226,شلرد,كود شيميايي اوره لردگان,490,2775839,40496715171,15040,14589,14589,-451,-3.0,14692,-348,-2.31,14589,14589,1399-6-2
227,غمارگ,مارگارين‌,486,1147438,44091514360,40150,38360,38150,-2000,-4.98,38500,-1650,-4.11,38150,39880,1399-6-2
228,حسينا,توسعه خدمات دريايي وبندري سينا,486,2415647,141639030648,61634,60100,58553,-3081,-5.0,58634,-3000,-4.87,58553,62000,1399-6-2
229,كبافق,معادن‌ بافق‌,481,571378,22275725090,40930,39020,38890,-2040,-4.98,39990,-940,-2.3,38890,40000,1399-6-2
230,دتوليد,داروسازي توليد دارو,480,702992,38130368979,57017,54167,54167,-2850,-5.0,54692,-2325,-4.08,54167,54990,1399-6-2
231,وملل,اعتباري ملل,479,2015107,36683007828,19162,18204,18204,-958,-5.0,18679,-483,-2.52,18204,18204,1399-6-2
232,حفاري,حفاري شمال,476,929277,16448202900,18630,17700,17700,-930,-4.99,18300,-330,-1.77,17700,17700,1399-6-2
233,كمنگنز,معادن‌منگنزايران‌,472,1064814,114925977670,113610,107930,107930,-5680,-5.0,107930,-5680,-5.0,107930,110000,1399-6-2
234,تايرا,تراكتورسازي‌ايران‌,471,3321146,106707191790,33790,32900,32110,-1680,-4.97,32130,-1660,-4.91,32110,33520,1399-6-2
235,دانا,بيمه دانا,468,2759834,25638857860,9770,9290,9290,-480,-4.91,9500,-270,-2.76,9290,9290,1399-6-2
236,وملي,گروه‌ صنعتي‌ ملي‌ (هلدينگ‌,465,27617,19830110680,755830,718040,718040,-37790,-5.0,745280,-10550,-1.4,718040,718040,1399-6-2
237,سپ,پرداخت الكترونيك سامان كيش,463,1159658,34687488300,31480,29910,29910,-1570,-4.99,30280,-1200,-3.81,29910,30100,1399-6-2
238,زشگزا,شير و گوشت زاگرس شهركرد,458,313476,33798504721,113193,107535,107534,-5659,-5.0,109207,-3986,-3.52,107534,112200,1399-6-2
239,سخاش,سيمان‌خاش‌,458,226503,19526103720,88660,88660,84230,-4430,-5.0,87670,-990,-1.12,84230,88660,1399-6-2
240,كمرجان,بازرگاني و توليدي مرجان كار,451,335211,14788239173,46149,44042,43858,-2291,-4.96,45517,-632,-1.37,43842,46100,1399-6-2
241,دزهراوي,داروسازي‌زهراوي‌,449,782582,12795215700,17210,16350,16350,-860,-5.0,16970,-240,-1.39,16350,16350,1399-6-2
242,ركيش,كارت اعتباري ايران كيش,441,7079830,164707352000,24260,24260,23050,-1210,-4.99,23260,-1000,-4.12,23050,24280,1399-6-2
243,نطرين,عطرين نخ قم,435,1537124,35160174376,24077,22874,22874,-1203,-5.0,23141,-936,-3.89,22874,22874,1399-6-2
244,فباهنر,مس‌ شهيدباهنر,435,739341,43672370530,61960,58890,58870,-3090,-4.99,59220,-2740,-4.42,58870,60910,1399-6-2
245,خزاميا,زامياد,434,1207412,26345729840,22960,21820,21820,-1140,-4.97,22340,-620,-2.7,21820,21820,1399-6-2
246,دتوزيع,توزيع دارو پخش,429,211533,12533578031,62026,60011,58925,-3101,-5.0,61297,-729,-1.18,58925,60500,1399-6-2
247,كرازي,كارخانجات‌توليدي‌شيشه‌رازي‌,428,1808747,31111538330,18090,17190,17190,-900,-4.98,17480,-610,-3.37,17190,17890,1399-6-2
248,افق ملت,صندوق س در سهام افق ملت,428,209723,32505077930,158770,157210,153400,-5370,-3.38,154990,-3780,-2.38,153000,157600,1399-6-2
249,دعبيدح,ح . داروسازي‌ دكترعبيدي‌,426,159926,4619481270,31420,29300,28360,-3060,-9.74,28890,-2530,-8.05,28310,31410,1399-6-2
250,غبشهر,صنعتي‌ بهشهر,422,2703119,82742472590,32220,30610,30610,-1610,-5.0,30610,-1610,-5.0,30610,30610,1399-6-2
251,لوتوس,تامين سرمايه لوتوس پارسيان,422,2581564,41831701140,17000,16750,16150,-850,-5.0,16430,-570,-3.35,16150,16900,1399-6-2
252,دارا,صندوق س. دارا الگوريتم-د,419,11636310,116543878642,10012,10019,10028,16,0.16,10016,4,0.04,10008,10029,1399-6-2
253,آوا,صندوق س.سهام آواي معيار-س,418,1503603,13657534181,9496,9510,8881,-615,-6.48,9083,-413,-4.35,8850,9590,1399-6-2
254,ريشمك,توليد و صادرات ريشمك,416,583408,21166093850,37937,36520,36041,-1896,-5.0,37173,-764,-2.01,36041,37300,1399-6-2
255,توريل,توکاريل,416,1344285,28199603353,22076,20973,20973,-1103,-5.0,21397,-679,-3.08,20973,21750,1399-6-2
256,فجر,فولاد اميركبيركاشان,415,1090897,56280960970,53560,53750,50890,-2670,-4.99,51590,-1970,-3.68,50890,53750,1399-6-2
257,سدشت,صنايع سيمان دشتستان,413,345338,13151438610,36290,37950,38100,1810,4.99,36730,440,1.21,37720,38100,1399-6-2
258,وصنا,گروه‌صنايع‌بهشهرايران‌,412,1178440,14960315440,13230,13250,12570,-660,-4.99,13060,-170,-1.28,12570,13250,1399-6-2
259,عيار,صندوق س. پشتوانه طلاي مفيد,411,302439,9300792877,30173,31000,30486,313,1.04,30753,580,1.92,30200,31300,1399-6-2
260,پكوير,كوير تاير,410,603120,10761079120,18770,17840,17840,-930,-4.95,18550,-220,-1.17,17840,17900,1399-6-2
261,آسيا,بيمه آسيا,405,654505,23090936400,37130,35280,35280,-1850,-4.98,36200,-930,-2.5,35280,35280,1399-6-2
262,ثنظام,س. ساختماني نظام مهندسي ايران,402,814785,36369558045,42512,44637,44637,2125,5.0,44637,2125,5.0,44637,44637,1399-6-2
263,فيروزه,صندوق شاخص30 شركت فيروزه- سهام,399,219398,41986987600,201620,201700,190000,-11620,-5.76,191370,-10250,-5.08,190000,201700,1399-6-2
264,بايكا,كارخانجات كابلسازي ‌ايران‌,389,1789354,88263464758,50852,49327,49327,-1525,-3.0,49327,-1525,-3.0,49327,49327,1399-6-2
265,شوينده,مديريت صنعت شوينده ت.ص.بهشهر,388,680661,27932612600,42980,42520,40840,-2140,-4.98,41800,-1180,-2.75,40840,43000,1399-6-2
266,ارفع,شركت آهن و فولاد ارفع,385,1336513,24498283290,19294,18330,18330,-964,-5.0,19026,-268,-1.39,18330,18330,1399-6-2
267,وآفري,بيمه كارآفرين,384,21145827,224145766200,10292,10600,10600,308,2.99,10600,308,2.99,10600,10600,1399-6-2
268,خرينگ,رينگ‌سازي‌مشهد,379,569523,19109953190,35160,34000,33410,-1750,-4.98,34500,-660,-1.88,33410,35000,1399-6-2
269,كخاك,صنايع‌خاك‌چيني‌ايران‌,378,194753,29530895010,153890,159370,146200,-7690,-5.0,152550,-1340,-0.87,146200,159370,1399-6-2
270,اپرداز,آتيه داده پرداز,377,1100640,37862160600,36210,34400,34400,-1810,-5.0,34710,-1500,-4.14,34400,34500,1399-6-2
271,كماسه,تامين‌ ماسه‌ ريخته‌گري‌,375,151289,12243818770,85180,80930,80930,-4250,-4.99,84050,-1130,-1.33,80930,80930,1399-6-2
272,كفرا,فراورده‌ هاي‌ نسوزايران‌,369,476741,21936767310,46750,44700,44420,-2330,-4.98,46420,-330,-0.71,44420,48420,1399-6-2
273,كروي,توسعه‌ معادن‌ روي‌ ايران‌,363,1554677,72432401430,49040,46590,46590,-2450,-5.0,46590,-2450,-5.0,46590,46590,1399-6-2
274,ساينا,صنايع بهداشتي ساينا,363,803160,118439312821,155187,150036,147428,-7759,-5.0,147467,-7720,-4.97,147428,152500,1399-6-2
275,آساس,صندوق س.آسمان آرماني سهام-س,363,334502,55011649001,169305,170890,164500,-4805,-2.84,164458,-4847,-2.86,163750,170890,1399-6-2
276,لازما,كارخانه هاي صنعتي آزمايش,361,768703,27226490664,35421,35701,34713,-708,-2.0,35419,-2,-0.01,34713,36129,1399-6-2
277,دحاوي,الحاوي,359,576200,19712827173,34940,34630,33892,-1048,-3.0,34212,-728,-2.08,33892,35450,1399-6-2
278,شفارس,صنايع‌ شيميايي‌ فارس‌,355,559068,24507971490,45540,44370,43270,-2270,-4.98,44650,-890,-1.95,43270,46700,1399-6-2
279,فنرژي,گسترش صنايع انرژي آذرآب,354,1650461,19879030780,12059,12300,12000,-59,-0.49,12045,-14,-0.12,11818,12300,1399-6-2
280,بالبر,كابل‌ البرز,342,516773,14775674640,29790,30800,28310,-1480,-4.97,29430,-360,-1.21,28310,30800,1399-6-2
281,غدشت,دشت‌ مرغاب‌,337,198291,68066400550,355340,344540,337580,-17760,-5.0,343270,-12070,-3.4,337580,360320,1399-6-2
282,وبشهر,توسعه‌ صنايع‌ بهشهر(هلدينگ,335,2596088,56490874880,22900,21760,21760,-1140,-4.98,22000,-900,-3.93,21760,21760,1399-6-2
283,فوكا,فولاد كاويان,335,3734100,86597513100,23664,23191,23191,-473,-2.0,23191,-473,-2.0,23191,23191,1399-6-2
284,سمازن,سيمان‌مازندران‌,332,1034526,12042022560,12250,11640,11640,-610,-4.98,12090,-160,-1.31,11640,11970,1399-6-2
285,بموتو,موتوژن‌,331,469854,23860270670,53250,51110,50590,-2660,-5.0,51970,-1280,-2.4,50590,52580,1399-6-2
286,وجامي,سرمايه گذاري جامي,329,1193760,12150287437,10481,10167,10171,-310,-2.96,10286,-195,-1.86,10167,10400,1399-6-2
287,سفارس,سيمان فارس و خوزستان,325,891733,19653795320,23200,22040,22040,-1160,-5.0,22740,-460,-1.98,22040,22040,1399-6-2
288,لوتوسح,ح . تامين سرمايه لوتوس پارسيان,324,1928131,23358967320,13080,12720,12100,-980,-7.49,12110,-970,-7.42,11850,12740,1399-6-2
289,شراز,پالايش نفت شيراز,317,447773,46536231656,109365,103897,103897,-5468,-5.0,103928,-5437,-4.97,103897,107888,1399-6-2
290,ولراز,ليزينگ رازي,316,1064846,23931876062,22267,22935,22900,633,2.84,22474,207,0.93,21599,22935,1399-6-2
291,پرديس,سرمايه گذاري پرديس,315,1614640,17085756000,11130,10580,10580,-550,-4.94,10930,-200,-1.8,10580,10650,1399-6-2
292,وگردش,بانك گردشگري,314,1961189,39810175511,21367,20299,20299,-1068,-5.0,20908,-459,-2.15,20299,20299,1399-6-2
293,شسپا,نفت سپاهان,312,1351947,38287139040,29810,28320,28320,-1490,-5.0,28970,-840,-2.82,28320,28320,1399-6-2
294,فرآور,فرآوري‌موادمعدني‌ايران‌,307,647420,15414137970,24720,25000,23490,-1230,-4.98,24430,-290,-1.17,23490,25000,1399-6-2
295,پيزد,مجتمع صنايع لاستيك يزد,307,47578,5833395846,129059,122607,122607,-6452,-5.0,128259,-800,-0.62,122607,122607,1399-6-2
296,شغدير,پتروشيمي غدير,306,340973,14771973279,45603,43323,43323,-2280,-5.0,44880,-723,-1.59,43323,43323,1399-6-2
297,فروس,فروسيليس‌ ايران‌,306,476515,14109609150,31160,29610,29610,-1550,-4.97,30690,-470,-1.51,29610,29610,1399-6-2
298,پرداخت,به پرداخت ملت,303,501082,22003054640,45750,45300,43470,-2280,-4.98,44880,-870,-1.9,43470,46000,1399-6-2
299,وسديد,گروه ‌صنعتي‌سديد,302,613612,17786771044,29883,28987,28987,-896,-3.0,29538,-345,-1.15,28987,28987,1399-6-2
300,سدور,سيمان‌ دورود,301,1025550,9849324360,10080,9600,9580,-500,-4.96,9980,-100,-0.99,9580,9950,1399-6-2
301,داوه,داروسازي آوه سينا,300,407882,9321417845,24049,22847,22847,-1202,-5.0,23809,-240,-1.0,22847,23400,1399-6-2
302,غديس,پاكديس,299,608271,27922717727,48230,46329,45819,-2411,-5.0,46819,-1411,-2.93,45819,47980,1399-6-2
303,شفارا,پتروشيمي فارابي,298,2732001,16236636765,6126,5943,5943,-183,-2.99,5970,-156,-2.55,5943,6020,1399-6-2
304,جم پيلن,پلي پروپيلن جم - جم پيلن,298,670686,53806969210,83390,81000,79230,-4160,-4.99,80740,-2650,-3.18,79230,81600,1399-6-2
305,سلار,شركت سيمان لارستان,296,524749,14110108714,26488,27282,26900,412,1.56,26762,274,1.03,26200,27282,1399-6-2
306,صايند,صندوق س. گنجينه آينده روشن-د,293,4975960,50128157860,10097,10110,10068,-29,-0.29,10074,-23,-0.23,10000,10125,1399-6-2
307,دالبر,البرزدارو,292,477967,10691694020,23490,22750,22320,-1170,-4.98,23230,-260,-1.11,22320,22750,1399-6-2
308,بذر,صندوق س بذر اميد آفرين-سهام,292,617224,75931491650,128310,128310,122000,-6310,-4.92,123020,-5290,-4.12,119500,128310,1399-6-2
309,درهآور,دارويي ره آورد تامين,291,330872,12427836504,39512,37540,37537,-1975,-5.0,38991,-521,-1.32,37537,38000,1399-6-2
310,غپونه,نوش پونه مشهد,290,962894,20082623789,21498,20854,20854,-644,-3.0,20857,-641,-2.98,20854,21485,1399-6-2
311,حآسا,آسيا سير ارس,289,1163411,17277098394,15607,14900,14827,-780,-5.0,15325,-282,-1.81,14827,15000,1399-6-2
312,ثپرديسح,ح.سرمايه گذاري مسكن پرديس,284,685764,6658190578,10214,9704,9704,-510,-4.99,9709,-505,-4.94,9704,9907,1399-6-2
313,خريخت,صنايع‌ريخته‌گري‌ايران‌,283,2121004,14041046480,6960,6620,6620,-340,-4.89,6860,-100,-1.44,6620,6620,1399-6-2
314,زعف9908پ10,زعفران9908نگين طلاي سرخ(پ),282,242545,23426828142,98479,98000,97010,-1469,-1.49,96588,-1891,-1.92,94150,99000,1399-6-2
315,سخوز,سيمان خوزستان,276,1286133,27001105620,22090,21030,20990,-1100,-4.98,21440,-650,-2.94,20990,21870,1399-6-2
316,ولتجار,واسپاري تجارت وسرمايه ايرانيان,276,2381057,21010925027,9087,9000,8815,-272,-2.99,8824,-263,-2.89,8815,9001,1399-6-2
317,قصفها,قنداصفهان‌,274,160955,36089330100,236020,224220,224220,-11800,-5.0,226770,-9250,-3.92,224220,224220,1399-6-2
318,خكرمان,گروه اقتصادي كرمان خودرو,272,2517816,26275927776,10758,10436,10436,-322,-2.99,10436,-322,-2.99,10436,10436,1399-6-2
319,آريان,سرمايه گذاري پارس آريان,272,21218504,449598881256,21844,21189,21189,-655,-3.0,21189,-655,-3.0,21189,21189,1399-6-2
320,وشهر,بانك شهر,266,701720,6841068280,10155,9749,9749,-406,-4.0,10109,-46,-0.45,9749,9749,1399-6-2
321,غگرجي,بيسكويت‌  گرجي‌,264,309089,12818017190,43580,42500,41410,-2170,-4.98,42990,-590,-1.35,41410,42500,1399-6-2
322,غشان,شيرپاستوريزه‌پگاه‌خراسان‌,263,357540,27880969200,74270,77980,77980,3710,5.0,76210,1940,2.61,77980,77980,1399-6-2
323,دامين,داروسازي‌ امين‌,263,483350,7615232060,16570,15750,15750,-820,-4.95,16440,-130,-0.78,15750,16000,1399-6-2
324,كمينا,شيشه سازي مينا,263,912599,43713779969,50417,47897,47897,-2520,-5.0,47900,-2517,-4.99,47897,49627,1399-6-2
325,تكشا,گسترش‌صنايع‌وخدمات‌كشاورزي‌,261,442412,30230011960,65080,68330,68330,3250,4.99,66900,1820,2.8,68330,68330,1399-6-2
326,پلاسك,پلاسكوكار,258,1151309,11500208240,10500,10000,9980,-520,-4.95,10370,-130,-1.24,9980,10250,1399-6-2
327,ورنا,سرمايه‌گذاري‌ رنا(هلدينگ‌,258,867530,12067342300,14640,13910,13910,-730,-4.99,14450,-190,-1.3,13910,13910,1399-6-2
328,دلر,داروسازي‌ اكسير,258,481830,44583504390,97060,100500,92210,-4850,-5.0,92860,-4200,-4.33,92210,100500,1399-6-2
329,وپست,پست بانك ايران,257,1786638,28496876100,16780,15950,15950,-830,-4.95,16260,-520,-3.1,15950,15950,1399-6-2
330,واحيا,م .صنايع و معادن احياء سپاهان,257,373991,74753249805,204157,203480,198033,-6124,-3.0,200158,-3999,-1.96,198033,204519,1399-6-2
331,پخش,پخش البرز,256,361599,15395225883,44806,42566,42566,-2240,-5.0,44058,-748,-1.67,42566,43391,1399-6-2
332,لپارس,پارس‌ الكتريك‌,255,22537,10879286010,508130,482730,482730,-25400,-5.0,503360,-4770,-0.94,482730,482730,1399-6-2
333,صنوين,صندوق سرمايه‌گذاري صنوين-مختلط,254,231767,26241708750,116600,118800,112100,-4500,-3.86,113220,-3380,-2.9,112000,118800,1399-6-2
334,لخزر,پارس‌ خزر,253,380441,92879638270,252100,239850,239500,-12600,-5.0,244140,-7960,-3.16,239500,254000,1399-6-2
335,زمگسا,كشاورزي‌ ودامپروي‌ مگسال‌,252,564251,21091702380,39340,37380,37380,-1960,-4.98,38450,-890,-2.26,37380,37380,1399-6-2
336,بهپاك,صنعتي بهپاك,250,296456,15024982992,53349,50682,50682,-2667,-5.0,52474,-875,-1.64,50682,50682,1399-6-2
337,شيراز,پتروشيمي‌شيراز,250,1678926,92982071540,58220,60000,55310,-2910,-5.0,55470,-2750,-4.72,55310,60000,1399-6-2
338,رتكو,كنترل‌خوردگي‌تكين‌كو,249,408565,9005046680,23170,22100,22020,-1150,-4.96,22950,-220,-0.95,22020,22270,1399-6-2
339,ددام,داروسازي زاگرس فارمد پارس,249,325948,5107742260,16490,15670,15670,-820,-4.97,16400,-90,-0.55,15670,15700,1399-6-2
340,ثمسكن,سرمايه‌گذاري‌ مسكن‌,248,1204933,12013182010,10490,9970,9970,-520,-4.96,10350,-140,-1.33,9970,9970,1399-6-2
341,خزر,فنرسازي‌زر,247,755696,7607478820,10570,10050,10050,-520,-4.92,10490,-80,-0.76,10050,10330,1399-6-2
342,كگهرح,ح . سنگ آهن گهرزمين,246,2017258,79942579433,41628,39570,39547,-2081,-5.0,39629,-1999,-4.8,39547,41620,1399-6-2
343,سجام,مجتمع سيمان غرب آسيا,245,2390482,36989709696,15601,15601,14821,-780,-5.0,15474,-127,-0.81,14821,15601,1399-6-2
344,شنفت,نفت‌ پارس‌,243,324023,24145842810,77920,74030,74030,-3890,-4.99,76820,-1100,-1.41,74030,77920,1399-6-2
345,غنوش,نوش‌ مازندران‌,243,58994,6819116460,121670,115590,115590,-6080,-5.0,120750,-920,-0.76,115590,115590,1399-6-2
346,ضصاد8024,اختيارخ وبصادر-5500-1399/08/11,240,8320,2264091000,423,399,279,-144,-34.04,272,-151,-35.7,202,399,1399-6-2
347,پارسيان,بيمه پارسيان,236,1789551,28587284860,16760,16030,15930,-830,-4.95,16270,-490,-2.92,15930,16500,1399-6-2
348,سكه0012پ01,سكه تمام بهارتحويلي 1روزه رفاه,235,191900,206018283200,1068931,1073955,1070005,1074,0.1,1073571,4640,0.43,1070000,1073955,1399-6-2
349,اخزا815,اسنادخزانه-م15بودجه98-010406,233,183056,132201478633,723337,721111,723000,-337,-0.05,722191,-1146,-0.16,720000,723988,1399-6-2
350,دابور,داروسازي‌ ابوريحان‌,233,224722,9062673310,42400,40350,40280,-2120,-5.0,42000,-400,-0.94,40280,40800,1399-6-2
351,زر,صندوق س.پشتوانه سكه طلاي زر,232,156394,8331411205,52316,52220,53200,884,1.69,53272,956,1.83,52220,54550,1399-6-2
352,ساروم,سيمان‌اروميه‌,224,371902,10989249340,30980,29760,29440,-1540,-4.97,30640,-340,-1.1,29440,30000,1399-6-2
353,حتوكا,حمل‌ونقل‌توكا,223,315958,6578788400,21910,20820,20820,-1090,-4.97,21760,-150,-0.68,20820,21020,1399-6-2
354,اخزا817,اسنادخزانه-م17بودجه98-010512,223,190319,135008619139,708672,707000,710700,2028,0.29,709381,709,0.1,706555,710700,1399-6-2
355,گنجين,صندوق س. گنجينه يكم آويد-د,223,10011627,111532460755,11168,11148,11141,-27,-0.24,11140,-28,-0.25,11140,11148,1399-6-2
356,شگل,گلتاش‌,216,1111563,36859429080,34900,33160,33160,-1740,-4.99,33590,-1310,-3.75,33160,33160,1399-6-2
357,كوير,توليدي فولاد سپيد فراب كوير,212,1113512,20065486240,18960,18020,18020,-940,-4.96,18720,-240,-1.27,18020,18020,1399-6-2
358,بساما,بيمه سامان,209,1118276,37500699435,34129,34010,32423,-1706,-5.0,33672,-457,-1.34,32423,34010,1399-6-2
359,پسهند,صنايع‌ لاستيكي‌  سهند,208,1064465,64075698490,63230,63200,60070,-3160,-5.0,60200,-3030,-4.79,60070,63230,1399-6-2
360,شتولي,تولي‌پرس‌,208,645360,10724526252,16293,16618,16618,325,1.99,16618,325,1.99,16617,16618,1399-6-2
361,ونفت,سرمايه‌گذاري‌ صنعت‌ نفت‌,206,265540,5050570800,20020,19020,19020,-1000,-5.0,19910,-110,-0.55,19020,19020,1399-6-2
362,سبهان,سيمان‌ بهبهان‌,206,103626,6428052770,65160,62200,61910,-3250,-4.99,64730,-430,-0.66,61910,64770,1399-6-2
363,سپاس,صندوق س. پاداش سهامداري توسعه1,203,5751365,59091630610,10240,10220,10300,60,0.59,10270,30,0.29,10220,10320,1399-6-2
364,اميد,تامين سرمايه اميد,202,1609622,41431670280,27090,25740,25740,-1350,-4.98,26480,-610,-2.25,25740,25740,1399-6-2
365,ساوه,سيمان ساوه,201,48760,4109980400,88726,84290,84290,-4436,-5.0,88324,-402,-0.45,84290,84290,1399-6-2
366,وكادو,تكادو,199,1101305,29507271470,27618,26790,26790,-828,-3.0,26793,-825,-2.99,26790,27000,1399-6-2
367,اخزا816,اسنادخزانه-م16بودجه98-010503,195,254160,181318617794,713876,710263,711100,-2776,-0.39,713403,-473,-0.07,710000,715000,1399-6-2
368,شپارس,بين‌ المللي‌ محصولات‌  پارس‌,195,259522,4560792180,18360,17700,17450,-910,-4.96,18280,-80,-0.44,17450,18000,1399-6-2
369,آساميد,صندوق س.مشترك آسمان اميد -د,194,7577463,80255812367,10581,10560,10591,10,0.09,10591,10,0.09,10560,10610,1399-6-2
370,تسه9903,امتياز تسهيلات مسكن خرداد99,194,1913,1512763173,755977,793775,720001,-35976,-4.76,790781,34804,4.6,720001,793775,1399-6-2
371,بخاور,بيمه زندگي خاورميانه,189,1009831,7989283700,8326,7910,7910,-416,-5.0,8255,-71,-0.85,7910,8310,1399-6-2
372,غدام,خوراك‌  دام‌ پارس‌,188,284006,33002749920,122290,116180,116180,-6110,-5.0,117940,-4350,-3.56,116180,119460,1399-6-2
373,دجابر,داروسازي‌ جابرابن‌حيان‌,187,560499,28339777060,53220,50560,50560,-2660,-5.0,51560,-1660,-3.12,50560,51000,1399-6-2
374,ولبهمن,شركت بهمن ليزينگ,182,1413675,17121017925,12748,12111,12111,-637,-5.0,12508,-240,-1.88,12111,12111,1399-6-2
375,دسبحا,گروه دارويي سبحان,181,461463,9580429150,21850,20770,20760,-1090,-4.99,21630,-220,-1.01,20760,20980,1399-6-2
376,تسه9902,امتياز تسهيلات مسكن ارديبهشت99,181,2401,1857218850,745583,782862,779000,33417,4.48,773519,27936,3.75,748555,782862,1399-6-2
377,زفكا,كشت و دامداري فكا,178,93086,4281397484,48414,45994,45994,-2420,-5.0,48191,-223,-0.46,45994,45994,1399-6-2
378,زگلدشت,كشت و دام گلدشت نمونه اصفهان,177,200337,9038813918,47492,45118,45118,-2374,-5.0,47035,-457,-0.96,45118,45130,1399-6-2
379,تشتاد,صنايع توليدي اشتاد ايران‌,177,793188,11102502420,14348,13918,14778,430,3.0,14148,-200,-1.39,13918,14778,1399-6-2
380,گوهر,صندوق سكه طلاي كيان,175,115744,6941836281,58981,59000,59000,19,0.03,59976,995,1.69,59000,61810,1399-6-2
381,آ س پ,آ.س.پ,174,861547,13181761531,16054,15252,15252,-802,-5.0,15840,-214,-1.33,15252,15682,1399-6-2
382,كيان,صندوق س. با درآمد ثابت كيان,172,718091,18092248430,25030,25290,25240,210,0.84,25190,160,0.64,24950,25290,1399-6-2
383,غشهد,شهد ايران ‌,171,522092,4829351000,9730,9250,9250,-480,-4.93,9680,-50,-0.51,9250,9250,1399-6-2
384,ثعمرا,عمران و توسعه شاهد,168,249775,7798475050,32865,31222,31222,-1643,-5.0,32581,-284,-0.86,31222,31222,1399-6-2
385,سفانو,سيمان فارس نو,167,218900,6873179570,32980,31950,31340,-1640,-4.97,32750,-230,-0.7,31340,33190,1399-6-2
386,خاور,ايران خودرو ديزل,165,1238076,10557074052,8790,8527,8527,-263,-2.99,8642,-148,-1.68,8527,8527,1399-6-2
387,وزمين,بانك ايران زمين,165,657375,13054152750,20263,19858,19858,-405,-2.0,20097,-166,-0.82,19858,19858,1399-6-2
388,دبالك,مواد اوليه دارويي البرز بالك,165,378974,8577114101,23819,22629,22629,-1190,-5.0,23598,-221,-0.93,22629,23000,1399-6-2
389,وسين,بيمه سينا,164,1135572,26699009888,24237,23511,23510,-727,-3.0,23512,-725,-2.99,23510,23550,1399-6-2
390,شسينا,صنايع‌شيميايي‌سينا,161,22859,10284745660,473560,449890,449890,-23670,-5.0,468290,-5270,-1.11,449890,463590,1399-6-2
391,سرود,سيمان‌شاهرود,159,606776,10610973870,18340,17600,17430,-910,-4.96,18150,-190,-1.04,17430,18000,1399-6-2
392,شبصير,توليدات پتروشيمي قائد بصير,159,43552,5963182270,144119,136914,136914,-7205,-5.0,143202,-917,-0.64,136914,139000,1399-6-2
393,بشهاب,لامپ‌  پارس‌ شهاب‌,159,117575,9223417900,80540,80540,76520,-4020,-4.99,80150,-390,-0.48,76520,81000,1399-6-2
394,خمهر,مهركام‌پارس‌,158,478352,4788303520,10530,10010,10010,-520,-4.94,10480,-50,-0.47,10010,10010,1399-6-2
395,غبهنوش,بهنوش‌ ايران‌,157,359669,29462691470,86220,81950,81910,-4310,-5.0,83510,-2710,-3.14,81910,82960,1399-6-2
396,وبوعلي,سرمايه‌گذاري‌بوعلي‌,157,378400,4188888000,11650,11070,11070,-580,-4.98,11600,-50,-0.43,11070,11070,1399-6-2
397,غشصفا,شيرپاستوريزه‌پگاه‌اصفهان‌,157,333396,10248360440,32310,30900,30700,-1610,-4.98,31970,-340,-1.05,30700,32590,1399-6-2
398,كاذر,فرآورده‌هاي‌نسوزآذر,156,228559,8376757350,38570,36650,36650,-1920,-4.98,38220,-350,-0.91,36650,37000,1399-6-2
399,هجرت,پخش هجرت,155,68095,4785199016,73842,71000,70150,-3692,-5.0,73471,-371,-0.5,70150,71000,1399-6-2
400,وپخش,داروپخش‌ (هلدينگ‌,155,60578,7397143070,128250,122250,121840,-6410,-5.0,127280,-970,-0.76,121840,129500,1399-6-2
401,سهرمز,سيمان‌هرمزگان‌,154,338711,5969281100,18540,17620,17620,-920,-4.96,18420,-120,-0.65,17620,17730,1399-6-2
402,ثنوسا,نوسازي‌وساختمان‌تهران‌,150,539589,8563277430,16700,15870,15870,-830,-4.97,16540,-160,-0.96,15870,15870,1399-6-2
403,اطلس2,صندوق س.توسعه اندوخته آينده-س,150,1500000,1500000,208679,1,1,-208678,-100.0,1,-208678,-100.0,1,1,1399-6-2
404,كپارس,كاشي‌ پارس‌,149,230244,20562855190,93990,89360,89300,-4690,-4.99,91920,-2070,-2.2,89300,91120,1399-6-2
405,زپارس,ملي كشت و صنعت و دامپروري پارس,147,184205,18290243180,104410,99250,99190,-5220,-5.0,102350,-2060,-1.97,99190,103960,1399-6-2
406,زماهان,مجتمع توليد گوشت مرغ ماهان,146,572411,17171185178,31576,29998,29998,-1578,-5.0,30991,-585,-1.85,29998,29998,1399-6-2
407,حپارسا,توسعه حمل و نقل ريلي پارسيان,145,216243,8842957419,43041,40910,40889,-2152,-5.0,42633,-408,-0.95,40889,40910,1399-6-2
408,كترام,توليدي‌ كاشي‌ تكسرام‌,145,201090,4737680400,24790,23560,23560,-1230,-4.96,24670,-120,-0.48,23560,23560,1399-6-2
409,كي بي سي,شركت كي بي سي,144,292239,11796029884,42457,40335,40335,-2122,-5.0,41912,-545,-1.28,40335,40970,1399-6-2
410,ثجوان,تامين مسكن جوانان,142,868198,9855783696,11949,11352,11352,-597,-5.0,11627,-322,-2.69,11352,11352,1399-6-2
411,سكه9912پ04,سكه تمام بهارتحويل1روزه صادرات,141,66200,71038887700,1063322,1073955,1066690,3368,0.32,1073095,9773,0.92,1060002,1073955,1399-6-2
412,دارو,كارخانجات‌داروپخش‌,141,53088,2937499100,58200,56000,55290,-2910,-5.0,58020,-180,-0.31,55290,56000,1399-6-2
413,گپارس,امور رفاهي كارگزاران پارس,140,167051,12932754318,75164,77418,77418,2254,3.0,76549,1385,1.84,77418,77418,1399-6-2
414,لكما,كارخانجات‌مخابراتي‌ايران‌,140,393632,5069192896,13276,12878,12878,-398,-3.0,13167,-109,-0.82,12878,12878,1399-6-2
415,خاهن,آهنگري‌ تراكتورسازي‌ ايران‌,140,227324,7078869360,32770,31140,31140,-1630,-4.97,32520,-250,-0.76,31140,31140,1399-6-2
416,قنقش,قند نقش جهان,140,427766,36243373393,88256,84726,84726,-3530,-4.0,84727,-3529,-4.0,84726,88000,1399-6-2
417,دپارس,پارس‌ دارو,138,73262,7265785030,104380,99170,99170,-5210,-4.99,103570,-810,-0.78,99170,100000,1399-6-2
418,تصميم,صندوق س با درآمد ثابت تصميم,137,1193964,17516579930,14760,14890,14670,-90,-0.61,14670,-90,-0.61,14640,14890,1399-6-2
419,درازك,دارويي‌ رازك‌,135,219672,10836486760,51920,49330,49330,-2590,-4.99,51320,-600,-1.16,49330,50000,1399-6-2
420,سخند,صندوق س.سپهرخبرگان نفت-د,134,1691940,17109787840,10089,10121,10110,21,0.21,10113,24,0.24,10073,10150,1399-6-2
421,غبهار,كشت وصنعت بهاران گلبهار خراسان,133,349067,16584522237,48980,47511,47511,-1469,-3.0,47732,-1248,-2.55,47511,47511,1399-6-2
422,فخاس,فولاد خراسان,132,462450,20865744000,47490,45120,45120,-2370,-4.99,46960,-530,-1.12,45120,45120,1399-6-2
423,كشرق,صنعتي و معدني شمال شرق شاهرود,131,148453,14079876332,99835,94844,94844,-4991,-5.0,98325,-1510,-1.51,94844,94844,1399-6-2
424,تسه9706,امتياز تسهيلات مسكن شهريور97,131,2809,2128435991,732319,750000,750501,18182,2.48,757720,25401,3.47,728145,768890,1399-6-2
425,وتوشه,سرمايه‌ گذاري‌ پارس‌ توشه‌,131,806849,22436758360,29260,27830,27800,-1460,-4.99,28570,-690,-2.36,27800,27830,1399-6-2
426,سيستم,همكاران سيستم,131,530063,14578518910,28740,27790,27310,-1430,-4.98,28360,-380,-1.32,27310,28000,1399-6-2
427,اخزا808,اسنادخزانه-م8بودجه98-000817,130,76209,61507429449,806381,808000,806609,228,0.03,807089,708,0.09,803407,809500,1399-6-2
428,شپاس,نفت پاسارگاد,129,141578,3989384884,29661,28178,28178,-1483,-5.0,29535,-126,-0.42,28178,28178,1399-6-2
429,وسخراج,شركت س استان خراسان جنوبي,127,2805336,4937391360,1680,1760,1760,80,4.76,1690,10,0.6,1760,1760,1399-6-2
430,پاسا,ايران‌ياساتايرورابر,127,283971,7133351520,26440,25120,25120,-1320,-4.99,26240,-200,-0.76,25120,25120,1399-6-2
431,ساراب,سيمان‌ داراب‌,124,231110,3060363950,13900,13210,13210,-690,-4.96,13860,-40,-0.29,13210,13460,1399-6-2
432,سصوفي,سيمان‌ صوفيان‌,123,150242,3375937740,23650,22470,22470,-1180,-4.99,23560,-90,-0.38,22470,22470,1399-6-2
433,فيروزا,صندوق بادرآمد ثابت فيروزه آسيا,121,2540881,51726712710,20200,20280,20250,50,0.25,20360,160,0.79,20150,20380,1399-6-2
434,شاملا,معدني‌ املاح‌  ايران‌,120,108680,15634050880,151360,144000,143800,-7560,-4.99,148870,-2490,-1.65,143800,148000,1399-6-2
435,شرنگي,شيميايي رنگين,118,43142,5413630728,129364,125484,125484,-3880,-3.0,128424,-940,-0.73,125484,125484,1399-6-2
436,كپرور,فرآوري زغال سنگ پروده طبس,118,90640,4466637746,51855,49263,49263,-2592,-5.0,51607,-248,-0.48,49263,51000,1399-6-2
437,كوثر,بيمه كوثر,116,419748,7250726952,18183,17274,17274,-909,-5.0,18043,-140,-0.77,17274,17274,1399-6-2
438,وآذر,سرمايه‌گذاري‌توسعه‌آذربايجان‌,116,57956,8438393600,153260,145600,145600,-7660,-5.0,151860,-1400,-0.91,145600,145600,1399-6-2
439,سيلام,سيمان‌ ايلام‌,115,252751,2845216300,11840,11250,11250,-590,-4.98,11800,-40,-0.34,11250,11400,1399-6-2
440,ولشرق,ليزينگ ايران و شرق,112,731683,8752392046,12591,11962,11962,-629,-5.0,12476,-115,-0.91,11962,11962,1399-6-2
441,خشرق,الكتريك‌ خودرو شرق‌,112,170433,3873942090,23920,22730,22730,-1190,-4.97,23820,-100,-0.42,22730,22730,1399-6-2
442,داناح,ح . بيمه دانا,111,869805,6123427200,7820,7040,7040,-780,-9.97,7040,-780,-9.97,7040,7040,1399-6-2
443,اتكام,شركت بيمه اتكايي امين,110,694575,5775391125,8752,8315,8315,-437,-4.99,8696,-56,-0.64,8315,8315,1399-6-2
444,غشاذر,پگاه‌آذربايجان‌غربي‌,109,84816,2073751200,25730,24450,24450,-1280,-4.97,25670,-60,-0.23,24450,24450,1399-6-2
445,تسه9811,امتياز تسهيلات مسكن بهمن98,109,3458,2681882958,739630,776611,765000,25370,3.43,775559,35929,4.86,740600,776611,1399-6-2
446,شكربن,كربن‌ ايران‌,108,82138,6495473040,83240,79080,79080,-4160,-5.0,82650,-590,-0.71,79080,79080,1399-6-2
447,تسه9708,امتياز تسهيلات مسكن آبان97,107,2189,1712604989,755668,761500,777121,21453,2.84,782369,26701,3.53,761500,793450,1399-6-2
448,ثتران,سرمايه گذاري مسكن تهران,106,443930,4712760880,11174,10616,10616,-558,-4.99,11118,-56,-0.5,10616,10616,1399-6-2
449,كيسون,شركت كيسون,106,232010,5985161970,26594,25797,25797,-797,-3.0,26502,-92,-0.35,25797,25797,1399-6-2
450,وسينا,بانك سينا,104,1198167,21519079320,18900,17960,17960,-940,-4.97,18620,-280,-1.48,17960,17960,1399-6-2
451,تسه9810,امتياز تسهيلات مسكن دي98,104,1844,1423925740,737800,774690,774690,36890,5.0,772194,34394,4.66,751000,774690,1399-6-2
452,اخزا811,اسنادخزانه-م11بودجه98-001013,104,275890,217185916308,786769,782000,788001,1232,0.16,787219,450,0.06,780983,789000,1399-6-2
453,ثروتم,صندوق س. ثروت آفرين پارسيان-س,103,47730,4941054190,108345,109800,103000,-5345,-4.93,103521,-4824,-4.45,101700,109800,1399-6-2
454,خكار,ايركا پارت صنعت,103,209346,9014438760,45320,43060,43060,-2260,-4.99,44880,-440,-0.97,43060,43060,1399-6-2
455,شفا,سرمايه گذاري شفادارو,103,34392,2120610720,64900,61660,61660,-3240,-4.99,64750,-150,-0.23,61660,61660,1399-6-2
456,تسه9812,امتياز تسهيلات مسكن اسفند98,102,1304,1009246320,739263,776226,776226,36963,5.0,773962,34699,4.69,730000,776226,1399-6-2
457,شدوص,دوده‌ صنعتي‌ پارس‌,102,153627,3601016880,24670,23440,23440,-1230,-4.99,24580,-90,-0.36,23440,23440,1399-6-2
458,دسانكو,داروسازي سبحان انكولوژي,102,253040,6200239120,25792,24503,24503,-1289,-5.0,25621,-171,-0.66,24503,24503,1399-6-2
459,فاهواز,نورد و لوله اهواز,101,237235,5864449200,25224,24720,24720,-504,-2.0,25171,-53,-0.21,24720,24720,1399-6-2
460,رنيك,جنرال مكانيك,101,135755,4530415860,35128,33372,33372,-1756,-5.0,34957,-171,-0.49,33372,33372,1399-6-2
461,سبجنو,سيمان‌ بجنورد,100,585651,20928073050,37600,35740,35720,-1880,-5.0,36760,-840,-2.23,35720,37600,1399-6-2
462,فاسمين,كالسيمين‌,100,45562,3410771320,78800,74860,74860,-3940,-5.0,78580,-220,-0.28,74860,74860,1399-6-2
463,ضجار7022,اختيارخ وتجارت-2800-1399/07/22,99,1949,1114132000,1003,850,820,-183,-18.25,572,-431,-42.97,460,850,1399-6-2
464,تسه9901,امتياز تسهيلات مسكن فروردين99,99,1265,1003213448,755433,793204,793204,37771,5.0,793054,37621,4.98,730000,793204,1399-6-2
465,اخزا809,اسنادخزانه-م9بودجه98-000923,99,86204,68396229370,792559,792023,795001,2442,0.31,793423,864,0.11,791001,795993,1399-6-2
466,وبرق,س.کارکنان صنعت برق زنجان وقزوي,98,29415,7730556150,270938,262810,262810,-8128,-3.0,267599,-3339,-1.23,262810,262810,1399-6-2
467,قچار,فراوردههاي غذايي وقند چهارمحال,97,78922,15217266508,202962,192814,192814,-10148,-5.0,199565,-3397,-1.67,192814,192814,1399-6-2
468,كسعدي,كاشي‌ سعدي‌,96,103622,7802736600,79260,75300,75300,-3960,-5.0,78610,-650,-0.82,75300,75300,1399-6-2
469,قلرست,قند لرستان‌,96,160620,4965370270,32530,30910,30910,-1620,-4.98,32360,-170,-0.52,30910,31520,1399-6-2
470,چافست,افست‌,95,105554,2978733880,29700,28220,28220,-1480,-4.98,29600,-100,-0.34,28220,28220,1399-6-2
471,ضجار7031,اختيارخ وتجارت-4600-1399/07/22,95,4491,1196285000,418,361,270,-148,-35.41,266,-152,-36.36,211,361,1399-6-2
472,غفارس,شير پاستوريزه پگاه فارس,94,208154,2386485610,12068,11465,11465,-603,-5.0,12037,-31,-0.26,11465,11465,1399-6-2
473,خاذين,سايپاآذين‌,94,236756,2284695400,10150,9650,9650,-500,-4.93,10120,-30,-0.3,9650,9650,1399-6-2
474,ديران,ايران‌دارو,94,176561,5095550460,30370,28860,28860,-1510,-4.97,30200,-170,-0.56,28860,28860,1399-6-2
475,ميدكو,هلدينگ صنايع  معدني خاورميانه,92,114472,2396356848,22035,20934,20934,-1101,-5.0,22012,-23,-0.1,20934,20934,1399-6-2
476,آسام,صندوق س.آرمان سپهر آشنا-م,91,41190,5039239810,128819,127000,122000,-6819,-5.29,122341,-6478,-5.03,120210,127000,1399-6-2
477,غمينو,شركت صنايع غذايي مينو شرق,91,147688,2680241824,19103,18148,18148,-955,-5.0,19048,-55,-0.29,18148,18148,1399-6-2
478,تسه9707,امتياز تسهيلات مسكن مهر97,91,1734,1352328135,748873,780000,770690,21817,2.91,779889,31016,4.14,752255,786316,1399-6-2
479,آبين,كشت و صنعت آبشيرين,90,200806,1075115324,5519,5354,5354,-165,-2.99,5510,-9,-0.16,5354,5354,1399-6-2
480,زشريف,كشت وصنعت شريف آباد,89,88284,2752253700,32815,31175,31175,-1640,-5.0,32718,-97,-0.3,31175,31175,1399-6-2
481,تسه9709,امتياز تسهيلات مسكن آذر97,88,1686,1328499931,753464,741010,760020,6556,0.87,787960,34496,4.58,741010,791137,1399-6-2
482,ساربيل,سيمان آرتا اردبيل,87,33707,4246719660,132610,126000,125980,-6630,-5.0,132010,-600,-0.45,125980,126000,1399-6-2
483,زدشت,كشت و صنعت دشت خرم دره,86,542200,37373303800,72556,68929,68929,-3627,-5.0,69648,-2908,-4.01,68929,68929,1399-6-2
484,پلوله,گازلوله‌,86,1984121,34801482340,17367,17540,17540,173,1.0,17540,173,1.0,17540,17540,1399-6-2
485,اخزا812,اسنادخزانه-م12بودجه98-001111,86,461689,359152494996,776210,766900,777001,791,0.1,777910,1700,0.22,766900,778480,1399-6-2
486,بالاس,مهندسي ساختمان تاسيسات راه آهن,85,58858,3237896296,57907,55012,55012,-2895,-5.0,57708,-199,-0.34,55012,55012,1399-6-2
487,ميهن,بيمه ميهن,85,260983,1848281606,7454,7082,7082,-372,-4.99,7439,-15,-0.2,7082,7082,1399-6-2
488,زعف9908پ05,زعفران9908نگين زرين(پ),82,45997,4552621632,99333,101111,100000,667,0.67,98976,-357,-0.36,95500,101111,1399-6-2
489,وتوصا,گروه س توسعه صنعتي ايران,81,156658,2711749980,18220,17310,17310,-910,-4.99,18170,-50,-0.27,17310,17310,1399-6-2
490,گنجين2,صندوق س. گنجينه يكم آويد-د,80,8000000,8000000,11168,1,1,-11167,-99.99,1,-11167,-99.99,1,1,1399-6-2
491,داريك,صندوق س.اعتماد داريك-د,80,836458,8271595851,9890,9997,9847,-43,-0.43,9889,-1,-0.01,9843,9997,1399-6-2
492,فايرا,آلومينيوم‌ايران‌,78,59266,1291406140,22930,21790,21790,-1140,-4.97,22900,-30,-0.13,21790,21790,1399-6-2
493,بسويچ,پارس‌سويچ‌,77,35540,1840261200,54500,51780,51780,-2720,-4.99,54390,-110,-0.2,51780,51780,1399-6-2
494,فلوله,لوله‌وماشين‌سازي‌ايران‌,76,79471,2583602210,34220,32510,32510,-1710,-5.0,34120,-100,-0.29,32510,32510,1399-6-2
495,فبيرا,بسته‌ بندي‌ ايران‌,75,1193509,7016639411,6188,5879,5879,-309,-4.99,6071,-117,-1.89,5879,5879,1399-6-2
496,نيرو,نيرو سرمايه,75,345265,24598750190,73449,71246,71246,-2203,-3.0,71246,-2203,-3.0,71246,71246,1399-6-2
497,اتكاي,بيمه اتكايي ايرانيان,74,484090,6332865380,13770,13082,13082,-688,-5.0,13677,-93,-0.68,13082,13082,1399-6-2
498,سكه0011پ02,سكه تمام بهارتحويلي 1روزه ملت,74,41200,44226040000,1064556,1073955,1072000,7444,0.7,1073448,8892,0.84,1061000,1073955,1399-6-2
499,فماك,ماداكتو استيل كرد,73,1836000,52326000000,28986,28500,28500,-486,-1.68,28500,-486,-1.68,28500,28500,1399-6-2
500,بزاگرس,نيروگاه زاگرس كوثر,72,89043,1677302991,19828,18837,18837,-991,-5.0,19792,-36,-0.18,18837,18837,1399-6-2
501,ثزاگرس,سرمايه گذاري توسعه عمران زاگرس,72,109427,2763247754,26029,25249,25249,-780,-3.0,25918,-111,-0.43,25249,26100,1399-6-2
502,حپترو,حمل و نقل پتروشيمي( سهامي عام,72,31396,987762240,33090,31440,31440,-1650,-4.99,33060,-30,-0.09,31440,32480,1399-6-2
503,الماس,صندوق س.امين تدبيرگران فردا-س,71,43248,5801553817,138945,138945,132000,-6945,-5.0,134146,-4799,-3.45,132000,138945,1399-6-2
504,غالبر,لبنيات‌ كالبر,71,116925,1668519750,15020,14270,14270,-750,-4.99,14990,-30,-0.2,14270,14270,1399-6-2
505,خوساز,محورسازان‌ايران‌خودرو,69,138805,1443572000,10940,10400,10400,-540,-4.94,10920,-20,-0.18,10400,10400,1399-6-2
506,شجم,صنايع پتروشيمي تخت جمشيد,69,711919,8246157777,11941,11583,11583,-358,-3.0,11843,-98,-0.82,11583,11583,1399-6-2
507,خكاوه,سايپا ديزل,68,201345,1524987030,7808,7574,7574,-234,-3.0,7789,-19,-0.24,7574,7574,1399-6-2
508,شپترو,پتروشيمي آبادان,68,204502,1955857128,9859,9564,9564,-295,-2.99,9832,-27,-0.27,9564,9564,1399-6-2
509,وآرين,شركت توسعه اقتصادي آرين,68,192857,1248556218,6674,6474,6474,-200,-3.0,6661,-13,-0.19,6474,6474,1399-6-2
510,ختراك,ريخته‌گري‌ تراكتورسازي‌ ايران‌,68,68278,1517819940,23390,22230,22230,-1160,-4.96,23350,-40,-0.17,22230,22230,1399-6-2
511,تسه9808,امتياز تسهيلات مسكن آبان98,68,1402,1083973124,736345,773162,773162,36817,5.0,773162,36817,5.0,773162,773162,1399-6-2
512,سفاسي,شركت فارسيت اهواز,67,289506,3573083052,12723,12342,12342,-381,-2.99,12651,-72,-0.57,12342,12342,1399-6-2
513,سمايه,بانك سرمايه,67,74354,929127584,12882,12496,12496,-386,-3.0,12864,-18,-0.14,12496,12496,1399-6-2
514,ختور,رادياتور ايران‌,67,30132,1248670080,43620,41440,41440,-2180,-5.0,43560,-60,-0.14,41440,41440,1399-6-2
515,قشكر,شكرشاهرود,66,224064,14232545280,66860,63520,63520,-3340,-5.0,65810,-1050,-1.57,63520,63520,1399-6-2
516,خلنت,لنت‌ ترمزايران‌,66,17546,1767233120,106020,100720,100720,-5300,-5.0,105820,-200,-0.19,100720,100720,1399-6-2
517,سكرما,سيمان‌ كرمان‌,64,164979,3149449110,20090,19090,19090,-1000,-4.98,20020,-70,-0.35,19090,19090,1399-6-2
518,لسرما,سرما آفرين‌,64,95972,2766872760,30340,28830,28830,-1510,-4.98,30250,-90,-0.3,28830,28830,1399-6-2
519,آكورد2,صندوق س. آرمان آتي كوثر-د,63,6300000,6300000,28454,1,1,-28453,-100.0,1,-28453,-100.0,1,1,1399-6-2
520,كگاز,شيشه‌ و گاز,63,67665,1858757550,28910,27470,27470,-1440,-4.98,28850,-60,-0.21,27470,27470,1399-6-2
521,زعف9908پ09,زعفران9908نگين نوين(پ),62,69907,6624208224,98208,99700,98500,292,0.3,94757,-3451,-3.51,93557,99700,1399-6-2
522,چكاوه,صنايع‌كاغذسازي‌كاوه‌,61,28548,1139065200,42000,39900,39900,-2100,-5.0,41950,-50,-0.12,39900,39900,1399-6-2
523,سمتاز,سيمان ممتازان كرمان,61,105934,2539891821,24702,23990,23961,-741,-3.0,24607,-95,-0.38,23961,24000,1399-6-2
524,افرا,افرانت,61,67950,4977745200,77111,73256,73256,-3855,-5.0,76692,-419,-0.54,73256,73256,1399-6-2
525,غپآذر,شير پگاه آذربايجان شرقي,61,20758,1202552546,60981,57932,57932,-3049,-5.0,60904,-77,-0.13,57932,57933,1399-6-2
526,اخزا818,اسنادخزانه-م18بودجه98-010614,61,80754,56535270373,697627,700000,696410,-1217,-0.17,700092,2465,0.35,695700,701508,1399-6-2
527,زبينا,كشاورزي و دامپروري بينالود,60,27016,1772708872,69070,65617,65617,-3453,-5.0,68940,-130,-0.19,65617,65617,1399-6-2
528,لابسا,آبسال‌,60,79330,3323133700,44090,41890,41890,-2200,-4.99,43930,-160,-0.36,41890,41890,1399-6-2
529,اخزا820,اسنادخزانه-م20بودجه98-020806,60,222038,128827673921,575495,578000,583000,7505,1.3,580205,4710,0.82,578000,583400,1399-6-2
530,شساخت,مهندسي و ساختمان صنايع نفت,59,48839,2618161112,55265,53608,53608,-1657,-3.0,55185,-80,-0.14,53608,53608,1399-6-2
531,غپاك,لبنيات‌ پاك‌,59,240520,4610768400,20170,19170,19170,-1000,-4.96,20070,-100,-0.5,19170,19170,1399-6-2
532,چفيبر,فيبر ايران‌,59,307132,3381523320,11580,11010,11010,-570,-4.92,11540,-40,-0.35,11010,11010,1399-6-2
533,تكنار,مجتمع معادن مس تكنار,59,84845,5215676685,59683,61473,61473,1790,3.0,60133,450,0.75,61473,61473,1399-6-2
534,معيار,سرمايه گذاري معيار صنعت پارس,58,173613,4714981854,26626,27158,27158,532,2.0,26863,237,0.89,27158,27158,1399-6-2
535,فپنتا,سپنتا,58,26614,7710341940,275920,289710,289710,13790,5.0,277930,2010,0.73,289710,289710,1399-6-2
536,نگين,ص.س. زمين و ساختمان نگين شهرري,58,72529,3692043510,50590,50000,51000,410,0.81,50900,310,0.61,50000,51000,1399-6-2
537,دسبحان,سبحان دارو,58,117967,3306615010,29500,28030,28030,-1470,-4.98,29400,-100,-0.34,28030,28030,1399-6-2
538,تسه9809,امتياز تسهيلات مسكن آذر98,57,749,580003130,737496,774370,774370,36874,5.0,774370,36874,5.0,774370,774370,1399-6-2
539,وثنو,سرمايه گذاري ساختماني نوين,57,143832,2786187139,20908,19863,19000,-1908,-9.13,20675,-233,-1.11,19000,19863,1399-6-2
540,قپيرا,فرآورده‌هاي‌غدايي‌وقندپيرانشهر,57,16929,1403186830,87230,83000,82870,-4360,-5.0,87100,-130,-0.15,82870,83010,1399-6-2
541,اخزا807,اسنادخزانه-م7بودجه98-000719,56,145269,119104582891,818988,819900,820010,1022,0.12,819890,902,0.11,811011,822000,1399-6-2
542,نتوس,پشم‌ بافي‌ توس,56,53487,753150447,14822,14081,14081,-741,-5.0,14793,-29,-0.2,14081,14081,1399-6-2
543,غصينو,صنعتي مينو,56,86141,3338652878,39956,38758,38758,-1198,-3.0,39896,-60,-0.15,38758,38758,1399-6-2
544,ارمغان,ص سرمايه گذاري ارمغان ايرانيان,56,1400398,14128078080,10080,10090,10110,30,0.3,10090,10,0.1,10080,10110,1399-6-2
545,دارا2,صندوق س. دارا الگوريتم-د,55,5500000,5500000,10012,1,1,-10011,-99.99,1,-10011,-99.99,1,1,1399-6-2
546,فالوم,آلومتك‌,55,88412,3390953848,39540,38354,38354,-1186,-3.0,39332,-208,-0.53,38354,38354,1399-6-2
547,زقيام,كشت و دام قيام اصفهان,55,31071,1276210254,43235,41074,41074,-2161,-5.0,43176,-59,-0.14,41074,41074,1399-6-2
548,خپويش,سازه‌ پويش‌,54,14231,2050544790,151670,144090,144090,-7580,-5.0,151340,-330,-0.22,144090,144090,1399-6-2
549,وآرينح,ح. شركت توسعه اقتصادي آرين,54,1249515,5762564896,4751,4610,4609,-142,-2.99,4612,-139,-2.93,4609,4870,1399-6-2
550,بمپنا,توليد برق عسلويه  مپنا,54,7647,926533461,127540,121163,121163,-6377,-5.0,127415,-125,-0.1,121163,121163,1399-6-2
551,تسه9803,امتياز تسهيلات مسكن خرداد98,53,738,574347762,741190,778249,778249,37059,5.0,778249,37059,5.0,778249,778249,1399-6-2
552,تسه9801,امتياز تسهيلات مسكن فروردين98,52,368,283189949,746494,770000,752000,5506,0.74,769538,23044,3.09,751039,783818,1399-6-2
553,زعف9908پ14,زعفران9908پوشالمعمول نوين(پ),52,7848,521211638,68328,68983,67495,-833,-1.22,66413,-1915,-2.8,65006,68983,1399-6-2
554,ضصاد8020,اختيارخ وبصادر-4400-1399/08/11,51,1113,373243000,787,420,440,-347,-44.09,335,-452,-57.43,300,440,1399-6-2
555,شجمح,ح. صنايع پتروشيمي تخت جمشيد,51,533901,4363038972,8424,8172,8172,-252,-2.99,8172,-252,-2.99,8172,8172,1399-6-2
556,زكشت,كشاورزي مكانيزه اصفهان كشت,50,37232,1449069440,40968,38920,38920,-2048,-5.0,40905,-63,-0.15,38920,38920,1399-6-2
557,ساروج,بين المللي ساروج بوشهر,50,63072,1677706370,26185,26970,25400,-785,-3.0,26219,34,0.13,25400,26970,1399-6-2
558,كهرام,توليدي گرانيت بهسرام,50,29422,1341172448,44257,45584,45584,1327,3.0,44340,83,0.19,45584,45584,1399-6-2
559,سقاين,سيمان‌ قائن‌,50,24289,1163928880,50440,47920,47920,-2520,-5.0,50380,-60,-0.12,47920,47920,1399-6-2
560,اوان,مبين وان كيش,50,30528,1904825088,65679,62396,62396,-3283,-5.0,65546,-133,-0.2,62396,62396,1399-6-2
561,وتعاون,بيمه  تعاون,49,182131,1160174470,6566,6370,6370,-196,-2.99,6554,-12,-0.18,6370,6370,1399-6-2
562,بنيرو,نيروترانس‌,49,16186,1230783440,80040,76040,76040,-4000,-5.0,79930,-110,-0.14,76040,76040,1399-6-2
563,ثشرق,سرمايه گذاري مسكن شمال شرق,47,200617,1564812600,8210,7800,7800,-410,-4.99,8200,-10,-0.12,7800,7800,1399-6-2
564,اخزا804,اسنادخزانه-م4بودجه98-000421,47,17180,14725094348,860697,853015,858641,-2056,-0.24,857107,-3590,-0.42,853014,860000,1399-6-2
565,وهنر,گروه توسعه هنر ايران,47,220509,1440144279,6732,6531,6531,-201,-2.99,6717,-15,-0.22,6531,6531,1399-6-2
566,ثپرديس,سرمايه گذاري مسكن پرديس,47,70729,1044667330,15547,14770,14770,-777,-5.0,15530,-17,-0.11,14770,14770,1399-6-2
567,اخزا814,اسنادخزانه-م14بودجه98-010318,46,48745,35516459127,730101,726101,729099,-1002,-0.14,728617,-1484,-0.2,726101,730101,1399-6-2
568,تسه9802,امتياز تسهيلات مسكن ارديبهشت98,46,609,472962588,739803,742010,776793,36990,5.0,776622,36819,4.98,742010,776793,1399-6-2
569,تسه9710,امتياز تسهيلات مسكن دي 97,46,661,511001630,738922,775868,775000,36078,4.88,773074,34152,4.62,755160,775868,1399-6-2
570,اخزا821,اسنادخزانه-م21بودجه98-020906,46,31330,18271830198,574541,575000,574000,-541,-0.09,583206,8665,1.51,573051,585000,1399-6-2
571,شصفها,پتروشيمي‌ اصفهان‌,46,120483,12854572236,108869,106692,106692,-2177,-2.0,106692,-2177,-2.0,106692,106692,1399-6-2
572,خفولا,خدمات فني فولاد يزد,45,29106,882115542,31244,30307,30307,-937,-3.0,31201,-43,-0.14,30307,30307,1399-6-2
573,ساروجح,ح . بين المللي ساروج بوشهر,45,77185,1323843274,17662,17160,17133,-529,-3.0,17152,-510,-2.89,17133,17170,1399-6-2
574,تسه9711,امتياز تسهيلات مسكن بهمن 97,44,250,189825592,738166,721201,757000,18834,2.55,759302,21136,2.86,721100,775074,1399-6-2
575,وحكمت,بيمه حكمت صبا,44,232057,1416707985,6293,6105,6105,-188,-2.99,6279,-14,-0.22,6105,6105,1399-6-2
576,ياقوت,صندوق س ياقوت آگاه-ثابت,44,59378,646422550,10960,11000,10910,-50,-0.46,10890,-70,-0.64,10850,11000,1399-6-2
577,واعتبار,سرمايه گذاري اعتبار ايران,44,118421,1027894280,9130,8680,8680,-450,-4.93,9120,-10,-0.11,8680,8680,1399-6-2
578,وثوق,سرمايه گذاري وثوق امين,43,91198,1534679944,17348,16828,16828,-520,-3.0,17306,-42,-0.24,16828,16828,1399-6-2
579,كقزوي,شيشه‌ قزوين‌,43,259182,3048498684,12125,11762,11762,-363,-2.99,12068,-57,-0.47,11762,11762,1399-6-2
580,فلات,گروه صنايع معادن فلات ايرانيان,41,65264,1155303328,18249,17702,17702,-547,-3.0,18216,-33,-0.18,17702,17702,1399-6-2
581,فسا,پتروشيمي فسا,41,217875,704607750,3334,3234,3234,-100,-3.0,3330,-4,-0.12,3234,3234,1399-6-2
582,لبوتان,گروه‌صنعتي‌بوتان‌,40,46297,3990338430,90720,86190,86190,-4530,-4.99,90330,-390,-0.43,86190,86190,1399-6-2
583,ساذري,آذريت‌,40,22500,3460207500,149308,153787,153787,4479,3.0,150059,751,0.5,153787,153787,1399-6-2
584,فنورد,نوردوقطعات‌ فولادي‌,39,50484,5832921360,110040,115540,115540,5500,5.0,110650,610,0.55,115540,115540,1399-6-2
585,كلوند,كاشي‌ الوند,39,101952,2828148480,29190,27740,27740,-1450,-4.97,29100,-90,-0.31,27740,27740,1399-6-2
586,غنيلي,مجتمع توليدي نيلي صنعت كرمان,39,1550000,30509866271,19689,19686,19689,0,0.0,19684,-5,-0.03,19650,19689,1399-6-2
587,نمرينو,ايران‌ مرينوس‌,38,175901,13627050470,73790,77470,77470,3680,4.99,74740,950,1.29,77470,77470,1399-6-2
588,داراب,پتروشيمي داراب,37,305009,1019035069,3444,3341,3341,-103,-2.99,3439,-5,-0.15,3341,3341,1399-6-2
589,سغرب,سيمان‌غرب‌,37,17359,424601140,25740,24460,24460,-1280,-4.97,25730,-10,-0.04,24460,24460,1399-6-2
590,سكه0112پ03,سكه تمام بهارتحويلي1روزه سامان,37,19900,21365131500,1065517,1073955,1070000,4483,0.42,1073625,8108,0.76,1070000,1073955,1399-6-2
591,تسه9712,امتياز تسهيلات مسكن اسفند97,36,412,318883240,737543,730000,774420,36877,5.0,773988,36445,4.94,730000,774420,1399-6-2
592,دقاضي,داروسازي شهيد قاضي,36,3901,412365447,108933,105666,105666,-3267,-3.0,108864,-69,-0.06,105666,108899,1399-6-2
593,ثعتما,س. ساختماني اعتماد گستر,36,238387,6885808495,30405,28885,28885,-1520,-5.0,29851,-554,-1.82,28885,28885,1399-6-2
594,اخزا813,اسنادخزانه-م13بودجه98-010219,36,20210,14925104130,745150,746000,740000,-5150,-0.69,738501,-6649,-0.89,737000,746000,1399-6-2
595,ثتوسا,س.توسعه و عمران استان اردبيل,36,10450,855729600,84420,81888,81888,-2532,-3.0,84307,-113,-0.13,81888,81888,1399-6-2
596,ضخود7053,اختيارخ خودرو-3200-1399/07/09,36,466,624394000,1448,1401,1500,52,3.59,1340,-108,-7.46,1300,1650,1399-6-2
597,پتاير,ايران‌ تاير,36,7613,791904260,109490,104020,104020,-5470,-5.0,109400,-90,-0.08,104020,104020,1399-6-2
598,داسوه,داروسازي‌ اسوه‌,36,19881,818103150,43310,41150,41150,-2160,-4.99,43270,-40,-0.09,41150,41150,1399-6-2
599,مفاخر,توسعه فناوري اطلاعات خوارزمي,36,205640,9502624400,48642,46210,46210,-2432,-5.0,48147,-495,-1.02,46210,46210,1399-6-2
600,اعتلا,شركت سرمايه گذاري اعتلاء البرز,35,227701,3397071219,15704,14919,14919,-785,-5.0,15648,-56,-0.36,14919,14919,1399-6-2
601,ضخود7055,اختيارخ خودرو-3600-1399/07/09,35,736,653526000,1349,1415,1100,-249,-18.46,888,-461,-34.17,680,1415,1399-6-2
602,شزنگ,تجهيزنيروي‌زنگان‌,35,27617,2541702978,93912,92034,92034,-1878,-2.0,93417,-495,-0.53,92034,92034,1399-6-2
603,اوصتا,صندوق انديشه ورزان صباتامين -د,35,513893,8438892966,16430,16439,16428,-2,-0.01,16421,-9,-0.05,16421,16440,1399-6-2
604,كتوكا,توليدي و خدمات صنايع نسوز توكا,34,16580,2723745820,172925,164279,164279,-8646,-5.0,172421,-504,-0.29,164279,164279,1399-6-2
605,وسنا,سرمايه گذاري نيروگاهي ايران,34,64936,1889897344,30635,29104,29104,-1531,-5.0,30533,-102,-0.33,29104,29104,1399-6-2
606,دكوثر,داروسازي‌ كوثر,34,26061,788605860,31850,30260,30260,-1590,-4.99,31820,-30,-0.09,30260,30260,1399-6-2
607,كاسپين,داروسازي كاسپين تامين,34,18857,582700157,32527,30901,30901,-1626,-5.0,32507,-20,-0.06,30901,30901,1399-6-2
608,ضپاس7017,اختيارخ وپارس-4400-1399/07/30,34,610,1046632000,2119,2130,1551,-568,-26.81,1716,-403,-19.02,1551,2130,1399-6-2
609,كصدف,كاشي صدف سرام استقلال آباده,34,139882,1823361870,12780,13035,13035,255,2.0,12825,45,0.35,13035,13035,1399-6-2
610,ضملي8087,اختيارخ فملي-59750-1399/08/06,33,749,808695000,1457,1191,120,-1337,-91.76,1080,-377,-25.88,100,1600,1399-6-2
611,دسينا,داروسازي‌ سينا,33,44777,1607942070,37800,35910,35910,-1890,-5.0,37740,-60,-0.16,35910,35910,1399-6-2
612,بميلا,توسعه بازرگاني آهن وفولادميلاد,33,144876,6207212220,44170,42845,42845,-1325,-3.0,43733,-437,-0.99,42845,42845,1399-6-2
613,قمرو,قند مرودشت‌,32,13375,488990000,38480,36560,36560,-1920,-4.99,38460,-20,-0.05,36560,36560,1399-6-2
614,تسه9807,امتياز تسهيلات مسكن مهر98,32,208,162273488,743011,780161,780161,37150,5.0,780161,37150,5.0,780161,780161,1399-6-2
615,فنوال,نورد آلومينيوم‌,32,24673,1020722010,43540,41370,41370,-2170,-4.98,43490,-50,-0.11,41370,41370,1399-6-2
616,اخزا806,اسنادخزانه-م6بودجه98-000519,32,74820,63772167260,845199,830015,847000,1801,0.21,852341,7142,0.85,830015,858000,1399-6-2
617,ثاباد,توريستي ورفاهي آبادگران ايران,31,31466,1128685420,37750,35870,35870,-1880,-4.98,37700,-50,-0.13,35870,35870,1399-6-2
618,سخزر,سيمان‌ خزر,31,10753,409796830,40110,38110,38110,-2000,-4.99,40090,-20,-0.05,38110,38110,1399-6-2
619,سهگمت,سيمان‌هگمتان‌,31,35052,846155280,25410,24140,24140,-1270,-5.0,25390,-20,-0.08,24140,24140,1399-6-2
620,سكارون,سيمان كارون,31,22544,2996368128,137022,132912,132912,-4110,-3.0,136372,-650,-0.47,132912,132912,1399-6-2
621,قهكمت,قندهكمتان‌,31,139381,7869451260,59430,56460,56460,-2970,-5.0,58940,-490,-0.82,56460,56460,1399-6-2
622,خكمك,كمك‌فنرايندامين‌,31,37577,2419207260,67760,64380,64380,-3380,-4.99,67580,-180,-0.27,64380,64380,1399-6-2
623,افران,صندوق س افرا نماد پايدار-ثابت,31,509468,5893617410,11640,11610,11590,-50,-0.43,11570,-70,-0.6,10540,11640,1399-6-2
624,آينده,بازرگاني آينده سازان بهشت پارس,30,50953,1289671383,26093,25311,25311,-782,-3.0,26040,-53,-0.2,25311,25311,1399-6-2
625,ضچاد7024,اختيارخ كچاد-23300-1399/07/07,30,287,540823000,2358,2102,1850,-508,-21.54,1884,-474,-20.1,1800,2102,1399-6-2
626,ثالوند,سرمايه گذاري مسكن الوند,30,49189,853281583,18259,17347,17347,-912,-4.99,18242,-17,-0.09,17347,17347,1399-6-2
627,ضصاد8012,اختيارخ وبصادر-2800-1399/08/11,30,637,637003000,1229,1001,1000,-229,-18.63,1000,-229,-18.63,1000,1001,1399-6-2
628,ضخود7056,اختيارخ خودرو-3800-1399/07/09,30,349,462129000,1359,1445,1050,-309,-22.74,1324,-35,-2.58,1050,3100,1399-6-2
629,پارتا,مجتمع‌صنعتي‌آرتاويل‌تاير,29,19820,1409102900,73293,71095,71095,-2198,-3.0,73202,-91,-0.12,71095,71095,1399-6-2
630,ضفلا8082,اختيارخ فولاد-13775-1399/08/28,29,295,1525565000,7008,5001,5750,-1258,-17.95,5171,-1837,-26.21,4651,5950,1399-6-2
631,لخانه,لوازم‌ خانگي‌ پارس‌,29,29810,1818350380,62884,60998,60998,-1886,-3.0,62705,-179,-0.28,60998,60998,1399-6-2
632,خفنر,فنرسازي‌خاور,29,29359,642374920,23030,21880,21880,-1150,-4.99,23010,-20,-0.09,21880,21880,1399-6-2
633,كطبس,ذغال‌سنگ‌ نگين‌ ط‌بس‌,29,18490,1113837600,63410,60240,60240,-3170,-5.0,63330,-80,-0.13,60240,60240,1399-6-2
634,ضملي8077,اختيارخ فملي -29750-1399/08/06,28,114,488231000,5983,3700,5500,-483,-8.07,4283,-1700,-28.41,3600,5500,1399-6-2
635,تمحركه,ماشين‌سازي‌نيرومحركه‌,28,41532,995937360,25240,23980,23980,-1260,-4.99,25210,-30,-0.12,23980,23980,1399-6-2
636,اخزا713,اسنادخزانه-م13بودجه97-000518,28,33358,28280002085,846005,823833,855000,8995,1.06,847773,1768,0.21,823823,866000,1399-6-2
637,وارس,سرمايه گذاري ارس صبا,27,63376,9747228800,158556,153800,153800,-4756,-3.0,156093,-2463,-1.55,153800,153800,1399-6-2
638,شكف,كف,27,24415,794415270,31900,32538,32538,638,2.0,31948,48,0.15,32538,32538,1399-6-2
639,سنوين,سرمايه گذاري اقتصاد نوين,27,86279,1095311905,12954,12695,12695,-259,-2.0,12925,-29,-0.22,12695,12695,1399-6-2
640,آرمان,بيمه آرمان,26,1155082,4690788002,3905,4061,4061,156,3.99,3975,70,1.79,4061,4061,1399-6-2
641,وملت,سرمايه گذاري ملت,26,99726,642035988,6637,6438,6438,-199,-3.0,6630,-7,-0.11,6438,6438,1399-6-2
642,سشمال,سيمان‌ شمال‌,26,53118,715499460,14170,13470,13470,-700,-4.94,14160,-10,-0.07,13470,13470,1399-6-2
643,ضصاد8015,اختيارخ وبصادر-3400-1399/08/11,26,242,196202000,1066,1100,800,-266,-24.95,811,-255,-23.92,700,1100,1399-6-2
644,ضپاس7018,اختيارخ وپارس-4600-1399/07/30,26,252,431999000,1951,1900,1700,-251,-12.87,1714,-237,-12.15,1600,2000,1399-6-2
645,سخواف,سيمان مجد خواف,25,17992,345176520,19778,19185,19185,-593,-3.0,19767,-11,-0.06,19185,19185,1399-6-2
646,دشيري,شيرين دارو,25,3588,773867016,222352,215682,215682,-6670,-3.0,222082,-270,-0.12,215682,215682,1399-6-2
647,سصفها,سيمان‌اصفهان‌,25,3978,537030000,142100,135000,135000,-7100,-5.0,142020,-80,-0.06,135000,135000,1399-6-2
648,زعف9908پ13,زعفران9908پوشالمعمول روستا(پ),25,2676,179331017,65699,68897,66000,301,0.46,67015,1316,2.0,65200,68897,1399-6-2
649,ثرود,سرمايه‌گذاري مسكن زاينده رود,25,142155,1890092880,13995,13296,13296,-699,-4.99,13967,-28,-0.2,13296,13296,1399-6-2
650,وسرمد,بيمه  سرمد,25,110383,1093012466,10208,9902,9902,-306,-3.0,10191,-17,-0.17,9902,9902,1399-6-2
651,ضجار7020,اختيارخ وتجارت-2400-1399/07/22,25,276,234600000,2500,850,850,-1650,-66.0,850,-1650,-66.0,850,850,1399-6-2
652,اخزا703,اسنادخزانه-م3بودجه97-990721,24,9306,9086870956,976266,975002,977001,735,0.08,976453,187,0.02,975002,978400,1399-6-2
653,تسه9806,امتياز تسهيلات مسكن شهريور98,24,228,176461740,737100,773955,773955,36855,5.0,773955,36855,5.0,773955,773955,1399-6-2
654,ضپاس7016,اختيارخ وپارس-4200-1399/07/30,24,369,698438000,2178,2062,1890,-288,-13.22,1893,-285,-13.09,1700,2062,1399-6-2
655,جهرم,پتروشيمي جهرم,24,69753,243228711,3594,3487,3487,-107,-2.98,3593,-1,-0.03,3487,3487,1399-6-2
656,حبندر,دريايي و کشتيراني خط دريابندر,23,17670,468537720,27336,26516,26516,-820,-3.0,27316,-20,-0.07,26516,26516,1399-6-2
657,صايپا203,صكوك مرابحه سايپا203-3ماهه 16%,23,2265,2120656284,939200,980000,932000,-7200,-0.77,936272,-2928,-0.31,920330,980000,1399-6-2
658,ضصاد8000,اختيارخ وبصادر-1200-1399/08/11,23,296,559468000,2593,1850,1950,-643,-24.8,1890,-703,-27.11,1850,2100,1399-6-2
659,قزوين,كارخانجات‌ قند قزوين‌,23,250061,13483289120,56750,53920,53920,-2830,-4.99,55940,-810,-1.43,53920,53920,1399-6-2
660,تپمپي,پمپ‌ سازي‌ ايران‌,23,15504,791479200,53730,51050,51050,-2680,-4.99,53690,-40,-0.07,51050,51050,1399-6-2
661,وثخوز,سرمايه گذاري و توسعه خوزستان,22,18616,760389136,42109,40846,40846,-1263,-3.0,42060,-49,-0.12,40846,40846,1399-6-2
662,غگلپا,شير پاستوريزه پگاه گلپايگان,22,5886,461221074,82483,78359,78359,-4124,-5.0,82443,-40,-0.05,78359,78359,1399-6-2
663,زعف9908پ16,زعفران9908نگين بيرجند(پ),22,13415,1310520165,97054,95600,99000,1946,2.01,97691,637,0.66,95300,99000,1399-6-2
664,ثباغ,شهر سازي و خانه سازي باغميشه,22,69824,1471959744,22190,21081,21081,-1109,-5.0,22156,-34,-0.15,21081,21081,1399-6-2
665,تسه9804,امتياز تسهيلات مسكن تير98,22,151,118340412,752783,760222,785000,32217,4.28,783711,30928,4.11,760222,790422,1399-6-2
666,كپشير,پشم‌شيشه‌ايران‌,22,10519,605578830,60590,57570,57570,-3020,-4.98,60550,-40,-0.07,57570,57570,1399-6-2
667,اخزا718,اسنادخزانه-م18بودجه97-000525,21,97302,84357907300,844061,850000,864999,20938,2.48,866970,22909,2.71,850000,869000,1399-6-2
668,ضجار7036,اختيارخ وتجارت-6500-1399/07/22,21,351,58950000,210,200,149,-61,-29.05,168,-42,-20.0,149,200,1399-6-2
669,زعف9908پ08,زعفران9908نگين روستا(پ),21,8240,802752800,99083,100000,99000,-83,-0.08,97421,-1662,-1.68,95800,100000,1399-6-2
670,زعف9908پ17,زعفران9908پوشالمعمول بيرجند(پ),21,2862,190850365,65632,68900,65009,-623,-0.95,66684,1052,1.6,64001,68900,1399-6-2
671,تسه9805,امتياز تسهيلات مسكن مرداد98,21,227,181727333,762449,800000,800571,38122,5.0,800561,38112,5.0,800000,800571,1399-6-2
672,ضشنا7075,اختيارخ شپنا-18522-1399/07/28,21,525,6048456000,12469,15000,11500,-969,-7.77,11521,-948,-7.6,10000,15000,1399-6-2
673,وحافظ,بيمه حافظ,21,6264,378771552,62338,60468,60468,-1870,-3.0,62301,-37,-0.06,60468,60468,1399-6-2
674,سفار,سيمان‌فارس‌,21,4590,523948500,120150,114150,114150,-6000,-4.99,120080,-70,-0.06,114150,114150,1399-6-2
675,كساپا,سايپاشيشه‌,21,14871,335489760,23740,22560,22560,-1180,-4.97,23730,-10,-0.04,22560,22560,1399-6-2
676,كساوه,صنايع‌ كاشي‌ و سراميك‌ سينا,20,61600,2680216000,45790,43510,43510,-2280,-4.98,45660,-130,-0.28,43510,43510,1399-6-2
677,ضجار7019,اختيارخ وتجارت-2200-1399/07/22,20,588,469057000,1605,911,890,-715,-44.55,798,-807,-50.28,502,911,1399-6-2
678,ضصاد8017,اختيارخ وبصادر-3800-1399/08/11,20,571,277500000,1199,500,500,-699,-58.3,486,-713,-59.47,420,500,1399-6-2
679,دكيمي,كيميدارو,20,14573,462401290,33390,31730,31730,-1660,-4.97,33370,-20,-0.06,31730,31730,1399-6-2
680,فيروزه2,صندوق شاخص30 شركت فيروزه- سهام,20,200000,200000,201620,1,1,-201619,-100.0,1,-201619,-100.0,1,1,1399-6-2
681,صايند2,صندوق س. گنجينه آينده روشن-د,19,1900000,1900000,10097,1,1,-10096,-99.99,1,-10096,-99.99,1,1,1399-6-2
682,شسم,توليد سموم‌ علف‌ كش,19,9852,732289308,72872,74329,74329,1457,2.0,72976,104,0.14,74329,74329,1399-6-2
683,فمراد,آلومراد,19,2587,400881520,163110,154960,154960,-8150,-5.0,163040,-70,-0.04,154960,154960,1399-6-2
684,ضجار7024,اختيارخ وتجارت-3200-1399/07/22,19,118,52215000,790,600,402,-388,-49.11,442,-348,-44.05,402,600,1399-6-2
685,زعف9908پ11,زعفران9908نگين سحرخيز(پ),19,3212,319878114,99692,99501,100002,310,0.31,99588,-104,-0.1,99000,102999,1399-6-2
686,ضترا8040,اختيارخ شتران-16326-1399/08/11,19,169,1748900000,12281,10000,10400,-1881,-15.32,10349,-1932,-15.73,10000,10500,1399-6-2
687,دلقما,دارويي‌ لقمان‌,18,12294,434469960,37200,35340,35340,-1860,-5.0,37180,-20,-0.05,35340,35340,1399-6-2
688,فافزا,فولاد افزا سپاهان,18,14990,710346120,49882,47388,47388,-2494,-5.0,49788,-94,-0.19,47388,47388,1399-6-2
689,اخزا704,اسنادخزانه-م4بودجه97-991022,17,102072,95960103529,940103,940010,940103,0,0.0,940122,19,0.0,940010,941930,1399-6-2
690,خموتور,موتورسازان‌تراكتورسازي‌ايران‌,17,25379,366218970,15180,14430,14430,-750,-4.94,15170,-10,-0.07,14430,14430,1399-6-2
691,واحصا,احياء صنايع خراسان,17,10096,181778480,18561,18005,18005,-556,-3.0,18556,-5,-0.03,18005,18005,1399-6-2
692,بزاگرسح,ح . نيروگاه زاگرس كوثر,17,13177,188549693,15062,14309,14309,-753,-5.0,14309,-753,-5.0,14309,14309,1399-6-2
693,اخزا722,اسنادخزانه-م22بودجه97-000428,17,100500,88440000000,858552,880000,880000,21448,2.5,880000,21448,2.5,880000,880000,1399-6-2
694,تكنو,تكنوتار,17,50926,799538200,16520,15700,15700,-820,-4.96,16510,-10,-0.06,15700,15700,1399-6-2
695,ثغرب,شركت سرمايه گذاري مسكن شمالغرب,17,50704,736830528,15296,14532,14532,-764,-4.99,15284,-12,-0.08,14532,14532,1399-6-2
696,لپيام,گسترش صنايع پيام,16,11607,385665789,33905,33227,33227,-678,-2.0,33878,-27,-0.08,33227,33227,1399-6-2
697,ثاژن,سخت آژند,16,106314,1284060492,12324,12078,12078,-246,-2.0,12292,-32,-0.26,12078,12078,1399-6-2
698,پلاست,كارخانجات توليدي پلاستيران,16,14253,615843624,44544,43208,43208,-1336,-3.0,44502,-42,-0.09,43208,43208,1399-6-2
699,زعف9908پ15,زعفران9908پوشالمعمول طلاسرخ(پ),16,2123,143309195,67488,68880,65203,-2285,-3.39,67503,15,0.02,65203,68880,1399-6-2
700,زنگان,صنعت روي زنگان,16,1922,310725896,170176,161668,161668,-8508,-5.0,170120,-56,-0.03,161668,161668,1399-6-2
701,مداران,داده‌پردازي‌ايران‌,16,7145,285942900,42120,40020,40020,-2100,-4.99,42110,-10,-0.02,40020,40020,1399-6-2
702,زعف9908پ12,زعفران9908پوشالمعمول سحرخيز(پ),16,3055,207732858,64324,65000,68983,4659,7.24,67998,3674,5.71,65000,68983,1399-6-2
703,اخزا810,اسنادخزانه-م10بودجه98-001006,15,6902,5451025797,789726,788200,790000,274,0.03,789775,49,0.01,787048,790001,1399-6-2
704,اخزا721,اسنادخزانه-م21بودجه97-000728,15,4115,3351785586,816190,810599,816105,-85,-0.01,814529,-1661,-0.2,810599,816105,1399-6-2
705,سرو2,صندوق س سروسودمند مدبران-سهام,15,1500000,1500000,64460,1,1,-64459,-100.0,1,-64459,-100.0,1,1,1399-6-2
706,فسديد,لوله‌وتجهيزات‌ سديد - ورشكسته,15,52723,5465529795,102639,103665,103665,1026,1.0,103665,1026,1.0,103665,103665,1399-6-2
707,پست9908-04,پسته فندقي32-30سبزدانه9908,15,153,215289492,1433897,1455500,1401000,-32897,-2.29,1407121,-26776,-1.87,1400000,1456000,1399-6-2
708,وپسا,س. پتروشيمي ساختمان  خليج فارس,15,76780,451773520,6065,5884,5884,-181,-2.98,6061,-4,-0.07,5884,5884,1399-6-2
709,ضفلا8076,اختيارخ فولاد-8775-1399/08/28,14,302,2720800000,10988,9600,9000,-1988,-18.09,9009,-1979,-18.01,8500,9600,1399-6-2
710,ضپاس7000,اختيارخ وپارس-1500-1399/07/30,14,60,240042000,4314,4019,3800,-514,-11.91,4001,-313,-7.26,3800,4019,1399-6-2
711,اخزا624,اسنادخزانه-م24بودجه96-990625,14,5342,5269951918,987947,988000,991980,4033,0.41,986513,-1434,-0.15,985500,991980,1399-6-2
712,خفناور,مهندسي صنعتي روان فن آور,14,77360,2059632640,27447,26624,26624,-823,-3.0,27358,-89,-0.32,26624,26624,1399-6-2
713,ميدكوح,ح.هلدينگ صنايع معدن خاورميانه,13,5345,103318850,20347,19330,19330,-1017,-5.0,19330,-1017,-5.0,19330,19330,1399-6-2
714,خچرخش,چرخشگر,13,39084,942706080,25380,24120,24120,-1260,-4.96,25350,-30,-0.12,24120,24120,1399-6-2
715,ضچاد7013,اختيارخ كچاد-10300-1399/07/07,13,128,864250000,7659,7400,6300,-1359,-17.74,6752,-907,-11.84,6300,7500,1399-6-2
716,دالبرح,ح . البرزدارو,12,303780,5774300000,20020,20000,19000,-1020,-5.09,19010,-1010,-5.04,19000,20000,1399-6-2
717,وگردشح,ح . بانك گردشگري,12,7053,143697822,21446,20374,20374,-1072,-5.0,20374,-1072,-5.0,20374,20374,1399-6-2
718,ضفلا8086,اختيارخ فولاد-17775-1399/08/28,12,125,351800000,7818,3000,3000,-4818,-61.63,2814,-5004,-64.01,1500,3000,1399-6-2
719,عسناسنگ,سلف كنستانتره سنگ آهن سناباد,12,19,127644216,6605129,6740099,6740099,134970,2.04,6718116,112987,1.71,6607940,6740099,1399-6-2
720,پست9908-02,پسته فندقي32-30طلاسبززرند9908,12,78,113153991,1451125,1450000,1450000,-1125,-0.08,1450692,-433,-0.03,1450000,1455999,1399-6-2
721,كرونا2,تامين مالي جمعي صرفا اهداي سود,11,3389,33890000,10000,10000,10000,0,0.0,10000,0,0.0,10000,10000,1399-6-2
722,ضفلا8085,اختيارخ فولاد-16775-1399/08/28,11,50,216813000,5135,5001,4700,-435,-8.47,4336,-799,-15.56,4011,5001,1399-6-2
723,حخزر,كشتيراني درياي خزر,11,3363,119534472,37414,35544,35544,-1870,-5.0,37409,-5,-0.01,35544,35544,1399-6-2
724,سشمالح,ح . سيمان‌ شمال‌,11,268500,2781860000,11510,10370,10360,-1150,-9.99,10360,-1150,-9.99,10360,10370,1399-6-2
725,ضجار7014,اختيارخ وتجارت-1600-1399/07/22,11,131,192700000,3000,1700,1450,-1550,-51.67,1471,-1529,-50.97,1450,1700,1399-6-2
726,سفارود,كارخانه فارسيت درود,11,22146,156372906,7205,7061,7061,-144,-2.0,7203,-2,-0.03,7061,7061,1399-6-2
727,ضگل8058,اختيارخ كگل-14100-1399/08/21,11,58,333100000,16000,5200,5900,-10100,-63.13,5743,-10257,-64.11,5200,5900,1399-6-2
728,اخزا819,اسنادخزانه-م19بودجه98-020322,10,2771,1683048804,583655,590000,612837,29182,5.0,607380,23725,4.06,590000,612837,1399-6-2
729,صايپا112,صكوك مرابحه سايپا112-3ماهه 16%,10,34005,34005765555,987100,1036455,1036455,49355,5.0,1000022,12922,1.31,1000000,1036455,1399-6-2
730,ضجار7010,اختيارخ وتجارت-1200-1399/07/22,10,127,224925000,2048,1900,1950,-98,-4.79,1771,-277,-13.53,1700,1950,1399-6-2
731,تملي712,تسهيلات مسكن ب. ملي-اسفند97,10,200,39519800,188438,196859,197859,9421,5.0,197599,9161,4.86,196859,197859,1399-6-2
732,ضخود7057,اختيارخ خودرو-4000-1399/07/09,10,102,90361000,1348,1001,900,-448,-33.23,886,-462,-34.27,751,1001,1399-6-2
733,ضجار7026,اختيارخ وتجارت-3600-1399/07/22,10,37,14985000,700,405,400,-300,-42.86,405,-295,-42.14,400,410,1399-6-2
734,ضملي8076,اختيارخ فملي -27750-1399/08/06,10,130,665100000,5500,4700,5000,-500,-9.09,5116,-384,-6.98,4500,5350,1399-6-2
735,صمسكن912,ص دين مسكن جنوب-ماهانه16درصد,10,5016,940558207,197379,187511,187610,-9769,-4.95,187512,-9867,-5.0,187511,187610,1399-6-2
736,ضشنا7074,اختيارخ شپنا-17179-1399/07/28,10,132,1722515000,14326,13400,13000,-1326,-9.26,13049,-1277,-8.91,12000,13400,1399-6-2
737,ضملي8085,اختيارخ فملي-51750-1399/08/06,10,30,51650000,3964,1500,2000,-1964,-49.55,1722,-2242,-56.56,1500,2000,1399-6-2
738,صايپا012,صكوك مرابحه سايپا012-3ماهه 16%,9,2065,2037553525,989796,1039285,985000,-4796,-0.48,986709,-3087,-0.31,985000,1039285,1399-6-2
739,ضسپا8033,اختيارخ خساپا-6000-1399/08/26,9,43,23295000,736,509,600,-136,-18.48,542,-194,-26.36,500,600,1399-6-2
740,غمهرا,توليدي‌مهرام‌,9,5579,620105850,117000,111150,111150,-5850,-5.0,116920,-80,-0.07,111150,111150,1399-6-2
741,پدرخش,درخشان‌ تهران‌,9,838,186589080,234370,222660,222660,-11710,-5.0,234320,-50,-0.02,222660,222660,1399-6-2
742,فلامي,لاميران‌,9,1755,235415700,141200,134140,134140,-7060,-5.0,141160,-40,-0.03,134140,134140,1399-6-2
743,ضجار7025,اختيارخ وتجارت-3400-1399/07/22,9,143,57838000,1006,421,440,-566,-56.26,404,-602,-59.84,400,440,1399-6-2
744,دشيمي,شيمي‌ داروئي‌ داروپخش‌,9,1061,63649390,63140,59990,59990,-3150,-4.99,63140,0,0.0,59990,59990,1399-6-2
745,ضپاس7015,اختيارخ وپارس-4000-1399/07/30,8,100,215000000,2121,2150,2150,29,1.37,2150,29,1.37,2150,2150,1399-6-2
746,اخزا723,اسنادخزانه-م23بودجه97-000824,8,643,517305449,805804,803000,805001,-803,-0.1,804519,-1285,-0.16,803000,807000,1399-6-2
747,ضفار8029,اختيارخ فارس-7326-1399/08/06,8,108,1366300000,14810,13000,12600,-2210,-14.92,12651,-2159,-14.58,12500,13000,1399-6-2
748,ضفلا8083,اختيارخ فولاد-14775-1399/08/28,8,59,292500000,5500,5000,4950,-550,-10.0,4958,-542,-9.85,4900,5000,1399-6-2
749,فن آوا,گروه فن آوا,8,11637,173449485,15209,14905,14905,-304,-2.0,15204,-5,-0.03,14905,14905,1399-6-2
750,ضپار8019,اختيارخ خپارس-3800-1399/08/18,7,79,698895000,10263,9300,8520,-1743,-16.98,8847,-1416,-13.8,8520,9495,1399-6-2
751,ضغدر8041,اختيارخ وغدير-14000-1399/08/26,7,111,584000000,7414,8000,5000,-2414,-32.56,5261,-2153,-29.04,5000,8000,1399-6-2
752,ضچاد7015,اختيارخ كچاد-12300-1399/07/07,7,222,1339300000,1,6500,5800,5799,579900.0,6033,6032,603200.0,5800,6500,1399-6-2
753,ضمخا7049,اختيارخ اخابر-13750-1399/07/30,7,46,412798000,17075,8888,8500,-8575,-50.22,8974,-8101,-47.44,8500,9999,1399-6-2
754,ضصاد8013,اختيارخ وبصادر-3000-1399/08/11,7,87,82295000,1200,1299,1120,-80,-6.67,946,-254,-21.17,900,1299,1399-6-2
755,زير0003پ01,زيره سبز0003كيميابذر(پ),7,1307,567845020,457035,440000,434184,-22851,-5.0,434464,-22571,-4.94,434184,440000,1399-6-2
756,وسالت,بانك قرض الحسنه رسالت,7,6002,25412468,4151,4234,4234,83,2.0,4151,0,0.0,4234,4234,1399-6-2
757,دروز,داروسازي‌ روزدارو,7,12051,246683970,21540,20470,20470,-1070,-4.97,21530,-10,-0.05,20470,20470,1399-6-2
758,ضجار7016,اختيارخ وتجارت-1800-1399/07/22,7,86,105358000,1400,1500,1200,-200,-14.29,1225,-175,-12.5,1150,1500,1399-6-2
759,شستا993,اجاره ت.اجتماعي-كاردان991226,7,169,172176025,1032304,1035000,1014713,-17591,-1.7,1018793,-13511,-1.31,1014711,1035000,1399-6-2
760,اخزا805,اسنادخزانه-م5بودجه98-000422,7,25599,21940412587,854866,857000,857000,2134,0.25,857081,2215,0.26,857000,857226,1399-6-2
761,ومشان,س. فني و مهندسي مشانير,6,12270,696322500,59736,56750,56750,-2986,-5.0,59626,-110,-0.18,56750,56750,1399-6-2
762,صينا205,صكوك منفعت سينا دارو-3ماهه 19%,6,49,50612087,1039500,1060064,990011,-49489,-4.76,1032900,-6600,-0.63,990008,1060064,1399-6-2
763,ضجار7018,اختيارخ وتجارت-2000-1399/07/22,6,183,207021000,1314,1141,1000,-314,-23.9,1131,-183,-13.93,1000,1200,1399-6-2
764,شرق1400,مشاركت ليزينگ ايران وشرق140010,6,56,55905470,1004180,999000,999286,-4894,-0.49,998312,-5868,-0.58,998001,999286,1399-6-2
765,دمعيار2,صندوق س. توازن معيار-د,6,35000000,35000000,10006,1,1,-10005,-99.99,1,-10005,-99.99,1,1,1399-6-2
766,طسان7050,اختيارف پارسان-11000-99/07/15,6,39,3201000,101,99,50,-51,-50.5,82,-19,-18.81,50,120,1399-6-2
767,ضمخا7032,اختيارخ اخابر-4750-1399/07/30,6,20,345424000,17511,17512,16050,-1461,-8.34,17271,-240,-1.37,16050,18000,1399-6-2
768,صايپا908,صكوك مرابحه سايپا908-3ماهه 18%,6,41,40969963,990250,999998,997000,6750,0.68,999267,9017,0.91,997000,999999,1399-6-2
769,ضجار7030,اختيارخ وتجارت-4400-1399/07/22,6,83,32063000,700,401,400,-300,-42.86,386,-314,-44.86,300,410,1399-6-2
770,ضفلا8091,اختيارخ فولاد-25775-1399/08/28,5,160,632550000,5037,5000,2201,-2836,-56.3,3953,-1084,-21.52,2201,5000,1399-6-2
771,ثقزويح,ح.شركت عمران و سازندگي قزوين,5,68232,1013859288,15807,14859,14859,-948,-6.0,14859,-948,-6.0,14859,14859,1399-6-2
772,ضملي8067,اختيارخ فملي -14750-1399/08/06,5,172,2374400000,16128,13000,15400,-728,-4.51,13805,-2323,-14.4,13000,15400,1399-6-2
773,ضفلا8079,اختيارخ فولاد-10775-1399/08/28,5,130,915000000,9333,7100,7000,-2333,-25.0,7038,-2295,-24.59,7000,7100,1399-6-2
774,كابگن,توليدي و صنعتي آبگينه‌,5,7162,31312264,4329,4372,4372,43,0.99,4329,0,0.0,4372,4372,1399-6-2
775,خعمرا,توسعه و عمران شهرستان نائين,5,13100,178029000,13195,13590,13590,395,2.99,13198,3,0.02,13590,13590,1399-6-2
776,ضفلا8093,اختيارخ فولاد-29775-1399/08/28,5,61,122700000,3256,2050,2000,-1256,-38.57,2011,-1245,-38.24,2000,2050,1399-6-2
777,ضملي8082,اختيارخ فملي-39750-1399/08/06,5,158,200300000,5800,1202,2500,-3300,-56.9,1268,-4532,-78.14,1202,2500,1399-6-2
778,ضخود7062,اختيارخ خودرو-5000-1399/07/09,5,20,12148000,850,600,601,-249,-29.29,607,-243,-28.59,600,720,1399-6-2
779,گكيش,توريستي ورفاهي آبادگران كيش,5,8802,630099972,73800,71586,71586,-2214,-3.0,73728,-72,-0.1,71586,71586,1399-6-2
780,ضچاد7020,اختيارخ كچاد-17300-1399/07/07,4,12,33901000,2698,2900,2700,2,0.07,2825,127,4.71,2700,2900,1399-6-2
781,ضبدر8060,اختيارخ شبندر-29580-1399/08/18,4,27,403896000,24000,15000,14900,-9100,-37.92,14959,-9041,-37.67,14900,15000,1399-6-2
782,ضغدر8030,اختيارخ وغدير-6510-1399/08/26,4,102,1017200000,9750,9200,11480,1730,17.74,9973,223,2.29,9000,11480,1399-6-2
783,ضبدر8056,اختيارخ شبندر-21580-1399/08/18,4,16,322000000,29000,22000,20000,-9000,-31.03,20125,-8875,-30.6,20000,22000,1399-6-2
784,ضبدر8070,اختيارخ شبندر-59580-1399/08/18,4,6,36400000,6150,6200,6000,-150,-2.44,6067,-83,-1.35,6000,6200,1399-6-2
785,ضفلا8084,اختيارخ فولاد-15775-1399/08/28,4,5,24000000,5000,4800,4800,-200,-4.0,4800,-200,-4.0,4800,4800,1399-6-2
786,تابا,تابان نيرو سپاهان,4,1670,52518160,33103,31448,31448,-1655,-5.0,33098,-5,-0.02,31448,31448,1399-6-2
787,ضبدر8069,اختيارخ شبندر-55580-1399/08/18,4,5,36500000,6899,7500,7000,101,1.46,7300,401,5.81,7000,7500,1399-6-2
788,ضترا8031,اختيارخ شتران-8701-1399/08/11,4,4,40000000,20001,10000,10000,-10001,-50.0,10000,-10001,-50.0,10000,10000,1399-6-2
789,ضپاس7020,اختيارخ وپارس-5000-1399/07/30,4,23,33207000,1883,1401,1600,-283,-15.03,1444,-439,-23.31,1400,1600,1399-6-2
790,ضسپا8014,اختيارخ خساپا-1800-1399/08/26,4,64,138280000,4500,2200,2160,-2340,-52.0,2161,-2339,-51.98,2160,2200,1399-6-2
791,ضغدر8040,اختيارخ وغدير-13000-1399/08/26,4,200,1285500000,7125,6500,6300,-825,-11.58,6427,-698,-9.8,6300,6500,1399-6-2
792,كمند2,صندوق س. با درآمد ثابت كمند,4,28000000,28000000,10150,1,1,-10149,-99.99,1,-10149,-99.99,1,1,1399-6-2
793,ماهان01,منفعت هواپيمايي ماهان 14011123,3,25,23067600,890000,891000,979000,89000,10.0,922704,32704,3.67,891000,979000,1399-6-2
794,ضپيك7030,اختيارخ تاپيكو-17370-99/07/20,3,8,33747000,5000,4250,4000,-1000,-20.0,4218,-782,-15.64,4000,4250,1399-6-2
795,صخود412,ص مرابحه خودرو412- 3ماهه 18%,3,15,14600831,980642,973309,973505,-7137,-0.73,973389,-7253,-0.74,973309,973505,1399-6-2
796,ضفلا8088,اختيارخ فولاد-19775-1399/08/28,3,4,10534000,4585,2684,2600,-1985,-43.29,2633,-1952,-42.57,2600,2684,1399-6-2
797,زعف9908پ06,زعفران 9908پوشالمعمول زرين(پ),3,1080,71300000,67278,67700,65500,-1778,-2.64,66019,-1259,-1.87,65500,67700,1399-6-2
798,بتك,كارخانجات كابل سازي‌ تك‌,3,3008,105036352,33576,34919,34919,1343,4.0,33590,14,0.04,34919,34919,1399-6-2
799,ضخود7054,اختيارخ خودرو-3400-1399/07/09,3,109,100768000,1555,866,1400,-155,-9.97,924,-631,-40.58,866,1900,1399-6-2
800,ضصاد8018,اختيارخ وبصادر-4000-1399/08/11,3,75,43160000,1050,610,500,-550,-52.38,575,-475,-45.24,500,610,1399-6-2
801,ضغدر8039,اختيارخ وغدير-12000-1399/08/26,3,12,83940000,7680,7000,6970,-710,-9.24,6995,-685,-8.92,6970,7000,1399-6-2
802,ضپيك7033,اختيارخ تاپيكو-21370-99/07/20,3,21,77700000,5943,3700,3700,-2243,-37.74,3700,-2243,-37.74,3700,3700,1399-6-2
803,ضفلا8068,اختيارخ فولاد-4751-1399/08/28,3,25,462300000,13336,11500,11500,-1836,-13.77,11500,-1836,-13.77,11500,11500,1399-6-2
804,زير0003پ04,زيره سبز0003شركت مينوبذر(پ),3,75,32563800,456380,434184,434184,-22196,-4.86,434184,-22196,-4.86,434184,434184,1399-6-2
805,ضفلا8070,اختيارخ فولاد-5775-1399/08/28,3,11,61000000,16330,1000,10000,-6330,-38.76,5545,-10785,-66.04,1000,10000,1399-6-2
806,ضفلا8060,اختيارخ فولاد-3507-1399/08/28,3,38,850632000,14725,11000,14000,-725,-4.92,13921,-804,-5.46,11000,14000,1399-6-2
807,ضپنا7047,اختيارخ رمپنا-48507-1399/07/13,3,22,22700000,2628,1050,1150,-1478,-56.24,1032,-1596,-60.73,1000,1150,1399-6-2
808,طفلا8060,اختيارف فولاد-3507-1399/08/28,3,5,5013744,1600,140,149,-1451,-90.69,624,-976,-61.0,140,1340,1399-6-2
809,حرهشا,رهشاد سپاهان (سهامي عام,3,996,60515964,62638,60759,60759,-1879,-3.0,62632,-6,-0.01,60759,60759,1399-6-2
810,اشاد10,مشاركت دولتي10-شرايط خاص001226,3,8600,8150893000,947990,942401,960900,12910,1.36,947778,-212,-0.02,942400,960900,1399-6-2
811,تملي802,تسهيلات مسكن ب. ملي-ارديبهشت98,3,91,18932641,198144,208051,208051,9907,5.0,208051,9907,5.0,208051,208051,1399-6-2
812,ضپاس7025,اختيارخ وپارس-7500-1399/07/30,3,55,49610000,902,902,902,0,0.0,902,0,0.0,902,902,1399-6-2
813,عفولاد2,اوراق سلف ورق گرم فولاد مباركه,2,99977,54180935518,552520,541934,541934,-10586,-1.92,541934,-10586,-1.92,541934,541934,1399-6-2
814,ضفلا8080,اختيارخ فولاد-11775-1399/08/28,2,10,74000000,8000,7400,7400,-600,-7.5,7400,-600,-7.5,7400,7400,1399-6-2
815,ضخود7068,اختيارخ خودرو-8000-1399/07/09,2,2,601000,649,400,201,-448,-69.03,300,-349,-53.78,201,400,1399-6-2
816,اخزا8212,اسنادخزانه-م21بودجه98-020906,2,875000,502250000000,574541,574000,574000,-541,-0.09,574000,-541,-0.09,574000,574000,1399-6-2
817,ضخود7058,اختيارخ خودرو-4200-1399/07/09,2,5,5003000,1799,1001,1000,-799,-44.41,1001,-798,-44.36,1000,1001,1399-6-2
818,حريل02,اجاره ريل پردازسير021212,2,20,19539410,976970,976970,976971,1,0.0,976970,0,0.0,976970,976971,1399-6-2
819,ضغدر8038,اختيارخ وغدير-11000-1399/08/26,2,120,862000000,9800,7200,7100,-2700,-27.55,7183,-2617,-26.7,7100,7200,1399-6-2
820,ضفلا8090,اختيارخ فولاد-23775-1399/08/28,2,8,36500000,4107,4000,5500,1393,33.92,4562,455,11.08,4000,5500,1399-6-2
821,ضملي8069,اختيارخ فملي -16750-1399/08/06,2,41,614995000,17594,14999,15000,-2594,-14.74,15000,-2594,-14.74,14999,15000,1399-6-2
822,ضفار8041,اختيارخ فارس-16826-1399/08/06,2,3,17400000,8005,5800,5800,-2205,-27.55,5800,-2205,-27.55,5800,5800,1399-6-2
823,ضجار7027,اختيارخ وتجارت-3800-1399/07/22,2,30,11750000,591,350,400,-191,-32.32,392,-199,-33.67,350,400,1399-6-2
824,گواهي ظرفيت,گواهي ظرفيت نقدي,2,6100,48287600000,7816000,7916000,7916000,100000,1.28,7916000,100000,1.28,7916000,7916000,1399-6-2
825,تملي711,تسهيلات مسكن ب. ملي-بهمن97,2,17,3491545,195605,205385,205385,9780,5.0,205385,9780,5.0,205385,205385,1399-6-2
826,واميد2,گروه مديريت سرمايه گذاري اميد,2,20000000,762600000000,40130,38130,38130,-2000,-4.98,38130,-2000,-4.98,38130,38130,1399-6-2
827,ضشنا7082,اختيارخ شپنا-29258-1399/07/28,2,2,4000000,10000,1000,3000,-7000,-70.0,2000,-8000,-80.0,1000,3000,1399-6-2
828,امين يكم2,صندوق درآمد ثابت امين يكم فردا,2,200000,200000,10580,1,1,-10579,-99.99,1,-10579,-99.99,1,1,1399-6-2
829,صمعاد212,صكوك اجاره معادن212-6ماهه21%,2,18000,18018108000,1000033,1001006,1001006,973,0.1,1001006,973,0.1,1001006,1001006,1399-6-2
830,ضگل8061,اختيارخ كگل-17100-1399/08/21,2,2,10021000,9980,5001,5020,-4960,-49.7,5010,-4970,-49.8,5001,5020,1399-6-2
831,ضسپا8007,اختيارخ خساپا-1100-1399/08/26,2,2,5600000,2230,2800,2800,570,25.56,2800,570,25.56,2800,2800,1399-6-2
832,ضملي8080,اختيارخ فملي-35750-1399/08/06,2,2,6001000,8500,3001,3000,-5500,-64.71,3000,-5500,-64.71,3000,3001,1399-6-2
833,ضصاد8022,اختيارخ وبصادر-4800-1399/08/11,2,61,18300000,800,300,300,-500,-62.5,300,-500,-62.5,300,300,1399-6-2
834,پست9908-08,پسته فندقي32-30زرينمه ولات9908,2,9,12407121,1404792,1378569,1378569,-26223,-1.87,1378569,-26223,-1.87,1378569,1378569,1399-6-2
835,ضچاد7014,اختيارخ كچاد-11300-1399/07/07,2,43,296700000,7000,6900,6900,-100,-1.43,6900,-100,-1.43,6900,6900,1399-6-2
836,صخود0012,ص مرابحه خودرو0012- 3ماهه 18%,2,38,39140000,1039706,1030000,1030000,-9706,-0.93,1030000,-9706,-0.93,1030000,1030000,1399-6-2
837,ضسپا8009,اختيارخ خساپا-1300-1399/08/26,2,2,2005000,1,5,2000,1999,199900.0,1002,1001,100100.0,5,2000,1399-6-2
838,تملي701,تسهيلات مسكن ب. ملي-فروردين97,2,55,11984830,207530,217906,217906,10376,5.0,217906,10376,5.0,217906,217906,1399-6-2
839,ضپاس7014,اختيارخ وپارس-3800-1399/07/30,1,2,4000000,2380,2000,2000,-380,-15.97,2000,-380,-15.97,2000,2000,1399-6-2
840,اراد23,مرابحه عام دولت2-ش.خ تمدن0212,1,500,352500000,720000,705000,705000,-15000,-2.08,705000,-15000,-2.08,705000,705000,1399-6-2
841,ضملي8079,اختيارخ فملي-33750-1399/08/06,1,1,3300000,8499,3300,3300,-5199,-61.17,3300,-5199,-61.17,3300,3300,1399-6-2
842,اميد99,مشارکت ليزينگ اميد9907,1,5,5050000,1003333,1010000,1010000,6667,0.66,1010000,6667,0.66,1010000,1010000,1399-6-2
843,ضخود7059,اختيارخ خودرو-4400-1399/07/09,1,2,1800000,1001,900,900,-101,-10.09,900,-101,-10.09,900,900,1399-6-2
844,ضخود7041,اختيارخ خودرو-1700-1399/07/09,1,12,28800000,3400,2400,2400,-1000,-29.41,2400,-1000,-29.41,2400,2400,1399-6-2
845,رهن01042,اوراق رهني بانك مسكن14010423,1,3000000,3000000000000,1000000,1000000,1000000,0,0.0,1000000,0,0.0,1000000,1000000,1399-6-2
846,وصندوق2,سرمايه‌گذاري‌صندوق‌بازنشستگي‌,1,10000000,189800000000,19970,18980,18980,-990,-4.96,18980,-990,-4.96,18980,18980,1399-6-2
847,پا ر 43,بار پايه روز 43,1,10000,5200000,720,520,520,-200,-27.78,520,-200,-27.78,520,520,1399-6-2
848,نيرو4,نيرو سرمايه,1,8500000,297500000000,73449,35000,35000,-38449,-52.35,35000,-38449,-52.35,35000,35000,1399-6-2
849,ضبدر8061,اختيارخ شبندر-31580-1399/08/18,1,1,10000000,28600,10000,10000,-18600,-65.03,10000,-18600,-65.03,10000,10000,1399-6-2
850,ضخود7044,اختيارخ خودرو-2000-1399/07/09,1,8,16000000,3261,2000,2000,-1261,-38.67,2000,-1261,-38.67,2000,2000,1399-6-2
851,ضپيك7023,اختيارخ تاپيكو-10370-99/07/20,1,15,138000000,1,9200,9200,9199,919900.0,9200,9199,919900.0,9200,9200,1399-6-2
852,ضملي8083,اختيارخ فملي-43750-1399/08/06,1,100,55000000,1,550,550,549,54900.0,550,549,54900.0,550,550,1399-6-2
853,بركت2,گروه دارويي بركت,1,15000000,415050000000,29120,27670,27670,-1450,-4.98,27670,-1450,-4.98,27670,27670,1399-6-2
854,وپترو2,سرمايه‌گذاري صنايع پتروشيمي‌,1,10624718,181990794622,18030,17129,17129,-901,-5.0,17129,-901,-5.0,17129,17129,1399-6-2
855,ضسپا8015,اختيارخ خساپا-1900-1399/08/26,1,3,5970000,2500,1990,1990,-510,-20.4,1990,-510,-20.4,1990,1990,1399-6-2
856,ضترا8029,اختيارخ شتران-7526-1399/08/11,1,3,51000000,20000,17000,17000,-3000,-15.0,17000,-3000,-15.0,17000,17000,1399-6-2
857,تملي709,تسهيلات مسكن ب. ملي-آذر97,1,14,2738890,205927,195635,195635,-10292,-5.0,195635,-10292,-5.0,195635,195635,1399-6-2
858,صخود1412,ص مرابحه خودرو1412- 3ماهه 18%,1,5,5075250,1010912,1015050,1015050,4138,0.41,1015050,4138,0.41,1015050,1015050,1399-6-2
859,پا ر 40,بار پايه روز 40,1,10000,5200000,570,520,520,-50,-8.77,520,-50,-8.77,520,520,1399-6-2
860,كايتا,ايتالران‌,1,1,113786,110472,113786,113786,3314,3.0,110472,0,0.0,113786,113786,1399-6-2
861,ضپنا7040,اختيارخ رمپنا-26906-1399/07/13,1,1,12000000,17667,12000,12000,-5667,-32.08,12000,-5667,-32.08,12000,12000,1399-6-2
862,ونچر,ص.ج.فيروزه10%تاديه,1,1000,146284000,132986,146284,146284,13298,10.0,146284,13298,10.0,146284,146284,1399-6-2
863,ضشنا7057,اختيارخ شپنا-5100-1399/07/28,1,3,69000000,31000,23000,23000,-8000,-25.81,23000,-8000,-25.81,23000,23000,1399-6-2
864,كگل2,معدني و صنعتي گل گهر,1,10000000,176500000000,18570,17650,17650,-920,-4.95,17650,-920,-4.95,17650,17650,1399-6-2
865,ضجار7021,اختيارخ وتجارت-2600-1399/07/22,1,100,83000000,950,830,830,-120,-12.63,830,-120,-12.63,830,830,1399-6-2
866,پا ر 44,بار پايه روز 44,1,10000,5200000,720,520,520,-200,-27.78,520,-200,-27.78,520,520,1399-6-2
867,تملي612,تسهيلات مسكن بانك ملي-اسفند96,1,11,11259435,974843,1023585,1023585,48742,5.0,1023585,48742,5.0,1023585,1023585,1399-6-2
868,رايان911,مشاركت رايان سايپا-3ماهه18%,1,9,9000000,1029990,1000000,1000000,-29990,-2.91,1000000,-29990,-2.91,1000000,1000000,1399-6-2
869,تملي710,تسهيلات مسكن ب. ملي-دي97,1,35,6879425,187196,196555,196555,9359,5.0,196555,9359,5.0,196555,196555,1399-6-2
870,ضبدر8068,اختيارخ شبندر-51580-1399/08/18,1,10,80000000,8875,8000,8000,-875,-9.86,8000,-875,-9.86,8000,8000,1399-6-2
871,ضپاس7022,اختيارخ وپارس-6000-1399/07/30,1,3,1200000,1700,400,400,-1300,-76.47,400,-1300,-76.47,400,400,1399-6-2
872,پا ر 38,بار پايه روز 38,1,10000,5200000,720,520,520,-200,-27.78,520,-200,-27.78,520,520,1399-6-2
873,افاد4,منفعت دولتي4-شرايط خاص14010729,1,1000,987535000,940510,987535,987535,47025,5.0,987535,47025,5.0,987535,987535,1399-6-2
874,اخزا716,اسنادخزانه-م16بودجه97-000407,1,1065,921225000,864709,865000,865000,291,0.03,865000,291,0.03,865000,865000,1399-6-2
875,ضخوز7030,اختيارخ فخوز-51470-1399/07/20,1,1,4001000,13000,4001,4001,-8999,-69.22,4001,-8999,-69.22,4001,4001,1399-6-2
876,سدشت2,صنايع سيمان دشتستان,1,759879,28951389900,36290,38100,38100,1810,4.99,38100,1810,4.99,38100,38100,1399-6-2
877,وبصادر2,بانك صادرات ايران,1,60000000,201600000000,3530,3360,3360,-170,-4.82,3360,-170,-4.82,3360,3360,1399-6-2
878,ضخود7050,اختيارخ خودرو-1200-1399/07/09,1,10,30000000,3051,3000,3000,-51,-1.67,3000,-51,-1.67,3000,3000,1399-6-2
879,ضخود7069,اختيارخ خودرو-8500-1399/07/09,1,10,4000000,1,400,400,399,39900.0,400,399,39900.0,400,400,1399-6-2
880,ومهان4,گروه توسعه مالي مهر آيندگان,1,3859018,75000014830,20430,19435,19435,-995,-4.87,19435,-995,-4.87,19435,19435,1399-6-2
881,شپنا2,پالايش نفت اصفهان,1,10000000,350200000000,36860,35020,35020,-1840,-4.99,35020,-1840,-4.99,35020,35020,1399-6-2
882,ضسپا8020,اختيارخ خساپا-2800-1399/08/26,1,1,1400000,1300,1400,1400,100,7.69,1400,100,7.69,1400,1400,1399-6-2
883,شپديس2,پتروشيمي پرديس,1,8000000,736000000000,95200,92000,92000,-3200,-3.36,92000,-3200,-3.36,92000,92000,1399-6-2
884,وتوكا2,سرمايه‌گذاري‌توكافولاد(هلدينگ,1,6400000,82873600000,13630,12949,12949,-681,-5.0,12949,-681,-5.0,12949,12949,1399-6-2
885,ضچاد7018,اختيارخ كچاد-15300-1399/07/07,1,1,4500000,4500,4500,4500,0,0.0,4500,0,0.0,4500,4500,1399-6-2
886,ضصاد8021,اختيارخ وبصادر-4600-1399/08/11,1,2,860000,999,430,430,-569,-56.96,430,-569,-56.96,430,430,1399-6-2
887,پا ر 41,بار پايه روز 41,1,10000,5200000,572,520,520,-52,-9.09,520,-52,-9.09,520,520,1399-6-2
888,اراد334,مرابحه عام دولت3-ش.خ 0303,1,100000,93000000000,931500,930000,930000,-1500,-0.16,930000,-1500,-0.16,930000,930000,1399-6-2
889,خچرخش4,چرخشگر,1,85593318,2525002881000,25380,29500,29500,4120,16.23,29500,4120,16.23,29500,29500,1399-6-2
890,ضسپا8018,اختيارخ خساپا-2400-1399/08/26,1,1,10000000,1787,10000,10000,8213,459.6,10000,8213,459.6,10000,10000,1399-6-2
891,آساميد4,صندوق س.مشترك آسمان اميد -د,1,16000000,169328000000,10581,10583,10583,2,0.02,10583,2,0.02,10583,10583,1399-6-2
892,ضملي8068,اختيارخ فملي -15750-1399/08/06,1,1,16000000,22000,16000,16000,-6000,-27.27,16000,-6000,-27.27,16000,16000,1399-6-2
893,پا ر 42,بار پايه روز 42,1,10000,5200000,720,520,520,-200,-27.78,520,-200,-27.78,520,520,1399-6-2
894,ضملي8070,اختيارخ فملي -17750-1399/08/06,1,1,15000000,20750,15000,15000,-5750,-27.71,15000,-5750,-27.71,15000,15000,1399-6-2
895,ضسپا8021,اختيارخ خساپا-3000-1399/08/26,1,6,7500000,2091,1250,1250,-841,-40.22,1250,-841,-40.22,1250,1250,1399-6-2
896,ضفار8023,اختيارخ فارس-4576-1399/08/06,1,8,120000000,23700,15000,15000,-8700,-36.71,15000,-8700,-36.71,15000,15000,1399-6-2
897,پا ر 39,بار پايه روز 39,1,10000,5200000,720,520,520,-200,-27.78,520,-200,-27.78,520,520,1399-6-2
898,اخزا720,اسنادخزانه-م20بودجه97-000324,1,3505,3084400000,874661,880000,880000,5339,0.61,880000,5339,0.61,880000,880000,1399-6-2
899,حكمت01,مشاركت حكمت ايرانيان 140107,1,5,4925000,985000,985000,985000,0,0.0,985000,0,0.0,985000,985000,1399-6-2
900,ضسپا8022,اختيارخ خساپا-3200-1399/08/26,1,4,5200000,2000,1300,1300,-700,-35.0,1300,-700,-35.0,1300,1300,1399-6-2
901,ضترا8023,اختيارخ شتران-4886-1399/08/11,1,1,22000000,32000,22000,22000,-10000,-31.25,22000,-10000,-31.25,22000,22000,1399-6-2
