,نماد,نام,تعداد,حجم,ارزش,دیروز,اولین,آخرین معامله - مقدار,آخرین معامله - تغییر,آخرین معامله - درصد,قیمت پایانی - مقدار,قیمت پایانی - تغییر,قیمت پایانی - درصد,کمترین,بیشترین,تاریخ
0,ثبهساز,بهساز كاشانه تهران,288406,1177355388,4698850520530,3810,4000,4000,190,4.99,3990,180,4.72,3810,4000,1399-6-17
1,بگيلان,توسعه مسير برق گيلان,205785,48047621,1855777754006,36828,38669,38669,1841,5.0,38624,1796,4.88,36950,38669,1399-6-17
2,آريا,پليمر آريا ساسول,79158,11939341,1643331562697,144700,139000,137468,-7232,-5.0,137640,-7060,-4.88,137465,139950,1399-6-17
3,شاروم,پتروشيمي اروميه,56426,1713168,23009559408,12792,13431,13431,639,5.0,13067,275,2.15,13431,13431,1399-6-17
4,غزر,صنعتي زر ماكارون,47310,4917209,343910082450,73620,69940,69940,-3680,-5.0,69940,-3680,-5.0,69940,69960,1399-6-17
5,زملارد,كشاورزي و دامپروري ملارد شير,44267,1991100,63589760700,30417,31937,31937,1520,5.0,31937,1520,5.0,31937,31937,1399-6-17
6,گدنا,تهيه توزيع غذاي دنا آفرين فدك,32870,350608,2257214304,6132,6438,6438,306,4.99,6145,13,0.21,6438,6438,1399-6-17
7,رافزا,رايان هم افزا,29344,237085,6850333990,27519,28894,28894,1375,5.0,27696,177,0.64,28894,28894,1399-6-17
8,ولپارس,ليزينگ پارسيان,23009,1987007,7669847020,3680,3860,3860,180,4.89,3700,20,0.54,3860,3860,1399-6-17
9,وبصادر,بانك صادرات ايران,21154,962105533,3377718055380,3670,3650,3490,-180,-4.9,3510,-160,-4.36,3490,3660,1399-6-17
10,دارا يكم,صندوق واسطه گري مالي يكم-سهام,20543,5733044,1171370246710,224610,209910,202150,-22460,-10.0,204320,-20290,-9.03,202150,209910,1399-6-17
11,فملي,ملي‌ صنايع‌ مس‌ ايران‌,19153,63300531,2111636213930,34880,33590,33140,-1740,-4.99,33360,-1520,-4.36,33140,34290,1399-6-17
12,چكاپا,گروه صنايع كاغذ پارس,18816,171336952,1575162387390,9490,9490,9290,-200,-2.11,9190,-300,-3.16,9020,9850,1399-6-17
13,وتجارت,بانك تجارت,16526,594914212,1907817339450,3360,3260,3200,-160,-4.76,3210,-150,-4.46,3200,3290,1399-6-17
14,بپيوند,برق و انرژي پيوندگستر پارس,16384,2820823,58506689843,19754,20741,20741,987,5.0,20741,987,5.0,20741,20741,1399-6-17
15,امين,تامين سرمايه امين,13810,19043602,306634167980,16940,16100,16100,-840,-4.96,16100,-840,-4.96,16100,17780,1399-6-17
16,شصدفح,ح . صنعتي دوده فام,13711,4922423,100832281560,21561,20513,20483,-1078,-5.0,20484,-1077,-5.0,20483,20800,1399-6-17
17,فولاد,فولاد مباركه اصفهان,12780,64652211,1165487470390,18930,18120,17990,-940,-4.97,18030,-900,-4.75,17990,18400,1399-6-17
18,كمند,صندوق س. با درآمد ثابت كمند,8941,423404099,4265592153720,10050,10070,10090,40,0.4,10070,20,0.2,10060,10110,1399-6-17
19,غگيلا,شيرپاستوريزه پگاه گيلان,8677,143936,2277499328,15070,15823,15823,753,5.0,15103,33,0.22,15823,15823,1399-6-17
20,ارفعح,ح.شركت آهن و فولاد ارفع,6911,17727455,192562216121,11357,11357,10807,-550,-4.84,10862,-495,-4.36,10790,11357,1399-6-17
21,تليسه,دامداري تليسه نمونه,6415,7591648,606625704666,78494,82418,76340,-2154,-2.74,79907,1413,1.8,75000,82418,1399-6-17
22,فارس,صنايع پتروشيمي خليج فارس,6382,39586494,1076335937850,28070,28070,26670,-1400,-4.99,27190,-880,-3.14,26670,28090,1399-6-17
23,شصدف,صنعتي دوده فام,5178,321535,6102412765,18076,18979,18979,903,5.0,18180,104,0.58,18979,18979,1399-6-17
24,كاوه,فولاد كاوه جنوب كيش,4975,79766717,1568825139050,20670,19640,19810,-860,-4.16,19670,-1000,-4.84,19640,20600,1399-6-17
25,دماوند,توليد نيروي برق دماوند,4601,8233038,467111799224,59459,58700,56487,-2972,-5.0,56736,-2723,-4.58,56487,58700,1399-6-17
26,خساپا,سايپا,4550,39383422,116181094900,3100,2950,2950,-150,-4.84,2950,-150,-4.84,2950,2950,1399-6-17
27,نوري,پتروشيمي نوري,4542,5881390,960454344840,167050,167570,163000,-4050,-2.42,163300,-3750,-2.24,158700,173490,1399-6-17
28,غاذر,كشت‌وصنعت‌پياذر,4188,9002125,717518529910,80860,84900,76900,-3960,-4.9,79710,-1150,-1.42,76820,84900,1399-6-17
29,كگل,معدني و صنعتي گل گهر,3970,28162768,563018185450,20860,20000,19820,-1040,-4.99,19990,-870,-4.17,19820,21100,1399-6-17
30,وپاسار,بانك  پاسارگاد,3859,67009599,681937631470,10620,10600,10500,-120,-1.13,10180,-440,-4.14,10090,10600,1399-6-17
31,آگاس,صندوق س.هستي بخش آگاه-س,3603,1668864,474348155483,305188,288050,285000,-20188,-6.61,284234,-20954,-6.87,283000,290999,1399-6-17
32,وغدير,سرمايه‌گذاري‌غدير(هلدينگ‌,3545,21523871,358017543450,17500,16630,16630,-870,-4.97,16630,-870,-4.97,16630,16790,1399-6-17
33,امين يكم,صندوق درآمد ثابت امين يكم فردا,3289,118245408,1258480281310,10640,10670,10650,10,0.09,10640,0,0.0,10600,10700,1399-6-17
34,كرازي,كارخانجات‌توليدي‌شيشه‌رازي‌,3146,10723353,225259187450,21820,22150,20730,-1090,-5.0,21010,-810,-3.71,20730,22150,1399-6-17
35,وخاور,بانك خاورميانه,3006,20078366,204873157750,10470,10000,10050,-420,-4.01,10200,-270,-2.58,10000,10860,1399-6-17
36,سمگا,گروه سرمايه گذاري ميراث فرهنگي,2998,15699710,268083515204,17873,17553,17200,-673,-3.77,17076,-797,-4.46,16980,17700,1399-6-17
37,خودرو,ايران‌ خودرو,2939,21413868,72378873840,3550,3380,3380,-170,-4.79,3430,-120,-3.38,3380,3380,1399-6-17
38,زاگرس,پتروشيمي زاگرس,2850,3491828,491488464787,144134,138000,141200,-2934,-2.04,140754,-3380,-2.35,136930,147000,1399-6-17
39,بنو,بيمه تجارت نو,2844,19642531,427033153384,20935,21981,21981,1046,5.0,21740,805,3.85,20939,21981,1399-6-17
40,سدبير,س. تدبيرگران فارس وخوزستان,2788,11557277,325627113548,27970,29368,26572,-1398,-5.0,28175,205,0.73,26572,29368,1399-6-17
41,فخوز,فولاد  خوزستان,2772,12408068,577354787040,48940,46600,46500,-2440,-4.99,46530,-2410,-4.92,46500,47070,1399-6-17
42,وبيمه,سرمايه‌ گذاري‌ صنعت‌ بيمه‌,2634,16989608,129672197550,7940,7900,7550,-390,-4.91,7630,-310,-3.9,7550,8090,1399-6-17
43,غشهداب,كشت و صنعت شهداب ناب خراسان,2621,20616565,139040533132,7082,6750,6728,-354,-5.0,6744,-338,-4.77,6728,6750,1399-6-17
44,كدماح,ح . معدني‌ دماوند,2575,3616505,284329590520,86290,84000,77660,-8630,-10.0,78620,-7670,-8.89,77660,84000,1399-6-17
45,تسه9905,امتياز تسهيلات مسكن مرداد99,2446,98769,73084801102,741955,713000,760013,18058,2.43,739957,-1998,-0.27,713000,776790,1399-6-17
46,طلا,صندوق س.پشتوانه طلاي لوتوس,2441,1324350,156930775545,114760,122100,118250,3490,3.04,118496,3736,3.26,0,0,1399-6-17
47,كچاد,معدني‌وصنعتي‌چادرملو,2421,15826624,271189889440,17930,17100,17040,-890,-4.96,17140,-790,-4.41,17040,17930,1399-6-17
48,وهور,مديريت انرژي اميد  تابان هور,2418,12519445,615784416626,51509,51509,49070,-2439,-4.74,49186,-2323,-4.51,48934,51509,1399-6-17
49,اعتماد,صندوق س.اعتماد آفرين پارسيان-د,2370,68572970,2211383338940,32222,32236,32233,11,0.03,32249,27,0.08,32233,32253,1399-6-17
50,ومعادن,توسعه‌معادن‌وفلزات‌,2330,17637987,277856520460,16530,15810,15710,-820,-4.96,15750,-780,-4.72,15710,16500,1399-6-17
51,غدام,خوراك‌  دام‌ پارس‌,2276,1229402,157954211500,128880,132020,133990,5110,3.96,128480,-400,-0.31,122440,135200,1399-6-17
52,دي,بانك دي,2273,3234076,148369704652,48291,45877,45877,-2414,-5.0,45877,-2414,-5.0,45877,45877,1399-6-17
53,ارزش,صندوق س ارزش آفرين بيدار-سهام,2238,9653650,104666031160,11550,11000,10750,-800,-6.93,10840,-710,-6.15,10720,11180,1399-6-17
54,ولصنم,ليزينگ‌صنعت‌ومعدن‌,2206,24975820,327493985680,13790,13110,13110,-680,-4.93,13110,-680,-4.93,13110,13470,1399-6-17
55,ذوب,سهامي ذوب آهن  اصفهان,2076,8214250,52562985750,6735,6399,6399,-336,-4.99,6575,-160,-2.38,6399,6399,1399-6-17
56,قرن,پديده شيمي قرن,2010,1972244,103703220730,54900,52800,52160,-2740,-4.99,52580,-2320,-4.23,52160,55900,1399-6-17
57,سرو,صندوق س سروسودمند مدبران-سهام,1938,2231408,139804304530,68320,66500,62500,-5820,-8.52,62650,-5670,-8.3,61490,66500,1399-6-17
58,پارس,پتروشيمي پارس,1831,2783635,385043157440,138540,138550,140000,1460,1.05,138320,-220,-0.16,133850,143000,1399-6-17
59,بجهرم,توسعه مولد نيروگاهي جهرم,1682,11110454,52663551960,4989,4740,4740,-249,-4.99,4740,-249,-4.99,4740,4740,1399-6-17
60,وبانك,سرمايه گذاري گروه توسعه ملي,1664,15025597,288682379550,20220,19210,19210,-1010,-5.0,19210,-1010,-5.0,19210,19500,1399-6-17
61,شكلر,نيروكلر,1622,10176752,494303675090,51110,48900,48560,-2550,-4.99,48570,-2540,-4.97,48560,49910,1399-6-17
62,سيتا,سرمايه گذاري سيمان تامين,1603,1481931,33625014390,23880,22690,22690,-1190,-4.98,23430,-450,-1.88,22690,22690,1399-6-17
63,عيار,صندوق س. پشتوانه طلاي مفيد,1549,2084800,76400362440,37153,37890,36301,-852,-2.29,36646,-507,-1.36,0,0,1399-6-17
64,وسپه,سرمايه‌گذاري‌ سپه‌,1469,11256459,178890619980,16700,16000,15870,-830,-4.97,15890,-810,-4.85,15870,16100,1399-6-17
65,وسين,بيمه سينا,1463,16532446,369864127678,22054,22715,21393,-661,-3.0,22372,318,1.44,21393,22715,1399-6-17
66,بترانس,ايران‌ ترانسفو,1442,2294299,106186156580,48480,46550,46060,-2420,-4.99,46280,-2200,-4.54,46060,47940,1399-6-17
67,كويرح,ح. توليدي فولاد سپيد فراب كوير,1370,6186562,70692525740,12650,11550,11390,-1260,-9.96,11430,-1220,-9.64,11390,11920,1399-6-17
68,واميد,گروه مديريت سرمايه گذاري اميد,1273,4118490,174234024750,43310,41150,41150,-2160,-4.99,42310,-1000,-2.31,41150,44000,1399-6-17
69,جم,پتروشيمي جم,1214,4701563,180697651120,39880,39200,40700,820,2.06,38430,-1450,-3.64,37890,40700,1399-6-17
70,مفاخر,توسعه فناوري اطلاعات خوارزمي,1207,5148456,230012758718,42598,44727,44727,2129,5.0,44676,2078,4.88,42727,44727,1399-6-17
71,قنيشا,قند  نيشابور,1183,4134145,469556189100,108180,113580,113580,5400,4.99,113580,5400,4.99,113580,113580,1399-6-17
72,شاراك,پتروشيمي شازند,1178,7293925,163808053340,23440,22340,22320,-1120,-4.78,22460,-980,-4.18,22270,24440,1399-6-17
73,خودكفا,اقتصادي و خودكفايي آزادگان,1178,624459,92278727504,150726,153000,146205,-4521,-3.0,147774,-2952,-1.96,146205,153000,1399-6-17
74,بالبر,كابل‌ البرز,1147,3058839,89218243640,29550,29730,28080,-1470,-4.97,29170,-380,-1.29,28080,30900,1399-6-17
75,شغدير,پتروشيمي غدير,1105,4539059,166207283702,38542,36615,36615,-1927,-5.0,36617,-1925,-4.99,36615,37000,1399-6-17
76,تملت,تامين سرمايه بانك ملت,1085,6378095,91334320400,15070,14320,14320,-750,-4.98,14320,-750,-4.98,14320,14320,1399-6-17
77,شيران,س. صنايع‌شيميايي‌ايران,1080,4298598,157629708660,38590,36670,36670,-1920,-4.98,36670,-1920,-4.98,36670,36700,1399-6-17
78,تاصيكوح,ح . سرمايه گذاري صدرتامين,1077,10107630,103234068800,11310,10390,10180,-1130,-9.99,10210,-1100,-9.73,10180,10580,1399-6-17
79,والبر,سرمايه‌ گذاري‌ البرز(هلدينگ‌,1065,9157797,167954514300,19300,18340,18340,-960,-4.97,18340,-960,-4.97,18340,18350,1399-6-17
80,زر,صندوق س.پشتوانه سكه طلاي زر,1047,1114278,69746320821,64027,63500,62000,-2027,-3.17,62593,-1434,-2.24,0,0,1399-6-17
81,وصندوق,سرمايه‌گذاري‌صندوق‌بازنشستگي‌,1042,14547001,260437856100,18830,17890,17890,-940,-4.99,17900,-930,-4.94,17890,18600,1399-6-17
82,شگويا,پتروشيمي تندگويان,1032,3803798,59464774134,16455,15633,15633,-822,-5.0,15997,-458,-2.78,15633,15633,1399-6-17
83,شخارك,پتروشيمي‌ خارك‌,1032,1857275,75794044890,42090,40010,39990,-2100,-4.99,41100,-990,-2.35,39990,44000,1399-6-17
84,پارند,صندوق س. پارند پايدار سپهر,1024,35137524,413351948560,11740,11720,11740,0,0.0,11760,20,0.17,11720,11810,1399-6-17
85,ياقوت,صندوق س ياقوت آگاه-ثابت,1024,45905857,504042611550,10980,10990,10970,-10,-0.09,10980,0,0.0,10960,10990,1399-6-17
86,ثشرقح,ح. سرمايه گذاري مسكن شمال شرق,1002,3369816,16251729990,4930,4520,4950,20,0.41,4820,-110,-2.23,4520,5000,1399-6-17
87,افق ملت,صندوق س در سهام افق ملت,990,479525,70180993270,161320,149900,145610,-15710,-9.74,146360,-14960,-9.27,145500,150000,1399-6-17
88,خگستر,گسترش‌سرمايه‌گذاري‌ايران‌خودرو,976,3550087,23537076810,6970,6630,6630,-340,-4.88,6890,-80,-1.15,6630,6630,1399-6-17
89,وسكاب,س.ص.بازنشستگي كاركنان بانكها,972,16374442,119445020670,7670,7400,7290,-380,-4.95,7290,-380,-4.95,7290,7450,1399-6-17
90,كرماشا,صنايع پتروشيمي كرمانشاه,965,2380290,91767826140,39730,38990,37750,-1980,-4.98,38550,-1180,-2.97,37750,41610,1399-6-17
91,آتيمس,صندوق س.آرمان آتيه درخشان مس-س,962,348163,84794331032,261736,250000,236000,-25736,-9.83,243548,-18188,-6.95,233500,258990,1399-6-17
92,ثاختح,ح . بين‌المللي‌توسعه‌ساختمان,955,16289408,56733647550,3830,3520,3450,-380,-9.92,3480,-350,-9.14,3450,3640,1399-6-17
93,پارسان,گسترش نفت و گاز پارسيان,949,9025548,236830379520,27620,26240,26240,-1380,-5.0,26240,-1380,-5.0,26240,26240,1399-6-17
94,ميدكو,هلدينگ صنايع  معدني خاورميانه,932,6765403,149232475242,22706,22710,21571,-1135,-5.0,22058,-648,-2.85,21571,22770,1399-6-17
95,ارفع,شركت آهن و فولاد ارفع,932,7919960,123139538080,16366,15548,15548,-818,-5.0,15548,-818,-5.0,15548,15548,1399-6-17
96,ماديرا,صنايع ماشين هاي اداري ايران,914,1452602,67535824786,48940,46493,46493,-2447,-5.0,46493,-2447,-5.0,46493,46493,1399-6-17
97,تسه9904,امتياز تسهيلات مسكن تير99,913,12709,9727928491,747299,761809,770000,22701,3.04,765436,18137,2.43,712222,782000,1399-6-17
98,كحافظ,كاشي‌ وسراميك‌ حافظ‌,912,3721338,56022692290,15270,15850,14510,-760,-4.98,15050,-220,-1.44,14510,15890,1399-6-17
99,كاريس,صندوق س.سپهر كاريزما-س,900,1014034,205410206767,221254,206000,200010,-21244,-9.6,202567,-18687,-8.45,200000,211000,1399-6-17
100,اطلس,صندوق س.توسعه اندوخته آينده-س,890,257280,49589735390,205314,195000,195000,-10314,-5.02,192746,-12568,-6.12,190000,200000,1399-6-17
101,مبين,مبين انرژي خليج فارس,885,8858255,215507436430,25270,25270,24010,-1260,-4.99,24330,-940,-3.72,24010,25300,1399-6-17
102,پاكشو,گروه صنعتي پاكشو,885,1342727,78001187630,58910,58910,58240,-670,-1.14,58220,-690,-1.17,56310,60000,1399-6-17
103,قشرين,قند شيرين خراسان,871,3873512,96359081190,25548,25600,24782,-766,-3.0,24876,-672,-2.63,24782,25600,1399-6-17
104,قجام,فرآوردههاي غذايي وقندتربت‌جام‌,865,4461490,103404394771,23418,24120,22990,-428,-1.83,23177,-241,-1.03,22716,24120,1399-6-17
105,رتاپ,تجارت الكترونيك  پارسيان,850,4331506,52456160890,12740,12110,12110,-630,-4.95,12110,-630,-4.95,12110,12130,1399-6-17
106,ونيكي,سرمايه‌گذاري‌ ملي‌ايران‌,822,2579136,115574234880,47150,44830,44800,-2350,-4.98,44810,-2340,-4.96,44800,45000,1399-6-17
107,فيروزه,صندوق شاخص30 شركت فيروزه- سهام,821,647339,121990329630,202080,192700,185000,-17080,-8.45,188450,-13630,-6.74,182510,195500,1399-6-17
108,ومهان,گروه توسعه مالي مهر آيندگان,814,4451687,78284723874,18509,17584,17584,-925,-5.0,17585,-924,-4.99,17584,17800,1399-6-17
109,خفولا,خدمات فني فولاد يزد,809,1903717,60690851557,30403,31923,31923,1520,5.0,31880,1477,4.86,30505,31923,1399-6-17
110,سلار,شركت سيمان لارستان,795,2002514,65271021451,31925,30986,32882,957,3.0,32595,670,2.1,30986,32882,1399-6-17
111,غسالم,سالمين‌,782,2320537,13737579040,6230,5920,5920,-310,-4.98,6130,-100,-1.61,5920,5920,1399-6-17
112,شتولي,تولي‌پرس‌,781,3228448,59497919244,18678,19425,17931,-747,-4.0,18429,-249,-1.33,17931,19425,1399-6-17
113,سباقر,سيمان باقران,779,3467969,53166277350,15754,15980,15700,-54,-0.34,15331,-423,-2.69,15282,15980,1399-6-17
114,داناح,ح . بيمه دانا,774,32133383,178365567380,6170,6100,5550,-620,-10.05,5550,-620,-10.05,5550,6100,1399-6-17
115,فخاس,فولاد خراسان,753,5159204,189931364570,38700,36800,38700,0,0.0,36810,-1890,-4.88,36770,38700,1399-6-17
116,تاصيكو,سرمايه گذاري صدرتامين,749,11268102,143442938460,13400,12730,12730,-670,-5.0,12730,-670,-5.0,12730,12730,1399-6-17
117,آساميد,صندوق س.مشترك آسمان اميد -د,728,35627107,378580153755,10628,10645,10631,3,0.03,10626,-2,-0.02,10623,10652,1399-6-17
118,وآوا,سرمايه گذاري آوا نوين,725,2335219,34981007306,15740,15001,14953,-787,-5.0,15178,-562,-3.57,14953,15500,1399-6-17
119,تنوين,تامين سرمايه نوين,712,8300836,87796983540,11110,10650,10560,-550,-4.95,10580,-530,-4.77,10560,10850,1399-6-17
120,شكف,كف,703,2407817,88607978719,36134,36856,36856,722,2.0,36800,666,1.84,35412,36856,1399-6-17
121,آوا,صندوق س.سهام آواي معيار-س,691,2141932,19475291960,9854,9470,8920,-934,-9.48,9092,-762,-7.73,8872,9470,1399-6-17
122,كترام,توليدي‌ كاشي‌ تكسرام‌,688,3173554,65787774420,21820,20730,20730,-1090,-5.0,20730,-1090,-5.0,20730,20730,1399-6-17
123,جم پيلن,پلي پروپيلن جم - جم پيلن,688,1542881,120970974300,81800,78210,80900,-900,-1.1,78410,-3390,-4.14,77710,82500,1399-6-17
124,حسينا,توسعه خدمات دريايي وبندري سينا,685,2644425,132700325370,52493,49869,49869,-2624,-5.0,50181,-2312,-4.4,49869,54900,1399-6-17
125,پتاير,ايران‌ تاير,680,953561,98226318610,98110,103010,103010,4900,4.99,103010,4900,4.99,103010,103010,1399-6-17
126,آبادا,توليد نيروي برق آبادان,673,358874,10385813560,30460,28940,28940,-1520,-4.99,30110,-350,-1.15,28940,28940,1399-6-17
127,دتوزيع,توزيع دارو پخش,671,421744,25118704810,61897,58807,58803,-3094,-5.0,60675,-1222,-1.97,58803,62300,1399-6-17
128,ساروم,سيمان‌اروميه‌,670,3333422,86689293920,27360,26000,26000,-1360,-4.97,26010,-1350,-4.93,26000,27000,1399-6-17
129,حكشتي,كشتيراني جمهوري اسلامي ايران,667,339952,17711499200,54840,52100,52100,-2740,-5.0,54370,-470,-0.86,52100,52100,1399-6-17
130,كاردان,صندوق س تجارت شاخصي كاردان,663,269367,50737102740,201610,192380,184780,-16830,-8.35,188360,-13250,-6.57,182010,192400,1399-6-17
131,صايند,صندوق س. گنجينه آينده روشن-د,658,14850890,146174293750,9940,9930,9849,-91,-0.92,9843,-97,-0.98,9750,9975,1399-6-17
132,بورس,بورس اوراق بهادار تهران,652,1121909,96327106740,90370,85860,85860,-4510,-4.99,85860,-4510,-4.99,85860,85860,1399-6-17
133,اتكاي,بيمه اتكايي ايرانيان,643,2646553,40269989819,15456,15460,14684,-772,-4.99,15263,-193,-1.25,14684,15899,1399-6-17
134,سخوز,سيمان خوزستان,613,3001536,52905251550,18420,17700,17500,-920,-4.99,17630,-790,-4.29,17500,18280,1399-6-17
135,ختورح,ح . رادياتور ايران‌,610,1547020,34098288740,24380,23170,21940,-2440,-10.01,22040,-2340,-9.6,21940,23170,1399-6-17
136,بكهنوج,توليد برق ماهتاب كهنوج,608,805051,62325438318,81492,77418,77418,-4074,-5.0,77418,-4074,-5.0,77418,77418,1399-6-17
137,شسينا,صنايع‌شيميايي‌سينا,602,74907,33946964340,461900,460000,465000,3100,0.67,455950,-5950,-1.29,440000,478780,1399-6-17
138,امين يكم2,صندوق درآمد ثابت امين يكم فردا,600,60000000,60000000,10640,1,1,-10639,-99.99,1,-10639,-99.99,1,1,1399-6-17
139,نمرينو,ايران‌ مرينوس‌,597,1258588,99558700970,77830,81720,73940,-3890,-5.0,79100,1270,1.63,73940,81720,1399-6-17
140,شپديس,پتروشيمي پرديس,591,1327752,139990541270,110730,105520,105200,-5530,-4.99,105430,-5300,-4.79,105200,109000,1399-6-17
141,كفرآور,فرآورده هاي سيمان شرق,581,2824963,51153801513,18146,17602,18448,302,1.66,18108,-38,-0.21,17602,18690,1399-6-17
142,بفجر,فجر انرژي خليج فارس,579,5069709,129691234360,26620,25330,25290,-1330,-5.0,25580,-1040,-3.91,25290,26650,1399-6-17
143,وساخت,سرمايه‌ گذاري‌ ساختمان‌ايران‌,578,1933135,88093255910,47960,45570,45570,-2390,-4.98,45570,-2390,-4.98,45570,45600,1399-6-17
144,تسه9902,امتياز تسهيلات مسكن ارديبهشت99,574,8898,6776955911,745227,782488,750000,4773,0.64,761627,16400,2.2,722916,782488,1399-6-17
145,ساينا,صنايع بهداشتي ساينا,572,459973,77049268117,170145,161640,171200,1055,0.62,167508,-2637,-1.55,161640,172100,1399-6-17
146,غبشهر,صنعتي‌ بهشهر,555,4049394,91383069440,23740,22560,22560,-1180,-4.97,22570,-1170,-4.93,22560,23500,1399-6-17
147,دارا,صندوق س. دارا الگوريتم-د,550,14045537,141701557880,10065,10075,10118,53,0.53,10089,24,0.24,10075,10138,1399-6-17
148,شفن,پتروشيمي فناوران,547,494876,118128628740,250780,239990,238250,-12530,-5.0,238700,-12080,-4.82,238250,250720,1399-6-17
149,وتوكاح,ح . ‌توكافولاد(هلدينگ‌,517,1824601,16017408232,9713,8980,8740,-973,-10.02,8779,-934,-9.62,8740,9000,1399-6-17
150,ثعتما,س. ساختماني اعتماد گستر,501,2440831,63259341418,25453,24690,26216,763,3.0,25917,464,1.82,24690,26216,1399-6-17
151,تيپيكو,سرمايه گذاري دارويي تامين,500,1472569,75529036580,53980,51290,51290,-2690,-4.98,51700,-2280,-4.22,51290,51980,1399-6-17
152,مارون,پتروشيمي مارون,492,1147685,136776190537,125438,119177,119168,-6270,-5.0,119176,-6262,-4.99,119167,125000,1399-6-17
153,اخابر,مخابرات ايران,476,5349818,105016927340,20660,19630,19630,-1030,-4.99,19640,-1020,-4.94,19630,19630,1399-6-17
154,تسه9903,امتياز تسهيلات مسكن خرداد99,474,5606,4282771235,747933,785290,750000,2067,0.28,763962,16029,2.14,747000,785290,1399-6-17
155,وخارزم,سرمايه گذاري خوارزمي,473,3188827,39796560960,13130,12480,12480,-650,-4.95,12720,-410,-3.12,12480,12480,1399-6-17
156,پرداخت,به پرداخت ملت,473,531640,23532459290,45790,45980,45000,-790,-1.73,45070,-720,-1.57,43620,47600,1399-6-17
157,غگل,گلوكوزان‌,472,1362206,10352765600,8000,7600,7600,-400,-5.0,7900,-100,-1.25,7600,7600,1399-6-17
158,وسرمد,بيمه  سرمد,450,6798443,56029879561,8493,8239,8239,-254,-2.99,8242,-251,-2.96,8239,8454,1399-6-17
159,ختوقا,قطعات‌ اتومبيل‌ ايران‌,438,2596646,12671632480,5130,4880,4880,-250,-4.87,5060,-70,-1.36,4880,4880,1399-6-17
160,غويتا,ويتانا,433,1241840,77081725767,65038,61787,61787,-3251,-5.0,62071,-2967,-4.56,61787,65500,1399-6-17
161,وپست,پست بانك ايران,430,2607176,34745201960,14010,13310,13310,-700,-5.0,13490,-520,-3.71,13310,13690,1399-6-17
162,آكورد,صندوق س. آرمان آتي كوثر-د,429,5374867,152819025510,28428,28460,28429,1,0.0,28432,4,0.01,28370,28460,1399-6-17
163,تسه9810,امتياز تسهيلات مسكن دي98,423,8544,6476770180,744018,750000,745001,983,0.13,758049,14031,1.89,740000,775000,1399-6-17
164,گوهران,سرمايه گذاري توسعه گوهران اميد,421,1687334,16662259494,10372,10000,9854,-518,-4.99,10208,-164,-1.58,9854,10360,1399-6-17
165,بركت,گروه دارويي بركت,420,486791,10758081100,23260,22100,22100,-1160,-4.99,23020,-240,-1.03,22100,22100,1399-6-17
166,گوهر,صندوق سكه طلاي كيان,419,444737,31781915306,71648,72000,71021,-627,-0.88,71462,-186,-0.26,0,0,1399-6-17
167,وتوكا,سرمايه‌گذاري‌توكافولاد(هلدينگ,413,6222384,72935750480,12330,11720,11720,-610,-4.95,11720,-610,-4.95,11720,11950,1399-6-17
168,بكاب,صنايع‌جوشكاب‌يزد,400,202303,26802679710,138250,139990,131340,-6910,-5.0,135150,-3100,-2.24,131340,139990,1399-6-17
169,سكه0012پ01,سكه تمام بهارتحويلي 1روزه رفاه,397,388300,443714811500,1131534,1142849,1142849,11315,1.0,1142711,11177,0.99,0,0,1399-6-17
170,سرچشمه,سرمايه گذاري مس سرچشمه,394,2560137,23850236292,9806,9316,9316,-490,-5.0,9547,-259,-2.64,9316,9316,1399-6-17
171,هرمز,فولاد هرمزگان جنوب,378,2520118,28891651582,12014,11430,11414,-600,-4.99,11875,-139,-1.16,11414,11750,1399-6-17
172,فخاسح,ح . فولاد خراسان,377,887207,27023630790,33790,32090,30410,-3380,-10.0,30460,-3330,-9.85,30410,32210,1399-6-17
173,معيار,سرمايه گذاري معيار صنعت پارس,376,2347624,70864989745,29609,30201,30201,592,2.0,30186,577,1.95,29018,30201,1399-6-17
174,وآتوس,س.آرين توسكا قيمت اسمي 350ريال,373,1772174,49415367163,26677,28010,28010,1333,5.0,27884,1207,4.52,25345,28010,1399-6-17
175,دمعيار,صندوق س. توازن معيار-د,371,15318868,154328214691,10083,10086,10088,5,0.05,10074,-9,-0.09,10070,10109,1399-6-17
176,ونوين,بانك‌اقتصادنوين‌,368,2662141,11580313350,4570,4350,4350,-220,-4.81,4520,-50,-1.09,4350,4350,1399-6-17
177,سهگمت,سيمان‌هگمتان‌,364,2066201,39485478610,20110,19110,19110,-1000,-4.97,19220,-890,-4.43,19110,19450,1399-6-17
178,وپترو,سرمايه‌گذاري صنايع پتروشيمي‌,359,1687519,28773370380,17940,17050,17050,-890,-4.96,17390,-550,-3.07,17050,17100,1399-6-17
179,كگهر,سنگ آهن گهرزمين,358,456577,19731531046,45474,43220,43201,-2273,-5.0,45105,-369,-0.81,43201,43990,1399-6-17
180,وجامي,سرمايه گذاري جامي,354,2970816,35597282345,11787,12140,11434,-353,-2.99,11982,195,1.65,11434,12140,1399-6-17
181,بكام,كارخانجات توليدي شهيد قندي,328,1052029,8584556640,8580,8160,8160,-420,-4.9,8500,-80,-0.93,8160,8160,1399-6-17
182,چكارن,كارتن‌ ايران‌,323,1239231,6828162810,5800,5510,5510,-290,-5.0,5760,-40,-0.69,5510,5510,1399-6-17
183,وصنعت,سرمايه گذاري توسعه صنعت وتجارت,314,839988,8021885400,10050,9550,9550,-500,-4.98,9960,-90,-0.9,9550,9550,1399-6-17
184,آساس,صندوق س.آسمان آرماني سهام-س,313,244935,38413194068,167007,166000,154000,-13007,-7.79,156830,-10177,-6.09,153000,166000,1399-6-17
185,وسبحان,سرمايه گذاري سبحان,311,4550440,43693324880,10107,9602,9602,-505,-5.0,9619,-488,-4.83,9602,9602,1399-6-17
186,ولراز,ليزينگ رازي,309,471665,10405195533,21751,21110,22403,652,3.0,21912,161,0.74,21110,22403,1399-6-17
187,لوتوس,تامين سرمايه لوتوس پارسيان,304,2254259,36013245570,16800,16000,15960,-840,-5.0,16280,-520,-3.1,15960,16260,1399-6-17
188,خمحركه,نيرو محركه‌,301,1442926,15540313020,11330,10770,10770,-560,-4.94,11130,-200,-1.77,10770,10770,1399-6-17
189,سكه9912پ04,سكه تمام بهارتحويل1روزه صادرات,300,291500,333118497900,1131534,1142849,1142849,11315,1.0,1142774,11240,0.99,0,0,1399-6-17
190,كيان,صندوق س. با درآمد ثابت كيان,295,1874039,47456701510,25240,25360,25360,120,0.48,25320,80,0.32,25240,25360,1399-6-17
191,سكه0011پ02,سكه تمام بهارتحويلي 1روزه ملت,290,95700,109364388600,1131534,1142849,1142849,11315,1.0,1142784,11250,0.99,0,0,1399-6-17
192,شپارسح,ح . بين‌ المللي‌محصولات پارس‌,287,629152,7090988645,12418,11380,11180,-1238,-9.97,11271,-1147,-9.24,11180,11700,1399-6-17
193,لوتوسح,ح . تامين سرمايه لوتوس پارسيان,287,2541857,30152279630,12370,12030,11130,-1240,-10.02,11860,-510,-4.12,11130,12400,1399-6-17
194,تسه9812,امتياز تسهيلات مسكن اسفند98,285,3804,2899320143,744292,770010,750000,5708,0.77,762177,17885,2.4,745100,781506,1399-6-17
195,تسه9901,امتياز تسهيلات مسكن فروردين99,285,4500,3434046368,748589,786018,750000,1411,0.19,763121,14532,1.94,712122,786018,1399-6-17
196,سيدكو,سرمايه گذاري توسعه صنايع سيمان,284,1675928,13203098550,8280,7900,7870,-410,-4.95,8160,-120,-1.45,7870,8000,1399-6-17
197,فروي,ذوب روي اصفهان,284,267243,16684247733,65716,62431,62431,-3285,-5.0,64503,-1213,-1.85,62431,62431,1399-6-17
198,بذر,صندوق س بذر اميد آفرين-سهام,283,272233,31578491080,123080,119550,116050,-7030,-5.71,116000,-7080,-5.75,115600,119550,1399-6-17
199,سپاس,صندوق س. پاداش سهامداري توسعه1,277,8436888,84882112480,10060,10040,10060,0,0.0,10060,0,0.0,10040,10090,1399-6-17
200,سخاش,سيمان‌خاش‌,274,175084,13912589040,83400,79260,79230,-4170,-5.0,82240,-1160,-1.39,79230,82990,1399-6-17
201,سنوين,سرمايه گذاري اقتصاد نوين,270,4044573,47989561856,12095,12000,11854,-241,-1.99,11865,-230,-1.9,11854,12307,1399-6-17
202,دفارا,داروسازي‌ فارابي‌,267,337436,21702914280,67670,64290,64290,-3380,-4.99,66000,-1670,-2.47,64290,66600,1399-6-17
203,فجر,فولاد اميركبيركاشان,264,773233,39965689490,54350,52000,51640,-2710,-4.99,52300,-2050,-3.77,51640,52500,1399-6-17
204,كاما,باما,264,48988,9221991000,198150,188250,188250,-9900,-5.0,196940,-1210,-0.61,188250,188250,1399-6-17
205,خپارس,پارس‌ خودرو,262,375158,4205521180,11790,11210,11210,-580,-4.92,11770,-20,-0.17,11210,11210,1399-6-17
206,تماوند,تامين سرمايه دماوند,262,7526612,112552955848,15416,14954,14954,-462,-3.0,14954,-462,-3.0,14954,14954,1399-6-17
207,ما,بيمه  ما,260,4588476,33908837640,7770,7390,7390,-380,-4.89,7500,-270,-3.47,7390,7390,1399-6-17
208,شسپا,نفت سپاهان,259,1184050,26060940500,23160,22010,22010,-1150,-4.97,22590,-570,-2.46,22010,22010,1399-6-17
209,ثنظام,س. ساختماني نظام مهندسي ايران,258,642111,34773521205,52578,54155,54155,1577,3.0,54155,1577,3.0,54155,54155,1399-6-17
210,بموتو,موتوژن‌,256,885507,42206511710,50150,47710,47650,-2500,-4.99,47930,-2220,-4.43,47650,48000,1399-6-17
211,وپويا,سرمايه گذاري پويا,253,678307,9269743462,14385,13666,13666,-719,-5.0,14241,-144,-1.0,13666,13666,1399-6-17
212,دلر,داروسازي‌ اكسير,251,243047,22481812220,97180,92520,92330,-4850,-4.99,95040,-2140,-2.2,92330,95860,1399-6-17
213,دسبحاح,ح .گروه دارويي سبحان,250,250811,3657339020,16160,14610,14540,-1620,-10.02,14580,-1580,-9.78,14540,14970,1399-6-17
214,زفكا,كشت و دامداري فكا,248,250541,9978059597,41836,39790,39745,-2091,-5.0,41384,-452,-1.08,39745,41000,1399-6-17
215,وتوسم,سرمايه‌گذاري‌توسعه‌ملي‌,248,1573312,20239273190,13530,12870,12860,-670,-4.95,13250,-280,-2.07,12860,13000,1399-6-17
216,ريشمك,توليد و صادرات ريشمك,246,530381,17820271219,35367,33599,33599,-1768,-5.0,34657,-710,-2.01,33599,33599,1399-6-17
217,زعف9908پ10,زعفران9908نگين طلاي سرخ(پ),240,150140,14372423390,97889,95010,93499,-4390,-4.48,95727,-2162,-2.21,95010,98198,1399-6-17
218,زكوثر,سرمايه گذاري كشاورزي كوثر,232,451855,10713482050,24950,23710,23710,-1240,-4.97,24650,-300,-1.2,23710,23710,1399-6-17
219,تكنار,مجتمع معادن مس تكنار,232,592017,39210696334,64697,66637,66637,1940,3.0,66232,1535,2.37,62757,66637,1399-6-17
220,فرابورس,فرابورس ايران,232,440378,19762403128,47237,44876,44876,-2361,-5.0,46309,-928,-1.96,44876,44876,1399-6-17
221,دعبيد,لابراتوارداروسازي‌  دكترعبيدي‌,231,229731,7583420310,34740,33010,33010,-1730,-4.98,34520,-220,-0.63,33010,33010,1399-6-17
222,كنور,توسعه معدني و صنعتي صبانور,228,1273880,57732463540,47700,45320,45320,-2380,-4.99,45320,-2380,-4.99,45320,45350,1399-6-17
223,بخاور,بيمه زندگي خاورميانه,227,1444519,11702598572,8515,8200,8090,-425,-4.99,8421,-94,-1.1,8090,8490,1399-6-17
224,كبافق,معادن‌ بافق‌,227,227674,8806430320,40710,38680,38680,-2030,-4.99,40340,-370,-0.91,38680,38680,1399-6-17
225,ضجار7036,اختيارخ وتجارت-6500-1399/07/22,225,10680,747209000,106,90,52,-54,-50.94,70,-36,-33.96,50,100,1399-6-17
226,تسه9801,امتياز تسهيلات مسكن فروردين98,224,6016,4546068348,745918,710122,740500,-5418,-0.73,755663,9745,1.31,710122,770000,1399-6-17
227,گپارس,امور رفاهي كارگزاران پارس,224,353319,31793280926,87555,90181,90181,2626,3.0,89985,2430,2.78,85003,90181,1399-6-17
228,پكرمان,گروه‌ صنعتي‌ بارز,223,743200,15815308070,22400,21280,21280,-1120,-5.0,22040,-360,-1.61,21280,21290,1399-6-17
229,سجام,مجتمع سيمان غرب آسيا,222,5349497,71068979658,13311,13311,12912,-399,-3.0,13285,-26,-0.2,12912,13311,1399-6-17
230,سفانو,سيمان فارس نو,218,288988,8661936330,31270,31790,29710,-1560,-4.99,31040,-230,-0.74,29710,31790,1399-6-17
231,ثاخت,بين‌المللي‌توسعه‌ساختمان,217,920199,4913862660,5620,5340,5340,-280,-4.98,5590,-30,-0.53,5340,5340,1399-6-17
232,شيراز,پتروشيمي‌شيراز,217,685829,40226876100,61720,58650,58640,-3080,-4.99,60490,-1230,-1.99,58640,60000,1399-6-17
233,تسه9811,امتياز تسهيلات مسكن بهمن98,216,2598,1966674129,748604,757452,746100,-2504,-0.33,756995,8391,1.12,730000,786034,1399-6-17
234,شپاكسا,پاكسان‌,215,439904,13285759400,31780,30200,30200,-1580,-4.97,31360,-420,-1.32,30200,30800,1399-6-17
235,تسه9710,امتياز تسهيلات مسكن دي 97,214,3614,2827278170,753004,757000,763000,9996,1.33,782313,29309,3.89,756601,790654,1399-6-17
236,كرمان,س. توسعه و عمران استان كرمان,214,161064,16322870016,106677,101344,101344,-5333,-5.0,104743,-1934,-1.81,101344,101344,1399-6-17
237,آپ,آسان پرداخت پرشين,211,821140,17629875800,22600,21470,21470,-1130,-5.0,21470,-1130,-5.0,21470,21470,1399-6-17
238,همراه,شركت ارتباطات سيار ايران,210,1161208,52149851280,47270,44910,44910,-2360,-4.99,45870,-1400,-2.96,44910,44910,1399-6-17
239,غپينو,پارس‌ مينو,208,509085,3558504150,7350,6990,6990,-360,-4.9,7320,-30,-0.41,6990,6990,1399-6-17
240,ثشاهد,سرمايه‌ گذاري‌ شاهد,207,120453,6742958940,58920,55980,55980,-2940,-4.99,58700,-220,-0.37,55980,55980,1399-6-17
241,شلرد,كود شيميايي اوره لردگان,207,2435848,31098471416,13161,12767,12767,-394,-2.99,12894,-267,-2.03,12767,12767,1399-6-17
242,ثقزوي,شركت عمران و سازندگي قزوين,200,1072285,19708540637,18931,18400,18364,-567,-3.0,18380,-551,-2.91,18364,18500,1399-6-17
243,حريل,ريل پردازسير,200,720648,3591709632,5246,4984,4984,-262,-4.99,5225,-21,-0.4,4984,4984,1399-6-17
244,تسه9802,امتياز تسهيلات مسكن ارديبهشت98,196,4680,3545597927,744271,781484,740500,-3771,-0.51,757606,13335,1.79,707158,781484,1399-6-17
245,تسه9803,امتياز تسهيلات مسكن خرداد98,196,4515,3405390627,750688,788222,762100,11412,1.52,754239,3551,0.47,720020,788222,1399-6-17
246,قثابت,قند ثابت‌ خراسان‌,190,204067,21384180930,110300,104790,104790,-5510,-5.0,107960,-2340,-2.12,104790,104790,1399-6-17
247,اخزا815,اسنادخزانه-م15بودجه98-010406,188,212126,155406499695,731862,732099,732000,138,0.02,732614,752,0.1,731009,733500,1399-6-17
248,پارسيان,بيمه پارسيان,188,2799899,40430561720,15200,14440,14440,-760,-5.0,14530,-670,-4.41,14440,15160,1399-6-17
249,وساپا,سرمايه‌گذاري‌ سايپا,186,394670,5249111000,13990,13300,13300,-690,-4.93,13930,-60,-0.43,13300,13300,1399-6-17
250,ولساپا,ليزينگ رايان‌ سايپا,184,726564,3828992280,5540,5270,5270,-270,-4.87,5520,-20,-0.36,5270,5270,1399-6-17
251,حاريا,كشتيراني آريا,181,1560948,32845467816,20430,21042,21042,612,3.0,21042,612,3.0,21042,21042,1399-6-17
252,شرانل,نفت ايرانول,177,298184,7709249136,27214,25854,25854,-1360,-5.0,26989,-225,-0.83,25854,25854,1399-6-17
253,آسيا,بيمه آسيا,176,281848,8334245360,31120,29570,29570,-1550,-4.98,30830,-290,-0.93,29570,29570,1399-6-17
254,رمپنا,گروه مپنا (سهامي عام),176,309948,10206587640,34660,32930,32930,-1730,-4.99,34490,-170,-0.49,32930,32930,1399-6-17
255,خراسان,پتروشيمي خراسان,174,541142,42833393790,83300,79230,79140,-4160,-4.99,80170,-3130,-3.76,79140,80740,1399-6-17
256,شگل,گلتاش‌,172,492347,14323216960,30540,29150,29020,-1520,-4.98,30130,-410,-1.34,29020,30000,1399-6-17
257,تسه9709,امتياز تسهيلات مسكن آذر97,172,2183,1706226549,755346,793113,758000,2654,0.35,781597,26251,3.48,730000,793113,1399-6-17
258,كاسپينح,ح .داروسازي كاسپين تامين,166,341371,6342594469,19490,18868,18516,-974,-5.0,18580,-910,-4.67,18516,18982,1399-6-17
259,حتايد,تايدواترخاورميانه,166,4568620,104667084200,24110,22910,22910,-1200,-4.98,22910,-1200,-4.98,22910,22910,1399-6-17
260,خبهمن,گروه‌بهمن‌,164,139077,4246020810,32130,30530,30530,-1600,-4.98,32050,-80,-0.25,30530,30530,1399-6-17
261,وسينا,بانك سينا,162,4371306,59056344060,14220,13510,13510,-710,-4.99,13510,-710,-4.99,13510,13510,1399-6-17
262,فاراك,ماشين‌ سازي‌ اراك‌,158,391883,4706514830,12640,12010,12010,-630,-4.98,12570,-70,-0.55,12010,12010,1399-6-17
263,تسه9708,امتياز تسهيلات مسكن آبان97,157,2127,1647648910,748556,756040,751000,2444,0.33,774635,26079,3.48,750100,785983,1399-6-17
264,هاي وب,داده گسترعصرنوين-هاي وب,155,119335,3741152250,33000,31350,31350,-1650,-5.0,32880,-120,-0.36,31350,31350,1399-6-17
265,كلر,كلر پارس,155,39960,2873483640,75693,71909,71909,-3784,-5.0,75447,-246,-0.32,71909,71909,1399-6-17
266,تصميم,صندوق س با درآمد ثابت تصميم,154,1107228,16079277970,14540,14510,14510,-30,-0.21,14520,-20,-0.14,14500,14580,1399-6-17
267,تسه9711,امتياز تسهيلات مسكن بهمن 97,153,1714,1296973865,741849,730000,745000,3151,0.42,756694,14845,2.0,730000,776943,1399-6-17
268,سيمرغ,سيمرغ,151,412940,8060588800,20540,19520,19520,-1020,-4.97,20350,-190,-0.93,19520,19520,1399-6-17
269,كدما,معدني‌ دماوند,151,333515,39674944400,113300,118960,118960,5660,5.0,117330,4030,3.56,118960,118960,1399-6-17
270,دابور,داروسازي‌ ابوريحان‌,151,280677,10662919230,39980,37990,37990,-1990,-4.98,39530,-450,-1.13,37990,37990,1399-6-17
271,تسه9809,امتياز تسهيلات مسكن آذر98,149,2864,2156788694,742527,750050,743500,973,0.13,753069,10542,1.42,710122,779653,1399-6-17
272,وكار,بانك‌ كارآفرين‌,149,373598,5127018790,14370,13900,13660,-710,-4.94,14300,-70,-0.49,13660,14200,1399-6-17
273,ثفارس,عمران‌وتوسعه‌فارس‌,148,305547,3553511610,12240,11630,11630,-610,-4.98,12190,-50,-0.41,11630,11630,1399-6-17
274,قچار,فراوردههاي غذايي وقند چهارمحال,148,67775,11771648030,181092,172038,172038,-9054,-5.0,179303,-1789,-0.99,172038,183300,1399-6-17
275,تسه9712,امتياز تسهيلات مسكن اسفند97,148,1315,993006981,742121,726028,741000,-1121,-0.15,755138,13017,1.75,726028,779227,1399-6-17
276,اخزا808,اسنادخزانه-م8بودجه98-000817,146,108539,88875455967,817991,816500,820001,2010,0.25,818834,843,0.1,816500,821702,1399-6-17
277,البرز,بيمه البرز,145,535480,7919749200,15560,14790,14790,-770,-4.95,15430,-130,-0.84,14790,14790,1399-6-17
278,فسازان,غلتك سازان سپاهان,144,519969,19660027890,39790,37810,37810,-1980,-4.98,39000,-790,-1.99,37810,37810,1399-6-17
279,واحيا,م .صنايع و معادن احياء سپاهان,144,148311,32643870994,226909,220102,220102,-6807,-3.0,224386,-2523,-1.11,220102,225600,1399-6-17
280,سامان,بانك سامان,142,611511,9157377225,15763,14975,14975,-788,-5.0,15612,-151,-0.96,14975,14975,1399-6-17
281,تسه9707,امتياز تسهيلات مسكن مهر97,142,1189,906856290,740543,746900,745320,4777,0.65,762705,22162,2.99,745001,777570,1399-6-17
282,صنوين,صندوق سرمايه‌گذاري صنوين-مختلط,140,91833,10267579920,116010,113000,111000,-5010,-4.32,111810,-4200,-3.62,111000,113000,1399-6-17
283,قاسم,قاسم ايران,139,463039,7293327289,16580,15751,15751,-829,-5.0,16453,-127,-0.77,15751,15751,1399-6-17
284,پرديس,سرمايه گذاري پرديس,138,1102885,10334032450,9860,9370,9370,-490,-4.97,9740,-120,-1.22,9370,9370,1399-6-17
285,فولاژ,فولاد آلياژي ايران,136,105291,2778629490,27770,26390,26390,-1380,-4.97,27710,-60,-0.22,26390,26390,1399-6-17
286,سمتاز,سيمان ممتازان كرمان,135,348058,7642297716,23094,21940,22470,-624,-2.7,22634,-460,-1.99,21940,22526,1399-6-17
287,تسه9806,امتياز تسهيلات مسكن شهريور98,132,3867,2919705658,747210,745000,750000,2790,0.37,755031,7821,1.05,736000,784570,1399-6-17
288,سفارس,سيمان فارس و خوزستان,129,348631,6254440140,18880,17940,17940,-940,-4.98,18740,-140,-0.74,17940,17940,1399-6-17
289,پيزد,مجتمع صنايع لاستيك يزد,129,16846,1924739730,120268,114255,114255,-6013,-5.0,120014,-254,-0.21,114255,114255,1399-6-17
290,كالا,بورس كالاي ايران,127,88925,3716175750,43980,41790,41790,-2190,-4.98,43790,-190,-0.43,41790,41790,1399-6-17
291,خصدرا,صنعتي‌ دريايي‌ ايران‌,126,790395,5554896060,7245,7028,7028,-217,-3.0,7229,-16,-0.22,7028,7028,1399-6-17
292,زگلدشت,كشت و دام گلدشت نمونه اصفهان,125,112252,4868032484,45649,43367,43367,-2282,-5.0,45414,-235,-0.51,43367,43367,1399-6-17
293,ونفت,سرمايه‌گذاري‌ صنعت‌ نفت‌,125,287989,4288156210,15670,14890,14890,-780,-4.98,15590,-80,-0.51,14890,14890,1399-6-17
294,ستران,سيمان‌ تهران‌,124,124617,5584087770,47160,44810,44810,-2350,-4.98,46860,-300,-0.64,44810,44810,1399-6-17
295,سبهان,سيمان‌ بهبهان‌,124,90067,5240562390,61230,58170,58170,-3060,-5.0,60890,-340,-0.56,58170,58970,1399-6-17
296,فزرين,زرين معدن آسيا,124,2179844,45127130488,21791,20702,20702,-1089,-5.0,20702,-1089,-5.0,20702,20702,1399-6-17
297,اخزا817,اسنادخزانه-م17بودجه98-010512,122,111045,79862160727,718130,717599,719070,940,0.13,719187,1057,0.15,717599,720700,1399-6-17
298,وملل,اعتباري ملل,121,332031,4905425994,15551,14774,14774,-777,-5.0,15487,-64,-0.41,14774,14774,1399-6-17
299,حتوكا,حمل‌ونقل‌توكا,117,312914,5795506560,19480,18510,18510,-970,-4.98,19360,-120,-0.62,18510,19450,1399-6-17
300,رانفور,خدمات‌انفورماتيك‌,116,122527,3667233110,31500,29930,29930,-1570,-4.98,31440,-60,-0.19,29930,29930,1399-6-17
301,سخواف,سيمان مجد خواف,115,4889637,91949623785,19386,18805,18805,-581,-3.0,18805,-581,-3.0,18805,18805,1399-6-17
302,كوير,توليدي فولاد سپيد فراب كوير,114,600204,9519235440,16690,15860,15860,-830,-4.97,16570,-120,-0.72,15860,15860,1399-6-17
303,حآسا,آسيا سير ارس,113,548993,7183573405,13773,13085,13085,-688,-5.0,13664,-109,-0.79,13085,13085,1399-6-17
304,وسخراج,شركت س استان خراسان جنوبي,112,7916572,14645658200,1770,1850,1850,80,4.52,1790,20,1.13,1850,1850,1399-6-17
305,دزهراوي,داروسازي‌زهراوي‌,112,209262,2967335160,14920,14180,14180,-740,-4.96,14870,-50,-0.34,14180,14180,1399-6-17
306,تسه9808,امتياز تسهيلات مسكن آبان98,111,1325,1004470558,749457,765010,748000,-1457,-0.19,758091,8634,1.15,721000,786929,1399-6-17
307,سدشت,صنايع سيمان دشتستان,111,73284,2557839820,36640,36420,35000,-1640,-4.48,36550,-90,-0.25,34850,36420,1399-6-17
308,دسبحا,گروه دارويي سبحان,110,333037,5914986670,18690,17760,17760,-930,-4.98,18570,-120,-0.64,17760,17990,1399-6-17
309,خكرمان,گروه اقتصادي كرمان خودرو,109,2190891,18219449556,8573,8316,8316,-257,-3.0,8316,-257,-3.0,8316,8316,1399-6-17
310,فاسمين,كالسيمين‌,108,61860,3712837200,63170,60020,60020,-3150,-4.99,62930,-240,-0.38,60020,60020,1399-6-17
311,مرقام,ايران‌ارقام‌,106,109270,3189591300,30720,29190,29190,-1530,-4.98,30610,-110,-0.36,29190,29190,1399-6-17
312,اميد,تامين سرمايه اميد,106,2082778,43530060200,22000,20900,20900,-1100,-5.0,21400,-600,-2.73,20900,20900,1399-6-17
313,حپارسا,توسعه حمل و نقل ريلي پارسيان,106,572722,20908376588,38425,36504,36504,-1921,-5.0,37522,-903,-2.35,36504,37500,1399-6-17
314,گنجين,صندوق س. گنجينه يكم آويد-د,105,2033446,22848245776,11220,11240,11240,20,0.18,11236,16,0.14,11230,11240,1399-6-17
315,آسام,صندوق س.آرمان سپهر آشنا-م,104,204590,23120317130,117349,116990,112500,-4849,-4.13,113008,-4341,-3.7,111131,116990,1399-6-17
316,وبشهر,توسعه‌ صنايع‌ بهشهر(هلدينگ,102,717684,11920731240,17480,16610,16610,-870,-4.98,17290,-190,-1.09,16610,16610,1399-6-17
317,اخزا809,اسنادخزانه-م9بودجه98-000923,101,169075,136266793343,804722,802124,807000,2278,0.28,805955,1233,0.15,801701,807500,1399-6-17
318,سكه0112پ03,سكه تمام بهارتحويلي1روزه سامان,100,71300,81485129900,1131534,1142849,1142849,11315,1.0,1142849,11315,1.0,0,0,1399-6-17
319,ضصاد8024,اختيارخ وبصادر-5500-1399/08/11,99,1954,387373000,276,203,190,-86,-31.16,198,-78,-28.26,180,318,1399-6-17
320,حفارس,حمل و نقل بين المللي خليج فارس,99,249713,1463318180,6160,5860,5860,-300,-4.87,6150,-10,-0.16,5860,5860,1399-6-17
321,ساربيل,سيمان آرتا اردبيل,99,103963,11968220560,121170,115120,115120,-6050,-4.99,119630,-1540,-1.27,115120,115120,1399-6-17
322,شساخت,مهندسي و ساختمان صنايع نفت,97,1052673,47015534199,46044,44663,44663,-1381,-3.0,44663,-1381,-3.0,44663,44663,1399-6-17
323,نوين,بيمه نوين,97,2168002,15420998226,7487,7113,7113,-374,-5.0,7367,-120,-1.6,7113,7113,1399-6-17
324,ضجار7022,اختيارخ وتجارت-2800-1399/07/22,97,2731,1552992000,794,720,590,-204,-25.69,569,-225,-28.34,520,720,1399-6-17
325,فباهنر,مس‌ شهيدباهنر,96,57090,3117684900,57480,54610,54610,-2870,-4.99,57280,-200,-0.35,54610,54610,1399-6-17
326,خاهن,آهنگري‌ تراكتورسازي‌ ايران‌,93,250464,7123196160,29930,28440,28440,-1490,-4.98,29690,-240,-0.8,28440,28440,1399-6-17
327,واتي,سرمايه‌ گذاري‌ آتيه‌ دماوند,93,512770,7404398800,15190,14440,14440,-750,-4.94,15070,-120,-0.79,14440,14440,1399-6-17
328,ارمغان,ص سرمايه گذاري ارمغان ايرانيان,93,275851,2767533170,10020,10050,10040,20,0.2,10030,10,0.1,10020,10050,1399-6-17
329,دالبر,البرزدارو,91,172842,3681534600,22420,21300,21300,-1120,-5.0,22330,-90,-0.4,21300,21300,1399-6-17
330,تسه9804,امتياز تسهيلات مسكن تير98,90,3572,2695122287,741204,778264,745020,3816,0.51,754513,13309,1.8,705000,778264,1399-6-17
331,شزنگ,تجهيزنيروي‌زنگان‌,89,106027,8751907460,84057,82376,82376,-1681,-2.0,82658,-1399,-1.66,82376,85000,1399-6-17
332,كهرام,توليدي گرانيت بهسرام,89,442435,24452497580,53659,55268,55268,1609,3.0,55268,1609,3.0,55268,55268,1399-6-17
333,خزاميا,زامياد,89,227229,4296900390,19900,18910,18910,-990,-4.97,19810,-90,-0.45,18910,18910,1399-6-17
334,وسديد,گروه ‌صنعتي‌سديد,87,174650,4683239750,27644,26815,26815,-829,-3.0,27553,-91,-0.33,26815,26815,1399-6-17
335,دتوليد,داروسازي توليد دارو,85,193096,8065040632,43965,41767,41767,-2198,-5.0,43559,-406,-0.92,41767,41767,1399-6-17
336,قصفها,قنداصفهان‌,84,19039,3783430080,209170,198720,198720,-10450,-5.0,208270,-900,-0.43,198720,198720,1399-6-17
337,سشرق,سيمان‌ شرق‌,83,156246,1339028220,9020,8570,8570,-450,-4.99,9010,-10,-0.11,8570,8570,1399-6-17
338,غمارگ,مارگارين‌,82,128170,4068115800,33410,31740,31740,-1670,-5.0,33260,-150,-0.45,31740,31740,1399-6-17
339,وبوعلي,سرمايه‌گذاري‌بوعلي‌,81,460472,4517230320,10320,9810,9810,-510,-4.94,10270,-50,-0.48,9810,9810,1399-6-17
340,شپلي,پلي اكريل ايران,80,423918,4167961776,10136,9832,9832,-304,-3.0,10068,-68,-0.67,9832,9832,1399-6-17
341,تايرا,تراكتورسازي‌ايران‌,80,214027,5594665780,27510,26140,26140,-1370,-4.98,27330,-180,-0.65,26140,26140,1399-6-17
342,تسه9807,امتياز تسهيلات مسكن مهر98,79,793,603988140,751105,788660,755000,3895,0.52,761650,10545,1.4,745101,788660,1399-6-17
343,حبندر,دريايي و کشتيراني خط دريابندر,79,193830,4941596190,26281,25493,25493,-788,-3.0,26082,-199,-0.76,25493,25600,1399-6-17
344,كهمدا,شيشه‌ همدان‌,78,127335,3059860050,25290,24030,24030,-1260,-4.98,25200,-90,-0.36,24030,24030,1399-6-17
345,غپونه,نوش پونه مشهد,78,660101,13581578075,21211,20575,20575,-636,-3.0,20743,-468,-2.21,20575,20575,1399-6-17
346,توريل,توکاريل,77,128451,2210384808,18113,17208,17208,-905,-5.0,18067,-46,-0.25,17208,17208,1399-6-17
347,فيروزا,صندوق بادرآمد ثابت فيروزه آسيا,77,426237,8744299100,20490,20510,20560,70,0.34,20520,30,0.15,20460,20560,1399-6-17
348,شوينده,مديريت صنعت شوينده ت.ص.بهشهر,76,97432,3485142640,37650,35770,35770,-1880,-4.99,37500,-150,-0.4,35770,35770,1399-6-17
349,ثروتم,صندوق س. ثروت آفرين پارسيان-س,76,50650,5111484520,104806,104900,100800,-4006,-3.82,100918,-3888,-3.71,99900,104900,1399-6-17
350,فسرب,ملي‌ سرب‌وروي‌ ايران‌,76,50517,6499012050,135420,128650,128650,-6770,-5.0,134420,-1000,-0.74,128650,128650,1399-6-17
351,كي بي سي,شركت كي بي سي,73,172086,6405521319,39013,37063,37063,-1950,-5.0,38768,-245,-0.63,37063,38181,1399-6-17
352,وملي,گروه‌ صنعتي‌ ملي‌ (هلدينگ‌,72,4631,2818472910,640640,608610,608610,-32030,-5.0,639140,-1500,-0.23,608610,608610,1399-6-17
353,ودي,بيمه  دي,71,306551,7181570277,24659,23427,23427,-1232,-5.0,24459,-200,-0.81,23427,23427,1399-6-17
354,وايران,ليزينگ ايرانيان,71,250657,3180837330,13350,12690,12690,-660,-4.94,13300,-50,-0.37,12690,12690,1399-6-17
355,غفارس,شير پاستوريزه پگاه فارس,71,187893,2005006203,11232,10671,10671,-561,-4.99,11207,-25,-0.22,10671,10671,1399-6-17
356,زنجان,صنايع كشاورزي وكود زنجان,70,116218,933695412,8282,8034,8034,-248,-2.99,8269,-13,-0.16,8034,8034,1399-6-17
357,آريان,سرمايه گذاري پارس آريان,70,4220961,75504550368,18441,17888,17888,-553,-3.0,17997,-444,-2.41,17888,17888,1399-6-17
358,زشگزا,شير و گوشت زاگرس شهركرد,70,20639,2161089051,110219,104709,104709,-5510,-5.0,109963,-256,-0.23,104709,104709,1399-6-17
359,ساذري,آذريت‌,70,115876,19130779972,157236,165097,165097,7861,5.0,164373,7137,4.54,165097,165097,1399-6-17
360,فپنتا,سپنتا,70,7705,2192534800,299530,284560,284560,-14970,-5.0,298870,-660,-0.22,284560,284560,1399-6-17
361,اخزا814,اسنادخزانه-م14بودجه98-010318,70,178817,132550715087,738612,740050,741000,2388,0.32,741265,2653,0.36,736410,742000,1399-6-17
362,زشريف,كشت وصنعت شريف آباد,69,62736,1799895840,30200,28690,28690,-1510,-5.0,30142,-58,-0.19,28690,28690,1399-6-17
363,الماس,صندوق س.امين تدبيرگران فردا-س,69,37880,4761934119,131283,128000,125000,-6283,-4.79,125711,-5572,-4.24,124500,128000,1399-6-17
364,وزمين,بانك ايران زمين,67,483496,9540826568,20135,19733,19733,-402,-2.0,20014,-121,-0.6,19733,19733,1399-6-17
365,دامين,داروسازي‌ امين‌,65,94872,1350977280,14980,14240,14240,-740,-4.94,14960,-20,-0.13,14240,14240,1399-6-17
366,كماسه,تامين‌ ماسه‌ ريخته‌گري‌,63,20715,1530217050,77750,73870,73870,-3880,-4.99,77620,-130,-0.17,73870,73870,1399-6-17
367,پكوير,كوير تاير,62,83896,1340658080,16820,15980,15980,-840,-4.99,16800,-20,-0.12,15980,15980,1399-6-17
368,ورنا,سرمايه‌گذاري‌ رنا(هلدينگ‌,62,103669,1293789120,13130,12480,12480,-650,-4.95,13110,-20,-0.15,12480,12480,1399-6-17
369,نگين,ص.س. زمين و ساختمان نگين شهرري,62,305616,15585942000,51000,51000,51000,0,0.0,51000,0,0.0,50610,52000,1399-6-17
370,غنوش,نوش‌ مازندران‌,60,18536,1713467840,97300,92440,92440,-4860,-4.99,97110,-190,-0.2,92440,92440,1399-6-17
371,لپارس,پارس‌ الكتريك‌,59,12660,5171989800,430030,408530,408530,-21500,-5.0,427760,-2270,-0.53,408530,408530,1399-6-17
372,تسه9805,امتياز تسهيلات مسكن مرداد98,58,361,275052774,742574,719548,779702,37128,5.0,761919,19345,2.61,719548,779702,1399-6-17
373,سپ,پرداخت الكترونيك سامان كيش,58,59141,1418792590,25250,23990,23990,-1260,-4.99,25210,-40,-0.16,23990,23990,1399-6-17
374,شاملا,معدني‌ املاح‌  ايران‌,57,17673,1323000780,78790,74860,74860,-3930,-4.99,78570,-220,-0.28,74860,74860,1399-6-17
375,سپاها,سيمان‌سپاهان‌,56,174698,1829088060,11020,10470,10470,-550,-4.99,11000,-20,-0.18,10470,10470,1399-6-17
376,ساوه,سيمان ساوه,56,15700,1236971600,82934,78788,78788,-4146,-5.0,82824,-110,-0.13,78788,78788,1399-6-17
377,فولاي,صنايع فولاد آلياژي يزد,55,53114,2828957868,56065,53262,53262,-2803,-5.0,55895,-170,-0.3,53262,53262,1399-6-17
378,خمهر,مهركام‌پارس‌,54,140844,1266187560,9460,8990,8990,-470,-4.97,9450,-10,-0.11,8990,8990,1399-6-17
379,درهآور,دارويي ره آورد تامين,53,38313,1275593022,35046,33294,33294,-1752,-5.0,34997,-49,-0.14,33294,33294,1399-6-17
380,كمنگنز,معادن‌منگنزايران‌,53,42861,3827915910,94010,89310,89310,-4700,-5.0,93600,-410,-0.44,89310,89310,1399-6-17
381,دانا,بيمه دانا,53,92465,770233450,8760,8330,8330,-430,-4.91,8750,-10,-0.11,8330,8330,1399-6-17
382,اخزا811,اسنادخزانه-م11بودجه98-001013,52,136059,108767894392,800141,800141,797501,-2640,-0.33,799417,-724,-0.09,796011,802000,1399-6-17
383,كسرام,پارس‌ سرام‌,52,18790,2107110600,118040,112140,112140,-5900,-5.0,117770,-270,-0.23,112140,112140,1399-6-17
384,اوصتا,صندوق انديشه ورزان صباتامين -د,51,555862,9187508790,16503,16529,16525,22,0.13,16528,25,0.15,16500,16530,1399-6-17
385,ثباغ,شهر سازي و خانه سازي باغميشه,50,2477185,43635613775,18542,17615,17615,-927,-5.0,17615,-927,-5.0,17615,17615,1399-6-17
386,خلنت,لنت‌ ترمزايران‌,50,13040,1252361600,101090,96040,96040,-5050,-5.0,100950,-140,-0.14,96040,96040,1399-6-17
387,اعتلاح,ح سرمايه گذاري اعتلاء البرز,50,225885,1827409650,8515,8090,8090,-425,-4.99,8090,-425,-4.99,8090,8090,1399-6-17
388,وشهر,بانك شهر,50,310325,3052046375,10035,9835,9835,-200,-1.99,10025,-10,-0.1,9835,9835,1399-6-17
389,فاهواز,نورد و لوله اهواز,49,251300,5532872100,22466,22017,22017,-449,-2.0,22416,-50,-0.22,22017,22017,1399-6-17
390,زعف9908پ05,زعفران9908نگين زرين(پ),49,19337,1852201920,98120,95001,93900,-4220,-4.3,95785,-2335,-2.38,95001,98000,1399-6-17
391,گكوثر,هتل پارسيان كوثر اصفهان,49,29792,6417941600,226763,215425,215425,-11338,-5.0,225179,-1584,-0.7,215425,215425,1399-6-17
392,تاپكيش,تجارت الكترونيك پارسيان كيش,49,483845,16921995030,36814,34974,34974,-1840,-5.0,36098,-716,-1.94,34974,34974,1399-6-17
393,تبرك,گروه كارخانجات صنعتي تبرك,48,114526,3701823898,34024,32323,32323,-1701,-5.0,33890,-134,-0.39,32323,32323,1399-6-17
394,اخزا818,اسنادخزانه-م18بودجه98-010614,48,29693,21045935323,708555,708990,711098,2543,0.36,708784,229,0.03,707003,711098,1399-6-17
395,شپترو,پتروشيمي آبادان,48,149488,1184243936,8166,7922,7922,-244,-2.99,8150,-16,-0.2,7922,7922,1399-6-17
396,اخزا821,اسنادخزانه-م21بودجه98-020906,48,141378,82524829200,581282,581000,584010,2728,0.47,583718,2436,0.42,580000,586500,1399-6-17
397,دسبحان,سبحان دارو,48,165950,3645921500,23120,21970,21970,-1150,-4.97,23020,-100,-0.43,21970,21970,1399-6-17
398,فسپا,گروه‌صنعتي‌سپاهان‌,48,212451,11302393200,56000,53200,53200,-2800,-5.0,55280,-720,-1.29,53200,53200,1399-6-17
399,شرنگي,شيميايي رنگين,48,24773,3034618181,126285,122497,122497,-3788,-3.0,125692,-593,-0.47,122497,122497,1399-6-17
400,دسانكو,داروسازي سبحان انكولوژي,47,200709,3966812676,20804,19764,19764,-1040,-5.0,20710,-94,-0.45,19764,19764,1399-6-17
401,ولشرق,ليزينگ ايران و شرق,47,688463,6877056907,10514,9989,9989,-525,-4.99,10431,-83,-0.79,9989,9989,1399-6-17
402,دتماد,توليدمواداوليه‌داروپخش‌,47,30240,1176033600,40930,38890,38890,-2040,-4.98,40880,-50,-0.12,38890,38890,1399-6-17
403,شبصير,توليدات پتروشيمي قائد بصير,46,132120,16058261160,127940,121543,121543,-6397,-5.0,125686,-2254,-1.76,121543,121543,1399-6-17
404,شنفت,نفت‌ پارس‌,45,16315,1050849150,67790,64410,64410,-3380,-4.99,67730,-60,-0.09,64410,64410,1399-6-17
405,وليز,ليزينگ‌ايران‌,43,59176,650344240,11560,10990,10990,-570,-4.93,11550,-10,-0.09,10990,10990,1399-6-17
406,ولملت,واسپاري ملت,43,1157027,15087632080,13720,13040,13040,-680,-4.96,13490,-230,-1.68,13040,13040,1399-6-17
407,ثنور,سرمايه گذاري كوه نور,43,94929,848855118,9218,8942,8942,-276,-2.99,9206,-12,-0.13,8942,8942,1399-6-17
408,فروس,فروسيليس‌ ايران‌,43,31555,815381200,27200,25840,25840,-1360,-5.0,27180,-20,-0.07,25840,25840,1399-6-17
409,داريك,صندوق س.اعتماد داريك-د,42,149708,1489286638,10004,9970,9940,-64,-0.64,9948,-56,-0.56,9940,10000,1399-6-17
410,اخزا820,اسنادخزانه-م20بودجه98-020806,42,143447,84938240667,586946,590000,590015,3069,0.52,592123,5177,0.88,587002,599999,1399-6-17
411,اخزا812,اسنادخزانه-م12بودجه98-001111,42,141464,111854569318,787900,785001,788201,301,0.04,790693,2793,0.35,783999,791500,1399-6-17
412,شكربن,كربن‌ ايران‌,42,16509,1131691950,72150,68550,68550,-3600,-4.99,72060,-90,-0.12,68550,68550,1399-6-17
413,واحصا,احياء صنايع خراسان,41,108042,1793728700,17113,16600,16600,-513,-3.0,17066,-47,-0.27,16600,16610,1399-6-17
414,اخزا806,اسنادخزانه-م6بودجه98-000519,41,49339,42158938452,853885,847748,855650,1765,0.21,854475,590,0.07,847738,856330,1399-6-17
415,فاما,صنعتي‌ آما,40,34198,672674660,20700,19670,19670,-1030,-4.98,20680,-20,-0.1,19670,19670,1399-6-17
416,ثجوان,تامين مسكن جوانان,40,463429,4566165937,10371,9853,9853,-518,-4.99,10240,-131,-1.26,9853,9853,1399-6-17
417,داوه,داروسازي آوه سينا,40,22836,471654744,21741,20654,20654,-1087,-5.0,21730,-11,-0.05,20654,20654,1399-6-17
418,چدن,توليدي چدن سازان,40,140481,4404079350,32990,31350,31350,-1640,-4.97,32820,-170,-0.52,31350,31350,1399-6-17
419,بهپاك,صنعتي بهپاك,39,20858,874951384,44155,41948,41948,-2207,-5.0,44112,-43,-0.1,41948,41948,1399-6-17
420,كيميا,معدني كيمياي زنجان گستران,39,23268,768379164,34761,33023,33023,-1738,-5.0,34731,-30,-0.09,33023,33023,1399-6-17
421,سيلامح,ح . سيمان‌ ايلام‌,39,2166200,12798690000,6410,6410,5900,-510,-7.96,5910,-500,-7.8,5900,6410,1399-6-17
422,قشكر,شكرشاهرود,39,12232,637654160,54870,52130,52130,-2740,-4.99,54830,-40,-0.07,52130,52130,1399-6-17
423,سخند,صندوق س.سپهرخبرگان نفت-د,39,82100,821751190,10031,10049,10007,-24,-0.24,10009,-22,-0.22,10003,10049,1399-6-17
424,دقاضي,داروسازي شهيد قاضي,38,44606,4471082410,103335,100235,100235,-3100,-3.0,102620,-715,-0.69,100235,100235,1399-6-17
425,نيرو,نيرو سرمايه,38,67858,4144155918,62959,61071,61071,-1888,-3.0,62522,-437,-0.69,61071,61071,1399-6-17
426,كصدف,كاشي صدف سرام استقلال آباده,38,190338,2607059586,13429,13697,13697,268,2.0,13497,68,0.51,13697,13697,1399-6-17
427,فجام,جام‌دارو,38,19515,1176169050,63440,60270,60270,-3170,-5.0,63360,-80,-0.13,60270,60270,1399-6-17
428,پخش,پخش البرز,38,304924,10258863056,35414,33644,33644,-1770,-5.0,34998,-416,-1.17,33644,33644,1399-6-17
429,كفرا,فراورده‌ هاي‌ نسوزايران‌,38,31996,1322714640,43510,41340,41340,-2170,-4.99,43450,-60,-0.14,41340,41340,1399-6-17
430,ثمسكن,سرمايه‌گذاري‌ مسكن‌,38,72544,624603840,9060,8610,8610,-450,-4.97,9050,-10,-0.11,8610,8610,1399-6-17
431,فرآور,فرآوري‌موادمعدني‌ايران‌,38,40019,1052899890,27690,26310,26310,-1380,-4.98,27660,-30,-0.11,26310,26310,1399-6-17
432,كسرا,سراميك‌هاي‌صنعتي‌اردكان‌,37,39328,1093318400,29260,27800,27800,-1460,-4.99,29230,-30,-0.1,27800,27800,1399-6-17
433,غگرجي,بيسكويت‌  گرجي‌,37,117332,4970183520,44580,42360,42360,-2220,-4.98,44340,-240,-0.54,42360,42360,1399-6-17
434,وگستر,گسترش سرمايه گذاري ايرانيان,37,80369,2000866624,26206,24896,24896,-1310,-5.0,26145,-61,-0.23,24896,24896,1399-6-17
435,شفارس,صنايع‌ شيميايي‌ فارس‌,36,46527,1824788940,41280,39220,39220,-2060,-4.99,41190,-90,-0.22,39220,39220,1399-6-17
436,خوساز,محورسازان‌ايران‌خودرو,36,86966,905316060,10950,10410,10410,-540,-4.93,10940,-10,-0.09,10410,10410,1399-6-17
437,آبين,كشت و صنعت آبشيرين,36,102412,497415084,5007,4857,4857,-150,-3.0,5003,-4,-0.08,4857,4857,1399-6-17
438,خشرق,الكتريك‌ خودرو شرق‌,36,35327,710072700,21150,20100,20100,-1050,-4.96,21130,-20,-0.09,20100,20100,1399-6-17
439,اپرداز,آتيه داده پرداز,35,60975,1755958050,30313,28798,28798,-1515,-5.0,30254,-59,-0.19,28798,28798,1399-6-17
440,ومعلم,بيمه معلم,35,83188,1578409112,19972,18974,18974,-998,-5.0,19938,-34,-0.17,18974,18974,1399-6-17
441,وآذر,سرمايه‌گذاري‌توسعه‌آذربايجان‌,35,13251,1695332940,134670,127940,127940,-6730,-5.0,134410,-260,-0.19,127940,127940,1399-6-17
442,غشهد,شهد ايران ‌,35,161067,1380344190,9020,8570,8570,-450,-4.99,9010,-10,-0.11,8570,8570,1399-6-17
443,وآفري,بيمه كارآفرين,35,1135367,13592613724,11624,11972,11972,348,2.99,11850,226,1.94,11972,11972,1399-6-17
444,ضچاد7024,اختيارخ كچاد-23300-1399/07/07,34,282,108765000,557,979,321,-236,-42.37,386,-171,-30.7,300,979,1399-6-17
445,بميلا,توسعه بازرگاني آهن وفولادميلاد,34,89209,3521168439,40691,39471,39471,-1220,-3.0,40457,-234,-0.58,39471,39471,1399-6-17
446,ثنوسا,نوسازي‌وساختمان‌تهران‌,34,154112,2054312960,14030,13330,13330,-700,-4.99,14000,-30,-0.21,13330,13330,1399-6-17
447,سمازن,سيمان‌مازندران‌,34,61801,674866920,11490,10920,10920,-570,-4.96,11480,-10,-0.09,10920,10920,1399-6-17
448,رنيك,جنرال مكانيك,33,23565,646529340,28879,27436,27436,-1443,-5.0,28857,-22,-0.08,27436,27436,1399-6-17
449,ثعمرا,عمران و توسعه شاهد,33,33945,938986590,29117,27662,27662,-1455,-5.0,29088,-29,-0.1,27662,27662,1399-6-17
450,غمينو,شركت صنايع غذايي مينو شرق,33,29175,480366375,17331,16465,16465,-866,-5.0,17322,-9,-0.05,16465,16465,1399-6-17
451,وپخش,داروپخش‌ (هلدينگ‌,32,13404,1583012400,124310,118100,118100,-6210,-5.0,124100,-210,-0.17,118100,118100,1399-6-17
452,فايرا,آلومينيوم‌ايران‌,32,19362,393048600,21360,20300,20300,-1060,-4.96,21350,-10,-0.05,20300,20300,1399-6-17
453,دارو,كارخانجات‌داروپخش‌,32,20435,1111868350,57270,54410,54410,-2860,-4.99,57210,-60,-0.1,54410,54410,1399-6-17
454,زمگسا,كشاورزي‌ ودامپروي‌ مگسال‌,31,40900,1271172000,32710,31080,31080,-1630,-4.98,32660,-50,-0.15,31080,31080,1399-6-17
455,سصوفي,سيمان‌ صوفيان‌,31,65132,1421831560,22970,21830,21830,-1140,-4.96,22940,-30,-0.13,21830,21830,1399-6-17
456,بسويچ,پارس‌سويچ‌,31,11468,560899880,51480,48910,48910,-2570,-4.99,51450,-30,-0.06,48910,48910,1399-6-17
457,شفا,سرمايه گذاري شفادارو,31,14385,779523150,57040,54190,54190,-2850,-5.0,56990,-50,-0.09,54190,54190,1399-6-17
458,فيروزه2,صندوق شاخص30 شركت فيروزه- سهام,30,300000,300000,202080,1,1,-202079,-100.0,1,-202079,-100.0,1,1,1399-6-17
459,اخزا816,اسنادخزانه-م16بودجه98-010503,30,23350,16884341514,722937,721000,723801,864,0.12,723098,161,0.02,721000,724100,1399-6-17
460,غصينو,صنعتي مينو,30,64757,2262156281,36013,34933,34933,-1080,-3.0,35973,-40,-0.11,34933,34933,1399-6-17
461,غشان,شيرپاستوريزه‌پگاه‌خراسان‌,30,16984,1048252480,64960,61720,61720,-3240,-4.99,64890,-70,-0.11,61720,61720,1399-6-17
462,فلامي,لاميران‌,30,7853,914717440,122610,116480,116480,-6130,-5.0,122490,-120,-0.1,116480,116480,1399-6-17
463,خاور,ايران خودرو ديزل,30,48517,380033661,8075,7833,7833,-242,-3.0,8070,-5,-0.06,7833,7833,1399-6-17
464,غشوكوح,ح . شوكو پارس,30,138820,3118868940,23161,22467,22467,-694,-3.0,22467,-694,-3.0,22467,22467,1399-6-17
465,وتوس,توسعه‌شهري‌توس‌گستر,30,51822,1870774200,37990,36100,36100,-1890,-4.97,37910,-80,-0.21,36100,36100,1399-6-17
466,خكاوه,سايپا ديزل,30,69057,493481322,7367,7146,7146,-221,-3.0,7361,-6,-0.08,7146,7146,1399-6-17
467,سهرمز,سيمان‌هرمزگان‌,29,53338,878476860,17330,16470,16470,-860,-4.96,17310,-20,-0.12,16470,16470,1399-6-17
468,وآرينح,ح. شركت توسعه اقتصادي آرين,28,45428,184680688,4169,4044,4044,-125,-3.0,4065,-104,-2.49,4044,4168,1399-6-17
469,لكما,كارخانجات‌مخابراتي‌ايران‌,28,45975,565584450,12682,12302,12302,-380,-3.0,12671,-11,-0.09,12302,12302,1399-6-17
470,خاذين,سايپاآذين‌,28,98992,866180000,9210,8750,8750,-460,-4.99,9200,-10,-0.11,8750,8750,1399-6-17
471,سبجنو,سيمان‌ بجنورد,28,23359,765007250,34470,32750,32750,-1720,-4.99,34440,-30,-0.09,32750,32750,1399-6-17
472,فوكا,فولاد كاويان,28,316190,6861955380,22144,21702,21702,-442,-2.0,22086,-58,-0.26,21702,21702,1399-6-17
473,زعف9908پ16,زعفران9908نگين بيرجند(پ),28,24076,2320671400,98104,97500,94000,-4104,-4.18,96389,-1715,-1.75,97200,97800,1399-6-17
474,كمرجان,بازرگاني و توليدي مرجان كار,28,44258,1823872180,43378,41210,41210,-2168,-5.0,43293,-85,-0.2,41210,41210,1399-6-17
475,زقيام,كشت و دام قيام اصفهان,27,15692,535599344,35928,34132,34132,-1796,-5.0,35906,-22,-0.06,34132,34132,1399-6-17
476,اخزا624,اسنادخزانه-م24بودجه96-990625,27,5880,5851743349,994372,995001,996996,2624,0.26,995194,822,0.08,995000,997998,1399-6-17
477,خرينگ,رينگ‌سازي‌مشهد,27,75499,2323859220,32400,30780,30780,-1620,-5.0,32320,-80,-0.25,30780,30780,1399-6-17
478,ثتوسا,س.توسعه و عمران استان اردبيل,27,22332,1715365584,79187,76812,76812,-2375,-3.0,78977,-210,-0.27,76812,76812,1399-6-17
479,سيستم,همكاران سيستم,27,209757,5483047980,27510,26140,26140,-1370,-4.98,27350,-160,-0.58,26140,26140,1399-6-17
480,زپارس,ملي كشت و صنعت و دامپروري پارس,27,77200,6521084000,88910,84470,84470,-4440,-4.99,88270,-640,-0.72,84470,84470,1399-6-17
481,سرود,سيمان‌شاهرود,27,49349,827582730,17650,16770,16770,-880,-4.99,17630,-20,-0.11,16770,16770,1399-6-17
482,غبهنوش,بهنوش‌ ايران‌,27,205447,14933942430,76510,72690,72690,-3820,-4.99,75240,-1270,-1.66,72690,72690,1399-6-17
483,كوثر,بيمه كوثر,27,205000,3200050000,16431,15610,15610,-821,-5.0,16374,-57,-0.35,15610,15610,1399-6-17
484,افران,صندوق س افرا نماد پايدار-ثابت,26,49978,583224600,11710,11690,11690,-20,-0.17,11670,-40,-0.34,11660,11690,1399-6-17
485,شدوص,دوده‌ صنعتي‌ پارس‌,26,23171,494005720,22440,21320,21320,-1120,-4.99,22430,-10,-0.04,21320,21320,1399-6-17
486,نطرين,عطرين نخ قم,26,19070,365934230,20198,19189,19189,-1009,-5.0,20190,-8,-0.04,19189,19189,1399-6-17
487,كيسون,شركت كيسون,26,31312,725467728,23885,23169,23169,-716,-3.0,23874,-11,-0.05,23169,23169,1399-6-17
488,زبينا,كشاورزي و دامپروري بينالود,26,14978,868828846,61059,58007,58007,-3052,-5.0,61003,-56,-0.09,58007,58007,1399-6-17
489,ديران,ايران‌دارو,25,87728,2288823520,27460,26090,26090,-1370,-4.99,27390,-70,-0.25,26090,26090,1399-6-17
490,ميهن,بيمه ميهن,25,155150,1016232500,6894,6550,6550,-344,-4.99,6886,-8,-0.12,6550,6550,1399-6-17
491,فسا,پتروشيمي فسا,25,95840,282728000,3105,2950,2950,-155,-4.99,3103,-2,-0.06,2950,2950,1399-6-17
492,وتوصا,گروه س توسعه صنعتي ايران,25,128088,2026352160,16650,15820,15820,-830,-4.98,16610,-40,-0.24,15820,15820,1399-6-17
493,بزاگرس,نيروگاه زاگرس كوثر,24,19917,333251244,17612,16732,16732,-880,-5.0,17606,-6,-0.03,16732,16732,1399-6-17
494,تكمبا,كمباين‌ سازي‌ ايران‌,24,56102,621610160,11660,11080,11080,-580,-4.97,11650,-10,-0.09,11080,11080,1399-6-17
495,ضصاد8017,اختيارخ وبصادر-3800-1399/08/11,24,222,116112000,775,512,510,-265,-34.19,523,-252,-32.52,510,550,1399-6-17
496,پست9908-02,پسته فندقي32-30طلاسبززرند9908,24,1041,1289107929,1265128,1245000,1245000,-20128,-1.59,1238336,-26792,-2.12,1201872,1245000,1399-6-17
497,صايپا012,صكوك مرابحه سايپا012-3ماهه 16%,24,1255,1265200000,1009340,1040000,1000000,-9340,-0.93,1008127,-1213,-0.12,1000000,1040000,1399-6-17
498,وبرق,س.کارکنان صنعت برق زنجان وقزوي,24,6443,1398388720,228463,217040,217040,-11423,-5.0,227617,-846,-0.37,217040,217040,1399-6-17
499,خكار,ايركا پارت صنعت,23,18218,720521900,41630,39550,39550,-2080,-5.0,41600,-30,-0.07,39550,39550,1399-6-17
500,دپارس,پارس‌ دارو,23,5170,477759700,97270,92410,92410,-4860,-5.0,97220,-50,-0.05,92410,92410,1399-6-17
501,قشير,قند شيروان قوچان و بجنورد,23,16030,476892500,31315,29750,29750,-1565,-5.0,31299,-16,-0.05,29750,29750,1399-6-17
502,داراب,پتروشيمي داراب,23,209842,659323564,3239,3142,3142,-97,-2.99,3236,-3,-0.09,3142,3142,1399-6-17
503,زدشت,كشت و صنعت دشت خرم دره,23,7367,393854554,56275,53462,53462,-2813,-5.0,56250,-25,-0.04,53462,53462,1399-6-17
504,ضملي8077,اختيارخ فملي -29750-1399/08/06,23,254,1605384000,9466,7000,6200,-3266,-34.5,6320,-3146,-33.23,6000,7000,1399-6-17
505,غديس,پاكديس,23,151094,6107370574,42548,40421,40421,-2127,-5.0,42261,-287,-0.67,40421,40421,1399-6-17
506,پسهند,صنايع‌ لاستيكي‌  سهند,23,29201,1570137770,56600,53770,53770,-2830,-5.0,56500,-100,-0.18,53770,53770,1399-6-17
507,ثتران,سرمايه گذاري مسكن تهران,23,24411,237470208,10240,9728,9728,-512,-5.0,10237,-3,-0.03,9728,9728,1399-6-17
508,زعف9908پ13,زعفران9908پوشالمعمول روستا(پ),23,3027,201094840,66792,68970,64351,-2441,-3.65,66434,-358,-0.54,64002,68970,1399-6-17
509,غالبر,لبنيات‌ كالبر,22,17213,251998320,15410,14640,14640,-770,-5.0,15410,0,0.0,14640,14640,1399-6-17
510,شلعاب,لعابيران‌,22,16822,565723860,35400,33630,33630,-1770,-5.0,35380,-20,-0.06,33630,33630,1399-6-17
511,سكرد,سيمان كردستان,22,53985,622986900,12140,11540,11540,-600,-4.94,12130,-10,-0.08,11540,11540,1399-6-17
512,ثپرديسح,ح.سرمايه گذاري مسكن پرديس,22,100362,871443246,9139,8683,8683,-456,-4.99,8683,-456,-4.99,8683,8683,1399-6-17
513,كگاز,شيشه‌ و گاز,21,17857,451960670,26640,25310,25310,-1330,-4.99,26630,-10,-0.04,25310,25310,1399-6-17
514,ياقوت2,صندوق س ياقوت آگاه-ثابت,21,42138000,42138000,10980,1,1,-10979,-99.99,1,-10979,-99.99,1,1,1399-6-17
515,بزاگرسح,ح . نيروگاه زاگرس كوثر,21,45107,426802434,9959,9462,9462,-497,-4.99,9462,-497,-4.99,9462,9462,1399-6-17
516,زعف9908پ11,زعفران9908نگين سحرخيز(پ),21,2683,270483569,100007,102700,95410,-4597,-4.6,100814,807,0.81,99900,102700,1399-6-17
517,شپاس,نفت پاسارگاد,21,10037,247763345,25984,24685,24685,-1299,-5.0,25977,-7,-0.03,24685,24685,1399-6-17
518,سيلام,سيمان‌ ايلام‌,21,36815,397970150,11370,10810,10810,-560,-4.93,11370,0,0.0,10810,10810,1399-6-17
519,وبهمن,سرمايه‌گذاري‌بهمن‌,21,19961,414390360,21850,20760,20760,-1090,-4.99,21840,-10,-0.05,20760,20760,1399-6-17
520,غدشت,دشت‌ مرغاب‌,21,1759,543759670,325390,309130,309130,-16260,-5.0,325190,-200,-0.06,309130,309130,1399-6-17
521,اخزا807,اسنادخزانه-م7بودجه98-000719,21,23741,19718526218,829450,830056,831168,1718,0.21,830568,1118,0.13,828111,831168,1399-6-17
522,تصميم2,صندوق س با درآمد ثابت تصميم,20,2000000,2000000,14540,1,1,-14539,-99.99,1,-14539,-99.99,1,1,1399-6-17
523,شفارا,پتروشيمي فارابي,20,64554,358855686,5730,5559,5559,-171,-2.98,5727,-3,-0.05,5559,5559,1399-6-17
524,وآرين,شركت توسعه اقتصادي آرين,20,81306,472225248,5987,5808,5808,-179,-2.99,5982,-5,-0.08,5808,5808,1399-6-17
525,درازك,دارويي‌ رازك‌,20,9773,436364450,46990,44650,44650,-2340,-4.98,46970,-20,-0.04,44650,44650,1399-6-17
526,زير0003پ01,زيره سبز0003كيميابذر(پ),20,1011,471879940,491109,470000,466554,-24555,-5.0,466746,-24363,-4.96,466554,490000,1399-6-17
527,لابسا,آبسال‌,20,9743,361173010,39020,37070,37070,-1950,-5.0,39010,-10,-0.03,37070,37070,1399-6-17
528,گنجين2,صندوق س. گنجينه يكم آويد-د,20,2000000,2000000,11220,1,1,-11219,-99.99,1,-11219,-99.99,1,1,1399-6-17
529,سغرب,سيمان‌غرب‌,20,46579,1060603830,23960,22770,22770,-1190,-4.97,23930,-30,-0.13,22770,22770,1399-6-17
530,كاذر,فرآورده‌هاي‌نسوزآذر,19,30260,959544600,33370,31710,31710,-1660,-4.97,33330,-40,-0.12,31710,31710,1399-6-17
531,فنورد,نوردوقطعات‌ فولادي‌,19,37110,4427223000,113620,119300,119300,5680,5.0,114090,470,0.41,119300,119300,1399-6-17
532,سمايه,بانك سرمايه,19,61731,645644529,10782,10459,10459,-323,-3.0,10770,-12,-0.11,10459,10459,1399-6-17
533,شصفها,پتروشيمي‌ اصفهان‌,19,2973,271800579,93288,91423,91423,-1865,-2.0,93242,-46,-0.05,91423,91423,1399-6-17
534,وحكمت,بيمه حكمت صبا,18,119340,706254120,6101,5918,5918,-183,-3.0,6094,-7,-0.11,5918,5918,1399-6-17
535,ثشرق,سرمايه گذاري مسكن شمال شرق,18,208780,1536620800,7740,7360,7360,-380,-4.91,7730,-10,-0.13,7360,7360,1399-6-17
536,صايند2,صندوق س. گنجينه آينده روشن-د,18,1800000,1800000,9940,1,1,-9939,-99.99,1,-9939,-99.99,1,1,1399-6-17
537,اخزا721,اسنادخزانه-م21بودجه97-000728,18,18186,15125198800,825686,830000,829100,3414,0.41,831695,6009,0.73,822965,839200,1399-6-17
538,شمواد,توليد مواداوليه الياف مصنوعي,18,11410,722481200,66652,63320,63320,-3332,-5.0,66523,-129,-0.19,63320,63320,1399-6-17
539,ولتجار,واسپاري تجارت وسرمايه ايرانيان,18,76422,574311330,7747,7515,7515,-232,-2.99,7740,-7,-0.09,7515,7515,1399-6-17
540,زعف9908پ12,زعفران9908پوشالمعمول سحرخيز(پ),18,1716,119042352,69073,69372,69372,299,0.43,69372,299,0.43,69372,69372,1399-6-17
541,دكپسول,توليد ژلاتين كپسول ايران,18,7704,311480424,42558,40431,40431,-2127,-5.0,42544,-14,-0.03,40431,40431,1399-6-17
542,ددام,داروسازي زاگرس فارمد پارس,18,42643,648173600,15990,15200,15200,-790,-4.94,15980,-10,-0.06,15200,15200,1399-6-17
543,اخزا813,اسنادخزانه-م13بودجه98-010219,17,7507,5617805244,749371,751500,750201,830,0.11,748342,-1029,-0.14,746078,751500,1399-6-17
544,كمينا,شيشه سازي مينا,17,21807,852675507,40310,39101,39101,-1209,-3.0,40252,-58,-0.14,39101,39101,1399-6-17
545,غشاذر,پگاه‌آذربايجان‌غربي‌,17,8403,188311230,23580,22410,22410,-1170,-4.96,23580,0,0.0,22410,22410,1399-6-17
546,سدور,سيمان‌ دورود,17,46294,426367740,9690,9210,9210,-480,-4.95,9690,0,0.0,9210,9210,1399-6-17
547,وصنا,گروه‌صنايع‌بهشهرايران‌,17,18963,220729320,12250,11640,11640,-610,-4.98,12250,0,0.0,11640,11640,1399-6-17
548,فلوله,لوله‌وماشين‌سازي‌ايران‌,17,9179,267751430,30700,29170,29170,-1530,-4.98,30690,-10,-0.03,29170,29170,1399-6-17
549,خديزل,بهمن  ديزل,17,17152,704552704,43238,41077,41077,-2161,-5.0,43204,-34,-0.08,41077,41077,1399-6-17
550,شتوكا,توكا رنگ فولاد سپاهان,17,13281,470001309,37251,35389,35389,-1862,-5.0,37232,-19,-0.05,35389,35389,1399-6-17
551,زير0003پ04,زيره سبز0003شركت مينوبذر(پ),17,192,94392000,484858,514000,470000,-14858,-3.06,491625,6767,1.4,470000,514000,1399-6-17
552,فالوم,آلومتك‌,16,10025,369020250,37948,36810,36810,-1138,-3.0,37926,-22,-0.06,36810,36810,1399-6-17
553,بالاس,مهندسي ساختمان تاسيسات راه آهن,16,9380,476700980,53495,50821,50821,-2674,-5.0,53468,-27,-0.05,50821,50821,1399-6-17
554,ساراب,سيمان‌ داراب‌,16,12007,157051560,13760,13080,13080,-680,-4.94,13760,0,0.0,13080,13080,1399-6-17
555,بمپنا,توليد برق عسلويه  مپنا,16,4825,542045325,118253,112341,112341,-5912,-5.0,118185,-68,-0.06,112341,112341,1399-6-17
556,اخزا703,اسنادخزانه-م3بودجه97-990721,16,9313,9153545413,982325,982300,983503,1178,0.12,982878,553,0.06,981101,984997,1399-6-17
557,دجابر,داروسازي‌ جابرابن‌حيان‌,16,11231,507865820,47590,45220,45220,-2370,-4.98,47560,-30,-0.06,45220,45220,1399-6-17
558,وكادو,تكادو,16,20175,441166725,22543,21867,21867,-676,-3.0,22526,-17,-0.08,21867,21867,1399-6-17
559,ختور,رادياتور ايران‌,16,6664,262628240,41480,39410,39410,-2070,-4.99,41470,-10,-0.02,39410,39410,1399-6-17
560,كقزوي,شيشه‌ قزوين‌,16,74221,772566389,10956,10409,10409,-547,-4.99,10934,-22,-0.2,10409,10409,1399-6-17
561,اخزا810,اسنادخزانه-م10بودجه98-001006,15,10311,8254854905,798593,797000,805000,6407,0.8,800587,1994,0.25,797000,805000,1399-6-17
562,ولانا,شركت ليزينگ آريا دانا,15,30468,842226924,28497,27643,27643,-854,-3.0,28459,-38,-0.13,27643,27643,1399-6-17
563,دبالك,مواد اوليه دارويي البرز بالك,15,89197,1797765535,21215,20155,20155,-1060,-5.0,21173,-42,-0.2,20155,20155,1399-6-17
564,اطلس2,صندوق س.توسعه اندوخته آينده-س,15,150000,150000,205314,1,1,-205313,-100.0,1,-205313,-100.0,1,1,1399-6-17
565,جهرم,پتروشيمي جهرم,15,30845,102960610,3441,3338,3338,-103,-2.99,3440,-1,-0.03,3338,3338,1399-6-17
566,شجم,صنايع پتروشيمي تخت جمشيد,15,20264,213379920,10855,10530,10530,-325,-2.99,10852,-3,-0.03,10530,10530,1399-6-17
567,پلاسك,پلاسكوكار,15,17012,158892080,9830,9340,9340,-490,-4.98,9830,0,0.0,9340,9340,1399-6-17
568,كاسپين,داروسازي كاسپين تامين,15,9204,264035148,30196,28687,28687,-1509,-5.0,30188,-8,-0.03,28687,28687,1399-6-17
569,وثنو,سرمايه گذاري ساختماني نوين,15,15141,282955008,19265,18688,18688,-577,-3.0,19257,-8,-0.04,18688,18688,1399-6-17
570,كپرور,فرآوري زغال سنگ پروده طبس,15,12762,582980922,48085,45681,45681,-2404,-5.0,48055,-30,-0.06,45681,45681,1399-6-17
571,بايكا,كارخانجات كابلسازي ‌ايران‌,15,10167,435747453,44184,42859,42859,-1325,-3.0,44152,-32,-0.07,42859,42859,1399-6-17
572,حسير,ريل سير كوثر,14,6679,179397940,28273,26860,26860,-1413,-5.0,28268,-5,-0.02,26860,26860,1399-6-17
573,ثنام,س ساختماني ب نام آوران مهندسي,14,29948,646577320,22257,21590,21590,-667,-3.0,22234,-23,-0.1,21590,21590,1399-6-17
574,ضسپا8022,اختيارخ خساپا-3200-1399/08/26,14,158,87500000,568,650,550,-18,-3.17,554,-14,-2.46,550,650,1399-6-17
575,كساپا,سايپاشيشه‌,14,53133,1094008470,21670,20590,20590,-1080,-4.98,21640,-30,-0.14,20590,20590,1399-6-17
576,خفنر,فنرسازي‌خاور,14,6939,139959630,21230,20170,20170,-1060,-4.99,21230,0,0.0,20170,20170,1399-6-17
577,وتعاون,بيمه  تعاون,14,13487,79586787,6083,5901,5901,-182,-2.99,6082,-1,-0.02,5901,5901,1399-6-17
578,ضسپا8018,اختيارخ خساپا-2400-1399/08/26,14,481,432500000,1210,500,900,-310,-25.62,899,-311,-25.7,500,900,1399-6-17
579,كرونا2,تامين مالي جمعي صرفا اهداي سود,14,3461,34610000,10000,10000,10000,0,0.0,10000,0,0.0,10000,10000,1399-6-17
580,وثوق,سرمايه گذاري وثوق امين,14,11202,178649496,16441,15948,15948,-493,-3.0,16436,-5,-0.03,15948,15948,1399-6-17
581,فلات,گروه صنايع معادن فلات ايرانيان,14,28822,435010446,15559,15093,15093,-466,-3.0,15548,-11,-0.07,15093,15093,1399-6-17
582,اوان,مبين وان كيش,14,4188,235583376,59212,56252,56252,-2960,-5.0,59197,-15,-0.03,56252,56252,1399-6-17
583,كتوكا,توليدي و خدمات صنايع نسوز توكا,14,5509,844551736,161372,153304,153304,-8068,-5.0,161228,-144,-0.09,153304,153304,1399-6-17
584,ثامان,سامان‌ گستراصفهان‌,13,25000,557250000,23460,22290,22290,-1170,-4.99,23450,-10,-0.04,22290,22290,1399-6-17
585,ضغدر8043,اختيارخ وغدير-16000-1399/08/26,13,73,218529000,3760,3000,2989,-771,-20.51,2994,-766,-20.37,2980,3000,1399-6-17
586,اخزا805,اسنادخزانه-م5بودجه98-000422,13,79686,69055923337,862928,863000,867001,4073,0.47,866600,3672,0.43,862555,869000,1399-6-17
587,صمسكن912,ص دين مسكن جنوب-ماهانه16درصد,13,768,148015842,195527,197499,190002,-5525,-2.83,192729,-2798,-1.43,185831,197499,1399-6-17
588,هجرت,پخش هجرت,13,2879,192656922,70439,66918,66918,-3521,-5.0,70424,-15,-0.02,66918,66918,1399-6-17
589,دسينا,داروسازي‌ سينا,13,32440,1085766800,35230,33470,33470,-1760,-5.0,35190,-40,-0.11,33470,33470,1399-6-17
590,چكاوه,صنايع‌كاغذسازي‌كاوه‌,13,4672,178330240,40170,38170,38170,-2000,-4.98,40160,-10,-0.02,38170,38170,1399-6-17
591,دكوثر,داروسازي‌ كوثر,12,71273,2028429580,29950,28460,28460,-1490,-4.97,29890,-60,-0.2,28460,28460,1399-6-17
592,نتوس,پشم‌ بافي‌ توس,12,12774,137141664,11301,10736,10736,-565,-5.0,11297,-4,-0.04,10736,10736,1399-6-17
593,بنيرو,نيروترانس‌,12,3693,269662860,76860,73020,73020,-3840,-5.0,76840,-20,-0.03,73020,73020,1399-6-17
594,ضجار7031,اختيارخ وتجارت-4600-1399/07/22,12,30,6623000,291,250,202,-89,-30.58,221,-70,-24.05,150,250,1399-6-17
595,رتكو,كنترل‌خوردگي‌تكين‌كو,12,25279,507602320,21130,20080,20080,-1050,-4.97,21120,-10,-0.05,20080,20080,1399-6-17
596,استارز,ص.ج.ستاره برتر20%تاديه,12,69000,13800000000,200000,200000,200000,0,0.0,200000,0,0.0,200000,200000,1399-6-17
597,زماهان,مجتمع توليد گوشت مرغ ماهان,12,14103,391344147,29209,27749,27749,-1460,-5.0,29197,-12,-0.04,27749,27749,1399-6-17
598,لپيام,گسترش صنايع پيام,12,20029,626186656,32566,31264,31264,-1302,-4.0,32480,-86,-0.26,31264,31264,1399-6-17
599,آگاس2,صندوق س.هستي بخش آگاه-س,12,1200000,1200000,305188,1,1,-305187,-100.0,1,-305187,-100.0,1,1,1399-6-17
600,واعتبار,سرمايه گذاري اعتبار ايران,12,15547,123909590,8380,7970,7970,-410,-4.89,8380,0,0.0,7970,7970,1399-6-17
601,خزر,فنرسازي‌زر,12,18171,173351340,10040,9540,9540,-500,-4.98,10040,0,0.0,9540,9540,1399-6-17
602,سخزر,سيمان‌ خزر,12,3964,137114760,36410,34590,34590,-1820,-5.0,36400,-10,-0.03,34590,34590,1399-6-17
603,فنفت,صنايع تجهيزات نفت,12,9692,172391604,18337,17787,17787,-550,-3.0,18332,-5,-0.03,17787,17787,1399-6-17
604,لازما,كارخانه هاي صنعتي آزمايش,12,6981,225234984,32922,32264,32264,-658,-2.0,32907,-15,-0.05,32264,32264,1399-6-17
605,وارس,سرمايه گذاري ارس صبا,12,3394,401058798,124386,118167,118167,-6219,-5.0,124248,-138,-0.11,118167,118167,1399-6-17
606,زعف9908پ14,زعفران9908پوشالمعمول نوين(پ),11,1177,77369448,66069,65000,66799,730,1.1,65734,-335,-0.51,64509,65000,1399-6-17
607,غبهار,كشت وصنعت بهاران گلبهار خراسان,11,46909,1953525305,42932,41645,41645,-1287,-3.0,42802,-130,-0.3,41645,41645,1399-6-17
608,لبوتان,گروه‌صنعتي‌بوتان‌,11,2527,207062380,86250,81940,81940,-4310,-5.0,86230,-20,-0.02,81940,81940,1399-6-17
609,ضصاد8012,اختيارخ وبصادر-2800-1399/08/11,11,161,170900000,1079,1100,1100,21,1.95,1061,-18,-1.67,900,1100,1399-6-17
610,ولبهمن,شركت بهمن ليزينگ,11,29824,321920256,11362,10794,10794,-568,-5.0,11358,-4,-0.04,10794,10794,1399-6-17
611,قشهد,شهد,11,16056,552968640,36250,34440,34440,-1810,-4.99,36230,-20,-0.06,34440,34440,1399-6-17
612,زكشت,كشاورزي مكانيزه اصفهان كشت,11,10061,364530152,38138,36232,36232,-1906,-5.0,38123,-15,-0.04,36232,36232,1399-6-17
613,داسوه,داروسازي‌ اسوه‌,11,5729,213806280,39280,37320,37320,-1960,-4.99,39270,-10,-0.03,37320,37320,1399-6-17
614,خنصير,مهندسي‌نصيرماشين‌,11,17804,916015800,54150,51450,51450,-2700,-4.99,54100,-50,-0.09,51450,51450,1399-6-17
615,آ س پ,آ.س.پ,11,11440,167950640,15453,14681,14681,-772,-5.0,15450,-3,-0.02,14681,14681,1399-6-17
616,حپترو,حمل و نقل پتروشيمي( سهامي عام,10,2436,75369840,32560,30940,30940,-1620,-4.98,32560,0,0.0,30940,30940,1399-6-17
617,فسديد,لوله‌وتجهيزات‌ سديد - ورشكسته,10,9192,1018832088,109742,110839,110839,1097,1.0,109962,220,0.2,110839,110839,1399-6-17
618,اعتلا,شركت سرمايه گذاري اعتلاء البرز,10,175932,2333913912,13964,13266,13266,-698,-5.0,13929,-35,-0.25,13266,13266,1399-6-17
619,وثخوز,سرمايه گذاري و توسعه خوزستان,10,25077,933842403,38390,37239,37239,-1151,-3.0,38333,-57,-0.15,37239,37239,1399-6-17
620,غچين,كشت‌ و صنعت‌ چين‌ چين,10,6965,384885900,58160,55260,55260,-2900,-4.99,58140,-20,-0.03,55260,55260,1399-6-17
621,پلوله,گازلوله‌,10,80523,1556026452,19133,19324,19324,191,1.0,19190,57,0.3,19324,19324,1399-6-17
622,ركيش,كارت اعتباري ايران كيش,10,7417,145373200,20630,19600,19600,-1030,-4.99,20630,0,0.0,19600,19600,1399-6-17
623,غپاك,لبنيات‌ پاك‌,10,21851,375618690,18090,17190,17190,-900,-4.98,18080,-10,-0.06,17190,17190,1399-6-17
624,سفاسي,شركت فارسيت اهواز,10,17391,194431380,11768,11180,11180,-588,-5.0,11762,-6,-0.05,11180,11180,1399-6-17
625,لخانه,لوازم‌ خانگي‌ پارس‌,10,6805,388272885,60059,57057,57057,-3002,-5.0,59998,-61,-0.1,57057,57057,1399-6-17
626,اخزا713,اسنادخزانه-م13بودجه97-000518,9,9353,8062185414,851300,865999,856500,5200,0.61,861989,10689,1.26,853501,866000,1399-6-17
627,پست9908-08,پسته فندقي32-30زرينمه ولات9908,9,65,79675870,1216690,1328000,1201873,-14817,-1.22,1225783,9093,0.75,1201872,1328000,1399-6-17
628,فنوال,نورد آلومينيوم‌,9,2062,76933220,39270,37310,37310,-1960,-4.99,39270,0,0.0,37310,37310,1399-6-17
629,وهنر,گروه توسعه هنر ايران,9,21665,126090300,5999,5820,5820,-179,-2.98,5998,-1,-0.02,5820,5820,1399-6-17
630,ضفلا8082,اختيارخ فولاد-13775-1399/08/28,9,115,543012000,6181,4000,4800,-1381,-22.34,4722,-1459,-23.6,4000,5900,1399-6-17
631,شپارس,بين‌ المللي‌ محصولات‌  پارس‌,9,7233,122744010,17860,16970,16970,-890,-4.98,17860,0,0.0,16970,16970,1399-6-17
632,اخزا704,اسنادخزانه-م4بودجه97-991022,9,343,324025600,944897,944000,943800,-1097,-0.12,944681,-216,-0.02,943800,947000,1399-6-17
633,مداران,داده‌پردازي‌ايران‌,9,2438,86280820,37250,35390,35390,-1860,-4.99,37250,0,0.0,35390,35390,1399-6-17
634,پاسا,ايران‌ياساتايرورابر,9,7118,175102800,25890,24600,24600,-1290,-4.98,25890,0,0.0,24600,24600,1399-6-17
635,كلوند,كاشي‌ الوند,9,9297,244139220,27640,26260,26260,-1380,-4.99,27630,-10,-0.04,26260,26260,1399-6-17
636,بساما,بيمه سامان,9,5218,153941436,31054,29502,29502,-1552,-5.0,31049,-5,-0.02,29502,29502,1399-6-17
637,دكيمي,كيميدارو,9,3728,109528640,30920,29380,29380,-1540,-4.98,30920,0,0.0,29380,29380,1399-6-17
638,خكمك,كمك‌فنرايندامين‌,9,9693,561709350,60990,57950,57950,-3040,-4.98,60950,-40,-0.07,57950,57950,1399-6-17
639,ثالوند,سرمايه گذاري مسكن الوند,9,4419,68132142,16229,15418,15418,-811,-5.0,16228,-1,-0.01,15418,15418,1399-6-17
640,ضغدر8044,اختيارخ وغدير-17000-1399/08/26,9,30,89478000,3760,3000,2960,-800,-21.28,2983,-777,-20.66,2950,3000,1399-6-17
641,زير0003پ02,زيره سبز0003 دانش(پ),9,136,63503089,463227,466554,466554,3327,0.72,466934,3707,0.8,466554,470000,1399-6-17
642,ضجار7024,اختيارخ وتجارت-3200-1399/07/22,9,127,51357000,587,400,470,-117,-19.93,404,-183,-31.18,301,480,1399-6-17
643,سفارود,كارخانه فارسيت درود,8,10701,74660877,7119,6977,6977,-142,-1.99,7118,-1,-0.01,6977,6977,1399-6-17
644,كطبس,ذغال‌سنگ‌ نگين‌ ط‌بس‌,8,13841,748382870,56910,54070,54070,-2840,-4.99,56870,-40,-0.07,54070,54070,1399-6-17
645,وپسا,س. پتروشيمي ساختمان  خليج فارس,8,22978,122082114,5477,5313,5313,-164,-2.99,5476,-1,-0.02,5313,5313,1399-6-17
646,ضجار7018,اختيارخ وتجارت-2000-1399/07/22,8,45,52750000,1445,1200,1200,-245,-16.96,1172,-273,-18.89,1100,1200,1399-6-17
647,سشمال,سيمان‌ شمال‌,8,24022,313487100,13730,13050,13050,-680,-4.95,13730,0,0.0,13050,13050,1399-6-17
648,زعف9908پ17,زعفران9908پوشالمعمول بيرجند(پ),8,1382,90061154,66880,63800,65639,-1241,-1.86,65167,-1713,-2.56,63800,65999,1399-6-17
649,قهكمت,قندهكمتان‌,8,9311,464712010,52530,49910,49910,-2620,-4.99,52500,-30,-0.06,49910,49910,1399-6-17
650,زعف9908پ08,زعفران9908نگين روستا(پ),8,439,42018760,97063,97050,94009,-3054,-3.15,95715,-1348,-1.39,97001,97050,1399-6-17
651,دشيري,شيرين دارو,8,1721,335656956,201068,195036,195036,-6032,-3.0,200961,-107,-0.05,195036,195036,1399-6-17
652,غشصفا,شيرپاستوريزه‌پگاه‌اصفهان‌,8,13750,404387500,30950,29410,29410,-1540,-4.98,30940,-10,-0.03,29410,29410,1399-6-17
653,قلرست,قند لرستان‌,8,3177,87907590,29120,27670,27670,-1450,-4.98,29120,0,0.0,27670,27670,1399-6-17
654,ثپرديس,سرمايه گذاري مسكن پرديس,8,29820,416853780,14714,13979,13979,-735,-5.0,14708,-6,-0.04,13979,13979,1399-6-17
655,افرا,افرانت,7,668,48190188,75937,72141,72141,-3796,-5.0,75933,-4,-0.01,72141,72141,1399-6-17
656,فن آوا,گروه فن آوا,7,31417,443168202,14693,14106,14106,-587,-4.0,14666,-27,-0.18,14106,14106,1399-6-17
657,ضجار7023,اختيارخ وتجارت-3000-1399/07/22,7,26,9805000,726,440,400,-326,-44.9,377,-349,-48.07,320,440,1399-6-17
658,تشتاد,صنايع توليدي اشتاد ايران‌,7,6857,93145488,14004,13584,13584,-420,-3.0,14002,-2,-0.01,13584,13584,1399-6-17
659,كمند2,صندوق س. با درآمد ثابت كمند,7,340100000,340100000,10050,1,1,-10049,-99.99,1,-10049,-99.99,1,1,1399-6-17
660,ضخود7056,اختيارخ خودرو-3800-1399/07/09,7,194,57019000,608,999,319,-289,-47.53,294,-314,-51.64,200,999,1399-6-17
661,ضملي8085,اختيارخ فملي-51750-1399/08/06,7,22,33000000,1987,1500,1500,-487,-24.51,1500,-487,-24.51,1500,1500,1399-6-17
662,ختراك,ريخته‌گري‌ تراكتورسازي‌ ايران‌,7,3433,76624560,23490,22320,22320,-1170,-4.98,23490,0,0.0,22320,22320,1399-6-17
663,چافست,افست‌,7,21944,575810560,27620,26240,26240,-1380,-5.0,27600,-20,-0.07,26240,26240,1399-6-17
664,سنير,سيمان‌ سفيد ني‌ريز,7,1010,93748200,97700,92820,92820,-4880,-4.99,97690,-10,-0.01,92820,92820,1399-6-17
665,قزوين,كارخانجات‌ قند قزوين‌,7,2836,132271040,49090,46640,46640,-2450,-4.99,49080,-10,-0.02,46640,46640,1399-6-17
666,فمراد,آلومراد,7,482,72974800,159360,151400,151400,-7960,-4.99,159350,-10,-0.01,151400,151400,1399-6-17
667,خمحور,توليدمحورخودرو,7,1914,117251640,64480,61260,61260,-3220,-4.99,64470,-10,-0.02,61260,61260,1399-6-17
668,دروز,داروسازي‌ روزدارو,7,13759,288939000,22100,21000,21000,-1100,-4.98,22090,-10,-0.05,21000,21000,1399-6-17
669,ضجار7016,اختيارخ وتجارت-1800-1399/07/22,7,51,66936000,1640,1500,1400,-240,-14.63,1312,-328,-20.0,1200,1500,1399-6-17
670,ضخود7068,اختيارخ خودرو-8000-1399/07/09,7,301,20963000,61,65,63,2,3.28,70,9,14.75,63,79,1399-6-17
671,حخزر,كشتيراني درياي خزر,7,2752,83985536,32124,30518,30518,-1606,-5.0,32121,-3,-0.01,30518,30518,1399-6-17
672,كسعدي,كاشي‌ سعدي‌,6,5991,393728520,69170,65720,65720,-3450,-4.99,69140,-30,-0.04,65720,65720,1399-6-17
673,كساوه,صنايع‌ كاشي‌ و سراميك‌ سينا,6,20506,811217360,41640,39560,39560,-2080,-5.0,41600,-40,-0.1,39560,39560,1399-6-17
674,صينا205,صكوك منفعت سينا دارو-3ماهه 19%,6,30,30893670,1056397,1003578,1056000,-397,-0.04,1029789,-26608,-2.52,1003578,1056000,1399-6-17
675,شستا993,اجاره ت.اجتماعي-كاردان991226,6,142,145515000,1022903,1035000,1020000,-2903,-0.28,1024753,1850,0.18,1020000,1035000,1399-6-17
676,تملي704,تسهيلات مسكن ب. ملي-تير97,6,214,103446958,460379,483397,483397,23018,5.0,483397,23018,5.0,483397,483397,1399-6-17
677,تملي802,تسهيلات مسكن ب. ملي-ارديبهشت98,6,207,63608202,292654,307286,307286,14632,5.0,307286,14632,5.0,307286,307286,1399-6-17
678,غپآذر,شير پگاه آذربايجان شرقي,6,1546,86634748,58987,56038,56038,-2949,-5.0,58982,-5,-0.01,56038,56038,1399-6-17
679,سكرما,سيمان‌ كرمان‌,6,6976,126684160,19110,18160,18160,-950,-4.97,19110,0,0.0,18160,18160,1399-6-17
680,ضخود7055,اختيارخ خودرو-3600-1399/07/09,6,126,41859000,630,400,320,-310,-49.21,332,-298,-47.3,320,400,1399-6-17
681,بشهاب,لامپ‌  پارس‌ شهاب‌,6,4451,327415560,77430,73560,73560,-3870,-5.0,77400,-30,-0.04,73560,73560,1399-6-17
682,چفيبر,فيبر ايران‌,6,13417,151477930,11880,11290,11290,-590,-4.97,11880,0,0.0,11290,11290,1399-6-17
683,غشوكو,شوكو پارس,6,3184,138962496,45941,43644,43644,-2297,-5.0,45924,-17,-0.04,43644,43644,1399-6-17
684,ضخوز7028,اختيارخ فخوز-43470-1399/07/20,6,10,86900000,8886,9000,8300,-586,-6.59,8690,-196,-2.21,8000,9000,1399-6-17
685,ضفلا8087,اختيارخ فولاد-18775-1399/08/28,6,22,66400000,3500,3100,2800,-700,-20.0,3018,-482,-13.77,2800,3300,1399-6-17
686,وتوشه,سرمايه‌ گذاري‌ پارس‌ توشه‌,6,1111,28019420,26540,25220,25220,-1320,-4.97,26540,0,0.0,25220,25220,1399-6-17
687,صگل1411,ص اجاره گل گهر 1411-3 ماهه 17%,6,24990,25350383685,1014421,1521631,1014421,0,0.0,1014421,0,0.0,1014421,1521631,1399-6-17
688,ضملي8076,اختيارخ فملي -27750-1399/08/06,6,15,107992000,10673,6000,7700,-2973,-27.86,7199,-3474,-32.55,7008,7796,1399-6-17
689,كپشير,پشم‌شيشه‌ايران‌,6,655,34872200,56040,53240,53240,-2800,-5.0,56040,0,0.0,53240,53240,1399-6-17
690,آكورد2,صندوق س. آرمان آتي كوثر-د,5,500000,500000,28428,1,1,-28427,-100.0,1,-28427,-100.0,1,1,1399-6-17
691,سقاين,سيمان‌ قائن‌,5,663,30073680,47740,45360,45360,-2380,-4.99,47740,0,0.0,45360,45360,1399-6-17
692,زعف9908پ06,زعفران 9908پوشالمعمول زرين(پ),5,259,16775832,67415,64210,64230,-3185,-4.72,64772,-2643,-3.92,64210,66069,1399-6-17
693,فبيرا,بسته‌ بندي‌ ايران‌,5,11000,59807000,5605,5437,5437,-168,-3.0,5604,-1,-0.02,5437,5437,1399-6-17
694,فافزا,فولاد افزا سپاهان,5,627,29936115,49221,47745,47745,-1476,-3.0,49219,-2,0.0,47745,47745,1399-6-17
695,زنگان,صنعت روي زنگان,5,1390,217261170,164529,156303,156303,-8226,-5.0,164491,-38,-0.02,156303,156303,1399-6-17
696,پارتا,مجتمع‌صنعتي‌آرتاويل‌تاير,5,906,60057834,68339,66289,66289,-2050,-3.0,68335,-4,-0.01,66289,66289,1399-6-17
697,ضفار8037,اختيارخ فارس-12826-1399/08/06,5,9,44200000,7400,5000,4800,-2600,-35.14,4911,-2489,-33.64,4800,5000,1399-6-17
698,اشاد9,مشاركت دولتي9-شرايط خاص990909,5,37200,36917541000,991002,992000,991002,0,0.0,992407,1405,0.14,991002,993000,1399-6-17
699,سكارون,سيمان كارون,5,711,84543588,122585,118908,118908,-3677,-3.0,122568,-17,-0.01,118908,118908,1399-6-17
700,پست9908-04,پسته فندقي32-30سبزدانه9908,5,271,337380000,1250000,1245000,1245000,-5000,-0.4,1244945,-5055,-0.4,1245000,1245000,1399-6-17
701,ثغرب,شركت سرمايه گذاري مسكن شمالغرب,5,7365,101791665,14548,13821,13821,-727,-5.0,14546,-2,-0.01,13821,13821,1399-6-17
702,ثاصفا,شركت‌ ساختمان‌ اصفهان‌,5,2642,63381580,24731,23990,23990,-741,-3.0,24729,-2,-0.01,23990,23990,1399-6-17
703,غمهرا,توليدي‌مهرام‌,5,699,74303700,111890,106300,106300,-5590,-5.0,111880,-10,-0.01,106300,106300,1399-6-17
704,سصفها,سيمان‌اصفهان‌,5,780,101205000,136570,129750,129750,-6820,-4.99,136560,-10,-0.01,129750,129750,1399-6-17
705,وايرا,سرمايه گذاري صنايع ايران,5,4045,36971300,9422,9140,9140,-282,-2.99,9421,-1,-0.01,9140,9140,1399-6-17
706,لوتوس99,اجاره لوتوس پارسيان990717,5,88,88414800,1005000,1004400,1005000,0,0.0,1004714,-286,-0.03,502500,1005000,1399-6-17
707,ثغربح,ح.شركت سرمايه گذاري مسكن شمالغ,5,61653,606730454,10355,10200,9838,-517,-4.99,9841,-514,-4.96,9838,10200,1399-6-17
708,تملي612,تسهيلات مسكن بانك ملي-اسفند96,5,31,46985429,1443485,1515659,1515659,72174,5.0,1515659,72174,5.0,1515659,1515659,1399-6-17
709,قنقش,قند نقش جهان,5,1838,145852652,80973,79354,79354,-1619,-2.0,80949,-24,-0.03,79354,79354,1399-6-17
710,قمرو,قند مرودشت‌,5,874,31044480,37380,35520,35520,-1860,-4.98,37380,0,0.0,35520,35520,1399-6-17
711,سرو2,صندوق س سروسودمند مدبران-سهام,5,500000,500000,68320,1,1,-68319,-100.0,1,-68319,-100.0,1,1,1399-6-17
712,اخزا720,اسنادخزانه-م20بودجه97-000324,5,16637,14663858000,876412,880000,886000,9588,1.09,881400,4988,0.57,880000,886000,1399-6-17
713,ضملي8075,اختيارخ فملي -25750-1399/08/06,5,41,384004000,13308,9501,9000,-4308,-32.37,9366,-3942,-29.62,9000,9501,1399-6-17
714,دلقما,دارويي‌ لقمان‌,5,3838,133715920,36670,34840,34840,-1830,-4.99,36660,-10,-0.03,34840,34840,1399-6-17
715,دشيمي,شيمي‌ داروئي‌ داروپخش‌,4,10396,587893800,59520,56550,56550,-2970,-4.99,59480,-40,-0.07,56550,56550,1399-6-17
716,اعتماد2,صندوق س.اعتماد آفرين پارسيان-د,4,35000000,35000000,32222,1,1,-32221,-100.0,1,-32221,-100.0,1,1,1399-6-17
717,ضملي8069,اختيارخ فملي -16750-1399/08/06,4,4,59500000,18000,16000,14000,-4000,-22.22,14875,-3125,-17.36,14000,16000,1399-6-17
718,تپمپي,پمپ‌ سازي‌ ايران‌,4,1338,66297900,52150,49550,49550,-2600,-4.99,52150,0,0.0,49550,49550,1399-6-17
719,كشرق,صنعتي و معدني شمال شرق شاهرود,4,2113,181764486,90549,86022,86022,-4527,-5.0,90532,-17,-0.02,86022,86022,1399-6-17
720,رايان911,مشاركت رايان سايپا-3ماهه18%,4,72,73980000,1000000,1030000,1000000,0,0.0,1027500,27500,2.75,1000000,1030000,1399-6-17
721,صايپا908,صكوك مرابحه سايپا908-3ماهه 18%,4,103,102897000,1004472,999000,999000,-5472,-0.54,999000,-5472,-0.54,999000,999000,1399-6-17
722,تملي706,تسهيلات مسكن ب. ملي-شهريور97,4,17,2330802,130578,137106,137106,6528,5.0,137106,6528,5.0,137106,137106,1399-6-17
723,تكنو,تكنوتار,4,10230,150585600,15490,14720,14720,-770,-4.97,15490,0,0.0,14720,14720,1399-6-17
724,اخزا722,اسنادخزانه-م22بودجه97-000428,4,2004,1733460000,862432,865000,865000,2568,0.3,865000,2568,0.3,865000,865000,1399-6-17
725,شرق1400,مشاركت ليزينگ ايران وشرق140010,4,239,243975005,1017348,1000001,1098999,81651,8.03,1020816,3468,0.34,1000001,1098999,1399-6-17
726,ثرود,سرمايه‌گذاري مسكن زاينده رود,4,41363,517202952,13162,12504,12504,-658,-5.0,13155,-7,-0.05,12504,12504,1399-6-17
727,ضصاد8000,اختيارخ وبصادر-1200-1399/08/11,4,50,106200000,2517,2200,2100,-417,-16.57,2124,-393,-15.61,2100,2200,1399-6-17
728,ضملي8082,اختيارخ فملي-39750-1399/08/06,4,7,23000000,4304,4000,3000,-1304,-30.3,3286,-1018,-23.65,3000,4000,1399-6-17
729,اخزا718,اسنادخزانه-م18بودجه97-000525,4,762,649021499,849384,851500,852472,3088,0.36,851734,2350,0.28,851261,852472,1399-6-17
730,لخزر,پارس‌ خزر,4,3292,745638000,238420,226500,226500,-11920,-5.0,238230,-190,-0.08,226500,226500,1399-6-17
731,فنرژي,گسترش صنايع انرژي آذرآب,4,55094,620523722,11492,11263,11263,-229,-1.99,11477,-15,-0.13,11263,11263,1399-6-17
732,ضچاد7014,اختيارخ كچاد-11300-1399/07/07,4,4,20600000,7500,6000,4800,-2700,-36.0,5150,-2350,-31.33,4800,6000,1399-6-17
733,خموتور,موتورسازان‌تراكتورسازي‌ايران‌,4,8986,119693520,14020,13320,13320,-700,-4.99,14020,0,0.0,13320,13320,1399-6-17
734,ضخود7059,اختيارخ خودرو-4400-1399/07/09,3,30,2140000,301,2,200,-101,-33.55,71,-230,-76.41,2,300,1399-6-17
735,ضخود7041,اختيارخ خودرو-1700-1399/07/09,3,60,90000000,1946,1500,1500,-446,-22.92,1500,-446,-22.92,1500,1500,1399-6-17
736,ضخود7057,اختيارخ خودرو-4000-1399/07/09,3,48,7521000,406,109,200,-206,-50.74,157,-249,-61.33,109,200,1399-6-17
737,تملي701,تسهيلات مسكن ب. ملي-فروردين97,3,77,24789611,306613,321943,321943,15330,5.0,321943,15330,5.0,321943,321943,1399-6-17
738,رنيكح,ح.جنرال مكانيك,3,740,19963310,28193,27193,26784,-1409,-5.0,26977,-1216,-4.31,26784,27193,1399-6-17
739,ضفلا8068,اختيارخ فولاد-4751-1399/08/28,3,5,97284000,12753,12000,12100,-653,-5.12,12100,-653,-5.12,12000,12300,1399-6-17
740,تپولا,مهندسي مرآت پولاد,3,3688,60446320,16896,16390,16390,-506,-2.99,16894,-2,-0.01,16390,16390,1399-6-17
741,پدرخش,درخشان‌ تهران‌,3,522,114902640,231700,220120,220120,-11580,-5.0,231670,-30,-0.01,220120,220120,1399-6-17
742,سدشت2,صنايع سيمان دشتستان,3,9152,336244480,36640,36740,36740,100,0.27,36740,100,0.27,36740,36740,1399-6-17
743,دفرا,فرآورده‌هاي‌ تزريقي‌ ايران‌,3,2338,66375820,29880,28390,28390,-1490,-4.99,29880,0,0.0,28390,28390,1399-6-17
744,ضفلا8076,اختيارخ فولاد-8775-1399/08/28,3,11,110500000,10919,10100,9500,-1419,-13.0,10045,-874,-8.0,9500,10100,1399-6-17
745,اخزا716,اسنادخزانه-م16بودجه97-000407,3,7185,6269046763,869259,870000,871527,2268,0.26,872519,3260,0.38,870000,875498,1399-6-17
746,ضمخا7032,اختيارخ اخابر-4750-1399/07/30,3,4,57260000,21459,12500,14880,-6579,-30.66,14315,-7144,-33.29,12500,15000,1399-6-17
747,ضفلا8079,اختيارخ فولاد-10775-1399/08/28,3,29,208535000,9083,7000,7500,-1583,-17.43,7191,-1892,-20.83,6707,7500,1399-6-17
748,ضصاد8016,اختيارخ وبصادر-3600-1399/08/11,3,55,43500000,764,800,700,-64,-8.38,791,27,3.53,700,800,1399-6-17
749,صايپا112,صكوك مرابحه سايپا112-3ماهه 16%,3,23,22540000,1026000,980000,980000,-46000,-4.48,980000,-46000,-4.48,980000,980000,1399-6-17
750,ثاژن,سخت آژند,3,68173,744653679,11145,10923,10923,-222,-1.99,11128,-17,-0.15,10923,10923,1399-6-17
751,اخزا804,اسنادخزانه-م4بودجه98-000421,3,7059,6124874159,865755,865501,879999,14244,1.65,867669,1914,0.22,865501,879999,1399-6-17
752,ضصاد8021,اختيارخ وبصادر-4600-1399/08/11,3,23,14860000,576,692,340,-236,-40.97,646,70,12.15,340,692,1399-6-17
753,طفلا8060,اختيارف فولاد-3507-1399/08/28,3,3,141504,98,7,71,-27,-27.55,29,-69,-70.41,7,71,1399-6-17
754,ضچاد7018,اختيارخ كچاد-15300-1399/07/07,2,20,50000000,4000,2500,2500,-1500,-37.5,2500,-1500,-37.5,2500,2500,1399-6-17
755,سپرمي,پرميت‌,2,2051,17017147,8466,8297,8297,-169,-2.0,8465,-1,-0.01,8297,8297,1399-6-17
756,ضفار8029,اختيارخ فارس-7326-1399/08/06,2,2,23000000,13250,12000,11000,-2250,-16.98,11500,-1750,-13.21,11000,12000,1399-6-17
757,ثزاگرس,سرمايه گذاري توسعه عمران زاگرس,2,218,5376316,25424,24662,24662,-762,-3.0,25424,0,0.0,24662,24662,1399-6-17
758,ضفلا8086,اختيارخ فولاد-17775-1399/08/28,2,13,20510000,4411,1001,3500,-911,-20.65,1578,-2833,-64.23,1001,3500,1399-6-17
759,اشاد10,مشاركت دولتي10-شرايط خاص001226,2,1000,973989500,972200,973990,973989,1789,0.18,973989,1789,0.18,973989,973990,1399-6-17
760,خچرخش,چرخشگر,2,1169,25343920,22820,21680,21680,-1140,-5.0,22820,0,0.0,21680,21680,1399-6-17
761,ضصاد8001,اختيارخ وبصادر-1300-1399/08/11,2,50,105000000,2228,2100,2100,-128,-5.75,2100,-128,-5.75,2100,2100,1399-6-17
762,ضخود7058,اختيارخ خودرو-4200-1399/07/09,2,14,2800000,640,200,200,-440,-68.75,200,-440,-68.75,200,200,1399-6-17
763,گكيش,توريستي ورفاهي آبادگران كيش,2,293,20747330,72999,70810,70810,-2189,-3.0,72997,-2,0.0,70810,70810,1399-6-17
764,ساروج,بين المللي ساروج بوشهر,2,411,10263081,25743,24971,24971,-772,-3.0,25743,0,0.0,24971,24971,1399-6-17
765,تفيرو,مهندسي فيروزا,2,1504,29297920,19099,19480,19480,381,1.99,19100,1,0.01,19480,19480,1399-6-17
766,ضجار7010,اختيارخ وتجارت-1200-1399/07/22,2,50,95001000,2100,1901,1900,-200,-9.52,1900,-200,-9.52,1900,1901,1399-6-17
767,آسام2,صندوق س.آرمان سپهر آشنا-م,2,200000,200000,117349,1,1,-117348,-100.0,1,-117348,-100.0,1,1,1399-6-17
768,خعمرا,توسعه و عمران شهرستان نائين,2,806,11206624,13242,13904,13904,662,5.0,13242,0,0.0,13904,13904,1399-6-17
769,كابگن,توليدي و صنعتي آبگينه‌,2,1558,6838062,4346,4389,4389,43,0.99,4346,0,0.0,4389,4389,1399-6-17
770,ضفلا8083,اختيارخ فولاد-14775-1399/08/28,2,32,143970000,5000,4500,4499,-501,-10.02,4499,-501,-10.02,4499,4500,1399-6-17
771,افاد61,منفعت دولت6-ش.خاص140109,2,1500,1447500000,931972,965000,965000,33028,3.54,965000,33028,3.54,965000,965000,1399-6-17
772,غگلپا,شير پاستوريزه پگاه گلپايگان,2,534,39772854,78401,74481,74481,-3920,-5.0,78398,-3,0.0,74481,74481,1399-6-17
773,تاصيكو2,سرمايه گذاري صدرتامين,2,299900000,4018660000000,13400,13400,13400,0,0.0,13400,0,0.0,13400,13400,1399-6-17
774,وسالت,بانك قرض الحسنه رسالت,2,2600,11008400,4151,4234,4234,83,2.0,4151,0,0.0,4234,4234,1399-6-17
775,صايپا203,صكوك مرابحه سايپا203-3ماهه 16%,2,27,25785048,970013,955001,955002,-15011,-1.55,955002,-15011,-1.55,955001,955002,1399-6-17
776,ضچاد7025,اختيارخ كچاد-26000-1399/07/07,2,11,3310000,800,300,310,-490,-61.25,301,-499,-62.38,300,310,1399-6-17
777,ضچاد7016,اختيارخ كچاد-13300-1399/07/07,2,15,58000000,4456,3600,4000,-456,-10.23,3867,-589,-13.22,3600,4000,1399-6-17
778,سايرا,ايرانيت‌,2,348,11867496,34797,34102,34102,-695,-2.0,34796,-1,0.0,34102,34102,1399-6-17
779,ضصاد8002,اختيارخ وبصادر-1400-1399/08/11,2,40,80000000,2276,2000,2000,-276,-12.13,2000,-276,-12.13,2000,2000,1399-6-17
780,تملي705,تسهيلات مسكن ب. ملي-مرداد97,2,42,8043462,182392,191511,191511,9119,5.0,191511,9119,5.0,191511,191511,1399-6-17
781,قپيرا,فرآورده‌هاي‌غدايي‌وقندپيرانشهر,2,2563,207269810,85120,80870,80870,-4250,-4.99,85100,-20,-0.02,80870,80870,1399-6-17
782,ضمخا7049,اختيارخ اخابر-13750-1399/07/30,2,10,88070000,12000,8807,8807,-3193,-26.61,8807,-3193,-26.61,8807,8807,1399-6-17
783,تملي707,تسهيلات مسكن ب. ملي-مهر97,2,4,959524,228459,239881,239881,11422,5.0,239881,11422,5.0,239881,239881,1399-6-17
784,ثاباد,توريستي ورفاهي آبادگران ايران,2,403,13073320,34140,32440,32440,-1700,-4.98,34140,0,0.0,32440,32440,1399-6-17
785,ضغدر8041,اختيارخ وغدير-14000-1399/08/26,2,2,10200000,9023,5400,4800,-4223,-46.8,5100,-3923,-43.48,4800,5400,1399-6-17
786,پلاست,كارخانجات توليدي پلاستيران,2,241,10064642,43960,41762,41762,-2198,-5.0,43959,-1,0.0,41762,41762,1399-6-17
787,صخود412,ص مرابحه خودرو412- 3ماهه 18%,2,1023,1008678000,999089,986000,986000,-13089,-1.31,986000,-13089,-1.31,986000,986000,1399-6-17
788,زعف9908پ15,زعفران9908پوشالمعمول طلاسرخ(پ),2,192,12422592,67823,64701,64701,-3122,-4.6,64701,-3122,-4.6,64701,64701,1399-6-17
789,تملي702,تسهيلات مسكن ب. ملي-ارديبهشت97,2,16,4659344,277342,291209,291209,13867,5.0,291209,13867,5.0,291209,291209,1399-6-17
790,شكبير,پتروشيمي اميركبير,2,185,11560465,64421,62489,62489,-1932,-3.0,64421,0,0.0,62489,62489,1399-6-17
791,ضفلا8089,اختيارخ فولاد-21775-1399/08/28,1,25,57500000,3600,2300,2300,-1300,-36.11,2300,-1300,-36.11,2300,2300,1399-6-17
792,تملي807,تسهيلات مسكن ب. ملي-مهر98,1,1,156611,149154,156611,156611,7457,5.0,156611,7457,5.0,156611,156611,1399-6-17
793,تابا,تابان نيرو سپاهان,1,500,15927000,32839,31854,31854,-985,-3.0,32838,-1,0.0,31854,31854,1399-6-17
794,عفولاد4,اوراق سلف ورق گرم فولاد اصفهان,1,2400,2109340800,873969,878892,878892,4923,0.56,878892,4923,0.56,878892,878892,1399-6-17
795,ضملي8054,اختيارخ فملي -5750-1399/08/06,1,1,32000000,32000,32000,32000,0,0.0,32000,0,0.0,32000,32000,1399-6-17
796,ضفلا8085,اختيارخ فولاد-16775-1399/08/28,1,1,4000000,4586,4000,4000,-586,-12.78,4000,-586,-12.78,4000,4000,1399-6-17
797,گندم2,مرابحه گندم2-واجدشرايط خاص1400,1,100,98400000,941454,984000,984000,42546,4.52,984000,42546,4.52,984000,984000,1399-6-17
798,فولاد2,فولاد مباركه اصفهان,1,12000000,227160000000,18930,18930,18930,0,0.0,18930,0,0.0,18930,18930,1399-6-17
799,تملي703,تسهيلات مسكن ب. ملي-خرداد97,1,13,2073591,151912,159507,159507,7595,5.0,159507,7595,5.0,159507,159507,1399-6-17
800,كگل2,معدني و صنعتي گل گهر,1,10500000,219030000000,20860,20860,20860,0,0.0,20860,0,0.0,20860,20860,1399-6-17
801,تملي708,تسهيلات مسكن ب. ملي-آبان97,1,63,9480933,143325,150491,150491,7166,5.0,150491,7166,5.0,150491,150491,1399-6-17
802,صايپا998,صكوك مرابحه سايپا998-3ماهه 18%,1,5,4974750,998267,994950,994950,-3317,-0.33,994950,-3317,-0.33,994950,994950,1399-6-17
803,ضگل8054,اختيارخ كگل-10100-1399/08/21,1,2,20000000,10000,10000,10000,0,0.0,10000,0,0.0,10000,10000,1399-6-17
804,اعتماد4,صندوق س.اعتماد آفرين پارسيان-د,1,6100000,196633500000,32222,32235,32235,13,0.04,32235,13,0.04,32235,32235,1399-6-17
805,عفولاد3,اوراق سلف موازي ورق گرم فولاد,1,100,77940500,778680,779405,779405,725,0.09,779405,725,0.09,779405,779405,1399-6-17
806,ضخود7051,اختيارخ خودرو-1300-1399/07/09,1,1,1900000,2000,1900,1900,-100,-5.0,1900,-100,-5.0,1900,1900,1399-6-17
807,فخوز2,فولاد  خوزستان,1,5000000,244700000000,48940,48940,48940,0,0.0,48940,0,0.0,48940,48940,1399-6-17
808,ضفلا8070,اختيارخ فولاد-5775-1399/08/28,1,5,55000000,12000,11000,11000,-1000,-8.33,11000,-1000,-8.33,11000,11000,1399-6-17
809,تمحركه,ماشين‌سازي‌نيرومحركه‌,1,444,9745800,23100,21950,21950,-1150,-4.98,23100,0,0.0,21950,21950,1399-6-17
810,تملي711,تسهيلات مسكن ب. ملي-بهمن97,1,1,314820,299829,314820,314820,14991,5.0,314820,14991,5.0,314820,314820,1399-6-17
811,ضفلا8060,اختيارخ فولاد-3507-1399/08/28,1,1,21868800,14446,13600,13600,-846,-5.86,13600,-846,-5.86,13600,13600,1399-6-17
812,زعف9908پ09,زعفران9908نگين نوين(پ),1,1000,94500000,96422,94500,94500,-1922,-1.99,94500,-1922,-1.99,0,0,1399-6-17
813,دمعيار2,صندوق س. توازن معيار-د,1,6000000,6000000,10083,1,1,-10082,-99.99,1,-10082,-99.99,1,1,1399-6-17
814,ضصاد8009,اختيارخ وبصادر-2200-1399/08/11,1,2,3200000,1700,1600,1600,-100,-5.88,1600,-100,-5.88,1600,1600,1399-6-17
815,ضپنا7046,اختيارخ رمپنا-44457-1399/07/13,1,10,1000000,1500,100,100,-1400,-93.33,100,-1400,-93.33,100,100,1399-6-17
816,لوتوس2,تامين سرمايه لوتوس پارسيان,1,5192000,84629600000,16800,16300,16300,-500,-2.98,16300,-500,-2.98,16300,16300,1399-6-17
817,اخزا819,اسنادخزانه-م19بودجه98-020322,1,379,235742169,621472,622011,622011,539,0.09,622011,539,0.09,622011,622011,1399-6-17
818,ضفلا8084,اختيارخ فولاد-15775-1399/08/28,1,1,4000000,5500,4000,4000,-1500,-27.27,4000,-1500,-27.27,4000,4000,1399-6-17
819,تملي712,تسهيلات مسكن ب. ملي-اسفند97,1,1,306224,291642,306224,306224,14582,5.0,306224,14582,5.0,306224,306224,1399-6-17
820,تملي710,تسهيلات مسكن ب. ملي-دي97,1,11,2896080,250743,263280,263280,12537,5.0,263280,12537,5.0,263280,263280,1399-6-17
821,ضگل8057,اختيارخ كگل-13100-1399/08/21,1,1,7500000,8950,7500,7500,-1450,-16.2,7500,-1450,-16.2,7500,7500,1399-6-17
822,ضخود7054,اختيارخ خودرو-3400-1399/07/09,1,10,5000000,467,500,500,33,7.07,500,33,7.07,500,500,1399-6-17
823,عسناسنگ,سلف كنستانتره سنگ آهن سناباد,1,2,13566212,6777428,6783106,6783106,5678,0.08,6783106,5678,0.08,6783106,6783106,1399-6-17
824,لخزر2,پارس‌ خزر,1,1255774,284432811000,238420,226500,226500,-11920,-5.0,226500,-11920,-5.0,226500,226500,1399-6-17
825,ضخوز7024,اختيارخ فخوز-33470-1399/07/20,1,1,15880000,21000,15880,15880,-5120,-24.38,15880,-5120,-24.38,15880,15880,1399-6-17
826,تبريز112,مشاركت شهرداري تبريز-3ماهه18%,1,10,9800000,1000134,980000,980000,-20134,-2.01,980000,-20134,-2.01,980000,980000,1399-6-17
827,فارس2,صنايع پتروشيمي خليج فارس,1,5000000,140350000000,28070,28070,28070,0,0.0,28070,0,0.0,28070,28070,1399-6-17
828,عفولاد2,اوراق سلف ورق گرم فولاد مباركه,1,10,5456500,547000,545650,545650,-1350,-0.25,545650,-1350,-0.25,545650,545650,1399-6-17
829,سفار,سيمان‌فارس‌,1,100,10727000,112910,107270,107270,-5640,-5.0,112910,0,0.0,107270,107270,1399-6-17
830,اخزا723,اسنادخزانه-م23بودجه97-000824,1,100,82200000,815102,822000,822000,6898,0.85,822000,6898,0.85,822000,822000,1399-6-17
831,اراد42,مرابحه عام دولت4-ش.خ 0106,1,1000,1000000000,977710,1000000,1000000,22290,2.28,1000000,22290,2.28,1000000,1000000,1399-6-17
832,ومشان,س. فني و مهندسي مشانير,1,165,9519015,59475,57691,57691,-1784,-3.0,59474,-1,0.0,57691,57691,1399-6-17
833,شتهران,داروسازي تهران شيمي,1,100,837000,8206,8370,8370,164,2.0,8206,0,0.0,8370,8370,1399-6-17
834,ضفار8027,اختيارخ فارس-6326-1399/08/06,1,1,14000000,16000,14000,14000,-2000,-12.5,14000,-2000,-12.5,14000,14000,1399-6-17
835,ضفلا8078,اختيارخ فولاد-9775-1399/08/28,1,5,31050000,8500,6210,6210,-2290,-26.94,6210,-2290,-26.94,6210,6210,1399-6-17
836,شلرد02,كود شيميايي اوره لردگان,1,20,21000000,1025000,1050000,1050000,25000,2.44,1050000,25000,2.44,1050000,1127500,1399-6-17
