,نماد,نام,تعداد,حجم,ارزش,دیروز,اولین,آخرین معامله - مقدار,آخرین معامله - تغییر,آخرین معامله - درصد,قیمت پایانی - مقدار,قیمت پایانی - تغییر,قیمت پایانی - درصد,کمترین,بیشترین,تاریخ
0,خودرو,ايران‌ خودرو,61483,1896370345,6344814575230,3280,3430,3300,20,0.61,3350,70,2.13,3140,3440,1399-8-17
1,دارا يكم,صندوق واسطه گري مالي يكم-سهام,47638,22651393,4218689195860,191270,189900,182880,-8390,-4.39,186240,-5030,-2.63,180620,194000,1399-8-17
2,وسپهر,سرمايه گذاري مالي سپهرصادرات,33996,88711068,1007557566357,11685,11690,11101,-584,-5.0,11358,-327,-2.8,11101,11990,1399-8-17
3,خساپا,سايپا,33721,1061448505,2424452596500,2320,2390,2280,-40,-1.72,2280,-40,-1.72,2210,2430,1399-8-17
4,بپيوند,برق و انرژي پيوندگستر پارس,19173,22891407,535451409283,25454,24500,22909,-2545,-10.0,23391,-2063,-8.1,22909,25000,1399-8-17
5,وبصادر,بانك صادرات ايران,16142,501650486,1506572342830,3070,3120,2920,-150,-4.89,3000,-70,-2.28,2920,3170,1399-8-17
6,وبملت,بانك ملت,15448,391678329,1823664329000,4830,4610,4590,-240,-4.97,4660,-170,-3.52,4590,4980,1399-8-17
7,سيتا,سرمايه گذاري سيمان تامين,14927,31161464,528433508660,17800,17200,16910,-890,-5.0,16960,-840,-4.72,16910,17800,1399-8-17
8,گدنا,تهيه توزيع غذاي دنا آفرين فدك,14713,3049642,50669801830,15824,16615,16615,791,5.0,16587,763,4.82,16615,16615,1399-8-17
9,ثاميد,توسعه و عمران اميد,13246,126015363,288932385360,2380,2360,2270,-110,-4.62,2290,-90,-3.78,2270,2370,1399-8-17
10,بگيلان,توسعه مسير برق گيلان,12539,4546803,118049747115,26866,27270,25523,-1343,-5.0,25963,-903,-3.36,25523,27270,1399-8-17
11,امين,تامين سرمايه امين,12369,16654966,181935658920,11450,11030,10880,-570,-4.98,10920,-530,-4.63,10880,11300,1399-8-17
12,ولپارس,ليزينگ پارسيان,10363,1076975,5147940500,4560,4780,4780,220,4.82,4580,20,0.44,4780,4780,1399-8-17
13,رافزا,رايان هم افزا,9624,56555,1961440510,33031,34682,34682,1651,5.0,33093,62,0.19,34682,34682,1399-8-17
14,خگستر,گسترش‌سرمايه‌گذاري‌ايران‌خودرو,9068,205771337,728512343160,3680,3550,3500,-180,-4.89,3540,-140,-3.8,3500,3790,1399-8-17
15,ثبهساز,بهساز كاشانه تهران,8456,70069516,192235340410,2840,2830,2700,-140,-4.93,2740,-100,-3.52,2700,2850,1399-8-17
16,سفاسي,شركت فارسيت اهواز,7732,62442115,761278220131,12036,12397,11675,-361,-3.0,12192,156,1.3,11675,12397,1399-8-17
17,حكشتي,كشتيراني جمهوري اسلامي ايران,7237,21696249,561171194930,26810,25710,25470,-1340,-5.0,25860,-950,-3.54,25470,26650,1399-8-17
18,دي,بانك دي,6706,18633198,811145747174,44814,44150,42574,-2240,-5.0,43532,-1282,-2.86,42574,45940,1399-8-17
19,آريا,پليمر آريا ساسول,5618,5024378,791770820999,165614,157334,157560,-8054,-4.86,157586,-8028,-4.85,157334,165040,1399-8-17
20,خاهن,آهنگري‌ تراكتورسازي‌ ايران‌,5346,20219463,669692842830,32130,33730,33300,1170,3.64,33120,990,3.08,30530,33730,1399-8-17
21,شصدفح,ح . صنعتي دوده فام,5309,3260556,58185339251,18208,17840,17715,-493,-2.71,17845,-363,-1.99,17700,18170,1399-8-17
22,ونوين,بانك‌اقتصادنوين‌,5300,172890474,741672519190,4350,4350,4250,-100,-2.3,4290,-60,-1.38,4140,4530,1399-8-17
23,كحافظ,كاشي‌ وسراميك‌ حافظ‌,5047,18271069,501724634320,27720,28000,26340,-1380,-4.98,27460,-260,-0.94,26340,29100,1399-8-17
24,غزر,صنعتي زر ماكارون,4908,1313172,61491441770,48770,48500,46340,-2430,-4.98,46830,-1940,-3.98,46340,48650,1399-8-17
25,وپارس,بانك‌پارسيان‌,4856,176110522,525967637090,3100,3150,2950,-150,-4.84,2990,-110,-3.55,2950,3180,1399-8-17
26,خپارس,پارس‌ خودرو,4544,74707288,414798852600,5740,5780,5460,-280,-4.88,5550,-190,-3.31,5460,5990,1399-8-17
27,فملي,ملي‌ صنايع‌ مس‌ ايران‌,4425,11400088,237235831280,21900,20810,20810,-1090,-4.98,20810,-1090,-4.98,20810,20810,1399-8-17
28,لسرما,سرما آفرين‌,4403,13055515,398163314320,29250,30710,30610,1360,4.65,30500,1250,4.27,27790,30710,1399-8-17
29,آبادا,توليد نيروي برق آبادان,4357,2459397,41732455620,17810,16930,16920,-890,-5.0,17070,-740,-4.15,16920,17810,1399-8-17
30,وپاسار,بانك  پاسارگاد,4276,68199999,610434480260,9060,9170,8900,-160,-1.77,8950,-110,-1.21,8610,9290,1399-8-17
31,اعتماد,صندوق س.اعتماد آفرين پارسيان-د,3638,80543190,2674946789740,33157,33213,33213,56,0.17,33211,54,0.16,33207,33214,1399-8-17
32,غگيلا,شيرپاستوريزه پگاه گيلان,3499,63628,1096501324,16413,17233,17233,820,5.0,16430,17,0.1,17233,17233,1399-8-17
33,آگاس,صندوق س.هستي بخش آگاه-س,3425,6350615,385396769346,65433,61500,60450,-4983,-7.62,60687,-4746,-7.25,60400,62999,1399-8-17
34,بجهرم,توسعه مولد نيروگاهي جهرم,3414,43643321,156101314881,3725,3611,3539,-186,-4.99,3577,-148,-3.97,3539,3800,1399-8-17
35,زملارد,كشاورزي و دامپروري ملارد شير,3414,584893,23442891722,42162,40054,40054,-2108,-5.0,41135,-1027,-2.44,40054,41270,1399-8-17
36,شتران,پالايش نفت تهران,3341,21325956,229893805680,11340,10780,10780,-560,-4.94,10780,-560,-4.94,10780,10780,1399-8-17
37,فولاد,فولاد مباركه اصفهان,3335,13892626,170879299800,12940,12300,12300,-640,-4.95,12300,-640,-4.95,12300,12300,1399-8-17
38,سمگا,گروه سرمايه گذاري ميراث فرهنگي,3059,29162881,539721963590,18183,18200,18122,-61,-0.34,18507,324,1.78,17274,18950,1399-8-17
39,غگل,گلوكوزان‌,2996,38004089,170117257610,4660,4640,4430,-230,-4.94,4480,-180,-3.86,4430,4780,1399-8-17
40,تسه9907,امتياز تسهيلات مسكن مهر99,2974,88206,67922740836,791700,775000,752115,-39585,-5.0,770047,-21653,-2.74,752115,797999,1399-8-17
41,بنو,بيمه تجارت نو,2844,16141346,624211999239,37028,38879,38879,1851,5.0,38672,1644,4.44,37028,38879,1399-8-17
42,كمند,صندوق س. با درآمد ثابت كمند,2761,125577617,1260406666476,10159,10022,10060,-99,-0.97,10037,-122,-1.2,10022,10100,1399-8-17
43,انرژي3,سايراشخاص بورس انرژي,2631,624356,216154500760,361070,350000,343020,-18050,-5.0,346200,-14870,-4.12,343020,369900,1399-8-17
44,وخاور,بانك خاورميانه,2593,8234176,78957272590,9690,9270,9400,-290,-2.99,9590,-100,-1.03,9270,9930,1399-8-17
45,مدير,ص.س.مديريت ثروت ص.بازنشستگي-س,2540,11703395,116577058261,10450,10300,9783,-667,-6.38,9961,-489,-4.68,9630,10300,1399-8-17
46,چكاپا,گروه صنايع كاغذ پارس,2496,29540895,154132643830,5430,5430,5160,-270,-4.97,5220,-210,-3.87,5160,5430,1399-8-17
47,كساوه,صنايع‌ كاشي‌ و سراميك‌ سينا,2457,9601785,478174504540,47630,50010,50010,2380,5.0,49800,2170,4.56,45250,50010,1399-8-17
48,وساخت,سرمايه‌ گذاري‌ ساختمان‌ايران‌,2424,5321052,267477437630,49220,50440,50350,1130,2.3,50270,1050,2.13,49000,51680,1399-8-17
49,فنورد,نوردوقطعات‌ فولادي‌,2378,4003287,600351956970,148570,155990,141150,-7420,-4.99,149960,1390,0.94,141150,155990,1399-8-17
50,خزر,فنرسازي‌زر,2329,13253298,157920397080,11550,11110,12120,570,4.94,11920,370,3.2,11110,12120,1399-8-17
51,دشيمي,شيمي‌ داروئي‌ داروپخش‌,2314,3355965,235998407780,70010,72220,70000,-10,-0.01,70320,310,0.44,66510,73510,1399-8-17
52,غدام,خوراك‌  دام‌ پارس‌,2296,997533,246445424830,238070,249900,249970,11900,5.0,247050,8980,3.77,226170,249970,1399-8-17
53,ولساپا,ليزينگ رايان‌ سايپا,2287,48019437,166332569520,3590,3650,3440,-150,-4.18,3460,-130,-3.62,3420,3670,1399-8-17
54,ارزش,صندوق س ارزش آفرين بيدار-سهام,2207,15773169,146893111250,10000,9410,9270,-730,-7.3,9310,-690,-6.9,9200,9510,1399-8-17
55,بايكا,كارخانجات كابلسازي ‌ايران‌,2201,10566428,434900627163,41353,40113,40113,-1240,-3.0,41159,-194,-0.47,40113,42593,1399-8-17
56,پكرمان,گروه‌ صنعتي‌ بارز,2124,11789464,310885908980,25460,24200,26730,1270,4.99,26370,910,3.57,24200,26730,1399-8-17
57,بركت,گروه دارويي بركت,2069,8651178,100867985340,12170,11750,11570,-600,-4.93,11660,-510,-4.19,11570,12250,1399-8-17
58,قزوين,كارخانجات‌ قند قزوين‌,1868,6739483,262828567890,37440,38380,39310,1870,4.99,39000,1560,4.17,36210,39310,1399-8-17
59,شصدف,صنعتي دوده فام,1825,177928,4185934128,22406,23526,23526,1120,5.0,22495,89,0.4,23526,23526,1399-8-17
60,كطبس,ذغال‌سنگ‌ نگين‌ ط‌بس‌,1817,2812263,135055809690,46490,46950,48810,2320,4.99,48020,1530,3.29,44170,48810,1399-8-17
61,كترام,توليدي‌ كاشي‌ تكسرام‌,1804,5501331,136640186110,24010,24790,25210,1200,5.0,24840,830,3.46,23000,25210,1399-8-17
62,رانفور,خدمات‌انفورماتيك‌,1804,13910508,424584047700,30670,29150,29800,-870,-2.84,30520,-150,-0.49,29140,31910,1399-8-17
63,ثالوند,سرمايه گذاري مسكن الوند,1791,13397765,187287806600,13959,14656,13262,-697,-4.99,13979,20,0.14,13262,14656,1399-8-17
64,ختوقا,قطعات‌ اتومبيل‌ ايران‌,1777,23695506,77207896070,3360,3400,3200,-160,-4.76,3260,-100,-2.98,3200,3490,1399-8-17
65,خرينگ,رينگ‌سازي‌مشهد,1750,6072157,250476086570,39360,41320,41320,1960,4.98,41250,1890,4.8,39360,41320,1399-8-17
66,كرازي,كارخانجات‌توليدي‌شيشه‌رازي‌,1749,7306933,124776556910,17600,17500,16720,-880,-5.0,17080,-520,-2.95,16720,18290,1399-8-17
67,ذوب,سهامي ذوب آهن  اصفهان,1662,14602693,67537455125,4868,4625,4625,-243,-4.99,4724,-144,-2.96,4625,4625,1399-8-17
68,آريان,سرمايه گذاري پارس آريان,1544,43645187,582547451455,13576,13680,13169,-407,-3.0,13347,-229,-1.69,13169,13781,1399-8-17
69,سرو,صندوق س سروسودمند مدبران-سهام,1524,1989247,110339019050,59200,56850,55000,-4200,-7.09,55470,-3730,-6.3,53280,56850,1399-8-17
70,حسينا,توسعه خدمات دريايي وبندري سينا,1510,4365906,264992585652,62872,60000,59210,-3662,-5.82,60696,-2176,-3.46,58172,63800,1399-8-17
71,كيان,صندوق س. با درآمد ثابت كيان,1509,50006266,1291051385484,25778,25802,25818,40,0.16,25818,40,0.16,25800,25870,1399-8-17
72,بكاب,صنايع‌جوشكاب‌يزد,1480,971942,167979988800,166830,175170,173970,7140,4.28,172830,6000,3.6,158490,175170,1399-8-17
73,شوينده,مديريت صنعت شوينده ت.ص.بهشهر,1462,1650000,56753539240,35800,34010,34020,-1780,-4.97,34400,-1400,-3.91,34010,36750,1399-8-17
74,شبندر,پالايش نفت بندرعباس,1457,8974176,228751746240,26830,25490,25490,-1340,-4.99,25490,-1340,-4.99,25490,25490,1399-8-17
75,وغدير,سرمايه‌گذاري‌غدير(هلدينگ‌,1395,14092913,147270940850,10990,10450,10450,-540,-4.91,10450,-540,-4.91,10450,10450,1399-8-17
76,امين يكم,صندوق درآمد ثابت امين يكم فردا,1393,43003021,439105825886,10207,10210,10210,3,0.03,10211,4,0.04,10200,10221,1399-8-17
77,پارند,صندوق س. پارند پايدار سپهر,1335,47729416,546992262225,11702,11533,11450,-252,-2.15,11460,-242,-2.07,11400,11533,1399-8-17
78,فپنتا,سپنتا,1268,330364,127199105340,375830,394000,394620,18790,5.0,385030,9200,2.45,357040,394620,1399-8-17
79,ميدكو,هلدينگ صنايع  معدني خاورميانه,1235,9964172,230156581696,23089,23110,23089,0,0.0,23098,9,0.04,22720,23580,1399-8-17
80,وشهر,بانك شهر,1229,150612605,1127485961030,7638,7486,7486,-152,-1.99,7486,-152,-1.99,7486,7486,1399-8-17
81,قرن,پديده شيمي قرن,1223,1660353,85886790780,53230,53980,50980,-2250,-4.23,51730,-1500,-2.82,50570,54980,1399-8-17
82,پارند2,صندوق س. پارند پايدار سپهر,1187,118700000,118700000,11702,1,1,-11701,-99.99,1,-11701,-99.99,1,1,1399-8-17
83,غسالم,سالمين‌,1166,7122561,29520165010,4330,4330,4120,-210,-4.85,4220,-110,-2.54,4120,4400,1399-8-17
84,پاكشو,گروه صنعتي پاكشو,1162,945598,82065278780,90420,86500,86000,-4420,-4.89,87310,-3110,-3.44,85900,90300,1399-8-17
85,چكارن,كارتن‌ ايران‌,1141,7895286,24660295480,3240,3120,3100,-140,-4.32,3180,-60,-1.85,3080,3270,1399-8-17
86,شگويا,پتروشيمي تندگويان,1136,4191564,42938381616,10783,10244,10244,-539,-5.0,10547,-236,-2.19,10244,10244,1399-8-17
87,كاردان,صندوق س تجارت شاخصي كاردان,1122,664967,93454384810,154160,144020,138750,-15410,-10.0,140540,-13620,-8.83,138750,144020,1399-8-17
88,كچاد,معدني‌وصنعتي‌چادرملو,1113,13424912,203256312250,15930,15140,15140,-790,-4.96,15140,-790,-4.96,15140,15370,1399-8-17
89,وجامي,سرمايه گذاري جامي,1070,4844844,72425037784,15341,15280,14881,-460,-3.0,14949,-392,-2.56,14881,15700,1399-8-17
90,وبيمهح,ح . سرمايه‌ گذاري‌ صنعت‌ بيمه‌,1017,24504459,30057394200,1320,1290,1200,-120,-9.09,1230,-90,-6.82,1190,1300,1399-8-17
91,آوا,صندوق س.سهام آواي معيار-س,1000,5833123,42795609996,7830,7500,7263,-567,-7.24,7337,-493,-6.3,7240,7600,1399-8-17
92,افق,فروشگاههاي زنجيره اي افق كوروش,999,1025496,72338027470,73740,70510,70060,-3680,-4.99,71000,-2740,-3.72,70060,74300,1399-8-17
93,خكرمان,گروه اقتصادي كرمان خودرو,967,13557436,57916870632,4378,4400,4247,-131,-2.99,4272,-106,-2.42,4247,4497,1399-8-17
94,خمحركه,نيرو محركه‌,964,8360860,53066607570,6660,6360,6330,-330,-4.95,6350,-310,-4.65,6330,6440,1399-8-17
95,شاروم,پتروشيمي اروميه,959,4269193,83876834871,20681,19647,19647,-1034,-5.0,19647,-1034,-5.0,19647,19647,1399-8-17
96,ماديرا,صنايع ماشين هاي اداري ايران,956,6021897,160844477215,28064,26661,26661,-1403,-5.0,26710,-1354,-4.82,26661,27900,1399-8-17
97,بپاس,بيمه پاسارگاد,956,1592223,102096398401,64031,65890,64040,9,0.01,64122,91,0.14,63800,65890,1399-8-17
98,زقيام,كشت و دام قيام اصفهان,918,2550718,74831746285,32277,30815,29050,-3227,-10.0,29338,-2939,-9.11,29050,30850,1399-8-17
99,زبينا,كشاورزي و دامپروري بينالود,917,1464925,65510856349,49070,45010,44163,-4907,-10.0,44720,-4350,-8.86,44163,47689,1399-8-17
100,وخارزم,سرمايه گذاري خوارزمي,906,11158481,95070258120,8960,8520,8520,-440,-4.91,8520,-440,-4.91,8520,8520,1399-8-17
101,حريل,ريل پردازسير,875,10072716,34013215773,3510,3510,3335,-175,-4.99,3416,-94,-2.68,3335,3600,1399-8-17
102,زشگزا,شير و گوشت زاگرس شهركرد,844,680212,70684250936,113975,104700,102578,-11397,-10.0,103915,-10060,-8.83,102578,113976,1399-8-17
103,زدشت,كشت و صنعت دشت خرم دره,829,2204237,82204951036,40920,37500,36828,-4092,-10.0,37294,-3626,-8.86,36828,39400,1399-8-17
104,شفارس,صنايع‌ شيميايي‌ فارس‌,820,3034478,111326004560,37990,37900,36100,-1890,-4.97,36690,-1300,-3.42,36100,38040,1399-8-17
105,اخابر,مخابرات ايران,815,12099261,140472420210,12220,11610,11610,-610,-4.99,11610,-610,-4.99,11610,11610,1399-8-17
106,صباح,ح . سرمايه گذاري صبا تامين,805,9843872,60132538680,6425,6104,6104,-321,-5.0,6109,-316,-4.92,6104,6287,1399-8-17
107,فخوز,فولاد  خوزستان,791,5754309,197027540160,36040,34240,34240,-1800,-4.99,34240,-1800,-4.99,34240,34240,1399-8-17
108,صبا,سرمايه گذاري صبا تامين,788,2578358,20167916276,8233,7822,7822,-411,-4.99,8160,-73,-0.89,7822,7822,1399-8-17
109,وسكاب,س.ص.بازنشستگي كاركنان بانكها,783,20561945,126071550520,6420,6180,6110,-310,-4.83,6130,-290,-4.52,6100,6550,1399-8-17
110,فيروزه,صندوق شاخص30 شركت فيروزه- سهام,783,547642,79350674480,157870,145400,142160,-15710,-9.95,144900,-12970,-8.22,142090,149890,1399-8-17
111,تاپكيش,تجارت الكترونيك پارسيان كيش,777,9374393,129263211308,13133,13789,13789,656,5.0,13789,656,5.0,13780,13789,1399-8-17
112,فروي,ذوب روي اصفهان,769,2469457,115943111927,49415,46945,46945,-2470,-5.0,46951,-2464,-4.99,46945,48500,1399-8-17
113,كلوند,كاشي‌ الوند,763,2731685,54608410350,19440,19990,20410,970,4.99,19990,550,2.83,18510,20410,1399-8-17
114,وپست,پست بانك ايران,758,6921531,75985425280,11490,11010,10920,-570,-4.96,10980,-510,-4.44,10920,11700,1399-8-17
115,ساينا,صنايع بهداشتي ساينا,754,133613,23421585366,171457,178000,168200,-3257,-1.9,173215,1758,1.03,164100,180000,1399-8-17
116,وتوصا,گروه س توسعه صنعتي ايران,736,10016656,85768223850,8990,8560,8550,-440,-4.89,8560,-430,-4.78,8550,8800,1399-8-17
117,رتاپح,ح.تجارت الكترونيك پارسيان,735,4521200,17738981970,4160,4400,3860,-300,-7.21,3920,-240,-5.77,3770,4400,1399-8-17
118,وبيمه,سرمايه‌ گذاري‌ صنعت‌ بيمه‌,726,5701737,14582449830,2660,2640,2580,-80,-3.01,2630,-30,-1.13,2530,2680,1399-8-17
119,شلعابح,ح . لعابيران‌,725,7303097,27890560760,4190,4050,3820,-370,-8.83,3820,-370,-8.83,3770,4100,1399-8-17
120,رمپنا,گروه مپنا (سهامي عام),669,4298505,67081326590,16390,15600,15580,-810,-4.94,15930,-460,-2.81,15580,16000,1399-8-17
121,ثنام,س ساختماني ب نام آوران مهندسي,669,7125386,143312888618,20735,20113,20113,-622,-3.0,20113,-622,-3.0,20113,20113,1399-8-17
122,شپاكسا,پاكسان‌,659,2426867,62131924000,26900,25560,25600,-1300,-4.83,25600,-1300,-4.83,25560,27000,1399-8-17
123,وتوسم,سرمايه‌گذاري‌توسعه‌ملي‌,655,5163701,59719148280,11970,12000,11380,-590,-4.93,11570,-400,-3.34,11380,12000,1399-8-17
124,رنيك,جنرال مكانيك,655,1352666,29627515910,23019,22000,21869,-1150,-5.0,22324,-695,-3.02,21869,22490,1399-8-17
125,وسينا,بانك سينا,654,7182879,65540749170,9500,9890,9030,-470,-4.95,9120,-380,-4.0,9030,9890,1399-8-17
126,گكوثر,هتل پارسيان كوثر اصفهان,645,568270,72728544474,141370,128755,127233,-14137,-10.0,127982,-13388,-9.47,127233,133000,1399-8-17
127,غصينو,صنعتي مينو,641,2528113,109962803048,41425,43496,43496,2071,5.0,43496,2071,5.0,43496,43496,1399-8-17
128,تسه9906,امتياز تسهيلات مسكن شهريور99,637,8363,6427651860,788928,770000,750000,-38928,-4.93,768582,-20346,-2.58,749482,828374,1399-8-17
129,شسپا,نفت سپاهان,629,2149430,40215835300,19690,18710,18710,-980,-4.98,18860,-830,-4.22,18710,18710,1399-8-17
130,نوين,بيمه نوين,624,9243489,58036391660,6505,6240,6180,-325,-5.0,6279,-226,-3.47,6180,6489,1399-8-17
131,سرچشمه,سرمايه گذاري مس سرچشمه,621,4565342,32026834483,7355,7050,6988,-367,-4.99,7127,-228,-3.1,6988,7299,1399-8-17
132,ركيش,كارت اعتباري ايران كيش,620,5260703,63804505280,11600,12030,12180,580,5.0,12130,530,4.57,11750,12180,1399-8-17
133,كاما,باما,620,544338,83011545000,160520,152500,152500,-8020,-5.0,152500,-8020,-5.0,152500,152500,1399-8-17
134,ضخود1042,اختيارخ خودرو-3000-1399/10/07,620,24430,16090132000,654,750,649,-5,-0.76,659,5,0.76,600,810,1399-8-17
135,ما,بيمه  ما,619,5207066,32107443770,6330,6440,6040,-290,-4.58,6220,-110,-1.74,6020,6500,1399-8-17
136,ونفت,سرمايه‌گذاري‌ صنعت‌ نفت‌,618,3604586,42482994810,12370,11780,11760,-610,-4.93,11850,-520,-4.2,11760,12370,1399-8-17
137,دارو,كارخانجات‌داروپخش‌,613,160662,8233560660,53300,50640,50650,-2650,-4.97,52950,-350,-0.66,50640,53280,1399-8-17
138,شكف,كف,608,1209434,96493757558,80111,81680,78509,-1602,-2.0,79784,-327,-0.41,78509,81713,1399-8-17
139,همراه,شركت ارتباطات سيار ايران,603,2116429,59215344050,29230,29200,27770,-1460,-4.99,28460,-770,-2.63,27770,29200,1399-8-17
140,سامان,بانك سامان,603,16373644,132722659876,8344,8130,8095,-249,-2.98,8106,-238,-2.85,8094,8290,1399-8-17
141,پتاير,ايران‌ تاير,591,861007,78805480070,96050,91600,91250,-4800,-5.0,91530,-4520,-4.71,91250,96210,1399-8-17
142,وبرق,س.کارکنان صنعت برق زنجان وقزوي,588,330222,66492888259,206004,199824,199824,-6180,-3.0,201358,-4646,-2.26,199824,212000,1399-8-17
143,فاراك,ماشين‌ سازي‌ اراك‌,585,4237337,26681828280,6620,6300,6290,-330,-4.98,6440,-180,-2.72,6290,6440,1399-8-17
144,زكوثر,سرمايه گذاري كشاورزي كوثر,579,2060340,35574596210,18000,17310,17100,-900,-5.0,17460,-540,-3.0,17100,17990,1399-8-17
145,كگل,معدني و صنعتي گل گهر,567,6971530,104991241800,15850,15060,15060,-790,-4.98,15120,-730,-4.61,15060,15060,1399-8-17
146,سخاش,سيمان‌خاش‌,566,218323,16322154700,75490,79000,72800,-2690,-3.56,75250,-240,-0.32,71750,79000,1399-8-17
147,سفارس,سيمان فارس و خوزستان,564,3761724,53115123750,14850,14110,14110,-740,-4.98,14120,-730,-4.92,14110,14700,1399-8-17
148,سجام,مجتمع سيمان غرب آسيا,561,3099316,35678385842,11300,11639,11639,339,3.0,11512,212,1.88,11000,11639,1399-8-17
149,ساوه,سيمان ساوه,555,266482,12852299466,50622,48210,48091,-2531,-5.0,49977,-645,-1.27,48091,49600,1399-8-17
150,كمرجان,بازرگاني و توليدي مرجان كار,548,1024673,58189898226,54136,56800,56842,2706,5.0,56789,2653,4.9,56200,56842,1399-8-17
151,وبانك,سرمايه گذاري گروه توسعه ملي,547,3466183,31528653940,9560,9100,9090,-470,-4.92,9410,-150,-1.57,9090,9430,1399-8-17
152,وصنعت,سرمايه گذاري توسعه صنعت وتجارت,540,5754435,41777198100,7640,7260,7260,-380,-4.97,7310,-330,-4.32,7260,7260,1399-8-17
153,اپرداز,آتيه داده پرداز,536,1345067,37682504573,28931,27900,27485,-1446,-5.0,28218,-713,-2.46,27485,29600,1399-8-17
154,زعف9908پ10,زعفران9908نگين طلاي سرخ(پ),532,454349,37342948515,82800,82000,83800,1000,1.21,82190,-610,-0.74,78660,84999,1399-8-17
155,ضخود1044,اختيارخ خودرو-4000-1399/10/07,531,21490,7882658000,366,405,342,-24,-6.56,367,1,0.27,326,439,1399-8-17
156,كگازح,ح . شيشه‌ و گاز,530,1376459,18102667540,13190,12800,13500,310,2.35,13150,-40,-0.3,12750,13500,1399-8-17
157,رتاپ,تجارت الكترونيك  پارسيان,526,2732720,16046284330,6150,5860,5860,-290,-4.72,6060,-90,-1.46,5850,6180,1399-8-17
158,كاريس,صندوق س.سپهر كاريزما-س,526,363374,60936107955,178177,172000,167009,-11168,-6.27,167695,-10482,-5.88,162000,172000,1399-8-17
159,ملت,بيمه ملت,522,3785553,45925780230,12300,12290,11880,-420,-3.41,12140,-160,-1.3,11800,12470,1399-8-17
160,كپشيرح,ح . پشم‌شيشه‌ايران‌,521,2194348,21448634860,10747,10000,9850,-897,-8.35,9774,-973,-9.05,9670,10890,1399-8-17
161,اطلس,صندوق س.توسعه اندوخته آينده-س,517,169792,28931640738,181711,171900,169000,-12711,-7.0,170395,-11316,-6.23,168000,174000,1399-8-17
162,آپ,آسان پرداخت پرشين,513,1145116,16790896980,14830,15000,14500,-330,-2.23,14770,-60,-0.4,14340,15420,1399-8-17
163,سمازن,سيمان‌مازندران‌,511,2565794,21244176910,8650,8840,8220,-430,-4.97,8490,-160,-1.85,8220,8840,1399-8-17
164,وگردش,بانك گردشگري,508,16419809,269583119962,16807,16807,16400,-407,-2.42,16418,-389,-2.31,16303,17050,1399-8-17
165,ودي,بيمه  دي,504,4056369,81752745661,20956,20800,19909,-1047,-5.0,20154,-802,-3.83,19909,20800,1399-8-17
166,ولصنم,ليزينگ‌صنعت‌ومعدن‌,499,3532843,24091850820,7150,6820,6800,-350,-4.9,6980,-170,-2.38,6800,7150,1399-8-17
167,شخارك,پتروشيمي‌ خارك‌,498,1786813,66309080040,39050,37100,37100,-1950,-4.99,37610,-1440,-3.69,37100,38820,1399-8-17
168,واعتبار,سرمايه گذاري اعتبار ايران,484,6738883,29604121930,4600,4500,4450,-150,-3.26,4470,-130,-2.83,4370,4500,1399-8-17
169,قصفها,قنداصفهان‌,482,260822,40030724900,157730,150110,149850,-7880,-5.0,154230,-3500,-2.22,149850,163000,1399-8-17
170,حتايد,تايدواترخاورميانه,477,2932967,43607052020,15600,15050,14820,-780,-5.0,14930,-670,-4.29,14820,15600,1399-8-17
171,نوري,پتروشيمي نوري,463,570637,98954162170,182530,173410,173410,-9120,-5.0,173410,-9120,-5.0,173410,173410,1399-8-17
172,دزهراوي,داروسازي‌زهراوي‌,461,1868045,16927000110,9470,9060,9000,-470,-4.96,9330,-140,-1.48,9000,9700,1399-8-17
173,آتيمس,صندوق س.آرمان آتيه درخشان مس-س,459,126908,22116784332,188704,181310,170000,-18704,-9.91,174274,-14430,-7.65,169110,181310,1399-8-17
174,فاما,صنعتي‌ آما,455,2614601,64552470440,23600,24500,24780,1180,5.0,24690,1090,4.62,23800,24780,1399-8-17
175,ولراز,ليزينگ رازي,453,1543986,37775275048,23777,24400,24490,713,3.0,24466,689,2.9,24005,24490,1399-8-17
176,كلر,كلر پارس,452,358569,19291403364,56508,54000,53683,-2825,-5.0,55411,-1097,-1.94,53683,56600,1399-8-17
177,حتوكا,حمل‌ونقل‌توكا,446,6379522,123079610510,20290,19280,19800,-490,-2.41,19290,-1000,-4.93,19280,19990,1399-8-17
178,شتوكا,توكا رنگ فولاد سپاهان,443,557473,14565134755,26079,25200,26300,221,0.85,26093,14,0.05,24950,26850,1399-8-17
179,تليسه,دامداري تليسه نمونه,442,6997915,28568456385,4042,4000,4200,158,3.91,4065,23,0.57,3800,4200,1399-8-17
180,بميلا,توسعه بازرگاني آهن وفولادميلاد,438,4114352,71351886560,17418,16896,17940,522,3.0,17342,-76,-0.44,16896,17940,1399-8-17
181,كپارس,كاشي‌ پارس‌,435,542059,61608089650,108420,113840,113840,5420,5.0,113660,5240,4.83,110000,113840,1399-8-17
182,شدوص,دوده‌ صنعتي‌ پارس‌,434,1289393,27073678850,21220,22280,20250,-970,-4.57,21100,-120,-0.57,20160,22280,1399-8-17
183,پرديس,سرمايه گذاري پرديس,424,4334380,28360036030,6880,6540,6540,-340,-4.94,6680,-200,-2.91,6540,6750,1399-8-17
184,شفن,پتروشيمي فناوران,424,433191,113900568080,276150,262350,263900,-12250,-4.44,262930,-13220,-4.79,262350,283500,1399-8-17
185,سصفها,سيمان‌اصفهان‌,417,353414,45616772360,123890,126000,130080,6190,5.0,128430,4540,3.66,117900,130080,1399-8-17
186,ضپاس1002,اختيارخ وپارس-3000-1399/10/30,415,12095,5253888000,584,620,372,-212,-36.3,434,-150,-25.68,357,640,1399-8-17
187,كهمدا,شيشه‌ همدان‌,405,1412254,12958796850,9650,9200,9200,-450,-4.66,9520,-130,-1.35,9170,9400,1399-8-17
188,خراسان,پتروشيمي خراسان,401,2164060,145449890980,70740,67210,67210,-3530,-4.99,67210,-3530,-4.99,67210,67410,1399-8-17
189,ضصاد1101,اختيارخ وبصادر-3000-1399/11/12,396,14493,6492275000,606,630,405,-201,-33.17,448,-158,-26.07,400,630,1399-8-17
190,شبريز,پالايش نفت تبريز,394,2105283,56842641000,28420,27000,27000,-1420,-5.0,27570,-850,-2.99,27000,27000,1399-8-17
191,تسه9902,امتياز تسهيلات مسكن ارديبهشت99,391,7660,5903139409,790875,799899,751332,-39543,-5.0,770645,-20230,-2.56,751332,800000,1399-8-17
192,كبافق,معادن‌ بافق‌,381,850657,28402495200,35120,33370,33370,-1750,-4.98,34090,-1030,-2.93,33370,34640,1399-8-17
193,وپترو,سرمايه‌گذاري صنايع پتروشيمي‌,378,824949,11326549770,14450,13730,13730,-720,-4.98,14280,-170,-1.18,13730,13730,1399-8-17
194,وارس,سرمايه گذاري ارس صبا,377,267530,20029779785,74398,76900,75790,1392,1.87,74867,469,0.63,71020,76900,1399-8-17
195,ضصاد1102,اختيارخ وبصادر-3500-1399/11/12,371,12912,4778454000,422,410,330,-92,-21.8,370,-52,-12.32,330,499,1399-8-17
196,آرمان,بيمه آرمان,367,5472620,35591174292,6323,6512,6512,189,2.99,6503,180,2.85,6365,6512,1399-8-17
197,كاوه,فولاد كاوه جنوب كيش,364,7045081,134631497910,20110,19110,19110,-1000,-4.97,19110,-1000,-4.97,19110,19110,1399-8-17
198,تسه9904,امتياز تسهيلات مسكن تير99,363,6584,5256558880,790849,770000,830391,39542,5.0,798384,7535,0.95,760000,830391,1399-8-17
199,وسبحان,سرمايه گذاري سبحان,362,6040409,48026094005,8360,8020,7942,-418,-5.0,7951,-409,-4.89,7942,8198,1399-8-17
200,كشرق,صنعتي و معدني شمال شرق شاهرود,362,914082,50404527415,53728,55000,56414,2686,5.0,55117,1389,2.59,51620,56414,1399-8-17
201,ومهان,گروه توسعه مالي مهر آيندگان,357,4996164,68524489807,14418,13720,13698,-720,-4.99,13715,-703,-4.88,13698,14100,1399-8-17
202,ساذريح,ح . آذريت‌,355,2783912,15541331299,5565,5287,5500,-65,-1.17,5583,18,0.32,5287,5843,1399-8-17
203,كسرا,سراميك‌هاي‌صنعتي‌اردكان‌,355,1698689,31399132160,19440,18470,18470,-970,-4.99,18810,-630,-3.24,18470,19480,1399-8-17
204,ثاخت,بين‌المللي‌توسعه‌ساختمان,341,3821657,13414016070,3690,3510,3510,-180,-4.88,3640,-50,-1.36,3510,3510,1399-8-17
205,سيدكو,سرمايه گذاري توسعه صنايع سيمان,341,2833621,18724776730,6790,6900,6570,-220,-3.24,6720,-70,-1.03,6470,6900,1399-8-17
206,ثزاگرس,سرمايه گذاري توسعه عمران زاگرس,338,1011071,40998495918,39394,40575,40575,1181,3.0,40550,1156,2.93,39400,40575,1399-8-17
207,زاگرس,پتروشيمي زاگرس,332,1852246,281513608310,159984,151985,151985,-7999,-5.0,151985,-7999,-5.0,151985,151985,1399-8-17
208,تسه9709,امتياز تسهيلات مسكن آذر97,328,2938,2254755498,789166,780000,750400,-38766,-4.91,767446,-21720,-2.75,750000,799996,1399-8-17
209,شلرد,كود شيميايي اوره لردگان,327,4523460,34599945540,7885,7649,7649,-236,-2.99,7649,-236,-2.99,7649,7649,1399-8-17
210,شگل,گلتاش‌,325,648649,15026483540,23940,23000,22900,-1040,-4.34,23700,-240,-1.0,22900,24000,1399-8-17
211,فاسمين,كالسيمين‌,324,1885523,24643785610,13750,13070,13070,-680,-4.95,13400,-350,-2.55,13070,13070,1399-8-17
212,كرماشا,صنايع پتروشيمي كرمانشاه,323,2716160,96424537040,37360,35500,35500,-1860,-4.98,35500,-1860,-4.98,35500,35540,1399-8-17
213,تسه9905,امتياز تسهيلات مسكن مرداد99,320,2636,2048750485,792988,763111,753339,-39649,-5.0,777219,-15769,-1.99,753339,820000,1399-8-17
214,سپ,پرداخت الكترونيك سامان كيش,320,702620,9222195010,13770,13100,13210,-560,-4.07,13650,-120,-0.87,13090,13470,1399-8-17
215,دبالك,مواد اوليه دارويي البرز بالك,319,1863851,24467291137,13803,13160,13113,-690,-5.0,13455,-348,-2.52,13113,13680,1399-8-17
216,دتوزيع,توزيع دارو پخش,318,365430,13848466256,39869,37877,37876,-1993,-5.0,39294,-575,-1.44,37876,38999,1399-8-17
217,بكام,كارخانجات توليدي شهيد قندي,317,2823763,13412874250,5000,4750,4750,-250,-5.0,4930,-70,-1.4,4750,4750,1399-8-17
218,كگهر,سنگ آهن گهرزمين,315,280713,10743547441,39971,38120,37973,-1998,-5.0,39812,-159,-0.4,37973,41100,1399-8-17
219,دكوثر,داروسازي‌ كوثر,314,922916,16271724980,18530,18000,17610,-920,-4.96,18220,-310,-1.67,17610,18000,1399-8-17
220,افق ملت,صندوق س در سهام افق ملت,312,156080,18116676660,123540,120000,114300,-9240,-7.48,116070,-7470,-6.05,113200,120000,1399-8-17
221,پارسيانح,ح.بيمه پارسيان,306,1047688,8964544240,9280,8810,8530,-750,-8.08,8560,-720,-7.76,8350,8920,1399-8-17
222,سخوز,سيمان خوزستان,301,2832559,57673861590,21280,20220,20220,-1060,-4.98,20360,-920,-4.32,20220,21280,1399-8-17
223,بترانس,ايران‌ ترانسفو,301,829094,20097238560,25510,24240,24240,-1270,-4.98,24970,-540,-2.12,24240,24240,1399-8-17
224,مارون,پتروشيمي مارون,291,598054,73975087064,130046,123544,123544,-6502,-5.0,125105,-4941,-3.8,123544,132000,1399-8-17
225,طلا,صندوق س.پشتوانه طلاي لوتوس,289,1280710,119364733420,103557,93202,93202,-10355,-10.0,93202,-10355,-10.0,93202,93202,1399-8-17
226,آساميد,صندوق س.مشترك آسمان اميد -د,289,13756722,150563862158,10929,10952,10945,16,0.15,10945,16,0.15,10943,10952,1399-8-17
227,هبركت912,اختيارف ت بركت-22100-99/12/17,289,367633,3010914270,7760,8190,8190,430,5.54,8190,430,5.54,8190,8190,1399-8-17
228,سپاس,صندوق س. پاداش سهامداري توسعه1,288,9559601,95745904128,10146,10011,10016,-130,-1.28,10016,-130,-1.28,10000,10030,1399-8-17
229,آسيا,بيمه آسيا,286,682345,14778192410,22770,21640,21640,-1130,-4.96,22420,-350,-1.54,21640,22400,1399-8-17
230,پكوير,كوير تاير,285,1179330,15678937450,13960,13400,13270,-690,-4.94,13740,-220,-1.58,13270,14200,1399-8-17
231,ريشمك,توليد و صادرات ريشمك,276,994226,32277207770,34141,32434,32434,-1707,-5.0,33003,-1138,-3.33,32434,33001,1399-8-17
232,پارس,پتروشيمي پارس,268,815453,108471558060,140020,133020,133020,-7000,-5.0,133020,-7000,-5.0,133020,133020,1399-8-17
233,جم پيلن,پلي پروپيلن جم - جم پيلن,264,1651663,127045917960,80960,76920,76920,-4040,-4.99,76920,-4040,-4.99,76920,76920,1399-8-17
234,والبر,سرمايه‌ گذاري‌ البرز(هلدينگ‌,262,887402,11687482970,13800,13500,13110,-690,-5.0,13650,-150,-1.09,13110,13500,1399-8-17
235,تسه9710,امتياز تسهيلات مسكن دي 97,257,1569,1211824569,792860,799000,761322,-31538,-3.98,772355,-20505,-2.59,754013,799000,1399-8-17
236,وصنا,گروه‌صنايع‌بهشهرايران‌,256,2115548,21486881840,10670,10450,10140,-530,-4.97,10440,-230,-2.16,10140,10500,1399-8-17
237,فرابورس,فرابورس ايران,256,933244,45733622220,51584,49005,49005,-2579,-5.0,49435,-2149,-4.17,49005,49005,1399-8-17
238,پارسان,گسترش نفت و گاز پارسيان,255,4219051,81005779200,20210,19200,19200,-1010,-5.0,19490,-720,-3.56,19200,19200,1399-8-17
239,سيمرغ,سيمرغ,254,861271,12179724620,14830,14190,14090,-740,-4.99,14650,-180,-1.21,14090,14600,1399-8-17
240,بفجر,فجر انرژي خليج فارس,253,945048,27227258480,30260,29500,28750,-1510,-4.99,29730,-530,-1.75,28750,30920,1399-8-17
241,بساما,بيمه سامان,251,625161,12476653225,20933,21400,19888,-1045,-4.99,20678,-255,-1.22,19887,21400,1399-8-17
242,صايند,صندوق س. گنجينه آينده روشن-د,250,6971010,69081187790,9914,9940,9910,-4,-0.04,9910,-4,-0.04,9899,9940,1399-8-17
243,ثترانح,ح سرمايه گذاري مسكن تهران,250,2339098,5977651810,2676,2543,2543,-133,-4.97,2556,-120,-4.48,2543,2650,1399-8-17
244,كسرام,پارس‌ سرام‌,248,2046626,12730013720,5930,6220,6220,290,4.89,6000,70,1.18,6220,6220,1399-8-17
245,ارفع,شركت آهن و فولاد ارفع,246,1580559,20324408181,13535,12859,12859,-676,-4.99,13312,-223,-1.65,12859,12859,1399-8-17
246,قنيشا,قند  نيشابور,241,5106738,448575865920,92460,87840,87840,-4620,-5.0,87840,-4620,-5.0,87840,87840,1399-8-17
247,وآوا,سرمايه گذاري آوا نوين,239,1311780,14637011479,11736,11150,11150,-586,-4.99,11558,-178,-1.52,11150,11472,1399-8-17
248,اتكاي,بيمه اتكايي ايرانيان,239,1584390,18949348601,12333,11727,12189,-144,-1.17,12187,-146,-1.18,11717,12760,1399-8-17
249,تسه9903,امتياز تسهيلات مسكن خرداد99,236,2480,1901758804,796106,766122,756301,-39805,-5.0,766838,-29268,-3.68,756301,780000,1399-8-17
250,شبهرن,نفت‌ بهران‌,235,341839,19508751730,60070,57070,57070,-3000,-4.99,59080,-990,-1.65,57070,57070,1399-8-17
251,ولبهمن,شركت بهمن ليزينگ,234,1228661,10715152581,9179,8721,8721,-458,-4.99,9076,-103,-1.12,8721,8721,1399-8-17
252,شاملاح,ح . معدني‌ املاح‌  ايران‌,232,203511,9754042170,52870,47600,47580,-5290,-10.01,47930,-4940,-9.34,47580,52000,1399-8-17
253,وملي,گروه‌ صنعتي‌ ملي‌ (هلدينگ‌,231,22834,8113833560,394820,355340,355340,-39480,-10.0,387700,-7120,-1.8,355340,355340,1399-8-17
254,قپيرا,فرآورده‌هاي‌غدايي‌وقندپيرانشهر,228,291310,26535286100,86760,91090,91090,4330,4.99,88950,2190,2.52,91000,91090,1399-8-17
255,اوان,مبين وان كيش,225,472546,23985094982,53145,53800,50488,-2657,-5.0,51946,-1199,-2.26,50488,53800,1399-8-17
256,هاي وب,داده گسترعصرنوين-هاي وب,224,582935,12509785100,22580,21460,21460,-1120,-4.96,22290,-290,-1.28,21460,21460,1399-8-17
257,ياقوت,صندوق س ياقوت آگاه-ثابت,224,8707881,97389697852,11182,11184,11184,2,0.02,11184,2,0.02,11184,11189,1399-8-17
258,تسه9810,امتياز تسهيلات مسكن دي98,222,3608,2778130795,806369,770000,766051,-40318,-5.0,769992,-36377,-4.51,766051,799979,1399-8-17
259,آساس,صندوق س.آسمان آرماني سهام-س,219,179544,26190120174,153629,147779,144001,-9628,-6.27,145870,-7759,-5.05,144000,147779,1399-8-17
260,وبشهر,توسعه‌ صنايع‌ بهشهر(هلدينگ,217,1354811,17306843300,13400,12850,12730,-670,-5.0,13170,-230,-1.72,12730,13400,1399-8-17
261,بموتو,موتوژن‌,216,680568,27861628790,42940,41000,40800,-2140,-4.98,41770,-1170,-2.72,40800,43660,1399-8-17
262,خفولا,خدمات فني فولاد يزد,216,705928,19086175336,26250,27037,27037,787,3.0,26979,729,2.78,27037,27037,1399-8-17
263,كدما,معدني‌ دماوند,213,65266,14501452540,211610,222190,222190,10580,5.0,214530,2920,1.38,222190,222190,1399-8-17
264,سيستم,همكاران سيستم,209,934933,25705230190,27840,26480,28020,180,0.65,27660,-180,-0.65,26450,28400,1399-8-17
265,سپر,صندوق س سپر سرمايه بيدار- ثابت,208,967218,9902973454,10225,10250,10220,-5,-0.05,10239,14,0.14,10016,10260,1399-8-17
266,بورس,بورس اوراق بهادار تهران,206,591015,28008200850,49880,47390,47390,-2490,-4.99,48960,-920,-1.84,47390,47390,1399-8-17
267,زفكا,كشت و دامداري فكا,205,274902,11311377841,43235,41080,41074,-2161,-5.0,42739,-496,-1.15,41074,41800,1399-8-17
268,دسانكو,داروسازي سبحان انكولوژي,201,758325,10883637559,15098,14410,14344,-754,-4.99,14927,-171,-1.13,14344,14654,1399-8-17
269,دارا,صندوق س. دارا الگوريتم-د,201,5014895,50269400362,10001,10028,10020,19,0.19,10024,23,0.23,10011,10039,1399-8-17
270,دسبحان,سبحان دارو,200,410045,6606255270,16920,17000,16100,-820,-4.85,16810,-110,-0.65,16080,17000,1399-8-17
271,آبين,كشت و صنعت آبشيرين,200,2051144,6640316248,3337,3237,3237,-100,-3.0,3303,-34,-1.02,3237,3250,1399-8-17
272,كيميا,معدني كيمياي زنجان گستران,199,392246,8359757406,22350,21233,21233,-1117,-5.0,22168,-182,-0.81,21233,22100,1399-8-17
273,تايرا,تراكتورسازي‌ايران‌,196,628529,12504149610,20930,19890,19950,-980,-4.68,20660,-270,-1.29,19890,20490,1399-8-17
274,آكورد,صندوق س. آرمان آتي كوثر-د,195,3886547,113593098447,29192,29234,29234,42,0.14,29227,35,0.12,29219,29244,1399-8-17
275,كنور,توسعه معدني و صنعتي صبانور,192,1187728,42710698880,37850,35960,35960,-1890,-4.99,36150,-1700,-4.49,35960,35960,1399-8-17
276,تسه9712,امتياز تسهيلات مسكن اسفند97,191,1117,888969406,786745,800000,770101,-16644,-2.12,795854,9109,1.16,765000,826000,1399-8-17
277,تاپكيشح,ح.تجارت الكترونيك پارسيان كيش,190,1190452,9637899392,7711,8096,8096,385,4.99,8096,385,4.99,8096,8096,1399-8-17
278,وكار,بانك‌ كارآفرين‌,187,4325310,17316277550,4210,4030,4000,-210,-4.99,4130,-80,-1.9,4000,4120,1399-8-17
279,كالا,بورس كالاي ايران,183,374520,13621292400,38280,36370,36370,-1910,-4.99,37730,-550,-1.44,36370,36370,1399-8-17
280,تسه9711,امتياز تسهيلات مسكن بهمن 97,182,805,624195792,790790,770000,763810,-26980,-3.41,775398,-15392,-1.95,762670,800000,1399-8-17
281,سكارون,سيمان كارون,181,182046,22428512916,126746,126746,122944,-3802,-3.0,123202,-3544,-2.8,122944,126746,1399-8-17
282,ثفارس,عمران‌وتوسعه‌فارس‌,180,1520853,9915961560,6860,6520,6520,-340,-4.96,6790,-70,-1.02,6520,6520,1399-8-17
283,وسپه,سرمايه‌گذاري‌ سپه‌,176,2406031,28800191070,12600,11970,11970,-630,-5.0,12220,-380,-3.02,11970,11970,1399-8-17
284,تسه9801,امتياز تسهيلات مسكن فروردين98,174,1187,914600942,788284,752222,765000,-23284,-2.95,770515,-17769,-2.25,752222,827698,1399-8-17
285,تاصيكو,سرمايه گذاري صدرتامين,174,2523358,23113959280,9640,9160,9160,-480,-4.98,9540,-100,-1.04,9160,9160,1399-8-17
286,غگرجي,بيسكويت‌  گرجي‌,173,605094,14731646040,25590,24630,24320,-1270,-4.96,25200,-390,-1.52,24320,24840,1399-8-17
287,هرمز,فولاد هرمزگان جنوب,172,1449724,16457266848,11949,11352,11352,-597,-5.0,11862,-87,-0.73,11352,11352,1399-8-17
288,كخاكح,ح . صنايع‌خاك‌چيني‌ايران‌,169,330520,12806853040,40310,43000,38890,-1420,-3.52,38750,-1560,-3.87,36700,43000,1399-8-17
289,تيپيكو,سرمايه گذاري دارويي تامين,168,326460,15366472200,49540,47070,47070,-2470,-4.99,49080,-460,-0.93,47070,47070,1399-8-17
290,سهرمز,سيمان‌هرمزگان‌,166,553392,8722584440,16100,15310,15990,-110,-0.68,16040,-60,-0.37,15300,16100,1399-8-17
291,شنفت,نفت‌ پارس‌,166,224705,10961791610,51300,48750,48740,-2560,-4.99,50730,-570,-1.11,48740,50990,1399-8-17
292,بخاور,بيمه زندگي خاورميانه,164,2024216,14224735344,7383,7300,7014,-369,-5.0,7277,-106,-1.44,7014,7300,1399-8-17
293,گوهران,سرمايه گذاري توسعه گوهران اميد,164,916352,6682987081,7675,7293,7292,-383,-4.99,7621,-54,-0.7,7292,7650,1399-8-17
294,دالبر,البرزدارو,163,288957,5073551030,18360,17600,17600,-760,-4.14,18270,-90,-0.49,17450,18000,1399-8-17
295,وساپا,سرمايه‌گذاري‌ سايپا,162,3122567,26448142490,8910,8470,8470,-440,-4.94,8670,-240,-2.69,8470,8470,1399-8-17
296,شفا,سرمايه گذاري شفادارو,159,73736,4238750480,59590,59590,57050,-2540,-4.26,59410,-180,-0.3,56620,60990,1399-8-17
297,وآفري,بيمه كارآفرين,159,1077047,16370718947,15666,15197,15197,-469,-2.99,15273,-393,-2.51,15197,15660,1399-8-17
298,اخزا817,اسنادخزانه-م17بودجه98-010512,156,401190,289846657321,718191,720110,722999,4808,0.67,722467,4276,0.6,720110,723500,1399-8-17
299,گكيش,توريستي ورفاهي آبادگران كيش,153,298647,20927091231,72240,70073,70073,-2167,-3.0,70073,-2167,-3.0,70073,70073,1399-8-17
300,زشريف,كشت وصنعت شريف آباد,152,556266,12650681483,23920,22741,22724,-1196,-5.0,23607,-313,-1.31,22724,23029,1399-8-17
301,تسه9802,امتياز تسهيلات مسكن ارديبهشت98,152,1115,853900439,786574,750001,780000,-6574,-0.84,765830,-20744,-2.64,747246,799800,1399-8-17
302,تسه9901,امتياز تسهيلات مسكن فروردين99,152,1549,1200014883,807771,774609,767383,-40388,-5.0,774703,-33068,-4.09,767383,799970,1399-8-17
303,تسه9812,امتياز تسهيلات مسكن اسفند98,150,946,745019782,789427,760222,780121,-9306,-1.18,787547,-1880,-0.24,760222,828898,1399-8-17
304,دابور,داروسازي‌ ابوريحان‌,148,205344,8404332860,42740,40900,41120,-1620,-3.79,42420,-320,-0.75,40620,41200,1399-8-17
305,قهكمت,قندهكمتان‌,147,208915,8536472620,42460,42500,41900,-560,-1.32,42180,-280,-0.66,40340,42500,1399-8-17
306,تسه9803,امتياز تسهيلات مسكن خرداد98,145,974,750695428,785256,755010,745994,-39262,-5.0,770734,-14522,-1.85,745994,800000,1399-8-17
307,سصوفي,سيمان‌ صوفيان‌,144,524708,5930218470,11880,11290,11290,-590,-4.97,11810,-70,-0.59,11290,11500,1399-8-17
308,وآيند,بانك  آينده,144,548912,14400157408,26769,26234,26234,-535,-2.0,26690,-79,-0.3,26234,26234,1399-8-17
309,قثابت,قند ثابت‌ خراسان‌,142,152981,11465925950,78890,74950,74950,-3940,-4.99,77940,-950,-1.2,74950,74950,1399-8-17
310,شپديس,پتروشيمي پرديس,142,1034134,92296459500,93940,89250,89250,-4690,-4.99,89380,-4560,-4.85,89250,89250,1399-8-17
311,تسه9811,امتياز تسهيلات مسكن بهمن98,140,1334,1029066698,789192,757755,788990,-202,-0.03,771414,-17778,-2.25,749734,789400,1399-8-17
312,شاراك,پتروشيمي شازند,138,1066627,20009922520,19740,18760,18760,-980,-4.96,19420,-320,-1.62,18760,18760,1399-8-17
313,كيان2,صندوق س. با درآمد ثابت كيان,138,13800000,13800000,25778,1,1,-25777,-100.0,1,-25777,-100.0,1,1,1399-8-17
314,مبين,مبين انرژي خليج فارس,137,1399404,28659793920,21550,20480,20480,-1070,-4.97,21230,-320,-1.48,20480,20480,1399-8-17
315,توريل,توکاريل,136,385753,6336764531,17291,16427,16427,-864,-5.0,17176,-115,-0.67,16427,16427,1399-8-17
316,چدن,توليدي چدن سازان,136,426013,10914453060,26960,25620,25620,-1340,-4.97,26650,-310,-1.15,25620,25620,1399-8-17
317,حآسا,آسيا سير ارس,134,423809,6700390175,16372,15800,15554,-818,-5.0,16294,-78,-0.48,15554,16780,1399-8-17
318,دامين,داروسازي‌ امين‌,134,528997,6025522580,11980,11390,11390,-590,-4.92,11910,-70,-0.58,11390,11430,1399-8-17
319,اوصتا,صندوق انديشه ورزان صباتامين -د,132,2851799,47630550386,16792,16860,16760,-32,-0.19,16702,-90,-0.54,16700,16860,1399-8-17
320,سدبير,س. تدبيرگران فارس وخوزستان,132,924773,29822079704,30713,32248,32248,1535,5.0,31585,872,2.84,32248,32248,1399-8-17
321,درازك,دارويي‌ رازك‌,130,185676,5741243330,32340,30800,30890,-1450,-4.48,32170,-170,-0.53,30730,31990,1399-8-17
322,وآذر,سرمايه‌گذاري‌توسعه‌آذربايجان‌,129,102608,12915453700,132490,125870,125870,-6620,-5.0,130690,-1800,-1.36,125870,126000,1399-8-17
323,ثجوان,تامين مسكن جوانان,129,576991,3560497473,6402,6130,6300,-102,-1.59,6359,-43,-0.67,6082,6495,1399-8-17
324,غشهد,شهد ايران ‌,128,792244,4690084480,6230,5920,5920,-310,-4.98,6200,-30,-0.48,5920,5920,1399-8-17
325,فلات,گروه صنايع معادن فلات ايرانيان,128,805760,9889677603,12640,12930,12261,-379,-3.0,12453,-187,-1.48,12261,12930,1399-8-17
326,وتوشه,سرمايه‌ گذاري‌ پارس‌ توشه‌,124,1416976,26129390050,19410,18440,18440,-970,-5.0,18880,-530,-2.73,18440,19000,1399-8-17
327,اخزا818,اسنادخزانه-م18بودجه98-010614,123,397936,283864242676,707510,706045,713899,6389,0.9,713341,5831,0.82,706045,716000,1399-8-17
328,وبوعلي,سرمايه‌گذاري‌بوعلي‌,122,1148430,7935651300,7270,6910,6910,-360,-4.95,7210,-60,-0.83,6910,6910,1399-8-17
329,وگستر,گسترش سرمايه گذاري ايرانيان,121,277806,5314739570,20123,19117,19117,-1006,-5.0,20012,-111,-0.55,19117,19510,1399-8-17
330,دمعيار,صندوق س. توازن معيار-د,120,3620231,36255450783,10010,10020,10011,1,0.01,10015,5,0.05,10011,10030,1399-8-17
331,جم,پتروشيمي جم,120,334482,13235452740,41650,39570,39570,-2080,-4.99,41360,-290,-0.7,39570,39570,1399-8-17
332,فباهنر,مس‌ شهيدباهنر,119,286582,13449293260,49390,46930,46930,-2460,-4.98,48690,-700,-1.42,46930,46930,1399-8-17
333,ثشاهد,سرمايه‌ گذاري‌ شاهد,119,196337,5558300470,29790,28310,28310,-1480,-4.97,29620,-170,-0.57,28310,28310,1399-8-17
334,پخش,پخش البرز,117,379311,10962844773,30348,30990,28831,-1517,-5.0,30015,-333,-1.1,28831,30990,1399-8-17
335,مفاخر,توسعه فناوري اطلاعات خوارزمي,117,303558,12938389253,44864,42622,42621,-2243,-5.0,44253,-611,-1.36,42621,43280,1399-8-17
336,ثنوسا,نوسازي‌وساختمان‌تهران‌,115,3223627,26337032590,8600,8170,8170,-430,-5.0,8360,-240,-2.79,8170,8170,1399-8-17
337,اخزا815,اسنادخزانه-م15بودجه98-010406,114,177994,131510121925,734064,735026,738851,4787,0.65,738846,4782,0.65,735026,740000,1399-8-17
338,خديزل,بهمن  ديزل,113,533719,21172552644,41620,40100,39539,-2081,-5.0,40754,-866,-2.08,39539,41810,1399-8-17
339,شغدير,پتروشيمي غدير,113,617949,28520818146,48583,46154,46154,-2429,-5.0,47125,-1458,-3.0,46154,46154,1399-8-17
340,كروي,توسعه‌ معادن‌ روي‌ ايران‌,113,197342,4929603160,26290,24980,24980,-1310,-4.98,26150,-140,-0.53,24980,24980,1399-8-17
341,كوثر,بيمه كوثر,112,413335,4742433737,12047,11448,11445,-602,-5.0,11990,-57,-0.47,11445,12050,1399-8-17
342,كاسپين,داروسازي كاسپين تامين,112,225866,5271474191,24563,23500,23335,-1228,-5.0,24427,-136,-0.55,23335,23988,1399-8-17
343,كوير,توليدي فولاد سپيد فراب كوير,108,514450,6744439500,13800,13110,13110,-690,-5.0,13720,-80,-0.58,13110,13110,1399-8-17
344,وسيزد,شركت س استان يزد,108,1247765,1541263650,1280,1330,1220,-60,-4.69,1280,0,0.0,1220,1330,1399-8-17
345,فسازان,غلتك سازان سپاهان,107,1832186,47710123440,27410,26040,26040,-1370,-5.0,26040,-1370,-5.0,26040,26040,1399-8-17
346,ومعلم,بيمه معلم,107,824528,4614767939,5890,5600,5596,-294,-4.99,5862,-28,-0.48,5596,5600,1399-8-17
347,قاسم,قاسم ايران,106,1057991,13430137754,13362,12694,12694,-668,-5.0,13173,-189,-1.41,12694,12694,1399-8-17
348,ستران,سيمان‌ تهران‌,105,129303,3550660380,28900,27460,27460,-1440,-4.98,28790,-110,-0.38,27460,27460,1399-8-17
349,پارسيان,بيمه پارسيان,105,1698525,18465311720,11440,10870,10870,-570,-4.98,11220,-220,-1.92,10870,10920,1399-8-17
350,تشتادح,ح.صنايع توليدي اشتاد ايران‌,104,210379,2561989128,11489,12178,12178,689,6.0,12178,689,6.0,12177,12178,1399-8-17
351,لوتوس,تامين سرمايه لوتوس پارسيان,104,1092117,14547080450,14020,13320,13320,-700,-4.99,13810,-210,-1.5,13320,13330,1399-8-17
352,غمارگ,مارگارين‌,103,171096,3681985920,22650,21520,21520,-1130,-4.99,22560,-90,-0.4,21520,21520,1399-8-17
353,دماوند,توليد نيروي برق دماوند,101,92843,6108048127,69251,65789,65789,-3462,-5.0,68960,-291,-0.42,65789,65789,1399-8-17
354,شپلي,پلي اكريل ايران,100,1250751,6957927813,5735,5563,5563,-172,-3.0,5673,-62,-1.08,5563,5563,1399-8-17
355,وصندوق,سرمايه‌گذاري‌صندوق‌بازنشستگي‌,100,1101155,14788511650,14130,13430,13430,-700,-4.95,14040,-90,-0.64,13430,13430,1399-8-17
356,ارمغان,ص سرمايه گذاري ارمغان ايرانيان,99,2465618,24705222774,10150,10019,10019,-131,-1.29,10020,-130,-1.28,10010,10023,1399-8-17
357,عيار,صندوق س. پشتوانه طلاي مفيد,97,145648,4846145904,36969,33273,33273,-3696,-10.0,33273,-3696,-10.0,33273,33273,1399-8-17
358,اخزا808,اسنادخزانه-م8بودجه98-000817,97,176266,149184939498,842434,842683,844502,2068,0.25,846363,3929,0.47,842683,854345,1399-8-17
359,شيران,س. صنايع‌شيميايي‌ايران,96,420197,13063924730,32720,31090,31090,-1630,-4.98,32500,-220,-0.67,31090,31090,1399-8-17
360,وسزنجان,شركت س استان زنجان,94,2892711,3934086960,1430,1360,1360,-70,-4.9,1420,-10,-0.7,1360,1360,1399-8-17
361,فجر,فولاد اميركبيركاشان,92,235257,12849737340,57490,54620,54620,-2870,-4.99,56710,-780,-1.36,54620,54620,1399-8-17
362,تسه9809,امتياز تسهيلات مسكن آذر98,92,1162,889542310,786664,747331,760000,-26664,-3.39,765527,-21137,-2.69,747331,780000,1399-8-17
363,واحصا,احياء صنايع خراسان,91,806083,16254663695,19578,20165,20165,587,3.0,20041,463,2.36,20165,20165,1399-8-17
364,غمهراح,ح . توليدي‌مهرام‌,90,124043,4427128900,39560,40000,35600,-3960,-10.01,35690,-3870,-9.78,35600,40000,1399-8-17
365,فولاژ,فولاد آلياژي ايران,90,568341,12480768360,23110,21960,21960,-1150,-4.98,22840,-270,-1.17,21960,21960,1399-8-17
366,كفرا,فراورده‌ هاي‌ نسوزايران‌,90,131728,6073022840,48490,47200,46070,-2420,-4.99,48190,-300,-0.62,46070,47200,1399-8-17
367,قشكر,شكرشاهرود,89,210471,7189897030,35950,34160,34160,-1790,-4.98,35680,-270,-0.75,34160,35290,1399-8-17
368,سشرق,سيمان‌ شرق‌,89,585487,3214323630,5770,5490,5490,-280,-4.85,5750,-20,-0.35,5490,5490,1399-8-17
369,زپارس,ملي كشت و صنعت و دامپروري پارس,87,147865,8720992210,61970,58880,60000,-1970,-3.18,61420,-550,-0.89,58880,60000,1399-8-17
370,سمتاز,سيمان ممتازان كرمان,86,153964,3401158082,21706,22350,22210,504,2.32,21770,64,0.29,21404,22357,1399-8-17
371,تصميم,صندوق س با درآمد ثابت تصميم,85,1840841,27271638542,14799,14820,14828,29,0.2,14815,16,0.11,14790,14828,1399-8-17
372,لپارس,پارس‌ الكتريك‌,85,51735,8801675550,179080,170130,170130,-8950,-5.0,177420,-1660,-0.93,170130,170130,1399-8-17
373,فسپا,گروه‌صنعتي‌سپاهان‌,84,114472,4664734000,42890,40750,40750,-2140,-4.99,42680,-210,-0.49,40750,40750,1399-8-17
374,تشتاد,صنايع توليدي اشتاد ايران‌,83,242869,3524108757,14957,14525,14509,-448,-3.0,14876,-81,-0.54,14509,14530,1399-8-17
375,ضخود1043,اختيارخ خودرو-3500-1399/10/07,82,2751,1260157000,475,489,423,-52,-10.95,458,-17,-3.58,423,540,1399-8-17
376,بذر,صندوق س بذر اميد آفرين-سهام,82,88597,8530851300,101560,98740,95520,-6040,-5.95,96290,-5270,-5.19,94900,99840,1399-8-17
377,ورنا,سرمايه‌گذاري‌ رنا(هلدينگ‌,81,1871731,15666388470,8810,8370,8370,-440,-4.99,8660,-150,-1.7,8370,8370,1399-8-17
378,شرانل,نفت ايرانول,79,334660,8995995460,28295,26881,26881,-1414,-5.0,28027,-268,-0.95,26881,26881,1399-8-17
379,شپترو,پتروشيمي آبادان,77,516867,2302125618,4591,4454,4454,-137,-2.98,4575,-16,-0.35,4454,4454,1399-8-17
380,كرمان,س. توسعه و عمران استان كرمان,76,33753,2446181169,76287,72473,72473,-3814,-5.0,76091,-196,-0.26,72473,72473,1399-8-17
381,اخزا816,اسنادخزانه-م16بودجه98-010503,74,337034,245630980889,725022,726500,728000,2978,0.41,728802,3780,0.52,725060,730000,1399-8-17
382,سبزوا,سيمان لار سبزوار,74,263064,1573648848,6296,5982,5982,-314,-4.99,6286,-10,-0.16,5982,5982,1399-8-17
383,كخاك,صنايع‌خاك‌چيني‌ايران‌,73,207967,9568561670,48430,46010,46010,-2420,-5.0,47940,-490,-1.01,46010,46010,1399-8-17
384,واميد,گروه مديريت سرمايه گذاري اميد,73,231304,7970735840,36270,34460,34460,-1810,-4.99,36140,-130,-0.36,34460,34460,1399-8-17
385,داسوه,داروسازي‌ اسوه‌,71,84082,2081469940,26020,24870,25200,-820,-3.15,25960,-60,-0.23,24720,25280,1399-8-17
386,جوين,كشت و صنعت جوين,71,467485,9297809165,19310,19889,19889,579,3.0,19571,261,1.35,19889,19889,1399-8-17
387,اخزا904,اسنادخزانه-م4بودجه99-011215,71,121423,77359951845,646002,638380,614501,-31501,-4.88,637111,-8891,-1.38,614500,678302,1399-8-17
388,سنوين,سرمايه گذاري اقتصاد نوين,71,875895,8698518245,10103,10305,9901,-202,-2.0,9951,-152,-1.5,9901,10305,1399-8-17
389,ضملت1127,اختيارخ وبملت-5000-1399/11/28,69,4134,3318611000,1,999,820,819,81900.0,803,802,80200.0,725,999,1399-8-17
390,غشهداب,كشت و صنعت شهداب ناب خراسان,69,319550,1469290900,4839,4598,4598,-241,-4.98,4832,-7,-0.14,4598,4598,1399-8-17
391,تسه9808,امتياز تسهيلات مسكن آبان98,68,767,582808641,789016,749566,749566,-39450,-5.0,759855,-29161,-3.7,749566,780000,1399-8-17
392,دعبيد,لابراتوارداروسازي‌  دكترعبيدي‌,68,42161,1170810970,29230,27770,27770,-1460,-4.99,29200,-30,-0.1,27770,27770,1399-8-17
393,هصيكو402,اختيارف ت تاصيكو13500-00/02/20,68,201604,635254204,3580,3151,3151,-429,-11.98,3151,-429,-11.98,3151,3151,1399-8-17
394,وهنر,گروه توسعه هنر ايران,67,1133746,4535829000,4123,4000,4000,-123,-2.98,4094,-29,-0.7,4000,4169,1399-8-17
395,مداران,داده‌پردازي‌ايران‌,67,136469,3033954210,23310,22150,22150,-1160,-4.98,23240,-70,-0.3,22150,23300,1399-8-17
396,گوهر,صندوق سكه طلاي كيان,67,190263,12926658483,75489,67941,67941,-7548,-10.0,67941,-7548,-10.0,67941,67941,1399-8-17
397,دلر,داروسازي‌ اكسير,67,82672,7838132320,99800,94810,94810,-4990,-5.0,98980,-820,-0.82,94810,94810,1399-8-17
398,دسينا,داروسازي‌ سينا,67,110050,2695796690,25770,24490,24490,-1280,-4.97,25700,-70,-0.27,24490,25340,1399-8-17
399,وپخش,داروپخش‌ (هلدينگ‌,66,165136,17641730880,112450,106830,106830,-5620,-5.0,110360,-2090,-1.86,106830,112140,1399-8-17
400,تسه9806,امتياز تسهيلات مسكن شهريور98,66,1208,944154715,779302,763000,767000,-12302,-1.58,781585,2283,0.29,763000,818200,1399-8-17
401,قمرو,قند مرودشت‌,66,180986,5739066060,35230,31710,31710,-3520,-9.99,34780,-450,-1.28,31710,31710,1399-8-17
402,فايرا,آلومينيوم‌ايران‌,66,210869,3780881170,18870,17930,17930,-940,-4.98,18800,-70,-0.37,17930,17930,1399-8-17
403,اخزا811,اسنادخزانه-م11بودجه98-001013,66,209849,172669260909,818775,819089,819489,714,0.09,822826,4051,0.49,819089,829500,1399-8-17
404,زر,صندوق س.پشتوانه سكه طلاي زر,65,128849,7338208248,63280,56952,56952,-6328,-10.0,56952,-6328,-10.0,56952,56952,1399-8-17
405,دتوليد,داروسازي توليد دارو,64,162163,4821105990,31294,29730,29730,-1564,-5.0,31135,-159,-0.51,29730,29730,1399-8-17
406,فيروزا,صندوق بادرآمد ثابت فيروزه آسيا,64,327240,6916829277,21077,21029,21160,83,0.39,21137,60,0.28,21029,21160,1399-8-17
407,پرداخت,به پرداخت ملت,64,288033,11845365240,43280,41120,41120,-2160,-4.99,42740,-540,-1.25,41120,43200,1399-8-17
408,سبجنو,سيمان‌ بجنورد,63,75698,2248536300,31070,29570,30220,-850,-2.74,31010,-60,-0.19,29560,30980,1399-8-17
409,شجم,صنايع پتروشيمي تخت جمشيد,61,564420,4184139220,7642,7417,7413,-229,-3.0,7593,-49,-0.64,7413,7417,1399-8-17
410,شيراز,پتروشيمي‌شيراز,59,388163,18550309770,50300,47790,47790,-2510,-4.99,49810,-490,-0.97,47790,47790,1399-8-17
411,وسرمد,بيمه  سرمد,58,505620,2786471820,5681,5511,5511,-170,-2.99,5657,-24,-0.42,5511,5511,1399-8-17
412,ولشرق,ليزينگ ايران و شرق,58,1209827,7927996331,6897,6553,6553,-344,-4.99,6840,-57,-0.83,6553,6553,1399-8-17
413,ضخود1045,اختيارخ خودرو-4500-1399/10/07,58,2309,510962000,219,380,187,-32,-14.61,221,2,0.91,187,380,1399-8-17
414,دتماد,توليدمواداوليه‌داروپخش‌,57,253410,10453162500,43420,41250,41250,-2170,-5.0,42940,-480,-1.11,41250,41250,1399-8-17
415,تسه9807,امتياز تسهيلات مسكن مهر98,55,1036,791720561,786519,747994,747194,-39325,-5.0,764209,-22310,-2.84,747194,779999,1399-8-17
416,پاسا,ايران‌ياساتايرورابر,55,587102,10832031900,19420,18450,18450,-970,-4.99,19200,-220,-1.13,18450,18450,1399-8-17
417,شاوان,پالايش نفت لاوان,55,12779,1084528172,89334,84868,84868,-4466,-5.0,89232,-102,-0.11,84868,84868,1399-8-17
418,شبصير,توليدات پتروشيمي قائد بصير,54,90589,9319071608,108286,102872,102872,-5414,-5.0,107224,-1062,-0.98,102872,102872,1399-8-17
419,هاباد912,اختيارف ت آبادا-30100-99/12/12,54,31988,320231868,10026,10011,10011,-15,-0.15,10011,-15,-0.15,10011,10011,1399-8-17
420,اخزا809,اسنادخزانه-م9بودجه98-000923,54,133792,110796154449,824994,826000,828000,3006,0.36,828122,3128,0.38,825173,830000,1399-8-17
421,اخزا812,اسنادخزانه-م12بودجه98-001111,53,186690,150367010547,804415,805144,805600,1185,0.15,805437,1022,0.13,799002,806000,1399-8-17
422,وپويا,سرمايه گذاري پويا,53,158134,1656769918,11028,10477,10477,-551,-5.0,11009,-19,-0.17,10477,10477,1399-8-17
423,سباقر,سيمان باقران,53,185208,2685701208,14949,14501,14501,-448,-3.0,14887,-62,-0.41,14501,14501,1399-8-17
424,سبهان,سيمان‌ بهبهان‌,52,27348,1474960800,56680,55900,53850,-2830,-4.99,56590,-90,-0.16,53850,55900,1399-8-17
425,وسناح,ح. سرمايه گذاري نيروگاهي ايران,52,440366,4439329646,10392,10081,10081,-311,-2.99,10081,-311,-2.99,10081,10081,1399-8-17
426,اخزا806,اسنادخزانه-م6بودجه98-000519,52,109960,96781271952,876701,877501,878150,1449,0.17,880150,3449,0.39,876735,885999,1399-8-17
427,خاذين,سايپاآذين‌,50,1967130,12904372800,6900,6560,6560,-340,-4.93,6810,-90,-1.3,6560,6560,1399-8-17
428,ضملي1153,اختيارخ فملي-20280-1399/11/05,50,1414,298176000,505,209,205,-300,-59.41,211,-294,-58.22,100,289,1399-8-17
429,زمگسا,كشاورزي‌ ودامپروي‌ مگسال‌,49,90763,2413388170,27980,26590,26590,-1390,-4.97,27910,-70,-0.25,26590,26590,1399-8-17
430,فخاس,فولاد خراسان,49,245541,7791015930,33400,31730,31730,-1670,-5.0,33260,-140,-0.42,31730,31730,1399-8-17
431,بهپاك,صنعتي بهپاك,49,75728,2271158448,31569,29991,29991,-1578,-5.0,31494,-75,-0.24,29991,29991,1399-8-17
432,فزرين,زرين معدن آسيا,49,362144,6321585664,18374,17456,17456,-918,-5.0,18252,-122,-0.66,17456,17456,1399-8-17
433,پلاسك,پلاسكوكار,49,1624283,13627734370,8830,8390,8390,-440,-4.98,8700,-130,-1.47,8390,8390,1399-8-17
434,شتولي,تولي‌پرس‌,48,631739,14843971283,23037,23497,23497,460,2.0,23497,460,2.0,23497,23497,1399-8-17
435,ونيرو,سرمايه‌گذاري‌نيرو,48,166990,738095800,4650,4420,4420,-230,-4.95,4650,0,0.0,4420,4420,1399-8-17
436,درهآور,دارويي ره آورد تامين,48,121400,3494013400,30295,28781,28781,-1514,-5.0,30184,-111,-0.37,28781,28781,1399-8-17
437,ساروم,سيمان‌اروميه‌,48,59731,1279438020,22540,21420,21420,-1120,-4.97,22510,-30,-0.13,21420,21420,1399-8-17
438,زعف9908پ05,زعفران9908نگين زرين(پ),47,22295,1834464799,86164,86930,83750,-2414,-2.8,82281,-3883,-4.51,79100,86930,1399-8-17
439,ضملي1148,اختيارخ فملي-10140-1399/11/05,47,241,876072000,5199,2200,3580,-1619,-31.14,3635,-1564,-30.08,2200,4500,1399-8-17
440,سهگمت,سيمان‌هگمتان‌,47,230343,4316838990,19720,18740,18740,-980,-4.97,19630,-90,-0.46,18740,19000,1399-8-17
441,سفارود,كارخانه فارسيت درود,46,449724,4058759100,8849,9025,9025,176,1.99,8919,70,0.79,9025,9025,1399-8-17
442,افران,صندوق س افرا نماد پايدار-ثابت,46,137575,1645706862,11931,11980,11980,49,0.41,11962,31,0.26,11950,11980,1399-8-17
443,شكبير,پتروشيمي اميركبير,46,77524,4389641791,58374,56623,56623,-1751,-3.0,58280,-94,-0.16,56623,56624,1399-8-17
444,اخزا814,اسنادخزانه-م14بودجه98-010318,45,76591,57405633603,748139,749077,749476,1337,0.18,749509,1370,0.18,749077,750000,1399-8-17
445,ضغدر1119,اختيارخ وغدير-10000-1399/11/26,45,2942,4911030000,3173,2300,1750,-1423,-44.85,1669,-1504,-47.4,1550,2300,1399-8-17
446,ضخود1040,اختيارخ خودرو-2000-1399/10/07,44,707,1060134000,1443,1981,1430,-13,-0.9,1499,56,3.88,1410,1981,1399-8-17
447,خصدرا,صنعتي‌ دريايي‌ ايران‌,44,207649,1160550261,5761,5589,5589,-172,-2.99,5758,-3,-0.05,5589,5589,1399-8-17
448,ضچاد1014,اختيارخ كچاد-14000-1399/10/02,44,343,743532000,3523,2500,2026,-1497,-42.49,2168,-1355,-38.46,2009,2500,1399-8-17
449,زكشت,كشاورزي مكانيزه اصفهان كشت,43,247075,6683424788,28471,27070,27048,-1423,-5.0,28271,-200,-0.7,27048,27081,1399-8-17
450,هصادر912,اختيارف ت صادرات-3750-99/12/23,43,1000000,371000000,274,371,371,97,35.4,371,97,35.4,371,371,1399-8-17
451,غبهنوش,بهنوش‌ ايران‌,42,225532,12641068600,59000,56050,56050,-2950,-5.0,58210,-790,-1.34,56050,56050,1399-8-17
452,دسبحا,گروه دارويي سبحان,41,164793,2612487120,16680,15850,15850,-830,-4.98,16630,-50,-0.3,15850,16400,1399-8-17
453,اعتلا,شركت سرمايه گذاري اعتلاء البرز,39,376374,3517215030,9836,9345,9345,-491,-4.99,9800,-36,-0.37,9345,9345,1399-8-17
454,سدشت,صنايع سيمان دشتستان,39,19439,708840910,38080,37160,36350,-1730,-4.54,38060,-20,-0.05,36320,37160,1399-8-17
455,سقاين,سيمان‌ قائن‌,38,51243,1947234000,39990,38000,38000,-1990,-4.98,39910,-80,-0.2,38000,38000,1399-8-17
456,دفارا,داروسازي‌ فارابي‌,38,109204,6804501240,65580,62310,62310,-3270,-4.99,65110,-470,-0.72,62310,62310,1399-8-17
457,كماسه,تامين‌ ماسه‌ ريخته‌گري‌,37,38364,1905923520,52290,49680,49680,-2610,-4.99,52190,-100,-0.19,49680,49680,1399-8-17
458,دپارس,پارس‌ دارو,37,60730,6035908860,104490,99500,99270,-5220,-5.0,103840,-650,-0.62,99270,104680,1399-8-17
459,وآرين,شركت توسعه اقتصادي آرين,37,244230,1297349760,5476,5312,5312,-164,-2.99,5465,-11,-0.2,5312,5312,1399-8-17
460,كساپا,سايپاشيشه‌,37,726101,13948400210,20220,19210,19210,-1010,-5.0,19920,-300,-1.48,19210,19210,1399-8-17
461,فجام,جام‌دارو,37,34350,1705821000,52270,49660,49660,-2610,-4.99,52180,-90,-0.17,49660,49660,1399-8-17
462,اخزا902,اسنادخزانه-م2بودجه99-011019,37,90009,59535566103,658273,658029,662300,4027,0.61,661440,3167,0.48,658000,679999,1399-8-17
463,تسه9805,امتياز تسهيلات مسكن مرداد98,37,276,211938363,784111,745499,770000,-14111,-1.8,767893,-16218,-2.07,744910,780000,1399-8-17
464,اخزا821,اسنادخزانه-م21بودجه98-020906,37,43220,24709914870,564402,568999,572450,8048,1.43,571724,7322,1.3,568999,580000,1399-8-17
465,شرنگي,شيميايي رنگين,36,20777,2174188388,107880,104644,104644,-3236,-3.0,107517,-363,-0.34,104644,104644,1399-8-17
466,نمرينو,ايران‌ مرينوس‌,36,18071,1022688110,57380,58900,54520,-2860,-4.98,57360,-20,-0.03,54520,58900,1399-8-17
467,ثباغ,شهر سازي و خانه سازي باغميشه,36,137778,4504513932,34414,32694,32694,-1720,-5.0,34251,-163,-0.47,32694,32694,1399-8-17
468,صنوين,صندوق سرمايه‌گذاري صنوين-مختلط,35,12187,1219784660,100630,100000,100000,-630,-0.63,100090,-540,-0.54,100000,101990,1399-8-17
469,تسه9804,امتياز تسهيلات مسكن تير98,35,384,293504659,789119,750000,764335,-24784,-3.14,764335,-24784,-3.14,750000,780000,1399-8-17
470,قشهد,شهد,35,59858,1681411220,29560,28090,28090,-1470,-4.97,29510,-50,-0.17,28090,28090,1399-8-17
471,پكويرح,ح. كوير تاير,34,1069634,11237408000,11500,11000,10500,-1000,-8.7,10510,-990,-8.61,10500,11000,1399-8-17
472,اخزا721,اسنادخزانه-م21بودجه97-000728,34,75358,64713237635,854264,854282,854682,418,0.05,858744,4480,0.52,854282,869001,1399-8-17
473,ضخود1046,اختيارخ خودرو-5000-1399/10/07,33,564,103656000,172,241,184,12,6.98,184,12,6.98,158,241,1399-8-17
474,حفارس,حمل و نقل بين المللي خليج فارس,33,132515,575115100,4560,4340,4340,-220,-4.82,4560,0,0.0,4340,4340,1399-8-17
475,سفانو,سيمان فارس نو,33,31392,929493810,30760,29230,29230,-1530,-4.97,30740,-20,-0.07,29230,30940,1399-8-17
476,زگلدشت,كشت و دام گلدشت نمونه اصفهان,33,54684,1709859312,32913,31268,31268,-1645,-5.0,32854,-59,-0.18,31268,31268,1399-8-17
477,ضپاس1003,اختيارخ وپارس-3500-1399/10/30,33,446,155686000,417,455,300,-117,-28.06,349,-68,-16.31,212,455,1399-8-17
478,كفپارس,فرآورده‌هاي‌ نسوز پارس‌,33,78291,725757570,9750,9270,9270,-480,-4.92,9740,-10,-0.1,9270,9270,1399-8-17
479,وبهمن,سرمايه‌گذاري‌بهمن‌,33,526477,6301929690,12590,11970,11970,-620,-4.92,12510,-80,-0.64,11970,11970,1399-8-17
480,مرقام,ايران‌ارقام‌,33,79419,1808370630,23960,22770,22770,-1190,-4.97,23910,-50,-0.21,22770,22770,1399-8-17
481,زعف9908پ16,زعفران9908نگين بيرجند(پ),33,8975,745922529,82211,83500,83999,1788,2.17,83111,900,1.09,78660,83999,1399-8-17
482,اميد,تامين سرمايه اميد,32,68724,746342640,11430,10860,10860,-570,-4.99,11420,-10,-0.09,10860,10860,1399-8-17
483,وملت,سرمايه گذاري ملت,32,139548,702903276,5246,5037,5037,-209,-3.98,5231,-15,-0.29,5037,5037,1399-8-17
484,ضخود1048,اختيارخ خودرو-7000-1399/10/07,31,1579,135973000,98,138,82,-16,-16.33,86,-12,-12.24,80,138,1399-8-17
485,هجرت,پخش هجرت,31,53089,2844986421,56409,53589,53589,-2820,-5.0,56240,-169,-0.3,53589,53589,1399-8-17
486,الماس,صندوق س.امين تدبيرگران فردا-س,31,9042,976661000,111011,108000,108000,-3011,-2.71,108014,-2997,-2.7,108000,110500,1399-8-17
487,خريخت,صنايع‌ريخته‌گري‌ايران‌,30,1047921,4967145540,4980,4740,4740,-240,-4.82,4950,-30,-0.6,4740,4740,1399-8-17
488,ددام,داروسازي زاگرس فارمد پارس,30,134122,1692619640,13280,12620,12620,-660,-4.97,13260,-20,-0.15,12620,12620,1399-8-17
489,فسرب,ملي‌ سرب‌وروي‌ ايران‌,30,22236,2463081720,116590,110770,110770,-5820,-4.99,116290,-300,-0.26,110770,110770,1399-8-17
490,غنوش,نوش‌ مازندران‌,30,41464,2892943280,73440,69770,69770,-3670,-5.0,73220,-220,-0.3,69770,69770,1399-8-17
491,اخزا820,اسنادخزانه-م20بودجه98-020806,29,71603,41726169025,572003,579999,582500,10497,1.84,582743,10740,1.88,579999,586500,1399-8-17
492,غبشهر,صنعتي‌ بهشهر,29,33576,737664720,23120,21970,21970,-1150,-4.97,23100,-20,-0.09,21970,21970,1399-8-17
493,ضفلا8080,اختيارخ فولاد-11775-1399/08/28,28,267,157688000,2500,900,400,-2100,-84.0,591,-1909,-76.36,400,900,1399-8-17
494,گنجين,صندوق س. گنجينه يكم آويد-د,28,909251,10526406012,11575,11580,11577,2,0.02,11577,2,0.02,11577,11580,1399-8-17
495,خكار,ايركا پارت صنعت,28,411353,13266134250,33940,32250,32250,-1690,-4.98,33470,-470,-1.38,32250,32250,1399-8-17
496,اخزا810,اسنادخزانه-م10بودجه98-001006,27,37266,30853011818,825483,825886,826286,803,0.1,827913,2430,0.29,825886,835000,1399-8-17
497,كي بي سي,شركت كي بي سي,27,90961,2783770444,32214,30604,30604,-1610,-5.0,32120,-94,-0.29,30604,30604,1399-8-17
498,گپارس,امور رفاهي كارگزاران پارس,26,9209,1238932815,128129,134535,134535,6406,5.0,128507,378,0.3,134535,134535,1399-8-17
499,شپارس,بين‌ المللي‌ محصولات‌  پارس‌,26,68642,962360840,14750,14020,14020,-730,-4.95,14740,-10,-0.07,14020,14020,1399-8-17
500,ديران,ايران‌دارو,26,95629,1678288950,18470,17550,17550,-920,-4.98,18440,-30,-0.16,17550,17550,1399-8-17
501,ضپار8019,اختيارخ خپارس-3800-1399/08/18,26,295,396170000,2155,2000,1300,-855,-39.68,1343,-812,-37.68,1103,2000,1399-8-17
502,سكرما,سيمان‌ كرمان‌,26,81175,1034981250,13420,12750,12750,-670,-4.99,13410,-10,-0.07,12750,12750,1399-8-17
503,خاور,ايران خودرو ديزل,25,83753,524545039,6592,6263,6263,-329,-4.99,6583,-9,-0.14,6263,6263,1399-8-17
504,پيزد,مجتمع صنايع لاستيك يزد,25,2821,268082451,100032,95031,95031,-5001,-5.0,100004,-28,-0.03,95031,95031,1399-8-17
505,زعف9908پ15,زعفران9908پوشالمعمول طلاسرخ(پ),25,3311,275748619,78058,79786,81554,3496,4.48,83283,5225,6.69,79785,86979,1399-8-17
506,ضترا1118,اختيارخ شتران-12000-1399/11/14,25,294,363923000,2105,1990,1080,-1025,-48.69,1238,-867,-41.19,1011,1990,1399-8-17
507,اخزا813,اسنادخزانه-م13بودجه98-010219,25,52258,39780677990,759661,759759,761000,1339,0.18,761236,1575,0.21,759759,775000,1399-8-17
508,تكشا,گسترش‌صنايع‌وخدمات‌كشاورزي‌,24,144760,10490757200,76280,72470,72470,-3810,-4.99,75440,-840,-1.1,72470,72470,1399-8-17
509,ضفلا8081,اختيارخ فولاد-12775-1399/08/28,24,404,85639000,1722,300,100,-1622,-94.19,212,-1510,-87.69,100,400,1399-8-17
510,خمهر,مهركام‌پارس‌,24,66516,455634600,7210,6850,6850,-360,-4.99,7210,0,0.0,6850,6850,1399-8-17
511,زعف9908پ08,زعفران9908نگين روستا(پ),24,3255,282960690,86248,86940,86940,692,0.8,86931,683,0.79,86850,86940,1399-8-17
512,ضخود1041,اختيارخ خودرو-2500-1399/10/07,24,355,399123000,1212,801,1150,-62,-5.12,1124,-88,-7.26,801,1499,1399-8-17
513,وليز,ليزينگ‌ايران‌,23,48113,427243440,9340,8880,8880,-460,-4.93,9340,0,0.0,8880,8880,1399-8-17
514,آسام,صندوق س.آرمان سپهر آشنا-م,23,26610,2526397000,97048,94000,96000,-1048,-1.08,94942,-2106,-2.17,94000,96000,1399-8-17
515,غويتا,ويتانا,23,9510,437640690,48441,46019,46019,-2422,-5.0,48419,-22,-0.05,46019,46019,1399-8-17
516,هغدير912,اختيارف ت غدير-17380-99/12/16,23,300000,1389900000,4647,4633,4633,-14,-0.3,4633,-14,-0.3,4633,4633,1399-8-17
517,ثروتم,صندوق س. ثروت آفرين پارسيان-س,23,16070,1455235540,90830,91000,90000,-830,-0.91,90556,-274,-0.3,89000,91995,1399-8-17
518,ولانا,شركت ليزينگ آريا دانا,22,215984,4383827248,20924,20297,20297,-627,-3.0,20782,-142,-0.68,20297,20297,1399-8-17
519,شراز,پالايش نفت شيراز,21,8528,775016112,95662,90879,90879,-4783,-5.0,95584,-78,-0.08,90879,90879,1399-8-17
520,چكاوه,صنايع‌كاغذسازي‌كاوه‌,21,37589,1335537170,37400,35530,35530,-1870,-5.0,37350,-50,-0.13,35530,35530,1399-8-17
521,اخزا807,اسنادخزانه-م7بودجه98-000719,21,54708,46791758277,854695,863426,855051,356,0.04,855300,605,0.07,854933,863426,1399-8-17
522,فرآور,فرآوري‌موادمعدني‌ايران‌,21,25783,520558770,21250,20190,20190,-1060,-4.99,21240,-10,-0.05,20190,20190,1399-8-17
523,غمينو,شركت صنايع غذايي مينو شرق,21,53643,947174451,18586,17657,17657,-929,-5.0,18567,-19,-0.1,17657,17657,1399-8-17
524,ضمخا1023,اختيارخ اخابر-12000-1399/10/30,20,517,901550000,2211,1800,1600,-611,-27.63,1744,-467,-21.12,1600,2000,1399-8-17
525,داوه,داروسازي آوه سينا,20,24538,383479864,16450,15628,15628,-822,-5.0,16443,-7,-0.04,15628,15628,1399-8-17
526,رتكو,كنترل‌خوردگي‌تكين‌كو,20,67768,1038883440,16130,15330,15330,-800,-4.96,16110,-20,-0.12,15330,15330,1399-8-17
527,شپاس,نفت پاسارگاد,20,37865,795240730,22107,21002,21002,-1105,-5.0,22088,-19,-0.09,21002,21002,1399-8-17
528,دجابر,داروسازي‌ جابرابن‌حيان‌,20,40733,1438282230,37160,35310,35310,-1850,-4.98,37100,-60,-0.16,35310,35310,1399-8-17
529,سپاها,سيمان‌سپاهان‌,20,58717,475607700,8520,8100,8100,-420,-4.93,8520,0,0.0,8100,8100,1399-8-17
530,وتوس,توسعه‌شهري‌توس‌گستر,20,15921,512178570,33860,32170,32170,-1690,-4.99,33840,-20,-0.06,32170,32170,1399-8-17
531,لابسا,آبسال‌,20,24291,714884130,30970,29430,29430,-1540,-4.97,30950,-20,-0.06,29430,29430,1399-8-17
532,فيروزه2,صندوق شاخص30 شركت فيروزه- سهام,20,200000,200000,157870,1,1,-157869,-100.0,1,-157869,-100.0,1,1,1399-8-17
533,وكادو,تكادو,19,60851,949214749,16420,15599,15599,-821,-5.0,16379,-41,-0.25,15599,15599,1399-8-17
534,اخزا903,اسنادخزانه-م3بودجه99-011110,19,41597,27309662754,652031,656990,655620,3589,0.55,656530,4499,0.69,654301,657000,1399-8-17
535,اخزا804,اسنادخزانه-م4بودجه98-000421,19,17880,15925710610,889542,890511,890910,1368,0.15,890700,1158,0.13,890511,892000,1399-8-17
536,ضفلا8079,اختيارخ فولاد-10775-1399/08/28,19,244,334401000,3145,2000,1005,-2140,-68.04,1370,-1775,-56.44,1001,2000,1399-8-17
537,سكه9912پ04,سكه تمام بهارتحويل1روزه صادرات,19,31400,41249866000,1382831,1313690,1313690,-69141,-5.0,1313690,-69141,-5.0,1313690,1313690,1399-8-17
538,نگين,ص.س. زمين و ساختمان نگين شهرري,19,18202,910810630,50030,50700,50020,-10,-0.02,50040,10,0.02,50000,50700,1399-8-17
539,ثتران,سرمايه گذاري مسكن تهران,19,63513,328933827,5451,5179,5179,-272,-4.99,5449,-2,-0.04,5179,5179,1399-8-17
540,دفرا,فرآورده‌هاي‌ تزريقي‌ ايران‌,19,220773,4985721600,23760,23760,22580,-1180,-4.97,23640,-120,-0.51,22580,23760,1399-8-17
541,كصدف,كاشي صدف سرام استقلال آباده,18,116572,2308708460,19229,19805,19805,576,3.0,19294,65,0.34,19805,19805,1399-8-17
542,سخند,صندوق س.سپهرخبرگان نفت-د,18,179850,1798798200,10133,10010,10001,-132,-1.3,10002,-131,-1.29,10000,10015,1399-8-17
543,تكنار,مجتمع معادن مس تكنار,17,9956,928008716,98116,93211,93211,-4905,-5.0,97876,-240,-0.24,93211,93211,1399-8-17
544,كمنگنز,معادن‌منگنزايران‌,17,8643,816417780,99430,94460,94460,-4970,-5.0,99340,-90,-0.09,94460,94460,1399-8-17
545,بزاگرس,نيروگاه زاگرس كوثر,17,181187,2545677350,14789,14050,14050,-739,-5.0,14749,-40,-0.27,14050,14050,1399-8-17
546,شكربن,كربن‌ ايران‌,16,18197,1312003700,75890,72100,72100,-3790,-4.99,75790,-100,-0.13,72100,72100,1399-8-17
547,غالبر,لبنيات‌ كالبر,16,14144,171283840,12740,12110,12110,-630,-4.95,12740,0,0.0,12110,12110,1399-8-17
548,خكمك,كمك‌فنرايندامين‌,16,265365,13976774550,55440,52670,52670,-2770,-5.0,54620,-820,-1.48,52670,52670,1399-8-17
549,ضملت8025,اختيارخ وبملت-3616-1399/08/28,16,165,540545435,1300,1001,939,-361,-27.77,791,-509,-39.15,632,1001,1399-8-17
550,شاملا,معدني‌ املاح‌  ايران‌,15,44981,2850445970,66700,63370,63370,-3330,-4.99,66500,-200,-0.3,63370,63370,1399-8-17
551,اخزا704,اسنادخزانه-م4بودجه97-991022,15,28230,27430255523,969172,971000,972000,2828,0.29,971670,2498,0.26,971000,972500,1399-8-17
552,خشرق,الكتريك‌ خودرو شرق‌,14,7670,146573700,20110,19110,19110,-1000,-4.97,20110,0,0.0,19110,19110,1399-8-17
553,غشاذر,پگاه‌آذربايجان‌غربي‌,14,65415,1261201200,20290,19280,19280,-1010,-4.98,20260,-30,-0.15,19280,19280,1399-8-17
554,خلنت,لنت‌ ترمزايران‌,14,2330,203199300,91800,87210,87210,-4590,-5.0,91780,-20,-0.02,87210,87210,1399-8-17
555,تصميم2,صندوق س با درآمد ثابت تصميم,14,1400000,1400000,14799,1,1,-14798,-99.99,1,-14798,-99.99,1,1,1399-8-17
556,سشمال,سيمان‌ شمال‌,14,35223,318063690,9500,9030,9030,-470,-4.95,9500,0,0.0,9030,9030,1399-8-17
557,غپونه,نوش پونه مشهد,14,14737,226021369,16144,15337,15337,-807,-5.0,16134,-10,-0.06,15337,15337,1399-8-17
558,اتكام,شركت بيمه اتكايي امين,14,16848,127404576,7960,7562,7562,-398,-5.0,7959,-1,-0.01,7562,7562,1399-8-17
559,بمپنا,توليد برق عسلويه  مپنا,14,1659,130476745,82699,80679,78565,-4134,-5.0,82688,-11,-0.01,78565,80679,1399-8-17
560,خوساز,محورسازان‌ايران‌خودرو,13,99127,865378710,9180,8730,8730,-450,-4.9,9170,-10,-0.11,8730,8730,1399-8-17
561,وتعاون,بيمه  تعاون,13,418421,2505504948,6173,5988,5988,-185,-3.0,6149,-24,-0.39,5988,5988,1399-8-17
562,خعمرا,توسعه و عمران شهرستان نائين,13,167034,2677889088,15566,16032,16032,466,2.99,15627,61,0.39,16032,16032,1399-8-17
563,وسگلستا,شركت س استان گلستان,13,379169,447419420,1240,1180,1180,-60,-4.84,1240,0,0.0,1180,1180,1399-8-17
564,خكاوه,سايپا ديزل,13,46463,258427206,5854,5562,5562,-292,-4.99,5850,-4,-0.07,5562,5562,1399-8-17
565,غگلستا,شير پاستوريزه پگاه گلستان,13,17419,253969020,15347,14580,14580,-767,-5.0,15343,-4,-0.03,14580,14580,1399-8-17
566,تبرك,گروه كارخانجات صنعتي تبرك,12,4322,114424950,27868,26475,26475,-1393,-5.0,27865,-3,-0.01,26475,26475,1399-8-17
567,فلوله,لوله‌وماشين‌سازي‌ايران‌,12,9936,215412480,22820,21680,21680,-1140,-5.0,22810,-10,-0.04,21680,21680,1399-8-17
568,غمهرا,توليدي‌مهرام‌,12,1217,57332870,49580,47110,47110,-2470,-4.98,49580,0,0.0,47110,47110,1399-8-17
569,سكه0012پ01,سكه تمام بهارتحويلي 1روزه رفاه,12,6600,8670354000,1382831,1313690,1313690,-69141,-5.0,1313690,-69141,-5.0,1313690,1313690,1399-8-17
570,ثعمرا,عمران و توسعه شاهد,12,164300,2586246300,16569,15741,15741,-828,-5.0,16524,-45,-0.27,15741,15741,1399-8-17
571,زعف9908پ11,زعفران9908نگين سحرخيز(پ),12,5335,463824900,86248,86940,86940,692,0.8,86940,692,0.8,86940,86940,1399-8-17
572,غچين,كشت‌ و صنعت‌ چين‌ چين,12,16826,681284740,42620,40490,40490,-2130,-5.0,42590,-30,-0.07,40490,40490,1399-8-17
573,سمايه,بانك سرمايه,11,203429,1887821120,9567,9280,9280,-287,-3.0,9539,-28,-0.29,9280,9280,1399-8-17
574,وسبوشهر,شركت س استان بوشهر,11,173339,208006800,1260,1200,1200,-60,-4.76,1260,0,0.0,1200,1200,1399-8-17
575,گوهر2,صندوق سكه طلاي كيان,11,110000,110000,75489,1,1,-75488,-100.0,1,-75488,-100.0,1,1,1399-8-17
576,كسعدي,كاشي‌ سعدي‌,11,7501,429507260,60270,57260,57260,-3010,-4.99,60240,-30,-0.05,57260,57260,1399-8-17
577,سرود,سيمان‌شاهرود,11,12779,174561140,14370,13660,13660,-710,-4.94,14370,0,0.0,13660,13660,1399-8-17
578,اخزا713,اسنادخزانه-م13بودجه97-000518,11,20586,18079157292,874366,874596,876330,1964,0.22,878226,3860,0.44,874596,880000,1399-8-17
579,ضصاد1100,اختيارخ وبصادر-2500-1399/11/12,11,165,139220000,1233,1000,880,-353,-28.63,844,-389,-31.55,800,1000,1399-8-17
580,سكرد,سيمان كردستان,10,25803,246160620,10040,9540,9540,-500,-4.98,10040,0,0.0,9540,9540,1399-8-17
581,كمينا,شيشه سازي مينا,10,27117,804561390,30587,29670,29670,-917,-3.0,30549,-38,-0.12,29670,29670,1399-8-17
582,قلرست,قند لرستان‌,10,16706,364357860,22950,21810,21810,-1140,-4.97,22940,-10,-0.04,21810,21810,1399-8-17
583,اخزا716,اسنادخزانه-م16بودجه97-000407,10,70009,62659223816,893880,894500,894809,929,0.1,895017,1137,0.13,894500,899000,1399-8-17
584,وسنا,سرمايه گذاري نيروگاهي ايران,10,37665,540530415,15106,14351,14351,-755,-5.0,15085,-21,-0.14,14351,14351,1399-8-17
585,واتي,سرمايه‌ گذاري‌ آتيه‌ دماوند,10,73068,968151000,13940,13250,13250,-690,-4.95,13930,-10,-0.07,13250,13250,1399-8-17
586,ضچاد1017,اختيارخ كچاد-20000-1399/10/02,10,273,136770000,1002,590,500,-502,-50.1,501,-501,-50.0,500,590,1399-8-17
587,عيار2,صندوق س. پشتوانه طلاي مفيد,10,100000,100000,36969,1,1,-36968,-100.0,1,-36968,-100.0,1,1,1399-8-17
588,ضبدر8056,اختيارخ شبندر-21580-1399/08/18,9,28,56756000,4240,2401,1541,-2699,-63.66,2027,-2213,-52.19,1520,2401,1399-8-17
589,غپاك,لبنيات‌ پاك‌,9,13093,160782040,12920,12280,12280,-640,-4.95,12920,0,0.0,12280,12280,1399-8-17
590,تكمبا,كمباين‌ سازي‌ ايران‌,9,13076,125268080,10080,9580,9580,-500,-4.96,10080,0,0.0,9580,9580,1399-8-17
591,شفارا,پتروشيمي فارابي,9,69937,361224605,5324,5165,5165,-159,-2.99,5321,-3,-0.06,5165,5165,1399-8-17
592,ثشرق,سرمايه گذاري مسكن شمال شرق,9,160742,895332940,5860,5570,5570,-290,-4.95,5850,-10,-0.17,5570,5570,1399-8-17
593,شسم,توليد سموم‌ علف‌ كش,9,10995,931661325,81476,84735,84735,3259,4.0,81768,292,0.36,84735,84735,1399-8-17
594,سغرب,سيمان‌غرب‌,9,11260,207184000,19360,18400,18400,-960,-4.96,19360,0,0.0,18400,18400,1399-8-17
595,نطرين,عطرين نخ قم,9,59191,897809088,15966,15168,15168,-798,-5.0,15951,-15,-0.09,15168,15168,1399-8-17
596,سايرا,ايرانيت‌,9,6356,233982674,36126,36847,35405,-721,-2.0,36142,16,0.04,35405,36848,1399-8-17
597,قشير,قند شيروان قوچان و بجنورد,9,21332,491830592,24269,23056,23056,-1213,-5.0,24256,-13,-0.05,23056,23056,1399-8-17
598,داريك,صندوق س.اعتماد داريك-د,9,10001,100188170,10034,10020,10050,16,0.16,10018,-16,-0.16,10000,10050,1399-8-17
599,فنفت,صنايع تجهيزات نفت,8,9759,134771790,14536,13810,13810,-726,-4.99,14531,-5,-0.03,13810,13810,1399-8-17
600,كابگن,توليدي و صنعتي آبگينه‌,8,43621,211867197,4809,4857,4857,48,1.0,4811,2,0.04,4857,4857,1399-8-17
601,ضفلا1154,اختيارخ فولاد-12000-1399/11/28,8,108,211358000,4015,2000,2000,-2015,-50.19,1957,-2058,-51.26,1914,2000,1399-8-17
602,حپارسا,توسعه حمل و نقل ريلي پارسيان,8,13179,388978185,31068,29515,29515,-1553,-5.0,31055,-13,-0.04,29515,29515,1399-8-17
603,فسا,پتروشيمي فسا,8,35479,104379218,3032,2942,2942,-90,-2.97,3032,0,0.0,2942,2942,1399-8-17
604,تملي612,تسهيلات مسكن بانك ملي-اسفند96,8,66,58212000,840000,882000,882000,42000,5.0,882000,42000,5.0,882000,882000,1399-8-17
605,ضچاد1016,اختيارخ كچاد-18000-1399/10/02,8,139,114162000,1770,1000,750,-1020,-57.63,821,-949,-53.62,750,1000,1399-8-17
606,ضفلا8060,اختيارخ فولاد-3507-1399/08/28,8,21,253261608,11000,7501,7500,-3500,-31.82,7500,-3500,-31.82,7500,7501,1399-8-17
607,كپرور,فرآوري زغال سنگ پروده طبس,8,5368,242118272,47477,45104,45104,-2373,-5.0,47465,-12,-0.03,45104,45104,1399-8-17
608,ضغدر8043,اختيارخ وغدير-16000-1399/08/26,8,186,2780000,4,15,15,11,275.0,15,11,275.0,5,15,1399-8-17
609,ميهن,بيمه ميهن,8,18375,91801500,5258,4996,4996,-262,-4.98,5257,-1,-0.02,4996,4996,1399-8-17
610,شلعاب,لعابيران‌,8,13229,103053910,8200,7790,7790,-410,-5.0,8200,0,0.0,7790,7790,1399-8-17
611,ثاژن,سخت آژند,8,318000,2687736000,8624,8452,8452,-172,-1.99,8577,-47,-0.54,8452,8452,1399-8-17
612,اخزا723,اسنادخزانه-م23بودجه97-000824,8,32193,27362127300,846966,847000,840000,-6966,-0.82,849940,2974,0.35,840000,850000,1399-8-17
613,سفار,سيمان‌فارس‌,7,1615,139972050,91230,86670,86670,-4560,-5.0,91220,-10,-0.01,86670,86670,1399-8-17
614,وثخوز,سرمايه گذاري و توسعه خوزستان,7,9941,316392207,33502,31827,31827,-1675,-5.0,33474,-28,-0.08,31827,31827,1399-8-17
615,ضملت8033,اختيارخ وبملت-6272-1399/08/28,7,92,7238468,39,20,20,-19,-48.72,19,-20,-51.28,5,21,1399-8-17
616,لكما,كارخانجات‌مخابراتي‌ايران‌,7,10579,112105663,10924,10597,10597,-327,-2.99,10922,-2,-0.02,10597,10597,1399-8-17
617,ضسپا8018,اختيارخ خساپا-2400-1399/08/26,7,138,17306000,203,249,100,-103,-50.74,125,-78,-38.42,91,249,1399-8-17
618,ساربيل,سيمان آرتا اردبيل,7,2381,147098180,65030,61780,61780,-3250,-5.0,65020,-10,-0.02,61780,61780,1399-8-17
619,فالوم,آلومتك‌,7,9442,312360244,34823,33082,33082,-1741,-5.0,34794,-29,-0.08,33082,33082,1399-8-17
620,ضفلا8076,اختيارخ فولاد-8775-1399/08/28,7,34,58975000,5414,1600,1700,-3714,-68.6,1735,-3679,-67.95,1570,2011,1399-8-17
621,بنيرو,نيروترانس‌,7,789,43576470,58130,55230,55230,-2900,-4.99,58130,0,0.0,55230,55230,1399-8-17
622,فولاي,صنايع فولاد آلياژي يزد,7,5231,257715677,51860,49267,49267,-2593,-5.0,51846,-14,-0.03,49267,49267,1399-8-17
623,ساراب,سيمان‌ داراب‌,7,6974,79364120,11970,11380,11380,-590,-4.93,11970,0,0.0,11380,11380,1399-8-17
624,ولملت,واسپاري ملت,7,156182,1699260160,11450,10880,10880,-570,-4.98,11430,-20,-0.17,10880,10880,1399-8-17
625,پسهند,صنايع‌ لاستيكي‌  سهند,7,15240,729538800,50380,47870,47870,-2510,-4.98,50340,-40,-0.08,47870,47870,1399-8-17
626,ضغدر8044,اختيارخ وغدير-17000-1399/08/26,7,115,183000,4,1,1,-3,-75.0,2,-2,-50.0,1,11,1399-8-17
627,كرونا2,تامين مالي جمعي صرفا اهداي سود,7,3869,38690000,10000,10000,10000,0,0.0,10000,0,0.0,10000,10000,1399-8-17
628,كپشير,پشم‌شيشه‌ايران‌,7,26000,438880000,17760,16880,16880,-880,-4.95,17750,-10,-0.06,16880,16880,1399-8-17
629,سكه0011پ02,سكه تمام بهارتحويلي 1روزه ملت,7,6200,8144878000,1382831,1313690,1313690,-69141,-5.0,1313690,-69141,-5.0,1313690,1313690,1399-8-17
630,ضفلا8087,اختيارخ فولاد-18775-1399/08/28,7,36,230000,100,5,1,-99,-99.0,6,-94,-94.0,1,25,1399-8-17
631,اطلس2,صندوق س.توسعه اندوخته آينده-س,7,70000,70000,181711,1,1,-181710,-100.0,1,-181710,-100.0,1,1,1399-8-17
632,طلا2,صندوق س.پشتوانه طلاي لوتوس,7,700000,700000,103557,1,1,-103556,-100.0,1,-103556,-100.0,1,1,1399-8-17
633,كگاز,شيشه‌ و گاز,7,3542,84299600,25050,23800,23800,-1250,-4.99,25050,0,0.0,23800,23800,1399-8-17
634,شستا991,اجاره تامين اجتماعي-امين991226,7,71,71641746,1019980,1019980,990103,-29877,-2.93,1009039,-10941,-1.07,990101,1019980,1399-8-17
635,كتوكا,توليدي و خدمات صنايع نسوز توكا,7,594,71414244,126553,120226,120226,-6327,-5.0,126543,-10,-0.01,120226,120226,1399-8-17
636,دقاضي,داروسازي شهيد قاضي,6,50292,4352973768,89230,86554,86554,-2676,-3.0,88630,-600,-0.67,86554,86554,1399-8-17
637,ضچاد1012,اختيارخ كچاد-10000-1399/10/02,6,26,130005000,6447,5001,5000,-1447,-22.44,5000,-1447,-22.44,5000,5001,1399-8-17
638,سخزر,سيمان‌ خزر,6,9026,219692840,25620,24340,24340,-1280,-5.0,25610,-10,-0.04,24340,24340,1399-8-17
639,پست9908-02,پسته فندقي32-30طلاسبززرند9908,6,63,77157209,1260085,1200000,1222222,-37863,-3.0,1224718,-35367,-2.81,1200000,1279000,1399-8-17
640,جهرم,پتروشيمي جهرم,6,24624,78599808,3290,3192,3192,-98,-2.98,3290,0,0.0,3192,3192,1399-8-17
641,افرا,افرانت,6,105600,5922259200,59033,56082,56082,-2951,-5.0,58665,-368,-0.62,56082,56082,1399-8-17
642,فنوال,نورد آلومينيوم‌,6,2350,78795500,35290,33530,33530,-1760,-4.99,35290,0,0.0,33530,33530,1399-8-17
643,وسيلام,شركت س استان ايلام,6,41963,49516340,1240,1180,1180,-60,-4.84,1240,0,0.0,1180,1180,1399-8-17
644,ضبدر8058,اختيارخ شبندر-25580-1399/08/18,6,57,485000,1373,2,55,-1318,-95.99,9,-1364,-99.34,2,55,1399-8-17
645,ضسپا8017,اختيارخ خساپا-2200-1399/08/26,6,14,3720000,471,300,250,-221,-46.92,266,-205,-43.52,200,300,1399-8-17
646,غفارس,شير پاستوريزه پگاه فارس,6,5612,52472200,9842,9350,9350,-492,-5.0,9841,-1,-0.01,9350,9350,1399-8-17
647,زعف9908پ09,زعفران9908نگين نوين(پ),6,3354,291304870,86248,85990,82605,-3643,-4.22,86853,605,0.7,82605,86940,1399-8-17
648,آ س پ,آ.س.پ,6,9426,107663772,12023,11422,11422,-601,-5.0,12022,-1,-0.01,11422,11422,1399-8-17
649,شستا993,اجاره ت.اجتماعي-كاردان991226,6,132,131658990,980001,999999,989000,8999,0.92,997417,17416,1.78,989000,1000000,1399-8-17
650,ولتجار,واسپاري تجارت وسرمايه ايرانيان,6,6000,35634000,6122,5939,5939,-183,-2.99,6122,0,0.0,5939,5939,1399-8-17
651,لبوتان,گروه‌صنعتي‌بوتان‌,6,1931,129492860,70580,67060,67060,-3520,-4.99,70570,-10,-0.01,67060,67060,1399-8-17
652,سدور,سيمان‌ دورود,6,9500,72485000,8030,7630,7630,-400,-4.98,8030,0,0.0,7630,7630,1399-8-17
653,وثنو,سرمايه گذاري ساختماني نوين,6,10909,158649587,14992,14543,14543,-449,-2.99,14988,-4,-0.03,14543,14543,1399-8-17
654,ضمخا7070,اختيارخ اخابر-20000-1400/07/28,6,27,39300000,1978,1850,1400,-578,-29.22,1456,-522,-26.39,1400,1850,1399-8-17
655,سرو2,صندوق س سروسودمند مدبران-سهام,6,600000,600000,59200,1,1,-59199,-100.0,1,-59199,-100.0,1,1,1399-8-17
656,ضبدر8060,اختيارخ شبندر-29580-1399/08/18,5,33,33000,371,1,1,-370,-99.73,1,-370,-99.73,1,1,1399-8-17
657,ثنظام,س. ساختماني نظام مهندسي ايران,5,3738,159048162,43864,42549,42549,-1315,-3.0,43853,-11,-0.03,42549,42549,1399-8-17
658,داراب,پتروشيمي داراب,5,16330,50149430,3165,3071,3071,-94,-2.97,3165,0,0.0,3071,3071,1399-8-17
659,صينا205,صكوك منفعت سينا دارو-3ماهه 19%,5,464,463893300,983000,1000100,1000000,17000,1.73,999770,16770,1.71,985030,1000100,1399-8-17
660,ضفلا8086,اختيارخ فولاد-17775-1399/08/28,5,202,13090000,513,80,50,-463,-90.25,65,-448,-87.33,40,80,1399-8-17
661,اخزا805,اسنادخزانه-م5بودجه98-000422,5,4797,4277725358,889701,890565,890964,1263,0.14,891750,2049,0.23,890565,895000,1399-8-17
662,ضمخا1024,اختيارخ اخابر-14000-1399/10/30,5,180,163160000,1043,953,900,-143,-13.71,906,-137,-13.14,900,953,1399-8-17
663,ضفلا8068,اختيارخ فولاد-4751-1399/08/28,5,9,91154304,7426,6144,6400,-1026,-13.82,6299,-1127,-15.18,6144,6400,1399-8-17
664,ختراك,ريخته‌گري‌ تراكتورسازي‌ ايران‌,5,1500,15960000,11190,10640,10640,-550,-4.92,11190,0,0.0,10640,10640,1399-8-17
665,ضبدر1157,اختيارخ شبندر-20000-1399/11/19,5,7,31625000,1,4325,5500,5499,549900.0,4518,4517,451700.0,4325,5500,1399-8-17
666,ثاصفا,شركت‌ ساختمان‌ اصفهان‌,5,2900,76496200,27193,26378,26378,-815,-3.0,27190,-3,-0.01,26378,26378,1399-8-17
667,ضملت1126,اختيارخ وبملت-4500-1399/11/28,5,53,68822000,1263,1500,1122,-141,-11.16,1299,36,2.85,1122,1500,1399-8-17
668,ضخوز1014,اختيارخ فخوز-12191-1399/10/16,5,28,59596000,5927,6500,999,-4928,-83.14,2128,-3799,-64.1,999,6500,1399-8-17
669,لازما,كارخانه هاي صنعتي آزمايش,5,7416,226061928,31105,30483,30483,-622,-2.0,31091,-14,-0.05,30483,30483,1399-8-17
670,ضپاس1000,اختيارخ وپارس-2000-1399/10/30,5,28,36278000,1443,1300,1210,-233,-16.15,1296,-147,-10.19,1210,1300,1399-8-17
671,وسكهبو,س.عدالت ا. كهگيلويه وبويراحمد,5,28429,30703320,1130,1080,1080,-50,-4.42,1130,0,0.0,1080,1080,1399-8-17
672,كيش1402,اجاره س. و توسعه كيش14020820,5,2142,2142200000,960000,1000000,1000000,40000,4.17,1000093,40093,4.18,1000000,1000100,1399-8-17
673,ثنور,سرمايه گذاري كوه نور,5,8271,59757975,7448,7225,7225,-223,-2.99,7447,-1,-0.01,7225,7225,1399-8-17
674,دشيري,شيرين دارو,4,225,38461275,176225,170939,170939,-5286,-3.0,176215,-10,-0.01,170939,170939,1399-8-17
675,غشصفا,شيرپاستوريزه‌پگاه‌اصفهان‌,4,1782,53673840,31700,30120,30120,-1580,-4.98,31700,0,0.0,30120,30120,1399-8-17
676,ضفلا8082,اختيارخ فولاد-13775-1399/08/28,4,9,520000,1157,57,58,-1099,-94.99,58,-1099,-94.99,57,58,1399-8-17
677,ضفلا8085,اختيارخ فولاد-16775-1399/08/28,4,15,151000,293,11,10,-283,-96.59,10,-283,-96.59,10,11,1399-8-17
678,ساذري,آذريت‌,4,914,5454752,5795,5968,5968,173,2.99,5795,0,0.0,5968,5968,1399-8-17
679,غبهار,كشت وصنعت بهاران گلبهار خراسان,4,3479,124200300,37578,35700,35700,-1878,-5.0,37566,-12,-0.03,35700,35700,1399-8-17
680,بسويچ,پارس‌سويچ‌,4,2420,98590800,42880,40740,40740,-2140,-4.99,42880,0,0.0,40740,40740,1399-8-17
681,زعف9908پ14,زعفران9908پوشالمعمول نوين(پ),4,132,10604002,83984,79875,83999,15,0.02,80333,-3651,-4.35,79875,83999,1399-8-17
682,صايپا012,صكوك مرابحه سايپا012-3ماهه 16%,4,14,14352893,1000099,1050103,980394,-19705,-1.97,1025207,25108,2.51,980393,1050103,1399-8-17
683,ثپرديس,سرمايه گذاري مسكن پرديس,4,1960,21405160,11495,10921,10921,-574,-4.99,11495,0,0.0,10921,10921,1399-8-17
684,پست9908-08,پسته فندقي32-30زرينمه ولات9908,4,60,72005000,1315214,1200000,1200000,-115214,-8.76,1200083,-115131,-8.75,1200000,1201000,1399-8-17
685,ضملي1152,اختيارخ فملي-18252-1399/11/05,4,31,14200000,989,500,420,-569,-57.53,458,-531,-53.69,420,500,1399-8-17
686,زعف9908پ17,زعفران9908پوشالمعمول بيرجند(پ),4,1130,90157050,80200,79785,79785,-415,-0.52,79785,-415,-0.52,79785,79785,1399-8-17
687,ضپاس1001,اختيارخ وپارس-2500-1399/10/30,4,154,138400000,1000,900,850,-150,-15.0,899,-101,-10.1,850,900,1399-8-17
688,وايران,ليزينگ ايرانيان,4,11450,105912500,9730,9250,9250,-480,-4.93,9730,0,0.0,9250,9250,1399-8-17
689,كشم0001پ01,كشمش سبز0001خليل آباد(پ),4,73,24323016,350728,333192,333192,-17536,-5.0,333192,-17536,-5.0,333192,333192,1399-8-17
690,زماهان,مجتمع توليد گوشت مرغ ماهان,4,7603,166688172,23077,21924,21924,-1153,-5.0,23073,-4,-0.02,21924,21924,1399-8-17
691,فسديد,لوله‌وتجهيزات‌ سديد - ورشكسته,4,528,59668752,114150,113009,113009,-1141,-1.0,114136,-14,-0.01,113009,113009,1399-8-17
692,ضملت8027,اختيارخ وبملت-4100-1399/08/28,4,100,207464100,1100,501,501,-599,-54.45,501,-599,-54.45,501,501,1399-8-17
693,ضفلا8093,اختيارخ فولاد-29775-1399/08/28,4,101,505000,20,3,5,-15,-75.0,5,-15,-75.0,3,6,1399-8-17
694,شساخت,مهندسي و ساختمان صنايع نفت,4,2247,88095882,40418,39206,39206,-1212,-3.0,40415,-3,-0.01,39206,39206,1399-8-17
695,سنير,سيمان‌ سفيد ني‌ريز,4,4236,333034320,82750,78620,78620,-4130,-4.99,82720,-30,-0.04,78620,78620,1399-8-17
696,ضترا1117,اختيارخ شتران-10000-1399/11/14,4,20,44000000,3108,2200,2200,-908,-29.21,2200,-908,-29.21,2200,2200,1399-8-17
697,ضسپا8022,اختيارخ خساپا-3200-1399/08/26,4,22,4001000,242,11,10,-232,-95.87,182,-60,-24.79,10,199,1399-8-17
698,غپآذر,شير پگاه آذربايجان شرقي,3,1647,86143041,55055,52303,52303,-2752,-5.0,55050,-5,-0.01,52303,52303,1399-8-17
699,وسخراش,شركت س استان خراسان شمالي,3,12371,16453430,1390,1330,1330,-60,-4.32,1390,0,0.0,1330,1330,1399-8-17
700,ضغدر8030,اختيارخ وغدير-6510-1399/08/26,3,18,57820000,4444,3213,3212,-1232,-27.72,3212,-1232,-27.72,3212,3213,1399-8-17
701,ضمخا1025,اختيارخ اخابر-16000-1399/10/30,3,23,25630000,2340,1200,1101,-1239,-52.95,1114,-1226,-52.39,1101,1200,1399-8-17
702,دلقما,دارويي‌ لقمان‌,3,552,18171840,34650,32920,32920,-1730,-4.99,34650,0,0.0,32920,32920,1399-8-17
703,ضسپا1103,اختيارخ خساپا-2500-1399/11/26,3,31,16400000,469,600,400,-69,-14.71,529,60,12.79,400,600,1399-8-17
704,ضسپا8021,اختيارخ خساپا-3000-1399/08/26,3,51,2600000,900,100,50,-850,-94.44,51,-849,-94.33,50,100,1399-8-17
705,اشاد10,مشاركت دولتي10-شرايط خاص001226,3,400,380530100,950000,941201,954700,4700,0.49,951325,1325,0.14,941201,954700,1399-8-17
706,خچرخش,چرخشگر,3,1575,28665000,19150,18200,18200,-950,-4.96,19150,0,0.0,18200,18200,1399-8-17
707,ضگل8059,اختيارخ كگل-15100-1399/08/21,3,53,5300000,1524,100,100,-1424,-93.44,100,-1424,-93.44,100,100,1399-8-17
708,غگلپا,شير پاستوريزه پگاه گلپايگان,3,552,39205248,74762,71024,71024,-3738,-5.0,74759,-3,0.0,71024,71024,1399-8-17
709,ضفلا8083,اختيارخ فولاد-14775-1399/08/28,3,5,846000,799,249,150,-649,-81.23,169,-630,-78.85,149,249,1399-8-17
710,دكيمي,كيميدارو,3,5000,106900000,22500,21380,21380,-1120,-4.98,22500,0,0.0,21380,21380,1399-8-17
711,خنصير,مهندسي‌نصيرماشين‌,3,1793,84970270,49880,47390,47390,-2490,-4.99,49880,0,0.0,47390,47390,1399-8-17
712,ثغرب,شركت سرمايه گذاري مسكن شمالغرب,3,5363,69306049,13603,12923,12923,-680,-5.0,13602,-1,-0.01,12923,12923,1399-8-17
713,صايپا908,صكوك مرابحه سايپا908-3ماهه 18%,3,31,31123566,1002582,990000,1020000,17418,1.74,1003986,1404,0.14,990000,1020000,1399-8-17
714,اخزا722,اسنادخزانه-م22بودجه97-000428,3,10363,9192921858,886505,892050,887086,581,0.07,887091,586,0.07,887086,892050,1399-8-17
715,بالاس,مهندسي ساختمان تاسيسات راه آهن,3,1489,68109838,48149,45742,45742,-2407,-5.0,48146,-3,-0.01,45742,45742,1399-8-17
716,وساربيل,شركت س استان اردبيل,3,50000,61000000,1280,1220,1220,-60,-4.69,1280,0,0.0,1220,1220,1399-8-17
717,ورازي,بيمه رازي,3,3348,49533660,15252,14795,14795,-457,-3.0,15251,-1,-0.01,14795,14795,1399-8-17
718,وسين,بيمه سينا,3,2018,38366216,19600,19012,19012,-588,-3.0,19599,-1,-0.01,19012,19012,1399-8-17
719,ضسپا8016,اختيارخ خساپا-2000-1399/08/26,3,27,7606000,448,300,400,-48,-10.71,282,-166,-37.05,201,400,1399-8-17
720,معيار,سرمايه گذاري معيار صنعت پارس,3,4438,126407554,29669,28483,28483,-1186,-4.0,29653,-16,-0.05,28483,28483,1399-8-17
721,صايپا203,صكوك مرابحه سايپا203-3ماهه 16%,3,38,37119330,974906,937419,989999,15093,1.55,976824,1918,0.2,937419,989999,1399-8-17
722,پارتا,مجتمع‌صنعتي‌آرتاويل‌تاير,3,3355,201930740,62049,60188,60188,-1861,-3.0,62036,-13,-0.02,60188,60188,1399-8-17
723,ضملت8037,اختيارخ وبملت-8204-1399/08/28,3,44,302293,37,3,1,-36,-97.3,2,-35,-94.59,1,3,1399-8-17
724,زنگان,صنعت روي زنگان,3,397,60721150,161000,152950,152950,-8050,-5.0,160990,-10,-0.01,152950,152950,1399-8-17
725,فوكا,فولاد كاويان,3,5560,111083240,21030,19979,19979,-1051,-5.0,21028,-2,-0.01,19979,19979,1399-8-17
726,فافزا,فولاد افزا سپاهان,3,1485,68831235,48790,46351,46351,-2439,-5.0,48781,-9,-0.02,46351,46351,1399-8-17
727,لخزر,پارس‌ خزر,3,94,19228640,215320,204560,204560,-10760,-5.0,215320,0,0.0,204560,204560,1399-8-17
728,كقزوي,شيشه‌ قزوين‌,2,1855,16811865,9343,9063,9063,-280,-3.0,9343,0,0.0,9063,9063,1399-8-17
729,ضفلا8091,اختيارخ فولاد-25775-1399/08/28,2,15,75000,50,5,5,-45,-90.0,5,-45,-90.0,5,5,1399-8-17
730,ثامان,سامان‌ گستراصفهان‌,2,530,11278400,22400,21280,21280,-1120,-5.0,22400,0,0.0,21280,21280,1399-8-17
731,كمند2,صندوق س. با درآمد ثابت كمند,2,70000000,70000000,10159,1,1,-10158,-99.99,1,-10158,-99.99,1,1,1399-8-17
732,دكپسول,توليد ژلاتين كپسول ايران,2,16459,561844424,35932,34136,34136,-1796,-5.0,35911,-21,-0.06,34136,34136,1399-8-17
733,غشوكو,شوكو پارس,2,300,13236600,45486,44122,44122,-1364,-3.0,45485,-1,0.0,44122,44122,1399-8-17
734,ضپنا1020,اختيارخ رمپنا-13406-1399/10/09,2,2,7702681,4714,2201,3000,-1714,-36.36,2600,-2114,-44.85,2201,3000,1399-8-17
735,ضفلا8088,اختيارخ فولاد-19775-1399/08/28,2,12,12000,16,1,1,-15,-93.75,1,-15,-93.75,1,1,1399-8-17
736,ثتوسا,س.توسعه و عمران استان اردبيل,2,155,11087615,73745,71533,71533,-2212,-3.0,73744,-1,0.0,71533,71533,1399-8-17
737,بتك,كارخانجات كابل سازي‌ تك‌,2,951,32661144,33671,34344,34344,673,2.0,33673,2,0.01,34344,34344,1399-8-17
738,ضمخا7068,اختيارخ اخابر-16000-1400/07/28,2,3,7500000,3150,3500,2000,-1150,-36.51,2500,-650,-20.63,2000,3500,1399-8-17
739,ضگل1142,اختيارخ كگل-16000-1399/11/21,2,52,129600000,2964,2500,2300,-664,-22.4,2492,-472,-15.92,2300,2500,1399-8-17
740,خفناور,مهندسي صنعتي روان فن آور,2,564,13316604,24853,23611,23611,-1242,-5.0,24852,-1,0.0,23611,23611,1399-8-17
741,ضسپا1102,اختيارخ خساپا-2000-1399/11/26,2,20,15000000,885,750,750,-135,-15.25,750,-135,-15.25,750,750,1399-8-17
742,ضسپا8019,اختيارخ خساپا-2600-1399/08/26,2,10,1990000,150,199,199,49,32.67,199,49,32.67,199,199,1399-8-17
743,ضغدر8039,اختيارخ وغدير-12000-1399/08/26,2,19,1396000,999,16,100,-899,-89.99,73,-926,-92.69,16,100,1399-8-17
744,دمعيار2,صندوق س. توازن معيار-د,2,11000000,11000000,10010,1,1,-10009,-99.99,1,-10009,-99.99,1,1,1399-8-17
745,ضفلا8084,اختيارخ فولاد-15775-1399/08/28,2,7,1216000,500,400,4,-496,-99.2,174,-326,-65.2,4,400,1399-8-17
746,اجاد21,اجاره دولتي آپرورش-تمدن991118,2,300,314600000,1042000,1000000,1050000,8000,0.77,1048667,6667,0.64,1000000,1050000,1399-8-17
747,خپويش,سازه‌ پويش‌,2,1155,44502150,40550,38530,38530,-2020,-4.98,40550,0,0.0,38530,38530,1399-8-17
748,تملي706,تسهيلات مسكن ب. ملي-شهريور97,2,36,27224424,720223,756234,756234,36011,5.0,756234,36011,5.0,756234,756234,1399-8-17
749,شستا003,اجاره تامين اجتماعي-سپهر000523,2,29,28710029,985004,990001,990001,4997,0.51,990001,4997,0.51,990001,990001,1399-8-17
750,صايپا112,صكوك مرابحه سايپا112-3ماهه 16%,2,25,24500000,980000,980000,980000,0,0.0,980000,0,0.0,980000,980000,1399-8-17
751,وسمركز,شركت س استان مركزي,2,8800,11704000,1400,1330,1330,-70,-5.0,1400,0,0.0,1330,1330,1399-8-17
752,زير0003پ04,زيره سبز0003شركت مينوبذر(پ),2,27,13426613,459118,497281,497282,38164,8.31,497282,38164,8.31,497281,497282,1399-8-17
753,اشاد9,مشاركت دولتي9-شرايط خاص990909,2,50000,49875000000,999899,997500,997500,-2399,-0.24,997500,-2399,-0.24,997500,997500,1399-8-17
754,وسالت,بانك قرض الحسنه رسالت,2,50000,218300000,4159,4366,4366,207,4.98,4161,2,0.05,4366,4366,1399-8-17
755,ضغدر8045,اختيارخ وغدير-18000-1399/08/26,2,48,48000,1,1,1,0,0.0,1,0,0.0,1,1,1399-8-17
756,وآتوس,س.آرين توسكا قيمت اسمي 350ريال,2,1400,48906200,36013,34933,34933,-1080,-3.0,36010,-3,-0.01,34933,34933,1399-8-17
757,ضصاد1105,اختيارخ وبصادر-5000-1399/11/12,2,11,1807000,299,188,101,-198,-66.22,164,-135,-45.15,101,188,1399-8-17
758,سيلام,سيمان‌ ايلام‌,2,1555,15845450,10720,10190,10190,-530,-4.94,10720,0,0.0,10190,10190,1399-8-17
759,اروند10,منفعت صبا اروند لوتوس 14001222,2,1000,992067007,1011907,992068,992067,-19840,-1.96,992067,-19840,-1.96,992067,992068,1399-8-17
760,حسير,ريل سير كوثر,2,2194,57320444,27501,26126,26126,-1375,-5.0,27499,-2,-0.01,26126,26126,1399-8-17
761,ضفلا8070,اختيارخ فولاد-5775-1399/08/28,2,5,25411000,6375,5120,4931,-1444,-22.65,5082,-1293,-20.28,4931,5120,1399-8-17
762,ضچاد1019,اختيارخ كچاد-28000-1399/10/02,2,4,1596000,10,399,399,389,3890.0,399,389,3890.0,399,399,1399-8-17
763,ضصاد1104,اختيارخ وبصادر-4500-1399/11/12,2,107,21750000,650,250,200,-450,-69.23,203,-447,-68.77,200,250,1399-8-17
764,ضفلا1155,اختيارخ فولاد-14000-1399/11/28,2,60,60000000,1,1000,1000,999,99900.0,1000,999,99900.0,1000,1000,1399-8-17
765,تملي804,تسهيلات مسكن ب. ملي-تير98,2,24,16099800,638881,670825,670825,31944,5.0,670825,31944,5.0,670825,670825,1399-8-17
766,تماوند,تامين سرمايه دماوند,2,825,12822975,16023,15543,15543,-480,-3.0,16023,0,0.0,15543,15543,1399-8-17
767,ضبدر8054,اختيارخ شبندر-18580-1399/08/18,2,5,25000000,7750,5000,5000,-2750,-35.48,5000,-2750,-35.48,5000,5000,1399-8-17
768,ضبدر8071,اختيارخ شبندر-65580-1399/08/18,2,50,50000,10,1,1,-9,-90.0,1,-9,-90.0,1,1,1399-8-17
769,ضفلا8071,اختيارخ فولاد-6275-1399/08/28,2,6,24480000,6999,4100,4070,-2929,-41.85,4080,-2919,-41.71,4070,4100,1399-8-17
770,تپمپي,پمپ‌ سازي‌ ايران‌,1,1421,50530760,37430,35560,35560,-1870,-5.0,37430,0,0.0,35560,35560,1399-8-17
771,تسه97122,امتياز تسهيلات مسكن اسفند97,1,26,260,786745,10,10,-786735,-100.0,10,-786735,-100.0,10,10,1399-8-17
772,ساينا2,صنايع بهداشتي ساينا,1,2853223,493424972728,171457,172936,172936,1479,0.86,172936,1479,0.86,172936,172936,1399-8-17
773,سصفها4,سيمان‌اصفهان‌,1,5000000,642150000000,123890,128430,128430,4540,3.66,128430,4540,3.66,128430,128430,1399-8-17
774,ضسان1039,اختيارخ پارسان-20000-99/10/14,1,1,3000000,3500,3000,3000,-500,-14.29,3000,-500,-14.29,3000,3000,1399-8-17
775,صخابر102,صكوك اجاره مخابرات-3 ماهه 16%,1,2000,1900000000,942000,950000,950000,8000,0.85,950000,8000,0.85,950000,950000,1399-8-17
776,دروز,داروسازي‌ روزدارو,1,300,5262000,18460,17540,17540,-920,-4.98,18460,0,0.0,17540,17540,1399-8-17
777,نيرو,نيرو سرمايه,1,191,8987696,48511,47056,47056,-1455,-3.0,48510,-1,0.0,47056,47056,1399-8-17
778,ضغدر8033,اختيارخ وغدير-8010-1399/08/26,1,5,9000000,3114,1800,1800,-1314,-42.2,1800,-1314,-42.2,1800,1800,1399-8-17
779,سلامت3,مرابحه دولتي تعاون-اميد991118,1,1903,1912515000,1009650,1005000,1005000,-4650,-0.46,1005000,-4650,-0.46,1005000,1005000,1399-8-17
780,چافست,افست‌,1,395,9938200,26480,25160,25160,-1320,-4.98,26480,0,0.0,25160,25160,1399-8-17
781,ضخوز1013,اختيارخ فخوز-10667-1399/10/16,1,1,8000000,11581,8000,8000,-3581,-30.92,8000,-3581,-30.92,8000,8000,1399-8-17
782,زير0003پ01,زيره سبز0003كيميابذر(پ),1,10,5000000,506610,500000,500000,-6610,-1.3,500000,-6610,-1.3,500000,500000,1399-8-17
783,طفلا8060,اختيارف فولاد-3507-1399/08/28,1,1,1608,2,1,1,-1,-50.0,1,-1,-50.0,1,1,1399-8-17
784,خفنر,فنرسازي‌خاور,1,1000,18610000,19580,18610,18610,-970,-4.95,19580,0,0.0,18610,18610,1399-8-17
785,شمواد,توليد مواداوليه الياف مصنوعي,1,793,49813881,64759,62817,62817,-1942,-3.0,64754,-5,-0.01,62817,62817,1399-8-17
786,حخزر,كشتيراني درياي خزر,1,1000,20684000,21772,20684,20684,-1088,-5.0,21772,0,0.0,20684,20684,1399-8-17
787,ضصاد1103,اختيارخ وبصادر-4000-1399/11/12,1,7,2030000,354,290,290,-64,-18.08,290,-64,-18.08,290,290,1399-8-17
788,ضفلا1153,اختيارخ فولاد-10000-1399/11/28,1,20,68000000,5141,3400,3400,-1741,-33.87,3400,-1741,-33.87,3400,3400,1399-8-17
789,ضغدر8037,اختيارخ وغدير-10000-1399/08/26,1,1,900000,1300,900,900,-400,-30.77,900,-400,-30.77,900,900,1399-8-17
790,اخزا7222,اسنادخزانه-م22بودجه97-000428,1,270000,239760000000,886505,888000,888000,1495,0.17,888000,1495,0.17,888000,888000,1399-8-17
791,ضغدر8038,اختيارخ وغدير-11000-1399/08/26,1,5,1570000,2232,314,314,-1918,-85.93,314,-1918,-85.93,314,314,1399-8-17
792,ضغدر8042,اختيارخ وغدير-15000-1399/08/26,1,5,5000,15,1,1,-14,-93.33,1,-14,-93.33,1,1,1399-8-17
793,ضملت1128,اختيارخ وبملت-6000-1399/11/28,1,50,20000000,1,400,400,399,39900.0,400,399,39900.0,400,400,1399-8-17
794,ضصاد1107,اختيارخ وبصادر-7000-1399/11/12,1,4,284000,103,71,71,-32,-31.07,71,-32,-31.07,71,71,1399-8-17
795,ضبدر8059,اختيارخ شبندر-27580-1399/08/18,1,4,4000,800,1,1,-799,-99.88,1,-799,-99.88,1,1,1399-8-17
796,ضغدر8036,اختيارخ وغدير-9500-1399/08/26,1,1,11000,2500,11,11,-2489,-99.56,11,-2489,-99.56,11,11,1399-8-17
797,حپترو,حمل و نقل پتروشيمي( سهامي عام,1,3000,88290000,30970,29430,29430,-1540,-4.97,30970,0,0.0,29430,29430,1399-8-17
798,سنفت001,سلف موازي استاندارد سنفت001,1,47220,50003005140,1055537,1058937,1058937,3400,0.32,1058937,3400,0.32,1058937,1058937,1399-8-17
799,ضملت1125,اختيارخ وبملت-4000-1399/11/28,1,50,75000000,1,1500,1500,1499,149900.0,1500,1499,149900.0,1500,1500,1399-8-17
800,ثرود,سرمايه‌گذاري مسكن زاينده رود,1,2000,23902000,12579,11951,11951,-628,-4.99,12579,0,0.0,11951,11951,1399-8-17
801,اجاد42,اجاره دولت-واجدشرايط خاص991224,1,4000,3920000000,980000,980000,980000,0,0.0,980000,0,0.0,980000,980000,1399-8-17
802,ضبدر8064,اختيارخ شبندر-37580-1399/08/18,1,2,1982000,999,991,991,-8,-0.8,991,-8,-0.8,991,991,1399-8-17
803,غدشت,دشت‌ مرغاب‌,1,225,60579000,283410,269240,269240,-14170,-5.0,283390,-20,-0.01,269240,269240,1399-8-17
804,طمخا7066,اختيارف اخابر-12000-1400/07/28,1,1,1000000,100,1000,1000,900,900.0,1000,900,900.0,1000,1000,1399-8-17
805,پست0008پ08,پسته فندقي32-30مه ولات0008(پ),1,32,46400000,1518187,1450000,1450000,-68187,-4.49,1450000,-68187,-4.49,1450000,1450000,1399-8-17
806,ضملت8029,اختيارخ وبملت-4582-1399/08/28,1,1,2070500,433,500,500,67,15.47,500,67,15.47,500,500,1399-8-17
807,فبستم,صنايع ‌بسته‌بندي‌ مشهد,1,1200,979200,793,816,816,23,2.9,793,0,0.0,816,816,1399-8-17
808,اخزا819,اسنادخزانه-م19بودجه98-020322,1,23,14251283,619621,619621,619621,0,0.0,619621,0,0.0,619621,619621,1399-8-17
809,وپسا,س. پتروشيمي ساختمان  خليج فارس,1,1050,5224800,5129,4976,4976,-153,-2.98,5129,0,0.0,4976,4976,1399-8-17
810,وسخراج,شركت س استان خراسان جنوبي,1,4294,9189160,2250,2140,2140,-110,-4.89,2250,0,0.0,2140,2140,1399-8-17
811,ضصاد1106,اختيارخ وبصادر-6000-1399/11/12,1,2,398000,510,199,199,-311,-60.98,199,-311,-60.98,199,199,1399-8-17
812,ضپار8013,اختيارخ خپارس-2600-1399/08/18,1,1,2151000,3570,2151,2151,-1419,-39.75,2151,-1419,-39.75,2151,2151,1399-8-17
813,خمحور,توليدمحورخودرو,1,500,27825000,58570,55650,55650,-2920,-4.99,58570,0,0.0,55650,55650,1399-8-17
814,ضسان1038,اختيارخ پارسان-18000-99/10/14,1,1,4000000,4500,4000,4000,-500,-11.11,4000,-500,-11.11,4000,4000,1399-8-17
815,زعف9908پ12,زعفران9908پوشالمعمول سحرخيز(پ),1,5,440000,86014,88000,88000,1986,2.31,88000,1986,2.31,88000,88000,1399-8-17
816,دلقما4,دارويي‌ لقمان‌,1,13500000,467775000000,34650,34650,34650,0,0.0,34650,0,0.0,34650,34650,1399-8-17
817,ضمخا7067,اختيارخ اخابر-14000-1400/07/28,1,1,2000000,5231,2000,2000,-3231,-61.77,2000,-3231,-61.77,2000,2000,1399-8-17
818,لخانه,لوازم‌ خانگي‌ پارس‌,1,89,5057959,58588,56831,56831,-1757,-3.0,58588,0,0.0,56831,56831,1399-8-17
819,سخواف,سيمان مجد خواف,1,919,14501820,16610,15780,15780,-830,-5.0,16609,-1,-0.01,15780,15780,1399-8-17
820,اراد314,مرابحه عام دولت3-ش.خ 0208,1,10000000,8916500000000,1000000,891650,891650,-108350,-10.84,891650,-108350,-10.84,891650,891650,1399-8-17
821,خموتور,موتورسازان‌تراكتورسازي‌ايران‌,1,399,4628400,12210,11600,11600,-610,-5.0,12210,0,0.0,11600,11600,1399-8-17
822,تملي703,تسهيلات مسكن ب. ملي-خرداد97,1,24,22171104,879806,923796,923796,43990,5.0,923796,43990,5.0,923796,923796,1399-8-17
823,حاريا,كشتيراني آريا,1,200,6175000,31829,30875,30875,-954,-3.0,31829,0,0.0,30875,30875,1399-8-17
824,فبيرا,بسته‌ بندي‌ ايران‌,1,40585,199272350,5061,4910,4910,-151,-2.98,5059,-2,-0.04,4910,4910,1399-8-17
825,اراد354,مرابحه عام دولت3-ش.خ 0103,1,10000000,9480200000000,949038,948020,948020,-1018,-0.11,948020,-1018,-0.11,948020,948020,1399-8-17
826,ضغدر8041,اختيارخ وغدير-14000-1399/08/26,1,5,1000000,260,200,200,-60,-23.08,200,-60,-23.08,200,200,1399-8-17
827,طمخا7068,اختيارف اخابر-16000-1400/07/28,1,5,2570000,301,514,514,213,70.76,514,213,70.76,514,514,1399-8-17
828,ضبدر1153,اختيارخ شبندر-48000-1399/11/19,1,1,3900000,7000,3900,3900,-3100,-44.29,3900,-3100,-44.29,3900,3900,1399-8-17
829,اجاد22,اجاره دولتي آپرورش-لوتوس991118,1,2000,2000200000,981375,1000100,1000100,18725,1.91,1000100,18725,1.91,1000100,1000100,1399-8-17
830,صمسكن912,ص دين مسكن جنوب-ماهانه16درصد,1,70,5746930,82099,82099,82099,0,0.0,82099,0,0.0,82099,82099,1399-8-17
831,تسه98022,امتياز تسهيلات مسكن ارديبهشت98,1,1,10,786574,10,10,-786564,-100.0,10,-786564,-100.0,10,10,1399-8-17
832,زعف9908پ06,زعفران 9908پوشالمعمول زرين(پ),1,100,7978500,82499,79785,79785,-2714,-3.29,79785,-2714,-3.29,79785,79785,1399-8-17
833,اخزا8142,اسنادخزانه-م14بودجه98-010318,1,300000,224820000000,748139,749400,749400,1261,0.17,749400,1261,0.17,749400,749400,1399-8-17
834,ضفلا8092,اختيارخ فولاد-27775-1399/08/28,1,3,15000,500,5,5,-495,-99.0,5,-495,-99.0,5,5,1399-8-17
835,طمخا7072,اختيارف اخابر-28000-1400/07/28,1,12,90888000,4704,7574,7574,2870,61.01,7574,2870,61.01,7574,7574,1399-8-17
836,اخزا8122,اسنادخزانه-م12بودجه98-001111,1,545000,439270000000,804415,806000,806000,1585,0.2,806000,1585,0.2,806000,806000,1399-8-17
837,غيوان,كيوان,1,60,926820,15295,15447,15447,152,0.99,15295,0,0.0,15447,15447,1399-8-17
838,ضفلا8075,اختيارخ فولاد-8275-1399/08/28,1,4,9720000,5500,2430,2430,-3070,-55.82,2430,-3070,-55.82,2430,2430,1399-8-17
839,بشهاب,لامپ‌  پارس‌ شهاب‌,1,80,5034400,66240,62930,62930,-3310,-5.0,66240,0,0.0,62930,62930,1399-8-17
840,طمخا7071,اختيارف اخابر-24000-1400/07/28,1,9,48789000,3087,5421,5421,2334,75.61,5421,2334,75.61,5421,5421,1399-8-17
841,تسه98012,امتياز تسهيلات مسكن فروردين98,1,67,670,788284,10,10,-788274,-100.0,10,-788274,-100.0,10,10,1399-8-17
842,پارسا306,صكوك اجاره پارسيان-6ماهه16%,1,15,14055000,937000,937000,937000,0,0.0,937000,0,0.0,937000,937000,1399-8-17
843,ضملت1123,اختيارخ وبملت-3000-1399/11/28,1,5,11500000,1,2300,2300,2299,229900.0,2300,2299,229900.0,2300,2300,1399-8-17
844,بالبر,كابل‌ البرز,1,400,9064000,23850,22660,22660,-1190,-4.99,23850,0,0.0,22660,22660,1399-8-17
845,ضچاد1015,اختيارخ كچاد-16000-1399/10/02,1,10,10000000,2493,1000,1000,-1493,-59.89,1000,-1493,-59.89,1000,1000,1399-8-17
846,ضبدر8066,اختيارخ شبندر-43580-1399/08/18,1,1,1000,898,1,1,-897,-99.89,1,-897,-99.89,1,1,1399-8-17
847,فنرژي,گسترش صنايع انرژي آذرآب,1,500,5319500,10856,10639,10639,-217,-2.0,10856,0,0.0,10639,10639,1399-8-17
848,ثعتما,س. ساختماني اعتماد گستر,1,1294,40280926,32091,31129,31129,-962,-3.0,32089,-2,-0.01,31129,31129,1399-8-17
849,تسه97102,امتياز تسهيلات مسكن دي 97,1,66,660,792860,10,10,-792850,-100.0,10,-792850,-100.0,10,10,1399-8-17
850,ضبدر8055,اختيارخ شبندر-19580-1399/08/18,1,1,4401000,14000,4401,4401,-9599,-68.56,4401,-9599,-68.56,4401,4401,1399-8-17
851,اخزا718,اسنادخزانه-م18بودجه97-000525,1,17000,14884928000,875150,875584,875584,434,0.05,875584,434,0.05,875584,875584,1399-8-17
