,نماد,نام,تعداد,حجم,ارزش,دیروز,اولین,آخرین معامله - مقدار,آخرین معامله - تغییر,آخرین معامله - درصد,قیمت پایانی - مقدار,قیمت پایانی - تغییر,قیمت پایانی - درصد,کمترین,بیشترین,تاریخ
0,اپال,فرآوري معدني اپال كاني پارس,428323,316172698,4406603988420,13160,13940,13940,780,5.93,13940,780,5.93,13600,13940,1399-12-10
1,پالايش,صندوق پالايشي يکم-سهام,22079,19178794,1518686786240,81990,79800,78720,-3270,-3.99,79190,-2800,-3.42,78720,80680,1399-12-10
2,دارا يكم,صندوق واسطه گري مالي يكم-سهام,17553,9967735,1329354947870,137850,135100,132340,-5510,-4.0,133370,-4480,-3.25,132340,136500,1399-12-10
3,بوعلي,پتروشيمي بوعلي سينا,13057,5491959,228024729160,41510,41530,41510,0,0.0,41520,10,0.02,41200,41640,1399-12-10
4,وسپهر,سرمايه گذاري مالي سپهرصادرات,12259,28034891,283155455679,10100,10100,10100,0,0.0,10100,0,0.0,10100,10101,1399-12-10
5,كزغال,زغال سنگ پروده طبس,11372,4203625,119261044875,28949,28371,28371,-578,-2.0,28371,-578,-2.0,28371,28371,1399-12-10
6,رافزا,رايان هم افزا,8216,48393,2194574157,42783,45349,45349,2566,6.0,42889,106,0.25,45349,45349,1399-12-10
7,سيتا,سرمايه گذاري سيمان تامين,8164,15073568,226122821500,15000,15000,15010,10,0.07,15000,0,0.0,15000,15010,1399-12-10
8,امين,تامين سرمايه امين,7591,5065402,52683312460,10400,10400,10400,0,0.0,10400,0,0.0,10400,10420,1399-12-10
9,كرمان,س. توسعه و عمران استان كرمان,7122,12766464,626691694437,49759,48764,49000,-759,-1.53,49089,-670,-1.35,48764,50500,1399-12-10
10,دسانكو,داروسازي سبحان انكولوژي,7106,37965120,601630691712,15054,14753,15957,903,6.0,15847,793,5.27,14753,15957,1399-12-10
11,گكوثر,هتل پارسيان كوثر اصفهان,6587,110772248,298805326244,2600,2756,2657,57,2.19,2697,97,3.73,2609,2756,1399-12-10
12,ونوين,بانك‌اقتصادنوين‌,6535,107528945,406147196790,3700,3670,3790,90,2.43,3780,80,2.16,3640,3900,1399-12-10
13,فولاد,فولاد مباركه اصفهان,6292,77302357,880833280220,11600,11370,11610,10,0.09,11390,-210,-1.81,11370,11620,1399-12-10
14,آريا,پليمر آريا ساسول,6082,2381688,169995449925,72785,71378,71330,-1455,-2.0,71376,-1409,-1.94,71330,71990,1399-12-10
15,كيان,صندوق س. با درآمد ثابت كيان,5120,31198537,853866227929,27353,27367,27372,19,0.07,27369,16,0.06,27365,27372,1399-12-10
16,بگيلان,توسعه مسير برق گيلان,4662,1276199,25105049835,19982,19583,19583,-399,-2.0,19823,-159,-0.8,19583,20223,1399-12-10
17,سصوفي,سيمان‌ صوفيان‌,4511,10676577,190568972840,17470,17850,17480,10,0.06,17850,380,2.18,17230,18310,1399-12-10
18,امين يكم,صندوق درآمد ثابت امين يكم فردا,3888,120965437,1224977740579,10122,10129,10128,6,0.06,10127,5,0.05,10125,10131,1399-12-10
19,شپترو,پتروشيمي آبادان,3760,54488364,235387378889,4282,4410,4216,-66,-1.54,4320,38,0.89,4197,4410,1399-12-10
20,هاي وب,داده گسترعصرنوين-هاي وب,3739,20340495,201745637710,9800,10000,9610,-190,-1.94,9920,120,1.22,9610,10190,1399-12-10
21,غگيلا,شيرپاستوريزه پگاه گيلان,3641,54588,1300176984,22470,23818,23818,1348,6.0,22503,33,0.15,23818,23818,1399-12-10
22,صبا,سرمايه گذاري صبا تامين,3635,13252532,90556398985,6970,6831,6831,-139,-1.99,6863,-107,-1.54,6831,6968,1399-12-10
23,كمند,صندوق س. با درآمد ثابت كمند,3478,140397990,1423423170941,10133,10140,10138,5,0.05,10138,5,0.05,10137,10141,1399-12-10
24,اعتماد,صندوق س.اعتماد آفرين پارسيان-د,3437,40410080,1418271172810,35079,35096,35100,21,0.06,35097,18,0.05,35094,35100,1399-12-10
25,سغرب,سيمان‌غرب‌,3368,4361175,163263715970,37640,37700,37990,350,0.93,37440,-200,-0.53,36890,38950,1399-12-10
26,غپاك,لبنيات‌ پاك‌,3136,11369844,220122039110,19070,18690,19710,640,3.36,19360,290,1.52,18690,19850,1399-12-10
27,تسه9911,امتياز تسهيلات مسكن بهمن99,2930,67828,37770821009,563314,570000,575000,11686,2.07,556862,-6452,-1.15,535149,589900,1399-12-10
28,سامان,بانك سامان,2682,26270676,260728118190,9763,9700,9800,37,0.38,9925,162,1.66,9700,10037,1399-12-10
29,شستا,سرمايه گذاري تامين اجتماعي,2562,23941477,464943483340,19810,19420,19420,-390,-1.97,19420,-390,-1.97,19420,19420,1399-12-10
30,نهال,صندوق س. طلاي سرخ نوويرا,2447,7404104,67376830686,9037,8300,9300,263,2.91,9100,63,0.7,8300,9540,1399-12-10
31,وكبهمن,مديريت سرمايه گذاري كوثربهمن,2325,1591089,18688931394,11985,11746,11746,-239,-1.99,11893,-92,-0.77,11746,11746,1399-12-10
32,كپشير,پشم‌شيشه‌ايران‌,2256,6572871,268290332900,40190,42600,39390,-800,-1.99,40820,630,1.57,39390,42600,1399-12-10
33,شغدير,پتروشيمي غدير,2211,2426456,144745631923,58003,56850,58892,889,1.53,59653,1650,2.84,56850,61400,1399-12-10
34,شلرد,كود شيميايي اوره لردگان,2201,18357212,122972998007,6821,6685,6685,-136,-1.99,6699,-122,-1.79,6685,6850,1399-12-10
35,شگويا,پتروشيمي تندگويان,2127,10072176,80676592782,8163,8051,8000,-163,-2.0,8010,-153,-1.87,8000,8110,1399-12-10
36,فوكا,فولاد كاويان,2101,15364794,195139363538,12718,12550,12790,72,0.57,12700,-18,-0.14,12470,12895,1399-12-10
37,وبملت,بانك ملت,2096,66669342,242692053740,3710,3640,3640,-70,-1.89,3640,-70,-1.89,3640,3680,1399-12-10
38,كاوه,فولاد كاوه جنوب كيش,2086,9693147,174901278170,18030,17680,17940,-90,-0.5,18040,10,0.06,17680,18480,1399-12-10
39,رتاپ,تجارت الكترونيك  پارسيان,2054,13334638,87817829250,6530,6800,6400,-130,-1.99,6590,60,0.92,6400,6850,1399-12-10
40,پترول,گروه پتروشيمي س. ايرانيان,2048,10977730,99194470200,9210,9050,9030,-180,-1.95,9040,-170,-1.85,9030,9150,1399-12-10
41,قرن,پديده شيمي قرن,2044,1665255,100961428920,60690,61950,59490,-1200,-1.98,60630,-60,-0.1,59480,62000,1399-12-10
42,آوا,صندوق س.سهام آواي معيار-س,1984,16872481,109733590606,6739,6590,6470,-269,-3.99,6504,-235,-3.49,6470,6647,1399-12-10
43,جمح,ح . پتروشيمي جم,1893,2509443,55743882430,12020,23000,22170,10150,84.44,22210,10190,84.78,22080,23000,1399-12-10
44,فخوز,فولاد  خوزستان,1856,14466450,173510727160,12230,12010,11990,-240,-1.96,11990,-240,-1.96,11990,12200,1399-12-10
45,تبرك,گروه كارخانجات صنعتي تبرك,1757,3662209,57822941013,15918,15800,15600,-318,-2.0,15789,-129,-0.81,15600,16330,1399-12-10
46,بكام,كارخانجات توليدي شهيد قندي,1660,23398323,78651170980,3360,3360,3360,0,0.0,3360,0,0.0,3340,3390,1399-12-10
47,نوري,پتروشيمي نوري,1532,1846089,90838488770,50170,49180,49170,-1000,-1.99,49260,-910,-1.81,49170,50150,1399-12-10
48,سفارس,سيمان فارس و خوزستان,1527,10010899,185997842780,18940,18600,18570,-370,-1.95,18580,-360,-1.9,18570,18990,1399-12-10
49,اميد,تامين سرمايه اميد,1495,5702210,51311558720,8990,9180,8990,0,0.0,9000,10,0.11,8840,9200,1399-12-10
50,كچاد,معدني‌وصنعتي‌چادرملو,1491,6583030,125969340200,19480,19260,19120,-360,-1.85,19140,-340,-1.75,19100,19340,1399-12-10
51,شصدف,صنعتي دوده فام,1482,31531,958037904,28665,30384,30384,1719,6.0,28696,31,0.11,30384,30384,1399-12-10
52,دكيمي,كيميدارو,1424,3079221,79628088590,25490,24990,26210,720,2.82,25860,370,1.45,24990,26990,1399-12-10
53,دعبيد,لابراتوارداروسازي‌  دكترعبيدي‌,1419,2266322,51461021600,22970,22520,22520,-450,-1.96,22710,-260,-1.13,22520,23300,1399-12-10
54,ثامان,سامان‌ گستراصفهان‌,1393,5023455,114341437880,23180,23210,22720,-460,-1.98,22760,-420,-1.81,22720,23210,1399-12-10
55,سرو,صندوق س سروسودمند مدبران-سهام,1240,1641620,101766194880,63040,62130,61850,-1190,-1.89,61990,-1050,-1.67,61550,62500,1399-12-10
56,حسينا,توسعه خدمات دريايي وبندري سينا,1209,747784,52303206617,69642,71000,69998,356,0.51,69944,302,0.43,68300,71200,1399-12-10
57,مدير,ص.س.مديريت ثروت ص.بازنشستگي-س,1206,5616278,47935765751,8836,8880,8483,-353,-4.0,8535,-301,-3.41,8483,8880,1399-12-10
58,شبريز,پالايش نفت تبريز,1173,5274443,141011171650,27270,26730,26730,-540,-1.98,26730,-540,-1.98,26730,27180,1399-12-10
59,وهنر,گروه توسعه هنر ايران,1156,11663133,107237469170,9517,9137,9137,-380,-3.99,9195,-322,-3.38,9137,9517,1399-12-10
60,پخش,پخش البرز,1144,1228341,43272723172,34893,34898,34380,-513,-1.47,35181,288,0.83,34196,36980,1399-12-10
61,دلر,داروسازي‌ اكسير,1115,1367570,51521394020,37750,38500,37000,-750,-1.99,37680,-70,-0.19,37000,39500,1399-12-10
62,سشمال,سيمان‌ شمال‌,1090,4794865,61157098920,12930,12710,12680,-250,-1.93,12750,-180,-1.39,12680,13100,1399-12-10
63,آگاس,صندوق س.هستي بخش آگاه-س,1069,1898408,117522004171,62707,62510,61801,-906,-1.44,61906,-801,-1.28,61750,62510,1399-12-10
64,قچار,فراوردههاي غذايي وقند چهارمحال,1037,844001,78472782731,91570,89890,92960,1390,1.52,92977,1407,1.54,89890,94990,1399-12-10
65,كگاز,شيشه‌ و گاز,995,2075705,39337644200,18760,18410,18870,110,0.59,18910,150,0.8,18410,19400,1399-12-10
66,ارزش,صندوق س ارزش آفرين بيدار-سهام,988,7038195,63744721070,9400,9310,9030,-370,-3.94,9060,-340,-3.62,9030,9310,1399-12-10
67,امين يكم2,صندوق درآمد ثابت امين يكم فردا,950,95000000,95000000,10122,1,1,-10121,-99.99,1,-10121,-99.99,1,1,1399-12-10
68,فملي,ملي‌ صنايع‌ مس‌ ايران‌,942,3862202,49127209440,12970,12720,12720,-250,-1.93,12860,-110,-0.85,12720,12720,1399-12-10
69,پارند,صندوق س. پارند پايدار سپهر,906,35500413,402864127700,11340,11346,11346,6,0.05,11348,8,0.07,11345,11356,1399-12-10
70,كرازي,كارخانجات‌توليدي‌شيشه‌رازي‌,815,2639899,60813593650,23480,23020,23020,-460,-1.96,23040,-440,-1.87,23020,23400,1399-12-10
71,كگل,معدني و صنعتي گل گهر,780,6185154,104047696880,17160,16820,16820,-340,-1.98,16860,-300,-1.75,16820,16930,1399-12-10
72,كهمدا,شيشه‌ همدان‌,771,3169796,32333191970,10270,10150,10190,-80,-0.78,10220,-50,-0.49,10070,10500,1399-12-10
73,خاهن,آهنگري‌ تراكتورسازي‌ ايران‌,740,1529555,58164406610,38010,38000,38000,-10,-0.03,38030,20,0.05,38000,38380,1399-12-10
74,فارس,صنايع پتروشيمي خليج فارس,737,7410967,62993219500,8670,8500,8500,-170,-1.96,8580,-90,-1.04,8500,8500,1399-12-10
75,وتوسم,سرمايه‌گذاري‌توسعه‌ملي‌,722,3640948,42886710220,11990,11760,11760,-230,-1.92,11800,-190,-1.58,11760,12000,1399-12-10
76,تاپيكو,س. نفت و گاز و پتروشيمي تأمين,714,8218933,90902030080,11280,11060,11060,-220,-1.95,11110,-170,-1.51,11060,11110,1399-12-10
77,كمينا,شيشه سازي مينا,709,1823475,48643411015,27973,26990,26575,-1398,-5.0,26676,-1297,-4.64,26575,28000,1399-12-10
78,شفا,سرمايه گذاري شفادارو,698,1250789,61104979440,49300,49570,48320,-980,-1.99,48850,-450,-0.91,48320,50760,1399-12-10
79,تسه9910,امتياز تسهيلات مسكن دي99,671,9391,5304941323,579509,562500,560000,-19509,-3.37,564896,-14613,-2.52,550534,598340,1399-12-10
80,بجهرم,توسعه مولد نيروگاهي جهرم,669,8332472,23287384877,2851,2794,2794,-57,-2.0,2824,-27,-0.95,2794,2830,1399-12-10
81,تنوين,تامين سرمايه نوين,646,11895712,71787533780,6150,6150,6060,-90,-1.46,6030,-120,-1.95,6030,6150,1399-12-10
82,كاردان,صندوق س تجارت شاخصي كاردان,625,238258,34435746070,148840,145990,142890,-5950,-4.0,144530,-4310,-2.9,142890,148890,1399-12-10
83,وتوس,توسعه‌شهري‌توس‌گستر,621,3068019,47129235180,15670,15360,15360,-310,-1.98,15370,-300,-1.91,15360,15620,1399-12-10
84,شپنا,پالايش نفت اصفهان,620,8343429,97534685010,11920,11690,11690,-230,-1.93,11730,-190,-1.59,11690,11690,1399-12-10
85,غسالم,سالمين‌,619,6441481,27700036810,4380,4300,4300,-80,-1.83,4330,-50,-1.14,4300,4340,1399-12-10
86,شتران,پالايش نفت تهران,619,11247027,95937140310,8700,8530,8530,-170,-1.95,8560,-140,-1.61,8530,8530,1399-12-10
87,تسه9908,امتياز تسهيلات مسكن آبان99,616,11960,6693298386,567985,562000,541100,-26885,-4.73,559640,-8345,-1.47,541100,591196,1399-12-10
88,پلاسك,پلاسكوكار,605,2542759,20068932190,8030,7880,7870,-160,-1.99,7970,-60,-0.75,7870,8090,1399-12-10
89,ثاميد,توسعه و عمران اميد,585,5273711,8174252050,1580,1550,1550,-30,-1.9,1570,-10,-0.63,1550,1550,1399-12-10
90,ضخود2007,اختيارخ خودرو-3000-1400/02/08,581,27045,3375567000,144,132,122,-22,-15.28,125,-19,-13.19,121,140,1399-12-10
91,واحيا,م .صنايع و معادن احياء سپاهان,579,1097982,155786337684,141680,142000,139100,-2580,-1.82,141884,204,0.14,139000,145600,1399-12-10
92,زاگرس,پتروشيمي زاگرس,577,436516,77602258223,180474,178245,177601,-2873,-1.59,178333,-2141,-1.19,177180,179000,1399-12-10
93,شبهرن,نفت‌ بهران‌,569,978407,51849490750,54060,53150,52980,-1080,-2.0,53060,-1000,-1.85,52980,53800,1399-12-10
94,فجر,فولاد اميركبيركاشان,561,1192465,67563148390,57720,56570,56570,-1150,-1.99,56660,-1060,-1.84,56570,57220,1399-12-10
95,سحرخيز,صندوق س. گروه زعفران سحرخيز,559,2358539,22390433737,9502,9500,9515,13,0.14,9493,-9,-0.09,9353,9530,1399-12-10
96,فلات,گروه صنايع معادن فلات ايرانيان,559,2931906,36208555505,12570,12319,12319,-251,-2.0,12350,-220,-1.75,12319,12758,1399-12-10
97,غگلپا,شير پاستوريزه پگاه گلپايگان,540,775471,55121788685,72522,71072,71072,-1450,-2.0,71082,-1440,-1.99,71072,71990,1399-12-10
98,ثرود,سرمايه‌گذاري مسكن زاينده رود,539,2366722,42751159076,18410,18042,18042,-368,-2.0,18104,-306,-1.66,18042,18330,1399-12-10
99,بموتو,موتوژن‌,533,621233,34649177050,56860,55850,55830,-1030,-1.81,56090,-770,-1.35,55730,55850,1399-12-10
100,افران,صندوق س افرا نماد پايدار-ثابت,533,19081292,243830066673,12780,12790,12787,7,0.05,12778,-2,-0.02,12773,12799,1399-12-10
101,ارفع,شركت آهن و فولاد ارفع,531,5047390,62707398904,12639,12387,12387,-252,-1.99,12424,-215,-1.7,12387,12687,1399-12-10
102,خودرو,ايران‌ خودرو,528,6485723,16473736420,2590,2540,2540,-50,-1.93,2580,-10,-0.39,2540,2540,1399-12-10
103,شسپا,نفت سپاهان,526,6988844,102736010870,15000,14700,14700,-300,-2.0,14700,-300,-2.0,14700,14710,1399-12-10
104,شفن,پتروشيمي فناوران,495,131222,35963201490,277800,272290,273910,-3890,-1.4,276430,-1370,-0.49,272290,278880,1399-12-10
105,آكورد,صندوق س. آرمان آتي كوثر-د,485,10501498,324948482062,30929,30950,30949,20,0.06,30943,14,0.05,30941,30950,1399-12-10
106,نطرين,عطرين نخ قم,482,1849291,22990936239,12667,12497,12414,-253,-2.0,12556,-111,-0.88,12414,12770,1399-12-10
107,وملي,گروه‌ صنعتي‌ ملي‌ (هلدينگ‌,474,181672,31905863500,179170,175590,175590,-3580,-2.0,176830,-2340,-1.31,175590,178300,1399-12-10
108,فولاژ,فولاد آلياژي ايران,471,1490894,22772064900,15530,16000,15220,-310,-2.0,15430,-100,-0.64,15220,16000,1399-12-10
109,سباقر,سيمان باقران,469,2603637,47178019350,18427,18059,18059,-368,-2.0,18120,-307,-1.67,18059,18600,1399-12-10
110,زفكاح,ح . كشت و دامداري فكا,461,4687465,36168741933,7870,7713,7732,-138,-1.75,7716,-154,-1.96,7713,7810,1399-12-10
111,وبانك,سرمايه گذاري گروه توسعه ملي,447,3532867,27132418560,7830,7680,7680,-150,-1.92,7780,-50,-0.64,7680,7680,1399-12-10
112,طلا,صندوق س.پشتوانه طلاي لوتوس,444,656461,52424648989,80566,80002,79699,-867,-1.08,79859,-707,-0.88,79316,80150,1399-12-10
113,كنور,توسعه معدني و صنعتي صبانور,443,638791,27077529900,43210,42370,42350,-860,-1.99,42760,-450,-1.04,42350,42860,1399-12-10
114,ساربيل,سيمان آرتا اردبيل,439,798965,47666475530,60070,61500,58870,-1200,-2.0,59690,-380,-0.63,58870,61500,1399-12-10
115,سخوز,سيمان خوزستان,434,962313,21449089550,22700,22280,22280,-420,-1.85,22520,-180,-0.79,22250,22700,1399-12-10
116,شپديس,پتروشيمي پرديس,430,422266,36472691820,88110,86360,86350,-1760,-2.0,87460,-650,-0.74,86350,86950,1399-12-10
117,تماوند,تامين سرمايه دماوند,428,1454029,21823524401,15467,14900,14701,-766,-4.95,15009,-458,-2.96,14700,15590,1399-12-10
118,شصفها,پتروشيمي‌ اصفهان‌,427,514689,63973063241,126365,128700,123838,-2527,-2.0,124295,-2070,-1.64,123838,128700,1399-12-10
119,فيروزه,صندوق شاخص30 شركت فيروزه- سهام,426,231468,29201170760,131090,128480,126000,-5090,-3.88,126160,-4930,-3.76,125850,129300,1399-12-10
120,تسه9909,امتياز تسهيلات مسكن آذر99,423,4878,2753583408,569974,542000,549030,-20944,-3.67,564490,-5484,-0.96,542000,593758,1399-12-10
121,ستران,سيمان‌ تهران‌,416,1161680,30268056190,26580,26050,26050,-530,-1.99,26250,-330,-1.24,26050,26380,1399-12-10
122,ياقوت,صندوق س ياقوت آگاه-ثابت,410,5265094,63101313736,11966,11985,11986,20,0.17,11985,19,0.16,11972,11986,1399-12-10
123,وايرا,سرمايه گذاري صنايع ايران,410,2139089,23242626626,10956,11200,10737,-219,-2.0,10866,-90,-0.82,10737,11200,1399-12-10
124,وبصادر,بانك صادرات ايران,397,8762859,20855604420,2420,2380,2380,-40,-1.65,2410,-10,-0.41,2380,2380,1399-12-10
125,سپاها,سيمان‌سپاهان‌,396,3166695,27047067900,8710,8540,8540,-170,-1.95,8620,-90,-1.03,8540,8600,1399-12-10
126,وتجارت,بانك تجارت,388,3719018,9669446800,2650,2600,2600,-50,-1.89,2650,0,0.0,2600,2600,1399-12-10
127,هرمز,فولاد هرمزگان جنوب,387,3293930,42502732968,13159,12897,12896,-263,-2.0,13066,-93,-0.71,12896,13030,1399-12-10
128,ثمسكن,سرمايه‌گذاري‌ مسكن‌,383,5770916,31138647250,5490,5460,5390,-100,-1.82,5430,-60,-1.09,5390,5460,1399-12-10
129,دشيمي,شيمي‌ داروئي‌ داروپخش‌,382,866084,27570466630,32470,31830,31830,-640,-1.97,32110,-360,-1.11,31830,32180,1399-12-10
130,وملل,اعتباري ملل,378,5907178,79334532288,13704,13430,13430,-274,-2.0,13430,-274,-2.0,13430,13703,1399-12-10
131,وساخت,سرمايه‌ گذاري‌ ساختمان‌ايران‌,372,740131,34667837280,47790,46840,46840,-950,-1.99,47110,-680,-1.42,46840,46900,1399-12-10
132,سهگمت,سيمان‌هگمتان‌,372,732517,18520175920,25760,25250,25250,-510,-1.98,25580,-180,-0.7,25250,25750,1399-12-10
133,كاريس,صندوق س.سپهر كاريزما-س,368,7870965,81120164406,10527,10369,10306,-221,-2.1,10306,-221,-2.1,10264,10527,1399-12-10
134,مارون,پتروشيمي مارون,367,219006,32573950714,148247,147101,152727,4480,3.02,148406,159,0.11,145283,152727,1399-12-10
135,بالاس,مهندسي ساختمان تاسيسات راه آهن,367,332616,19982207534,61287,60063,60062,-1225,-2.0,60791,-496,-0.81,60062,61000,1399-12-10
136,واعتبار,سرمايه گذاري اعتبار ايران,363,4000476,35417916500,9030,9000,8850,-180,-1.99,8900,-130,-1.44,8850,9000,1399-12-10
137,بسويچ,پارس‌سويچ‌,356,267826,14149732790,53640,52600,52570,-1070,-1.99,53410,-230,-0.43,52570,55220,1399-12-10
138,وخارزم,سرمايه گذاري خوارزمي,352,8324277,68092585860,8340,8180,8180,-160,-1.92,8180,-160,-1.92,8180,8180,1399-12-10
139,رنيك,جنرال مكانيك,351,915944,18906856634,21052,20632,20631,-421,-2.0,20892,-160,-0.76,20631,20700,1399-12-10
140,شاراك,پتروشيمي شازند,350,2076340,44167247090,21690,21350,21260,-430,-1.98,21420,-270,-1.24,21260,21600,1399-12-10
141,تكنو,تكنوتار,350,1128988,27397212770,24710,24220,24220,-490,-1.98,24460,-250,-1.01,24220,24750,1399-12-10
142,ذوب,سهامي ذوب آهن  اصفهان,347,1914305,7601705155,4052,3971,3971,-81,-2.0,4046,-6,-0.15,3971,3971,1399-12-10
143,شبصير,توليدات پتروشيمي قائد بصير,347,284675,24230218301,86747,85013,85014,-1733,-2.0,85937,-810,-0.93,85013,85600,1399-12-10
144,دي,بانك دي,340,534413,11500567760,21959,21520,21520,-439,-2.0,21867,-92,-0.42,21520,21520,1399-12-10
145,خساپا,سايپا,332,6088458,14125222560,2360,2320,2320,-40,-1.69,2360,0,0.0,2320,2320,1399-12-10
146,وحكمت,بيمه حكمت صبا,332,2782767,11537702176,4220,4145,4136,-84,-1.99,4177,-43,-1.02,4136,4230,1399-12-10
147,وثنو,سرمايه گذاري ساختماني نوين,331,927772,13237450896,15018,14268,14268,-750,-4.99,14470,-548,-3.65,14268,14268,1399-12-10
148,ومعادن,توسعه‌معادن‌وفلزات‌,330,3222265,35444915000,11220,11000,11000,-220,-1.96,11150,-70,-0.62,11000,11000,1399-12-10
149,كگهر,سنگ آهن گهرزمين,328,649052,29449155842,46027,45107,45500,-527,-1.14,45864,-163,-0.35,45107,46051,1399-12-10
150,كفرآور,فرآورده هاي سيمان شرق,322,1316974,35651054111,27334,26900,26788,-546,-2.0,27070,-264,-0.97,26788,28110,1399-12-10
151,وسينا,بانك سينا,316,4970413,16552015290,3390,3330,3330,-60,-1.77,3370,-20,-0.59,3330,3360,1399-12-10
152,ساروج,بين المللي ساروج بوشهر,313,1171833,26969325327,23447,23029,22979,-468,-2.0,23015,-432,-1.84,22979,23760,1399-12-10
153,وكارح,ح . بانك‌ كارآفرين‌,310,14046169,13905707310,1030,990,990,-40,-3.88,990,-40,-3.88,990,990,1399-12-10
154,چكاوه,صنايع‌كاغذسازي‌كاوه‌,305,932118,14755606400,16150,15830,15830,-320,-1.98,16050,-100,-0.62,15830,15880,1399-12-10
155,دكپسولح,ح .توليد ژلاتين كپسول ايران,305,307252,7127206623,23406,23015,23009,-397,-1.7,23197,-209,-0.89,23002,23760,1399-12-10
156,فايرا,آلومينيوم‌ايران‌,302,4303478,109394894760,25930,25420,25420,-510,-1.97,25420,-510,-1.97,25420,25860,1399-12-10
157,پارس,پتروشيمي پارس,301,244190,30282581590,126320,125200,123800,-2520,-1.99,125610,-710,-0.56,123800,125200,1399-12-10
158,سيستم,همكاران سيستم,301,814572,21673744170,27130,26590,26590,-540,-1.99,26900,-230,-0.85,26590,27000,1399-12-10
159,تصميم,صندوق س با درآمد ثابت تصميم,294,2192268,34547858791,15749,15758,15760,11,0.07,15759,10,0.06,15754,15760,1399-12-10
160,غفارس,شير پاستوريزه پگاه فارس,292,2180844,34974423808,16359,16032,16032,-327,-2.0,16133,-226,-1.38,16032,16293,1399-12-10
161,ورازي,بيمه رازي,289,2575082,20868190680,8508,8100,8083,-425,-5.0,8104,-404,-4.75,8083,8500,1399-12-10
162,دشيميح,ح . شيمي‌ داروئي‌ داروپخش‌,288,502708,11509334710,23820,22880,22870,-950,-3.99,22890,-930,-3.9,22870,23620,1399-12-10
163,جم پيلن,پلي پروپيلن جم - جم پيلن,288,243299,15441351400,64600,63320,63600,-1000,-1.55,64260,-340,-0.53,63310,63980,1399-12-10
164,لوتوس,تامين سرمايه لوتوس پارسيان,286,909357,9206627480,10240,10070,10210,-30,-0.29,10220,-20,-0.2,10070,10220,1399-12-10
165,ومشان,س. فني و مهندسي مشانير,285,258152,19388131135,76631,75099,75099,-1532,-2.0,75104,-1527,-1.99,75099,76883,1399-12-10
166,وخاور,بانك خاورميانه,283,2721267,23786544630,8910,8740,8740,-170,-1.91,8830,-80,-0.9,8740,8830,1399-12-10
167,خكرمان,گروه اقتصادي كرمان خودرو,278,2303705,9107382165,4033,3953,3953,-80,-1.98,3995,-38,-0.94,3953,4000,1399-12-10
168,شاوان,پالايش نفت لاوان,273,1144350,86341485930,76985,75449,75446,-1539,-2.0,75450,-1535,-1.99,75446,76850,1399-12-10
169,سپ,پرداخت الكترونيك سامان كيش,271,793181,13639198600,17490,17150,17150,-340,-1.94,17410,-80,-0.46,17150,17590,1399-12-10
170,فنورد,نوردوقطعات‌ فولادي‌,267,147824,30672078400,211720,207490,207490,-4230,-2.0,209040,-2680,-1.27,207490,208250,1399-12-10
171,خگستر,گسترش‌سرمايه‌گذاري‌ايران‌خودرو,251,2385569,7108995620,3040,2980,2980,-60,-1.97,3030,-10,-0.33,2980,2980,1399-12-10
172,تاصيكو,سرمايه گذاري صدرتامين,249,3569336,33230518160,9500,9310,9310,-190,-2.0,9450,-50,-0.53,9310,9310,1399-12-10
173,پاكشو,گروه صنعتي پاكشو,247,403135,30549610300,77320,75780,75780,-1540,-1.99,76840,-480,-0.62,75780,75800,1399-12-10
174,وسين,بيمه سينا,245,1658847,27666437214,17516,17000,16641,-875,-5.0,16678,-838,-4.78,16641,17000,1399-12-10
175,حفاري,حفاري شمال,245,3125899,33759709200,11020,10800,10800,-220,-2.0,10870,-150,-1.36,10800,10800,1399-12-10
176,نمرينو,ايران‌ مرينوس‌,244,596646,40926016100,64720,68600,68600,3880,6.0,67570,2850,4.4,66040,68600,1399-12-10
177,بميلا,توسعه بازرگاني آهن وفولادميلاد,243,904743,14022378888,16281,15468,15467,-814,-5.0,15681,-600,-3.69,15467,16100,1399-12-10
178,بركت,گروه دارويي بركت,235,252405,6580198350,26600,26070,26070,-530,-1.99,26540,-60,-0.23,26070,26070,1399-12-10
179,وغدير,سرمايه‌گذاري‌غدير(هلدينگ‌,234,3619994,39856133940,11230,11010,11010,-220,-1.96,11150,-80,-0.71,11010,11010,1399-12-10
180,عيار,صندوق س. پشتوانه طلاي مفيد,233,195844,5463778572,28047,27752,27919,-128,-0.46,27899,-148,-0.53,27750,28050,1399-12-10
181,آساس,صندوق س.آسمان آرماني سهام-س,230,63882,9605637413,153163,152500,150500,-2663,-1.74,150365,-2798,-1.83,149437,152500,1399-12-10
182,كرماشا,صنايع پتروشيمي كرمانشاه,224,439327,14823529200,34420,33740,33740,-680,-1.98,34210,-210,-0.61,33740,33920,1399-12-10
183,پكرمان,گروه‌ صنعتي‌ بارز,220,821263,21089167430,26190,25670,25670,-520,-1.99,25970,-220,-0.84,25670,26010,1399-12-10
184,وسكاب,س.ص.بازنشستگي كاركنان بانكها,217,6015943,32425932770,5500,5390,5390,-110,-2.0,5430,-70,-1.27,5390,5390,1399-12-10
185,تسه9902,امتياز تسهيلات مسكن ارديبهشت99,216,4301,2410044069,563319,535211,535154,-28165,-5.0,560345,-2974,-0.53,535154,591484,1399-12-10
186,بپيوند,برق و انرژي پيوندگستر پارس,214,1257697,17619077273,14294,14009,14009,-285,-1.99,14191,-103,-0.72,14009,14009,1399-12-10
187,شكبير,پتروشيمي اميركبير,212,429910,38894363202,91199,92926,89390,-1809,-1.98,90914,-285,-0.31,89376,93399,1399-12-10
188,مبين,مبين انرژي خليج فارس,211,3416178,49363991450,14740,14450,14450,-290,-1.97,14620,-120,-0.81,14450,14500,1399-12-10
189,تسه9905,امتياز تسهيلات مسكن مرداد99,208,5862,3252225572,574062,545500,601000,26938,4.69,554798,-19264,-3.36,545359,601999,1399-12-10
190,فباهنر,مس‌ شهيدباهنر,202,169363,8669691970,52230,51190,51190,-1040,-1.99,52040,-190,-0.36,51190,51190,1399-12-10
191,تسه9907,امتياز تسهيلات مسكن مهر99,200,1988,1124380788,569890,541500,541396,-28494,-5.0,565584,-4306,-0.76,541396,598384,1399-12-10
192,زرين,صندوق س. سهام زرين كوروش-س,197,777686,7109297261,9176,8838,9040,-136,-1.48,9142,-34,-0.37,8838,9500,1399-12-10
193,جم,پتروشيمي جم,195,1267871,38961877110,31350,30730,30730,-620,-1.98,31100,-250,-0.8,30730,31320,1399-12-10
194,تيپيكو,سرمايه گذاري دارويي تامين,193,676745,28193196700,42510,41660,41660,-850,-2.0,42180,-330,-0.78,41660,41660,1399-12-10
195,سپح,ح . پرداخت الكترونيك سامان كيش,193,10002083,144030595200,15000,15000,14400,-600,-4.0,14400,-600,-4.0,14400,15000,1399-12-10
196,شجم,صنايع پتروشيمي تخت جمشيد,192,2671657,24901960901,9509,9319,9319,-190,-2.0,9321,-188,-1.98,9319,9498,1399-12-10
197,سمتاز,سيمان ممتازان كرمان,192,589464,10536854209,18236,17872,17872,-364,-2.0,18040,-196,-1.07,17872,18000,1399-12-10
198,كاما,باما,192,683528,9712932880,14500,14210,14210,-290,-2.0,14450,-50,-0.34,14210,14210,1399-12-10
199,ضخود2006,اختيارخ خودرو-2500-1400/02/08,191,5511,1504524000,301,296,260,-41,-13.62,273,-28,-9.3,260,297,1399-12-10
200,كيان2,صندوق س. با درآمد ثابت كيان,191,19100000,19100000,27353,1,1,-27352,-100.0,1,-27352,-100.0,1,1,1399-12-10
201,تسه9801,امتياز تسهيلات مسكن فروردين98,185,2654,1444829792,559032,532501,549000,-10032,-1.79,544397,-14635,-2.62,532501,557498,1399-12-10
202,تسه9906,امتياز تسهيلات مسكن شهريور99,183,1910,1070893767,556459,531500,546020,-10439,-1.88,560677,4218,0.76,531500,584281,1399-12-10
203,پارسان,گسترش نفت و گاز پارسيان,182,2103784,38186632600,18520,18190,18150,-370,-2.0,18400,-120,-0.65,18150,18190,1399-12-10
204,سيدكو,سرمايه گذاري توسعه صنايع سيمان,181,1271167,7678338620,6160,6040,6040,-120,-1.95,6140,-20,-0.32,6040,6050,1399-12-10
205,تسه9810,امتياز تسهيلات مسكن دي98,180,3905,2192348987,565925,537700,538200,-27725,-4.9,561421,-4504,-0.8,537700,594220,1399-12-10
206,سكه0012پ01,سكه تمام بهارتحويلي 1روزه رفاه,175,49700,54382324700,1106015,1089000,1093518,-12497,-1.13,1094212,-11803,-1.07,1089000,1099999,1399-12-10
207,گوهر,صندوق سكه طلاي كيان,174,87521,4757379672,55242,54256,54254,-988,-1.79,54357,-885,-1.6,54134,54849,1399-12-10
208,دزهراويح,ح . ‌داروسازي‌زهراوي‌,174,541083,2994278740,5760,5530,5530,-230,-3.99,5530,-230,-3.99,5530,5600,1399-12-10
209,خصدرا,صنعتي‌ دريايي‌ ايران‌,173,5121634,16501904748,3287,3222,3222,-65,-1.98,3255,-32,-0.97,3222,3222,1399-12-10
210,اطلس,صندوق س.توسعه اندوخته آينده-س,171,38052,7285117065,193460,190040,191250,-2210,-1.14,191452,-2008,-1.04,190040,196897,1399-12-10
211,آتيمس,صندوق س.آرمان آتيه درخشان مس-س,164,41091,7142006506,177553,176700,173000,-4553,-2.56,173810,-3743,-2.11,172000,176700,1399-12-10
212,كخاك,صنايع‌خاك‌چيني‌ايران‌,163,362850,15974770040,44910,44020,44020,-890,-1.98,44620,-290,-0.65,44020,44920,1399-12-10
213,شبندر,پالايش نفت بندرعباس,161,2258286,52979389560,23930,23460,23460,-470,-1.96,23710,-220,-0.92,23460,23460,1399-12-10
214,بترانس,ايران‌ ترانسفو,161,2940800,8234240000,2850,2800,2800,-50,-1.75,2840,-10,-0.35,2800,2800,1399-12-10
215,بورس,بورس اوراق بهادار تهران,161,399607,15752507940,40220,39420,39420,-800,-1.99,40020,-200,-0.5,39420,39420,1399-12-10
216,تسه9712,امتياز تسهيلات مسكن اسفند97,158,2434,1288523088,556180,529000,529000,-27180,-4.89,529385,-26795,-4.82,528371,550000,1399-12-10
217,كحافظ,كاشي‌ وسراميك‌ حافظ‌,157,565618,7166380060,12920,12670,12670,-250,-1.93,12880,-40,-0.31,12670,12670,1399-12-10
218,ثاخت,بين‌المللي‌توسعه‌ساختمان,156,2785495,7576546400,2770,2720,2720,-50,-1.81,2760,-10,-0.36,2720,2720,1399-12-10
219,ولتجار,واسپاري تجارت وسرمايه ايرانيان,154,1801503,15294760470,8086,8490,8490,404,5.0,8375,289,3.57,8490,8490,1399-12-10
220,زر,صندوق س.پشتوانه سكه طلاي زر,154,174646,8389161119,48429,48500,48000,-429,-0.89,48035,-394,-0.81,47900,48500,1399-12-10
221,زپارس,ملي كشت و صنعت و دامپروري پارس,153,185532,32785819620,179850,176260,176260,-3590,-2.0,177730,-2120,-1.18,176260,182990,1399-12-10
222,شخارك,پتروشيمي‌ خارك‌,153,677855,27636256450,41600,40770,40770,-830,-2.0,41360,-240,-0.58,40770,41000,1399-12-10
223,تسه9904,امتياز تسهيلات مسكن تير99,152,1797,1013624157,567189,546666,548000,-19189,-3.38,564065,-3124,-0.55,546666,595500,1399-12-10
224,سشرق,سيمان‌ شرق‌,148,1192883,8159319720,6970,6840,6840,-130,-1.87,6950,-20,-0.29,6840,6840,1399-12-10
225,دارا,صندوق س. دارا الگوريتم-د,148,2635589,26426149792,10012,10040,10026,14,0.14,10027,15,0.15,10008,10042,1399-12-10
226,خريخت,صنايع‌ريخته‌گري‌ايران‌,146,1266343,4522319400,3640,3570,3570,-70,-1.92,3630,-10,-0.27,3570,3670,1399-12-10
227,فيروزا,صندوق بادرآمد ثابت فيروزه آسيا,144,557640,12428903714,22227,22288,22295,68,0.31,22288,61,0.27,22256,22333,1399-12-10
228,كارين,صندوق س نگين سامان-ثابت,141,5171051,52036347202,10056,10063,10063,7,0.07,10063,7,0.07,10058,10064,1399-12-10
229,تسه9802,امتياز تسهيلات مسكن ارديبهشت98,138,1330,740158247,565982,550010,559910,-6072,-1.07,556510,-9472,-1.67,541135,579981,1399-12-10
230,سفانو,سيمان فارس نو,138,621144,27206752470,44690,43800,43800,-890,-1.99,44190,-500,-1.12,43800,44580,1399-12-10
231,ولپارس,ليزينگ پارسيان,136,1951676,11183103480,5840,5730,5730,-110,-1.88,5810,-30,-0.51,5730,5730,1399-12-10
232,حكشتي,كشتيراني جمهوري اسلامي ايران,135,1798042,35978820420,20410,20010,20010,-400,-1.96,20290,-120,-0.59,20010,20010,1399-12-10
233,شلعاب,لعابيران‌,135,240356,5182075360,21990,21560,21560,-430,-1.96,21940,-50,-0.23,21560,21560,1399-12-10
234,سكه9912پ04,سكه تمام بهارتحويل1روزه صادرات,134,73800,80760682300,1104481,1099998,1093008,-11473,-1.04,1094318,-10163,-0.92,1090000,1099998,1399-12-10
235,ارمغان,ص سرمايه گذاري ارمغان ايرانيان,133,2827658,28703636332,10138,10150,10152,14,0.14,10151,13,0.13,10145,10152,1399-12-10
236,كتوكاح,ح.توليدي وخدمات صنايع نسوزتوكا,130,701432,15289814736,22242,21798,21798,-444,-2.0,21798,-444,-2.0,21798,21798,1399-12-10
237,صايند,صندوق س. گنجينه آينده روشن-د,129,1873820,18870357710,10068,10055,10067,-1,-0.01,10071,3,0.03,10055,10089,1399-12-10
238,لبوتان,گروه‌صنعتي‌بوتان‌,125,244311,15640790220,65320,64020,64020,-1300,-1.99,64900,-420,-0.64,64020,64020,1399-12-10
239,ثتوسا,س.توسعه و عمران استان اردبيل,123,255325,12003338900,47971,47012,47012,-959,-2.0,47388,-583,-1.22,47012,47012,1399-12-10
240,تسه9803,امتياز تسهيلات مسكن خرداد98,123,1217,712577824,591908,565302,590000,-1908,-0.32,585520,-6388,-1.08,565302,617998,1399-12-10
241,ونيرو,سرمايه‌گذاري‌نيرو,123,1389286,3598250740,2640,2590,2590,-50,-1.89,2640,0,0.0,2590,2590,1399-12-10
242,شيراز,پتروشيمي‌شيراز,121,785314,39277015620,51030,50020,50010,-1020,-2.0,50620,-410,-0.8,50010,50760,1399-12-10
243,تسه9903,امتياز تسهيلات مسكن خرداد99,120,1159,650251457,565852,553000,537560,-28292,-5.0,561045,-4807,-0.85,537560,594144,1399-12-10
244,تملت,تامين سرمايه بانك ملت,115,1194316,6867317000,5860,5750,5750,-110,-1.88,5840,-20,-0.34,5750,5750,1399-12-10
245,زعف0008پ10,زعفران0008نگين طلاي سرخ(پ),114,287054,34317479412,123471,124938,123800,329,0.27,119551,-3920,-3.17,119105,124938,1399-12-10
246,وهور,مديريت انرژي اميد  تابان هور,113,912721,2133941698,2385,2338,2338,-47,-1.97,2383,-2,-0.08,2338,2338,1399-12-10
247,سپيدار,سپيدار سيستم آسيا,109,312443,21812270716,71236,69812,69812,-1424,-2.0,70596,-640,-0.9,69812,69812,1399-12-10
248,افق ملت,صندوق س در سهام افق ملت,107,79099,8989914990,117180,115500,113250,-3930,-3.35,113650,-3530,-3.01,113100,115500,1399-12-10
249,اخزا908,اسنادخزانه-م8بودجه99-020606,107,241315,145799766780,607550,607010,604900,-2650,-0.44,604189,-3361,-0.55,600000,607550,1399-12-10
250,وبشهر,توسعه‌ صنايع‌ بهشهر(هلدينگ,106,1020791,11718680680,11710,11480,11480,-230,-1.96,11650,-60,-0.51,11480,11480,1399-12-10
251,ضسپا3004,اختيارخ خساپا-2500-1400/03/26,106,4372,1126759000,293,275,259,-34,-11.6,258,-35,-11.95,250,275,1399-12-10
252,كسعدي,كاشي‌ سعدي‌,105,1425705,31451052300,22510,22060,22060,-450,-2.0,22220,-290,-1.29,22060,22060,1399-12-10
253,تسه9901,امتياز تسهيلات مسكن فروردين99,103,1425,810349719,572595,570000,600998,28403,4.96,568666,-3929,-0.69,544100,601224,1399-12-10
254,ثشرق,سرمايه گذاري مسكن شمال شرق,102,2447901,16939474920,7060,6920,6920,-140,-1.98,7010,-50,-0.71,6920,6920,1399-12-10
255,آساميد,صندوق س.مشترك آسمان اميد -د,101,3959784,45981239751,11613,11610,11611,-2,-0.02,11612,-1,-0.01,11610,11617,1399-12-10
256,اعتلا,شركت سرمايه گذاري اعتلاء البرز,101,430352,3580098288,8488,8319,8319,-169,-1.99,8476,-12,-0.14,8319,8319,1399-12-10
257,انرژي3,سايراشخاص بورس انرژي,101,6728,1816089040,275430,269930,269930,-5500,-2.0,275280,-150,-0.05,269930,269930,1399-12-10
258,معيار,سرمايه گذاري معيار صنعت پارس,101,119738,5891430493,49145,50200,48163,-982,-2.0,49161,16,0.03,48163,50200,1399-12-10
259,شپاس,نفت پاسارگاد,100,931770,19474030430,21326,20900,20900,-426,-2.0,21155,-171,-0.8,20900,20910,1399-12-10
260,نهال2,صندوق س. طلاي سرخ نوويرا,100,9820000,9820000,9037,1,1,-9036,-99.99,1,-9036,-99.99,1,1,1399-12-10
261,سبزوا,سيمان لار سبزوار,99,832187,3133184055,3841,3765,3765,-76,-1.98,3836,-5,-0.13,3765,3765,1399-12-10
262,همراه,شركت ارتباطات سيار ايران,97,844679,22113696220,26710,26180,26180,-530,-1.98,26590,-120,-0.45,26180,26180,1399-12-10
263,سقاين,سيمان‌ قائن‌,96,34388,2652346440,78700,77130,77130,-1570,-1.99,78610,-90,-0.11,77130,77130,1399-12-10
264,خاتم,صندوق س خاتم ايساتيس پويا-ثابت,96,3465098,36776455542,10608,10611,10616,8,0.08,10613,5,0.05,10611,10616,1399-12-10
265,كپرور,فرآوري زغال سنگ پروده طبس,96,285334,11360858544,40628,39816,39816,-812,-2.0,40439,-189,-0.47,39816,39816,1399-12-10
266,پيزد,مجتمع صنايع لاستيك يزد,96,25812,1730952720,68428,67060,67060,-1368,-2.0,68379,-49,-0.07,67060,67060,1399-12-10
267,ثبهساز,بهساز كاشانه تهران,93,849180,1978589400,2370,2330,2330,-40,-1.69,2370,0,0.0,2330,2330,1399-12-10
268,ضخود2005,اختيارخ خودرو-2000-1400/02/08,92,2231,1378882000,672,665,605,-67,-9.97,618,-54,-8.04,600,665,1399-12-10
269,شفارس,صنايع‌ شيميايي‌ فارس‌,91,223179,11739215400,53670,52600,52600,-1070,-1.99,53410,-260,-0.48,52600,52600,1399-12-10
270,بكهنوج,توليد برق ماهتاب كهنوج,89,930492,1713035772,1878,1841,1841,-37,-1.97,1877,-1,-0.05,1841,1841,1399-12-10
271,اخزا907,اسنادخزانه-م7بودجه99-020704,88,130211,78138524229,601406,604980,600000,-1406,-0.23,600092,-1314,-0.22,592003,604980,1399-12-10
272,افق,فروشگاههاي زنجيره اي افق كوروش,88,90514,6666356100,75150,73650,73650,-1500,-2.0,75040,-110,-0.15,73650,73650,1399-12-10
273,آسيا,بيمه آسيا,87,1268571,2993827560,2400,2360,2360,-40,-1.67,2400,0,0.0,2360,2360,1399-12-10
274,اخزا903,اسنادخزانه-م3بودجه99-011110,87,148259,101051901824,683329,682116,679602,-3727,-0.55,681590,-1739,-0.25,679602,683752,1399-12-10
275,سپاس,صندوق س. پاداش سهامداري توسعه1,87,1724729,17461261304,10119,10125,10125,6,0.06,10124,5,0.05,10123,10126,1399-12-10
276,ما,بيمه  ما,87,330239,2699816760,8260,8280,8100,-160,-1.94,8260,0,0.0,8100,8280,1399-12-10
277,وپاسار,بانك  پاسارگاد,84,358804,4212358960,11970,11740,11740,-230,-1.92,11960,-10,-0.08,11740,11740,1399-12-10
278,ضخود2009,اختيارخ خودرو-4000-1400/02/08,83,4574,184177000,51,40,41,-10,-19.61,40,-11,-21.57,39,47,1399-12-10
279,پتاير,ايران‌ تاير,82,418464,1962596160,4780,4690,4690,-90,-1.88,4780,0,0.0,4690,4690,1399-12-10
280,شيران,س. صنايع‌شيميايي‌ايران,81,246936,6659863920,27520,26970,26970,-550,-2.0,27480,-40,-0.15,26970,26970,1399-12-10
281,سيلام,سيمان‌ ايلام‌,81,1464811,17065048150,11880,11650,11650,-230,-1.94,11800,-80,-0.67,11650,11650,1399-12-10
282,اخزا909,اسنادخزانه-م9بودجه99-020316,80,149222,94569475201,637459,635992,632751,-4708,-0.74,633750,-3709,-0.58,632151,635992,1399-12-10
283,شفارا,پتروشيمي فارابي,80,704020,2664775195,3862,3785,3785,-77,-1.99,3851,-11,-0.28,3785,3786,1399-12-10
284,شكف,كف,79,38381,3318651546,88230,86466,86466,-1764,-2.0,87624,-606,-0.69,86466,86466,1399-12-10
285,كمرجان,بازرگاني و توليدي مرجان كار,76,51702,7496479788,147953,144994,144994,-2959,-2.0,147500,-453,-0.31,144994,144994,1399-12-10
286,زماهان,مجتمع توليد گوشت مرغ ماهان,75,61670,1278234090,21149,20727,20727,-422,-2.0,21138,-11,-0.05,20727,20727,1399-12-10
287,سمازن,سيمان‌مازندران‌,75,1194127,14281758920,12200,11960,11960,-240,-1.97,12130,-70,-0.57,11960,11960,1399-12-10
288,خودكفا,اقتصادي و خودكفايي آزادگان,74,79187,1885838405,24301,23815,23815,-486,-2.0,24279,-22,-0.09,23815,23815,1399-12-10
289,كيميا,معدني كيمياي زنجان گستران,73,260086,4901840842,19231,18847,18847,-384,-2.0,19192,-39,-0.2,18847,18847,1399-12-10
290,رانفور,خدمات‌انفورماتيك‌,73,714043,17522615220,25040,24540,24540,-500,-2.0,24930,-110,-0.44,24540,24540,1399-12-10
291,پارسيان,بيمه پارسيان,71,2506708,31108246280,12660,12410,12410,-250,-1.97,12500,-160,-1.26,12410,12410,1399-12-10
292,حتايد,تايدواترخاورميانه,70,537654,12672504780,24050,23570,23570,-480,-2.0,23920,-130,-0.54,23570,23570,1399-12-10
293,سكه0112پ03,سكه تمام بهارتحويلي1روزه سامان,70,16700,18235680700,1104804,1085000,1093500,-11304,-1.02,1091957,-12847,-1.16,1075100,1098500,1399-12-10
294,گشان,توسعه بين المللي پديده شانديز,69,64771,2364530126,37251,36506,36506,-745,-2.0,37170,-81,-0.22,36506,36506,1399-12-10
295,تسه9812,امتياز تسهيلات مسكن اسفند98,68,461,261023036,588230,559000,600000,11770,2.0,566210,-22020,-3.74,558819,600000,1399-12-10
296,فاراك,ماشين‌ سازي‌ اراك‌,66,248053,1299797720,5340,5240,5240,-100,-1.87,5340,0,0.0,5240,5240,1399-12-10
297,سپر,صندوق س سپر سرمايه بيدار- ثابت,65,999225,11418674144,11430,11424,11433,3,0.03,11428,-2,-0.02,11423,11434,1399-12-10
298,شپاكسا,پاكسان‌,65,101673,2778723090,27880,27330,27330,-550,-1.97,27850,-30,-0.11,27330,27330,1399-12-10
299,سرچشمه,سرمايه گذاري مس سرچشمه,65,115532,756388004,6680,6547,6547,-133,-1.99,6678,-2,-0.03,6547,6547,1399-12-10
300,تسه9809,امتياز تسهيلات مسكن آذر98,65,643,360307523,564764,593002,568000,3236,0.57,560354,-4410,-0.78,536546,593002,1399-12-10
301,لابسا,آبسال‌,64,57425,2850577000,50650,49640,49640,-1010,-1.99,50590,-60,-0.12,49640,49640,1399-12-10
302,تسه9808,امتياز تسهيلات مسكن آبان98,64,746,412485159,564559,536509,559000,-5559,-0.98,552929,-11630,-2.06,536332,580000,1399-12-10
303,بالبر,كابل‌ البرز,63,26638,1507178040,57730,56580,56580,-1150,-1.99,57690,-40,-0.07,56580,56580,1399-12-10
304,وصنعت,سرمايه گذاري توسعه صنعت وتجارت,63,881480,6337841200,7330,7190,7190,-140,-1.91,7310,-20,-0.27,7190,7190,1399-12-10
305,واميد,گروه مديريت سرمايه گذاري اميد,62,217719,7861833090,36840,36110,36110,-730,-1.98,36790,-50,-0.14,36110,36110,1399-12-10
306,فزرين,زرين معدن آسيا,62,1159747,35034797123,30825,30209,30209,-616,-2.0,30380,-445,-1.44,30209,30209,1399-12-10
307,قشرين,قند شيرين خراسان,60,161102,2484676146,16065,15423,15423,-642,-4.0,15982,-83,-0.52,15423,15423,1399-12-10
308,اخزا901,اسنادخزانه-م1بودجه99-010621,60,42827,31546349227,736992,737000,737001,9,0.0,736600,-392,-0.05,736010,739988,1399-12-10
309,فردا,صندوق س آواي فرداي زاگرس-ثابت,60,835724,8562900345,10238,10247,10247,9,0.09,10246,8,0.08,10244,10247,1399-12-10
310,رمپنا,گروه مپنا (سهامي عام),59,1441197,22900620330,16210,15890,15890,-320,-1.97,16150,-60,-0.37,15890,15890,1399-12-10
311,خبهمن,گروه‌بهمن‌,59,202665,4189085550,21090,20670,20670,-420,-1.99,21070,-20,-0.09,20670,20670,1399-12-10
312,چخزر,صنايع چوب خزر كاسپين,59,402328,24259573744,61528,60298,60298,-1230,-2.0,60919,-609,-0.99,60298,60298,1399-12-10
313,فاسمين,كالسيمين‌,58,369251,6040946360,16690,16360,16360,-330,-1.98,16650,-40,-0.24,16360,16360,1399-12-10
314,دماوند,توليد نيروي برق دماوند,58,15080,736823880,49858,48861,48861,-997,-2.0,49844,-14,-0.03,48861,48861,1399-12-10
315,سخاش,سيمان‌خاش‌,57,20509,3369423610,167640,164290,164290,-3350,-2.0,167410,-230,-0.14,164290,164290,1399-12-10
316,شوينده,مديريت صنعت شوينده ت.ص.بهشهر,55,59532,1850849880,31720,31090,31090,-630,-1.99,31700,-20,-0.06,31090,31090,1399-12-10
317,زعف0008پ11,زعفران0008نگين سحرخيز(پ),55,315312,37272205790,119997,119500,119000,-997,-0.83,118207,-1790,-1.49,118110,119600,1399-12-10
318,آبادا,توليد نيروي برق آبادان,55,62610,881548800,14360,14080,14080,-280,-1.95,14350,-10,-0.07,14080,14080,1399-12-10
319,كفپارس,فرآورده‌هاي‌ نسوز پارس‌,54,283724,1330665560,4780,4690,4690,-90,-1.88,4780,0,0.0,4690,4690,1399-12-10
320,ضخود2008,اختيارخ خودرو-3500-1400/02/08,54,2055,149556000,85,71,70,-15,-17.65,73,-12,-14.12,70,79,1399-12-10
321,وپست,پست بانك ايران,53,1235033,20378044500,16830,16500,16500,-330,-1.96,16690,-140,-0.83,16500,16500,1399-12-10
322,تسه9807,امتياز تسهيلات مسكن مهر98,52,466,258349973,560357,560000,543000,-17357,-3.1,554399,-5958,-1.06,532350,588374,1399-12-10
323,ضملت3001,اختيارخ وبملت-3500-1400/03/19,52,2173,1217857000,629,612,515,-114,-18.12,560,-69,-10.97,515,612,1399-12-10
324,البرز,بيمه البرز,52,462761,1661311990,3660,3590,3590,-70,-1.91,3660,0,0.0,3590,3590,1399-12-10
325,فافزا,فولاد افزا سپاهان,52,142025,7102954300,52095,50012,50012,-2083,-4.0,51318,-777,-1.49,50012,50012,1399-12-10
326,لكما,كارخانجات‌مخابراتي‌ايران‌,51,380165,2361965145,6471,6213,6213,-258,-3.99,6439,-32,-0.49,6213,6213,1399-12-10
327,چكاپا,گروه صنايع كاغذ پارس,51,181094,957987260,5390,5290,5290,-100,-1.86,5390,0,0.0,5290,5290,1399-12-10
328,كروي,توسعه‌ معادن‌ روي‌ ايران‌,51,223751,5920451460,27000,26460,26460,-540,-2.0,26930,-70,-0.26,26460,26460,1399-12-10
329,غزر,صنعتي زر ماكارون,51,30710,804909100,26740,26210,26210,-530,-1.98,26730,-10,-0.04,26210,26210,1399-12-10
330,فرآور,فرآوري‌موادمعدني‌ايران‌,50,95669,3546449830,37820,37070,37070,-750,-1.98,37770,-50,-0.13,37070,37070,1399-12-10
331,غپينو,پارس‌ مينو,50,114542,739941320,6590,6460,6460,-130,-1.97,6590,0,0.0,6460,6460,1399-12-10
332,اخزا902,اسنادخزانه-م2بودجه99-011019,50,60548,41760667685,691642,696000,689021,-2621,-0.38,689712,-1930,-0.28,689009,696000,1399-12-10
333,آكورد2,صندوق س. آرمان آتي كوثر-د,50,5000000,5000000,30929,1,1,-30928,-100.0,1,-30928,-100.0,1,1,1399-12-10
334,زدشت,كشت و صنعت دشت خرم دره,49,384778,11320168760,30020,29420,29420,-600,-2.0,29880,-140,-0.47,29420,29420,1399-12-10
335,اخزا815,اسنادخزانه-م15بودجه98-010406,48,91105,70084987201,770385,770001,769005,-1380,-0.18,769277,-1108,-0.14,768500,772000,1399-12-10
336,مرقام,ايران‌ارقام‌,48,143202,2536107420,18070,17710,17710,-360,-1.99,18050,-20,-0.11,17710,17710,1399-12-10
337,سبهان,سيمان‌ بهبهان‌,48,34839,4980583440,145870,142960,142960,-2910,-1.99,145570,-300,-0.21,142960,142960,1399-12-10
338,شگل,گلتاش‌,48,142346,1507444140,10800,10590,10590,-210,-1.94,10790,-10,-0.09,10590,10590,1399-12-10
339,تسه9811,امتياز تسهيلات مسكن بهمن98,48,347,203179319,599422,569451,628999,29577,4.93,585531,-13891,-2.32,569451,628999,1399-12-10
340,دزهراوي,داروسازي‌زهراوي‌,48,99202,794608020,8170,8010,8010,-160,-1.96,8170,0,0.0,8010,8010,1399-12-10
341,وليز,ليزينگ‌ايران‌,47,1518530,14653814500,9840,9650,9650,-190,-1.93,9780,-60,-0.61,9650,9650,1399-12-10
342,فرابورس,فرابورس ايران,47,85797,2844084753,33825,33149,33149,-676,-2.0,33786,-39,-0.12,33149,33149,1399-12-10
343,فسرب,ملي‌ سرب‌وروي‌ ايران‌,47,14022,1164386880,84730,83040,83040,-1690,-1.99,84690,-40,-0.05,83040,83040,1399-12-10
344,غويتاح,ح . ويتانا,46,84571,991764117,11966,11727,11727,-239,-2.0,11727,-239,-2.0,11727,11727,1399-12-10
345,اخزا808,اسنادخزانه-م8بودجه98-000817,46,96128,84349181154,877996,877616,877600,-396,-0.05,877467,-529,-0.06,876700,878800,1399-12-10
346,خمحركه,نيرو محركه‌,45,197460,953731800,4920,4830,4830,-90,-1.83,4920,0,0.0,4830,4830,1399-12-10
347,زشگزا,شير و گوشت زاگرس شهركرد,45,80491,659945709,8366,8199,8199,-167,-2.0,8364,-2,-0.02,8199,8199,1399-12-10
348,شاروم,پتروشيمي اروميه,45,137788,2645254024,19589,19198,19198,-391,-2.0,19568,-21,-0.11,19198,19198,1399-12-10
349,غديس,پاكديس,45,305047,4119964782,13781,13506,13506,-275,-2.0,13758,-23,-0.17,13506,13506,1399-12-10
350,وگردش,بانك گردشگري,44,51815,884482050,17781,17070,17070,-711,-4.0,17774,-7,-0.04,17070,17070,1399-12-10
351,سدشت,صنايع سيمان دشتستان,44,34117,1861764690,51490,54570,54570,3080,5.98,51600,110,0.21,54570,54570,1399-12-10
352,وبوعلي,سرمايه‌گذاري‌بوعلي‌,44,270561,1544903310,5820,5710,5710,-110,-1.89,5820,0,0.0,5710,5710,1399-12-10
353,غشهداب,كشت و صنعت شهداب ناب خراسان,44,2096844,8429312880,4102,4020,4020,-82,-2.0,4088,-14,-0.34,4020,4020,1399-12-10
354,وسنا,سرمايه گذاري نيروگاهي ايران,43,68507,1029523196,15818,15028,15028,-790,-4.99,15779,-39,-0.25,15028,15028,1399-12-10
355,قصفها,قنداصفهان‌,43,4830,783474300,165520,162210,162210,-3310,-2.0,165470,-50,-0.03,162210,162210,1399-12-10
356,خپارس,پارس‌ خودرو,43,526374,3084551640,5970,5860,5860,-110,-1.84,5960,-10,-0.17,5860,5860,1399-12-10
357,ماديرا,صنايع ماشين هاي اداري ايران,43,117284,1072327612,9329,9143,9143,-186,-1.99,9325,-4,-0.04,9143,9143,1399-12-10
358,اخابر,مخابرات ايران,42,65815,676578200,10480,10280,10280,-200,-1.91,10480,0,0.0,10280,10280,1399-12-10
359,تسه9806,امتياز تسهيلات مسكن شهريور98,42,560,318512439,589927,560431,560431,-29496,-5.0,568772,-21155,-3.59,560431,619423,1399-12-10
360,تليسه,دامداري تليسه نمونه,41,228581,1016499707,4537,4447,4447,-90,-1.98,4535,-2,-0.04,4447,4447,1399-12-10
361,صنوين,صندوق سرمايه‌گذاري صنوين-مختلط,41,13780,1420602570,104020,104000,103000,-1020,-0.98,103090,-930,-0.89,102520,104550,1399-12-10
362,سكه0011پ02,سكه تمام بهارتحويلي 1روزه ملت,40,8600,9404150500,1103578,1094001,1092005,-11573,-1.05,1093506,-10072,-0.91,1091011,1097000,1399-12-10
363,وصنا,گروه‌صنايع‌بهشهرايران‌,40,267141,1605517410,6130,6010,6010,-120,-1.96,6130,0,0.0,6010,6010,1399-12-10
364,ميدكو,هلدينگ صنايع  معدني خاورميانه,40,138389,4100466070,30234,29630,29630,-604,-2.0,30213,-21,-0.07,29630,29630,1399-12-10
365,كفرا,فراورده‌ هاي‌ نسوزايران‌,39,396295,18709086950,48170,47210,47210,-960,-1.99,47800,-370,-0.77,47210,47210,1399-12-10
366,اخزا910,اسنادخزانه-م10بودجه99-020807,39,48086,28210567916,587110,585865,586000,-1110,-0.19,586669,-441,-0.08,585851,589000,1399-12-10
367,خمهر,مهركام‌پارس‌,39,194576,480602720,2520,2470,2470,-50,-1.98,2520,0,0.0,2470,2470,1399-12-10
368,وبيمهح,ح . سرمايه‌ گذاري‌ صنعت‌ بيمه‌,39,854150,1024980000,1240,1200,1200,-40,-3.23,1200,-40,-3.23,1200,1200,1399-12-10
369,ثشاهد,سرمايه‌ گذاري‌ شاهد,39,92602,1771476260,19520,19130,19130,-390,-2.0,19510,-10,-0.05,19130,19130,1399-12-10
370,دالبر,البرزدارو,38,77351,1588016030,20940,20530,20530,-410,-1.96,20930,-10,-0.05,20530,20530,1399-12-10
371,فسازان,غلتك سازان سپاهان,38,61871,2104232710,34700,34010,34010,-690,-1.99,34670,-30,-0.09,34010,34010,1399-12-10
372,فروي,ذوب روي اصفهان,38,39786,2649309954,67947,66589,66589,-1358,-2.0,67873,-74,-0.11,66589,66589,1399-12-10
373,كبافق,معادن‌ بافق‌,37,18803,1009157010,54760,53670,53670,-1090,-1.99,54740,-20,-0.04,53670,53670,1399-12-10
374,كماسه,تامين‌ ماسه‌ ريخته‌گري‌,37,13559,598901030,45070,44170,44170,-900,-2.0,45060,-10,-0.02,44170,44170,1399-12-10
375,گوهران,سرمايه گذاري توسعه گوهران اميد,37,823872,6312507264,7818,7662,7662,-156,-2.0,7798,-20,-0.26,7662,7662,1399-12-10
376,ثنور,سرمايه گذاري كوه نور,35,814738,8165304236,10439,10022,10022,-417,-3.99,10262,-177,-1.7,10022,10022,1399-12-10
377,چفيبر,فيبر ايران‌,35,86826,1237270500,14540,14250,14250,-290,-1.99,14530,-10,-0.07,14250,14250,1399-12-10
378,وپويا,سرمايه گذاري پويا,35,47421,313026021,6735,6601,6601,-134,-1.99,6734,-1,-0.01,6601,6601,1399-12-10
379,بفجر,فجر انرژي خليج فارس,34,653654,14837945800,23160,22700,22700,-460,-1.99,23040,-120,-0.52,22700,22700,1399-12-10
380,زعف0008پ20,زعفران0008نگين وحدت جام(پ),34,48787,5776594932,118615,118500,117629,-986,-0.83,118404,-211,-0.18,117605,118650,1399-12-10
381,نوين,بيمه نوين,33,146726,917624404,6381,6254,6254,-127,-1.99,6379,-2,-0.03,6254,6254,1399-12-10
382,ثباغ,شهر سازي و خانه سازي باغميشه,33,273473,4137099544,15436,15128,15128,-308,-2.0,15410,-26,-0.17,15128,15128,1399-12-10
383,وكار,بانك‌ كارآفرين‌,33,497840,1234643200,2530,2480,2480,-50,-1.98,2530,0,0.0,2480,2480,1399-12-10
384,اراد50,مرابحه عام دولت5-ش.خ0302,33,340000,340000000000,1000000,1000000,1000000,0,0.0,1000000,0,0.0,1000000,1000000,1399-12-10
385,اخزا821,اسنادخزانه-م21بودجه98-020906,32,23230,13552949868,587270,585002,583999,-3271,-0.56,583424,-3846,-0.65,583000,585002,1399-12-10
386,فلوله,لوله‌وماشين‌سازي‌ايران‌,32,276590,6065618700,22370,21930,21930,-440,-1.97,22310,-60,-0.27,21930,21930,1399-12-10
387,اوصتا,صندوق انديشه ورزان صباتامين -د,32,119451,2146403174,17958,17970,17970,12,0.07,17969,11,0.06,17960,17970,1399-12-10
388,ومهان,گروه توسعه مالي مهر آيندگان,31,76223,929615708,12444,12196,12196,-248,-1.99,12439,-5,-0.04,12196,12196,1399-12-10
389,ختوقا,قطعات‌ اتومبيل‌ ايران‌,31,231191,626527610,2760,2710,2710,-50,-1.81,2760,0,0.0,2710,2710,1399-12-10
390,وتوصا,گروه س توسعه صنعتي ايران,31,145920,1768550400,12360,12120,12120,-240,-1.94,12350,-10,-0.08,12120,12120,1399-12-10
391,شرانل,نفت ايرانول,31,49231,1743318941,36133,35411,35411,-722,-2.0,36107,-26,-0.07,35411,35411,1399-12-10
392,وصندوق,سرمايه‌گذاري‌صندوق‌بازنشستگي‌,30,1203040,15904188800,13480,13220,13220,-260,-1.93,13440,-40,-0.3,13220,13220,1399-12-10
393,غاذر,كشت‌وصنعت‌پياذر,30,109839,6104851620,56710,55580,55580,-1130,-1.99,56570,-140,-0.25,55580,55580,1399-12-10
394,ثفارس,عمران‌وتوسعه‌فارس‌,30,138401,1403386140,10340,10140,10140,-200,-1.93,10330,-10,-0.1,10140,10140,1399-12-10
395,اخزا811,اسنادخزانه-م11بودجه98-001013,30,142685,121666887271,853051,852941,850001,-3050,-0.36,852696,-355,-0.04,850001,853051,1399-12-10
396,سكرد,سيمان كردستان,30,318406,3320974580,10640,10430,10430,-210,-1.97,10630,-10,-0.09,10430,10430,1399-12-10
397,خكاوه,سايپا ديزل,30,126367,465915129,3762,3687,3687,-75,-1.99,3760,-2,-0.05,3687,3687,1399-12-10
398,وجامي,سرمايه گذاري جامي,30,158360,2524575120,16267,15942,15942,-325,-2.0,16225,-42,-0.26,15942,15942,1399-12-10
399,غصينو,صنعتي مينو,29,11285,782366480,70742,69328,69328,-1414,-2.0,70731,-11,-0.02,69328,69328,1399-12-10
400,تسه9805,امتياز تسهيلات مسكن مرداد98,29,300,176579812,600090,570086,580200,-19890,-3.31,588599,-11491,-1.91,570086,630094,1399-12-10
401,اخزا905,اسنادخزانه-م5بودجه99-020218,29,60960,39280022850,645396,645011,645500,104,0.02,644357,-1039,-0.16,644000,645500,1399-12-10
402,ساروم,سيمان‌اروميه‌,28,35816,1453055120,41390,40570,40570,-820,-1.98,41370,-20,-0.05,40570,40570,1399-12-10
403,پسهند,صنايع‌ لاستيكي‌  سهند,28,8178,354925200,44280,43400,43400,-880,-1.99,44270,-10,-0.02,43400,43400,1399-12-10
404,زفكا,كشت و دامداري فكا,28,287469,3772455687,13390,13123,13123,-267,-1.99,13369,-21,-0.16,13123,13123,1399-12-10
405,ثروتم,صندوق س. ثروت آفرين پارسيان-س,28,31800,2367360180,76880,75700,73810,-3070,-3.99,74445,-2435,-3.17,73810,75700,1399-12-10
406,كمنگنز,معادن‌منگنزايران‌,28,9894,866021820,89310,87530,87530,-1780,-1.99,89280,-30,-0.03,87530,87530,1399-12-10
407,تسه9804,امتياز تسهيلات مسكن تير98,28,278,159411362,582746,555609,570000,-12746,-2.19,573422,-9324,-1.6,555609,582000,1399-12-10
408,دتوزيع,توزيع دارو پخش,27,188195,9057637155,49111,48129,48129,-982,-2.0,48929,-182,-0.37,48129,48129,1399-12-10
409,چكارن,كارتن‌ ايران‌,27,124809,446816220,3650,3580,3580,-70,-1.92,3650,0,0.0,3580,3580,1399-12-10
410,وآذر,سرمايه‌گذاري‌توسعه‌آذربايجان‌,27,28293,2432066280,87710,85960,85960,-1750,-2.0,87620,-90,-0.1,85960,85960,1399-12-10
411,پرديس,سرمايه گذاري پرديس,27,165402,1055264760,6510,6380,6380,-130,-2.0,6510,0,0.0,6380,6380,1399-12-10
412,اخزا809,اسنادخزانه-م9بودجه98-000923,27,37435,32337569137,865592,863992,863000,-2592,-0.3,863832,-1760,-0.2,857551,863994,1399-12-10
413,الماس,صندوق س.امين تدبيرگران فردا-س,27,4754,514058486,108319,105300,108000,-319,-0.29,108132,-187,-0.17,105300,110000,1399-12-10
414,بذر,صندوق س بذر اميد آفرين-سهام,27,6097,572526210,95020,93900,93890,-1130,-1.19,93900,-1120,-1.18,93890,94490,1399-12-10
415,دمعيار,صندوق س. توازن معيار-د,27,701684,7051317018,10044,10050,10055,11,0.11,10049,5,0.05,10046,10055,1399-12-10
416,آسام,صندوق س.آرمان سپهر آشنا-م,26,10880,1105032480,102923,100600,100959,-1964,-1.91,101565,-1358,-1.32,100210,102995,1399-12-10
417,زملارد,كشاورزي و دامپروري ملارد شير,26,8328,307261560,37647,36895,36895,-752,-2.0,37642,-5,-0.01,36895,36895,1399-12-10
418,خزاميا,زامياد,25,44156,368702600,8520,8350,8350,-170,-2.0,8520,0,0.0,8350,8350,1399-12-10
419,فسپا,گروه‌صنعتي‌سپاهان‌,25,225751,8612400650,38920,38150,38150,-770,-1.98,38780,-140,-0.36,38150,38150,1399-12-10
420,ميهن,بيمه ميهن,25,90702,446253840,5020,4920,4920,-100,-1.99,5019,-1,-0.02,4920,4920,1399-12-10
421,ضملي3004,اختيارخ فملي-14000-1400/03/02,25,795,619325000,818,950,751,-67,-8.19,779,-39,-4.77,751,950,1399-12-10
422,زعف0008پ08,زعفران0008نگين روستا(پ),24,15001,1774826400,119383,117600,118500,-883,-0.74,118314,-1069,-0.9,117600,118999,1399-12-10
423,شپارس,بين‌ المللي‌ محصولات‌  پارس‌,24,374914,7408300640,20160,19760,19760,-400,-1.98,20100,-60,-0.3,19760,19760,1399-12-10
424,تكشا,گسترش‌صنايع‌وخدمات‌كشاورزي‌,24,9315,451498050,49450,48470,48470,-980,-1.98,49440,-10,-0.02,48470,48470,1399-12-10
425,بزاگرس,نيروگاه زاگرس كوثر,24,44097,319482765,7392,7245,7245,-147,-1.99,7391,-1,-0.01,7245,7245,1399-12-10
426,اخزا816,اسنادخزانه-م16بودجه98-010503,24,26037,19498523274,758262,756000,754015,-4247,-0.56,748877,-9385,-1.24,720349,757980,1399-12-10
427,غچين,كشت‌ و صنعت‌ چين‌ چين,24,60798,1227511620,20600,20190,20190,-410,-1.99,20590,-10,-0.05,20190,20190,1399-12-10
428,كسرا,سراميك‌هاي‌صنعتي‌اردكان‌,24,36467,803003340,22460,22020,22020,-440,-1.96,22450,-10,-0.04,22020,22020,1399-12-10
429,كوثر,بيمه كوثر,24,110493,1616181111,14925,14627,14627,-298,-2.0,14915,-10,-0.07,14627,14627,1399-12-10
430,خبازرس,بازرسي مهندسي و صنعتي ايران,23,204500,7287971000,34600,35638,35638,1038,3.0,34957,357,1.03,35638,35638,1399-12-10
431,لپارس,پارس‌ الكتريك‌,23,45279,4397043690,99090,97110,97110,-1980,-2.0,98910,-180,-0.18,97110,97110,1399-12-10
432,گدنا,تهيه توزيع غذاي دنا آفرين فدك,23,11840,399647360,34442,33754,33754,-688,-2.0,34436,-6,-0.02,33754,33754,1399-12-10
433,وساپا,سرمايه‌گذاري‌ سايپا,23,139036,868975000,6370,6250,6250,-120,-1.88,6370,0,0.0,6250,6250,1399-12-10
434,وثخوز,سرمايه گذاري و توسعه خوزستان,23,71951,5687078991,83201,79041,79041,-4160,-5.0,81890,-1311,-1.58,79041,79041,1399-12-10
435,تكمبا,كمباين‌ سازي‌ ايران‌,23,280589,2157729410,7840,7690,7690,-150,-1.91,7830,-10,-0.13,7690,7690,1399-12-10
436,ولشرق,ليزينگ ايران و شرق,23,570040,5054544680,9047,8867,8867,-180,-1.99,9028,-19,-0.21,8867,8867,1399-12-10
437,ضصاد3001,اختيارخ وبصادر-2000-1400/03/12,23,942,518133000,598,595,540,-58,-9.7,550,-48,-8.03,540,595,1399-12-10
438,شپلي,پلي اكريل ايران,23,99310,1026964710,10771,10341,10341,-430,-3.99,10741,-30,-0.28,10341,10341,1399-12-10
439,والبر,سرمايه‌ گذاري‌ البرز(هلدينگ‌,23,135426,2212860840,16670,16340,16340,-330,-1.98,16660,-10,-0.06,16340,16340,1399-12-10
440,سخند,صندوق س.سپهرخبرگان نفت-د,23,235880,2389028350,10119,10123,10125,6,0.06,10128,9,0.09,10123,10139,1399-12-10
441,تكنار,مجتمع معادن مس تكنار,22,133941,19089941025,145433,142525,142525,-2908,-2.0,142525,-2908,-2.0,142525,142525,1399-12-10
442,شراز,پالايش نفت شيراز,22,24938,2556967954,104625,102533,102533,-2092,-2.0,104515,-110,-0.11,102533,102533,1399-12-10
443,اخزا720,اسنادخزانه-م20بودجه97-000324,22,89761,85306326665,945238,943200,974400,29162,3.09,950372,5134,0.54,942302,974400,1399-12-10
444,سمگا,گروه سرمايه گذاري ميراث فرهنگي,22,24141,637684515,26954,26415,26415,-539,-2.0,26947,-7,-0.03,26415,26415,1399-12-10
445,سجامح,ح.مجتمع سيمان غرب آسيا,22,132769,327010047,2513,2463,2463,-50,-1.99,2463,-50,-1.99,2463,2463,1399-12-10
446,زعف0008پ16,زعفران0008نگين بيرجند(پ),21,6420,757307188,118982,117877,118000,-982,-0.83,117961,-1021,-0.86,117575,118001,1399-12-10
447,ضخود2013,اختيارخ خودرو-7000-1400/02/08,21,690,8418000,14,14,12,-2,-14.29,12,-2,-14.29,11,14,1399-12-10
448,شنفت,نفت‌ پارس‌,21,59735,2949714300,50380,49380,49380,-1000,-1.98,50320,-60,-0.12,49380,49380,1399-12-10
449,اخزا812,اسنادخزانه-م12بودجه98-001111,21,35802,30169661000,840078,842780,838300,-1778,-0.21,842681,2603,0.31,838300,842780,1399-12-10
450,رتكو,كنترل‌خوردگي‌تكين‌كو,21,503910,9654915600,19550,19160,19160,-390,-1.99,19470,-80,-0.41,19160,19160,1399-12-10
451,ولساپا,ليزينگ رايان‌ سايپا,21,96267,347523870,3680,3610,3610,-70,-1.9,3680,0,0.0,3610,3610,1399-12-10
452,غشان,شيرپاستوريزه‌پگاه‌خراسان‌,21,41560,324168000,7950,7800,7800,-150,-1.89,7950,0,0.0,7800,7800,1399-12-10
453,ضشنا2001,اختيارخ شپنا-10000-1400/02/27,21,336,807934000,2557,2500,2300,-257,-10.05,2405,-152,-5.94,2300,2790,1399-12-10
454,ونيكي,سرمايه‌گذاري‌ ملي‌ايران‌,21,14122,159578600,11530,11300,11300,-230,-1.99,11530,0,0.0,11300,11300,1399-12-10
455,دارو,كارخانجات‌داروپخش‌,21,310829,10133025400,33260,32600,32600,-660,-1.98,33120,-140,-0.42,32600,32600,1399-12-10
456,اخزا818,اسنادخزانه-م18بودجه98-010614,21,25694,19010441157,741065,740000,740500,-565,-0.08,739879,-1186,-0.16,738601,741800,1399-12-10
457,اخزا813,اسنادخزانه-م13بودجه98-010219,20,28976,22902508789,794737,790000,790500,-4237,-0.53,790396,-4341,-0.55,789210,790501,1399-12-10
458,غشوكو,شوكو پارس,20,7330,282622810,40163,38557,38557,-1606,-4.0,40139,-24,-0.06,38557,38557,1399-12-10
459,اخزا806,اسنادخزانه-م6بودجه98-000519,20,58615,53808682348,918426,918000,917407,-1019,-0.11,918002,-424,-0.05,917104,929900,1399-12-10
460,وآرين,شركت توسعه اقتصادي آرين,20,96840,400530240,4220,4136,4136,-84,-1.99,4218,-2,-0.05,4136,4136,1399-12-10
461,وسرمد,بيمه  سرمد,20,1006958,6783876046,6874,6737,6737,-137,-1.99,6826,-48,-0.7,6737,6737,1399-12-10
462,كالا,بورس كالاي ايران,20,8540,295398600,35290,34590,34590,-700,-1.98,35290,0,0.0,34590,34590,1399-12-10
463,حريل,ريل پردازسير,20,276462,1442025792,5322,5216,5216,-106,-1.99,5319,-3,-0.06,5216,5216,1399-12-10
464,سحرخيز2,صندوق س. گروه زعفران سحرخيز,20,2000000,2000000,9502,1,1,-9501,-99.99,1,-9501,-99.99,1,1,1399-12-10
465,كپارس,كاشي‌ پارس‌,20,2229,345851640,158320,155160,155160,-3160,-2.0,158300,-20,-0.01,155160,155160,1399-12-10
466,ريشمك,توليد و صادرات ريشمك,20,6330,342782160,55257,54152,54152,-1105,-2.0,55249,-8,-0.01,54152,54152,1399-12-10
467,ملت,بيمه ملت,20,90708,1512102360,17010,16670,16670,-340,-2.0,17000,-10,-0.06,16670,16670,1399-12-10
468,ثقزوي,شركت عمران و سازندگي قزوين,19,13600,417220800,31956,30678,30678,-1278,-4.0,31928,-28,-0.09,30678,30678,1399-12-10
469,چدن,توليدي چدن سازان,19,10367,255961230,25190,24690,24690,-500,-1.98,25190,0,0.0,24690,24690,1399-12-10
470,دسبحان,سبحان دارو,19,56114,1219918360,22180,21740,21740,-440,-1.98,22170,-10,-0.05,21740,21740,1399-12-10
471,هجرت,پخش هجرت,19,41337,1156402575,28545,27975,27975,-570,-2.0,28531,-14,-0.05,27975,27975,1399-12-10
472,سمايه,بانك سرمايه,19,63411,438296832,7199,6912,6912,-287,-3.99,7192,-7,-0.1,6912,6912,1399-12-10
473,وتوكا,سرمايه‌گذاري‌توكافولاد(هلدينگ,19,39212,436821680,11360,11140,11140,-220,-1.94,11360,0,0.0,11140,11140,1399-12-10
474,ضشنا2002,اختيارخ شپنا-12000-1400/02/27,19,587,674915000,1515,1250,1157,-358,-23.63,1150,-365,-24.09,1103,1250,1399-12-10
475,فاذر,صنايع‌ آذرآب‌,19,68031,1667439810,25010,24510,24510,-500,-2.0,24990,-20,-0.08,24510,24510,1399-12-10
476,سدور,سيمان‌ دورود,19,30009,597779280,20320,19920,19920,-400,-1.97,20320,0,0.0,19920,19920,1399-12-10
477,خزر,فنرسازي‌زر,19,113530,5396080900,48500,47530,47530,-970,-2.0,48390,-110,-0.23,47530,47530,1399-12-10
478,اخزا814,اسنادخزانه-م14بودجه98-010318,19,108177,84129729002,778038,776000,778038,0,0.0,777704,-334,-0.04,776000,778038,1399-12-10
479,ضملت3000,اختيارخ وبملت-3000-1400/03/19,18,835,760533000,1053,958,870,-183,-17.38,911,-142,-13.49,860,1000,1399-12-10
480,اوان,مبين وان كيش,18,34596,1871505216,55200,54096,54096,-1104,-2.0,55157,-43,-0.08,54096,54096,1399-12-10
481,بمپنا,توليد برق عسلويه  مپنا,18,104413,8217407513,80307,78701,78701,-1606,-2.0,80038,-269,-0.33,78701,78701,1399-12-10
482,دسينا,داروسازي‌ سينا,18,520621,14238984350,27900,27350,27350,-550,-1.97,27740,-160,-0.57,27350,27350,1399-12-10
483,غشهد,شهد ايران ‌,18,54511,416464040,7790,7640,7640,-150,-1.93,7790,0,0.0,7640,7640,1399-12-10
484,خنصير,مهندسي‌نصيرماشين‌,17,42543,4692067470,112540,110290,110290,-2250,-2.0,112320,-220,-0.2,110290,110290,1399-12-10
485,اخزا904,اسنادخزانه-م4بودجه99-011215,17,38017,25380443065,671257,669713,668001,-3256,-0.49,667608,-3649,-0.54,665311,669713,1399-12-10
486,پكوير,كوير تاير,17,19305,274710150,14520,14230,14230,-290,-2.0,14520,0,0.0,14230,14230,1399-12-10
487,كلر,كلر پارس,17,86941,11399443097,133792,131117,131117,-2675,-2.0,133169,-623,-0.47,131117,131117,1399-12-10
488,وتعاون,بيمه  تعاون,17,39505,242521195,6264,6139,6139,-125,-2.0,6262,-2,-0.03,6139,6139,1399-12-10
489,غشاذر,پگاه‌آذربايجان‌غربي‌,17,303852,2980788120,10010,9810,9810,-200,-2.0,10000,-10,-0.1,9810,9810,1399-12-10
490,فروس,فروسيليس‌ ايران‌,17,67184,321139520,4870,4780,4780,-90,-1.85,4870,0,0.0,4780,4780,1399-12-10
491,غمارگ,مارگارين‌,17,36693,1178579160,32770,32120,32120,-650,-1.98,32750,-20,-0.06,32120,32120,1399-12-10
492,ضجار2000,اختيارخ وتجارت-1800-1400/02/22,16,1333,1383360000,1000,620,901,-99,-9.9,1038,38,3.8,620,1490,1399-12-10
493,ختور,رادياتور ايران‌,16,16235,380061350,23880,23410,23410,-470,-1.97,23880,0,0.0,23410,23410,1399-12-10
494,زنگان,صنعت روي زنگان,16,2079,215567352,105804,103688,103688,-2116,-2.0,105795,-9,-0.01,103688,103688,1399-12-10
495,حخزر,كشتيراني درياي خزر,16,290000,8396370000,29543,28953,28953,-590,-2.0,29442,-101,-0.34,28953,28953,1399-12-10
496,كاسپين,داروسازي كاسپين تامين,16,39004,962540712,25181,24678,24678,-503,-2.0,25171,-10,-0.04,24678,24678,1399-12-10
497,غالبر,لبنيات‌ كالبر,16,15688,293522480,19090,18710,18710,-380,-1.99,19090,0,0.0,18710,18710,1399-12-10
498,ساوه,سيمان ساوه,16,9049,554875631,62570,61319,61319,-1251,-2.0,62556,-14,-0.02,61319,61319,1399-12-10
499,فجام,جام‌دارو,16,66748,680829600,10400,10200,10200,-200,-1.92,10400,0,0.0,10200,10200,1399-12-10
500,ودي,بيمه  دي,16,8556,198422196,23664,23191,23191,-473,-2.0,23662,-2,-0.01,23191,23191,1399-12-10
501,خراسان,پتروشيمي خراسان,16,5297,343139660,66100,64780,64780,-1320,-2.0,66090,-10,-0.02,64780,64780,1399-12-10
502,قمرو,قند مرودشت‌,16,29400,1069278000,37110,36370,36370,-740,-1.99,37090,-20,-0.05,36370,36370,1399-12-10
503,كسعديح,ح . كاشي‌ سعدي‌,16,27198,425104740,16280,15630,15630,-650,-3.99,15630,-650,-3.99,15630,15630,1399-12-10
504,كشم0001پ01,كشمش سبز0001خليل آباد(پ),16,373,235489162,653320,620654,685986,32666,5.0,631338,-21982,-3.36,620654,685986,1399-12-10
505,زگلدشت,كشت و دام گلدشت نمونه اصفهان,16,9591,429859029,45733,44819,44819,-914,-2.0,45725,-8,-0.02,44819,44819,1399-12-10
506,ضفلا3004,اختيارخ فولاد-12000-1400/03/19,16,372,461864000,1314,1400,1151,-163,-12.4,1242,-72,-5.48,1151,1400,1399-12-10
507,خلنت,لنت‌ ترمزايران‌,16,3250,300527500,94350,92470,92470,-1880,-1.99,94340,-10,-0.01,92470,92470,1399-12-10
508,ضفلا3005,اختيارخ فولاد-14000-1400/03/19,15,80,53622000,646,700,640,-6,-0.93,670,24,3.72,640,700,1399-12-10
509,دتوليد,داروسازي توليد دارو,15,28742,797475532,28312,27746,27746,-566,-2.0,28303,-9,-0.03,27746,27746,1399-12-10
510,اخزا820,اسنادخزانه-م20بودجه98-020806,15,8403,5029975222,593586,591600,603000,9414,1.59,598593,5007,0.84,591600,603000,1399-12-10
511,ومعلم,بيمه معلم,15,49819,234647490,4806,4710,4710,-96,-2.0,4806,0,0.0,4710,4710,1399-12-10
512,غپآذر,شير پگاه آذربايجان شرقي,15,50689,3361694480,67673,66320,66320,-1353,-2.0,67580,-93,-0.14,66320,66320,1399-12-10
513,شتوكا,توكا رنگ فولاد سپاهان,15,2511,134112510,54499,53410,53410,-1089,-2.0,54496,-3,-0.01,53410,53410,1399-12-10
514,خديزل,بهمن  ديزل,15,7747,327581895,43147,42285,42285,-862,-2.0,43141,-6,-0.01,42285,42285,1399-12-10
515,قشكر,شكرشاهرود,15,60993,235432980,3930,3860,3860,-70,-1.78,3930,0,0.0,3860,3860,1399-12-10
516,حفارس,حمل و نقل بين المللي خليج فارس,15,186641,888411160,4850,4760,4760,-90,-1.86,4850,0,0.0,4760,4760,1399-12-10
517,دتماد,توليدمواداوليه‌داروپخش‌,15,6729,300180690,45520,44610,44610,-910,-2.0,45510,-10,-0.02,44610,44610,1399-12-10
518,اخزا804,اسنادخزانه-م4بودجه98-000421,15,54988,51221378533,931976,930000,932000,24,0.0,931501,-475,-0.05,930000,932001,1399-12-10
519,گپارس,امور رفاهي كارگزاران پارس,15,4315,868769155,209726,201337,201337,-8389,-4.0,209346,-380,-0.18,201337,201337,1399-12-10
520,لسرما,سرما آفرين‌,15,68266,1854787220,27720,27170,27170,-550,-1.98,27700,-20,-0.07,27170,27170,1399-12-10
521,خكار,ايركا پارت صنعت,15,84029,1820068140,22100,21660,21660,-440,-1.99,22080,-20,-0.09,21660,21660,1399-12-10
522,گنجين,صندوق س. گنجينه يكم آويد-د,15,97337,1199764924,12322,12324,12328,6,0.05,12326,4,0.03,12320,12332,1399-12-10
523,دبالك,مواد اوليه دارويي البرز بالك,15,26148,556743216,21726,21292,21292,-434,-2.0,21721,-5,-0.02,21292,21292,1399-12-10
524,قشير,قند شيروان قوچان و بجنورد,15,25481,649255880,26000,25480,25480,-520,-2.0,25993,-7,-0.03,25480,25480,1399-12-10
525,ولبهمن,شركت بهمن ليزينگ,14,46672,398998928,8723,8549,8549,-174,-1.99,8722,-1,-0.01,8549,8549,1399-12-10
526,ضخود2012,اختيارخ خودرو-6000-1400/02/08,14,590,11580000,22,20,18,-4,-18.18,20,-2,-9.09,18,26,1399-12-10
527,لخزر,پارس‌ خزر,14,993,183238290,188290,184530,184530,-3760,-2.0,188280,-10,-0.01,184530,184530,1399-12-10
528,ديران,ايران‌دارو,14,17701,500053250,28820,28250,28250,-570,-1.98,28810,-10,-0.03,28250,28250,1399-12-10
529,سيمرغ,سيمرغ,14,43090,691163600,16360,16040,16040,-320,-1.96,16360,0,0.0,16040,16040,1399-12-10
530,ونفت,سرمايه‌گذاري‌ صنعت‌ نفت‌,14,16605,274314600,16850,16520,16520,-330,-1.96,16850,0,0.0,16520,16520,1399-12-10
531,شسينا,صنايع‌شيميايي‌سينا,14,1331,181308820,139000,136220,136220,-2780,-2.0,138990,-10,-0.01,136220,136220,1399-12-10
532,تپمپي,پمپ‌ سازي‌ ايران‌,14,11873,230929850,19840,19450,19450,-390,-1.97,19840,0,0.0,19450,19450,1399-12-10
533,زكوثر,سرمايه گذاري كشاورزي كوثر,14,14176,305634560,22000,21560,21560,-440,-2.0,22000,0,0.0,21560,21560,1399-12-10
534,آريان,سرمايه گذاري پارس آريان,14,117285,1317110550,11459,11230,11230,-229,-2.0,11456,-3,-0.03,11230,11230,1399-12-10
535,پست0008پ08,پسته فندقي32-30مه ولات0008(پ),13,1110,1499641095,1351323,1370000,1295001,-56322,-4.17,1351028,-295,-0.02,1295001,1370000,1399-12-10
536,دتمادح,ح . توليدمواداوليه‌داروپخش‌,13,92125,3675900000,40000,40000,39900,-100,-0.25,39900,-100,-0.25,39900,40000,1399-12-10
537,ضملي3003,اختيارخ فملي-12000-1400/03/02,13,153,272154000,1940,1700,1710,-230,-11.86,1779,-161,-8.3,1700,1949,1399-12-10
538,ثالوند,سرمايه گذاري مسكن الوند,13,18812,641094148,34774,34079,34079,-695,-2.0,34765,-9,-0.03,34079,34079,1399-12-10
539,حآسا,آسيا سير ارس,13,6688,304705280,46489,45560,45560,-929,-2.0,46483,-6,-0.01,45560,45560,1399-12-10
540,بپاس,بيمه پاسارگاد,13,4379,333110530,77622,76070,76070,-1552,-2.0,77617,-5,-0.01,76070,76070,1399-12-10
541,ثاباد,توريستي ورفاهي آبادگران ايران,13,9308,504586680,55310,54210,54210,-1100,-1.99,55300,-10,-0.02,54210,54210,1399-12-10
542,ثپرديس,سرمايه گذاري مسكن پرديس,13,14806,149155644,10279,10074,10074,-205,-1.99,10278,-1,-0.01,10074,10074,1399-12-10
543,بنو,بيمه تجارت نو,12,2756,97060808,35936,35218,35218,-718,-2.0,35935,-1,0.0,35218,35218,1399-12-10
544,دانا,بيمه دانا,12,37119,252409200,6930,6800,6800,-130,-1.88,6930,0,0.0,6800,6800,1399-12-10
545,فپنتا,سپنتا,12,2702,1097498360,414460,406180,406180,-8280,-2.0,414270,-190,-0.05,406180,406180,1399-12-10
546,كي بي سي,شركت كي بي سي,12,6510,179545800,28142,27580,27580,-562,-2.0,28140,-2,-0.01,27580,27580,1399-12-10
547,قثابت,قند ثابت‌ خراسان‌,12,4820,340725800,72130,70690,70690,-1440,-2.0,72120,-10,-0.01,70690,70690,1399-12-10
548,كوير,توليدي فولاد سپيد فراب كوير,12,11357,253828950,22800,22350,22350,-450,-1.97,22800,0,0.0,22350,22350,1399-12-10
549,غويتا,ويتانا,12,44261,800194619,18447,18079,18079,-368,-1.99,18441,-6,-0.03,18079,18079,1399-12-10
550,غگرجي,بيسكويت‌  گرجي‌,12,17897,334852870,19090,18710,18710,-380,-1.99,19090,0,0.0,18710,18710,1399-12-10
551,فاما,صنعتي‌ آما,12,3727,76366230,20900,20490,20490,-410,-1.96,20900,0,0.0,20490,20490,1399-12-10
552,كساوه,صنايع‌ كاشي‌ و سراميك‌ سينا,12,28459,2077222410,74470,72990,72990,-1480,-1.99,74410,-60,-0.08,72990,72990,1399-12-10
553,غدام,خوراك‌  دام‌ پارس‌,12,761,300770030,403290,395230,395230,-8060,-2.0,403240,-50,-0.01,395230,395230,1399-12-10
554,كدما,معدني‌ دماوند,12,640,150688000,240250,235450,235450,-4800,-2.0,240240,-10,0.0,235450,235450,1399-12-10
555,اخزا722,اسنادخزانه-م22بودجه97-000428,12,37659,34981014422,929263,926420,929000,-263,-0.03,928889,-374,-0.04,926420,929500,1399-12-10
556,وپخش,داروپخش‌ (هلدينگ‌,12,2877,297136560,105380,103280,103280,-2100,-1.99,105370,-10,-0.01,103280,103280,1399-12-10
557,ورنا,سرمايه‌گذاري‌ رنا(هلدينگ‌,12,16829,95588720,5790,5680,5680,-110,-1.9,5790,0,0.0,5680,5680,1399-12-10
558,سرود,سيمان‌شاهرود,12,16526,334651500,20660,20250,20250,-410,-1.98,20660,0,0.0,20250,20250,1399-12-10
559,غمينو,شركت صنايع غذايي مينو شرق,11,103098,1266558930,12535,12285,12285,-250,-1.99,12529,-6,-0.05,12285,12285,1399-12-10
560,حپارسا,توسعه حمل و نقل ريلي پارسيان,11,51085,1773313605,35421,34713,34713,-708,-2.0,35395,-26,-0.07,34713,34713,1399-12-10
561,خاور,ايران خودرو ديزل,11,42650,261060650,6245,6121,6121,-124,-1.99,6243,-2,-0.03,6121,6121,1399-12-10
562,سكرما,سيمان‌ كرمان‌,11,14653,261849110,18230,17870,17870,-360,-1.97,18230,0,0.0,17870,17870,1399-12-10
563,ضخود2010,اختيارخ خودرو-4500-1400/02/08,11,182,5639000,32,42,28,-4,-12.5,31,-1,-3.13,26,69,1399-12-10
564,وآوا,سرمايه گذاري آوا نوين,11,7831,68474264,8922,8744,8744,-178,-2.0,8922,0,0.0,8744,8744,1399-12-10
565,پدرخش,درخشان‌ تهران‌,11,1240,157418000,129540,126950,126950,-2590,-2.0,129530,-10,-0.01,126950,126950,1399-12-10
566,اشاد10,مشاركت دولتي10-شرايط خاص001226,11,7600,7249669200,965500,949900,969298,3798,0.39,953904,-11596,-1.2,949900,969298,1399-12-10
567,زعف0008پ05,زعفران0008نگين زرين(پ),11,8023,951945000,119718,119100,119000,-718,-0.6,118652,-1066,-0.89,118300,119100,1399-12-10
568,بساما,بيمه سامان,11,15319,314882045,20974,20555,20555,-419,-2.0,20971,-3,-0.01,20555,20555,1399-12-10
569,تپكو,توليدتجهيزات‌سنگين‌هپكو,11,212498,1142601746,5486,5377,5377,-109,-1.99,5483,-3,-0.05,5377,5377,1399-12-10
570,وتوشه,سرمايه‌ گذاري‌ پارس‌ توشه‌,10,9863,226059960,23380,22920,22920,-460,-1.97,23380,0,0.0,22920,22920,1399-12-10
571,فنوال,نورد آلومينيوم‌,10,46968,1223046720,26570,26040,26040,-530,-1.99,26560,-10,-0.04,26040,26040,1399-12-10
572,آگاس2,صندوق س.هستي بخش آگاه-س,10,1200000,1200000,62707,1,1,-62706,-100.0,1,-62706,-100.0,1,1,1399-12-10
573,تاپكيش,تجارت الكترونيك پارسيان كيش,10,403895,8460388565,21374,20947,20947,-427,-2.0,21300,-74,-0.35,20947,20947,1399-12-10
574,دكپسول,توليد ژلاتين كپسول ايران,10,139031,4285352513,31452,30823,30823,-629,-2.0,31397,-55,-0.17,30823,30823,1399-12-10
575,غشصفا,شيرپاستوريزه‌پگاه‌اصفهان‌,10,5681,159636100,28670,28100,28100,-570,-1.99,28670,0,0.0,28100,28100,1399-12-10
576,زقيام,كشت و دام قيام اصفهان,10,6280,188362320,30606,29994,29994,-612,-2.0,30604,-2,-0.01,29994,29994,1399-12-10
577,آرمان,بيمه آرمان,10,140463,1173989754,8706,8358,8358,-348,-4.0,8685,-21,-0.24,8358,8358,1399-12-10
578,غپونه,نوش پونه مشهد,10,5609,119785804,22245,21356,21356,-889,-4.0,22239,-6,-0.03,21356,21356,1399-12-10
579,شاملاح,ح . معدني‌ املاح‌  ايران‌,10,102433,4794398600,47300,47200,46800,-500,-1.06,46810,-490,-1.04,46800,47200,1399-12-10
580,پست0008پ02,پسته فندقي32-30طلاسبززرند0008,10,49,67298512,1398741,1351000,1409000,10259,0.73,1373439,-25302,-1.81,1301000,1413813,1399-12-10
581,وايران,ليزينگ ايرانيان,10,9148,113618160,12670,12420,12420,-250,-1.97,12670,0,0.0,12420,12420,1399-12-10
582,اخزا807,اسنادخزانه-م7بودجه98-000719,10,6175,5495332612,899772,889120,900000,228,0.03,889932,-9840,-1.09,889120,900000,1399-12-10
583,وبيمه,سرمايه‌ گذاري‌ صنعت‌ بيمه‌,10,23916,67682280,2880,2830,2830,-50,-1.74,2880,0,0.0,2830,2830,1399-12-10
584,زعف0008پ09,زعفران0008نگين نوين(پ),10,10200,1208500000,118866,118000,118500,-366,-0.31,118480,-386,-0.32,118000,119000,1399-12-10
585,شستا992,اجاره تامين اجتماعي-سپهر991226,10,100005,100005000000,995000,1000000,1000000,5000,0.5,1000000,5000,0.5,1000000,1000000,1399-12-10
586,خپويش,سازه‌ پويش‌,9,4915,298094750,61880,60650,60650,-1230,-1.99,61870,-10,-0.02,60650,60650,1399-12-10
587,مفاخر,توسعه فناوري اطلاعات خوارزمي,9,260182,17587002290,68974,67595,67595,-1379,-2.0,68475,-499,-0.72,67595,67595,1399-12-10
588,سنير,سيمان‌ سفيد ني‌ريز,9,517,129984140,256550,251420,251420,-5130,-2.0,256540,-10,0.0,251420,251420,1399-12-10
589,وآتوس,س.آرين توسكا قيمت اسمي 350ريال,9,3341,152740497,46650,45717,45717,-933,-2.0,46643,-7,-0.02,45717,45717,1399-12-10
590,آ س پ,آ.س.پ,9,8442,137368224,16604,16272,16272,-332,-2.0,16603,-1,-0.01,16272,16272,1399-12-10
591,دلقما,دارويي‌ لقمان‌,9,7027,171880420,24950,24460,24460,-490,-1.96,24950,0,0.0,24460,24460,1399-12-10
592,صخابر102,صكوك اجاره مخابرات-3 ماهه 16%,9,42640,41982841000,990020,970001,990000,-20,0.0,984588,-5432,-0.55,970000,1000000,1399-12-10
593,اتكام,شركت بيمه اتكايي امين,9,17290,86415420,5100,4998,4998,-102,-2.0,5100,0,0.0,4998,4998,1399-12-10
594,دابور,داروسازي‌ ابوريحان‌,9,2188,86819840,40480,39680,39680,-800,-1.98,40480,0,0.0,39680,39680,1399-12-10
595,اخزا817,اسنادخزانه-م17بودجه98-010512,9,8759,6599064269,754842,754500,753502,-1340,-0.18,753404,-1438,-0.19,753005,754999,1399-12-10
596,ساذري,آذريت‌,9,200053,1199317735,5821,5995,5995,174,2.99,5831,10,0.17,5995,5995,1399-12-10
597,پاسا,ايران‌ياساتايرورابر,9,9250,244200000,26930,26400,26400,-530,-1.97,26930,0,0.0,26400,26400,1399-12-10
598,دامين,داروسازي‌ امين‌,9,10478,144910740,14110,13830,13830,-280,-1.98,14110,0,0.0,13830,13830,1399-12-10
599,ضفلا3003,اختيارخ فولاد-10000-1400/03/19,9,128,315823000,2715,2500,2300,-415,-15.29,2467,-248,-9.13,2300,2500,1399-12-10
600,ضسپا3003,اختيارخ خساپا-2000-1400/03/26,9,93,45210000,499,480,499,0,0.0,486,-13,-2.61,480,499,1399-12-10
601,حاريا,كشتيراني آريا,8,2685,74924925,29067,27905,27905,-1162,-4.0,29062,-5,-0.02,27905,27905,1399-12-10
602,آپ,آسان پرداخت پرشين,8,16745,300237850,18290,17930,17930,-360,-1.97,18290,0,0.0,17930,17930,1399-12-10
603,غنوش,نوش‌ مازندران‌,8,2654,158576500,60960,59750,59750,-1210,-1.98,60960,0,0.0,59750,59750,1399-12-10
604,افرا,افرانت,8,1719,59898555,35556,34845,34845,-711,-2.0,35555,-1,0.0,34845,34845,1399-12-10
605,وسرضوي,س.سهام عدالت استان خراسان رضوي,8,135369,136722690,1030,1010,1010,-20,-1.94,1030,0,0.0,1010,1010,1399-12-10
606,شزنگ,تجهيزنيروي‌زنگان‌,8,1319,305335310,236214,231490,231490,-4724,-2.0,236140,-74,-0.03,231490,231490,1399-12-10
607,شتولي,تولي‌پرس‌,8,10979,395836866,36789,36054,36054,-735,-2.0,36759,-30,-0.08,36054,36054,1399-12-10
608,سخزر,سيمان‌ خزر,8,1752,53926560,31400,30780,30780,-620,-1.97,31400,0,0.0,30780,30780,1399-12-10
609,خرينگ,رينگ‌سازي‌مشهد,8,4369,198833190,46430,45510,45510,-920,-1.98,46430,0,0.0,45510,45510,1399-12-10
610,غبشهر,صنعتي‌ بهشهر,8,13775,278530500,20630,20220,20220,-410,-1.99,20630,0,0.0,20220,20220,1399-12-10
611,گكيش,توريستي ورفاهي آبادگران كيش,8,3036,159150156,53490,52421,52421,-1069,-2.0,53481,-9,-0.02,52421,52421,1399-12-10
612,اراد33,مرابحه عام دولت3-ش.خ 0303,8,65000,57469995000,900000,870000,910000,10000,1.11,884154,-15846,-1.76,855000,919999,1399-12-10
613,قاسم,قاسم ايران,8,5069,68279430,13744,13470,13470,-274,-1.99,13744,0,0.0,13470,13470,1399-12-10
614,كلوند,كاشي‌ الوند,8,2631,124235820,48180,47220,47220,-960,-1.99,48180,0,0.0,47220,47220,1399-12-10
615,دجابر,داروسازي‌ جابرابن‌حيان‌,8,2569,52022250,20660,20250,20250,-410,-1.98,20660,0,0.0,20250,20250,1399-12-10
616,آينده,بازرگاني آينده سازان بهشت پارس,8,38547,766275813,20284,19879,19879,-405,-2.0,20268,-16,-0.08,19879,19879,1399-12-10
617,خكمك,كمك‌فنرايندامين‌,8,11502,324356400,28770,28200,28200,-570,-1.98,28770,0,0.0,28200,28200,1399-12-10
618,سجام,مجتمع سيمان غرب آسيا,8,9554,48582090,5188,5085,5085,-103,-1.99,5188,0,0.0,5085,5085,1399-12-10
619,داسوه,داروسازي‌ اسوه‌,8,2861,110034060,39240,38460,38460,-780,-1.99,39240,0,0.0,38460,38460,1399-12-10
620,زنجان,صنايع كشاورزي وكود زنجان,8,16556,151023832,9502,9122,9122,-380,-4.0,9499,-3,-0.03,9122,9122,1399-12-10
621,ساراب,سيمان‌ داراب‌,8,27080,426510000,16070,15750,15750,-320,-1.99,16070,0,0.0,15750,15750,1399-12-10
622,ثنام,س ساختماني ب نام آوران مهندسي,8,34755,571163670,16769,16434,16434,-335,-2.0,16759,-10,-0.06,16434,16434,1399-12-10
623,لپيام,گسترش صنايع پيام,7,20412,1119802320,55979,54860,54860,-1119,-2.0,55915,-64,-0.11,54860,54860,1399-12-10
624,داوه,داروسازي آوه سينا,7,5736,114106248,20298,19893,19893,-405,-2.0,20297,-1,0.0,19893,19893,1399-12-10
625,كطبس,ذغال‌سنگ‌ نگين‌ ط‌بس‌,7,2436,199021200,83360,81700,81700,-1660,-1.99,83350,-10,-0.01,81700,81700,1399-12-10
626,نگين,ص.س. زمين و ساختمان نگين شهرري,7,1290,62802700,48470,47610,47800,-670,-1.38,48680,210,0.43,47610,49000,1399-12-10
627,وپسا,س. پتروشيمي ساختمان  خليج فارس,7,25912,75922160,3052,2930,2930,-122,-4.0,3051,-1,-0.03,2930,2930,1399-12-10
628,ثعمرا,عمران و توسعه شاهد,7,4473,57652497,13152,12889,12889,-263,-2.0,13152,0,0.0,12889,12889,1399-12-10
629,كسرام,پارس‌ سرام‌,7,7499,72740300,9890,9700,9700,-190,-1.92,9890,0,0.0,9700,9700,1399-12-10
630,فسديد,لوله‌وتجهيزات‌ سديد - ورشكسته,7,429,49548642,117855,115498,115498,-2357,-2.0,117831,-24,-0.02,115498,115498,1399-12-10
631,فمراد,آلومراد,7,1207,174495990,147520,144570,144570,-2950,-2.0,147510,-10,-0.01,144570,144570,1399-12-10
632,سفاسي,شركت فارسيت اهواز,7,24825,346879725,14555,13973,13973,-582,-4.0,14544,-11,-0.08,13973,13973,1399-12-10
633,خچرخش,چرخشگر,7,7333,133240610,18540,18170,18170,-370,-2.0,18540,0,0.0,18170,18170,1399-12-10
634,واتي,سرمايه‌ گذاري‌ آتيه‌ دماوند,7,5284,63355160,12230,11990,11990,-240,-1.96,12230,0,0.0,11990,11990,1399-12-10
635,بايكا,كارخانجات كابلسازي ‌ايران‌,7,1138,48156746,43180,42317,42317,-863,-2.0,43178,-2,0.0,42317,42317,1399-12-10
636,زير0003پ01,زيره سبز0003كيميابذر(پ),7,132,60921738,445985,423700,468284,22299,5.0,461528,15543,3.49,423686,468284,1399-12-10
637,وگستر,گسترش سرمايه گذاري ايرانيان,7,5195,99240085,19492,19103,19103,-389,-2.0,19491,-1,-0.01,19103,19103,1399-12-10
638,ضخود2011,اختيارخ خودرو-5000-1400/02/08,7,110,2570000,27,27,22,-5,-18.52,23,-4,-14.81,22,27,1399-12-10
639,دحاوي,الحاوي,7,2718,31979988,12256,11766,11766,-490,-4.0,12255,-1,-0.01,11766,11766,1399-12-10
640,وسكرد,شركت س استان كردستان,7,70808,51689840,740,730,730,-10,-1.35,740,0,0.0,730,730,1399-12-10
641,ضپيك2009,اختيارخ تاپيكو-10000-00/02/19,7,48,69594000,1562,1451,1400,-162,-10.37,1450,-112,-7.17,1400,1599,1399-12-10
642,اخزا805,اسنادخزانه-م5بودجه98-000422,7,41985,39081205336,932989,930000,930833,-2156,-0.23,930837,-2152,-0.23,929505,931000,1399-12-10
643,قپيرا,فرآورده‌هاي‌غدايي‌وقندپيرانشهر,7,2380,247044000,105910,103800,103800,-2110,-1.99,105900,-10,-0.01,103800,103800,1399-12-10
644,شكلر,نيروكلر,7,2477,131429620,54140,53060,53060,-1080,-1.99,54140,0,0.0,53060,53060,1399-12-10
645,تابا,تابان نيرو سپاهان,7,2758,150231018,56740,54471,54471,-2269,-4.0,56722,-18,-0.03,54471,54471,1399-12-10
646,پلاست,كارخانجات توليدي پلاستيران,7,1785,127258005,72747,71293,71293,-1454,-2.0,72738,-9,-0.01,71293,71293,1399-12-10
647,كاذر,فرآورده‌هاي‌نسوزآذر,7,1609,53434890,33880,33210,33210,-670,-1.98,33880,0,0.0,33210,33210,1399-12-10
648,جهرم,پتروشيمي جهرم,7,91749,178727052,1987,1948,1948,-39,-1.96,1987,0,0.0,1948,1948,1399-12-10
649,وسگيلا,شركت س استان گيلان,7,123394,95013380,780,770,770,-10,-1.28,780,0,0.0,770,770,1399-12-10
650,خفناور,مهندسي صنعتي روان فن آور,7,50507,2639394806,53324,52258,52258,-1066,-2.0,53180,-144,-0.27,52258,52258,1399-12-10
651,ضملي3001,اختيارخ فملي-9000-1400/03/02,7,27,113900000,4482,4450,4200,-282,-6.29,4219,-263,-5.87,4200,4450,1399-12-10
652,وپترو,سرمايه‌گذاري صنايع پتروشيمي‌,6,4519,69592600,15710,15400,15400,-310,-1.97,15710,0,0.0,15400,15400,1399-12-10
653,دفارا,داروسازي‌ فارابي‌,6,200329,13454095640,68530,67160,67160,-1370,-2.0,68150,-380,-0.55,67160,67160,1399-12-10
654,ضجار2003,اختيارخ وتجارت-3000-1400/02/22,6,127,25159000,214,199,210,-4,-1.87,198,-16,-7.48,195,210,1399-12-10
655,اپرداز,آتيه داده پرداز,6,3121,64738903,21166,20743,20743,-423,-2.0,21165,-1,0.0,20743,20743,1399-12-10
656,اراد73,مرابحه عام دولت73-ش.خ0402,6,41000,41000000000,1000000,1000000,1000000,0,0.0,1000000,0,0.0,1000000,1000000,1399-12-10
657,سبجنو,سيمان‌ بجنورد,6,13483,809519320,61260,60040,60040,-1220,-1.99,61240,-20,-0.03,60040,60040,1399-12-10
658,اخزا810,اسنادخزانه-م10بودجه98-001006,6,10200,8725049256,855461,855326,855402,-59,-0.01,855397,-64,-0.01,855326,855410,1399-12-10
659,تملي701,تسهيلات مسكن ب. ملي-فروردين97,6,75,45289738,605982,575700,636281,30299,5.0,603863,-2119,-0.35,575683,636281,1399-12-10
660,اتكاي,بيمه اتكايي ايرانيان,6,5007,65040930,13255,12990,12990,-265,-2.0,13255,0,0.0,12990,12990,1399-12-10
661,چافست,افست‌,6,15823,258073130,16640,16310,16310,-330,-1.98,16640,0,0.0,16310,16310,1399-12-10
662,پست0008پ04,پسته فندقي32-30سبزدانه0008(پ),6,144,190819500,1343956,1348000,1325100,-18856,-1.4,1325135,-18821,-1.4,1319165,1348000,1399-12-10
663,تپولا,مهندسي مرآت پولاد,6,6467,235437602,37148,36406,36406,-742,-2.0,37139,-9,-0.02,36406,36406,1399-12-10
664,بهپاك,صنعتي بهپاك,6,18376,848732312,47129,46187,46187,-942,-2.0,47113,-16,-0.03,46187,46187,1399-12-10
665,درهآور,دارويي ره آورد تامين,6,1747,94483001,55186,54083,54083,-1103,-2.0,55184,-2,0.0,54083,54083,1399-12-10
666,تابان03,اجاره تابان سپهر14021206,6,150000,155550000000,1037000,1037000,1037000,0,0.0,1037000,0,0.0,1037000,1037000,1399-12-10
667,ضجار2001,اختيارخ وتجارت-2000-1400/02/22,6,340,292500000,798,750,750,-48,-6.02,860,62,7.77,635,1200,1399-12-10
668,غدشت,دشت‌ مرغاب‌,5,95,27130100,291400,285580,285580,-5820,-2.0,291400,0,0.0,285580,285580,1399-12-10
669,تملي803,تسهيلات مسكن ب. ملي-خرداد98,5,105,61728345,559895,587889,587889,27994,5.0,587889,27994,5.0,587889,587889,1399-12-10
670,بخاور,بيمه زندگي خاورميانه,5,47630,336696470,7213,7069,7069,-144,-2.0,7212,-1,-0.01,7069,7069,1399-12-10
671,زمگسا,كشاورزي‌ ودامپروي‌ مگسال‌,5,2554,82162180,32820,32170,32170,-650,-1.98,32820,0,0.0,32170,32170,1399-12-10
672,شپارسح,ح . بين‌ المللي‌محصولات پارس‌,5,2178,33824340,16170,15530,15530,-640,-3.96,15530,-640,-3.96,15530,15530,1399-12-10
673,زكشت,كشاورزي مكانيزه اصفهان كشت,5,3554,141449200,40612,39800,39800,-812,-2.0,40610,-2,0.0,39800,39800,1399-12-10
674,خعمرا,توسعه و عمران شهرستان نائين,5,4700,108772100,22469,23143,23143,674,3.0,22473,4,0.02,23143,23143,1399-12-10
675,زعف0008پ12,زعفران0008پوشالمعمول سحرخيز(پ),5,520,40271769,80013,77000,77100,-2913,-3.64,77446,-2567,-3.21,76169,79000,1399-12-10
676,ضخوز2012,اختيارخ فخوز-10000-1400/02/15,5,61,172600000,2900,2600,2700,-200,-6.9,2830,-70,-2.41,2600,2900,1399-12-10
677,شاملا,معدني‌ املاح‌  ايران‌,5,1188,61419600,52750,51700,51700,-1050,-1.99,52750,0,0.0,51700,51700,1399-12-10
678,درازك,دارويي‌ رازك‌,5,2431,84696040,35550,34840,34840,-710,-2.0,35550,0,0.0,34840,34840,1399-12-10
679,ضجار2002,اختيارخ وتجارت-2500-1400/02/22,5,71,24542000,384,350,322,-62,-16.15,346,-38,-9.9,322,350,1399-12-10
680,دكوثر,داروسازي‌ كوثر,5,12496,257167680,20990,20580,20580,-410,-1.95,20990,0,0.0,20580,20580,1399-12-10
681,ضسپا3005,اختيارخ خساپا-3000-1400/03/26,5,214,61627000,71,200,101,30,42.25,288,217,305.63,79,349,1399-12-10
682,ركيش,كارت اعتباري ايران كيش,5,2052,54213840,26950,26420,26420,-530,-1.97,26950,0,0.0,26420,26420,1399-12-10
683,خوساز,محورسازان‌ايران‌خودرو,5,16196,127948400,8060,7900,7900,-160,-1.99,8060,0,0.0,7900,7900,1399-12-10
684,سرو2,صندوق س سروسودمند مدبران-سهام,5,1300000,1300000,63040,1,1,-63039,-100.0,1,-63039,-100.0,1,1,1399-12-10
685,تملي802,تسهيلات مسكن ب. ملي-ارديبهشت98,5,94,76773278,777845,816737,816737,38892,5.0,816737,38892,5.0,816737,816737,1399-12-10
686,اخزا721,اسنادخزانه-م21بودجه97-000728,5,822,726798596,885018,884138,884138,-880,-0.1,884183,-835,-0.09,884138,884500,1399-12-10
687,سميعا002,سلف موازي استاندارد سميعا002,5,636000,802374020000,1257691,1259954,1259955,2264,0.18,1261594,3903,0.31,1259954,1266555,1399-12-10
688,ضپنا2002,اختيارخ رمپنا-14000-1400/02/12,5,25,69750000,3200,2800,2750,-450,-14.06,2790,-410,-12.81,2750,2800,1399-12-10
689,پارتا,مجتمع‌صنعتي‌آرتاويل‌تاير,5,1549,88279059,58154,56991,56991,-1163,-2.0,58150,-4,-0.01,56991,56991,1399-12-10
690,كتوكا,توليدي و خدمات صنايع نسوز توكا,5,1213,46916414,39467,38678,38678,-789,-2.0,39466,-1,0.0,38678,38678,1399-12-10
691,غگلستا,شير پاستوريزه پگاه گلستان,5,9480,271251240,29196,28613,28613,-583,-2.0,29193,-3,-0.01,28613,28613,1399-12-10
692,ضصاد3002,اختيارخ وبصادر-2500-1400/03/12,5,130,36400000,292,280,280,-12,-4.11,280,-12,-4.11,280,280,1399-12-10
693,ثعتما,س. ساختماني اعتماد گستر,5,4942,332784396,68712,67338,67338,-1374,-2.0,68689,-23,-0.03,67338,67338,1399-12-10
694,حبندر,دريايي و کشتيراني خط دريابندر,5,8105,285312210,35920,35202,35202,-718,-2.0,35910,-10,-0.03,35202,35202,1399-12-10
695,كقزوي,شيشه‌ قزوين‌,5,2722,27492200,10306,10100,10100,-206,-2.0,10306,0,0.0,10100,10100,1399-12-10
696,قنيشا,قند  نيشابور,5,438,26661060,62110,60870,60870,-1240,-2.0,62110,0,0.0,60870,60870,1399-12-10
697,كباده,توليد خاك نسوزاستقلال آباده,5,49330,444907270,8590,9019,9019,429,4.99,8599,9,0.1,9019,9019,1399-12-10
698,وثوق,سرمايه گذاري وثوق امين,5,51009,1259718264,25200,24696,24696,-504,-2.0,25168,-32,-0.13,24696,24696,1399-12-10
699,واحصا,احياء صنايع خراسان,5,458,32887606,73272,71807,71807,-1465,-2.0,73270,-2,0.0,71807,71807,1399-12-10
700,وسفارس,شركت س استان فارس,5,35000,35350000,1030,1010,1010,-20,-1.94,1030,0,0.0,1010,1010,1399-12-10
701,غبهار,كشت وصنعت بهاران گلبهار خراسان,5,3383,114477337,34529,33839,33839,-690,-2.0,34525,-4,-0.01,33839,33839,1399-12-10
702,ولصنم,ليزينگ‌صنعت‌ومعدن‌,5,7259,79486050,11170,10950,10950,-220,-1.97,11170,0,0.0,10950,10950,1399-12-10
703,خاتم2,صندوق س خاتم ايساتيس پويا-ثابت,4,3500000,3500000,10608,1,1,-10607,-99.99,1,-10607,-99.99,1,1,1399-12-10
704,تملي805,تسهيلات مسكن ب. ملي-مرداد98,4,31,29553382,954875,1002618,907132,-47743,-5.0,953335,-1540,-0.16,907132,1002618,1399-12-10
705,خموتور,موتورسازان‌تراكتورسازي‌ايران‌,4,3120,46519200,15210,14910,14910,-300,-1.97,15210,0,0.0,14910,14910,1399-12-10
706,دپارس,پارس‌ دارو,4,483,41475210,87620,85870,85870,-1750,-2.0,87620,0,0.0,85870,85870,1399-12-10
707,بكاب,صنايع‌جوشكاب‌يزد,4,95,33823800,363300,356040,356040,-7260,-2.0,363290,-10,0.0,356040,356040,1399-12-10
708,كشرق,صنعتي و معدني شمال شرق شاهرود,4,216,20318688,95987,94068,94068,-1919,-2.0,95986,-1,0.0,94068,94068,1399-12-10
709,سفار,سيمان‌فارس‌,4,782,120881560,157730,154580,154580,-3150,-2.0,157720,-10,-0.01,154580,154580,1399-12-10
710,ثنوسا,نوسازي‌وساختمان‌تهران‌,4,2483,32452810,13330,13070,13070,-260,-1.95,13330,0,0.0,13070,13070,1399-12-10
711,ضشنا2000,اختيارخ شپنا-9000-1400/02/27,4,288,965900000,3500,3400,3350,-150,-4.29,3354,-146,-4.17,3350,3400,1399-12-10
712,تملي804,تسهيلات مسكن ب. ملي-تير98,4,79,67692967,816070,856873,856873,40803,5.0,856873,40803,5.0,856873,856873,1399-12-10
713,سهرمز,سيمان‌هرمزگان‌,4,7711,191078580,25280,24780,24780,-500,-1.98,25280,0,0.0,24780,24780,1399-12-10
714,ولغدر,ليزينگ‌خودروغدير,4,2648,58547280,22560,22110,22110,-450,-1.99,22560,0,0.0,22110,22110,1399-12-10
715,حپترو,حمل و نقل پتروشيمي( سهامي عام,4,25700,1374950000,54590,53500,53500,-1090,-2.0,54560,-30,-0.05,53500,53500,1399-12-10
716,شساخت,مهندسي و ساختمان صنايع نفت,4,4443,179146203,41143,40321,40321,-822,-2.0,41139,-4,-0.01,40321,40321,1399-12-10
717,حسير,ريل سير كوثر,4,18049,309143272,17477,17128,17128,-349,-2.0,17475,-2,-0.01,17128,17128,1399-12-10
718,ولراز,ليزينگ رازي,4,1809,97530426,56160,53914,53914,-2246,-4.0,56149,-11,-0.02,53914,53914,1399-12-10
719,خمحور,توليدمحورخودرو,4,2595,156193050,61410,60190,60190,-1220,-1.99,61410,0,0.0,60190,60190,1399-12-10
720,غمهرا,توليدي‌مهرام‌,3,548,66406640,123650,121180,121180,-2470,-2.0,123650,0,0.0,121180,121180,1399-12-10
721,وملت,سرمايه گذاري ملت,3,4166,18234582,4559,4377,4377,-182,-3.99,4559,0,0.0,4377,4377,1399-12-10
722,كابگن,توليدي و صنعتي آبگينه‌,3,5892,30685536,5106,5208,5208,102,2.0,5107,1,0.02,5208,5208,1399-12-10
723,وسصفا,شركت س استان اصفهان,3,11087,11641350,1070,1050,1050,-20,-1.87,1070,0,0.0,1050,1050,1399-12-10
724,فسا,پتروشيمي فسا,3,11000,20009000,1856,1819,1819,-37,-1.99,1856,0,0.0,1819,1819,1399-12-10
725,ضفلا3002,اختيارخ فولاد-9000-1400/03/19,3,62,204600000,3650,3300,3300,-350,-9.59,3300,-350,-9.59,3300,3300,1399-12-10
726,ضصاد3003,اختيارخ وبصادر-3000-1400/03/12,3,8,1314000,261,166,164,-97,-37.16,164,-97,-37.16,164,166,1399-12-10
727,حكشتيح,ح . كشتيراني ج. ا. ا,3,1130,21481300,19170,19010,19010,-160,-0.83,19010,-160,-0.83,19010,19010,1399-12-10
728,قهكمت,قندهكمتان‌,3,1338,60986040,46510,45580,45580,-930,-2.0,46510,0,0.0,45580,45580,1399-12-10
729,قزوين,كارخانجات‌ قند قزوين‌,3,2728,107455920,40190,39390,39390,-800,-1.99,40190,0,0.0,39390,39390,1399-12-10
730,نتوس,پشم‌ بافي‌ توس,3,987,21370524,22093,21652,21652,-441,-2.0,22093,0,0.0,21652,21652,1399-12-10
731,بنيرو,نيروترانس‌,3,2098,32267240,15690,15380,15380,-310,-1.98,15690,0,0.0,15380,15380,1399-12-10
732,حتوكا,حمل‌ونقل‌توكا,3,3140,95299000,30960,30350,30350,-610,-1.97,30960,0,0.0,30350,30350,1399-12-10
733,ضصاد3000,اختيارخ وبصادر-1800-1400/03/12,3,87,69600000,850,800,800,-50,-5.88,800,-50,-5.88,800,800,1399-12-10
734,ثغرب,شركت سرمايه گذاري مسكن شمالغرب,3,29713,233603606,8022,7862,7862,-160,-1.99,8021,-1,-0.01,7862,7862,1399-12-10
735,تايرا,تراكتورسازي‌ايران‌,3,905,23457600,26440,25920,25920,-520,-1.97,26440,0,0.0,25920,25920,1399-12-10
736,كساپا,سايپاشيشه‌,3,470,18546200,40260,39460,39460,-800,-1.99,40260,0,0.0,39460,39460,1399-12-10
737,فلامي,لاميران‌,3,356,15781480,45230,44330,44330,-900,-1.99,45230,0,0.0,44330,44330,1399-12-10
738,ضپيك2010,اختيارخ تاپيكو-12000-00/02/19,3,5,4488000,1050,900,888,-162,-15.43,898,-152,-14.48,888,900,1399-12-10
739,كشم0006پ02,كشمش تيزابي0006تاكستان(پ),3,128,29165500,228327,228000,227500,-827,-0.36,227855,-472,-0.21,226000,228000,1399-12-10
740,ضفار3001,اختيارخ فارس-9000-1400/03/05,3,53,38670000,1004,710,790,-214,-21.31,730,-274,-27.29,710,790,1399-12-10
741,شدوص,دوده‌ صنعتي‌ پارس‌,3,1207,36137580,30550,29940,29940,-610,-2.0,30550,0,0.0,29940,29940,1399-12-10
742,ضغدر3002,اختيارخ وغدير-8200-1400/03/26,3,81,228000000,2813,3000,2800,-13,-0.46,2815,2,0.07,2800,3000,1399-12-10
743,خاذين,سايپاآذين‌,3,63165,297507150,4800,4710,4710,-90,-1.88,4800,0,0.0,4710,4710,1399-12-10
744,صايپا203,صكوك مرابحه سايپا203-3ماهه 16%,3,11000,10512780954,952131,952131,960000,7869,0.83,955707,3576,0.38,952130,960000,1399-12-10
745,ددام,داروسازي زاگرس فارمد پارس,3,1521,34587540,23200,22740,22740,-460,-1.98,23200,0,0.0,22740,22740,1399-12-10
746,سايرا,ايرانيت‌,3,2800,127831200,46585,45654,45654,-931,-2.0,46573,-12,-0.03,45654,45654,1399-12-10
747,خشرق,الكتريك‌ خودرو شرق‌,3,4728,77019120,16620,16290,16290,-330,-1.99,16620,0,0.0,16290,16290,1399-12-10
748,سدبير,س. تدبيرگران فارس وخوزستان,3,5585,505101815,92284,90439,90439,-1845,-2.0,92265,-19,-0.02,90439,90439,1399-12-10
749,دشيري,شيرين دارو,3,465,103954005,228119,223557,223557,-4562,-2.0,228095,-24,-0.01,223557,223557,1399-12-10
750,قلرست,قند لرستان‌,3,6301,223433460,36180,35460,35460,-720,-1.99,36180,0,0.0,35460,35460,1399-12-10
751,لخانه,لوازم‌ خانگي‌ پارس‌,3,1384,38197016,28748,27599,27599,-1149,-4.0,28746,-2,-0.01,27599,27599,1399-12-10
752,سخواف,سيمان مجد خواف,3,2709,46020492,17334,16988,16988,-346,-2.0,17333,-1,-0.01,16988,16988,1399-12-10
753,ضصاد3004,اختيارخ وبصادر-3500-1400/03/12,3,6,618000,111,103,103,-8,-7.21,103,-8,-7.21,103,103,1399-12-10
754,پرداخت,به پرداخت ملت,3,1267,45168550,36370,35650,35650,-720,-1.98,36370,0,0.0,35650,35650,1399-12-10
755,لازما,كارخانه هاي صنعتي آزمايش,3,10996,377404712,35022,34322,34322,-700,-2.0,35009,-13,-0.04,34322,34322,1399-12-10
756,مصفها0122,مشاركت ش اصفهان012-3ماهه20%,3,3575000,3521375000000,985000,985000,985000,0,0.0,985000,0,0.0,985000,985000,1399-12-10
757,كمند2,صندوق س. با درآمد ثابت كمند,3,85000000,85000000,10133,1,1,-10132,-99.99,1,-10132,-99.99,1,1,1399-12-10
758,داريك,صندوق س.اعتماد داريك-د,3,53500,551863000,10324,10324,10246,-78,-0.76,10315,-9,-0.09,10180,10324,1399-12-10
759,ضمخا7076,اختيارخ اخابر-10000-1400/07/28,2,30,76500000,2122,2550,2550,428,20.17,2550,428,20.17,2550,2550,1399-12-10
760,كيسون,شركت كيسون,2,1562,22096052,14735,14146,14146,-589,-4.0,14735,0,0.0,14146,14146,1399-12-10
761,ضملت3002,اختيارخ وبملت-4000-1400/03/19,2,68,23800000,530,350,350,-180,-33.96,350,-180,-33.96,350,350,1399-12-10
762,وسقم,شركت س استان قم,2,10450,14525500,1410,1390,1390,-20,-1.42,1410,0,0.0,1390,1390,1399-12-10
763,ضفار3003,اختيارخ فارس-12000-1400/03/05,2,31,13794000,400,445,444,44,11.0,445,45,11.25,444,445,1399-12-10
764,ارفعح,ح.شركت آهن و فولاد ارفع,2,890,10778100,12018,12450,11778,-240,-2.0,12110,92,0.77,11778,12450,1399-12-10
765,فولاد2,فولاد مباركه اصفهان,2,9129458,103801937460,11600,11370,11370,-230,-1.98,11370,-230,-1.98,11370,11370,1399-12-10
766,اراد51,مرابحه عام دولت5-ش.خ 0010,2,30000,30000000000,1000000,1000000,1000000,0,0.0,1000000,0,0.0,1000000,1000000,1399-12-10
767,دقاضي,داروسازي شهيد قاضي,2,550,24360050,45194,44291,44291,-903,-2.0,45193,-1,0.0,44291,44291,1399-12-10
768,تشتاد,صنايع توليدي اشتاد ايران‌,2,865,13365115,15766,15451,15451,-315,-2.0,15766,0,0.0,15451,15451,1399-12-10
769,ضمخا7069,اختيارخ اخابر-18000-1400/07/28,2,2,2000000,1000,1000,1000,0,0.0,1000,0,0.0,1000,1000,1399-12-10
770,بشهاب,لامپ‌  پارس‌ شهاب‌,2,72,10650240,150930,147920,147920,-3010,-1.99,150930,0,0.0,147920,147920,1399-12-10
771,اطلس2,صندوق س.توسعه اندوخته آينده-س,2,20000,20000,193460,1,1,-193459,-100.0,1,-193459,-100.0,1,1,1399-12-10
772,وسكهبو,س.عدالت ا. كهگيلويه وبويراحمد,2,9050,10045500,1130,1110,1110,-20,-1.77,1130,0,0.0,1110,1110,1399-12-10
773,مصفها112,مشاركت ش اصفهان112-3ماهه18%,2,5000,4664000000,880000,932800,932800,52800,6.0,932800,52800,6.0,932800,932800,1399-12-10
774,وسبوشهر,شركت س استان بوشهر,2,10401,12897240,1260,1240,1240,-20,-1.59,1260,0,0.0,1240,1240,1399-12-10
775,تملي709,تسهيلات مسكن ب. ملي-آذر97,2,20,11106180,584535,555309,555309,-29226,-5.0,555309,-29226,-5.0,555309,555309,1399-12-10
776,دروز,داروسازي‌ روزدارو,2,368,10193600,28260,27700,27700,-560,-1.98,28260,0,0.0,27700,27700,1399-12-10
777,وسزنجان,شركت س استان زنجان,2,7591,10627400,1420,1400,1400,-20,-1.41,1420,0,0.0,1400,1400,1399-12-10
778,اراد524,مرابحه عام دولت5-ش.خ 0108,2,12666000,12086213850000,1000000,954250,954200,-45800,-4.58,954225,-45775,-4.58,954200,954250,1399-12-10
779,ضغدر3003,اختيارخ وغدير-9200-1400/03/26,2,60,120000000,2305,2000,2000,-305,-13.23,2000,-305,-13.23,2000,2000,1399-12-10
780,شستا993,اجاره ت.اجتماعي-كاردان991226,2,22,21802000,1002869,991000,991000,-11869,-1.18,991000,-11869,-1.18,991000,991000,1399-12-10
781,اراد334,مرابحه عام دولت3-ش.خ 0303,2,10000000,8728035000000,900000,873552,872055,-27945,-3.11,872803,-27197,-3.02,872055,873552,1399-12-10
782,اعتماد2,صندوق س.اعتماد آفرين پارسيان-د,2,19000000,19000000,35079,1,1,-35078,-100.0,1,-35078,-100.0,1,1,1399-12-10
783,ياقوت2,صندوق س ياقوت آگاه-ثابت,2,83600000,83600000,11966,1,1,-11965,-99.99,1,-11965,-99.99,1,1,1399-12-10
784,زعف0008پ18,زعفران0008نگين بهرامن(پ),2,100,11879000,124512,118900,118700,-5812,-4.67,118790,-5722,-4.6,118700,118900,1399-12-10
785,افاد74,منفعت دولت7-ش.خاص ساير0204,2,50000,50000000000,1000000,1000000,1000000,0,0.0,1000000,0,0.0,1000000,1000000,1399-12-10
786,ضمخا7075,اختيارخ اخابر-9000-1400/07/28,2,11,34100000,3054,3100,3100,46,1.51,3100,46,1.51,3100,3100,1399-12-10
787,داراب,پتروشيمي داراب,2,8775,21112650,2455,2406,2406,-49,-2.0,2455,0,0.0,2406,2406,1399-12-10
788,صگل14112,ص اجاره گل گهر 1411-3 ماهه 17%,2,1552955,1524070037000,955020,981400,981400,26380,2.76,981400,26380,2.76,981400,981400,1399-12-10
789,دفرا,فرآورده‌هاي‌ تزريقي‌ ايران‌,2,51134,1351982960,26970,26440,26440,-530,-1.97,26960,-10,-0.04,26440,26440,1399-12-10
790,وبهمن,سرمايه‌گذاري‌بهمن‌,2,1800,29826000,16900,16570,16570,-330,-1.95,16900,0,0.0,16570,16570,1399-12-10
791,وسيستا,شركت س استان سيستان وبلوچستان,2,13300,10108000,770,760,760,-10,-1.3,770,0,0.0,760,760,1399-12-10
792,سكارون,سيمان كارون,2,83,14611652,179636,176044,176044,-3592,-2.0,179633,-3,0.0,176044,176044,1399-12-10
793,فولاي,صنايع فولاد آلياژي يزد,2,425,21567050,51781,50746,50746,-1035,-2.0,51781,0,0.0,50746,50746,1399-12-10
794,اراد494,مرابحه عام دولت4-ش.خ 0206,2,21424000,20181547256000,989914,942013,942000,-47914,-4.84,942006,-47908,-4.84,942000,942013,1399-12-10
795,زعف0008پ15,زعفران0008پوشالمعمول طلاسرخ(پ),2,350,28700000,80332,82000,82000,1668,2.08,82000,1668,2.08,82000,82000,1399-12-10
796,ومعادن2,توسعه‌معادن‌وفلزات‌,2,11572421,127296631000,11220,11000,11000,-220,-1.96,11000,-220,-1.96,11000,11000,1399-12-10
797,فخاس,فولاد خراسان,2,1180,35529800,30720,30110,30110,-610,-1.99,30720,0,0.0,30110,30110,1399-12-10
798,وسمازن,س.سهام عدالت استان مازندران,2,15707,15078720,970,960,960,-10,-1.03,970,0,0.0,960,960,1399-12-10
799,كاسپينح,ح .داروسازي كاسپين تامين,2,470,10926000,22800,23300,23200,400,1.75,23247,447,1.96,23200,23300,1399-12-10
800,مصفها203,مشاركت ش اصفهان203-3ماهه18%,1,200,194600000,965000,973000,973000,8000,0.83,973000,8000,0.83,973000,973000,1399-12-10
801,اروند102,منفعت صبا اروند لوتوس 14001222,1,2000000,1973000000000,990000,986500,986500,-3500,-0.35,986500,-3500,-0.35,986500,986500,1399-12-10
802,اراد54,مرابحه عام دولت5-ش.خ 0109,1,3000,3045000000,980000,1015000,1015000,35000,3.57,1015000,35000,3.57,1015000,1015000,1399-12-10
803,اراد374,مرابحه عام دولت3-ش.خ 0005,1,1000000,1000167000000,1000000,1000167,1000167,167,0.02,1000167,167,0.02,1000167,1000167,1399-12-10
804,تنوين2,تامين سرمايه نوين,1,148000000,892440000000,6150,6030,6030,-120,-1.95,6030,-120,-1.95,6030,6030,1399-12-10
805,اروند10,منفعت صبا اروند لوتوس 14001222,1,2000,1973000000,990000,986500,986500,-3500,-0.35,986500,-3500,-0.35,986500,986500,1399-12-10
806,وسخراج,شركت س استان خراسان جنوبي,1,5500,11990000,2220,2180,2180,-40,-1.8,2220,0,0.0,2180,2180,1399-12-10
807,تصميم2,صندوق س با درآمد ثابت تصميم,1,2500000,2500000,15749,1,1,-15748,-99.99,1,-15748,-99.99,1,1,1399-12-10
808,آبين,كشت و صنعت آبشيرين,1,1250,5256250,4290,4205,4205,-85,-1.98,4290,0,0.0,4205,4205,1399-12-10
809,اراد474,مرابحه عام دولت4-ش.خ 0008,1,200000,196000000000,980000,980000,980000,0,0.0,980000,0,0.0,980000,980000,1399-12-10
810,عپلي جم,سلف پلي اتيلن سنگين تزريقي,1,4,5530616,1382654,1382654,1382654,0,0.0,1382654,0,0.0,1382654,1382654,1399-12-10
811,فملي2,ملي‌ صنايع‌ مس‌ ايران‌,1,5000000,63600000000,12970,12720,12720,-250,-1.93,12720,-250,-1.93,12720,12720,1399-12-10
812,پا ر 47,بار پايه روز 47,1,1700,629000,380,370,370,-10,-2.63,370,-10,-2.63,370,370,1399-12-10
813,فخوز2,فولاد  خوزستان,1,5000000,59950000000,12230,11990,11990,-240,-1.96,11990,-240,-1.96,11990,11990,1399-12-10
814,ضجار2006,اختيارخ وتجارت-4500-1400/02/22,1,10,440000,55,44,44,-11,-20.0,44,-11,-20.0,44,44,1399-12-10
815,زير0003پ04,زيره سبز0003شركت مينوبذر(پ),1,10,4236860,435373,423686,423686,-11687,-2.68,423686,-11687,-2.68,423686,423686,1399-12-10
816,وسمركز,شركت س استان مركزي,1,1000,1380000,1400,1380,1380,-20,-1.43,1400,0,0.0,1380,1380,1399-12-10
817,اشاد104,مشاركت دولتي10-شرايط خاص001226,1,1000000,949411000000,965500,949411,949411,-16089,-1.67,949411,-16089,-1.67,949411,949411,1399-12-10
818,اراد404,مرابحه عام دولت4-ش.خ 0207,1,7000000,6586685000000,999000,940955,940955,-58045,-5.81,940955,-58045,-5.81,940955,940955,1399-12-10
819,ضملي3005,اختيارخ فملي-16000-1400/03/02,1,1,666000,700,666,666,-34,-4.86,666,-34,-4.86,666,666,1399-12-10
820,اروند05,منفعت صبا اروند لوتوس 14001113,1,2000,2076000000,1000000,1038000,1038000,38000,3.8,1038000,38000,3.8,1038000,1038000,1399-12-10
821,اراد384,مرابحه عام دولت3-ش.خ 0105,1,2000000,1928766000000,1050000,964383,964383,-85617,-8.15,964383,-85617,-8.15,964383,964383,1399-12-10
822,شبريز2,پالايش نفت تبريز,1,1592350,42563515500,27270,26730,26730,-540,-1.98,26730,-540,-1.98,26730,26730,1399-12-10
823,پا ر 3,بار پايه روز 3,1,1700,629000,350,370,370,20,5.71,370,20,5.71,370,370,1399-12-10
824,كاريس4,صندوق س.سپهر كاريزما-س,1,11600000,119596000000,10527,10310,10310,-217,-2.06,10310,-217,-2.06,10310,10310,1399-12-10
825,اروند092,منفعت صبا اروند نوين 14001222,1,200000,187900000000,918418,939500,939500,21082,2.3,939500,21082,2.3,939500,939500,1399-12-10
826,حرهشا,رهشاد سپاهان (سهامي عام,1,155,9925890,65344,64038,64038,-1306,-2.0,65343,-1,0.0,64038,64038,1399-12-10
827,ثجوان,تامين مسكن جوانان,1,500,5647500,11525,11295,11295,-230,-2.0,11525,0,0.0,11295,11295,1399-12-10
828,رطب0002پ02,رطب مضافتي0002اتحاديه كرمان(پ),1,20,3850200,197629,192510,192510,-5119,-2.59,192510,-5119,-2.59,192510,192510,1399-12-10
829,اراد76,مرابحه عام دولت76-ش.خ030406,1,30000,28285800000,1000000,942860,942860,-57140,-5.71,942860,-57140,-5.71,942860,942860,1399-12-10
830,ضملت3003,اختيارخ وبملت-4500-1400/03/19,1,82,16400000,300,200,200,-100,-33.33,200,-100,-33.33,200,200,1399-12-10
831,پا ه 25,بار پايه هفته 25,1,1700,629000,350,370,370,20,5.71,370,20,5.71,370,370,1399-12-10
832,ضسپا3000,اختيارخ خساپا-1400-1400/03/26,1,1,1050000,1108,1050,1050,-58,-5.23,1050,-58,-5.23,1050,1050,1399-12-10
833,نيرو,نيرو سرمايه,1,1000,55725000,56862,55725,55725,-1137,-2.0,56859,-3,-0.01,55725,55725,1399-12-10
834,تبريز112,مشاركت شهرداري تبريز-3ماهه18%,1,7,6964993,995000,994999,994999,-1,0.0,994999,-1,0.0,994999,994999,1399-12-10
835,صفارس412,صكوك اجاره خليج فارس- 3ماهه16%,1,200,188400000,957000,942000,942000,-15000,-1.57,942000,-15000,-1.57,942000,942000,1399-12-10
836,فارس2,صنايع پتروشيمي خليج فارس,1,20220653,171875550500,8670,8500,8500,-170,-1.96,8500,-170,-1.96,8500,8500,1399-12-10
837,اراد43,مرابحه عام دولت4-ش.خ 0205,1,2000,1892000000,940000,946000,946000,6000,0.64,946000,6000,0.64,946000,946000,1399-12-10
838,وسخراش,شركت س استان خراسان شمالي,1,4000,5400000,1370,1350,1350,-20,-1.46,1370,0,0.0,1350,1350,1399-12-10
839,ضملي3002,اختيارخ فملي-10000-1400/03/02,1,8,28000000,3335,3500,3500,165,4.95,3500,165,4.95,3500,3500,1399-12-10
840,صبا1401,اجاره مهندسي صبا نفت14010225,1,1500,1482825000,988550,988550,988550,0,0.0,988550,0,0.0,988550,988550,1399-12-10
841,پا ر 48,بار پايه روز 48,1,1700,629000,380,370,370,-10,-2.63,370,-10,-2.63,370,370,1399-12-10
842,افاد14,منفعت دولت-با شرايط خاص140006,1,5000000,5106725000000,1000000,1021345,1021345,21345,2.13,1021345,21345,2.13,1021345,1021345,1399-12-10
843,وسكرمان,س.سهام عدالت استان كرمان,1,5030,5080300,1030,1010,1010,-20,-1.94,1030,0,0.0,1010,1010,1399-12-10
844,پا ه 26,بار پايه هفته 26,1,1700,629000,350,370,370,20,5.71,370,20,5.71,370,370,1399-12-10
845,افران2,صندوق س افرا نماد پايدار-ثابت,1,2200000,2200000,12780,1,1,-12779,-99.99,1,-12779,-99.99,1,1,1399-12-10
846,تملي801,تسهيلات مسكن ب. ملي-فروردين98,1,9,5548608,616512,616512,616512,0,0.0,616512,0,0.0,616512,616512,1399-12-10
847,پارسا306,صكوك اجاره پارسيان-6ماهه16%,1,200,180070200,908810,900351,900351,-8459,-0.93,900351,-8459,-0.93,900351,900351,1399-12-10
848,ضمخا7066,اختيارخ اخابر-12000-1400/07/28,1,1,1601000,1710,1601,1601,-109,-6.37,1601,-109,-6.37,1601,1601,1399-12-10
849,صايپا4122,صكوك مرابحه سايپا412-3ماهه 16%,1,403700,411774000000,1020000,1020000,1020000,0,0.0,1020000,0,0.0,1020000,1020000,1399-12-10
850,وكادو,تكادو,1,2402,49694978,21111,20689,20689,-422,-2.0,21110,-1,0.0,20689,20689,1399-12-10
851,اخزا713,اسنادخزانه-م13بودجه97-000518,1,57,52250190,916854,916670,916670,-184,-0.02,916670,-184,-0.02,916670,916670,1399-12-10
852,فن آوا,گروه فن آوا,1,50000,919350000,18762,18387,18387,-375,-2.0,18744,-18,-0.1,18387,18387,1399-12-10
853,صگل1411,ص اجاره گل گهر 1411-3 ماهه 17%,1,500,487000000,955020,974000,974000,18980,1.99,974000,18980,1.99,974000,974000,1399-12-10
854,پست0008پ09,پسته بادامي30-28مه ولات0008(پ),1,5,7349995,1400000,1469999,1469999,69999,5.0,1469999,69999,5.0,1469999,1469999,1399-12-10
855,وسيلام,شركت س استان ايلام,1,5000,6100000,1240,1220,1220,-20,-1.61,1240,0,0.0,1220,1220,1399-12-10
856,فايرا2,آلومينيوم‌ايران‌,1,8000000,207440000000,25930,25930,25930,0,0.0,25930,0,0.0,25930,25930,1399-12-10
857,صفارس037,صكوك اجاره فارس037- 3ماهه18%,1,100,104450000,1045000,1044500,1044500,-500,-0.05,1044500,-500,-0.05,1044500,1044500,1399-12-10
858,وسكرشا,س.سهام عدالت استان كرمانشاه,1,5000,6200000,1260,1240,1240,-20,-1.59,1260,0,0.0,1240,1240,1399-12-10
859,اراد434,مرابحه عام دولت4-ش.خ 0205,1,1000000,968378000000,940000,968378,968378,28378,3.02,968378,28378,3.02,968378,968378,1399-12-10
860,كگل2,معدني و صنعتي گل گهر,1,2000000,33640000000,17160,16820,16820,-340,-1.98,16820,-340,-1.98,16820,16820,1399-12-10
861,اراد49,مرابحه عام دولت4-ش.خ 0206,1,10000,9900000000,989914,990000,990000,86,0.01,990000,86,0.01,990000,990000,1399-12-10
862,اراد444,مرابحه عام دولت4-ش.خ 0007,1,2000000,1989330000000,1050000,994665,994665,-55335,-5.27,994665,-55335,-5.27,994665,994665,1399-12-10
863,ضخوز2013,اختيارخ فخوز-12000-1400/02/15,1,1,1600000,2259,1600,1600,-659,-29.17,1600,-659,-29.17,1600,1600,1399-12-10
864,صمسكن912,ص دين مسكن جنوب-ماهانه16درصد,1,110,5422230,49293,49293,49293,0,0.0,49293,0,0.0,49293,49293,1399-12-10
865,تملي807,تسهيلات مسكن ب. ملي-مهر98,1,8,5750808,756685,718851,718851,-37834,-5.0,718851,-37834,-5.0,718851,718851,1399-12-10
866,اخزا8142,اسنادخزانه-م14بودجه98-010318,1,300000,232800000000,778038,776000,776000,-2038,-0.26,776000,-2038,-0.26,776000,776000,1399-12-10
867,صخود412,ص مرابحه خودرو412- 3ماهه 18%,1,10,10050000,1000000,1005000,1005000,5000,0.5,1005000,5000,0.5,1005000,1005000,1399-12-10
