,نماد,نام,تعداد,حجم,ارزش,دیروز,اولین,آخرین معامله - مقدار,آخرین معامله - تغییر,آخرین معامله - درصد,قیمت پایانی - مقدار,قیمت پایانی - تغییر,قیمت پایانی - درصد,کمترین,بیشترین,تاریخ
0,وكبهمن,مديريت سرمايه گذاري كوثربهمن,484686,95669247,2053512763592,21611,21030,22405,794,3.67,21465,-146,-0.68,20531,22449,1399-10-13
1,بركت,گروه دارويي بركت,82822,251253269,7100255915750,27540,27540,28700,1160,4.21,28260,720,2.61,26170,28910,1399-10-13
2,بوعلي,پتروشيمي بوعلي سينا,63412,18778812,1050870879000,58670,57100,55740,-2930,-4.99,55960,-2710,-4.62,55740,57800,1399-10-13
3,چخزر,صنايع چوب خزر كاسپين,51947,1668579,53921798964,30778,32316,32316,1538,5.0,32316,1538,5.0,32316,32316,1399-10-13
4,وسپهر,سرمايه گذاري مالي سپهرصادرات,51786,162632894,1680577776010,10475,10122,10475,0,0.0,10334,-141,-1.35,9952,10990,1399-10-13
5,شاروم,پتروشيمي اروميه,45780,35913019,1156216676308,32735,34000,31400,-1335,-4.08,32195,-540,-1.65,31099,34000,1399-10-13
6,پالايش,صندوق پالايشي يکم-سهام,41777,20354463,1549250349320,81080,79400,74740,-6340,-7.82,76110,-4970,-6.13,74710,79400,1399-10-13
7,شستا,سرمايه گذاري تامين اجتماعي,40877,137406283,2982037747870,22710,21840,21580,-1130,-4.98,21700,-1010,-4.45,21580,22710,1399-10-13
8,دارا يكم,صندوق واسطه گري مالي يكم-سهام,34301,10725596,1634251761440,163170,161000,150100,-13070,-8.01,152370,-10800,-6.62,150010,161000,1399-10-13
9,خودرو,ايران‌ خودرو,32907,754936784,2240768944730,3110,3030,2960,-150,-4.82,2970,-140,-4.5,2960,3080,1399-10-13
10,ولپارس,ليزينگ پارسيان,31144,69140923,571772943320,8660,8410,8230,-430,-4.97,8270,-390,-4.5,8230,8660,1399-10-13
11,سيتا,سرمايه گذاري سيمان تامين,28743,63957938,964101355000,15810,15350,15020,-790,-5.0,15070,-740,-4.68,15020,15700,1399-10-13
12,آريا,پليمر آريا ساسول,26368,5645801,1019686992363,180196,179000,187198,7002,3.89,180610,414,0.23,173769,187500,1399-10-13
13,شپنا,پالايش نفت اصفهان,25733,178766967,2186795515120,12850,12610,12210,-640,-4.98,12230,-620,-4.82,12210,12800,1399-10-13
14,فولاد,فولاد مباركه اصفهان,25300,182265257,2297349323520,13220,12700,12560,-660,-4.99,12600,-620,-4.69,12560,13070,1399-10-13
15,خساپا,سايپا,24461,682018052,1464056388490,2250,2210,2140,-110,-4.89,2150,-100,-4.44,2140,2230,1399-10-13
16,فملي,ملي‌ صنايع‌ مس‌ ايران‌,24393,99617857,1349643321940,14200,13650,13490,-710,-5.0,13550,-650,-4.58,13490,14020,1399-10-13
17,زملارد,كشاورزي و دامپروري ملارد شير,22329,4315664,207620662728,45977,48000,48275,2298,5.0,48109,2132,4.64,46500,48275,1399-10-13
18,آبادا,توليد نيروي برق آبادان,21220,10411892,172902791460,17180,16900,16330,-850,-4.95,16610,-570,-3.32,16330,17350,1399-10-13
19,ثاميد,توسعه و عمران اميد,21109,126262456,248003254680,2060,1990,1960,-100,-4.85,1960,-100,-4.85,1960,2000,1399-10-13
20,امين,تامين سرمايه امين,20391,25365801,262453679030,10560,10590,10410,-150,-1.42,10350,-210,-1.99,10040,10590,1399-10-13
21,كاما,باما,17071,68791958,1731246441210,26300,26440,24990,-1310,-4.98,25170,-1130,-4.3,24990,26440,1399-10-13
22,بگيلان,توسعه مسير برق گيلان,15226,5406487,127259685670,24684,24639,23450,-1234,-5.0,23538,-1146,-4.64,23450,24639,1399-10-13
23,پيزد,مجتمع صنايع لاستيك يزد,15054,1667551,136625669630,83948,84000,82040,-1908,-2.27,81932,-2016,-2.4,79800,84000,1399-10-13
24,پترول,گروه پتروشيمي س. ايرانيان,14011,86338070,933909837540,11350,11270,10820,-530,-4.67,10820,-530,-4.67,10790,11270,1399-10-13
25,رافزا,رايان هم افزا,13921,81344,3279139328,38393,40312,40312,1919,5.0,38513,120,0.31,40312,40312,1399-10-13
26,غزر,صنعتي زر ماكارون,13140,2087710,105496412230,53160,51200,50510,-2650,-4.98,50530,-2630,-4.95,50510,51200,1399-10-13
27,ثبهساز,بهساز كاشانه تهران,12435,80085687,200541531080,2620,2520,2490,-130,-4.96,2500,-120,-4.58,2490,2600,1399-10-13
28,ديران,ايران‌دارو,12155,36372806,1224344576020,32360,33960,33970,1610,4.98,33660,1300,4.02,32180,33970,1399-10-13
29,شتران,پالايش نفت تهران,11688,58026936,594289968480,10750,10340,10220,-530,-4.93,10240,-510,-4.74,10220,10490,1399-10-13
30,شيران,س. صنايع‌شيميايي‌ايران,11451,13811538,504939743370,38300,37460,36410,-1890,-4.93,36560,-1740,-4.54,36390,37980,1399-10-13
31,انرژي3,سايراشخاص بورس انرژي,11272,2290242,916205051950,404450,391000,404500,50,0.01,400050,-4400,-1.09,384850,418000,1399-10-13
32,شگويا,پتروشيمي تندگويان,11144,49638484,529026153117,11191,10650,10650,-541,-4.83,10658,-533,-4.76,10632,11110,1399-10-13
33,كبافق,معادن‌ بافق‌,10326,11287947,723414225790,62690,64000,65810,3120,4.98,64090,1400,2.23,60000,65820,1399-10-13
34,حآسا,آسيا سير ارس,9697,14244233,761923943379,51319,53870,53884,2565,5.0,53490,2171,4.23,51319,53884,1399-10-13
35,ونيكي,سرمايه‌گذاري‌ ملي‌ايران‌,9602,29122353,533790128610,18460,19000,18090,-370,-2.0,18330,-130,-0.7,17630,19200,1399-10-13
36,شبندر,پالايش نفت بندرعباس,9591,36390620,907704468750,26240,25110,24930,-1310,-4.99,24940,-1300,-4.95,24930,25670,1399-10-13
37,وپارس,بانك‌پارسيان‌,9538,244256074,853092763940,3660,3600,3480,-180,-4.92,3490,-170,-4.64,3480,3620,1399-10-13
38,ذوب,سهامي ذوب آهن  اصفهان,9184,152169504,698469149938,4827,4660,4586,-241,-4.99,4590,-237,-4.91,4586,4695,1399-10-13
39,آينده,بازرگاني آينده سازان بهشت پارس,8868,43211299,859320016686,20805,19765,19765,-1040,-5.0,19886,-919,-4.42,19765,20687,1399-10-13
40,وغدير,سرمايه‌گذاري‌غدير(هلدينگ‌,8146,70369738,806959918370,12050,11550,11450,-600,-4.98,11470,-580,-4.81,11450,11800,1399-10-13
41,فروي,ذوب روي اصفهان,8038,6009289,440885935916,74823,72400,72600,-2223,-2.97,73367,-1456,-1.95,71082,76300,1399-10-13
42,سفاسي,شركت فارسيت اهواز,7946,26402171,480069703373,17986,18300,18525,539,3.0,18183,197,1.1,17447,18525,1399-10-13
43,ثنوسا,نوسازي‌وساختمان‌تهران‌,7835,50776684,776313064250,15140,15440,15420,280,1.85,15290,150,0.99,14710,15780,1399-10-13
44,ثفارس,عمران‌وتوسعه‌فارس‌,7817,53403520,649086940480,12600,12200,11970,-630,-5.0,12150,-450,-3.57,11970,12780,1399-10-13
45,نوري,پتروشيمي نوري,7778,8335507,563413074850,70600,68600,67070,-3530,-5.0,67590,-3010,-4.26,67070,70400,1399-10-13
46,ثاخت,بين‌المللي‌توسعه‌ساختمان,7288,195981551,989024745410,4910,4790,5150,240,4.89,5050,140,2.85,4720,5150,1399-10-13
47,زكوثر,سرمايه گذاري كشاورزي كوثر,7147,13302296,370205442630,28570,27260,27300,-1270,-4.45,27830,-740,-2.59,27150,29300,1399-10-13
48,وملي,گروه‌ صنعتي‌ ملي‌ (هلدينگ‌,7083,2075270,639602832330,309660,320910,295110,-14550,-4.7,308200,-1460,-0.47,294180,324000,1399-10-13
49,وتوصا,گروه س توسعه صنعتي ايران,7049,35658555,815615890640,23120,22540,23150,30,0.13,22870,-250,-1.08,21970,24000,1399-10-13
50,دبالك,مواد اوليه دارويي البرز بالك,6742,15989450,480529238926,29013,29050,30462,1449,4.99,30053,1040,3.58,28100,30463,1399-10-13
51,وگردش,بانك گردشگري,6262,56931242,1383509913795,23632,24340,24340,708,3.0,24301,669,2.83,23000,24340,1399-10-13
52,فارس,صنايع پتروشيمي خليج فارس,5836,25022297,302929050130,12500,12020,11880,-620,-4.96,12110,-390,-3.12,11880,12600,1399-10-13
53,صبا,سرمايه گذاري صبا تامين,5737,21984569,166089711731,7935,7730,7539,-396,-4.99,7555,-380,-4.79,7539,7772,1399-10-13
54,دتوليد,داروسازي توليد دارو,5699,10568539,403739690141,39348,37400,37381,-1967,-5.0,38202,-1146,-2.91,37381,40200,1399-10-13
55,غگيلا,شيرپاستوريزه پگاه گيلان,5606,482381,10288221968,20313,21328,21328,1015,5.0,20512,199,0.98,21328,21328,1399-10-13
56,ثقزوي,شركت عمران و سازندگي قزوين,5587,10065925,378111578363,37120,38200,38233,1113,3.0,37564,444,1.2,36007,38233,1399-10-13
57,هاي وب,داده گسترعصرنوين-هاي وب,5309,13439694,363152650570,28410,27000,26990,-1420,-5.0,27020,-1390,-4.89,26990,27700,1399-10-13
58,كسرام,پارس‌ سرام‌,5291,48201537,614157534210,12160,12760,12760,600,4.93,12740,580,4.77,12200,12760,1399-10-13
59,كلر,كلر پارس,5244,9072756,940223287909,98847,102999,103789,4942,5.0,103631,4784,4.84,99999,103789,1399-10-13
60,قجام,فرآوردههاي غذايي وقندتربت‌جام‌,5221,43647744,659061878953,14661,15394,14700,39,0.27,15100,439,2.99,14001,15394,1399-10-13
61,وملل,اعتباري ملل,5032,29913276,479817697108,15737,16000,16200,463,2.94,16040,303,1.93,15300,16500,1399-10-13
62,وآذر,سرمايه‌گذاري‌توسعه‌آذربايجان‌,4967,7280054,1042818886110,136830,133000,142000,5170,3.78,143240,6410,4.68,133000,143670,1399-10-13
63,كروي,توسعه‌ معادن‌ روي‌ ايران‌,4958,11272423,448139600440,38250,36800,40160,1910,4.99,39760,1510,3.95,36800,40160,1399-10-13
64,غگرجي,بيسكويت‌  گرجي‌,4901,11603022,256666365520,21840,20750,22930,1090,4.99,22120,280,1.28,20750,22930,1399-10-13
65,وساپا,سرمايه‌گذاري‌ سايپا,4892,58952622,480205834960,8550,8230,8140,-410,-4.8,8150,-400,-4.68,8130,8380,1399-10-13
66,كچاد,معدني‌وصنعتي‌چادرملو,4857,19918674,427000179450,22240,22420,21200,-1040,-4.68,21440,-800,-3.6,21130,22420,1399-10-13
67,تاپيكو,س. نفت و گاز و پتروشيمي تأمين,4853,30533497,411148207090,14110,13460,13410,-700,-4.96,13470,-640,-4.54,13410,14000,1399-10-13
68,خرينگ,رينگ‌سازي‌مشهد,4811,4599759,340071320160,76220,75000,72410,-3810,-5.0,73930,-2290,-3.0,72410,78500,1399-10-13
69,بكام,كارخانجات توليدي شهيد قندي,4787,48424591,210059927630,4500,4350,4340,-160,-3.56,4340,-160,-3.56,4280,4560,1399-10-13
70,بپيوند,برق و انرژي پيوندگستر پارس,4745,5053572,122064423852,25207,24600,23947,-1260,-5.0,24154,-1053,-4.18,23947,24980,1399-10-13
71,كحافظ,كاشي‌ وسراميك‌ حافظ‌,4729,15077774,250789414820,16040,16310,16840,800,4.99,16630,590,3.68,16050,16840,1399-10-13
72,كمند,صندوق س. با درآمد ثابت كمند,4651,215907339,2192730671739,10139,10153,10156,17,0.17,10156,17,0.17,10153,10159,1399-10-13
73,كهمدا,شيشه‌ همدان‌,4549,19765477,256393315670,12590,13210,13210,620,4.92,12970,380,3.02,12270,13210,1399-10-13
74,زگلدشت,كشت و دام گلدشت نمونه اصفهان,4536,5395985,318282956498,57931,57600,59990,2059,3.55,58985,1054,1.82,55100,60827,1399-10-13
75,غگلستا,شير پاستوريزه پگاه گلستان,4533,11316966,323494615464,27975,27840,29373,1398,5.0,28585,610,2.18,26577,29373,1399-10-13
76,البرز,بيمه البرز,4528,65392617,381058949110,5900,5800,5780,-120,-2.03,5830,-70,-1.19,5610,6000,1399-10-13
77,ورنا,سرمايه‌گذاري‌ رنا(هلدينگ‌,4517,31391803,257587863730,8500,8790,8080,-420,-4.94,8210,-290,-3.41,8080,8790,1399-10-13
78,قرن,پديده شيمي قرن,4494,7344391,477047542860,67100,65000,64550,-2550,-3.8,64950,-2150,-3.2,63750,68000,1399-10-13
79,غنوش,نوش‌ مازندران‌,4477,9895006,676201978470,65110,68360,68360,3250,4.99,68340,3230,4.96,66410,68360,1399-10-13
80,فاراك,ماشين‌ سازي‌ اراك‌,4391,49698622,360773904200,7610,7250,7230,-380,-4.99,7260,-350,-4.6,7230,7600,1399-10-13
81,فرابورس,فرابورس ايران,4278,8415255,441802745071,55099,52530,52345,-2754,-5.0,52500,-2599,-4.72,52345,54999,1399-10-13
82,ومعادن,توسعه‌معادن‌وفلزات‌,4209,37363315,470283651230,13190,12700,12700,-490,-3.71,12590,-600,-4.55,12540,12930,1399-10-13
83,كاذر,فرآورده‌هاي‌نسوزآذر,4201,10417508,328491913840,30090,31550,31590,1500,4.99,31530,1440,4.79,30350,31590,1399-10-13
84,دماوند,توليد نيروي برق دماوند,4193,3821299,220781173555,60322,60000,57310,-3012,-4.99,57776,-2546,-4.22,57306,60000,1399-10-13
85,كگل,معدني و صنعتي گل گهر,4070,21577059,423580006310,20350,19610,19570,-780,-3.83,19630,-720,-3.54,19340,20200,1399-10-13
86,حكشتي,كشتيراني جمهوري اسلامي ايران,4024,12151687,269635545630,23310,22190,22150,-1160,-4.98,22190,-1120,-4.8,22150,23310,1399-10-13
87,لكما,كارخانجات‌مخابراتي‌ايران‌,3975,36547467,286170811125,7670,7800,7900,230,3.0,7830,160,2.09,7440,7900,1399-10-13
88,سنير,سيمان‌ سفيد ني‌ريز,3950,2095321,256419549240,119820,120090,125810,5990,5.0,122380,2560,2.14,113830,125810,1399-10-13
89,خگستر,گسترش‌سرمايه‌گذاري‌ايران‌خودرو,3932,75171036,286221718470,3990,3820,3800,-190,-4.76,3810,-180,-4.51,3800,3920,1399-10-13
90,خاور,ايران خودرو ديزل,3920,78250827,661129278714,8217,8463,8463,246,2.99,8449,232,2.82,8217,8463,1399-10-13
91,شبريز,پالايش نفت تبريز,3860,19429772,581688865910,31500,30010,29930,-1570,-4.98,29940,-1560,-4.95,29930,31000,1399-10-13
92,حفارس,حمل و نقل بين المللي خليج فارس,3840,60103653,280516111540,4530,4750,4750,220,4.86,4670,140,3.09,4400,4750,1399-10-13
93,كرازي,كارخانجات‌توليدي‌شيشه‌رازي‌,3828,12943272,363345557730,27110,27000,28460,1350,4.98,28070,960,3.54,26110,28460,1399-10-13
94,تاپكيش,تجارت الكترونيك پارسيان كيش,3805,14775030,345695514235,23958,25154,22761,-1197,-5.0,23397,-561,-2.34,22761,25154,1399-10-13
95,وسينا,بانك سينا,3694,28158075,285077191640,10600,10450,10120,-480,-4.53,10120,-480,-4.53,10070,10950,1399-10-13
96,ولساپا,ليزينگ رايان‌ سايپا,3669,62022063,240558656490,4070,3950,3870,-200,-4.91,3880,-190,-4.67,3870,4060,1399-10-13
97,فلامي,لاميران‌,3619,4864257,244436295350,51840,50030,49400,-2440,-4.71,50250,-1590,-3.07,49250,54000,1399-10-13
98,فنورد,نوردوقطعات‌ فولادي‌,3602,1493788,378056692470,246830,234490,259170,12340,5.0,253090,6260,2.54,234490,259170,1399-10-13
99,شتوكا,توكا رنگ فولاد سپاهان,3578,6575198,390641274211,56588,59417,59417,2829,5.0,59411,2823,4.99,58765,59417,1399-10-13
100,تنوينح,ح . تامين سرمايه نوين,3573,16988931,75436778907,4863,4700,4400,-463,-9.52,4440,-423,-8.7,4380,4700,1399-10-13
101,فخوز,فولاد  خوزستان,3545,15098976,218813246390,15060,14600,14340,-720,-4.78,14490,-570,-3.78,14310,14990,1399-10-13
102,خپارس,پارس‌ خودرو,3539,43256714,328303250690,7970,7650,7580,-390,-4.89,7590,-380,-4.77,7580,7850,1399-10-13
103,غگل,گلوكوزان‌,3538,47307333,250173607440,5550,5290,5280,-270,-4.86,5290,-260,-4.68,5280,5580,1399-10-13
104,وصنعت,سرمايه گذاري توسعه صنعت وتجارت,3522,26117697,174970393860,7020,6860,6690,-330,-4.7,6700,-320,-4.56,6670,6950,1399-10-13
105,كوير,توليدي فولاد سپيد فراب كوير,3500,13003496,299659865620,23800,24000,22700,-1100,-4.62,23040,-760,-3.19,22610,24000,1399-10-13
106,چكاوهح,ح . صنايع‌كاغذسازي‌كاوه‌,3498,14234958,180472432710,12972,12850,12300,-672,-5.18,12680,-292,-2.25,12220,13300,1399-10-13
107,فاسمين,كالسيمين‌,3466,14657136,279164031710,19870,19000,18880,-990,-4.98,19050,-820,-4.13,18880,20500,1399-10-13
108,بموتو,موتوژن‌,3425,5098992,303418993820,58440,57010,60300,1860,3.18,59510,1070,1.83,55810,61360,1399-10-13
109,وپويا,سرمايه گذاري پويا,3424,10166383,75391010824,7799,7410,7410,-389,-4.99,7416,-383,-4.91,7410,7600,1399-10-13
110,شكربن,كربن‌ ايران‌,3378,4241362,444103556640,105510,101100,105130,-380,-0.36,104710,-800,-0.76,100250,109000,1399-10-13
111,شسينا,صنايع‌شيميايي‌سينا,3355,1417042,231819918410,171090,173000,162540,-8550,-5.0,163590,-7500,-4.38,162540,173000,1399-10-13
112,چكاپا,گروه صنايع كاغذ پارس,3328,33675669,224560668050,7010,6680,6660,-350,-4.99,6670,-340,-4.85,6660,6830,1399-10-13
113,سيمرغ,سيمرغ,3288,13211887,246002232910,19510,19000,18540,-970,-4.97,18620,-890,-4.56,18540,19400,1399-10-13
114,سرو,صندوق س سروسودمند مدبران-سهام,3248,4070741,280509633640,72640,71500,69270,-3370,-4.64,68910,-3730,-5.13,67300,71500,1399-10-13
115,ثشاهد,سرمايه‌ گذاري‌ شاهد,3229,12003023,273730389630,23960,23000,22770,-1190,-4.97,22810,-1150,-4.8,22770,23900,1399-10-13
116,اخابر,مخابرات ايران,3203,19056017,247515135750,13500,13500,12850,-650,-4.81,12990,-510,-3.78,12830,13500,1399-10-13
117,پتاير,ايران‌ تاير,3179,1483735,266055209220,188210,184750,178800,-9410,-5.0,179310,-8900,-4.73,178800,186990,1399-10-13
118,كاوه,فولاد كاوه جنوب كيش,3170,24625643,513963790140,21830,20850,20740,-1090,-4.99,20870,-960,-4.4,20740,21900,1399-10-13
119,فروس,فروسيليس‌ ايران‌,3150,35327609,230157261970,6770,6510,6440,-330,-4.87,6510,-260,-3.84,6440,7000,1399-10-13
120,حتايد,تايدواترخاورميانه,3142,13933972,336871210280,23370,23150,24530,1160,4.96,24180,810,3.47,22310,24530,1399-10-13
121,ونيرو,سرمايه‌گذاري‌نيرو,3078,49401594,180086829550,3830,3640,3640,-190,-4.96,3650,-180,-4.7,3640,3770,1399-10-13
122,خچرخش,چرخشگر,3075,10302959,212913752600,19780,20280,20760,980,4.95,20670,890,4.5,19600,20760,1399-10-13
123,قصفها,قنداصفهان‌,3051,1064682,199949924610,196150,196950,186350,-9800,-5.0,187800,-8350,-4.26,186350,200000,1399-10-13
124,خمهر,مهركام‌پارس‌,3039,35696798,252796918950,6920,6800,7260,340,4.91,7080,160,2.31,6600,7260,1399-10-13
125,فاذر,صنايع‌ آذرآب‌,3006,7885494,253202364420,33730,32050,32050,-1680,-4.98,32110,-1620,-4.8,32050,33150,1399-10-13
126,غالبر,لبنيات‌ كالبر,2979,12552860,179566038300,13970,13310,14400,430,3.08,14300,330,2.36,13310,14660,1399-10-13
127,كالا,بورس كالاي ايران,2937,5286467,278423227250,55150,53000,52400,-2750,-4.99,52670,-2480,-4.5,52400,54820,1399-10-13
128,بايكا,كارخانجات كابلسازي ‌ايران‌,2927,3481700,191448092142,55075,55000,55700,625,1.13,54987,-88,-0.16,53423,56700,1399-10-13
129,فپنتا,سپنتا,2904,422565,204125290280,473970,497650,497660,23690,5.0,483060,9090,1.92,457000,497660,1399-10-13
130,بميلا,توسعه بازرگاني آهن وفولادميلاد,2867,11147605,227876969120,20150,20500,21157,1007,5.0,20442,292,1.45,19143,21157,1399-10-13
131,كگهر,سنگ آهن گهرزمين,2853,5481876,274479360829,52377,49959,49759,-2618,-5.0,50070,-2307,-4.4,49759,52000,1399-10-13
132,ختراك,ريخته‌گري‌ تراكتورسازي‌ ايران‌,2846,12019821,192917401880,15340,16100,16100,760,4.95,16050,710,4.63,15400,16100,1399-10-13
133,وآوا,سرمايه گذاري آوا نوين,2843,31277863,271043440452,8258,8670,8670,412,4.99,8666,408,4.94,8391,8670,1399-10-13
134,پدرخش,درخشان‌ تهران‌,2804,1741289,272723606570,163730,161000,155550,-8180,-5.0,156620,-7110,-4.34,155550,165180,1399-10-13
135,حسينا,توسعه خدمات دريايي وبندري سينا,2792,3697522,276446226564,78378,75000,74460,-3918,-5.0,74765,-3613,-4.61,74460,78900,1399-10-13
136,ومعلم,بيمه معلم,2774,22380239,157849161066,7384,7200,7015,-369,-5.0,7053,-331,-4.48,7015,7500,1399-10-13
137,حفاري,حفاري شمال,2773,18252117,206608471730,11900,11330,11310,-590,-4.96,11320,-580,-4.87,11310,11750,1399-10-13
138,وسديد,گروه ‌صنعتي‌سديد,2766,15731792,415800274215,27669,26286,26286,-1383,-5.0,26431,-1238,-4.47,26286,27290,1399-10-13
139,فولاي,صنايع فولاد آلياژي يزد,2752,3566615,152866065034,44497,42310,42273,-2224,-5.0,42860,-1637,-3.68,42273,46400,1399-10-13
140,زبينا,كشاورزي و دامپروري بينالود,2743,3894362,195714194964,48660,46500,51093,2433,5.0,50256,1596,3.28,46500,51093,1399-10-13
141,ختور,رادياتور ايران‌,2730,4844044,162029363320,34960,33300,34520,-440,-1.26,33450,-1510,-4.32,33220,34660,1399-10-13
142,وپست,پست بانك ايران,2729,27956583,523057728650,17820,18710,18710,890,4.99,18710,890,4.99,18500,18710,1399-10-13
143,وساخت,سرمايه‌ گذاري‌ ساختمان‌ايران‌,2712,2977925,182228690630,63920,64360,60730,-3190,-4.99,61190,-2730,-4.27,60730,64360,1399-10-13
144,ونوين,بانك‌اقتصادنوين‌,2705,53207022,278073180490,5490,5330,5220,-270,-4.92,5230,-260,-4.74,5220,5400,1399-10-13
145,زكشت,كشاورزي مكانيزه اصفهان كشت,2687,4581831,187440308159,40594,41406,39399,-1195,-2.94,40909,315,0.78,38772,42500,1399-10-13
146,كساپا,سايپاشيشه‌,2593,5777068,221316906760,39820,37830,37830,-1990,-5.0,38310,-1510,-3.79,37830,39780,1399-10-13
147,ومهان,گروه توسعه مالي مهر آيندگان,2580,8639129,130173705067,15699,15000,15081,-618,-3.94,15068,-631,-4.02,14915,16330,1399-10-13
148,رانفور,خدمات‌انفورماتيك‌,2543,6049672,196120369510,33730,32050,32050,-1680,-4.98,32420,-1310,-3.88,32050,33980,1399-10-13
149,خشرق,الكتريك‌ خودرو شرق‌,2522,8434404,188562662180,22790,21850,22510,-280,-1.23,22360,-430,-1.89,21660,23380,1399-10-13
150,كيميا,معدني كيمياي زنجان گستران,2502,5641511,233028933448,39507,41482,41482,1975,5.0,41306,1799,4.55,40237,41482,1399-10-13
151,وهور,مديريت انرژي اميد  تابان هور,2492,4661668,199343140208,42738,41710,42727,-11,-0.03,42762,24,0.06,41700,43940,1399-10-13
152,وايران,ليزينگ ايرانيان,2482,9171534,114567850200,13020,12990,12370,-650,-4.99,12490,-530,-4.07,12370,13150,1399-10-13
153,تسه9909,امتياز تسهيلات مسكن آذر99,2471,50811,30506036992,572287,600901,600901,28614,5.0,600383,28096,4.91,590000,600901,1399-10-13
154,قنيشا,قند  نيشابور,2459,2852292,174033498940,63960,60800,60770,-3190,-4.99,61020,-2940,-4.6,60770,63390,1399-10-13
155,تماوند,تامين سرمايه دماوند,2455,29809243,596315331693,19647,18700,20629,982,5.0,20004,357,1.82,18665,20629,1399-10-13
156,والبر,سرمايه‌ گذاري‌ البرز(هلدينگ‌,2424,13576344,281241273920,21770,20690,20690,-1080,-4.96,20720,-1050,-4.82,20690,21300,1399-10-13
157,سدور,سيمان‌ دورود,2410,11726581,137773121920,12060,12230,12200,140,1.16,11750,-310,-2.57,11460,12230,1399-10-13
158,زقيام,كشت و دام قيام اصفهان,2365,4869349,164428978969,35319,33560,33554,-1765,-5.0,33768,-1551,-4.39,33554,35933,1399-10-13
159,افرا,افرانت,2360,5173089,254695624839,46968,49316,49316,2348,5.0,49235,2267,4.83,47910,49316,1399-10-13
160,فالوم,آلومتك‌,2351,8133393,307800088762,37410,37980,38532,1122,3.0,37844,434,1.16,36288,38532,1399-10-13
161,شكلر,نيروكلر,2349,3955796,233310441450,61900,60170,58880,-3020,-4.88,58980,-2920,-4.72,58810,61700,1399-10-13
162,دامين,داروسازي‌ امين‌,2333,7170484,130006517780,17890,17260,18590,700,3.91,18130,240,1.34,17010,18700,1399-10-13
163,زاگرس,پتروشيمي زاگرس,2328,2676944,556771943799,218591,208000,208550,-10041,-4.59,207988,-10603,-4.85,207662,214000,1399-10-13
164,بجهرم,توسعه مولد نيروگاهي جهرم,2325,25167458,96487666873,4027,3921,3826,-201,-4.99,3834,-193,-4.79,3826,3923,1399-10-13
165,لابسا,آبسال‌,2325,3180629,172869418890,52480,54000,55100,2620,4.99,54350,1870,3.56,51000,55100,1399-10-13
166,سخاش,سيمان‌خاش‌,2294,861359,110604913490,124280,130000,130490,6210,5.0,128410,4130,3.32,120000,130490,1399-10-13
167,شپاكسا,پاكسان‌,2290,5147328,186579085680,37890,37890,36000,-1890,-4.99,36250,-1640,-4.33,36000,38600,1399-10-13
168,بالاس,مهندسي ساختمان تاسيسات راه آهن,2263,2327719,124191899083,51880,50000,54474,2594,5.0,53353,1473,2.84,50000,54474,1399-10-13
169,خكرمان,گروه اقتصادي كرمان خودرو,2262,27560060,165226869698,6162,5979,5978,-184,-2.99,5995,-167,-2.71,5978,6150,1399-10-13
170,وگستر,گسترش سرمايه گذاري ايرانيان,2262,5161846,139702208686,26840,27900,26470,-370,-1.38,27064,224,0.83,26000,28100,1399-10-13
171,شصدف,صنعتي دوده فام,2209,119019,3255883764,26054,27356,27356,1302,5.0,26135,81,0.31,27356,27356,1399-10-13
172,وبانك,سرمايه گذاري گروه توسعه ملي,2209,12167601,111355234040,9600,9120,9120,-480,-5.0,9150,-450,-4.69,9120,9460,1399-10-13
173,كترام,توليدي‌ كاشي‌ تكسرام‌,2202,4824454,207306525270,44320,42630,42110,-2210,-4.99,42970,-1350,-3.05,42110,45000,1399-10-13
174,آگاس,صندوق س.هستي بخش آگاه-س,2194,2132969,149785878395,73370,72000,69526,-3844,-5.24,70224,-3146,-4.29,69503,72111,1399-10-13
175,وحكمت,بيمه حكمت صبا,2193,19478794,106767193013,5640,5471,5471,-169,-3.0,5481,-159,-2.82,5471,5640,1399-10-13
176,ختراكح,ح . ريخته‌گري‌ تراكتورسازي‌,2183,7662087,116218730790,13950,14400,15350,1400,10.04,15170,1220,8.75,14250,15350,1399-10-13
177,سبهان,سيمان‌ بهبهان‌,2179,950439,75806402100,77730,80900,81190,3460,4.45,79760,2030,2.61,74470,81550,1399-10-13
178,كپارس,كاشي‌ پارس‌,2177,811251,151227611420,187160,191000,184890,-2270,-1.21,186410,-750,-0.4,180200,193990,1399-10-13
179,خمحركه,نيرو محركه‌,2174,21611919,132512578340,6440,6120,6120,-320,-4.97,6130,-310,-4.81,6120,6400,1399-10-13
180,كلوند,كاشي‌ الوند,2169,4964318,162464787770,34170,32470,32470,-1700,-4.98,32730,-1440,-4.21,32470,33990,1399-10-13
181,وپاسار,بانك  پاسارگاد,2151,20066815,232849178850,11990,11990,11400,-590,-4.92,11600,-390,-3.25,11400,12000,1399-10-13
182,دتوزيعح,ح . توزيع دارو پخش,2149,4341174,151940883810,34094,34260,35798,1704,5.0,35000,906,2.66,33000,35798,1399-10-13
183,هرمز,فولاد هرمزگان جنوب,2137,13901024,201912160036,15205,14472,14445,-760,-5.0,14525,-680,-4.47,14445,14970,1399-10-13
184,رمپنا,گروه مپنا (سهامي عام),2135,12971913,224946392200,18130,17500,17230,-900,-4.96,17340,-790,-4.36,17230,18890,1399-10-13
185,ريشمك,توليد و صادرات ريشمك,2127,2321832,151614071639,68415,67860,64995,-3420,-5.0,65299,-3116,-4.55,64995,67860,1399-10-13
186,توريل,توکاريل,2123,6396063,173964061430,28442,27500,27020,-1422,-5.0,27199,-1243,-4.37,27020,28400,1399-10-13
187,غصينو,صنعتي مينو,2111,3830097,299529572368,82254,78142,78142,-4112,-5.0,78204,-4050,-4.92,78142,80000,1399-10-13
188,بنو,بيمه تجارت نو,2108,7173307,225993019047,32583,32583,31000,-1583,-4.86,31505,-1078,-3.31,30954,33000,1399-10-13
189,شسپا,نفت سپاهان,2095,9682515,233283813600,25300,24700,24200,-1100,-4.35,24090,-1210,-4.78,24040,25050,1399-10-13
190,فباهنر,مس‌ شهيدباهنر,2090,2287292,130069636950,59200,57000,57080,-2120,-3.58,56870,-2330,-3.94,56240,61000,1399-10-13
191,ثجوان,تامين مسكن جوانان,2074,10112897,146228526802,13900,14590,14595,695,5.0,14460,560,4.03,13255,14595,1399-10-13
192,ركيش,كارت اعتباري ايران كيش,2047,9671041,207935357820,20570,21000,21590,1020,4.96,21500,930,4.52,20800,21590,1399-10-13
193,سپح,ح . پرداخت الكترونيك سامان كيش,2026,3563829,71811062170,21720,19710,19850,-1870,-8.61,20150,-1570,-7.23,19550,21700,1399-10-13
194,پاكشو,گروه صنعتي پاكشو,2019,1632646,140289873800,89150,87370,85550,-3600,-4.04,85930,-3220,-3.61,84700,88700,1399-10-13
195,بكهنوج,توليد برق ماهتاب كهنوج,2014,37347021,87566936045,2464,2370,2341,-123,-4.99,2345,-119,-4.83,2341,2444,1399-10-13
196,حريل,ريل پردازسير,2002,20537105,112343284182,5741,5470,5454,-287,-5.0,5470,-271,-4.72,5454,5719,1399-10-13
197,وشمال,س. چشم انداز توسعه شمال,2001,1801565,173670766441,95138,92284,97992,2854,3.0,96400,1262,1.33,92284,97992,1399-10-13
198,نوين,بيمه نوين,2001,20155263,164300921942,8567,8211,8139,-428,-5.0,8152,-415,-4.84,8139,8567,1399-10-13
199,اعتماد,صندوق س.اعتماد آفرين پارسيان-د,2001,51576280,1760719933140,34112,34130,34136,24,0.07,34138,26,0.08,34129,34141,1399-10-13
200,چفيبر,فيبر ايران‌,1985,12086589,142440422200,11300,11790,11860,560,4.96,11780,480,4.25,11000,11860,1399-10-13
201,دسانكو,داروسازي سبحان انكولوژي,1983,7243880,158241502581,22834,21710,21693,-1141,-5.0,21845,-989,-4.33,21693,22451,1399-10-13
202,اتكام,شركت بيمه اتكايي امين,1967,18193403,123113442898,6496,6200,6820,324,4.99,6767,271,4.17,6200,6820,1399-10-13
203,ارفع,شركت آهن و فولاد ارفع,1957,13931425,202153838729,15210,14470,14450,-760,-5.0,14511,-699,-4.6,14450,15000,1399-10-13
204,خاهن,آهنگري‌ تراكتورسازي‌ ايران‌,1946,4867284,200047643670,40130,40150,42130,2000,4.98,41100,970,2.42,40100,42130,1399-10-13
205,غچين,كشت‌ و صنعت‌ چين‌ چين,1938,2062363,163412610650,82550,81000,78430,-4120,-4.99,79240,-3310,-4.01,78430,83880,1399-10-13
206,خزاميا,زامياد,1921,17381064,209302478170,12670,12040,12040,-630,-4.97,12040,-630,-4.97,12040,12440,1399-10-13
207,وبوعلي,سرمايه‌گذاري‌بوعلي‌,1915,17563401,112921043350,6750,6460,6420,-330,-4.89,6430,-320,-4.74,6420,6750,1399-10-13
208,لسرما,سرما آفرين‌,1914,4114595,111233550770,28050,26900,27330,-720,-2.57,27030,-1020,-3.64,26650,28000,1399-10-13
209,مدير,ص.س.مديريت ثروت ص.بازنشستگي-س,1896,7534316,74703017338,10283,10135,9823,-460,-4.47,9915,-368,-3.58,9800,10258,1399-10-13
210,ثعتما,س. ساختماني اعتماد گستر,1876,2431120,127040129296,52678,53990,51098,-1580,-3.0,52256,-422,-0.8,51098,54258,1399-10-13
211,سصوفي,سيمان‌ صوفيان‌,1873,7306807,129953886270,18620,17960,17690,-930,-4.99,17790,-830,-4.46,17690,19000,1399-10-13
212,حسير,ريل سير كوثر,1868,7312400,119534038176,17087,16250,16233,-854,-5.0,16347,-740,-4.33,16233,17000,1399-10-13
213,كسعدي,كاشي‌ سعدي‌,1840,7156676,138273099590,18630,19010,19560,930,4.99,19320,690,3.7,18000,19560,1399-10-13
214,شپديس,پتروشيمي پرديس,1827,3307440,326881919380,101450,97610,98530,-2920,-2.88,98830,-2620,-2.58,96380,105000,1399-10-13
215,ثاباد,توريستي ورفاهي آبادگران ايران,1821,4547545,210633258370,44140,46340,46340,2200,4.98,46320,2180,4.94,44650,46340,1399-10-13
216,آپ,آسان پرداخت پرشين,1819,8666724,203090173750,22570,23300,23690,1120,4.96,23430,860,3.81,21980,23690,1399-10-13
217,قشير,قند شيروان قوچان و بجنورد,1800,3445932,104735984975,31629,30100,30048,-1581,-5.0,30394,-1235,-3.9,30048,31590,1399-10-13
218,قاسم,قاسم ايران,1798,9532270,142571258712,15612,14930,14832,-780,-5.0,14957,-655,-4.2,14832,16150,1399-10-13
219,ثنام,س ساختماني ب نام آوران مهندسي,1794,4373033,98235111835,23012,23600,22322,-690,-3.0,22464,-548,-2.38,22322,23600,1399-10-13
220,پارسان,گسترش نفت و گاز پارسيان,1780,12056553,266343294390,23050,22500,21900,-1150,-4.99,22090,-960,-4.16,21900,23500,1399-10-13
221,خنصير,مهندسي‌نصيرماشين‌,1772,3056570,252757626380,79040,82900,82990,3950,5.0,82690,3650,4.62,78800,82990,1399-10-13
222,زماهان,مجتمع توليد گوشت مرغ ماهان,1763,3264006,99978799409,29438,30278,30909,1471,5.0,30631,1193,4.05,29000,30909,1399-10-13
223,فولاژ,فولاد آلياژي ايران,1757,6335617,130486190170,21520,20450,20450,-1070,-4.97,20600,-920,-4.28,20450,21520,1399-10-13
224,بورس,بورس اوراق بهادار تهران,1753,2696132,153088823150,59420,60000,56450,-2970,-5.0,56780,-2640,-4.44,56450,60290,1399-10-13
225,كرمان,س. توسعه و عمران استان كرمان,1753,3027862,232940505102,80500,77000,76475,-4025,-5.0,76932,-3568,-4.43,76475,79200,1399-10-13
226,وتوكا,سرمايه‌گذاري‌توكافولاد(هلدينگ,1748,17596787,238038369940,14210,13550,13500,-710,-5.0,13530,-680,-4.79,13500,14000,1399-10-13
227,وكار,بانك‌ كارآفرين‌,1737,39802813,122350349330,3090,3030,3240,150,4.85,3070,-20,-0.65,2940,3240,1399-10-13
228,وخارزم,سرمايه گذاري خوارزمي,1736,17356374,164364861780,9960,9470,9470,-490,-4.92,9470,-490,-4.92,9470,9470,1399-10-13
229,وسپه,سرمايه‌گذاري‌ سپه‌,1720,6991525,98475064460,14520,14700,13850,-670,-4.61,14080,-440,-3.03,13800,14770,1399-10-13
230,امين يكم,صندوق درآمد ثابت امين يكم فردا,1701,49911658,507832202113,10167,10173,10177,10,0.1,10175,8,0.08,10167,10180,1399-10-13
231,ثمسكن,سرمايه‌گذاري‌ مسكن‌,1695,19802738,114958451080,6090,5840,5790,-300,-4.93,5810,-280,-4.6,5790,6100,1399-10-13
232,فسرب,ملي‌ سرب‌وروي‌ ايران‌,1694,826296,104257003680,131400,133400,124840,-6560,-4.99,126170,-5230,-3.98,124830,133400,1399-10-13
233,فجر,فولاد اميركبيركاشان,1673,2489395,162859577590,65040,63600,65010,-30,-0.05,65420,380,0.58,63010,66330,1399-10-13
234,شلرد,كود شيميايي اوره لردگان,1650,17873674,156055756154,9001,8731,8731,-270,-3.0,8731,-270,-3.0,8731,8750,1399-10-13
235,افق,فروشگاههاي زنجيره اي افق كوروش,1624,917319,73813812800,82420,81000,80500,-1920,-2.33,80930,-1490,-1.81,79530,82010,1399-10-13
236,سپاها,سيمان‌سپاهان‌,1620,15763930,151444315240,10100,9600,9600,-500,-4.95,9610,-490,-4.85,9600,9800,1399-10-13
237,خريخت,صنايع‌ريخته‌گري‌ايران‌,1614,18141587,77088518240,4460,4250,4240,-220,-4.93,4250,-210,-4.71,4240,4420,1399-10-13
238,وسكاب,س.ص.بازنشستگي كاركنان بانكها,1595,16537292,106175293040,6720,6770,6390,-330,-4.91,6420,-300,-4.46,6390,6770,1399-10-13
239,غدشت,دشت‌ مرغاب‌,1584,337449,103463036170,307120,300000,300000,-7120,-2.32,306600,-520,-0.17,291780,322200,1399-10-13
240,سيلام,سيمان‌ ايلام‌,1576,10334063,104420273640,10560,10040,10040,-520,-4.92,10100,-460,-4.36,10040,10530,1399-10-13
241,ولشرق,ليزينگ ايران و شرق,1568,9214698,73158322690,8206,7820,7796,-410,-5.0,7939,-267,-3.25,7796,8340,1399-10-13
242,قچار,فراوردههاي غذايي وقند چهارمحال,1554,1985499,139499958578,72451,69100,68829,-3622,-5.0,70259,-2192,-3.03,68829,73000,1399-10-13
243,غديس,پاكديس,1546,9020527,107596017002,12504,11880,11879,-625,-5.0,11928,-576,-4.61,11879,12500,1399-10-13
244,ستران,سيمان‌ تهران‌,1528,3465758,116806538810,35380,33760,33620,-1760,-4.97,33700,-1680,-4.75,33620,34650,1399-10-13
245,گكوثر,هتل پارسيان كوثر اصفهان,1528,21670199,110941429765,5331,5250,5065,-266,-4.99,5120,-211,-3.96,5065,5330,1399-10-13
246,رنيك,جنرال مكانيك,1513,4392322,115102686655,27514,26380,26139,-1375,-5.0,26205,-1309,-4.76,26139,27210,1399-10-13
247,فرآور,فرآوري‌موادمعدني‌ايران‌,1510,5648221,160705334900,29740,30000,28260,-1480,-4.98,28450,-1290,-4.34,28260,30000,1399-10-13
248,حبندر,دريايي و کشتيراني خط دريابندر,1501,3334397,106425111024,32289,32460,32800,511,1.58,31917,-372,-1.15,31321,33100,1399-10-13
249,پكوير,كوير تاير,1490,3788386,83489052650,23150,22010,22000,-1150,-4.97,22040,-1110,-4.79,22000,22710,1399-10-13
250,فوكا,فولاد كاويان,1484,8488798,134987635777,16267,15810,15779,-488,-3.0,15902,-365,-2.24,15779,16267,1399-10-13
251,همراه,شركت ارتباطات سيار ايران,1471,2668787,83319508340,32030,30550,30800,-1230,-3.84,31340,-690,-2.15,30430,32850,1399-10-13
252,غدام,خوراك‌  دام‌ پارس‌,1471,596611,260838135770,418380,414600,439290,20910,5.0,437200,18820,4.5,414600,439290,1399-10-13
253,خكاوه,سايپا ديزل,1459,22017355,117911392252,5517,5360,5355,-162,-2.94,5355,-162,-2.94,5352,5500,1399-10-13
254,حتوكا,حمل‌ونقل‌توكا,1453,6125261,218215602450,33960,35650,35650,1690,4.98,35630,1670,4.92,34500,35650,1399-10-13
255,تليسه,دامداري تليسه نمونه,1442,11414904,71228656467,6563,6235,6235,-328,-5.0,6240,-323,-4.92,6235,6430,1399-10-13
256,تسه9908,امتياز تسهيلات مسكن آبان99,1441,38903,23430918541,575727,604513,604513,28786,5.0,602291,26564,4.61,590000,604513,1399-10-13
257,زشريف,كشت وصنعت شريف آباد,1436,3601984,100142924041,28913,27480,27500,-1413,-4.89,27802,-1111,-3.84,27468,29000,1399-10-13
258,خبهمن,گروه‌بهمن‌,1424,5995513,189771377750,33260,32000,31600,-1660,-4.99,31650,-1610,-4.84,31600,32300,1399-10-13
259,كهمداح,ح . شيشه‌ همدان‌,1424,6672163,69039797950,10350,10350,10490,140,1.35,10350,0,0.0,9750,10700,1399-10-13
260,ميدكو,هلدينگ صنايع  معدني خاورميانه,1418,4804957,145613605550,31383,31383,29814,-1569,-5.0,30305,-1078,-3.43,29814,31669,1399-10-13
261,سامان,بانك سامان,1410,13669695,152569685221,11496,11152,11152,-344,-2.99,11161,-335,-2.91,11152,11425,1399-10-13
262,ملت,بيمه ملت,1401,7321872,165254408160,23640,23000,22460,-1180,-4.99,22570,-1070,-4.53,22460,23640,1399-10-13
263,وتعاون,بيمه  تعاون,1390,18903789,138294350893,7103,7316,7316,213,3.0,7316,213,3.0,7252,7316,1399-10-13
264,نطرين,عطرين نخ قم,1383,4786393,51294187223,11241,11001,10679,-562,-5.0,10717,-524,-4.66,10679,11198,1399-10-13
265,وشهر,بانك شهر,1381,16405307,107133215061,6801,6531,6529,-272,-4.0,6530,-271,-3.98,6529,6700,1399-10-13
266,غبهنوش,بهنوش‌ ايران‌,1380,1564326,175942502670,118120,112220,112220,-5900,-4.99,112470,-5650,-4.78,112220,114580,1399-10-13
267,ونفت,سرمايه‌گذاري‌ صنعت‌ نفت‌,1377,10457343,181917449160,18290,17550,17380,-910,-4.98,17400,-890,-4.87,17380,17800,1399-10-13
268,شفا,سرمايه گذاري شفادارو,1370,1467011,95538087900,68040,64640,64640,-3400,-5.0,65120,-2920,-4.29,64640,67300,1399-10-13
269,ولصنم,ليزينگ‌صنعت‌ومعدن‌,1370,9615095,85707871420,9350,9270,8900,-450,-4.81,8910,-440,-4.71,8890,9280,1399-10-13
270,حاريا,كشتيراني آريا,1369,4149330,136317202764,31931,32888,32888,957,3.0,32853,922,2.89,32300,32888,1399-10-13
271,وليز,ليزينگ‌ايران‌,1367,7859154,68027975850,8740,8340,8680,-60,-0.69,8660,-80,-0.92,8340,8910,1399-10-13
272,تيپيكو,سرمايه گذاري دارويي تامين,1357,2310665,127075947020,57410,56900,54540,-2870,-5.0,55000,-2410,-4.2,54540,57500,1399-10-13
273,پرديس,سرمايه گذاري پرديس,1355,8635242,61918320820,7340,7250,7120,-220,-3.0,7170,-170,-2.32,7000,7490,1399-10-13
274,واتي,سرمايه‌ گذاري‌ آتيه‌ دماوند,1348,6556665,83822207630,13410,13140,12740,-670,-5.0,12780,-630,-4.7,12740,13500,1399-10-13
275,تپولا,مهندسي مرآت پولاد,1347,2421307,82024317590,33400,31730,35070,1670,5.0,33876,476,1.43,31730,35070,1399-10-13
276,شاراك,پتروشيمي شازند,1340,6991096,161682905040,24060,23000,22900,-1160,-4.82,23130,-930,-3.87,22860,25000,1399-10-13
277,پاسا,ايران‌ياساتايرورابر,1334,4280089,113703014210,27590,26220,26510,-1080,-3.91,26570,-1020,-3.7,26220,27490,1399-10-13
278,ثپرديس,سرمايه گذاري مسكن پرديس,1323,8587853,97383809818,11831,11900,11240,-591,-5.0,11340,-491,-4.15,11240,11900,1399-10-13
279,سخزر,سيمان‌ خزر,1320,2227766,79325770450,35560,37330,35600,40,0.11,35610,50,0.14,33790,37330,1399-10-13
280,سفار,سيمان‌فارس‌,1317,894660,118927153800,126600,132930,132930,6330,5.0,132930,6330,5.0,132930,132930,1399-10-13
281,پلاسك,پلاسكوكار,1309,9470656,75636239470,8380,8370,7970,-410,-4.89,7990,-390,-4.65,7970,8370,1399-10-13
282,وپترو,سرمايه‌گذاري صنايع پتروشيمي‌,1305,7470411,128286075250,18030,17250,17130,-900,-4.99,17170,-860,-4.77,17130,17960,1399-10-13
283,وكادو,تكادو,1294,4073370,97599032924,23636,23100,24345,709,3.0,23960,324,1.37,22927,24345,1399-10-13
284,تاصيكو,سرمايه گذاري صدرتامين,1283,15788923,160868842650,10700,10550,10170,-530,-4.95,10190,-510,-4.77,10170,10790,1399-10-13
285,وآرين,شركت توسعه اقتصادي آرين,1275,12289016,60674030511,5004,4950,5055,51,1.02,4937,-67,-1.34,4854,5139,1399-10-13
286,كطبس,ذغال‌سنگ‌ نگين‌ ط‌بس‌,1271,1544242,114185028300,77240,74000,73380,-3860,-5.0,73940,-3300,-4.27,73380,77490,1399-10-13
287,ودي,بيمه  دي,1258,5237566,141291355434,28318,27150,26903,-1415,-5.0,26977,-1341,-4.74,26903,28000,1399-10-13
288,رتاپ,تجارت الكترونيك  پارسيان,1255,7017261,49361944490,7360,7210,7000,-360,-4.89,7030,-330,-4.48,7000,7210,1399-10-13
289,اعتلا,شركت سرمايه گذاري اعتلاء البرز,1254,7163914,78547016197,11486,10950,10912,-574,-5.0,10964,-522,-4.54,10912,11363,1399-10-13
290,سفارس,سيمان فارس و خوزستان,1246,6125106,106599396150,18300,17600,17390,-910,-4.97,17400,-900,-4.92,17390,17600,1399-10-13
291,شپارس,بين‌ المللي‌ محصولات‌  پارس‌,1241,3677274,76137757980,21420,20350,20350,-1070,-5.0,20700,-720,-3.36,20350,21880,1399-10-13
292,شمواد,توليد مواداوليه الياف مصنوعي,1238,1254509,73344377415,57268,58986,58986,1718,3.0,58465,1197,2.09,55570,58986,1399-10-13
293,ولبهمن,شركت بهمن ليزينگ,1233,9928874,86909586642,9170,8800,8712,-458,-4.99,8753,-417,-4.55,8712,9120,1399-10-13
294,كشرق,صنعتي و معدني شمال شرق شاهرود,1229,1049361,89916254772,81939,85000,86035,4096,5.0,85687,3748,4.57,82001,86035,1399-10-13
295,درهآور,دارويي ره آورد تامين,1227,2454069,105987871668,45332,43068,43550,-1782,-3.93,43189,-2143,-4.73,43066,44980,1399-10-13
296,تايرا,تراكتورسازي‌ايران‌,1227,7512757,276138983650,36700,37000,37000,300,0.82,36760,60,0.16,35390,37200,1399-10-13
297,ساوه,سيمان ساوه,1226,522474,27617444811,55611,52840,52831,-2780,-5.0,54012,-1599,-2.88,52831,54180,1399-10-13
298,دعبيد,لابراتوارداروسازي‌  دكترعبيدي‌,1219,2195229,69251738000,32930,31300,31290,-1640,-4.98,31550,-1380,-4.19,31290,34200,1399-10-13
299,ثامان,سامان‌ گستراصفهان‌,1219,3229063,63849704230,19990,19100,19510,-480,-2.4,19770,-220,-1.1,19000,20900,1399-10-13
300,ارزش,صندوق س ارزش آفرين بيدار-سهام,1218,7166024,73332522180,10620,10500,10140,-480,-4.52,10230,-390,-3.67,10140,10500,1399-10-13
301,شبهرن,نفت‌ بهران‌,1202,1572877,85154607860,55930,55020,53710,-2220,-3.97,54140,-1790,-3.2,53500,55950,1399-10-13
302,قلرست,قند لرستان‌,1195,3096242,85157198570,27600,26250,28890,1290,4.67,27500,-100,-0.36,26220,28980,1399-10-13
303,اپرداز,آتيه داده پرداز,1192,2546523,71754074070,29259,29840,28190,-1069,-3.65,28177,-1082,-3.7,27800,29840,1399-10-13
304,شلعاب,لعابيران‌,1190,5150236,64933096110,12140,12680,12740,600,4.94,12610,470,3.87,11540,12740,1399-10-13
305,كاذرح,ح . فرآورده‌هاي‌نسوزآذر,1186,3393873,79275334580,22360,23100,23300,940,4.2,23360,1000,4.47,22170,23700,1399-10-13
306,غبشهر,صنعتي‌ بهشهر,1183,4226553,109195663200,27030,25910,25680,-1350,-4.99,25840,-1190,-4.4,25680,26990,1399-10-13
307,ثالوند,سرمايه گذاري مسكن الوند,1178,6022142,99331618080,15851,16190,16643,792,5.0,16494,643,4.06,15870,16643,1399-10-13
308,زدشت,كشت و صنعت دشت خرم دره,1165,1675368,80189658638,50318,47950,47803,-2515,-5.0,47864,-2454,-4.88,47803,48890,1399-10-13
309,فخاس,فولاد خراسان,1164,2889027,86942811350,31410,29870,29850,-1560,-4.97,30220,-1190,-3.79,29840,32340,1399-10-13
310,حپارسا,توسعه حمل و نقل ريلي پارسيان,1162,1818350,69521894687,38907,37100,37900,-1007,-2.59,38234,-673,-1.73,37000,39900,1399-10-13
311,سشمال,سيمان‌ شمال‌,1160,4427841,48119760760,11220,11500,10660,-560,-4.99,10870,-350,-3.12,10660,11500,1399-10-13
312,ثنظام,س. ساختماني نظام مهندسي ايران,1156,1678089,74547150744,44212,45370,45538,1326,3.0,44424,212,0.48,42886,45538,1399-10-13
313,غويتا,ويتانا,1156,1527471,80953248253,55497,52729,52723,-2774,-5.0,52998,-2499,-4.5,52723,55400,1399-10-13
314,ثنور,سرمايه گذاري كوه نور,1146,11236135,135515775734,11525,11940,12101,576,5.0,12061,536,4.65,11600,12101,1399-10-13
315,تنوين,تامين سرمايه نوين,1141,19540563,124554924910,6700,6380,6470,-230,-3.43,6370,-330,-4.93,6370,6600,1399-10-13
316,فسازان,غلتك سازان سپاهان,1135,2849083,106444520070,39090,37600,37140,-1950,-4.99,37360,-1730,-4.43,37140,38400,1399-10-13
317,وبيمه,سرمايه‌ گذاري‌ صنعت‌ بيمه‌,1127,11427813,35840129020,3280,3130,3120,-160,-4.88,3170,-110,-3.35,3120,3280,1399-10-13
318,كمينا,شيشه سازي مينا,1125,2167599,69664162812,33309,32310,31644,-1665,-5.0,32139,-1170,-3.51,31644,33976,1399-10-13
319,كفرآور,فرآورده هاي سيمان شرق,1123,3164082,81393538083,25718,26480,25460,-258,-1.0,25724,6,0.02,25112,26480,1399-10-13
320,شوينده,مديريت صنعت شوينده ت.ص.بهشهر,1121,1365224,51622362870,39490,39500,37520,-1970,-4.99,37810,-1680,-4.25,37520,39500,1399-10-13
321,فاما,صنعتي‌ آما,1111,2815389,61460322110,22880,22970,21740,-1140,-4.98,21830,-1050,-4.59,21740,22970,1399-10-13
322,دابور,داروسازي‌ ابوريحان‌,1101,1822770,87654719760,50580,48200,48060,-2520,-4.98,48090,-2490,-4.92,48060,49800,1399-10-13
323,غبهار,كشت وصنعت بهاران گلبهار خراسان,1101,1548290,81458633480,51080,52612,52612,1532,3.0,52612,1532,3.0,52612,52612,1399-10-13
324,كگاز,شيشه‌ و گاز,1099,2525821,57813886690,24020,23000,22820,-1200,-5.0,22890,-1130,-4.7,22820,23940,1399-10-13
325,خلنت,لنت‌ ترمزايران‌,1093,682394,69222812980,97380,102230,102240,4860,4.99,101440,4060,4.17,99000,102240,1399-10-13
326,شفن,پتروشيمي فناوران,1080,390447,115013745200,299010,293500,289990,-9020,-3.02,294570,-4440,-1.48,289000,313960,1399-10-13
327,ثاصفا,شركت‌ ساختمان‌ اصفهان‌,1078,3612183,112012532043,32623,30992,30992,-1631,-5.0,31010,-1613,-4.94,30992,31488,1399-10-13
328,ثشرق,سرمايه گذاري مسكن شمال شرق,1070,8214179,50422434600,6350,6490,6210,-140,-2.2,6140,-210,-3.31,6040,6490,1399-10-13
329,شرانل,نفت ايرانول,1063,2876817,99423316999,36078,35000,35100,-978,-2.71,34560,-1518,-4.21,34275,35600,1399-10-13
330,دتماد,توليدمواداوليه‌داروپخش‌,1060,2023756,110994789610,57410,55500,55100,-2310,-4.02,54850,-2560,-4.46,54540,56650,1399-10-13
331,وزمين,بانك ايران زمين,1047,10275851,125930694499,12227,12300,11984,-243,-1.99,12255,28,0.23,11983,12471,1399-10-13
332,كقزوي,شيشه‌ قزوين‌,1044,9132542,88436489823,9956,9658,9740,-216,-2.17,9684,-272,-2.73,9658,10127,1399-10-13
333,لپارس,پارس‌ الكتريك‌,1029,510748,67129500660,138300,131390,131390,-6910,-5.0,131430,-6870,-4.97,131390,134000,1399-10-13
334,شبصير,توليدات پتروشيمي قائد بصير,1023,1368257,166508854368,118074,113010,123977,5903,5.0,121694,3620,3.07,112171,123977,1399-10-13
335,غشهد,شهد ايران ‌,1016,7061106,54570703010,8120,7760,7720,-400,-4.93,7730,-390,-4.8,7720,7990,1399-10-13
336,زمگسا,كشاورزي‌ ودامپروي‌ مگسال‌,1005,1656735,73223247000,46430,44110,44110,-2320,-5.0,44200,-2230,-4.8,44110,45820,1399-10-13
337,پارسيان,بيمه پارسيان,1005,4620090,61627919510,13620,13860,12950,-670,-4.92,13340,-280,-2.06,12950,14020,1399-10-13
338,تملت,تامين سرمايه بانك ملت,999,4974123,42403242650,8960,8560,8520,-440,-4.91,8570,-390,-4.35,8520,8780,1399-10-13
339,تكنو,تكنوتار,998,4178342,75771711220,17340,16950,18200,860,4.96,18130,790,4.56,16950,18200,1399-10-13
340,دكيمي,كيميدارو,991,1816305,56277537530,32520,30900,30900,-1620,-4.98,30980,-1540,-4.74,30900,31710,1399-10-13
341,پكرمان,گروه‌ صنعتي‌ بارز,991,3575224,112012031550,32750,33550,31210,-1540,-4.7,31330,-1420,-4.34,31120,33550,1399-10-13
342,ختوقا,قطعات‌ اتومبيل‌ ايران‌,978,14508588,52427118330,3800,3610,3610,-190,-5.0,3610,-190,-5.0,3610,3710,1399-10-13
343,دالبر,البرزدارو,963,3304215,73461359600,23250,22090,22200,-1050,-4.52,22230,-1020,-4.39,22090,22770,1399-10-13
344,سبزوا,سيمان لار سبزوار,962,7686530,38097560028,5208,4950,4948,-260,-4.99,5007,-201,-3.86,4948,5168,1399-10-13
345,تپمپي,پمپ‌ سازي‌ ايران‌,961,1544638,50421696080,34320,33790,32610,-1710,-4.98,32640,-1680,-4.9,32610,33790,1399-10-13
346,كنور,توسعه معدني و صنعتي صبانور,956,2235001,102259332660,47550,46500,45180,-2370,-4.98,45750,-1800,-3.79,45180,48730,1399-10-13
347,سمتاز,سيمان ممتازان كرمان,956,1447039,43263709340,29224,30099,30100,876,3.0,29898,674,2.31,29331,30100,1399-10-13
348,سرچشمه,سرمايه گذاري مس سرچشمه,955,8095113,58505836066,7600,7250,7220,-380,-5.0,7227,-373,-4.91,7220,7447,1399-10-13
349,خوساز,محورسازان‌ايران‌خودرو,953,8246124,64253459420,8160,7800,7760,-400,-4.9,7790,-370,-4.53,7760,7990,1399-10-13
350,غپينو,پارس‌ مينو,946,7294457,72338030370,10390,10000,9880,-510,-4.91,9920,-470,-4.52,9880,10270,1399-10-13
351,سپ,پرداخت الكترونيك سامان كيش,943,2955868,61223953690,21780,21000,20730,-1050,-4.82,20710,-1070,-4.91,20700,21110,1399-10-13
352,شگل,گلتاش‌,939,2462105,66593712550,28290,28780,26880,-1410,-4.98,27050,-1240,-4.38,26880,28780,1399-10-13
353,كرماشا,صنايع پتروشيمي كرمانشاه,932,1598637,66997031300,42310,40810,41500,-810,-1.91,41910,-400,-0.95,40810,44230,1399-10-13
354,سخوز,سيمان خوزستان,930,3256312,73918738140,23830,22640,22640,-1190,-4.99,22700,-1130,-4.74,22640,24400,1399-10-13
355,كتوكاح,ح.توليدي وخدمات صنايع نسوزتوكا,929,2431087,63184792109,26598,25730,25711,-887,-3.33,25990,-608,-2.29,25360,27000,1399-10-13
356,وثوق,سرمايه گذاري وثوق امين,924,5746415,94633038321,16493,16987,15999,-494,-3.0,16468,-25,-0.15,15999,16987,1399-10-13
357,غشهداب,كشت و صنعت شهداب ناب خراسان,911,8942796,46197783927,5429,5158,5158,-271,-4.99,5174,-255,-4.7,5158,5320,1399-10-13
358,طلا,صندوق س.پشتوانه طلاي لوتوس,905,503334,40603752645,82317,81400,80508,-1809,-2.2,80670,-1647,-2.0,80100,81600,1399-10-13
359,وسنا,سرمايه گذاري نيروگاهي ايران,900,5187477,90271013954,17283,16960,17830,547,3.16,17402,119,0.69,16419,17999,1399-10-13
360,ميهن,بيمه ميهن,895,9319601,61585720190,6942,6630,6595,-347,-5.0,6608,-334,-4.81,6595,6920,1399-10-13
361,غسالم,سالمين‌,892,8542451,51942528740,6390,6080,6080,-310,-4.85,6080,-310,-4.85,6080,6180,1399-10-13
362,وبهمن,سرمايه‌گذاري‌بهمن‌,891,7059285,174427854860,25900,24620,24610,-1290,-4.98,24710,-1190,-4.59,24610,26000,1399-10-13
363,غگلپا,شير پاستوريزه پگاه گلپايگان,890,1600503,119984997088,71532,71498,75108,3576,5.0,74967,3435,4.8,69100,75108,1399-10-13
364,داروح,ح . كارخانجات‌داروپخش,889,1403487,39126614100,30370,28500,27680,-2690,-8.86,27880,-2490,-8.2,27330,29900,1399-10-13
365,دسبحان,سبحان دارو,885,2842200,70067392950,25900,24610,24610,-1290,-4.98,24650,-1250,-4.83,24610,25180,1399-10-13
366,سخواف,سيمان مجد خواف,883,5705734,97426315343,16598,17095,17095,497,2.99,17075,477,2.87,16286,17095,1399-10-13
367,ضخود2007,اختيارخ خودرو-3000-1400/02/08,873,36147,21130869000,690,700,500,-190,-27.54,585,-105,-15.22,481,700,1399-10-13
368,شجم,صنايع پتروشيمي تخت جمشيد,872,12584144,141204353878,11552,11206,11206,-346,-3.0,11221,-331,-2.87,11206,11550,1399-10-13
369,خكمك,كمك‌فنرايندامين‌,870,1939344,88996496160,43710,45890,45890,2180,4.99,45890,2180,4.99,45890,45890,1399-10-13
370,قزوين,كارخانجات‌ قند قزوين‌,867,1163487,45817092090,41020,39100,39420,-1600,-3.9,39450,-1570,-3.83,38970,42550,1399-10-13
371,فايرا,آلومينيوم‌ايران‌,857,1712396,43725128240,26160,25510,25220,-940,-3.59,25640,-520,-1.99,25010,26590,1399-10-13
372,سشرق,سيمان‌ شرق‌,837,8692341,63118741410,7640,7270,7260,-380,-4.97,7260,-380,-4.97,7260,7370,1399-10-13
373,هجرت,پخش هجرت,833,1546612,53696359490,36427,34616,34606,-1821,-5.0,34719,-1708,-4.69,34606,36426,1399-10-13
374,واعتبار,سرمايه گذاري اعتبار ايران,832,6731809,48119387130,7310,7250,6950,-360,-4.92,7150,-160,-2.19,6950,7480,1399-10-13
375,ولتجار,واسپاري تجارت وسرمايه ايرانيان,830,10115935,90477748929,8701,8962,8962,261,3.0,8944,243,2.79,8705,8962,1399-10-13
376,سكرد,سيمان كردستان,829,5432125,47346686800,9150,8710,8700,-450,-4.92,8720,-430,-4.7,8700,9000,1399-10-13
377,شدوص,دوده‌ صنعتي‌ پارس‌,825,3040158,78568247810,24670,25300,25900,1230,4.99,25840,1170,4.74,24800,25900,1399-10-13
378,حخزر,كشتيراني درياي خزر,824,2400529,68004272056,28844,27402,27870,-974,-3.38,28329,-515,-1.79,27402,29990,1399-10-13
379,بالبر,كابل‌ البرز,822,1598317,56565325520,33870,35000,35560,1690,4.99,35390,1520,4.49,33870,35560,1399-10-13
380,دجابر,داروسازي‌ جابرابن‌حيان‌,811,2110981,50839949950,25310,24050,24050,-1260,-4.98,24080,-1230,-4.86,24050,25000,1399-10-13
381,خاذين,سايپاآذين‌,807,5890535,33414694330,5940,5710,5650,-290,-4.88,5750,-190,-3.2,5650,5930,1399-10-13
382,وآيند,بانك  آينده,797,14703486,297363300864,20636,20224,20224,-412,-2.0,20224,-412,-2.0,20224,20224,1399-10-13
383,ما,بيمه  ما,794,7097429,59935075840,8870,8600,8430,-440,-4.96,8440,-430,-4.85,8430,8880,1399-10-13
384,ساروم,سيمان‌اروميه‌,794,2031740,53256606030,27490,26160,26120,-1370,-4.98,26210,-1280,-4.66,26120,27980,1399-10-13
385,دكپسول,توليد ژلاتين كپسول ايران,790,1360472,61080198414,47180,45700,44821,-2359,-5.0,44896,-2284,-4.84,44821,46676,1399-10-13
386,آوا,صندوق س.سهام آواي معيار-س,788,3291482,26430353615,8516,8550,7999,-517,-6.07,8030,-486,-5.71,7880,8550,1399-10-13
387,وبشهر,توسعه‌ صنايع‌ بهشهر(هلدينگ,779,4656795,74370148530,16800,15970,15960,-840,-5.0,15970,-830,-4.94,15960,16690,1399-10-13
388,وتوسم,سرمايه‌گذاري‌توسعه‌ملي‌,777,4189938,54318033610,13630,13010,12950,-680,-4.99,12960,-670,-4.92,12950,13210,1399-10-13
389,كدما,معدني‌ دماوند,766,373387,112042237090,285790,300070,300070,14280,5.0,300070,14280,5.0,300070,300070,1399-10-13
390,بساما,بيمه سامان,766,2611565,72064721127,29031,28010,27580,-1451,-5.0,27594,-1437,-4.95,27580,28450,1399-10-13
391,كي بي سي,شركت كي بي سي,760,1733965,67396059225,40860,38817,38817,-2043,-5.0,38868,-1992,-4.88,38817,39513,1399-10-13
392,زنگان,صنعت روي زنگان,756,548512,54360458070,104060,98857,98857,-5203,-5.0,99105,-4955,-4.76,98857,102660,1399-10-13
393,كيان,صندوق س. با درآمد ثابت كيان,756,15795528,419595752376,26521,26563,26565,44,0.17,26564,43,0.16,26560,26570,1399-10-13
394,قمرو,قند مرودشت‌,747,1241533,39406704200,30300,31810,31810,1510,4.98,31380,1080,3.56,31000,31810,1399-10-13
395,جم,پتروشيمي جم,747,2198724,102205226410,47890,45910,45510,-2380,-4.97,46480,-1410,-2.94,45510,48510,1399-10-13
396,خودكفا,اقتصادي و خودكفايي آزادگان,745,3160436,131034836996,43643,41461,41461,-2182,-5.0,41461,-2182,-5.0,41461,41461,1399-10-13
397,خصدرا,صنعتي‌ دريايي‌ ايران‌,744,11131670,50804941880,4705,4564,4564,-141,-3.0,4564,-141,-3.0,4564,4564,1399-10-13
398,آريان,سرمايه گذاري پارس آريان,740,16026524,271269468476,17435,17341,16912,-523,-3.0,16926,-509,-2.92,16912,17341,1399-10-13
399,وخاور,بانك خاورميانه,737,5320955,50495900910,9740,9980,9500,-240,-2.46,9520,-220,-2.26,9400,9980,1399-10-13
400,كمنگنز,معادن‌منگنزايران‌,735,579144,71814823030,118150,124050,124050,5900,4.99,124000,5850,4.95,122350,124050,1399-10-13
401,سدبير,س. تدبيرگران فارس وخوزستان,731,1695445,98767805513,55559,58299,58336,2777,5.0,58255,2696,4.85,57040,58336,1399-10-13
402,كخاك,صنايع‌خاك‌چيني‌ايران‌,720,1036676,51903109380,52370,50000,49780,-2590,-4.95,50070,-2300,-4.39,49760,54200,1399-10-13
403,پارس,پتروشيمي پارس,718,618127,97268149810,161230,155140,156500,-4730,-2.93,157370,-3860,-2.39,153180,162000,1399-10-13
404,خفناور,مهندسي صنعتي روان فن آور,711,2412082,69819110657,27812,29190,29202,1390,5.0,28946,1134,4.08,27812,29202,1399-10-13
405,كپرور,فرآوري زغال سنگ پروده طبس,697,912923,41662250310,47920,45600,45524,-2396,-5.0,45922,-1998,-4.17,45524,46800,1399-10-13
406,خكار,ايركا پارت صنعت,681,1981803,52315697920,27670,27670,26290,-1380,-4.99,26400,-1270,-4.59,26290,27670,1399-10-13
407,غمينوح,ح . شركت صنايع غذايي مينو شرق,678,2761740,28883112365,10919,10900,10374,-545,-4.99,10458,-461,-4.22,10374,10999,1399-10-13
408,چدن,توليدي چدن سازان,670,2433345,86733156970,37410,36000,35540,-1870,-5.0,35640,-1770,-4.73,35540,37380,1399-10-13
409,اميد,تامين سرمايه اميد,669,4746684,48766793870,10800,10790,10260,-540,-5.0,10270,-530,-4.91,10260,10790,1399-10-13
410,شخارك,پتروشيمي‌ خارك‌,668,1326616,59999105600,46510,46000,46200,-310,-0.67,45720,-790,-1.7,44600,46300,1399-10-13
411,كمرجان,بازرگاني و توليدي مرجان كار,661,601457,59204963299,94039,96000,98740,4701,5.0,98436,4397,4.68,96000,98740,1399-10-13
412,ولغدر,ليزينگ‌خودروغدير,655,3063612,86655647910,29670,28240,28190,-1480,-4.99,28290,-1380,-4.65,28190,29460,1399-10-13
413,تبرك,گروه كارخانجات صنعتي تبرك,650,1186599,27408465993,24292,23170,23078,-1214,-5.0,23604,-688,-2.83,23078,24000,1399-10-13
414,شغدير,پتروشيمي غدير,645,1486691,108667323628,76894,73122,73050,-3844,-5.0,73093,-3801,-4.94,73050,74900,1399-10-13
415,خفولا,خدمات فني فولاد يزد,641,2302602,130615098450,54024,56725,56725,2701,5.0,56725,2701,5.0,56725,56725,1399-10-13
416,وسرمد,بيمه  سرمد,638,8825869,75972833566,8866,8650,8601,-265,-2.99,8608,-258,-2.91,8601,8770,1399-10-13
417,ثباغ,شهر سازي و خانه سازي باغميشه,637,2330683,54381084085,22313,23000,23428,1115,5.0,23333,1020,4.57,22300,23428,1399-10-13
418,لوتوس,تامين سرمايه لوتوس پارسيان,629,3857699,52642009980,14340,13910,13630,-710,-4.95,13650,-690,-4.81,13630,14030,1399-10-13
419,كفپارس,فرآورده‌هاي‌ نسوز پارس‌,628,3667166,24811008180,7100,6750,6750,-350,-4.93,6930,-170,-2.39,6750,7000,1399-10-13
420,درازك,دارويي‌ رازك‌,622,1768941,84142841470,50000,49950,47500,-2500,-5.0,47570,-2430,-4.86,47500,49950,1399-10-13
421,سغرب,سيمان‌غرب‌,619,1517661,34058206140,23510,23400,22340,-1170,-4.98,22750,-760,-3.23,22340,23400,1399-10-13
422,سصفها,سيمان‌اصفهان‌,618,393203,130997958890,348250,330840,330840,-17410,-5.0,333160,-15090,-4.33,330840,357730,1399-10-13
423,فزرين,زرين معدن آسيا,608,2174755,49486550025,21672,22755,22755,1083,5.0,22693,1021,4.71,22755,22755,1399-10-13
424,شاوان,پالايش نفت لاوان,600,699627,66747036997,100310,96050,95295,-5015,-5.0,95404,-4906,-4.89,95295,96681,1399-10-13
425,خموتور,موتورسازان‌تراكتورسازي‌ايران‌,589,3935877,77182547970,18680,19610,19610,930,4.98,19610,930,4.98,19610,19610,1399-10-13
426,تكمبا,كمباين‌ سازي‌ ايران‌,582,3487714,44817948610,13510,12850,12840,-670,-4.96,12890,-620,-4.59,12840,13200,1399-10-13
427,مبين,مبين انرژي خليج فارس,577,2540675,40649477690,16170,15850,15750,-420,-2.6,16110,-60,-0.37,15400,16560,1399-10-13
428,سباقر,سيمان باقران,574,2469197,45712103985,18412,18964,17860,-552,-3.0,18513,101,0.55,17860,18964,1399-10-13
429,وتوشه,سرمايه‌ گذاري‌ پارس‌ توشه‌,574,1911181,43433494480,23870,22900,23270,-600,-2.51,22830,-1040,-4.36,22680,24230,1399-10-13
430,كاريس,صندوق س.سپهر كاريزما-س,572,3284595,40481087069,12737,12700,12347,-390,-3.06,12325,-412,-3.23,12300,12700,1399-10-13
431,شراز,پالايش نفت شيراز,570,248783,27534184958,116007,112800,110207,-5800,-5.0,112930,-3077,-2.65,110207,112900,1399-10-13
432,كفرا,فراورده‌ هاي‌ نسوزايران‌,569,624772,39268465110,66130,62830,62830,-3300,-4.99,63420,-2710,-4.1,62830,64960,1399-10-13
433,كاردان,صندوق س تجارت شاخصي كاردان,566,399087,66189197330,171130,168050,163360,-7770,-4.54,165850,-5280,-3.09,163350,169990,1399-10-13
434,وصندوق,سرمايه‌گذاري‌صندوق‌بازنشستگي‌,559,3006836,44649631120,15380,14900,15100,-280,-1.82,15180,-200,-1.3,14620,15240,1399-10-13
435,سكرما,سيمان‌ كرمان‌,555,2421277,44859230510,19480,18510,18510,-970,-4.98,18580,-900,-4.62,18510,19000,1399-10-13
436,لخزر,پارس‌ خزر,555,129072,26111527300,210070,202500,199570,-10500,-5.0,205860,-4210,-2.0,199570,211000,1399-10-13
437,فنوال,نورد آلومينيوم‌,548,1780325,45906192350,27110,26000,25760,-1350,-4.98,25830,-1280,-4.72,25760,27000,1399-10-13
438,سرود,سيمان‌شاهرود,547,3800732,66769073180,18420,18010,17500,-920,-4.99,17570,-850,-4.61,17500,18360,1399-10-13
439,گوهران,سرمايه گذاري توسعه گوهران اميد,543,2634762,23823727326,9516,9041,9041,-475,-4.99,9278,-238,-2.5,9041,9200,1399-10-13
440,ياقوت,صندوق س ياقوت آگاه-ثابت,541,15622024,182893975287,11688,11700,11708,20,0.17,11707,19,0.16,11681,11708,1399-10-13
441,اتكاي,بيمه اتكايي ايرانيان,539,3774056,67894592511,18693,17770,17759,-934,-5.0,17990,-703,-3.76,17759,18450,1399-10-13
442,پسهند,صنايع‌ لاستيكي‌  سهند,537,825728,39116584640,49760,47340,47280,-2480,-4.98,47800,-1960,-3.94,47280,49800,1399-10-13
443,خمحور,توليدمحورخودرو,534,754849,56691643890,78940,75000,75000,-3940,-4.99,75100,-3840,-4.86,75000,78700,1399-10-13
444,جم پيلن,پلي پروپيلن جم - جم پيلن,534,653641,53311740130,83560,80570,81520,-2040,-2.44,81930,-1630,-1.95,80570,83650,1399-10-13
445,شكبير,پتروشيمي اميركبير,533,1120622,89809558188,79828,77510,80710,882,1.1,80109,281,0.35,77510,81250,1399-10-13
446,آساميد,صندوق س.مشترك آسمان اميد -د,532,23686646,268651134624,11330,11328,11340,10,0.09,11342,12,0.11,11328,11345,1399-10-13
447,حپترو,حمل و نقل پتروشيمي( سهامي عام,532,1584753,59811533430,35990,37490,37780,1790,4.97,37740,1750,4.86,36590,37780,1399-10-13
448,غمينو,شركت صنايع غذايي مينو شرق,530,1811287,28067700370,16178,15405,15370,-808,-4.99,15778,-400,-2.47,15370,16170,1399-10-13
449,شصفها,پتروشيمي‌ اصفهان‌,526,1104039,150464139739,134059,136740,136740,2681,2.0,136285,2226,1.66,131378,136740,1399-10-13
450,ساينا,صنايع بهداشتي ساينا,526,165244,33127092795,209862,209862,199369,-10493,-5.0,203351,-6511,-3.1,199369,209862,1399-10-13
451,غپونه,نوش پونه مشهد,524,2144117,42945666554,19459,20000,20042,583,3.0,20030,571,2.93,19110,20042,1399-10-13
452,سهرمز,سيمان‌هرمزگان‌,520,1151917,26319096110,22890,23800,22560,-330,-1.44,22870,-20,-0.09,22010,23800,1399-10-13
453,شپاس,نفت پاسارگاد,511,1659990,34682281187,21925,21010,20829,-1096,-5.0,21174,-751,-3.43,20829,21880,1399-10-13
454,دتوزيع,توزيع دارو پخش,511,1542217,57023473575,35215,36975,36975,1760,5.0,36975,1760,5.0,36975,36975,1399-10-13
455,بفجر,فجر انرژي خليج فارس,509,726426,20211978460,28220,27700,27610,-610,-2.16,28110,-110,-0.39,27300,28420,1399-10-13
456,پارتا,مجتمع‌صنعتي‌آرتاويل‌تاير,508,815622,52315042431,65868,65209,64500,-1368,-2.08,64141,-1727,-2.62,63892,66940,1399-10-13
457,خراسان,پتروشيمي خراسان,501,647456,44204739180,71160,68210,68500,-2660,-3.74,68550,-2610,-3.67,67610,71000,1399-10-13
458,وسين,بيمه سينا,488,2109628,45708069713,22802,21662,21662,-1140,-5.0,21666,-1136,-4.98,21662,22190,1399-10-13
459,اطلس,صندوق س.توسعه اندوخته آينده-س,487,124515,25641524713,212943,208100,205555,-7388,-3.47,205931,-7012,-3.29,202002,211000,1399-10-13
460,دسبحا,گروه دارويي سبحان,485,1878431,42248587320,23670,22490,22490,-1180,-4.99,22620,-1050,-4.44,22490,22620,1399-10-13
461,كوثر,بيمه كوثر,483,2732327,72524155561,27939,26543,26543,-1396,-5.0,26543,-1396,-5.0,26543,26543,1399-10-13
462,دارو,كارخانجات‌داروپخش‌,483,932351,28897336770,32610,31040,30980,-1630,-5.0,31630,-980,-3.01,30980,31850,1399-10-13
463,نيرو,نيرو سرمايه,479,735867,42642480620,58773,57010,59000,227,0.39,57949,-824,-1.4,57010,59900,1399-10-13
464,دكوثر,داروسازي‌ كوثر,473,1818897,45777911870,26400,25080,25080,-1320,-5.0,25220,-1180,-4.47,25080,25870,1399-10-13
465,ورازي,بيمه رازي,470,2445136,29364405186,12633,12002,12002,-631,-4.99,12009,-624,-4.94,12002,12550,1399-10-13
466,واميد,گروه مديريت سرمايه گذاري اميد,469,1251737,48685110770,39110,39090,39150,40,0.1,39020,-90,-0.23,37750,39160,1399-10-13
467,خپويش,سازه‌ پويش‌,469,790926,35993650390,43350,45510,45510,2160,4.98,44830,1480,3.41,45200,45510,1399-10-13
468,غشصفا,شيرپاستوريزه‌پگاه‌اصفهان‌,459,570555,16512598210,30080,28610,28580,-1500,-4.99,29690,-390,-1.3,28580,29900,1399-10-13
469,هجرتح,ح . پخش هجرت,448,537700,16429874888,32133,30531,30527,-1606,-5.0,30556,-1577,-4.91,30527,31337,1399-10-13
470,پرداخت,به پرداخت ملت,444,1489010,46132982140,32370,31490,30760,-1610,-4.97,31030,-1340,-4.14,30760,31490,1399-10-13
471,دفرا,فرآورده‌هاي‌ تزريقي‌ ايران‌,444,1051822,28358155050,28340,26930,26930,-1410,-4.98,27520,-820,-2.89,26930,28000,1399-10-13
472,دروز,داروسازي‌ روزدارو,442,941679,18156533180,19980,20960,18990,-990,-4.95,19720,-260,-1.3,18990,20960,1399-10-13
473,اوان,مبين وان كيش,441,3415322,176270601814,49388,47510,51857,2469,5.0,51612,2224,4.5,47200,51857,1399-10-13
474,آساميد2,صندوق س.مشترك آسمان اميد -د,440,44000000,44000000,11330,1,1,-11329,-99.99,1,-11329,-99.99,1,1,1399-10-13
475,زر,صندوق س.پشتوانه سكه طلاي زر,434,364756,17013774269,47332,46650,46700,-632,-1.34,46644,-688,-1.45,46500,47600,1399-10-13
476,دلر,داروسازي‌ اكسير,420,874827,41753808010,50180,48000,47680,-2500,-4.98,48030,-2150,-4.28,47680,49790,1399-10-13
477,تابا,تابان نيرو سپاهان,420,852372,34201042181,38989,40158,40158,1169,3.0,40125,1136,2.91,39013,40158,1399-10-13
478,كهرام,توليدي گرانيت بهسرام,419,239550,19907232374,80952,83380,83380,2428,3.0,83037,2085,2.58,80952,83380,1399-10-13
479,تشتاد,صنايع توليدي اشتاد ايران‌,418,1287579,19937538543,15156,15570,15610,454,3.0,15477,321,2.12,15000,15610,1399-10-13
480,فيروزه,صندوق شاخص30 شركت فيروزه- سهام,417,200590,32230036790,167690,164350,157680,-10010,-5.97,160680,-7010,-4.18,156020,164350,1399-10-13
481,فجام,جام‌دارو,417,2591444,25473894520,9370,9830,9830,460,4.91,9590,220,2.35,9830,9830,1399-10-13
482,غشان,شيرپاستوريزه‌پگاه‌خراسان‌,416,2297817,17285775600,7910,7550,7520,-390,-4.93,7770,-140,-1.77,7520,7800,1399-10-13
483,كويرح,ح. توليدي فولاد سپيد فراب كوير,416,2551731,44011416890,17490,19240,18000,510,2.92,17250,-240,-1.37,17000,19240,1399-10-13
484,شيراز,پتروشيمي‌شيراز,415,1038686,58830359050,58720,56300,57650,-1070,-1.82,57450,-1270,-2.16,56200,58900,1399-10-13
485,دسينا,داروسازي‌ سينا,411,843543,24709077650,30780,29250,29250,-1530,-4.97,30010,-770,-2.5,29250,30000,1399-10-13
486,ددام,داروسازي زاگرس فارمد پارس,409,1269590,19948605960,16520,15700,15700,-820,-4.96,16180,-340,-2.06,15700,16000,1399-10-13
487,سكه0012پ01,سكه تمام بهارتحويلي 1روزه رفاه,406,136500,157620742200,1162319,1160001,1154030,-8289,-0.71,1154731,-7588,-0.65,1150000,1160001,1399-10-13
488,مفاخر,توسعه فناوري اطلاعات خوارزمي,405,927574,37813309625,42806,40700,40666,-2140,-5.0,41186,-1620,-3.78,40666,41800,1399-10-13
489,فبيرا,بسته‌ بندي‌ ايران‌,404,4554192,18628509187,4215,4089,4089,-126,-2.99,4095,-120,-2.85,4089,4186,1399-10-13
490,كيسون,شركت كيسون,404,1674775,25444109496,15658,15189,15189,-469,-3.0,15271,-387,-2.47,15189,15657,1399-10-13
491,سلار,شركت سيمان لارستان,400,832117,44969363365,52471,54045,54045,1574,3.0,54042,1571,2.99,52700,54045,1399-10-13
492,دشيمي,شيمي‌ داروئي‌ داروپخش‌,400,639582,46146321990,75900,72110,72110,-3790,-4.99,72260,-3640,-4.8,72110,74000,1399-10-13
493,وملت,سرمايه گذاري ملت,398,4626140,19109853209,4210,4290,4126,-84,-2.0,4131,-79,-1.88,4126,4290,1399-10-13
494,غمارگ,مارگارين‌,398,894256,36729919330,43220,41060,41060,-2160,-5.0,41560,-1660,-3.84,41060,41560,1399-10-13
495,كساوه,صنايع‌ كاشي‌ و سراميك‌ سينا,397,639002,61082850570,100590,95710,95570,-5020,-4.99,95590,-5000,-4.97,95570,95730,1399-10-13
496,بزاگرس,نيروگاه زاگرس كوثر,395,1300354,13844869038,11207,10647,10647,-560,-5.0,11044,-163,-1.45,10647,10647,1399-10-13
497,تسه9907,امتياز تسهيلات مسكن مهر99,395,4348,2612699764,575078,550000,603831,28753,5.0,600897,25819,4.49,550000,603831,1399-10-13
498,داسوه,داروسازي‌ اسوه‌,394,810596,24434493920,31710,30740,30130,-1580,-4.98,30900,-810,-2.55,30130,30740,1399-10-13
499,دلقما,دارويي‌ لقمان‌,393,553874,16588526300,31520,29950,29950,-1570,-4.98,30970,-550,-1.74,29950,29950,1399-10-13
500,ولملت,واسپاري ملت,391,3027446,29096442790,10080,9580,9580,-500,-4.96,9790,-290,-2.88,9580,10060,1399-10-13
501,سقاين,سيمان‌ قائن‌,389,362534,17422264160,49390,50540,47690,-1700,-3.44,48910,-480,-0.97,47050,50540,1399-10-13
502,ثرود,سرمايه‌گذاري مسكن زاينده رود,383,1789916,20412775543,12003,11411,11403,-600,-5.0,11746,-257,-2.14,11403,11650,1399-10-13
503,خفنر,فنرسازي‌خاور,383,1740847,39621677720,21680,22760,22760,1080,4.98,22500,820,3.78,22760,22760,1399-10-13
504,آكورد,صندوق س. آرمان آتي كوثر-د,369,10007424,300840421581,30012,30070,30061,49,0.16,30062,50,0.17,30060,30070,1399-10-13
505,عيار,صندوق س. پشتوانه طلاي مفيد,364,634502,18018259714,28456,28400,28520,64,0.22,28397,-59,-0.21,28000,28700,1399-10-13
506,دشيري,شيرين دارو,360,210878,39465026001,181828,187282,187282,5454,3.0,187146,5318,2.92,183991,187282,1399-10-13
507,سكارون,سيمان كارون,354,343141,70173689331,195896,197000,205690,9794,5.0,204504,8608,4.39,190020,205690,1399-10-13
508,وپسا,س. پتروشيمي ساختمان  خليج فارس,354,6379545,22944733161,3705,3595,3594,-111,-3.0,3597,-108,-2.91,3594,3662,1399-10-13
509,بسويچ,پارس‌سويچ‌,352,374507,16848435890,47220,44870,44990,-2230,-4.72,46430,-790,-1.67,44860,46990,1399-10-13
510,دارا,صندوق س. دارا الگوريتم-د,350,11549920,116189497326,10054,10064,10056,2,0.02,10060,6,0.06,10030,10068,1399-10-13
511,تكشا,گسترش‌صنايع‌وخدمات‌كشاورزي‌,350,349055,20021650450,60320,57310,57310,-3010,-4.99,59070,-1250,-2.07,57310,59500,1399-10-13
512,شساخت,مهندسي و ساختمان صنايع نفت,345,444277,18626923763,43207,43930,41911,-1296,-3.0,42642,-565,-1.31,41911,43930,1399-10-13
513,پلوله,گازلوله‌,341,1905007,34831905300,18187,18368,18360,173,0.95,18284,97,0.53,18006,18368,1399-10-13
514,خزر,فنرسازي‌زر,341,2312331,73023412980,30080,31580,31580,1500,4.99,31580,1500,4.99,31580,31580,1399-10-13
515,آرمان,بيمه آرمان,339,6645322,60874161555,8895,9161,9161,266,2.99,9160,265,2.98,9050,9161,1399-10-13
516,قشهد,شهد,335,635425,20344439430,33610,31930,31930,-1680,-5.0,32930,-680,-2.02,31930,33000,1399-10-13
517,ثتوسا,س.توسعه و عمران استان اردبيل,332,521495,25043754385,46625,48023,48023,1398,3.0,48023,1398,3.0,48023,48023,1399-10-13
518,آتيمس,صندوق س.آرمان آتيه درخشان مس-س,331,71868,15405710893,223417,220001,211490,-11927,-5.34,214361,-9056,-4.05,206500,226000,1399-10-13
519,قثابت,قند ثابت‌ خراسان‌,330,263270,20145420400,80540,76520,76520,-4020,-4.99,78840,-1700,-2.11,76520,76520,1399-10-13
520,قهكمت,قندهكمتان‌,329,214424,10475826310,51280,48750,48720,-2560,-4.99,50750,-530,-1.03,48720,51790,1399-10-13
521,خديزل,بهمن  ديزل,326,1307139,71853107509,57679,57300,54796,-2883,-5.0,54970,-2709,-4.7,54796,57300,1399-10-13
522,رتكو,كنترل‌خوردگي‌تكين‌كو,325,1880666,35266260720,19670,18890,18690,-980,-4.98,18990,-680,-3.46,18690,19450,1399-10-13
523,سفانو,سيمان فارس نو,324,462289,14597831930,33180,32500,31530,-1650,-4.97,32690,-490,-1.48,31530,32500,1399-10-13
524,وپخش,داروپخش‌ (هلدينگ‌,322,361353,45347166940,132060,125460,125550,-6510,-4.93,125790,-6270,-4.75,125460,129000,1399-10-13
525,لپيام,گسترش صنايع پيام,319,961422,36300410454,36658,37757,37757,1099,3.0,37757,1099,3.0,37757,37757,1399-10-13
526,سيستم,همكاران سيستم,314,492415,16040565530,33470,32670,32660,-810,-2.42,33180,-290,-0.87,32110,33630,1399-10-13
527,پارند,صندوق س. پارند پايدار سپهر,313,6320353,72117020071,11386,11418,11440,54,0.47,11410,24,0.21,11385,11445,1399-10-13
528,تسه9710,امتياز تسهيلات مسكن دي 97,313,3827,1671350402,415930,436726,436726,20796,5.0,436726,20796,5.0,436726,436726,1399-10-13
529,سهگمت,سيمان‌هگمتان‌,313,1481972,36324957430,25800,24510,24510,-1290,-5.0,24810,-990,-3.84,24510,24560,1399-10-13
530,غشاذر,پگاه‌آذربايجان‌غربي‌,311,950781,21289428430,23560,22390,22390,-1170,-4.97,23040,-520,-2.21,22390,22990,1399-10-13
531,دانا,بيمه دانا,311,3699309,42505060410,12090,11490,11490,-600,-4.96,11550,-540,-4.47,11490,11490,1399-10-13
532,شفارس,صنايع‌ شيميايي‌ فارس‌,308,662312,40022380180,63590,60420,60420,-3170,-4.99,60930,-2660,-4.18,60420,62000,1399-10-13
533,سبجنو,سيمان‌ بجنورد,305,284542,10643762520,38520,39900,37680,-840,-2.18,38280,-240,-0.62,36800,39900,1399-10-13
534,دپارس,پارس‌ دارو,297,177480,17964569890,106510,101220,101190,-5320,-4.99,104510,-2000,-1.88,101190,105990,1399-10-13
535,مارون,پتروشيمي مارون,296,282785,42304886744,152246,146160,147950,-4296,-2.82,151107,-1139,-0.75,146160,151732,1399-10-13
536,غاذر,كشت‌وصنعت‌پياذر,296,984147,47839385670,46300,48610,48610,2310,4.99,48410,2110,4.56,48610,48610,1399-10-13
537,فسپا,گروه‌صنعتي‌سپاهان‌,295,674266,32653250850,50710,49500,48180,-2530,-4.99,49150,-1560,-3.08,48180,49500,1399-10-13
538,شاملا,معدني‌ املاح‌  ايران‌,293,263250,17181596530,68510,65100,65120,-3390,-4.95,67340,-1170,-1.71,65090,66400,1399-10-13
539,فنفت,صنايع تجهيزات نفت,293,1745885,36294429111,20207,20813,20813,606,3.0,20789,582,2.88,20207,20813,1399-10-13
540,چكاوه,صنايع‌كاغذسازي‌كاوه‌,292,655033,7853845670,11420,11990,11990,570,4.99,11510,90,0.79,11990,11990,1399-10-13
541,افق ملت,صندوق س در سهام افق ملت,286,133122,18247890040,141920,139000,136000,-5920,-4.17,137080,-4840,-3.41,134820,139500,1399-10-13
542,فلوله,لوله‌وماشين‌سازي‌ايران‌,275,641424,14589310070,23910,22800,22720,-1190,-4.98,23550,-360,-1.51,22720,23910,1399-10-13
543,وثخوز,سرمايه گذاري و توسعه خوزستان,272,652210,44513332500,65000,68250,68250,3250,5.0,68250,3250,5.0,68250,68250,1399-10-13
544,غپاك,لبنيات‌ پاك‌,271,2326229,33846631950,15310,14550,14550,-760,-4.96,14770,-540,-3.53,14550,14550,1399-10-13
545,سمازن,سيمان‌مازندران‌,270,2324554,26709125460,12090,11490,11490,-600,-4.96,11750,-340,-2.81,11490,11490,1399-10-13
546,سپاس,صندوق س. پاداش سهامداري توسعه1,270,7957587,80800608305,10135,10155,10158,23,0.23,10154,19,0.19,10151,10158,1399-10-13
547,دفارا,داروسازي‌ فارابي‌,270,400128,29336322950,77160,73310,73310,-3850,-4.99,74790,-2370,-3.07,73310,74090,1399-10-13
548,وايرا,سرمايه گذاري صنايع ايران,268,2339828,26397939496,10954,11282,11282,328,2.99,11282,328,2.99,11282,11282,1399-10-13
549,بخاور,بيمه زندگي خاورميانه,263,1545142,13245095179,9003,8553,8553,-450,-5.0,8883,-120,-1.33,8553,8823,1399-10-13
550,تسه9902,امتياز تسهيلات مسكن ارديبهشت99,263,3021,1815749794,574356,603000,603073,28717,5.0,601043,26687,4.65,581800,603073,1399-10-13
551,چافست,افست‌,262,753793,16011857280,22290,21400,21180,-1110,-4.98,21940,-350,-1.57,21180,21600,1399-10-13
552,وصنا,گروه‌صنايع‌بهشهرايران‌,257,1672069,14323608200,9010,8580,8560,-450,-4.99,8880,-130,-1.44,8560,8900,1399-10-13
553,فمراد,آلومراد,257,455554,75904407480,158690,166620,166620,7930,5.0,166620,7930,5.0,166620,166620,1399-10-13
554,ساراب,سيمان‌ داراب‌,254,1112622,14742774600,13940,13250,13250,-690,-4.95,13730,-210,-1.51,13250,13300,1399-10-13
555,ساربيل,سيمان آرتا اردبيل,246,350264,14907235840,44790,42560,42560,-2230,-4.98,44090,-700,-1.56,42560,42560,1399-10-13
556,شپترو,پتروشيمي آبادان,243,4681505,28571225015,6291,6103,6103,-188,-2.99,6103,-188,-2.99,6103,6103,1399-10-13
557,صايند,صندوق س. گنجينه آينده روشن-د,241,3985590,39582922180,10072,9932,9934,-138,-1.37,9932,-140,-1.39,9911,9950,1399-10-13
558,ثعمرا,عمران و توسعه شاهد,238,1181494,15495568838,13801,13130,13111,-690,-5.0,13577,-224,-1.62,13111,13130,1399-10-13
559,پخش,پخش البرز,238,518043,22127170659,44961,42713,42713,-2248,-5.0,43914,-1047,-2.33,42713,42713,1399-10-13
560,شنفت,نفت‌ پارس‌,237,394228,22975230020,59020,60000,56400,-2620,-4.44,58730,-290,-0.49,56070,60000,1399-10-13
561,بكاب,صنايع‌جوشكاب‌يزد,235,145693,52061936620,340330,357340,357340,17010,5.0,357200,16870,4.96,357340,357340,1399-10-13
562,تسه9906,امتياز تسهيلات مسكن شهريور99,234,3295,1982171931,576245,580000,605057,28812,5.0,601570,25325,4.39,580000,605057,1399-10-13
563,آساس,صندوق س.آسمان آرماني سهام-س,232,82467,13997689600,174744,173005,168850,-5894,-3.37,169737,-5007,-2.87,168000,173005,1399-10-13
564,زعف0008پ10,زعفران0008نگين طلاي سرخ(پ),223,30410,3757308900,123391,124000,123766,375,0.3,123555,164,0.13,122000,125700,1399-10-13
565,تسه9904,امتياز تسهيلات مسكن تير99,222,2326,1402491518,577844,564000,606736,28892,5.0,602963,25119,4.35,563369,606736,1399-10-13
566,داوه,داروسازي آوه سينا,218,734797,15798135500,20477,21500,21500,1023,5.0,20785,308,1.5,21500,21500,1399-10-13
567,سدشت,صنايع سيمان دشتستان,212,150123,5595521860,38680,36800,37920,-760,-1.96,38520,-160,-0.41,36770,38100,1399-10-13
568,تسه9711,امتياز تسهيلات مسكن بهمن 97,212,2305,1321767675,546129,573435,573435,27306,5.0,573435,27306,5.0,573435,573435,1399-10-13
569,گكيش,توريستي ورفاهي آبادگران كيش,207,227366,13906379008,59382,61163,61163,1781,3.0,60584,1202,2.02,61160,61163,1399-10-13
570,سجام,مجتمع سيمان غرب آسيا,196,767439,9641360929,12951,12563,12563,-388,-3.0,12758,-193,-1.49,12563,12565,1399-10-13
571,مداران,داده‌پردازي‌ايران‌,196,523829,12783817140,25670,24500,24390,-1280,-4.99,25330,-340,-1.32,24390,24900,1399-10-13
572,گشان,توسعه بين المللي پديده شانديز,188,137855,8334161880,61689,60456,60456,-1233,-2.0,61403,-286,-0.46,60456,60456,1399-10-13
573,وهنر,گروه توسعه هنر ايران,183,3697093,20575795884,5736,5570,5564,-172,-3.0,5565,-171,-2.98,5564,5690,1399-10-13
574,ضخود2005,اختيارخ خودرو-2000-1400/02/08,182,3046,3815546000,1440,1007,1170,-270,-18.75,1253,-187,-12.99,1007,1300,1399-10-13
575,كاسپين,داروسازي كاسپين تامين,179,497592,14103486478,29832,28341,28341,-1491,-5.0,29390,-442,-1.48,28341,28450,1399-10-13
576,ضسپا1102,اختيارخ خساپا-2000-1399/11/26,177,5604,2270403000,472,486,300,-172,-36.44,405,-67,-14.19,300,487,1399-10-13
577,بمپنا,توليد برق عسلويه  مپنا,175,69732,6493340871,97834,92943,93900,-3934,-4.02,97191,-643,-0.66,92943,94750,1399-10-13
578,لازما,كارخانه هاي صنعتي آزمايش,170,719272,18519096184,26272,25747,25747,-525,-2.0,25747,-525,-2.0,25747,25747,1399-10-13
579,بشهاب,لامپ‌  پارس‌ شهاب‌,167,342078,30554406960,85070,89320,89320,4250,5.0,87540,2470,2.9,89320,89320,1399-10-13
580,تسه9810,امتياز تسهيلات مسكن دي98,166,1715,1019537832,566290,594604,594604,28314,5.0,594483,28193,4.98,590000,594604,1399-10-13
581,ضخود2009,اختيارخ خودرو-4000-1400/02/08,165,2662,1060993000,501,469,381,-120,-23.95,399,-102,-20.36,376,469,1399-10-13
582,تسه9712,امتياز تسهيلات مسكن اسفند97,164,1594,942585906,563928,570000,592124,28196,5.0,591334,27406,4.86,560000,592124,1399-10-13
583,تصميم,صندوق س با درآمد ثابت تصميم,162,3005444,45996229087,15303,15307,15314,11,0.07,15304,1,0.01,15290,15315,1399-10-13
584,ثغرب,شركت سرمايه گذاري مسكن شمالغرب,158,1439517,13594798548,9941,9444,9444,-497,-5.0,9799,-142,-1.43,9444,9444,1399-10-13
585,غپآذر,شير پگاه آذربايجان شرقي,158,259511,14662684749,59443,56640,56471,-2972,-5.0,58535,-908,-1.53,56471,59400,1399-10-13
586,قپيرا,فرآورده‌هاي‌غدايي‌وقندپيرانشهر,153,217457,23622353910,103460,108630,108630,5170,5.0,105790,2330,2.25,108630,108630,1399-10-13
587,نتوس,پشم‌ بافي‌ توس,148,903815,14009132500,15049,15500,15500,451,3.0,15356,307,2.04,15500,15500,1399-10-13
588,لبوتان,گروه‌صنعتي‌بوتان‌,146,230815,20837978200,95030,90280,90280,-4750,-5.0,92950,-2080,-2.19,90280,90280,1399-10-13
589,سايرا,ايرانيت‌,144,286881,9982043058,34131,34813,34813,682,2.0,34781,650,1.9,33449,34813,1399-10-13
590,واحصا,احياء صنايع خراسان,143,555492,22719622800,39709,40900,40900,1191,3.0,40900,1191,3.0,40900,40900,1399-10-13
591,سكه0112پ03,سكه تمام بهارتحويلي1روزه سامان,142,59400,68381116500,1161155,1156000,1156399,-4756,-0.41,1151197,-9958,-0.86,1150000,1156399,1399-10-13
592,زعف0008پ11,زعفران0008نگين سحرخيز(پ),139,29371,3582276063,120237,116000,121451,1214,1.01,121966,1729,1.44,116000,123500,1399-10-13
593,تسه9905,امتياز تسهيلات مسكن مرداد99,138,907,542999132,570168,598676,598676,28508,5.0,598676,28508,5.0,598676,598676,1399-10-13
594,ثتران,سرمايه گذاري مسكن تهران,137,2938900,14720950100,5272,5009,5009,-263,-4.99,5191,-81,-1.54,5009,5009,1399-10-13
595,قشرين,قند شيرين خراسان,133,1285844,24505614952,19647,19058,19058,-589,-3.0,19058,-589,-3.0,19058,19058,1399-10-13
596,ضپاس1005,اختيارخ وپارس-4500-1399/10/30,130,7913,149193000,48,32,24,-24,-50.0,19,-29,-60.42,13,33,1399-10-13
597,دمعيار,صندوق س. توازن معيار-د,127,6411886,64533674272,10054,10065,10063,9,0.09,10065,11,0.11,10040,10067,1399-10-13
598,ساروج,بين المللي ساروج بوشهر,126,1030159,22979467789,22990,22390,22301,-689,-3.0,22307,-683,-2.97,22301,22885,1399-10-13
599,پلاست,كارخانجات توليدي پلاستيران,125,154247,8146863799,51279,52817,52817,1538,3.0,51887,608,1.19,52817,52817,1399-10-13
600,سكه0011پ02,سكه تمام بهارتحويلي 1روزه ملت,123,60300,69493315700,1159185,1159999,1154000,-5185,-0.45,1152460,-6725,-0.58,1150000,1159999,1399-10-13
601,تسه9903,امتياز تسهيلات مسكن خرداد99,123,814,487133741,570101,598606,598606,28505,5.0,598444,28343,4.97,590000,598606,1399-10-13
602,مرقام,ايران‌ارقام‌,120,811659,19171385580,24860,23620,23620,-1240,-4.99,24360,-500,-2.01,23620,23620,1399-10-13
603,تسه9801,امتياز تسهيلات مسكن فروردين98,120,740,446915136,575205,603965,603965,28760,5.0,603939,28734,5.0,585011,603965,1399-10-13
604,اوصتا,صندوق انديشه ورزان صباتامين -د,117,7845881,137499012149,17486,17540,17537,51,0.29,17525,39,0.22,17510,17540,1399-10-13
605,كپشير,پشم‌شيشه‌ايران‌,114,176518,4741273480,25590,26860,26860,1270,4.96,25700,110,0.43,26860,26860,1399-10-13
606,گوهر,صندوق سكه طلاي كيان,113,142567,8214129343,57513,57400,57700,187,0.33,57616,103,0.18,57400,58300,1399-10-13
607,سفارود,كارخانه فارسيت درود,108,505834,6784751442,13150,13413,13413,263,2.0,13325,175,1.33,13413,13413,1399-10-13
608,دقاضي,داروسازي شهيد قاضي,108,181303,9104216098,51766,50214,50214,-1552,-3.0,51038,-728,-1.41,50214,51980,1399-10-13
609,زفكا,كشت و دامداري فكا,105,523606,5845013778,10632,11163,11163,531,4.99,10691,59,0.55,11163,11163,1399-10-13
610,ضشنا1035,اختيارخ شپنا-14000-1399/10/23,103,986,245348000,771,380,200,-571,-74.06,249,-522,-67.7,101,500,1399-10-13
611,افران,صندوق س افرا نماد پايدار-ثابت,101,3384789,41909652138,12352,12374,12390,38,0.31,12382,30,0.24,12370,12390,1399-10-13
612,غفارس,شير پاستوريزه پگاه فارس,101,633927,8012837280,13305,12640,12640,-665,-5.0,13193,-112,-0.84,12640,12640,1399-10-13
613,سكه9912پ04,سكه تمام بهارتحويل1روزه صادرات,100,50000,57735819900,1160663,1158011,1153711,-6952,-0.6,1154716,-5947,-0.51,1153000,1158011,1399-10-13
614,بهپاك,صنعتي بهپاك,98,153852,6950264100,47552,45175,45175,-2377,-5.0,47204,-348,-0.73,45175,45175,1399-10-13
615,ولانا,شركت ليزينگ آريا دانا,95,342108,9310469220,28056,27215,27215,-841,-3.0,27652,-404,-1.44,27215,27215,1399-10-13
616,گپارس,امور رفاهي كارگزاران پارس,91,61022,9590766718,152592,157169,157169,4577,3.0,154723,2131,1.4,157169,157169,1399-10-13
617,فيروزا,صندوق بادرآمد ثابت فيروزه آسيا,91,835719,18189764351,21742,21760,21761,19,0.09,21765,23,0.11,21759,21920,1399-10-13
618,تسه9803,امتياز تسهيلات مسكن خرداد98,88,489,284657169,554401,582121,582121,27720,5.0,582121,27720,5.0,582121,582121,1399-10-13
619,اخزا903,اسنادخزانه-م3بودجه99-011110,85,354749,240700960163,677412,678013,678512,1100,0.16,678511,1099,0.16,677782,679977,1399-10-13
620,تسه9901,امتياز تسهيلات مسكن فروردين99,84,417,248396101,568358,568368,596775,28417,5.0,595674,27316,4.81,568368,596775,1399-10-13
621,سپر,صندوق س سپر سرمايه بيدار- ثابت,83,397068,4403377761,11119,11110,11098,-21,-0.19,11090,-29,-0.26,11040,11120,1399-10-13
622,سنوين,سرمايه گذاري اقتصاد نوين,81,285007,2587113096,9252,9067,9100,-152,-1.64,9206,-46,-0.5,9067,9300,1399-10-13
623,وجامي,سرمايه گذاري جامي,81,490947,5926712184,11721,12072,12072,351,2.99,11822,101,0.86,12072,12072,1399-10-13
624,تسه9811,امتياز تسهيلات مسكن بهمن98,80,440,257823028,562433,565322,590554,28121,5.0,585961,23528,4.18,565322,590554,1399-10-13
625,ومشان,س. فني و مهندسي مشانير,77,77794,5065245134,67124,65111,65111,-2013,-3.0,66598,-526,-0.78,65111,65111,1399-10-13
626,تسه9812,امتياز تسهيلات مسكن اسفند98,77,702,404961336,549399,576868,576868,27469,5.0,576868,27469,5.0,576868,576868,1399-10-13
627,نمرينو,ايران‌ مرينوس‌,77,79266,4358837340,57880,54990,54990,-2890,-4.99,57610,-270,-0.47,54990,54990,1399-10-13
628,كتوكا,توليدي و خدمات صنايع نسوز توكا,77,77611,2145788928,26332,27648,27648,1316,5.0,26386,54,0.21,27648,27648,1399-10-13
629,ضخود2013,اختيارخ خودرو-7000-1400/02/08,76,3952,349372000,98,99,85,-13,-13.27,88,-10,-10.2,80,99,1399-10-13
630,تسه9802,امتياز تسهيلات مسكن ارديبهشت98,73,292,173177024,564831,593072,593072,28241,5.0,593072,28241,5.0,593072,593072,1399-10-13
631,داراب,پتروشيمي داراب,72,614850,1673621700,2806,2722,2722,-84,-2.99,2799,-7,-0.25,2722,2722,1399-10-13
632,ضفلا1157,اختيارخ فولاد-18000-1399/11/28,71,2426,343207000,131,151,146,15,11.45,141,10,7.63,100,175,1399-10-13
633,ضفلا1158,اختيارخ فولاد-20000-1399/11/28,70,4235,312485000,68,90,80,12,17.65,74,6,8.82,51,90,1399-10-13
634,ضسپا1103,اختيارخ خساپا-2500-1399/11/26,69,2222,355988000,277,300,160,-117,-42.24,160,-117,-42.24,150,300,1399-10-13
635,فسا,پتروشيمي فسا,67,1111595,2473298875,2293,2225,2225,-68,-2.97,2284,-9,-0.39,2225,2225,1399-10-13
636,فنرژي,گسترش صنايع انرژي آذرآب,65,364784,4880809920,13118,13380,13380,262,2.0,13243,125,0.95,13380,13380,1399-10-13
637,الماس,صندوق س.امين تدبيرگران فردا-س,61,17323,2140649226,131198,128500,123523,-7675,-5.85,123573,-7625,-5.81,120016,130990,1399-10-13
638,بذر,صندوق س بذر اميد آفرين-سهام,60,33182,3543639960,109300,108610,105000,-4300,-3.93,106790,-2510,-2.3,105000,108610,1399-10-13
639,ضپاس1002,اختيارخ وپارس-3000-1399/10/30,60,1208,552976000,616,422,421,-195,-31.66,458,-158,-25.65,420,530,1399-10-13
640,ضپاس1003,اختيارخ وپارس-3500-1399/10/30,60,1775,358295000,290,300,174,-116,-40.0,202,-88,-30.34,174,300,1399-10-13
641,ضخود2008,اختيارخ خودرو-3500-1400/02/08,60,769,395584000,611,600,430,-181,-29.62,514,-97,-15.88,430,600,1399-10-13
642,جهرم,پتروشيمي جهرم,60,570092,1418958988,2565,2489,2489,-76,-2.96,2559,-6,-0.23,2489,2489,1399-10-13
643,ضسپا1106,اختيارخ خساپا-4000-1399/11/26,59,2541,64061000,61,29,22,-39,-63.93,25,-36,-59.02,22,49,1399-10-13
644,زعف0008پ05,زعفران0008نگين زرين(پ),58,44965,5458388790,119653,117000,121500,1847,1.54,121392,1739,1.45,117000,122690,1399-10-13
645,جوين,كشت و صنعت جوين,58,188476,5316531008,27387,28208,28208,821,3.0,27599,212,0.77,28208,28208,1399-10-13
646,اخزا902,اسنادخزانه-م2بودجه99-011019,57,221814,152009307886,681764,684000,685311,3547,0.52,685301,3537,0.52,684000,686000,1399-10-13
647,اخزا815,اسنادخزانه-م15بودجه98-010406,54,148634,114726874982,769158,766001,770011,853,0.11,771875,2717,0.35,766001,775000,1399-10-13
648,غگز,گز سكه,54,1386000,31878000000,23000,23000,23000,0,0.0,23000,0,0.0,23000,23000,1399-10-13
649,صنوين,صندوق سرمايه‌گذاري صنوين-مختلط,54,9516,975540590,105030,103500,102550,-2480,-2.36,102520,-2510,-2.39,102500,103500,1399-10-13
650,شفارا,پتروشيمي فارابي,53,700548,3471915888,5109,4956,4956,-153,-2.99,5082,-27,-0.53,4956,4956,1399-10-13
651,تسه9808,امتياز تسهيلات مسكن آبان98,53,409,238654074,555767,563634,583555,27788,5.0,583506,27739,4.99,563634,583555,1399-10-13
652,اخزا821,اسنادخزانه-م21بودجه98-020906,52,119562,68868546930,574960,575100,576000,1040,0.18,576007,1047,0.18,575100,577000,1399-10-13
653,آسام,صندوق س.آرمان سپهر آشنا-م,52,26360,2954387980,114753,114000,111850,-2903,-2.53,112078,-2675,-2.33,110005,114000,1399-10-13
654,آكورد2,صندوق س. آرمان آتي كوثر-د,50,5000000,5000000,30012,1,1,-30011,-100.0,1,-30011,-100.0,1,1,1399-10-13
655,فاهواز,نورد و لوله اهواز,49,99152,1783248720,18352,17985,17985,-367,-2.0,18336,-16,-0.09,17985,17985,1399-10-13
656,وآتوس,س.آرين توسكا قيمت اسمي 350ريال,49,411929,18858933478,43602,45782,45782,2180,5.0,45560,1958,4.49,45782,45782,1399-10-13
657,عيار2,صندوق س. پشتوانه طلاي مفيد,48,480000,480000,28456,1,1,-28455,-100.0,1,-28455,-100.0,1,1,1399-10-13
658,ضفلا1156,اختيارخ فولاد-16000-1399/11/28,47,1222,631225000,582,500,450,-132,-22.68,517,-65,-11.17,400,560,1399-10-13
659,ضپاس1001,اختيارخ وپارس-2500-1399/10/30,45,1067,872872000,926,700,800,-126,-13.61,818,-108,-11.66,700,950,1399-10-13
660,ضسپا1105,اختيارخ خساپا-3500-1399/11/26,45,1496,82851000,115,50,49,-66,-57.39,55,-60,-52.17,45,85,1399-10-13
661,تسه9809,امتياز تسهيلات مسكن آذر98,44,291,167443146,548006,575406,575406,27400,5.0,575406,27400,5.0,575406,575406,1399-10-13
662,معيار,سرمايه گذاري معيار صنعت پارس,43,187621,6992634670,38030,37270,37270,-760,-2.0,37488,-542,-1.43,37270,37270,1399-10-13
663,زعف0008پ16,زعفران0008نگين بيرجند(پ),43,29053,3515813018,120304,119500,121900,1596,1.33,121014,710,0.59,119500,122669,1399-10-13
664,اخزا808,اسنادخزانه-م8بودجه98-000817,42,37924,32727041555,860851,853055,863050,2199,0.26,862964,2113,0.25,853055,864999,1399-10-13
665,ضسپا1104,اختيارخ خساپا-3000-1399/11/26,42,1514,176629000,145,103,103,-42,-28.97,117,-28,-19.31,101,155,1399-10-13
666,ضسپا1101,اختيارخ خساپا-1800-1399/11/26,41,1953,902783000,676,544,450,-226,-33.43,462,-214,-31.66,450,545,1399-10-13
667,وثنو,سرمايه گذاري ساختماني نوين,41,143118,2651976540,18481,18530,18530,49,0.27,18487,6,0.03,18530,18530,1399-10-13
668,وآفري,بيمه كارآفرين,41,1253989,23608850903,18279,18827,18827,548,3.0,18827,548,3.0,18827,18827,1399-10-13
669,كيا,كيا الكترود شرق,41,1145998,7070807660,5880,6170,6170,290,4.93,6170,290,4.93,6170,6170,1399-10-13
670,اخزا817,اسنادخزانه-م17بودجه98-010512,40,80515,60905598530,756884,751111,754200,-2684,-0.35,756450,-434,-0.06,751111,761000,1399-10-13
671,ثروتم,صندوق س. ثروت آفرين پارسيان-س,38,9140,837801470,94595,94460,91600,-2995,-3.17,91663,-2932,-3.1,91600,94460,1399-10-13
672,سخند,صندوق س.سپهرخبرگان نفت-د,38,385300,3911315860,10127,10150,10160,33,0.33,10151,24,0.24,10139,10160,1399-10-13
673,هترول911,اختيارف ت پترول-14730-99/11/15,38,314115,981923490,2653,3126,3126,473,17.83,3126,473,17.83,3126,3126,1399-10-13
674,ارمغان,ص سرمايه گذاري ارمغان ايرانيان,38,214634,2182175065,10143,10160,10174,31,0.31,10167,24,0.24,10159,10174,1399-10-13
675,تسه9807,امتياز تسهيلات مسكن مهر98,37,178,104338293,558706,558706,586641,27935,5.0,586170,27464,4.92,558706,586641,1399-10-13
676,ضشنا2002,اختيارخ شپنا-12000-1400/02/27,36,459,1467583000,3605,3300,3099,-506,-14.04,3197,-408,-11.32,2200,3300,1399-10-13
677,اخزا814,اسنادخزانه-م14بودجه98-010318,35,122301,94919250414,776896,758429,778000,1104,0.14,776112,-784,-0.1,758429,779000,1399-10-13
678,اخزا905,اسنادخزانه-م5بودجه99-020218,33,172710,109598252571,634702,639998,635000,298,0.05,634580,-122,-0.02,633000,639998,1399-10-13
679,تسه9806,امتياز تسهيلات مسكن شهريور98,33,191,110662386,551919,567120,579514,27595,5.0,579384,27465,4.98,567120,579514,1399-10-13
680,حرهشا,رهشاد سپاهان (سهامي عام,32,36394,2228586590,63128,61235,61235,-1893,-3.0,62911,-217,-0.34,61235,61235,1399-10-13
681,اخزا812,اسنادخزانه-م12بودجه98-001111,30,41694,34525959509,828590,821000,829799,1209,0.15,828080,-510,-0.06,821000,831990,1399-10-13
682,غشوكو,شوكو پارس,30,31911,1418348217,45821,44447,44447,-1374,-3.0,45721,-100,-0.22,44447,44447,1399-10-13
683,اخزا809,اسنادخزانه-م9بودجه98-000923,29,13813,11725907864,848438,836111,849001,563,0.07,848904,466,0.05,836111,850500,1399-10-13
684,اخزا704,اسنادخزانه-م4بودجه97-991022,28,171150,170279040190,993545,994899,994451,906,0.09,994911,1366,0.14,994000,995000,1399-10-13
685,تسه9804,امتياز تسهيلات مسكن تير98,26,180,106126623,562020,590121,590121,28101,5.0,589592,27572,4.91,570112,590121,1399-10-13
686,فلات,گروه صنايع معادن فلات ايرانيان,26,120803,1695349302,14468,14034,14034,-434,-3.0,14430,-38,-0.26,14034,14034,1399-10-13
687,هبركت912,اختيارف ت بركت-22100-99/12/17,25,335357,335357,1,1,1,0,0.0,1,0,0.0,1,1,1399-10-13
688,ضخود2006,اختيارخ خودرو-2500-1400/02/08,24,276,223237000,980,800,800,-180,-18.37,809,-171,-17.45,800,870,1399-10-13
689,اخزا820,اسنادخزانه-م20بودجه98-020806,24,23131,13557631973,585748,584100,586000,252,0.04,586124,376,0.06,584100,587800,1399-10-13
690,ضپيك1020,اختيارخ تاپيكو-14000-99/10/16,24,297,55625000,453,91,101,-352,-77.7,187,-266,-58.72,91,450,1399-10-13
691,وساغربي,شركت س استان آذربايجان غربي,24,403595,298660300,770,740,740,-30,-3.9,770,0,0.0,740,740,1399-10-13
692,صگل039,صكوك اجاره گل گهر039-3ماهه20%,23,230000,230000230000,1000001,1000001,1000001,0,0.0,1000001,0,0.0,1000001,1000001,1399-10-13
693,اخزا904,اسنادخزانه-م4بودجه99-011215,23,14512,9637444842,667024,660003,664005,-3019,-0.45,664102,-2922,-0.44,660003,669991,1399-10-13
694,ضپيك1019,اختيارخ تاپيكو-12000-99/10/16,22,172,194070000,1589,710,1001,-588,-37.0,1128,-461,-29.01,705,1700,1399-10-13
695,گنجين,صندوق س. گنجينه يكم آويد-د,21,215446,2571591683,11916,11928,11936,20,0.17,11936,20,0.17,11928,11940,1399-10-13
696,زعف0008پ08,زعفران0008نگين روستا(پ),21,9200,1115187200,119580,120000,121200,1620,1.35,121216,1636,1.37,120000,122499,1399-10-13
697,اخزا806,اسنادخزانه-م6بودجه98-000519,20,33922,30523742014,897622,892186,900406,2784,0.31,899821,2199,0.24,892186,902000,1399-10-13
698,كيان2,صندوق س. با درآمد ثابت كيان,20,2000000,2000000,26521,1,1,-26520,-100.0,1,-26520,-100.0,1,1,1399-10-13
699,وسصفا,شركت س استان اصفهان,20,178041,181601820,1070,1020,1020,-50,-4.67,1070,0,0.0,1020,1020,1399-10-13
700,اخزا807,اسنادخزانه-م7بودجه98-000719,20,17726,15407812028,871719,874000,866004,-5715,-0.66,869221,-2498,-0.29,864000,874200,1399-10-13
701,اخزا816,اسنادخزانه-م16بودجه98-010503,20,82042,62364067951,760754,763000,758000,-2754,-0.36,760148,-606,-0.08,757001,763000,1399-10-13
702,ضملي1152,اختيارخ فملي-18252-1399/11/05,19,326,25482184,86,50,31,-55,-63.95,40,-46,-53.49,31,91,1399-10-13
703,ضفار1125,اختيارخ فارس-17826-1399/11/07,18,552,70682000,32,80,45,13,40.63,64,32,100.0,36,80,1399-10-13
704,ضفلا1155,اختيارخ فولاد-14000-1399/11/28,18,291,331832000,1578,1090,960,-618,-39.16,1140,-438,-27.76,960,1260,1399-10-13
705,هفارس912,اختيارف ت فارس-14576-99/12/13,18,94077,151652124,1640,1612,1612,-28,-1.71,1612,-28,-1.71,1612,1612,1399-10-13
706,فن آوا,گروه فن آوا,18,55443,679731180,12639,12260,12260,-379,-3.0,12626,-13,-0.1,12260,12260,1399-10-13
707,اخزا804,اسنادخزانه-م4بودجه98-000421,17,49903,45537520660,908139,908500,912214,4075,0.45,912521,4382,0.48,908500,913001,1399-10-13
708,ضغدر1119,اختيارخ وغدير-10000-1399/11/26,16,272,616218000,2800,2499,2314,-486,-17.36,2266,-534,-19.07,2100,2500,1399-10-13
709,ضخوز1014,اختيارخ فخوز-12191-1399/10/16,16,46,169690500,2900,1301,2000,-900,-31.03,1405,-1495,-51.55,1002,2000,1399-10-13
710,اخزا813,اسنادخزانه-م13بودجه98-010219,16,13060,10287714864,785927,787000,786500,573,0.07,787727,1800,0.23,786001,790000,1399-10-13
711,داريك,صندوق س.اعتماد داريك-د,16,18249,190476316,10433,10434,10435,2,0.02,10438,5,0.05,10434,10460,1399-10-13
712,اخزا810,اسنادخزانه-م10بودجه98-001006,15,17756,14906204415,843500,840000,840010,-3490,-0.41,839502,-3998,-0.47,836501,844990,1399-10-13
713,اخزا818,اسنادخزانه-م18بودجه98-010614,15,13160,9791904733,742103,740000,740001,-2102,-0.28,744066,1963,0.26,740000,745001,1399-10-13
714,زعف0008پ18,زعفران0008نگين بهرامن(پ),15,7081,863711382,122635,123300,122000,-635,-0.52,121976,-659,-0.54,120462,123380,1399-10-13
715,ضسپا1100,اختيارخ خساپا-1600-1399/11/26,15,566,417871000,874,705,650,-224,-25.63,738,-136,-15.56,650,760,1399-10-13
716,ضپاس1004,اختيارخ وپارس-4000-1399/10/30,15,212,20988000,103,99,99,-4,-3.88,99,-4,-3.88,99,99,1399-10-13
717,اخزا811,اسنادخزانه-م11بودجه98-001013,14,70957,59764413596,838539,842499,840000,1461,0.17,842262,3723,0.44,839001,843000,1399-10-13
718,اخزا907,اسنادخزانه-م7بودجه99-020704,13,33570,19907008000,588319,594000,593000,4681,0.8,593000,4681,0.8,592000,594000,1399-10-13
719,ضشنا1036,اختيارخ شپنا-16000-1399/10/23,13,179,9232000,210,99,60,-150,-71.43,52,-158,-75.24,40,99,1399-10-13
720,ضشنا2001,اختيارخ شپنا-10000-1400/02/27,12,189,792700000,4977,4200,4100,-877,-17.62,4194,-783,-15.73,4100,4200,1399-10-13
721,تسه9805,امتياز تسهيلات مسكن مرداد98,12,58,32703648,537006,563856,563856,26850,5.0,563856,26850,5.0,563856,563856,1399-10-13
722,ضملي1153,اختيارخ فملي-20280-1399/11/05,12,78,1946364,44,44,11,-33,-75.0,13,-31,-70.45,10,44,1399-10-13
723,پست0008پ09,پسته بادامي30-28مه ولات0008(پ),12,445,594660180,1301428,1330000,1350000,48572,3.73,1336315,34887,2.68,1325002,1350000,1399-10-13
724,تملي708,تسهيلات مسكن ب. ملي-آبان97,12,295,171598939,582580,553451,611709,29129,5.0,581691,-889,-0.15,553451,611709,1399-10-13
725,ضترا1118,اختيارخ شتران-12000-1399/11/14,11,86,76325000,984,1000,805,-179,-18.19,887,-97,-9.86,790,1000,1399-10-13
726,نگين,ص.س. زمين و ساختمان نگين شهرري,11,3781,184021960,48640,47540,47560,-1080,-2.22,48670,30,0.06,47540,48990,1399-10-13
727,اخزا721,اسنادخزانه-م21بودجه97-000728,11,3167,2742546189,867027,870000,862007,-5020,-0.58,865976,-1051,-0.12,862005,870000,1399-10-13
728,گوهر2,صندوق سكه طلاي كيان,10,100000,100000,57513,1,1,-57512,-100.0,1,-57512,-100.0,1,1,1399-10-13
729,اخزا901,اسنادخزانه-م1بودجه99-010621,10,1528,1132590000,736531,749995,740000,3469,0.47,741224,4693,0.64,740000,749995,1399-10-13
730,وسمازن,س.سهام عدالت استان مازندران,10,111612,104915280,980,940,940,-40,-4.08,980,0,0.0,940,940,1399-10-13
731,زعف0008پ12,زعفران0008پوشالمعمول سحرخيز(پ),10,1375,116278500,81581,84000,84900,3319,4.07,84566,2985,3.66,84000,85600,1399-10-13
732,اراد45,مرابحه عام دولت4-ش.خ 0107,10,111000,107040000000,997500,964000,1000000,2500,0.25,964324,-33176,-3.33,964000,1000000,1399-10-13
733,فيروزه2,صندوق شاخص30 شركت فيروزه- سهام,10,100000,100000,167690,1,1,-167689,-100.0,1,-167689,-100.0,1,1,1399-10-13
734,وسلرستا,شركت س استان لرستان,10,194508,167276880,900,860,860,-40,-4.44,900,0,0.0,860,860,1399-10-13
735,وسگيلا,شركت س استان گيلان,10,92772,73289880,830,790,790,-40,-4.82,830,0,0.0,790,790,1399-10-13
736,شسم,توليد سموم‌ علف‌ كش,8,8071,718754834,87308,89054,89054,1746,2.0,87431,123,0.14,89054,89054,1399-10-13
737,ضچاد2000,اختيارخ كچاد-12000-1400/02/05,8,63,712900000,11750,11500,11000,-750,-6.38,11316,-434,-3.69,10000,11500,1399-10-13
738,ولراز,ليزينگ رازي,8,3708,195674868,54403,52771,52771,-1632,-3.0,54387,-16,-0.03,52771,52771,1399-10-13
739,سپرمي,پرميت‌,8,25370,214554090,8374,8457,8457,83,0.99,8378,4,0.05,8457,8457,1399-10-13
740,ضخود2011,اختيارخ خودرو-5000-1400/02/08,8,291,60155000,217,235,200,-17,-7.83,207,-10,-4.61,200,235,1399-10-13
741,ضترا1117,اختيارخ شتران-10000-1399/11/14,7,170,262217000,2140,1270,1500,-640,-29.91,1542,-598,-27.94,1270,1999,1399-10-13
742,ضخود2010,اختيارخ خودرو-4500-1400/02/08,7,65,19246000,351,255,295,-56,-15.95,296,-55,-15.67,295,300,1399-10-13
743,وسمركز,شركت س استان مركزي,6,82319,109484270,1400,1330,1330,-70,-5.0,1400,0,0.0,1330,1330,1399-10-13
744,شرق1400,مشاركت ليزينگ ايران وشرق140010,6,45736,45735890000,989000,1000000,1000000,11000,1.11,999998,10998,1.11,989000,1000000,1399-10-13
745,ضپيك1022,اختيارخ تاپيكو-18000-99/10/16,6,55,85000,3,1,1,-2,-66.67,2,-1,-33.33,1,5,1399-10-13
746,وسخوز,شركت س استان خوزستان,6,85502,79516860,970,930,930,-40,-4.12,970,0,0.0,930,930,1399-10-13
747,ضفلا1153,اختيارخ فولاد-10000-1399/11/28,6,12,42940000,3950,3100,3400,-550,-13.92,3578,-372,-9.42,3100,3740,1399-10-13
748,وسفارس,شركت س استان فارس,6,38395,37627100,1030,980,980,-50,-4.85,1030,0,0.0,980,980,1399-10-13
749,ضفار1126,اختيارخ فارس-19826-1399/11/07,5,160,3260000,10,10,10,0,0.0,10,0,0.0,10,11,1399-10-13
750,اطلس2,صندوق س.توسعه اندوخته آينده-س,5,50000,50000,212943,1,1,-212942,-100.0,1,-212942,-100.0,1,1,1399-10-13
751,اخزا713,اسنادخزانه-م13بودجه97-000518,5,9764,8676092467,899290,888290,899007,-283,-0.03,888580,-10710,-1.19,888290,899010,1399-10-13
752,وسقم,شركت س استان قم,5,29048,38924320,1410,1340,1340,-70,-4.96,1410,0,0.0,1340,1340,1399-10-13
753,سرو2,صندوق س سروسودمند مدبران-سهام,5,500000,500000,72640,1,1,-72639,-100.0,1,-72639,-100.0,1,1,1399-10-13
754,ضملي1150,اختيارخ فملي-14196-1399/11/05,5,21,33149320,1486,800,810,-676,-45.49,800,-686,-46.16,800,810,1399-10-13
755,خعمرا,توسعه و عمران شهرستان نائين,5,2856,63437472,21566,22212,22212,646,3.0,21568,2,0.01,22212,22212,1399-10-13
756,ضفلا1154,اختيارخ فولاد-12000-1399/11/28,5,27,56883000,2290,1999,2000,-290,-12.66,2107,-183,-7.99,1999,2289,1399-10-13
757,كابگن,توليدي و صنعتي آبگينه‌,4,12600,63932400,5024,5074,5074,50,1.0,5025,1,0.02,5074,5074,1399-10-13
758,ضپنا2004,اختيارخ رمپنا-18000-1400/02/12,4,73,291705000,4000,3995,3996,-4,-0.1,3996,-4,-0.1,3995,3996,1399-10-13
759,تملي711,تسهيلات مسكن ب. ملي-بهمن97,4,8,7824848,1029585,978106,978106,-51479,-5.0,978106,-51479,-5.0,978106,978106,1399-10-13
760,زير0003پ04,زيره سبز0003شركت مينوبذر(پ),4,47,21996940,466698,470000,467847,1149,0.25,468020,1322,0.28,460000,470000,1399-10-13
761,وسيستا,شركت س استان سيستان وبلوچستان,4,132449,100661240,790,760,760,-30,-3.8,790,0,0.0,760,760,1399-10-13
762,اخزا805,اسنادخزانه-م5بودجه98-000422,4,35968,32874421628,910000,914000,912551,2551,0.28,913991,3991,0.44,912551,914000,1399-10-13
763,وسكرد,شركت س استان كردستان,4,35725,26793750,780,750,750,-30,-3.85,780,0,0.0,750,750,1399-10-13
764,تملي806,تسهيلات مسكن ب. ملي-شهريور98,4,21,12064815,547158,574515,574515,27357,5.0,574515,27357,5.0,574515,574515,1399-10-13
765,ضمخا1025,اختيارخ اخابر-16000-1399/10/30,4,11,966000,179,102,80,-99,-55.31,88,-91,-50.84,80,102,1399-10-13
766,آگاس2,صندوق س.هستي بخش آگاه-س,4,600000,600000,73370,1,1,-73369,-100.0,1,-73369,-100.0,1,1,1399-10-13
767,صمسكن912,ص دين مسكن جنوب-ماهانه16درصد,3,410,21493020,52020,52422,52422,402,0.77,52422,402,0.77,52422,52422,1399-10-13
768,وسرضوي,س.سهام عدالت استان خراسان رضوي,3,21133,20710340,1030,980,980,-50,-4.85,1030,0,0.0,980,980,1399-10-13
769,ضسپا1107,اختيارخ خساپا-4500-1399/11/26,3,50,1060000,90,21,21,-69,-76.67,21,-69,-76.67,21,22,1399-10-13
770,ضشنا1037,اختيارخ شپنا-18000-1399/10/23,3,40,288000,75,7,7,-68,-90.67,7,-68,-90.67,7,8,1399-10-13
771,كرونا2,تامين مالي جمعي صرفا اهداي سود,3,310,3100000,10000,10000,10000,0,0.0,10000,0,0.0,10000,10000,1399-10-13
772,تملي701,تسهيلات مسكن ب. ملي-فروردين97,3,137,90305879,627779,659167,659167,31388,5.0,659167,31388,5.0,659167,659167,1399-10-13
773,ضملي1149,اختيارخ فملي-12168-1399/11/05,3,5,13567360,2477,2000,1220,-1257,-50.75,1376,-1101,-44.45,1220,2000,1399-10-13
774,ضمخا7066,اختيارخ اخابر-12000-1400/07/28,3,14,78800000,6375,6000,5800,-575,-9.02,5629,-746,-11.7,5500,6000,1399-10-13
775,ضگل1145,اختيارخ كگل-24000-1399/11/21,3,6,8400000,2350,1500,1300,-1050,-44.68,1400,-950,-40.43,1300,1500,1399-10-13
776,اعتماد2,صندوق س.اعتماد آفرين پارسيان-د,3,23000000,23000000,34112,1,1,-34111,-100.0,1,-34111,-100.0,1,1,1399-10-13
777,وسبوشهر,شركت س استان بوشهر,3,29107,34928400,1260,1200,1200,-60,-4.76,1260,0,0.0,1200,1200,1399-10-13
778,دقاضيح,ح . داروسازي شهيد قاضي,3,302,14831220,50628,49110,49110,-1518,-3.0,49110,-1518,-3.0,49110,49110,1399-10-13
779,اخزا716,اسنادخزانه-م16بودجه97-000407,3,766,704681018,911731,913503,920000,8269,0.91,919949,8218,0.9,913503,920000,1399-10-13
780,تملي803,تسهيلات مسكن ب. ملي-خرداد98,3,27,25844670,911629,957210,957210,45581,5.0,957210,45581,5.0,957210,957210,1399-10-13
781,اخزا819,اسنادخزانه-م19بودجه98-020322,2,3000,2027067000,662440,675689,675689,13249,2.0,675689,13249,2.0,675689,675689,1399-10-13
782,ضبدر1150,اختيارخ شبندر-32000-1399/11/19,2,30,90000000,3000,3000,3000,0,0.0,3000,0,0.0,3000,3000,1399-10-13
783,ضسان1038,اختيارخ پارسان-18000-99/10/14,2,30,92040000,6000,3002,3101,-2899,-48.32,3068,-2932,-48.87,3002,3101,1399-10-13
784,وساربيل,شركت س استان اردبيل,2,9063,11056860,1280,1220,1220,-60,-4.69,1280,0,0.0,1220,1220,1399-10-13
785,شستا001,اجاره تامين اجتماعي-امين000523,2,9,9009063,1001007,1001007,1001007,0,0.0,1001007,0,0.0,1001007,1001007,1399-10-13
786,وسهمدا,شركت س استان همدان,2,11992,10193200,890,850,850,-40,-4.49,890,0,0.0,850,850,1399-10-13
787,اخزا906,اسنادخزانه-م6بودجه99-020321,2,285,186940200,631144,662701,640000,8856,1.4,655930,24786,3.93,640000,662701,1399-10-13
788,ضسان1040,اختيارخ پارسان-24000-99/10/14,2,47,8518000,2500,800,14,-2486,-99.44,181,-2319,-92.76,14,800,1399-10-13
789,اخزا723,اسنادخزانه-م23بودجه97-000824,2,440,378105200,856500,859330,859330,2830,0.33,859330,2830,0.33,859330,859330,1399-10-13
790,وسزنجان,شركت س استان زنجان,2,11253,15191550,1420,1350,1350,-70,-4.93,1420,0,0.0,1350,1350,1399-10-13
791,هاباد912,اختيارف ت آبادا-30100-99/12/12,2,3500,40971000,11687,11706,11706,19,0.16,11706,19,0.16,11706,11706,1399-10-13
792,ضسان1039,اختيارخ پارسان-20000-99/10/14,2,63,81950000,4400,1301,1300,-3100,-70.45,1301,-3099,-70.43,1300,1301,1399-10-13
793,ضشنا1044,اختيارخ شپنا-10000-1399/10/23,2,23,53500000,3167,2500,2300,-867,-27.38,2326,-841,-26.56,2300,2500,1399-10-13
794,ياقوت2,صندوق س ياقوت آگاه-ثابت,2,10043000,10043000,11688,1,1,-11687,-99.99,1,-11687,-99.99,1,1,1399-10-13
795,ضخوز2014,اختيارخ فخوز-14000-1400/02/15,2,15,55500000,5097,3800,3500,-1597,-31.33,3700,-1397,-27.41,3500,3800,1399-10-13
796,پست0008پ04,پسته فندقي32-30سبزدانه0008(پ),2,9,12453905,1371878,1386781,1380000,8122,0.59,1383767,11889,0.87,1380000,1386781,1399-10-13
797,ضپار1117,اختيارخ خپارس-7000-1399/11/19,2,20,26900000,1345,1190,1500,155,11.52,1345,0,0.0,1190,1500,1399-10-13
798,ساذري,آذريت‌,2,100,598700,5813,5987,5987,174,2.99,5813,0,0.0,5987,5987,1399-10-13
799,ضگل1142,اختيارخ كگل-16000-1399/11/21,2,3,14900000,5093,4900,5000,-93,-1.83,4967,-126,-2.47,4900,5000,1399-10-13
800,صفارس037,صكوك اجاره فارس037- 3ماهه18%,2,20,20000000,960000,995000,1005000,45000,4.69,1000000,40000,4.17,995000,1005000,1399-10-13
801,سلامت2,مرابحه دولت تعاون-كاردان991118,2,200,200000000,1010999,1000000,1000000,-10999,-1.09,1000000,-10999,-1.09,1000000,1000000,1399-10-13
802,اخزا718,اسنادخزانه-م18بودجه97-000525,2,454,406330454,896000,895001,895001,-999,-0.11,895001,-999,-0.11,895001,895001,1399-10-13
803,لپيام2,گسترش صنايع پيام,1,450000,16990650000,36658,37757,37757,1099,3.0,37757,1099,3.0,37757,37757,1399-10-13
804,اراد504,مرابحه عام دولت5-ش.خ0302,1,250000,250000000000,1000037,1000000,1000000,-37,0.0,1000000,-37,0.0,1000000,1000000,1399-10-13
805,ضخود2012,اختيارخ خودرو-6000-1400/02/08,1,1,150000,158,150,150,-8,-5.06,150,-8,-5.06,150,150,1399-10-13
806,اراد344,مرابحه عام دولت3-ش.خ 0305,1,9793388,8395695251416,999970,857282,857282,-142688,-14.27,857282,-142688,-14.27,857282,857282,1399-10-13
807,صايپا412,صكوك مرابحه سايپا412-3ماهه 16%,1,148,133200000,868025,900000,900000,31975,3.68,900000,31975,3.68,900000,900000,1399-10-13
808,ضشنا1038,اختيارخ شپنا-20000-1399/10/23,1,37,185000,10,5,5,-5,-50.0,5,-5,-50.0,5,5,1399-10-13
809,اراد43,مرابحه عام دولت4-ش.خ 0205,1,100,91000000,900000,910000,910000,10000,1.11,910000,10000,1.11,910000,910000,1399-10-13
810,وسكرشا,س.سهام عدالت استان كرمانشاه,1,5000,6000000,1260,1200,1200,-60,-4.76,1260,0,0.0,1200,1200,1399-10-13
811,وسيلام,شركت س استان ايلام,1,4306,5081080,1240,1180,1180,-60,-4.84,1240,0,0.0,1180,1180,1399-10-13
812,ونچر,ص.ج.فيروزه10%تاديه,1,2000,260202000,130001,130101,130101,100,0.08,130101,100,0.08,130101,130101,1399-10-13
813,تملي807,تسهيلات مسكن ب. ملي-مهر98,1,14,9954070,748426,711005,711005,-37421,-5.0,711005,-37421,-5.0,711005,711005,1399-10-13
814,وسكرمان,س.سهام عدالت استان كرمان,1,10000,9800000,1030,980,980,-50,-4.85,1030,0,0.0,980,980,1399-10-13
815,وسيزد,شركت س استان يزد,1,4164,5080080,1280,1220,1220,-60,-4.69,1280,0,0.0,1220,1220,1399-10-13
816,افران2,صندوق س افرا نماد پايدار-ثابت,1,3300000,3300000,12352,1,1,-12351,-99.99,1,-12351,-99.99,1,1,1399-10-13
817,اراد214,مرابحه عام دولت2ش.خ صادرات0212,1,28806733,27103448491176,1000000,940872,940872,-59128,-5.91,940872,-59128,-5.91,940872,940872,1399-10-13
818,تملي801,تسهيلات مسكن ب. ملي-فروردين98,1,1,564191,593885,564191,564191,-29694,-5.0,564191,-29694,-5.0,564191,564191,1399-10-13
819,ضبدر1149,اختيارخ شبندر-28000-1399/11/19,1,20,50000000,5244,2500,2500,-2744,-52.33,2500,-2744,-52.33,2500,2500,1399-10-13
820,هصيكو402,اختيارف ت تاصيكو13500-00/02/20,1,20,45980,1464,2299,2299,835,57.04,2299,835,57.04,2299,2299,1399-10-13
821,اراد324,مرابحه عام دولت3-ش.خ0211,1,37944,32631840000,1000000,860000,860000,-140000,-14.0,860000,-140000,-14.0,860000,860000,1399-10-13
822,سميعا002,سلف موازي استاندارد سميعا002,1,185000,231134190000,1229278,1249374,1249374,20096,1.63,1249374,20096,1.63,1249374,1249374,1399-10-13
823,ضمخا7075,اختيارخ اخابر-9000-1400/07/28,1,2,15700000,7979,7850,7850,-129,-1.62,7850,-129,-1.62,7850,7850,1399-10-13
824,ونيكي2,سرمايه‌گذاري‌ ملي‌ايران‌,1,3000000,55380000000,18460,18460,18460,0,0.0,18460,0,0.0,18460,18460,1399-10-13
825,شلرد02,كود شيميايي اوره لردگان,1,300,297600000,996364,992000,992000,-4364,-0.44,992000,-4364,-0.44,992000,992000,1399-10-13
826,ضپيك2010,اختيارخ تاپيكو-12000-00/02/19,1,1,4000000,4284,4000,4000,-284,-6.63,4000,-284,-6.63,4000,4000,1399-10-13
827,ضخوز1013,اختيارخ فخوز-10667-1399/10/16,1,1,7247625,4000,2761,2761,-1239,-30.98,2761,-1239,-30.98,2761,2761,1399-10-13
828,اشاد10,مشاركت دولتي10-شرايط خاص001226,1,1500,1426500000,950000,951000,951000,1000,0.11,951000,1000,0.11,951000,951000,1399-10-13
829,ضغدر1126,اختيارخ وغدير-6000-1399/11/26,1,1,6000000,6775,6000,6000,-775,-11.44,6000,-775,-11.44,6000,6000,1399-10-13
830,ضفلا1152,اختيارخ فولاد-9000-1399/11/28,1,10,45000000,6100,4500,4500,-1600,-26.23,4500,-1600,-26.23,4500,4500,1399-10-13
831,ضمخا1027,اختيارخ اخابر-20000-1399/10/30,1,1,300000,1000,300,300,-700,-70.0,300,-700,-70.0,300,300,1399-10-13
832,ثنوسا2,نوسازي‌وساختمان‌تهران‌,1,10000000,149000000000,15140,14900,14900,-240,-1.59,14900,-240,-1.59,14900,14900,1399-10-13
833,اراد50,مرابحه عام دولت5-ش.خ0302,1,15000,15000000000,1000037,1000000,1000000,-37,0.0,1000000,-37,0.0,1000000,1000000,1399-10-13
834,تايرا2,تراكتورسازي‌ايران‌,1,2000000,75000000000,36700,37500,37500,800,2.18,37500,800,2.18,37500,37500,1399-10-13
835,صمعاد4122,صكوك اجاره معادن412-6ماهه21%,1,50000,48500000000,980100,970000,970000,-10100,-1.03,970000,-10100,-1.03,970000,970000,1399-10-13
836,تبريز112,مشاركت شهرداري تبريز-3ماهه18%,1,300,285000000,926751,950000,950000,23249,2.51,950000,23249,2.51,950000,950000,1399-10-13
837,اخزا720,اسنادخزانه-م20بودجه97-000324,1,5177,4778376177,920441,923001,923001,2560,0.28,923001,2560,0.28,923001,923001,1399-10-13
838,گواهي ظرفيت,گواهي ظرفيت نقدي,1,9000000,95751000000,10639,10639,10639,0,0.0,10639,0,0.0,10639,10639,1399-10-13
839,خكاوه2,سايپا ديزل,1,25000000,133800000000,5517,5352,5352,-165,-2.99,5352,-165,-2.99,5352,5352,1399-10-13
840,ضپار1116,اختيارخ خپارس-6000-1399/11/19,1,5,10000000,3100,2000,2000,-1100,-35.48,2000,-1100,-35.48,2000,2000,1399-10-13
841,ضپاس1007,اختيارخ وپارس-6000-1399/10/30,1,1,3000,15,3,3,-12,-80.0,3,-12,-80.0,3,3,1399-10-13
842,دكوثر2,داروسازي‌ كوثر,1,9870000,247539600000,26400,25080,25080,-1320,-5.0,25080,-1320,-5.0,25080,25080,1399-10-13
843,افاد4,منفعت دولتي4-شرايط خاص14010729,1,1000,1032000000,1000000,1032000,1032000,32000,3.2,1032000,32000,3.2,1032000,1032000,1399-10-13
844,اراد22,مرابحه عام دولت2-ش.خ لوتوس0212,1,5000,4645000000,896000,929000,929000,33000,3.68,929000,33000,3.68,929000,929000,1399-10-13
845,اخزا8182,اسنادخزانه-م18بودجه98-010614,1,170073,127044531000,742103,747000,747000,4897,0.66,747000,4897,0.66,747000,747000,1399-10-13
846,اراد544,مرابحه عام دولت5-ش.خ 0109,1,7000000,6635944000000,944500,947992,947992,3492,0.37,947992,3492,0.37,947992,947992,1399-10-13
847,تماوند2,تامين سرمايه دماوند,1,13412103,263507587641,19647,19647,19647,0,0.0,19647,0,0.0,19647,19647,1399-10-13
848,وسخراج,شركت س استان خراسان جنوبي,1,2400,5064000,2220,2110,2110,-110,-4.95,2220,0,0.0,2110,2110,1399-10-13
849,اخزا722,اسنادخزانه-م22بودجه97-000428,1,441,397849032,901727,902152,902152,425,0.05,902152,425,0.05,902152,902152,1399-10-13
850,كشم0001پ01,كشمش سبز0001خليل آباد(پ),1,14,5350492,371270,382178,382178,10908,2.94,382178,10908,2.94,382178,382178,1399-10-13
851,تملي809,تسهيلات مسكن ب. ملي-آذر98,1,20,5066840,241279,253342,253342,12063,5.0,253342,12063,5.0,253342,253342,1399-10-13
852,مكرج112,مشاركت شهرداري كرج-3ماهه18%,1,50,47900000,948000,958000,958000,10000,1.05,958000,10000,1.05,958000,958000,1399-10-13
853,ضمخا1023,اختيارخ اخابر-12000-1399/10/30,1,1,1350000,1938,1350,1350,-588,-30.34,1350,-588,-30.34,1350,1350,1399-10-13
854,رايان911,مشاركت رايان سايپا-3ماهه18%,1,100,100000000,999855,1000000,1000000,145,0.01,1000000,145,0.01,1000000,1000000,1399-10-13
