,نماد,نام,تعداد,حجم,ارزش,دیروز,اولین,آخرین معامله - مقدار,آخرین معامله - تغییر,آخرین معامله - درصد,قیمت پایانی - مقدار,قیمت پایانی - تغییر,قیمت پایانی - درصد,کمترین,بیشترین,تاریخ
0,شستا,سرمايه گذاري تامين اجتماعي,85825,215861599,9912091755160,47460,48400,45090,-2370,-4.99,45920,-1540,-3.24,45090,49830,1399-6-1
1,فولاد,فولاد مباركه اصفهان,82507,369911387,6500552570430,17180,17800,17580,400,2.33,17570,390,2.27,16350,18030,1399-6-1
2,خساپا,سايپا,73083,1434611552,5362649821050,3810,3900,3670,-140,-3.67,3740,-70,-1.84,3620,4000,1399-6-1
3,فملي,ملي‌ صنايع‌ مس‌ ايران‌,72353,273713822,7655588046070,26830,28170,28170,1340,4.99,27970,1140,4.25,26820,28170,1399-6-1
4,شپنا,پالايش نفت اصفهان,71781,276042457,10175276907350,37910,39600,36020,-1890,-4.99,36860,-1050,-2.77,36020,39800,1399-6-1
5,غزر,صنعتي زر ماكارون,60999,10533085,861606353000,77910,81800,81800,3890,4.99,81800,3890,4.99,81800,81800,1399-6-1
6,شبندر,پالايش نفت بندرعباس,54441,120277315,5046431742000,41860,43950,41150,-710,-1.7,41960,100,0.24,40000,43950,1399-6-1
7,وپارس,بانك‌پارسيان‌,48576,1264991339,7514437235750,5680,5960,5960,280,4.93,5940,260,4.58,5400,5960,1399-6-1
8,وبصادر,بانك صادرات ايران,40409,931416270,3289803479780,3640,3740,3480,-160,-4.4,3530,-110,-3.02,3460,3820,1399-6-1
9,شتران,پالايش نفت تهران,37031,109900442,4043597454980,37910,38500,36020,-1890,-4.99,36790,-1120,-2.95,36020,39690,1399-6-1
10,خودرو,ايران‌ خودرو,36460,627052325,2788570046190,4610,4610,4380,-230,-4.99,4450,-160,-3.47,4380,4800,1399-6-1
11,وتجارت,بانك تجارت,34578,851448960,2638294484870,3230,3230,3070,-160,-4.95,3100,-130,-4.02,3070,3340,1399-6-1
12,آبادا,توليد نيروي برق آبادان,32996,2310650,76829112500,31670,33250,33250,1580,4.99,33250,1580,4.99,33250,33250,1399-6-1
13,ذوب,سهامي ذوب آهن  اصفهان,27569,203452896,1558520842581,7985,8001,7586,-399,-5.0,7660,-325,-4.07,7586,8220,1399-6-1
14,خبهمن,گروه‌بهمن‌,19973,83222058,3466120443790,40040,42040,40440,400,1.0,41650,1610,4.02,39870,42040,1399-6-1
15,صبا,سرمايه گذاري صبا تامين,19901,41456025,1352284854977,33984,34240,32289,-1695,-4.99,32620,-1364,-4.01,32285,35610,1399-6-1
16,دارا يكم,صندوق واسطه گري مالي يكم-سهام,19493,3500093,642428171690,183140,186870,188500,5360,2.93,183550,410,0.22,179000,188700,1399-6-1
17,خگستر,گسترش‌سرمايه‌گذاري‌ايران‌خودرو,16354,121292239,980800648670,8380,8010,7970,-410,-4.89,8090,-290,-3.46,7970,8380,1399-6-1
18,وبانك,سرمايه گذاري گروه توسعه ملي,15918,99090528,2207717554840,22610,23740,21500,-1110,-4.91,22280,-330,-1.46,21480,23740,1399-6-1
19,وغدير,سرمايه‌گذاري‌غدير(هلدينگ‌,14919,103410119,1833886854900,18430,18420,17510,-920,-4.99,17730,-700,-3.8,17510,19000,1399-6-1
20,پترول,گروه پتروشيمي س. ايرانيان,14670,70938471,1044374095120,15200,15440,14440,-760,-5.0,14720,-480,-3.16,14440,15950,1399-6-1
21,شپلي,پلي اكريل ايران,14570,199370443,2335040637820,11459,11802,11800,341,2.98,11712,253,2.21,11118,11802,1399-6-1
22,امين,تامين سرمايه امين,13618,2443010,30562055100,11920,12510,12510,590,4.95,12260,340,2.85,12510,12510,1399-6-1
23,فخوز,فولاد  خوزستان,13572,61109505,2509914845740,39320,41280,41280,1960,4.98,41070,1750,4.45,39000,41280,1399-6-1
24,فارس,صنايع پتروشيمي خليج فارس,13271,54972413,1521234453620,28750,29010,27320,-1430,-4.97,27670,-1080,-3.76,27320,29990,1399-6-1
25,دي,بانك دي,12352,30856993,1868678536354,62404,61210,59284,-3120,-5.0,60559,-1845,-2.96,59284,64850,1399-6-1
26,شگويا,پتروشيمي تندگويان,11972,33414372,678739046550,20836,20600,19795,-1041,-5.0,20313,-523,-2.51,19795,21370,1399-6-1
27,ولپارس,ليزينگ پارسيان,11532,943646,3482053740,3520,3690,3690,170,4.83,3530,10,0.28,3690,3690,1399-6-1
28,گدنا,تهيه توزيع غذاي دنا آفرين فدك,10944,102187,643778100,6000,6300,6300,300,5.0,6004,4,0.07,6300,6300,1399-6-1
29,ماديرا,صنايع ماشين هاي اداري ايران,10636,20709105,1096528946031,50979,53000,53370,2391,4.69,52949,1970,3.86,49100,53527,1399-6-1
30,وآيند,بانك  آينده,10247,214623539,6738331081599,32000,31360,31360,-640,-2.0,31396,-604,-1.89,31360,32400,1399-6-1
31,حكشتي,كشتيراني جمهوري اسلامي ايران,10130,15590279,1038792744990,68730,68200,65300,-3430,-4.99,66630,-2100,-3.06,65300,71980,1399-6-1
32,ثبهساز,بهساز كاشانه تهران,9940,17754731,47760226390,2570,2690,2690,120,4.67,2680,110,4.28,2690,2690,1399-6-1
33,ومعادن,توسعه‌معادن‌وفلزات‌,9604,87390032,1446683975490,17240,17250,16520,-720,-4.18,16550,-690,-4.0,16380,18090,1399-6-1
34,زملارد,كشاورزي و دامپروري ملارد شير,9157,63892,1443064712,21511,22586,22586,1075,5.0,21541,30,0.14,22586,22586,1399-6-1
35,بجهرم,توسعه مولد نيروگاهي جهرم,9034,50504150,303362744164,6248,6202,5936,-312,-4.99,6007,-241,-3.86,5936,6500,1399-6-1
36,شبريز,پالايش نفت تبريز,8911,14732491,673914223040,47370,48690,45010,-2360,-4.98,45740,-1630,-3.44,45010,49730,1399-6-1
37,بركت,گروه دارويي بركت,7865,18063513,526072981290,29990,29100,28500,-1490,-4.97,29120,-870,-2.9,28500,31480,1399-6-1
38,شاروم,پتروشيمي اروميه,7632,124007,844487670,6486,6810,6810,324,5.0,6491,5,0.08,6810,6810,1399-6-1
39,كرمان,س. توسعه و عمران استان كرمان,7341,7193410,908556136106,124852,130500,124000,-852,-0.68,126304,1452,1.16,118610,131094,1399-6-1
40,سيتا,سرمايه گذاري سيمان تامين,7172,7572013,234202362090,32550,30930,30930,-1620,-4.98,30930,-1620,-4.98,30930,30930,1399-6-1
41,خپارس,پارس‌ خودرو,7163,40605247,546450314460,13940,14120,13250,-690,-4.95,13460,-480,-3.44,13250,14600,1399-6-1
42,ونوين,بانك‌اقتصادنوين‌,6960,118803455,642284032160,5610,5550,5330,-280,-4.99,5410,-200,-3.57,5330,5890,1399-6-1
43,بترانس,ايران‌ ترانسفو,6788,14853830,807688953820,56710,56710,53880,-2830,-4.99,54380,-2330,-4.11,53880,59180,1399-6-1
44,اخابر,مخابرات ايران,6379,67879212,1783777187810,27210,26850,25850,-1360,-5.0,26280,-930,-3.42,25850,27910,1399-6-1
45,بگيلان,توسعه مسير برق گيلان,6326,335550,9652431300,27397,28766,28766,1369,5.0,27649,252,0.92,28766,28766,1399-6-1
46,تاپيكو,س. نفت و گاز و پتروشيمي تأمين,6284,45853096,918098477950,20890,20090,19850,-1040,-4.98,20020,-870,-4.16,19850,21500,1399-6-1
47,وخارزم,سرمايه گذاري خوارزمي,6223,63961590,1122617466850,18440,17520,17520,-920,-4.99,17550,-890,-4.83,17520,17970,1399-6-1
48,كگل,معدني و صنعتي گل گهر,6200,29295197,544082822520,17940,18820,18290,350,1.95,18570,630,3.51,17940,18830,1399-6-1
49,ختوقا,قطعات‌ اتومبيل‌ ايران‌,6002,33902022,204078821050,6210,6250,5900,-310,-4.99,6020,-190,-3.06,5900,6500,1399-6-1
50,غگل,گلوكوزان‌,5822,28190977,294156354420,10690,10870,10160,-530,-4.96,10430,-260,-2.43,10160,11100,1399-6-1
51,ثشاهد,سرمايه‌ گذاري‌ شاهد,5815,9427848,642814037560,70540,67500,67020,-3520,-4.99,68180,-2360,-3.35,67020,73000,1399-6-1
52,رافزا,رايان هم افزا,5790,52742,1472556640,26591,27920,27920,1329,5.0,26628,37,0.14,27920,27920,1399-6-1
53,كمند,صندوق س. با درآمد ثابت كمند,5582,268695107,2728132506560,10170,10160,10160,-10,-0.1,10150,-20,-0.2,10140,10190,1399-6-1
54,كنور,توسعه معدني و صنعتي صبانور,5523,7784856,405101790710,49100,52300,51900,2800,5.7,52040,2940,5.99,50500,54500,1399-6-1
55,كاما,باما,5183,3160975,737870730410,239790,251000,227810,-11980,-5.0,233430,-6360,-2.65,227810,251000,1399-6-1
56,غسالم,سالمين‌,4968,18095533,141530387520,8150,8370,7750,-400,-4.91,7820,-330,-4.05,7750,8370,1399-6-1
57,فروي,ذوب روي اصفهان,4658,5996964,452517878183,78273,81990,74360,-3913,-5.0,75458,-2815,-3.6,74360,82000,1399-6-1
58,كاوه,فولاد كاوه جنوب كيش,4540,32214697,564956565690,16950,17700,17690,740,4.37,17540,590,3.48,16440,17790,1399-6-1
59,پارسان,گسترش نفت و گاز پارسيان,4449,25303437,735960318360,30310,30310,28800,-1510,-4.98,29090,-1220,-4.03,28800,31790,1399-6-1
60,كچاد,معدني‌وصنعتي‌چادرملو,4328,18263401,312909818410,17670,17750,17030,-640,-3.62,17130,-540,-3.06,16790,18150,1399-6-1
61,غگيلا,شيرپاستوريزه پگاه گيلان,4281,68787,1073627496,14865,15608,15608,743,5.0,14880,15,0.1,15608,15608,1399-6-1
62,شگل,گلتاش‌,4094,16684121,582346948300,33970,35660,33690,-280,-0.82,34900,930,2.74,32280,35660,1399-6-1
63,ودي,بيمه  دي,4028,16589095,471161897258,27521,28600,28500,979,3.56,28402,881,3.2,27200,28897,1399-6-1
64,ثاخت,بين‌المللي‌توسعه‌ساختمان,4028,25669363,175715045230,7120,7050,6770,-350,-4.92,6850,-270,-3.79,6770,7370,1399-6-1
65,حكشتيح,ح . كشتيراني ج. ا. ا,3999,7333149,375782317930,53580,56000,49020,-4560,-8.51,51240,-2340,-4.37,48510,58500,1399-6-1
66,پترولح,ح . گروه پتروشيمي س. ايرانيان,3984,26899762,350252167900,13300,14280,12840,-460,-3.46,13020,-280,-2.11,12000,14280,1399-6-1
67,وپاسار,بانك  پاسارگاد,3949,50075793,561976278800,11690,11610,11110,-580,-4.96,11220,-470,-4.02,11110,11880,1399-6-1
68,وگردش,بانك گردشگري,3922,59262553,1266269739051,21918,21290,21261,-657,-3.0,21367,-551,-2.51,21261,22560,1399-6-1
69,مرقام,ايران‌ارقام‌,3917,5127452,187466273190,37930,39000,36040,-1890,-4.98,36560,-1370,-3.61,36040,39000,1399-6-1
70,سرچشمه,سرمايه گذاري مس سرچشمه,3914,22739412,254478222132,10823,11364,11364,541,5.0,11191,368,3.4,10800,11364,1399-6-1
71,فسپا,گروه‌صنعتي‌سپاهان‌,3882,20471288,1190292546760,58590,56200,61510,2920,4.98,58140,-450,-0.77,55670,61510,1399-6-1
72,ثاختح,ح . بين‌المللي‌توسعه‌ساختمان,3882,34379590,181851640560,5520,5600,5160,-360,-6.52,5290,-230,-4.17,5030,5980,1399-6-1
73,فسازان,غلتك سازان سپاهان,3845,10129501,421060737980,39950,41940,41550,1600,4.01,41570,1620,4.06,38010,41940,1399-6-1
74,فاراك,ماشين‌ سازي‌ اراك‌,3768,31087779,488514932780,16240,16100,15430,-810,-4.99,15710,-530,-3.26,15430,16700,1399-6-1
75,وصنعت,سرمايه گذاري توسعه صنعت وتجارت,3760,19474135,230980457080,12360,12360,11750,-610,-4.94,11860,-500,-4.05,11750,12900,1399-6-1
76,وساپا,سرمايه‌گذاري‌ سايپا,3756,19516861,322415075110,17200,16360,16340,-860,-5.0,16520,-680,-3.95,16340,17500,1399-6-1
77,وايران,ليزينگ ايرانيان,3738,23298053,344486074240,15370,14610,14610,-760,-4.94,14790,-580,-3.77,14610,16100,1399-6-1
78,شيران,س. صنايع‌شيميايي‌ايران,3699,12239275,494315850060,38570,40000,40490,1920,4.98,40390,1820,4.72,38880,40490,1399-6-1
79,حتايد,تايدواترخاورميانه,3681,22170853,580334209200,25530,26770,26800,1270,4.97,26180,650,2.55,24260,26800,1399-6-1
80,خزاميا,زامياد,3675,18811398,431997302050,24110,22910,22910,-1200,-4.98,22960,-1150,-4.77,22910,23800,1399-6-1
81,حريل,ريل پردازسير,3618,23700770,139381143527,6121,6200,5815,-306,-5.0,5881,-240,-3.92,5815,6400,1399-6-1
82,كويرح,ح. توليدي فولاد سپيد فراب كوير,3612,12331795,164198063540,13870,14500,12930,-940,-6.78,13320,-550,-3.97,12490,15100,1399-6-1
83,ولشرق,ليزينگ ايران و شرق,3579,35182258,442978966454,12542,13160,11915,-627,-5.0,12591,49,0.39,11915,13169,1399-6-1
84,خمحركه,نيرو محركه‌,3522,11055255,145905030400,13830,13140,13140,-690,-4.99,13200,-630,-4.56,13140,13600,1399-6-1
85,ولساپا,ليزينگ رايان‌ سايپا,3369,22912135,146373057040,6610,6460,6280,-330,-4.99,6390,-220,-3.33,6280,6880,1399-6-1
86,دماوند,توليد نيروي برق دماوند,3252,4187843,250449188441,61946,61010,58849,-3097,-5.0,59804,-2142,-3.46,58849,62946,1399-6-1
87,قشرين,قند شيرين خراسان,3168,19159346,413976763322,21431,22073,22073,642,3.0,21607,176,0.82,20789,22073,1399-6-1
88,نوري,پتروشيمي نوري,3147,1598033,243281061780,153880,155000,150130,-3750,-2.44,152240,-1640,-1.07,147000,161570,1399-6-1
89,قرن,پديده شيمي قرن,3133,3662948,215354405810,59100,60000,58150,-950,-1.61,58790,-310,-0.52,56210,61000,1399-6-1
90,كسعدي,كاشي‌ سعدي‌,3130,4850396,384422094630,79670,82980,75690,-3980,-5.0,79260,-410,-0.51,75690,83650,1399-6-1
91,تملت,تامين سرمايه بانك ملت,3123,11716057,212416882290,18760,18720,17830,-930,-4.96,18130,-630,-3.36,17830,19190,1399-6-1
92,ما,بيمه  ما,3084,11890975,248308638200,20710,21680,21100,390,1.88,20880,170,0.82,19680,21740,1399-6-1
93,وزمين,بانك ايران زمين,2975,40342273,817442874806,20184,20587,19781,-403,-2.0,20263,79,0.39,19781,20587,1399-6-1
94,آگاس,صندوق س.هستي بخش آگاه-س,2962,1636238,505520171227,301261,311494,303000,1739,0.58,308953,7692,2.55,293000,319900,1399-6-1
95,فرابورس,فرابورس ايران,2930,2769571,159225435369,59531,59530,56555,-2976,-5.0,57491,-2040,-3.43,56555,62507,1399-6-1
96,ستران,سيمان‌ تهران‌,2857,4006927,220819721050,57340,57400,54490,-2850,-4.97,55110,-2230,-3.89,54480,60200,1399-6-1
97,ومهان,گروه توسعه مالي مهر آيندگان,2803,11223435,229290447906,21352,20830,20285,-1067,-5.0,20430,-922,-4.32,20285,21940,1399-6-1
98,ثفارس,عمران‌وتوسعه‌فارس‌,2781,12832643,196854363680,15880,15840,15090,-790,-4.97,15340,-540,-3.4,15090,16450,1399-6-1
99,شلرد,كود شيميايي اوره لردگان,2780,15121206,227420033807,15396,14970,14935,-461,-2.99,15040,-356,-2.31,14935,15750,1399-6-1
100,غپينو,پارس‌ مينو,2771,12300627,104875538140,8850,8820,8410,-440,-4.97,8530,-320,-3.62,8410,9100,1399-6-1
101,سمگا,گروه سرمايه گذاري ميراث فرهنگي,2757,13034240,255731091177,20329,20200,19313,-1016,-5.0,19620,-709,-3.49,19313,21160,1399-6-1
102,وتوسم,سرمايه‌گذاري‌توسعه‌ملي‌,2514,12427449,186850038090,15200,15220,15300,100,0.66,15040,-160,-1.05,14440,15800,1399-6-1
103,كماسه,تامين‌ ماسه‌ ريخته‌گري‌,2502,1745005,148640658510,87750,84600,83370,-4380,-4.99,85180,-2570,-2.93,83370,92130,1399-6-1
104,زكوثر,سرمايه گذاري كشاورزي كوثر,2501,5165263,156913996310,31770,31750,30190,-1580,-4.97,30380,-1390,-4.38,30190,33000,1399-6-1
105,غويتا,ويتانا,2500,3855096,246371745704,65216,68000,61956,-3260,-5.0,63908,-1308,-2.01,61956,68476,1399-6-1
106,سشرق,سيمان‌ شرق‌,2426,12423800,128415891430,10730,11210,10200,-530,-4.94,10340,-390,-3.63,10200,11210,1399-6-1
107,والبر,سرمايه‌ گذاري‌ البرز(هلدينگ‌,2407,7811545,180456424530,24120,23520,22920,-1200,-4.98,23100,-1020,-4.23,22920,25000,1399-6-1
108,ورنا,سرمايه‌گذاري‌ رنا(هلدينگ‌,2379,12328737,180513682160,15190,15000,14440,-750,-4.94,14640,-550,-3.62,14440,15430,1399-6-1
109,كالا,بورس كالاي ايران,2349,3231135,177775873410,56670,55000,53840,-2830,-4.99,55020,-1650,-2.91,53840,59000,1399-6-1
110,امين يكم,صندوق درآمد ثابت امين يكم فردا,2335,58840685,622627772340,10780,10650,10570,-210,-1.95,10580,-200,-1.86,10530,10670,1399-6-1
111,وساخت,سرمايه‌ گذاري‌ ساختمان‌ايران‌,2332,8152021,465935497920,60040,58000,57110,-2930,-4.88,57160,-2880,-4.8,57040,59950,1399-6-1
112,فجام,جام‌دارو,2320,2162331,142989786840,63390,66550,66550,3160,4.99,66130,2740,4.32,60230,66550,1399-6-1
113,وسبحان,سرمايه گذاري سبحان,2294,24045118,269076066723,11687,11350,11105,-582,-4.98,11190,-497,-4.25,11103,12090,1399-6-1
114,كسرام,پارس‌ سرام‌,2283,1021416,141103137650,139400,142000,137000,-2400,-1.72,138140,-1260,-0.9,132530,144500,1399-6-1
115,هرمز,فولاد هرمزگان جنوب,2245,12198757,151056262515,12903,13200,12270,-633,-4.91,12383,-520,-4.03,12258,13250,1399-6-1
116,وشمال,س. چشم انداز توسعه شمال,2218,3192152,336809930890,105482,102318,108646,3164,3.0,105512,30,0.03,102318,108646,1399-6-1
117,كيميا,معدني كيمياي زنجان گستران,2217,3726653,146126690115,37548,39340,39425,1877,5.0,39211,1663,4.43,37710,39425,1399-6-1
118,ولصنم,ليزينگ‌صنعت‌ومعدن‌,2198,9368199,128133794200,13880,14550,13860,-20,-0.14,13680,-200,-1.44,13190,14550,1399-6-1
119,رانفور,خدمات‌انفورماتيك‌,2168,5946635,215110890090,37390,37100,35530,-1860,-4.97,36170,-1220,-3.26,35530,39200,1399-6-1
120,ساوه,سيمان ساوه,2141,562715,49927249168,92888,88244,88244,-4644,-5.0,88726,-4162,-4.48,88244,91999,1399-6-1
121,خودكفا,اقتصادي و خودكفايي آزادگان,2136,959592,152609530382,161216,160000,156380,-4836,-3.0,159036,-2180,-1.35,156380,166052,1399-6-1
122,بپاس,بيمه پاسارگاد,2109,2597555,230382481363,88774,92940,88000,-774,-0.87,88692,-82,-0.09,85000,92940,1399-6-1
123,حفاري,حفاري شمال,2035,6945539,129378347660,19050,19030,18100,-950,-4.99,18630,-420,-2.2,18100,19500,1399-6-1
124,شكلر,نيروكلر,2034,3931203,192873121930,49150,49000,47900,-1250,-2.54,49060,-90,-0.18,46700,51600,1399-6-1
125,البرز,بيمه البرز,2033,13007715,230794146330,18570,17650,17650,-920,-4.95,17740,-830,-4.47,17650,18570,1399-6-1
126,گكوثر,هتل پارسيان كوثر اصفهان,2031,1015835,196614320930,197891,200000,196099,-1792,-0.91,193549,-4342,-2.19,187997,207784,1399-6-1
127,بورس,بورس اوراق بهادار تهران,2028,1953910,209441901120,111370,111500,105810,-5560,-4.99,107190,-4180,-3.75,105810,113500,1399-6-1
128,فولاژ,فولاد آلياژي ايران,1991,3250565,90184375800,27520,28890,28200,680,2.47,27740,220,0.8,26150,28890,1399-6-1
129,ارفع,شركت آهن و فولاد ارفع,1987,7452740,143791480845,19816,19650,18826,-990,-5.0,19294,-522,-2.63,18826,20450,1399-6-1
130,تكمبا,كمباين‌ سازي‌ ايران‌,1923,5630830,67702321120,12580,12500,11960,-620,-4.93,12020,-560,-4.45,11960,13000,1399-6-1
131,آريا,پليمر آريا ساسول,1917,798645,132744382740,174960,166212,166212,-8748,-5.0,166212,-8748,-5.0,166212,166212,1399-6-1
132,وسكاب,س.ص.بازنشستگي كاركنان بانكها,1903,16580041,117293165640,7380,7400,7050,-330,-4.47,7070,-310,-4.2,7020,7640,1399-6-1
133,واميد,گروه مديريت سرمايه گذاري اميد,1893,8410266,337544427580,42060,42000,39960,-2100,-4.99,40130,-1930,-4.59,39960,43500,1399-6-1
134,فوكا,فولاد كاويان,1884,15036408,355814789681,23998,23620,23519,-479,-2.0,23664,-334,-1.39,23519,24470,1399-6-1
135,وگستر,گسترش سرمايه گذاري ايرانيان,1880,6663517,200595334117,28703,29500,30138,1435,5.0,30104,1401,4.88,29000,30138,1399-6-1
136,كهمدا,شيشه‌ همدان‌,1860,3978910,115959699300,30410,29700,28890,-1520,-5.0,29140,-1270,-4.18,28890,31400,1399-6-1
137,همراه,شركت ارتباطات سيار ايران,1850,5710523,338700075340,61650,61140,58570,-3080,-5.0,59310,-2340,-3.8,58570,63200,1399-6-1
138,فزرين,زرين معدن آسيا,1832,5894661,142982723184,25107,26000,24000,-1107,-4.41,24256,-851,-3.39,23852,26350,1399-6-1
139,دتوليد,داروسازي توليد دارو,1830,5160183,294218771876,59555,59000,56578,-2977,-5.0,57017,-2538,-4.26,56578,60550,1399-6-1
140,وصندوق,سرمايه‌گذاري‌صندوق‌بازنشستگي‌,1801,10443439,208593225910,20590,20800,19570,-1020,-4.95,19970,-620,-3.01,19570,21500,1399-6-1
141,شخارك,پتروشيمي‌ خارك‌,1790,2087716,88683093260,43050,43000,40900,-2150,-4.99,42540,-510,-1.18,40900,44990,1399-6-1
142,فخاسح,ح . فولاد خراسان,1788,1536541,47572380260,31690,33500,30120,-1570,-4.95,30960,-730,-2.3,29100,33500,1399-6-1
143,خمحور,توليدمحورخودرو,1779,2449516,176405389580,68810,72250,72250,3440,5.0,72020,3210,4.67,68810,72250,1399-6-1
144,سفارس,سيمان فارس و خوزستان,1767,11040751,256158459660,23880,23100,22690,-1190,-4.98,23200,-680,-2.85,22690,24500,1399-6-1
145,شلعاب,لعابيران‌,1759,2241196,85325268220,36440,38260,38260,1820,4.99,38070,1630,4.47,36400,38260,1399-6-1
146,رتاپ,تجارت الكترونيك  پارسيان,1741,5507248,84587196690,16050,15700,15250,-800,-4.98,15360,-690,-4.3,15250,16500,1399-6-1
147,سفاسي,شركت فارسيت اهواز,1733,12196442,155174685445,13002,12710,12612,-390,-3.0,12723,-279,-2.15,12612,13392,1399-6-1
148,تنوين,تامين سرمايه نوين,1729,12800660,164529579700,13300,13900,12640,-660,-4.96,12850,-450,-3.38,12640,13900,1399-6-1
149,تيپيكو,سرمايه گذاري دارويي تامين,1724,2930250,157017179020,53190,55840,53800,610,1.15,53580,390,0.73,51500,55840,1399-6-1
150,وبيمه,سرمايه‌ گذاري‌ صنعت‌ بيمه‌,1718,8636598,66694731200,8010,8020,7610,-400,-4.99,7720,-290,-3.62,7610,8390,1399-6-1
151,بساما,بيمه سامان,1716,6074417,207315152572,34333,36049,32617,-1716,-5.0,34129,-204,-0.59,32617,36049,1399-6-1
152,لوتوس,تامين سرمايه لوتوس پارسيان,1715,5824605,98994765970,17020,17100,16390,-630,-3.7,17000,-20,-0.12,16170,17860,1399-6-1
153,شاراك,پتروشيمي شازند,1714,4063804,95552233630,24390,25440,23230,-1160,-4.76,23510,-880,-3.61,23180,25440,1399-6-1
154,وتوكا,سرمايه‌گذاري‌توكافولاد(هلدينگ,1710,9475402,129180827770,14290,13950,13580,-710,-4.97,13630,-660,-4.62,13580,14500,1399-6-1
155,فسرب,ملي‌ سرب‌وروي‌ ايران‌,1698,1251597,179015189460,142410,142910,146300,3890,2.73,143030,620,0.44,135290,149530,1399-6-1
156,كحافظ,كاشي‌ وسراميك‌ حافظ‌,1694,9549543,140386171870,14100,14100,14800,700,4.96,14700,600,4.26,14100,14800,1399-6-1
157,دتوزيع,توزيع دارو پخش,1693,872480,54116472916,62076,64990,60500,-1576,-2.54,62026,-50,-0.08,58973,65100,1399-6-1
158,وپست,پست بانك ايران,1686,30481935,511547650550,17620,16740,16740,-880,-4.99,16780,-840,-4.77,16740,17480,1399-6-1
159,تليسه,دامداري تليسه نمونه,1670,1018693,83342755777,84390,85650,80171,-4219,-5.0,81813,-2577,-3.05,80171,88000,1399-6-1
160,وآوا,سرمايه گذاري آوا نوين,1634,4311356,70572881506,16630,16630,16104,-526,-3.16,16369,-261,-1.57,15799,17240,1399-6-1
161,قنيشا,قند  نيشابور,1628,2119913,201417466710,93630,97000,96000,2370,2.53,95010,1380,1.47,90000,98290,1399-6-1
162,قثابت,قند ثابت‌ خراسان‌,1622,1644714,177830652070,111930,111900,106340,-5590,-4.99,108120,-3810,-3.4,106340,116520,1399-6-1
163,سكرد,سيمان كردستان,1617,5558558,69315664480,12650,13200,12020,-630,-4.98,12470,-180,-1.42,12020,13200,1399-6-1
164,دزهراوي,داروسازي‌زهراوي‌,1614,3920093,67468021920,17890,17100,17000,-890,-4.97,17210,-680,-3.8,17000,18780,1399-6-1
165,شصدف,صنعتي دوده فام,1610,137275,2549334025,17687,18571,18571,884,5.0,17730,43,0.24,18571,18571,1399-6-1
166,كبافق,معادن‌ بافق‌,1608,1525128,62429762180,42420,40390,40300,-2120,-5.0,40930,-1490,-3.51,40300,44000,1399-6-1
167,كلر,كلر پارس,1597,782458,69637647255,92054,92060,87452,-4602,-5.0,88999,-3055,-3.32,87452,94870,1399-6-1
168,زاگرس,پتروشيمي زاگرس,1594,985477,149369848115,156080,155000,149990,-6090,-3.9,151571,-4509,-2.89,148276,161500,1399-6-1
169,ثپرديسح,ح.سرمايه گذاري مسكن پرديس,1593,2294944,23441389197,10450,10220,9930,-520,-4.98,10214,-236,-2.26,9928,10972,1399-6-1
170,ثامان,سامان‌ گستراصفهان‌,1582,7005944,181048178170,24710,25940,25940,1230,4.98,25840,1130,4.57,24900,25940,1399-6-1
171,شاوان,پالايش نفت لاوان,1556,1465092,192794298694,132032,132000,130650,-1382,-1.05,131592,-440,-0.33,125800,138633,1399-6-1
172,غدشت,دشت‌ مرغاب‌,1540,1310878,465812843830,362670,380300,344540,-18130,-5.0,355340,-7330,-2.02,344540,380800,1399-6-1
173,شپاكسا,پاكسان‌,1539,3260845,108299202320,34320,35900,33000,-1320,-3.85,33210,-1110,-3.23,32610,35900,1399-6-1
174,ولتجار,واسپاري تجارت وسرمايه ايرانيان,1531,11990385,108953801316,8746,8561,9001,255,2.92,9087,341,3.9,8309,9183,1399-6-1
175,كرازي,كارخانجات‌توليدي‌شيشه‌رازي‌,1509,4615935,83481143520,18870,18460,17930,-940,-4.98,18090,-780,-4.13,17930,19600,1399-6-1
176,افق,فروشگاههاي زنجيره اي افق كوروش,1486,1236234,88952802770,72370,74900,71160,-1210,-1.67,71950,-420,-0.58,70000,74980,1399-6-1
177,آسيا,بيمه آسيا,1457,2457653,91249843050,38540,37010,36620,-1920,-4.98,37130,-1410,-3.66,36620,39800,1399-6-1
178,واتي,سرمايه‌ گذاري‌ آتيه‌ دماوند,1443,8713955,144325131640,16690,16680,16320,-370,-2.22,16560,-130,-0.78,15860,17350,1399-6-1
179,شبهرن,نفت‌ بهران‌,1441,1453212,121078486460,86300,85100,81990,-4310,-4.99,83320,-2980,-3.45,81990,89810,1399-6-1
180,دانا,بيمه دانا,1426,9218491,90036745740,10230,10050,9720,-510,-4.99,9770,-460,-4.5,9720,10250,1399-6-1
181,خكرمان,گروه اقتصادي كرمان خودرو,1422,10471301,112645750417,11006,10700,10676,-330,-3.0,10758,-248,-2.25,10676,11200,1399-6-1
182,وبهمن,سرمايه‌گذاري‌بهمن‌,1392,6899212,169842422980,25650,26880,24370,-1280,-4.99,24620,-1030,-4.02,24370,26880,1399-6-1
183,شسپا,نفت سپاهان,1370,4112831,122605776000,30940,29730,29400,-1540,-4.98,29810,-1130,-3.65,29400,31000,1399-6-1
184,وپترو,سرمايه‌گذاري صنايع پتروشيمي‌,1369,4801733,86558015750,18830,18500,17890,-940,-4.99,18030,-800,-4.25,17890,19490,1399-6-1
185,فجر,فولاد اميركبيركاشان,1368,2930658,156962798550,55620,57640,52990,-2630,-4.73,53560,-2060,-3.7,52840,57640,1399-6-1
186,سيمرغ,سيمرغ,1352,2589634,64173381810,25690,25700,24410,-1280,-4.98,24780,-910,-3.54,24410,26560,1399-6-1
187,شفن,پتروشيمي فناوران,1345,656377,189225256100,298710,300000,300100,1390,0.47,288290,-10420,-3.49,283780,313640,1399-6-1
188,اميد,تامين سرمايه اميد,1333,5819719,157659765730,28020,26620,26620,-1400,-5.0,27090,-930,-3.32,26620,28900,1399-6-1
189,فرآور,فرآوري‌موادمعدني‌ايران‌,1314,2561959,63330006740,24380,24680,25080,700,2.87,24720,340,1.39,23170,25590,1399-6-1
190,ملت,بيمه ملت,1312,5880430,100378896660,17730,18610,16850,-880,-4.96,17070,-660,-3.72,16850,18610,1399-6-1
191,بكهنوج,توليد برق ماهتاب كهنوج,1307,1076776,75639680388,72502,72050,68877,-3625,-5.0,70246,-2256,-3.11,68877,75200,1399-6-1
192,پارند,صندوق س. پارند پايدار سپهر,1303,47805176,555287189100,11660,11690,11600,-60,-0.51,11620,-40,-0.34,11590,11690,1399-6-1
193,خديزل,بهمن  ديزل,1283,1849528,98312892211,53114,51769,53001,-113,-0.21,53156,42,0.08,51010,55700,1399-6-1
194,ثنور,سرمايه گذاري كوه نور,1275,9364810,87452385284,9461,9480,9460,-1,-0.01,9338,-123,-1.3,9178,9700,1399-6-1
195,ختورح,ح . رادياتور ايران‌,1274,1814247,56737266420,30390,31500,30520,130,0.43,31270,880,2.9,30200,33000,1399-6-1
196,وصنا,گروه‌صنايع‌بهشهرايران‌,1272,4928938,65197648200,13650,14290,13280,-370,-2.71,13230,-420,-3.08,12970,14290,1399-6-1
197,كگهر,سنگ آهن گهرزمين,1259,1660122,75950581002,46607,48937,45000,-1607,-3.45,46054,-553,-1.19,44300,48937,1399-6-1
198,جم,پتروشيمي جم,1211,3593779,152407361280,44170,42310,43490,-680,-1.54,42410,-1760,-3.98,41970,44500,1399-6-1
199,پكرمان,گروه‌ صنعتي‌ بارز,1208,5008988,122909298080,25690,25010,24600,-1090,-4.24,24540,-1150,-4.48,24410,26900,1399-6-1
200,شپديس,پتروشيمي پرديس,1208,2329046,221719961340,98240,103000,93330,-4910,-5.0,95200,-3040,-3.09,93330,103000,1399-6-1
201,غبهار,كشت وصنعت بهاران گلبهار خراسان,1206,2445295,119770789734,48692,50152,47232,-1460,-3.0,48980,288,0.59,47232,50152,1399-6-1
202,سپاها,سيمان‌سپاهان‌,1205,5727466,70959935120,12910,13000,12270,-640,-4.96,12390,-520,-4.03,12270,13420,1399-6-1
203,كروي,توسعه‌ معادن‌ روي‌ ايران‌,1184,4874300,239046088490,51400,50000,48830,-2570,-5.0,49040,-2360,-4.59,48830,53300,1399-6-1
204,دفارا,داروسازي‌ فارابي‌,1141,1483109,109441322180,77310,74000,73510,-3800,-4.92,73790,-3520,-4.55,73450,79970,1399-6-1
205,غمارگ,مارگارين‌,1105,2274241,91306759240,41630,41600,39550,-2080,-5.0,40150,-1480,-3.56,39550,42200,1399-6-1
206,مبين,مبين انرژي خليج فارس,1101,5009724,125387696770,26130,26130,24900,-1230,-4.71,25030,-1100,-4.21,24830,27000,1399-6-1
207,خاهن,آهنگري‌ تراكتورسازي‌ ايران‌,1075,2548955,83521994680,33840,34000,32150,-1690,-4.99,32770,-1070,-3.16,32150,35000,1399-6-1
208,وسپه,سرمايه‌گذاري‌ سپه‌,1073,5594703,91114832740,16890,16200,16050,-840,-4.97,16290,-600,-3.55,16050,17400,1399-6-1
209,خريخت,صنايع‌ريخته‌گري‌ايران‌,1066,6494471,45111163870,7180,7000,6830,-350,-4.87,6960,-220,-3.06,6830,7500,1399-6-1
210,بخاور,بيمه زندگي خاورميانه,1057,5558021,46224332713,8489,8830,8458,-31,-0.37,8326,-163,-1.92,8065,8830,1399-6-1
211,شرنگي,شيميايي رنگين,1055,877140,113470392577,112256,128000,124160,11904,10.6,129364,17108,15.24,124160,131840,1399-6-1
212,بكاب,صنايع‌جوشكاب‌يزد,1054,408930,52489753390,125630,130000,131910,6280,5.0,128360,2730,2.17,120000,131910,1399-6-1
213,گوهران,سرمايه گذاري توسعه گوهران اميد,1044,3820466,40026439059,10721,10898,10300,-421,-3.93,10521,-200,-1.87,10185,11237,1399-6-1
214,ريشمك,توليد و صادرات ريشمك,1043,1486125,56379138204,39509,38200,37534,-1975,-5.0,37937,-1572,-3.98,37534,40850,1399-6-1
215,حفارس,حمل و نقل بين المللي خليج فارس,1036,6303728,45507697360,7520,7400,7150,-370,-4.92,7230,-290,-3.86,7150,7480,1399-6-1
216,تاپكيش,تجارت الكترونيك پارسيان كيش,1031,2953958,120155176899,42574,41934,40500,-2074,-4.87,40676,-1898,-4.46,40446,42360,1399-6-1
217,بموتو,موتوژن‌,1030,1163775,61974934410,55320,56400,52580,-2740,-4.95,53250,-2070,-3.74,52560,57920,1399-6-1
218,سدور,سيمان‌ دورود,1027,4584010,46116786430,10470,10270,9950,-520,-4.97,10080,-390,-3.72,9950,10900,1399-6-1
219,شوينده,مديريت صنعت شوينده ت.ص.بهشهر,1021,1741997,74877517500,44580,46800,42520,-2060,-4.62,42980,-1600,-3.59,42360,46800,1399-6-1
220,فالوم,آلومتك‌,1020,2040916,80697274418,39702,40893,38511,-1191,-3.0,39540,-162,-0.41,38511,40893,1399-6-1
221,داوه,داروسازي آوه سينا,1014,1234269,29227482651,24621,24622,23390,-1231,-5.0,24049,-572,-2.32,23390,25580,1399-6-1
222,لازما,كارخانه هاي صنعتي آزمايش,1008,2478814,87803020486,35678,34971,35200,-478,-1.34,35421,-257,-0.72,34965,36390,1399-6-1
223,ومعلم,بيمه معلم,1007,2766175,49606842403,17440,18120,18000,560,3.21,17916,476,2.73,17440,18312,1399-6-1
224,اعتماد,صندوق س.اعتماد آفرين پارسيان-د,1005,32576110,1042417340890,31947,32000,31978,31,0.1,31999,52,0.16,31978,32100,1399-6-1
225,تكشاح,ح . صنايع‌وخدمات‌كشاورزي‌,1002,2515290,109201093090,42800,42600,43000,200,0.47,43410,610,1.43,42000,45500,1399-6-1
226,وبوعلي,سرمايه‌گذاري‌بوعلي‌,1002,4835790,56326729420,12170,11590,11570,-600,-4.93,11650,-520,-4.27,11570,12350,1399-6-1
227,آپ,آسان پرداخت پرشين,997,2545711,73468002290,30180,30550,28680,-1500,-4.97,28860,-1320,-4.37,28680,31200,1399-6-1
228,خرينگ,رينگ‌سازي‌مشهد,997,1180740,41331662700,36050,37840,34330,-1720,-4.77,35160,-890,-2.47,34250,37850,1399-6-1
229,غديس,پاكديس,991,1076903,51939510394,49882,50540,47388,-2494,-5.0,48230,-1652,-3.31,47388,52350,1399-6-1
230,واحيا,م .صنايع و معادن احياء سپاهان,985,1038041,211923133240,203988,202010,203480,-508,-0.25,204157,169,0.08,197900,210107,1399-6-1
231,وبشهر,توسعه‌ صنايع‌ بهشهر(هلدينگ,982,4200954,96202186140,23640,23610,22460,-1180,-4.99,22900,-740,-3.13,22460,24000,1399-6-1
232,ونفت,سرمايه‌گذاري‌ صنعت‌ نفت‌,981,3301081,66097460990,20360,20360,19350,-1010,-4.96,20020,-340,-1.67,19350,21300,1399-6-1
233,غنوش,نوش‌ مازندران‌,981,1095398,133277074660,128070,121670,121670,-6400,-5.0,121670,-6400,-5.0,121670,121670,1399-6-1
234,پارسيان,بيمه پارسيان,978,5711968,95735247530,17440,17000,16570,-870,-4.99,16760,-680,-3.9,16570,18290,1399-6-1
235,كوير,توليدي فولاد سپيد فراب كوير,977,2816471,52609478220,19480,18600,18510,-970,-4.98,18960,-520,-2.67,18510,20000,1399-6-1
236,وكار,بانك‌ كارآفرين‌,973,4491939,68268943150,14760,14580,15490,730,4.95,15200,440,2.98,14320,15490,1399-6-1
237,ارزش,صندوق س ارزش آفرين بيدار-سهام,971,3918445,40753902480,10310,10450,10500,190,1.84,10400,90,0.87,10280,10540,1399-6-1
238,پكوير,كوير تاير,958,1410263,25911593690,19240,18600,18280,-960,-4.99,18770,-470,-2.44,18280,19240,1399-6-1
239,سمازن,سيمان‌مازندران‌,957,2992593,36315375130,12620,12480,11990,-630,-4.99,12250,-370,-2.93,11990,13100,1399-6-1
240,اپرداز,آتيه داده پرداز,951,5467791,197986697463,37657,37650,35775,-1882,-5.0,36210,-1447,-3.84,35775,39000,1399-6-1
241,سيدكو,سرمايه گذاري توسعه صنايع سيمان,949,4226968,42612919420,10530,10160,10010,-520,-4.94,10130,-400,-3.8,10010,10980,1399-6-1
242,وهور,مديريت انرژي اميد  تابان هور,948,9635771,396540883963,39194,41153,41153,1959,5.0,41153,1959,5.0,41153,41153,1399-6-1
243,قجام,فرآوردههاي غذايي وقندتربت‌جام‌,941,5333916,122556371976,23365,23949,23953,588,2.52,22977,-388,-1.66,22665,23953,1399-6-1
244,سخوز,سيمان خوزستان,941,5151662,113780368000,23040,23000,21890,-1150,-4.99,22090,-950,-4.12,21890,24000,1399-6-1
245,آكورد,صندوق س. آرمان آتي كوثر-د,940,6831434,194380524502,28420,28498,28502,82,0.29,28454,34,0.12,28402,28540,1399-6-1
246,مارون,پتروشيمي مارون,940,733342,93863867717,132241,128123,130000,-2241,-1.69,128123,-4118,-3.11,125629,137948,1399-6-1
247,كرماشا,صنايع پتروشيمي كرمانشاه,939,1460982,56871395140,39510,40510,39000,-510,-1.29,38930,-580,-1.47,37540,41480,1399-6-1
248,افقح,ح .فروشگاه زنجيره اي افق كوروش,932,1296757,77954438893,59340,63000,60500,1160,1.95,60115,775,1.31,58200,63000,1399-6-1
249,خاذين,سايپاآذين‌,922,6092127,61858477910,10680,10150,10150,-530,-4.96,10150,-530,-4.96,10150,10230,1399-6-1
250,پاكشو,گروه صنعتي پاكشو,903,784032,45472437590,59160,60000,56500,-2660,-4.5,58590,-570,-0.96,56210,61000,1399-6-1
251,شرانل,نفت ايرانول,902,1747997,56519457619,33793,32150,32104,-1689,-5.0,32334,-1459,-4.32,32104,34400,1399-6-1
252,نوين,بيمه نوين,891,4489561,31145704538,7203,7000,6843,-360,-5.0,7031,-172,-2.39,6843,7500,1399-6-1
253,خمهر,مهركام‌پارس‌,886,4909535,51694561320,10760,10500,10230,-530,-4.93,10530,-230,-2.14,10230,11290,1399-6-1
254,قچار,فراوردههاي غذايي وقند چهارمحال,882,687545,139545250806,212096,212096,201492,-10604,-5.0,202962,-9134,-4.31,201492,212096,1399-6-1
255,غگرجي,بيسكويت‌  گرجي‌,860,1017405,44186795980,45360,47290,43100,-2260,-4.98,43580,-1780,-3.92,43100,47290,1399-6-1
256,اطلس,صندوق س.توسعه اندوخته آينده-س,856,570799,119113734145,207368,210000,204950,-2418,-1.17,208679,1311,0.63,204000,218290,1399-6-1
257,تسه9904,امتياز تسهيلات مسكن تير99,846,42323,30912573536,712468,712468,748090,35622,5.0,730397,17929,2.52,712222,748091,1399-6-1
258,ثمسكن,سرمايه‌گذاري‌ مسكن‌,842,7780761,81642294020,10920,10500,10380,-540,-4.95,10490,-430,-3.94,10380,10960,1399-6-1
259,كاريس,صندوق س.سپهر كاريزما-س,825,556300,128256004041,226324,233999,227880,1556,0.69,230552,4228,1.87,225002,240000,1399-6-1
260,غشهد,شهد ايران ‌,813,2061082,19589718540,9890,10000,9400,-490,-4.95,9730,-160,-1.62,9400,10000,1399-6-1
261,وپويا,سرمايه گذاري پويا,804,2739130,42272993290,16245,15433,15433,-812,-5.0,15522,-723,-4.45,15433,15433,1399-6-1
262,جم پيلن,پلي پروپيلن جم - جم پيلن,798,879475,73335975070,87190,83560,82840,-4350,-4.99,83390,-3800,-4.36,82840,90000,1399-6-1
263,بالبر,كابل‌ البرز,798,1460262,43723878030,28940,30380,29910,970,3.35,29790,850,2.94,27700,30380,1399-6-1
264,پلاسك,پلاسكوكار,798,3209949,33270422080,10790,10410,10260,-530,-4.91,10500,-290,-2.69,10260,11300,1399-6-1
265,خصدرا,صنعتي‌ دريايي‌ ايران‌,794,4772714,36379852200,7835,7600,7600,-235,-3.0,7738,-97,-1.24,7600,8070,1399-6-1
266,فاما,صنعتي‌ آما,790,2128714,49213114730,24150,23350,22950,-1200,-4.97,23120,-1030,-4.27,22950,25000,1399-6-1
267,بفجر,فجر انرژي خليج فارس,783,3454289,100041043720,29760,29990,29000,-760,-2.55,28960,-800,-2.69,28330,31190,1399-6-1
268,سصوفي,سيمان‌ صوفيان‌,782,1884125,44411718160,24600,23370,23370,-1230,-5.0,23650,-950,-3.86,23370,25400,1399-6-1
269,ثنام,س ساختماني ب نام آوران مهندسي,780,5983202,149453310058,24252,24979,24979,727,3.0,24979,727,3.0,24800,24979,1399-6-1
270,توريل,توکاريل,780,2828401,62441028125,22991,22600,21842,-1149,-5.0,22076,-915,-3.98,21842,23500,1399-6-1
271,كشرق,صنعتي و معدني شمال شرق شاهرود,779,1022459,102077330511,101925,105000,96829,-5096,-5.0,99835,-2090,-2.05,96829,106370,1399-6-1
272,ثعمرا,عمران و توسعه شاهد,774,3258793,107100231945,34594,32865,32865,-1729,-5.0,32865,-1729,-5.0,32865,32865,1399-6-1
273,خكاوه,سايپا ديزل,773,8579956,66989268750,8045,7804,7804,-241,-3.0,7808,-237,-2.95,7804,8090,1399-6-1
274,اتكام,شركت بيمه اتكايي امين,765,5677606,49692248514,9177,8722,8719,-458,-4.99,8752,-425,-4.63,8719,9360,1399-6-1
275,غشصفا,شيرپاستوريزه‌پگاه‌اصفهان‌,761,1896838,61284712010,32470,33700,31500,-970,-2.99,32310,-160,-0.49,30850,34090,1399-6-1
276,خزر,فنرسازي‌زر,757,4133734,43563327200,10870,11380,10330,-540,-4.97,10570,-300,-2.76,10330,11380,1399-6-1
277,شنفت,نفت‌ پارس‌,752,478463,37195776160,78090,79100,76660,-1430,-1.83,77920,-170,-0.22,74500,81270,1399-6-1
278,آتيمس,صندوق س.آرمان آتيه درخشان مس-س,748,207018,54209888302,254804,263000,259990,5186,2.04,261861,7057,2.77,255000,273000,1399-6-1
279,قصفها,قنداصفهان‌,748,262052,61849205910,243580,250000,231410,-12170,-5.0,236020,-7560,-3.1,231410,255740,1399-6-1
280,فباهنر,مس‌ شهيدباهنر,746,816888,50614033280,64110,64500,60910,-3200,-4.99,61960,-2150,-3.35,60910,67310,1399-6-1
281,شغدير,پتروشيمي غدير,738,951576,43282869204,46505,46000,44180,-2325,-5.0,45603,-902,-1.94,44180,46525,1399-6-1
282,ددام,داروسازي زاگرس فارمد پارس,729,1134040,18186577270,16770,16600,15940,-830,-4.95,16490,-280,-1.67,15940,17400,1399-6-1
283,بزاگرس,نيروگاه زاگرس كوثر,723,4457617,88386204668,20299,19285,19285,-1014,-5.0,19828,-471,-2.32,19285,21000,1399-6-1
284,زفكا,كشت و دامداري فكا,718,675589,32360227422,49452,51860,46980,-2472,-5.0,48414,-1038,-2.1,46980,51860,1399-6-1
285,سپ,پرداخت الكترونيك سامان كيش,718,1644063,51758808450,32980,32000,31340,-1640,-4.97,31480,-1500,-4.55,31340,33300,1399-6-1
286,دبالك,مواد اوليه دارويي البرز بالك,717,1810853,42956861589,24623,24000,23392,-1231,-5.0,23819,-804,-3.27,23392,25854,1399-6-1
287,كخاك,صنايع‌خاك‌چيني‌ايران‌,712,404216,62203514880,152800,146200,157500,4700,3.08,153890,1090,0.71,146200,159890,1399-6-1
288,نطرين,عطرين نخ قم,711,2464633,59341936164,25310,24045,24045,-1265,-5.0,24077,-1233,-4.87,24045,24641,1399-6-1
289,ثشرقح,ح. سرمايه گذاري مسكن شمال شرق,710,1792243,9917802700,5590,5900,5460,-130,-2.33,5530,-60,-1.07,5240,6040,1399-6-1
290,وسين,بيمه سينا,709,6099824,147838766856,24640,24000,23901,-739,-3.0,24237,-403,-1.64,23901,25379,1399-6-1
291,دالبر,البرزدارو,708,1209979,28086122380,23880,24660,22720,-1160,-4.86,23490,-390,-1.63,22700,24660,1399-6-1
292,سكارون,سيمان كارون,707,819652,112310536195,140354,144564,136144,-4210,-3.0,137022,-3332,-2.37,136144,144564,1399-6-1
293,دحاوي,الحاوي,706,819276,28625458185,35450,36500,34630,-820,-2.31,34940,-510,-1.44,34387,36513,1399-6-1
294,شراز,پالايش نفت شيراز,701,523349,57236175803,113589,113001,107910,-5679,-5.0,109365,-4224,-3.72,107910,119268,1399-6-1
295,لپارس,پارس‌ الكتريك‌,698,81305,40624043250,525940,499650,499650,-26290,-5.0,508130,-17810,-3.39,499650,499650,1399-6-1
296,پرديس,سرمايه گذاري پرديس,689,2866046,31568489040,11330,10900,10770,-560,-4.94,11130,-200,-1.77,10770,11690,1399-6-1
297,سنير,سيمان‌ سفيد ني‌ريز,687,481324,48623350480,96210,101020,101020,4810,5.0,100660,4450,4.63,101020,101020,1399-6-1
298,حآسا,آسيا سير ارس,680,1932581,29668385589,16022,15500,15221,-801,-5.0,15607,-415,-2.59,15221,16100,1399-6-1
299,دعبيد,لابراتوارداروسازي‌  دكترعبيدي‌,679,443520,15254107960,35880,34800,34090,-1790,-4.99,35510,-370,-1.03,34090,35200,1399-6-1
300,پرداخت,به پرداخت ملت,675,970158,44269782430,47040,49330,47220,180,0.38,45750,-1290,-2.74,44690,49330,1399-6-1
301,وملي,گروه‌ صنعتي‌ ملي‌ (هلدينگ‌,670,121507,91838635810,795610,755830,755830,-39780,-5.0,755830,-39780,-5.0,755830,755830,1399-6-1
302,شيراز,پتروشيمي‌شيراز,665,987650,57818979270,57790,59600,58510,720,1.25,58220,430,0.74,57000,60670,1399-6-1
303,آ س پ,آ.س.پ,662,2638993,42189196965,16507,16508,15682,-825,-5.0,16054,-453,-2.74,15682,17329,1399-6-1
304,كفرا,فراورده‌ هاي‌ نسوزايران‌,652,614485,28544493700,47150,48650,45500,-1650,-3.5,46750,-400,-0.85,44800,48990,1399-6-1
305,كمرجان,بازرگاني و توليدي مرجان كار,646,456980,20959635172,46358,47870,45541,-817,-1.76,46149,-209,-0.45,44041,48675,1399-6-1
306,تكشا,گسترش‌صنايع‌وخدمات‌كشاورزي‌,642,678157,44336976330,63260,65000,66420,3160,5.0,65080,1820,2.88,62500,66420,1399-6-1
307,ثقزوي,شركت عمران و سازندگي قزوين,639,2662443,45748599047,16786,17286,17100,314,1.87,17183,397,2.37,16340,17289,1399-6-1
308,غبشهر,صنعتي‌ بهشهر,638,4042077,130224343380,33520,33500,31850,-1670,-4.98,32220,-1300,-3.88,31850,33940,1399-6-1
309,دامين,داروسازي‌ امين‌,627,1311429,21278067180,16840,17180,16000,-840,-4.99,16570,-270,-1.6,16000,17180,1399-6-1
310,درهآور,دارويي ره آورد تامين,626,624307,24151665696,40352,40444,38335,-2017,-5.0,39512,-840,-2.08,38335,42300,1399-6-1
311,وشهر,بانك شهر,624,4971529,50277072777,10319,10113,10113,-206,-2.0,10155,-164,-1.59,10113,10113,1399-6-1
312,پاسا,ايران‌ياساتايرورابر,617,1322963,34555677710,27280,26000,25920,-1360,-4.99,26440,-840,-3.08,25920,28000,1399-6-1
313,سرو,صندوق س سروسودمند مدبران-سهام,610,439355,28321290030,62840,65810,64680,1840,2.93,64460,1620,2.58,63500,65810,1399-6-1
314,ديران,ايران‌دارو,609,1246980,37468281310,31550,29980,29980,-1570,-4.98,30370,-1180,-3.74,29980,31200,1399-6-1
315,وخاور,بانك خاورميانه,609,5454702,60747045500,11650,11200,11070,-580,-4.98,11180,-470,-4.03,11070,12150,1399-6-1
316,وتوصا,گروه س توسعه صنعتي ايران,608,3169322,57745046840,19170,18220,18220,-950,-4.96,18220,-950,-4.96,18220,18220,1399-6-1
317,ميدكو,هلدينگ صنايع  معدني خاورميانه,604,1644694,35496221444,22233,22000,21122,-1111,-5.0,22035,-198,-0.89,21122,22500,1399-6-1
318,دجابر,داروسازي‌ جابرابن‌حيان‌,598,1705497,90760337690,55830,58500,53040,-2790,-5.0,53220,-2610,-4.67,53040,58500,1399-6-1
319,سخاش,سيمان‌خاش‌,590,267405,23516143870,89320,92900,88700,-620,-0.69,88660,-660,-0.74,85000,92900,1399-6-1
320,فروس,فروسيليس‌ ايران‌,583,1198405,37095478920,31810,30360,30220,-1590,-5.0,31160,-650,-2.04,30220,33000,1399-6-1
321,بشهاب,لامپ‌  پارس‌ شهاب‌,569,316673,25852505300,79430,83400,78800,-630,-0.79,80540,1110,1.4,75460,83400,1399-6-1
322,ختراك,ريخته‌گري‌ تراكتورسازي‌ ايران‌,565,5298228,123901555960,24590,23370,23370,-1220,-4.96,23390,-1200,-4.88,23370,24590,1399-6-1
323,شتوكا,توكا رنگ فولاد سپاهان,563,568044,23214559039,41187,42800,40230,-957,-2.32,41038,-149,-0.36,39761,42800,1399-6-1
324,ثنوسا,نوسازي‌وساختمان‌تهران‌,560,2435146,40350369220,17440,16570,16570,-870,-4.99,16700,-740,-4.24,16570,16570,1399-6-1
325,غشاذر,پگاه‌آذربايجان‌غربي‌,559,1040467,26188550880,26410,25090,25090,-1320,-5.0,25730,-680,-2.57,25090,26410,1399-6-1
326,وثخوز,سرمايه گذاري و توسعه خوزستان,556,868513,36572406482,41889,43145,40633,-1256,-3.0,42109,220,0.53,40633,43145,1399-6-1
327,تايرا,تراكتورسازي‌ايران‌,554,2749456,92894161440,35280,34000,33520,-1760,-4.99,33790,-1490,-4.22,33520,37000,1399-6-1
328,شسينا,صنايع‌شيميايي‌سينا,552,69486,32430021970,487980,463750,463590,-24390,-5.0,473560,-14420,-2.96,463590,507300,1399-6-1
329,غپونه,نوش پونه مشهد,548,1301616,27982227056,22149,21510,21485,-664,-3.0,21498,-651,-2.94,21485,22000,1399-6-1
330,كي بي سي,شركت كي بي سي,546,2953562,125398611823,44579,42539,42351,-2228,-5.0,42457,-2122,-4.76,42351,44579,1399-6-1
331,غمينو,شركت صنايع غذايي مينو شرق,525,1206883,22463348799,19541,18564,18564,-977,-5.0,19103,-438,-2.24,18564,19539,1399-6-1
332,حسير,ريل سير كوثر,523,1763129,52495402846,28357,29774,29774,1417,5.0,29774,1417,5.0,29774,29774,1399-6-1
333,فلوله,لوله‌وماشين‌سازي‌ايران‌,522,1336677,45647455310,35840,34350,34050,-1790,-4.99,34220,-1620,-4.52,34050,34910,1399-6-1
334,افرا,افرانت,521,1624837,125293331523,80030,84031,76029,-4001,-5.0,77111,-2919,-3.65,76029,84031,1399-6-1
335,آوا,صندوق س.سهام آواي معيار-س,521,1593310,15129549912,9232,9233,9430,198,2.14,9496,264,2.86,9201,9800,1399-6-1
336,پخش,پخش البرز,519,1182321,52974627314,46350,46396,44033,-2317,-5.0,44806,-1544,-3.33,44033,48000,1399-6-1
337,بهپاك,صنعتي بهپاك,514,778141,41264455127,55325,57500,52559,-2766,-5.0,53349,-1976,-3.57,52559,57500,1399-6-1
338,زشگزا,شير و گوشت زاگرس شهركرد,509,671194,75974521967,118300,120000,112385,-5915,-5.0,113193,-5107,-4.32,112385,122490,1399-6-1
339,خاور,ايران خودرو ديزل,508,4769707,41925724530,9061,8790,8790,-271,-2.99,8790,-271,-2.99,8790,8790,1399-6-1
340,كمنگنز,معادن‌منگنزايران‌,506,665050,75554128550,119380,113420,113420,-5960,-4.99,113610,-5770,-4.83,113420,118000,1399-6-1
341,ولملت,واسپاري ملت,505,1812377,22047884730,12690,12200,12060,-630,-4.96,12450,-240,-1.89,12060,12990,1399-6-1
342,حسينا,توسعه خدمات دريايي وبندري سينا,504,762833,46979236533,64426,62100,61222,-3204,-4.97,61634,-2792,-4.33,61205,66900,1399-6-1
343,وآذر,سرمايه‌گذاري‌توسعه‌آذربايجان‌,504,272674,41605906750,157320,151000,149460,-7860,-5.0,153260,-4060,-2.58,149460,164300,1399-6-1
344,ساروم,سيمان‌اروميه‌,504,921267,28094157250,31650,30500,30070,-1580,-4.99,30980,-670,-2.12,30070,33200,1399-6-1
345,وآرين,شركت توسعه اقتصادي آرين,504,3025529,20193230648,6825,6700,6621,-204,-2.99,6674,-151,-2.21,6621,7000,1399-6-1
346,غاذر,كشت‌وصنعت‌پياذر,494,455702,29775568680,62230,65340,65340,3110,5.0,63990,1760,2.83,65340,65340,1399-6-1
347,رنيك,جنرال مكانيك,489,762568,26268782651,35954,34157,34157,-1797,-5.0,35128,-826,-2.3,34157,35954,1399-6-1
348,طلا,صندوق س.پشتوانه طلاي لوتوس,489,302008,26657589582,90875,87127,88410,-2465,-2.71,88268,-2607,-2.87,87127,89050,1399-6-1
349,شپارس,بين‌ المللي‌ محصولات‌  پارس‌,488,1222640,21875080040,18760,17830,18100,-660,-3.52,18360,-400,-2.13,17830,19310,1399-6-1
350,سبهان,سيمان‌ بهبهان‌,482,277854,17602140120,66220,68050,63970,-2250,-3.4,65160,-1060,-1.6,62910,68050,1399-6-1
351,وبرق,س.کارکنان صنعت برق زنجان وقزوي,477,339372,91948770936,279317,270938,270938,-8379,-3.0,270938,-8379,-3.0,270938,270938,1399-6-1
352,آساس,صندوق س.آسمان آرماني سهام-س,473,573128,97033538244,169993,172000,170890,897,0.53,169305,-688,-0.4,163000,178450,1399-6-1
353,خكار,ايركا پارت صنعت,473,1171583,53099093020,46100,45000,43800,-2300,-4.99,45320,-780,-1.69,43800,48300,1399-6-1
354,شساخت,مهندسي و ساختمان صنايع نفت,473,1444413,79825907986,56598,55000,54901,-1697,-3.0,55265,-1333,-2.36,54901,58050,1399-6-1
355,ساينا,صنايع بهداشتي ساينا,469,229257,35637010298,154559,160000,152500,-2059,-1.33,155187,628,0.41,146900,160000,1399-6-1
356,ختور,رادياتور ايران‌,468,737907,31634336350,45120,42870,42870,-2250,-4.99,43620,-1500,-3.32,42870,42920,1399-6-1
357,دسبحا,گروه دارويي سبحان,468,1021085,21790366270,22280,21200,21170,-1110,-4.98,21850,-430,-1.93,21170,23000,1399-6-1
358,سفانو,سيمان فارس نو,461,500142,16266478660,33200,34000,32000,-1200,-3.61,32980,-220,-0.66,31540,34700,1399-6-1
359,كگهرح,ح . سنگ آهن گهرزمين,457,1334692,55561008490,42648,42660,41210,-1438,-3.37,41628,-1020,-2.39,40516,44480,1399-6-1
360,شكربن,كربن‌ ايران‌,455,342980,27975285140,85620,81500,81340,-4280,-5.0,83240,-2380,-2.78,81340,87000,1399-6-1
361,غالبر,لبنيات‌ كالبر,454,828598,12106133430,15160,14520,14410,-750,-4.95,15020,-140,-0.92,14410,15610,1399-6-1
362,ميهن,بيمه ميهن,452,2850973,20755809719,7586,7360,7207,-379,-5.0,7454,-132,-1.74,7207,7600,1399-6-1
363,ركيش,كارت اعتباري ايران كيش,450,2424997,58832582040,24640,24640,23410,-1230,-4.99,24260,-380,-1.54,23410,25000,1399-6-1
364,ساربيل,سيمان آرتا اردبيل,449,115804,15071715020,133710,134000,127030,-6680,-5.0,132610,-1100,-0.82,127030,140000,1399-6-1
365,فنفت,صنايع تجهيزات نفت,449,759050,14664998744,19584,20001,19668,84,0.43,19388,-196,-1.0,18997,20001,1399-6-1
366,شفارا,پتروشيمي فارابي,445,4004139,24528402023,6233,6051,6047,-186,-2.98,6126,-107,-1.72,6047,6419,1399-6-1
367,شاملا,معدني‌ املاح‌  ايران‌,444,153930,23103595800,152490,152000,148490,-4000,-2.62,151360,-1130,-0.74,144870,158000,1399-6-1
368,ولبهمن,شركت بهمن ليزينگ,444,3913884,49895024090,13313,12770,12648,-665,-5.0,12748,-565,-4.24,12648,13780,1399-6-1
369,سهگمت,سيمان‌هگمتان‌,442,788803,19588618320,25810,24550,24520,-1290,-5.0,25410,-400,-1.55,24520,26500,1399-6-1
370,شدوص,دوده‌ صنعتي‌ پارس‌,440,1222086,30009152060,24850,23610,23610,-1240,-4.99,24670,-180,-0.72,23610,25800,1399-6-1
371,زپارس,ملي كشت و صنعت و دامپروري پارس,440,574038,59935056290,109430,105910,103960,-5470,-5.0,104410,-5020,-4.59,103960,112980,1399-6-1
372,سرود,سيمان‌شاهرود,433,770251,13731707380,18540,17920,17700,-840,-4.53,18340,-200,-1.08,17620,19200,1399-6-1
373,كاذر,فرآورده‌هاي‌نسوزآذر,433,911961,34727387490,39870,37900,37880,-1990,-4.99,38570,-1300,-3.26,37880,39800,1399-6-1
374,خشرق,الكتريك‌ خودرو شرق‌,433,907206,21136392540,24420,23200,23200,-1220,-5.0,23920,-500,-2.05,23200,24500,1399-6-1
375,واعتبار,سرمايه گذاري اعتبار ايران,426,3990215,36152690660,9340,9010,8880,-460,-4.93,9130,-210,-2.25,8880,9610,1399-6-1
376,ثتران,سرمايه گذاري مسكن تهران,426,2390468,26374201871,11342,11000,10775,-567,-5.0,11174,-168,-1.48,10775,11599,1399-6-1
377,دكپسول,توليد ژلاتين كپسول ايران,424,339477,14860656794,44570,45600,43334,-1236,-2.77,44329,-241,-0.54,43320,47390,1399-6-1
378,قشكر,شكرشاهرود,420,816396,54587571630,70180,66680,66680,-3500,-4.99,66860,-3320,-4.73,66680,69960,1399-6-1
379,حتوكا,حمل‌ونقل‌توكا,417,707851,15008587250,22230,21260,21120,-1110,-4.99,21910,-320,-1.44,21120,22000,1399-6-1
380,سدشت,صنايع سيمان دشتستان,416,343419,12846026850,35930,37510,37720,1790,4.98,36290,360,1.0,34650,37720,1399-6-1
381,وجامي,سرمايه گذاري جامي,413,2061539,21607251995,10776,10800,10453,-323,-3.0,10481,-295,-2.74,10453,10990,1399-6-1
382,سباقر,سيمان باقران,408,1268580,19135260720,14645,15084,15084,439,3.0,15053,408,2.79,15084,15084,1399-6-1
383,پيزد,مجتمع صنايع لاستيك يزد,406,77003,9536821550,130368,123850,123850,-6518,-5.0,129059,-1309,-1.0,123850,123850,1399-6-1
384,فولاي,صنايع فولاد آلياژي يزد,404,1107444,64865209968,55783,58572,58572,2789,5.0,58572,2789,5.0,58572,58572,1399-6-1
385,زعف9908پ10,زعفران9908نگين طلاي سرخ(پ),402,213810,21055867523,97284,98000,96900,-384,-0.39,98479,1195,1.23,95000,102145,1399-6-1
386,ساراب,سيمان‌ داراب‌,401,1339088,18042200290,14160,13460,13460,-700,-4.94,13900,-260,-1.84,13460,14100,1399-6-1
387,خراسان,پتروشيمي خراسان,399,282439,23090786520,82800,85500,80510,-2290,-2.77,82390,-410,-0.5,79200,86700,1399-6-1
388,غبهنوش,بهنوش‌ ايران‌,396,195035,16331878380,87510,83300,83140,-4370,-4.99,86220,-1290,-1.47,83140,89430,1399-6-1
389,ضصاد8024,اختيارخ وبصادر-5500-1399/08/11,395,16107,6812337000,428,645,390,-38,-8.88,423,-5,-1.17,376,650,1399-6-1
390,بالاس,مهندسي ساختمان تاسيسات راه آهن,393,198318,11084257173,58516,55601,55591,-2925,-5.0,57907,-609,-1.04,55591,58990,1399-6-1
391,دابور,داروسازي‌ ابوريحان‌,391,384504,15777037300,43070,42100,40920,-2150,-4.99,42400,-670,-1.56,40920,43000,1399-6-1
392,دعبيدح,ح . داروسازي‌ دكترعبيدي‌,389,184359,5792225650,32740,30100,31580,-1160,-3.54,31420,-1320,-4.03,30100,33800,1399-6-1
393,خوساز,محورسازان‌ايران‌خودرو,386,1248938,13205783460,11080,10530,10530,-550,-4.96,10940,-140,-1.26,10530,11100,1399-6-1
394,لكما,كارخانجات‌مخابراتي‌ايران‌,383,1268490,16735188570,13887,13193,13193,-694,-5.0,13276,-611,-4.4,13193,13193,1399-6-1
395,هجرت,پخش هجرت,380,483093,35262722468,76213,75210,72403,-3810,-5.0,73842,-2371,-3.11,72403,77900,1399-6-1
396,لوتوسح,ح . تامين سرمايه لوتوس پارسيان,377,1764303,23079964700,13310,13320,12980,-330,-2.48,13080,-230,-1.73,11980,14290,1399-6-1
397,ثنظام,س. ساختماني نظام مهندسي ايران,374,619811,26349405232,41274,42512,42512,1238,3.0,42512,1238,3.0,42512,42512,1399-6-1
398,پارس,پتروشيمي پارس,372,592073,84840216600,144360,144000,144870,510,0.35,143450,-910,-0.63,138310,144990,1399-6-1
399,كاردان,صندوق س تجارت شاخصي كاردان,371,179058,34734045620,192100,198000,194710,2610,1.36,193980,1880,0.98,190000,198000,1399-6-1
400,خكمك,كمك‌فنرايندامين‌,360,1466151,99347611280,71260,67700,67700,-3560,-5.0,67760,-3500,-4.91,67700,70000,1399-6-1
401,سيلام,سيمان‌ ايلام‌,357,1191975,13712356260,11970,11400,11380,-590,-4.93,11840,-130,-1.09,11380,12390,1399-6-1
402,وسديد,گروه ‌صنعتي‌سديد,355,710704,20880483520,30288,29380,29380,-908,-3.0,29883,-405,-1.34,29380,29380,1399-6-1
403,شبصير,توليدات پتروشيمي قائد بصير,355,161044,22811788607,146320,153580,139004,-7316,-5.0,144119,-2201,-1.5,139004,153580,1399-6-1
404,دارا,صندوق س. دارا الگوريتم-د,350,9815066,98270455643,10180,10020,10018,-162,-1.59,10012,-168,-1.65,10005,10028,1399-6-1
405,شجم,صنايع پتروشيمي تخت جمشيد,349,4883329,58310373395,12309,11940,11940,-369,-3.0,11941,-368,-2.99,11940,12050,1399-6-1
406,وكادو,تكادو,348,1337050,36927039063,28452,27600,27599,-853,-3.0,27618,-834,-2.93,27599,28450,1399-6-1
407,فايرا,آلومينيوم‌ايران‌,341,1233931,27689729760,23620,22440,22440,-1180,-5.0,22930,-690,-2.92,22440,22480,1399-6-1
408,وحكمت,بيمه حكمت صبا,340,1814291,11273536574,6403,6211,6211,-192,-3.0,6293,-110,-1.72,6211,6293,1399-6-1
409,پسهند,صنايع‌ لاستيكي‌  سهند,340,258724,16211262140,63510,65000,61260,-2250,-3.54,63230,-280,-0.44,60510,66490,1399-6-1
410,ولغدر,ليزينگ‌خودروغدير,338,2172981,42633887220,18690,19620,19620,930,4.98,19450,760,4.07,19620,19620,1399-6-1
411,ثاباد,توريستي ورفاهي آبادگران ايران,334,783296,29100334280,38670,36750,36740,-1930,-4.99,37750,-920,-2.38,36740,39880,1399-6-1
412,دلر,داروسازي‌ اكسير,332,253773,24876450040,96140,100900,98400,2260,2.35,97060,920,0.96,96000,100900,1399-6-1
413,دسانكو,داروسازي سبحان انكولوژي,325,626017,15625351170,26198,24889,24889,-1309,-5.0,25792,-406,-1.55,24889,25460,1399-6-1
414,فاسمين,كالسيمين‌,323,378987,29060723160,80710,76680,76680,-4030,-4.99,78800,-1910,-2.37,76680,76680,1399-6-1
415,آبين,كشت و صنعت آبشيرين,322,1198691,6490135613,5572,5450,5405,-167,-3.0,5519,-53,-0.95,5405,5460,1399-6-1
416,زنجان,صنايع كشاورزي وكود زنجان,322,1509239,12866943275,8785,8522,8522,-263,-2.99,8613,-172,-1.96,8522,8550,1399-6-1
417,عيار,صندوق س. پشتوانه طلاي مفيد,322,218564,6594646349,31104,29500,30167,-937,-3.01,30173,-931,-2.99,29500,30499,1399-6-1
418,تمحركه,ماشين‌سازي‌نيرومحركه‌,319,1163612,28777514690,26010,24710,24710,-1300,-5.0,25240,-770,-2.96,24710,25710,1399-6-1
419,ثغرب,شركت سرمايه گذاري مسكن شمالغرب,318,1891167,28438732968,15673,14900,14890,-783,-5.0,15296,-377,-2.41,14890,15500,1399-6-1
420,دمعيار,صندوق س. توازن معيار-د,316,11620671,116277812036,10150,10018,10000,-150,-1.48,10006,-144,-1.42,9999,10019,1399-6-1
421,شزنگ,تجهيزنيروي‌زنگان‌,315,840422,78925563353,95384,97291,93477,-1907,-2.0,93912,-1472,-1.54,93477,97291,1399-6-1
422,شپاس,نفت پاسارگاد,315,923925,27122703915,30042,29000,28540,-1502,-5.0,29661,-381,-1.27,28540,30550,1399-6-1
423,زشريف,كشت وصنعت شريف آباد,310,511069,16256844465,33335,33150,31669,-1666,-5.0,32815,-520,-1.56,31669,33150,1399-6-1
424,زگلدشت,كشت و دام گلدشت نمونه اصفهان,310,286038,13138148150,48084,47000,45680,-2404,-5.0,47492,-592,-1.23,45680,49000,1399-6-1
425,رتكو,كنترل‌خوردگي‌تكين‌كو,309,533307,11922309930,23440,22510,22270,-1170,-4.99,23170,-270,-1.15,22270,22800,1399-6-1
426,سبجنو,سيمان‌ بجنورد,308,592829,21687247850,38460,38620,36740,-1720,-4.47,37600,-860,-2.24,36540,38690,1399-6-1
427,شفارس,صنايع‌ شيميايي‌ فارس‌,302,724681,32611931240,46680,45490,44350,-2330,-4.99,45540,-1140,-2.44,44350,47000,1399-6-1
428,كيان,صندوق س. با درآمد ثابت كيان,298,4986881,124802401610,25270,25290,25040,-230,-0.91,25030,-240,-0.95,24930,25400,1399-6-1
429,دارو,كارخانجات‌داروپخش‌,297,316345,18105356120,58770,57240,56490,-2280,-3.88,58200,-570,-0.97,55850,60000,1399-6-1
430,ثالوند,سرمايه گذاري مسكن الوند,295,691250,12286528703,18425,17700,17504,-921,-5.0,18259,-166,-0.9,17504,19000,1399-6-1
431,خفنر,فنرسازي‌خاور,293,723783,16129192560,23410,22240,22240,-1170,-5.0,23030,-380,-1.62,22240,23240,1399-6-1
432,كيسون,شركت كيسون,292,744844,19172284560,27094,25740,25740,-1354,-5.0,26594,-500,-1.85,25740,25740,1399-6-1
433,زماهان,مجتمع توليد گوشت مرغ ماهان,291,873515,27030139756,32400,30780,30780,-1620,-5.0,31576,-824,-2.54,30780,33000,1399-6-1
434,سيستم,همكاران سيستم,290,662486,18513108550,29250,28000,27790,-1460,-4.99,28740,-510,-1.74,27790,30000,1399-6-1
435,قشير,قند شيروان قوچان و بجنورد,290,936113,35327968507,35942,37739,37739,1797,5.0,37151,1209,3.36,37739,37739,1399-6-1
436,غفارس,شير پاستوريزه پگاه فارس,289,690932,8006396670,12165,11557,11557,-608,-5.0,12068,-97,-0.8,11557,12090,1399-6-1
437,حپترو,حمل و نقل پتروشيمي( سهامي عام,288,159695,5074438480,33250,32280,32000,-1250,-3.76,33090,-160,-0.48,31590,33250,1399-6-1
438,فيروزه,صندوق شاخص30 شركت فيروزه- سهام,288,94434,19040063640,196210,202000,201500,5290,2.7,201620,5410,2.76,201000,202100,1399-6-1
439,وتوشه,سرمايه‌ گذاري‌ پارس‌ توشه‌,286,416361,11757596400,29590,28200,28120,-1470,-4.97,29260,-330,-1.12,28120,28870,1399-6-1
440,زمگسا,كشاورزي‌ ودامپروي‌ مگسال‌,285,528467,20197458440,40160,38160,38160,-2000,-4.98,39340,-820,-2.04,38160,41500,1399-6-1
441,چافست,افست‌,284,925301,26871838980,30560,29040,29040,-1520,-4.97,29700,-860,-2.81,29040,29330,1399-6-1
442,بايكا,كارخانجات كابلسازي ‌ايران‌,277,955866,48607697832,48431,50852,50852,2421,5.0,50852,2421,5.0,50852,50852,1399-6-1
443,سهرمز,سيمان‌هرمزگان‌,277,404870,7212064180,18670,17750,17740,-930,-4.98,18540,-130,-0.7,17740,18390,1399-6-1
444,فاهواز,نورد و لوله اهواز,277,644358,16020028596,25369,24862,24862,-507,-2.0,25224,-145,-0.57,24862,24862,1399-6-1
445,حپارسا,توسعه حمل و نقل ريلي پارسيان,277,556001,23394327162,43964,43050,41766,-2198,-5.0,43041,-923,-2.1,41766,45950,1399-6-1
446,وپخش,داروپخش‌ (هلدينگ‌,274,133162,16546882040,130370,134000,123860,-6510,-4.99,128250,-2120,-1.63,123860,134000,1399-6-1
447,ثجوان,تامين مسكن جوانان,273,1461705,17394131957,12435,11820,11814,-621,-4.99,11949,-486,-3.91,11814,12430,1399-6-1
448,چفيبر,فيبر ايران‌,272,1109995,12456002250,11700,11120,11120,-580,-4.96,11580,-120,-1.03,11120,12120,1399-6-1
449,افق ملت,صندوق س در سهام افق ملت,269,67268,10680040880,161510,161000,160000,-1510,-0.93,158770,-2740,-1.7,158000,161000,1399-6-1
450,دسينا,داروسازي‌ سينا,268,298258,10883035440,38190,36290,36290,-1900,-4.98,37800,-390,-1.02,36290,38190,1399-6-1
451,دپارس,پارس‌ دارو,266,160512,16208569570,106140,101450,102590,-3550,-3.34,104380,-1760,-1.66,100840,109890,1399-6-1
452,كتوكا,توليدي و خدمات صنايع نسوز توكا,263,97288,16261045104,175935,167139,167139,-8796,-5.0,172925,-3010,-1.71,167139,170000,1399-6-1
453,كپرور,فرآوري زغال سنگ پروده طبس,262,543237,27640214809,53190,50531,50531,-2659,-5.0,51855,-1335,-2.51,50531,55310,1399-6-1
454,كگاز,شيشه‌ و گاز,261,252763,6993952210,29120,27670,27670,-1450,-4.98,28910,-210,-0.72,27670,27670,1399-6-1
455,زكشت,كشاورزي مكانيزه اصفهان كشت,260,315098,12463291268,41469,39396,39396,-2073,-5.0,40968,-501,-1.21,39396,41600,1399-6-1
456,ثشرق,سرمايه گذاري مسكن شمال شرق,259,1470135,11636979370,8300,7940,7890,-410,-4.94,8210,-90,-1.08,7890,8190,1399-6-1
457,سكرما,سيمان‌ كرمان‌,258,752622,14614020330,20390,19380,19380,-1010,-4.95,20090,-300,-1.47,19380,20500,1399-6-1
458,غدام,خوراك‌  دام‌ پارس‌,257,220962,26411248370,125740,119460,119460,-6280,-4.99,122290,-3450,-2.74,119460,122500,1399-6-1
459,لابسا,آبسال‌,257,196516,8330929540,44450,42250,42230,-2220,-4.99,44090,-360,-0.81,42230,44450,1399-6-1
460,كپارس,كاشي‌ پارس‌,256,222162,20303136340,95920,91150,91130,-4790,-4.99,93990,-1930,-2.01,91130,96000,1399-6-1
461,خفولا,خدمات فني فولاد يزد,254,848845,26521149793,31495,32400,30551,-944,-3.0,31244,-251,-0.8,30551,32400,1399-6-1
462,لسرما,سرما آفرين‌,252,378284,11171628290,30580,29070,29060,-1520,-4.97,30340,-240,-0.78,29060,31650,1399-6-1
463,درازك,دارويي‌ رازك‌,248,231701,11592428790,52530,49910,49910,-2620,-4.99,51920,-610,-1.16,49910,52530,1399-6-1
464,وملت,سرمايه گذاري ملت,246,938834,6108903038,6697,6497,6497,-200,-2.99,6637,-60,-0.9,6497,6710,1399-6-1
465,اوان,مبين وان كيش,237,230786,14701106313,66557,65001,63230,-3327,-5.0,65679,-878,-1.32,63230,65999,1399-6-1
466,سجام,مجتمع سيمان غرب آسيا,236,1746745,27250361390,15842,15842,15367,-475,-3.0,15601,-241,-1.52,15367,15900,1399-6-1
467,حبندر,دريايي و کشتيراني خط دريابندر,228,470341,12722117223,27883,27047,27047,-836,-3.0,27336,-547,-1.96,27047,27103,1399-6-1
468,غشان,شيرپاستوريزه‌پگاه‌خراسان‌,227,180101,13860572960,73300,76960,76960,3660,4.99,74270,970,1.32,76960,76960,1399-6-1
469,لخزر,پارس‌ خزر,226,136059,33906583210,259030,268000,246080,-12950,-5.0,252100,-6930,-2.68,246080,268000,1399-6-1
470,ثرود,سرمايه‌گذاري مسكن زاينده رود,223,1072380,14719628733,14111,14300,13406,-705,-5.0,13995,-116,-0.82,13406,14700,1399-6-1
471,كوثر,بيمه كوثر,220,414593,7216405758,18322,17406,17406,-916,-5.0,18183,-139,-0.76,17406,17406,1399-6-1
472,زر,صندوق س.پشتوانه سكه طلاي زر,218,152999,8004363014,53244,53110,51710,-1534,-2.88,52316,-928,-1.74,51200,53110,1399-6-1
473,وآرينح,ح. شركت توسعه اقتصادي آرين,218,1152221,5473948032,4851,4996,4706,-145,-2.99,4751,-100,-2.06,4706,4996,1399-6-1
474,وتعاون,بيمه  تعاون,214,1680269,10932361449,6641,6840,6442,-199,-3.0,6566,-75,-1.13,6442,6840,1399-6-1
475,غشوكوح,ح . شوكو پارس,213,423131,10711684711,25981,25203,25202,-779,-3.0,25315,-666,-2.56,25202,26760,1399-6-1
476,قنقش,قند نقش جهان,213,751101,66289169966,90057,88256,88256,-1801,-2.0,88256,-1801,-2.0,88256,88258,1399-6-1
477,دشيري,شيرين دارو,213,57295,12641550065,225477,230000,218713,-6764,-3.0,222352,-3125,-1.39,218713,230000,1399-6-1
478,سدبير,س. تدبيرگران فارس وخوزستان,211,938451,20623399176,20930,21976,21976,1046,5.0,21341,411,1.96,21976,21976,1399-6-1
479,بسويچ,پارس‌سويچ‌,211,177764,9298162540,55030,52280,52280,-2750,-5.0,54500,-530,-0.96,52280,53480,1399-6-1
480,سقاين,سيمان‌ قائن‌,210,299523,14596545120,51190,48640,48640,-2550,-4.98,50440,-750,-1.47,48640,50590,1399-6-1
481,زدشت,كشت و صنعت دشت خرم دره,209,254364,17869071000,73947,70250,70250,-3697,-5.0,72556,-1391,-1.88,70250,70250,1399-6-1
482,كلوند,كاشي‌ الوند,205,629852,17799617520,29740,28260,28260,-1480,-4.98,29190,-550,-1.85,28260,28260,1399-6-1
483,لبوتان,گروه‌صنعتي‌بوتان‌,205,215213,18928853610,92560,87940,87940,-4620,-4.99,90720,-1840,-1.99,87940,88840,1399-6-1
484,خلنت,لنت‌ ترمزايران‌,203,94024,9585764960,107050,101960,101700,-5350,-5.0,106020,-1030,-0.96,101700,107000,1399-6-1
485,سلار,شركت سيمان لارستان,203,724239,19205037504,26012,26570,26792,780,3.0,26488,476,1.83,25250,26792,1399-6-1
486,قلرست,قند لرستان‌,202,473147,14865499600,33030,31960,31380,-1650,-5.0,32530,-500,-1.51,31380,31960,1399-6-1
487,سغرب,سيمان‌غرب‌,201,197644,4876335440,25860,24700,24570,-1290,-4.99,25740,-120,-0.46,24570,25900,1399-6-1
488,شتولي,تولي‌پرس‌,200,828023,13490641311,16182,16200,16505,323,2.0,16293,111,0.69,15870,16505,1399-6-1
489,ونيكي,سرمايه‌گذاري‌ ملي‌ايران‌,200,2009932,89542470600,42430,44550,44550,2120,5.0,44240,1810,4.27,44550,44550,1399-6-1
490,بميلا,توسعه بازرگاني آهن وفولادميلاد,199,494536,21843605456,45531,44166,44166,-1365,-3.0,44170,-1361,-2.99,44166,44500,1399-6-1
491,وثوق,سرمايه گذاري وثوق امين,197,473513,8070721352,17564,17038,17038,-526,-2.99,17348,-216,-1.23,17038,17250,1399-6-1
492,وهنر,گروه توسعه هنر ايران,194,1198963,7934764744,6811,6607,6607,-204,-3.0,6732,-79,-1.16,6607,6844,1399-6-1
493,كمينا,شيشه سازي مينا,194,368140,18543608974,51161,52695,49627,-1534,-3.0,50417,-744,-1.45,49627,52695,1399-6-1
494,قمرو,قند مرودشت‌,191,114797,4216404630,38650,36800,36720,-1930,-4.99,38480,-170,-0.44,36720,37890,1399-6-1
495,بنيرو,نيروترانس‌,190,246821,19155777810,81690,77610,77610,-4080,-4.99,80040,-1650,-2.02,77610,77610,1399-6-1
496,تسه9903,امتياز تسهيلات مسكن خرداد99,188,1561,1180080216,720008,756008,756008,36000,5.0,755977,35969,5.0,740000,756008,1399-6-1
497,بمپنا,توليد برق عسلويه  مپنا,188,79208,9791400428,128543,125001,122116,-6427,-5.0,127540,-1003,-0.78,122116,125900,1399-6-1
498,تسه9902,امتياز تسهيلات مسكن ارديبهشت99,184,2225,1658923280,710091,745595,745595,35504,5.0,745583,35492,5.0,720000,745595,1399-6-1
499,دسبحان,سبحان دارو,184,294414,8326027920,29760,28280,28280,-1480,-4.97,29500,-260,-0.87,28280,28280,1399-6-1
500,شفا,سرمايه گذاري شفادارو,183,453449,28871927120,66800,64000,63460,-3340,-5.0,64900,-1900,-2.84,63460,66800,1399-6-1
501,ثپرديس,سرمايه گذاري مسكن پرديس,183,518546,7721668486,15674,14891,14891,-783,-5.0,15547,-127,-0.81,14891,14891,1399-6-1
502,داسوه,داروسازي‌ اسوه‌,182,181176,7532477120,43630,41450,41450,-2180,-5.0,43310,-320,-0.73,41450,43200,1399-6-1
503,زبينا,كشاورزي و دامپروري بينالود,181,128943,8537573916,69696,66212,66212,-3484,-5.0,69070,-626,-0.9,66212,66212,1399-6-1
504,فبيرا,بسته‌ بندي‌ ايران‌,179,2184130,13386532770,6318,6129,6129,-189,-2.99,6188,-130,-2.06,6129,6129,1399-6-1
505,كطبس,ذغال‌سنگ‌ نگين‌ ط‌بس‌,176,184689,11340989410,64030,60830,60830,-3200,-5.0,63410,-620,-0.97,60830,66000,1399-6-1
506,سصفها,سيمان‌اصفهان‌,175,56043,7642034720,143200,136070,136040,-7160,-5.0,142100,-1100,-0.77,136040,140000,1399-6-1
507,شصفها,پتروشيمي‌ اصفهان‌,173,116481,12674674684,110725,112800,108511,-2214,-2.0,108869,-1856,-1.68,108511,112800,1399-6-1
508,وآتوس,س.آرين توسكا قيمت اسمي 350ريال,170,629434,14351724634,22137,22801,22801,664,3.0,22600,463,2.09,22801,22801,1399-6-1
509,رمپنا,گروه مپنا (سهامي عام),169,158581,6405086590,42510,40390,40390,-2120,-4.99,42390,-120,-0.28,40390,40390,1399-6-1
510,سشمال,سيمان‌ شمال‌,168,728620,9944548640,14310,13600,13600,-710,-4.96,14170,-140,-0.98,13600,14200,1399-6-1
511,ولانا,شركت ليزينگ آريا دانا,163,534060,13282072200,24146,24870,24870,724,3.0,24613,467,1.93,24870,24870,1399-6-1
512,سكه0012پ01,سكه تمام بهارتحويلي 1روزه رفاه,162,66600,71190838900,1080737,1080000,1063175,-17562,-1.63,1068931,-11806,-1.09,1063175,1080000,1399-6-1
513,اخزا815,اسنادخزانه-م15بودجه98-010406,161,278266,201280142001,723179,722000,724729,1550,0.21,723337,158,0.02,720000,725000,1399-6-1
514,سكه9912پ04,سكه تمام بهارتحويل1روزه صادرات,156,119900,127492349900,1073914,1063175,1063175,-10739,-1.0,1063322,-10592,-0.99,1063175,1067887,1399-6-1
515,اتكاي,بيمه اتكايي ايرانيان,155,1037543,13950584992,13902,13249,13207,-695,-5.0,13770,-132,-0.95,13207,13800,1399-6-1
516,آينده,بازرگاني آينده سازان بهشت پارس,152,301856,7636051232,26628,25297,25297,-1331,-5.0,26093,-535,-2.01,25297,25297,1399-6-1
517,پتاير,ايران‌ تاير,151,87155,9153889650,110550,105030,105030,-5520,-4.99,109490,-1060,-0.96,105030,105030,1399-6-1
518,اخزا808,اسنادخزانه-م8بودجه98-000817,150,124015,100003375197,807868,805010,807860,-8,0.0,806381,-1487,-0.18,803143,809129,1399-6-1
519,چكاوه,صنايع‌كاغذسازي‌كاوه‌,149,121316,4865984760,42220,40110,40110,-2110,-5.0,42000,-220,-0.52,40110,40110,1399-6-1
520,دكوثر,داروسازي‌ كوثر,148,159586,4853010260,32010,30410,30410,-1600,-5.0,31850,-160,-0.5,30410,30410,1399-6-1
521,صايند,صندوق س. گنجينه آينده روشن-د,147,2355180,23781236560,10089,10100,10090,1,0.01,10097,8,0.08,10072,10133,1399-6-1
522,نگين,ص.س. زمين و ساختمان نگين شهرري,147,93563,4733324650,50940,51000,50150,-790,-1.55,50590,-350,-0.69,50000,51000,1399-6-1
523,ثتوسا,س.توسعه و عمران استان اردبيل,141,100645,8349408555,85524,82959,82959,-2565,-3.0,84420,-1104,-1.29,82959,82959,1399-6-1
524,سمتاز,سيمان ممتازان كرمان,138,142283,3446746601,24804,24107,24060,-744,-3.0,24702,-102,-0.41,24060,24804,1399-6-1
525,زقيام,كشت و دام قيام اصفهان,137,268719,11168499078,43749,41562,41562,-2187,-5.0,43235,-514,-1.17,41562,41562,1399-6-1
526,لخانه,لوازم‌ خانگي‌ پارس‌,135,128198,7917040133,63662,61753,61753,-1909,-3.0,62884,-778,-1.22,61753,62000,1399-6-1
527,دشيمي,شيمي‌ داروئي‌ داروپخش‌,135,113673,6868122660,63600,60420,60420,-3180,-5.0,63140,-460,-0.72,60420,60420,1399-6-1
528,تسه9708,امتياز تسهيلات مسكن آبان97,133,2297,1735769883,726421,761000,753220,26799,3.69,755668,29247,4.03,720200,762742,1399-6-1
529,تسه9706,امتياز تسهيلات مسكن شهريور97,132,2242,1641858686,700050,708000,665348,-34702,-4.96,732319,32269,4.61,665048,735052,1399-6-1
530,دقاضي,داروسازي شهيد قاضي,132,18519,1977395029,109176,110000,107995,-1181,-1.08,108933,-243,-0.22,105901,110000,1399-6-1
531,الماس,صندوق س.امين تدبيرگران فردا-س,130,40313,5601305735,136204,142000,136000,-204,-0.15,138945,2741,2.01,135002,143000,1399-6-1
532,گوهر,صندوق سكه طلاي كيان,130,92150,5435107793,61042,58230,59200,-1842,-3.02,58981,-2061,-3.38,58200,59498,1399-6-1
533,فيروزا,صندوق بادرآمد ثابت فيروزه آسيا,129,3643180,73592176420,20220,20280,20250,30,0.15,20200,-20,-0.1,20150,20280,1399-6-1
534,اخزا814,اسنادخزانه-م14بودجه98-010318,126,126328,92232157328,729203,727009,730000,797,0.11,730101,898,0.12,692790,734000,1399-6-1
535,وارس,سرمايه گذاري ارس صبا,126,124839,19793926822,163450,158547,158547,-4903,-3.0,158556,-4894,-2.99,158547,163448,1399-6-1
536,قهكمت,قندهكمتان‌,123,158570,9249107730,59690,57560,56710,-2980,-4.99,59430,-260,-0.44,56710,60000,1399-6-1
537,زعف9908پ05,زعفران9908نگين زرين(پ),123,90303,8970107483,97615,97050,99499,1884,1.93,99333,1718,1.76,96000,102144,1399-6-1
538,شپترو,پتروشيمي آبادان,122,305358,2932352874,9900,9603,9603,-297,-3.0,9859,-41,-0.41,9603,9603,1399-6-1
539,تصميم,صندوق س با درآمد ثابت تصميم,118,981517,14488272270,14780,14760,14740,-40,-0.27,14760,-20,-0.14,14730,14810,1399-6-1
540,واحصا,احياء صنايع خراسان,116,370960,6750568902,18755,18193,18193,-562,-3.0,18561,-194,-1.03,18193,18640,1399-6-1
541,تسه9810,امتياز تسهيلات مسكن دي98,116,1923,1418788500,703896,730000,739090,35194,5.0,737800,33904,4.82,730000,739090,1399-6-1
542,غپآذر,شير پگاه آذربايجان شرقي,116,42275,2470623486,61119,58070,58064,-3055,-5.0,60981,-138,-0.23,58064,61900,1399-6-1
543,دكيمي,كيميدارو,116,104447,3355659890,33480,31830,31810,-1670,-4.99,33390,-90,-0.27,31810,35000,1399-6-1
544,تسه9707,امتياز تسهيلات مسكن مهر97,115,1503,1125555820,715089,723010,741000,25911,3.62,748873,33784,4.72,723010,750843,1399-6-1
545,كفرآور,فرآورده هاي سيمان شرق,114,965155,16692355725,16792,17295,17295,503,3.0,17200,408,2.43,17295,17295,1399-6-1
546,نيرو,نيرو سرمايه,114,63966,4589880330,73974,71755,71755,-2219,-3.0,73449,-525,-0.71,71755,71755,1399-6-1
547,فلات,گروه صنايع معادن فلات ايرانيان,113,922922,16775753948,18703,18142,18142,-561,-3.0,18249,-454,-2.43,18142,19000,1399-6-1
548,پارتا,مجتمع‌صنعتي‌آرتاويل‌تاير,113,170943,12355867227,73852,72600,71637,-2215,-3.0,73293,-559,-0.76,71637,75000,1399-6-1
549,وپسا,س. پتروشيمي ساختمان  خليج فارس,112,1083712,6350552320,6168,5860,5860,-308,-4.99,6065,-103,-1.67,5860,5860,1399-6-1
550,آسام,صندوق س.آرمان سپهر آشنا-م,111,40870,5264845920,129564,129900,126680,-2884,-2.23,128819,-745,-0.58,125210,139990,1399-6-1
551,كساوه,صنايع‌ كاشي‌ و سراميك‌ سينا,111,97147,4250609450,45990,43700,43700,-2290,-4.98,45790,-200,-0.43,43700,43910,1399-6-1
552,سپاس,صندوق س. پاداش سهامداري توسعه1,110,2944977,30142113280,10210,10260,10260,50,0.49,10240,30,0.29,10180,10270,1399-6-1
553,زعف9908پ14,زعفران9908پوشالمعمول نوين(پ),108,20623,1409120572,63964,64009,67510,3546,5.54,68328,4364,6.82,64000,69065,1399-6-1
554,گپارس,امور رفاهي كارگزاران پارس,107,119886,9257596920,73543,77220,77220,3677,5.0,75164,1621,2.2,77220,77220,1399-6-1
555,بذر,صندوق س بذر اميد آفرين-سهام,106,104591,13419718290,130560,129500,128000,-2560,-1.96,128310,-2250,-1.72,127000,129500,1399-6-1
556,شمواد,توليد مواداوليه الياف مصنوعي,105,206615,11609903465,54555,56191,56191,1636,3.0,55477,922,1.69,56191,56191,1399-6-1
557,غصينو,صنعتي مينو,102,154186,5991976332,40063,38862,38862,-1201,-3.0,39956,-107,-0.27,38862,38862,1399-6-1
558,كقزوي,شيشه‌ قزوين‌,102,360396,4266728244,12205,11839,11839,-366,-3.0,12125,-80,-0.66,11839,11839,1399-6-1
559,غپاك,لبنيات‌ پاك‌,100,159031,3058166130,20240,19230,19230,-1010,-4.99,20170,-70,-0.35,19230,19230,1399-6-1
560,گدنا4,تهيه توزيع غذاي دنا آفرين فدك,100,7674838,46049028000,6000,6000,6000,0,0.0,6000,0,0.0,6000,6000,1399-6-1
561,كترام,توليدي‌ كاشي‌ تكسرام‌,99,181003,4282530980,24900,23660,23660,-1240,-4.98,24790,-110,-0.44,23660,23660,1399-6-1
562,وايرا,سرمايه گذاري صنايع ايران,98,705531,6984756900,9612,9900,9900,288,3.0,9710,98,1.02,9900,9900,1399-6-1
563,وثنو,سرمايه گذاري ساختماني نوين,97,227847,4654458516,21059,20428,20428,-631,-3.0,20908,-151,-0.72,20428,20428,1399-6-1
564,كهرام,توليدي گرانيت بهسرام,96,337508,15138246324,42718,44853,44853,2135,5.0,44257,1539,3.6,44853,44853,1399-6-1
565,فخاس,فولاد خراسان,96,478848,21854622720,48040,45640,45640,-2400,-5.0,47490,-550,-1.14,45640,45640,1399-6-1
566,شجمح,ح. صنايع پتروشيمي تخت جمشيد,96,785939,6620679089,8657,8398,8398,-259,-2.99,8424,-233,-2.69,8398,8657,1399-6-1
567,جهرم,پتروشيمي جهرم,94,908576,3128227168,3624,3443,3443,-181,-4.99,3594,-30,-0.83,3443,3443,1399-6-1
568,قپيرا,فرآورده‌هاي‌غدايي‌وقندپيرانشهر,93,28484,2375358670,87430,83500,85000,-2430,-2.78,87230,-200,-0.23,83060,85000,1399-6-1
569,فنرژي,گسترش صنايع انرژي آذرآب,92,423058,5151577266,11939,12177,12177,238,1.99,12059,120,1.01,12177,12177,1399-6-1
570,معيار,سرمايه گذاري معيار صنعت پارس,90,504062,13421151998,25610,26634,26634,1024,4.0,26626,1016,3.97,24587,26634,1399-6-1
571,اعتلا,شركت سرمايه گذاري اعتلاء البرز,89,377769,5669934921,15798,15009,15009,-789,-4.99,15704,-94,-0.6,15009,15009,1399-6-1
572,قشهد,شهد,88,323876,13120216760,38590,40510,40510,1920,4.98,39070,480,1.24,40510,40510,1399-6-1
573,خپويش,سازه‌ پويش‌,88,43438,6300681900,152680,145050,145050,-7630,-5.0,151670,-1010,-0.66,145050,145050,1399-6-1
574,وسخراج,شركت س استان خراسان جنوبي,88,1149760,2023577600,1680,1760,1760,80,4.76,1680,0,0.0,1760,1760,1399-6-1
575,اخزا812,اسنادخزانه-م12بودجه98-001111,87,397330,308411556916,777545,775000,774545,-3000,-0.39,776210,-1335,-0.17,771082,778100,1399-6-1
576,تسه9901,امتياز تسهيلات مسكن فروردين99,87,830,627009390,719460,755433,755433,35973,5.0,755433,35973,5.0,755433,755433,1399-6-1
577,ثروتم,صندوق س. ثروت آفرين پارسيان-س,87,29770,3225416840,107290,107001,109000,1710,1.59,108345,1055,0.98,106500,110999,1399-6-1
578,ضچاد7024,اختيارخ كچاد-23300-1399/07/07,86,628,1480523000,2652,2900,2300,-352,-13.27,2358,-294,-11.09,2000,2900,1399-6-1
579,غگلپا,شير پاستوريزه پگاه گلپايگان,85,24812,1953411343,82644,78600,78512,-4132,-5.0,82483,-161,-0.19,78512,82643,1399-6-1
580,ضجار7036,اختيارخ وتجارت-6500-1399/07/22,84,2568,539609000,257,206,250,-7,-2.72,210,-47,-18.29,102,250,1399-6-1
581,تسه9709,امتياز تسهيلات مسكن آذر97,84,675,508587974,723120,749998,737000,13880,1.92,753464,30344,4.2,724010,759276,1399-6-1
582,سنوين,سرمايه گذاري اقتصاد نوين,82,259102,3311841764,13042,12782,12782,-260,-1.99,12954,-88,-0.67,12782,12782,1399-6-1
583,اخزا817,اسنادخزانه-م17بودجه98-010512,82,91994,65193587779,709909,707004,708002,-1907,-0.27,708672,-1237,-0.17,706011,710969,1399-6-1
584,سخند,صندوق س.سپهرخبرگان نفت-د,81,315290,3180989680,10063,10063,10110,47,0.47,10089,26,0.26,10054,10120,1399-6-1
585,ضخود7053,اختيارخ خودرو-3200-1399/07/09,81,982,1422338000,1738,1550,1460,-278,-16.0,1448,-290,-16.69,1300,1999,1399-6-1
586,تسه9812,امتياز تسهيلات مسكن اسفند98,80,1122,829453624,708393,743812,743812,35419,5.0,739263,30870,4.36,700000,743812,1399-6-1
587,تكنو,تكنوتار,78,213698,3367880480,16580,15760,15760,-820,-4.95,16520,-60,-0.36,15760,15760,1399-6-1
588,ميدكوح,ح.هلدينگ صنايع معدن خاورميانه,78,405827,8257394431,21317,20260,20252,-1065,-5.0,20347,-970,-4.55,20252,20999,1399-6-1
589,اخزا809,اسنادخزانه-م9بودجه98-000923,77,172085,136387510797,793579,793579,793601,22,0.0,792559,-1020,-0.13,788938,795000,1399-6-1
590,اخزا816,اسنادخزانه-م16بودجه98-010503,74,146406,104515771194,712487,710555,716306,3819,0.54,713876,1389,0.19,709454,716306,1399-6-1
591,كاسپين,داروسازي كاسپين تامين,74,67207,2081333583,32598,30969,30969,-1629,-5.0,32527,-71,-0.22,30969,30969,1399-6-1
592,اخزا811,اسنادخزانه-م11بودجه98-001013,70,212792,167418203148,787334,784000,786500,-834,-0.11,786769,-565,-0.07,781236,788896,1399-6-1
593,تسه9711,امتياز تسهيلات مسكن بهمن 97,69,635,468735496,703491,730000,738665,35174,5.0,738166,34675,4.93,700317,738665,1399-6-1
594,فسا,پتروشيمي فسا,69,316106,1023867334,3339,3239,3239,-100,-2.99,3334,-5,-0.15,3239,3239,1399-6-1
595,تسه9710,امتياز تسهيلات مسكن دي 97,67,629,464781701,705892,741186,741186,35294,5.0,738922,33030,4.68,710005,741186,1399-6-1
596,تسه9712,امتياز تسهيلات مسكن اسفند97,67,1011,745655966,702422,737543,737543,35121,5.0,737543,35121,5.0,737542,737543,1399-6-1
597,فنوال,نورد آلومينيوم‌,66,65192,2704164160,43660,41480,41480,-2180,-4.99,43540,-120,-0.27,41480,41480,1399-6-1
598,تسه9811,امتياز تسهيلات مسكن بهمن98,66,579,428245936,704418,739000,739638,35220,5.0,739630,35212,5.0,739000,739638,1399-6-1
599,دروز,داروسازي‌ روزدارو,65,50937,1043711630,21560,20490,20490,-1070,-4.96,21540,-20,-0.09,20490,20500,1399-6-1
600,سخواف,سيمان مجد خواف,64,524542,10224897206,20095,19493,19493,-602,-3.0,19778,-317,-1.58,19493,19493,1399-6-1
601,سخزر,سيمان‌ خزر,64,108600,4157208000,40290,38280,38280,-2010,-4.99,40110,-180,-0.45,38280,38280,1399-6-1
602,مفاخر,توسعه فناوري اطلاعات خوارزمي,63,340292,15994404584,49475,47002,47002,-2473,-5.0,48642,-833,-1.68,47002,47002,1399-6-1
603,تسه9801,امتياز تسهيلات مسكن فروردين98,63,631,471037714,710947,746494,746494,35547,5.0,746494,35547,5.0,746494,746494,1399-6-1
604,ولراز,ليزينگ رازي,63,122808,2805057528,22176,22841,22841,665,3.0,22267,91,0.41,22841,22841,1399-6-1
605,لپيام,گسترش صنايع پيام,62,85841,2869063743,34105,33423,33423,-682,-2.0,33905,-200,-0.59,33423,33423,1399-6-1
606,تسه9802,امتياز تسهيلات مسكن ارديبهشت98,61,444,328472532,704575,739803,739803,35228,5.0,739803,35228,5.0,739803,739803,1399-6-1
607,اخزا806,اسنادخزانه-م6بودجه98-000519,60,60890,51464197658,849572,844010,848000,-1572,-0.19,845199,-4373,-0.51,844000,850000,1399-6-1
608,داناح,ح . بيمه دانا,60,213049,1665912200,8000,8000,7800,-200,-2.5,7820,-180,-2.25,7800,8000,1399-6-1
609,وسرمد,بيمه  سرمد,59,221250,2198340000,10243,9936,9936,-307,-3.0,10208,-35,-0.34,9936,9936,1399-6-1
610,داراب,پتروشيمي داراب,59,222971,731121909,3451,3279,3279,-172,-4.98,3444,-7,-0.2,3279,3279,1399-6-1
611,آساميد,صندوق س.مشترك آسمان اميد -د,58,2701373,28582231240,10576,10576,10590,14,0.13,10581,5,0.05,10552,10590,1399-6-1
612,ثاصفا,شركت‌ ساختمان‌ اصفهان‌,58,239930,6140768420,24849,25594,25594,745,3.0,25071,222,0.89,25594,25594,1399-6-1
613,ياقوت,صندوق س ياقوت آگاه-ثابت,58,95343,1044536010,10900,10850,10970,70,0.64,10960,60,0.55,10850,11000,1399-6-1
614,اخزا821,اسنادخزانه-م21بودجه98-020906,58,130635,75055104185,562574,560000,578000,15426,2.74,574541,11967,2.13,560000,579000,1399-6-1
615,فپنتا,سپنتا,58,27695,7963143350,273840,287530,287530,13690,5.0,275920,2080,0.76,287530,287530,1399-6-1
616,تپمپي,پمپ‌ سازي‌ ايران‌,55,26051,1331727120,53810,51120,51120,-2690,-5.0,53730,-80,-0.15,51120,51120,1399-6-1
617,زعف9908پ16,زعفران9908نگين بيرجند(پ),54,21602,2096550292,98521,99950,97010,-1511,-1.53,97054,-1467,-1.49,93396,102145,1399-6-1
618,تسه9803,امتياز تسهيلات مسكن خرداد98,52,455,337241267,705942,730000,741239,35297,5.0,741190,35248,4.99,730000,741239,1399-6-1
619,خعمرا,توسعه و عمران شهرستان نائين,50,473786,6380002276,13074,13466,13466,392,3.0,13195,121,0.93,13466,13466,1399-6-1
620,زعف9908پ09,زعفران9908نگين نوين(پ),50,14853,1458686906,96697,97010,99300,2603,2.69,98208,1511,1.56,95100,102000,1399-6-1
621,خموتور,موتورسازان‌تراكتورسازي‌ايران‌,50,86541,1249652040,15200,14440,14440,-760,-5.0,15180,-20,-0.13,14440,14440,1399-6-1
622,خفناور,مهندسي صنعتي روان فن آور,50,232617,6165513585,27899,26505,26505,-1394,-5.0,27447,-452,-1.62,26505,26505,1399-6-1
623,سكه0112پ03,سكه تمام بهارتحويلي1روزه سامان,49,14600,15556554100,1084310,1063175,1063175,-21135,-1.95,1065517,-18793,-1.73,1063175,1069000,1399-6-1
624,سكه0011پ02,سكه تمام بهارتحويلي 1روزه ملت,49,25700,27359098600,1078308,1063200,1063175,-15133,-1.4,1064556,-13752,-1.28,1063175,1073170,1399-6-1
625,شكف,كف,47,326625,10419337500,30674,31900,31900,1226,4.0,31900,1226,4.0,31900,31900,1399-6-1
626,تسه9809,امتياز تسهيلات مسكن آذر98,47,487,359160552,702378,737496,737496,35118,5.0,737496,35118,5.0,737496,737496,1399-6-1
627,ثباغ,شهر سازي و خانه سازي باغميشه,46,134732,2848908140,22257,21145,21145,-1112,-5.0,22190,-67,-0.3,21145,21145,1399-6-1
628,تسه9808,امتياز تسهيلات مسكن آبان98,46,1094,805561430,701281,736345,736345,35064,5.0,736345,35064,5.0,736345,736345,1399-6-1
629,وسنا,سرمايه گذاري نيروگاهي ايران,46,42916,1276965580,30675,29755,29755,-920,-3.0,30635,-40,-0.13,29755,29755,1399-6-1
630,اخزا703,اسنادخزانه-م3بودجه97-990721,46,80622,78708532230,974396,976000,975920,1524,0.16,976266,1870,0.19,974012,979400,1399-6-1
631,ضجار7031,اختيارخ وتجارت-4600-1399/07/22,45,1434,598988000,431,401,390,-41,-9.51,418,-13,-3.02,380,468,1399-6-1
632,سفارود,كارخانه فارسيت درود,45,198269,1379555702,7247,6958,6958,-289,-3.99,7205,-42,-0.58,6958,6958,1399-6-1
633,اخزا818,اسنادخزانه-م18بودجه98-010614,45,108880,75957579768,700648,671029,699006,-1642,-0.23,697627,-3021,-0.43,671028,701374,1399-6-1
634,فافزا,فولاد افزا سپاهان,45,39146,1899716234,50029,48529,48529,-1500,-3.0,49882,-147,-0.29,48529,48529,1399-6-1
635,ثزاگرس,سرمايه گذاري توسعه عمران زاگرس,44,44652,1132213742,26071,26600,25289,-782,-3.0,26029,-42,-0.16,25289,26600,1399-6-1
636,اخزا807,اسنادخزانه-م7بودجه98-000719,43,71482,58542936589,819120,817000,818002,-1118,-0.14,818988,-132,-0.02,817000,820000,1399-6-1
637,فمراد,آلومراد,41,46786,7306101760,164370,156160,156160,-8210,-4.99,163110,-1260,-0.77,156160,156160,1399-6-1
638,وآفري,بيمه كارآفرين,41,2152772,22156329424,9993,10292,10292,299,2.99,10292,299,2.99,10292,10292,1399-6-1
639,ارمغان,ص سرمايه گذاري ارمغان ايرانيان,41,1364753,13749909620,10080,10090,10090,10,0.1,10080,0,0.0,10020,10090,1399-6-1
640,كصدف,كاشي صدف سرام استقلال آباده,41,84064,1093504512,12753,13008,13008,255,2.0,12780,27,0.21,13008,13008,1399-6-1
641,سفار,سيمان‌فارس‌,41,15812,1808418440,120380,114370,114370,-6010,-4.99,120150,-230,-0.19,114370,114370,1399-6-1
642,مداران,داده‌پردازي‌ايران‌,41,252248,10205954080,42580,40460,40460,-2120,-4.98,42120,-460,-1.08,40460,40460,1399-6-1
643,ثعتما,س. ساختماني اعتماد گستر,40,119550,3545374800,30573,29656,29656,-917,-3.0,30405,-168,-0.55,29656,29656,1399-6-1
644,نتوس,پشم‌ بافي‌ توس,40,78926,1136771178,14848,14403,14403,-445,-3.0,14822,-26,-0.18,14403,14403,1399-6-1
645,زعف9908پ08,زعفران9908نگين روستا(پ),39,12230,1211785145,96991,97030,99000,2009,2.07,99083,2092,2.16,97030,102000,1399-6-1
646,قزوين,كارخانجات‌ قند قزوين‌,39,117280,6365958400,57130,54280,54280,-2850,-4.99,56750,-380,-0.67,54280,54280,1399-6-1
647,زعف9908پ11,زعفران9908نگين سحرخيز(پ),38,7476,745294054,99850,102148,96600,-3250,-3.25,99692,-158,-0.16,96402,102148,1399-6-1
648,داريك,صندوق س.اعتماد داريك-د,38,65849,651261368,9887,9860,9884,-3,-0.03,9890,3,0.03,9860,10000,1399-6-1
649,تكنار,مجتمع معادن مس تكنار,37,46808,2913095880,59272,62235,62235,2963,5.0,59683,411,0.69,62235,62235,1399-6-1
650,دلقما,دارويي‌ لقمان‌,37,18824,665804880,37230,35370,35370,-1860,-5.0,37200,-30,-0.08,35370,35370,1399-6-1
651,زير0003پ01,زيره سبز0003كيميابذر(پ),37,2731,1248162966,479034,455083,455083,-23951,-5.0,457035,-21999,-4.59,455083,475083,1399-6-1
652,ضجار7018,اختيارخ وتجارت-2000-1399/07/22,37,718,943755000,2300,1750,1200,-1100,-47.83,1314,-986,-42.87,1200,1750,1399-6-1
653,حخزر,كشتيراني درياي خزر,36,31876,1134371212,37459,35587,35587,-1872,-5.0,37414,-45,-0.12,35587,35587,1399-6-1
654,ضپاس7016,اختيارخ وپارس-4200-1399/07/30,36,294,640450000,1903,2200,2250,347,18.23,2178,275,14.45,2000,2699,1399-6-1
655,اوصتا,صندوق انديشه ورزان صباتامين -د,35,1151940,18926537624,16428,16442,16439,11,0.07,16430,2,0.01,16430,16442,1399-6-1
656,اطلس2,صندوق س.توسعه اندوخته آينده-س,35,350000,350000,207368,1,1,-207367,-100.0,1,-207367,-100.0,1,1,1399-6-1
657,وحافظ,بيمه حافظ,34,26277,1592859186,62492,60618,60618,-1874,-3.0,62338,-154,-0.25,60618,60618,1399-6-1
658,ضپاس7000,اختيارخ وپارس-1500-1399/07/30,33,179,772142000,4158,4444,4010,-148,-3.56,4314,156,3.75,4000,4800,1399-6-1
659,ضملي8067,اختيارخ فملي -14750-1399/08/06,32,296,4773860000,15718,19400,17100,1382,8.79,16128,410,2.61,15000,19400,1399-6-1
660,كساپا,سايپاشيشه‌,31,27717,625849860,23760,22580,22580,-1180,-4.97,23740,-20,-0.08,22580,22580,1399-6-1
661,ضپاس7017,اختيارخ وپارس-4400-1399/07/30,31,192,406763000,1823,2340,2139,316,17.33,2119,296,16.24,2020,2340,1399-6-1
662,اخزا804,اسنادخزانه-م4بودجه98-000421,30,16642,14323717016,864795,855700,861000,-3795,-0.44,860697,-4098,-0.47,855700,861000,1399-6-1
663,فلامي,لاميران‌,30,16708,2246557680,141530,134460,134460,-7070,-5.0,141200,-330,-0.23,134460,134460,1399-6-1
664,ضملي8087,اختيارخ فملي-59750-1399/08/06,30,894,1302166000,5399,1010,1900,-3499,-64.81,1457,-3942,-73.01,1010,1900,1399-6-1
665,پدرخش,درخشان‌ تهران‌,28,4246,946306020,234600,222870,222870,-11730,-5.0,234370,-230,-0.1,222870,222870,1399-6-1
666,اخزا805,اسنادخزانه-م5بودجه98-000422,28,59701,51036328369,866875,856000,856000,-10875,-1.25,854866,-12009,-1.39,851416,858600,1399-6-1
667,غگز,گز سكه,28,617720,21929060000,34010,35500,35500,1490,4.38,35500,1490,4.38,35500,35500,1399-6-1
668,تشتاد,صنايع توليدي اشتاد ايران‌,28,25917,360920142,14356,13926,13926,-430,-3.0,14348,-8,-0.06,13926,13926,1399-6-1
669,كپشير,پشم‌شيشه‌ايران‌,27,24820,1430873000,60680,57650,57650,-3030,-4.99,60590,-90,-0.15,57650,57650,1399-6-1
670,غمهرا,توليدي‌مهرام‌,27,4131,459408510,117060,111210,111210,-5850,-5.0,117000,-60,-0.05,111210,111210,1399-6-1
671,زعف9908پ17,زعفران9908پوشالمعمول بيرجند(پ),27,4893,321139404,66520,68980,65600,-920,-1.38,65632,-888,-1.33,63001,69000,1399-6-1
672,اخزا820,اسنادخزانه-م20بودجه98-020806,26,93587,53858845286,569992,570110,573800,3808,0.67,575495,5503,0.97,570110,576998,1399-6-1
673,ضخود7055,اختيارخ خودرو-3600-1399/07/09,26,497,670584000,1400,1400,1380,-20,-1.43,1349,-51,-3.64,1250,1400,1399-6-1
674,خچرخش,چرخشگر,26,255345,6199776600,25550,24280,24280,-1270,-4.97,25380,-170,-0.67,24280,24280,1399-6-1
675,ضخود7056,اختيارخ خودرو-3800-1399/07/09,26,329,447250000,2072,1400,2000,-72,-3.47,1359,-713,-34.41,1080,2000,1399-6-1
676,سمايه,بانك سرمايه,25,22079,276009579,12887,12501,12501,-386,-3.0,12882,-5,-0.04,12501,12501,1399-6-1
677,ضشنا7076,اختيارخ شپنا-19864-1399/07/28,24,157,1766541000,10620,10610,11250,630,5.93,11252,632,5.95,10600,12000,1399-6-1
678,افران,صندوق س افرا نماد پايدار-ثابت,23,89510,1041878330,11650,11640,11640,-10,-0.09,11640,-10,-0.09,11630,11640,1399-6-1
679,ثاژن,سخت آژند,23,186024,2257215216,12381,12134,12134,-247,-1.99,12324,-57,-0.46,12134,12134,1399-6-1
680,نمرينو,ايران‌ مرينوس‌,23,94492,7270214480,73280,76940,76940,3660,4.99,73790,510,0.7,76940,76940,1399-6-1
681,ضبدر8070,اختيارخ شبندر-59580-1399/08/18,23,199,1223780000,10000,6000,5999,-4001,-40.01,6150,-3850,-38.5,5999,7000,1399-6-1
682,تسه9807,امتياز تسهيلات مسكن مهر98,22,304,225875278,707640,743000,743022,35382,5.0,743011,35371,5.0,743000,743022,1399-6-1
683,ضشنا7053,اختيارخ شپنا-3758-1399/07/28,21,115,3336500000,29500,32000,28010,-1490,-5.05,29013,-487,-1.65,28000,32000,1399-6-1
684,تسه9806,امتياز تسهيلات مسكن شهريور98,21,401,295576996,702001,737000,737101,35100,5.0,737100,35099,5.0,737000,737101,1399-6-1
685,ضفلا8093,اختيارخ فولاد-29775-1399/08/28,21,177,576256000,9092,3000,2600,-6492,-71.4,3256,-5836,-64.19,2600,4950,1399-6-1
686,زنگان,صنعت روي زنگان,21,5958,964195056,170349,161832,161832,-8517,-5.0,170176,-173,-0.1,161832,161832,1399-6-1
687,ضجار7026,اختيارخ وتجارت-3600-1399/07/22,21,254,177896000,525,969,660,135,25.71,700,175,33.33,582,970,1399-6-1
688,ساذري,آذريت‌,20,6914,1061644700,149078,153550,153550,4472,3.0,149308,230,0.15,153550,153550,1399-6-1
689,شسم,توليد سموم‌ علف‌ كش,20,12691,958272028,72604,75508,75508,2904,4.0,72872,268,0.37,75508,75508,1399-6-1
690,ضپاس7025,اختيارخ وپارس-7500-1399/07/30,20,178,160565000,1000,1000,900,-100,-10.0,902,-98,-9.8,900,1000,1399-6-1
691,ساروجح,ح . بين المللي ساروج بوشهر,19,25939,458138801,18205,17659,17659,-546,-3.0,17662,-543,-2.98,17659,17700,1399-6-1
692,پست9908-04,پسته فندقي32-30سبزدانه9908,19,498,714080899,1411685,1455000,1439990,28305,2.01,1433897,22212,1.57,1430000,1455000,1399-6-1
693,ضجار7024,اختيارخ وتجارت-3200-1399/07/22,19,263,207823000,864,802,720,-144,-16.67,790,-74,-8.56,701,802,1399-6-1
694,اخزا813,اسنادخزانه-م13بودجه98-010219,19,26702,19896982880,739873,768000,745000,5127,0.69,745150,5277,0.71,734022,768000,1399-6-1
695,فنورد,نوردوقطعات‌ فولادي‌,18,15268,1761163800,109860,115350,115350,5490,5.0,110040,180,0.16,115350,115350,1399-6-1
696,پلاست,كارخانجات توليدي پلاستيران,18,15834,684883836,44591,43254,43254,-1337,-3.0,44544,-47,-0.11,43254,43254,1399-6-1
697,زير0003پ04,زيره سبز0003شركت مينوبذر(پ),18,1236,564085530,480485,460000,455083,-25402,-5.29,456380,-24105,-5.02,455083,460000,1399-6-1
698,بزاگرسح,ح . نيروگاه زاگرس كوثر,18,46717,703651454,15854,15062,15062,-792,-5.0,15062,-792,-5.0,15062,15062,1399-6-1
699,ضملي8077,اختيارخ فملي -29750-1399/08/06,17,92,550451000,5768,7199,6150,382,6.62,5983,215,3.73,5400,7199,1399-6-1
700,تسه9805,امتياز تسهيلات مسكن مرداد98,17,211,160876739,726142,762449,762449,36307,5.0,762449,36307,5.0,762449,762449,1399-6-1
701,ضبدر8069,اختيارخ شبندر-55580-1399/08/18,17,144,993502000,11286,7000,7500,-3786,-33.55,6899,-4387,-38.87,1001,7500,1399-6-1
702,اخزا704,اسنادخزانه-م4بودجه97-991022,17,17842,16773312006,937564,940000,940004,2440,0.26,940103,2539,0.27,940000,940500,1399-6-1
703,ضشنا7075,اختيارخ شپنا-18522-1399/07/28,16,142,1770599000,12133,13000,12600,467,3.85,12469,336,2.77,12000,13200,1399-6-1
704,ضصاد8016,اختيارخ وبصادر-3600-1399/08/11,16,475,344975000,860,800,700,-160,-18.6,726,-134,-15.58,700,800,1399-6-1
705,فسديد,لوله‌وتجهيزات‌ سديد - ورشكسته,16,61307,6292489173,100627,102639,102639,2012,2.0,102639,2012,2.0,102639,102639,1399-6-1
706,وگردشح,ح . بانك گردشگري,16,18974,406916404,22109,21446,21446,-663,-3.0,21446,-663,-3.0,21446,21446,1399-6-1
707,ومشان,س. فني و مهندسي مشانير,16,7935,460118910,59779,57986,57986,-1793,-3.0,59736,-43,-0.07,57986,57986,1399-6-1
708,حرهشا,رهشاد سپاهان (سهامي عام,16,113168,6857980800,63789,60600,60600,-3189,-5.0,62638,-1151,-1.8,60600,60600,1399-6-1
709,پلوله,گازلوله‌,16,309462,5374426554,17027,17367,17367,340,2.0,17367,340,2.0,17367,17367,1399-6-1
710,ساروج,بين المللي ساروج بوشهر,15,10125,257314750,26195,25420,25410,-785,-3.0,26185,-10,-0.04,25410,25420,1399-6-1
711,ضپاس7021,اختيارخ وپارس-5500-1399/07/30,15,102,163200000,1637,1600,1600,-37,-2.26,1600,-37,-2.26,1600,1600,1399-6-1
712,ضچاد7013,اختيارخ كچاد-10300-1399/07/07,15,240,1838229000,9848,8000,7500,-2348,-23.84,7659,-2189,-22.23,7499,8250,1399-6-1
713,گنجين,صندوق س. گنجينه يكم آويد-د,15,15701,175346341,11119,12000,11141,22,0.2,11168,49,0.44,11134,12000,1399-6-1
714,دالبرح,ح . البرزدارو,14,99450,1991229000,21000,21000,20000,-1000,-4.76,20020,-980,-4.67,20000,21000,1399-6-1
715,زعف9908پ13,زعفران9908پوشالمعمول روستا(پ),14,2663,174955500,65777,64300,66500,723,1.1,65699,-78,-0.12,64300,66500,1399-6-1
716,ضفلا8060,اختيارخ فولاد-3507-1399/08/28,13,81,1917927528,16250,14000,16000,-250,-1.54,14725,-1525,-9.38,12000,16000,1399-6-1
717,ضصاد8012,اختيارخ وبصادر-2800-1399/08/11,13,407,500270000,1213,1300,1300,87,7.17,1229,16,1.32,1200,1300,1399-6-1
718,ضفار8029,اختيارخ فارس-7326-1399/08/06,13,179,2650910000,18000,15000,14500,-3500,-19.44,14810,-3190,-17.72,14000,16000,1399-6-1
719,ضپار8019,اختيارخ خپارس-3800-1399/08/18,13,19,195000000,10070,10001,9999,-71,-0.71,10263,193,1.92,9500,11000,1399-6-1
720,اخزا721,اسنادخزانه-م21بودجه97-000728,12,6562,5355839430,816641,816114,816200,-441,-0.05,816190,-451,-0.06,816114,816280,1399-6-1
721,ضغدر8040,اختيارخ وغدير-13000-1399/08/26,12,459,3270550000,15650,7800,7300,-8350,-53.35,7125,-8525,-54.47,7000,7800,1399-6-1
722,ضچاد7012,اختيارخ كچاد-9300-1399/07/07,12,90,710000000,10000,8500,8000,-2000,-20.0,7889,-2111,-21.11,7500,8500,1399-6-1
723,اخزا722,اسنادخزانه-م22بودجه97-000428,12,6568,5638971516,878009,855000,859100,-18909,-2.15,858552,-19457,-2.22,854009,859111,1399-6-1
724,اخزا716,اسنادخزانه-م16بودجه97-000407,11,12942,11191065738,863500,864999,864703,1203,0.14,864709,1209,0.14,864514,865000,1399-6-1
725,صينا205,صكوك منفعت سينا دارو-3ماهه 19%,11,544,565488000,990000,1039500,1039500,49500,5.0,1039500,49500,5.0,1039500,1039500,1399-6-1
726,ضپاس7020,اختيارخ وپارس-5000-1399/07/30,11,317,596800000,1825,1850,1750,-75,-4.11,1883,58,3.18,1750,1950,1399-6-1
727,كرونا2,تامين مالي جمعي صرفا اهداي سود,11,1118,11180000,10000,10000,10000,0,0.0,10000,0,0.0,10000,10000,1399-6-1
728,زعف9908پ06,زعفران 9908پوشالمعمول زرين(پ),11,2305,155075102,64778,63200,67000,2222,3.43,67278,2500,3.86,63200,67990,1399-6-1
729,فيروزه2,صندوق شاخص30 شركت فيروزه- سهام,10,100000,100000,196210,1,1,-196209,-100.0,1,-196209,-100.0,1,1,1399-6-1
730,غشوكو,شوكو پارس,10,3817,171261156,46255,44868,44868,-1387,-3.0,46243,-12,-0.03,44868,44868,1399-6-1
731,اخزا810,اسنادخزانه-م10بودجه98-001006,10,20395,16106454147,790122,787685,788102,-2020,-0.26,789726,-396,-0.05,787685,790100,1399-6-1
732,پست9908-02,پسته فندقي32-30طلاسبززرند9908,10,80,116090000,1478728,1450000,1450000,-28728,-1.94,1451125,-27603,-1.87,1450000,1465000,1399-6-1
733,ضفلا8085,اختيارخ فولاد-16775-1399/08/28,10,124,636790000,4540,5000,5790,1250,27.53,5135,595,13.11,5000,5790,1399-6-1
734,اخزا718,اسنادخزانه-م18بودجه97-000525,10,4013,3387218695,842220,850000,847999,5779,0.69,844061,1841,0.22,843005,851000,1399-6-1
735,ضپاس7018,اختيارخ وپارس-4600-1399/07/30,10,55,107313000,1696,1999,1900,204,12.03,1951,255,15.04,1900,1999,1399-6-1
736,آرمان,بيمه آرمان,10,29905,119081710,3904,3982,3982,78,2.0,3905,1,0.03,3982,3982,1399-6-1
737,ضشنا7073,اختيارخ شپنا-15837-1399/07/28,9,35,592700000,22000,20000,16000,-6000,-27.27,16934,-5066,-23.03,15000,20000,1399-6-1
738,ضصاد8013,اختيارخ وبصادر-3000-1399/08/11,9,50,60000000,1152,1200,1200,48,4.17,1200,48,4.17,1200,1200,1399-6-1
739,شرق1400,مشاركت ليزينگ ايران وشرق140010,9,89,89372000,998463,1005000,998000,-463,-0.05,1004180,5717,0.57,998000,1005000,1399-6-1
740,ضفلا8076,اختيارخ فولاد-8775-1399/08/28,8,104,1142800000,9061,11800,12000,2939,32.44,10988,1927,21.27,10800,12000,1399-6-1
741,اخزا624,اسنادخزانه-م24بودجه96-990625,8,2617,2585457472,986347,991999,990999,4652,0.47,987947,1600,0.16,987001,991999,1399-6-1
742,ضترا8040,اختيارخ شتران-16326-1399/08/11,8,88,1080750000,13420,12200,12250,-1170,-8.72,12281,-1139,-8.49,12200,13500,1399-6-1
743,اخزا720,اسنادخزانه-م20بودجه97-000324,8,11292,9876674544,873995,885000,873995,0,0.0,874661,666,0.08,873995,885000,1399-6-1
744,تسه9804,امتياز تسهيلات مسكن تير98,8,41,30864103,716937,752000,752783,35846,5.0,752783,35846,5.0,752783,752783,1399-6-1
745,زعف9908پ15,زعفران9908پوشالمعمول طلاسرخ(پ),8,1155,77948961,65925,66900,66200,275,0.42,67488,1563,2.37,65001,68997,1399-6-1
746,ضصاد8014,اختيارخ وبصادر-3200-1399/08/11,7,280,327100000,1394,1150,1200,-194,-13.92,1168,-226,-16.21,1150,1210,1399-6-1
747,تابا,تابان نيرو سپاهان,7,3499,112373884,33109,32116,32116,-993,-3.0,33103,-6,-0.02,32116,32116,1399-6-1
748,صمسكن912,ص دين مسكن جنوب-ماهانه16درصد,7,216,42633814,207699,197499,197400,-10299,-4.96,197379,-10320,-4.97,197315,197499,1399-6-1
749,ضصاد8015,اختيارخ وبصادر-3400-1399/08/11,7,108,115145000,897,1255,1050,153,17.06,1066,169,18.84,1050,1255,1399-6-1
750,ضجار7022,اختيارخ وتجارت-2800-1399/07/22,7,415,416226000,867,1098,900,33,3.81,1003,136,15.69,900,1099,1399-6-1
751,شستا993,اجاره ت.اجتماعي-كاردان991226,7,143,147619509,1035000,1035000,1035000,0,0.0,1032304,-2696,-0.26,1014711,1035000,1399-6-1
752,فماك,ماداكتو استيل كرد,7,200000,5797200000,28986,28986,28986,0,0.0,28986,0,0.0,28986,28986,1399-6-1
753,ضصاد8000,اختيارخ وبصادر-1200-1399/08/11,7,153,396800000,2352,2500,2600,248,10.54,2593,241,10.25,2500,2600,1399-6-1
754,كابگن,توليدي و صنعتي آبگينه‌,7,118803,523446018,4320,4406,4406,86,1.99,4329,9,0.21,4406,4406,1399-6-1
755,ضخوز7023,اختيارخ فخوز-31470-1399/07/20,7,101,1423200000,12014,14500,14200,2186,18.2,14091,2077,17.29,14000,14500,1399-6-1
756,ضسپا8033,اختيارخ خساپا-6000-1399/08/26,7,44,32395000,1564,700,855,-709,-45.33,736,-828,-52.94,500,1390,1399-6-1
757,ضمخا7032,اختيارخ اخابر-4750-1399/07/30,6,10,175108000,17613,17501,17501,-112,-0.64,17511,-102,-0.58,17501,17599,1399-6-1
758,ضشنا7048,اختيارخ شپنا-2685-1399/07/28,6,6,175000000,1,28500,31000,30999,3099900.0,29167,29166,2916600.0,28000,31000,1399-6-1
759,سشمالح,ح . سيمان‌ شمال‌,6,207000,2381600000,12670,12600,11500,-1170,-9.23,11510,-1160,-9.16,11500,12600,1399-6-1
760,وسالت,بانك قرض الحسنه رسالت,6,12400,53518400,4150,4316,4316,166,4.0,4151,1,0.02,4316,4316,1399-6-1
761,ضملي8069,اختيارخ فملي -16750-1399/08/06,6,81,1425095000,23500,17600,17600,-5900,-25.11,17594,-5906,-25.13,17500,17600,1399-6-1
762,ضصاد8022,اختيارخ وبصادر-4800-1399/08/11,6,172,137600000,950,800,800,-150,-15.79,800,-150,-15.79,800,800,1399-6-1
763,ضبدر8066,اختيارخ شبندر-43580-1399/08/18,6,64,730800000,25000,13500,9000,-16000,-64.0,11419,-13581,-54.32,9000,13500,1399-6-1
764,تملي705,تسهيلات مسكن ب. ملي-مرداد97,6,390,55508105,144878,144870,137635,-7243,-5.0,142328,-2550,-1.76,137635,144870,1399-6-1
765,صايپا203,صكوك مرابحه سايپا203-3ماهه 16%,6,91,85467215,951914,951915,920200,-31714,-3.33,939200,-12714,-1.34,920022,970000,1399-6-1
766,تملي703,تسهيلات مسكن ب. ملي-خرداد97,6,224,26729248,125607,119327,119327,-6280,-5.0,119327,-6280,-5.0,119327,119327,1399-6-1
767,صخود412,ص مرابحه خودرو412- 3ماهه 18%,6,51,50012766,975010,974010,975012,2,0.0,980642,5632,0.58,974010,998000,1399-6-1
768,صخود1412,ص مرابحه خودرو1412- 3ماهه 18%,5,34,34371000,1005000,1005000,1005000,0,0.0,1010912,5912,0.59,1005000,1015050,1399-6-1
769,صخود0012,ص مرابحه خودرو0012- 3ماهه 18%,5,170,176750000,1030000,1040000,1030000,0,0.0,1039706,9706,0.94,1030000,1040000,1399-6-1
770,سايرا,ايرانيت‌,5,4334,154520102,36380,35653,35653,-727,-2.0,36369,-11,-0.03,35653,35653,1399-6-1
771,ضپاس7015,اختيارخ وپارس-4000-1399/07/30,5,80,169718000,2170,2100,2223,53,2.44,2121,-49,-2.26,2100,2251,1399-6-1
772,ضخوز7021,اختيارخ فخوز-27470-1399/07/20,5,28,482300000,16000,18000,17100,1100,6.88,17225,1225,7.66,17100,18000,1399-6-1
773,ضجار7027,اختيارخ وتجارت-3800-1399/07/22,5,75,44310000,352,600,450,98,27.84,591,239,67.9,450,601,1399-6-1
774,ضچاد7020,اختيارخ كچاد-17300-1399/07/07,5,16,43175000,3644,3600,2235,-1409,-38.67,2698,-946,-25.96,2235,3600,1399-6-1
775,ضصاد8020,اختيارخ وبصادر-4400-1399/08/11,5,72,56680000,613,800,700,87,14.19,787,174,28.38,700,850,1399-6-1
776,صايپا908,صكوك مرابحه سايپا908-3ماهه 18%,4,24,23765993,995925,990052,991001,-4924,-0.49,990250,-5675,-0.57,990052,991001,1399-6-1
777,اخزا819,اسنادخزانه-م19بودجه98-020322,4,2011,1173730557,612495,582189,619990,7495,1.22,583655,-28840,-4.71,582189,619990,1399-6-1
778,ضجار7010,اختيارخ وتجارت-1200-1399/07/22,4,21,43000000,2068,2000,2000,-68,-3.29,2048,-20,-0.97,2000,2100,1399-6-1
779,تملي710,تسهيلات مسكن ب. ملي-دي97,4,168,31448928,178282,187196,187196,8914,5.0,187196,8914,5.0,187196,187196,1399-6-1
780,ضخوز7024,اختيارخ فخوز-33470-1399/07/20,4,40,518000000,28130,13000,12800,-15330,-54.5,12950,-15180,-53.96,12800,13000,1399-6-1
781,ضخود7068,اختيارخ خودرو-8000-1399/07/09,4,15,9740000,680,649,650,-30,-4.41,649,-31,-4.56,649,650,1399-6-1
782,ضخود7047,اختيارخ خودرو-2600-1399/07/09,4,15,22500000,5100,1500,1500,-3600,-70.59,1500,-3600,-70.59,1500,1500,1399-6-1
783,ضترا8030,اختيارخ شتران-8113-1399/08/11,4,9,182400000,25500,13300,25500,0,0.0,20267,-5233,-20.52,13300,25500,1399-6-1
784,تملي707,تسهيلات مسكن ب. ملي-مهر97,4,37,7241529,206017,195717,195717,-10300,-5.0,195717,-10300,-5.0,195717,195717,1399-6-1
785,ضشنا7074,اختيارخ شپنا-17179-1399/07/28,4,31,444100000,13282,15000,15000,1718,12.93,14326,1044,7.86,13100,15000,1399-6-1
786,ضبدر8071,اختيارخ شبندر-65580-1399/08/18,4,42,225002000,8325,6000,5000,-3325,-39.94,5357,-2968,-35.65,5000,6000,1399-6-1
787,اخزا713,اسنادخزانه-م13بودجه97-000518,4,1013,857003065,849211,846005,846005,-3206,-0.38,846005,-3206,-0.38,846005,846005,1399-6-1
788,ضجار7017,اختيارخ وتجارت-1900-1399/07/22,4,192,249980000,1990,1490,1300,-690,-34.67,1302,-688,-34.57,1300,1490,1399-6-1
789,كمند2,صندوق س. با درآمد ثابت كمند,4,90000000,90000000,10170,1,1,-10169,-99.99,1,-10169,-99.99,1,1,1399-6-1
790,ضملي8076,اختيارخ فملي -27750-1399/08/06,3,19,104501000,6414,5500,5500,-914,-14.25,5500,-914,-14.25,5500,5501,1399-6-1
791,كايتا,ايتالران‌,3,15430,1782242150,110005,115505,115505,5500,5.0,110472,467,0.42,115505,115505,1399-6-1
792,عسناسنگ,سلف كنستانتره سنگ آهن سناباد,3,6,39630774,6628772,6605129,6605129,-23643,-0.36,6605129,-23643,-0.36,6605129,6605129,1399-6-1
793,دومينو4,اجاره دومينو14040208,3,50,50500000,1010000,1020000,1000000,-10000,-0.99,1010000,0,0.0,1000000,1020000,1399-6-1
794,ضفلا8091,اختيارخ فولاد-25775-1399/08/28,3,27,136000000,7943,5000,5500,-2443,-30.76,5037,-2906,-36.59,5000,5500,1399-6-1
795,پست9908-08,پسته فندقي32-30زرينمه ولات9908,3,81,113788152,1415988,1404792,1404792,-11196,-0.79,1404792,-11196,-0.79,1404792,1404792,1399-6-1
796,ضخود7059,اختيارخ خودرو-4400-1399/07/09,3,16,16018000,1500,1002,1001,-499,-33.27,1001,-499,-33.27,1001,1002,1399-6-1
797,ضترا8037,اختيارخ شتران-12806-1399/08/11,3,20,300000000,31410,15000,15000,-16410,-52.24,15000,-16410,-52.24,15000,15000,1399-6-1
798,ضفلا8090,اختيارخ فولاد-23775-1399/08/28,3,14,57500000,4657,4000,4500,-157,-3.37,4107,-550,-11.81,4000,4500,1399-6-1
799,اشاد10,مشاركت دولتي10-شرايط خاص001226,3,20000,18959803000,948311,945011,948320,9,0.0,947990,-321,-0.03,945011,948320,1399-6-1
800,ضخود7062,اختيارخ خودرو-5000-1399/07/09,3,4,3400000,969,800,900,-69,-7.12,850,-119,-12.28,800,900,1399-6-1
801,ضصاد8023,اختيارخ وبصادر-5000-1399/08/11,3,63,32280000,699,503,700,1,0.14,512,-187,-26.75,503,700,1399-6-1
802,ضفلا8068,اختيارخ فولاد-4751-1399/08/28,3,28,600427200,13844,13400,13300,-544,-3.93,13336,-508,-3.67,13300,13400,1399-6-1
803,ضصاد8019,اختيارخ وبصادر-4200-1399/08/11,3,21,22040000,1071,1050,1040,-31,-2.89,1050,-21,-1.96,1040,1050,1399-6-1
804,ضبدر8072,اختيارخ شبندر-71580-1399/08/18,3,7,15000000,10000,2500,2000,-8000,-80.0,2143,-7857,-78.57,2000,2500,1399-6-1
805,ضمخا7052,اختيارخ اخابر-16750-1399/07/30,2,19,217100000,13000,11900,11000,-2000,-15.38,11426,-1574,-12.11,11000,11900,1399-6-1
806,ضغدر8046,اختيارخ وغدير-19000-1399/08/26,2,9,47500000,5341,5500,5000,-341,-6.38,5278,-63,-1.18,5000,5500,1399-6-1
807,ضترا8039,اختيارخ شتران-15153-1399/08/11,2,44,572400000,17000,13100,13000,-4000,-23.53,13009,-3991,-23.48,13000,13100,1399-6-1
808,ضفلا8079,اختيارخ فولاد-10775-1399/08/28,2,3,27998000,6908,9999,8000,1092,15.81,9333,2425,35.1,8000,9999,1399-6-1
809,ضبدر8068,اختيارخ شبندر-51580-1399/08/18,2,8,71000000,14800,8000,9000,-5800,-39.19,8875,-5925,-40.03,8000,9000,1399-6-1
810,تملي706,تسهيلات مسكن ب. ملي-شهريور97,2,63,7137271,113380,107711,113380,0,0.0,113290,-90,-0.08,107711,113380,1399-6-1
811,ضخود7049,اختيارخ خودرو-3000-1399/07/09,2,157,314000000,2049,2000,2000,-49,-2.39,2000,-49,-2.39,2000,2000,1399-6-1
812,عفولاد2,اوراق سلف ورق گرم فولاد مباركه,2,115,63539800,551004,552520,552520,1516,0.28,552520,1516,0.28,552520,552520,1399-6-1
813,ضفلا8071,اختيارخ فولاد-6275-1399/08/28,2,4,55002000,17000,14500,13001,-3999,-23.52,13750,-3250,-19.12,13001,14500,1399-6-1
814,ضغدر8030,اختيارخ وغدير-6510-1399/08/26,2,2,19500000,13500,7500,12000,-1500,-11.11,9750,-3750,-27.78,7500,12000,1399-6-1
815,ضجار7016,اختيارخ وتجارت-1800-1399/07/22,2,102,142800000,1563,1400,1400,-163,-10.43,1400,-163,-10.43,1400,1400,1399-6-1
816,ضغدر8042,اختيارخ وغدير-15000-1399/08/26,2,2,13500000,5904,6500,7000,1096,18.56,6750,846,14.33,6500,7000,1399-6-1
817,ضفلا8086,اختيارخ فولاد-17775-1399/08/28,2,11,86000000,5300,8000,6000,700,13.21,7818,2518,47.51,6000,8000,1399-6-1
818,ضصاد8010,اختيارخ وبصادر-2400-1399/08/11,2,7,14000000,1600,2000,2000,400,25.0,2000,400,25.0,2000,2000,1399-6-1
819,ضغدر8033,اختيارخ وغدير-8010-1399/08/26,2,7,70000000,12000,10000,10000,-2000,-16.67,10000,-2000,-16.67,10000,10000,1399-6-1
820,سپرمي,پرميت‌,2,1600,13422400,8473,8389,8389,-84,-0.99,8473,0,0.0,8389,8389,1399-6-1
821,ضفلا8078,اختيارخ فولاد-9775-1399/08/28,2,20,216000000,9000,10800,10800,1800,20.0,10800,1800,20.0,10800,10800,1399-6-1
822,عفولاد3,اوراق سلف موازي ورق گرم فولاد,2,13596,10672299448,790347,784990,758453,-31894,-4.04,784959,-5388,-0.68,758453,784990,1399-6-1
823,ضچاد7014,اختيارخ كچاد-11300-1399/07/07,2,13,91000000,1,7000,7000,6999,699900.0,7000,6999,699900.0,7000,7000,1399-6-1
824,تملي701,تسهيلات مسكن ب. ملي-فروردين97,2,5,1037650,197648,207530,207530,9882,5.0,207530,9882,5.0,207530,207530,1399-6-1
825,ضفلا8089,اختيارخ فولاد-21775-1399/08/28,2,8,40020000,4797,5005,5001,204,4.25,5002,205,4.27,5001,5005,1399-6-1
826,ضخود7039,اختيارخ خودرو-1500-1399/07/09,2,110,329000000,3500,2990,3000,-500,-14.29,2991,-509,-14.54,2990,3000,1399-6-1
827,تملي702,تسهيلات مسكن ب. ملي-ارديبهشت97,1,20,5066920,253346,253346,253346,0,0.0,253346,0,0.0,253346,253346,1399-6-1
828,ضترا8036,اختيارخ شتران-11633-1399/08/11,1,1,16000000,34000,16000,16000,-18000,-52.94,16000,-18000,-52.94,16000,16000,1399-6-1
829,ضشنا7057,اختيارخ شپنا-5100-1399/07/28,1,5,155000000,36000,31000,31000,-5000,-13.89,31000,-5000,-13.89,31000,31000,1399-6-1
830,ضگل8060,اختيارخ كگل-16100-1399/08/21,1,4,23600000,6936,5900,5900,-1036,-14.94,5900,-1036,-14.94,5900,5900,1399-6-1
831,ضسپا8016,اختيارخ خساپا-2000-1399/08/26,1,10,25000000,2254,2500,2500,246,10.91,2500,246,10.91,2500,2500,1399-6-1
832,شبندر2,پالايش نفت بندرعباس,1,6236521,254450056800,41860,40800,40800,-1060,-2.53,40800,-1060,-2.53,40800,40800,1399-6-1
833,ضترا8029,اختيارخ شتران-7526-1399/08/11,1,1,20000000,38000,20000,20000,-18000,-47.37,20000,-18000,-47.37,20000,20000,1399-6-1
834,تملي709,تسهيلات مسكن ب. ملي-آذر97,1,11,2265197,196121,205927,205927,9806,5.0,205927,9806,5.0,205927,205927,1399-6-1
835,ضپيك7030,اختيارخ تاپيكو-17370-99/07/20,1,1,5000000,6002,5000,5000,-1002,-16.69,5000,-1002,-16.69,5000,5000,1399-6-1
836,ضگل8066,اختيارخ كگل-25100-1399/08/21,1,2,9000000,4231,4500,4500,269,6.36,4500,269,6.36,4500,4500,1399-6-1
837,ضمخا7061,اختيارخ اخابر-32000-1399/07/30,1,1,3200000,200,3200,3200,3000,1500.0,3200,3000,1500.0,3200,3200,1399-6-1
838,ضخود7041,اختيارخ خودرو-1700-1399/07/09,1,1,3400000,3990,3400,3400,-590,-14.79,3400,-590,-14.79,3400,3400,1399-6-1
839,ضشنا7055,اختيارخ شپنا-4429-1399/07/28,1,1,28000000,30000,28000,28000,-2000,-6.67,28000,-2000,-6.67,28000,28000,1399-6-1
840,پترول2,گروه پتروشيمي س. ايرانيان,1,17000000,252450000000,15200,14850,14850,-350,-2.3,14850,-350,-2.3,14850,14850,1399-6-1
841,ضچاد7025,اختيارخ كچاد-26000-1399/07/07,1,3,7500000,3974,2500,2500,-1474,-37.09,2500,-1474,-37.09,2500,2500,1399-6-1
842,وصندوق2,سرمايه‌گذاري‌صندوق‌بازنشستگي‌,1,22000000,435600000000,20590,19800,19800,-790,-3.84,19800,-790,-3.84,19800,19800,1399-6-1
843,پرند,صندوق س. پروژه آرمان پرند مپنا,1,62000,350300000,5640,5650,5650,10,0.18,5650,10,0.18,5650,5650,1399-6-1
844,ضغدر8049,اختيارخ وغدير-24000-1399/08/26,1,100,100000000,5400,1000,1000,-4400,-81.48,1000,-4400,-81.48,1000,1000,1399-6-1
845,صخود0004,صكوك رهني خودرو0004- 3ماهه 16%,1,5,4850000,970000,970000,970000,0,0.0,970000,0,0.0,970000,970000,1399-6-1
846,ضفار8027,اختيارخ فارس-6326-1399/08/06,1,2,34000000,17000,17000,17000,0,0.0,17000,0,0.0,17000,17000,1399-6-1
847,ضپاس7019,اختيارخ وپارس-4800-1399/07/30,1,4,7960000,2040,1990,1990,-50,-2.45,1990,-50,-2.45,1990,1990,1399-6-1
848,ضترا8024,اختيارخ شتران-5181-1399/08/11,1,7,217000000,40997,31000,31000,-9997,-24.38,31000,-9997,-24.38,31000,31000,1399-6-1
849,ضچاد7018,اختيارخ كچاد-15300-1399/07/07,1,10,45000000,5000,4500,4500,-500,-10.0,4500,-500,-10.0,4500,4500,1399-6-1
850,اراد24,مرابحه عام دولت2-ش.خ ساير0212,1,2000,1863260000,978211,931630,931630,-46581,-4.76,931630,-46581,-4.76,931630,931630,1399-6-1
851,مبين012,اجاره اعتماد مبين تمدن010710,1,1000,950000000,970000,950000,950000,-20000,-2.06,950000,-20000,-2.06,950000,950000,1399-6-1
852,اوصتا4,صندوق انديشه ورزان صباتامين -د,1,10848284,178183064700,16428,16425,16425,-3,-0.02,16425,-3,-0.02,16425,16425,1399-6-1
853,حكمت01,مشاركت حكمت ايرانيان 140107,1,5,4925000,993894,985000,985000,-8894,-0.89,985000,-8894,-0.89,985000,985000,1399-6-1
854,صخابر102,صكوك اجاره مخابرات-3 ماهه 16%,1,90,89100000,987000,990000,990000,3000,0.3,990000,3000,0.3,990000,990000,1399-6-1
855,ضخوز7022,اختيارخ فخوز-29470-1399/07/20,1,20,324000000,17318,16200,16200,-1118,-6.46,16200,-1118,-6.46,16200,16200,1399-6-1
856,شاوان2,پالايش نفت لاوان,1,300000,39609600000,132032,132032,132032,0,0.0,132032,0,0.0,132032,132032,1399-6-1
857,ضشنا7082,اختيارخ شپنا-29258-1399/07/28,1,1,10000000,10000,10000,10000,0,0.0,10000,0,0.0,10000,10000,1399-6-1
858,ضپاس7022,اختيارخ وپارس-6000-1399/07/30,1,1,1700000,999,1700,1700,701,70.17,1700,701,70.17,1700,1700,1399-6-1
859,ضغدر8039,اختيارخ وغدير-12000-1399/08/26,1,3,23040000,11500,7680,7680,-3820,-33.22,7680,-3820,-33.22,7680,7680,1399-6-1
860,واميد2,گروه مديريت سرمايه گذاري اميد,1,37000000,1487400000000,42060,40200,40200,-1860,-4.42,40200,-1860,-4.42,40200,40200,1399-6-1
861,امين يكم2,صندوق درآمد ثابت امين يكم فردا,1,100000,100000,10780,1,1,-10779,-99.99,1,-10779,-99.99,1,1,1399-6-1
862,ضجار7021,اختيارخ وتجارت-2600-1399/07/22,1,10,9500000,953,950,950,-3,-0.31,950,-3,-0.31,950,950,1399-6-1
863,ومعادن2,توسعه‌معادن‌وفلزات‌,1,50000000,819000000000,17240,16380,16380,-860,-4.99,16380,-860,-4.99,16380,16380,1399-6-1
864,تملي612,تسهيلات مسكن بانك ملي-اسفند96,1,2,1949686,928422,974843,974843,46421,5.0,974843,46421,5.0,974843,974843,1399-6-1
865,مكرج112,مشاركت شهرداري كرج-3ماهه18%,1,1000,945000000,965000,945000,945000,-20000,-2.07,945000,-20000,-2.07,945000,945000,1399-6-1
866,صايپا112,صكوك مرابحه سايپا112-3ماهه 16%,1,3,2961300,987100,987100,987100,0,0.0,987100,0,0.0,987100,987100,1399-6-1
867,افاد554,منفعت دولت5-ش.خاص ساير0108,1,149000,145990200000,960000,979800,979800,19800,2.06,979800,19800,2.06,979800,979800,1399-6-1
868,اخزا8052,اسنادخزانه-م5بودجه98-000422,1,2000000,1690000000000,866875,845000,845000,-21875,-2.52,845000,-21875,-2.52,845000,845000,1399-6-1
869,پا ر 37,بار پايه روز 37,1,10000,5200000,720,520,520,-200,-27.78,520,-200,-27.78,520,520,1399-6-1
870,ضفار8037,اختيارخ فارس-12826-1399/08/06,1,20,140000000,6443,7000,7000,557,8.65,7000,557,8.65,7000,7000,1399-6-1
