,نماد,نام,تعداد,حجم,ارزش,دیروز,اولین,آخرین معامله - مقدار,آخرین معامله - تغییر,آخرین معامله - درصد,قیمت پایانی - مقدار,قیمت پایانی - تغییر,قیمت پایانی - درصد,کمترین,بیشترین,تاریخ
0,كزغال,زغال سنگ پروده طبس,341533,42055582,1221729396345,28371,27804,29650,1279,4.51,29050,679,2.39,27804,30073,1399-12-11
1,اپال,فرآوري معدني اپال كاني پارس,218445,156393219,2309766905030,13940,14770,14770,830,5.95,14770,830,5.95,13940,14770,1399-12-11
2,پالايش,صندوق پالايشي يکم-سهام,81456,117073723,9602737378940,79190,81000,83680,4490,5.67,82020,2830,3.57,79000,84190,1399-12-11
3,دارا يكم,صندوق واسطه گري مالي يكم-سهام,48884,40747664,5640263318210,133370,135000,140850,7480,5.61,138420,5050,3.79,134010,141350,1399-12-11
4,شستا,سرمايه گذاري تامين اجتماعي,42997,151916980,2897533470960,19420,19040,19080,-340,-1.75,19070,-350,-1.8,19040,19450,1399-12-11
5,شپنا,پالايش نفت اصفهان,36570,276005136,3187414857030,11730,11500,11600,-130,-1.11,11550,-180,-1.53,11500,11840,1399-12-11
6,فملي,ملي‌ صنايع‌ مس‌ ايران‌,33650,289648082,3663303567610,12860,12610,12710,-150,-1.17,12650,-210,-1.63,12610,12960,1399-12-11
7,وكبهمن,مديريت سرمايه گذاري كوثربهمن,32029,11243538,132807833145,11893,11656,12100,207,1.74,11812,-81,-0.68,11656,12220,1399-12-11
8,بوعلي,پتروشيمي بوعلي سينا,17647,3912669,162952819070,41520,41000,42010,490,1.18,41650,130,0.31,41000,42520,1399-12-11
9,وسپهر,سرمايه گذاري مالي سپهرصادرات,15155,31649045,319659016031,10100,10100,10101,1,0.01,10100,0,0.0,10100,10102,1399-12-11
10,فولاد,فولاد مباركه اصفهان,14642,91798722,1061173363080,11390,11690,11730,340,2.99,11560,170,1.49,11360,11780,1399-12-11
11,شبندر,پالايش نفت بندرعباس,12298,52983982,1257741971300,23710,23240,24250,540,2.28,23740,30,0.13,23240,24500,1399-12-11
12,وتجارت,بانك تجارت,12069,576220552,1498400561790,2650,2600,2600,-50,-1.89,2600,-50,-1.89,2600,2630,1399-12-11
13,وبملت,بانك ملت,11141,323880521,1163965561820,3640,3570,3620,-20,-0.55,3590,-50,-1.37,3570,3700,1399-12-11
14,امين,تامين سرمايه امين,10765,9388604,97645298170,10400,10400,10400,0,0.0,10400,0,0.0,10400,10410,1399-12-11
15,سيتا,سرمايه گذاري سيمان تامين,10598,13253235,198989753550,15000,15000,15010,10,0.07,15010,10,0.07,15000,15190,1399-12-11
16,آريا,پليمر آريا ساسول,9622,2945518,212778718747,71376,70500,73900,2524,3.54,72238,862,1.21,70500,73950,1399-12-11
17,رافزا,رايان هم افزا,9254,54024,2456039088,42889,45462,45462,2573,6.0,43008,119,0.28,45462,45462,1399-12-11
18,پترول,گروه پتروشيمي س. ايرانيان,8848,46944188,418010619110,9040,8860,8980,-60,-0.66,8900,-140,-1.55,8860,9200,1399-12-11
19,بگيلان,توسعه مسير برق گيلان,7329,1077161,20942665202,19823,19427,19429,-394,-1.99,19658,-165,-0.83,19427,19831,1399-12-11
20,كرمان,س. توسعه و عمران استان كرمان,6958,13167336,670591465550,49089,49010,52034,2945,6.0,50928,1839,3.75,49010,52034,1399-12-11
21,شگويا,پتروشيمي تندگويان,6750,27531839,221568313874,8010,7900,8110,100,1.25,8048,38,0.47,7900,8300,1399-12-11
22,كاوه,فولاد كاوه جنوب كيش,6655,59422751,1133559764600,18040,18230,19120,1080,5.99,19080,1040,5.76,18230,19120,1399-12-11
23,حريل,ريل پردازسير,6592,64153692,350429941836,5319,5213,5638,319,6.0,5462,143,2.69,5213,5638,1399-12-11
24,آوا,صندوق س.سهام آواي معيار-س,6253,57855714,387731927044,6504,6501,6805,301,4.63,6702,198,3.04,6501,6880,1399-12-11
25,وبصادر,بانك صادرات ايران,5476,196278926,465327117360,2410,2370,2370,-40,-1.66,2370,-40,-1.66,2370,2400,1399-12-11
26,فخوز,فولاد  خوزستان,5401,42524828,531311110530,11990,12000,12550,560,4.67,12490,500,4.17,12000,12700,1399-12-11
27,وخارزم,سرمايه گذاري خوارزمي,5282,36582702,293748593810,8180,8020,8050,-130,-1.59,8030,-150,-1.83,8020,8170,1399-12-11
28,وغدير,سرمايه‌گذاري‌غدير(هلدينگ‌,5174,34578872,378678144310,11150,10930,10990,-160,-1.43,10950,-200,-1.79,10930,11100,1399-12-11
29,صبا,سرمايه گذاري صبا تامين,4916,11890629,81698318173,6863,6740,6980,117,1.7,6869,6,0.09,6736,7098,1399-12-11
30,كمند,صندوق س. با درآمد ثابت كمند,4538,200431687,2032830594415,10138,10142,10143,5,0.05,10142,4,0.04,10141,10144,1399-12-11
31,ونوين,بانك‌اقتصادنوين‌,4415,86800414,335840174910,3780,3840,3870,90,2.38,3870,90,2.38,3790,3940,1399-12-11
32,فارس,صنايع پتروشيمي خليج فارس,4280,25642249,218851217790,8580,8410,8490,-90,-1.05,8530,-50,-0.58,8410,9080,1399-12-11
33,سصوفي,سيمان‌ صوفيان‌,4169,15005309,276509203920,17850,17500,18920,1070,5.99,18430,580,3.25,17500,18920,1399-12-11
34,فزرين,زرين معدن آسيا,4111,24788266,738454171377,30380,29773,29773,-607,-2.0,29790,-590,-1.94,29773,30376,1399-12-11
35,شبريز,پالايش نفت تبريز,4000,9323004,253048791690,26730,26730,27440,710,2.66,27140,410,1.53,26330,27690,1399-12-11
36,غگيلا,شيرپاستوريزه پگاه گيلان,3661,52710,1257291630,22503,23853,23853,1350,6.0,22535,32,0.14,23853,23853,1399-12-11
37,ساربيل,سيمان آرتا اردبيل,3425,4317046,258363816170,59690,58500,61400,1710,2.86,59850,160,0.27,58500,62850,1399-12-11
38,بپيوند,برق و انرژي پيوندگستر پارس,3393,3884872,54060918277,14191,13908,13908,-283,-1.99,13916,-275,-1.94,13908,14135,1399-12-11
39,بجهرم,توسعه مولد نيروگاهي جهرم,3238,30812412,86051038023,2824,2769,2810,-14,-0.5,2793,-31,-1.1,2768,2860,1399-12-11
40,سغرب,سيمان‌غرب‌,3097,4610568,180108605330,37440,37010,39680,2240,5.98,39060,1620,4.33,37010,39680,1399-12-11
41,حفاري,حفاري شمال,2930,18027860,192922341500,10870,10660,10890,20,0.18,10700,-170,-1.56,10660,10980,1399-12-11
42,دسانكو,داروسازي سبحان انكولوژي,2620,9983992,156549791628,15847,15950,15531,-316,-1.99,15680,-167,-1.05,15531,16250,1399-12-11
43,نوري,پتروشيمي نوري,2614,2592956,127914466920,49260,48320,49480,220,0.45,49330,70,0.14,48320,50000,1399-12-11
44,سفارس,سيمان فارس و خوزستان,2610,12516810,232877952610,18580,18210,18800,220,1.18,18610,30,0.16,18210,19220,1399-12-11
45,چفيبر,فيبر ايران‌,2429,10855552,154833646290,14530,14240,14240,-290,-2.0,14260,-270,-1.86,14240,14500,1399-12-11
46,سمازن,سيمان‌مازندران‌,2397,14107102,168622092090,12130,11890,11990,-140,-1.15,11950,-180,-1.48,11890,12280,1399-12-11
47,تسه9911,امتياز تسهيلات مسكن بهمن99,2392,47292,26251482682,556862,534154,550000,-6862,-1.23,555093,-1769,-0.32,529019,584705,1399-12-11
48,فاسمين,كالسيمين‌,2354,18400471,301227636170,16650,16320,16440,-210,-1.26,16370,-280,-1.68,16320,17000,1399-12-11
49,گكوثر,هتل پارسيان كوثر اصفهان,2332,42190995,111725324698,2697,2657,2644,-53,-1.97,2648,-49,-1.82,2644,2720,1399-12-11
50,ومعادن,توسعه‌معادن‌وفلزات‌,2238,17741505,196266079570,11150,10930,11200,50,0.45,11060,-90,-0.81,10930,11260,1399-12-11
51,امين يكم,صندوق درآمد ثابت امين يكم فردا,2216,53180638,538689689564,10127,10128,10130,3,0.03,10129,2,0.02,10124,10132,1399-12-11
52,غپاك,لبنيات‌ پاك‌,2213,12188690,237346081940,19360,19870,19790,430,2.22,19470,110,0.57,18980,19910,1399-12-11
53,وملي,گروه‌ صنعتي‌ ملي‌ (هلدينگ‌,2182,893236,156165630330,176830,173300,174550,-2280,-1.29,174830,-2000,-1.13,173300,181240,1399-12-11
54,ومهان,گروه توسعه مالي مهر آيندگان,2141,12849182,156787843699,12439,12191,12194,-245,-1.97,12202,-237,-1.91,12191,12483,1399-12-11
55,تاپيكو,س. نفت و گاز و پتروشيمي تأمين,2130,11479907,126139636940,11110,10890,11000,-110,-0.99,10990,-120,-1.08,10890,11320,1399-12-11
56,شپترو,پتروشيمي آبادان,2119,25377766,110068416445,4320,4234,4403,83,1.92,4337,17,0.39,4234,4440,1399-12-11
57,ستران,سيمان‌ تهران‌,2101,4555879,118172740020,26250,25730,26560,310,1.18,25940,-310,-1.18,25730,26790,1399-12-11
58,سرو,صندوق س سروسودمند مدبران-سهام,2086,2550718,163062044800,61990,63000,64480,2490,4.02,63930,1940,3.13,63000,64880,1399-12-11
59,ثامان,سامان‌ گستراصفهان‌,2047,4080018,95618313190,22760,22400,23900,1140,5.01,23440,680,2.99,22400,24020,1399-12-11
60,جمح,ح . پتروشيمي جم,2044,4026771,96288505580,22210,23340,23900,1690,7.61,23910,1700,7.65,21520,24500,1399-12-11
61,غسالم,سالمين‌,2036,16706966,71131717780,4330,4250,4260,-70,-1.62,4260,-70,-1.62,4250,4320,1399-12-11
62,آگاس,صندوق س.هستي بخش آگاه-س,2036,2504242,158071412612,61906,62200,63300,1394,2.25,63121,1215,1.96,62200,64489,1399-12-11
63,خساپا,سايپا,2005,135525800,314419856000,2360,2320,2320,-40,-1.69,2320,-40,-1.69,2320,2320,1399-12-11
64,شغدير,پتروشيمي غدير,1964,2579656,159979469860,59653,58800,63220,3567,5.98,62016,2363,3.96,58800,63232,1399-12-11
65,بالاس,مهندسي ساختمان تاسيسات راه آهن,1953,1239669,74496502032,60791,59576,60030,-761,-1.25,60094,-697,-1.15,59576,61700,1399-12-11
66,خكرمان,گروه اقتصادي كرمان خودرو,1938,21525713,84357399331,3995,3916,3916,-79,-1.98,3919,-76,-1.9,3916,3994,1399-12-11
67,بكام,كارخانجات توليدي شهيد قندي,1906,23545685,78568714250,3360,3360,3360,0,0.0,3340,-20,-0.6,3300,3390,1399-12-11
68,پيزد,مجتمع صنايع لاستيك يزد,1902,381848,25618167088,68379,67012,67012,-1367,-2.0,67699,-680,-0.99,67012,68100,1399-12-11
69,چكاوه,صنايع‌كاغذسازي‌كاوه‌,1897,4900233,80777875950,16050,15730,16780,730,4.55,16480,430,2.68,15730,17010,1399-12-11
70,مدير,ص.س.مديريت ثروت ص.بازنشستگي-س,1886,10019511,87863537059,8535,8535,8810,275,3.22,8769,234,2.74,8535,8934,1399-12-11
71,فوكا,فولاد كاويان,1828,16606379,215990801584,12700,12606,13081,381,3.0,13006,306,2.41,12500,13081,1399-12-11
72,ونيرو,سرمايه‌گذاري‌نيرو,1796,24207773,62833776180,2640,2590,2610,-30,-1.14,2600,-40,-1.52,2590,2670,1399-12-11
73,شلرد,كود شيميايي اوره لردگان,1751,15034538,99715023416,6699,6585,6579,-120,-1.79,6632,-67,-1.0,6570,6790,1399-12-11
74,فجر,فولاد اميركبيركاشان,1731,4454180,248442865630,56660,55530,56500,-160,-0.28,55780,-880,-1.55,55530,57000,1399-12-11
75,اعتماد,صندوق س.اعتماد آفرين پارسيان-د,1728,29533340,1036990146050,35097,35115,35111,14,0.04,35113,16,0.05,35111,35117,1399-12-11
76,وسكاب,س.ص.بازنشستگي كاركنان بانكها,1724,28082925,150567211640,5430,5330,5450,20,0.37,5360,-70,-1.29,5330,5520,1399-12-11
77,سامان,بانك سامان,1707,22065289,221135682107,9925,9801,10070,145,1.46,10022,97,0.98,9801,10170,1399-12-11
78,تاصيكو,سرمايه گذاري صدرتامين,1688,16516315,154135091740,9450,9270,9270,-180,-1.9,9330,-120,-1.27,9270,9720,1399-12-11
79,شصدف,صنعتي دوده فام,1605,89391,2719006047,28696,30417,30417,1721,6.0,28784,88,0.31,30417,30417,1399-12-11
80,ارزش,صندوق س ارزش آفرين بيدار-سهام,1565,9519063,88644272800,9060,9200,9400,340,3.75,9310,250,2.76,9150,9500,1399-12-11
81,كيان,صندوق س. با درآمد ثابت كيان,1522,28884151,790894572588,27369,27383,27386,17,0.06,27382,13,0.05,27380,27387,1399-12-11
82,ذوب,سهامي ذوب آهن  اصفهان,1495,28157732,111673565112,4046,3966,3966,-80,-1.98,3966,-80,-1.98,3966,3966,1399-12-11
83,تبرك,گروه كارخانجات صنعتي تبرك,1482,3137525,49796684797,15789,15550,15800,11,0.07,15871,82,0.52,15474,16090,1399-12-11
84,خودرو,ايران‌ خودرو,1479,55586986,140635074580,2580,2530,2530,-50,-1.94,2530,-50,-1.94,2530,2530,1399-12-11
85,كتوكاح,ح.توليدي وخدمات صنايع نسوزتوكا,1463,3622205,78124061825,21798,21363,21800,2,0.01,21568,-230,-1.06,21363,22997,1399-12-11
86,نهال,صندوق س. طلاي سرخ نوويرا,1424,4228812,39978975429,9100,9300,9503,403,4.43,9454,354,3.89,9100,9670,1399-12-11
87,فباهنر,مس‌ شهيدباهنر,1389,1500335,76643199680,52040,51000,51180,-860,-1.65,51080,-960,-1.84,51000,52580,1399-12-11
88,همراه,شركت ارتباطات سيار ايران,1366,10061437,263277565660,26590,26060,26100,-490,-1.84,26170,-420,-1.58,26060,27500,1399-12-11
89,سپاها,سيمان‌سپاهان‌,1350,6608604,57419091130,8620,8470,8720,100,1.16,8690,70,0.81,8470,8930,1399-12-11
90,كگل,معدني و صنعتي گل گهر,1336,7578067,128661920820,16860,16530,17220,360,2.14,16980,120,0.71,16530,17450,1399-12-11
91,فولاژ,فولاد آلياژي ايران,1324,5705224,91127723460,15430,15130,16350,920,5.96,15970,540,3.5,15130,16350,1399-12-11
92,وبانك,سرمايه گذاري گروه توسعه ملي,1288,11140313,85262248200,7780,7630,7630,-150,-1.93,7650,-130,-1.67,7630,7900,1399-12-11
93,كچاد,معدني‌وصنعتي‌چادرملو,1285,5699194,110391989680,19140,18880,19550,410,2.14,19350,210,1.1,18880,19890,1399-12-11
94,تملت,تامين سرمايه بانك ملت,1271,7346210,42093783300,5840,5730,5730,-110,-1.88,5740,-100,-1.71,5730,5730,1399-12-11
95,وتوسم,سرمايه‌گذاري‌توسعه‌ملي‌,1231,12985362,161381977090,11800,11600,12500,700,5.93,12430,630,5.34,11600,12500,1399-12-11
96,رمپنا,گروه مپنا (سهامي عام),1225,13887293,219973659230,16150,15830,15890,-260,-1.61,15840,-310,-1.92,15830,16590,1399-12-11
97,ضخود2007,اختيارخ خودرو-3000-1400/02/08,1215,57536,8166940000,125,149,138,13,10.4,142,17,13.6,124,156,1399-12-11
98,غپونه,نوش پونه مشهد,1170,3484811,76606423243,22239,21795,21795,-444,-2.0,21983,-256,-1.15,21795,22900,1399-12-11
99,ارفع,شركت آهن و فولاد ارفع,1136,6148020,77345367635,12424,12210,12560,136,1.09,12581,157,1.26,12182,12950,1399-12-11
100,شسپا,نفت سپاهان,1125,6793023,98280830400,14700,14410,14620,-80,-0.54,14470,-230,-1.56,14410,15000,1399-12-11
101,ونفت,سرمايه‌گذاري‌ صنعت‌ نفت‌,1116,8824476,145851576630,16850,16520,16780,-70,-0.42,16530,-320,-1.9,16520,16850,1399-12-11
102,پاكشو,گروه صنعتي پاكشو,1065,1518345,115941873970,76840,75310,76840,0,0.0,76360,-480,-0.62,75310,78500,1399-12-11
103,تسه9909,امتياز تسهيلات مسكن آذر99,1061,47402,25802010855,564490,540001,544998,-19492,-3.45,544323,-20167,-3.57,536266,584000,1399-12-11
104,ثتوسا,س.توسعه و عمران استان اردبيل,1039,1252887,58286665671,47388,46441,46441,-947,-2.0,46522,-866,-1.83,46441,47080,1399-12-11
105,وبوعلي,سرمايه‌گذاري‌بوعلي‌,1025,16044896,92267732940,5820,5710,5790,-30,-0.52,5750,-70,-1.2,5710,5870,1399-12-11
106,وملل,اعتباري ملل,1007,12543921,168525061820,13430,13162,13450,20,0.15,13435,5,0.04,13162,13700,1399-12-11
107,شبصير,توليدات پتروشيمي قائد بصير,984,1015538,91870524221,85937,84500,91093,5156,6.0,90465,4528,5.27,84500,91093,1399-12-11
108,زاگرس,پتروشيمي زاگرس,983,681096,122775534920,178333,180000,182840,4507,2.53,180262,1929,1.08,175000,182999,1399-12-11
109,قچار,فراوردههاي غذايي وقند چهارمحال,978,1178499,109873825570,92977,91600,92920,-57,-0.06,93232,255,0.27,91600,94490,1399-12-11
110,سهگمت,سيمان‌هگمتان‌,971,1521368,39882480960,25580,25070,26520,940,3.67,26090,510,1.99,25070,26980,1399-12-11
111,وسين,بيمه سينا,971,6194277,98841593451,16678,15845,15845,-833,-4.99,15957,-721,-4.32,15845,16660,1399-12-11
112,زفكاح,ح . كشت و دامداري فكا,969,5975523,46651086541,7716,7610,7965,249,3.23,7807,91,1.18,7610,7989,1399-12-11
113,هرمز,فولاد هرمزگان جنوب,957,4221594,55674893535,13066,12880,13179,113,0.86,13123,57,0.44,12871,13449,1399-12-11
114,فسازان,غلتك سازان سپاهان,951,2021883,68800545020,34670,33980,34100,-570,-1.64,34030,-640,-1.85,33980,34800,1399-12-11
115,فنورد,نوردوقطعات‌ فولادي‌,936,381033,78337303180,209040,204860,206000,-3040,-1.45,205590,-3450,-1.65,204860,212490,1399-12-11
116,حسينا,توسعه خدمات دريايي وبندري سينا,932,980867,69522360334,69944,70000,71065,1121,1.6,70878,934,1.34,69450,71549,1399-12-11
117,رتاپ,تجارت الكترونيك  پارسيان,917,4955403,32088449950,6590,6460,6460,-130,-1.97,6520,-70,-1.06,6460,6590,1399-12-11
118,دتماد,توليدمواداوليه‌داروپخش‌,904,2954402,131975359020,45510,44600,44660,-850,-1.87,44670,-840,-1.85,44600,46270,1399-12-11
119,دكيمي,كيميدارو,888,1949017,50546119750,25860,26000,25350,-510,-1.97,25930,70,0.27,25350,26510,1399-12-11
120,سباقر,سيمان باقران,867,2589618,47572006832,18120,17758,18468,348,1.92,18370,250,1.38,17758,18663,1399-12-11
121,اميد,تامين سرمايه اميد,858,5728819,51153613750,9000,9000,8890,-110,-1.22,8930,-70,-0.78,8850,9110,1399-12-11
122,حتايد,تايدواترخاورميانه,855,4320422,101405861650,23920,23450,23450,-470,-1.96,23470,-450,-1.88,23450,24200,1399-12-11
123,پارسان,گسترش نفت و گاز پارسيان,844,7507888,135684709460,18400,18040,18040,-360,-1.96,18070,-330,-1.79,18040,18400,1399-12-11
124,كهمدا,شيشه‌ همدان‌,842,3861929,38918954590,10220,10070,10030,-190,-1.86,10110,-110,-1.08,10020,10360,1399-12-11
125,شپديس,پتروشيمي پرديس,839,911391,80065432230,87460,86000,88000,540,0.62,87780,320,0.37,85900,90000,1399-12-11
126,غفارس,شير پاستوريزه پگاه فارس,839,5168230,82153162443,16133,15811,15811,-322,-2.0,15896,-237,-1.47,15811,16297,1399-12-11
127,سشمال,سيمان‌ شمال‌,798,3492611,43670438650,12750,12500,12500,-250,-1.96,12530,-220,-1.73,12500,12680,1399-12-11
128,خريخت,صنايع‌ريخته‌گري‌ايران‌,796,7963428,28502488380,3630,3560,3620,-10,-0.28,3600,-30,-0.83,3560,3660,1399-12-11
129,كاردان,صندوق س تجارت شاخصي كاردان,786,283136,42354033100,144530,146200,150700,6170,4.27,149590,5060,3.5,146200,153000,1399-12-11
130,سكرما,سيمان‌ كرمان‌,772,2593134,46570627310,18230,17870,17870,-360,-1.97,17970,-260,-1.43,17870,18500,1399-12-11
131,دزهراويح,ح . ‌داروسازي‌زهراوي‌,759,3367995,17915908830,5530,5310,5310,-220,-3.98,5320,-210,-3.8,5310,5480,1399-12-11
132,مبين,مبين انرژي خليج فارس,752,5020371,73692545010,14620,14330,14700,80,0.55,14660,40,0.27,14330,14910,1399-12-11
133,فردا,صندوق س آواي فرداي زاگرس-ثابت,746,36189033,370870326388,10246,10249,10248,2,0.02,10248,2,0.02,10248,10252,1399-12-11
134,وحكمت,بيمه حكمت صبا,738,5025264,20696008073,4177,4094,4094,-83,-1.99,4118,-59,-1.41,4094,4200,1399-12-11
135,كترام,توليدي‌ كاشي‌ تكسرام‌,730,2856433,140699264830,49490,50000,49000,-490,-0.99,49260,-230,-0.46,49000,50000,1399-12-11
136,ثاميد,توسعه و عمران اميد,728,6905356,10634248240,1570,1540,1540,-30,-1.91,1560,-10,-0.64,1540,1540,1399-12-11
137,تكنو,تكنوتار,693,1387287,33355617170,24460,23980,23980,-480,-1.96,24180,-280,-1.14,23980,24740,1399-12-11
138,جم,پتروشيمي جم,685,4129473,126156339410,31100,30480,30500,-600,-1.93,30550,-550,-1.77,30480,31430,1399-12-11
139,دعبيد,لابراتوارداروسازي‌  دكترعبيدي‌,679,1066145,23771814630,22710,22260,22260,-450,-1.98,22510,-200,-0.88,22260,22710,1399-12-11
140,والبر,سرمايه‌ گذاري‌ البرز(هلدينگ‌,679,4033002,65873115870,16660,16330,16410,-250,-1.5,16330,-330,-1.98,16330,16660,1399-12-11
141,كگاز,شيشه‌ و گاز,665,1282561,24318892480,18910,18910,19040,130,0.69,18930,20,0.11,18660,19330,1399-12-11
142,تسه9910,امتياز تسهيلات مسكن دي99,663,9948,5497842632,564896,593140,545000,-19896,-3.52,552658,-12238,-2.17,536652,593140,1399-12-11
143,طلا,صندوق س.پشتوانه طلاي لوتوس,645,1306708,105026180079,79859,80750,80800,941,1.18,80375,516,0.65,79960,81000,1399-12-11
144,سحرخيز,صندوق س. گروه زعفران سحرخيز,644,2101729,20018442743,9493,9510,9551,58,0.61,9525,32,0.34,9493,9701,1399-12-11
145,شاراك,پتروشيمي شازند,636,3075546,66069494650,21420,21000,21750,330,1.54,21480,60,0.28,21000,21830,1399-12-11
146,كحافظ,كاشي‌ وسراميك‌ حافظ‌,633,2167985,27394859910,12880,12630,12630,-250,-1.94,12740,-140,-1.09,12630,12880,1399-12-11
147,بركت,گروه دارويي بركت,631,3229983,84011857830,26540,26010,26010,-530,-2.0,26010,-530,-2.0,26010,26010,1399-12-11
148,ثمسكن,سرمايه‌گذاري‌ مسكن‌,630,9042017,48261236580,5430,5340,5370,-60,-1.1,5340,-90,-1.66,5330,5440,1399-12-11
149,كاريس,صندوق س.سپهر كاريزما-س,627,4006938,42299776030,10306,10181,10600,294,2.85,10557,251,2.44,10181,10710,1399-12-11
150,فلوله,لوله‌وماشين‌سازي‌ايران‌,622,2249688,49241875540,22310,21870,21870,-440,-1.97,21890,-420,-1.88,21870,22270,1399-12-11
151,سخوز,سيمان خوزستان,621,1653856,37409427100,22520,22110,22700,180,0.8,22600,80,0.36,22080,23100,1399-12-11
152,شبهرن,نفت‌ بهران‌,619,777290,40638744280,53060,52000,52300,-760,-1.43,52480,-580,-1.09,52000,53570,1399-12-11
153,بموتو,موتوژن‌,615,756134,41620894940,56090,56900,54970,-1120,-2.0,55190,-900,-1.6,54970,56900,1399-12-11
154,پرديس,سرمايه گذاري پرديس,611,4947711,31597644840,6510,6380,6390,-120,-1.84,6430,-80,-1.23,6380,6500,1399-12-11
155,فيروزه,صندوق شاخص30 شركت فيروزه- سهام,607,315020,41085795610,126160,129500,132300,6140,4.87,130420,4260,3.38,128200,132460,1399-12-11
156,خاهن,آهنگري‌ تراكتورسازي‌ ايران‌,604,2380251,90456987100,38030,38000,38020,-10,-0.03,38000,-30,-0.08,38000,38100,1399-12-11
157,ضخود2006,اختيارخ خودرو-2500-1400/02/08,603,22536,6614516000,273,294,286,13,4.76,294,21,7.69,282,330,1399-12-11
158,تنوين,تامين سرمايه نوين,593,8583750,52518988120,6030,6050,6130,100,1.66,6120,90,1.49,6050,6310,1399-12-11
159,شنفت,نفت‌ پارس‌,590,815084,40233360810,50320,49320,49320,-1000,-1.99,49540,-780,-1.55,49320,50000,1399-12-11
160,شفن,پتروشيمي فناوران,588,132904,37150837030,276430,272250,281700,5270,1.91,277580,1150,0.42,271000,282000,1399-12-11
161,وايرا,سرمايه گذاري صنايع ايران,582,2728301,29525016644,10866,10649,11079,213,1.96,10822,-44,-0.4,10649,11100,1399-12-11
162,ورازي,بيمه رازي,569,5318390,41436593501,8104,7750,7900,-204,-2.52,7791,-313,-3.86,7699,8010,1399-12-11
163,شاوان,پالايش نفت لاوان,565,1343482,99821363998,75450,74000,75000,-450,-0.6,74300,-1150,-1.52,73941,75500,1399-12-11
164,تسه9908,امتياز تسهيلات مسكن آبان99,561,10425,5714205786,559640,546666,550110,-9530,-1.7,548125,-11515,-2.06,531658,586970,1399-12-11
165,كنور,توسعه معدني و صنعتي صبانور,554,716174,30492087430,42760,42000,43150,390,0.91,42650,-110,-0.26,42000,43600,1399-12-11
166,غگلپا,شير پاستوريزه پگاه گلپايگان,553,352969,24636676964,71082,69661,69662,-1420,-2.0,70432,-650,-0.91,69661,70878,1399-12-11
167,ثاخت,بين‌المللي‌توسعه‌ساختمان,549,11263082,30522952220,2760,2710,2710,-50,-1.81,2730,-30,-1.09,2710,2710,1399-12-11
168,پارس,پتروشيمي پارس,549,538007,68129081930,125610,123100,126500,890,0.71,126310,700,0.56,123100,130000,1399-12-11
169,كمينا,شيشه سازي مينا,544,825802,21574198797,26676,25454,26201,-475,-1.78,26125,-551,-2.07,25454,26676,1399-12-11
170,وخاور,بانك خاورميانه,535,8856294,76741965450,8830,8660,8670,-160,-1.81,8670,-160,-1.81,8660,8910,1399-12-11
171,غمينو,شركت صنايع غذايي مينو شرق,533,7035706,86401027502,12529,12279,12279,-250,-2.0,12280,-249,-1.99,12279,12436,1399-12-11
172,واحيا,م .صنايع و معادن احياء سپاهان,531,653135,91675905314,141884,139070,141470,-414,-0.29,140363,-1521,-1.07,139070,144290,1399-12-11
173,فايرا,آلومينيوم‌ايران‌,528,3146390,79611989080,25420,24920,25470,50,0.2,25300,-120,-0.47,24920,25880,1399-12-11
174,شجم,صنايع پتروشيمي تخت جمشيد,523,2857264,26453849443,9321,9600,9550,229,2.46,9258,-63,-0.68,9135,9600,1399-12-11
175,شپاكسا,پاكسان‌,514,1862331,51703461170,27850,27300,27980,130,0.47,27760,-90,-0.32,27300,28600,1399-12-11
176,سرچشمه,سرمايه گذاري مس سرچشمه,502,4123637,27009564732,6678,6545,6545,-133,-1.99,6607,-71,-1.06,6545,6680,1399-12-11
177,دالبر,البرزدارو,500,984650,20277169720,20930,20520,20520,-410,-1.96,20790,-140,-0.67,20520,20990,1399-12-11
178,غويتاح,ح . ويتانا,484,1885724,21725822977,11727,11493,11493,-234,-2.0,11521,-206,-1.76,11493,11840,1399-12-11
179,دشيميح,ح . شيمي‌ داروئي‌ داروپخش‌,480,777383,17088902860,22890,21980,21980,-910,-3.98,21980,-910,-3.98,21980,22100,1399-12-11
180,سمتا011,سلف موازي استاندارد سمتا011,454,1360710,9999948957570,7349067,7349067,7349067,0,0.0,7349067,0,0.0,7349067,7349067,1399-12-11
181,شكربن,كربن‌ ايران‌,449,704337,70070287770,100720,98720,98710,-2010,-2.0,99480,-1240,-1.23,98710,102600,1399-12-11
182,وسينا,بانك سينا,444,10632416,35201812770,3370,3310,3310,-60,-1.78,3330,-40,-1.19,3310,3360,1399-12-11
183,پارند,صندوق س. پارند پايدار سپهر,444,9254115,105078244897,11348,11357,11352,4,0.04,11355,7,0.06,11352,11362,1399-12-11
184,دي,بانك دي,441,842541,18055653630,21867,21430,21430,-437,-2.0,21723,-144,-0.66,21430,21430,1399-12-11
185,رنيك,جنرال مكانيك,433,1437210,29445801048,20892,20475,20475,-417,-2.0,20644,-248,-1.19,20475,20600,1399-12-11
186,آكورد,صندوق س. آرمان آتي كوثر-د,408,6877462,212908791771,30943,30963,30964,21,0.07,30957,14,0.05,30955,30964,1399-12-11
187,شخارك,پتروشيمي‌ خارك‌,402,812276,33523888720,41360,40540,41000,-360,-0.87,41330,-30,-0.07,40540,42190,1399-12-11
188,پلاسك,پلاسكوكار,399,1974204,15462267460,7970,7820,7880,-90,-1.13,7930,-40,-0.5,7820,7970,1399-12-11
189,جم پيلن,پلي پروپيلن جم - جم پيلن,397,561123,36760251820,64260,63110,66080,1820,2.83,65140,880,1.37,63110,67990,1399-12-11
190,تيپيكو,سرمايه گذاري دارويي تامين,392,876050,36264751520,42180,41340,41340,-840,-1.99,41790,-390,-0.92,41340,42170,1399-12-11
191,فلات,گروه صنايع معادن فلات ايرانيان,390,2116040,26436921943,12350,12103,12720,370,3.0,12494,144,1.17,12103,12720,1399-12-11
192,ساراب,سيمان‌ داراب‌,389,2265103,35684825540,16070,15750,15750,-320,-1.99,15840,-230,-1.43,15750,16100,1399-12-11
193,ضسپا3004,اختيارخ خساپا-2500-1400/03/26,385,20687,6044590000,258,250,280,22,8.53,292,34,13.18,250,330,1399-12-11
194,خگستر,گسترش‌سرمايه‌گذاري‌ايران‌خودرو,385,3384545,10052098650,3030,2970,2970,-60,-1.98,3020,-10,-0.33,2970,2970,1399-12-11
195,كرماشا,صنايع پتروشيمي كرمانشاه,379,977423,33206070230,34210,33530,34200,-10,-0.03,34050,-160,-0.47,33530,34360,1399-12-11
196,تصميم,صندوق س با درآمد ثابت تصميم,378,5848859,92171058173,15759,15766,15745,-14,-0.09,15759,0,0.0,15735,15766,1399-12-11
197,مداران,داده‌پردازي‌ايران‌,376,1047999,27276175710,26550,26020,26020,-530,-2.0,26250,-300,-1.13,26020,26790,1399-12-11
198,اطلس,صندوق س.توسعه اندوخته آينده-س,367,98200,19060776898,191452,191501,195005,3553,1.86,194102,2650,1.38,191501,196000,1399-12-11
199,وصنا,گروه‌صنايع‌بهشهرايران‌,362,3202512,19248576740,6130,6010,6010,-120,-1.96,6080,-50,-0.82,6010,6090,1399-12-11
200,وتوس,توسعه‌شهري‌توس‌گستر,354,1839095,27720364950,15370,15070,15070,-300,-1.95,15200,-170,-1.11,15070,15170,1399-12-11
201,لبوتان,گروه‌صنعتي‌بوتان‌,352,328152,20886855130,64900,63610,63610,-1290,-1.99,64360,-540,-0.83,63610,64970,1399-12-11
202,عيار,صندوق س. پشتوانه طلاي مفيد,348,865623,24329483235,27899,28040,28170,271,0.97,28106,207,0.74,27956,28239,1399-12-11
203,ما,بيمه  ما,347,6418492,51994684690,8260,8100,8100,-160,-1.94,8100,-160,-1.94,8100,8130,1399-12-11
204,شصفها,پتروشيمي‌ اصفهان‌,343,318701,40272279888,124295,124295,126780,2485,2.0,126364,2069,1.66,121810,126780,1399-12-11
205,تماوند,تامين سرمايه دماوند,341,1229523,17920978771,15009,14400,14839,-170,-1.13,14592,-417,-2.78,14300,15000,1399-12-11
206,بفجر,فجر انرژي خليج فارس,340,1492006,33816766730,23040,22580,22580,-460,-2.0,22820,-220,-0.95,22580,23230,1399-12-11
207,نطرين,عطرين نخ قم,338,1289200,15868390326,12556,12305,12305,-251,-2.0,12475,-81,-0.65,12305,12414,1399-12-11
208,شفارس,صنايع‌ شيميايي‌ فارس‌,335,328324,17187761400,53410,52350,52350,-1060,-1.98,53040,-370,-0.69,52350,52350,1399-12-11
209,سيدكو,سرمايه گذاري توسعه صنايع سيمان,333,2072184,12496810340,6140,6020,6030,-110,-1.79,6110,-30,-0.49,6020,6190,1399-12-11
210,بترانس,ايران‌ ترانسفو,332,6396543,17846354970,2840,2790,2790,-50,-1.76,2820,-20,-0.7,2790,2790,1399-12-11
211,ياقوت,صندوق س ياقوت آگاه-ثابت,332,1691277,20274403127,11985,11990,11984,-1,-0.01,11988,3,0.03,11982,11991,1399-12-11
212,كاما,باما,328,968523,13723970910,14450,14170,14170,-280,-1.94,14380,-70,-0.48,14170,14170,1399-12-11
213,پكرمان,گروه‌ صنعتي‌ بارز,328,877291,22508496070,25970,25460,26000,30,0.12,25820,-150,-0.58,25460,26400,1399-12-11
214,وبشهر,توسعه‌ صنايع‌ بهشهر(هلدينگ,322,1649179,18845929500,11650,11420,11420,-230,-1.97,11560,-90,-0.77,11420,11530,1399-12-11
215,لابسا,آبسال‌,319,269618,13374704020,50590,49580,49580,-1010,-2.0,50320,-270,-0.53,49580,51000,1399-12-11
216,دلر,داروسازي‌ اكسير,318,565078,20899235960,37680,36930,36930,-750,-1.99,37400,-280,-0.74,36930,37880,1399-12-11
217,مارون,پتروشيمي مارون,317,84547,12704456910,148406,154999,150151,1745,1.18,148639,233,0.16,148491,154999,1399-12-11
218,واعتبار,سرمايه گذاري اعتبار ايران,314,2440291,21340672220,8900,8740,8750,-150,-1.69,8830,-70,-0.79,8730,8980,1399-12-11
219,آساس,صندوق س.آسمان آرماني سهام-س,311,146740,22599509070,150365,153500,154650,4285,2.85,154011,3646,2.42,152021,156570,1399-12-11
220,دكپسولح,ح .توليد ژلاتين كپسول ايران,309,321446,7397991141,23197,23009,23273,76,0.33,23015,-182,-0.78,22744,23690,1399-12-11
221,لوتوس,تامين سرمايه لوتوس پارسيان,305,1085266,10983337590,10220,10070,10200,-20,-0.2,10200,-20,-0.2,10030,10200,1399-12-11
222,زرين,صندوق س. سهام زرين كوروش-س,290,712413,6623248429,9142,9324,9300,158,1.73,9297,155,1.7,9041,9500,1399-12-11
223,كپرور,فرآوري زغال سنگ پروده طبس,274,730556,28956282560,40439,39631,39631,-808,-2.0,39960,-479,-1.18,39631,40000,1399-12-11
224,شيراز,پتروشيمي‌شيراز,271,360702,18264218440,50620,49700,50600,-20,-0.04,50620,0,0.0,49610,53000,1399-12-11
225,سكه0012پ01,سكه تمام بهارتحويلي 1روزه رفاه,267,111400,122954825100,1094212,1100012,1107004,12792,1.17,1103724,9512,0.87,1100000,1110001,1399-12-11
226,خراسان,پتروشيمي خراسان,261,360583,23632976820,66090,64770,66000,-90,-0.14,65830,-260,-0.39,64770,67010,1399-12-11
227,هاي وب,داده گسترعصرنوين-هاي وب,261,1973809,19205161570,9920,9730,9730,-190,-1.92,9850,-70,-0.71,9730,9730,1399-12-11
228,كپشير,پشم‌شيشه‌ايران‌,257,745682,29834736820,40820,40010,40010,-810,-1.98,40360,-460,-1.13,40010,40010,1399-12-11
229,سپح,ح . پرداخت الكترونيك سامان كيش,256,10223309,141389859340,14400,14400,13830,-570,-3.96,13830,-570,-3.96,13830,14400,1399-12-11
230,سيستم,همكاران سيستم,255,958975,25290876210,26900,26370,26370,-530,-1.97,26620,-280,-1.04,26370,26890,1399-12-11
231,سبزوا,سيمان لار سبزوار,241,2115374,7953806240,3836,3760,3760,-76,-1.98,3824,-12,-0.31,3760,3760,1399-12-11
232,كگهر,سنگ آهن گهرزمين,237,350798,16009672176,45864,45050,45060,-804,-1.75,45834,-30,-0.07,44947,46500,1399-12-11
233,رانفور,خدمات‌انفورماتيك‌,235,722610,17660588400,24930,24440,24440,-490,-1.97,24820,-110,-0.44,24440,24440,1399-12-11
234,تسه9902,امتياز تسهيلات مسكن ارديبهشت99,231,5291,2963239375,560345,532828,588361,28016,5.0,560053,-292,-0.05,532328,588362,1399-12-11
235,شرانل,نفت ايرانول,230,1748386,61878061935,36107,35385,36000,-107,-0.3,35392,-715,-1.98,35385,36380,1399-12-11
236,حكشتي,كشتيراني جمهوري اسلامي ايران,225,928439,18466651710,20290,19890,19890,-400,-1.97,20230,-60,-0.3,19890,19890,1399-12-11
237,سقاين,سيمان‌ قائن‌,224,71435,5503352400,78610,77040,77040,-1570,-2.0,78430,-180,-0.23,77040,77040,1399-12-11
238,پخش,پخش البرز,222,540843,18656198593,35181,34478,34478,-703,-2.0,34921,-260,-0.74,34478,35073,1399-12-11
239,تسه9810,امتياز تسهيلات مسكن دي98,217,6252,3457620135,561421,540000,533350,-28071,-5.0,553042,-8379,-1.49,533350,589491,1399-12-11
240,انرژي3,سايراشخاص بورس انرژي,216,32718,8826662040,275280,269780,269780,-5500,-2.0,274530,-750,-0.27,269780,269780,1399-12-11
241,صايند,صندوق س. گنجينه آينده روشن-د,215,1275760,12668761210,10071,9921,9929,-142,-1.41,9930,-141,-1.4,9920,9945,1399-12-11
242,كارين,صندوق س نگين سامان-ثابت,212,12021423,120989968869,10063,10063,10068,5,0.05,10065,2,0.02,10063,10068,1399-12-11
243,تسه9712,امتياز تسهيلات مسكن اسفند97,209,3538,1884162782,529385,510000,535000,5615,1.06,532550,3165,0.6,503000,555850,1399-12-11
244,آساميد,صندوق س.مشترك آسمان اميد -د,202,8607074,99905710150,11612,11607,11605,-7,-0.06,11607,-5,-0.04,11605,11614,1399-12-11
245,ساروج,بين المللي ساروج بوشهر,199,332662,7628707975,23015,23690,23020,5,0.02,22984,-31,-0.13,22555,23690,1399-12-11
246,ضشنا2002,اختيارخ شپنا-12000-1400/02/27,198,5205,7099556000,1150,2100,1339,189,16.43,1364,214,18.61,1250,2099,1399-12-11
247,تسه9907,امتياز تسهيلات مسكن مهر99,195,2389,1321784261,565584,541000,547991,-17593,-3.11,553279,-12305,-2.18,537305,589990,1399-12-11
248,افران,صندوق س افرا نماد پايدار-ثابت,194,4877521,62373559766,12778,12785,12795,17,0.13,12788,10,0.08,12779,12796,1399-12-11
249,سپ,پرداخت الكترونيك سامان كيش,188,391267,6679427990,17410,17070,17070,-340,-1.95,17360,-50,-0.29,17070,17150,1399-12-11
250,زر,صندوق س.پشتوانه سكه طلاي زر,186,116662,5693104952,48035,48500,48990,955,1.99,48800,765,1.59,48220,49190,1399-12-11
251,وساخت,سرمايه‌ گذاري‌ ساختمان‌ايران‌,185,735403,33953556510,47110,46170,46170,-940,-2.0,46440,-670,-1.42,46170,46170,1399-12-11
252,تسه9801,امتياز تسهيلات مسكن فروردين98,182,2197,1218407682,544397,519500,542003,-2394,-0.44,554578,10181,1.87,519500,570000,1399-12-11
253,شپاس,نفت پاسارگاد,181,512452,10634003437,21155,20732,20732,-423,-2.0,21066,-89,-0.42,20732,20997,1399-12-11
254,دارا,صندوق س. دارا الگوريتم-د,181,2995847,29999401548,10027,10043,9999,-28,-0.28,10014,-13,-0.13,9980,10043,1399-12-11
255,خصدرا,صنعتي‌ دريايي‌ ايران‌,177,4197724,13390739560,3255,3190,3190,-65,-2.0,3229,-26,-0.8,3190,3190,1399-12-11
256,كيان2,صندوق س. با درآمد ثابت كيان,175,17500000,17500000,27369,1,1,-27368,-100.0,1,-27368,-100.0,1,1,1399-12-11
257,وسرضوي,س.سهام عدالت استان خراسان رضوي,174,10391422,10495336220,1030,1010,1010,-20,-1.94,1030,0,0.0,1010,1010,1399-12-11
258,چخزر,صنايع چوب خزر كاسپين,170,412341,24617170041,60919,59701,59701,-1218,-2.0,60301,-618,-1.01,59701,59701,1399-12-11
259,سفانو,سيمان فارس نو,168,276722,11984829820,44190,43310,43310,-880,-1.99,43970,-220,-0.5,43310,43310,1399-12-11
260,تسه9906,امتياز تسهيلات مسكن شهريور99,167,1646,907455333,560677,532648,569999,9322,1.66,551309,-9368,-1.67,532648,570000,1399-12-11
261,اخزا908,اسنادخزانه-م8بودجه99-020606,167,497818,300360491134,604189,607998,603000,-1189,-0.2,603354,-835,-0.14,600602,607999,1399-12-11
262,بسويچ,پارس‌سويچ‌,163,127139,6656330890,53410,52500,52350,-1060,-1.98,53270,-140,-0.26,52350,53370,1399-12-11
263,شراز,پالايش نفت شيراز,162,198679,20430914011,104515,102425,105000,485,0.46,103813,-702,-0.67,102425,105000,1399-12-11
264,افق,فروشگاههاي زنجيره اي افق كوروش,161,170781,12559234740,75040,73540,73540,-1500,-2.0,74830,-210,-0.28,73540,73540,1399-12-11
265,شكبير,پتروشيمي اميركبير,160,473946,42258531688,90914,89100,89096,-1818,-2.0,90159,-755,-0.83,89096,91800,1399-12-11
266,شفارا,پتروشيمي فارابي,159,1876908,7084012782,3851,3774,3774,-77,-2.0,3823,-28,-0.73,3774,3785,1399-12-11
267,تسه9802,امتياز تسهيلات مسكن ارديبهشت98,156,2035,1144073385,556510,553070,564000,7490,1.35,562198,5688,1.02,553067,574995,1399-12-11
268,فاراك,ماشين‌ سازي‌ اراك‌,155,964449,5053712760,5340,5240,5240,-100,-1.87,5330,-10,-0.19,5240,5240,1399-12-11
269,سشرق,سيمان‌ شرق‌,155,755066,5149550120,6950,6820,6820,-130,-1.87,6940,-10,-0.14,6820,6820,1399-12-11
270,ضملت3001,اختيارخ وبملت-3500-1400/03/19,155,9609,5670222000,560,690,580,20,3.57,590,30,5.36,561,690,1399-12-11
271,تسه9904,امتياز تسهيلات مسكن تير99,152,1933,1077074093,564065,541000,550000,-14065,-2.49,557203,-6862,-1.22,535862,592000,1399-12-11
272,آبادا,توليد نيروي برق آبادان,148,88242,1241564940,14350,14070,14070,-280,-1.95,14340,-10,-0.07,14070,14070,1399-12-11
273,خكاوه,سايپا ديزل,146,1842570,6651677700,3760,3610,3610,-150,-3.99,3708,-52,-1.38,3610,3610,1399-12-11
274,نوين,بيمه نوين,144,2767948,17305210896,6379,6252,6252,-127,-1.99,6334,-45,-0.71,6252,6252,1399-12-11
275,كرازي,كارخانجات‌توليدي‌شيشه‌رازي‌,144,808002,18244685160,23040,22580,22580,-460,-2.0,22860,-180,-0.78,22580,22580,1399-12-11
276,البرز,بيمه البرز,144,2987414,10724816260,3660,3590,3590,-70,-1.91,3640,-20,-0.55,3590,3590,1399-12-11
277,اخابر,مخابرات ايران,144,2996064,30799537920,10480,10280,10280,-200,-1.91,10430,-50,-0.48,10280,10280,1399-12-11
278,سمتاز,سيمان ممتازان كرمان,141,461407,8158812494,18040,17680,17700,-340,-1.88,17888,-152,-0.84,17680,18000,1399-12-11
279,افق ملت,صندوق س در سهام افق ملت,140,50807,5815884670,113650,116000,115000,1350,1.19,114470,820,0.72,113500,116400,1399-12-11
280,ضخود2009,اختيارخ خودرو-4000-1400/02/08,140,8531,402079000,40,41,46,6,15.0,47,7,17.5,40,54,1399-12-11
281,سخاش,سيمان‌خاش‌,140,75062,12315422340,167410,164070,164070,-3340,-2.0,166570,-840,-0.5,164070,164070,1399-12-11
282,فروي,ذوب روي اصفهان,139,236322,15719194152,67873,66516,66516,-1357,-2.0,67437,-436,-0.64,66516,66516,1399-12-11
283,ثبهساز,بهساز كاشانه تهران,135,1204432,2806326560,2370,2330,2330,-40,-1.69,2370,0,0.0,2330,2330,1399-12-11
284,بكهنوج,توليد برق ماهتاب كهنوج,134,1841951,3389189840,1877,1840,1840,-37,-1.97,1874,-3,-0.16,1840,1840,1399-12-11
285,تسه9905,امتياز تسهيلات مسكن مرداد99,134,1405,781354252,554798,527066,547800,-6998,-1.26,556124,1326,0.24,527066,582537,1399-12-11
286,ارمغان,ص سرمايه گذاري ارمغان ايرانيان,133,2132639,21644084051,10151,10160,10150,-1,-0.01,10149,-2,-0.02,10112,10161,1399-12-11
287,كيميا,معدني كيمياي زنجان گستران,133,1063129,19996393361,19192,18809,18809,-383,-2.0,19035,-157,-0.82,18809,18809,1399-12-11
288,سپيدار,سپيدار سيستم آسيا,132,331316,22922097460,70596,69185,69185,-1411,-2.0,69924,-672,-0.95,69185,69185,1399-12-11
289,غبشهر,صنعتي‌ بهشهر,131,2781819,56248380180,20630,20220,20220,-410,-1.99,20220,-410,-1.99,20220,20220,1399-12-11
290,بميلا,توسعه بازرگاني آهن وفولادميلاد,131,614113,9148441361,15681,14897,14897,-784,-5.0,15273,-408,-2.6,14897,14897,1399-12-11
291,آسيا,بيمه آسيا,131,1718121,4054765560,2400,2360,2360,-40,-1.67,2400,0,0.0,2360,2360,1399-12-11
292,وصنعت,سرمايه گذاري توسعه صنعت وتجارت,131,2252197,16148252490,7310,7170,7170,-140,-1.92,7260,-50,-0.68,7170,7170,1399-12-11
293,گوهران,سرمايه گذاري توسعه گوهران اميد,130,943066,7207853438,7798,7643,7643,-155,-1.99,7775,-23,-0.29,7643,7643,1399-12-11
294,غشصفا,شيرپاستوريزه‌پگاه‌اصفهان‌,129,408482,11478627870,28670,28100,28100,-570,-1.99,28540,-130,-0.45,28100,28500,1399-12-11
295,كفرآور,فرآورده هاي سيمان شرق,128,844012,22390794348,27070,26529,26529,-541,-2.0,26529,-541,-2.0,26529,26529,1399-12-11
296,تسه9803,امتياز تسهيلات مسكن خرداد98,128,883,511573341,585520,557030,572000,-13520,-2.31,579358,-6162,-1.05,557030,589998,1399-12-11
297,فسپا,گروه‌صنعتي‌سپاهان‌,127,933234,35472224340,38780,38010,38010,-770,-1.99,38220,-560,-1.44,38010,38010,1399-12-11
298,كخاك,صنايع‌خاك‌چيني‌ايران‌,126,76668,3356226600,44620,44610,43800,-820,-1.84,44560,-60,-0.13,43730,44610,1399-12-11
299,ضخود2005,اختيارخ خودرو-2000-1400/02/08,126,3036,1918548000,618,630,638,20,3.24,632,14,2.27,616,690,1399-12-11
300,وسپه,سرمايه‌گذاري‌ سپه‌,121,1849810,12504715600,6890,6760,6760,-130,-1.89,6830,-60,-0.87,6760,6760,1399-12-11
301,اخزا909,اسنادخزانه-م9بودجه99-020316,120,434979,275620497538,633750,632010,632100,-1650,-0.26,633641,-109,-0.02,630520,635000,1399-12-11
302,دتمادح,ح . توليدمواداوليه‌داروپخش‌,119,1372012,54743278800,39900,39900,39900,0,0.0,39900,0,0.0,39900,39900,1399-12-11
303,شيران,س. صنايع‌شيميايي‌ايران,119,510694,13758096360,27480,26940,26940,-540,-1.97,27400,-80,-0.29,26940,26940,1399-12-11
304,ضشنا2001,اختيارخ شپنا-10000-1400/02/27,118,3060,7672601000,2405,2600,2480,75,3.12,2507,102,4.24,2332,2600,1399-12-11
305,آتيمس,صندوق س.آرمان آتيه درخشان مس-س,115,18359,3255924261,173810,176000,176640,2830,1.63,177348,3538,2.04,176000,179680,1399-12-11
306,گوهر,صندوق سكه طلاي كيان,111,34790,1922904459,54357,55970,55485,1128,2.08,55272,915,1.68,54574,55970,1399-12-11
307,فرابورس,فرابورس ايران,111,156401,5178593511,33786,33111,33111,-675,-2.0,33715,-71,-0.21,33111,33111,1399-12-11
308,بالبر,كابل‌ البرز,109,115015,6502948100,57690,56540,56540,-1150,-1.99,57530,-160,-0.28,56540,56540,1399-12-11
309,شاروم,پتروشيمي اروميه,107,168589,3233031253,19568,19177,19177,-391,-2.0,19542,-26,-0.13,19177,19177,1399-12-11
310,قرن,پديده شيمي قرن,107,191981,11407511020,60630,59420,59420,-1210,-2.0,60340,-290,-0.48,59420,59420,1399-12-11
311,تسه9903,امتياز تسهيلات مسكن خرداد99,107,620,342771705,561045,550001,550000,-11045,-1.97,552858,-8187,-1.46,550000,589097,1399-12-11
312,سكه9912پ04,سكه تمام بهارتحويل1روزه صادرات,105,63200,69876393300,1094318,1097001,1109101,14783,1.35,1105639,11321,1.03,1097001,1109999,1399-12-11
313,ضخود2008,اختيارخ خودرو-3500-1400/02/08,104,5045,405411000,73,75,78,5,6.85,80,7,9.59,71,99,1399-12-11
314,سيلام,سيمان‌ ايلام‌,103,1529946,17701475220,11800,11570,11570,-230,-1.95,11720,-80,-0.68,11570,11570,1399-12-11
315,سپاس,صندوق س. پاداش سهامداري توسعه1,103,2051646,20782212468,10124,10143,10128,4,0.04,10130,6,0.06,10128,10143,1399-12-11
316,وهور,مديريت انرژي اميد  تابان هور,103,1611905,3765410080,2383,2336,2336,-47,-1.97,2380,-3,-0.13,2336,2336,1399-12-11
317,آ س پ,آ.س.پ,102,833296,13558559216,16603,16271,16271,-332,-2.0,16511,-92,-0.55,16271,16271,1399-12-11
318,ضسپا3003,اختيارخ خساپا-2000-1400/03/26,99,4447,2387411000,486,530,519,33,6.79,537,51,10.49,515,580,1399-12-11
319,كروي,توسعه‌ معادن‌ روي‌ ايران‌,98,307598,8120587200,26930,26400,26400,-530,-1.97,26840,-90,-0.33,26400,26400,1399-12-11
320,ولتجار,واسپاري تجارت وسرمايه ايرانيان,98,1000000,8626000000,8375,8626,8626,251,3.0,8475,100,1.19,8626,8626,1399-12-11
321,خاور,ايران خودرو ديزل,96,622564,3731648616,6243,5994,5994,-249,-3.99,6195,-48,-0.77,5994,5994,1399-12-11
322,خاتم,صندوق س خاتم ايساتيس پويا-ثابت,95,3271416,34738630677,10613,10617,10621,8,0.08,10619,6,0.06,10617,10622,1399-12-11
323,پتاير,ايران‌ تاير,95,634822,2977315180,4780,4690,4690,-90,-1.88,4770,-10,-0.21,4690,4690,1399-12-11
324,واميد,گروه مديريت سرمايه گذاري اميد,95,404943,14602268950,36790,36060,36060,-730,-1.98,36700,-90,-0.24,36060,36110,1399-12-11
325,ضشنا2003,اختيارخ شپنا-14000-1400/02/27,94,5982,4558814000,863,701,850,-13,-1.51,762,-101,-11.7,650,850,1399-12-11
326,چكاپا,گروه صنايع كاغذ پارس,94,529563,2801388270,5390,5290,5290,-100,-1.86,5380,-10,-0.19,5290,5290,1399-12-11
327,خبهمن,گروه‌بهمن‌,93,200068,4131404200,21070,20650,20650,-420,-1.99,21050,-20,-0.09,20650,20650,1399-12-11
328,دارو,كارخانجات‌داروپخش‌,91,255286,8286583560,33120,32460,32460,-660,-1.99,33010,-110,-0.33,32460,32460,1399-12-11
329,دماوند,توليد نيروي برق دماوند,90,60627,2961507696,49844,48848,48848,-996,-2.0,49789,-55,-0.11,48848,48848,1399-12-11
330,زماهان,مجتمع توليد گوشت مرغ ماهان,90,345524,7157875184,21138,20716,20716,-422,-2.0,21077,-61,-0.29,20716,20716,1399-12-11
331,ثشاهد,سرمايه‌ گذاري‌ شاهد,89,135732,2595195840,19510,19120,19120,-390,-2.0,19490,-20,-0.1,19120,19120,1399-12-11
332,فسرب,ملي‌ سرب‌وروي‌ ايران‌,88,44105,3660715000,84690,83000,83000,-1690,-2.0,84560,-130,-0.15,83000,83000,1399-12-11
333,اخزا902,اسنادخزانه-م2بودجه99-011019,88,272611,188139614518,689712,689000,690730,1018,0.15,690139,427,0.06,689000,691000,1399-12-11
334,شفا,سرمايه گذاري شفادارو,88,538997,25807176360,48850,47880,47880,-970,-1.99,48360,-490,-1.0,47880,47880,1399-12-11
335,زشگزا,شير و گوشت زاگرس شهركرد,87,1231396,10093753012,8364,8197,8197,-167,-2.0,8329,-35,-0.42,8197,8197,1399-12-11
336,اخزا903,اسنادخزانه-م3بودجه99-011110,87,172060,117377624440,681590,681000,682005,415,0.06,682190,600,0.09,678085,683988,1399-12-11
337,تسه9812,امتياز تسهيلات مسكن اسفند98,86,800,446508829,566210,540001,593880,27670,4.89,558136,-8074,-1.43,537900,593999,1399-12-11
338,شلعاب,لعابيران‌,85,170447,3666314970,21940,21510,21510,-430,-1.96,21910,-30,-0.14,21510,21510,1399-12-11
339,ميهن,بيمه ميهن,85,513802,2527392038,5019,4919,4919,-100,-1.99,5014,-5,-0.1,4919,4919,1399-12-11
340,فيروزا,صندوق بادرآمد ثابت فيروزه آسيا,84,333296,7421157466,22288,22339,22249,-39,-0.17,22266,-22,-0.1,22209,22339,1399-12-11
341,بورس,بورس اوراق بهادار تهران,84,66888,2623347360,40020,39220,39220,-800,-2.0,39990,-30,-0.07,39220,39220,1399-12-11
342,كسعدي,كاشي‌ سعدي‌,83,279727,6092454060,22220,21780,21780,-440,-1.98,22170,-50,-0.23,21780,21780,1399-12-11
343,ضصاد3001,اختيارخ وبصادر-2000-1400/03/12,83,4118,2258980000,550,560,560,10,1.82,549,-1,-0.18,541,600,1399-12-11
344,نمرينو,ايران‌ مرينوس‌,82,120537,8632859940,67570,71620,71620,4050,5.99,68170,600,0.89,71620,71620,1399-12-11
345,سپر,صندوق س سپر سرمايه بيدار- ثابت,81,1292380,14772069473,11428,11430,11432,4,0.04,11430,2,0.02,11430,11433,1399-12-11
346,تسه9901,امتياز تسهيلات مسكن فروردين99,81,567,315967091,568666,540233,540233,-28433,-5.0,557261,-11405,-2.01,540233,597099,1399-12-11
347,سكه0112پ03,سكه تمام بهارتحويلي1روزه سامان,81,26100,28852557600,1091957,1103300,1103000,11043,1.01,1105462,13505,1.24,1102302,1109900,1399-12-11
348,ختوقا,قطعات‌ اتومبيل‌ ايران‌,80,916496,2483704160,2760,2710,2710,-50,-1.81,2760,0,0.0,2710,2710,1399-12-11
349,ضملي3003,اختيارخ فملي-12000-1400/03/02,78,1828,3404326000,1779,2000,1879,100,5.62,1862,83,4.67,1790,2010,1399-12-11
350,گشان,توسعه بين المللي پديده شانديز,77,48993,1784668011,37170,36427,36427,-743,-2.0,37109,-61,-0.16,36427,36427,1399-12-11
351,آريان,سرمايه گذاري پارس آريان,76,1333074,14661147852,11456,10998,10998,-458,-4.0,11379,-77,-0.67,10998,10998,1399-12-11
352,غزر,صنعتي زر ماكارون,75,94610,2478782000,26730,26200,26200,-530,-1.98,26700,-30,-0.11,26200,26200,1399-12-11
353,كسعديح,ح . كاشي‌ سعدي‌,75,1063345,15960808450,15630,15010,15010,-620,-3.97,15010,-620,-3.97,15010,15010,1399-12-11
354,زملارد,كشاورزي و دامپروري ملارد شير,75,37783,1393814870,37642,36890,36890,-752,-2.0,37621,-21,-0.06,36890,36890,1399-12-11
355,خودكفا,اقتصادي و خودكفايي آزادگان,75,128910,3067284540,24279,23794,23794,-485,-2.0,24243,-36,-0.15,23794,23794,1399-12-11
356,خزاميا,زامياد,74,529383,4420348050,8520,8350,8350,-170,-2.0,8500,-20,-0.23,8350,8350,1399-12-11
357,فرآور,فرآوري‌موادمعدني‌ايران‌,72,177158,6558389160,37770,37020,37020,-750,-1.99,37670,-100,-0.26,37020,37020,1399-12-11
358,ثرود,سرمايه‌گذاري مسكن زاينده رود,72,189218,3357105756,18104,17742,17742,-362,-2.0,18078,-26,-0.14,17742,17742,1399-12-11
359,خمحركه,نيرو محركه‌,72,379652,1833719160,4920,4830,4830,-90,-1.83,4920,0,0.0,4830,4830,1399-12-11
360,اخزا907,اسنادخزانه-م7بودجه99-020704,72,177782,106196199421,600092,602000,594290,-5802,-0.97,597339,-2753,-0.46,590000,603283,1399-12-11
361,سكه0011پ02,سكه تمام بهارتحويلي 1روزه ملت,71,13300,14726969600,1093506,1109999,1108025,14519,1.33,1107291,13785,1.26,1101001,1109999,1399-12-11
362,ثنور,سرمايه گذاري كوه نور,71,818681,8233474817,10262,10057,10057,-205,-2.0,10174,-88,-0.86,10057,10057,1399-12-11
363,وتعاون,بيمه  تعاون,71,387906,2332090872,6262,6012,6012,-250,-3.99,6232,-30,-0.48,6012,6012,1399-12-11
364,وپست,پست بانك ايران,71,1410521,23076123560,16690,16360,16360,-330,-1.98,16530,-160,-0.96,16360,16360,1399-12-11
365,پارسيان,بيمه پارسيان,70,2681910,32853397500,12500,12250,12250,-250,-2.0,12330,-170,-1.36,12250,12250,1399-12-11
366,وپاسار,بانك  پاسارگاد,70,179600,2106708000,11960,11730,11730,-230,-1.92,11960,0,0.0,11730,11730,1399-12-11
367,ضفلا3004,اختيارخ فولاد-12000-1400/03/19,69,1767,2588438000,1242,1414,1470,228,18.36,1465,223,17.95,1401,1680,1399-12-11
368,غپينو,پارس‌ مينو,68,126862,819528520,6590,6460,6460,-130,-1.97,6590,0,0.0,6460,6460,1399-12-11
369,شوينده,مديريت صنعت شوينده ت.ص.بهشهر,67,84420,2622929400,31700,31070,31070,-630,-1.99,31670,-30,-0.09,31070,31070,1399-12-11
370,زعف0008پ16,زعفران0008نگين بيرجند(پ),66,49185,5891513950,117961,118500,120300,2339,1.98,119783,1822,1.54,118500,120300,1399-12-11
371,تليسه,دامداري تليسه نمونه,66,472989,2102436105,4535,4445,4445,-90,-1.98,4531,-4,-0.09,4445,4445,1399-12-11
372,ولساپا,ليزينگ رايان‌ سايپا,66,332604,1200700440,3680,3610,3610,-70,-1.9,3680,0,0.0,3610,3610,1399-12-11
373,بشهاب,لامپ‌  پارس‌ شهاب‌,66,64735,9575601200,150930,147920,147920,-3010,-1.99,150340,-590,-0.39,147920,147920,1399-12-11
374,ماديرا,صنايع ماشين هاي اداري ايران,65,182692,1669622188,9325,9139,9139,-186,-1.99,9319,-6,-0.06,9139,9139,1399-12-11
375,تسه9811,امتياز تسهيلات مسكن بهمن98,65,492,277712266,585531,556255,556255,-29276,-5.0,564456,-21075,-3.6,556255,610000,1399-12-11
376,دزهراوي,داروسازي‌زهراوي‌,64,397961,3187667610,8170,8010,8010,-160,-1.96,8160,-10,-0.12,8010,8010,1399-12-11
377,كساوه,صنايع‌ كاشي‌ و سراميك‌ سينا,64,100000,7293000000,74410,72930,72930,-1480,-1.99,74190,-220,-0.3,72930,72930,1399-12-11
378,كالا,بورس كالاي ايران,62,79609,2753675310,35290,34590,34590,-700,-1.98,35250,-40,-0.11,34590,34590,1399-12-11
379,ضجار2003,اختيارخ وتجارت-3000-1400/02/22,62,2014,415503000,198,220,200,2,1.01,206,8,4.04,195,279,1399-12-11
380,چكارن,كارتن‌ ايران‌,62,490157,1754762060,3650,3580,3580,-70,-1.92,3650,0,0.0,3580,3580,1399-12-11
381,اخزا901,اسنادخزانه-م1بودجه99-010621,61,77897,57328043675,736600,736000,736980,380,0.05,735947,-653,-0.09,734000,737000,1399-12-11
382,ساوه,سيمان ساوه,60,186765,11449628325,62556,61305,61305,-1251,-2.0,62264,-292,-0.47,61305,61305,1399-12-11
383,مرقام,ايران‌ارقام‌,60,53484,946131960,18050,17690,17690,-360,-1.99,18040,-10,-0.06,17690,17690,1399-12-11
384,كبافق,معادن‌ بافق‌,60,37440,2008656000,54740,53650,53650,-1090,-1.99,54700,-40,-0.07,53650,53650,1399-12-11
385,قصفها,قنداصفهان‌,60,27333,4432592610,165470,162170,162170,-3300,-1.99,165170,-300,-0.18,162170,162170,1399-12-11
386,وجامي,سرمايه گذاري جامي,60,270710,4216578960,16225,15576,15576,-649,-4.0,16081,-144,-0.89,15576,15576,1399-12-11
387,ولپارس,ليزينگ پارسيان,59,1165462,6643133400,5810,5700,5700,-110,-1.89,5790,-20,-0.34,5700,5700,1399-12-11
388,وهنر,گروه توسعه هنر ايران,59,308064,2776272768,9195,9012,9012,-183,-1.99,9168,-27,-0.29,9012,9012,1399-12-11
389,سمگا,گروه سرمايه گذاري ميراث فرهنگي,59,229846,6070003014,26947,26409,26409,-538,-2.0,26880,-67,-0.25,26409,26409,1399-12-11
390,اخزا815,اسنادخزانه-م15بودجه98-010406,59,152126,117239485580,769277,768102,771000,1723,0.22,770674,1397,0.18,768102,774000,1399-12-11
391,فاذر,صنايع‌ آذرآب‌,58,63293,1550678500,24990,24500,24500,-490,-1.96,24970,-20,-0.08,24500,24500,1399-12-11
392,ضجار2002,اختيارخ وتجارت-2500-1400/02/22,57,2420,862403000,346,345,370,24,6.94,356,10,2.89,345,380,1399-12-11
393,زدشت,كشت و صنعت دشت خرم دره,57,405237,11866555071,29880,29283,29283,-597,-2.0,29733,-147,-0.49,29283,29283,1399-12-11
394,سدشت,صنايع سيمان دشتستان,56,56075,3066741750,51600,54690,54690,3090,5.99,51780,180,0.35,54690,54690,1399-12-11
395,غشهداب,كشت و صنعت شهداب ناب خراسان,56,475072,1903613504,4088,4007,4007,-81,-1.98,4085,-3,-0.07,4007,4007,1399-12-11
396,زگلدشت,كشت و دام گلدشت نمونه اصفهان,56,317796,14240756556,45725,44811,44811,-914,-2.0,45459,-266,-0.58,44811,44811,1399-12-11
397,پكوير,كوير تاير,56,133698,1902522540,14520,14230,14230,-290,-2.0,14510,-10,-0.07,14230,14230,1399-12-11
398,وبيمهح,ح . سرمايه‌ گذاري‌ صنعت‌ بيمه‌,56,1304409,1513114440,1200,1160,1160,-40,-3.33,1160,-40,-3.33,1160,1160,1399-12-11
399,دبالك,مواد اوليه دارويي البرز بالك,56,150353,3200564311,21721,21287,21287,-434,-2.0,21693,-28,-0.13,21287,21287,1399-12-11
400,سدور,سيمان‌ دورود,54,343490,6842320800,20320,19920,19920,-400,-1.97,20260,-60,-0.3,19920,19920,1399-12-11
401,اخزا910,اسنادخزانه-م10بودجه99-020807,53,182386,106895576759,586669,585802,585000,-1669,-0.28,586095,-574,-0.1,584000,587000,1399-12-11
402,حفارس,حمل و نقل بين المللي خليج فارس,52,420455,2001365800,4850,4760,4760,-90,-1.86,4850,0,0.0,4760,4760,1399-12-11
403,اخزا816,اسنادخزانه-م16بودجه98-010503,52,245400,185349832017,748877,752000,756000,7123,0.95,755297,6420,0.86,752000,756000,1399-12-11
404,غديس,پاكديس,52,351405,4737993615,13758,13483,13483,-275,-2.0,13731,-27,-0.2,13483,13483,1399-12-11
405,وليز,ليزينگ‌ايران‌,52,1520974,14586140660,9780,9590,9590,-190,-1.94,9720,-60,-0.61,9590,9590,1399-12-11
406,تسه9809,امتياز تسهيلات مسكن آذر98,52,528,290152477,560354,540001,532337,-28017,-5.0,549531,-10823,-1.93,532337,560000,1399-12-11
407,ثفارس,عمران‌وتوسعه‌فارس‌,51,210175,2129072750,10330,10130,10130,-200,-1.94,10320,-10,-0.1,10130,10130,1399-12-11
408,كساپا,سايپاشيشه‌,50,372922,14715502120,40260,39460,39460,-800,-1.99,40020,-240,-0.6,39460,39460,1399-12-11
409,سجامح,ح.مجتمع سيمان غرب آسيا,50,852470,2057862580,2463,2414,2414,-49,-1.99,2414,-49,-1.99,2414,2414,1399-12-11
410,لپارس,پارس‌ الكتريك‌,49,48213,4673768220,98910,96940,96940,-1970,-1.99,98720,-190,-0.19,96940,96940,1399-12-11
411,خپارس,پارس‌ خودرو,49,425067,2486641950,5960,5850,5850,-110,-1.85,5950,-10,-0.17,5850,5850,1399-12-11
412,كماسه,تامين‌ ماسه‌ ريخته‌گري‌,49,99314,4385706240,45060,44160,44160,-900,-2.0,44980,-80,-0.18,44160,44160,1399-12-11
413,داريك,صندوق س.اعتماد داريك-د,49,1725620,17773626202,10315,10347,10320,5,0.05,10300,-15,-0.15,10200,10380,1399-12-11
414,اوصتا,صندوق انديشه ورزان صباتامين -د,48,69923,1257148970,17969,17970,17990,21,0.12,17979,10,0.06,17970,17990,1399-12-11
415,بنو,بيمه تجارت نو,48,732168,25784760456,35935,35217,35217,-718,-2.0,35557,-378,-1.05,35217,35217,1399-12-11
416,تسه9807,امتياز تسهيلات مسكن مهر98,48,398,219813258,554399,527056,534000,-20399,-3.68,552295,-2104,-0.38,527056,582118,1399-12-11
417,ميدكو,هلدينگ صنايع  معدني خاورميانه,48,79994,2368542346,30213,29609,29609,-604,-2.0,30201,-12,-0.04,29609,29609,1399-12-11
418,كفپارس,فرآورده‌هاي‌ نسوز پارس‌,48,237121,1112097490,4780,4690,4690,-90,-1.88,4780,0,0.0,4690,4690,1399-12-11
419,دتوليد,داروسازي توليد دارو,48,52610,1459243570,28303,27737,27737,-566,-2.0,28286,-17,-0.06,27737,27737,1399-12-11
420,چدن,توليدي چدن سازان,48,79602,1965373380,25190,24690,24690,-500,-1.98,25170,-20,-0.08,24690,24690,1399-12-11
421,تسه9808,امتياز تسهيلات مسكن آبان98,47,470,259654507,552929,580000,525283,-27646,-5.0,552456,-473,-0.09,525283,580575,1399-12-11
422,آينده,بازرگاني آينده سازان بهشت پارس,47,127712,2485020096,20268,19458,19458,-810,-4.0,20163,-105,-0.52,19458,19458,1399-12-11
423,حآسا,آسيا سير ارس,47,179425,8173526450,46483,45554,45554,-929,-2.0,46328,-155,-0.33,45554,45554,1399-12-11
424,ثروتم,صندوق س. ثروت آفرين پارسيان-س,47,103100,7673580260,74445,73000,75000,555,0.75,74429,-16,-0.02,73000,75990,1399-12-11
425,فنوال,نورد آلومينيوم‌,46,195956,5100734680,26560,26030,26030,-530,-2.0,26500,-60,-0.23,26030,26030,1399-12-11
426,شتولي,تولي‌پرس‌,46,67474,2381089986,36759,35289,35289,-1470,-4.0,36394,-365,-0.99,35289,35289,1399-12-11
427,وسنا,سرمايه گذاري نيروگاهي ايران,46,96458,1446001878,15779,14991,14991,-788,-4.99,15724,-55,-0.35,14991,14991,1399-12-11
428,وتوصا,گروه س توسعه صنعتي ايران,46,116388,1409458680,12350,12110,12110,-240,-1.94,12340,-10,-0.08,12110,12110,1399-12-11
429,خمحور,توليدمحورخودرو,46,209988,12639177720,61410,60190,60190,-1220,-1.99,61100,-310,-0.5,60190,60190,1399-12-11
430,كسرا,سراميك‌هاي‌صنعتي‌اردكان‌,44,51686,1137608860,22450,22010,22010,-440,-1.96,22440,-10,-0.04,22010,22010,1399-12-11
431,غاذر,كشت‌وصنعت‌پياذر,44,76298,4229961120,56570,55440,55440,-1130,-2.0,56470,-100,-0.18,55440,55440,1399-12-11
432,اخزا814,اسنادخزانه-م14بودجه98-010318,43,300432,234100853642,777704,779000,778000,296,0.04,779214,1510,0.19,778000,780998,1399-12-11
433,كمرجان,بازرگاني و توليدي مرجان كار,43,4421,639055550,147500,144550,144550,-2950,-2.0,147461,-39,-0.03,144550,144550,1399-12-11
434,معيار,سرمايه گذاري معيار صنعت پارس,43,192063,9253211214,49161,48178,48178,-983,-2.0,48710,-451,-0.92,48178,48178,1399-12-11
435,دانا,بيمه دانا,43,380914,2590215200,6930,6800,6800,-130,-1.88,6920,-10,-0.14,6800,6800,1399-12-11
436,كمنگنز,معادن‌منگنزايران‌,42,9220,806750000,89280,87500,87500,-1780,-1.99,89250,-30,-0.03,87500,87500,1399-12-11
437,سكرد,سيمان كردستان,42,514454,5360610680,10630,10420,10420,-210,-1.98,10610,-20,-0.19,10420,10420,1399-12-11
438,ضخود2013,اختيارخ خودرو-7000-1400/02/08,42,2017,28471000,12,15,13,1,8.33,14,2,16.67,12,17,1399-12-11
439,وصندوق,سرمايه‌گذاري‌صندوق‌بازنشستگي‌,41,460788,6073185840,13440,13180,13180,-260,-1.93,13430,-10,-0.07,13180,13180,1399-12-11
440,بپاس,بيمه پاسارگاد,41,13745,1045513425,77617,76065,76065,-1552,-2.0,77600,-17,-0.02,76065,76065,1399-12-11
441,فروس,فروسيليس‌ ايران‌,40,400544,1914600320,4870,4780,4780,-90,-1.85,4870,0,0.0,4780,4780,1399-12-11
442,اخزا817,اسنادخزانه-م17بودجه98-010512,40,207304,156395786924,753404,752010,755000,1596,0.21,754427,1023,0.14,752010,756000,1399-12-11
443,ساينا,صنايع بهداشتي ساينا,40,11189,1777754924,162095,161060,158854,-3241,-2.0,161979,-116,-0.07,158854,161060,1399-12-11
444,سنير,سيمان‌ سفيد ني‌ريز,40,47722,11997788020,256540,251410,251410,-5130,-2.0,255280,-1260,-0.49,251410,251410,1399-12-11
445,زعف0008پ11,زعفران0008نگين سحرخيز(پ),40,264797,31614596478,118207,119100,120700,2493,2.11,119392,1185,1.0,118500,120700,1399-12-11
446,زفكا,كشت و دامداري فكا,39,283147,3709791994,13369,13102,13102,-267,-2.0,13349,-20,-0.15,13102,13102,1399-12-11
447,ريشمك,توليد و صادرات ريشمك,39,84651,4583428395,55249,54145,54145,-1104,-2.0,55146,-103,-0.19,54145,54145,1399-12-11
448,كپارس,كاشي‌ پارس‌,39,8597,1333738580,158300,155140,155140,-3160,-2.0,158210,-90,-0.06,155140,155140,1399-12-11
449,ساروم,سيمان‌اروميه‌,39,92211,3739156050,41370,40550,40550,-820,-1.98,41310,-60,-0.15,40550,40550,1399-12-11
450,داسوه,داروسازي‌ اسوه‌,39,462160,17774673600,39240,38460,38460,-780,-1.99,38950,-290,-0.74,38460,38460,1399-12-11
451,ضخود2010,اختيارخ خودرو-4500-1400/02/08,39,1120,34810000,31,32,23,-8,-25.81,31,0,0.0,21,45,1399-12-11
452,خبازرس,بازرسي مهندسي و صنعتي ايران,39,172657,6337202528,34957,36704,36704,1747,5.0,35464,507,1.45,36704,36704,1399-12-11
453,غالبر,لبنيات‌ كالبر,39,286060,5352182600,19090,18710,18710,-380,-1.99,19050,-40,-0.21,18710,18710,1399-12-11
454,زنگان,صنعت روي زنگان,39,13859,1436901120,105795,103680,103680,-2115,-2.0,105733,-62,-0.06,103680,103680,1399-12-11
455,سبهان,سيمان‌ بهبهان‌,38,5425,773930500,145570,142660,142660,-2910,-2.0,145520,-50,-0.03,142660,142660,1399-12-11
456,وساپا,سرمايه‌گذاري‌ سايپا,38,176175,1101093750,6370,6250,6250,-120,-1.88,6370,0,0.0,6250,6250,1399-12-11
457,وثخوز,سرمايه گذاري و توسعه خوزستان,38,59723,4646210508,81890,77796,77796,-4094,-5.0,80819,-1071,-1.31,77796,77796,1399-12-11
458,خلنت,لنت‌ ترمزايران‌,38,66829,6179009340,94340,92460,92460,-1880,-1.99,94100,-240,-0.25,92460,92460,1399-12-11
459,تسه9806,امتياز تسهيلات مسكن شهريور98,37,317,179218358,568772,540402,579990,11218,1.97,565358,-3414,-0.6,540334,579990,1399-12-11
460,غبهنوش,بهنوش‌ ايران‌,37,24310,1816686300,76250,74730,74730,-1520,-1.99,76190,-60,-0.08,74730,74730,1399-12-11
461,بزاگرس,نيروگاه زاگرس كوثر,37,68134,493562696,7391,7244,7244,-147,-1.99,7390,-1,-0.01,7244,7244,1399-12-11
462,ونيكي,سرمايه‌گذاري‌ ملي‌ايران‌,37,164671,1860782300,11530,11300,11300,-230,-1.99,11520,-10,-0.09,11300,11300,1399-12-11
463,وساشرقي,شركت س استان آذربايجان شرقي,37,1733854,1664499840,970,960,960,-10,-1.03,970,0,0.0,960,960,1399-12-11
464,تسه9804,امتياز تسهيلات مسكن تير98,37,563,316015178,573422,570000,562000,-11422,-1.99,561306,-12116,-2.11,555000,570000,1399-12-11
465,ضخود2012,اختيارخ خودرو-6000-1400/02/08,37,1130,23076000,20,20,20,0,0.0,20,0,0.0,19,29,1399-12-11
466,غصينو,صنعتي مينو,36,26193,1815620181,70731,69317,69317,-1414,-2.0,70705,-26,-0.04,69317,69317,1399-12-11
467,زشريف,كشت وصنعت شريف آباد,36,52222,263825544,5155,5052,5052,-103,-2.0,5154,-1,-0.02,5052,5052,1399-12-11
468,زپارس,ملي كشت و صنعت و دامپروري پارس,36,46022,8016111960,177730,174180,174180,-3550,-2.0,177130,-600,-0.34,174180,174180,1399-12-11
469,اعتلا,شركت سرمايه گذاري اعتلاء البرز,36,235477,1956107439,8476,8307,8307,-169,-1.99,8470,-6,-0.07,8307,8307,1399-12-11
470,وآرين,شركت توسعه اقتصادي آرين,35,275796,1140140664,4218,4134,4134,-84,-1.99,4213,-5,-0.12,4134,4134,1399-12-11
471,زعف0008پ20,زعفران0008نگين وحدت جام(پ),35,23809,2831501166,118404,118369,120300,1896,1.6,118926,522,0.44,118000,120300,1399-12-11
472,ضفلا3003,اختيارخ فولاد-10000-1400/03/19,35,1135,3058610000,2467,2550,2750,283,11.47,2695,228,9.24,2500,2750,1399-12-11
473,صنوين,صندوق سرمايه‌گذاري صنوين-مختلط,35,16396,1658500360,103090,101000,101010,-2080,-2.02,101150,-1940,-1.88,101000,102610,1399-12-11
474,اپرداز,آتيه داده پرداز,35,33666,698300172,21165,20742,20742,-423,-2.0,21159,-6,-0.03,20742,20742,1399-12-11
475,گنجين,صندوق س. گنجينه يكم آويد-د,34,572243,7053865570,12326,12343,12337,11,0.09,12327,1,0.01,12325,12343,1399-12-11
476,وسپهح,ح . سرمايه‌گذاري‌ سپه‌,34,326666,1620263360,5160,4960,4960,-200,-3.88,4960,-200,-3.88,4960,4960,1399-12-11
477,وكار,بانك‌ كارآفرين‌,34,678518,1682724640,2530,2480,2480,-50,-1.98,2530,0,0.0,2480,2480,1399-12-11
478,اتكام,شركت بيمه اتكايي امين,34,930465,4650464070,5100,4998,4998,-102,-2.0,5090,-10,-0.2,4998,4998,1399-12-11
479,تپمپي,پمپ‌ سازي‌ ايران‌,34,121096,2355317200,19840,19450,19450,-390,-1.97,19820,-20,-0.1,19450,19450,1399-12-11
480,ثالوند,سرمايه گذاري مسكن الوند,34,17981,612612670,34765,34070,34070,-695,-2.0,34756,-9,-0.03,34070,34070,1399-12-11
481,ثشرق,سرمايه گذاري مسكن شمال شرق,34,386237,2653448190,7010,6870,6870,-140,-2.0,7000,-10,-0.14,6870,6870,1399-12-11
482,اخزا905,اسنادخزانه-م5بودجه99-020218,33,151950,98009126558,644357,643011,647799,3442,0.53,645009,652,0.1,643001,647799,1399-12-11
483,كوثر,بيمه كوثر,33,286054,4181251318,14915,14617,14617,-298,-2.0,14890,-25,-0.17,14617,14617,1399-12-11
484,شگل,گلتاش‌,33,65781,695962980,10790,10580,10580,-210,-1.95,10790,0,0.0,10580,10580,1399-12-11
485,كتوكا,توليدي و خدمات صنايع نسوز توكا,33,42280,1635263560,39466,38677,38677,-789,-2.0,39440,-26,-0.07,38677,38677,1399-12-11
486,ضملي3004,اختيارخ فملي-14000-1400/03/02,32,86,87503000,779,1000,999,220,28.24,1017,238,30.55,856,1099,1399-12-11
487,تاپكيش,تجارت الكترونيك پارسيان كيش,32,600310,12530870940,21300,20874,20874,-426,-2.0,21190,-110,-0.52,20874,20874,1399-12-11
488,خرينگ,رينگ‌سازي‌مشهد,32,34020,1548250200,46430,45510,45510,-920,-1.98,46400,-30,-0.06,45510,45510,1399-12-11
489,كلر,كلر پارس,32,6122,798957732,133169,130506,130506,-2663,-2.0,133125,-44,-0.03,130506,130506,1399-12-11
490,ورنا,سرمايه‌گذاري‌ رنا(هلدينگ‌,31,69098,392476640,5790,5680,5680,-110,-1.9,5790,0,0.0,5680,5680,1399-12-11
491,ومشان,س. فني و مهندسي مشانير,31,11204,824636808,75104,73602,73602,-1502,-2.0,75037,-67,-0.09,73602,73602,1399-12-11
492,ركيش,كارت اعتباري ايران كيش,31,921897,24356518740,26950,26420,26420,-530,-1.97,26690,-260,-0.96,26420,26420,1399-12-11
493,خزر,فنرسازي‌زر,31,123246,5845557780,48390,47430,47430,-960,-1.98,48270,-120,-0.25,47430,47430,1399-12-11
494,وپترو,سرمايه‌گذاري صنايع پتروشيمي‌,31,725092,11166416800,15710,15400,15400,-310,-1.97,15640,-70,-0.45,15400,15400,1399-12-11
495,شكف,كف,30,19381,1664285232,87624,85872,85872,-1752,-2.0,87320,-304,-0.35,85872,85872,1399-12-11
496,سخزر,سيمان‌ خزر,30,404449,12448940220,31400,30780,30780,-620,-1.97,31240,-160,-0.51,30780,30780,1399-12-11
497,بذر,صندوق س بذر اميد آفرين-سهام,30,5282,499961230,93900,96250,94820,920,0.98,94650,750,0.8,94180,96250,1399-12-11
498,زكوثر,سرمايه گذاري كشاورزي كوثر,30,109346,2357499760,22000,21560,21560,-440,-2.0,21980,-20,-0.09,21560,21560,1399-12-11
499,وسصفا,شركت س استان اصفهان,30,1154766,1212504300,1070,1050,1050,-20,-1.87,1070,0,0.0,1050,1050,1399-12-11
500,ملت,بيمه ملت,29,139531,2324586460,17000,16660,16660,-340,-2.0,16980,-20,-0.12,16660,16660,1399-12-11
501,ضملي3002,اختيارخ فملي-10000-1400/03/02,29,648,2346400000,3500,4000,3600,100,2.86,3621,121,3.46,3500,4000,1399-12-11
502,ضغدر3003,اختيارخ وغدير-9200-1400/03/26,29,1191,2711497000,2000,2400,2322,322,16.1,2277,277,13.85,2150,2400,1399-12-11
503,تكمبا,كمباين‌ سازي‌ ايران‌,29,257985,1981324800,7830,7680,7680,-150,-1.92,7820,-10,-0.13,7680,7680,1399-12-11
504,خشرق,الكتريك‌ خودرو شرق‌,29,57317,933693930,16620,16290,16290,-330,-1.99,16610,-10,-0.06,16290,16290,1399-12-11
505,پارتا,مجتمع‌صنعتي‌آرتاويل‌تاير,29,27990,1562513760,58150,55824,55824,-2326,-4.0,58015,-135,-0.23,55824,55824,1399-12-11
506,بكاب,صنايع‌جوشكاب‌يزد,28,4500,1602135000,363290,356030,356030,-7260,-2.0,363050,-240,-0.07,356030,356030,1399-12-11
507,وتوكا,سرمايه‌گذاري‌توكافولاد(هلدينگ,28,70434,784634760,11360,11140,11140,-220,-1.94,11360,0,0.0,11140,11140,1399-12-11
508,حخزر,كشتيراني درياي خزر,28,92388,2665763352,29442,28854,28854,-588,-2.0,29410,-32,-0.11,28854,28854,1399-12-11
509,قثابت,قند ثابت‌ خراسان‌,28,110796,7831061280,72120,70680,70680,-1440,-2.0,71890,-230,-0.32,70680,70680,1399-12-11
510,اخزا808,اسنادخزانه-م8بودجه98-000817,27,56686,49695283213,877467,877616,877594,127,0.01,876676,-791,-0.09,873001,877617,1399-12-11
511,شسينا,صنايع‌شيميايي‌سينا,27,3062,417105640,138990,136220,136220,-2770,-1.99,138970,-20,-0.01,136220,136220,1399-12-11
512,غگرجي,بيسكويت‌  گرجي‌,27,42654,798056340,19090,18710,18710,-380,-1.99,19080,-10,-0.05,18710,18710,1399-12-11
513,لپيام,گسترش صنايع پيام,27,33489,1797656031,55915,53679,53679,-2236,-4.0,55705,-210,-0.38,53679,53679,1399-12-11
514,ودي,بيمه  دي,26,113428,2630281892,23662,23189,23189,-473,-2.0,23637,-25,-0.11,23189,23189,1399-12-11
515,بمپنا,توليد برق عسلويه  مپنا,26,28602,2243483676,80038,78438,78438,-1600,-2.0,79964,-74,-0.09,78438,78438,1399-12-11
516,قشكر,شكرشاهرود,26,133795,516448700,3930,3860,3860,-70,-1.78,3930,0,0.0,3860,3860,1399-12-11
517,سدبير,س. تدبيرگران فارس وخوزستان,26,25376,2294497920,92265,90420,90420,-1845,-2.0,92179,-86,-0.09,90420,90420,1399-12-11
518,ضصاد3002,اختيارخ وبصادر-2500-1400/03/12,26,642,173725000,280,300,255,-25,-8.93,271,-9,-3.21,255,320,1399-12-11
519,دمعيار,صندوق س. توازن معيار-د,25,247271,2486481450,10049,10055,10059,10,0.1,10056,7,0.07,10054,10060,1399-12-11
520,ولبهمن,شركت بهمن ليزينگ,25,458123,3916035404,8722,8548,8548,-174,-1.99,8708,-14,-0.16,8548,8548,1399-12-11
521,صخود412,ص مرابحه خودرو412- 3ماهه 18%,25,250000,250000000000,1005000,1000000,1000000,-5000,-0.5,1000000,-5000,-0.5,1000000,1000000,1399-12-11
522,وكادو,تكادو,25,49302,999154332,21110,20266,20266,-844,-4.0,21066,-44,-0.21,20266,20266,1399-12-11
523,صايپا203,صكوك مرابحه سايپا203-3ماهه 16%,25,250000,240000000000,955707,960000,960000,4293,0.45,960000,4293,0.45,960000,960000,1399-12-11
524,اتكاي,بيمه اتكايي ايرانيان,25,53517,695185830,13255,12990,12990,-265,-2.0,13251,-4,-0.03,12990,12990,1399-12-11
525,شپلي,پلي اكريل ايران,25,87352,919554504,10741,10527,10527,-214,-1.99,10728,-13,-0.12,10527,10527,1399-12-11
526,غويتا,ويتانا,24,17187,310620651,18441,18073,18073,-368,-2.0,18439,-2,-0.01,18073,18073,1399-12-11
527,قشرين,قند شيرين خراسان,24,42352,663359376,15982,15663,15663,-319,-2.0,15971,-11,-0.07,15663,15663,1399-12-11
528,فولاي,صنايع فولاد آلياژي يزد,24,50323,2553690958,51781,50746,50746,-1035,-2.0,51727,-54,-0.1,50746,50746,1399-12-11
529,غشهد,شهد ايران ‌,24,354475,2708189000,7790,7640,7640,-150,-1.93,7780,-10,-0.13,7640,7640,1399-12-11
530,قشير,قند شيروان قوچان و بجنورد,24,27556,701961544,25993,25474,25474,-519,-2.0,25985,-8,-0.03,25474,25474,1399-12-11
531,ضملت3000,اختيارخ وبملت-3000-1400/03/19,24,1101,1025150000,911,900,940,29,3.18,931,20,2.2,900,950,1399-12-11
532,دابور,داروسازي‌ ابوريحان‌,24,38013,1508355840,40480,39680,39680,-800,-1.98,40460,-20,-0.05,39680,39680,1399-12-11
533,وثوق,سرمايه گذاري وثوق امين,23,58949,1453977085,25168,24665,24665,-503,-2.0,25131,-37,-0.15,24665,24665,1399-12-11
534,ثباغ,شهر سازي و خانه سازي باغميشه,23,137758,2080421316,15410,15102,15102,-308,-2.0,15397,-13,-0.08,15102,15102,1399-12-11
535,لخزر,پارس‌ خزر,23,5422,1000467440,188280,184520,184520,-3760,-2.0,188200,-80,-0.04,184520,184520,1399-12-11
536,خپويش,سازه‌ پويش‌,23,23790,1442625600,61870,60640,60640,-1230,-1.99,61830,-40,-0.06,60640,60640,1399-12-11
537,گدنا,تهيه توزيع غذاي دنا آفرين فدك,23,11309,381656132,34436,33748,33748,-688,-2.0,34431,-5,-0.01,33748,33748,1399-12-11
538,پسهند,صنايع‌ لاستيكي‌  سهند,23,37292,1618099880,44270,43390,43390,-880,-1.99,44240,-30,-0.07,43390,43390,1399-12-11
539,خديزل,بهمن  ديزل,23,523511,22133521569,43141,42279,42279,-862,-2.0,42751,-390,-0.9,42279,42279,1399-12-11
540,لكما,كارخانجات‌مخابراتي‌ايران‌,23,131007,826785177,6439,6311,6311,-128,-1.99,6434,-5,-0.08,6311,6311,1399-12-11
541,الماس,صندوق س.امين تدبيرگران فردا-س,23,2833,310740178,108132,108301,108618,486,0.45,109686,1554,1.44,108202,111872,1399-12-11
542,سيمرغ,سيمرغ,23,64872,1040546880,16360,16040,16040,-320,-1.96,16350,-10,-0.06,16040,16040,1399-12-11
543,اخزا804,اسنادخزانه-م4بودجه98-000421,23,67211,62522430212,931501,930000,931205,-296,-0.03,930241,-1260,-0.14,930000,931999,1399-12-11
544,دارا2,صندوق س. دارا الگوريتم-د,22,2200000,2200000,10027,1,1,-10026,-99.99,1,-10026,-99.99,1,1,1399-12-11
545,دشيمي,شيمي‌ داروئي‌ داروپخش‌,22,14065,442625550,32110,31470,31470,-640,-1.99,32100,-10,-0.03,31470,31470,1399-12-11
546,غچين,كشت‌ و صنعت‌ چين‌ چين,22,46756,943536080,20590,20180,20180,-410,-1.99,20580,-10,-0.05,20180,20180,1399-12-11
547,توريل,توکاريل,22,134727,3436077408,26024,25504,25504,-520,-2.0,25988,-36,-0.14,25504,25504,1399-12-11
548,آسام,صندوق س.آرمان سپهر آشنا-م,22,10330,1051540770,101565,102000,101790,225,0.22,101795,230,0.23,101010,102000,1399-12-11
549,دسينا,داروسازي‌ سينا,22,526000,14301940000,27740,27190,27190,-550,-1.98,27580,-160,-0.58,27190,27190,1399-12-11
550,وبيمه,سرمايه‌ گذاري‌ صنعت‌ بيمه‌,22,258128,730502240,2880,2830,2830,-50,-1.74,2880,0,0.0,2830,2830,1399-12-11
551,شكلر,نيروكلر,22,8704,461834240,54140,53060,53060,-1080,-1.99,54130,-10,-0.02,53060,53060,1399-12-11
552,آپ,آسان پرداخت پرشين,22,76542,1372398060,18290,17930,17930,-360,-1.97,18280,-10,-0.05,17930,17930,1399-12-11
553,دكپسول,توليد ژلاتين كپسول ايران,21,181171,5574631670,31397,30770,30770,-627,-2.0,31326,-71,-0.23,30770,30770,1399-12-11
554,سخند,صندوق س.سپهرخبرگان نفت-د,21,26550,268933240,10128,10134,10130,2,0.02,10129,1,0.01,10128,10134,1399-12-11
555,اخزا813,اسنادخزانه-م13بودجه98-010219,21,16389,12966841265,790396,789211,791215,819,0.1,791192,796,0.1,789211,791215,1399-12-11
556,نهال2,صندوق س. طلاي سرخ نوويرا,21,2100000,2100000,9100,1,1,-9099,-99.99,1,-9099,-99.99,1,1,1399-12-11
557,زعف0008پ10,زعفران0008نگين طلاي سرخ(پ),21,3445,421642140,119551,123840,121000,1449,1.21,122392,2841,2.38,119600,123840,1399-12-11
558,ثزاگرس,سرمايه گذاري توسعه عمران زاگرس,20,203465,14360763165,74295,70581,70581,-3714,-5.0,71488,-2807,-3.78,70581,70581,1399-12-11
559,وپويا,سرمايه گذاري پويا,20,39365,259809000,6734,6600,6600,-134,-1.99,6733,-1,-0.01,6600,6600,1399-12-11
560,كوير,توليدي فولاد سپيد فراب كوير,20,32582,728207700,22800,22350,22350,-450,-1.97,22800,0,0.0,22350,22350,1399-12-11
561,وگستر,گسترش سرمايه گذاري ايرانيان,20,36730,701616460,19491,19102,19102,-389,-2.0,19485,-6,-0.03,19102,19102,1399-12-11
562,ضمخا7071,اختيارخ اخابر-24000-1400/07/28,20,305,60996000,153,210,195,42,27.45,200,47,30.72,175,210,1399-12-11
563,اخزا820,اسنادخزانه-م20بودجه98-020806,20,18501,10995205652,598593,590000,596000,-2593,-0.43,594303,-4290,-0.72,570001,602869,1399-12-11
564,امين يكم2,صندوق درآمد ثابت امين يكم فردا,20,2000000,2000000,10127,1,1,-10126,-99.99,1,-10126,-99.99,1,1,1399-12-11
565,ديران,ايران‌دارو,20,9933,280507920,28810,28240,28240,-570,-1.98,28810,0,0.0,28240,28240,1399-12-11
566,فپنتا,سپنتا,20,3467,1407567330,414270,405990,405990,-8280,-2.0,414030,-240,-0.06,405990,405990,1399-12-11
567,سخواف,سيمان مجد خواف,20,29517,491162880,17333,16640,16640,-693,-4.0,17315,-18,-0.1,16640,16640,1399-12-11
568,ارفعح,ح.شركت آهن و فولاد ارفع,20,24378,299745996,12110,12836,11868,-242,-2.0,12296,186,1.54,11868,12836,1399-12-11
569,اخزا818,اسنادخزانه-م18بودجه98-010614,19,52669,38892062199,739879,738700,739805,-74,-0.01,738424,-1455,-0.2,737129,739900,1399-12-11
570,ثاباد,توريستي ورفاهي آبادگران ايران,19,9921,537718200,55300,54200,54200,-1100,-1.99,55290,-10,-0.02,54200,54200,1399-12-11
571,غشاذر,پگاه‌آذربايجان‌غربي‌,19,120888,1184702400,10000,9800,9800,-200,-2.0,10000,0,0.0,9800,9800,1399-12-11
572,كي بي سي,شركت كي بي سي,19,28806,794411868,28140,27578,27578,-562,-2.0,28131,-9,-0.03,27578,27578,1399-12-11
573,كدما,معدني‌ دماوند,19,830,195415200,240240,235440,235440,-4800,-2.0,240220,-20,-0.01,235440,235440,1399-12-11
574,خمهر,مهركام‌پارس‌,19,139240,343922800,2520,2470,2470,-50,-1.98,2520,0,0.0,2470,2470,1399-12-11
575,خنصير,مهندسي‌نصيرماشين‌,19,57005,6275110400,112320,110080,110080,-2240,-1.99,112030,-290,-0.26,110080,110080,1399-12-11
576,وسرمد,بيمه  سرمد,19,1011242,6765208980,6826,6690,6690,-136,-1.99,6778,-48,-0.7,6690,6690,1399-12-11
577,قجامح,ح.فرآورده غذايي وقندتربت‌جام,18,208635,1472128560,7200,7056,7056,-144,-2.0,7056,-144,-2.0,7056,7056,1399-12-11
578,اخزا809,اسنادخزانه-م9بودجه98-000923,18,34280,29613903312,863832,863992,863992,160,0.02,863883,51,0.01,860000,863992,1399-12-11
579,سرود,سيمان‌شاهرود,18,210845,4269611250,20660,20250,20250,-410,-1.98,20620,-40,-0.19,20250,20250,1399-12-11
580,زمگسا,كشاورزي‌ ودامپروي‌ مگسال‌,18,14401,463280170,32820,32170,32170,-650,-1.98,32810,-10,-0.03,32170,32170,1399-12-11
581,تسه9805,امتياز تسهيلات مسكن مرداد98,18,84,47169700,588599,561000,562000,-26599,-4.52,561544,-27055,-4.6,560050,563000,1399-12-11
582,لسرما,سرما آفرين‌,18,52159,1416116850,27700,27150,27150,-550,-1.99,27680,-20,-0.07,27150,27150,1399-12-11
583,اخزا806,اسنادخزانه-م6بودجه98-000519,17,10092,9245242243,918002,907000,917004,-998,-0.11,916096,-1906,-0.21,907000,918002,1399-12-11
584,پلاست,كارخانجات توليدي پلاستيران,17,9516,664492764,72738,69829,69829,-2909,-4.0,72637,-101,-0.14,69829,69829,1399-12-11
585,ختور,رادياتور ايران‌,17,22644,530096040,23880,23410,23410,-470,-1.97,23870,-10,-0.04,23410,23410,1399-12-11
586,اخزا821,اسنادخزانه-م21بودجه98-020906,17,7751,4529775942,583424,583500,583600,176,0.03,584412,988,0.17,583500,585000,1399-12-11
587,سكارون,سيمان كارون,17,5512,950533376,179633,172448,172448,-7185,-4.0,179277,-356,-0.2,172448,172448,1399-12-11
588,دفرا,فرآورده‌هاي‌ تزريقي‌ ايران‌,17,201580,5327759400,26960,26430,26430,-530,-1.97,26900,-60,-0.22,26430,26430,1399-12-11
589,بساما,بيمه سامان,17,180677,3713273704,20971,20552,20552,-419,-2.0,20939,-32,-0.15,20552,20552,1399-12-11
590,گكيش,توريستي ورفاهي آبادگران كيش,17,9484,497075408,53481,52412,52412,-1069,-2.0,53454,-27,-0.05,52412,52412,1399-12-11
591,ضسپا3005,اختيارخ خساپا-3000-1400/03/26,17,409,112438000,288,55,221,-67,-23.26,275,-13,-4.51,55,370,1399-12-11
592,كلوند,كاشي‌ الوند,16,4767,225097740,48180,47220,47220,-960,-1.99,48180,0,0.0,47220,47220,1399-12-11
593,قمرو,قند مرودشت‌,16,15288,555718800,37090,36350,36350,-740,-2.0,37080,-10,-0.03,36350,36350,1399-12-11
594,نيرو,نيرو سرمايه,16,5133,280184805,56859,54585,54585,-2274,-4.0,56826,-33,-0.06,54585,54585,1399-12-11
595,وپخش,داروپخش‌ (هلدينگ‌,16,1695,175042650,105370,103270,103270,-2100,-1.99,105360,-10,-0.01,103270,103270,1399-12-11
596,غنوش,نوش‌ مازندران‌,16,4583,273834250,60960,59750,59750,-1210,-1.98,60950,-10,-0.02,59750,59750,1399-12-11
597,دسبحان,سبحان دارو,15,44299,962617270,22170,21730,21730,-440,-1.98,22160,-10,-0.05,21730,21730,1399-12-11
598,داوه,داروسازي آوه سينا,15,32671,649891532,20297,19892,19892,-405,-2.0,20292,-5,-0.02,19892,19892,1399-12-11
599,اخزا904,اسنادخزانه-م4بودجه99-011215,15,46059,30725723614,667608,667001,667160,-448,-0.07,667095,-513,-0.08,667000,671970,1399-12-11
600,ولملت,واسپاري ملت,15,46204,374917480,8270,8270,8110,-160,-1.93,8270,0,0.0,8110,8270,1399-12-11
601,درهآور,دارويي ره آورد تامين,15,3349,181117269,55184,54081,54081,-1103,-2.0,55180,-4,-0.01,54081,54081,1399-12-11
602,حسير,ريل سير كوثر,15,23647,404978522,17475,17126,17126,-349,-2.0,17472,-3,-0.02,17126,17126,1399-12-11
603,درازك,دارويي‌ رازك‌,14,8512,296558080,35550,34840,34840,-710,-2.0,35550,0,0.0,34840,34840,1399-12-11
604,وحافظ,بيمه حافظ,14,102427,6932156933,70498,67679,67679,-2819,-4.0,68462,-2036,-2.89,67679,67679,1399-12-11
605,ضجار2001,اختيارخ وتجارت-2000-1400/02/22,14,300,233435000,860,790,744,-116,-13.49,778,-82,-9.53,744,800,1399-12-11
606,بخاور,بيمه زندگي خاورميانه,14,32294,228253992,7212,7068,7068,-144,-2.0,7211,-1,-0.01,7068,7068,1399-12-11
607,فاما,صنعتي‌ آما,14,19396,397424040,20900,20490,20490,-410,-1.96,20900,0,0.0,20490,20490,1399-12-11
608,اخزا723,اسنادخزانه-م23بودجه97-000824,14,53837,47034179426,873913,876500,873629,-284,-0.03,873640,-273,-0.03,873629,876500,1399-12-11
609,پدرخش,درخشان‌ تهران‌,14,6955,882867700,129530,126940,126940,-2590,-2.0,129480,-50,-0.04,126940,126940,1399-12-11
610,خموتور,موتورسازان‌تراكتورسازي‌ايران‌,14,94206,1404611460,15210,14910,14910,-300,-1.97,15200,-10,-0.07,14910,14910,1399-12-11
611,اخزا811,اسنادخزانه-م11بودجه98-001013,14,64394,54863625000,852696,852938,852000,-696,-0.08,851999,-697,-0.08,850000,852938,1399-12-11
612,تكشا,گسترش‌صنايع‌وخدمات‌كشاورزي‌,13,3323,161032580,49440,48460,48460,-980,-1.98,49440,0,0.0,48460,48460,1399-12-11
613,قنيشا,قند  نيشابور,13,26282,1599785340,62110,60870,60870,-1240,-2.0,62070,-40,-0.06,60870,60870,1399-12-11
614,تپكو,توليدتجهيزات‌سنگين‌هپكو,13,19964,107286536,5483,5374,5374,-109,-1.99,5483,0,0.0,5374,5374,1399-12-11
615,زقيام,كشت و دام قيام اصفهان,13,8803,264019576,30604,29992,29992,-612,-2.0,30601,-3,-0.01,29992,29992,1399-12-11
616,وسفارس,شركت س استان فارس,13,302299,305321990,1030,1010,1010,-20,-1.94,1030,0,0.0,1010,1010,1399-12-11
617,دجابر,داروسازي‌ جابرابن‌حيان‌,13,372499,7543104750,20660,20250,20250,-410,-1.98,20600,-60,-0.29,20250,20250,1399-12-11
618,ثجوان,تامين مسكن جوانان,13,66623,737116872,11525,11064,11064,-461,-4.0,11507,-18,-0.16,11064,11064,1399-12-11
619,خاذين,سايپاآذين‌,13,42880,201964800,4800,4710,4710,-90,-1.88,4800,0,0.0,4710,4710,1399-12-11
620,كشرق,صنعتي و معدني شمال شرق شاهرود,13,41256,3880828152,95986,94067,94067,-1919,-2.0,95834,-152,-0.16,94067,94067,1399-12-11
621,ضپيك2009,اختيارخ تاپيكو-10000-00/02/19,13,444,845560000,1450,2000,1900,450,31.03,1904,454,31.31,1900,2000,1399-12-11
622,ومعلم,بيمه معلم,13,175993,828927030,4806,4710,4710,-96,-2.0,4804,-2,-0.04,4710,4710,1399-12-11
623,هجرت,پخش هجرت,13,4669,130549909,28531,27961,27961,-570,-2.0,28529,-2,-0.01,27961,27961,1399-12-11
624,وآوا,سرمايه گذاري آوا نوين,13,35704,312195776,8922,8744,8744,-178,-2.0,8921,-1,-0.01,8744,8744,1399-12-11
625,تايرا,تراكتورسازي‌ايران‌,13,46570,1207094400,26440,25920,25920,-520,-1.97,26430,-10,-0.04,25920,25920,1399-12-11
626,فمراد,آلومراد,13,1456,210479360,147510,144560,144560,-2950,-2.0,147500,-10,-0.01,144560,144560,1399-12-11
627,ضفلا3005,اختيارخ فولاد-14000-1400/03/19,13,154,111679000,670,701,735,65,9.7,725,55,8.21,700,799,1399-12-11
628,وگردش,بانك گردشگري,12,9673,168493987,17774,17419,17419,-355,-2.0,17773,-1,-0.01,17419,17419,1399-12-11
629,قاسم,قاسم ايران,12,17895,241045650,13744,13470,13470,-274,-1.99,13743,-1,-0.01,13470,13470,1399-12-11
630,غپآذر,شير پگاه آذربايجان شرقي,12,4987,330284023,67580,66229,66229,-1351,-2.0,67571,-9,-0.01,66229,66229,1399-12-11
631,ثنوسا,نوسازي‌وساختمان‌تهران‌,12,34741,454064870,13330,13070,13070,-260,-1.95,13330,0,0.0,13070,13070,1399-12-11
632,خكار,ايركا پارت صنعت,12,30509,660214760,22080,21640,21640,-440,-1.99,22070,-10,-0.05,21640,21640,1399-12-11
633,وسخراش,شركت س استان خراسان شمالي,12,898800,1213380000,1370,1350,1350,-20,-1.46,1370,0,0.0,1350,1350,1399-12-11
634,دامين,داروسازي‌ امين‌,12,28451,393477330,14110,13830,13830,-280,-1.98,14110,0,0.0,13830,13830,1399-12-11
635,سبجنو,سيمان‌ بجنورد,12,5076,304661520,61240,60020,60020,-1220,-1.99,61230,-10,-0.02,60020,60020,1399-12-11
636,دتوزيع,توزيع دارو پخش,11,189694,9096016994,48929,47951,47951,-978,-2.0,48746,-183,-0.37,47951,47951,1399-12-11
637,ضملت3002,اختيارخ وبملت-4000-1400/03/19,11,393,134551000,350,353,300,-50,-14.29,342,-8,-2.29,300,400,1399-12-11
638,ثپرديس,سرمايه گذاري مسكن پرديس,11,20111,202578103,10278,10073,10073,-205,-1.99,10277,-1,-0.01,10073,10073,1399-12-11
639,كاسپين,داروسازي كاسپين تامين,11,7001,172700668,25171,24668,24668,-503,-2.0,25169,-2,-0.01,24668,24668,1399-12-11
640,دلقما,دارويي‌ لقمان‌,11,9157,223980220,24950,24460,24460,-490,-1.96,24950,0,0.0,24460,24460,1399-12-11
641,ولغدر,ليزينگ‌خودروغدير,11,27966,618328260,22560,22110,22110,-450,-1.99,22550,-10,-0.04,22110,22110,1399-12-11
642,كشم0006پ02,كشمش تيزابي0006تاكستان(پ),11,2341,534684499,227855,225100,228510,655,0.29,228400,545,0.24,225000,228510,1399-12-11
643,كطبس,ذغال‌سنگ‌ نگين‌ ط‌بس‌,11,43450,3549430500,83350,81690,81690,-1660,-1.99,83230,-120,-0.14,81690,81690,1399-12-11
644,مفاخر,توسعه فناوري اطلاعات خوارزمي,11,262379,17607205174,68475,67106,67106,-1369,-2.0,67976,-499,-0.73,67106,67106,1399-12-11
645,حكشتيح,ح . كشتيراني ج. ا. ا,11,7228,138068120,19010,21290,18890,-120,-0.63,19100,90,0.47,18890,21290,1399-12-11
646,قزوين,كارخانجات‌ قند قزوين‌,11,28058,1105204620,40190,39390,39390,-800,-1.99,40170,-20,-0.05,39390,39390,1399-12-11
647,سجام,مجتمع سيمان غرب آسيا,11,18688,93084928,5188,4981,4981,-207,-3.99,5187,-1,-0.02,4981,4981,1399-12-11
648,وبهمن,سرمايه‌گذاري‌بهمن‌,10,38854,643810780,16900,16570,16570,-330,-1.95,16900,0,0.0,16570,16570,1399-12-11
649,اخزا906,اسنادخزانه-م6بودجه99-020321,10,331,218679453,660663,660663,660663,0,0.0,660663,0,0.0,660663,660663,1399-12-11
650,سحرخيز2,صندوق س. گروه زعفران سحرخيز,10,1000000,1000000,9493,1,1,-9492,-99.99,1,-9492,-99.99,1,1,1399-12-11
651,اخزا812,اسنادخزانه-م12بودجه98-001111,10,62318,52492657820,842681,842780,842700,19,0.0,842335,-346,-0.04,839500,842780,1399-12-11
652,وسكرد,شركت س استان كردستان,10,171844,125446120,740,730,730,-10,-1.35,740,0,0.0,730,730,1399-12-11
653,ضسپا3000,اختيارخ خساپا-1400-1400/03/26,10,210,216500000,1050,1100,1000,-50,-4.76,1031,-19,-1.81,1000,1100,1399-12-11
654,شتوكا,توكا رنگ فولاد سپاهان,10,33588,1793834316,54496,53407,53407,-1089,-2.0,54456,-40,-0.07,53407,53407,1399-12-11
655,اخزا721,اسنادخزانه-م21بودجه97-000728,10,2968,2622569787,884183,880001,887999,3816,0.43,883615,-568,-0.06,880000,887999,1399-12-11
656,ضخود2011,اختيارخ خودرو-5000-1400/02/08,10,180,4780000,23,26,25,2,8.7,27,4,17.39,25,37,1399-12-11
657,ضملي3005,اختيارخ فملي-16000-1400/03/02,10,10,5856000,666,555,600,-66,-9.91,586,-80,-12.01,501,600,1399-12-11
658,زعف0008پ18,زعفران0008نگين بهرامن(پ),10,2998,356812253,118790,119001,119022,232,0.2,119017,227,0.19,119001,119025,1399-12-11
659,سهرمز,سيمان‌هرمزگان‌,10,29388,728234640,25280,24780,24780,-500,-1.98,25270,-10,-0.04,24780,24780,1399-12-11
660,غشان,شيرپاستوريزه‌پگاه‌خراسان‌,10,31242,243687600,7950,7800,7800,-150,-1.89,7950,0,0.0,7800,7800,1399-12-11
661,لخانه,لوازم‌ خانگي‌ پارس‌,10,320584,9031492448,28746,28172,28172,-574,-2.0,28481,-265,-0.92,28172,28172,1399-12-11
662,فيروزه2,صندوق شاخص30 شركت فيروزه- سهام,10,100000,100000,126160,1,1,-126159,-100.0,1,-126159,-100.0,1,1,1399-12-11
663,پاسا,ايران‌ياساتايرورابر,10,19142,505348800,26930,26400,26400,-530,-1.97,26920,-10,-0.04,26400,26400,1399-12-11
664,اخزا810,اسنادخزانه-م10بودجه98-001006,10,43207,36924611681,855397,855326,855000,-397,-0.05,854598,-799,-0.09,850000,855326,1399-12-11
665,اوان,مبين وان كيش,10,27880,1507025520,55157,54054,54054,-1103,-2.0,55123,-34,-0.06,54054,54054,1399-12-11
666,دپارس,پارس‌ دارو,10,3929,337383230,87620,85870,85870,-1750,-2.0,87610,-10,-0.01,85870,85870,1399-12-11
667,ددام,داروسازي زاگرس فارمد پارس,9,58993,1341500820,23200,22740,22740,-460,-1.98,23190,-10,-0.04,22740,22740,1399-12-11
668,جهرم,پتروشيمي جهرم,9,224207,436755236,1987,1948,1948,-39,-1.96,1986,-1,-0.05,1948,1948,1399-12-11
669,تكنار,مجتمع معادن مس تكنار,9,1411,197081425,142525,139675,139675,-2850,-2.0,142495,-30,-0.02,139675,139675,1399-12-11
670,غمارگ,مارگارين‌,9,35583,1142214300,32750,32100,32100,-650,-1.98,32730,-20,-0.06,32100,32100,1399-12-11
671,سفار,سيمان‌فارس‌,9,9711,1501029270,157720,154570,154570,-3150,-2.0,157620,-100,-0.06,154570,154570,1399-12-11
672,خكمك,كمك‌فنرايندامين‌,9,44638,1258791600,28770,28200,28200,-570,-1.98,28760,-10,-0.03,28200,28200,1399-12-11
673,ضخوز2012,اختيارخ فخوز-10000-1400/02/15,9,68,236730000,2830,3500,3460,630,22.26,3481,651,23.0,3450,3500,1399-12-11
674,شاملاح,ح . معدني‌ املاح‌  ايران‌,9,102112,4748430400,46810,46700,46500,-310,-0.66,46500,-310,-0.66,46500,46700,1399-12-11
675,بهپاك,صنعتي بهپاك,8,21157,976839847,47113,46171,46171,-942,-2.0,47094,-19,-0.04,46171,46171,1399-12-11
676,تپولا,مهندسي مرآت پولاد,8,13044,474762468,37139,36397,36397,-742,-2.0,37121,-18,-0.05,36397,36397,1399-12-11
677,ضپنا2003,اختيارخ رمپنا-16000-1400/02/12,8,50,98150000,2300,2100,1950,-350,-15.22,1963,-337,-14.65,1950,2100,1399-12-11
678,رتكو,كنترل‌خوردگي‌تكين‌كو,8,401811,7670571990,19470,19090,19090,-380,-1.95,19410,-60,-0.31,19090,19090,1399-12-11
679,وايران,ليزينگ ايرانيان,8,9340,116002800,12670,12420,12420,-250,-1.97,12670,0,0.0,12420,12420,1399-12-11
680,شدوص,دوده‌ صنعتي‌ پارس‌,8,14999,449070060,30550,29940,29940,-610,-2.0,30540,-10,-0.03,29940,29940,1399-12-11
681,عيار2,صندوق س. پشتوانه طلاي مفيد,8,80000,80000,27899,1,1,-27898,-100.0,1,-27898,-100.0,1,1,1399-12-11
682,ضشنا2000,اختيارخ شپنا-9000-1400/02/27,8,77,268301000,3354,3650,3450,96,2.86,3484,130,3.88,3400,3650,1399-12-11
683,خچرخش,چرخشگر,8,14856,269933520,18540,18170,18170,-370,-2.0,18540,0,0.0,18170,18170,1399-12-11
684,دكوثر,داروسازي‌ كوثر,8,9109,187463220,20990,20580,20580,-410,-1.95,20990,0,0.0,20580,20580,1399-12-11
685,پست0008پ04,پسته فندقي32-30سبزدانه0008(پ),8,262,350433127,1325135,1340000,1324003,-1132,-0.09,1337531,12396,0.94,1301000,1348000,1399-12-11
686,كفرا,فراورده‌ هاي‌ نسوزايران‌,8,1189,55704650,47800,46850,46850,-950,-1.99,47800,0,0.0,46850,46850,1399-12-11
687,وتوشه,سرمايه‌ گذاري‌ پارس‌ توشه‌,8,43155,989112600,23380,22920,22920,-460,-1.97,23370,-10,-0.04,22920,22920,1399-12-11
688,اخزا713,اسنادخزانه-م13بودجه97-000518,8,2808,2572381548,916670,915737,916111,-559,-0.06,916090,-580,-0.06,915737,916600,1399-12-11
689,قپيرا,فرآورده‌هاي‌غدايي‌وقندپيرانشهر,8,10416,1081076640,105900,103790,103790,-2110,-1.99,105850,-50,-0.05,103790,103790,1399-12-11
690,شپارس,بين‌ المللي‌ محصولات‌  پارس‌,8,58525,1152942500,20100,19700,19700,-400,-1.99,20090,-10,-0.05,19700,19700,1399-12-11
691,وسگيلا,شركت س استان گيلان,7,112195,86390150,780,770,770,-10,-1.28,780,0,0.0,770,770,1399-12-11
692,ضجار2000,اختيارخ وتجارت-1800-1400/02/22,7,196,193650000,1038,1000,1000,-38,-3.66,988,-50,-4.82,953,1000,1399-12-11
693,بايكا,كارخانجات كابلسازي ‌ايران‌,7,1459,61737585,43178,42315,42315,-863,-2.0,43175,-3,-0.01,42315,42315,1399-12-11
694,قجام,فرآوردههاي غذايي وقندتربت‌جام‌,7,7569,123813702,16691,16358,16358,-333,-2.0,16687,-4,-0.02,16358,16358,1399-12-11
695,واتي,سرمايه‌ گذاري‌ آتيه‌ دماوند,7,13024,156157760,12230,11990,11990,-240,-1.96,12230,0,0.0,11990,11990,1399-12-11
696,حرهشا,رهشاد سپاهان (سهامي عام,7,2295,143965350,65343,62730,62730,-2613,-4.0,65304,-39,-0.06,62730,62730,1399-12-11
697,زعف0008پ05,زعفران0008نگين زرين(پ),7,5300,629574050,118652,118100,120000,1348,1.14,118788,136,0.11,118100,120009,1399-12-11
698,آرمان,بيمه آرمان,7,7667,65261504,8685,8512,8512,-173,-1.99,8684,-1,-0.01,8512,8512,1399-12-11
699,اراد50,مرابحه عام دولت5-ش.خ0302,7,40000,40000000000,1000000,1000000,1000000,0,0.0,1000000,0,0.0,1000000,1000000,1399-12-11
700,ضفار3001,اختيارخ فارس-9000-1400/03/05,7,92,68787000,730,800,700,-30,-4.11,748,18,2.47,700,800,1399-12-11
701,حپارسا,توسعه حمل و نقل ريلي پارسيان,7,9643,334496384,35395,34688,34688,-707,-2.0,35390,-5,-0.01,34688,34688,1399-12-11
702,نگين,ص.س. زمين و ساختمان نگين شهرري,7,196,9443750,48680,48200,48200,-480,-0.99,48180,-500,-1.03,47590,48200,1399-12-11
703,زكشت,كشاورزي مكانيزه اصفهان كشت,7,14368,571817664,40610,39798,39798,-812,-2.0,40600,-10,-0.02,39798,39798,1399-12-11
704,ثغرب,شركت سرمايه گذاري مسكن شمالغرب,7,62838,493969518,8021,7861,7861,-160,-1.99,8019,-2,-0.02,7861,7861,1399-12-11
705,حپترو,حمل و نقل پتروشيمي( سهامي عام,7,38597,2063781590,54560,53470,53470,-1090,-2.0,54510,-50,-0.09,53470,53470,1399-12-11
706,ثعمرا,عمران و توسعه شاهد,6,11522,148507058,13152,12889,12889,-263,-2.0,13151,-1,-0.01,12889,12889,1399-12-11
707,زعف0008پ12,زعفران0008پوشالمعمول سحرخيز(پ),6,1619,133521000,77446,83000,82000,4554,5.88,82471,5025,6.49,79000,83000,1399-12-11
708,حتوكا,حمل‌ونقل‌توكا,6,1855,56299250,30960,30350,30350,-610,-1.97,30960,0,0.0,30350,30350,1399-12-11
709,شپارسح,ح . بين‌ المللي‌محصولات پارس‌,6,2940,47493750,15530,16750,16000,470,3.03,16150,620,3.99,16000,16750,1399-12-11
710,پست0008پ08,پسته فندقي32-30مه ولات0008(پ),6,23,31166005,1351028,1369000,1330001,-21027,-1.56,1355044,4016,0.3,1330000,1379000,1399-12-11
711,خوساز,محورسازان‌ايران‌خودرو,6,12229,96609100,8060,7900,7900,-160,-1.99,8060,0,0.0,7900,7900,1399-12-11
712,سپرمي,پرميت‌,6,25993,229596169,8746,8833,8833,87,0.99,8750,4,0.05,8833,8833,1399-12-11
713,چافست,افست‌,6,10077,164355870,16640,16310,16310,-330,-1.98,16640,0,0.0,16310,16310,1399-12-11
714,غشوكو,شوكو پارس,6,15000,590055000,40139,39337,39337,-802,-2.0,40115,-24,-0.06,39337,39337,1399-12-11
715,كاذر,فرآورده‌هاي‌نسوزآذر,6,7616,252927360,33880,33210,33210,-670,-1.98,33880,0,0.0,33210,33210,1399-12-11
716,افرا,افرانت,6,963,33554772,35555,34844,34844,-711,-2.0,35555,0,0.0,34844,34844,1399-12-11
717,قلرست,قند لرستان‌,6,35351,1253546460,36180,35460,35460,-720,-1.99,36160,-20,-0.06,35460,35460,1399-12-11
718,طلا2,صندوق س.پشتوانه طلاي لوتوس,6,600000,600000,79859,1,1,-79858,-100.0,1,-79858,-100.0,1,1,1399-12-11
719,اخزا718,اسنادخزانه-م18بودجه97-000525,6,8020,7328809790,914000,910000,914053,53,0.01,913817,-183,-0.02,910000,914999,1399-12-11
720,غبهار,كشت وصنعت بهاران گلبهار خراسان,5,1974,66790290,34525,33835,33835,-690,-2.0,34523,-2,-0.01,33835,33835,1399-12-11
721,ضفار3000,اختيارخ فارس-8000-1400/03/05,5,33,44100000,1300,1200,1400,100,7.69,1336,36,2.77,1200,1400,1399-12-11
722,دقاضي,داروسازي شهيد قاضي,5,25767,1141220430,45193,44290,44290,-903,-2.0,45140,-53,-0.12,44290,44290,1399-12-11
723,غگلستا,شير پاستوريزه پگاه گلستان,5,1898,54301780,29193,28610,28610,-583,-2.0,29192,-1,0.0,28610,28610,1399-12-11
724,نتوس,پشم‌ بافي‌ توس,5,1185,25657620,22093,21652,21652,-441,-2.0,22092,-1,0.0,21652,21652,1399-12-11
725,فلامي,لاميران‌,5,2022,89635260,45230,44330,44330,-900,-1.99,45230,0,0.0,44330,44330,1399-12-11
726,تملي612,تسهيلات مسكن بانك ملي-اسفند96,5,35,27810679,757979,776000,795877,37898,5.0,794591,36612,4.83,776000,795877,1399-12-11
727,غدام,خوراك‌  دام‌ پارس‌,5,816,322466880,403240,395180,395180,-8060,-2.0,403190,-50,-0.01,395180,395180,1399-12-11
728,اخزا807,اسنادخزانه-م7بودجه98-000719,5,278,248121094,889932,889100,898995,9063,1.02,892522,2590,0.29,889100,899000,1399-12-11
729,اشاد1,مشاركت دولتي1-شرايط خاص001026,5,9200,9015999900,970050,980000,979999,9949,1.03,980000,9950,1.03,979999,980000,1399-12-11
730,ضبدر3003,اختيارخ شبندر-20000-1400/03/30,5,37,225403000,6000,6001,8200,2200,36.67,6092,92,1.53,6000,8200,1399-12-11
731,وپسا,س. پتروشيمي ساختمان  خليج فارس,5,31000,92690000,3051,2990,2990,-61,-2.0,3050,-1,-0.03,2990,2990,1399-12-11
732,فسديد,لوله‌وتجهيزات‌ سديد - ورشكسته,5,4907,572416271,117831,116653,116653,-1178,-1.0,117695,-136,-0.12,116653,116653,1399-12-11
733,اخزا716,اسنادخزانه-م16بودجه97-000407,5,1548,1440452699,943997,923000,938001,-5996,-0.64,930525,-13472,-1.43,923000,939500,1399-12-11
734,بنيرو,نيروترانس‌,4,25238,388160440,15690,15380,15380,-310,-1.98,15690,0,0.0,15380,15380,1399-12-11
735,شساخت,مهندسي و ساختمان صنايع نفت,4,1543,62209131,41139,40317,40317,-822,-2.0,41138,-1,0.0,40317,40317,1399-12-11
736,قهكمت,قندهكمتان‌,4,17602,802299160,46510,45580,45580,-930,-2.0,46490,-20,-0.04,45580,45580,1399-12-11
737,زنجان,صنايع كشاورزي وكود زنجان,4,3735,34772850,9499,9310,9310,-189,-1.99,9499,0,0.0,9310,9310,1399-12-11
738,آبين,كشت و صنعت آبشيرين,4,6765,27865035,4290,4119,4119,-171,-3.99,4290,0,0.0,4119,4119,1399-12-11
739,زعف0008پ09,زعفران0008نگين نوين(پ),4,3043,360225500,118480,118000,119001,521,0.44,118378,-102,-0.09,118000,119001,1399-12-11
740,خعمرا,توسعه و عمران شهرستان نائين,4,2811,66328356,22473,23596,23596,1123,5.0,22477,4,0.02,23596,23596,1399-12-11
741,اخزا722,اسنادخزانه-م22بودجه97-000428,4,326,302622215,928889,928201,929000,111,0.01,928289,-600,-0.06,928201,929000,1399-12-11
742,زعف0008پ15,زعفران0008پوشالمعمول طلاسرخ(پ),4,192,15537381,82000,75401,80100,-1900,-2.32,80924,-1076,-1.31,75401,83241,1399-12-11
743,فسا,پتروشيمي فسا,4,11000,20009000,1856,1819,1819,-37,-1.99,1856,0,0.0,1819,1819,1399-12-11
744,ضفلا3002,اختيارخ فولاد-9000-1400/03/19,4,70,248500000,3300,3550,3550,250,7.58,3550,250,7.58,3550,3550,1399-12-11
745,كقزوي,شيشه‌ قزوين‌,4,7962,80416200,10306,10100,10100,-206,-2.0,10305,-1,-0.01,10100,10100,1399-12-11
746,گپارس,امور رفاهي كارگزاران پارس,4,251,51495160,209346,205160,205160,-4186,-2.0,209335,-11,-0.01,205160,205160,1399-12-11
747,وسكهبو,س.عدالت ا. كهگيلويه وبويراحمد,4,19660,21822600,1130,1110,1110,-20,-1.77,1130,0,0.0,1110,1110,1399-12-11
748,تشتاد,صنايع توليدي اشتاد ايران‌,4,3375,52147125,15766,15451,15451,-315,-2.0,15765,-1,-0.01,15451,15451,1399-12-11
749,خفناور,مهندسي صنعتي روان فن آور,4,1494,77862798,53180,52117,52117,-1063,-2.0,53176,-4,-0.01,52117,52117,1399-12-11
750,واحصا,احياء صنايع خراسان,4,3807,273361635,73270,71805,71805,-1465,-2.0,73250,-20,-0.03,71805,71805,1399-12-11
751,كباده,توليد خاك نسوزاستقلال آباده,4,14030,126662840,8599,9028,9028,429,4.99,8602,3,0.03,9028,9028,1399-12-11
752,كيسون,شركت كيسون,4,2250,32492250,14735,14441,14441,-294,-2.0,14735,0,0.0,14441,14441,1399-12-11
753,لازما,كارخانه هاي صنعتي آزمايش,3,2252,77263868,35009,34309,34309,-700,-2.0,35006,-3,-0.01,34309,34309,1399-12-11
754,فن آوا,گروه فن آوا,3,51000,936870000,18744,18370,18370,-374,-2.0,18726,-18,-0.1,18370,18370,1399-12-11
755,تملي703,تسهيلات مسكن ب. ملي-خرداد97,3,157,77331659,480769,480769,504807,24038,5.0,492558,11789,2.45,480769,504807,1399-12-11
756,فافزا,فولاد افزا سپاهان,3,719,36159948,51318,50292,50292,-1026,-2.0,51316,-2,0.0,50292,50292,1399-12-11
757,شزنگ,تجهيزنيروي‌زنگان‌,3,95,21984710,236140,231418,231418,-4722,-2.0,236135,-5,0.0,231418,231418,1399-12-11
758,صگل309,صكوك اجاره گل گهر309-3ماهه20%,3,30000,31612890000,1060000,1053763,1053763,-6237,-0.59,1053763,-6237,-0.59,1053763,1053763,1399-12-11
759,فولاد2,فولاد مباركه اصفهان,3,71500000,801450000000,11390,11170,11600,210,1.84,11209,-181,-1.59,11170,11600,1399-12-11
760,هصيكو402,اختيارف ت تاصيكو13500-00/02/20,3,21600,76377600,3368,3536,3536,168,4.99,3536,168,4.99,3536,3536,1399-12-11
761,وسكرمان,س.سهام عدالت استان كرمان,3,11000,11110000,1030,1010,1010,-20,-1.94,1030,0,0.0,1010,1010,1399-12-11
762,ولصنم,ليزينگ‌صنعت‌ومعدن‌,3,3910,42814500,11170,10950,10950,-220,-1.97,11170,0,0.0,10950,10950,1399-12-11
763,غدشت,دشت‌ مرغاب‌,3,177,50547660,291400,285580,285580,-5820,-2.0,291390,-10,0.0,285580,285580,1399-12-11
764,تملي710,تسهيلات مسكن ب. ملي-دي97,3,32,20319691,605632,634989,635000,29368,4.85,634990,29358,4.85,634989,635000,1399-12-11
765,ثنام,س ساختماني ب نام آوران مهندسي,3,2806,46085744,16759,16424,16424,-335,-2.0,16758,-1,-0.01,16424,16424,1399-12-11
766,فخاس,فولاد خراسان,3,534,16078740,30720,30110,30110,-610,-1.99,30720,0,0.0,30110,30110,1399-12-11
767,تصميم2,صندوق س با درآمد ثابت تصميم,3,3000000,3000000,15759,1,1,-15758,-99.99,1,-15758,-99.99,1,1,1399-12-11
768,ضسپا3002,اختيارخ خساپا-1800-1400/03/26,3,3,2200000,746,750,700,-46,-6.17,733,-13,-1.74,700,750,1399-12-11
769,وسيستا,شركت س استان سيستان وبلوچستان,3,62000,47120000,770,760,760,-10,-1.3,770,0,0.0,760,760,1399-12-11
770,ضشنا2006,اختيارخ شپنا-20000-1400/02/27,3,7,5876000,1,11,1500,1499,149900.0,839,838,83800.0,11,1500,1399-12-11
771,اراد404,مرابحه عام دولت4-ش.خ 0207,3,13999900,13174443359000,999000,941089,940955,-58045,-5.81,941038,-57962,-5.8,940955,941089,1399-12-11
772,وآتوس,س.آرين توسكا قيمت اسمي 350ريال,3,2316,105866676,46643,45711,45711,-932,-2.0,46638,-5,-0.01,45711,45711,1399-12-11
773,فجام,جام‌دارو,3,100608,1026201600,10400,10200,10200,-200,-1.92,10400,0,0.0,10200,10200,1399-12-11
774,اعتماد2,صندوق س.اعتماد آفرين پارسيان-د,3,22000000,22000000,35097,1,1,-35096,-100.0,1,-35096,-100.0,1,1,1399-12-11
775,تملي806,تسهيلات مسكن ب. ملي-شهريور98,3,124,73930412,567822,596213,596213,28391,5.0,596213,28391,5.0,596213,596213,1399-12-11
776,صخابر102,صكوك اجاره مخابرات-3 ماهه 16%,3,20006,19707640000,984588,940000,985100,512,0.05,985086,498,0.05,940000,985100,1399-12-11
777,ضچاد2002,اختيارخ كچاد-16000-1400/02/05,3,45,184205000,6234,4000,4405,-1829,-29.34,4093,-2141,-34.34,4000,4950,1399-12-11
778,ضغدر3002,اختيارخ وغدير-8200-1400/03/26,3,300,910000000,2815,3000,3000,185,6.57,3033,218,7.74,3000,3100,1399-12-11
779,تملي802,تسهيلات مسكن ب. ملي-ارديبهشت98,3,20,16008052,816737,857573,775901,-40836,-5.0,800403,-16334,-2.0,775901,857573,1399-12-11
780,كصدف,كاشي صدف سرام استقلال آباده,3,939,23694726,25748,25234,25234,-514,-2.0,25747,-1,0.0,25234,25234,1399-12-11
781,سمايه,بانك سرمايه,3,6730,47439770,7192,7049,7049,-143,-1.99,7192,0,0.0,7049,7049,1399-12-11
782,اخزا720,اسنادخزانه-م20بودجه97-000324,2,456,430920050,950372,945001,945000,-5372,-0.57,945000,-5372,-0.57,945000,945001,1399-12-11
783,ضمخا7070,اختيارخ اخابر-20000-1400/07/28,2,3,2002000,909,501,1000,91,10.01,667,-242,-26.62,501,1000,1399-12-11
784,آرمانح,ح.بيمه آرمان,2,8565,61856430,7369,7222,7222,-147,-1.99,7222,-147,-1.99,7222,7222,1399-12-11
785,اخزا7214,اسنادخزانه-م21بودجه97-000728,2,3164000,2802704422000,884183,886603,885018,835,0.09,885810,1627,0.18,885018,886603,1399-12-11
786,دروز,داروسازي‌ روزدارو,2,445,12326500,28260,27700,27700,-560,-1.98,28260,0,0.0,27700,27700,1399-12-11
787,شستا993,اجاره ت.اجتماعي-كاردان991226,2,319,319080000,991000,1000000,1004000,13000,1.31,1000251,9251,0.93,1000000,1004000,1399-12-11
788,بزاگرسح,ح . نيروگاه زاگرس كوثر,2,44195,278578500,6250,6450,6300,50,0.8,6303,53,0.85,6300,6450,1399-12-11
789,اراد524,مرابحه عام دولت5-ش.خ 0108,2,12666000,12087480450000,1000000,954350,954300,-45700,-4.57,954325,-45675,-4.57,954300,954350,1399-12-11
790,ضغدر3004,اختيارخ وغدير-11200-1400/03/26,2,60,68600000,2000,1115,1200,-800,-40.0,1143,-857,-42.85,1115,1200,1399-12-11
791,اخزا7184,اسنادخزانه-م18بودجه97-000525,2,2498000,2284623338000,914000,915162,914000,0,0.0,914581,581,0.06,914000,915162,1399-12-11
792,اراد644,مرابحه عام دولتي64-ش.خ0111,2,3760500,3558409050000,944500,946300,946100,1600,0.17,946260,1760,0.19,946100,946300,1399-12-11
793,اراد334,مرابحه عام دولت3-ش.خ 0303,2,10000000,8721660000000,884154,872192,872140,-12014,-1.36,872166,-11988,-1.36,872140,872192,1399-12-11
794,صينا205,صكوك منفعت سينا دارو-3ماهه 19%,2,132,131960400,979379,999700,999700,20321,2.07,999700,20321,2.07,999700,999700,1399-12-11
795,اخزا7224,اسنادخزانه-م22بودجه97-000428,2,1838000,1706392767000,928889,927530,929263,374,0.04,928396,-493,-0.05,927530,929263,1399-12-11
796,اخزا8074,اسنادخزانه-م7بودجه98-000719,2,668000,597733080000,889932,889848,899772,9840,1.11,894810,4878,0.55,889848,899772,1399-12-11
797,اراد494,مرابحه عام دولت4-ش.خ 0206,2,21424000,20183689656000,990000,942113,942100,-47900,-4.84,942106,-47894,-4.84,942100,942113,1399-12-11
798,ثقزوي,شركت عمران و سازندگي قزوين,2,815,25501350,31928,31290,31290,-638,-2.0,31927,-1,0.0,31290,31290,1399-12-11
799,وسخراج,شركت س استان خراسان جنوبي,2,4700,10246000,2220,2180,2180,-40,-1.8,2220,0,0.0,2180,2180,1399-12-11
800,وسمازن,س.سهام عدالت استان مازندران,2,41101,39456960,970,960,960,-10,-1.03,970,0,0.0,960,960,1399-12-11
801,اراد544,مرابحه عام دولت5-ش.خ 0109,2,10807200,10304888717500,1015000,953675,953250,-61750,-6.08,953521,-61479,-6.06,953250,953675,1399-12-11
802,غمهرا,توليدي‌مهرام‌,2,877,106274860,123650,121180,121180,-2470,-2.0,123640,-10,-0.01,121180,121180,1399-12-11
803,شرق1400,مشاركت ليزينگ ايران وشرق140010,2,40,40400000,1009000,1010000,1010000,1000,0.1,1010000,1000,0.1,1010000,1010000,1399-12-11
804,شستا002,اجاره تامين اجتماعي-تمدن000523,2,246,246000000,1000000,1000000,1000000,0,0.0,1000000,0,0.0,1000000,1000000,1399-12-11
805,ومعادن2,توسعه‌معادن‌وفلزات‌,2,15000000,164600000000,11150,10930,11060,-90,-0.81,10973,-177,-1.59,10930,11060,1399-12-11
806,ضصاد3003,اختيارخ وبصادر-3000-1400/03/12,2,16,3217000,164,198,247,83,50.61,201,37,22.56,198,247,1399-12-11
807,تملي803,تسهيلات مسكن ب. ملي-خرداد98,2,32,19753056,587889,617283,617283,29394,5.0,617283,29394,5.0,617283,617283,1399-12-11
808,افران2,صندوق س افرا نماد پايدار-ثابت,2,1900000,1900000,12778,1,1,-12777,-99.99,1,-12777,-99.99,1,1,1399-12-11
809,ثعتما,س. ساختماني اعتماد گستر,2,177,11914932,68689,67316,67316,-1373,-2.0,68688,-1,0.0,67316,67316,1399-12-11
810,دشيري,شيرين دارو,2,1028,229792952,228095,223534,223534,-4561,-2.0,228042,-53,-0.02,223534,223534,1399-12-11
811,گندم2,مرابحه گندم2-واجدشرايط خاص1400,2,2100,2094750000,950000,997500,997500,47500,5.0,997500,47500,5.0,997500,997500,1399-12-11
812,اراد214,مرابحه عام دولت2ش.خ صادرات0212,2,48306000,45757833714000,1000000,946669,948107,-51893,-5.19,947249,-52751,-5.28,946669,948107,1399-12-11
813,اراد424,مرابحه عام دولت4-ش.خ 0106,2,11276700,10862281703400,1056250,963331,963108,-93142,-8.82,963250,-93000,-8.8,963108,963331,1399-12-11
814,پرداخت,به پرداخت ملت,2,417,14866050,36370,35650,35650,-720,-1.98,36370,0,0.0,35650,35650,1399-12-11
815,اراد324,مرابحه عام دولت3-ش.خ0211,2,2000000,1778848000000,1000000,886748,892100,-107900,-10.79,889424,-110576,-11.06,886748,892100,1399-12-11
816,افاد14,منفعت دولت-با شرايط خاص140006,2,10000000,10213105000000,1000000,1021416,1021205,21205,2.12,1021310,21310,2.13,1021205,1021416,1399-12-11
817,طخود2005,اختيارف خودرو-2000-1400/02/08,2,2,135000,120,125,10,-110,-91.67,67,-53,-44.17,10,125,1399-12-11
818,حاريا,كشتيراني آريا,2,700,19936700,29062,28481,28481,-581,-2.0,29061,-1,0.0,28481,28481,1399-12-11
819,ضملي3001,اختيارخ فملي-9000-1400/03/02,2,19,83998000,4219,4400,4599,380,9.01,4421,202,4.79,4400,4599,1399-12-11
820,ضجار2004,اختيارخ وتجارت-3500-1400/02/22,2,30,2970000,68,99,99,31,45.59,99,31,45.59,99,99,1399-12-11
821,اراد314,مرابحه عام دولت3-ش.خ 0208,2,5000000,4495205000000,1000000,899082,899000,-101000,-10.1,899041,-100959,-10.1,899000,899082,1399-12-11
822,ضصاد3004,اختيارخ وبصادر-3500-1400/03/12,2,20,2600000,103,130,130,27,26.21,130,27,26.21,130,130,1399-12-11
823,اخزا8142,اسنادخزانه-م14بودجه98-010318,2,749162,584338868380,777704,779990,779990,2286,0.29,779990,2286,0.29,779990,779990,1399-12-11
824,اخزا8094,اسنادخزانه-م9بودجه98-000923,2,670000,579744635000,863832,864989,865592,1760,0.2,865290,1458,0.17,864989,865592,1399-12-11
825,اراد354,مرابحه عام دولت3-ش.خ 0103,2,16002100,15387833512800,1000000,961768,961490,-38510,-3.85,961613,-38387,-3.84,961490,961768,1399-12-11
826,ضخوز2013,اختيارخ فخوز-12000-1400/02/15,1,1,2000000,1600,2000,2000,400,25.0,2000,400,25.0,2000,2000,1399-12-11
827,صمسكن912,ص دين مسكن جنوب-ماهانه16درصد,1,110,5422230,49293,49293,49293,0,0.0,49293,0,0.0,49293,49293,1399-12-11
828,افاد614,منفعت دولت6-ش.خاص140109,1,3931900,3846223899000,970000,978210,978210,8210,0.85,978210,8210,0.85,978210,978210,1399-12-11
829,شبندر2,پالايش نفت بندرعباس,1,5000000,118550000000,23710,23710,23710,0,0.0,23710,0,0.0,23710,23710,1399-12-11
830,اراد444,مرابحه عام دولت4-ش.خ 0007,1,2000000,1989340000000,1050000,994670,994670,-55330,-5.27,994670,-55330,-5.27,994670,994670,1399-12-11
831,اراد504,مرابحه عام دولت5-ش.خ0302,1,450000,450000000000,1000000,1000000,1000000,0,0.0,1000000,0,0.0,1000000,1000000,1399-12-11
832,افاد24,منفعت دولتي2-شرايط خاص14000626,1,5490000,5551268400000,985000,1011160,1011160,26160,2.66,1011160,26160,2.66,1011160,1011160,1399-12-11
833,پست0008پ09,پسته بادامي30-28مه ولات0008(پ),1,10,13965000,1469999,1396500,1396500,-73499,-5.0,1396500,-73499,-5.0,1396500,1396500,1399-12-11
834,وسقم,شركت س استان قم,1,10132,14083480,1410,1390,1390,-20,-1.42,1410,0,0.0,1390,1390,1399-12-11
835,زعف0008پ08,زعفران0008نگين روستا(پ),1,99,11583000,118314,117000,117000,-1314,-1.11,117000,-1314,-1.11,117000,117000,1399-12-11
836,تملي708,تسهيلات مسكن ب. ملي-آبان97,1,24,14580000,578572,607500,607500,28928,5.0,607500,28928,5.0,607500,607500,1399-12-11
837,ضفلا3001,اختيارخ فولاد-8000-1400/03/19,1,9,40500000,4800,4500,4500,-300,-6.25,4500,-300,-6.25,4500,4500,1399-12-11
838,وسلرستا,شركت س استان لرستان,1,6000,5340000,900,890,890,-10,-1.11,900,0,0.0,890,890,1399-12-11
839,دفارا,داروسازي‌ فارابي‌,1,200,13358000,68150,66790,66790,-1360,-2.0,68150,0,0.0,66790,66790,1399-12-11
840,كگل2,معدني و صنعتي گل گهر,1,3500000,59150000000,16860,16900,16900,40,0.24,16900,40,0.24,16900,16900,1399-12-11
841,اخزا8134,اسنادخزانه-م13بودجه98-010219,1,217000,172011343000,790396,792679,792679,2283,0.29,792679,2283,0.29,792679,792679,1399-12-11
842,وبملت2,بانك ملت,1,50000000,181000000000,3640,3620,3620,-20,-0.55,3620,-20,-0.55,3620,3620,1399-12-11
843,صخود0012,ص مرابحه خودرو0012- 3ماهه 18%,1,7,7140000,1010000,1020000,1020000,10000,0.99,1020000,10000,0.99,1020000,1020000,1399-12-11
844,فايرا2,آلومينيوم‌ايران‌,1,24000000,610080000000,25420,25420,25420,0,0.0,25420,0,0.0,25420,25420,1399-12-11
845,وسكرشا,س.سهام عدالت استان كرمانشاه,1,4500,5580000,1260,1240,1240,-20,-1.59,1260,0,0.0,1240,1240,1399-12-11
846,سلار,شركت سيمان لارستان,1,100,5903400,60238,59034,59034,-1204,-2.0,60238,0,0.0,59034,59034,1399-12-11
847,سايرا,ايرانيت‌,1,500,22821000,46573,45642,45642,-931,-2.0,46571,-2,0.0,45642,45642,1399-12-11
848,ضملت3004,اختيارخ وبملت-5000-1400/03/19,1,7,784000,238,112,112,-126,-52.94,112,-126,-52.94,112,112,1399-12-11
849,كمند2,صندوق س. با درآمد ثابت كمند,1,100000000,100000000,10138,1,1,-10137,-99.99,1,-10137,-99.99,1,1,1399-12-11
850,ضپنا2002,اختيارخ رمپنا-14000-1400/02/12,1,5,17500000,2790,3500,3500,710,25.45,3500,710,25.45,3500,3500,1399-12-11
851,اراد65,مرابحه عام دولتي65-ش.خ0210,1,67000,62198110000,928220,928330,928330,110,0.01,928330,110,0.01,928330,928330,1399-12-11
852,ضفلا3000,اختيارخ فولاد-7000-1400/03/19,1,10,60000000,5500,6000,6000,500,9.09,6000,500,9.09,6000,6000,1399-12-11
853,ضبدر3004,اختيارخ شبندر-24000-1400/03/30,1,10,31000000,3500,3100,3100,-400,-11.43,3100,-400,-11.43,3100,3100,1399-12-11
854,تملي712,تسهيلات مسكن ب. ملي-اسفند97,1,25,15606350,657109,624254,624254,-32855,-5.0,624254,-32855,-5.0,624254,624254,1399-12-11
855,اراد604,مرابحه عام دولتي6-ش.خ0210,1,3300000,3096423000000,946000,938310,938310,-7690,-0.81,938310,-7690,-0.81,938310,938310,1399-12-11
856,پست0008پ02,پسته فندقي32-30طلاسبززرند0008,1,4,5288000,1373439,1322000,1322000,-51439,-3.75,1322000,-51439,-3.75,1322000,1322000,1399-12-11
857,صايپا112,صكوك مرابحه سايپا112-3ماهه 16%,1,10000,9833710000,983371,983371,983371,0,0.0,983371,0,0.0,983371,983371,1399-12-11
858,شستا994,اجاره تامين اجتماعي-نوين991226,1,5,4987500,1003000,997500,997500,-5500,-0.55,997500,-5500,-0.55,997500,997500,1399-12-11
859,ضفلا3006,اختيارخ فولاد-16000-1400/03/19,1,1,111000,1,111,111,110,11000.0,111,110,11000.0,111,111,1399-12-11
860,فملي2,ملي‌ صنايع‌ مس‌ ايران‌,1,9000000,113490000000,12860,12610,12610,-250,-1.94,12610,-250,-1.94,12610,12610,1399-12-11
861,تملي706,تسهيلات مسكن ب. ملي-شهريور97,1,10,5357770,563975,535777,535777,-28198,-5.0,535777,-28198,-5.0,535777,535777,1399-12-11
862,تملي809,تسهيلات مسكن ب. ملي-آذر98,1,30,9238110,293274,307937,307937,14663,5.0,307937,14663,5.0,307937,307937,1399-12-11
863,كاسپينح,ح .داروسازي كاسپين تامين,1,50000,1140000000,23247,22800,22800,-447,-1.92,22800,-447,-1.92,22800,22800,1399-12-11
864,اراد374,مرابحه عام دولت3-ش.خ 0005,1,1000000,999429000000,1000000,999429,999429,-571,-0.06,999429,-571,-0.06,999429,999429,1399-12-11
865,اخزا7164,اسنادخزانه-م16بودجه97-000407,1,818000,774142930000,943997,946385,946385,2388,0.25,946385,2388,0.25,946385,946385,1399-12-11
866,ضشنا2005,اختيارخ شپنا-18000-1400/02/27,1,3,1374000,150,458,458,308,205.33,458,308,205.33,458,458,1399-12-11
867,اروند10,منفعت صبا اروند لوتوس 14001222,1,40,39460000,986500,986500,986500,0,0.0,986500,0,0.0,986500,986500,1399-12-11
868,اخزا7204,اسنادخزانه-م20بودجه97-000324,1,710000,674658330000,950372,950223,950223,-149,-0.02,950223,-149,-0.02,950223,950223,1399-12-11
869,شاملا,معدني‌ املاح‌  ايران‌,1,101,5221700,52750,51700,51700,-1050,-1.99,52750,0,0.0,51700,51700,1399-12-11
870,اخزا9032,اسنادخزانه-م3بودجه99-011110,1,191750,131157000000,681590,684000,684000,2410,0.35,684000,2410,0.35,684000,684000,1399-12-11
871,اخزا8114,اسنادخزانه-م11بودجه98-001013,1,868000,740872720000,852696,853540,853540,844,0.1,853540,844,0.1,853540,853540,1399-12-11
872,اراد414,مرابحه عام دولت4-ش.خ 0006,1,250000,250000000000,1000000,1000000,1000000,0,0.0,1000000,0,0.0,1000000,1000000,1399-12-11
873,وسمركز,شركت س استان مركزي,1,5000,6900000,1400,1380,1380,-20,-1.43,1400,0,0.0,1380,1380,1399-12-11
874,صشستا3112,صكوك اجاره شستا311-بدون ضامن,1,500000,500000000000,995556,1000000,1000000,4444,0.45,1000000,4444,0.45,1000000,1000000,1399-12-11
875,زير0003پ01,زيره سبز0003كيميابذر(پ),1,11,5299866,461528,481806,481806,20278,4.39,481806,20278,4.39,481806,481806,1399-12-11
876,اراد384,مرابحه عام دولت3-ش.خ 0105,1,2000000,1928188000000,1050000,964094,964094,-85906,-8.18,964094,-85906,-8.18,964094,964094,1399-12-11
877,رطب0002پ01,رطب مضافتي0002افشارتعاون بم(پ),1,26,5069714,182125,194989,194989,12864,7.06,194989,12864,7.06,194989,194989,1399-12-11
878,داراب,پتروشيمي داراب,1,2200,5293200,2455,2406,2406,-49,-2.0,2455,0,0.0,2406,2406,1399-12-11
879,خبهمن2,گروه‌بهمن‌,1,2850000,58852500000,21070,20650,20650,-420,-1.99,20650,-420,-1.99,20650,20650,1399-12-11
880,ضمخا7074,اختيارخ اخابر-36000-1400/07/28,1,1,23000,1650,23,23,-1627,-98.61,23,-1627,-98.61,23,23,1399-12-11
881,ضسپا3001,اختيارخ خساپا-1600-1400/03/26,1,1,930000,930,930,930,0,0.0,930,0,0.0,930,930,1399-12-11
882,عفولاد3,اوراق سلف موازي ورق گرم فولاد,1,7,5898592,835089,842656,842656,7567,0.91,842656,7567,0.91,842656,842656,1399-12-11
883,ضپيك2010,اختيارخ تاپيكو-12000-00/02/19,1,1,919000,898,919,919,21,2.34,919,21,2.34,919,919,1399-12-11
884,مشير112,مشاركت شهرداري شيراز-3ماهه18%,1,10,10000000,998235,1000000,1000000,1765,0.18,1000000,1765,0.18,1000000,1000000,1399-12-11
885,اخزا9042,اسنادخزانه-م4بودجه99-011215,1,129999,87359328000,667608,672000,672000,4392,0.66,672000,4392,0.66,672000,672000,1399-12-11
886,اشاد10,مشاركت دولتي10-شرايط خاص001226,1,100,96848600,953904,968486,968486,14582,1.53,968486,14582,1.53,968486,968486,1399-12-11
887,مارون2,پتروشيمي مارون,1,920000,136620000000,148406,148500,148500,94,0.06,148500,94,0.06,148500,148500,1399-12-11
888,اخزا805,اسنادخزانه-م5بودجه98-000422,1,10,9355000,930837,935500,935500,4663,0.5,935500,4663,0.5,935500,935500,1399-12-11
889,سفاسي,شركت فارسيت اهواز,1,400,5701600,14544,14254,14254,-290,-1.99,14544,0,0.0,14254,14254,1399-12-11
890,اخزا9022,اسنادخزانه-م2بودجه99-011019,1,292312,201987592000,689712,691000,691000,1288,0.19,691000,1288,0.19,691000,691000,1399-12-11
891,غبشهر2,صنعتي‌ بهشهر,1,5078194,102681082680,20630,20220,20220,-410,-1.99,20220,-410,-1.99,20220,20220,1399-12-11
892,عفولاد2,اوراق سلف ورق گرم فولاد مباركه,1,10,5890060,587024,589006,589006,1982,0.34,589006,1982,0.34,589006,589006,1399-12-11
893,حكمت01,مشاركت حكمت ايرانيان 140107,1,200,197500000,987500,987500,987500,0,0.0,987500,0,0.0,987500,987500,1399-12-11
894,افاد54,منفعت دولت5-ش.خاص لوتوس0108,1,5000,4135000000,815000,827000,827000,12000,1.47,827000,12000,1.47,827000,827000,1399-12-11
895,صبا1401,اجاره مهندسي صبا نفت14010225,1,700,691985000,988550,988550,988550,0,0.0,988550,0,0.0,988550,988550,1399-12-11
896,وسبوشهر,شركت س استان بوشهر,1,10000,12400000,1260,1240,1240,-20,-1.59,1260,0,0.0,1240,1240,1399-12-11
