,نماد,نام,تعداد,حجم,ارزش,دیروز,اولین,آخرین معامله - مقدار,آخرین معامله - تغییر,آخرین معامله - درصد,قیمت پایانی - مقدار,قیمت پایانی - تغییر,قیمت پایانی - درصد,کمترین,بیشترین,تاریخ
0,وسپهر,سرمايه گذاري مالي سپهرصادرات,82852,218301699,2666437579794,12640,12023,12015,-625,-4.94,12214,-426,-3.37,12008,12640,1399-8-26
1,دارا يكم,صندوق واسطه گري مالي يكم-سهام,66036,38752560,7352415571410,190230,182000,188770,-1460,-0.77,189730,-500,-0.26,182000,192990,1399-8-26
2,خودرو,ايران‌ خودرو,53764,1796911113,6554401342620,3510,3480,3680,170,4.84,3650,140,3.99,3390,3680,1399-8-26
3,ثاميد,توسعه و عمران اميد,48361,427253866,1008348964070,2380,2300,2340,-40,-1.68,2360,-20,-0.84,2270,2450,1399-8-26
4,وپويا,سرمايه گذاري پويا,42300,77486661,772284078571,10380,9861,9861,-519,-5.0,9967,-413,-3.98,9861,10210,1399-8-26
5,بپيوند,برق و انرژي پيوندگستر پارس,37459,34734008,873280490109,24952,23901,24702,-250,-1.0,25142,190,0.76,23610,25970,1399-8-26
6,شاروم,پتروشيمي اروميه,35345,12503967,249196705192,19851,18859,19690,-161,-0.81,19929,78,0.39,18859,20500,1399-8-26
7,فولاد,فولاد مباركه اصفهان,31263,166110885,2154058995330,12660,12450,12990,330,2.61,12970,310,2.45,12150,13250,1399-8-26
8,زملارد,كشاورزي و دامپروري ملارد شير,29635,2818365,103530744301,37956,36100,36059,-1897,-5.0,36734,-1222,-3.22,36059,38790,1399-8-26
9,سيتا,سرمايه گذاري سيمان تامين,28426,37487350,646686667140,17450,16600,17050,-400,-2.29,17250,-200,-1.15,16600,17660,1399-8-26
10,حكشتي,كشتيراني جمهوري اسلامي ايران,27502,88437663,2254124069390,25890,24600,25070,-820,-3.17,25490,-400,-1.54,24600,26670,1399-8-26
11,ثبهساز,بهساز كاشانه تهران,23870,125162437,351036737400,2810,2710,2770,-40,-1.42,2800,-10,-0.36,2670,2870,1399-8-26
12,امين,تامين سرمايه امين,23623,26305946,301117245330,11590,11210,11320,-270,-2.33,11450,-140,-1.21,11100,11690,1399-8-26
13,بگيلان,توسعه مسير برق گيلان,22205,7394472,194698007358,26544,25900,26330,-214,-0.81,26330,-214,-0.81,25260,27000,1399-8-26
14,خگستر,گسترش‌سرمايه‌گذاري‌ايران‌خودرو,21814,511401187,1779826331250,3360,3270,3520,160,4.76,3480,120,3.57,3230,3520,1399-8-26
15,ثشاهد,سرمايه‌ گذاري‌ شاهد,21074,86342084,2149658022210,25910,24620,24640,-1270,-4.9,24900,-1010,-3.9,24620,25890,1399-8-26
16,پترول,گروه پتروشيمي س. ايرانيان,20527,105815738,1384084163690,13110,12500,12900,-210,-1.6,13080,-30,-0.23,12500,13490,1399-8-26
17,آبادا,توليد نيروي برق آبادان,20460,5469915,96919988100,17860,17200,17440,-420,-2.35,17720,-140,-0.78,17000,18150,1399-8-26
18,وبملت,بانك ملت,19341,466155957,2242412764940,4640,4540,4870,230,4.96,4810,170,3.66,4490,4870,1399-8-26
19,گدنا,تهيه توزيع غذاي دنا آفرين فدك,18010,619653,12956944230,19915,20910,20910,995,5.0,20139,224,1.12,20910,20910,1399-8-26
20,بركت,گروه دارويي بركت,17924,76666739,1034121735090,14020,13320,13320,-700,-4.99,13490,-530,-3.78,13320,14000,1399-8-26
21,شبندر,پالايش نفت بندرعباس,16843,93594734,2332628075950,23950,23100,25140,1190,4.97,24920,970,4.05,22880,25140,1399-8-26
22,وبصادر,بانك صادرات ايران,16132,494661491,1456849110190,2830,2770,2970,140,4.95,2950,120,4.24,2700,2970,1399-8-26
23,صباح,ح . سرمايه گذاري صبا تامين,15672,124407498,717611320972,5761,5531,5725,-36,-0.62,5768,7,0.12,5500,5900,1399-8-26
24,وساپا,سرمايه‌گذاري‌ سايپا,15353,143159531,1146010904350,8160,7760,7850,-310,-3.8,8010,-150,-1.84,7760,8310,1399-8-26
25,آريا,پليمر آريا ساسول,15138,3169731,535071601464,168941,167300,168942,1,0.0,168807,-134,-0.08,161660,171980,1399-8-26
26,ذوب,سهامي ذوب آهن  اصفهان,13833,182371744,823546435851,4461,4302,4500,39,0.87,4516,55,1.23,4302,4609,1399-8-26
27,خساپا,سايپا,13770,816553362,1944410647300,2290,2310,2400,110,4.8,2380,90,3.93,2290,2400,1399-8-26
28,ولپارس,ليزينگ پارسيان,13741,1707829,8897789090,4970,5210,5210,240,4.83,5000,30,0.6,5210,5210,1399-8-26
29,رافزا,رايان هم افزا,13716,79811,2828501840,33753,35440,35440,1687,5.0,33843,90,0.27,35440,35440,1399-8-26
30,فملي,ملي‌ صنايع‌ مس‌ ايران‌,13618,72996482,1667171219520,21910,22190,23000,1090,4.97,22840,930,4.24,21920,23000,1399-8-26
31,شپنا,پالايش نفت اصفهان,13531,115421058,1577677670500,13210,13330,13870,660,5.0,13670,460,3.48,12750,13870,1399-8-26
32,شگويا,پتروشيمي تندگويان,12679,53545061,558807139562,10235,9891,10530,295,2.88,10436,201,1.96,9783,10700,1399-8-26
33,فارس,صنايع پتروشيمي خليج فارس,12569,64814584,797066444260,12390,11950,12170,-220,-1.78,12300,-90,-0.73,11820,12680,1399-8-26
34,تاپيكو,س. نفت و گاز و پتروشيمي تأمين,12402,62836904,880788588720,14140,13800,13880,-260,-1.84,14020,-120,-0.85,13440,14620,1399-8-26
35,صبا,سرمايه گذاري صبا تامين,10920,40745267,324532110299,7697,7720,8081,384,4.99,7965,268,3.48,7390,8081,1399-8-26
36,وپارس,بانك‌پارسيان‌,10715,416650704,1281226652420,2980,2940,3120,140,4.7,3080,100,3.36,2840,3120,1399-8-26
37,ومعادن,توسعه‌معادن‌وفلزات‌,9210,51523807,684984529960,13370,12870,13200,-170,-1.27,13290,-80,-0.6,12740,13650,1399-8-26
38,ونوين,بانك‌اقتصادنوين‌,9209,177065556,850115528710,4760,4600,4700,-60,-1.26,4800,40,0.84,4600,4960,1399-8-26
39,ونيرو,سرمايه‌گذاري‌نيرو,9163,127510620,534779449340,4380,4200,4170,-210,-4.79,4190,-190,-4.34,4170,4280,1399-8-26
40,وخارزم,سرمايه گذاري خوارزمي,8967,63265538,522293193240,7970,7860,8360,390,4.89,8260,290,3.64,7660,8360,1399-8-26
41,خمحركه,نيرو محركه‌,8293,77852117,457981928760,6090,5790,5790,-300,-4.93,5880,-210,-3.45,5790,6080,1399-8-26
42,شتران,پالايش نفت تهران,8042,68743634,749871842620,10500,10530,11020,520,4.95,10910,410,3.9,10240,11020,1399-8-26
43,خزاميا,زامياد,7247,56437781,832797138420,17120,15000,14250,-2870,-16.76,14760,-2360,-13.79,14250,15700,1399-8-26
44,نوري,پتروشيمي نوري,7130,3855689,715312648570,186860,179000,184200,-2660,-1.42,185520,-1340,-0.72,178000,191400,1399-8-26
45,فرابورس,فرابورس ايران,7030,11970980,537187730201,45638,43730,44500,-1138,-2.49,44874,-764,-1.67,43357,46880,1399-8-26
46,غگل,گلوكوزان‌,6848,66592707,283326802320,4250,4120,4250,0,0.0,4250,0,0.0,4050,4370,1399-8-26
47,وپاسار,بانك  پاسارگاد,5968,127419523,1187905315850,9030,9030,9480,450,4.98,9320,290,3.21,8990,9480,1399-8-26
48,ثعمرا,عمران و توسعه شاهد,5837,39692688,619487582345,15117,14510,15872,755,4.99,15607,490,3.24,14362,15872,1399-8-26
49,شيران,س. صنايع‌شيميايي‌ايران,5763,24348607,697889672360,29880,28390,28400,-1480,-4.95,28660,-1220,-4.08,28390,29520,1399-8-26
50,تنوينح,ح . تامين سرمايه نوين,5627,23282742,107832920730,4541,4520,4770,229,5.04,4631,90,1.98,4100,4800,1399-8-26
51,فخوز,فولاد  خوزستان,5613,16047891,595955592870,36080,36100,37800,1720,4.77,37140,1060,2.94,35500,37880,1399-8-26
52,فاراك,ماشين‌ سازي‌ اراك‌,5248,75117611,482029268600,6200,5980,6510,310,5.0,6420,220,3.55,5930,6510,1399-8-26
53,غگيلا,شيرپاستوريزه پگاه گيلان,5178,80013,1407028605,16748,17585,17585,837,5.0,16770,22,0.13,17585,17585,1399-8-26
54,ورنا,سرمايه‌گذاري‌ رنا(هلدينگ‌,5087,37359506,305169450450,8270,7860,8000,-270,-3.26,8170,-100,-1.21,7860,8490,1399-8-26
55,وملل,اعتباري ملل,5055,47809922,698227280047,14447,14650,14650,203,1.41,14604,157,1.09,14056,15160,1399-8-26
56,وغدير,سرمايه‌گذاري‌غدير(هلدينگ‌,5035,44036279,488381952660,10690,10710,11220,530,4.96,11090,400,3.74,10370,11220,1399-8-26
57,دماوند,توليد نيروي برق دماوند,4939,10187752,642356373024,65616,62336,64280,-1336,-2.04,63052,-2564,-3.91,62336,65500,1399-8-26
58,بجهرم,توسعه مولد نيروگاهي جهرم,4870,51925817,186596247744,3578,3446,3588,10,0.28,3594,16,0.45,3444,3689,1399-8-26
59,فاذر,صنايع‌ آذرآب‌,4867,24873765,729641695660,27950,29340,29340,1390,4.97,29330,1380,4.94,28600,29340,1399-8-26
60,ساوه,سيمان ساوه,4865,1879253,82582283058,45567,43301,43289,-2278,-5.0,43944,-1623,-3.56,43289,45420,1399-8-26
61,شبريز,پالايش نفت تبريز,4738,21095984,567415100430,25840,24640,27130,1290,4.99,26900,1060,4.1,24640,27130,1399-8-26
62,گكوثر,هتل پارسيان كوثر اصفهان,4502,3255241,438026142775,125841,123200,138425,12584,10.0,134560,8719,6.93,121000,138425,1399-8-26
63,خوساز,محورسازان‌ايران‌خودرو,4498,32824504,256214799410,9030,8000,7600,-1430,-15.84,7810,-1220,-13.51,7600,8390,1399-8-26
64,خپارس,پارس‌ خودرو,4239,74880791,524954814280,6760,6760,7090,330,4.88,7010,250,3.7,6700,7090,1399-8-26
65,ختوقا,قطعات‌ اتومبيل‌ ايران‌,4136,58144119,181996034290,3090,2970,3100,10,0.32,3130,40,1.29,2950,3200,1399-8-26
66,خاذين,سايپاآذين‌,4056,50144824,307112041780,6410,6090,6090,-320,-4.99,6120,-290,-4.52,6090,6390,1399-8-26
67,رانفور,خدمات‌انفورماتيك‌,3951,13633996,457694845100,34870,34010,33140,-1730,-4.96,33570,-1300,-3.73,33130,35590,1399-8-26
68,خمهر,مهركام‌پارس‌,3951,59387709,373184707100,6590,6270,6270,-320,-4.86,6280,-310,-4.7,6270,6420,1399-8-26
69,ثاخت,بين‌المللي‌توسعه‌ساختمان,3935,53706260,196479422200,3640,3580,3700,60,1.65,3660,20,0.55,3460,3790,1399-8-26
70,حفاري,حفاري شمال,3834,28957435,311173115680,10470,10070,10990,520,4.97,10750,280,2.67,9950,10990,1399-8-26
71,ديران,ايران‌دارو,3806,17840187,337989634010,18320,19230,18500,180,0.98,18950,630,3.44,18000,19230,1399-8-26
72,كچاد,معدني‌وصنعتي‌چادرملو,3774,20010856,336476761600,16590,16010,16750,160,0.96,16810,220,1.33,15800,17260,1399-8-26
73,ولساپا,ليزينگ رايان‌ سايپا,3683,59550322,233841144100,3870,3730,3900,30,0.78,3930,60,1.55,3730,4000,1399-8-26
74,وساخت,سرمايه‌ گذاري‌ ساختمان‌ايران‌,3639,7254226,441009336030,58220,60000,61130,2910,5.0,60790,2570,4.41,58220,61130,1399-8-26
75,مدير,ص.س.مديريت ثروت ص.بازنشستگي-س,3528,20237366,211470976104,10189,10139,10390,201,1.97,10450,261,2.56,9900,10590,1399-8-26
76,هاي وب,داده گسترعصرنوين-هاي وب,3507,11101595,247098697050,22230,21120,22120,-110,-0.49,22260,30,0.13,21120,22950,1399-8-26
77,زدشت,كشت و صنعت دشت خرم دره,3461,8726990,298700108990,34131,33300,33600,-531,-1.56,34227,96,0.28,31880,35500,1399-8-26
78,خاهن,آهنگري‌ تراكتورسازي‌ ايران‌,3445,8355762,293275979970,34040,34900,34830,790,2.32,35100,1060,3.11,34250,35710,1399-8-26
79,ماديرا,صنايع ماشين هاي اداري ايران,3441,12418053,324410817158,25328,24310,26594,1266,5.0,26124,796,3.14,24300,26594,1399-8-26
80,شدوص,دوده‌ صنعتي‌ پارس‌,3434,10110451,244832043270,24660,23430,25000,340,1.38,24220,-440,-1.78,23430,25550,1399-8-26
81,كالا,بورس كالاي ايران,3383,8062024,262394743630,33920,33000,32260,-1660,-4.89,32550,-1370,-4.04,32230,33850,1399-8-26
82,پكرمان,گروه‌ صنعتي‌ بارز,3363,10766708,312819930840,30300,29000,28790,-1510,-4.98,29050,-1250,-4.13,28790,30300,1399-8-26
83,زكوثر,سرمايه گذاري كشاورزي كوثر,3358,7488569,133497994490,17260,17000,18120,860,4.98,17830,570,3.3,16530,18120,1399-8-26
84,وشهر,بانك شهر,3306,84149679,554884872200,6728,6594,6594,-134,-1.99,6594,-134,-1.99,6594,6600,1399-8-26
85,غسالم,سالمين‌,3291,22846773,102181865360,4620,4390,4420,-200,-4.33,4470,-150,-3.25,4390,4640,1399-8-26
86,كاوه,فولاد كاوه جنوب كيش,3236,26311583,521441863010,19730,19680,19650,-80,-0.41,19820,90,0.46,18830,20270,1399-8-26
87,آگاس,صندوق س.هستي بخش آگاه-س,3213,4442744,282669343302,63894,61000,63894,0,0.0,63625,-269,-0.42,61000,64600,1399-8-26
88,ارزش,صندوق س ارزش آفرين بيدار-سهام,3202,19157163,191249968530,10030,9500,9920,-110,-1.1,9980,-50,-0.5,9440,10150,1399-8-26
89,غزر,صنعتي زر ماكارون,3196,1519527,75336454200,48710,47110,50840,2130,4.37,49580,870,1.79,47110,51000,1399-8-26
90,كرمان,س. توسعه و عمران استان كرمان,3143,9831575,694273662488,67292,70656,70656,3364,5.0,70617,3325,4.94,68100,70656,1399-8-26
91,وبانك,سرمايه گذاري گروه توسعه ملي,3097,15207610,136839380700,8890,8470,8990,100,1.12,9000,110,1.24,8470,9250,1399-8-26
92,كمند,صندوق س. با درآمد ثابت كمند,3084,136847937,1378390981246,10062,10072,10075,13,0.13,10072,10,0.1,10064,10090,1399-8-26
93,وصنعت,سرمايه گذاري توسعه صنعت وتجارت,3059,17329662,136404126100,7820,7490,7780,-40,-0.51,7870,50,0.64,7430,8090,1399-8-26
94,چكاپا,گروه صنايع كاغذ پارس,3052,40790981,209056944010,4950,4810,5190,240,4.85,5130,180,3.64,4810,5190,1399-8-26
95,فروي,ذوب روي اصفهان,3023,4305796,206167896050,46165,46490,48473,2308,5.0,47881,1716,3.72,44780,48473,1399-8-26
96,دزهراوي,داروسازي‌زهراوي‌,2987,16964696,178194689740,11020,10470,10470,-550,-4.99,10500,-520,-4.72,10470,10900,1399-8-26
97,كگل,معدني و صنعتي گل گهر,2973,15116160,243405084320,15770,15480,16130,360,2.28,16100,330,2.09,15000,16450,1399-8-26
98,بنو,بيمه تجارت نو,2960,11513013,423809366957,35220,35900,36981,1761,5.0,36811,1591,4.52,35251,36981,1399-8-26
99,سپاها,سيمان‌سپاهان‌,2948,17817988,135623726840,7960,7570,7570,-390,-4.9,7610,-350,-4.4,7570,7910,1399-8-26
100,غپينو,پارس‌ مينو,2872,19937575,136652415120,7170,6910,6820,-350,-4.88,6850,-320,-4.46,6820,7110,1399-8-26
101,سمگا,گروه سرمايه گذاري ميراث فرهنگي,2865,16489823,293820152896,17878,17800,18010,132,0.74,17818,-60,-0.34,17100,18150,1399-8-26
102,خرينگ,رينگ‌سازي‌مشهد,2751,3843966,165240109150,42000,40150,42700,700,1.67,42990,990,2.36,40150,43990,1399-8-26
103,ارفع,شركت آهن و فولاد ارفع,2708,15462046,223283389952,13842,14000,14534,692,5.0,14441,599,4.33,13211,14534,1399-8-26
104,حپارسا,توسعه حمل و نقل ريلي پارسيان,2686,9643494,285981377955,29548,28350,31025,1477,5.0,29655,107,0.36,28071,31025,1399-8-26
105,توريل,توکاريل,2678,10865946,205702523249,19116,19115,18640,-476,-2.49,18931,-185,-0.97,18161,19940,1399-8-26
106,واتي,سرمايه‌ گذاري‌ آتيه‌ دماوند,2606,10975707,138145611110,12770,12190,12800,30,0.23,12590,-180,-1.41,12140,13100,1399-8-26
107,ثنوسا,نوسازي‌وساختمان‌تهران‌,2549,25968932,220275925150,8270,8000,8680,410,4.96,8480,210,2.54,7860,8680,1399-8-26
108,كلوند,كاشي‌ الوند,2527,7690834,178219646320,23090,22050,23560,470,2.04,23170,80,0.35,22000,24110,1399-8-26
109,اميد,تامين سرمايه اميد,2519,19047896,207856626320,10710,10670,11240,530,4.95,10910,200,1.87,10180,11240,1399-8-26
110,زقيام,كشت و دام قيام اصفهان,2462,5879618,178230343637,29274,29000,30530,1256,4.29,30313,1039,3.55,27200,31200,1399-8-26
111,ثباغ,شهر سازي و خانه سازي باغميشه,2450,20076739,592625131371,28113,29518,29518,1405,5.0,29518,1405,5.0,29517,29518,1399-8-26
112,وبوعلي,سرمايه‌گذاري‌بوعلي‌,2435,18888629,125177944040,6890,6670,6550,-340,-4.93,6630,-260,-3.77,6550,6840,1399-8-26
113,نوين,بيمه نوين,2431,22263374,150177375714,6519,6293,6844,325,4.99,6745,226,3.47,6212,6844,1399-8-26
114,سرو,صندوق س سروسودمند مدبران-سهام,2406,3480094,203835208750,59270,57800,58140,-1130,-1.91,58570,-700,-1.18,56920,60040,1399-8-26
115,اعتماد,صندوق س.اعتماد آفرين پارسيان-د,2369,51129590,1705322353210,33337,33347,33355,18,0.05,33353,16,0.05,33346,33360,1399-8-26
116,غصينو,صنعتي مينو,2334,5749158,278679817698,50540,49300,48020,-2520,-4.99,48473,-2067,-4.09,48013,51000,1399-8-26
117,ولبهمن,شركت بهمن ليزينگ,2299,22424935,184063998513,8379,7961,8440,61,0.73,8208,-171,-2.04,7961,8650,1399-8-26
118,شپترو,پتروشيمي آبادان,2286,30157756,122326883031,4169,4044,4044,-125,-3.0,4056,-113,-2.71,4044,4150,1399-8-26
119,وگستر,گسترش سرمايه گذاري ايرانيان,2267,11106528,206799895007,18700,17765,19570,870,4.65,18620,-80,-0.43,17765,19629,1399-8-26
120,وبيمهح,ح . سرمايه‌ گذاري‌ صنعت‌ بيمه‌,2220,68800292,81683692420,1210,1160,1160,-50,-4.13,1190,-20,-1.65,1140,1240,1399-8-26
121,شصدف,صنعتي دوده فام,2181,111914,2721860394,23163,24321,24321,1158,5.0,23222,59,0.25,24321,24321,1399-8-26
122,ولغدر,ليزينگ‌خودروغدير,2140,12705022,221548327200,17690,16810,17690,0,0.0,17440,-250,-1.41,16810,18340,1399-8-26
123,شلرد,كود شيميايي اوره لردگان,2119,20319638,147979055868,7129,7000,7342,213,2.99,7283,154,2.16,6931,7342,1399-8-26
124,كاذرح,ح . فرآورده‌هاي‌نسوزآذر,2118,3985084,58589492269,189,15000,14980,14791,7825.93,14702,14513,7678.84,14000,15500,1399-8-26
125,سشرق,سيمان‌ شرق‌,2092,22213217,116514336560,5470,5270,5230,-240,-4.39,5250,-220,-4.02,5200,5420,1399-8-26
126,كپارس,كاشي‌ پارس‌,2091,2008797,284696934170,135130,137640,141880,6750,5.0,141730,6600,4.88,130010,141880,1399-8-26
127,ثفارس,عمران‌وتوسعه‌فارس‌,2058,18749611,116428637300,6320,6030,6240,-80,-1.27,6210,-110,-1.74,6010,6390,1399-8-26
128,امين يكم,صندوق درآمد ثابت امين يكم فردا,2054,73548766,754474749944,10257,10261,10258,1,0.01,10258,1,0.01,10250,10269,1399-8-26
129,قثابت,قند ثابت‌ خراسان‌,2043,2583234,173873225500,70650,67120,67120,-3530,-5.0,67310,-3340,-4.73,67120,70220,1399-8-26
130,زشريف,كشت وصنعت شريف آباد,2034,5425582,113761277264,21529,20453,20750,-779,-3.62,20968,-561,-2.61,20453,22180,1399-8-26
131,اخابر,مخابرات ايران,2033,28092151,347734251870,11900,11920,12490,590,4.96,12380,480,4.03,11700,12490,1399-8-26
132,ودي,بيمه  دي,2030,14366402,335175305212,22350,22297,23467,1117,5.0,23330,980,4.38,21310,23467,1399-8-26
133,فاسمين,كالسيمين‌,1946,9312875,124942063570,12980,12980,13620,640,4.93,13420,440,3.39,12700,13620,1399-8-26
134,زبينا,كشاورزي و دامپروري بينالود,1936,3332025,136169890022,40369,39800,40399,30,0.07,40867,498,1.23,36400,42200,1399-8-26
135,ستران,سيمان‌ تهران‌,1896,4762210,125446721170,26790,25460,26350,-440,-1.64,26340,-450,-1.68,25460,27490,1399-8-26
136,ومهان,گروه توسعه مالي مهر آيندگان,1879,7041060,99315281324,13865,13413,14070,205,1.48,14105,240,1.73,13400,14500,1399-8-26
137,شغدير,پتروشيمي غدير,1856,2368179,115785880099,49312,49350,48200,-1112,-2.26,48892,-420,-0.85,46870,51000,1399-8-26
138,ختراكح,ح . ريخته‌گري‌ تراكتورسازي‌,1851,7155708,58309802990,8190,8550,8190,0,0.0,8150,-40,-0.49,7500,8550,1399-8-26
139,كرازي,كارخانجات‌توليدي‌شيشه‌رازي‌,1846,7352657,142669850120,18600,18900,19530,930,5.0,19400,800,4.3,18400,19530,1399-8-26
140,وملل تبعي9912,اختيارف.تبعي ملل 991220,1844,24648867,985954680,40,40,40,0,0.0,40,0,0.0,40,40,1399-8-26
141,كمرجان,بازرگاني و توليدي مرجان كار,1837,3213188,213998871818,64039,67240,67240,3201,5.0,66600,2561,4.0,61000,67240,1399-8-26
142,خبهمن,گروه‌بهمن‌,1836,16961016,323222297820,18280,18250,19190,910,4.98,19060,780,4.27,17510,19190,1399-8-26
143,غشهداب,كشت و صنعت شهداب ناب خراسان,1825,25497806,111502587211,4598,4369,4369,-229,-4.98,4373,-225,-4.89,4369,4460,1399-8-26
144,هرمز,فولاد هرمزگان جنوب,1802,12542669,157814458565,12520,12030,12400,-120,-0.96,12582,62,0.5,12010,12930,1399-8-26
145,چكارن,كارتن‌ ايران‌,1781,14194302,49727985600,3480,3370,3450,-30,-0.86,3500,20,0.57,3330,3550,1399-8-26
146,طلا,صندوق س.پشتوانه طلاي لوتوس,1777,1465597,127512002362,85483,85200,88260,2777,3.25,87003,1520,1.78,85200,88900,1399-8-26
147,شبهرن,نفت‌ بهران‌,1776,2644865,157952024740,60890,59120,58900,-1990,-3.27,59720,-1170,-1.92,57860,61980,1399-8-26
148,وخاور,بانك خاورميانه,1773,8029446,76887408370,9300,9550,9610,310,3.33,9580,280,3.01,9000,9690,1399-8-26
149,سپح,ح . پرداخت الكترونيك سامان كيش,1744,3521141,37442958270,11120,10400,10350,-770,-6.92,10630,-490,-4.41,10150,11170,1399-8-26
150,بپاس,بيمه پاسارگاد,1737,3041915,209181395296,68689,69000,68800,111,0.16,68766,77,0.11,68457,69000,1399-8-26
151,بورس,بورس اوراق بهادار تهران,1731,2248823,98580875190,45160,43050,42920,-2240,-4.96,43840,-1320,-2.92,42910,45980,1399-8-26
152,زاگرس,پتروشيمي زاگرس,1727,1089274,178802212137,162622,160900,163010,388,0.24,164148,1526,0.94,156002,167200,1399-8-26
153,آوا,صندوق س.سهام آواي معيار-س,1711,12444667,97452660727,7781,7600,7819,38,0.49,7831,50,0.64,7400,8000,1399-8-26
154,سفارس,سيمان فارس و خوزستان,1702,9618208,139825975560,13940,13300,14490,550,3.95,14540,600,4.3,13300,14630,1399-8-26
155,تنوين,تامين سرمايه نوين,1698,29292711,174446830790,5720,5800,6000,280,4.9,5960,240,4.2,5570,6000,1399-8-26
156,مرقام,ايران‌ارقام‌,1685,7097979,151761468540,22370,21260,21260,-1110,-4.96,21380,-990,-4.43,21260,22300,1399-8-26
157,قرن,پديده شيمي قرن,1685,1508519,81965983620,54720,52120,53500,-1220,-2.23,54340,-380,-0.69,52120,55440,1399-8-26
158,كيان,صندوق س. با درآمد ثابت كيان,1675,29517124,765292873629,25915,25927,25926,11,0.04,25927,12,0.05,25925,25930,1399-8-26
159,شسپا,نفت سپاهان,1671,8007648,163411979590,19700,20190,20680,980,4.97,20410,710,3.6,19100,20680,1399-8-26
160,اپرداز,آتيه داده پرداز,1654,3764853,105780465075,28996,27800,28930,-66,-0.23,28097,-899,-3.1,27551,28980,1399-8-26
161,تكشا,گسترش‌صنايع‌وخدمات‌كشاورزي‌,1631,1669099,119392549170,71810,68270,69510,-2300,-3.2,71530,-280,-0.39,68220,75000,1399-8-26
162,خفولا,خدمات فني فولاد يزد,1598,4155723,117611335174,27803,26969,28600,797,2.87,28301,498,1.79,26969,28637,1399-8-26
163,خريخت,صنايع‌ريخته‌گري‌ايران‌,1598,28974614,125858447590,4560,4340,4340,-220,-4.82,4340,-220,-4.82,4340,4420,1399-8-26
164,غويتا,ويتانا,1587,5854214,270815380842,44721,42488,46957,2236,5.0,46260,1539,3.44,42488,46957,1399-8-26
165,وسكاب,س.ص.بازنشستگي كاركنان بانكها,1565,19853416,120179839360,6120,5820,6090,-30,-0.49,6050,-70,-1.14,5820,6180,1399-8-26
166,كوير,توليدي فولاد سپيد فراب كوير,1554,7614419,106966601360,13460,13500,14130,670,4.98,14050,590,4.38,13460,14130,1399-8-26
167,غديس,پاكديس,1546,16641001,142822185374,8396,7977,8815,419,4.99,8583,187,2.23,7977,8815,1399-8-26
168,بساما,بيمه سامان,1532,7289180,172772731078,22588,23690,23717,1129,5.0,23703,1115,4.94,23000,23717,1399-8-26
169,حريل,ريل پردازسير,1513,16921338,59380280382,3482,3465,3495,13,0.37,3509,27,0.78,3308,3597,1399-8-26
170,پكوير,كوير تاير,1482,12083189,194996774670,15380,16140,16140,760,4.94,16140,760,4.94,15470,16140,1399-8-26
171,ولشرق,ليزينگ ايران و شرق,1474,15279159,90619732112,6168,5860,5860,-308,-4.99,5931,-237,-3.84,5860,6166,1399-8-26
172,زر,صندوق س.پشتوانه سكه طلاي زر,1462,4805187,251522098460,51989,51300,54000,2011,3.87,52344,355,0.68,50777,54500,1399-8-26
173,تاصيكو,سرمايه گذاري صدرتامين,1437,12027800,108284681920,8950,8600,8900,-50,-0.56,9000,50,0.56,8510,9140,1399-8-26
174,پارتا,مجتمع‌صنعتي‌آرتاويل‌تاير,1436,2048959,128396659736,59879,57000,62872,2993,5.0,62664,2785,4.65,57000,62872,1399-8-26
175,رمپنا,گروه مپنا (سهامي عام),1431,9474865,155553296530,15780,15030,16560,780,4.94,16420,640,4.06,15030,16560,1399-8-26
176,بميلا,توسعه بازرگاني آهن وفولادميلاد,1431,6127497,128294657962,20684,20683,20310,-374,-1.81,20938,254,1.23,19650,21710,1399-8-26
177,وسينا,بانك سينا,1422,13601783,130756180580,9230,9360,9690,460,4.98,9610,380,4.12,9000,9690,1399-8-26
178,والبر,سرمايه‌ گذاري‌ البرز(هلدينگ‌,1416,5047697,71137308310,14430,14000,13900,-530,-3.67,14090,-340,-2.36,13750,14600,1399-8-26
179,پاكشو,گروه صنعتي پاكشو,1393,1211729,103335563810,87700,84500,84600,-3100,-3.53,85280,-2420,-2.76,84010,87550,1399-8-26
180,رتاپح,ح.تجارت الكترونيك پارسيان,1358,5926241,27807781710,4780,4550,4570,-210,-4.39,4690,-90,-1.88,4360,4900,1399-8-26
181,فباهنر,مس‌ شهيدباهنر,1355,2923752,132544501360,43540,41500,45710,2170,4.98,45330,1790,4.11,41500,45710,1399-8-26
182,غدام,خوراك‌  دام‌ پارس‌,1352,503059,151435118690,292680,297000,307310,14630,5.0,301030,8350,2.85,279600,307310,1399-8-26
183,تسه9907,امتياز تسهيلات مسكن مهر99,1343,51017,42252169942,816047,820000,825005,8958,1.1,828198,12151,1.49,820000,840000,1399-8-26
184,كبافق,معادن‌ بافق‌,1323,2412013,86643090210,34490,33160,36210,1720,4.99,35920,1430,4.15,33160,36210,1399-8-26
185,قشير,قند شيروان قوچان و بجنورد,1317,5336385,121333308879,21979,22000,23077,1098,5.0,22737,758,3.45,20969,23077,1399-8-26
186,شلعابح,ح . لعابيران‌,1307,15186907,63187803690,4340,3960,4090,-250,-5.76,4160,-180,-4.15,3960,4370,1399-8-26
187,رنيك,جنرال مكانيك,1299,3645564,75452387900,19986,20400,20985,999,5.0,20697,711,3.56,19000,20985,1399-8-26
188,دفارا,داروسازي‌ فارابي‌,1295,2229252,119462485690,56220,53410,53410,-2810,-5.0,53590,-2630,-4.68,53410,56000,1399-8-26
189,سدور,سيمان‌ دورود,1287,17915135,142273143390,7610,7800,7990,380,4.99,7940,330,4.34,7230,7990,1399-8-26
190,حآسا,آسيا سير ارس,1264,4688140,84216325382,17963,17803,18000,37,0.21,17964,1,0.01,17540,18590,1399-8-26
191,ثالوند,سرمايه گذاري مسكن الوند,1259,5411409,71207212686,13661,13070,13021,-640,-4.68,13159,-502,-3.67,12978,13799,1399-8-26
192,سيمرغ,سيمرغ,1243,4001663,57180703340,14000,14100,14140,140,1.0,14290,290,2.07,13510,14630,1399-8-26
193,پارسان,گسترش نفت و گاز پارسيان,1221,12556292,247479208340,18880,18860,19820,940,4.98,19710,830,4.4,18030,19820,1399-8-26
194,زشگزا,شير و گوشت زاگرس شهركرد,1220,697275,76732686614,108479,106460,108400,-79,-0.07,110047,1568,1.45,104900,113001,1399-8-26
195,فزرين,زرين معدن آسيا,1220,4490208,82430226546,17688,18200,18572,884,5.0,18358,670,3.79,17300,18572,1399-8-26
196,آپ,آسان پرداخت پرشين,1205,4091328,66260353890,16470,15750,15950,-520,-3.16,16200,-270,-1.64,15670,16720,1399-8-26
197,پارس,پتروشيمي پارس,1198,1917626,261537737020,134910,133500,137570,2660,1.97,136390,1480,1.1,128700,139000,1399-8-26
198,ونيكي,سرمايه‌گذاري‌ ملي‌ايران‌,1186,7496677,94625624000,12120,12300,12720,600,4.95,12620,500,4.13,11710,12720,1399-8-26
199,شپاس,نفت پاسارگاد,1176,3871485,71351007153,18962,18014,18051,-911,-4.8,18430,-532,-2.81,18014,19100,1399-8-26
200,اوصتا2,صندوق انديشه ورزان صباتامين -د,1172,117200000,117200000,17030,1,1,-17029,-99.99,1,-17029,-99.99,1,1,1399-8-26
201,فجر,فولاد اميركبيركاشان,1167,1898301,101889937680,52140,52000,54740,2600,4.99,53670,1530,2.93,52000,54740,1399-8-26
202,كسرا,سراميك‌هاي‌صنعتي‌اردكان‌,1166,4092784,75892514550,18350,18350,18820,470,2.56,18540,190,1.04,17650,18890,1399-8-26
203,درهآور,دارويي ره آورد تامين,1160,1945354,64920057882,33744,32057,32500,-1244,-3.69,33372,-372,-1.1,32057,34800,1399-8-26
204,وبهمن,سرمايه‌گذاري‌بهمن‌,1154,9052390,115640654040,12360,11750,12970,610,4.94,12770,410,3.32,11750,12970,1399-8-26
205,فسرب,ملي‌ سرب‌وروي‌ ايران‌,1150,1254680,159966337840,122220,124860,128330,6110,5.0,127500,5280,4.32,122220,128330,1399-8-26
206,كفرا,فراورده‌ هاي‌ نسوزايران‌,1145,1838283,98991762520,51320,53880,53880,2560,4.99,53850,2530,4.93,53000,53880,1399-8-26
207,دتوزيع,توزيع دارو پخش,1141,1296912,59852790436,47064,48400,46680,-384,-0.82,46150,-914,-1.94,44711,48400,1399-8-26
208,ونفت,سرمايه‌گذاري‌ صنعت‌ نفت‌,1126,4775879,54975545620,11370,11280,11590,220,1.93,11510,140,1.23,11000,11800,1399-8-26
209,چدن,توليدي چدن سازان,1126,3100056,77704723060,24750,23610,25690,940,3.8,25070,320,1.29,23610,25750,1399-8-26
210,وپترو,سرمايه‌گذاري صنايع پتروشيمي‌,1111,3007129,40661129230,13520,12900,13520,0,0.0,13520,0,0.0,12900,13870,1399-8-26
211,ميدكو,هلدينگ صنايع  معدني خاورميانه,1101,6484512,151490487212,23186,23800,23240,54,0.23,23362,176,0.76,23030,23999,1399-8-26
212,وبيمه,سرمايه‌ گذاري‌ صنعت‌ بيمه‌,1094,9794872,25631878820,2650,2630,2600,-50,-1.89,2630,-20,-0.75,2560,2670,1399-8-26
213,شتوكا,توكا رنگ فولاد سپاهان,1084,2562198,81335230763,30439,31398,31960,1521,5.0,31744,1305,4.29,28918,31960,1399-8-26
214,كلر,كلر پارس,1072,811929,40873170879,52079,51200,50800,-1279,-2.46,50642,-1437,-2.76,49476,51682,1399-8-26
215,وآرين,شركت توسعه اقتصادي آرين,1060,6985305,34462065754,5063,4912,4912,-151,-2.98,4934,-129,-2.55,4912,5010,1399-8-26
216,وآذر,سرمايه‌گذاري‌توسعه‌آذربايجان‌,1058,679434,82564633500,124280,118220,122400,-1880,-1.51,121520,-2760,-2.22,118220,123990,1399-8-26
217,افق,فروشگاههاي زنجيره اي افق كوروش,1044,784153,57477421550,73000,71400,72650,-350,-0.48,73200,200,0.27,71400,74990,1399-8-26
218,غپاك,لبنيات‌ پاك‌,1043,6284732,72408624360,12070,11470,11470,-600,-4.97,11520,-550,-4.56,11470,11900,1399-8-26
219,كروي,توسعه‌ معادن‌ روي‌ ايران‌,1040,2502201,60720289070,23930,23900,24750,820,3.43,24270,340,1.42,23000,25000,1399-8-26
220,شرانل,نفت ايرانول,1032,2279340,68219911723,29770,30700,29920,150,0.5,29930,160,0.54,28282,30700,1399-8-26
221,آريان,سرمايه گذاري پارس آريان,1031,18030954,229383289146,12712,12713,12800,88,0.69,12722,10,0.08,12340,12950,1399-8-26
222,كساوه,صنايع‌ كاشي‌ و سراميك‌ سينا,1029,2994086,186955781610,60230,59990,63240,3010,5.0,62440,2210,3.67,58010,63240,1399-8-26
223,وتوسم,سرمايه‌گذاري‌توسعه‌ملي‌,1027,3112593,38958960790,12730,12720,12320,-410,-3.22,12570,-160,-1.26,12110,12880,1399-8-26
224,كاردان,صندوق س تجارت شاخصي كاردان,1018,540890,84238247460,155500,147000,155220,-280,-0.18,155740,240,0.15,147000,158000,1399-8-26
225,شكلر,نيروكلر,1015,2357868,107668828120,45210,45990,46200,990,2.19,45660,450,1.0,43520,46350,1399-8-26
226,دتوليد,داروسازي توليد دارو,1004,1788774,47520297791,27798,26490,26409,-1389,-5.0,26575,-1223,-4.4,26409,27513,1399-8-26
227,پارند,صندوق س. پارند پايدار سپهر,1002,40613546,463037051381,11424,11400,11402,-22,-0.19,11401,-23,-0.2,11400,11439,1399-8-26
228,همراه,شركت ارتباطات سيار ايران,996,3981974,120851766720,29090,28520,30540,1450,4.98,30350,1260,4.33,28520,30540,1399-8-26
229,ثمسكن,سرمايه‌گذاري‌ مسكن‌,989,7811745,41824791910,5330,5280,5350,20,0.38,5350,20,0.38,5080,5490,1399-8-26
230,شاراك,پتروشيمي شازند,982,3480946,72747212790,20940,20940,20700,-240,-1.15,20900,-40,-0.19,20010,21300,1399-8-26
231,تاپكيش,تجارت الكترونيك پارسيان كيش,977,5263749,78052542275,15275,15300,14535,-740,-4.84,14828,-447,-2.93,14535,15773,1399-8-26
232,وسپه,سرمايه‌گذاري‌ سپه‌,972,7314993,87497877960,11940,11370,11950,10,0.08,11960,20,0.17,11370,12150,1399-8-26
233,پخش,پخش البرز,969,2848728,97291918280,35245,33700,34000,-1245,-3.53,34153,-1092,-3.1,33483,35100,1399-8-26
234,دانا,بيمه دانا,966,10226043,58471696670,5530,5320,5800,270,4.88,5720,190,3.44,5320,5800,1399-8-26
235,شبصير,توليدات پتروشيمي قائد بصير,953,1804644,177237659387,103250,98088,98088,-5162,-5.0,98212,-5038,-4.88,98088,100970,1399-8-26
236,كوثر,بيمه كوثر,946,7241632,86358682676,11541,11600,12118,577,5.0,11925,384,3.33,11031,12118,1399-8-26
237,وصندوق,سرمايه‌گذاري‌صندوق‌بازنشستگي‌,942,7304761,101664455610,13420,12810,14060,640,4.77,13810,390,2.91,12810,14090,1399-8-26
238,شپارس,بين‌ المللي‌ محصولات‌  پارس‌,930,4211631,59514703400,14750,14020,14020,-730,-4.95,14130,-620,-4.2,14020,14730,1399-8-26
239,فرآور,فرآوري‌موادمعدني‌ايران‌,928,3414765,68047056440,19530,18580,20500,970,4.97,19930,400,2.05,18580,20500,1399-8-26
240,فيروزه,صندوق شاخص30 شركت فيروزه- سهام,909,385123,60874990770,156240,151000,158070,1830,1.17,158070,1830,1.17,150000,160990,1399-8-26
241,فسازان,غلتك سازان سپاهان,901,2524383,63029509870,25190,23980,24640,-550,-2.18,24970,-220,-0.87,23980,25650,1399-8-26
242,فپنتا,سپنتا,898,120598,41611266710,357450,339580,346700,-10750,-3.01,346400,-11050,-3.09,339580,365000,1399-8-26
243,شزنگ,تجهيزنيروي‌زنگان‌,893,761134,91650012769,120778,117155,124401,3623,3.0,120412,-366,-0.3,117155,124401,1399-8-26
244,رتاپ,تجارت الكترونيك  پارسيان,889,4133697,25350850910,6150,5900,6070,-80,-1.3,6140,-10,-0.16,5900,6300,1399-8-26
245,كگازح,ح . شيشه‌ و گاز,889,3433547,53325845670,15810,14950,15250,-560,-3.54,15530,-280,-1.77,14410,16300,1399-8-26
246,ختراك,ريخته‌گري‌ تراكتورسازي‌ ايران‌,884,3601332,35468607190,10240,9780,9730,-510,-4.98,9940,-300,-2.93,9730,10220,1399-8-26
247,شكربن,كربن‌ ايران‌,882,1485468,105386893670,68100,68960,71500,3400,4.99,70950,2850,4.19,67100,71500,1399-8-26
248,خكرمان,گروه اقتصادي كرمان خودرو,879,10951947,47434738915,4232,4229,4358,126,2.98,4331,99,2.34,4130,4358,1399-8-26
249,كمنگنز,معادن‌منگنزايران‌,879,826610,72346373380,91540,86970,87450,-4090,-4.47,87520,-4020,-4.39,86970,90480,1399-8-26
250,فنورد,نوردوقطعات‌ فولادي‌,879,381075,52660925860,138500,139980,133000,-5500,-3.97,138190,-310,-0.22,132300,142000,1399-8-26
251,شاوان,پالايش نفت لاوان,870,1207957,107043039023,85017,82000,89266,4249,5.0,88615,3598,4.23,81300,89267,1399-8-26
252,سصفها,سيمان‌اصفهان‌,862,905071,143715690620,151900,157000,159490,7590,5.0,158790,6890,4.54,152000,159490,1399-8-26
253,سدبير,س. تدبيرگران فارس وخوزستان,857,1656594,47689594231,28506,27090,29350,844,2.96,28773,267,0.94,27090,29890,1399-8-26
254,شراز,پالايش نفت شيراز,842,631866,54425046193,89509,85034,85034,-4475,-5.0,86134,-3375,-3.77,85034,89800,1399-8-26
255,ما,بيمه  ما,840,6624792,44490928600,6780,6550,6550,-230,-3.39,6720,-60,-0.88,6450,6940,1399-8-26
256,آسيا,بيمه آسيا,833,4828179,112020869750,22190,22990,23290,1100,4.96,23200,1010,4.55,22500,23290,1399-8-26
257,ولملت,واسپاري ملت,830,5427373,53122820950,10270,9760,9800,-470,-4.58,9790,-480,-4.67,9760,10220,1399-8-26
258,وبشهر,توسعه‌ صنايع‌ بهشهر(هلدينگ,829,5237934,70762905430,13400,13000,13830,430,3.21,13510,110,0.82,12730,13890,1399-8-26
259,سرچشمه,سرمايه گذاري مس سرچشمه,828,3547273,25810013319,7081,7180,7300,219,3.09,7174,93,1.31,6901,7400,1399-8-26
260,انرژي3,سايراشخاص بورس انرژي,827,135697,36995073110,286970,272630,272630,-14340,-5.0,278860,-8110,-2.83,272630,272630,1399-8-26
261,ركيش,كارت اعتباري ايران كيش,822,3918406,55479688600,14160,14500,14280,120,0.85,14160,0,0.0,13700,14500,1399-8-26
262,گوهران,سرمايه گذاري توسعه گوهران اميد,818,7374619,54318656491,7333,7100,7450,117,1.6,7366,33,0.45,7020,7550,1399-8-26
263,اطلس,صندوق س.توسعه اندوخته آينده-س,816,328454,58522280103,179211,172000,176640,-2571,-1.43,178175,-1036,-0.58,172000,179750,1399-8-26
264,شپديس,پتروشيمي پرديس,809,1714343,159309828040,90120,87000,93200,3080,3.42,92930,2810,3.12,87000,93890,1399-8-26
265,وآيند,بانك  آينده,808,2395555,59438510660,25845,24812,24812,-1033,-4.0,25192,-653,-2.53,24812,24812,1399-8-26
266,سجام,مجتمع سيمان غرب آسيا,807,3185149,44147578584,13884,14160,13468,-416,-3.0,13860,-24,-0.17,13468,14160,1399-8-26
267,فاما,صنعتي‌ آما,797,2717053,72444711540,25810,25810,27100,1290,5.0,26660,850,3.29,24520,27100,1399-8-26
268,اتكام,شركت بيمه اتكايي امين,794,5831652,40744581269,7343,6976,6976,-367,-5.0,7017,-326,-4.44,6976,7133,1399-8-26
269,وآوا,سرمايه گذاري آوا نوين,792,2024648,24019445661,11873,11553,11810,-63,-0.53,11869,-4,-0.03,11510,12250,1399-8-26
270,پاسا,ايران‌ياساتايرورابر,789,10437258,219235237380,20030,21030,21030,1000,4.99,21010,980,4.89,20500,21030,1399-8-26
271,شفن,پتروشيمي فناوران,774,409091,106629795940,256450,245100,269260,12810,5.0,260650,4200,1.64,243630,269260,1399-8-26
272,حسينا,توسعه خدمات دريايي وبندري سينا,771,882162,54348124692,61240,58660,59530,-1710,-2.79,61608,368,0.6,58660,63088,1399-8-26
273,غبشهر,صنعتي‌ بهشهر,767,2124145,51963278500,24260,24000,24600,340,1.4,24460,200,0.82,23150,25370,1399-8-26
274,افق ملت,صندوق س در سهام افق ملت,764,284605,36438512700,130390,126500,127800,-2590,-1.99,128030,-2360,-1.81,121000,131000,1399-8-26
275,اوان,مبين وان كيش,761,3174980,181897074450,55016,52400,57766,2750,5.0,57291,2275,4.14,52400,57766,1399-8-26
276,شپاكسا,پاكسان‌,759,2391029,59583942230,25030,23900,24750,-280,-1.12,24920,-110,-0.44,23900,25260,1399-8-26
277,كاما,باما,749,3715403,632695976870,162190,170290,170290,8100,4.99,170290,8100,4.99,170290,170290,1399-8-26
278,درازك,دارويي‌ رازك‌,745,1455412,50611527870,35270,35300,33890,-1380,-3.91,34810,-460,-1.3,33610,36000,1399-8-26
279,كپشيرح,ح . پشم‌شيشه‌ايران‌,741,2503547,26864891614,11119,10998,10480,-639,-5.75,10731,-388,-3.49,10411,11360,1399-8-26
280,دكوثر,داروسازي‌ كوثر,740,1529164,27472561500,18260,17400,17990,-270,-1.48,18100,-160,-0.88,17400,18430,1399-8-26
281,وپست,پست بانك ايران,728,6157700,78976202670,12240,12730,12850,610,4.98,12830,590,4.82,12500,12850,1399-8-26
282,فسپا,گروه‌صنعتي‌سپاهان‌,723,2114863,82268754000,39680,37900,38720,-960,-2.42,38900,-780,-1.97,37900,40000,1399-8-26
283,ريشمك,توليد و صادرات ريشمك,722,2175140,75504533348,33323,32850,34989,1666,5.0,34712,1389,4.17,32600,34989,1399-8-26
284,غچين,كشت‌ و صنعت‌ چين‌ چين,715,1655385,72885143740,41940,44030,44030,2090,4.98,44030,2090,4.98,43910,44030,1399-8-26
285,وسبحان,سرمايه گذاري سبحان,713,6287031,49492176156,7840,7448,7961,121,1.54,7870,30,0.38,7448,7998,1399-8-26
286,غشهد,شهد ايران ‌,710,3479916,20538302020,6050,5750,5900,-150,-2.48,5990,-60,-0.99,5750,6200,1399-8-26
287,ساروم,سيمان‌اروميه‌,702,3307686,72346099220,21140,21000,22190,1050,4.97,21870,730,3.45,20300,22190,1399-8-26
288,غالبر,لبنيات‌ كالبر,702,2582429,29366552240,11950,11360,11360,-590,-4.94,11570,-380,-3.18,11360,11840,1399-8-26
289,چفيبر,فيبر ايران‌,701,7272929,51237947190,7340,6980,6980,-360,-4.9,7050,-290,-3.95,6980,7400,1399-8-26
290,كيميا,معدني كيمياي زنجان گستران,700,1660014,36942211593,22221,22900,22380,159,0.72,22244,23,0.1,21610,22900,1399-8-26
291,عيار,صندوق س. پشتوانه طلاي مفيد,699,718203,22151806890,30466,30110,31236,770,2.53,30843,377,1.24,30110,31500,1399-8-26
292,سمازن,سيمان‌مازندران‌,696,1987494,18451133210,9030,9200,9120,90,1.0,9120,90,1.0,8920,9420,1399-8-26
293,وگردش,بانك گردشگري,693,6202404,110715797927,17341,17861,17861,520,3.0,17850,509,2.94,17553,17861,1399-8-26
294,زفكا,كشت و دامداري فكا,689,789575,33558095715,41208,41160,43180,1972,4.79,42011,803,1.95,41160,43200,1399-8-26
295,تيپيكو,سرمايه گذاري دارويي تامين,670,1449892,72580954490,49620,50000,49700,80,0.16,49990,370,0.75,49200,51080,1399-8-26
296,ولصنم,ليزينگ‌صنعت‌ومعدن‌,665,6186835,49729212620,7730,7760,8110,380,4.92,8010,280,3.62,7350,8110,1399-8-26
297,شوينده,مديريت صنعت شوينده ت.ص.بهشهر,662,895607,32138918210,34720,36380,35780,1060,3.05,35400,680,1.96,35030,36380,1399-8-26
298,بهپاك,صنعتي بهپاك,656,1196387,34631835935,30000,28550,28710,-1290,-4.3,29226,-774,-2.58,28500,30850,1399-8-26
299,شجم,صنايع پتروشيمي تخت جمشيد,635,3369716,23926311130,6962,6754,7170,208,2.99,7100,138,1.98,6754,7170,1399-8-26
300,كطبس,ذغال‌سنگ‌ نگين‌ ط‌بس‌,634,814394,36327725600,46420,44150,44100,-2320,-5.0,44990,-1430,-3.08,44100,45900,1399-8-26
301,جم,پتروشيمي جم,630,1165154,47806988720,40430,38550,40300,-130,-0.32,40700,270,0.67,38550,42100,1399-8-26
302,غگرجي,بيسكويت‌  گرجي‌,630,1190764,31465320950,26680,25500,26130,-550,-2.06,26520,-160,-0.6,25500,27360,1399-8-26
303,دعبيد,لابراتوارداروسازي‌  دكترعبيدي‌,629,846653,23274236270,28490,27230,27180,-1310,-4.6,28020,-470,-1.65,27070,28480,1399-8-26
304,ومعلم,بيمه معلم,623,2579862,15246876831,5897,5605,5851,-46,-0.78,5901,4,0.07,5605,6060,1399-8-26
305,كگهر,سنگ آهن گهرزمين,617,1631803,65501120383,40171,40000,40400,229,0.57,40154,-17,-0.04,38800,41300,1399-8-26
306,بكام,كارخانجات توليدي شهيد قندي,616,4196123,17539794140,4400,4180,4180,-220,-5.0,4310,-90,-2.05,4180,4180,1399-8-26
307,فايرا,آلومينيوم‌ايران‌,602,1317768,25016076240,18620,19400,18600,-20,-0.11,18780,160,0.86,18010,19400,1399-8-26
308,دتماد,توليدمواداوليه‌داروپخش‌,600,845038,36971628340,45160,42940,43260,-1900,-4.21,44130,-1030,-2.28,42930,45690,1399-8-26
309,وكار,بانك‌ كارآفرين‌,595,13347260,52862347170,3810,3620,4000,190,4.99,3960,150,3.94,3620,4000,1399-8-26
310,لابسا,آبسال‌,592,1225485,36393818820,31120,29980,29800,-1320,-4.24,30050,-1070,-3.44,29570,30550,1399-8-26
311,وتوصا,گروه س توسعه صنعتي ايران,591,6499456,65384290750,9600,10080,10080,480,5.0,10060,460,4.79,9600,10080,1399-8-26
312,پرديس,سرمايه گذاري پرديس,588,3733020,24563600810,6490,6210,6500,10,0.15,6530,40,0.62,6210,6760,1399-8-26
313,شخارك,پتروشيمي‌ خارك‌,580,632890,25478370700,39810,40200,40210,400,1.0,39930,120,0.3,39300,40990,1399-8-26
314,تشتاد,صنايع توليدي اشتاد ايران‌,576,2172768,34218852850,15415,15002,15477,62,0.4,15749,334,2.17,15002,15877,1399-8-26
315,زكشت,كشاورزي مكانيزه اصفهان كشت,574,1763988,45623335974,27015,25700,27353,338,1.25,25934,-1081,-4.0,25665,27353,1399-8-26
316,وصنا,گروه‌صنايع‌بهشهرايران‌,573,3838819,42232846280,10960,10960,10980,20,0.18,10990,30,0.27,10520,11300,1399-8-26
317,آ س پ,آ.س.پ,571,5322137,61641913619,11052,11604,11604,552,4.99,11582,530,4.8,10600,11604,1399-8-26
318,كپرور,فرآوري زغال سنگ پروده طبس,565,1624949,68277907041,44133,41927,41927,-2206,-5.0,42018,-2115,-4.79,41927,43564,1399-8-26
319,پارسيانح,ح.بيمه پارسيان,560,2245626,20460427680,8960,8450,9190,230,2.57,9110,150,1.67,8450,9490,1399-8-26
320,قشكر,شكرشاهرود,558,850469,29231511360,34950,33220,34980,30,0.09,34600,-350,-1.0,33220,35100,1399-8-26
321,ثترانح,ح سرمايه گذاري مسكن تهران,556,3852227,9408905480,2466,2379,2401,-65,-2.64,2442,-24,-0.97,2360,2497,1399-8-26
322,جم پيلن,پلي پروپيلن جم - جم پيلن,548,473998,38115533000,80650,79510,80010,-640,-0.79,80510,-140,-0.17,76640,81990,1399-8-26
323,فلامي,لاميران‌,546,1097734,35500717560,34040,32340,32340,-1700,-4.99,32770,-1270,-3.73,32340,32340,1399-8-26
324,بخاور,بيمه زندگي خاورميانه,545,8813923,66301616446,7238,6890,7599,361,4.99,7522,284,3.92,6890,7599,1399-8-26
325,بالبر,كابل‌ البرز,543,975953,21524179540,22660,21530,22000,-660,-2.91,22380,-280,-1.24,21530,22880,1399-8-26
326,كرماشا,صنايع پتروشيمي كرمانشاه,535,965980,35846752370,36360,36500,37200,840,2.31,36860,500,1.38,35510,37600,1399-8-26
327,فولاژ,فولاد آلياژي ايران,532,1994947,42674527370,21310,20280,21500,190,0.89,21380,70,0.33,20250,22050,1399-8-26
328,لوتوس,تامين سرمايه لوتوس پارسيان,532,2416254,31207664350,12970,12330,13140,170,1.31,12940,-30,-0.23,12330,13450,1399-8-26
329,سپ,پرداخت الكترونيك سامان كيش,531,1153540,15681706760,13610,13850,13330,-280,-2.06,13610,0,0.0,13020,13860,1399-8-26
330,گوهر,صندوق سكه طلاي كيان,530,324297,19991334207,61366,62700,62590,1224,1.99,61645,279,0.45,60510,62700,1399-8-26
331,كاريس,صندوق س.سپهر كاريزما-س,526,245455,43426922133,176567,173031,177300,733,0.42,176924,357,0.2,167201,180000,1399-8-26
332,ملت,بيمه ملت,521,1774677,20646215000,11440,11600,11810,370,3.23,11520,80,0.7,11160,11850,1399-8-26
333,سخوز,سيمان خوزستان,518,1414302,27006461570,19070,18160,19100,30,0.16,19080,10,0.05,18160,19850,1399-8-26
334,كهمدا,شيشه‌ همدان‌,513,1430839,14037489570,9830,9980,9880,50,0.51,9820,-10,-0.1,9450,10100,1399-8-26
335,قصفها,قنداصفهان‌,510,209920,29076537860,137760,137760,137500,-260,-0.19,138190,430,0.31,135000,141990,1399-8-26
336,سيدكو,سرمايه گذاري توسعه صنايع سيمان,493,2091589,13915872480,6630,6620,6580,-50,-0.75,6640,10,0.15,6400,6780,1399-8-26
337,كنور,توسعه معدني و صنعتي صبانور,490,937691,32932898870,35130,33810,34890,-240,-0.68,35120,-10,-0.03,33810,36000,1399-8-26
338,ضخود1042,اختيارخ خودرو-3000-1399/10/07,483,13556,11330871000,772,720,830,58,7.51,836,64,8.29,720,870,1399-8-26
339,زگلدشت,كشت و دام گلدشت نمونه اصفهان,480,457319,14734490454,32341,31501,32000,-341,-1.05,32306,-35,-0.11,31501,33000,1399-8-26
340,داوه,داروسازي آوه سينا,479,1759343,25835358447,15414,14650,14644,-770,-5.0,15013,-401,-2.6,14644,15299,1399-8-26
341,غمارگ,مارگارين‌,478,1915200,45446737220,22830,22000,23970,1140,4.99,23590,760,3.33,21750,23970,1399-8-26
342,اعتلا,شركت سرمايه گذاري اعتلاء البرز,477,2271284,19046141753,8804,8364,8364,-440,-5.0,8625,-179,-2.03,8364,8570,1399-8-26
343,شپلي,پلي اكريل ايران,475,5322700,30608942915,5628,5690,5796,168,2.99,5751,123,2.19,5500,5796,1399-8-26
344,سكه0012پ01,سكه تمام بهارتحويلي 1روزه رفاه,465,164000,199011007300,1213604,1200003,1233000,19396,1.6,1213482,-122,-0.01,1200003,1234500,1399-8-26
345,تايرا,تراكتورسازي‌ايران‌,465,1294103,27427193190,20370,20700,21380,1010,4.96,20780,410,2.01,19600,21380,1399-8-26
346,هجرت,پخش هجرت,463,526339,27331721909,52433,49950,50500,-1933,-3.69,52142,-291,-0.55,49950,53700,1399-8-26
347,سكرد,سيمان كردستان,458,3188103,28185332950,9300,8840,8840,-460,-4.95,9010,-290,-3.12,8840,8980,1399-8-26
348,سباقر,سيمان باقران,454,1447978,19112468922,13199,13000,13400,201,1.52,13199,0,0.0,12804,13500,1399-8-26
349,دسانكو,داروسازي سبحان انكولوژي,453,1179726,16133380490,13861,13220,14000,139,1.0,13803,-58,-0.42,13168,14050,1399-8-26
350,دبالك,مواد اوليه دارويي البرز بالك,449,1804462,27906048385,15160,15890,15300,140,0.92,15327,167,1.1,14500,15890,1399-8-26
351,لبوتان,گروه‌صنعتي‌بوتان‌,442,515229,31290655400,63910,60810,60720,-3190,-4.99,61760,-2150,-3.36,60720,62540,1399-8-26
352,شرنگي,شيميايي رنگين,441,208662,21011300397,103764,100652,100666,-3098,-2.99,100695,-3069,-2.96,100652,102942,1399-8-26
353,فخاس,فولاد خراسان,441,936977,29145647330,32230,30650,30630,-1600,-4.96,31890,-340,-1.05,30620,32230,1399-8-26
354,شنفت,نفت‌ پارس‌,438,417480,21605479830,50670,51000,50770,100,0.2,51120,450,0.89,50500,53540,1399-8-26
355,مارون,پتروشيمي مارون,438,257250,33334645727,125098,129300,131000,5902,4.72,126521,1423,1.14,120100,131000,1399-8-26
356,ساراب,سيمان‌ داراب‌,435,1424120,15675862840,11560,10990,10990,-570,-4.93,11370,-190,-1.64,10990,11240,1399-8-26
357,ضخود1044,اختيارخ خودرو-4000-1399/10/07,433,16580,5774275000,327,330,347,20,6.12,348,21,6.42,330,367,1399-8-26
358,سرود,سيمان‌شاهرود,429,1530495,20148428690,13760,13080,13190,-570,-4.14,13500,-260,-1.89,13080,13790,1399-8-26
359,سخزر,سيمان‌ خزر,428,690742,15082775830,22910,21770,21770,-1140,-4.98,22540,-370,-1.62,21770,22390,1399-8-26
360,سصوفي,سيمان‌ صوفيان‌,425,2700516,33218120320,11810,11900,12400,590,5.0,12100,290,2.46,11500,12400,1399-8-26
361,خصدرا,صنعتي‌ دريايي‌ ايران‌,422,5650908,30605317728,5701,5416,5416,-285,-5.0,5547,-154,-2.7,5416,5416,1399-8-26
362,زمگسا,كشاورزي‌ ودامپروي‌ مگسال‌,417,624166,15598763300,25730,25010,24590,-1140,-4.43,25480,-250,-0.97,24500,26380,1399-8-26
363,شگل,گلتاش‌,415,1341161,29859464320,22590,22390,22340,-250,-1.11,22400,-190,-0.84,21540,22980,1399-8-26
364,واميد,گروه مديريت سرمايه گذاري اميد,413,2546217,90587775790,35430,34350,35700,270,0.76,35540,110,0.31,34350,35940,1399-8-26
365,آبين,كشت و صنعت آبشيرين,413,4910421,15004505543,3143,3049,3049,-94,-2.99,3075,-68,-2.16,3049,3142,1399-8-26
366,كساپا,سايپاشيشه‌,410,1762608,39780336880,21660,22400,22740,1080,4.99,22310,650,3.0,20810,22740,1399-8-26
367,شيراز,پتروشيمي‌شيراز,408,749893,37070561830,48710,46310,49000,290,0.6,48980,270,0.55,46310,50230,1399-8-26
368,آتيمس,صندوق س.آرمان آتيه درخشان مس-س,405,194890,36558170704,190436,185800,186053,-4383,-2.3,187584,-2852,-1.5,180000,192100,1399-8-26
369,حتوكا,حمل‌ونقل‌توكا,402,1883664,35356373280,19750,18770,18770,-980,-4.96,18950,-800,-4.05,18770,18770,1399-8-26
370,گپارس,امور رفاهي كارگزاران پارس,397,230434,31255664666,138722,134561,138360,-362,-0.26,135638,-3084,-2.22,134561,141990,1399-8-26
371,قلرست,قند لرستان‌,393,1233073,26018277830,22180,21080,21080,-1100,-4.96,21580,-600,-2.71,21080,21860,1399-8-26
372,پكويرح,ح. كوير تاير,390,5300000,76532000000,13130,14440,14440,1310,9.98,14440,1310,9.98,14440,14440,1399-8-26
373,خديزل,بهمن  ديزل,385,2389240,99448011223,39911,39000,41906,1995,5.0,41623,1712,4.29,38900,41906,1399-8-26
374,مبين,مبين انرژي خليج فارس,382,1958732,39473842290,19630,19100,20100,470,2.39,19820,190,0.97,18850,20440,1399-8-26
375,پارسيان,بيمه پارسيان,381,3130551,35394278740,11290,10730,11350,60,0.53,11300,10,0.09,10730,11730,1399-8-26
376,سامان,بانك سامان,378,8167371,69604183601,8276,8524,8524,248,3.0,8522,246,2.97,8291,8524,1399-8-26
377,دسبحان,سبحان دارو,376,582603,10106225500,17350,18090,17300,-50,-0.29,17350,0,0.0,16820,18090,1399-8-26
378,دامين,داروسازي‌ امين‌,375,1311649,15582188820,11950,11410,11680,-270,-2.26,11930,-20,-0.17,11410,12200,1399-8-26
379,غبهنوش,بهنوش‌ ايران‌,373,312863,17011120720,56550,56540,53720,-2830,-5.0,55770,-780,-1.38,53720,56550,1399-8-26
380,غمهراح,ح . توليدي‌مهرام‌,372,252362,11327751400,47170,42900,43500,-3670,-7.78,44890,-2280,-4.83,42900,47000,1399-8-26
381,كترام,توليدي‌ كاشي‌ تكسرام‌,367,1411992,45988579440,31020,32570,32570,1550,5.0,32300,1280,4.13,32570,32570,1399-8-26
382,سشمال,سيمان‌ شمال‌,359,2855900,24193822380,8910,8470,8480,-430,-4.83,8680,-230,-2.58,8470,8890,1399-8-26
383,خراسان,پتروشيمي خراسان,356,252207,16161099030,62840,63000,64450,1610,2.56,63220,380,0.6,60500,64790,1399-8-26
384,نيرو,نيرو سرمايه,354,660930,30252826769,48038,45637,45637,-2401,-5.0,45773,-2265,-4.72,45637,48500,1399-8-26
385,سپاس,صندوق س. پاداش سهامداري توسعه1,351,14068498,141611717207,10059,10063,10072,13,0.13,10066,7,0.07,10062,10072,1399-8-26
386,سخاش,سيمان‌خاش‌,349,175641,13658966340,76030,78420,78000,1970,2.59,76490,460,0.61,76000,78420,1399-8-26
387,شفارس,صنايع‌ شيميايي‌ فارس‌,347,1657941,62813183180,36230,36890,38040,1810,5.0,37890,1660,4.58,36430,38040,1399-8-26
388,مفاخر,توسعه فناوري اطلاعات خوارزمي,346,867146,35217066261,42358,40242,40241,-2117,-5.0,41104,-1254,-2.96,40241,41800,1399-8-26
389,واحصا,احياء صنايع خراسان,345,898178,20198572976,22127,21464,22790,663,3.0,22475,348,1.57,21464,22790,1399-8-26
390,وتوشه,سرمايه‌ گذاري‌ پارس‌ توشه‌,345,2469544,46319941700,18030,17380,18930,900,4.99,18680,650,3.61,17240,18930,1399-8-26
391,دابور,داروسازي‌ ابوريحان‌,341,379511,17280809940,46660,44730,45150,-1510,-3.24,46260,-400,-0.86,44720,46970,1399-8-26
392,ضصاد1102,اختيارخ وبصادر-3500-1399/11/12,341,15029,5588462000,349,206,360,11,3.15,372,23,6.59,206,383,1399-8-26
393,فلات,گروه صنايع معادن فلات ايرانيان,336,6985549,92858570786,12910,13297,13297,387,3.0,13293,383,2.97,13138,13297,1399-8-26
394,زعف9908پ10,زعفران9908نگين طلاي سرخ(پ),332,365102,27727970215,78077,74174,80800,2723,3.49,75946,-2131,-2.73,74174,80900,1399-8-26
395,ولراز,ليزينگ رازي,332,1376907,35752059304,25341,26101,26101,760,3.0,25965,624,2.46,24581,26101,1399-8-26
396,كشرق,صنعتي و معدني شمال شرق شاهرود,327,691768,42835795171,58982,61931,61931,2949,5.0,61327,2345,3.98,61070,61931,1399-8-26
397,ساينا,صنايع بهداشتي ساينا,324,102588,19123090724,177806,186696,186696,8890,5.0,180760,2954,1.66,180015,186696,1399-8-26
398,پيزد,مجتمع صنايع لاستيك يزد,323,131703,11851426158,94722,89986,89986,-4736,-5.0,93485,-1237,-1.31,89986,89986,1399-8-26
399,تسه9906,امتياز تسهيلات مسكن شهريور99,318,3142,2594161518,826720,791000,868000,41280,4.99,825640,-1080,-0.13,791000,868000,1399-8-26
400,بفجر,فجر انرژي خليج فارس,317,1243811,34998454090,27930,27000,28500,570,2.04,28030,100,0.36,26540,28770,1399-8-26
401,ضپاس1002,اختيارخ وپارس-3000-1399/10/30,316,9199,4869124000,490,450,530,40,8.16,529,39,7.96,450,555,1399-8-26
402,سبهان,سيمان‌ بهبهان‌,315,302698,15392258920,53430,50770,51900,-1530,-2.86,52570,-860,-1.61,50760,52000,1399-8-26
403,دپارس,پارس‌ دارو,315,835493,93078508600,109150,112560,108000,-1150,-1.05,111410,2260,2.07,106510,113000,1399-8-26
404,زماهان,مجتمع توليد گوشت مرغ ماهان,312,631006,13400106665,22284,21170,21170,-1114,-5.0,21979,-305,-1.37,21170,21959,1399-8-26
405,خموتور,موتورسازان‌تراكتورسازي‌ايران‌,306,4067962,44625543140,12180,10970,10970,-1210,-9.93,10980,-1200,-9.85,10970,10970,1399-8-26
406,رتكو,كنترل‌خوردگي‌تكين‌كو,305,1851601,27022181380,15350,14590,14590,-760,-4.95,14900,-450,-2.93,14590,14890,1399-8-26
407,شلعاب,لعابيران‌,304,1059809,8079543430,7960,7570,7570,-390,-4.9,7900,-60,-0.75,7570,7890,1399-8-26
408,سهگمت,سيمان‌هگمتان‌,303,925928,19747292120,20360,21000,21370,1010,4.96,20710,350,1.72,20000,21370,1399-8-26
409,دجابر,داروسازي‌ جابرابن‌حيان‌,303,663300,21828541880,34550,32830,32830,-1720,-4.98,33790,-760,-2.2,32830,34300,1399-8-26
410,حخزر,كشتيراني درياي خزر,300,1201616,23448232909,20519,19494,19494,-1025,-5.0,20008,-511,-2.49,19494,20000,1399-8-26
411,دالبر,البرزدارو,300,526353,9865798930,18770,17960,18960,190,1.01,18760,-10,-0.05,17960,19080,1399-8-26
412,دارو,كارخانجات‌داروپخش‌,294,252211,12624191280,51950,49400,50020,-1930,-3.72,51450,-500,-0.96,49360,51250,1399-8-26
413,ختور,رادياتور ايران‌,293,698616,30278017440,45620,43340,43340,-2280,-5.0,44080,-1540,-3.38,43340,43340,1399-8-26
414,قپيرا,فرآورده‌هاي‌غدايي‌وقندپيرانشهر,291,90341,7765917290,88540,92960,85200,-3340,-3.77,88130,-410,-0.46,84120,92960,1399-8-26
415,كخاكح,ح . صنايع‌خاك‌چيني‌ايران‌,287,555843,20547486140,38210,35930,36130,-2080,-5.44,36970,-1240,-3.25,35930,37600,1399-8-26
416,بالاس,مهندسي ساختمان تاسيسات راه آهن,287,309339,15532529868,47821,50212,50212,2391,5.0,48519,698,1.46,50212,50212,1399-8-26
417,سكه9912پ04,سكه تمام بهارتحويل1روزه صادرات,275,138500,167886438900,1210119,1206818,1223009,12890,1.07,1212176,2057,0.17,1200000,1234989,1399-8-26
418,آكورد,صندوق س. آرمان آتي كوثر-د,275,7964448,233874357127,29354,29378,29368,14,0.05,29365,11,0.04,29300,29378,1399-8-26
419,وهور,مديريت انرژي اميد  تابان هور,274,2940820,125290695280,40576,42604,42604,2028,5.0,42604,2028,5.0,42604,42604,1399-8-26
420,خاور,ايران خودرو ديزل,274,7269884,44622547992,6327,6138,6138,-189,-2.99,6138,-189,-2.99,6138,6138,1399-8-26
421,بترانس,ايران‌ ترانسفو,270,2184938,57813459480,25200,26460,26460,1260,5.0,26460,1260,5.0,26460,26460,1399-8-26
422,ولانا,شركت ليزينگ آريا دانا,270,787334,15978582934,20440,19827,20110,-330,-1.61,20325,-115,-0.56,19827,21000,1399-8-26
423,تپولا,مهندسي مرآت پولاد,269,1238912,33677785998,28023,27183,27183,-840,-3.0,27183,-840,-3.0,27183,27540,1399-8-26
424,وهنر,گروه توسعه هنر ايران,268,2763559,11026499240,4050,3929,3971,-79,-1.95,4017,-33,-0.81,3929,4099,1399-8-26
425,لپارس,پارس‌ الكتريك‌,261,92181,13857569730,158240,150330,150330,-7910,-5.0,155740,-2500,-1.58,150330,150330,1399-8-26
426,پرداخت,به پرداخت ملت,260,379753,16008269610,42260,42000,42000,-260,-0.62,42230,-30,-0.07,40160,44000,1399-8-26
427,پسهند,صنايع‌ لاستيكي‌  سهند,255,209882,9376556660,45750,43470,43590,-2160,-4.72,45530,-220,-0.48,43470,46740,1399-8-26
428,تسه9902,امتياز تسهيلات مسكن ارديبهشت99,255,3934,3246006279,822505,791000,786000,-36505,-4.44,825116,2611,0.32,783851,860000,1399-8-26
429,ارمغان,ص سرمايه گذاري ارمغان ايرانيان,254,11113480,111982093758,10071,10072,10079,8,0.08,10076,5,0.05,10072,10090,1399-8-26
430,ثاصفا,شركت‌ ساختمان‌ اصفهان‌,248,644591,16737449906,25210,25966,25966,756,3.0,25857,647,2.57,25966,25966,1399-8-26
431,خشرق,الكتريك‌ خودرو شرق‌,246,1059309,18336638790,18220,17310,17310,-910,-4.99,17840,-380,-2.09,17310,17310,1399-8-26
432,دارا,صندوق س. دارا الگوريتم-د,243,4974459,50221294072,10091,10076,10106,15,0.15,10096,5,0.05,10076,10110,1399-8-26
433,تسه9904,امتياز تسهيلات مسكن تير99,239,2979,2460269375,824727,812000,835000,10273,1.25,825871,1144,0.14,805010,850000,1399-8-26
434,وسنا,سرمايه گذاري نيروگاهي ايران,237,1363622,17368076811,13127,12734,12734,-393,-2.99,12756,-371,-2.83,12734,13127,1399-8-26
435,وتعاون,بيمه  تعاون,234,1314890,8102673721,6070,6001,6185,115,1.89,6106,36,0.59,6001,6220,1399-8-26
436,دشيمي,شيمي‌ داروئي‌ داروپخش‌,233,457128,30061755710,69170,67000,65720,-3450,-4.99,67050,-2120,-3.06,65720,67000,1399-8-26
437,آساس,صندوق س.آسمان آرماني سهام-س,230,142880,21673419111,153838,151550,150600,-3238,-2.1,151690,-2148,-1.4,148230,154970,1399-8-26
438,كي بي سي,شركت كي بي سي,229,311964,8447972273,28443,27021,27021,-1422,-5.0,28198,-245,-0.86,27021,27650,1399-8-26
439,قهكمت,قندهكمتان‌,227,293687,12414524550,42120,42000,42000,-120,-0.28,42160,40,0.09,40020,43200,1399-8-26
440,بمپنا,توليد برق عسلويه  مپنا,225,241529,19819624029,84038,80008,82680,-1358,-1.62,83275,-763,-0.91,80008,83500,1399-8-26
441,سفانو,سيمان فارس نو,223,336718,9486343370,29450,27980,28700,-750,-2.55,29200,-250,-0.85,27980,29370,1399-8-26
442,وسرمد,بيمه  سرمد,219,1751066,9772530013,5639,5490,5729,90,1.6,5611,-28,-0.5,5470,5748,1399-8-26
443,وسناح,ح. سرمايه گذاري نيروگاهي ايران,218,598570,5679998236,9438,9717,9220,-218,-2.31,9489,51,0.54,9155,9721,1399-8-26
444,ددام,داروسازي زاگرس فارمد پارس,218,615693,7523938690,12850,12220,12210,-640,-4.98,12750,-100,-0.78,12210,12520,1399-8-26
445,تسه9903,امتياز تسهيلات مسكن خرداد99,217,2441,2008806560,823705,790645,812000,-11705,-1.42,822944,-761,-0.09,790645,830000,1399-8-26
446,تسه9810,امتياز تسهيلات مسكن دي98,215,4580,3773686184,820298,840000,818000,-2298,-0.28,823949,3651,0.45,800000,840000,1399-8-26
447,زپارس,ملي كشت و صنعت و دامپروري پارس,214,199116,11504325410,59980,57200,57340,-2640,-4.4,59460,-520,-0.87,57000,59000,1399-8-26
448,وثخوز,سرمايه گذاري و توسعه خوزستان,213,412170,13013283285,31803,30850,31510,-293,-0.92,31653,-150,-0.47,30849,32757,1399-8-26
449,حسير,ريل سير كوثر,206,3523402,62012561219,27466,26093,17500,-9966,-36.28,17600,-9866,-35.92,17500,26093,1399-8-26
450,حتايد,تايدواترخاورميانه,203,2659677,43698493110,15650,16430,16430,780,4.98,16270,620,3.96,16430,16430,1399-8-26
451,دلر,داروسازي‌ اكسير,201,262045,24540499980,96530,91800,92810,-3720,-3.85,95070,-1460,-1.51,91800,96000,1399-8-26
452,تسه9905,امتياز تسهيلات مسكن مرداد99,201,2021,1667332951,823928,810000,828999,5071,0.62,825004,1076,0.13,808750,839999,1399-8-26
453,دفرا,فرآورده‌هاي‌ تزريقي‌ ايران‌,200,429427,9555234800,23210,22050,22420,-790,-3.4,23020,-190,-0.82,22050,22980,1399-8-26
454,دكيمي,كيميدارو,198,390889,7956490210,21290,20230,20260,-1030,-4.84,21130,-160,-0.75,20230,21000,1399-8-26
455,مداران,داده‌پردازي‌ايران‌,198,467672,9693471390,21810,20720,20720,-1090,-5.0,21580,-230,-1.05,20720,21160,1399-8-26
456,سكرما,سيمان‌ كرمان‌,196,466404,5989927510,13230,12570,12900,-330,-2.49,13180,-50,-0.38,12570,13300,1399-8-26
457,صايند,صندوق س. گنجينه آينده روشن-د,195,4130220,41247277690,9943,9968,9997,54,0.54,9987,44,0.44,9935,10008,1399-8-26
458,تسه9709,امتياز تسهيلات مسكن آذر97,187,3670,2973550719,812911,814980,805000,-7911,-0.97,810232,-2679,-0.33,780000,818930,1399-8-26
459,ياقوت,صندوق س ياقوت آگاه-ثابت,187,5028964,56570150032,11239,11240,11240,1,0.01,11249,10,0.09,11240,11260,1399-8-26
460,تليسه,دامداري تليسه نمونه,186,2168773,10277815247,4514,4739,4739,225,4.98,4557,43,0.95,4739,4739,1399-8-26
461,شفا,سرمايه گذاري شفادارو,186,152652,8707121440,58670,55740,56000,-2670,-4.55,58380,-290,-0.49,55740,58400,1399-8-26
462,تشتادح,ح.صنايع توليدي اشتاد ايران‌,184,1558230,16524554566,10087,10692,10155,68,0.67,10605,518,5.14,10100,10692,1399-8-26
463,فيروزا,صندوق بادرآمد ثابت فيروزه آسيا,180,5629641,118818163760,21108,21103,21140,32,0.15,21106,-2,-0.01,21090,21140,1399-8-26
464,داسوه,داروسازي‌ اسوه‌,178,368024,8877041960,25170,23920,24000,-1170,-4.65,24980,-190,-0.75,23920,24900,1399-8-26
465,كخاك,صنايع‌خاك‌چيني‌ايران‌,178,387069,16152676450,43920,41730,41730,-2190,-4.99,43140,-780,-1.78,41730,42700,1399-8-26
466,سبزوا,سيمان لار سبزوار,176,978235,5637568305,6066,5763,5763,-303,-5.0,6029,-37,-0.61,5763,5763,1399-8-26
467,قشرين,قند شيرين خراسان,176,634715,10888535825,16656,17155,17155,499,3.0,16918,262,1.57,17155,17155,1399-8-26
468,كحافظ,كاشي‌ وسراميك‌ حافظ‌,176,558700,11447763000,21560,20490,20490,-1070,-4.96,21270,-290,-1.35,20490,20490,1399-8-26
469,سقاين,سيمان‌ قائن‌,176,184207,6940602970,38800,36880,38340,-460,-1.19,38640,-160,-0.41,36860,38640,1399-8-26
470,دسبحا,گروه دارويي سبحان,174,310479,4840050370,16170,15380,15590,-580,-3.59,16110,-60,-0.37,15370,15980,1399-8-26
471,كگاز,شيشه‌ و گاز,172,844858,19321902460,24070,22870,22870,-1200,-4.99,23560,-510,-2.12,22870,22870,1399-8-26
472,دمعيار,صندوق س. توازن معيار-د,168,5923823,59515080937,10031,10040,10050,19,0.19,10047,16,0.16,10040,10059,1399-8-26
473,خمحور,توليدمحورخودرو,168,701739,38665818900,52480,55100,55100,2620,4.99,54380,1900,3.62,55100,55100,1399-8-26
474,وپخش,داروپخش‌ (هلدينگ‌,167,174971,19322100010,113580,112230,112000,-1580,-1.39,112370,-1210,-1.07,109910,112370,1399-8-26
475,ثجوان,تامين مسكن جوانان,167,658062,4365933701,6489,6530,6670,181,2.79,6519,30,0.46,6214,6809,1399-8-26
476,قشهد,شهد,165,179295,5492143720,29570,31000,29700,130,0.44,29680,110,0.37,28370,31040,1399-8-26
477,كسرام,پارس‌ سرام‌,163,1244493,8288323380,6350,6660,6660,310,4.88,6400,50,0.79,6660,6660,1399-8-26
478,قزوين,كارخانجات‌ قند قزوين‌,162,479119,19921768020,39600,41580,41580,1980,5.0,40280,680,1.72,41580,41580,1399-8-26
479,وبرق,س.کارکنان صنعت برق زنجان وقزوي,161,128322,21771110520,178589,169660,169660,-8929,-5.0,169660,-8929,-5.0,169660,169660,1399-8-26
480,سمتاز,سيمان ممتازان كرمان,158,429207,9446650905,22502,22450,21827,-675,-3.0,22254,-248,-1.1,21827,23098,1399-8-26
481,پتاير,ايران‌ تاير,155,202590,21508980300,101120,106170,106170,5050,4.99,103120,2000,1.98,106170,106170,1399-8-26
482,تسه9901,امتياز تسهيلات مسكن فروردين99,152,1801,1482096568,823512,782522,829000,5488,0.67,822930,-582,-0.07,782522,849000,1399-8-26
483,دسينا,داروسازي‌ سينا,151,287774,6930913010,25130,23890,24170,-960,-3.82,24980,-150,-0.6,23890,24870,1399-8-26
484,ضفار1125,اختيارخ فارس-17826-1399/11/07,150,2099,2142974000,541,542,499,-42,-7.76,510,-31,-5.73,483,542,1399-8-26
485,كسعدي,كاشي‌ سعدي‌,150,339340,18249705200,59750,53780,53780,-5970,-9.99,57310,-2440,-4.08,53780,53780,1399-8-26
486,بنيرو,نيروترانس‌,149,625733,34240109760,57600,54720,54720,-2880,-5.0,55510,-2090,-3.63,54720,54720,1399-8-26
487,اتكاي,بيمه اتكايي ايرانيان,148,317569,3959447424,12364,12825,12589,225,1.82,12372,8,0.06,12382,12825,1399-8-26
488,كماسه,تامين‌ ماسه‌ ريخته‌گري‌,146,196811,8750217060,46790,44460,44460,-2330,-4.98,46320,-470,-1.0,44460,44460,1399-8-26
489,تسه9812,امتياز تسهيلات مسكن اسفند98,142,1594,1311647497,823762,782574,800000,-23762,-2.88,822865,-897,-0.11,782574,850000,1399-8-26
490,سكه0011پ02,سكه تمام بهارتحويلي 1روزه ملت,141,32400,39298395300,1212071,1200000,1223000,10929,0.9,1212913,842,0.07,1200000,1233000,1399-8-26
491,سفار,سيمان‌فارس‌,139,52468,4472805300,89490,85020,85020,-4470,-4.99,89090,-400,-0.45,85020,87750,1399-8-26
492,وآفري,بيمه كارآفرين,139,1511919,21223765647,14273,13846,14199,-74,-0.52,14038,-235,-1.65,13845,14300,1399-8-26
493,بايكا,كارخانجات كابلسازي ‌ايران‌,138,392996,14594692452,39091,37137,37137,-1954,-5.0,37580,-1511,-3.87,37137,37137,1399-8-26
494,سيستم,همكاران سيستم,134,186165,5264166740,28730,28200,28100,-630,-2.19,28680,-50,-0.17,27780,29070,1399-8-26
495,سلار,شركت سيمان لارستان,132,803968,21957974016,28156,27312,27312,-844,-3.0,27312,-844,-3.0,27312,27312,1399-8-26
496,ضپاس1001,اختيارخ وپارس-2500-1399/10/30,126,2538,1992858000,695,700,795,100,14.39,785,90,12.95,690,850,1399-8-26
497,ضسپا8018,اختيارخ خساپا-2400-1399/08/26,125,3962,58512000,17,8,16,-1,-5.88,15,-2,-11.76,3,39,1399-8-26
498,ضصاد1100,اختيارخ وبصادر-2500-1399/11/12,124,2977,2143039000,637,560,701,64,10.05,720,83,13.03,550,829,1399-8-26
499,تسه9803,امتياز تسهيلات مسكن خرداد98,122,1406,1155262756,816296,857110,801000,-15296,-1.87,821666,5370,0.66,775555,857110,1399-8-26
500,سهرمز,سيمان‌هرمزگان‌,121,262716,4094787710,15800,16000,15800,0,0.0,15780,-20,-0.13,15290,16100,1399-8-26
501,هفارس912,اختيارف ت فارس-14576-99/12/13,121,200162,276023398,1042,1379,1379,337,32.34,1379,337,32.34,1379,1379,1399-8-26
502,تسه9710,امتياز تسهيلات مسكن دي 97,120,1140,937039289,822030,781100,820000,-2030,-0.25,821964,-66,-0.01,781100,830000,1399-8-26
503,غنوش,نوش‌ مازندران‌,117,211290,13256334600,66040,62740,62740,-3300,-5.0,65030,-1010,-1.53,62740,62740,1399-8-26
504,تسه9711,امتياز تسهيلات مسكن بهمن 97,115,1394,1150088832,824684,785000,829980,5296,0.64,825028,344,0.04,785000,830000,1399-8-26
505,حبندر,دريايي و کشتيراني خط دريابندر,114,445867,11113680842,24200,24926,24926,726,3.0,24580,380,1.57,24926,24926,1399-8-26
506,بكاب,صنايع‌جوشكاب‌يزد,114,96893,21699187350,213290,223950,223950,10660,5.0,217320,4030,1.89,223950,223950,1399-8-26
507,دقاضي,داروسازي شهيد قاضي,110,63995,5484135767,87221,84605,84605,-2616,-3.0,86793,-428,-0.49,84605,89836,1399-8-26
508,اخزا815,اسنادخزانه-م15بودجه98-010406,110,156453,115019406229,734817,734834,734010,-807,-0.11,735169,352,0.05,734004,737000,1399-8-26
509,كاسپين,داروسازي كاسپين تامين,108,122766,2899230521,24359,24120,23556,-803,-3.3,24315,-44,-0.18,23143,24120,1399-8-26
510,تسه9712,امتياز تسهيلات مسكن اسفند97,106,1157,954057031,826177,788010,820000,-6177,-0.75,824596,-1581,-0.19,788010,829998,1399-8-26
511,ضترا1118,اختيارخ شتران-12000-1399/11/14,106,2284,4661099000,1191,1350,2200,1009,84.72,2041,850,71.37,1350,2300,1399-8-26
512,سفاسي,شركت فارسيت اهواز,102,430525,4418047550,10802,10262,10262,-540,-5.0,10673,-129,-1.19,10262,10262,1399-8-26
513,ضغدر1119,اختيارخ وغدير-10000-1399/11/26,101,3259,10260146000,2484,2501,3400,916,36.88,3148,664,26.73,1870,3400,1399-8-26
514,امين يكم2,صندوق درآمد ثابت امين يكم فردا,100,10000000,10000000,10257,1,1,-10256,-99.99,1,-10256,-99.99,1,1,1399-8-26
515,ثعتما,س. ساختماني اعتماد گستر,100,427651,14074422061,31953,32911,32911,958,3.0,32606,653,2.04,32911,32911,1399-8-26
516,تسه9802,امتياز تسهيلات مسكن ارديبهشت98,99,968,797563532,831872,790333,820000,-11872,-1.43,823929,-7943,-0.95,790333,835000,1399-8-26
517,تسه9811,امتياز تسهيلات مسكن بهمن98,97,585,480387298,818644,777717,812000,-6644,-0.81,821175,2531,0.31,777717,839600,1399-8-26
518,كفپارس,فرآورده‌هاي‌ نسوز پارس‌,97,255115,2273074650,9370,8910,8910,-460,-4.91,9350,-20,-0.21,8910,8910,1399-8-26
519,سبجنو,سيمان‌ بجنورد,96,167724,5126707900,30640,31000,30790,150,0.49,30630,-10,-0.03,30000,31000,1399-8-26
520,تسه9801,امتياز تسهيلات مسكن فروردين98,94,698,571869693,818502,783000,826990,8488,1.04,819298,796,0.1,783000,840000,1399-8-26
521,ثتران,سرمايه گذاري مسكن تهران,93,596708,2833766292,4998,4749,4749,-249,-4.98,4982,-16,-0.32,4749,4749,1399-8-26
522,اخزا808,اسنادخزانه-م8بودجه98-000817,93,76327,64775343649,844714,844600,844705,-9,0.0,848656,3942,0.47,844595,854999,1399-8-26
523,كاذر,فرآورده‌هاي‌نسوزآذر,92,634631,12038950070,19960,18970,18970,-990,-4.96,19700,-260,-1.3,18970,18970,1399-8-26
524,ضصاد1101,اختيارخ وبصادر-3000-1399/11/12,92,3169,1566782000,436,450,500,64,14.68,494,58,13.3,450,539,1399-8-26
525,كيان2,صندوق س. با درآمد ثابت كيان,90,9000000,9000000,25915,1,1,-25914,-100.0,1,-25914,-100.0,1,1,1399-8-26
526,سنوين,سرمايه گذاري اقتصاد نوين,90,1107094,9714019868,8871,8695,9048,177,2.0,8774,-97,-1.09,8694,9048,1399-8-26
527,بذر,صندوق س بذر اميد آفرين-سهام,90,45303,4559215580,100010,100300,100900,890,0.89,100640,630,0.63,99950,101970,1399-8-26
528,وكادو,تكادو,86,593926,9066874316,15738,15266,15266,-472,-3.0,15511,-227,-1.44,15266,15266,1399-8-26
529,تسه9809,امتياز تسهيلات مسكن آذر98,84,1360,1123938983,820550,782722,810005,-10545,-1.29,826426,5876,0.72,780101,861424,1399-8-26
530,ضپاس1003,اختيارخ وپارس-3500-1399/10/30,84,941,369935000,359,380,366,7,1.95,393,34,9.47,355,425,1399-8-26
531,ضسپا8017,اختيارخ خساپا-2200-1399/08/26,84,3294,625547000,107,125,222,115,107.48,190,83,77.57,125,222,1399-8-26
532,آساميد,صندوق س.مشترك آسمان اميد -د,83,3063344,33668372271,10985,10988,10989,4,0.04,10991,6,0.05,10987,10996,1399-8-26
533,وسيزد,شركت س استان يزد,83,1685737,2062471100,1280,1220,1220,-60,-4.69,1280,0,0.0,1220,1250,1399-8-26
534,كتوكا,توليدي و خدمات صنايع نسوز توكا,77,199811,23434233702,123454,117282,117282,-6172,-5.0,120337,-3117,-2.52,117282,117282,1399-8-26
535,بموتو,موتوژن‌,75,287561,12120696150,40150,42150,42150,2000,4.98,40600,450,1.12,42150,42150,1399-8-26
536,سغرب,سيمان‌غرب‌,73,272369,4812760230,18590,17670,17670,-920,-4.95,18490,-100,-0.54,17670,17670,1399-8-26
537,فاهواز,نورد و لوله اهواز,73,156017,3040615313,19886,19489,19489,-397,-2.0,19859,-27,-0.14,19489,19489,1399-8-26
538,ضسپا8016,اختيارخ خساپا-2000-1399/08/26,72,1348,518104000,293,201,400,107,36.52,384,91,31.06,221,444,1399-8-26
539,اخزا814,اسنادخزانه-م14بودجه98-010318,69,172736,129752714893,750497,750620,747510,-2987,-0.4,751162,665,0.09,740109,753998,1399-8-26
540,تسه9808,امتياز تسهيلات مسكن آبان98,69,872,717857586,819869,782722,828989,9120,1.11,823231,3362,0.41,782722,839886,1399-8-26
541,وملي,گروه‌ صنعتي‌ ملي‌ (هلدينگ‌,69,30394,10968586720,379870,360880,360880,-18990,-5.0,375460,-4410,-1.16,360880,360880,1399-8-26
542,الماس,صندوق س.امين تدبيرگران فردا-س,68,20300,2203477660,110017,115000,107250,-2767,-2.52,108546,-1471,-1.34,105000,115000,1399-8-26
543,ضپيك1019,اختيارخ تاپيكو-12000-99/10/16,67,1261,4974083000,4830,4000,3350,-1480,-30.64,3945,-885,-18.32,3350,4200,1399-8-26
544,اخزا809,اسنادخزانه-م9بودجه98-000923,67,114072,94303209960,826986,826985,826000,-986,-0.12,826699,-287,-0.03,825110,826999,1399-8-26
545,اخزا811,اسنادخزانه-م11بودجه98-001013,67,180183,148044493071,821202,820701,820000,-1202,-0.15,821634,432,0.05,813121,829989,1399-8-26
546,سكه0112پ03,سكه تمام بهارتحويلي1روزه سامان,66,11300,13742216700,1211236,1219300,1220112,8876,0.73,1216125,4889,0.4,1205000,1233000,1399-8-26
547,سپر,صندوق س سپر سرمايه بيدار- ثابت,66,253686,2607500220,10270,10280,10270,0,0.0,10278,8,0.08,10270,10280,1399-8-26
548,ضخود1043,اختيارخ خودرو-3500-1399/10/07,66,2387,1297039000,490,539,550,60,12.24,543,53,10.82,500,559,1399-8-26
549,اخزا902,اسنادخزانه-م2بودجه99-011019,65,102280,66853185630,653226,654000,655000,1774,0.27,653629,403,0.06,645599,656000,1399-8-26
550,هترول911,اختيارف ت پترول-14730-99/11/15,64,244424,246623816,911,1009,1009,98,10.76,1009,98,10.76,1009,1009,1399-8-26
551,غفارس,شير پاستوريزه پگاه فارس,63,251432,2226178928,9320,8854,8854,-466,-5.0,9297,-23,-0.25,8854,8854,1399-8-26
552,غمهرا,توليدي‌مهرام‌,61,13059,610785410,48920,46480,46520,-2400,-4.91,48890,-30,-0.06,46480,47920,1399-8-26
553,قاسم,قاسم ايران,60,184832,2290068480,13042,12390,12390,-652,-5.0,13010,-32,-0.25,12390,12390,1399-8-26
554,لسرما,سرما آفرين‌,60,70204,1953777320,29290,27830,27830,-1460,-4.98,29230,-60,-0.2,27830,27830,1399-8-26
555,قنيشا,قند  نيشابور,60,262928,20184982560,80810,76770,76770,-4040,-5.0,79040,-1770,-2.19,76770,76770,1399-8-26
556,ضخود1045,اختيارخ خودرو-4500-1399/10/07,58,2055,463156000,197,220,225,28,14.21,225,28,14.21,200,298,1399-8-26
557,ضخود1040,اختيارخ خودرو-2000-1399/10/07,57,907,1537303000,1455,1550,1700,245,16.84,1695,240,16.49,1550,1790,1399-8-26
558,لپيام,گسترش صنايع پيام,57,645870,18362084100,29926,28430,28430,-1496,-5.0,28437,-1489,-4.98,28430,28430,1399-8-26
559,ضچاد1014,اختيارخ كچاد-14000-1399/10/02,56,627,2045481000,2878,3100,3000,122,4.24,3262,384,13.34,3000,3499,1399-8-26
560,اخزا821,اسنادخزانه-م21بودجه98-020906,55,26683,15368790881,570149,570700,579900,9751,1.71,575977,5828,1.02,570001,579900,1399-8-26
561,ضخود1041,اختيارخ خودرو-2500-1399/10/07,55,1070,1322264000,1148,1200,1184,36,3.14,1236,88,7.67,1151,1300,1399-8-26
562,شاملا,معدني‌ املاح‌  ايران‌,55,43510,2669338500,64570,61350,61350,-3220,-4.99,64390,-180,-0.28,61350,61350,1399-8-26
563,جوين,كشت و صنعت جوين,54,352013,8007943737,21666,22749,22749,1083,5.0,22070,404,1.86,22749,22749,1399-8-26
564,گكيش,توريستي ورفاهي آبادگران كيش,54,50977,3214660597,66380,63061,63061,-3319,-5.0,65793,-587,-0.88,63061,63061,1399-8-26
565,اخزا818,اسنادخزانه-م18بودجه98-010614,53,77153,54596825651,706740,706400,708000,1260,0.18,707644,904,0.13,706396,716000,1399-8-26
566,زعف9908پ05,زعفران9908نگين زرين(پ),53,12912,1052244774,83843,74174,81980,-1863,-2.22,81494,-2349,-2.8,74174,81980,1399-8-26
567,وسقم,شركت س استان قم,52,1994568,2672721120,1410,1340,1340,-70,-4.96,1410,0,0.0,1340,1340,1399-8-26
568,وارس,سرمايه گذاري ارس صبا,52,94993,7430827425,74500,78225,78225,3725,5.0,75782,1282,1.72,78225,78225,1399-8-26
569,غشوكو,شوكو پارس,52,109314,4714166250,45394,43125,43125,-2269,-5.0,44831,-563,-1.24,43125,43125,1399-8-26
570,فلوله,لوله‌وماشين‌سازي‌ايران‌,51,199330,3976633500,20990,19950,19950,-1040,-4.95,20900,-90,-0.43,19950,19950,1399-8-26
571,غگلستا,شير پاستوريزه پگاه گلستان,51,119910,1614108510,14169,13461,13461,-708,-5.0,14144,-25,-0.18,13461,13461,1399-8-26
572,تسه9806,امتياز تسهيلات مسكن شهريور98,51,735,603239840,821407,830000,839378,17971,2.19,820734,-673,-0.08,790000,839378,1399-8-26
573,كصدف,كاشي صدف سرام استقلال آباده,50,335502,6229601136,18028,18568,18568,540,3.0,18193,165,0.92,18568,18568,1399-8-26
574,خكاوه,سايپا ديزل,50,353388,1894866456,5527,5362,5362,-165,-2.99,5510,-17,-0.31,5362,5362,1399-8-26
575,آكورد2,صندوق س. آرمان آتي كوثر-د,50,5000000,5000000,29354,1,1,-29353,-100.0,1,-29353,-100.0,1,1,1399-8-26
576,ضملي1148,اختيارخ فملي-10140-1399/11/05,49,328,1905487000,4961,5000,5999,1038,20.92,5809,848,17.09,5000,6150,1399-8-26
577,ضغدر8038,اختيارخ وغدير-11000-1399/08/26,48,554,83159000,117,160,270,153,130.77,150,33,28.21,100,270,1399-8-26
578,تسه9807,امتياز تسهيلات مسكن مهر98,47,343,282536221,816459,810000,820000,3541,0.43,823721,7262,0.89,776500,849990,1399-8-26
579,سدشت,صنايع سيمان دشتستان,46,22432,829792750,38210,38480,36800,-1410,-3.69,38190,-20,-0.05,36500,38480,1399-8-26
580,شكبير,پتروشيمي اميركبير,45,14887,831897400,57577,55850,55850,-1727,-3.0,57559,-18,-0.03,55850,56900,1399-8-26
581,صنوين,صندوق سرمايه‌گذاري صنوين-مختلط,45,16101,1599167120,99500,99000,99890,390,0.39,99320,-180,-0.18,99000,101000,1399-8-26
582,كهرام,توليدي گرانيت بهسرام,44,40600,2505913200,59925,61722,61722,1797,3.0,60139,214,0.36,61722,61722,1399-8-26
583,افران,صندوق س افرا نماد پايدار-ثابت,44,711300,8547229256,11973,12015,11973,0,0.0,12016,43,0.36,11973,12025,1399-8-26
584,اخزا904,اسنادخزانه-م4بودجه99-011215,43,177841,113785832056,635029,633333,639997,4968,0.78,639818,4789,0.75,633333,640000,1399-8-26
585,آسام,صندوق س.آرمان سپهر آشنا-م,43,22500,2180246300,96650,96800,97700,1050,1.09,96900,250,0.26,96004,97930,1399-8-26
586,اخزا817,اسنادخزانه-م17بودجه98-010512,43,83379,59943069983,717964,717985,718000,36,0.01,718923,959,0.13,714655,720000,1399-8-26
587,اوصتا,صندوق انديشه ورزان صباتامين -د,42,493872,8440812304,17030,17025,17030,0,0.0,17091,61,0.36,17025,17250,1399-8-26
588,سكارون,سيمان كارون,42,111735,13374232560,123397,119696,119696,-3701,-3.0,120741,-2656,-2.15,119696,119696,1399-8-26
589,وملت,سرمايه گذاري ملت,42,1025171,5022312729,4998,4899,4899,-99,-1.98,4945,-53,-1.06,4899,4899,1399-8-26
590,اخزا810,اسنادخزانه-م10بودجه98-001006,41,95186,78804756902,828096,827500,827200,-896,-0.11,827903,-193,-0.02,827200,868608,1399-8-26
591,اخزا903,اسنادخزانه-م3بودجه99-011110,40,74825,48715317768,646370,646000,650000,3630,0.56,651057,4687,0.73,646000,655000,1399-8-26
592,دشيري,شيرين دارو,39,17703,2890722628,168253,163900,163206,-5047,-3.0,167486,-767,-0.46,163206,167872,1399-8-26
593,وسين,بيمه سينا,39,79785,1474107660,19448,18476,18476,-972,-5.0,19372,-76,-0.39,18476,18476,1399-8-26
594,اخزا813,اسنادخزانه-م13بودجه98-010219,38,49969,38253429284,761241,770000,761000,-241,-0.03,765543,4302,0.57,761000,770000,1399-8-26
595,تصميم,صندوق س با درآمد ثابت تصميم,38,391861,5834526240,14852,14880,14900,48,0.32,14889,37,0.25,14870,14920,1399-8-26
596,ضخود1048,اختيارخ خودرو-7000-1399/10/07,38,1129,75251000,67,68,67,0,0.0,67,0,0.0,61,73,1399-8-26
597,ضسپا1102,اختيارخ خساپا-2000-1399/11/26,38,1813,1814330000,773,800,1040,267,34.54,1001,228,29.5,800,1040,1399-8-26
598,اخزا816,اسنادخزانه-م16بودجه98-010503,37,82236,59647111551,725417,725410,724500,-917,-0.13,725316,-101,-0.01,722001,726480,1399-8-26
599,دكپسول,توليد ژلاتين كپسول ايران,36,25466,815268524,33698,32014,32014,-1684,-5.0,33667,-31,-0.09,32014,32014,1399-8-26
600,تسه9805,امتياز تسهيلات مسكن مرداد98,36,599,492661589,801374,770222,825000,23626,2.95,822473,21099,2.63,770222,839990,1399-8-26
601,ضخود1046,اختيارخ خودرو-5000-1399/10/07,35,1169,192059000,171,170,156,-15,-8.77,164,-7,-4.09,150,190,1399-8-26
602,نطرين,عطرين نخ قم,35,256688,3840052480,15747,14960,14960,-787,-5.0,15683,-64,-0.41,14960,14960,1399-8-26
603,شكف,كف,35,133790,9967756370,77607,74503,74503,-3104,-4.0,74503,-3104,-4.0,74503,74503,1399-8-26
604,زعف9908پ16,زعفران9908نگين بيرجند(پ),35,7333,559500228,78422,74174,78502,80,0.1,76299,-2123,-2.71,74174,80000,1399-8-26
605,كپشير,پشم‌شيشه‌ايران‌,34,73223,1184748140,17030,16180,16180,-850,-4.99,17010,-20,-0.12,16180,16180,1399-8-26
606,تسه9804,امتياز تسهيلات مسكن تير98,34,276,229866049,818031,780000,855000,36969,4.52,832848,14817,1.81,780000,855000,1399-8-26
607,ساذريح,ح . آذريت‌,34,156731,857239995,5311,5420,5470,159,2.99,5469,158,2.97,5420,5470,1399-8-26
608,ضسپا1103,اختيارخ خساپا-2500-1399/11/26,33,930,559943000,520,350,625,105,20.19,602,82,15.77,350,640,1399-8-26
609,ضپيك1020,اختيارخ تاپيكو-14000-99/10/16,33,334,799902000,4280,3500,2390,-1890,-44.16,2395,-1885,-44.04,2100,3500,1399-8-26
610,وليز,ليزينگ‌ايران‌,33,124681,1038592730,8760,8330,8330,-430,-4.91,8750,-10,-0.11,8330,8330,1399-8-26
611,تبرك,گروه كارخانجات صنعتي تبرك,33,103857,2708382846,27450,26078,26078,-1372,-5.0,27371,-79,-0.29,26078,26078,1399-8-26
612,تاپكيشح,ح.تجارت الكترونيك پارسيان كيش,33,140422,1265061798,9483,9009,9009,-474,-5.0,9009,-474,-5.0,9009,9009,1399-8-26
613,كايتاح,ح.ايتالران‌,32,212860,2788021524,13498,13094,13094,-404,-2.99,13098,-400,-2.96,13094,13100,1399-8-26
614,وتوس,توسعه‌شهري‌توس‌گستر,32,28550,876199500,32300,30690,30690,-1610,-4.98,32270,-30,-0.09,30690,30690,1399-8-26
615,زعف9908پ11,زعفران9908نگين سحرخيز(پ),31,2212,175963955,85185,74174,81010,-4175,-4.9,79550,-5635,-6.62,74174,81980,1399-8-26
616,ضغدر8037,اختيارخ وغدير-10000-1399/08/26,30,256,259847000,637,501,980,343,53.85,1015,378,59.34,500,1100,1399-8-26
617,ضغدر8036,اختيارخ وغدير-9500-1399/08/26,29,245,365935000,940,1100,1599,659,70.11,1494,554,58.94,1100,1650,1399-8-26
618,اخزا806,اسنادخزانه-م6بودجه98-000519,29,43807,38609194103,879092,878646,878687,-405,-0.05,881348,2256,0.26,878646,885000,1399-8-26
619,ثقزوي,شركت عمران و سازندگي قزوين,28,21437,610847315,29376,28495,28495,-881,-3.0,29348,-28,-0.1,28495,28495,1399-8-26
620,ضشنا1035,اختيارخ شپنا-14000-1399/10/23,28,580,1717452000,2450,2600,2750,300,12.24,2961,511,20.86,2401,3000,1399-8-26
621,ضملي1153,اختيارخ فملي-20280-1399/11/05,27,326,120188000,328,395,374,46,14.02,369,41,12.5,351,395,1399-8-26
622,شساخت,مهندسي و ساختمان صنايع نفت,27,62332,2427395076,40147,38943,38943,-1204,-3.0,40073,-74,-0.18,38943,38943,1399-8-26
623,اخزا804,اسنادخزانه-م4بودجه98-000421,27,51287,45656543832,892422,892422,892400,-22,0.0,890217,-2205,-0.25,875132,892800,1399-8-26
624,سخند,صندوق س.سپهرخبرگان نفت-د,27,130030,1303836320,10040,10050,10045,5,0.05,10027,-13,-0.13,10020,10050,1399-8-26
625,لكما,كارخانجات‌مخابراتي‌ايران‌,26,83945,847256885,10624,10093,10093,-531,-5.0,10600,-24,-0.23,10093,10093,1399-8-26
626,پست9908-02,پسته فندقي32-30طلاسبززرند9908,26,332,428745803,1261300,1200005,1324365,63065,5.0,1291403,30103,2.39,1200005,1324365,1399-8-26
627,تكمبا,كمباين‌ سازي‌ ايران‌,26,32654,307600680,9910,9420,9420,-490,-4.94,9910,0,0.0,9420,9420,1399-8-26
628,ثزاگرس,سرمايه گذاري توسعه عمران زاگرس,25,209981,9192128256,45129,43776,43776,-1353,-3.0,44479,-650,-1.44,43776,43776,1399-8-26
629,وايران,ليزينگ ايرانيان,25,113692,1045966400,9680,9200,9200,-480,-4.96,9670,-10,-0.1,9200,9200,1399-8-26
630,تكنار,مجتمع معادن مس تكنار,25,104797,9703049433,95452,92589,92589,-2863,-3.0,93986,-1466,-1.54,92589,92589,1399-8-26
631,كفرآور,فرآورده هاي سيمان شرق,25,78287,1576778467,20763,20141,20141,-622,-3.0,20712,-51,-0.25,20141,20141,1399-8-26
632,فنرژي,گسترش صنايع انرژي آذرآب,25,130060,1361598140,10905,10469,10469,-436,-4.0,10843,-62,-0.57,10469,10469,1399-8-26
633,غشاذر,پگاه‌آذربايجان‌غربي‌,24,67646,1288656300,20050,19050,19050,-1000,-4.99,20020,-30,-0.15,19050,19050,1399-8-26
634,ضغدر8030,اختيارخ وغدير-6510-1399/08/26,24,259,1178314000,3995,4100,4590,595,14.89,4549,554,13.87,4100,4600,1399-8-26
635,ساربيل,سيمان آرتا اردبيل,23,53417,3261107850,64260,61050,61050,-3210,-5.0,64040,-220,-0.34,61050,61050,1399-8-26
636,اخزا820,اسنادخزانه-م20بودجه98-020806,23,90284,52195577696,577881,577000,578011,130,0.02,578127,246,0.04,577000,580000,1399-8-26
637,ضفار1122,اختيارخ فارس-11826-1399/11/07,23,434,2202432000,2937,3000,2100,-837,-28.5,2537,-400,-13.62,2000,3000,1399-8-26
638,اخزا704,اسنادخزانه-م4بودجه97-991022,22,5560,5409995005,973056,974900,974000,944,0.1,973021,-35,0.0,972925,974990,1399-8-26
639,ثروتم,صندوق س. ثروت آفرين پارسيان-س,22,7000,629329860,90507,89000,90501,-6,-0.01,89904,-603,-0.67,89000,90501,1399-8-26
640,ضفلا8082,اختيارخ فولاد-13775-1399/08/28,22,358,26020000,64,20,90,26,40.63,73,9,14.06,20,99,1399-8-26
641,زعف9908پ06,زعفران 9908پوشالمعمول زرين(پ),22,8616,611245371,71556,69100,70500,-1056,-1.48,70943,-613,-0.86,69100,74400,1399-8-26
642,ساروج,بين المللي ساروج بوشهر,22,551318,10095183898,18877,18311,18311,-566,-3.0,18571,-306,-1.62,18311,18311,1399-8-26
643,اخزا720,اسنادخزانه-م20بودجه97-000324,22,51359,47837860381,901910,906000,935000,33090,3.67,931441,29531,3.27,906000,947005,1399-8-26
644,ضچاد1016,اختيارخ كچاد-18000-1399/10/02,21,197,255580000,1001,1300,1298,297,29.67,1297,296,29.57,1255,1300,1399-8-26
645,ثنور,سرمايه گذاري كوه نور,21,133518,959860902,7411,7189,7189,-222,-3.0,7400,-11,-0.15,7189,7189,1399-8-26
646,زر2,صندوق س.پشتوانه سكه طلاي زر,20,2000000,2000000,51989,1,1,-51988,-100.0,1,-51988,-100.0,1,1,1399-8-26
647,ضچاد1015,اختيارخ كچاد-16000-1399/10/02,20,318,690800000,1959,2350,1999,40,2.04,2172,213,10.87,1999,2500,1399-8-26
648,تابا,تابان نيرو سپاهان,20,14974,497930422,34281,33253,33253,-1028,-3.0,34255,-26,-0.08,33253,33253,1399-8-26
649,تماوند,تامين سرمايه دماوند,20,80682,1094370648,13983,13564,13564,-419,-3.0,13959,-24,-0.17,13564,13564,1399-8-26
650,آرمان,بيمه آرمان,20,1062492,8369249484,7648,7877,7877,229,2.99,7736,88,1.15,7877,7877,1399-8-26
651,ضفلا1155,اختيارخ فولاد-14000-1399/11/28,20,698,1197375000,1700,1989,1700,0,0.0,1715,15,0.88,1550,2400,1399-8-26
652,ضفلا8068,اختيارخ فولاد-4751-1399/08/28,20,137,1722642360,7294,7600,8000,706,9.68,7820,526,7.21,7500,8000,1399-8-26
653,شفارا,پتروشيمي فارابي,19,81285,409595115,5304,5039,5039,-265,-5.0,5298,-6,-0.11,5039,5039,1399-8-26
654,اخزا812,اسنادخزانه-م12بودجه98-001111,19,31380,25313699976,807650,806987,806000,-1650,-0.2,806683,-967,-0.12,806000,806987,1399-8-26
655,كابگن,توليدي و صنعتي آبگينه‌,19,115718,564823134,4834,4882,4882,48,0.99,4839,5,0.1,4788,4882,1399-8-26
656,زعف9908پ15,زعفران9908پوشالمعمول طلاسرخ(پ),19,2902,200182862,71050,68981,68981,-2069,-2.91,68981,-2069,-2.91,68981,68981,1399-8-26
657,زنگان,صنعت روي زنگان,19,83845,12321525820,154690,146956,146956,-7734,-5.0,152604,-2086,-1.35,146956,146956,1399-8-26
658,اطلس2,صندوق س.توسعه اندوخته آينده-س,18,180000,180000,179211,1,1,-179210,-100.0,1,-179210,-100.0,1,1,1399-8-26
659,هبركت912,اختيارف ت بركت-22100-99/12/17,18,83998,542711078,6667,6461,6461,-206,-3.09,6461,-206,-3.09,6461,6461,1399-8-26
660,ضترا1117,اختيارخ شتران-10000-1399/11/14,18,81,246633000,2599,2830,3100,501,19.28,3045,446,17.16,2830,3170,1399-8-26
661,بزاگرس,نيروگاه زاگرس كوثر,18,25420,347338880,14383,13664,13664,-719,-5.0,14378,-5,-0.03,13664,13664,1399-8-26
662,ضفلا8080,اختيارخ فولاد-11775-1399/08/28,18,122,98958000,885,100,1000,115,12.99,811,-74,-8.36,100,1300,1399-8-26
663,اخزا723,اسنادخزانه-م23بودجه97-000824,17,81268,69444312955,838210,838210,855000,16790,2.0,854510,16300,1.94,838208,855000,1399-8-26
664,پست9908-04,پسته فندقي32-30سبزدانه9908,17,155,202420119,1231914,1200001,1270001,38087,3.09,1305936,74022,6.01,1200001,1324365,1399-8-26
665,زعف9908پ08,زعفران9908نگين روستا(پ),17,1483,120878250,85312,81980,81980,-3332,-3.91,81509,-3803,-4.46,77500,81980,1399-8-26
666,ثپرديس,سرمايه گذاري مسكن پرديس,17,27222,295848696,11440,10868,10868,-572,-5.0,11436,-4,-0.03,10868,10868,1399-8-26
667,ضغدر8035,اختيارخ وغدير-9000-1399/08/26,17,80,159348000,1595,1001,2100,505,31.66,1992,397,24.89,1001,2100,1399-8-26
668,زعف9908پ14,زعفران9908پوشالمعمول نوين(پ),16,1317,91615230,72611,68981,68981,-3630,-5.0,69564,-3047,-4.2,68981,76000,1399-8-26
669,لخزر,پارس‌ خزر,16,1550,311658500,211650,201070,201070,-10580,-5.0,211580,-70,-0.03,201070,201070,1399-8-26
670,زعف9908پ09,زعفران9908نگين نوين(پ),16,1149,90938508,84437,74174,81980,-2457,-2.91,79146,-5291,-6.27,74174,81980,1399-8-26
671,خلنت,لنت‌ ترمزايران‌,16,2711,223874380,86920,82580,82580,-4340,-4.99,86900,-20,-0.02,82580,82580,1399-8-26
672,نگين,ص.س. زمين و ساختمان نگين شهرري,16,91829,4523378820,49280,49250,49250,-30,-0.06,49260,-20,-0.04,49250,50000,1399-8-26
673,خعمرا,توسعه و عمران شهرستان نائين,16,22106,367246978,16130,16613,16613,483,2.99,16139,9,0.06,16613,16613,1399-8-26
674,اخزا807,اسنادخزانه-م7بودجه98-000719,16,18463,15891994716,859463,856846,869990,10527,1.22,860748,1285,0.15,856845,869990,1399-8-26
675,خپويش,سازه‌ پويش‌,15,66574,2515831460,39770,37790,37790,-1980,-4.98,39660,-110,-0.28,37790,37790,1399-8-26
676,ضملت1127,اختيارخ وبملت-5000-1399/11/28,15,372,281580000,603,700,800,197,32.67,757,154,25.54,700,800,1399-8-26
677,دارا2,صندوق س. دارا الگوريتم-د,15,1500000,1500000,10091,1,1,-10090,-99.99,1,-10090,-99.99,1,1,1399-8-26
678,سايرا,ايرانيت‌,15,40112,1448219523,36245,35583,36482,237,0.65,36225,-20,-0.06,35581,36482,1399-8-26
679,ضسپا8015,اختيارخ خساپا-1900-1399/08/26,15,448,214620000,355,450,500,145,40.85,479,124,34.93,450,525,1399-8-26
680,بسويچ,پارس‌سويچ‌,14,4583,186115630,42740,40610,40610,-2130,-4.98,42730,-10,-0.02,40610,40610,1399-8-26
681,سمايه,بانك سرمايه,14,35483,326869396,9496,9212,9212,-284,-2.99,9491,-5,-0.05,9212,9212,1399-8-26
682,ضغدر8034,اختيارخ وغدير-8500-1399/08/26,14,332,833383000,1826,2100,2502,676,37.02,2510,684,37.46,2100,2749,1399-8-26
683,ضغدر1120,اختيارخ وغدير-12000-1399/11/26,14,337,677997000,1950,2000,1900,-50,-2.56,2012,62,3.18,1900,2200,1399-8-26
684,چكاوه,صنايع‌كاغذسازي‌كاوه‌,14,28449,1003111740,37110,35260,35260,-1850,-4.99,37070,-40,-0.11,35260,35260,1399-8-26
685,سرو2,صندوق س سروسودمند مدبران-سهام,14,1400000,1400000,59270,1,1,-59269,-100.0,1,-59269,-100.0,1,1,1399-8-26
686,وحكمت,بيمه حكمت صبا,14,22624,126128800,5868,5575,5575,-293,-4.99,5866,-2,-0.03,5575,5575,1399-8-26
687,ضفلا8076,اختيارخ فولاد-8775-1399/08/28,13,178,693595000,3567,3999,3900,333,9.34,3897,330,9.25,3800,4000,1399-8-26
688,ثشرق,سرمايه گذاري مسكن شمال شرق,13,251374,1284521140,5370,5110,5110,-260,-4.84,5360,-10,-0.19,5110,5110,1399-8-26
689,ضشنا1036,اختيارخ شپنا-16000-1399/10/23,13,235,492960000,2000,1900,2001,1,0.05,2098,98,4.9,1900,2300,1399-8-26
690,ضفار1126,اختيارخ فارس-19826-1399/11/07,13,49,33528000,294,498,320,26,8.84,342,48,16.33,320,350,1399-8-26
691,كمينا,شيشه سازي مينا,13,5650,159759400,29150,28276,28276,-874,-3.0,29143,-7,-0.02,28276,28276,1399-8-26
692,ضسپا8007,اختيارخ خساپا-1100-1399/08/26,13,158,212746000,1158,1340,1300,142,12.26,1346,188,16.23,1300,1400,1399-8-26
693,خفناور,مهندسي صنعتي روان فن آور,13,7534,180959146,24761,24019,24019,-742,-3.0,24754,-7,-0.03,24019,24019,1399-8-26
694,ضملي1149,اختيارخ فملي-12168-1399/11/05,13,175,692760000,2641,3250,4000,1359,51.46,3959,1318,49.91,3250,4000,1399-8-26
695,ضفلا8085,اختيارخ فولاد-16775-1399/08/28,12,232,232000,1,1,1,0,0.0,1,0,0.0,1,1,1399-8-26
696,پلاسك,پلاسكوكار,12,28044,231643440,8690,8260,8260,-430,-4.95,8690,0,0.0,8260,8260,1399-8-26
697,فنوال,نورد آلومينيوم‌,12,6553,219328910,35230,33470,33470,-1760,-5.0,35220,-10,-0.03,33470,33470,1399-8-26
698,حاريا,كشتيراني آريا,12,22658,683818440,31768,30180,30180,-1588,-5.0,31711,-57,-0.18,30180,30180,1399-8-26
699,هغدير912,اختيارف ت غدير-17380-99/12/16,12,134,764068,6184,5702,5702,-482,-7.79,5702,-482,-7.79,5702,5702,1399-8-26
700,فافزا,فولاد افزا سپاهان,12,101358,4758859458,48403,46951,46951,-1452,-3.0,48044,-359,-0.74,46951,46951,1399-8-26
701,تملي705,تسهيلات مسكن ب. ملي-مرداد97,12,512,533651184,997293,1047157,947429,-49864,-5.0,1042287,44994,4.51,947429,1047157,1399-8-26
702,فبيرا,بسته‌ بندي‌ ايران‌,12,107281,514734238,5050,4798,4798,-252,-4.99,5043,-7,-0.14,4798,4798,1399-8-26
703,ولتجار,واسپاري تجارت وسرمايه ايرانيان,12,17495,101278555,5968,5789,5789,-179,-3.0,5967,-1,-0.02,5789,5789,1399-8-26
704,دروز,داروسازي‌ روزدارو,12,15273,257044590,17710,16830,16830,-880,-4.97,17710,0,0.0,16830,16830,1399-8-26
705,غپونه,نوش پونه مشهد,11,13516,210592796,16062,15581,15581,-481,-2.99,16057,-5,-0.03,15581,15581,1399-8-26
706,دلقما,دارويي‌ لقمان‌,11,11594,349327220,31710,30130,30130,-1580,-4.98,31700,-10,-0.03,30130,30130,1399-8-26
707,حرهشا,رهشاد سپاهان (سهامي عام,11,2696,162574192,62166,60302,60302,-1864,-3.0,62150,-16,-0.03,60302,60302,1399-8-26
708,ضفلا1154,اختيارخ فولاد-12000-1399/11/28,11,182,627199000,2709,3250,3500,791,29.2,3446,737,27.21,3000,3600,1399-8-26
709,خكمك,كمك‌فنرايندامين‌,11,201310,10441949700,54600,51870,51870,-2730,-5.0,54000,-600,-1.1,51870,51870,1399-8-26
710,فولاي,صنايع فولاد آلياژي يزد,11,3813,186920886,51602,49022,49022,-2580,-5.0,51592,-10,-0.02,49022,49022,1399-8-26
711,صگل1411,ص اجاره گل گهر 1411-3 ماهه 17%,11,72006,70882793940,985012,984400,998990,13978,1.42,984401,-611,-0.06,984400,998990,1399-8-26
712,ثنظام,س. ساختماني نظام مهندسي ايران,11,13386,557178864,43814,41624,41624,-2190,-5.0,43750,-64,-0.15,41624,41624,1399-8-26
713,زعف9908پ12,زعفران9908پوشالمعمول سحرخيز(پ),11,1326,91468806,71299,68981,68981,-2318,-3.25,68981,-2318,-3.25,68981,68981,1399-8-26
714,ضخود1047,اختيارخ خودرو-6000-1399/10/07,11,284,42584000,94,179,139,45,47.87,150,56,59.57,130,180,1399-8-26
715,وسكهبو,س.عدالت ا. كهگيلويه وبويراحمد,11,73652,79544160,1130,1080,1080,-50,-4.42,1130,0,0.0,1080,1080,1399-8-26
716,داريك,صندوق س.اعتماد داريك-د,10,12970,130008820,10088,10007,10048,-40,-0.4,10024,-64,-0.63,10001,10050,1399-8-26
717,گنجين,صندوق س. گنجينه يكم آويد-د,10,62372,725931218,11632,11638,11650,18,0.15,11639,7,0.06,11638,11655,1399-8-26
718,كقزوي,شيشه‌ قزوين‌,10,35179,315309377,9240,8963,8963,-277,-3.0,9235,-5,-0.05,8963,8963,1399-8-26
719,اخزا721,اسنادخزانه-م21بودجه97-000728,10,29491,25283057168,856917,858000,855842,-1075,-0.13,857314,397,0.05,855842,864000,1399-8-26
720,كيسون,شركت كيسون,10,16419,298201878,18723,18162,18162,-561,-3.0,18718,-5,-0.03,18162,18162,1399-8-26
721,ضفلا8060,اختيارخ فولاد-3507-1399/08/28,10,28,383580360,8326,8000,9100,774,9.3,8519,193,2.32,8000,9500,1399-8-26
722,ضغدر8044,اختيارخ وغدير-17000-1399/08/26,10,424,424000,2,1,1,-1,-50.0,1,-1,-50.0,1,1,1399-8-26
723,ضفلا8086,اختيارخ فولاد-17775-1399/08/28,10,174,176000,2,2,1,-1,-50.0,1,-1,-50.0,1,2,1399-8-26
724,خفنر,فنرسازي‌خاور,10,16343,303652940,19550,18580,18580,-970,-4.96,19540,-10,-0.05,18580,18580,1399-8-26
725,ميهن,بيمه ميهن,10,59949,296807499,5211,4951,4951,-260,-4.99,5209,-2,-0.04,4951,4951,1399-8-26
726,سپرمي,پرميت‌,10,6660,54793072,8292,8374,8210,-82,-0.99,8291,-1,-0.01,8210,8374,1399-8-26
727,چافست,افست‌,9,6053,151990830,26430,25110,25110,-1320,-4.99,26430,0,0.0,25110,25110,1399-8-26
728,غاذر,كشت‌وصنعت‌پياذر,9,5970,437899500,77210,73350,73350,-3860,-5.0,77170,-40,-0.05,73350,73350,1399-8-26
729,ضبدر1158,اختيارخ شبندر-24000-1399/11/19,9,86,441410000,3899,4000,4500,601,15.41,5133,1234,31.65,4000,6000,1399-8-26
730,ضملي1152,اختيارخ فملي-18252-1399/11/05,9,205,151200000,704,700,770,66,9.38,738,34,4.83,700,790,1399-8-26
731,كشم0001پ01,كشمش سبز0001خليل آباد(پ),9,80,31495800,384498,403000,402800,18302,4.76,393697,9199,2.39,386000,403000,1399-8-26
732,ضفلا8079,اختيارخ فولاد-10775-1399/08/28,9,74,121100000,1395,1000,1800,405,29.03,1636,241,17.28,1000,1800,1399-8-26
733,فسا,پتروشيمي فسا,9,47292,138943896,3028,2938,2938,-90,-2.97,3027,-1,-0.03,2938,2938,1399-8-26
734,ضغدر8041,اختيارخ وغدير-14000-1399/08/26,9,274,131913000,26,1,48,22,84.62,481,455,1750.0,1,1300,1399-8-26
735,افرا,افرانت,9,61122,3064657080,52778,50140,50140,-2638,-5.0,52599,-179,-0.34,50140,50140,1399-8-26
736,ضگل1142,اختيارخ كگل-16000-1399/11/21,8,166,510668000,2778,2700,3009,231,8.32,3076,298,10.73,2700,3150,1399-8-26
737,ضپنا1021,اختيارخ رمپنا-16106-1399/10/09,8,55,242306410,2791,2722,3000,209,7.49,2975,184,6.59,2722,3000,1399-8-26
738,خكار,ايركا پارت صنعت,8,4256,129467520,32020,30420,30420,-1600,-5.0,32020,0,0.0,30420,30420,1399-8-26
739,سنير,سيمان‌ سفيد ني‌ريز,8,9071,705542380,81870,77780,77780,-4090,-5.0,81810,-60,-0.07,77780,77780,1399-8-26
740,آينده,بازرگاني آينده سازان بهشت پارس,8,24278,523360846,22691,21557,21557,-1134,-5.0,22660,-31,-0.14,21557,21557,1399-8-26
741,ضمخا7070,اختيارخ اخابر-20000-1400/07/28,8,21,31647000,1500,1500,1510,10,0.67,1507,7,0.47,1450,1640,1399-8-26
742,ضپيك1021,اختيارخ تاپيكو-16000-99/10/16,8,110,238000000,3268,2500,2300,-968,-29.62,2164,-1104,-33.78,2000,2500,1399-8-26
743,ضغدر8033,اختيارخ وغدير-8010-1399/08/26,7,110,327782000,2518,2790,3002,484,19.22,2980,462,18.35,2790,3197,1399-8-26
744,قمرو,قند مرودشت‌,7,3444,113755320,34760,33030,33030,-1730,-4.98,34760,0,0.0,33030,33030,1399-8-26
745,خنصير,مهندسي‌نصيرماشين‌,7,8378,389158100,48890,46450,46450,-2440,-4.99,48870,-20,-0.04,46450,46450,1399-8-26
746,ضسپا1100,اختيارخ خساپا-1600-1399/11/26,7,184,221400000,1027,1200,1190,163,15.87,1203,176,17.14,1190,1240,1399-8-26
747,ضپار1116,اختيارخ خپارس-6000-1399/11/19,7,29,63294000,1962,2000,2500,538,27.42,2183,221,11.26,2000,2500,1399-8-26
748,حپترو,حمل و نقل پتروشيمي( سهامي عام,7,2369,69080040,30690,29160,29160,-1530,-4.99,30690,0,0.0,29160,29160,1399-8-26
749,پست9908-08,پسته فندقي32-30زرينمه ولات9908,7,56,67200128,1226987,1200001,1200005,-26982,-2.2,1200002,-26985,-2.2,1200000,1200006,1399-8-26
750,تملي801,تسهيلات مسكن ب. ملي-فروردين98,7,105,104835465,950889,998433,998433,47544,5.0,998433,47544,5.0,998433,998433,1399-8-26
751,كرونا2,تامين مالي جمعي صرفا اهداي سود,7,845,8450000,10000,10000,10000,0,0.0,10000,0,0.0,10000,10000,1399-8-26
752,صمسكن912,ص دين مسكن جنوب-ماهانه16درصد,7,2181,180453649,82518,82929,82929,411,0.5,82739,221,0.27,82100,82929,1399-8-26
753,ضمخا7066,اختيارخ اخابر-12000-1400/07/28,6,29,121300000,3355,3200,4100,745,22.21,4183,828,24.68,3200,5150,1399-8-26
754,ضپاس1000,اختيارخ وپارس-2000-1399/10/30,6,17,22750000,1206,1450,1400,194,16.09,1338,132,10.95,1300,1450,1399-8-26
755,سيلام,سيمان‌ ايلام‌,6,11350,114181000,10580,10060,10060,-520,-4.91,10580,0,0.0,10060,10060,1399-8-26
756,ضسپا8020,اختيارخ خساپا-2800-1399/08/26,6,187,187000,2,1,1,-1,-50.0,1,-1,-50.0,1,1,1399-8-26
757,وپسا,س. پتروشيمي ساختمان  خليج فارس,6,11778,57370638,5127,4871,4871,-256,-4.99,5126,-1,-0.02,4871,4871,1399-8-26
758,وآتوس,س.آرين توسكا قيمت اسمي 350ريال,6,3040,106117280,35986,34907,34907,-1079,-3.0,35980,-6,-0.02,34907,34907,1399-8-26
759,اخزا819,اسنادخزانه-م19بودجه98-020322,6,1686,1096930146,619630,650611,650611,30981,5.0,650611,30981,5.0,650611,650611,1399-8-26
760,وسخراج,شركت س استان خراسان جنوبي,6,18531,39656340,2250,2140,2140,-110,-4.89,2250,0,0.0,2140,2140,1399-8-26
761,ضغدر8039,اختيارخ وغدير-12000-1399/08/26,6,102,306000,2,1,1,-1,-50.0,3,1,50.0,1,5,1399-8-26
762,تپمپي,پمپ‌ سازي‌ ايران‌,6,1868,66388720,37410,35540,35540,-1870,-5.0,37410,0,0.0,35540,35540,1399-8-26
763,نمرينو,ايران‌ مرينوس‌,6,4570,246323000,56730,53900,53900,-2830,-4.99,56720,-10,-0.02,53900,53900,1399-8-26
764,ضغدر8043,اختيارخ وغدير-16000-1399/08/26,5,114,114000,1,1,1,0,0.0,1,0,0.0,1,1,1399-8-26
765,ضملت8025,اختيارخ وبملت-3616-1399/08/28,5,37,131451904,801,1100,1111,310,38.7,858,57,7.12,800,1111,1399-8-26
766,اخزا805,اسنادخزانه-م5بودجه98-000422,5,27149,24394662732,892476,895000,892400,-76,-0.01,898547,6071,0.68,874211,900000,1399-8-26
767,خچرخش,چرخشگر,5,5694,103459980,19120,18170,18170,-950,-4.97,19120,0,0.0,18170,18170,1399-8-26
768,وساربيل,شركت س استان اردبيل,5,34164,41680080,1280,1220,1220,-60,-4.69,1280,0,0.0,1220,1220,1399-8-26
769,فبستم,صنايع ‌بسته‌بندي‌ مشهد,5,24577,20448064,793,832,832,39,4.92,793,0,0.0,832,832,1399-8-26
770,ضمخا1023,اختيارخ اخابر-12000-1399/10/30,5,83,183307000,1835,2900,2200,365,19.89,2209,374,20.38,2200,2900,1399-8-26
771,ضمخا1024,اختيارخ اخابر-14000-1399/10/30,5,14,27780000,906,1900,2000,1094,120.75,1984,1078,118.98,1900,2000,1399-8-26
772,ثرود,سرمايه‌گذاري مسكن زاينده رود,5,29143,348287993,12579,11951,11951,-628,-4.99,12574,-5,-0.04,11951,11951,1399-8-26
773,ضملت8027,اختيارخ وبملت-4100-1399/08/28,5,60,130607140,300,550,550,250,83.33,526,226,75.33,501,550,1399-8-26
774,زعف9908پ13,زعفران9908پوشالمعمول روستا(پ),5,324,22349844,71080,68981,68981,-2099,-2.95,68981,-2099,-2.95,68981,68981,1399-8-26
775,ساذري,آذريت‌,5,798,4768050,5801,5975,5975,174,3.0,5801,0,0.0,5975,5975,1399-8-26
776,هصيكو402,اختيارف ت تاصيكو13500-00/02/20,5,260,1007240,3990,3874,3874,-116,-2.91,3874,-116,-2.91,3874,3874,1399-8-26
777,ضغدر8040,اختيارخ وغدير-13000-1399/08/26,5,157,157000,5,1,1,-4,-80.0,1,-4,-80.0,1,1,1399-8-26
778,وسيلام,شركت س استان ايلام,5,20452,24133360,1240,1180,1180,-60,-4.84,1240,0,0.0,1180,1180,1399-8-26
779,پست0008پ09,پسته بادامي30-28مه ولات0008(پ),5,110,177002263,1535308,1600000,1612073,76765,5.0,1609111,73803,4.81,1600000,1612073,1399-8-26
780,وسخراش,شركت س استان خراسان شمالي,5,38286,50920380,1390,1330,1330,-60,-4.32,1390,0,0.0,1330,1330,1399-8-26
781,ثتوسا,س.توسعه و عمران استان اردبيل,5,1548,99754668,66433,64441,64441,-1992,-3.0,66422,-11,-0.02,64441,64441,1399-8-26
782,غپآذر,شير پگاه آذربايجان شرقي,4,5546,289728586,54990,52241,52241,-2749,-5.0,54973,-17,-0.03,52241,52241,1399-8-26
783,ضپنا1020,اختيارخ رمپنا-13406-1399/10/09,4,24,121769301,3500,3401,4000,500,14.29,3426,-74,-2.11,3400,4000,1399-8-26
784,جهرم,پتروشيمي جهرم,4,18294,58248096,3282,3184,3184,-98,-2.99,3282,0,0.0,3184,3184,1399-8-26
785,شسم,توليد سموم‌ علف‌ كش,4,470,39536870,82472,84121,84121,1649,2.0,82478,6,0.01,84121,84121,1399-8-26
786,غشصفا,شيرپاستوريزه‌پگاه‌اصفهان‌,4,3080,92430800,31580,30010,30010,-1570,-4.97,31580,0,0.0,30010,30010,1399-8-26
787,شستا991,اجاره تامين اجتماعي-امين991226,4,156,155709295,1008869,990100,1009999,1130,0.11,998136,-10733,-1.06,990100,1010000,1399-8-26
788,تملي701,تسهيلات مسكن ب. ملي-فروردين97,4,85,109418630,1355029,1287278,1287278,-67751,-5.0,1287278,-67751,-5.0,1287278,1287278,1399-8-26
789,بشهاب,لامپ‌  پارس‌ شهاب‌,4,1966,123700720,66230,62920,62920,-3310,-5.0,66220,-10,-0.02,62920,62920,1399-8-26
790,ثامان,سامان‌ گستراصفهان‌,4,1494,31777380,22380,21270,21270,-1110,-4.96,22380,0,0.0,21270,21270,1399-8-26
791,فوكا,فولاد كاويان,4,6156,125274600,20979,20350,20350,-629,-3.0,20977,-2,-0.01,20350,20350,1399-8-26
792,شتولي,تولي‌پرس‌,4,8622,197383446,23360,22893,22893,-467,-2.0,23351,-9,-0.04,22893,22893,1399-8-26
793,اروند10,منفعت صبا اروند لوتوس 14001222,4,7214,7112492820,1004914,985212,990000,-14914,-1.48,985929,-18985,-1.89,985210,990000,1399-8-26
794,ضفلا8070,اختيارخ فولاد-5775-1399/08/28,4,27,188998000,5668,6999,7000,1332,23.5,7000,1332,23.5,6999,7000,1399-8-26
795,ضپنا1022,اختيارخ رمپنا-18806-1399/10/09,4,75,181422500,2197,2000,1500,-697,-31.73,1633,-564,-25.67,1500,2000,1399-8-26
796,وسمركز,شركت س استان مركزي,4,18795,24997350,1400,1330,1330,-70,-5.0,1400,0,0.0,1330,1330,1399-8-26
797,ثغرب,شركت سرمايه گذاري مسكن شمالغرب,4,4039,52155607,13592,12913,12913,-679,-5.0,13591,-1,-0.01,12913,12913,1399-8-26
798,وسگلستا,شركت س استان گلستان,4,79333,93612940,1240,1180,1180,-60,-4.84,1240,0,0.0,1180,1180,1399-8-26
799,تكنو,تكنوتار,4,1427,20819930,15350,14590,14590,-760,-4.95,15350,0,0.0,14590,14590,1399-8-26
800,اوصتا4,صندوق انديشه ورزان صباتامين -د,4,117200000,1998520675642,17030,17051,17054,24,0.14,17052,22,0.13,17051,17054,1399-8-26
801,ضسان1039,اختيارخ پارسان-20000-99/10/14,4,100,307500000,3000,3000,3150,150,5.0,3075,75,2.5,3000,3150,1399-8-26
802,صگل411,ص اجاره گل گهر 411- 3 ماهه 17%,4,92,90744260,999909,980306,991000,-8909,-0.89,986351,-13558,-1.36,980306,991000,1399-8-26
803,نتوس,پشم‌ بافي‌ توس,4,6483,69912672,11117,10784,10784,-333,-3.0,11116,-1,-0.01,10784,10784,1399-8-26
804,ضغدر8047,اختيارخ وغدير-20000-1399/08/26,4,146,146000,1,1,1,0,0.0,1,0,0.0,1,1,1399-8-26
805,صينا205,صكوك منفعت سينا دارو-3ماهه 19%,4,30,30997818,1013567,1048999,1000000,-13567,-1.34,1033261,19694,1.94,1000000,1049990,1399-8-26
806,شمواد,توليد مواداوليه الياف مصنوعي,4,435,27226215,64524,62589,62589,-1935,-3.0,64521,-3,0.0,62589,62589,1399-8-26
807,ضصاد1103,اختيارخ وبصادر-4000-1399/11/12,4,200,56965000,243,280,290,47,19.34,285,42,17.28,280,290,1399-8-26
808,ضغدر8042,اختيارخ وغدير-15000-1399/08/26,3,81,81000,1,1,1,0,0.0,1,0,0.0,1,1,1399-8-26
809,وسالت,بانك قرض الحسنه رسالت,3,7600,33538800,4285,4413,4413,128,2.99,4285,0,0.0,4413,4413,1399-8-26
810,ضمخا1025,اختيارخ اخابر-16000-1399/10/30,3,21,31890000,1000,1890,1200,200,20.0,1519,519,51.9,1200,1890,1399-8-26
811,ضپار1117,اختيارخ خپارس-7000-1399/11/19,3,50,89970000,1259,1790,1800,541,42.97,1799,540,42.89,1790,1800,1399-8-26
812,تملي704,تسهيلات مسكن ب. ملي-تير97,3,23,40856372,1869856,1776364,1776364,-93492,-5.0,1776364,-93492,-5.0,1776364,1776364,1399-8-26
813,پست0008پ08,پسته فندقي32-30مه ولات0008(پ),3,19,29442000,1570000,1570000,1648000,78000,4.97,1549579,-20421,-1.3,1500000,1648000,1399-8-26
814,غدشت,دشت‌ مرغاب‌,3,619,161763270,275080,261330,261330,-13750,-5.0,275030,-50,-0.02,261330,261330,1399-8-26
815,فالوم,آلومتك‌,3,967,32617877,34774,33731,33731,-1043,-3.0,34772,-2,-0.01,33731,33731,1399-8-26
816,ضفلا8093,اختيارخ فولاد-29775-1399/08/28,3,300,900000,10,3,3,-7,-70.0,3,-7,-70.0,3,3,1399-8-26
817,اشاد9,مشاركت دولتي9-شرايط خاص990909,3,67100,67032900000,998499,999000,999000,501,0.05,999000,501,0.05,999000,999000,1399-8-26
818,فسديد,لوله‌وتجهيزات‌ سديد - ورشكسته,3,1025,113299400,111652,110536,110536,-1116,-1.0,111626,-26,-0.02,110536,110536,1399-8-26
819,مبين014,اجاره اعتماد مبين لوتوس011019,3,2700,2512435600,934112,915798,960000,25888,2.77,930532,-3580,-0.38,915797,960000,1399-8-26
820,ضسپا8014,اختيارخ خساپا-1800-1399/08/26,3,39,23396000,301,599,600,299,99.34,600,299,99.34,599,600,1399-8-26
821,فنفت,صنايع تجهيزات نفت,3,3229,44511765,14211,13785,13785,-426,-3.0,14210,-1,-0.01,13785,13785,1399-8-26
822,معيار,سرمايه گذاري معيار صنعت پارس,3,1643,47461341,29476,28887,28887,-589,-2.0,29473,-3,-0.01,28887,28887,1399-8-26
823,ضسپا1104,اختيارخ خساپا-3000-1399/11/26,3,83,30740000,1,300,380,379,37900.0,370,369,36900.0,300,380,1399-8-26
824,تملي702,تسهيلات مسكن ب. ملي-ارديبهشت97,3,11,12090210,1156957,1099110,1099110,-57847,-5.0,1099110,-57847,-5.0,1099110,1099110,1399-8-26
825,اخزا713,اسنادخزانه-م13بودجه97-000518,3,3225,2842450000,876542,880000,882000,5458,0.62,881380,4838,0.55,880000,882000,1399-8-26
826,وسبوشهر,شركت س استان بوشهر,3,15000,18000000,1260,1200,1200,-60,-4.76,1260,0,0.0,1200,1200,1399-8-26
827,سخواف,سيمان مجد خواف,2,685,11029870,16599,16102,16102,-497,-2.99,16599,0,0.0,16102,16102,1399-8-26
828,فن آوا,گروه فن آوا,2,1000,13820000,14547,13820,13820,-727,-5.0,14546,-1,-0.01,13820,13820,1399-8-26
829,وسكرشا,س.سهام عدالت استان كرمانشاه,2,30000,37200000,1300,1240,1240,-60,-4.62,1300,0,0.0,1240,1240,1399-8-26
830,ثاباد,توريستي ورفاهي آبادگران ايران,2,1717,52488690,32170,30570,30570,-1600,-4.97,32170,0,0.0,30570,30570,1399-8-26
831,ضملت8026,اختيارخ وبملت-3857-1399/08/28,2,6,19317765,1154,444,1111,-43,-3.73,777,-377,-32.67,444,1111,1399-8-26
832,فجوش,جوش‌ و اكسيژن‌ ايران‌,2,80,126080,1531,1576,1576,45,2.94,1531,0,0.0,1576,1576,1399-8-26
833,ضسپا1101,اختيارخ خساپا-1800-1399/11/26,2,15,16440000,880,1090,1100,220,25.0,1096,216,24.55,1090,1100,1399-8-26
834,صخود0012,ص مرابحه خودرو0012- 3ماهه 18%,2,1995,2034900000,1020000,1020000,1020000,0,0.0,1020000,0,0.0,1020000,1020000,1399-8-26
835,ضملت8031,اختيارخ وبملت-5306-1399/08/28,2,52,215332,1,1,1,0,0.0,1,0,0.0,1,1,1399-8-26
836,كمند2,صندوق س. با درآمد ثابت كمند,2,15000000,15000000,10062,1,1,-10061,-99.99,1,-10061,-99.99,1,1,1399-8-26
837,صايپا203,صكوك مرابحه سايپا203-3ماهه 16%,2,7500,7499993000,990000,999999,1000000,10000,1.01,999999,9999,1.01,999999,1000000,1399-8-26
838,اخزا718,اسنادخزانه-م18بودجه97-000525,2,1000,876548500,877095,877095,876002,-1093,-0.12,876548,-547,-0.06,876002,877095,1399-8-26
839,ضبدر1157,اختيارخ شبندر-20000-1399/11/19,2,2,16000000,7050,7500,8500,1450,20.57,8000,950,13.48,7500,8500,1399-8-26
840,ضملت1125,اختيارخ وبملت-4000-1399/11/28,2,2,3140000,1624,1500,1640,16,0.99,1570,-54,-3.33,1500,1640,1399-8-26
841,ضپيك1023,اختيارخ تاپيكو-20000-99/10/16,2,18,43200000,2010,2400,2400,390,19.4,2400,390,19.4,2400,2400,1399-8-26
842,ضسپا8012,اختيارخ خساپا-1600-1399/08/26,2,13,11041000,600,850,849,249,41.5,849,249,41.5,849,850,1399-8-26
843,ضغدر8045,اختيارخ وغدير-18000-1399/08/26,2,15,30000,1,2,2,1,100.0,2,1,100.0,2,2,1399-8-26
844,تملي712,تسهيلات مسكن ب. ملي-اسفند97,2,45,54720000,1260000,1216000,1216000,-44000,-3.49,1216000,-44000,-3.49,1216000,1216000,1399-8-26
845,ضفار1120,اختيارخ فارس-8826-1399/11/07,2,4,40440000,4966,5440,3900,-1066,-21.47,5055,89,1.79,3900,5440,1399-8-26
846,اخزا722,اسنادخزانه-م22بودجه97-000428,2,1101,978344196,888595,888596,888596,1,0.0,888596,1,0.0,888596,888596,1399-8-26
847,ضبدر1150,اختيارخ شبندر-32000-1399/11/19,2,2,11800000,2400,3800,8000,5600,233.33,5900,3500,145.83,3800,8000,1399-8-26
848,ضپيك1022,اختيارخ تاپيكو-18000-99/10/16,2,2,4800000,2073,2400,2400,327,15.77,2400,327,15.77,2400,2400,1399-8-26
849,ضفلا8077,اختيارخ فولاد-9275-1399/08/28,2,6,19000000,1774,3200,3000,1226,69.11,3167,1393,78.52,3000,3200,1399-8-26
850,وسزنجان,شركت س استان زنجان,2,14000,18900000,1420,1350,1350,-70,-4.93,1420,0,0.0,1350,1350,1399-8-26
851,حريل02,اجاره ريل پردازسير021212,2,10,10140865,1014086,1014086,1014087,1,0.0,1014086,0,0.0,1014086,1014087,1399-8-26
852,ضفار1123,اختيارخ فارس-13826-1399/11/07,2,11,40002000,2177,1001,1900,-277,-12.72,1818,-359,-16.49,1001,1900,1399-8-26
853,سفار2,سيمان‌فارس‌,2,3017097,270000010530,89490,89490,89490,0,0.0,89490,0,0.0,89490,89490,1399-8-26
854,زير0003پ01,زيره سبز0003كيميابذر(پ),2,1546,802952000,499000,500000,519500,20500,4.11,519374,20374,4.08,500000,519500,1399-8-26
855,تملي804,تسهيلات مسكن ب. ملي-تير98,2,32,23666688,704366,739584,739584,35218,5.0,739584,35218,5.0,739584,739584,1399-8-26
856,ضخوز1013,اختيارخ فخوز-10667-1399/10/16,2,2,18000000,9940,9000,9000,-940,-9.46,9000,-940,-9.46,9000,9000,1399-8-26
857,ضفلا8078,اختيارخ فولاد-9775-1399/08/28,2,16,41600000,2000,2600,2600,600,30.0,2600,600,30.0,2600,2600,1399-8-26
858,پدرخش,درخشان‌ تهران‌,2,80,17260000,227100,215750,215750,-11350,-5.0,227100,0,0.0,215750,215750,1399-8-26
859,ضغدر8049,اختيارخ وغدير-24000-1399/08/26,2,17,14987000,400,75000,1,-399,-99.75,882,482,120.5,1,999,1399-8-26
860,صپاآذر,بار پايه صنعتي آذر,2,300000,111000000,350,370,370,20,5.71,370,20,5.71,370,370,1399-8-26
861,داراب,پتروشيمي داراب,2,15500,47476500,3157,3063,3063,-94,-2.98,3157,0,0.0,3063,3063,1399-8-26
862,ضمخا7075,اختيارخ اخابر-9000-1400/07/28,1,1,6055000,5500,6055,6055,555,10.09,6055,555,10.09,6055,6055,1399-8-26
863,اروند05,منفعت صبا اروند لوتوس 14001113,1,10,10000020,1000001,1000002,1000002,1,0.0,1000002,1,0.0,1000002,1000002,1399-8-26
864,صخود0004,صكوك رهني خودرو0004- 3ماهه 16%,1,200,194000000,970000,970000,970000,0,0.0,970000,0,0.0,970000,970000,1399-8-26
865,وپويا2,سرمايه گذاري پويا,1,39995000,399950000000,10380,10000,10000,-380,-3.66,10000,-380,-3.66,10000,10000,1399-8-26
866,ياقوت2,صندوق س ياقوت آگاه-ثابت,1,2547000,2547000,11239,1,1,-11238,-99.99,1,-11238,-99.99,1,1,1399-8-26
867,اراد334,مرابحه عام دولت3-ش.خ 0303,1,5000000,4280250000000,890000,856050,856050,-33950,-3.81,856050,-33950,-3.81,856050,856050,1399-8-26
868,اراد404,مرابحه عام دولت4-ش.خ 0207,1,5000000,4690600000000,997000,938120,938120,-58880,-5.91,938120,-58880,-5.91,938120,938120,1399-8-26
869,اخزا8154,اسنادخزانه-م15بودجه98-010406,1,506644,372290624148,734817,734817,734817,0,0.0,734817,0,0.0,734817,734817,1399-8-26
870,اراد41,مرابحه عام دولت4-ش.خ 0006,1,600,631000200,1058017,1051667,1051667,-6350,-0.6,1051667,-6350,-0.6,1051667,1051667,1399-8-26
871,ضگل1143,اختيارخ كگل-18000-1399/11/21,1,1,2500000,2000,2500,2500,500,25.0,2500,500,25.0,2500,2500,1399-8-26
872,اراد384,مرابحه عام دولت3-ش.خ 0105,1,2000000,1913180000000,1016175,956590,956590,-59585,-5.86,956590,-59585,-5.86,956590,956590,1399-8-26
873,كچاد2,معدني‌وصنعتي‌چادرملو,1,20000000,336400000000,16590,16820,16820,230,1.39,16820,230,1.39,16820,16820,1399-8-26
874,فارس2,صنايع پتروشيمي خليج فارس,1,4820653,59294031900,12390,12300,12300,-90,-0.73,12300,-90,-0.73,12300,12300,1399-8-26
875,عيار2,صندوق س. پشتوانه طلاي مفيد,1,10000,10000,30466,1,1,-30465,-100.0,1,-30465,-100.0,1,1,1399-8-26
876,سمگا2,گروه سرمايه گذاري ميراث فرهنگي,1,33447697,597977926966,17878,17878,17878,0,0.0,17878,0,0.0,17878,17878,1399-8-26
877,ضغدر8027,اختيارخ وغدير-5010-1399/08/26,1,5,35000000,6000,7000,7000,1000,16.67,7000,1000,16.67,7000,7000,1399-8-26
878,لخزر2,پارس‌ خزر,1,500000,100535000000,211650,201070,201070,-10580,-5.0,201070,-10580,-5.0,201070,201070,1399-8-26
879,طمخا7070,اختيارف اخابر-20000-1400/07/28,1,8,26400000,4350,3300,3300,-1050,-24.14,3300,-1050,-24.14,3300,3300,1399-8-26
880,صخابر102,صكوك اجاره مخابرات-3 ماهه 16%,1,4934,4643767318,960000,941177,941177,-18823,-1.96,941177,-18823,-1.96,941177,941177,1399-8-26
881,تليسه4,دامداري تليسه نمونه,1,23000000,104811000000,4514,4557,4557,43,0.95,4557,43,0.95,4557,4557,1399-8-26
882,ضفلا8072,اختيارخ فولاد-6775-1399/08/28,1,4,20000000,5192,5000,5000,-192,-3.7,5000,-192,-3.7,5000,5000,1399-8-26
883,هاباد912,اختيارف ت آبادا-30100-99/12/12,1,1000,10127000,9898,10127,10127,229,2.31,10127,229,2.31,10127,10127,1399-8-26
884,اراد11,مرابحه عام دولت1-ش.خ لوتوس0206,1,3000,2538000000,840000,846000,846000,6000,0.71,846000,6000,0.71,846000,846000,1399-8-26
885,مشير112,مشاركت شهرداري شيراز-3ماهه18%,1,18,17640000,970000,980000,980000,10000,1.03,980000,10000,1.03,980000,980000,1399-8-26
886,وايرا,سرمايه گذاري صنايع ايران,1,1350,11589750,9036,8585,8585,-451,-4.99,9036,0,0.0,8585,8585,1399-8-26
887,پاآذر,بار پايه آذر,1,20000,8200000,250000,410,410,-249590,-99.84,410,-249590,-99.84,410,410,1399-8-26
888,شستا992,اجاره تامين اجتماعي-سپهر991226,1,2000,2000000000,1000000,1000000,1000000,0,0.0,1000000,0,0.0,1000000,1000000,1399-8-26
889,اخزا8112,اسنادخزانه-م11بودجه98-001013,1,203000,166602100000,821202,820700,820700,-502,-0.06,820700,-502,-0.06,820700,820700,1399-8-26
890,دمعيار2,صندوق س. توازن معيار-د,1,8100000,8100000,10031,1,1,-10030,-99.99,1,-10030,-99.99,1,1,1399-8-26
891,ضسپا8019,اختيارخ خساپا-2600-1399/08/26,1,17,34000,1,2,2,1,100.0,2,1,100.0,2,2,1399-8-26
892,ضسپا8033,اختيارخ خساپا-6000-1399/08/26,1,3,300000,1,100,100,99,9900.0,100,99,9900.0,100,100,1399-8-26
893,ضسان1038,اختيارخ پارسان-18000-99/10/14,1,1,3900000,2800,3900,3900,1100,39.29,3900,1100,39.29,3900,3900,1399-8-26
894,زعف9908پ17,زعفران9908پوشالمعمول بيرجند(پ),1,73,5035613,71050,68981,68981,-2069,-2.91,68981,-2069,-2.91,68981,68981,1399-8-26
895,اراد374,مرابحه عام دولت3-ش.خ 0005,1,1000000,979420000000,1011177,979420,979420,-31757,-3.14,979420,-31757,-3.14,979420,979420,1399-8-26
896,اخزا8124,اسنادخزانه-م12بودجه98-001111,1,632078,510497796700,807650,807650,807650,0,0.0,807650,0,0.0,807650,807650,1399-8-26
897,ضفلا8083,اختيارخ فولاد-14775-1399/08/28,1,2,2000,12,1,1,-11,-91.67,1,-11,-91.67,1,1,1399-8-26
898,گواهي ظرفيت,گواهي ظرفيت نقدي,1,2000000,21278000000,10639,10639,10639,0,0.0,10639,0,0.0,10639,10639,1399-8-26
899,ضپاس1004,اختيارخ وپارس-4000-1399/10/30,1,10,2800000,280,280,280,0,0.0,280,0,0.0,280,280,1399-8-26
900,غگلپا,شير پاستوريزه پگاه گلپايگان,1,77,5451754,74528,70802,70802,-3726,-5.0,74528,0,0.0,70802,70802,1399-8-26
901,تملي711,تسهيلات مسكن ب. ملي-بهمن97,1,10,12534560,1319427,1253456,1253456,-65971,-5.0,1253456,-65971,-5.0,1253456,1253456,1399-8-26
902,غنيلي,مجتمع توليدي نيلي صنعت كرمان,1,50000,828150000,16902,16563,16563,-339,-2.01,16563,-339,-2.01,16563,16563,1399-8-26
903,كاوه2,فولاد كاوه جنوب كيش,1,9469598,188445000200,19730,19900,19900,170,0.86,19900,170,0.86,19900,19900,1399-8-26
904,سهگمت2,سيمان‌هگمتان‌,1,6753054,139045381860,20360,20590,20590,230,1.13,20590,230,1.13,20590,20590,1399-8-26
905,زير0003پ04,زيره سبز0003شركت مينوبذر(پ),1,11,5214550,456877,474050,474050,17173,3.76,474050,17173,3.76,474050,474050,1399-8-26
906,ضگل1141,اختيارخ كگل-14000-1399/11/21,1,50,200000000,3829,4000,4000,171,4.47,4000,171,4.47,4000,4000,1399-8-26
907,غبهار,كشت وصنعت بهاران گلبهار خراسان,1,221,8052798,37564,36438,36438,-1126,-3.0,37564,0,0.0,36438,36438,1399-8-26
908,ضفلا8075,اختيارخ فولاد-8275-1399/08/28,1,1,4000000,3000,4000,4000,1000,33.33,4000,1000,33.33,4000,4000,1399-8-26
909,وبملت2,بانك ملت,1,151509578,703004441920,4640,4640,4640,0,0.0,4640,0,0.0,4640,4640,1399-8-26
910,ضفار1121,اختيارخ فارس-9826-1399/11/07,1,1,9000000,4581,4500,4500,-81,-1.77,4500,-81,-1.77,4500,4500,1399-8-26
911,اخزا8144,اسنادخزانه-م14بودجه98-010318,1,355571,266854968787,750497,750497,750497,0,0.0,750497,0,0.0,750497,750497,1399-8-26
912,ضچاد1012,اختيارخ كچاد-10000-1399/10/02,1,5,35000000,6158,7000,7000,842,13.67,7000,842,13.67,7000,7000,1399-8-26
913,گندم2,مرابحه گندم2-واجدشرايط خاص1400,1,400,390000000,1000000,975000,975000,-25000,-2.5,975000,-25000,-2.5,975000,975000,1399-8-26
914,صفارس037,صكوك اجاره فارس037- 3ماهه18%,1,400,424000000,1060000,1060000,1060000,0,0.0,1060000,0,0.0,1060000,1060000,1399-8-26
915,شخارك2,پتروشيمي‌ خارك‌,1,25000000,995000000000,39810,39800,39800,-10,-0.03,39800,-10,-0.03,39800,39800,1399-8-26
916,اراد44,مرابحه عام دولت4-ش.خ 0007,1,500,515000000,1050000,1030000,1030000,-20000,-1.9,1030000,-20000,-1.9,1030000,1030000,1399-8-26
917,صايپا012,صكوك مرابحه سايپا012-3ماهه 16%,1,5,4901970,1000001,980394,980394,-19607,-1.96,980394,-19607,-1.96,980394,980394,1399-8-26
918,ضفلا8054,اختيارخ فولاد-2387-1399/08/28,1,1,14793600,8182,9200,9200,1018,12.44,9200,1018,12.44,9200,9200,1399-8-26
919,كگل2,معدني و صنعتي گل گهر,1,20000000,322400000000,15770,16120,16120,350,2.22,16120,350,2.22,16120,16120,1399-8-26
920,اراد504,مرابحه عام دولت5-ش.خ0302,1,750000,750000000000,1000000,1000000,1000000,0,0.0,1000000,0,0.0,1000000,1000000,1399-8-26
921,قشير4,قند شيروان قوچان و بجنورد,1,4800000,109137600000,21979,22737,22737,758,3.45,22737,758,3.45,22737,22737,1399-8-26
922,ضملت8036,اختيارخ وبملت-7721-1399/08/28,1,8,33128,22,1,1,-21,-95.45,1,-21,-95.45,1,1,1399-8-26
923,طمخا7069,اختيارف اخابر-18000-1400/07/28,1,1,1500000,1000,1500,1500,500,50.0,1500,500,50.0,1500,1500,1399-8-26
924,سفانو2,سيمان فارس نو,1,11205433,330000001850,29450,29450,29450,0,0.0,29450,0,0.0,29450,29450,1399-8-26
925,ضسپا8011,اختيارخ خساپا-1500-1399/08/26,1,1,870000,1000,870,870,-130,-13.0,870,-130,-13.0,870,870,1399-8-26
926,صايپا412,صكوك مرابحه سايپا412-3ماهه 16%,1,15,14427000,916000,961800,961800,45800,5.0,961800,45800,5.0,961800,961800,1399-8-26
927,ضفلا8081,اختيارخ فولاد-12775-1399/08/28,1,5,1250000,287,250,250,-37,-12.89,250,-37,-12.89,250,250,1399-8-26
928,اجاد22,اجاره دولتي آپرورش-لوتوس991118,1,4226,4226000000,993955,1000000,1000000,6045,0.61,1000000,6045,0.61,1000000,1000000,1399-8-26
