,نماد,نام,تعداد,حجم,ارزش,دیروز,اولین,آخرین معامله - مقدار,آخرین معامله - تغییر,آخرین معامله - درصد,قیمت پایانی - مقدار,قیمت پایانی - تغییر,قیمت پایانی - درصد,کمترین,بیشترین,تاریخ
0,بوعلي,پتروشيمي بوعلي سينا,199725,58655954,3414317611800,55960,54650,58750,2790,4.99,58210,2250,4.02,54500,58750,1399-10-14
1,وكبهمن,مديريت سرمايه گذاري كوثربهمن,128837,20505208,461712003356,21465,22500,22538,1073,5.0,22517,1052,4.9,22130,22538,1399-10-14
2,بركت,گروه دارويي بركت,76196,188173401,5223388145060,28260,28500,26910,-1350,-4.78,27760,-500,-1.77,26850,29400,1399-10-14
3,شستا,سرمايه گذاري تامين اجتماعي,53361,144441347,3075863082800,21700,20990,21140,-560,-2.58,21290,-410,-1.89,20720,22300,1399-10-14
4,شپنا,پالايش نفت اصفهان,51478,289501633,3445369478100,12230,12000,11870,-360,-2.94,11900,-330,-2.7,11620,12440,1399-10-14
5,چخزر,صنايع چوب خزر كاسپين,44960,1787817,60662418627,32316,33931,33931,1615,5.0,33931,1615,5.0,33931,33931,1399-10-14
6,خودرو,ايران‌ خودرو,44859,1104370171,3294771026340,2970,2900,3050,80,2.69,2980,10,0.34,2850,3070,1399-10-14
7,پالايش,صندوق پالايشي يکم-سهام,42213,29460602,2226041865830,76110,74500,75500,-610,-0.8,75560,-550,-0.72,72980,78400,1399-10-14
8,ولپارس,ليزينگ پارسيان,40445,104645825,829194008310,8270,7860,7860,-410,-4.96,7920,-350,-4.23,7860,8170,1399-10-14
9,خساپا,سايپا,39449,1164189372,2566080502610,2150,2110,2250,100,4.65,2200,50,2.33,2080,2250,1399-10-14
10,وسپهر,سرمايه گذاري مالي سپهرصادرات,36097,67648857,702016609059,10334,10250,10350,16,0.15,10377,43,0.42,10200,10700,1399-10-14
11,شاروم,پتروشيمي اروميه,34408,25539121,800147274092,32195,31500,30586,-1609,-5.0,31330,-865,-2.69,30586,33100,1399-10-14
12,خگستر,گسترش‌سرمايه‌گذاري‌ايران‌خودرو,33567,745369079,2733941364260,3810,3620,3710,-100,-2.62,3670,-140,-3.67,3620,3870,1399-10-14
13,دارا يكم,صندوق واسطه گري مالي يكم-سهام,30683,12088917,1823011799090,152370,150000,150600,-1770,-1.16,150800,-1570,-1.03,145500,155260,1399-10-14
14,ثاميد,توسعه و عمران اميد,30621,180505283,351854823340,1960,1910,1960,0,0.0,1950,-10,-0.51,1880,2040,1399-10-14
15,آبادا,توليد نيروي برق آبادان,30182,13317746,230037304720,16610,16000,17440,830,5.0,17270,660,3.97,16000,17440,1399-10-14
16,ثبهساز,بهساز كاشانه تهران,28593,123822722,306387294490,2500,2400,2550,50,2.0,2470,-30,-1.2,2400,2590,1399-10-14
17,سحرخيز,صندوق س. گروه زعفران سحرخيز,26099,90000000,900000000000,10000,10000,10000,0,0.0,10000,0,0.0,10000,10000,1399-10-14
18,سيتا,سرمايه گذاري سيمان تامين,24739,44657743,679859989600,15070,14350,15140,70,0.46,15220,150,1.0,14350,15740,1399-10-14
19,كاما,باما,22983,78901658,1921764761960,25170,24000,23920,-1250,-4.97,24360,-810,-3.22,23920,25660,1399-10-14
20,ثاخت,بين‌المللي‌توسعه‌ساختمان,21776,375378543,1949537547260,5050,5210,5100,50,0.99,5190,140,2.77,4920,5300,1399-10-14
21,بگيلان,توسعه مسير برق گيلان,21762,6259639,142571591163,23538,22370,22641,-897,-3.81,22776,-762,-3.24,22370,24000,1399-10-14
22,غزر,صنعتي زر ماكارون,21393,3058199,151135753370,50530,48020,48600,-1930,-3.82,49420,-1110,-2.2,48020,51890,1399-10-14
23,امين,تامين سرمايه امين,21217,12308456,129101278950,10350,10440,10500,150,1.45,10490,140,1.35,10410,10750,1399-10-14
24,فولاد,فولاد مباركه اصفهان,20571,94039761,1188881697180,12600,12410,12700,100,0.79,12640,40,0.32,12320,13130,1399-10-14
25,بپيوند,برق و انرژي پيوندگستر پارس,20358,22255853,514275184537,24154,22947,22947,-1207,-5.0,23107,-1047,-4.33,22947,24140,1399-10-14
26,شتران,پالايش نفت تهران,19853,81932346,821602370620,10240,9890,9990,-250,-2.44,10030,-210,-2.05,9750,10520,1399-10-14
27,فملي,ملي‌ صنايع‌ مس‌ ايران‌,19609,58169457,794771255530,13550,13200,13700,150,1.11,13660,110,0.81,13200,14070,1399-10-14
28,زملارد,كشاورزي و دامپروري ملارد شير,19129,1881203,95027088342,48109,50514,50514,2405,5.0,50514,2405,5.0,50514,50514,1399-10-14
29,وپارس,بانك‌پارسيان‌,18068,468988917,1711121405440,3490,3410,3660,170,4.87,3650,160,4.58,3410,3660,1399-10-14
30,حكشتي,كشتيراني جمهوري اسلامي ايران,17958,52960164,1132429583920,22190,21090,21390,-800,-3.61,21380,-810,-3.65,21090,22720,1399-10-14
31,وپويا,سرمايه گذاري پويا,16290,34210556,243122064195,7416,7046,7100,-316,-4.26,7107,-309,-4.17,7046,7299,1399-10-14
32,شبندر,پالايش نفت بندرعباس,16143,48554424,1182515190270,24940,23920,24210,-730,-2.93,24350,-590,-2.37,23700,25440,1399-10-14
33,پيزد,مجتمع صنايع لاستيك يزد,15386,1787780,142360834777,81932,80200,79000,-2932,-3.58,79630,-2302,-2.81,77836,83273,1399-10-14
34,وآيند,بانك  آينده,14869,129054747,2576160082180,20224,19820,20628,404,2.0,19962,-262,-1.3,19820,20628,1399-10-14
35,رافزا,رايان هم افزا,14221,87877,3553570126,38513,40438,40438,1925,5.0,38643,130,0.34,40438,40438,1399-10-14
36,وخارزم,سرمايه گذاري خوارزمي,13030,90709591,825503725180,9470,9000,9120,-350,-3.7,9100,-370,-3.91,9000,9450,1399-10-14
37,پترول,گروه پتروشيمي س. ايرانيان,12970,55478456,594753824410,10820,10360,10720,-100,-0.92,10720,-100,-0.92,10360,11140,1399-10-14
38,شگويا,پتروشيمي تندگويان,12099,45382821,477161210530,10658,10260,10550,-108,-1.01,10514,-144,-1.35,10250,11000,1399-10-14
39,سفاسي,شركت فارسيت اهواز,12079,40511028,753556327591,18183,18728,18190,7,0.04,18601,418,2.3,17812,18728,1399-10-14
40,ذوب,سهامي ذوب آهن  اصفهان,11995,108612771,492836524120,4590,4410,4551,-39,-0.85,4538,-52,-1.13,4410,4700,1399-10-14
41,كماسه,تامين‌ ماسه‌ ريخته‌گري‌,11514,21782669,1454280160350,67280,70640,63920,-3360,-4.99,66760,-520,-0.77,63920,70640,1399-10-14
42,كوثر,بيمه كوثر,10648,65418613,1673611878429,26543,25216,26360,-183,-0.69,25583,-960,-3.62,25216,26499,1399-10-14
43,خپارس,پارس‌ خودرو,10440,106721972,787909715890,7590,7320,7540,-50,-0.66,7380,-210,-2.77,7220,7800,1399-10-14
44,خنصير,مهندسي‌نصيرماشين‌,10430,22420492,1825485575240,82690,86820,81300,-1390,-1.68,81420,-1270,-1.54,78560,86820,1399-10-14
45,تليسه,دامداري تليسه نمونه,10255,72852271,437405204703,6240,5928,5940,-300,-4.81,6004,-236,-3.78,5928,6320,1399-10-14
46,خاور,ايران خودرو ديزل,10175,97602645,839697735425,8449,8570,8350,-99,-1.17,8603,154,1.82,8300,8702,1399-10-14
47,غگل,گلوكوزان‌,10028,106481309,538942670300,5290,5040,5050,-240,-4.54,5060,-230,-4.35,5030,5270,1399-10-14
48,خزاميا,زامياد,9832,77326840,891318154980,12040,11440,11470,-570,-4.73,11530,-510,-4.24,11440,12170,1399-10-14
49,ثشاهد,سرمايه‌ گذاري‌ شاهد,9364,32861204,715619554020,22810,21670,21670,-1140,-5.0,21780,-1030,-4.52,21670,22530,1399-10-14
50,ديران,ايران‌دارو,9156,26508623,855536867390,33660,33800,31980,-1680,-4.99,32270,-1390,-4.13,31980,34400,1399-10-14
51,نهال,صندوق س. طلاي سرخ نوويرا,8850,20680253,206802530000,10000,10000,10000,0,0.0,10000,0,0.0,10000,10000,1399-10-14
52,نوري,پتروشيمي نوري,8815,14791720,1046257863360,67590,66010,70960,3370,4.99,70730,3140,4.65,66010,70960,1399-10-14
53,فروي,ذوب روي اصفهان,8789,6169722,466846802568,73367,73367,77035,3668,5.0,75667,2300,3.13,73367,77035,1399-10-14
54,دبالك,مواد اوليه دارويي البرز بالك,8420,19833790,583812348770,30053,30053,28551,-1502,-5.0,29435,-618,-2.06,28551,31490,1399-10-14
55,كبافق,معادن‌ بافق‌,8160,9722096,649378600610,64090,66000,67290,3200,4.99,66790,2700,4.21,64100,67290,1399-10-14
56,حآسا,آسيا سير ارس,7960,11791139,661587276547,53490,55950,56164,2674,5.0,56109,2619,4.9,54300,56164,1399-10-14
57,پتاير,ايران‌ تاير,7797,3334923,576477348600,179310,172000,171220,-8090,-4.51,172860,-6450,-3.6,170350,184400,1399-10-14
58,خبهمن,گروه‌بهمن‌,7704,65131800,1962797157390,31650,30070,30070,-1580,-4.99,30140,-1510,-4.77,30070,31000,1399-10-14
59,بجهرم,توسعه مولد نيروگاهي جهرم,7636,77858039,291657854735,3834,3755,3829,-5,-0.13,3746,-88,-2.3,3644,3940,1399-10-14
60,وآذر,سرمايه‌گذاري‌توسعه‌آذربايجان‌,7601,7437284,1035140470140,143240,141000,136600,-6640,-4.64,139180,-4060,-2.83,136080,147580,1399-10-14
61,ونيكي,سرمايه‌گذاري‌ ملي‌ايران‌,7432,24475272,435034494510,18330,18330,17580,-750,-4.09,17770,-560,-3.06,17420,18970,1399-10-14
62,ختوقا,قطعات‌ اتومبيل‌ ايران‌,7379,130053675,450419261870,3610,3430,3490,-120,-3.32,3460,-150,-4.16,3430,3610,1399-10-14
63,بكهنوج,توليد برق ماهتاب كهنوج,7270,129428193,313733446121,2345,2305,2462,117,4.99,2424,79,3.37,2304,2462,1399-10-14
64,وغدير,سرمايه‌گذاري‌غدير(هلدينگ‌,7268,37274835,429443003140,11470,11300,11650,180,1.57,11520,50,0.44,11280,11860,1399-10-14
65,انرژي3,سايراشخاص بورس انرژي,7224,1575307,659298874500,400050,413000,420050,20000,5.0,418520,18470,4.62,400500,420050,1399-10-14
66,خمحركه,نيرو محركه‌,7088,55768184,341541167180,6130,5860,6240,110,1.79,6120,-10,-0.16,5860,6370,1399-10-14
67,صبا,سرمايه گذاري صبا تامين,7066,16994831,128570670445,7555,7300,7699,144,1.91,7565,10,0.13,7260,7849,1399-10-14
68,شبريز,پالايش نفت تبريز,7046,16899445,492377389290,29940,28600,28820,-1120,-3.74,29140,-800,-2.67,28450,30400,1399-10-14
69,ونوين,بانك‌اقتصادنوين‌,7008,133822623,679822389130,5230,5030,5080,-150,-2.87,5080,-150,-2.87,4970,5350,1399-10-14
70,سمگا,گروه سرمايه گذاري ميراث فرهنگي,6937,45048243,1713479940687,39313,38900,37348,-1965,-5.0,38037,-1276,-3.25,37348,40300,1399-10-14
71,فوكا,فولاد كاويان,6917,51378170,794742861744,15902,15425,15425,-477,-3.0,15468,-434,-2.73,15425,15816,1399-10-14
72,كالا,بورس كالاي ايران,6880,10581983,540786339650,52670,50060,50200,-2470,-4.69,51100,-1570,-2.98,50040,54000,1399-10-14
73,دانا,بيمه دانا,6649,81821106,907103435750,11550,10980,10980,-570,-4.94,11090,-460,-3.98,10980,11540,1399-10-14
74,خاهن,آهنگري‌ تراكتورسازي‌ ايران‌,6629,26358833,1133910126390,41100,43150,43150,2050,4.99,43020,1920,4.67,41300,43150,1399-10-14
75,غگلستا,شير پاستوريزه پگاه گلستان,6524,22990057,654354737363,28585,29980,28299,-286,-1.0,28463,-122,-0.43,27156,30014,1399-10-14
76,قثابت,قند ثابت‌ خراسان‌,6368,10457266,799834862280,78840,74900,75170,-3670,-4.65,76490,-2350,-2.98,74900,82780,1399-10-14
77,وگردش,بانك گردشگري,6276,29120753,729766385686,24301,25500,24500,199,0.82,25060,759,3.12,23580,25516,1399-10-14
78,وساپا,سرمايه‌گذاري‌ سايپا,6247,46544093,383772288390,8150,8080,8350,200,2.45,8250,100,1.23,8000,8550,1399-10-14
79,تبرك,گروه كارخانجات صنعتي تبرك,6237,14955224,339300107654,23604,22424,22424,-1180,-5.0,22688,-916,-3.88,22424,23900,1399-10-14
80,خصدرا,صنعتي‌ دريايي‌ ايران‌,6222,75345056,328000979579,4564,4336,4336,-228,-5.0,4353,-211,-4.62,4336,4498,1399-10-14
81,ولراز,ليزينگ رازي,6121,8933437,480581039727,54387,52756,55380,993,1.83,53796,-591,-1.09,52756,56018,1399-10-14
82,ونيرو,سرمايه‌گذاري‌نيرو,5964,74152469,260627809250,3650,3500,3520,-130,-3.56,3510,-140,-3.84,3470,3650,1399-10-14
83,كروي,توسعه‌ معادن‌ روي‌ ايران‌,5931,15905182,658031418830,39760,40800,41740,1980,4.98,41370,1610,4.05,39760,41740,1399-10-14
84,وملي,گروه‌ صنعتي‌ ملي‌ (هلدينگ‌,5893,1968285,578318120590,308200,293000,292790,-15410,-5.0,293820,-14380,-4.67,292790,305000,1399-10-14
85,چفيبر,فيبر ايران‌,5890,37912923,467763627650,11780,12360,12360,580,4.92,12340,560,4.75,12000,12360,1399-10-14
86,چكاپا,گروه صنايع كاغذ پارس,5845,57843387,370346237610,6670,6350,6340,-330,-4.95,6400,-270,-4.05,6340,6640,1399-10-14
87,تاپيكو,س. نفت و گاز و پتروشيمي تأمين,5712,25822220,356640160350,13470,13200,13990,520,3.86,13810,340,2.52,13200,14140,1399-10-14
88,تملت,تامين سرمايه بانك ملت,5675,26252445,216118718460,8570,8170,8170,-400,-4.67,8230,-340,-3.97,8150,8560,1399-10-14
89,فارس,صنايع پتروشيمي خليج فارس,5631,20885042,253160721430,12110,11980,12180,70,0.58,12120,10,0.08,11860,12380,1399-10-14
90,فرابورس,فرابورس ايران,5626,8043129,419643986037,52500,51000,51620,-880,-1.68,52174,-326,-0.62,50978,53801,1399-10-14
91,گكوثر,هتل پارسيان كوثر اصفهان,5598,106476170,522111529977,5120,4864,4864,-256,-5.0,4904,-216,-4.22,4864,5105,1399-10-14
92,غگيلا,شيرپاستوريزه پگاه گيلان,5590,480151,10341012087,20512,21537,21537,1025,5.0,20712,200,0.98,21537,21537,1399-10-14
93,البرز,بيمه البرز,5446,88368816,528748375100,5830,5710,5920,90,1.54,5980,150,2.57,5710,6120,1399-10-14
94,ثقزوي,شركت عمران و سازندگي قزوين,5427,9397441,359573330390,37564,37564,38690,1126,3.0,38263,699,1.86,36900,38690,1399-10-14
95,ساوه,سيمان ساوه,5381,2404126,124811964466,54012,51312,51500,-2512,-4.65,51916,-2096,-3.88,51312,54300,1399-10-14
96,دتوزيع,توزيع دارو پخش,5380,22483689,870336588362,36975,38823,38823,1848,5.0,38710,1735,4.69,37160,38823,1399-10-14
97,حفاري,حفاري شمال,5220,33362082,365883120130,11320,10900,10850,-470,-4.15,10970,-350,-3.09,10760,11490,1399-10-14
98,زكوثر,سرمايه گذاري كشاورزي كوثر,5220,12905582,348928943390,27830,26510,26590,-1240,-4.46,27040,-790,-2.84,26440,28390,1399-10-14
99,لكما,كارخانجات‌مخابراتي‌ايران‌,5191,41108089,331024183077,7830,8064,8064,234,2.99,8053,223,2.85,7880,8064,1399-10-14
100,وپاسار,بانك  پاسارگاد,5183,39954082,459319008170,11600,11040,11790,190,1.64,11500,-100,-0.86,11020,11900,1399-10-14
101,پدرخش,درخشان‌ تهران‌,5174,3964435,648436518420,156620,148980,164450,7830,5.0,163560,6940,4.43,148980,164450,1399-10-14
102,شتوكا,توكا رنگ فولاد سپاهان,5148,10153995,631852480216,59411,60000,62381,2970,5.0,62227,2816,4.74,59650,62381,1399-10-14
103,ثنوسا,نوسازي‌وساختمان‌تهران‌,5069,32181258,501711592200,15290,15300,15470,180,1.18,15590,300,1.96,15100,16000,1399-10-14
104,ثفارس,عمران‌وتوسعه‌فارس‌,5046,39594602,460298192950,12150,11650,11550,-600,-4.94,11630,-520,-4.28,11550,12150,1399-10-14
105,زگلدشت,كشت و دام گلدشت نمونه اصفهان,5037,8625354,531822104850,58985,61739,60610,1625,2.75,61658,2673,4.53,58000,61934,1399-10-14
106,چدن,توليدي چدن سازان,5033,17690743,603009233020,35640,33860,34350,-1290,-3.62,34090,-1550,-4.35,33860,35640,1399-10-14
107,ومعلم,بيمه معلم,4947,45838088,311664111358,7053,6800,6930,-123,-1.74,6799,-254,-3.6,6701,7150,1399-10-14
108,ومشان,س. فني و مهندسي مشانير,4940,4850532,325128537706,66598,63269,69927,3329,5.0,67029,431,0.65,63269,69927,1399-10-14
109,تكمبا,كمباين‌ سازي‌ ايران‌,4929,41062084,529233369080,12890,12250,13530,640,4.97,12890,0,0.0,12250,13530,1399-10-14
110,قرن,پديده شيمي قرن,4914,6576164,447329099050,64950,66000,68190,3240,4.99,68020,3070,4.73,65000,68190,1399-10-14
111,غويتا,ويتانا,4890,7957730,402900950300,52998,50349,50402,-2596,-4.9,50630,-2368,-4.47,50349,52723,1399-10-14
112,غسالم,سالمين‌,4873,49132593,285374199970,6080,5780,5780,-300,-4.93,5810,-270,-4.44,5780,6050,1399-10-14
113,حفارس,حمل و نقل بين المللي خليج فارس,4858,60996424,295881321300,4670,4790,4900,230,4.93,4850,180,3.85,4670,4900,1399-10-14
114,كمنگنز,معادن‌منگنزايران‌,4802,3437632,436040376900,124000,130200,122980,-1020,-0.82,126840,2840,2.29,118500,130200,1399-10-14
115,تنوينح,ح . تامين سرمايه نوين,4752,25232925,112504529923,4440,4450,4470,30,0.68,4459,19,0.43,4260,4610,1399-10-14
116,وكارح,ح . بانك‌ كارآفرين‌,4700,104485194,279690466710,1850,2500,2750,900,48.65,2680,830,44.86,2500,2750,1399-10-14
117,ولساپا,ليزينگ رايان‌ سايپا,4649,76061395,303147812400,3880,3760,4070,190,4.9,3990,110,2.84,3760,4070,1399-10-14
118,بكام,كارخانجات توليدي شهيد قندي,4643,66322056,295077867390,4340,4280,4550,210,4.84,4450,110,2.53,4200,4550,1399-10-14
119,ورنا,سرمايه‌گذاري‌ رنا(هلدينگ‌,4582,31285747,252545471670,8210,8040,8070,-140,-1.71,8070,-140,-1.71,7800,8400,1399-10-14
120,فاذر,صنايع‌ آذرآب‌,4542,10495885,326289193620,32110,32000,31450,-660,-2.06,31090,-1020,-3.18,30510,32530,1399-10-14
121,ملت,بيمه ملت,4493,18505827,400012797710,22570,21450,21450,-1120,-4.96,21620,-950,-4.21,21450,22340,1399-10-14
122,شلرد,كود شيميايي اوره لردگان,4460,32063981,278343209956,8731,8470,8838,107,1.23,8681,-50,-0.57,8470,8989,1399-10-14
123,وملل,اعتباري ملل,4390,23017006,384315648223,16040,16700,16699,659,4.11,16697,657,4.1,16361,16842,1399-10-14
124,دماوند,توليد نيروي برق دماوند,4301,3837247,223518157049,57776,59900,57840,64,0.11,58250,474,0.82,56000,59900,1399-10-14
125,فاراك,ماشين‌ سازي‌ اراك‌,4284,25860681,184861139420,7260,7050,7100,-160,-2.2,7150,-110,-1.52,6910,7470,1399-10-14
126,ودي,بيمه  دي,4265,13462738,355187614216,26977,25852,26200,-777,-2.88,26383,-594,-2.2,25629,27394,1399-10-14
127,كچاد,معدني‌وصنعتي‌چادرملو,4237,15510121,335624581710,21440,20630,22010,570,2.66,21640,200,0.93,20630,22220,1399-10-14
128,كمند,صندوق س. با درآمد ثابت كمند,4217,193534930,1966188087701,10156,10159,10159,3,0.03,10159,3,0.03,10132,10163,1399-10-14
129,كيميا,معدني كيمياي زنجان گستران,4189,6536011,266362556798,41306,42800,39241,-2065,-5.0,40753,-553,-1.34,39241,43299,1399-10-14
130,دتوزيعح,ح . توزيع دارو پخش,4131,13397166,469901969289,35000,36680,35000,0,0.0,35075,75,0.21,33250,36750,1399-10-14
131,سبزوا,سيمان لار سبزوار,4069,39568016,188825413334,5007,4757,4757,-250,-4.99,4772,-235,-4.69,4757,4898,1399-10-14
132,فنوال,نورد آلومينيوم‌,3939,12053017,303301773760,25830,24540,26830,1000,3.87,25160,-670,-2.59,24540,27000,1399-10-14
133,فولاي,صنايع فولاد آلياژي يزد,3911,6455317,265249312308,42860,41100,41400,-1460,-3.41,41090,-1770,-4.13,40717,42600,1399-10-14
134,كترام,توليدي‌ كاشي‌ تكسرام‌,3906,10171589,455301256960,42970,41500,45110,2140,4.98,44760,1790,4.17,41450,45110,1399-10-14
135,وصنعت,سرمايه گذاري توسعه صنعت وتجارت,3849,24947236,171090010590,6700,6520,7030,330,4.93,6860,160,2.39,6490,7030,1399-10-14
136,تكشا,گسترش‌صنايع‌وخدمات‌كشاورزي‌,3834,4040928,235852184130,59070,56120,60940,1870,3.17,58370,-700,-1.19,56120,60960,1399-10-14
137,فخوز,فولاد  خوزستان,3827,18555707,274530334920,14490,14220,14840,350,2.42,14790,300,2.07,14220,15020,1399-10-14
138,شيران,س. صنايع‌شيميايي‌ايران,3712,8879996,333229161690,36560,36410,37870,1310,3.58,37530,970,2.65,36400,38040,1399-10-14
139,ومعادن,توسعه‌معادن‌وفلزات‌,3692,18625123,238445887620,12590,12640,12950,360,2.86,12800,210,1.67,12600,13000,1399-10-14
140,سفارس,سيمان فارس و خوزستان,3683,15823357,264541590510,17400,16540,16820,-580,-3.33,16720,-680,-3.91,16530,17550,1399-10-14
141,خرينگ,رينگ‌سازي‌مشهد,3653,4128617,292762333660,73930,73000,70240,-3690,-4.99,70910,-3020,-4.08,70240,74670,1399-10-14
142,كساپا,سايپاشيشه‌,3637,6703964,269258488220,38310,38400,40220,1910,4.99,40160,1850,4.83,38400,40220,1399-10-14
143,زدشت,كشت و صنعت دشت خرم دره,3577,6480412,295669103223,47864,45471,45471,-2393,-5.0,45625,-2239,-4.68,45471,47000,1399-10-14
144,سصفها,سيمان‌اصفهان‌,3574,1605063,543340310490,333160,316510,349810,16650,5.0,338520,5360,1.61,316510,349810,1399-10-14
145,زبينا,كشاورزي و دامپروري بينالود,3540,4522148,237310762775,50256,51730,51730,1474,2.93,52477,2221,4.42,51100,52768,1399-10-14
146,لپارس,پارس‌ الكتريك‌,3520,2337629,293641574040,131430,124860,124860,-6570,-5.0,125620,-5810,-4.42,124860,128000,1399-10-14
147,خاذين,سايپاآذين‌,3495,34316126,189747071360,5750,5570,5550,-200,-3.48,5530,-220,-3.83,5470,5750,1399-10-14
148,سيمرغ,سيمرغ,3475,13022057,253390829310,18620,18220,19550,930,4.99,19460,840,4.51,18220,19550,1399-10-14
149,حسينا,توسعه خدمات دريايي وبندري سينا,3472,3197886,243328300149,74765,75000,76640,1875,2.51,76090,1325,1.77,72180,78400,1399-10-14
150,غشهداب,كشت و صنعت شهداب ناب خراسان,3465,35106150,174628291040,5174,4916,4916,-258,-4.99,4974,-200,-3.87,4916,5120,1399-10-14
151,نوين,بيمه نوين,3455,27028020,212760797849,8152,8000,7800,-352,-4.32,7872,-280,-3.43,7745,8139,1399-10-14
152,قصفها,قنداصفهان‌,3449,1191678,214584496280,187800,180000,178420,-9380,-4.99,180070,-7730,-4.12,178410,189740,1399-10-14
153,ختراكح,ح . ريخته‌گري‌ تراكتورسازي‌,3392,10446463,161563765530,15170,16150,15010,-160,-1.05,15470,300,1.98,14220,16570,1399-10-14
154,كحافظ,كاشي‌ وسراميك‌ حافظ‌,3357,13110425,227875063720,16630,17060,17460,830,4.99,17380,750,4.51,16650,17460,1399-10-14
155,دتوليد,داروسازي توليد دارو,3349,7559996,275954772347,38202,36292,36292,-1910,-5.0,36502,-1700,-4.45,36292,37838,1399-10-14
156,كگل,معدني و صنعتي گل گهر,3319,15434733,305063052160,19630,19400,19990,360,1.83,19760,130,0.66,19400,20110,1399-10-14
157,فروس,فروسيليس‌ ايران‌,3267,30428382,191651490060,6510,6190,6190,-320,-4.92,6300,-210,-3.23,6190,6610,1399-10-14
158,غپينو,پارس‌ مينو,3264,37984442,359119394690,9920,9430,9430,-490,-4.94,9450,-470,-4.74,9430,9700,1399-10-14
159,شسينا,صنايع‌شيميايي‌سينا,3221,1163826,184519301740,163590,158000,155420,-8170,-4.99,158550,-5040,-3.08,155420,168990,1399-10-14
160,اخابر,مخابرات ايران,3218,19492941,253492174740,12990,12870,12990,0,0.0,13000,10,0.08,12690,13400,1399-10-14
161,والبر,سرمايه‌ گذاري‌ البرز(هلدينگ‌,3166,14687725,292635684510,20720,20310,19690,-1030,-4.97,19920,-800,-3.86,19690,21020,1399-10-14
162,غمارگ,مارگارين‌,3148,6754877,270365944430,41560,39490,39490,-2070,-4.98,40030,-1530,-3.68,39490,43450,1399-10-14
163,ومهان,گروه توسعه مالي مهر آيندگان,3139,8488867,129331577226,15068,14990,15100,32,0.21,15235,167,1.11,14802,15700,1399-10-14
164,فاسمين,كالسيمين‌,3126,10749969,207264091450,19050,18550,19340,290,1.52,19280,230,1.21,18550,19800,1399-10-14
165,سدور,سيمان‌ دورود,3098,15386620,187720701220,11750,12200,12330,580,4.94,12200,450,3.83,11750,12330,1399-10-14
166,سبهان,سيمان‌ بهبهان‌,3076,2244339,187797766960,79760,81500,83740,3980,4.99,83680,3920,4.91,81500,83740,1399-10-14
167,غصينو,صنعتي مينو,3011,3573838,274031477809,78204,78204,74294,-3910,-5.0,76677,-1527,-1.95,74294,80000,1399-10-14
168,كاوه,فولاد كاوه جنوب كيش,2916,12816045,264891917210,20870,20150,20820,-50,-0.24,20670,-200,-0.96,20100,21280,1399-10-14
169,زقيام,كشت و دام قيام اصفهان,2905,5430638,187391050303,33768,33552,35150,1382,4.09,34506,738,2.19,32341,35450,1399-10-14
170,وتعاون,بيمه  تعاون,2901,42982109,323784619612,7316,7535,7535,219,2.99,7533,217,2.97,7320,7535,1399-10-14
171,آريان,سرمايه گذاري پارس آريان,2874,34218928,563315852386,16926,16120,16260,-666,-3.93,16462,-464,-2.74,16120,17250,1399-10-14
172,كلوند,كاشي‌ الوند,2861,5868066,192833225760,32730,31210,32000,-730,-2.23,32860,130,0.4,31210,34360,1399-10-14
173,شفارس,صنايع‌ شيميايي‌ فارس‌,2849,8452515,490211789180,60930,57890,57890,-3040,-4.99,58000,-2930,-4.81,57890,60380,1399-10-14
174,ميدكو,هلدينگ صنايع  معدني خاورميانه,2836,10395739,319074657193,30305,28790,31300,995,3.28,30693,388,1.28,28790,31320,1399-10-14
175,شغدير,پتروشيمي غدير,2787,4762644,335542534021,73093,69500,69439,-3654,-5.0,70453,-2640,-3.61,69439,74300,1399-10-14
176,سرو,صندوق س سروسودمند مدبران-سهام,2775,2669581,188588193270,68910,67310,71700,2790,4.05,70640,1730,2.51,67310,72350,1399-10-14
177,شسپا,نفت سپاهان,2758,9625315,241795951010,24090,23500,25290,1200,4.98,25120,1030,4.28,23500,25290,1399-10-14
178,زاگرس,پتروشيمي زاگرس,2721,1922016,417021200622,207988,206900,218387,10399,5.0,216971,8983,4.32,201990,218387,1399-10-14
179,چكاوهح,ح . صنايع‌كاغذسازي‌كاوه‌,2711,10716091,129584823100,12680,12460,11890,-790,-6.23,12090,-590,-4.65,11750,12650,1399-10-14
180,مرقام,ايران‌ارقام‌,2693,11917180,277359554830,24360,23150,23700,-660,-2.71,23270,-1090,-4.47,23150,24350,1399-10-14
181,خريخت,صنايع‌ريخته‌گري‌ايران‌,2690,28919655,118660826940,4250,4070,4180,-70,-1.65,4100,-150,-3.53,4040,4330,1399-10-14
182,سصوفي,سيمان‌ صوفيان‌,2682,11428603,194889306300,17790,17100,16920,-870,-4.89,17050,-740,-4.16,16910,18200,1399-10-14
183,غنوش,نوش‌ مازندران‌,2682,6029430,430239758370,68340,70000,71750,3410,4.99,71360,3020,4.42,69460,71750,1399-10-14
184,وسين,بيمه سينا,2668,12974977,268186670009,21666,20583,20583,-1083,-5.0,20670,-996,-4.6,20583,21400,1399-10-14
185,تماوند,تامين سرمايه دماوند,2648,23667991,496146730487,20004,20890,21004,1000,5.0,20963,959,4.79,20050,21004,1399-10-14
186,بايكا,كارخانجات كابلسازي ‌ايران‌,2605,3375540,188956852823,54987,53750,56590,1603,2.92,55978,991,1.8,53750,56636,1399-10-14
187,نطرين,عطرين نخ قم,2595,13020536,134855629845,10717,10182,10530,-187,-1.74,10357,-360,-3.36,10182,10903,1399-10-14
188,رنيك,جنرال مكانيك,2565,7532820,189499331361,26205,24900,24895,-1310,-5.0,25156,-1049,-4.0,24895,26670,1399-10-14
189,كرازي,كارخانجات‌توليدي‌شيشه‌رازي‌,2543,8376908,246543672620,28070,29400,29470,1400,4.99,29430,1360,4.85,28070,29470,1399-10-14
190,قاسم,قاسم ايران,2537,11745255,171399739593,14957,14600,14210,-747,-4.99,14593,-364,-2.43,14210,15500,1399-10-14
191,كوير,توليدي فولاد سپيد فراب كوير,2533,9624078,214552044930,23040,22050,22100,-940,-4.08,22290,-750,-3.26,21890,23490,1399-10-14
192,حريل,ريل پردازسير,2532,26588641,150361546978,5470,5600,5743,273,4.99,5655,185,3.38,5410,5743,1399-10-14
193,وساخت,سرمايه‌ گذاري‌ ساختمان‌ايران‌,2526,2934304,181927862340,61190,60000,63690,2500,4.09,62000,810,1.32,59000,63990,1399-10-14
194,سپح,ح . پرداخت الكترونيك سامان كيش,2518,3785487,70557629760,20150,18840,18500,-1650,-8.19,18640,-1510,-7.49,18140,19870,1399-10-14
195,رمپنا,گروه مپنا (سهامي عام),2508,10812750,194064990260,17340,16930,18200,860,4.96,17950,610,3.52,16930,18200,1399-10-14
196,فرآور,فرآوري‌موادمعدني‌ايران‌,2490,8035433,233906319220,28450,28450,28770,320,1.12,29110,660,2.32,27410,29870,1399-10-14
197,وشهر,بانك شهر,2483,24340307,160427292969,6530,6791,6667,137,2.1,6591,61,0.93,6307,6791,1399-10-14
198,ركيش,كارت اعتباري ايران كيش,2470,12503460,281450338570,21500,22000,22570,1070,4.98,22510,1010,4.7,21950,22570,1399-10-14
199,قجام,فرآوردههاي غذايي وقندتربت‌جام‌,2461,15937681,235653757090,15100,15000,14652,-448,-2.97,14786,-314,-2.08,14647,15290,1399-10-14
200,سيلام,سيمان‌ ايلام‌,2448,19188111,202966615590,10100,9830,10600,500,4.95,10580,480,4.75,9830,10600,1399-10-14
201,شكلر,نيروكلر,2433,2692438,165107968150,58980,57100,61920,2940,4.98,61320,2340,3.97,57100,61920,1399-10-14
202,خشرق,الكتريك‌ خودرو شرق‌,2396,8645866,202139917910,22360,22950,23470,1110,4.96,23380,1020,4.56,22400,23470,1399-10-14
203,مدير,ص.س.مديريت ثروت ص.بازنشستگي-س,2376,10940080,110230866775,9915,9840,10150,235,2.37,10076,161,1.62,9840,10300,1399-10-14
204,ونفت,سرمايه‌گذاري‌ صنعت‌ نفت‌,2355,11997322,209519484450,17400,17010,17630,230,1.32,17460,60,0.34,16870,18100,1399-10-14
205,وبانك,سرمايه گذاري گروه توسعه ملي,2352,9206834,82988766930,9150,8810,9090,-60,-0.66,9030,-120,-1.31,8800,9310,1399-10-14
206,توريل,توکاريل,2347,8251302,234516940210,27199,26201,28558,1359,5.0,28422,1223,4.5,26201,28558,1399-10-14
207,ريشمك,توليد و صادرات ريشمك,2324,2740108,179053199170,65299,62050,64930,-369,-0.57,65345,46,0.07,62050,68000,1399-10-14
208,قشير,قند شيروان قوچان و بجنورد,2323,4424807,139330162296,30394,29990,31913,1519,5.0,31488,1094,3.6,29181,31913,1399-10-14
209,غديس,پاكديس,2297,8794699,101914874318,11928,12150,11400,-528,-4.43,11588,-340,-2.85,11332,12370,1399-10-14
210,سخواف,سيمان مجد خواف,2287,13503108,241844983559,17075,17928,17928,853,5.0,17910,835,4.89,17121,17928,1399-10-14
211,كپارس,كاشي‌ پارس‌,2277,803763,149377706900,186410,184000,182000,-4410,-2.37,185850,-560,-0.3,180800,190000,1399-10-14
212,شپترو,پتروشيمي آبادان,2260,40942001,242451776609,6103,5920,5920,-183,-3.0,5922,-181,-2.97,5920,6076,1399-10-14
213,كفپارس,فرآورده‌هاي‌ نسوز پارس‌,2255,18733779,123795914330,6930,6590,6590,-340,-4.91,6610,-320,-4.62,6590,6750,1399-10-14
214,وايران,ليزينگ ايرانيان,2241,9834542,118324650670,12490,11960,11870,-620,-4.96,12030,-460,-3.68,11870,12670,1399-10-14
215,خكاوه,سايپا ديزل,2234,28993273,152240883038,5355,5355,5251,-104,-1.94,5251,-104,-1.94,5195,5475,1399-10-14
216,هاي وب,داده گسترعصرنوين-هاي وب,2208,11905283,305847106070,27020,25670,25670,-1350,-5.0,25690,-1330,-4.92,25670,26130,1399-10-14
217,سشرق,سيمان‌ شرق‌,2196,17960192,126627260330,7260,6910,7040,-220,-3.03,7050,-210,-2.89,6910,7300,1399-10-14
218,وپست,پست بانك ايران,2193,16454854,322240868600,18710,19450,19640,930,4.97,19580,870,4.65,18850,19640,1399-10-14
219,دامين,داروسازي‌ امين‌,2192,5040835,92627739050,18130,18950,18210,80,0.44,18380,250,1.38,17530,18950,1399-10-14
220,وبوعلي,سرمايه‌گذاري‌بوعلي‌,2190,14764911,93094882330,6430,6210,6300,-130,-2.02,6310,-120,-1.87,6150,6640,1399-10-14
221,غگرجي,بيسكويت‌  گرجي‌,2190,3676552,85195089570,22120,23160,23220,1100,4.97,23170,1050,4.75,22500,23220,1399-10-14
222,ولغدر,ليزينگ‌خودروغدير,2183,10055390,271519972990,28290,26880,26880,-1410,-4.98,27000,-1290,-4.56,26880,28200,1399-10-14
223,وهور,مديريت انرژي اميد  تابان هور,2182,4716192,202897968512,42762,42440,42880,118,0.28,43022,260,0.61,42310,44200,1399-10-14
224,ثجوان,تامين مسكن جوانان,2178,11150996,158165322008,14460,15000,13741,-719,-4.97,14184,-276,-1.91,13737,15070,1399-10-14
225,رانفور,خدمات‌انفورماتيك‌,2175,4735027,154437794010,32420,31500,33220,800,2.47,32620,200,0.62,30800,33990,1399-10-14
226,قنيشا,قند  نيشابور,2165,7064928,451865871460,61020,64070,64070,3050,5.0,63960,2940,4.82,57970,64070,1399-10-14
227,غچين,كشت‌ و صنعت‌ چين‌ چين,2155,2809778,229471883680,79240,79240,83200,3960,5.0,81670,2430,3.07,77060,83200,1399-10-14
228,آگاس,صندوق س.هستي بخش آگاه-س,2138,1558299,111585369928,70224,69001,72770,2546,3.63,71607,1383,1.97,69001,73400,1399-10-14
229,ستران,سيمان‌ تهران‌,2133,4724664,152703371920,33700,32610,32500,-1200,-3.56,32320,-1380,-4.09,32020,34200,1399-10-14
230,فباهنر,مس‌ شهيدباهنر,2124,1670890,95193616910,56870,55520,56940,70,0.12,56970,100,0.18,55500,58900,1399-10-14
231,غالبر,لبنيات‌ كالبر,2101,6584887,94398025210,14300,14850,14010,-290,-2.03,14340,40,0.28,13720,15000,1399-10-14
232,غمينو,شركت صنايع غذايي مينو شرق,2100,6625265,100825356795,15778,14990,14990,-788,-4.99,15218,-560,-3.55,14990,15901,1399-10-14
233,اتكام,شركت بيمه اتكايي امين,2090,12584549,84483593758,6767,7100,6540,-227,-3.35,6713,-54,-0.8,6460,7100,1399-10-14
234,كهمدا,شيشه‌ همدان‌,2074,12034880,163410310400,12970,13470,13610,640,4.93,13580,610,4.7,13000,13610,1399-10-14
235,پلاسك,پلاسكوكار,2071,14348462,110596307080,7990,7600,7610,-380,-4.76,7710,-280,-3.5,7600,8200,1399-10-14
236,رتكو,كنترل‌خوردگي‌تكين‌كو,2067,10695231,205853568050,18990,18050,19930,940,4.95,19250,260,1.37,18050,19930,1399-10-14
237,حسير,ريل سير كوثر,2064,6829018,109096941195,16347,16000,16455,108,0.66,15975,-372,-2.28,15530,16460,1399-10-14
238,رتاپ,تجارت الكترونيك  پارسيان,2051,10707491,72392921600,7030,6820,6730,-300,-4.27,6760,-270,-3.84,6680,7200,1399-10-14
239,هرمز,فولاد هرمزگان جنوب,2027,11797585,172193381093,14525,14200,14530,5,0.03,14596,71,0.49,14200,15040,1399-10-14
240,دابور,داروسازي‌ ابوريحان‌,2011,2559817,127267132670,48090,47070,50490,2400,4.99,49720,1630,3.39,47050,50490,1399-10-14
241,بورس,بورس اوراق بهادار تهران,2009,2617627,147427168600,56780,55000,56350,-430,-0.76,56320,-460,-0.81,54000,58690,1399-10-14
242,ميهن,بيمه ميهن,1987,17047539,107634734354,6608,6278,6278,-330,-4.99,6314,-294,-4.45,6278,6550,1399-10-14
243,سنير,سيمان‌ سفيد ني‌ريز,1979,1100839,141388603900,122380,128470,128490,6110,4.99,128440,6060,4.95,126000,128490,1399-10-14
244,پاكشو,گروه صنعتي پاكشو,1965,1758561,154456998960,85930,86000,87800,1870,2.18,87830,1900,2.21,84250,89800,1399-10-14
245,دكوثر,داروسازي‌ كوثر,1961,4824040,118680725090,25220,24220,24170,-1050,-4.16,24600,-620,-2.46,23960,26000,1399-10-14
246,وپسا,س. پتروشيمي ساختمان  خليج فارس,1958,35162744,126399646766,3597,3490,3704,107,2.97,3595,-2,-0.06,3490,3704,1399-10-14
247,وتوكا,سرمايه‌گذاري‌توكافولاد(هلدينگ,1949,8404542,114574346950,13530,12910,13400,-130,-0.96,13630,100,0.74,12910,14160,1399-10-14
248,ولبهمن,شركت بهمن ليزينگ,1947,11213720,97577591772,8753,8333,8500,-253,-2.89,8702,-51,-0.58,8320,9180,1399-10-14
249,غشاذر,پگاه‌آذربايجان‌غربي‌,1946,6849729,151290628050,23040,21890,22650,-390,-1.69,22090,-950,-4.12,21890,23000,1399-10-14
250,ثعمرا,عمران و توسعه شاهد,1936,10491955,136072351198,13577,12899,12899,-678,-4.99,12969,-608,-4.48,12899,13400,1399-10-14
251,لازما,كارخانه هاي صنعتي آزمايش,1928,5531595,144873065925,25747,24718,26776,1029,4.0,26190,443,1.72,24718,26776,1399-10-14
252,حرهشا,رهشاد سپاهان (سهامي عام,1926,2710284,174072080880,62911,59766,66056,3145,5.0,64227,1316,2.09,59766,66056,1399-10-14
253,تسه9909,امتياز تسهيلات مسكن آذر99,1917,41461,26056043162,600383,630402,630402,30019,5.0,628447,28064,4.67,610003,630402,1399-10-14
254,خوساز,محورسازان‌ايران‌خودرو,1916,14892777,120282143030,7790,7600,8170,380,4.88,8080,290,3.72,7470,8170,1399-10-14
255,افق,فروشگاههاي زنجيره اي افق كوروش,1914,2883919,235219114260,80930,80500,82200,1270,1.57,81560,630,0.78,80000,84200,1399-10-14
256,تاپكيش,تجارت الكترونيك پارسيان كيش,1911,7695010,172021728611,23397,22228,22228,-1169,-5.0,22355,-1042,-4.45,22228,23000,1399-10-14
257,تپمپي,پمپ‌ سازي‌ ايران‌,1904,5199389,162704356950,32640,31010,31010,-1630,-4.99,31290,-1350,-4.14,31010,32500,1399-10-14
258,تايرا,تراكتورسازي‌ايران‌,1904,8838230,338520136140,36760,37000,38590,1830,4.98,38300,1540,4.19,36300,38590,1399-10-14
259,كلر,كلر پارس,1896,1914806,208298100640,103631,108812,108812,5181,5.0,108783,5152,4.97,106170,108812,1399-10-14
260,كگاز,شيشه‌ و گاز,1890,4523777,98883721280,22890,21890,22250,-640,-2.8,21860,-1030,-4.5,21750,22860,1399-10-14
261,كهمداح,ح . شيشه‌ همدان‌,1882,10623511,115067270860,10350,10200,11050,700,6.76,10830,480,4.64,10200,11100,1399-10-14
262,قچار,فراوردههاي غذايي وقند چهارمحال,1865,1883328,130197272421,70259,67003,69370,-889,-1.27,69131,-1128,-1.61,67000,72150,1399-10-14
263,كساوه,صنايع‌ كاشي‌ و سراميك‌ سينا,1820,2848470,259193733470,95590,90820,90820,-4770,-4.99,90990,-4600,-4.81,90820,93900,1399-10-14
264,شكربن,كربن‌ ايران‌,1815,4017486,439190215630,104710,105810,109940,5230,4.99,109320,4610,4.4,102710,109940,1399-10-14
265,فولاژ,فولاد آلياژي ايران,1811,6875223,135758715780,20600,19610,19580,-1020,-4.95,19750,-850,-4.13,19570,20850,1399-10-14
266,ولصنم,ليزينگ‌صنعت‌ومعدن‌,1800,13259807,123286621860,8910,8490,9350,440,4.94,9300,390,4.38,8490,9350,1399-10-14
267,شپاكسا,پاكسان‌,1799,3603806,129625263220,36250,34600,35660,-590,-1.63,35970,-280,-0.77,34600,37270,1399-10-14
268,زمگسا,كشاورزي‌ ودامپروي‌ مگسال‌,1774,4424789,186187690570,44200,41990,41990,-2210,-5.0,42080,-2120,-4.8,41990,42850,1399-10-14
269,سپاها,سيمان‌سپاهان‌,1771,10448564,96436210910,9610,9600,9130,-480,-4.99,9230,-380,-3.95,9130,9610,1399-10-14
270,وليز,ليزينگ‌ايران‌,1763,12026239,101715107850,8660,8680,8230,-430,-4.97,8460,-200,-2.31,8230,9030,1399-10-14
271,خكار,ايركا پارت صنعت,1748,5357051,135077838200,26400,25080,25990,-410,-1.55,25210,-1190,-4.51,25080,26270,1399-10-14
272,وحكمت,بيمه حكمت صبا,1746,16695613,94071004969,5481,5320,5645,164,2.99,5634,153,2.79,5320,5645,1399-10-14
273,ثنام,س ساختماني ب نام آوران مهندسي,1731,6071374,132510631644,22464,21791,21791,-673,-3.0,21825,-639,-2.84,21791,22300,1399-10-14
274,ثنظام,س. ساختماني نظام مهندسي ايران,1730,2575921,117228805231,44424,45756,45756,1332,3.0,45509,1085,2.44,43300,45756,1399-10-14
275,شپديس,پتروشيمي پرديس,1727,2020491,202363005910,98830,97100,99000,170,0.17,100160,1330,1.35,97100,102280,1399-10-14
276,لبوتان,گروه‌صنعتي‌بوتان‌,1722,1509558,133723547380,92950,88310,88310,-4640,-4.99,88580,-4370,-4.7,88310,91800,1399-10-14
277,سشمال,سيمان‌ شمال‌,1713,9555490,106730137230,10870,10330,11410,540,4.97,11170,300,2.76,10330,11410,1399-10-14
278,فپنتا,سپنتا,1694,257361,130193651110,483060,500000,507210,24150,5.0,505880,22820,4.72,484000,507210,1399-10-14
279,بنو,بيمه تجارت نو,1687,7222307,225548513940,31505,31510,31811,306,0.97,31229,-276,-0.88,30700,32000,1399-10-14
280,وگستر,گسترش سرمايه گذاري ايرانيان,1682,5095645,131655938442,27064,26470,25711,-1353,-5.0,25837,-1227,-4.53,25711,26600,1399-10-14
281,لوتوس,تامين سرمايه لوتوس پارسيان,1645,6658810,88307708440,13650,13000,13230,-420,-3.08,13260,-390,-2.86,12970,13890,1399-10-14
282,غگلپا,شير پاستوريزه پگاه گلپايگان,1643,1138002,87089375426,74967,77500,75310,343,0.46,76528,1561,2.08,72000,78700,1399-10-14
283,قمرو,قند مرودشت‌,1634,2587980,79624681010,31380,32890,29820,-1560,-4.97,30770,-610,-1.94,29820,32890,1399-10-14
284,فاما,صنعتي‌ آما,1614,4409929,92698621920,21830,20740,21190,-640,-2.93,21020,-810,-3.71,20740,22400,1399-10-14
285,بزاگرس,نيروگاه زاگرس كوثر,1613,10087901,106258789069,11044,10492,10492,-552,-5.0,10533,-511,-4.63,10492,10750,1399-10-14
286,وتوصا,گروه س توسعه صنعتي ايران,1613,9335074,223808067240,22870,23980,24010,1140,4.98,23970,1100,4.81,23260,24010,1399-10-14
287,وثنو,سرمايه گذاري ساختماني نوين,1611,5673728,109216449709,18487,17600,19411,924,5.0,19250,763,4.13,17600,19411,1399-10-14
288,زكشت,كشاورزي مكانيزه اصفهان كشت,1608,4179145,163591840597,40909,38900,38864,-2045,-5.0,39145,-1764,-4.31,38864,41140,1399-10-14
289,ثمسكن,سرمايه‌گذاري‌ مسكن‌,1604,12094803,69641116040,5810,5540,5760,-50,-0.86,5760,-50,-0.86,5540,5970,1399-10-14
290,غدام,خوراك‌  دام‌ پارس‌,1604,381079,174641897400,437200,459050,459060,21860,5.0,458280,21080,4.82,445950,459060,1399-10-14
291,فجر,فولاد اميركبيركاشان,1599,2446461,162362591790,65420,66330,66000,580,0.89,66370,950,1.45,65120,67500,1399-10-14
292,دسانكو,داروسازي سبحان انكولوژي,1595,5179361,108690509813,21845,21383,20753,-1092,-5.0,20985,-860,-3.94,20753,21840,1399-10-14
293,فسپا,گروه‌صنعتي‌سپاهان‌,1585,3181234,151553219430,49150,46700,47890,-1260,-2.56,47640,-1510,-3.07,46700,50000,1399-10-14
294,پاسا,ايران‌ياساتايرورابر,1581,4619358,123470100470,26570,26980,25990,-580,-2.18,26730,160,0.6,25500,27500,1399-10-14
295,دشيمي,شيمي‌ داروئي‌ داروپخش‌,1579,2086969,143374011650,72260,68650,68650,-3610,-5.0,68700,-3560,-4.93,68650,70000,1399-10-14
296,كطبس,ذغال‌سنگ‌ نگين‌ ط‌بس‌,1560,2440035,181943641700,73940,72000,76840,2900,3.92,74570,630,0.85,71000,76900,1399-10-14
297,غشان,شيرپاستوريزه‌پگاه‌خراسان‌,1557,10700219,79934185990,7770,7390,7400,-370,-4.76,7470,-300,-3.86,7390,7930,1399-10-14
298,لابسا,آبسال‌,1554,2194661,125060778470,54350,56480,57060,2710,4.99,56980,2630,4.84,55100,57060,1399-10-14
299,درهآور,دارويي ره آورد تامين,1548,1522795,67636540408,43189,45345,45280,2091,4.84,44416,1227,2.84,43189,45345,1399-10-14
300,اعتماد,صندوق س.اعتماد آفرين پارسيان-د,1547,34695770,1184867334130,34138,34147,34149,11,0.03,34150,12,0.04,34145,34156,1399-10-14
301,شصفها,پتروشيمي‌ اصفهان‌,1545,1554795,218462192531,136285,141736,137400,1115,0.82,140509,4224,3.1,136350,141736,1399-10-14
302,همراه,شركت ارتباطات سيار ايران,1531,2763719,86211319650,31340,30800,30710,-630,-2.01,31210,-130,-0.41,30430,32000,1399-10-14
303,ارفع,شركت آهن و فولاد ارفع,1530,5330997,77191899190,14511,14030,14370,-141,-0.97,14480,-31,-0.21,14030,15000,1399-10-14
304,كي بي سي,شركت كي بي سي,1528,3212533,122535722712,38868,39800,36925,-1943,-5.0,38143,-725,-1.87,36925,39800,1399-10-14
305,شپارس,بين‌ المللي‌ محصولات‌  پارس‌,1523,4055203,86702088670,20700,19730,21380,680,3.29,21380,680,3.29,19730,21730,1399-10-14
306,فسرب,ملي‌ سرب‌وروي‌ ايران‌,1517,619934,79214864740,126170,124830,127940,1770,1.4,127780,1610,1.28,124830,131100,1399-10-14
307,ولانا,شركت ليزينگ آريا دانا,1496,7380756,205118717361,27652,26823,28481,829,3.0,27791,139,0.5,26823,28481,1399-10-14
308,پارسان,گسترش نفت و گاز پارسيان,1482,6857742,151409239190,22090,21210,22340,250,1.13,22080,-10,-0.05,21150,22700,1399-10-14
309,فبيرا,بسته‌ بندي‌ ايران‌,1480,18104432,72194872395,4095,3973,3973,-122,-2.98,3988,-107,-2.61,3973,4100,1399-10-14
310,پرديس,سرمايه گذاري پرديس,1475,8429045,61944420540,7170,7000,7270,100,1.39,7350,180,2.51,7000,7510,1399-10-14
311,شبصير,توليدات پتروشيمي قائد بصير,1472,1304190,166555780727,121694,127778,127778,6084,5.0,127708,6014,4.94,125600,127778,1399-10-14
312,سخاش,سيمان‌خاش‌,1465,733581,98812594030,128410,134700,134830,6420,5.0,134700,6290,4.9,129000,134830,1399-10-14
313,شرانل,نفت ايرانول,1465,3018573,108844137520,34560,35400,35990,1430,4.14,36058,1498,4.33,34600,36288,1399-10-14
314,پكوير,كوير تاير,1462,3840880,81638524240,22040,20950,20940,-1100,-4.99,21260,-780,-3.54,20940,22500,1399-10-14
315,تاصيكو,سرمايه گذاري صدرتامين,1461,8653801,86993152610,10190,9720,10070,-120,-1.18,10080,-110,-1.08,9720,10400,1399-10-14
316,شجم,صنايع پتروشيمي تخت جمشيد,1457,14329857,163306595022,11221,10900,11557,336,2.99,11396,175,1.56,10885,11557,1399-10-14
317,دكيمي,كيميدارو,1452,1393515,42590052090,30980,29450,30300,-680,-2.19,30600,-380,-1.23,29450,31500,1399-10-14
318,دجابر,داروسازي‌ جابرابن‌حيان‌,1442,4612276,105999936890,24080,22880,23520,-560,-2.33,22980,-1100,-4.57,22880,23980,1399-10-14
319,دعبيد,لابراتوارداروسازي‌  دكترعبيدي‌,1439,1855509,56522825570,31550,30100,29980,-1570,-4.98,30460,-1090,-3.45,29980,32000,1399-10-14
320,هجرت,پخش هجرت,1418,3509451,126133164828,34719,35890,36454,1735,5.0,35941,1222,3.52,33000,36454,1399-10-14
321,دتماد,توليدمواداوليه‌داروپخش‌,1412,3026899,173918904680,54850,54300,57590,2740,5.0,57460,2610,4.76,54010,57590,1399-10-14
322,ثرود,سرمايه‌گذاري مسكن زاينده رود,1409,8986633,100842181806,11746,11159,11159,-587,-5.0,11221,-525,-4.47,11159,11700,1399-10-14
323,زشريف,كشت وصنعت شريف آباد,1408,2827300,76802708691,27802,26413,26550,-1252,-4.5,27165,-637,-2.29,26413,28390,1399-10-14
324,ارزش,صندوق س ارزش آفرين بيدار-سهام,1406,7114562,74451838250,10230,10230,10520,290,2.83,10460,230,2.25,10210,10790,1399-10-14
325,سرچشمه,سرمايه گذاري مس سرچشمه,1398,14385660,107766330169,7227,6930,7588,361,5.0,7491,264,3.65,6930,7588,1399-10-14
326,سكرما,سيمان‌ كرمان‌,1392,5367762,101325195140,18580,17660,19500,920,4.95,18880,300,1.61,17660,19500,1399-10-14
327,فسازان,غلتك سازان سپاهان,1391,2847035,105375750170,37360,36010,37110,-250,-0.67,37010,-350,-0.94,36010,38200,1399-10-14
328,وسپه,سرمايه‌گذاري‌ سپه‌,1391,5291727,75237492790,14080,14000,14250,170,1.21,14220,140,0.99,13700,14740,1399-10-14
329,شصدف,صنعتي دوده فام,1383,112305,3081761505,26135,27441,27441,1306,5.0,26211,76,0.29,27441,27441,1399-10-14
330,كفرآور,فرآورده هاي سيمان شرق,1363,3498728,89111439639,25724,25750,25300,-424,-1.65,25470,-254,-0.99,24953,26210,1399-10-14
331,گوهران,سرمايه گذاري توسعه گوهران اميد,1356,7891960,70482551651,9278,8815,8820,-458,-4.94,8931,-347,-3.74,8815,9449,1399-10-14
332,غدشت,دشت‌ مرغاب‌,1353,400554,123005162580,306600,292000,300010,-6590,-2.15,307090,490,0.16,292000,318130,1399-10-14
333,پرداخت,به پرداخت ملت,1348,5244988,169263354320,31030,29770,32580,1550,5.0,32270,1240,4.0,29770,32580,1399-10-14
334,وصنا,گروه‌صنايع‌بهشهرايران‌,1341,11483748,97420647030,8880,8440,8440,-440,-4.95,8480,-400,-4.5,8440,8890,1399-10-14
335,كاذر,فرآورده‌هاي‌نسوزآذر,1338,4410370,145536192440,31530,32700,33100,1570,4.98,33000,1470,4.66,32000,33100,1399-10-14
336,ثباغ,شهر سازي و خانه سازي باغميشه,1329,5900712,144375585640,23333,24498,24499,1166,5.0,24467,1134,4.86,23800,24499,1399-10-14
337,وبهمن,سرمايه‌گذاري‌بهمن‌,1295,6552034,155118164690,24710,23480,23480,-1230,-4.98,23670,-1040,-4.21,23480,24690,1399-10-14
338,غبشهر,صنعتي‌ بهشهر,1287,4874431,131721184300,25840,25180,27130,1290,4.99,27020,1180,4.57,25180,27130,1399-10-14
339,دفارا,داروسازي‌ فارابي‌,1286,2091320,148876218980,74790,71060,71060,-3730,-4.99,71190,-3600,-4.81,71060,73850,1399-10-14
340,شفن,پتروشيمي فناوران,1281,429578,130116913310,294570,290000,309270,14700,4.99,302890,8320,2.82,290000,309290,1399-10-14
341,خديزل,بهمن  ديزل,1280,2808581,150569413318,54970,52842,53400,-1570,-2.86,53610,-1360,-2.47,52222,57000,1399-10-14
342,ولشرق,ليزينگ ايران و شرق,1274,9719064,80166031537,7939,7796,8335,396,4.99,8248,309,3.89,7796,8335,1399-10-14
343,بالاس,مهندسي ساختمان تاسيسات راه آهن,1273,1364755,76040781896,53353,55700,56020,2667,5.0,55718,2365,4.43,53407,56020,1399-10-14
344,امين يكم,صندوق درآمد ثابت امين يكم فردا,1269,33158997,337637136335,10175,10180,10191,16,0.16,10182,7,0.07,10177,10194,1399-10-14
345,وسديد,گروه ‌صنعتي‌سديد,1265,7436425,190707717931,26431,25640,25639,-792,-3.0,25645,-786,-2.97,25639,26000,1399-10-14
346,وپترو,سرمايه‌گذاري صنايع پتروشيمي‌,1262,3755890,64903612690,17170,16860,17440,270,1.57,17280,110,0.64,16410,17800,1399-10-14
347,واتي,سرمايه‌ گذاري‌ آتيه‌ دماوند,1255,5202381,66936490640,12780,12370,12930,150,1.17,12870,90,0.7,12370,13250,1399-10-14
348,وبيمه,سرمايه‌ گذاري‌ صنعت‌ بيمه‌,1254,11455205,36427048500,3170,3100,3200,30,0.95,3180,10,0.32,3020,3250,1399-10-14
349,شفا,سرمايه گذاري شفادارو,1252,1722358,107069390050,65120,64640,61870,-3250,-4.99,62160,-2960,-4.55,61870,65000,1399-10-14
350,حاريا,كشتيراني آريا,1243,2058276,65831343571,32853,33430,31868,-985,-3.0,31984,-869,-2.65,31868,33430,1399-10-14
351,اپرداز,آتيه داده پرداز,1242,2248673,64001711279,28177,27100,28470,293,1.04,28462,285,1.01,27100,29500,1399-10-14
352,وسكاب,س.ص.بازنشستگي كاركنان بانكها,1242,11087722,70656318610,6420,6470,6370,-50,-0.78,6370,-50,-0.78,6210,6520,1399-10-14
353,بساما,بيمه سامان,1239,2589956,68579028957,27594,26300,26215,-1379,-5.0,26479,-1115,-4.04,26215,27240,1399-10-14
354,تنوين,تامين سرمايه نوين,1236,8965423,56287273940,6370,6170,6250,-120,-1.88,6280,-90,-1.41,6110,6560,1399-10-14
355,آينده,بازرگاني آينده سازان بهشت پارس,1234,6377876,130098158685,19886,19370,20482,596,3.0,20398,512,2.57,19370,20482,1399-10-14
356,تسه9908,امتياز تسهيلات مسكن آبان99,1227,37385,23570630906,602291,632405,621000,18709,3.11,630484,28193,4.68,611000,632405,1399-10-14
357,كاذرح,ح . فرآورده‌هاي‌نسوزآذر,1216,4247111,103355252300,23360,23820,24900,1540,6.59,24340,980,4.2,23000,24950,1399-10-14
358,دلرح,ح . داروسازي‌ اكسير,1216,1106888,43515290130,4400,40000,39490,35090,797.5,39310,34910,793.41,36200,41980,1399-10-14
359,فايرا,آلومينيوم‌ايران‌,1191,5337133,133822887210,25640,25230,24610,-1030,-4.02,25070,-570,-2.22,24360,26550,1399-10-14
360,آپ,آسان پرداخت پرشين,1180,8806084,216629666400,23430,24600,24600,1170,4.99,24600,1170,4.99,24600,24600,1399-10-14
361,شوينده,مديريت صنعت شوينده ت.ص.بهشهر,1176,2600251,101436075860,37810,36550,38790,980,2.59,39010,1200,3.17,36550,39700,1399-10-14
362,لسرما,سرما آفرين‌,1170,4421515,125372285980,27030,27330,28380,1350,4.99,28360,1330,4.92,27330,28380,1399-10-14
363,وكادو,تكادو,1163,7740219,191013124482,23960,24678,24678,718,3.0,24678,718,3.0,24678,24678,1399-10-14
364,تپولا,مهندسي مرآت پولاد,1163,2628754,91595973415,33876,34892,34892,1016,3.0,34844,968,2.86,33895,34892,1399-10-14
365,زنگان,صنعت روي زنگان,1153,718113,68160018542,99105,95010,94150,-4955,-5.0,94915,-4190,-4.23,94150,97999,1399-10-14
366,غشهد,شهد ايران ‌,1148,6762568,52300106510,7730,7350,7870,140,1.81,7730,0,0.0,7350,8050,1399-10-14
367,شاوان,پالايش نفت لاوان,1140,824709,76297543627,95404,91001,94900,-504,-0.53,92514,-2890,-3.03,90634,97920,1399-10-14
368,ثپرديس,سرمايه گذاري مسكن پرديس,1139,7682430,90871288705,11340,11200,11907,567,5.0,11828,488,4.3,11010,11907,1399-10-14
369,شگل,گلتاش‌,1117,3114304,83853965350,27050,25830,27820,770,2.85,26930,-120,-0.44,25830,28060,1399-10-14
370,كپرور,فرآوري زغال سنگ پروده طبس,1110,1846759,83793028055,45922,43626,45500,-422,-0.92,45373,-549,-1.2,43626,47420,1399-10-14
371,سخزر,سيمان‌ خزر,1110,1842543,64720318720,35610,36800,35400,-210,-0.59,35130,-480,-1.35,33830,36800,1399-10-14
372,غمينوح,ح . شركت صنايع غذايي مينو شرق,1107,4757914,48983482776,10458,10000,10299,-159,-1.52,10295,-163,-1.56,9940,10980,1399-10-14
373,فلوله,لوله‌وماشين‌سازي‌ايران‌,1103,3944202,88915520330,23550,22380,22380,-1170,-4.97,22540,-1010,-4.29,22380,23550,1399-10-14
374,ما,بيمه  ما,1099,7090482,60896253840,8440,8100,8670,230,2.73,8590,150,1.78,8100,8850,1399-10-14
375,كتوكاح,ح.توليدي وخدمات صنايع نسوزتوكا,1097,2076520,53741765504,25990,25990,26390,400,1.54,25881,-109,-0.42,25500,26500,1399-10-14
376,سكرد,سيمان كردستان,1096,6822831,57382116610,8720,8310,8670,-50,-0.57,8410,-310,-3.56,8290,8700,1399-10-14
377,ثشرق,سرمايه گذاري مسكن شمال شرق,1092,10154957,65140412580,6140,6150,6440,300,4.89,6410,270,4.4,6150,6440,1399-10-14
378,ساينا,صنايع بهداشتي ساينا,1085,373351,73409438766,203351,207998,200100,-3251,-1.6,196623,-6728,-3.31,193184,207998,1399-10-14
379,هجرتح,ح . پخش هجرت,1083,1641693,51743632452,30556,29032,32083,1527,5.0,31518,962,3.15,29032,32083,1399-10-14
380,پخش,پخش البرز,1081,1793226,75123012057,43914,41719,41719,-2195,-5.0,41893,-2021,-4.6,41719,43698,1399-10-14
381,اعتلا,شركت سرمايه گذاري اعتلاء البرز,1078,5523996,58874259205,10964,10416,10416,-548,-5.0,10658,-306,-2.79,10416,11300,1399-10-14
382,سامان,بانك سامان,1068,10909068,124949957927,11161,11150,11495,334,2.99,11454,293,2.63,11000,11495,1399-10-14
383,خمحور,توليدمحورخودرو,1060,1917026,148669972520,75100,71350,78850,3750,4.99,77550,2450,3.26,71350,78850,1399-10-14
384,ساربيل,سيمان آرتا اردبيل,1054,1557350,65408651280,44090,41890,41890,-2200,-4.99,42000,-2090,-4.74,41890,43490,1399-10-14
385,قزوين,كارخانجات‌ قند قزوين‌,1051,1165267,45705421320,39450,37840,40030,580,1.47,39230,-220,-0.56,37500,40480,1399-10-14
386,سپ,پرداخت الكترونيك سامان كيش,1046,3163718,63006222250,20710,19680,20040,-670,-3.24,19920,-790,-3.81,19680,20430,1399-10-14
387,ياقوت,صندوق س ياقوت آگاه-ثابت,1035,34019984,398509179269,11707,11713,11713,6,0.05,11714,7,0.06,11713,11714,1399-10-14
388,فلامي,لاميران‌,1033,1677868,87175913020,50250,50260,52760,2510,5.0,51960,1710,3.4,50260,52760,1399-10-14
389,وتوسم,سرمايه‌گذاري‌توسعه‌ملي‌,1028,3211524,40789814620,12960,12500,12460,-500,-3.86,12730,-230,-1.77,12420,13360,1399-10-14
390,شمواد,توليد مواداوليه الياف مصنوعي,1013,1041507,62128846651,58465,60000,60218,1753,3.0,59653,1188,2.03,58510,60218,1399-10-14
391,حپارسا,توسعه حمل و نقل ريلي پارسيان,1009,2918289,115684743352,38234,37110,40145,1911,5.0,39641,1407,3.68,37110,40145,1399-10-14
392,وصندوق,سرمايه‌گذاري‌صندوق‌بازنشستگي‌,1006,6917878,102920201000,15180,14480,15250,70,0.46,14910,-270,-1.78,14430,15500,1399-10-14
393,داروح,ح . كارخانجات‌داروپخش,1002,1746843,48491103670,27880,28280,27650,-230,-0.82,27760,-120,-0.43,26500,29470,1399-10-14
394,اميد,تامين سرمايه اميد,1000,6847032,72631717240,10270,9800,10780,510,4.97,10610,340,3.31,9800,10780,1399-10-14
395,داسوه,داروسازي‌ اسوه‌,999,1060846,31938397300,30900,29360,30200,-700,-2.27,30370,-530,-1.72,29360,31950,1399-10-14
396,سغرب,سيمان‌غرب‌,995,2264180,53711086170,22750,22000,23880,1130,4.97,23720,970,4.26,21710,23880,1399-10-14
397,وسرمد,بيمه  سرمد,994,11225973,94239886624,8608,8358,8480,-128,-1.49,8395,-213,-2.47,8350,8700,1399-10-14
398,كرماشا,صنايع پتروشيمي كرمانشاه,986,1858001,79285979390,41910,41510,42220,310,0.74,42670,760,1.81,41510,43500,1399-10-14
399,فالوم,آلومتك‌,986,3882744,151194534237,37844,38532,38979,1135,3.0,38940,1096,2.9,37844,38979,1399-10-14
400,غپاك,لبنيات‌ پاك‌,985,4976094,70628853900,14770,14040,14040,-730,-4.94,14190,-580,-3.93,14040,14980,1399-10-14
401,سخوز,سيمان خوزستان,985,3061240,66700393820,22700,21600,21980,-720,-3.17,21790,-910,-4.01,21570,23500,1399-10-14
402,پكرمان,گروه‌ صنعتي‌ بارز,985,3116102,95233536860,31330,31190,30950,-380,-1.21,30560,-770,-2.46,29780,31950,1399-10-14
403,وخاور,بانك خاورميانه,984,13023299,129337435670,9520,9490,9990,470,4.94,9930,410,4.31,9140,9990,1399-10-14
404,دلقما,دارويي‌ لقمان‌,983,1603163,47668854410,30970,29430,29430,-1540,-4.97,29730,-1240,-4.0,29430,31000,1399-10-14
405,ختراك,ريخته‌گري‌ تراكتورسازي‌ ايران‌,975,3125981,52403530170,16050,16700,16850,800,4.98,16730,680,4.24,16110,16850,1399-10-14
406,حتايد,تايدواترخاورميانه,975,6054851,153529417860,24180,25100,25380,1200,4.96,25360,1180,4.88,24890,25380,1399-10-14
407,فخاس,فولاد خراسان,975,1539429,45374158750,30220,29000,29000,-1220,-4.04,29860,-360,-1.19,28820,31000,1399-10-14
408,دالبر,البرزدارو,971,2135644,47981017490,22230,22000,22900,670,3.01,22470,240,1.08,21580,23290,1399-10-14
409,حخزر,كشتيراني درياي خزر,956,1995295,58694225002,28329,27755,29745,1416,5.0,29416,1087,3.84,27755,29745,1399-10-14
410,خكرمان,گروه اقتصادي كرمان خودرو,948,8359126,49113067209,5995,5816,5995,0,0.0,5875,-120,-2.0,5816,6099,1399-10-14
411,وشمال,س. چشم انداز توسعه شمال,946,661084,65626827303,96400,99292,99292,2892,3.0,99272,2872,2.98,98596,99292,1399-10-14
412,فزرين,زرين معدن آسيا,943,17632615,420132317605,22693,23827,23827,1134,5.0,23827,1134,5.0,23827,23827,1399-10-14
413,دارو,كارخانجات‌داروپخش‌,940,1694155,51532160910,31630,30050,30050,-1580,-5.0,30420,-1210,-3.83,30050,31960,1399-10-14
414,قشهد,شهد,936,1358625,46326662510,32930,31290,34570,1640,4.98,34000,1070,3.25,31290,34570,1399-10-14
415,تيپيكو,سرمايه گذاري دارويي تامين,936,701401,38628097680,55000,53000,55000,0,0.0,55030,30,0.05,53000,56900,1399-10-14
416,كاسپين,داروسازي كاسپين تامين,933,3242650,93901340203,29390,27921,30310,920,3.13,28958,-432,-1.47,27921,30700,1399-10-14
417,وآوا,سرمايه گذاري آوا نوين,932,6195337,56369620304,8666,9099,9099,433,5.0,9099,433,5.0,9000,9099,1399-10-14
418,پارسيان,بيمه پارسيان,931,3814776,50694879850,13340,12940,13200,-140,-1.05,13290,-50,-0.37,12940,13800,1399-10-14
419,دكپسول,توليد ژلاتين كپسول ايران,925,978696,44401584060,44896,42652,45280,384,0.86,45332,436,0.97,42652,47000,1399-10-14
420,ثامان,سامان‌ گستراصفهان‌,921,1933218,38307157850,19770,19040,20150,380,1.92,19800,30,0.15,19040,20400,1399-10-14
421,وبشهر,توسعه‌ صنايع‌ بهشهر(هلدينگ,915,3312405,51691550720,15970,15220,15560,-410,-2.57,15610,-360,-2.25,15220,16400,1399-10-14
422,خفولا,خدمات فني فولاد يزد,906,2175351,127086135563,56725,58426,58426,1701,3.0,58421,1696,2.99,57520,58426,1399-10-14
423,خكمك,كمك‌فنرايندامين‌,903,2287816,110226974880,45890,48180,48180,2290,4.99,48180,2290,4.99,48180,48180,1399-10-14
424,دسبحان,سبحان دارو,892,2048274,48483528470,24650,23430,23460,-1190,-4.83,23670,-980,-3.98,23420,24500,1399-10-14
425,ساروم,سيمان‌اروميه‌,886,1445612,36981745400,26210,25630,25350,-860,-3.28,25710,-500,-1.91,25020,26600,1399-10-14
426,شاراك,پتروشيمي شازند,879,2743199,63803993040,23130,22610,23330,200,0.86,23240,110,0.48,22610,23880,1399-10-14
427,زماهان,مجتمع توليد گوشت مرغ ماهان,877,1298943,41649555955,30631,32150,32162,1531,5.0,31727,1096,3.58,31010,32162,1399-10-14
428,وزمين,بانك ايران زمين,866,7046768,86532190588,12255,12255,12500,245,2.0,12280,25,0.2,12010,12500,1399-10-14
429,كمينا,شيشه سازي مينا,861,1937060,64794403846,32139,31050,33745,1606,5.0,33450,1311,4.08,31050,33745,1399-10-14
430,ثاباد,توريستي ورفاهي آبادگران ايران,856,1516153,73718910840,46320,48630,48630,2310,4.99,48620,2300,4.97,48150,48630,1399-10-14
431,چافست,افست‌,841,3380684,70623828640,21940,20850,20850,-1090,-4.97,20890,-1050,-4.79,20850,21500,1399-10-14
432,وسنا,سرمايه گذاري نيروگاهي ايران,837,6561128,119457654135,17402,17990,18272,870,5.0,18207,805,4.63,17725,18272,1399-10-14
433,سفار,سيمان‌فارس‌,833,505667,70575943190,132930,139570,139570,6640,5.0,139570,6640,5.0,139570,139570,1399-10-14
434,بهپاك,صنعتي بهپاك,827,1342038,60807612334,47204,44844,44844,-2360,-5.0,45310,-1894,-4.01,44844,48000,1399-10-14
435,شخارك,پتروشيمي‌ خارك‌,824,1163773,54324128620,45720,45720,46750,1030,2.25,46240,520,1.14,45030,47300,1399-10-14
436,كگهر,سنگ آهن گهرزمين,821,2522492,132412950029,50070,49728,52573,2503,5.0,52493,2423,4.84,49570,52573,1399-10-14
437,ددام,داروسازي زاگرس فارمد پارس,811,2181224,33656010040,16180,15380,15380,-800,-4.94,15640,-540,-3.34,15380,15950,1399-10-14
438,گشان,توسعه بين المللي پديده شانديز,797,689488,40643249136,61403,58947,58947,-2456,-4.0,58947,-2456,-4.0,58947,58947,1399-10-14
439,كنور,توسعه معدني و صنعتي صبانور,793,1262928,58587416980,45750,44500,46550,800,1.75,46390,640,1.4,44500,47270,1399-10-14
440,تكنو,تكنوتار,778,2578607,49058305750,18130,19030,19030,900,4.96,18930,800,4.41,18630,19030,1399-10-14
441,پسهند,صنايع‌ لاستيكي‌  سهند,777,1332439,61107122670,47800,45900,45900,-1900,-3.97,45860,-1940,-4.06,45410,47800,1399-10-14
442,اتكاي,بيمه اتكايي ايرانيان,774,2965878,50804939268,17990,17091,17091,-899,-5.0,17130,-860,-4.78,17091,17550,1399-10-14
443,خلنت,لنت‌ ترمزايران‌,770,524433,55373474370,101440,105540,106510,5070,5.0,105590,4150,4.09,97000,106510,1399-10-14
444,سفانو,سيمان فارس نو,761,1253073,39626402270,32690,31060,31800,-890,-2.72,31800,-890,-2.72,31060,33300,1399-10-14
445,مداران,داده‌پردازي‌ايران‌,758,2495520,64394549980,25330,24400,26590,1260,4.97,25800,470,1.86,24070,26590,1399-10-14
446,ضخود2007,اختيارخ خودرو-3000-1400/02/08,755,28864,16949166000,585,440,610,25,4.27,587,2,0.34,440,660,1399-10-14
447,كيان,صندوق س. با درآمد ثابت كيان,750,15075061,400648684567,26564,26584,26582,18,0.07,26577,13,0.05,26575,26584,1399-10-14
448,كاريس,صندوق س.سپهر كاريزما-س,746,2409336,29837189689,12325,12319,12570,245,1.99,12384,59,0.48,12010,12997,1399-10-14
449,حپترو,حمل و نقل پتروشيمي( سهامي عام,741,1379964,54338388950,37740,39000,39620,1880,4.98,39370,1630,4.32,38200,39620,1399-10-14
450,سمتاز,سيمان ممتازان كرمان,734,944432,28679829896,29898,30793,30610,712,2.38,30367,469,1.57,29700,30793,1399-10-14
451,بسويچ,پارس‌سويچ‌,731,526517,24819408980,46430,44120,47960,1530,3.3,46780,350,0.75,44120,47970,1399-10-14
452,جم,پتروشيمي جم,718,3050603,143802868310,46480,45530,47490,1010,2.17,47140,660,1.42,45530,47900,1399-10-14
453,طلا,صندوق س.پشتوانه طلاي لوتوس,709,568018,46203237316,80670,81140,81600,930,1.15,81341,671,0.83,80830,81700,1399-10-14
454,كاردان,صندوق س تجارت شاخصي كاردان,705,434719,72929294920,165850,164970,169000,3150,1.9,167760,1910,1.15,162060,173000,1399-10-14
455,خودكفا,اقتصادي و خودكفايي آزادگان,705,845836,34017832248,41461,40218,40218,-1243,-3.0,40864,-597,-1.44,40218,40218,1399-10-14
456,دسبحا,گروه دارويي سبحان,702,2166362,46671158210,22620,21510,21490,-1130,-5.0,21540,-1080,-4.77,21490,22610,1399-10-14
457,كفرا,فراورده‌ هاي‌ نسوزايران‌,693,734130,44959227040,63420,60250,60250,-3170,-5.0,61300,-2120,-3.34,60250,65000,1399-10-14
458,وتوشه,سرمايه‌ گذاري‌ پارس‌ توشه‌,691,2159232,49429013970,22830,22830,22800,-30,-0.13,22890,60,0.26,21740,23250,1399-10-14
459,سمازن,سيمان‌مازندران‌,685,6266237,70083970750,11750,11170,11170,-580,-4.94,11180,-570,-4.85,11170,11480,1399-10-14
460,شفارا,پتروشيمي فارابي,677,11156650,53963439685,5082,4828,4828,-254,-5.0,4837,-245,-4.82,4828,5022,1399-10-14
461,كخاك,صنايع‌خاك‌چيني‌ايران‌,674,1211094,63469059920,50070,51950,52570,2500,4.99,52410,2340,4.67,47930,52570,1399-10-14
462,قلرست,قند لرستان‌,674,1596004,46047947170,27500,28800,28870,1370,4.98,28690,1190,4.33,28020,28870,1399-10-14
463,درازك,دارويي‌ رازك‌,663,1011563,47473002560,47570,45400,47560,-10,-0.02,46930,-640,-1.35,45400,48100,1399-10-14
464,دلر,داروسازي‌ اكسير,663,792778,36339018000,48030,45630,45630,-2400,-5.0,46290,-1740,-3.62,45630,48000,1399-10-14
465,فن آوا,گروه فن آوا,662,2955015,36501166173,12626,11995,12780,154,1.22,12352,-274,-2.17,11995,12930,1399-10-14
466,دسينا,داروسازي‌ سينا,654,1467446,43326304780,30010,29100,28650,-1360,-4.53,29570,-440,-1.47,28510,30500,1399-10-14
467,بخاور,بيمه زندگي خاورميانه,652,4484746,38040741601,8883,8439,8439,-444,-5.0,8559,-324,-3.65,8439,8705,1399-10-14
468,غشصفا,شيرپاستوريزه‌پگاه‌اصفهان‌,649,995715,28697622170,29690,28300,28700,-990,-3.33,29170,-520,-1.75,28210,29880,1399-10-14
469,واميد,گروه مديريت سرمايه گذاري اميد,646,2087513,82172555290,39020,39030,40070,1050,2.69,39250,230,0.59,38120,40070,1399-10-14
470,واعتبار,سرمايه گذاري اعتبار ايران,645,5016742,35233422220,7150,7190,6940,-210,-2.94,7060,-90,-1.26,6800,7230,1399-10-14
471,غمهرا,توليدي‌مهرام‌,641,539126,50795672820,89740,94220,94220,4480,4.99,94070,4330,4.83,92500,94220,1399-10-14
472,آوا,صندوق س.سهام آواي معيار-س,641,2155078,17551835672,8030,8090,8190,160,1.99,8144,114,1.42,7900,8390,1399-10-14
473,مبين,مبين انرژي خليج فارس,628,2405370,38782512270,16110,15620,16410,300,1.86,16110,0,0.0,15620,16430,1399-10-14
474,سرود,سيمان‌شاهرود,621,1309515,22438809550,17570,16710,17040,-530,-3.02,17360,-210,-1.2,16700,17970,1399-10-14
475,ساراب,سيمان‌ داراب‌,619,2082220,27211302350,13730,13050,13050,-680,-4.95,13350,-380,-2.77,13050,13400,1399-10-14
476,غبهار,كشت وصنعت بهاران گلبهار خراسان,607,1534308,84758242536,52612,55242,55242,2630,5.0,55242,2630,5.0,55242,55242,1399-10-14
477,شساخت,مهندسي و ساختمان صنايع نفت,603,1000583,41479577090,42642,41363,41510,-1132,-2.65,41464,-1178,-2.76,41363,42470,1399-10-14
478,پارس,پتروشيمي پارس,596,544243,85997921940,157370,158880,159000,1630,1.04,157930,560,0.36,154000,159500,1399-10-14
479,شبهرن,نفت‌ بهران‌,593,1375048,78157728320,54140,56840,56840,2700,4.99,56840,2700,4.99,56840,56840,1399-10-14
480,غپآذر,شير پگاه آذربايجان شرقي,591,1001003,55725740172,58535,55609,55609,-2926,-5.0,55670,-2865,-4.89,55609,57500,1399-10-14
481,ثعتما,س. ساختماني اعتماد گستر,589,1008297,51552847001,52256,50690,50689,-1567,-3.0,51129,-1127,-2.16,50689,52980,1399-10-14
482,جم پيلن,پلي پروپيلن جم - جم پيلن,571,658999,54569884820,81930,80710,82600,670,0.82,82650,720,0.88,80710,84000,1399-10-14
483,غبهنوش,بهنوش‌ ايران‌,569,487682,52108821700,112470,106850,106850,-5620,-5.0,106850,-5620,-5.0,106850,106850,1399-10-14
484,شنفت,نفت‌ پارس‌,569,649729,37803370190,58730,55800,58230,-500,-0.85,58370,-360,-0.61,55800,59490,1399-10-14
485,شدوص,دوده‌ صنعتي‌ پارس‌,564,2368932,63978707740,25840,26600,27130,1290,4.99,27010,1170,4.53,26170,27130,1399-10-14
486,دپارس,پارس‌ دارو,563,236145,23628705090,104510,108170,99400,-5110,-4.89,102270,-2240,-2.14,99290,108170,1399-10-14
487,ولملت,واسپاري ملت,558,3175087,29831386890,9790,9340,9330,-460,-4.7,9540,-250,-2.55,9310,9990,1399-10-14
488,شراز,پالايش نفت شيراز,549,288560,31589457830,112930,108500,109220,-3710,-3.29,110615,-2315,-2.05,107300,114000,1399-10-14
489,نيرو,نيرو سرمايه,541,563232,32713679329,57949,57949,57849,-100,-0.17,58082,133,0.23,56450,59200,1399-10-14
490,اطلس,صندوق س.توسعه اندوخته آينده-س,538,291361,61317069222,205931,205555,214300,8369,4.06,210450,4519,2.19,205555,215000,1399-10-14
491,زنجان,صنايع كشاورزي وكود زنجان,535,10142937,110375440434,10566,10882,10882,316,2.99,10882,316,2.99,10882,10882,1399-10-14
492,سهرمز,سيمان‌هرمزگان‌,524,868116,19433317770,22870,22460,22600,-270,-1.18,22680,-190,-0.83,21860,23200,1399-10-14
493,سهگمت,سيمان‌هگمتان‌,508,1015622,24348703360,24810,23570,24040,-770,-3.1,24370,-440,-1.77,23570,24960,1399-10-14
494,بفجر,فجر انرژي خليج فارس,508,1087282,30604284220,28110,27170,28590,480,1.71,28130,20,0.07,27170,28600,1399-10-14
495,مفاخر,توسعه فناوري اطلاعات خوارزمي,506,1139918,46180991140,41186,39130,41710,524,1.27,40529,-657,-1.6,39130,42229,1399-10-14
496,شلعاب,لعابيران‌,505,1616459,21401422980,12610,13240,13240,630,5.0,12860,250,1.98,13000,13240,1399-10-14
497,زپارس,ملي كشت و صنعت و دامپروري پارس,504,438113,45430635740,100870,96110,104830,3960,3.93,103370,2500,2.48,96110,104940,1399-10-14
498,ولتجار,واسپاري تجارت وسرمايه ايرانيان,503,4963449,46545794588,8944,9380,9391,447,5.0,9378,434,4.85,9113,9391,1399-10-14
499,غشوكو,شوكو پارس,501,536584,23874550027,45721,44350,44350,-1371,-3.0,44494,-1227,-2.68,44350,45610,1399-10-14
500,پارتا,مجتمع‌صنعتي‌آرتاويل‌تاير,488,550669,35104315176,64141,63937,62270,-1871,-2.92,63748,-393,-0.61,62217,66065,1399-10-14
501,خچرخش,چرخشگر,477,2599988,56419739600,20670,21700,21700,1030,4.98,21700,1030,4.98,21700,21700,1399-10-14
502,دروز,داروسازي‌ روزدارو,474,1145799,21749683430,19720,20490,18740,-980,-4.97,19380,-340,-1.72,18740,20490,1399-10-14
503,تشتاد,صنايع توليدي اشتاد ايران‌,470,1243233,19684902809,15477,15560,15941,464,3.0,15813,336,2.17,15155,15941,1399-10-14
504,فيروزه,صندوق شاخص30 شركت فيروزه- سهام,469,191548,31318852640,160680,156070,164490,3810,2.37,163500,2820,1.76,156070,167000,1399-10-14
505,شيراز,پتروشيمي‌شيراز,460,1442377,82658921230,57450,56000,57700,250,0.44,57330,-120,-0.21,55500,58000,1399-10-14
506,دفرا,فرآورده‌هاي‌ تزريقي‌ ايران‌,452,721765,19535616840,27520,26160,27290,-230,-0.84,27330,-190,-0.69,26160,27990,1399-10-14
507,ختور,رادياتور ايران‌,452,1113834,39117850080,33450,35120,35120,1670,4.99,34750,1300,3.89,35120,35120,1399-10-14
508,ورازي,بيمه رازي,451,2443022,27890778268,12009,11409,11409,-600,-5.0,11417,-592,-4.93,11409,11690,1399-10-14
509,وملت,سرمايه گذاري ملت,448,3162727,12809653245,4131,4049,4049,-82,-1.98,4050,-81,-1.96,4049,4150,1399-10-14
510,حبندر,دريايي و کشتيراني خط دريابندر,442,981025,32249161420,31917,32874,32874,957,3.0,32873,956,3.0,32800,32874,1399-10-14
511,وآرين,شركت توسعه اقتصادي آرين,436,3603631,18274988564,4937,5083,5085,148,3.0,5058,121,2.45,4920,5085,1399-10-14
512,سقاين,سيمان‌ قائن‌,431,350330,16932606180,48910,47000,49340,430,0.88,48710,-200,-0.41,47000,49980,1399-10-14
513,ضسپا1102,اختيارخ خساپا-2000-1399/11/26,430,18833,7710079000,405,400,438,33,8.15,409,4,0.99,320,450,1399-10-14
514,لخزر,پارس‌ خزر,429,125109,24600024180,205860,195570,195670,-10190,-4.95,201010,-4850,-2.36,195570,205000,1399-10-14
515,كدما,معدني‌ دماوند,418,226067,71226929690,300070,315070,315070,15000,5.0,315070,15000,5.0,315070,315070,1399-10-14
516,وپخش,داروپخش‌ (هلدينگ‌,417,153537,19528679690,125790,122500,124410,-1380,-1.1,126360,570,0.45,120950,131000,1399-10-14
517,خموتور,موتورسازان‌تراكتورسازي‌ايران‌,417,3420830,70434889700,19610,20590,20590,980,5.0,20590,980,5.0,20590,20590,1399-10-14
518,خزر,فنرسازي‌زر,415,1994818,66128216700,31580,33150,33150,1570,4.97,33150,1570,4.97,33150,33150,1399-10-14
519,كشرق,صنعتي و معدني شمال شرق شاهرود,413,681922,61290166042,85687,89971,89971,4284,5.0,89879,4192,4.89,88000,89971,1399-10-14
520,سيستم,همكاران سيستم,409,610816,19725060400,33180,32200,32200,-980,-2.95,32820,-360,-1.08,31840,33000,1399-10-14
521,حتوكا,حمل‌ونقل‌توكا,403,1013653,37920758730,35630,37410,37410,1780,5.0,36860,1230,3.45,37410,37410,1399-10-14
522,قهكمت,قندهكمتان‌,402,355360,17331936200,50750,48220,48500,-2250,-4.43,50030,-720,-1.42,48220,51490,1399-10-14
523,زر,صندوق س.پشتوانه سكه طلاي زر,402,449306,21204442380,46644,47599,47113,469,1.01,47194,550,1.18,47000,47599,1399-10-14
524,آتيمس,صندوق س.آرمان آتيه درخشان مس-س,395,105851,22811924251,214361,210000,216000,1639,0.76,215510,1149,0.54,210000,224397,1399-10-14
525,عيار,صندوق س. پشتوانه طلاي مفيد,394,502529,14539322303,28397,28550,29130,733,2.58,28932,535,1.88,28550,29200,1399-10-14
526,قپيرا,فرآورده‌هاي‌غدايي‌وقندپيرانشهر,381,398439,44242947140,105790,111060,111070,5280,4.99,110120,4330,4.09,106000,111070,1399-10-14
527,بالبر,كابل‌ البرز,375,765200,28427180000,35390,37150,37150,1760,4.97,36300,910,2.57,37150,37150,1399-10-14
528,آساس,صندوق س.آسمان آرماني سهام-س,374,227763,39297583315,169737,168000,173500,3763,2.22,172537,2800,1.65,168000,176000,1399-10-14
529,آكورد,صندوق س. آرمان آتي كوثر-د,372,10324512,310582605498,30062,30085,30084,22,0.07,30082,20,0.07,30080,30090,1399-10-14
530,ثالوند,سرمايه گذاري مسكن الوند,372,3198160,55385734880,16494,17318,17318,824,5.0,17318,824,5.0,17318,17318,1399-10-14
531,فنورد,نوردوقطعات‌ فولادي‌,366,210106,55833568440,253090,265740,265740,12650,5.0,265740,12650,5.0,265740,265740,1399-10-14
532,تسه9907,امتياز تسهيلات مسكن مهر99,361,4387,2765872287,600897,630941,624260,23363,3.89,630470,29573,4.92,591025,630941,1399-10-14
533,شپاس,نفت پاسارگاد,356,2269905,50087321228,21174,20363,22232,1058,5.0,22062,888,4.19,20350,22232,1399-10-14
534,پلاست,كارخانجات توليدي پلاستيران,343,494265,26415004395,51887,53443,53443,1556,3.0,53443,1556,3.0,53443,53443,1399-10-14
535,كويرح,ح. توليدي فولاد سپيد فراب كوير,342,2441475,41529496500,17250,18980,17000,-250,-1.45,17010,-240,-1.39,17000,18980,1399-10-14
536,زعف0008پ10,زعفران0008نگين طلاي سرخ(پ),338,20854,2593487533,123555,125000,124710,1155,0.93,124364,809,0.65,121510,125000,1399-10-14
537,شكبير,پتروشيمي اميركبير,335,1984737,163669401689,80109,80460,82512,2403,3.0,82464,2355,2.94,80460,82512,1399-10-14
538,پارند,صندوق س. پارند پايدار سپهر,334,5057717,57824376806,11410,11429,11435,25,0.22,11433,23,0.2,11410,11445,1399-10-14
539,كسعدي,كاشي‌ سعدي‌,331,1095350,22213698000,19320,20280,20280,960,4.97,19710,390,2.02,20280,20280,1399-10-14
540,فمراد,آلومراد,328,251031,43917873450,166620,174950,174950,8330,5.0,173260,6640,3.99,174950,174950,1399-10-14
541,فجام,جام‌دارو,325,1747529,17580141740,9590,10060,10060,470,4.9,9740,150,1.56,10060,10060,1399-10-14
542,ضخود2005,اختيارخ خودرو-2000-1400/02/08,322,10292,12875001000,1253,1200,1270,17,1.36,1251,-2,-0.16,1140,1300,1399-10-14
543,غپونه,نوش پونه مشهد,321,1500798,30961462740,20030,20630,20630,600,3.0,20630,600,3.0,20630,20630,1399-10-14
544,كقزوي,شيشه‌ قزوين‌,318,2713827,27038432268,9684,9900,9974,290,2.99,9963,279,2.88,9700,9974,1399-10-14
545,ثنور,سرمايه گذاري كوه نور,317,2772670,34442106740,12061,12422,12422,361,2.99,12422,361,2.99,12422,12422,1399-10-14
546,وكار,بانك‌ كارآفرين‌,310,21905776,70536598720,3070,3220,3220,150,4.89,3220,150,4.89,3220,3220,1399-10-14
547,افرا,افرانت,309,1122400,58023590400,49235,51696,51696,2461,5.0,51696,2461,5.0,51696,51696,1399-10-14
548,مارون,پتروشيمي مارون,298,138890,20631208023,151107,144000,149400,-1707,-1.13,150565,-542,-0.36,144000,149980,1399-10-14
549,كمرجان,بازرگاني و توليدي مرجان كار,296,239672,24771778904,98436,103357,103357,4921,5.0,100654,2218,2.25,103357,103357,1399-10-14
550,ضخود2009,اختيارخ خودرو-4000-1400/02/08,294,9649,3589123000,399,320,370,-29,-7.27,372,-27,-6.77,320,430,1399-10-14
551,فنفت,صنايع تجهيزات نفت,286,1679878,36381973775,20789,21500,21828,1039,5.0,21658,869,4.18,20900,21828,1399-10-14
552,گكيش,توريستي ورفاهي آبادگران كيش,283,280493,17808637577,60584,63613,63613,3029,5.0,63005,2421,4.0,62500,63613,1399-10-14
553,ثتوسا,س.توسعه و عمران استان اردبيل,267,494927,24480574201,48023,49463,49463,1440,3.0,49463,1440,3.0,49463,49463,1399-10-14
554,لپيام,گسترش صنايع پيام,263,745357,29548932908,37757,39644,39644,1887,5.0,39644,1887,5.0,39644,39644,1399-10-14
555,سبجنو,سيمان‌ بجنورد,258,244448,9068234270,38280,36500,36520,-1760,-4.6,38060,-220,-0.57,36400,38260,1399-10-14
556,داراب,پتروشيمي داراب,255,2591188,6892560080,2799,2660,2660,-139,-4.97,2748,-51,-1.82,2660,2660,1399-10-14
557,بميلا,توسعه بازرگاني آهن وفولادميلاد,250,4911704,105424814656,20442,21464,21464,1022,5.0,21464,1022,5.0,21464,21464,1399-10-14
558,وثوق,سرمايه گذاري وثوق امين,250,1519622,24274441828,16468,15974,15974,-494,-3.0,15974,-494,-3.0,15974,15974,1399-10-14
559,دقاضي,داروسازي شهيد قاضي,244,194102,9612619934,51038,49507,49507,-1531,-3.0,50277,-761,-1.49,49507,50214,1399-10-14
560,تسه9710,امتياز تسهيلات مسكن دي 97,244,4076,1869098712,436726,458562,458562,21836,5.0,458562,21836,5.0,458562,458562,1399-10-14
561,خفنر,فنرسازي‌خاور,243,1171098,27661334760,22500,23620,23620,1120,4.98,23070,570,2.53,23620,23620,1399-10-14
562,غاذر,كشت‌وصنعت‌پياذر,237,1097415,55781604450,48410,50830,50830,2420,5.0,50830,2420,5.0,50830,50830,1399-10-14
563,شاملا,معدني‌ املاح‌  ايران‌,237,169503,11079579760,67340,64010,65990,-1350,-2.0,66880,-460,-0.68,63980,67340,1399-10-14
564,ثتران,سرمايه گذاري مسكن تهران,235,3649591,17999782812,5191,4932,4932,-259,-4.99,5091,-100,-1.93,4932,4932,1399-10-14
565,افق ملت,صندوق س در سهام افق ملت,233,44022,6151907940,137080,136050,139990,2910,2.12,139750,2670,1.95,136030,142750,1399-10-14
566,سفارود,كارخانه فارسيت درود,229,1770701,24538374458,13325,13858,13858,533,4.0,13858,533,4.0,13858,13858,1399-10-14
567,سكه0012پ01,سكه تمام بهارتحويلي 1روزه رفاه,227,78200,91298812100,1154731,1166998,1172999,18268,1.58,1167504,12773,1.11,1163600,1173000,1399-10-14
568,وثخوز,سرمايه گذاري و توسعه خوزستان,227,323824,23205875488,68250,71662,71662,3412,5.0,71662,3412,5.0,71662,71662,1399-10-14
569,ضسپا1103,اختيارخ خساپا-2500-1399/11/26,227,9610,1735788000,160,151,210,50,31.25,181,21,13.13,141,210,1399-10-14
570,سكه9912پ04,سكه تمام بهارتحويل1روزه صادرات,220,182000,212250330700,1154716,1156500,1170700,15984,1.38,1166211,11495,1.0,1156500,1174000,1399-10-14
571,كهرام,توليدي گرانيت بهسرام,219,119171,10192457288,83037,85528,85528,2491,3.0,84239,1202,1.45,85528,85528,1399-10-14
572,صايند,صندوق س. گنجينه آينده روشن-د,219,7172660,71286182070,9932,9933,9944,12,0.12,9939,7,0.07,9920,9960,1399-10-14
573,بمپنا,توليد برق عسلويه  مپنا,211,63037,5862181568,97191,93000,93999,-3192,-3.28,96674,-517,-0.53,92332,94750,1399-10-14
574,چكاوه,صنايع‌كاغذسازي‌كاوه‌,209,555984,6716286720,11510,12080,12080,570,4.95,11580,70,0.61,12080,12080,1399-10-14
575,بكاب,صنايع‌جوشكاب‌يزد,205,169497,63571544820,357200,375060,375060,17860,5.0,375060,17860,5.0,375060,375060,1399-10-14
576,نمرينو,ايران‌ مرينوس‌,201,288745,15846377710,57610,54730,54730,-2880,-5.0,56700,-910,-1.58,54730,56000,1399-10-14
577,سلار,شركت سيمان لارستان,195,440607,24517544341,54042,55663,55663,1621,3.0,55645,1603,2.97,55175,55663,1399-10-14
578,داوه,داروسازي آوه سينا,192,732846,15993631104,20785,21824,21824,1039,5.0,21097,312,1.5,21824,21824,1399-10-14
579,تسه9902,امتياز تسهيلات مسكن ارديبهشت99,184,2243,1414907155,601043,631095,631095,30052,5.0,630810,29767,4.95,621000,631095,1399-10-14
580,خفناور,مهندسي صنعتي روان فن آور,178,409144,12198219216,28946,29814,29814,868,3.0,29440,494,1.71,29814,29814,1399-10-14
581,ضپاس1003,اختيارخ وپارس-3500-1399/10/30,177,4320,1219960000,202,174,350,148,73.27,282,80,39.6,170,350,1399-10-14
582,تسه9906,امتياز تسهيلات مسكن شهريور99,176,1237,780841556,601570,610290,631648,30078,5.0,631238,29668,4.93,610290,631648,1399-10-14
583,قشرين,قند شيرين خراسان,176,995225,18398724575,19058,18487,18487,-571,-3.0,18500,-558,-2.93,18487,18487,1399-10-14
584,ضخود2006,اختيارخ خودرو-2500-1400/02/08,171,5233,4388665000,809,820,850,41,5.07,839,30,3.71,820,909,1399-10-14
585,تسه9904,امتياز تسهيلات مسكن تير99,168,1929,1220771009,602963,633111,633111,30148,5.0,632852,29889,4.96,617000,633111,1399-10-14
586,تسه9810,امتياز تسهيلات مسكن دي98,163,2337,1455025971,594483,602000,616000,21517,3.62,622604,28121,4.73,601800,624207,1399-10-14
587,پلوله,گازلوله‌,158,726853,13420923826,18284,18466,18466,182,1.0,18464,180,0.98,18105,18466,1399-10-14
588,ساروج,بين المللي ساروج بوشهر,158,214545,4761339806,22307,21640,22307,0,0.0,22279,-28,-0.13,21640,22976,1399-10-14
589,سدبير,س. تدبيرگران فارس وخوزستان,153,760216,46500132072,58255,61167,61167,2912,5.0,60715,2460,4.22,61167,61167,1399-10-14
590,دارا,صندوق س. دارا الگوريتم-د,150,3590667,36149426120,10060,10070,10072,12,0.12,10068,8,0.08,10051,10072,1399-10-14
591,سپر,صندوق س سپر سرمايه بيدار- ثابت,148,1476081,16294217146,11090,11041,11040,-50,-0.45,11039,-51,-0.46,11030,11060,1399-10-14
592,ثغرب,شركت سرمايه گذاري مسكن شمالغرب,140,1243832,11580075920,9799,9310,9310,-489,-4.99,9678,-121,-1.23,9310,9310,1399-10-14
593,تسه9711,امتياز تسهيلات مسكن بهمن 97,136,1105,665327130,573435,602106,602106,28671,5.0,602106,28671,5.0,602106,602106,1399-10-14
594,سدشت,صنايع سيمان دشتستان,135,64928,2414379340,38520,37030,37350,-1170,-3.04,38450,-70,-0.18,37030,37930,1399-10-14
595,غفارس,شير پاستوريزه پگاه فارس,135,1157905,14513181270,13193,12534,12534,-659,-5.0,12990,-203,-1.54,12534,12534,1399-10-14
596,تصميم,صندوق س با درآمد ثابت تصميم,130,2549492,39035151561,15304,15314,15316,12,0.08,15311,7,0.05,15304,15320,1399-10-14
597,تسه9905,امتياز تسهيلات مسكن مرداد99,129,1107,694421083,598676,620015,628609,29933,5.0,627300,28624,4.78,620015,628609,1399-10-14
598,دشيري,شيرين دارو,129,78139,15062073640,187146,192760,192760,5614,3.0,191134,3988,2.13,192760,192760,1399-10-14
599,ضپاس1005,اختيارخ وپارس-4500-1399/10/30,129,5195,190919000,19,20,95,76,400.0,37,18,94.74,20,100,1399-10-14
600,وايرا,سرمايه گذاري صنايع ايران,127,1875511,21793437820,11282,11620,11620,338,3.0,11620,338,3.0,11620,11620,1399-10-14
601,شپلي,پلي اكريل ايران,127,1265990,13285299060,10189,10494,10494,305,2.99,10386,197,1.93,10494,10494,1399-10-14
602,تابا,تابان نيرو سپاهان,125,177320,7328280960,40125,41328,41328,1203,3.0,40541,416,1.04,41328,41328,1399-10-14
603,بشهاب,لامپ‌  پارس‌ شهاب‌,123,302648,27816377680,87540,91910,91910,4370,4.99,89790,2250,2.57,91910,91910,1399-10-14
604,جهرم,پتروشيمي جهرم,119,1688478,4192490874,2559,2483,2483,-76,-2.97,2543,-16,-0.63,2483,2483,1399-10-14
605,واحصا,احياء صنايع خراسان,119,341428,14383337356,40900,42127,42127,1227,3.0,41732,832,2.03,42127,42127,1399-10-14
606,افقح,ح .فروشگاه زنجيره اي افق كوروش,119,1150000,91500000000,61470,79000,80000,18530,30.14,79570,18100,29.45,79000,80000,1399-10-14
607,تسه9801,امتياز تسهيلات مسكن فروردين98,118,1201,759416490,603939,620000,634135,30196,5.0,632320,28381,4.7,575710,634135,1399-10-14
608,بذر,صندوق س بذر اميد آفرين-سهام,112,63368,6770544250,106790,106190,106130,-660,-0.62,106840,50,0.05,105470,109990,1399-10-14
609,سايرا,ايرانيت‌,110,354892,12572013533,34781,34087,35476,695,2.0,35425,644,1.85,34087,35476,1399-10-14
610,وهنر,گروه توسعه هنر ايران,109,1428629,7713167971,5565,5399,5399,-166,-2.98,5497,-68,-1.22,5399,5399,1399-10-14
611,تسه9712,امتياز تسهيلات مسكن اسفند97,108,744,460293820,591334,620900,620900,29566,5.0,618674,27340,4.62,570085,620900,1399-10-14
612,تسه9903,امتياز تسهيلات مسكن خرداد99,106,647,406537294,598444,612858,628366,29922,5.0,628342,29898,5.0,612858,628366,1399-10-14
613,سپاس,صندوق س. پاداش سهامداري توسعه1,105,1249254,12694623730,10154,10155,10161,7,0.07,10162,8,0.08,10155,10166,1399-10-14
614,اوان,مبين وان كيش,105,805718,43663469856,51612,54192,54192,2580,5.0,53665,2053,3.98,54192,54192,1399-10-14
615,فيروزا,صندوق بادرآمد ثابت فيروزه آسيا,104,1182780,25772200863,21765,21760,21809,44,0.2,21790,25,0.11,21760,21809,1399-10-14
616,نتوس,پشم‌ بافي‌ توس,101,437045,6912303720,15356,15816,15816,460,3.0,15507,151,0.98,15816,15816,1399-10-14
617,سجام,مجتمع سيمان غرب آسيا,100,237095,2934287720,12758,12376,12376,-382,-2.99,12699,-59,-0.46,12376,12376,1399-10-14
618,خپويش,سازه‌ پويش‌,100,208006,9790842420,44830,47070,47070,2240,5.0,45230,400,0.89,47070,47070,1399-10-14
619,ثاصفا,شركت‌ ساختمان‌ اصفهان‌,99,136023,4091571840,31010,30080,30080,-930,-3.0,30804,-206,-0.66,30080,30080,1399-10-14
620,فلات,گروه صنايع معادن فلات ايرانيان,99,627124,8778481752,14430,13998,13998,-432,-2.99,14234,-196,-1.36,13998,13998,1399-10-14
621,سكارون,سيمان كارون,98,159837,33667905843,204504,210639,210639,6135,3.0,210639,6135,3.0,210639,210639,1399-10-14
622,ضشنا1035,اختيارخ شپنا-14000-1399/10/23,97,1680,472127000,249,248,220,-29,-11.65,281,32,12.85,160,400,1399-10-14
623,زفكا,كشت و دامداري فكا,96,336713,3779603425,10691,11225,11225,534,4.99,10729,38,0.36,11225,11225,1399-10-14
624,آسام,صندوق س.آرمان سپهر آشنا-م,95,35040,3943363720,112078,111990,113000,922,0.82,112539,461,0.41,110000,114000,1399-10-14
625,ضخود2013,اختيارخ خودرو-7000-1400/02/08,93,3136,283974000,88,100,90,2,2.27,91,3,3.41,86,118,1399-10-14
626,تسه9803,امتياز تسهيلات مسكن خرداد98,92,901,550614591,582121,611220,611227,29106,5.0,611115,28994,4.98,610000,611227,1399-10-14
627,آساميد,صندوق س.مشترك آسمان اميد -د,91,1593418,18084538105,11342,11347,11350,8,0.07,11350,8,0.07,11346,11352,1399-10-14
628,سكه0011پ02,سكه تمام بهارتحويلي 1روزه ملت,91,16600,19392713400,1152460,1159000,1175000,22540,1.96,1168236,15776,1.37,1159000,1175000,1399-10-14
629,كتوكا,توليدي و خدمات صنايع نسوز توكا,89,132509,3671161845,26386,27705,27705,1319,5.0,26478,92,0.35,27705,27705,1399-10-14
630,ضپاس1001,اختيارخ وپارس-2500-1399/10/30,89,1959,2045146000,818,1140,1188,370,45.23,1044,226,27.63,900,1199,1399-10-14
631,ارمغان,ص سرمايه گذاري ارمغان ايرانيان,86,1941645,19756471333,10167,10170,10184,17,0.17,10175,8,0.08,10164,10184,1399-10-14
632,ضسپا1101,اختيارخ خساپا-1800-1399/11/26,86,5759,3053491000,462,500,560,98,21.21,530,68,14.72,490,560,1399-10-14
633,فنرژي,گسترش صنايع انرژي آذرآب,85,977707,13205888449,13243,13507,13507,264,1.99,13507,264,1.99,13507,13507,1399-10-14
634,الماس,صندوق س.امين تدبيرگران فردا-س,83,31399,3963639166,123573,123574,126500,2927,2.37,126235,2662,2.15,123573,127498,1399-10-14
635,تسه9802,امتياز تسهيلات مسكن ارديبهشت98,83,419,260921775,593072,622725,622725,29653,5.0,622725,29653,5.0,622725,622725,1399-10-14
636,خراسان,پتروشيمي خراسان,81,39341,2755003080,68550,68000,69600,1050,1.53,68630,80,0.12,68000,71000,1399-10-14
637,تسه9812,امتياز تسهيلات مسكن اسفند98,78,437,264695707,576868,605711,605711,28843,5.0,605711,28843,5.0,605711,605711,1399-10-14
638,فسا,پتروشيمي فسا,76,650484,1441472544,2284,2216,2216,-68,-2.98,2279,-5,-0.22,2216,2216,1399-10-14
639,آرمان,بيمه آرمان,75,3421440,32277864960,9160,9434,9434,274,2.99,9434,274,2.99,9434,9434,1399-10-14
640,ضخود2008,اختيارخ خودرو-3500-1400/02/08,75,1757,874774000,514,440,500,-14,-2.72,498,-16,-3.11,435,590,1399-10-14
641,تسه9901,امتياز تسهيلات مسكن فروردين99,73,401,250119889,595674,596775,625457,29783,5.0,623740,28066,4.71,596775,625457,1399-10-14
642,وجامي,سرمايه گذاري جامي,73,903365,10999372240,11822,12176,12176,354,2.99,12009,187,1.58,12176,12176,1399-10-14
643,سباقر,سيمان باقران,72,770131,13830012498,18513,17958,17958,-555,-3.0,18120,-393,-2.12,17958,17958,1399-10-14
644,زعف0008پ11,زعفران0008نگين سحرخيز(پ),72,17189,2120786641,121966,124750,123500,1534,1.26,123380,1414,1.16,121000,124750,1399-10-14
645,تسه9811,امتياز تسهيلات مسكن بهمن98,71,582,357633723,585961,610000,615259,29298,5.0,614491,28530,4.87,610000,615259,1399-10-14
646,اخزا903,اسنادخزانه-م3بودجه99-011110,70,163831,111160562501,678511,676005,681000,2489,0.37,678507,-4,0.0,676000,681000,1399-10-14
647,آكورد2,صندوق س. آرمان آتي كوثر-د,70,7000000,7000000,30062,1,1,-30061,-100.0,1,-30061,-100.0,1,1,1399-10-14
648,كپشير,پشم‌شيشه‌ايران‌,68,147563,3981249740,25700,26980,26980,1280,4.98,25800,100,0.39,26980,26980,1399-10-14
649,ضفلا1156,اختيارخ فولاد-16000-1399/11/28,68,2236,759932000,517,450,319,-198,-38.3,340,-177,-34.24,300,599,1399-10-14
650,ضپاس1002,اختيارخ وپارس-3000-1399/10/30,68,1321,847536000,458,410,770,312,68.12,642,184,40.17,410,770,1399-10-14
651,گوهر,صندوق سكه طلاي كيان,67,26847,1561265938,57616,58250,58496,880,1.53,58154,538,0.93,57852,58496,1399-10-14
652,گپارس,امور رفاهي كارگزاران پارس,67,59665,9693116235,154723,162459,162459,7736,5.0,158245,3522,2.28,162459,162459,1399-10-14
653,ثزاگرس,سرمايه گذاري توسعه عمران زاگرس,65,161045,7828397450,46296,48610,48610,2314,5.0,47159,863,1.86,48610,48610,1399-10-14
654,ضسپا1100,اختيارخ خساپا-1600-1399/11/26,64,2844,2059189000,738,700,748,10,1.36,724,-14,-1.9,655,799,1399-10-14
655,ضسپا1104,اختيارخ خساپا-3000-1399/11/26,64,2841,302450000,117,110,120,3,2.56,106,-11,-9.4,81,150,1399-10-14
656,سنوين,سرمايه گذاري اقتصاد نوين,61,320064,2900802107,9206,9022,9022,-184,-2.0,9164,-42,-0.46,9022,9380,1399-10-14
657,اخزا902,اسنادخزانه-م2بودجه99-011019,60,165842,113583669608,685301,683501,683120,-2181,-0.32,684891,-410,-0.06,683000,685500,1399-10-14
658,صنوين,صندوق سرمايه‌گذاري صنوين-مختلط,58,23907,2448488130,102520,103990,102700,180,0.18,102420,-100,-0.1,102000,103990,1399-10-14
659,معيار,سرمايه گذاري معيار صنعت پارس,57,286880,10539684320,37488,36739,36739,-749,-2.0,36739,-749,-2.0,36739,36739,1399-10-14
660,اخزا901,اسنادخزانه-م1بودجه99-010621,56,61213,45228951088,741224,737000,733116,-8108,-1.09,738878,-2346,-0.32,733000,742000,1399-10-14
661,تسه9808,امتياز تسهيلات مسكن آبان98,56,411,250947928,583506,590000,612680,29174,5.0,610579,27073,4.64,590000,612681,1399-10-14
662,ضپيك1020,اختيارخ تاپيكو-14000-99/10/16,55,522,78871000,187,100,210,23,12.3,151,-36,-19.25,100,300,1399-10-14
663,دمعيار,صندوق س. توازن معيار-د,54,683450,6882351480,10065,10080,10070,5,0.05,10070,5,0.05,10068,10080,1399-10-14
664,ثاژن,سخت آژند,53,349481,3278830742,9199,9382,9382,183,1.99,9258,59,0.64,9382,9382,1399-10-14
665,سكه0112پ03,سكه تمام بهارتحويلي1روزه سامان,52,19800,23063703800,1151197,1160000,1172990,21793,1.89,1164833,13636,1.18,1160000,1172990,1399-10-14
666,تسه9809,امتياز تسهيلات مسكن آذر98,51,219,132314544,575406,604176,604176,28770,5.0,604176,28770,5.0,604176,604176,1399-10-14
667,جوين,كشت و صنعت جوين,45,194886,5539829436,27599,28426,28426,827,3.0,27820,221,0.8,28426,28426,1399-10-14
668,اخزا809,اسنادخزانه-م9بودجه98-000923,45,119158,101174147838,848904,840001,850000,1096,0.13,849076,172,0.02,840001,850000,1399-10-14
669,افران,صندوق س افرا نماد پايدار-ثابت,44,741012,9181589278,12382,12370,12385,3,0.02,12391,9,0.07,12370,12400,1399-10-14
670,اخزا817,اسنادخزانه-م17بودجه98-010512,43,152076,115330473147,756450,755000,756001,-449,-0.06,758374,1924,0.25,753100,760001,1399-10-14
671,فاهواز,نورد و لوله اهواز,42,288518,5184668460,18336,17970,17970,-366,-2.0,18289,-47,-0.26,17970,17970,1399-10-14
672,ضشنا2002,اختيارخ شپنا-12000-1400/02/27,42,692,2157845000,3197,3400,2980,-217,-6.79,3118,-79,-2.47,2690,3400,1399-10-14
673,وآتوس,س.آرين توسكا قيمت اسمي 350ريال,41,109642,5145060492,45560,46926,46926,1366,3.0,45887,327,0.72,46926,46926,1399-10-14
674,اوصتا,صندوق انديشه ورزان صباتامين -د,41,1165682,20443232503,17525,17538,17553,28,0.16,17538,13,0.07,17516,17555,1399-10-14
675,زعف0008پ05,زعفران0008نگين زرين(پ),40,23767,2923940070,121392,127800,123000,1608,1.32,123025,1633,1.35,121210,127800,1399-10-14
676,رطب0002پ01,رطب مضافتي0002افشارتعاون بم(پ),40,1009,206519130,100000,210001,200000,100000,100.0,204677,104677,104.68,199510,220500,1399-10-14
677,ضفلا1158,اختيارخ فولاد-20000-1399/11/28,38,1714,154565000,74,80,90,16,21.62,90,16,21.62,80,99,1399-10-14
678,تسه9806,امتياز تسهيلات مسكن شهريور98,37,182,110664893,579384,553000,608353,28969,5.0,608049,28665,4.95,553000,608353,1399-10-14
679,سخند,صندوق س.سپهرخبرگان نفت-د,37,178920,1816412650,10151,10160,10144,-7,-0.07,10152,1,0.01,10144,10160,1399-10-14
680,ضشنا2001,اختيارخ شپنا-10000-1400/02/27,36,748,2929207000,4194,4100,3700,-494,-11.78,3916,-278,-6.63,3610,4100,1399-10-14
681,عيار2,صندوق س. پشتوانه طلاي مفيد,35,350000,350000,28397,1,1,-28396,-100.0,1,-28396,-100.0,1,1,1399-10-14
682,اخزا904,اسنادخزانه-م4بودجه99-011215,35,93879,62327077787,664102,664990,662230,-1872,-0.28,663909,-193,-0.03,662010,665000,1399-10-14
683,ثروتم,صندوق س. ثروت آفرين پارسيان-س,35,7180,651985010,91663,92200,90814,-849,-0.93,90806,-857,-0.93,90400,92200,1399-10-14
684,اخزا821,اسنادخزانه-م21بودجه98-020906,34,112245,64765509533,576007,577000,577509,1502,0.26,577001,994,0.17,576001,578000,1399-10-14
685,اخزا808,اسنادخزانه-م8بودجه98-000817,34,15137,13071570267,862964,861000,863011,47,0.01,863551,587,0.07,858102,865990,1399-10-14
686,تسه9807,امتياز تسهيلات مسكن مهر98,32,235,144637330,586170,615478,615478,29308,5.0,615478,29308,5.0,615478,615478,1399-10-14
687,كشم0001پ01,كشمش سبز0001خليل آباد(پ),32,839,335774897,382178,401286,401275,19097,5.0,400208,18030,4.72,363070,401286,1399-10-14
688,ضپاس1004,اختيارخ وپارس-4000-1399/10/30,32,1273,187374000,99,94,150,51,51.52,147,48,48.48,94,166,1399-10-14
689,هترول911,اختيارف ت پترول-14730-99/11/15,32,92357,338396048,3126,3664,3664,538,17.21,3664,538,17.21,3664,3664,1399-10-14
690,تسه9804,امتياز تسهيلات مسكن تير98,30,232,142837766,589592,591000,619071,29479,5.0,615680,26088,4.42,591000,619071,1399-10-14
691,زعف0008پ18,زعفران0008نگين بهرامن(پ),30,18512,2261974271,121976,124900,122800,824,0.68,122190,214,0.18,122000,124990,1399-10-14
692,ضشنا1036,اختيارخ شپنا-16000-1399/10/23,30,707,35312000,52,50,20,-32,-61.54,50,-2,-3.85,20,80,1399-10-14
693,اخزا905,اسنادخزانه-م5بودجه99-020218,29,94673,60530973005,634580,639368,639200,4620,0.73,639369,4789,0.75,638400,640000,1399-10-14
694,كيان2,صندوق س. با درآمد ثابت كيان,29,2900000,2900000,26564,1,1,-26563,-100.0,1,-26563,-100.0,1,1,1399-10-14
695,وآفري,بيمه كارآفرين,28,91486,1774005026,18827,19391,19391,564,3.0,18874,47,0.25,19391,19391,1399-10-14
696,اخزا815,اسنادخزانه-م15بودجه98-010406,28,51680,39918123239,771875,765000,773000,1125,0.15,772409,534,0.07,765000,773005,1399-10-14
697,ضفلا1155,اختيارخ فولاد-14000-1399/11/28,27,769,786213000,1140,1000,980,-160,-14.04,1022,-118,-10.35,980,1330,1399-10-14
698,اخزا814,اسنادخزانه-م14بودجه98-010318,27,21461,16673208550,776112,770000,777000,888,0.11,776907,795,0.1,770000,778990,1399-10-14
699,اخزا816,اسنادخزانه-م16بودجه98-010503,25,122604,93109274332,760148,758000,762000,1852,0.24,759431,-717,-0.09,755000,762000,1399-10-14
700,ضسپا1105,اختيارخ خساپا-3500-1399/11/26,23,169,7619000,55,80,80,25,45.45,45,-10,-18.18,31,115,1399-10-14
701,اخزا704,اسنادخزانه-م4بودجه97-991022,21,108247,107491395688,994911,997000,992111,-2800,-0.28,993020,-1891,-0.19,992111,997000,1399-10-14
702,اطلس2,صندوق س.توسعه اندوخته آينده-س,21,210000,210000,205931,1,1,-205930,-100.0,1,-205930,-100.0,1,1,1399-10-14
703,ضپار1117,اختيارخ خپارس-7000-1399/11/19,21,155,204807000,1345,2032,1199,-146,-10.86,1321,-24,-1.78,1199,2032,1399-10-14
704,اخزا820,اسنادخزانه-م20بودجه98-020806,21,32027,18855231903,586124,586000,585015,-1109,-0.19,588729,2605,0.44,585015,589500,1399-10-14
705,اخزا812,اسنادخزانه-م12بودجه98-001111,20,58213,48385041094,828080,830000,832000,3920,0.47,831172,3092,0.37,825000,832000,1399-10-14
706,وسكرد,شركت س استان كردستان,20,464490,348367500,780,750,750,-30,-3.85,780,0,0.0,750,750,1399-10-14
707,اخزا721,اسنادخزانه-م21بودجه97-000728,20,53571,46267507623,865976,863021,871000,5024,0.58,863667,-2309,-0.27,863021,871000,1399-10-14
708,زعف0008پ08,زعفران0008نگين روستا(پ),20,7901,971584301,121216,122036,123200,1984,1.64,122970,1754,1.45,122036,123400,1399-10-14
709,اخزا806,اسنادخزانه-م6بودجه98-000519,19,111734,100047860579,899821,895002,900802,981,0.11,895411,-4410,-0.49,895002,900802,1399-10-14
710,اخزا813,اسنادخزانه-م13بودجه98-010219,19,19580,15395503004,787727,785401,785431,-2296,-0.29,786287,-1440,-0.18,785400,790000,1399-10-14
711,تسه9805,امتياز تسهيلات مسكن مرداد98,19,101,59796848,563856,592048,592048,28192,5.0,592048,28192,5.0,592048,592048,1399-10-14
712,ضفار1125,اختيارخ فارس-17826-1399/11/07,18,232,21572000,64,79,30,-34,-53.13,46,-18,-28.13,25,80,1399-10-14
713,ضچاد2000,اختيارخ كچاد-12000-1400/02/05,18,250,2999725000,11316,12000,12000,684,6.04,11999,683,6.04,11995,12000,1399-10-14
714,اخزا811,اسنادخزانه-م11بودجه98-001013,18,29591,24924362118,842262,840000,842001,-261,-0.03,842295,33,0.0,840000,844600,1399-10-14
715,هفارس912,اختيارف ت فارس-14576-99/12/13,17,117326,235825260,1612,2010,2010,398,24.69,2010,398,24.69,2010,2010,1399-10-14
716,اخزا907,اسنادخزانه-م7بودجه99-020704,17,27951,16535323681,593000,590001,591000,-2000,-0.34,591583,-1417,-0.24,590001,593500,1399-10-14
717,ضغدر1119,اختيارخ وغدير-10000-1399/11/26,17,323,758009000,2266,3000,2450,184,8.12,2347,81,3.57,2200,2800,1399-10-14
718,ضسپا1106,اختيارخ خساپا-4000-1399/11/26,16,425,10260000,25,35,24,-1,-4.0,24,-1,-4.0,13,35,1399-10-14
719,اخزا908,اسنادخزانه-م8بودجه99-020606,15,52324,31606021964,603768,601510,604300,532,0.09,604044,276,0.05,601510,604990,1399-10-14
720,صگل039,صكوك اجاره گل گهر039-3ماهه20%,15,150000,150000000000,1000001,1000000,1000000,-1,0.0,1000000,-1,0.0,1000000,1000000,1399-10-14
721,تملي807,تسهيلات مسكن ب. ملي-مهر98,15,173,116853715,711005,675455,675455,-35550,-5.0,675455,-35550,-5.0,675455,675455,1399-10-14
722,گنجين,صندوق س. گنجينه يكم آويد-د,14,172269,2058620473,11936,11950,11950,14,0.12,11950,14,0.12,11938,11953,1399-10-14
723,زعف0008پ12,زعفران0008پوشالمعمول سحرخيز(پ),14,928,80353571,84566,88792,85540,974,1.15,86588,2022,2.39,85540,88792,1399-10-14
724,تملي612,تسهيلات مسكن بانك ملي-اسفند96,14,96,94979449,968668,968668,1017101,48433,5.0,989369,20701,2.14,930000,1017101,1399-10-14
725,هبركت912,اختيارف ت بركت-22100-99/12/17,13,127831,127831,1,1,1,0,0.0,1,0,0.0,1,1,1399-10-14
726,اخزا723,اسنادخزانه-م23بودجه97-000824,13,76586,65914267059,859330,857000,856400,-2930,-0.34,860657,1327,0.15,855004,861000,1399-10-14
727,ضسان1039,اختيارخ پارسان-20000-99/10/14,13,412,762130000,1301,1790,1849,548,42.12,1850,549,42.2,1335,1900,1399-10-14
728,ضملي1149,اختيارخ فملي-12168-1399/11/05,13,67,226819440,1376,1500,2000,624,45.35,1717,341,24.78,1500,2000,1399-10-14
729,اخزا718,اسنادخزانه-م18بودجه97-000525,13,55847,50219681971,895001,893501,899000,3999,0.45,899237,4236,0.47,893500,899999,1399-10-14
730,صايپا203,صكوك مرابحه سايپا203-3ماهه 16%,12,110557,105272385400,952131,952200,952200,69,0.01,952200,69,0.01,952200,952201,1399-10-14
731,اخزا818,اسنادخزانه-م18بودجه98-010614,12,53070,39518805794,744066,736000,738729,-5337,-0.72,744654,588,0.08,736000,745000,1399-10-14
732,وساغربي,شركت س استان آذربايجان غربي,12,95166,70422840,770,740,740,-30,-3.9,770,0,0.0,740,740,1399-10-14
733,اخزا804,اسنادخزانه-م4بودجه98-000421,12,32136,29307720478,912521,908001,912010,-511,-0.06,911990,-531,-0.06,908001,915000,1399-10-14
734,زعف0008پ15,زعفران0008پوشالمعمول طلاسرخ(پ),12,915,78773347,82000,87000,87000,5000,6.1,86091,4091,4.99,84600,87777,1399-10-14
735,وسيستا,شركت س استان سيستان وبلوچستان,11,235147,178711720,790,760,760,-30,-3.8,790,0,0.0,760,760,1399-10-14
736,اراد50,مرابحه عام دولت5-ش.خ0302,11,275000,275000275000,1000000,1000001,1000001,1,0.0,1000001,1,0.0,1000001,1000001,1399-10-14
737,داريك,صندوق س.اعتماد داريك-د,11,27308,285044404,10438,10438,10445,7,0.07,10438,0,0.0,10438,10445,1399-10-14
738,اخزا713,اسنادخزانه-م13بودجه97-000518,10,78381,70463793692,888580,896501,898814,10234,1.15,898991,10411,1.17,896501,902001,1399-10-14
739,فيروزه2,صندوق شاخص30 شركت فيروزه- سهام,10,100000,100000,160680,1,1,-160679,-100.0,1,-160679,-100.0,1,1,1399-10-14
740,ضفلا1157,اختيارخ فولاد-18000-1399/11/28,10,47,6864000,141,200,158,17,12.06,146,5,3.55,101,200,1399-10-14
741,نگين,ص.س. زمين و ساختمان نگين شهرري,10,2696,131413620,48670,47540,48980,310,0.64,48740,70,0.14,47530,48990,1399-10-14
742,ضپاس2000,اختيارخ وپارس-2000-1400/02/29,9,316,652100000,1,2050,2200,2199,219900.0,2064,2063,206300.0,2050,2200,1399-10-14
743,خعمرا,توسعه و عمران شهرستان نائين,9,22383,497238345,21568,22215,22215,647,3.0,21584,16,0.07,22215,22215,1399-10-14
744,ضپيك1019,اختيارخ تاپيكو-12000-99/10/16,9,146,255352000,1128,1500,1888,760,67.38,1749,621,55.05,1402,1888,1399-10-14
745,ضپنا2004,اختيارخ رمپنا-18000-1400/02/12,9,48,189200000,3996,4000,4000,4,0.1,3942,-54,-1.35,3900,4000,1399-10-14
746,ضمخا7066,اختيارخ اخابر-12000-1400/07/28,9,53,210630000,5629,3210,5650,21,0.37,3974,-1655,-29.4,3205,5800,1399-10-14
747,كرونا2,تامين مالي جمعي صرفا اهداي سود,8,912,9120000,10000,10000,10000,0,0.0,10000,0,0.0,10000,10000,1399-10-14
748,ضشنا1037,اختيارخ شپنا-18000-1399/10/23,7,52,278000,7,6,5,-2,-28.57,5,-2,-28.57,5,10,1399-10-14
749,اراد58,مرابحه عام دولت5-ش.خ 0110,7,1238600,1169312716000,943760,944060,944060,300,0.03,944060,300,0.03,944060,944060,1399-10-14
750,ضپاس1000,اختيارخ وپارس-2000-1399/10/30,7,91,148744000,1539,1600,1620,81,5.26,1635,96,6.24,1600,1650,1399-10-14
751,تملي701,تسهيلات مسكن ب. ملي-فروردين97,7,118,81670750,659167,692125,692125,32958,5.0,692125,32958,5.0,692125,692125,1399-10-14
752,ضمخا7069,اختيارخ اخابر-18000-1400/07/28,7,7,29300000,5500,4500,3800,-1700,-30.91,4186,-1314,-23.89,3800,4500,1399-10-14
753,كابگن,توليدي و صنعتي آبگينه‌,7,7353,37316475,5025,5075,5075,50,1.0,5025,0,0.0,5075,5075,1399-10-14
754,صبا1401,اجاره مهندسي صبا نفت14010225,7,943,755444258,761842,799936,838026,76184,10.0,801107,39265,5.15,799936,838026,1399-10-14
755,هاباد912,اختيارف ت آبادا-30100-99/12/12,7,3309,40687464,11706,12296,12296,590,5.04,12296,590,5.04,12296,12296,1399-10-14
756,سپرمي,پرميت‌,7,42748,361690828,8378,8461,8461,83,0.99,8384,6,0.07,8461,8461,1399-10-14
757,ياقوت2,صندوق س ياقوت آگاه-ثابت,7,33055000,33055000,11707,1,1,-11706,-99.99,1,-11706,-99.99,1,1,1399-10-14
758,ضشنا1044,اختيارخ شپنا-10000-1399/10/23,7,76,154749000,2326,2211,2199,-127,-5.46,2036,-290,-12.47,1800,2211,1399-10-14
759,اراد55,مرابحه عام دولت5-ش.خ 0209,6,1010000,935906400000,925410,926640,926640,1230,0.13,926640,1230,0.13,926640,926640,1399-10-14
760,ضملي1152,اختيارخ فملي-18252-1399/11/05,6,56,9564200,40,40,50,10,25.0,87,47,117.5,40,92,1399-10-14
761,وسصفا,شركت س استان اصفهان,6,174797,178292940,1070,1020,1020,-50,-4.67,1070,0,0.0,1020,1020,1399-10-14
762,افران2,صندوق س افرا نماد پايدار-ثابت,6,600000,600000,12382,1,1,-12381,-99.99,1,-12381,-99.99,1,1,1399-10-14
763,ضخوز1014,اختيارخ فخوز-12191-1399/10/16,6,14,75962250,1405,2400,2398,993,70.68,2067,662,47.12,1100,2400,1399-10-14
764,وسلرستا,شركت س استان لرستان,5,47200,40592000,900,860,860,-40,-4.44,900,0,0.0,860,860,1399-10-14
765,وسرضوي,س.سهام عدالت استان خراسان رضوي,5,34232,33547360,1030,980,980,-50,-4.85,1030,0,0.0,980,980,1399-10-14
766,شسم,توليد سموم‌ علف‌ كش,5,857,76426403,87431,89179,89179,1748,2.0,87444,13,0.01,89179,89179,1399-10-14
767,زر2,صندوق س.پشتوانه سكه طلاي زر,5,500000,500000,46644,1,1,-46643,-100.0,1,-46643,-100.0,1,1,1399-10-14
768,وسفارس,شركت س استان فارس,5,28610,28037800,1030,980,980,-50,-4.85,1030,0,0.0,980,980,1399-10-14
769,پست0008پ08,پسته فندقي32-30مه ولات0008(پ),5,213,291837507,1430000,1350001,1374579,-55421,-3.88,1370129,-59871,-4.19,1350001,1452000,1399-10-14
770,اخزا720,اسنادخزانه-م20بودجه97-000324,5,28936,26707873900,923001,922900,923000,-1,0.0,922998,-3,0.0,922900,923000,1399-10-14
771,ضپار1115,اختيارخ خپارس-5000-1399/11/19,4,36,95500000,3270,3000,2700,-570,-17.43,2653,-617,-18.87,2500,3000,1399-10-14
772,ضمخا7070,اختيارخ اخابر-20000-1400/07/28,4,62,40898000,3622,50,3200,-422,-11.65,660,-2962,-81.78,50,3200,1399-10-14
773,زير0003پ01,زيره سبز0003كيميابذر(پ),4,82,39882312,506822,450000,491421,-15401,-3.04,486370,-20452,-4.04,450000,491421,1399-10-14
774,ضمخا1025,اختيارخ اخابر-16000-1399/10/30,4,54,5681000,88,101,279,191,217.05,105,17,19.32,101,279,1399-10-14
775,ضخوز2014,اختيارخ فخوز-14000-1400/02/15,4,17,68000000,3700,4000,4000,300,8.11,4000,300,8.11,4000,4000,1399-10-14
776,وسخوز,شركت س استان خوزستان,4,22608,21025440,970,930,930,-40,-4.12,970,0,0.0,930,930,1399-10-14
777,ضفلا1154,اختيارخ فولاد-12000-1399/11/28,4,26,38025000,2107,2000,1499,-608,-28.86,1462,-645,-30.61,1100,2007,1399-10-14
778,وسمازن,س.سهام عدالت استان مازندران,4,22583,21228020,980,940,940,-40,-4.08,980,0,0.0,940,940,1399-10-14
779,اخزا906,اسنادخزانه-م6بودجه99-020321,4,5596,3686303300,655930,640000,669049,13119,2.0,658739,2809,0.43,640000,669049,1399-10-14
780,ضفار1126,اختيارخ فارس-19826-1399/11/07,4,40,800000,10,10,10,0,0.0,10,0,0.0,10,10,1399-10-14
781,ضشنا1038,اختيارخ شپنا-20000-1399/10/23,4,63,79000,5,1,9,4,80.0,1,-4,-80.0,1,9,1399-10-14
782,ضملي1148,اختيارخ فملي-10140-1399/11/05,4,51,369947200,3302,4000,3600,298,9.02,3678,376,11.39,3500,4000,1399-10-14
783,وسگيلا,شركت س استان گيلان,4,84878,67053620,830,790,790,-40,-4.82,830,0,0.0,790,790,1399-10-14
784,وسقم,شركت س استان قم,3,35557,47646380,1410,1340,1340,-70,-4.96,1410,0,0.0,1340,1340,1399-10-14
785,ضملي1151,اختيارخ فملي-16224-1399/11/05,3,11,16834964,808,808,799,-9,-1.11,776,-32,-3.96,700,808,1399-10-14
786,رايان106,مشاركت رايان سايپا-3ماهه16%,3,45,43012530,946370,955834,955834,9464,1.0,955834,9464,1.0,955834,955834,1399-10-14
787,صمسكن912,ص دين مسكن جنوب-ماهانه16درصد,3,390,20246460,52422,51914,51914,-508,-0.97,51914,-508,-0.97,51914,51914,1399-10-14
788,اخزا810,اسنادخزانه-م10بودجه98-001006,3,8387,7074583800,839502,840000,845990,6488,0.77,843518,4016,0.48,840000,845990,1399-10-14
789,شستا991,اجاره تامين اجتماعي-امين991226,3,15,15000000,995593,1000000,1000000,4407,0.44,1000000,4407,0.44,1000000,1000000,1399-10-14
790,ضفار1122,اختيارخ فارس-11826-1399/11/07,3,29,66000000,1001,1000,1200,199,19.88,1138,137,13.69,1000,1200,1399-10-14
791,تملي801,تسهيلات مسكن ب. ملي-فروردين98,3,17,9506620,564191,592400,535982,-28209,-5.0,559213,-4978,-0.88,535982,592400,1399-10-14
792,وسيلام,شركت س استان ايلام,3,15000,17700000,1240,1180,1180,-60,-4.84,1240,0,0.0,1180,1180,1399-10-14
793,ضترا1119,اختيارخ شتران-14000-1399/11/14,3,3,1900000,1000,1000,400,-600,-60.0,633,-367,-36.7,400,1000,1399-10-14
794,لپيام2,گسترش صنايع پيام,3,2100000,83252400000,37757,39644,39644,1887,5.0,39644,1887,5.0,39644,39644,1399-10-14
795,غنيلي,مجتمع توليدي نيلي صنعت كرمان,3,58278,990726000,17000,17000,17000,0,0.0,17000,0,0.0,17000,17000,1399-10-14
796,وسخراج,شركت س استان خراسان جنوبي,3,15400,32494000,2220,2110,2110,-110,-4.95,2220,0,0.0,2110,2110,1399-10-14
797,تصميم2,صندوق س با درآمد ثابت تصميم,3,3000000,3000000,15304,1,1,-15303,-99.99,1,-15303,-99.99,1,1,1399-10-14
798,زعف0008پ09,زعفران0008نگين نوين(پ),3,2492,304324000,119649,122000,123000,3351,2.8,122120,2471,2.07,122000,124000,1399-10-14
799,اخزا807,اسنادخزانه-م7بودجه98-000719,3,4871,4247378000,869221,871000,873000,3779,0.43,871972,2751,0.32,871000,873000,1399-10-14
800,اخزا722,اسنادخزانه-م22بودجه97-000428,3,28700,25959532400,902152,904502,907002,4850,0.54,904513,2361,0.26,904502,907002,1399-10-14
801,ضملي1153,اختيارخ فملي-20280-1399/11/05,3,103,2739108,13,14,13,0,0.0,13,0,0.0,13,14,1399-10-14
802,اعتماد2,صندوق س.اعتماد آفرين پارسيان-د,3,27000000,27000000,34138,1,1,-34137,-100.0,1,-34137,-100.0,1,1,1399-10-14
803,اراد41,مرابحه عام دولت4-ش.خ 0006,3,51000,51050000000,1038000,1000000,1050000,12000,1.16,1000980,-37020,-3.57,1000000,1050000,1399-10-14
804,ضترا1117,اختيارخ شتران-10000-1399/11/14,3,25,27510000,1542,1105,1100,-442,-28.66,1100,-442,-28.66,1100,1105,1399-10-14
805,اراد35,مرابحه عام دولت3-ش.خ 0103,3,1100,1044840000,923000,948000,951100,28100,3.04,949855,26855,2.91,948000,951100,1399-10-14
806,صمعاد4122,صكوك اجاره معادن412-6ماهه21%,3,247424,240001280000,980100,970000,970000,-10100,-1.03,970000,-10100,-1.03,970000,970000,1399-10-14
807,صگل411,ص اجاره گل گهر 411- 3 ماهه 17%,2,14,13720000,980000,980000,980000,0,0.0,980000,0,0.0,980000,980000,1399-10-14
808,اشاد10,مشاركت دولتي10-شرايط خاص001226,2,36300,34811700000,951000,959000,959000,8000,0.84,959000,8000,0.84,959000,959000,1399-10-14
809,ضپيك1021,اختيارخ تاپيكو-16000-99/10/16,2,5,50000,25,10,10,-15,-60.0,10,-15,-60.0,10,10,1399-10-14
810,ضخوز1013,اختيارخ فخوز-10667-1399/10/16,2,6,47880000,2761,2888,3800,1039,37.63,3040,279,10.11,2888,3800,1399-10-14
811,پست0008پ04,پسته فندقي32-30سبزدانه0008(پ),2,5,7012954,1383767,1390000,1452954,69187,5.0,1402591,18824,1.36,1390000,1452954,1399-10-14
812,اراد334,مرابحه عام دولت3-ش.خ 0303,2,1597000,1469240000000,878400,920000,920000,41600,4.74,920000,41600,4.74,920000,920000,1399-10-14
813,پست0008پ02,پسته فندقي32-30طلاسبززرند0008,2,2,2837955,1448253,1385000,1452955,4702,0.32,1418977,-29276,-2.02,1385000,1452955,1399-10-14
814,ضمخا1023,اختيارخ اخابر-12000-1399/10/30,2,5,7000000,1350,1400,1400,50,3.7,1400,50,3.7,1400,1400,1399-10-14
815,اشاد1,مشاركت دولتي1-شرايط خاص001026,2,48300,47575500000,1000000,985000,985000,-15000,-1.5,985000,-15000,-1.5,985000,985000,1399-10-14
816,ضسان1038,اختيارخ پارسان-18000-99/10/14,2,35,122110000,3068,3488,3489,421,13.72,3489,421,13.72,3488,3489,1399-10-14
817,اخزا716,اسنادخزانه-م16بودجه97-000407,2,639,584745633,919949,915001,925000,5051,0.55,915095,-4854,-0.53,915001,925000,1399-10-14
818,ضخود2010,اختيارخ خودرو-4500-1400/02/08,2,20,5780000,296,290,288,-8,-2.7,289,-7,-2.36,288,290,1399-10-14
819,ضبدر1160,اختيارخ شبندر-18000-1399/11/19,2,10,72000000,10500,7200,7200,-3300,-31.43,7200,-3300,-31.43,7200,7200,1399-10-14
820,ضگل1141,اختيارخ كگل-14000-1399/11/21,2,2,15799000,6219,8799,7000,781,12.56,7899,1680,27.01,7000,8799,1399-10-14
821,وسكرمان,س.سهام عدالت استان كرمان,2,12000,11760000,1030,980,980,-50,-4.85,1030,0,0.0,980,980,1399-10-14
822,ضملي1154,اختيارخ فملي-24336-1399/11/05,2,101,19751552,20,100,16,-4,-20.0,99,79,395.0,16,100,1399-10-14
823,اراد49,مرابحه عام دولت4-ش.خ 0206,2,32000,30080000000,930000,940000,940000,10000,1.08,940000,10000,1.08,940000,940000,1399-10-14
824,ضگل1142,اختيارخ كگل-16000-1399/11/21,2,2,6002000,4967,3001,3001,-1966,-39.58,3001,-1966,-39.58,3001,3001,1399-10-14
825,ضمخا7067,اختيارخ اخابر-14000-1400/07/28,2,20,43200000,3500,820,3500,0,0.0,2160,-1340,-38.29,820,3500,1399-10-14
826,اراد38,مرابحه عام دولت3-ش.خ 0105,2,11000,10700000000,1000000,970000,1000000,0,0.0,972727,-27273,-2.73,970000,1000000,1399-10-14
827,ضترا1127,اختيارخ شتران-8000-1399/11/14,2,30,72750000,4335,2350,2500,-1835,-42.33,2425,-1910,-44.06,2350,2500,1399-10-14
828,صايپا012,صكوك مرابحه سايپا012-3ماهه 16%,1,9,9000009,1000001,1000001,1000001,0,0.0,1000001,0,0.0,1000001,1000001,1399-10-14
829,اراد434,مرابحه عام دولت4-ش.خ 0205,1,1568000,1497440000000,910000,955000,955000,45000,4.95,955000,45000,4.95,955000,955000,1399-10-14
830,اراد60,مرابحه عام دولتي6-ش.خ0210,1,10000,9248900000,924630,924890,924890,260,0.03,924890,260,0.03,924890,924890,1399-10-14
831,پست0008پ09,پسته بادامي30-28مه ولات0008(پ),1,10,13550000,1336315,1355000,1355000,18685,1.4,1355000,18685,1.4,1355000,1355000,1399-10-14
832,بمپنا2,توليد برق عسلويه  مپنا,1,7000000,646338000000,97191,92334,92334,-4857,-5.0,92334,-4857,-5.0,92334,92334,1399-10-14
833,اراد504,مرابحه عام دولت5-ش.خ0302,1,1000000,1000000000000,1000000,1000000,1000000,0,0.0,1000000,0,0.0,1000000,1000000,1399-10-14
834,ضترا1126,اختيارخ شتران-7000-1399/11/14,1,5,17500000,5350,3500,3500,-1850,-34.58,3500,-1850,-34.58,3500,3500,1399-10-14
835,اراد40,مرابحه عام دولت4-ش.خ 0207,1,3000,2991000000,997000,997000,997000,0,0.0,997000,0,0.0,997000,997000,1399-10-14
836,ثروتم2,صندوق س. ثروت آفرين پارسيان-س,1,100000,100000,91663,1,1,-91662,-100.0,1,-91662,-100.0,1,1,1399-10-14
837,آگاس2,صندوق س.هستي بخش آگاه-س,1,100000,100000,70224,1,1,-70223,-100.0,1,-70223,-100.0,1,1,1399-10-14
838,اراد43,مرابحه عام دولت4-ش.خ 0205,1,2000,1860000000,910000,930000,930000,20000,2.2,930000,20000,2.2,930000,930000,1399-10-14
839,صايپا412,صكوك مرابحه سايپا412-3ماهه 16%,1,100,93000000,900000,930000,930000,30000,3.33,930000,30000,3.33,930000,930000,1399-10-14
840,وسيزد,شركت س استان يزد,1,4800,5856000,1280,1220,1220,-60,-4.69,1280,0,0.0,1220,1220,1399-10-14
841,وسكرشا,س.سهام عدالت استان كرمانشاه,1,10000,12000000,1260,1200,1200,-60,-4.76,1260,0,0.0,1200,1200,1399-10-14
842,اراد464,مرابحه عام دولت4-ش.خ 0302,1,500000,500000000000,1000000,1000000,1000000,0,0.0,1000000,0,0.0,1000000,1000000,1399-10-14
843,ضبدر1149,اختيارخ شبندر-28000-1399/11/19,1,1,1505000,2500,1505,1505,-995,-39.8,1505,-995,-39.8,1505,1505,1399-10-14
844,افاد744,منفعت دولت7-ش.خاص ساير0204,1,198000,198000000000,987000,1000000,1000000,13000,1.32,1000000,13000,1.32,1000000,1000000,1399-10-14
845,مگچسا104,مشاركت گچساران- 3 ماهه 18%,1,7,7013440,976000,1001920,1001920,25920,2.66,1001920,25920,2.66,1001920,1001920,1399-10-14
846,ضسان1046,اختيارخ پارسان-14000-99/10/14,1,10,82000000,7323,8200,8200,877,11.98,8200,877,11.98,8200,8200,1399-10-14
847,صخود0012,ص مرابحه خودرو0012- 3ماهه 18%,1,30,30300000,1010000,1010000,1010000,0,0.0,1010000,0,0.0,1010000,1010000,1399-10-14
848,كرمان00,رهني كرمان موتور14001130,1,700,717014900,997307,1024307,1024307,27000,2.71,1024307,27000,2.71,1024307,1024307,1399-10-14
849,كمند2,صندوق س. با درآمد ثابت كمند,1,50000000,50000000,10156,1,1,-10155,-99.99,1,-10155,-99.99,1,1,1399-10-14
850,اخزا8052,اسنادخزانه-م5بودجه98-000422,1,1000000,913877000000,913991,913877,913877,-114,-0.01,913877,-114,-0.01,913877,913877,1399-10-14
851,وكارح2,ح . بانك‌ كارآفرين‌,1,189562178,504235393480,1850,2660,2660,810,43.78,2660,810,43.78,2660,2660,1399-10-14
852,ضپار1116,اختيارخ خپارس-6000-1399/11/19,1,50,85000000,2000,1700,1700,-300,-15.0,1700,-300,-15.0,1700,1700,1399-10-14
853,اروند10,منفعت صبا اروند لوتوس 14001222,1,200,196200000,980002,981000,981000,998,0.1,981000,998,0.1,981000,981000,1399-10-14
854,ضسان1047,اختيارخ پارسان-16000-99/10/14,1,1,6200000,3200,6200,6200,3000,93.75,6200,3000,93.75,6200,6200,1399-10-14
855,ضچاد2005,اختيارخ كچاد-24000-1400/02/05,1,1,3000000,3500,3000,3000,-500,-14.29,3000,-500,-14.29,3000,3000,1399-10-14
856,ضمخا1024,اختيارخ اخابر-14000-1399/10/30,1,1,501000,702,501,501,-201,-28.63,501,-201,-28.63,501,501,1399-10-14
857,ضمخا7074,اختيارخ اخابر-36000-1400/07/28,1,1,300000,1250,300,300,-950,-76.0,300,-950,-76.0,300,300,1399-10-14
858,اراد404,مرابحه عام دولت4-ش.خ 0207,1,1047000,1020825000000,997000,975000,975000,-22000,-2.21,975000,-22000,-2.21,975000,975000,1399-10-14
859,وسهمدا,شركت س استان همدان,1,6000,5100000,890,850,850,-40,-4.49,890,0,0.0,850,850,1399-10-14
860,ضپاس2003,اختيارخ وپارس-3500-1400/02/29,1,100,100000000,1,1000,1000,999,99900.0,1000,999,99900.0,1000,1000,1399-10-14
861,دمعيار2,صندوق س. توازن معيار-د,1,3000000,3000000,10065,1,1,-10064,-99.99,1,-10064,-99.99,1,1,1399-10-14
862,رايان911,مشاركت رايان سايپا-3ماهه18%,1,5,5000000,1000000,1000000,1000000,0,0.0,1000000,0,0.0,1000000,1000000,1399-10-14
863,اروند01,منفعت صبا اروند اميد14001113,1,1000,882000000,862583,882000,882000,19417,2.25,882000,19417,2.25,882000,882000,1399-10-14
864,كپرور4,فرآوري زغال سنگ پروده طبس,1,2000000,90746000000,45922,45373,45373,-549,-1.2,45373,-549,-1.2,45373,45373,1399-10-14
865,ضپاس2001,اختيارخ وپارس-2500-1400/02/29,1,10,16500000,1,1650,1650,1649,164900.0,1650,1649,164900.0,1650,1650,1399-10-14
866,فبستم,صنايع ‌بسته‌بندي‌ مشهد,1,5175,4222800,793,816,816,23,2.9,793,0,0.0,816,816,1399-10-14
867,اخزا819,اسنادخزانه-م19بودجه98-020322,1,1500,1033804500,675689,689203,689203,13514,2.0,689203,13514,2.0,689203,689203,1399-10-14
868,اجاد21,اجاره دولتي آپرورش-تمدن991118,1,1000,1022000000,1035000,1022000,1022000,-13000,-1.26,1022000,-13000,-1.26,1022000,1022000,1399-10-14
869,ضپيك2011,اختيارخ تاپيكو-14000-00/02/19,1,5,15000000,3435,3000,3000,-435,-12.66,3000,-435,-12.66,3000,3000,1399-10-14
870,اخزا8162,اسنادخزانه-م16بودجه98-010503,1,105000,79815540000,760148,760148,760148,0,0.0,760148,0,0.0,760148,760148,1399-10-14
871,اراد33,مرابحه عام دولت3-ش.خ 0303,1,3000,2670000000,878400,890000,890000,11600,1.32,890000,11600,1.32,890000,890000,1399-10-14
872,اشاد102,مشاركت دولتي10-شرايط خاص001226,1,16,15180800,951000,948800,948800,-2200,-0.23,948800,-2200,-0.23,948800,948800,1399-10-14
873,افاد74,منفعت دولت7-ش.خاص ساير0204,1,2000,2000000000,987000,1000000,1000000,13000,1.32,1000000,13000,1.32,1000000,1000000,1399-10-14
874,شستا004,اجاره تامين اجتماعي-نوين000523,1,9,8910000,990076,990000,990000,-76,-0.01,990000,-76,-0.01,990000,990000,1399-10-14
875,اروند05,منفعت صبا اروند لوتوس 14001113,1,260,254800260,987503,980001,980001,-7502,-0.76,980001,-7502,-0.76,980001,980001,1399-10-14
876,شستا993,اجاره ت.اجتماعي-كاردان991226,1,10,9852910,991003,985291,985291,-5712,-0.58,985291,-5712,-0.58,985291,985291,1399-10-14
877,وسزنجان,شركت س استان زنجان,1,4200,5670000,1420,1350,1350,-70,-4.93,1420,0,0.0,1350,1350,1399-10-14
878,اخزا805,اسنادخزانه-م5بودجه98-000422,1,206,186945000,913991,907500,907500,-6491,-0.71,907500,-6491,-0.71,907500,907500,1399-10-14
879,ضفار1123,اختيارخ فارس-13826-1399/11/07,1,3,960000,501,160,160,-341,-68.06,160,-341,-68.06,160,160,1399-10-14
880,ضخوز1015,اختيارخ فخوز-13715-1399/10/16,1,2,1575000,600,300,300,-300,-50.0,300,-300,-50.0,300,300,1399-10-14
881,اشاد14,مشاركت دولتي1-شرايط خاص001026,1,701800,691273000000,1000000,985000,985000,-15000,-1.5,985000,-15000,-1.5,985000,985000,1399-10-14
882,ضپيك2009,اختيارخ تاپيكو-10000-00/02/19,1,1,5730000,6859,5730,5730,-1129,-16.46,5730,-1129,-16.46,5730,5730,1399-10-14
883,ضچاد2001,اختيارخ كچاد-14000-1400/02/05,1,1,10000000,10000,10000,10000,0,0.0,10000,0,0.0,10000,10000,1399-10-14
884,اراد34,مرابحه عام دولت3-ش.خ 0305,1,50000,50000000000,999970,1000000,1000000,30,0.0,1000000,30,0.0,1000000,1000000,1399-10-14
885,لازما2,كارخانه هاي صنعتي آزمايش,1,500000,13388000000,25747,26776,26776,1029,4.0,26776,1029,4.0,26776,26776,1399-10-14
