,نماد,نام,تعداد,حجم,ارزش,دیروز,اولین,آخرین معامله - مقدار,آخرین معامله - تغییر,آخرین معامله - درصد,قیمت پایانی - مقدار,قیمت پایانی - تغییر,قیمت پایانی - درصد,کمترین,بیشترین,تاریخ
0,وسپهر,سرمايه گذاري مالي سپهرصادرات,5457654,5399986386,54332921179506,1000,9500,10100,9100,910.0,10062,9062,906.2,9500,10100,1399-7-2
1,بپيوند,برق و انرژي پيوندگستر پارس,232814,54101490,1617310775975,29949,30125,28480,-1469,-4.91,29894,-55,-0.18,28452,31444,1399-7-2
2,امين,تامين سرمايه امين,119561,71164902,993605853020,13540,13500,14210,670,4.95,13960,420,3.1,13020,14210,1399-7-2
3,ثبهساز,بهساز كاشانه تهران,98574,386117825,1563402008410,4130,4170,3930,-200,-4.84,4050,-80,-1.94,3930,4300,1399-7-2
4,شپنا,پالايش نفت اصفهان,82703,317108869,9042970963610,29040,29050,27850,-1190,-4.1,28520,-520,-1.79,27590,30490,1399-7-2
5,خودرو,ايران‌ خودرو,79337,1894374408,5616855202600,2910,2940,2960,50,1.72,2970,60,2.06,2800,3050,1399-7-2
6,دارا يكم,صندوق واسطه گري مالي يكم-سهام,77413,38129801,8319138780650,204460,219100,220000,15540,7.6,218180,13720,6.71,210180,224800,1399-7-2
7,خساپا,سايپا,71079,1791284688,4419999041400,2510,2500,2390,-120,-4.78,2470,-40,-1.59,2390,2620,1399-7-2
8,فولاد,فولاد مباركه اصفهان,61805,255917094,5088032819170,19130,19980,20070,940,4.91,19880,750,3.92,19160,20080,1399-7-2
9,فملي,ملي‌ صنايع‌ مس‌ ايران‌,58926,139974701,4672165187970,32760,33900,33250,490,1.5,33380,620,1.89,32000,34390,1399-7-2
10,شتران,پالايش نفت تهران,57909,232695088,5999018667700,26450,26030,25130,-1320,-4.99,25780,-670,-2.53,25130,27350,1399-7-2
11,آريا,پليمر آريا ساسول,57723,15192357,2919059869251,184715,191964,193950,9235,5.0,192140,7425,4.02,185010,193950,1399-7-2
12,سيتا,سرمايه گذاري سيمان تامين,45984,54110326,1080750795090,19050,20000,20000,950,4.99,19970,920,4.83,19170,20000,1399-7-2
13,شاروم,پتروشيمي اروميه,44511,748310,10930564170,13912,14607,14607,695,5.0,14052,140,1.01,14607,14607,1399-7-2
14,شبندر,پالايش نفت بندرعباس,41519,109306379,4675904949620,41010,42100,43060,2050,5.0,42780,1770,4.32,41100,43060,1399-7-2
15,خگستر,گسترش‌سرمايه‌گذاري‌ايران‌خودرو,40558,613349494,3177311202740,5390,5130,5130,-260,-4.82,5180,-210,-3.9,5130,5390,1399-7-2
16,زملارد,كشاورزي و دامپروري ملارد شير,37151,487094,22890495436,44757,46994,46994,2237,5.0,45620,863,1.93,46994,46994,1399-7-2
17,وپارس,بانك‌پارسيان‌,36548,1012989579,4270457357590,4340,4350,4160,-180,-4.15,4220,-120,-2.76,4130,4450,1399-7-2
18,وتجارت,بانك تجارت,34665,697802780,2187802643320,3100,3140,3110,10,0.32,3140,40,1.29,3020,3240,1399-7-2
19,وبملت,بانك ملت,30636,592327876,3395834391790,5480,5690,5750,270,4.93,5730,250,4.56,5630,5750,1399-7-2
20,ذوب,سهامي ذوب آهن  اصفهان,24032,205336858,1214666548746,5995,6080,5761,-234,-3.9,5915,-80,-1.33,5700,6228,1399-7-2
21,بركت,گروه دارويي بركت,23959,73928716,1204152380380,16740,16740,15910,-830,-4.96,16290,-450,-2.69,15910,17350,1399-7-2
22,رافزا,رايان هم افزا,21282,127909,3955969552,29456,30928,30928,1472,5.0,29563,107,0.36,30928,30928,1399-7-2
23,ولپارس,ليزينگ پارسيان,18339,1354625,5621693750,3960,4150,4150,190,4.8,3980,20,0.51,4150,4150,1399-7-2
24,چكاپا,گروه صنايع كاغذ پارس,18171,172067981,1697784924490,10150,9950,9650,-500,-4.93,9870,-280,-2.76,9650,10380,1399-7-2
25,وغدير,سرمايه‌گذاري‌غدير(هلدينگ‌,17193,87963338,1537344202070,16770,17450,17600,830,4.95,17480,710,4.23,17000,17600,1399-7-2
26,فارس,صنايع پتروشيمي خليج فارس,15133,44833525,1435819852150,30630,31400,32160,1530,5.0,32030,1400,4.57,31030,32160,1399-7-2
27,خپارس,پارس‌ خودرو,14971,163706983,1481054001170,9440,8970,8970,-470,-4.98,9050,-390,-4.13,8970,9360,1399-7-2
28,شگويا,پتروشيمي تندگويان,13701,74723485,1276660932094,16314,17129,17129,815,5.0,17085,771,4.73,16650,17129,1399-7-2
29,شبريز,پالايش نفت تبريز,13584,27425776,968388678980,36030,35050,37500,1470,4.08,35310,-720,-2.0,34230,37830,1399-7-2
30,فخوز,فولاد  خوزستان,10918,23354550,1088133490420,46390,47060,45800,-590,-1.27,46590,200,0.43,45000,48600,1399-7-2
31,وخارزم,سرمايه گذاري خوارزمي,10328,62557267,714900329680,11020,11380,11570,550,4.99,11430,410,3.72,10880,11570,1399-7-2
32,كگل,معدني و صنعتي گل گهر,9493,39179845,951326796890,23570,24700,24500,930,3.95,24280,710,3.01,23050,24740,1399-7-2
33,فاراك,ماشين‌ سازي‌ اراك‌,8295,81037201,805367669470,10430,9910,9910,-520,-4.99,9940,-490,-4.7,9910,10220,1399-7-2
34,زاگرس,پتروشيمي زاگرس,8172,5617180,1012253563182,180084,182500,176950,-3134,-1.74,180207,123,0.07,172791,185380,1399-7-2
35,بجهرم,توسعه مولد نيروگاهي جهرم,8111,61353335,262446328487,4212,4260,4240,28,0.66,4278,66,1.57,4120,4422,1399-7-2
36,ختوقا,قطعات‌ اتومبيل‌ ايران‌,8095,90529154,367131870610,3920,4090,4100,180,4.59,4060,140,3.57,3860,4110,1399-7-2
37,ولساپا,ليزينگ رايان‌ سايپا,7899,121451187,507474562660,4370,4160,4160,-210,-4.81,4180,-190,-4.35,4160,4290,1399-7-2
38,خبهمن,گروه‌بهمن‌,7514,31248904,758329182070,23700,24290,24400,700,2.95,24270,570,2.41,22890,24880,1399-7-2
39,شصدفح,ح . صنعتي دوده فام,7511,3617897,74104090240,19602,20300,20582,980,5.0,20483,881,4.49,19774,20582,1399-7-2
40,حفاري,حفاري شمال,7278,40085466,443253716280,11390,10950,10830,-560,-4.92,11060,-330,-2.9,10830,11580,1399-7-2
41,غگل,گلوكوزان‌,7141,76799647,418084889530,5720,5440,5440,-280,-4.9,5440,-280,-4.9,5440,5520,1399-7-2
42,شلرد,كود شيميايي اوره لردگان,6989,47970395,549775894380,11823,11500,11500,-323,-2.73,11461,-362,-3.06,11232,12290,1399-7-2
43,ومعادن,توسعه‌معادن‌وفلزات‌,6910,33978262,603034531140,17230,17740,18000,770,4.47,17750,520,3.02,16950,18090,1399-7-2
44,پترولح,ح . گروه پتروشيمي س. ايرانيان,6903,37397442,589047586060,14370,15400,15810,1440,10.02,15750,1380,9.6,15010,15810,1399-7-2
45,شيران,س. صنايع‌شيميايي‌ايران,6898,28563316,868295327030,31270,29710,31500,230,0.74,30400,-870,-2.78,29710,32260,1399-7-2
46,آگاس,صندوق س.هستي بخش آگاه-س,6776,9018023,717627791638,76998,79100,79198,2200,2.86,79577,2579,3.35,77300,81000,1399-7-2
47,كاوه,فولاد كاوه جنوب كيش,6726,51593852,1234853869550,22930,24000,24070,1140,4.97,23930,1000,4.36,23000,24070,1399-7-2
48,تملت,تامين سرمايه بانك ملت,6701,17508641,196390516830,11240,11320,11250,10,0.09,11220,-20,-0.18,10680,11780,1399-7-2
49,كاما,باما,6527,3554350,549832177400,156180,159790,151000,-5180,-3.32,154690,-1490,-0.95,148530,163580,1399-7-2
50,غگيلا,شيرپاستوريزه پگاه گيلان,6353,108790,1772624260,15519,16294,16294,775,4.99,15545,26,0.17,16294,16294,1399-7-2
51,وبانك,سرمايه گذاري گروه توسعه ملي,6041,27327166,527467207450,18560,19460,19460,900,4.85,19300,740,3.99,18850,19480,1399-7-2
52,پارسان,گسترش نفت و گاز پارسيان,5999,27658135,802287038290,27870,28800,29260,1390,4.99,29010,1140,4.09,27910,29260,1399-7-2
53,بپاس,بيمه پاسارگاد,5863,5963465,395989168168,64798,66080,66650,1852,2.86,66403,1605,2.48,63400,67900,1399-7-2
54,خمحركه,نيرو محركه‌,5796,44890211,396772669210,9270,8810,8810,-460,-4.96,8840,-430,-4.64,8810,8980,1399-7-2
55,وپاسار,بانك  پاسارگاد,5686,41705695,439973681210,10380,10440,10480,100,0.96,10550,170,1.64,10300,10890,1399-7-2
56,فروي,ذوب روي اصفهان,5589,5143619,317892405727,59320,61880,62286,2966,5.0,61803,2483,4.19,59320,62286,1399-7-2
57,ارفع,شركت آهن و فولاد ارفع,5551,26771921,541303941229,19358,20250,20325,967,5.0,20219,861,4.45,19370,20325,1399-7-2
58,كچاد,معدني‌وصنعتي‌چادرملو,5545,30586597,656588169930,20460,21480,21480,1020,4.99,21470,1010,4.94,21000,21480,1399-7-2
59,اخابر,مخابرات ايران,5512,19482417,373791507020,19430,19600,18810,-620,-3.19,19190,-240,-1.24,18500,20290,1399-7-2
60,ثاخت,بين‌المللي‌توسعه‌ساختمان,5473,49896439,226771029320,4680,4550,4450,-230,-4.91,4540,-140,-2.99,4450,4820,1399-7-2
61,زكوثر,سرمايه گذاري كشاورزي كوثر,5387,13353246,319182696030,22880,23500,24020,1140,4.98,23900,1020,4.46,23020,24020,1399-7-2
62,غسالم,سالمين‌,5224,32804349,153872552370,4830,4790,4590,-240,-4.97,4690,-140,-2.9,4590,4990,1399-7-2
63,شغدير,پتروشيمي غدير,5196,13043888,638743709123,48473,49100,49100,627,1.29,48969,496,1.02,46535,50880,1399-7-2
64,بترانس,ايران‌ ترانسفو,4826,10264142,408836293820,41530,39460,39460,-2070,-4.98,39830,-1700,-4.09,39460,41450,1399-7-2
65,تاصيكوح,ح . سرمايه گذاري صدرتامين,4792,30994537,310101806280,9990,9790,10010,20,0.2,10010,20,0.2,9730,10400,1399-7-2
66,ونوين,بانك‌اقتصادنوين‌,4791,123547117,525770824170,4070,4200,4270,200,4.91,4260,190,4.67,4140,4270,1399-7-2
67,هرمز,فولاد هرمزگان جنوب,4305,29439109,409068447305,13867,14390,13840,-27,-0.19,13895,28,0.2,13274,14560,1399-7-2
68,ارزش,صندوق س ارزش آفرين بيدار-سهام,4302,29883764,359229102410,11370,11910,12140,770,6.77,12020,650,5.72,11650,12380,1399-7-2
69,وصنعت,سرمايه گذاري توسعه صنعت وتجارت,3982,20382934,190314310450,9300,9500,9280,-20,-0.22,9340,40,0.43,8910,9710,1399-7-2
70,ومهان,گروه توسعه مالي مهر آيندگان,3861,26791855,540213769957,19341,19600,20308,967,5.0,20163,822,4.25,18700,20308,1399-7-2
71,نوري,پتروشيمي نوري,3859,2764252,514801186510,180120,181600,185800,5680,3.15,186240,6120,3.4,181600,189120,1399-7-2
72,دي,بانك دي,3755,13701749,731673396600,50858,53400,53400,2542,5.0,53400,2542,5.0,53400,53400,1399-7-2
73,كالا,بورس كالاي ايران,3749,6135996,296821684970,46930,48000,48070,1140,2.43,48370,1440,3.07,46080,49270,1399-7-2
74,خكرمان,گروه اقتصادي كرمان خودرو,3541,32613279,221529082533,6887,7070,6681,-206,-2.99,6793,-94,-1.36,6681,7074,1399-7-2
75,آوا,صندوق س.سهام آواي معيار-س,3466,16176506,178177328553,10305,10990,11149,844,8.19,11015,710,6.89,10700,11200,1399-7-2
76,ونيكي,سرمايه‌گذاري‌ ملي‌ايران‌,3435,7748569,278857969000,37020,36310,35980,-1040,-2.81,35990,-1030,-2.78,35170,37880,1399-7-2
77,فسازان,غلتك سازان سپاهان,3399,8299314,368098147810,43150,44800,43220,70,0.16,44350,1200,2.78,42090,45300,1399-7-2
78,اميد,تامين سرمايه اميد,3383,26180809,429313502490,17180,16330,16330,-850,-4.95,16400,-780,-4.54,16330,17020,1399-7-2
79,وآيند,بانك  آينده,3368,25458733,689164778273,27453,27450,26904,-549,-2.0,27070,-383,-1.4,26904,27849,1399-7-2
80,كمند,صندوق س. با درآمد ثابت كمند,3267,151391697,1531498375310,10110,10120,10130,20,0.2,10120,10,0.1,10100,10140,1399-7-2
81,بكهنوج,توليد برق ماهتاب كهنوج,3245,3836631,250072903514,66618,65808,63980,-2638,-3.96,65180,-1438,-2.16,63288,69940,1399-7-2
82,ختور,رادياتور ايران‌,3217,6275605,257358760230,41620,41620,39950,-1670,-4.01,41010,-610,-1.47,39540,43680,1399-7-2
83,ثمسكن,سرمايه‌گذاري‌ مسكن‌,3207,27064001,183200632960,7510,7070,6770,-740,-9.85,6770,-740,-9.85,6720,7070,1399-7-2
84,صبا,سرمايه گذاري صبا تامين,3183,15319696,189182925904,11761,12349,12349,588,5.0,12349,588,5.0,12349,12349,1399-7-2
85,شصدف,صنعتي دوده فام,3179,65995,1333890940,19250,20212,20212,962,5.0,19274,24,0.12,20212,20212,1399-7-2
86,تسه9906,امتياز تسهيلات مسكن شهريور99,3144,60495,48209316209,820153,822200,789000,-31153,-3.8,796914,-23239,-2.83,782000,860000,1399-7-2
87,پترول,گروه پتروشيمي س. ايرانيان,3144,45274943,746131060640,15700,16480,16480,780,4.97,16480,780,4.97,16480,16480,1399-7-2
88,آريان,سرمايه گذاري پارس آريان,3089,74888977,1065735235963,14651,14212,14212,-439,-3.0,14231,-420,-2.87,14212,14612,1399-7-2
89,شپديس,پتروشيمي پرديس,3076,3808508,460854919460,117290,121300,119650,2360,2.01,121010,3720,3.17,118500,123150,1399-7-2
90,طلا,صندوق س.پشتوانه طلاي لوتوس,2979,1622187,179457302017,104776,109700,113700,8924,8.52,110627,5851,5.58,107100,113949,1399-7-2
91,ورنا,سرمايه‌گذاري‌ رنا(هلدينگ‌,2958,26954158,299619696130,11680,11100,11100,-580,-4.97,11120,-560,-4.79,11100,11260,1399-7-2
92,وملل,اعتباري ملل,2939,19201390,255229227345,13752,13760,13065,-687,-5.0,13292,-460,-3.34,13065,14180,1399-7-2
93,كويرح,ح. توليدي فولاد سپيد فراب كوير,2933,15411516,170366979640,10810,11150,11000,190,1.76,11050,240,2.22,10500,11650,1399-7-2
94,ختورح,ح . رادياتور ايران‌,2917,7189985,196598637720,26230,27500,27300,1070,4.08,27340,1110,4.23,26240,28400,1399-7-2
95,قنيشا,قند  نيشابور,2849,5348154,654837828410,116680,122510,122510,5830,5.0,122440,5760,4.94,119250,122510,1399-7-2
96,سامان,بانك سامان,2818,43889737,575815753205,13471,13075,13067,-404,-3.0,13120,-351,-2.61,13067,13550,1399-7-2
97,دزهراوي,داروسازي‌زهراوي‌,2789,10726165,126140857050,12190,11810,11590,-600,-4.92,11760,-430,-3.53,11590,12500,1399-7-2
98,ستران,سيمان‌ تهران‌,2703,7722648,276807041230,37660,35780,35780,-1880,-4.99,35840,-1820,-4.83,35780,36780,1399-7-2
99,نوين,بيمه نوين,2663,23702157,150990597702,6533,6207,6212,-321,-4.91,6370,-163,-2.5,6207,6749,1399-7-2
100,شاوان,پالايش نفت لاوان,2658,4046386,475963180863,118357,118357,115000,-3357,-2.84,117627,-730,-0.62,112440,123230,1399-7-2
101,وسپه,سرمايه‌گذاري‌ سپه‌,2596,8376173,147269647500,16850,17690,17690,840,4.99,17580,730,4.33,16510,17690,1399-7-2
102,ونفت,سرمايه‌گذاري‌ صنعت‌ نفت‌,2545,9650019,132369389290,13980,14210,13640,-340,-2.43,13720,-260,-1.86,13290,14450,1399-7-2
103,تاصيكو,سرمايه گذاري صدرتامين,2526,17377718,216052538510,11970,12300,12560,590,4.93,12430,460,3.84,12060,12560,1399-7-2
104,حريل,ريل پردازسير,2513,23967391,100516216892,4371,4153,4153,-218,-4.99,4194,-177,-4.05,4153,4360,1399-7-2
105,سفارس,سيمان فارس و خوزستان,2483,8749430,146181917940,16580,17100,16520,-60,-0.36,16710,130,0.78,15920,17320,1399-7-2
106,غپينو,پارس‌ مينو,2470,17098701,99294526430,6060,5760,5760,-300,-4.95,5810,-250,-4.13,5760,6040,1399-7-2
107,كدماح,ح . معدني‌ دماوند,2469,4904247,490438312550,91110,100220,100220,9110,10.0,100000,8890,9.76,95700,100220,1399-7-2
108,چكارن,كارتن‌ ايران‌,2341,22409681,98452414880,4610,4380,4380,-230,-4.99,4390,-220,-4.77,4380,4490,1399-7-2
109,سرو,صندوق س سروسودمند مدبران-سهام,2324,2451680,172934717640,68030,70130,70750,2720,4.0,70540,2510,3.69,68200,72000,1399-7-2
110,تاپيكو,س. نفت و گاز و پتروشيمي تأمين,2310,21296377,423371974760,18940,19880,19880,940,4.96,19880,940,4.96,19880,19880,1399-7-2
111,ملت,بيمه ملت,2288,10806821,142004433710,13550,12880,12880,-670,-4.94,13140,-410,-3.03,12880,13890,1399-7-2
112,رمپنا,گروه مپنا (سهامي عام),2282,7091541,201204268550,27280,28640,28300,1020,3.74,28370,1090,4.0,27010,28640,1399-7-2
113,وساخت,سرمايه‌ گذاري‌ ساختمان‌ايران‌,2270,4720381,200439317840,43170,43170,41500,-1670,-3.87,42460,-710,-1.64,41020,44900,1399-7-2
114,ارفعح,ح.شركت آهن و فولاد ارفع,2186,13746081,230397162493,15981,16780,16780,799,5.0,16761,780,4.88,16300,16780,1399-7-2
115,فاسمين,كالسيمين‌,2160,2555720,130837226950,51740,50500,50250,-1490,-2.88,51190,-550,-1.06,49600,54080,1399-7-2
116,دانا,بيمه دانا,2159,17134305,119951750530,7130,7190,6830,-300,-4.21,7000,-130,-1.82,6780,7400,1399-7-2
117,كرماشا,صنايع پتروشيمي كرمانشاه,2137,6167616,309607003890,48160,49990,50400,2240,4.65,50200,2040,4.24,48160,50560,1399-7-2
118,وسينا,بانك سينا,2120,16877950,191714911710,11080,11140,11360,280,2.53,11360,280,2.53,10850,11630,1399-7-2
119,سرچشمه,سرمايه گذاري مس سرچشمه,2104,19343556,208913320062,10343,10484,10860,517,5.0,10800,457,4.42,10470,10860,1399-7-2
120,تليسه,دامداري تليسه نمونه,2082,1398679,85468596263,62846,65000,59704,-3142,-5.0,61107,-1739,-2.77,59704,65000,1399-7-2
121,وتوس,توسعه‌شهري‌توس‌گستر,2016,8660617,220485953400,24330,24010,25540,1210,4.97,25460,1130,4.64,24000,25540,1399-7-2
122,وصندوق,سرمايه‌گذاري‌صندوق‌بازنشستگي‌,2015,18608431,340919233100,17470,18340,18340,870,4.98,18320,850,4.87,17900,18340,1399-7-2
123,كوير,توليدي فولاد سپيد فراب كوير,2012,5909011,81938602100,13760,14000,13950,190,1.38,13870,110,0.8,13080,14390,1399-7-2
124,امين يكم,صندوق درآمد ثابت امين يكم فردا,1989,60178922,621548038320,10310,10320,10350,40,0.39,10330,20,0.19,10310,10360,1399-7-2
125,همراه,شركت ارتباطات سيار ايران,1989,4038422,162927728920,39910,40000,39500,-410,-1.03,40340,430,1.08,38710,41690,1399-7-2
126,پتاير,ايران‌ تاير,1974,1500132,156127345950,103250,107790,103300,50,0.05,104080,830,0.8,101200,107790,1399-7-2
127,وتوكاح,ح . ‌توكافولاد(هلدينگ‌,1939,11118709,106670313135,8866,9390,9750,884,9.97,9594,728,8.21,9044,9750,1399-7-2
128,فخاسح,ح . فولاد خراسان,1925,6616027,203346003690,28080,30400,30890,2810,10.01,30740,2660,9.47,29510,30890,1399-7-2
129,فسپا,گروه‌صنعتي‌سپاهان‌,1908,4934061,216632742560,43650,44000,42460,-1190,-2.73,43910,260,0.6,41560,45580,1399-7-2
130,قثابت,قند ثابت‌ خراسان‌,1904,3032942,247794757820,85540,81270,81270,-4270,-4.99,81700,-3840,-4.49,81270,84590,1399-7-2
131,وبوعلي,سرمايه‌گذاري‌بوعلي‌,1879,8986169,87621365400,9430,9840,9730,300,3.18,9750,320,3.39,9270,9900,1399-7-2
132,والبر,سرمايه‌ گذاري‌ البرز(هلدينگ‌,1875,4758017,89205426950,18600,19330,18850,250,1.34,18750,150,0.81,17800,19330,1399-7-2
133,شخارك,پتروشيمي‌ خارك‌,1872,2300602,116615796180,49420,51880,50540,1120,2.27,50690,1270,2.57,48000,51880,1399-7-2
134,كرازي,كارخانجات‌توليدي‌شيشه‌رازي‌,1826,6941431,118612028290,16950,16500,16900,-50,-0.29,17090,140,0.83,16500,17790,1399-7-2
135,شاراك,پتروشيمي شازند,1818,8137167,218546383420,25660,26500,26940,1280,4.99,26860,1200,4.68,26150,26940,1399-7-2
136,عيار,صندوق س. پشتوانه طلاي مفيد,1810,1806870,69830622455,36814,38040,39196,2382,6.47,38647,1833,4.98,37700,39599,1399-7-2
137,اعتماد,صندوق س.اعتماد آفرين پارسيان-د,1803,68778980,2234341849450,32472,32482,32483,11,0.03,32486,14,0.04,32482,32499,1399-7-2
138,تيپيكو,سرمايه گذاري دارويي تامين,1788,3091687,191792799440,59210,61000,62170,2960,5.0,62030,2820,4.76,59500,62170,1399-7-2
139,ودي,بيمه  دي,1780,11332245,228815074127,19777,20497,20630,853,4.31,20192,415,2.1,19010,20680,1399-7-2
140,غصينو,صنعتي مينو,1770,5483176,170298617309,30686,30010,31606,920,3.0,31058,372,1.21,29766,31606,1399-7-2
141,فباهنر,مس‌ شهيدباهنر,1766,1895875,109870242620,59790,58000,56810,-2980,-4.98,57950,-1840,-3.08,56810,61900,1399-7-2
142,رانفور,خدمات‌انفورماتيك‌,1754,4158594,116219780730,27600,28550,28070,470,1.7,27950,350,1.27,26900,28970,1399-7-2
143,ريشمك,توليد و صادرات ريشمك,1752,2949134,119840926029,41525,41200,40490,-1035,-2.49,40636,-889,-2.14,39449,42800,1399-7-2
144,وبيمهح,ح . سرمايه‌ گذاري‌ صنعت‌ بيمه‌,1746,27335366,65025478360,9120,2550,2300,-6820,-74.78,2380,-6740,-73.9,2300,2560,1399-7-2
145,جم,پتروشيمي جم,1706,4724591,238010162600,48030,49990,50430,2400,5.0,50380,2350,4.89,49000,50430,1399-7-2
146,رنيك,جنرال مكانيك,1689,4616778,119763800433,25833,25010,25110,-723,-2.8,25941,108,0.42,24650,27124,1399-7-2
147,آتيمس,صندوق س.آرمان آتيه درخشان مس-س,1686,807845,194571840506,237402,241001,240000,2598,1.09,240853,3451,1.45,233001,245900,1399-7-2
148,كروي,توسعه‌ معادن‌ روي‌ ايران‌,1670,4782662,162765441250,35520,33750,33750,-1770,-4.98,34030,-1490,-4.19,33750,35500,1399-7-2
149,ولصنم,ليزينگ‌صنعت‌ومعدن‌,1612,9248482,85539745290,9560,9270,9090,-470,-4.92,9250,-310,-3.24,9090,9950,1399-7-2
150,وسكاب,س.ص.بازنشستگي كاركنان بانكها,1607,15472523,108653722610,6940,7140,7040,100,1.44,7020,80,1.15,6760,7210,1399-7-2
151,قرن,پديده شيمي قرن,1606,1400041,74029297380,50410,52800,52930,2520,5.0,52880,2470,4.9,52000,52930,1399-7-2
152,وهور,مديريت انرژي اميد  تابان هور,1601,4297943,171278100988,38391,38100,40000,1609,4.19,39851,1460,3.8,38050,40310,1399-7-2
153,ومعلم,بيمه معلم,1593,6492969,104778368219,16652,15820,16160,-492,-2.95,16137,-515,-3.09,15820,17095,1399-7-2
154,شسينا,صنايع‌شيميايي‌سينا,1590,152407,91523101790,602950,629990,585000,-17950,-2.98,600520,-2430,-0.4,573500,629990,1399-7-2
155,دماوند,توليد نيروي برق دماوند,1578,2158979,136751511862,60354,63370,63371,3017,5.0,63341,2987,4.95,62620,63371,1399-7-2
156,آسيا,بيمه آسيا,1578,6355333,172788565590,25950,27240,27240,1290,4.97,27190,1240,4.78,26400,27240,1399-7-2
157,دتوليد,داروسازي توليد دارو,1574,1858732,67571472819,37330,36000,35464,-1866,-5.0,36354,-976,-2.61,35464,38363,1399-7-2
158,غويتا,ويتانا,1537,7696524,535202628219,68167,64759,70000,1833,2.69,69538,1371,2.01,64759,70500,1399-7-2
159,شسپا,نفت سپاهان,1526,8553349,178960689670,19940,20930,20930,990,4.96,20920,980,4.91,20390,20930,1399-7-2
160,اتكام,شركت بيمه اتكايي امين,1519,9582654,76156590009,7572,7950,7950,378,4.99,7947,375,4.95,7801,7950,1399-7-2
161,وخاور,بانك خاورميانه,1498,11089766,125042964730,11130,11160,11320,190,1.71,11280,150,1.35,10900,11650,1399-7-2
162,كلر,كلر پارس,1483,598205,39774816441,66206,67921,66000,-206,-0.31,66456,250,0.38,64486,68990,1399-7-2
163,كبافق,معادن‌ بافق‌,1469,1605740,49461049240,31270,30000,30410,-860,-2.75,30800,-470,-1.5,30000,32200,1399-7-2
164,كسرا,سراميك‌هاي‌صنعتي‌اردكان‌,1434,4080008,89452618570,22860,21790,21720,-1140,-4.99,21920,-940,-4.11,21720,22860,1399-7-2
165,پارس,پتروشيمي پارس,1419,1294435,219066415250,163350,167400,171180,7830,4.79,169240,5890,3.61,166000,171250,1399-7-2
166,تكشا,گسترش‌صنايع‌وخدمات‌كشاورزي‌,1417,2467278,202415459220,79110,81000,83060,3950,4.99,82040,2930,3.7,76250,83060,1399-7-2
167,وبيمه,سرمايه‌ گذاري‌ صنعت‌ بيمه‌,1414,13549982,48913599560,3720,3560,3540,-180,-4.84,3610,-110,-2.96,3540,3790,1399-7-2
168,فزرين,زرين معدن آسيا,1397,4751543,103213430705,20772,21770,21810,1038,5.0,21722,950,4.57,21010,21810,1399-7-2
169,پرديس,سرمايه گذاري پرديس,1387,9560568,75285167140,7760,7880,8020,260,3.35,7870,110,1.42,7600,8100,1399-7-2
170,فرآور,فرآوري‌موادمعدني‌ايران‌,1378,5766167,143526398890,25750,25200,24500,-1250,-4.85,24890,-860,-3.34,24470,26850,1399-7-2
171,اپرداز,آتيه داده پرداز,1369,3274041,82997723307,26448,25126,26049,-399,-1.51,25350,-1098,-4.15,25126,27000,1399-7-2
172,وتوشه,سرمايه‌ گذاري‌ پارس‌ توشه‌,1366,7983110,171127280770,22050,20950,22700,650,2.95,21440,-610,-2.77,20950,23150,1399-7-2
173,كگازح,ح . شيشه‌ و گاز,1363,5283584,94833708620,17170,18700,17650,480,2.8,17950,780,4.54,17240,18700,1399-7-2
174,آبادا,توليد نيروي برق آبادان,1359,740570,17958822500,25520,24250,24250,-1270,-4.98,25010,-510,-2.0,24250,24250,1399-7-2
175,فروس,فروسيليس‌ ايران‌,1357,3208572,68702390740,22110,22700,21010,-1100,-4.98,21410,-700,-3.17,21010,22900,1399-7-2
176,اطلس,صندوق س.توسعه اندوخته آينده-س,1302,326720,69347264031,205857,210000,211900,6043,2.94,212253,6396,3.11,205000,214990,1399-7-2
177,كنور,توسعه معدني و صنعتي صبانور,1277,1537159,77035555730,48530,50950,50300,1770,3.65,50120,1590,3.28,48700,50950,1399-7-2
178,تماوند,تامين سرمايه دماوند,1264,15340531,179261396597,11368,11499,11709,341,3.0,11685,317,2.79,11200,11709,1399-7-2
179,وسبحان,سرمايه گذاري سبحان,1263,11661439,111435576507,9135,9500,9591,456,4.99,9556,421,4.61,9200,9591,1399-7-2
180,تنوين,تامين سرمايه نوين,1251,8867059,94787594750,10330,10750,10840,510,4.94,10690,360,3.48,10330,10840,1399-7-2
181,چدن,توليدي چدن سازان,1221,4818404,128142756690,25430,26150,26700,1270,4.99,26590,1160,4.56,25600,26700,1399-7-2
182,كهمدا,شيشه‌ همدان‌,1216,3345479,89242788010,27970,26580,26580,-1390,-4.97,26680,-1290,-4.61,26580,27500,1399-7-2
183,واحيا,م .صنايع و معادن احياء سپاهان,1215,1379409,324525499648,233443,226500,230700,-2743,-1.18,235264,1821,0.78,226440,240446,1399-7-2
184,كيميا,معدني كيمياي زنجان گستران,1213,2196557,57456549732,26659,25698,26550,-109,-0.41,26158,-501,-1.88,25327,27590,1399-7-2
185,كاردان,صندوق س تجارت شاخصي كاردان,1198,833280,175651907960,201740,210990,212000,10260,5.09,210800,9060,4.49,206500,215000,1399-7-2
186,شاملاح,ح . معدني‌ املاح‌  ايران‌,1191,600809,36094430020,53000,58990,63010,10010,18.89,60080,7080,13.36,53110,63840,1399-7-2
187,شپاكسا,پاكسان‌,1179,4377180,117325268450,25690,26000,26970,1280,4.98,26800,1110,4.32,25500,26970,1399-7-2
188,دتوزيع,توزيع دارو پخش,1178,1024447,52227580386,52420,54790,49799,-2621,-5.0,50981,-1439,-2.75,49799,54790,1399-7-2
189,شبهرن,نفت‌ بهران‌,1154,1186397,73197352770,60720,61100,62600,1880,3.1,61700,980,1.61,59600,63000,1399-7-2
190,سمازن,سيمان‌مازندران‌,1145,6831027,65811261940,10130,9630,9630,-500,-4.94,9630,-500,-4.94,9630,9980,1399-7-2
191,وتوكا,سرمايه‌گذاري‌توكافولاد(هلدينگ,1137,7600780,93452286370,11750,12000,12330,580,4.94,12300,550,4.68,12000,12330,1399-7-2
192,ضخود7057,اختيارخ خودرو-4000-1399/07/09,1127,66884,854481000,17,16,9,-8,-47.06,13,-4,-23.53,8,19,1399-7-2
193,ساروم,سيمان‌اروميه‌,1126,2881257,74202301630,25410,25000,26680,1270,5.0,25750,340,1.34,24900,26680,1399-7-2
194,واميد,گروه مديريت سرمايه گذاري اميد,1122,3256508,145717281110,43280,43520,45100,1820,4.21,44750,1470,3.4,43000,45430,1399-7-2
195,فسرب,ملي‌ سرب‌وروي‌ ايران‌,1109,919949,115841430270,123860,120000,129300,5440,4.39,125920,2060,1.66,118600,129990,1399-7-2
196,وبشهر,توسعه‌ صنايع‌ بهشهر(هلدينگ,1107,6106788,104561076090,16370,16650,17180,810,4.95,17120,750,4.58,16650,17180,1399-7-2
197,كحافظ,كاشي‌ وسراميك‌ حافظ‌,1104,5067976,82405289760,15490,16260,16260,770,4.97,16260,770,4.97,16260,16260,1399-7-2
198,فجر,فولاد اميركبيركاشان,1098,3070610,195739831330,60760,62100,63790,3030,4.99,63750,2990,4.92,62010,63790,1399-7-2
199,كيان,صندوق س. با درآمد ثابت كيان,1098,44767596,1132410155260,25280,25340,25280,0,0.0,25300,20,0.08,25270,25360,1399-7-2
200,شجم,صنايع پتروشيمي تخت جمشيد,1089,6907491,62663333800,9525,9049,9049,-476,-5.0,9072,-453,-4.76,9049,9530,1399-7-2
201,وپست,پست بانك ايران,1079,4939442,52744692130,10570,11040,10750,180,1.7,10680,110,1.04,10200,11070,1399-7-2
202,زر,صندوق س.پشتوانه سكه طلاي زر,1077,671790,43199673961,61180,63980,64898,3718,6.08,64305,3125,5.11,62501,65100,1399-7-2
203,شكلر,نيروكلر,1074,2126632,94505130660,42450,43200,44570,2120,4.99,44440,1990,4.69,43200,44570,1399-7-2
204,پكوير,كوير تاير,1073,3007290,43027500970,14970,14230,14230,-740,-4.94,14340,-630,-4.21,14230,14800,1399-7-2
205,جم پيلن,پلي پروپيلن جم - جم پيلن,1046,2051580,197951583820,91970,96560,96560,4590,4.99,96490,4520,4.91,93030,96560,1399-7-2
206,وگستر,گسترش سرمايه گذاري ايرانيان,1042,4370719,90801531413,21837,20746,20746,-1091,-5.0,20775,-1062,-4.86,20746,21050,1399-7-2
207,افق,فروشگاههاي زنجيره اي افق كوروش,1032,1665194,125339152380,71690,75270,75270,3580,4.99,75270,3580,4.99,75270,75270,1399-7-2
208,شيراز,پتروشيمي‌شيراز,1028,1547352,107875416660,67430,70780,70400,2970,4.4,69720,2290,3.4,67000,70800,1399-7-2
209,فيروزه,صندوق شاخص30 شركت فيروزه- سهام,1024,786022,163671758860,205700,212000,208870,3170,1.54,208230,2530,1.23,202500,213430,1399-7-2
210,دفارا,داروسازي‌ فارابي‌,996,1370144,103767710110,72250,75700,75860,3610,5.0,75730,3480,4.82,72250,75860,1399-7-2
211,فولاژ,فولاد آلياژي ايران,987,1964676,57871491540,28220,29160,29630,1410,5.0,29230,1010,3.58,28220,29630,1399-7-2
212,حتايد,تايدواترخاورميانه,985,4126220,80276750000,20430,19410,19410,-1020,-4.99,19460,-970,-4.75,19410,20340,1399-7-2
213,كگهر,سنگ آهن گهرزمين,944,1680846,82850862187,48163,49800,49880,1717,3.56,48943,780,1.62,48210,50289,1399-7-2
214,زفكا,كشت و دامداري فكا,926,1016880,44267317240,44740,43500,42503,-2237,-5.0,43594,-1146,-2.56,42503,45970,1399-7-2
215,غزر,صنعتي زر ماكارون,915,336024,21172872240,66320,63010,63010,-3310,-4.99,64700,-1620,-2.44,63010,63010,1399-7-2
216,وتوسم,سرمايه‌گذاري‌توسعه‌ملي‌,912,3806747,50925264970,13290,13590,13450,160,1.2,13380,90,0.68,13200,13720,1399-7-2
217,ميدكو,هلدينگ صنايع  معدني خاورميانه,905,4306750,88481257758,20323,21300,20600,277,1.36,20500,177,0.87,20330,21300,1399-7-2
218,دسينا,داروسازي‌ سينا,884,1325640,39779598870,31500,30020,29930,-1570,-4.98,30160,-1340,-4.25,29930,31390,1399-7-2
219,فخاس,فولاد خراسان,883,1589953,66328116900,40160,40960,41520,1360,3.39,41150,990,2.47,40440,42160,1399-7-2
220,شنفت,نفت‌ پارس‌,877,912938,54634414480,62140,59060,59040,-3100,-4.99,60040,-2100,-3.38,59040,62140,1399-7-2
221,سپ,پرداخت الكترونيك سامان كيش,868,1268992,27340064820,21330,22200,21400,70,0.33,21460,130,0.61,20570,22200,1399-7-2
222,سلار,شركت سيمان لارستان,857,3271213,98196807617,29426,30290,29107,-319,-1.08,30018,592,2.01,28544,30308,1399-7-2
223,مبين,مبين انرژي خليج فارس,847,3031543,83412817160,26620,27400,27950,1330,5.0,27400,780,2.93,26660,27950,1399-7-2
224,شرانل,نفت ايرانول,833,1754905,49299843126,27271,26750,27300,29,0.11,28087,816,2.99,26510,28634,1399-7-2
225,شراز,پالايش نفت شيراز,832,675637,74547112813,105605,109845,110885,5280,5.0,110336,4731,4.48,108773,110885,1399-7-2
226,كاريس,صندوق س.سپهر كاريزما-س,811,614372,135356061293,216322,224000,219207,2885,1.33,220316,3994,1.85,217500,227000,1399-7-2
227,تسه9904,امتياز تسهيلات مسكن تير99,807,14273,11689470259,847325,843000,804959,-42366,-5.0,818992,-28333,-3.34,804959,860000,1399-7-2
228,وساپا,سرمايه‌گذاري‌ سايپا,793,5573160,61973539200,11700,11120,11120,-580,-4.96,11120,-580,-4.96,11120,11120,1399-7-2
229,داوه,داروسازي آوه سينا,792,1229484,22462359487,19102,18147,18147,-955,-5.0,18698,-404,-2.11,18147,18900,1399-7-2
230,انرژي3,سايراشخاص بورس انرژي,792,109456,41853785280,402500,382380,382380,-20120,-5.0,392780,-9720,-2.41,382380,382380,1399-7-2
231,وپترو,سرمايه‌گذاري صنايع پتروشيمي‌,791,2641122,42648505840,16120,16920,16390,270,1.67,16150,30,0.19,15490,16920,1399-7-2
232,خزر,فنرسازي‌زر,791,6734732,59048002120,9220,8760,8760,-460,-4.99,8770,-450,-4.88,8760,9000,1399-7-2
233,پكرمان,گروه‌ صنعتي‌ بارز,781,1976343,40858952730,20040,20080,20750,710,3.54,20590,550,2.74,20080,21040,1399-7-2
234,واتي,سرمايه‌ گذاري‌ آتيه‌ دماوند,773,7610717,103985224340,13060,13710,13700,640,4.9,13660,600,4.59,13090,13710,1399-7-2
235,شپارسح,ح . بين‌ المللي‌محصولات پارس‌,768,2594824,29755588389,11108,11380,11599,491,4.42,11467,359,3.23,10901,11880,1399-7-2
236,خراسان,پتروشيمي خراسان,763,751998,70506719930,89700,93700,94160,4460,4.97,93760,4060,4.53,92000,94180,1399-7-2
237,شوينده,مديريت صنعت شوينده ت.ص.بهشهر,750,789205,30665935340,38030,38420,39300,1270,3.34,38550,520,1.37,37500,39700,1399-7-2
238,بگيلان,توسعه مسير برق گيلان,746,566431,18957312708,35229,33468,33468,-1761,-5.0,34649,-580,-1.65,33468,33468,1399-7-2
239,گوهران,سرمايه گذاري توسعه گوهران اميد,745,2976927,30498056831,10178,10222,10121,-57,-0.56,10221,43,0.42,9842,10685,1399-7-2
240,دعبيد,لابراتوارداروسازي‌  دكترعبيدي‌,738,689702,23338105140,34970,33500,33230,-1740,-4.98,34540,-430,-1.23,33230,35500,1399-7-2
241,گوهر,صندوق سكه طلاي كيان,729,411717,30170068349,69810,73937,74000,4190,6.0,73279,3469,4.97,71350,74300,1399-7-2
242,شلعاب,لعابيران‌,711,1977233,18393213930,8910,9350,9350,440,4.94,9300,390,4.38,9010,9350,1399-7-2
243,مدير,ص.س.مديريت ثروت ص.بازنشستگي-س,711,4806490,61676879680,11666,12832,12832,1166,9.99,12832,1166,9.99,12832,12832,1399-7-2
244,وصنا,گروه‌صنايع‌بهشهرايران‌,698,4069816,43318617530,10280,10790,10790,510,4.96,10610,330,3.21,9810,10790,1399-7-2
245,بهپاك,صنعتي بهپاك,693,1080953,38708333884,37489,35615,35615,-1874,-5.0,36096,-1393,-3.72,35615,37110,1399-7-2
246,وزمين,بانك ايران زمين,691,11189211,195124488418,18141,17416,17416,-725,-4.0,17439,-702,-3.87,17416,17799,1399-7-2
247,دسبحان,سبحان دارو,690,1267824,22271941430,18380,18380,17600,-780,-4.24,17970,-410,-2.23,17470,18380,1399-7-2
248,افق ملت,صندوق س در سهام افق ملت,687,297561,46087980280,150730,159980,154380,3650,2.42,154890,4160,2.76,151300,159980,1399-7-2
249,لوتوس,تامين سرمايه لوتوس پارسيان,679,2958199,43257718770,14000,13910,14700,700,5.0,14510,510,3.64,13910,14700,1399-7-2
250,سخوز,سيمان خوزستان,675,1859310,40479656490,20750,21760,21780,1030,4.96,21500,750,3.61,21000,21780,1399-7-2
251,بموتو,موتوژن‌,670,625293,28622605640,44800,46670,46400,1600,3.57,45390,590,1.32,44000,47020,1399-7-2
252,فاما,صنعتي‌ آما,665,3133308,59042559230,17980,18870,18870,890,4.95,18840,860,4.78,17980,18870,1399-7-2
253,سيدكو,سرمايه گذاري توسعه صنايع سيمان,659,2347430,17340927290,7240,7540,7400,160,2.21,7300,60,0.83,7030,7540,1399-7-2
254,شپارس,بين‌ المللي‌ محصولات‌  پارس‌,656,2781471,40693710860,14350,14870,15030,680,4.74,14600,250,1.74,13730,15030,1399-7-2
255,ثباغ,شهر سازي و خانه سازي باغميشه,654,4454916,84019545849,18035,18936,18936,901,5.0,18860,825,4.57,18221,18936,1399-7-2
256,فرابورس,فرابورس ايران,652,1239422,73708426340,56639,59470,59470,2831,5.0,59470,2831,5.0,59470,59470,1399-7-2
257,ثفارس,عمران‌وتوسعه‌فارس‌,648,4395325,43557670750,10430,9910,9910,-520,-4.99,9930,-500,-4.79,9910,9910,1399-7-2
258,ثپرديسح,ح.سرمايه گذاري مسكن پرديس,646,1356841,11231563624,8014,8200,8333,319,3.98,8278,264,3.29,8001,8414,1399-7-2
259,سدور,سيمان‌ دورود,645,3994982,33015434950,8680,8250,8250,-430,-4.95,8390,-290,-3.34,8250,8510,1399-7-2
260,غدام,خوراك‌  دام‌ پارس‌,644,776417,113108302560,138750,145680,145680,6930,4.99,145680,6930,4.99,145500,145680,1399-7-2
261,بفجر,فجر انرژي خليج فارس,636,1117980,35036065480,30070,31570,31490,1420,4.72,30620,550,1.83,30720,31570,1399-7-2
262,ما,بيمه  ما,633,3282401,20660006140,6460,6180,6300,-160,-2.48,6390,-70,-1.08,6140,6680,1399-7-2
263,اعتلاح,ح سرمايه گذاري اعتلاء البرز,625,2317779,17458031727,7681,7830,7382,-299,-3.89,7532,-149,-1.94,7332,8057,1399-7-2
264,دتمادح,ح . توليدمواداوليه‌داروپخش‌,625,701312,25723389110,34930,36000,37250,2320,6.64,36680,1750,5.01,33500,37980,1399-7-2
265,ذوب تبعي9912,اختيارف.تبعي ذوب991224,624,1279906,1087920100,700,850,850,150,21.43,850,150,21.43,850,850,1399-7-2
266,بزاگرسح,ح . نيروگاه زاگرس كوثر,620,3259611,25101250054,7344,7500,7711,367,5.0,7701,357,4.86,7400,7711,1399-7-2
267,بخاور,بيمه زندگي خاورميانه,618,7933009,57876776650,7563,7185,7185,-378,-5.0,7296,-267,-3.53,7185,7810,1399-7-2
268,مفاخر,توسعه فناوري اطلاعات خوارزمي,616,720062,32864166634,46523,45615,44870,-1653,-3.55,45850,-673,-1.45,44200,48810,1399-7-2
269,آساس,صندوق س.آسمان آرماني سهام-س,609,392828,66138745695,165801,169700,168888,3087,1.86,168366,2565,1.55,165700,173000,1399-7-2
270,غبشهر,صنعتي‌ بهشهر,603,3348677,72248500890,20590,20500,21610,1020,4.95,21580,990,4.81,20000,21610,1399-7-2
271,دامين,داروسازي‌ امين‌,592,1436397,20287808380,14220,14230,13890,-330,-2.32,14180,-40,-0.28,13620,14700,1399-7-2
272,زشگزا,شير و گوشت زاگرس شهركرد,591,649870,59090732129,87024,90000,91375,4351,5.0,90927,3903,4.48,87110,91375,1399-7-2
273,غبهنوش,بهنوش‌ ايران‌,591,437389,25938492180,61440,58440,58370,-3070,-5.0,60200,-1240,-2.02,58370,64500,1399-7-2
274,زگلدشت,كشت و دام گلدشت نمونه اصفهان,585,610803,23176640124,39599,37651,37620,-1979,-5.0,38755,-844,-2.13,37620,39400,1399-7-2
275,شپاس,نفت پاسارگاد,585,1515452,33349013050,22063,21650,22063,0,0.0,22021,-42,-0.19,21450,22880,1399-7-2
276,دسبحاح,ح .گروه دارويي سبحان,583,589240,9745978980,15620,17180,16500,880,5.63,16540,920,5.89,15800,17180,1399-7-2
277,دتماد,توليدمواداوليه‌داروپخش‌,578,948314,38679042170,40050,40000,41050,1000,2.5,40610,560,1.4,39180,41800,1399-7-2
278,دجابر,داروسازي‌ جابرابن‌حيان‌,563,1234790,51919542480,41490,41500,42100,610,1.47,42050,560,1.35,40200,43560,1399-7-2
279,ماديرا,صنايع ماشين هاي اداري ايران,555,2526938,101077520000,38704,40000,40000,1296,3.35,40000,1296,3.35,40000,40000,1399-7-2
280,شگل,گلتاش‌,546,1388895,41026145730,29450,29450,29240,-210,-0.71,29530,80,0.27,28750,30490,1399-7-2
281,ثشرقح,ح. سرمايه گذاري مسكن شمال شرق,537,3660679,15277685980,4060,4200,4190,130,3.2,4170,110,2.71,4040,4330,1399-7-2
282,بكاب,صنايع‌جوشكاب‌يزد,536,203520,27857522670,130390,136900,136900,6510,4.99,133460,3070,2.35,134000,136900,1399-7-2
283,دسانكو,داروسازي سبحان انكولوژي,534,1469497,24884361328,17769,16881,16881,-888,-5.0,17312,-457,-2.57,16881,17640,1399-7-2
284,پارند,صندوق س. پارند پايدار سپهر,533,12576435,150233594140,11830,11900,11990,160,1.35,11950,120,1.01,11850,11990,1399-7-2
285,تايرا,تراكتورسازي‌ايران‌,532,2281025,50363108200,23210,22050,22050,-1160,-5.0,22080,-1130,-4.87,22050,22990,1399-7-2
286,كاسپين,داروسازي كاسپين تامين,527,552218,14119817404,25918,24635,26100,182,0.7,25811,-107,-0.41,24635,26500,1399-7-2
287,داسوه,داروسازي‌ اسوه‌,526,835480,27489384490,34080,32380,32380,-1700,-4.99,33380,-700,-2.05,32380,35000,1399-7-2
288,غپونه,نوش پونه مشهد,522,1258100,22131670545,17984,17445,17445,-539,-3.0,17591,-393,-2.19,17445,18290,1399-7-2
289,ساراب,سيمان‌ داراب‌,519,2002762,24714083080,12980,12340,12340,-640,-4.93,12650,-330,-2.54,12340,12340,1399-7-2
290,دالبر,البرزدارو,516,680527,14151833630,20890,21690,20550,-340,-1.63,20860,-30,-0.14,19900,21850,1399-7-2
291,كاذر,فرآورده‌هاي‌نسوزآذر,511,1221039,39459528210,30870,32390,32410,1540,4.99,32050,1180,3.82,31030,32410,1399-7-2
292,سكه0012پ01,سكه تمام بهارتحويلي 1روزه رفاه,510,230500,306256552000,1305538,1329000,1339000,33462,2.56,1328662,23124,1.77,1314001,1355000,1399-7-2
293,سهگمت,سيمان‌هگمتان‌,506,1149759,22608463640,18860,19160,19800,940,4.98,19200,340,1.8,18900,19800,1399-7-2
294,دبالك,مواد اوليه دارويي البرز بالك,505,1682648,28979206099,18086,17182,17182,-904,-5.0,17527,-559,-3.09,17182,17930,1399-7-2
295,درازك,دارويي‌ رازك‌,499,1342833,52171806750,40310,40310,38940,-1370,-3.4,38850,-1460,-3.62,38300,42000,1399-7-2
296,بنيرو,نيروترانس‌,489,741153,50854697080,72220,68610,68610,-3610,-5.0,68620,-3600,-4.98,68610,70000,1399-7-2
297,حسينا,توسعه خدمات دريايي وبندري سينا,483,947035,54882657093,55239,56442,58000,2761,5.0,57947,2708,4.9,56441,58000,1399-7-2
298,سكرما,سيمان‌ كرمان‌,476,4011080,65551095640,17200,16340,16340,-860,-5.0,16340,-860,-5.0,16340,16520,1399-7-2
299,كوثر,بيمه كوثر,463,4205816,59849899120,14971,14223,14971,0,0.0,14230,-741,-4.95,14223,14971,1399-7-2
300,آ س پ,آ.س.پ,461,2434425,36437480975,15691,14907,14907,-784,-5.0,15122,-569,-3.63,14907,15370,1399-7-2
301,شفن,پتروشيمي فناوران,457,446951,143033259020,304790,320020,320020,15230,5.0,320020,15230,5.0,320020,320020,1399-7-2
302,كيان2,صندوق س. با درآمد ثابت كيان,450,45000000,45000000,25280,1,1,-25279,-100.0,1,-25279,-100.0,1,1,1399-7-2
303,كرمان,س. توسعه و عمران استان كرمان,448,317559,24024926145,79636,75655,75655,-3981,-5.0,77416,-2220,-2.79,75655,75655,1399-7-2
304,اتكاي,بيمه اتكايي ايرانيان,447,1957337,29284266451,14665,15295,15100,435,2.97,14846,181,1.23,14200,15295,1399-7-2
305,زمگسا,كشاورزي‌ ودامپروي‌ مگسال‌,443,498457,13683188410,28310,29690,26900,-1410,-4.98,28060,-250,-0.88,26900,29690,1399-7-2
306,زپارس,ملي كشت و صنعت و دامپروري پارس,442,654072,49500688470,72150,73090,75750,3600,4.99,75670,3520,4.88,73090,75750,1399-7-2
307,اوان,مبين وان كيش,441,946583,41682954593,45774,47000,43510,-2264,-4.95,44111,-1663,-3.63,43486,47000,1399-7-2
308,كمنگنز,معادن‌منگنزايران‌,438,721069,64985723470,85840,90130,90130,4290,5.0,90120,4280,4.99,89470,90130,1399-7-2
309,وپويا,سرمايه گذاري پويا,437,919193,10872214804,12450,11828,11828,-622,-5.0,12303,-147,-1.18,11828,11828,1399-7-2
310,شاملا,معدني‌ املاح‌  ايران‌,437,609004,42893589000,69400,66100,70000,600,0.86,70340,940,1.35,66100,72870,1399-7-2
311,ساينا,صنايع بهداشتي ساينا,432,257639,51916577251,191914,201509,201509,9595,5.0,200701,8787,4.58,201509,201509,1399-7-2
312,ددام,داروسازي زاگرس فارمد پارس,427,1076799,14162662500,13840,13150,13150,-690,-4.99,13620,-220,-1.59,13150,13310,1399-7-2
313,سشرق,سيمان‌ شرق‌,427,4457317,33831036030,7980,7590,7590,-390,-4.89,7700,-280,-3.51,7590,7590,1399-7-2
314,دسبحا,گروه دارويي سبحان,425,1209493,21826254720,17680,18560,17990,310,1.75,17840,160,0.9,17500,18560,1399-7-2
315,غشهداب,كشت و صنعت شهداب ناب خراسان,424,2513913,13286030205,5563,5285,5285,-278,-5.0,5483,-80,-1.44,5285,5285,1399-7-2
316,غمارگ,مارگارين‌,417,1185625,34821806250,30910,29370,29370,-1540,-4.98,29770,-1140,-3.69,29370,29370,1399-7-2
317,پخش,پخش البرز,411,747569,24338971695,31560,31570,32710,1150,3.64,32045,485,1.54,31570,33138,1399-7-2
318,شپترو,پتروشيمي آبادان,405,5427880,35275792120,6700,6499,6499,-201,-3.0,6499,-201,-3.0,6499,6499,1399-7-2
319,توريل,توکاريل,404,2573335,43075054565,15942,16739,16739,797,5.0,16662,720,4.52,16739,16739,1399-7-2
320,وآرين,شركت توسعه اقتصادي آرين,402,3437189,18146542569,5438,5275,5275,-163,-3.0,5284,-154,-2.83,5275,5320,1399-7-2
321,دشيمي,شيمي‌ داروئي‌ داروپخش‌,400,705236,41498636550,61870,58780,58780,-3090,-4.99,59290,-2580,-4.17,58780,60360,1399-7-2
322,خديزل,بهمن  ديزل,400,829644,32227528450,39203,40799,38700,-503,-1.28,38959,-244,-0.62,37243,41000,1399-7-2
323,بنو,بيمه تجارت نو,398,1527486,44042053958,27766,28900,29154,1388,5.0,28631,865,3.12,28060,29154,1399-7-2
324,درهآور,دارويي ره آورد تامين,393,514645,14974407970,30283,28800,28769,-1514,-5.0,29888,-395,-1.3,28769,29994,1399-7-2
325,شفا,سرمايه گذاري شفادارو,387,608166,35815420580,56500,57640,59320,2820,4.99,58230,1730,3.06,57500,59320,1399-7-2
326,سيمرغ,سيمرغ,381,1675602,35455738320,20160,21160,21160,1000,4.96,20820,660,3.27,21160,21160,1399-7-2
327,مارون,پتروشيمي مارون,380,427468,58146762168,129549,136026,136026,6477,5.0,133452,3903,3.01,136026,136026,1399-7-2
328,كفرا,فراورده‌ هاي‌ نسوزايران‌,377,214837,8706314000,42030,39930,39930,-2100,-5.0,41750,-280,-0.67,39930,43790,1399-7-2
329,حخزر,كشتيراني درياي خزر,368,1409767,33743615741,25119,24000,23864,-1255,-5.0,24208,-911,-3.63,23864,24999,1399-7-2
330,ثشاهد,سرمايه‌ گذاري‌ شاهد,360,352650,16489914000,49220,46760,46760,-2460,-5.0,48680,-540,-1.1,46760,46760,1399-7-2
331,فلات,گروه صنايع معادن فلات ايرانيان,355,2133225,29894434635,14555,14000,13860,-695,-4.77,14014,-541,-3.72,13828,14700,1399-7-2
332,دابور,داروسازي‌ ابوريحان‌,354,244136,10189818960,41390,42500,42010,620,1.5,41460,70,0.17,41000,42900,1399-7-2
333,سغرب,سيمان‌غرب‌,354,850694,17286444700,21360,20300,20300,-1060,-4.96,20970,-390,-1.83,20300,21000,1399-7-2
334,دارو,كارخانجات‌داروپخش‌,351,394009,20672413710,50530,49200,53050,2520,4.99,51340,810,1.6,49200,53050,1399-7-2
335,كي بي سي,شركت كي بي سي,347,716511,26570279518,36915,36702,37700,785,2.13,37002,87,0.24,35669,38000,1399-7-2
336,دكيمي,كيميدارو,342,2152312,57006172350,27860,26470,26470,-1390,-4.99,26490,-1370,-4.92,26470,27860,1399-7-2
337,خفولا,خدمات فني فولاد يزد,338,1343373,39033040073,30382,28863,28863,-1519,-5.0,29056,-1326,-4.36,28863,30123,1399-7-2
338,كمرجان,بازرگاني و توليدي مرجان كار,338,732490,29759241059,38723,40300,40659,1936,5.0,39847,1124,2.9,40000,40659,1399-7-2
339,دارا,صندوق س. دارا الگوريتم-د,337,6710505,67262815799,10012,10013,10020,8,0.08,10024,12,0.12,10013,10035,1399-7-2
340,تسه9903,امتياز تسهيلات مسكن خرداد99,334,3814,3072292628,842131,829995,800025,-42106,-5.0,805530,-36601,-4.35,800025,845001,1399-7-2
341,كخاك,صنايع‌خاك‌چيني‌ايران‌,333,145930,8643930490,57460,60280,58980,1520,2.65,57760,300,0.52,58010,60280,1399-7-2
342,سهرمز,سيمان‌هرمزگان‌,325,479048,8014583870,16690,17000,16690,0,0.0,16700,10,0.06,16200,17220,1399-7-2
343,سقاين,سيمان‌ قائن‌,325,258006,10606611710,43060,40910,40940,-2120,-4.92,42610,-450,-1.05,40910,42800,1399-7-2
344,تسه9901,امتياز تسهيلات مسكن فروردين99,323,4774,3878838828,839805,881700,798000,-41805,-4.98,812492,-27313,-3.25,797815,881700,1399-7-2
345,تسه9905,امتياز تسهيلات مسكن مرداد99,321,5858,4858376444,857617,856000,814737,-42880,-5.0,829358,-28259,-3.3,814737,900497,1399-7-2
346,وجامي,سرمايه گذاري جامي,318,2721613,32150410628,11469,11813,11813,344,3.0,11813,344,3.0,11812,11813,1399-7-2
347,زعف9908پ10,زعفران9908نگين طلاي سرخ(پ),318,85529,7096686390,83716,82712,83189,-527,-0.63,82974,-742,-0.89,81001,85000,1399-7-2
348,بكام,كارخانجات توليدي شهيد قندي,315,1046855,6637060700,6670,6340,6340,-330,-4.95,6620,-50,-0.75,6340,6340,1399-7-2
349,پارسيان,بيمه پارسيان,312,3729515,40128006560,10250,10760,10760,510,4.98,10760,510,4.98,10310,10760,1399-7-2
350,سرود,سيمان‌شاهرود,310,1338625,20178638070,15860,15070,15070,-790,-4.98,15520,-340,-2.14,15070,15590,1399-7-2
351,دلر,داروسازي‌ اكسير,309,136580,14084687730,100060,102000,102000,1940,1.94,100910,850,0.85,100610,105060,1399-7-2
352,تسه9810,امتياز تسهيلات مسكن دي98,304,5046,4069018742,833124,832000,800000,-33124,-3.98,806385,-26739,-3.21,791468,860000,1399-7-2
353,مداران,داده‌پردازي‌ايران‌,302,777591,21469797520,28610,28990,27550,-1060,-3.7,28110,-500,-1.75,27550,28990,1399-7-2
354,غشهد,شهد ايران ‌,302,2369539,17937410230,7960,7570,7570,-390,-4.9,7810,-150,-1.88,7570,7570,1399-7-2
355,سدبير,س. تدبيرگران فارس وخوزستان,301,997022,27094719698,25954,27000,27251,1297,5.0,26582,628,2.42,26001,27251,1399-7-2
356,سبهان,سيمان‌ بهبهان‌,295,107471,6487789070,59820,60100,60690,870,1.45,59890,70,0.12,58700,61980,1399-7-2
357,غفارس,شير پاستوريزه پگاه فارس,294,1401956,13521973047,10152,9645,9645,-507,-4.99,10002,-150,-1.48,9645,9681,1399-7-2
358,دشيري,شيرين دارو,293,108682,21263523016,191231,186000,196967,5736,3.0,195649,4418,2.31,185495,196967,1399-7-2
359,تسه9812,امتياز تسهيلات مسكن اسفند98,285,3277,2616741693,834208,832025,799994,-34214,-4.1,798517,-35691,-4.28,792498,875900,1399-7-2
360,ثاصفا,شركت‌ ساختمان‌ اصفهان‌,284,651336,19159699776,28560,29416,29416,856,3.0,29281,721,2.52,29416,29416,1399-7-2
361,دپارس,پارس‌ دارو,284,174519,17111868040,97340,94050,99980,2640,2.71,97580,240,0.25,94050,102000,1399-7-2
362,ولملت,واسپاري ملت,276,1349534,15659607860,12160,11560,11560,-600,-4.93,11970,-190,-1.56,11560,12400,1399-7-2
363,آساميد,صندوق س.مشترك آسمان اميد -د,272,13492599,144662976755,10721,10717,10721,0,0.0,10722,1,0.01,10709,10747,1399-7-2
364,كاسپينح,ح .داروسازي كاسپين تامين,270,241029,5135581536,20935,21810,21000,65,0.31,21307,372,1.78,20550,21900,1399-7-2
365,دمعيار,صندوق س. توازن معيار-د,259,9245567,92627389763,10009,10009,10020,11,0.11,10019,10,0.1,10009,10025,1399-7-2
366,تسه9811,امتياز تسهيلات مسكن بهمن98,258,2558,2049539676,831352,850000,792001,-39351,-4.73,801227,-30125,-3.62,789785,860000,1399-7-2
367,وپخش,داروپخش‌ (هلدينگ‌,256,90016,10928452310,121430,126250,121200,-230,-0.19,121420,-10,-0.01,120000,126250,1399-7-2
368,شكربن,كربن‌ ايران‌,256,1070303,62760970960,55970,55000,58760,2790,4.98,58640,2670,4.77,55000,58760,1399-7-2
369,پلوله,گازلوله‌,256,889320,18404477400,20904,20695,20695,-209,-1.0,20695,-209,-1.0,20695,20695,1399-7-2
370,بذر,صندوق س بذر اميد آفرين-سهام,248,103734,12746614200,117790,123750,121500,3710,3.15,122880,5090,4.32,117500,124300,1399-7-2
371,سفانو,سيمان فارس نو,248,421886,13537772220,33600,31960,31920,-1680,-5.0,33160,-440,-1.31,31920,33400,1399-7-2
372,شتوكا,توكا رنگ فولاد سپاهان,244,468539,13840701944,31027,29476,29476,-1551,-5.0,30555,-472,-1.52,29476,30470,1399-7-2
373,قهكمت,قندهكمتان‌,234,264071,11855818030,46920,45000,44580,-2340,-4.99,46420,-500,-1.07,44580,48740,1399-7-2
374,پيزد,مجتمع صنايع لاستيك يزد,233,34242,3585479820,110221,104710,104710,-5511,-5.0,109801,-420,-0.38,104710,104710,1399-7-2
375,لخزر,پارس‌ خزر,233,152250,33059756910,228500,217080,217080,-11420,-5.0,220580,-7920,-3.47,217080,225000,1399-7-2
376,سفار,سيمان‌فارس‌,228,139707,14425547570,108660,103230,103230,-5430,-5.0,107010,-1650,-1.52,103230,107000,1399-7-2
377,حپارسا,توسعه حمل و نقل ريلي پارسيان,226,409330,13832213929,35395,33626,33626,-1769,-5.0,34919,-476,-1.34,33626,35355,1399-7-2
378,سباقر,سيمان باقران,223,1153372,20195543720,17000,17510,17510,510,3.0,17492,492,2.89,17510,17510,1399-7-2
379,وملي,گروه‌ صنعتي‌ ملي‌ (هلدينگ‌,215,127131,71296336110,590320,560810,560810,-29510,-5.0,560810,-29510,-5.0,560810,560810,1399-7-2
380,بسويچ,پارس‌سويچ‌,212,447561,20426927110,47870,45480,45480,-2390,-4.99,46900,-970,-2.03,45480,50000,1399-7-2
381,قزوين,كارخانجات‌ قند قزوين‌,206,703715,25278417550,37780,35900,35900,-1880,-4.98,36740,-1040,-2.75,35900,36980,1399-7-2
382,غنوش,نوش‌ مازندران‌,205,158978,13195174000,87360,83000,83000,-4360,-4.99,86040,-1320,-1.51,83000,83000,1399-7-2
383,تسه9902,امتياز تسهيلات مسكن ارديبهشت99,202,3078,2524684973,846988,847939,804639,-42349,-5.0,820236,-26752,-3.16,804639,870000,1399-7-2
384,تسه9710,امتياز تسهيلات مسكن دي 97,197,3176,2555946906,810222,810000,782010,-28212,-3.48,804769,-5453,-0.67,780020,850000,1399-7-2
385,تسه9709,امتياز تسهيلات مسكن آذر97,195,2518,2027567641,812696,800111,785500,-27196,-3.35,805229,-7467,-0.92,780000,853330,1399-7-2
386,پرداخت,به پرداخت ملت,192,168927,6804542770,40700,42700,40670,-30,-0.07,40640,-60,-0.15,40000,42700,1399-7-2
387,سيستم,همكاران سيستم,186,653554,17580468060,26510,27400,26530,20,0.08,26650,140,0.53,26510,27400,1399-7-2
388,سبجنو,سيمان‌ بجنورد,185,250657,7849850700,32820,32810,31790,-1030,-3.14,32570,-250,-0.76,31180,32810,1399-7-2
389,شبصير,توليدات پتروشيمي قائد بصير,184,765218,107630972572,133957,140654,140654,6697,5.0,140654,6697,5.0,140654,140654,1399-7-2
390,سكه9912پ04,سكه تمام بهارتحويل1روزه صادرات,182,100600,133171341400,1305000,1319100,1338040,33040,2.53,1323771,18771,1.44,1313401,1344999,1399-7-2
391,تسه9708,امتياز تسهيلات مسكن آبان97,179,2872,2301763655,795091,833992,782120,-12971,-1.63,801450,6359,0.8,782120,834845,1399-7-2
392,حفارس,حمل و نقل بين المللي خليج فارس,178,1310264,6918193920,5550,5280,5280,-270,-4.86,5510,-40,-0.72,5280,5280,1399-7-2
393,غپآذر,شير پگاه آذربايجان شرقي,178,99684,5627951514,59371,56403,56403,-2968,-5.0,59024,-347,-0.58,56403,58978,1399-7-2
394,وسخراج,شركت س استان خراسان جنوبي,176,10713631,23891397130,2130,2230,2230,100,4.69,2170,40,1.88,2230,2230,1399-7-2
395,ساوه,سيمان ساوه,172,105789,7480340190,74431,70710,70710,-3721,-5.0,73839,-592,-0.8,70710,70710,1399-7-2
396,آكورد,صندوق س. آرمان آتي كوثر-د,171,4984995,142418583706,28556,28600,28570,14,0.05,28569,13,0.05,28560,28600,1399-7-2
397,قچار,فراوردههاي غذايي وقند چهارمحال,171,81340,15683734780,183636,192817,192817,9181,5.0,186162,2526,1.38,192817,192817,1399-7-2
398,دفرا,فرآورده‌هاي‌ تزريقي‌ ايران‌,166,496853,13530094920,28650,27220,27220,-1430,-4.99,28250,-400,-1.4,27220,27900,1399-7-2
399,مرقام,ايران‌ارقام‌,163,173499,4743462660,28770,27340,27340,-1430,-4.97,28620,-150,-0.52,27340,27340,1399-7-2
400,الماس,صندوق س.امين تدبيرگران فردا-س,161,76310,9590240444,123636,126001,124999,1363,1.1,125675,2039,1.65,121000,129900,1399-7-2
401,وگردش,بانك گردشگري,161,8342249,177689903700,20128,21300,21300,1172,5.82,21300,1172,5.82,21300,21300,1399-7-2
402,كماسه,تامين‌ ماسه‌ ريخته‌گري‌,161,121973,7385465150,63730,60550,60550,-3180,-4.99,63210,-520,-0.82,60550,60550,1399-7-2
403,تسه9707,امتياز تسهيلات مسكن مهر97,161,3273,2606203864,784479,787776,786111,1632,0.21,796274,11795,1.5,750100,810000,1399-7-2
404,تسه9802,امتياز تسهيلات مسكن ارديبهشت98,159,1379,1095603092,802823,791220,800000,-2823,-0.35,794491,-8332,-1.04,772682,842964,1399-7-2
405,سپاها,سيمان‌سپاهان‌,158,1339691,12753858320,10020,9520,9520,-500,-4.99,9880,-140,-1.4,9520,9520,1399-7-2
406,شكبير,پتروشيمي اميركبير,158,150708,9181305229,62803,60919,60919,-1884,-3.0,62606,-197,-0.31,60919,61990,1399-7-2
407,ضچاد7024,اختيارخ كچاد-23300-1399/07/07,157,1656,578830000,181,650,370,189,104.42,350,169,93.37,260,650,1399-7-2
408,فنفت,صنايع تجهيزات نفت,153,982065,14858819423,15597,15130,15130,-467,-2.99,15227,-370,-2.37,15130,15362,1399-7-2
409,فپنتا,سپنتا,152,51468,16099705080,297920,312810,312810,14890,5.0,301970,4050,1.36,312810,312810,1399-7-2
410,گكوثر,هتل پارسيان كوثر اصفهان,151,131767,23945885143,191293,181729,181729,-9564,-5.0,186368,-4925,-2.57,181729,181729,1399-7-2
411,تسه9803,امتياز تسهيلات مسكن خرداد98,151,1052,842759705,821118,792101,790000,-31118,-3.79,801102,-20016,-2.44,790000,840000,1399-7-2
412,ضجار7036,اختيارخ وتجارت-6500-1399/07/22,149,8145,145636000,18,40,18,0,0.0,18,0,0.0,15,40,1399-7-2
413,ضجار7026,اختيارخ وتجارت-3600-1399/07/22,148,5287,832510000,131,199,140,9,6.87,157,26,19.85,140,210,1399-7-2
414,گنجين,صندوق س. گنجينه يكم آويد-د,148,6003477,68022846375,11309,11330,11335,26,0.23,11331,22,0.19,11253,11335,1399-7-2
415,تسه9801,امتياز تسهيلات مسكن فروردين98,142,1317,1064099579,830149,789920,790001,-40148,-4.84,807972,-22177,-2.67,790000,830000,1399-7-2
416,صايند,صندوق س. گنجينه آينده روشن-د,142,1575180,15844083440,9985,10100,10060,75,0.75,10059,74,0.74,10031,10100,1399-7-2
417,غچين,كشت‌ و صنعت‌ چين‌ چين,142,241508,11778345160,51330,48770,48770,-2560,-4.99,50630,-700,-1.36,48770,48770,1399-7-2
418,ثجوان,تامين مسكن جوانان,139,1011813,8130972308,8456,8034,8034,-422,-4.99,8262,-194,-2.29,8034,8189,1399-7-2
419,سمگا,گروه سرمايه گذاري ميراث فرهنگي,136,2433944,47218513600,18731,19400,19400,669,3.57,19351,620,3.31,19400,19400,1399-7-2
420,بساما,بيمه سامان,136,1219674,29161185666,25167,23909,23909,-1258,-5.0,24383,-784,-3.12,23909,23909,1399-7-2
421,فيروزا,صندوق بادرآمد ثابت فيروزه آسيا,136,1846439,38428764680,20800,20880,20700,-100,-0.48,20810,10,0.05,20700,20960,1399-7-2
422,لسرما,سرما آفرين‌,136,824068,20601700000,26310,25000,25000,-1310,-4.98,25740,-570,-2.17,25000,25000,1399-7-2
423,زقيام,كشت و دام قيام اصفهان,136,441214,12271926196,29277,27814,27814,-1463,-5.0,28876,-401,-1.37,27814,27814,1399-7-2
424,ثالوند,سرمايه گذاري مسكن الوند,135,269955,3576903750,13947,13250,13250,-697,-5.0,13893,-54,-0.39,13250,13250,1399-7-2
425,ثقزوي,شركت عمران و سازندگي قزوين,133,437591,10154736746,22101,23206,23206,1105,5.0,22589,488,2.21,23206,23206,1399-7-2
426,ضجار7022,اختيارخ وتجارت-2800-1399/07/22,130,2239,1250176000,544,602,585,41,7.54,558,14,2.57,500,748,1399-7-2
427,هجرت,پخش هجرت,129,144145,8583258170,62680,59546,59546,-3134,-5.0,62094,-586,-0.93,59546,59546,1399-7-2
428,آبين,كشت و صنعت آبشيرين,128,2662992,11536081344,4465,4332,4332,-133,-2.98,4385,-80,-1.79,4332,4332,1399-7-2
429,خمهر,مهركام‌پارس‌,128,847512,6975023760,8660,8230,8230,-430,-4.97,8600,-60,-0.69,8230,8230,1399-7-2
430,حآسا,آسيا سير ارس,128,364190,4359354300,12599,11970,11970,-629,-4.99,12541,-58,-0.46,11970,11970,1399-7-2
431,صنوين,صندوق سرمايه‌گذاري صنوين-مختلط,125,29816,3388494720,110500,110760,113800,3300,2.99,113650,3150,2.85,110760,117960,1399-7-2
432,سكه0011پ02,سكه تمام بهارتحويلي 1روزه ملت,125,29000,38591255500,1303354,1315000,1341997,38643,2.96,1330733,27379,2.1,1315000,1345799,1399-7-2
433,تسه9809,امتياز تسهيلات مسكن آذر98,125,1241,1021671393,833675,831100,791992,-41683,-5.0,823265,-10410,-1.25,791992,875358,1399-7-2
434,غديس,پاكديس,122,97569,3323492847,35855,34063,34063,-1792,-5.0,35727,-128,-0.36,34063,34063,1399-7-2
435,لپارس,پارس‌ الكتريك‌,117,11915,4388175350,387670,368290,368290,-19380,-5.0,385860,-1810,-0.47,368290,368290,1399-7-2
436,سخاش,سيمان‌خاش‌,115,114286,8398878140,77350,73490,73490,-3860,-4.99,76660,-690,-0.89,73490,73490,1399-7-2
437,ختراك,ريخته‌گري‌ تراكتورسازي‌ ايران‌,115,946462,21068244120,23430,22260,22260,-1170,-4.99,22910,-520,-2.22,22260,22260,1399-7-2
438,نمرينو,ايران‌ مرينوس‌,115,105781,6869915500,68030,64630,64630,-3400,-5.0,67580,-450,-0.66,64630,68000,1399-7-2
439,تسه9711,امتياز تسهيلات مسكن بهمن 97,114,1450,1165306935,787603,810000,780000,-7603,-0.97,803660,16057,2.04,780000,826983,1399-7-2
440,تسه9807,امتياز تسهيلات مسكن مهر98,113,1276,1031030966,828188,801000,792000,-36188,-4.37,808018,-20170,-2.44,786779,865000,1399-7-2
441,اخزا815,اسنادخزانه-م15بودجه98-010406,113,107234,78846608245,734854,734500,735305,451,0.06,735276,422,0.06,733525,740000,1399-7-2
442,تسه9808,امتياز تسهيلات مسكن آبان98,113,1151,919432466,837142,840000,796000,-41142,-4.91,798812,-38330,-4.58,795285,855000,1399-7-2
443,سمتاز,سيمان ممتازان كرمان,113,378768,7953765315,21594,20948,21349,-245,-1.13,21346,-248,-1.15,20947,21594,1399-7-2
444,چفيبر,فيبر ايران‌,113,1869131,20485675760,11530,10960,10960,-570,-4.94,11280,-250,-2.17,10960,10960,1399-7-2
445,غبهار,كشت وصنعت بهاران گلبهار خراسان,112,866774,33679370544,40057,38856,38856,-1201,-3.0,38856,-1201,-3.0,38856,38856,1399-7-2
446,تسه9712,امتياز تسهيلات مسكن اسفند97,107,865,689401546,826913,830000,785568,-41345,-5.0,796996,-29917,-3.62,785568,859965,1399-7-2
447,نطرين,عطرين نخ قم,103,254430,4414614930,18264,17351,17351,-913,-5.0,18175,-89,-0.49,17351,17351,1399-7-2
448,تسه9806,امتياز تسهيلات مسكن شهريور98,102,1473,1179930135,833640,802000,792100,-41540,-4.98,801039,-32601,-3.91,791958,820000,1399-7-2
449,هبهرن912,اختيارف ت شبهرن-74590-99/12/02,101,105000,861525000,5480,8205,8205,2725,49.73,8205,2725,49.73,8205,8205,1399-7-2
450,قشهد,شهد,100,436333,13752915380,33130,31480,31480,-1650,-4.98,32660,-470,-1.42,31480,34000,1399-7-2
451,سجام,مجتمع سيمان غرب آسيا,99,1156817,15438003255,13417,13397,13015,-402,-3.0,13360,-57,-0.42,13015,13397,1399-7-2
452,ياقوت,صندوق س ياقوت آگاه-ثابت,99,1252377,13888036830,11080,11180,11090,10,0.09,11090,10,0.09,11070,11180,1399-7-2
453,وهنر,گروه توسعه هنر ايران,96,996846,4946349852,5115,4962,4962,-153,-2.99,5074,-41,-0.8,4962,4962,1399-7-2
454,واحصا,احياء صنايع خراسان,96,277521,4489179696,15705,16176,16176,471,3.0,15809,104,0.66,16176,16176,1399-7-2
455,سپاس,صندوق س. پاداش سهامداري توسعه1,95,1321902,13363848340,10100,10130,10130,30,0.3,10110,10,0.1,10100,10130,1399-7-2
456,شپلي,پلي اكريل ايران,94,325634,2635681596,8344,8094,8094,-250,-3.0,8309,-35,-0.42,8094,8094,1399-7-2
457,حاريا,كشتيراني آريا,89,640264,18531801216,28101,28944,28944,843,3.0,28764,663,2.36,28944,28944,1399-7-2
458,كفرآور,فرآورده هاي سيمان شرق,88,918771,20094440541,21234,21871,21871,637,3.0,21784,550,2.59,21871,21871,1399-7-2
459,ثروتم,صندوق س. ثروت آفرين پارسيان-س,88,28140,2783610340,98839,100000,99499,660,0.67,98920,81,0.08,98010,101990,1399-7-2
460,اخزا808,اسنادخزانه-م8بودجه98-000817,88,83538,69113488919,824482,824500,829999,5517,0.67,827330,2848,0.35,822135,829999,1399-7-2
461,آسام,صندوق س.آرمان سپهر آشنا-م,86,52250,5673946590,109438,109500,106550,-2888,-2.64,108592,-846,-0.77,106000,111498,1399-7-2
462,بزاگرس,نيروگاه زاگرس كوثر,86,346016,5275705952,16049,15247,15247,-802,-5.0,15958,-91,-0.57,15247,15247,1399-7-2
463,زماهان,مجتمع توليد گوشت مرغ ماهان,85,75928,1926597072,26709,25374,25374,-1335,-5.0,26654,-55,-0.21,25374,25374,1399-7-2
464,دقاضي,داروسازي شهيد قاضي,85,73139,7099503786,94342,97170,97172,2830,3.0,95325,983,1.04,94761,97172,1399-7-2
465,ديران,ايران‌دارو,82,380904,8505586320,23500,22330,22330,-1170,-4.98,23290,-210,-0.89,22330,22330,1399-7-2
466,هملت911,اختيارف ت ملت-6770-99/11/25,82,1000000,798000000,785,798,798,13,1.66,798,13,1.66,798,798,1399-7-2
467,ضجار7031,اختيارخ وتجارت-4600-1399/07/22,81,4398,172136000,64,80,40,-24,-37.5,39,-25,-39.06,33,80,1399-7-2
468,داريك,صندوق س.اعتماد داريك-د,80,1369318,13845890351,10110,10115,10110,0,0.0,10112,2,0.02,10109,10120,1399-7-2
469,ثامان,سامان‌ گستراصفهان‌,79,926418,20455309440,23240,22080,22080,-1160,-4.99,22740,-500,-2.15,22080,22080,1399-7-2
470,فولاي,صنايع فولاد آلياژي يزد,79,144292,7328013512,53458,50786,50786,-2672,-5.0,53044,-414,-0.77,50786,50786,1399-7-2
471,سشمال,سيمان‌ شمال‌,79,1621401,19732450170,12810,12170,12170,-640,-5.0,12540,-270,-2.11,12170,12170,1399-7-2
472,حتوكا,حمل‌ونقل‌توكا,78,223006,3374080780,15920,15130,15130,-790,-4.96,15860,-60,-0.38,15130,15130,1399-7-2
473,خاذين,سايپاآذين‌,78,389715,3078748500,8310,7900,7900,-410,-4.93,8280,-30,-0.36,7900,7900,1399-7-2
474,دروز,داروسازي‌ روزدارو,76,714096,13711505120,20210,19200,19200,-1010,-5.0,19910,-300,-1.48,19200,19830,1399-7-2
475,ساروج,بين المللي ساروج بوشهر,75,255928,6154155922,24639,23900,24453,-186,-0.75,24452,-187,-0.76,23900,24800,1399-7-2
476,ثنوسا,نوسازي‌وساختمان‌تهران‌,72,439652,5240651840,12540,11920,11920,-620,-4.94,12470,-70,-0.56,11920,11920,1399-7-2
477,خريخت,صنايع‌ريخته‌گري‌ايران‌,72,287771,1738136840,6350,6040,6040,-310,-4.88,6340,-10,-0.16,6040,6040,1399-7-2
478,ولراز,ليزينگ رازي,72,158353,3850986607,25071,24319,24319,-752,-3.0,24923,-148,-0.59,24319,24319,1399-7-2
479,وايران,ليزينگ ايرانيان,71,265255,2875364200,11410,10840,10840,-570,-5.0,11380,-30,-0.26,10840,10840,1399-7-2
480,خرينگ,رينگ‌سازي‌مشهد,71,183862,4969789860,28450,27030,27030,-1420,-4.99,28300,-150,-0.53,27030,27030,1399-7-2
481,ركيش,كارت اعتباري ايران كيش,70,1260827,21068419170,17580,16710,16710,-870,-4.95,17190,-390,-2.22,16710,16710,1399-7-2
482,زعف9908پ08,زعفران9908نگين روستا(پ),69,23509,1998719418,84349,82712,87901,3552,4.21,85019,670,0.79,82712,87901,1399-7-2
483,كدما,معدني‌ دماوند,68,139824,21261637440,144820,152060,152060,7240,5.0,147540,2720,1.88,152060,152060,1399-7-2
484,زبينا,كشاورزي و دامپروري بينالود,68,55587,2690188452,50943,48396,48396,-2547,-5.0,50790,-153,-0.3,48396,48396,1399-7-2
485,تسه9805,امتياز تسهيلات مسكن مرداد98,67,901,726946387,819346,860300,800000,-19346,-2.36,806822,-12524,-1.53,780000,860300,1399-7-2
486,ساربيل,سيمان آرتا اردبيل,65,69678,7604656920,114880,109140,109140,-5740,-5.0,113950,-930,-0.81,109140,109140,1399-7-2
487,ثعتما,س. ساختماني اعتماد گستر,65,245123,8514837651,33726,34737,34737,1011,3.0,34109,383,1.14,34737,34737,1399-7-2
488,شكف,كف,64,252709,11380244397,44150,45033,45033,883,2.0,45033,883,2.0,45033,45033,1399-7-2
489,وليز,ليزينگ‌ايران‌,64,205635,2002884900,10250,9740,9740,-510,-4.98,10230,-20,-0.2,9740,9740,1399-7-2
490,دكوثر,داروسازي‌ كوثر,64,831842,21519752540,27230,25870,25870,-1360,-4.99,26610,-620,-2.28,25870,25870,1399-7-2
491,وآفري,بيمه كارآفرين,62,1024770,16634066640,15760,16232,16232,472,2.99,16097,337,2.14,16232,16232,1399-7-2
492,لكما,كارخانجات‌مخابراتي‌ايران‌,61,133811,1523973479,11988,11389,11389,-599,-5.0,11939,-49,-0.41,11389,11389,1399-7-2
493,شتولي,تولي‌پرس‌,61,358442,6241192104,17071,17412,17412,341,2.0,17279,208,1.22,17412,17412,1399-7-2
494,وشهر,بانك شهر,60,157431,1487250657,9639,9447,9447,-192,-1.99,9634,-5,-0.05,9447,9447,1399-7-2
495,سصوفي,سيمان‌ صوفيان‌,60,101040,1928853600,20090,19090,19090,-1000,-4.98,20050,-40,-0.2,19090,19090,1399-7-2
496,كطبس,ذغال‌سنگ‌ نگين‌ ط‌بس‌,59,308870,15789434400,53810,51120,51120,-2690,-5.0,52910,-900,-1.67,51120,51120,1399-7-2
497,غمينو,شركت صنايع غذايي مينو شرق,59,99293,1446699010,15336,14570,14570,-766,-4.99,15312,-24,-0.16,14570,14570,1399-7-2
498,كصدف,كاشي صدف سرام استقلال آباده,59,205211,3186721619,15225,15529,15529,304,2.0,15313,88,0.58,15529,15529,1399-7-2
499,خكاوه,سايپا ديزل,58,156779,1029724472,6771,6568,6568,-203,-3.0,6760,-11,-0.16,6568,6568,1399-7-2
500,تسه9804,امتياز تسهيلات مسكن تير98,57,538,432938973,819761,800900,790000,-29761,-3.63,804719,-15042,-1.83,778773,820000,1399-7-2
501,سكه0112پ03,سكه تمام بهارتحويلي1روزه سامان,57,11600,15495293800,1303066,1316000,1337461,34395,2.64,1335801,32735,2.51,1316000,1344999,1399-7-2
502,سكرد,سيمان كردستان,56,191981,2042677840,11190,10640,10640,-550,-4.92,11170,-20,-0.18,10640,10640,1399-7-2
503,وتوصا,گروه س توسعه صنعتي ايران,56,78216,1141953600,15360,14600,14600,-760,-4.95,15340,-20,-0.13,14600,14600,1399-7-2
504,اخزا809,اسنادخزانه-م9بودجه98-000923,56,119092,96702215525,810959,808207,813900,2941,0.36,811996,1037,0.13,808207,816900,1399-7-2
505,وبهمن,سرمايه‌گذاري‌بهمن‌,55,115282,2072770360,18920,17980,17980,-940,-4.97,18880,-40,-0.21,17980,17980,1399-7-2
506,قشرين,قند شيرين خراسان,55,102886,2071198066,20753,20131,20131,-622,-3.0,20683,-70,-0.34,20131,20131,1399-7-2
507,اخزا817,اسنادخزانه-م17بودجه98-010512,55,54301,39237118469,722072,721511,722070,-2,0.0,722586,514,0.07,721511,725000,1399-7-2
508,شدوص,دوده‌ صنعتي‌ پارس‌,54,56392,1123892560,20970,19930,19930,-1040,-4.96,20950,-20,-0.1,19930,19930,1399-7-2
509,ميهن,بيمه ميهن,54,139715,722745695,5445,5173,5173,-272,-5.0,5441,-4,-0.07,5173,5173,1399-7-2
510,تكمبا,كمباين‌ سازي‌ ايران‌,53,130095,1345182300,10880,10340,10340,-540,-4.96,10860,-20,-0.18,10340,10340,1399-7-2
511,هكوير910,اختيارف ت كوير-16000-99/10/02,53,1003153,574505671,1,500,1207,1206,120600.0,573,572,57200.0,500,1207,1399-7-2
512,فلوله,لوله‌وماشين‌سازي‌ايران‌,51,161231,4154922870,27120,25770,25770,-1350,-4.98,27000,-120,-0.44,25770,25770,1399-7-2
513,دلقما,دارويي‌ لقمان‌,51,605775,20990103750,36470,34650,34650,-1820,-4.99,35670,-800,-2.19,34650,34650,1399-7-2
514,زدشت,كشت و صنعت دشت خرم دره,51,252655,11846992950,49357,46890,46890,-2467,-5.0,48702,-655,-1.33,46890,46890,1399-7-2
515,كپشير,پشم‌شيشه‌ايران‌,50,17542,925866760,55550,52780,52780,-2770,-4.99,55500,-50,-0.09,52780,52780,1399-7-2
516,لابسا,آبسال‌,49,54877,1703382080,32670,31040,31040,-1630,-4.99,32610,-60,-0.18,31040,31040,1399-7-2
517,بمپنا,توليد برق عسلويه  مپنا,48,15178,1441636796,99981,94982,94982,-4999,-5.0,99821,-160,-0.16,94982,94982,1399-7-2
518,غاذر,كشت‌وصنعت‌پياذر,48,123058,10960776060,93750,89070,89070,-4680,-4.99,92660,-1090,-1.16,89070,89070,1399-7-2
519,زشريف,كشت وصنعت شريف آباد,46,35360,939550560,27969,26571,26571,-1398,-5.0,27941,-28,-0.1,26571,26571,1399-7-2
520,قلرست,قند لرستان‌,46,351271,8897694430,26660,25330,25330,-1330,-4.99,26400,-260,-0.98,25330,25330,1399-7-2
521,هرانف912,اختيارف ت رانفور32120-99/12/03,46,100000,206500000,870,2065,2065,1195,137.36,2065,1195,137.36,2065,2065,1399-7-2
522,اخزا814,اسنادخزانه-م14بودجه98-010318,45,74643,55427196894,741859,741701,745000,3141,0.42,742564,705,0.1,741700,745000,1399-7-2
523,ضخود7053,اختيارخ خودرو-3200-1399/07/09,45,1705,211016000,175,72,140,-35,-20.0,124,-51,-29.14,72,300,1399-7-2
524,اعتلا,شركت سرمايه گذاري اعتلاء البرز,45,566781,6664777779,12377,11759,11759,-618,-4.99,12288,-89,-0.72,11759,11759,1399-7-2
525,اخزا816,اسنادخزانه-م16بودجه98-010503,45,39014,28292502019,725285,725000,725301,16,0.0,725188,-97,-0.01,723508,726500,1399-7-2
526,خشرق,الكتريك‌ خودرو شرق‌,44,68646,1287798960,19740,18760,18760,-980,-4.96,19710,-30,-0.15,18760,18760,1399-7-2
527,وآذر,سرمايه‌گذاري‌توسعه‌آذربايجان‌,43,13527,1592533710,123920,117730,117730,-6190,-5.0,123710,-210,-0.17,117730,117730,1399-7-2
528,قشكر,شكرشاهرود,42,185287,8317533430,47250,44890,44890,-2360,-4.99,46830,-420,-0.89,44890,44890,1399-7-2
529,سدشت,صنايع سيمان دشتستان,42,33492,1312216560,37320,39180,39180,1860,4.98,37370,50,0.13,39180,39180,1399-7-2
530,غگلستا,شير پاستوريزه پگاه گلستان,41,69789,1064491617,16055,15253,15253,-802,-5.0,16037,-18,-0.11,15253,15253,1399-7-2
531,قپيرا,فرآورده‌هاي‌غدايي‌وقندپيرانشهر,40,7819,596374750,80230,76220,76220,-4010,-5.0,80180,-50,-0.06,76220,78490,1399-7-2
532,اخزا811,اسنادخزانه-م11بودجه98-001013,40,69679,56029717489,802744,801600,807900,5156,0.64,804112,1368,0.17,801600,807900,1399-7-2
533,تصميم,صندوق س با درآمد ثابت تصميم,40,168006,2449946280,14570,14580,14590,20,0.14,14580,10,0.07,14580,14620,1399-7-2
534,قشير,قند شيروان قوچان و بجنورد,40,42453,1099447794,27261,25898,25898,-1363,-5.0,27229,-32,-0.12,25898,25898,1399-7-2
535,زكشت,كشاورزي مكانيزه اصفهان كشت,40,46165,1460014290,33290,31626,31626,-1664,-5.0,33238,-52,-0.16,31626,31626,1399-7-2
536,ضجار7024,اختيارخ وتجارت-3200-1399/07/22,39,1085,471995000,498,450,314,-184,-36.95,435,-63,-12.65,250,500,1399-7-2
537,ضملي8077,اختيارخ فملي -29750-1399/08/06,38,138,876887000,7159,8499,6700,-459,-6.41,6354,-805,-11.24,6010,8499,1399-7-2
538,پسهند,صنايع‌ لاستيكي‌  سهند,38,440136,21003289920,50230,47720,47720,-2510,-5.0,49090,-1140,-2.27,47720,47720,1399-7-2
539,ارمغان,ص سرمايه گذاري ارمغان ايرانيان,38,246127,2492692150,10100,10180,10130,30,0.3,10130,30,0.3,10100,10180,1399-7-2
540,شفارس,صنايع‌ شيميايي‌ فارس‌,38,36420,1215335400,35120,33370,33370,-1750,-4.98,35080,-40,-0.11,33370,33370,1399-7-2
541,خكار,ايركا پارت صنعت,38,206785,7543516800,38400,36480,36480,-1920,-5.0,38090,-310,-0.81,36480,36480,1399-7-2
542,واعتبار,سرمايه گذاري اعتبار ايران,37,152707,1195695810,8240,7830,7830,-410,-4.98,8230,-10,-0.12,7830,7830,1399-7-2
543,قاسم,قاسم ايران,37,50155,766468710,16086,15282,15282,-804,-5.0,16073,-13,-0.08,15282,15282,1399-7-2
544,ولغدر,ليزينگ‌خودروغدير,37,301629,5221197990,18220,17310,17310,-910,-4.99,18110,-110,-0.6,17310,17310,1399-7-2
545,زنجان,صنايع كشاورزي وكود زنجان,36,258941,1786175018,7111,6898,6898,-213,-3.0,7091,-20,-0.28,6898,6898,1399-7-2
546,خاور,ايران خودرو ديزل,35,122004,868180464,7336,7116,7116,-220,-3.0,7326,-10,-0.14,7116,7116,1399-7-2
547,ثعمرا,عمران و توسعه شاهد,35,31701,810657972,26917,25572,25572,-1345,-5.0,26893,-24,-0.09,25572,25572,1399-7-2
548,ولشرق,ليزينگ ايران و شرق,35,272281,2323373773,8982,8533,8533,-449,-5.0,8960,-22,-0.24,8533,8533,1399-7-2
549,اخزا806,اسنادخزانه-م6بودجه98-000519,35,161914,139474433131,860784,859225,863000,2216,0.26,861411,627,0.07,859225,864500,1399-7-2
550,فنوال,نورد آلومينيوم‌,35,20175,732554250,38220,36310,36310,-1910,-5.0,38190,-30,-0.08,36310,36310,1399-7-2
551,سخند,صندوق س.سپهرخبرگان نفت-د,35,146050,1470739700,10047,10065,10085,38,0.38,10070,23,0.23,10060,10085,1399-7-2
552,غشاذر,پگاه‌آذربايجان‌غربي‌,35,48057,1060137420,23220,22060,22060,-1160,-5.0,23190,-30,-0.13,22060,22060,1399-7-2
553,وبرق,س.کارکنان صنعت برق زنجان وقزوي,34,8600,1751570600,214390,203671,203671,-10719,-5.0,213376,-1014,-0.47,203671,203671,1399-7-2
554,دكپسول,توليد ژلاتين كپسول ايران,34,51419,1987652864,40690,38656,38656,-2034,-5.0,40604,-86,-0.21,38656,38656,1399-7-2
555,خوساز,محورسازان‌ايران‌خودرو,34,107004,1029378480,10120,9620,9620,-500,-4.94,10110,-10,-0.1,9620,9620,1399-7-2
556,ضسپا8018,اختيارخ خساپا-2400-1399/08/26,34,354,165483000,489,510,472,-17,-3.48,467,-22,-4.5,450,700,1399-7-2
557,سيلام,سيمان‌ ايلام‌,34,49066,503907820,10810,10270,10270,-540,-5.0,10800,-10,-0.09,10270,10270,1399-7-2
558,همپنا912,اختيارف ت مپنا-23410-99/12/11,33,40072,190301928,4133,4749,4749,616,14.9,4749,616,14.9,4749,4749,1399-7-2
559,سصفها,سيمان‌اصفهان‌,33,202776,22159361280,115030,109280,109280,-5750,-5.0,112340,-2690,-2.34,109280,109280,1399-7-2
560,كپرور,فرآوري زغال سنگ پروده طبس,32,64673,2686581093,43727,41541,41541,-2186,-5.0,43603,-124,-0.28,41541,41541,1399-7-2
561,غپاك,لبنيات‌ پاك‌,32,56498,957076120,17830,16940,16940,-890,-4.99,17810,-20,-0.11,16940,16940,1399-7-2
562,تكنار,مجتمع معادن مس تكنار,32,120904,9259916456,74359,76589,76589,2230,3.0,75325,966,1.3,76589,76589,1399-7-2
563,اخزا818,اسنادخزانه-م18بودجه98-010614,31,6821,4852196407,711038,708005,712100,1062,0.15,711361,323,0.05,708005,712200,1399-7-2
564,هخود911,اختيارف ت خودرو-3680-99/11/20,31,1000000,511000000,380,511,511,131,34.47,511,131,34.47,511,511,1399-7-2
565,اخزا821,اسنادخزانه-م21بودجه98-020906,31,14721,8627676429,583052,583510,587880,4828,0.83,586079,3027,0.52,583501,587890,1399-7-2
566,رتكو,كنترل‌خوردگي‌تكين‌كو,31,67773,1252445040,19450,18480,18480,-970,-4.99,19420,-30,-0.15,18480,18480,1399-7-2
567,هشير911,اختيارف ت شيراز-73480-99/11/27,30,104000,66768000,907,642,642,-265,-29.22,642,-265,-29.22,642,642,1399-7-2
568,پاسا,ايران‌ياساتايرورابر,30,41299,973830420,24820,23580,23580,-1240,-5.0,24790,-30,-0.12,23580,23580,1399-7-2
569,ثپرديس,سرمايه گذاري مسكن پرديس,30,61398,820829862,14072,13369,13369,-703,-5.0,14059,-13,-0.09,13369,13369,1399-7-2
570,صگل1411,ص اجاره گل گهر 1411-3 ماهه 17%,30,1964,2005185285,1019714,1470279,1030000,10286,1.01,1020970,1256,0.12,1020000,1031001,1399-7-2
571,اوصتا,صندوق انديشه ورزان صباتامين -د,30,336963,5653525815,16777,16780,16780,3,0.02,16778,1,0.01,16690,16780,1399-7-2
572,كگاز,شيشه‌ و گاز,29,155231,3876118070,26280,24970,24970,-1310,-4.98,26170,-110,-0.42,24970,24970,1399-7-2
573,سخزر,سيمان‌ خزر,29,29014,856783420,31080,29530,29530,-1550,-4.99,31050,-30,-0.1,29530,29530,1399-7-2
574,حپترو,حمل و نقل پتروشيمي( سهامي عام,29,19917,608066010,32130,30530,30530,-1600,-4.98,32110,-20,-0.06,30530,30530,1399-7-2
575,صگل411,ص اجاره گل گهر 411- 3 ماهه 17%,28,718,720857626,1017766,1017766,997830,-19936,-1.96,1003980,-13786,-1.35,997820,1068460,1399-7-2
576,كلوند,كاشي‌ الوند,28,15925,412457500,27260,25900,25900,-1360,-4.99,27250,-10,-0.04,25900,25900,1399-7-2
577,زير0003پ01,زيره سبز0003كيميابذر(پ),28,688,341764912,502115,502115,499995,-2120,-0.42,496751,-5364,-1.07,477010,502115,1399-7-2
578,بالبر,كابل‌ البرز,28,64317,1669669320,27320,25960,25960,-1360,-4.98,27270,-50,-0.18,25960,25960,1399-7-2
579,ضچاد7025,اختيارخ كچاد-26000-1399/07/07,28,874,48836000,110,45,31,-79,-71.82,56,-54,-49.09,30,150,1399-7-2
580,شفارا,پتروشيمي فارابي,27,96540,518805960,5540,5374,5374,-166,-3.0,5536,-4,-0.07,5374,5374,1399-7-2
581,اخزا820,اسنادخزانه-م20بودجه98-020806,27,51370,30342022311,589118,589010,594000,4882,0.83,590656,1538,0.26,589010,597000,1399-7-2
582,غدشت,دشت‌ مرغاب‌,26,5712,1677842880,309200,293740,293740,-15460,-5.0,308650,-550,-0.18,293740,293740,1399-7-2
583,ضچاد7020,اختيارخ كچاد-17300-1399/07/07,26,121,510646000,3989,4000,4500,511,12.81,4220,231,5.79,3601,4500,1399-7-2
584,ضخود7068,اختيارخ خودرو-8000-1399/07/09,26,1120,2548000,2,10,2,0,0.0,2,0,0.0,2,10,1399-7-2
585,كتوكا,توليدي و خدمات صنايع نسوز توكا,26,15255,2189580660,151086,143532,143532,-7554,-5.0,150735,-351,-0.23,143532,143532,1399-7-2
586,اخزا704,اسنادخزانه-م4بودجه97-991022,25,170507,162513329033,948272,954000,953000,4728,0.5,953118,4846,0.51,952000,960000,1399-7-2
587,كمينا,شيشه سازي مينا,25,22364,725980168,33465,32462,32462,-1003,-3.0,33426,-39,-0.12,32462,32462,1399-7-2
588,وارس,سرمايه گذاري ارس صبا,25,12854,1384954230,113415,107745,107745,-5670,-5.0,112977,-438,-0.39,107745,107745,1399-7-2
589,كهرام,توليدي گرانيت بهسرام,25,75721,4295425167,58481,56727,56727,-1754,-3.0,58067,-414,-0.71,56727,56727,1399-7-2
590,كسعدي,كاشي‌ سعدي‌,25,204792,13157886000,67630,64250,64250,-3380,-5.0,66690,-940,-1.39,64250,64250,1399-7-2
591,ضغدر8043,اختيارخ وغدير-16000-1399/08/26,24,184,600416000,3189,4000,3500,311,9.75,3263,74,2.32,3100,4000,1399-7-2
592,غمهرا,توليدي‌مهرام‌,24,4031,422972830,110450,104930,104930,-5520,-5.0,110400,-50,-0.05,104930,104930,1399-7-2
593,ولبهمن,شركت بهمن ليزينگ,24,68275,687119600,10593,10064,10064,-529,-4.99,10585,-8,-0.08,10064,10064,1399-7-2
594,هصيكو402,اختيارف ت تاصيكو13500-00/02/20,24,607093,121418600,1,200,200,199,19900.0,200,199,19900.0,200,200,1399-7-2
595,گپارس,امور رفاهي كارگزاران پارس,23,22518,2574167688,110987,114316,114316,3329,3.0,111379,392,0.35,114316,114316,1399-7-2
596,كرونا2,تامين مالي جمعي صرفا اهداي سود,23,2739,27390000,10000,10000,10000,0,0.0,10000,0,0.0,10000,10000,1399-7-2
597,چكاوه,صنايع‌كاغذسازي‌كاوه‌,23,27961,1054129700,39680,37700,37700,-1980,-4.99,39640,-40,-0.1,37700,37700,1399-7-2
598,افران,صندوق س افرا نماد پايدار-ثابت,22,23840,279874700,11700,11740,11750,50,0.43,11740,40,0.34,11710,11750,1399-7-2
599,ضچاد7013,اختيارخ كچاد-10300-1399/07/07,22,60,637011000,10600,10400,10799,199,1.88,10617,17,0.16,10000,11000,1399-7-2
600,ومللح,ح . اعتباري ملل,22,2340985,28047341285,12611,11981,11981,-630,-5.0,11981,-630,-5.0,11981,11981,1399-7-2
601,زعف9908پ05,زعفران9908نگين زرين(پ),22,12752,1118927795,86559,87899,87000,441,0.51,87745,1186,1.37,84410,87901,1399-7-2
602,زير0003پ04,زيره سبز0003شركت مينوبذر(پ),22,689,335614764,475228,510000,483000,7772,1.64,487104,11876,2.5,483000,510000,1399-7-2
603,وثوق,سرمايه گذاري وثوق امين,22,33024,518410752,16183,15698,15698,-485,-3.0,16170,-13,-0.08,15698,15698,1399-7-2
604,اخزا810,اسنادخزانه-م10بودجه98-001006,22,21089,17005070219,805783,806000,808997,3214,0.4,806348,565,0.07,803301,809301,1399-7-2
605,خنصير,مهندسي‌نصيرماشين‌,21,56378,2849344120,53200,50540,50540,-2660,-5.0,53040,-160,-0.3,50540,50540,1399-7-2
606,نتوس,پشم‌ بافي‌ توس,20,40367,430998459,11238,10677,10677,-561,-4.99,11225,-13,-0.12,10677,10677,1399-7-2
607,اخزا812,اسنادخزانه-م12بودجه98-001111,20,61428,48795182582,792661,792683,794746,2085,0.26,794348,1687,0.21,792683,794746,1399-7-2
608,هكاوه911,اختيارف ت كاوه-25477-99/11/18,20,100000,78000000,1,780,780,779,77900.0,780,779,77900.0,780,780,1399-7-2
609,ولانا,شركت ليزينگ آريا دانا,20,14540,340628580,24151,23427,23427,-724,-3.0,24138,-13,-0.05,23427,23427,1399-7-2
610,آكورد2,صندوق س. آرمان آتي كوثر-د,20,2000000,2000000,28556,1,1,-28555,-100.0,1,-28555,-100.0,1,1,1399-7-2
611,لخانه,لوازم‌ خانگي‌ پارس‌,20,9972,558890712,58995,56046,56046,-2949,-5.0,58908,-87,-0.15,56046,56046,1399-7-2
612,غشصفا,شيرپاستوريزه‌پگاه‌اصفهان‌,19,10133,271868390,28240,26830,26830,-1410,-4.99,28230,-10,-0.04,26830,26830,1399-7-2
613,كقزوي,شيشه‌ قزوين‌,19,32309,336013600,10721,10400,10400,-321,-2.99,10715,-6,-0.06,10400,10400,1399-7-2
614,اخزا703,اسنادخزانه-م3بودجه97-990721,19,105555,104605118743,990019,992399,991995,1976,0.2,991001,982,0.1,990514,992399,1399-7-2
615,وثنو,سرمايه گذاري ساختماني نوين,19,52119,943510257,18662,18103,18103,-559,-3.0,18635,-27,-0.14,18103,18103,1399-7-2
616,خكمك,كمك‌فنرايندامين‌,19,13022,724934740,58590,55670,55670,-2920,-4.98,58540,-50,-0.09,55670,55670,1399-7-2
617,فسديد,لوله‌وتجهيزات‌ سديد - ورشكسته,18,20583,2569602303,123605,124841,124841,1236,1.0,124216,611,0.49,124841,124841,1399-7-2
618,زعف9908پ09,زعفران9908نگين نوين(پ),18,5841,499779734,84018,87000,87901,3883,4.62,85564,1546,1.84,85000,87901,1399-7-2
619,كشرق,صنعتي و معدني شمال شرق شاهرود,18,66486,5639475492,89286,84822,84822,-4464,-5.0,88755,-531,-0.59,84822,84822,1399-7-2
620,لبوتان,گروه‌صنعتي‌بوتان‌,18,5875,464947500,83300,79140,79140,-4160,-4.99,83260,-40,-0.05,79140,79140,1399-7-2
621,چافست,افست‌,18,44025,1137606000,27200,25840,25840,-1360,-5.0,27170,-30,-0.11,25840,25840,1399-7-2
622,اخزا813,اسنادخزانه-م13بودجه98-010219,18,10574,7984574101,752263,753895,754016,1753,0.23,755114,2851,0.38,753894,759999,1399-7-2
623,افرا,افرانت,18,7712,503824960,68768,65330,65330,-3438,-5.0,68731,-37,-0.05,65330,65330,1399-7-2
624,زعف9908پ16,زعفران9908نگين بيرجند(پ),18,8488,697737767,83870,86990,84000,130,0.16,82203,-1667,-1.99,80751,86990,1399-7-2
625,پلاسك,پلاسكوكار,17,54334,495526080,9590,9120,9120,-470,-4.9,9590,0,0.0,9120,9120,1399-7-2
626,سايرا,ايرانيت‌,17,30271,1098769161,35852,36569,35135,-717,-2.0,35899,47,0.13,35135,36569,1399-7-2
627,خفنر,فنرسازي‌خاور,17,18075,360777000,21010,19960,19960,-1050,-5.0,21000,-10,-0.05,19960,19960,1399-7-2
628,زعف9908پ11,زعفران9908نگين سحرخيز(پ),16,18000,1582218000,88105,87901,87901,-204,-0.23,87901,-204,-0.23,87901,87901,1399-7-2
629,ضشنا7076,اختيارخ شپنا-19864-1399/07/28,16,39,187401000,6400,5700,4200,-2200,-34.38,4805,-1595,-24.92,4000,5700,1399-7-2
630,فالوم,آلومتك‌,16,20762,708316392,35171,34116,34116,-1055,-3.0,35132,-39,-0.11,34116,34116,1399-7-2
631,لپيام,گسترش صنايع پيام,16,7410,228465120,32116,30832,30832,-1284,-4.0,32085,-31,-0.1,30832,30832,1399-7-2
632,ثاباد,توريستي ورفاهي آبادگران ايران,16,27652,856935480,32620,30990,30990,-1630,-5.0,32590,-30,-0.09,30990,30990,1399-7-2
633,ضخود7056,اختيارخ خودرو-3800-1399/07/09,16,921,25132000,51,74,30,-21,-41.18,27,-24,-47.06,19,74,1399-7-2
634,ثتوسا,س.توسعه و عمران استان اردبيل,16,10486,759563896,76248,72436,72436,-3812,-5.0,76096,-152,-0.2,72436,72436,1399-7-2
635,اخزا721,اسنادخزانه-م21بودجه97-000728,16,37086,31125092360,832416,842490,835011,2595,0.31,839268,6852,0.82,835011,842490,1399-7-2
636,ضملي1154,اختيارخ فملي-24336-1399/11/05,16,16,57000000,3000,3500,3500,500,16.67,3562,562,18.73,3500,4000,1399-7-2
637,ضخود1042,اختيارخ خودرو-3000-1399/10/07,15,27,29000000,1,1000,1200,1199,119900.0,1074,1073,107300.0,800,1200,1399-7-2
638,هصند911,اختيارف ت صندوق-19926-99/11/29,15,100000,97100000,1501,971,971,-530,-35.31,971,-530,-35.31,971,971,1399-7-2
639,ضپاس7014,اختيارخ وپارس-3800-1399/07/30,15,316,292634000,1000,1100,860,-140,-14.0,926,-74,-7.4,700,1100,1399-7-2
640,شرنگي,شيميايي رنگين,15,3945,473183025,123654,119945,119945,-3709,-3.0,123563,-91,-0.07,119945,119945,1399-7-2
641,كساپا,سايپاشيشه‌,14,8716,174407160,21060,20010,20010,-1050,-4.99,21060,0,0.0,20010,20010,1399-7-2
642,اخزا807,اسنادخزانه-م7بودجه98-000719,14,53882,45461387374,839013,837001,843000,3987,0.48,843721,4708,0.56,837001,848490,1399-7-2
643,ضفلا8076,اختيارخ فولاد-8775-1399/08/28,14,42,468077000,9500,11000,11000,1500,15.79,11145,1645,17.32,10101,11225,1399-7-2
644,غگلپا,شير پاستوريزه پگاه گلپايگان,14,2298,168928278,77380,73511,73511,-3869,-5.0,77366,-14,-0.02,73511,73511,1399-7-2
645,فن آوا,گروه فن آوا,14,43791,615920415,14651,14065,14065,-586,-4.0,14613,-38,-0.26,14065,14065,1399-7-2
646,فبيرا,بسته‌ بندي‌ ايران‌,14,30463,154081854,5214,5058,5058,-156,-2.99,5213,-1,-0.02,5058,5058,1399-7-2
647,زنگان,صنعت روي زنگان,14,1215,188815860,163583,155404,155404,-8179,-5.0,163550,-33,-0.02,155404,155404,1399-7-2
648,ضجار7023,اختيارخ وتجارت-3000-1399/07/22,13,298,116106000,405,599,370,-35,-8.64,390,-15,-3.7,370,599,1399-7-2
649,هپارس912,اختيارف ت وپارس-5920-99/12/10,13,100000,110800000,886,1108,1108,222,25.06,1108,222,25.06,1108,1108,1399-7-2
650,پست9908-02,پسته فندقي32-30طلاسبززرند9908,13,192,269386235,1414400,1397427,1460000,45600,3.22,1403053,-11347,-0.8,1343689,1460000,1399-7-2
651,تپولا,مهندسي مرآت پولاد,13,29941,487559244,16787,16284,16284,-503,-3.0,16774,-13,-0.08,16284,16284,1399-7-2
652,ثنظام,س. ساختماني نظام مهندسي ايران,13,10498,505184756,49610,48122,48122,-1488,-3.0,49571,-39,-0.08,48122,48122,1399-7-2
653,اخزا902,اسنادخزانه-م2بودجه99-011019,12,15122,10113807700,673345,669001,668805,-4540,-0.67,668814,-4531,-0.67,668805,669001,1399-7-2
654,اخزا723,اسنادخزانه-م23بودجه97-000824,12,14733,12133018194,821820,825500,821520,-300,-0.04,823527,1707,0.21,821252,825500,1399-7-2
655,ولتجار,واسپاري تجارت وسرمايه ايرانيان,12,90472,611500248,6968,6759,6759,-209,-3.0,6961,-7,-0.1,6759,6759,1399-7-2
656,فماك,ماداكتو استيل كرد,12,504510,15029352900,29800,29790,29790,-10,-0.03,29790,-10,-0.03,29790,29790,1399-7-2
657,سنوين,سرمايه گذاري اقتصاد نوين,12,106664,1179597176,11284,11059,11059,-225,-1.99,11257,-27,-0.24,11059,11059,1399-7-2
658,همعاد911,اختيارف ت معادن-19080-99/11/19,12,100000,51800000,249,518,518,269,108.03,518,269,108.03,518,518,1399-7-2
659,ضجار7027,اختيارخ وتجارت-3800-1399/07/22,12,220,31600000,134,160,120,-14,-10.45,144,10,7.46,120,200,1399-7-2
660,هنفت912,اختيارف ت نفت-15330-99/12/04,12,100000,17100000,1,171,171,170,17000.0,171,170,17000.0,171,171,1399-7-2
661,خلنت,لنت‌ ترمزايران‌,12,12228,1129500360,97230,92370,92370,-4860,-5.0,97110,-120,-0.12,92370,92370,1399-7-2
662,خعمرا,توسعه و عمران شهرستان نائين,12,236890,3580592350,14396,15115,15115,719,4.99,14517,121,0.84,15115,15115,1399-7-2
663,بشهاب,لامپ‌  پارس‌ شهاب‌,12,2452,172866000,74210,70500,70500,-3710,-5.0,74200,-10,-0.01,70500,70500,1399-7-2
664,پارتا,مجتمع‌صنعتي‌آرتاويل‌تاير,12,10437,639850722,63202,61306,61306,-1896,-3.0,63161,-41,-0.06,61306,61306,1399-7-2
665,زعف9908پ06,زعفران 9908پوشالمعمول زرين(پ),12,2663,174067300,66609,66000,64501,-2108,-3.16,65365,-1244,-1.87,64501,66000,1399-7-2
666,فنورد,نوردوقطعات‌ فولادي‌,12,6128,784322720,121900,127990,127990,6090,5.0,121990,90,0.07,127990,127990,1399-7-2
667,خموتور,موتورسازان‌تراكتورسازي‌ايران‌,12,54656,723098880,13920,13230,13230,-690,-4.96,13910,-10,-0.07,13230,13230,1399-7-2
668,لازما,كارخانه هاي صنعتي آزمايش,11,12769,402440573,32160,31517,31517,-643,-2.0,32134,-26,-0.08,31517,31517,1399-7-2
669,ضخود7055,اختيارخ خودرو-3600-1399/07/09,11,139,8622000,73,100,50,-23,-31.51,62,-11,-15.07,33,100,1399-7-2
670,ضملت8033,اختيارخ وبملت-6272-1399/08/28,11,96,260224581,535,1001,600,65,12.15,655,120,22.43,550,1001,1399-7-2
671,تپمپي,پمپ‌ سازي‌ ايران‌,11,3443,168156120,51410,48840,48840,-2570,-5.0,51400,-10,-0.02,48840,48840,1399-7-2
672,اروند11,منفعت صبا اروند سپهر 14001222,10,3869,3785221191,975012,1050000,978346,3334,0.34,978346,3334,0.34,975100,1050000,1399-7-2
673,ضفلا8087,اختيارخ فولاد-18775-1399/08/28,10,148,505128000,4038,3600,4000,-38,-0.94,3413,-625,-15.48,3001,4000,1399-7-2
674,پلاست,كارخانجات توليدي پلاستيران,10,3668,152405400,43736,41550,41550,-2186,-5.0,43718,-18,-0.04,41550,41550,1399-7-2
675,ضفلا8082,اختيارخ فولاد-13775-1399/08/28,10,53,366738000,7000,6732,7500,500,7.14,6920,-80,-1.14,6732,7500,1399-7-2
676,حبندر,دريايي و کشتيراني خط دريابندر,9,12798,298129410,24015,23295,23295,-720,-3.0,24004,-11,-0.05,23295,23295,1399-7-2
677,سخواف,سيمان مجد خواف,9,8796,145142796,17011,16501,16501,-510,-3.0,17007,-4,-0.02,16501,16501,1399-7-2
678,اخزا713,اسنادخزانه-م13بودجه97-000518,9,7080,6115602024,861376,865800,864999,3623,0.42,863786,2410,0.28,860911,866000,1399-7-2
679,پست9908-04,پسته فندقي32-30سبزدانه9908,9,124,171970310,1360000,1343690,1485120,125120,9.2,1386857,26857,1.97,1343689,1485120,1399-7-2
680,ضپاس7021,اختيارخ وپارس-5500-1399/07/30,9,49,14609000,800,109,400,-400,-50.0,298,-502,-62.75,100,600,1399-7-2
681,آينده,بازرگاني آينده سازان بهشت پارس,9,3594,81192054,23289,22591,22591,-698,-3.0,23286,-3,-0.01,22591,22591,1399-7-2
682,ثشرق,سرمايه گذاري مسكن شمال شرق,9,10522,76494940,7650,7270,7270,-380,-4.97,7650,0,0.0,7270,7270,1399-7-2
683,ضفلا8080,اختيارخ فولاد-11775-1399/08/28,9,74,646188000,8521,8301,8990,469,5.5,8732,211,2.48,8000,9000,1399-7-2
684,بايكا,كارخانجات كابلسازي ‌ايران‌,9,7719,324120810,43288,41990,41990,-1298,-3.0,43266,-22,-0.05,41990,41990,1399-7-2
685,خچرخش,چرخشگر,9,20827,444656450,22470,21350,21350,-1120,-4.98,22460,-10,-0.04,21350,21350,1399-7-2
686,ضجار7016,اختيارخ وتجارت-1800-1399/07/22,8,33,41383000,1181,1036,1400,219,18.54,1254,73,6.18,1036,1400,1399-7-2
687,وپسا,س. پتروشيمي ساختمان  خليج فارس,8,14504,75058200,5335,5175,5175,-160,-3.0,5334,-1,-0.02,5175,5175,1399-7-2
688,ضجار7021,اختيارخ وتجارت-2600-1399/07/22,8,100,64200000,800,800,601,-199,-24.88,642,-158,-19.75,600,810,1399-7-2
689,ضخود1043,اختيارخ خودرو-3500-1399/10/07,8,25,17903000,1,600,701,700,70000.0,716,715,71500.0,600,850,1399-7-2
690,ضفلا8079,اختيارخ فولاد-10775-1399/08/28,8,41,374134000,9261,9225,9500,239,2.58,9125,-136,-1.47,7309,9500,1399-7-2
691,فمراد,آلومراد,8,1703,251924790,155710,147930,147930,-7780,-5.0,155670,-40,-0.03,147930,147930,1399-7-2
692,ضپيك7033,اختيارخ تاپيكو-21370-99/07/20,8,34,54185000,2000,3000,1111,-889,-44.45,1594,-406,-20.3,1111,3000,1399-7-2
693,سنير,سيمان‌ سفيد ني‌ريز,7,2438,223735260,96590,91770,91770,-4820,-4.99,96570,-20,-0.02,91770,91770,1399-7-2
694,ضترا8040,اختيارخ شتران-16326-1399/08/11,7,53,215289000,5773,5773,4500,-1273,-22.05,4062,-1711,-29.64,3400,6000,1399-7-2
695,قمرو,قند مرودشت‌,7,7873,278782930,37270,35410,35410,-1860,-4.99,37260,-10,-0.03,35410,35410,1399-7-2
696,پدرخش,درخشان‌ تهران‌,7,799,174949040,230480,218960,218960,-11520,-5.0,230440,-40,-0.02,218960,218960,1399-7-2
697,ثزاگرس,سرمايه گذاري توسعه عمران زاگرس,7,2201,52088866,24397,23666,23666,-731,-3.0,24395,-2,-0.01,23666,23666,1399-7-2
698,صينا205,صكوك منفعت سينا دارو-3ماهه 19%,7,45,44469100,985952,990100,983100,-2852,-0.29,988202,2250,0.23,983000,990100,1399-7-2
699,زعف9908پ14,زعفران9908پوشالمعمول نوين(پ),7,1159,76444920,66629,64500,65999,-630,-0.95,65958,-671,-1.01,64100,68000,1399-7-2
700,ضخود7041,اختيارخ خودرو-1700-1399/07/09,7,46,52955000,1370,1151,1200,-170,-12.41,1151,-219,-15.99,1050,1200,1399-7-2
701,وبملت2,بانك ملت,7,2130000000,12247500000000,5480,5750,5750,270,4.93,5750,270,4.93,5750,5750,1399-7-2
702,ضخود7039,اختيارخ خودرو-1500-1399/07/09,6,28,40415000,1375,1610,1400,25,1.82,1443,68,4.95,1400,1610,1399-7-2
703,وسقم,شركت س استان قم,6,166644,234968040,1350,1410,1410,60,4.44,1350,0,0.0,1410,1410,1399-7-2
704,ضخوز7028,اختيارخ فخوز-43470-1399/07/20,6,26,162000000,6004,6600,6000,-4,-0.07,6231,227,3.78,6000,6600,1399-7-2
705,وسخراش,شركت س استان خراسان شمالي,6,327937,462391170,1350,1410,1410,60,4.44,1350,0,0.0,1410,1410,1399-7-2
706,اخزا718,اسنادخزانه-م18بودجه97-000525,6,15006,12881071263,857115,860000,872999,15884,1.85,858395,1280,0.15,858300,872999,1399-7-2
707,ضفار8027,اختيارخ فارس-6326-1399/08/06,6,31,620299000,15100,19900,20090,4990,33.05,20010,4910,32.52,19900,20090,1399-7-2
708,ضپاس7015,اختيارخ وپارس-4000-1399/07/30,6,214,182320000,829,900,790,-39,-4.7,852,23,2.77,790,1000,1399-7-2
709,ضغدر8038,اختيارخ وغدير-11000-1399/08/26,6,22,173603000,7500,7500,9000,1500,20.0,7891,391,5.21,6101,9000,1399-7-2
710,ضگل8059,اختيارخ كگل-15100-1399/08/21,6,48,410000000,8700,8000,9000,300,3.45,8542,-158,-1.82,8000,9000,1399-7-2
711,ضفلا8086,اختيارخ فولاد-17775-1399/08/28,6,100,273640000,3977,3300,2600,-1377,-34.62,2736,-1241,-31.2,2600,3300,1399-7-2
712,اخزا720,اسنادخزانه-م20بودجه97-000324,6,3190,2825737053,885000,888500,886000,1000,0.11,885811,811,0.09,882300,888500,1399-7-2
713,ضشنا7073,اختيارخ شپنا-15837-1399/07/28,6,11,66003000,7000,6002,6000,-1000,-14.29,6000,-1000,-14.29,6000,6002,1399-7-2
714,تكنو,تكنوتار,6,4758,69752280,15430,14660,14660,-770,-4.99,15430,0,0.0,14660,14660,1399-7-2
715,صايپا908,صكوك مرابحه سايپا908-3ماهه 18%,6,1744,1743027825,999003,995000,999998,995,0.1,999443,440,0.04,995000,999998,1399-7-2
716,سفارود,كارخانه فارسيت درود,6,25480,176601880,7072,6931,6931,-141,-1.99,7069,-3,-0.04,6931,6931,1399-7-2
717,زير0003پ02,زيره سبز0003 دانش(پ),6,71,33868220,501276,477010,477010,-24266,-4.84,477017,-24259,-4.84,477010,477020,1399-7-2
718,ضغدر8044,اختيارخ وغدير-17000-1399/08/26,6,17,50509000,2895,2510,3000,105,3.63,2971,76,2.63,2510,3000,1399-7-2
719,خمحور,توليدمحورخودرو,6,9663,555719130,60530,57510,57510,-3020,-4.99,60490,-40,-0.07,57510,57510,1399-7-2
720,ضغدر8045,اختيارخ وغدير-18000-1399/08/26,5,30,85000000,2345,3000,2500,155,6.61,2833,488,20.81,2500,3000,1399-7-2
721,اروند03,منفعت صبا اروند تمدن14001113,5,115000,109825000000,965000,955000,955000,-10000,-1.04,955000,-10000,-1.04,955000,955000,1399-7-2
722,تاپيكو2,س. نفت و گاز و پتروشيمي تأمين,5,608717304,12101300003520,18940,19880,19880,940,4.96,19880,940,4.96,19880,19880,1399-7-2
723,ضچاد7018,اختيارخ كچاد-15300-1399/07/07,5,6,36000000,5967,6000,6000,33,0.55,6000,33,0.55,6000,6000,1399-7-2
724,شمواد,توليد مواداوليه الياف مصنوعي,5,2289,142094253,65344,62077,62077,-3267,-5.0,65319,-25,-0.04,62077,62077,1399-7-2
725,صايپا203,صكوك مرابحه سايپا203-3ماهه 16%,5,101,97415000,961177,955000,993000,31823,3.31,964505,3328,0.35,950000,993000,1399-7-2
726,شسم,توليد سموم‌ علف‌ كش,5,987,79302489,78772,80347,80347,1575,2.0,78784,12,0.02,80347,80347,1399-7-2
727,ضفلا8085,اختيارخ فولاد-16775-1399/08/28,5,212,1110980000,4207,5237,5200,993,23.6,5240,1033,24.55,5200,5790,1399-7-2
728,پست9908-08,پسته فندقي32-30زرينمه ولات9908,4,45,60465618,1364153,1343681,1343680,-20473,-1.5,1343680,-20473,-1.5,1343680,1343681,1399-7-2
729,فولاد2,فولاد مباركه اصفهان,4,22048749,424538879920,19130,19400,20080,950,4.97,19255,125,0.65,19130,20080,1399-7-2
730,ضغدر8040,اختيارخ وغدير-13000-1399/08/26,4,10,50057000,5695,5000,5008,-687,-12.06,5006,-689,-12.1,5000,5008,1399-7-2
731,ضمخا7049,اختيارخ اخابر-13750-1399/07/30,4,15,63556000,6122,4000,5555,-567,-9.26,4237,-1885,-30.79,4000,5555,1399-7-2
732,زعف9908پ15,زعفران9908پوشالمعمول طلاسرخ(پ),4,272,17692900,68108,63300,69900,1792,2.63,65047,-3061,-4.49,63300,69900,1399-7-2
733,ضملت8031,اختيارخ وبملت-5306-1399/08/28,4,26,182618100,990,1700,1690,700,70.71,1696,706,71.31,1690,1700,1399-7-2
734,ضملت8032,اختيارخ وبملت-5789-1399/08/28,4,24,80418220,775,811,800,25,3.23,809,34,4.39,800,811,1399-7-2
735,اخابر2,مخابرات ايران,4,139059665,2728350627300,19430,19620,19620,190,0.98,19620,190,0.98,19620,19620,1399-7-2
736,ضخود1046,اختيارخ خودرو-5000-1399/10/07,4,45,20800000,1,500,450,449,44900.0,462,461,46100.0,450,500,1399-7-2
737,اخزا805,اسنادخزانه-م5بودجه98-000422,4,2957,2586802630,875176,875170,874564,-612,-0.07,874806,-370,-0.04,874101,875170,1399-7-2
738,ضسپا8022,اختيارخ خساپا-3200-1399/08/26,4,154,64300000,400,210,400,0,0.0,418,18,4.5,210,1500,1399-7-2
739,ضملي8082,اختيارخ فملي-39750-1399/08/06,4,6,15899000,2610,3000,2800,190,7.28,2650,40,1.53,2000,3000,1399-7-2
740,زعف9908پ17,زعفران9908پوشالمعمول بيرجند(پ),4,251,16008640,65236,63298,65000,-236,-0.36,63779,-1457,-2.23,63298,65000,1399-7-2
741,لوتوس99,اجاره لوتوس پارسيان990717,4,21,21050000,1000000,1000000,1000000,0,0.0,1002381,2381,0.24,1000000,1010000,1399-7-2
742,اخزا819,اسنادخزانه-م19بودجه98-020322,4,40,25879990,647000,646999,647000,0,0.0,647000,0,0.0,646999,647000,1399-7-2
743,ضفلا8084,اختيارخ فولاد-15775-1399/08/28,4,141,820000000,5029,5740,6000,971,19.31,5816,787,15.65,5740,6000,1399-7-2
744,ضپنا7045,اختيارخ رمپنا-40407-1399/07/13,4,28,57000,149,2,10,-139,-93.29,2,-147,-98.66,1,10,1399-7-2
745,تملي710,تسهيلات مسكن ب. ملي-دي97,3,60,23338740,370457,388979,388979,18522,5.0,388979,18522,5.0,388979,388979,1399-7-2
746,ضشنا7075,اختيارخ شپنا-18522-1399/07/28,3,54,524900000,4100,5500,9800,5700,139.02,9720,5620,137.07,5500,9800,1399-7-2
747,تملي712,تسهيلات مسكن ب. ملي-اسفند97,3,69,36138129,498801,523741,523741,24940,5.0,523741,24940,5.0,523741,523741,1399-7-2
748,ضخود7048,اختيارخ خودرو-2800-1399/07/09,3,8,2460000,421,300,310,-111,-26.37,307,-114,-27.08,300,310,1399-7-2
749,ضخود7049,اختيارخ خودرو-3000-1399/07/09,3,81,23359000,222,288,289,67,30.18,288,66,29.73,288,289,1399-7-2
750,پارسان2,گسترش نفت و گاز پارسيان,3,12100000,326858000000,27870,27320,27650,-220,-0.79,27013,-857,-3.07,26480,27650,1399-7-2
751,ضغدر8048,اختيارخ وغدير-22000-1399/08/26,3,25,50000000,2000,2000,2000,0,0.0,2000,0,0.0,2000,2000,1399-7-2
752,ثاژن,سخت آژند,3,4794,48702246,10366,10159,10159,-207,-2.0,10365,-1,-0.01,10159,10159,1399-7-2
753,تبريز112,مشاركت شهرداري تبريز-3ماهه18%,3,393,393765000,999949,980000,1005000,5051,0.51,1001947,1998,0.2,980000,1005000,1399-7-2
754,ضپاس7018,اختيارخ وپارس-4600-1399/07/30,3,200,109000000,700,630,460,-240,-34.29,545,-155,-22.14,460,630,1399-7-2
755,همراه2,شركت ارتباطات سيار ايران,3,6421161,256846440000,39910,40000,40000,90,0.23,40000,90,0.23,40000,40000,1399-7-2
756,ضگل8065,اختيارخ كگل-23100-1399/08/21,3,15,67900000,4500,4500,4900,400,8.89,4527,27,0.6,4500,4900,1399-7-2
757,ضخود7060,اختيارخ خودرو-4600-1399/07/09,3,21,310000,100,10,10,-90,-90.0,15,-85,-85.0,10,20,1399-7-2
758,ضپنا7042,اختيارخ رمپنا-32306-1399/07/13,3,15,300000,100,20,20,-80,-80.0,20,-80,-80.0,20,20,1399-7-2
759,ضغدر8042,اختيارخ وغدير-15000-1399/08/26,3,3,12200000,4533,3100,4100,-433,-9.55,4067,-466,-10.28,3100,5000,1399-7-2
760,ضفار8029,اختيارخ فارس-7326-1399/08/06,3,23,393000000,17000,17500,17000,0,0.0,17087,87,0.51,17000,17500,1399-7-2
761,ضفار8038,اختيارخ فارس-13826-1399/08/06,3,11,80500000,5000,5000,8000,3000,60.0,7318,2318,46.36,5000,8000,1399-7-2
762,ضخود1047,اختيارخ خودرو-6000-1399/10/07,3,30,7000000,1,200,300,299,29900.0,233,232,23200.0,200,300,1399-7-2
763,ضفلا8081,اختيارخ فولاد-12775-1399/08/28,3,20,144500000,8896,7225,7225,-1671,-18.78,7225,-1671,-18.78,7225,7225,1399-7-2
764,ضسپا8016,اختيارخ خساپا-2000-1399/08/26,3,35,28500000,800,800,800,0,0.0,814,14,1.75,800,900,1399-7-2
765,ضجار7017,اختيارخ وتجارت-1900-1399/07/22,3,12,12210000,1567,1100,1001,-566,-36.12,1017,-550,-35.1,1001,1100,1399-7-2
766,ضملي8085,اختيارخ فملي-51750-1399/08/06,3,22,22501000,1010,1001,1500,490,48.51,1023,13,1.29,1000,1500,1399-7-2
767,اخزا903,اسنادخزانه-م3بودجه99-011110,3,4065,2695139400,661305,663000,664200,2895,0.44,663011,1706,0.26,663000,664200,1399-7-2
768,فافزا,فولاد افزا سپاهان,3,325,15441725,48982,47513,47513,-1469,-3.0,48981,-1,0.0,47513,47513,1399-7-2
769,فنرژي,گسترش صنايع انرژي آذرآب,3,4184,45772960,11163,10940,10940,-223,-2.0,11162,-1,-0.01,10940,10940,1399-7-2
770,ضترا8030,اختيارخ شتران-8113-1399/08/11,3,11,154000000,12000,14000,14000,2000,16.67,14000,2000,16.67,14000,14000,1399-7-2
771,ضخود7040,اختيارخ خودرو-1600-1399/07/09,3,6,6040000,1189,1019,1003,-186,-15.64,1007,-182,-15.31,1003,1019,1399-7-2
772,اميد99,مشارکت ليزينگ اميد9907,2,6505,6565006000,1000000,1009224,1010000,10000,1.0,1009225,9225,0.92,1009224,1010000,1399-7-2
773,ضپنا7041,اختيارخ رمپنا-29606-1399/07/13,2,6,309000,11,3,100,89,809.09,51,40,363.64,3,100,1399-7-2
774,ضپنا7039,اختيارخ رمپنا-25556-1399/07/13,2,11,5380000,271,400,498,227,83.76,489,218,80.44,400,498,1399-7-2
775,ضترا8018,اختيارخ شتران-3421-1399/08/11,2,3,63000000,27000,21000,21000,-6000,-22.22,21000,-6000,-22.22,21000,21000,1399-7-2
776,ضملت8035,اختيارخ وبملت-7238-1399/08/28,2,10,9110200,800,1300,100,-700,-87.5,220,-580,-72.5,100,1300,1399-7-2
777,ضخود1045,اختيارخ خودرو-4500-1399/10/07,2,6,3000000,1,500,500,499,49900.0,500,499,49900.0,500,500,1399-7-2
778,ضفار8030,اختيارخ فارس-7826-1399/08/06,2,5,95000000,14800,19000,19000,4200,28.38,19000,4200,28.38,19000,19000,1399-7-2
779,صايپا012,صكوك مرابحه سايپا012-3ماهه 16%,2,20,20588240,1049661,1029412,1029412,-20249,-1.93,1029412,-20249,-1.93,1029412,1029412,1399-7-2
780,آگاس2,صندوق س.هستي بخش آگاه-س,2,300000,300000,76998,1,1,-76997,-100.0,1,-76997,-100.0,1,1,1399-7-2
781,ضپاس7016,اختيارخ وپارس-4200-1399/07/30,2,19,5350000,1605,250,850,-755,-47.04,282,-1323,-82.43,250,850,1399-7-2
782,صمسكن912,ص دين مسكن جنوب-ماهانه16درصد,2,100,15282300,160866,152823,152823,-8043,-5.0,152823,-8043,-5.0,152823,152823,1399-7-2
783,ضملي1148,اختيارخ فملي-10140-1399/11/05,2,4,75200000,18100,19000,18600,500,2.76,18800,700,3.87,18600,19000,1399-7-2
784,ضملي8072,اختيارخ فملي -19750-1399/08/06,2,13,184000000,13853,14250,13000,-853,-6.16,14154,301,2.17,13000,14250,1399-7-2
785,اعتماد4,صندوق س.اعتماد آفرين پارسيان-د,2,18206910,591296850620,32472,32482,32472,0,0.0,32477,5,0.02,32472,32482,1399-7-2
786,اخزا804,اسنادخزانه-م4بودجه98-000421,2,1873,1632823892,871059,870866,872804,1745,0.2,871769,710,0.08,870866,872804,1399-7-2
787,ضغدر8033,اختيارخ وغدير-8010-1399/08/26,2,8,80000000,9120,10000,10000,880,9.65,10000,880,9.65,10000,10000,1399-7-2
788,شتران2,پالايش نفت تهران,2,11950000,300303500000,26450,25130,25130,-1320,-4.99,25130,-1320,-4.99,25130,25130,1399-7-2
789,اراد33,مرابحه عام دولت3-ش.خ 0303,2,30000,27945000000,930000,931500,931500,1500,0.16,931500,1500,0.16,931500,931500,1399-7-2
790,ياقوت2,صندوق س ياقوت آگاه-ثابت,2,115000,115000,11080,1,1,-11079,-99.99,1,-11079,-99.99,1,1,1399-7-2
791,تملي704,تسهيلات مسكن ب. ملي-تير97,2,7,6055161,823832,865023,865023,41191,5.0,865023,41191,5.0,865023,865023,1399-7-2
792,ضخود7058,اختيارخ خودرو-4200-1399/07/09,2,10,52000,13,7,5,-8,-61.54,5,-8,-61.54,5,7,1399-7-2
793,ضپاس7017,اختيارخ وپارس-4400-1399/07/30,2,101,61200000,739,1200,600,-139,-18.81,606,-133,-18.0,600,1200,1399-7-2
794,ضفلا8072,اختيارخ فولاد-6775-1399/08/28,2,4,52896000,14000,13224,13224,-776,-5.54,13224,-776,-5.54,13224,13224,1399-7-2
795,ضغدر8030,اختيارخ وغدير-6510-1399/08/26,2,11,127000000,12000,11500,12000,0,0.0,11545,-455,-3.79,11500,12000,1399-7-2
796,شستا993,اجاره ت.اجتماعي-كاردان991226,2,30,30600000,1034220,1020000,1020000,-14220,-1.37,1020000,-14220,-1.37,1020000,1020000,1399-7-2
797,ضخود7062,اختيارخ خودرو-5000-1399/07/09,2,100,200000,5,2,2,-3,-60.0,2,-3,-60.0,2,2,1399-7-2
798,ضگل8063,اختيارخ كگل-19100-1399/08/21,2,3,20000000,9000,6000,8000,-1000,-11.11,6667,-2333,-25.92,6000,8000,1399-7-2
799,وسالت,بانك قرض الحسنه رسالت,2,3900,16840200,4152,4318,4318,166,4.0,4152,0,0.0,4318,4318,1399-7-2
800,ضخود7051,اختيارخ خودرو-1300-1399/07/09,2,22,43977000,1425,1999,1999,574,40.28,1999,574,40.28,1998,1999,1399-7-2
801,ضشنا7053,اختيارخ شپنا-3758-1399/07/28,2,2,40000000,20818,20000,20000,-818,-3.93,20000,-818,-3.93,20000,20000,1399-7-2
802,فخوز2,فولاد  خوزستان,2,9000000,417375000000,46390,46000,46750,360,0.78,46375,-15,-0.03,46000,46750,1399-7-2
803,ضبدر8047,اختيارخ شبندر-11580-1399/08/18,2,6,198000000,14000,33000,33000,19000,135.71,33000,19000,135.71,33000,33000,1399-7-2
804,كابگن,توليدي و صنعتي آبگينه‌,2,16587,74060955,4421,4465,4465,44,1.0,4422,1,0.02,4465,4465,1399-7-2
805,وايرا,سرمايه گذاري صنايع ايران,2,1200,10908000,9371,9090,9090,-281,-3.0,9371,0,0.0,9090,9090,1399-7-2
806,ضفار8034,اختيارخ فارس-9826-1399/08/06,2,3,42000000,11100,14000,14000,2900,26.13,14000,2900,26.13,14000,14000,1399-7-2
807,ضمخا7032,اختيارخ اخابر-4750-1399/07/30,2,11,159000000,15517,14500,14000,-1517,-9.78,14455,-1062,-6.84,14000,14500,1399-7-2
808,ضملي1153,اختيارخ فملي-20280-1399/11/05,2,2,14000000,6417,7000,7000,583,9.09,7000,583,9.09,7000,7000,1399-7-2
809,تابان02,اجاره تابان لوتوس14021206,2,3008,2671664000,871000,888000,958000,87000,9.99,888186,17186,1.97,888000,958000,1399-7-2
810,ضفار1120,اختيارخ فارس-8826-1399/11/07,2,2,37000000,19562,18500,18500,-1062,-5.43,18500,-1062,-5.43,18500,18500,1399-7-2
811,صايپا112,صكوك مرابحه سايپا112-3ماهه 16%,2,172,168560000,980000,980000,980000,0,0.0,980000,0,0.0,980000,980000,1399-7-2
812,فملي2,ملي‌ صنايع‌ مس‌ ايران‌,2,8400000,272712000000,32760,33000,31130,-1630,-4.98,32466,-294,-0.9,31130,33000,1399-7-2
813,ضخود7067,اختيارخ خودرو-7500-1399/07/09,2,2,4000,10,2,2,-8,-80.0,2,-8,-80.0,2,2,1399-7-2
814,تملي612,تسهيلات مسكن بانك ملي-اسفند96,1,1,2716302,2586955,2716302,2716302,129347,5.0,2716302,129347,5.0,2716302,2716302,1399-7-2
815,ضبدر8058,اختيارخ شبندر-25580-1399/08/18,1,12,180000000,15000,15000,15000,0,0.0,15000,0,0.0,15000,15000,1399-7-2
816,تملي803,تسهيلات مسكن ب. ملي-خرداد98,1,5,911090,173541,182218,182218,8677,5.0,182218,8677,5.0,182218,182218,1399-7-2
817,ضسپا8017,اختيارخ خساپا-2200-1399/08/26,1,50,25300000,800,506,506,-294,-36.75,506,-294,-36.75,506,506,1399-7-2
818,تملي706,تسهيلات مسكن ب. ملي-شهريور97,1,3,738645,234491,246215,246215,11724,5.0,246215,11724,5.0,246215,246215,1399-7-2
819,ضخود1048,اختيارخ خودرو-7000-1399/10/07,1,10,1000000,1,100,100,99,9900.0,100,99,9900.0,100,100,1399-7-2
820,ضغدر8039,اختيارخ وغدير-12000-1399/08/26,1,12,72000000,7500,6000,6000,-1500,-20.0,6000,-1500,-20.0,6000,6000,1399-7-2
821,ضچاد7017,اختيارخ كچاد-14300-1399/07/07,1,1,7085000,6928,7085,7085,157,2.27,7085,157,2.27,7085,7085,1399-7-2
822,ضخوز7023,اختيارخ فخوز-31470-1399/07/20,1,7,105000000,22600,15000,15000,-7600,-33.63,15000,-7600,-33.63,15000,15000,1399-7-2
823,ضشنا7082,اختيارخ شپنا-29258-1399/07/28,1,1,2000000,3000,2000,2000,-1000,-33.33,2000,-1000,-33.33,2000,2000,1399-7-2
824,ضملي1152,اختيارخ فملي-18252-1399/11/05,1,2,12000000,7286,6000,6000,-1286,-17.65,6000,-1286,-17.65,6000,6000,1399-7-2
825,وپاسار2,بانك  پاسارگاد,1,19000000,198550000000,10380,10450,10450,70,0.67,10450,70,0.67,10450,10450,1399-7-2
826,گواهي ظرفيت,گواهي ظرفيت نقدي,1,1975000,21012025000,10639,10639,10639,0,0.0,10639,0,0.0,10639,10639,1399-7-2
827,ضمخا7052,اختيارخ اخابر-16750-1399/07/30,1,20,68000000,3717,3400,3400,-317,-8.53,3400,-317,-8.53,3400,3400,1399-7-2
828,ضملت8034,اختيارخ وبملت-6755-1399/08/28,1,1,4927790,800,1190,1190,390,48.75,1190,390,48.75,1190,1190,1399-7-2
829,تملي711,تسهيلات مسكن ب. ملي-بهمن97,1,4,2043704,486597,510926,510926,24329,5.0,510926,24329,5.0,510926,510926,1399-7-2
830,وسپهر4,سرمايه گذاري مالي سپهرصادرات,1,6000000,60372000000,1000,10062,10062,9062,906.2,10062,9062,906.2,10062,10062,1399-7-2
831,شپنا2,پالايش نفت اصفهان,1,7400000,207200000000,29040,28000,28000,-1040,-3.58,28000,-1040,-3.58,28000,28000,1399-7-2
832,ضفلا8093,اختيارخ فولاد-29775-1399/08/28,1,16,16000000,883,1000,1000,117,13.25,1000,117,13.25,1000,1000,1399-7-2
833,ضفار8037,اختيارخ فارس-12826-1399/08/06,1,1,8500000,8600,8500,8500,-100,-1.16,8500,-100,-1.16,8500,8500,1399-7-2
834,وسمركز,شركت س استان مركزي,1,75308,105431200,1000,1400,1400,400,40.0,1400,400,40.0,1400,1400,1399-7-2
835,ضخود7042,اختيارخ خودرو-1800-1399/07/09,1,9,10800000,2600,1200,1200,-1400,-53.85,1200,-1400,-53.85,1200,1200,1399-7-2
836,اروند04,منفعت صبا اروند كاردان14001113,1,270,275400000,1000000,1020000,1020000,20000,2.0,1020000,20000,2.0,1020000,1020000,1399-7-2
837,ضچاد7012,اختيارخ كچاد-9300-1399/07/07,1,1,10199000,11817,10199,10199,-1618,-13.69,10199,-1618,-13.69,10199,10199,1399-7-2
838,كچاد2,معدني‌وصنعتي‌چادرملو,1,9500000,204060000000,20460,21480,21480,1020,4.99,21480,1020,4.99,21480,21480,1399-7-2
839,تملي802,تسهيلات مسكن ب. ملي-ارديبهشت98,1,10,5518350,525558,551835,551835,26277,5.0,551835,26277,5.0,551835,551835,1399-7-2
840,فارس2,صنايع پتروشيمي خليج فارس,1,6300000,202608000000,30630,32160,32160,1530,5.0,32160,1530,5.0,32160,32160,1399-7-2
841,ضفار8033,اختيارخ فارس-9326-1399/08/06,1,5,80000000,12000,16000,16000,4000,33.33,16000,4000,33.33,16000,16000,1399-7-2
842,ضفار8042,اختيارخ فارس-17826-1399/08/06,1,1,3000000,3333,3000,3000,-333,-9.99,3000,-333,-9.99,3000,3000,1399-7-2
843,خودرو2,ايران‌ خودرو,1,50000000,147500000000,2910,2950,2950,40,1.37,2950,40,1.37,2950,2950,1399-7-2
844,ضملي1150,اختيارخ فملي-14196-1399/11/05,1,1,9500000,12000,9500,9500,-2500,-20.83,9500,-2500,-20.83,9500,9500,1399-7-2
845,ضجار7025,اختيارخ وتجارت-3400-1399/07/22,1,5,1945000,485,389,389,-96,-19.79,389,-96,-19.79,389,389,1399-7-2
846,ضبدر8056,اختيارخ شبندر-21580-1399/08/18,1,1,20000000,18000,20000,20000,2000,11.11,20000,2000,11.11,20000,20000,1399-7-2
847,ضفلا8077,اختيارخ فولاد-9275-1399/08/28,1,6,64350000,10000,10725,10725,725,7.25,10725,725,7.25,10725,10725,1399-7-2
848,ضسپا8021,اختيارخ خساپا-3000-1399/08/26,1,100,40000000,250,400,400,150,60.0,400,150,60.0,400,400,1399-7-2
849,حرهشا,رهشاد سپاهان (سهامي عام,1,182,10995530,62283,60415,60415,-1868,-3.0,62282,-1,0.0,60415,60415,1399-7-2
850,ضجار7020,اختيارخ وتجارت-2400-1399/07/22,1,9,9000000,1000,1000,1000,0,0.0,1000,0,0.0,1000,1000,1399-7-2
851,ضغدر8037,اختيارخ وغدير-10000-1399/08/26,1,17,21420000,10000,1260,1260,-8740,-87.4,1260,-8740,-87.4,1260,1260,1399-7-2
852,ضخود7047,اختيارخ خودرو-2600-1399/07/09,1,1,300000,555,300,300,-255,-45.95,300,-255,-45.95,300,300,1399-7-2
853,ضخود7046,اختيارخ خودرو-2400-1399/07/09,1,2,1240000,355,620,620,265,74.65,620,265,74.65,620,620,1399-7-2
854,ضشنا7072,اختيارخ شپنا-14495-1399/07/28,1,46,690000000,14106,15000,15000,894,6.34,15000,894,6.34,15000,15000,1399-7-2
855,ضبدر8070,اختيارخ شبندر-59580-1399/08/18,1,1,1800000,2796,1800,1800,-996,-35.62,1800,-996,-35.62,1800,1800,1399-7-2
856,سپرمي,پرميت‌,1,700,5804400,8461,8292,8292,-169,-2.0,8461,0,0.0,8292,8292,1399-7-2
857,صخود0004,صكوك رهني خودرو0004- 3ماهه 16%,1,1,970000,970000,970000,970000,0,0.0,970000,0,0.0,970000,970000,1399-7-2
858,تملي806,تسهيلات مسكن ب. ملي-شهريور98,1,2,307778,146561,153889,153889,7328,5.0,153889,7328,5.0,153889,153889,1399-7-2
859,كمند2,صندوق س. با درآمد ثابت كمند,1,13000000,13000000,10110,1,1,-10109,-99.99,1,-10109,-99.99,1,1,1399-7-2
860,ضفار1126,اختيارخ فارس-19826-1399/11/07,1,1,7000000,3299,7000,7000,3701,112.19,7000,3701,112.19,7000,7000,1399-7-2
861,تملي701,تسهيلات مسكن ب. ملي-فروردين97,1,1,578158,550627,578158,578158,27531,5.0,578158,27531,5.0,578158,578158,1399-7-2
862,ضملي8057,اختيارخ فملي -7250-1399/08/06,1,9,243000000,30000,27000,27000,-3000,-10.0,27000,-3000,-10.0,27000,27000,1399-7-2
863,ضشنا7054,اختيارخ شپنا-4094-1399/07/28,1,4,84000000,20588,21000,21000,412,2.0,21000,412,2.0,21000,21000,1399-7-2
864,صخود0012,ص مرابحه خودرو0012- 3ماهه 18%,1,4,4080000,1020100,1020000,1020000,-100,-0.01,1020000,-100,-0.01,1020000,1020000,1399-7-2
865,شبندر2,پالايش نفت بندرعباس,1,5000000,206000000000,41010,41200,41200,190,0.46,41200,190,0.46,41200,41200,1399-7-2
866,آريان2,سرمايه گذاري پارس آريان,1,113662912,1615377305344,14651,14212,14212,-439,-3.0,14212,-439,-3.0,14212,14212,1399-7-2
867,تملي805,تسهيلات مسكن ب. ملي-مرداد98,1,10,1976290,188219,197629,197629,9410,5.0,197629,9410,5.0,197629,197629,1399-7-2
868,ضچاد7022,اختيارخ كچاد-19300-1399/07/07,1,1,2890000,5000,2890,2890,-2110,-42.2,2890,-2110,-42.2,2890,2890,1399-7-2
869,صخود412,ص مرابحه خودرو412- 3ماهه 18%,1,11,10835440,985502,985040,985040,-462,-0.05,985040,-462,-0.05,985040,985040,1399-7-2
870,وغدير2,سرمايه‌گذاري‌غدير(هلدينگ‌,1,7999999,137199982850,16770,17150,17150,380,2.27,17150,380,2.27,17150,17150,1399-7-2
871,ضغدر8041,اختيارخ وغدير-14000-1399/08/26,1,10,48000000,5000,4800,4800,-200,-4.0,4800,-200,-4.0,4800,4800,1399-7-2
872,ضبدر8071,اختيارخ شبندر-65580-1399/08/18,1,2,10000000,3100,5000,5000,1900,61.29,5000,1900,61.29,5000,5000,1399-7-2
873,عسناسنگ,سلف كنستانتره سنگ آهن سناباد,1,1,6695079,6722010,6695079,6695079,-26931,-0.4,6695079,-26931,-0.4,6695079,6695079,1399-7-2
874,ضشنا7074,اختيارخ شپنا-17179-1399/07/28,1,10,63000000,7489,6300,6300,-1189,-15.88,6300,-1189,-15.88,6300,6300,1399-7-2
875,ضبدر8069,اختيارخ شبندر-55580-1399/08/18,1,2,9000000,3750,4500,4500,750,20.0,4500,750,20.0,4500,4500,1399-7-2
876,خفناور,مهندسي صنعتي روان فن آور,1,233,5674948,25109,24356,24356,-753,-3.0,25109,0,0.0,24356,24356,1399-7-2
877,تملي708,تسهيلات مسكن ب. ملي-آبان97,1,30,5487600,174210,182920,182920,8710,5.0,182920,8710,5.0,182920,182920,1399-7-2
878,زعف9908پ12,زعفران9908پوشالمعمول سحرخيز(پ),1,72,4572000,67601,63500,63500,-4101,-6.07,63500,-4101,-6.07,63500,63500,1399-7-2
879,كگل2,معدني و صنعتي گل گهر,1,8400000,206556000000,23570,24590,24590,1020,4.33,24590,1020,4.33,24590,24590,1399-7-2
880,تملي703,تسهيلات مسكن ب. ملي-خرداد97,1,1,272805,259815,272805,272805,12990,5.0,272805,12990,5.0,272805,272805,1399-7-2
881,ضفلا8088,اختيارخ فولاد-19775-1399/08/28,1,4,12004000,3504,3001,3001,-503,-14.36,3001,-503,-14.36,3001,3001,1399-7-2
882,ضفار8028,اختيارخ فارس-6826-1399/08/06,1,2,40000000,18000,20000,20000,2000,11.11,20000,2000,11.11,20000,20000,1399-7-2
883,تملي807,تسهيلات مسكن ب. ملي-مهر98,1,15,4017780,255098,267852,267852,12754,5.0,267852,12754,5.0,267852,267852,1399-7-2
884,تملي702,تسهيلات مسكن ب. ملي-ارديبهشت97,1,11,5478660,474343,498060,498060,23717,5.0,498060,23717,5.0,498060,498060,1399-7-2
885,ضشنا7066,اختيارخ شپنا-9798-1399/07/28,1,100,1900000000,20000,19000,19000,-1000,-5.0,19000,-1000,-5.0,19000,19000,1399-7-2
886,ضبدر8052,اختيارخ شبندر-16580-1399/08/18,1,1,32000000,48000,32000,32000,-16000,-33.33,32000,-16000,-33.33,32000,32000,1399-7-2
887,تملي705,تسهيلات مسكن ب. ملي-مرداد97,1,15,5158815,327544,343921,343921,16377,5.0,343921,16377,5.0,343921,343921,1399-7-2
888,ضپاس7020,اختيارخ وپارس-5000-1399/07/30,1,100,30000000,300,300,300,0,0.0,300,0,0.0,300,300,1399-7-2
889,ذوب2,سهامي ذوب آهن  اصفهان,1,30000000,176400000000,5995,5880,5880,-115,-1.92,5880,-115,-1.92,5880,5880,1399-7-2
890,ضملت8037,اختيارخ وبملت-8204-1399/08/28,1,1,828200,542,200,200,-342,-63.1,200,-342,-63.1,200,200,1399-7-2
891,ضفار8032,اختيارخ فارس-8826-1399/08/06,1,1,14000000,15242,14000,14000,-1242,-8.15,14000,-1242,-8.15,14000,14000,1399-7-2
892,ضملي8080,اختيارخ فملي-35750-1399/08/06,1,2,10000000,5800,5000,5000,-800,-13.79,5000,-800,-13.79,5000,5000,1399-7-2
893,ضخود7059,اختيارخ خودرو-4400-1399/07/09,1,23,345000,10,15,15,5,50.0,15,5,50.0,15,15,1399-7-2
894,شيران2,س. صنايع‌شيميايي‌ايران,1,5800000,173130000000,31270,29850,29850,-1420,-4.54,29850,-1420,-4.54,29850,29850,1399-7-2
895,ضترا8045,اختيارخ شتران-22192-1399/08/11,1,10,30000000,4000,3000,3000,-1000,-25.0,3000,-1000,-25.0,3000,3000,1399-7-2
896,ضملي1149,اختيارخ فملي-12168-1399/11/05,1,1,16000000,16000,16000,16000,0,0.0,16000,0,0.0,16000,16000,1399-7-2
897,تملي801,تسهيلات مسكن ب. ملي-فروردين98,1,7,2323125,316072,331875,331875,15803,5.0,331875,15803,5.0,331875,331875,1399-7-2
898,وپارس2,بانك‌پارسيان‌,1,13159932,55271714400,4340,4200,4200,-140,-3.23,4200,-140,-3.23,4200,4200,1399-7-2
899,ضجار7015,اختيارخ وتجارت-1700-1399/07/22,1,9,11259000,1690,1251,1251,-439,-25.98,1251,-439,-25.98,1251,1251,1399-7-2
900,تملي707,تسهيلات مسكن ب. ملي-مهر97,1,12,5169408,410271,430784,430784,20513,5.0,430784,20513,5.0,430784,430784,1399-7-2
901,وصندوق2,سرمايه‌گذاري‌صندوق‌بازنشستگي‌,1,37900000,682200000000,17470,18000,18000,530,3.03,18000,530,3.03,18000,18000,1399-7-2
902,ضچاد7016,اختيارخ كچاد-13300-1399/07/07,1,10,80000000,8000,8000,8000,0,0.0,8000,0,0.0,8000,8000,1399-7-2
