,نماد,نام,تعداد,حجم,ارزش,دیروز,اولین,آخرین معامله - مقدار,آخرین معامله - تغییر,آخرین معامله - درصد,قیمت پایانی - مقدار,قیمت پایانی - تغییر,قیمت پایانی - درصد,کمترین,بیشترین,تاریخ
0,پالايش,صندوق پالايشي يکم-سهام,109624,98558514,9218376151500,87280,89000,95350,8070,9.25,93530,6250,7.16,87290,95860,1399-11-21
1,دارا يكم,صندوق واسطه گري مالي يكم-سهام,77150,52469218,8390530549240,150710,151000,162450,11740,7.79,159910,9200,6.1,147350,164800,1399-11-21
2,خزر,فنرسازي‌زر,36259,66062148,3329269175030,50960,53500,49070,-1890,-3.71,50400,-560,-1.1,48420,53500,1399-11-21
3,شستا,سرمايه گذاري تامين اجتماعي,35784,113360634,2566484289130,22270,22290,22790,520,2.33,22640,370,1.66,21700,23000,1399-11-21
4,سپيدار,سپيدار سيستم آسيا,35726,854492,52878528436,58937,61883,61883,2946,5.0,61736,2799,4.75,61883,61883,1399-11-21
5,كلوند,كاشي‌ الوند,28219,41721300,2154209617920,52840,54000,50810,-2030,-3.84,51630,-1210,-2.29,50200,55380,1399-11-21
6,خودرو,ايران‌ خودرو,26255,1007085333,2766121435280,2630,2630,2760,130,4.94,2750,120,4.56,2600,2760,1399-11-21
7,وكبهمن,مديريت سرمايه گذاري كوثربهمن,24530,13672209,183509545849,13455,13400,13499,44,0.33,13422,-33,-0.25,12910,13800,1399-11-21
8,وسپهر,سرمايه گذاري مالي سپهرصادرات,23674,67716707,685480312635,10106,10101,10188,82,0.81,10123,17,0.17,10100,10299,1399-11-21
9,شپنا,پالايش نفت اصفهان,23168,233883970,2853579928680,11690,11750,12270,580,4.96,12200,510,4.36,11720,12270,1399-11-21
10,شاروم,پتروشيمي اروميه,22042,19806267,376417276650,18737,18020,19673,936,5.0,19005,268,1.43,17801,19673,1399-11-21
11,بوعلي,پتروشيمي بوعلي سينا,21085,7476589,327926708220,43650,43670,44580,930,2.13,43860,210,0.48,42590,45300,1399-11-21
12,خگستر,گسترش‌سرمايه‌گذاري‌ايران‌خودرو,17834,455066522,1460662334070,3090,3100,3240,150,4.85,3210,120,3.88,3030,3240,1399-11-21
13,شتران,پالايش نفت تهران,17834,134768523,1248082319940,9000,9000,9380,380,4.22,9260,260,2.89,8810,9390,1399-11-21
14,آوا,صندوق س.سهام آواي معيار-س,17702,176066582,1449674606547,8418,8240,8090,-328,-3.9,8234,-184,-2.19,8000,8542,1399-11-21
15,زملارد,كشاورزي و دامپروري ملارد شير,17660,5900527,205402787018,35965,34284,34940,-1025,-2.85,34811,-1154,-3.21,34170,35800,1399-11-21
16,وتجارت,بانك تجارت,17603,389772092,1126449422920,2840,2840,2920,80,2.82,2890,50,1.76,2770,2940,1399-11-21
17,كزغال,زغال سنگ پروده طبس,16087,2125245,49858247700,22343,23460,23460,1117,5.0,23315,972,4.35,23460,23460,1399-11-21
18,ولپارس,ليزينگ پارسيان,15942,33885512,179307750360,5540,5290,5330,-210,-3.79,5290,-250,-4.51,5270,5450,1399-11-21
19,غزر,صنعتي زر ماكارون,15762,10697822,287468963030,28050,28290,26650,-1400,-4.99,26870,-1180,-4.21,26650,28290,1399-11-21
20,ثبهساز,بهساز كاشانه تهران,15031,82554854,205355869800,2480,2420,2530,50,2.02,2490,10,0.4,2400,2540,1399-11-21
21,ثاميد,توسعه و عمران اميد,14028,113133669,195841413570,1730,1720,1750,20,1.16,1730,0,0.0,1690,1760,1399-11-21
22,خساپا,سايپا,13482,648800910,1526745750040,2260,2300,2370,110,4.87,2350,90,3.98,2260,2370,1399-11-21
23,سيتا,سرمايه گذاري سيمان تامين,13122,23831515,358606207340,15030,15010,15070,40,0.27,15050,20,0.13,15000,15260,1399-11-21
24,بپيوند,برق و انرژي پيوندگستر پارس,12163,10153146,155224783619,15507,15480,15350,-157,-1.01,15288,-219,-1.41,14732,15790,1399-11-21
25,پترول,گروه پتروشيمي س. ايرانيان,11600,80422102,812931351250,9730,9970,10210,480,4.93,10110,380,3.91,9640,10210,1399-11-21
26,وهنر,گروه توسعه هنر ايران,10745,66396873,659543239519,9676,9966,9966,290,3.0,9933,257,2.66,9676,9966,1399-11-21
27,ساروم,سيمان‌اروميه‌,10696,34454117,1295179307820,37270,39130,37380,110,0.3,37590,320,0.86,35410,39130,1399-11-21
28,كرمان,س. توسعه و عمران استان كرمان,10526,15660272,830009786341,54987,54040,53600,-1387,-2.52,53001,-1986,-3.61,52238,54987,1399-11-21
29,آبادا,توليد نيروي برق آبادان,9771,5568102,82759274450,14860,14370,15040,180,1.21,14860,0,0.0,14340,15300,1399-11-21
30,آريا,پليمر آريا ساسول,9456,3274865,260200019177,78543,77785,80003,1460,1.86,79454,911,1.16,76600,80056,1399-11-21
31,بگيلان,توسعه مسير برق گيلان,9308,1900092,40520250994,21055,20920,21507,452,2.15,21277,222,1.05,20800,21790,1399-11-21
32,وبصادر,بانك صادرات ايران,9215,216056258,571287054830,2600,2620,2660,60,2.31,2640,40,1.54,2560,2680,1399-11-21
33,حكشتي,كشتيراني جمهوري اسلامي ايران,9129,34637233,721025940680,20430,20300,20990,560,2.74,20820,390,1.91,19650,21400,1399-11-21
34,سبهان,سيمان‌ بهبهان‌,9071,5570361,838607390150,157070,149220,152780,-4290,-2.73,150550,-6520,-4.15,149220,157000,1399-11-21
35,شبندر,پالايش نفت بندرعباس,8742,44887711,978637260050,20940,21450,21980,1040,4.97,21800,860,4.11,20500,21980,1399-11-21
36,شپلي,پلي اكريل ايران,8711,110591846,1323376913470,12040,12280,11800,-240,-1.99,11966,-74,-0.61,11800,12280,1399-11-21
37,بركت,گروه دارويي بركت,8571,26791141,636091979770,22810,23040,23950,1140,5.0,23740,930,4.08,22810,23950,1399-11-21
38,فملي,ملي‌ صنايع‌ مس‌ ايران‌,8476,76983256,836987466120,10400,10630,10920,520,5.0,10870,470,4.52,10500,10920,1399-11-21
39,وپارس,بانك‌پارسيان‌,8105,268216940,854297551440,3070,3070,3220,150,4.89,3190,120,3.91,3000,3220,1399-11-21
40,وبملت,بانك ملت,8007,149925108,608245834040,3950,4020,4080,130,3.29,4060,110,2.78,3910,4130,1399-11-21
41,رافزا,رايان هم افزا,7926,46272,2009916864,41369,43437,43437,2068,5.0,41448,79,0.19,43437,43437,1399-11-21
42,خودكفا,اقتصادي و خودكفايي آزادگان,7921,25796544,652153756453,26475,25152,25320,-1155,-4.36,25281,-1194,-4.51,25152,26330,1399-11-21
43,غگل,گلوكوزان‌,7900,85198417,320000509550,3850,3800,3800,-50,-1.3,3760,-90,-2.34,3660,3850,1399-11-21
44,فولاد,فولاد مباركه اصفهان,7898,73986789,878148818120,11340,11680,11900,560,4.94,11870,530,4.67,11480,11900,1399-11-21
45,سخاش,سيمان‌خاش‌,7449,3641329,605697130120,161640,169720,169720,8080,5.0,166340,4700,2.91,156000,169720,1399-11-21
46,آسيا,بيمه آسيا,7006,130342280,320864852240,2460,2450,2500,40,1.63,2460,0,0.0,2360,2520,1399-11-21
47,كلر,كلر پارس,6928,5510493,787402737613,137604,133300,144484,6880,5.0,142892,5288,3.84,133300,144484,1399-11-21
48,انرژي3,سايراشخاص بورس انرژي,6920,1856879,560374565230,303890,303690,298500,-5390,-1.77,301780,-2110,-0.69,293000,310500,1399-11-21
49,ثشاهد,سرمايه‌ گذاري‌ شاهد,6747,23044201,466974782100,20490,20200,20220,-270,-1.32,20260,-230,-1.12,19540,20890,1399-11-21
50,كاذر,فرآورده‌هاي‌نسوزآذر,6724,23895319,819479882640,35950,34160,34500,-1450,-4.03,34290,-1660,-4.62,34160,35460,1399-11-21
51,ثفارس,عمران‌وتوسعه‌فارس‌,6651,37459577,468919029370,13100,12700,12460,-640,-4.89,12520,-580,-4.43,12450,13100,1399-11-21
52,حآسا,آسيا سير ارس,6620,16038659,650299158125,42509,40384,40385,-2124,-5.0,40546,-1963,-4.62,40384,42000,1399-11-21
53,فارس,صنايع پتروشيمي خليج فارس,6612,35322736,329062358010,9170,9300,9330,160,1.74,9320,150,1.64,9040,9500,1399-11-21
54,شگويا,پتروشيمي تندگويان,6441,26415839,223842781189,8317,8200,8585,268,3.22,8474,157,1.89,8156,8643,1399-11-21
55,ذوب,سهامي ذوب آهن  اصفهان,6385,100117339,434861436433,4171,4281,4379,208,4.99,4344,173,4.15,4245,4379,1399-11-21
56,غنوش,نوش‌ مازندران‌,6385,8912003,520136650020,56070,57000,58870,2800,4.99,58360,2290,4.08,56500,58870,1399-11-21
57,كرازي,كارخانجات‌توليدي‌شيشه‌رازي‌,6320,17108245,421013235330,25800,24540,24510,-1290,-5.0,24610,-1190,-4.61,24510,25500,1399-11-21
58,كوثر,بيمه كوثر,6203,37106088,559273955215,15330,14564,15499,169,1.1,15072,-258,-1.68,14564,15730,1399-11-21
59,ماديرا,صنايع ماشين هاي اداري ايران,6190,36126871,332588277666,9116,9010,9435,319,3.5,9206,90,0.99,8800,9490,1399-11-21
60,قاسم,قاسم ايران,6187,55299772,784709168264,14610,15330,13931,-679,-4.65,14190,-420,-2.87,13880,15330,1399-11-21
61,خرينگ,رينگ‌سازي‌مشهد,6187,11092671,506370036120,47730,45400,46500,-1230,-2.58,45650,-2080,-4.36,45350,47800,1399-11-21
62,وخارزم,سرمايه گذاري خوارزمي,5950,47675165,433402490450,8720,8890,9150,430,4.93,9090,370,4.24,8540,9150,1399-11-21
63,حفارس,حمل و نقل بين المللي خليج فارس,5852,87033993,422158749100,5040,5000,4940,-100,-1.98,4850,-190,-3.77,4790,5050,1399-11-21
64,فروي,ذوب روي اصفهان,5657,4561255,307372417716,66004,68000,68000,1996,3.02,67388,1384,2.1,65000,68900,1399-11-21
65,تملت,تامين سرمايه بانك ملت,5576,33242814,203455763740,6300,6120,6150,-150,-2.38,6120,-180,-2.86,6010,6300,1399-11-21
66,خپارس,پارس‌ خودرو,5484,72694725,437805457370,5830,5680,6120,290,4.97,6020,190,3.26,5680,6120,1399-11-21
67,ثاخت,بين‌المللي‌توسعه‌ساختمان,5431,102763489,311866415220,2990,2940,3060,70,2.34,3030,40,1.34,2880,3120,1399-11-21
68,وآذر,سرمايه‌گذاري‌توسعه‌آذربايجان‌,5301,4943044,422546486180,86990,83000,89800,2810,3.23,85480,-1510,-1.74,82650,89940,1399-11-21
69,فرابورس,فرابورس ايران,5170,11924334,397911199257,33456,32890,34190,734,2.19,33370,-86,-0.26,31800,34500,1399-11-21
70,غپينو,پارس‌ مينو,5132,42419879,290668134010,7170,6870,6890,-280,-3.91,6850,-320,-4.46,6820,7050,1399-11-21
71,سمگا,گروه سرمايه گذاري ميراث فرهنگي,5098,24917297,740164549975,28447,29300,29869,1422,5.0,29705,1258,4.42,28500,29869,1399-11-21
72,ديران,ايران‌دارو,5072,13760162,361529696000,27460,27160,26300,-1160,-4.22,26270,-1190,-4.33,26090,27460,1399-11-21
73,آگاس,صندوق س.هستي بخش آگاه-س,5038,6462590,424412232214,65629,65000,65800,171,0.26,65672,43,0.07,63900,66990,1399-11-21
74,صبا,سرمايه گذاري صبا تامين,5005,22492265,174356932628,7702,7600,7799,97,1.26,7752,50,0.65,7460,7880,1399-11-21
75,سرو,صندوق س سروسودمند مدبران-سهام,4989,7386937,495210442570,66950,65780,67150,200,0.3,67040,90,0.13,65000,68200,1399-11-21
76,ددام,داروسازي زاگرس فارمد پارس,4930,17752306,354470410670,20250,19240,20620,370,1.83,19970,-280,-1.38,19240,21000,1399-11-21
77,خزاميا,زامياد,4925,58119455,492566391280,8140,8050,8540,400,4.91,8480,340,4.18,7910,8540,1399-11-21
78,غگلستا,شير پاستوريزه پگاه گلستان,4886,18521348,541973707582,30481,28957,30150,-331,-1.09,29262,-1219,-4.0,28957,30481,1399-11-21
79,وپويا,سرمايه گذاري پويا,4862,5890255,38911024530,6292,6606,6606,314,4.99,6505,213,3.39,6606,6606,1399-11-21
80,كوير,توليدي فولاد سپيد فراب كوير,4859,15503332,364764412430,24520,23530,23410,-1110,-4.53,23530,-990,-4.04,23300,24520,1399-11-21
81,وتوصا,گروه س توسعه صنعتي ايران,4841,32514635,402253162420,12800,12170,12500,-300,-2.34,12370,-430,-3.36,12160,12800,1399-11-21
82,شبريز,پالايش نفت تبريز,4824,19274387,515769183260,26130,25500,27100,970,3.71,26760,630,2.41,25000,27330,1399-11-21
83,غگرجي,بيسكويت‌  گرجي‌,4768,14959182,284279948580,19370,18690,19530,160,0.83,19000,-370,-1.91,18410,19900,1399-11-21
84,پيزد,مجتمع صنايع لاستيك يزد,4658,582020,39865721102,67458,67044,68120,662,0.98,68278,820,1.22,66033,70830,1399-11-21
85,كساپا,سايپاشيشه‌,4581,20049325,781298708740,38550,36630,40470,1920,4.98,38970,420,1.09,36630,40470,1399-11-21
86,مدير,ص.س.مديريت ثروت ص.بازنشستگي-س,4581,22959556,230197955345,9747,9790,10060,313,3.21,10026,279,2.86,9521,10350,1399-11-21
87,چكاپا,گروه صنايع كاغذ پارس,4517,56263166,299532464650,5160,5290,5410,250,4.84,5320,160,3.1,5160,5410,1399-11-21
88,سقاين,سيمان‌ قائن‌,4501,3910551,316235879850,82260,82990,82800,540,0.66,80870,-1390,-1.69,78150,85980,1399-11-21
89,فخوز,فولاد  خوزستان,4276,53558401,710642028720,12660,12410,13290,630,4.98,13270,610,4.82,12410,13290,1399-11-21
90,فنرژي,گسترش صنايع انرژي آذرآب,4145,21250106,419342780680,19537,20318,20299,762,3.9,19734,197,1.01,18756,20318,1399-11-21
91,فولاي,صنايع فولاد آلياژي يزد,4137,5287604,279370344782,53285,53990,52400,-885,-1.66,52835,-450,-0.84,51150,55949,1399-11-21
92,تليسه,دامداري تليسه نمونه,3957,34201321,145526408856,4313,4200,4293,-20,-0.46,4255,-58,-1.34,4140,4350,1399-11-21
93,وايران,ليزينگ ايرانيان,3918,29820057,324408073450,11390,10830,11070,-320,-2.81,10880,-510,-4.48,10830,11160,1399-11-21
94,خمحركه,نيرو محركه‌,3888,37321024,182320592860,4840,4720,4910,70,1.45,4890,50,1.03,4610,5020,1399-11-21
95,بجهرم,توسعه مولد نيروگاهي جهرم,3868,59620154,180554004067,2942,2985,3089,147,5.0,3028,86,2.92,2904,3089,1399-11-21
96,رتكو,كنترل‌خوردگي‌تكين‌كو,3762,12826588,256932043220,20770,20000,19740,-1030,-4.96,20030,-740,-3.56,19740,20990,1399-11-21
97,خفنر,فنرسازي‌خاور,3747,12556483,274500372110,22380,22000,21270,-1110,-4.96,21860,-520,-2.32,21270,23490,1399-11-21
98,ومعادن,توسعه‌معادن‌وفلزات‌,3736,44185665,501117864730,10820,11150,11360,540,4.99,11340,520,4.81,10910,11360,1399-11-21
99,ساوه,سيمان ساوه,3703,2043751,110701612575,54391,53500,54360,-31,-0.06,54166,-225,-0.41,52690,55600,1399-11-21
100,كمند,صندوق س. با درآمد ثابت كمند,3675,151685245,1522018775045,10028,10034,10035,7,0.07,10034,6,0.06,10033,10037,1399-11-21
101,كاما,باما,3660,26659859,397426159070,14360,14090,15070,710,4.94,14910,550,3.83,13950,15070,1399-11-21
102,گكوثر,هتل پارسيان كوثر اصفهان,3641,53876206,143166029040,2646,2680,2705,59,2.23,2657,11,0.42,2566,2750,1399-11-21
103,تاپيكو,س. نفت و گاز و پتروشيمي تأمين,3554,29615839,365560770500,11800,11870,12390,590,5.0,12340,540,4.58,11510,12390,1399-11-21
104,كماسه,تامين‌ ماسه‌ ريخته‌گري‌,3524,4168983,187869841980,46640,45590,44850,-1790,-3.84,45060,-1580,-3.39,44460,46600,1399-11-21
105,دانا,بيمه دانا,3461,36430513,230348485600,6130,6060,6430,300,4.89,6320,190,3.1,6060,6430,1399-11-21
106,كالا,بورس كالاي ايران,3456,7697297,253277062850,32250,31850,33860,1610,4.99,32900,650,2.02,31000,33860,1399-11-21
107,سبزوا,سيمان لار سبزوار,3416,30350875,113007327040,3780,3705,3715,-65,-1.72,3723,-57,-1.51,3620,3840,1399-11-21
108,شلعاب,لعابيران‌,3405,18528661,306513729170,16030,16770,16830,800,4.99,16540,510,3.18,15620,16830,1399-11-21
109,تاصيكو,سرمايه گذاري صدرتامين,3392,33399293,342558796990,10260,10000,10260,0,0.0,10260,0,0.0,9820,10450,1399-11-21
110,زقيام,كشت و دام قيام اصفهان,3391,7010166,225669959811,32040,33000,31760,-280,-0.87,32192,152,0.47,31076,33171,1399-11-21
111,بالبر,كابل‌ البرز,3388,8372203,338121917630,40570,38550,42590,2020,4.98,40390,-180,-0.44,38550,42590,1399-11-21
112,ختوقا,قطعات‌ اتومبيل‌ ايران‌,3373,61715373,163641870070,2590,2550,2700,110,4.25,2650,60,2.32,2540,2710,1399-11-21
113,وملي,گروه‌ صنعتي‌ ملي‌ (هلدينگ‌,3341,1289821,224067986120,174920,175500,175000,80,0.05,173720,-1200,-0.69,168190,178000,1399-11-21
114,كترام,توليدي‌ كاشي‌ تكسرام‌,3331,6607387,274990130530,43220,43200,41060,-2160,-5.0,41620,-1600,-3.7,41060,43220,1399-11-21
115,غويتا,ويتانا,3319,11633571,216542673433,19201,18241,19000,-201,-1.05,18614,-587,-3.06,18241,19670,1399-11-21
116,فنورد,نوردوقطعات‌ فولادي‌,3314,1249342,278847027640,232270,225000,223520,-8750,-3.77,223200,-9070,-3.9,220660,232200,1399-11-21
117,لابسا,آبسال‌,3297,5006911,236026721510,49110,47100,47190,-1920,-3.91,47140,-1970,-4.01,46660,48790,1399-11-21
118,نوري,پتروشيمي نوري,3283,3742942,199247818720,52460,52460,53200,740,1.41,53230,770,1.47,50950,54500,1399-11-21
119,فاراك,ماشين‌ سازي‌ اراك‌,3272,39386315,204511457260,5000,4990,5250,250,5.0,5190,190,3.8,4850,5250,1399-11-21
120,بكام,كارخانجات توليدي شهيد قندي,3264,38645064,129786970470,3400,3330,3400,0,0.0,3360,-40,-1.18,3240,3450,1399-11-21
121,تكمبا,كمباين‌ سازي‌ ايران‌,3249,26575529,216075983600,8520,8200,8210,-310,-3.64,8130,-390,-4.58,8100,8290,1399-11-21
122,زكوثر,سرمايه گذاري كشاورزي كوثر,3201,6371949,135253414820,21120,21300,21440,320,1.52,21230,110,0.52,20200,22000,1399-11-21
123,زشگزا,شير و گوشت زاگرس شهركرد,3195,18171023,154546774335,8899,8787,8499,-400,-4.49,8505,-394,-4.43,8455,8900,1399-11-21
124,خكمك,كمك‌فنرايندامين‌,3162,8329459,235670205100,28760,28500,28800,40,0.14,28290,-470,-1.63,27330,29940,1399-11-21
125,ولساپا,ليزينگ رايان‌ سايپا,3127,66048388,247364730200,3650,3650,3820,170,4.66,3750,100,2.74,3530,3830,1399-11-21
126,خكرمان,گروه اقتصادي كرمان خودرو,3124,40040617,168225580862,4286,4158,4219,-67,-1.56,4201,-85,-1.98,4158,4286,1399-11-21
127,ارزش,صندوق س ارزش آفرين بيدار-سهام,3122,24477366,250543836630,10050,9940,10260,210,2.09,10240,190,1.89,9820,10460,1399-11-21
128,ونوين,بانك‌اقتصادنوين‌,3116,61946173,250602538150,3930,3900,4040,110,2.8,4050,120,3.05,3900,4110,1399-11-21
129,ختور,رادياتور ايران‌,3115,6493529,149737079230,22890,21800,23760,870,3.8,23060,170,0.74,21750,23930,1399-11-21
130,دماوند,توليد نيروي برق دماوند,3111,3626382,181438078812,51567,50500,49800,-1767,-3.43,50033,-1534,-2.97,49090,51600,1399-11-21
131,غگيلا,شيرپاستوريزه پگاه گيلان,3102,94659,2183593812,21970,23068,23068,1098,5.0,22015,45,0.2,23068,23068,1399-11-21
132,كسعدي,كاشي‌ سعدي‌,3101,8489880,151500181160,18250,17880,18000,-250,-1.37,17840,-410,-2.25,17360,18490,1399-11-21
133,ولبهمن,شركت بهمن ليزينگ,3080,32099058,280196897551,8386,8805,8805,419,5.0,8729,343,4.09,8390,8805,1399-11-21
134,ثپرديس,سرمايه گذاري مسكن پرديس,3078,15190051,155492296762,10633,10200,10238,-395,-3.71,10236,-397,-3.73,10102,10650,1399-11-21
135,شيران,س. صنايع‌شيميايي‌ايران,3037,12247675,360197492110,28060,29440,29460,1400,4.99,29410,1350,4.81,29000,29460,1399-11-21
136,پدرخش,درخشان‌ تهران‌,2911,1254887,172030997470,143730,140000,137500,-6230,-4.33,137090,-6640,-4.62,136550,142600,1399-11-21
137,مبين,مبين انرژي خليج فارس,2899,14591241,218350263400,15000,15000,15200,200,1.33,14960,-40,-0.27,14320,15400,1399-11-21
138,فجام,جام‌دارو,2894,28648980,303530487690,10940,10400,10990,50,0.46,10590,-350,-3.2,10400,11000,1399-11-21
139,سفارس,سيمان فارس و خوزستان,2883,12793355,235635755750,18300,17600,18590,290,1.58,18420,120,0.66,17600,18900,1399-11-21
140,حاريا,كشتيراني آريا,2878,10067307,297634736307,30910,29365,29365,-1545,-5.0,29564,-1346,-4.35,29365,30700,1399-11-21
141,قشكر,شكرشاهرود,2858,45433345,168617435560,3860,3800,3750,-110,-2.85,3710,-150,-3.89,3670,3850,1399-11-21
142,شسينا,صنايع‌شيميايي‌سينا,2853,1622068,207828307500,127240,129750,130690,3450,2.71,128130,890,0.7,120990,132730,1399-11-21
143,غصينو,صنعتي مينو,2838,5078361,368863694611,75436,79000,71665,-3771,-5.0,72634,-2802,-3.71,71665,79000,1399-11-21
144,وبازار,صندوق س شاخصي بازارآشنا,2820,9961848,99618480000,10000,10000,10000,0,0.0,10000,0,0.0,10000,10000,1399-11-21
145,آينده,بازرگاني آينده سازان بهشت پارس,2818,13232638,302219313368,23835,22644,22644,-1191,-5.0,22839,-996,-4.18,22644,23582,1399-11-21
146,زدشت,كشت و صنعت دشت خرم دره,2797,4756862,155757034455,32390,32970,33360,970,2.99,32744,354,1.09,31100,33500,1399-11-21
147,ميهن,بيمه ميهن,2765,24442652,112963280447,4665,4541,4636,-29,-0.62,4622,-43,-0.92,4485,4763,1399-11-21
148,خنصير,مهندسي‌نصيرماشين‌,2747,2590316,226600152180,87750,88950,89900,2150,2.45,87480,-270,-0.31,85120,90380,1399-11-21
149,ودي,بيمه  دي,2721,10347472,230285282833,22649,23000,21970,-679,-3.0,22255,-394,-1.74,21700,23000,1399-11-21
150,ونيرو,سرمايه‌گذاري‌نيرو,2687,62415691,168045208230,2630,2630,2760,130,4.94,2690,60,2.28,2550,2760,1399-11-21
151,غشاذر,پگاه‌آذربايجان‌غربي‌,2650,14811661,285665860790,20110,19700,19500,-610,-3.03,19290,-820,-4.08,19110,20500,1399-11-21
152,تاپكيش,تجارت الكترونيك پارسيان كيش,2650,7106867,139836754183,20599,20455,19600,-999,-4.85,19676,-923,-4.48,19570,20455,1399-11-21
153,شلرد,كود شيميايي اوره لردگان,2591,20814052,150194999313,7336,7270,7178,-158,-2.15,7216,-120,-1.64,7130,7400,1399-11-21
154,وكارح,ح . بانك‌ كارآفرين‌,2590,96643264,136321477930,1430,1400,1400,-30,-2.1,1410,-20,-1.4,1340,1480,1399-11-21
155,وپاسار,بانك  پاسارگاد,2570,25673488,311880293990,12020,12140,12200,180,1.5,12150,130,1.08,12020,12320,1399-11-21
156,شكربن,كربن‌ ايران‌,2566,2382553,253877848050,107300,109780,105000,-2300,-2.14,106560,-740,-0.69,103200,111500,1399-11-21
157,ولصنم,ليزينگ‌صنعت‌ومعدن‌,2561,15958011,179422628170,10920,10950,11460,540,4.95,11240,320,2.93,10430,11460,1399-11-21
158,اخابر,مخابرات ايران,2537,24006326,251891734600,10380,10390,10600,220,2.12,10490,110,1.06,10010,10740,1399-11-21
159,كسرام,پارس‌ سرام‌,2537,32270175,304760508710,9930,9440,9440,-490,-4.93,9440,-490,-4.93,9440,9590,1399-11-21
160,زبينا,كشاورزي و دامپروري بينالود,2505,4232814,138568180880,32999,31501,33670,671,2.03,32737,-262,-0.79,31501,34190,1399-11-21
161,ونيكي,سرمايه‌گذاري‌ ملي‌ايران‌,2485,16116496,177912216330,10690,10500,11220,530,4.96,11040,350,3.27,10300,11220,1399-11-21
162,فزرين,زرين معدن آسيا,2475,9612270,231689552235,23218,23500,24378,1160,5.0,24104,886,3.82,23500,24378,1399-11-21
163,ورنا,سرمايه‌گذاري‌ رنا(هلدينگ‌,2451,33636955,190059627870,5480,5310,5750,270,4.93,5650,170,3.1,5310,5750,1399-11-21
164,غويتاح,ح . ويتانا,2442,11144560,146126677868,13075,12422,13728,653,4.99,13112,37,0.28,12422,13728,1399-11-21
165,ملت,بيمه ملت,2396,14852185,237749118220,15610,14960,16390,780,5.0,16010,400,2.56,14920,16390,1399-11-21
166,وغدير,سرمايه‌گذاري‌غدير(هلدينگ‌,2388,29222551,352368787480,11510,11500,12080,570,4.95,12060,550,4.78,11350,12080,1399-11-21
167,زگلدشت,كشت و دام گلدشت نمونه اصفهان,2348,7051588,338057062253,50160,47652,47652,-2508,-5.0,47941,-2219,-4.42,47652,49080,1399-11-21
168,چكاوه,صنايع‌كاغذسازي‌كاوه‌,2346,12679056,172429800200,13600,12920,14280,680,5.0,13600,0,0.0,12920,14280,1399-11-21
169,ثشرق,سرمايه گذاري مسكن شمال شرق,2318,30655973,159778454130,5100,4950,5340,240,4.71,5210,110,2.16,4910,5350,1399-11-21
170,ثزاگرس,سرمايه گذاري توسعه عمران زاگرس,2283,2734233,185453833940,66873,70000,70216,3343,5.0,67827,954,1.43,63530,70216,1399-11-21
171,ومهان,گروه توسعه مالي مهر آيندگان,2268,14060546,185672771052,12693,12940,13327,634,4.99,13205,512,4.03,12700,13327,1399-11-21
172,فجر,فولاد اميركبيركاشان,2256,4264928,281968767200,66610,66360,66120,-490,-0.74,66110,-500,-0.75,65010,68440,1399-11-21
173,غمينو,شركت صنايع غذايي مينو شرق,2254,10548348,132459247085,13101,13200,12470,-631,-4.82,12557,-544,-4.15,12446,13200,1399-11-21
174,خچرخش,چرخشگر,2248,8380960,132771902980,16100,15510,16000,-100,-0.62,15840,-260,-1.61,15300,16500,1399-11-21
175,كبافق,معادن‌ بافق‌,2240,3571231,196902613790,52950,54800,55590,2640,4.99,55140,2190,4.14,53000,55590,1399-11-21
176,غسالم,سالمين‌,2219,22560632,98275814570,4290,4350,4410,120,2.8,4360,70,1.63,4260,4440,1399-11-21
177,قصفها,قنداصفهان‌,2194,1035390,171417446090,162100,163500,170200,8100,5.0,165560,3460,2.13,157800,170200,1399-11-21
178,فاما,صنعتي‌ آما,2180,5081126,111735977220,21860,22100,22260,400,1.83,21990,130,0.59,21010,22880,1399-11-21
179,خاور,ايران خودرو ديزل,2169,22893041,160605953611,6916,7110,7123,207,2.99,7015,99,1.43,6880,7123,1399-11-21
180,وملل,اعتباري ملل,2156,17353215,275188584217,15413,16050,15710,297,1.93,15858,445,2.89,15413,16183,1399-11-21
181,ستران,سيمان‌ تهران‌,2154,5349363,142927771220,26570,26880,27010,440,1.66,26720,150,0.56,25720,27250,1399-11-21
182,مرقام,ايران‌ارقام‌,2153,8833264,151096216900,17220,17450,17600,380,2.21,17110,-110,-0.64,16610,17800,1399-11-21
183,زمگسا,كشاورزي‌ ودامپروي‌ مگسال‌,2141,3569005,105297183940,30290,29650,29570,-720,-2.38,29500,-790,-2.61,28880,30500,1399-11-21
184,وصنعت,سرمايه گذاري توسعه صنعت وتجارت,2125,31904650,212941054560,6440,6400,6760,320,4.97,6670,230,3.57,6350,6760,1399-11-21
185,غچين,كشت‌ و صنعت‌ چين‌ چين,2116,7277503,139728705160,19200,18240,20160,960,5.0,19200,0,0.0,18240,20160,1399-11-21
186,فرآور,فرآوري‌موادمعدني‌ايران‌,2114,7051410,235017222740,31790,32600,33370,1580,4.97,33330,1540,4.84,32430,33370,1399-11-21
187,ثنوسا,نوسازي‌وساختمان‌تهران‌,2098,13799947,189316182440,13110,13640,13760,650,4.96,13720,610,4.65,13260,13760,1399-11-21
188,كچاد,معدني‌وصنعتي‌چادرملو,2086,8236175,168252478620,20130,20130,20340,210,1.04,20430,300,1.49,20030,20980,1399-11-21
189,خكار,ايركا پارت صنعت,2081,8394533,150081232640,17690,17010,18570,880,4.97,17880,190,1.07,16810,18570,1399-11-21
190,داسوه,داروسازي‌ اسوه‌,2077,6848360,289979494550,40880,40890,42920,2040,4.99,42340,1460,3.57,40880,42920,1399-11-21
191,فاذر,صنايع‌ آذرآب‌,2071,8311393,208669358010,24320,24100,25530,1210,4.98,25110,790,3.25,24100,25530,1399-11-21
192,چافست,افست‌,2065,9664715,149612211090,15370,15300,16130,760,4.94,15480,110,0.72,14610,16130,1399-11-21
193,چكاوهح,ح . صنايع‌كاغذسازي‌كاوه‌,2047,15573859,151982362680,9160,8700,10080,920,10.04,9760,600,6.55,8700,10080,1399-11-21
194,ساراب,سيمان‌ داراب‌,2021,10735538,172711490090,15770,15050,16550,780,4.95,16090,320,2.03,14990,16550,1399-11-21
195,تكنو,تكنوتار,2019,10947902,260058120240,23640,22460,24820,1180,4.99,23750,110,0.47,22460,24820,1399-11-21
196,ثتوسا,س.توسعه و عمران استان اردبيل,2014,4273991,197757881485,47072,47890,45660,-1412,-3.0,46270,-802,-1.7,45660,47890,1399-11-21
197,كپارس,كاشي‌ پارس‌,2002,1382187,223477091730,154030,161730,161730,7700,5.0,161680,7650,4.97,155260,161730,1399-11-21
198,وپست,پست بانك ايران,1988,9958069,161787653060,16440,16400,16550,110,0.67,16250,-190,-1.16,15620,16790,1399-11-21
199,البرز,بيمه البرز,1975,31021641,119254171970,3790,3790,3900,110,2.9,3840,50,1.32,3700,3940,1399-11-21
200,بكهنوج,توليد برق ماهتاب كهنوج,1973,33458152,62708467951,1841,1870,1908,67,3.64,1874,33,1.79,1790,1918,1399-11-21
201,وگردش,بانك گردشگري,1960,7596577,142001258164,18236,18780,18783,547,3.0,18693,457,2.51,18304,18783,1399-11-21
202,خاذين,سايپاآذين‌,1929,29967736,138650064350,4520,4570,4740,220,4.87,4630,110,2.43,4350,4740,1399-11-21
203,وسپهح,ح . سرمايه‌گذاري‌ سپه‌,1929,14036573,73647994760,4910,4900,5370,460,9.37,5250,340,6.92,4630,5400,1399-11-21
204,آريان,سرمايه گذاري پارس آريان,1928,30718371,360742802287,11912,11600,11873,-39,-0.33,11744,-168,-1.41,11555,12210,1399-11-21
205,چدن,توليدي چدن سازان,1924,4524247,118692944520,26170,27300,26100,-70,-0.27,26230,60,0.23,25500,27300,1399-11-21
206,حتايد,تايدواترخاورميانه,1905,7675500,170697365180,23120,22500,22190,-930,-4.02,22240,-880,-3.81,21970,23300,1399-11-21
207,سدور,سيمان‌ دورود,1905,18567094,401606243220,20600,21630,21630,1030,5.0,21630,1030,5.0,21630,21630,1399-11-21
208,وسكاب,س.ص.بازنشستگي كاركنان بانكها,1902,27961669,189376894040,6550,6650,6870,320,4.89,6770,220,3.36,6500,6870,1399-11-21
209,نوين,بيمه نوين,1900,16525820,99534099530,5927,6011,6070,143,2.41,6023,96,1.62,5770,6210,1399-11-21
210,ثنظام,س. ساختماني نظام مهندسي ايران,1898,2895637,147575960067,52094,53000,50532,-1562,-3.0,50965,-1129,-2.17,50532,53000,1399-11-21
211,ثعمرا,عمران و توسعه شاهد,1893,11306519,134944742518,12122,11516,12100,-22,-0.18,11935,-187,-1.54,11516,12500,1399-11-21
212,ومعلم,بيمه معلم,1881,25366765,118630450517,4512,4512,4737,225,4.99,4677,165,3.66,4357,4737,1399-11-21
213,دتوليد,داروسازي توليد دارو,1878,7421418,201686493785,26078,26000,27381,1303,5.0,27176,1098,4.21,25060,27381,1399-11-21
214,حسير,ريل سير كوثر,1855,6760606,112145410169,17351,16484,16696,-655,-3.77,16588,-763,-4.4,16484,17200,1399-11-21
215,شپترو,پتروشيمي آبادان,1852,27446498,121606352377,4426,4336,4470,44,0.99,4431,5,0.11,4296,4505,1399-11-21
216,دروز,داروسازي‌ روزدارو,1850,5939346,168226833970,27720,28000,29100,1380,4.98,28320,600,2.16,26340,29100,1399-11-21
217,شدوص,دوده‌ صنعتي‌ پارس‌,1836,6862409,219416996590,30500,32020,31900,1400,4.59,31970,1470,4.82,31010,32020,1399-11-21
218,شرنگي,شيميايي رنگين,1834,1435217,254730895093,174729,169488,179970,5241,3.0,177486,2757,1.58,169488,179970,1399-11-21
219,وشهر,بانك شهر,1805,18837429,116623954783,6227,6290,6250,23,0.37,6191,-36,-0.58,6050,6300,1399-11-21
220,كگل,معدني و صنعتي گل گهر,1801,5544170,100029946830,17810,17920,18000,190,1.07,17990,180,1.01,17690,18600,1399-11-21
221,خكاوه,سايپا ديزل,1800,27755488,120340520330,4433,4315,4360,-73,-1.65,4336,-97,-2.19,4301,4485,1399-11-21
222,امين يكم,صندوق درآمد ثابت امين يكم فردا,1798,59431018,606591457510,10197,10204,10225,28,0.27,10207,10,0.1,10201,10240,1399-11-21
223,غپآذر,شير پگاه آذربايجان شرقي,1780,2951960,190679492121,62910,64800,66055,3145,5.0,64594,1684,2.68,63138,66055,1399-11-21
224,اعتماد,صندوق س.اعتماد آفرين پارسيان-د,1776,44186440,1536532067490,34755,34770,34775,20,0.06,34774,19,0.05,34768,34798,1399-11-21
225,سصوفي,سيمان‌ صوفيان‌,1770,7676460,123110869200,15410,15940,16180,770,5.0,16040,630,4.09,15500,16180,1399-11-21
226,توريل,توکاريل,1766,6174820,157123405331,24390,25000,25609,1219,5.0,25446,1056,4.33,24440,25609,1399-11-21
227,دبالك,مواد اوليه دارويي البرز بالك,1763,4469429,88214652715,19608,18700,20200,592,3.02,19737,129,0.66,18700,20380,1399-11-21
228,سشمال,سيمان‌ شمال‌,1756,8451627,93527634860,10870,11200,11340,470,4.32,11070,200,1.84,10500,11410,1399-11-21
229,دزهراوي,داروسازي‌زهراوي‌,1745,7179264,58547276440,8240,8000,8110,-130,-1.58,8160,-80,-0.97,7910,8390,1399-11-21
230,كسرا,سراميك‌هاي‌صنعتي‌اردكان‌,1743,8415013,188202110380,21590,22000,22650,1060,4.91,22370,780,3.61,21640,22660,1399-11-21
231,خاهن,آهنگري‌ تراكتورسازي‌ ايران‌,1716,3064476,116735168440,38500,38080,38050,-450,-1.17,38090,-410,-1.06,38020,38910,1399-11-21
232,خبهمن,گروه‌بهمن‌,1703,10964093,238423896870,20920,21050,21960,1040,4.97,21750,830,3.97,20510,21960,1399-11-21
233,پلاسك,پلاسكوكار,1667,10994636,87388802080,8060,7990,8140,80,0.99,7950,-110,-1.36,7660,8270,1399-11-21
234,ثباغ,شهر سازي و خانه سازي باغميشه,1666,6985358,103453149856,15511,15500,14741,-770,-4.96,14810,-701,-4.52,14736,15500,1399-11-21
235,فاسمين,كالسيمين‌,1666,29379824,457124996600,14820,15560,15560,740,4.99,15560,740,4.99,15340,15560,1399-11-21
236,لازما,كارخانه هاي صنعتي آزمايش,1659,6975799,259819285518,37249,38366,36132,-1117,-3.0,37246,-3,-0.01,36132,38366,1399-11-21
237,تكشا,گسترش‌صنايع‌وخدمات‌كشاورزي‌,1658,2469869,124837307650,48620,48620,51050,2430,5.0,50540,1920,3.95,47500,51050,1399-11-21
238,قنيشا,قند  نيشابور,1646,2068742,126895874220,60510,62900,62550,2040,3.37,61340,830,1.37,60200,62900,1399-11-21
239,بزاگرس,نيروگاه زاگرس كوثر,1634,7444834,49717787208,6656,6450,6800,144,2.16,6678,22,0.33,6370,6900,1399-11-21
240,دفرا,فرآورده‌هاي‌ تزريقي‌ ايران‌,1630,2922654,81149614820,27000,28000,27710,710,2.63,27770,770,2.85,26060,28350,1399-11-21
241,اعتلا,شركت سرمايه گذاري اعتلاء البرز,1605,12636170,89317664269,7144,7130,7500,356,4.98,7068,-76,-1.06,6787,7500,1399-11-21
242,والبر,سرمايه‌ گذاري‌ البرز(هلدينگ‌,1595,5512114,95631055690,17020,17700,17500,480,2.82,17350,330,1.94,17020,17850,1399-11-21
243,شسپا,نفت سپاهان,1590,5034931,115649266430,23040,23270,23100,60,0.26,22970,-70,-0.3,22110,23680,1399-11-21
244,وحكمت,بيمه حكمت صبا,1589,15960356,66684327842,4127,4004,4250,123,2.98,4178,51,1.24,4004,4250,1399-11-21
245,سغرب,سيمان‌غرب‌,1568,3523359,103292246680,28400,28990,29820,1420,5.0,29320,920,3.24,28410,29820,1399-11-21
246,كروي,توسعه‌ معادن‌ روي‌ ايران‌,1551,5668266,164247012450,27720,29000,29100,1380,4.98,28980,1260,4.55,27800,29100,1399-11-21
247,كاردان,صندوق س تجارت شاخصي كاردان,1546,969187,154600384340,157440,155000,159980,2540,1.61,159520,2080,1.32,152000,162150,1399-11-21
248,دزهراويح,ح . ‌داروسازي‌زهراوي‌,1542,8452792,54524450010,6470,6550,6340,-130,-2.01,6450,-20,-0.31,6150,6780,1399-11-21
249,غبهنوش,بهنوش‌ ايران‌,1540,1697439,129145169950,72950,74990,76590,3640,4.99,76080,3130,4.29,72000,76590,1399-11-21
250,نطرين,عطرين نخ قم,1539,9362222,106774123595,11617,11700,11670,53,0.46,11405,-212,-1.82,11037,11990,1399-11-21
251,خشرق,الكتريك‌ خودرو شرق‌,1536,7704903,121075346710,15400,14780,16170,770,5.0,15710,310,2.01,14780,16170,1399-11-21
252,پكوير,كوير تاير,1510,5167082,72269655120,14030,13750,14190,160,1.14,13990,-40,-0.29,13540,14300,1399-11-21
253,خمهر,مهركام‌پارس‌,1509,28438109,69479497090,2480,2390,2480,0,0.0,2440,-40,-1.61,2370,2540,1399-11-21
254,خريخت,صنايع‌ريخته‌گري‌ايران‌,1503,22597171,83317059380,3570,3590,3740,170,4.76,3690,120,3.36,3500,3740,1399-11-21
255,غديس,پاكديس,1500,7580765,96825773640,12567,12450,13050,483,3.84,12773,206,1.64,11950,13160,1399-11-21
256,زپارس,ملي كشت و صنعت و دامپروري پارس,1472,1201670,202591350320,163900,167800,169700,5800,3.54,168590,4690,2.86,157610,172090,1399-11-21
257,سيمرغ,سيمرغ,1472,4980378,78929793580,16020,16000,16020,0,0.0,15850,-170,-1.06,15500,16200,1399-11-21
258,كسعديح,ح . كاشي‌ سعدي‌,1468,6242456,87111693080,14020,14000,13880,-140,-1.0,13950,-70,-0.5,13400,14560,1399-11-21
259,قرن,پديده شيمي قرن,1467,1333003,84170068340,60820,60300,63860,3040,5.0,63140,2320,3.81,60300,63860,1399-11-21
260,سشرق,سيمان‌ شرق‌,1455,11210361,79994826250,7100,7000,7240,140,1.97,7140,40,0.56,6770,7310,1399-11-21
261,كتوكاح,ح.توليدي وخدمات صنايع نسوزتوكا,1451,2586478,69511192319,26436,27591,26530,94,0.36,26875,439,1.66,26400,27591,1399-11-21
262,فروس,فروسيليس‌ ايران‌,1449,13644730,67851651560,4970,4850,4900,-70,-1.41,4970,0,0.0,4820,5100,1399-11-21
263,وساخت,سرمايه‌ گذاري‌ ساختمان‌ايران‌,1446,2059973,99248573960,48120,48000,48250,130,0.27,48180,60,0.12,46050,49200,1399-11-21
264,غگلپا,شير پاستوريزه پگاه گلپايگان,1439,1825386,124004837159,65773,66000,69061,3288,5.0,67933,2160,3.28,65220,69061,1399-11-21
265,پاكشو,گروه صنعتي پاكشو,1421,1119425,89988676940,80070,81500,80320,250,0.31,80360,290,0.36,80010,81500,1399-11-21
266,شغدير,پتروشيمي غدير,1416,1826805,107865507000,58108,57770,59319,1211,2.08,59046,938,1.61,55860,61000,1399-11-21
267,تسه9910,امتياز تسهيلات مسكن دي99,1408,35020,21639647317,608853,620000,639295,30442,5.0,617923,9070,1.49,590010,639295,1399-11-21
268,ثاصفا,شركت‌ ساختمان‌ اصفهان‌,1407,6889784,191684134120,27048,27850,27859,811,3.0,27822,774,2.86,26237,27859,1399-11-21
269,ولانا,شركت ليزينگ آريا دانا,1398,3011725,101075000856,33254,32300,34251,997,3.0,33560,306,0.92,32272,34251,1399-11-21
270,خوساز,محورسازان‌ايران‌خودرو,1392,7151040,58535114070,8270,8050,8150,-120,-1.45,8190,-80,-0.97,8000,8540,1399-11-21
271,بنيرو,نيروترانس‌,1391,3348504,53276815480,16440,16440,15620,-820,-4.99,15910,-530,-3.22,15620,16770,1399-11-21
272,طلا,صندوق س.پشتوانه طلاي لوتوس,1389,898672,76563474103,81691,83750,85000,3309,4.05,85196,3505,4.29,83750,86212,1399-11-21
273,سپاها,سيمان‌سپاهان‌,1385,10862028,98555244900,8730,8850,9140,410,4.7,9070,340,3.89,8500,9160,1399-11-21
274,وسينا,بانك سينا,1362,25816394,91508698710,3470,3380,3580,110,3.17,3540,70,2.02,3380,3630,1399-11-21
275,هرمز,فولاد هرمزگان جنوب,1361,12771320,167020495617,12505,12693,13130,625,5.0,13078,573,4.58,12693,13130,1399-11-21
276,مداران,داده‌پردازي‌ايران‌,1359,4933946,117423688030,23240,22710,24400,1160,4.99,23800,560,2.41,22450,24400,1399-11-21
277,حبندر,دريايي و کشتيراني خط دريابندر,1354,3436158,111231371914,33146,32610,33000,-146,-0.44,32371,-775,-2.34,32152,34140,1399-11-21
278,خصدرا,صنعتي‌ دريايي‌ ايران‌,1351,19120973,69428252963,3743,3631,3631,-112,-2.99,3631,-112,-2.99,3631,3631,1399-11-21
279,كيان,صندوق س. با درآمد ثابت كيان,1346,32342418,877097528257,27098,27118,27125,27,0.1,27119,21,0.08,27114,27125,1399-11-21
280,كفرآور,فرآورده هاي سيمان شرق,1331,4882900,123767420142,24914,25360,25520,606,2.43,25347,433,1.74,24300,25661,1399-11-21
281,شپديس,پتروشيمي پرديس,1326,1224729,115519238430,94410,94390,93580,-830,-0.88,94320,-90,-0.1,92050,96550,1399-11-21
282,شكلر,نيروكلر,1324,3254712,172105271480,52020,52100,54600,2580,4.96,52880,860,1.65,49730,54620,1399-11-21
283,حپارسا,توسعه حمل و نقل ريلي پارسيان,1316,2487807,93974689764,36994,38400,37470,476,1.29,37774,780,2.11,36110,38800,1399-11-21
284,حفاري,حفاري شمال,1308,11940445,134280971210,10790,11110,11320,530,4.91,11250,460,4.26,10910,11320,1399-11-21
285,ركيش,كارت اعتباري ايران كيش,1303,3554267,85716785060,23870,24100,24930,1060,4.44,24120,250,1.05,22680,25000,1399-11-21
286,فيروزه,صندوق شاخص30 شركت فيروزه- سهام,1301,965708,138199783250,141130,138970,143980,2850,2.02,143110,1980,1.4,137190,146390,1399-11-21
287,وصندوق,سرمايه‌گذاري‌صندوق‌بازنشستگي‌,1277,7717378,106215719330,13240,12850,13900,660,4.98,13690,450,3.4,12850,13900,1399-11-21
288,پارسان,گسترش نفت و گاز پارسيان,1268,17826576,342409141850,18320,18350,19230,910,4.97,19210,890,4.86,17800,19230,1399-11-21
289,وبيمه,سرمايه‌ گذاري‌ صنعت‌ بيمه‌,1264,22824717,66520852600,2830,2830,2970,140,4.95,2910,80,2.83,2830,2970,1399-11-21
290,داروح,ح . كارخانجات‌داروپخش,1262,4503839,120304815810,24890,26860,27380,2490,10.0,26710,1820,7.31,24150,27380,1399-11-21
291,وبوعلي,سرمايه‌گذاري‌بوعلي‌,1262,13466061,78537896310,5600,5700,5880,280,5.0,5830,230,4.11,5510,5880,1399-11-21
292,ولشرق,ليزينگ ايران و شرق,1259,6785513,49689057547,7509,7365,7365,-144,-1.92,7323,-186,-2.48,7170,7450,1399-11-21
293,ثاباد,توريستي ورفاهي آبادگران ايران,1256,2316606,124830906870,51570,52750,54140,2570,4.98,53890,2320,4.5,51850,54140,1399-11-21
294,شصدف,صنعتي دوده فام,1255,26475,767483775,27609,28989,28989,1380,5.0,27629,20,0.07,28989,28989,1399-11-21
295,فمراد,آلومراد,1253,871100,131051528010,158180,151700,150280,-7900,-4.99,150440,-7740,-4.89,150280,151780,1399-11-21
296,ثغرب,شركت سرمايه گذاري مسكن شمالغرب,1252,11343447,78307746289,6701,6710,7036,335,5.0,6903,202,3.01,6422,7036,1399-11-21
297,رنيك,جنرال مكانيك,1251,2479496,51442363382,20846,20950,21050,204,0.98,20747,-99,-0.47,20340,21304,1399-11-21
298,بورس,بورس اوراق بهادار تهران,1241,1818871,75430119530,41050,41060,42390,1340,3.26,41470,420,1.02,40200,42510,1399-11-21
299,غدشت,دشت‌ مرغاب‌,1239,298437,92674510190,318210,303100,308380,-9830,-3.09,310530,-7680,-2.41,303000,333100,1399-11-21
300,اپرداز,آتيه داده پرداز,1234,3273579,71581446426,22212,21390,21716,-496,-2.23,21866,-346,-1.56,21220,22600,1399-11-21
301,رمپنا,گروه مپنا (سهامي عام),1233,4572186,77222096700,17000,16970,17070,70,0.41,16930,-70,-0.41,16360,17360,1399-11-21
302,زاگرس,پتروشيمي زاگرس,1229,476562,92337800501,188334,189980,193700,5366,2.85,192966,4632,2.46,185601,196290,1399-11-21
303,سكرد,سيمان كردستان,1220,7708406,76141479720,9600,9600,10080,480,5.0,9880,280,2.92,9210,10080,1399-11-21
304,كهمدا,شيشه‌ همدان‌,1219,5487435,57630744100,10130,10340,10630,500,4.94,10500,370,3.65,9990,10630,1399-11-21
305,رانفور,خدمات‌انفورماتيك‌,1210,3920589,103752380320,26370,26990,26480,110,0.42,26460,90,0.34,25480,26990,1399-11-21
306,وآوا,سرمايه گذاري آوا نوين,1206,6154016,50188058175,7793,8000,8182,389,4.99,8128,335,4.3,8000,8182,1399-11-21
307,ولملت,واسپاري ملت,1195,5790811,49293789750,8760,8430,8540,-220,-2.51,8510,-250,-2.85,8350,8760,1399-11-21
308,شتولي,تولي‌پرس‌,1195,1379665,55001546468,39232,40016,40016,784,2.0,39866,634,1.62,38448,40016,1399-11-21
309,كپشير,پشم‌شيشه‌ايران‌,1182,2967300,105999252700,34080,35780,35780,1700,4.99,35720,1640,4.81,34880,35780,1399-11-21
310,ساربيل,سيمان آرتا اردبيل,1180,2605184,135743922400,49660,52140,52140,2480,4.99,52110,2450,4.93,50640,52140,1399-11-21
311,لخزر,پارس‌ خزر,1164,482922,81184863530,175110,171010,170000,-5110,-2.92,168110,-7000,-4.0,166360,174980,1399-11-21
312,كاريس,صندوق س.سپهر كاريزما-س,1153,7104794,78744567066,10948,11033,11122,174,1.59,11083,135,1.23,10645,11249,1399-11-21
313,تپمپي,پمپ‌ سازي‌ ايران‌,1151,3148994,60850362890,18770,18500,19700,930,4.95,19320,550,2.93,18010,19700,1399-11-21
314,وخاور,بانك خاورميانه,1143,9443037,91849872190,9970,9650,9800,-170,-1.71,9730,-240,-2.41,9560,10290,1399-11-21
315,واتي,سرمايه‌ گذاري‌ آتيه‌ دماوند,1135,7489748,90028065030,11900,11610,12050,150,1.26,12020,120,1.01,11440,12400,1399-11-21
316,افق,فروشگاههاي زنجيره اي افق كوروش,1135,1778673,143844811570,80770,78910,81000,230,0.28,80870,100,0.12,78910,82000,1399-11-21
317,افرا,افرانت,1132,2220467,69831110463,30715,30700,32250,1535,5.0,31449,734,2.39,29200,32250,1399-11-21
318,وبانك,سرمايه گذاري گروه توسعه ملي,1131,4141441,34078312410,8120,8350,8270,150,1.85,8160,40,0.49,8110,8370,1399-11-21
319,كشرق,صنعتي و معدني شمال شرق شاهرود,1131,1181477,118726776002,96853,94001,100000,3147,3.25,100490,3637,3.76,92012,101695,1399-11-21
320,داوه,داروسازي آوه سينا,1131,3845970,72360917336,18417,17497,19337,920,5.0,18815,398,2.16,17497,19337,1399-11-21
321,وبهمن,سرمايه‌گذاري‌بهمن‌,1129,3863969,63030399600,16030,15400,16830,800,4.99,16310,280,1.75,15260,16830,1399-11-21
322,سامان,بانك سامان,1125,12755944,117859994962,9175,8920,9450,275,3.0,9240,65,0.71,8911,9450,1399-11-21
323,شگل,گلتاش‌,1124,2563950,62583021730,25020,24500,24790,-230,-0.92,24410,-610,-2.44,23770,25070,1399-11-21
324,ريشمك,توليد و صادرات ريشمك,1122,1588795,89182296361,57010,57799,56200,-810,-1.42,56132,-878,-1.54,55100,57799,1399-11-21
325,خلنت,لنت‌ ترمزايران‌,1114,470334,45096969700,95160,90860,97530,2370,2.49,95860,700,0.74,90500,99480,1399-11-21
326,تايرا,تراكتورسازي‌ايران‌,1114,3779446,102104608670,26780,27120,27120,340,1.27,27020,240,0.9,25840,28090,1399-11-21
327,فسرب,ملي‌ سرب‌وروي‌ ايران‌,1105,926705,75295316630,77980,80000,81870,3890,4.99,81250,3270,4.19,77400,81870,1399-11-21
328,سكرما,سيمان‌ كرمان‌,1097,4262747,79545511290,17900,18400,18790,890,4.97,18660,760,4.25,18000,18790,1399-11-21
329,ضسپا1102,اختيارخ خساپا-2000-1399/11/26,1088,51785,14618480000,211,210,297,86,40.76,282,71,33.65,210,298,1399-11-21
330,فباهنر,مس‌ شهيدباهنر,1088,1300865,67245593590,50390,51040,52440,2050,4.07,51690,1300,2.58,50430,52500,1399-11-21
331,ختراك,ريخته‌گري‌ تراكتورسازي‌ ايران‌,1086,8559915,132781283360,14790,15520,15520,730,4.94,15510,720,4.87,15020,15520,1399-11-21
332,ونفت,سرمايه‌گذاري‌ صنعت‌ نفت‌,1078,4128040,66560906710,15880,16190,16060,180,1.13,16120,240,1.51,15720,16490,1399-11-21
333,وثنو,سرمايه گذاري ساختماني نوين,1073,2752676,47762013586,17495,17550,17190,-305,-1.74,17351,-144,-0.82,16850,17899,1399-11-21
334,سباقر,سيمان باقران,1065,12825514,231222677217,17171,18029,18029,858,5.0,18028,857,4.99,17686,18029,1399-11-21
335,چفيبر,فيبر ايران‌,1065,8909108,118648554820,13900,13210,13210,-690,-4.96,13320,-580,-4.17,13210,13900,1399-11-21
336,تپولا,مهندسي مرآت پولاد,1058,2006424,76272803356,37217,37000,38100,883,2.37,38014,797,2.14,36260,38333,1399-11-21
337,اميد,تامين سرمايه اميد,1058,6988748,53984109320,7920,7540,7700,-220,-2.78,7720,-200,-2.53,7540,7890,1399-11-21
338,سفانو,سيمان فارس نو,1056,2675360,103538664530,37140,37000,38990,1850,4.98,38700,1560,4.2,36850,38990,1399-11-21
339,فلوله,لوله‌وماشين‌سازي‌ايران‌,1040,2903641,65808781200,22390,23360,22480,90,0.4,22660,270,1.21,22010,23400,1399-11-21
340,همراه,شركت ارتباطات سيار ايران,1029,2228824,58589698330,26270,26010,26680,410,1.56,26280,10,0.04,25930,26970,1399-11-21
341,فايرا,آلومينيوم‌ايران‌,1019,5699834,147708871900,24810,24800,26050,1240,5.0,25910,1100,4.43,24500,26050,1399-11-21
342,قنقش,قند نقش جهان,1016,973628,77210447013,80573,82184,78962,-1611,-2.0,79302,-1271,-1.58,78962,82184,1399-11-21
343,وپخش,داروپخش‌ (هلدينگ‌,1012,513807,55322261030,111690,106150,108390,-3300,-2.95,107670,-4020,-3.6,106110,113390,1399-11-21
344,دفارا,داروسازي‌ فارابي‌,1003,1513224,95765739430,61100,60190,64150,3050,4.99,63290,2190,3.58,60190,64150,1399-11-21
345,كمنگنز,معادن‌منگنزايران‌,993,952239,89973699770,92820,93300,96220,3400,3.66,94490,1670,1.8,90510,96990,1399-11-21
346,شفن,پتروشيمي فناوران,992,213913,61785779730,289320,285000,290310,990,0.34,289030,-290,-0.1,283210,292000,1399-11-21
347,تسه9908,امتياز تسهيلات مسكن آبان99,992,27251,16766217044,605675,620000,635000,29325,4.84,615251,9576,1.58,590109,635958,1399-11-21
348,دسانكو,داروسازي سبحان انكولوژي,991,2717136,41777587395,15155,15200,15318,163,1.08,15347,192,1.27,14991,15800,1399-11-21
349,بهپاك,صنعتي بهپاك,972,1652681,80160881699,46395,48600,48714,2319,5.0,48504,2109,4.55,46400,48714,1399-11-21
350,فخاسح,ح . فولاد خراسان,970,10118725,228134709260,24000,23000,23000,-1000,-4.17,22550,-1450,-6.04,22500,23500,1399-11-21
351,خديزل,بهمن  ديزل,958,1342838,58903720803,43152,44500,44829,1677,3.89,43865,713,1.65,43000,45200,1399-11-21
352,وصنا,گروه‌صنايع‌بهشهرايران‌,957,6062434,36855260870,6050,6060,6170,120,1.98,6070,20,0.33,5990,6250,1399-11-21
353,غشهداب,كشت و صنعت شهداب ناب خراسان,923,15135200,60086744000,3781,3970,3970,189,5.0,3970,189,5.0,3970,3970,1399-11-21
354,وآرين,شركت توسعه اقتصادي آرين,908,9246249,37976692534,4225,4220,4099,-126,-2.98,4107,-118,-2.79,4099,4220,1399-11-21
355,سخوز,سيمان خوزستان,904,3155604,70355559400,22160,22400,22200,40,0.18,22300,140,0.63,21980,22800,1399-11-21
356,فپنتا,سپنتا,895,132817,50224110490,390220,385000,383000,-7220,-1.85,378150,-12070,-3.09,372600,390000,1399-11-21
357,سمازن,سيمان‌مازندران‌,888,5383625,56860557670,10400,10600,10640,240,2.31,10560,160,1.54,10210,10840,1399-11-21
358,ميدكو,هلدينگ صنايع  معدني خاورميانه,886,7916609,247038122752,30983,30984,31250,267,0.86,31205,222,0.72,30983,31290,1399-11-21
359,دامين,داروسازي‌ امين‌,883,2794127,39930639890,14910,14310,14380,-530,-3.55,14380,-530,-3.55,14170,14790,1399-11-21
360,وتوس,توسعه‌شهري‌توس‌گستر,876,3957145,65625585830,17450,16580,16580,-870,-4.99,16580,-870,-4.99,16580,16720,1399-11-21
361,تسه9909,امتياز تسهيلات مسكن آذر99,876,20067,12385261579,606044,636345,636346,30302,5.0,617195,11151,1.84,582222,636346,1399-11-21
362,چكارن,كارتن‌ ايران‌,873,31550714,105174714560,3190,3300,3340,150,4.7,3330,140,4.39,3300,3340,1399-11-21
363,غفارس,شير پاستوريزه پگاه فارس,867,15336236,207897272642,12911,13556,13556,645,5.0,13556,645,5.0,13498,13556,1399-11-21
364,فسازان,غلتك سازان سپاهان,864,2489607,89104350110,35480,35500,36350,870,2.45,35790,310,0.87,35000,36770,1399-11-21
365,قچار,فراوردههاي غذايي وقند چهارمحال,864,1217058,110351315232,94686,91030,89952,-4734,-5.0,90671,-4015,-4.24,89952,95900,1399-11-21
366,خمحور,توليدمحورخودرو,860,1232515,73658285420,57330,58400,60190,2860,4.99,59760,2430,4.24,57300,60190,1399-11-21
367,آپ,آسان پرداخت پرشين,855,2450136,41875847930,16660,17470,17140,480,2.88,17010,350,2.1,16810,17480,1399-11-21
368,كطبس,ذغال‌سنگ‌ نگين‌ ط‌بس‌,852,1400365,104619618810,73710,72000,74530,820,1.11,74710,1000,1.36,70500,76310,1399-11-21
369,شپاكسا,پاكسان‌,851,2358212,70435787450,29710,29750,30400,690,2.32,29870,160,0.54,28770,30990,1399-11-21
370,شاراك,پتروشيمي شازند,839,3644745,90138012890,24510,24500,24600,90,0.37,24730,220,0.9,24420,25000,1399-11-21
371,فسپا,گروه‌صنعتي‌سپاهان‌,829,1723556,68844264110,39200,40000,41130,1930,4.92,39940,740,1.89,39000,41130,1399-11-21
372,فنوال,نورد آلومينيوم‌,825,3301595,91218775650,26460,25800,27780,1320,4.99,27630,1170,4.42,25800,27780,1399-11-21
373,شخارك,پتروشيمي‌ خارك‌,824,1720499,74772959810,42390,42000,43500,1110,2.62,43180,790,1.86,41520,44500,1399-11-21
374,حسينا,توسعه خدمات دريايي وبندري سينا,821,971164,69632219816,72637,71590,72000,-637,-0.88,71700,-937,-1.29,70240,73400,1399-11-21
375,هجرت,پخش هجرت,817,904258,23109335919,26487,26399,25701,-786,-2.97,26021,-466,-1.76,25200,26399,1399-11-21
376,تبرك,گروه كارخانجات صنعتي تبرك,813,3242669,51301272355,15165,15800,15923,758,5.0,15821,656,4.33,15300,15923,1399-11-21
377,وكار,بانك‌ كارآفرين‌,805,18433668,47045677570,2590,2640,2560,-30,-1.16,2550,-40,-1.54,2490,2640,1399-11-21
378,غپاك,لبنيات‌ پاك‌,798,4742501,72793566910,15280,15310,15740,460,3.01,15350,70,0.46,14610,15940,1399-11-21
379,ولتجار,واسپاري تجارت وسرمايه ايرانيان,787,10641994,79874533735,7724,7955,7530,-194,-2.51,7506,-218,-2.82,7493,7955,1399-11-21
380,كحافظ,كاشي‌ وسراميك‌ حافظ‌,787,4647644,63856011790,13190,13380,13840,650,4.93,13740,550,4.17,13000,13840,1399-11-21
381,سرود,سيمان‌شاهرود,787,5710295,111020475990,18650,18650,19580,930,4.99,19440,790,4.24,17810,19580,1399-11-21
382,واميد,گروه مديريت سرمايه گذاري اميد,786,1779267,66814135100,37470,36750,37470,0,0.0,37520,50,0.13,36750,38190,1399-11-21
383,كمينا,شيشه سازي مينا,785,1967003,54782662569,26886,26013,28001,1115,4.15,27851,965,3.59,26013,28230,1399-11-21
384,وثخوز,سرمايه گذاري و توسعه خوزستان,784,1151181,99706814382,82490,86614,86614,4124,5.0,86613,4123,5.0,86000,86614,1399-11-21
385,لبوتان,گروه‌صنعتي‌بوتان‌,783,522077,32125608560,61520,60010,62320,800,1.3,61530,10,0.02,60010,63470,1399-11-21
386,سصفها,سيمان‌اصفهان‌,781,248667,86882504870,367610,350020,349230,-18380,-5.0,349390,-18220,-4.96,349230,360000,1399-11-21
387,وگستر,گسترش سرمايه گذاري ايرانيان,779,1628612,31727767101,19821,20100,19570,-251,-1.27,19601,-220,-1.11,19030,20100,1399-11-21
388,شرانل,نفت ايرانول,776,1906617,73072184059,37261,37050,38710,1449,3.89,38326,1065,2.86,36120,38988,1399-11-21
389,اطلس,صندوق س.توسعه اندوخته آينده-س,773,217143,43804957273,200721,200000,201056,335,0.17,201733,1012,0.5,197500,203950,1399-11-21
390,شجم,صنايع پتروشيمي تخت جمشيد,769,8798393,91970660264,10767,10444,10444,-323,-3.0,10453,-314,-2.92,10444,10583,1399-11-21
391,بالاس,مهندسي ساختمان تاسيسات راه آهن,768,1205810,71503613550,56519,59344,59344,2825,5.0,59299,2780,4.92,57501,59344,1399-11-21
392,تنوين,تامين سرمايه نوين,760,13788201,86748644660,6270,6310,6370,100,1.59,6290,20,0.32,6250,6390,1399-11-21
393,دارو,كارخانجات‌داروپخش‌,758,1261894,42735270230,33160,31660,34010,850,2.56,33780,620,1.87,31660,34760,1399-11-21
394,پرديس,سرمايه گذاري پرديس,749,4286672,28447705550,6500,6530,6710,210,3.23,6580,80,1.23,6400,6730,1399-11-21
395,شوينده,مديريت صنعت شوينده ت.ص.بهشهر,745,1591312,50947391770,32400,31340,32500,100,0.31,32020,-380,-1.17,31340,32880,1399-11-21
396,غاذر,كشت‌وصنعت‌پياذر,745,992804,52928295760,56050,53260,54400,-1650,-2.94,53310,-2740,-4.89,53250,54900,1399-11-21
397,بسويچ,پارس‌سويچ‌,743,937039,44285020270,49650,48000,47170,-2480,-4.99,47410,-2240,-4.51,47170,48110,1399-11-21
398,دشيمي,شيمي‌ داروئي‌ داروپخش‌,738,1927038,59283317190,29310,30770,30770,1460,4.98,30760,1450,4.95,30000,30770,1399-11-21
399,شفارا,پتروشيمي فارابي,736,7585641,32079697314,4353,4260,4223,-130,-2.99,4229,-124,-2.85,4223,4344,1399-11-21
400,وبشهر,توسعه‌ صنايع‌ بهشهر(هلدينگ,733,2949255,34136000700,11330,11340,11610,280,2.47,11500,170,1.5,11020,11890,1399-11-21
401,دتوزيعح,ح . توزيع دارو پخش,727,3575741,112296146105,33057,31405,31405,-1652,-5.0,31405,-1652,-5.0,31405,31405,1399-11-21
402,سرچشمه,سرمايه گذاري مس سرچشمه,723,4566549,31565459657,6799,6880,6959,160,2.35,6868,69,1.01,6701,7013,1399-11-21
403,وپترو,سرمايه‌گذاري صنايع پتروشيمي‌,722,4201015,64286267290,14790,14850,15520,730,4.94,15300,510,3.45,14700,15520,1399-11-21
404,پسهند,صنايع‌ لاستيكي‌  سهند,721,1232568,53374775270,41440,43290,43490,2050,4.95,43240,1800,4.34,42000,43510,1399-11-21
405,رتاپ,تجارت الكترونيك  پارسيان,719,2662313,16149234950,6060,6100,6120,60,0.99,6060,0,0.0,5960,6150,1399-11-21
406,عيار,صندوق س. پشتوانه طلاي مفيد,712,712068,21132260615,28570,29330,29400,830,2.91,29677,1107,3.87,29330,29901,1399-11-21
407,واعتبار,سرمايه گذاري اعتبار ايران,705,5048518,41382168340,8300,8010,8320,20,0.24,8210,-90,-1.08,8010,8400,1399-11-21
408,پارسيان,بيمه پارسيان,701,2601205,26723963600,10530,10540,10120,-410,-3.89,10390,-140,-1.33,10020,10540,1399-11-21
409,وليز,ليزينگ‌ايران‌,701,5183410,37276902840,7100,7180,7250,150,2.11,7170,70,0.99,6900,7350,1399-11-21
410,پارند,صندوق س. پارند پايدار سپهر,699,21887787,245505605981,11206,11217,11217,11,0.1,11217,11,0.1,11215,11235,1399-11-21
411,وتوسم,سرمايه‌گذاري‌توسعه‌ملي‌,693,2531507,30558043860,11750,11920,12170,420,3.57,11940,190,1.62,11330,12210,1399-11-21
412,شكف,كف,689,506347,45207700055,86688,88288,90155,3467,4.0,89282,2594,2.99,83500,90155,1399-11-21
413,وارس,سرمايه گذاري ارس صبا,689,2690670,43330739862,16601,16103,16103,-498,-3.0,16104,-497,-2.99,16103,16405,1399-11-21
414,كگاز,شيشه‌ و گاز,680,1694146,29749736000,17490,17110,17670,180,1.03,17530,40,0.23,17110,17800,1399-11-21
415,شبهرن,نفت‌ بهران‌,678,767185,45525846860,58940,58940,59500,560,0.95,59240,300,0.51,58000,60500,1399-11-21
416,اتكام,شركت بيمه اتكايي امين,677,6503583,34995370590,5233,5233,5494,261,4.99,5332,99,1.89,5191,5494,1399-11-21
417,ما,بيمه  ما,677,6630747,55281082390,8420,8450,8300,-120,-1.43,8340,-80,-0.95,8100,8500,1399-11-21
418,كفرا,فراورده‌ هاي‌ نسوزايران‌,661,475488,21158179600,46530,46460,45030,-1500,-3.22,45610,-920,-1.98,44210,46460,1399-11-21
419,كپرور,فرآوري زغال سنگ پروده طبس,659,1115859,44505431616,40148,39300,40100,-48,-0.12,39910,-238,-0.59,38150,41700,1399-11-21
420,بميلا,توسعه بازرگاني آهن وفولادميلاد,659,4589373,97413665097,20259,20889,21271,1012,5.0,21226,967,4.77,20260,21271,1399-11-21
421,غشصفا,شيرپاستوريزه‌پگاه‌اصفهان‌,654,1631547,47826218560,28380,29590,29790,1410,4.97,29240,860,3.03,27580,29790,1399-11-21
422,دتماد,توليدمواداوليه‌داروپخش‌,650,864195,39149817330,46590,47750,45600,-990,-2.12,45470,-1120,-2.4,44280,47750,1399-11-21
423,ثقزوي,شركت عمران و سازندگي قزوين,648,1981841,64395959613,31547,32493,32493,946,3.0,32493,946,3.0,32493,32493,1399-11-21
424,سهرمز,سيمان‌هرمزگان‌,646,1303971,33265636000,25180,25000,25800,620,2.46,25420,240,0.95,24110,26000,1399-11-21
425,قپيرا,فرآورده‌هاي‌غدايي‌وقندپيرانشهر,644,762057,80991417960,101220,106280,106280,5060,5.0,106280,5060,5.0,106280,106280,1399-11-21
426,پخش,پخش البرز,643,1347473,47486864755,34417,36092,36137,1720,5.0,35160,743,2.16,34417,36137,1399-11-21
427,كگهر,سنگ آهن گهرزمين,642,563742,26134438364,46811,45900,46000,-811,-1.73,46711,-100,-0.21,44973,47580,1399-11-21
428,پارس,پتروشيمي پارس,641,623377,80967614100,130170,132910,130000,-170,-0.13,129950,-220,-0.17,128000,132910,1399-11-21
429,غبشهر,صنعتي‌ بهشهر,634,1884233,37628934020,19970,19970,20270,300,1.5,19970,0,0.0,19210,20500,1399-11-21
430,غشان,شيرپاستوريزه‌پگاه‌خراسان‌,633,7549111,47518048310,6000,6300,6300,300,5.0,6250,250,4.17,6150,6300,1399-11-21
431,سخزر,سيمان‌ خزر,628,2003345,63766471350,30320,31830,31830,1510,4.98,31830,1510,4.98,31830,31830,1399-11-21
432,آتيمس,صندوق س.آرمان آتيه درخشان مس-س,627,394035,69764589073,174679,172900,177580,2901,1.66,177052,2373,1.36,172000,178500,1399-11-21
433,ياقوت,صندوق س ياقوت آگاه-ثابت,613,18864657,223627937336,11850,11856,11858,8,0.07,11854,4,0.03,11854,11867,1399-11-21
434,ضخود2007,اختيارخ خودرو-3000-1400/02/08,612,23219,6258169000,244,259,280,36,14.75,270,26,10.66,245,297,1399-11-21
435,فولاژ,فولاد آلياژي ايران,611,2275727,36044419290,15410,15450,16080,670,4.35,15650,240,1.56,15020,16100,1399-11-21
436,قهكمت,قندهكمتان‌,607,522831,23124746650,42920,43880,44710,1790,4.17,43540,620,1.44,42920,44740,1399-11-21
437,دلرح,ح . داروسازي‌ اكسير,604,1120326,32215819630,27740,28920,28960,1220,4.4,28760,1020,3.68,26620,29900,1399-11-21
438,سمتاز,سيمان ممتازان كرمان,602,2685471,52589872500,19435,19950,19310,-125,-0.64,19583,148,0.76,19020,20018,1399-11-21
439,آ س پ,آ.س.پ,598,6746229,115367262129,16287,17101,17101,814,5.0,17101,814,5.0,17101,17101,1399-11-21
440,قزوين,كارخانجات‌ قند قزوين‌,594,1449678,55654947500,36850,37970,38690,1840,4.99,38390,1540,4.18,36910,38690,1399-11-21
441,درهآور,دارويي ره آورد تامين,594,1605885,82743224625,49072,51525,51525,2453,5.0,51525,2453,5.0,51525,51525,1399-11-21
442,ثمسكن,سرمايه‌گذاري‌ مسكن‌,590,7355060,36729863760,4790,4750,5020,230,4.8,4940,150,3.13,4750,5020,1399-11-21
443,وتوشه,سرمايه‌ گذاري‌ پارس‌ توشه‌,585,1529505,36030346180,22780,22780,23910,1130,4.96,23310,530,2.33,22350,23910,1399-11-21
444,وسرمد,بيمه  سرمد,583,6499299,39129296147,6061,5909,6242,181,2.99,6021,-40,-0.66,5880,6242,1399-11-21
445,دلر,داروسازي‌ اكسير,578,1073335,37902800360,34650,34360,34880,230,0.66,35160,510,1.47,33800,36380,1399-11-21
446,خموتور,موتورسازان‌تراكتورسازي‌ايران‌,577,3564526,54858055140,16190,15390,15390,-800,-4.94,15390,-800,-4.94,15390,15390,1399-11-21
447,تيپيكو,سرمايه گذاري دارويي تامين,569,897178,39617304620,44540,45360,44160,-380,-0.85,44340,-200,-0.45,43410,45360,1399-11-21
448,كي بي سي,شركت كي بي سي,565,1951059,55530958092,27298,27880,28662,1364,5.0,28462,1164,4.26,26521,28662,1399-11-21
449,شساخت,مهندسي و ساختمان صنايع نفت,556,1038193,40432602400,39982,40000,39990,8,0.02,38945,-1037,-2.59,38783,40000,1399-11-21
450,زر,صندوق س.پشتوانه سكه طلاي زر,555,835013,42934506437,49200,50010,51380,2180,4.43,51418,2218,4.51,50010,51600,1399-11-21
451,فلات,گروه صنايع معادن فلات ايرانيان,555,3488190,44294351377,13038,12710,12880,-158,-1.21,12698,-340,-2.61,12647,13140,1399-11-21
452,حريل,ريل پردازسير,551,10402099,54579813453,4998,5247,5247,249,4.98,5246,248,4.96,5247,5247,1399-11-21
453,وسپه,سرمايه‌گذاري‌ سپه‌,547,8549547,61608412730,6910,7090,7250,340,4.92,7210,300,4.34,6790,7250,1399-11-21
454,آساس,صندوق س.آسمان آرماني سهام-س,547,187135,30898718977,164067,164070,165998,1931,1.18,165115,1048,0.64,162020,167113,1399-11-21
455,كاوه,فولاد كاوه جنوب كيش,545,13556650,242257335500,17020,17870,17870,850,4.99,17870,850,4.99,17870,17870,1399-11-21
456,كنور,توسعه معدني و صنعتي صبانور,533,611123,27975019750,44870,44870,45500,630,1.4,45340,470,1.05,44870,46990,1399-11-21
457,بشهاب,لامپ‌  پارس‌ شهاب‌,531,557610,69723430040,119090,125040,125040,5950,5.0,125040,5950,5.0,125000,125040,1399-11-21
458,فوكا,فولاد كاويان,530,7255800,97118883000,12996,13385,13385,389,2.99,13385,389,2.99,13385,13385,1399-11-21
459,بخاور,بيمه زندگي خاورميانه,530,4584142,31098357603,6834,6898,6870,36,0.53,6802,-32,-0.47,6670,6930,1399-11-21
460,زكشت,كشاورزي مكانيزه اصفهان كشت,524,2957272,101967332973,33339,31760,35005,1666,5.0,34480,1141,3.42,31760,35005,1399-11-21
461,تماوند,تامين سرمايه دماوند,524,2540533,44473999286,17308,17970,17400,92,0.53,17506,198,1.14,17000,17990,1399-11-21
462,شكبير,پتروشيمي اميركبير,521,1241581,110109784729,87481,85500,89475,1994,2.28,88685,1204,1.38,85002,90000,1399-11-21
463,بترانس,ايران‌ ترانسفو,520,14848678,42021758740,2700,2830,2830,130,4.81,2800,100,3.7,2830,2830,1399-11-21
464,سپ,پرداخت الكترونيك سامان كيش,517,1272648,19304967190,15390,15010,15380,-10,-0.06,15300,-90,-0.58,14860,15490,1399-11-21
465,خپويش,سازه‌ پويش‌,513,979206,52192942080,50780,53310,53310,2530,4.98,53200,2420,4.77,52730,53310,1399-11-21
466,شبصير,توليدات پتروشيمي قائد بصير,505,234999,21185593322,90919,88003,90430,-489,-0.54,90580,-339,-0.37,88003,92324,1399-11-21
467,ارفع,شركت آهن و فولاد ارفع,504,4178745,51284085678,11717,12150,12302,585,4.99,12201,484,4.13,11800,12302,1399-11-21
468,بمپنا,توليد برق عسلويه  مپنا,499,335423,24028434710,74448,71002,71920,-2528,-3.4,73020,-1428,-1.92,70800,73496,1399-11-21
469,ضسپا1103,اختيارخ خساپا-2500-1399/11/26,499,26356,447326000,14,14,21,7,50.0,17,3,21.43,12,23,1399-11-21
470,پارتا,مجتمع‌صنعتي‌آرتاويل‌تاير,489,904376,53793266989,61125,59292,59292,-1833,-3.0,59481,-1644,-2.69,59292,61127,1399-11-21
471,ضخود2006,اختيارخ خودرو-2500-1400/02/08,485,18502,9082315000,446,453,510,64,14.35,491,45,10.09,444,512,1399-11-21
472,واحيا,م .صنايع و معادن احياء سپاهان,479,593052,85872705861,141095,141003,145327,4232,3.0,144798,3703,2.62,141003,145327,1399-11-21
473,چخزر,صنايع چوب خزر كاسپين,479,604710,34802269920,60581,57552,57552,-3029,-5.0,58123,-2458,-4.06,57552,57552,1399-11-21
474,سيدكو,سرمايه گذاري توسعه صنايع سيمان,478,2947699,17396828820,5850,5760,5990,140,2.39,5870,20,0.34,5620,6010,1399-11-21
475,دالبر,البرزدارو,475,1584628,33565489740,21220,21220,21070,-150,-0.71,21190,-30,-0.14,20400,21910,1399-11-21
476,بساما,بيمه سامان,471,1324808,29626945530,21592,22660,22671,1079,5.0,22037,445,2.06,21610,22671,1399-11-21
477,گكيش,توريستي ورفاهي آبادگران كيش,471,604745,52165908445,88928,86261,86261,-2667,-3.0,86261,-2667,-3.0,86261,86261,1399-11-21
478,فخاس,فولاد خراسان,463,691295,17857571060,25830,26000,26000,170,0.66,25830,0,0.0,25180,26350,1399-11-21
479,وسنا,سرمايه گذاري نيروگاهي ايران,462,2130088,36406117278,16920,17500,17090,170,1.0,17091,171,1.01,16531,17600,1399-11-21
480,اوان,مبين وان كيش,462,992112,49611555573,50498,48700,50555,57,0.11,50006,-492,-0.97,48700,51700,1399-11-21
481,شپاس,نفت پاسارگاد,461,891428,19518328979,22115,22670,22115,0,0.0,22028,-87,-0.39,21510,22670,1399-11-21
482,دسبحا,گروه دارويي سبحان,461,1630673,31673709130,19230,19730,19420,190,0.99,19350,120,0.62,19210,19860,1399-11-21
483,شراز,پالايش نفت شيراز,459,277638,27794762987,99531,98200,99971,440,0.44,99847,316,0.32,98200,101680,1399-11-21
484,ساروج,بين المللي ساروج بوشهر,452,2081838,42770884045,20074,20671,20676,602,3.0,20545,471,2.35,19474,20676,1399-11-21
485,كرماشا,صنايع پتروشيمي كرمانشاه,450,851522,30990533330,36030,37100,36500,470,1.3,36250,220,0.61,35530,37680,1399-11-21
486,ثجوان,تامين مسكن جوانان,447,3126463,39645840670,13037,12650,12647,-390,-2.99,12681,-356,-2.73,12646,13167,1399-11-21
487,لسرما,سرما آفرين‌,447,2702687,70175005850,24830,25650,26070,1240,4.99,25960,1130,4.55,25110,26070,1399-11-21
488,بفجر,فجر انرژي خليج فارس,445,920571,21653176470,23670,24260,23620,-50,-0.21,23620,-50,-0.21,23320,24260,1399-11-21
489,شفا,سرمايه گذاري شفادارو,442,726919,32908849420,44790,44650,44760,-30,-0.07,45100,310,0.69,42660,46400,1399-11-21
490,لوتوس,تامين سرمايه لوتوس پارسيان,439,1373512,13964064390,10090,10010,10200,110,1.09,10110,20,0.2,9990,10280,1399-11-21
491,دپارس,پارس‌ دارو,435,381454,32347094440,84510,80430,83330,-1180,-1.4,84700,190,0.22,80420,88010,1399-11-21
492,دابور,داروسازي‌ ابوريحان‌,422,396058,14810116950,37690,38400,38040,350,0.93,37600,-90,-0.24,36220,38400,1399-11-21
493,پكرمان,گروه‌ صنعتي‌ بارز,416,886847,23391264260,26340,26140,26920,580,2.2,26360,20,0.08,25080,27000,1399-11-21
494,وزمين,بانك ايران زمين,414,2440304,33967222292,13802,13999,14078,276,2.0,13919,117,0.85,13638,14078,1399-11-21
495,فلامي,لاميران‌,411,622776,28193069520,47650,45270,45270,-2380,-4.99,46220,-1430,-3.0,45270,45270,1399-11-21
496,وملت,سرمايه گذاري ملت,410,4443195,20580501853,4550,4641,4641,91,2.0,4632,82,1.8,4572,4641,1399-11-21
497,دسبحان,سبحان دارو,408,951230,20502284920,21200,21800,22000,800,3.77,21340,140,0.66,21210,22000,1399-11-21
498,دجابر,داروسازي‌ جابرابن‌حيان‌,406,476462,9980923480,21330,21380,21250,-80,-0.38,21250,-80,-0.38,20500,21500,1399-11-21
499,سهگمت,سيمان‌هگمتان‌,405,673601,15695052220,23370,23450,23270,-100,-0.43,23350,-20,-0.09,22660,23880,1399-11-21
500,دكيمي,كيميدارو,405,893572,23420908620,25550,26780,26600,1050,4.11,25860,310,1.21,25600,26800,1399-11-21
501,پاسا,ايران‌ياساتايرورابر,402,2223554,59257714100,25390,26650,26650,1260,4.96,26650,1260,4.96,26650,26650,1399-11-21
502,بنو,بيمه تجارت نو,399,2109371,75123138794,33919,35614,35614,1695,5.0,35614,1695,5.0,35614,35614,1399-11-21
503,وساشرقي,شركت س استان آذربايجان شرقي,392,14636229,14106300490,970,930,990,20,2.06,970,0,0.0,930,1010,1399-11-21
504,بموتو,موتوژن‌,383,787157,45928205120,55660,57860,58440,2780,4.99,58000,2340,4.2,56580,58440,1399-11-21
505,جم پيلن,پلي پروپيلن جم - جم پيلن,382,785631,55526212560,68250,69000,71660,3410,5.0,70630,2380,3.49,68400,71660,1399-11-21
506,سكه0012پ01,سكه تمام بهارتحويلي 1روزه رفاه,370,119400,139125517700,1135973,1160010,1160000,24027,2.12,1165205,29232,2.57,1160000,1169800,1399-11-21
507,زنگان,صنعت روي زنگان,363,290012,32492364456,117934,112038,112038,-5896,-5.0,113479,-4455,-3.78,112038,112038,1399-11-21
508,وآفري,بيمه كارآفرين,362,1274084,26547553165,21054,21000,20800,-254,-1.21,20837,-217,-1.03,20500,21369,1399-11-21
509,سيلام,سيمان‌ ايلام‌,356,3255585,37276448250,10910,11450,11450,540,4.95,11250,340,3.12,11450,11450,1399-11-21
510,گوهر,صندوق سكه طلاي كيان,349,744546,43442373334,56125,57010,58300,2175,3.88,58347,2222,3.96,57010,59000,1399-11-21
511,درازك,دارويي‌ رازك‌,346,605529,21954355070,36280,34720,36700,420,1.16,36270,-10,-0.03,34720,37770,1399-11-21
512,ساينا,صنايع بهداشتي ساينا,346,78150,12393710199,163605,155450,159979,-3626,-2.22,162289,-1316,-0.8,155450,160490,1399-11-21
513,تسه9801,امتياز تسهيلات مسكن فروردين98,341,4767,2915555914,606969,582500,625000,18031,2.97,611612,4643,0.76,582500,637317,1399-11-21
514,كفپارس,فرآورده‌هاي‌ نسوز پارس‌,340,6120806,28339331780,4410,4630,4630,220,4.99,4520,110,2.49,4630,4630,1399-11-21
515,آكورد,صندوق س. آرمان آتي كوثر-د,338,7333896,224831684503,30642,30657,30656,14,0.05,30657,15,0.05,30655,30663,1399-11-21
516,شپارس,بين‌ المللي‌ محصولات‌  پارس‌,337,880406,14335895170,16370,16680,16270,-100,-0.61,16340,-30,-0.18,15880,16680,1399-11-21
517,گشان,توسعه بين المللي پديده شانديز,337,335841,13814483694,41973,41134,41134,-839,-2.0,41499,-474,-1.13,41134,41134,1399-11-21
518,شاملا,معدني‌ املاح‌  ايران‌,334,287314,14608368760,53270,51480,51760,-1510,-2.83,52510,-760,-1.43,50610,52240,1399-11-21
519,گدنا,تهيه توزيع غذاي دنا آفرين فدك,334,1153588,31867868500,29078,27625,27625,-1453,-5.0,28028,-1050,-3.61,27625,27625,1399-11-21
520,ثرود,سرمايه‌گذاري مسكن زاينده رود,331,2927427,50623995111,16470,17293,17293,823,5.0,17168,698,4.24,17293,17293,1399-11-21
521,مارون,پتروشيمي مارون,327,150764,22223300849,150117,146021,149600,-517,-0.34,149496,-621,-0.41,144082,150000,1399-11-21
522,زعف0008پ10,زعفران0008نگين طلاي سرخ(پ),324,220525,27853673054,126153,123030,126468,315,0.25,126306,153,0.12,123030,126490,1399-11-21
523,هجرتح,ح . پخش هجرت,313,963833,19209396975,20035,20000,20120,85,0.42,19930,-105,-0.52,19422,20120,1399-11-21
524,معيار,سرمايه گذاري معيار صنعت پارس,312,1072596,47965260700,43458,44761,44761,1303,3.0,44719,1261,2.9,43504,44761,1399-11-21
525,تسه9907,امتياز تسهيلات مسكن مهر99,307,6786,4241290024,619444,623000,640002,20558,3.32,625006,5562,0.9,588472,650000,1399-11-21
526,غشهد,شهد ايران ‌,303,4924967,33769054210,6540,6860,6860,320,4.89,6740,200,3.06,6620,6860,1399-11-21
527,غپونه,نوش پونه مشهد,300,1023737,21425791673,20320,20929,20929,609,3.0,20924,604,2.97,20929,20929,1399-11-21
528,حتوكا,حمل‌ونقل‌توكا,295,1044820,32159559600,32390,30780,30780,-1610,-4.97,31270,-1120,-3.46,30780,30780,1399-11-21
529,شنفت,نفت‌ پارس‌,295,426594,22689977140,52570,55100,52980,410,0.78,52830,260,0.49,52000,55100,1399-11-21
530,خفولا,خدمات فني فولاد يزد,294,835715,68392408455,79454,81837,81837,2383,3.0,81837,2383,3.0,81837,81837,1399-11-21
531,وتعاون,بيمه  تعاون,292,2842179,17937051481,6506,6311,6311,-195,-3.0,6319,-187,-2.87,6311,6330,1399-11-21
532,قشهد,شهد,284,228319,7431676860,32940,33450,32430,-510,-1.55,32880,-60,-0.18,32150,33450,1399-11-21
533,كاسپين,داروسازي كاسپين تامين,282,269535,6494403735,24774,23766,24170,-604,-2.44,24682,-92,-0.37,23766,24486,1399-11-21
534,نيرو,نيرو سرمايه,277,384515,23838089358,60419,60000,62231,1812,3.0,61995,1576,2.61,60000,62231,1399-11-21
535,فافزا,فولاد افزا سپاهان,276,439180,25132075500,55559,57225,57225,1666,3.0,57225,1666,3.0,57225,57225,1399-11-21
536,قلرست,قند لرستان‌,275,923093,32132867330,33160,34810,34810,1650,4.98,34180,1020,3.08,34810,34810,1399-11-21
537,شتوكا,توكا رنگ فولاد سپاهان,273,282667,14613883900,54421,51700,51700,-2721,-5.0,53529,-892,-1.64,51700,51700,1399-11-21
538,خفناور,مهندسي صنعتي روان فن آور,272,761929,40642054789,50801,53341,53341,2540,5.0,53341,2540,5.0,53341,53341,1399-11-21
539,سپاس,صندوق س. پاداش سهامداري توسعه1,266,9633049,96604185345,10018,10033,10040,22,0.22,10028,10,0.1,10001,10040,1399-11-21
540,كخاك,صنايع‌خاك‌چيني‌ايران‌,262,263703,11670829860,44200,43200,45200,1000,2.26,44210,10,0.02,42620,45500,1399-11-21
541,دسينا,داروسازي‌ سينا,262,447336,11583896690,26420,25550,26100,-320,-1.21,26290,-130,-0.49,25440,26410,1399-11-21
542,افق ملت,صندوق س در سهام افق ملت,256,78056,9600344110,123020,122980,122800,-220,-0.18,122990,-30,-0.02,121000,124880,1399-11-21
543,بپاس,بيمه پاسارگاد,256,409666,35678221606,91674,87091,87091,-4583,-5.0,89924,-1750,-1.91,87091,87091,1399-11-21
544,شصفها,پتروشيمي‌ اصفهان‌,253,165322,19180409649,117106,116870,117734,628,0.54,116018,-1088,-0.93,114764,118900,1399-11-21
545,خراسان,پتروشيمي خراسان,252,166865,11361367140,68300,67200,68180,-120,-0.18,68250,-50,-0.07,66540,70000,1399-11-21
546,لكما,كارخانجات‌مخابراتي‌ايران‌,245,1685643,11003877504,6729,6528,6528,-201,-2.99,6605,-124,-1.84,6528,6528,1399-11-21
547,غالبر,لبنيات‌ كالبر,245,1078040,18887260800,16690,17520,17520,830,4.97,16970,280,1.68,17520,17520,1399-11-21
548,ثنور,سرمايه گذاري كوه نور,243,3479596,40057109152,11868,11512,11512,-356,-3.0,11512,-356,-3.0,11512,11512,1399-11-21
549,بكاب,صنايع‌جوشكاب‌يزد,239,36160,12829568000,373470,354800,354800,-18670,-5.0,367850,-5620,-1.5,354800,354800,1399-11-21
550,تسه9902,امتياز تسهيلات مسكن ارديبهشت99,237,3639,2240216473,612052,582300,621550,9498,1.55,615613,3561,0.58,582300,642654,1399-11-21
551,كساوه,صنايع‌ كاشي‌ و سراميك‌ سينا,234,295650,19116729000,68060,64660,64660,-3400,-5.0,66610,-1450,-2.13,64660,64660,1399-11-21
552,دلقما,دارويي‌ لقمان‌,231,1057146,25244646480,22750,23880,23880,1130,4.97,23290,540,2.37,23880,23880,1399-11-21
553,تسه9802,امتياز تسهيلات مسكن ارديبهشت98,228,2965,1834300384,612570,582021,643000,30430,4.97,618651,6081,0.99,582021,643000,1399-11-21
554,ضخود2005,اختيارخ خودرو-2000-1400/02/08,228,5667,4770846000,725,725,879,154,21.24,842,117,16.14,740,880,1399-11-21
555,كتوكا,توليدي و خدمات صنايع نسوز توكا,223,968792,38137465872,37492,39366,39366,1874,5.0,38752,1260,3.36,39366,39366,1399-11-21
556,قشرين,قند شيرين خراسان,223,905106,15628465302,17801,17267,17267,-534,-3.0,17374,-427,-2.4,17267,17267,1399-11-21
557,تسه9810,امتياز تسهيلات مسكن دي98,221,4218,2598486224,613711,600000,611000,-2711,-0.44,616047,2336,0.38,585205,644396,1399-11-21
558,ضسپا1101,اختيارخ خساپا-1800-1399/11/26,220,11994,5802620000,418,470,490,72,17.22,484,66,15.79,460,493,1399-11-21
559,حپترو,حمل و نقل پتروشيمي( سهامي عام,219,587262,29462934540,47790,50170,50170,2380,4.98,49010,1220,2.55,50170,50170,1399-11-21
560,ولغدر,ليزينگ‌خودروغدير,213,594966,11774377140,20830,19790,19790,-1040,-4.99,20540,-290,-1.39,19790,19790,1399-11-21
561,سفار,سيمان‌فارس‌,204,327313,47296728500,137620,144500,144500,6880,5.0,143610,5990,4.35,144500,144500,1399-11-21
562,تسه9712,امتياز تسهيلات مسكن اسفند97,204,3623,2213872070,597772,600000,620000,22228,3.72,611060,13288,2.22,569005,627660,1399-11-21
563,دشيري,شيرين دارو,197,93972,23577113633,258611,250854,250853,-7758,-3.0,250895,-7716,-2.98,250853,259994,1399-11-21
564,تسه9904,امتياز تسهيلات مسكن تير99,195,2163,1347623089,620887,592000,635000,14113,2.27,623034,2147,0.35,592000,645000,1399-11-21
565,فردا,صندوق س آواي فرداي زاگرس-ثابت,191,3818673,38759809227,10146,10150,10150,4,0.04,10150,4,0.04,10148,10152,1399-11-21
566,سپر,صندوق س سپر سرمايه بيدار- ثابت,189,2475206,28224352409,11396,11400,11401,5,0.04,11403,7,0.06,11399,11415,1399-11-21
567,تابا,تابان نيرو سپاهان,187,254351,15729574542,60041,61842,61842,1801,3.0,61362,1321,2.2,61842,61842,1399-11-21
568,تسه9906,امتياز تسهيلات مسكن شهريور99,185,2030,1265422275,614605,584600,630000,15395,2.5,623361,8756,1.42,583900,645335,1399-11-21
569,تسه9803,امتياز تسهيلات مسكن خرداد98,183,1715,1067911339,619514,590010,627500,7986,1.29,622689,3175,0.51,590010,649799,1399-11-21
570,وتوكا,سرمايه‌گذاري‌توكافولاد(هلدينگ,181,2424349,27128465310,10660,11190,11190,530,4.97,10910,250,2.35,11190,11190,1399-11-21
571,ضسپا3004,اختيارخ خساپا-2500-1400/03/26,180,8439,2990783000,292,310,370,78,26.71,354,62,21.23,310,379,1399-11-21
572,شيراز,پتروشيمي‌شيراز,179,181979,9760316370,54430,56830,53900,-530,-0.97,54350,-80,-0.15,52840,56830,1399-11-21
573,شفارس,صنايع‌ شيميايي‌ فارس‌,174,680699,35192138300,49240,51700,51700,2460,5.0,50790,1550,3.15,51700,51700,1399-11-21
574,كيميا,معدني كيمياي زنجان گستران,173,3448542,54780089670,15129,15885,15885,756,5.0,15857,728,4.81,15885,15885,1399-11-21
575,كدما,معدني‌ دماوند,170,23578,5471274900,244260,232050,232050,-12210,-5.0,242830,-1430,-0.59,232050,232050,1399-11-21
576,تسه9905,امتياز تسهيلات مسكن مرداد99,165,2586,1596604527,613530,600000,620000,6470,1.05,617403,3873,0.63,588000,640000,1399-11-21
577,سبجنو,سيمان‌ بجنورد,165,236250,13272525000,53510,56180,56180,2670,4.99,54140,630,1.18,56180,56180,1399-11-21
578,پرداخت,به پرداخت ملت,164,357354,12700361160,37410,35540,35540,-1870,-5.0,36870,-540,-1.44,35540,35540,1399-11-21
579,وسين,بيمه سينا,160,1120621,23144185513,19670,20653,20653,983,5.0,20653,983,5.0,20653,20653,1399-11-21
580,غبهار,كشت وصنعت بهاران گلبهار خراسان,153,192028,6769947140,36345,35255,35255,-1090,-3.0,35958,-387,-1.06,35255,35255,1399-11-21
581,تصميم,صندوق س با درآمد ثابت تصميم,150,943284,14729863124,15594,15602,15623,29,0.19,15616,22,0.14,15602,15625,1399-11-21
582,سكه9912پ04,سكه تمام بهارتحويل1روزه صادرات,149,69300,80705963300,1134887,1160000,1161100,26213,2.31,1164588,29701,2.62,1160000,1169594,1399-11-21
583,كهرام,توليدي گرانيت بهسرام,148,193668,18912842208,94812,97656,97656,2844,3.0,97245,2433,2.57,97656,97656,1399-11-21
584,كيان2,صندوق س. با درآمد ثابت كيان,148,14800000,14800000,27098,1,1,-27097,-100.0,1,-27097,-100.0,1,1,1399-11-21
585,تسه9903,امتياز تسهيلات مسكن خرداد99,147,1373,850045478,609158,620000,620000,10842,1.78,619115,9957,1.63,579000,639615,1399-11-21
586,آساميد,صندوق س.مشترك آسمان اميد -د,144,5808843,67016268415,11526,11532,11534,8,0.07,11537,11,0.1,11532,11539,1399-11-21
587,ضپاس2002,اختيارخ وپارس-3000-1400/02/29,143,4420,2560654000,495,520,611,116,23.43,579,84,16.97,520,611,1399-11-21
588,دارا,صندوق س. دارا الگوريتم-د,142,3151193,31762650308,10073,10080,10089,16,0.16,10080,7,0.07,10054,10094,1399-11-21
589,سجام,مجتمع سيمان غرب آسيا,137,1349372,7208345224,5507,5342,5342,-165,-3.0,5443,-64,-1.16,5342,5342,1399-11-21
590,مفاخر,توسعه فناوري اطلاعات خوارزمي,136,2024973,115445735703,54297,57011,57011,2714,5.0,57011,2714,5.0,57011,57011,1399-11-21
591,زنجان,صنايع كشاورزي وكود زنجان,135,621577,5772585599,9775,9287,9287,-488,-4.99,9626,-149,-1.52,9287,9287,1399-11-21
592,وسديد,گروه ‌صنعتي‌سديد,135,181857,4118151765,23107,22645,22645,-462,-2.0,23054,-53,-0.23,22645,22645,1399-11-21
593,وكادو,تكادو,135,541589,11735692041,22809,21669,21669,-1140,-5.0,22059,-750,-3.29,21669,21669,1399-11-21
594,فسديد,لوله‌وتجهيزات‌ سديد - ورشكسته,134,94337,11226289918,119658,118462,118462,-1196,-1.0,119002,-656,-0.55,118462,120854,1399-11-21
595,بذر,صندوق س بذر اميد آفرين-سهام,133,42959,4247387530,96080,96520,98880,2800,2.91,98870,2790,2.9,96500,99550,1399-11-21
596,دمعيار,صندوق س. توازن معيار-د,130,6032562,60943972120,10098,10105,10105,7,0.07,10103,5,0.05,10090,10107,1399-11-21
597,لخانه,لوازم‌ خانگي‌ پارس‌,122,391828,11598500628,28739,29601,29601,862,3.0,29222,483,1.68,29601,29601,1399-11-21
598,بايكا,كارخانجات كابلسازي ‌ايران‌,121,151645,6671773420,45356,43996,43996,-1360,-3.0,44892,-464,-1.02,43996,43996,1399-11-21
599,قمرو,قند مرودشت‌,120,702962,23914767240,32400,34020,34020,1620,5.0,33070,670,2.07,34020,34020,1399-11-21
600,داريك,صندوق س.اعتماد داريك-د,118,8015639,82766639510,10339,10310,10330,-9,-0.09,10326,-13,-0.13,10135,10345,1399-11-21
601,ثاژن,سخت آژند,117,1797619,19094309018,10414,10622,10622,208,2.0,10622,208,2.0,10622,10622,1399-11-21
602,ضپاس2001,اختيارخ وپارس-2500-1400/02/29,113,3074,2622327000,724,800,940,216,29.83,853,129,17.82,800,940,1399-11-21
603,دقاضي,داروسازي شهيد قاضي,113,211505,9776713124,47601,46173,46173,-1428,-3.0,46918,-683,-1.43,46173,47540,1399-11-21
604,تسه9812,امتياز تسهيلات مسكن اسفند98,112,1633,1020127951,622481,610000,629000,6519,1.05,624696,2215,0.36,591357,653605,1399-11-21
605,سكه0011پ02,سكه تمام بهارتحويلي 1روزه ملت,108,24100,28053312200,1136958,1163000,1161000,24042,2.11,1164038,27080,2.38,1160000,1168898,1399-11-21
606,گوهران,سرمايه گذاري توسعه گوهران اميد,107,2533133,17932048507,6742,7079,7079,337,5.0,6857,115,1.71,7079,7079,1399-11-21
607,سكه0112پ03,سكه تمام بهارتحويلي1روزه سامان,104,23700,27550493100,1135007,1159912,1160000,24993,2.2,1162468,27461,2.42,1159800,1169998,1399-11-21
608,سمايه,بانك سرمايه,99,388522,2691680416,7292,6928,6928,-364,-4.99,7240,-52,-0.71,6928,6928,1399-11-21
609,كصدف,كاشي صدف سرام استقلال آباده,98,157251,4049055999,26545,25749,25749,-796,-3.0,26375,-170,-0.64,25749,25749,1399-11-21
610,فالوم,آلومتك‌,95,553647,20971594713,39050,37879,37879,-1171,-3.0,37879,-1171,-3.0,37879,37879,1399-11-21
611,سفاسي,شركت فارسيت اهواز,94,275213,3876925531,14828,14087,14087,-741,-5.0,14676,-152,-1.03,14087,14087,1399-11-21
612,فيروزا,صندوق بادرآمد ثابت فيروزه آسيا,93,217014,4831571946,22250,22250,22283,33,0.15,22264,14,0.06,22201,22296,1399-11-21
613,صايند,صندوق س. گنجينه آينده روشن-د,92,825430,8234337840,9979,9980,9999,20,0.2,9976,-3,-0.03,9958,9999,1399-11-21
614,ضسپا3003,اختيارخ خساپا-2000-1400/03/26,92,3809,2316413000,526,621,631,105,19.96,608,82,15.59,580,635,1399-11-21
615,تسه9901,امتياز تسهيلات مسكن فروردين99,88,1040,641158158,622140,600000,640000,17860,2.87,616498,-5642,-0.91,591150,640000,1399-11-21
616,اخزا903,اسنادخزانه-م3بودجه99-011110,88,364941,254538486653,699007,695500,696777,-2230,-0.32,697478,-1529,-0.22,694000,700988,1399-11-21
617,ارمغان,ص سرمايه گذاري ارمغان ايرانيان,88,2114463,21224699875,10030,10030,10040,10,0.1,10038,8,0.08,10030,10055,1399-11-21
618,حخزر,كشتيراني درياي خزر,88,2079529,51651341302,23656,24838,24838,1182,5.0,24812,1156,4.89,24838,24838,1399-11-21
619,زعف0008پ20,زعفران0008نگين وحدت جام(پ),86,76711,9441468273,123118,119130,124300,1182,0.96,123078,-40,-0.03,119130,124789,1399-11-21
620,اخزا902,اسنادخزانه-م2بودجه99-011019,85,312026,219862297509,704665,704000,704935,270,0.04,704628,-37,-0.01,703000,705101,1399-11-21
621,زعف0008پ05,زعفران0008نگين زرين(پ),84,67449,8365428740,123899,123000,124400,501,0.4,124026,127,0.1,123000,125000,1399-11-21
622,اتكاي,بيمه اتكايي ايرانيان,83,432944,5742136272,13961,13263,13263,-698,-5.0,13871,-90,-0.64,13263,13263,1399-11-21
623,فن آوا,گروه فن آوا,83,1143052,22538699336,19144,19718,19718,574,3.0,19718,574,3.0,19718,19718,1399-11-21
624,فنفت,صنايع تجهيزات نفت,82,582658,17809524428,29676,30566,30566,890,3.0,30446,770,2.59,30566,30566,1399-11-21
625,پارسيانح,ح.بيمه پارسيان,82,3604036,30845706000,9000,9000,8500,-500,-5.56,8560,-440,-4.89,8500,9000,1399-11-21
626,الماس,صندوق س.امين تدبيرگران فردا-س,82,31149,3418025602,109048,109000,110071,1023,0.94,109731,683,0.63,106403,111493,1399-11-21
627,ضشنا2001,اختيارخ شپنا-10000-1400/02/27,81,627,1881922000,2421,2800,3190,769,31.76,3001,580,23.96,2699,3200,1399-11-21
628,تسه9811,امتياز تسهيلات مسكن بهمن98,81,891,548249456,615802,600000,610000,-5802,-0.94,615319,-483,-0.08,585012,646592,1399-11-21
629,ثروتم,صندوق س. ثروت آفرين پارسيان-س,81,116320,9356107200,79216,80010,81250,2034,2.57,80434,1218,1.54,79500,81600,1399-11-21
630,ضمخا7071,اختيارخ اخابر-24000-1400/07/28,79,4302,738902000,158,158,155,-3,-1.9,172,14,8.86,155,190,1399-11-21
631,تسه9809,امتياز تسهيلات مسكن آذر98,78,939,576649089,613788,610000,610001,-3787,-0.62,614110,322,0.05,583099,644477,1399-11-21
632,غشوكو,شوكو پارس,77,218576,8839869168,41693,40443,40443,-1250,-3.0,41086,-607,-1.46,40443,40443,1399-11-21
633,ولراز,ليزينگ رازي,77,139946,7930879766,59653,56671,56671,-2982,-5.0,58373,-1280,-2.15,56671,56671,1399-11-21
634,ضغدر1119,اختيارخ وغدير-10000-1399/11/26,74,1593,3006135000,1313,1760,2000,687,52.32,1887,574,43.72,1490,2000,1399-11-21
635,دقاضيح,ح . داروسازي شهيد قاضي,72,142050,5027040061,35390,34501,34563,-827,-2.34,35389,-1,0.0,34500,36451,1399-11-21
636,امين يكم2,صندوق درآمد ثابت امين يكم فردا,71,7100000,7100000,10197,1,1,-10196,-99.99,1,-10196,-99.99,1,1,1399-11-21
637,زعف0008پ11,زعفران0008نگين سحرخيز(پ),71,312714,39265040808,125515,125160,125721,206,0.16,125562,47,0.04,125160,125900,1399-11-21
638,ضخود2008,اختيارخ خودرو-3500-1400/02/08,71,3104,448855000,125,148,140,15,12.0,145,20,16.0,139,170,1399-11-21
639,پلاست,كارخانجات توليدي پلاستيران,68,98922,7307763828,76158,73874,73874,-2284,-3.0,75307,-851,-1.12,73874,73874,1399-11-21
640,اخزا907,اسنادخزانه-م7بودجه99-020704,65,43544,26784431314,611502,610009,614000,2498,0.41,615112,3610,0.59,610009,620000,1399-11-21
641,آكورد2,صندوق س. آرمان آتي كوثر-د,60,6000000,6000000,30642,1,1,-30641,-100.0,1,-30641,-100.0,1,1,1399-11-21
642,ضسپا1100,اختيارخ خساپا-1600-1399/11/26,60,1958,1322095000,612,698,690,78,12.75,675,63,10.29,603,710,1399-11-21
643,وآرينح,ح. شركت توسعه اقتصادي آرين,59,1252378,3537029505,2985,3164,2806,-179,-6.0,2824,-161,-5.39,2806,3164,1399-11-21
644,سخواف,سيمان مجد خواف,59,91104,1667658720,18871,18305,18305,-566,-3.0,18819,-52,-0.28,18305,18305,1399-11-21
645,وسگيلا,شركت س استان گيلان,55,2205232,1675976320,800,760,760,-40,-5.0,800,0,0.0,760,760,1399-11-21
646,تسه9808,امتياز تسهيلات مسكن آبان98,55,575,361164815,642482,674606,620000,-22482,-3.5,628113,-14369,-2.24,616500,674606,1399-11-21
647,سنوين,سرمايه گذاري اقتصاد نوين,52,1155951,11457786312,9624,9912,9912,288,2.99,9775,151,1.57,9912,9912,1399-11-21
648,تسه9806,امتياز تسهيلات مسكن شهريور98,51,789,485043720,635730,610001,610000,-25730,-4.05,614758,-20972,-3.3,610000,666940,1399-11-21
649,ضخود2009,اختيارخ خودرو-4000-1400/02/08,49,2229,215396000,92,92,95,3,3.26,97,5,5.43,89,118,1399-11-21
650,فسا,پتروشيمي فسا,49,559188,1013807844,1869,1813,1813,-56,-3.0,1866,-3,-0.16,1813,1813,1399-11-21
651,نمرينو,ايران‌ مرينوس‌,48,148009,8628924700,55530,58300,58300,2770,4.99,55980,450,0.81,58300,58300,1399-11-21
652,سايرا,ايرانيت‌,48,113097,5471972151,49370,48383,48383,-987,-2.0,48840,-530,-1.07,48383,48383,1399-11-21
653,افران,صندوق س افرا نماد پايدار-ثابت,46,358506,4532651127,12628,12650,12644,16,0.13,12643,15,0.12,12636,12650,1399-11-21
654,ضفلا1154,اختيارخ فولاد-12000-1399/11/28,46,804,293844000,240,348,397,157,65.42,365,125,52.08,300,444,1399-11-21
655,اوصتا,صندوق انديشه ورزان صباتامين -د,45,864199,15421681949,17845,17845,17846,1,0.01,17845,0,0.0,17845,17852,1399-11-21
656,اخزا910,اسنادخزانه-م10بودجه99-020807,44,95768,56579475276,1000000,585001,597102,-402898,-40.29,590797,-409203,-40.92,585001,607699,1399-11-21
657,جهرم,پتروشيمي جهرم,43,437091,865877271,2042,1981,1981,-61,-2.99,2039,-3,-0.15,1981,1981,1399-11-21
658,گپارس,امور رفاهي كارگزاران پارس,42,23345,5080525660,211290,217628,217628,6338,3.0,212774,1484,0.7,217628,217628,1399-11-21
659,تسه9807,امتياز تسهيلات مسكن مهر98,42,332,203833787,617498,610000,612000,-5498,-0.89,613957,-3541,-0.57,586624,630000,1399-11-21
660,اخزا815,اسنادخزانه-م15بودجه98-010406,41,102958,80399273433,780397,778012,780635,238,0.03,780894,497,0.06,778012,782000,1399-11-21
661,اخزا817,اسنادخزانه-م17بودجه98-010512,41,53215,40905584336,770303,767000,768800,-1503,-0.2,768685,-1618,-0.21,764000,770998,1399-11-21
662,ضگل1142,اختيارخ كگل-16000-1399/11/21,41,817,1520166000,1343,2200,1600,257,19.14,1861,518,38.57,1401,2250,1399-11-21
663,ضسپا1104,اختيارخ خساپا-3000-1399/11/26,40,1900,1900000,1,1,1,0,0.0,1,0,0.0,1,1,1399-11-21
664,ضفار3000,اختيارخ فارس-8000-1400/03/05,39,1492,3128300000,2158,2000,2100,-58,-2.69,2097,-61,-2.83,2000,2100,1399-11-21
665,ضفلا1153,اختيارخ فولاد-10000-1399/11/28,39,519,1003590000,1482,1999,2000,518,34.95,1934,452,30.5,1800,2000,1399-11-21
666,ضشنا2002,اختيارخ شپنا-12000-1400/02/27,39,1727,3128315000,1420,2050,1850,430,30.28,1811,391,27.54,1500,2050,1399-11-21
667,كقزوي,شيشه‌ قزوين‌,38,126440,1272239280,10373,10062,10062,-311,-3.0,10352,-21,-0.2,10062,10062,1399-11-21
668,صنوين,صندوق سرمايه‌گذاري صنوين-مختلط,36,7248,720485420,99070,99010,100990,1920,1.94,99400,330,0.33,99000,101000,1399-11-21
669,ضملت1129,اختيارخ وبملت-7000-1399/11/28,36,2086,2086000,1,1,1,0,0.0,1,0,0.0,1,1,1399-11-21
670,زعف0008پ16,زعفران0008نگين بيرجند(پ),36,21369,2647268500,123768,123500,124000,232,0.19,123884,116,0.09,123500,124700,1399-11-21
671,خاتم,صندوق س خاتم ايساتيس پويا-ثابت,35,419749,4415990262,10513,10519,10520,7,0.07,10521,8,0.08,10519,10525,1399-11-21
672,اخزا909,اسنادخزانه-م9بودجه99-020316,35,177974,115213737879,647367,645500,647710,343,0.05,647363,-4,0.0,645043,649000,1399-11-21
673,دحاوي,الحاوي,35,53752,628683392,12311,11696,11696,-615,-5.0,12291,-20,-0.16,11696,11696,1399-11-21
674,آسام,صندوق س.آرمان سپهر آشنا-م,34,17890,1841004810,102742,102742,103400,658,0.64,102907,165,0.16,102300,103497,1399-11-21
675,وبيمهح,ح . سرمايه‌ گذاري‌ صنعت‌ بيمه‌,33,524285,880798800,1680,1680,1680,0,0.0,1680,0,0.0,1680,1680,1399-11-21
676,سخند,صندوق س.سپهرخبرگان نفت-د,32,277550,2784852220,10027,10039,10031,4,0.04,10034,7,0.07,10031,10039,1399-11-21
677,ضسپا1105,اختيارخ خساپا-3500-1399/11/26,31,1510,1540000,2,1,4,2,100.0,1,-1,-50.0,1,4,1399-11-21
678,وسكرد,شركت س استان كردستان,31,866147,614964370,740,710,710,-30,-4.05,740,0,0.0,710,710,1399-11-21
679,وايرا,سرمايه گذاري صنايع ايران,31,538900,6050230300,11574,11227,11227,-347,-3.0,11461,-113,-0.98,11227,11227,1399-11-21
680,تسه9805,امتياز تسهيلات مسكن مرداد98,30,143,88322420,619945,620000,596000,-23945,-3.86,617639,-2306,-0.37,589000,650942,1399-11-21
681,اخزا908,اسنادخزانه-م8بودجه99-020606,30,118025,73397665354,621618,622000,622000,382,0.06,621882,264,0.04,621500,623000,1399-11-21
682,قجام,فرآوردههاي غذايي وقندتربت‌جام‌,29,319625,5341573000,17053,16712,16712,-341,-2.0,16867,-186,-1.09,16712,16712,1399-11-21
683,اخزا901,اسنادخزانه-م1بودجه99-010621,29,22638,16905597761,746244,746000,747400,1156,0.15,746780,536,0.07,746000,748949,1399-11-21
684,سجامح,ح.مجتمع سيمان غرب آسيا,28,78154,243527864,3212,3116,3116,-96,-2.99,3116,-96,-2.99,3116,3116,1399-11-21
685,آبين,كشت و صنعت آبشيرين,28,67521,287977065,4352,4265,4265,-87,-2.0,4349,-3,-0.07,4265,4265,1399-11-21
686,تشتاد,صنايع توليدي اشتاد ايران‌,27,32640,503210880,15893,15417,15417,-476,-3.0,15880,-13,-0.08,15417,15417,1399-11-21
687,زعف0008پ08,زعفران0008نگين روستا(پ),27,33652,4166519000,124000,123500,124450,450,0.36,123812,-188,-0.15,123000,124500,1399-11-21
688,ضترا3003,اختيارخ شتران-9000-1400/03/09,26,435,783000000,2000,1800,1800,-200,-10.0,1800,-200,-10.0,1800,1800,1399-11-21
689,تسه9804,امتياز تسهيلات مسكن تير98,26,590,363933705,608866,609000,639309,30443,5.0,616837,7971,1.31,600000,639309,1399-11-21
690,اخزا821,اسنادخزانه-م21بودجه98-020906,25,55172,32744359896,594802,593006,594600,-202,-0.03,593496,-1306,-0.22,593000,595900,1399-11-21
691,ضخود2013,اختيارخ خودرو-7000-1400/02/08,24,838,16068000,19,13,21,2,10.53,19,0,0.0,12,21,1399-11-21
692,گنجين,صندوق س. گنجينه يكم آويد-د,24,99630,1214539632,12187,12187,12194,7,0.06,12191,4,0.03,12187,12194,1399-11-21
693,ضملت1130,اختيارخ وبملت-8000-1399/11/28,23,937,937000,1,1,1,0,0.0,1,0,0.0,1,1,1399-11-21
694,كارين,صندوق س نگين سامان-ثابت,23,554121,5608894596,10119,10120,10121,2,0.02,10122,3,0.03,10120,10126,1399-11-21
695,سكارون,سيمان كارون,23,4766,840884444,181890,176434,176434,-5456,-3.0,181649,-241,-0.13,176434,176434,1399-11-21
696,اخزا809,اسنادخزانه-م9بودجه98-000923,22,5343,4600159091,859776,860000,862801,3025,0.35,860969,1193,0.14,860000,862900,1399-11-21
697,اخزا808,اسنادخزانه-م8بودجه98-000817,22,11642,10206112420,876066,876990,877777,1711,0.2,876663,597,0.07,872201,877990,1399-11-21
698,اخزا721,اسنادخزانه-م21بودجه97-000728,22,108319,95297638263,879574,879509,883000,3426,0.39,879787,213,0.02,879509,883360,1399-11-21
699,ضفلا1155,اختيارخ فولاد-14000-1399/11/28,21,805,11177000,12,9,23,11,91.67,14,2,16.67,7,24,1399-11-21
700,سدشت,صنايع سيمان دشتستان,20,55850,2623274500,44740,46970,46970,2230,4.98,44850,110,0.25,46970,46970,1399-11-21
701,زعف0008پ18,زعفران0008نگين بهرامن(پ),20,64831,8123952000,124925,124650,125500,575,0.46,125310,385,0.31,124200,126000,1399-11-21
702,خبازرس,بازرسي مهندسي و صنعتي ايران,19,802983,20666373471,24988,25737,25737,749,3.0,25722,734,2.94,25737,25737,1399-11-21
703,كيسون,شركت كيسون,19,89536,1302122048,14839,14543,14543,-296,-1.99,14826,-13,-0.09,14543,14543,1399-11-21
704,اخزا818,اسنادخزانه-م18بودجه98-010614,18,4662,3518511815,758608,756013,754000,-4608,-0.61,754722,-3886,-0.51,751601,758015,1399-11-21
705,اخزا811,اسنادخزانه-م11بودجه98-001013,18,28103,23976423988,850164,850052,853162,2998,0.35,853162,2998,0.35,850052,854000,1399-11-21
706,اخزا812,اسنادخزانه-م12بودجه98-001111,18,9739,8172121941,840063,837504,843100,3037,0.36,839113,-950,-0.11,837504,843100,1399-11-21
707,داراب,پتروشيمي داراب,18,459812,1102629176,2472,2398,2398,-74,-2.99,2468,-4,-0.16,2398,2398,1399-11-21
708,ضگل1143,اختيارخ كگل-18000-1399/11/21,17,686,101888000,79,300,9,-70,-88.61,149,70,88.61,5,300,1399-11-21
709,ضغدر1120,اختيارخ وغدير-12000-1399/11/26,17,249,70409000,197,250,375,178,90.36,283,86,43.65,250,375,1399-11-21
710,سلار,شركت سيمان لارستان,17,13912,865437696,64131,62208,62208,-1923,-3.0,64043,-88,-0.14,62208,62208,1399-11-21
711,پست0008پ09,پسته بادامي30-28مه ولات0008(پ),17,490,639200000,1300000,1300000,1320000,20000,1.54,1304490,4490,0.35,1300000,1320000,1399-11-21
712,ضشنا2003,اختيارخ شپنا-14000-1400/02/27,16,277,285943000,965,999,1000,35,3.63,1032,67,6.94,999,1250,1399-11-21
713,تملي706,تسهيلات مسكن ب. ملي-شهريور97,16,632,338927032,535599,508820,562378,26779,5.0,536277,678,0.13,508820,562378,1399-11-21
714,نگين,ص.س. زمين و ساختمان نگين شهرري,16,2644,125852070,47730,48420,47930,200,0.42,47600,-130,-0.27,47530,48420,1399-11-21
715,ضپاس2003,اختيارخ وپارس-3500-1400/02/29,15,633,242792000,379,379,400,21,5.54,384,5,1.32,350,440,1399-11-21
716,ضفلا1151,اختيارخ فولاد-8000-1399/11/28,15,111,424097000,3214,3699,3900,686,21.34,3821,607,18.89,3699,3900,1399-11-21
717,اخزا806,اسنادخزانه-م6بودجه98-000519,15,89984,81919145714,911485,912000,911535,50,0.01,910375,-1110,-0.12,910010,912000,1399-11-21
718,ضگل1141,اختيارخ كگل-14000-1399/11/21,14,130,514718000,3477,4000,3650,173,4.98,3959,482,13.86,3650,4150,1399-11-21
719,تاپكيشح,ح.تجارت الكترونيك پارسيان كيش,14,39212,659349780,17700,16815,16815,-885,-5.0,16815,-885,-5.0,16815,16815,1399-11-21
720,ضملت1127,اختيارخ وبملت-5000-1399/11/28,12,564,752000,2,1,1,-1,-50.0,1,-1,-50.0,1,2,1399-11-21
721,اخزا820,اسنادخزانه-م20بودجه98-020806,12,7160,4297181300,608790,603000,603100,-5690,-0.93,600165,-8625,-1.42,600000,603100,1399-11-21
722,ضپاس2000,اختيارخ وپارس-2000-1400/02/29,12,407,540910000,1195,1330,1400,205,17.15,1329,134,11.21,1300,1400,1399-11-21
723,شستا992,اجاره تامين اجتماعي-سپهر991226,12,100005,100004999990,1000000,1000000,1000000,0,0.0,1000000,0,0.0,999999,1000000,1399-11-21
724,اخزا904,اسنادخزانه-م4بودجه99-011215,12,30192,20902712260,685386,693000,685223,-163,-0.02,692326,6940,1.01,685100,695000,1399-11-21
725,ضفلا3005,اختيارخ فولاد-14000-1400/03/19,12,32,31309000,616,1000,950,334,54.22,978,362,58.77,950,1000,1399-11-21
726,اخزا813,اسنادخزانه-م13بودجه98-010219,12,7695,6145382831,800017,797501,800002,-15,0.0,798620,-1397,-0.17,797501,800002,1399-11-21
727,اخزا814,اسنادخزانه-م14بودجه98-010318,11,6771,5329643698,789102,785823,786011,-3091,-0.39,787128,-1974,-0.25,785823,789000,1399-11-21
728,ضچاد2000,اختيارخ كچاد-12000-1400/02/05,11,110,1045000000,7500,9500,9500,2000,26.67,9500,2000,26.67,9500,9500,1399-11-21
729,اخزا905,اسنادخزانه-م5بودجه99-020218,10,13994,9219956648,658477,655902,658900,423,0.06,658851,374,0.06,655902,659237,1399-11-21
730,ضجار2002,اختيارخ وتجارت-2500-1400/02/22,10,135,85550000,616,600,677,61,9.9,634,18,2.92,600,698,1399-11-21
731,اخزا805,اسنادخزانه-م5بودجه98-000422,10,2418,2240189706,923094,924100,927001,3907,0.42,926464,3370,0.37,924100,927001,1399-11-21
732,ضملي3004,اختيارخ فملي-14000-1400/03/02,10,96,81396000,500,850,879,379,75.8,848,348,69.6,800,879,1399-11-21
733,ضجار2000,اختيارخ وتجارت-1800-1400/02/22,9,190,278430000,1265,1151,1300,35,2.77,1465,200,15.81,1151,1630,1399-11-21
734,داريك2,صندوق س.اعتماد داريك-د,9,8500000,8500000,10339,1,1,-10338,-99.99,1,-10338,-99.99,1,1,1399-11-21
735,وحافظ,بيمه حافظ,9,87063,6333397935,74229,72745,72745,-1484,-2.0,73258,-971,-1.31,72745,72745,1399-11-21
736,وسصفا,شركت س استان اصفهان,8,43174,44037480,1070,1020,1020,-50,-4.67,1070,0,0.0,1020,1020,1399-11-21
737,ضملت1126,اختيارخ وبملت-4500-1399/11/28,8,330,7109000,18,20,20,2,11.11,22,4,22.22,20,40,1399-11-21
738,ضغدر1118,اختيارخ وغدير-9000-1399/11/26,8,122,354856000,2139,2800,2958,819,38.29,2909,770,36.0,2800,2958,1399-11-21
739,ضفلا3004,اختيارخ فولاد-12000-1400/03/19,8,8,17100000,2000,2000,2300,300,15.0,2137,137,6.85,2000,2300,1399-11-21
740,ضملي3002,اختيارخ فملي-10000-1400/03/02,8,36,101418000,1909,2600,2700,791,41.44,2817,908,47.56,2599,3300,1399-11-21
741,تملي701,تسهيلات مسكن ب. ملي-فروردين97,8,109,65453895,601771,624999,571683,-30088,-5.0,600494,-1277,-0.21,571683,631859,1399-11-21
742,اخزا816,اسنادخزانه-م16بودجه98-010503,7,3228,2485652798,772742,770000,770070,-2672,-0.35,770029,-2713,-0.35,770000,771000,1399-11-21
743,ضغدر3003,اختيارخ وغدير-9200-1400/03/26,7,103,369900000,2704,3300,3800,1096,40.53,3591,887,32.8,3300,3800,1399-11-21
744,ضفلا1152,اختيارخ فولاد-9000-1399/11/28,7,254,737560000,2032,2500,2980,948,46.65,2904,872,42.91,2500,2980,1399-11-21
745,ضملي3000,اختيارخ فملي-8000-1400/03/02,6,16,60978000,3315,4000,3900,585,17.65,3811,496,14.96,3700,4000,1399-11-21
746,وسيستا,شركت س استان سيستان وبلوچستان,6,174529,129151460,770,740,740,-30,-3.9,770,0,0.0,740,740,1399-11-21
747,ضسپا3002,اختيارخ خساپا-1800-1400/03/26,6,24,24010000,1,1000,1000,999,99900.0,1000,999,99900.0,1000,1005,1399-11-21
748,خعمرا,توسعه و عمران شهرستان نائين,6,3088,70474336,22158,22822,22822,664,3.0,22160,2,0.01,22822,22822,1399-11-21
749,هصيكو402,اختيارف ت تاصيكو13500-00/02/20,6,87725,252998900,2460,2884,2884,424,17.24,2884,424,17.24,2884,2884,1399-11-21
750,ساذري,آذريت‌,6,7132,43583652,5820,6111,6111,291,5.0,5821,1,0.02,6111,6111,1399-11-21
751,شستا991,اجاره تامين اجتماعي-امين991226,5,176,175390685,996504,971000,1000000,3496,0.35,996538,34,0.0,971000,1000000,1399-11-21
752,ضملت1124,اختيارخ وبملت-3500-1399/11/28,5,70,37030000,397,500,500,103,25.94,529,132,33.25,500,600,1399-11-21
753,ضجار2004,اختيارخ وتجارت-3500-1400/02/22,5,90,32367000,500,350,398,-102,-20.4,360,-140,-28.0,350,400,1399-11-21
754,اخزا807,اسنادخزانه-م7بودجه98-000719,5,15400,13606756700,883539,883542,883555,16,0.0,883556,17,0.0,883542,884000,1399-11-21
755,پست0008پ08,پسته فندقي32-30مه ولات0008(پ),5,124,165340000,1341326,1325000,1340000,-1326,-0.1,1333387,-7939,-0.59,1325000,1360000,1399-11-21
756,زعف0008پ19,زعفران0008نگين تروند قاينات(پ),5,2801,347417113,123935,123993,124200,265,0.21,124033,98,0.08,123993,124200,1399-11-21
757,اخزا804,اسنادخزانه-م4بودجه98-000421,5,3415,3162218018,927516,922005,926014,-1502,-0.16,925979,-1537,-0.17,922005,926015,1399-11-21
758,زير0003پ01,زيره سبز0003كيميابذر(پ),5,105,55519250,520513,527989,529987,9474,1.82,528755,8242,1.58,527989,529987,1399-11-21
759,تملي804,تسهيلات مسكن ب. ملي-تير98,4,348,191516580,524129,550335,550335,26206,5.0,550335,26206,5.0,550335,550335,1399-11-21
760,ضگل1149,اختيارخ كگل-10000-1399/11/21,4,26,207990000,7588,8000,7890,302,3.98,8000,412,5.43,7890,8100,1399-11-21
761,ضپاس2005,اختيارخ وپارس-4500-1400/02/29,4,44,4158000,700,12,52,-648,-92.57,94,-606,-86.57,12,300,1399-11-21
762,پشاهن,توليدي پلاستيك‌ شاهين,4,8000,60768000,7375,7596,7596,221,3.0,7376,1,0.01,7596,7596,1399-11-21
763,ضپيك2008,اختيارخ تاپيكو-9000-00/02/19,4,13,53264000,2122,4088,4100,1978,93.21,4097,1975,93.07,4088,4100,1399-11-21
764,شرق1400,مشاركت ليزينگ ايران وشرق140010,4,34,34339810,999900,1009990,1010000,10100,1.01,1009994,10094,1.01,1009990,1010000,1399-11-21
765,وسخراج,شركت س استان خراسان جنوبي,4,18047,38079170,2220,2110,2110,-110,-4.95,2220,0,0.0,2110,2110,1399-11-21
766,كابگن,توليدي و صنعتي آبگينه‌,3,10865,56324160,5083,5184,5184,101,1.99,5084,1,0.02,5184,5184,1399-11-21
767,شستا994,اجاره تامين اجتماعي-نوين991226,3,56,56000000,993500,1000000,1000000,6500,0.65,1000000,6500,0.65,1000000,1000000,1399-11-21
768,ضملي3003,اختيارخ فملي-12000-1400/03/02,3,78,92829000,1044,1050,1440,396,37.93,1190,146,13.98,1050,1449,1399-11-21
769,زعف0008پ12,زعفران0008پوشالمعمول سحرخيز(پ),3,467,37953600,80800,80800,82000,1200,1.49,81271,471,0.58,80800,82000,1399-11-21
770,ضجار2005,اختيارخ وتجارت-4000-1400/02/22,3,101,10133000,121,100,133,12,9.92,100,-21,-17.36,100,133,1399-11-21
771,اراد50,مرابحه عام دولت5-ش.خ0302,3,62000,62000062000,1000001,1000001,1000001,0,0.0,1000001,0,0.0,1000001,1000001,1399-11-21
772,ضشنا2000,اختيارخ شپنا-9000-1400/02/27,3,120,462000000,3463,3850,3850,387,11.18,3850,387,11.18,3850,3850,1399-11-21
773,سرو2,صندوق س سروسودمند مدبران-سهام,3,1500000,1500000,66950,1,1,-66949,-100.0,1,-66949,-100.0,1,1,1399-11-21
774,ضفلا3003,اختيارخ فولاد-10000-1400/03/19,3,20,71000000,2571,3550,3550,979,38.08,3550,979,38.08,3550,3550,1399-11-21
775,شسم,توليد سموم‌ علف‌ كش,3,482,43353008,88181,89944,89944,1763,2.0,88188,7,0.01,89944,89944,1399-11-21
776,ضصاد3004,اختيارخ وبصادر-3500-1400/03/12,3,4,4468000,124,233,2000,1876,1512.9,1117,993,800.81,233,2000,1399-11-21
777,تملي805,تسهيلات مسكن ب. ملي-مرداد98,3,46,37943482,802188,802188,842297,40109,5.0,824858,22670,2.83,802188,842297,1399-11-21
778,فولاد2,فولاد مباركه اصفهان,3,27000000,321300000000,11340,11900,11900,560,4.94,11900,560,4.94,11900,11900,1399-11-21
779,اخزا718,اسنادخزانه-م18بودجه97-000525,3,7097,6458284460,908345,910000,910010,1665,0.18,910002,1657,0.18,910000,910010,1399-11-21
780,اخزا810,اسنادخزانه-م10بودجه98-001006,2,7279,6218931745,855891,852505,855000,-891,-0.1,854366,-1525,-0.18,852505,855000,1399-11-21
781,ضسان2008,اختيارخ پارسان-16750-00/02/15,2,3,13500000,700,4500,4500,3800,542.86,4500,3800,542.86,4500,4500,1399-11-21
782,سپر2,صندوق س سپر سرمايه بيدار- ثابت,2,1500000,1500000,11396,1,1,-11395,-99.99,1,-11395,-99.99,1,1,1399-11-21
783,ضگل3001,اختيارخ كگل-14000-1400/03/23,2,2,11710000,3800,6010,5700,1900,50.0,5855,2055,54.08,5700,6010,1399-11-21
784,عكاوه2,اوراق سلف شمش فولاد كاوه كيش,2,73,312205148,4274588,4207616,4291769,17181,0.4,4276783,2195,0.05,4207616,4291769,1399-11-21
785,هفارس912,اختيارف ت فارس-14576-99/12/13,2,180,941760,6037,5232,5232,-805,-13.33,5232,-805,-13.33,5232,5232,1399-11-21
786,وسلرستا,شركت س استان لرستان,2,20000,17200000,900,860,860,-40,-4.44,900,0,0.0,860,860,1399-11-21
787,ضملي3001,اختيارخ فملي-9000-1400/03/02,2,20,64000000,2400,3200,3200,800,33.33,3200,800,33.33,3200,3200,1399-11-21
788,ضصاد3001,اختيارخ وبصادر-2000-1400/03/12,2,7,6997000,826,999,1000,174,21.07,1000,174,21.07,999,1000,1399-11-21
789,ضپيك2010,اختيارخ تاپيكو-12000-00/02/19,2,2,4600000,2046,2300,2300,254,12.41,2300,254,12.41,2300,2300,1399-11-21
790,سپرمي,پرميت‌,2,2200,18880400,8498,8582,8582,84,0.99,8498,0,0.0,8582,8582,1399-11-21
791,ضفلا1158,اختيارخ فولاد-20000-1399/11/28,2,26,26000,8,1,1,-7,-87.5,1,-7,-87.5,1,1,1399-11-21
792,ضخود2011,اختيارخ خودرو-5000-1400/02/08,2,100,4500000,56,45,45,-11,-19.64,45,-11,-19.64,45,45,1399-11-21
793,تفيرو,مهندسي فيروزا,2,924,18001368,19100,19482,19482,382,2.0,19101,1,0.01,19482,19482,1399-11-21
794,ضملت1125,اختيارخ وبملت-4000-1399/11/28,2,110,17600000,153,170,60,-93,-60.78,160,7,4.58,60,170,1399-11-21
795,ضمخا7074,اختيارخ اخابر-36000-1400/07/28,2,2,3301000,3000,301,3000,0,0.0,1650,-1350,-45.0,301,3000,1399-11-21
796,اخزا716,اسنادخزانه-م16بودجه97-000407,2,27000,25246200000,932000,935000,935100,3100,0.33,935044,3044,0.33,935000,935100,1399-11-21
797,اراد544,مرابحه عام دولت5-ش.خ 0109,2,6000000,5708556000000,964500,951452,951400,-13100,-1.36,951426,-13074,-1.36,951400,951452,1399-11-21
798,اراد704,مرابحه عام دولت70-ش.خ0112,1,500000,471305000000,941720,942610,942610,890,0.09,942610,890,0.09,942610,942610,1399-11-21
799,وسمازن,س.سهام عدالت استان مازندران,1,5892,5479560,970,930,930,-40,-4.12,970,0,0.0,930,930,1399-11-21
800,زعف0008پ15,زعفران0008پوشالمعمول طلاسرخ(پ),1,38,3116000,80587,82000,82000,1413,1.75,82000,1413,1.75,82000,82000,1399-11-21
801,وملل2,اعتباري ملل,1,55000000,881650000000,15413,16030,16030,617,4.0,16030,617,4.0,16030,16030,1399-11-21
802,ضجار2001,اختيارخ وتجارت-2000-1400/02/22,1,10,11900000,1100,1190,1190,90,8.18,1190,90,8.18,1190,1190,1399-11-21
803,سميعا001,سلف موازي استاندارد سميعا001,1,9210,9992850000,1008159,1085000,1085000,76841,7.62,1085000,76841,7.62,1085000,1085000,1399-11-21
804,فبستم,صنايع ‌بسته‌بندي‌ مشهد,1,5000,4160000,793,832,832,39,4.92,793,0,0.0,832,832,1399-11-21
805,اراد364,مرابحه عام دولت3-ش.خ 0104,1,450000,428355000000,950400,951900,951900,1500,0.16,951900,1500,0.16,951900,951900,1399-11-21
806,اراد534,مرابحه عام دولت5-ش.خ 0207,1,2000000,1882000000000,958293,941000,941000,-17293,-1.8,941000,-17293,-1.8,941000,941000,1399-11-21
807,دروز4,داروسازي‌ روزدارو,1,3200000,90624000000,27720,28320,28320,600,2.16,28320,600,2.16,28320,28320,1399-11-21
808,پا ر 28,بار پايه روز 28,1,6000,2280000,380,380,380,0,0.0,380,0,0.0,380,380,1399-11-21
809,اراد22,مرابحه عام دولت2-ش.خ لوتوس0212,1,3000,2895000000,980000,965000,965000,-15000,-1.53,965000,-15000,-1.53,965000,965000,1399-11-21
810,شستا001,اجاره تامين اجتماعي-امين000523,1,7,7007049,1001007,1001007,1001007,0,0.0,1001007,0,0.0,1001007,1001007,1399-11-21
811,سنفت001,سلف موازي استاندارد سنفت001,1,8970,10001550000,1096332,1115000,1115000,18668,1.7,1115000,18668,1.7,1115000,1115000,1399-11-21
812,ضصاد3000,اختيارخ وبصادر-1800-1400/03/12,1,53,53000000,1050,1000,1000,-50,-4.76,1000,-50,-4.76,1000,1000,1399-11-21
813,پا ر 29,بار پايه روز 29,1,6000,2280000,380,380,380,0,0.0,380,0,0.0,380,380,1399-11-21
814,كچاد2,معدني‌وصنعتي‌چادرملو,1,19500000,398385000000,20130,20430,20430,300,1.49,20430,300,1.49,20430,20430,1399-11-21
815,تملي802,تسهيلات مسكن ب. ملي-ارديبهشت98,1,20,15962240,840117,798112,798112,-42005,-5.0,798112,-42005,-5.0,798112,798112,1399-11-21
816,ضغدر1121,اختيارخ وغدير-14000-1399/11/26,1,1,1000,6,1,1,-5,-83.33,1,-5,-83.33,1,1,1399-11-21
817,صخابر102,صكوك اجاره مخابرات-3 ماهه 16%,1,5000,4925000000,1000000,985000,985000,-15000,-1.5,985000,-15000,-1.5,985000,985000,1399-11-21
818,ضفار3002,اختيارخ فارس-10000-1400/03/05,1,10,7500000,1750,750,750,-1000,-57.14,750,-1000,-57.14,750,750,1399-11-21
819,اخزا720,اسنادخزانه-م20بودجه97-000324,1,1100,1035101100,946000,941001,941001,-4999,-0.53,941001,-4999,-0.53,941001,941001,1399-11-21
820,مشير9911,مشاركت شهرداري شيراز-3ماهه16%,1,6,5999400,990168,999900,999900,9732,0.98,999900,9732,0.98,999900,999900,1399-11-21
821,ضشنا2010,اختيارخ شپنا-8000-1400/02/27,1,30,144000000,4175,4800,4800,625,14.97,4800,625,14.97,4800,4800,1399-11-21
822,ضگل3000,اختيارخ كگل-12000-1400/03/23,1,10,75000000,1,7500,7500,7499,749900.0,7500,7499,749900.0,7500,7500,1399-11-21
823,ضچاد2001,اختيارخ كچاد-14000-1400/02/05,1,30,210000000,6000,7000,7000,1000,16.67,7000,1000,16.67,7000,7000,1399-11-21
824,اراد654,مرابحه عام دولتي65-ش.خ0210,1,3235000,2999200850000,927050,927110,927110,60,0.01,927110,60,0.01,927110,927110,1399-11-21
825,ضگل3002,اختيارخ كگل-16000-1400/03/23,1,1,4000000,3820,4000,4000,180,4.71,4000,180,4.71,4000,4000,1399-11-21
826,تملي806,تسهيلات مسكن ب. ملي-شهريور98,1,7,4863866,731408,694838,694838,-36570,-5.0,694838,-36570,-5.0,694838,694838,1399-11-21
827,بزاگرس2,نيروگاه زاگرس كوثر,1,25500000,168019500000,6656,6589,6589,-67,-1.01,6589,-67,-1.01,6589,6589,1399-11-21
828,ضمخا7072,اختيارخ اخابر-28000-1400/07/28,1,1,100000,1150,100,100,-1050,-91.3,100,-1050,-91.3,100,100,1399-11-21
829,اراد55,مرابحه عام دولت5-ش.خ 0209,1,6000,5571000000,960000,928500,928500,-31500,-3.28,928500,-31500,-3.28,928500,928500,1399-11-21
830,اشاد10,مشاركت دولتي10-شرايط خاص001226,1,100,96890000,968900,968900,968900,0,0.0,968900,0,0.0,968900,968900,1399-11-21
831,ياقوت2,صندوق س ياقوت آگاه-ثابت,1,28635265,28635265,11850,1,1,-11849,-99.99,1,-11849,-99.99,1,1,1399-11-21
832,ضملت3002,اختيارخ وبملت-4000-1400/03/19,1,5,3900000,500,780,780,280,56.0,780,280,56.0,780,780,1399-11-21
833,ضگل1150,اختيارخ كگل-12000-1399/11/21,1,1,6200000,3600,6200,6200,2600,72.22,6200,2600,72.22,6200,6200,1399-11-21
834,كگل2,معدني و صنعتي گل گهر,1,22000000,395120000000,17810,17960,17960,150,0.84,17960,150,0.84,17960,17960,1399-11-21
835,كوير2,توليدي فولاد سپيد فراب كوير,1,8038315,189221935100,24520,23540,23540,-980,-4.0,23540,-980,-4.0,23540,23540,1399-11-21
836,زكوثر2,سرمايه گذاري كشاورزي كوثر,1,5000000,105100000000,21120,21020,21020,-100,-0.47,21020,-100,-0.47,21020,21020,1399-11-21
837,ضچاد2004,اختيارخ كچاد-20000-1400/02/05,1,1,2989000,2333,2989,2989,656,28.12,2989,656,28.12,2989,2989,1399-11-21
838,شكبير2,پتروشيمي اميركبير,1,8000000,699848000000,87481,87481,87481,0,0.0,87481,0,0.0,87481,87481,1399-11-21
839,اخزا9082,اسنادخزانه-م8بودجه99-020606,1,226587,141730168500,621618,625500,625500,3882,0.62,625500,3882,0.62,625500,625500,1399-11-21
840,كرمان00,رهني كرمان موتور14001130,1,2500,2560767500,1024307,1024307,1024307,0,0.0,1024307,0,0.0,1024307,1024307,1399-11-21
841,اوان2,مبين وان كيش,1,6930000,346617810000,50498,50017,50017,-481,-0.95,50017,-481,-0.95,50017,50017,1399-11-21
842,تملي705,تسهيلات مسكن ب. ملي-مرداد97,1,37,19277666,548440,521018,521018,-27422,-5.0,521018,-27422,-5.0,521018,521018,1399-11-21
843,ضجار2003,اختيارخ وتجارت-3000-1400/02/22,1,8,3200000,465,400,400,-65,-13.98,400,-65,-13.98,400,400,1399-11-21
844,ضملت3004,اختيارخ وبملت-5000-1400/03/19,1,3,150000,999,50,50,-949,-94.99,50,-949,-94.99,50,50,1399-11-21
845,گندم2,مرابحه گندم2-واجدشرايط خاص1400,1,200,190000000,990000,950000,950000,-40000,-4.04,950000,-40000,-4.04,950000,950000,1399-11-21
846,اخزا9092,اسنادخزانه-م9بودجه99-020316,1,140000,90720000000,647367,648000,648000,633,0.1,648000,633,0.1,648000,648000,1399-11-21
847,ثعمرا2,عمران و توسعه شاهد,1,12000000,140736000000,12122,11728,11728,-394,-3.25,11728,-394,-3.25,11728,11728,1399-11-21
848,اطلس2,صندوق س.توسعه اندوخته آينده-س,1,10000,10000,200721,1,1,-200720,-100.0,1,-200720,-100.0,1,1,1399-11-21
849,ضفلا3000,اختيارخ فولاد-7000-1400/03/19,1,10,57500000,4880,5750,5750,870,17.83,5750,870,17.83,5750,5750,1399-11-21
850,ضملت3001,اختيارخ وبملت-3500-1400/03/19,1,10,7740000,950,774,774,-176,-18.53,774,-176,-18.53,774,774,1399-11-21
851,پا ر 30,بار پايه روز 30,1,6000,2280000,380,380,380,0,0.0,380,0,0.0,380,380,1399-11-21
852,پا ر 31,بار پايه روز 31,1,6000,2280000,380,380,380,0,0.0,380,0,0.0,380,380,1399-11-21
