,نماد,نام,تعداد,حجم,ارزش,دیروز,اولین,آخرین معامله - مقدار,آخرین معامله - تغییر,آخرین معامله - درصد,قیمت پایانی - مقدار,قیمت پایانی - تغییر,قیمت پایانی - درصد,کمترین,بیشترین,تاریخ
0,سپيدار,سپيدار سيستم آسيا,171481,28734862,2112312903178,69366,73527,73527,4161,6.0,73510,4144,5.97,71500,73527,1399-12-2
1,فملي,ملي‌ صنايع‌ مس‌ ايران‌,47110,376784283,4817138319510,12130,12850,12850,720,5.94,12780,650,5.36,12500,12850,1399-12-2
2,امين يكم,صندوق درآمد ثابت امين يكم فردا,23550,1037012528,10467999110576,10259,10102,10105,-154,-1.5,10094,-165,-1.61,10089,10109,1399-12-2
3,وپارس,بانك‌پارسيان‌,21209,704638085,2455184035960,3330,3520,3450,120,3.6,3480,150,4.5,3350,3520,1399-12-2
4,پالايش,صندوق پالايشي يکم-سهام,19468,18645194,1627076212110,90410,89350,86800,-3610,-3.99,87270,-3140,-3.47,86800,89400,1399-12-2
5,فولاد,فولاد مباركه اصفهان,18276,117439487,1420126805620,12200,12220,12180,-20,-0.16,12090,-110,-0.9,11960,12530,1399-12-2
6,وسپهر,سرمايه گذاري مالي سپهرصادرات,15339,40542041,409483937197,10100,10101,10101,1,0.01,10100,0,0.0,10100,10103,1399-12-2
7,شاروم,پتروشيمي اروميه,14198,13929814,291984726637,21028,20608,20710,-318,-1.51,20961,-67,-0.32,20608,21900,1399-12-2
8,ولپارس,ليزينگ پارسيان,13439,25899632,149406352820,5470,5790,5790,320,5.85,5770,300,5.48,5570,5790,1399-12-2
9,زملارد,كشاورزي و دامپروري ملارد شير,13073,5022677,199283322868,39677,39490,38930,-747,-1.88,39677,0,0.0,38884,41263,1399-12-2
10,ثاميد,توسعه و عمران اميد,12350,86161286,145333854230,1710,1700,1690,-20,-1.17,1690,-20,-1.17,1680,1710,1399-12-2
11,بوعلي,پتروشيمي بوعلي سينا,12134,6060742,254976945010,42900,42130,42050,-850,-1.98,42070,-830,-1.93,42050,42900,1399-12-2
12,بپيوند,برق و انرژي پيوندگستر پارس,11251,8311137,127550446986,15330,15053,15201,-129,-0.84,15347,17,0.11,15052,15800,1399-12-2
13,سيتا,سرمايه گذاري سيمان تامين,10415,24292911,364436861300,15040,15000,15000,-40,-0.27,15000,-40,-0.27,15000,15050,1399-12-2
14,دارا يكم,صندوق واسطه گري مالي يكم-سهام,10126,5801767,857042911670,153540,149500,147400,-6140,-4.0,147720,-5820,-3.79,147400,149500,1399-12-2
15,امين يكم2,صندوق درآمد ثابت امين يكم فردا,9500,950000000,950000000,10259,1,1,-10258,-99.99,1,-10258,-99.99,1,1,1399-12-2
16,آريا,پليمر آريا ساسول,9287,2868994,219084176335,76169,75010,75990,-179,-0.24,76363,194,0.25,75010,79000,1399-12-2
17,امين,تامين سرمايه امين,8874,8094035,84193718740,10400,10430,10400,0,0.0,10400,0,0.0,10400,10430,1399-12-2
18,رافزا,رايان هم افزا,8710,50861,2264738608,42008,44528,44528,2520,6.0,42116,108,0.26,44528,44528,1399-12-2
19,بگيلان,توسعه مسير برق گيلان,8171,2023320,42280914196,21104,20725,20830,-274,-1.3,20927,-177,-0.84,20690,21496,1399-12-2
20,آبادا,توليد نيروي برق آبادان,7850,3322199,48919385750,14770,14600,14610,-160,-1.08,14730,-40,-0.27,14520,15300,1399-12-2
21,شپنا,پالايش نفت اصفهان,7653,85979743,1103853421360,13050,13000,12790,-260,-1.99,12840,-210,-1.61,12790,13290,1399-12-2
22,كمند,صندوق س. با درآمد ثابت كمند,6934,345352136,3486691794315,10078,10093,10094,16,0.16,10096,18,0.18,10092,10101,1399-12-2
23,ديران,ايران‌دارو,6651,17974689,522053155150,28850,30000,28330,-520,-1.8,29040,190,0.66,28280,30200,1399-12-2
24,سبزوا,سيمان لار سبزوار,6604,69805706,277949898486,3852,4083,3930,78,2.02,3982,130,3.37,3872,4083,1399-12-2
25,شبندر,پالايش نفت بندرعباس,6499,45333209,1157163982770,25960,26020,25450,-510,-1.96,25530,-430,-1.66,25450,26400,1399-12-2
26,تليسه,دامداري تليسه نمونه,6102,64872023,301144341568,4637,4650,4595,-42,-0.91,4642,5,0.11,4545,4890,1399-12-2
27,سفار,سيمان‌فارس‌,6063,2316066,372499421600,157830,167290,155200,-2630,-1.67,160830,3000,1.9,154680,167290,1399-12-2
28,وكبهمن,مديريت سرمايه گذاري كوثربهمن,5874,3369147,43241786322,13088,12870,12827,-261,-1.99,12865,-223,-1.7,12827,12883,1399-12-2
29,كماسه,تامين‌ ماسه‌ ريخته‌گري‌,5234,6655364,307338268600,46220,45300,45600,-620,-1.34,46180,-40,-0.09,45300,48050,1399-12-2
30,شگويا,پتروشيمي تندگويان,5104,26154184,220567326299,8601,8435,8430,-171,-1.99,8433,-168,-1.95,8429,8599,1399-12-2
31,زماهان,مجتمع توليد گوشت مرغ ماهان,5075,25720610,510997572393,18790,19917,19917,1127,6.0,19867,1077,5.73,19073,19917,1399-12-2
32,سفارس,سيمان فارس و خوزستان,5039,25797596,505521527010,19500,19700,19980,480,2.46,19600,100,0.51,19110,20430,1399-12-2
33,شستا,سرمايه گذاري تامين اجتماعي,4809,32370901,699575454320,22050,21610,21610,-440,-2.0,21610,-440,-2.0,21610,21700,1399-12-2
34,دماوند,توليد نيروي برق دماوند,4794,7074247,359089653383,49754,52283,50600,846,1.7,50760,1006,2.02,49754,52283,1399-12-2
35,وصنعت,سرمايه گذاري توسعه صنعت وتجارت,4660,34139640,257592966800,7470,7330,7640,170,2.28,7550,80,1.07,7330,7800,1399-12-2
36,آوا,صندوق س.سهام آواي معيار-س,4585,40488101,292255764852,7466,7490,7168,-298,-3.99,7218,-248,-3.32,7168,7490,1399-12-2
37,ساروم,سيمان‌اروميه‌,4439,8542845,360476065100,40290,42700,42700,2410,5.98,42200,1910,4.74,40890,42700,1399-12-2
38,خكمك,كمك‌فنرايندامين‌,4428,14071035,409491672340,27830,28480,28410,580,2.08,29100,1270,4.56,27280,29490,1399-12-2
39,ثشرق,سرمايه گذاري مسكن شمال شرق,4419,49399867,317152015650,6280,6600,6340,60,0.96,6420,140,2.23,6160,6650,1399-12-2
40,زكوثر,سرمايه گذاري كشاورزي كوثر,4379,9100745,207572228420,22640,22250,22750,110,0.49,22810,170,0.75,22190,23550,1399-12-2
41,درهآور,دارويي ره آورد تامين,4210,5846099,327442724491,55815,54699,54699,-1116,-2.0,56010,195,0.35,54699,58962,1399-12-2
42,ثالوند,سرمايه گذاري مسكن الوند,4070,9341774,330439636332,34193,36000,34380,187,0.55,35372,1179,3.45,33801,36244,1399-12-2
43,غپينو,پارس‌ مينو,3964,24456789,165262135810,6750,6840,6620,-130,-1.93,6760,10,0.15,6620,7000,1399-12-2
44,ثتوسا,س.توسعه و عمران استان اردبيل,3827,4216513,194312774119,45633,47001,44721,-912,-2.0,46084,451,0.99,44721,47001,1399-12-2
45,وملي,گروه‌ صنعتي‌ ملي‌ (هلدينگ‌,3737,1061647,184962168240,171660,168260,173550,1890,1.1,174220,2560,1.49,168230,179350,1399-12-2
46,بالبر,كابل‌ البرز,3725,6482192,325435639980,47910,49000,50780,2870,5.99,50200,2290,4.78,47500,50780,1399-12-2
47,وايران,ليزينگ ايرانيان,3610,22315080,283424979590,12050,12490,12770,720,5.98,12700,650,5.39,12120,12770,1399-12-2
48,فاذر,صنايع‌ آذرآب‌,3601,8288800,215459148620,25880,25370,25900,20,0.08,25990,110,0.43,25370,27420,1399-12-2
49,غاذر,كشت‌وصنعت‌پياذر,3475,5024162,282308235580,54410,53330,57670,3260,5.99,56190,1780,3.27,53330,57670,1399-12-2
50,بالاس,مهندسي ساختمان تاسيسات راه آهن,3342,2756202,169450575276,61862,61310,61190,-672,-1.09,61480,-382,-0.62,60625,63999,1399-12-2
51,وثخوز,سرمايه گذاري و توسعه خوزستان,3332,4439590,408340327582,92938,97584,89894,-3044,-3.28,91977,-961,-1.03,88292,97584,1399-12-2
52,نطرين,عطرين نخ قم,3314,13192901,165624260388,12575,12801,12324,-251,-2.0,12554,-21,-0.17,12324,13192,1399-12-2
53,ونيرو,سرمايه‌گذاري‌نيرو,3237,59539249,168620167660,2820,2880,2830,10,0.35,2830,10,0.35,2770,2910,1399-12-2
54,حتايد,تايدواترخاورميانه,3216,11683887,295938988780,24250,24600,25550,1300,5.36,25330,1080,4.45,24500,25700,1399-12-2
55,پترول,گروه پتروشيمي س. ايرانيان,3205,22648556,221863859050,9980,9790,9900,-80,-0.8,9800,-180,-1.8,9790,10000,1399-12-2
56,سفانو,سيمان فارس نو,3197,4966783,220621494630,43190,43970,44930,1740,4.03,44420,1230,2.85,43050,45680,1399-12-2
57,بزاگرس,نيروگاه زاگرس كوثر,3185,27078127,197445730980,6886,7299,7299,413,6.0,7292,406,5.9,7100,7299,1399-12-2
58,پارسيان,بيمه پارسيان,3181,29450394,367176898160,11820,12520,12180,360,3.05,12470,650,5.5,11920,12520,1399-12-2
59,فرآور,فرآوري‌موادمعدني‌ايران‌,3140,5332675,206919278820,38100,38100,38020,-80,-0.21,38800,700,1.84,37340,40290,1399-12-2
60,ونوين,بانك‌اقتصادنوين‌,3125,68466893,272618159500,3970,3920,4050,80,2.02,3980,10,0.25,3900,4100,1399-12-2
61,غگيلا,شيرپاستوريزه پگاه گيلان,3098,44667,1053471195,22250,23585,23585,1335,6.0,22277,27,0.12,23585,23585,1399-12-2
62,دشيمي,شيمي‌ داروئي‌ داروپخش‌,3046,6362457,190748056440,30150,29550,30720,570,1.89,29980,-170,-0.56,29550,30980,1399-12-2
63,ومعادن,توسعه‌معادن‌وفلزات‌,3034,22702668,264493351780,11740,11660,11820,80,0.68,11650,-90,-0.77,11510,12000,1399-12-2
64,فباهنر,مس‌ شهيدباهنر,2976,3431452,184875908670,51740,53500,53690,1950,3.77,53880,2140,4.14,52550,54840,1399-12-2
65,وساخت,سرمايه‌ گذاري‌ ساختمان‌ايران‌,2907,6922530,344460491670,47430,47930,50270,2840,5.99,49760,2330,4.91,46800,50270,1399-12-2
66,سغرب,سيمان‌غرب‌,2906,5817720,190141131180,31260,33130,32000,740,2.37,32680,1420,4.54,31500,33130,1399-12-2
67,فخوز,فولاد  خوزستان,2879,27236727,353706128050,13230,12970,12970,-260,-1.97,12990,-240,-1.81,12970,13550,1399-12-2
68,اعتماد,صندوق س.اعتماد آفرين پارسيان-د,2876,94893280,3317743236130,34913,34958,34964,51,0.15,34963,50,0.14,34957,34998,1399-12-2
69,چكاوه,صنايع‌كاغذسازي‌كاوه‌,2827,13450110,214602173540,15340,15100,16260,920,6.0,15960,620,4.04,15100,16260,1399-12-2
70,ستران,سيمان‌ تهران‌,2743,5107309,145783732370,28370,28950,28390,20,0.07,28540,170,0.6,27810,29500,1399-12-2
71,رانفور,خدمات‌انفورماتيك‌,2724,6624699,169832156780,25350,24890,25990,640,2.52,25640,290,1.14,24890,26360,1399-12-2
72,زنگان,صنعت روي زنگان,2675,1370419,150240245420,110446,109500,108238,-2208,-2.0,109631,-815,-0.74,108238,115000,1399-12-2
73,داوه,داروسازي آوه سينا,2669,6480224,132848131922,20141,20150,20530,389,1.93,20501,360,1.79,19739,21220,1399-12-2
74,وسين,بيمه سينا,2611,22360049,484172210611,20801,21437,21841,1040,5.0,21653,852,4.1,21425,21841,1399-12-2
75,اميد,تامين سرمايه اميد,2555,25095496,194754615880,7600,7450,8050,450,5.92,7760,160,2.11,7450,8050,1399-12-2
76,غپاك,لبنيات‌ پاك‌,2477,11638057,212898809030,18380,18190,18410,30,0.16,18290,-90,-0.49,18020,18900,1399-12-2
77,بكام,كارخانجات توليدي شهيد قندي,2473,26962146,90599549280,3330,3450,3350,20,0.6,3360,30,0.9,3330,3450,1399-12-2
78,خريخت,صنايع‌ريخته‌گري‌ايران‌,2466,25375801,97765633030,3760,3900,3770,10,0.27,3850,90,2.39,3750,3970,1399-12-2
79,زگلدشت,كشت و دام گلدشت نمونه اصفهان,2461,3314870,153712680929,46939,46010,46001,-938,-2.0,46371,-568,-1.21,46001,48000,1399-12-2
80,خكرمان,گروه اقتصادي كرمان خودرو,2458,25855363,102439370801,3990,4000,3999,9,0.23,3962,-28,-0.7,3911,4070,1399-12-2
81,غگل,گلوكوزان‌,2456,28440090,105976490150,3790,3770,3720,-70,-1.85,3730,-60,-1.58,3720,3780,1399-12-2
82,سنير,سيمان‌ سفيد ني‌ريز,2410,990060,256232382190,262360,257520,257120,-5240,-2.0,258800,-3560,-1.36,257120,267000,1399-12-2
83,ددام,داروسازي زاگرس فارمد پارس,2382,8331656,196498057160,23720,23720,23250,-470,-1.98,23580,-140,-0.59,23250,25000,1399-12-2
84,وتوس,توسعه‌شهري‌توس‌گستر,2356,6597296,105484237880,16090,15860,15780,-310,-1.93,15990,-100,-0.62,15770,16750,1399-12-2
85,سهگمت,سيمان‌هگمتان‌,2298,5820265,158438680010,25820,27360,27360,1540,5.96,27220,1400,5.42,26000,27360,1399-12-2
86,فجر,فولاد اميركبيركاشان,2289,6123197,379864974270,63080,61820,62300,-780,-1.24,62040,-1040,-1.65,61820,63500,1399-12-2
87,لسرما,سرما آفرين‌,2281,5719551,164884417020,28190,27800,28430,240,0.85,28830,640,2.27,27630,29860,1399-12-2
88,البرز,بيمه البرز,2251,28137442,107506691730,3830,4000,3800,-30,-0.78,3820,-10,-0.26,3760,4000,1399-12-2
89,سرو,صندوق س سروسودمند مدبران-سهام,2199,2522991,166454855160,67180,66900,65900,-1280,-1.91,65980,-1200,-1.79,65500,66990,1399-12-2
90,مداران,داده‌پردازي‌ايران‌,2177,6277114,168030238040,26120,27590,26800,680,2.6,26770,650,2.49,25700,27590,1399-12-2
91,بموتو,موتوژن‌,2143,1967630,116286096800,58610,57690,59400,790,1.35,59100,490,0.84,57440,61430,1399-12-2
92,ودي,بيمه  دي,2128,6305952,152148723949,23728,23350,23930,202,0.85,24128,400,1.69,23350,24797,1399-12-2
93,سامان,بانك سامان,2128,19908192,180959009805,8995,9139,9264,269,2.99,9090,95,1.06,8910,9264,1399-12-2
94,غشان,شيرپاستوريزه‌پگاه‌خراسان‌,2128,23916775,191384446470,7850,8250,7700,-150,-1.91,8000,150,1.91,7700,8320,1399-12-2
95,سبجنو,سيمان‌ بجنورد,2100,4093681,254677301400,61340,65020,60120,-1220,-1.99,62210,870,1.42,60120,65020,1399-12-2
96,غپآذر,شير پگاه آذربايجان شرقي,2069,2242434,151784575642,67823,70120,68400,577,0.85,67687,-136,-0.2,66467,70700,1399-12-2
97,وتجارت,بانك تجارت,2046,103414979,289561941200,2850,2800,2800,-50,-1.75,2800,-50,-1.75,2800,2800,1399-12-2
98,چكاوهح,ح . صنايع‌كاغذسازي‌كاوه‌,2044,12266468,132796173630,10970,10540,10600,-370,-3.37,10830,-140,-1.28,10540,11350,1399-12-2
99,قرن,پديده شيمي قرن,2039,1468262,95955043240,64430,67150,63810,-620,-0.96,65350,920,1.43,63200,67990,1399-12-2
100,دكوثر,داروسازي‌ كوثر,1989,3819629,80529679480,20280,21350,20950,670,3.3,21080,800,3.94,20310,21430,1399-12-2
101,شپارس,بين‌ المللي‌ محصولات‌  پارس‌,1969,6447977,129814235620,19640,20770,20810,1170,5.96,20130,490,2.49,19250,20810,1399-12-2
102,شتران,پالايش نفت تهران,1961,18718221,173255925570,9430,9260,9250,-180,-1.91,9260,-170,-1.8,9250,9440,1399-12-2
103,پلاسك,پلاسكوكار,1944,10389967,86138731760,7990,8180,8460,470,5.88,8290,300,3.75,8100,8460,1399-12-2
104,ختراك,ريخته‌گري‌ تراكتورسازي‌ ايران‌,1928,7293346,124673566610,17300,16980,17340,40,0.23,17090,-210,-1.21,16960,17800,1399-12-2
105,هجرت,پخش هجرت,1923,4252449,123070810758,27408,29052,29052,1644,6.0,28941,1533,5.59,28120,29052,1399-12-2
106,كترام,توليدي‌ كاشي‌ تكسرام‌,1876,4546441,222896632480,49540,50400,49540,0,0.0,49030,-510,-1.03,48550,50400,1399-12-2
107,وهنر,گروه توسعه هنر ايران,1872,20019095,197828696790,9595,9882,9882,287,2.99,9882,287,2.99,9882,9882,1399-12-2
108,نوين,بيمه نوين,1857,25334133,166445856420,6692,6690,6559,-133,-1.99,6570,-122,-1.82,6559,6780,1399-12-2
109,قچار,فراوردههاي غذايي وقند چهارمحال,1833,1480534,139417602143,89322,92009,94681,5359,6.0,94167,4845,5.42,92009,94681,1399-12-2
110,غچين,كشت‌ و صنعت‌ چين‌ چين,1826,4167880,86288511790,20780,21400,20370,-410,-1.97,20700,-80,-0.38,20370,21400,1399-12-2
111,سپ,پرداخت الكترونيك سامان كيش,1823,4958824,88048851550,17100,18120,17480,380,2.22,17760,660,3.86,17150,18120,1399-12-2
112,لابسا,آبسال‌,1800,2543247,124662913080,48650,47680,50300,1650,3.39,49020,370,0.76,47680,51100,1399-12-2
113,وغدير,سرمايه‌گذاري‌غدير(هلدينگ‌,1787,16529421,195933569530,12090,11850,11850,-240,-1.99,11850,-240,-1.99,11850,12100,1399-12-2
114,نوري,پتروشيمي نوري,1763,2191298,114801359870,53430,52420,52370,-1060,-1.98,52390,-1040,-1.95,52370,53690,1399-12-2
115,زشگزا,شير و گوشت زاگرس شهركرد,1745,8026839,69955313733,8833,8960,8657,-176,-1.99,8715,-118,-1.34,8657,9000,1399-12-2
116,سدور,سيمان‌ دورود,1718,8725768,178894501950,20790,20380,20380,-410,-1.97,20500,-290,-1.39,20380,21020,1399-12-2
117,ولبهمن,شركت بهمن ليزينگ,1718,9844506,86367614743,8519,8531,8650,131,1.54,8773,254,2.98,8531,8940,1399-12-2
118,كگل,معدني و صنعتي گل گهر,1704,7197033,130510593130,18050,18450,18350,300,1.66,18130,80,0.44,17690,18600,1399-12-2
119,لبوتان,گروه‌صنعتي‌بوتان‌,1682,1239256,84110614770,67050,70900,66200,-850,-1.27,67870,820,1.22,65710,70900,1399-12-2
120,كرازي,كارخانجات‌توليدي‌شيشه‌رازي‌,1682,6331392,157309381300,25290,24790,24790,-500,-1.98,24850,-440,-1.74,24790,25380,1399-12-2
121,واعتبار,سرمايه گذاري اعتبار ايران,1664,11516083,110798185630,9530,10100,9340,-190,-1.99,9620,90,0.94,9340,10100,1399-12-2
122,فارس,صنايع پتروشيمي خليج فارس,1629,16927865,154568898530,9310,9140,9130,-180,-1.93,9130,-180,-1.93,9130,9290,1399-12-2
123,كاوه,فولاد كاوه جنوب كيش,1616,10390154,187767374640,18260,19000,18180,-80,-0.44,18070,-190,-1.04,17900,19000,1399-12-2
124,وآرين,شركت توسعه اقتصادي آرين,1594,15188809,67212496829,4361,4491,4340,-21,-0.48,4425,64,1.47,4300,4491,1399-12-2
125,سنوين,سرمايه گذاري اقتصاد نوين,1588,9887296,113963837535,11420,11762,11192,-228,-2.0,11526,106,0.93,11192,11762,1399-12-2
126,كساوه,صنايع‌ كاشي‌ و سراميك‌ سينا,1587,1559282,107150802860,66540,69500,70460,3920,5.89,68720,2180,3.28,67420,70490,1399-12-2
127,آگاس,صندوق س.هستي بخش آگاه-س,1586,2364121,153783665262,65621,65500,64905,-716,-1.09,65049,-572,-0.87,64010,65900,1399-12-2
128,كفرآور,فرآورده هاي سيمان شرق,1574,5255458,147827200750,27937,27400,27379,-558,-2.0,28128,191,0.68,27379,28775,1399-12-2
129,شيران,س. صنايع‌شيميايي‌ايران,1558,5940410,170039257970,29120,29020,28540,-580,-1.99,28620,-500,-1.72,28540,30000,1399-12-2
130,سشمال,سيمان‌ شمال‌,1557,5260635,60986199900,11680,11950,11450,-230,-1.97,11590,-90,-0.77,11450,11950,1399-12-2
131,سباقر,سيمان باقران,1552,5462743,107291406934,19281,19859,19340,59,0.31,19641,360,1.87,19000,19859,1399-12-2
132,تاپيكو,س. نفت و گاز و پتروشيمي تأمين,1542,18500691,222273129330,12250,12030,12010,-240,-1.96,12010,-240,-1.96,12010,12200,1399-12-2
133,وكارح,ح . بانك‌ كارآفرين‌,1540,57477340,69924379560,1260,1250,1210,-50,-3.97,1220,-40,-3.17,1210,1260,1399-12-2
134,كچاد,معدني‌وصنعتي‌چادرملو,1521,4340645,85811172210,19730,20110,19860,130,0.66,19760,30,0.15,19350,20450,1399-12-2
135,افرا,افرانت,1498,3499657,124751245590,35390,37513,34683,-707,-2.0,35647,257,0.73,34683,37513,1399-12-2
136,خمهر,مهركام‌پارس‌,1475,49583404,125980702360,2410,2410,2550,140,5.81,2540,130,5.39,2410,2550,1399-12-2
137,كسعدي,كاشي‌ سعدي‌,1452,4050518,75563969320,18920,18640,18550,-370,-1.96,18660,-260,-1.37,18550,19370,1399-12-2
138,سحرخيز,صندوق س. گروه زعفران سحرخيز,1431,4372895,41817682693,9797,9865,9499,-298,-3.04,9563,-234,-2.39,9400,9865,1399-12-2
139,كگاز,شيشه‌ و گاز,1421,3184578,61387140330,18740,19490,19140,400,2.13,19280,540,2.88,18700,19700,1399-12-2
140,شصدف,صنعتي دوده فام,1421,72123,2155323732,28193,29884,29884,1691,6.0,28262,69,0.24,29884,29884,1399-12-2
141,سمگا,گروه سرمايه گذاري ميراث فرهنگي,1419,9138329,260432490689,29049,28469,28469,-580,-2.0,28499,-550,-1.89,28469,29054,1399-12-2
142,صبا,سرمايه گذاري صبا تامين,1398,10522772,78255002697,7585,7450,7434,-151,-1.99,7486,-99,-1.31,7434,7530,1399-12-2
143,حبندر,دريايي و کشتيراني خط دريابندر,1374,2621135,93928478670,34918,35700,35965,1047,3.0,35835,917,2.63,35001,35965,1399-12-2
144,شپترو,پتروشيمي آبادان,1360,14924056,61977341060,4213,4222,4159,-54,-1.28,4153,-60,-1.42,4129,4305,1399-12-2
145,فاسمين,كالسيمين‌,1359,11213359,189828662060,17250,17000,16910,-340,-1.97,16930,-320,-1.86,16910,17390,1399-12-2
146,همراه,شركت ارتباطات سيار ايران,1349,2766172,73946346470,26480,26000,27140,660,2.49,26660,180,0.68,26000,27200,1399-12-2
147,لخزر,پارس‌ خزر,1348,731337,143388589400,199100,195120,195120,-3980,-2.0,196060,-3040,-1.53,195120,206990,1399-12-2
148,غسالم,سالمين‌,1345,12102748,52347407020,4400,4330,4320,-80,-1.82,4330,-70,-1.59,4320,4500,1399-12-2
149,ساربيل,سيمان آرتا اردبيل,1341,2203067,117223030850,53040,53990,52920,-120,-0.23,53210,170,0.32,52920,54900,1399-12-2
150,حپترو,حمل و نقل پتروشيمي( سهامي عام,1326,3478880,193179000580,56200,55080,55080,-1120,-1.99,55530,-670,-1.19,55080,57500,1399-12-2
151,وبصادر,بانك صادرات ايران,1303,40191756,102890895360,2610,2560,2560,-50,-1.92,2570,-40,-1.53,2560,2560,1399-12-2
152,ومهان,گروه توسعه مالي مهر آيندگان,1290,8996022,116185140094,13166,13050,12903,-263,-2.0,12915,-251,-1.91,12903,13400,1399-12-2
153,فسازان,غلتك سازان سپاهان,1269,3071971,106918611040,35100,34700,34800,-300,-0.85,34800,-300,-0.85,34400,36410,1399-12-2
154,ثشاهد,سرمايه‌ گذاري‌ شاهد,1261,5927358,120869627700,20800,20460,20390,-410,-1.97,20390,-410,-1.97,20390,20460,1399-12-2
155,تسه9910,امتياز تسهيلات مسكن دي99,1260,29040,18129784397,623528,631100,616004,-7524,-1.21,624304,776,0.12,601000,648808,1399-12-2
156,وبملت,بانك ملت,1250,31078809,121854049660,4000,3920,3920,-80,-2.0,3920,-80,-2.0,3920,3970,1399-12-2
157,دتوليد,داروسازي توليد دارو,1247,2012485,57364445235,28772,29000,28200,-572,-1.99,28504,-268,-0.93,28197,29490,1399-12-2
158,معيار,سرمايه گذاري معيار صنعت پارس,1238,1927421,81436858886,41741,42993,42993,1252,3.0,42252,511,1.22,40907,42993,1399-12-2
159,كسرا,سراميك‌هاي‌صنعتي‌اردكان‌,1218,5072981,118333727860,23540,24100,23070,-470,-2.0,23330,-210,-0.89,23070,24240,1399-12-2
160,فسرب,ملي‌ سرب‌وروي‌ ايران‌,1201,606814,52944424950,88550,88750,86780,-1770,-2.0,87250,-1300,-1.47,86780,90000,1399-12-2
161,كيميا,معدني كيمياي زنجان گستران,1193,4331695,87914348668,19213,20300,20365,1152,6.0,20296,1083,5.64,19250,20365,1399-12-2
162,چكارن,كارتن‌ ايران‌,1186,23279318,89101912760,3890,3830,3820,-70,-1.8,3830,-60,-1.54,3820,3940,1399-12-2
163,خودرو,ايران‌ خودرو,1166,21541962,58378717020,2760,2710,2710,-50,-1.81,2740,-20,-0.72,2710,2710,1399-12-2
164,ثعمرا,عمران و توسعه شاهد,1159,5304166,70111619681,13316,13791,13050,-266,-2.0,13218,-98,-0.74,13050,13900,1399-12-2
165,سمازن,سيمان‌مازندران‌,1126,5959365,69938821000,11830,12270,11600,-230,-1.94,11740,-90,-0.76,11600,12270,1399-12-2
166,پيزد,مجتمع صنايع لاستيك يزد,1108,398553,28572372195,73151,71700,71688,-1463,-2.0,72299,-852,-1.16,71688,71800,1399-12-2
167,كيان,صندوق س. با درآمد ثابت كيان,1108,10083336,274721839188,27212,27241,27241,29,0.11,27245,33,0.12,27241,27251,1399-12-2
168,سشرق,سيمان‌ شرق‌,1101,7642021,54803883400,7300,7200,7160,-140,-1.92,7170,-130,-1.78,7160,7350,1399-12-2
169,بميلا,توسعه بازرگاني آهن وفولادميلاد,1095,3330557,64034740985,20117,20600,19112,-1005,-5.0,19226,-891,-4.43,19112,20600,1399-12-2
170,وثنو,سرمايه گذاري ساختماني نوين,1081,2311826,40830042042,17866,17111,17200,-666,-3.73,17661,-205,-1.15,17111,18460,1399-12-2
171,سرچشمه,سرمايه گذاري مس سرچشمه,1062,6346637,44006187014,7013,7000,6948,-65,-0.93,6942,-71,-1.01,6873,7240,1399-12-2
172,خساپا,سايپا,1056,31519033,77221630850,2490,2450,2450,-40,-1.61,2460,-30,-1.2,2450,2450,1399-12-2
173,تسه9908,امتياز تسهيلات مسكن آبان99,1056,25389,15560460502,619612,610000,600000,-19612,-3.17,612882,-6730,-1.09,588632,639999,1399-12-2
174,كرمان,س. توسعه و عمران استان كرمان,1050,1930985,95883485555,50668,49655,49655,-1013,-2.0,49655,-1013,-2.0,49655,49665,1399-12-2
175,ثاخت,بين‌المللي‌توسعه‌ساختمان,1036,18658269,54881093290,3000,2940,2940,-60,-2.0,2940,-60,-2.0,2940,2980,1399-12-2
176,زدشت,كشت و صنعت دشت خرم دره,1036,2857702,90556797376,32305,31659,31659,-646,-2.0,31689,-616,-1.91,31659,32309,1399-12-2
177,مرقام,ايران‌ارقام‌,1030,3987231,70056763430,17870,17520,17520,-350,-1.96,17570,-300,-1.68,17520,18100,1399-12-2
178,آ س پ,آ.س.پ,1027,6633897,114175910183,17548,17250,17198,-350,-1.99,17211,-337,-1.92,17198,17500,1399-12-2
179,مدير,ص.س.مديريت ثروت ص.بازنشستگي-س,1026,6229743,56548336489,9253,9202,9090,-163,-1.76,9077,-176,-1.9,8915,9340,1399-12-2
180,ونفت,سرمايه‌گذاري‌ صنعت‌ نفت‌,1017,6921096,123058031050,18120,17880,17760,-360,-1.99,17780,-340,-1.88,17760,18260,1399-12-2
181,پاكشو,گروه صنعتي پاكشو,1009,769491,60889793850,80310,79500,79990,-320,-0.4,79580,-730,-0.91,78710,80200,1399-12-2
182,كمينا,شيشه سازي مينا,1008,2359932,66781611569,29321,27855,27879,-1442,-4.92,28298,-1023,-3.49,27855,29790,1399-12-2
183,تسه9909,امتياز تسهيلات مسكن آذر99,979,24539,15184159133,617913,596000,590000,-27913,-4.52,618777,864,0.14,587018,647011,1399-12-2
184,ذوب,سهامي ذوب آهن  اصفهان,971,12526784,52474698176,4274,4189,4189,-85,-1.99,4231,-43,-1.01,4189,4189,1399-12-2
185,افق,فروشگاههاي زنجيره اي افق كوروش,961,719715,56567947220,78280,79370,78410,130,0.17,78470,190,0.24,77010,79600,1399-12-2
186,زپارس,ملي كشت و صنعت و دامپروري پارس,960,461680,84635489970,180040,183490,179580,-460,-0.26,183320,3280,1.82,178000,190400,1399-12-2
187,بجهرم,توسعه مولد نيروگاهي جهرم,956,13404941,40288703435,3064,3003,3003,-61,-1.99,3016,-48,-1.57,3003,3060,1399-12-2
188,وتوسم,سرمايه‌گذاري‌توسعه‌ملي‌,952,4391215,56470059900,13060,13300,12810,-250,-1.91,12860,-200,-1.53,12800,13300,1399-12-2
189,كهمدا,شيشه‌ همدان‌,949,3030469,31289481480,10400,10210,10300,-100,-0.96,10350,-50,-0.48,10210,10650,1399-12-2
190,ارزش,صندوق س ارزش آفرين بيدار-سهام,942,6959745,67719206940,10050,9940,9690,-360,-3.58,9730,-320,-3.18,9670,9990,1399-12-2
191,ثباغ,شهر سازي و خانه سازي باغميشه,938,2819801,45623453181,16287,16000,15990,-297,-1.82,16188,-99,-0.61,15962,16790,1399-12-2
192,واحيا,م .صنايع و معادن احياء سپاهان,934,2201691,327419698075,149881,149900,146884,-2997,-2.0,148713,-1168,-0.78,146884,151000,1399-12-2
193,خاهن,آهنگري‌ تراكتورسازي‌ ايران‌,927,2439406,92765299250,38010,38000,38000,-10,-0.03,38030,20,0.05,38000,38410,1399-12-2
194,وملل,اعتباري ملل,925,8097792,121318282478,15265,15001,14960,-305,-2.0,14982,-283,-1.85,14960,15400,1399-12-2
195,فنرژي,گسترش صنايع انرژي آذرآب,924,3205600,61847624363,18943,19321,19321,378,2.0,19294,351,1.85,18700,19321,1399-12-2
196,فروس,فروسيليس‌ ايران‌,908,11579798,57107012550,5030,4930,4940,-90,-1.79,4930,-100,-1.99,4930,5000,1399-12-2
197,واميد,گروه مديريت سرمايه گذاري اميد,899,1726126,64624786750,37450,37620,37830,380,1.01,37440,-10,-0.03,36710,38280,1399-12-2
198,طلا,صندوق س.پشتوانه طلاي لوتوس,899,1239623,102893053367,86204,81090,82984,-3220,-3.74,83004,-3200,-3.71,81090,83970,1399-12-2
199,وجامي,سرمايه گذاري جامي,897,3598631,58192940211,16288,15963,15963,-325,-2.0,16171,-117,-0.72,15963,16640,1399-12-2
200,زاگرس,پتروشيمي زاگرس,896,544248,102571895857,189997,190997,189500,-497,-0.26,188465,-1532,-0.81,188000,193390,1399-12-2
201,شكربن,كربن‌ ايران‌,888,969069,94707498410,99330,98910,97350,-1980,-1.99,97730,-1600,-1.61,97350,102880,1399-12-2
202,سپاها,سيمان‌سپاهان‌,882,5645296,51843967470,9340,9210,9160,-180,-1.93,9180,-160,-1.71,9160,9400,1399-12-2
203,هرمز,فولاد هرمزگان جنوب,873,8758365,114355399065,13301,13036,13286,-15,-0.11,13064,-237,-1.78,13035,13400,1399-12-2
204,وخارزم,سرمايه گذاري خوارزمي,866,6684924,58595300040,8930,8760,8760,-170,-1.9,8770,-160,-1.79,8760,8960,1399-12-2
205,بترانس,ايران‌ ترانسفو,865,13344848,39380634060,3010,2950,2950,-60,-1.99,2960,-50,-1.66,2950,2990,1399-12-2
206,شفن,پتروشيمي فناوران,855,286458,81262443310,288740,292940,287760,-980,-0.34,284550,-4190,-1.45,282970,292940,1399-12-2
207,پارسان,گسترش نفت و گاز پارسيان,855,4488153,85371477320,19380,19580,19020,-360,-1.86,19120,-260,-1.34,19000,19580,1399-12-2
208,حفاري,حفاري شمال,853,8044595,96863596510,12280,12040,12040,-240,-1.95,12040,-240,-1.95,12040,12070,1399-12-2
209,شپديس,پتروشيمي پرديس,853,1082365,100305051000,94320,92660,92470,-1850,-1.96,92670,-1650,-1.75,92440,95960,1399-12-2
210,غزر,صنعتي زر ماكارون,852,327387,8816531910,27470,26930,26930,-540,-1.97,27370,-100,-0.36,26930,26930,1399-12-2
211,سقاين,سيمان‌ قائن‌,851,930692,74262078890,81390,79810,79770,-1620,-1.99,79790,-1600,-1.97,79770,81980,1399-12-2
212,شبريز,پالايش نفت تبريز,846,4852621,139231384430,29110,29480,28530,-580,-1.99,28690,-420,-1.44,28530,29500,1399-12-2
213,كفرا,فراورده‌ هاي‌ نسوزايران‌,841,1086951,51201603210,45860,44950,48610,2750,6.0,47100,1240,2.7,44950,48610,1399-12-2
214,پارند,صندوق س. پارند پايدار سپهر,834,29166861,329299772890,11266,11289,11291,25,0.22,11290,24,0.21,11288,11295,1399-12-2
215,غگلپا,شير پاستوريزه پگاه گلپايگان,831,779815,56198548524,73139,71678,71677,-1462,-2.0,72067,-1072,-1.47,71677,74500,1399-12-2
216,وشهر,بانك شهر,830,17313830,95027966303,5283,5494,5494,211,3.99,5489,206,3.9,5350,5494,1399-12-2
217,سايرا,ايرانيت‌,828,1370699,65235853822,47113,48055,46200,-913,-1.94,47593,480,1.02,46171,48055,1399-12-2
218,تاصيكو,سرمايه گذاري صدرتامين,826,14636677,147861596700,10260,10100,10060,-200,-1.95,10100,-160,-1.56,10060,10420,1399-12-2
219,ارفع,شركت آهن و فولاد ارفع,807,4964656,64475415299,13198,13003,13000,-198,-1.5,12987,-211,-1.6,12935,13450,1399-12-2
220,سصوفي,سيمان‌ صوفيان‌,797,3357392,57427217560,17270,17500,16930,-340,-1.97,17100,-170,-0.98,16930,17510,1399-12-2
221,كروي,توسعه‌ معادن‌ روي‌ ايران‌,796,2852489,81091197020,28970,28460,28400,-570,-1.97,28430,-540,-1.86,28400,29450,1399-12-2
222,مبين,مبين انرژي خليج فارس,796,3376850,50221085010,15040,15100,14740,-300,-1.99,14970,-70,-0.47,14740,15100,1399-12-2
223,ثبهساز,بهساز كاشانه تهران,793,12401724,30012172080,2460,2420,2420,-40,-1.63,2440,-20,-0.81,2420,2420,1399-12-2
224,فلات,گروه صنايع معادن فلات ايرانيان,786,4095748,56378383257,13419,13821,13821,402,3.0,13765,346,2.58,13170,13821,1399-12-2
225,رتاپ,تجارت الكترونيك  پارسيان,785,4464091,28287717960,6440,6410,6320,-120,-1.86,6380,-60,-0.93,6320,6500,1399-12-2
226,كسعديح,ح . كاشي‌ سعدي‌,776,3231420,44467471800,14230,14080,13670,-560,-3.94,13760,-470,-3.3,13670,14350,1399-12-2
227,فراز,صندوق س.سهام فراز داريك-س,762,2040983,20409830000,10000,10000,10000,0,0.0,10000,0,0.0,10000,10000,1399-12-2
228,بكهنوج,توليد برق ماهتاب كهنوج,737,16686689,31661449538,1935,1897,1897,-38,-1.96,1911,-24,-1.24,1897,1950,1399-12-2
229,سيدكو,سرمايه گذاري توسعه صنايع سيمان,733,4252189,26975240330,6420,6500,6350,-70,-1.09,6380,-40,-0.62,6300,6610,1399-12-2
230,رنيك,جنرال مكانيك,719,1534686,32881576146,21840,21500,21404,-436,-2.0,21562,-278,-1.27,21404,22100,1399-12-2
231,وارس,سرمايه گذاري ارس صبا,717,3719948,56901361170,15568,15257,15257,-311,-2.0,15296,-272,-1.75,15257,15660,1399-12-2
232,والبر,سرمايه‌ گذاري‌ البرز(هلدينگ‌,713,3585850,61459992330,17460,17460,17120,-340,-1.95,17140,-320,-1.83,17120,17480,1399-12-2
233,زرين,صندوق س. سهام زرين كوروش-س,713,1576294,15723164936,10006,10000,9989,-17,-0.17,9975,-31,-0.31,9904,10006,1399-12-2
234,فنورد,نوردوقطعات‌ فولادي‌,706,243313,55983280700,234680,234800,229990,-4690,-2.0,230090,-4590,-1.96,229990,234800,1399-12-2
235,غبهنوش,بهنوش‌ ايران‌,701,474051,36159861880,77040,79900,75500,-1540,-2.0,76480,-560,-0.73,75500,79900,1399-12-2
236,وحكمت,بيمه حكمت صبا,694,9958918,41733897233,4107,4150,4230,123,2.99,4191,84,2.05,4040,4230,1399-12-2
237,وبوعلي,سرمايه‌گذاري‌بوعلي‌,694,6872411,40472486770,5970,6080,5860,-110,-1.84,5900,-70,-1.17,5860,6080,1399-12-2
238,فايرا,آلومينيوم‌ايران‌,692,2523433,67703188070,26960,27650,27180,220,0.82,26830,-130,-0.48,26510,27650,1399-12-2
239,اتكاي,بيمه اتكايي ايرانيان,681,4044586,55055274002,13671,13400,13679,8,0.06,13612,-59,-0.43,13398,13899,1399-12-2
240,قشير,قند شيروان قوچان و بجنورد,677,1558861,41666466574,27192,27000,26649,-543,-2.0,26799,-393,-1.45,26649,27600,1399-12-2
241,شوينده,مديريت صنعت شوينده ت.ص.بهشهر,676,1838801,61107884490,33740,34270,33070,-670,-1.99,33230,-510,-1.51,33070,34270,1399-12-2
242,حسينا,توسعه خدمات دريايي وبندري سينا,655,487518,33521637769,69098,69760,69100,2,0.0,68870,-228,-0.33,67851,69760,1399-12-2
243,كاردان,صندوق س تجارت شاخصي كاردان,651,358922,55946817410,157990,158000,154000,-3990,-2.53,155870,-2120,-1.34,153650,160000,1399-12-2
244,غويتاح,ح . ويتانا,646,1961021,25754887483,13370,13103,13180,-190,-1.42,13133,-237,-1.77,13103,13650,1399-12-2
245,حسير,ريل سير كوثر,646,2184029,38580000430,17995,17640,17636,-359,-1.99,17735,-260,-1.44,17636,18290,1399-12-2
246,كحافظ,كاشي‌ وسراميك‌ حافظ‌,642,2978274,39321878120,13460,13210,13200,-260,-1.93,13250,-210,-1.56,13200,13350,1399-12-2
247,سمتاز,سيمان ممتازان كرمان,638,1833182,36530518840,20285,20000,19880,-405,-2.0,19927,-358,-1.76,19880,20700,1399-12-2
248,كپرور,فرآوري زغال سنگ پروده طبس,637,1512980,63499278478,42818,41962,41962,-856,-2.0,41970,-848,-1.98,41962,42722,1399-12-2
249,قزوين,كارخانجات‌ قند قزوين‌,631,1697157,68146483210,40630,42190,39820,-810,-1.99,40150,-480,-1.18,39820,42190,1399-12-2
250,ولتجار,واسپاري تجارت وسرمايه ايرانيان,626,5200934,40847587548,7949,7810,7900,-49,-0.62,7854,-95,-1.2,7791,8186,1399-12-2
251,ضخود2007,اختيارخ خودرو-3000-1400/02/08,619,22779,4129758000,220,239,168,-52,-23.64,181,-39,-17.73,165,239,1399-12-2
252,سخوز,سيمان خوزستان,616,1638578,37374105580,23080,22870,22980,-100,-0.43,22870,-210,-0.91,22620,23870,1399-12-2
253,شلرد,كود شيميايي اوره لردگان,615,7691407,56737673439,7503,7501,7353,-150,-2.0,7377,-126,-1.68,7353,7501,1399-12-2
254,دسانكو,داروسازي سبحان انكولوژي,613,2845442,43155576917,15414,15414,15106,-308,-2.0,15197,-217,-1.41,15106,15600,1399-12-2
255,غپونه,نوش پونه مشهد,611,1688390,37645663385,22682,22229,22229,-453,-2.0,22297,-385,-1.7,22229,22666,1399-12-2
256,شرانل,نفت ايرانول,602,757743,28005610584,37459,38650,36850,-609,-1.63,37175,-284,-0.76,36710,38650,1399-12-2
257,تماوند,تامين سرمايه دماوند,593,1732694,29553124733,17175,16530,17140,-35,-0.2,17056,-119,-0.69,16530,17590,1399-12-2
258,سكه0012پ01,سكه تمام بهارتحويلي 1روزه رفاه,593,243100,276593625500,1179290,1131000,1132000,-47290,-4.01,1137777,-41513,-3.52,1130000,1149011,1399-12-2
259,اعتلا,شركت سرمايه گذاري اعتلاء البرز,589,3646006,29048486597,7960,8011,7801,-159,-2.0,7964,4,0.05,7801,8360,1399-12-2
260,شفا,سرمايه گذاري شفادارو,589,1132900,55008793980,49310,50310,48330,-980,-1.99,48560,-750,-1.52,48330,50320,1399-12-2
261,وكار,بانك‌ كارآفرين‌,585,11871335,29923140630,2560,2590,2510,-50,-1.95,2540,-20,-0.78,2510,2620,1399-12-2
262,دامين,داروسازي‌ امين‌,575,2526784,35808562760,14330,14060,14160,-170,-1.19,14220,-110,-0.77,14050,14490,1399-12-2
263,خلنت,لنت‌ ترمزايران‌,574,208258,19747979640,95530,96030,94890,-640,-0.67,95250,-280,-0.29,93620,99490,1399-12-2
264,شغدير,پتروشيمي غدير,550,1536779,91367430060,60660,59600,59447,-1213,-2.0,59454,-1206,-1.99,59447,60550,1399-12-2
265,فنوال,نورد آلومينيوم‌,550,1625330,44040522510,27590,27050,27040,-550,-1.99,27150,-440,-1.59,27040,27730,1399-12-2
266,وخاور,بانك خاورميانه,549,6420873,59863350430,9500,9310,9310,-190,-2.0,9320,-180,-1.89,9310,9480,1399-12-2
267,ملت,بيمه ملت,549,4546571,78704636140,17660,17310,17310,-350,-1.98,17310,-350,-1.98,17310,17620,1399-12-2
268,ساينا,صنايع بهداشتي ساينا,545,179927,29289548790,160423,157215,161390,967,0.6,161787,1364,0.85,157215,170038,1399-12-2
269,شاراك,پتروشيمي شازند,539,2963282,68143188660,23440,23150,22980,-460,-1.96,23030,-410,-1.75,22980,23430,1399-12-2
270,تيپيكو,سرمايه گذاري دارويي تامين,535,523923,23169562460,45010,44550,44140,-870,-1.93,44770,-240,-0.53,44110,44670,1399-12-2
271,تكنار,مجتمع معادن مس تكنار,535,452977,75627904114,169329,165943,165943,-3386,-2.0,166957,-2372,-1.4,165943,174408,1399-12-2
272,شكلر,نيروكلر,534,706216,39047876170,56000,57500,54880,-1120,-2.0,55440,-560,-1.0,54880,57500,1399-12-2
273,شبهرن,نفت‌ بهران‌,532,505812,28433721530,57180,58700,56080,-1100,-1.92,56710,-470,-0.82,56040,58700,1399-12-2
274,پرديس,سرمايه گذاري پرديس,530,3743592,24625953100,6690,6750,6600,-90,-1.35,6630,-60,-0.9,6560,6750,1399-12-2
275,اوان,مبين وان كيش,529,530529,26441020971,49581,52370,49880,299,0.6,49717,136,0.27,48590,52370,1399-12-2
276,انرژي3,سايراشخاص بورس انرژي,525,139940,39699578600,289470,283690,283690,-5780,-2.0,286100,-3370,-1.16,283690,283690,1399-12-2
277,شتوكا,توكا رنگ فولاد سپاهان,525,815919,45140529766,56232,55110,55108,-1124,-2.0,55400,-832,-1.48,55108,57075,1399-12-2
278,ميهن,بيمه ميهن,524,7637390,38698655130,4781,5067,5067,286,5.98,4990,209,4.37,5067,5067,1399-12-2
279,ولملت,واسپاري ملت,520,2768546,22916730030,8430,8280,8270,-160,-1.9,8360,-70,-0.83,8270,8400,1399-12-2
280,وبانك,سرمايه گذاري گروه توسعه ملي,512,6984526,56777077260,8280,8120,8120,-160,-1.93,8180,-100,-1.21,8120,8290,1399-12-2
281,اپرداز,آتيه داده پرداز,490,1141014,24504439402,21684,21750,21251,-433,-2.0,21581,-103,-0.48,21251,22290,1399-12-2
282,كاما,باما,490,1287762,19174776180,15190,14890,14890,-300,-1.97,15090,-100,-0.66,14890,14890,1399-12-2
283,آينده,بازرگاني آينده سازان بهشت پارس,489,1813463,37604282525,21112,21217,20690,-422,-2.0,20736,-376,-1.78,20690,21217,1399-12-2
284,اطلس,صندوق س.توسعه اندوخته آينده-س,488,436839,85698602896,200432,200432,194006,-6426,-3.21,196179,-4253,-2.12,194005,200433,1399-12-2
285,فيروزه,صندوق شاخص30 شركت فيروزه- سهام,486,177052,24109904820,140280,140350,136600,-3680,-2.62,136170,-4110,-2.93,134670,142000,1399-12-2
286,جم پيلن,پلي پروپيلن جم - جم پيلن,480,1243843,82940086500,68020,68550,67500,-520,-0.76,66680,-1340,-1.97,66660,68550,1399-12-2
287,جم,پتروشيمي جم,479,3600874,116372622190,32960,32510,32350,-610,-1.85,32320,-640,-1.94,32310,33000,1399-12-2
288,پكوير,كوير تاير,478,2743954,40150749000,14920,14630,14630,-290,-1.94,14680,-240,-1.61,14630,15000,1399-12-2
289,دكپسولح,ح .توليد ژلاتين كپسول ايران,478,740396,17891429907,24427,24880,23939,-488,-2.0,24165,-262,-1.07,23939,25590,1399-12-2
290,فولاژ,فولاد آلياژي ايران,476,1101054,16949052090,15620,16290,15600,-20,-0.13,15560,-60,-0.38,15310,16290,1399-12-2
291,دسبحان,سبحان دارو,459,845834,18985967140,22530,23000,22130,-400,-1.78,22500,-30,-0.13,22080,23000,1399-12-2
292,كاريس,صندوق س.سپهر كاريزما-س,458,2154003,22823490526,10868,10650,10535,-333,-3.06,10596,-272,-2.5,10510,10880,1399-12-2
293,اتكام,شركت بيمه اتكايي امين,458,3220763,16735450837,5227,5379,5196,-31,-0.59,5217,-10,-0.19,5125,5380,1399-12-2
294,شپاكسا,پاكسان‌,457,1939732,56716956170,29710,30000,29150,-560,-1.88,29240,-470,-1.58,29120,30390,1399-12-2
295,خنصير,مهندسي‌نصيرماشين‌,456,350564,39951209730,114070,117000,111790,-2280,-2.0,113980,-90,-0.08,111790,117000,1399-12-2
296,ولغدر,ليزينگ‌خودروغدير,447,3068271,71889589530,22110,23430,23430,1320,5.97,23430,1320,5.97,23430,23430,1399-12-2
297,پكرمان,گروه‌ صنعتي‌ بارز,441,1687178,46671798060,28200,27650,27640,-560,-1.99,27690,-510,-1.81,27640,28500,1399-12-2
298,تسه9907,امتياز تسهيلات مسكن مهر99,438,6402,3951164833,623692,620000,592508,-31184,-5.0,617177,-6515,-1.04,592508,639000,1399-12-2
299,سكرد,سيمان كردستان,437,3296237,36592617800,11320,11100,11100,-220,-1.94,11160,-160,-1.41,11100,11310,1399-12-2
300,حكشتي,كشتيراني جمهوري اسلامي ايران,432,2626021,54096032600,21020,20600,20600,-420,-2.0,20830,-190,-0.9,20600,20600,1399-12-2
301,تملت,تامين سرمايه بانك ملت,426,4858778,29589958020,6210,6090,6090,-120,-1.93,6140,-70,-1.13,6090,6090,1399-12-2
302,تسه9906,امتياز تسهيلات مسكن شهريور99,422,12957,7778378624,623310,610246,600000,-23310,-3.74,600322,-22988,-3.69,592145,654000,1399-12-2
303,شبصير,توليدات پتروشيمي قائد بصير,419,267683,23868216058,90544,92800,90220,-324,-0.36,89876,-668,-0.74,88734,92800,1399-12-2
304,كپارس,كاشي‌ پارس‌,418,270649,43544605750,164150,160870,160870,-3280,-2.0,161250,-2900,-1.77,160870,161990,1399-12-2
305,سيستم,همكاران سيستم,412,1979455,53040187240,27200,26660,27350,150,0.55,26800,-400,-1.47,26660,28000,1399-12-2
306,لپيام,گسترش صنايع پيام,410,529061,30568132307,58391,59980,57224,-1167,-2.0,57778,-613,-1.05,57224,59990,1399-12-2
307,خگستر,گسترش‌سرمايه‌گذاري‌ايران‌خودرو,409,3893932,12460582400,3260,3200,3200,-60,-1.84,3250,-10,-0.31,3200,3200,1399-12-2
308,تابا,تابان نيرو سپاهان,408,647622,36989086377,58183,57020,57020,-1163,-2.0,57115,-1068,-1.84,57020,58000,1399-12-2
309,سهرمز,سيمان‌هرمزگان‌,404,441415,10794260760,24420,25820,24620,200,0.82,24430,10,0.04,24100,25820,1399-12-2
310,شپاس,نفت پاسارگاد,403,1789003,39088226599,22229,22990,21787,-442,-1.99,21927,-302,-1.36,21785,22990,1399-12-2
311,ياقوت,صندوق س ياقوت آگاه-ثابت,399,5254836,62635091494,11909,11918,11920,11,0.09,11920,11,0.09,11918,11934,1399-12-2
312,عيار,صندوق س. پشتوانه طلاي مفيد,397,378106,10803548559,29570,29000,28500,-1070,-3.62,28573,-997,-3.37,28200,29000,1399-12-2
313,آكورد,صندوق س. آرمان آتي كوثر-د,394,6694769,206356750850,30776,30827,30829,53,0.17,30824,48,0.16,30819,30829,1399-12-2
314,تكنو,تكنوتار,393,1620002,38350232090,24140,23660,23660,-480,-1.99,23770,-370,-1.53,23660,24120,1399-12-2
315,كنور,توسعه معدني و صنعتي صبانور,392,622981,27260527980,44340,43460,44000,-340,-0.77,44030,-310,-0.7,43460,44900,1399-12-2
316,تنوين,تامين سرمايه نوين,392,3536723,22030572510,6340,6340,6300,-40,-0.63,6290,-50,-0.79,6220,6340,1399-12-2
317,لوتوس,تامين سرمايه لوتوس پارسيان,391,1568007,15913071310,10250,10510,10200,-50,-0.49,10220,-30,-0.29,10050,10510,1399-12-2
318,بسويچ,پارس‌سويچ‌,388,308487,16466194390,54020,55800,52940,-1080,-2.0,53810,-210,-0.39,52940,55800,1399-12-2
319,فاما,صنعتي‌ آما,387,1824407,40055439910,22390,21950,21950,-440,-1.97,22030,-360,-1.61,21950,22200,1399-12-2
320,دكيمي,كيميدارو,381,954742,24795791460,26230,26790,25900,-330,-1.26,26100,-130,-0.5,25710,26790,1399-12-2
321,وصنا,گروه‌صنايع‌بهشهرايران‌,379,1719097,10556605040,6260,6140,6140,-120,-1.92,6230,-30,-0.48,6140,6190,1399-12-2
322,تاپكيش,تجارت الكترونيك پارسيان كيش,369,2049844,44656399124,22225,21781,21781,-444,-2.0,21824,-401,-1.8,21781,22515,1399-12-2
323,كرماشا,صنايع پتروشيمي كرمانشاه,368,1236789,44115540940,36380,35850,35700,-680,-1.87,35760,-620,-1.7,35660,36080,1399-12-2
324,فرابورس,فرابورس ايران,362,1201679,41700664658,35410,34702,34702,-708,-2.0,34807,-603,-1.7,34702,34702,1399-12-2
325,دالبر,البرزدارو,352,698434,14628959790,21270,21270,21100,-170,-0.8,21170,-100,-0.47,20850,21300,1399-12-2
326,دانا,بيمه دانا,352,6310679,43934694220,7100,6960,6960,-140,-1.97,6980,-120,-1.69,6960,7100,1399-12-2
327,ولساپا,ليزينگ رايان‌ سايپا,351,6595126,24270063680,3750,3680,3680,-70,-1.87,3720,-30,-0.8,3680,3680,1399-12-2
328,غشهداب,كشت و صنعت شهداب ناب خراسان,347,5894927,24344426985,4213,4129,4129,-84,-1.99,4172,-41,-0.97,4129,4150,1399-12-2
329,وليز,ليزينگ‌ايران‌,347,7946554,78353022440,9310,9860,9860,550,5.91,9860,550,5.91,9860,9860,1399-12-2
330,شنفت,نفت‌ پارس‌,346,463694,23431008980,51460,50500,50440,-1020,-1.98,51030,-430,-0.84,50440,52490,1399-12-2
331,شاوان,پالايش نفت لاوان,345,154016,12317533889,81307,80000,79780,-1527,-1.88,80974,-333,-0.41,79690,83220,1399-12-2
332,دسبحا,گروه دارويي سبحان,338,906212,17335960590,19470,19470,19090,-380,-1.95,19350,-120,-0.62,19090,19470,1399-12-2
333,خودكفا,اقتصادي و خودكفايي آزادگان,333,712158,17332501404,25352,24338,24338,-1014,-4.0,24942,-410,-1.62,24338,24338,1399-12-2
334,گشان,توسعه بين المللي پديده شانديز,333,382778,14448338388,39318,37746,37746,-1572,-4.0,38305,-1013,-2.58,37746,37746,1399-12-2
335,گكوثر,هتل پارسيان كوثر اصفهان,332,5264472,13071683976,2533,2483,2483,-50,-1.97,2520,-13,-0.51,2483,2483,1399-12-2
336,تصميم,صندوق س با درآمد ثابت تصميم,330,2110172,33122018391,15675,15695,15697,22,0.14,15696,21,0.13,15690,15700,1399-12-2
337,دلرح,ح . داروسازي‌ اكسير,329,849354,24044188610,29210,29500,28600,-610,-2.09,28310,-900,-3.08,28050,29500,1399-12-2
338,شلعاب,لعابيران‌,328,1848348,34342305840,17530,18580,18580,1050,5.99,18210,680,3.88,18580,18580,1399-12-2
339,خچرخش,چرخشگر,325,2104912,39263410390,19010,18630,18630,-380,-2.0,18720,-290,-1.53,18630,18970,1399-12-2
340,فروي,ذوب روي اصفهان,325,331338,22788764964,70181,68778,68778,-1403,-2.0,69528,-653,-0.93,68778,68778,1399-12-2
341,ضخود2006,اختيارخ خودرو-2500-1400/02/08,322,8197,3094142000,442,428,359,-83,-18.78,377,-65,-14.71,350,428,1399-12-2
342,خصدرا,صنعتي‌ دريايي‌ ايران‌,320,8929433,29663576426,3389,3322,3322,-67,-1.98,3332,-57,-1.68,3322,3322,1399-12-2
343,ساراب,سيمان‌ داراب‌,318,1362260,22596826050,16910,16680,16580,-330,-1.95,16760,-150,-0.89,16580,16910,1399-12-2
344,شخارك,پتروشيمي‌ خارك‌,317,506465,21571387620,43110,43500,42550,-560,-1.3,43000,-110,-0.26,42300,43980,1399-12-2
345,غشهد,شهد ايران ‌,316,5941291,47215150010,8100,7940,7940,-160,-1.98,7950,-150,-1.85,7940,8090,1399-12-2
346,وتوصا,گروه س توسعه صنعتي ايران,312,3249192,40419948480,12690,12440,12440,-250,-1.97,12480,-210,-1.65,12440,12440,1399-12-2
347,وپخش,داروپخش‌ (هلدينگ‌,307,101324,10734022850,107670,106290,105520,-2150,-2.0,107290,-380,-0.35,105520,107950,1399-12-2
348,كشرق,صنعتي و معدني شمال شرق شاهرود,305,318498,30628350766,97981,96022,96022,-1959,-2.0,96848,-1133,-1.16,96022,97617,1399-12-2
349,رمپنا,گروه مپنا (سهامي عام),297,2436483,40665845620,17020,16680,16680,-340,-2.0,16910,-110,-0.65,16680,16900,1399-12-2
350,تسه9902,امتياز تسهيلات مسكن ارديبهشت99,296,4300,2639581107,617548,600444,592000,-25548,-4.14,613856,-3692,-0.6,590001,630000,1399-12-2
351,قصفها,قنداصفهان‌,294,126834,21691665940,174330,174320,170850,-3480,-2.0,172870,-1460,-0.84,170850,174320,1399-12-2
352,دفرا,فرآورده‌هاي‌ تزريقي‌ ايران‌,288,692950,18735167950,27470,27110,27000,-470,-1.71,27310,-160,-0.58,26930,27990,1399-12-2
353,بفجر,فجر انرژي خليج فارس,288,999365,23313593810,23750,23500,23280,-470,-1.98,23590,-160,-0.67,23280,23980,1399-12-2
354,دكپسول,توليد ژلاتين كپسول ايران,286,473511,14800586811,31892,31255,31255,-637,-2.0,31700,-192,-0.6,31255,31850,1399-12-2
355,آساس,صندوق س.آسمان آرماني سهام-س,285,107443,17132583338,161661,159502,159000,-2661,-1.65,159457,-2204,-1.36,158500,163000,1399-12-2
356,ولانا,شركت ليزينگ آريا دانا,284,1080472,42557631136,38241,39388,39388,1147,3.0,39388,1147,3.0,39388,39388,1399-12-2
357,بخاور,بيمه زندگي خاورميانه,284,2999933,21679911997,7367,7220,7221,-146,-1.98,7305,-62,-0.84,7220,7290,1399-12-2
358,قشكر,شكرشاهرود,284,2818074,10920214100,3940,3900,3870,-70,-1.78,3930,-10,-0.25,3870,3950,1399-12-2
359,تسه9904,امتياز تسهيلات مسكن تير99,281,2679,1653810399,618920,591150,590000,-28920,-4.67,617324,-1596,-0.26,587974,640000,1399-12-2
360,تپولا,مهندسي مرآت پولاد,276,862423,32749095902,38684,39700,38380,-304,-0.79,37973,-711,-1.84,37911,39700,1399-12-2
361,ختوقا,قطعات‌ اتومبيل‌ ايران‌,276,4762477,13001562210,2780,2730,2730,-50,-1.8,2770,-10,-0.36,2730,2730,1399-12-2
362,شتولي,تولي‌پرس‌,274,419703,15862506760,37966,38725,37207,-759,-2.0,37795,-171,-0.45,37207,38725,1399-12-2
363,دشيري,شيرين دارو,272,89203,21511323324,234230,241256,241256,7026,3.0,241150,6920,2.95,237040,241256,1399-12-2
364,پخش,پخش البرز,271,569025,20293036018,36262,35550,35537,-725,-2.0,36015,-247,-0.68,35537,36800,1399-12-2
365,وپترو,سرمايه‌گذاري صنايع پتروشيمي‌,270,1498575,23505408620,16000,15690,15680,-320,-2.0,15850,-150,-0.94,15680,16000,1399-12-2
366,ضپاس2002,اختيارخ وپارس-3000-1400/02/29,270,8614,5956419000,623,700,670,47,7.54,691,68,10.91,640,748,1399-12-2
367,كگهر,سنگ آهن گهرزمين,269,226513,10542860081,46623,47500,46629,6,0.01,46616,-7,-0.02,45800,47500,1399-12-2
368,زر,صندوق س.پشتوانه سكه طلاي زر,268,248392,12267515266,51063,49500,49230,-1833,-3.59,49388,-1675,-3.28,48680,49800,1399-12-2
369,پارس,پتروشيمي پارس,268,120494,15600457570,131720,129440,129360,-2360,-1.79,131360,-360,-0.27,129110,131930,1399-12-2
370,دلر,داروسازي‌ اكسير,268,349108,12522404770,36340,35650,36000,-340,-0.94,36220,-120,-0.33,35620,36950,1399-12-2
371,حخزر,كشتيراني درياي خزر,267,941987,28173356352,30516,30000,29906,-610,-2.0,30167,-349,-1.14,29906,30000,1399-12-2
372,وبشهر,توسعه‌ صنايع‌ بهشهر(هلدينگ,264,1659530,20064726500,12330,12090,12090,-240,-1.95,12230,-100,-0.81,12090,12300,1399-12-2
373,تسه9801,امتياز تسهيلات مسكن فروردين98,258,3932,2369366763,608943,600151,587820,-21123,-3.47,602586,-6357,-1.04,587820,619956,1399-12-2
374,ساروج,بين المللي ساروج بوشهر,257,1375172,32340466059,22847,23529,23532,685,3.0,23517,670,2.93,23150,23532,1399-12-2
375,قپيرا,فرآورده‌هاي‌غدايي‌وقندپيرانشهر,255,152446,16010073140,107080,108500,104940,-2140,-2.0,106410,-670,-0.63,104940,108500,1399-12-2
376,شجم,صنايع پتروشيمي تخت جمشيد,255,4598649,45668063191,10118,9942,9916,-202,-2.0,9931,-187,-1.85,9916,10100,1399-12-2
377,شساخت,مهندسي و ساختمان صنايع نفت,253,558101,21562201455,37723,38850,38854,1131,3.0,38228,505,1.34,37050,38854,1399-12-2
378,ميدكو,هلدينگ صنايع  معدني خاورميانه,249,609024,18908295983,31603,30971,30971,-632,-2.0,31514,-89,-0.28,30971,31692,1399-12-2
379,ثجوان,تامين مسكن جوانان,244,2288917,28151972858,12543,12293,12293,-250,-1.99,12299,-244,-1.95,12293,12600,1399-12-2
380,تسه9905,امتياز تسهيلات مسكن مرداد99,242,2390,1470946334,617445,648317,586573,-30872,-5.0,615459,-1986,-0.32,586573,648317,1399-12-2
381,بورس,بورس اوراق بهادار تهران,240,634803,26271109480,42220,41380,41380,-840,-1.99,41890,-330,-0.78,41380,42000,1399-12-2
382,شكبير,پتروشيمي اميركبير,239,259778,24031469912,91851,90050,93445,1594,1.74,92008,157,0.17,90050,94550,1399-12-2
383,آرمان,بيمه آرمان,237,2771889,24932091148,9177,8994,8994,-183,-1.99,8995,-182,-1.98,8994,9171,1399-12-2
384,گوهر,صندوق سكه طلاي كيان,236,166362,9387520017,58322,58000,56415,-1907,-3.27,56428,-1894,-3.25,56200,58000,1399-12-2
385,وآذر,سرمايه‌گذاري‌توسعه‌آذربايجان‌,227,189798,16869041670,90440,89100,88640,-1800,-1.99,89900,-540,-0.6,88640,89860,1399-12-2
386,دتماد,توليدمواداوليه‌داروپخش‌,224,635845,29055410780,46600,45720,45670,-930,-2.0,46060,-540,-1.16,45670,47000,1399-12-2
387,تسه9810,امتياز تسهيلات مسكن دي98,223,3554,2171784708,616951,601122,610000,-6951,-1.13,611082,-5869,-0.95,586104,635000,1399-12-2
388,آسيا,بيمه آسيا,221,3287008,7823079040,2420,2380,2380,-40,-1.65,2410,-10,-0.41,2380,2380,1399-12-2
389,خپويش,سازه‌ پويش‌,221,148517,9084935690,62230,62000,60990,-1240,-1.99,62030,-200,-0.32,60990,62000,1399-12-2
390,بپاس,بيمه پاسارگاد,220,1212455,97669312525,82198,80555,80555,-1643,-2.0,80561,-1637,-1.99,80555,80555,1399-12-2
391,تسه9903,امتياز تسهيلات مسكن خرداد99,219,1717,1053659538,624004,600002,599000,-25004,-4.01,613663,-10341,-1.66,592804,635000,1399-12-2
392,ساذريح,ح . آذريت‌,218,11000000,71255014076,6514,6904,6450,-64,-0.98,6478,-36,-0.55,6450,6904,1399-12-2
393,شصفها,پتروشيمي‌ اصفهان‌,216,290709,35190910156,118681,121054,120000,1319,1.11,121052,2371,2.0,120000,121054,1399-12-2
394,وپست,پست بانك ايران,214,1420805,24907143650,17880,17530,17530,-350,-1.96,17700,-180,-1.01,17530,17550,1399-12-2
395,تسه9802,امتياز تسهيلات مسكن ارديبهشت98,212,3602,2196243880,615007,615008,590043,-24964,-4.06,609729,-5278,-0.86,590010,622000,1399-12-2
396,تبرك,گروه كارخانجات صنعتي تبرك,211,714182,11858992110,16943,16605,16605,-338,-1.99,16861,-82,-0.48,16605,16605,1399-12-2
397,خشرق,الكتريك‌ خودرو شرق‌,209,493538,8080132160,16700,16380,16370,-330,-1.98,16650,-50,-0.3,16370,16400,1399-12-2
398,دارو,كارخانجات‌داروپخش‌,209,261413,8659489710,33790,33200,33120,-670,-1.98,33670,-120,-0.36,33120,33630,1399-12-2
399,سكه9912پ04,سكه تمام بهارتحويل1روزه صادرات,208,117600,134056475800,1177685,1125100,1133500,-44185,-3.75,1139936,-37749,-3.21,1125000,1148900,1399-12-2
400,خزاميا,زامياد,206,2245183,19151410990,8700,8530,8530,-170,-1.95,8630,-70,-0.8,8530,8530,1399-12-2
401,خزر,فنرسازي‌زر,204,461321,22572436530,49920,48930,48930,-990,-1.98,49460,-460,-0.92,48930,48930,1399-12-2
402,وصندوق,سرمايه‌گذاري‌صندوق‌بازنشستگي‌,202,4711277,64073367200,13870,13600,13600,-270,-1.95,13720,-150,-1.08,13600,13600,1399-12-2
403,شاملا,معدني‌ املاح‌  ايران‌,198,147908,7876909220,53420,53950,52990,-430,-0.8,53390,-30,-0.06,52360,55000,1399-12-2
404,وسنا,سرمايه گذاري نيروگاهي ايران,197,1463303,25549270380,16629,17460,17460,831,5.0,17460,831,5.0,17460,17460,1399-12-2
405,غصينو,صنعتي مينو,197,428591,30049372192,71542,70112,70112,-1430,-2.0,71104,-438,-0.61,70112,70112,1399-12-2
406,ورازي,بيمه رازي,194,2143712,19143408354,9328,9100,8862,-466,-5.0,8930,-398,-4.27,8862,9100,1399-12-2
407,تسه9803,امتياز تسهيلات مسكن خرداد98,194,2810,1721073179,619106,610000,605205,-13901,-2.25,612482,-6624,-1.07,598100,629900,1399-12-2
408,خپارس,پارس‌ خودرو,192,2075974,12393564780,6090,5970,5970,-120,-1.97,6060,-30,-0.49,5970,5970,1399-12-2
409,كالا,بورس كالاي ايران,192,537241,19517965530,37070,36330,36330,-740,-2.0,36780,-290,-0.78,36330,36330,1399-12-2
410,خمحركه,نيرو محركه‌,190,1486137,7222625820,4950,4860,4860,-90,-1.82,4940,-10,-0.2,4860,4860,1399-12-2
411,دقاضيح,ح . داروسازي شهيد قاضي,189,932913,34639819963,36154,36500,37000,846,2.34,37131,977,2.7,35501,37238,1399-12-2
412,فردا,صندوق س آواي فرداي زاگرس-ثابت,189,6952195,70925105932,10185,10204,10201,16,0.16,10202,17,0.17,10200,10204,1399-12-2
413,آريان,سرمايه گذاري پارس آريان,188,6609738,80215861368,12383,12136,12136,-247,-1.99,12177,-206,-1.66,12136,12138,1399-12-2
414,خمحور,توليدمحورخودرو,187,148555,9008415670,61740,60570,60510,-1230,-1.99,61540,-200,-0.32,60510,62460,1399-12-2
415,پتاير,ايران‌ تاير,187,1093206,5170864380,4820,4730,4730,-90,-1.87,4810,-10,-0.21,4730,4730,1399-12-2
416,كخاك,صنايع‌خاك‌چيني‌ايران‌,186,482626,21695016440,45830,46260,44920,-910,-1.99,45440,-390,-0.85,44920,47200,1399-12-2
417,غمهرا,توليدي‌مهرام‌,185,226286,29211259740,131720,129090,129090,-2630,-2.0,130150,-1570,-1.19,129090,129090,1399-12-2
418,خبازرس,بازرسي مهندسي و صنعتي ايران,183,4418261,130762852556,28734,29596,29596,862,3.0,29596,862,3.0,29596,29596,1399-12-2
419,زقيام,كشت و دام قيام اصفهان,183,478151,14596037426,31148,30526,30526,-622,-2.0,30963,-185,-0.59,30526,30526,1399-12-2
420,سكرما,سيمان‌ كرمان‌,181,1104089,20569178070,19010,18630,18630,-380,-2.0,18850,-160,-0.84,18630,18630,1399-12-2
421,دسينا,داروسازي‌ سينا,177,1890185,54399524300,29360,28780,28780,-580,-1.98,28780,-580,-1.98,28780,28780,1399-12-2
422,چخزر,صنايع چوب خزر كاسپين,176,562639,35232454180,63897,62620,62620,-1277,-2.0,62979,-918,-1.44,62620,62620,1399-12-2
423,خراسان,پتروشيمي خراسان,176,623084,42464796700,69530,68140,68340,-1190,-1.71,68340,-1190,-1.71,68140,70100,1399-12-2
424,پسهند,صنايع‌ لاستيكي‌  سهند,173,408013,18151432750,45380,44490,44480,-900,-1.98,45050,-330,-0.73,44480,45000,1399-12-2
425,سيلام,سيمان‌ ايلام‌,170,2897114,35576559920,12530,12280,12280,-250,-2.0,12350,-180,-1.44,12280,12280,1399-12-2
426,كبافق,معادن‌ بافق‌,169,174837,9614286630,56110,54990,54990,-1120,-2.0,55890,-220,-0.39,54990,54990,1399-12-2
427,پارتا,مجتمع‌صنعتي‌آرتاويل‌تاير,169,384592,22606837263,59864,60999,58667,-1197,-2.0,58998,-866,-1.45,58667,61632,1399-12-2
428,دبالك,مواد اوليه دارويي البرز بالك,168,911685,19622196255,21962,21523,21523,-439,-2.0,21786,-176,-0.8,21523,21523,1399-12-2
429,دقاضي,داروسازي شهيد قاضي,167,215140,9683299430,45763,44848,44848,-915,-2.0,45392,-371,-0.81,44848,46000,1399-12-2
430,فاراك,ماشين‌ سازي‌ اراك‌,167,1046066,5544149800,5400,5300,5300,-100,-1.85,5390,-10,-0.19,5300,5300,1399-12-2
431,دارا,صندوق س. دارا الگوريتم-د,166,3695700,36949053824,10140,10002,9989,-151,-1.49,9998,-142,-1.4,9968,10005,1399-12-2
432,تسه9712,امتياز تسهيلات مسكن اسفند97,164,2691,1587004929,597004,570000,579660,-17344,-2.91,589745,-7259,-1.22,567156,609945,1399-12-2
433,شفارا,پتروشيمي فارابي,164,1764379,7181001056,4151,4080,4068,-83,-2.0,4121,-30,-0.72,4068,4090,1399-12-2
434,ضملي3003,اختيارخ فملي-12000-1400/03/02,163,4712,10756188000,1865,2250,2300,435,23.32,2283,418,22.41,2006,2350,1399-12-2
435,تسه9901,امتياز تسهيلات مسكن فروردين99,162,1180,735018854,623092,600015,613001,-10091,-1.62,622897,-195,-0.03,600015,650000,1399-12-2
436,اخابر,مخابرات ايران,160,301743,3174336360,10730,10520,10520,-210,-1.96,10720,-10,-0.09,10520,10520,1399-12-2
437,ورنا,سرمايه‌گذاري‌ رنا(هلدينگ‌,159,1215430,6988763590,5860,5750,5750,-110,-1.88,5840,-20,-0.34,5750,5760,1399-12-2
438,شيراز,پتروشيمي‌شيراز,158,926512,48553573990,53430,52380,52370,-1060,-1.98,52920,-510,-0.95,52370,53430,1399-12-2
439,شراز,پالايش نفت شيراز,158,190279,20170449306,108087,106020,105926,-2161,-2.0,107230,-857,-0.79,105926,108000,1399-12-2
440,ثپرديس,سرمايه گذاري مسكن پرديس,158,484398,4897263780,10316,10110,10110,-206,-2.0,10295,-21,-0.2,10110,10110,1399-12-2
441,واحصا,احياء صنايع خراسان,157,294782,20978161030,69093,71165,71165,2072,3.0,71165,2072,3.0,71165,71165,1399-12-2
442,سپاس,صندوق س. پاداش سهامداري توسعه1,157,3348229,33767360804,10063,10084,10085,22,0.22,10085,22,0.22,10084,10090,1399-12-2
443,حآسا,آسيا سير ارس,157,621920,28789920640,47236,46292,46292,-944,-2.0,46681,-555,-1.17,46292,46292,1399-12-2
444,سرود,سيمان‌شاهرود,157,669816,13898682000,21170,20750,20750,-420,-1.98,21050,-120,-0.57,20750,20750,1399-12-2
445,ساوه,سيمان ساوه,155,252219,15903669045,64341,63055,63055,-1286,-2.0,63924,-417,-0.65,63055,63055,1399-12-2
446,غبشهر,صنعتي‌ بهشهر,154,378504,7700314070,20750,20350,20340,-410,-1.98,20690,-60,-0.29,20340,20400,1399-12-2
447,چكاپا,گروه صنايع كاغذ پارس,152,1136877,6059554410,5430,5330,5330,-100,-1.84,5420,-10,-0.18,5330,5330,1399-12-2
448,وپويا,سرمايه گذاري پويا,152,2241558,14989298346,6823,6687,6687,-136,-1.99,6781,-42,-0.62,6687,6687,1399-12-2
449,قنيشا,قند  نيشابور,152,175929,10794093460,62580,61330,61330,-1250,-2.0,62310,-270,-0.43,61330,62860,1399-12-2
450,پاسا,ايران‌ياساتايرورابر,151,862184,23235858800,27500,26950,26950,-550,-2.0,27240,-260,-0.95,26950,26950,1399-12-2
451,چدن,توليدي چدن سازان,151,221371,5543129840,25550,25040,25040,-510,-2.0,25490,-60,-0.23,25040,25040,1399-12-2
452,ماديرا,صنايع ماشين هاي اداري ايران,151,386582,3569311606,9421,9233,9233,-188,-2.0,9407,-14,-0.15,9233,9233,1399-12-2
453,خبهمن,گروه‌بهمن‌,150,263074,5669244700,21980,21550,21550,-430,-1.96,21950,-30,-0.14,21550,21550,1399-12-2
454,وسرمد,بيمه  سرمد,149,3069782,21912103916,6931,7138,7138,207,2.99,7138,207,2.99,7138,7138,1399-12-2
455,تپمپي,پمپ‌ سازي‌ ايران‌,149,261175,5176856940,20220,19820,19820,-400,-1.98,20180,-40,-0.2,19820,20070,1399-12-2
456,مارون,پتروشيمي مارون,146,94962,13891148974,149121,146139,146300,-2821,-1.89,148719,-402,-0.27,146139,149488,1399-12-2
457,گوهران,سرمايه گذاري توسعه گوهران اميد,144,999389,7787239088,7951,7792,7792,-159,-2.0,7926,-25,-0.31,7792,7792,1399-12-2
458,زمگسا,كشاورزي‌ ودامپروي‌ مگسال‌,144,785946,25786888260,33470,32810,32810,-660,-1.97,33120,-350,-1.05,32810,32810,1399-12-2
459,وسينا,بانك سينا,143,3482044,12187154000,3570,3500,3500,-70,-1.96,3550,-20,-0.56,3500,3500,1399-12-2
460,كوثر,بيمه كوثر,142,922074,13715850750,15178,14875,14875,-303,-2.0,15093,-85,-0.56,14875,14875,1399-12-2
461,فالوم,آلومتك‌,142,624706,23755070356,38802,38026,38026,-776,-2.0,38026,-776,-2.0,38026,38026,1399-12-2
462,ثمسكن,سرمايه‌گذاري‌ مسكن‌,141,2939350,16195818500,5620,5510,5510,-110,-1.96,5580,-40,-0.71,5510,5510,1399-12-2
463,افران,صندوق س افرا نماد پايدار-ثابت,140,2077932,26445008581,12711,12719,12730,19,0.15,12727,16,0.13,12719,12734,1399-12-2
464,گدنا,تهيه توزيع غذاي دنا آفرين فدك,139,470066,16014208488,34763,34068,34068,-695,-2.0,34536,-227,-0.65,34068,34068,1399-12-2
465,تسه9812,امتياز تسهيلات مسكن اسفند98,138,1186,727988225,613596,644275,583000,-30596,-4.99,613818,222,0.04,583000,644275,1399-12-2
466,وتوكا,سرمايه‌گذاري‌توكافولاد(هلدينگ,138,1173840,13504315330,11730,11510,11500,-230,-1.96,11670,-60,-0.51,11500,11730,1399-12-2
467,ضخود2008,اختيارخ خودرو-3500-1400/02/08,135,5914,617787000,130,197,100,-30,-23.08,104,-26,-20.0,81,197,1399-12-2
468,وآفري,بيمه كارآفرين,135,988632,19421687452,20045,19645,19645,-400,-2.0,19649,-396,-1.98,19645,19649,1399-12-2
469,آرمانح,ح.بيمه آرمان,134,2252665,17134679483,7761,7606,7606,-155,-2.0,7606,-155,-2.0,7606,7649,1399-12-2
470,فن آوا,گروه فن آوا,134,1552451,32250999116,21161,20738,20738,-423,-2.0,20774,-387,-1.83,20738,21250,1399-12-2
471,ضسپا3004,اختيارخ خساپا-2500-1400/03/26,129,4958,1485228000,367,360,290,-77,-20.98,300,-67,-18.26,287,360,1399-12-2
472,كاسپين,داروسازي كاسپين تامين,128,369919,9287943770,25561,25050,25050,-511,-2.0,25475,-86,-0.34,25050,25629,1399-12-2
473,سپر,صندوق س سپر سرمايه بيدار- ثابت,127,2954387,33746560859,11419,11423,11421,2,0.02,11423,4,0.04,11421,11425,1399-12-2
474,بهپاك,صنعتي بهپاك,127,236786,11127758070,47954,46995,46995,-959,-2.0,47736,-218,-0.45,46995,46995,1399-12-2
475,سفارود,كارخانه فارسيت درود,127,439494,8149976736,18181,18544,18544,363,2.0,18471,290,1.6,18544,18544,1399-12-2
476,غديس,پاكديس,126,847391,11627051911,14001,13721,13721,-280,-2.0,13935,-66,-0.47,13721,13721,1399-12-2
477,كي بي سي,شركت كي بي سي,126,354430,10025815520,28841,28560,28265,-576,-2.0,28728,-113,-0.39,28265,28560,1399-12-2
478,سخاش,سيمان‌خاش‌,124,80562,13461910200,170510,167100,167100,-3410,-2.0,169570,-940,-0.55,167100,167100,1399-12-2
479,تسه9811,امتياز تسهيلات مسكن بهمن98,123,1240,763201792,609989,582008,600000,-9989,-1.64,615485,5496,0.9,580000,639990,1399-12-2
480,ارمغان,ص سرمايه گذاري ارمغان ايرانيان,123,1557872,15737981384,10086,10102,10103,17,0.17,10102,16,0.16,10096,10103,1399-12-2
481,زفكاح,ح . كشت و دامداري فكا,121,390731,2955898543,7718,7566,7564,-154,-2.0,7565,-153,-1.98,7564,7572,1399-12-2
482,فلوله,لوله‌وماشين‌سازي‌ايران‌,120,316838,6644092860,21390,20970,20970,-420,-1.96,21330,-60,-0.28,20970,20970,1399-12-2
483,افق ملت,صندوق س در سهام افق ملت,120,69286,8487663430,123190,125000,122000,-1190,-0.97,122500,-690,-0.56,121500,125000,1399-12-2
484,تسه9809,امتياز تسهيلات مسكن آذر98,119,1759,1065153419,620961,590005,617000,-3961,-0.64,605545,-15416,-2.48,589913,629970,1399-12-2
485,آپ,آسان پرداخت پرشين,119,326697,5956576100,18570,18300,18200,-370,-1.99,18530,-40,-0.22,18200,18300,1399-12-2
486,خاتم,صندوق س خاتم ايساتيس پويا-ثابت,116,4446183,46979914781,10548,10575,10570,22,0.21,10566,18,0.17,10555,10578,1399-12-2
487,وگستر,گسترش سرمايه گذاري ايرانيان,115,313714,6025548911,19591,19356,19200,-391,-2.0,19544,-47,-0.24,19200,19356,1399-12-2
488,تايرا,تراكتورسازي‌ايران‌,114,648993,16984506200,26700,26170,26170,-530,-1.99,26520,-180,-0.67,26170,26300,1399-12-2
489,نيرو,نيرو سرمايه,113,51194,2890741826,57308,56600,56162,-1146,-2.0,57185,-123,-0.21,56162,57480,1399-12-2
490,ثنور,سرمايه گذاري كوه نور,113,813597,8554158858,10728,10514,10514,-214,-1.99,10635,-93,-0.87,10514,10514,1399-12-2
491,لپارس,پارس‌ الكتريك‌,112,66064,6486824160,100190,98190,98190,-2000,-2.0,99930,-260,-0.26,98190,98190,1399-12-2
492,قجامح,ح.فرآورده غذايي وقندتربت‌جام,109,635033,4664919731,7486,7337,7337,-149,-1.99,7346,-140,-1.87,7337,7420,1399-12-2
493,حپارسا,توسعه حمل و نقل ريلي پارسيان,108,432391,15440466465,36346,35620,35620,-726,-2.0,36146,-200,-0.55,35620,37100,1399-12-2
494,تكمبا,كمباين‌ سازي‌ ايران‌,108,1572770,12283333700,7960,7810,7810,-150,-1.88,7920,-40,-0.5,7810,7810,1399-12-2
495,وسديد,گروه ‌صنعتي‌سديد,107,1006779,22290087060,22591,22140,22140,-451,-2.0,22306,-285,-1.26,22140,22140,1399-12-2
496,كطبس,ذغال‌سنگ‌ نگين‌ ط‌بس‌,107,218695,18672179100,87120,85380,85380,-1740,-2.0,86460,-660,-0.76,85380,85380,1399-12-2
497,سيمرغ,سيمرغ,106,736319,11906278230,16500,16170,16170,-330,-2.0,16420,-80,-0.48,16170,16170,1399-12-2
498,دروز,داروسازي‌ روزدارو,104,781415,22207814300,29000,28420,28420,-580,-2.0,28740,-260,-0.9,28420,28420,1399-12-2
499,وتوشه,سرمايه‌ گذاري‌ پارس‌ توشه‌,104,354411,8246264280,23660,23230,23190,-470,-1.99,23590,-70,-0.3,23190,23980,1399-12-2
500,ضخود2005,اختيارخ خودرو-2000-1400/02/08,103,2716,2103742000,834,782,766,-68,-8.15,775,-59,-7.07,756,805,1399-12-2
501,كوير,توليدي فولاد سپيد فراب كوير,103,538654,12394428540,23470,23010,23010,-460,-1.96,23410,-60,-0.26,23010,23010,1399-12-2
502,چافست,افست‌,103,565933,9281301200,16730,16400,16400,-330,-1.97,16670,-60,-0.36,16400,16400,1399-12-2
503,ونيكي,سرمايه‌گذاري‌ ملي‌ايران‌,101,254624,2895074880,11600,11370,11370,-230,-1.98,11590,-10,-0.09,11370,11370,1399-12-2
504,ولشرق,ليزينگ ايران و شرق,98,1883672,17124462152,9276,9091,9091,-185,-1.99,9211,-65,-0.7,9091,9091,1399-12-2
505,كلر,كلر پارس,97,288232,39583477024,140134,137332,137332,-2802,-2.0,137870,-2264,-1.62,137332,137332,1399-12-2
506,وساپا,سرمايه‌گذاري‌ سايپا,96,712068,4478907720,6410,6290,6290,-120,-1.87,6400,-10,-0.16,6290,6290,1399-12-2
507,غالبر,لبنيات‌ كالبر,95,271105,5180816550,19500,19110,19110,-390,-2.0,19460,-40,-0.21,19110,19110,1399-12-2
508,غگرجي,بيسكويت‌  گرجي‌,94,154863,2905229880,19140,18760,18760,-380,-1.99,19120,-20,-0.1,18760,18760,1399-12-2
509,كلوند,كاشي‌ الوند,94,207890,10028613600,49220,48240,48240,-980,-1.99,49020,-200,-0.41,48240,48240,1399-12-2
510,ضملي3004,اختيارخ فملي-14000-1400/03/02,94,4469,5381970000,823,1250,1280,457,55.53,1204,381,46.29,1081,1600,1399-12-2
511,ضپاس2003,اختيارخ وپارس-3500-1400/02/29,93,3947,1542504000,401,470,380,-21,-5.24,391,-10,-2.49,365,470,1399-12-2
512,تسه9808,امتياز تسهيلات مسكن آبان98,91,864,523600188,609614,580003,610000,386,0.06,606019,-3595,-0.59,580000,635000,1399-12-2
513,حفارس,حمل و نقل بين المللي خليج فارس,91,1261150,6040908500,4880,4790,4790,-90,-1.84,4870,-10,-0.2,4790,4790,1399-12-2
514,شرنگي,شيميايي رنگين,90,81736,16918125960,200957,206985,206985,6028,3.0,205908,4951,2.46,206985,206985,1399-12-2
515,وبيمه,سرمايه‌ گذاري‌ صنعت‌ بيمه‌,90,889991,2545374260,2910,2860,2860,-50,-1.72,2910,0,0.0,2860,2860,1399-12-2
516,جوين,كشت و صنعت جوين,89,2291613,12789492153,5316,5581,5581,265,4.98,5477,161,3.03,5581,5581,1399-12-2
517,شكف,كف,88,90055,7621354650,82971,84630,84630,1659,2.0,84211,1240,1.49,84630,84630,1399-12-2
518,غنوش,نوش‌ مازندران‌,87,60740,3647437000,61270,60050,60050,-1220,-1.99,61180,-90,-0.15,60050,60050,1399-12-2
519,سصفها,سيمان‌اصفهان‌,86,150116,47385616560,322100,315660,315660,-6440,-2.0,315870,-6230,-1.93,315660,315660,1399-12-2
520,صايند,صندوق س. گنجينه آينده روشن-د,86,1182530,11834147560,9987,10000,10018,31,0.31,10007,20,0.2,9991,10020,1399-12-2
521,اخزا815,اسنادخزانه-م15بودجه98-010406,85,86165,65999767583,765414,765800,766000,586,0.08,765970,556,0.07,764112,779670,1399-12-2
522,دمعيار,صندوق س. توازن معيار-د,85,1654802,16551314676,10142,10010,10002,-140,-1.38,10002,-140,-1.38,10000,10010,1399-12-2
523,سكه0112پ03,سكه تمام بهارتحويلي1روزه سامان,84,22300,25412737700,1180633,1199995,1135993,-44640,-3.78,1139585,-41048,-3.48,1120000,1199996,1399-12-2
524,اخزا903,اسنادخزانه-م3بودجه99-011110,84,200769,136322297267,678552,674003,679750,1198,0.18,679001,449,0.07,674002,680000,1399-12-2
525,فپنتا,سپنتا,84,24584,10066164640,417810,409460,409460,-8350,-2.0,416090,-1720,-0.41,409460,409460,1399-12-2
526,سبهان,سيمان‌ بهبهان‌,80,53695,7787922800,148000,145040,145040,-2960,-2.0,147530,-470,-0.32,145040,145040,1399-12-2
527,ثغرب,شركت سرمايه گذاري مسكن شمالغرب,80,863815,6814636535,8050,7889,7889,-161,-2.0,8028,-22,-0.27,7889,7889,1399-12-2
528,آتيمس,صندوق س.آرمان آتيه درخشان مس-س,79,39641,7240911994,182533,181510,181410,-1123,-0.62,182662,129,0.07,180232,184010,1399-12-2
529,گكيش,توريستي ورفاهي آبادگران كيش,78,98937,5301466135,54288,55916,53203,-1085,-2.0,54099,-189,-0.35,53203,55916,1399-12-2
530,آساميد,صندوق س.مشترك آسمان اميد -د,77,2199052,25501182384,11584,11588,11596,12,0.1,11596,12,0.1,11588,11601,1399-12-2
531,بشهاب,لامپ‌  پارس‌ شهاب‌,77,87629,13076875670,152270,149230,149230,-3040,-2.0,151460,-810,-0.53,149230,149230,1399-12-2
532,غشصفا,شيرپاستوريزه‌پگاه‌اصفهان‌,77,98215,2777532750,28850,28280,28280,-570,-1.98,28820,-30,-0.1,28280,28290,1399-12-2
533,خرينگ,رينگ‌سازي‌مشهد,77,71493,3270804750,46680,45750,45750,-930,-1.99,46620,-60,-0.13,45750,45750,1399-12-2
534,خكار,ايركا پارت صنعت,76,348966,7757514180,22680,22230,22230,-450,-1.98,22610,-70,-0.31,22230,22230,1399-12-2
535,سكه0011پ02,سكه تمام بهارتحويلي 1روزه ملت,75,14700,16741662500,1179844,1125100,1130602,-49242,-4.17,1138889,-40955,-3.47,1125100,1157000,1399-12-2
536,سدبير,س. تدبيرگران فارس وخوزستان,74,314673,29059107531,94231,92347,92347,-1884,-2.0,93114,-1117,-1.19,92347,92347,1399-12-2
537,بايكا,كارخانجات كابلسازي ‌ايران‌,74,50872,2124567336,43503,41763,41763,-1740,-4.0,43310,-193,-0.44,41763,41763,1399-12-2
538,واتي,سرمايه‌ گذاري‌ آتيه‌ دماوند,73,588691,7087851010,12280,12040,12040,-240,-1.95,12250,-30,-0.24,12040,12050,1399-12-2
539,غويتا,ويتانا,73,132950,2412244800,18514,18144,18144,-370,-2.0,18496,-18,-0.1,18144,18144,1399-12-2
540,شفارس,صنايع‌ شيميايي‌ فارس‌,72,33357,1767587430,54070,52990,52990,-1080,-2.0,54030,-40,-0.07,52990,52990,1399-12-2
541,ما,بيمه  ما,72,194249,1639302570,8600,8600,8430,-170,-1.98,8590,-10,-0.12,8430,8600,1399-12-2
542,سدشت,صنايع سيمان دشتستان,72,49213,2548249140,48850,51780,51780,2930,6.0,48990,140,0.29,51780,51780,1399-12-2
543,وملت,سرمايه گذاري ملت,72,2251364,10860579936,4922,4824,4824,-98,-1.99,4824,-98,-1.99,4824,4824,1399-12-2
544,دلقما,دارويي‌ لقمان‌,71,158254,3887034150,25060,24560,24560,-500,-2.0,25020,-40,-0.16,24560,24570,1399-12-2
545,شسينا,صنايع‌شيميايي‌سينا,70,46729,6397667390,139700,136910,136910,-2790,-2.0,139340,-360,-0.26,136910,136910,1399-12-2
546,اخزا908,اسنادخزانه-م8بودجه99-020606,70,252951,153074169611,604952,603100,605900,948,0.16,605153,201,0.03,600050,607775,1399-12-2
547,كهرام,توليدي گرانيت بهسرام,69,29255,3095500805,102730,105811,105811,3081,3.0,103193,463,0.45,105811,105811,1399-12-2
548,قمرو,قند مرودشت‌,69,64158,2343691740,37270,36530,36530,-740,-1.99,37230,-40,-0.11,36530,36530,1399-12-2
549,شزنگ,تجهيزنيروي‌زنگان‌,68,8423,1966627309,238247,233483,233483,-4764,-2.0,237769,-478,-0.2,233483,233483,1399-12-2
550,تسه9806,امتياز تسهيلات مسكن شهريور98,67,825,502780122,614931,585005,584190,-30741,-5.0,609430,-5501,-0.89,584190,635000,1399-12-2
551,وبهمن,سرمايه‌گذاري‌بهمن‌,66,105948,1774654000,17090,16750,16750,-340,-1.99,17080,-10,-0.06,16750,16800,1399-12-2
552,قنقش,قند نقش جهان,66,113278,8052819742,74051,71089,71089,-2962,-4.0,71566,-2485,-3.36,71089,71089,1399-12-2
553,كمرجان,بازرگاني و توليدي مرجان كار,66,23337,3402044523,148754,145779,145779,-2975,-2.0,148547,-207,-0.14,145779,145779,1399-12-2
554,ثرود,سرمايه‌گذاري مسكن زاينده رود,64,382552,6783412064,18093,17732,17732,-361,-2.0,18043,-50,-0.28,17732,17732,1399-12-2
555,بذر,صندوق س بذر اميد آفرين-سهام,64,21682,2116062190,99040,98010,97900,-1140,-1.15,97600,-1440,-1.45,95600,98160,1399-12-2
556,وثوق,سرمايه گذاري وثوق امين,63,182687,4714968783,26335,25809,25809,-526,-2.0,26208,-127,-0.48,25809,25809,1399-12-2
557,تسه9807,امتياز تسهيلات مسكن مهر98,62,511,314994277,620994,590022,629989,8995,1.45,616427,-4567,-0.74,590018,640000,1399-12-2
558,كارين,صندوق س نگين سامان-ثابت,62,2272910,22755113753,10166,10058,10008,-158,-1.55,10011,-155,-1.52,10005,10058,1399-12-2
559,خاور,ايران خودرو ديزل,61,500151,3281490711,6694,6561,6561,-133,-1.99,6672,-22,-0.33,6561,6561,1399-12-2
560,داسوه,داروسازي‌ اسوه‌,61,480375,19205392500,40790,39980,39980,-810,-1.99,40470,-320,-0.78,39980,39980,1399-12-2
561,وپاسار,بانك  پاسارگاد,61,251783,3081823920,12480,12240,12240,-240,-1.92,12470,-10,-0.08,12240,12240,1399-12-2
562,اخزا910,اسنادخزانه-م10بودجه99-020807,61,91817,53823362434,585348,585000,584005,-1343,-0.23,586203,855,0.15,579005,588000,1399-12-2
563,فيروزا,صندوق بادرآمد ثابت فيروزه آسيا,60,150274,3328248143,22138,22002,22158,20,0.09,22148,10,0.05,22002,22200,1399-12-2
564,مفاخر,توسعه فناوري اطلاعات خوارزمي,60,296344,21282537048,73282,71817,71817,-1465,-2.0,72646,-636,-0.87,71817,71817,1399-12-2
565,اخزا901,اسنادخزانه-م1بودجه99-010621,59,50228,36826268774,731854,722658,734000,2146,0.29,733182,1328,0.18,722658,734000,1399-12-2
566,حتوكا,حمل‌ونقل‌توكا,58,163574,4979192560,31060,30440,30440,-620,-2.0,31000,-60,-0.19,30440,30440,1399-12-2
567,خكاوه,سايپا ديزل,58,779159,3034824305,3974,3895,3895,-79,-1.99,3962,-12,-0.3,3895,3895,1399-12-2
568,كتوكا,توليدي و خدمات صنايع نسوز توكا,56,454502,17734213538,39815,39019,39019,-796,-2.0,39527,-288,-0.72,39019,39019,1399-12-2
569,كسرام,پارس‌ سرام‌,56,368619,3594035250,9940,9750,9750,-190,-1.91,9930,-10,-0.1,9750,9750,1399-12-2
570,زعف0008پ11,زعفران0008نگين سحرخيز(پ),55,261415,32678501313,125041,125001,123100,-1941,-1.55,125006,-35,-0.03,123100,125490,1399-12-2
571,ضسپا3003,اختيارخ خساپا-2000-1400/03/26,55,1885,1153068000,703,650,600,-103,-14.65,612,-91,-12.94,587,650,1399-12-2
572,سخزر,سيمان‌ خزر,54,243325,7533342000,31590,30960,30960,-630,-1.99,31490,-100,-0.32,30960,30960,1399-12-2
573,ضمخا7066,اختيارخ اخابر-12000-1400/07/28,54,1162,2022041000,3111,3900,1666,-1445,-46.45,1740,-1371,-44.07,1666,3900,1399-12-2
574,زفكا,كشت و دامداري فكا,54,330224,3987124576,12320,12074,12074,-246,-2.0,12300,-20,-0.16,12074,12074,1399-12-2
575,غفارس,شير پاستوريزه پگاه فارس,54,979210,15073958740,15708,15394,15394,-314,-2.0,15611,-97,-0.62,15394,15394,1399-12-2
576,بمپنا,توليد برق عسلويه  مپنا,54,15281,1207351810,80622,79010,79010,-1612,-2.0,80582,-40,-0.05,79010,79010,1399-12-2
577,قثابت,قند ثابت‌ خراسان‌,54,53230,3779330000,72440,71000,71000,-1440,-1.99,72330,-110,-0.15,71000,71000,1399-12-2
578,خفنر,فنرسازي‌خاور,52,82878,1800110160,22160,21720,21720,-440,-1.99,22140,-20,-0.09,21720,21720,1399-12-2
579,بنيرو,نيروترانس‌,52,278803,4310294380,15770,15460,15460,-310,-1.97,15740,-30,-0.19,15460,15460,1399-12-2
580,فمراد,آلومراد,52,23763,3458229390,148490,145530,145530,-2960,-1.99,148280,-210,-0.14,145530,145530,1399-12-2
581,لازما,كارخانه هاي صنعتي آزمايش,52,230122,8200857714,36364,35637,35637,-727,-2.0,36060,-304,-0.84,35637,35637,1399-12-2
582,غبهار,كشت وصنعت بهاران گلبهار خراسان,51,44641,1487839889,34717,33329,33329,-1388,-4.0,34609,-108,-0.31,33329,33329,1399-12-2
583,تكشا,گسترش‌صنايع‌وخدمات‌كشاورزي‌,50,58051,2861914300,50300,49300,49300,-1000,-1.99,50240,-60,-0.12,49300,49300,1399-12-2
584,آكورد2,صندوق س. آرمان آتي كوثر-د,50,5000000,5000000,30776,1,1,-30775,-100.0,1,-30775,-100.0,1,1,1399-12-2
585,فردا2,صندوق س آواي فرداي زاگرس-ثابت,50,5000000,5000000,10185,1,1,-10184,-99.99,1,-10184,-99.99,1,1,1399-12-2
586,اخزا902,اسنادخزانه-م2بودجه99-011019,50,131862,90592481317,685558,680000,687051,1493,0.22,687025,1467,0.21,679001,688000,1399-12-2
587,غمينو,شركت صنايع غذايي مينو شرق,49,87868,1080776400,12551,12300,12300,-251,-2.0,12545,-6,-0.05,12300,12300,1399-12-2
588,ختراكح,ح . ريخته‌گري‌ تراكتورسازي‌,48,462070,6504650200,14530,16270,14000,-530,-3.65,14080,-450,-3.1,14000,16270,1399-12-2
589,غدشت,دشت‌ مرغاب‌,47,78239,22786326360,297180,291240,291240,-5940,-2.0,294420,-2760,-0.93,291240,291240,1399-12-2
590,بنو,بيمه تجارت نو,47,166376,5906181624,36223,35499,35499,-724,-2.0,36136,-87,-0.24,35499,35499,1399-12-2
591,شاملاح,ح . معدني‌ املاح‌  ايران‌,46,500785,25140842000,41350,51000,50000,8650,20.92,50200,8850,21.4,50000,51000,1399-12-2
592,دجابر,داروسازي‌ جابرابن‌حيان‌,45,412931,8473344120,20930,20520,20520,-410,-1.96,20860,-70,-0.33,20520,20520,1399-12-2
593,تسه9911,امتياز تسهيلات مسكن بهمن99,45,1031,615042949,625361,592352,601000,-24361,-3.9,596550,-28811,-4.61,592352,617999,1399-12-2
594,لكما,كارخانجات‌مخابراتي‌ايران‌,45,169325,1081817425,6519,6389,6389,-130,-1.99,6512,-7,-0.11,6389,6389,1399-12-2
595,قاسم,قاسم ايران,44,360364,4869238368,13787,13512,13512,-275,-1.99,13760,-27,-0.2,13512,13512,1399-12-2
596,ضملي3002,اختيارخ فملي-10000-1400/03/02,43,657,2454555000,3113,3800,3800,687,22.07,3736,623,20.01,3270,3900,1399-12-2
597,ومعلم,بيمه معلم,43,203209,958943271,4815,4719,4719,-96,-1.99,4813,-2,-0.04,4719,4719,1399-12-2
598,ضپاس2001,اختيارخ وپارس-2500-1400/02/29,41,1064,1112921000,959,1200,1050,91,9.49,1046,87,9.07,1000,1200,1399-12-2
599,شدوص,دوده‌ صنعتي‌ پارس‌,41,234030,7060685100,30780,30170,30170,-610,-1.98,30690,-90,-0.29,30170,30170,1399-12-2
600,خاذين,سايپاآذين‌,40,535337,2521437270,4800,4710,4710,-90,-1.88,4800,0,0.0,4710,4710,1399-12-2
601,ولصنم,ليزينگ‌صنعت‌ومعدن‌,40,252856,2771301760,11180,10960,10960,-220,-1.97,11170,-10,-0.09,10960,10960,1399-12-2
602,ختور,رادياتور ايران‌,39,50643,1187578350,23920,23450,23450,-470,-1.96,23910,-10,-0.04,23450,23450,1399-12-2
603,فسپا,گروه‌صنعتي‌سپاهان‌,39,30378,1215423780,40820,40010,40010,-810,-1.98,40800,-20,-0.05,40010,40010,1399-12-2
604,ضخود2013,اختيارخ خودرو-7000-1400/02/08,39,1183,17329000,17,48,14,-3,-17.65,15,-2,-11.76,13,48,1399-12-2
605,كدما,معدني‌ دماوند,38,2646,623662200,240510,235700,235700,-4810,-2.0,240450,-60,-0.02,235700,235700,1399-12-2
606,ثنوسا,نوسازي‌وساختمان‌تهران‌,38,64827,848585430,13350,13090,13090,-260,-1.95,13350,0,0.0,13090,13090,1399-12-2
607,ركيش,كارت اعتباري ايران كيش,38,660233,17575402460,27160,26620,26620,-540,-1.99,26970,-190,-0.7,26620,26620,1399-12-2
608,سپرمي,پرميت‌,38,684270,5962728780,8628,8714,8714,86,1.0,8714,86,1.0,8714,8714,1399-12-2
609,تپكو,توليدتجهيزات‌سنگين‌هپكو,38,500373,2705516811,5517,5407,5407,-110,-1.99,5510,-7,-0.13,5407,5407,1399-12-2
610,غمارگ,مارگارين‌,38,120145,3879482050,32940,32290,32290,-650,-1.97,32890,-50,-0.15,32290,32290,1399-12-2
611,خموتور,موتورسازان‌تراكتورسازي‌ايران‌,38,103352,1542011840,15220,14920,14920,-300,-1.97,15210,-10,-0.07,14920,14920,1399-12-2
612,غگلستا,شير پاستوريزه پگاه گلستان,37,179719,5166202374,29332,28746,28746,-586,-2.0,29270,-62,-0.21,28746,28746,1399-12-2
613,دابور,داروسازي‌ ابوريحان‌,36,398115,16334658450,41860,41030,41030,-830,-1.98,41580,-280,-0.67,41030,41030,1399-12-2
614,اخزا817,اسنادخزانه-م17بودجه98-010512,36,78203,58599583511,748730,750000,750900,2170,0.29,749327,597,0.08,749000,750900,1399-12-2
615,ضشنا2001,اختيارخ شپنا-10000-1400/02/27,36,798,2612129000,3772,3500,3200,-572,-15.16,3273,-499,-13.23,3150,3640,1399-12-2
616,زعف0008پ05,زعفران0008نگين زرين(پ),36,49509,6116223170,123730,123300,123500,-230,-0.19,123538,-192,-0.16,123300,124000,1399-12-2
617,توريل,توکاريل,36,230688,5936063616,26257,25732,25732,-525,-2.0,26193,-64,-0.24,25732,25732,1399-12-2
618,الماس,صندوق س.امين تدبيرگران فردا-س,35,9361,1029785905,111111,110002,110000,-1111,-1.0,110008,-1103,-0.99,110000,111180,1399-12-2
619,ضخود2009,اختيارخ خودرو-4000-1400/02/08,34,1122,71500000,81,68,66,-15,-18.52,64,-17,-20.99,57,70,1399-12-2
620,قهكمت,قندهكمتان‌,34,37769,1725287920,46610,45680,45680,-930,-2.0,46580,-30,-0.06,45680,45680,1399-12-2
621,فولاي,صنايع فولاد آلياژي يزد,34,46593,2369626794,51895,50858,50858,-1037,-2.0,51845,-50,-0.1,50858,50858,1399-12-2
622,كپشير,پشم‌شيشه‌ايران‌,34,341737,12541747900,37440,36700,36700,-740,-1.98,37250,-190,-0.51,36700,36700,1399-12-2
623,اخزا907,اسنادخزانه-م7بودجه99-020704,33,191203,114190043148,596292,596294,595000,-1292,-0.22,597219,927,0.16,593210,598900,1399-12-2
624,اخزا909,اسنادخزانه-م9بودجه99-020316,33,111571,70699677102,634335,634335,632620,-1715,-0.27,633674,-661,-0.1,630228,635200,1399-12-2
625,وآوا,سرمايه گذاري آوا نوين,33,106331,931672222,8940,8762,8762,-178,-1.99,8937,-3,-0.03,8762,8762,1399-12-2
626,ضغدر3003,اختيارخ وغدير-9200-1400/03/26,33,760,2280000000,3909,3000,3000,-909,-23.25,3000,-909,-23.25,3000,3000,1399-12-2
627,آسام,صندوق س.آرمان سپهر آشنا-م,33,17000,1763608330,104300,102800,104900,600,0.58,103742,-558,-0.53,101120,104900,1399-12-2
628,فخاس,فولاد خراسان,32,229589,6926700130,30780,30170,30170,-610,-1.98,30740,-40,-0.13,30170,30170,1399-12-2
629,كيان2,صندوق س. با درآمد ثابت كيان,32,3200000,3200000,27212,1,1,-27211,-100.0,1,-27211,-100.0,1,1,1399-12-2
630,اخزا814,اسنادخزانه-م14بودجه98-010318,32,76486,59129396518,773081,771072,773600,519,0.07,773075,-6,0.0,771072,773600,1399-12-2
631,ضملت3001,اختيارخ وبملت-3500-1400/03/19,32,2066,1496229000,788,700,700,-88,-11.17,724,-64,-8.12,700,750,1399-12-2
632,اخزا811,اسنادخزانه-م11بودجه98-001013,31,85240,72506952506,848000,849863,850363,2363,0.28,850621,2621,0.31,849863,851890,1399-12-2
633,اخزا813,اسنادخزانه-م13بودجه98-010219,31,16864,13228908703,783725,790000,786001,2276,0.29,784447,722,0.09,783660,790000,1399-12-2
634,ضشنا2002,اختيارخ شپنا-12000-1400/02/27,31,1057,2006970000,2335,1900,1900,-435,-18.63,1899,-436,-18.67,1850,1980,1399-12-2
635,فلامي,لاميران‌,30,22266,988387740,45290,44390,44390,-900,-1.99,45270,-20,-0.04,44390,44390,1399-12-2
636,اخزا809,اسنادخزانه-م9بودجه98-000923,30,60921,52449956172,860419,861999,861417,998,0.12,860950,531,0.06,848002,861999,1399-12-2
637,فافزا,فولاد افزا سپاهان,30,137080,7318701200,54479,53390,53390,-1089,-2.0,54072,-407,-0.75,53390,53390,1399-12-2
638,كمنگنز,معادن‌منگنزايران‌,30,42820,3867502400,92160,90320,90320,-1840,-2.0,92010,-150,-0.16,90320,90320,1399-12-2
639,تسه9804,امتياز تسهيلات مسكن تير98,29,238,145529646,615649,590010,611868,-3781,-0.61,611469,-4180,-0.68,590010,619990,1399-12-2
640,صنوين,صندوق سرمايه‌گذاري صنوين-مختلط,29,9132,935826560,102190,102190,103000,810,0.79,102480,290,0.28,102190,103790,1399-12-2
641,بكاب,صنايع‌جوشكاب‌يزد,29,2055,732751350,363840,356570,356570,-7270,-2.0,363730,-110,-0.03,356570,356570,1399-12-2
642,ضفلا3005,اختيارخ فولاد-14000-1400/03/19,29,1220,998656000,807,821,801,-6,-0.74,819,12,1.49,750,900,1399-12-2
643,فجام,جام‌دارو,29,48123,490854600,10400,10200,10200,-200,-1.92,10400,0,0.0,10200,10200,1399-12-2
644,خديزل,بهمن  ديزل,28,21180,910867080,43883,43006,43006,-877,-2.0,43867,-16,-0.04,43006,43006,1399-12-2
645,كاذر,فرآورده‌هاي‌نسوزآذر,28,96828,3221467560,33940,33270,33270,-670,-1.97,33900,-40,-0.12,33270,33270,1399-12-2
646,اخزا808,اسنادخزانه-م8بودجه98-000817,28,43328,37913743765,874394,874552,875041,647,0.07,875040,646,0.07,874542,875102,1399-12-2
647,ثروتم,صندوق س. ثروت آفرين پارسيان-س,28,16410,1335823600,82412,81610,80600,-1812,-2.2,81403,-1009,-1.22,80100,82890,1399-12-2
648,دپارس,پارس‌ دارو,28,11202,963484020,87760,86010,86010,-1750,-1.99,87730,-30,-0.03,86010,86010,1399-12-2
649,گنجين,صندوق س. گنجينه يكم آويد-د,27,34184,419236476,12248,12257,12273,25,0.2,12264,16,0.13,12257,12278,1399-12-2
650,وكادو,تكادو,27,57812,1203241156,21237,20813,20813,-424,-2.0,21211,-26,-0.12,20813,20813,1399-12-2
651,پرداخت,به پرداخت ملت,27,38508,1373965440,36400,35680,35680,-720,-1.98,36380,-20,-0.05,35680,35680,1399-12-2
652,زعف0008پ16,زعفران0008نگين بيرجند(پ),27,27000,3335281900,123513,123785,123449,-64,-0.05,123529,16,0.01,123400,123785,1399-12-2
653,زكشت,كشاورزي مكانيزه اصفهان كشت,27,161555,6504688965,41084,40263,40263,-821,-2.0,40975,-109,-0.27,40263,40263,1399-12-2
654,تسه9805,امتياز تسهيلات مسكن مرداد98,26,161,99810269,616662,600000,630000,13338,2.16,619940,3278,0.53,600000,630000,1399-12-2
655,غدام,خوراك‌  دام‌ پارس‌,26,1704,676215360,404930,396840,396840,-8090,-2.0,404820,-110,-0.03,396840,396840,1399-12-2
656,ضفلا3004,اختيارخ فولاد-12000-1400/03/19,26,684,1235439000,1857,1800,1999,142,7.65,1806,-51,-2.75,1750,2000,1399-12-2
657,خوساز,محورسازان‌ايران‌خودرو,26,85153,672708700,8060,7900,7900,-160,-1.99,8060,0,0.0,7900,7900,1399-12-2
658,شپلي,پلي اكريل ايران,25,74779,815315437,11125,10903,10903,-222,-2.0,11113,-12,-0.11,10903,10903,1399-12-2
659,سجام,مجتمع سيمان غرب آسيا,25,53660,273558680,5202,5098,5098,-104,-2.0,5201,-1,-0.02,5098,5098,1399-12-2
660,ضخود2011,اختيارخ خودرو-5000-1400/02/08,24,943,32420000,44,60,35,-9,-20.45,34,-10,-22.73,32,60,1399-12-2
661,ثقزوي,شركت عمران و سازندگي قزوين,23,163766,5167636130,32198,31555,31555,-643,-2.0,32028,-170,-0.53,31555,31555,1399-12-2
662,ثاباد,توريستي ورفاهي آبادگران ايران,23,18832,1040091360,56350,55230,55230,-1120,-1.99,56330,-20,-0.04,55230,55230,1399-12-2
663,اخزا812,اسنادخزانه-م12بودجه98-001111,22,69969,58786018045,837848,839705,840205,2357,0.28,840172,2324,0.28,839705,841889,1399-12-2
664,قلرست,قند لرستان‌,21,57688,2048500880,36230,35510,35510,-720,-1.99,36200,-30,-0.08,35510,35510,1399-12-2
665,زعف0008پ20,زعفران0008نگين وحدت جام(پ),20,17507,2150357643,122624,122222,122500,-124,-0.1,122828,204,0.17,122167,123200,1399-12-2
666,طمخا2008,اختيارف اخابر-28000-1400/02/29,20,1950,31152050000,15879,15879,15979,100,0.63,15975,96,0.6,15879,15979,1399-12-2
667,اخزا904,اسنادخزانه-م4بودجه99-011215,20,32090,21356738476,666710,662310,666422,-288,-0.04,665526,-1184,-0.18,662310,666500,1399-12-2
668,اراد50,مرابحه عام دولت5-ش.خ0302,20,436500,436500400000,1000000,1000000,1000001,1,0.0,1000001,1,0.0,1000000,1000001,1399-12-2
669,وحافظ,بيمه حافظ,19,7513,520132503,70643,69231,69231,-1412,-2.0,70568,-75,-0.11,69231,69231,1399-12-2
670,ضملت3004,اختيارخ وبملت-5000-1400/03/19,19,449,106750000,198,200,250,52,26.26,238,40,20.2,200,250,1399-12-2
671,وسكهبو,س.عدالت ا. كهگيلويه وبويراحمد,18,141923,157534530,1130,1110,1110,-20,-1.77,1130,0,0.0,1110,1110,1399-12-2
672,ثنظام,س. ساختماني نظام مهندسي ايران,18,11889,569768436,48902,47924,47924,-978,-2.0,48874,-28,-0.06,47924,47924,1399-12-2
673,كيا,كيا الكترود شرق,17,734300,5751771900,7460,7833,7833,373,5.0,7833,373,5.0,7833,7833,1399-12-2
674,پيشگام,ص.ج.رشد يكم پيشگام 20%تاديه,17,538990,107798000000,200000,200000,200000,0,0.0,200000,0,0.0,200000,200000,1399-12-2
675,اوصتا,صندوق انديشه ورزان صباتامين -د,17,22130,396515598,17923,17927,17915,-8,-0.04,17918,-5,-0.03,17915,17927,1399-12-2
676,اخزا806,اسنادخزانه-م6بودجه98-000519,16,15811,14463765547,913225,913542,915004,1779,0.19,914791,1566,0.17,913542,916490,1399-12-2
677,سخواف,سيمان مجد خواف,16,23482,402411034,17486,17137,17137,-349,-2.0,17479,-7,-0.04,17137,17137,1399-12-2
678,اخزا721,اسنادخزانه-م21بودجه97-000728,16,16024,14124213661,880471,881062,882505,2034,0.23,881441,970,0.11,881062,882505,1399-12-2
679,اخزا818,اسنادخزانه-م18بودجه98-010614,16,3155,2332544541,735495,735000,737001,1506,0.2,739317,3822,0.52,735000,744999,1399-12-2
680,تشتاد,صنايع توليدي اشتاد ايران‌,16,65712,1016958912,15791,15476,15476,-315,-1.99,15775,-16,-0.1,15476,15476,1399-12-2
681,داريك,صندوق س.اعتماد داريك-د,16,202948,2080248332,10246,10251,10255,9,0.09,10250,4,0.04,10172,10275,1399-12-2
682,وپسا,س. پتروشيمي ساختمان  خليج فارس,16,73417,220618085,3066,3005,3005,-61,-1.99,3065,-1,-0.03,3005,3005,1399-12-2
683,زنجان,صنايع كشاورزي وكود زنجان,16,63532,593134752,9526,9336,9336,-190,-1.99,9520,-6,-0.06,9336,9336,1399-12-2
684,قشهد,شهد,16,13505,472134800,35670,34960,34960,-710,-1.99,35660,-10,-0.03,34960,34960,1399-12-2
685,وبيمهح,ح . سرمايه‌ گذاري‌ صنعت‌ بيمه‌,15,470256,700681440,1550,1490,1490,-60,-3.87,1490,-60,-3.87,1490,1490,1399-12-2
686,گپارس,امور رفاهي كارگزاران پارس,14,1908,393126228,210245,206041,206041,-4204,-2.0,210161,-84,-0.04,206041,206041,1399-12-2
687,ضجار2003,اختيارخ وتجارت-3000-1400/02/22,14,406,119114000,300,300,290,-10,-3.33,293,-7,-2.33,280,300,1399-12-2
688,اخزا816,اسنادخزانه-م16بودجه98-010503,14,7074,5312403136,751089,751000,754000,2911,0.39,750976,-113,-0.02,747534,754000,1399-12-2
689,كساپا,سايپاشيشه‌,14,11509,455296040,40360,39560,39560,-800,-1.98,40350,-10,-0.02,39560,39560,1399-12-2
690,داراب,پتروشيمي داراب,14,237440,560358400,2458,2360,2360,-98,-3.99,2455,-3,-0.12,2360,2360,1399-12-2
691,ولراز,ليزينگ رازي,14,1626,89524308,56181,55058,55058,-1123,-2.0,56176,-5,-0.01,55058,55058,1399-12-2
692,فسا,پتروشيمي فسا,14,205424,374282528,1859,1822,1822,-37,-1.99,1858,-1,-0.05,1822,1822,1399-12-2
693,ضپاس2000,اختيارخ وپارس-2000-1400/02/29,13,350,537130000,1400,1500,1550,150,10.71,1535,135,9.64,1500,1560,1399-12-2
694,دتمادح,ح . توليدمواداوليه‌داروپخش‌,13,120168,5047056000,35770,42000,42000,6230,17.42,42000,6230,17.42,42000,42000,1399-12-2
695,اخزا804,اسنادخزانه-م4بودجه98-000421,13,13892,12887727844,931744,926005,929501,-2243,-0.24,927709,-4035,-0.43,926001,930000,1399-12-2
696,ومشان,س. فني و مهندسي مشانير,13,6029,491037934,83108,81446,81446,-1662,-2.0,83066,-42,-0.05,81446,81446,1399-12-2
697,جهرم,پتروشيمي جهرم,13,65511,130432401,2031,1991,1991,-40,-1.97,2031,0,0.0,1991,1991,1399-12-2
698,حاريا,كشتيراني آريا,12,19305,550675125,29107,28525,28525,-582,-2.0,29091,-16,-0.05,28525,28525,1399-12-2
699,وآتوس,س.آرين توسكا قيمت اسمي 350ريال,12,9106,408923142,46778,44907,44907,-1871,-4.0,46738,-40,-0.09,44907,44907,1399-12-2
700,رتكو,كنترل‌خوردگي‌تكين‌كو,11,303060,5849058000,19690,19300,19300,-390,-1.98,19640,-50,-0.25,19300,19300,1399-12-2
701,ضمخا7075,اختيارخ اخابر-9000-1400/07/28,11,56,163388000,3788,3500,2800,-988,-26.08,2918,-870,-22.97,2800,3500,1399-12-2
702,اطلس2,صندوق س.توسعه اندوخته آينده-س,11,110000,110000,200432,1,1,-200431,-100.0,1,-200431,-100.0,1,1,1399-12-2
703,سخند,صندوق س.سپهرخبرگان نفت-د,10,81790,824850300,10075,10086,10084,9,0.09,10085,10,0.1,10084,10086,1399-12-2
704,ضفلا3003,اختيارخ فولاد-10000-1400/03/19,10,359,1184300000,3312,3200,3300,-12,-0.36,3299,-13,-0.39,3200,3395,1399-12-2
705,ضجار2000,اختيارخ وتجارت-1800-1400/02/22,10,980,1041300000,1300,721,1050,-250,-19.23,1063,-237,-18.23,712,1600,1399-12-2
706,ضخود2012,اختيارخ خودرو-6000-1400/02/08,10,431,10404000,35,28,24,-11,-31.43,24,-11,-31.43,22,28,1399-12-2
707,سمايه,بانك سرمايه,10,18270,129022740,7206,7062,7062,-144,-2.0,7205,-1,-0.01,7062,7062,1399-12-2
708,اعتلاح,ح سرمايه گذاري اعتلاء البرز,10,726800,4579880800,6351,6400,6300,-51,-0.8,6301,-50,-0.79,6300,6400,1399-12-2
709,كتوكاح,ح.توليدي وخدمات صنايع نسوزتوكا,10,10003,240662177,24550,24059,24059,-491,-2.0,24059,-491,-2.0,24059,24059,1399-12-2
710,كابگن,توليدي و صنعتي آبگينه‌,10,189773,976571858,5096,5146,5146,50,0.98,5106,10,0.2,5146,5146,1399-12-2
711,آبين,كشت و صنعت آبشيرين,10,29532,124506912,4302,4216,4216,-86,-2.0,4301,-1,-0.02,4216,4216,1399-12-2
712,اخزا820,اسنادخزانه-م20بودجه98-020806,9,655,393710372,590000,590000,603990,13990,2.37,601085,11085,1.88,590000,603990,1399-12-2
713,اخزا821,اسنادخزانه-م21بودجه98-020906,9,3126,1825888843,581773,593800,581000,-773,-0.13,584097,2324,0.4,581000,593800,1399-12-2
714,اخزا905,اسنادخزانه-م5بودجه99-020218,9,49358,31787163208,642730,644500,641738,-992,-0.15,644012,1282,0.2,641738,646699,1399-12-2
715,وسيستا,شركت س استان سيستان وبلوچستان,9,597895,454400200,770,760,760,-10,-1.3,770,0,0.0,760,760,1399-12-2
716,ضمخا7071,اختيارخ اخابر-24000-1400/07/28,9,363,71828000,200,298,206,6,3.0,198,-2,-1.0,190,298,1399-12-2
717,وسكرد,شركت س استان كردستان,9,213793,156068890,740,730,730,-10,-1.35,740,0,0.0,730,730,1399-12-2
718,ضشنا2003,اختيارخ شپنا-14000-1400/02/27,9,197,219355000,1381,1100,1100,-281,-20.35,1113,-268,-19.41,1100,1200,1399-12-2
719,ثعتما,س. ساختماني اعتماد گستر,9,19104,1291774272,68997,67618,67618,-1379,-2.0,68906,-91,-0.13,67618,67618,1399-12-2
720,كباده,توليد خاك نسوزاستقلال آباده,8,30373,268436574,8418,8838,8838,420,4.99,8423,5,0.06,8838,8838,1399-12-2
721,لخانه,لوازم‌ خانگي‌ پارس‌,8,102755,2904472830,28842,28266,28266,-576,-2.0,28757,-85,-0.29,28266,28266,1399-12-2
722,كيسون,شركت كيسون,8,6062,87565590,14739,14445,14445,-294,-1.99,14738,-1,-0.01,14445,14445,1399-12-2
723,عيار2,صندوق س. پشتوانه طلاي مفيد,8,80000,80000,29570,1,1,-29569,-100.0,1,-29569,-100.0,1,1,1399-12-2
724,كصدف,كاشي صدف سرام استقلال آباده,8,3030,76562040,25783,25268,25268,-515,-2.0,25781,-2,-0.01,25268,25268,1399-12-2
725,ضجار2005,اختيارخ وتجارت-4000-1400/02/22,8,80,5458000,100,88,66,-34,-34.0,68,-32,-32.0,51,88,1399-12-2
726,شپارسح,ح . بين‌ المللي‌محصولات پارس‌,8,13053,234954000,17950,18000,18000,50,0.28,18000,50,0.28,18000,18000,1399-12-2
727,سجامح,ح.مجتمع سيمان غرب آسيا,7,17771,49101273,2819,2763,2763,-56,-1.99,2763,-56,-1.99,2763,2763,1399-12-2
728,سكارون,سيمان كارون,7,1647,291240657,180439,176831,176831,-3608,-2.0,180385,-54,-0.03,176831,176831,1399-12-2
729,گوهر2,صندوق سكه طلاي كيان,7,70000,70000,58322,1,1,-58321,-100.0,1,-58321,-100.0,1,1,1399-12-2
730,زعف0008پ10,زعفران0008نگين طلاي سرخ(پ),7,9629,1196240265,125072,124201,125960,888,0.71,124233,-839,-0.67,124200,126499,1399-12-2
731,وسرضوي,س.سهام عدالت استان خراسان رضوي,7,134884,136232840,1030,1010,1010,-20,-1.94,1030,0,0.0,1010,1010,1399-12-2
732,پست0008پ09,پسته بادامي30-28مه ولات0008(پ),7,859,1202440000,1370000,1395000,1400000,30000,2.19,1399814,29814,2.18,1395000,1400000,1399-12-2
733,زعف0008پ08,زعفران0008نگين روستا(پ),7,3120,385369240,123800,123000,123778,-22,-0.02,123516,-284,-0.23,122260,123778,1399-12-2
734,ضصاد3002,اختيارخ وبصادر-2500-1400/03/12,7,310,102920000,355,333,330,-25,-7.04,332,-23,-6.48,330,333,1399-12-2
735,اراد65,مرابحه عام دولتي65-ش.خ0210,6,1070000,992735300000,927610,927790,927790,180,0.02,927790,180,0.02,927790,927790,1399-12-2
736,اخزا718,اسنادخزانه-م18بودجه97-000525,6,3191,2907563160,910091,910591,911301,1210,0.13,911176,1085,0.12,910591,915500,1399-12-2
737,ضشنا2000,اختيارخ شپنا-9000-1400/02/27,6,55,231979000,4582,4503,4161,-421,-9.19,4218,-364,-7.94,4150,4503,1399-12-2
738,اشاد10,مشاركت دولتي10-شرايط خاص001226,6,2900,2792575200,961978,961978,969989,8011,0.83,962957,979,0.1,952000,969989,1399-12-2
739,رطب0002پ01,رطب مضافتي0002افشارتعاون بم(پ),6,166,32938850,206667,200000,201500,-5167,-2.5,198427,-8240,-3.99,196334,201500,1399-12-2
740,ضپيك2009,اختيارخ تاپيكو-10000-00/02/19,6,35,101500000,3000,2900,2900,-100,-3.33,2900,-100,-3.33,2900,2900,1399-12-2
741,سفاسي,شركت فارسيت اهواز,5,8333,118970241,14568,14277,14277,-291,-2.0,14566,-2,-0.01,14277,14277,1399-12-2
742,ضترا3004,اختيارخ شتران-10000-1400/03/09,5,125,144450000,1000,1156,1154,154,15.4,1156,156,15.6,1154,1156,1399-12-2
743,زعف0008پ18,زعفران0008نگين بهرامن(پ),5,3000,374250000,125000,125000,124500,-500,-0.4,124750,-250,-0.2,124500,125000,1399-12-2
744,ضسپا3005,اختيارخ خساپا-3000-1400/03/26,5,28,6603000,350,201,280,-70,-20.0,236,-114,-32.57,188,300,1399-12-2
745,ضپيك2010,اختيارخ تاپيكو-12000-00/02/19,5,50,71800000,1850,1500,1500,-350,-18.92,1436,-414,-22.38,1400,1500,1399-12-2
746,قجام,فرآوردههاي غذايي وقندتربت‌جام‌,5,1584,26034624,16771,16436,16436,-335,-2.0,16770,-1,-0.01,16436,16436,1399-12-2
747,ضپاس2006,اختيارخ وپارس-5000-1400/02/29,5,112,17500000,183,160,150,-33,-18.03,156,-27,-14.75,150,220,1399-12-2
748,اخزا807,اسنادخزانه-م7بودجه98-000719,5,4951,4388933801,885441,886442,886500,1059,0.12,886474,1033,0.12,886442,886501,1399-12-2
749,ضفلا3002,اختيارخ فولاد-9000-1400/03/19,5,420,1722000000,4424,4100,4100,-324,-7.32,4100,-324,-7.32,4100,4100,1399-12-2
750,شسم,توليد سموم‌ علف‌ كش,5,4790,433413570,88709,90483,90483,1774,2.0,88784,75,0.08,90483,90483,1399-12-2
751,سلار,شركت سيمان لارستان,5,1343,80939924,61497,60268,60268,-1229,-2.0,61492,-5,-0.01,60268,60268,1399-12-2
752,شستا991,اجاره تامين اجتماعي-امين991226,5,119,118809999,999998,990000,1000000,2,0.0,998403,-1595,-0.16,990000,1000000,1399-12-2
753,وساشرقي,شركت س استان آذربايجان شرقي,5,68281,65549760,970,960,960,-10,-1.03,970,0,0.0,960,960,1399-12-2
754,تملي703,تسهيلات مسكن ب. ملي-خرداد97,5,180,78963673,440140,418272,462146,22006,5.0,438687,-1453,-0.33,418133,462146,1399-12-2
755,ضمخا7067,اختيارخ اخابر-14000-1400/07/28,4,38,47028000,1001,1900,1001,0,0.0,1238,237,23.68,1001,1900,1399-12-2
756,وسلرستا,شركت س استان لرستان,4,34048,30302720,900,890,890,-10,-1.11,900,0,0.0,890,890,1399-12-2
757,ضسپا3008,اختيارخ خساپا-4500-1400/03/26,4,8,226000,33,40,26,-7,-21.21,28,-5,-15.15,26,40,1399-12-2
758,وسگيلا,شركت س استان گيلان,4,36500,28835000,800,790,790,-10,-1.25,800,0,0.0,790,790,1399-12-2
759,اخزا713,اسنادخزانه-م13بودجه97-000518,4,873,798757576,914121,912661,915000,879,0.1,914957,836,0.09,912661,915000,1399-12-2
760,آگاس2,صندوق س.هستي بخش آگاه-س,4,1500000,1500000,65621,1,1,-65620,-100.0,1,-65620,-100.0,1,1,1399-12-2
761,تملي709,تسهيلات مسكن ب. ملي-آذر97,4,160,89072080,572001,543401,570000,-2001,-0.35,556700,-15301,-2.67,543401,570000,1399-12-2
762,وسخراش,شركت س استان خراسان شمالي,4,84000,113400000,1370,1350,1350,-20,-1.46,1370,0,0.0,1350,1350,1399-12-2
763,افران2,صندوق س افرا نماد پايدار-ثابت,4,400000,400000,12711,1,1,-12710,-99.99,1,-12710,-99.99,1,1,1399-12-2
764,كمند2,صندوق س. با درآمد ثابت كمند,4,210000000,210000000,10078,1,1,-10077,-99.99,1,-10077,-99.99,1,1,1399-12-2
765,ضفار3000,اختيارخ فارس-8000-1400/03/05,4,55,103500000,2200,1900,1850,-350,-15.91,1882,-318,-14.45,1850,1900,1399-12-2
766,زعف0008پ15,زعفران0008پوشالمعمول طلاسرخ(پ),4,449,36708500,83000,82500,81500,-1500,-1.81,81756,-1244,-1.5,81500,83000,1399-12-2
767,ضترا3000,اختيارخ شتران-6000-1400/03/09,4,30,91371000,3605,3111,3040,-565,-15.67,3046,-559,-15.51,3040,3111,1399-12-2
768,وسمازن,س.سهام عدالت استان مازندران,4,41100,39456000,970,960,960,-10,-1.03,970,0,0.0,960,960,1399-12-2
769,زعف0008پ12,زعفران0008پوشالمعمول سحرخيز(پ),4,400,33270000,82980,82500,83700,720,0.87,83175,195,0.23,82500,83700,1399-12-2
770,حرهشا,رهشاد سپاهان (سهامي عام,4,1175,75324550,65414,64106,64106,-1308,-2.0,65404,-10,-0.02,64106,64106,1399-12-2
771,زعف0008پ19,زعفران0008نگين تروند قاينات(پ),4,7368,894957504,122500,122500,121303,-1197,-0.98,121465,-1035,-0.84,121303,122500,1399-12-2
772,دحاوي,الحاوي,4,1950,23427300,12259,12014,12014,-245,-2.0,12259,0,0.0,12014,12014,1399-12-2
773,ثاژن,سخت آژند,4,4046,40840324,10299,10094,10094,-205,-1.99,10298,-1,-0.01,10094,10094,1399-12-2
774,اخزا805,اسنادخزانه-م5بودجه98-000422,4,20900,19437042000,929000,930003,930000,1000,0.11,930002,1002,0.11,930000,930003,1399-12-2
775,ضسپا3000,اختيارخ خساپا-1400-1400/03/26,3,58,66858000,1108,1199,1160,52,4.69,1153,45,4.06,1150,1199,1399-12-2
776,اخزا723,اسنادخزانه-م23بودجه97-000824,3,6821,5938121834,870060,870554,871054,994,0.11,870565,505,0.06,870554,871054,1399-12-2
777,پست0008پ04,پسته فندقي32-30سبزدانه0008(پ),3,55,71870325,1370000,1293785,1370000,0,0.0,1306733,-63267,-4.62,1293785,1370000,1399-12-2
778,رطب0002پ02,رطب مضافتي0002اتحاديه كرمان(پ),3,65,12901500,198660,199100,197100,-1560,-0.79,198485,-175,-0.09,197100,199100,1399-12-2
779,نگين,ص.س. زمين و ساختمان نگين شهرري,3,660,31369800,47880,47530,47530,-350,-0.73,47530,-350,-0.73,47530,47530,1399-12-2
780,پست0008پ08,پسته فندقي32-30مه ولات0008(پ),3,55,75560000,1361798,1375000,1375000,13202,0.97,1373818,12020,0.88,1370000,1375000,1399-12-2
781,پست0008پ02,پسته فندقي32-30طلاسبززرند0008,3,13,18589623,1361842,1429971,1429971,68129,5.0,1429971,68129,5.0,1429971,1429971,1399-12-2
782,تملي706,تسهيلات مسكن ب. ملي-شهريور97,3,54,26855928,497332,472466,522198,24866,5.0,497332,0,0.0,472466,522198,1399-12-2
783,فبستم,صنايع ‌بسته‌بندي‌ مشهد,3,16088,13127808,793,816,816,23,2.9,793,0,0.0,816,816,1399-12-2
784,وسفارس,شركت س استان فارس,3,69051,69741510,1030,1010,1010,-20,-1.94,1030,0,0.0,1010,1010,1399-12-2
785,ضملت3002,اختيارخ وبملت-4000-1400/03/19,3,126,64000000,502,500,500,-2,-0.4,508,6,1.2,500,510,1399-12-2
786,اخزا810,اسنادخزانه-م10بودجه98-001006,3,831,708221402,851000,852251,852252,1252,0.15,852252,1252,0.15,852251,852252,1399-12-2
787,اراد45,مرابحه عام دولت4-ش.خ 0107,3,62000,60439975000,970000,969999,990000,20000,2.06,974838,4838,0.5,969999,990000,1399-12-2
788,خاتم2,صندوق س خاتم ايساتيس پويا-ثابت,3,3000000,3000000,10548,1,1,-10547,-99.99,1,-10547,-99.99,1,1,1399-12-2
789,ضملي3001,اختيارخ فملي-9000-1400/03/02,3,28,127400000,4283,4100,4700,417,9.74,4550,267,6.23,4100,4700,1399-12-2
790,وسقم,شركت س استان قم,2,8656,12031840,1410,1390,1390,-20,-1.42,1410,0,0.0,1390,1390,1399-12-2
791,فايرا2,آلومينيوم‌ايران‌,2,28600000,766220000000,26960,26960,26700,-260,-0.96,26791,-169,-0.63,26700,26960,1399-12-2
792,وسكرشا,س.سهام عدالت استان كرمانشاه,2,9000,11160000,1260,1240,1240,-20,-1.59,1260,0,0.0,1240,1240,1399-12-2
793,ضملت3000,اختيارخ وبملت-3000-1400/03/19,2,35,43400000,1400,1240,1240,-160,-11.43,1240,-160,-11.43,1240,1240,1399-12-2
794,اخزا8152,اسنادخزانه-م15بودجه98-010406,2,700667,531256122100,765414,756000,766300,886,0.12,758215,-7199,-0.94,756000,766300,1399-12-2
795,تملي612,تسهيلات مسكن بانك ملي-اسفند96,2,173,128019827,730883,739999,739999,9116,1.25,739999,9116,1.25,739999,739999,1399-12-2
796,تملي710,تسهيلات مسكن ب. ملي-دي97,2,10,5493280,578239,549328,549328,-28911,-5.0,549328,-28911,-5.0,549328,549328,1399-12-2
797,تملي803,تسهيلات مسكن ب. ملي-خرداد98,2,39,20796126,507842,533234,533234,25392,5.0,533234,25392,5.0,533234,533234,1399-12-2
798,وسصفا,شركت س استان اصفهان,2,9800,10290000,1070,1050,1050,-20,-1.87,1070,0,0.0,1050,1050,1399-12-2
799,ضخود2010,اختيارخ خودرو-4500-1400/02/08,2,115,5045000,51,44,43,-8,-15.69,44,-7,-13.73,43,44,1399-12-2
800,فسديد,لوله‌وتجهيزات‌ سديد - ورشكسته,2,897,105404676,118694,117508,117508,-1186,-1.0,118669,-25,-0.02,117508,117508,1399-12-2
801,ضسپا3007,اختيارخ خساپا-4000-1400/03/26,2,2,100000,1,50,50,49,4900.0,50,49,4900.0,50,50,1399-12-2
802,ضفار3001,اختيارخ فارس-9000-1400/03/05,2,6,6610000,1236,1110,1100,-136,-11.0,1102,-134,-10.84,1100,1110,1399-12-2
803,ضملي3000,اختيارخ فملي-8000-1400/03/02,2,21,118200000,4911,5200,5650,739,15.05,5629,718,14.62,5200,5650,1399-12-2
804,ضپاس2005,اختيارخ وپارس-4500-1400/02/29,2,111,26276000,300,250,116,-184,-61.33,237,-63,-21.0,116,250,1399-12-2
805,شتهران,داروسازي تهران شيمي,2,37057,296418943,7692,7999,7999,307,3.99,7701,9,0.12,7999,7999,1399-12-2
806,پا ر 3,بار پايه روز 3,2,33500,11825000,385,370,350,-35,-9.09,353,-32,-8.31,350,370,1399-12-2
807,ياقوت2,صندوق س ياقوت آگاه-ثابت,2,1557000,1557000,11909,1,1,-11908,-99.99,1,-11908,-99.99,1,1,1399-12-2
808,زير0003پ01,زيره سبز0003كيميابذر(پ),2,37,17237412,480000,465876,465876,-14124,-2.94,465876,-14124,-2.94,465876,465876,1399-12-2
809,ضفار3002,اختيارخ فارس-10000-1400/03/05,2,97,110267000,1150,1141,1100,-50,-4.35,1137,-13,-1.13,1100,1141,1399-12-2
810,اوصتا4,صندوق انديشه ورزان صباتامين -د,2,17140000,307148800000,17923,17920,17920,-3,-0.02,17920,-3,-0.02,17920,17920,1399-12-2
811,تفيرو,مهندسي فيروزا,2,4508,89582976,19108,19872,19872,764,4.0,19115,7,0.04,19872,19872,1399-12-2
812,ضغدر3004,اختيارخ وغدير-11200-1400/03/26,2,60,120000000,2000,2000,2000,0,0.0,2000,0,0.0,2000,2000,1399-12-2
813,سرو2,صندوق س سروسودمند مدبران-سهام,2,600000,600000,67180,1,1,-67179,-100.0,1,-67179,-100.0,1,1,1399-12-2
814,ضملي3007,اختيارخ فملي-20000-1400/03/02,2,20,1100000,1,55,55,54,5400.0,55,54,5400.0,55,55,1399-12-2
815,ضغدر3002,اختيارخ وغدير-8200-1400/03/26,2,65,281500000,3500,4100,4400,900,25.71,4331,831,23.74,4100,4400,1399-12-2
816,اراد524,مرابحه عام دولت5-ش.خ 0108,1,3000000,2863059000000,1000000,954353,954353,-45647,-4.56,954353,-45647,-4.56,954353,954353,1399-12-2
817,ضچاد2001,اختيارخ كچاد-14000-1400/02/05,1,20,140000000,8200,7000,7000,-1200,-14.63,7000,-1200,-14.63,7000,7000,1399-12-2
818,ضبدر3001,اختيارخ شبندر-16000-1400/03/30,1,3,30333000,10072,10111,10111,39,0.39,10111,39,0.39,10111,10111,1399-12-2
819,بگيلان2,توسعه مسير برق گيلان,1,21500000,453736000000,21104,21104,21104,0,0.0,21104,0,0.0,21104,21104,1399-12-2
820,وسبوشهر,شركت س استان بوشهر,1,15000,18600000,1260,1240,1240,-20,-1.59,1260,0,0.0,1240,1240,1399-12-2
821,صبا1401,اجاره مهندسي صبا نفت14010225,1,50,49427500,988550,988550,988550,0,0.0,988550,0,0.0,988550,988550,1399-12-2
822,تملي802,تسهيلات مسكن ب. ملي-ارديبهشت98,1,8,5474248,720295,684281,684281,-36014,-5.0,684281,-36014,-5.0,684281,684281,1399-12-2
823,اخزا720,اسنادخزانه-م20بودجه97-000324,1,31,29415900,943530,948900,948900,5370,0.57,948900,5370,0.57,948900,948900,1399-12-2
824,پا ر 39,بار پايه روز 39,1,28500,9975000,350,350,350,0,0.0,350,0,0.0,350,350,1399-12-2
825,ضمخا7070,اختيارخ اخابر-20000-1400/07/28,1,7,10500000,1575,1500,1500,-75,-4.76,1500,-75,-4.76,1500,1500,1399-12-2
826,حكمت01,مشاركت حكمت ايرانيان 140107,1,5,5000000,987500,1000000,1000000,12500,1.27,1000000,12500,1.27,1000000,1000000,1399-12-2
827,شلرد02,كود شيميايي اوره لردگان,1,7,6951000,993000,993000,993000,0,0.0,993000,0,0.0,993000,993000,1399-12-2
828,ضسپا3001,اختيارخ خساپا-1600-1400/03/26,1,10,9900000,1100,990,990,-110,-10.0,990,-110,-10.0,990,990,1399-12-2
829,ثاميد4,توسعه و عمران اميد,1,352000000,594880000000,1710,1690,1690,-20,-1.17,1690,-20,-1.17,1690,1690,1399-12-2
830,تملي806,تسهيلات مسكن ب. ملي-شهريور98,1,9,5093559,595737,565951,565951,-29786,-5.0,565951,-29786,-5.0,565951,565951,1399-12-2
831,اراد55,مرابحه عام دولت5-ش.خ 0209,1,1000,960000000,930000,960000,960000,30000,3.23,960000,30000,3.23,960000,960000,1399-12-2
832,شستا004,اجاره تامين اجتماعي-نوين000523,1,1,983002,985999,983002,983002,-2997,-0.3,983002,-2997,-0.3,983002,983002,1399-12-2
833,صينا205,صكوك منفعت سينا دارو-3ماهه 19%,1,2,1950000,981709,975000,975000,-6709,-0.68,975000,-6709,-0.68,975000,975000,1399-12-2
834,اروند092,منفعت صبا اروند نوين 14001222,1,1000000,929500000000,918418,929500,929500,11082,1.21,929500,11082,1.21,929500,929500,1399-12-2
835,پا ر 41,بار پايه روز 41,1,28500,9975000,520,350,350,-170,-32.69,350,-170,-32.69,350,350,1399-12-2
836,مگچسا1042,مشاركت گچساران- 3 ماهه 18%,1,1203044,1174170944000,1001920,976000,976000,-25920,-2.59,976000,-25920,-2.59,976000,976000,1399-12-2
837,تملي704,تسهيلات مسكن ب. ملي-تير97,1,6,5780700,1014157,963450,963450,-50707,-5.0,963450,-50707,-5.0,963450,963450,1399-12-2
838,شلرد022,كود شيميايي اوره لردگان,1,1912248,1898862264000,993000,993000,993000,0,0.0,993000,0,0.0,993000,993000,1399-12-2
839,ضجار2006,اختيارخ وتجارت-4500-1400/02/22,1,10,550000,107,55,55,-52,-48.6,55,-52,-48.6,55,55,1399-12-2
840,اراد22,مرابحه عام دولت2-ش.خ لوتوس0212,1,3000,2805000000,940000,935000,935000,-5000,-0.53,935000,-5000,-0.53,935000,935000,1399-12-2
841,اخزا716,اسنادخزانه-م16بودجه97-000407,1,40,37640000,934000,941000,941000,7000,0.75,941000,7000,0.75,941000,941000,1399-12-2
842,ضسپا3002,اختيارخ خساپا-1800-1400/03/26,1,10,8000000,807,800,800,-7,-0.87,800,-7,-0.87,800,800,1399-12-2
843,ضسپا3006,اختيارخ خساپا-3500-1400/03/26,1,40,2400000,1,60,60,59,5900.0,60,59,5900.0,60,60,1399-12-2
844,وكارح2,ح . بانك‌ كارآفرين‌,1,113286148,138209100560,1260,1220,1220,-40,-3.17,1220,-40,-3.17,1220,1220,1399-12-2
845,اراد534,مرابحه عام دولت5-ش.خ 0207,1,322165,302113772565,958293,937761,937761,-20532,-2.14,937761,-20532,-2.14,937761,937761,1399-12-2
846,فخوز2,فولاد  خوزستان,1,8000000,103920000000,13230,12990,12990,-240,-1.81,12990,-240,-1.81,12990,12990,1399-12-2
847,اراد494,مرابحه عام دولت4-ش.خ 0206,1,322165,302108295760,990000,937744,937744,-52256,-5.28,937744,-52256,-5.28,937744,937744,1399-12-2
848,ضپنا2003,اختيارخ رمپنا-16000-1400/02/12,1,20,46000000,2657,2300,2300,-357,-13.44,2300,-357,-13.44,2300,2300,1399-12-2
849,اراد544,مرابحه عام دولت5-ش.خ 0109,1,10571000,10084268876000,980000,953956,953956,-26044,-2.66,953956,-26044,-2.66,953956,953956,1399-12-2
850,ضبدر3003,اختيارخ شبندر-20000-1400/03/30,1,10,90000000,1500,9000,9000,7500,500.0,9000,7500,500.0,9000,9000,1399-12-2
851,ودي2,بيمه  دي,1,8000000,192000000000,23728,24000,24000,272,1.15,24000,272,1.15,24000,24000,1399-12-2
852,صايپا112,صكوك مرابحه سايپا112-3ماهه 16%,1,10000,9833710000,983371,983371,983371,0,0.0,983371,0,0.0,983371,983371,1399-12-2
853,ضصاد3003,اختيارخ وبصادر-3000-1400/03/12,1,10,2600000,220,260,260,40,18.18,260,40,18.18,260,260,1399-12-2
854,اراد604,مرابحه عام دولتي6-ش.خ0210,1,3300000,3076207200000,946509,932184,932184,-14325,-1.51,932184,-14325,-1.51,932184,932184,1399-12-2
855,مكرج112,مشاركت شهرداري كرج-3ماهه18%,1,200,193600000,960000,968000,968000,8000,0.83,968000,8000,0.83,968000,968000,1399-12-2
856,اخزا722,اسنادخزانه-م22بودجه97-000428,1,8,7428720,928477,928590,928590,113,0.01,928590,113,0.01,928590,928590,1399-12-2
857,هصيكو402,اختيارف ت تاصيكو13500-00/02/20,1,2700,7900200,2814,2926,2926,112,3.98,2926,112,3.98,2926,2926,1399-12-2
858,فولاد2,فولاد مباركه اصفهان,1,8000000,96720000000,12200,12090,12090,-110,-0.9,12090,-110,-0.9,12090,12090,1399-12-2
859,تملي707,تسهيلات مسكن ب. ملي-مهر97,1,5,3291795,693009,658359,658359,-34650,-5.0,658359,-34650,-5.0,658359,658359,1399-12-2
860,كيا2,كيا الكترود شرق,1,8000000,59680000000,7460,7460,7460,0,0.0,7460,0,0.0,7460,7460,1399-12-2
861,خبازرس2,بازرسي مهندسي و صنعتي ايران,1,4700000,139101200000,28734,29596,29596,862,3.0,29596,862,3.0,29596,29596,1399-12-2
862,تملي701,تسهيلات مسكن ب. ملي-فروردين97,1,10,5726440,602783,572644,572644,-30139,-5.0,572644,-30139,-5.0,572644,572644,1399-12-2
863,تملي702,تسهيلات مسكن ب. ملي-ارديبهشت97,1,10,5514450,580468,551445,551445,-29023,-5.0,551445,-29023,-5.0,551445,551445,1399-12-2
864,ثبهساز4,بهساز كاشانه تهران,1,200000000,488000000000,2460,2440,2440,-20,-0.81,2440,-20,-0.81,2440,2440,1399-12-2
865,پا ر 40,بار پايه روز 40,1,28500,9975000,350,350,350,0,0.0,350,0,0.0,350,350,1399-12-2
866,اعتماد4,صندوق س.اعتماد آفرين پارسيان-د,1,25700000,898497700000,34913,34961,34961,48,0.14,34961,48,0.14,34961,34961,1399-12-2
