,نماد,نام,تعداد,حجم,ارزش,دیروز,اولین,آخرین معامله - مقدار,آخرین معامله - تغییر,آخرین معامله - درصد,قیمت پایانی - مقدار,قیمت پایانی - تغییر,قیمت پایانی - درصد,کمترین,بیشترین,تاریخ
0,سپيدار,سپيدار سيستم آسيا,89753,8984842,619585931717,66078,68996,66490,412,0.62,68959,2881,4.36,66181,70042,1399-12-25
1,بركت,گروه دارويي بركت,63674,146015633,5095302654920,34170,34050,34400,230,0.67,34900,730,2.14,33800,36100,1399-12-25
2,پالايش,صندوق پالايشي يکم-سهام,57632,60865411,5136127176110,84910,82810,83360,-1550,-1.83,84380,-530,-0.62,81900,86300,1399-12-25
3,دي,بانك دي,52946,238239033,4642400679004,18813,18437,19941,1128,6.0,19486,673,3.58,18437,19941,1399-12-25
4,چخزر,صنايع چوب خزر كاسپين,44238,8319151,495535839476,58845,60500,57669,-1176,-2.0,59566,721,1.23,57669,62010,1399-12-25
5,غزر,صنعتي زر ماكارون,42572,37986966,1040484300400,26380,25860,27960,1580,5.99,27390,1010,3.83,25860,27960,1399-12-25
6,اپال,فرآوري معدني اپال كاني پارس,39619,63189906,1132448576850,17820,18000,18070,250,1.4,17920,100,0.56,17470,18290,1399-12-25
7,كزغال,زغال سنگ پروده طبس,38254,28244440,1047255480673,37010,36270,36800,-210,-0.57,37078,68,0.18,36270,38800,1399-12-25
8,دارا يكم,صندوق واسطه گري مالي يكم-سهام,34689,26152295,3812806865820,147810,143700,144180,-3630,-2.46,145790,-2020,-1.37,142500,148480,1399-12-25
9,خودرو,ايران‌ خودرو,26026,790889165,1954376051850,2500,2490,2450,-50,-2.0,2470,-30,-1.2,2450,2530,1399-12-25
10,شپنا,پالايش نفت اصفهان,25022,153750278,2071678172170,13190,13100,13440,250,1.9,13470,280,2.12,12930,13890,1399-12-25
11,خساپا,سايپا,21422,811153944,1827359921270,2260,2250,2230,-30,-1.33,2250,-10,-0.44,2220,2320,1399-12-25
12,فملي,ملي‌ صنايع‌ مس‌ ايران‌,15548,73332728,924769222550,12570,12330,12570,0,0.0,12610,40,0.32,12330,12830,1399-12-25
13,بوعلي,پتروشيمي بوعلي سينا,13674,7530979,328555852310,42910,42500,44070,1160,2.7,43630,720,1.68,42300,44500,1399-12-25
14,حكشتي,كشتيراني جمهوري اسلامي ايران,13648,64256605,1233361007350,19480,19100,19380,-100,-0.51,19190,-290,-1.49,19100,19690,1399-12-25
15,وكبهمن,مديريت سرمايه گذاري كوثربهمن,12733,5919616,69361168541,11814,11655,11578,-236,-2.0,11717,-97,-0.82,11578,11973,1399-12-25
16,خگستر,گسترش‌سرمايه‌گذاري‌ايران‌خودرو,12355,267223039,755529138940,2870,2840,2820,-50,-1.74,2830,-40,-1.39,2820,2880,1399-12-25
17,وتجارت,بانك تجارت,11861,339175030,906008212570,2680,2630,2680,0,0.0,2670,-10,-0.37,2630,2730,1399-12-25
18,شتران,پالايش نفت تهران,11694,78755500,687336803850,8700,8560,8680,-20,-0.23,8730,30,0.34,8530,8950,1399-12-25
19,شاروم,پتروشيمي اروميه,11404,8095405,152862569856,19048,18700,18702,-346,-1.82,18883,-165,-0.87,18668,19400,1399-12-25
20,شبندر,پالايش نفت بندرعباس,11120,39352307,1078472576880,27560,27010,27400,-160,-0.58,27410,-150,-0.54,27010,28200,1399-12-25
21,وبملت,بانك ملت,11046,362136753,1511246651520,4070,4020,4240,170,4.18,4170,100,2.46,3990,4280,1399-12-25
22,وسپهر,سرمايه گذاري مالي سپهرصادرات,10197,21636860,218536538786,10100,10100,10100,0,0.0,10100,0,0.0,10100,10102,1399-12-25
23,آريا,پليمر آريا ساسول,8800,3917817,343750101152,86171,84490,88301,2130,2.47,87740,1569,1.82,84470,90000,1399-12-25
24,كلر,كلر پارس,8776,4846840,623437647311,127852,125295,129800,1948,1.52,128628,776,0.61,125295,133925,1399-12-25
25,ثاميد,توسعه و عمران اميد,8720,62126328,96982501590,1580,1580,1550,-30,-1.9,1560,-20,-1.27,1550,1590,1399-12-25
26,پترول,گروه پتروشيمي س. ايرانيان,8548,67847845,669008123580,9500,9500,10070,570,6.0,9860,360,3.79,9320,10070,1399-12-25
27,وبصادر,بانك صادرات ايران,7870,352239515,851686870800,2430,2400,2400,-30,-1.23,2420,-10,-0.41,2390,2480,1399-12-25
28,بپيوند,برق و انرژي پيوندگستر پارس,7140,9079045,127262407314,14271,14020,13986,-285,-2.0,14017,-254,-1.78,13986,14280,1399-12-25
29,ولپارس,ليزينگ پارسيان,7125,8291217,40797867710,5010,5000,4910,-100,-2.0,4930,-80,-1.6,4910,5040,1399-12-25
30,ثاخت,بين‌المللي‌توسعه‌ساختمان,7046,133001416,368511707560,2670,2710,2810,140,5.24,2770,100,3.75,2620,2830,1399-12-25
31,بگيلان,توسعه مسير برق گيلان,6983,2023477,43260126353,21277,21277,21210,-67,-0.31,21364,87,0.41,20900,21800,1399-12-25
32,ذوب,سهامي ذوب آهن  اصفهان,6836,86466924,328073317354,3804,3765,3800,-4,-0.11,3794,-10,-0.26,3728,3880,1399-12-25
33,كچاد,معدني‌وصنعتي‌چادرملو,6786,26047360,623033987550,23110,22800,24250,1140,4.93,23920,810,3.5,22800,24290,1399-12-25
34,سيتا,سرمايه گذاري سيمان تامين,6703,11604421,174081921410,15030,15010,15000,-30,-0.2,15000,-30,-0.2,15000,15020,1399-12-25
35,شلعاب,لعابيران‌,6345,24053462,550206056940,21940,21510,23250,1310,5.97,22870,930,4.24,21510,23250,1399-12-25
36,كاما,باما,6334,30996720,415653610880,13670,13500,13400,-270,-1.98,13410,-260,-1.9,13400,13640,1399-12-25
37,شگويا,پتروشيمي تندگويان,5944,33205904,293648824824,8500,8410,9010,510,6.0,8843,343,4.04,8360,9010,1399-12-25
38,كمند,صندوق س. با درآمد ثابت كمند,5882,349253530,3511920781242,10049,10055,10055,6,0.06,10056,7,0.07,10055,10057,1399-12-25
39,چكاپا,گروه صنايع كاغذ پارس,5796,63333536,337891976790,5270,5400,5340,70,1.33,5340,70,1.33,5170,5490,1399-12-25
40,فارس,صنايع پتروشيمي خليج فارس,5692,49294771,488186079540,9500,9360,10070,570,6.0,9900,400,4.21,9310,10070,1399-12-25
41,وپارس,بانك‌پارسيان‌,5652,175824318,542794351350,3140,3080,3080,-60,-1.91,3090,-50,-1.59,3080,3140,1399-12-25
42,دماوند,توليد نيروي برق دماوند,5433,7582680,366265649349,48001,47041,47140,-861,-1.79,48303,302,0.63,47041,49999,1399-12-25
43,امين يكم,صندوق درآمد ثابت امين يكم فردا,4959,183486939,1873319827913,10208,10217,10200,-8,-0.08,10210,2,0.02,10184,10217,1399-12-25
44,بپاس,بيمه پاسارگاد,4745,7451051,520789730642,68782,67407,70600,1818,2.64,69895,1113,1.62,67407,72500,1399-12-25
45,پيزد,مجتمع صنايع لاستيك يزد,4708,575449,37580419172,66182,65620,64881,-1301,-1.97,65513,-669,-1.01,64859,67000,1399-12-25
46,بالبر,كابل‌ البرز,4629,5391464,331700272520,61940,60710,60710,-1230,-1.99,61520,-420,-0.68,60710,64200,1399-12-25
47,بترانس,ايران‌ ترانسفو,4504,71859116,191822763430,2690,2750,2640,-50,-1.86,2670,-20,-0.74,2640,2750,1399-12-25
48,غپينو,پارس‌ مينو,4394,32848837,226049120240,6580,6840,6970,390,5.93,6880,300,4.56,6650,6970,1399-12-25
49,شپترو,پتروشيمي آبادان,4297,83890819,466062692938,5324,5590,5590,266,5.0,5556,232,4.36,5335,5590,1399-12-25
50,فخوز,فولاد  خوزستان,4253,29479959,439196431010,14430,14490,15010,580,4.02,14900,470,3.26,14250,15100,1399-12-25
51,صبا,سرمايه گذاري صبا تامين,4236,18591244,145695432435,7742,7760,7970,228,2.94,7837,95,1.23,7630,7980,1399-12-25
52,ومعادن,توسعه‌معادن‌وفلزات‌,4104,24828996,327137652420,12710,12510,13370,660,5.19,13180,470,3.7,12510,13470,1399-12-25
53,سدبير,س. تدبيرگران فارس وخوزستان,3992,3782620,341696795432,90011,92100,88211,-1800,-2.0,90333,322,0.36,88211,94990,1399-12-25
54,كيميا,معدني كيمياي زنجان گستران,3967,10463110,191463671480,18306,18260,17940,-366,-2.0,18299,-7,-0.04,17940,18970,1399-12-25
55,نوري,پتروشيمي نوري,3954,3732285,231823044900,60430,59600,63250,2820,4.67,62110,1680,2.78,59600,63700,1399-12-25
56,خزاميا,زامياد,3913,34730562,278789082780,8160,8010,8000,-160,-1.96,8030,-130,-1.59,8000,8200,1399-12-25
57,غپاك,لبنيات‌ پاك‌,3799,13538022,347977475210,24370,24600,25830,1460,5.99,25700,1330,5.46,24600,25830,1399-12-25
58,سمگا,گروه سرمايه گذاري ميراث فرهنگي,3686,22198749,615677700037,27523,27600,27526,3,0.01,27735,212,0.77,27523,28578,1399-12-25
59,ونوين,بانك‌اقتصادنوين‌,3685,94475752,422584364140,4270,4340,4520,250,5.85,4470,200,4.68,4240,4520,1399-12-25
60,غسالم,سالمين‌,3627,36408163,159611610570,4180,4290,4430,250,5.98,4380,200,4.78,4210,4430,1399-12-25
61,خپارس,پارس‌ خودرو,3610,45974210,258425678670,5720,5640,5610,-110,-1.92,5620,-100,-1.75,5610,5710,1399-12-25
62,فاراك,ماشين‌ سازي‌ اراك‌,3324,33181259,164779812710,4980,4910,4930,-50,-1.0,4970,-10,-0.2,4900,5080,1399-12-25
63,وساپا,سرمايه‌گذاري‌ سايپا,3317,38740182,235625724570,6200,6080,6080,-120,-1.94,6080,-120,-1.94,6080,6150,1399-12-25
64,حريل,ريل پردازسير,3264,22323256,127858276438,5721,5610,5608,-113,-1.98,5728,7,0.12,5607,5947,1399-12-25
65,شبريز,پالايش نفت تبريز,2769,6964341,219143478120,31150,30540,31120,-30,-0.1,31470,320,1.03,30540,31970,1399-12-25
66,سپيدما,صندوق س. سپيد دماوند-د,2740,198000000,1980000000000,10000,10000,10000,0,0.0,10000,0,0.0,10000,10000,1399-12-25
67,آوا,صندوق س.سهام آواي معيار-س,2707,27502858,185112008388,6748,6700,6742,-6,-0.09,6731,-17,-0.25,6607,6850,1399-12-25
68,خودكفا,اقتصادي و خودكفايي آزادگان,2657,8453525,197126331936,23304,23311,23311,7,0.03,23319,15,0.06,22900,23770,1399-12-25
69,غگل,گلوكوزان‌,2655,28115334,101434608180,3540,3690,3560,20,0.56,3610,70,1.98,3550,3690,1399-12-25
70,تاپيكو,س. نفت و گاز و پتروشيمي تأمين,2591,22921731,285094920210,11870,11790,12580,710,5.98,12440,570,4.8,11650,12580,1399-12-25
71,شيران,س. صنايع‌شيميايي‌ايران,2589,6728237,182102917580,26240,25850,27570,1330,5.07,27070,830,3.16,25850,27690,1399-12-25
72,دزهراويح,ح . ‌داروسازي‌زهراوي‌,2589,7107144,31795634300,4390,4320,4480,90,2.05,4470,80,1.82,4260,4720,1399-12-25
73,كاوه,فولاد كاوه جنوب كيش,2567,22360999,472132337560,20340,20150,21330,990,4.87,21110,770,3.79,20150,21500,1399-12-25
74,سيمرغ,سيمرغ,2538,14062226,224004204300,16220,15900,15900,-320,-1.97,15930,-290,-1.79,15900,16180,1399-12-25
75,بجهرم,توسعه مولد نيروگاهي جهرم,2537,27423017,77487011870,2858,2858,2810,-48,-1.68,2826,-32,-1.12,2801,2873,1399-12-25
76,حفاري,حفاري شمال,2405,17119169,131122782250,7480,7500,7630,150,2.01,7660,180,2.41,7410,7770,1399-12-25
77,غشهداب,كشت و صنعت شهداب ناب خراسان,2359,20477673,80523975012,3863,3920,3884,21,0.54,3932,69,1.79,3802,4000,1399-12-25
78,اخابر,مخابرات ايران,2322,18480720,172847208920,9520,9350,9330,-190,-2.0,9350,-170,-1.79,9330,9460,1399-12-25
79,اعتماد,صندوق س.اعتماد آفرين پارسيان-د,2305,55268460,1953944833460,35337,35354,35353,16,0.05,35354,17,0.05,35353,35357,1399-12-25
80,تملت,تامين سرمايه بانك ملت,2242,12609953,69190560660,5510,5530,5480,-30,-0.54,5490,-20,-0.36,5440,5550,1399-12-25
81,سامان,بانك سامان,2206,53582972,568200631677,10654,10500,10579,-75,-0.7,10604,-50,-0.47,10441,10850,1399-12-25
82,غگلپا,شير پاستوريزه پگاه گلپايگان,2197,2903008,222396739650,76301,74780,75000,-1301,-1.71,76609,308,0.4,74775,79500,1399-12-25
83,وصنعت,سرمايه گذاري توسعه صنعت وتجارت,2191,12959089,86608161310,6740,6730,6630,-110,-1.63,6680,-60,-0.89,6620,6790,1399-12-25
84,ومشان,س. فني و مهندسي مشانير,2190,1895442,142714787536,75970,79568,74000,-1970,-2.59,75294,-676,-0.89,72932,79568,1399-12-25
85,شبصير,توليدات پتروشيمي قائد بصير,2185,6054834,409474579578,65246,65250,69110,3864,5.92,67628,2382,3.65,63942,69160,1399-12-25
86,وپاسار,بانك  پاسارگاد,2163,34465160,431039999710,12480,12480,12540,60,0.48,12510,30,0.24,12480,12540,1399-12-25
87,سرو,صندوق س سروسودمند مدبران-سهام,2152,2352342,160993908580,67930,67330,68720,790,1.16,68440,510,0.75,66870,69200,1399-12-25
88,هاي وب,داده گسترعصرنوين-هاي وب,2142,6549927,65301090660,10080,9890,9880,-200,-1.98,9970,-110,-1.09,9880,10150,1399-12-25
89,وهور,مديريت انرژي اميد  تابان هور,2030,57354649,125789484678,2222,2178,2178,-44,-1.98,2193,-29,-1.31,2178,2249,1399-12-25
90,غنوش,نوش‌ مازندران‌,1942,4831612,286095201130,59990,61700,58800,-1190,-1.98,59210,-780,-1.3,58800,61700,1399-12-25
91,فاسمين,كالسيمين‌,1901,7649300,133229440030,17450,17150,17460,10,0.06,17420,-30,-0.17,17110,17770,1399-12-25
92,شلرد,كود شيميايي اوره لردگان,1893,16218935,120646756446,7380,7240,7570,190,2.57,7439,59,0.8,7233,7580,1399-12-25
93,رمپنا,گروه مپنا (سهامي عام),1876,10327810,163737345890,15720,15900,15980,260,1.65,15850,130,0.83,15570,16000,1399-12-25
94,غفارس,شير پاستوريزه پگاه فارس,1874,8542842,140014834542,16214,15890,16900,686,4.23,16390,176,1.09,15890,17000,1399-12-25
95,افق,فروشگاههاي زنجيره اي افق كوروش,1843,5825646,408482391800,69750,68420,70520,770,1.1,70120,370,0.53,68360,72500,1399-12-25
96,ختوقا,قطعات‌ اتومبيل‌ ايران‌,1838,28196872,75047880090,2710,2660,2660,-50,-1.85,2660,-50,-1.85,2660,2700,1399-12-25
97,چكاوه,صنايع‌كاغذسازي‌كاوه‌,1815,5307702,100920868590,19070,19400,18710,-360,-1.89,19010,-60,-0.31,18690,19940,1399-12-25
98,وبيمهح,ح . سرمايه‌ گذاري‌ صنعت‌ بيمه‌,1805,186156211,186162911000,1010,1000,1000,-10,-0.99,1000,-10,-0.99,1000,1130,1399-12-25
99,ارفع,شركت آهن و فولاد ارفع,1776,8564552,125670525153,14528,14360,15000,472,3.25,14673,145,1.0,14238,15100,1399-12-25
100,ومهان,گروه توسعه مالي مهر آيندگان,1755,8457885,113942788624,13214,13052,13490,276,2.09,13472,258,1.95,13000,13680,1399-12-25
101,فوكا,فولاد كاويان,1754,38510988,457116668592,12107,11865,11999,-108,-0.89,11870,-237,-1.96,11865,12140,1399-12-25
102,رتاپ,تجارت الكترونيك  پارسيان,1734,8877178,65618289040,7480,7460,7350,-130,-1.74,7390,-90,-1.2,7340,7800,1399-12-25
103,شفن,پتروشيمي فناوران,1730,370431,118939137140,325610,323530,321010,-4600,-1.41,321080,-4530,-1.39,319100,328620,1399-12-25
104,سفارس,سيمان فارس و خوزستان,1728,8735384,156948895030,18270,18000,17910,-360,-1.97,17970,-300,-1.64,17910,18400,1399-12-25
105,زاگرس,پتروشيمي زاگرس,1727,574808,122289809841,205838,208900,214997,9159,4.45,212749,6911,3.36,205900,216990,1399-12-25
106,وسپهح,ح . سرمايه‌گذاري‌ سپه‌,1698,13003907,66606913470,5070,5080,5200,130,2.56,5120,50,0.99,4970,5210,1399-12-25
107,وملل,اعتباري ملل,1697,40944310,531911199682,13125,12863,13002,-123,-0.94,12991,-134,-1.02,12863,13240,1399-12-25
108,ثزاگرس,سرمايه گذاري توسعه عمران زاگرس,1667,2419092,146908709439,59061,56110,62014,2953,5.0,60729,1668,2.82,56108,62014,1399-12-25
109,ونيرو,سرمايه‌گذاري‌نيرو,1660,24819604,68474472540,2730,2770,2780,50,1.83,2760,30,1.1,2710,2800,1399-12-25
110,گكوثر,هتل پارسيان كوثر اصفهان,1649,22219765,53353095844,2420,2470,2430,10,0.41,2401,-19,-0.79,2377,2470,1399-12-25
111,ساراب,سيمان‌ داراب‌,1644,5323368,89164036500,16330,16010,16590,260,1.59,16750,420,2.57,16010,17300,1399-12-25
112,مبين,مبين انرژي خليج فارس,1642,7207783,124130272560,17520,17190,17170,-350,-2.0,17230,-290,-1.66,17170,17760,1399-12-25
113,آگاس,صندوق س.هستي بخش آگاه-س,1628,1998133,135027709325,67100,67000,68100,1000,1.49,67577,477,0.71,66457,68260,1399-12-25
114,بكهنوج,توليد برق ماهتاب كهنوج,1625,33242371,56440746553,1730,1700,1696,-34,-1.97,1698,-32,-1.85,1696,1730,1399-12-25
115,جم پيلن,پلي پروپيلن جم - جم پيلن,1624,4696161,385277075160,78510,77510,83220,4710,6.0,82040,3530,4.5,77510,83220,1399-12-25
116,غمينو,شركت صنايع غذايي مينو شرق,1610,9896001,118938213715,12174,11931,12050,-124,-1.02,12019,-155,-1.27,11931,12499,1399-12-25
117,والبر,سرمايه‌ گذاري‌ البرز(هلدينگ‌,1577,6103292,100748665510,16760,16430,16430,-330,-1.97,16510,-250,-1.49,16430,16900,1399-12-25
118,نوين,بيمه نوين,1550,16344342,90536198022,5637,5638,5525,-112,-1.99,5539,-98,-1.74,5525,5638,1399-12-25
119,وشهر,بانك شهر,1546,22161266,146481831191,6395,6600,6650,255,3.99,6610,215,3.36,6415,6650,1399-12-25
120,شسپا,نفت سپاهان,1529,5565899,86504906220,15800,15670,15520,-280,-1.77,15540,-260,-1.65,15490,15820,1399-12-25
121,حكشتيح,ح . كشتيراني ج. ا. ا,1514,24686008,375576222440,15250,15200,15250,0,0.0,15210,-40,-0.26,15200,17080,1399-12-25
122,تاصيكو,سرمايه گذاري صدرتامين,1503,10841349,123120923130,11120,11030,11390,270,2.43,11350,230,2.07,11030,11540,1399-12-25
123,وملي,گروه‌ صنعتي‌ ملي‌ (هلدينگ‌,1500,552509,93612386280,170510,168900,169070,-1440,-0.84,169430,-1080,-0.63,167500,172800,1399-12-25
124,طلا,صندوق س.پشتوانه طلاي لوتوس,1497,1671761,124485355518,75891,75600,74051,-1840,-2.42,74464,-1427,-1.88,73810,76000,1399-12-25
125,قرن,پديده شيمي قرن,1460,1341124,85282442580,63530,62810,62840,-690,-1.09,63590,60,0.09,62410,65000,1399-12-25
126,خاهن,آهنگري‌ تراكتورسازي‌ ايران‌,1447,4793492,174978158130,37240,36500,36510,-730,-1.96,36500,-740,-1.99,36500,37340,1399-12-25
127,كيان,صندوق س. با درآمد ثابت كيان,1446,22622409,623478082385,27547,27560,27560,13,0.05,27560,13,0.05,27558,27563,1399-12-25
128,ورنا,سرمايه‌گذاري‌ رنا(هلدينگ‌,1420,14532892,80464965810,5640,5540,5530,-110,-1.95,5540,-100,-1.77,5530,5650,1399-12-25
129,شكلر,نيروكلر,1408,1445097,74052552630,50660,49650,50900,240,0.47,51240,580,1.14,49650,53000,1399-12-25
130,سنوين,سرمايه گذاري اقتصاد نوين,1400,6943552,72068785153,10334,10638,10128,-206,-1.99,10379,45,0.44,10128,10644,1399-12-25
131,مارون,پتروشيمي مارون,1384,2418903,386268498019,150853,152440,159904,9051,6.0,159687,8834,5.86,150140,159904,1399-12-25
132,وسكرد,شركت س استان كردستان,1376,100863893,73630641890,740,730,730,-10,-1.35,730,-10,-1.35,730,730,1399-12-25
133,خفولا,خدمات فني فولاد يزد,1370,2216678,107895150970,47973,48000,49412,1439,3.0,48674,701,1.46,47020,49412,1399-12-25
134,پارسان,گسترش نفت و گاز پارسيان,1362,9679250,206650722450,21020,20760,21220,200,0.95,21350,330,1.57,20700,21950,1399-12-25
135,وساخت,سرمايه‌ گذاري‌ ساختمان‌ايران‌,1320,2858874,124736670460,44320,43440,43640,-680,-1.53,43630,-690,-1.56,43440,45300,1399-12-25
136,رانفور,خدمات‌انفورماتيك‌,1320,4364773,100831595890,23330,23610,22980,-350,-1.5,23100,-230,-0.99,22870,24000,1399-12-25
137,البرز,بيمه البرز,1301,15228685,54298890870,3510,3510,3570,60,1.71,3570,60,1.71,3470,3600,1399-12-25
138,وصندوق,سرمايه‌گذاري‌صندوق‌بازنشستگي‌,1292,13377089,194733785330,14300,14350,14680,380,2.66,14560,260,1.82,14020,14930,1399-12-25
139,سشرق,سيمان‌ شرق‌,1286,7952583,53143104990,6790,6890,6730,-60,-0.88,6680,-110,-1.62,6660,6890,1399-12-25
140,وپست,پست بانك ايران,1281,5957195,112561593660,18740,18800,18480,-260,-1.39,18900,160,0.85,18370,19420,1399-12-25
141,شغدير,پتروشيمي غدير,1276,1250922,85446923391,67503,68160,68620,1117,1.65,68307,804,1.19,66153,71000,1399-12-25
142,مرقام,ايران‌ارقام‌,1263,3478223,61129344880,17140,17460,17560,420,2.45,17570,430,2.51,17110,18100,1399-12-25
143,بساما,بيمه سامان,1252,1989987,46930626576,23141,23630,23330,189,0.82,23515,374,1.62,22700,24276,1399-12-25
144,فولاژ,فولاد آلياژي ايران,1236,3471622,65790653120,18390,18800,18660,270,1.47,18880,490,2.66,18620,19200,1399-12-25
145,بكام,كارخانجات توليدي شهيد قندي,1222,15107134,51313997630,3420,3360,3400,-20,-0.58,3400,-20,-0.58,3360,3420,1399-12-25
146,فسازان,غلتك سازان سپاهان,1222,6372532,217700221040,33290,33290,35280,1990,5.98,34160,870,2.61,33020,35280,1399-12-25
147,وبانك,سرمايه گذاري گروه توسعه ملي,1211,5420719,46496217040,8500,8650,8690,190,2.24,8540,40,0.47,8400,8730,1399-12-25
148,وسگيلا,شركت س استان گيلان,1202,80063748,61649085960,780,770,770,-10,-1.28,770,-10,-1.28,770,770,1399-12-25
149,شاراك,پتروشيمي شازند,1145,4744182,119566641390,25470,25030,25500,30,0.12,25200,-270,-1.06,24970,25700,1399-12-25
150,خمحور,توليدمحورخودرو,1144,1314117,91006542140,66430,66000,70410,3980,5.99,69250,2820,4.25,65110,70410,1399-12-25
151,كروي,توسعه‌ معادن‌ روي‌ ايران‌,1142,3671401,102359247790,27890,27340,28100,210,0.75,27880,-10,-0.04,27340,28250,1399-12-25
152,خكرمان,گروه اقتصادي كرمان خودرو,1142,10888528,44298295266,4095,4120,4096,1,0.02,4068,-27,-0.66,4030,4160,1399-12-25
153,مدير,ص.س.مديريت ثروت ص.بازنشستگي-س,1135,5986789,54107292646,9086,9000,9040,-46,-0.51,9038,-48,-0.53,8865,9160,1399-12-25
154,خمحركه,نيرو محركه‌,1126,8547812,40838271190,4860,4790,4770,-90,-1.85,4790,-70,-1.44,4770,4860,1399-12-25
155,ورازي,بيمه رازي,1123,10333815,89454198405,8372,8578,8449,77,0.92,8656,284,3.39,8300,8790,1399-12-25
156,تبرك,گروه كارخانجات صنعتي تبرك,1109,3816422,62605708827,16591,16390,16260,-331,-2.0,16404,-187,-1.13,16260,16898,1399-12-25
157,وتوس,توسعه‌شهري‌توس‌گستر,1093,2585545,37306231290,14160,14350,14020,-140,-0.99,14360,200,1.41,13900,14780,1399-12-25
158,شپاكسا,پاكسان‌,1091,4998265,133427988510,25820,25350,27360,1540,5.96,26690,870,3.37,25310,27360,1399-12-25
159,ركيش,كارت اعتباري ايران كيش,1073,5871075,149186379110,25880,25370,25370,-510,-1.97,25410,-470,-1.82,25370,25880,1399-12-25
160,فسپا,گروه‌صنعتي‌سپاهان‌,1065,2703565,101431262620,37880,38250,37130,-750,-1.98,37520,-360,-0.95,37130,38250,1399-12-25
161,وايرا,سرمايه گذاري صنايع ايران,1044,6328796,74174475249,11467,11500,11811,344,3.0,11720,253,2.21,11251,11811,1399-12-25
162,وسيستا,شركت س استان سيستان وبلوچستان,1038,80027901,60821204760,770,760,760,-10,-1.3,760,-10,-1.3,760,760,1399-12-25
163,درازك,دارويي‌ رازك‌,1024,3648474,125643437920,35070,34370,34390,-680,-1.94,34440,-630,-1.8,34370,36130,1399-12-25
164,سكه0012پ01,سكه تمام بهارتحويلي 1روزه رفاه,1020,495100,512380186900,1045624,1041999,1039105,-6519,-0.62,1034902,-10722,-1.03,1025111,1043450,1399-12-25
165,وگردش,بانك گردشگري,1002,6620952,113822817625,17327,17000,17290,-37,-0.21,17191,-136,-0.78,16981,17499,1399-12-25
166,تايرا,تراكتورسازي‌ايران‌,1002,3040850,87095863760,28320,27760,28750,430,1.52,28640,320,1.13,27760,29440,1399-12-25
167,حتايد,تايدواترخاورميانه,997,2719780,68296653330,24420,24420,24900,480,1.97,25110,690,2.83,24420,25690,1399-12-25
168,سرود,سيمان‌شاهرود,996,5319712,104044042950,19940,19550,19550,-390,-1.96,19560,-380,-1.91,19550,19800,1399-12-25
169,ساربيل,سيمان آرتا اردبيل,991,1476322,86396267670,59450,58270,58270,-1180,-1.98,58520,-930,-1.56,58270,61390,1399-12-25
170,تسه9911,امتياز تسهيلات مسكن بهمن99,990,17087,10248357598,594644,600000,600000,5356,0.9,599775,5131,0.86,581111,610000,1399-12-25
171,فافزا,فولاد افزا سپاهان,988,1211316,64365467087,54170,53087,53420,-750,-1.38,53137,-1033,-1.91,53087,53950,1399-12-25
172,نمرينو,ايران‌ مرينوس‌,986,2254219,193253822130,84600,82910,89670,5070,5.99,85730,1130,1.34,82910,89670,1399-12-25
173,فالوم,آلومتك‌,975,2758049,102721051456,38749,37200,37200,-1549,-4.0,37244,-1505,-3.88,37200,38500,1399-12-25
174,هرمز,فولاد هرمزگان جنوب,960,4892999,68838287104,13904,14000,14050,146,1.05,13993,89,0.64,13720,14300,1399-12-25
175,واتي,سرمايه‌ گذاري‌ آتيه‌ دماوند,959,11865574,141234110540,12130,11890,11890,-240,-1.98,11900,-230,-1.9,11890,12070,1399-12-25
176,جمح,ح . پتروشيمي جم,927,2115556,61897916970,29690,28530,29760,70,0.24,29260,-430,-1.45,28510,30300,1399-12-25
177,امين يكم2,صندوق درآمد ثابت امين يكم فردا,920,92000000,92000000,10208,1,1,-10207,-99.99,1,-10207,-99.99,1,1,1399-12-25
178,خكاوه,سايپا ديزل,912,13549943,44307545455,3331,3375,3265,-66,-1.98,3270,-61,-1.83,3265,3375,1399-12-25
179,ولانا,شركت ليزينگ آريا دانا,909,1931189,76045739254,40172,39371,39369,-803,-2.0,39378,-794,-1.98,39369,40000,1399-12-25
180,همراه,شركت ارتباطات سيار ايران,905,2201540,54805051460,25280,25600,24850,-430,-1.7,25060,-220,-0.87,24780,25600,1399-12-25
181,تنوين,تامين سرمايه نوين,903,10927143,80828130990,7200,7210,7450,250,3.47,7400,200,2.78,7210,7460,1399-12-25
182,كنور,توسعه معدني و صنعتي صبانور,891,1156080,55836793310,47610,46670,49450,1840,3.86,48290,680,1.43,46660,49500,1399-12-25
183,زشگزا,شير و گوشت زاگرس شهركرد,885,3623956,28017069650,7862,7729,7705,-157,-2.0,7787,-75,-0.95,7705,7920,1399-12-25
184,فنوال,نورد آلومينيوم‌,884,1817547,46791788790,26030,25510,25800,-230,-0.88,25770,-260,-1.0,25510,26740,1399-12-25
185,گوهران,سرمايه گذاري توسعه گوهران اميد,882,3203506,23354780663,7298,7200,7350,52,0.71,7294,-4,-0.05,7171,7500,1399-12-25
186,ثمسكن,سرمايه‌گذاري‌ مسكن‌,878,5903408,32702412160,5370,5410,5500,130,2.42,5480,110,2.05,5360,5670,1399-12-25
187,ارزش,صندوق س ارزش آفرين بيدار-سهام,861,6603641,63789275300,9650,9480,9670,20,0.21,9660,10,0.1,9470,9740,1399-12-25
188,فجر,فولاد اميركبيركاشان,859,1181625,70576158460,59450,58350,60340,890,1.5,59730,280,0.47,58350,61490,1399-12-25
189,وسپه,سرمايه‌گذاري‌ سپه‌,855,9286316,63634381070,6750,6650,6920,170,2.52,6850,100,1.48,6650,6990,1399-12-25
190,شپديس,پتروشيمي پرديس,850,1539578,150777624360,96250,96000,97400,1150,1.19,97930,1680,1.75,95520,99000,1399-12-25
191,وثنو,سرمايه گذاري ساختماني نوين,848,4086810,25579578586,6202,6450,6287,85,1.37,6259,57,0.92,5894,6450,1399-12-25
192,وبوعلي,سرمايه‌گذاري‌بوعلي‌,845,4699356,26628069630,5670,5670,5640,-30,-0.53,5670,0,0.0,5560,5780,1399-12-25
193,اميد,تامين سرمايه اميد,844,6228978,52707151450,8360,8210,8720,360,4.31,8460,100,1.2,8200,8720,1399-12-25
194,چكارن,كارتن‌ ايران‌,834,9741512,33444454370,3500,3450,3430,-70,-2.0,3450,-50,-1.43,3430,3490,1399-12-25
195,كرماشا,صنايع پتروشيمي كرمانشاه,805,1725756,66659049630,38440,38500,38500,60,0.16,38630,190,0.49,37770,39200,1399-12-25
196,ونيكي,سرمايه‌گذاري‌ ملي‌ايران‌,798,3660832,39795715580,11090,10870,10870,-220,-1.98,10980,-110,-0.99,10870,10900,1399-12-25
197,بميلا,توسعه بازرگاني آهن وفولادميلاد,779,3881751,62275068972,16755,16800,15918,-837,-5.0,16043,-712,-4.25,15918,16892,1399-12-25
198,پلاسك,پلاسكوكار,779,5655360,43800461990,7890,7760,7740,-150,-1.9,7760,-130,-1.65,7740,7930,1399-12-25
199,كپشير,پشم‌شيشه‌ايران‌,777,1420385,58084532220,41430,41500,40610,-820,-1.98,40890,-540,-1.3,40610,42200,1399-12-25
200,آريان,سرمايه گذاري پارس آريان,776,6989424,79705135608,11162,11300,11440,278,2.49,11375,213,1.91,11011,11496,1399-12-25
201,ضسپا3004,اختيارخ خساپا-2500-1400/03/26,769,43350,10070072000,217,220,231,14,6.45,232,15,6.91,208,245,1399-12-25
202,لسرما,سرما آفرين‌,769,1642061,42868652030,26400,26010,26250,-150,-0.57,26140,-260,-0.98,25880,26900,1399-12-25
203,وسكاب,س.ص.بازنشستگي كاركنان بانكها,765,5450696,28883050640,5290,5330,5350,60,1.13,5300,10,0.19,5240,5350,1399-12-25
204,وپترو,سرمايه‌گذاري صنايع پتروشيمي‌,755,1806954,26702620720,14750,14500,14870,120,0.81,14760,10,0.07,14480,15090,1399-12-25
205,سيدكو,سرمايه گذاري توسعه صنايع سيمان,748,9975847,63051083670,6030,6090,6390,360,5.97,6320,290,4.81,5950,6390,1399-12-25
206,ضخود2007,اختيارخ خودرو-3000-1400/02/08,746,31660,3056894000,108,96,94,-14,-12.96,97,-11,-10.19,86,107,1399-12-25
207,كفرآور,فرآورده هاي سيمان شرق,746,4333799,106307250610,24155,23672,24879,724,3.0,24530,375,1.55,23672,24879,1399-12-25
208,جم,پتروشيمي جم,719,5588686,203674256110,36130,35500,36500,370,1.02,36440,310,0.86,35430,36940,1399-12-25
209,ونفت,سرمايه‌گذاري‌ صنعت‌ نفت‌,715,2503202,41426530930,16630,16380,16430,-200,-1.2,16570,-60,-0.36,16300,16880,1399-12-25
210,سرچشمه,سرمايه گذاري مس سرچشمه,714,2836549,18181873645,6394,6480,6370,-24,-0.38,6400,6,0.09,6278,6498,1399-12-25
211,افران,صندوق س افرا نماد پايدار-ثابت,714,17129333,220779254521,12882,12891,12886,4,0.03,12889,7,0.05,12886,12901,1399-12-25
212,تيپيكو,سرمايه گذاري دارويي تامين,687,1264126,51799491180,40020,39400,41490,1470,3.67,40710,690,1.72,39320,41600,1399-12-25
213,پارند,صندوق س. پارند پايدار سپهر,686,19381974,218063688412,11243,11249,11250,7,0.06,11251,8,0.07,11249,11259,1399-12-25
214,كهمدا,شيشه‌ همدان‌,682,2843548,27592881960,9850,9940,9730,-120,-1.22,9770,-80,-0.81,9660,9940,1399-12-25
215,وكار,بانك‌ كارآفرين‌,668,20138484,48973436570,2440,2410,2420,-20,-0.82,2430,-10,-0.41,2400,2490,1399-12-25
216,كاردان,صندوق س تجارت شاخصي كاردان,661,372543,58436772770,155670,155780,156400,730,0.47,156860,1190,0.76,152790,159990,1399-12-25
217,پارسيان,بيمه پارسيان,659,3466986,37549776380,10990,10990,10780,-210,-1.91,10870,-120,-1.09,10780,10990,1399-12-25
218,بنو,بيمه تجارت نو,655,16678041,556579584252,34053,33372,33372,-681,-2.0,33372,-681,-2.0,33372,33372,1399-12-25
219,كپارس,كاشي‌ پارس‌,654,331166,49737347440,153240,150190,150180,-3060,-2.0,150190,-3050,-1.99,150180,150700,1399-12-25
220,پارس,پتروشيمي پارس,647,701372,104010575630,148500,148500,149000,500,0.34,148300,-200,-0.13,145530,150440,1399-12-25
221,فلات,گروه صنايع معادن فلات ايرانيان,614,2024679,29370337776,14106,14173,14529,423,3.0,14506,400,2.84,14173,14529,1399-12-25
222,رنيك,جنرال مكانيك,613,1009294,20613315112,20438,20303,20460,22,0.11,20432,-6,-0.03,20080,20760,1399-12-25
223,اتكاي,بيمه اتكايي ايرانيان,605,1503234,24835081650,15723,16665,16555,832,5.29,16091,368,2.34,16450,16665,1399-12-25
224,وبشهر,توسعه‌ صنايع‌ بهشهر(هلدينگ,605,3779708,44651411970,11800,11590,11700,-100,-0.85,11810,10,0.08,11580,12110,1399-12-25
225,خريخت,صنايع‌ريخته‌گري‌ايران‌,595,7032795,23739371130,3430,3420,3370,-60,-1.75,3400,-30,-0.87,3370,3430,1399-12-25
226,شجم,صنايع پتروشيمي تخت جمشيد,588,4124091,40628519726,9664,9490,9953,289,2.99,9852,188,1.95,9474,9953,1399-12-25
227,سبزوا,سيمان لار سبزوار,585,4603060,16133387279,3573,3546,3502,-71,-1.99,3550,-23,-0.64,3502,3546,1399-12-25
228,سغرب,سيمان‌غرب‌,579,1390476,52198469040,38300,37540,37540,-760,-1.98,37540,-760,-1.98,37540,37540,1399-12-25
229,خديزل,بهمن  ديزل,575,812198,32447603812,40276,39502,40499,223,0.55,40059,-217,-0.54,39471,40890,1399-12-25
230,بموتو,موتوژن‌,569,451950,25396774470,57060,56200,56100,-960,-1.68,56620,-440,-0.77,55980,56950,1399-12-25
231,تسه9908,امتياز تسهيلات مسكن آبان99,563,12605,7515616813,582620,585000,595000,12380,2.12,596241,13621,2.34,573122,611750,1399-12-25
232,ميدكو,هلدينگ صنايع  معدني خاورميانه,559,3279325,100606685346,30595,30595,30749,154,0.5,30665,70,0.23,30590,30890,1399-12-25
233,شخارك,پتروشيمي‌ خارك‌,559,1172377,52317693350,44090,43600,44940,850,1.93,44360,270,0.61,43310,45990,1399-12-25
234,وتوكا,سرمايه‌گذاري‌توكافولاد(هلدينگ,552,9701338,112610711280,10980,11570,11630,650,5.92,11610,630,5.74,11280,11630,1399-12-25
235,شفارا,پتروشيمي فارابي,552,6391654,25632062473,3913,3970,4030,117,2.99,4010,97,2.48,3836,4030,1399-12-25
236,وآيند,بانك  آينده,544,32385176,633551198088,19962,19563,19563,-399,-2.0,19563,-399,-2.0,19563,19563,1399-12-25
237,حسينا,توسعه خدمات دريايي وبندري سينا,535,700961,49247258066,70791,72250,70000,-791,-1.12,70267,-524,-0.74,70000,72250,1399-12-25
238,شپاس,نفت پاسارگاد,524,1579305,35362240543,22031,23352,22000,-31,-0.14,22269,238,1.08,21700,23352,1399-12-25
239,شاوان,پالايش نفت لاوان,521,473535,42622168753,89802,88230,90300,498,0.55,89968,166,0.18,88230,91000,1399-12-25
240,سپاها,سيمان‌سپاهان‌,517,2996067,24892805720,8440,8400,8280,-160,-1.9,8370,-70,-0.83,8280,8400,1399-12-25
241,لوتوس,تامين سرمايه لوتوس پارسيان,512,3819214,40047393790,10130,10400,10320,190,1.88,10430,300,2.96,10200,10680,1399-12-25
242,تسه9910,امتياز تسهيلات مسكن دي99,498,8026,4820033774,587504,582880,616879,29375,5.0,600552,13048,2.22,582880,616879,1399-12-25
243,تصميم,صندوق س با درآمد ثابت تصميم,493,11131483,176642247591,15863,15871,15873,10,0.06,15869,6,0.04,15861,15877,1399-12-25
244,شرانل,نفت ايرانول,490,838147,30890007174,36439,35800,36820,381,1.05,36698,259,0.71,35800,37780,1399-12-25
245,قشرين,قند شيرين خراسان,481,1363754,21639347044,15893,16079,15576,-317,-1.99,15867,-26,-0.16,15576,16237,1399-12-25
246,پكوير,كوير تاير,479,1968239,25311006940,13110,13110,12850,-260,-1.98,12980,-130,-0.99,12850,13110,1399-12-25
247,واحيا,م .صنايع و معادن احياء سپاهان,476,685425,97366426835,141605,140001,141003,-602,-0.43,142053,448,0.32,140001,143000,1399-12-25
248,ساينا,صنايع بهداشتي ساينا,475,124246,20028044261,158940,155787,160990,2050,1.29,159837,897,0.56,155762,168476,1399-12-25
249,زرين,صندوق س. سهام زرين كوروش-س,473,8835946,89333076362,9991,10000,10088,97,0.97,10110,119,1.19,9823,10130,1399-12-25
250,وخاور,بانك خاورميانه,470,2941530,26953443500,8990,9020,9070,80,0.89,9070,80,0.89,8990,9350,1399-12-25
251,غويتاح,ح . ويتانا,460,1598018,18132710246,11578,11347,11347,-231,-2.0,11347,-231,-2.0,11347,11347,1399-12-25
252,زدشت,كشت و صنعت دشت خرم دره,460,663098,17670512400,27184,26750,26641,-543,-2.0,26984,-200,-0.74,26641,27000,1399-12-25
253,كارين,صندوق س نگين سامان-ثابت,444,21256087,212669350336,10138,10008,10006,-132,-1.3,10005,-133,-1.31,10005,10010,1399-12-25
254,شكربن,كربن‌ ايران‌,440,287372,26933028500,95360,93470,93460,-1900,-1.99,94500,-860,-0.9,93460,94990,1399-12-25
255,وسين,بيمه سينا,440,2346231,32952674746,14285,14011,14000,-285,-2.0,14045,-240,-1.68,14000,14300,1399-12-25
256,سحرخيز,صندوق س. گروه زعفران سحرخيز,437,2138053,20402505965,9530,9600,9598,68,0.71,9543,13,0.14,9463,9620,1399-12-25
257,غبشهر,صنعتي‌ بهشهر,432,843446,16744595930,20150,19900,19750,-400,-1.99,20050,-100,-0.5,19750,20200,1399-12-25
258,غپونه,نوش پونه مشهد,431,1086370,21723745807,20371,19964,19964,-407,-2.0,19997,-374,-1.84,19964,20400,1399-12-25
259,دشيميح,ح . شيمي‌ داروئي‌ داروپخش‌,423,497850,9918641610,19770,19650,19850,80,0.4,19920,150,0.76,19070,20290,1399-12-25
260,تسه9909,امتياز تسهيلات مسكن آذر99,414,6126,3658590232,590640,580122,597000,6360,1.08,597223,6583,1.11,574133,610000,1399-12-25
261,شيراز,پتروشيمي‌شيراز,413,847445,47013193430,53830,55410,56000,2170,4.03,54540,710,1.32,52860,56420,1399-12-25
262,آكورد,صندوق س. آرمان آتي كوثر-د,413,7336991,228681536346,31153,31167,31170,17,0.05,31168,15,0.05,31155,31170,1399-12-25
263,كاذرح,ح . فرآورده‌هاي‌نسوزآذر,409,13344515,394620773130,30800,31700,29570,-1230,-3.99,29570,-1230,-3.99,29570,31700,1399-12-25
264,فاما,صنعتي‌ آما,407,1353429,27066211740,20390,19990,20090,-300,-1.47,20170,-220,-1.08,19990,20300,1399-12-25
265,دتماد,توليدمواداوليه‌داروپخش‌,405,225844,9814502830,43620,43020,43800,180,0.41,43590,-30,-0.07,42770,43970,1399-12-25
266,وآرين,شركت توسعه اقتصادي آرين,404,4418000,17498667948,3850,3960,3965,115,2.99,3945,95,2.47,3900,3965,1399-12-25
267,ضخود2006,اختيارخ خودرو-2500-1400/02/08,399,13040,3041659000,240,230,229,-11,-4.58,233,-7,-2.92,221,249,1399-12-25
268,كرازي,كارخانجات‌توليدي‌شيشه‌رازي‌,392,785565,18696447000,24280,23800,23800,-480,-1.98,24110,-170,-0.7,23800,23800,1399-12-25
269,ياقوت,صندوق س ياقوت آگاه-ثابت,390,5037961,60766269012,12049,12055,12069,20,0.17,12062,13,0.11,12054,12073,1399-12-25
270,وسرمد,بيمه  سرمد,389,2865993,18206853885,6414,6470,6288,-126,-1.96,6358,-56,-0.87,6286,6600,1399-12-25
271,اطلس,صندوق س.توسعه اندوخته آينده-س,388,60913,12758908188,211053,209013,210000,-1053,-0.5,209461,-1592,-0.75,207050,211500,1399-12-25
272,شنفت,نفت‌ پارس‌,386,223572,10952725660,49710,48960,48720,-990,-1.99,49550,-160,-0.32,48720,49860,1399-12-25
273,وبهمن,سرمايه‌گذاري‌بهمن‌,386,1843412,29329902530,16090,15770,15770,-320,-1.99,15980,-110,-0.68,15770,16090,1399-12-25
274,كاريس,صندوق س.سپهر كاريزما-س,386,5771017,62376534233,10824,10769,10898,74,0.68,10809,-15,-0.14,10731,10985,1399-12-25
275,دعبيد,لابراتوارداروسازي‌  دكترعبيدي‌,378,886926,21747425520,25020,24520,24520,-500,-2.0,24820,-200,-0.8,24520,24520,1399-12-25
276,سخوز,سيمان خوزستان,374,731668,15615711160,21530,21230,21550,20,0.09,21470,-60,-0.28,21120,21600,1399-12-25
277,نهال,صندوق س. طلاي سرخ نوويرا,369,1271808,12058496830,9422,9300,9425,3,0.03,9481,59,0.63,9300,9600,1399-12-25
278,شكبير,پتروشيمي اميركبير,369,1706763,150526578918,87668,86000,88820,1152,1.31,88194,526,0.6,85915,90290,1399-12-25
279,وحكمت,بيمه حكمت صبا,368,4085826,15154908205,3622,3720,3730,108,2.98,3689,67,1.85,3571,3730,1399-12-25
280,خراسان,پتروشيمي خراسان,366,224213,16736778640,74500,73020,74480,-20,-0.03,74550,50,0.07,73020,75600,1399-12-25
281,معيار,سرمايه گذاري معيار صنعت پارس,365,661298,30443929317,45826,47200,44910,-916,-2.0,46037,211,0.46,44910,47200,1399-12-25
282,شگلح,ح . گلتاش‌,364,1167676,7557540560,6500,6390,6440,-60,-0.92,6470,-30,-0.46,6390,6590,1399-12-25
283,انرژي3,سايراشخاص بورس انرژي,358,67325,17486322250,265030,259730,259730,-5300,-2.0,263540,-1490,-0.56,259730,259730,1399-12-25
284,پكرمان,گروه‌ صنعتي‌ بارز,354,527293,13933533160,26540,26750,26310,-230,-0.87,26510,-30,-0.11,26070,27020,1399-12-25
285,زفكاح,ح . كشت و دامداري فكا,348,1067590,8010612188,7487,7600,7569,82,1.1,7503,16,0.21,7381,7620,1399-12-25
286,قجامح,ح.فرآورده غذايي وقندتربت‌جام,345,4268527,25175772246,6018,5898,5898,-120,-1.99,5898,-120,-1.99,5898,5898,1399-12-25
287,پتاير,ايران‌ تاير,342,10062544,41558306720,4210,4130,4130,-80,-1.9,4140,-70,-1.66,4130,4130,1399-12-25
288,دكيمي,كيميدارو,340,424938,10918781570,25590,25080,25760,170,0.66,25610,20,0.08,25080,26700,1399-12-25
289,سيستم,همكاران سيستم,339,777460,19771018050,25910,25440,25410,-500,-1.93,25720,-190,-0.73,25400,25960,1399-12-25
290,سيلام,سيمان‌ ايلام‌,335,2430359,27644519220,11600,11370,11370,-230,-1.98,11470,-130,-1.12,11370,11590,1399-12-25
291,شراز,پالايش نفت شيراز,331,150848,16884880413,111949,109711,111980,31,0.03,111944,-5,0.0,109711,113320,1399-12-25
292,دالبر,البرزدارو,329,596868,9022111200,15330,15330,15070,-260,-1.7,15290,-40,-0.26,15030,15720,1399-12-25
293,فيروزه,صندوق شاخص30 شركت فيروزه- سهام,321,139632,19332119680,138450,140000,138360,-90,-0.07,138450,0,0.0,135160,140000,1399-12-25
294,ستران,سيمان‌ تهران‌,321,563563,14331407090,25940,25430,25430,-510,-1.97,25790,-150,-0.58,25430,25430,1399-12-25
295,وارس,سرمايه گذاري ارس صبا,317,1590590,23528774373,14406,14838,14838,432,3.0,14792,386,2.68,14442,14838,1399-12-25
296,كگهر,سنگ آهن گهرزمين,313,825667,38287306476,46358,46358,46370,12,0.03,46362,4,0.01,46200,46700,1399-12-25
297,بورس,بورس اوراق بهادار تهران,310,907150,33437549000,37610,36860,36860,-750,-1.99,37180,-430,-1.14,36860,36860,1399-12-25
298,فخاس,فولاد خراسان,309,3747354,109497730550,29810,29220,29220,-590,-1.98,29220,-590,-1.98,29220,29350,1399-12-25
299,واعتبار,سرمايه گذاري اعتبار ايران,307,2026030,18135542860,8930,9100,8880,-50,-0.56,8940,10,0.11,8800,9100,1399-12-25
300,وتوشه,سرمايه‌ گذاري‌ پارس‌ توشه‌,302,795170,17502782460,22430,22000,21990,-440,-1.96,22280,-150,-0.67,21990,22380,1399-12-25
301,بفجر,فجر انرژي خليج فارس,290,756307,18070692960,23250,24250,23940,690,2.97,23440,190,0.82,23450,24250,1399-12-25
302,دپارس,پارس‌ دارو,287,164575,13790531230,85460,83760,83760,-1700,-1.99,84990,-470,-0.55,83760,85430,1399-12-25
303,جوين,كشت و صنعت جوين,286,6432637,36807548914,5838,5722,5722,-116,-1.99,5722,-116,-1.99,5722,5722,1399-12-25
304,تماوند,تامين سرمايه دماوند,279,1151615,17473929477,15357,15300,15070,-287,-1.87,15200,-157,-1.02,15050,15489,1399-12-25
305,دروز,داروسازي‌ روزدارو,277,5352582,161433873120,28460,30160,30160,1700,5.97,30160,1700,5.97,30160,30160,1399-12-25
306,دارا,صندوق س. دارا الگوريتم-د,275,7407097,74545855255,10026,10050,10062,36,0.36,10064,38,0.38,10022,10100,1399-12-25
307,ضخود2005,اختيارخ خودرو-2000-1400/02/08,271,7606,4502139000,607,600,590,-17,-2.8,592,-15,-2.47,550,617,1399-12-25
308,پسهند,صنايع‌ لاستيكي‌  سهند,270,443859,18980214640,43210,42450,42990,-220,-0.51,43040,-170,-0.39,42350,43730,1399-12-25
309,آسيا,بيمه آسيا,249,7797769,18012846390,2350,2310,2310,-40,-1.7,2340,-10,-0.43,2310,2310,1399-12-25
310,فردا,صندوق س آواي فرداي زاگرس-ثابت,241,9339843,96484860276,10322,10330,10339,17,0.16,10330,8,0.08,10327,10359,1399-12-25
311,سهگمت,سيمان‌هگمتان‌,238,471046,11724473850,25380,24880,24880,-500,-1.97,25260,-120,-0.47,24880,25780,1399-12-25
312,دسبحا,گروه دارويي سبحان,235,810035,15497095240,19130,19130,18770,-360,-1.88,19130,0,0.0,18750,19780,1399-12-25
313,ثشاهد,سرمايه‌ گذاري‌ شاهد,233,549842,10260051720,19040,18660,18660,-380,-2.0,18960,-80,-0.42,18660,18660,1399-12-25
314,لبوتان,گروه‌صنعتي‌بوتان‌,232,132631,8012133900,61600,60380,60380,-1220,-1.98,61400,-200,-0.32,60370,61640,1399-12-25
315,قپيرا,فرآورده‌هاي‌غدايي‌وقندپيرانشهر,231,114513,11655366590,103850,101780,101780,-2070,-1.99,103350,-500,-0.48,101780,102000,1399-12-25
316,آساس,صندوق س.آسمان آرماني سهام-س,226,87377,14496960378,164207,166027,166800,2593,1.58,165913,1706,1.04,164208,166800,1399-12-25
317,فروي,ذوب روي اصفهان,219,136810,8714386570,64996,63697,63697,-1299,-2.0,64763,-233,-0.36,63697,63697,1399-12-25
318,تسه9801,امتياز تسهيلات مسكن فروردين98,219,3364,1891063467,563624,540000,542672,-20952,-3.72,562147,-1477,-0.26,535443,589999,1399-12-25
319,قنيشا,قند  نيشابور,218,270853,15774478720,59420,58240,58240,-1180,-1.99,59030,-390,-0.66,58240,58240,1399-12-25
320,اخزا903,اسنادخزانه-م3بودجه99-011110,218,709665,488920271984,689118,686000,687090,-2028,-0.29,688945,-173,-0.03,679504,691500,1399-12-25
321,كالا,بورس كالاي ايران,214,387055,12916025350,34050,33370,33370,-680,-2.0,33870,-180,-0.53,33370,33370,1399-12-25
322,اخزا902,اسنادخزانه-م2بودجه99-011019,212,361910,252907115483,698233,698233,697999,-234,-0.03,698812,579,0.08,690604,700500,1399-12-25
323,تسه9907,امتياز تسهيلات مسكن مهر99,211,3161,1879175056,586947,557600,595000,8053,1.37,594487,7540,1.28,557600,615000,1399-12-25
324,عيار,صندوق س. پشتوانه طلاي مفيد,210,166266,4421690705,27074,27300,26590,-484,-1.79,26594,-480,-1.77,26499,27300,1399-12-25
325,سپاس,صندوق س. پاداش سهامداري توسعه1,206,5908242,59377033869,10044,10060,10050,6,0.06,10050,6,0.06,10049,10060,1399-12-25
326,تسه9802,امتياز تسهيلات مسكن ارديبهشت98,205,3169,1844463983,579718,555100,590000,10282,1.77,582033,2315,0.4,552233,594880,1399-12-25
327,دفرا,فرآورده‌هاي‌ تزريقي‌ ايران‌,204,274292,7042986660,26190,25670,25670,-520,-1.99,26120,-70,-0.27,25670,25800,1399-12-25
328,بخاور,بيمه زندگي خاورميانه,203,1396674,9524931547,6950,6830,6811,-139,-2.0,6924,-26,-0.37,6811,6990,1399-12-25
329,فزرين,زرين معدن آسيا,202,1468140,39760167480,27634,27082,27082,-552,-2.0,27182,-452,-1.64,27082,27082,1399-12-25
330,اتكام,شركت بيمه اتكايي امين,202,1770248,8564782689,4934,4839,4836,-98,-1.99,4917,-17,-0.34,4836,4890,1399-12-25
331,دكپسولح,ح .توليد ژلاتين كپسول ايران,201,393904,8580969349,21933,21500,21905,-28,-0.13,21784,-149,-0.68,21495,22450,1399-12-25
332,فيروزا,صندوق بادرآمد ثابت فيروزه آسيا,199,6135057,136198574729,22138,22101,22213,75,0.34,22200,62,0.28,22101,22214,1399-12-25
333,تسه9904,امتياز تسهيلات مسكن تير99,193,2977,1774515052,580490,580500,609514,29024,5.0,596075,15585,2.68,580490,609514,1399-12-25
334,ضپاس2002,اختيارخ وپارس-3000-1400/02/29,191,5057,1980378000,408,360,377,-31,-7.6,392,-16,-3.92,343,450,1399-12-25
335,اخزا909,اسنادخزانه-م9بودجه99-020316,190,731449,463741625815,633996,634001,635000,1004,0.16,634004,8,0.0,631901,635000,1399-12-25
336,ارمغان,ص سرمايه گذاري ارمغان ايرانيان,188,2500985,25159463578,10055,10062,10067,12,0.12,10060,5,0.05,10056,10067,1399-12-25
337,تسه9902,امتياز تسهيلات مسكن ارديبهشت99,186,2479,1472196360,582215,563111,599000,16785,2.88,593867,11652,2.0,563111,611325,1399-12-25
338,سكه9912پ04,سكه تمام بهارتحويل1روزه صادرات,185,83700,87053038000,1048120,1040002,1041000,-7120,-0.68,1040060,-8060,-0.77,1030000,1050000,1399-12-25
339,وپخش,داروپخش‌ (هلدينگ‌,184,56941,5735576170,102670,100620,100620,-2050,-2.0,102440,-230,-0.22,100620,101650,1399-12-25
340,سپ,پرداخت الكترونيك سامان كيش,184,319307,5301938000,16930,16600,16630,-300,-1.77,16890,-40,-0.24,16600,16870,1399-12-25
341,سپر,صندوق س سپر سرمايه بيدار- ثابت,181,7105998,80776514363,11365,11367,11367,2,0.02,11367,2,0.02,11302,11369,1399-12-25
342,تسه9906,امتياز تسهيلات مسكن شهريور99,181,2075,1233680159,591454,565009,590000,-1454,-0.25,594545,3091,0.52,565009,621026,1399-12-25
343,شكف,كف,177,282643,24159386978,83840,85100,85516,1676,2.0,85477,1637,1.95,83841,85516,1399-12-25
344,دلر,داروسازي‌ اكسير,175,174069,6254614410,36480,35770,36000,-480,-1.32,36410,-70,-0.19,35760,36990,1399-12-25
345,دزهراوي,داروسازي‌زهراوي‌,168,332484,2606674560,7990,7840,7840,-150,-1.88,7980,-10,-0.13,7840,7840,1399-12-25
346,زر,صندوق س.پشتوانه سكه طلاي زر,166,163309,7357901304,45997,45800,45158,-839,-1.82,45055,-942,-2.05,45000,45800,1399-12-25
347,پخش,پخش البرز,162,491845,16452443473,33819,33819,33143,-676,-2.0,33695,-124,-0.37,33143,33819,1399-12-25
348,ما,بيمه  ما,161,1666186,12346491140,7550,7410,7400,-150,-1.99,7510,-40,-0.53,7400,7550,1399-12-25
349,شتولي,تولي‌پرس‌,161,354169,12401935873,35731,35017,35017,-714,-2.0,35017,-714,-2.0,35017,35017,1399-12-25
350,فرابورس,فرابورس ايران,160,226087,7297862273,32937,32279,32279,-658,-2.0,32838,-99,-0.3,32279,32279,1399-12-25
351,شفا,سرمايه گذاري شفادارو,155,163346,7340269110,45840,44930,44930,-910,-1.99,45700,-140,-0.31,44930,45490,1399-12-25
352,وتوسم,سرمايه‌گذاري‌توسعه‌ملي‌,155,1484367,14398359900,9890,9700,9700,-190,-1.92,9830,-60,-0.61,9700,9700,1399-12-25
353,فنرژي,گسترش صنايع انرژي آذرآب,154,694797,14030730618,20606,20194,20194,-412,-2.0,20194,-412,-2.0,20194,20194,1399-12-25
354,كخاك,صنايع‌خاك‌چيني‌ايران‌,152,405852,17339828510,43590,42780,42720,-870,-2.0,43280,-310,-0.71,42720,43670,1399-12-25
355,دارو,كارخانجات‌داروپخش‌,151,150666,4876427660,32990,32340,32340,-650,-1.97,32930,-60,-0.18,32340,33120,1399-12-25
356,كارين2,صندوق س نگين سامان-ثابت,150,1500000,1500000,10138,1,1,-10137,-99.99,1,-10137,-99.99,1,1,1399-12-25
357,خاتم,صندوق س خاتم ايساتيس پويا-ثابت,147,10248674,109620187325,10691,10699,10700,9,0.08,10696,5,0.05,10694,10700,1399-12-25
358,ضشنا2003,اختيارخ شپنا-14000-1400/02/27,147,2371,2545578000,970,901,1140,170,17.53,1074,104,10.72,900,1180,1399-12-25
359,تسه9810,امتياز تسهيلات مسكن دي98,146,2828,1663879660,585222,556009,557000,-28222,-4.82,588359,3137,0.54,556005,600000,1399-12-25
360,تسه9803,امتياز تسهيلات مسكن خرداد98,146,2336,1383869971,590080,562222,604000,13920,2.36,592410,2330,0.39,562222,619584,1399-12-25
361,ثبهساز,بهساز كاشانه تهران,145,1342785,3115261200,2360,2320,2320,-40,-1.69,2360,0,0.0,2320,2320,1399-12-25
362,ماديرا,صنايع ماشين هاي اداري ايران,141,419604,3699648468,8996,8817,8817,-179,-1.99,8982,-14,-0.16,8817,8817,1399-12-25
363,شپلي,پلي اكريل ايران,137,978758,9797367580,10427,10010,10010,-417,-4.0,10141,-286,-2.74,10010,10010,1399-12-25
364,كيان2,صندوق س. با درآمد ثابت كيان,134,13400000,13400000,27547,1,1,-27546,-100.0,1,-27546,-100.0,1,1,1399-12-25
365,كگاز,شيشه‌ و گاز,133,282228,5091551920,18400,18040,18040,-360,-1.96,18360,-40,-0.22,18040,18140,1399-12-25
366,ثباغ,شهر سازي و خانه سازي باغميشه,133,415622,5995553400,14719,14425,14425,-294,-2.0,14683,-36,-0.24,14425,14429,1399-12-25
367,افق ملت,صندوق س در سهام افق ملت,133,57305,7118465070,126060,123010,124510,-1550,-1.23,124220,-1840,-1.46,123000,126900,1399-12-25
368,بمپنا,توليد برق عسلويه  مپنا,130,93118,6832998840,74877,73380,73380,-1497,-2.0,74664,-213,-0.28,73380,73380,1399-12-25
369,ولساپا,ليزينگ رايان‌ سايپا,127,1988693,7020086290,3600,3530,3530,-70,-1.94,3590,-10,-0.28,3530,3530,1399-12-25
370,تسه9903,امتياز تسهيلات مسكن خرداد99,123,1023,607620429,582530,570222,553570,-28960,-4.97,593959,11429,1.96,553405,611000,1399-12-25
371,قنقش,قند نقش جهان,123,87371,6423069406,74632,73140,73140,-1492,-2.0,73892,-740,-0.99,73140,75840,1399-12-25
372,اخزا901,اسنادخزانه-م1بودجه99-010621,122,134015,99056194687,737929,735000,741001,3072,0.42,739143,1214,0.16,733461,742000,1399-12-25
373,تسه9905,امتياز تسهيلات مسكن مرداد99,122,1372,817116593,587132,567009,567600,-19532,-3.33,595566,8434,1.44,566100,616488,1399-12-25
374,تليسه,دامداري تليسه نمونه,119,641420,2816475220,4480,4391,4391,-89,-1.99,4475,-5,-0.11,4391,4391,1399-12-25
375,گوهر,صندوق سكه طلاي كيان,117,62193,3242831305,53251,52990,51752,-1499,-2.81,52141,-1110,-2.08,51675,52990,1399-12-25
376,ديران,ايران‌دارو,117,1092630,30604566300,28580,28010,28010,-570,-1.99,28220,-360,-1.26,28010,28010,1399-12-25
377,آساميد,صندوق س.مشترك آسمان اميد -د,112,3935237,45960085683,11674,11679,11680,6,0.05,11679,5,0.04,11679,11682,1399-12-25
378,ضشنا2002,اختيارخ شپنا-12000-1400/02/27,111,1943,4234684000,1946,1800,2250,304,15.62,2179,233,11.97,1800,2400,1399-12-25
379,ضجار2002,اختيارخ وتجارت-2500-1400/02/22,110,5284,2023814000,391,290,362,-29,-7.42,383,-8,-2.05,60,400,1399-12-25
380,آتيمس,صندوق س.آرمان آتيه درخشان مس-س,107,16466,3012210090,181514,181600,183000,1486,0.82,182935,1421,0.78,180000,184000,1399-12-25
381,وثوق,سرمايه گذاري وثوق امين,107,895634,19712008706,22458,22009,22009,-449,-2.0,22009,-449,-2.0,22009,22009,1399-12-25
382,ضخود2008,اختيارخ خودرو-3500-1400/02/08,106,4490,203919000,54,41,41,-13,-24.07,45,-9,-16.67,41,49,1399-12-25
383,سكه0112پ03,سكه تمام بهارتحويلي1روزه سامان,104,30600,31784576500,1043981,1045000,1042121,-1860,-0.18,1038712,-5269,-0.5,1028200,1049000,1399-12-25
384,آبادا,توليد نيروي برق آبادان,104,74877,1108179600,15100,14800,14800,-300,-1.99,15090,-10,-0.07,14800,14800,1399-12-25
385,قچار,فراوردههاي غذايي وقند چهارمحال,103,46848,4228344846,91958,90130,90119,-1839,-2.0,91808,-150,-0.16,90119,91958,1399-12-25
386,چدن,توليدي چدن سازان,102,121757,2963565380,24830,24340,24340,-490,-1.97,24800,-30,-0.12,24340,24340,1399-12-25
387,تكنار,مجتمع معادن مس تكنار,101,165008,22542567920,139403,136615,136615,-2788,-2.0,136615,-2788,-2.0,136615,136615,1399-12-25
388,سمايه,بانك سرمايه,99,2850861,18815682600,6734,6600,6600,-134,-1.99,6600,-134,-1.99,6600,6600,1399-12-25
389,فسرب,ملي‌ سرب‌وروي‌ ايران‌,98,81135,6599520900,83000,81340,81340,-1660,-2.0,82780,-220,-0.27,81340,81340,1399-12-25
390,دانا,بيمه دانا,96,759058,4979420480,6690,6560,6560,-130,-1.94,6680,-10,-0.15,6560,6560,1399-12-25
391,تمحركه,ماشين سازي نيرو محركه,96,391979,7447601000,23760,19000,19000,-4760,-20.03,21543,-2217,-9.33,19000,19000,1399-12-25
392,اخزا908,اسنادخزانه-م8بودجه99-020606,94,301631,182834331886,605755,603600,607550,1795,0.3,606152,397,0.07,603600,607550,1399-12-25
393,كحافظ,كاشي‌ وسراميك‌ حافظ‌,93,184133,2204072010,12210,11970,11970,-240,-1.97,12200,-10,-0.08,11970,11970,1399-12-25
394,فرآور,فرآوري‌موادمعدني‌ايران‌,92,196562,7086060100,36780,36050,36050,-730,-1.98,36670,-110,-0.3,36050,36050,1399-12-25
395,ضملت3001,اختيارخ وبملت-3500-1400/03/19,91,3440,3506767000,935,950,1000,65,6.95,1019,84,8.98,915,1100,1399-12-25
396,اخزا910,اسنادخزانه-م10بودجه99-020807,90,183266,107443908544,585686,584000,587200,1514,0.26,586273,587,0.1,583600,587805,1399-12-25
397,زملارد,كشاورزي و دامپروري ملارد شير,89,476400,16993188000,36397,35670,35670,-727,-2.0,36144,-253,-0.7,35670,35670,1399-12-25
398,سصوفي,سيمان‌ صوفيان‌,85,529763,9948949140,19160,18780,18780,-380,-1.98,19080,-80,-0.42,18780,18780,1399-12-25
399,ثفارس,عمران‌وتوسعه‌فارس‌,84,703803,7052106060,10220,10020,10020,-200,-1.96,10190,-30,-0.29,10020,10020,1399-12-25
400,خبازرس,بازرسي مهندسي و صنعتي ايران,83,188986,6295312646,33990,33311,33311,-679,-2.0,33758,-232,-0.68,33311,33311,1399-12-25
401,ضشنا2001,اختيارخ شپنا-10000-1400/02/27,82,1714,6299422000,3561,3200,3960,399,11.2,3675,114,3.2,3000,4141,1399-12-25
402,خرينگ,رينگ‌سازي‌مشهد,81,161498,7290019720,46060,45140,45140,-920,-2.0,45920,-140,-0.3,45140,45140,1399-12-25
403,سمتاز,سيمان ممتازان كرمان,81,308969,6117895169,19225,19801,19801,576,3.0,19393,168,0.87,19801,19801,1399-12-25
404,تسه9901,امتياز تسهيلات مسكن فروردين99,80,581,352732395,589730,561722,619000,29270,4.96,607113,17383,2.95,561722,619216,1399-12-25
405,كماسه,تامين‌ ماسه‌ ريخته‌گري‌,78,41123,1793374030,44500,43610,43610,-890,-2.0,44470,-30,-0.07,43610,43610,1399-12-25
406,غمهراح,ح . توليدي‌مهرام‌,78,2934238,337444242400,115000,128800,115000,0,0.0,115000,0,0.0,115000,128800,1399-12-25
407,كپرور,فرآوري زغال سنگ پروده طبس,78,80965,3084928430,38879,38102,38102,-777,-2.0,38829,-50,-0.13,38102,38102,1399-12-25
408,كبافق,معادن‌ بافق‌,76,90936,4801420800,53870,52800,52800,-1070,-1.99,53760,-110,-0.2,52800,52800,1399-12-25
409,ضسپا3003,اختيارخ خساپا-2000-1400/03/26,76,2656,1246672000,464,448,461,-3,-0.65,469,5,1.08,448,495,1399-12-25
410,پرديس,سرمايه گذاري پرديس,75,661566,3618766020,5580,5470,5470,-110,-1.97,5570,-10,-0.18,5470,5470,1399-12-25
411,زگلدشت,كشت و دام گلدشت نمونه اصفهان,75,188393,8212992835,44484,43595,43595,-889,-2.0,44335,-149,-0.33,43595,43595,1399-12-25
412,دسبحان,سبحان دارو,73,642095,13752265650,21680,21700,21250,-430,-1.98,21610,-70,-0.32,21250,21700,1399-12-25
413,تسه9811,امتياز تسهيلات مسكن بهمن98,73,560,328002571,579862,553999,585150,5288,0.91,585719,5857,1.01,551009,605000,1399-12-25
414,لپارس,پارس‌ الكتريك‌,72,53603,5092285000,96930,95000,95000,-1930,-1.99,96730,-200,-0.21,95000,95000,1399-12-25
415,ثالوند,سرمايه گذاري مسكن الوند,72,290720,9639112320,33832,33156,33156,-676,-2.0,33699,-133,-0.39,33156,33156,1399-12-25
416,اخزا905,اسنادخزانه-م5بودجه99-020218,71,506653,329813597866,651227,649300,649900,-1327,-0.2,650965,-262,-0.04,648000,657000,1399-12-25
417,تسه9812,امتياز تسهيلات مسكن اسفند98,69,539,320978760,579672,559000,603000,23328,4.02,595508,15836,2.73,550899,608655,1399-12-25
418,ودي,بيمه  دي,69,404604,9308724228,23476,23007,23007,-469,-2.0,23387,-89,-0.38,23007,23007,1399-12-25
419,ختراك,ريخته‌گري‌ تراكتورسازي‌ ايران‌,66,314413,5087202340,16510,16180,16180,-330,-2.0,16480,-30,-0.18,16180,16180,1399-12-25
420,بالاس,مهندسي ساختمان تاسيسات راه آهن,66,54411,3224014983,60462,59253,59253,-1209,-2.0,60386,-76,-0.13,59253,59253,1399-12-25
421,فروس,فروسيليس‌ ايران‌,64,660173,3129220020,4830,4740,4740,-90,-1.86,4820,-10,-0.21,4740,4740,1399-12-25
422,تسه9809,امتياز تسهيلات مسكن آذر98,62,547,318288683,578236,549326,572000,-6236,-1.08,581881,3645,0.63,549326,607000,1399-12-25
423,دامين,داروسازي‌ امين‌,60,78522,1073395740,13940,13670,13670,-270,-1.94,13930,-10,-0.07,13670,13670,1399-12-25
424,قثابت,قند ثابت‌ خراسان‌,60,155971,10596669740,69320,67940,67940,-1380,-1.99,69020,-300,-0.43,67940,67940,1399-12-25
425,تسه9806,امتياز تسهيلات مسكن شهريور98,60,1113,650936371,582737,555000,600000,17263,2.96,584848,2111,0.36,555000,610000,1399-12-25
426,تسه9808,امتياز تسهيلات مسكن آبان98,59,949,560836398,586002,556939,600000,13998,2.39,590976,4974,0.85,556921,614000,1399-12-25
427,قصفها,قنداصفهان‌,59,14988,2387588400,162550,159300,159300,-3250,-2.0,162390,-160,-0.1,159300,159300,1399-12-25
428,اخزا818,اسنادخزانه-م18بودجه98-010614,59,116514,87196571861,748649,745000,747000,-1649,-0.22,748378,-271,-0.04,745000,751900,1399-12-25
429,داريك,صندوق س.اعتماد داريك-د,58,69413,719706677,10367,10369,10366,-1,-0.01,10368,1,0.01,10300,10376,1399-12-25
430,سكه0011پ02,سكه تمام بهارتحويلي 1روزه ملت,58,11100,11562171000,1052144,1055234,1044000,-8144,-0.77,1041637,-10507,-1.0,1033000,1055234,1399-12-25
431,شساخت,مهندسي و ساختمان صنايع نفت,58,41185,1564800671,37517,38639,38494,977,2.6,37537,20,0.05,36771,38642,1399-12-25
432,فاذر,صنايع‌ آذرآب‌,57,82153,1983173420,24630,24140,24140,-490,-1.99,24610,-20,-0.08,24140,24140,1399-12-25
433,بزاگرس,نيروگاه زاگرس كوثر,57,200835,1428137685,7256,7111,7111,-145,-2.0,7252,-4,-0.06,7111,7111,1399-12-25
434,اخزا814,اسنادخزانه-م14بودجه98-010318,57,197549,155709425209,784837,778000,785000,163,0.02,788207,3370,0.43,778000,798700,1399-12-25
435,غصينو,صنعتي مينو,57,81533,5465238523,68398,67031,67031,-1367,-2.0,68321,-77,-0.11,67031,67031,1399-12-25
436,وزمين,بانك ايران زمين,56,6009476,82642313952,14032,13752,13752,-280,-2.0,13752,-280,-2.0,13752,13752,1399-12-25
437,غشهد,شهد ايران ‌,56,2142317,16131647010,7680,7530,7530,-150,-1.95,7630,-50,-0.65,7530,7530,1399-12-25
438,كسرا,سراميك‌هاي‌صنعتي‌اردكان‌,56,82934,1786398360,21970,21540,21540,-430,-1.96,21950,-20,-0.09,21540,21540,1399-12-25
439,وبيمه,سرمايه‌ گذاري‌ صنعت‌ بيمه‌,55,356305,1008343150,2880,2830,2830,-50,-1.74,2880,0,0.0,2830,2830,1399-12-25
440,كفپارس,فرآورده‌هاي‌ نسوز پارس‌,53,244253,1138218980,4750,4660,4660,-90,-1.89,4750,0,0.0,4660,4660,1399-12-25
441,صنوين,صندوق سرمايه‌گذاري صنوين-مختلط,53,8857,929493430,104540,105900,105870,1330,1.27,104940,400,0.38,104350,105900,1399-12-25
442,غچين,كشت‌ و صنعت‌ چين‌ چين,52,506902,10158316080,20440,20040,20040,-400,-1.96,20360,-80,-0.39,20040,20040,1399-12-25
443,صايند,صندوق س. گنجينه آينده روشن-د,52,617190,6102989920,9894,9904,9890,-4,-0.04,9888,-6,-0.06,9867,9908,1399-12-25
444,دمعيار,صندوق س. توازن معيار-د,52,2206559,22328418068,10114,10120,10120,6,0.06,10119,5,0.05,10114,10124,1399-12-25
445,كمينا,شيشه سازي مينا,52,78793,1835798107,23774,23299,23299,-475,-2.0,23728,-46,-0.19,23299,23299,1399-12-25
446,زعف0008پ20,زعفران0008نگين وحدت جام(پ),52,10960,1292571054,118019,118900,117999,-20,-0.02,117935,-84,-0.07,117355,118900,1399-12-25
447,اخزا817,اسنادخزانه-م17بودجه98-010512,51,146372,111721911625,760722,760000,764999,4277,0.56,763274,2552,0.34,756011,776500,1399-12-25
448,كتوكا,توليدي و خدمات صنايع نسوز توكا,51,195672,7539046488,39315,38529,38529,-786,-2.0,39194,-121,-0.31,38529,38529,1399-12-25
449,پارتا,مجتمع‌صنعتي‌آرتاويل‌تاير,50,23217,1292931513,56825,55689,55689,-1136,-2.0,56770,-55,-0.1,55689,55689,1399-12-25
450,فردا2,صندوق س آواي فرداي زاگرس-ثابت,50,5000000,5000000,10322,1,1,-10321,-99.99,1,-10321,-99.99,1,1,1399-12-25
451,وپويا,سرمايه گذاري پويا,50,246616,1621500200,6709,6575,6575,-134,-2.0,6705,-4,-0.06,6575,6575,1399-12-25
452,حفارس,حمل و نقل بين المللي خليج فارس,50,312094,1479325560,4830,4740,4740,-90,-1.86,4830,0,0.0,4740,4740,1399-12-25
453,دبالك,مواد اوليه دارويي البرز بالك,49,70802,1500506786,21625,21193,21193,-432,-2.0,21612,-13,-0.06,21193,21193,1399-12-25
454,اوصتا,صندوق انديشه ورزان صباتامين -د,48,887421,16080194371,18100,18120,18125,25,0.14,18120,20,0.11,18120,18130,1399-12-25
455,كوير,توليدي فولاد سپيد فراب كوير,48,103175,2297707250,22720,22270,22270,-450,-1.98,22710,-10,-0.04,22270,22270,1399-12-25
456,وتوصا,گروه س توسعه صنعتي ايران,47,112441,1345918770,12210,11970,11970,-240,-1.97,12200,-10,-0.08,11970,11970,1399-12-25
457,گدنا,تهيه توزيع غذاي دنا آفرين فدك,46,15124,505610444,34113,33431,33431,-682,-2.0,34106,-7,-0.02,33431,33431,1399-12-25
458,كوثر,بيمه كوثر,46,162675,2344309425,14705,14411,14411,-294,-2.0,14691,-14,-0.1,14411,14411,1399-12-25
459,اخزا813,اسنادخزانه-م13بودجه98-010219,46,154819,123902304667,799740,798001,799741,1,0.0,800304,564,0.07,798000,803500,1399-12-25
460,ثروتم,صندوق س. ثروت آفرين پارسيان-س,45,59470,4504139270,75578,74886,75801,223,0.3,75738,160,0.21,74380,76449,1399-12-25
461,اخزا815,اسنادخزانه-م15بودجه98-010406,45,139228,108141652395,776462,768992,777100,638,0.08,776723,261,0.03,768992,778990,1399-12-25
462,تكمبا,كمباين‌ سازي‌ ايران‌,45,438598,3320186860,7720,7570,7570,-150,-1.94,7710,-10,-0.13,7570,7570,1399-12-25
463,زعف0008پ05,زعفران0008نگين زرين(پ),45,52664,6249614479,117880,118500,119100,1220,1.03,118670,790,0.67,117800,119999,1399-12-25
464,فمراد,آلومراد,45,12433,1761134450,144540,141650,141650,-2890,-2.0,144430,-110,-0.08,141650,141650,1399-12-25
465,ثرود,سرمايه‌گذاري مسكن زاينده رود,44,144104,2527728264,17898,17541,17541,-357,-1.99,17880,-18,-0.1,17541,17541,1399-12-25
466,غگرجي,بيسكويت‌  گرجي‌,44,118209,2199869490,18980,18610,18610,-370,-1.95,18960,-20,-0.11,18610,18610,1399-12-25
467,تسه9804,امتياز تسهيلات مسكن تير98,44,913,561580525,625843,600000,615000,-10843,-1.73,615094,-10749,-1.72,594551,648500,1399-12-25
468,غويتا,ويتانا,43,26425,475306475,18354,17987,17987,-367,-2.0,18350,-4,-0.02,17987,17987,1399-12-25
469,بذر,صندوق س بذر اميد آفرين-سهام,43,15005,1496132300,98390,96060,99900,1510,1.53,99710,1320,1.34,96060,100500,1399-12-25
470,سجامح,ح.مجتمع سيمان غرب آسيا,43,391710,838259400,2184,2140,2140,-44,-2.01,2140,-44,-2.01,2140,2140,1399-12-25
471,زعف0008پ11,زعفران0008نگين سحرخيز(پ),43,235971,28260048688,118715,119900,119000,285,0.24,119761,1046,0.88,119000,119990,1399-12-25
472,كاسپينح,ح .داروسازي كاسپين تامين,42,91288,1785007246,19900,20000,19502,-398,-2.0,19554,-346,-1.74,19502,20000,1399-12-25
473,شاملا,معدني‌ املاح‌  ايران‌,42,64328,3284587680,52100,51060,51060,-1040,-2.0,52030,-70,-0.13,51060,51060,1399-12-25
474,حامي1401,اختيارف ت حامي-1401/02/31,42,42,42,1,1,1,0,0.0,1,0,0.0,1,1,1399-12-25
475,زعف0008پ16,زعفران0008نگين بيرجند(پ),41,14478,1709546609,117905,119000,117501,-404,-0.34,118079,174,0.15,117500,119000,1399-12-25
476,تكنو,تكنوتار,41,171134,3886453140,23170,22710,22710,-460,-1.99,23130,-40,-0.17,22710,22710,1399-12-25
477,آپ,آسان پرداخت پرشين,41,43336,773980960,18220,17860,17860,-360,-1.98,18210,-10,-0.05,17860,17860,1399-12-25
478,زبينا,كشاورزي و دامپروري بينالود,41,275053,958834758,3557,3486,3486,-71,-2.0,3556,-1,-0.03,3486,3486,1399-12-25
479,ولملت,واسپاري ملت,40,755491,6119477100,8260,8100,8100,-160,-1.94,8240,-20,-0.24,8100,8100,1399-12-25
480,ضملي3003,اختيارخ فملي-12000-1400/03/02,40,1110,2032067000,1743,1900,1780,37,2.12,1831,88,5.05,1721,2000,1399-12-25
481,ساروم,سيمان‌اروميه‌,40,91928,3845348240,42680,41830,41830,-850,-1.99,42610,-70,-0.16,41830,41830,1399-12-25
482,زكوثر,سرمايه گذاري كشاورزي كوثر,40,58996,1263694320,21850,21420,21420,-430,-1.97,21840,-10,-0.05,21420,21420,1399-12-25
483,اخزا809,اسنادخزانه-م9بودجه98-000923,39,68602,59273064774,864375,864792,864792,417,0.05,864014,-361,-0.04,860500,864800,1399-12-25
484,دسينا,داروسازي‌ سينا,38,571162,14638882060,26150,25630,25630,-520,-1.99,25990,-160,-0.61,25630,25630,1399-12-25
485,ملت,بيمه ملت,38,43057,709148790,16800,16470,16470,-330,-1.96,16800,0,0.0,16470,16470,1399-12-25
486,كترام,توليدي‌ كاشي‌ تكسرام‌,38,60665,2910100050,48940,47970,47970,-970,-1.98,48880,-60,-0.12,47970,47970,1399-12-25
487,كمنگنز,معادن‌منگنزايران‌,38,107526,9302074260,88270,86510,86510,-1760,-1.99,87940,-330,-0.37,86510,86510,1399-12-25
488,شگل,گلتاش‌,38,81358,852631840,10690,10480,10480,-210,-1.96,10690,0,0.0,10480,10480,1399-12-25
489,نطرين,عطرين نخ قم,38,189005,2210791485,11935,11697,11697,-238,-1.99,11924,-11,-0.09,11697,11697,1399-12-25
490,لكما,كارخانجات‌مخابراتي‌ايران‌,37,117352,730633552,6353,6226,6226,-127,-2.0,6348,-5,-0.08,6226,6226,1399-12-25
491,ختور,رادياتور ايران‌,37,32170,751491200,23830,23360,23360,-470,-1.97,23820,-10,-0.04,23360,23360,1399-12-25
492,تسه9807,امتياز تسهيلات مسكن مهر98,37,260,151258846,582288,553509,584000,1712,0.29,581765,-523,-0.09,553500,600000,1399-12-25
493,كسرام,پارس‌ سرام‌,36,331056,2727901440,8400,8240,8240,-160,-1.9,8390,-10,-0.12,8240,8240,1399-12-25
494,آبين,كشت و صنعت آبشيرين,36,722732,3023187956,4268,4183,4183,-85,-1.99,4242,-26,-0.61,4183,4183,1399-12-25
495,سخواف,سيمان مجد خواف,36,100791,1666679976,17224,16536,16536,-688,-3.99,17164,-60,-0.35,16536,16536,1399-12-25
496,اخزا816,اسنادخزانه-م16بودجه98-010503,36,82540,64100684253,766037,756600,765005,-1032,-0.13,776601,10564,1.38,756600,782000,1399-12-25
497,گنجين,صندوق س. گنجينه يكم آويد-د,36,460383,5715729149,12414,12415,12420,6,0.05,12415,1,0.01,12414,12422,1399-12-25
498,سقاين,سيمان‌ قائن‌,36,21717,1600325730,75190,73690,73690,-1500,-1.99,75140,-50,-0.07,73690,73690,1399-12-25
499,ومعلم,بيمه معلم,35,183584,860458208,4782,4687,4687,-95,-1.99,4780,-2,-0.04,4687,4687,1399-12-25
500,سفانو,سيمان فارس نو,35,180093,7477461360,42360,41520,41520,-840,-1.98,42230,-130,-0.31,41520,41520,1399-12-25
501,خفنر,فنرسازي‌خاور,35,142405,1226107050,8780,8610,8610,-170,-1.94,8780,0,0.0,8610,8610,1399-12-25
502,سدشت,صنايع سيمان دشتستان,34,43283,2579233970,56220,59590,59590,3370,5.99,56380,160,0.28,59590,59590,1399-12-25
503,ريشمك,توليد و صادرات ريشمك,34,16050,833107350,52966,51907,51907,-1059,-2.0,52948,-18,-0.03,51907,51907,1399-12-25
504,ضخود2009,اختيارخ خودرو-4000-1400/02/08,34,1298,29619000,27,21,20,-7,-25.93,23,-4,-14.81,20,24,1399-12-25
505,فنورد,نوردوقطعات‌ فولادي‌,34,7916,1530400280,197270,193330,193330,-3940,-2.0,197150,-120,-0.06,193330,193330,1399-12-25
506,ثتوسا,س.توسعه و عمران استان اردبيل,34,24705,979800300,40469,39660,39660,-809,-2.0,40428,-41,-0.1,39660,39660,1399-12-25
507,بنيرو,نيروترانس‌,33,56380,853029400,15430,15130,15130,-300,-1.94,15420,-10,-0.06,15130,15130,1399-12-25
508,فسا,پتروشيمي فسا,33,391280,693348160,1845,1772,1772,-73,-3.96,1842,-3,-0.16,1772,1772,1399-12-25
509,زعف0008پ10,زعفران0008نگين طلاي سرخ(پ),33,16663,1986056995,119463,122990,119600,137,0.11,119190,-273,-0.23,118610,122990,1399-12-25
510,ساوه,سيمان ساوه,33,8772,528670896,61497,60268,60268,-1229,-2.0,61484,-13,-0.02,60268,60268,1399-12-25
511,ولقمان,سرمايه گذاري لقمان,32,4500000,24750000000,1000,5500,5500,4500,450.0,5500,4500,450.0,5500,5500,1399-12-25
512,دشيمي,شيمي‌ داروئي‌ داروپخش‌,32,204875,6314247500,31440,30820,30820,-620,-1.97,31360,-80,-0.25,30820,30820,1399-12-25
513,ولبهمن,شركت بهمن ليزينگ,32,1107056,9194100080,8474,8305,8305,-169,-1.99,8442,-32,-0.38,8305,8305,1399-12-25
514,ضملي3004,اختيارخ فملي-14000-1400/03/02,32,1061,773979000,770,700,725,-45,-5.84,729,-41,-5.32,700,789,1399-12-25
515,اخزا806,اسنادخزانه-م6بودجه98-000519,32,87685,81088843636,924521,922001,922556,-1965,-0.21,924774,253,0.03,919501,925000,1399-12-25
516,اخزا721,اسنادخزانه-م21بودجه97-000728,31,108392,96259582450,889925,887001,889499,-426,-0.05,888069,-1856,-0.21,886038,889920,1399-12-25
517,غبهنوش,بهنوش‌ ايران‌,31,12373,895186550,73820,72350,72350,-1470,-1.99,73790,-30,-0.04,72350,72350,1399-12-25
518,قيستو,شركت قند بيستون,30,1201259,18830936084,15369,15676,15676,307,2.0,15444,75,0.49,15676,15676,1399-12-25
519,تپمپي,پمپ‌ سازي‌ ايران‌,30,388844,7465804800,19590,19200,19200,-390,-1.99,19530,-60,-0.31,19200,19200,1399-12-25
520,پلوله,گازلوله‌,30,1033058,20048556606,18842,19407,19407,565,3.0,19392,550,2.92,19407,19407,1399-12-25
521,حآسا,آسيا سير ارس,30,18080,817613760,46144,45222,45222,-922,-2.0,46129,-15,-0.03,45222,45222,1399-12-25
522,غشصفا,شيرپاستوريزه‌پگاه‌اصفهان‌,30,13082,365118620,28470,27910,27910,-560,-1.97,28470,0,0.0,27910,27910,1399-12-25
523,خشرق,الكتريك‌ خودرو شرق‌,29,120166,1914244380,16250,15930,15930,-320,-1.97,16240,-10,-0.06,15930,15930,1399-12-25
524,فپنتا,سپنتا,29,3840,1549785600,411820,403590,403590,-8230,-2.0,411560,-260,-0.06,403590,403590,1399-12-25
525,قاسم,قاسم ايران,29,65142,872642232,13669,13396,13396,-273,-2.0,13664,-5,-0.04,13396,13396,1399-12-25
526,كسعدي,كاشي‌ سعدي‌,27,255834,5441589180,21700,21270,21270,-430,-1.98,21650,-50,-0.23,21270,21270,1399-12-25
527,شسينا,صنايع‌شيميايي‌سينا,27,2893,388356320,136970,134240,134240,-2730,-1.99,136950,-20,-0.01,134240,134240,1399-12-25
528,گكيشح,ح.توريستي ورفاهي آبادگران كيش,27,103889,3726290652,36599,35868,35868,-731,-2.0,35868,-731,-2.0,35868,35868,1399-12-25
529,ميهن,بيمه ميهن,27,128905,622740055,4929,4831,4831,-98,-1.99,4928,-1,-0.02,4831,4831,1399-12-25
530,وسنا,سرمايه گذاري نيروگاهي ايران,27,123159,1809205710,15302,14690,14690,-612,-4.0,15248,-54,-0.35,14690,14690,1399-12-25
531,سخاش,سيمان‌خاش‌,27,11653,1802019920,157790,154640,154640,-3150,-2.0,157670,-120,-0.08,154640,154640,1399-12-25
532,چفيبر,فيبر ايران‌,27,46947,643173900,13970,13700,13700,-270,-1.93,13970,0,0.0,13700,13700,1399-12-25
533,لخزر,پارس‌ خزر,27,2898,532855260,187620,183870,183870,-3750,-2.0,187580,-40,-0.02,183870,183870,1399-12-25
534,جهرم,پتروشيمي جهرم,27,219437,410347190,1908,1870,1870,-38,-1.99,1907,-1,-0.05,1870,1870,1399-12-25
535,اخزا808,اسنادخزانه-م8بودجه98-000817,26,14599,12830364841,880817,878417,878606,-2211,-0.25,878852,-1965,-0.22,878416,880000,1399-12-25
536,شزنگ,تجهيزنيروي‌زنگان‌,26,2292,518631468,235707,226279,226279,-9428,-4.0,235452,-255,-0.11,226279,226279,1399-12-25
537,تكشاح,ح . صنايع‌وخدمات‌كشاورزي‌,26,309710,12938969600,43500,48000,41760,-1740,-4.0,41780,-1720,-3.95,41760,48000,1399-12-25
538,تكشا,گسترش‌صنايع‌وخدمات‌كشاورزي‌,26,29432,1366233440,47360,46420,46420,-940,-1.98,47330,-30,-0.06,46420,46420,1399-12-25
539,خمهر,مهركام‌پارس‌,26,231202,571068940,2520,2470,2470,-50,-1.98,2520,0,0.0,2470,2470,1399-12-25
540,قشكر,شكرشاهرود,26,218843,840357120,3910,3840,3840,-70,-1.79,3910,0,0.0,3840,3840,1399-12-25
541,شدوص,دوده‌ صنعتي‌ پارس‌,26,407328,11686240320,29270,28690,28690,-580,-1.98,29130,-140,-0.48,28690,28690,1399-12-25
542,الماس,صندوق س.امين تدبيرگران فردا-س,25,4587,500099910,109082,109000,109000,-82,-0.08,109025,-57,-0.05,109000,109590,1399-12-25
543,ثشرق,سرمايه گذاري مسكن شمال شرق,25,214761,1462522410,6940,6810,6810,-130,-1.87,6940,0,0.0,6810,6810,1399-12-25
544,دتوزيع,توزيع دارو پخش,25,103997,4824732821,47339,46393,46393,-946,-2.0,47246,-93,-0.2,46393,46393,1399-12-25
545,ثپرديس,سرمايه گذاري مسكن پرديس,25,87865,881988870,10242,10038,10038,-204,-1.99,10238,-4,-0.04,10038,10038,1399-12-25
546,ثنور,سرمايه گذاري كوه نور,24,183946,1791634040,9938,9740,9740,-198,-1.99,9920,-18,-0.18,9740,9740,1399-12-25
547,لابسا,آبسال‌,24,26079,1266917820,49570,48580,48580,-990,-2.0,49540,-30,-0.06,48580,48580,1399-12-25
548,خموتور,موتورسازان‌تراكتورسازي‌ايران‌,24,68871,1019979510,15110,14810,14810,-300,-1.99,15100,-10,-0.07,14810,14810,1399-12-25
549,وجامي,سرمايه گذاري جامي,24,530178,8235254874,15850,15533,15533,-317,-2.0,15716,-134,-0.85,15533,15533,1399-12-25
550,رتكو,كنترل‌خوردگي‌تكين‌كو,24,404149,7496963950,18920,18550,18550,-370,-1.96,18860,-60,-0.32,18550,18550,1399-12-25
551,دتوليد,داروسازي توليد دارو,24,47131,1285592287,27833,27277,27277,-556,-2.0,27818,-15,-0.05,27277,27277,1399-12-25
552,غالبر,لبنيات‌ كالبر,24,31280,546774400,17830,17480,17480,-350,-1.96,17830,0,0.0,17480,17480,1399-12-25
553,كفرا,فراورده‌ هاي‌ نسوزايران‌,24,12077,563754360,47630,46680,46680,-950,-1.99,47620,-10,-0.02,46680,46680,1399-12-25
554,ولتجار,واسپاري تجارت وسرمايه ايرانيان,24,284533,2485111222,8912,8734,8734,-178,-2.0,8889,-23,-0.26,8734,8734,1399-12-25
555,ضشنا2000,اختيارخ شپنا-9000-1400/02/27,24,51,246483000,4216,4747,4600,384,9.11,4833,617,14.63,4600,5000,1399-12-25
556,كساپا,سايپاشيشه‌,23,112393,4334998010,39350,38570,38570,-780,-1.98,39280,-70,-0.18,38570,38570,1399-12-25
557,ضملت3002,اختيارخ وبملت-4000-1400/03/19,23,511,364388000,697,700,700,3,0.43,713,16,2.3,700,720,1399-12-25
558,دابور,داروسازي‌ ابوريحان‌,22,214869,8399229210,39880,39090,39090,-790,-1.98,39740,-140,-0.35,39090,39090,1399-12-25
559,اخزا904,اسنادخزانه-م4بودجه99-011215,22,152147,101843558816,679846,670011,670713,-9133,-1.34,669376,-10470,-1.54,666001,670715,1399-12-25
560,خكمك,كمك‌فنرايندامين‌,22,9708,273086040,28700,28130,28130,-570,-1.99,28700,0,0.0,28130,28130,1399-12-25
561,وآذر,سرمايه‌گذاري‌توسعه‌آذربايجان‌,21,3928,331169680,86030,84310,84310,-1720,-2.0,86020,-10,-0.01,84310,84310,1399-12-25
562,سصفها,سيمان‌اصفهان‌,21,3081,387589800,128360,125800,125800,-2560,-1.99,128340,-20,-0.02,125800,125800,1399-12-25
563,توريل,توکاريل,21,23704,600920104,25868,25351,25351,-517,-2.0,25862,-6,-0.02,25351,25351,1399-12-25
564,وثخوز,سرمايه گذاري و توسعه خوزستان,21,9216,624678912,71349,67782,67782,-3567,-5.0,71231,-118,-0.17,67782,67782,1399-12-25
565,لخانه,لوازم‌ خانگي‌ پارس‌,21,266250,7881000000,30204,29600,29600,-604,-2.0,29961,-243,-0.8,29600,29600,1399-12-25
566,وكادو,تكادو,21,250178,5091622656,20767,20352,20352,-415,-2.0,20658,-109,-0.52,20352,20352,1399-12-25
567,غمارگ,مارگارين‌,21,26509,848288000,32650,32000,32000,-650,-1.99,32640,-10,-0.03,32000,32000,1399-12-25
568,قشير,قند شيروان قوچان و بجنورد,21,18616,472753320,25913,25395,25395,-518,-2.0,25908,-5,-0.02,25395,25395,1399-12-25
569,كي بي سي,شركت كي بي سي,20,30241,832141597,28078,27517,27517,-561,-2.0,28068,-10,-0.04,27517,27517,1399-12-25
570,سبجنو,سيمان‌ بجنورد,20,140301,8263728900,60100,58900,58900,-1200,-2.0,59900,-200,-0.33,58900,58900,1399-12-25
571,اخزا810,اسنادخزانه-م10بودجه98-001006,20,55864,47875576086,855646,856126,857200,1554,0.18,857002,1356,0.16,856126,858000,1399-12-25
572,آسام,صندوق س.آرمان سپهر آشنا-م,20,12840,1336237800,103169,102700,104900,1731,1.68,104068,899,0.87,102700,105000,1399-12-25
573,تسه9805,امتياز تسهيلات مسكن مرداد98,20,118,69111508,569836,566112,583000,13164,2.31,585691,15855,2.78,566112,598327,1399-12-25
574,آ س پ,آ.س.پ,20,17000,273258000,16402,16074,16074,-328,-2.0,16400,-2,-0.01,16074,16074,1399-12-25
575,خزر,فنرسازي‌زر,19,8925,417868500,47770,46820,46820,-950,-1.99,47760,-10,-0.02,46820,46820,1399-12-25
576,سدور,سيمان‌ دورود,19,200203,3827881360,19510,19120,19120,-390,-2.0,19480,-30,-0.15,19120,19120,1399-12-25
577,وتعاون,بيمه  تعاون,19,51157,308323239,6149,6027,6027,-122,-1.98,6147,-2,-0.03,6027,6027,1399-12-25
578,لازما,كارخانه هاي صنعتي آزمايش,19,17748,594291780,34880,33485,33485,-1395,-4.0,34837,-43,-0.12,33485,33485,1399-12-25
579,دسانكو,داروسازي سبحان انكولوژي,19,24324,364787028,15303,14997,14997,-306,-2.0,15301,-2,-0.01,14997,14997,1399-12-25
580,كيسون,شركت كيسون,18,49906,705321498,14721,14133,14133,-588,-3.99,14706,-15,-0.1,14133,14133,1399-12-25
581,خكار,ايركا پارت صنعت,18,30225,651953250,22010,21570,21570,-440,-2.0,22000,-10,-0.05,21570,21570,1399-12-25
582,خاذين,سايپاآذين‌,18,57854,272492340,4800,4710,4710,-90,-1.88,4800,0,0.0,4710,4710,1399-12-25
583,زماهان,مجتمع توليد گوشت مرغ ماهان,18,58268,1188084520,20806,20390,20390,-416,-2.0,20796,-10,-0.05,20390,20390,1399-12-25
584,مفاخر,توسعه فناوري اطلاعات خوارزمي,17,120380,7925217300,67178,65835,65835,-1343,-2.0,66961,-217,-0.32,65835,65835,1399-12-25
585,سفارود,كارخانه فارسيت درود,17,26154,474355098,18507,18137,18137,-370,-2.0,18489,-18,-0.1,18137,18137,1399-12-25
586,ثنام,س ساختماني ب نام آوران مهندسي,17,12279,197286693,16736,16067,16067,-669,-4.0,16729,-7,-0.04,16067,16067,1399-12-25
587,قلرست,قند لرستان‌,17,11002,387270400,35910,35200,35200,-710,-1.98,35900,-10,-0.03,35200,35200,1399-12-25
588,سخند,صندوق س.سپهرخبرگان نفت-د,17,127940,1286342210,10048,10049,10053,5,0.05,10054,6,0.06,10049,10060,1399-12-25
589,فنفت,صنايع تجهيزات نفت,17,6759,218363013,33653,32307,32307,-1346,-4.0,33638,-15,-0.04,32307,32307,1399-12-25
590,ضمخا7071,اختيارخ اخابر-24000-1400/07/28,17,1014,221785000,211,200,201,-10,-4.74,219,8,3.79,200,229,1399-12-25
591,غپآذر,شير پگاه آذربايجان شرقي,16,8498,550050046,66047,64727,64727,-1320,-2.0,66032,-15,-0.02,64727,64727,1399-12-25
592,دكپسول,توليد ژلاتين كپسول ايران,16,62059,1889696550,31071,30450,30450,-621,-2.0,31047,-24,-0.08,30450,30450,1399-12-25
593,سكرد,سيمان كردستان,16,32216,325381600,10300,10100,10100,-200,-1.94,10300,0,0.0,10100,10100,1399-12-25
594,اخزا812,اسنادخزانه-م12بودجه98-001111,16,49213,41549095000,842924,843280,844000,1076,0.13,844271,1347,0.16,843000,846000,1399-12-25
595,ضخود2013,اختيارخ خودرو-7000-1400/02/08,16,773,6064000,9,8,8,-1,-11.11,8,-1,-11.11,7,10,1399-12-25
596,سجام,مجتمع سيمان غرب آسيا,16,67371,342042567,5180,5077,5077,-103,-1.99,5178,-2,-0.04,5077,5077,1399-12-25
597,بهپاك,صنعتي بهپاك,16,85284,3849805044,46062,45141,45141,-921,-2.0,45989,-73,-0.16,45141,45141,1399-12-25
598,سنير,سيمان‌ سفيد ني‌ريز,15,7792,1925636960,252170,247130,247130,-5040,-2.0,251970,-200,-0.08,247130,247130,1399-12-25
599,اخزا820,اسنادخزانه-م20بودجه98-020806,15,3835,2261495000,589972,587901,590100,128,0.02,589699,-273,-0.05,587901,591999,1399-12-25
600,خنصير,مهندسي‌نصيرماشين‌,15,2685,289684650,110090,107890,107890,-2200,-2.0,110080,-10,-0.01,107890,107890,1399-12-25
601,وملت,سرمايه گذاري ملت,15,274602,1206051984,4481,4392,4392,-89,-1.99,4470,-11,-0.25,4392,4392,1399-12-25
602,وايران,ليزينگ ايرانيان,15,123747,1535700270,12660,12410,12410,-250,-1.97,12650,-10,-0.08,12410,12410,1399-12-25
603,زفكا,كشت و دامداري فكا,15,16645,217017510,13304,13038,13038,-266,-2.0,13303,-1,-0.01,13038,13038,1399-12-25
604,دجابر,داروسازي‌ جابرابن‌حيان‌,15,8083,160770870,20290,19890,19890,-400,-1.97,20290,0,0.0,19890,19890,1399-12-25
605,اعتلا,شركت سرمايه گذاري اعتلاء البرز,15,26631,220637835,8454,8285,8285,-169,-2.0,8453,-1,-0.01,8285,8285,1399-12-25
606,داراب,پتروشيمي داراب,15,73195,172447420,2454,2356,2356,-98,-3.99,2453,-1,-0.04,2356,2356,1399-12-25
607,كاسپين,داروسازي كاسپين تامين,15,11991,293599635,24984,24485,24485,-499,-2.0,24981,-3,-0.01,24485,24485,1399-12-25
608,نتوس,پشم‌ بافي‌ توس,15,51006,1078572876,22027,21146,21146,-881,-4.0,21978,-49,-0.22,21146,21146,1399-12-25
609,اپرداز,آتيه داده پرداز,15,58777,1214979367,21092,20671,20671,-421,-2.0,21082,-10,-0.05,20671,20671,1399-12-25
610,پرداخت,به پرداخت ملت,15,203354,7080786280,35530,34820,34820,-710,-2.0,35430,-100,-0.28,34820,34820,1399-12-25
611,غشاذر,پگاه‌آذربايجان‌غربي‌,15,46351,454239800,10000,9800,9800,-200,-2.0,10000,0,0.0,9800,9800,1399-12-25
612,زعف0008پ08,زعفران0008نگين روستا(پ),15,7066,841432190,118054,118999,118500,446,0.38,119082,1028,0.87,118500,119995,1399-12-25
613,زنگان,صنعت روي زنگان,14,2356,243570348,105492,103383,103383,-2109,-2.0,105482,-10,-0.01,103383,103383,1399-12-25
614,دكوثر,داروسازي‌ كوثر,14,7009,144034950,20960,20550,20550,-410,-1.96,20960,0,0.0,20550,20550,1399-12-25
615,دلقما,دارويي‌ لقمان‌,14,11724,285362160,24830,24340,24340,-490,-1.97,24830,0,0.0,24340,24340,1399-12-25
616,سبهان,سيمان‌ بهبهان‌,14,3715,528458750,145150,142250,142250,-2900,-2.0,145120,-30,-0.02,142250,142250,1399-12-25
617,زپارس,ملي كشت و صنعت و دامپروري پارس,13,11798,1972035700,170560,167150,167150,-3410,-2.0,170420,-140,-0.08,167150,167150,1399-12-25
618,ضصاد3001,اختيارخ وبصادر-2000-1400/03/12,13,290,168900000,530,580,570,40,7.55,582,52,9.81,570,600,1399-12-25
619,وآوا,سرمايه گذاري آوا نوين,13,25509,222744588,8910,8732,8732,-178,-2.0,8909,-1,-0.01,8732,8732,1399-12-25
620,هجرت,پخش هجرت,13,15006,418172202,28435,27867,27867,-568,-2.0,28430,-5,-0.02,27867,27867,1399-12-25
621,ثعمرا,عمران و توسعه شاهد,13,18752,241056960,13117,12855,12855,-262,-2.0,13116,-1,-0.01,12855,12855,1399-12-25
622,زقيام,كشت و دام قيام اصفهان,13,39788,1190536536,30532,29922,29922,-610,-2.0,30517,-15,-0.05,29922,29922,1399-12-25
623,كاذر,فرآورده‌هاي‌نسوزآذر,13,5920,194294400,33480,32820,32820,-660,-1.97,33480,0,0.0,32820,32820,1399-12-25
624,پاسا,ايران‌ياساتايرورابر,13,6793,179131410,26900,26370,26370,-530,-1.97,26900,0,0.0,26370,26370,1399-12-25
625,اخزا811,اسنادخزانه-م11بودجه98-001013,12,43359,37065933227,855956,855000,855956,0,0.0,854861,-1095,-0.13,854011,855956,1399-12-25
626,درهآور,دارويي ره آورد تامين,12,2996,156738736,53383,52316,52316,-1067,-2.0,53380,-3,-0.01,52316,52316,1399-12-25
627,غديس,پاكديس,12,33250,440994750,13533,13263,13263,-270,-2.0,13531,-2,-0.01,13263,13263,1399-12-25
628,اراد50,مرابحه عام دولت5-ش.خ0302,12,154700,154700000000,1000000,1000000,1000000,0,0.0,1000000,0,0.0,1000000,1000000,1399-12-25
629,خچرخش,چرخشگر,11,36503,661799390,18490,18130,18130,-360,-1.95,18490,0,0.0,18130,18130,1399-12-25
630,غشان,شيرپاستوريزه‌پگاه‌خراسان‌,11,43445,338002100,7930,7780,7780,-150,-1.89,7930,0,0.0,7780,7780,1399-12-25
631,بكاب,صنايع‌جوشكاب‌يزد,11,367,130299680,362280,355040,355040,-7240,-2.0,362260,-20,-0.01,355040,355040,1399-12-25
632,ولصنم,ليزينگ‌صنعت‌ومعدن‌,10,113610,1241757300,11150,10930,10930,-220,-1.97,11140,-10,-0.09,10930,10930,1399-12-25
633,دشيري,شيرين دارو,10,339,73100604,220036,215636,215636,-4400,-2.0,220020,-16,-0.01,215636,215636,1399-12-25
634,لخانهح,ح.لوازم‌ خانگي‌ پارس‌,10,10734,204117744,19404,19016,19016,-388,-2.0,19016,-388,-2.0,19016,19016,1399-12-25
635,ثعتما,س. ساختماني اعتماد گستر,10,3413,222077084,67779,65068,65068,-2711,-4.0,67748,-31,-0.05,65068,65068,1399-12-25
636,ضصاد3002,اختيارخ وبصادر-2500-1400/03/12,10,137,49284000,367,358,360,-7,-1.91,360,-7,-1.91,358,360,1399-12-25
637,دفارا,داروسازي‌ فارابي‌,10,15091,997213280,67420,66080,66080,-1340,-1.99,67390,-30,-0.04,66080,66080,1399-12-25
638,خفناور,مهندسي صنعتي روان فن آور,10,32550,1617084000,51749,49680,49680,-2069,-4.0,51575,-174,-0.34,49680,49680,1399-12-25
639,ولغدر,ليزينگ‌خودروغدير,10,3954,86988000,22440,22000,22000,-440,-1.96,22440,0,0.0,22000,22000,1399-12-25
640,ضپيك2010,اختيارخ تاپيكو-12000-00/02/19,10,168,281750000,1200,1500,1800,600,50.0,1677,477,39.75,1500,1800,1399-12-25
641,ضترا3002,اختيارخ شتران-8000-1400/03/09,10,431,687920000,1684,1684,1560,-124,-7.36,1596,-88,-5.23,1560,1750,1399-12-25
642,بزاگرسح,ح . نيروگاه زاگرس كوثر,10,12090,70093820,5899,5860,5782,-117,-1.98,5798,-101,-1.71,5782,5860,1399-12-25
643,اخزا722,اسنادخزانه-م22بودجه97-000428,10,104014,97371498382,935989,936300,934997,-992,-0.11,936138,149,0.02,932000,936300,1399-12-25
644,غدشت,دشت‌ مرغاب‌,10,996,284079120,291040,285220,285220,-5820,-2.0,291010,-30,-0.01,285220,285220,1399-12-25
645,داسوه,داروسازي‌ اسوه‌,10,3744,137404800,37440,36700,36700,-740,-1.98,37440,0,0.0,36700,36700,1399-12-25
646,قهكمت,قندهكمتان‌,10,20238,918198060,46290,45370,45370,-920,-1.99,46270,-20,-0.04,45370,45370,1399-12-25
647,حپترو,حمل و نقل پتروشيمي( سهامي عام,9,1245,66308700,54340,53260,53260,-1080,-1.99,54340,0,0.0,53260,53260,1399-12-25
648,نهال2,صندوق س. طلاي سرخ نوويرا,9,900000,900000,9422,1,1,-9421,-99.99,1,-9421,-99.99,1,1,1399-12-25
649,زنجان,صنايع كشاورزي وكود زنجان,9,18204,168678264,9455,9266,9266,-189,-2.0,9453,-2,-0.02,9266,9266,1399-12-25
650,ضصاد3003,اختيارخ وبصادر-3000-1400/03/12,9,410,52072000,164,102,148,-16,-9.76,127,-37,-22.56,102,150,1399-12-25
651,زمگسا,كشاورزي‌ ودامپروي‌ مگسال‌,9,4912,157773440,32770,32120,32120,-650,-1.98,32770,0,0.0,32120,32120,1399-12-25
652,تصميم2,صندوق س با درآمد ثابت تصميم,9,8200000,8200000,15863,1,1,-15862,-99.99,1,-15862,-99.99,1,1,1399-12-25
653,ضپاس2003,اختيارخ وپارس-3500-1400/02/29,9,142,22485000,204,215,220,16,7.84,158,-46,-22.55,70,220,1399-12-25
654,زكشت,كشاورزي مكانيزه اصفهان كشت,9,8255,327343770,40463,39654,39654,-809,-2.0,40458,-5,-0.01,39654,39654,1399-12-25
655,كشرق,صنعتي و معدني شمال شرق شاهرود,9,1069,100134299,95582,93671,93671,-1911,-2.0,95578,-4,0.0,93671,93671,1399-12-25
656,چافست,افست‌,9,22515,366769350,16620,16290,16290,-330,-1.99,16620,0,0.0,16290,16290,1399-12-25
657,فجام,جام‌دارو,9,24908,254061600,10400,10200,10200,-200,-1.92,10400,0,0.0,10200,10200,1399-12-25
658,ثاباد,توريستي ورفاهي آبادگران ايران,9,1207,65214210,55130,54030,54030,-1100,-2.0,55130,0,0.0,54030,54030,1399-12-25
659,كقزوي,شيشه‌ قزوين‌,9,23329,235272965,10290,10085,10085,-205,-1.99,10288,-2,-0.02,10085,10085,1399-12-25
660,غگلستا,شير پاستوريزه پگاه گلستان,9,4170,117093600,28653,28080,28080,-573,-2.0,28652,-1,0.0,28080,28080,1399-12-25
661,مداران,داده‌پردازي‌ايران‌,9,3910,99626800,26000,25480,25480,-520,-2.0,26000,0,0.0,25480,25480,1399-12-25
662,واحصا,احياء صنايع خراسان,9,2439,170888535,72984,70065,70065,-2919,-4.0,72958,-26,-0.04,70065,70065,1399-12-25
663,كمرجان,بازرگاني و توليدي مرجان كار,9,1637,235914618,147055,144114,144114,-2941,-2.0,147041,-14,-0.01,144114,144114,1399-12-25
664,ضفار3000,اختيارخ فارس-8000-1400/03/05,9,39,92500000,2300,2350,2400,100,4.35,2372,72,3.13,2350,2400,1399-12-25
665,اخزا718,اسنادخزانه-م18بودجه97-000525,8,76324,70517822400,923993,924000,924990,997,0.11,923927,-66,-0.01,920000,924990,1399-12-25
666,ضملت3000,اختيارخ وبملت-3000-1400/03/19,8,32,46214000,1555,1399,1390,-165,-10.61,1444,-111,-7.14,1390,1555,1399-12-25
667,ضجار2003,اختيارخ وتجارت-3000-1400/02/22,8,346,67242000,196,195,185,-11,-5.61,194,-2,-1.02,185,195,1399-12-25
668,خوساز,محورسازان‌ايران‌خودرو,8,37864,297611040,8020,7860,7860,-160,-2.0,8020,0,0.0,7860,7860,1399-12-25
669,اخزا804,اسنادخزانه-م4بودجه98-000421,8,11576,10845114468,936779,935207,937001,222,0.02,936862,83,0.01,935206,940499,1399-12-25
670,كساوه,صنايع‌ كاشي‌ و سراميك‌ سينا,8,15383,1104960890,73290,71830,71830,-1460,-1.99,73260,-30,-0.04,71830,71830,1399-12-25
671,غاذر,كشت‌وصنعت‌پياذر,8,19647,1082746170,56230,55110,55110,-1120,-1.99,56210,-20,-0.04,55110,55110,1399-12-25
672,ثنوسا,نوسازي‌وساختمان‌تهران‌,8,22973,298649000,13260,13000,13000,-260,-1.96,13260,0,0.0,13000,13000,1399-12-25
673,وساربيل,شركت س استان اردبيل,8,32791,41316660,1280,1260,1260,-20,-1.56,1280,0,0.0,1260,1260,1399-12-25
674,نگين,ص.س. زمين و ساختمان نگين شهرري,8,2480,120193720,48200,48260,48600,400,0.83,48470,270,0.56,48260,48600,1399-12-25
675,خپويش,سازه‌ پويش‌,8,20445,1213615200,60570,59360,59360,-1210,-2.0,60540,-30,-0.05,59360,59360,1399-12-25
676,اخزا807,اسنادخزانه-م7بودجه98-000719,8,6975,6229224630,893049,889817,893500,451,0.05,893079,30,0.0,889816,894999,1399-12-25
677,داوه,داروسازي آوه سينا,8,43972,871437096,20222,19818,19818,-404,-2.0,20215,-7,-0.03,19818,19818,1399-12-25
678,شستا003,اجاره تامين اجتماعي-سپهر000523,8,23331,23131000000,990446,1000000,990000,-446,-0.05,991428,982,0.1,990000,1000000,1399-12-25
679,اخزا821,اسنادخزانه-م21بودجه98-020906,8,2201,1281565870,584334,587000,582120,-2214,-0.38,582265,-2069,-0.35,582120,587000,1399-12-25
680,وپسا,س. پتروشيمي ساختمان  خليج فارس,8,56473,167555391,3027,2967,2967,-60,-1.98,3026,-1,-0.03,2967,2967,1399-12-25
681,حسير,ريل سير كوثر,8,6200,105840200,17419,17071,17071,-348,-2.0,17418,-1,-0.01,17071,17071,1399-12-25
682,ضخود2010,اختيارخ خودرو-4500-1400/02/08,8,266,4850000,16,15,15,-1,-6.25,18,2,12.5,15,25,1399-12-25
683,پست0008پ08,پسته فندقي32-30مه ولات0008(پ),7,263,363608400,1382823,1389900,1395000,12177,0.88,1382541,-282,-0.02,1380000,1395000,1399-12-25
684,زعف0008پ15,زعفران0008پوشالمعمول طلاسرخ(پ),7,3359,279408910,82506,84999,84999,2493,3.02,83182,676,0.82,83000,84999,1399-12-25
685,وسخوز,شركت س استان خوزستان,7,73147,70221120,970,960,960,-10,-1.03,970,0,0.0,960,960,1399-12-25
686,كطبس,ذغال‌سنگ‌ نگين‌ ط‌بس‌,7,1093,88576720,82690,81040,81040,-1650,-2.0,82690,0,0.0,81040,81040,1399-12-25
687,سفار,سيمان‌فارس‌,7,2879,437665580,155120,152020,152020,-3100,-2.0,155090,-30,-0.02,152020,152020,1399-12-25
688,قشهد,شهد,7,26140,524629800,20470,20070,20070,-400,-1.95,20470,0,0.0,20070,20070,1399-12-25
689,زشريف,كشت وصنعت شريف آباد,7,15762,79440480,5142,5040,5040,-102,-1.98,5142,0,0.0,5040,5040,1399-12-25
690,ضمخا7075,اختيارخ اخابر-9000-1400/07/28,7,28,80180000,2531,2880,2860,329,13.0,2864,333,13.16,2860,2880,1399-12-25
691,فلامي,لاميران‌,7,2627,116060860,45080,44180,44180,-900,-2.0,45080,0,0.0,44180,44180,1399-12-25
692,ددام,داروسازي زاگرس فارمد پارس,7,19100,418672000,22360,21920,21920,-440,-1.97,22360,0,0.0,21920,21920,1399-12-25
693,وسلرستا,شركت س استان لرستان,7,236661,210628290,900,890,890,-10,-1.11,900,0,0.0,890,890,1399-12-25
694,صخود412,ص مرابحه خودرو412- 3ماهه 18%,7,66000,65344884000,990074,990074,990074,0,0.0,990074,0,0.0,990074,990074,1399-12-25
695,اخزا713,اسنادخزانه-م13بودجه97-000518,7,3363,3104114925,923715,922771,923715,0,0.0,923020,-695,-0.08,922771,923715,1399-12-25
696,اراد314,مرابحه عام دولت3-ش.خ 0208,7,50000000,43936665000000,1000000,877409,877140,-122860,-12.29,878733,-121267,-12.13,875524,900165,1399-12-25
697,فبيرا,بسته‌ بندي‌ ايران‌,7,19095,58831695,3143,3081,3081,-62,-1.97,3143,0,0.0,3081,3081,1399-12-25
698,اخزا907,اسنادخزانه-م7بودجه99-020704,6,12473,7483800000,599649,600000,600000,351,0.06,600000,351,0.06,600000,600000,1399-12-25
699,وسرضوي,س.سهام عدالت استان خراسان رضوي,6,40768,41175680,1030,1010,1010,-20,-1.94,1030,0,0.0,1010,1010,1399-12-25
700,شستا991,اجاره تامين اجتماعي-امين991226,6,48,48038061,1005210,980000,990000,-15210,-1.51,1000793,-4417,-0.44,980000,1100011,1399-12-25
701,بشهاب,لامپ‌  پارس‌ شهاب‌,6,975,143334750,150010,147010,147010,-3000,-2.0,150000,-10,-0.01,147010,147010,1399-12-25
702,اوان,مبين وان كيش,6,10222,550659140,54969,53870,53870,-1099,-2.0,54957,-12,-0.02,53870,53870,1399-12-25
703,زعف0008پ19,زعفران0008نگين تروند قاينات(پ),6,2245,267220000,119417,118600,118000,-1417,-1.19,119029,-388,-0.32,118000,120900,1399-12-25
704,سكه0012پ04,سكه تمام بهارتحويلي1روز صادرات,6,3500,3641701000,1070000,1031000,1045000,-25000,-2.34,1040486,-29514,-2.76,1031000,1065000,1399-12-25
705,تملي802,تسهيلات مسكن ب. ملي-ارديبهشت98,6,85,77915016,880894,924938,836850,-44044,-5.0,916647,35753,4.06,836850,924938,1399-12-25
706,اخزا720,اسنادخزانه-م20بودجه97-000324,6,1014,964883270,954218,955998,953001,-1217,-0.13,951561,-2657,-0.28,951261,955998,1399-12-25
707,اراد554,مرابحه عام دولت5-ش.خ 0209,6,48503149,41670709353606,958772,861542,858494,-100278,-10.46,859134,-99638,-10.39,858458,861542,1399-12-25
708,حپارسا,توسعه حمل و نقل ريلي پارسيان,6,2387,82654649,35333,34627,34627,-706,-2.0,35332,-1,0.0,34627,34627,1399-12-25
709,تملي803,تسهيلات مسكن ب. ملي-خرداد98,6,68,55526023,787825,827215,748434,-39391,-5.0,816559,28734,3.65,748434,827216,1399-12-25
710,فولاي,صنايع فولاد آلياژي يزد,6,1609,81172441,51478,50449,50449,-1029,-2.0,51476,-2,0.0,50449,50449,1399-12-25
711,خلنت,لنت‌ ترمزايران‌,6,1404,128999520,93750,91880,91880,-1870,-1.99,93750,0,0.0,91880,91880,1399-12-25
712,آينده,بازرگاني آينده سازان بهشت پارس,6,6846,134530746,20052,19651,19651,-401,-2.0,20049,-3,-0.01,19651,19651,1399-12-25
713,اخزا906,اسنادخزانه-م6بودجه99-020321,6,44820,30073432000,665441,643000,676000,10559,1.59,670982,5541,0.83,643000,676000,1399-12-25
714,اخزا716,اسنادخزانه-م16بودجه97-000407,6,36714,34687353276,944272,944800,944668,396,0.04,944799,527,0.06,944668,944800,1399-12-25
715,ثغرب,شركت سرمايه گذاري مسكن شمالغرب,5,6250,49006250,8001,7841,7841,-160,-2.0,8001,0,0.0,7841,7841,1399-12-25
716,حتوكا,حمل‌ونقل‌توكا,5,13796,417880840,30900,30290,30290,-610,-1.97,30890,-10,-0.03,30290,30290,1399-12-25
717,غدام,خوراك‌  دام‌ پارس‌,5,121,47629230,401660,393630,393630,-8030,-2.0,401650,-10,0.0,393630,393630,1399-12-25
718,زعف0008پ09,زعفران0008نگين نوين(پ),5,1398,166458778,119000,118995,118995,-5,0.0,119069,69,0.06,118995,119990,1399-12-25
719,ضملت3003,اختيارخ وبملت-4500-1400/03/19,5,50,24450000,250,489,489,239,95.6,489,239,95.6,489,489,1399-12-25
720,ضفار3001,اختيارخ فارس-9000-1400/03/05,5,14,20166000,1200,1400,1666,466,38.83,1440,240,20.0,1400,1666,1399-12-25
721,اخزا805,اسنادخزانه-م5بودجه98-000422,5,406,380761000,938000,938000,940000,2000,0.21,937835,-165,-0.02,937000,943500,1399-12-25
722,تابان04,اجاره تابان سپهر14031126,5,74980,74230200000,990000,990000,990000,0,0.0,990000,0,0.0,990000,990000,1399-12-25
723,ضسپا3005,اختيارخ خساپا-3000-1400/03/26,5,6,857000,147,120,189,42,28.57,143,-4,-2.72,120,189,1399-12-25
724,بايكا,كارخانجات كابلسازي ‌ايران‌,5,788,33005380,42739,41885,41885,-854,-2.0,42738,-1,0.0,41885,41885,1399-12-25
725,ضپنا2002,اختيارخ رمپنا-14000-1400/02/12,5,63,187500000,2630,2500,3000,370,14.07,2976,346,13.16,2500,3000,1399-12-25
726,طلا2,صندوق س.پشتوانه طلاي لوتوس,5,500000,500000,75891,1,1,-75890,-100.0,1,-75890,-100.0,1,1,1399-12-25
727,ثامان,سامان‌ گستراصفهان‌,5,12772,288519480,23050,22590,22590,-460,-2.0,23050,0,0.0,22590,22590,1399-12-25
728,دقاضي,داروسازي شهيد قاضي,5,2854,122910364,43944,43066,43066,-878,-2.0,43938,-6,-0.01,43066,43066,1399-12-25
729,اراد424,مرابحه عام دولت4-ش.خ 0106,5,36505278,34716702590934,1056250,949490,951158,-105092,-9.95,951005,-105245,-9.96,949490,951393,1399-12-25
730,تملي707,تسهيلات مسكن ب. ملي-مهر97,5,79,43954000,530000,556000,556500,26500,5.0,556380,26380,4.98,556000,556500,1399-12-25
731,بسويچ,پارس‌سويچ‌,5,1997,103464570,52860,51810,51810,-1050,-1.99,52860,0,0.0,51810,51810,1399-12-25
732,ضملي3002,اختيارخ فملي-10000-1400/03/02,5,62,213500000,3333,3400,3500,167,5.01,3444,111,3.33,3400,3500,1399-12-25
733,گكيش,توريستي ورفاهي آبادگران كيش,5,2093,108662281,52976,51917,51917,-1059,-2.0,52970,-6,-0.01,51917,51917,1399-12-25
734,ضخود2012,اختيارخ خودرو-6000-1400/02/08,4,40,450000,8,12,10,2,25.0,11,3,37.5,10,12,1399-12-25
735,كوثر2,بيمه كوثر,4,310775000,4844049925000,14705,15587,15587,882,6.0,15587,882,6.0,15587,15587,1399-12-25
736,افاد14,منفعت دولت-با شرايط خاص140006,4,20000000,22110004899200,1015000,1106113,1105265,90265,8.89,1105500,90500,8.92,1105265,1106113,1399-12-25
737,اراد404,مرابحه عام دولت4-ش.خ 0207,4,16094000,14763517124000,1000000,918759,908700,-91300,-9.13,917330,-82670,-8.27,908700,918759,1399-12-25
738,اراد33,مرابحه عام دولت3-ش.خ 0303,4,13000,11334000000,860000,903000,865000,5000,0.58,871846,11846,1.38,860000,903000,1399-12-25
739,زعف0008پ18,زعفران0008نگين بهرامن(پ),4,2420,288350000,118166,119920,119000,834,0.71,119153,987,0.84,119000,119920,1399-12-25
740,تملي804,تسهيلات مسكن ب. ملي-تير98,4,87,75256914,823831,865022,865022,41191,5.0,865022,41191,5.0,865022,865022,1399-12-25
741,اراد384,مرابحه عام دولت3-ش.خ 0105,4,4020000,3832030900000,1050000,952918,966120,-83880,-7.99,953241,-96759,-9.22,952918,966120,1399-12-25
742,سهرمز,سيمان‌هرمزگان‌,4,2797,68666350,25050,24550,24550,-500,-2.0,25050,0,0.0,24550,24550,1399-12-25
743,ثجوان,تامين مسكن جوانان,4,12742,143156370,11464,11235,11235,-229,-2.0,11462,-2,-0.02,11235,11235,1399-12-25
744,اراد334,مرابحه عام دولت3-ش.خ 0303,4,13194000,11314523687000,860000,852911,872500,12500,1.45,857551,-2449,-0.28,852650,872500,1399-12-25
745,كشم0006پ02,كشمش تيزابي0006تاكستان(پ),4,2000,459993000,229983,229995,229998,15,0.01,229996,13,0.01,229995,229998,1399-12-25
746,سفاسي,شركت فارسيت اهواز,4,1667,23639727,14470,14181,14181,-289,-2.0,14470,0,0.0,14181,14181,1399-12-25
747,ضپيك2009,اختيارخ تاپيكو-10000-00/02/19,4,66,188700000,2500,2750,3200,700,28.0,2859,359,14.36,2750,3200,1399-12-25
748,جم2,پتروشيمي جم,4,5454000,198576020000,36130,36130,36600,470,1.3,36409,279,0.77,36130,36600,1399-12-25
749,وسمازن,س.سهام عدالت استان مازندران,4,163780,157228800,970,960,960,-10,-1.03,970,0,0.0,960,960,1399-12-25
750,غمهرا,توليدي‌مهرام‌,4,372,44718120,122660,120210,120210,-2450,-2.0,122660,0,0.0,120210,120210,1399-12-25
751,اراد544,مرابحه عام دولت5-ش.خ 0109,4,33699600,31646959688400,1015000,939094,938836,-76164,-7.5,939090,-75910,-7.48,938836,939200,1399-12-25
752,تملي612,تسهيلات مسكن بانك ملي-اسفند96,4,28,24862796,845674,887957,887957,42283,5.0,887957,42283,5.0,887957,887957,1399-12-25
753,قزوين,كارخانجات‌ قند قزوين‌,4,22182,871752600,40100,39300,39300,-800,-2.0,40090,-10,-0.02,39300,39300,1399-12-25
754,ميدكو2,هلدينگ صنايع  معدني خاورميانه,4,60627000,1858558065000,30595,30700,30595,0,0.0,30656,61,0.2,30595,30700,1399-12-25
755,ضخوز2012,اختيارخ فخوز-10000-1400/02/15,3,132,708000000,4400,5200,5500,1100,25.0,5364,964,21.91,5200,5500,1399-12-25
756,فملي2,ملي‌ صنايع‌ مس‌ ايران‌,3,51400000,647463000000,12570,12570,12570,0,0.0,12597,27,0.21,12570,12780,1399-12-25
757,لپيام,گسترش صنايع پيام,3,1376,74616352,55333,54227,54227,-1106,-2.0,55329,-4,-0.01,54227,54227,1399-12-25
758,غمينوح,ح . شركت صنايع غذايي مينو شرق,3,120000,1168560000,9936,9738,9738,-198,-1.99,9738,-198,-1.99,9738,9738,1399-12-25
759,ضترا3000,اختيارخ شتران-6000-1400/03/09,3,40,140000000,3300,3500,3500,200,6.06,3500,200,6.06,3500,3500,1399-12-25
760,ضجار2008,اختيارخ وتجارت-6000-1400/02/22,3,5,28000,22,2,11,-11,-50.0,6,-16,-72.73,2,11,1399-12-25
761,ونوين2,بانك‌اقتصادنوين‌,3,80000000,339710000000,4270,4210,4360,90,2.11,4246,-24,-0.56,4210,4360,1399-12-25
762,قمرو,قند مرودشت‌,3,1783,64687240,37020,36280,36280,-740,-2.0,37020,0,0.0,36280,36280,1399-12-25
763,ختراكح,ح . ريخته‌گري‌ تراكتورسازي‌,3,4567,56402450,12350,12350,12350,0,0.0,12350,0,0.0,12350,12350,1399-12-25
764,آرمان,بيمه آرمان,3,3814,32438070,8678,8505,8505,-173,-1.99,8678,0,0.0,8505,8505,1399-12-25
765,ضچاد2002,اختيارخ كچاد-16000-1400/02/05,3,45,333000000,7358,7400,7400,42,0.57,7400,42,0.57,7400,7400,1399-12-25
766,نيرو,نيرو سرمايه,3,395,21019530,54300,53214,53214,-1086,-2.0,54299,-1,0.0,53214,53214,1399-12-25
767,ضپيك2011,اختيارخ تاپيكو-14000-00/02/19,3,200,220000000,950,1200,1000,50,5.26,1100,150,15.79,1000,1200,1399-12-25
768,اراد644,مرابحه عام دولتي64-ش.خ0111,3,14910000,13990944000000,944500,948693,931500,-13000,-1.38,938360,-6140,-0.65,931500,948693,1399-12-25
769,اعتماد2,صندوق س.اعتماد آفرين پارسيان-د,3,28500000,28500000,35337,1,1,-35336,-100.0,1,-35336,-100.0,1,1,1399-12-25
770,قجام,فرآوردههاي غذايي وقندتربت‌جام‌,3,2622,42568170,16566,16235,16235,-331,-2.0,16565,-1,-0.01,16235,16235,1399-12-25
771,ضسپا3001,اختيارخ خساپا-1600-1400/03/26,3,20,15220000,841,800,722,-119,-14.15,761,-80,-9.51,722,800,1399-12-25
772,وسكهبو,س.عدالت ا. كهگيلويه وبويراحمد,3,89756,99629160,1130,1110,1110,-20,-1.77,1130,0,0.0,1110,1110,1399-12-25
773,تملي705,تسهيلات مسكن ب. ملي-مرداد97,3,53,29243863,580811,551771,551771,-29040,-5.0,551771,-29040,-5.0,551771,551771,1399-12-25
774,اراد214,مرابحه عام دولت2ش.خ صادرات0212,3,57606000,53237864172000,1000000,924194,924112,-75888,-7.59,924172,-75828,-7.58,924112,924313,1399-12-25
775,شسم,توليد سموم‌ علف‌ كش,3,707,65606772,89227,92796,92796,3569,4.0,89249,22,0.02,92796,92796,1399-12-25
776,تملي708,تسهيلات مسكن ب. ملي-آبان97,3,49,25458195,546900,519555,519555,-27345,-5.0,519555,-27345,-5.0,519555,519555,1399-12-25
777,تملي703,تسهيلات مسكن ب. ملي-خرداد97,3,54,28889880,539998,566996,512999,-26999,-5.0,534998,-5000,-0.93,512999,566996,1399-12-25
778,حاريا,كشتيراني آريا,3,3711,105433221,28990,28411,28411,-579,-2.0,28987,-3,-0.01,28411,28411,1399-12-25
779,ضشنا2004,اختيارخ شپنا-16000-1400/02/27,3,7,6020000,1,999,470,469,46900.0,860,859,85900.0,470,999,1399-12-25
780,افرا,افرانت,3,1050,36568350,35537,34827,34827,-710,-2.0,35536,-1,0.0,34827,34827,1399-12-25
781,اراد354,مرابحه عام دولت3-ش.خ 0103,3,19800000,18853874900000,980000,953261,952680,-27320,-2.79,952216,-27784,-2.84,945500,953261,1399-12-25
782,ضخوز2013,اختيارخ فخوز-12000-1400/02/15,2,2,7700000,3190,3850,3850,660,20.69,3850,660,20.69,3850,3850,1399-12-25
783,پلاست,كارخانجات توليدي پلاستيران,2,276,19553220,72290,70845,70845,-1445,-2.0,72289,-1,0.0,70845,70845,1399-12-25
784,اراد344,مرابحه عام دولت3-ش.خ 0305,2,19586000,16568747321000,1000000,846031,845866,-154134,-15.41,845948,-154052,-15.41,845866,846031,1399-12-25
785,ضجار2000,اختيارخ وتجارت-1800-1400/02/22,2,20,18060000,892,910,900,8,0.9,903,11,1.23,900,910,1399-12-25
786,افاد24,منفعت دولتي2-شرايط خاص14000626,2,10980000,10943019360000,985000,997049,996215,11215,1.14,996632,11632,1.18,996215,997049,1399-12-25
787,اراد444,مرابحه عام دولت4-ش.خ 0007,2,4000000,3924446000000,1050000,981483,980740,-69260,-6.6,981111,-68889,-6.56,980740,981483,1399-12-25
788,تسه99092,امتياز تسهيلات مسكن آذر99,2,36,360,590640,10,10,-590630,-100.0,10,-590630,-100.0,10,10,1399-12-25
789,تسه99112,امتياز تسهيلات مسكن بهمن99,2,10,100,594644,10,10,-594634,-100.0,10,-594634,-100.0,10,10,1399-12-25
790,اراد434,مرابحه عام دولت4-ش.خ 0205,2,3136000,2973570880000,955460,948250,948160,-7300,-0.76,948205,-7255,-0.76,948160,948250,1399-12-25
791,نوري2,پتروشيمي نوري,2,3565802,219173403200,60430,61300,61600,1170,1.94,61465,1035,1.71,61300,61600,1399-12-25
792,تشتاد,صنايع توليدي اشتاد ايران‌,2,2518,38850222,15743,15429,15429,-314,-1.99,15742,-1,-0.01,15429,15429,1399-12-25
793,اخزا8144,اسنادخزانه-م14بودجه98-010318,2,710000,556915480000,784837,783939,784837,0,0.0,784388,-449,-0.06,783939,784837,1399-12-25
794,وساشرقي,شركت س استان آذربايجان شرقي,2,5611,5386560,970,960,960,-10,-1.03,970,0,0.0,960,960,1399-12-25
795,حبندر,دريايي و کشتيراني خط دريابندر,2,331,11530716,35546,34836,34836,-710,-2.0,35546,0,0.0,34836,34836,1399-12-25
796,وسكرمان,س.سهام عدالت استان كرمان,2,11512,11627120,1030,1010,1010,-20,-1.94,1030,0,0.0,1010,1010,1399-12-25
797,ضترا3003,اختيارخ شتران-9000-1400/03/09,2,21,25200000,946,1200,1200,254,26.85,1200,254,26.85,1200,1200,1399-12-25
798,تملي701,تسهيلات مسكن ب. ملي-فروردين97,2,12,7525440,629067,627120,627120,-1947,-0.31,627120,-1947,-0.31,627120,627120,1399-12-25
799,اراد324,مرابحه عام دولت3-ش.خ0211,2,2000000,1784326000000,1000000,889726,894600,-105400,-10.54,892163,-107837,-10.78,889726,894600,1399-12-25
800,افاد744,منفعت دولت7-ش.خاص ساير0204,2,4000000,3778614000000,1000000,944627,944680,-55320,-5.53,944653,-55347,-5.53,944627,944680,1399-12-25
801,سخزر,سيمان‌ خزر,2,1237,37419250,30860,30250,30250,-610,-1.98,30860,0,0.0,30250,30250,1399-12-25
802,بپاس2,بيمه پاسارگاد,2,10500000,722211000000,68782,68782,68782,0,0.0,68782,0,0.0,68782,68782,1399-12-25
803,شاراك2,پتروشيمي شازند,2,6775000,171749250000,25470,25470,25200,-270,-1.06,25350,-120,-0.47,25200,25470,1399-12-25
804,پست0008پ04,پسته فندقي32-30سبزدانه0008(پ),2,100,134368200,1358917,1343682,1343682,-15235,-1.12,1343682,-15235,-1.12,1343682,1343682,1399-12-25
805,اخزا8154,اسنادخزانه-م15بودجه98-010406,2,1012000,786295158000,776462,777481,776462,0,0.0,776971,509,0.07,776462,777481,1399-12-25
806,تسه99102,امتياز تسهيلات مسكن دي99,2,40,400,587504,10,10,-587494,-100.0,10,-587494,-100.0,10,10,1399-12-25
807,شستا004,اجاره تامين اجتماعي-نوين000523,2,16,15864008,990000,983001,1000000,10000,1.01,991500,1500,0.15,983001,1000000,1399-12-25
808,اخزا7234,اسنادخزانه-م23بودجه97-000824,2,416000,364601744000,875381,877512,875381,0,0.0,876446,1065,0.12,875381,877512,1399-12-25
809,ياقوت2,صندوق س ياقوت آگاه-ثابت,2,88080000,88080000,12049,1,1,-12048,-99.99,1,-12048,-99.99,1,1,1399-12-25
810,صگل411,ص اجاره گل گهر 411- 3 ماهه 17%,2,6,6000000,980000,1000000,1000000,20000,2.04,1000000,20000,2.04,1000000,1000000,1399-12-25
811,سمگا2,گروه سرمايه گذاري ميراث فرهنگي,2,33650000,926148950000,27523,27523,27523,0,0.0,27523,0,0.0,27523,27523,1399-12-25
812,اشاد14,مشاركت دولتي1-شرايط خاص001026,2,1500200,1496879307300,999999,998113,997460,-2539,-0.25,997786,-2213,-0.22,997460,998113,1399-12-25
813,افاد44,منفعت دولتي4-شرايط خاص14010729,2,6000000,5807715000000,1042700,967985,967920,-74780,-7.17,967952,-74748,-7.17,967920,967985,1399-12-25
814,اراد654,مرابحه عام دولتي65-ش.خ0210,2,6460554,6057312061536,928630,935023,940145,11515,1.24,937584,8954,0.96,935023,940145,1399-12-25
815,اخزا7134,اسنادخزانه-م13بودجه97-000518,2,3270000,3020173635000,923715,923486,923715,0,0.0,923600,-115,-0.01,923486,923715,1399-12-25
816,ضفار3002,اختيارخ فارس-10000-1400/03/05,2,10,12000000,669,1100,1300,631,94.32,1200,531,79.37,1100,1300,1399-12-25
817,كصدف,كاشي صدف سرام استقلال آباده,2,420,10301760,25549,24528,24528,-1021,-4.0,25548,-1,0.0,24528,24528,1399-12-25
818,ضخود2011,اختيارخ خودرو-5000-1400/02/08,2,42,430000,13,11,10,-3,-23.08,10,-3,-23.08,10,11,1399-12-25
819,اخزا8064,اسنادخزانه-م6بودجه98-000519,2,310000,286510835000,924521,923936,924521,0,0.0,924228,-293,-0.03,923936,924521,1399-12-25
820,اراد35,مرابحه عام دولت3-ش.خ 0103,2,6100,5855000000,980000,950000,960000,-20000,-2.04,959836,-20164,-2.06,950000,960000,1399-12-25
821,اخزا723,اسنادخزانه-م23بودجه97-000824,2,10109,8865263175,875381,875001,876990,1609,0.18,876967,1586,0.18,875001,876990,1399-12-25
822,اشاد10,مشاركت دولتي10-شرايط خاص001226,2,40000,38102800000,946357,952570,952570,6213,0.66,952570,6213,0.66,952570,952570,1399-12-25
823,ضسپا3000,اختيارخ خساپا-1400-1400/03/26,2,3,2982000,978,994,994,16,1.64,994,16,1.64,994,994,1399-12-25
824,اراد374,مرابحه عام دولت3-ش.خ 0005,2,2000000,1974370000000,1000000,987580,986790,-13210,-1.32,987185,-12815,-1.28,986790,987580,1399-12-25
825,صفارس147,صكوك اجاره فارس147- 3ماهه18%,2,110,114975000,1050000,997500,1050000,0,0.0,1045227,-4773,-0.45,997500,1050000,1399-12-25
826,شرق1400,مشاركت ليزينگ ايران وشرق140010,2,25,25040000,1005000,1008000,1000000,-5000,-0.5,1001600,-3400,-0.34,1000000,1008000,1399-12-25
827,تسه99082,امتياز تسهيلات مسكن آبان99,2,39,390,582620,10,10,-582610,-100.0,10,-582610,-100.0,10,10,1399-12-25
828,كابگن,توليدي و صنعتي آبگينه‌,2,7900,40771900,5110,5161,5161,51,1.0,5110,0,0.0,5161,5161,1399-12-25
829,اراد474,مرابحه عام دولت4-ش.خ 0008,2,8837000,8652990803000,960000,979438,978919,18919,1.97,979177,19177,2.0,978919,979438,1399-12-25
830,اراد604,مرابحه عام دولتي6-ش.خ0210,2,6600000,6229129500000,945507,941865,945750,243,0.03,943807,-1700,-0.18,941865,945750,1399-12-25
831,اراد454,مرابحه عام دولت4-ش.خ 0107,2,4210000,3985634365000,978000,946883,946530,-31470,-3.22,946706,-31294,-3.2,946530,946883,1399-12-25
832,اخزا8124,اسنادخزانه-م12بودجه98-001111,2,1264000,1067240072000,842924,845747,842924,0,0.0,844335,1411,0.17,842924,845747,1399-12-25
833,ضپيك2008,اختيارخ تاپيكو-9000-00/02/19,2,20,74000000,3100,3500,3900,800,25.81,3700,600,19.35,3500,3900,1399-12-25
834,سكارون,سيمان كارون,2,144,25149456,178213,174649,174649,-3564,-2.0,178208,-5,0.0,174649,174649,1399-12-25
835,زعف0008پ12,زعفران0008پوشالمعمول سحرخيز(پ),2,148,12455040,82423,84000,84480,2057,2.5,84156,1733,2.1,84000,84480,1399-12-25
836,اخزا8074,اسنادخزانه-م7بودجه98-000719,2,490200,437837081100,893049,893312,893049,0,0.0,893180,131,0.01,893049,893312,1399-12-25
837,فخوز2,فولاد  خوزستان,2,27000000,403600000000,14430,15000,14800,370,2.56,14948,518,3.59,14800,15000,1399-12-25
838,اراد414,مرابحه عام دولت4-ش.خ 0006,2,2000000,1970710000000,1000000,985631,985079,-14921,-1.49,985355,-14645,-1.46,985079,985631,1399-12-25
839,اخزا8114,اسنادخزانه-م11بودجه98-001013,2,1736000,1486436112000,855956,856528,855956,0,0.0,856242,286,0.03,855956,856528,1399-12-25
840,زير0003پ04,زيره سبز0003شركت مينوبذر(پ),2,24,10439448,470000,435010,434614,-35386,-7.53,434977,-35023,-7.45,434614,435010,1399-12-25
841,ضصاد3000,اختيارخ وبصادر-1800-1400/03/12,2,11,8860000,900,920,780,-120,-13.33,805,-95,-10.56,780,920,1399-12-25
842,شجمح,ح. صنايع پتروشيمي تخت جمشيد,2,11400,96900000,8472,8500,8500,28,0.33,8500,28,0.33,8500,8500,1399-12-25
843,اخزا8054,اسنادخزانه-م5بودجه98-000422,2,336000,314925576000,938000,936557,938000,0,0.0,937278,-722,-0.08,936557,938000,1399-12-25
844,تملي711,تسهيلات مسكن ب. ملي-بهمن97,2,8,4453952,586046,556744,556744,-29302,-5.0,556744,-29302,-5.0,556744,556744,1399-12-25
845,ضپنا2004,اختيارخ رمپنا-18000-1400/02/12,2,5,4750000,1500,950,950,-550,-36.67,950,-550,-36.67,950,950,1399-12-25
846,پارسان2,گسترش نفت و گاز پارسيان,1,950000,20016500000,21020,21070,21070,50,0.24,21070,50,0.24,21070,21070,1399-12-25
847,تابان022,اجاره تابان لوتوس14021206,1,52000,50544000000,1000000,972000,972000,-28000,-2.8,972000,-28000,-2.8,972000,972000,1399-12-25
848,ضجار2005,اختيارخ وتجارت-4000-1400/02/22,1,5,220000,57,44,44,-13,-22.81,44,-13,-22.81,44,44,1399-12-25
849,تاپيكو2,س. نفت و گاز و پتروشيمي تأمين,1,2520000,29988000000,11870,11900,11900,30,0.25,11900,30,0.25,11900,11900,1399-12-25
850,فوكا2,فولاد كاويان,1,10200000,121023000000,12107,11865,11865,-242,-2.0,11865,-242,-2.0,11865,11865,1399-12-25
851,شپنا2,پالايش نفت اصفهان,1,37337477,492481321630,13190,13190,13190,0,0.0,13190,0,0.0,13190,13190,1399-12-25
852,كاوه2,فولاد كاوه جنوب كيش,1,5000000,106250000000,20340,21250,21250,910,4.47,21250,910,4.47,21250,21250,1399-12-25
853,شپديس2,پتروشيمي پرديس,1,208000,20024160000,96250,96270,96270,20,0.02,96270,20,0.02,96270,96270,1399-12-25
854,اتكاي2,بيمه اتكايي ايرانيان,1,35000000,550305000000,15723,15723,15723,0,0.0,15723,0,0.0,15723,15723,1399-12-25
855,وپاسار2,بانك  پاسارگاد,1,38000000,475000000000,12480,12500,12500,20,0.16,12500,20,0.16,12500,12500,1399-12-25
856,ضپاس2004,اختيارخ وپارس-4000-1400/02/29,1,1,150000,200,150,150,-50,-25.0,150,-50,-25.0,150,150,1399-12-25
857,گواهي ظرفيت,گواهي ظرفيت نقدي,1,930000,9894270000,10639,10639,10639,0,0.0,10639,0,0.0,10639,10639,1399-12-25
858,تملي706,تسهيلات مسكن ب. ملي-شهريور97,1,10,5737460,603943,573746,573746,-30197,-5.0,573746,-30197,-5.0,573746,573746,1399-12-25
859,وحافظ,بيمه حافظ,1,76,5057496,67904,66546,66546,-1358,-2.0,67903,-1,0.0,66546,66546,1399-12-25
860,ومعادن2,توسعه‌معادن‌وفلزات‌,1,2335000,30004750000,12710,12850,12850,140,1.1,12850,140,1.1,12850,12850,1399-12-25
861,مكرج112,مشاركت شهرداري كرج-3ماهه18%,1,600,587220000,998700,978700,978700,-20000,-2.0,978700,-20000,-2.0,978700,978700,1399-12-25
862,سميعا001,سلف موازي استاندارد سميعا001,1,9170,10003140350,1089200,1090855,1090855,1655,0.15,1090855,1655,0.15,1090855,1090855,1399-12-25
863,تملي712,تسهيلات مسكن ب. ملي-اسفند97,1,10,5587000,588105,558700,558700,-29405,-5.0,558700,-29405,-5.0,558700,558700,1399-12-25
864,ضجار2001,اختيارخ وتجارت-2000-1400/02/22,1,6,4800000,801,800,800,-1,-0.12,800,-1,-0.12,800,800,1399-12-25
865,تملي710,تسهيلات مسكن ب. ملي-دي97,1,10,6031810,634927,603181,603181,-31746,-5.0,603181,-31746,-5.0,603181,603181,1399-12-25
866,افاد844,منفعت دولت8-ش.خاص ساير0205,1,4174500,4015384758000,924000,961884,961884,37884,4.1,961884,37884,4.1,961884,961884,1399-12-25
867,صنفت312,صكوك منفعت نفت312-6ماهه 18/5%,1,1,999900,1000000,999900,999900,-100,-0.01,999900,-100,-0.01,999900,999900,1399-12-25
868,سپ2,پرداخت الكترونيك سامان كيش,1,24000000,408000000000,16930,17000,17000,70,0.41,17000,70,0.41,17000,17000,1399-12-25
869,شستا992,اجاره تامين اجتماعي-سپهر991226,1,20000,20000000000,1000000,1000000,1000000,0,0.0,1000000,0,0.0,1000000,1000000,1399-12-25
870,ضصاد3005,اختيارخ وبصادر-4000-1400/03/12,1,100,3500000,35,35,35,0,0.0,35,0,0.0,35,35,1399-12-25
871,اراد704,مرابحه عام دولت70-ش.خ0112,1,17114000,15857832400000,943750,926600,926600,-17150,-1.82,926600,-17150,-1.82,926600,926600,1399-12-25
872,اراد524,مرابحه عام دولت5-ش.خ 0108,1,6333000,5954919900000,1000000,940300,940300,-59700,-5.97,940300,-59700,-5.97,940300,940300,1399-12-25
873,اراد76,مرابحه عام دولت76-ش.خ030406,1,25000,23341250000,942860,933650,933650,-9210,-0.98,933650,-9210,-0.98,933650,933650,1399-12-25
874,اراد11,مرابحه عام دولت1-ش.خ لوتوس0206,1,10000,8560000000,846000,856000,856000,10000,1.18,856000,10000,1.18,856000,856000,1399-12-25
875,شستا993,اجاره ت.اجتماعي-كاردان991226,1,10,10000000,999999,1000000,1000000,1,0.0,1000000,1,0.0,1000000,1000000,1399-12-25
876,تملي704,تسهيلات مسكن ب. ملي-تير97,1,10,5588470,588259,558847,558847,-29412,-5.0,558847,-29412,-5.0,558847,558847,1399-12-25
877,كچاد2,معدني‌وصنعتي‌چادرملو,1,10500000,248325000000,23110,23650,23650,540,2.34,23650,540,2.34,23650,23650,1399-12-25
878,افاد54,منفعت دولت5-ش.خاص لوتوس0108,1,10000,8390000000,829000,839000,839000,10000,1.21,839000,10000,1.21,839000,839000,1399-12-25
879,فارس2,صنايع پتروشيمي خليج فارس,1,2106000,20007000000,9500,9500,9500,0,0.0,9500,0,0.0,9500,9500,1399-12-25
880,ضچاد2001,اختيارخ كچاد-14000-1400/02/05,1,3,30000000,8614,10000,10000,1386,16.09,10000,1386,16.09,10000,10000,1399-12-25
881,وسناح,ح. سرمايه گذاري نيروگاهي ايران,1,500,6750000,13652,13500,13500,-152,-1.11,13500,-152,-1.11,13500,13500,1399-12-25
882,صخابر102,صكوك اجاره مخابرات-3 ماهه 16%,1,5,4875000,975000,975000,975000,0,0.0,975000,0,0.0,975000,975000,1399-12-25
883,اخزا9072,اسنادخزانه-م7بودجه99-020704,1,1160434,700321919000,599649,603500,603500,3851,0.64,603500,3851,0.64,603500,603500,1399-12-25
884,كگهر2,سنگ آهن گهرزمين,1,8424867,390559984386,46358,46358,46358,0,0.0,46358,0,0.0,46358,46358,1399-12-25
885,تسه98102,امتياز تسهيلات مسكن دي98,1,24,240,585222,10,10,-585212,-100.0,10,-585212,-100.0,10,10,1399-12-25
886,حخزر,كشتيراني درياي خزر,1,8000,230472000,29396,28809,28809,-587,-2.0,29393,-3,-0.01,28809,28809,1399-12-25
887,رطب0002پ01,رطب مضافتي0002افشارتعاون بم(پ),1,30,5331780,169263,177726,177726,8463,5.0,177726,8463,5.0,177726,177726,1399-12-25
888,اراد55,مرابحه عام دولت5-ش.خ 0209,1,100,97000000,958772,970000,970000,11228,1.17,970000,11228,1.17,970000,970000,1399-12-25
889,تپولا,مهندسي مرآت پولاد,1,220,7893820,36613,35881,35881,-732,-2.0,36613,0,0.0,35881,35881,1399-12-25
890,اشاد104,مشاركت دولتي10-شرايط خاص001226,1,36300,35189401500,946357,969405,969405,23048,2.44,969405,23048,2.44,969405,969405,1399-12-25
891,زير0003پ01,زيره سبز0003كيميابذر(پ),1,11,5283982,457488,480362,480362,22874,5.0,480362,22874,5.0,480362,480362,1399-12-25
892,عفولاد3,اوراق سلف موازي ورق گرم فولاد,1,10,8477160,826842,847716,847716,20874,2.52,847716,20874,2.52,847716,847716,1399-12-25
893,تاصيكو2,سرمايه گذاري صدرتامين,1,2655000,30001500000,11120,11300,11300,180,1.62,11300,180,1.62,11300,11300,1399-12-25
894,وتجارت2,بانك تجارت,1,30000000,80400000000,2680,2680,2680,0,0.0,2680,0,0.0,2680,2680,1399-12-25
895,اميد2,تامين سرمايه اميد,1,94500000,790020000000,8360,8360,8360,0,0.0,8360,0,0.0,8360,8360,1399-12-25
896,وگردش2,بانك گردشگري,1,10000000,173270000000,17327,17327,17327,0,0.0,17327,0,0.0,17327,17327,1399-12-25
897,تابان042,اجاره تابان سپهر14031126,1,1000000,1001111000000,990000,1001111,1001111,11111,1.12,1001111,11111,1.12,1001111,1001111,1399-12-25
898,ضجار2007,اختيارخ وتجارت-5000-1400/02/22,1,10,110000,22,11,11,-11,-50.0,11,-11,-50.0,11,11,1399-12-25
899,مصفها012,مشاركت ش اصفهان012-3ماهه20%,1,700,700000000,985000,1000000,1000000,15000,1.52,1000000,15000,1.52,1000000,1000000,1399-12-25
900,اطلس2,صندوق س.توسعه اندوخته آينده-س,1,10000,10000,211053,1,1,-211052,-100.0,1,-211052,-100.0,1,1,1399-12-25
901,شستا0052,اجاره تامين اجتماعي-امين001220,1,1000000,1000000000000,1000000,1000000,1000000,0,0.0,1000000,0,0.0,1000000,1000000,1399-12-25
902,وسفارس,شركت س استان فارس,1,41400,41814000,1030,1010,1010,-20,-1.94,1030,0,0.0,1010,1010,1399-12-25
903,كمند2,صندوق س. با درآمد ثابت كمند,1,440000000,440000000,10049,1,1,-10048,-99.99,1,-10048,-99.99,1,1,1399-12-25
904,ضمخا7066,اختيارخ اخابر-12000-1400/07/28,1,5,12500000,2000,2500,2500,500,25.0,2500,500,25.0,2500,2500,1399-12-25
905,وصندوق2,سرمايه‌گذاري‌صندوق‌بازنشستگي‌,1,1440000,20520000000,14300,14250,14250,-50,-0.35,14250,-50,-0.35,14250,14250,1399-12-25
906,وخاور2,بانك خاورميانه,1,2220000,19980000000,8990,9000,9000,10,0.11,9000,10,0.11,9000,9000,1399-12-25
907,وبملت2,بانك ملت,1,30000000,126600000000,4070,4220,4220,150,3.69,4220,150,3.69,4220,4220,1399-12-25
908,گپارس,امور رفاهي كارگزاران پارس,1,40,8185000,208801,204625,204625,-4176,-2.0,208799,-2,0.0,204625,204625,1399-12-25
909,افاد82,منفعت دولت8-ش.خاص لوتوس0205,1,10000,7720000000,762000,772000,772000,10000,1.31,772000,10000,1.31,772000,772000,1399-12-25
910,اخزا7212,اسنادخزانه-م21بودجه97-000728,1,165000,146850000000,889925,890000,890000,75,0.01,890000,75,0.01,890000,890000,1399-12-25
911,تسه99072,امتياز تسهيلات مسكن مهر99,1,18,180,586947,10,10,-586937,-100.0,10,-586937,-100.0,10,10,1399-12-25
912,افاد614,منفعت دولت6-ش.خاص140109,1,5000000,4894325000000,999980,978865,978865,-21115,-2.11,978865,-21115,-2.11,978865,978865,1399-12-25
913,ضسان2008,اختيارخ پارسان-16750-00/02/15,1,3,15000000,3255,5000,5000,1745,53.61,5000,1745,53.61,5000,5000,1399-12-25
914,غشوكو,شوكو پارس,1,507,19892652,40036,39236,39236,-800,-2.0,40035,-1,0.0,39236,39236,1399-12-25
915,ما2,بيمه  ما,1,30000000,222000000000,7550,7400,7400,-150,-1.99,7400,-150,-1.99,7400,7400,1399-12-25
916,طمخا7072,اختيارف اخابر-28000-1400/07/28,1,2,33800000,15100,16900,16900,1800,11.92,16900,1800,11.92,16900,16900,1399-12-25
917,تابا,تابان نيرو سپاهان,1,179,9941302,56671,55538,55538,-1133,-2.0,56670,-1,0.0,55538,55538,1399-12-25
918,تملي805,تسهيلات مسكن ب. ملي-مرداد98,1,10,7764990,817367,776499,776499,-40868,-5.0,776499,-40868,-5.0,776499,776499,1399-12-25
919,ضپنا2001,اختيارخ رمپنا-12000-1400/02/12,1,5,25500000,4501,5100,5100,599,13.31,5100,599,13.31,5100,5100,1399-12-25
920,پافروردي,بار پايه فروردين,1,24100,8314500,349,345,345,-4,-1.15,345,-4,-1.15,345,345,1399-12-25
921,اتكام2,شركت بيمه اتكايي امين,1,4200000,20370000000,4934,4850,4850,-84,-1.7,4850,-84,-1.7,4850,4850,1399-12-25
922,تسه98022,امتياز تسهيلات مسكن ارديبهشت98,1,16,160,579718,10,10,-579708,-100.0,10,-579708,-100.0,10,10,1399-12-25
923,تملي702,تسهيلات مسكن ب. ملي-ارديبهشت97,1,10,6362910,669779,636291,636291,-33488,-5.0,636291,-33488,-5.0,636291,636291,1399-12-25
924,اخزا9102,اسنادخزانه-م10بودجه99-020807,1,219011,129873523000,585686,593000,593000,7314,1.25,593000,7314,1.25,593000,593000,1399-12-25
925,پست0008پ09,پسته بادامي30-28مه ولات0008(پ),1,5,7350000,1428685,1470000,1470000,41315,2.89,1470000,41315,2.89,1470000,1470000,1399-12-25
926,وسقم,شركت س استان قم,1,28000,38920000,1410,1390,1390,-20,-1.42,1410,0,0.0,1390,1390,1399-12-25
927,ثروتم2,صندوق س. ثروت آفرين پارسيان-س,1,500000,500000,75578,1,1,-75577,-100.0,1,-75577,-100.0,1,1,1399-12-25
928,طمخا7068,اختيارف اخابر-16000-1400/07/28,1,6,28200000,3901,4700,4700,799,20.48,4700,799,20.48,4700,4700,1399-12-25
929,شاوان2,پالايش نفت لاوان,1,2000000,180000000000,89802,90000,90000,198,0.22,90000,198,0.22,90000,90000,1399-12-25
930,عيار2,صندوق س. پشتوانه طلاي مفيد,1,10000,10000,27074,1,1,-27073,-100.0,1,-27073,-100.0,1,1,1399-12-25
931,دحاوي,الحاوي,1,999,11981007,12237,11993,11993,-244,-1.99,12237,0,0.0,11993,11993,1399-12-25
932,ضمخا7070,اختيارخ اخابر-20000-1400/07/28,1,1,801000,1431,801,801,-630,-44.03,801,-630,-44.03,801,801,1399-12-25
933,مبين2,مبين انرژي خليج فارس,1,2580000,44892000000,17520,17400,17400,-120,-0.68,17400,-120,-0.68,17400,17400,1399-12-25
