,نماد,نام,تعداد,حجم,ارزش,دیروز,اولین,آخرین معامله - مقدار,آخرین معامله - تغییر,آخرین معامله - درصد,قیمت پایانی - مقدار,قیمت پایانی - تغییر,قیمت پایانی - درصد,کمترین,بیشترین,تاریخ
0,وسپهر,سرمايه گذاري مالي سپهرصادرات,218753,381691441,5586925586963,13971,14650,14669,698,5.0,14637,666,4.77,13273,14669,1399-7-14
1,ثاميد,توسعه و عمران اميد,134778,423012590,1071422734260,2470,2440,2590,120,4.86,2530,60,2.43,2360,2590,1399-7-14
2,دارا يكم,صندوق واسطه گري مالي يكم-سهام,71352,39107044,8036290099750,206850,197500,211130,4280,2.07,205490,-1360,-0.66,191100,213000,1399-7-14
3,ثبهساز,بهساز كاشانه تهران,69392,306047276,1091379343930,3570,3400,3740,170,4.76,3570,0,0.0,3400,3740,1399-7-14
4,امين,تامين سرمايه امين,65003,34188329,443708556920,12730,12290,13360,630,4.95,12980,250,1.96,12200,13360,1399-7-14
5,سيتا,سرمايه گذاري سيمان تامين,53830,66452667,1290885896870,19270,18420,20230,960,4.98,19430,160,0.83,18310,20230,1399-7-14
6,گدنا,تهيه توزيع غذاي دنا آفرين فدك,52453,500164,6801230072,12951,13598,13598,647,5.0,13033,82,0.63,13598,13598,1399-7-14
7,فولاد,فولاد مباركه اصفهان,44472,213147215,3807782375150,18210,17610,17700,-510,-2.8,17860,-350,-1.92,17330,18410,1399-7-14
8,فملي,ملي‌ صنايع‌ مس‌ ايران‌,40192,100435022,2833295852040,29320,27900,27990,-1330,-4.54,28210,-1110,-3.79,27860,29500,1399-7-14
9,خگستر,گسترش‌سرمايه‌گذاري‌ايران‌خودرو,37898,500267764,2267997238870,4640,4410,4530,-110,-2.37,4530,-110,-2.37,4410,4790,1399-7-14
10,وبصادر,بانك صادرات ايران,37407,941257994,3816791448290,4230,4060,4100,-130,-3.07,4050,-180,-4.26,4020,4210,1399-7-14
11,شاروم,پتروشيمي اروميه,36036,684566,10822303894,15057,15809,15809,752,4.99,15209,152,1.01,15809,15809,1399-7-14
12,وتجارت,بانك تجارت,32993,992325481,3044850053840,2970,2980,3110,140,4.71,3070,100,3.37,2970,3110,1399-7-14
13,دي,بانك دي,30808,75215288,3471811498366,45327,43061,47593,2266,5.0,46158,831,1.83,43061,47593,1399-7-14
14,آريا,پليمر آريا ساسول,30478,5804869,996029525997,180051,172000,171400,-8651,-4.8,171585,-8466,-4.7,171049,176544,1399-7-14
15,خساپا,سايپا,26485,980608071,2398900314200,2370,2330,2480,110,4.64,2450,80,3.38,2270,2480,1399-7-14
16,خودرو,ايران‌ خودرو,25832,967991001,2861246814770,2870,2800,3010,140,4.88,2960,90,3.14,2800,3010,1399-7-14
17,رافزا,رايان هم افزا,24612,144548,4640858088,30578,32106,32106,1528,5.0,30712,134,0.44,32106,32106,1399-7-14
18,وبملت,بانك ملت,24290,392090024,2093773776270,5500,5350,5430,-70,-1.27,5340,-160,-2.91,5230,5540,1399-7-14
19,پترول,گروه پتروشيمي س. ايرانيان,23835,134425997,2423768150750,18920,17980,17980,-940,-4.97,18030,-890,-4.7,17980,18700,1399-7-14
20,ولپارس,ليزينگ پارسيان,22440,1662772,7199802760,4130,4330,4330,200,4.84,4150,20,0.48,4330,4330,1399-7-14
21,وغدير,سرمايه‌گذاري‌غدير(هلدينگ‌,16502,80336821,1235118892690,16090,15320,15310,-780,-4.85,15370,-720,-4.47,15290,16000,1399-7-14
22,شبندر,پالايش نفت بندرعباس,16460,49017896,1756626858550,37650,35770,35770,-1880,-4.99,35840,-1810,-4.81,35770,37200,1399-7-14
23,ذوب,سهامي ذوب آهن  اصفهان,16408,184116006,1018685231457,5464,5400,5579,115,2.1,5533,69,1.26,5250,5650,1399-7-14
24,ساوه,سيمان ساوه,14659,7913570,582075702690,72886,69242,76530,3644,5.0,73554,668,0.92,69242,76530,1399-7-14
25,خپارس,پارس‌ خودرو,12032,120987094,972046476460,8320,7910,7910,-410,-4.93,8030,-290,-3.49,7910,8450,1399-7-14
26,وخارزم,سرمايه گذاري خوارزمي,11973,67130414,795930034310,11770,11520,12100,330,2.8,11860,90,0.76,11270,12200,1399-7-14
27,فارس,صنايع پتروشيمي خليج فارس,11181,35639411,1001344833510,29460,28130,28080,-1380,-4.68,28100,-1360,-4.62,27990,29460,1399-7-14
28,مدير,ص.س.مديريت ثروت ص.بازنشستگي-س,10499,53407536,696551366669,12411,12000,13598,1187,9.56,13042,631,5.08,11710,13600,1399-7-14
29,چكاپا,گروه صنايع كاغذ پارس,9661,65653131,534570451000,8480,8210,8260,-220,-2.59,8140,-340,-4.01,8060,8420,1399-7-14
30,شصدفح,ح . صنعتي دوده فام,9254,4315605,77177998217,17724,17040,18000,276,1.56,17883,159,0.9,16970,18490,1399-7-14
31,تاپيكو,س. نفت و گاز و پتروشيمي تأمين,8307,41199486,860415867060,21890,20810,20800,-1090,-4.98,20880,-1010,-4.61,20800,21780,1399-7-14
32,غگل,گلوكوزان‌,8092,73506965,356055956460,4760,4760,4990,230,4.83,4840,80,1.68,4530,4990,1399-7-14
33,غگيلا,شيرپاستوريزه پگاه گيلان,8006,160846,2658784380,15743,16530,16530,787,5.0,15783,40,0.25,16530,16530,1399-7-14
34,شگويا,پتروشيمي تندگويان,7820,44867454,735539111259,17229,16368,16368,-861,-5.0,16394,-835,-4.85,16368,16670,1399-7-14
35,وپارس,بانك‌پارسيان‌,7528,396195148,1556689095090,3780,3830,3960,180,4.76,3930,150,3.97,3810,3960,1399-7-14
36,فخوز,فولاد  خوزستان,6844,19501848,776172309050,41650,39700,39570,-2080,-4.99,39800,-1850,-4.44,39570,41500,1399-7-14
37,پترولح,ح . گروه پتروشيمي س. ايرانيان,6727,37369899,580409742930,16770,15090,15420,-1350,-8.05,15530,-1240,-7.39,15090,16700,1399-7-14
38,بجهرم,توسعه مولد نيروگاهي جهرم,6552,65687422,254568233851,3847,3788,4030,183,4.76,3875,28,0.73,3666,4039,1399-7-14
39,ثاخت,بين‌المللي‌توسعه‌ساختمان,5955,78227354,317236901700,4060,3910,4260,200,4.93,4060,0,0.0,3860,4260,1399-7-14
40,ونوين,بانك‌اقتصادنوين‌,5767,122171490,552510882140,4470,4370,4680,210,4.7,4520,50,1.12,4260,4690,1399-7-14
41,بركت,گروه دارويي بركت,5737,26272726,412567591910,15210,14700,15970,760,5.0,15700,490,3.22,14700,15970,1399-7-14
42,كويرح,ح. توليدي فولاد سپيد فراب كوير,5516,33252168,348493325200,9880,9100,10870,990,10.02,10480,600,6.07,9100,10870,1399-7-14
43,غزر,صنعتي زر ماكارون,5419,493009,26745738250,57100,54250,54250,-2850,-4.99,55370,-1730,-3.03,54250,54250,1399-7-14
44,شبريز,پالايش نفت تبريز,5288,10718324,312997686130,30660,30000,29130,-1530,-4.99,29200,-1460,-4.76,29130,30390,1399-7-14
45,ختوقا,قطعات‌ اتومبيل‌ ايران‌,5280,64873229,245267227620,3920,3730,3800,-120,-3.06,3780,-140,-3.57,3730,3950,1399-7-14
46,ماديرا,صنايع ماشين هاي اداري ايران,5108,19019139,604974980573,33050,32170,33000,-50,-0.15,31809,-1241,-3.75,31398,33500,1399-7-14
47,تملت,تامين سرمايه بانك ملت,4899,25034023,273139976910,10540,10400,11060,520,4.93,10910,370,3.51,10400,11060,1399-7-14
48,دماوند,توليد نيروي برق دماوند,4832,9440258,633009764648,64706,64706,67941,3235,5.0,67054,2348,3.63,62000,67941,1399-7-14
49,كاوه,فولاد كاوه جنوب كيش,4738,39832508,864006361500,22710,21610,21670,-1040,-4.58,21690,-1020,-4.49,21580,22690,1399-7-14
50,وبانك,سرمايه گذاري گروه توسعه ملي,4609,26517070,309972178000,12250,11660,11900,-350,-2.86,11690,-560,-4.57,11640,12260,1399-7-14
51,ولساپا,ليزينگ رايان‌ سايپا,4581,67288392,253371132360,3880,3760,3850,-30,-0.77,3770,-110,-2.84,3690,3950,1399-7-14
52,كچاد,معدني‌وصنعتي‌چادرملو,4387,20396705,402753280840,20680,19660,20680,0,0.0,19750,-930,-4.5,19650,20690,1399-7-14
53,وپاسار,بانك  پاسارگاد,4384,64780209,632772788800,9820,9720,9900,80,0.81,9770,-50,-0.51,9500,10000,1399-7-14
54,كگل,معدني و صنعتي گل گهر,4307,23607401,515926291990,22850,22100,22830,-20,-0.09,21850,-1000,-4.38,21710,22850,1399-7-14
55,وساپا,سرمايه‌گذاري‌ سايپا,4238,35164693,351888184510,10500,9980,9980,-520,-4.95,10010,-490,-4.67,9980,10330,1399-7-14
56,حفاري,حفاري شمال,4082,25592482,235951769430,9630,9150,9360,-270,-2.8,9220,-410,-4.26,9150,9540,1399-7-14
57,فروي,ذوب روي اصفهان,3808,2555361,154932762989,62158,59700,60980,-1178,-1.9,60630,-1528,-2.46,59100,62890,1399-7-14
58,شيران,س. صنايع‌شيميايي‌ايران,3744,15864694,444701425730,27540,26500,28910,1370,4.97,28030,490,1.78,26220,28910,1399-7-14
59,وگردش,بانك گردشگري,3721,89695949,1803014499038,19520,20105,20105,585,3.0,20101,581,2.98,19700,20105,1399-7-14
60,فاسمين,كالسيمين‌,3686,5299448,291395867900,52270,53510,55920,3650,6.98,54990,2720,5.2,53000,56180,1399-7-14
61,ومعادن,توسعه‌معادن‌وفلزات‌,3659,30603960,491726954470,16850,16150,16010,-840,-4.99,16070,-780,-4.63,16010,16650,1399-7-14
62,بپاس,بيمه پاسارگاد,3632,4314143,289072978794,65353,65600,67950,2597,3.97,67006,1653,2.53,65000,68300,1399-7-14
63,ومهان,گروه توسعه مالي مهر آيندگان,3523,17957851,315721255507,18380,17461,18100,-280,-1.52,17581,-799,-4.35,17461,18126,1399-7-14
64,زكوثر,سرمايه گذاري كشاورزي كوثر,3462,5053034,111620697300,21760,20800,22840,1080,4.96,22090,330,1.52,20800,22840,1399-7-14
65,آگاس,صندوق س.هستي بخش آگاه-س,3445,3763184,277296606780,75216,71950,74650,-566,-0.75,73687,-1529,-2.03,71300,75216,1399-7-14
66,خبهمن,گروه‌بهمن‌,3436,18601780,434308672640,24310,23100,23100,-1210,-4.98,23350,-960,-3.95,23100,24970,1399-7-14
67,وگردشح,ح . بانك گردشگري,3183,45397110,614790653845,13160,13500,13554,394,2.99,13543,383,2.91,12900,13554,1399-7-14
68,وملل,اعتباري ملل,3164,28164365,414354527843,14286,14250,15000,714,5.0,14712,426,2.98,13662,15000,1399-7-14
69,شصدف,صنعتي دوده فام,3158,114257,2484861236,20713,21748,21748,1035,5.0,20762,49,0.24,21748,21748,1399-7-14
70,اخابر,مخابرات ايران,3128,13988042,220441315100,16440,15650,15880,-560,-3.41,15760,-680,-4.14,15620,16400,1399-7-14
71,سنير,سيمان‌ سفيد ني‌ريز,3116,2763885,255124644360,95530,90760,92500,-3030,-3.17,92310,-3220,-3.37,90760,100300,1399-7-14
72,خكرمان,گروه اقتصادي كرمان خودرو,3009,44030681,254924210247,5945,5767,5850,-95,-1.6,5790,-155,-2.61,5767,5906,1399-7-14
73,ارزش,صندوق س ارزش آفرين بيدار-سهام,2912,15213601,176290805010,11580,11200,11890,310,2.68,11590,10,0.09,11160,11890,1399-7-14
74,غسالم,سالمين‌,2896,25425607,115335897940,4370,4380,4580,210,4.81,4540,170,3.89,4200,4580,1399-7-14
75,زاگرس,پتروشيمي زاگرس,2826,2138510,363892784692,178388,170500,169469,-8919,-5.0,170162,-8226,-4.61,169469,175000,1399-7-14
76,كمند,صندوق س. با درآمد ثابت كمند,2781,121295931,1235090162940,10170,10170,10190,20,0.2,10180,10,0.1,10160,10200,1399-7-14
77,پاكشو,گروه صنعتي پاكشو,2736,2892539,225160641210,78110,74500,78110,0,0.0,77840,-270,-0.35,74500,81500,1399-7-14
78,طلا,صندوق س.پشتوانه طلاي لوتوس,2723,1766827,190025548813,101250,104510,107100,5850,5.78,107552,6302,6.22,104510,109888,1399-7-14
79,نوري,پتروشيمي نوري,2697,1204797,201818531370,174580,168000,168000,-6580,-3.77,167510,-7070,-4.05,165860,172110,1399-7-14
80,وصنعت,سرمايه گذاري توسعه صنعت وتجارت,2658,12115005,104081267850,8580,8300,8770,190,2.21,8590,10,0.12,8250,8800,1399-7-14
81,چكارن,كارتن‌ ايران‌,2595,30073119,114940572450,3940,3750,4010,70,1.78,3820,-120,-3.05,3750,4020,1399-7-14
82,وبيمهح,ح . سرمايه‌ گذاري‌ صنعت‌ بيمه‌,2527,52285289,96159290810,1970,1800,1900,-70,-3.55,1840,-130,-6.6,1770,1940,1399-7-14
83,كالا,بورس كالاي ايران,2513,5165151,204959196490,41690,39610,39710,-1980,-4.75,39680,-2010,-4.82,39610,41000,1399-7-14
84,پارسان,گسترش نفت و گاز پارسيان,2457,12655955,313451675620,25990,24810,24700,-1290,-4.96,24770,-1220,-4.69,24700,25800,1399-7-14
85,كرمان,س. توسعه و عمران استان كرمان,2435,4242344,303800955966,68792,70000,72231,3439,5.0,71612,2820,4.1,69220,72231,1399-7-14
86,دزهراوي,داروسازي‌زهراوي‌,2432,9871272,103609465540,10740,10210,11000,260,2.42,10500,-240,-2.23,10210,11000,1399-7-14
87,ثمسكن,سرمايه‌گذاري‌ مسكن‌,2425,23312345,154446995720,6600,6600,6930,330,5.0,6630,30,0.45,6270,6930,1399-7-14
88,زر,صندوق س.پشتوانه سكه طلاي زر,2401,3876142,236822964410,58235,60970,60000,1765,3.03,61098,2863,4.92,59900,61980,1399-7-14
89,ونفت,سرمايه‌گذاري‌ صنعت‌ نفت‌,2335,11031085,156937808600,14390,13900,15050,660,4.59,14230,-160,-1.11,13700,15050,1399-7-14
90,اميد,تامين سرمايه اميد,2326,39596614,554186228480,14710,14200,14200,-510,-3.47,14000,-710,-4.83,13980,14500,1399-7-14
91,شسپا,نفت سپاهان,2325,9805993,225203017620,22740,22400,23400,660,2.9,22970,230,1.01,22000,23420,1399-7-14
92,بترانس,ايران‌ ترانسفو,2260,5419299,182196611910,35290,33530,33530,-1760,-4.99,33620,-1670,-4.73,33530,34950,1399-7-14
93,تسه9906,امتياز تسهيلات مسكن شهريور99,2212,40197,33389359901,819547,825222,846000,26453,3.23,830643,11096,1.35,820002,859780,1399-7-14
94,هرمز,فولاد هرمزگان جنوب,2161,16370791,221423962875,14152,13600,13500,-652,-4.61,13526,-626,-4.42,13445,14150,1399-7-14
95,سپاها,سيمان‌سپاهان‌,2143,17846996,165382179910,9250,8790,9710,460,4.97,9270,20,0.22,8790,9710,1399-7-14
96,قرن,پديده شيمي قرن,1982,1480813,80136803170,53140,53140,55120,1980,3.73,54120,980,1.84,51100,55500,1399-7-14
97,سكرد,سيمان كردستان,1978,13889520,154695245980,11090,10540,11640,550,4.96,11140,50,0.45,10540,11640,1399-7-14
98,ستران,سيمان‌ تهران‌,1952,4724475,147380182060,30960,29500,32500,1540,4.97,31200,240,0.78,29420,32500,1399-7-14
99,ودي,بيمه  دي,1875,15413203,273226340114,18392,17473,18250,-142,-0.77,17727,-665,-3.62,17473,18599,1399-7-14
100,سشرق,سيمان‌ شرق‌,1873,18439234,131662710480,7030,6680,7380,350,4.98,7140,110,1.56,6680,7380,1399-7-14
101,حريل,ريل پردازسير,1790,17094482,61842073627,3738,3627,3720,-18,-0.48,3618,-120,-3.21,3552,3770,1399-7-14
102,كوير,توليدي فولاد سپيد فراب كوير,1761,12629081,181869125400,14180,13510,14880,700,4.94,14400,220,1.55,13480,14880,1399-7-14
103,سصوفي,سيمان‌ صوفيان‌,1755,8090699,108767004230,13350,13300,14010,660,4.94,13440,90,0.67,12690,14010,1399-7-14
104,غپينو,پارس‌ مينو,1710,10019707,61455887440,6130,6140,6330,200,3.26,6130,0,0.0,5850,6330,1399-7-14
105,عيار,صندوق س. پشتوانه طلاي مفيد,1705,2618448,95302979468,34656,36000,35980,1324,3.82,36397,1741,5.02,35900,37010,1399-7-14
106,اعتماد,صندوق س.اعتماد آفرين پارسيان-د,1701,55637840,1818307319530,32660,32687,32675,15,0.05,32681,21,0.06,32675,32691,1399-7-14
107,صبا,سرمايه گذاري صبا تامين,1693,6789176,70539538640,10936,10390,10390,-546,-4.99,10571,-365,-3.34,10390,10390,1399-7-14
108,وهنر,گروه توسعه هنر ايران,1674,19296080,94340300595,4842,4697,4987,145,2.99,4889,47,0.97,4697,4987,1399-7-14
109,سيمرغ,سيمرغ,1667,5301078,108408412840,20590,19890,20990,400,1.94,20450,-140,-0.68,19570,21440,1399-7-14
110,شغدير,پتروشيمي غدير,1647,4680931,226426245455,50825,48284,48500,-2325,-4.57,48372,-2453,-4.83,48284,49900,1399-7-14
111,سصفها,سيمان‌اصفهان‌,1637,1160944,131253974650,112170,106570,117770,5600,4.99,113060,890,0.79,106570,117770,1399-7-14
112,ختورح,ح . رادياتور ايران‌,1636,4124028,103421139850,26390,23760,25040,-1350,-5.12,25080,-1310,-4.96,23760,27480,1399-7-14
113,آوا,صندوق س.سهام آواي معيار-س,1620,7782940,76504507544,9750,9421,9998,248,2.54,9830,80,0.82,9421,9998,1399-7-14
114,فرابورس,فرابورس ايران,1613,2381453,139003879225,61090,59000,58036,-3054,-5.0,58369,-2721,-4.45,58036,59990,1399-7-14
115,غشهد,شهد ايران ‌,1609,6773232,46873910650,7110,6760,7210,100,1.41,6920,-190,-2.67,6760,7380,1399-7-14
116,سفارس,سيمان فارس و خوزستان,1600,10432204,163993791380,15410,14650,16180,770,5.0,15720,310,2.01,14640,16180,1399-7-14
117,وبهمن,سرمايه‌گذاري‌بهمن‌,1598,5025860,75308524380,15270,14580,15000,-270,-1.77,14980,-290,-1.9,14510,15890,1399-7-14
118,وساخت,سرمايه‌ گذاري‌ ساختمان‌ايران‌,1582,3098567,128406374830,40360,39520,42370,2010,4.98,41440,1080,2.68,39200,42370,1399-7-14
119,وسپه,سرمايه‌گذاري‌ سپه‌,1559,6546891,98471407930,15700,15150,15180,-520,-3.31,15040,-660,-4.2,14920,15530,1399-7-14
120,والبر,سرمايه‌ گذاري‌ البرز(هلدينگ‌,1545,5578785,93215589340,16420,15880,17240,820,4.99,16710,290,1.77,15600,17240,1399-7-14
121,شاراك,پتروشيمي شازند,1525,5960193,143314021640,25110,24200,24400,-710,-2.83,24050,-1060,-4.22,23860,25100,1399-7-14
122,اتكام,شركت بيمه اتكايي امين,1513,8850488,71930660341,7914,7916,8309,395,4.99,8127,213,2.69,7650,8309,1399-7-14
123,وسكاب,س.ص.بازنشستگي كاركنان بانكها,1505,14641694,98051630550,6700,6530,6780,80,1.19,6700,0,0.0,6460,6850,1399-7-14
124,امين يكم,صندوق درآمد ثابت امين يكم فردا,1488,52260409,540990538450,10340,10350,10350,10,0.1,10350,10,0.1,10340,10370,1399-7-14
125,ارفع,شركت آهن و فولاد ارفع,1481,6876007,118332817069,18083,17179,17179,-904,-5.0,17210,-873,-4.83,17179,17580,1399-7-14
126,سمگا,گروه سرمايه گذاري ميراث فرهنگي,1461,39647946,838197226386,20135,21141,21141,1006,5.0,21141,1006,5.0,21141,21141,1399-7-14
127,ونيكي,سرمايه‌گذاري‌ ملي‌ايران‌,1453,2958140,92603218980,32240,31000,31370,-870,-2.7,31300,-940,-2.92,30630,32240,1399-7-14
128,ساراب,سيمان‌ داراب‌,1449,8471704,107393962930,12570,11950,13190,620,4.93,12680,110,0.88,11950,13190,1399-7-14
129,پكرمان,گروه‌ صنعتي‌ بارز,1438,9266343,223570331160,23260,22100,24420,1160,4.99,24130,870,3.74,22100,24420,1399-7-14
130,وسينا,بانك سينا,1435,13526708,154076600040,11370,11000,11400,30,0.26,11390,20,0.18,11000,11850,1399-7-14
131,ورنا,سرمايه‌گذاري‌ رنا(هلدينگ‌,1432,11263973,110115558080,10280,9770,9770,-510,-4.96,9780,-500,-4.86,9770,10000,1399-7-14
132,ارفعح,ح.شركت آهن و فولاد ارفع,1415,7347321,106198007681,15203,14460,14600,-603,-3.97,14454,-749,-4.93,14443,14990,1399-7-14
133,شپديس,پتروشيمي پرديس,1407,3601558,384989944020,112400,106780,106800,-5600,-4.98,106900,-5500,-4.89,106780,109610,1399-7-14
134,فسپا,گروه‌صنعتي‌سپاهان‌,1405,2850547,124629072420,44980,43000,44200,-780,-1.73,43720,-1260,-2.8,42800,45000,1399-7-14
135,آريان,سرمايه گذاري پارس آريان,1398,21629501,299831269226,13812,13820,13900,88,0.64,13862,50,0.36,13500,14200,1399-7-14
136,خمحركه,نيرو محركه‌,1392,9278204,71906081000,8150,7750,7750,-400,-4.91,7750,-400,-4.91,7750,7750,1399-7-14
137,كلر,كلر پارس,1368,931878,55259365686,59331,58000,61200,1869,3.15,59299,-32,-0.05,56380,61700,1399-7-14
138,قثابت,قند ثابت‌ خراسان‌,1352,1212367,98095055200,77930,79880,81820,3890,4.99,80910,2980,3.82,75400,81820,1399-7-14
139,وخاور,بانك خاورميانه,1315,9395756,107983549580,11130,11680,11390,260,2.34,11490,360,3.23,11230,11680,1399-7-14
140,سرو,صندوق س سروسودمند مدبران-سهام,1302,1623331,107820462240,66590,64500,67200,610,0.92,66420,-170,-0.26,64020,67800,1399-7-14
141,شكلر,نيروكلر,1269,2564275,110777251000,41740,42000,43820,2080,4.98,43200,1460,3.5,41000,43820,1399-7-14
142,آسيا,بيمه آسيا,1261,2313920,62881268970,26990,25690,27900,910,3.37,27180,190,0.7,25690,27950,1399-7-14
143,تاصيكو,سرمايه گذاري صدرتامين,1254,13554270,160357601050,12420,11800,11800,-620,-4.99,11830,-590,-4.75,11800,12400,1399-7-14
144,همراه,شركت ارتباطات سيار ايران,1225,1522138,53469516630,35920,34500,35400,-520,-1.45,35520,-400,-1.11,34250,36980,1399-7-14
145,فسازان,غلتك سازان سپاهان,1223,2996652,112091514300,38330,38200,37290,-1040,-2.71,37410,-920,-2.4,36600,38400,1399-7-14
146,پتاير,ايران‌ تاير,1208,1325530,120422527400,93560,89110,93400,-160,-0.17,90850,-2710,-2.9,88890,95000,1399-7-14
147,سمازن,سيمان‌مازندران‌,1178,7015157,59297703460,8190,8200,8590,400,4.88,8450,260,3.17,8000,8590,1399-7-14
148,پارس,پتروشيمي پارس,1177,1046691,165964724030,166070,158000,158030,-8040,-4.84,158560,-7510,-4.52,157770,168000,1399-7-14
149,وبيمه,سرمايه‌ گذاري‌ صنعت‌ بيمه‌,1170,12493779,38711296520,3250,3090,3120,-130,-4.0,3120,-130,-4.0,3090,3220,1399-7-14
150,سباقر,سيمان باقران,1169,4663804,91245210405,19430,19220,20012,582,3.0,19565,135,0.69,18848,20012,1399-7-14
151,وتوكاح,ح . ‌توكافولاد(هلدينگ‌,1165,5832409,56255512588,10197,9210,9870,-327,-3.21,9645,-552,-5.41,9210,9990,1399-7-14
152,غگرجي,بيسكويت‌  گرجي‌,1161,1857681,59568195410,31650,30800,33230,1580,4.99,32070,420,1.33,30070,33230,1399-7-14
153,سجام,مجتمع سيمان غرب آسيا,1159,8148486,100794578574,12465,12092,12250,-215,-1.72,12370,-95,-0.76,12092,12830,1399-7-14
154,افق,فروشگاههاي زنجيره اي افق كوروش,1156,1783484,138548130040,77960,75710,77970,10,0.01,77680,-280,-0.36,75710,78370,1399-7-14
155,ولصنم,ليزينگ‌صنعت‌ومعدن‌,1152,6623852,56130408520,8730,8300,8640,-90,-1.03,8470,-260,-2.98,8300,8950,1399-7-14
156,ثالوند,سرمايه گذاري مسكن الوند,1145,7864346,100106154036,13203,12543,13180,-23,-0.17,12729,-474,-3.59,12543,13329,1399-7-14
157,شلعابح,ح . لعابيران‌,1142,6759839,33838675450,5510,5000,5170,-340,-6.17,5010,-500,-9.07,4960,5170,1399-7-14
158,دتوليد,داروسازي توليد دارو,1130,2845284,104271789622,35220,35315,36981,1761,5.0,36647,1427,4.05,33513,36981,1399-7-14
159,وصندوق,سرمايه‌گذاري‌صندوق‌بازنشستگي‌,1125,9505100,158579047620,17490,16660,16820,-670,-3.83,16680,-810,-4.63,16620,17470,1399-7-14
160,تكشا,گسترش‌صنايع‌وخدمات‌كشاورزي‌,1117,1499274,138583232130,91460,91460,94000,2540,2.78,92430,970,1.06,87600,94990,1399-7-14
161,تيپيكو,سرمايه گذاري دارويي تامين,1106,3509505,193894127040,54880,52950,56900,2020,3.68,55250,370,0.67,52300,57000,1399-7-14
162,شكربن,كربن‌ ايران‌,1087,1559450,111740032410,69310,67950,72770,3460,4.99,71650,2340,3.38,67950,72770,1399-7-14
163,غمارگ,مارگارين‌,1075,4426262,103324460480,24330,23140,24330,0,0.0,23340,-990,-4.07,23120,24330,1399-7-14
164,وبوعلي,سرمايه‌گذاري‌بوعلي‌,1069,7022070,62742874070,8980,9070,9190,210,2.34,8940,-40,-0.45,8650,9320,1399-7-14
165,فزرين,زرين معدن آسيا,1046,4015143,85417573587,22102,21100,21100,-1002,-4.53,21274,-828,-3.75,20997,22500,1399-7-14
166,وپترو,سرمايه‌گذاري صنايع پتروشيمي‌,1036,3407526,49950912910,15180,14430,14710,-470,-3.1,14680,-500,-3.29,14430,15180,1399-7-14
167,رنيك,جنرال مكانيك,1033,2801494,69734554027,23773,24600,24961,1188,5.0,24892,1119,4.71,24040,24961,1399-7-14
168,ثترانح,ح سرمايه گذاري مسكن تهران,988,7935257,28872652032,3607,3427,3787,180,4.99,3639,32,0.89,3427,3787,1399-7-14
169,جم,پتروشيمي جم,986,1628965,76153892350,48660,46250,46230,-2430,-4.99,47080,-1580,-3.25,46230,50000,1399-7-14
170,كبافق,معادن‌ بافق‌,978,1137756,30942175240,28350,27020,27500,-850,-3.0,27610,-740,-2.61,26940,27880,1399-7-14
171,سلار,شركت سيمان لارستان,976,3576486,101461297414,29260,27797,27797,-1463,-5.0,28369,-891,-3.05,27797,30152,1399-7-14
172,سرچشمه,سرمايه گذاري مس سرچشمه,970,4657406,46498182672,10196,9770,9970,-226,-2.22,10003,-193,-1.89,9760,10300,1399-7-14
173,كيميا,معدني كيمياي زنجان گستران,968,2350225,62221845554,25861,26300,27154,1293,5.0,26475,614,2.37,25200,27154,1399-7-14
174,دانا,بيمه دانا,965,5018017,33726602540,6880,6780,6800,-80,-1.16,6770,-110,-1.6,6540,6990,1399-7-14
175,چدن,توليدي چدن سازان,963,2811834,70513946010,26150,24850,25340,-810,-3.1,25080,-1070,-4.09,24850,26150,1399-7-14
176,تنوين,تامين سرمايه نوين,956,6624926,65187900310,10170,9980,9900,-270,-2.65,9840,-330,-3.24,9670,10450,1399-7-14
177,فجر,فولاد اميركبيركاشان,952,3653920,210629145680,60250,57300,58400,-1850,-3.07,57640,-2610,-4.33,57240,60250,1399-7-14
178,شپارسح,ح . بين‌ المللي‌محصولات پارس‌,951,3697316,42597936682,10785,10411,11860,1075,9.97,11521,736,6.82,10314,11860,1399-7-14
179,آپ,آسان پرداخت پرشين,949,4170122,77120018020,19020,18500,18870,-150,-0.79,18490,-530,-2.79,18070,19450,1399-7-14
180,بكاب,صنايع‌جوشكاب‌يزد,947,475848,62858203090,125990,131800,132280,6290,4.99,132100,6110,4.85,124000,132280,1399-7-14
181,بزاگرسح,ح . نيروگاه زاگرس كوثر,935,4937339,39847067585,8408,7997,7988,-420,-5.0,8071,-337,-4.01,7988,8390,1399-7-14
182,كرازي,كارخانجات‌توليدي‌شيشه‌رازي‌,915,3238509,50359657780,16310,15500,15520,-790,-4.84,15550,-760,-4.66,15500,16000,1399-7-14
183,كرماشا,صنايع پتروشيمي كرمانشاه,903,2990215,129473190570,45530,43260,43260,-2270,-4.99,43300,-2230,-4.9,43260,44900,1399-7-14
184,سيلام,سيمان‌ ايلام‌,902,8189180,91782398510,10760,10230,11290,530,4.93,11210,450,4.18,10230,11290,1399-7-14
185,رتاپ,تجارت الكترونيك  پارسيان,890,2581767,15479416660,6240,5930,6020,-220,-3.53,6160,-80,-1.28,5930,6140,1399-7-14
186,ساينا,صنايع بهداشتي ساينا,887,352393,81291679757,220074,230500,231077,11003,5.0,230685,10611,4.82,224000,231077,1399-7-14
187,وسبحان,سرمايه گذاري سبحان,877,4782521,45261505199,9645,9300,9600,-45,-0.47,9480,-165,-1.71,9300,9700,1399-7-14
188,شخارك,پتروشيمي‌ خارك‌,864,1464200,65455592430,46490,45700,44600,-1890,-4.07,45250,-1240,-2.67,44300,46500,1399-7-14
189,شفن,پتروشيمي فناوران,863,469836,138718132530,309970,294480,294480,-15490,-5.0,295250,-14720,-4.75,294480,302090,1399-7-14
190,كيان,صندوق س. با درآمد ثابت كيان,856,32559284,827401483820,25400,25420,25420,20,0.08,25410,10,0.04,25400,25440,1399-7-14
191,كهمدا,شيشه‌ همدان‌,853,1867162,43096105690,23970,22780,23190,-780,-3.25,23190,-780,-3.25,22780,23970,1399-7-14
192,فولاژ,فولاد آلياژي ايران,852,1971318,55309149930,29280,27820,28800,-480,-1.64,28280,-1000,-3.42,27820,29500,1399-7-14
193,شپارس,بين‌ المللي‌ محصولات‌  پارس‌,845,7629712,111963328880,14050,13510,14750,700,4.98,14670,620,4.41,13510,14750,1399-7-14
194,فسرب,ملي‌ سرب‌وروي‌ ايران‌,844,1132448,147605045930,124440,127000,130660,6220,5.0,130340,5900,4.74,126900,130660,1399-7-14
195,كروي,توسعه‌ معادن‌ روي‌ ايران‌,841,5634383,163446333570,30510,28990,28990,-1520,-4.98,29010,-1500,-4.92,28990,30040,1399-7-14
196,سشمال,سيمان‌ شمال‌,841,5047455,52303711840,10260,9750,10770,510,4.97,10360,100,0.97,9750,10770,1399-7-14
197,دتماد,توليدمواداوليه‌داروپخش‌,838,1421893,63925292730,43900,44060,46090,2190,4.99,44960,1060,2.41,42000,46090,1399-7-14
198,نوين,بيمه نوين,838,9769354,52393132449,5640,5358,5398,-242,-4.29,5363,-277,-4.91,5358,5500,1399-7-14
199,وهور,مديريت انرژي اميد  تابان هور,837,1993371,76215839220,38441,38900,38881,440,1.14,38235,-206,-0.54,37500,39930,1399-7-14
200,گشان,توسعه بين المللي پديده شانديز,834,225815,55053697000,248775,243800,243800,-4975,-2.0,243800,-4975,-2.0,243800,243800,1399-7-14
201,سدور,سيمان‌ دورود,828,8219961,64460030050,7710,7330,8090,380,4.93,7840,130,1.69,7330,8090,1399-7-14
202,داوه,داروسازي آوه سينا,826,1594208,27332844748,17639,16758,17811,172,0.98,17350,-289,-1.64,16758,17989,1399-7-14
203,ملت,بيمه ملت,819,4176099,49237782560,12130,11530,11990,-140,-1.15,11800,-330,-2.72,11530,12090,1399-7-14
204,شبهرن,نفت‌ بهران‌,818,681563,41818744730,62240,60000,61430,-810,-1.3,61660,-580,-0.93,60000,63400,1399-7-14
205,فروس,فروسيليس‌ ايران‌,814,1962944,41674969950,20560,19610,21580,1020,4.96,21070,510,2.48,19610,21580,1399-7-14
206,كگازح,ح . شيشه‌ و گاز,806,1762007,27731213790,16270,15300,16190,-80,-0.49,15740,-530,-3.26,14800,16500,1399-7-14
207,كنور,توسعه معدني و صنعتي صبانور,805,1097233,49238646110,45490,43500,44700,-790,-1.74,44920,-570,-1.25,43230,47400,1399-7-14
208,سفار,سيمان‌فارس‌,803,446149,47765628160,106540,101220,111810,5270,4.95,107040,500,0.47,101220,111860,1399-7-14
209,وبشهر,توسعه‌ صنايع‌ بهشهر(هلدينگ,798,3579448,59066856330,16240,15470,16950,710,4.37,16500,260,1.6,15470,16990,1399-7-14
210,ثشرقح,ح. سرمايه گذاري مسكن شمال شرق,796,8988788,34724851020,4090,4180,3940,-150,-3.67,3860,-230,-5.62,3680,4180,1399-7-14
211,دفارا,داروسازي‌ فارابي‌,796,686636,47344513100,71180,67750,71000,-180,-0.25,69000,-2180,-3.06,67630,72890,1399-7-14
212,كوثر,بيمه كوثر,793,6800985,99766119355,13998,14200,14697,699,4.99,14669,671,4.79,13738,14697,1399-7-14
213,كحافظ,كاشي‌ وسراميك‌ حافظ‌,787,3241834,62891579600,18480,19400,19400,920,4.98,19400,920,4.98,19400,19400,1399-7-14
214,تسه9905,امتياز تسهيلات مسكن مرداد99,780,12199,10121940871,821527,801000,850000,28473,3.47,829735,8208,1.0,801000,850000,1399-7-14
215,دعبيد,لابراتوارداروسازي‌  دكترعبيدي‌,777,1204700,41411093360,36010,34250,34600,-1410,-3.92,34920,-1090,-3.03,34210,35900,1399-7-14
216,وتوشه,سرمايه‌ گذاري‌ پارس‌ توشه‌,775,2590852,52428475540,20510,20330,21150,640,3.12,20240,-270,-1.32,19490,21200,1399-7-14
217,دبالك,مواد اوليه دارويي البرز بالك,765,3652638,58312493412,16333,15517,16800,467,2.86,15964,-369,-2.26,15517,17149,1399-7-14
218,دتوزيع,توزيع دارو پخش,764,854631,40332935645,48861,46418,47990,-871,-1.78,47440,-1421,-2.91,46418,49000,1399-7-14
219,پرديس,سرمايه گذاري پرديس,764,4585150,33857336780,7640,7260,7290,-350,-4.58,7470,-170,-2.23,7260,7580,1399-7-14
220,شرانل,نفت ايرانول,754,2596159,72613305534,27956,28000,27900,-56,-0.2,27970,14,0.05,27200,28655,1399-7-14
221,مارون,پتروشيمي مارون,752,426336,61332313711,150553,143514,143026,-7527,-5.0,146272,-4281,-2.84,143026,145500,1399-7-14
222,ريشمك,توليد و صادرات ريشمك,750,1303475,46190810316,36013,34220,36490,477,1.32,35480,-533,-1.48,34220,36897,1399-7-14
223,سخزر,سيمان‌ خزر,743,1740999,47335811270,26810,25470,28150,1340,5.0,27190,380,1.42,25470,28150,1399-7-14
224,شپاكسا,پاكسان‌,740,2987373,77895044120,25180,24950,26430,1250,4.96,26070,890,3.53,23960,26430,1399-7-14
225,پكوير,كوير تاير,736,2403569,29848096260,13000,12400,12570,-430,-3.31,12610,-390,-3.0,12350,12740,1399-7-14
226,ميدكو,هلدينگ صنايع  معدني خاورميانه,735,5738574,119911425952,20797,20799,21051,254,1.22,20891,94,0.45,20200,21300,1399-7-14
227,دتمادح,ح . توليدمواداوليه‌داروپخش‌,709,1240553,47956998110,39190,36120,40700,1510,3.85,38660,-530,-1.35,36120,41110,1399-7-14
228,لوتوس,تامين سرمايه لوتوس پارسيان,696,2662167,40565362330,15970,15190,15310,-660,-4.13,15430,-540,-3.38,15180,15930,1399-7-14
229,شلرد,كود شيميايي اوره لردگان,695,8415951,80481739413,9858,9563,9563,-295,-2.99,9563,-295,-2.99,9563,9563,1399-7-14
230,اطلس,صندوق س.توسعه اندوخته آينده-س,692,211919,42185380145,202252,200000,200601,-1651,-0.82,199064,-3188,-1.58,195750,203000,1399-7-14
231,صباح,ح . سرمايه گذاري صبا تامين,685,3705602,29077858894,8259,7847,7847,-412,-4.99,7847,-412,-4.99,7847,7847,1399-7-14
232,سغرب,سيمان‌غرب‌,681,2997800,63506275750,20790,19760,21820,1030,4.95,21180,390,1.88,19760,21820,1399-7-14
233,كفرا,فراورده‌ هاي‌ نسوزايران‌,680,1321950,53936250220,40160,38160,42160,2000,4.98,40800,640,1.59,38160,42160,1399-7-14
234,سپ,پرداخت الكترونيك سامان كيش,678,1265238,27475421530,21990,20940,22300,310,1.41,21850,-140,-0.64,20910,22980,1399-7-14
235,تسه9904,امتياز تسهيلات مسكن تير99,677,7088,5864469322,817231,816555,835500,18269,2.24,827380,10149,1.24,816110,845000,1399-7-14
236,بموتو,موتوژن‌,664,1022135,51452768180,48600,48000,51030,2430,5.0,50190,1590,3.27,46900,51030,1399-7-14
237,ضخود1042,اختيارخ خودرو-3000-1399/10/07,663,29018,17224985000,533,550,603,70,13.13,594,61,11.44,500,679,1399-7-14
238,تسه9902,امتياز تسهيلات مسكن ارديبهشت99,662,11167,9276909621,816850,815001,854999,38149,4.67,830743,13893,1.7,807522,854999,1399-7-14
239,كخاكح,ح . صنايع‌خاك‌چيني‌ايران‌,658,691886,28027269120,42190,41990,40190,-2000,-4.74,40510,-1680,-3.98,39000,42180,1399-7-14
240,زفكا,كشت و دامداري فكا,646,1047892,39276943650,39165,37312,38250,-915,-2.34,37674,-1491,-3.81,37207,38998,1399-7-14
241,تپولا,مهندسي مرآت پولاد,644,4705186,92657184900,19654,19065,20243,589,3.0,19693,39,0.2,19065,20243,1399-7-14
242,فايرا,آلومينيوم‌ايران‌,628,2151438,36439711230,17810,16960,16920,-890,-5.0,17140,-670,-3.76,16920,17300,1399-7-14
243,تايرا,تراكتورسازي‌ايران‌,616,4120077,84874706890,20720,20720,20600,-120,-0.58,20600,-120,-0.58,19690,20790,1399-7-14
244,وصنا,گروه‌صنايع‌بهشهرايران‌,614,2876543,27944186600,10110,9610,9990,-120,-1.19,9870,-240,-2.37,9610,10110,1399-7-14
245,شيراز,پتروشيمي‌شيراز,612,1948393,118991152120,64250,61050,61040,-3210,-5.0,61070,-3180,-4.95,61040,62790,1399-7-14
246,پارند,صندوق س. پارند پايدار سپهر,610,18853351,226024785580,11940,11980,11980,40,0.34,11990,50,0.42,11950,12010,1399-7-14
247,آكورد,صندوق س. آرمان آتي كوثر-د,609,24645544,708570320739,28737,28800,28742,5,0.02,28750,13,0.05,28740,28800,1399-7-14
248,بهپاك,صنعتي بهپاك,601,918453,28245754628,30571,29480,31800,1229,4.02,30673,102,0.33,29043,32000,1399-7-14
249,شوينده,مديريت صنعت شوينده ت.ص.بهشهر,597,2582206,102215802450,38100,36350,40000,1900,4.99,39580,1480,3.88,36220,40000,1399-7-14
250,شگل,گلتاش‌,592,1571974,40798165720,25370,24160,26630,1260,4.97,25840,470,1.85,24160,26630,1399-7-14
251,واميد,گروه مديريت سرمايه گذاري اميد,590,1306054,55056783880,43070,43280,43000,-70,-0.16,42650,-420,-0.98,40920,43280,1399-7-14
252,غمينو,شركت صنايع غذايي مينو شرق,585,2591446,34458465370,13995,13296,13296,-699,-4.99,13443,-552,-3.94,13296,13500,1399-7-14
253,كگهر,سنگ آهن گهرزمين,579,495157,22532127359,46668,47400,45020,-1648,-3.53,46446,-222,-0.48,44501,47400,1399-7-14
254,گوهران,سرمايه گذاري توسعه گوهران اميد,579,1922941,17694291502,9611,9131,9360,-251,-2.61,9460,-151,-1.57,9131,9587,1399-7-14
255,سيدكو,سرمايه گذاري توسعه صنايع سيمان,573,6918822,48283377680,6780,6560,7110,330,4.87,6960,180,2.65,6490,7110,1399-7-14
256,دجابر,داروسازي‌ جابرابن‌حيان‌,572,667433,26918333740,40050,38200,41910,1860,4.64,40200,150,0.37,38090,42050,1399-7-14
257,وارس,سرمايه گذاري ارس صبا,571,757235,79120990901,101570,104617,104617,3047,3.0,104487,2917,2.87,101000,104617,1399-7-14
258,ثباغ,شهر سازي و خانه سازي باغميشه,569,2852055,67767606784,22641,23600,23773,1132,5.0,23761,1120,4.95,23600,23773,1399-7-14
259,ساروم,سيمان‌اروميه‌,569,1639141,42261243080,25370,24110,26630,1260,4.97,25710,340,1.34,24110,26630,1399-7-14
260,خزر,فنرسازي‌زر,566,4734128,36572973730,8100,7700,7840,-260,-3.21,7790,-310,-3.83,7700,8000,1399-7-14
261,سخوز,سيمان خوزستان,565,2308714,50173605840,21120,20800,22170,1050,4.97,21700,580,2.75,20150,22170,1399-7-14
262,سرود,سيمان‌شاهرود,564,3182542,48657656130,14810,14070,15550,740,5.0,15270,460,3.11,14070,15550,1399-7-14
263,پسهند,صنايع‌ لاستيكي‌  سهند,562,1407327,71817862660,49030,49460,51480,2450,5.0,51030,2000,4.08,47360,51480,1399-7-14
264,كاما,باما,562,1857770,286523867100,146890,154230,154230,7340,5.0,154230,7340,5.0,154230,154230,1399-7-14
265,دامين,داروسازي‌ امين‌,560,2273850,29168280800,13160,12510,13210,50,0.38,12960,-200,-1.52,12510,13400,1399-7-14
266,شجم,صنايع پتروشيمي تخت جمشيد,559,4831780,37949957386,8072,7830,8050,-22,-0.27,7854,-218,-2.7,7830,8100,1399-7-14
267,واتي,سرمايه‌ گذاري‌ آتيه‌ دماوند,555,4031391,49637393070,12500,12000,12460,-40,-0.32,12320,-180,-1.44,11930,12660,1399-7-14
268,سكه9912پ04,سكه تمام بهارتحويل1روزه صادرات,553,218700,307806079400,1344089,1410000,1400000,55911,4.16,1407435,63346,4.71,1395001,1411293,1399-7-14
269,كاريس,صندوق س.سپهر كاريزما-س,551,546938,112052156276,208893,205002,206890,-2003,-0.96,204872,-4021,-1.92,200000,213500,1399-7-14
270,فرآور,فرآوري‌موادمعدني‌ايران‌,549,1667870,33702062640,21090,20050,20200,-890,-4.22,20460,-630,-2.99,20040,20950,1399-7-14
271,وآوا,سرمايه گذاري آوا نوين,547,1926001,22343043396,12198,11589,11589,-609,-4.99,11891,-307,-2.52,11589,11800,1399-7-14
272,كاردان,صندوق س تجارت شاخصي كاردان,545,209102,39502048480,191190,188880,191000,-190,-0.1,188910,-2280,-1.19,183000,194860,1399-7-14
273,بكام,كارخانجات توليدي شهيد قندي,544,8118630,43028739000,5570,5300,5300,-270,-4.85,5300,-270,-4.85,5300,5300,1399-7-14
274,وتوسم,سرمايه‌گذاري‌توسعه‌ملي‌,544,2368376,28696587350,12290,12000,12180,-110,-0.9,12190,-100,-0.81,11700,12390,1399-7-14
275,سكارون,سيمان كارون,542,435227,45092260362,102105,99042,105168,3063,3.0,103606,1501,1.47,99042,105168,1399-7-14
276,خديزل,بهمن  ديزل,536,775828,37352633208,46732,46732,48500,1768,3.78,47672,940,2.01,44422,49067,1399-7-14
277,سخاش,سيمان‌خاش‌,534,363556,27153212520,73870,70180,77560,3690,5.0,74320,450,0.61,70180,77560,1399-7-14
278,سكرما,سيمان‌ كرمان‌,532,2425116,35246664390,14310,13600,15020,710,4.96,14480,170,1.19,13600,15020,1399-7-14
279,شفا,سرمايه گذاري شفادارو,529,1113800,72423858220,62960,63900,66100,3140,4.99,65020,2060,3.27,61200,66100,1399-7-14
280,دالبر,البرزدارو,529,1188322,23123663580,19640,18660,20080,440,2.24,19550,-90,-0.46,18660,20080,1399-7-14
281,بپيوند,برق و انرژي پيوندگستر پارس,528,321426,7799080464,25541,24264,24264,-1277,-5.0,25309,-232,-0.91,24264,24264,1399-7-14
282,فباهنر,مس‌ شهيدباهنر,523,694833,34129728450,51600,49040,49020,-2580,-5.0,49860,-1740,-3.37,49020,50400,1399-7-14
283,گوهر,صندوق سكه طلاي كيان,521,728031,51661561935,67161,70000,71140,3979,5.92,70961,3800,5.66,70000,72700,1399-7-14
284,آتيمس,صندوق س.آرمان آتيه درخشان مس-س,517,117036,25967091940,224618,219100,223000,-1618,-0.72,221873,-2745,-1.22,218400,228850,1399-7-14
285,جم پيلن,پلي پروپيلن جم - جم پيلن,511,1218962,116627348900,100670,95640,95640,-5030,-5.0,95680,-4990,-4.96,95640,98950,1399-7-14
286,سكه0012پ01,سكه تمام بهارتحويلي 1روزه رفاه,507,234100,329922132800,1347468,1411293,1406121,58653,4.35,1409321,61853,4.59,1400000,1411293,1399-7-14
287,سدبير,س. تدبيرگران فارس وخوزستان,507,1960777,54967694508,26919,26920,28264,1345,5.0,28034,1115,4.14,26010,28264,1399-7-14
288,دسانكو,داروسازي سبحان انكولوژي,507,1512345,22950428884,15563,14785,15489,-74,-0.48,15369,-194,-1.25,14785,15917,1399-7-14
289,كمنگنز,معادن‌منگنزايران‌,504,605984,56997286870,89970,89960,94460,4490,4.99,94060,4090,4.55,89900,94460,1399-7-14
290,شبصير,توليدات پتروشيمي قائد بصير,494,441611,56403637072,133936,127270,127240,-6696,-5.0,127722,-6214,-4.64,127240,132490,1399-7-14
291,كسرا,سراميك‌هاي‌صنعتي‌اردكان‌,488,1897920,34713042680,19250,18290,18290,-960,-4.99,18500,-750,-3.9,18290,18300,1399-7-14
292,مداران,داده‌پردازي‌ايران‌,485,1728840,45456576670,27580,26660,26210,-1370,-4.97,26290,-1290,-4.68,26210,27580,1399-7-14
293,پارسيانح,ح.بيمه پارسيان,484,1391098,18280630990,11990,13190,13190,1200,10.01,13140,1150,9.59,12000,13190,1399-7-14
294,غفارس,شير پاستوريزه پگاه فارس,483,2087171,19882554907,9933,9601,9600,-333,-3.35,9764,-169,-1.7,9437,9990,1399-7-14
295,مبين,مبين انرژي خليج فارس,476,1317124,34595599840,27140,25810,26170,-970,-3.57,26830,-310,-1.14,25800,27140,1399-7-14
296,هصيكو402,اختيارف ت تاصيكو13500-00/02/20,468,3538598,888188098,1,251,251,250,25000.0,251,250,25000.0,251,251,1399-7-14
297,فاراك,ماشين‌ سازي‌ اراك‌,467,2791939,22754302850,8570,8150,8150,-420,-4.9,8350,-220,-2.57,8150,8150,1399-7-14
298,پخش,پخش البرز,466,2029432,59678553701,30582,29500,30000,-582,-1.9,29407,-1175,-3.84,29053,30500,1399-7-14
299,وآيند,بانك  آينده,466,9922698,269718777036,26137,27182,27182,1045,4.0,27182,1045,4.0,27182,27182,1399-7-14
300,غبشهر,صنعتي‌ بهشهر,464,2306726,51149449590,23170,22040,22390,-780,-3.37,22170,-1000,-4.32,22020,22900,1399-7-14
301,بفجر,فجر انرژي خليج فارس,460,2156489,64197103960,30020,29350,30300,280,0.93,29810,-210,-0.7,28520,30500,1399-7-14
302,زشگزا,شير و گوشت زاگرس شهركرد,456,353585,34493384182,97807,93111,99700,1893,1.94,97635,-172,-0.18,93111,100000,1399-7-14
303,سهرمز,سيمان‌هرمزگان‌,453,2156058,35020888650,16050,15250,16850,800,4.98,16190,140,0.87,15250,16850,1399-7-14
304,دشيمي,شيمي‌ داروئي‌ داروپخش‌,451,1523510,90116964480,58240,55330,59500,1260,2.16,59150,910,1.56,55330,60500,1399-7-14
305,سمگاح,ح. سرمايه گذاري ميراث فرهنگي,451,15890060,281778433980,16889,17733,17733,844,5.0,17733,844,5.0,17733,17733,1399-7-14
306,غشصفا,شيرپاستوريزه‌پگاه‌اصفهان‌,448,2292405,64255973360,28110,26710,29510,1400,4.98,28030,-80,-0.28,26710,29510,1399-7-14
307,سقاين,سيمان‌ قائن‌,447,905188,38545066930,40970,38930,43010,2040,4.98,42180,1210,2.95,38930,43010,1399-7-14
308,تسه9903,امتياز تسهيلات مسكن خرداد99,444,3745,3107763128,816868,815900,850000,33132,4.06,829843,12975,1.59,800222,857711,1399-7-14
309,خراسان,پتروشيمي خراسان,442,332728,28748247290,90750,86220,86420,-4330,-4.77,88730,-2020,-2.23,86220,89500,1399-7-14
310,اتكاي,بيمه اتكايي ايرانيان,432,1340270,21303005666,15842,15744,15986,144,0.91,15864,22,0.14,15502,16150,1399-7-14
311,تسه9810,امتياز تسهيلات مسكن دي98,429,8240,6812624369,820936,809122,830000,9064,1.1,826775,5839,0.71,809122,850000,1399-7-14
312,شاوان,پالايش نفت لاوان,427,224106,22749319631,106759,101450,101422,-5337,-5.0,104304,-2455,-2.3,101422,103000,1399-7-14
313,سبهان,سيمان‌ بهبهان‌,427,714931,41843034650,56450,53650,59270,2820,5.0,58150,1700,3.01,53630,59270,1399-7-14
314,مفاخر,توسعه فناوري اطلاعات خوارزمي,425,595782,28577242794,45814,45870,48104,2290,5.0,46923,1109,2.42,45870,48104,1399-7-14
315,ضجار1014,اختيارخ وتجارت-3000-1399/10/21,422,15211,7990924000,456,540,550,94,20.61,525,69,15.13,400,745,1399-7-14
316,درهآور,دارويي ره آورد تامين,418,578724,15593120232,27771,26383,28092,321,1.16,27498,-273,-0.98,26383,28290,1399-7-14
317,ما,بيمه  ما,417,5646833,31002943070,5770,5490,5490,-280,-4.85,5570,-200,-3.47,5490,5550,1399-7-14
318,ومعلم,بيمه معلم,416,5145263,29135396512,5935,5639,5730,-205,-3.45,5773,-162,-2.73,5639,5930,1399-7-14
319,غبهنوش,بهنوش‌ ايران‌,415,430758,24722448370,56270,53460,59080,2810,4.99,56840,570,1.01,53460,59080,1399-7-14
320,دسبحان,سبحان دارو,406,924358,15492746400,16950,17130,17300,350,2.06,16890,-60,-0.35,16110,17430,1399-7-14
321,ضجار1015,اختيارخ وتجارت-3500-1399/10/21,402,14030,4575305000,286,385,340,54,18.88,326,40,13.99,290,430,1399-7-14
322,فاما,صنعتي‌ آما,400,1632712,34565130900,20410,20900,21430,1020,5.0,20890,480,2.35,19410,21430,1399-7-14
323,بساما,بيمه سامان,399,2193861,45350877479,21750,20663,20663,-1087,-5.0,20672,-1078,-4.96,20663,20990,1399-7-14
324,بخاور,بيمه زندگي خاورميانه,399,3602458,24068360617,6961,6614,6655,-306,-4.4,6821,-140,-2.01,6613,7060,1399-7-14
325,فيروزه,صندوق شاخص30 شركت فيروزه- سهام,395,158253,30444425820,195980,190000,194000,-1980,-1.01,192380,-3600,-1.84,190000,195970,1399-7-14
326,ثپرديسح,ح.سرمايه گذاري مسكن پرديس,394,929788,7046024256,7610,7700,7693,83,1.09,7578,-32,-0.42,7253,7830,1399-7-14
327,كاذر,فرآورده‌هاي‌نسوزآذر,391,1699180,55991667300,31770,32900,33350,1580,4.97,32950,1180,3.71,32200,33350,1399-7-14
328,افق ملت,صندوق س در سهام افق ملت,390,120410,17060707020,143600,141100,144000,400,0.28,141690,-1910,-1.33,140300,144510,1399-7-14
329,قچار,فراوردههاي غذايي وقند چهارمحال,375,158030,30540005943,196116,188000,194980,-1136,-0.58,194418,-1698,-0.87,188000,200000,1399-7-14
330,تسه9901,امتياز تسهيلات مسكن فروردين99,375,8988,7456334637,822725,822726,832000,9275,1.13,829588,6863,0.83,810000,858000,1399-7-14
331,انرژي3,سايراشخاص بورس انرژي,357,29021,10000636600,362730,344600,344600,-18130,-5.0,360540,-2190,-0.6,344600,344600,1399-7-14
332,كپرور,فرآوري زغال سنگ پروده طبس,356,1098209,42789730455,40981,38950,38932,-2049,-5.0,39063,-1918,-4.68,38932,40981,1399-7-14
333,خرينگ,رينگ‌سازي‌مشهد,353,1110744,27124873400,25700,24420,24420,-1280,-4.98,24900,-800,-3.11,24420,24450,1399-7-14
334,فخاس,فولاد خراسان,350,540337,20129708850,39070,37120,37250,-1820,-4.66,38680,-390,-1.0,37120,39000,1399-7-14
335,دكيمي,كيميدارو,345,893576,20930037320,24220,23010,23500,-720,-2.97,23850,-370,-1.53,23010,24300,1399-7-14
336,سفانو,سيمان فارس نو,339,896477,28442146960,30740,29210,32270,1530,4.98,31320,580,1.89,29210,32270,1399-7-14
337,شنفت,نفت‌ پارس‌,335,225928,11820282950,54710,51980,53400,-1310,-2.39,54170,-540,-0.99,51980,54710,1399-7-14
338,واحيا,م .صنايع و معادن احياء سپاهان,333,513737,106095303437,212902,206515,206515,-6387,-3.0,206517,-6385,-3.0,206515,209998,1399-7-14
339,حخزر,كشتيراني درياي خزر,330,593954,13205442765,22687,22000,22310,-377,-1.66,22566,-121,-0.53,21553,23450,1399-7-14
340,كشرق,صنعتي و معدني شمال شرق شاهرود,326,912418,62382018660,71968,68370,68370,-3598,-5.0,68370,-3598,-5.0,68370,68370,1399-7-14
341,زپارس,ملي كشت و صنعت و دامپروري پارس,324,344138,22555551710,68440,65040,69750,1310,1.91,67010,-1430,-2.09,65020,70000,1399-7-14
342,حسينا,توسعه خدمات دريايي وبندري سينا,321,423969,23802882383,58231,55320,56600,-1631,-2.8,57253,-978,-1.68,55320,59950,1399-7-14
343,شفارس,صنايع‌ شيميايي‌ فارس‌,320,1375380,50338908000,34860,36600,36600,1740,4.99,36530,1670,4.79,36600,36600,1399-7-14
344,حتايد,تايدواترخاورميانه,319,2533430,41928506050,17420,16550,16550,-870,-4.99,16570,-850,-4.88,16550,16950,1399-7-14
345,سبجنو,سيمان‌ بجنورد,318,1336158,43108543840,31880,30290,33470,1590,4.99,32210,330,1.04,30290,33470,1399-7-14
346,ضجار7022,اختيارخ وتجارت-2800-1399/07/22,318,9158,2721530000,251,201,325,74,29.48,297,46,18.33,201,349,1399-7-14
347,وتوس,توسعه‌شهري‌توس‌گستر,313,1903612,59659200080,29850,31340,31340,1490,4.99,31340,1490,4.99,31340,31340,1399-7-14
348,ضجار7036,اختيارخ وتجارت-6500-1399/07/22,312,15676,23756000,2,2,1,-1,-50.0,2,0,0.0,1,3,1399-7-14
349,دسبحا,گروه دارويي سبحان,309,630889,10664377200,17100,16800,17640,540,3.16,17060,-40,-0.23,16250,17640,1399-7-14
350,شكف,كف,302,1252911,68152093845,53329,54395,54395,1066,2.0,54395,1066,2.0,54395,54395,1399-7-14
351,ضملي1152,اختيارخ فملي-18252-1399/11/05,299,12911,23246852000,5000,4500,2300,-2700,-54.0,1801,-3199,-63.98,1700,4500,1399-7-14
352,زعف9908پ10,زعفران9908نگين طلاي سرخ(پ),298,190551,16538616802,83021,87000,86000,2979,3.59,86794,3773,4.54,84000,87172,1399-7-14
353,شپاس,نفت پاسارگاد,297,459324,9224922056,20922,21150,20350,-572,-2.73,20762,-160,-0.76,19890,21150,1399-7-14
354,هجرت,پخش هجرت,295,306879,16895589328,57951,55054,55054,-2897,-5.0,56874,-1077,-1.86,55054,55800,1399-7-14
355,وآذر,سرمايه‌گذاري‌توسعه‌آذربايجان‌,295,278092,36057408720,123490,129660,129660,6170,5.0,127710,4220,3.42,129660,129660,1399-7-14
356,شراز,پالايش نفت شيراز,292,191046,19000901232,104656,99720,99424,-5232,-5.0,102612,-2044,-1.95,99424,100800,1399-7-14
357,ثشاهد,سرمايه‌ گذاري‌ شاهد,291,1181928,51579337920,45930,43640,43640,-2290,-4.99,44240,-1690,-3.68,43640,43640,1399-7-14
358,كاسپينح,ح .داروسازي كاسپين تامين,289,317678,6676417264,20336,20800,21000,664,3.27,21016,680,3.34,19485,21350,1399-7-14
359,غپونه,نوش پونه مشهد,287,1333814,22128926086,17366,16498,16498,-868,-5.0,16591,-775,-4.46,16498,17970,1399-7-14
360,ددام,داروسازي زاگرس فارمد پارس,285,1008528,12668820440,13130,12480,12760,-370,-2.82,12980,-150,-1.14,12480,13090,1399-7-14
361,وپست,پست بانك ايران,284,4828785,49977924750,9860,10350,10350,490,4.97,10330,470,4.77,10350,10350,1399-7-14
362,آبادا,توليد نيروي برق آبادان,280,176045,3964533400,23700,22520,22520,-1180,-4.98,23600,-100,-0.42,22520,22520,1399-7-14
363,واحصا,احياء صنايع خراسان,280,568814,10295732229,17654,18180,18183,529,3.0,17876,222,1.26,17140,18183,1399-7-14
364,سهگمت,سيمان‌هگمتان‌,279,987051,18517703840,18020,18400,18920,900,4.99,18280,260,1.44,17140,18920,1399-7-14
365,تماوند,تامين سرمايه دماوند,271,1617072,22239591216,13353,13753,13753,400,3.0,13753,400,3.0,13753,13753,1399-7-14
366,ثجوان,تامين مسكن جوانان,268,1530566,10906793766,7408,7042,7320,-88,-1.19,7239,-169,-2.28,7038,7380,1399-7-14
367,دسينا,داروسازي‌ سينا,266,439113,11590425520,27210,25850,27800,590,2.17,27010,-200,-0.74,25850,28000,1399-7-14
368,كي بي سي,شركت كي بي سي,266,338219,11729692297,35009,35700,34899,-110,-0.31,34930,-79,-0.23,33350,35769,1399-7-14
369,دابور,داروسازي‌ ابوريحان‌,260,424127,17352952340,40750,38810,42170,1420,3.48,40810,60,0.15,38810,42600,1399-7-14
370,كيان2,صندوق س. با درآمد ثابت كيان,260,26000000,26000000,25400,1,1,-25399,-100.0,1,-25399,-100.0,1,1,1399-7-14
371,هاباد912,اختيارف ت آبادا-30100-99/12/12,255,470000,1658630000,3322,3529,3529,207,6.23,3529,207,6.23,3529,3529,1399-7-14
372,سيستم,همكاران سيستم,252,906849,25075534250,27130,27570,28480,1350,4.98,27380,250,0.92,26010,28480,1399-7-14
373,آبين,كشت و صنعت آبشيرين,251,1509603,6303354993,4299,4171,4171,-128,-2.98,4259,-40,-0.93,4171,4299,1399-7-14
374,رانفور,خدمات‌انفورماتيك‌,249,735433,21283431020,27570,28940,28940,1370,4.97,27870,300,1.09,28940,28940,1399-7-14
375,تسه9812,امتياز تسهيلات مسكن اسفند98,248,2472,2050377151,813636,820010,830541,16905,2.08,829441,15805,1.94,802000,850000,1399-7-14
376,تسه9707,امتياز تسهيلات مسكن مهر97,248,2682,2149909023,798079,771333,822000,23921,3.0,801607,3528,0.44,770001,833000,1399-7-14
377,توريل,توکاريل,246,2072565,42877224720,19703,20688,20688,985,5.0,20461,758,3.85,20688,20688,1399-7-14
378,اعتلاح,ح سرمايه گذاري اعتلاء البرز,243,926740,6590577978,7240,7500,7100,-140,-1.93,7112,-128,-1.77,6878,7500,1399-7-14
379,دسبحاح,ح .گروه دارويي سبحان,234,360224,5114613950,14460,13200,14980,520,3.6,14200,-260,-1.8,13200,15000,1399-7-14
380,وسناح,ح. سرمايه گذاري نيروگاهي ايران,233,687732,9078642302,1817,13500,13095,11278,620.69,13201,11384,626.53,13095,13500,1399-7-14
381,شاملاح,ح . معدني‌ املاح‌  ايران‌,231,130857,6566473670,54520,51100,52450,-2070,-3.8,50180,-4340,-7.96,49130,53000,1399-7-14
382,تسه9708,امتياز تسهيلات مسكن آبان97,230,2839,2330152871,814720,780010,824050,9330,1.15,820765,6045,0.74,780010,849854,1399-7-14
383,تسه9803,امتياز تسهيلات مسكن خرداد98,228,1938,1593639324,811193,780003,831200,20007,2.47,822311,11118,1.37,780003,851752,1399-7-14
384,كترام,توليدي‌ كاشي‌ تكسرام‌,221,725260,13917739400,18280,19190,19190,910,4.98,18520,240,1.31,19190,19190,1399-7-14
385,امين يكم2,صندوق درآمد ثابت امين يكم فردا,220,22000000,22000000,10340,1,1,-10339,-99.99,1,-10339,-99.99,1,1,1399-7-14
386,دلر,داروسازي‌ اكسير,209,156965,15552249740,98090,96000,101990,3900,3.98,98390,300,0.31,93580,102000,1399-7-14
387,تسه9811,امتياز تسهيلات مسكن بهمن98,207,1778,1471574412,813896,810000,830000,16104,1.98,827657,13761,1.69,810000,850000,1399-7-14
388,دارو,كارخانجات‌داروپخش‌,207,276255,14034294090,51790,49450,52990,1200,2.32,51510,-280,-0.54,49210,53000,1399-7-14
389,ياقوت,صندوق س ياقوت آگاه-ثابت,203,6572730,72859465830,11090,11070,11080,-10,-0.09,11090,0,0.0,11060,11090,1399-7-14
390,تسه9801,امتياز تسهيلات مسكن فروردين98,203,1639,1349831565,808990,805100,825000,16010,1.98,823570,14580,1.8,805000,849439,1399-7-14
391,غويتا,ويتانا,203,218465,14254841250,68684,65250,65250,-3434,-5.0,67620,-1064,-1.55,65250,65250,1399-7-14
392,وملل تبعي9912,اختيارف.تبعي ملل 991220,202,5214422,1042884400,18000,200,200,-17800,-98.89,200,-17800,-98.89,200,200,1399-7-14
393,وسخراش,شركت س استان خراسان شمالي,202,6150978,8734388760,1360,1420,1420,60,4.41,1370,10,0.74,1420,1420,1399-7-14
394,حآسا,آسيا سير ارس,201,766532,8597614104,11805,11215,11215,-590,-5.0,11693,-112,-0.95,11215,11405,1399-7-14
395,تسه9809,امتياز تسهيلات مسكن آذر98,201,2378,1963729132,818018,830000,858918,40900,5.0,825790,7772,0.95,780322,858918,1399-7-14
396,آكورد2,صندوق س. آرمان آتي كوثر-د,200,20000000,20000000,28737,1,1,-28736,-100.0,1,-28736,-100.0,1,1,1399-7-14
397,ضملي1153,اختيارخ فملي-20280-1399/11/05,199,4448,6196620000,1958,2150,1400,-558,-28.5,1393,-565,-28.86,1200,2150,1399-7-14
398,تسه9709,امتياز تسهيلات مسكن آذر97,192,2030,1672624888,816261,800111,828000,11739,1.44,823953,7692,0.94,800111,840000,1399-7-14
399,بنو,بيمه تجارت نو,191,1415896,40994436888,27575,28953,28953,1378,5.0,28561,986,3.58,28953,28953,1399-7-14
400,ثفارس,عمران‌وتوسعه‌فارس‌,190,744419,6722103570,9500,9030,9030,-470,-4.95,9430,-70,-0.74,9030,9030,1399-7-14
401,تسه9802,امتياز تسهيلات مسكن ارديبهشت98,183,1341,1107108803,808308,830000,840000,31692,3.92,825584,17276,2.14,795001,848723,1399-7-14
402,تسه9710,امتياز تسهيلات مسكن دي 97,182,1896,1560818600,816698,810020,830000,13302,1.63,823217,6519,0.8,806600,839980,1399-7-14
403,زملارد,كشاورزي و دامپروري ملارد شير,182,85609,3579654726,44014,41814,41814,-2200,-5.0,43841,-173,-0.39,41814,41814,1399-7-14
404,هخود911,اختيارف ت خودرو-3680-99/11/20,181,1350000,772200000,701,572,572,-129,-18.4,572,-129,-18.4,572,572,1399-7-14
405,كاسپين,داروسازي كاسپين تامين,180,183604,4427446625,24757,23600,24560,-197,-0.8,24699,-58,-0.23,23560,24800,1399-7-14
406,وپخش,داروپخش‌ (هلدينگ‌,179,90965,10817289900,118040,112160,121140,3100,2.63,118220,180,0.15,112160,121140,1399-7-14
407,اپرداز,آتيه داده پرداز,179,1619812,51495443292,30278,31791,31791,1513,5.0,31649,1371,4.53,31791,31791,1399-7-14
408,تاپكيش,تجارت الكترونيك پارسيان كيش,179,650182,6756034786,10935,10389,10389,-546,-4.99,10855,-80,-0.73,10389,10600,1399-7-14
409,آساس,صندوق س.آسمان آرماني سهام-س,179,76175,12423669620,164755,163000,164699,-56,-0.03,163094,-1661,-1.01,160002,164999,1399-7-14
410,تسه9711,امتياز تسهيلات مسكن بهمن 97,178,1648,1354588470,810942,813100,825000,14058,1.73,821959,11017,1.36,813100,840000,1399-7-14
411,اخزا808,اسنادخزانه-م8بودجه98-000817,177,161897,134575313932,830006,831000,830711,705,0.08,831240,1234,0.15,830000,834797,1399-7-14
412,دارا,صندوق س. دارا الگوريتم-د,176,3891590,39101515564,10036,10050,10040,4,0.04,10048,12,0.12,10035,10055,1399-7-14
413,ثقزوي,شركت عمران و سازندگي قزوين,176,449541,12448239831,26373,27691,27691,1318,5.0,27137,764,2.9,27691,27691,1399-7-14
414,غشهداب,كشت و صنعت شهداب ناب خراسان,175,781557,3890590746,5240,4978,4978,-262,-5.0,5218,-22,-0.42,4978,4978,1399-7-14
415,تسه9712,امتياز تسهيلات مسكن اسفند97,175,1688,1382273290,812476,783333,828000,15524,1.91,818882,6406,0.79,783333,833500,1399-7-14
416,فپنتا,سپنتا,175,35362,12562350500,338340,355250,355250,16910,5.0,342290,3950,1.17,355250,355250,1399-7-14
417,وتوكا,سرمايه‌گذاري‌توكافولاد(هلدينگ,171,1193195,15022325050,13250,12590,12590,-660,-4.98,13040,-210,-1.58,12590,12590,1399-7-14
418,ضجار7024,اختيارخ وتجارت-3200-1399/07/22,168,6342,398832000,65,50,70,5,7.69,63,-2,-3.08,40,90,1399-7-14
419,شپترو,پتروشيمي آبادان,167,1413286,8102368638,5910,5733,5733,-177,-2.99,5831,-79,-1.34,5733,5733,1399-7-14
420,بذر,صندوق س بذر اميد آفرين-سهام,165,46811,5301522780,117760,114000,115390,-2370,-2.01,113250,-4510,-3.83,110420,117000,1399-7-14
421,بگيلان,توسعه مسير برق گيلان,159,71598,2263069584,33271,31608,31608,-1663,-5.0,33202,-69,-0.21,31608,31608,1399-7-14
422,سنوين,سرمايه گذاري اقتصاد نوين,158,834391,9614401250,11324,11500,11550,226,2.0,11507,183,1.62,11201,11550,1399-7-14
423,اخزا815,اسنادخزانه-م15بودجه98-010406,156,215458,158490661061,735891,735000,735800,-91,-0.01,735599,-292,-0.04,733600,737000,1399-7-14
424,سفارود,كارخانه فارسيت درود,155,782195,5899314690,7252,7542,7542,290,4.0,7412,160,2.21,7542,7542,1399-7-14
425,تسه9808,امتياز تسهيلات مسكن آبان98,153,2252,1861766880,811528,850000,839999,28471,3.51,826717,15189,1.87,790000,852104,1399-7-14
426,داسوه,داروسازي‌ اسوه‌,150,794035,22932202860,30340,28830,28880,-1460,-4.81,29580,-760,-2.5,28830,30360,1399-7-14
427,هملت911,اختيارف ت ملت-6770-99/11/25,149,480000,392160000,703,817,817,114,16.22,817,114,16.22,817,817,1399-7-14
428,دپارس,پارس‌ دارو,149,68597,6175860200,93850,89160,91010,-2840,-3.03,93350,-500,-0.53,89160,92640,1399-7-14
429,ضجار7023,اختيارخ وتجارت-3000-1399/07/22,147,6027,802829000,104,60,159,55,52.88,133,29,27.88,60,179,1399-7-14
430,ميهن,بيمه ميهن,143,1459140,6649733291,4796,4557,4557,-239,-4.98,4760,-36,-0.75,4557,4600,1399-7-14
431,ساروج,بين المللي ساروج بوشهر,142,250681,5497593378,21572,20925,22219,647,3.0,21670,98,0.45,20925,22219,1399-7-14
432,سكه0011پ02,سكه تمام بهارتحويلي 1روزه ملت,140,50600,71371093300,1344928,1411293,1402000,57072,4.24,1410496,65568,4.88,1394001,1411293,1399-7-14
433,كپارس,كاشي‌ پارس‌,139,267791,22296278660,79300,83260,83260,3960,4.99,80930,1630,2.06,83260,83260,1399-7-14
434,سمتاز,سيمان ممتازان كرمان,138,292270,6157278901,20869,20244,21495,626,3.0,20930,61,0.29,20243,21495,1399-7-14
435,كمرجان,بازرگاني و توليدي مرجان كار,137,234990,11230407090,45516,47791,47791,2275,5.0,45989,473,1.04,47791,47791,1399-7-14
436,صايند,صندوق س. گنجينه آينده روشن-د,135,2134670,21225865470,9912,9920,9958,46,0.46,9943,31,0.31,9920,9959,1399-7-14
437,تسه9806,امتياز تسهيلات مسكن شهريور98,134,2979,2452267329,810617,808000,851147,40530,5.0,823185,12568,1.55,808000,851147,1399-7-14
438,قهكمت,قندهكمتان‌,133,321849,13636938930,44590,42370,42370,-2220,-4.98,43950,-640,-1.44,42370,43980,1399-7-14
439,شصفها,پتروشيمي‌ اصفهان‌,129,75922,6711732566,86670,88403,88403,1733,2.0,87766,1096,1.26,88403,88403,1399-7-14
440,قصفها,قنداصفهان‌,129,32739,5250026040,168800,160360,160360,-8440,-5.0,167800,-1000,-0.59,160360,160360,1399-7-14
441,سپاس,صندوق س. پاداش سهامداري توسعه1,128,4715357,47927121470,10150,10150,10160,10,0.1,10160,10,0.1,10150,10180,1399-7-14
442,سكه0112پ03,سكه تمام بهارتحويلي1روزه سامان,127,55700,78569702600,1345800,1411200,1400000,54200,4.03,1410587,64787,4.81,1400000,1411293,1399-7-14
443,تصميم,صندوق س با درآمد ثابت تصميم,125,4191147,61337256640,14640,14640,14620,-20,-0.14,14630,-10,-0.07,14620,14670,1399-7-14
444,دمعيار,صندوق س. توازن معيار-د,124,4674705,46869668632,10020,10016,10010,-10,-0.1,10026,6,0.06,10010,10050,1399-7-14
445,اخزا817,اسنادخزانه-م17بودجه98-010512,124,182089,131128656212,721531,721000,720000,-1531,-0.21,720135,-1396,-0.19,718100,721531,1399-7-14
446,شلعاب,لعابيران‌,124,204596,1728836200,8890,8450,8450,-440,-4.95,8870,-20,-0.22,8450,8450,1399-7-14
447,پيزد,مجتمع صنايع لاستيك يزد,121,24766,2556519882,108659,103227,103227,-5432,-5.0,108365,-294,-0.27,103227,103227,1399-7-14
448,هشير911,اختيارف ت شيراز-73480-99/11/27,120,96000,406944000,834,4239,4239,3405,408.27,4239,3405,408.27,4239,4239,1399-7-14
449,ثتران,سرمايه گذاري مسكن تهران,116,2116666,13817595648,6871,6528,6528,-343,-4.99,6771,-100,-1.46,6528,6528,1399-7-14
450,وجامي,سرمايه گذاري جامي,116,336486,4124981874,11902,12259,12259,357,3.0,11972,70,0.59,12259,12259,1399-7-14
451,اخزا811,اسنادخزانه-م11بودجه98-001013,114,277695,225362738117,810508,809191,811316,808,0.1,811548,1040,0.13,808534,819000,1399-7-14
452,شزنگ,تجهيزنيروي‌زنگان‌,113,96940,8820376720,88338,90988,90988,2650,3.0,89462,1124,1.27,90988,90988,1399-7-14
453,زمگسا,كشاورزي‌ ودامپروي‌ مگسال‌,113,225389,5764604160,26890,25550,26440,-450,-1.67,26730,-160,-0.6,25550,26490,1399-7-14
454,تسه9807,امتياز تسهيلات مسكن مهر98,112,963,792478924,800682,813682,840716,40034,5.0,822927,22245,2.78,801522,840716,1399-7-14
455,ثنوسا,نوسازي‌وساختمان‌تهران‌,109,1045405,12220784450,12300,11690,11690,-610,-4.96,12140,-160,-1.3,11690,11690,1399-7-14
456,وآرين,شركت توسعه اقتصادي آرين,109,558611,2587486152,4775,4632,4632,-143,-2.99,4754,-21,-0.44,4632,4632,1399-7-14
457,خصدرا,صنعتي‌ دريايي‌ ايران‌,105,426785,2879091610,6954,6746,6746,-208,-2.99,6946,-8,-0.12,6746,6746,1399-7-14
458,پارسيان,بيمه پارسيان,105,1547423,19884385550,12240,12850,12850,610,4.98,12460,220,1.8,12850,12850,1399-7-14
459,نمرينو,ايران‌ مرينوس‌,104,249489,14886567850,62780,59650,60900,-1880,-2.99,61750,-1030,-1.64,59650,62150,1399-7-14
460,لابسا,آبسال‌,104,305984,8894954880,30590,29070,29070,-1520,-4.97,30290,-300,-0.98,29070,29070,1399-7-14
461,قنيشا,قند  نيشابور,104,555701,58187451710,110220,104710,104710,-5510,-5.0,104710,-5510,-5.0,104710,104710,1399-7-14
462,ضخود1040,اختيارخ خودرو-2000-1399/10/07,103,1142,1466906000,1258,1150,1348,90,7.15,1285,27,2.15,1150,1380,1399-7-14
463,وپويا,سرمايه گذاري پويا,102,116718,1327083660,11968,11370,11370,-598,-5.0,11951,-17,-0.14,11370,11370,1399-7-14
464,هغدير912,اختيارف ت غدير-17380-99/12/16,101,3000000,3000000,1,1,1,0,0.0,1,0,0.0,1,1,1399-7-14
465,اخزا814,اسنادخزانه-م14بودجه98-010318,100,300798,224253293728,745460,745000,745501,41,0.01,745528,68,0.01,742500,746000,1399-7-14
466,وملي,گروه‌ صنعتي‌ ملي‌ (هلدينگ‌,98,30089,14750831360,516040,490240,490240,-25800,-5.0,508190,-7850,-1.52,490240,490240,1399-7-14
467,اخزا809,اسنادخزانه-م9بودجه98-000923,97,204817,167762582861,819423,818000,818200,-1223,-0.15,819085,-338,-0.04,817504,822000,1399-7-14
468,شسينا,صنايع‌شيميايي‌سينا,96,10668,5770641240,569390,540930,540930,-28460,-5.0,565840,-3550,-0.62,540930,540930,1399-7-14
469,پدرخش,درخشان‌ تهران‌,95,18740,3877118600,229870,206890,206890,-22980,-10.0,227890,-1980,-0.86,206890,206890,1399-7-14
470,سدشت,صنايع سيمان دشتستان,94,31295,1250548200,38060,39960,39960,1900,4.99,38100,40,0.11,39960,39960,1399-7-14
471,ضصاد8024,اختيارخ وبصادر-5500-1399/08/11,91,2713,144102000,70,28,63,-7,-10.0,53,-17,-24.29,31,63,1399-7-14
472,وآتوس,س.آرين توسكا قيمت اسمي 350ريال,89,563991,21790920267,36798,38637,38637,1839,5.0,38604,1806,4.91,38637,38637,1399-7-14
473,خمهر,مهركام‌پارس‌,83,254018,1889893920,7830,7440,7440,-390,-4.98,7810,-20,-0.26,7440,7440,1399-7-14
474,فيروزا,صندوق بادرآمد ثابت فيروزه آسيا,83,896302,18864268680,21020,21070,21050,30,0.14,21050,30,0.14,21010,21090,1399-7-14
475,هبركت912,اختيارف ت بركت-22100-99/12/17,82,106956,504618408,5345,4718,4718,-627,-11.73,4718,-627,-11.73,4718,4718,1399-7-14
476,فنفت,صنايع تجهيزات نفت,82,140281,2006317138,14724,15030,14283,-441,-3.0,14681,-43,-0.29,14283,15030,1399-7-14
477,وبرق,س.کارکنان صنعت برق زنجان وقزوي,81,78543,15820209603,212022,201421,201421,-10601,-5.0,203170,-8852,-4.18,201421,201421,1399-7-14
478,صنوين,صندوق سرمايه‌گذاري صنوين-مختلط,81,52068,5777692790,112580,111110,111290,-1290,-1.15,110960,-1620,-1.44,110500,111300,1399-7-14
479,اخزا818,اسنادخزانه-م18بودجه98-010614,80,149101,105668146435,709542,711000,709000,-542,-0.08,708702,-840,-0.12,706104,711001,1399-7-14
480,تسه9804,امتياز تسهيلات مسكن تير98,80,900,745802823,808496,800200,844999,36503,4.51,828670,20174,2.5,800200,848920,1399-7-14
481,حتوكا,حمل‌ونقل‌توكا,79,437982,6530311620,15690,14910,14910,-780,-4.97,15580,-110,-0.7,14910,14910,1399-7-14
482,ذوب تبعي9912,اختيارف.تبعي ذوب991224,78,186676,298681600,2000,1600,1600,-400,-20.0,1600,-400,-20.0,1600,1600,1399-7-14
483,اخزا903,اسنادخزانه-م3بودجه99-011110,77,94965,62368991001,659625,644735,657102,-2523,-0.38,656758,-2867,-0.43,644735,659000,1399-7-14
484,غنوش,نوش‌ مازندران‌,76,43239,3457390440,84160,79960,79960,-4200,-4.99,83850,-310,-0.37,79960,79960,1399-7-14
485,تسه9805,امتياز تسهيلات مسكن مرداد98,76,754,620805874,815348,801000,855400,40052,4.91,823350,8002,0.98,801000,856000,1399-7-14
486,لسرما,سرما آفرين‌,74,542290,12906502000,25050,23800,23800,-1250,-4.99,24710,-340,-1.36,23800,23800,1399-7-14
487,ختور,رادياتور ايران‌,73,61752,2148969600,36630,34800,34800,-1830,-5.0,36540,-90,-0.25,34800,34800,1399-7-14
488,كگلح,ح . معدني و صنعتي گل گهر,73,3011549,61737226000,17220,20500,20500,3280,19.05,20500,3280,19.05,20500,22550,1399-7-14
489,حاريا,كشتيراني آريا,73,625897,20675881498,32072,33034,33034,962,3.0,32966,894,2.79,33034,33034,1399-7-14
490,پست9908-02,پسته فندقي32-30طلاسبززرند9908,73,7090,11791193293,1705997,1620698,1690000,-15997,-0.94,1663074,-42923,-2.52,1620698,1790000,1399-7-14
491,ضجار7016,اختيارخ وتجارت-1800-1399/07/22,71,1988,2449538000,1001,601,1350,349,34.87,1232,231,23.08,601,1477,1399-7-14
492,هكاوه911,اختيارف ت كاوه-25477-99/11/18,71,180000,206280000,74,1146,1146,1072,1448.65,1146,1072,1448.65,1146,1146,1399-7-14
493,آساميد,صندوق س.مشترك آسمان اميد -د,71,2409622,25966136913,10781,10778,10775,-6,-0.06,10776,-5,-0.05,10770,10784,1399-7-14
494,وزمين,بانك ايران زمين,69,3040986,48230037960,16183,15860,15860,-323,-2.0,15860,-323,-2.0,15860,15860,1399-7-14
495,حفارس,حمل و نقل بين المللي خليج فارس,68,270483,1401101940,5450,5180,5180,-270,-4.95,5440,-10,-0.18,5180,5180,1399-7-14
496,كماسه,تامين‌ ماسه‌ ريخته‌گري‌,67,53415,3041984250,59940,56950,56950,-2990,-4.99,59740,-200,-0.33,56950,56950,1399-7-14
497,گنجين,صندوق س. گنجينه يكم آويد-د,67,2946876,33539027206,11371,11397,11372,1,0.01,11381,10,0.09,11372,11415,1399-7-14
498,ولبهمن,شركت بهمن ليزينگ,66,808970,7706248220,10027,9526,9526,-501,-5.0,9944,-83,-0.83,9526,9526,1399-7-14
499,قپيرا,فرآورده‌هاي‌غدايي‌وقندپيرانشهر,65,17601,1401373200,79040,82500,76400,-2640,-3.34,79060,20,0.03,75300,82500,1399-7-14
500,كتوكا,توليدي و خدمات صنايع نسوز توكا,63,319631,43257900647,142460,135337,135337,-7123,-5.0,135608,-6852,-4.81,135337,135337,1399-7-14
501,ضخود1041,اختيارخ خودرو-2500-1399/10/07,63,1361,1206220000,849,924,915,66,7.77,886,37,4.36,800,924,1399-7-14
502,هپارس912,اختيارف ت وپارس-5920-99/12/10,61,124869,212402169,1879,1701,1701,-178,-9.47,1701,-178,-9.47,1701,1701,1399-7-14
503,هافق406,اختيارف ت افق-90000-00/06/30,60,1453041,1453041,1,1,1,0,0.0,1,0,0.0,1,1,1399-7-14
504,خريخت,صنايع‌ريخته‌گري‌ايران‌,59,709046,4006109900,5940,5650,5650,-290,-4.88,5910,-30,-0.51,5650,5650,1399-7-14
505,وتعاون,بيمه  تعاون,58,325672,1891273960,5984,5805,5805,-179,-2.99,5967,-17,-0.28,5805,5950,1399-7-14
506,وسقم,شركت س استان قم,58,2318648,3292480160,1360,1420,1420,60,4.41,1360,0,0.0,1420,1420,1399-7-14
507,گكوثر,هتل پارسيان كوثر اصفهان,57,12504,2169931656,182672,173539,173539,-9133,-5.0,182251,-421,-0.23,173539,173539,1399-7-14
508,مرقام,ايران‌ارقام‌,56,87801,2303898240,27620,26240,26240,-1380,-5.0,27550,-70,-0.25,26240,26240,1399-7-14
509,الماس,صندوق س.امين تدبيرگران فردا-س,55,21318,2564481362,122431,120000,121000,-1431,-1.17,120297,-2134,-1.74,119015,122120,1399-7-14
510,وسخراج,شركت س استان خراسان جنوبي,55,393076,856905680,2290,2180,2180,-110,-4.8,2290,0,0.0,2180,2180,1399-7-14
511,هبهرن912,اختيارف ت شبهرن-74590-99/12/02,54,24836,176484616,8721,7106,7106,-1615,-18.52,7106,-1615,-18.52,7106,7106,1399-7-14
512,اخزا806,اسنادخزانه-م6بودجه98-000519,52,107725,93225022647,865565,865999,865632,67,0.01,865398,-167,-0.02,865010,867000,1399-7-14
513,سخواف,سيمان مجد خواف,52,277489,4570243830,16979,16470,16470,-509,-3.0,16859,-120,-0.71,16470,16470,1399-7-14
514,شكبير,پتروشيمي اميركبير,52,138588,8115465124,60367,58556,58556,-1811,-3.0,60193,-174,-0.29,58556,60150,1399-7-14
515,سفاسي,شركت فارسيت اهواز,52,191347,2122420924,11675,11092,11092,-583,-4.99,11610,-65,-0.56,11092,11092,1399-7-14
516,ضخود1046,اختيارخ خودرو-5000-1399/10/07,51,1338,182818000,113,84,130,17,15.04,137,24,21.24,84,190,1399-7-14
517,فجام,جام‌دارو,51,29778,1724146200,60940,57900,57900,-3040,-4.99,60830,-110,-0.18,57900,57900,1399-7-14
518,زعف9908پ14,زعفران9908پوشالمعمول نوين(پ),51,9622,718369021,71515,73190,75090,3575,5.0,74659,3144,4.4,73000,75090,1399-7-14
519,غچين,كشت‌ و صنعت‌ چين‌ چين,51,220507,9830202060,46920,44580,44580,-2340,-4.99,46420,-500,-1.07,44580,44580,1399-7-14
520,ارمغان,ص سرمايه گذاري ارمغان ايرانيان,50,2217425,22509796870,10150,10170,10170,20,0.2,10150,0,0.0,10120,10170,1399-7-14
521,دابورح,ح . داروسازي‌ ابوريحان‌,49,402850,14608459000,35960,39560,37500,1540,4.28,36260,300,0.83,35500,39560,1399-7-14
522,كخاك,صنايع‌خاك‌چيني‌ايران‌,48,26193,1415469720,56880,54040,54040,-2840,-4.99,56790,-90,-0.16,54040,54040,1399-7-14
523,آ س پ,آ.س.پ,47,465494,6563930894,14843,14101,14101,-742,-5.0,14739,-104,-0.7,14101,14101,1399-7-14
524,بنيرو,نيروترانس‌,46,28390,1815540500,67310,63950,63950,-3360,-4.99,67180,-130,-0.19,63950,63950,1399-7-14
525,ضخود1045,اختيارخ خودرو-4500-1399/10/07,46,2663,443220000,141,150,170,29,20.57,166,25,17.73,120,249,1399-7-14
526,غدام,خوراك‌  دام‌ پارس‌,44,67098,8915311260,139860,132870,132870,-6990,-5.0,138540,-1320,-0.94,132870,132870,1399-7-14
527,شپلي,پلي اكريل ايران,44,251920,1896201840,7759,7527,7527,-232,-2.99,7735,-24,-0.31,7527,7527,1399-7-14
528,اخزا703,اسنادخزانه-م3بودجه97-990721,43,66406,66128741935,995537,995537,995984,447,0.04,995825,288,0.03,995537,997100,1399-7-14
529,لپارس,پارس‌ الكتريك‌,43,3787,1362789820,378790,359860,359860,-18930,-5.0,378240,-550,-0.15,359860,359860,1399-7-14
530,اخزا812,اسنادخزانه-م12بودجه98-001111,42,168628,135530804973,801988,817000,801000,-988,-0.12,803727,1739,0.22,798913,817000,1399-7-14
531,وسكرشا,س.سهام عدالت استان كرمانشاه,42,1063191,1445939760,1300,1360,1360,60,4.62,1300,0,0.0,1360,1360,1399-7-14
532,سخند,صندوق س.سپهرخبرگان نفت-د,41,395240,3993310800,10101,10149,10103,2,0.02,10104,3,0.03,10050,10149,1399-7-14
533,شتولي,تولي‌پرس‌,41,170137,3417882193,19696,20089,20089,393,2.0,19822,126,0.64,20089,20089,1399-7-14
534,ضخود1043,اختيارخ خودرو-3500-1399/10/07,41,669,278837000,373,591,494,121,32.44,417,44,11.8,380,591,1399-7-14
535,قشكر,شكرشاهرود,41,524892,23173981800,46470,44150,44150,-2320,-4.99,45330,-1140,-2.45,44150,44150,1399-7-14
536,شدوص,دوده‌ صنعتي‌ پارس‌,41,233887,4619268250,20780,19750,19750,-1030,-4.96,20680,-100,-0.48,19750,19750,1399-7-14
537,خاذين,سايپاآذين‌,40,107969,830281610,8090,7690,7690,-400,-4.94,8080,-10,-0.12,7690,7690,1399-7-14
538,ولملت,واسپاري ملت,40,244632,2597991840,11170,10620,10620,-550,-4.92,11140,-30,-0.27,10620,10620,1399-7-14
539,فلات,گروه صنايع معادن فلات ايرانيان,40,604765,7572867330,13181,12522,12522,-659,-5.0,12917,-264,-2.0,12522,12522,1399-7-14
540,لكما,كارخانجات‌مخابراتي‌ايران‌,40,304823,3396947512,11730,11144,11144,-586,-5.0,11624,-106,-0.9,11144,11144,1399-7-14
541,اخزا816,اسنادخزانه-م16بودجه98-010503,39,100925,73032417023,725094,726054,723500,-1594,-0.22,723631,-1463,-0.2,720009,726054,1399-7-14
542,خاور,ايران خودرو ديزل,39,232962,1614193698,7143,6929,6929,-214,-3.0,7125,-18,-0.25,6929,6929,1399-7-14
543,قشرين,قند شيرين خراسان,39,373586,7025658316,19387,18806,18806,-581,-3.0,19170,-217,-1.12,18806,18806,1399-7-14
544,وشهر,بانك شهر,38,124607,1169187481,9574,9383,9383,-191,-1.99,9570,-4,-0.04,9383,9383,1399-7-14
545,آرمان,بيمه آرمان,37,1358485,8030004835,5739,5911,5911,172,3.0,5805,66,1.15,5911,5911,1399-7-14
546,كلوند,كاشي‌ الوند,37,148358,3823185660,27120,25770,25770,-1350,-4.98,27010,-110,-0.41,25770,25770,1399-7-14
547,ضجار7031,اختيارخ وتجارت-4600-1399/07/22,37,1548,1572000,1,5,1,0,0.0,1,0,0.0,1,5,1399-7-14
548,افران,صندوق س افرا نماد پايدار-ثابت,37,360401,4250930960,11780,11810,11780,0,0.0,11800,20,0.17,11780,11830,1399-7-14
549,همعاد911,اختيارف ت معادن-19080-99/11/19,36,180000,181260000,338,1007,1007,669,197.93,1007,669,197.93,1007,1007,1399-7-14
550,وثنو,سرمايه گذاري ساختماني نوين,35,1009784,18139759776,18519,17964,17964,-555,-3.0,17999,-520,-2.81,17964,17964,1399-7-14
551,ضچاد1017,اختيارخ كچاد-20000-1399/10/02,35,371,1385431000,4420,5000,3499,-921,-20.84,3734,-686,-15.52,3499,5000,1399-7-14
552,وكادو,تكادو,35,512251,9439249177,18996,18427,18427,-569,-3.0,18706,-290,-1.53,18427,18427,1399-7-14
553,آسام,صندوق س.آرمان سپهر آشنا-م,34,20230,2068505580,102986,101400,103900,914,0.89,102249,-737,-0.72,100000,103900,1399-7-14
554,زشريف,كشت وصنعت شريف آباد,34,30512,804479392,27753,26366,26366,-1387,-5.0,27729,-24,-0.09,26366,26366,1399-7-14
555,وتوصا,گروه س توسعه صنعتي ايران,34,24843,325194870,13770,13090,13090,-680,-4.94,13760,-10,-0.07,13090,13090,1399-7-14
556,وسنا,سرمايه گذاري نيروگاهي ايران,33,1427071,29644545883,21415,20773,20773,-642,-3.0,20773,-642,-3.0,20773,20773,1399-7-14
557,تكمبا,كمباين‌ سازي‌ ايران‌,33,125040,1256652000,10570,10050,10050,-520,-4.92,10560,-10,-0.09,10050,10050,1399-7-14
558,ولتجار,واسپاري تجارت وسرمايه ايرانيان,33,740747,4957819671,6900,6693,6693,-207,-3.0,6847,-53,-0.77,6693,6693,1399-7-14
559,وگستر,گسترش سرمايه گذاري ايرانيان,33,54273,1046112075,20289,19275,19275,-1014,-5.0,20266,-23,-0.11,19275,19275,1399-7-14
560,زبينا,كشاورزي و دامپروري بينالود,33,14274,681512130,50257,47745,47745,-2512,-5.0,50221,-36,-0.07,47745,47745,1399-7-14
561,زعف9908پ06,زعفران 9908پوشالمعمول زرين(پ),33,10638,790738735,71515,73190,74500,2985,4.17,74332,2817,3.94,73170,75090,1399-7-14
562,بمپنا,توليد برق عسلويه  مپنا,32,5738,504404628,92532,87906,87906,-4626,-5.0,92479,-53,-0.06,87906,87906,1399-7-14
563,زگلدشت,كشت و دام گلدشت نمونه اصفهان,32,28922,1049405848,38193,36284,36284,-1909,-5.0,38151,-42,-0.11,36284,36284,1399-7-14
564,غنيلي,مجتمع توليدي نيلي صنعت كرمان,32,747000,13587930000,17325,18190,18190,865,4.99,18190,865,4.99,18190,18190,1399-7-14
565,اخزا807,اسنادخزانه-م7بودجه98-000719,31,178678,151155308169,844222,842155,843902,-320,-0.04,845965,1743,0.21,841774,853000,1399-7-14
566,تكنار,مجتمع معادن مس تكنار,31,15561,1360560474,84888,87434,87434,2546,3.0,85054,166,0.2,87434,87434,1399-7-14
567,نطرين,عطرين نخ قم,31,64931,1109670790,17989,17090,17090,-899,-5.0,17968,-21,-0.12,17090,17090,1399-7-14
568,ثروتم,صندوق س. ثروت آفرين پارسيان-س,31,8600,827040910,96804,95800,96497,-307,-0.32,96168,-636,-0.66,95800,96997,1399-7-14
569,اخزا813,اسنادخزانه-م13بودجه98-010219,30,36431,27494191126,754503,754503,754603,100,0.01,754692,189,0.03,754503,755000,1399-7-14
570,كفرآور,فرآورده هاي سيمان شرق,30,271455,5634591435,21398,20757,20757,-641,-3.0,21209,-189,-0.88,20757,20757,1399-7-14
571,ضجار7019,اختيارخ وتجارت-2200-1399/07/22,30,316,273656000,770,750,959,189,24.55,866,96,12.47,750,959,1399-7-14
572,ولشرق,ليزينگ ايران و شرق,29,180273,1520963301,8881,8437,8437,-444,-5.0,8867,-14,-0.16,8437,8437,1399-7-14
573,زعف9908پ17,زعفران9908پوشالمعمول بيرجند(پ),29,11849,889338873,71515,74700,75090,3575,5.0,75056,3541,4.95,74700,75090,1399-7-14
574,خكاوه,سايپا ديزل,29,199645,1250576280,6457,6264,6264,-193,-2.99,6444,-13,-0.2,6264,6264,1399-7-14
575,هترول911,اختيارف ت پترول-14730-99/11/15,28,500000,500000,1,1,1,0,0.0,1,0,0.0,1,1,1399-7-14
576,ثعمرا,عمران و توسعه شاهد,28,512470,12710793410,26108,24803,24803,-1305,-5.0,25750,-358,-1.37,24803,24803,1399-7-14
577,زعف9908پ13,زعفران9908پوشالمعمول روستا(پ),27,4159,310519072,71515,73000,75090,3575,5.0,74662,3147,4.4,70000,75090,1399-7-14
578,ضخود1044,اختيارخ خودرو-4000-1399/10/07,27,969,278604000,255,257,310,55,21.57,288,33,12.94,255,364,1399-7-14
579,ضخوز7024,اختيارخ فخوز-33470-1399/07/20,27,54,238504000,9500,6900,5100,-4400,-46.32,4417,-5083,-53.51,4000,6900,1399-7-14
580,ضجار7026,اختيارخ وتجارت-3600-1399/07/22,27,942,22521000,33,28,21,-12,-36.36,24,-9,-27.27,13,29,1399-7-14
581,فوكا,فولاد كاويان,26,53340,1109738700,21448,20805,20805,-643,-3.0,21434,-14,-0.07,20805,20805,1399-7-14
582,اعتلا,شركت سرمايه گذاري اعتلاء البرز,26,201360,2308592400,12068,11465,11465,-603,-5.0,12039,-29,-0.24,11465,11465,1399-7-14
583,قاسم,قاسم ايران,26,169796,2577842872,15981,15182,15182,-799,-5.0,15938,-43,-0.27,15182,15182,1399-7-14
584,بزاگرس,نيروگاه زاگرس كوثر,26,21036,317096664,15867,15074,15074,-793,-5.0,15862,-5,-0.03,15074,15074,1399-7-14
585,بميلا,توسعه بازرگاني آهن وفولادميلاد,26,7057,258046262,37696,36566,36566,-1130,-3.0,37681,-15,-0.04,36566,36566,1399-7-14
586,وليز,ليزينگ‌ايران‌,26,114445,1105538700,10160,9660,9660,-500,-4.92,10150,-10,-0.1,9660,9660,1399-7-14
587,ثشرق,سرمايه گذاري مسكن شمال شرق,26,86485,587233150,7140,6790,6790,-350,-4.9,7140,0,0.0,6790,6790,1399-7-14
588,فسا,پتروشيمي فسا,25,134752,392263072,3064,2911,2911,-153,-4.99,3061,-3,-0.1,2911,2911,1399-7-14
589,زعف9908پ08,زعفران9908نگين روستا(پ),25,4292,374142224,83069,87172,87172,4103,4.94,87172,4103,4.94,87172,87172,1399-7-14
590,پكويرح,ح. كوير تاير,25,31714,372266260,11630,12790,11630,0,0.0,11740,110,0.95,11630,12790,1399-7-14
591,كقزوي,شيشه‌ قزوين‌,25,205259,2078042116,10656,10124,10124,-532,-4.99,10598,-58,-0.54,10124,10124,1399-7-14
592,هفارس912,اختيارف ت فارس-14576-99/12/13,25,1000000,1000000,1,1,1,0,0.0,1,0,0.0,1,1,1399-7-14
593,ثنظام,س. ساختماني نظام مهندسي ايران,25,52745,2382175180,46560,45164,45164,-1396,-3.0,46379,-181,-0.39,45164,45164,1399-7-14
594,اخزا721,اسنادخزانه-م21بودجه97-000728,25,178177,149760910875,838931,840000,839501,570,0.07,840518,1587,0.19,839001,846800,1399-7-14
595,قشير,قند شيروان قوچان و بجنورد,25,14255,366738385,27081,25727,25727,-1354,-5.0,27071,-10,-0.04,25727,25727,1399-7-14
596,زقيام,كشت و دام قيام اصفهان,24,14794,403417586,28704,27269,27269,-1435,-5.0,28692,-12,-0.04,27269,27269,1399-7-14
597,حرم03,منفعت حرم تا حرم 14030714,24,2000000,2000000000000,1000000,1000000,1000000,0,0.0,1000000,0,0.0,1000000,1000000,1399-7-14
598,دقاضي,داروسازي شهيد قاضي,24,7993,729287613,93705,95999,90895,-2810,-3.0,93613,-92,-0.1,90894,95999,1399-7-14
599,ضصاد8012,اختيارخ وبصادر-2800-1399/08/11,24,150,160294000,1237,1249,1200,-37,-2.99,1069,-168,-13.58,958,1300,1399-7-14
600,وايران,ليزينگ ايرانيان,24,71814,770564220,11290,10730,10730,-560,-4.96,11280,-10,-0.09,10730,10730,1399-7-14
601,ضپاس7020,اختيارخ وپارس-5000-1399/07/30,23,37,4716000,73,180,120,47,64.38,127,54,73.97,100,180,1399-7-14
602,داريك,صندوق س.اعتماد داريك-د,23,119196,1192631353,10014,10000,10002,-12,-0.12,10006,-8,-0.08,10000,10054,1399-7-14
603,ونيرو,سرمايه‌گذاري‌نيرو,22,43154,364219760,8880,8440,8440,-440,-4.95,8880,0,0.0,8440,8440,1399-7-14
604,تبرك,گروه كارخانجات صنعتي تبرك,22,25289,716664971,29830,28339,28339,-1491,-5.0,29807,-23,-0.08,28339,28339,1399-7-14
605,دكپسول,توليد ژلاتين كپسول ايران,22,30702,1165263708,39951,37954,37954,-1997,-5.0,39901,-50,-0.13,37954,37954,1399-7-14
606,هشفن911,اختيارف ت شفن-318060-99/11/26,22,22000,22000,1,1,1,0,0.0,1,0,0.0,1,1,1399-7-14
607,وايرا,سرمايه گذاري صنايع ايران,22,1411206,12806694450,9355,9075,9075,-280,-2.99,9170,-185,-1.98,9075,9075,1399-7-14
608,زعف9908پ05,زعفران9908نگين زرين(پ),22,4307,375382476,83069,87172,87172,4103,4.94,87156,4087,4.92,85000,87172,1399-7-14
609,ثزاگرس,سرمايه گذاري توسعه عمران زاگرس,22,62006,1707087186,26730,27531,27531,801,3.0,26793,63,0.24,27531,27531,1399-7-14
610,خفولا,خدمات فني فولاد يزد,21,160672,4418640672,28948,27501,27501,-1447,-5.0,28611,-337,-1.16,27501,27501,1399-7-14
611,غاذر,كشت‌وصنعت‌پياذر,21,20852,1735511960,87610,83230,83230,-4380,-5.0,87450,-160,-0.18,83230,83230,1399-7-14
612,اخزا820,اسنادخزانه-م20بودجه98-020806,21,31551,18365346076,581518,582960,582000,482,0.08,582084,566,0.1,580000,582990,1399-7-14
613,زعف9908پ15,زعفران9908پوشالمعمول طلاسرخ(پ),21,6088,452835128,71515,75089,75090,3575,5.0,74382,2867,4.01,70000,75090,1399-7-14
614,ضجار7017,اختيارخ وتجارت-1900-1399/07/22,21,555,656118000,1060,1130,1300,240,22.64,1182,122,11.51,1001,1300,1399-7-14
615,كگاز,شيشه‌ و گاز,21,16559,403542830,25650,24370,24370,-1280,-4.99,25640,-10,-0.04,24370,24370,1399-7-14
616,غشاذر,پگاه‌آذربايجان‌غربي‌,21,15021,330311790,23140,21990,21990,-1150,-4.97,23130,-10,-0.04,21990,21990,1399-7-14
617,پارتا,مجتمع‌صنعتي‌آرتاويل‌تاير,21,206325,12857555025,64244,62317,62317,-1927,-3.0,63417,-827,-1.29,62317,62317,1399-7-14
618,شاملا,معدني‌ املاح‌  ايران‌,20,7339,474980080,68120,64720,64720,-3400,-4.99,68090,-30,-0.04,64720,64720,1399-7-14
619,ضملي8082,اختيارخ فملي-39750-1399/08/06,20,257,119725000,100,900,499,399,399.0,466,366,366.0,231,940,1399-7-14
620,ضصاد8017,اختيارخ وبصادر-3800-1399/08/11,20,261,136620000,502,549,431,-71,-14.14,523,21,4.18,431,628,1399-7-14
621,دكوثر,داروسازي‌ كوثر,20,10275,257388750,26360,25050,25050,-1310,-4.97,26350,-10,-0.04,25050,25050,1399-7-14
622,ضجار7027,اختيارخ وتجارت-3800-1399/07/22,19,507,10501000,20,30,23,3,15.0,21,1,5.0,7,30,1399-7-14
623,اخزا805,اسنادخزانه-م5بودجه98-000422,19,53269,46801419188,878024,876883,878300,276,0.03,878586,562,0.06,876883,880000,1399-7-14
624,فولاي,صنايع فولاد آلياژي يزد,19,6459,323860719,52780,50141,50141,-2639,-5.0,52762,-18,-0.03,50141,50141,1399-7-14
625,اخزا821,اسنادخزانه-م21بودجه98-020906,19,12705,7273798560,569275,575900,573500,4225,0.74,572515,3240,0.57,572001,575900,1399-7-14
626,زماهان,مجتمع توليد گوشت مرغ ماهان,19,8495,214260890,26549,25222,25222,-1327,-5.0,26543,-6,-0.02,25222,25222,1399-7-14
627,ضصاد8015,اختيارخ وبصادر-3400-1399/08/11,19,194,150681000,832,721,800,-32,-3.85,777,-55,-6.61,721,900,1399-7-14
628,سايرا,ايرانيت‌,19,5588,204205281,36782,37517,36047,-735,-2.0,36777,-5,-0.01,36047,37517,1399-7-14
629,خفناور,مهندسي صنعتي روان فن آور,18,36320,861510400,24968,23720,23720,-1248,-5.0,24911,-57,-0.23,23720,23720,1399-7-14
630,ورازي,بيمه رازي,18,53294,797651298,15429,14967,14967,-462,-2.99,15410,-19,-0.12,14967,14967,1399-7-14
631,شفارا,پتروشيمي فارابي,18,94332,500619924,5471,5307,5307,-164,-3.0,5467,-4,-0.07,5307,5307,1399-7-14
632,كصدف,كاشي صدف سرام استقلال آباده,18,46643,781783323,16273,16761,16761,488,3.0,16292,19,0.12,16761,16761,1399-7-14
633,ضجار7025,اختيارخ وتجارت-3400-1399/07/22,17,419,45057000,49,40,49,0,0.0,108,59,120.41,40,300,1399-7-14
634,وآفري,بيمه كارآفرين,17,36314,635240802,18034,17493,17493,-541,-3.0,18016,-18,-0.1,17493,17493,1399-7-14
635,غمهرا,توليدي‌مهرام‌,17,3065,321303950,110340,104830,104830,-5510,-4.99,110300,-40,-0.04,104830,104830,1399-7-14
636,فنورد,نوردوقطعات‌ فولادي‌,17,120000,16346400000,129740,136220,136220,6480,4.99,131660,1920,1.48,136220,136220,1399-7-14
637,اخزا902,اسنادخزانه-م2بودجه99-011019,17,23025,15394080825,665317,669990,667000,1683,0.25,668581,3264,0.49,665031,669990,1399-7-14
638,زعف9908پ16,زعفران9908نگين بيرجند(پ),17,3804,330513288,83069,87172,86172,3103,3.74,86886,3817,4.59,86172,87172,1399-7-14
639,فلوله,لوله‌وماشين‌سازي‌ايران‌,16,34838,847608540,25610,24330,24330,-1280,-5.0,25590,-20,-0.08,24330,24330,1399-7-14
640,كيسون,شركت كيسون,16,41047,887189858,22282,21614,21614,-668,-3.0,22268,-14,-0.06,21614,21614,1399-7-14
641,ضجار7018,اختيارخ وتجارت-2000-1399/07/22,16,450,489305000,999,1000,1055,56,5.61,1087,88,8.81,1000,1150,1399-7-14
642,وپسا,س. پتروشيمي ساختمان  خليج فارس,16,821000,4205983000,5281,5123,5123,-158,-2.99,5246,-35,-0.66,5123,5123,1399-7-14
643,خوساز,محورسازان‌ايران‌خودرو,16,19044,182251080,10070,9570,9570,-500,-4.97,10070,0,0.0,9570,9570,1399-7-14
644,غالبر,لبنيات‌ كالبر,15,47764,656755000,14470,13750,13750,-720,-4.98,14460,-10,-0.07,13750,13750,1399-7-14
645,ثاصفا,شركت‌ ساختمان‌ اصفهان‌,15,18738,548273880,30164,29260,29260,-904,-3.0,30138,-26,-0.09,29260,29260,1399-7-14
646,ضسپا8016,اختيارخ خساپا-2000-1399/08/26,15,212,127019000,460,650,730,270,58.7,599,139,30.22,500,750,1399-7-14
647,هرانف912,اختيارف ت رانفور32120-99/12/03,15,62882,143182314,2592,2277,2277,-315,-12.15,2277,-315,-12.15,2277,2277,1399-7-14
648,پاسا,ايران‌ياساتايرورابر,15,6252,146296800,24630,23400,23400,-1230,-4.99,24630,0,0.0,23400,23400,1399-7-14
649,خشرق,الكتريك‌ خودرو شرق‌,15,13835,255394100,19430,18460,18460,-970,-4.99,19420,-10,-0.05,18460,18460,1399-7-14
650,ولانا,شركت ليزينگ آريا دانا,15,212477,4773933236,23162,22468,22468,-694,-3.0,22988,-174,-0.75,22468,22468,1399-7-14
651,بالبر,كابل‌ البرز,14,6873,177735780,27220,25860,25860,-1360,-5.0,27210,-10,-0.04,25860,25860,1399-7-14
652,پلاسك,پلاسكوكار,14,14719,134090090,9580,9110,9110,-470,-4.91,9580,0,0.0,9110,9110,1399-7-14
653,خكار,ايركا پارت صنعت,14,6816,240877440,37200,35340,35340,-1860,-5.0,37190,-10,-0.03,35340,35340,1399-7-14
654,بسويچ,پارس‌سويچ‌,14,20103,884129940,46290,43980,43980,-2310,-4.99,46250,-40,-0.09,43980,43980,1399-7-14
655,لخانه,لوازم‌ خانگي‌ پارس‌,14,4868,271809648,58774,55836,55836,-2938,-5.0,58732,-42,-0.07,55836,55836,1399-7-14
656,ثپرديس,سرمايه گذاري مسكن پرديس,14,33367,444715376,14029,13328,13328,-701,-5.0,14022,-7,-0.05,13328,13328,1399-7-14
657,رتكو,كنترل‌خوردگي‌تكين‌كو,14,27468,505411200,19360,18400,18400,-960,-4.96,19350,-10,-0.05,18400,18400,1399-7-14
658,زعف9908پ09,زعفران9908نگين نوين(پ),14,5157,449486836,83069,87172,87172,4103,4.94,87161,4092,4.93,87000,87172,1399-7-14
659,ضجار7020,اختيارخ وتجارت-2400-1399/07/22,14,359,229010000,598,640,790,192,32.11,638,40,6.69,600,790,1399-7-14
660,اخزا804,اسنادخزانه-م4بودجه98-000421,14,9399,8285992120,879569,878320,882000,2431,0.28,881582,2013,0.23,878320,885000,1399-7-14
661,قشهد,شهد,14,126322,3888191160,32400,30780,30780,-1620,-5.0,32270,-130,-0.4,30780,30780,1399-7-14
662,شستا993,اجاره ت.اجتماعي-كاردان991226,14,7275,7042697780,932993,1026292,970020,37027,3.97,968068,35075,3.76,951000,1026292,1399-7-14
663,غپاك,لبنيات‌ پاك‌,14,17923,302540240,17760,16880,16880,-880,-4.95,17750,-10,-0.06,16880,16880,1399-7-14
664,اخزا723,اسنادخزانه-م23بودجه97-000824,14,95651,79390329954,826159,829999,830000,3841,0.46,830000,3841,0.46,829999,830000,1399-7-14
665,ركيش,كارت اعتباري ايران كيش,13,13640,207737200,16030,15230,15230,-800,-4.99,16030,0,0.0,15230,15230,1399-7-14
666,خفنر,فنرسازي‌خاور,13,11852,236447400,21000,19950,19950,-1050,-5.0,20990,-10,-0.05,19950,19950,1399-7-14
667,آينده,بازرگاني آينده سازان بهشت پارس,13,402116,9036350752,23167,22472,22472,-695,-3.0,22842,-325,-1.4,22472,22472,1399-7-14
668,ثغرب,شركت سرمايه گذاري مسكن شمالغرب,13,38203,521967589,14382,13663,13663,-719,-5.0,14374,-8,-0.06,13663,13663,1399-7-14
669,ضجار7021,اختيارخ وتجارت-2600-1399/07/22,13,349,169257000,416,401,510,94,22.6,485,69,16.59,401,510,1399-7-14
670,هصند911,اختيارف ت صندوق-19926-99/11/29,13,120306,128005584,794,1064,1064,270,34.01,1064,270,34.01,1064,1064,1399-7-14
671,جهرم,پتروشيمي جهرم,13,232279,747706101,3388,3219,3219,-169,-4.99,3381,-7,-0.21,3219,3219,1399-7-14
672,شسم,توليد سموم‌ علف‌ كش,12,32668,2647937408,79467,81056,81056,1589,2.0,79879,412,0.52,81056,81056,1399-7-14
673,ثنور,سرمايه گذاري كوه نور,12,15665,123346210,8117,7874,7874,-243,-2.99,8115,-2,-0.02,7874,7874,1399-7-14
674,غدشت,دشت‌ مرغاب‌,12,753,216231480,302270,287160,287160,-15110,-5.0,302200,-70,-0.02,287160,287160,1399-7-14
675,زنجان,صنايع كشاورزي وكود زنجان,12,15903,108251721,7017,6807,6807,-210,-2.99,7016,-1,-0.01,6807,6807,1399-7-14
676,زدشت,كشت و صنعت دشت خرم دره,12,10375,477374500,48433,46012,46012,-2421,-5.0,48409,-24,-0.05,46012,46012,1399-7-14
677,داراب,پتروشيمي داراب,11,225734,688940168,3212,3052,3052,-160,-4.98,3206,-6,-0.19,3052,3052,1399-7-14
678,پلوله,گازلوله‌,11,6087,118373889,19643,19447,19447,-196,-1.0,19638,-5,-0.03,19447,19447,1399-7-14
679,ضملي8077,اختيارخ فملي -29750-1399/08/06,11,68,149530000,3027,2050,2200,-827,-27.32,2199,-828,-27.35,2020,2388,1399-7-14
680,حپارسا,توسعه حمل و نقل ريلي پارسيان,11,12321,405077517,34607,32877,32877,-1730,-5.0,34592,-15,-0.04,32877,32877,1399-7-14
681,زعف9908پ12,زعفران9908پوشالمعمول سحرخيز(پ),11,2840,208037010,71515,75090,75090,3575,5.0,73252,1737,2.43,71700,75090,1399-7-14
682,فنوال,نورد آلومينيوم‌,11,2896,103010720,37440,35570,35570,-1870,-4.99,37440,0,0.0,35570,35570,1399-7-14
683,كمينا,شيشه سازي مينا,11,14507,462947384,32898,31912,31912,-986,-3.0,32874,-24,-0.07,31912,31912,1399-7-14
684,اخزا713,اسنادخزانه-م13بودجه97-000518,11,51653,44680929713,864723,865021,865021,298,0.03,865021,298,0.03,865021,865021,1399-7-14
685,ضملي1148,اختيارخ فملي-10140-1399/11/05,10,92,1282309000,15743,15000,13800,-1943,-12.34,13938,-1805,-11.47,13787,15000,1399-7-14
686,كرونا2,تامين مالي جمعي صرفا اهداي سود,10,5451,54510000,10000,10000,10000,0,0.0,10000,0,0.0,10000,10000,1399-7-14
687,ثعتما,س. ساختماني اعتماد گستر,10,17337,590532894,35115,34062,34062,-1053,-3.0,35081,-34,-0.1,34062,34062,1399-7-14
688,اخزا704,اسنادخزانه-م4بودجه97-991022,10,12057,11551702812,957669,958100,958072,403,0.04,958091,422,0.04,958072,959500,1399-7-14
689,غبهار,كشت وصنعت بهاران گلبهار خراسان,10,2743,101518430,38154,37010,37010,-1144,-3.0,38148,-6,-0.02,37010,37010,1399-7-14
690,وحافظ,بيمه حافظ,10,4240,249320480,60620,58802,58802,-1818,-3.0,60597,-23,-0.04,58802,58802,1399-7-14
691,زكشت,كشاورزي مكانيزه اصفهان كشت,10,3840,120460800,33021,31370,31370,-1651,-5.0,33017,-4,-0.01,31370,31370,1399-7-14
692,پست9908-04,پسته فندقي32-30سبزدانه9908,10,640,1038775039,1660349,1705997,1620698,-39651,-2.39,1623086,-37263,-2.24,1620698,1705997,1399-7-14
693,ضصاد8020,اختيارخ وبصادر-4400-1399/08/11,10,60,9382000,268,100,299,31,11.57,156,-112,-41.79,100,299,1399-7-14
694,قزوين,كارخانجات‌ قند قزوين‌,10,59500,2047990000,36230,34420,34420,-1810,-5.0,36150,-80,-0.22,34420,34420,1399-7-14
695,ضپيك7022,اختيارخ تاپيكو-9370-99/07/20,10,31,291891000,7700,7001,9500,1800,23.38,9416,1716,22.29,7001,10000,1399-7-14
696,تاپكيشح,ح.تجارت الكترونيك پارسيان كيش,10,17240,161194000,9842,9350,9350,-492,-5.0,9350,-492,-5.0,9350,9350,1399-7-14
697,دروز,داروسازي‌ روزدارو,10,11459,214168710,19670,18690,18690,-980,-4.98,19670,0,0.0,18690,18690,1399-7-14
698,نيرو,نيرو سرمايه,10,4905,256825800,53979,52360,52360,-1619,-3.0,53958,-21,-0.04,52360,52360,1399-7-14
699,وسرمد,بيمه  سرمد,9,19080,120242160,6496,6302,6302,-194,-2.99,6495,-1,-0.02,6302,6302,1399-7-14
700,نتوس,پشم‌ بافي‌ توس,9,5655,60220095,11209,10649,10649,-560,-5.0,11207,-2,-0.02,10649,10649,1399-7-14
701,چكاوه,صنايع‌كاغذسازي‌كاوه‌,9,1613,59890690,39080,37130,37130,-1950,-4.99,39080,0,0.0,37130,37130,1399-7-14
702,لبوتان,گروه‌صنعتي‌بوتان‌,9,8782,691933780,82930,78790,78790,-4140,-4.99,82870,-60,-0.07,78790,78790,1399-7-14
703,حپترو,حمل و نقل پتروشيمي( سهامي عام,9,2373,72044280,31950,30360,30360,-1590,-4.98,31950,0,0.0,30360,30360,1399-7-14
704,حسير,ريل سير كوثر,9,51983,1366944968,27680,26296,26296,-1384,-5.0,27640,-40,-0.14,26296,26296,1399-7-14
705,خكمك,كمك‌فنرايندامين‌,9,8180,453335600,58330,55420,55420,-2910,-4.99,58300,-30,-0.05,55420,55420,1399-7-14
706,ضفلا8082,اختيارخ فولاد-13775-1399/08/28,9,132,684103000,5128,5000,5000,-128,-2.5,5183,55,1.07,4600,5950,1399-7-14
707,ضفلا8085,اختيارخ فولاد-16775-1399/08/28,9,24,62302000,3139,2600,2500,-639,-20.36,2596,-543,-17.3,2500,2700,1399-7-14
708,غپآذر,شير پگاه آذربايجان شرقي,9,3280,177251200,56884,54040,54040,-2844,-5.0,56873,-11,-0.02,54040,54040,1399-7-14
709,واعتبار,سرمايه گذاري اعتبار ايران,8,14371,110369280,8080,7680,7680,-400,-4.95,8080,0,0.0,7680,7680,1399-7-14
710,ضغدر8040,اختيارخ وغدير-13000-1399/08/26,8,91,346364000,3000,3700,3630,630,21.0,3806,806,26.87,3600,4000,1399-7-14
711,اوصتا,صندوق انديشه ورزان صباتامين -د,8,12746,215708353,16828,16800,16800,-28,-0.17,16924,96,0.57,16800,16988,1399-7-14
712,فنرژي,گسترش صنايع انرژي آذرآب,8,47880,516242160,11002,10782,10782,-220,-2.0,10990,-12,-0.11,10782,10782,1399-7-14
713,اخزا810,اسنادخزانه-م10بودجه98-001006,8,13461,10939582651,816015,815000,815101,-914,-0.11,812687,-3328,-0.41,811101,816015,1399-7-14
714,فافزا,فولاد افزا سپاهان,8,1780,84450320,48911,47444,47444,-1467,-3.0,48905,-6,-0.01,47444,47444,1399-7-14
715,هنفت912,اختيارف ت نفت-15330-99/12/04,8,120000,120000,451,1,1,-450,-99.78,1,-450,-99.78,1,1,1399-7-14
716,ضصاد8019,اختيارخ وبصادر-4200-1399/08/11,8,138,41362000,325,360,200,-125,-38.46,300,-25,-7.69,200,360,1399-7-14
717,غگلپا,شير پاستوريزه پگاه گلپايگان,8,2650,194252950,77161,73303,73303,-3858,-5.0,77145,-16,-0.02,73303,73303,1399-7-14
718,ضفلا8060,اختيارخ فولاد-3507-1399/08/28,8,147,3427452000,14000,14500,14500,500,3.57,14500,500,3.57,14500,14500,1399-7-14
719,بالاس,مهندسي ساختمان تاسيسات راه آهن,8,2864,135235216,49704,47219,47219,-2485,-5.0,49697,-7,-0.01,47219,47219,1399-7-14
720,ضبدر8070,اختيارخ شبندر-59580-1399/08/18,8,45,7657000,207,300,333,126,60.87,170,-37,-17.87,51,333,1399-7-14
721,ضصاد8010,اختيارخ وبصادر-2400-1399/08/11,8,42,50241000,1800,1100,1550,-250,-13.89,1196,-604,-33.56,1100,1550,1399-7-14
722,كسعدي,كاشي‌ سعدي‌,7,5353,337024880,66270,62960,62960,-3310,-4.99,66250,-20,-0.03,62960,62960,1399-7-14
723,تپمپي,پمپ‌ سازي‌ ايران‌,7,5289,257891640,51320,48760,48760,-2560,-4.99,51310,-10,-0.02,48760,48760,1399-7-14
724,كابگن,توليدي و صنعتي آبگينه‌,7,42834,195194538,4512,4557,4557,45,1.0,4514,2,0.04,4557,4557,1399-7-14
725,ضفلا8083,اختيارخ فولاد-14775-1399/08/28,7,61,252500000,6609,4000,4500,-2109,-31.91,4139,-2470,-37.37,4000,4500,1399-7-14
726,ضپيك7033,اختيارخ تاپيكو-21370-99/07/20,7,20,11550000,1051,980,500,-551,-52.43,577,-474,-45.1,500,980,1399-7-14
727,اخزا716,اسنادخزانه-م16بودجه97-000407,7,1052,929213586,883096,883283,883282,186,0.02,883283,187,0.02,883282,883284,1399-7-14
728,غگلستا,شير پاستوريزه پگاه گلستان,7,79106,1198139476,15943,15146,15146,-797,-5.0,15923,-20,-0.13,15146,15146,1399-7-14
729,دشيري,شيرين دارو,7,1166,221974918,196260,190373,190373,-5887,-3.0,196192,-68,-0.03,190373,190373,1399-7-14
730,وثوق,سرمايه گذاري وثوق امين,7,33190,517133390,16062,15581,15581,-481,-2.99,16049,-13,-0.08,15581,15581,1399-7-14
731,معيار,سرمايه گذاري معيار صنعت پارس,7,3135,89786400,29833,28640,28640,-1193,-4.0,29822,-11,-0.04,28640,28640,1399-7-14
732,هجم911,اختيارف ت جم-38645-99/11/28,7,40000,40000,1,1,1,0,0.0,1,0,0.0,1,1,1399-7-14
733,زنگان,صنعت روي زنگان,7,456,70769832,163365,155197,155197,-8168,-5.0,163353,-12,-0.01,155197,155197,1399-7-14
734,ضصاد8014,اختيارخ وبصادر-3200-1399/08/11,6,11,7175000,950,551,759,-191,-20.11,652,-298,-31.37,551,900,1399-7-14
735,ضپاس7016,اختيارخ وپارس-4200-1399/07/30,6,108,34284000,144,180,300,156,108.33,317,173,120.14,180,350,1399-7-14
736,فبيرا,بسته‌ بندي‌ ايران‌,6,10970,55343650,5201,5045,5045,-156,-3.0,5201,0,0.0,5045,5045,1399-7-14
737,ضسپا8015,اختيارخ خساپا-1900-1399/08/26,6,46,40590000,754,900,850,96,12.73,882,128,16.98,840,900,1399-7-14
738,ثاباد,توريستي ورفاهي آبادگران ايران,6,3492,107937720,32530,30910,30910,-1620,-4.98,32530,0,0.0,30910,30910,1399-7-14
739,ضجار7030,اختيارخ وتجارت-4400-1399/07/22,6,205,205000,191,1,1,-190,-99.48,1,-190,-99.48,1,1,1399-7-14
740,تشتاد,صنايع توليدي اشتاد ايران‌,6,4601,60424933,13539,13133,13133,-406,-3.0,13538,-1,-0.01,13133,13133,1399-7-14
741,خنصير,مهندسي‌نصيرماشين‌,6,962,47109140,51540,48970,48970,-2570,-4.99,51540,0,0.0,48970,48970,1399-7-14
742,وساربيل,شركت س استان اردبيل,6,211717,285817950,1290,1350,1350,60,4.65,1290,0,0.0,1350,1350,1399-7-14
743,خمحور,توليدمحورخودرو,6,1461,83642250,60260,57250,57250,-3010,-5.0,60250,-10,-0.02,57250,57250,1399-7-14
744,ضغدر8044,اختيارخ وغدير-17000-1399/08/26,6,44,87920000,1867,2000,2014,147,7.87,1998,131,7.02,1990,2014,1399-7-14
745,ضجار7010,اختيارخ وتجارت-1200-1399/07/22,6,61,119802000,1800,1850,2000,200,11.11,1964,164,9.11,1601,2000,1399-7-14
746,اخزا720,اسنادخزانه-م20بودجه97-000324,6,80098,71217310870,889065,889066,899000,9935,1.12,889127,62,0.01,889065,899000,1399-7-14
747,اشاد10,مشاركت دولتي10-شرايط خاص001226,6,14300,13744766000,955000,964000,959998,4998,0.52,961172,6172,0.65,959990,964000,1399-7-14
748,دلقما,دارويي‌ لقمان‌,6,9626,325936360,35640,33860,33860,-1780,-4.99,35630,-10,-0.03,33860,33860,1399-7-14
749,ضغدر8043,اختيارخ وغدير-16000-1399/08/26,6,56,122200000,2424,2000,2000,-424,-17.49,2182,-242,-9.98,2000,2300,1399-7-14
750,وسالت,بانك قرض الحسنه رسالت,5,8017,34312760,4156,4280,4280,124,2.98,4156,0,0.0,4280,4280,1399-7-14
751,ثنورح,ح . سرمايه گذاري كوه نور,5,11422,60935040,5648,5490,5310,-338,-5.98,5335,-313,-5.54,5310,5490,1399-7-14
752,ضصاد8008,اختيارخ وبصادر-2000-1399/08/11,5,231,421681000,1867,1999,1701,-166,-8.89,1825,-42,-2.25,1701,2000,1399-7-14
753,قمرو,قند مرودشت‌,5,4312,152601680,37250,35390,35390,-1860,-4.99,37240,-10,-0.03,35390,35390,1399-7-14
754,ضفلا8080,اختيارخ فولاد-11775-1399/08/28,5,27,125000000,6108,5000,5000,-1108,-18.14,4630,-1478,-24.2,4000,5000,1399-7-14
755,لپيام,گسترش صنايع پيام,5,3902,121231238,32029,31069,31069,-960,-3.0,32023,-6,-0.02,31069,31069,1399-7-14
756,ثرود,سرمايه‌گذاري مسكن زاينده رود,5,17293,213948996,13023,12372,12372,-651,-5.0,13020,-3,-0.02,12372,12372,1399-7-14
757,ضفلا8068,اختيارخ فولاد-4751-1399/08/28,5,29,621492000,12505,13000,13500,995,7.96,13328,823,6.58,13000,13500,1399-7-14
758,ضصاد8013,اختيارخ وبصادر-3000-1399/08/11,5,157,169700000,1067,1100,1070,3,0.28,1081,14,1.31,1070,1100,1399-7-14
759,ضغدر8046,اختيارخ وغدير-19000-1399/08/26,5,82,33528000,1800,400,840,-960,-53.33,409,-1391,-77.28,350,840,1399-7-14
760,پست9908-08,پسته فندقي32-30زرينمه ولات9908,5,35,57856652,1617307,1764983,1620698,3391,0.21,1653047,35740,2.21,1620698,1764983,1399-7-14
761,ضجار7015,اختيارخ وتجارت-1700-1399/07/22,5,137,183000000,1222,1250,1380,158,12.93,1336,114,9.33,1250,1380,1399-7-14
762,لازما,كارخانه هاي صنعتي آزمايش,5,1626,50765346,31858,31221,31221,-637,-2.0,31855,-3,-0.01,31221,31221,1399-7-14
763,ضفلا8088,اختيارخ فولاد-19775-1399/08/28,5,14,16922000,1005,1300,1100,95,9.45,1209,204,20.3,1040,1300,1399-7-14
764,اخزا718,اسنادخزانه-م18بودجه97-000525,5,30442,26527590668,869427,869000,872000,2573,0.3,871414,1987,0.23,867778,872000,1399-7-14
765,بشهاب,لامپ‌  پارس‌ شهاب‌,4,266,18731720,74120,70420,70420,-3700,-4.99,74120,0,0.0,70420,70420,1399-7-14
766,صگل1411,ص اجاره گل گهر 1411-3 ماهه 17%,4,89,88397091,1001149,1000000,980571,-20578,-2.06,993226,-7923,-0.79,980510,1000000,1399-7-14
767,ضغدر8041,اختيارخ وغدير-14000-1399/08/26,4,17,50150000,2054,3000,2990,936,45.57,2950,896,43.62,2840,3000,1399-7-14
768,ضفلا8087,اختيارخ فولاد-18775-1399/08/28,4,28,38500000,2172,1010,2000,-172,-7.92,1375,-797,-36.69,1010,2000,1399-7-14
769,حبندر,دريايي و کشتيراني خط دريابندر,4,2124,48087360,23831,22640,22640,-1191,-5.0,23828,-3,-0.01,22640,22640,1399-7-14
770,چفيبر,فيبر ايران‌,4,3468,37003560,11230,10670,10670,-560,-4.99,11230,0,0.0,10670,10670,1399-7-14
771,ضجار1011,اختيارخ وتجارت-1800-1399/10/21,4,61,97650000,1558,1500,1650,92,5.91,1601,43,2.76,1500,1650,1399-7-14
772,ختراك,ريخته‌گري‌ تراكتورسازي‌ ايران‌,4,1812,39338520,22850,21710,21710,-1140,-4.99,22850,0,0.0,21710,21710,1399-7-14
773,اشاد9,مشاركت دولتي9-شرايط خاص990909,4,10000,9940029500,994000,994001,994011,11,0.0,994003,3,0.0,994001,994011,1399-7-14
774,ضفلا8076,اختيارخ فولاد-8775-1399/08/28,4,15,130500000,9316,8500,8800,-516,-5.54,8700,-616,-6.61,8500,8800,1399-7-14
775,وسمركز,شركت س استان مركزي,4,170895,251215650,1400,1470,1470,70,5.0,1400,0,0.0,1470,1470,1399-7-14
776,اخزا722,اسنادخزانه-م22بودجه97-000428,4,13951,12207099643,874999,874998,875003,4,0.0,874998,-1,0.0,874998,875003,1399-7-14
777,ضغدر8039,اختيارخ وغدير-12000-1399/08/26,4,20,75000000,5000,4000,3500,-1500,-30.0,3750,-1250,-25.0,3500,4000,1399-7-14
778,ضپاس7017,اختيارخ وپارس-4400-1399/07/30,4,21,6445000,110,480,298,188,170.91,307,197,179.09,298,480,1399-7-14
779,ثاژن,سخت آژند,4,20000,192060000,9798,9603,9603,-195,-1.99,9794,-4,-0.04,9603,9603,1399-7-14
780,ولغدر,ليزينگ‌خودروغدير,4,31737,541433220,17950,17060,17060,-890,-4.96,17940,-10,-0.06,17060,17060,1399-7-14
781,زير0003پ01,زيره سبز0003كيميابذر(پ),4,194,96210000,490579,515000,490000,-579,-0.12,495928,5349,1.09,490000,515000,1399-7-14
782,شمواد,توليد مواداوليه الياف مصنوعي,4,1046,64866644,65277,62014,62014,-3263,-5.0,65266,-11,-0.02,62014,62014,1399-7-14
783,ضملي8075,اختيارخ فملي -25750-1399/08/06,3,10,39000000,5005,4000,3800,-1205,-24.08,3900,-1105,-22.08,3800,4000,1399-7-14
784,بايكا,كارخانجات كابلسازي ‌ايران‌,3,4218,174502878,42650,41371,41371,-1279,-3.0,42638,-12,-0.03,41371,41371,1399-7-14
785,شلرد02,كود شيميايي اوره لردگان,3,45,44550000,994048,990000,990000,-4048,-0.41,990000,-4048,-0.41,990000,990000,1399-7-14
786,ضفلا8078,اختيارخ فولاد-9775-1399/08/28,3,3,20150000,7000,6700,6700,-300,-4.29,6717,-283,-4.04,6700,6750,1399-7-14
787,شرنگي,شيميايي رنگين,3,1457,172817684,122280,118612,118612,-3668,-3.0,122247,-33,-0.03,118612,118612,1399-7-14
788,وگردشح2,ح . بانك گردشگري,3,239990000,3252824460000,13160,13554,13554,394,2.99,13554,394,2.99,13554,13554,1399-7-14
789,ضملي1150,اختيارخ فملي-14196-1399/11/05,3,42,294000000,8321,7000,7000,-1321,-15.88,7000,-1321,-15.88,7000,7000,1399-7-14
790,زعف9908پ11,زعفران9908نگين سحرخيز(پ),3,860,74967920,83069,87172,87172,4103,4.94,87172,4103,4.94,87172,87172,1399-7-14
791,ضپاس7000,اختيارخ وپارس-1500-1399/07/30,3,15,42200000,2179,3000,2800,621,28.5,2813,634,29.1,2800,3000,1399-7-14
792,كطبس,ذغال‌سنگ‌ نگين‌ ط‌بس‌,3,429,21527220,52820,50180,50180,-2640,-5.0,52820,0,0.0,50180,50180,1399-7-14
793,ضصاد8018,اختيارخ وبصادر-4000-1399/08/11,3,38,8784000,246,200,226,-20,-8.13,231,-15,-6.1,200,500,1399-7-14
794,ضگل8057,اختيارخ كگل-13100-1399/08/21,3,17,148200000,7600,9700,8500,900,11.84,8718,1118,14.71,8500,9700,1399-7-14
795,زير0003پ04,زيره سبز0003شركت مينوبذر(پ),3,26,12400010,481152,472001,480000,-1152,-0.24,476923,-4229,-0.88,472001,480000,1399-7-14
796,ضخوز7030,اختيارخ فخوز-51470-1399/07/20,3,5,50000,101,10,10,-91,-90.1,10,-91,-90.1,10,10,1399-7-14
797,فمراد,آلومراد,3,231,34139490,155560,147790,147790,-7770,-4.99,155550,-10,-0.01,147790,147790,1399-7-14
798,ثامان,سامان‌ گستراصفهان‌,3,2200,47520000,22730,21600,21600,-1130,-4.97,22730,0,0.0,21600,21600,1399-7-14
799,تملي707,تسهيلات مسكن ب. ملي-مهر97,3,32,20366688,606152,636459,636459,30307,5.0,636459,30307,5.0,636459,636459,1399-7-14
800,قلرست,قند لرستان‌,3,3917,98238360,26390,25080,25080,-1310,-4.96,26390,0,0.0,25080,25080,1399-7-14
801,ضجار1013,اختيارخ وتجارت-2500-1399/10/21,3,41,37150000,1,800,1150,1149,114900.0,906,905,90500.0,800,1150,1399-7-14
802,پلاست,كارخانجات توليدي پلاستيران,3,1643,67642310,43336,41170,41170,-2166,-5.0,43328,-8,-0.02,41170,41170,1399-7-14
803,وگردش2,بانك گردشگري,3,125000000,2513125000000,19520,20105,20105,585,3.0,20105,585,3.0,20105,20105,1399-7-14
804,اطلس2,صندوق س.توسعه اندوخته آينده-س,2,20000,20000,202252,1,1,-202251,-100.0,1,-202251,-100.0,1,1,1399-7-14
805,افرا,افرانت,2,764,49786824,68595,65166,65166,-3429,-5.0,68591,-4,-0.01,65166,65166,1399-7-14
806,ضخوز7027,اختيارخ فخوز-39470-1399/07/20,2,3,4200000,274,1400,1400,1126,410.95,1400,1126,410.95,1400,1400,1399-7-14
807,فن آوا,گروه فن آوا,2,920,13029040,14600,14162,14162,-438,-3.0,14600,0,0.0,14162,14162,1399-7-14
808,تملي807,تسهيلات مسكن ب. ملي-مهر98,2,24,9497640,376891,395735,395735,18844,5.0,395735,18844,5.0,395735,395735,1399-7-14
809,ضجار7028,اختيارخ وتجارت-4000-1399/07/22,2,41,574000,40,14,14,-26,-65.0,14,-26,-65.0,14,14,1399-7-14
810,غگز,گز سكه,2,100000,3400000000,34000,34000,34000,0,0.0,34000,0,0.0,34000,34000,1399-7-14
811,وبملت2,بانك ملت,2,6388950,34691998500,5500,5430,5430,-70,-1.27,5430,-70,-1.27,5430,5430,1399-7-14
812,لخزر,پارس‌ خزر,2,325,68035500,220350,209340,209340,-11010,-5.0,220330,-20,-0.01,209340,209340,1399-7-14
813,ضغدر8048,اختيارخ وغدير-22000-1399/08/26,2,10,9720000,970,900,990,20,2.06,972,2,0.21,900,990,1399-7-14
814,وبصادر2,بانك صادرات ايران,2,5213440,21375104000,4230,4100,4100,-130,-3.07,4100,-130,-3.07,4100,4100,1399-7-14
815,ضفلا8093,اختيارخ فولاد-29775-1399/08/28,2,100,52500000,609,700,350,-259,-42.53,525,-84,-13.79,350,700,1399-7-14
816,خلنت,لنت‌ ترمزايران‌,2,110,10059500,96260,91450,91450,-4810,-5.0,96260,0,0.0,91450,91450,1399-7-14
817,تملي612,تسهيلات مسكن بانك ملي-اسفند96,2,4,16052848,3822107,4013212,4013212,191105,5.0,4013212,191105,5.0,4013212,4013212,1399-7-14
818,تكنو,تكنوتار,2,3345,49004250,15420,14650,14650,-770,-4.99,15420,0,0.0,14650,14650,1399-7-14
819,كشم0001پ01,كشمش سبز0001خليل آباد(پ),2,50,20769150,395603,415383,415383,19780,5.0,415383,19780,5.0,415383,415383,1399-7-14
820,تملي809,تسهيلات مسكن ب. ملي-آذر98,2,29,5756558,189050,198502,198502,9452,5.0,198502,9452,5.0,198502,198502,1399-7-14
821,خعمرا,توسعه و عمران شهرستان نائين,2,18399,285147702,14760,15498,15498,738,5.0,14770,10,0.07,15498,15498,1399-7-14
822,ضبدر8057,اختيارخ شبندر-23580-1399/08/18,2,7,75000000,30000,11000,10000,-20000,-66.67,10714,-19286,-64.29,10000,11000,1399-7-14
823,زير0003پ02,زيره سبز0003 دانش(پ),2,20,9900090,483341,480009,510000,26659,5.52,495004,11663,2.41,480009,510000,1399-7-14
824,ضخود1048,اختيارخ خودرو-7000-1399/10/07,2,110,10000000,200,100,90,-110,-55.0,91,-109,-54.5,90,100,1399-7-14
825,خچرخش,چرخشگر,2,699,14895690,22430,21310,21310,-1120,-4.99,22430,0,0.0,21310,21310,1399-7-14
826,ضپاس7015,اختيارخ وپارس-4000-1399/07/30,2,2,1030000,349,510,520,171,49.0,515,166,47.56,510,520,1399-7-14
827,ضسپا8038,اختيارخ خساپا-8500-1399/08/26,2,200,30000000,299,200,100,-199,-66.56,150,-149,-49.83,100,200,1399-7-14
828,تبريز112,مشاركت شهرداري تبريز-3ماهه18%,2,15,14625000,986651,975000,975000,-11651,-1.18,975000,-11651,-1.18,975000,975000,1399-7-14
829,ضجار1010,اختيارخ وتجارت-1600-1399/10/21,2,21,34850000,1717,1650,1850,133,7.75,1660,-57,-3.32,1650,1850,1399-7-14
830,چافست,افست‌,2,522,13347540,26910,25570,25570,-1340,-4.98,26910,0,0.0,25570,25570,1399-7-14
831,كهرام,توليدي گرانيت بهسرام,2,3677,206423103,57875,56139,56139,-1736,-3.0,57856,-19,-0.03,56139,56139,1399-7-14
832,حرهشا,رهشاد سپاهان (سهامي عام,2,255,15402765,62271,60403,60403,-1868,-3.0,62270,-1,0.0,60403,60403,1399-7-14
833,ضغدر8042,اختيارخ وغدير-15000-1399/08/26,2,3,6400000,3002,1800,2800,-202,-6.73,2133,-869,-28.95,1800,2800,1399-7-14
834,ضغدر8038,اختيارخ وغدير-11000-1399/08/26,2,11,44300000,5000,4000,4100,-900,-18.0,4027,-973,-19.46,4000,4100,1399-7-14
835,تملي704,تسهيلات مسكن ب. ملي-تير97,1,4,5112112,1217170,1278028,1278028,60858,5.0,1278028,60858,5.0,1278028,1278028,1399-7-14
836,ضپيك1020,اختيارخ تاپيكو-14000-99/10/16,1,2,21000000,1,10500,10500,10499,1049900.0,10500,10499,1049900.0,10500,10500,1399-7-14
837,ضفلا8090,اختيارخ فولاد-23775-1399/08/28,1,3,603000,1011,201,201,-810,-80.12,201,-810,-80.12,201,201,1399-7-14
838,ياقوت2,صندوق س ياقوت آگاه-ثابت,1,3547000,3547000,11090,1,1,-11089,-99.99,1,-11089,-99.99,1,1,1399-7-14
839,ضبدر8067,اختيارخ شبندر-47580-1399/08/18,1,25,1875000,15545,75,75,-15470,-99.52,75,-15470,-99.52,75,75,1399-7-14
840,ضفلا8086,اختيارخ فولاد-17775-1399/08/28,1,3,6000000,3000,2000,2000,-1000,-33.33,2000,-1000,-33.33,2000,2000,1399-7-14
841,تملي806,تسهيلات مسكن ب. ملي-شهريور98,1,7,1591527,216535,227361,227361,10826,5.0,227361,10826,5.0,227361,227361,1399-7-14
842,كساپا,سايپاشيشه‌,1,360,7156800,20920,19880,19880,-1040,-4.97,20920,0,0.0,19880,19880,1399-7-14
843,افاد74,منفعت دولت7-ش.خاص ساير0204,1,10000,9010000000,880000,901000,901000,21000,2.39,901000,21000,2.39,901000,901000,1399-7-14
844,تملي804,تسهيلات مسكن ب. ملي-تير98,1,1,338816,322682,338816,338816,16134,5.0,338816,16134,5.0,338816,338816,1399-7-14
845,ضغدر8047,اختيارخ وغدير-20000-1399/08/26,1,15,7650000,690,510,510,-180,-26.09,510,-180,-26.09,510,510,1399-7-14
846,ضفار8029,اختيارخ فارس-7326-1399/08/06,1,1,12000000,12694,12000,12000,-694,-5.47,12000,-694,-5.47,12000,12000,1399-7-14
847,ضچاد1018,اختيارخ كچاد-24000-1399/10/02,1,10,38000000,4500,3800,3800,-700,-15.56,3800,-700,-15.56,3800,3800,1399-7-14
848,پرند,صندوق س. پروژه آرمان پرند مپنا,1,31800,198750000,6000,6250,6250,250,4.17,6250,250,4.17,6250,6250,1399-7-14
849,صخابر102,صكوك اجاره مخابرات-3 ماهه 16%,1,3000,2970000000,995000,990000,990000,-5000,-0.5,990000,-5000,-0.5,990000,990000,1399-7-14
850,وثخوز,سرمايه گذاري و توسعه خوزستان,1,1270,46779180,37973,36834,36834,-1139,-3.0,37970,-3,-0.01,36834,36834,1399-7-14
851,تملي802,تسهيلات مسكن ب. ملي-ارديبهشت98,1,1,815306,776482,815306,815306,38824,5.0,815306,38824,5.0,815306,815306,1399-7-14
852,افق2,فروشگاههاي زنجيره اي افق كوروش,1,4000000,312000000000,77960,78000,78000,40,0.05,78000,40,0.05,78000,78000,1399-7-14
853,ضخوز7021,اختيارخ فخوز-27470-1399/07/20,1,7,25900000,27500,3700,3700,-23800,-86.55,3700,-23800,-86.55,3700,3700,1399-7-14
854,ضفلا8077,اختيارخ فولاد-9275-1399/08/28,1,4,32400000,10725,8100,8100,-2625,-24.48,8100,-2625,-24.48,8100,8100,1399-7-14
855,ضصاد8011,اختيارخ وبصادر-2600-1399/08/11,1,8,10400000,184,1300,1300,1116,606.52,1300,1116,606.52,1300,1300,1399-7-14
856,ضجار7033,اختيارخ وتجارت-5000-1399/07/22,1,100,100000,148,1,1,-147,-99.32,1,-147,-99.32,1,1,1399-7-14
857,ضملت8033,اختيارخ وبملت-6272-1399/08/28,1,1,2070500,301,500,500,199,66.11,500,199,66.11,500,500,1399-7-14
858,حريل02,اجاره ريل پردازسير021212,1,200,192000000,940000,960000,960000,20000,2.13,960000,20000,2.13,960000,960000,1399-7-14
859,وسزنجان,شركت س استان زنجان,1,5000,7500000,1430,1500,1500,70,4.9,1430,0,0.0,1500,1500,1399-7-14
860,ضغدر8030,اختيارخ وغدير-6510-1399/08/26,1,10,85000000,9441,8500,8500,-941,-9.97,8500,-941,-9.97,8500,8500,1399-7-14
861,ضپيك1022,اختيارخ تاپيكو-18000-99/10/16,1,10,72000000,1,7200,7200,7199,719900.0,7200,7199,719900.0,7200,7200,1399-7-14
862,ضصاد8009,اختيارخ وبصادر-2200-1399/08/11,1,5,5005000,3778,1001,1001,-2777,-73.5,1001,-2777,-73.5,1001,1001,1399-7-14
863,ضسپا8019,اختيارخ خساپا-2600-1399/08/26,1,1,550000,442,550,550,108,24.43,550,108,24.43,550,550,1399-7-14
864,تملي706,تسهيلات مسكن ب. ملي-شهريور97,1,2,692890,329948,346445,346445,16497,5.0,346445,16497,5.0,346445,346445,1399-7-14
865,ومعادن2,توسعه‌معادن‌وفلزات‌,1,54000000,865080000000,16850,16020,16020,-830,-4.93,16020,-830,-4.93,16020,16020,1399-7-14
866,طسان7050,اختيارف پارسان-11000-99/07/15,1,1,1000,5,1,1,-4,-80.0,1,-4,-80.0,1,1,1399-7-14
867,ضصاد8016,اختيارخ وبصادر-3600-1399/08/11,1,5,3750000,707,750,750,43,6.08,750,43,6.08,750,750,1399-7-14
868,تملي710,تسهيلات مسكن ب. ملي-دي97,1,1,547329,521266,547329,547329,26063,5.0,547329,26063,5.0,547329,547329,1399-7-14
869,تملي712,تسهيلات مسكن ب. ملي-اسفند97,1,1,773800,736953,773800,773800,36847,5.0,773800,36847,5.0,773800,773800,1399-7-14
870,ضسپا8017,اختيارخ خساپا-2200-1399/08/26,1,1,300000,500,300,300,-200,-40.0,300,-200,-40.0,300,300,1399-7-14
871,شستا003,اجاره تامين اجتماعي-سپهر000523,1,17,17017000,1001000,1001000,1001000,0,0.0,1001000,0,0.0,1001000,1001000,1399-7-14
872,ضفلا8070,اختيارخ فولاد-5775-1399/08/28,1,4,48000000,11600,12000,12000,400,3.45,12000,400,3.45,12000,12000,1399-7-14
873,ضپيك1023,اختيارخ تاپيكو-20000-99/10/16,1,10,62000000,1,6200,6200,6199,619900.0,6200,6199,619900.0,6200,6200,1399-7-14
874,ضغدر8036,اختيارخ وغدير-9500-1399/08/26,1,2,12000000,8000,6000,6000,-2000,-25.0,6000,-2000,-25.0,6000,6000,1399-7-14
875,تهران012,مشاركت ش تهران012-3ماهه18%,1,1000,950000000,970000,950000,950000,-20000,-2.06,950000,-20000,-2.06,950000,950000,1399-7-14
876,فسديد,لوله‌وتجهيزات‌ سديد - ورشكسته,1,2900,347988400,122444,119996,119996,-2448,-2.0,122270,-174,-0.14,119996,119996,1399-7-14
877,تملي808,تسهيلات مسكن ب. ملي-آبان98,1,24,4537248,180050,189052,189052,9002,5.0,189052,9002,5.0,189052,189052,1399-7-14
878,فالوم,آلومتك‌,1,2800,95043200,34993,33944,33944,-1049,-3.0,34988,-5,-0.01,33944,33944,1399-7-14
879,تملي711,تسهيلات مسكن ب. ملي-بهمن97,1,1,754866,718920,754866,754866,35946,5.0,754866,35946,5.0,754866,754866,1399-7-14
880,تملي705,تسهيلات مسكن ب. ملي-مرداد97,1,1,483927,460883,483927,483927,23044,5.0,483927,23044,5.0,483927,483927,1399-7-14
881,ضچاد1012,اختيارخ كچاد-10000-1399/10/02,1,5,57500000,11000,11500,11500,500,4.55,11500,500,4.55,11500,11500,1399-7-14
882,كرمان02,مرابحه كرمان موتور14020306,1,20,20400000,1000000,1020000,1020000,20000,2.0,1020000,20000,2.0,1020000,1020000,1399-7-14
883,تملي703,تسهيلات مسكن ب. ملي-خرداد97,1,1,403054,383861,403054,403054,19193,5.0,403054,19193,5.0,403054,403054,1399-7-14
884,خموتور,موتورسازان‌تراكتورسازي‌ايران‌,1,500,6595000,13880,13190,13190,-690,-4.97,13880,0,0.0,13190,13190,1399-7-14
885,شرانل2,نفت ايرانول,1,7642293,213647943108,27956,27956,27956,0,0.0,27956,0,0.0,27956,27956,1399-7-14
886,تملي708,تسهيلات مسكن ب. ملي-آبان97,1,2,514766,245127,257383,257383,12256,5.0,257383,12256,5.0,257383,257383,1399-7-14
887,ضبدر1152,اختيارخ شبندر-40000-1399/11/19,1,1,6500000,1,6500,6500,6499,649900.0,6500,6499,649900.0,6500,6500,1399-7-14
888,تملي801,تسهيلات مسكن ب. ملي-فروردين98,1,1,490326,466978,490326,490326,23348,5.0,490326,23348,5.0,490326,490326,1399-7-14
889,ضبدر1153,اختيارخ شبندر-48000-1399/11/19,1,1,6400000,1,6400,6400,6399,639900.0,6400,6399,639900.0,6400,6400,1399-7-14
890,ضسپا8007,اختيارخ خساپا-1100-1399/08/26,1,1,2000000,2542,2000,2000,-542,-21.32,2000,-542,-21.32,2000,2000,1399-7-14
891,دومينو4,اجاره دومينو14040208,1,1000,960000000,980000,960000,960000,-20000,-2.04,960000,-20000,-2.04,960000,960000,1399-7-14
892,آگاس2,صندوق س.هستي بخش آگاه-س,1,100000,100000,75216,1,1,-75215,-100.0,1,-75215,-100.0,1,1,1399-7-14
893,ضپار8019,اختيارخ خپارس-3800-1399/08/18,1,11,42020000,5500,3820,3820,-1680,-30.55,3820,-1680,-30.55,3820,3820,1399-7-14
894,ضپاس7018,اختيارخ وپارس-4600-1399/07/30,1,5,500000,204,100,100,-104,-50.98,100,-104,-50.98,100,100,1399-7-14
895,گكيش,توريستي ورفاهي آبادگران كيش,1,68,4705124,72834,69193,69193,-3641,-5.0,72833,-1,0.0,69193,69193,1399-7-14
896,تملي702,تسهيلات مسكن ب. ملي-ارديبهشت97,1,1,735858,700818,735858,735858,35040,5.0,735858,35040,5.0,735858,735858,1399-7-14
897,ضملي8067,اختيارخ فملي -14750-1399/08/06,1,1,11000000,9762,11000,11000,1238,12.68,11000,1238,12.68,11000,11000,1399-7-14
898,تملي805,تسهيلات مسكن ب. ملي-مرداد98,1,4,1059352,252227,264838,264838,12611,5.0,264838,12611,5.0,264838,264838,1399-7-14
899,ضملت8036,اختيارخ وبملت-7721-1399/08/28,1,4,3478440,200,210,210,10,5.0,210,10,5.0,210,210,1399-7-14
900,ضخود1047,اختيارخ خودرو-6000-1399/10/07,1,30,3000000,233,100,100,-133,-57.08,100,-133,-57.08,100,100,1399-7-14
901,تملي701,تسهيلات مسكن ب. ملي-فروردين97,1,1,854198,813522,854198,854198,40676,5.0,854198,40676,5.0,854198,854198,1399-7-14
902,ضملي8085,اختيارخ فملي-51750-1399/08/06,1,5,1460000,77,292,292,215,279.22,292,215,279.22,292,292,1399-7-14
903,ضفار1122,اختيارخ فارس-11826-1399/11/07,1,2,23400000,11011,11700,11700,689,6.26,11700,689,6.26,11700,11700,1399-7-14
904,ضملت8030,اختيارخ وبملت-4823-1399/08/28,1,5,22464925,1100,1085,1085,-15,-1.36,1085,-15,-1.36,1085,1085,1399-7-14
905,كمند2,صندوق س. با درآمد ثابت كمند,1,25000000,25000000,10170,1,1,-10169,-99.99,1,-10169,-99.99,1,1,1399-7-14
906,صايپا203,صكوك مرابحه سايپا203-3ماهه 16%,1,6,5706000,956210,951000,951000,-5210,-0.54,951000,-5210,-0.54,951000,951000,1399-7-14
