,نماد,نام,تعداد,حجم,ارزش,دیروز,اولین,آخرین معامله - مقدار,آخرین معامله - تغییر,آخرین معامله - درصد,قیمت پایانی - مقدار,قیمت پایانی - تغییر,قیمت پایانی - درصد,کمترین,بیشترین,تاریخ
0,پالايش,صندوق پالايشي يکم-سهام,64943,43165973,3760809000120,82190,83500,88280,6090,7.41,87120,4930,6.0,83500,89900,1399-10-8
1,شستا,سرمايه گذاري تامين اجتماعي,54641,161233223,3962499760490,23530,24190,24700,1170,4.97,24580,1050,4.46,23600,24700,1399-10-8
2,خودرو,ايران‌ خودرو,51472,1188517259,3973673037680,3230,3250,3350,120,3.72,3340,110,3.41,3180,3390,1399-10-8
3,وسپهر,سرمايه گذاري مالي سپهرصادرات,46394,115635240,1258590469066,10636,10680,11057,421,3.96,10884,248,2.33,10633,11112,1399-10-8
4,شپنا,پالايش نفت اصفهان,44026,335877057,4642000687820,13190,13640,13840,650,4.93,13820,630,4.78,13250,13840,1399-10-8
5,بپيوند,برق و انرژي پيوندگستر پارس,43356,37776576,1128765144217,28645,28100,30250,1605,5.6,29880,1235,4.31,28100,30899,1399-10-8
6,دارا يكم,صندوق واسطه گري مالي يكم-سهام,35460,14090324,2450516689900,169110,169990,173900,4790,2.83,173910,4800,2.84,169990,178990,1399-10-8
7,خساپا,سايپا,35185,1044866696,2516102053270,2320,2330,2420,100,4.31,2410,90,3.88,2290,2430,1399-10-8
8,چخزر,صنايع چوب خزر كاسپين,35017,237164,6907164336,27738,29124,29124,1386,5.0,27918,180,0.65,29124,29124,1399-10-8
9,سيتا,سرمايه گذاري سيمان تامين,32899,54131558,901084796270,17100,16610,16620,-480,-2.81,16650,-450,-2.63,16480,17060,1399-10-8
10,ثاميد,توسعه و عمران اميد,32620,183723115,402749205780,2250,2240,2190,-60,-2.67,2190,-60,-2.67,2150,2250,1399-10-8
11,زملارد,كشاورزي و دامپروري ملارد شير,27899,5784764,247068361193,44362,42350,42750,-1612,-3.63,42710,-1652,-3.72,42144,44190,1399-10-8
12,خگستر,گسترش‌سرمايه‌گذاري‌ايران‌خودرو,26282,459479926,1965289586350,4110,4160,4310,200,4.87,4280,170,4.14,4020,4310,1399-10-8
13,امين,تامين سرمايه امين,24494,17193810,187695977990,10930,10940,10980,50,0.46,10920,-10,-0.09,10760,11190,1399-10-8
14,فملي,ملي‌ صنايع‌ مس‌ ايران‌,23899,73412434,1108226094990,14940,14900,15030,90,0.6,15100,160,1.07,14900,15450,1399-10-8
15,بگيلان,توسعه مسير برق گيلان,23846,6108750,154416910526,25549,25630,25115,-434,-1.7,25278,-271,-1.06,25000,25990,1399-10-8
16,غزر,صنعتي زر ماكارون,23739,4007542,209188863840,54590,54100,52350,-2240,-4.1,52200,-2390,-4.38,51870,54100,1399-10-8
17,فولاد,فولاد مباركه اصفهان,23256,99193496,1352925868060,13500,13450,13550,50,0.37,13640,140,1.04,12830,13950,1399-10-8
18,آبادا,توليد نيروي برق آبادان,22648,7096823,126757791330,18170,18100,17710,-460,-2.53,17860,-310,-1.71,17510,18450,1399-10-8
19,ثبهساز,بهساز كاشانه تهران,20979,117291800,326913569650,2820,2800,2770,-50,-1.77,2790,-30,-1.06,2730,2900,1399-10-8
20,وپويا,سرمايه گذاري پويا,19933,35770028,288291498690,7767,7613,8155,388,5.0,8060,293,3.77,7610,8155,1399-10-8
21,بوعلي,پتروشيمي بوعلي سينا,19405,7357217,475410362290,67630,66800,64250,-3380,-5.0,64620,-3010,-4.45,64250,66800,1399-10-8
22,زدشت,كشت و صنعت دشت خرم دره,19382,25140206,1505545512297,56042,55000,61646,5604,10.0,59886,3844,6.86,55000,61646,1399-10-8
23,وكبهمن,مديريت سرمايه گذاري كوثربهمن,19038,1501548,33386906620,21177,22235,22235,1058,5.0,21787,610,2.88,22000,22235,1399-10-8
24,خپارس,پارس‌ خودرو,18324,182729260,1593079906810,8810,8840,8470,-340,-3.86,8720,-90,-1.02,8400,9080,1399-10-8
25,شگويا,پتروشيمي تندگويان,17735,95761655,1127400703896,11419,11650,11660,241,2.11,11773,354,3.1,11501,11989,1399-10-8
26,شتران,پالايش نفت تهران,17676,109139264,1265199846510,11060,11340,11610,550,4.97,11590,530,4.79,11230,11610,1399-10-8
27,شبندر,پالايش نفت بندرعباس,17488,83910400,2394242996060,27220,27700,28580,1360,5.0,28530,1310,4.81,27600,28580,1399-10-8
28,پيزد,مجتمع صنايع لاستيك يزد,17096,1627482,137263237062,84636,83000,83100,-1536,-1.81,84341,-295,-0.35,81900,86950,1399-10-8
29,حكشتي,كشتيراني جمهوري اسلامي ايران,16908,58021731,1470481535250,24280,24060,25490,1210,4.98,25340,1060,4.37,24060,25490,1399-10-8
30,آريا,پليمر آريا ساسول,16595,2599012,482124273508,187472,184000,184550,-2922,-1.56,185503,-1969,-1.05,182550,191000,1399-10-8
31,نوري,پتروشيمي نوري,15966,15854037,1191497016840,72140,75600,74200,2060,2.86,75150,3010,4.17,73110,75740,1399-10-8
32,پترول,گروه پتروشيمي س. ايرانيان,14897,62688383,767844815700,12130,12060,12210,80,0.66,12250,120,0.99,11980,12610,1399-10-8
33,ثشاهد,سرمايه‌ گذاري‌ شاهد,14586,41208194,1015779301310,24540,24300,24830,290,1.18,24650,110,0.45,23710,25490,1399-10-8
34,ذوب,سهامي ذوب آهن  اصفهان,14161,154109731,797906840782,5128,5128,5115,-13,-0.25,5178,50,0.98,5093,5319,1399-10-8
35,رافزا,رايان هم افزا,13698,79963,3194521850,38048,39950,39950,1902,5.0,38161,113,0.3,39950,39950,1399-10-8
36,وپارس,بانك‌پارسيان‌,13508,247064507,985591189720,3960,4000,4000,40,1.01,3990,30,0.76,3860,4110,1399-10-8
37,غگل,گلوكوزان‌,13042,130154867,702196361150,5540,5400,5300,-240,-4.33,5400,-140,-2.53,5270,5700,1399-10-8
38,هاي وب,داده گسترعصرنوين-هاي وب,12563,42723236,1129832345510,27600,26600,26530,-1070,-3.88,26450,-1150,-4.17,26220,27700,1399-10-8
39,دي,بانك دي,12240,0,0,37621,0,37417,-204,-0.54,37621,0,0.0,0,0,1399-10-8
40,وغدير,سرمايه‌گذاري‌غدير(هلدينگ‌,11199,62829068,797521095580,12170,12200,12770,600,4.93,12690,520,4.27,12150,12770,1399-10-8
41,غمارگ,مارگارين‌,10808,37359350,1681833459470,43620,45800,43580,-40,-0.09,45020,1400,3.21,42000,45800,1399-10-8
42,خبهمن,گروه‌بهمن‌,10416,32300397,1057913138360,31670,32490,32350,680,2.15,32750,1080,3.41,32100,33250,1399-10-8
43,فروي,ذوب روي اصفهان,10365,8030060,607348339832,75484,73200,74700,-784,-1.04,75634,150,0.2,72350,78475,1399-10-8
44,شبريز,پالايش نفت تبريز,10225,35160410,1211501856950,33110,33800,34180,1070,3.23,34460,1350,4.08,33500,34760,1399-10-8
45,وخارزم,سرمايه گذاري خوارزمي,10154,62665137,671362736520,10310,10310,10800,490,4.75,10710,400,3.88,10310,10820,1399-10-8
46,خزاميا,زامياد,10110,55476882,764913860300,13730,13730,13550,-180,-1.31,13790,60,0.44,13300,14320,1399-10-8
47,بجهرم,توسعه مولد نيروگاهي جهرم,9794,87405492,366306478465,4345,4170,4169,-176,-4.05,4191,-154,-3.54,4128,4340,1399-10-8
48,ملت,بيمه ملت,9632,40036375,915402454390,23720,24030,23000,-720,-3.04,22860,-860,-3.63,22540,24030,1399-10-8
49,ونيكي,سرمايه‌گذاري‌ ملي‌ايران‌,9500,38418544,718348900050,19570,19010,18600,-970,-4.96,18700,-870,-4.45,18600,19900,1399-10-8
50,رانفور,خدمات‌انفورماتيك‌,9386,35228896,1291018068660,35710,37490,35280,-430,-1.2,36650,940,2.63,34930,37490,1399-10-8
51,ثفارس,عمران‌وتوسعه‌فارس‌,8833,90055689,1062048305960,11340,11900,11350,10,0.09,11790,450,3.97,11350,11900,1399-10-8
52,غويتا,ويتانا,8782,11023863,606732486555,56999,54150,55390,-1609,-2.82,55038,-1961,-3.44,54150,58600,1399-10-8
53,قرن,پديده شيمي قرن,8631,18036901,1269578470720,67590,70960,68490,900,1.33,70390,2800,4.14,68010,70960,1399-10-8
54,فاراك,ماشين‌ سازي‌ اراك‌,8196,72594869,604528411040,8570,8750,8150,-420,-4.9,8330,-240,-2.8,8150,8760,1399-10-8
55,خصدرا,صنعتي‌ دريايي‌ ايران‌,8101,76813857,380825383170,5092,5045,4960,-132,-2.59,4958,-134,-2.63,4940,5045,1399-10-8
56,تاپيكو,س. نفت و گاز و پتروشيمي تأمين,8075,57529466,847192184440,14050,14650,14750,700,4.98,14730,680,4.84,14200,14750,1399-10-8
57,لازما,كارخانه هاي صنعتي آزمايش,7861,19449774,528632097966,27913,26797,26980,-933,-3.34,27179,-734,-2.63,26797,28180,1399-10-8
58,كبافق,معادن‌ بافق‌,7840,15733234,1009531704040,64510,67730,61290,-3220,-4.99,64170,-340,-0.53,61290,67730,1399-10-8
59,كچاد,معدني‌وصنعتي‌چادرملو,7742,36033797,775662654120,20570,21100,21590,1020,4.96,21530,960,4.67,20990,21590,1399-10-8
60,ونوين,بانك‌اقتصادنوين‌,7697,181932189,1030863863720,5440,5480,5710,270,4.96,5670,230,4.23,5390,5710,1399-10-8
61,كالا,بورس كالاي ايران,7591,11878976,658089689810,53200,53000,55860,2660,5.0,55400,2200,4.14,52000,55860,1399-10-8
62,دبالك,مواد اوليه دارويي البرز بالك,7566,25630278,676112232099,26158,27465,27465,1307,5.0,26379,221,0.84,24851,27465,1399-10-8
63,غگرجي,بيسكويت‌  گرجي‌,7345,22946982,458549113490,19770,20750,20750,980,4.96,19980,210,1.06,18790,20750,1399-10-8
64,ديران,ايران‌دارو,7304,43404474,1285747716090,28970,27540,30410,1440,4.97,29620,650,2.24,27530,30410,1399-10-8
65,كاوه,فولاد كاوه جنوب كيش,7289,27441151,629525013190,22270,22270,22440,170,0.76,22940,670,3.01,21930,23380,1399-10-8
66,بكام,كارخانجات توليدي شهيد قندي,7238,75902577,356130411220,4840,4710,4760,-80,-1.65,4690,-150,-3.1,4600,5000,1399-10-8
67,فارس,صنايع پتروشيمي خليج فارس,7199,29085305,369240104330,12140,12500,12740,600,4.94,12700,560,4.61,12320,12740,1399-10-8
68,فاسمين,كالسيمين‌,7139,26065862,567911539130,22080,23180,21170,-910,-4.12,21790,-290,-1.31,21010,23180,1399-10-8
69,حريل,ريل پردازسير,7003,91306143,511017598726,5662,5379,5883,221,3.9,5597,-65,-1.15,5379,5910,1399-10-8
70,البرز,بيمه البرز,6932,110563939,625933383320,5930,5720,5660,-270,-4.55,5660,-270,-4.55,5640,5930,1399-10-8
71,ونفت,سرمايه‌گذاري‌ صنعت‌ نفت‌,6906,26451239,523659969220,19640,20590,19200,-440,-2.24,19800,160,0.81,19000,20620,1399-10-8
72,بكهنوج,توليد برق ماهتاب كهنوج,6841,116001630,311362829876,2803,2751,2690,-113,-4.03,2684,-119,-4.25,2663,2790,1399-10-8
73,تبرك,گروه كارخانجات صنعتي تبرك,6716,13770223,341789486161,25890,24950,24596,-1294,-5.0,24821,-1069,-4.13,24596,26000,1399-10-8
74,كرازي,كارخانجات‌توليدي‌شيشه‌رازي‌,6677,13789190,396146931760,28530,29300,29060,530,1.86,28730,200,0.7,27450,29740,1399-10-8
75,خمحركه,نيرو محركه‌,6595,45709053,320093095010,6760,6800,7090,330,4.88,7000,240,3.55,6740,7090,1399-10-8
76,صبا,سرمايه گذاري صبا تامين,6495,18332191,154437365659,8274,8360,8448,174,2.1,8424,150,1.81,8300,8600,1399-10-8
77,سفاسي,شركت فارسيت اهواز,6471,21216249,383191671907,17902,18439,17365,-537,-3.0,18061,159,0.89,17365,18439,1399-10-8
78,ونيرو,سرمايه‌گذاري‌نيرو,6296,70871448,291191398320,4150,4180,4070,-80,-1.93,4110,-40,-0.96,4030,4230,1399-10-8
79,خودكفا,اقتصادي و خودكفايي آزادگان,6280,39068042,1796382090385,45240,46597,43883,-1357,-3.0,45981,741,1.64,43883,46597,1399-10-8
80,غسالم,سالمين‌,6251,59892356,381877297720,6670,6340,6340,-330,-4.95,6380,-290,-4.35,6340,6600,1399-10-8
81,وملل,اعتباري ملل,6230,62411730,1073604688008,17781,17390,16930,-851,-4.79,17202,-579,-3.26,16892,17781,1399-10-8
82,بركت,گروه دارويي بركت,6105,14576074,385828678780,27860,26470,26470,-1390,-4.99,26470,-1390,-4.99,26470,26470,1399-10-8
83,ختور,رادياتور ايران‌,5966,10262045,388320728370,39490,37550,37970,-1520,-3.85,37840,-1650,-4.18,37520,39270,1399-10-8
84,تملت,تامين سرمايه بانك ملت,5964,18437609,177350699730,9840,9460,9600,-240,-2.44,9620,-220,-2.24,9430,10010,1399-10-8
85,تليسه,دامداري تليسه نمونه,5939,37725154,266245542006,7401,7110,7031,-370,-5.0,7058,-343,-4.63,7031,7250,1399-10-8
86,دماوند,توليد نيروي برق دماوند,5919,6085975,396979175025,67980,67740,64810,-3170,-4.66,65229,-2751,-4.05,64581,67749,1399-10-8
87,حفاري,حفاري شمال,5890,33534019,436362263120,13200,13200,12710,-490,-3.71,13010,-190,-1.44,12610,13600,1399-10-8
88,كفپارس,فرآورده‌هاي‌ نسوز پارس‌,5873,41462039,312685078480,7470,7450,7690,220,2.95,7540,70,0.94,7200,7800,1399-10-8
89,شيران,س. صنايع‌شيميايي‌ايران,5863,12220673,472047254210,39840,38700,38340,-1500,-3.77,38630,-1210,-3.04,37900,40400,1399-10-8
90,حتوكا,حمل‌ونقل‌توكا,5802,26211455,855620098980,31610,33190,33190,1580,5.0,32640,1030,3.26,30060,33190,1399-10-8
91,غشهداب,كشت و صنعت شهداب ناب خراسان,5714,55688513,300377186782,5514,5340,5460,-54,-0.98,5394,-120,-2.18,5250,5600,1399-10-8
92,قصفها,قنداصفهان‌,5614,1580706,311783114870,205730,200550,195450,-10280,-5.0,197240,-8490,-4.13,195450,207660,1399-10-8
93,غبهار,كشت وصنعت بهاران گلبهار خراسان,5589,8621326,423960907484,50391,49000,48880,-1511,-3.0,49176,-1215,-2.41,48880,51000,1399-10-8
94,كگل,معدني و صنعتي گل گهر,5415,32338277,635550356530,18910,19090,19850,940,4.97,19650,740,3.91,18800,19850,1399-10-8
95,غگيلا,شيرپاستوريزه پگاه گيلان,5319,578883,11967248259,19689,20673,20673,984,5.0,19908,219,1.11,20673,20673,1399-10-8
96,كروي,توسعه‌ معادن‌ روي‌ ايران‌,5231,7248659,290185030260,40180,41900,39500,-680,-1.69,40030,-150,-0.37,38220,41900,1399-10-8
97,خكمك,كمك‌فنرايندامين‌,5198,8832464,354777299200,39590,38500,40890,1300,3.28,40170,580,1.47,38270,41500,1399-10-8
98,ماديرا,صنايع ماشين هاي اداري ايران,5180,11166227,347033633723,30909,31000,30970,61,0.2,31079,170,0.55,30000,32100,1399-10-8
99,آريان,سرمايه گذاري پارس آريان,5180,40196557,736785760822,18451,18471,18200,-251,-1.36,18330,-121,-0.66,17961,18800,1399-10-8
100,ثنوسا,نوسازي‌وساختمان‌تهران‌,5108,24409561,368941169280,15030,15550,14620,-410,-2.73,15110,80,0.53,14280,15700,1399-10-8
101,چكاپا,گروه صنايع كاغذ پارس,5087,59779851,428435904280,6830,7170,7170,340,4.98,7170,340,4.98,7010,7170,1399-10-8
102,خريخت,صنايع‌ريخته‌گري‌ايران‌,5055,57361637,272757931800,4910,5000,4670,-240,-4.89,4760,-150,-3.05,4670,5080,1399-10-8
103,بزاگرس,نيروگاه زاگرس كوثر,5008,19404889,215537416627,11442,11100,10900,-542,-4.74,11107,-335,-2.93,10870,11800,1399-10-8
104,خرينگ,رينگ‌سازي‌مشهد,4999,7146873,535313346300,71680,71700,75260,3580,4.99,74900,3220,4.49,71700,75260,1399-10-8
105,شلرد,كود شيميايي اوره لردگان,4971,34320112,323687536287,9707,9500,9416,-291,-3.0,9431,-276,-2.84,9416,9670,1399-10-8
106,رنيك,جنرال مكانيك,4969,14512108,422587220406,30050,29001,28999,-1051,-3.5,29120,-930,-3.09,28548,30920,1399-10-8
107,فاذر,صنايع‌ آذرآب‌,4921,10071757,368382484330,37580,38070,36180,-1400,-3.73,36580,-1000,-2.66,36170,38450,1399-10-8
108,غگلستا,شير پاستوريزه پگاه گلستان,4805,14887808,381710611548,25179,24400,26437,1258,5.0,25639,460,1.83,23921,26437,1399-10-8
109,فوكا,فولاد كاويان,4743,42229478,653592558762,15028,15478,15478,450,2.99,15477,449,2.99,15367,15478,1399-10-8
110,ختراكح,ح . ريخته‌گري‌ تراكتورسازي‌,4730,18149583,246496228160,14660,13190,13190,-1470,-10.03,13580,-1080,-7.37,13190,15430,1399-10-8
111,فرابورس,فرابورس ايران,4703,10404359,580040439667,53214,54000,55874,2660,5.0,55750,2536,4.77,53510,55874,1399-10-8
112,كترام,توليدي‌ كاشي‌ تكسرام‌,4691,10072096,454001535350,44890,46000,44400,-490,-1.09,45080,190,0.42,43350,46790,1399-10-8
113,ثقزوي,شركت عمران و سازندگي قزوين,4680,8005260,275926910863,33609,34580,34617,1008,3.0,34468,859,2.56,33100,34617,1399-10-8
114,اخابر,مخابرات ايران,4615,28136982,383112040990,13800,13500,13520,-280,-2.03,13620,-180,-1.3,13320,14200,1399-10-8
115,آپ,آسان پرداخت پرشين,4554,15155495,337183919750,21630,22710,21520,-110,-0.51,22250,620,2.87,21120,22710,1399-10-8
116,قاسم,قاسم ايران,4494,23610909,403679394634,17506,18200,16631,-875,-5.0,17097,-409,-2.34,16631,18200,1399-10-8
117,كپارس,كاشي‌ پارس‌,4461,2780895,531956211240,187050,192900,196400,9350,5.0,191290,4240,2.27,179000,196400,1399-10-8
118,كلر,كلر پارس,4433,5656077,513416774184,86922,87100,91000,4078,4.69,90773,3851,4.43,86100,91268,1399-10-8
119,كساوه,صنايع‌ كاشي‌ و سراميك‌ سينا,4400,20286622,2119735014820,100860,105900,105900,5040,5.0,104490,3630,3.6,96960,105900,1399-10-8
120,ولپارس,ليزينگ پارسيان,4342,19050036,171870199270,9260,9450,8800,-460,-4.97,9020,-240,-2.59,8800,9450,1399-10-8
121,تكشا,گسترش‌صنايع‌وخدمات‌كشاورزي‌,4314,4952274,317273541480,64380,67000,61900,-2480,-3.85,64070,-310,-0.48,61200,67590,1399-10-8
122,وتوصا,گروه س توسعه صنعتي ايران,4304,28639492,638206263530,21370,21370,22430,1060,4.96,22280,910,4.26,21370,22430,1399-10-8
123,وپست,پست بانك ايران,4303,18842414,341873863750,18790,19340,18220,-570,-3.03,18140,-650,-3.46,17860,19340,1399-10-8
124,ورنا,سرمايه‌گذاري‌ رنا(هلدينگ‌,4300,33363108,280329774150,8080,8050,8480,400,4.95,8400,320,3.96,8050,8480,1399-10-8
125,فخوز,فولاد  خوزستان,4297,14770090,234147020480,15810,15350,15800,-10,-0.06,15850,40,0.25,15350,16300,1399-10-8
126,سامان,بانك سامان,4273,33616148,409064588484,12731,12095,12140,-591,-4.64,12169,-562,-4.41,12095,12623,1399-10-8
127,قنيشا,قند  نيشابور,4255,3305924,232017197430,69530,72300,68000,-1530,-2.2,70180,650,0.93,66060,73000,1399-10-8
128,دسانكو,داروسازي سبحان انكولوژي,4241,21205546,467023269841,22348,23465,21231,-1117,-5.0,22024,-324,-1.45,21231,23465,1399-10-8
129,زبينا,كشاورزي و دامپروري بينالود,4228,4881735,253890574464,53631,52010,51140,-2491,-4.64,52008,-1623,-3.03,50950,55500,1399-10-8
130,وهور,مديريت انرژي اميد  تابان هور,4199,6665815,300703779233,46093,45700,44995,-1098,-2.38,45111,-982,-2.13,43900,47000,1399-10-8
131,سصوفي,سيمان‌ صوفيان‌,4191,15190467,263525491020,17970,17970,17080,-890,-4.95,17350,-620,-3.45,17080,17970,1399-10-8
132,جهرم,پتروشيمي جهرم,4191,49980983,130939147814,2729,2593,2598,-131,-4.8,2620,-109,-3.99,2593,2739,1399-10-8
133,كوير,توليدي فولاد سپيد فراب كوير,4172,11744334,280267289540,23560,23100,24450,890,3.78,23860,300,1.27,23030,24500,1399-10-8
134,خكرمان,گروه اقتصادي كرمان خودرو,4164,34502595,213902700083,6320,6150,6240,-80,-1.27,6200,-120,-1.9,6131,6460,1399-10-8
135,غشاذر,پگاه‌آذربايجان‌غربي‌,4160,12077683,282435273820,23500,24670,24020,520,2.21,23380,-120,-0.51,22330,24670,1399-10-8
136,كحافظ,كاشي‌ وسراميك‌ حافظ‌,4152,14147708,229967105940,16890,16890,16260,-630,-3.73,16250,-640,-3.79,16050,17320,1399-10-8
137,ريشمك,توليد و صادرات ريشمك,4099,4945719,315235728925,65646,62364,65090,-556,-0.85,63739,-1907,-2.9,62364,68000,1399-10-8
138,كي بي سي,شركت كي بي سي,4067,12933590,548904326266,41407,43477,39900,-1507,-3.64,42440,1033,2.49,39500,43477,1399-10-8
139,داراب,پتروشيمي داراب,4053,67795867,195579309678,2856,2771,2941,85,2.98,2885,29,1.02,2771,2941,1399-10-8
140,فباهنر,مس‌ شهيدباهنر,4052,4221341,255091078130,62050,62770,59410,-2640,-4.25,60430,-1620,-2.61,58950,62780,1399-10-8
141,شتوكا,توكا رنگ فولاد سپاهان,4019,5801585,324376158442,53530,54240,56206,2676,5.0,55912,2382,4.45,53610,56206,1399-10-8
142,قثابت,قند ثابت‌ خراسان‌,3954,3933949,316826919740,84530,81100,80310,-4220,-4.99,80540,-3990,-4.72,80310,83640,1399-10-8
143,چدن,توليدي چدن سازان,3952,10397351,418524802270,39150,40950,39700,550,1.4,40250,1100,2.81,39320,41100,1399-10-8
144,ولساپا,ليزينگ رايان‌ سايپا,3929,39743895,172492083090,4330,4270,4290,-40,-0.92,4340,10,0.23,4220,4460,1399-10-8
145,وساپا,سرمايه‌گذاري‌ سايپا,3910,40702776,340918842450,8000,8200,8400,400,5.0,8380,380,4.75,8100,8400,1399-10-8
146,وبانك,سرمايه گذاري گروه توسعه ملي,3897,19228316,199104214920,10040,9830,10230,190,1.89,10350,310,3.09,9830,10540,1399-10-8
147,قچار,فراوردههاي غذايي وقند چهارمحال,3873,5841114,444687781980,74967,76950,74800,-167,-0.22,76131,1164,1.55,72000,78500,1399-10-8
148,توريل,توکاريل,3858,12873862,400115201622,29658,29900,30600,942,3.18,31080,1422,4.79,29900,31140,1399-10-8
149,هرمز,فولاد هرمزگان جنوب,3850,27487185,425204336251,14858,14858,15600,742,4.99,15469,611,4.11,14850,15600,1399-10-8
150,ولبهمن,شركت بهمن ليزينگ,3831,28780729,287914414283,10158,9750,9959,-199,-1.96,10004,-154,-1.52,9651,10499,1399-10-8
151,خاذين,سايپاآذين‌,3828,33303557,214225931360,6600,6510,6330,-270,-4.09,6430,-170,-2.58,6270,6760,1399-10-8
152,وسديد,گروه ‌صنعتي‌سديد,3767,15460435,436534965417,28985,28200,28116,-869,-3.0,28236,-749,-2.58,28116,29350,1399-10-8
153,ومعادن,توسعه‌معادن‌وفلزات‌,3734,19254061,269121596310,13710,13870,13980,270,1.97,13980,270,1.97,13630,14190,1399-10-8
154,وايران,ليزينگ ايرانيان,3691,17820734,231059589990,12870,13020,13300,430,3.34,12970,100,0.78,12400,13480,1399-10-8
155,چفيبر,فيبر ايران‌,3683,21721740,224777415660,9890,10380,10380,490,4.95,10350,460,4.65,10000,10380,1399-10-8
156,حفارس,حمل و نقل بين المللي خليج فارس,3657,41237822,197212475420,4740,4790,4650,-90,-1.9,4780,40,0.84,4620,4970,1399-10-8
157,شپترو,پتروشيمي آبادان,3655,60214941,386034448157,6601,6403,6403,-198,-3.0,6411,-190,-2.88,6403,6530,1399-10-8
158,شفارس,صنايع‌ شيميايي‌ فارس‌,3623,6898316,466473351210,69160,72000,65710,-3450,-4.99,67620,-1540,-2.23,65710,72000,1399-10-8
159,كيميا,معدني كيمياي زنجان گستران,3546,5335678,210862554179,41087,41000,39033,-2054,-5.0,39519,-1568,-3.82,39033,41990,1399-10-8
160,ثپرديس,سرمايه گذاري مسكن پرديس,3532,19140697,230621553705,12046,12090,11700,-346,-2.87,12049,3,0.02,11550,12648,1399-10-8
161,آ س پ,آ.س.پ,3520,14980413,189149141507,12889,13150,12690,-199,-1.54,12626,-263,-2.04,12245,13150,1399-10-8
162,وصنعت,سرمايه گذاري توسعه صنعت وتجارت,3497,19578295,145588814440,7520,7630,7430,-90,-1.2,7440,-80,-1.06,7320,7630,1399-10-8
163,فلامي,لاميران‌,3484,4183966,223147431900,53740,56420,51060,-2680,-4.99,53330,-410,-0.76,51060,56420,1399-10-8
164,ومهان,گروه توسعه مالي مهر آيندگان,3470,20757351,345011182014,15877,15950,16670,793,4.99,16621,744,4.69,15910,16670,1399-10-8
165,لابسا,آبسال‌,3451,5509236,276134073470,50060,52560,47800,-2260,-4.51,50120,60,0.12,47560,52560,1399-10-8
166,كگاز,شيشه‌ و گاز,3449,8714855,228889323950,25320,26580,25580,260,1.03,26260,940,3.71,24880,26580,1399-10-8
167,سمازن,سيمان‌مازندران‌,3449,18721797,223748684520,12160,12600,11890,-270,-2.22,11950,-210,-1.73,11560,12600,1399-10-8
168,گكوثر,هتل پارسيان كوثر اصفهان,3442,78606597,466923186180,5400,5940,5940,540,10.0,5940,540,10.0,5940,5940,1399-10-8
169,فنوال,نورد آلومينيوم‌,3421,6577768,188494256490,29290,29900,28170,-1120,-3.82,28660,-630,-2.15,27830,29980,1399-10-8
170,دفارا,داروسازي‌ فارابي‌,3373,12183140,924615969070,77430,73800,81150,3720,4.8,75890,-1540,-1.99,73560,81200,1399-10-8
171,غفارس,شير پاستوريزه پگاه فارس,3356,29703208,420809880883,14024,13323,14725,701,5.0,14167,143,1.02,13323,14725,1399-10-8
172,دتوزيعح,ح . توزيع دارو پخش,3321,9690350,302143627630,30270,30900,31783,1513,5.0,31180,910,3.01,29200,31783,1399-10-8
173,وپاسار,بانك  پاسارگاد,3295,24964406,301941141070,12000,12050,12160,160,1.33,12090,90,0.75,12000,12160,1399-10-8
174,ولغدر,ليزينگ‌خودروغدير,3266,10836160,325263063030,28760,30160,30190,1430,4.97,30020,1260,4.38,29160,30190,1399-10-8
175,تابا,تابان نيرو سپاهان,3204,7145081,268369240994,37597,38724,36520,-1077,-2.86,37560,-37,-0.1,36470,38724,1399-10-8
176,پكوير,كوير تاير,3163,8381163,184486163840,22370,21270,22350,-20,-0.09,22010,-360,-1.61,21260,22970,1399-10-8
177,غصينو,صنعتي مينو,3159,9477972,767576078356,84881,83100,83180,-1701,-2.0,80985,-3896,-4.59,80637,84500,1399-10-8
178,فاما,صنعتي‌ آما,3145,10828620,227285574910,20980,22020,20990,10,0.05,20990,10,0.05,19970,22020,1399-10-8
179,وتوكا,سرمايه‌گذاري‌توكافولاد(هلدينگ,3104,21160562,310842716750,15230,15750,14600,-630,-4.14,14690,-540,-3.55,14470,15750,1399-10-8
180,وسينا,بانك سينا,3078,24732788,269004984990,10950,10680,10840,-110,-1.0,10880,-70,-0.64,10600,11350,1399-10-8
181,كاذر,فرآورده‌هاي‌نسوزآذر,3042,10923103,310262989210,27230,27600,28590,1360,4.99,28400,1170,4.3,27410,28590,1399-10-8
182,ثعمرا,عمران و توسعه شاهد,2967,11287276,166967231283,14799,14500,14750,-49,-0.33,14793,-6,-0.04,14350,15254,1399-10-8
183,كطبس,ذغال‌سنگ‌ نگين‌ ط‌بس‌,2964,4224099,323888419440,75020,78700,78000,2980,3.97,76680,1660,2.21,72300,78770,1399-10-8
184,وشهر,بانك شهر,2961,23926252,154643893507,6636,6400,6486,-150,-2.26,6463,-173,-2.61,6400,6700,1399-10-8
185,وليز,ليزينگ‌ايران‌,2953,18334612,174355433510,9730,10000,9450,-280,-2.88,9510,-220,-2.26,9250,10150,1399-10-8
186,انرژي3,سايراشخاص بورس انرژي,2905,788341,311621370310,377250,396000,396110,18860,5.0,395290,18040,4.78,385000,396110,1399-10-8
187,چافست,افست‌,2884,8756402,208075017140,23350,24510,23400,50,0.21,23760,410,1.76,22430,24510,1399-10-8
188,خموتور,موتورسازان‌تراكتورسازي‌ايران‌,2864,21107926,357933309320,16340,17150,17150,810,4.96,16960,620,3.79,16380,17150,1399-10-8
189,فسازان,غلتك سازان سپاهان,2841,8132038,329987546610,39660,39020,39680,20,0.05,40580,920,2.32,39020,41640,1399-10-8
190,خچرخش,چرخشگر,2826,11438651,210114959630,17660,18540,18540,880,4.98,18370,710,4.02,17660,18540,1399-10-8
191,پاكشو,گروه صنعتي پاكشو,2814,3910226,331934978470,81530,83000,85600,4070,4.99,84890,3360,4.12,83000,85600,1399-10-8
192,قشير,قند شيروان قوچان و بجنورد,2812,5831708,191213948603,34096,33392,32950,-1146,-3.36,32789,-1307,-3.83,32392,33900,1399-10-8
193,ارفع,شركت آهن و فولاد ارفع,2803,8564349,135366526199,15861,16640,15501,-360,-2.27,15806,-55,-0.35,15400,16640,1399-10-8
194,حسير,ريل سير كوثر,2755,8155841,145663231863,18640,17850,17708,-932,-5.0,17860,-780,-4.18,17708,18660,1399-10-8
195,حآسا,آسيا سير ارس,2751,4705313,219786834089,44565,46190,46793,2228,5.0,46710,2145,4.81,46000,46793,1399-10-8
196,تكمبا,كمباين‌ سازي‌ ايران‌,2742,18102002,243976765400,14040,13500,13340,-700,-4.99,13480,-560,-3.99,13340,14040,1399-10-8
197,كمرجان,بازرگاني و توليدي مرجان كار,2733,2187044,191861645775,91658,94850,87700,-3958,-4.32,87726,-3932,-4.29,87076,94850,1399-10-8
198,زنگان,صنعت روي زنگان,2727,1578918,177525882003,109592,115071,108510,-1082,-0.99,112435,2843,2.59,107000,115071,1399-10-8
199,وسبحان,سرمايه گذاري سبحان,2716,20420399,199215534092,10211,9990,9701,-510,-4.99,9756,-455,-4.46,9701,10198,1399-10-8
200,سيدكو,سرمايه گذاري توسعه صنايع سيمان,2692,14088726,125951375900,9360,8900,8900,-460,-4.91,8940,-420,-4.49,8900,9300,1399-10-8
201,مدير,ص.س.مديريت ثروت ص.بازنشستگي-س,2680,15881704,172809373812,10704,11000,10830,126,1.18,10881,177,1.65,10680,11100,1399-10-8
202,خكاوه,سايپا ديزل,2605,27347852,151573882705,5650,5650,5580,-70,-1.24,5542,-108,-1.91,5481,5750,1399-10-8
203,حتايد,تايدواترخاورميانه,2594,15262307,377074702890,25770,26000,24490,-1280,-4.97,24710,-1060,-4.11,24490,26000,1399-10-8
204,سمگا,گروه سرمايه گذاري ميراث فرهنگي,2545,29801879,1122253647788,35953,35510,37750,1797,5.0,37657,1704,4.74,35500,37750,1399-10-8
205,شپديس,پتروشيمي پرديس,2542,3606151,374576247060,104630,101120,102990,-1640,-1.57,103870,-760,-0.73,101120,106280,1399-10-8
206,خمهر,مهركام‌پارس‌,2522,18637670,141016670320,7640,7540,7330,-310,-4.06,7570,-70,-0.92,7270,8000,1399-10-8
207,پرديس,سرمايه گذاري پرديس,2521,16742144,130495078180,8070,8070,7670,-400,-4.96,7790,-280,-3.47,7670,8170,1399-10-8
208,شسپا,نفت سپاهان,2509,6522754,179692244750,27680,27600,27400,-280,-1.01,27550,-130,-0.47,26810,28890,1399-10-8
209,مرقام,ايران‌ارقام‌,2501,5868589,145905709120,25130,25510,24610,-520,-2.07,24860,-270,-1.07,24200,26000,1399-10-8
210,فخاس,فولاد خراسان,2448,4570624,148809244280,33850,34700,32250,-1600,-4.73,32560,-1290,-3.81,32160,34700,1399-10-8
211,وكادو,تكادو,2446,7989030,188856931687,23853,24568,24000,147,0.62,23640,-213,-0.89,23138,24568,1399-10-8
212,وبوعلي,سرمايه‌گذاري‌بوعلي‌,2374,15443934,112356696210,7590,7400,7220,-370,-4.87,7280,-310,-4.08,7220,7500,1399-10-8
213,كشرق,صنعتي و معدني شمال شرق شاهرود,2374,1820340,157967213768,84381,88600,85440,1059,1.26,86779,2398,2.84,80300,88600,1399-10-8
214,شكلر,نيروكلر,2371,3042702,192529655700,66260,63200,62950,-3310,-5.0,63280,-2980,-4.5,62950,65770,1399-10-8
215,زاگرس,پتروشيمي زاگرس,2347,1165972,267207798808,227564,223520,228000,436,0.19,229172,1608,0.71,223500,232500,1399-10-8
216,شپارس,بين‌ المللي‌ محصولات‌  پارس‌,2344,9259044,195753459040,21910,22840,20820,-1090,-4.97,21140,-770,-3.51,20820,22840,1399-10-8
217,لپارس,پارس‌ الكتريك‌,2337,750669,113307513670,158360,151000,150450,-7910,-4.99,150940,-7420,-4.69,150450,155000,1399-10-8
218,فولاي,صنايع فولاد آلياژي يزد,2331,3540721,160665015641,43493,45500,45667,2174,5.0,45376,1883,4.33,43443,45667,1399-10-8
219,غچين,كشت‌ و صنعت‌ چين‌ چين,2313,2600803,204281222230,76090,72800,79890,3800,4.99,78550,2460,3.23,72800,79890,1399-10-8
220,كمند,صندوق س. با درآمد ثابت كمند,2298,97355328,985969018448,10122,10126,10130,8,0.08,10128,6,0.06,10126,10150,1399-10-8
221,وساخت,سرمايه‌ گذاري‌ ساختمان‌ايران‌,2279,1866175,120269425520,64320,62700,63300,-1020,-1.59,64450,130,0.2,62700,66500,1399-10-8
222,كپرور,فرآوري زغال سنگ پروده طبس,2276,2909939,152606012017,50838,53000,51410,572,1.13,52443,1605,3.16,50220,53379,1399-10-8
223,شفارا,پتروشيمي فارابي,2267,35631486,192235744216,5388,5549,5259,-129,-2.39,5395,7,0.13,5227,5549,1399-10-8
224,حرهشا,رهشاد سپاهان (سهامي عام,2242,1826742,118243454935,65564,68000,62795,-2769,-4.22,64729,-835,-1.27,62286,68840,1399-10-8
225,خشرق,الكتريك‌ خودرو شرق‌,2226,7066910,150426999530,21400,21300,20790,-610,-2.85,21290,-110,-0.51,20330,22400,1399-10-8
226,پارسان,گسترش نفت و گاز پارسيان,2223,10935176,261482925300,23030,22600,23900,870,3.78,23910,880,3.82,22600,24180,1399-10-8
227,دامين,داروسازي‌ امين‌,2211,5751328,101927476330,18460,17760,17540,-920,-4.98,17720,-740,-4.01,17540,18370,1399-10-8
228,پلاسك,پلاسكوكار,2167,14272872,117583837760,8580,8180,8160,-420,-4.9,8240,-340,-3.96,8160,8600,1399-10-8
229,بورس,بورس اوراق بهادار تهران,2151,4258957,258424647680,58010,57520,60910,2900,5.0,60680,2670,4.6,57510,60910,1399-10-8
230,پخش,پخش البرز,2147,3454652,150762582182,44217,42007,45540,1323,2.99,43640,-577,-1.3,42007,45980,1399-10-8
231,وهنر,گروه توسعه هنر ايران,2137,42093143,248540517514,5635,5916,5916,281,4.99,5905,270,4.79,5720,5916,1399-10-8
232,گوهران,سرمايه گذاري توسعه گوهران اميد,2131,10461321,106292225215,10591,10120,10062,-529,-4.99,10160,-431,-4.07,10062,10810,1399-10-8
233,تايرا,تراكتورسازي‌ايران‌,2130,13233146,486403793750,36320,36290,37030,710,1.95,36760,440,1.21,34510,37500,1399-10-8
234,تنوين,تامين سرمايه نوين,2120,19702016,139186075580,7400,7110,7080,-320,-4.32,7060,-340,-4.59,7030,7280,1399-10-8
235,فرآور,فرآوري‌موادمعدني‌ايران‌,2093,4876436,146185485500,30370,31010,29390,-980,-3.23,29980,-390,-1.28,29060,31200,1399-10-8
236,لسرما,سرما آفرين‌,2068,5198199,156976386650,31700,31630,30120,-1580,-4.98,30200,-1500,-4.73,30120,31630,1399-10-8
237,خوساز,محورسازان‌ايران‌خودرو,2059,13568259,120524185980,9190,8760,8740,-450,-4.9,8880,-310,-3.37,8740,9370,1399-10-8
238,تنوينح,ح . تامين سرمايه نوين,2056,8686092,43913899063,5284,5115,5026,-258,-4.88,5056,-228,-4.31,4990,5150,1399-10-8
239,سرو,صندوق س سروسودمند مدبران-سهام,2052,2565284,191817788940,74010,73850,74640,630,0.85,74770,760,1.03,73850,75200,1399-10-8
240,زمگسا,كشاورزي‌ ودامپروي‌ مگسال‌,2044,3157412,157587620370,52500,49880,49880,-2620,-4.99,49910,-2590,-4.93,49880,51000,1399-10-8
241,تپمپي,پمپ‌ سازي‌ ايران‌,2044,3596563,128628720890,37520,36250,35650,-1870,-4.98,35760,-1760,-4.69,35650,37100,1399-10-8
242,رمپنا,گروه مپنا (سهامي عام),2042,7942950,152645906790,19290,19290,19200,-90,-0.47,19220,-70,-0.36,18800,19940,1399-10-8
243,افق,فروشگاههاي زنجيره اي افق كوروش,2035,1371835,113952812460,82190,83950,84010,1820,2.21,83070,880,1.07,82160,84010,1399-10-8
244,شغدير,پتروشيمي غدير,2022,6157400,471282156319,72987,74950,76636,3649,5.0,76539,3552,4.87,73300,76636,1399-10-8
245,بنو,بيمه تجارت نو,2020,6746745,205971084001,30611,31050,31000,389,1.27,30529,-82,-0.27,29500,31489,1399-10-8
246,غدشت,دشت‌ مرغاب‌,2016,649065,182919683550,291900,298000,277310,-14590,-5.0,281820,-10080,-3.45,277310,298000,1399-10-8
247,دشيمي,شيمي‌ داروئي‌ داروپخش‌,2013,10071447,814397714430,85090,80840,80840,-4250,-4.99,80860,-4230,-4.97,80840,82700,1399-10-8
248,شصدف,صنعتي دوده فام,1999,61277,1664589705,25872,27165,27165,1293,5.0,25912,40,0.15,27165,27165,1399-10-8
249,ما,بيمه  ما,1994,17129503,157790360600,9300,8940,9340,40,0.43,9210,-90,-0.97,8940,9430,1399-10-8
250,پتاير,ايران‌ تاير,1987,1385819,238520777010,164400,169990,172620,8220,5.0,172120,7720,4.7,166690,172620,1399-10-8
251,آگاس,صندوق س.هستي بخش آگاه-س,1983,1949438,146930925304,74354,74310,75229,875,1.18,75371,1017,1.37,74310,76250,1399-10-8
252,ولصنم,ليزينگ‌صنعت‌ومعدن‌,1983,8322055,85273012140,10570,10450,10100,-470,-4.45,10250,-320,-3.03,10060,10950,1399-10-8
253,لوتوس,تامين سرمايه لوتوس پارسيان,1974,9236097,142446581290,16200,15870,15390,-810,-5.0,15420,-780,-4.81,15390,15900,1399-10-8
254,افرا,افرانت,1958,2773587,129556925759,48631,48000,46200,-2431,-5.0,46711,-1920,-3.95,46200,48000,1399-10-8
255,شاوان,پالايش نفت لاوان,1956,2370595,259128462344,104238,109449,109449,5211,5.0,109309,5071,4.86,105801,109449,1399-10-8
256,رتاپ,تجارت الكترونيك  پارسيان,1944,8781313,66444725010,7910,7700,7520,-390,-4.93,7570,-340,-4.3,7520,7880,1399-10-8
257,ثجوان,تامين مسكن جوانان,1918,10324955,130482232385,12517,13142,13132,615,4.91,12638,121,0.97,12050,13142,1399-10-8
258,نطرين,عطرين نخ قم,1915,8474687,95685777028,11788,11300,11199,-589,-5.0,11291,-497,-4.22,11199,11788,1399-10-8
259,كهمدا,شيشه‌ همدان‌,1889,6592606,79525382900,12550,12500,12060,-490,-3.9,12060,-490,-3.9,11930,12710,1399-10-8
260,ثتران,سرمايه گذاري مسكن تهران,1881,18678063,105138957359,5537,5794,5650,113,2.04,5629,92,1.66,5371,5794,1399-10-8
261,غشان,شيرپاستوريزه‌پگاه‌خراسان‌,1867,8591512,69835760610,8400,8300,8080,-320,-3.81,8130,-270,-3.21,8010,8370,1399-10-8
262,تيپيكو,سرمايه گذاري دارويي تامين,1855,3153027,185934228020,61850,58970,58760,-3090,-5.0,58970,-2880,-4.66,58760,61840,1399-10-8
263,خاهن,آهنگري‌ تراكتورسازي‌ ايران‌,1847,5401304,217035792380,40100,40110,40150,50,0.12,40180,80,0.2,40100,41000,1399-10-8
264,سيلام,سيمان‌ ايلام‌,1834,11866621,130596337050,11500,11450,10930,-570,-4.96,11010,-490,-4.26,10930,11450,1399-10-8
265,فلوله,لوله‌وماشين‌سازي‌ايران‌,1817,5567028,141121451520,26530,25440,25460,-1070,-4.03,25350,-1180,-4.45,25210,26530,1399-10-8
266,سخوز,سيمان خوزستان,1816,5210904,133915123610,26840,25600,25500,-1340,-4.99,25700,-1140,-4.25,25500,26810,1399-10-8
267,ميدكو,هلدينگ صنايع  معدني خاورميانه,1795,7821323,246131347503,31113,31113,31760,647,2.08,31469,356,1.14,31113,31800,1399-10-8
268,اعتلا,شركت سرمايه گذاري اعتلاء البرز,1787,11705952,129415643493,11581,11002,11002,-579,-5.0,11056,-525,-4.53,11002,11579,1399-10-8
269,تسه9909,امتياز تسهيلات مسكن آذر99,1768,30651,16292787017,531645,545000,521000,-10645,-2.0,531558,-87,-0.02,510001,545000,1399-10-8
270,فسرب,ملي‌ سرب‌وروي‌ ايران‌,1729,757397,102453123360,135200,135000,135990,790,0.58,135270,70,0.05,131150,138500,1399-10-8
271,اتكام,شركت بيمه اتكايي امين,1715,14670405,102854583187,7278,7140,7020,-258,-3.54,7011,-267,-3.67,6915,7390,1399-10-8
272,ساربيل,سيمان آرتا اردبيل,1714,1632770,80285832030,51610,49200,49030,-2580,-5.0,49170,-2440,-4.73,49030,51000,1399-10-8
273,شسينا,صنايع‌شيميايي‌سينا,1710,553029,94738214670,180020,171800,171020,-9000,-5.0,171310,-8710,-4.84,171020,179990,1399-10-8
274,پكرمان,گروه‌ صنعتي‌ بارز,1705,4230357,133547453300,32750,31220,31500,-1250,-3.82,31570,-1180,-3.6,31120,33000,1399-10-8
275,وبهمن,سرمايه‌گذاري‌بهمن‌,1705,5125295,126141065560,23640,24800,24820,1180,4.99,24610,970,4.1,22900,24820,1399-10-8
276,دزهراوي,داروسازي‌زهراوي‌,1702,7030643,101694704050,15220,14460,14460,-760,-4.99,14460,-760,-4.99,14460,14770,1399-10-8
277,وسكاب,س.ص.بازنشستگي كاركنان بانكها,1702,12779247,89709660150,7090,6940,7030,-60,-0.85,7020,-70,-0.99,6930,7200,1399-10-8
278,وپترو,سرمايه‌گذاري صنايع پتروشيمي‌,1702,6295775,114973638410,18270,17500,18030,-240,-1.31,18260,-10,-0.05,17480,18900,1399-10-8
279,وتوشه,سرمايه‌ گذاري‌ پارس‌ توشه‌,1694,3155897,79808232140,25910,26250,24760,-1150,-4.44,25290,-620,-2.39,24700,26380,1399-10-8
280,اميد,تامين سرمايه اميد,1690,7442210,87639657590,12050,11710,11600,-450,-3.73,11780,-270,-2.24,11540,12290,1399-10-8
281,زكوثر,سرمايه گذاري كشاورزي كوثر,1684,4334800,121018389010,29060,29000,27610,-1450,-4.99,27920,-1140,-3.92,27610,29030,1399-10-8
282,بساما,بيمه سامان,1683,3940470,121927739135,29670,30980,31153,1483,5.0,30942,1272,4.29,29750,31153,1399-10-8
283,دتماد,توليدمواداوليه‌داروپخش‌,1679,2623622,149233643900,58350,56820,59200,850,1.46,56880,-1470,-2.52,55900,59300,1399-10-8
284,شوينده,مديريت صنعت شوينده ت.ص.بهشهر,1667,2046599,81958703330,41080,40970,39260,-1820,-4.43,40050,-1030,-2.51,39030,42190,1399-10-8
285,درازك,دارويي‌ رازك‌,1666,4321683,212038610410,51340,50000,50000,-1340,-2.61,49060,-2280,-4.44,48780,50980,1399-10-8
286,شجم,صنايع پتروشيمي تخت جمشيد,1664,21370990,245626093302,11718,11420,11601,-117,-1.0,11493,-225,-1.92,11367,11940,1399-10-8
287,اپرداز,آتيه داده پرداز,1664,3744717,110270836174,29884,29000,29140,-744,-2.49,29447,-437,-1.46,28401,30979,1399-10-8
288,كاما,باما,1663,14817105,403766111250,25960,27250,27250,1290,4.97,27250,1290,4.97,27250,27250,1399-10-8
289,تاصيكو,سرمايه گذاري صدرتامين,1661,8414781,97320514360,11320,11130,11740,420,3.71,11520,200,1.77,11130,11800,1399-10-8
290,واتي,سرمايه‌ گذاري‌ آتيه‌ دماوند,1653,7806014,113758786850,15120,14460,14370,-750,-4.96,14570,-550,-3.64,14370,15490,1399-10-8
291,همراه,شركت ارتباطات سيار ايران,1650,2981465,97336661550,32940,32020,32950,10,0.03,32650,-290,-0.88,31600,33940,1399-10-8
292,حپارسا,توسعه حمل و نقل ريلي پارسيان,1639,2501776,99679054908,39076,38000,39000,-76,-0.19,39843,767,1.96,38000,41000,1399-10-8
293,بايكا,كارخانجات كابلسازي ‌ايران‌,1636,2068172,122978361010,61063,61063,59232,-1831,-3.0,59462,-1601,-2.62,59232,61899,1399-10-8
294,ثرود,سرمايه‌گذاري مسكن زاينده رود,1631,9826107,109390087068,11597,11120,11018,-579,-4.99,11133,-464,-4.0,11018,11550,1399-10-8
295,سخزر,سيمان‌ خزر,1618,4091788,136285094910,34270,32600,33730,-540,-1.58,33310,-960,-2.8,32560,35900,1399-10-8
296,وآوا,سرمايه گذاري آوا نوين,1600,11268053,90858452738,8430,8430,8050,-380,-4.51,8063,-367,-4.35,8009,8430,1399-10-8
297,سرود,سيمان‌شاهرود,1589,11181220,215510979680,20280,19270,19270,-1010,-4.98,19270,-1010,-4.98,19270,19660,1399-10-8
298,شپاكسا,پاكسان‌,1584,4043081,139657817850,33580,33620,35250,1670,4.97,34540,960,2.86,33620,35250,1399-10-8
299,ارزش,صندوق س ارزش آفرين بيدار-سهام,1580,10434402,114741021900,10830,10860,11000,170,1.57,11000,170,1.57,10860,11140,1399-10-8
300,وسپه,سرمايه‌گذاري‌ سپه‌,1579,10444641,152575141050,14540,14430,14540,0,0.0,14610,70,0.48,14310,14950,1399-10-8
301,اعتماد,صندوق س.اعتماد آفرين پارسيان-د,1562,40069050,1364482789910,34035,34055,34054,19,0.06,34053,18,0.05,34046,34058,1399-10-8
302,كمينا,شيشه سازي مينا,1557,2817820,99567636106,35320,34000,34989,-331,-0.94,35335,15,0.04,34000,36799,1399-10-8
303,ثامان,سامان‌ گستراصفهان‌,1553,4314682,93343163300,22330,21220,21220,-1110,-4.97,21630,-700,-3.13,21220,22570,1399-10-8
304,لپيام,گسترش صنايع پيام,1552,2335274,81095836151,34519,35554,34910,391,1.13,34726,207,0.6,33550,35554,1399-10-8
305,وگستر,گسترش سرمايه گذاري ايرانيان,1539,5988125,148434474982,24661,24000,25002,341,1.38,24788,127,0.51,23428,25890,1399-10-8
306,بالاس,مهندسي ساختمان تاسيسات راه آهن,1526,1872682,101602932492,53197,52040,55856,2659,5.0,54255,1058,1.99,52040,55856,1399-10-8
307,ودي,بيمه  دي,1520,4894705,142407476555,30552,29025,29025,-1527,-5.0,29094,-1458,-4.77,29025,29730,1399-10-8
308,پاسا,ايران‌ياساتايرورابر,1509,4495634,121953399650,27050,26300,27080,30,0.11,27130,80,0.3,26300,27900,1399-10-8
309,ولتجار,واسپاري تجارت وسرمايه ايرانيان,1492,8747962,73051203405,8388,8800,8300,-88,-1.05,8351,-37,-0.44,8000,8800,1399-10-8
310,شبهرن,نفت‌ بهران‌,1477,1484756,85732358630,56330,57440,57360,1030,1.83,57740,1410,2.5,57000,58200,1399-10-8
311,كفرآور,فرآورده هاي سيمان شرق,1466,5239839,128825466262,24706,25447,24727,21,0.08,24586,-120,-0.49,23965,25447,1399-10-8
312,غپاك,لبنيات‌ پاك‌,1465,8213703,129993946160,16510,16010,15690,-820,-4.97,15830,-680,-4.12,15690,16620,1399-10-8
313,بهپاك,صنعتي بهپاك,1455,3011037,150515286622,52261,52300,49999,-2262,-4.33,49988,-2273,-4.35,49648,52300,1399-10-8
314,ومعلم,بيمه معلم,1452,9966969,77536204433,8138,7800,7732,-406,-4.99,7779,-359,-4.41,7732,8100,1399-10-8
315,وثنو,سرمايه گذاري ساختماني نوين,1452,4786260,91472778065,20056,19056,19054,-1002,-5.0,19112,-944,-4.71,19054,20000,1399-10-8
316,رتكو,كنترل‌خوردگي‌تكين‌كو,1430,4450484,93641942240,22010,21970,20910,-1100,-5.0,21040,-970,-4.41,20910,21970,1399-10-8
317,سپ,پرداخت الكترونيك سامان كيش,1430,3968951,89091839060,21730,22200,22810,1080,4.97,22450,720,3.31,21000,22810,1399-10-8
318,غشهد,شهد ايران ‌,1426,8758318,68281582860,8180,7990,7780,-400,-4.89,7800,-380,-4.65,7780,7990,1399-10-8
319,كفرا,فراورده‌ هاي‌ نسوزايران‌,1423,1463963,98708772560,70030,66750,66670,-3360,-4.8,67430,-2600,-3.71,66530,69750,1399-10-8
320,فايرا,آلومينيوم‌ايران‌,1423,5839082,152034059140,26780,26200,25840,-940,-3.51,26040,-740,-2.76,25450,27400,1399-10-8
321,سكرد,سيمان كردستان,1410,10187476,95737665500,9880,9390,9390,-490,-4.96,9400,-480,-4.86,9390,9680,1399-10-8
322,غبشهر,صنعتي‌ بهشهر,1410,4212167,113238929170,27610,28250,27010,-600,-2.17,26880,-730,-2.64,26230,28250,1399-10-8
323,خديزل,بهمن  ديزل,1409,4481406,246460814119,52416,53000,54690,2274,4.34,54996,2580,4.92,53000,55036,1399-10-8
324,ثباغ,شهر سازي و خانه سازي باغميشه,1409,2700433,61060550468,23503,23370,22351,-1152,-4.9,22611,-892,-3.8,22328,23380,1399-10-8
325,والبر,سرمايه‌ گذاري‌ البرز(هلدينگ‌,1406,6731834,143870179540,22490,21370,21370,-1120,-4.98,21370,-1120,-4.98,21370,21510,1399-10-8
326,شگل,گلتاش‌,1399,3309103,95673187660,29360,28400,28480,-880,-3.0,28910,-450,-1.53,27940,29980,1399-10-8
327,كهمداح,ح . شيشه‌ همدان‌,1398,4923104,48892669250,10200,10140,9950,-250,-2.45,9930,-270,-2.65,9620,10500,1399-10-8
328,تكنو,تكنوتار,1393,6296585,102957765680,17120,17010,16270,-850,-4.96,16350,-770,-4.5,16270,17010,1399-10-8
329,وبيمه,سرمايه‌ گذاري‌ صنعت‌ بيمه‌,1392,13649407,47176823410,3540,3470,3440,-100,-2.82,3460,-80,-2.26,3380,3600,1399-10-8
330,كاذرح,ح . فرآورده‌هاي‌نسوزآذر,1388,4385285,94736623340,21670,20080,21920,250,1.15,21600,-70,-0.32,20080,22290,1399-10-8
331,پسهند,صنايع‌ لاستيكي‌  سهند,1384,2107483,101360229900,49620,47500,48800,-820,-1.65,48100,-1520,-3.06,47140,50570,1399-10-8
332,سشرق,سيمان‌ شرق‌,1382,10962701,86344261500,8280,7900,7870,-410,-4.95,7880,-400,-4.83,7870,8000,1399-10-8
333,ركيش,كارت اعتباري ايران كيش,1376,7644559,158611566460,21690,21690,20610,-1080,-4.98,20750,-940,-4.33,20610,21880,1399-10-8
334,نوين,بيمه نوين,1375,13788125,121438808051,9234,8870,8773,-461,-4.99,8807,-427,-4.62,8773,9200,1399-10-8
335,وتوسم,سرمايه‌گذاري‌توسعه‌ملي‌,1373,5734283,79180247530,13570,13800,13990,420,3.1,13810,240,1.77,13400,14080,1399-10-8
336,سهگمت,سيمان‌هگمتان‌,1372,5825920,152776343630,27450,26100,27100,-350,-1.28,26220,-1230,-4.48,26080,27480,1399-10-8
337,وآرين,شركت توسعه اقتصادي آرين,1348,9485085,49925841064,5316,5300,5340,24,0.45,5264,-52,-0.98,5157,5448,1399-10-8
338,سبزوا,سيمان لار سبزوار,1340,8159899,46004706512,5914,5750,5619,-295,-4.99,5663,-251,-4.24,5619,5800,1399-10-8
339,سنير,سيمان‌ سفيد ني‌ريز,1337,946375,108086918080,116500,122320,110680,-5820,-5.0,114210,-2290,-1.97,110680,122320,1399-10-8
340,فسا,پتروشيمي فسا,1331,23045037,55921233669,2494,2420,2420,-74,-2.97,2427,-67,-2.69,2420,2478,1399-10-8
341,خفولا,خدمات فني فولاد يزد,1329,3914092,200411292672,49730,51221,51221,1491,3.0,51202,1472,2.96,49767,51221,1399-10-8
342,سپح,ح . پرداخت الكترونيك سامان كيش,1310,2178505,47506693390,20930,21000,22010,1080,5.16,21810,880,4.2,20900,22300,1399-10-8
343,شفن,پتروشيمي فناوران,1309,396271,123489519730,315080,319280,309680,-5400,-1.71,311630,-3450,-1.09,308100,320000,1399-10-8
344,خفناور,مهندسي صنعتي روان فن آور,1300,4708910,125275799495,26379,25589,27170,791,3.0,26604,225,0.85,25588,27170,1399-10-8
345,ثاژن,سخت آژند,1294,15238303,136282858946,8780,9131,9089,309,3.52,8943,163,1.86,8429,9131,1399-10-8
346,دكپسول,توليد ژلاتين كپسول ايران,1287,2005717,92107743816,48304,45889,46384,-1920,-3.97,45923,-2381,-4.93,45889,46699,1399-10-8
347,امين يكم,صندوق درآمد ثابت امين يكم فردا,1281,33877804,344273320655,10158,10160,10162,4,0.04,10162,4,0.04,10158,10174,1399-10-8
348,درهآور,دارويي ره آورد تامين,1281,1959603,90677400250,48226,46510,45815,-2411,-5.0,46273,-1953,-4.05,45815,48450,1399-10-8
349,شاروم,پتروشيمي اروميه,1265,3910873,133716658743,35990,34191,34191,-1799,-5.0,34191,-1799,-5.0,34191,34191,1399-10-8
350,وبشهر,توسعه‌ صنايع‌ بهشهر(هلدينگ,1255,6036369,104763584310,17750,16900,17100,-650,-3.66,17360,-390,-2.2,16870,18230,1399-10-8
351,كرماشا,صنايع پتروشيمي كرمانشاه,1236,2394743,101530280040,42890,42900,42210,-680,-1.59,42400,-490,-1.14,42000,43190,1399-10-8
352,سدبير,س. تدبيرگران فارس وخوزستان,1235,2132123,110154444163,54117,51450,51412,-2705,-5.0,51664,-2453,-4.53,51412,53700,1399-10-8
353,وسين,بيمه سينا,1231,4812825,118380143531,25686,24403,24402,-1284,-5.0,24597,-1089,-4.24,24402,25970,1399-10-8
354,وثخوز,سرمايه گذاري و توسعه خوزستان,1231,1067630,71774379804,69738,67500,66252,-3486,-5.0,67228,-2510,-3.6,66252,70950,1399-10-8
355,سفارس,سيمان فارس و خوزستان,1219,6219094,122999062840,20770,20000,19740,-1030,-4.96,19780,-990,-4.77,19740,20440,1399-10-8
356,سدور,سيمان‌ دورود,1218,8105833,94487708420,12190,11650,11590,-600,-4.92,11660,-530,-4.35,11590,12000,1399-10-8
357,سشمال,سيمان‌ شمال‌,1204,6177880,64977675220,10990,10560,10450,-540,-4.91,10520,-470,-4.28,10450,10950,1399-10-8
358,وكار,بانك‌ كارآفرين‌,1184,16807798,56967668680,3390,3500,3370,-20,-0.59,3390,0,0.0,3330,3500,1399-10-8
359,قمرو,قند مرودشت‌,1183,4213087,133808209040,30300,31810,31800,1500,4.95,31760,1460,4.82,30400,31810,1399-10-8
360,كتوكاح,ح.توليدي وخدمات صنايع نسوزتوكا,1155,2463388,61982888071,25745,25390,25934,189,0.73,25162,-583,-2.26,24470,25990,1399-10-8
361,لخانه,لوازم‌ خانگي‌ پارس‌,1143,1014515,52992273182,53085,54550,51810,-1275,-2.4,52234,-851,-1.6,51493,54550,1399-10-8
362,كوثر,بيمه كوثر,1130,6935791,181752722793,27493,26119,26119,-1374,-5.0,26205,-1288,-4.68,26119,27000,1399-10-8
363,سخاش,سيمان‌خاش‌,1112,547779,66235587650,126980,128250,120640,-6340,-4.99,120920,-6060,-4.77,120640,128250,1399-10-8
364,دارو,كارخانجات‌داروپخش‌,1109,1438655,46716288190,33870,35000,32180,-1690,-4.99,32590,-1280,-3.78,32180,35000,1399-10-8
365,سيمرغ,سيمرغ,1108,4784044,101650588890,22320,21220,21210,-1110,-4.97,21250,-1070,-4.79,21210,21870,1399-10-8
366,شاراك,پتروشيمي شازند,1105,3030839,74745546160,24710,25500,24680,-30,-0.12,24660,-50,-0.2,24200,25500,1399-10-8
367,ولشرق,ليزينگ ايران و شرق,1102,6261019,53718247888,8981,8592,8532,-449,-5.0,8580,-401,-4.46,8532,8921,1399-10-8
368,اتكاي,بيمه اتكايي ايرانيان,1102,2891925,56037996165,19317,19350,19381,64,0.33,19377,60,0.31,19316,19896,1399-10-8
369,سرچشمه,سرمايه گذاري مس سرچشمه,1071,4585693,37651422606,8214,8060,8190,-24,-0.29,8211,-3,-0.04,8060,8400,1399-10-8
370,قلرست,قند لرستان‌,1071,1832646,49783313430,27400,28600,27500,100,0.36,27180,-220,-0.8,26090,28600,1399-10-8
371,شخارك,پتروشيمي‌ خارك‌,1064,2177135,101730147710,47890,46410,46200,-1690,-3.53,46730,-1160,-2.42,45500,48470,1399-10-8
372,فجر,فولاد اميركبيركاشان,1059,1327135,82313970910,61760,61760,62500,740,1.2,62020,260,0.42,61000,63950,1399-10-8
373,واحصا,احياء صنايع خراسان,1044,1836266,67721148068,36113,37196,37196,1083,3.0,36880,767,2.12,35057,37196,1399-10-8
374,واعتبار,سرمايه گذاري اعتبار ايران,1043,12672151,92885093800,7680,7500,7300,-380,-4.95,7330,-350,-4.56,7300,7610,1399-10-8
375,پارسيان,بيمه پارسيان,1043,5787216,77318694480,13750,13090,13120,-630,-4.58,13360,-390,-2.84,13090,13680,1399-10-8
376,كويرح,ح. توليدي فولاد سپيد فراب كوير,1042,7685295,132295501180,17320,19050,18000,680,3.93,17210,-110,-0.64,17000,19050,1399-10-8
377,شفا,سرمايه گذاري شفادارو,1035,1730262,112343445740,68330,64930,64920,-3410,-4.99,64930,-3400,-4.98,64920,67900,1399-10-8
378,غگلپا,شير پاستوريزه پگاه گلپايگان,1034,596252,43541337430,76449,75715,72627,-3822,-5.0,73224,-3225,-4.22,72627,75715,1399-10-8
379,ثنام,س ساختماني ب نام آوران مهندسي,1027,3834020,83754912746,21293,21293,21931,638,3.0,21845,552,2.59,21293,21931,1399-10-8
380,وخاور,بانك خاورميانه,1027,5284419,51368374310,9830,9990,9850,20,0.2,9730,-100,-1.02,9540,9990,1399-10-8
381,خمحور,توليدمحورخودرو,1014,1659577,137016008820,79130,83080,79900,770,0.97,82560,3430,4.33,79900,83080,1399-10-8
382,وبرق,س.کارکنان صنعت برق زنجان وقزوي,1013,1243810,280993291780,219365,225945,222500,3135,1.43,225913,6548,2.98,222500,225945,1399-10-8
383,شراز,پالايش نفت شيراز,1012,1955121,226696156998,110596,109300,116125,5529,5.0,115950,5354,4.84,109300,116125,1399-10-8
384,تسه9908,امتياز تسهيلات مسكن آبان99,1001,18820,9941772856,527534,525222,530000,2466,0.47,528256,722,0.14,520000,550000,1399-10-8
385,ثاباد,توريستي ورفاهي آبادگران ايران,999,2914956,118243224950,38800,40740,40740,1940,5.0,40560,1760,4.54,38930,40740,1399-10-8
386,اوان,مبين وان كيش,993,1582305,81724023634,54016,51500,52000,-2016,-3.73,51649,-2367,-4.38,51316,53980,1399-10-8
387,قشهد,شهد,979,1980494,67747067630,32640,34270,34270,1630,4.99,34210,1570,4.81,33600,34270,1399-10-8
388,وحكمت,بيمه حكمت صبا,963,6477659,38104664884,6049,5868,5868,-181,-2.99,5882,-167,-2.76,5868,6150,1399-10-8
389,غديس,پاكديس,959,5963249,76671615065,13501,12826,12826,-675,-5.0,12857,-644,-4.77,12826,13400,1399-10-8
390,كنور,توسعه معدني و صنعتي صبانور,950,1264238,61431348370,48730,48100,48190,-540,-1.11,48590,-140,-0.29,47310,49700,1399-10-8
391,شپاس,نفت پاسارگاد,945,2682311,62481217074,22232,23343,23343,1111,5.0,23294,1062,4.78,22611,23343,1399-10-8
392,كاسپين,داروسازي كاسپين تامين,945,1406112,40696706413,30348,28831,29000,-1348,-4.44,29154,-1194,-3.93,28831,30000,1399-10-8
393,ضسپا1102,اختيارخ خساپا-2000-1399/11/26,938,41024,25822593000,574,600,635,61,10.63,629,55,9.58,600,650,1399-10-8
394,فسپا,گروه‌صنعتي‌سپاهان‌,925,3576489,187664233400,55010,53000,52260,-2750,-5.0,52470,-2540,-4.62,52260,54600,1399-10-8
395,وايرا,سرمايه گذاري صنايع ايران,915,6907437,73476681831,10808,10490,10484,-324,-3.0,10637,-171,-1.58,10484,11130,1399-10-8
396,كخاك,صنايع‌خاك‌چيني‌ايران‌,913,719434,40440777830,58830,56100,55910,-2920,-4.96,56610,-2220,-3.77,55890,58830,1399-10-8
397,دانا,بيمه دانا,910,12542157,148875403590,11310,11870,11870,560,4.95,11870,560,4.95,11870,11870,1399-10-8
398,ولملت,واسپاري ملت,906,4181939,40083117710,9980,9990,9570,-410,-4.11,9640,-340,-3.41,9490,9990,1399-10-8
399,شبصير,توليدات پتروشيمي قائد بصير,897,823648,102960356166,129451,125000,124850,-4601,-3.55,125005,-4446,-3.43,122979,131923,1399-10-8
400,وصندوق,سرمايه‌گذاري‌صندوق‌بازنشستگي‌,892,5505970,86189434760,15500,15100,15510,10,0.06,15610,110,0.71,14800,16200,1399-10-8
401,دكيمي,كيميدارو,889,1501230,47153356410,33000,32400,31350,-1650,-5.0,31560,-1440,-4.36,31350,32400,1399-10-8
402,داروح,ح . كارخانجات‌داروپخش,886,1235659,35731303110,31100,30220,28760,-2340,-7.52,28920,-2180,-7.01,28350,30250,1399-10-8
403,شيراز,پتروشيمي‌شيراز,872,2307756,136962580760,56710,57800,59530,2820,4.97,59350,2640,4.66,56800,59540,1399-10-8
404,زقيام,كشت و دام قيام اصفهان,863,1925205,72724563135,39761,37775,37773,-1988,-5.0,37775,-1986,-4.99,37773,38200,1399-10-8
405,بالبر,كابل‌ البرز,840,1650960,51779118250,29950,31400,31440,1490,4.97,31260,1310,4.37,30800,31440,1399-10-8
406,سهرمز,سيمان‌هرمزگان‌,832,1795785,40671661430,22720,21590,23020,300,1.32,22670,-50,-0.22,21590,23590,1399-10-8
407,شنفت,نفت‌ پارس‌,818,697664,41608307860,58000,59960,59700,1700,2.93,59140,1140,1.97,58020,60550,1399-10-8
408,زماهان,مجتمع توليد گوشت مرغ ماهان,813,1299729,36460879117,28253,28600,27820,-433,-1.53,28104,-149,-0.53,27000,28989,1399-10-8
409,دلر,داروسازي‌ اكسير,811,7182763,354541181680,47010,49360,49360,2350,5.0,49360,2350,5.0,49360,49360,1399-10-8
410,دجابر,داروسازي‌ جابرابن‌حيان‌,810,1417354,37103039190,27360,28000,26000,-1360,-4.97,26520,-840,-3.07,26000,28000,1399-10-8
411,غشصفا,شيرپاستوريزه‌پگاه‌اصفهان‌,804,1610251,49943224870,31470,30220,30010,-1460,-4.64,31020,-450,-1.43,29900,32500,1399-10-8
412,پارس,پتروشيمي پارس,800,590149,95724734120,162350,165450,162010,-340,-0.21,162210,-140,-0.09,160700,165470,1399-10-8
413,كيان,صندوق س. با درآمد ثابت كيان,796,19574663,518617249167,26481,26493,26495,14,0.05,26494,13,0.05,26492,26500,1399-10-8
414,ستران,سيمان‌ تهران‌,792,1567902,58500015230,39180,37400,37230,-1950,-4.98,37310,-1870,-4.77,37230,38500,1399-10-8
415,شدوص,دوده‌ صنعتي‌ پارس‌,788,1752227,41589922190,23920,22900,23720,-200,-0.84,23760,-160,-0.67,22900,24850,1399-10-8
416,ختراك,ريخته‌گري‌ تراكتورسازي‌ ايران‌,785,6112381,94454873440,16150,16080,15350,-800,-4.95,15450,-700,-4.33,15350,16080,1399-10-8
417,ساينا,صنايع بهداشتي ساينا,782,141359,28091027582,204705,207700,202200,-2505,-1.22,201483,-3222,-1.57,194470,207700,1399-10-8
418,لخزر,پارس‌ خزر,779,309136,66861498990,217500,221300,215000,-2500,-1.15,216290,-1210,-0.56,207050,227000,1399-10-8
419,سپاها,سيمان‌سپاهان‌,772,4166417,42526926950,10730,10250,10200,-530,-4.94,10280,-450,-4.19,10200,10320,1399-10-8
420,ثشرق,سرمايه گذاري مسكن شمال شرق,769,6146012,38748466770,6440,6510,6310,-130,-2.02,6330,-110,-1.71,6140,6550,1399-10-8
421,جم پيلن,پلي پروپيلن جم - جم پيلن,766,841915,72351047010,88150,86010,85500,-2650,-3.01,85940,-2210,-2.51,84000,88500,1399-10-8
422,غمهرا,توليدي‌مهرام‌,762,733974,62902475350,81730,85810,85810,4080,4.99,85700,3970,4.86,81730,85810,1399-10-8
423,گشان,توسعه بين المللي پديده شانديز,750,495579,30821049168,64783,62192,62192,-2591,-4.0,62622,-2161,-3.34,62192,62192,1399-10-8
424,كاردان,صندوق س تجارت شاخصي كاردان,748,371187,66058394430,176190,178300,177200,1010,0.57,177970,1780,1.01,174000,180480,1399-10-8
425,ساوه,سيمان ساوه,740,573635,34226523761,62803,59670,59663,-3140,-5.0,60665,-2138,-3.4,59663,60000,1399-10-8
426,فافزا,فولاد افزا سپاهان,739,1172292,59692710679,51708,53258,50157,-1551,-3.0,50920,-788,-1.52,50157,53258,1399-10-8
427,ساراب,سيمان‌ داراب‌,738,3252946,46381162900,14980,14360,14240,-740,-4.94,14300,-680,-4.54,14240,14790,1399-10-8
428,داسوه,داروسازي‌ اسوه‌,737,2151496,69601549430,34010,32320,32310,-1700,-5.0,32350,-1660,-4.88,32310,32900,1399-10-8
429,كقزوي,شيشه‌ قزوين‌,735,8222510,80181361464,9484,9768,9768,284,2.99,9751,267,2.82,9591,9768,1399-10-8
430,دابور,داروسازي‌ ابوريحان‌,728,1741976,86687139890,52320,49920,49710,-2610,-4.99,49760,-2560,-4.89,49710,51000,1399-10-8
431,حپترو,حمل و نقل پتروشيمي( سهامي عام,719,1545073,51468798200,31880,33000,33470,1590,4.99,33300,1420,4.45,32110,33470,1399-10-8
432,جم,پتروشيمي جم,718,2041764,99465135550,48090,47200,48230,140,0.29,48700,610,1.27,47160,49800,1399-10-8
433,زپارس,ملي كشت و صنعت و دامپروري پارس,710,541900,55231261580,104580,106900,99360,-5220,-4.99,101920,-2660,-2.54,99360,106900,1399-10-8
434,كمنگنز,معادن‌منگنزايران‌,707,492435,58360380270,123670,118900,117490,-6180,-5.0,118510,-5160,-4.17,117490,123000,1399-10-8
435,مفاخر,توسعه فناوري اطلاعات خوارزمي,697,696828,31504928550,44401,46621,44860,459,1.03,44887,486,1.09,43950,46621,1399-10-8
436,شمواد,توليد مواداوليه الياف مصنوعي,695,919127,52883120380,59255,57500,57478,-1777,-3.0,57536,-1719,-2.9,57478,59770,1399-10-8
437,سغرب,سيمان‌غرب‌,686,2725811,59392760630,22910,23200,21770,-1140,-4.98,21790,-1120,-4.89,21770,23200,1399-10-8
438,وپسا,س. پتروشيمي ساختمان  خليج فارس,681,9122646,35923137379,4045,3924,3924,-121,-2.99,3938,-107,-2.65,3924,4028,1399-10-8
439,ددام,داروسازي زاگرس فارمد پارس,680,2213167,37086781460,17610,16750,16730,-880,-5.0,16960,-650,-3.69,16730,17300,1399-10-8
440,زشريف,كشت وصنعت شريف آباد,676,1028872,31050722946,31704,30119,30119,-1585,-5.0,30756,-948,-2.99,30119,31000,1399-10-8
441,وسنا,سرمايه گذاري نيروگاهي ايران,672,2395700,41204870605,17842,17113,17000,-842,-4.72,17200,-642,-3.6,16950,18290,1399-10-8
442,ثزاگرس,سرمايه گذاري توسعه عمران زاگرس,670,915402,44605720560,50880,48336,48336,-2544,-5.0,48728,-2152,-4.23,48336,50700,1399-10-8
443,وملت,سرمايه گذاري ملت,669,6253477,26687222549,4187,4269,4270,83,1.98,4268,81,1.93,4202,4270,1399-10-8
444,ولانا,شركت ليزينگ آريا دانا,662,4577316,126793036701,26923,27730,27730,807,3.0,27700,777,2.89,26923,27730,1399-10-8
445,زر,صندوق س.پشتوانه سكه طلاي زر,660,669213,32261099883,48349,48212,47540,-809,-1.67,48208,-141,-0.29,47500,49350,1399-10-8
446,فولاژ,فولاد آلياژي ايران,660,3912908,81466744560,19830,20820,20820,990,4.99,20800,970,4.89,20820,20820,1399-10-8
447,وصنا,گروه‌صنايع‌بهشهرايران‌,649,4452004,43160996430,10080,10070,9570,-510,-5.06,9730,-350,-3.47,9570,10070,1399-10-8
448,مبين,مبين انرژي خليج فارس,642,3570473,56645507790,15930,15410,16000,70,0.44,15900,-30,-0.19,15410,16090,1399-10-8
449,دسبحان,سبحان دارو,639,2315525,60842763950,27650,26270,26270,-1380,-4.99,26280,-1370,-4.95,26270,27000,1399-10-8
450,دالبر,البرزدارو,638,3049534,74164666880,25590,24320,24320,-1270,-4.96,24320,-1270,-4.96,24320,24320,1399-10-8
451,زگلدشت,كشت و دام گلدشت نمونه اصفهان,634,1027913,54576012822,50566,53094,53094,2528,5.0,53055,2489,4.92,53094,53094,1399-10-8
452,خفنر,فنرسازي‌خاور,632,5504420,114048595360,19870,19100,20860,990,4.98,20720,850,4.28,19100,20860,1399-10-8
453,مداران,داده‌پردازي‌ايران‌,629,1856361,51030823930,28890,28800,27450,-1440,-4.98,27490,-1400,-4.85,27450,28800,1399-10-8
454,وآذر,سرمايه‌گذاري‌توسعه‌آذربايجان‌,612,5698833,708478918560,118400,124320,124320,5920,5.0,124320,5920,5.0,124320,124320,1399-10-8
455,وزمين,بانك ايران زمين,609,6569580,79374706594,12297,12052,12052,-245,-1.99,12082,-215,-1.75,12052,12150,1399-10-8
456,طلا,صندوق س.پشتوانه طلاي لوتوس,606,193388,16222668888,83683,83896,83650,-33,-0.04,83887,204,0.24,83602,84249,1399-10-8
457,سبهان,سيمان‌ بهبهان‌,605,670167,50734849990,79220,75270,75260,-3960,-5.0,75700,-3520,-4.44,75260,78940,1399-10-8
458,خزر,فنرسازي‌زر,595,2031643,64565614540,33450,31780,31780,-1670,-4.99,31780,-1670,-4.99,31780,31780,1399-10-8
459,واميد,گروه مديريت سرمايه گذاري اميد,594,2253965,87687690700,38530,37560,38990,460,1.19,38800,270,0.7,37560,39790,1399-10-8
460,بفجر,فجر انرژي خليج فارس,588,869631,24373448120,28110,28250,27930,-180,-0.64,28080,-30,-0.11,27420,28500,1399-10-8
461,سمتاز,سيمان ممتازان كرمان,586,1698793,48152078065,27866,27033,27420,-446,-1.6,28345,479,1.72,27033,28701,1399-10-8
462,قهكمت,قندهكمتان‌,584,629661,32475798340,54050,54000,51350,-2700,-5.0,52480,-1570,-2.9,51350,54000,1399-10-8
463,تاپكيش,تجارت الكترونيك پارسيان كيش,583,1990552,46728945705,24623,23392,23392,-1231,-5.0,23475,-1148,-4.66,23392,24000,1399-10-8
464,سكرما,سيمان‌ كرمان‌,581,2472952,52109436400,21660,22740,20580,-1080,-4.99,21080,-580,-2.68,20580,22740,1399-10-8
465,پارتا,مجتمع‌صنعتي‌آرتاويل‌تاير,577,650508,42672194719,67239,65978,65222,-2017,-3.0,65598,-1641,-2.44,65222,66940,1399-10-8
466,غمينو,شركت صنايع غذايي مينو شرق,574,2047820,32151896711,16522,15696,15696,-826,-5.0,15958,-564,-3.41,15696,15966,1399-10-8
467,سخواف,سيمان مجد خواف,571,4214227,67715776212,15387,16010,16130,743,4.83,16068,681,4.43,15531,16490,1399-10-8
468,وپخش,داروپخش‌ (هلدينگ‌,570,311870,41567122030,140170,133170,133170,-7000,-4.99,134010,-6160,-4.39,133170,137000,1399-10-8
469,معيار,سرمايه گذاري معيار صنعت پارس,568,1235826,45784386946,36476,37205,37205,729,2.0,37048,572,1.57,35747,37205,1399-10-8
470,سيستم,همكاران سيستم,564,1107328,37498166990,33660,34700,34240,580,1.72,33820,160,0.48,33550,34700,1399-10-8
471,سفانو,سيمان فارس نو,559,1133859,39407316130,36430,34630,34610,-1820,-5.0,35090,-1340,-3.68,34610,36180,1399-10-8
472,فنفت,صنايع تجهيزات نفت,558,3410112,66295362890,18559,19486,19486,927,4.99,19441,882,4.75,18610,19486,1399-10-8
473,لكما,كارخانجات‌مخابراتي‌ايران‌,557,2565323,19142440226,7692,7462,7462,-230,-2.99,7467,-225,-2.93,7462,7462,1399-10-8
474,قپيرا,فرآورده‌هاي‌غدايي‌وقندپيرانشهر,555,318577,31130285790,94460,99180,99180,4720,5.0,96360,1900,2.01,90720,99180,1399-10-8
475,آوا,صندوق س.سهام آواي معيار-س,553,2724921,24376294333,8829,8970,8904,75,0.85,8946,117,1.33,8780,9080,1399-10-8
476,كلوند,كاشي‌ الوند,548,1301384,42034703200,33990,32300,32300,-1690,-4.97,32490,-1500,-4.41,32300,32300,1399-10-8
477,ميهن,بيمه ميهن,547,3526502,24350496310,7268,6905,6905,-363,-4.99,7082,-186,-2.56,6905,6905,1399-10-8
478,گكيش,توريستي ورفاهي آبادگران كيش,544,506753,29275759361,59457,57676,57674,-1783,-3.0,57771,-1686,-2.84,57674,59998,1399-10-8
479,فيروزه,صندوق شاخص30 شركت فيروزه- سهام,543,266916,46058719490,170500,171980,172230,1730,1.01,172560,2060,1.21,169960,175000,1399-10-8
480,سلار,شركت سيمان لارستان,541,1197963,59404256521,48154,49597,49200,1046,2.17,49588,1434,2.98,48600,49598,1399-10-8
481,نيرو,نيرو سرمايه,534,533195,31151408174,60130,58327,58327,-1803,-3.0,58424,-1706,-2.84,58327,60130,1399-10-8
482,حبندر,دريايي و کشتيراني خط دريابندر,533,1025017,33175105396,33226,33226,32230,-996,-3.0,32365,-861,-2.59,32230,33330,1399-10-8
483,نتوس,پشم‌ بافي‌ توس,529,2911856,41301526553,13927,14344,14344,417,2.99,14184,257,1.85,13520,14344,1399-10-8
484,دپارس,پارس‌ دارو,528,370136,40093059420,113590,107920,107920,-5670,-4.99,108910,-4680,-4.12,107920,113520,1399-10-8
485,خراسان,پتروشيمي خراسان,522,516092,38810539110,76020,75300,74540,-1480,-1.95,75430,-590,-0.78,74000,76780,1399-10-8
486,سجام,مجتمع سيمان غرب آسيا,515,1789939,23642977590,13583,13734,13176,-407,-3.0,13209,-374,-2.75,13176,13734,1399-10-8
487,شساخت,مهندسي و ساختمان صنايع نفت,515,1696139,76359279415,46171,47500,44840,-1331,-2.88,45019,-1152,-2.5,44786,47500,1399-10-8
488,بخاور,بيمه زندگي خاورميانه,515,3549925,32503126030,9617,9270,9137,-480,-4.99,9303,-314,-3.27,9137,9388,1399-10-8
489,فروس,فروسيليس‌ ايران‌,511,13562798,90463862660,6360,6670,6670,310,4.87,6670,310,4.87,6670,6670,1399-10-8
490,فزرين,زرين معدن آسيا,510,6613234,132264680000,16458,20000,20000,3542,21.52,20000,3542,21.52,20000,20000,1399-10-8
491,لبوتان,گروه‌صنعتي‌بوتان‌,509,475284,46573079160,103140,97990,97990,-5150,-4.99,97990,-5150,-4.99,97990,97990,1399-10-8
492,دكوثر,داروسازي‌ كوثر,503,1373025,35818945080,27440,26070,26070,-1370,-4.99,26410,-1030,-3.75,26070,26890,1399-10-8
493,دسبحا,گروه دارويي سبحان,497,1919801,47822592460,26220,24910,24910,-1310,-5.0,24910,-1310,-5.0,24910,25000,1399-10-8
494,پارند,صندوق س. پارند پايدار سپهر,496,13550342,154109970327,11388,11353,11400,12,0.11,11373,-15,-0.13,11350,11410,1399-10-8
495,اطلس,صندوق س.توسعه اندوخته آينده-س,495,351659,76265825522,215392,214020,216200,808,0.38,216874,1482,0.69,214020,217800,1399-10-8
496,عيار,صندوق س. پشتوانه طلاي مفيد,484,374550,10775564601,28737,28989,28510,-227,-0.79,28769,32,0.11,28510,28989,1399-10-8
497,سبجنو,سيمان‌ بجنورد,483,810078,30858766070,40070,38070,38090,-1980,-4.94,38860,-1210,-3.02,38070,39300,1399-10-8
498,دلقما,دارويي‌ لقمان‌,473,1199778,39184759480,34370,32660,32660,-1710,-4.98,33090,-1280,-3.72,32660,32670,1399-10-8
499,نمرينو,ايران‌ مرينوس‌,473,364149,21281066540,60660,60660,58500,-2160,-3.56,59700,-960,-1.58,57630,60660,1399-10-8
500,بسويچ,پارس‌سويچ‌,463,411513,20460140900,49160,46800,49400,240,0.49,49400,240,0.49,46800,51200,1399-10-8
501,وتعاون,بيمه  تعاون,451,3358127,23607440441,7236,7046,7019,-217,-3.0,7030,-206,-2.85,7019,7160,1399-10-8
502,غپينو,پارس‌ مينو,450,5373581,56637543740,11090,10540,10540,-550,-4.96,10540,-550,-4.96,10540,10540,1399-10-8
503,فنرژي,گسترش صنايع انرژي آذرآب,438,2951585,36918850481,12265,12510,12510,245,2.0,12508,243,1.98,12061,12510,1399-10-8
504,كهرام,توليدي گرانيت بهسرام,430,540448,41734191215,76020,74926,78299,2279,3.0,77221,1201,1.58,73740,78300,1399-10-8
505,دتوزيع,توزيع دارو پخش,427,1413440,46042808000,31024,32575,32575,1551,5.0,32344,1320,4.25,32575,32575,1399-10-8
506,ساروم,سيمان‌اروميه‌,426,1072847,31113678630,30490,29950,28970,-1520,-4.99,29550,-940,-3.08,28970,29950,1399-10-8
507,وگردش,بانك گردشگري,423,5264436,117944424144,21338,22404,22404,1066,5.0,22404,1066,5.0,22404,22404,1399-10-8
508,شكربن,كربن‌ ايران‌,422,936280,92364022000,93960,98650,98650,4690,4.99,98650,4690,4.99,98650,98650,1399-10-8
509,شاملا,معدني‌ املاح‌  ايران‌,418,209608,14187633840,70880,68010,67990,-2890,-4.08,69960,-920,-1.3,67340,70000,1399-10-8
510,غنوش,نوش‌ مازندران‌,418,773522,49683318060,67610,64230,64230,-3380,-5.0,64230,-3380,-5.0,64230,64230,1399-10-8
511,قزوين,كارخانجات‌ قند قزوين‌,415,952493,42681968640,47140,44790,44790,-2350,-4.99,45050,-2090,-4.43,44790,45700,1399-10-8
512,وآيند,بانك  آينده,405,1053246,22388850222,21690,21257,21257,-433,-2.0,21589,-101,-0.47,21257,21257,1399-10-8
513,تشتاد,صنايع توليدي اشتاد ايران‌,405,1074611,16380530111,15691,15225,15221,-470,-3.0,15317,-374,-2.38,15221,15796,1399-10-8
514,دعبيد,لابراتوارداروسازي‌  دكترعبيدي‌,404,835194,27686681100,34890,33150,33150,-1740,-4.99,34080,-810,-2.32,33150,33150,1399-10-8
515,وسرمد,بيمه  سرمد,403,4656075,42778366275,9464,9181,9181,-283,-2.99,9188,-276,-2.92,9181,9360,1399-10-8
516,مارون,پتروشيمي مارون,401,192832,29512388646,154343,151656,153310,-1033,-0.67,153952,-391,-0.25,151656,156990,1399-10-8
517,دتوليد,داروسازي توليد دارو,399,1731417,65016439767,39527,37551,37551,-1976,-5.0,37551,-1976,-5.0,37551,37551,1399-10-8
518,خكار,ايركا پارت صنعت,392,1179659,33962382610,30300,28790,28790,-1510,-4.98,29190,-1110,-3.66,28790,28790,1399-10-8
519,ضسپا1104,اختيارخ خساپا-3000-1399/11/26,379,11383,2358012000,356,498,200,-156,-43.82,207,-149,-41.85,192,498,1399-10-8
520,دسينا,داروسازي‌ سينا,361,736668,22906158590,32720,31090,31090,-1630,-4.98,31940,-780,-2.38,31090,32000,1399-10-8
521,هجرت,پخش هجرت,357,509922,19109449671,39436,37465,37465,-1971,-5.0,38685,-751,-1.9,37465,38200,1399-10-8
522,فبيرا,بسته‌ بندي‌ ايران‌,355,2187876,9685125619,4551,4458,4415,-136,-2.99,4489,-62,-1.36,4415,4543,1399-10-8
523,ثنور,سرمايه گذاري كوه نور,352,3397967,37499963812,10715,11036,11036,321,3.0,11036,321,3.0,11036,11036,1399-10-8
524,غبهنوش,بهنوش‌ ايران‌,352,371376,47175893280,133710,127030,127030,-6680,-5.0,127030,-6680,-5.0,127030,127030,1399-10-8
525,سفار,سيمان‌فارس‌,345,507558,58399623480,109590,115060,115060,5470,4.99,115060,5470,4.99,115060,115060,1399-10-8
526,خلنت,لنت‌ ترمزايران‌,344,221565,21386807180,92680,97310,96900,4220,4.55,94200,1520,1.64,88170,97310,1399-10-8
527,ثنظام,س. ساختماني نظام مهندسي ايران,340,574119,25281460966,45342,45000,43982,-1360,-3.0,44035,-1307,-2.88,43982,45000,1399-10-8
528,خنصير,مهندسي‌نصيرماشين‌,334,792079,57734638310,69420,72890,72890,3470,5.0,72890,3470,5.0,72890,72890,1399-10-8
529,گپارس,امور رفاهي كارگزاران پارس,333,141740,20994004445,141709,145070,148794,7085,5.0,147859,6150,4.34,142301,148794,1399-10-8
530,آتيمس,صندوق س.آرمان آتيه درخشان مس-س,332,93593,21198552211,225957,222123,226300,343,0.15,226497,540,0.24,222123,227600,1399-10-8
531,افران,صندوق س افرا نماد پايدار-ثابت,325,15854005,195766018038,12347,12350,12350,3,0.02,12348,1,0.01,12340,12430,1399-10-8
532,آساس,صندوق س.آسمان آرماني سهام-س,325,102643,18014885391,174147,176990,175000,853,0.49,175510,1363,0.78,173000,177500,1399-10-8
533,غپآذر,شير پگاه آذربايجان شرقي,322,251776,15634672092,65276,62100,62013,-3263,-5.0,64243,-1033,-1.58,62013,64240,1399-10-8
534,ضخود2009,اختيارخ خودرو-4000-1400/02/08,318,8673,5389310000,606,648,590,-16,-2.64,621,15,2.48,577,690,1399-10-8
535,آبين,كشت و صنعت آبشيرين,313,3492732,16967692056,5008,4858,4858,-150,-3.0,4869,-139,-2.78,4858,4858,1399-10-8
536,افق ملت,صندوق س در سهام افق ملت,306,102116,14726982420,144570,143010,143500,-1070,-0.74,144220,-350,-0.24,143000,146990,1399-10-8
537,وثوق,سرمايه گذاري وثوق امين,299,1054339,16386536738,15090,15542,15542,452,3.0,15434,344,2.28,15542,15542,1399-10-8
538,ثعتما,س. ساختماني اعتماد گستر,280,775950,38764134150,47579,49957,49957,2378,5.0,49957,2378,5.0,49957,49957,1399-10-8
539,ضخود2007,اختيارخ خودرو-3000-1400/02/08,280,9400,8808506000,787,888,911,124,15.76,937,150,19.06,812,1009,1399-10-8
540,پدرخش,درخشان‌ تهران‌,277,255385,39829844600,148540,155960,155960,7420,5.0,155960,7420,5.0,155960,155960,1399-10-8
541,شكبير,پتروشيمي اميركبير,275,854901,69547200443,79022,79999,81392,2370,3.0,80598,1576,1.99,78501,81392,1399-10-8
542,ثالوند,سرمايه گذاري مسكن الوند,272,695233,11525572674,17450,16578,16578,-872,-5.0,17252,-198,-1.13,16578,16578,1399-10-8
543,دفرا,فرآورده‌هاي‌ تزريقي‌ ايران‌,267,734824,21648905820,31010,29460,29460,-1550,-5.0,30340,-670,-2.16,29460,29700,1399-10-8
544,تپولا,مهندسي مرآت پولاد,264,730923,24813374004,34997,33948,33948,-1049,-3.0,33948,-1049,-3.0,33948,33948,1399-10-8
545,تسه9907,امتياز تسهيلات مسكن مهر99,259,2607,1378299687,528623,513550,543000,14377,2.72,528692,69,0.01,513025,549999,1399-10-8
546,بمپنا,توليد برق عسلويه  مپنا,254,113562,11125393366,100118,101290,98320,-1798,-1.8,99642,-476,-0.48,97000,101290,1399-10-8
547,سكه0012پ01,سكه تمام بهارتحويلي 1روزه رفاه,253,51500,60285533100,1170951,1171043,1170000,-951,-0.08,1170593,-358,-0.03,1165000,1179000,1399-10-8
548,زكشت,كشاورزي مكانيزه اصفهان كشت,252,1164134,46850572830,38329,40245,40245,1916,5.0,39949,1620,4.23,40245,40245,1399-10-8
549,غپونه,نوش پونه مشهد,250,602198,11708037175,19865,19270,19270,-595,-3.0,19617,-248,-1.25,19270,19865,1399-10-8
550,بشهاب,لامپ‌  پارس‌ شهاب‌,248,489515,39870996750,77580,81450,81450,3870,4.99,80430,2850,3.67,81450,81450,1399-10-8
551,شرانل,نفت ايرانول,238,1536872,55076881864,34131,35837,35837,1706,5.0,35837,1706,5.0,35837,35837,1399-10-8
552,بموتو,موتوژن‌,235,1322500,76824025000,55330,58090,58090,2760,4.99,58090,2760,4.99,58090,58090,1399-10-8
553,شلعاب,لعابيران‌,228,921930,11625537300,12010,12610,12610,600,5.0,12140,130,1.08,12610,12610,1399-10-8
554,سدشت,صنايع سيمان دشتستان,228,149077,6011247530,38420,40340,40340,1920,5.0,38640,220,0.57,40000,40340,1399-10-8
555,قشرين,قند شيرين خراسان,227,1230439,26168976652,21925,21268,21268,-657,-3.0,21268,-657,-3.0,21268,21268,1399-10-8
556,سباقر,سيمان باقران,217,2220301,38535593030,15932,17000,17510,1578,9.9,17356,1424,8.94,17000,17510,1399-10-8
557,دقاضي,داروسازي شهيد قاضي,217,224320,11913120932,54674,55300,53034,-1640,-3.0,53768,-906,-1.66,53034,55300,1399-10-8
558,ساروج,بين المللي ساروج بوشهر,213,1659641,37660920800,23152,22501,22458,-694,-3.0,22692,-460,-1.99,22458,23500,1399-10-8
559,فالوم,آلومتك‌,213,1388439,48463463295,33889,34905,34905,1016,3.0,34905,1016,3.0,34905,34905,1399-10-8
560,سصفها,سيمان‌اصفهان‌,213,296515,103202045750,331480,348050,348050,16570,5.0,348050,16570,5.0,348050,348050,1399-10-8
561,پلاست,كارخانجات توليدي پلاستيران,212,223316,11044539412,48017,49457,49457,1440,3.0,48741,724,1.51,49457,49457,1399-10-8
562,تسه9710,امتياز تسهيلات مسكن دي 97,205,4159,1635152440,413852,393160,393160,-20692,-5.0,393160,-20692,-5.0,393160,393160,1399-10-8
563,ومشان,س. فني و مهندسي مشانير,204,276519,18734715288,65779,67752,67752,1973,3.0,67439,1660,2.52,67752,67752,1399-10-8
564,فن آوا,گروه فن آوا,204,825559,10467113830,13062,12671,12990,-72,-0.55,12854,-208,-1.59,12671,12999,1399-10-8
565,غمينوح,ح . شركت صنايع غذايي مينو شرق,203,688798,7205950571,11004,10454,10454,-550,-5.0,10462,-542,-4.93,10454,10900,1399-10-8
566,غشوكو,شوكو پارس,202,162511,7660246157,48318,47100,46869,-1449,-3.0,47860,-458,-0.95,46869,49000,1399-10-8
567,تماوند,تامين سرمايه دماوند,199,2517317,46489810356,17589,18468,18468,879,5.0,18468,879,5.0,18468,18468,1399-10-8
568,پرداخت,به پرداخت ملت,193,1805792,53036111040,27980,29370,29370,1390,4.97,29370,1390,4.97,29370,29370,1399-10-8
569,صايند,صندوق س. گنجينه آينده روشن-د,185,6511390,65596115620,10052,10056,10087,35,0.35,10074,22,0.22,10056,10087,1399-10-8
570,زعف0008پ10,زعفران0008نگين طلاي سرخ(پ),181,59726,7630130777,127976,128450,127999,23,0.02,127752,-224,-0.18,126000,128450,1399-10-8
571,تسه9902,امتياز تسهيلات مسكن ارديبهشت99,178,2238,1188238883,523656,549838,530000,6344,1.21,530938,7282,1.39,516220,549838,1399-10-8
572,آكورد,صندوق س. آرمان آتي كوثر-د,177,2305494,69107583493,29956,29973,29977,21,0.07,29975,19,0.06,29973,29978,1399-10-8
573,دشيري,شيرين دارو,177,84919,14781373330,179421,174039,174039,-5382,-3.0,175517,-3904,-2.18,174039,181360,1399-10-8
574,حاريا,كشتيراني آريا,176,721701,22500472077,30269,31177,31177,908,3.0,31177,908,3.0,31177,31177,1399-10-8
575,كرمان,س. توسعه و عمران استان كرمان,175,698027,60030322000,89924,86000,86000,-3924,-4.36,86000,-3924,-4.36,86000,86000,1399-10-8
576,ياقوت,صندوق س ياقوت آگاه-ثابت,174,2535913,29561812992,11650,11656,11657,7,0.06,11657,7,0.06,11656,11671,1399-10-8
577,كگهر,سنگ آهن گهرزمين,173,1112903,58924875141,50426,52947,52947,2521,5.0,51563,1137,2.25,52947,52947,1399-10-8
578,ضخود2008,اختيارخ خودرو-3500-1400/02/08,173,4996,3785818000,742,799,700,-42,-5.66,758,16,2.16,700,859,1399-10-8
579,تسه9904,امتياز تسهيلات مسكن تير99,172,2829,1499316983,528492,522222,525110,-3382,-0.64,529981,1489,0.28,503199,554916,1399-10-8
580,ضسپا1103,اختيارخ خساپا-2500-1399/11/26,171,4386,1790069000,511,500,400,-111,-21.72,408,-103,-20.16,350,550,1399-10-8
581,كصدف,كاشي صدف سرام استقلال آباده,171,653567,16634587284,24240,25452,25452,1212,5.0,25189,949,3.92,25452,25452,1399-10-8
582,تسه9711,امتياز تسهيلات مسكن بهمن 97,171,2690,1368822720,499581,474605,510000,10419,2.09,508856,9275,1.86,474605,514996,1399-10-8
583,ثپرديسح,ح.سرمايه گذاري مسكن پرديس,163,2136950,20388639950,9087,9541,9541,454,5.0,9541,454,5.0,9541,9541,1399-10-8
584,تسه9906,امتياز تسهيلات مسكن شهريور99,158,1464,784342190,534485,512315,523000,-11485,-2.15,535753,1268,0.24,507761,561209,1399-10-8
585,سپر,صندوق س سپر سرمايه بيدار- ثابت,156,1457976,16147206997,11058,11061,11089,31,0.28,11075,17,0.15,11060,11090,1399-10-8
586,دارا,صندوق س. دارا الگوريتم-د,156,3226613,32368118610,10022,10034,10030,8,0.08,10032,10,0.1,10030,10035,1399-10-8
587,خپويش,سازه‌ پويش‌,150,434149,18985335770,41650,43730,43730,2080,4.99,42380,730,1.75,43730,43730,1399-10-8
588,تسه9903,امتياز تسهيلات مسكن خرداد99,149,1803,944762129,524916,507222,525000,84,0.02,523995,-921,-0.18,507222,537990,1399-10-8
589,حخزر,كشتيراني درياي خزر,149,1837375,52725313000,27330,28696,28696,1366,5.0,28588,1258,4.6,28696,28696,1399-10-8
590,گوهر,صندوق سكه طلاي كيان,144,40719,2364544751,58076,58050,57803,-273,-0.47,58070,-6,-0.01,57800,58988,1399-10-8
591,تسه9712,امتياز تسهيلات مسكن اسفند97,143,2384,1238516930,527457,503010,512630,-14827,-2.81,519512,-7945,-1.51,503010,534936,1399-10-8
592,داوه,داروسازي آوه سينا,140,338649,7069297875,19881,20875,20875,994,5.0,20012,131,0.66,20875,20875,1399-10-8
593,ثاصفا,شركت‌ ساختمان‌ اصفهان‌,138,324766,10835817590,34396,33365,33365,-1031,-3.0,33775,-621,-1.81,33365,33365,1399-10-8
594,قجام,فرآوردههاي غذايي وقندتربت‌جام‌,136,649988,9370227008,13997,14416,14416,419,2.99,14174,177,1.26,14416,14416,1399-10-8
595,شتولي,تولي‌پرس‌,133,328377,10547469240,30885,32120,32120,1235,4.0,32118,1233,3.99,32120,32120,1399-10-8
596,آساميد2,صندوق س.مشترك آسمان اميد -د,132,13200000,13200000,11302,1,1,-11301,-99.99,1,-11301,-99.99,1,1,1399-10-8
597,تسه9810,امتياز تسهيلات مسكن دي98,131,2562,1358550689,548803,521363,523000,-25803,-4.7,530270,-18533,-3.38,521363,559999,1399-10-8
598,فنورد,نوردوقطعات‌ فولادي‌,130,62691,15395028870,233880,245570,245570,11690,5.0,237140,3260,1.39,245570,245570,1399-10-8
599,پلوله,گازلوله‌,130,430499,7711863788,17737,17914,17900,163,0.92,17914,177,1.0,17900,17914,1399-10-8
600,وشمال,س. چشم انداز توسعه شمال,126,68154,6719711784,101645,98596,98596,-3049,-3.0,100582,-1063,-1.05,98596,98596,1399-10-8
601,تسه9905,امتياز تسهيلات مسكن مرداد99,124,698,368868923,525602,520010,535000,9398,1.79,528465,2863,0.54,500022,540000,1399-10-8
602,چكاوه,صنايع‌كاغذسازي‌كاوه‌,116,301791,3567169620,11260,11820,11820,560,4.97,11300,40,0.36,11820,11820,1399-10-8
603,دروز,داروسازي‌ روزدارو,114,158118,2889300200,19230,18310,18270,-960,-4.99,19170,-60,-0.31,18270,18310,1399-10-8
604,ورازي,بيمه رازي,112,1253573,16965856982,14246,13534,13534,-712,-5.0,13608,-638,-4.48,13534,13534,1399-10-8
605,فلات,گروه صنايع معادن فلات ايرانيان,109,477486,7073477604,15272,14814,14814,-458,-3.0,15101,-171,-1.12,14814,14814,1399-10-8
606,آساميد,صندوق س.مشترك آسمان اميد -د,109,3935868,44498827661,11302,11294,11311,9,0.08,11306,4,0.04,11287,11311,1399-10-8
607,سفارود,كارخانه فارسيت درود,109,929749,11789217320,12193,12680,12680,487,3.99,12680,487,3.99,12680,12680,1399-10-8
608,تسه9801,امتياز تسهيلات مسكن فروردين98,108,1572,840303227,528315,540000,526830,-1485,-0.28,534544,6229,1.18,511910,554730,1399-10-8
609,شصفها,پتروشيمي‌ اصفهان‌,103,98625,13055681625,127286,132377,132377,5091,4.0,131470,4184,3.29,132377,132377,1399-10-8
610,صگل039,صكوك اجاره گل گهر039-3ماهه20%,102,500011,500011550000,1000000,1050000,1000000,0,0.0,1000001,1,0.0,1000000,1050000,1399-10-8
611,كپشير,پشم‌شيشه‌ايران‌,100,278731,7336199920,25070,26320,26320,1250,4.99,25230,160,0.64,26320,26320,1399-10-8
612,سكه0011پ02,سكه تمام بهارتحويلي 1روزه ملت,100,24500,28583848500,1171979,1175100,1168001,-3978,-0.34,1166688,-5291,-0.45,1164001,1175100,1399-10-8
613,زعف0008پ11,زعفران0008نگين سحرخيز(پ),98,20911,2641525067,128147,126602,126165,-1982,-1.55,126322,-1825,-1.42,125510,127700,1399-10-8
614,سكارون,سيمان كارون,97,155954,29047836086,180834,186259,186259,5425,3.0,186259,5425,3.0,186259,186259,1399-10-8
615,زفكا,كشت و دامداري فكا,95,384917,4235626668,10480,11004,11004,524,5.0,10522,42,0.4,11004,11004,1399-10-8
616,الماس,صندوق س.امين تدبيرگران فردا-س,94,30926,4097645527,132707,130900,132866,159,0.12,132498,-209,-0.16,130900,135000,1399-10-8
617,تسه9812,امتياز تسهيلات مسكن اسفند98,93,1049,554448298,523919,501000,501000,-22919,-4.37,528549,4630,0.88,498000,550114,1399-10-8
618,سپاس,صندوق س. پاداش سهامداري توسعه1,88,1272317,12885220288,10120,10130,10129,9,0.09,10127,7,0.07,10121,10134,1399-10-8
619,ضپاس1005,اختيارخ وپارس-4500-1399/10/30,86,1043,216360000,218,300,175,-43,-19.72,207,-11,-5.05,166,300,1399-10-8
620,كتوكا,توليدي و خدمات صنايع نسوز توكا,86,1590279,42027893412,25170,26428,26428,1258,5.0,26173,1003,3.98,26428,26428,1399-10-8
621,اوصتا,صندوق انديشه ورزان صباتامين -د,83,3202133,55963702764,17460,17465,17480,20,0.11,17477,17,0.1,17465,17480,1399-10-8
622,تسه9803,امتياز تسهيلات مسكن خرداد98,83,641,333039297,518133,492342,512300,-5833,-1.13,519562,1429,0.28,492340,530000,1399-10-8
623,تسه9901,امتياز تسهيلات مسكن فروردين99,82,591,313768137,523582,497950,510101,-13481,-2.57,530911,7329,1.4,497950,540000,1399-10-8
624,صنوين,صندوق سرمايه‌گذاري صنوين-مختلط,78,74915,7906334530,106070,106500,105030,-1040,-0.98,105540,-530,-0.5,105000,106550,1399-10-8
625,دمعيار,صندوق س. توازن معيار-د,78,2685582,26963352393,10035,10040,10039,4,0.04,10040,5,0.05,10039,10050,1399-10-8
626,آسام,صندوق س.آرمان سپهر آشنا-م,77,20970,2404346550,114745,114200,114900,155,0.14,114656,-89,-0.08,114200,114994,1399-10-8
627,سنوين,سرمايه گذاري اقتصاد نوين,77,641727,6087200515,9667,9475,9474,-193,-2.0,9551,-116,-1.2,9474,9800,1399-10-8
628,فيروزا,صندوق بادرآمد ثابت فيروزه آسيا,77,623216,13515041440,21628,21670,21710,82,0.38,21686,58,0.27,21555,21710,1399-10-8
629,وجامي,سرمايه گذاري جامي,77,365815,4270524310,11334,11674,11674,340,3.0,11404,70,0.62,11674,11674,1399-10-8
630,تسه9802,امتياز تسهيلات مسكن ارديبهشت98,74,449,236419724,522185,502101,521110,-1075,-0.21,526547,4362,0.84,502101,548290,1399-10-8
631,ضپاس1003,اختيارخ وپارس-3500-1399/10/30,74,1570,945807000,616,700,581,-35,-5.68,602,-14,-2.27,544,729,1399-10-8
632,سكه9912پ04,سكه تمام بهارتحويل1روزه صادرات,73,17400,20314190300,1170491,1179000,1168000,-2491,-0.21,1167482,-3009,-0.26,1165000,1179000,1399-10-8
633,اخزا902,اسنادخزانه-م2بودجه99-011019,73,91940,62129210536,674822,676999,676800,1978,0.29,675758,936,0.14,674100,677700,1399-10-8
634,ضخود2005,اختيارخ خودرو-2000-1400/02/08,70,2385,4114662000,1623,1650,1695,72,4.44,1725,102,6.28,1602,1850,1399-10-8
635,تصميم,صندوق س با درآمد ثابت تصميم,69,697349,10648111981,15263,15269,15274,11,0.07,15269,6,0.04,15268,15274,1399-10-8
636,تسه9811,امتياز تسهيلات مسكن بهمن98,69,449,235666659,525610,500500,513300,-12310,-2.34,524870,-740,-0.14,500500,540000,1399-10-8
637,وآتوس,س.آرين توسكا قيمت اسمي 350ريال,68,284680,12359097520,42150,43414,43414,1264,3.0,42866,716,1.7,43414,43414,1399-10-8
638,بذر,صندوق س بذر اميد آفرين-سهام,64,15495,1744131750,112250,111750,112420,170,0.15,112560,310,0.28,111750,113990,1399-10-8
639,زعف0008پ05,زعفران0008نگين زرين(پ),63,39011,4925118660,126529,126004,126350,-179,-0.14,126249,-280,-0.22,125206,126500,1399-10-8
640,ارمغان,ص سرمايه گذاري ارمغان ايرانيان,60,922287,9346111042,10133,10146,10141,8,0.08,10134,1,0.01,10111,10146,1399-10-8
641,شرنگي,شيميايي رنگين,59,44871,5892414849,127495,131319,131319,3824,3.0,128583,1088,0.85,131319,131319,1399-10-8
642,وساغربي,شركت س استان آذربايجان غربي,57,1137408,841681920,770,740,740,-30,-3.9,770,0,0.0,740,740,1399-10-8
643,شكف,كف,57,48999,4382715555,87692,89445,89445,1753,2.0,88406,714,0.81,89445,89445,1399-10-8
644,زعف0008پ08,زعفران0008نگين روستا(پ),57,45130,5673110245,126456,125500,126000,-456,-0.36,125706,-750,-0.59,125000,126500,1399-10-8
645,تسه9809,امتياز تسهيلات مسكن آذر98,54,831,428723326,522182,499000,530000,7818,1.5,515913,-6269,-1.2,499000,530000,1399-10-8
646,اخزا903,اسنادخزانه-م3بودجه99-011110,54,100199,67365068336,668316,669000,671006,2690,0.4,672313,3997,0.6,667300,674000,1399-10-8
647,ضخود2013,اختيارخ خودرو-7000-1400/02/08,54,1850,228325000,106,150,112,6,5.66,123,17,16.04,109,150,1399-10-8
648,ضخود2006,اختيارخ خودرو-2500-1400/02/08,52,1954,2575198000,1257,1161,1289,32,2.55,1318,61,4.85,1161,1399,1399-10-8
649,ضشنا1036,اختيارخ شپنا-16000-1399/10/23,51,888,771682000,856,1010,564,-292,-34.11,869,13,1.52,550,1010,1399-10-8
650,ضپنا1022,اختيارخ رمپنا-18806-1399/10/09,50,824,304232944,255,500,250,-5,-1.96,249,-6,-2.35,150,600,1399-10-8
651,امين يكم2,صندوق درآمد ثابت امين يكم فردا,50,5000000,5000000,10158,1,1,-10157,-99.99,1,-10157,-99.99,1,1,1399-10-8
652,فاهواز,نورد و لوله اهواز,48,146386,2675643308,18651,18278,18278,-373,-2.0,18627,-24,-0.13,18278,18278,1399-10-8
653,ضشنا1035,اختيارخ شپنا-14000-1399/10/23,47,210,308570000,1408,2300,1450,42,2.98,1469,61,4.33,1200,2330,1399-10-8
654,تسه9807,امتياز تسهيلات مسكن مهر98,46,524,270712071,518229,492318,518000,-229,-0.04,516626,-1603,-0.31,492318,540000,1399-10-8
655,تسه9808,امتياز تسهيلات مسكن آبان98,45,773,401264636,515131,510000,519999,4868,0.95,519100,3969,0.77,504000,539999,1399-10-8
656,ثروتم,صندوق س. ثروت آفرين پارسيان-س,45,36030,3430560410,94869,95200,95930,1061,1.12,95214,345,0.36,95200,96000,1399-10-8
657,وسكرد,شركت س استان كردستان,43,1666292,1249719000,780,750,750,-30,-3.85,780,0,0.0,750,750,1399-10-8
658,اخزا808,اسنادخزانه-م8بودجه98-000817,42,28825,24821363655,860940,861000,862222,1282,0.15,861105,165,0.02,859788,862222,1399-10-8
659,اخزا815,اسنادخزانه-م15بودجه98-010406,38,124255,95354132925,767475,805000,767444,-31,0.0,767407,-68,-0.01,762703,805000,1399-10-8
660,تسه9806,امتياز تسهيلات مسكن شهريور98,38,380,197956782,518134,496778,512510,-5624,-1.09,520939,2805,0.54,496670,530000,1399-10-8
661,اخزا704,اسنادخزانه-م4بودجه97-991022,36,305456,302856386802,990981,990501,992000,1019,0.1,991489,508,0.05,990501,992001,1399-10-8
662,ضسپا1105,اختيارخ خساپا-3500-1399/11/26,35,848,153372000,158,200,147,-11,-6.96,181,23,14.56,115,270,1399-10-8
663,ويسرو,ص.ج.سرو رشد پايداريكم 20%تاديه,34,490270,98054000000,200000,200000,200000,0,0.0,200000,0,0.0,200000,200000,1399-10-8
664,اخزا821,اسنادخزانه-م21بودجه98-020906,33,99270,56774027200,571875,570102,571800,-75,-0.01,571915,40,0.01,570100,573900,1399-10-8
665,اخزا817,اسنادخزانه-م17بودجه98-010512,33,142515,107567932667,754974,750000,755000,26,0.0,754783,-191,-0.03,750000,755010,1399-10-8
666,داريك,صندوق س.اعتماد داريك-د,32,178002,1856529514,10433,10434,10434,1,0.01,10430,-3,-0.03,10042,10434,1399-10-8
667,اخزا905,اسنادخزانه-م5بودجه99-020218,32,128746,81532161550,633000,633001,636999,3999,0.63,633279,279,0.04,632000,636999,1399-10-8
668,ضفلا1156,اختيارخ فولاد-16000-1399/11/28,32,486,470471000,986,1180,906,-80,-8.11,968,-18,-1.83,890,1180,1399-10-8
669,ضسپا1106,اختيارخ خساپا-4000-1399/11/26,31,612,62290000,117,121,100,-17,-14.53,102,-15,-12.82,71,150,1399-10-8
670,ولراز,ليزينگ رازي,31,13515,718430370,54802,53158,53158,-1644,-3.0,54742,-60,-0.11,53158,53158,1399-10-8
671,وسصفا,شركت س استان اصفهان,31,373195,380658900,1070,1020,1020,-50,-4.67,1070,0,0.0,1020,1020,1399-10-8
672,سايرا,ايرانيت‌,31,24215,808554794,34067,33757,33386,-681,-2.0,34010,-57,-0.17,33386,33757,1399-10-8
673,ضفلا1154,اختيارخ فولاد-12000-1399/11/28,30,1074,2892146000,2656,3000,2700,44,1.66,2693,37,1.39,2600,3500,1399-10-8
674,اخزا816,اسنادخزانه-م16بودجه98-010503,29,224547,170126800868,757676,757676,758000,324,0.04,757644,-32,0.0,757500,758002,1399-10-8
675,ضفلا1157,اختيارخ فولاد-18000-1399/11/28,29,416,174919000,488,400,448,-40,-8.2,420,-68,-13.93,362,500,1399-10-8
676,هجرتح,ح . پخش هجرت,29,20673,725126148,36922,35076,35076,-1846,-5.0,35076,-1846,-5.0,35076,35076,1399-10-8
677,جوين,كشت و صنعت جوين,27,144062,3960552504,26692,27492,27492,800,3.0,26841,149,0.56,27492,27492,1399-10-8
678,اخزا809,اسنادخزانه-م9بودجه98-000923,26,86366,73251079204,846931,845006,849000,2069,0.24,848147,1216,0.14,844502,849000,1399-10-8
679,پست0008پ04,پسته فندقي32-30سبزدانه0008(پ),26,1646,2305576000,1442728,1496000,1435000,-7728,-0.54,1400714,-42014,-2.91,1385000,1496000,1399-10-8
680,ضترا1117,اختيارخ شتران-10000-1399/11/14,25,350,844565000,2112,2900,2700,588,27.84,2413,301,14.25,2200,2900,1399-10-8
681,اخزا811,اسنادخزانه-م11بودجه98-001013,24,17380,14562148483,838470,836002,841000,2530,0.3,837868,-602,-0.07,836002,842000,1399-10-8
682,زعف0008پ12,زعفران0008پوشالمعمول سحرخيز(پ),22,7093,601508809,89000,87500,84543,-4457,-5.01,84803,-4197,-4.72,84543,87500,1399-10-8
683,تسه9805,امتياز تسهيلات مسكن مرداد98,22,86,44396838,532139,505533,520000,-12139,-2.28,516242,-15897,-2.99,505533,520003,1399-10-8
684,وسخوز,شركت س استان خوزستان,22,629379,585322470,970,930,930,-40,-4.12,970,0,0.0,930,930,1399-10-8
685,اخزا818,اسنادخزانه-م18بودجه98-010614,21,24775,18330432283,736914,734003,740033,3119,0.42,739876,2962,0.4,734003,742000,1399-10-8
686,ضپاس1004,اختيارخ وپارس-4000-1399/10/30,20,503,217430000,435,500,399,-36,-8.28,432,-3,-0.69,365,550,1399-10-8
687,آينده,بازرگاني آينده سازان بهشت پارس,18,88372,1796779504,20960,20332,20332,-628,-3.0,20902,-58,-0.28,20332,20332,1399-10-8
688,سكه0112پ03,سكه تمام بهارتحويلي1روزه سامان,18,2800,3274451200,1172419,1173998,1169000,-3419,-0.29,1169447,-2972,-0.25,1167000,1173998,1399-10-8
689,گنجين,صندوق س. گنجينه يكم آويد-د,17,113964,1358225047,11908,11923,11918,10,0.08,11918,10,0.08,11918,11923,1399-10-8
690,وسيستا,شركت س استان سيستان وبلوچستان,17,224445,170578200,790,760,760,-30,-3.8,790,0,0.0,760,760,1399-10-8
691,ضفار1125,اختيارخ فارس-17826-1399/11/07,17,301,60764000,118,145,86,-32,-27.12,101,-17,-14.41,86,145,1399-10-8
692,زعف0008پ09,زعفران0008نگين نوين(پ),17,11427,1436600400,126686,126500,126000,-686,-0.54,125720,-966,-0.76,125000,126500,1399-10-8
693,ضپاس1002,اختيارخ وپارس-3000-1399/10/30,16,431,436279000,1084,1289,1050,-34,-3.14,1012,-72,-6.64,999,1289,1399-10-8
694,ضملي1153,اختيارخ فملي-20280-1399/11/05,16,549,76927720,101,98,90,-11,-10.89,71,-30,-29.7,60,100,1399-10-8
695,ضپيك1020,اختيارخ تاپيكو-14000-99/10/16,16,216,289323000,1160,1350,1200,40,3.45,1339,179,15.43,1200,1550,1399-10-8
696,سخند,صندوق س.سپهرخبرگان نفت-د,16,109350,1106247630,10113,10120,10118,5,0.05,10117,4,0.04,10113,10124,1399-10-8
697,ضپنا1020,اختيارخ رمپنا-13406-1399/10/09,15,276,2155556994,5105,5700,5500,395,7.74,5273,168,3.29,5122,5700,1399-10-8
698,كيان2,صندوق س. با درآمد ثابت كيان,15,1500000,1500000,26481,1,1,-26480,-100.0,1,-26480,-100.0,1,1,1399-10-8
699,ضفلا1155,اختيارخ فولاد-14000-1399/11/28,15,205,387091000,1915,1900,1750,-165,-8.62,1888,-27,-1.41,1750,2000,1399-10-8
700,ضفلا1158,اختيارخ فولاد-20000-1399/11/28,15,310,79933000,281,280,215,-66,-23.49,258,-23,-8.19,215,300,1399-10-8
701,اراد50,مرابحه عام دولت5-ش.خ0302,15,340000,340000000000,1000001,1000000,1000000,-1,0.0,1000000,-1,0.0,1000000,1000000,1399-10-8
702,ضخود2010,اختيارخ خودرو-4500-1400/02/08,14,344,162139000,415,550,399,-16,-3.86,471,56,13.49,399,550,1399-10-8
703,اخزا820,اسنادخزانه-م20بودجه98-020806,14,45137,26219271004,580424,577150,580424,0,0.0,580882,458,0.08,577150,582990,1399-10-8
704,اخزا806,اسنادخزانه-م6بودجه98-000519,14,26790,23957359921,896540,886102,896000,-540,-0.06,894265,-2275,-0.25,886102,897000,1399-10-8
705,وسفارس,شركت س استان فارس,14,108462,106292760,1030,980,980,-50,-4.85,1030,0,0.0,980,980,1399-10-8
706,اراد49,مرابحه عام دولت4-ش.خ 0206,13,150000,139500000000,929466,930000,930000,534,0.06,930000,534,0.06,930000,930000,1399-10-8
707,وسهمدا,شركت س استان همدان,13,233088,198124800,890,850,850,-40,-4.49,890,0,0.0,850,850,1399-10-8
708,اخزا812,اسنادخزانه-م12بودجه98-001111,13,29796,24704460103,828422,827540,830000,1578,0.19,829120,698,0.08,827540,830000,1399-10-8
709,اخزا721,اسنادخزانه-م21بودجه97-000728,12,8402,7274005045,865081,865511,865510,429,0.05,865747,666,0.08,865510,867090,1399-10-8
710,اخزا901,اسنادخزانه-م1بودجه99-010621,12,11783,8665341378,735035,734001,736010,975,0.13,735410,375,0.05,734000,736010,1399-10-8
711,تسه9804,امتياز تسهيلات مسكن تير98,12,105,56145188,562858,534716,534716,-28142,-5.0,534716,-28142,-5.0,534716,534717,1399-10-8
712,شستا991,اجاره تامين اجتماعي-امين991226,12,98,97831695,1000929,993910,1001000,71,0.01,998283,-2646,-0.26,990000,1008000,1399-10-8
713,اخزا814,اسنادخزانه-م14بودجه98-010318,11,64103,49679850386,774958,773001,775100,142,0.02,775000,42,0.01,773001,775110,1399-10-8
714,اخزا813,اسنادخزانه-م13بودجه98-010219,11,11093,8709635883,784266,784651,786000,1734,0.22,785147,881,0.11,784651,800000,1399-10-8
715,سميعا002,سلف موازي استاندارد سميعا002,11,1450200,1806664424800,1220916,1249374,1249374,28458,2.33,1245804,24888,2.04,1228663,1249374,1399-10-8
716,ضچاد2004,اختيارخ كچاد-20000-1400/02/05,11,124,670440000,5018,5204,5470,452,9.01,5407,389,7.75,5204,5470,1399-10-8
717,ضغدر1119,اختيارخ وغدير-10000-1399/11/26,11,120,420010000,3000,3500,3500,500,16.67,3500,500,16.67,3490,3514,1399-10-8
718,هبركت912,اختيارف ت بركت-22100-99/12/17,11,256677,256677,1,1,1,0,0.0,1,0,0.0,1,1,1399-10-8
719,كشم0001پ01,كشمش سبز0001خليل آباد(پ),10,164,60179656,351136,351000,368692,17556,5.0,366949,15813,4.5,351000,368692,1399-10-8
720,عيار2,صندوق س. پشتوانه طلاي مفيد,10,100000,100000,28737,1,1,-28736,-100.0,1,-28736,-100.0,1,1,1399-10-8
721,فيروزه2,صندوق شاخص30 شركت فيروزه- سهام,10,100000,100000,170500,1,1,-170499,-100.0,1,-170499,-100.0,1,1,1399-10-8
722,كرونا2,تامين مالي جمعي صرفا اهداي سود,10,1850,18500000,10000,10000,10000,0,0.0,10000,0,0.0,10000,10000,1399-10-8
723,وسلرستا,شركت س استان لرستان,10,161560,138941600,900,860,860,-40,-4.44,900,0,0.0,860,860,1399-10-8
724,ضملي1152,اختيارخ فملي-18252-1399/11/05,9,35,19804796,234,450,200,-34,-14.53,287,53,22.65,200,450,1399-10-8
725,خعمرا,توسعه و عمران شهرستان نائين,9,46005,1019286780,21511,22156,22156,645,3.0,21543,32,0.15,22156,22156,1399-10-8
726,ضسپا1100,اختيارخ خساپا-1600-1399/11/26,8,74,73183000,953,1000,970,17,1.78,989,36,3.78,969,1000,1399-10-8
727,اخزا804,اسنادخزانه-م4بودجه98-000421,8,3824,3479923201,908231,910500,910003,1772,0.2,910022,1791,0.2,908622,940000,1399-10-8
728,ضپار1117,اختيارخ خپارس-7000-1399/11/19,8,82,236319000,2349,3149,2599,250,10.64,2882,533,22.69,2111,3150,1399-10-8
729,وسكرمان,س.سهام عدالت استان كرمان,8,126600,124068000,1030,980,980,-50,-4.85,1030,0,0.0,980,980,1399-10-8
730,ضپنا1023,اختيارخ رمپنا-21506-1399/10/09,7,150,2945709,677,29,1,-676,-99.85,13,-664,-98.08,1,40,1399-10-8
731,هفارس912,اختيارف ت فارس-14576-99/12/13,7,23539,45547965,1967,1935,1935,-32,-1.63,1935,-32,-1.63,1935,1935,1399-10-8
732,ضملي1148,اختيارخ فملي-10140-1399/11/05,7,24,247681228,4509,5850,5100,591,13.11,5233,724,16.06,4651,5850,1399-10-8
733,اخزا807,اسنادخزانه-م7بودجه98-000719,7,5055,4394446512,868955,869321,869322,367,0.04,869327,372,0.04,869321,869500,1399-10-8
734,كيا,كيا الكترود شرق,6,300000,1764000000,5617,5880,5880,263,4.68,5880,263,4.68,5880,5880,1399-10-8
735,ضپاس1001,اختيارخ وپارس-2500-1399/10/30,6,123,172500000,1391,1590,1440,49,3.52,1402,11,0.79,1351,1590,1399-10-8
736,نگين,ص.س. زمين و ساختمان نگين شهرري,6,1696,82858090,48000,48990,48100,100,0.21,48860,860,1.79,48100,48990,1399-10-8
737,زعف0008پ16,زعفران0008نگين بيرجند(پ),6,600,75899600,126143,126500,126499,356,0.28,126499,356,0.28,126499,126500,1399-10-8
738,اخزا904,اسنادخزانه-م4بودجه99-011215,6,7424,4892065582,654621,658999,655900,1279,0.2,658953,4332,0.66,654500,659000,1399-10-8
739,سرو2,صندوق س سروسودمند مدبران-سهام,6,600000,600000,74010,1,1,-74009,-100.0,1,-74009,-100.0,1,1,1399-10-8
740,اخزا907,اسنادخزانه-م7بودجه99-020704,6,72,42524000,585454,587000,591000,5546,0.95,590611,5157,0.88,586000,593000,1399-10-8
741,ضسپا1101,اختيارخ خساپا-1800-1399/11/26,6,244,193196000,702,800,788,86,12.25,792,90,12.82,787,800,1399-10-8
742,اخزا810,اسنادخزانه-م10بودجه98-001006,6,24380,20431128830,840559,837282,842000,1441,0.17,838028,-2531,-0.3,837282,842000,1399-10-8
743,ضبدر1149,اختيارخ شبندر-28000-1399/11/19,6,32,167808000,4800,5300,5250,450,9.38,5244,444,9.25,5114,5300,1399-10-8
744,وسرضوي,س.سهام عدالت استان خراسان رضوي,5,41816,40979680,1030,980,980,-50,-4.85,1030,0,0.0,980,980,1399-10-8
745,ضپنا1021,اختيارخ رمپنا-16106-1399/10/09,5,85,366046922,3933,3000,2810,-1123,-28.55,2908,-1025,-26.06,2800,3000,1399-10-8
746,بذر2,صندوق س بذر اميد آفرين-سهام,5,430000,430000,112250,1,1,-112249,-100.0,1,-112249,-100.0,1,1,1399-10-8
747,زعف0008پ18,زعفران0008نگين بهرامن(پ),5,3150,396984000,125168,127000,126000,832,0.66,126027,859,0.69,125501,127000,1399-10-8
748,ضشنا1044,اختيارخ شپنا-10000-1399/10/23,5,26,122694000,3725,4849,4170,445,11.95,4719,994,26.68,4170,4850,1399-10-8
749,زير0003پ04,زيره سبز0003شركت مينوبذر(پ),5,140,67102665,470412,478961,482133,11721,2.49,479305,8893,1.89,478960,482133,1399-10-8
750,اخزا908,اسنادخزانه-م8بودجه99-020606,5,2525,1517423118,602241,604000,602000,-241,-0.04,600960,-1281,-0.21,600950,602000,1399-10-8
751,وسخراج,شركت س استان خراسان جنوبي,5,43282,91325020,2220,2110,2110,-110,-4.95,2220,0,0.0,2110,2110,1399-10-8
752,ضشنا1045,اختيارخ شپنا-12000-1399/10/23,5,35,93000000,2551,2900,2750,199,7.8,2657,106,4.16,2400,2900,1399-10-8
753,پست0008پ08,پسته فندقي32-30مه ولات0008(پ),4,315,450450520,1450173,1429999,1430000,-20173,-1.39,1430002,-20171,-1.39,1429999,1430010,1399-10-8
754,زعف0008پ15,زعفران0008پوشالمعمول طلاسرخ(پ),4,270,23960000,88961,90000,88500,-461,-0.52,88741,-220,-0.25,87500,90000,1399-10-8
755,وسگلستا,شركت س استان گلستان,4,29309,34584620,1240,1180,1180,-60,-4.84,1240,0,0.0,1180,1180,1399-10-8
756,اروند10,منفعت صبا اروند لوتوس 14001222,4,80188,78584400376,980004,980002,980002,-2,0.0,980002,-2,0.0,980002,980002,1399-10-8
757,اخزا906,اسنادخزانه-م6بودجه99-020321,4,7166,4528912000,625060,632000,632000,6940,1.11,632000,6940,1.11,632000,632000,1399-10-8
758,ضملي1150,اختيارخ فملي-14196-1399/11/05,4,8,38631480,2130,2500,2488,358,16.81,2449,319,14.98,2150,2500,1399-10-8
759,ضخوز1013,اختيارخ فخوز-10667-1399/10/16,4,7,96075000,5488,5200,5300,-188,-3.43,5229,-259,-4.72,5200,5300,1399-10-8
760,ضپار1120,اختيارخ خپارس-10000-1399/11/19,4,110,45255000,1000,500,400,-600,-60.0,411,-589,-58.9,400,550,1399-10-8
761,غگز,گز سكه,4,130000,2990000000,23000,23000,23000,0,0.0,23000,0,0.0,23000,23000,1399-10-8
762,وسگيلا,شركت س استان گيلان,3,51859,40968610,830,790,790,-40,-4.82,830,0,0.0,790,790,1399-10-8
763,وسقم,شركت س استان قم,3,17582,23559880,1410,1340,1340,-70,-4.96,1410,0,0.0,1340,1340,1399-10-8
764,ضگل1144,اختيارخ كگل-20000-1399/11/21,3,200,400000000,2000,2000,2000,0,0.0,2000,0,0.0,2000,2000,1399-10-8
765,شسم,توليد سموم‌ علف‌ كش,3,1506,133815630,87113,88855,88855,1742,2.0,87136,23,0.03,88855,88855,1399-10-8
766,ضمخا7066,اختيارخ اخابر-12000-1400/07/28,3,7,54300000,6001,7500,7800,1799,29.98,7757,1756,29.26,7500,7800,1399-10-8
767,هصيكو402,اختيارف ت تاصيكو13500-00/02/20,3,1760,2921600,1612,1660,1660,48,2.98,1660,48,2.98,1660,1660,1399-10-8
768,ضپار1118,اختيارخ خپارس-8000-1399/11/19,3,50,81000000,1043,1650,1650,607,58.2,1620,577,55.32,1600,1650,1399-10-8
769,ضفار1126,اختيارخ فارس-19826-1399/11/07,3,11,840000,97,50,30,-67,-69.07,38,-59,-60.82,30,50,1399-10-8
770,سپرمي,پرميت‌,3,4008,33891648,8373,8456,8456,83,0.99,8374,1,0.01,8456,8456,1399-10-8
771,زير0003پ01,زيره سبز0003كيميابذر(پ),3,35,17528420,490493,500812,500812,10319,2.1,500812,10319,2.1,500812,500812,1399-10-8
772,ضپيك1021,اختيارخ تاپيكو-16000-99/10/16,3,21,5300000,390,250,300,-90,-23.08,252,-138,-35.38,250,300,1399-10-8
773,ضپاس1006,اختيارخ وپارس-5000-1399/10/30,3,20,3798000,100,180,198,98,98.0,190,90,90.0,180,198,1399-10-8
774,ضپيك1023,اختيارخ تاپيكو-20000-99/10/16,3,30,300000,3,10,10,7,233.33,10,7,233.33,10,10,1399-10-8
775,كابگن,توليدي و صنعتي آبگينه‌,3,3000,15183000,5011,5061,5061,50,1.0,5011,0,0.0,5061,5061,1399-10-8
776,ضمخا1023,اختيارخ اخابر-12000-1399/10/30,3,7,14100000,2067,2050,2000,-67,-3.24,2014,-53,-2.56,2000,2050,1399-10-8
777,اخزا722,اسنادخزانه-م22بودجه97-000428,3,11000,9918995000,905613,901500,901750,-3863,-0.43,901727,-3886,-0.43,901500,901750,1399-10-8
778,تملي803,تسهيلات مسكن ب. ملي-خرداد98,2,33,28651227,826876,868219,868219,41343,5.0,868219,41343,5.0,868219,868219,1399-10-8
779,صينا205,صكوك منفعت سينا دارو-3ماهه 19%,2,10,9905010,1001000,1001000,980002,-20998,-2.1,990501,-10499,-1.05,980002,1001000,1399-10-8
780,ضبدر1158,اختيارخ شبندر-24000-1399/11/19,2,17,168300000,5000,9900,9900,4900,98.0,9900,4900,98.0,9900,9900,1399-10-8
781,اخزا805,اسنادخزانه-م5بودجه98-000422,2,1894,1724487000,907901,914500,910500,2599,0.29,910500,2599,0.29,910500,910500,1399-10-8
782,وسبوشهر,شركت س استان بوشهر,2,8200,9840000,1260,1200,1200,-60,-4.76,1260,0,0.0,1200,1200,1399-10-8
783,ضخود2011,اختيارخ خودرو-5000-1400/02/08,2,20,6020000,259,301,301,42,16.22,301,42,16.22,301,301,1399-10-8
784,اراد35,مرابحه عام دولت3-ش.خ 0103,2,50000,46250000000,922924,925000,925000,2076,0.22,925000,2076,0.22,925000,925000,1399-10-8
785,اخزا723,اسنادخزانه-م23بودجه97-000824,2,994,850000864,855308,856000,855001,-307,-0.04,855132,-176,-0.02,855001,856000,1399-10-8
786,ضغدر1120,اختيارخ وغدير-12000-1399/11/26,2,5,10200000,1911,2100,2000,89,4.66,2040,129,6.75,2000,2100,1399-10-8
787,تملي701,تسهيلات مسكن ب. ملي-فروردين97,2,22,15303178,732209,695599,695599,-36610,-5.0,695599,-36610,-5.0,695599,695599,1399-10-8
788,آكورد2,صندوق س. آرمان آتي كوثر-د,2,200000,200000,29956,1,1,-29955,-100.0,1,-29955,-100.0,1,1,1399-10-8
789,ضملي1149,اختيارخ فملي-12168-1399/11/05,2,6,34511972,3043,2920,2901,-142,-4.67,2917,-126,-4.14,2901,2920,1399-10-8
790,اخزا713,اسنادخزانه-م13بودجه97-000518,2,252,225935280,896218,896202,903900,7682,0.86,896569,351,0.04,896202,903900,1399-10-8
791,ضملي1154,اختيارخ فملي-24336-1399/11/05,2,6,2979692,121,300,11,-110,-90.91,252,131,108.26,11,300,1399-10-8
792,آگاس2,صندوق س.هستي بخش آگاه-س,2,200000,200000,74354,1,1,-74353,-100.0,1,-74353,-100.0,1,1,1399-10-8
793,غگلستا4,شير پاستوريزه پگاه گلستان,1,6600000,169217400000,25179,25639,25639,460,1.83,25639,460,1.83,25639,25639,1399-10-8
794,صمسكن912,ص دين مسكن جنوب-ماهانه16درصد,1,250,12850000,51914,51400,51400,-514,-0.99,51400,-514,-0.99,51400,51400,1399-10-8
795,غيوان,كيوان,1,285,4457685,15335,15641,15641,306,2.0,15335,0,0.0,15641,15641,1399-10-8
796,سپر2,صندوق س سپر سرمايه بيدار- ثابت,1,1000000,1000000,11058,1,1,-11057,-99.99,1,-11057,-99.99,1,1,1399-10-8
797,اراد504,مرابحه عام دولت5-ش.خ0302,1,400000,400000000000,1000001,1000000,1000000,-1,0.0,1000000,-1,0.0,1000000,1000000,1399-10-8
798,ضخوز1014,اختيارخ فخوز-12191-1399/10/16,1,1,2625000,3207,1000,1000,-2207,-68.82,1000,-2207,-68.82,1000,1000,1399-10-8
799,اراد60,مرابحه عام دولتي6-ش.خ0210,1,150000,138675000000,924430,924500,924500,70,0.01,924500,70,0.01,924500,924500,1399-10-8
800,غپآذر4,شير پگاه آذربايجان شرقي,1,1500000,96364500000,65276,64243,64243,-1033,-1.58,64243,-1033,-1.58,64243,64243,1399-10-8
801,پست0008پ09,پسته بادامي30-28مه ولات0008(پ),1,8,10408000,1335294,1301000,1301000,-34294,-2.57,1301000,-34294,-2.57,1301000,1301000,1399-10-8
802,نوري2,پتروشيمي نوري,1,13000000,977600000000,72140,75200,75200,3060,4.24,75200,3060,4.24,75200,75200,1399-10-8
803,تملي801,تسهيلات مسكن ب. ملي-فروردين98,1,8,5264352,692677,658044,658044,-34633,-5.0,658044,-34633,-5.0,658044,658044,1399-10-8
804,وسكرشا,س.سهام عدالت استان كرمانشاه,1,44000,52800000,1260,1200,1200,-60,-4.76,1260,0,0.0,1200,1200,1399-10-8
805,ضگل1142,اختيارخ كگل-16000-1399/11/21,1,10,42000000,4200,4200,4200,0,0.0,4200,0,0.0,4200,4200,1399-10-8
806,پارسا306,صكوك اجاره پارسيان-6ماهه16%,1,200,182892400,914462,914462,914462,0,0.0,914462,0,0.0,914462,914462,1399-10-8
807,اراد51,مرابحه عام دولت5-ش.خ 0010,1,2000,2000000000,1000000,1000000,1000000,0,0.0,1000000,0,0.0,1000000,1000000,1399-10-8
808,اخزا8152,اسنادخزانه-م15بودجه98-010406,1,325778,250686171000,767475,769500,769500,2025,0.26,769500,2025,0.26,769500,769500,1399-10-8
809,شجم2,صنايع پتروشيمي تخت جمشيد,1,7000000,80542000000,11718,11506,11506,-212,-1.81,11506,-212,-1.81,11506,11506,1399-10-8
810,ضمخا1032,اختيارخ اخابر-9000-1399/10/30,1,2,10000000,6293,5000,5000,-1293,-20.55,5000,-1293,-20.55,5000,5000,1399-10-8
811,افران2,صندوق س افرا نماد پايدار-ثابت,1,10000000,10000000,12347,1,1,-12346,-99.99,1,-12346,-99.99,1,1,1399-10-8
812,كمند2,صندوق س. با درآمد ثابت كمند,1,70000000,70000000,10122,1,1,-10121,-99.99,1,-10121,-99.99,1,1,1399-10-8
813,تملي705,تسهيلات مسكن ب. ملي-مرداد97,1,7,5184473,779620,740639,740639,-38981,-5.0,740639,-38981,-5.0,740639,740639,1399-10-8
814,هترول911,اختيارف ت پترول-14730-99/11/15,1,20,46140,1980,2307,2307,327,16.52,2307,327,16.52,2307,2307,1399-10-8
815,افاد52,منفعت دولت5-ش.خاص سپهر0108,1,1000,951000000,922000,951000,951000,29000,3.15,951000,29000,3.15,951000,951000,1399-10-8
816,آساس2,صندوق س.آسمان آرماني سهام-س,1,100000,100000,174147,1,1,-174146,-100.0,1,-174146,-100.0,1,1,1399-10-8
817,غگيلا4,شيرپاستوريزه پگاه گيلان,1,2000000,39816000000,19689,19908,19908,219,1.11,19908,219,1.11,19908,19908,1399-10-8
818,هاباد912,اختيارف ت آبادا-30100-99/12/12,1,480,5096640,10588,10618,10618,30,0.28,10618,30,0.28,10618,10618,1399-10-8
819,وسزنجان,شركت س استان زنجان,1,3888,5248800,1420,1350,1350,-70,-4.93,1420,0,0.0,1350,1350,1399-10-8
820,ضشنا2002,اختيارخ شپنا-12000-1400/02/27,1,10,50000000,1,5000,5000,4999,499900.0,5000,4999,499900.0,5000,5000,1399-10-8
821,ضخوز1015,اختيارخ فخوز-13715-1399/10/16,1,5,7875000,3300,600,600,-2700,-81.82,600,-2700,-81.82,600,600,1399-10-8
822,صخابر102,صكوك اجاره مخابرات-3 ماهه 16%,1,2000,1900000000,950000,950000,950000,0,0.0,950000,0,0.0,950000,950000,1399-10-8
823,غشاذر4,پگاه‌آذربايجان‌غربي‌,1,2000000,46760000000,23500,23380,23380,-120,-0.51,23380,-120,-0.51,23380,23380,1399-10-8
824,اخزا9062,اسنادخزانه-م6بودجه99-020321,1,1423000,885106000000,625060,622000,622000,-3060,-0.49,622000,-3060,-0.49,622000,622000,1399-10-8
825,ضمخا7075,اختيارخ اخابر-9000-1400/07/28,1,1,5500000,6361,5500,5500,-861,-13.54,5500,-861,-13.54,5500,5500,1399-10-8
826,ضگل1143,اختيارخ كگل-18000-1399/11/21,1,18,63000000,3500,3500,3500,0,0.0,3500,0,0.0,3500,3500,1399-10-8
827,عفولاد3,اوراق سلف موازي ورق گرم فولاد,1,10,8038090,800620,803809,803809,3189,0.4,803809,3189,0.4,803809,803809,1399-10-8
828,ياقوت2,صندوق س ياقوت آگاه-ثابت,1,3440267,3440267,11650,1,1,-11649,-99.99,1,-11649,-99.99,1,1,1399-10-8
829,مارون2,پتروشيمي مارون,1,12830900,1981090960000,154343,154400,154400,57,0.04,154400,57,0.04,154400,154400,1399-10-8
830,اشاد10,مشاركت دولتي10-شرايط خاص001226,1,20000,19020000000,950000,951000,951000,1000,0.11,951000,1000,0.11,951000,951000,1399-10-8
831,بايكا2,كارخانجات كابلسازي ‌ايران‌,1,2170000,128533440000,61063,59232,59232,-1831,-3.0,59232,-1831,-3.0,59232,59232,1399-10-8
832,اراد514,مرابحه عام دولت5-ش.خ 0010,1,498000,498000000000,1000000,1000000,1000000,0,0.0,1000000,0,0.0,1000000,1000000,1399-10-8
833,صايپا112,صكوك مرابحه سايپا112-3ماهه 16%,1,1,980000,1000686,980000,980000,-20686,-2.07,980000,-20686,-2.07,980000,980000,1399-10-8
834,شستا003,اجاره تامين اجتماعي-سپهر000523,1,1,990000,990022,990000,990000,-22,0.0,990000,-22,0.0,990000,990000,1399-10-8
835,زير0003پ02,زيره سبز0003 دانش(پ),1,19,9310000,490490,490000,490000,-490,-0.1,490000,-490,-0.1,490000,490000,1399-10-8
836,ضمخا1033,اختيارخ اخابر-10000-1399/10/30,1,2,8500000,4990,4250,4250,-740,-14.83,4250,-740,-14.83,4250,4250,1399-10-8
837,جم2,پتروشيمي جم,1,10000000,492000000000,48090,49200,49200,1110,2.31,49200,1110,2.31,49200,49200,1399-10-8
838,دمعيار2,صندوق س. توازن معيار-د,1,600000,600000,10035,1,1,-10034,-99.99,1,-10034,-99.99,1,1,1399-10-8
839,ضملي1155,اختيارخ فملي-8111-1399/11/05,1,5,73950000,7140,7500,7500,360,5.04,7500,360,5.04,7500,7500,1399-10-8
840,وساربيل,شركت س استان اردبيل,1,4129,5037380,1280,1220,1220,-60,-4.69,1280,0,0.0,1220,1220,1399-10-8
841,غفارس4,شير پاستوريزه پگاه فارس,1,5150000,72960050000,14024,14167,14167,143,1.02,14167,143,1.02,14167,14167,1399-10-8
842,غشان4,شيرپاستوريزه‌پگاه‌خراسان‌,1,1530000,12438900000,8400,8130,8130,-270,-3.21,8130,-270,-3.21,8130,8130,1399-10-8
843,ضپيك1019,اختيارخ تاپيكو-12000-99/10/16,1,1,3800000,2000,3800,3800,1800,90.0,3800,1800,90.0,3800,3800,1399-10-8
844,ضچاد2000,اختيارخ كچاد-12000-1400/02/05,1,3,35250000,11500,11750,11750,250,2.17,11750,250,2.17,11750,11750,1399-10-8
845,اراد494,مرابحه عام دولت4-ش.خ 0206,1,500000,470000000000,929466,940000,940000,10534,1.13,940000,10534,1.13,940000,940000,1399-10-8
846,ضبدر1160,اختيارخ شبندر-18000-1399/11/19,1,1,12000000,11999,12000,12000,1,0.01,12000,1,0.01,12000,12000,1399-10-8
847,اراد53,مرابحه عام دولت5-ش.خ 0207,1,12200,11250315400,913850,922157,922157,8307,0.91,922157,8307,0.91,922157,922157,1399-10-8
848,وسمركز,شركت س استان مركزي,1,3500,4655000,1400,1330,1330,-70,-5.0,1400,0,0.0,1330,1330,1399-10-8
849,ضمخا1026,اختيارخ اخابر-18000-1399/10/30,1,1,11000,11,11,11,0,0.0,11,0,0.0,11,11,1399-10-8
850,ضچاد2005,اختيارخ كچاد-24000-1400/02/05,1,5,12500000,1,2500,2500,2499,249900.0,2500,2499,249900.0,2500,2500,1399-10-8
851,اخزا716,اسنادخزانه-م16بودجه97-000407,1,2454,2237584194,916000,911811,911811,-4189,-0.46,911811,-4189,-0.46,911811,911811,1399-10-8
852,ضبدر1157,اختيارخ شبندر-20000-1399/11/19,1,1,10100000,9812,10100,10100,288,2.94,10100,288,2.94,10100,10100,1399-10-8
853,غگلپا4,شير پاستوريزه پگاه گلپايگان,1,1800000,131803200000,76449,73224,73224,-3225,-4.22,73224,-3225,-4.22,73224,73224,1399-10-8
854,ضپار1126,اختيارخ خپارس-4500-1399/11/19,1,3,14400000,1,4800,4800,4799,479900.0,4800,4799,479900.0,4800,4800,1399-10-8
855,غنيلي,مجتمع توليدي نيلي صنعت كرمان,1,50000,850000000,17330,17000,17000,-330,-1.9,17000,-330,-1.9,17000,17000,1399-10-8
856,ضمخا7074,اختيارخ اخابر-36000-1400/07/28,1,1,1000000,1111,1000,1000,-111,-9.99,1000,-111,-9.99,1000,1000,1399-10-8
