,نماد,نام,تعداد,حجم,ارزش,دیروز,اولین,آخرین معامله - مقدار,آخرین معامله - تغییر,آخرین معامله - درصد,قیمت پایانی - مقدار,قیمت پایانی - تغییر,قیمت پایانی - درصد,کمترین,بیشترین,تاریخ
0,وسپهر,سرمايه گذاري مالي سپهرصادرات,110895,239997026,3171005244780,12783,13300,13105,322,2.52,13213,430,3.36,12660,13422,1399-7-30
1,خودرو,ايران‌ خودرو,90355,2494817097,8278212456060,3200,3310,3260,60,1.88,3320,120,3.75,3080,3360,1399-7-30
2,فولاد,فولاد مباركه اصفهان,69251,359350446,5150401312650,14710,14500,14360,-350,-2.38,14330,-380,-2.58,13980,15250,1399-7-30
3,دارا يكم,صندوق واسطه گري مالي يكم-سهام,69163,30472770,6096178176520,187080,200110,199260,12180,6.51,200050,12970,6.93,193820,205000,1399-7-30
4,خساپا,سايپا,60528,1562082734,3948677823340,2560,2510,2440,-120,-4.69,2530,-30,-1.17,2440,2680,1399-7-30
5,شپنا,پالايش نفت اصفهان,51609,305321752,5291153678860,17690,17700,16810,-880,-4.97,17330,-360,-2.04,16810,18560,1399-7-30
6,فملي,ملي‌ صنايع‌ مس‌ ايران‌,45582,148496612,3561797608680,23610,23610,23730,120,0.51,23990,380,1.61,22660,24790,1399-7-30
7,سيتا,سرمايه گذاري سيمان تامين,40621,43945518,797877612320,17890,18350,17950,60,0.34,18160,270,1.51,17500,18780,1399-7-30
8,بپيوند,برق و انرژي پيوندگستر پارس,37680,15204481,334559070674,21806,22537,21380,-426,-1.95,22004,198,0.91,21100,22890,1399-7-30
9,ثبهساز,بهساز كاشانه تهران,37338,161031003,571399437660,3510,3580,3470,-40,-1.14,3550,40,1.14,3410,3680,1399-7-30
10,آبادا,توليد نيروي برق آبادان,34483,13438821,271603481920,19740,20720,19660,-80,-0.41,20210,470,2.38,19000,20720,1399-7-30
11,بگيلان,توسعه مسير برق گيلان,33857,13033421,376668972667,28097,29501,28201,104,0.37,28900,803,2.86,27690,29501,1399-7-30
12,امين,تامين سرمايه امين,31388,26263223,317474730690,11980,12380,11930,-50,-0.42,12090,110,0.92,11650,12470,1399-7-30
13,زملارد,كشاورزي و دامپروري ملارد شير,30853,5877751,284087540372,50153,50001,47646,-2507,-5.0,48333,-1820,-3.63,47646,51600,1399-7-30
14,پترول,گروه پتروشيمي س. ايرانيان,30471,209879933,2941483214920,13380,14040,14040,660,4.93,14020,640,4.78,13600,14040,1399-7-30
15,وبصادر,بانك صادرات ايران,29945,624339818,2426134120990,3820,3870,3850,30,0.79,3890,70,1.83,3700,4010,1399-7-30
16,غزر,صنعتي زر ماكارون,28501,3710868,174197691860,47170,48000,45800,-1370,-2.9,46940,-230,-0.49,45210,49100,1399-7-30
17,وبملت,بانك ملت,27573,521096877,2780536266830,5190,5300,5240,50,0.96,5340,150,2.89,5110,5440,1399-7-30
18,گدنا,تهيه توزيع غذاي دنا آفرين فدك,26865,1255081,18360579949,13933,14629,14629,696,5.0,14172,239,1.72,14629,14629,1399-7-30
19,وتجارت,بانك تجارت,26306,869907165,2729089689430,3050,3190,3060,10,0.33,3140,90,2.95,3050,3200,1399-7-30
20,شتران,پالايش نفت تهران,25962,116641129,1691261480400,15000,14450,14250,-750,-5.0,14500,-500,-3.33,14250,15540,1399-7-30
21,شاروم,پتروشيمي اروميه,25534,3402447,70301359914,19679,20662,20662,983,5.0,20662,983,5.0,20662,20662,1399-7-30
22,وپويا,سرمايه گذاري پويا,24223,44141556,514742530278,12129,11523,11523,-606,-5.0,11661,-468,-3.86,11523,12110,1399-7-30
23,ذوب,سهامي ذوب آهن  اصفهان,20340,227609576,1158282512516,5150,5151,4934,-216,-4.19,5089,-61,-1.18,4901,5398,1399-7-30
24,رافزا,رايان هم افزا,19938,115937,3908700018,32109,33714,33714,1605,5.0,32227,118,0.37,33714,33714,1399-7-30
25,شگويا,پتروشيمي تندگويان,19829,87629563,1155040067369,13552,13680,12875,-677,-5.0,13181,-371,-2.74,12875,14150,1399-7-30
26,شبندر,پالايش نفت بندرعباس,19622,49485902,1725638961320,36100,35000,34300,-1800,-4.99,34870,-1230,-3.41,34300,36980,1399-7-30
27,ولپارس,ليزينگ پارسيان,18494,1382539,6387330180,4400,4620,4620,220,5.0,4420,20,0.45,4620,4620,1399-7-30
28,وغدير,سرمايه‌گذاري‌غدير(هلدينگ‌,18176,118106992,1517697592480,13280,13110,13000,-280,-2.11,12850,-430,-3.24,12620,13700,1399-7-30
29,آريا,پليمر آريا ساسول,17847,4143148,690525582334,158919,166864,166864,7945,5.0,166667,7748,4.88,162500,166864,1399-7-30
30,صبا,سرمايه گذاري صبا تامين,16320,66005335,624515734780,9820,9660,9329,-491,-5.0,9462,-358,-3.65,9329,10000,1399-7-30
31,خگستر,گسترش‌سرمايه‌گذاري‌ايران‌خودرو,15910,187038225,863717650000,4760,4530,4530,-230,-4.83,4620,-140,-2.94,4530,4870,1399-7-30
32,حكشتي,كشتيراني جمهوري اسلامي ايران,13752,54186385,1847938681040,35890,34100,34100,-1790,-4.99,34100,-1790,-4.99,34100,34900,1399-7-30
33,صباح,ح . سرمايه گذاري صبا تامين,13431,77004888,521255272475,6463,6786,6786,323,5.0,6769,306,4.73,6510,6786,1399-7-30
34,وپارس,بانك‌پارسيان‌,12707,461891061,1702025806560,3520,3690,3690,170,4.83,3680,160,4.55,3580,3690,1399-7-30
35,چكاپا,گروه صنايع كاغذ پارس,12021,95771730,649397448930,6980,7050,6650,-330,-4.73,6780,-200,-2.87,6640,7320,1399-7-30
36,غگل,گلوكوزان‌,11819,88705241,460044851250,5310,5080,5050,-260,-4.9,5190,-120,-2.26,5050,5570,1399-7-30
37,تاپيكو,س. نفت و گاز و پتروشيمي تأمين,11734,67740634,1227754123870,18840,18500,17900,-940,-4.99,18120,-720,-3.82,17900,19600,1399-7-30
38,كاما,باما,9930,5199030,967536590390,183390,186000,180570,-2820,-1.54,186100,2710,1.48,176000,192550,1399-7-30
39,انرژي3,سايراشخاص بورس انرژي,9294,3092187,1295884832010,399270,419230,419230,19960,5.0,419080,19810,4.96,400000,419230,1399-7-30
40,كدما,معدني‌ دماوند,8994,7715260,1364404318330,172770,181400,181400,8630,5.0,176840,4070,2.36,164140,181400,1399-7-30
41,پترولح,ح . گروه پتروشيمي س. ايرانيان,8375,50039701,549342569120,10250,11150,10920,670,6.54,10980,730,7.12,10500,11270,1399-7-30
42,اخابر,مخابرات ايران,8284,64486235,1036208570530,16570,16200,15750,-820,-4.95,16070,-500,-3.02,15750,16970,1399-7-30
43,فرابورس,فرابورس ايران,6981,9628826,668678568791,67265,67800,68469,1204,1.79,69445,2180,3.24,66000,70628,1399-7-30
44,غگيلا,شيرپاستوريزه پگاه گيلان,6857,124854,2119896066,16171,16979,16979,808,5.0,16203,32,0.2,16979,16979,1399-7-30
45,هاي وب,داده گسترعصرنوين-هاي وب,6516,19613642,544351524210,28360,27800,28360,0,0.0,27750,-610,-2.15,26950,29740,1399-7-30
46,بجهرم,توسعه مولد نيروگاهي جهرم,6371,62709591,262006798637,4060,4255,4080,20,0.49,4178,118,2.91,4060,4263,1399-7-30
47,كدماح,ح . معدني‌ دماوند,5803,6603232,745034802250,122920,122910,110630,-12290,-10.0,112830,-10090,-8.21,110630,122980,1399-7-30
48,فخوز,فولاد  خوزستان,5752,13396336,453854322970,33630,34500,32900,-730,-2.17,33880,250,0.74,32280,35300,1399-7-30
49,فاراك,ماشين‌ سازي‌ اراك‌,5734,48196204,384348315540,8300,8100,7890,-410,-4.94,7970,-330,-3.98,7890,8460,1399-7-30
50,حفاري,حفاري شمال,5527,39401167,427223656720,10470,10800,10990,520,4.97,10840,370,3.53,10140,10990,1399-7-30
51,كالا,بورس كالاي ايران,5506,10618097,536209148260,49420,48000,50300,880,1.78,50500,1080,2.19,47500,51890,1399-7-30
52,خپارس,پارس‌ خودرو,5362,56027943,460989527560,8630,8200,8200,-430,-4.98,8230,-400,-4.63,8200,8580,1399-7-30
53,ختور,رادياتور ايران‌,5254,12996954,526905524700,39000,38900,40950,1950,5.0,40540,1540,3.95,38900,40950,1399-7-30
54,سمگا,گروه سرمايه گذاري ميراث فرهنگي,5021,40190100,924654175263,22968,23700,22700,-268,-1.17,23007,39,0.17,21820,24116,1399-7-30
55,فروي,ذوب روي اصفهان,4957,4264329,228571443700,53475,55800,51850,-1625,-3.04,53601,126,0.24,51211,56148,1399-7-30
56,غسالم,سالمين‌,4910,36296618,184166835570,5190,5040,4940,-250,-4.82,5070,-120,-2.31,4940,5430,1399-7-30
57,وپاسار,بانك  پاسارگاد,4799,62998418,632092286590,9690,9760,10100,410,4.23,10030,340,3.51,9760,10170,1399-7-30
58,خبهمن,گروه‌بهمن‌,4745,35965120,801545691550,23440,22270,22270,-1170,-4.99,22290,-1150,-4.91,22270,23400,1399-7-30
59,مدير,ص.س.مديريت ثروت ص.بازنشستگي-س,4688,22289865,252021153673,10898,11600,11119,221,2.03,11307,409,3.75,10900,11780,1399-7-30
60,ونوين,بانك‌اقتصادنوين‌,4685,102016587,426899097920,4040,4150,4120,80,1.98,4180,140,3.47,4030,4240,1399-7-30
61,ماديرا,صنايع ماشين هاي اداري ايران,4460,8287242,266268738698,31578,33000,31300,-278,-0.88,32130,552,1.75,30510,33156,1399-7-30
62,شلرد,كود شيميايي اوره لردگان,4452,31097937,302910511571,10042,9860,9540,-502,-5.0,9741,-301,-3.0,9540,10500,1399-7-30
63,دماوند,توليد نيروي برق دماوند,4386,6807424,530116162860,79422,76000,75451,-3971,-5.0,77873,-1549,-1.95,75451,83000,1399-7-30
64,بركت,گروه دارويي بركت,4374,16320524,254444219080,16280,15500,15470,-810,-4.98,15590,-690,-4.24,15470,16700,1399-7-30
65,زكوثر,سرمايه گذاري كشاورزي كوثر,4188,9662032,199482644880,21120,21150,20200,-920,-4.36,20650,-470,-2.23,20070,21960,1399-7-30
66,ساوه,سيمان ساوه,4153,1446504,81268088780,58618,56500,55688,-2930,-5.0,56182,-2436,-4.16,55688,60020,1399-7-30
67,وملل,اعتباري ملل,4072,40327356,582628858853,14041,14700,14051,10,0.07,14447,406,2.89,14050,14740,1399-7-30
68,بورس,بورس اوراق بهادار تهران,4028,5309536,333237448470,62620,60100,61690,-930,-1.49,62760,140,0.22,59840,65700,1399-7-30
69,شصدفح,ح . صنعتي دوده فام,3820,1665455,30058222727,17653,18213,18200,547,3.1,18048,395,2.24,17705,18400,1399-7-30
70,كحافظ,كاشي‌ وسراميك‌ حافظ‌,3782,11005459,273846265130,23960,23960,25150,1190,4.97,24880,920,3.84,23000,25150,1399-7-30
71,شبريز,پالايش نفت تبريز,3719,8331016,273898434710,33870,32200,32180,-1690,-4.99,32880,-990,-2.92,32180,34700,1399-7-30
72,ثاخت,بين‌المللي‌توسعه‌ساختمان,3656,33264360,146180927530,4540,4600,4320,-220,-4.85,4390,-150,-3.3,4320,4730,1399-7-30
73,نوري,پتروشيمي نوري,3595,5619747,931272203570,157830,165720,165720,7890,5.0,165710,7880,4.99,164010,165720,1399-7-30
74,ثفارس,عمران‌وتوسعه‌فارس‌,3583,29895987,258945212740,8820,9090,8400,-420,-4.76,8660,-160,-1.81,8380,9260,1399-7-30
75,كاوه,فولاد كاوه جنوب كيش,3545,32302081,625753257980,19080,19400,19060,-20,-0.1,19370,290,1.52,18150,20030,1399-7-30
76,توريل,توکاريل,3527,26348724,585880818840,22954,21807,21807,-1147,-5.0,22236,-718,-3.13,21807,24100,1399-7-30
77,كگل,معدني و صنعتي گل گهر,3506,14970667,250826292910,16740,17350,16700,-40,-0.24,16750,10,0.06,16140,17500,1399-7-30
78,خمحركه,نيرو محركه‌,3465,24340752,184077426220,7930,7540,7540,-390,-4.92,7560,-370,-4.67,7540,7920,1399-7-30
79,ختوقا,قطعات‌ اتومبيل‌ ايران‌,3406,28742916,112835477740,4070,3880,3870,-200,-4.91,3930,-140,-3.44,3870,4180,1399-7-30
80,سفارس,سيمان فارس و خوزستان,3311,25663640,444225316590,16510,17270,17330,820,4.97,17310,800,4.85,16800,17330,1399-7-30
81,ختورح,ح . رادياتور ايران‌,3310,11218091,264439608730,25810,23250,23230,-2580,-10.0,23570,-2240,-8.68,23230,26800,1399-7-30
82,وسبحان,سرمايه گذاري سبحان,3243,18004533,180009776569,10107,10000,9800,-307,-3.04,9998,-109,-1.08,9700,10360,1399-7-30
83,پارسان,گسترش نفت و گاز پارسيان,3201,23113294,529451533400,23820,22920,22630,-1190,-5.0,22910,-910,-3.82,22630,24500,1399-7-30
84,وصنعت,سرمايه گذاري توسعه صنعت وتجارت,3107,28316393,229965956300,7770,8150,8150,380,4.89,8120,350,4.5,7800,8150,1399-7-30
85,آگاس,صندوق س.هستي بخش آگاه-س,3042,3006589,201838898930,63761,67451,66387,2626,4.12,67132,3371,5.29,65000,70100,1399-7-30
86,بترانس,ايران‌ ترانسفو,3035,5506274,178285160840,32740,33400,31900,-840,-2.57,32380,-360,-1.1,31170,34370,1399-7-30
87,ارفع,شركت آهن و فولاد ارفع,3017,14270449,189396578208,13676,13900,12993,-683,-4.99,13272,-404,-2.95,12993,14220,1399-7-30
88,وبانك,سرمايه گذاري گروه توسعه ملي,3011,12826521,133880173180,10410,10500,10460,50,0.48,10440,30,0.29,10000,10930,1399-7-30
89,طلا,صندوق س.پشتوانه طلاي لوتوس,2978,4141101,375740308141,88649,85100,93100,4451,5.02,90734,2085,2.35,85100,95500,1399-7-30
90,كچاد,معدني‌وصنعتي‌چادرملو,2957,10746612,166982152940,15480,16140,15180,-300,-1.94,15540,60,0.39,14900,16230,1399-7-30
91,بكام,كارخانجات توليدي شهيد قندي,2944,21025281,125857633300,6130,5840,5830,-300,-4.89,5990,-140,-2.28,5830,6420,1399-7-30
92,كبافق,معادن‌ بافق‌,2937,4587760,162633394510,34410,35800,36130,1720,5.0,35450,1040,3.02,34000,36130,1399-7-30
93,شصدف,صنعتي دوده فام,2934,64939,1464893962,21484,22558,22558,1074,5.0,21514,30,0.14,22558,22558,1399-7-30
94,ثنوسا,نوسازي‌وساختمان‌تهران‌,2732,30894049,306927483680,10360,9930,9850,-510,-4.92,9930,-430,-4.15,9850,10670,1399-7-30
95,ومهان,گروه توسعه مالي مهر آيندگان,2706,8874483,141471082358,15878,16440,16300,422,2.66,15941,63,0.4,15550,16519,1399-7-30
96,آريان,سرمايه گذاري پارس آريان,2603,89145749,1276636937544,14850,14108,14108,-742,-5.0,14321,-529,-3.56,14108,15198,1399-7-30
97,پاكشو,گروه صنعتي پاكشو,2588,3422853,293378930670,81860,83000,87030,5170,6.32,85710,3850,4.7,83000,87150,1399-7-30
98,شپلي,پلي اكريل ايران,2553,31462872,215597925582,6735,6920,6700,-35,-0.52,6852,117,1.74,6650,6937,1399-7-30
99,وتوصا,گروه س توسعه صنعتي ايران,2543,17201818,174868595610,10490,11000,9970,-520,-4.96,10170,-320,-3.05,9970,11000,1399-7-30
100,ثباغ,شهر سازي و خانه سازي باغميشه,2511,18643304,532616630963,27437,27200,28808,1371,5.0,28569,1132,4.13,27200,28808,1399-7-30
101,رانفور,خدمات‌انفورماتيك‌,2486,11685480,333135069040,29850,28360,28360,-1490,-4.99,28510,-1340,-4.49,28360,30820,1399-7-30
102,ارزش,صندوق س ارزش آفرين بيدار-سهام,2470,15684662,165698196510,10190,10700,10440,250,2.45,10560,370,3.63,10250,10950,1399-7-30
103,غپينو,پارس‌ مينو,2416,17632882,118951910860,6990,6650,6700,-290,-4.15,6750,-240,-3.43,6650,7200,1399-7-30
104,غشهداب,كشت و صنعت شهداب ناب خراسان,2345,29298794,144851216515,5069,4990,4816,-253,-4.99,4944,-125,-2.47,4816,5200,1399-7-30
105,كمند,صندوق س. با درآمد ثابت كمند,2344,102232552,1032222092800,10100,10090,10110,10,0.1,10100,0,0.0,10090,10110,1399-7-30
106,قثابت,قند ثابت‌ خراسان‌,2287,2742494,212065309770,79740,78420,75760,-3980,-4.99,77330,-2410,-3.02,75760,83720,1399-7-30
107,چكارن,كارتن‌ ايران‌,2283,14946297,58195195190,3800,3990,3890,90,2.37,3890,90,2.37,3800,3990,1399-7-30
108,امين يكم,صندوق درآمد ثابت امين يكم فردا,2274,80413931,835430342610,10400,10380,10410,10,0.1,10390,-10,-0.1,10380,10410,1399-7-30
109,هرمز,فولاد هرمزگان جنوب,2195,15956086,189039674451,11577,11920,11770,193,1.67,11847,270,2.33,11400,12155,1399-7-30
110,سامان,بانك سامان,2139,32690338,328747111525,9954,10100,10000,46,0.46,10056,102,1.02,9700,10252,1399-7-30
111,وملل تبعي9912,اختيارف.تبعي ملل 991220,2109,27378892,1095155680,40,40,40,0,0.0,40,0,0.0,40,40,1399-7-30
112,ونيرو,سرمايه‌گذاري‌نيرو,2066,37761114,181055271990,5040,4790,4790,-250,-4.96,4790,-250,-4.96,4790,4970,1399-7-30
113,وساخت,سرمايه‌ گذاري‌ ساختمان‌ايران‌,2059,6850106,337985044620,47860,46010,50050,2190,4.58,49340,1480,3.09,46010,50250,1399-7-30
114,شكلر,نيروكلر,1922,4137125,206054802780,49250,49100,50200,950,1.93,49810,560,1.14,47000,51500,1399-7-30
115,زاگرس,پتروشيمي زاگرس,1918,1388895,219323439297,151736,158900,156990,5254,3.46,157912,6176,4.07,152036,159322,1399-7-30
116,خكرمان,گروه اقتصادي كرمان خودرو,1853,28790347,151432497099,5411,5249,5249,-162,-2.99,5260,-151,-2.79,5249,5430,1399-7-30
117,بپاس,بيمه پاسارگاد,1819,5613856,357471932697,66729,63393,63393,-3336,-5.0,63677,-3052,-4.57,63393,66729,1399-7-30
118,وگردش,بانك گردشگري,1812,19198726,326060332979,16500,16995,16995,495,3.0,16983,483,2.93,16700,16995,1399-7-30
119,كوير,توليدي فولاد سپيد فراب كوير,1807,5800309,88431581800,15310,15200,14590,-720,-4.7,15250,-60,-0.39,14550,16070,1399-7-30
120,ونيكي,سرمايه‌گذاري‌ ملي‌ايران‌,1770,3796754,117178947780,31860,31810,30300,-1560,-4.9,30860,-1000,-3.14,30270,33450,1399-7-30
121,افق,فروشگاههاي زنجيره اي افق كوروش,1723,1774840,131168036270,70720,74250,73370,2650,3.75,73900,3180,4.5,72070,74250,1399-7-30
122,وتوكاح,ح . ‌توكافولاد(هلدينگ‌,1715,7387196,54597371272,7111,7540,7250,139,1.95,7391,280,3.94,6980,7800,1399-7-30
123,چدن,توليدي چدن سازان,1712,6756926,197209352690,30430,29180,28910,-1520,-5.0,29190,-1240,-4.07,28910,31290,1399-7-30
124,رمپنا,گروه مپنا (سهامي عام),1711,5433522,98637570290,18600,19300,17730,-870,-4.68,18170,-430,-2.31,17670,19300,1399-7-30
125,وآذر,سرمايه‌گذاري‌توسعه‌آذربايجان‌,1705,1557376,235522874650,156710,148880,157000,290,0.19,151230,-5480,-3.5,148880,160030,1399-7-30
126,شسپا,نفت سپاهان,1703,5790517,117127928250,19700,20590,19990,290,1.47,20230,530,2.69,19500,20680,1399-7-30
127,ثعمرا,عمران و توسعه شاهد,1683,12135121,234402681492,20148,19141,19141,-1007,-5.0,19316,-832,-4.13,19141,21155,1399-7-30
128,وسينا,بانك سينا,1682,18351785,196758556270,10390,10790,10680,290,2.79,10720,330,3.18,10300,10900,1399-7-30
129,سيمرغ,سيمرغ,1678,4568575,79626336840,17940,18590,17050,-890,-4.96,17430,-510,-2.84,17050,18600,1399-7-30
130,همراه,شركت ارتباطات سيار ايران,1671,3455248,113277491400,33070,33210,32400,-670,-2.03,32780,-290,-0.88,31750,34700,1399-7-30
131,ودي,بيمه  دي,1649,15925332,365290262408,21898,22198,22992,1094,5.0,22938,1040,4.75,21899,22992,1399-7-30
132,فولاژ,فولاد آلياژي ايران,1629,3882082,100848444070,26640,25480,25310,-1330,-4.99,25980,-660,-2.48,25310,27800,1399-7-30
133,وسپه,سرمايه‌گذاري‌ سپه‌,1612,6278032,81981069130,13260,13200,12900,-360,-2.71,13060,-200,-1.51,12690,13840,1399-7-30
134,اپرداز,آتيه داده پرداز,1582,4957807,174980595857,33832,35000,35523,1691,5.0,35294,1462,4.32,34055,35523,1399-7-30
135,كسرا,سراميك‌هاي‌صنعتي‌اردكان‌,1579,7318258,163806355940,21370,22400,22430,1060,4.96,22380,1010,4.73,21610,22430,1399-7-30
136,غمارگ,مارگارين‌,1572,6036463,172054652300,27180,28400,28530,1350,4.97,28500,1320,4.86,27300,28530,1399-7-30
137,كلر,كلر پارس,1565,1070812,67634211701,61205,63300,63100,1895,3.1,63162,1957,3.2,60280,64265,1399-7-30
138,زر,صندوق س.پشتوانه سكه طلاي زر,1563,2160154,115913917791,53027,52540,52850,-177,-0.33,53660,633,1.19,52450,55700,1399-7-30
139,مرقام,ايران‌ارقام‌,1561,4783106,121727100030,26040,25500,24740,-1300,-4.99,25450,-590,-2.27,24740,27200,1399-7-30
140,سرو,صندوق س سروسودمند مدبران-سهام,1561,1652590,101829420750,58520,62630,60840,2320,3.96,61620,3100,5.3,59500,63990,1399-7-30
141,كروي,توسعه‌ معادن‌ روي‌ ايران‌,1555,3160488,98731018820,32270,30660,30660,-1610,-4.99,31240,-1030,-3.19,30660,33550,1399-7-30
142,والبر,سرمايه‌ گذاري‌ البرز(هلدينگ‌,1541,4609104,74042739860,15990,16600,15540,-450,-2.81,16060,70,0.44,15200,16780,1399-7-30
143,تماوند,تامين سرمايه دماوند,1530,14658357,238825697036,16216,16702,15730,-486,-3.0,16293,77,0.47,15730,16702,1399-7-30
144,ثقزوي,شركت عمران و سازندگي قزوين,1511,4305612,124066923416,28019,28859,28859,840,3.0,28815,796,2.84,27500,28859,1399-7-30
145,حفارس,حمل و نقل بين المللي خليج فارس,1494,14520252,67804398500,4790,4800,4560,-230,-4.8,4670,-120,-2.51,4560,5020,1399-7-30
146,ورنا,سرمايه‌گذاري‌ رنا(هلدينگ‌,1492,12042029,117085985540,10220,9710,9710,-510,-4.99,9720,-500,-4.89,9710,10000,1399-7-30
147,حريل,ريل پردازسير,1491,11363246,45279017153,3967,4110,3925,-42,-1.06,3985,18,0.45,3820,4130,1399-7-30
148,قرن,پديده شيمي قرن,1483,1919801,109622049310,56670,57890,56390,-280,-0.49,57100,430,0.76,56250,57890,1399-7-30
149,شغدير,پتروشيمي غدير,1473,4027282,182135286754,45993,47460,43890,-2103,-4.57,45225,-768,-1.67,43694,48120,1399-7-30
150,پتاير,ايران‌ تاير,1438,1178513,116746868630,100260,101100,97000,-3260,-3.25,99060,-1200,-1.2,95500,105220,1399-7-30
151,وبيمهح,ح . سرمايه‌ گذاري‌ صنعت‌ بيمه‌,1431,38037413,61010752470,1570,1600,1600,30,1.91,1600,30,1.91,1530,1680,1399-7-30
152,وسكاب,س.ص.بازنشستگي كاركنان بانكها,1427,20119193,128182637980,6080,6380,6380,300,4.93,6370,290,4.77,6200,6380,1399-7-30
153,غويتا,ويتانا,1391,1776550,99901625291,58088,55270,55184,-2904,-5.0,56233,-1855,-3.19,55184,59200,1399-7-30
154,سرچشمه,سرمايه گذاري مس سرچشمه,1365,10343593,86083017554,8550,8300,8245,-305,-3.57,8322,-228,-2.67,8123,8945,1399-7-30
155,وآوا,سرمايه گذاري آوا نوين,1354,5268537,66152166777,12222,12750,12340,118,0.97,12556,334,2.73,11700,12833,1399-7-30
156,گوهر,صندوق سكه طلاي كيان,1343,2840821,176642819309,63398,59000,62403,-995,-1.57,62180,-1218,-1.92,59000,65870,1399-7-30
157,غمينو,شركت صنايع غذايي مينو شرق,1337,3222090,50025893709,15755,14968,15660,-95,-0.6,15527,-228,-1.45,14968,16450,1399-7-30
158,دكوثر,داروسازي‌ كوثر,1337,3769359,79328473280,20430,20690,21450,1020,4.99,21050,620,3.03,19410,21450,1399-7-30
159,وآرين,شركت توسعه اقتصادي آرين,1337,12740040,68665513249,5268,5130,5426,158,3.0,5390,122,2.32,5130,5426,1399-7-30
160,اعتماد,صندوق س.اعتماد آفرين پارسيان-د,1337,41015750,1351398743070,32924,32938,32959,35,0.11,32948,24,0.07,32936,32969,1399-7-30
161,سصوفي,سيمان‌ صوفيان‌,1314,3669230,50326056370,13650,14330,13440,-210,-1.54,13720,70,0.51,12970,14330,1399-7-30
162,پرديس,سرمايه گذاري پرديس,1299,8257032,61017554240,7080,7420,7430,350,4.94,7390,310,4.38,7120,7430,1399-7-30
163,آسيا,بيمه آسيا,1290,2858321,75533473290,26070,26050,25400,-670,-2.57,26430,360,1.38,25000,27370,1399-7-30
164,فايرا,آلومينيوم‌ايران‌,1289,4077171,85706774160,20410,20010,20420,10,0.05,21020,610,2.99,19600,21430,1399-7-30
165,ونفت,سرمايه‌گذاري‌ صنعت‌ نفت‌,1282,5022536,67342720970,13410,13670,13700,290,2.16,13410,0,0.0,12740,14080,1399-7-30
166,آوا,صندوق س.سهام آواي معيار-س,1262,5837188,50718127932,8336,8900,8590,254,3.05,8689,353,4.23,8395,9150,1399-7-30
167,سشرق,سيمان‌ شرق‌,1259,8381175,57412195260,7120,6840,6770,-350,-4.92,6850,-270,-3.79,6770,7240,1399-7-30
168,سمازن,سيمان‌مازندران‌,1232,6335576,57790353090,9240,9050,9400,160,1.73,9120,-120,-1.3,8780,9700,1399-7-30
169,وبيمه,سرمايه‌ گذاري‌ صنعت‌ بيمه‌,1222,9576658,26709892220,2780,2840,2800,20,0.72,2790,10,0.36,2700,2890,1399-7-30
170,وخاور,بانك خاورميانه,1219,15823286,167497070470,10330,10400,10280,-50,-0.48,10590,260,2.52,10100,10740,1399-7-30
171,وساپا,سرمايه‌گذاري‌ سايپا,1216,10487847,101941872840,10230,9720,9720,-510,-4.99,9720,-510,-4.99,9720,9720,1399-7-30
172,فسازان,غلتك سازان سپاهان,1209,4603496,148996051390,32840,33000,31220,-1620,-4.93,32370,-470,-1.43,31200,34400,1399-7-30
173,بزاگرسح,ح . نيروگاه زاگرس كوثر,1195,15624633,134019151076,8801,9100,8361,-440,-5.0,8577,-224,-2.55,8361,9240,1399-7-30
174,كرازي,كارخانجات‌توليدي‌شيشه‌رازي‌,1187,5150616,76894301480,14370,14890,14990,620,4.31,14930,560,3.9,14390,15080,1399-7-30
175,كطبس,ذغال‌سنگ‌ نگين‌ ط‌بس‌,1173,4601752,212066219530,48090,45700,45800,-2290,-4.76,46080,-2010,-4.18,45690,48000,1399-7-30
176,شپديس,پتروشيمي پرديس,1172,2113464,197098721880,93330,97190,91980,-1350,-1.45,93260,-70,-0.08,90510,97990,1399-7-30
177,ستران,سيمان‌ تهران‌,1170,2177325,73862618200,34620,34100,32890,-1730,-5.0,33920,-700,-2.02,32890,36350,1399-7-30
178,ثمسكن,سرمايه‌گذاري‌ مسكن‌,1157,6975459,44331821680,6530,6530,6290,-240,-3.68,6360,-170,-2.6,6210,6770,1399-7-30
179,تنوين,تامين سرمايه نوين,1149,9450511,89178699150,9240,9600,9320,80,0.87,9440,200,2.16,9190,9700,1399-7-30
180,رنيك,جنرال مكانيك,1140,4503438,99611713944,21456,21950,22280,824,3.84,22119,663,3.09,21453,22528,1399-7-30
181,حتايد,تايدواترخاورميانه,1140,7655405,124549901660,15580,16350,16330,750,4.81,16270,690,4.43,15810,16350,1399-7-30
182,وصنا,گروه‌صنايع‌بهشهرايران‌,1122,5542561,65785388960,11730,12000,11470,-260,-2.22,11870,140,1.19,11330,12300,1399-7-30
183,آپ,آسان پرداخت پرشين,1118,2769953,48736824150,17420,18100,17290,-130,-0.75,17590,170,0.98,16550,18290,1399-7-30
184,ما,بيمه  ما,1115,14805306,92609328050,6100,6000,6400,300,4.92,6260,160,2.62,5850,6400,1399-7-30
185,دزهراوي,داروسازي‌زهراوي‌,1107,5336005,61106093260,11870,11280,11280,-590,-4.97,11450,-420,-3.54,11280,12000,1399-7-30
186,بكاب,صنايع‌جوشكاب‌يزد,1106,395016,63066969980,163810,155620,155620,-8190,-5.0,159660,-4150,-2.53,155620,171900,1399-7-30
187,عيار,صندوق س. پشتوانه طلاي مفيد,1102,2349601,76614702793,31636,30600,33299,1663,5.26,32608,972,3.07,30600,34120,1399-7-30
188,شاراك,پتروشيمي شازند,1094,2496606,52963588750,20990,21990,21000,10,0.05,21160,170,0.81,20500,22030,1399-7-30
189,شلعابح,ح . لعابيران‌,1087,7022824,34461991900,4640,5080,4930,290,6.25,4910,270,5.82,4700,5080,1399-7-30
190,ريشمك,توليد و صادرات ريشمك,1086,1968252,68784285091,34675,34680,35998,1323,3.82,34947,272,0.78,33000,36400,1399-7-30
191,تاصيكو,سرمايه گذاري صدرتامين,1078,9911541,103716892630,10860,10350,10320,-540,-4.97,10480,-380,-3.5,10320,11380,1399-7-30
192,سدبير,س. تدبيرگران فارس وخوزستان,1077,3496315,108824507512,32495,30980,30871,-1624,-5.0,31125,-1370,-4.22,30871,33000,1399-7-30
193,وصندوق,سرمايه‌گذاري‌صندوق‌بازنشستگي‌,1071,8676747,133203955280,15560,16000,14790,-770,-4.95,15350,-210,-1.35,14790,16300,1399-7-30
194,گكوثر,هتل پارسيان كوثر اصفهان,1064,956588,139227469434,153104,145449,145449,-7655,-5.0,145546,-7558,-4.94,145449,150000,1399-7-30
195,ارفعح,ح.شركت آهن و فولاد ارفع,1051,4788643,54702178879,11911,11753,11318,-593,-4.98,11423,-488,-4.1,11316,12380,1399-7-30
196,وتوسم,سرمايه‌گذاري‌توسعه‌ملي‌,1044,6931052,81109580670,11160,11710,11710,550,4.93,11700,540,4.84,11520,11710,1399-7-30
197,شبهرن,نفت‌ بهران‌,1030,1616703,97627392970,58920,61750,60490,1570,2.66,60390,1470,2.49,58920,61860,1399-7-30
198,دانا,بيمه دانا,1013,7615057,49423268200,6740,6450,6410,-330,-4.9,6490,-250,-3.71,6410,7000,1399-7-30
199,وبوعلي,سرمايه‌گذاري‌بوعلي‌,1006,4426416,38838149650,8520,8860,8780,260,3.05,8730,210,2.46,8500,8940,1399-7-30
200,بزاگرس,نيروگاه زاگرس كوثر,997,7324760,112104450939,15988,15189,15189,-799,-5.0,15305,-683,-4.27,15189,15668,1399-7-30
201,ولساپا,ليزينگ رايان‌ سايپا,988,17327327,64977476250,3580,3750,3750,170,4.75,3750,170,4.75,3750,3750,1399-7-30
202,ثتران,سرمايه گذاري مسكن تهران,987,12103123,71213020064,6115,6002,5810,-305,-4.99,5884,-231,-3.78,5810,6200,1399-7-30
203,وبشهر,توسعه‌ صنايع‌ بهشهر(هلدينگ,958,4165131,69311796390,17200,17980,16340,-860,-5.0,16640,-560,-3.26,16340,18000,1399-7-30
204,ولصنم,ليزينگ‌صنعت‌ومعدن‌,951,3563781,28056572850,8210,7920,7800,-410,-4.99,8000,-210,-2.56,7800,8490,1399-7-30
205,وتوكا,سرمايه‌گذاري‌توكافولاد(هلدينگ,950,5492083,60932769670,11430,11930,10870,-560,-4.9,11090,-340,-2.97,10860,12000,1399-7-30
206,رتاپ,تجارت الكترونيك  پارسيان,945,2911904,20154488700,7000,7270,6770,-230,-3.29,6970,-30,-0.43,6660,7270,1399-7-30
207,جم پيلن,پلي پروپيلن جم - جم پيلن,936,1270355,102519417330,77170,80000,80990,3820,4.95,80700,3530,4.57,77590,81020,1399-7-30
208,وهنر,گروه توسعه هنر ايران,935,7483145,34142743816,4557,4430,4440,-117,-2.57,4563,6,0.13,4421,4693,1399-7-30
209,فباهنر,مس‌ شهيدباهنر,934,1568454,85909373780,54050,54100,52990,-1060,-1.96,54770,720,1.33,52500,56750,1399-7-30
210,دتوليد,داروسازي توليد دارو,932,2493252,91360621098,38295,36381,36381,-1914,-5.0,36643,-1652,-4.31,36381,37999,1399-7-30
211,نوين,بيمه نوين,894,10383756,65666872944,6023,6324,6324,301,5.0,6324,301,5.0,6324,6324,1399-7-30
212,ملت,بيمه ملت,891,4060354,55100620470,14100,14000,13890,-210,-1.49,13570,-530,-3.76,13400,14600,1399-7-30
213,وپترو,سرمايه‌گذاري صنايع پتروشيمي‌,890,3195093,53231640120,16300,17090,16520,220,1.35,16660,360,2.21,15810,17110,1399-7-30
214,ضخود1044,اختيارخ خودرو-4000-1399/10/07,882,30860,13602434000,307,580,399,92,29.97,441,134,43.65,370,580,1399-7-30
215,مبين,مبين انرژي خليج فارس,877,3240940,77249287890,24520,25470,23300,-1220,-4.98,23910,-610,-2.49,23300,25740,1399-7-30
216,اعتلاح,ح سرمايه گذاري اعتلاء البرز,874,5905827,34496383820,5939,5700,5700,-239,-4.02,5841,-98,-1.65,5643,6228,1399-7-30
217,كنور,توسعه معدني و صنعتي صبانور,865,1149472,46431121020,39600,41000,39430,-170,-0.43,40380,780,1.97,39100,41580,1399-7-30
218,فيروزه,صندوق شاخص30 شركت فيروزه- سهام,861,430667,75111778810,170550,176270,170580,30,0.02,174410,3860,2.26,170000,181500,1399-7-30
219,ضپاس1003,اختيارخ وپارس-3500-1399/10/30,850,37545,26975276000,499,600,745,246,49.3,718,219,43.89,600,800,1399-7-30
220,كشرق,صنعتي و معدني شمال شرق شاهرود,839,1839706,106750584475,60581,59775,59450,-1131,-1.87,58026,-2555,-4.22,57552,62800,1399-7-30
221,كلوند,كاشي‌ الوند,839,3742030,81165583380,20670,21700,21580,910,4.4,21690,1020,4.93,21000,21700,1399-7-30
222,ثزاگرس,سرمايه گذاري توسعه عمران زاگرس,835,2827052,93241060329,31422,32993,32993,1571,5.0,32982,1560,4.96,31500,32993,1399-7-30
223,خزر,فنرسازي‌زر,833,3575859,35001693590,9430,9750,9850,420,4.45,9660,230,2.44,9400,9900,1399-7-30
224,ميدكو,هلدينگ صنايع  معدني خاورميانه,828,4786342,106295750969,22446,21500,22446,0,0.0,22223,-223,-0.99,21500,23300,1399-7-30
225,ثاصفا,شركت‌ ساختمان‌ اصفهان‌,824,2542616,70535373313,27509,26684,28334,825,3.0,27741,232,0.84,26684,28334,1399-7-30
226,وكار,بانك‌ كارآفرين‌,822,19889778,95493140100,4630,4860,4690,60,1.3,4800,170,3.67,4630,5100,1399-7-30
227,شپاكسا,پاكسان‌,815,1924731,54241675800,27710,28900,27990,280,1.01,28180,470,1.7,27400,28900,1399-7-30
228,تيپيكو,سرمايه گذاري دارويي تامين,803,1138652,57992208580,51110,53390,50900,-210,-0.41,50990,-120,-0.23,49110,53390,1399-7-30
229,شساخت,مهندسي و ساختمان صنايع نفت,800,4019644,153667260895,38774,37620,39000,226,0.58,38229,-545,-1.41,37611,39937,1399-7-30
230,فجر,فولاد اميركبيركاشان,787,1458301,72934768660,47850,49980,50240,2390,4.99,50010,2160,4.51,48120,50240,1399-7-30
231,ولغدر,ليزينگ‌خودروغدير,781,4230041,65170423420,15500,15800,15080,-420,-2.71,15410,-90,-0.58,14730,16240,1399-7-30
232,كپرور,فرآوري زغال سنگ پروده طبس,759,4104424,197677399496,50432,51950,47911,-2521,-5.0,48162,-2270,-4.5,47911,51950,1399-7-30
233,سپاها,سيمان‌سپاهان‌,755,3779248,34334000140,9540,9070,9070,-470,-4.93,9210,-330,-3.46,9070,9600,1399-7-30
234,كگازح,ح . شيشه‌ و گاز,751,2489312,38227877510,14930,15750,15020,90,0.6,15360,430,2.88,14920,16200,1399-7-30
235,فسرب,ملي‌ سرب‌وروي‌ ايران‌,748,996353,132636942760,139340,132380,132380,-6960,-4.99,133120,-6220,-4.46,132380,144500,1399-7-30
236,پارند,صندوق س. پارند پايدار سپهر,744,25658109,302749006250,11740,11750,11800,60,0.51,11800,60,0.51,11740,11830,1399-7-30
237,شفارس,صنايع‌ شيميايي‌ فارس‌,742,1425402,60171631840,43840,42000,41650,-2190,-5.0,42210,-1630,-3.72,41650,43400,1399-7-30
238,غگرجي,بيسكويت‌  گرجي‌,740,1347742,38878736190,30130,28800,28630,-1500,-4.98,29090,-1040,-3.45,28630,30970,1399-7-30
239,غبشهر,صنعتي‌ بهشهر,740,2250644,58371185760,26050,25700,25780,-270,-1.04,25940,-110,-0.42,24750,27350,1399-7-30
240,حآسا,آسيا سير ارس,734,2672629,39928803882,14667,14610,15005,338,2.3,14865,198,1.35,14610,15390,1399-7-30
241,كرماشا,صنايع پتروشيمي كرمانشاه,724,1396437,55456606490,40160,41000,39000,-1160,-2.89,39720,-440,-1.1,38160,42000,1399-7-30
242,فاما,صنعتي‌ آما,707,3829368,86956509970,21650,22640,22730,1080,4.99,22710,1060,4.9,21500,22730,1399-7-30
243,شرانل,نفت ايرانول,704,1753486,48351205735,28687,28065,27253,-1434,-5.0,27574,-1113,-3.88,27253,29600,1399-7-30
244,اميد,تامين سرمايه اميد,700,5026016,66128863130,13790,13110,13110,-680,-4.93,13160,-630,-4.57,13110,13670,1399-7-30
245,وآيند,بانك  آينده,699,2581454,77474597448,30624,30012,30012,-612,-2.0,30131,-493,-1.61,30012,30012,1399-7-30
246,جم,پتروشيمي جم,692,2303014,101321590950,44860,46200,42620,-2240,-4.99,44000,-860,-1.92,42620,46200,1399-7-30
247,وبهمن,سرمايه‌گذاري‌بهمن‌,687,4131490,56791055050,14460,13740,13740,-720,-4.98,13750,-710,-4.91,13740,14490,1399-7-30
248,پارس,پتروشيمي پارس,674,579807,84500482510,143010,150150,144190,1180,0.83,145530,2520,1.76,143610,150160,1399-7-30
249,تسه9906,امتياز تسهيلات مسكن شهريور99,671,10148,9399299262,929511,925000,910989,-18522,-1.99,926222,-3289,-0.35,910000,950000,1399-7-30
250,واعتبار,سرمايه گذاري اعتبار ايران,671,8190841,44992584930,5750,5470,5470,-280,-4.87,5490,-260,-4.52,5470,5720,1399-7-30
251,فسپا,گروه‌صنعتي‌سپاهان‌,668,2239731,92529955600,39450,41420,41390,1940,4.92,41310,1860,4.71,40000,41420,1399-7-30
252,كوثر,بيمه كوثر,658,2290204,33247285626,14953,14900,14206,-747,-5.0,14668,-285,-1.91,14206,15480,1399-7-30
253,سيدكو,سرمايه گذاري توسعه صنايع سيمان,656,2973224,21600834900,7110,7460,7180,70,0.98,7180,70,0.98,6780,7460,1399-7-30
254,فپنتا,سپنتا,656,91869,31083114760,324880,341120,341120,16240,5.0,332540,7660,2.36,311110,341120,1399-7-30
255,خمهر,مهركام‌پارس‌,654,5061068,36514384420,7580,7210,7210,-370,-4.88,7300,-280,-3.69,7210,7300,1399-7-30
256,سباقر,سيمان باقران,647,4981938,84663055891,17806,16916,16916,-890,-5.0,16994,-812,-4.56,16916,18200,1399-7-30
257,شخارك,پتروشيمي‌ خارك‌,646,822074,34006050370,41690,42500,41360,-330,-0.79,41570,-120,-0.29,40000,43700,1399-7-30
258,ثالوند,سرمايه گذاري مسكن الوند,642,2431522,36322307180,14859,15500,15380,521,3.51,14915,56,0.38,14301,15500,1399-7-30
259,اطلس,صندوق س.توسعه اندوخته آينده-س,638,140713,26902571553,182730,193142,190000,7270,3.98,191188,8458,4.63,188000,193693,1399-7-30
260,كاردان,صندوق س تجارت شاخصي كاردان,632,349177,59049313660,163530,176000,165520,1990,1.22,169110,5580,3.41,164000,178000,1399-7-30
261,زقيام,كشت و دام قيام اصفهان,627,1436957,40517243751,28595,30024,27166,-1429,-5.0,28266,-329,-1.15,27166,30024,1399-7-30
262,قشرين,قند شيرين خراسان,616,4622157,78842987719,17422,16950,16900,-522,-3.0,17058,-364,-2.09,16900,17790,1399-7-30
263,كپارس,كاشي‌ پارس‌,613,502983,50633788070,103850,107900,98660,-5190,-5.0,100670,-3180,-3.06,98660,108500,1399-7-30
264,كاريس,صندوق س.سپهر كاريزما-س,613,373582,71984106385,184685,200000,190990,6305,3.41,192686,8001,4.33,188001,201599,1399-7-30
265,شپارس,بين‌ المللي‌ محصولات‌  پارس‌,612,1717325,27995608150,15800,16350,16520,720,4.56,16070,270,1.71,15830,16590,1399-7-30
266,غشهد,شهد ايران ‌,611,2889972,18776959370,6800,6460,6460,-340,-5.0,6680,-120,-1.76,6460,6990,1399-7-30
267,دتوزيع,توزيع دارو پخش,608,538218,23309080882,45432,43250,43840,-1592,-3.5,44361,-1071,-2.36,43161,47190,1399-7-30
268,ثپرديس,سرمايه گذاري مسكن پرديس,605,4289296,50141546074,12200,11590,11590,-610,-5.0,11690,-510,-4.18,11590,12100,1399-7-30
269,تسه9905,امتياز تسهيلات مسكن مرداد99,602,19960,18270317397,925073,925000,901111,-23962,-2.59,915347,-9726,-1.05,897320,930000,1399-7-30
270,زنجان,صنايع كشاورزي وكود زنجان,602,6970259,43728823833,6466,6273,6273,-193,-2.98,6274,-192,-2.97,6273,6390,1399-7-30
271,دعبيد,لابراتوارداروسازي‌  دكترعبيدي‌,601,366927,11452958480,32270,30820,30700,-1570,-4.87,32050,-220,-0.68,30660,33300,1399-7-30
272,ساينا,صنايع بهداشتي ساينا,601,204936,38997178949,198097,199000,188193,-9904,-5.0,191241,-6856,-3.46,188193,199000,1399-7-30
273,اوان,مبين وان كيش,600,2053749,108453747088,51004,51250,53090,2086,4.09,52808,1804,3.54,51000,53554,1399-7-30
274,كمرجان,بازرگاني و توليدي مرجان كار,597,746246,37007693979,48002,50189,50402,2400,5.0,49204,1202,2.5,47600,50402,1399-7-30
275,پاسا,ايران‌ياساتايرورابر,591,5511284,109667610570,18960,19900,19900,940,4.96,19900,940,4.96,19490,19900,1399-7-30
276,اتكام,شركت بيمه اتكايي امين,585,3695023,30511020649,8544,8117,8117,-427,-5.0,8362,-182,-2.13,8117,8900,1399-7-30
277,كيميا,معدني كيمياي زنجان گستران,583,841824,20834348686,25593,25580,24314,-1279,-5.0,25212,-381,-1.49,24314,26500,1399-7-30
278,وسين,بيمه سينا,581,9350902,193077549505,21718,20900,20633,-1085,-5.0,20648,-1070,-4.93,20633,21070,1399-7-30
279,تسه9904,امتياز تسهيلات مسكن تير99,574,11481,10637368429,926377,925000,920000,-6377,-0.69,926519,142,0.02,899000,972695,1399-7-30
280,دفارا,داروسازي‌ فارابي‌,564,469157,32431298400,68540,67840,68300,-240,-0.35,68950,410,0.6,67840,71800,1399-7-30
281,خاهن,آهنگري‌ تراكتورسازي‌ ايران‌,561,1951585,52634247450,25690,26970,26970,1280,4.98,26970,1280,4.98,26970,26970,1399-7-30
282,غدام,خوراك‌  دام‌ پارس‌,559,555087,104206359600,178860,187800,187800,8940,5.0,187730,8870,4.96,181000,187800,1399-7-30
283,پارسيانح,ح.بيمه پارسيان,554,1920411,20190111660,9800,10780,10500,700,7.14,10510,710,7.24,9050,10780,1399-7-30
284,فلوله,لوله‌وماشين‌سازي‌ايران‌,553,2414432,55584218380,24210,23000,23000,-1210,-5.0,23020,-1190,-4.92,23000,23500,1399-7-30
285,كاسپينح,ح .داروسازي كاسپين تامين,549,714544,13532268515,18621,18250,19000,379,2.04,18938,317,1.7,18250,19552,1399-7-30
286,شكربن,كربن‌ ايران‌,549,922888,72800761540,82900,78760,78760,-4140,-4.99,78880,-4020,-4.85,78760,82900,1399-7-30
287,وكادو,تكادو,546,1511537,26815067194,18213,17667,17667,-546,-3.0,17740,-473,-2.6,17667,18690,1399-7-30
288,آتيمس,صندوق س.آرمان آتيه درخشان مس-س,543,215672,42901158073,190116,198080,197000,6884,3.62,198919,8803,4.63,194811,204600,1399-7-30
289,درازك,دارويي‌ رازك‌,535,1384308,48511893450,36300,35050,34490,-1810,-4.99,35050,-1250,-3.44,34490,36400,1399-7-30
290,سكه0012پ01,سكه تمام بهارتحويلي 1روزه رفاه,534,159900,222628984800,1373713,1370000,1382333,8620,0.63,1392301,18588,1.35,1370000,1421000,1399-7-30
291,پخش,پخش البرز,534,1279539,41791212282,33916,32573,32221,-1695,-5.0,32770,-1146,-3.38,32221,35000,1399-7-30
292,دتمادح,ح . توليدمواداوليه‌داروپخش‌,532,752041,29438648290,36750,38320,38860,2110,5.74,39150,2400,6.53,38020,40430,1399-7-30
293,شوينده,مديريت صنعت شوينده ت.ص.بهشهر,528,766930,29966314820,38890,38560,38010,-880,-2.26,39010,120,0.31,37500,40830,1399-7-30
294,كمنگنز,معادن‌منگنزايران‌,528,280447,29937214940,108440,104000,105890,-2550,-2.35,107370,-1070,-0.99,103020,113500,1399-7-30
295,ثترانح,ح سرمايه گذاري مسكن تهران,517,4813192,17693513661,3763,3900,3575,-188,-5.0,3676,-87,-2.31,3575,3951,1399-7-30
296,كفرا,فراورده‌ هاي‌ نسوزايران‌,516,481425,24218340620,50660,50660,49000,-1660,-3.28,50490,-170,-0.34,48130,52000,1399-7-30
297,دپارس,پارس‌ دارو,514,341015,40487359580,115540,120950,121310,5770,4.99,117950,2410,2.09,115540,121310,1399-7-30
298,شيراز,پتروشيمي‌شيراز,512,1703487,90646162770,54790,56960,52700,-2090,-3.81,53210,-1580,-2.88,52140,56960,1399-7-30
299,غبهنوش,بهنوش‌ ايران‌,512,607611,37664665000,65030,61780,61780,-3250,-5.0,62660,-2370,-3.64,61780,66000,1399-7-30
300,تكمبا,كمباين‌ سازي‌ ايران‌,506,2918575,29110533590,10470,9950,9950,-520,-4.97,10160,-310,-2.96,9950,10250,1399-7-30
301,پكرمان,گروه‌ صنعتي‌ بارز,504,4831895,109884481680,21700,22780,22780,1080,4.98,22740,1040,4.79,21890,22780,1399-7-30
302,تسه9902,امتياز تسهيلات مسكن ارديبهشت99,504,9074,8316987769,924589,905122,900000,-24589,-2.66,916573,-8016,-0.87,890000,940000,1399-7-30
303,دسانكو,داروسازي سبحان انكولوژي,494,2224880,39436597875,18577,17649,17649,-928,-5.0,17856,-721,-3.88,17649,18480,1399-7-30
304,غگلستا,شير پاستوريزه پگاه گلستان,492,2662066,42217249987,16637,15806,15806,-831,-4.99,15941,-696,-4.18,15806,16570,1399-7-30
305,ساروم,سيمان‌اروميه‌,487,1185097,29275824630,24020,25200,25100,1080,4.5,24460,440,1.83,24050,25200,1399-7-30
306,واميد,گروه مديريت سرمايه گذاري اميد,485,1397463,52152388980,39210,37250,37250,-1960,-5.0,38300,-910,-2.32,37250,39000,1399-7-30
307,كيان,صندوق س. با درآمد ثابت كيان,482,13229935,338711926260,25590,25610,25600,10,0.04,25600,10,0.04,25600,25610,1399-7-30
308,هصيكو402,اختيارف ت تاصيكو13500-00/02/20,481,1645992,3076359048,1665,1869,1869,204,12.25,1869,204,12.25,1869,1869,1399-7-30
309,كگهر,سنگ آهن گهرزمين,476,595468,23975898667,41012,39410,39901,-1111,-2.71,40853,-159,-0.39,39410,42000,1399-7-30
310,بخاور,بيمه زندگي خاورميانه,471,5215066,41672425401,7618,7997,7998,380,4.99,7924,306,4.02,7652,7998,1399-7-30
311,فزرين,زرين معدن آسيا,469,1568641,30980391808,20463,19700,19440,-1023,-5.0,19990,-473,-2.31,19440,20800,1399-7-30
312,گوهران,سرمايه گذاري توسعه گوهران اميد,465,2377894,20445759666,8991,8542,8542,-449,-4.99,8819,-172,-1.91,8542,8950,1399-7-30
313,تاپكيشح,ح.تجارت الكترونيك پارسيان كيش,464,1435087,10631840995,7290,7640,7300,10,0.14,7408,118,1.62,7051,7640,1399-7-30
314,سخوز,سيمان خوزستان,461,1768489,36713448140,19970,20800,20950,980,4.91,20620,650,3.25,20010,20960,1399-7-30
315,وگستر,گسترش سرمايه گذاري ايرانيان,457,1366507,29865403199,22403,21530,21283,-1120,-5.0,22050,-353,-1.58,21283,23070,1399-7-30
316,دامين,داروسازي‌ امين‌,446,1405464,18161692910,13530,13040,12860,-670,-4.95,13290,-240,-1.77,12860,13500,1399-7-30
317,دسبحان,سبحان دارو,437,670699,11796528390,18320,17480,17440,-880,-4.8,18140,-180,-0.98,17410,19100,1399-7-30
318,لوتوس,تامين سرمايه لوتوس پارسيان,436,2258269,35493819810,16160,15760,15360,-800,-4.95,15880,-280,-1.73,15360,16480,1399-7-30
319,شدوص,دوده‌ صنعتي‌ پارس‌,432,978827,20603953540,21330,22100,21190,-140,-0.66,21220,-110,-0.52,20490,22100,1399-7-30
320,شگل,گلتاش‌,431,660770,17711945410,26670,27450,26050,-620,-2.32,26720,50,0.19,26010,27790,1399-7-30
321,شاوان,پالايش نفت لاوان,429,739065,77941361444,110565,105037,105037,-5528,-5.0,105459,-5106,-4.62,105037,110000,1399-7-30
322,شبصير,توليدات پتروشيمي قائد بصير,429,281122,32323702702,118427,115700,112506,-5921,-5.0,115991,-2436,-2.06,112506,123980,1399-7-30
323,وثنو,سرمايه گذاري ساختماني نوين,427,2883088,43800874919,15987,15188,15188,-799,-5.0,15192,-795,-4.97,15188,15500,1399-7-30
324,ومعلم,بيمه معلم,426,4409151,28748329456,6213,6248,6523,310,4.99,6384,171,2.75,6248,6523,1399-7-30
325,تايرا,تراكتورسازي‌ايران‌,425,1037036,24036349180,23150,23800,23130,-20,-0.09,23160,10,0.04,22000,24290,1399-7-30
326,غپاك,لبنيات‌ پاك‌,421,2817061,38062643620,14040,14250,13340,-700,-4.99,13600,-440,-3.13,13340,14390,1399-7-30
327,زشگزا,شير و گوشت زاگرس شهركرد,420,313892,29643344630,97234,92850,94520,-2714,-2.79,95492,-1742,-1.79,92850,97480,1399-7-30
328,پارتا,مجتمع‌صنعتي‌آرتاويل‌تاير,409,571978,36483087731,62708,64580,62900,192,0.31,63784,1076,1.72,60828,64589,1399-7-30
329,كپشيرح,ح . پشم‌شيشه‌ايران‌,404,2186403,24557041798,10228,10960,11250,1022,9.99,11232,1004,9.82,10701,11250,1399-7-30
330,سكه9912پ04,سكه تمام بهارتحويل1روزه صادرات,403,137700,189967771900,1373713,1350000,1390000,16287,1.19,1379577,5864,0.43,1321112,1415000,1399-7-30
331,تسه9810,امتياز تسهيلات مسكن دي98,399,8858,8092526322,928155,914444,888000,-40155,-4.33,913584,-14571,-1.57,885000,930000,1399-7-30
332,ضصاد8024,اختيارخ وبصادر-5500-1399/08/11,398,23879,248155000,10,12,7,-3,-30.0,10,0,0.0,6,25,1399-7-30
333,درهآور,دارويي ره آورد تامين,397,905303,28382154353,29859,31351,31351,1492,5.0,30670,811,2.72,31351,31351,1399-7-30
334,تاپكيش,تجارت الكترونيك پارسيان كيش,395,1350583,16498127230,12018,12600,12150,132,1.1,12083,65,0.54,12000,12600,1399-7-30
335,مداران,داده‌پردازي‌ايران‌,391,494579,12872774190,26570,27890,25250,-1320,-4.97,26420,-150,-0.56,25250,27890,1399-7-30
336,پكوير,كوير تاير,390,1163765,16487370770,14790,14060,14060,-730,-4.94,14570,-220,-1.49,14060,15000,1399-7-30
337,بفجر,فجر انرژي خليج فارس,384,1241888,39966165270,33540,32000,31870,-1670,-4.98,32890,-650,-1.94,31870,34230,1399-7-30
338,مارون,پتروشيمي مارون,382,108851,14852943189,134357,141068,132750,-1607,-1.2,134678,321,0.24,131500,141068,1399-7-30
339,كخاكح,ح . صنايع‌خاك‌چيني‌ايران‌,382,485922,17775564360,34060,37000,36940,2880,8.46,36580,2520,7.4,34000,37350,1399-7-30
340,دبالك,مواد اوليه دارويي البرز بالك,381,968551,14696009464,15805,15030,15015,-790,-5.0,15605,-200,-1.27,15015,16249,1399-7-30
341,حسينا,توسعه خدمات دريايي وبندري سينا,375,887323,56955176360,61443,64515,62980,1537,2.5,64188,2745,4.47,61650,64515,1399-7-30
342,بساما,بيمه سامان,375,1384671,27683831585,20799,20400,20000,-799,-3.84,20316,-483,-2.32,19760,21490,1399-7-30
343,كساوه,صنايع‌ كاشي‌ و سراميك‌ سينا,371,1508047,65018893510,42490,40370,43950,1460,3.44,43110,620,1.46,40370,44500,1399-7-30
344,بموتو,موتوژن‌,367,302634,14445874540,47550,48990,46600,-950,-2.0,47610,60,0.13,45310,49920,1399-7-30
345,دارا,صندوق س. دارا الگوريتم-د,366,11323341,114209094263,10079,10096,10080,1,0.01,10086,7,0.07,10067,10120,1399-7-30
346,ولشرق,ليزينگ ايران و شرق,363,4741292,33640007657,7447,7075,7075,-372,-5.0,7195,-252,-3.38,7075,7381,1399-7-30
347,سقاين,سيمان‌ قائن‌,359,595921,25120493060,40330,42000,42340,2010,4.98,41210,880,2.18,38510,42340,1399-7-30
348,دتماد,توليدمواداوليه‌داروپخش‌,357,681219,32851826010,50490,47970,47970,-2520,-4.99,48920,-1570,-3.11,47970,50460,1399-7-30
349,هبركت912,اختيارف ت بركت-22100-99/12/17,357,1000000,3855000000,2992,3855,3855,863,28.84,3855,863,28.84,3855,3855,1399-7-30
350,ونيروح,ح . سرمايه‌گذاري‌نيرو,356,30000000,85500000000,2590,2850,2850,260,10.04,2850,260,10.04,2850,2850,1399-7-30
351,قشير,قند شيروان قوچان و بجنورد,355,1164098,27862129349,25143,23886,23886,-1257,-5.0,24433,-710,-2.82,23886,24990,1399-7-30
352,آبين,كشت و صنعت آبشيرين,353,2838307,11083981818,4025,3905,3905,-120,-2.98,3956,-69,-1.71,3905,3919,1399-7-30
353,تكشا,گسترش‌صنايع‌وخدمات‌كشاورزي‌,351,1220373,103308931520,86270,81960,81960,-4310,-5.0,84650,-1620,-1.88,81960,86700,1399-7-30
354,ضشنا1036,اختيارخ شپنا-16000-1399/10/23,349,8186,28797301000,2743,3800,2900,157,5.72,3518,775,28.25,2900,4200,1399-7-30
355,دالبر,البرزدارو,342,563445,11214490520,20710,20980,19690,-1020,-4.93,20520,-190,-0.92,19680,21000,1399-7-30
356,زعف9908پ10,زعفران9908نگين طلاي سرخ(پ),340,136980,11110088815,80347,81000,81000,653,0.81,81107,760,0.95,80000,82990,1399-7-30
357,وتوشه,سرمايه‌ گذاري‌ پارس‌ توشه‌,335,836928,17204760900,21340,22000,20310,-1030,-4.83,21040,-300,-1.41,20280,22030,1399-7-30
358,خفولا,خدمات فني فولاد يزد,334,957026,27989766944,30068,29166,29166,-902,-3.0,29247,-821,-2.73,29166,30968,1399-7-30
359,ضخود1043,اختيارخ خودرو-3500-1399/10/07,333,15478,8800465000,485,650,529,44,9.07,569,84,17.32,507,690,1399-7-30
360,پارسيان,بيمه پارسيان,329,3290203,42606715080,13410,13090,12740,-670,-5.0,12980,-430,-3.21,12740,14040,1399-7-30
361,فلات,گروه صنايع معادن فلات ايرانيان,325,2425664,33401493245,13398,13799,13799,401,2.99,13770,372,2.78,13220,13799,1399-7-30
362,وپست,پست بانك ايران,324,2777685,29693452650,10190,10690,10690,500,4.91,10500,310,3.04,10690,10690,1399-7-30
363,تسه9903,امتياز تسهيلات مسكن خرداد99,324,3415,3150167036,925809,895111,913000,-12809,-1.38,922450,-3359,-0.36,895111,940000,1399-7-30
364,افق ملت,صندوق س در سهام افق ملت,323,109204,14669242760,128790,138000,132600,3810,2.96,134330,5540,4.3,130010,139980,1399-7-30
365,قصفها,قنداصفهان‌,319,141606,23340879530,173230,164580,164570,-8660,-5.0,169060,-4170,-2.41,164570,169990,1399-7-30
366,تپولا,مهندسي مرآت پولاد,317,1881718,50670046457,26167,26880,26952,785,3.0,26928,761,2.91,26450,26952,1399-7-30
367,شاملاح,ح . معدني‌ املاح‌  ايران‌,316,363120,20423352320,51520,56670,56670,5150,10.0,56240,4720,9.16,52100,56670,1399-7-30
368,شنفت,نفت‌ پارس‌,315,193594,10608048490,55270,52510,52620,-2650,-4.79,55180,-90,-0.16,52510,56000,1399-7-30
369,دابور,داروسازي‌ ابوريحان‌,315,328065,15031967840,47440,45150,45100,-2340,-4.93,46900,-540,-1.14,45070,49250,1399-7-30
370,سبزوا,سيمان لار سبزوار,314,1209779,7428043060,6463,6140,6140,-323,-5.0,6412,-51,-0.79,6140,6140,1399-7-30
371,مفاخر,توسعه فناوري اطلاعات خوارزمي,313,593428,29016985781,50660,50000,48127,-2533,-5.0,49576,-1084,-2.14,48127,51880,1399-7-30
372,ثشرق,سرمايه گذاري مسكن شمال شرق,313,4053221,23373786550,6060,5760,5760,-300,-4.95,5910,-150,-2.48,5760,6050,1399-7-30
373,سشمال,سيمان‌ شمال‌,310,1718281,16818661040,10280,9770,9770,-510,-4.96,10100,-180,-1.75,9770,10580,1399-7-30
374,وارس,سرمايه گذاري ارس صبا,301,620585,52349090974,88559,84132,84132,-4427,-5.0,84354,-4205,-4.75,84132,88367,1399-7-30
375,آ س پ,آ.س.پ,300,1338725,16537985250,12915,12270,12270,-645,-4.99,12711,-204,-1.58,12270,12920,1399-7-30
376,زفكا,كشت و دامداري فكا,297,390114,16892918883,44838,42597,42597,-2241,-5.0,44303,-535,-1.19,42597,45900,1399-7-30
377,افران,صندوق س افرا نماد پايدار-ثابت,297,14497463,172247738700,11890,11900,11880,-10,-0.08,11880,-10,-0.08,11880,11930,1399-7-30
378,كترام,توليدي‌ كاشي‌ تكسرام‌,296,977593,22768140970,22190,23290,23290,1100,4.96,22620,430,1.94,23290,23290,1399-7-30
379,خراسان,پتروشيمي خراسان,296,184725,14892373320,79600,83200,79950,350,0.44,79860,260,0.33,78250,83200,1399-7-30
380,خصدرا,صنعتي‌ دريايي‌ ايران‌,295,2206656,12527186112,5975,5677,5677,-298,-4.99,5912,-63,-1.05,5677,5677,1399-7-30
381,هملت911,اختيارف ت ملت-6770-99/11/25,294,1040000,1226160000,935,1179,1179,244,26.1,1179,244,26.1,1179,1179,1399-7-30
382,فرآور,فرآوري‌موادمعدني‌ايران‌,293,811367,18626603720,23780,22710,22600,-1180,-4.96,23460,-320,-1.35,22600,23990,1399-7-30
383,شصفها,پتروشيمي‌ اصفهان‌,293,293371,27956112817,93992,92113,95871,1879,2.0,95293,1301,1.38,92113,95871,1399-7-30
384,لبوتان,گروه‌صنعتي‌بوتان‌,292,286866,19744464810,72340,68730,68730,-3610,-4.99,70830,-1510,-2.09,68730,71000,1399-7-30
385,وپخش,داروپخش‌ (هلدينگ‌,286,310837,38195177590,129180,122730,122730,-6450,-4.99,124020,-5160,-3.99,122730,128670,1399-7-30
386,شفا,سرمايه گذاري شفادارو,285,605312,40340498340,66930,66940,63620,-3310,-4.95,66680,-250,-0.37,63590,70270,1399-7-30
387,بهپاك,صنعتي بهپاك,281,576507,18931003055,34445,32723,32723,-1722,-5.0,33784,-661,-1.92,32723,34444,1399-7-30
388,سكه0011پ02,سكه تمام بهارتحويلي 1روزه ملت,281,97000,133165375900,1373713,1330000,1385033,11320,0.82,1372839,-874,-0.06,1330000,1419940,1399-7-30
389,دارو,كارخانجات‌داروپخش‌,281,332809,19551679410,57920,57600,58440,520,0.9,58250,330,0.57,55550,60500,1399-7-30
390,داوه,داروسازي آوه سينا,280,556218,9255369364,17471,16598,16598,-873,-5.0,17308,-163,-0.93,16598,17100,1399-7-30
391,فخاس,فولاد خراسان,277,723248,24525867980,35560,33790,33790,-1770,-4.98,35130,-430,-1.21,33790,35560,1399-7-30
392,سخاش,سيمان‌خاش‌,276,110090,7774407800,72760,70120,69560,-3200,-4.4,72410,-350,-0.48,69130,75210,1399-7-30
393,دلر,داروسازي‌ اكسير,275,91810,9746301590,111420,105850,105850,-5570,-5.0,110320,-1100,-0.99,105850,110110,1399-7-30
394,غفارس,شير پاستوريزه پگاه فارس,274,558712,5386190425,10113,9608,9608,-505,-4.99,10059,-54,-0.53,9608,9994,1399-7-30
395,دجابر,داروسازي‌ جابرابن‌حيان‌,274,425588,16216109650,39710,37730,37730,-1980,-4.99,39140,-570,-1.44,37730,41370,1399-7-30
396,سغرب,سيمان‌غرب‌,273,583331,10915988340,19640,18680,18660,-980,-4.99,19420,-220,-1.12,18660,19450,1399-7-30
397,وسرمد,بيمه  سرمد,269,1398234,8259749468,6026,5847,5970,-56,-0.93,5974,-52,-0.86,5846,6185,1399-7-30
398,وسنا,سرمايه گذاري نيروگاهي ايران,269,5276997,86822851891,16961,16453,16453,-508,-3.0,16453,-508,-3.0,16453,16590,1399-7-30
399,سهگمت,سيمان‌هگمتان‌,267,670333,13827707200,20500,19540,20010,-490,-2.39,20540,40,0.2,19540,21520,1399-7-30
400,تسه9901,امتياز تسهيلات مسكن فروردين99,267,3702,3426653829,924384,920000,916000,-8384,-0.91,925622,1238,0.13,890050,970603,1399-7-30
401,لابسا,آبسال‌,265,682279,21942279580,33720,32040,32040,-1680,-4.98,32980,-740,-2.19,32040,35300,1399-7-30
402,وسناح,ح. سرمايه گذاري نيروگاهي ايران,265,1610066,20806475306,12557,12933,12400,-157,-1.25,12923,366,2.91,12311,12933,1399-7-30
403,قشكر,شكرشاهرود,262,267340,9638090040,37660,36500,35780,-1880,-4.99,37320,-340,-0.9,35780,38000,1399-7-30
404,ضخود1042,اختيارخ خودرو-3000-1399/10/07,262,7701,6580950000,569,950,738,169,29.7,855,286,50.26,737,1060,1399-7-30
405,اعتلا,شركت سرمايه گذاري اعتلاء البرز,259,2473924,24670037758,10496,9972,9972,-524,-4.99,10222,-274,-2.61,9972,9992,1399-7-30
406,خرينگ,رينگ‌سازي‌مشهد,258,489250,16208852500,31560,33130,33130,1570,4.97,32020,460,1.46,33130,33130,1399-7-30
407,تسه9812,امتياز تسهيلات مسكن اسفند98,257,4217,3876472876,922012,909022,925000,2988,0.32,919249,-2763,-0.3,891000,945980,1399-7-30
408,داسوه,داروسازي‌ اسوه‌,257,825430,22234051920,28260,26850,27100,-1160,-4.1,27630,-630,-2.23,26850,29000,1399-7-30
409,زپارس,ملي كشت و صنعت و دامپروري پارس,253,180285,11619773920,67410,64130,64500,-2910,-4.32,66680,-730,-1.08,64040,67410,1399-7-30
410,شپترو,پتروشيمي آبادان,248,3779641,18894425359,5153,4999,4999,-154,-2.99,4999,-154,-2.99,4999,4999,1399-7-30
411,بمپنا,توليد برق عسلويه  مپنا,247,180970,14952950920,84693,81000,82600,-2093,-2.47,84044,-649,-0.77,80459,84598,1399-7-30
412,سكرما,سيمان‌ كرمان‌,246,659898,9731834940,14550,15270,14500,-50,-0.34,14590,40,0.27,13840,15270,1399-7-30
413,شراز,پالايش نفت شيراز,245,274799,28915818193,110491,104967,104967,-5524,-5.0,107122,-3369,-3.05,104967,109679,1399-7-30
414,سيستم,همكاران سيستم,244,299337,9786724770,31690,32100,32780,1090,3.44,31880,190,0.6,32100,33160,1399-7-30
415,نيرو,نيرو سرمايه,237,442838,21749556691,51692,49108,49108,-2584,-5.0,49114,-2578,-4.99,49108,50147,1399-7-30
416,رتكو,كنترل‌خوردگي‌تكين‌كو,237,717119,11244611300,16430,15620,15610,-820,-4.99,16250,-180,-1.1,15610,16400,1399-7-30
417,آساس,صندوق س.آسمان آرماني سهام-س,234,78286,12313870204,149734,157854,156090,6356,4.24,157293,7559,5.05,153788,162399,1399-7-30
418,ضجار1014,اختيارخ وتجارت-3000-1399/10/21,230,8232,4666824000,463,699,500,37,7.99,567,104,22.46,500,700,1399-7-30
419,سدور,سيمان‌ دورود,227,1322952,10519172750,8280,7870,7870,-410,-4.95,8210,-70,-0.85,7870,8500,1399-7-30
420,اتكاي,بيمه اتكايي ايرانيان,224,727325,9248225617,12817,12954,12850,33,0.26,12798,-19,-0.15,12500,12954,1399-7-30
421,سبهان,سيمان‌ بهبهان‌,223,113608,6553948460,60070,57100,57290,-2780,-4.63,59740,-330,-0.55,57070,59990,1399-7-30
422,تسه9708,امتياز تسهيلات مسكن آبان97,222,2952,2678269781,915061,900000,900000,-15061,-1.65,907273,-7788,-0.85,895000,920000,1399-7-30
423,پرداخت,به پرداخت ملت,221,405594,17881495390,46130,43830,44790,-1340,-2.9,45360,-770,-1.67,43830,44950,1399-7-30
424,دسينا,داروسازي‌ سينا,216,322481,8480498180,27070,25720,26120,-950,-3.51,26930,-140,-0.52,25720,27000,1399-7-30
425,ساراب,سيمان‌ داراب‌,214,1190146,14325600350,12370,11760,12500,130,1.05,12270,-100,-0.81,11760,12600,1399-7-30
426,آكورد,صندوق س. آرمان آتي كوثر-د,214,5540972,160589832830,28964,28980,28990,26,0.09,28982,18,0.06,28979,28990,1399-7-30
427,سرود,سيمان‌شاهرود,212,1783597,25830161560,15210,14450,14450,-760,-5.0,14800,-410,-2.7,14450,15400,1399-7-30
428,تسه9709,امتياز تسهيلات مسكن آذر97,210,2820,2581488071,919439,919598,899000,-20439,-2.22,915421,-4018,-0.44,892130,920000,1399-7-30
429,وتوس,توسعه‌شهري‌توس‌گستر,205,486365,16191090850,35040,33290,33290,-1750,-4.99,34430,-610,-1.74,33290,33290,1399-7-30
430,تسه9803,امتياز تسهيلات مسكن خرداد98,198,2165,1973270055,919900,891000,900100,-19800,-2.15,911441,-8459,-0.92,880312,930000,1399-7-30
431,كماسه,تامين‌ ماسه‌ ريخته‌گري‌,195,179160,9402316800,55240,52480,52480,-2760,-5.0,54690,-550,-1.0,52480,52480,1399-7-30
432,تصميم,صندوق س با درآمد ثابت تصميم,193,7384925,108962515260,14770,14770,14760,-10,-0.07,14750,-20,-0.14,14740,14800,1399-7-30
433,كاسپين,داروسازي كاسپين تامين,191,236472,5965469039,26304,25070,25000,-1304,-4.96,26167,-137,-0.52,24989,27488,1399-7-30
434,ثجوان,تامين مسكن جوانان,188,1954226,14552048862,7774,7390,7400,-374,-4.81,7505,-269,-3.46,7386,8000,1399-7-30
435,تسه9811,امتياز تسهيلات مسكن بهمن98,188,1829,1680324421,922827,892000,905000,-17827,-1.93,918712,-4115,-0.45,890050,934000,1399-7-30
436,تسه9809,امتياز تسهيلات مسكن آذر98,187,2556,2326239443,921299,900000,875235,-46064,-5.0,910109,-11190,-1.21,875235,930000,1399-7-30
437,وجامي,سرمايه گذاري جامي,186,1114023,15174107283,13225,13621,13621,396,2.99,13519,294,2.22,13621,13621,1399-7-30
438,تسه9711,امتياز تسهيلات مسكن بهمن 97,182,2260,2058841623,920674,890010,902000,-18674,-2.03,910992,-9682,-1.05,885020,929998,1399-7-30
439,كهرام,توليدي گرانيت بهسرام,180,298403,17917105084,58514,60255,60269,1755,3.0,59797,1283,2.19,58521,60269,1399-7-30
440,كي بي سي,شركت كي بي سي,178,468224,15510031328,34736,33000,33000,-1736,-5.0,34204,-532,-1.53,33000,35800,1399-7-30
441,ذوب تبعي9912,اختيارف.تبعي ذوب991224,177,319731,639462000,1900,2000,2000,100,5.26,2000,100,5.26,2000,2000,1399-7-30
442,پسهند,صنايع‌ لاستيكي‌  سهند,177,188025,9505305410,52790,52000,50160,-2630,-4.98,52340,-450,-0.85,50160,54900,1399-7-30
443,سكه0112پ03,سكه تمام بهارتحويلي1روزه سامان,175,32300,44987550600,1373713,1321000,1385000,11287,0.82,1392803,19090,1.39,1321000,1440000,1399-7-30
444,لسرما,سرما آفرين‌,174,824672,22043482560,25460,26730,26730,1270,4.99,25940,480,1.89,26730,26730,1399-7-30
445,پيزد,مجتمع صنايع لاستيك يزد,174,42832,4139155984,101723,96637,96637,-5086,-5.0,101277,-446,-0.44,96637,96637,1399-7-30
446,تسه9802,امتياز تسهيلات مسكن ارديبهشت98,171,1916,1745123853,925008,893100,901000,-24008,-2.6,910816,-14192,-1.53,890000,928900,1399-7-30
447,واحصا,احياء صنايع خراسان,170,786787,14314135018,18721,18410,18180,-541,-2.89,18332,-389,-2.08,18160,18710,1399-7-30
448,حخزر,كشتيراني درياي خزر,169,519757,11324285567,22867,21724,21724,-1143,-5.0,22609,-258,-1.13,21724,23713,1399-7-30
449,قهكمت,قندهكمتان‌,168,484216,20690905160,44290,42600,42090,-2200,-4.97,43600,-690,-1.56,42080,45200,1399-7-30
450,تسه9801,امتياز تسهيلات مسكن فروردين98,168,1437,1313171778,919469,900000,918000,-1469,-0.16,913829,-5640,-0.61,890004,930000,1399-7-30
451,بنو,بيمه تجارت نو,168,929346,36902114930,38975,39010,40280,1305,3.35,39494,519,1.33,39010,40300,1399-7-30
452,دسبحانح,ح. سبحان دارو,166,4346696,62110141040,15860,15860,14270,-1590,-10.03,14290,-1570,-9.9,14270,15860,1399-7-30
453,سفانو,سيمان فارس نو,165,263777,8071143080,32050,30450,30450,-1600,-4.99,31800,-250,-0.78,30450,32060,1399-7-30
454,تسه9712,امتياز تسهيلات مسكن اسفند97,161,1554,1413534371,917885,900000,920000,2115,0.23,909610,-8275,-0.9,880100,925000,1399-7-30
455,دسبحا,گروه دارويي سبحان,159,263761,4455427300,17730,16870,16850,-880,-4.96,17650,-80,-0.45,16850,17730,1399-7-30
456,شتوكا,توكا رنگ فولاد سپاهان,158,224045,5976136976,27709,26325,26324,-1385,-5.0,27577,-132,-0.48,26324,27809,1399-7-30
457,بالبر,كابل‌ البرز,158,506124,11633752680,24180,22980,22980,-1200,-4.96,23890,-290,-1.2,22980,23990,1399-7-30
458,خكاوه,سايپا ديزل,158,3914193,23168108367,6102,5919,5919,-183,-3.0,5919,-183,-3.0,5919,5919,1399-7-30
459,وساربيل,شركت س استان اردبيل,155,1922726,2519346270,1290,1350,1350,60,4.65,1290,0,0.0,1230,1350,1399-7-30
460,خريخت,صنايع‌ريخته‌گري‌ايران‌,152,1875269,9170065410,5140,4890,4890,-250,-4.86,5090,-50,-0.97,4890,4890,1399-7-30
461,تسه9808,امتياز تسهيلات مسكن آبان98,152,2687,2452278960,923957,878622,907010,-16947,-1.83,912646,-11311,-1.22,878622,945000,1399-7-30
462,سبجنو,سيمان‌ بجنورد,152,261453,8202099030,31760,32600,31130,-630,-1.98,31690,-70,-0.22,30970,32600,1399-7-30
463,ولملت,واسپاري ملت,151,1279651,14421666770,11860,11270,11270,-590,-4.97,11690,-170,-1.43,11270,11270,1399-7-30
464,كخاك,صنايع‌خاك‌چيني‌ايران‌,150,149379,7187501750,50480,47960,47960,-2520,-4.99,50120,-360,-0.71,47960,50000,1399-7-30
465,زگلدشت,كشت و دام گلدشت نمونه اصفهان,149,186361,6367625561,35892,34098,34098,-1794,-5.0,35659,-233,-0.65,34098,35000,1399-7-30
466,اخزا815,اسنادخزانه-م15بودجه98-010406,147,265680,194325229491,734739,734739,731500,-3239,-0.44,731426,-3313,-0.45,700738,734999,1399-7-30
467,وتعاون,بيمه  تعاون,141,864368,5349089838,6371,6180,6180,-191,-3.0,6320,-51,-0.8,6180,6274,1399-7-30
468,خاذين,سايپاآذين‌,141,1029281,7081453280,7240,6880,6880,-360,-4.97,7190,-50,-0.69,6880,6880,1399-7-30
469,تسه9710,امتياز تسهيلات مسكن دي 97,141,1742,1594017574,921955,900000,891000,-30955,-3.36,915050,-6905,-0.75,890010,929900,1399-7-30
470,سپاس,صندوق س. پاداش سهامداري توسعه1,139,4869723,49125394720,10080,10080,10100,20,0.2,10090,10,0.1,10080,10100,1399-7-30
471,شسينا,صنايع‌شيميايي‌سينا,136,28407,16866088110,565460,593730,593730,28270,5.0,573920,8460,1.5,593730,593730,1399-7-30
472,ياقوت,صندوق س ياقوت آگاه-ثابت,136,3731380,41730659800,11160,11160,11190,30,0.27,11180,20,0.18,11160,11190,1399-7-30
473,سهرمز,سيمان‌هرمزگان‌,135,268227,4339271420,16650,17450,15900,-750,-4.5,16610,-40,-0.24,15820,17450,1399-7-30
474,وثخوز,سرمايه گذاري و توسعه خوزستان,134,524253,17804407171,35006,34292,33956,-1050,-3.0,34045,-961,-2.75,33956,34800,1399-7-30
475,زمگسا,كشاورزي‌ ودامپروي‌ مگسال‌,134,216428,5682958390,27520,26180,26150,-1370,-4.98,27370,-150,-0.55,26150,27500,1399-7-30
476,زكشت,كشاورزي مكانيزه اصفهان كشت,133,411750,12009609264,30698,29164,29164,-1534,-5.0,30310,-388,-1.26,29164,30000,1399-7-30
477,بذر,صندوق س بذر اميد آفرين-سهام,133,50918,5504109980,104830,108030,107600,2770,2.64,108100,3270,3.12,106400,111990,1399-7-30
478,دمعيار,صندوق س. توازن معيار-د,131,4916469,49510227645,10058,10075,10070,12,0.12,10070,12,0.12,10067,10075,1399-7-30
479,شجم,صنايع پتروشيمي تخت جمشيد,129,1528148,13953519388,9413,9131,9131,-282,-3.0,9247,-166,-1.76,9131,9131,1399-7-30
480,قزوين,كارخانجات‌ قند قزوين‌,129,376506,11369654610,31690,30130,30110,-1580,-4.99,31320,-370,-1.17,30110,32490,1399-7-30
481,حپارسا,توسعه حمل و نقل ريلي پارسيان,125,122620,3663083345,31273,29710,29710,-1563,-5.0,31165,-108,-0.35,29710,31510,1399-7-30
482,تسه9806,امتياز تسهيلات مسكن شهريور98,122,2364,2161125367,918464,873010,930000,11536,1.26,914182,-4282,-0.47,873010,949990,1399-7-30
483,ركيش,كارت اعتباري ايران كيش,122,3067097,42755332180,14670,13940,13940,-730,-4.98,14010,-660,-4.5,13940,13940,1399-7-30
484,غشصفا,شيرپاستوريزه‌پگاه‌اصفهان‌,121,182578,5544094780,31950,30360,30360,-1590,-4.98,31760,-190,-0.59,30360,31440,1399-7-30
485,اخزا814,اسنادخزانه-م14بودجه98-010318,120,149448,110648118996,745653,745653,742000,-3653,-0.49,740379,-5274,-0.71,712200,749000,1399-7-30
486,شكف,كف,119,213116,14679856312,66233,68882,68882,2649,4.0,68882,2649,4.0,68882,68882,1399-7-30
487,قچار,فراوردههاي غذايي وقند چهارمحال,116,34669,6877913572,208829,198388,198388,-10441,-5.0,207301,-1528,-0.73,198388,198388,1399-7-30
488,ددام,داروسازي زاگرس فارمد پارس,115,286494,3793180560,13930,13240,13240,-690,-4.95,13870,-60,-0.43,13240,13240,1399-7-30
489,تسه9807,امتياز تسهيلات مسكن مهر98,114,1029,943674894,922627,900000,962000,39373,4.27,917080,-5547,-0.6,877000,962000,1399-7-30
490,اخزا817,اسنادخزانه-م17بودجه98-010512,113,261630,187353492573,718819,715310,716000,-2819,-0.39,716101,-2718,-0.38,715310,718819,1399-7-30
491,ضخود1045,اختيارخ خودرو-4500-1399/10/07,111,4785,1466750000,250,261,311,61,24.4,307,57,22.8,261,340,1399-7-30
492,غنوش,نوش‌ مازندران‌,111,68249,4912563020,75760,71980,71980,-3780,-4.99,75370,-390,-0.51,71980,71980,1399-7-30
493,عيار2,صندوق س. پشتوانه طلاي مفيد,110,1100000,1100000,31636,1,1,-31635,-100.0,1,-31635,-100.0,1,1,1399-7-30
494,شاملا,معدني‌ املاح‌  ايران‌,110,103330,7010110690,70990,67450,67450,-3540,-4.99,70520,-470,-0.66,67450,72850,1399-7-30
495,زماهان,مجتمع توليد گوشت مرغ ماهان,110,256862,5847562149,23922,22726,22726,-1196,-5.0,23778,-144,-0.6,22726,23922,1399-7-30
496,سجام,مجتمع سيمان غرب آسيا,107,1061821,11375288373,11044,10713,10713,-331,-3.0,10843,-201,-1.82,10713,10713,1399-7-30
497,ديران,ايران‌دارو,107,403755,7461392400,19450,18480,18480,-970,-4.99,19290,-160,-0.82,18480,18480,1399-7-30
498,ولراز,ليزينگ رازي,106,392635,8691968229,22821,22137,22137,-684,-3.0,22512,-309,-1.35,22137,22155,1399-7-30
499,خلنت,لنت‌ ترمزايران‌,105,35310,3118886540,92540,87920,87920,-4620,-4.99,92260,-280,-0.3,87920,94990,1399-7-30
500,وملي,گروه‌ صنعتي‌ ملي‌ (هلدينگ‌,105,11205,4266415800,400800,380760,380760,-20040,-5.0,398950,-1850,-0.46,380760,380760,1399-7-30
501,شلعاب,لعابيران‌,105,293504,2348032000,8420,8000,8000,-420,-4.99,8400,-20,-0.24,8000,8000,1399-7-30
502,اخزا808,اسنادخزانه-م8بودجه98-000817,105,66531,55589131454,835538,835538,835539,1,0.0,835537,-1,0.0,835476,835540,1399-7-30
503,كيان2,صندوق س. با درآمد ثابت كيان,104,10400000,10400000,25590,1,1,-25589,-100.0,1,-25589,-100.0,1,1,1399-7-30
504,دشيري,شيرين دارو,104,30951,5602011469,188514,179089,180050,-8464,-4.49,186299,-2215,-1.17,179089,194000,1399-7-30
505,وشهر,بانك شهر,101,3934053,32263168653,8368,8201,8201,-167,-2.0,8263,-105,-1.25,8201,8201,1399-7-30
506,هشير911,اختيارف ت شيراز-73480-99/11/27,101,57522,820436286,11547,14263,14263,2716,23.52,14263,2716,23.52,14263,14263,1399-7-30
507,وليز,ليزينگ‌ايران‌,100,1222131,11023621620,9490,9020,9020,-470,-4.95,9380,-110,-1.16,9020,9020,1399-7-30
508,وملت,سرمايه گذاري ملت,100,896407,4762610391,5421,5313,5313,-108,-1.99,5357,-64,-1.18,5313,5313,1399-7-30
509,غمهرا,توليدي‌مهرام‌,100,41920,2004578840,50150,50150,47650,-2500,-4.99,49940,-210,-0.42,47650,52650,1399-7-30
510,اخزا818,اسنادخزانه-م18بودجه98-010614,100,196435,137999497669,706475,696116,702229,-4246,-0.6,702520,-3955,-0.56,696011,709920,1399-7-30
511,لپارس,پارس‌ الكتريك‌,99,15576,5262974640,355670,337890,337890,-17780,-5.0,353690,-1980,-0.56,337890,337890,1399-7-30
512,سفار,سيمان‌فارس‌,98,94911,8379507610,92920,88280,88970,-3950,-4.25,92090,-830,-0.89,88280,91500,1399-7-30
513,فنفت,صنايع تجهيزات نفت,98,186739,2750069400,15164,14740,14710,-454,-2.99,15100,-64,-0.42,14710,15490,1399-7-30
514,سنوين,سرمايه گذاري اقتصاد نوين,95,583346,6023036622,10515,10618,10305,-210,-2.0,10392,-123,-1.17,10305,10620,1399-7-30
515,فيروزا,صندوق بادرآمد ثابت فيروزه آسيا,95,894999,18917291430,21260,21220,21120,-140,-0.66,21140,-120,-0.56,21100,21220,1399-7-30
516,واتي,سرمايه‌ گذاري‌ آتيه‌ دماوند,93,661871,9094107540,14460,13740,13740,-720,-4.98,14320,-140,-0.97,13740,13740,1399-7-30
517,صايند,صندوق س. گنجينه آينده روشن-د,90,1666250,16720745440,10044,10088,10046,2,0.02,10035,-9,-0.09,10011,10088,1399-7-30
518,ضجار1016,اختيارخ وتجارت-4000-1399/10/21,88,2904,918087000,222,280,310,88,39.64,316,94,42.34,280,350,1399-7-30
519,قپيرا,فرآورده‌هاي‌غدايي‌وقندپيرانشهر,88,27412,2319865510,81920,80100,82180,260,0.32,82040,120,0.15,80060,85980,1399-7-30
520,زقيامح,ح.كشت و دام قيام اصفهان,87,11614094,283535669272,25697,25000,24413,-1284,-5.0,24413,-1284,-5.0,24413,25000,1399-7-30
521,ضخود1048,اختيارخ خودرو-7000-1399/10/07,85,2837,296373000,85,101,109,24,28.24,104,19,22.35,96,138,1399-7-30
522,سمايه,بانك سرمايه,82,289868,2709975932,9638,9349,9349,-289,-3.0,9598,-40,-0.42,9349,9349,1399-7-30
523,هجرت,پخش هجرت,81,36948,2121886692,60451,57429,57429,-3022,-5.0,60314,-137,-0.23,57429,57429,1399-7-30
524,هكاوه911,اختيارف ت كاوه-25477-99/11/18,81,100000,497400000,3981,4974,4974,993,24.94,4974,993,24.94,4974,4974,1399-7-30
525,سصفها,سيمان‌اصفهان‌,80,41636,5030461520,127170,120820,120820,-6350,-4.99,126490,-680,-0.53,120820,120820,1399-7-30
526,ساربيل,سيمان آرتا اردبيل,76,50623,3163431270,65770,62490,62490,-3280,-4.99,65550,-220,-0.33,62490,62490,1399-7-30
527,كايتاح,ح.ايتالران‌,76,359931,4722101473,12752,13133,13134,382,3.0,13119,367,2.88,12500,13134,1399-7-30
528,تشتاد,صنايع توليدي اشتاد ايران‌,75,59905,799944522,13645,13650,13236,-409,-3.0,13633,-12,-0.09,13236,13940,1399-7-30
529,تبرك,گروه كارخانجات صنعتي تبرك,74,181203,4855696791,28207,26797,26797,-1410,-5.0,28063,-144,-0.51,26797,26797,1399-7-30
530,آساميد,صندوق س.مشترك آسمان اميد -د,74,2364181,25693668310,10858,10869,10866,8,0.07,10868,10,0.09,10865,10882,1399-7-30
531,شپاس,نفت پاسارگاد,72,631893,14563869864,24261,23048,23048,-1213,-5.0,23865,-396,-1.63,23048,23048,1399-7-30
532,سمتاز,سيمان ممتازان كرمان,70,86953,1849422070,21156,21780,21100,-56,-0.26,21166,10,0.05,20522,21790,1399-7-30
533,الماس,صندوق س.امين تدبيرگران فردا-س,68,9998,1211994425,118827,120000,119500,673,0.57,121224,2397,2.02,117800,124950,1399-7-30
534,گپارس,امور رفاهي كارگزاران پارس,67,90752,10926359296,116892,120398,120398,3506,3.0,118713,1821,1.56,120398,120398,1399-7-30
535,هاباد912,اختيارف ت آبادا-30100-99/12/12,65,79337,616686501,7895,7773,7773,-122,-1.55,7773,-122,-1.55,7773,7773,1399-7-30
536,صنوين,صندوق سرمايه‌گذاري صنوين-مختلط,64,36500,3907446940,106250,106000,107020,770,0.72,107050,800,0.75,106000,108000,1399-7-30
537,سكرد,سيمان كردستان,63,135033,1335476370,10410,9890,9890,-520,-5.0,10400,-10,-0.1,9890,9890,1399-7-30
538,ولبهمن,شركت بهمن ليزينگ,63,1430209,13233723877,9740,9253,9253,-487,-5.0,9603,-137,-1.41,9253,9253,1399-7-30
539,تسه9805,امتياز تسهيلات مسكن مرداد98,62,897,821569425,919037,891511,905000,-14037,-1.53,915908,-3129,-0.34,891511,940000,1399-7-30
540,امين يكم2,صندوق درآمد ثابت امين يكم فردا,60,6000000,6000000,10400,1,1,-10399,-99.99,1,-10399,-99.99,1,1,1399-7-30
541,وسقم,شركت س استان قم,60,424353,568633020,1410,1340,1340,-70,-4.96,1410,0,0.0,1340,1340,1399-7-30
542,آكورد2,صندوق س. آرمان آتي كوثر-د,60,6000000,6000000,28964,1,1,-28963,-100.0,1,-28963,-100.0,1,1,1399-7-30
543,وثوق,سرمايه گذاري وثوق امين,59,68629,1022572100,15360,14900,14900,-460,-2.99,15335,-25,-0.16,14900,14900,1399-7-30
544,زبينا,كشاورزي و دامپروري بينالود,59,59416,2493095360,44168,41960,41960,-2208,-5.0,44052,-116,-0.26,41960,41960,1399-7-30
545,اخزا809,اسنادخزانه-م9بودجه98-000923,59,91798,75244367390,819826,819586,819674,-152,-0.02,819673,-153,-0.02,819586,821000,1399-7-30
546,ضصاد8018,اختيارخ وبصادر-4000-1399/08/11,58,3357,439710000,110,80,155,45,40.91,131,21,19.09,80,200,1399-7-30
547,اخزا816,اسنادخزانه-م16بودجه98-010503,58,96352,69764145092,724312,723500,724312,0,0.0,724055,-257,-0.04,706600,730000,1399-7-30
548,گنجين,صندوق س. گنجينه يكم آويد-د,58,2449965,28129951460,11484,11490,11500,16,0.14,11482,-2,-0.02,11470,11518,1399-7-30
549,تسه9804,امتياز تسهيلات مسكن تير98,58,561,514792568,917829,902000,871952,-45877,-5.0,917634,-195,-0.02,871952,950000,1399-7-30
550,هترول911,اختيارف ت پترول-14730-99/11/15,57,500000,274500000,101,549,549,448,443.56,549,448,443.56,549,549,1399-7-30
551,كپشير,پشم‌شيشه‌ايران‌,55,87962,1504150200,18000,17100,17100,-900,-5.0,17970,-30,-0.17,17100,17100,1399-7-30
552,كاذر,فرآورده‌هاي‌نسوزآذر,55,152554,5278368400,36420,34600,34600,-1820,-5.0,36210,-210,-0.58,34600,34600,1399-7-30
553,قاسم,قاسم ايران,54,128947,1662900512,13574,12896,12896,-678,-4.99,13550,-24,-0.18,12896,12896,1399-7-30
554,نمرينو,ايران‌ مرينوس‌,53,129510,7200232350,58040,55150,55140,-2900,-5.0,57670,-370,-0.64,55140,59500,1399-7-30
555,هغدير912,اختيارف ت غدير-17380-99/12/16,53,187594,543084630,2196,2895,2895,699,31.83,2895,699,31.83,2895,2895,1399-7-30
556,آرمان,بيمه آرمان,51,1083898,7106035288,6244,6556,6556,312,5.0,6348,104,1.67,6556,6556,1399-7-30
557,اخزا806,اسنادخزانه-م6بودجه98-000519,50,162872,141269803887,867337,867200,867500,163,0.02,867367,30,0.0,867027,868000,1399-7-30
558,هپارس912,اختيارف ت وپارس-5920-99/12/10,48,100000,200600000,1834,2006,2006,172,9.38,2006,172,9.38,2006,2006,1399-7-30
559,دشيمي,شيمي‌ داروئي‌ داروپخش‌,46,78170,4821525600,64920,61680,61680,-3240,-4.99,64590,-330,-0.51,61680,61680,1399-7-30
560,هخود911,اختيارف ت خودرو-3680-99/11/20,45,1000000,271000000,109,271,271,162,148.62,271,162,148.62,271,271,1399-7-30
561,هجم911,اختيارف ت جم-38645-99/11/28,44,100000,81000000,86,810,810,724,841.86,810,724,841.86,810,810,1399-7-30
562,تكنار,مجتمع معادن مس تكنار,43,120237,11969593350,94810,99550,99550,4740,5.0,97472,2662,2.81,99550,99550,1399-7-30
563,ضجار1018,اختيارخ وتجارت-5000-1399/10/21,42,1969,380184000,95,179,122,27,28.42,193,98,103.16,122,239,1399-7-30
564,وسزنجان,شركت س استان زنجان,42,355641,533461500,1430,1500,1500,70,4.9,1430,0,0.0,1500,1500,1399-7-30
565,اخزا812,اسنادخزانه-م12بودجه98-001111,42,149195,119345010116,802936,801207,801207,-1729,-0.22,799926,-3010,-0.37,762790,801500,1399-7-30
566,سيلام,سيمان‌ ايلام‌,41,44554,455341880,10750,10220,10220,-530,-4.93,10740,-10,-0.09,10220,10220,1399-7-30
567,قشهد,شهد,41,115530,3336972900,30400,28880,28880,-1520,-5.0,30290,-110,-0.36,28880,29500,1399-7-30
568,اخزا811,اسنادخزانه-م11بودجه98-001013,41,128740,104399330261,811132,811503,811504,372,0.05,810932,-200,-0.02,810000,811505,1399-7-30
569,شزنگ,تجهيزنيروي‌زنگان‌,41,20711,2304947901,108050,111291,111291,3241,3.0,108387,337,0.31,111291,111291,1399-7-30
570,لكما,كارخانجات‌مخابراتي‌ايران‌,40,144912,1535342640,11152,10595,10595,-557,-4.99,11107,-45,-0.4,10595,10595,1399-7-30
571,خوساز,محورسازان‌ايران‌خودرو,39,56582,494526680,9200,8740,8740,-460,-5.0,9200,0,0.0,8740,8740,1399-7-30
572,كساپا,سايپاشيشه‌,39,176017,3409449290,20380,19370,19370,-1010,-4.96,20310,-70,-0.34,19370,19370,1399-7-30
573,ضملي1152,اختيارخ فملي-18252-1399/11/05,39,435,820295000,1446,2210,1800,354,24.48,1886,440,30.43,1800,2210,1399-7-30
574,ضملي1153,اختيارخ فملي-20280-1399/11/05,39,1057,1603909000,1123,1560,1400,277,24.67,1517,394,35.08,1200,1800,1399-7-30
575,زدشت,كشت و صنعت دشت خرم دره,38,21536,777621888,38008,36108,36108,-1900,-5.0,37977,-31,-0.08,36108,36108,1399-7-30
576,ضصاد8015,اختيارخ وبصادر-3400-1399/08/11,38,565,277662000,341,330,473,132,38.71,491,150,43.99,330,660,1399-7-30
577,ضخود1040,اختيارخ خودرو-2000-1399/10/07,37,336,530171000,1476,1601,1510,34,2.3,1578,102,6.91,1450,1700,1399-7-30
578,پكويرح,ح. كوير تاير,37,115312,1287994000,12150,12000,11000,-1150,-9.47,11170,-980,-8.07,11000,12000,1399-7-30
579,وايران,ليزينگ ايرانيان,36,107726,999697280,9760,9280,9280,-480,-4.92,9750,-10,-0.1,9280,9280,1399-7-30
580,ضفلا8085,اختيارخ فولاد-16775-1399/08/28,36,277,326047000,421,1400,821,400,95.01,1177,756,179.57,750,1555,1399-7-30
581,قنيشا,قند  نيشابور,36,28507,2580453640,95280,90520,90520,-4760,-5.0,95020,-260,-0.27,90520,90520,1399-7-30
582,دقاضي,داروسازي شهيد قاضي,35,4887,445213620,93040,90249,90249,-2791,-3.0,92996,-44,-0.05,90249,93040,1399-7-30
583,خشرق,الكتريك‌ خودرو شرق‌,35,58059,1125183420,20400,19380,19380,-1020,-5.0,20380,-20,-0.1,19380,19380,1399-7-30
584,ضپاس7000,اختيارخ وپارس-1500-1399/07/30,35,546,1156400000,1602,2200,2300,698,43.57,2118,516,32.21,2000,2300,1399-7-30
585,غپونه,نوش پونه مشهد,35,71425,1133871875,16365,15875,15875,-490,-2.99,16336,-29,-0.18,15875,15875,1399-7-30
586,زشريف,كشت وصنعت شريف آباد,35,236160,5654615040,25204,23944,23944,-1260,-5.0,25054,-150,-0.6,23944,23944,1399-7-30
587,غالبر,لبنيات‌ كالبر,35,157697,1920749460,12820,12180,12180,-640,-4.99,12790,-30,-0.23,12180,12180,1399-7-30
588,كصدف,كاشي صدف سرام استقلال آباده,34,643274,11721095554,17354,18221,18221,867,5.0,17830,476,2.74,18221,18221,1399-7-30
589,وسگلستا,شركت س استان گلستان,34,199194,235048920,1240,1180,1180,-60,-4.84,1240,0,0.0,1180,1180,1399-7-30
590,ضصاد8020,اختيارخ وبصادر-4400-1399/08/11,34,853,48034000,48,44,100,52,108.33,56,8,16.67,44,100,1399-7-30
591,وسخراش,شركت س استان خراسان شمالي,34,256139,340664870,1390,1330,1330,-60,-4.32,1390,0,0.0,1330,1330,1399-7-30
592,كمينا,شيشه سازي مينا,34,42693,1276051077,30813,29889,29889,-924,-3.0,30752,-61,-0.2,29889,29889,1399-7-30
593,وسكرشا,س.سهام عدالت استان كرمانشاه,33,677303,839855720,1300,1240,1240,-60,-4.62,1300,0,0.0,1240,1240,1399-7-30
594,وسيلام,شركت س استان ايلام,33,307856,363270080,1240,1180,1180,-60,-4.84,1240,0,0.0,1180,1180,1399-7-30
595,وشمال,س. چشم انداز توسعه شمال,33,22617,2476584117,112887,109501,109501,-3386,-3.0,112451,-436,-0.39,109501,109501,1399-7-30
596,خچرخش,چرخشگر,33,34662,634661220,19270,18310,18310,-960,-4.98,19260,-10,-0.05,18310,18310,1399-7-30
597,وسمركز,شركت س استان مركزي,32,196019,260705270,1400,1330,1330,-70,-5.0,1400,0,0.0,1330,1330,1399-7-30
598,دفرا,فرآورده‌هاي‌ تزريقي‌ ايران‌,32,120845,2970370100,25870,24580,24580,-1290,-4.99,25790,-80,-0.31,24580,24580,1399-7-30
599,غشاذر,پگاه‌آذربايجان‌غربي‌,32,62058,1215095640,20610,19580,19580,-1030,-5.0,20580,-30,-0.15,19580,19580,1399-7-30
600,شسم,توليد سموم‌ علف‌ كش,32,28411,2331605537,80458,82067,82067,1609,2.0,80825,367,0.46,82067,82067,1399-7-30
601,ثروتم,صندوق س. ثروت آفرين پارسيان-س,32,13590,1309646760,94904,96000,96000,1096,1.15,96368,1464,1.54,95501,98500,1399-7-30
602,آسام,صندوق س.آرمان سپهر آشنا-م,31,18130,1870989990,101225,103300,101200,-25,-0.02,103199,1974,1.95,101005,104400,1399-7-30
603,فجام,جام‌دارو,31,22121,1106492420,52650,50020,50020,-2630,-5.0,52590,-60,-0.11,50020,50020,1399-7-30
604,همپنا912,اختيارف ت مپنا-23410-99/12/11,30,105000,340410000,2451,3242,3242,791,32.27,3242,791,32.27,3242,3242,1399-7-30
605,سخند,صندوق س.سپهرخبرگان نفت-د,30,226570,2273532210,10023,10033,10040,17,0.17,10035,12,0.12,10033,10040,1399-7-30
606,فنورد,نوردوقطعات‌ فولادي‌,30,111889,16107540440,137110,143960,143960,6850,5.0,139200,2090,1.52,143960,143960,1399-7-30
607,ساروج,بين المللي ساروج بوشهر,30,589786,11704303170,20458,19845,19845,-613,-3.0,20071,-387,-1.89,19845,19845,1399-7-30
608,نطرين,عطرين نخ قم,29,144678,2216466960,16126,15320,15320,-806,-5.0,16088,-38,-0.24,15320,15320,1399-7-30
609,اوصتا,صندوق انديشه ورزان صباتامين -د,28,893869,15029828978,16817,16820,16820,3,0.02,16814,-3,-0.02,16810,16820,1399-7-30
610,زعف9908پ15,زعفران9908پوشالمعمول طلاسرخ(پ),28,14550,1191896409,79542,81950,82477,2935,3.69,81917,2375,2.99,76009,82477,1399-7-30
611,سخزر,سيمان‌ خزر,28,93756,2400153600,26940,25600,25600,-1340,-4.97,26870,-70,-0.26,25600,25600,1399-7-30
612,ولانا,شركت ليزينگ آريا دانا,28,277313,6516300874,24224,23498,23498,-726,-3.0,23994,-230,-0.95,23498,23498,1399-7-30
613,اخزا820,اسنادخزانه-م20بودجه98-020806,28,124311,71558724912,576201,576201,576011,-190,-0.03,575643,-558,-0.1,555000,576500,1399-7-30
614,ضجار1015,اختيارخ وتجارت-3500-1399/10/21,27,830,393253000,349,499,449,100,28.65,474,125,35.82,449,500,1399-7-30
615,ضمخا7032,اختيارخ اخابر-4750-1399/07/30,27,369,3836220000,9424,10996,10200,776,8.23,10396,972,10.31,9470,11000,1399-7-30
616,ارمغان,ص سرمايه گذاري ارمغان ايرانيان,27,232300,2341854510,10090,10090,10090,0,0.0,10080,-10,-0.1,10080,10090,1399-7-30
617,ضخود1041,اختيارخ خودرو-2500-1399/10/07,26,216,286746000,970,1600,1160,190,19.59,1328,358,36.91,1150,1600,1399-7-30
618,خاور,ايران خودرو ديزل,26,82353,535623912,6705,6504,6504,-201,-3.0,6699,-6,-0.09,6504,6504,1399-7-30
619,شتولي,تولي‌پرس‌,26,81430,1790889990,21148,21993,21993,845,4.0,21292,144,0.68,21993,21993,1399-7-30
620,دكپسول,توليد ژلاتين كپسول ايران,26,32597,1128345155,36436,34615,34615,-1821,-5.0,36393,-43,-0.12,34615,34615,1399-7-30
621,ثعتما,س. ساختماني اعتماد گستر,26,40277,1279036412,32738,31756,31756,-982,-3.0,32673,-65,-0.2,31756,31756,1399-7-30
622,ضچاد1015,اختيارخ كچاد-16000-1399/10/02,26,225,576412000,1761,3500,2200,439,24.93,2562,801,45.49,2200,3500,1399-7-30
623,كتوكا,توليدي و خدمات صنايع نسوز توكا,25,4710,568600620,127075,120722,120722,-6353,-5.0,126999,-76,-0.06,120722,120722,1399-7-30
624,شكبير,پتروشيمي اميركبير,25,33765,1944499064,59310,59310,57531,-1779,-3.0,59270,-40,-0.07,57531,59310,1399-7-30
625,ضپيك1022,اختيارخ تاپيكو-18000-99/10/16,25,520,1448200000,2924,3000,2700,-224,-7.66,2785,-139,-4.75,2700,3000,1399-7-30
626,ضملي8077,اختيارخ فملي -29750-1399/08/06,24,792,4307000,4,100,1,-3,-75.0,5,1,25.0,1,100,1399-7-30
627,اخزا821,اسنادخزانه-م21بودجه98-020906,23,22389,12826970038,572580,572000,572010,-570,-0.1,572914,334,0.06,572000,579000,1399-7-30
628,خپويش,سازه‌ پويش‌,23,11129,429356820,40610,38580,38580,-2030,-5.0,40590,-20,-0.05,38580,38580,1399-7-30
629,زعف9908پ13,زعفران9908پوشالمعمول روستا(پ),23,8143,664148994,78193,82000,79001,808,1.03,81561,3368,4.31,79001,82477,1399-7-30
630,ضپاس1004,اختيارخ وپارس-4000-1399/10/30,23,305,176330000,700,550,689,-11,-1.57,578,-122,-17.43,540,690,1399-7-30
631,بنيرو,نيروترانس‌,23,5327,294902720,58270,55360,55360,-2910,-4.99,58250,-20,-0.03,55360,55360,1399-7-30
632,شفارا,پتروشيمي فارابي,23,90282,459445098,5356,5089,5089,-267,-4.99,5350,-6,-0.11,5089,5089,1399-7-30
633,ضخود1046,اختيارخ خودرو-5000-1399/10/07,23,364,87563000,177,220,260,83,46.89,241,64,36.16,164,381,1399-7-30
634,ولتجار,واسپاري تجارت وسرمايه ايرانيان,23,211031,1261332287,6161,5977,5977,-184,-2.99,6149,-12,-0.19,5977,5977,1399-7-30
635,كقزوي,شيشه‌ قزوين‌,22,48205,438520885,9378,9097,9097,-281,-3.0,9372,-6,-0.06,9097,9097,1399-7-30
636,اخزا813,اسنادخزانه-م13بودجه98-010219,21,23271,17578949844,757112,757112,754000,-3112,-0.41,755402,-1710,-0.23,750110,762900,1399-7-30
637,حاريا,كشتيراني آريا,21,5850,177372000,31915,30320,30320,-1595,-5.0,31900,-15,-0.05,30320,30320,1399-7-30
638,بسويچ,پارس‌سويچ‌,21,7651,313078920,43070,40920,40920,-2150,-4.99,43060,-10,-0.02,40920,40920,1399-7-30
639,اخزا721,اسنادخزانه-م21بودجه97-000728,21,90665,76818561555,845876,845875,849875,3999,0.47,847279,1403,0.17,845875,870000,1399-7-30
640,داريك,صندوق س.اعتماد داريك-د,21,38781,390612076,10042,10084,10075,33,0.33,10072,30,0.3,10042,10119,1399-7-30
641,فولاي,صنايع فولاد آلياژي يزد,21,18718,926185358,52085,49481,49481,-2604,-5.0,52034,-51,-0.1,49481,49481,1399-7-30
642,وسخراج,شركت س استان خراسان جنوبي,21,283059,605746260,2250,2140,2140,-110,-4.89,2250,0,0.0,2140,2140,1399-7-30
643,گوهر2,صندوق سكه طلاي كيان,20,200000,200000,63398,1,1,-63397,-100.0,1,-63397,-100.0,1,1,1399-7-30
644,افرا,افرانت,20,9105,538433280,62248,59136,59136,-3112,-5.0,62212,-36,-0.06,59136,59136,1399-7-30
645,وسبوشهر,شركت س استان بوشهر,19,180661,238472520,1260,1320,1320,60,4.76,1260,0,0.0,1320,1320,1399-7-30
646,ضچاد1017,اختيارخ كچاد-20000-1399/10/02,19,185,321907000,1897,1700,1500,-397,-20.93,1740,-157,-8.28,1500,2010,1399-7-30
647,ثنظام,س. ساختماني نظام مهندسي ايران,19,12453,522341085,44152,41945,41945,-2207,-5.0,44091,-61,-0.14,41945,41945,1399-7-30
648,ضصاد8017,اختيارخ وبصادر-3800-1399/08/11,19,524,121380000,232,350,280,48,20.69,232,0,0.0,200,350,1399-7-30
649,دكيمي,كيميدارو,19,16678,369084140,23290,22130,22130,-1160,-4.98,23280,-10,-0.04,22130,22130,1399-7-30
650,ضصاد8008,اختيارخ وبصادر-2000-1399/08/11,18,181,303883000,1447,1518,1700,253,17.48,1679,232,16.03,1518,1790,1399-7-30
651,ضصاد8012,اختيارخ وبصادر-2800-1399/08/11,18,314,303063000,727,890,933,206,28.34,965,238,32.74,890,1000,1399-7-30
652,كيسون,شركت كيسون,18,24398,469637102,19844,19249,19249,-595,-3.0,19837,-7,-0.04,19249,19249,1399-7-30
653,ضمخا7049,اختيارخ اخابر-13750-1399/07/30,17,93,131713000,950,1700,1100,150,15.79,1416,466,49.05,1100,1760,1399-7-30
654,اخزا903,اسنادخزانه-م3بودجه99-011110,17,15583,10210809803,655870,655001,652836,-3034,-0.46,655253,-617,-0.09,652836,658000,1399-7-30
655,شرنگي,شيميايي رنگين,17,7667,882111351,118611,115053,115053,-3558,-3.0,118449,-162,-0.14,115053,115053,1399-7-30
656,ضترا8040,اختيارخ شتران-16326-1399/08/11,16,172,106494300,150,500,251,101,67.33,363,213,142.0,251,500,1399-7-30
657,غدشت,دشت‌ مرغاب‌,16,1207,329136830,287040,272690,272690,-14350,-5.0,286940,-100,-0.03,272690,272690,1399-7-30
658,پست0008پ08,پسته فندقي32-30مه ولات0008(پ),16,188,294801699,1642838,1724979,1560697,-82141,-5.0,1568094,-74744,-4.55,1560697,1724979,1399-7-30
659,لپيام,گسترش صنايع پيام,16,9927,300331458,31846,30254,30254,-1592,-5.0,31821,-25,-0.08,30254,30254,1399-7-30
660,فوكا,فولاد كاويان,16,11293,230795041,21069,20437,20437,-632,-3.0,21066,-3,-0.01,20437,20437,1399-7-30
661,ضپاس7014,اختيارخ وپارس-3800-1399/07/30,16,463,524000,8,1,1,-7,-87.5,1,-7,-87.5,1,2,1399-7-30
662,بشهاب,لامپ‌  پارس‌ شهاب‌,16,10126,637634220,66280,62970,62970,-3310,-4.99,66240,-40,-0.06,62970,62970,1399-7-30
663,جهرم,پتروشيمي جهرم,16,71363,232357928,3356,3256,3256,-100,-2.98,3355,-1,-0.03,3256,3256,1399-7-30
664,ثتوسا,س.توسعه و عمران استان اردبيل,16,201385,14745409700,75484,73220,73220,-2264,-3.0,73763,-1721,-2.28,73220,73220,1399-7-30
665,كگاز,شيشه‌ و گاز,16,15813,378405090,25180,23930,23930,-1250,-4.96,25170,-10,-0.04,23930,23930,1399-7-30
666,وسيزد,شركت س استان يزد,15,445259,592194470,1270,1330,1330,60,4.72,1270,0,0.0,1330,1330,1399-7-30
667,ضمخا7048,اختيارخ اخابر-12750-1399/07/30,15,32,47906000,5000,1410,2495,-2505,-50.1,1497,-3503,-70.06,1410,2495,1399-7-30
668,پست9908-02,پسته فندقي32-30طلاسبززرند9908,15,187,265367662,1455185,1404001,1387013,-68172,-4.68,1419078,-36107,-2.48,1386007,1527841,1399-7-30
669,هنفت912,اختيارف ت نفت-15330-99/12/04,15,100000,94500000,317,945,945,628,198.11,945,628,198.11,945,945,1399-7-30
670,ضمخا7070,اختيارخ اخابر-20000-1400/07/28,15,33,300996000,7000,9998,9000,2000,28.57,9121,2121,30.3,9000,10000,1399-7-30
671,خفنر,فنرسازي‌خاور,15,7211,134268820,19590,18620,18620,-970,-4.95,19590,0,0.0,18620,18620,1399-7-30
672,ضمخا1025,اختيارخ اخابر-16000-1399/10/30,14,84,247800000,3000,2500,3500,500,16.67,2950,-50,-1.67,2200,4500,1399-7-30
673,ضپاس7013,اختيارخ وپارس-3600-1399/07/30,14,211,12268000,140,5,80,-60,-42.86,58,-82,-58.57,5,100,1399-7-30
674,غاذر,كشت‌وصنعت‌پياذر,14,11080,829892000,78840,74900,74900,-3940,-5.0,78770,-70,-0.09,74900,74900,1399-7-30
675,غگلپا,شير پاستوريزه پگاه گلپايگان,14,5351,380627332,74875,71132,71132,-3743,-5.0,74845,-30,-0.04,71132,71132,1399-7-30
676,ضپاس1002,اختيارخ وپارس-3000-1399/10/30,14,315,352480000,744,1000,1100,356,47.85,1119,375,50.4,1000,1200,1399-7-30
677,خموتور,موتورسازان‌تراكتورسازي‌ايران‌,14,125470,1459216100,12240,11630,11630,-610,-4.98,12220,-20,-0.16,11630,11630,1399-7-30
678,شستا991,اجاره تامين اجتماعي-امين991226,14,190,189424482,982385,1010000,1010000,27615,2.81,996971,14586,1.48,970066,1010000,1399-7-30
679,ضمخا7047,اختيارخ اخابر-11750-1399/07/30,14,151,437500000,3300,3500,3000,-300,-9.09,2897,-403,-12.21,2500,3500,1399-7-30
680,چفيبر,فيبر ايران‌,14,33891,357550050,11100,10550,10550,-550,-4.95,11100,0,0.0,10550,10550,1399-7-30
681,ضملي1149,اختيارخ فملي-12168-1399/11/05,13,183,857300000,3992,6000,4500,508,12.73,4685,693,17.36,4000,6000,1399-7-30
682,فنوال,نورد آلومينيوم‌,13,9184,310235520,35550,33780,33780,-1770,-4.98,35540,-10,-0.03,33780,33780,1399-7-30
683,ضشنا1037,اختيارخ شپنا-18000-1399/10/23,13,283,789111000,2021,2890,2700,679,33.6,2788,767,37.95,2660,3100,1399-7-30
684,زعف9908پ14,زعفران9908پوشالمعمول نوين(پ),13,1023,80206226,78550,74624,78999,449,0.57,78403,-147,-0.19,74624,81900,1399-7-30
685,زعف9908پ17,زعفران9908پوشالمعمول بيرجند(پ),13,1145,88568857,77455,74709,74701,-2754,-3.56,77353,-102,-0.13,74701,81850,1399-7-30
686,سنير,سيمان‌ سفيد ني‌ريز,13,3179,250282670,82870,78730,78730,-4140,-5.0,82850,-20,-0.02,78730,78730,1399-7-30
687,ضسپا8018,اختيارخ خساپا-2400-1399/08/26,13,117,41550000,275,300,320,45,16.36,355,80,29.09,300,400,1399-7-30
688,چكاوه,صنايع‌كاغذسازي‌كاوه‌,13,7481,266697650,37520,35650,35650,-1870,-4.98,37510,-10,-0.03,35650,35650,1399-7-30
689,داراب,پتروشيمي داراب,13,55902,173128494,3192,3097,3097,-95,-2.98,3191,-1,-0.03,3097,3097,1399-7-30
690,ضصاد1102,اختيارخ وبصادر-3500-1399/11/12,12,173,186869000,757,1001,1090,333,43.99,1080,323,42.67,999,1199,1399-7-30
691,وحكمت,بيمه حكمت صبا,12,22317,125086785,5900,5605,5605,-295,-5.0,5898,-2,-0.03,5605,5605,1399-7-30
692,ضپيك1023,اختيارخ تاپيكو-20000-99/10/16,12,116,351045000,2950,4899,2500,-450,-15.25,3026,76,2.58,2200,4899,1399-7-30
693,هصادر912,اختيارف ت صادرات-3750-99/12/23,12,1000000,1000000,1,1,1,0,0.0,1,0,0.0,1,1,1399-7-30
694,اخزا807,اسنادخزانه-م7بودجه98-000719,12,20760,17645503951,849976,849926,849927,-49,-0.01,849976,0,0.0,849926,852000,1399-7-30
695,خمحور,توليدمحورخودرو,12,6612,371065440,59070,56120,56120,-2950,-4.99,59050,-20,-0.03,56120,56120,1399-7-30
696,خكار,ايركا پارت صنعت,12,10691,349061150,34360,32650,32650,-1710,-4.98,34350,-10,-0.03,32650,32650,1399-7-30
697,هصند911,اختيارف ت صندوق-19926-99/11/29,12,22053,69378738,2597,3146,3146,549,21.14,3146,549,21.14,3146,3146,1399-7-30
698,اخزا704,اسنادخزانه-م4بودجه97-991022,12,101014,97436900928,964826,964501,964551,-275,-0.03,964588,-238,-0.02,964500,964826,1399-7-30
699,پلاسك,پلاسكوكار,11,26555,222796450,8830,8390,8390,-440,-4.98,8830,0,0.0,8390,8390,1399-7-30
700,قلرست,قند لرستان‌,11,18059,398742720,23240,22080,22080,-1160,-4.99,23230,-10,-0.04,22080,22080,1399-7-30
701,فنرژي,گسترش صنايع انرژي آذرآب,11,20935,218561400,10874,10440,10440,-434,-3.99,10864,-10,-0.09,10440,10440,1399-7-30
702,وآفري,بيمه كارآفرين,11,16266,261671142,16584,16087,16087,-497,-3.0,16577,-7,-0.04,16087,16087,1399-7-30
703,ضپنا1022,اختيارخ رمپنا-18806-1399/10/09,11,96,467559105,2800,3800,2800,0,0.0,3289,489,17.46,2800,3800,1399-7-30
704,پست9908-04,پسته فندقي32-30سبزدانه9908,11,189,270091676,1461484,1524718,1400100,-61384,-4.2,1429056,-32428,-2.22,1400100,1524718,1399-7-30
705,بايكا,كارخانجات كابلسازي ‌ايران‌,11,9549,380756826,41972,39874,39874,-2098,-5.0,41930,-42,-0.1,39874,39874,1399-7-30
706,اخزا804,اسنادخزانه-م4بودجه98-000421,10,10089,8927851221,884958,884903,884916,-42,0.0,884909,-49,-0.01,884903,884916,1399-7-30
707,ضفلا8076,اختيارخ فولاد-8775-1399/08/28,10,92,546040000,5164,6000,5850,686,13.28,5935,771,14.93,5710,6000,1399-7-30
708,زعف9908پ05,زعفران9908نگين زرين(پ),10,2321,195808844,82714,84364,84364,1650,1.99,84364,1650,1.99,84364,84364,1399-7-30
709,ضفلا8083,اختيارخ فولاد-14775-1399/08/28,10,98,147025000,1001,1000,1203,202,20.18,1500,499,49.85,1203,1560,1399-7-30
710,خعمرا,توسعه و عمران شهرستان نائين,10,46507,719928360,15030,15480,15480,450,2.99,15046,16,0.11,15480,15480,1399-7-30
711,اخزا810,اسنادخزانه-م10بودجه98-001006,10,14331,11682632158,818886,815200,815200,-3686,-0.45,815200,-3686,-0.45,815200,815201,1399-7-30
712,اخزا713,اسنادخزانه-م13بودجه97-000518,10,4000,3519291932,868184,875000,880000,11816,1.36,879823,11639,1.34,875000,880000,1399-7-30
713,ضچاد1014,اختيارخ كچاد-14000-1399/10/02,10,120,369500000,2500,3100,3000,500,20.0,3079,579,23.16,3000,3300,1399-7-30
714,زعف9908پ16,زعفران9908نگين بيرجند(پ),10,3253,258803424,80955,79700,79600,-1355,-1.67,79558,-1397,-1.73,79500,81888,1399-7-30
715,ثامان,سامان‌ گستراصفهان‌,9,16655,356750100,22540,21420,21420,-1120,-4.97,22530,-10,-0.04,21420,21420,1399-7-30
716,ضخوز1014,اختيارخ فخوز-12191-1399/10/16,9,107,667594000,6000,1100,7000,1000,16.67,6239,239,3.98,1100,7000,1399-7-30
717,حبندر,دريايي و کشتيراني خط دريابندر,9,6091,139697085,23644,22935,22935,-709,-3.0,23639,-5,-0.02,22935,22935,1399-7-30
718,ضملي8067,اختيارخ فملي -14750-1399/08/06,9,57,454374000,6011,10000,7604,1593,26.5,7971,1960,32.61,7604,10000,1399-7-30
719,فبيرا,بسته‌ بندي‌ ايران‌,9,14733,71057259,5076,4823,4823,-253,-4.98,5075,-1,-0.02,4823,4823,1399-7-30
720,اخزا902,اسنادخزانه-م2بودجه99-011019,9,11139,7330964280,661705,667700,660000,-1705,-0.26,658135,-3570,-0.54,655002,667700,1399-7-30
721,غپآذر,شير پگاه آذربايجان شرقي,9,3687,193069755,55121,52365,52365,-2756,-5.0,55110,-11,-0.02,52365,52365,1399-7-30
722,ضفلا8084,اختيارخ فولاد-15775-1399/08/28,9,95,150055000,800,1500,900,100,12.5,1580,780,97.5,900,2200,1399-7-30
723,ضصاد8016,اختيارخ وبصادر-3600-1399/08/11,9,155,69610000,193,480,400,207,107.25,449,256,132.64,400,480,1399-7-30
724,شمواد,توليد مواداوليه الياف مصنوعي,9,2410,151870970,64965,63017,63017,-1948,-3.0,64950,-15,-0.02,63017,63017,1399-7-30
725,كسعدي,كاشي‌ سعدي‌,9,2383,136736540,60400,57380,57380,-3020,-5.0,60390,-10,-0.02,57380,57380,1399-7-30
726,پلوله,گازلوله‌,9,13081,246066691,19001,18811,18811,-190,-1.0,18992,-9,-0.05,18811,18811,1399-7-30
727,نتوس,پشم‌ بافي‌ توس,9,22056,238337136,11140,10806,10806,-334,-3.0,11136,-4,-0.04,10806,10806,1399-7-30
728,پدرخش,درخشان‌ تهران‌,9,2779,600319580,227380,216020,216020,-11360,-5.0,227240,-140,-0.06,216020,216020,1399-7-30
729,اخزا805,اسنادخزانه-م5بودجه98-000422,8,23460,20737918728,884682,883957,883980,-702,-0.08,883969,-713,-0.08,883957,884000,1399-7-30
730,ثنام,س ساختماني ب نام آوران مهندسي,8,42706,892256458,21539,20893,20893,-646,-3.0,21509,-30,-0.14,20893,20893,1399-7-30
731,خكمك,كمك‌فنرايندامين‌,8,3197,169313120,55740,52960,52960,-2780,-4.99,55730,-10,-0.02,52960,52960,1399-7-30
732,فمراد,آلومراد,8,1066,153088260,151160,143610,143610,-7550,-4.99,151140,-20,-0.01,143610,143610,1399-7-30
733,صگل1411,ص اجاره گل گهر 1411-3 ماهه 17%,8,48,47120010,970000,1010000,970000,0,0.0,981667,11667,1.2,970000,1010000,1399-7-30
734,لخزر,پارس‌ خزر,8,2189,448745000,215780,205000,205000,-10780,-5.0,215680,-100,-0.05,205000,205000,1399-7-30
735,ثاباد,توريستي ورفاهي آبادگران ايران,8,11468,350691440,32180,30580,30580,-1600,-4.97,32170,-10,-0.03,30580,30580,1399-7-30
736,زعف9908پ06,زعفران 9908پوشالمعمول زرين(پ),7,584,47275960,79207,82150,78000,-1207,-1.52,80952,1745,2.2,74888,82476,1399-7-30
737,گكيش,توريستي ورفاهي آبادگران كيش,7,2022,142510560,72659,70480,70480,-2179,-3.0,72643,-16,-0.02,70480,70480,1399-7-30
738,ضملي1148,اختيارخ فملي-10140-1399/11/05,7,28,290559000,6507,13500,8510,2003,30.78,10377,3870,59.47,7500,14500,1399-7-30
739,ثغرب,شركت سرمايه گذاري مسكن شمالغرب,7,5159,66731665,13615,12935,12935,-680,-4.99,13614,-1,-0.01,12935,12935,1399-7-30
740,فسا,پتروشيمي فسا,7,19466,57327370,3036,2945,2945,-91,-3.0,3036,0,0.0,2945,2945,1399-7-30
741,ضشنا1035,اختيارخ شپنا-14000-1399/10/23,7,21,105490000,4979,5000,5490,511,10.26,5023,44,0.88,5000,5490,1399-7-30
742,اعتماد2,صندوق س.اعتماد آفرين پارسيان-د,7,60900000,60900000,32924,1,1,-32923,-100.0,1,-32923,-100.0,1,1,1399-7-30
743,ضملي8069,اختيارخ فملي -16750-1399/08/06,7,23,139000000,12000,6000,6000,-6000,-50.0,6043,-5957,-49.64,6000,6500,1399-7-30
744,ضصاد1103,اختيارخ وبصادر-4000-1399/11/12,7,30,21750000,540,700,800,260,48.15,725,185,34.26,700,800,1399-7-30
745,ضصاد8019,اختيارخ وبصادر-4200-1399/08/11,6,215,22014000,99,149,50,-49,-49.49,102,3,3.03,50,149,1399-7-30
746,سفاسي,شركت فارسيت اهواز,6,10214,114284446,11535,11189,11189,-346,-3.0,11533,-2,-0.02,11189,11189,1399-7-30
747,ضصاد8011,اختيارخ وبصادر-2600-1399/08/11,6,79,92168000,841,1200,1168,327,38.88,1167,326,38.76,1100,1280,1399-7-30
748,ثاژن,سخت آژند,6,50603,453807704,9151,8968,8968,-183,-2.0,9142,-9,-0.1,8968,8968,1399-7-30
749,اخزا723,اسنادخزانه-م23بودجه97-000824,6,26680,22080683200,827132,827500,830490,3358,0.41,827612,480,0.06,827490,830490,1399-7-30
750,دروز,داروسازي‌ روزدارو,6,5236,94562160,19010,18060,18060,-950,-5.0,19010,0,0.0,18060,18060,1399-7-30
751,اخزا722,اسنادخزانه-م22بودجه97-000428,6,53200,46942100000,881078,881076,881200,122,0.01,882370,1292,0.15,881076,889000,1399-7-30
752,ضسپا8033,اختيارخ خساپا-6000-1399/08/26,6,99,667000,60,50,40,-20,-33.33,7,-53,-88.33,1,50,1399-7-30
753,ضغدر8044,اختيارخ وغدير-17000-1399/08/26,6,102,45340000,500,500,499,-1,-0.2,445,-55,-11.0,300,500,1399-7-30
754,اخزا716,اسنادخزانه-م16بودجه97-000407,6,7567,6806882740,888002,887304,899990,11988,1.35,899548,11546,1.3,887304,932311,1399-7-30
755,وآتوس,س.آرين توسكا قيمت اسمي 350ريال,6,2936,103118192,36208,35122,35122,-1086,-3.0,36202,-6,-0.02,35122,35122,1399-7-30
756,زعف9908پ09,زعفران9908نگين نوين(پ),6,993,80036620,82673,79410,84350,1677,2.03,80601,-2072,-2.51,79410,84350,1399-7-30
757,تهران012,مشاركت ش تهران012-3ماهه18%,6,3150,2975720200,944728,958000,940000,-4728,-0.5,944673,-55,-0.01,940000,958800,1399-7-30
758,قمرو,قند مرودشت‌,6,1306,43711820,35230,33470,33470,-1760,-5.0,35230,0,0.0,33470,33470,1399-7-30
759,پلاست,كارخانجات توليدي پلاستيران,6,4447,186631696,43265,41968,41968,-1297,-3.0,43253,-12,-0.03,41968,41968,1399-7-30
760,ضصاد8014,اختيارخ وبصادر-3200-1399/08/11,6,192,97017000,552,503,615,63,11.41,505,-47,-8.51,500,615,1399-7-30
761,غشوكو,شوكو پارس,6,904,39907080,45510,44145,44145,-1365,-3.0,45507,-3,-0.01,44145,44145,1399-7-30
762,زنگان,صنعت روي زنگان,6,532,81556132,161369,153301,153301,-8068,-5.0,161355,-14,-0.01,153301,153301,1399-7-30
763,ضفلا8087,اختيارخ فولاد-18775-1399/08/28,5,11,4330000,516,900,310,-206,-39.92,394,-122,-23.64,230,900,1399-7-30
764,ضغدر8035,اختيارخ وغدير-9000-1399/08/26,5,52,200978000,8500,3999,3999,-4501,-52.95,3865,-4635,-54.53,3650,4000,1399-7-30
765,پست9908-08,پسته فندقي32-30زرينمه ولات9908,5,20,28080012,1427885,1400001,1410000,-17885,-1.25,1404001,-23884,-1.67,1400001,1410000,1399-7-30
766,ورازي,بيمه رازي,5,2021,29961325,15283,14825,14825,-458,-3.0,15282,-1,-0.01,14825,14825,1399-7-30
767,ضفلا8082,اختيارخ فولاد-13775-1399/08/28,5,32,59430000,1551,2700,1400,-151,-9.74,1857,306,19.73,1400,2700,1399-7-30
768,ضصاد8013,اختيارخ وبصادر-3000-1399/08/11,5,170,125622000,659,800,750,91,13.81,739,80,12.14,710,800,1399-7-30
769,بالاس,مهندسي ساختمان تاسيسات راه آهن,5,948,44262120,49147,46690,46690,-2457,-5.0,49145,-2,0.0,46690,46690,1399-7-30
770,وايرا,سرمايه گذاري صنايع ايران,5,35500,308672500,9152,8695,8695,-457,-4.99,9145,-7,-0.08,8695,8695,1399-7-30
771,تكنو,تكنوتار,5,6475,94535000,15360,14600,14600,-760,-4.95,15360,0,0.0,14600,14600,1399-7-30
772,ضفلا8068,اختيارخ فولاد-4751-1399/08/28,5,18,260529768,10084,9001,9020,-1064,-10.55,9001,-1083,-10.74,9000,9020,1399-7-30
773,ضصاد8000,اختيارخ وبصادر-1200-1399/08/11,5,36,94001000,2236,2800,2500,264,11.81,2611,375,16.77,2500,2800,1399-7-30
774,ضفلا8090,اختيارخ فولاد-23775-1399/08/28,5,61,6655000,329,350,50,-279,-84.8,109,-220,-66.87,50,350,1399-7-30
775,ضغدر8042,اختيارخ وغدير-15000-1399/08/26,4,52,23000000,576,400,500,-76,-13.19,442,-134,-23.26,400,500,1399-7-30
776,دلقما,دارويي‌ لقمان‌,4,935,31229000,35150,33400,33400,-1750,-4.98,35150,0,0.0,33400,33400,1399-7-30
777,ضملي8082,اختيارخ فملي-39750-1399/08/06,4,82,184000,1,4,2,1,100.0,2,1,100.0,2,4,1399-7-30
778,چافست,افست‌,4,4867,122502390,26490,25170,25170,-1320,-4.98,26490,0,0.0,25170,25170,1399-7-30
779,صينا205,صكوك منفعت سينا دارو-3ماهه 19%,4,25,25240000,1000000,1048000,1000000,0,0.0,1009600,9600,0.96,1000000,1048000,1399-7-30
780,زير0003پ01,زيره سبز0003كيميابذر(پ),4,125,63854910,518941,500000,492994,-25947,-5.0,510839,-8102,-1.56,492994,529000,1399-7-30
781,شستا993,اجاره ت.اجتماعي-كاردان991226,4,325,314080350,962631,960002,980000,17369,1.8,966401,3770,0.39,960002,980000,1399-7-30
782,ضغدر8030,اختيارخ وغدير-6510-1399/08/26,4,32,186000000,6675,6000,6000,-675,-10.11,5812,-863,-12.93,5500,6000,1399-7-30
783,ضملي8059,اختيارخ فملي -8250-1399/08/06,4,7,100020000,10601,14444,14000,3399,32.06,14289,3688,34.79,13800,14444,1399-7-30
784,وپسا,س. پتروشيمي ساختمان  خليج فارس,4,17285,84748355,5161,4903,4903,-258,-5.0,5160,-1,-0.02,4903,4903,1399-7-30
785,ضمخا7030,اختيارخ اخابر-4350-1399/07/30,4,25,261144000,10041,11000,10400,359,3.58,10446,405,4.03,10011,11000,1399-7-30
786,حسير,ريل سير كوثر,4,11750,307250750,27525,26149,26149,-1376,-5.0,27516,-9,-0.03,26149,26149,1399-7-30
787,خنصير,مهندسي‌نصيرماشين‌,4,541,25702910,50010,47510,47510,-2500,-5.0,50010,0,0.0,47510,47510,1399-7-30
788,ثرود,سرمايه‌گذاري مسكن زاينده رود,4,3265,39082050,12600,11970,11970,-630,-5.0,12599,-1,-0.01,11970,11970,1399-7-30
789,فسديد,لوله‌وتجهيزات‌ سديد - ورشكسته,4,727,84097179,116845,115677,115677,-1168,-1.0,116825,-20,-0.02,115677,115677,1399-7-30
790,سنفت001,سلف موازي استاندارد سنفت001,4,666240,700005043200,1045830,1050680,1050680,4850,0.46,1050680,4850,0.46,1050680,1050680,1399-7-30
791,سايرا,ايرانيت‌,4,1908,67791240,36255,35530,35530,-725,-2.0,36250,-5,-0.01,35530,35530,1399-7-30
792,ساذري,آذريت‌,4,3909,23309367,5790,5963,5963,173,2.99,5790,0,0.0,5963,5963,1399-7-30
793,كرونا2,تامين مالي جمعي صرفا اهداي سود,4,280,2800000,10000,10000,10000,0,0.0,10000,0,0.0,10000,10000,1399-7-30
794,ضمخا7050,اختيارخ اخابر-14750-1399/07/30,4,7,6671000,817,1100,51,-766,-93.76,953,136,16.65,51,1110,1399-7-30
795,اطلس2,صندوق س.توسعه اندوخته آينده-س,4,40000,40000,182730,1,1,-182729,-100.0,1,-182729,-100.0,1,1,1399-7-30
796,اخزا718,اسنادخزانه-م18بودجه97-000525,4,27500,23925005000,869691,870000,870002,311,0.04,870000,309,0.04,870000,870002,1399-7-30
797,داريك2,صندوق س.اعتماد داريك-د,3,300000,300000,10042,1,1,-10041,-99.99,1,-10041,-99.99,1,1,1399-7-30
798,ضترا1118,اختيارخ شتران-12000-1399/11/14,3,11,44500000,4500,4000,4500,0,0.0,4045,-455,-10.11,4000,4500,1399-7-30
799,ضغدر8041,اختيارخ وغدير-14000-1399/08/26,3,15,12775000,970,1000,555,-415,-42.78,852,-118,-12.16,555,1000,1399-7-30
800,سخواف,سيمان مجد خواف,3,5500,88781000,16641,16142,16142,-499,-3.0,16639,-2,-0.01,16142,16142,1399-7-30
801,پست0008پ09,پسته بادامي30-28مه ولات0008(پ),3,19,29450000,1604377,1640000,1526000,-78377,-4.89,1550000,-54377,-3.39,1526000,1640000,1399-7-30
802,تملي807,تسهيلات مسكن ب. ملي-مهر98,3,49,33164817,644603,676833,676833,32230,5.0,676833,32230,5.0,676833,676833,1399-7-30
803,ضجار1013,اختيارخ وتجارت-2500-1399/10/21,3,5,4230000,858,780,980,122,14.22,846,-12,-1.4,710,980,1399-7-30
804,ضسپا8016,اختيارخ خساپا-2000-1399/08/26,3,20,23890000,390,1439,950,560,143.59,1194,804,206.15,950,1439,1399-7-30
805,ضسپا8015,اختيارخ خساپا-1900-1399/08/26,3,86,52300000,825,600,614,-211,-25.58,608,-217,-26.3,600,614,1399-7-30
806,خفناور,مهندسي صنعتي روان فن آور,3,1054,25449884,24892,24146,24146,-746,-3.0,24891,-1,0.0,24146,24146,1399-7-30
807,لخانه,لوازم‌ خانگي‌ پارس‌,3,1178,66977546,58615,56857,56857,-1758,-3.0,58609,-6,-0.01,56857,56857,1399-7-30
808,زعف9908پ08,زعفران9908نگين روستا(پ),3,161,13582604,85938,84364,84364,-1574,-1.83,84364,-1574,-1.83,84364,84364,1399-7-30
809,حپترو,حمل و نقل پتروشيمي( سهامي عام,3,1399,41900050,31520,29950,29950,-1570,-4.98,31520,0,0.0,29950,29950,1399-7-30
810,ضفلا8070,اختيارخ فولاد-5775-1399/08/28,3,56,460700000,5600,6050,8000,2400,42.86,8227,2627,46.91,6050,9000,1399-7-30
811,صايپا908,صكوك مرابحه سايپا908-3ماهه 18%,3,25,24753038,990004,990122,990124,120,0.01,990121,117,0.01,990120,990124,1399-7-30
812,وحافظ,بيمه حافظ,3,384,22186752,59564,57778,57778,-1786,-3.0,59562,-2,0.0,57778,57778,1399-7-30
813,نبورس2,نهادهاي مالي بورس اوراق بهادار,3,19896958,1233611396000,62620,62000,62000,-620,-0.99,62000,-620,-0.99,62000,62000,1399-7-30
814,ضغدر8038,اختيارخ وغدير-11000-1399/08/26,3,11,23000000,2339,2100,2000,-339,-14.49,2091,-248,-10.6,2000,2100,1399-7-30
815,اخزا720,اسنادخزانه-م20بودجه97-000324,3,35788,32097673804,896500,894383,896940,440,0.05,896884,384,0.04,894383,896940,1399-7-30
816,ضسپا8022,اختيارخ خساپا-3200-1399/08/26,3,20,12990000,626,849,450,-176,-28.12,649,23,3.67,450,849,1399-7-30
817,وسالت,بانك قرض الحسنه رسالت,3,3600,15408000,4156,4280,4280,124,2.98,4156,0,0.0,4280,4280,1399-7-30
818,ضترا8050,اختيارخ شتران-32752-1399/08/11,3,50,85250,20,1,1,-19,-95.0,1,-19,-95.0,1,1,1399-7-30
819,ياقوت2,صندوق س ياقوت آگاه-ثابت,3,1397000,1397000,11160,1,1,-11159,-99.99,1,-11159,-99.99,1,1,1399-7-30
820,ضملت8032,اختيارخ وبملت-5789-1399/08/28,2,10,16771050,998,410,400,-598,-59.92,405,-593,-59.42,400,410,1399-7-30
821,ضمخا7037,اختيارخ اخابر-2950-1399/07/30,2,2,24500000,15500,12500,12000,-3500,-22.58,12250,-3250,-20.97,12000,12500,1399-7-30
822,ضترا1117,اختيارخ شتران-10000-1399/11/14,2,10,60000000,1,6000,6000,5999,599900.0,6000,5999,599900.0,6000,6000,1399-7-30
823,ضملي8081,اختيارخ فملي-37750-1399/08/06,2,2,409000,2,200,209,207,10350.0,204,202,10100.0,200,209,1399-7-30
824,اراد41,مرابحه عام دولت4-ش.خ 0006,2,1500,1570423000,1024600,1056623,1027600,3000,0.29,1046949,22349,2.18,1027600,1056623,1399-7-30
825,ضغدر8043,اختيارخ وغدير-16000-1399/08/26,2,80,37000000,433,500,400,-33,-7.62,462,29,6.7,400,500,1399-7-30
826,اخزا7232,اسنادخزانه-م23بودجه97-000824,2,784355,649053762500,827132,827500,827500,368,0.04,827500,368,0.04,827500,827500,1399-7-30
827,ضملت8029,اختيارخ وبملت-4582-1399/08/28,2,6,28365850,860,1100,1150,290,33.72,1142,282,32.79,1100,1150,1399-7-30
828,كشم0001پ01,كشمش سبز0001خليل آباد(پ),2,20,7087420,337497,354371,354371,16874,5.0,354371,16874,5.0,354371,354371,1399-7-30
829,ضپاس1001,اختيارخ وپارس-2500-1399/10/30,2,13,19880000,1200,1520,1560,360,30.0,1529,329,27.42,1520,1560,1399-7-30
830,اشاد1,مشاركت دولتي1-شرايط خاص001026,2,2000,2000000000,996000,1000000,1000000,4000,0.4,1000000,4000,0.4,1000000,1000000,1399-7-30
831,آينده,بازرگاني آينده سازان بهشت پارس,2,1450,31991350,22745,22063,22063,-682,-3.0,22744,-1,0.0,22063,22063,1399-7-30
832,ضمخا7036,اختيارخ اخابر-2750-1399/07/30,2,2,25000000,12750,12500,12500,-250,-1.96,12500,-250,-1.96,12500,12500,1399-7-30
833,ضصاد1105,اختيارخ وبصادر-5000-1399/11/12,2,26,13000000,300,500,500,200,66.67,500,200,66.67,500,500,1399-7-30
834,زير0003پ04,زيره سبز0003شركت مينوبذر(پ),2,30,14789820,490058,492994,492994,2936,0.6,492994,2936,0.6,492994,492994,1399-7-30
835,غنيلي,مجتمع توليدي نيلي صنعت كرمان,2,75000,1421250000,18950,18950,18950,0,0.0,18950,0,0.0,18950,18950,1399-7-30
836,ضبدر8061,اختيارخ شبندر-31580-1399/08/18,2,18,42000000,1000,1000,5000,4000,400.0,2333,1333,133.3,1000,5000,1399-7-30
837,ضچاد1012,اختيارخ كچاد-10000-1399/10/02,2,20,130000000,8000,5500,7500,-500,-6.25,6500,-1500,-18.75,5500,7500,1399-7-30
838,ضصاد1100,اختيارخ وبصادر-2500-1399/11/12,2,2,5998000,1769,3000,2998,1229,69.47,2999,1230,69.53,2998,3000,1399-7-30
839,ضفلا8081,اختيارخ فولاد-12775-1399/08/28,2,14,47560000,2500,3390,3400,900,36.0,3397,897,35.88,3390,3400,1399-7-30
840,پشاهن,توليدي پلاستيك‌ شاهين,2,927,7172199,7369,7737,7737,368,4.99,7369,0,0.0,7737,7737,1399-7-30
841,ضصاد8023,اختيارخ وبصادر-5000-1399/08/11,2,12,336000,36,30,6,-30,-83.33,28,-8,-22.22,6,30,1399-7-30
842,ضسپا8007,اختيارخ خساپا-1100-1399/08/26,2,20,30450000,1093,1500,1530,437,39.98,1522,429,39.25,1500,1530,1399-7-30
843,ضپاس1000,اختيارخ وپارس-2000-1399/10/30,2,10,21500000,1680,2200,2100,420,25.0,2150,470,27.98,2100,2200,1399-7-30
844,صايپا203,صكوك مرابحه سايپا203-3ماهه 16%,2,3020,2883760020,952000,938001,955000,3000,0.32,954887,2887,0.3,938001,955000,1399-7-30
845,ضترا8038,اختيارخ شتران-13979-1399/08/11,2,10,17084100,1500,1002,1002,-498,-33.2,1002,-498,-33.2,1002,1002,1399-7-30
846,ضصاد8002,اختيارخ وبصادر-1400-1399/08/11,2,40,90284000,2000,2222,2300,300,15.0,2257,257,12.85,2222,2300,1399-7-30
847,فافزا,فولاد افزا سپاهان,1,1304,61747008,48816,47352,47352,-1464,-3.0,48811,-5,-0.01,47352,47352,1399-7-30
848,ضملت8037,اختيارخ وبملت-8204-1399/08/28,1,100,28987000,80,70,70,-10,-12.5,70,-10,-12.5,70,70,1399-7-30
849,سميعا002,سلف موازي استاندارد سميعا002,1,126980,150649706900,1185839,1186405,1186405,566,0.05,1186405,566,0.05,1186405,1186405,1399-7-30
850,تملي701,تسهيلات مسكن ب. ملي-فروردين97,1,1,1460960,1391391,1460960,1460960,69569,5.0,1460960,69569,5.0,1460960,1460960,1399-7-30
851,وسكهبو,س.عدالت ا. كهگيلويه وبويراحمد,1,41641,47054330,1000,1130,1130,130,13.0,1130,130,13.0,1130,1130,1399-7-30
852,ضملت8030,اختيارخ وبملت-4823-1399/08/28,1,15,59009250,1085,950,950,-135,-12.44,950,-135,-12.44,950,950,1399-7-30
853,معيار,سرمايه گذاري معيار صنعت پارس,1,441,12875877,29792,29197,29197,-595,-2.0,29791,-1,0.0,29197,29197,1399-7-30
854,بمپنا2,توليد برق عسلويه  مپنا,1,3000000,254079000000,84693,84693,84693,0,0.0,84693,0,0.0,84693,84693,1399-7-30
855,اراد354,مرابحه عام دولت3-ش.خ 0103,1,1000000,947220000000,949038,947220,947220,-1818,-0.19,947220,-1818,-0.19,947220,947220,1399-7-30
856,تابا,تابان نيرو سپاهان,1,160,5083680,32755,31773,31773,-982,-3.0,32755,0,0.0,31773,31773,1399-7-30
857,ضملي8072,اختيارخ فملي -19750-1399/08/06,1,5,18000000,3323,3600,3600,277,8.34,3600,277,8.34,3600,3600,1399-7-30
858,تملي805,تسهيلات مسكن ب. ملي-مرداد98,1,1,432771,412163,432771,432771,20608,5.0,432771,20608,5.0,432771,432771,1399-7-30
859,تملي702,تسهيلات مسكن ب. ملي-ارديبهشت97,1,1,1258559,1198628,1258559,1258559,59931,5.0,1258559,59931,5.0,1258559,1258559,1399-7-30
860,ضفلا8088,اختيارخ فولاد-19775-1399/08/28,1,10,7770000,485,777,777,292,60.21,777,292,60.21,777,777,1399-7-30
861,اراد314,مرابحه عام دولت3-ش.خ 0208,1,10000000,8352190000000,1000000,835219,835219,-164781,-16.48,835219,-164781,-16.48,835219,835219,1399-7-30
862,هرمز2,فولاد هرمزگان جنوب,1,24900000,293820000000,11577,11800,11800,223,1.93,11800,223,1.93,11800,11800,1399-7-30
863,ضترا8023,اختيارخ شتران-4886-1399/08/11,1,1,16199205,7412,9501,9501,2089,28.18,9501,2089,28.18,9501,9501,1399-7-30
864,كايتا,ايتالران‌,1,198,1890108,9268,9546,9546,278,3.0,9268,0,0.0,9546,9546,1399-7-30
865,ضپاس7018,اختيارخ وپارس-4600-1399/07/30,1,1,1000,1,1,1,0,0.0,1,0,0.0,1,1,1399-7-30
866,ضپاس7016,اختيارخ وپارس-4200-1399/07/30,1,100,100000,2,1,1,-1,-50.0,1,-1,-50.0,1,1,1399-7-30
867,اجاد22,اجاره دولتي آپرورش-لوتوس991118,1,3000,3030000000,991000,1010000,1010000,19000,1.92,1010000,19000,1.92,1010000,1010000,1399-7-30
868,تملي709,تسهيلات مسكن ب. ملي-آذر97,1,1,695590,662467,695590,695590,33123,5.0,695590,33123,5.0,695590,695590,1399-7-30
869,ضبدر8071,اختيارخ شبندر-65580-1399/08/18,1,9,900000,169,100,100,-69,-40.83,100,-69,-40.83,100,100,1399-7-30
870,ضپار8019,اختيارخ خپارس-3800-1399/08/18,1,2,8000000,4000,4000,4000,0,0.0,4000,0,0.0,4000,4000,1399-7-30
871,ضفلا8091,اختيارخ فولاد-25775-1399/08/28,1,43,4300000,130,100,100,-30,-23.08,100,-30,-23.08,100,100,1399-7-30
872,تملي707,تسهيلات مسكن ب. ملي-مهر97,1,1,1088551,1036716,1088551,1088551,51835,5.0,1088551,51835,5.0,1088551,1088551,1399-7-30
873,ضبدر1149,اختيارخ شبندر-28000-1399/11/19,1,9,112500000,16460,12500,12500,-3960,-24.06,12500,-3960,-24.06,12500,12500,1399-7-30
874,پاكشو4,گروه صنعتي پاكشو,1,5000000,428550000000,81860,85710,85710,3850,4.7,85710,3850,4.7,85710,85710,1399-7-30
875,افران2,صندوق س افرا نماد پايدار-ثابت,1,10000000,10000000,11890,1,1,-11889,-99.99,1,-11889,-99.99,1,1,1399-7-30
876,تملي705,تسهيلات مسكن ب. ملي-مرداد97,1,1,827673,788260,827673,827673,39413,5.0,827673,39413,5.0,827673,827673,1399-7-30
877,كرمان00,رهني كرمان موتور14001130,1,1000,1016307000,994307,1016307,1016307,22000,2.21,1016307,22000,2.21,1016307,1016307,1399-7-30
878,تملي703,تسهيلات مسكن ب. ملي-خرداد97,1,1,689353,656527,689353,689353,32826,5.0,689353,32826,5.0,689353,689353,1399-7-30
879,تملي708,تسهيلات مسكن ب. ملي-آبان97,1,1,440207,419245,440207,440207,20962,5.0,440207,20962,5.0,440207,440207,1399-7-30
880,زعف9908پ12,زعفران9908پوشالمعمول سحرخيز(پ),1,5,412385,84432,82477,82477,-1955,-2.32,82477,-1955,-2.32,82477,82477,1399-7-30
881,ضگل8060,اختيارخ كگل-16100-1399/08/21,1,2,2000000,5500,1000,1000,-4500,-81.82,1000,-4500,-81.82,1000,1000,1399-7-30
882,تملي801,تسهيلات مسكن ب. ملي-فروردين98,1,1,838618,798684,838618,838618,39934,5.0,838618,39934,5.0,838618,838618,1399-7-30
883,ضپنا1021,اختيارخ رمپنا-16106-1399/10/09,1,10,81455000,5554,5500,5500,-54,-0.97,5500,-54,-0.97,5500,5500,1399-7-30
884,فايرا2,آلومينيوم‌ايران‌,1,13000000,269100000000,20410,20700,20700,290,1.42,20700,290,1.42,20700,20700,1399-7-30
885,وسكاب4,س.ص.بازنشستگي كاركنان بانكها,1,25000000,159250000000,6080,6370,6370,290,4.77,6370,290,4.77,6370,6370,1399-7-30
886,شخارك4,پتروشيمي‌ خارك‌,1,3000000,124710000000,41690,41570,41570,-120,-0.29,41570,-120,-0.29,41570,41570,1399-7-30
887,ضمخا1024,اختيارخ اخابر-14000-1399/10/30,1,5,21000000,9600,4200,4200,-5400,-56.25,4200,-5400,-56.25,4200,4200,1399-7-30
888,ضغدر8048,اختيارخ وغدير-22000-1399/08/26,1,1,50000,121,50,50,-71,-58.68,50,-71,-58.68,50,50,1399-7-30
889,گواهي ظرفيت,گواهي ظرفيت نقدي,1,225000,2393775000,10639,10639,10639,0,0.0,10639,0,0.0,10639,10639,1399-7-30
890,ضترا8022,اختيارخ شتران-4593-1399/08/11,1,1,11935000,8800,7000,7000,-1800,-20.45,7000,-1800,-20.45,7000,7000,1399-7-30
891,تملي711,تسهيلات مسكن ب. ملي-بهمن97,1,1,1229590,1171039,1229590,1229590,58551,5.0,1229590,58551,5.0,1229590,1229590,1399-7-30
892,ضترا8039,اختيارخ شتران-15153-1399/08/11,1,15,25575000,9000,1000,1000,-8000,-88.89,1000,-8000,-88.89,1000,1000,1399-7-30
893,ضغدر8046,اختيارخ وغدير-19000-1399/08/26,1,10,2500000,514,250,250,-264,-51.36,250,-264,-51.36,250,250,1399-7-30
894,تشتادح,ح.صنايع توليدي اشتاد ايران‌,1,1000,11652000,12395,11652,11652,-743,-5.99,11652,-743,-5.99,11652,11652,1399-7-30
895,ضغدر8045,اختيارخ وغدير-18000-1399/08/26,1,22,4400000,250,200,200,-50,-20.0,200,-50,-20.0,200,200,1399-7-30
896,ضچاد1016,اختيارخ كچاد-18000-1399/10/02,1,2,5600000,2474,2800,2800,326,13.18,2800,326,13.18,2800,2800,1399-7-30
897,مصفها203,مشاركت ش اصفهان203-3ماهه18%,1,500,475000000,975000,950000,950000,-25000,-2.56,950000,-25000,-2.56,950000,950000,1399-7-30
898,شستا992,اجاره تامين اجتماعي-سپهر991226,1,13,13260000,1019814,1020000,1020000,186,0.02,1020000,186,0.02,1020000,1020000,1399-7-30
899,افق4,فروشگاههاي زنجيره اي افق كوروش,1,5000000,369500000000,70720,73900,73900,3180,4.5,73900,3180,4.5,73900,73900,1399-7-30
900,افاد73,منفعت دولت7-ش.خاص نوين0204,1,25000,21415125000,815815,856605,856605,40790,5.0,856605,40790,5.0,856605,856605,1399-7-30
901,تملي706,تسهيلات مسكن ب. ملي-شهريور97,1,1,564316,537444,564316,564316,26872,5.0,564316,26872,5.0,564316,564316,1399-7-30
902,اخزا819,اسنادخزانه-م19بودجه98-020322,1,997,582501238,615004,584254,584254,-30750,-5.0,584254,-30750,-5.0,584254,584254,1399-7-30
903,ضبدر1150,اختيارخ شبندر-32000-1399/11/19,1,5,41000000,14445,8200,8200,-6245,-43.23,8200,-6245,-43.23,8200,8200,1399-7-30
904,آسام2,صندوق س.آرمان سپهر آشنا-م,1,100000,100000,101225,1,1,-101224,-100.0,1,-101224,-100.0,1,1,1399-7-30
905,تملي612,تسهيلات مسكن بانك ملي-اسفند96,1,7,48047636,6537094,6863948,6863948,326854,5.0,6863948,326854,5.0,6863948,6863948,1399-7-30
906,تملي710,تسهيلات مسكن ب. ملي-دي97,1,15,14041695,891537,936113,936113,44576,5.0,936113,44576,5.0,936113,936113,1399-7-30
907,تملي712,تسهيلات مسكن ب. ملي-اسفند97,1,1,1323454,1260433,1323454,1323454,63021,5.0,1323454,63021,5.0,1323454,1323454,1399-7-30
908,صايپا112,صكوك مرابحه سايپا112-3ماهه 16%,1,10,9800000,980000,980000,980000,0,0.0,980000,0,0.0,980000,980000,1399-7-30
909,رانفور2,خدمات‌انفورماتيك‌,1,6000000,171120000000,29850,28520,28520,-1330,-4.46,28520,-1330,-4.46,28520,28520,1399-7-30
910,زعف9908پ11,زعفران9908نگين سحرخيز(پ),1,20,1687280,87604,84364,84364,-3240,-3.7,84364,-3240,-3.7,84364,84364,1399-7-30
911,ضگل8059,اختيارخ كگل-15100-1399/08/21,1,1,3800000,1799,3800,3800,2001,111.23,3800,2001,111.23,3800,3800,1399-7-30
912,تملي704,تسهيلات مسكن ب. ملي-تير97,1,9,19672695,2081767,2185855,2185855,104088,5.0,2185855,104088,5.0,2185855,2185855,1399-7-30
913,اشاد10,مشاركت دولتي10-شرايط خاص001226,1,17000,16379330000,963999,963490,963490,-509,-0.05,963490,-509,-0.05,963490,963490,1399-7-30
914,ضپاس7015,اختيارخ وپارس-4000-1399/07/30,1,73,73000,1,1,1,0,0.0,1,0,0.0,1,1,1399-7-30
915,تملي802,تسهيلات مسكن ب. ملي-ارديبهشت98,1,1,1394443,1328041,1394443,1394443,66402,5.0,1394443,66402,5.0,1394443,1394443,1399-7-30
916,ضبدر1151,اختيارخ شبندر-36000-1399/11/19,1,10,60000000,7000,6000,6000,-1000,-14.29,6000,-1000,-14.29,6000,6000,1399-7-30
917,ضسپا8038,اختيارخ خساپا-8500-1399/08/26,1,8,16000,150,2,2,-148,-98.67,2,-148,-98.67,2,2,1399-7-30
918,ضفلا8080,اختيارخ فولاد-11775-1399/08/28,1,5,20000000,3494,4000,4000,506,14.48,4000,506,14.48,4000,4000,1399-7-30
919,ضملي8070,اختيارخ فملي -17750-1399/08/06,1,1,4000000,10000,4000,4000,-6000,-60.0,4000,-6000,-60.0,4000,4000,1399-7-30
920,ضفلا8072,اختيارخ فولاد-6775-1399/08/28,1,75,562500000,13224,7500,7500,-5724,-43.28,7500,-5724,-43.28,7500,7500,1399-7-30
921,ضخوز1013,اختيارخ فخوز-10667-1399/10/16,1,10,100000000,10000,10000,10000,0,0.0,10000,0,0.0,10000,10000,1399-7-30
922,ضترا8024,اختيارخ شتران-5181-1399/08/11,1,1,14492500,3501,8500,8500,4999,142.79,8500,4999,142.79,8500,8500,1399-7-30
923,افاد74,منفعت دولت7-ش.خاص ساير0204,1,5000,4919450000,946050,983890,983890,37840,4.0,983890,37840,4.0,983890,983890,1399-7-30
924,تملي804,تسهيلات مسكن ب. ملي-تير98,1,1,551891,525611,551891,551891,26280,5.0,551891,26280,5.0,551891,551891,1399-7-30
925,آبين2,كشت و صنعت آبشيرين,1,18000000,72450000000,4025,4025,4025,0,0.0,4025,0,0.0,4025,4025,1399-7-30
926,اشاد9,مشاركت دولتي9-شرايط خاص990909,1,10000,9950010000,997500,995001,995001,-2499,-0.25,995001,-2499,-0.25,995001,995001,1399-7-30
927,اشاد104,مشاركت دولتي10-شرايط خاص001226,1,70000,66500000000,963999,950000,950000,-13999,-1.45,950000,-13999,-1.45,950000,950000,1399-7-30
928,اراد48,مرابحه عام دولت4-ش.خ 0009,1,1000,1000000000,967060,1000000,1000000,32940,3.41,1000000,32940,3.41,1000000,1000000,1399-7-30
929,شستا004,اجاره تامين اجتماعي-نوين000523,1,11,10890836,990076,990076,990076,0,0.0,990076,0,0.0,990076,990076,1399-7-30
930,ضملي8058,اختيارخ فملي -7750-1399/08/06,1,1,12512000,10495,12512,12512,2017,19.22,12512,2017,19.22,12512,12512,1399-7-30
931,تملي806,تسهيلات مسكن ب. ملي-شهريور98,1,1,388858,370341,388858,388858,18517,5.0,388858,18517,5.0,388858,388858,1399-7-30
932,اراد24,مرابحه عام دولت2-ش.خ ساير0212,1,3000,3075000000,1000000,1025000,1025000,25000,2.5,1025000,25000,2.5,1025000,1025000,1399-7-30
933,ضفلا8086,اختيارخ فولاد-17775-1399/08/28,1,1,1000000,330,1000,1000,670,203.03,1000,670,203.03,1000,1000,1399-7-30
934,اراد334,مرابحه عام دولت3-ش.خ 0303,1,1100000,924000000000,931500,840000,840000,-91500,-9.82,840000,-91500,-9.82,840000,840000,1399-7-30
