,نماد,نام,تعداد,حجم,ارزش,دیروز,اولین,آخرین معامله - مقدار,آخرین معامله - تغییر,آخرین معامله - درصد,قیمت پایانی - مقدار,قیمت پایانی - تغییر,قیمت پایانی - درصد,کمترین,بیشترین,تاریخ
0,پالايش,صندوق پالايشي يکم-سهام,156971,153863929,15287235773700,100780,102500,96750,-4030,-4.0,99360,-1420,-1.41,96750,103900,1399-11-26
1,دارا يكم,صندوق واسطه گري مالي يكم-سهام,86353,57467933,9779783056590,172190,176000,165310,-6880,-4.0,170180,-2010,-1.17,165310,178600,1399-11-26
2,خساپا,سايپا,63746,3033340349,7890787595110,2490,2630,2570,80,3.21,2600,110,4.42,2510,2630,1399-11-26
3,شپنا,پالايش نفت اصفهان,47584,415414104,5565709088090,12930,13450,13680,750,5.8,13400,470,3.63,12950,13700,1399-11-26
4,فملي,ملي‌ صنايع‌ مس‌ ايران‌,40479,448956454,5460930004090,11520,12210,12200,680,5.9,12160,640,5.56,11740,12210,1399-11-26
5,گدنا,تهيه توزيع غذاي دنا آفرين فدك,38393,22485135,677803595082,28458,30165,30165,1707,6.0,30145,1687,5.93,29210,30165,1399-11-26
6,سپيدار,سپيدار سيستم آسيا,37011,3401270,235932494820,65440,69366,69366,3926,6.0,69366,3926,6.0,69366,69366,1399-11-26
7,چخزر,صنايع چوب خزر كاسپين,33994,3278477,206506370507,60008,61788,63608,3600,6.0,62989,2981,4.97,60008,63608,1399-11-26
8,خودرو,ايران‌ خودرو,31944,1101184686,3185183274940,2910,3000,2860,-50,-1.72,2890,-20,-0.69,2860,3000,1399-11-26
9,شستا,سرمايه گذاري تامين اجتماعي,29836,124108923,2903958855120,23680,24000,23210,-470,-1.98,23400,-280,-1.18,23210,24210,1399-11-26
10,فولاد,فولاد مباركه اصفهان,26560,217250609,2774064436130,12580,12750,12570,-10,-0.08,12770,190,1.51,12400,13190,1399-11-26
11,كزغال,زغال سنگ پروده طبس,23693,2392319,62666796205,24713,26195,26195,1482,6.0,26195,1482,6.0,26195,26195,1399-11-26
12,وسپهر,سرمايه گذاري مالي سپهرصادرات,20297,98894008,999106777862,10166,10200,10101,-65,-0.64,10103,-63,-0.62,10100,10200,1399-11-26
13,شتران,پالايش نفت تهران,19887,160394025,1576962874130,9810,10280,9620,-190,-1.94,9830,20,0.2,9620,10280,1399-11-26
14,شاروم,پتروشيمي اروميه,19217,24134891,509883025735,20145,21353,21353,1208,6.0,21126,981,4.87,20306,21353,1399-11-26
15,شبندر,پالايش نفت بندرعباس,18526,149413388,3653241731840,23100,24480,24480,1380,5.97,24450,1350,5.84,23800,24480,1399-11-26
16,خگستر,گسترش‌سرمايه‌گذاري‌ايران‌خودرو,18257,526195895,1772947318480,3400,3460,3340,-60,-1.76,3370,-30,-0.88,3340,3500,1399-11-26
17,غزر,صنعتي زر ماكارون,16196,8451119,241574964990,28240,28970,28480,240,0.85,28580,340,1.2,27690,29550,1399-11-26
18,سنير,سيمان‌ سفيد ني‌ريز,16035,5132026,1403439798420,267100,264330,266570,-530,-0.2,273470,6370,2.38,261760,283120,1399-11-26
19,وتجارت,بانك تجارت,15548,487178183,1456235788200,3030,3100,2970,-60,-1.98,2990,-40,-1.32,2970,3100,1399-11-26
20,بترانس,ايران‌ ترانسفو,15162,436848717,1361246800180,2960,3130,3130,170,5.74,3120,160,5.41,2990,3130,1399-11-26
21,وكبهمن,مديريت سرمايه گذاري كوثربهمن,13854,8467529,117177754788,13998,14327,13719,-279,-1.99,13838,-160,-1.14,13719,14327,1399-11-26
22,سيتا,سرمايه گذاري سيمان تامين,12145,30449052,457352258560,15230,15350,15010,-220,-1.44,15020,-210,-1.38,15000,15350,1399-11-26
23,زملارد,كشاورزي و دامپروري ملارد شير,11832,3572610,131097881484,36428,36900,36061,-367,-1.01,36695,267,0.73,35730,38120,1399-11-26
24,بوعلي,پتروشيمي بوعلي سينا,11756,6389557,290781158990,45590,46890,44680,-910,-2.0,45510,-80,-0.18,44680,46890,1399-11-26
25,ثاميد,توسعه و عمران اميد,10462,88416757,158982834560,1810,1850,1780,-30,-1.66,1800,-10,-0.55,1780,1850,1399-11-26
26,بركت,گروه دارويي بركت,10369,34284103,850102252620,25150,25600,24650,-500,-1.99,24800,-350,-1.39,24650,25600,1399-11-26
27,آوا,صندوق س.سهام آواي معيار-س,10314,103140535,813472588488,8249,8251,7704,-545,-6.61,7887,-362,-4.39,7680,8270,1399-11-26
28,خزر,فنرسازي‌زر,10281,20802155,1089811510830,53130,54630,52070,-1060,-2.0,52390,-740,-1.39,52070,54630,1399-11-26
29,كاما,باما,9670,42779881,670586505220,15790,16000,15480,-310,-1.96,15680,-110,-0.7,15480,16380,1399-11-26
30,بپيوند,برق و انرژي پيوندگستر پارس,9234,9462232,152026316562,15977,16700,15731,-246,-1.54,16067,90,0.56,15658,16700,1399-11-26
31,وبصادر,بانك صادرات ايران,8258,248356409,679591695080,2770,2840,2720,-50,-1.81,2740,-30,-1.08,2720,2840,1399-11-26
32,ولپارس,ليزينگ پارسيان,8051,13475966,73350605980,5490,5600,5390,-100,-1.82,5440,-50,-0.91,5390,5720,1399-11-26
33,پترول,گروه پتروشيمي س. ايرانيان,8019,46907054,494665418690,10610,10850,10400,-210,-1.98,10550,-60,-0.57,10400,10890,1399-11-26
34,امين,تامين سرمايه امين,7976,4857640,51461374070,10790,10700,10580,-210,-1.95,10590,-200,-1.85,10580,10900,1399-11-26
35,قشهد,شهد,7841,28893089,1038297381090,34850,36940,34950,100,0.29,35940,1090,3.13,34200,36940,1399-11-26
36,شگويا,پتروشيمي تندگويان,7750,36538037,331311437166,8980,9440,8901,-79,-0.88,9068,88,0.98,8810,9440,1399-11-26
37,ثالوند,سرمايه گذاري مسكن الوند,7639,29528236,1004584066830,33580,35594,33300,-280,-0.83,34021,441,1.31,32909,35594,1399-11-26
38,ذوب,سهامي ذوب آهن  اصفهان,7487,143029470,643284557595,4566,4660,4475,-91,-1.99,4498,-68,-1.49,4475,4660,1399-11-26
39,رافزا,رايان هم افزا,7378,130777,5764257829,41583,44077,44077,2494,6.0,41853,270,0.65,44077,44077,1399-11-26
40,قثابت,قند ثابت‌ خراسان‌,7333,13754961,968901182430,66910,67230,70920,4010,5.99,70440,3530,5.28,67230,70920,1399-11-26
41,آبادا,توليد نيروي برق آبادان,7257,5036188,77178705680,15510,15850,15220,-290,-1.87,15320,-190,-1.23,15200,16000,1399-11-26
42,بگيلان,توسعه مسير برق گيلان,7249,2808480,60785987665,21783,22256,21521,-262,-1.2,21644,-139,-0.64,21348,22256,1399-11-26
43,فروي,ذوب روي اصفهان,6917,10200286,750397956416,71171,74790,73699,2528,3.55,73566,2395,3.37,70142,75200,1399-11-26
44,شتوكا,توكا رنگ فولاد سپاهان,6772,13679001,796189666062,55096,58401,58401,3305,6.0,58205,3109,5.64,56700,58401,1399-11-26
45,وبملت,بانك ملت,6646,170171912,714624712920,4260,4310,4180,-80,-1.88,4200,-60,-1.41,4180,4340,1399-11-26
46,سحرخيز,صندوق س. گروه زعفران سحرخيز,6510,19481208,204276835264,10935,11100,10200,-735,-6.72,10486,-449,-4.11,10000,11440,1399-11-26
47,ثبهساز,بهساز كاشانه تهران,6359,67940987,174675758260,2610,2660,2560,-50,-1.92,2570,-40,-1.53,2560,2670,1399-11-26
48,درهآور,دارويي ره آورد تامين,6208,11210222,634269952158,53841,57071,57071,3230,6.0,56580,2739,5.09,52765,57071,1399-11-26
49,فارس,صنايع پتروشيمي خليج فارس,6148,42930752,417951277810,9840,10110,9650,-190,-1.93,9740,-100,-1.02,9650,10110,1399-11-26
50,آريا,پليمر آريا ساسول,6133,3460536,278165076282,81812,83500,80176,-1636,-2.0,80382,-1430,-1.75,80176,83500,1399-11-26
51,خزاميا,زامياد,6122,68419511,619018676910,8970,9500,8810,-160,-1.78,9050,80,0.89,8800,9500,1399-11-26
52,كسرام,پارس‌ سرام‌,6076,46627135,462672745460,9410,9740,9970,560,5.95,9920,510,5.42,9480,9970,1399-11-26
53,پيزد,مجتمع صنايع لاستيك يزد,6065,1096268,79907946243,71357,75630,72250,893,1.25,72891,1534,2.15,70300,75630,1399-11-26
54,سبهان,سيمان‌ بهبهان‌,6000,3278153,501104928890,155050,154000,151950,-3100,-2.0,152860,-2190,-1.41,151950,162000,1399-11-26
55,كمند,صندوق س. با درآمد ثابت كمند,5994,269488014,2711198328393,10055,10060,10060,5,0.05,10061,6,0.06,10060,10062,1399-11-26
56,سفار,سيمان‌فارس‌,5842,5479101,855157612790,148340,157240,157240,8900,6.0,156080,7740,5.22,145380,157240,1399-11-26
57,غالبر,لبنيات‌ كالبر,5810,27000132,492486399210,17450,18490,17580,130,0.74,18240,790,4.53,17510,18490,1399-11-26
58,وتوصا,گروه س توسعه صنعتي ايران,5774,29102962,381442570140,12990,13650,12850,-140,-1.08,13110,120,0.92,12740,13650,1399-11-26
59,كرمان,س. توسعه و عمران استان كرمان,5736,9728606,514676541151,53652,54380,52579,-1073,-2.0,52903,-749,-1.4,52579,54700,1399-11-26
60,ومعادن,توسعه‌معادن‌وفلزات‌,5684,45957872,565605212340,12020,12740,12100,80,0.67,12310,290,2.41,11880,12740,1399-11-26
61,وغدير,سرمايه‌گذاري‌غدير(هلدينگ‌,5634,40826338,519570049470,12770,13000,12520,-250,-1.96,12730,-40,-0.31,12520,13200,1399-11-26
62,فرابورس,فرابورس ايران,5601,15180157,548776390329,35363,37484,35860,497,1.41,36151,788,2.23,34980,37484,1399-11-26
63,خبهمن,گروه‌بهمن‌,5504,25413087,585705040190,23050,23650,22590,-460,-2.0,23050,0,0.0,22590,24100,1399-11-26
64,حكشتي,كشتيراني جمهوري اسلامي ايران,5457,23478240,511043474380,22000,22800,21560,-440,-2.0,21770,-230,-1.05,21560,22800,1399-11-26
65,قلرست,قند لرستان‌,5451,15616800,581921584020,35360,37480,35390,30,0.08,37260,1900,5.37,35000,37480,1399-11-26
66,غنوش,نوش‌ مازندران‌,5419,10663372,642638063610,57740,61000,61200,3460,5.99,60270,2530,4.38,57890,61200,1399-11-26
67,ثشاهد,سرمايه‌ گذاري‌ شاهد,5256,26980294,566658811720,21030,21200,20690,-340,-1.62,21000,-30,-0.14,20610,21920,1399-11-26
68,حريل,ريل پردازسير,5185,105640942,608611155098,5504,5580,5834,330,6.0,5761,257,4.67,5510,5834,1399-11-26
69,كالا,بورس كالاي ايران,5154,16505207,603925981200,34680,36760,36760,2080,6.0,36590,1910,5.51,35380,36760,1399-11-26
70,وپويا,سرمايه گذاري پويا,5122,38702627,269199635707,6895,7308,6758,-137,-1.99,6956,61,0.88,6758,7308,1399-11-26
71,فاسمين,كالسيمين‌,5045,41837787,722767693260,16490,17470,17270,780,4.73,17280,790,4.79,16750,17470,1399-11-26
72,وپارس,بانك‌پارسيان‌,5022,180990306,599478038420,3360,3400,3300,-60,-1.79,3310,-50,-1.49,3300,3420,1399-11-26
73,لپارس,پارس‌ الكتريك‌,4940,3699344,378866395220,97210,103040,103040,5830,6.0,102410,5200,5.35,97000,103040,1399-11-26
74,فزرين,زرين معدن آسيا,4936,23297231,617643983807,25489,27018,27018,1529,6.0,26511,1022,4.01,25600,27018,1399-11-26
75,شبريز,پالايش نفت تبريز,4839,18477994,521650513230,28350,29000,27790,-560,-1.98,28230,-120,-0.42,27790,29450,1399-11-26
76,خودكفا,اقتصادي و خودكفايي آزادگان,4834,15314594,399678091041,25968,26747,25999,31,0.12,26098,130,0.5,25449,26747,1399-11-26
77,سرو,صندوق س سروسودمند مدبران-سهام,4789,6013007,411413670770,69880,70000,67450,-2430,-3.48,68420,-1460,-2.09,67400,70000,1399-11-26
78,وخارزم,سرمايه گذاري خوارزمي,4787,43693090,413441718320,9580,9900,9390,-190,-1.98,9460,-120,-1.25,9390,9900,1399-11-26
79,فاراك,ماشين‌ سازي‌ اراك‌,4603,57246011,319261753900,5360,5680,5510,150,2.8,5580,220,4.1,5420,5680,1399-11-26
80,بالبر,كابل‌ البرز,4600,7420946,322601527950,42180,44710,43990,1810,4.29,43470,1290,3.06,41440,44710,1399-11-26
81,ملت,بيمه ملت,4586,37170864,666102452670,16970,17980,17750,780,4.6,17920,950,5.6,17250,17980,1399-11-26
82,غگل,گلوكوزان‌,4481,59905902,229330231980,3870,3970,3800,-70,-1.81,3830,-40,-1.03,3800,3980,1399-11-26
83,وساپا,سرمايه‌گذاري‌ سايپا,4412,104078118,664099392230,6040,6400,6400,360,5.96,6380,340,5.63,6210,6400,1399-11-26
84,سخاش,سيمان‌خاش‌,4398,1720125,304828274790,176190,184990,175740,-450,-0.26,177210,1020,0.58,172670,186600,1399-11-26
85,خپارس,پارس‌ خودرو,4377,66390071,419389027590,6360,6500,6240,-120,-1.89,6320,-40,-0.63,6240,6580,1399-11-26
86,فخوز,فولاد  خوزستان,4377,34685007,484653735850,14060,13780,13780,-280,-1.99,13970,-90,-0.64,13780,14470,1399-11-26
87,كاوه,فولاد كاوه جنوب كيش,4255,36365427,684204132260,18940,19010,18590,-350,-1.85,18810,-130,-0.69,18570,19290,1399-11-26
88,آگاس,صندوق س.هستي بخش آگاه-س,4184,5210585,349985513984,68767,69500,66300,-2467,-3.59,67168,-1599,-2.33,66000,69500,1399-11-26
89,حفاري,حفاري شمال,4078,30912939,368091418620,11910,12450,11800,-110,-0.92,11910,0,0.0,11680,12450,1399-11-26
90,حآسا,آسيا سير ارس,4032,6758586,295082614698,42885,43743,42679,-206,-0.48,43660,775,1.81,42028,45458,1399-11-26
91,نهال,صندوق س. طلاي سرخ نوويرا,4032,6679651,66608495518,10000,10950,9795,-205,-2.05,9972,-28,-0.28,9600,10950,1399-11-26
92,چكاپا,گروه صنايع كاغذ پارس,3987,48051997,267938792460,5610,5910,5500,-110,-1.96,5580,-30,-0.53,5500,5910,1399-11-26
93,چفيبر,فيبر ايران‌,3879,19634001,275423311310,13350,14150,14150,800,5.99,14030,680,5.09,13420,14150,1399-11-26
94,ختوقا,قطعات‌ اتومبيل‌ ايران‌,3717,59575360,169536415080,2790,2950,2820,30,1.08,2850,60,2.15,2750,2950,1399-11-26
95,نوري,پتروشيمي نوري,3640,4903762,275594204690,56190,58300,55200,-990,-1.76,56200,10,0.02,55070,58300,1399-11-26
96,كمرجان,بازرگاني و توليدي مرجان كار,3633,2542177,382595094541,147983,156861,145024,-2959,-2.0,150499,2516,1.7,145024,156861,1399-11-26
97,ثاخت,بين‌المللي‌توسعه‌ساختمان,3631,57875638,183573566800,3200,3290,3140,-60,-1.88,3170,-30,-0.94,3140,3290,1399-11-26
98,وصنعت,سرمايه گذاري توسعه صنعت وتجارت,3572,34416847,243887072030,7070,7280,7350,280,3.96,7090,20,0.28,6930,7360,1399-11-26
99,غپاك,لبنيات‌ پاك‌,3266,22992125,389823931100,16240,17210,17210,970,5.97,16950,710,4.37,16110,17210,1399-11-26
100,صبا,سرمايه گذاري صبا تامين,3168,13772783,109420704862,8046,8220,7886,-160,-1.99,7956,-90,-1.12,7886,8220,1399-11-26
101,دانا,بيمه دانا,3096,33748387,224599384710,6670,6900,6550,-120,-1.8,6660,-10,-0.15,6540,7000,1399-11-26
102,وآوا,سرمايه گذاري آوا نوين,3029,21815046,196837781546,8589,9104,9104,515,6.0,9023,434,5.05,8700,9104,1399-11-26
103,ضسپا1103,اختيارخ خساپا-2500-1399/11/26,2977,167514,2681311000,51,83,1,-50,-98.04,16,-35,-68.63,1,83,1399-11-26
104,غگيلا,شيرپاستوريزه پگاه گيلان,2968,42693,1002986649,22164,23493,23493,1329,6.0,22189,25,0.11,23493,23493,1399-11-26
105,بالاس,مهندسي ساختمان تاسيسات راه آهن,2965,3244506,201102005644,62856,64400,61599,-1257,-2.0,61982,-874,-1.39,61599,64400,1399-11-26
106,غگرجي,بيسكويت‌  گرجي‌,2962,8238391,163025666760,20000,20900,19600,-400,-2.0,19790,-210,-1.05,19600,20900,1399-11-26
107,بجهرم,توسعه مولد نيروگاهي جهرم,2958,37129218,117814075885,3189,3320,3126,-63,-1.98,3173,-16,-0.5,3126,3320,1399-11-26
108,چكارن,كارتن‌ ايران‌,2956,77009469,286387192880,3520,3730,3730,210,5.97,3720,200,5.68,3600,3730,1399-11-26
109,نطرين,عطرين نخ قم,2947,17499383,208742421764,11722,11960,12040,318,2.71,11929,207,1.77,11488,12400,1399-11-26
110,ورنا,سرمايه‌گذاري‌ رنا(هلدينگ‌,2928,40058066,242551212850,5940,6290,5980,40,0.67,6050,110,1.85,5830,6290,1399-11-26
111,كلر,كلر پارس,2928,2491403,370447289663,150145,158300,147143,-3002,-2.0,148690,-1455,-0.97,147143,158300,1399-11-26
112,فسرب,ملي‌ سرب‌وروي‌ ايران‌,2915,2382855,211658904390,85000,90100,87770,2770,3.26,88830,3830,4.51,86700,90100,1399-11-26
113,غچين,كشت‌ و صنعت‌ چين‌ چين,2896,11317962,236363751550,19940,21130,20670,730,3.66,20880,940,4.71,19980,21130,1399-11-26
114,غديس,پاكديس,2883,16815159,239090702186,13492,14208,14301,809,6.0,14219,727,5.39,13560,14301,1399-11-26
115,سدور,سيمان‌ دورود,2854,15682944,345903430320,22270,21910,21830,-440,-1.98,22060,-210,-0.94,21830,22860,1399-11-26
116,غشهداب,كشت و صنعت شهداب ناب خراسان,2844,38095799,156316381607,4140,4320,4058,-82,-1.98,4103,-37,-0.89,4058,4320,1399-11-26
117,كپارس,كاشي‌ پارس‌,2838,2117789,361658018770,170030,174800,172900,2870,1.69,170770,740,0.44,166630,178990,1399-11-26
118,ونيكي,سرمايه‌گذاري‌ ملي‌ايران‌,2804,11179584,132555998810,11700,12400,11670,-30,-0.26,11860,160,1.37,11480,12400,1399-11-26
119,خنصير,مهندسي‌نصيرماشين‌,2803,2932344,285913318450,92620,95640,98170,5550,5.99,97500,4880,5.27,92950,98170,1399-11-26
120,فرآور,فرآوري‌موادمعدني‌ايران‌,2744,9927629,367243352710,35320,36000,37430,2110,5.97,36990,1670,4.73,36000,37430,1399-11-26
121,سكرد,سيمان كردستان,2744,17577572,188674819170,10250,10860,10860,610,5.95,10730,480,4.68,10310,10860,1399-11-26
122,ونيرو,سرمايه‌گذاري‌نيرو,2739,57953020,166166024370,2850,3000,2830,-20,-0.7,2870,20,0.7,2800,3000,1399-11-26
123,ضسپا1102,اختيارخ خساپا-2000-1399/11/26,2735,124502,51667789000,418,520,401,-17,-4.07,415,-3,-0.72,360,520,1399-11-26
124,وپست,پست بانك ايران,2716,21941589,394208045640,17210,17880,17970,760,4.42,17970,760,4.42,16960,18240,1399-11-26
125,خفنر,فنرسازي‌خاور,2674,9607964,205185914930,21670,21800,21240,-430,-1.98,21360,-310,-1.43,21240,22120,1399-11-26
126,ارزش,صندوق س ارزش آفرين بيدار-سهام,2662,23153265,243842555370,10810,10920,10380,-430,-3.98,10530,-280,-2.59,10380,10920,1399-11-26
127,خمحركه,نيرو محركه‌,2625,21276398,106776427130,5070,5240,4970,-100,-1.97,5020,-50,-0.99,4970,5240,1399-11-26
128,شسينا,صنايع‌شيميايي‌سينا,2608,1456818,205992314490,134730,142810,138000,3270,2.43,141400,6670,4.95,136000,142810,1399-11-26
129,خكار,ايركا پارت صنعت,2597,12503675,249048742450,18920,20050,20050,1130,5.97,19920,1000,5.29,19400,20050,1399-11-26
130,غبهنوش,بهنوش‌ ايران‌,2535,2710302,216869643880,80560,85390,78950,-1610,-2.0,80020,-540,-0.67,78950,85390,1399-11-26
131,وآذر,سرمايه‌گذاري‌توسعه‌آذربايجان‌,2511,2631553,235973321460,90210,94000,88500,-1710,-1.9,89670,-540,-0.6,88410,94500,1399-11-26
132,وتوكا,سرمايه‌گذاري‌توكافولاد(هلدينگ,2508,30962342,372393884310,11380,12060,12060,680,5.98,12030,650,5.71,11630,12060,1399-11-26
133,شفارس,صنايع‌ شيميايي‌ فارس‌,2503,9932929,543108529830,53670,56890,52600,-1070,-1.99,54680,1010,1.88,52600,56890,1399-11-26
134,زاگرس,پتروشيمي زاگرس,2496,794784,157843069554,201735,206481,197701,-4034,-2.0,198599,-3136,-1.55,197701,206481,1399-11-26
135,سفارس,سيمان فارس و خوزستان,2494,14043244,268434652410,19260,19950,19000,-260,-1.35,19110,-150,-0.78,18880,19950,1399-11-26
136,سقاين,سيمان‌ قائن‌,2444,2291581,191236090610,83830,85720,84000,170,0.2,83450,-380,-0.45,82160,87000,1399-11-26
137,مدير,ص.س.مديريت ثروت ص.بازنشستگي-س,2415,12625880,127956218795,10392,10570,9977,-415,-3.99,10134,-258,-2.48,9977,10570,1399-11-26
138,ماديرا,صنايع ماشين هاي اداري ايران,2412,15539649,149092119572,9717,9991,9523,-194,-2.0,9594,-123,-1.27,9523,9991,1399-11-26
139,كگل,معدني و صنعتي گل گهر,2379,16452551,298673419670,18410,18420,18070,-340,-1.85,18150,-260,-1.41,18050,18490,1399-11-26
140,وسكاب,س.ص.بازنشستگي كاركنان بانكها,2378,40603741,287627718060,7080,7300,7050,-30,-0.42,7080,0,0.0,6940,7340,1399-11-26
141,حفارس,حمل و نقل بين المللي خليج فارس,2372,29340793,146896367590,5050,5250,4950,-100,-1.98,5010,-40,-0.79,4950,5250,1399-11-26
142,ساروم,سيمان‌اروميه‌,2364,5254351,206037912020,39560,40000,38770,-790,-2.0,39210,-350,-0.88,38770,40400,1399-11-26
143,ساربيل,سيمان آرتا اردبيل,2346,4083160,222324078520,55050,56000,53950,-1100,-2.0,54450,-600,-1.09,53950,57000,1399-11-26
144,سدبير,س. تدبيرگران فارس وخوزستان,2339,3959629,378693117425,94301,98000,92500,-1801,-1.91,95639,1338,1.42,92415,99959,1399-11-26
145,خرينگ,رينگ‌سازي‌مشهد,2329,3663819,176050575650,48110,50900,47150,-960,-2.0,48050,-60,-0.12,47150,50900,1399-11-26
146,تبرك,گروه كارخانجات صنعتي تبرك,2302,7337718,124839453892,16655,17654,17150,495,2.97,17013,358,2.15,16322,17654,1399-11-26
147,كبافق,معادن‌ بافق‌,2281,2621433,149674887950,57960,59500,56810,-1150,-1.98,57100,-860,-1.48,56810,59500,1399-11-26
148,تملت,تامين سرمايه بانك ملت,2267,14089194,89662987130,6440,6590,6320,-120,-1.86,6360,-80,-1.24,6320,6600,1399-11-26
149,فالوم,آلومتك‌,2266,7898581,286495775022,37122,35638,35639,-1483,-3.99,36272,-850,-2.29,35638,38899,1399-11-26
150,وتوس,توسعه‌شهري‌توس‌گستر,2266,10038460,162785908190,16480,16610,16160,-320,-1.94,16220,-260,-1.58,16160,16650,1399-11-26
151,فاما,صنعتي‌ آما,2236,5083744,118786356970,23030,24400,23100,70,0.3,23370,340,1.48,22600,24400,1399-11-26
152,شيران,س. صنايع‌شيميايي‌ايران,2225,6340493,195641437580,31120,31560,30500,-620,-1.99,30860,-260,-0.84,30500,31680,1399-11-26
153,ثباغ,شهر سازي و خانه سازي باغميشه,2222,8445613,131881341988,15266,15650,16181,915,5.99,15615,349,2.29,14961,16181,1399-11-26
154,تكنو,تكنوتار,2170,7048679,178462058610,25150,25900,24760,-390,-1.55,25320,170,0.68,24650,26400,1399-11-26
155,دفارا,داروسازي‌ فارابي‌,2163,5479006,369806152890,65930,67000,69800,3870,5.87,67500,1570,2.38,64620,69880,1399-11-26
156,حتوكا,حمل‌ونقل‌توكا,2160,4439924,138672324180,31400,32400,30780,-620,-1.97,31230,-170,-0.54,30780,32500,1399-11-26
157,قشكر,شكرشاهرود,2149,25541372,102414007820,3910,4120,3970,60,1.53,4010,100,2.56,3840,4130,1399-11-26
158,ونوين,بانك‌اقتصادنوين‌,2130,63134181,265183203400,4250,4310,4170,-80,-1.88,4200,-50,-1.18,4170,4380,1399-11-26
159,امين يكم,صندوق درآمد ثابت امين يكم فردا,2127,67487257,690472566458,10220,10230,10233,13,0.13,10231,11,0.11,10223,10237,1399-11-26
160,كپشير,پشم‌شيشه‌ايران‌,2126,4600772,175300083740,37500,39750,36760,-740,-1.97,38100,600,1.6,36750,39750,1399-11-26
161,تاپيكو,س. نفت و گاز و پتروشيمي تأمين,2117,12797417,164542176050,13030,12850,12770,-260,-2.0,12860,-170,-1.3,12770,13400,1399-11-26
162,قصفها,قنداصفهان‌,2108,778496,141597261230,174610,185080,177980,3370,1.93,181890,7280,4.17,175000,185080,1399-11-26
163,غويتاح,ح . ويتانا,2098,7150686,100262773665,13871,14398,13980,109,0.79,14021,150,1.08,13640,14699,1399-11-26
164,كچاد,معدني‌وصنعتي‌چادرملو,2076,12326095,253996489840,20940,21000,20530,-410,-1.96,20610,-330,-1.58,20530,21210,1399-11-26
165,لخزر,پارس‌ خزر,2072,877269,164388212700,177470,180430,188110,10640,6.0,187390,9920,5.59,178190,188110,1399-11-26
166,كترام,توليدي‌ كاشي‌ تكسرام‌,2071,7101039,319910852400,43290,44160,45880,2590,5.98,45050,1760,4.07,43010,45880,1399-11-26
167,سرود,سيمان‌شاهرود,2053,6092605,125451639940,20600,21400,20780,180,0.87,20590,-10,-0.05,20190,21550,1399-11-26
168,دروز,داروسازي‌ روزدارو,2045,4913983,138263645610,28040,27480,28530,490,1.75,28140,100,0.36,27480,29100,1399-11-26
169,تاصيكو,سرمايه گذاري صدرتامين,2041,25759558,275098497680,10750,11090,10540,-210,-1.95,10680,-70,-0.65,10540,11090,1399-11-26
170,وملي,گروه‌ صنعتي‌ ملي‌ (هلدينگ‌,2033,856717,154670759650,183610,186500,179940,-3670,-2.0,180540,-3070,-1.67,179940,186500,1399-11-26
171,اخابر,مخابرات ايران,2021,13658144,149477297330,11010,11470,10790,-220,-2.0,10940,-70,-0.64,10790,11470,1399-11-26
172,اعتماد,صندوق س.اعتماد آفرين پارسيان-د,1998,54300200,1892704611440,34838,34855,34861,23,0.07,34856,18,0.05,34855,34861,1399-11-26
173,مفاخر,توسعه فناوري اطلاعات خوارزمي,1984,7680867,491327204223,60431,64056,64056,3625,6.0,63968,3537,5.85,61700,64056,1399-11-26
174,بكهنوج,توليد برق ماهتاب كهنوج,1971,32811726,65891985973,1981,2098,1998,17,0.86,2008,27,1.36,1950,2098,1399-11-26
175,فباهنر,مس‌ شهيدباهنر,1949,2392649,129897802180,54780,55550,53690,-1090,-1.99,54290,-490,-0.89,53690,56940,1399-11-26
176,كماسه,تامين‌ ماسه‌ ريخته‌گري‌,1938,2898486,135930201970,47540,49000,46590,-950,-2.0,46900,-640,-1.35,46590,49000,1399-11-26
177,غپينو,پارس‌ مينو,1913,15531791,107572209510,6880,7000,6860,-20,-0.29,6930,50,0.73,6860,7100,1399-11-26
178,ختراك,ريخته‌گري‌ تراكتورسازي‌ ايران‌,1910,9768463,158227354520,15980,16930,15690,-290,-1.81,16200,220,1.38,15670,16930,1399-11-26
179,غسالم,سالمين‌,1897,20222589,90937589650,4560,4700,4470,-90,-1.97,4500,-60,-1.32,4470,4700,1399-11-26
180,ديران,ايران‌دارو,1886,4543152,119293376260,26630,27300,26100,-530,-1.99,26260,-370,-1.39,26100,27300,1399-11-26
181,وثنو,سرمايه گذاري ساختماني نوين,1868,5664262,96940822721,17397,18000,17210,-187,-1.07,17114,-283,-1.63,16528,18000,1399-11-26
182,پاكشو,گروه صنعتي پاكشو,1851,1861011,148654199730,81090,80500,79800,-1290,-1.59,79880,-1210,-1.49,79470,81500,1399-11-26
183,چكاوهح,ح . صنايع‌كاغذسازي‌كاوه‌,1842,11778109,129904335360,10800,11400,10780,-20,-0.19,11030,230,2.13,10370,11760,1399-11-26
184,ساوه,سيمان ساوه,1822,2084595,124087601970,56157,59526,59526,3369,6.0,59526,3369,6.0,59526,59526,1399-11-26
185,خصدرا,صنعتي‌ دريايي‌ ايران‌,1817,32475039,115932568214,3635,3680,3563,-72,-1.98,3570,-65,-1.79,3563,3680,1399-11-26
186,ارفع,شركت آهن و فولاد ارفع,1814,12809188,172661592971,12933,13708,13200,267,2.06,13480,547,4.23,12933,13708,1399-11-26
187,كوثر,بيمه كوثر,1790,10634738,166924638764,15905,16223,15587,-318,-2.0,15696,-209,-1.31,15587,16500,1399-11-26
188,تليسه,دامداري تليسه نمونه,1780,16061638,69811177222,4405,4560,4317,-88,-2.0,4346,-59,-1.34,4317,4560,1399-11-26
189,حسير,ريل سير كوثر,1778,8322921,144568100458,16706,17020,17708,1002,6.0,17370,664,3.97,16372,17708,1399-11-26
190,كاردان,صندوق س تجارت شاخصي كاردان,1769,1278218,210292617820,169500,168050,163440,-6060,-3.58,164520,-4980,-2.94,162720,171000,1399-11-26
191,بنو,بيمه تجارت نو,1768,5101936,188946477578,37572,37600,36821,-751,-2.0,37034,-538,-1.43,36821,38990,1399-11-26
192,زمگسا,كشاورزي‌ ودامپروي‌ مگسال‌,1764,3479099,106263396640,30910,31700,30300,-610,-1.97,30540,-370,-1.2,30300,31700,1399-11-26
193,تاپكيش,تجارت الكترونيك پارسيان كيش,1755,4309611,87905120516,20597,21260,20186,-411,-2.0,20397,-200,-0.97,20186,21260,1399-11-26
194,آسيا,بيمه آسيا,1736,30043197,73983172080,2500,2530,2450,-50,-2.0,2460,-40,-1.6,2450,2530,1399-11-26
195,قرن,پديده شيمي قرن,1720,2286276,150747700300,66710,66800,65380,-1330,-1.99,65940,-770,-1.15,65380,68400,1399-11-26
196,خشرق,الكتريك‌ خودرو شرق‌,1717,7218992,120342677200,16270,17240,16600,330,2.03,16670,400,2.46,16140,17240,1399-11-26
197,ميهن,بيمه ميهن,1683,19114235,89030460495,4738,4840,4644,-94,-1.98,4658,-80,-1.69,4644,4840,1399-11-26
198,دتوليد,داروسازي توليد دارو,1641,4543415,131175611577,28674,30000,28250,-424,-1.48,28872,198,0.69,28101,30000,1399-11-26
199,آپ,آسان پرداخت پرشين,1614,6311692,112526639250,17830,18190,17840,10,0.06,17830,0,0.0,17480,18500,1399-11-26
200,پارسان,گسترش نفت و گاز پارسيان,1613,11057416,221409978800,20260,21000,19860,-400,-1.97,20020,-240,-1.18,19860,21000,1399-11-26
201,نوين,بيمه نوين,1604,17093917,104542277496,6207,6250,6085,-122,-1.97,6116,-91,-1.47,6083,6330,1399-11-26
202,ختور,رادياتور ايران‌,1600,3777302,91653528950,24420,25880,23940,-480,-1.97,24260,-160,-0.66,23940,25880,1399-11-26
203,رمپنا,گروه مپنا (سهامي عام),1578,13565135,242348663010,17850,18200,17550,-300,-1.68,17870,20,0.11,17500,18650,1399-11-26
204,بورس,بورس اوراق بهادار تهران,1571,2997986,131022515420,43940,46400,43090,-850,-1.93,43700,-240,-0.55,43070,46410,1399-11-26
205,پاسا,ايران‌ياساتايرورابر,1561,4882463,137462543140,28210,29300,27650,-560,-1.99,28150,-60,-0.21,27650,29300,1399-11-26
206,وبانك,سرمايه گذاري گروه توسعه ملي,1559,10885955,93776347720,8630,8980,8470,-160,-1.85,8610,-20,-0.23,8460,8980,1399-11-26
207,ولشرق,ليزينگ ايران و شرق,1528,15429070,124911892200,7660,8117,8119,459,5.99,8096,436,5.69,7920,8119,1399-11-26
208,افق,فروشگاههاي زنجيره اي افق كوروش,1525,1223646,97080893810,80740,80200,79150,-1590,-1.97,79340,-1400,-1.73,79130,82000,1399-11-26
209,آريان,سرمايه گذاري پارس آريان,1522,44104389,548259899660,12073,12435,12434,361,2.99,12431,358,2.97,12235,12435,1399-11-26
210,غگلپا,شير پاستوريزه پگاه گلپايگان,1498,1621600,118161180802,71844,74000,73000,1156,1.61,72867,1023,1.42,70408,75227,1399-11-26
211,دعبيد,لابراتوارداروسازي‌  دكترعبيدي‌,1496,3010022,72992593420,24510,25030,24450,-60,-0.24,24250,-260,-1.06,24020,25030,1399-11-26
212,لابسا,آبسال‌,1496,1606199,79405790730,49550,51990,48560,-990,-2.0,49440,-110,-0.22,48560,51990,1399-11-26
213,كروي,توسعه‌ معادن‌ روي‌ ايران‌,1495,4219995,128006571240,30710,30100,30100,-610,-1.99,30330,-380,-1.24,30100,32000,1399-11-26
214,تپمپي,پمپ‌ سازي‌ ايران‌,1495,6467738,135067163140,19910,21100,21090,1180,5.93,20880,970,4.87,19750,21100,1399-11-26
215,هرمز,فولاد هرمزگان جنوب,1490,13290467,181829944928,13862,13862,13585,-277,-2.0,13681,-181,-1.31,13585,14036,1399-11-26
216,كطبس,ذغال‌سنگ‌ نگين‌ ط‌بس‌,1489,3161318,255406468520,77040,78870,77200,160,0.21,80790,3750,4.87,77200,81660,1399-11-26
217,كرازي,كارخانجات‌توليدي‌شيشه‌رازي‌,1487,3769613,90571526180,24360,24120,23880,-480,-1.97,24030,-330,-1.35,23880,24850,1399-11-26
218,البرز,بيمه البرز,1486,41126309,163659016560,4040,4130,3960,-80,-1.98,3980,-60,-1.49,3960,4200,1399-11-26
219,مرقام,ايران‌ارقام‌,1482,6036654,111415645080,17890,18830,18190,300,1.68,18460,570,3.19,17550,18850,1399-11-26
220,وسپه,سرمايه‌گذاري‌ سپه‌,1477,15480433,121303339830,7640,8090,7680,40,0.52,7840,200,2.62,7550,8090,1399-11-26
221,ددام,داروسازي زاگرس فارمد پارس,1467,5268233,110623493940,21020,22200,20600,-420,-2.0,21000,-20,-0.1,20600,22200,1399-11-26
222,وسپهح,ح . سرمايه‌گذاري‌ سپه‌,1458,11967572,67235306080,5700,6000,5480,-220,-3.86,5620,-80,-1.4,5480,6000,1399-11-26
223,ولغدر,ليزينگ‌خودروغدير,1453,4268033,86494988430,20550,21290,20140,-410,-2.0,20270,-280,-1.36,20140,21290,1399-11-26
224,بكام,كارخانجات توليدي شهيد قندي,1452,18719796,63408442820,3440,3460,3380,-60,-1.74,3390,-50,-1.45,3380,3510,1399-11-26
225,والبر,سرمايه‌ گذاري‌ البرز(هلدينگ‌,1436,7842310,133390809150,17300,17470,16960,-340,-1.97,17010,-290,-1.68,16960,17470,1399-11-26
226,كسرا,سراميك‌هاي‌صنعتي‌اردكان‌,1433,7421156,173276220210,23640,23910,23170,-470,-1.99,23350,-290,-1.23,23170,24500,1399-11-26
227,سخزر,سيمان‌ خزر,1417,3249056,105861359500,32920,34500,32270,-650,-1.97,32580,-340,-1.03,32270,34500,1399-11-26
228,ولساپا,ليزينگ رايان‌ سايپا,1416,30889777,118783657010,3910,3950,3840,-70,-1.79,3850,-60,-1.53,3840,3950,1399-11-26
229,بشهاب,لامپ‌  پارس‌ شهاب‌,1393,1306971,181811886120,132010,139930,130000,-2010,-1.52,139110,7100,5.38,130000,139930,1399-11-26
230,دزهراويح,ح . ‌داروسازي‌زهراوي‌,1390,6147569,42276313990,6970,6990,6730,-240,-3.44,6880,-90,-1.29,6700,7460,1399-11-26
231,شكلر,نيروكلر,1353,3845678,221161736110,56030,58000,56520,490,0.87,57510,1480,2.64,55120,59390,1399-11-26
232,ومهان,گروه توسعه مالي مهر آيندگان,1351,8087709,111744549110,13961,14101,13682,-279,-2.0,13817,-144,-1.03,13682,14264,1399-11-26
233,قهكمت,قندهكمتان‌,1348,5048263,233788915970,43970,45290,46600,2630,5.98,46310,2340,5.32,43120,46600,1399-11-26
234,وبوعلي,سرمايه‌گذاري‌بوعلي‌,1347,12876292,78577584900,6150,6300,6030,-120,-1.95,6100,-50,-0.81,6030,6490,1399-11-26
235,دزهراوي,داروسازي‌زهراوي‌,1343,6573601,55159672010,8500,8840,8330,-170,-2.0,8390,-110,-1.29,8330,8840,1399-11-26
236,شغدير,پتروشيمي غدير,1335,2012472,126411788342,62588,66330,62000,-588,-0.94,62814,226,0.36,61337,66330,1399-11-26
237,فنوال,نورد آلومينيوم‌,1331,4394584,127643178170,29150,30060,28570,-580,-1.99,29050,-100,-0.34,28570,30060,1399-11-26
238,وبشهر,توسعه‌ صنايع‌ بهشهر(هلدينگ,1327,9290135,118563854840,12170,12850,12580,410,3.37,12760,590,4.85,12260,12900,1399-11-26
239,لسرما,سرما آفرين‌,1323,3021165,82816523740,27230,28700,27600,370,1.36,27410,180,0.66,26690,28700,1399-11-26
240,انرژي3,سايراشخاص بورس انرژي,1315,325936,98758235270,308160,304000,302000,-6160,-2.0,303000,-5160,-1.67,302000,311000,1399-11-26
241,وايرا,سرمايه گذاري صنايع ايران,1311,7966621,89946156678,11342,11678,11116,-226,-1.99,11290,-52,-0.46,11116,11682,1399-11-26
242,رنيك,جنرال مكانيك,1311,2446396,54309502764,21757,22888,21980,223,1.02,22200,443,2.04,21610,22888,1399-11-26
243,ثشرق,سرمايه گذاري مسكن شمال شرق,1305,21562989,114778983720,5390,5520,5400,10,0.19,5320,-70,-1.3,5290,5520,1399-11-26
244,دماوند,توليد نيروي برق دماوند,1302,1765979,87105248996,50262,50690,49257,-1005,-2.0,49324,-938,-1.87,49257,50690,1399-11-26
245,ودي,بيمه  دي,1293,7608031,171485716199,22812,23500,22356,-456,-2.0,22540,-272,-1.19,22356,23500,1399-11-26
246,ولانا,شركت ليزينگ آريا دانا,1290,4652817,165425832395,34566,35602,35602,1036,3.0,35554,988,2.86,34000,35602,1399-11-26
247,كپرور,فرآوري زغال سنگ پروده طبس,1285,2833696,119706638593,40056,40490,42459,2403,6.0,42244,2188,5.46,39600,42459,1399-11-26
248,فيروزه,صندوق شاخص30 شركت فيروزه- سهام,1275,983101,146009891710,150420,153990,145320,-5100,-3.39,148520,-1900,-1.26,145100,154000,1399-11-26
249,خكرمان,گروه اقتصادي كرمان خودرو,1266,17041382,72743893035,4324,4420,4238,-86,-1.99,4269,-55,-1.27,4238,4420,1399-11-26
250,چافست,افست‌,1260,4027879,63685734480,15950,15800,16000,50,0.31,15810,-140,-0.88,15640,16500,1399-11-26
251,وكارح,ح . بانك‌ كارآفرين‌,1254,50135022,70918460940,1450,1460,1400,-50,-3.45,1410,-40,-2.76,1400,1500,1399-11-26
252,سشرق,سيمان‌ شرق‌,1249,10195206,76211875500,7520,7610,7370,-150,-1.99,7480,-40,-0.53,7370,7730,1399-11-26
253,ستران,سيمان‌ تهران‌,1240,3259587,89919809860,28020,29000,27460,-560,-2.0,27590,-430,-1.53,27460,29000,1399-11-26
254,كساپا,سايپاشيشه‌,1235,3302387,134084121550,41260,41900,40440,-820,-1.99,40600,-660,-1.6,40440,41900,1399-11-26
255,وشهر,بانك شهر,1234,16264020,96500242171,6153,6140,5950,-203,-3.3,5933,-220,-3.58,5907,6140,1399-11-26
256,ريشمك,توليد و صادرات ريشمك,1223,1809345,106403087136,59165,60300,57982,-1183,-2.0,58808,-357,-0.6,57982,60848,1399-11-26
257,فروس,فروسيليس‌ ايران‌,1220,8929276,46008820220,5190,5390,5090,-100,-1.93,5160,-30,-0.58,5090,5390,1399-11-26
258,اتكاي,بيمه اتكايي ايرانيان,1216,7716906,104074457830,13626,13510,13480,-146,-1.07,13487,-139,-1.02,13354,14050,1399-11-26
259,سشمال,سيمان‌ شمال‌,1215,5835451,67913311700,11690,12350,11930,240,2.05,11640,-50,-0.43,11460,12350,1399-11-26
260,طلا,صندوق س.پشتوانه طلاي لوتوس,1205,650217,56391486283,88600,88420,87100,-1500,-1.69,86727,-1873,-2.11,85509,88420,1399-11-26
261,پكوير,كوير تاير,1199,5520480,80592358140,14680,15000,14390,-290,-1.98,14600,-80,-0.54,14390,15150,1399-11-26
262,زكوثر,سرمايه گذاري كشاورزي كوثر,1199,4036330,88656566240,22240,22850,21800,-440,-1.98,21960,-280,-1.26,21800,22850,1399-11-26
263,سمازن,سيمان‌مازندران‌,1199,5859908,65709725380,11180,11700,11360,180,1.61,11210,30,0.27,10960,11700,1399-11-26
264,شگل,گلتاش‌,1178,4321972,107356547490,24930,25300,25200,270,1.08,24840,-90,-0.36,24440,25440,1399-11-26
265,شصدف,صنعتي دوده فام,1177,183955,5424832950,27821,29490,29490,1669,6.0,27991,170,0.61,29490,29490,1399-11-26
266,وساخت,سرمايه‌ گذاري‌ ساختمان‌ايران‌,1176,2168594,108043242090,50710,51070,49700,-1010,-1.99,49820,-890,-1.76,49700,51990,1399-11-26
267,وايران,ليزينگ ايرانيان,1174,7579967,81123559490,10900,10990,10690,-210,-1.93,10700,-200,-1.83,10690,11000,1399-11-26
268,خاهن,آهنگري‌ تراكتورسازي‌ ايران‌,1167,4036795,153417689690,38240,38700,38000,-240,-0.63,38000,-240,-0.63,38000,38700,1399-11-26
269,شلرد,كود شيميايي اوره لردگان,1167,12648611,90024688272,7250,7220,7105,-145,-2.0,7117,-133,-1.83,7105,7240,1399-11-26
270,ركيش,كارت اعتباري ايران كيش,1141,3597674,94731231400,25520,26750,26560,1040,4.08,26330,810,3.17,25700,26940,1399-11-26
271,خچرخش,چرخشگر,1136,6845128,118760965890,16380,17360,17360,980,5.98,17350,970,5.92,17000,17360,1399-11-26
272,خپويش,سازه‌ پويش‌,1131,1116283,61000162870,54870,57950,53830,-1040,-1.9,54650,-220,-0.4,53780,57950,1399-11-26
273,افرا,افرانت,1119,2667079,85809828330,32439,33800,31791,-648,-2.0,32174,-265,-0.82,31791,33800,1399-11-26
274,سامان,بانك سامان,1115,20487649,193487387650,9517,9795,9328,-189,-1.99,9444,-73,-0.77,9327,9795,1399-11-26
275,كيان,صندوق س. با درآمد ثابت كيان,1111,18749874,509366587580,27154,27165,27168,14,0.05,27166,12,0.04,27165,27170,1399-11-26
276,سنوين,سرمايه گذاري اقتصاد نوين,1110,8781994,90049528855,10148,10452,10452,304,3.0,10254,106,1.04,9946,10452,1399-11-26
277,كهمدا,شيشه‌ همدان‌,1098,4506592,48529094800,10900,11540,10720,-180,-1.65,10780,-120,-1.1,10690,11540,1399-11-26
278,خاذين,سايپاآذين‌,1092,17421503,83962427580,4880,5000,4790,-90,-1.84,4820,-60,-1.23,4790,5090,1399-11-26
279,شپديس,پتروشيمي پرديس,1089,3132117,304549215900,99090,97200,97110,-1980,-2.0,97230,-1860,-1.88,97110,99470,1399-11-26
280,فاذر,صنايع‌ آذرآب‌,1075,3944234,103138185100,26480,27020,25960,-520,-1.96,26150,-330,-1.25,25960,27580,1399-11-26
281,فنفت,صنايع تجهيزات نفت,1075,3679773,118707134841,31343,32600,32910,1567,5.0,32259,916,2.92,30090,32910,1399-11-26
282,كسعدي,كاشي‌ سعدي‌,1066,3902705,69256560040,17980,18400,17630,-350,-1.95,17750,-230,-1.28,17630,18400,1399-11-26
283,گكوثر,هتل پارسيان كوثر اصفهان,1063,17982017,47211016942,2678,2624,2624,-54,-2.02,2628,-50,-1.87,2624,2650,1399-11-26
284,شسپا,نفت سپاهان,1056,3710886,88319258970,24080,24600,23600,-480,-1.99,23800,-280,-1.16,23600,24600,1399-11-26
285,اوصتا2,صندوق انديشه ورزان صباتامين -د,1054,105400000,105400000,17891,1,1,-17890,-99.99,1,-17890,-99.99,1,1,1399-11-26
286,قچار,فراوردههاي غذايي وقند چهارمحال,1043,1637273,144082833906,89589,87798,87798,-1791,-2.0,88002,-1587,-1.77,87798,90000,1399-11-26
287,خريخت,صنايع‌ريخته‌گري‌ايران‌,1039,23629968,88023986480,3790,3850,3720,-70,-1.85,3730,-60,-1.58,3720,3850,1399-11-26
288,غپآذر,شير پگاه آذربايجان شرقي,1034,1094137,73515909480,68387,69071,67020,-1367,-2.0,67191,-1196,-1.75,67020,69071,1399-11-26
289,سيمرغ,سيمرغ,1028,2889674,47688827890,16660,17420,16330,-330,-1.98,16520,-140,-0.84,16330,17420,1399-11-26
290,ونفت,سرمايه‌گذاري‌ صنعت‌ نفت‌,1017,5232133,89093619490,16930,17690,17040,110,0.65,17030,100,0.59,16710,17700,1399-11-26
291,سبزوا,سيمان لار سبزوار,1015,10313464,38566943423,3796,3850,3721,-75,-1.98,3753,-43,-1.13,3721,3850,1399-11-26
292,غويتا,ويتانا,1011,2751381,51110805848,18915,19140,18537,-378,-2.0,18576,-339,-1.79,18537,19140,1399-11-26
293,وليز,ليزينگ‌ايران‌,1009,12760978,101155841180,7490,7870,7930,440,5.87,7930,440,5.87,7700,7930,1399-11-26
294,سمگا,گروه سرمايه گذاري ميراث فرهنگي,1009,5602081,172762077897,31344,31370,30718,-626,-2.0,30839,-505,-1.61,30718,31370,1399-11-26
295,سرچشمه,سرمايه گذاري مس سرچشمه,1006,5531083,39639750037,7204,7450,7073,-131,-1.82,7176,-28,-0.39,7060,7490,1399-11-26
296,پلاسك,پلاسكوكار,991,5917022,48392481970,8250,8580,8090,-160,-1.94,8180,-70,-0.85,8090,8580,1399-11-26
297,همراه,شركت ارتباطات سيار ايران,991,2429507,65456423820,27080,27810,26570,-510,-1.88,26990,-90,-0.33,26540,27950,1399-11-26
298,بميلا,توسعه بازرگاني آهن وفولادميلاد,989,3374154,72071076753,21299,22150,20650,-649,-3.05,21360,61,0.29,20570,22150,1399-11-26
299,سفانو,سيمان فارس نو,989,2137011,86768746660,40640,41060,39830,-810,-1.99,40600,-40,-0.1,39830,42630,1399-11-26
300,غبشهر,صنعتي‌ بهشهر,987,6293833,135621780050,20720,21950,21140,420,2.03,21550,830,4.01,20780,21960,1399-11-26
301,رانفور,خدمات‌انفورماتيك‌,980,3314397,86676381570,26640,26650,26110,-530,-1.99,26160,-480,-1.8,26110,27000,1399-11-26
302,غپونه,نوش پونه مشهد,980,4234379,95688684761,21970,22011,22629,659,3.0,22598,628,2.86,22011,22629,1399-11-26
303,تسه9910,امتياز تسهيلات مسكن دي99,969,14245,9263974289,622140,653246,653247,31107,5.0,650332,28192,4.53,610019,653247,1399-11-26
304,غشان,شيرپاستوريزه‌پگاه‌خراسان‌,967,12175690,82684321000,6420,6800,6800,380,5.92,6790,370,5.76,6580,6800,1399-11-26
305,شفن,پتروشيمي فناوران,965,366924,107020364000,295890,299800,289980,-5910,-2.0,291670,-4220,-1.43,289980,299800,1399-11-26
306,پسهند,صنايع‌ لاستيكي‌  سهند,962,1402310,66350605830,45780,48440,46200,420,0.92,47320,1540,3.36,45420,48520,1399-11-26
307,فايرا,آلومينيوم‌ايران‌,957,2906597,78748160840,27420,28270,26910,-510,-1.86,27090,-330,-1.2,26880,28270,1399-11-26
308,وملل,اعتباري ملل,944,10250862,162571672440,16002,16033,15850,-152,-0.95,15859,-143,-0.89,15682,16300,1399-11-26
309,ثغرب,شركت سرمايه گذاري مسكن شمالغرب,943,16976380,128829733121,7162,7591,7591,429,5.99,7589,427,5.96,7400,7591,1399-11-26
310,بزاگرس,نيروگاه زاگرس كوثر,933,5874393,39588169135,6838,7001,6702,-136,-1.99,6760,-78,-1.14,6702,7078,1399-11-26
311,شاراك,پتروشيمي شازند,931,5852015,143424640900,24870,24750,24380,-490,-1.97,24510,-360,-1.45,24380,24900,1399-11-26
312,ثاباد,توريستي ورفاهي آبادگران ايران,931,1872130,106670454560,57050,58900,55910,-1140,-2.0,56980,-70,-0.12,55910,58900,1399-11-26
313,پارسيان,بيمه پارسيان,924,4634323,51936125270,10700,11230,11250,550,5.14,11190,490,4.58,10910,11340,1399-11-26
314,واتي,سرمايه‌ گذاري‌ آتيه‌ دماوند,919,6956080,87190378430,12660,12900,12410,-250,-1.97,12530,-130,-1.03,12410,13000,1399-11-26
315,غاذر,كشت‌وصنعت‌پياذر,917,929466,51224008470,55280,57500,54180,-1100,-1.99,55110,-170,-0.31,54180,58490,1399-11-26
316,خمهر,مهركام‌پارس‌,914,19007181,46398319190,2470,2510,2430,-40,-1.62,2440,-30,-1.21,2430,2510,1399-11-26
317,قنيشا,قند  نيشابور,913,1232537,78000256000,64160,64200,62880,-1280,-2.0,63280,-880,-1.37,62880,65600,1399-11-26
318,فن آوا,گروه فن آوا,913,6064345,127463428881,20233,21244,21244,1011,5.0,21018,785,3.88,19990,21244,1399-11-26
319,گوهران,سرمايه گذاري توسعه گوهران اميد,912,27504724,195889800852,6975,7220,7393,418,5.99,7122,147,2.11,7050,7393,1399-11-26
320,چدن,توليدي چدن سازان,901,2977569,78215651610,26660,26970,26130,-530,-1.99,26270,-390,-1.46,26130,26970,1399-11-26
321,زپارس,ملي كشت و صنعت و دامپروري پارس,900,644522,113376111500,168090,171500,178170,10080,6.0,175910,7820,4.65,164940,178170,1399-11-26
322,مبين,مبين انرژي خليج فارس,888,4811792,72405754500,15140,15160,14870,-270,-1.78,15080,-60,-0.4,14840,15520,1399-11-26
323,ثعمرا,عمران و توسعه شاهد,881,7386127,92219885722,12556,12910,12650,94,0.75,12486,-70,-0.56,12305,12910,1399-11-26
324,حتايد,تايدواترخاورميانه,878,5457297,126257272860,23410,23980,22950,-460,-1.96,23140,-270,-1.15,22950,24340,1399-11-26
325,دبالك,مواد اوليه دارويي البرز بالك,877,2656842,53077198040,20343,20860,19937,-406,-2.0,19978,-365,-1.79,19937,20860,1399-11-26
326,ميدكو,هلدينگ صنايع  معدني خاورميانه,876,8699074,275677014184,31560,32000,31700,140,0.44,31690,130,0.41,31590,32000,1399-11-26
327,كاريس,صندوق س.سپهر كاريزما-س,867,6409915,73524831773,11638,12000,11380,-258,-2.22,11470,-168,-1.44,11212,12000,1399-11-26
328,دكپسول,توليد ژلاتين كپسول ايران,859,1854685,60874444165,33224,34300,32560,-664,-2.0,32822,-402,-1.21,32560,34300,1399-11-26
329,ثرود,سرمايه‌گذاري مسكن زاينده رود,859,5129520,87277682251,17296,17449,16951,-345,-1.99,17015,-281,-1.62,16951,17950,1399-11-26
330,سغرب,سيمان‌غرب‌,857,2481400,76053734150,30980,31070,30370,-610,-1.97,30650,-330,-1.07,30370,32000,1399-11-26
331,كفرآور,فرآورده هاي سيمان شرق,845,3637607,96362472437,25799,26107,26572,773,3.0,26491,692,2.68,26102,26572,1399-11-26
332,تكمبا,كمباين‌ سازي‌ ايران‌,842,9395309,76620680440,8310,8250,8150,-160,-1.93,8160,-150,-1.81,8150,8250,1399-11-26
333,وپترو,سرمايه‌گذاري صنايع پتروشيمي‌,840,3760544,61766298700,16210,17000,16210,0,0.0,16420,210,1.3,15890,17000,1399-11-26
334,فخاس,فولاد خراسان,838,6276737,180306176340,27110,28730,28730,1620,5.98,28730,1620,5.98,28150,28730,1399-11-26
335,وكادو,تكادو,828,4505995,96718381164,21774,22081,21339,-435,-2.0,21464,-310,-1.42,21339,22200,1399-11-26
336,وتوسم,سرمايه‌گذاري‌توسعه‌ملي‌,826,4900270,61262847980,12640,12900,12390,-250,-1.98,12500,-140,-1.11,12390,13000,1399-11-26
337,ضخود2007,اختيارخ خودرو-3000-1400/02/08,820,36534,11049020000,329,397,282,-47,-14.29,302,-27,-8.21,276,397,1399-11-26
338,غفارس,شير پاستوريزه پگاه فارس,819,7046288,106363717360,14241,15095,15095,854,6.0,15095,854,6.0,15095,15095,1399-11-26
339,ثمسكن,سرمايه‌گذاري‌ مسكن‌,809,8580408,44118949960,5200,5300,5100,-100,-1.92,5150,-50,-0.96,5100,5390,1399-11-26
340,وصنا,گروه‌صنايع‌بهشهرايران‌,806,6745964,40991964480,6160,6230,6040,-120,-1.95,6090,-70,-1.14,6040,6330,1399-11-26
341,قپيرا,فرآورده‌هاي‌غدايي‌وقندپيرانشهر,802,589682,63901475980,109860,115300,107670,-2190,-1.99,108370,-1490,-1.36,107670,115300,1399-11-26
342,سخوز,سيمان خوزستان,790,3533306,82864757970,23600,24440,23130,-470,-1.99,23450,-150,-0.64,23130,24440,1399-11-26
343,شدوص,دوده‌ صنعتي‌ پارس‌,789,3064838,96213512850,31970,31340,31340,-630,-1.97,31390,-580,-1.81,31340,31900,1399-11-26
344,كحافظ,كاشي‌ وسراميك‌ حافظ‌,788,3204315,43734574800,13880,13900,13610,-270,-1.95,13680,-200,-1.44,13610,13980,1399-11-26
345,حسينا,توسعه خدمات دريايي وبندري سينا,778,1696470,120143367765,71988,73400,70549,-1439,-2.0,70820,-1168,-1.62,70549,73400,1399-11-26
346,فسازان,غلتك سازان سپاهان,778,2099679,76643603660,37110,37870,36370,-740,-1.99,36500,-610,-1.64,36370,37870,1399-11-26
347,زدشت,كشت و صنعت دشت خرم دره,770,2003137,65464382012,33346,32680,32680,-666,-2.0,32681,-665,-1.99,32680,33000,1399-11-26
348,هاي وب,داده گسترعصرنوين-هاي وب,770,5259242,118952524790,22990,23000,22540,-450,-1.96,22620,-370,-1.61,22540,23000,1399-11-26
349,واحيا,م .صنايع و معادن احياء سپاهان,764,688704,101510597952,148569,153026,145800,-2769,-1.86,147394,-1175,-0.79,145598,153026,1399-11-26
350,شبهرن,نفت‌ بهران‌,763,1438169,86093864160,60530,62000,59330,-1200,-1.98,59860,-670,-1.11,59330,62000,1399-11-26
351,بخاور,بيمه زندگي خاورميانه,759,6404420,47327718250,7100,7526,7417,317,4.46,7353,253,3.56,7164,7526,1399-11-26
352,فلات,گروه صنايع معادن فلات ايرانيان,757,5205930,67496508255,12609,12710,12987,378,3.0,12965,356,2.82,12600,12987,1399-11-26
353,تسه9908,امتياز تسهيلات مسكن آبان99,747,14873,9628832229,621243,625305,652305,31062,5.0,647403,26160,4.21,625305,652305,1399-11-26
354,سكرما,سيمان‌ كرمان‌,746,3100198,60225001240,19760,20700,19370,-390,-1.97,19430,-330,-1.67,19370,20700,1399-11-26
355,بموتو,موتوژن‌,743,852098,50916780900,60650,62020,59440,-1210,-2.0,59760,-890,-1.47,59440,62100,1399-11-26
356,تنوين,تامين سرمايه نوين,743,13129419,84101188250,6500,6650,6390,-110,-1.69,6410,-90,-1.38,6370,6660,1399-11-26
357,هجرت,پخش هجرت,742,1146531,30009252622,26026,26200,26140,114,0.44,26114,88,0.34,25530,26600,1399-11-26
358,آتيمس,صندوق س.آرمان آتيه درخشان مس-س,741,556417,101682215730,185211,185210,183000,-2211,-1.19,182745,-2466,-1.33,180000,188000,1399-11-26
359,شپترو,پتروشيمي آبادان,741,9627054,43202004821,4559,4600,4468,-91,-2.0,4488,-71,-1.56,4468,4630,1399-11-26
360,وسينا,بانك سينا,737,16345719,59565242820,3700,3770,3630,-70,-1.89,3640,-60,-1.62,3630,3800,1399-11-26
361,شپارس,بين‌ المللي‌ محصولات‌  پارس‌,728,2477709,43978200650,16900,17910,17910,1010,5.98,17590,690,4.08,17060,17910,1399-11-26
362,تماوند,تامين سرمايه دماوند,722,5011786,92392415171,17642,18197,18524,882,5.0,18435,793,4.49,17643,18524,1399-11-26
363,جم,پتروشيمي جم,722,1655895,54714544630,33290,34850,32870,-420,-1.26,33150,-140,-0.42,32630,34850,1399-11-26
364,سصوفي,سيمان‌ صوفيان‌,719,3405420,56663106420,16930,17700,16600,-330,-1.95,16640,-290,-1.71,16600,17700,1399-11-26
365,شلعاب,لعابيران‌,717,3407735,58572192870,17470,17700,17130,-340,-1.95,17190,-280,-1.6,17130,17750,1399-11-26
366,ولملت,واسپاري ملت,716,4185608,35540497220,8640,8640,8470,-170,-1.97,8530,-110,-1.27,8470,8800,1399-11-26
367,بمپنا,توليد برق عسلويه  مپنا,710,2403917,184333868548,73156,74790,77545,4389,6.0,76681,3525,4.82,73210,77545,1399-11-26
368,وبهمن,سرمايه‌گذاري‌بهمن‌,709,2149367,37845986500,17010,18000,17400,390,2.29,17430,420,2.47,17000,18030,1399-11-26
369,حبندر,دريايي و کشتيراني خط دريابندر,709,1701767,55448055002,32021,31430,32981,960,3.0,32583,562,1.76,31381,32981,1399-11-26
370,خموتور,موتورسازان‌تراكتورسازي‌ايران‌,705,2696260,41323384250,15510,16000,15200,-310,-2.0,15360,-150,-0.97,15200,16000,1399-11-26
371,بساما,بيمه سامان,702,3050974,72857502470,22709,24071,24071,1362,6.0,23880,1171,5.16,23330,24071,1399-11-26
372,رتكو,كنترل‌خوردگي‌تكين‌كو,696,2747524,56130545840,20730,21020,20320,-410,-1.98,20430,-300,-1.45,20320,21500,1399-11-26
373,شكربن,كربن‌ ايران‌,693,725088,75640466630,106340,104650,104220,-2120,-1.99,104320,-2020,-1.9,104220,106700,1399-11-26
374,زشگزا,شير و گوشت زاگرس شهركرد,687,3514636,29492525815,8546,8609,8376,-170,-1.99,8454,-92,-1.08,8376,8609,1399-11-26
375,پرديس,سرمايه گذاري پرديس,686,5434737,36445900500,6800,6950,6680,-120,-1.76,6730,-70,-1.03,6670,6960,1399-11-26
376,خمحور,توليدمحورخودرو,684,1227720,75806253310,61830,64800,61900,70,0.11,61750,-80,-0.13,60600,64890,1399-11-26
377,خكاوه,سايپا ديزل,684,10264338,43311594951,4298,4270,4213,-85,-1.98,4220,-78,-1.81,4213,4317,1399-11-26
378,فنرژي,گسترش صنايع انرژي آذرآب,681,2540010,48468181943,19463,19074,19074,-389,-2.0,19082,-381,-1.96,19074,19303,1399-11-26
379,سپاها,سيمان‌سپاهان‌,680,5545770,52368239660,9600,9800,9410,-190,-1.98,9440,-160,-1.67,9410,9800,1399-11-26
380,فولاژ,فولاد آلياژي ايران,675,3191713,50462990740,16070,16960,15750,-320,-1.99,15860,-210,-1.31,15750,16960,1399-11-26
381,كگاز,شيشه‌ و گاز,673,1880952,33208786590,17850,18360,17600,-250,-1.4,17720,-130,-0.73,17500,18360,1399-11-26
382,كسعديح,ح . كاشي‌ سعدي‌,672,2668525,37141365030,14420,14550,13850,-570,-3.95,13920,-500,-3.47,13850,14590,1399-11-26
383,سيستم,همكاران سيستم,669,1545159,41258225540,26400,27870,26040,-360,-1.36,26630,230,0.87,26010,27870,1399-11-26
384,فلوله,لوله‌وماشين‌سازي‌ايران‌,661,4133509,92358978890,22760,22760,22310,-450,-1.98,22340,-420,-1.85,22310,22760,1399-11-26
385,رتاپ,تجارت الكترونيك  پارسيان,661,3083217,18967381710,6150,6340,6100,-50,-0.81,6150,0,0.0,6030,6340,1399-11-26
386,كساوه,صنايع‌ كاشي‌ و سراميك‌ سينا,656,1217811,79320631650,66080,66500,66210,130,0.2,65130,-950,-1.44,64760,66500,1399-11-26
387,حپترو,حمل و نقل پتروشيمي( سهامي عام,649,2325150,123445902590,50260,53270,53270,3010,5.99,53090,2830,5.63,51310,53270,1399-11-26
388,كگهر,سنگ آهن گهرزمين,644,1385539,64275822193,46591,47470,46500,-91,-0.2,46483,-108,-0.23,45700,47480,1399-11-26
389,داروح,ح . كارخانجات‌داروپخش,642,1241326,33788772670,27700,27600,26600,-1100,-3.97,27220,-480,-1.73,26600,28690,1399-11-26
390,كشرق,صنعتي و معدني شمال شرق شاهرود,639,737377,74045090144,102182,104870,100139,-2043,-2.0,100417,-1765,-1.73,100139,104870,1399-11-26
391,اعتلا,شركت سرمايه گذاري اعتلاء البرز,638,3581536,26133714037,7352,7600,7269,-83,-1.13,7324,-28,-0.38,7205,7640,1399-11-26
392,دارو,كارخانجات‌داروپخش‌,636,815576,28350421070,33750,35770,33500,-250,-0.74,34310,560,1.66,33100,35770,1399-11-26
393,اطلس,صندوق س.توسعه اندوخته آينده-س,635,184589,38409394519,210307,212990,206100,-4207,-2.0,208081,-2226,-1.06,205500,212990,1399-11-26
394,وآرين,شركت توسعه اقتصادي آرين,634,4508383,19087930604,4219,4300,4180,-39,-0.92,4233,14,0.33,4145,4339,1399-11-26
395,سدشت,صنايع سيمان دشتستان,634,792315,37018664850,45860,48610,46870,1010,2.2,46470,610,1.33,46000,48610,1399-11-26
396,توريل,توکاريل,623,2420930,64253729852,26953,27650,26414,-539,-2.0,26541,-412,-1.53,26414,27650,1399-11-26
397,ثفارس,عمران‌وتوسعه‌فارس‌,622,4881116,59744859840,12480,12240,12240,-240,-1.92,12240,-240,-1.92,12240,12240,1399-11-26
398,بسويچ,پارس‌سويچ‌,615,1234459,63760437600,48910,51840,51840,2930,5.99,51650,2740,5.6,47940,51840,1399-11-26
399,سهگمت,سيمان‌هگمتان‌,614,1403679,35366773470,24430,25590,25780,1350,5.53,24930,500,2.05,24140,25880,1399-11-26
400,دلقما,دارويي‌ لقمان‌,612,2325077,56364873550,24640,24980,24150,-490,-1.99,24240,-400,-1.62,24150,24990,1399-11-26
401,كمينا,شيشه سازي مينا,607,1737157,47304971165,28561,28700,27133,-1428,-5.0,27231,-1330,-4.66,27133,28700,1399-11-26
402,ثزاگرس,سرمايه گذاري توسعه عمران زاگرس,603,912265,67776600144,70830,74370,74371,3541,5.0,74295,3465,4.89,72235,74371,1399-11-26
403,وملت,سرمايه گذاري ملت,600,5365421,25935916115,4767,4862,4862,95,1.99,4834,67,1.41,4767,4862,1399-11-26
404,شپاكسا,پاكسان‌,598,2211064,65416448450,30120,29800,30000,-120,-0.4,29590,-530,-1.76,29520,30970,1399-11-26
405,ولبهمن,شركت بهمن ليزينگ,595,6260547,54479911883,8876,8720,8699,-177,-1.99,8702,-174,-1.96,8699,8945,1399-11-26
406,شخارك,پتروشيمي‌ خارك‌,595,1630417,70752068560,43460,44400,42600,-860,-1.98,43410,-50,-0.12,42600,44790,1399-11-26
407,شاملا,معدني‌ املاح‌  ايران‌,594,554292,30357144120,52810,55000,54880,2070,3.92,53950,1140,2.16,52050,55970,1399-11-26
408,تسه9909,امتياز تسهيلات مسكن آذر99,593,8882,5747245346,618421,618421,649342,30921,5.0,647067,28646,4.63,618000,649342,1399-11-26
409,وصندوق,سرمايه‌گذاري‌صندوق‌بازنشستگي‌,593,6325527,88917188880,14300,14150,14020,-280,-1.96,14120,-180,-1.26,14020,14500,1399-11-26
410,سيدكو,سرمايه گذاري توسعه صنايع سيمان,588,3623093,22353612800,6040,6270,6240,200,3.31,6100,60,0.99,6000,6330,1399-11-26
411,كنور,توسعه معدني و صنعتي صبانور,580,1201259,54856576180,46230,47200,45310,-920,-1.99,45670,-560,-1.21,45310,47200,1399-11-26
412,زكشت,كشاورزي مكانيزه اصفهان كشت,580,4620857,177130631174,36164,38333,38333,2169,6.0,38333,2169,6.0,37259,38333,1399-11-26
413,شوينده,مديريت صنعت شوينده ت.ص.بهشهر,574,2007958,65434968770,32750,32960,32120,-630,-1.92,32590,-160,-0.49,32100,33480,1399-11-26
414,سمتاز,سيمان ممتازان كرمان,573,1567785,31204962303,19834,20299,20344,510,2.57,19904,70,0.35,19456,20429,1399-11-26
415,اميد,تامين سرمايه اميد,570,4598269,35068331330,7750,7750,7600,-150,-1.94,7660,-90,-1.16,7600,7850,1399-11-26
416,ما,بيمه  ما,570,3753477,32957331450,8770,9150,8750,-20,-0.23,8780,10,0.11,8670,9150,1399-11-26
417,ثپرديس,سرمايه گذاري مسكن پرديس,569,3407871,34281314452,10238,10300,10034,-204,-1.99,10113,-125,-1.22,10034,10300,1399-11-26
418,وخاور,بانك خاورميانه,567,5799463,57504116210,10040,10380,9840,-200,-1.99,9920,-120,-1.2,9840,10490,1399-11-26
419,دكيمي,كيميدارو,566,1214164,31254269760,25920,25610,25490,-430,-1.66,25810,-110,-0.42,25410,26700,1399-11-26
420,عيار,صندوق س. پشتوانه طلاي مفيد,565,514223,15396336478,30632,30010,29913,-719,-2.35,29941,-691,-2.26,29722,30300,1399-11-26
421,قزوين,كارخانجات‌ قند قزوين‌,564,1031655,39124088410,38550,38020,37780,-770,-2.0,38050,-500,-1.3,37780,38850,1399-11-26
422,ومعلم,بيمه معلم,559,4503999,21652337459,4873,5000,4776,-97,-1.99,4845,-28,-0.57,4776,5000,1399-11-26
423,سباقر,سيمان باقران,558,3320859,62556986438,18356,18780,18906,550,3.0,18838,482,2.63,18000,18906,1399-11-26
424,پدرخش,درخشان‌ تهران‌,558,324944,43053689210,135090,132390,132390,-2700,-2.0,132780,-2310,-1.71,132390,135090,1399-11-26
425,غمينو,شركت صنايع غذايي مينو شرق,549,1857005,23115871524,12689,12710,12436,-253,-1.99,12577,-112,-0.88,12436,12880,1399-11-26
426,تيپيكو,سرمايه گذاري دارويي تامين,544,737153,33029169510,44760,45560,44710,-50,-0.11,44780,20,0.04,43930,45580,1399-11-26
427,قاسم,قاسم ايران,544,3211732,44384725429,14022,13900,13742,-280,-2.0,13837,-185,-1.32,13742,14200,1399-11-26
428,پارند,صندوق س. پارند پايدار سپهر,540,14863698,167166766203,11240,11250,11245,5,0.04,11247,7,0.06,11245,11258,1399-11-26
429,حخزر,كشتيراني درياي خزر,534,4344053,115804218450,25172,26682,26300,1128,4.48,26658,1486,5.9,25800,26682,1399-11-26
430,پارس,پتروشيمي پارس,531,462347,60967217670,133600,135000,131000,-2600,-1.95,132560,-1040,-0.78,130930,135000,1399-11-26
431,سپاس,صندوق س. پاداش سهامداري توسعه1,529,22804989,229311892675,10052,10059,10055,3,0.03,10055,3,0.03,10053,10060,1399-11-26
432,كمنگنز,معادن‌منگنزايران‌,527,809374,77471166100,97360,97540,95420,-1940,-1.99,95720,-1640,-1.68,95420,98970,1399-11-26
433,واعتبار,سرمايه گذاري اعتبار ايران,524,4176081,35389144250,8420,8410,8580,160,1.9,8460,40,0.48,8260,8730,1399-11-26
434,تايرا,تراكتورسازي‌ايران‌,523,1245520,33501265120,27370,27600,27000,-370,-1.35,27050,-320,-1.17,26830,27980,1399-11-26
435,دمعيار,صندوق س. توازن معيار-د,519,25458213,257885029091,10125,10130,10128,3,0.03,10130,5,0.05,10125,10135,1399-11-26
436,وكار,بانك‌ كارآفرين‌,515,11443104,29878869480,2650,2710,2600,-50,-1.89,2630,-20,-0.75,2600,2710,1399-11-26
437,فولاي,صنايع فولاد آلياژي يزد,515,727636,37954308584,53052,53000,51991,-1061,-2.0,52367,-685,-1.29,51991,53000,1399-11-26
438,دكوثر,داروسازي‌ كوثر,514,1543207,29743694470,19630,19960,19240,-390,-1.99,19420,-210,-1.07,19240,19960,1399-11-26
439,آكورد,صندوق س. آرمان آتي كوثر-د,510,16360911,502776510506,30716,30730,30729,13,0.04,30730,14,0.05,30729,30742,1399-11-26
440,واميد,گروه مديريت سرمايه گذاري اميد,509,927532,34670072680,37790,37500,37040,-750,-1.98,37670,-120,-0.32,37040,38150,1399-11-26
441,اتكام,شركت بيمه اتكايي امين,508,6215819,33052408590,5419,5402,5311,-108,-1.99,5352,-67,-1.24,5311,5499,1399-11-26
442,سبجنو,سيمان‌ بجنورد,504,739230,43865908200,55990,59340,59340,3350,5.98,58670,2680,4.79,59340,59340,1399-11-26
443,آساس,صندوق س.آسمان آرماني سهام-س,502,440313,75227172995,172262,176800,167301,-4961,-2.88,170849,-1413,-0.82,167201,176800,1399-11-26
444,فجام,جام‌دارو,500,3506828,36481684220,10540,10600,10330,-210,-1.99,10440,-100,-0.95,10330,10650,1399-11-26
445,دسانكو,داروسازي سبحان انكولوژي,497,2016569,31018073604,15642,15710,15330,-312,-1.99,15481,-161,-1.03,15330,16070,1399-11-26
446,ثنوسا,نوسازي‌وساختمان‌تهران‌,496,4458301,59997035570,13710,13460,13440,-270,-1.97,13460,-250,-1.82,13440,13670,1399-11-26
447,خاور,ايران خودرو ديزل,492,7943416,54250179372,6963,6850,6824,-139,-2.0,6830,-133,-1.91,6824,6950,1399-11-26
448,خكمك,كمك‌فنرايندامين‌,490,1198076,34249024760,29120,29540,28540,-580,-1.99,28760,-360,-1.24,28540,29540,1399-11-26
449,لبوتان,گروه‌صنعتي‌بوتان‌,489,466162,28744357270,62840,64000,61590,-1250,-1.99,62160,-680,-1.08,61590,64000,1399-11-26
450,زفكاح,ح . كشت و دامداري فكا,488,4593488,34070191952,7290,7175,7350,60,0.82,7417,127,1.74,7175,7699,1399-11-26
451,شكبير,پتروشيمي اميركبير,485,1262898,115482185721,90139,92840,91980,1841,2.04,91442,1303,1.45,88338,92843,1399-11-26
452,ولصنم,ليزينگ‌صنعت‌ومعدن‌,484,3020098,35251745280,11850,12190,11620,-230,-1.94,11730,-120,-1.01,11620,12190,1399-11-26
453,كرماشا,صنايع پتروشيمي كرمانشاه,483,739277,27639826880,37090,39310,36850,-240,-0.65,37250,160,0.43,36350,39310,1399-11-26
454,بنيرو,نيروترانس‌,480,1220198,19244256660,16060,16300,15740,-320,-1.99,15950,-110,-0.68,15740,16300,1399-11-26
455,زگلدشت,كشت و دام گلدشت نمونه اصفهان,476,786977,36761818124,47486,47300,46537,-949,-2.0,46902,-584,-1.23,46537,47960,1399-11-26
456,دتماد,توليدمواداوليه‌داروپخش‌,474,769163,35202765410,46470,47860,45550,-920,-1.98,45980,-490,-1.05,45550,47860,1399-11-26
457,بهپاك,صنعتي بهپاك,473,953724,46290947155,49464,48490,48475,-989,-2.0,48606,-858,-1.73,48475,49990,1399-11-26
458,وتوشه,سرمايه‌ گذاري‌ پارس‌ توشه‌,472,1151848,27527421020,24150,24500,23670,-480,-1.99,24010,-140,-0.58,23670,24980,1399-11-26
459,پخش,پخش البرز,469,1871722,67989648487,36952,38838,37500,548,1.48,36325,-627,-1.7,36213,38838,1399-11-26
460,گشان,توسعه بين المللي پديده شانديز,467,454187,17892242678,41035,39394,39394,-1641,-4.0,39781,-1254,-3.06,39394,39394,1399-11-26
461,قشير,قند شيروان قوچان و بجنورد,464,1218088,32687604285,27255,27301,26710,-545,-2.0,26992,-263,-0.96,26710,27990,1399-11-26
462,دابور,داروسازي‌ ابوريحان‌,450,488481,18503908600,38230,39600,38000,-230,-0.6,38100,-130,-0.34,37470,39750,1399-11-26
463,وآفري,بيمه كارآفرين,446,1618860,32861511540,20498,20090,20720,222,1.08,20299,-199,-0.97,20089,20840,1399-11-26
464,كتوكا,توليدي و خدمات صنايع نسوز توكا,442,854405,34180533476,40820,40010,40004,-816,-2.0,40280,-540,-1.32,40004,40010,1399-11-26
465,هجرتح,ح . پخش هجرت,441,543850,10947335030,20234,20075,20197,-37,-0.18,20129,-105,-0.52,19980,20799,1399-11-26
466,فسپا,گروه‌صنعتي‌سپاهان‌,436,1739172,72274058160,42270,43000,41430,-840,-1.99,41560,-710,-1.68,41430,43000,1399-11-26
467,پكرمان,گروه‌ صنعتي‌ بارز,436,922296,24884773350,26980,28450,27000,20,0.07,26980,0,0.0,26450,28450,1399-11-26
468,زنگان,صنعت روي زنگان,435,337518,37331178390,112862,110605,110605,-2257,-2.0,111133,-1729,-1.53,110605,110605,1399-11-26
469,سيلام,سيمان‌ ايلام‌,434,6782488,83560252160,11630,12320,12320,690,5.93,12320,690,5.93,12320,12320,1399-11-26
470,كفپارس,فرآورده‌هاي‌ نسوز پارس‌,432,5759654,28164708060,4620,4890,4890,270,5.84,4760,140,3.03,4890,4890,1399-11-26
471,كاسپين,داروسازي كاسپين تامين,418,1004085,24373037487,24694,25050,24500,-194,-0.79,24486,-208,-0.84,24201,25050,1399-11-26
472,ضسپا1101,اختيارخ خساپا-1800-1399/11/26,415,25062,15090790000,623,796,610,-13,-2.09,602,-21,-3.37,540,796,1399-11-26
473,آ س پ,آ.س.پ,409,2183729,37170318545,17204,17101,16860,-344,-2.0,17068,-136,-0.79,16860,17160,1399-11-26
474,جم پيلن,پلي پروپيلن جم - جم پيلن,408,574444,40466914150,71740,72230,70310,-1430,-1.99,70810,-930,-1.3,70310,72230,1399-11-26
475,مداران,داده‌پردازي‌ايران‌,408,1514195,35752822410,24040,24040,23560,-480,-2.0,23730,-310,-1.29,23560,24840,1399-11-26
476,دامين,داروسازي‌ امين‌,404,1628469,23458357730,14640,14870,14350,-290,-1.98,14530,-110,-0.75,14350,14870,1399-11-26
477,شنفت,نفت‌ پارس‌,400,588628,31045199210,53450,55790,52390,-1060,-1.98,53030,-420,-0.79,52390,55790,1399-11-26
478,دالبر,البرزدارو,394,1405811,30031206890,21520,21530,21110,-410,-1.91,21430,-90,-0.42,21090,22280,1399-11-26
479,لوتوس,تامين سرمايه لوتوس پارسيان,391,1008712,10437669580,10340,10710,10250,-90,-0.87,10340,0,0.0,10160,10850,1399-11-26
480,دلرح,ح . داروسازي‌ اكسير,389,706080,20883438320,30450,31000,29240,-1210,-3.97,29580,-870,-2.86,29240,31000,1399-11-26
481,خلنت,لنت‌ ترمزايران‌,384,231053,21703910490,95770,97680,93860,-1910,-1.99,94960,-810,-0.85,93860,97680,1399-11-26
482,دسينا,داروسازي‌ سينا,379,946594,24927141100,26500,27800,26330,-170,-0.64,26420,-80,-0.3,25970,27840,1399-11-26
483,دسبحان,سبحان دارو,378,828200,18401080550,22000,23320,22000,0,0.0,22080,80,0.36,21560,23320,1399-11-26
484,فمراد,آلومراد,378,218643,32651492240,151570,152200,148540,-3030,-2.0,150100,-1470,-0.97,148540,154000,1399-11-26
485,افران,صندوق س افرا نماد پايدار-ثابت,377,10490314,132907348138,12663,12670,12669,6,0.05,12670,7,0.06,12667,12681,1399-11-26
486,وگستر,گسترش سرمايه گذاري ايرانيان,376,1240692,24385685313,19989,19990,19590,-399,-2.0,19827,-162,-0.81,19590,20380,1399-11-26
487,بفجر,فجر انرژي خليج فارس,374,1066445,25515059120,23740,24000,23790,50,0.21,23820,80,0.34,23540,24390,1399-11-26
488,زر,صندوق س.پشتوانه سكه طلاي زر,373,379833,19759427612,53116,52900,51840,-1276,-2.4,52021,-1095,-2.06,51111,52900,1399-11-26
489,دلر,داروسازي‌ اكسير,373,438456,16052912540,35930,37200,36890,960,2.67,36140,210,0.58,36000,37200,1399-11-26
490,تسه9907,امتياز تسهيلات مسكن مهر99,369,7944,5165137114,624085,617771,655289,31204,5.0,650193,26108,4.18,617771,655289,1399-11-26
491,شاوان,پالايش نفت لاوان,365,864901,69661350324,80406,84000,81499,1093,1.36,80543,137,0.17,78798,84000,1399-11-26
492,خديزل,بهمن  ديزل,363,509149,22448376917,44753,45570,44060,-693,-1.55,44457,-296,-0.66,43860,45570,1399-11-26
493,فنورد,نوردوقطعات‌ فولادي‌,362,212231,47422711780,227870,230000,223320,-4550,-2.0,223680,-4190,-1.84,223320,230000,1399-11-26
494,سپ,پرداخت الكترونيك سامان كيش,362,846179,13143949780,15510,16190,15440,-70,-0.45,15520,10,0.06,15300,16190,1399-11-26
495,كيميا,معدني كيمياي زنجان گستران,356,3130690,55741935450,16798,17805,17805,1007,5.99,17798,1000,5.95,17805,17805,1399-11-26
496,خفولا,خدمات فني فولاد يزد,355,313780,25629916137,83141,83100,81479,-1662,-2.0,81681,-1460,-1.76,81479,83100,1399-11-26
497,شپاس,نفت پاسارگاد,355,986239,22557794530,22865,23600,22651,-214,-0.94,22868,3,0.01,22600,23600,1399-11-26
498,دفرا,فرآورده‌هاي‌ تزريقي‌ ايران‌,352,701305,19180453280,27820,28280,27270,-550,-1.98,27640,-180,-0.65,27270,28280,1399-11-26
499,شرانل,نفت ايرانول,351,1073636,41023740223,38897,39000,38120,-777,-2.0,38332,-565,-1.45,38120,39000,1399-11-26
500,دشيمي,شيمي‌ داروئي‌ داروپخش‌,350,544026,16310790900,30480,29880,29880,-600,-1.97,30310,-170,-0.56,29880,30480,1399-11-26
501,ولتجار,واسپاري تجارت وسرمايه ايرانيان,349,1659271,12284745776,7488,7520,7339,-149,-1.99,7436,-52,-0.69,7339,7590,1399-11-26
502,خوساز,محورسازان‌ايران‌خودرو,346,1934537,15476914770,8120,8040,7960,-160,-1.97,8080,-40,-0.49,7960,8100,1399-11-26
503,درازك,دارويي‌ رازك‌,345,1058878,38297392860,36610,36010,35880,-730,-1.99,36270,-340,-0.93,35880,36980,1399-11-26
504,ياقوت,صندوق س ياقوت آگاه-ثابت,345,6862603,81562234234,11878,11883,11890,12,0.1,11885,7,0.06,11883,11902,1399-11-26
505,شيراز,پتروشيمي‌شيراز,343,836575,45995470310,55340,55340,54300,-1040,-1.88,55180,-160,-0.29,54300,56780,1399-11-26
506,شبصير,توليدات پتروشيمي قائد بصير,342,240826,22428747255,93386,96900,92119,-1267,-1.36,93275,-111,-0.12,91519,96900,1399-11-26
507,وپخش,داروپخش‌ (هلدينگ‌,339,199484,21392438670,109050,109130,106920,-2130,-1.95,108270,-780,-0.72,106870,113000,1399-11-26
508,وبيمه,سرمايه‌ گذاري‌ صنعت‌ بيمه‌,339,5487309,15985186550,2960,2960,2910,-50,-1.69,2950,-10,-0.34,2910,2960,1399-11-26
509,شفارا,پتروشيمي فارابي,338,4571767,18703239067,4172,4100,4089,-83,-1.99,4094,-78,-1.87,4089,4150,1399-11-26
510,وگردش,بانك گردشگري,336,2384011,44133029291,18845,18551,18469,-376,-2.0,18697,-148,-0.79,18469,18900,1399-11-26
511,شراز,پالايش نفت شيراز,336,235147,24166361332,103878,106990,101801,-2077,-2.0,103358,-520,-0.5,101801,106990,1399-11-26
512,اپرداز,آتيه داده پرداز,330,1029440,22602354717,22242,22501,21798,-444,-2.0,22113,-129,-0.58,21798,22501,1399-11-26
513,قنقش,قند نقش جهان,327,579999,44418735215,77995,76436,78300,305,0.39,76584,-1411,-1.81,76436,78300,1399-11-26
514,وسرمد,بيمه  سرمد,320,4505318,28471835003,6152,6336,6336,184,2.99,6320,168,2.73,6200,6336,1399-11-26
515,زفكا,كشت و دامداري فكا,316,1310495,15247680966,11743,11840,11604,-139,-1.18,11710,-33,-0.28,11604,11950,1399-11-26
516,داوه,داروسازي آوه سينا,313,1061896,19964020505,19156,19000,18773,-383,-2.0,19014,-142,-0.74,18773,19050,1399-11-26
517,تسه9801,امتياز تسهيلات مسكن فروردين98,313,4268,2718495815,618136,649042,649042,30906,5.0,636948,18812,3.04,613000,649042,1399-11-26
518,سكه0012پ01,سكه تمام بهارتحويلي 1روزه رفاه,304,111200,132640954700,1199068,1195009,1196000,-3068,-0.26,1192814,-6254,-0.52,1190000,1199101,1399-11-26
519,خراسان,پتروشيمي خراسان,299,174012,12268047330,70860,73590,70870,10,0.01,70770,-90,-0.13,69470,73590,1399-11-26
520,وحكمت,بيمه حكمت صبا,298,3676348,15209478443,4221,4138,4137,-84,-1.99,4157,-64,-1.52,4137,4139,1399-11-26
521,ضغدر1119,اختيارخ وغدير-10000-1399/11/26,293,9323,19736022000,2482,2501,1940,-542,-21.84,2117,-365,-14.71,1821,2501,1399-11-26
522,ضخود2006,اختيارخ خودرو-2500-1400/02/08,292,8226,4614781000,599,620,497,-102,-17.03,561,-38,-6.34,481,640,1399-11-26
523,كخاك,صنايع‌خاك‌چيني‌ايران‌,283,342727,15902616350,45600,48250,45320,-280,-0.61,45840,240,0.53,45000,48250,1399-11-26
524,ساراب,سيمان‌ داراب‌,279,2033427,33517426960,16760,16810,16430,-330,-1.97,16580,-180,-1.07,16430,16820,1399-11-26
525,كي بي سي,شركت كي بي سي,278,824688,23610261052,29200,29100,28616,-584,-2.0,28932,-268,-0.92,28616,29100,1399-11-26
526,غمارگ,مارگارين‌,277,630314,20630660940,33350,32690,32690,-660,-1.98,33100,-250,-0.75,32690,33250,1399-11-26
527,كفرا,فراورده‌ هاي‌ نسوزايران‌,271,206876,9416081070,46120,47500,45200,-920,-1.99,46010,-110,-0.24,45200,47790,1399-11-26
528,غگلستا,شير پاستوريزه پگاه گلستان,267,1881934,56722401134,30680,30990,30067,-613,-2.0,30140,-540,-1.76,30067,30990,1399-11-26
529,تپولا,مهندسي مرآت پولاد,263,360475,13507578846,38087,37500,37326,-761,-2.0,37665,-422,-1.11,37326,38250,1399-11-26
530,وتعاون,بيمه  تعاون,262,1462754,8957069318,6239,6390,6115,-124,-1.99,6186,-53,-0.85,6115,6390,1399-11-26
531,شفا,سرمايه گذاري شفادارو,262,399680,18035651340,45970,47400,45490,-480,-1.04,45670,-300,-0.65,45060,47400,1399-11-26
532,تسه9904,امتياز تسهيلات مسكن تير99,257,4942,3221358254,625914,625000,657000,31086,4.97,651833,25919,4.14,600000,657209,1399-11-26
533,تسه9810,امتياز تسهيلات مسكن دي98,252,3960,2531356901,614673,601101,645406,30733,5.0,639232,24559,4.0,601101,645406,1399-11-26
534,اوان,مبين وان كيش,251,714129,35921290000,51273,51165,50248,-1025,-2.0,50579,-694,-1.35,50248,51410,1399-11-26
535,غدام,خوراك‌  دام‌ پارس‌,251,64765,26131382200,411710,403480,403480,-8230,-2.0,407320,-4390,-1.07,403480,403480,1399-11-26
536,دجابر,داروسازي‌ جابرابن‌حيان‌,248,768984,16014039260,21220,20850,20800,-420,-1.98,21090,-130,-0.61,20800,21600,1399-11-26
537,شساخت,مهندسي و ساختمان صنايع نفت,244,1271006,47821810934,38382,37616,37615,-767,-2.0,37625,-757,-1.97,37615,38680,1399-11-26
538,دپارس,پارس‌ دارو,244,214669,17811918820,84650,84040,82960,-1690,-2.0,84040,-610,-0.72,82960,84040,1399-11-26
539,ضسپا1100,اختيارخ خساپا-1600-1399/11/26,239,10644,8613934000,829,858,868,39,4.7,809,-20,-2.41,700,880,1399-11-26
540,ساذريح,ح . آذريت‌,237,11395233,63394678998,5700,6042,5520,-180,-3.16,5563,-137,-2.4,5520,6042,1399-11-26
541,غشهد,شهد ايران ‌,236,4691160,34057821600,6850,7260,7260,410,5.99,7110,260,3.8,7260,7260,1399-11-26
542,ساينا,صنايع بهداشتي ساينا,236,90479,14496991799,163280,171000,160150,-3130,-1.92,162383,-897,-0.55,160015,171000,1399-11-26
543,قشرين,قند شيرين خراسان,231,2060019,34608319200,17142,16800,16800,-342,-2.0,16800,-342,-2.0,16800,16800,1399-11-26
544,تسه9902,امتياز تسهيلات مسكن ارديبهشت99,229,2998,1926457460,622764,600028,653902,31138,5.0,642581,19817,3.18,600028,653902,1399-11-26
545,فجر,فولاد اميركبيركاشان,217,673306,44117809760,66710,66380,65380,-1330,-1.99,65650,-1060,-1.59,65380,66380,1399-11-26
546,غصينو,صنعتي مينو,212,245321,17421268140,72436,70988,70988,-1448,-2.0,72183,-253,-0.35,70988,71500,1399-11-26
547,تسه9906,امتياز تسهيلات مسكن شهريور99,211,2623,1697211230,623487,601222,654661,31174,5.0,647050,23563,3.78,600250,654661,1399-11-26
548,تسه9803,امتياز تسهيلات مسكن خرداد98,209,2262,1457204817,624575,616010,650041,25466,4.08,644211,19636,3.14,616010,655803,1399-11-26
549,گوهر,صندوق سكه طلاي كيان,208,70520,4148844922,60071,60350,58698,-1373,-2.29,58832,-1239,-2.06,58200,60350,1399-11-26
550,ثجوان,تامين مسكن جوانان,208,1943031,23723364460,12443,12196,12195,-248,-1.99,12209,-234,-1.88,12195,12427,1399-11-26
551,قمرو,قند مرودشت‌,207,460136,16298017120,33420,35420,35420,2000,5.98,34030,610,1.83,35420,35420,1399-11-26
552,وسين,بيمه سينا,207,1397875,28581029810,21515,21500,20440,-1075,-5.0,20446,-1069,-4.97,20440,21500,1399-11-26
553,ضخود2005,اختيارخ خودرو-2000-1400/02/08,204,4504,4131040000,990,916,830,-160,-16.16,917,-73,-7.37,820,1019,1399-11-26
554,فپنتا,سپنتا,204,46791,19294206580,389040,412380,412380,23340,6.0,397290,8250,2.12,405050,412380,1399-11-26
555,تسه9802,امتياز تسهيلات مسكن ارديبهشت98,201,2461,1572607078,620299,630000,651313,31014,5.0,639011,18712,3.02,611610,651313,1399-11-26
556,ساروج,بين المللي ساروج بوشهر,200,613593,13123519492,20998,21610,21627,629,3.0,21244,246,1.17,20610,21627,1399-11-26
557,وثخوز,سرمايه گذاري و توسعه خوزستان,197,180880,17106183360,90069,94572,94572,4503,5.0,93596,3527,3.92,94572,94572,1399-11-26
558,مارون,پتروشيمي مارون,197,85487,12609172074,149680,150305,146801,-2879,-1.92,149401,-279,-0.19,146687,150305,1399-11-26
559,غبهار,كشت وصنعت بهاران گلبهار خراسان,195,375699,12916155921,35811,34379,34379,-1432,-4.0,34844,-967,-2.7,34379,34379,1399-11-26
560,چكاوه,صنايع‌كاغذسازي‌كاوه‌,195,1620221,23833450910,13880,14710,14710,830,5.98,14250,370,2.67,14710,14710,1399-11-26
561,ضپاس2002,اختيارخ وپارس-3000-1400/02/29,192,4859,3058187000,660,660,600,-60,-9.09,629,-31,-4.7,599,682,1399-11-26
562,فردا,صندوق س آواي فرداي زاگرس-ثابت,190,2660214,27075208141,10176,10179,10180,4,0.04,10178,2,0.02,10177,10181,1399-11-26
563,شجم,صنايع پتروشيمي تخت جمشيد,190,1389696,14299820198,10496,10400,10287,-209,-1.99,10386,-110,-1.05,10287,10400,1399-11-26
564,ثنور,سرمايه گذاري كوه نور,187,2628614,28470518234,11282,10831,10831,-451,-4.0,10831,-451,-4.0,10831,10831,1399-11-26
565,تكشا,گسترش‌صنايع‌وخدمات‌كشاورزي‌,187,528832,26489194880,51110,50090,50090,-1020,-2.0,50560,-550,-1.08,50090,50090,1399-11-26
566,حپارسا,توسعه حمل و نقل ريلي پارسيان,186,575295,21368182185,37901,37143,37143,-758,-2.0,37572,-329,-0.87,37143,37143,1399-11-26
567,افق ملت,صندوق س در سهام افق ملت,185,102429,12927420860,128520,133290,124510,-4010,-3.12,126210,-2310,-1.8,124500,133290,1399-11-26
568,كلوند,كاشي‌ الوند,183,481554,23880262860,50600,49590,49590,-1010,-2.0,50100,-500,-0.99,49590,49590,1399-11-26
569,ضمخا7071,اختيارخ اخابر-24000-1400/07/28,183,11174,2498837000,207,210,250,43,20.77,224,17,8.21,200,299,1399-11-26
570,تسه9712,امتياز تسهيلات مسكن اسفند97,174,2926,1857163520,614022,586111,644723,30701,5.0,634711,20689,3.37,586111,644723,1399-11-26
571,بپاس,بيمه پاسارگاد,172,1005896,86873202144,88126,86364,86364,-1762,-2.0,86532,-1594,-1.81,86364,86364,1399-11-26
572,دارا,صندوق س. دارا الگوريتم-د,171,3740560,37866872213,10116,10138,10132,16,0.16,10123,7,0.07,10104,10142,1399-11-26
573,تصميم,صندوق س با درآمد ثابت تصميم,170,1414707,22131377677,15634,15647,15648,14,0.09,15644,10,0.06,15640,15648,1399-11-26
574,وهنر,گروه توسعه هنر ايران,169,1460362,14168432124,9899,9702,9702,-197,-1.99,9756,-143,-1.44,9702,9702,1399-11-26
575,وارس,سرمايه گذاري ارس صبا,168,624836,10081632114,16447,16229,16119,-328,-1.99,16290,-157,-0.95,16119,16240,1399-11-26
576,وسنا,سرمايه گذاري نيروگاهي ايران,167,739995,11612813689,16501,15680,15676,-825,-5.0,16069,-432,-2.62,15676,16397,1399-11-26
577,غدشت,دشت‌ مرغاب‌,165,92481,27838703520,306800,300800,300670,-6130,-2.0,303480,-3320,-1.08,300670,312990,1399-11-26
578,شصفها,پتروشيمي‌ اصفهان‌,164,204738,23758512333,117777,118926,115422,-2355,-2.0,116043,-1734,-1.47,115422,118941,1399-11-26
579,تسه9905,امتياز تسهيلات مسكن مرداد99,164,1639,1061043340,625560,600005,656800,31240,4.99,647372,21812,3.49,600005,656838,1399-11-26
580,سكه9912پ04,سكه تمام بهارتحويل1روزه صادرات,152,71000,84696086600,1198206,1199999,1193993,-4213,-0.35,1192903,-5303,-0.44,1190000,1199999,1399-11-26
581,آساميد,صندوق س.مشترك آسمان اميد -د,146,6011351,69552954202,11562,11574,11570,8,0.07,11570,8,0.07,11570,11574,1399-11-26
582,لكما,كارخانجات‌مخابراتي‌ايران‌,145,502137,3250332801,6605,6473,6473,-132,-2.0,6583,-22,-0.33,6473,6473,1399-11-26
583,غشصفا,شيرپاستوريزه‌پگاه‌اصفهان‌,145,877689,25982072340,29890,30600,29300,-590,-1.97,29740,-150,-0.5,29300,31000,1399-11-26
584,بذر,صندوق س بذر اميد آفرين-سهام,143,90744,8992834140,101850,103490,98100,-3750,-3.68,99100,-2750,-2.7,97780,103490,1399-11-26
585,پارسيانح,ح.بيمه پارسيان,142,6350000,56518526000,8700,9300,8900,200,2.3,8900,200,2.3,8900,9300,1399-11-26
586,وآرينح,ح. شركت توسعه اقتصادي آرين,139,3170117,9156664846,2900,3074,2800,-100,-3.45,2888,-12,-0.41,2800,3074,1399-11-26
587,اخزا815,اسنادخزانه-م15بودجه98-010406,137,111061,85616392779,773516,771400,770000,-3516,-0.45,770895,-2621,-0.34,762528,772000,1399-11-26
588,بايكا,كارخانجات كابلسازي ‌ايران‌,137,242018,10364178832,44608,42824,42824,-1784,-4.0,43639,-969,-2.17,42824,42824,1399-11-26
589,صايند,صندوق س. گنجينه آينده روشن-د,137,827950,8258804700,10028,9980,9976,-52,-0.52,9975,-53,-0.53,9969,9990,1399-11-26
590,زقيام,كشت و دام قيام اصفهان,135,559925,17399109450,31708,31074,31074,-634,-2.0,31479,-229,-0.72,31074,31074,1399-11-26
591,تسه9903,امتياز تسهيلات مسكن خرداد99,134,1096,707306212,618120,603898,649026,30906,5.0,645352,27232,4.41,603898,649026,1399-11-26
592,اخزا908,اسنادخزانه-م8بودجه99-020606,129,278867,168054247173,603335,610000,600000,-3335,-0.55,602632,-703,-0.12,596206,610000,1399-11-26
593,سصفها,سيمان‌اصفهان‌,126,162527,54539185390,342410,335570,335570,-6840,-2.0,335570,-6840,-2.0,335570,335570,1399-11-26
594,اخزا909,اسنادخزانه-م9بودجه99-020316,125,602888,385539004797,639813,640132,634000,-5813,-0.91,639487,-326,-0.05,633010,640132,1399-11-26
595,نيرو,نيرو سرمايه,125,256660,15647763362,62100,61740,60858,-1242,-2.0,61199,-901,-1.45,60858,61740,1399-11-26
596,تسه9901,امتياز تسهيلات مسكن فروردين99,125,1124,723107624,619673,605035,650656,30983,5.0,643334,23661,3.82,605035,650656,1399-11-26
597,اخزا903,اسنادخزانه-م3بودجه99-011110,125,220265,149388904798,680860,690000,680000,-860,-0.13,678223,-2637,-0.39,670001,690000,1399-11-26
598,فيروزا,صندوق بادرآمد ثابت فيروزه آسيا,124,483534,10683052585,22266,22265,22092,-174,-0.78,22094,-172,-0.77,22002,22265,1399-11-26
599,فلامي,لاميران‌,120,245783,10976668780,45570,44660,44660,-910,-2.0,45360,-210,-0.46,44660,44660,1399-11-26
600,اخزا817,اسنادخزانه-م17بودجه98-010512,120,277914,208098842664,766967,747520,750000,-16967,-2.21,748789,-18178,-2.37,744002,754890,1399-11-26
601,ضخود2008,اختيارخ خودرو-3500-1400/02/08,116,5229,893924000,181,151,160,-21,-11.6,171,-10,-5.52,149,200,1399-11-26
602,سكه0112پ03,سكه تمام بهارتحويلي1روزه سامان,113,50200,59893990500,1197600,1195102,1195000,-2600,-0.22,1193107,-4493,-0.38,1191000,1199000,1399-11-26
603,ضشنا2002,اختيارخ شپنا-12000-1400/02/27,113,1615,3814043000,2384,2650,2500,116,4.87,2362,-22,-0.92,2140,2650,1399-11-26
604,اخزا805,اسنادخزانه-م5بودجه98-000422,112,37960,35005411298,927131,922160,920011,-7120,-0.77,922166,-4965,-0.54,920011,925780,1399-11-26
605,تسه9812,امتياز تسهيلات مسكن اسفند98,112,934,597094260,613968,585298,644666,30698,5.0,639287,25319,4.12,585298,644666,1399-11-26
606,داسوه,داروسازي‌ اسوه‌,111,649086,26742343200,42040,41200,41200,-840,-2.0,41580,-460,-1.09,41200,41200,1399-11-26
607,تپكو,توليدتجهيزات‌سنگين‌هپكو,110,840881,4575233521,5552,5441,5441,-111,-2.0,5541,-11,-0.2,5441,5441,1399-11-26
608,كتوكاح,ح.توليدي وخدمات صنايع نسوزتوكا,106,167175,4360425525,26615,26083,26083,-532,-2.0,26083,-532,-2.0,26083,26083,1399-11-26
609,سخواف,سيمان مجد خواف,105,1066840,18912939520,18089,17728,17728,-361,-2.0,17728,-361,-2.0,17728,17728,1399-11-26
610,تابا,تابان نيرو سپاهان,102,150471,9074755539,61539,60309,60309,-1230,-2.0,60971,-568,-0.92,60309,60309,1399-11-26
611,اخزا902,اسنادخزانه-م2بودجه99-011019,101,226610,155725506320,689963,690000,688500,-1463,-0.21,687196,-2767,-0.4,685320,690000,1399-11-26
612,الماس,صندوق س.امين تدبيرگران فردا-س,100,519260,59137810062,115317,117602,113979,-1338,-1.16,113889,-1428,-1.24,107084,118729,1399-11-26
613,ارمغان,ص سرمايه گذاري ارمغان ايرانيان,100,2207448,22219858441,10054,10057,10062,8,0.08,10066,12,0.12,10057,10074,1399-11-26
614,كارين,صندوق س نگين سامان-ثابت,100,4074482,41359512414,10140,10150,10154,14,0.14,10151,11,0.11,10149,10155,1399-11-26
615,تسه9809,امتياز تسهيلات مسكن آذر98,100,1260,806878458,614836,587101,645577,30741,5.0,640380,25544,4.15,587101,645577,1399-11-26
616,زعف0008پ10,زعفران0008نگين طلاي سرخ(پ),97,81732,10616697120,127792,127800,130990,3198,2.5,129896,2104,1.65,127800,131400,1399-11-26
617,كدما,معدني‌ دماوند,96,32764,7756877000,241580,236750,236750,-4830,-2.0,240810,-770,-0.32,236750,236750,1399-11-26
618,سپر,صندوق س سپر سرمايه بيدار- ثابت,94,1622579,18514948839,11406,11409,11411,5,0.04,11411,5,0.04,11409,11460,1399-11-26
619,خاتم,صندوق س خاتم ايساتيس پويا-ثابت,94,2737284,28851781162,10535,10544,10540,5,0.05,10540,5,0.05,10535,10544,1399-11-26
620,تسه9808,امتياز تسهيلات مسكن آبان98,93,769,493550468,619112,591015,650000,30888,4.99,641808,22696,3.67,591015,650067,1399-11-26
621,شپلي,پلي اكريل ايران,92,469150,5393348400,11730,11496,11496,-234,-1.99,11653,-77,-0.66,11496,11496,1399-11-26
622,ورازي,بيمه رازي,92,1114478,9654722914,8251,8663,8663,412,4.99,8447,196,2.38,8663,8663,1399-11-26
623,پارتا,مجتمع‌صنعتي‌آرتاويل‌تاير,91,178589,10675895603,60943,60943,59725,-1218,-2.0,60511,-432,-0.71,59725,60943,1399-11-26
624,سپاس2,صندوق س. پاداش سهامداري توسعه1,90,9000000,9000000,10052,1,1,-10051,-99.99,1,-10051,-99.99,1,1,1399-11-26
625,تسه9806,امتياز تسهيلات مسكن شهريور98,90,798,509760138,616791,592000,635000,18209,2.95,638797,22006,3.57,590002,647630,1399-11-26
626,تسه9811,امتياز تسهيلات مسكن بهمن98,89,516,330037094,618879,613000,648400,29521,4.77,639607,20728,3.35,587935,649822,1399-11-26
627,اخزا910,اسنادخزانه-م10بودجه99-020807,89,148920,87325475560,588331,584001,590000,1669,0.28,586392,-1939,-0.33,583000,594000,1399-11-26
628,فافزا,فولاد افزا سپاهان,89,169791,9503881434,57116,55974,55974,-1142,-2.0,56561,-555,-0.97,55974,55974,1399-11-26
629,كاذر,فرآورده‌هاي‌نسوزآذر,87,219754,7344178680,34100,33420,33420,-680,-1.99,34000,-100,-0.29,33420,33420,1399-11-26
630,سكه0011پ02,سكه تمام بهارتحويلي 1روزه ملت,86,22700,27054107900,1198551,1196700,1194400,-4151,-0.35,1191811,-6740,-0.56,1190000,1199000,1399-11-26
631,جوين,كشت و صنعت جوين,86,2410845,12502642170,5035,5186,5186,151,3.0,5127,92,1.83,5186,5186,1399-11-26
632,ضسپا3003,اختيارخ خساپا-2000-1400/03/26,84,2655,2095797000,806,1600,750,-56,-6.95,789,-17,-2.11,730,1600,1399-11-26
633,ثروتم,صندوق س. ثروت آفرين پارسيان-س,83,125540,10562638580,82562,84800,84290,1728,2.09,84138,1576,1.91,83900,84800,1399-11-26
634,شرنگي,شيميايي رنگين,83,81643,15340474771,182425,187897,187897,5472,3.0,186390,3965,2.17,187897,187897,1399-11-26
635,اخزا901,اسنادخزانه-م1بودجه99-010621,80,68362,49966269914,735352,730000,732000,-3352,-0.46,730907,-4445,-0.6,713551,735352,1399-11-26
636,ضغدر1120,اختيارخ وغدير-12000-1399/11/26,71,1311,485980000,705,1000,20,-685,-97.16,371,-334,-47.38,20,1000,1399-11-26
637,صنوين,صندوق سرمايه‌گذاري صنوين-مختلط,71,14056,1444590180,102150,104000,102000,-150,-0.15,102770,620,0.61,102000,104000,1399-11-26
638,زعف0008پ11,زعفران0008نگين سحرخيز(پ),70,234208,29385387881,125959,125451,125450,-509,-0.4,125467,-492,-0.39,125450,127990,1399-11-26
639,كهرام,توليدي گرانيت بهسرام,69,68992,6904581376,97164,100078,100078,2914,3.0,98142,978,1.01,100078,100078,1399-11-26
640,تسه9804,امتياز تسهيلات مسكن تير98,67,687,439906102,631863,622200,663456,31593,5.0,640329,8466,1.34,622200,663456,1399-11-26
641,بكاب,صنايع‌جوشكاب‌يزد,62,9074,3249671620,365430,358130,358130,-7300,-2.0,364940,-490,-0.13,358130,358130,1399-11-26
642,شتولي,تولي‌پرس‌,60,53242,2052372616,39334,38548,38548,-786,-2.0,39167,-167,-0.42,38548,38548,1399-11-26
643,دقاضي,داروسازي شهيد قاضي,60,154989,7067590802,46530,45610,45600,-930,-2.0,46192,-338,-0.73,45600,45610,1399-11-26
644,اخزا807,اسنادخزانه-م7بودجه98-000719,60,75336,66418925592,880623,881678,880000,-623,-0.07,881636,1013,0.12,880000,881678,1399-11-26
645,ثقزوي,شركت عمران و سازندگي قزوين,60,41904,1336109040,32535,31885,31885,-650,-2.0,32491,-44,-0.14,31885,31885,1399-11-26
646,تسه9807,امتياز تسهيلات مسكن مهر98,59,331,211162391,619315,600000,650280,30965,5.0,637953,18638,3.01,600000,650280,1399-11-26
647,ضسپا3004,اختيارخ خساپا-2500-1400/03/26,58,1506,831823000,515,500,539,24,4.66,552,37,7.18,467,639,1399-11-26
648,آسام,صندوق س.آرمان سپهر آشنا-م,57,28910,3039218690,105562,106000,105100,-462,-0.44,105127,-435,-0.41,103115,106000,1399-11-26
649,ثنظام,س. ساختماني نظام مهندسي ايران,55,42390,2087156430,50241,49237,49237,-1004,-2.0,50133,-108,-0.21,49237,49237,1399-11-26
650,وسديد,گروه ‌صنعتي‌سديد,54,109179,2443644378,22838,22382,22382,-456,-2.0,22807,-31,-0.14,22382,22382,1399-11-26
651,اخزا808,اسنادخزانه-م8بودجه98-000817,53,111754,96672057418,871780,864010,861500,-10280,-1.18,865043,-6737,-0.77,860011,866000,1399-11-26
652,ضملت1127,اختيارخ وبملت-5000-1399/11/28,53,2333,2333000,3,1,1,-2,-66.67,1,-2,-66.67,1,1,1399-11-26
653,اراد75,مرابحه عام دولت75-ش.خ040226,52,10000000,10000000000000,1000000,1000000,1000000,0,0.0,1000000,0,0.0,1000000,1000000,1399-11-26
654,ضفلا1155,اختيارخ فولاد-14000-1399/11/28,52,2201,99780000,104,100,31,-73,-70.19,45,-59,-56.73,21,109,1399-11-26
655,تسه9805,امتياز تسهيلات مسكن مرداد98,52,226,144057319,616316,616316,646100,29784,4.83,637422,21106,3.42,616316,647131,1399-11-26
656,اراد74,مرابحه عام دولت74-ش.خ040226,51,10000000,10000000000000,1000000,1000000,1000000,0,0.0,1000000,0,0.0,1000000,1000000,1399-11-26
657,ضشنا2001,اختيارخ شپنا-10000-1400/02/27,49,507,1822290000,3580,3600,3301,-279,-7.79,3594,14,0.39,3070,3990,1399-11-26
658,ضخود2009,اختيارخ خودرو-4000-1400/02/08,48,1960,249729000,128,131,116,-12,-9.38,127,-1,-0.78,116,138,1399-11-26
659,ثتوسا,س.توسعه و عمران استان اردبيل,48,83035,3750441845,46088,45167,45167,-921,-2.0,45911,-177,-0.38,45167,45167,1399-11-26
660,لخانه,لوازم‌ خانگي‌ پارس‌,46,290488,8447391040,29673,29080,29080,-593,-2.0,29421,-252,-0.85,29080,29080,1399-11-26
661,سجام,مجتمع سيمان غرب آسيا,46,278271,1430591211,5245,5141,5141,-104,-1.98,5237,-8,-0.15,5141,5141,1399-11-26
662,دقاضيح,ح . داروسازي شهيد قاضي,45,76186,2604805256,34881,34184,34192,-689,-1.98,34190,-691,-1.98,34184,35750,1399-11-26
663,اخزا905,اسنادخزانه-م5بودجه99-020218,45,203498,131039593362,646167,643000,644999,-1168,-0.18,643936,-2231,-0.35,640000,647000,1399-11-26
664,اخزا820,اسنادخزانه-م20بودجه98-020806,45,208405,123911926388,595151,588011,597989,2838,0.48,594573,-578,-0.1,588011,597989,1399-11-26
665,آينده,بازرگاني آينده سازان بهشت پارس,44,670684,14720843116,22396,21949,21949,-447,-2.0,22054,-342,-1.53,21949,21949,1399-11-26
666,معيار,سرمايه گذاري معيار صنعت پارس,42,224955,9485227575,43025,42165,42165,-860,-2.0,42592,-433,-1.01,42165,42165,1399-11-26
667,اخزا718,اسنادخزانه-م18بودجه97-000525,41,149457,134495974665,896442,910000,905000,8558,0.95,899897,3455,0.39,889501,910000,1399-11-26
668,قجامح,ح.فرآورده غذايي وقندتربت‌جام,41,201788,1513611788,1000,7501,7501,6501,650.1,7501,6501,650.1,7501,7501,1399-11-26
669,زعف0008پ05,زعفران0008نگين زرين(پ),40,65018,8116779792,125190,124501,124999,-191,-0.15,124839,-351,-0.28,124011,125200,1399-11-26
670,اخزا818,اسنادخزانه-م18بودجه98-010614,40,22675,16668427064,742364,735005,740010,-2354,-0.32,735101,-7263,-0.98,730012,741997,1399-11-26
671,اخزا809,اسنادخزانه-م9بودجه98-000923,39,32648,27472521489,861650,855677,847000,-14650,-1.7,841476,-20174,-2.34,830202,855678,1399-11-26
672,جهرم,پتروشيمي جهرم,38,482196,961981020,2035,1995,1995,-40,-1.97,2033,-2,-0.1,1995,1995,1399-11-26
673,اخزا907,اسنادخزانه-م7بودجه99-020704,37,143554,86120946044,605000,600010,600000,-5000,-0.83,599920,-5080,-0.84,595000,603800,1399-11-26
674,گپارس,امور رفاهي كارگزاران پارس,37,12840,2680735200,213040,208780,208780,-4260,-2.0,212458,-582,-0.27,208780,208780,1399-11-26
675,دشيري,شيرين دارو,37,56586,13635019146,245878,240961,240961,-4917,-2.0,242388,-3490,-1.42,240961,240961,1399-11-26
676,نمرينو,ايران‌ مرينوس‌,37,71156,4268648440,56600,59990,59990,3390,5.99,56870,270,0.48,59990,59990,1399-11-26
677,تاپكيشح,ح.تجارت الكترونيك پارسيان كيش,36,2205058,36920881202,17001,17221,16661,-340,-2.0,16744,-257,-1.51,16661,17221,1399-11-26
678,اخزا814,اسنادخزانه-م14بودجه98-010318,36,42575,32890860441,786559,770251,773000,-13559,-1.72,772539,-14020,-1.78,770250,783800,1399-11-26
679,كيان2,صندوق س. با درآمد ثابت كيان,36,3600000,3600000,27154,1,1,-27153,-100.0,1,-27153,-100.0,1,1,1399-11-26
680,داراب,پتروشيمي داراب,35,408703,966582595,2463,2365,2365,-98,-3.98,2458,-5,-0.2,2365,2365,1399-11-26
681,غشوكو,شوكو پارس,34,35522,1394735808,40899,39264,39264,-1635,-4.0,40780,-119,-0.29,39264,39264,1399-11-26
682,ضشنا2003,اختيارخ شپنا-14000-1400/02/27,33,855,1156209000,1452,1570,1113,-339,-23.35,1352,-100,-6.89,1111,1570,1399-11-26
683,فسا,پتروشيمي فسا,33,345629,631118554,1863,1826,1826,-37,-1.99,1862,-1,-0.05,1826,1826,1399-11-26
684,ضپاس2001,اختيارخ وپارس-2500-1400/02/29,32,666,630618000,990,889,915,-75,-7.58,947,-43,-4.34,887,1080,1399-11-26
685,ضفلا1154,اختيارخ فولاد-12000-1399/11/28,32,611,402547000,984,611,700,-284,-28.86,659,-325,-33.03,400,950,1399-11-26
686,اخزا821,اسنادخزانه-م21بودجه98-020906,31,54265,32132082700,591175,587000,594000,2825,0.48,592133,958,0.16,587000,594000,1399-11-26
687,پرداخت,به پرداخت ملت,31,15858,566289180,36430,35710,35710,-720,-1.98,36420,-10,-0.03,35710,35710,1399-11-26
688,اوصتا,صندوق انديشه ورزان صباتامين -د,31,1002354,17938204889,17891,17895,17907,16,0.09,17896,5,0.03,17895,17907,1399-11-26
689,سخند,صندوق س.سپهرخبرگان نفت-د,30,281210,2827510280,10050,10054,10055,5,0.05,10055,5,0.05,10054,10056,1399-11-26
690,ضملت1125,اختيارخ وبملت-4000-1399/11/28,30,587,80510000,371,460,110,-261,-70.35,137,-234,-63.07,100,500,1399-11-26
691,خبازرس,بازرسي مهندسي و صنعتي ايران,29,742528,19717088512,25781,26554,26554,773,3.0,26519,738,2.86,26554,26554,1399-11-26
692,زعف0008پ16,زعفران0008نگين بيرجند(پ),29,28700,3562542900,124771,124101,124000,-771,-0.62,124130,-641,-0.51,124000,124700,1399-11-26
693,وآتوس,س.آرين توسكا قيمت اسمي 350ريال,29,41488,1909277760,46959,46020,46020,-939,-2.0,46868,-91,-0.19,46020,46020,1399-11-26
694,ضغدر1118,اختيارخ وغدير-9000-1399/11/26,29,302,1006843000,3646,3510,3000,-646,-17.72,3334,-312,-8.56,2999,3980,1399-11-26
695,ضملت1126,اختيارخ وبملت-4500-1399/11/28,28,1304,51911000,79,69,30,-49,-62.03,40,-39,-49.37,9,70,1399-11-26
696,سمايه,بانك سرمايه,28,58629,414858804,7220,7076,7076,-144,-1.99,7217,-3,-0.04,7076,7076,1399-11-26
697,گنجين,صندوق س. گنجينه يكم آويد-د,28,486801,5952284052,12223,12226,12228,5,0.04,12227,4,0.03,12218,12228,1399-11-26
698,اخزا904,اسنادخزانه-م4بودجه99-011215,27,32350,21575378580,673150,677000,665005,-8145,-1.21,666936,-6214,-0.92,665005,677000,1399-11-26
699,وسلرستا,شركت س استان لرستان,26,2151263,1914624070,900,890,890,-10,-1.11,900,0,0.0,890,890,1399-11-26
700,زعف0008پ20,زعفران0008نگين وحدت جام(پ),26,10916,1346485713,123850,127000,123301,-549,-0.44,123350,-500,-0.4,123000,127000,1399-11-26
701,اخزا811,اسنادخزانه-م11بودجه98-001013,26,56600,47764848480,849532,807057,845000,-4532,-0.53,843902,-5630,-0.66,807057,847000,1399-11-26
702,وسفارس,شركت س استان فارس,26,954341,963884410,1030,1010,1010,-20,-1.94,1030,0,0.0,1010,1010,1399-11-26
703,پلاست,كارخانجات توليدي پلاستيران,25,14615,1048787015,73225,71761,71761,-1464,-2.0,73144,-81,-0.11,71761,71761,1399-11-26
704,شكف,كف,24,7365,633308985,87743,85989,85989,-1754,-2.0,87628,-115,-0.13,85989,85989,1399-11-26
705,اخزا721,اسنادخزانه-م21بودجه97-000728,22,94479,82743622931,877565,876000,876000,-1565,-0.18,875788,-1777,-0.2,874467,876000,1399-11-26
706,تملي710,تسهيلات مسكن ب. ملي-دي97,22,266,153811590,583053,553900,612205,29152,5.0,578239,-4814,-0.83,553900,612205,1399-11-26
707,اخزا806,اسنادخزانه-م6بودجه98-000519,21,25716,23220330609,911826,908452,907500,-4326,-0.47,902953,-8873,-0.97,900011,908501,1399-11-26
708,ضجار2003,اختيارخ وتجارت-3000-1400/02/22,21,474,222141000,551,450,500,-51,-9.26,469,-82,-14.88,450,550,1399-11-26
709,لازما,كارخانه هاي صنعتي آزمايش,20,30872,1122536792,37103,36361,36361,-742,-2.0,37060,-43,-0.12,36361,36361,1399-11-26
710,كصدف,كاشي صدف سرام استقلال آباده,20,98949,2511424569,25898,25381,25381,-517,-2.0,25831,-67,-0.26,25381,25381,1399-11-26
711,زنجان,صنايع كشاورزي وكود زنجان,19,28694,270182704,9608,9416,9416,-192,-2.0,9605,-3,-0.03,9416,9416,1399-11-26
712,اراد50,مرابحه عام دولت5-ش.خ0302,18,357000,357000220000,1000000,1000000,1000000,0,0.0,1000001,1,0.0,1000000,1000001,1399-11-26
713,سفاسي,شركت فارسيت اهواز,17,63098,906528966,14660,14367,14367,-293,-2.0,14646,-14,-0.1,14367,14367,1399-11-26
714,ضشنا2000,اختيارخ شپنا-9000-1400/02/27,17,124,520526000,3470,4500,4130,660,19.02,4198,728,20.98,4112,4500,1399-11-26
715,حاريا,كشتيراني آريا,17,28215,807344010,29197,28614,28614,-583,-2.0,29173,-24,-0.08,28614,28614,1399-11-26
716,داريك,صندوق س.اعتماد داريك-د,16,509873,5280337795,10418,10410,10327,-91,-0.87,10356,-62,-0.6,10311,10451,1399-11-26
717,اخزا804,اسنادخزانه-م4بودجه98-000421,16,7213,6700461058,929019,924220,922664,-6355,-0.68,928942,-77,-0.01,922664,930000,1399-11-26
718,ضفلا1153,اختيارخ فولاد-10000-1399/11/28,15,73,202608000,2658,2853,2020,-638,-24.0,2775,117,4.4,1505,2997,1399-11-26
719,وسكرد,شركت س استان كردستان,15,959861,700698530,740,730,730,-10,-1.35,740,0,0.0,730,730,1399-11-26
720,ضجار2005,اختيارخ وتجارت-4000-1400/02/22,15,212,24773000,147,160,110,-37,-25.17,117,-30,-20.41,100,160,1399-11-26
721,وسمازن,س.سهام عدالت استان مازندران,15,500092,480088320,970,960,960,-10,-1.03,970,0,0.0,960,960,1399-11-26
722,اراد65,مرابحه عام دولتي65-ش.خ0210,15,2610000,2420566200000,927360,927420,927420,60,0.01,927420,60,0.01,927420,927420,1399-11-26
723,كقزوي,شيشه‌ قزوين‌,15,25169,254685111,10325,10119,10119,-206,-2.0,10322,-3,-0.03,10119,10119,1399-11-26
724,اخزا813,اسنادخزانه-م13بودجه98-010219,15,8589,6733918421,795150,782726,786000,-9150,-1.15,784017,-11133,-1.4,782725,786000,1399-11-26
725,زعف0008پ08,زعفران0008نگين روستا(پ),14,12188,1521335141,124550,124101,125000,450,0.36,124822,272,0.22,124000,125000,1399-11-26
726,وحافظ,بيمه حافظ,14,14868,1059434208,72710,71256,71256,-1454,-2.0,72552,-158,-0.22,71256,71256,1399-11-26
727,سكارون,سيمان كارون,14,4223,748902597,180958,177339,177339,-3619,-2.0,180819,-139,-0.08,177339,177339,1399-11-26
728,زعف0008پ12,زعفران0008پوشالمعمول سحرخيز(پ),13,2947,244603947,81271,83001,83001,1730,2.13,83001,1730,2.13,83001,83001,1399-11-26
729,پست0008پ08,پسته فندقي32-30مه ولات0008(پ),13,720,957526296,1393349,1390000,1324446,-68903,-4.95,1329898,-63451,-4.55,1324446,1390000,1399-11-26
730,نگين,ص.س. زمين و ساختمان نگين شهرري,13,1582,75609700,47540,47980,47540,0,0.0,47790,250,0.53,47530,47980,1399-11-26
731,وسگيلا,شركت س استان گيلان,13,460534,363821860,800,790,790,-10,-1.25,800,0,0.0,790,790,1399-11-26
732,كيسون,شركت كيسون,13,214434,3105647622,14778,14483,14483,-295,-2.0,14747,-31,-0.21,14483,14483,1399-11-26
733,ضملي3004,اختيارخ فملي-14000-1400/03/02,13,189,165296000,400,700,1000,600,150.0,875,475,118.75,700,1000,1399-11-26
734,سايرا,ايرانيت‌,13,83104,3862757024,48417,46481,46481,-1936,-4.0,47631,-786,-1.62,46481,46481,1399-11-26
735,ضجار2002,اختيارخ وتجارت-2500-1400/02/22,12,278,205251000,759,799,650,-109,-14.36,738,-21,-2.77,612,799,1399-11-26
736,اخزا812,اسنادخزانه-م12بودجه98-001111,11,8175,6771629248,836175,832000,828000,-8175,-0.98,828334,-7841,-0.94,825863,832000,1399-11-26
737,تملي709,تسهيلات مسكن ب. ملي-آذر97,11,151,86578352,594428,564706,624149,29721,5.0,573367,-21061,-3.54,564706,624149,1399-11-26
738,ضملت1124,اختيارخ وبملت-3500-1399/11/28,10,194,87250000,747,700,390,-357,-47.79,450,-297,-39.76,390,700,1399-11-26
739,وبيمهح,ح . سرمايه‌ گذاري‌ صنعت‌ بيمه‌,10,59100,98520000,1680,1680,1650,-30,-1.79,1670,-10,-0.6,1650,1680,1399-11-26
740,پست0008پ04,پسته فندقي32-30سبزدانه0008(پ),10,969,1289872380,1396580,1340001,1324446,-72134,-5.17,1331138,-65442,-4.69,1324446,1340002,1399-11-26
741,زير0003پ01,زيره سبز0003كيميابذر(پ),9,369,197641270,553466,539999,497415,-56051,-10.13,535613,-17853,-3.23,497415,547998,1399-11-26
742,ثاژن,سخت آژند,8,21798,227919888,10669,10456,10456,-213,-2.0,10664,-5,-0.05,10456,10456,1399-11-26
743,اخزا816,اسنادخزانه-م16بودجه98-010503,8,3811,2868006014,760269,751192,751621,-8648,-1.14,752560,-7709,-1.01,751192,753000,1399-11-26
744,سجامح,ح.مجتمع سيمان غرب آسيا,8,27172,81325796,3054,2993,2993,-61,-2.0,2993,-61,-2.0,2993,2993,1399-11-26
745,ولراز,ليزينگ رازي,8,1438,82262228,58373,57206,57206,-1167,-2.0,58368,-5,-0.01,57206,57206,1399-11-26
746,لخانهح,ح.لوازم‌ خانگي‌ پارس‌,8,9587,221459700,23571,23100,23100,-471,-2.0,23100,-471,-2.0,23100,23100,1399-11-26
747,وساشرقي,شركت س استان آذربايجان شرقي,8,107453,103154880,970,960,960,-10,-1.03,970,0,0.0,960,960,1399-11-26
748,تشتاد,صنايع توليدي اشتاد ايران‌,8,9140,141989900,15852,15535,15535,-317,-2.0,15850,-2,-0.01,15535,15535,1399-11-26
749,آگاس2,صندوق س.هستي بخش آگاه-س,8,1100000,1100000,68767,1,1,-68766,-100.0,1,-68766,-100.0,1,1,1399-11-26
750,ضملي3003,اختيارخ فملي-12000-1400/03/02,7,64,149536000,1978,2500,2339,361,18.25,2336,358,18.1,1900,2500,1399-11-26
751,آبين,كشت و صنعت آبشيرين,7,11230,47525360,4318,4232,4232,-86,-1.99,4318,0,0.0,4232,4232,1399-11-26
752,كابگن,توليدي و صنعتي آبگينه‌,7,26105,134023070,5084,5134,5134,50,0.98,5085,1,0.02,5134,5134,1399-11-26
753,سنفت2991,سلف نفت خام سبك داخلي2991,7,1213220,997655070400,882171,822320,822320,-59851,-6.78,822320,-59851,-6.78,822320,822320,1399-11-26
754,قجام,فرآوردههاي غذايي وقندتربت‌جام‌,7,6803,112392363,16858,16521,16521,-337,-2.0,16854,-4,-0.02,16521,16521,1399-11-26
755,شستا004,اجاره تامين اجتماعي-نوين000523,6,50021,49320719250,1002900,990000,982850,-20050,-2.0,986000,-16900,-1.69,982850,990000,1399-11-26
756,ضغدر3003,اختيارخ وغدير-9200-1400/03/26,6,151,412409000,3591,2700,2950,-641,-17.85,2731,-860,-23.95,2500,2950,1399-11-26
757,ضسپا1104,اختيارخ خساپا-3000-1399/11/26,6,202,202000,1,1,1,0,0.0,1,0,0.0,1,1,1399-11-26
758,پست0008پ09,پسته بادامي30-28مه ولات0008(پ),6,200,274000000,1363586,1370000,1370000,6414,0.47,1370000,6414,0.47,1370000,1370000,1399-11-26
759,شستا991,اجاره تامين اجتماعي-امين991226,6,278,272440550,994737,980001,980003,-14734,-1.48,980002,-14735,-1.48,980001,980007,1399-11-26
760,سلار,شركت سيمان لارستان,6,1757,110246479,64027,62747,62747,-1280,-2.0,64020,-7,-0.01,62747,62747,1399-11-26
761,ضملت3002,اختيارخ وبملت-4000-1400/03/19,6,142,111618000,780,700,789,9,1.15,786,6,0.77,700,790,1399-11-26
762,تملي702,تسهيلات مسكن ب. ملي-ارديبهشت97,5,44,27389413,653686,621001,621001,-32685,-5.0,622487,-31199,-4.77,621001,686370,1399-11-26
763,ضجار2000,اختيارخ وتجارت-1800-1400/02/22,5,17,23690000,1187,1440,1250,63,5.31,1394,207,17.44,1250,1450,1399-11-26
764,بذر2,صندوق س بذر اميد آفرين-سهام,5,480000,480000,101850,1,1,-101849,-100.0,1,-101849,-100.0,1,1,1399-11-26
765,اخزا720,اسنادخزانه-م20بودجه97-000324,5,100,93847198,939558,937500,943000,3442,0.37,938472,-1086,-0.12,935298,944000,1399-11-26
766,سپرمي,پرميت‌,5,41059,352409397,8499,8583,8583,84,0.99,8505,6,0.07,8583,8583,1399-11-26
767,ضملي3000,اختيارخ فملي-8000-1400/03/02,5,6,29900000,4886,4900,5000,114,2.33,4983,97,1.99,4900,5000,1399-11-26
768,ضصاد3003,اختيارخ وبصادر-3000-1400/03/12,5,33,12706000,438,450,400,-38,-8.68,385,-53,-12.1,303,450,1399-11-26
769,ضمخا2001,اختيارخ اخابر-10000-1400/02/29,5,82,163675000,1996,1999,2000,4,0.2,1996,0,0.0,1755,2000,1399-11-26
770,اخزا906,اسنادخزانه-م6بودجه99-020321,5,1020,708701045,683015,694799,691998,8983,1.32,694805,11790,1.73,691998,695000,1399-11-26
771,ضفلا3005,اختيارخ فولاد-14000-1400/03/19,5,22,29999000,1253,1399,1400,147,11.73,1364,111,8.86,1000,1400,1399-11-26
772,ضخود2010,اختيارخ خودرو-4500-1400/02/08,4,159,15376000,87,100,91,4,4.6,97,10,11.49,91,100,1399-11-26
773,فسديد,لوله‌وتجهيزات‌ سديد - ورشكسته,4,678,79764666,118835,117647,117647,-1188,-1.0,118816,-19,-0.02,117647,117647,1399-11-26
774,اخزا722,اسنادخزانه-م22بودجه97-000428,4,40159,36946302000,923776,920000,922200,-1576,-0.17,920001,-3775,-0.41,920000,922200,1399-11-26
775,وسخراج,شركت س استان خراسان جنوبي,4,14705,32056900,2220,2180,2180,-40,-1.8,2220,0,0.0,2180,2180,1399-11-26
776,ضپنا2003,اختيارخ رمپنا-16000-1400/02/12,4,60,211970000,3499,3699,3300,-199,-5.69,3533,34,0.97,3300,3699,1399-11-26
777,زعف0008پ19,زعفران0008نگين تروند قاينات(پ),4,10300,1277200000,123979,124000,124000,21,0.02,124000,21,0.02,124000,124000,1399-11-26
778,ضملي3002,اختيارخ فملي-10000-1400/03/02,4,61,208022000,3018,3200,3700,682,22.6,3410,392,12.99,3002,3700,1399-11-26
779,تفيرو,مهندسي فيروزا,4,2488,49431584,19104,19868,19868,764,4.0,19108,4,0.02,19868,19868,1399-11-26
780,ضغدر1121,اختيارخ وغدير-14000-1399/11/26,4,25,70000,2,1,4,2,100.0,3,1,50.0,1,4,1399-11-26
781,تملي703,تسهيلات مسكن ب. ملي-خرداد97,4,26,12274990,496964,472115,472115,-24849,-5.0,472115,-24849,-5.0,472115,472115,1399-11-26
782,ضملي3001,اختيارخ فملي-9000-1400/03/02,4,7,24123000,3200,3600,3660,460,14.38,3446,246,7.69,3201,3660,1399-11-26
783,هصيكو402,اختيارف ت تاصيكو13500-00/02/20,4,66000,159258000,2899,2413,2413,-486,-16.76,2413,-486,-16.76,2413,2413,1399-11-26
784,ضملت3000,اختيارخ وبملت-3000-1400/03/19,4,30,44772000,1281,1222,1550,269,21.0,1492,211,16.47,1200,1550,1399-11-26
785,اطلس2,صندوق س.توسعه اندوخته آينده-س,3,30000,30000,210307,1,1,-210306,-100.0,1,-210306,-100.0,1,1,1399-11-26
786,ساذري,آذريت‌,3,130,779350,5821,5995,5995,174,2.99,5821,0,0.0,5995,5995,1399-11-26
787,وسقم,شركت س استان قم,3,30849,42880110,1410,1390,1390,-20,-1.42,1410,0,0.0,1390,1390,1399-11-26
788,ضپنا2001,اختيارخ رمپنا-12000-1400/02/12,3,31,210564000,7100,7000,6564,-536,-7.55,6792,-308,-4.34,6564,7000,1399-11-26
789,خاتم2,صندوق س خاتم ايساتيس پويا-ثابت,3,3000000,3000000,10535,1,1,-10534,-99.99,1,-10534,-99.99,1,1,1399-11-26
790,صبا1401,اجاره مهندسي صبا نفت14010225,3,472,466595600,988550,988550,988550,0,0.0,988550,0,0.0,988550,988550,1399-11-26
791,دحاوي,الحاوي,3,2294,27615172,12283,12038,12038,-245,-1.99,12283,0,0.0,12038,12038,1399-11-26
792,ضصاد3001,اختيارخ وبصادر-2000-1400/03/12,3,190,146600000,960,701,850,-110,-11.46,772,-188,-19.58,701,850,1399-11-26
793,زعف0008پ18,زعفران0008نگين بهرامن(پ),3,8050,1006350000,125310,125000,127000,1690,1.35,125012,-298,-0.24,125000,127000,1399-11-26
794,ضغدر1126,اختيارخ وغدير-6000-1399/11/26,3,5,29700000,5910,6000,5900,-10,-0.17,5940,30,0.51,5900,6000,1399-11-26
795,ضپاس2003,اختيارخ وپارس-3500-1400/02/29,3,162,60560000,499,500,330,-169,-33.87,374,-125,-25.05,330,500,1399-11-26
796,وسصفا,شركت س استان اصفهان,3,14678,15411900,1070,1050,1050,-20,-1.87,1070,0,0.0,1050,1050,1399-11-26
797,شرق1400,مشاركت ليزينگ ايران وشرق140010,3,20,20200000,1009994,1010000,1010000,6,0.0,1010000,6,0.0,1010000,1010000,1399-11-26
798,زير0003پ04,زيره سبز0003شركت مينوبذر(پ),3,1100,547156500,502644,497415,497415,-5229,-1.04,497415,-5229,-1.04,497415,497415,1399-11-26
799,وسمركز,شركت س استان مركزي,3,28112,38794560,1400,1380,1380,-20,-1.43,1400,0,0.0,1380,1380,1399-11-26
800,وسيستا,شركت س استان سيستان وبلوچستان,3,20420,15519200,770,760,760,-10,-1.3,770,0,0.0,760,760,1399-11-26
801,اخزا716,اسنادخزانه-م16بودجه97-000407,2,13790,12820850154,915181,929714,930000,14819,1.62,929721,14540,1.59,929714,930000,1399-11-26
802,شستا992,اجاره تامين اجتماعي-سپهر991226,2,20,19950000,1000000,990000,1000000,0,0.0,997500,-2500,-0.25,990000,1000000,1399-11-26
803,دمعيار2,صندوق س. توازن معيار-د,2,12000000,12000000,10125,1,1,-10124,-99.99,1,-10124,-99.99,1,1,1399-11-26
804,ضغدر1128,اختيارخ وغدير-8000-1399/11/26,2,10,39010000,3670,3910,3900,230,6.27,3901,231,6.29,3900,3910,1399-11-26
805,ضفلا1151,اختيارخ فولاد-8000-1399/11/28,2,3,12681000,4625,4225,4231,-394,-8.52,4227,-398,-8.61,4225,4231,1399-11-26
806,تملي712,تسهيلات مسكن ب. ملي-اسفند97,2,17,13028528,806721,766384,766384,-40337,-5.0,766384,-40337,-5.0,766384,766384,1399-11-26
807,ضملت3003,اختيارخ وبملت-4500-1400/03/19,2,100,40000000,392,400,400,8,2.04,400,8,2.04,400,400,1399-11-26
808,حريل02,اجاره ريل پردازسير021212,2,10,9827005,982700,982700,982701,1,0.0,982700,0,0.0,982700,982701,1399-11-26
809,مبين012,اجاره اعتماد مبين تمدن010710,2,56,53144000,949000,936000,962000,13000,1.37,949000,0,0.0,936000,962000,1399-11-26
810,تملي802,تسهيلات مسكن ب. ملي-ارديبهشت98,2,8,6065648,798112,758206,758206,-39906,-5.0,758206,-39906,-5.0,758206,758206,1399-11-26
811,حكمت01,مشاركت حكمت ايرانيان 140107,2,125,123750000,1100000,990000,990000,-110000,-10.0,990000,-110000,-10.0,990000,990000,1399-11-26
812,اوصتا4,صندوق انديشه ورزان صباتامين -د,2,105400000,1886238400000,17891,17896,17896,5,0.03,17896,5,0.03,17896,17896,1399-11-26
813,اراد504,مرابحه عام دولت5-ش.خ0302,2,1620000,1620000000000,1000000,1000000,1000000,0,0.0,1000000,0,0.0,1000000,1000000,1399-11-26
814,ضفلا1156,اختيارخ فولاد-16000-1399/11/28,2,200,200000,1,1,1,0,0.0,1,0,0.0,1,1,1399-11-26
815,صگل1411,ص اجاره گل گهر 1411-3 ماهه 17%,2,55,52530500,980000,955010,956000,-24000,-2.45,955100,-24900,-2.54,955010,956000,1399-11-26
816,اخزا713,اسنادخزانه-م13بودجه97-000518,2,2723,2475371958,911686,908946,909102,-2584,-0.28,909061,-2625,-0.29,908946,909102,1399-11-26
817,شسم,توليد سموم‌ علف‌ كش,2,1254,112843698,88223,89987,89987,1764,2.0,88243,20,0.02,89987,89987,1399-11-26
818,تملي705,تسهيلات مسكن ب. ملي-مرداد97,2,23,11384241,521018,494967,494967,-26051,-5.0,494967,-26051,-5.0,494967,494967,1399-11-26
819,اخزا810,اسنادخزانه-م10بودجه98-001006,2,150,126301266,849349,845501,841985,-7364,-0.87,842008,-7341,-0.86,841985,845501,1399-11-26
820,ضپنا2002,اختيارخ رمپنا-14000-1400/02/12,2,30,150000000,4500,6000,4500,0,0.0,5000,500,11.11,4500,6000,1399-11-26
821,كمند2,صندوق س. با درآمد ثابت كمند,2,135000000,135000000,10055,1,1,-10054,-99.99,1,-10054,-99.99,1,1,1399-11-26
822,سميعا002,سلف موازي استاندارد سميعا002,1,15000,19156110000,1272457,1277074,1277074,4617,0.36,1277074,4617,0.36,1277074,1277074,1399-11-26
823,ضفار3000,اختيارخ فارس-8000-1400/03/05,1,3,9000000,2097,3000,3000,903,43.06,3000,903,43.06,3000,3000,1399-11-26
824,وبملت2,بانك ملت,1,20000000,83600000000,4260,4180,4180,-80,-1.88,4180,-80,-1.88,4180,4180,1399-11-26
825,ضملت3001,اختيارخ وبملت-3500-1400/03/19,1,15,16200000,900,1080,1080,180,20.0,1080,180,20.0,1080,1080,1399-11-26
826,وگردش2,بانك گردشگري,1,30000000,554070000000,18845,18469,18469,-376,-2.0,18469,-376,-2.0,18469,18469,1399-11-26
827,رايان106,مشاركت رايان سايپا-3ماهه16%,1,10,9558340,946370,955834,955834,9464,1.0,955834,9464,1.0,955834,955834,1399-11-26
828,تملي707,تسهيلات مسكن ب. ملي-مهر97,1,10,7294840,767878,729484,729484,-38394,-5.0,729484,-38394,-5.0,729484,729484,1399-11-26
829,پااسفند,بار پايه اسفند,1,26100,9657000,370,370,370,0,0.0,370,0,0.0,370,370,1399-11-26
830,اراد60,مرابحه عام دولتي6-ش.خ0210,1,1000,929000000,927000,929000,929000,2000,0.22,929000,2000,0.22,929000,929000,1399-11-26
831,ضمخا7067,اختيارخ اخابر-14000-1400/07/28,1,2,2002000,3300,1001,1001,-2299,-69.67,1001,-2299,-69.67,1001,1001,1399-11-26
832,شستا0042,اجاره تامين اجتماعي-نوين000523,1,300000,295800000000,1002900,986000,986000,-16900,-1.69,986000,-16900,-1.69,986000,986000,1399-11-26
833,ضصاد3004,اختيارخ وبصادر-3500-1400/03/12,1,1,222000,1117,222,222,-895,-80.13,222,-895,-80.13,222,222,1399-11-26
834,صمسكن912,ص دين مسكن جنوب-ماهانه16درصد,1,457,23018176,50368,50368,50368,0,0.0,50368,0,0.0,50368,50368,1399-11-26
835,ضخود2012,اختيارخ خودرو-6000-1400/02/08,1,10,500000,32,50,50,18,56.25,50,18,56.25,50,50,1399-11-26
836,افاد614,منفعت دولت6-ش.خاص140109,1,765400,765400000000,979000,1000000,1000000,21000,2.15,1000000,21000,2.15,1000000,1000000,1399-11-26
837,زكوثر2,سرمايه گذاري كشاورزي كوثر,1,25740000,565507800000,22240,21970,21970,-270,-1.21,21970,-270,-1.21,21970,21970,1399-11-26
838,اراد444,مرابحه عام دولت4-ش.خ 0007,1,2000000,1921640000000,1050000,960820,960820,-89180,-8.49,960820,-89180,-8.49,960820,960820,1399-11-26
839,غيوان,كيوان,1,650,10168600,15338,15644,15644,306,2.0,15339,1,0.01,15644,15644,1399-11-26
840,سرو2,صندوق س سروسودمند مدبران-سهام,1,700000,700000,69880,1,1,-69879,-100.0,1,-69879,-100.0,1,1,1399-11-26
841,شستا993,اجاره ت.اجتماعي-كاردان991226,1,10,9853200,996787,985320,985320,-11467,-1.15,985320,-11467,-1.15,985320,985320,1399-11-26
842,اشاد14,مشاركت دولتي1-شرايط خاص001026,1,1000000,989000000000,1000000,989000,989000,-11000,-1.1,989000,-11000,-1.1,989000,989000,1399-11-26
843,مشير112,مشاركت شهرداري شيراز-3ماهه18%,1,350,346500000,990000,990000,990000,0,0.0,990000,0,0.0,990000,990000,1399-11-26
844,ضپاس2005,اختيارخ وپارس-4500-1400/02/29,1,11,1650000,348,150,150,-198,-56.9,150,-198,-56.9,150,150,1399-11-26
845,پا ر 33,بار پايه روز 33,1,45000,16875000,380,375,375,-5,-1.32,375,-5,-1.32,375,375,1399-11-26
846,تسه99102,امتياز تسهيلات مسكن دي99,1,75,750,622140,10,10,-622130,-100.0,10,-622130,-100.0,10,10,1399-11-26
847,تسه98102,امتياز تسهيلات مسكن دي98,1,98,980,614673,10,10,-614663,-100.0,10,-614663,-100.0,10,10,1399-11-26
848,ونيكي2,سرمايه‌گذاري‌ ملي‌ايران‌,1,8000000,96800000000,11700,12100,12100,400,3.42,12100,400,3.42,12100,12100,1399-11-26
849,تملي806,تسهيلات مسكن ب. ملي-شهريور98,1,8,5280768,694838,660096,660096,-34742,-5.0,660096,-34742,-5.0,660096,660096,1399-11-26
850,رطب0002پ01,رطب مضافتي0002افشارتعاون بم(پ),1,25,4885250,205686,195410,195410,-10276,-5.0,195410,-10276,-5.0,195410,195410,1399-11-26
851,اراد384,مرابحه عام دولت3-ش.خ 0105,1,2000000,1925900000000,1013727,962950,962950,-50777,-5.01,962950,-50777,-5.01,962950,962950,1399-11-26
852,ضمخا7075,اختيارخ اخابر-9000-1400/07/28,1,1,4000000,7500,4000,4000,-3500,-46.67,4000,-3500,-46.67,4000,4000,1399-11-26
853,اراد604,مرابحه عام دولتي6-ش.خ0210,1,3300000,3011877000000,927000,912690,912690,-14310,-1.54,912690,-14310,-1.54,912690,912690,1399-11-26
854,مكرج112,مشاركت شهرداري كرج-3ماهه18%,1,5000,4800000000,960000,960000,960000,0,0.0,960000,0,0.0,960000,960000,1399-11-26
855,شستا994,اجاره تامين اجتماعي-نوين991226,1,30,29550210,1000000,985007,985007,-14993,-1.5,985007,-14993,-1.5,985007,985007,1399-11-26
856,زعف0008پ15,زعفران0008پوشالمعمول طلاسرخ(پ),1,10000,830000000,82103,83000,83000,897,1.09,83000,897,1.09,83000,83000,1399-11-26
857,ضجار2001,اختيارخ وتجارت-2000-1400/02/22,1,10,9800000,1125,980,980,-145,-12.89,980,-145,-12.89,980,980,1399-11-26
858,تملي803,تسهيلات مسكن ب. ملي-خرداد98,1,54,27423468,534571,507842,507842,-26729,-5.0,507842,-26729,-5.0,507842,507842,1399-11-26
859,كشم0001پ01,كشمش سبز0001خليل آباد(پ),1,7,4813935,723900,687705,687705,-36195,-5.0,687705,-36195,-5.0,687705,687705,1399-11-26
860,ضپيك2008,اختيارخ تاپيكو-9000-00/02/19,1,35,157465000,4487,4499,4499,12,0.27,4499,12,0.27,4499,4499,1399-11-26
861,ودي2,بيمه  دي,1,24900000,564931200000,22812,22688,22688,-124,-0.54,22688,-124,-0.54,22688,22688,1399-11-26
862,مصفها203,مشاركت ش اصفهان203-3ماهه18%,1,500,482500000,955000,965000,965000,10000,1.05,965000,10000,1.05,965000,965000,1399-11-26
863,تسه99022,امتياز تسهيلات مسكن ارديبهشت99,1,27,270,622764,10,10,-622754,-100.0,10,-622754,-100.0,10,10,1399-11-26
864,اراد22,مرابحه عام دولت2-ش.خ لوتوس0212,1,3000,2820000000,951000,940000,940000,-11000,-1.16,940000,-11000,-1.16,940000,940000,1399-11-26
865,اراد70,مرابحه عام دولت70-ش.خ0112,1,200000,188598000000,941720,942990,942990,1270,0.13,942990,1270,0.13,942990,942990,1399-11-26
866,صپااسفند,بار پايه صنعتي اسفند,1,11000,3960000,310,360,360,50,16.13,360,50,16.13,360,360,1399-11-26
867,اراد404,مرابحه عام دولت4-ش.خ 0207,1,7000000,6580000000000,999000,940000,940000,-59000,-5.91,940000,-59000,-5.91,940000,940000,1399-11-26
868,ضخود2013,اختيارخ خودرو-7000-1400/02/08,1,1,32000,22,32,32,10,45.45,32,10,45.45,32,32,1399-11-26
869,اراد534,مرابحه عام دولت5-ش.خ 0207,1,322165,302480718500,958293,938900,938900,-19393,-2.02,938900,-19393,-2.02,938900,938900,1399-11-26
870,افاد61,منفعت دولت6-ش.خاص140109,1,1000,1000000000,979000,1000000,1000000,21000,2.15,1000000,21000,2.15,1000000,1000000,1399-11-26
871,اراد494,مرابحه عام دولت4-ش.خ 0206,1,4792000,4511668000000,983405,941500,941500,-41905,-4.26,941500,-41905,-4.26,941500,941500,1399-11-26
